1.000000000 0.000000000 0.000000000 0.000000000 0.000000000 1.000000000 0.000000000 0.000000000 0.000000000 0.000000000 1.000000000 0.000000000
1.000000000 0.000022688 -0.000021277 0.000444024 -0.000022689 1.000000000 -0.000038032 0.000772561 0.000021276 0.000038033 1.000000000 0.000389112
1.000000000 -0.000000051 0.000044741 -0.000089114 0.000000049 1.000000000 0.000043010 0.000027386 -0.000044741 -0.000043010 1.000000000 0.000100711
1.000000000 -0.000081557 0.000022945 0.000111329 0.000081557 1.000000000 -0.000026970 0.000740492 -0.000022943 0.000026972 1.000000000 0.000022821
1.000000000 -0.000099021 0.000045135 -0.000190152 0.000099020 1.000000000 0.000021312 -0.000130599 -0.000045138 -0.000021308 1.000000000 -0.000653632
1.000000000 0.000027104 0.000119595 -0.000472236 -0.000027101 1.000000000 -0.000028290 0.000830006 -0.000119596 0.000028286 1.000000000 0.000064777
1.000000000 -0.000101313 0.000075835 0.000149862 0.000101313 1.000000000 -0.000002806 0.000476038 -0.000075835 0.000002814 1.000000000 0.000235164
1.000000000 -0.000003789 0.000056798 -0.000437660 0.000003784 1.000000000 0.000092520 -0.000102988 -0.000056798 -0.000092520 1.000000000 -0.000100525
1.000000000 -0.000012861 -0.000005129 -0.000738577 0.000012861 1.000000000 -0.000061929 -0.000166122 0.000005130 0.000061929 1.000000000 -0.001094379
1.000000000 -0.000046214 0.000080987 -0.000088753 0.000046211 1.000000000 0.000040928 -0.000724890 -0.000080989 -0.000040925 1.000000000 -0.000410946
1.000000000 0.000072026 0.000053061 -0.000834144 -0.000072029 1.000000000 0.000056691 -0.000900452 -0.000053056 -0.000056695 1.000000000 -0.000636318
1.000000000 -0.000041455 0.000069770 -0.000959502 0.000041452 1.000000000 0.000033616 -0.000395456 -0.000069772 -0.000033614 1.000000000 -0.000938476
1.000000000 0.000052315 0.000033671 -0.000812516 -0.000052313 1.000000000 -0.000075657 -0.000338564 -0.000033675 0.000075655 1.000000000 -0.001540468
1.000000000 0.000042950 0.000069556 -0.000992780 -0.000042948 1.000000000 -0.000028481 0.000497367 -0.000069557 0.000028478 1.000000000 0.000294791
1.000000000 0.000034365 0.000050719 -0.001010264 -0.000034359 1.000000000 -0.000121971 0.001340044 -0.000050723 0.000121969 1.000000000 0.000963561
1.000000000 0.000001812 -0.000034058 0.000324737 -0.000001815 1.000000000 -0.000082401 0.001313014 0.000034058 0.000082401 1.000000000 0.001323558
1.000000000 0.000104056 0.000112233 -0.001057108 -0.000104038 1.000000000 -0.000159361 0.002323104 -0.000112249 0.000159349 1.000000000 0.002542225
1.000000000 0.000169111 0.000089511 -0.001389436 -0.000169096 1.000000000 -0.000166207 0.001922195 -0.000089539 0.000166192 1.000000000 0.001652918
0.999999940 0.000188343 0.000157824 -0.001550769 -0.000188327 1.000000000 -0.000100844 0.001954142 -0.000157843 0.000100814 1.000000000 0.002277969
1.000000000 0.000091337 0.000150083 -0.001393462 -0.000091324 1.000000000 -0.000092131 0.000982077 -0.000150092 0.000092117 1.000000000 0.001281385
1.000000000 0.000026802 0.000075571 -0.001057682 -0.000026800 1.000000000 -0.000026137 0.000309396 -0.000075571 0.000026135 1.000000000 0.000700785
1.000000000 0.000141917 0.000056013 -0.000768325 -0.000141916 1.000000000 -0.000018731 0.001269442 -0.000056016 0.000018723 1.000000000 0.000863886
1.000000000 0.000106137 0.000016629 -0.000651674 -0.000106136 1.000000000 -0.000082533 0.001353914 -0.000016637 0.000082532 1.000000000 0.002140960
1.000000000 0.000106594 0.000085837 -0.001224851 -0.000106588 1.000000000 -0.000071700 0.001698248 -0.000085844 0.000071691 1.000000000 0.002474177
0.999999940 0.000336899 0.000045481 -0.001146466 -0.000336896 0.999999940 -0.000059251 0.002312631 -0.000045501 0.000059236 1.000000000 0.003659333
0.999999940 0.000238260 0.000106142 -0.001519081 -0.000238253 0.999999940 -0.000065249 0.002204142 -0.000106158 0.000065224 1.000000000 0.001894725
1.000000000 0.000052237 0.000105309 -0.000500710 -0.000052229 1.000000000 -0.000071060 0.002436548 -0.000105313 0.000071055 1.000000000 0.002969571
1.000000000 0.000116146 0.000181537 -0.001776462 -0.000116140 1.000000000 -0.000030874 0.001527516 -0.000181540 0.000030852 1.000000000 0.002315420
1.000000000 0.000150909 0.000077504 -0.001313316 -0.000150904 1.000000000 -0.000071113 0.002239388 -0.000077514 0.000071102 1.000000000 0.002179161
1.000000000 0.000043974 0.000088830 -0.001575471 -0.000043967 1.000000000 -0.000083551 0.001120975 -0.000088834 0.000083547 1.000000000 0.001634222
1.000000000 0.000128288 0.000197264 -0.001903989 -0.000128286 1.000000000 -0.000010666 0.000962818 -0.000197265 0.000010641 1.000000000 0.001919164
1.000000000 0.000107840 0.000192017 -0.001425960 -0.000107827 1.000000000 -0.000071496 0.002183718 -0.000192024 0.000071475 1.000000000 0.003736107
1.000000000 0.000206756 0.000098584 -0.000893244 -0.000206735 0.999999940 -0.000211718 0.003331127 -0.000098628 0.000211698 1.000000000 0.003801480
1.000000000 0.000110607 0.000123290 -0.000846790 -0.000110596 1.000000000 -0.000086149 0.001589188 -0.000123300 0.000086135 1.000000000 0.001876067
0.999999940 0.000204301 0.000184751 -0.002502073 -0.000204273 0.999999940 -0.000152674 0.002101008 -0.000184783 0.000152636 1.000000000 0.002562722
0.999999940 0.000179016 0.000182024 -0.001723367 -0.000179001 1.000000000 -0.000085283 0.001078633 -0.000182040 0.000085250 1.000000000 0.001561711
1.000000000 0.000094900 0.000045613 -0.001945838 -0.000094901 1.000000000 0.000029154 0.000525421 -0.000045611 -0.000029159 1.000000000 0.000382375
1.000000000 0.000137208 0.000083752 -0.001434346 -0.000137205 1.000000000 -0.000034646 0.001906097 -0.000083757 0.000034635 1.000000000 0.002282257
0.999999940 0.000208081 0.000188878 -0.001996297 -0.000208067 1.000000000 -0.000075509 0.001900749 -0.000188894 0.000075470 1.000000000 0.001811111
0.999999940 0.000209627 0.000125687 -0.000929300 -0.000209615 1.000000000 -0.000102141 0.002932270 -0.000125709 0.000102115 1.000000000 0.003218364
1.000000000 0.000005988 0.000065026 0.000316532 -0.000005982 1.000000000 -0.000098267 0.000879911 -0.000065027 0.000098266 1.000000000 0.002609311
0.999999762 0.000528599 0.000144878 0.000007888 -0.000528508 0.999999583 -0.000623201 -0.001671441 -0.000145207 0.000623125 0.999999821 0.052727267
0.999999821 0.000486537 0.000205959 0.001257389 -0.000486280 0.999999046 -0.001243150 -0.002411637 -0.000206563 0.001243050 0.999999225 0.142374277
0.999999881 0.000275051 -0.000148798 0.005003148 -0.000275145 0.999999762 -0.000627591 -0.016916884 0.000148625 0.000627632 0.999999821 0.238510638
0.999999940 0.000279124 -0.000120540 0.008024204 -0.000279198 0.999999762 -0.000611234 -0.019576937 0.000120370 0.000611267 0.999999821 0.371115148
0.999999881 0.000338961 -0.000117509 0.009032719 -0.000339008 0.999999821 -0.000402711 -0.022597408 0.000117373 0.000402750 0.999999940 0.516217828
0.999999881 0.000405707 -0.000221595 0.014602332 -0.000405764 0.999999881 -0.000261096 -0.030741075 0.000221489 0.000261186 0.999999940 0.671205878
0.999999940 0.000184713 -0.000219931 0.021145573 -0.000184735 1.000000000 -0.000102977 -0.034252379 0.000219912 0.000103018 1.000000000 0.832878768
0.999999642 0.000857519 -0.000030007 0.016461637 -0.000857533 0.999999464 -0.000482250 -0.032676481 0.000029593 0.000482275 0.999999881 1.002904654
0.999999523 0.001012309 -0.000117221 0.021242503 -0.001012345 0.999999404 -0.000311982 -0.038202565 0.000116905 0.000312101 0.999999940 1.178098202
0.999998927 0.001442139 0.000144302 0.027921880 -0.001442121 0.999998868 -0.000123791 -0.041778825 -0.000144481 0.000123583 1.000000000 1.368692160
0.999998689 0.001620174 0.000008610 0.032886419 -0.001620173 0.999998689 -0.000154612 -0.046285860 -0.000008861 0.000154598 0.999999940 1.558553338
0.999999881 0.000392174 0.000331948 0.027108563 -0.000392321 0.999999821 0.000442056 -0.059256580 -0.000331775 -0.000442187 0.999999762 1.755972147
0.999999762 0.000551764 0.000536258 0.027870154 -0.000552251 0.999999464 0.000909194 -0.069121465 -0.000535756 -0.000909490 0.999999344 1.951819420
0.999999404 0.001066176 0.000175391 0.041429963 -0.001066399 0.999998629 0.001276033 -0.078172155 -0.000174030 -0.001276219 0.999999166 2.147051334
0.999999166 0.001200135 0.000422845 0.039597508 -0.001200507 0.999998868 0.000881190 -0.076613240 -0.000421787 -0.000881697 0.999999464 2.366514683
0.999999523 0.001028703 0.000354483 0.048270211 -0.001028904 0.999999285 0.000566111 -0.082437560 -0.000353900 -0.000566475 0.999999762 2.580212593
0.999999702 0.000598796 0.000487363 0.048523750 -0.000599232 0.999999404 0.000895888 -0.089914232 -0.000486826 -0.000896180 0.999999464 2.809220552
0.999999583 0.000680784 0.000645061 0.051061660 -0.000681563 0.999998987 0.001209380 -0.096584529 -0.000644237 -0.001209819 0.999999046 3.043578386
0.999999046 0.001279641 0.000520753 0.054514263 -0.001280101 0.999998808 0.000882750 -0.103137530 -0.000519622 -0.000883415 0.999999404 3.299268723
0.999999046 0.001126667 0.000774093 0.059732970 -0.001127232 0.999999106 0.000729495 -0.103298500 -0.000773270 -0.000730367 0.999999464 3.550752163
0.999999285 0.001039853 0.000604842 0.068555243 -0.001040452 0.999998987 0.000990238 -0.118527748 -0.000603811 -0.000990867 0.999999344 3.803568125
0.999999285 0.000972764 0.000600472 0.071872726 -0.000973226 0.999999166 0.000769803 -0.118986152 -0.000599723 -0.000770387 0.999999523 4.064566612
0.999998093 0.001645774 0.001036829 0.066714622 -0.001647025 0.999997914 0.001206602 -0.128220022 -0.001034841 -0.001208307 0.999998748 4.315297127
0.999998152 0.001420385 0.001315150 0.068610147 -0.001422205 0.999997973 0.001383841 -0.136038750 -0.001313182 -0.001385709 0.999998212 4.574821472
0.999999046 0.000925833 0.001012373 0.082901798 -0.000926761 0.999999166 0.000916332 -0.137087628 -0.001011523 -0.000917270 0.999999046 4.826973438
0.999999166 0.001056345 0.000717825 0.092745945 -0.001057091 0.999998868 0.001039462 -0.142940432 -0.000716726 -0.001040220 0.999999166 5.089303970
0.999998093 0.001605808 0.001114785 0.095766895 -0.001607007 0.999998152 0.001076318 -0.159055144 -0.001113054 -0.001078108 0.999998808 5.330800056
0.999998033 0.001507588 0.001377785 0.095012978 -0.001509341 0.999998033 0.001272163 -0.165095195 -0.001375864 -0.001274240 0.999998152 5.614977837
0.999997616 0.001552894 0.001540817 0.092139363 -0.001555189 0.999997675 0.001489008 -0.174140677 -0.001538501 -0.001491401 0.999997675 5.879725933
0.999998152 0.001383220 0.001339728 0.104366504 -0.001384528 0.999998569 0.000975417 -0.177414849 -0.001338377 -0.000977270 0.999998629 6.159707069
0.999997616 0.001624497 0.001444401 0.109709434 -0.001626284 0.999997973 0.001236606 -0.184944153 -0.001442389 -0.001238952 0.999998212 6.444633961
0.999998152 0.001235634 0.001487385 0.108998269 -0.001237484 0.999998450 0.001243672 -0.195655763 -0.001485846 -0.001245510 0.999998033 6.727794170
0.999996543 0.002282164 0.001290409 0.124247551 -0.002283228 0.999997079 0.000823201 -0.194771990 -0.001288527 -0.000826144 0.999998748 7.039287090
0.999998510 0.001302592 0.001153032 0.128740758 -0.001304047 0.999998450 0.001261734 -0.212952793 -0.001151387 -0.001263236 0.999998510 7.333480358
0.999998271 0.001416026 0.001130680 0.136183277 -0.001417175 0.999998510 0.001015564 -0.223289475 -0.001129240 -0.001017164 0.999998868 7.625937939
0.999998212 0.001479757 0.001140178 0.145474851 -0.001480564 0.999998689 0.000706890 -0.225788817 -0.001139131 -0.000708577 0.999999106 7.949781418
0.999997914 0.001510786 0.001370701 0.146039039 -0.001512297 0.999998271 0.001101919 -0.239846617 -0.001369034 -0.001103990 0.999998391 8.259394646
0.999998808 0.001125751 0.001003684 0.155725136 -0.001126572 0.999999046 0.000817418 -0.244740352 -0.001002762 -0.000818547 0.999999166 8.578234673
0.999998093 0.001264719 0.001496549 0.161621645 -0.001266332 0.999998748 0.001077630 -0.254113764 -0.001495184 -0.001079523 0.999998271 8.914193153
0.999996960 0.001903905 0.001554342 0.166885480 -0.001905414 0.999997675 0.000969735 -0.266328156 -0.001552492 -0.000972694 0.999998271 9.258281708
0.999996185 0.002163913 0.001711437 0.172422051 -0.002165761 0.999997139 0.001078977 -0.278284371 -0.001709097 -0.001082679 0.999997914 9.596593857
0.999997020 0.002005492 0.001338436 0.182183325 -0.002007154 0.999997199 0.001241621 -0.288664758 -0.001335942 -0.001244304 0.999998331 9.953976631
0.999996960 0.002003061 0.001428035 0.184846073 -0.002004768 0.999997258 0.001194961 -0.298751116 -0.001425637 -0.001197821 0.999998271 10.314442635
0.999994934 0.002801344 0.001478838 0.190522090 -0.002803843 0.999994636 0.001690733 -0.317166239 -0.001474094 -0.001694871 0.999997497 10.660315514
0.999995828 0.002528056 0.001392603 0.198047504 -0.002530164 0.999995649 0.001514103 -0.326365530 -0.001388769 -0.001517620 0.999997914 11.019320488
0.999997795 0.001738645 0.001118906 0.214829266 -0.001740317 0.999997377 0.001495395 -0.332672954 -0.001116303 -0.001497338 0.999998212 11.408975601
0.999996543 0.002104598 0.001566373 0.220789045 -0.002107750 0.999995708 0.002012990 -0.347421944 -0.001562130 -0.002016285 0.999996722 11.782819748
0.999995530 0.002228133 0.001984211 0.226083845 -0.002232564 0.999995053 0.002233396 -0.359723866 -0.001979225 -0.002237816 0.999995530 12.169142723
0.999996960 0.001806765 0.001661938 0.240587443 -0.001810515 0.999995828 0.002257778 -0.371484101 -0.001657851 -0.002260781 0.999996006 12.567089081
0.999995947 0.001868036 0.002206850 0.238055617 -0.001873040 0.999995649 0.002267445 -0.384609848 -0.002202605 -0.002271569 0.999994934 12.948097229
0.999994636 0.002099516 0.002503092 0.245039999 -0.002104102 0.999996126 0.001831326 -0.392976880 -0.002499237 -0.001836583 0.999995172 13.343464851
0.999994636 0.002318933 0.002316530 0.260941923 -0.002324373 0.999994516 0.002348321 -0.410142601 -0.002311072 -0.002353693 0.999994516 13.743963242
0.999993205 0.002541548 0.002670750 0.261182964 -0.002547879 0.999994040 0.002369778 -0.416059971 -0.002664711 -0.002376566 0.999993622 14.154653549
0.999990642 0.002857407 0.003243387 0.266282290 -0.002864836 0.999993265 0.002288264 -0.431335151 -0.003236827 -0.002297535 0.999992132 14.556391716
0.999992192 0.002268082 0.003243788 0.275369704 -0.002275682 0.999994695 0.002340925 -0.442981452 -0.003238462 -0.002348288 0.999992013 14.992318153
0.999990404 0.002667419 0.003470669 0.288233906 -0.002676259 0.999993145 0.002545198 -0.459780782 -0.003463856 -0.002554461 0.999990761 15.420190811
0.999990463 0.002376515 0.003671578 0.301738083 -0.002386024 0.999993801 0.002587639 -0.476434618 -0.003665405 -0.002596375 0.999989927 15.865240097
0.999989152 0.002289879 0.004054475 0.316476583 -0.002297634 0.999995530 0.001908964 -0.479344517 -0.004050086 -0.001918259 0.999989927 16.320087433
0.999987364 0.002472977 0.004379408 0.325393438 -0.002480220 0.999995470 0.001649189 -0.489885569 -0.004375310 -0.001660030 0.999989092 16.769613266
0.999983549 0.003075208 0.004836300 0.329520613 -0.003088018 0.999991715 0.002643535 -0.513672709 -0.004828131 -0.002658427 0.999984801 17.209505081
0.999982476 0.003095842 0.005043478 0.332214594 -0.003115410 0.999987602 0.003876526 -0.543504238 -0.005031413 -0.003892171 0.999979794 17.664726257
0.999979973 0.003016246 0.005561115 0.345559835 -0.003033377 0.999990642 0.003074728 -0.549820006 -0.005551790 -0.003091536 0.999979854 18.133340836
0.999985337 0.003014135 0.004504935 0.374664843 -0.003027193 0.999991179 0.002894672 -0.552155018 -0.004496171 -0.002908267 0.999985576 18.609373093
0.999978721 0.003727371 0.005345122 0.380506694 -0.003741347 0.999989569 0.002607170 -0.560848475 -0.005335348 -0.002627113 0.999982297 19.074676514
0.999973416 0.004294727 0.005883059 0.384076834 -0.004311265 0.999986768 0.002801386 -0.572341323 -0.005870950 -0.002826675 0.999978781 19.541608810
0.999973714 0.004200326 0.005905503 0.396076590 -0.004219081 0.999986112 0.003166956 -0.588908851 -0.005892119 -0.003191789 0.999977529 20.026462555
0.999982059 0.003148423 0.005092392 0.424050629 -0.003162526 0.999991119 0.002763824 -0.598814964 -0.005083647 -0.002779879 0.999983191 20.505958557
0.999984682 0.003530672 0.004278463 0.435213745 -0.003543479 0.999989331 0.002989413 -0.614830732 -0.004267863 -0.003004528 0.999986410 21.005727768
0.999985218 0.003113122 0.004462709 0.436964393 -0.003127089 0.999990225 0.003126273 -0.624634743 -0.004452933 -0.003140182 0.999985158 21.527307510
0.999983788 0.003765363 0.004270454 0.451218307 -0.003775032 0.999990284 0.002258386 -0.637274742 -0.004261910 -0.002274470 0.999988317 22.019798279
0.999988079 0.003407649 0.003482149 0.474617004 -0.003416899 0.999990642 0.002653934 -0.648642182 -0.003473072 -0.002665801 0.999990404 22.527194977
0.999987066 0.003872648 0.003292400 0.478443861 -0.003880933 0.999989331 0.002513814 -0.672505736 -0.003282629 -0.002526559 0.999991417 23.053712845
0.999987304 0.004090201 0.002918480 0.484429836 -0.004097291 0.999988616 0.002427393 -0.683897913 -0.002908518 -0.002439320 0.999992788 23.583917618
0.999993086 0.002933170 0.002281931 0.496122658 -0.002938079 0.999993324 0.002150612 -0.699063778 -0.002275608 -0.002157301 0.999995112 24.099983215
0.999991357 0.003747642 0.001750892 0.504835069 -0.003751892 0.999989986 0.002430113 -0.716484249 -0.001741767 -0.002436662 0.999995530 24.630048752
0.999991477 0.004011477 0.001072173 0.513798952 -0.004014190 0.999988735 0.002539488 -0.729516029 -0.001061974 -0.002543770 0.999996185 25.186101913
0.999991238 0.004187508 0.000432082 0.522690177 -0.004188505 0.999988616 0.002333404 -0.742805660 -0.000422306 -0.002335193 0.999997199 25.717548370
0.999991775 0.004057969 -0.000022097 0.532063365 -0.004057899 0.999988437 0.002573619 -0.758919001 0.000032541 -0.002573508 0.999996662 26.263393402
0.999993384 0.003604232 -0.000341681 0.544116318 -0.003603220 0.999989271 0.002917735 -0.772074461 0.000352193 -0.002916485 0.999995708 26.822185516
0.999990642 0.004271273 -0.000575484 0.550127029 -0.004269397 0.999985695 0.003222448 -0.795560300 0.000589240 -0.003219961 0.999994636 27.369113922
0.999989390 0.004575247 -0.000550116 0.556323588 -0.004573485 0.999984562 0.003163641 -0.810435593 0.000564582 -0.003161091 0.999994874 27.921936035
0.999988258 0.004782709 -0.000703492 0.564780116 -0.004780462 0.999983609 0.003160363 -0.821466327 0.000718595 -0.003156963 0.999994695 28.468833923
0.999987304 0.004980929 -0.000674225 0.573202252 -0.004978544 0.999981523 0.003493285 -0.841593266 0.000691612 -0.003489884 0.999993682 29.015943527
0.999987304 0.004857159 -0.001279148 0.581312180 -0.004853055 0.999983072 0.003190850 -0.849929929 0.001294625 -0.003184602 0.999994040 29.569501877
0.999986887 0.004867456 -0.001582198 0.587377906 -0.004862050 0.999982357 0.003402662 -0.865615785 0.001598732 -0.003394925 0.999992907 30.109701157
0.999986410 0.004877455 -0.001851283 0.600486040 -0.004871725 0.999983370 0.003087212 -0.879532933 0.001866310 -0.003078151 0.999993443 30.654966354
0.999985218 0.005042252 -0.002013733 0.611394167 -0.005036060 0.999982595 0.003068374 -0.894078016 0.002029169 -0.003058187 0.999993265 31.199886322
0.999978185 0.006246093 -0.002128611 0.617347896 -0.006239101 0.999975204 0.003275212 -0.906816304 0.002149015 -0.003261860 0.999992371 31.743835449
0.999983072 0.004968657 -0.003033079 0.632986903 -0.004959153 0.999982715 0.003132738 -0.922260940 0.003048592 -0.003117643 0.999990523 32.303779602
0.999981225 0.005032759 -0.003488178 0.643808305 -0.005021843 0.999982476 0.003130879 -0.936994851 0.003503873 -0.003113303 0.999989033 32.847019196
0.999980569 0.004968657 -0.003765575 0.648716450 -0.004956563 0.999982476 0.003214622 -0.954768300 0.003781481 -0.003195895 0.999987721 33.386444092
0.999979138 0.005157516 -0.003893371 0.656799495 -0.005144190 0.999980927 0.003425134 -0.972004831 0.003910962 -0.003405035 0.999986470 33.928134918
0.999978185 0.005291662 -0.003981149 0.661424518 -0.005278580 0.999980569 0.003289559 -0.981239855 0.003998478 -0.003268472 0.999986649 34.471569061
0.999978423 0.005104805 -0.004128003 0.673370779 -0.005091080 0.999981523 0.003328552 -1.001068473 0.004144917 -0.003307463 0.999985933 34.999576569
0.999976158 0.005491549 -0.004213328 0.675484300 -0.005479454 0.999980986 0.002876791 -1.006149292 0.004229045 -0.002853635 0.999986947 35.546569824
0.999973357 0.006044005 -0.004091401 0.676967025 -0.006033256 0.999978364 0.002634330 -1.025202394 0.004107234 -0.002609576 0.999988139 36.084396362
0.999976933 0.004990768 -0.004597872 0.685814440 -0.004975287 0.999981940 0.003372290 -1.042655706 0.004614619 -0.003349337 0.999983728 36.625209808
0.999977589 0.004654939 -0.004806740 0.694722354 -0.004640325 0.999984562 0.003046850 -1.052776933 0.004820850 -0.003024477 0.999983728 37.173809052
0.999975741 0.004808748 -0.005032277 0.703939438 -0.004793850 0.999984086 0.002968221 -1.064794302 0.005046471 -0.002944025 0.999982893 37.729759216
0.999973655 0.004948413 -0.005314061 0.714264870 -0.004934656 0.999984443 0.002598889 -1.081891179 0.005326839 -0.002572598 0.999982417 38.265075684
0.999974847 0.004530740 -0.005464315 0.718214869 -0.004519818 0.999987781 0.002009412 -1.085682154 0.005473352 -0.001984664 0.999983013 38.822528839
0.999975264 0.004824082 -0.005120849 0.725393713 -0.004807696 0.999983251 0.003207364 -1.110766530 0.005136235 -0.003182665 0.999981761 39.357208252
0.999976516 0.004486474 -0.005166226 0.739140153 -0.004471188 0.999985576 0.002966456 -1.120672345 0.005179460 -0.002943287 0.999982178 39.918457031
0.999977589 0.003816943 -0.005505354 0.739200473 -0.003797303 0.999986410 0.003573381 -1.144910574 0.005518917 -0.003552395 0.999978483 40.477100372
0.999978602 0.003665899 -0.005422067 0.746045411 -0.003650561 0.999989271 0.002836031 -1.152453184 0.005432406 -0.002816176 0.999981344 41.030338287
0.999977708 0.003747885 -0.005525225 0.770826399 -0.003730702 0.999988198 0.003117096 -1.174037814 0.005536842 -0.003096412 0.999979794 41.562591553
0.999976754 0.005144881 -0.004470269 0.758207738 -0.005131469 0.999982297 0.003006647 -1.183378935 0.004485659 -0.002983639 0.999985516 42.131576538
0.999976575 0.005358777 -0.004244389 0.765905023 -0.005347403 0.999982059 0.002686860 -1.192821622 0.004258711 -0.002664101 0.999987423 42.683391571
0.999974430 0.004751837 -0.005347345 0.781670392 -0.004736673 0.999984682 0.002845165 -1.206825018 0.005360783 -0.002819763 0.999981642 43.227367401
0.999971986 0.005072766 -0.005505968 0.795348227 -0.005058915 0.999984026 0.002526457 -1.224737644 0.005518696 -0.002498532 0.999981642 43.781730652
0.999971390 0.005412241 -0.005282780 0.818866491 -0.005397149 0.999981344 0.002866769 -1.242985845 0.005298196 -0.002838175 0.999981940 44.309387207
0.999972761 0.005117099 -0.005321600 0.819214404 -0.005103324 0.999983609 0.002598858 -1.253121734 0.005334810 -0.002571630 0.999982417 44.878429413
0.999973834 0.004938575 -0.005284674 0.823654234 -0.004923529 0.999983728 0.002856180 -1.267201900 0.005298693 -0.002830087 0.999981940 45.427776337
0.999971211 0.005405664 -0.005310485 0.839181185 -0.005390767 0.999981523 0.002815489 -1.282977104 0.005325606 -0.002786781 0.999981880 45.973289490
0.999971032 0.005464572 -0.005284892 0.848456740 -0.005449540 0.999981046 0.002854836 -1.290155172 0.005300393 -0.002825953 0.999981940 46.514617920
0.999973178 0.005464738 -0.004866445 0.846613288 -0.005451023 0.999981165 0.002827319 -1.303419709 0.004881805 -0.002800716 0.999984145 47.081001282
0.999968171 0.005916399 -0.005355442 0.844850779 -0.005902705 0.999979258 0.002569277 -1.310525417 0.005370533 -0.002537584 0.999982297 47.636726379
0.999971271 0.004885055 -0.005798756 0.854049444 -0.004868370 0.999983907 0.002888053 -1.344020844 0.005812773 -0.002859740 0.999979019 48.177604675
0.999974728 0.005372950 -0.004649379 0.854417920 -0.005360553 0.999982059 0.002674890 -1.351104856 0.004663667 -0.002649899 0.999985635 48.731586456
0.999969959 0.005917538 -0.005003246 0.863884091 -0.005908610 0.999980927 0.001797655 -1.337013364 0.005013789 -0.001768038 0.999985814 49.295452118
0.999964774 0.006991830 -0.004649978 0.869665086 -0.006979004 0.999971807 0.002769090 -1.369441152 0.004669210 -0.002736540 0.999985337 49.847293854
0.999967635 0.006417762 -0.004849724 0.883912563 -0.006405684 0.999976337 0.002501611 -1.382982135 0.004865665 -0.002470464 0.999985099 50.387851715
0.999966383 0.006423996 -0.005089837 0.897457778 -0.006412874 0.999976933 0.002198504 -1.403228879 0.005103843 -0.002165789 0.999984622 50.927104950
0.999965906 0.006274445 -0.005367042 0.911872506 -0.006262640 0.999977946 0.002213700 -1.413953543 0.005380813 -0.002180013 0.999983072 51.476207733
0.999965906 0.005677617 -0.005992193 0.930176795 -0.005660558 0.999979913 0.002860104 -1.425951242 0.006008310 -0.002826088 0.999977946 52.008213043
0.999967873 0.006169811 -0.005114781 0.936104894 -0.006158420 0.999978542 0.002239899 -1.446571946 0.005128490 -0.002208328 0.999984324 52.541484833
0.999966025 0.005720799 -0.005928908 0.951266170 -0.005704867 0.999980092 0.002700515 -1.476252317 0.005944238 -0.002666600 0.999978781 53.098278046
0.999967754 0.005472607 -0.005869576 0.960309267 -0.005456896 0.999981463 0.002689081 -1.497527480 0.005884184 -0.002656964 0.999979138 53.631259918
0.999969363 0.005649747 -0.005420559 0.961788654 -0.005638827 0.999982059 0.002027762 -1.508553505 0.005431918 -0.001997134 0.999983191 54.174911499
0.999965966 0.006428841 -0.005175341 0.967642069 -0.006417536 0.999976993 0.002198101 -1.526910186 0.005189353 -0.002164813 0.999984205 54.698806763
0.999968588 0.006166929 -0.004984959 0.964670658 -0.006156682 0.999978900 0.002068056 -1.547113776 0.004997608 -0.002037300 0.999985456 55.218914032
0.999969959 0.005876632 -0.005041399 0.973809063 -0.005865584 0.999980390 0.002203108 -1.561066031 0.005054247 -0.002173471 0.999984860 55.750473022
0.999968708 0.005896278 -0.005257577 0.977592230 -0.005884021 0.999979854 0.002343858 -1.576870799 0.005271292 -0.002312849 0.999983430 56.264755249
0.999968767 0.005870211 -0.005275944 0.987481117 -0.005857861 0.999980092 0.002353290 -1.596879959 0.005289654 -0.002322311 0.999983311 56.778385162
0.999969900 0.005945195 -0.004986279 0.985715151 -0.005932448 0.999979019 0.002567102 -1.611258507 0.005001436 -0.002537443 0.999984264 57.302513123
0.999968112 0.006337444 -0.004860794 0.989127636 -0.006326409 0.999977529 0.002282581 -1.626718521 0.004875150 -0.002251756 0.999985576 57.812587738
0.999969423 0.006520599 -0.004341473 0.991056263 -0.006509333 0.999975443 0.002604138 -1.645122886 0.004358346 -0.002575797 0.999987185 58.322864532
0.999968767 0.006471714 -0.004520914 0.992653489 -0.006459207 0.999975264 0.002776004 -1.660395145 0.004538767 -0.002746716 0.999985933 58.832317352
0.999968410 0.006718476 -0.004241120 0.992433727 -0.006706246 0.999973476 0.002890925 -1.680987835 0.004260430 -0.002862392 0.999986827 59.339923859
0.999971330 0.006160448 -0.004386864 1.001290798 -0.006149200 0.999977767 0.002572824 -1.697806239 0.004402617 -0.002545775 0.999987066 59.860694885
0.999969184 0.006665291 -0.004146251 1.002987862 -0.006654172 0.999974251 0.002689399 -1.709736347 0.004164070 -0.002661726 0.999987781 60.388381958
0.999968052 0.006896181 -0.004042234 1.008473635 -0.006886435 0.999973476 0.002419656 -1.725737214 0.004058813 -0.002391742 0.999988914 60.906917572
0.999969900 0.006785703 -0.003760773 1.013522625 -0.006775037 0.999972999 0.002841523 -1.744895101 0.003779954 -0.002815959 0.999988914 61.412696838
0.999971211 0.006474085 -0.003960663 1.016939163 -0.006462748 0.999975026 0.002868043 -1.764330149 0.003979132 -0.002842364 0.999987960 61.924015045
0.999967575 0.007415220 -0.003132923 1.017236352 -0.007407269 0.999969363 0.002542340 -1.782636523 0.003151678 -0.002519051 0.999991834 62.445213318
0.999964058 0.007789024 -0.003351336 1.018916011 -0.007779308 0.999965549 0.002902344 -1.806342363 0.003373827 -0.002876169 0.999990106 62.961071014
0.999963224 0.007847926 -0.003437515 1.021480083 -0.007838475 0.999965429 0.002755003 -1.826039553 0.003459016 -0.002727957 0.999990225 63.484661102
0.999964356 0.007714954 -0.003427738 1.025922894 -0.007705370 0.999966383 0.002800535 -1.844476342 0.003449229 -0.002774023 0.999990225 63.989776611
0.999961495 0.008176315 -0.003163364 1.022963166 -0.008168388 0.999963462 0.002510936 -1.856224298 0.003183779 -0.002484999 0.999991834 64.512786865
0.999963701 0.007870481 -0.003255519 1.026110053 -0.007861321 0.999965072 0.002816772 -1.878361583 0.003277574 -0.002791077 0.999990761 65.020195007
0.999964356 0.007882742 -0.003004528 1.026274443 -0.007875739 0.999966264 0.002336084 -1.894006729 0.003022840 -0.002312338 0.999992669 65.526435852
0.999954343 0.009338322 -0.002008748 0.993193924 -0.009331135 0.999950051 0.003558740 -1.951967716 0.002041880 -0.003539834 0.999991655 66.113533020
0.999951541 0.009700147 -0.001626174 0.981965482 -0.009693968 0.999945939 0.003765086 -1.993197441 0.001662608 -0.003749140 0.999991596 66.584053040
0.999945581 0.010395555 -0.001019306 0.971168220 -0.010390628 0.999934852 0.004725448 -2.028999329 0.001068363 -0.004714599 0.999988317 67.088447571
0.999944568 0.010504764 -0.000726344 0.969619989 -0.010501523 0.999935508 0.004330753 -2.044772148 0.000771790 -0.004322886 0.999990344 67.610481262
0.999939740 0.010957960 -0.000539156 0.967443526 -0.010955474 0.999930322 0.004417758 -2.068563938 0.000587528 -0.004411586 0.999990046 68.121131897
0.999932647 0.011600801 -0.000314717 0.961270034 -0.011599205 0.999921799 0.004670699 -2.092185497 0.000368876 -0.004666734 0.999989033 68.625328064
0.999933362 0.011545712 -0.000113230 0.969794393 -0.011545117 0.999924004 0.004323391 -2.110891819 0.000163138 -0.004321796 0.999990582 69.128585815
0.999931514 0.011697056 -0.000049800 0.973493099 -0.011696686 0.999920189 0.004760829 -2.139529705 0.000105485 -0.004759920 0.999988675 69.631713867
0.999932230 0.011631199 -0.000430446 0.985016942 -0.011629021 0.999920964 0.004759128 -2.154129505 0.000485767 -0.004753799 0.999988616 70.180969238
0.999926031 0.012156500 0.000238964 0.978486776 -0.012157536 0.999913812 0.004955736 -2.183399916 -0.000178699 -0.004958275 0.999987662 70.658042908
0.999919355 0.012677623 0.000632261 0.980589509 -0.012680459 0.999908447 0.004707102 -2.202982664 -0.000572529 -0.004714740 0.999988735 71.168838501
0.999907136 0.013600301 0.000763286 0.977039099 -0.013603906 0.999895275 0.004933242 -2.229116678 -0.000696114 -0.004943168 0.999987543 71.677001953
0.999910712 0.013322232 0.000983491 0.982753158 -0.013326898 0.999899209 0.004899696 -2.249427319 -0.000918117 -0.004912367 0.999987423 72.193206787
0.999900341 0.014053692 0.001290169 0.977642596 -0.014060581 0.999886036 0.005496175 -2.273270845 -0.001212780 -0.005513768 0.999984086 72.703727722
0.999890566 0.014641715 0.002076759 0.967063308 -0.014652940 0.999877512 0.005497275 -2.301294327 -0.001996016 -0.005527105 0.999982655 73.205085754
0.999891639 0.014560661 0.002168568 0.965218902 -0.014573760 0.999874830 0.006152069 -2.329460859 -0.002078718 -0.006183006 0.999978721 73.712112427
0.999882758 0.015022789 0.002970917 0.954716027 -0.015042703 0.999863744 0.006798884 -2.371503353 -0.002868374 -0.006842778 0.999972463 74.205833435
0.999876380 0.015377031 0.003275863 0.957537591 -0.015398989 0.999858379 0.006786568 -2.399566650 -0.003171042 -0.006836174 0.999971628 74.733489990
0.999872506 0.015543017 0.003639164 0.960175633 -0.015568454 0.999853790 0.007068964 -2.427947998 -0.003528759 -0.007124720 0.999968350 75.269226074
0.999873400 0.015524485 0.003463584 0.985897005 -0.015547146 0.999857247 0.006614223 -2.433150053 -0.003360407 -0.006667235 0.999972045 75.861648560
0.999861598 0.016138004 0.004023651 0.982723773 -0.016163893 0.999848306 0.006488513 -2.445183039 -0.003918329 -0.006552653 0.999970853 76.373580933
0.999863863 0.016045051 0.003845954 0.993973136 -0.016068660 0.999851763 0.006188813 -2.455673695 -0.003746084 -0.006249771 0.999973416 76.916473389
0.999865055 0.015966680 0.003844701 1.012401223 -0.015991230 0.999851346 0.006441254 -2.471725464 -0.003741283 -0.006501867 0.999971867 77.454925537
0.999854505 0.016473552 0.004431325 1.024452686 -0.016500264 0.999845445 0.006060021 -2.477743626 -0.004330811 -0.006132257 0.999971807 78.008201599
0.999855518 0.016512971 0.004024964 1.047919273 -0.016537275 0.999844670 0.006081959 -2.492005825 -0.003923908 -0.006147642 0.999973416 78.552810669
0.999863088 0.016089099 0.003853142 1.070164323 -0.016111266 0.999853432 0.005793039 -2.498832703 -0.003759373 -0.005854326 0.999975741 79.111030579
0.999874473 0.015140093 0.004666904 1.096416235 -0.015167197 0.999867976 0.005827747 -2.508493423 -0.004578055 -0.005897800 0.999972105 79.652976990
0.999856114 0.015925800 0.005845997 1.115398407 -0.015958056 0.999857485 0.005513535 -2.530738354 -0.005757356 -0.005606033 0.999967694 80.243881226
0.999865115 0.014951161 0.006800067 1.152093410 -0.014988439 0.999872684 0.005464337 -2.538196087 -0.006717504 -0.005565522 0.999961913 80.808311462
0.999898076 0.012939386 0.006038129 1.272792459 -0.012972146 0.999901175 0.005418438 -2.533137798 -0.005967421 -0.005496213 0.999967098 81.158843994
0.999825478 0.015187500 0.010871474 1.197585106 -0.015243080 0.999871075 0.005048008 -2.552279472 -0.010793406 -0.005212842 0.999928176 81.884468079
0.999750495 0.015756952 0.015832843 1.214088440 -0.015841557 0.999860942 0.005232572 -2.566649914 -0.015748192 -0.005482085 0.999860883 82.472587585
0.999948919 0.007614001 0.006645145 2.008605957 -0.007601030 0.999969125 -0.001975045 -2.275479794 -0.006659978 0.001924434 0.999975979 83.823486328
0.999576151 0.015626922 0.024561962 1.274548292 -0.015827818 0.999842703 0.008006060 -2.697239399 -0.024432989 -0.008391430 0.999666214 83.362998962
0.999512553 0.014609223 0.027587287 1.348793387 -0.014707852 0.999886096 0.003375619 -2.552500486 -0.027534829 -0.003779724 0.999613702 84.455680847
0.999585629 0.009060519 0.027322544 1.772788644 -0.009007885 0.999957323 -0.002048874 -2.418932676 -0.027339941 0.001801907 0.999624550 85.724433899
0.999239385 0.012617855 0.036898401 1.710496664 -0.012556537 0.999919295 -0.001893094 -2.374095678 -0.036919318 0.001428338 0.999317169 86.316116333
0.998835802 0.011475056 0.046855196 1.657975435 -0.011323943 0.999929786 -0.003489250 -2.360067129 -0.046891946 0.002954602 0.998895586 87.000946045
0.998419881 0.010672240 0.055170994 1.706744909 -0.010461237 0.999936819 -0.004111896 -2.372923851 -0.055211391 0.003528242 0.998468459 87.538063049
0.997998059 0.011443211 0.062200453 1.742923975 -0.011251111 0.999930799 -0.003437820 -2.393298626 -0.062235478 0.002731113 0.998057783 88.051086426
0.997344255 0.011199834 0.071965657 1.785593510 -0.010921792 0.999931276 -0.004255896 -2.395832539 -0.072008371 0.003458599 0.997398019 88.578567505
0.996616304 0.010451182 0.081527606 1.877352715 -0.010082964 0.999937057 -0.004926871 -2.409214258 -0.081573978 0.004088160 0.996658921 89.111198425
0.995902717 0.009663861 0.089912981 1.946231842 -0.009249391 0.999944687 -0.005025203 -2.419012070 -0.089956552 0.004172973 0.995936930 89.648742676
0.995051801 0.010548491 0.098795377 1.969403744 -0.010178495 0.999939144 -0.004248340 -2.442778111 -0.098834172 0.003221731 0.995098710 90.132408142
0.994099855 0.009729605 0.108031027 2.090087414 -0.009256123 0.999945223 -0.004883424 -2.447840691 -0.108072609 0.003854661 0.994135678 90.680961609
0.993013620 0.009222965 0.117639840 2.180877686 -0.008589843 0.999945700 -0.005887752 -2.458717346 -0.117687777 0.004836110 0.993038893 91.204627991
0.991734803 0.010464568 0.127876714 2.253489494 -0.009869150 0.999937296 -0.005288936 -2.488728762 -0.127924040 0.003983188 0.991775930 91.728553772
0.990358829 0.008296829 0.138277188 2.369865417 -0.007529518 0.999953210 -0.006071256 -2.497127295 -0.138321057 0.004971562 0.990374982 92.242141724
0.988523364 0.008159846 0.150847271 2.470535278 -0.007279189 0.999953032 -0.006389337 -2.514461994 -0.150892332 0.005217963 0.988536358 92.780654907
0.986918151 0.007708346 0.161037803 2.583092690 -0.006752111 0.999956131 -0.006484357 -2.530390263 -0.161080733 0.005312183 0.986926913 93.328834534
0.985064566 0.007689142 0.172013536 2.695219040 -0.006611437 0.999954760 -0.006837266 -2.547129154 -0.172058299 0.005597893 0.985070884 93.875442505
0.982661664 0.007991843 0.185235545 2.818048477 -0.006932542 0.999955714 -0.006365652 -2.565238237 -0.185278207 0.004971129 0.982673526 94.413879395
0.980276823 0.006538643 0.197521225 2.950819016 -0.005308827 0.999963105 -0.006755112 -2.577201128 -0.197558105 0.005573273 0.980275333 94.949043274
0.978198707 0.006204626 0.207578883 3.074222565 -0.004812161 0.999962330 -0.007212404 -2.600084782 -0.207615852 0.006056260 0.978191674 95.469360352
0.975342274 0.006320549 0.220606834 3.225473404 -0.004824059 0.999961555 -0.007321609 -2.616549492 -0.220644638 0.006076854 0.975335300 95.996818542
0.972375631 0.004934933 0.233369470 3.373870850 -0.003328849 0.999967992 -0.007275519 -2.637145042 -0.233397901 0.006297686 0.972360909 96.504501343
0.969658256 0.004409735 0.244424835 3.529167175 -0.002610589 0.999967039 -0.007684210 -2.651971579 -0.244450673 0.006812965 0.969637752 97.030517578
0.966906726 0.003928226 0.255099863 3.712423325 -0.002033888 0.999968350 -0.007689234 -2.683877468 -0.255122006 0.006915928 0.966884136 97.524703979
0.963346183 0.004657370 0.268220752 3.878736496 -0.002971208 0.999973118 -0.006692044 -2.709794283 -0.268244714 0.005649816 0.963334262 98.020935059
0.959711134 0.003923889 0.280961066 4.052322388 -0.002090786 0.999974430 -0.006823861 -2.730513811 -0.280980736 0.005961505 0.959694922 98.547378540
0.956186652 0.003711066 0.292734265 4.244903564 -0.001638369 0.999971807 -0.007325331 -2.741332054 -0.292753130 0.006524778 0.956165791 99.081901550
0.951968729 0.003681304 0.306173176 4.438894272 -0.001522122 0.999972284 -0.007290607 -2.766200066 -0.306191593 0.006474395 0.951947927 99.602920532
0.947278917 0.003087165 0.320395052 4.639688492 -0.000828355 0.999973774 -0.007186137 -2.785551548 -0.320408851 0.006541875 0.947256744 100.118347168
0.943358183 0.003130139 0.331761420 4.848031998 -0.000652524 0.999971092 -0.007579196 -2.797508717 -0.331775546 0.006933414 0.943332851 100.641601562
0.938512683 0.002909365 0.345232606 5.070840836 -0.000540507 0.999975622 -0.006957694 -2.828347445 -0.345244378 0.006343284 0.938491344 101.187080383
0.933263659 0.002364551 0.359184235 5.292301178 0.000066381 0.999977231 -0.006755441 -2.843235731 -0.359191984 0.006328451 0.933242142 101.694061279
0.928400874 0.001875436 0.371575415 5.527334213 0.000941504 0.999972165 -0.007399514 -2.868368626 -0.371578932 0.007219556 0.928373277 102.217742920
0.923822582 0.001144326 0.382819146 5.764522552 0.001905426 0.999969363 -0.007587304 -2.882011890 -0.382816106 0.007738756 0.923792064 102.723159790
0.917573392 0.001319160 0.397564292 5.998821259 0.001618732 0.999973834 -0.007054032 -2.914994717 -0.397563130 0.007116142 0.917547226 103.229881287
0.911965787 0.000044589 0.410266221 6.260261536 0.003241439 0.999967992 -0.007313957 -2.927102327 -0.410253465 0.007999932 0.911936402 103.734596252
0.907202661 -0.000837907 0.420692831 6.509639740 0.004516914 0.999959707 -0.007748842 -2.943022013 -0.420669436 0.008930004 0.907170057 104.214454651
0.901001811 -0.000062142 0.433815151 6.776386261 0.003742141 0.999963820 -0.007628909 -2.964898586 -0.433798969 0.008497058 0.900969625 104.732315063
0.894176781 0.000068303 0.447713971 7.050563812 0.003811145 0.999962509 -0.007764192 -2.973246574 -0.447697759 0.008648863 0.894143164 105.226463318
0.888495445 -0.000792663 0.458884746 7.319461823 0.004787955 0.999960065 -0.007543169 -3.003266811 -0.458860457 0.008899190 0.888463795 105.700386047
0.882709265 -0.001698982 0.469916463 7.594711304 0.005551422 0.999961436 -0.006812649 -3.021661282 -0.469886690 0.008622293 0.882684648 106.165100098
0.874921024 -0.001029335 0.484264553 7.887378693 0.004900764 0.999965310 -0.006728722 -3.041449070 -0.484240890 0.008260366 0.874895751 106.708709717
