1.000000000 0.000000000 0.000000000 0.000000000 0.000000000 1.000000000 0.000000000 0.000000000 0.000000000 0.000000000 1.000000000 0.000000000
1.000000000 0.000074396 0.000048615 -0.000547488 -0.000074403 1.000000000 0.000147410 -0.000360860 -0.000048604 -0.000147413 1.000000000 0.000295432
1.000000000 0.000053221 0.000104598 -0.001204564 -0.000053221 1.000000000 -0.000001570 0.000418221 -0.000104598 0.000001564 1.000000000 0.000153679
1.000000000 0.000104661 0.000028734 -0.000614450 -0.000104662 1.000000000 0.000034745 -0.000633470 -0.000028731 -0.000034748 1.000000000 -0.000653548
0.999999940 0.000167304 0.000213453 -0.001607084 -0.000167316 1.000000000 0.000052386 -0.000261693 -0.000213445 -0.000052421 1.000000000 0.000381545
1.000000000 -0.000135260 0.000008334 0.000019300 0.000135260 1.000000000 0.000019301 -0.000189922 -0.000008336 -0.000019300 1.000000000 -0.000158477
1.000000000 0.000124819 0.000170381 -0.001876855 -0.000124835 1.000000000 0.000088931 -0.000593420 -0.000170370 -0.000088953 1.000000000 -0.000900261
1.000000000 0.000042493 0.000111864 -0.001147734 -0.000042494 1.000000000 0.000008634 -0.000546147 -0.000111864 -0.000008639 1.000000000 -0.001136864
1.000000000 0.000112233 0.000190355 -0.001797574 -0.000112241 1.000000000 0.000042032 -0.001068496 -0.000190350 -0.000042053 1.000000000 -0.001729470
0.999999940 0.000167548 0.000184831 -0.002117504 -0.000167584 0.999999940 0.000194743 -0.001401605 -0.000184799 -0.000194774 0.999999940 0.000280411
1.000000000 0.000098848 0.000183465 -0.001368592 -0.000098870 1.000000000 0.000120946 -0.001119640 -0.000183454 -0.000120964 1.000000000 -0.001039276
1.000000000 0.000114366 0.000185807 -0.001615962 -0.000114382 1.000000000 0.000087945 -0.001174802 -0.000185797 -0.000087966 1.000000000 -0.000683823
1.000000000 0.000021400 0.000154278 -0.001083532 -0.000021412 1.000000000 0.000077879 0.000180246 -0.000154277 -0.000077882 1.000000000 -0.000005910
1.000000000 0.000124352 0.000151200 -0.002179784 -0.000124339 1.000000000 -0.000082141 0.000529274 -0.000151210 0.000082123 1.000000000 -0.000792151
0.999999940 0.000277471 0.000157814 -0.001766896 -0.000277468 0.999999940 -0.000018664 0.000877743 -0.000157820 0.000018621 1.000000000 0.001050124
0.999999940 0.000266247 0.000236380 -0.002216483 -0.000266247 0.999999940 0.000001710 0.000672712 -0.000236379 -0.000001773 1.000000000 0.001187652
0.999999881 0.000347551 0.000242668 -0.002475564 -0.000347551 0.999999940 0.000000889 0.000650569 -0.000242667 -0.000000973 1.000000000 0.000639725
0.999999940 0.000296693 0.000268089 -0.002268000 -0.000296696 0.999999940 0.000012214 0.001014993 -0.000268085 -0.000012293 0.999999940 0.001887346
0.999999940 0.000231329 0.000284016 -0.002676479 -0.000231314 1.000000000 -0.000052538 0.001185734 -0.000284028 0.000052472 0.999999940 0.001445509
0.999999940 0.000256746 0.000275054 -0.002610104 -0.000256754 0.999999940 0.000026551 0.000900289 -0.000275047 -0.000026621 0.999999940 0.002004618
0.999999940 0.000294329 0.000217029 -0.002712593 -0.000294317 0.999999940 -0.000058287 0.001650107 -0.000217047 0.000058224 1.000000000 0.002172604
0.999999940 0.000325583 0.000198491 -0.002080663 -0.000325576 0.999999940 -0.000034806 0.001185265 -0.000198503 0.000034741 1.000000000 0.002043263
0.999999881 0.000342873 0.000272017 -0.003005647 -0.000342883 0.999999940 0.000034541 0.001103084 -0.000272005 -0.000034634 0.999999940 0.001512222
0.999999881 0.000437130 0.000215776 -0.002900352 -0.000437140 0.999999881 0.000044944 0.001138602 -0.000215757 -0.000045039 1.000000000 0.002879668
0.999999881 0.000349842 0.000266245 -0.002004200 -0.000349842 0.999999940 -0.000000019 0.001116217 -0.000266245 -0.000000074 0.999999940 0.001102431
0.999999940 0.000276801 0.000237294 -0.002515112 -0.000276798 0.999999940 -0.000011049 0.002009152 -0.000237298 0.000010983 1.000000000 0.003240214
0.999999881 0.000415903 0.000270842 -0.002889573 -0.000415937 0.999999881 0.000126808 0.000341017 -0.000270789 -0.000126921 0.999999940 0.001993700
0.999999940 0.000376142 0.000165464 -0.002193316 -0.000376128 0.999999940 -0.000087253 0.001582463 -0.000165496 0.000087190 1.000000000 0.001097872
0.999999881 0.000424780 0.000204405 -0.002538943 -0.000424758 0.999999881 -0.000106223 0.002377234 -0.000204450 0.000106136 1.000000000 0.002199599
0.999999881 0.000435388 0.000261436 -0.002048035 -0.000435386 0.999999881 -0.000007271 0.001153291 -0.000261439 0.000007157 0.999999940 0.002149128
0.999999881 0.000313510 0.000341179 -0.002935748 -0.000313532 0.999999940 0.000065640 0.000619819 -0.000341159 -0.000065747 0.999999940 0.002213243
0.999999881 0.000406377 0.000246669 -0.002122767 -0.000406363 0.999999940 -0.000055921 0.001454041 -0.000246692 0.000055821 0.999999940 0.002298879
0.999999821 0.000466615 0.000305074 -0.001946577 -0.000466626 0.999999881 0.000037576 0.000131938 -0.000305056 -0.000037719 0.999999940 0.000594511
0.999999762 0.000530088 0.000379350 -0.003502390 -0.000530084 0.999999881 -0.000011915 0.000839008 -0.000379356 0.000011714 0.999999940 0.001873461
0.999999881 0.000448792 0.000236462 -0.001758921 -0.000448763 0.999999881 -0.000124162 0.001397342 -0.000236517 0.000124055 0.999999940 0.002084058
0.999999940 0.000334980 0.000232777 -0.002069238 -0.000334973 0.999999940 -0.000029560 0.001246011 -0.000232787 0.000029482 1.000000000 0.002201683
0.999999881 0.000460143 0.000253231 -0.003141011 -0.000460115 0.999999881 -0.000107788 0.002853870 -0.000253281 0.000107671 0.999999940 0.002663592
0.999999821 0.000482340 0.000337984 -0.003029938 -0.000482342 0.999999881 0.000004478 0.000845461 -0.000337982 -0.000004641 0.999999940 0.002269594
0.999999881 0.000424433 0.000203380 -0.000823395 -0.000424434 0.999999881 0.000008909 0.001197102 -0.000203376 -0.000008995 1.000000000 0.000072508
0.999999940 0.000278234 0.000217560 -0.002271641 -0.000278201 0.999999940 -0.000149955 0.001136378 -0.000217601 0.000149894 0.999999940 0.001870065
0.999999762 0.000516373 0.000417326 -0.002879034 -0.000516142 0.999999702 -0.000555309 -0.003111775 -0.000417613 0.000555093 0.999999762 0.048072722
0.999999762 0.000542397 0.000356698 -0.000982363 -0.000541946 0.999999046 -0.001263732 -0.003113161 -0.000357383 0.001263538 0.999999166 0.137650162
0.999999881 0.000441542 0.000295682 0.001595049 -0.000441113 0.999998868 -0.001449529 -0.007128948 -0.000296321 0.001449398 0.999998927 0.252770007
0.999999642 0.000759055 0.000347476 0.003750831 -0.000758668 0.999999106 -0.001110407 -0.012557997 -0.000348319 0.001110143 0.999999344 0.384957969
0.999999642 0.000671931 0.000474056 0.003028444 -0.000671513 0.999999404 -0.000879692 -0.014394465 -0.000474646 0.000879373 0.999999523 0.532645047
0.999999940 0.000148061 0.000261180 0.011108899 -0.000147831 0.999999583 -0.000880000 -0.018689509 -0.000261310 0.000879961 0.999999583 0.690208435
0.999999821 0.000470435 0.000359533 0.015896061 -0.000470197 0.999999642 -0.000660233 -0.021844320 -0.000359843 0.000660064 0.999999702 0.848240972
0.999999523 0.000676019 0.000712632 0.008992069 -0.000675431 0.999999404 -0.000825080 -0.024028217 -0.000713189 0.000824598 0.999999404 1.023336649
0.999999881 0.000383741 0.000350926 0.013128230 -0.000383394 0.999999464 -0.000988159 -0.024848003 -0.000351305 0.000988024 0.999999464 1.199905038
0.999999642 0.000635519 0.000527744 0.007788625 -0.000635393 0.999999762 -0.000238847 -0.044385940 -0.000527895 0.000238512 0.999999821 1.376988173
0.999999106 -0.001190263 -0.000653961 0.033860456 0.001191263 0.999998033 0.001530740 -0.068068139 0.000652138 -0.001531517 0.999998629 1.627965927
0.999998808 -0.001542596 -0.000312800 0.035795923 0.001543080 0.999997497 0.001553589 -0.073629700 0.000310403 -0.001554070 0.999998748 1.825877905
0.999996781 -0.002236223 -0.001176364 0.047674384 0.002238835 0.999994993 0.002223921 -0.080521792 0.001171385 -0.002226548 0.999996841 2.029598236
0.999994934 -0.002869589 -0.001347097 0.055104490 0.002872171 0.999993920 0.001918671 -0.083761297 0.001341583 -0.001922530 0.999997318 2.242780209
0.999995470 -0.002703747 -0.001260134 0.056849517 0.002706668 0.999993563 0.002322071 -0.091298737 0.001253848 -0.002325471 0.999996543 2.462689400
0.999997139 -0.002163993 -0.000929940 0.054581992 0.002165915 0.999995530 0.002071647 -0.096803486 0.000925453 -0.002073655 0.999997437 2.688256264
0.999996781 -0.002421818 -0.000732981 0.057513464 0.002423337 0.999994934 0.002078936 -0.103960589 0.000727943 -0.002080705 0.999997616 2.918476820
0.999997318 -0.002257758 -0.000480587 0.060063384 0.002258708 0.999995470 0.001982855 -0.107001036 0.000476108 -0.001983935 0.999997973 3.158461332
0.999998391 -0.001757078 -0.000415851 0.060901828 0.001757948 0.999996245 0.002099702 -0.116837502 0.000412160 -0.002100429 0.999997735 3.411608934
0.999998510 -0.001737940 -0.000097049 0.061442994 0.001738140 0.999996245 0.002105359 -0.120116338 0.000093390 -0.002105525 0.999997795 3.650442362
0.999999285 -0.001186769 0.000030110 0.062268894 0.001186698 0.999996722 0.002249915 -0.128546193 -0.000032780 -0.002249877 0.999997497 3.907241106
0.999998927 -0.001422334 -0.000036855 0.071242794 0.001422418 0.999996126 0.002397741 -0.131737292 0.000033444 -0.002397791 0.999997199 4.170333862
0.999998987 -0.001404184 0.000000367 0.080746867 0.001404178 0.999995589 0.002627579 -0.138012350 -0.000004056 -0.002627575 0.999996603 4.425650120
0.999998689 -0.001563432 -0.000111953 0.078525476 0.001563659 0.999996662 0.002061421 -0.144997910 0.000108730 -0.002061593 0.999997854 4.672776222
0.999998569 -0.001667306 -0.000076961 0.085932672 0.001667472 0.999996185 0.002207357 -0.150487214 0.000073281 -0.002207482 0.999997497 4.933027744
0.999999166 -0.001233353 0.000098647 0.094761312 0.001233143 0.999997020 0.002102518 -0.152481332 -0.000101240 -0.002102395 0.999997795 5.189089775
0.999998868 -0.001477942 0.000162733 0.096236579 0.001477595 0.999996662 0.002108597 -0.160389856 -0.000165849 -0.002108354 0.999997735 5.450096607
0.999998510 -0.001595609 0.000419989 0.103227153 0.001594600 0.999995887 0.002390834 -0.169694856 -0.000423803 -0.002390160 0.999997079 5.726286411
0.999999344 -0.001062797 0.000398020 0.094477780 0.001061881 0.999996781 0.002294999 -0.180454254 -0.000400458 -0.002294575 0.999997258 5.977010727
0.999999344 -0.000794182 0.000861842 0.095386535 0.000792164 0.999996901 0.002339514 -0.187327534 -0.000863697 -0.002338830 0.999996901 6.257951736
0.999999523 -0.000135958 0.001007084 0.107347064 0.000133968 0.999998033 0.001975415 -0.184991404 -0.001007351 -0.001975278 0.999997497 6.561193943
0.999999106 -0.000958652 0.000900030 0.108330116 0.000956648 0.999997079 0.002224813 -0.195746303 -0.000902160 -0.002223951 0.999997079 6.846234798
0.999999523 -0.000704594 0.000620115 0.111834683 0.000703407 0.999997914 0.001911527 -0.203470796 -0.000621461 -0.001911090 0.999997973 7.121782780
0.999999523 -0.000699925 0.000741200 0.119103312 0.000698460 0.999997795 0.001975191 -0.210742220 -0.000742581 -0.001974672 0.999997795 7.425879478
0.999999046 -0.001223414 0.000699372 0.124461457 0.001221742 0.999996424 0.002385365 -0.227985188 -0.000702288 -0.002384508 0.999996901 7.717296600
0.999999523 -0.000307956 0.001017340 0.131333604 0.000305586 0.999997258 0.002330055 -0.231951758 -0.001018054 -0.002329743 0.999996722 8.047719002
0.999999046 -0.000206805 0.001424705 0.129200220 0.000203796 0.999997795 0.002111862 -0.242172539 -0.001425139 -0.002111569 0.999996722 8.352395058
0.999999404 -0.000102333 0.001007145 0.131279200 0.000100536 0.999998391 0.001784199 -0.243324250 -0.001007326 -0.001784097 0.999997914 8.670787811
0.999998987 0.000111025 0.001392561 0.135563210 -0.000113977 0.999997735 0.002119979 -0.251145184 -0.001392322 -0.002120136 0.999996722 9.012331963
0.999999404 0.000319444 0.001084482 0.140887663 -0.000321677 0.999997854 0.002059334 -0.262943059 -0.001083822 -0.002059681 0.999997258 9.341703415
0.999998450 0.000630603 0.001615442 0.138705224 -0.000634152 0.999997377 0.002196543 -0.277323067 -0.001614052 -0.002197564 0.999996245 9.658864975
0.999998748 0.000760304 0.001406365 0.150139213 -0.000763278 0.999997437 0.002115670 -0.285139650 -0.001404753 -0.002116740 0.999996841 10.010053635
0.999998927 0.000357950 0.001390863 0.158685461 -0.000360777 0.999997854 0.002033110 -0.294561714 -0.001390132 -0.002033610 0.999996960 10.367801666
0.999998987 0.000480077 0.001384047 0.174536750 -0.000482862 0.999997854 0.002013191 -0.303300083 -0.001383077 -0.002013857 0.999997020 10.730607986
0.999999523 -0.000237049 0.000933717 0.175591931 0.000234793 0.999997079 0.002415663 -0.314171374 -0.000934288 -0.002415443 0.999996662 11.064855576
0.999999225 -0.000209235 0.001218442 0.182094559 0.000206221 0.999996960 0.002473099 -0.323596328 -0.001218956 -0.002472846 0.999996185 11.444263458
0.999999046 0.000174772 0.001380254 0.188516721 -0.000178061 0.999997199 0.002382622 -0.330226213 -0.001379834 -0.002382865 0.999996185 11.840902328
0.999997854 0.000897868 0.001912415 0.191306278 -0.000903615 0.999995053 0.003006378 -0.347477734 -0.001909705 -0.003008100 0.999993682 12.206051826
0.999998629 0.000050395 0.001648573 0.198504567 -0.000055749 0.999994636 0.003248085 -0.366119534 -0.001648401 -0.003248172 0.999993384 12.550422668
0.999998510 0.000331887 0.001699325 0.204412073 -0.000337283 0.999994874 0.003176039 -0.372938812 -0.001698262 -0.003176608 0.999993563 12.958107948
0.999998152 0.000195614 0.001908704 0.219188511 -0.000202109 0.999994218 0.003403451 -0.381386220 -0.001908028 -0.003403831 0.999992430 13.371459007
0.999996960 0.000794893 0.002290942 0.221120656 -0.000802983 0.999993384 0.003532672 -0.395422816 -0.002288119 -0.003534501 0.999991179 13.796071053
0.999998927 -0.000026302 0.001405385 0.232666671 0.000021070 0.999993086 0.003722338 -0.403386980 -0.001405473 -0.003722305 0.999992073 14.138902664
0.999997795 0.000340794 0.002035460 0.241866037 -0.000348422 0.999992907 0.003748128 -0.419078559 -0.002034168 -0.003748829 0.999990940 14.554902077
0.999997437 0.000418101 0.002209555 0.246733397 -0.000425717 0.999993920 0.003447825 -0.424523801 -0.002208100 -0.003448757 0.999991596 14.999738693
0.999997139 -0.000685264 0.002330547 0.257562160 0.000676528 0.999992669 0.003747311 -0.440577149 -0.002333098 -0.003745723 0.999990284 15.389081955
0.999996066 -0.000989847 0.002639885 0.265830934 0.000978576 0.999990404 0.004267023 -0.450867474 -0.002644083 -0.004264423 0.999987423 15.841382980
0.999994993 0.000057798 0.003186285 0.271227926 -0.000072134 0.999989927 0.004499321 -0.459611177 -0.003185993 -0.004499528 0.999984801 16.285177231
0.999993980 -0.000511986 0.003427035 0.280843973 0.000499382 0.999993026 0.003677661 -0.472710311 -0.003428895 -0.003675927 0.999987304 16.715541840
0.999994516 -0.001263209 0.003053326 0.300663412 0.001252108 0.999992609 0.003634831 -0.487335891 -0.003057894 -0.003630988 0.999988735 17.175651550
0.999992013 -0.000086363 0.004009165 0.301651716 0.000069534 0.999991119 0.004197662 -0.499037057 -0.004009492 -0.004197349 0.999983072 17.635389328
0.999990046 -0.000363819 0.004444423 0.302944720 0.000348004 0.999993563 0.003558751 -0.508079350 -0.004445689 -0.003557168 0.999983788 18.069030762
0.999988675 -0.000159462 0.004746316 0.311183929 0.000142557 0.999993622 0.003561855 -0.516839266 -0.004746853 -0.003561138 0.999982357 18.533100128
0.999988794 -0.000532251 0.004695643 0.326375008 0.000515516 0.999993563 0.003564342 -0.530730844 -0.004697509 -0.003561881 0.999982595 19.024072647
0.999988675 -0.000084189 0.004757443 0.341680408 0.000066174 0.999992847 0.003786679 -0.544067264 -0.004757728 -0.003786322 0.999981523 19.455123901
0.999989390 -0.000002417 0.004610683 0.351102531 -0.000017810 0.999990404 0.004386918 -0.559930623 -0.004610650 -0.004386954 0.999979794 19.945091248
0.999990046 -0.000522899 0.004426610 0.369548857 0.000506189 0.999992847 0.003775038 -0.568484008 -0.004428551 -0.003772760 0.999983132 20.432403564
0.999991000 -0.000899122 0.004139189 0.375055075 0.000883241 0.999992251 0.003836717 -0.571246207 -0.004142607 -0.003833027 0.999984026 20.877946854
0.999992847 -0.000070108 0.003748051 0.384277999 0.000056439 0.999993324 0.003646699 -0.580807745 -0.003748282 -0.003646462 0.999986291 21.385759354
0.999992251 -0.000149886 0.003923709 0.387924254 0.000135261 0.999992967 0.003727534 -0.593461096 -0.003924239 -0.003726975 0.999985337 21.893028259
0.999995470 -0.000599001 0.002945416 0.396942496 0.000588638 0.999993563 0.003518125 -0.604111016 -0.002947503 -0.003516375 0.999989390 22.360126495
0.999997318 -0.000534243 0.002273599 0.406880528 0.000525304 0.999992132 0.003930721 -0.621591985 -0.002275682 -0.003929516 0.999989629 22.883121490
0.999997437 0.000222462 0.002209177 0.406414419 -0.000231624 0.999991357 0.004147448 -0.639396429 -0.002208236 -0.004147949 0.999988914 23.388933182
0.999998152 -0.001574333 0.001098044 0.417257607 0.001570097 0.999991357 0.003848109 -0.654436946 -0.001104093 -0.003846378 0.999991953 23.905115128
0.999999523 0.000057902 0.000952602 0.425113946 -0.000061565 0.999992609 0.003845376 -0.660774887 -0.000952372 -0.003845433 0.999992192 24.455308914
0.999999881 0.000428813 0.000386145 0.426175475 -0.000430349 0.999991953 0.003987406 -0.673074484 -0.000384431 -0.003987572 0.999991953 24.982450485
0.999999762 0.000569175 0.000313237 0.414668918 -0.000570429 0.999991775 0.004018872 -0.693576932 -0.000310947 -0.004019049 0.999991834 25.473407745
0.999999762 0.000716138 0.000021937 0.425165087 -0.000716210 0.999993563 0.003513685 -0.699568272 -0.000019420 -0.003513699 0.999993861 26.035762787
0.999998748 0.001570904 0.000153664 0.426966608 -0.001571449 0.999992192 0.003611756 -0.710987985 -0.000147989 -0.003611993 0.999993443 26.587234497
0.999999285 0.001072594 -0.000319406 0.429780513 -0.001071565 0.999994338 0.003206484 -0.714011967 0.000322844 -0.003206139 0.999994814 27.168872833
0.999998868 0.000827047 -0.001271372 0.444301724 -0.000822359 0.999992907 0.003683245 -0.736097515 0.001274409 -0.003682195 0.999992430 27.614055634
0.999999166 0.000845316 -0.001047291 0.450151742 -0.000841619 0.999993503 0.003525589 -0.742531419 0.001050264 -0.003524704 0.999993324 28.175971985
0.999998271 0.001546890 -0.001101984 0.461005121 -0.001542022 0.999989152 0.004404976 -0.765648484 0.001108786 -0.004403269 0.999989688 28.715059280
0.999998450 0.000642486 -0.001675192 0.472341180 -0.000636188 0.999992788 0.003757023 -0.776223361 0.001677594 -0.003755952 0.999991536 29.277000427
0.999996901 0.000760090 -0.002377822 0.456246495 -0.000750768 0.999992132 0.003918827 -0.794423342 0.002380781 -0.003917030 0.999989510 29.738206863
0.999996543 0.001683323 -0.002060788 0.462080628 -0.001674877 0.999990165 0.004093469 -0.809270501 0.002067659 -0.004090003 0.999989510 30.292934418
0.999996006 0.002314979 -0.001631344 0.467328370 -0.002308032 0.999988258 0.004247657 -0.823972225 0.001641158 -0.004243874 0.999989629 30.822124481
0.999996006 0.001375569 -0.002466025 0.471404701 -0.001365481 0.999990702 0.004088466 -0.842696369 0.002471626 -0.004085082 0.999988616 31.349325180
0.999994159 0.001836450 -0.002870381 0.487106562 -0.001824481 0.999989629 0.004167042 -0.856703103 0.002878004 -0.004161782 0.999987304 31.900449753
0.999992013 0.002632199 -0.003016368 0.491281390 -0.002621006 0.999989629 0.003708642 -0.860048294 0.003026099 -0.003700706 0.999988616 32.453479767
0.999994397 0.000908442 -0.003208948 0.485940486 -0.000895710 0.999991655 0.003967206 -0.876831830 0.003212526 -0.003964310 0.999987006 32.958724976
0.999994576 0.001229964 -0.003068710 0.494888842 -0.001218001 0.999991655 0.003897054 -0.888566315 0.003073477 -0.003893295 0.999987721 33.511020660
0.999992669 0.000771856 -0.003747648 0.508693397 -0.000757082 0.999991894 0.003942026 -0.900974095 0.003750660 -0.003939161 0.999985218 34.046115875
0.999993443 0.001372620 -0.003330605 0.495554566 -0.001358550 0.999990165 0.004223326 -0.918478727 0.003336369 -0.004218774 0.999985516 34.538940430
0.999993026 0.001403732 -0.003459693 0.506710529 -0.001389672 0.999990761 0.004062871 -0.926901817 0.003465365 -0.004058036 0.999985754 35.090778351
0.999993980 0.001302405 -0.003230703 0.515106320 -0.001289772 0.999991596 0.003909152 -0.945553958 0.003235767 -0.003904962 0.999987125 35.622257233
0.999994576 0.000889442 -0.003173774 0.502593815 -0.000876251 0.999991000 0.004155051 -0.951995730 0.003177441 -0.004152248 0.999986351 36.132030487
0.999993503 0.001541615 -0.003255614 0.509114861 -0.001527806 0.999989808 0.004239190 -0.963509917 0.003262116 -0.004234189 0.999985695 36.683536530
0.999992847 0.001990533 -0.003229944 0.518500090 -0.001978818 0.999991536 0.003625916 -0.974047661 0.003237134 -0.003619498 0.999988258 37.235935211
0.999993563 0.001700863 -0.003163445 0.509649396 -0.001689478 0.999992073 0.003597987 -0.985844612 0.003169540 -0.003592619 0.999988437 37.725498199
0.999992728 0.002621662 -0.002790245 0.515273333 -0.002613042 0.999991775 0.003088471 -0.992884755 0.002798319 -0.003081157 0.999991298 38.276817322
0.999993443 0.002284347 -0.002799185 0.522552490 -0.002274041 0.999990523 0.003679920 -1.009550333 0.002807565 -0.003673530 0.999989212 38.817417145
0.999993980 0.001731953 -0.003012333 0.515644372 -0.001720903 0.999991715 0.003666737 -1.018859625 0.003018659 -0.003661531 0.999988735 39.303344727
0.999993742 0.001874054 -0.003015540 0.527271330 -0.001862788 0.999991298 0.003734533 -1.035210609 0.003022512 -0.003728892 0.999988496 39.851856232
0.999994814 0.001749672 -0.002693175 0.535790503 -0.001740894 0.999993086 0.003258105 -1.040420771 0.002698857 -0.003253400 0.999991059 40.406368256
0.999992907 0.001949578 -0.003197828 0.529976130 -0.001938191 0.999991715 0.003559890 -1.056827903 0.003204743 -0.003553668 0.999988556 40.905826569
0.999993265 0.002338648 -0.002790031 0.535214305 -0.002328891 0.999991119 0.003495556 -1.067731738 0.002798182 -0.003489036 0.999989986 41.456565857
0.999993503 0.002119656 -0.002871874 0.551912308 -0.002108310 0.999989986 0.003948189 -1.083138347 0.002880214 -0.003942109 0.999988079 41.991455078
0.999992311 0.002192514 -0.003240073 0.547384679 -0.002180948 0.999991179 0.003569582 -1.083946705 0.003247870 -0.003562488 0.999988377 42.485630035
0.999993205 0.002414732 -0.002791000 0.555876493 -0.002405863 0.999992013 0.003177121 -1.100387931 0.002798649 -0.003170385 0.999991059 43.036350250
0.999993503 0.002315559 -0.002749053 0.560896754 -0.002307732 0.999993265 0.002846892 -1.109185696 0.002755627 -0.002840529 0.999992132 43.588794708
0.999992073 0.003213032 -0.002410585 0.550045669 -0.003205142 0.999989510 0.003270472 -1.122241974 0.002421067 -0.003262719 0.999991775 44.064987183
0.999992073 0.003026779 -0.002600721 0.561089754 -0.003019533 0.999991596 0.002785749 -1.129239082 0.002609131 -0.002777874 0.999992788 44.622428894
0.999991953 0.003335250 -0.002237110 0.567337513 -0.003328716 0.999990225 0.002917977 -1.146660328 0.002246820 -0.002910507 0.999993265 45.179752350
0.999990880 0.003615775 -0.002260135 0.556400478 -0.003608839 0.999988794 0.003065720 -1.161491871 0.002271195 -0.003057535 0.999992669 45.657550812
0.999990165 0.003547220 -0.002643148 0.571515977 -0.003538557 0.999988377 0.003274662 -1.171837091 0.002654733 -0.003265277 0.999991119 46.203727722
0.999989867 0.003487233 -0.002831278 0.583199918 -0.003477434 0.999988019 0.003458764 -1.186169624 0.002843305 -0.003448884 0.999989927 46.763149261
0.999993324 0.002577458 -0.002557879 0.575089753 -0.002570401 0.999993026 0.002759052 -1.189741373 0.002564971 -0.002752459 0.999992907 47.268768311
0.999991059 0.003796810 -0.001816995 0.573813200 -0.003791865 0.999989152 0.002717498 -1.202153802 0.001827293 -0.002710584 0.999994636 47.813037872
0.999993265 0.002619126 -0.002540601 0.592637062 -0.002613225 0.999993920 0.002323718 -1.211662650 0.002546672 -0.002317063 0.999994099 48.378997803
0.999991000 0.003920968 -0.001636090 0.580372870 -0.003916983 0.999989390 0.002431331 -1.219669700 0.001645605 -0.002424901 0.999995649 48.860664368
0.999989390 0.004301767 -0.001674427 0.584771156 -0.004297519 0.999987602 0.002531899 -1.232459545 0.001685299 -0.002524676 0.999995410 49.408756256
0.999988854 0.004170249 -0.002233763 0.598026216 -0.004165286 0.999988914 0.002221615 -1.248125076 0.002243002 -0.002212286 0.999995053 49.930725098
0.999990940 0.003834224 -0.001880962 0.600538611 -0.003830086 0.999990344 0.002198855 -1.256356478 0.001889375 -0.002191630 0.999995828 50.505355835
0.999990463 0.003981902 -0.001745542 0.586524189 -0.003977821 0.999989390 0.002335088 -1.262216330 0.001754822 -0.002328122 0.999995768 50.940715790
0.999990284 0.004220740 -0.001220910 0.592407942 -0.004218406 0.999989331 0.001906991 -1.274719834 0.001228946 -0.001901822 0.999997437 51.492317200
0.999987304 0.004981300 -0.000616855 0.599552214 -0.004980035 0.999985576 0.002036313 -1.286120534 0.000626990 -0.002033215 0.999997795 52.041248322
0.999989867 0.004337851 -0.001216679 0.603724837 -0.004335182 0.999988139 0.002189299 -1.304610014 0.001226162 -0.002184002 0.999996841 52.565006256
0.999991298 0.003963399 -0.001319188 0.617035866 -0.003961222 0.999990761 0.001650001 -1.315701723 0.001325715 -0.001644761 0.999997735 53.117885590
0.999990046 0.004344032 -0.001009089 0.629869461 -0.004343057 0.999990106 0.000967780 -1.319545031 0.001013283 -0.000963388 0.999998927 53.679271698
0.999988019 0.004771796 -0.001016727 0.624490023 -0.004769844 0.999986708 0.001913110 -1.345270514 0.001025843 -0.001908237 0.999997675 54.133506775
0.999986410 0.005140659 -0.000759657 0.634118676 -0.005139639 0.999985814 0.001339589 -1.354953885 0.000766533 -0.001335666 0.999998868 54.677581787
0.999987721 0.004881299 -0.000817655 0.642669022 -0.004879821 0.999986410 0.001801922 -1.370891213 0.000826439 -0.001797910 0.999998093 55.210384369
0.999987006 0.005084679 -0.000332455 0.638321698 -0.005084166 0.999985933 0.001528937 -1.379742026 0.000340225 -0.001527226 0.999998748 55.735847473
0.999982655 0.005898537 0.000178014 0.644655228 -0.005898784 0.999981642 0.001419447 -1.393291116 -0.000169638 -0.001420472 0.999998927 56.275512695
0.999986649 0.005149639 -0.000137164 0.658626556 -0.005149504 0.999986291 0.000971512 -1.404041052 0.000142165 -0.000970792 0.999999464 56.838611603
0.999984205 0.005624722 0.000168441 0.667719722 -0.005624845 0.999983907 0.000744998 -1.415186048 -0.000164248 -0.000745934 0.999999702 57.389049530
0.999985933 0.005322838 -0.000191749 0.656939983 -0.005322637 0.999985218 0.001028268 -1.415159345 0.000197219 -0.001027232 0.999999404 57.830043793
0.999979675 0.006336866 0.000681689 0.664080381 -0.006337538 0.999979436 0.000988879 -1.431269884 -0.000675409 -0.000993179 0.999999225 58.379497528
0.999983251 0.005773577 0.000361740 0.682532251 -0.005773743 0.999983251 0.000457979 -1.443512082 -0.000359090 -0.000460060 0.999999881 58.932312012
0.999983847 0.005675434 0.000054336 0.668534219 -0.005675468 0.999983668 0.000678993 -1.456423521 -0.000050482 -0.000679291 0.999999702 59.441383362
0.999977171 0.006739923 0.000374551 0.676635623 -0.006739966 0.999977231 0.000112183 -1.468581915 -0.000373787 -0.000114705 0.999999881 59.990180969
0.999979377 0.006335950 0.001051041 0.687396884 -0.006336484 0.999979794 0.000505762 -1.484883666 -0.001047816 -0.000512411 0.999999344 60.533775330
0.999982417 0.005872692 0.000762417 0.681087375 -0.005873065 0.999982655 0.000488483 -1.505096078 -0.000759535 -0.000492952 0.999999583 61.019256592
0.999982119 0.005951773 0.000456956 0.696945608 -0.005952083 0.999982059 0.000681498 -1.521043777 -0.000452891 -0.000684206 0.999999642 61.564132690
0.999981582 0.005992406 0.000922363 0.708379209 -0.005993712 0.999981046 0.001421385 -1.535937786 -0.000913828 -0.001426887 0.999998569 62.118549347
0.999977946 0.006497556 0.001386181 0.698494315 -0.006498187 0.999978781 0.000451722 -1.548354387 -0.001383217 -0.000460720 0.999998927 62.628326416
0.999979973 0.006227012 0.001119444 0.711210668 -0.006227611 0.999980450 0.000531506 -1.562679410 -0.001116113 -0.000538467 0.999999225 63.164825439
0.999974847 0.006870941 0.001794169 0.717857659 -0.006871981 0.999976218 0.000573892 -1.578022838 -0.001790183 -0.000586207 0.999998271 63.706550598
0.999977708 0.006399253 0.001907976 0.713938951 -0.006400010 0.999979436 0.000390136 -1.587336063 -0.001905440 -0.000402339 0.999998093 64.196601868
0.999977589 0.006414337 0.001913477 0.726508498 -0.006415391 0.999979198 0.000544815 -1.600836039 -0.001909942 -0.000557078 0.999998033 64.745956421
0.999980390 0.005914224 0.002024470 0.736307681 -0.005913481 0.999982417 -0.000372670 -1.608273864 -0.002026638 0.000360691 0.999997914 65.305778503
0.999976695 0.006420822 0.002286168 0.737144351 -0.006420454 0.999979377 -0.000167037 -1.628321528 -0.002287193 0.000152355 0.999997377 65.791351318
0.999972939 0.006918734 0.002458915 0.748388469 -0.006918916 0.999976039 0.000066313 -1.644854665 -0.002458397 -0.000083324 0.999997020 66.334304810
0.999972582 0.006903156 0.002680067 0.762832403 -0.006903927 0.999976099 0.000278976 -1.663432002 -0.002678077 -0.000297472 0.999996364 66.887107849
0.999969959 0.007152048 0.002983541 0.758116603 -0.007150714 0.999974310 -0.000457507 -1.665396690 -0.002986737 0.000436159 0.999995470 67.422782898
0.999972045 0.006788062 0.003114919 0.769281328 -0.006787032 0.999976873 -0.000341098 -1.679564953 -0.003117162 0.000319947 0.999995053 67.973777771
0.999974608 0.006733743 0.002323501 0.792324185 -0.006734408 0.999977231 0.000278519 -1.713494658 -0.002321573 -0.000294160 0.999997318 68.487503052
0.999967277 0.007385307 0.003304947 0.779950678 -0.007384600 0.999972701 -0.000225911 -1.712493300 -0.003306526 0.000201498 0.999994516 69.000885010
0.999965727 0.007565161 0.003375126 0.789828002 -0.007563209 0.999971271 -0.000590452 -1.723732948 -0.003379497 0.000564905 0.999994159 69.562515259
0.999962628 0.007762917 0.003805731 0.803467035 -0.007760121 0.999969542 -0.000748110 -1.738717079 -0.003811423 0.000718549 0.999992430 70.110160828
0.999966204 0.007458947 0.003463522 0.810656130 -0.007457166 0.999972045 -0.000527542 -1.751177192 -0.003467361 0.000501696 0.999993801 70.621826172
0.999969900 0.007187500 0.002924449 0.828098893 -0.007185112 0.999973834 -0.000825987 -1.765746474 -0.002930309 0.000804949 0.999995351 71.178993225
0.999961197 0.008088194 0.003500239 0.833570361 -0.008086043 0.999967098 -0.000628736 -1.781006575 -0.003505210 0.000600408 0.999993622 71.734626770
0.999964416 0.007533859 0.003800632 0.831303716 -0.007531137 0.999971390 -0.000729864 -1.787964582 -0.003806022 0.000701214 0.999992490 72.237144470
0.999965727 0.007282101 0.003934050 0.848017097 -0.007278428 0.999973059 -0.000946793 -1.801369786 -0.003940838 0.000918127 0.999991775 72.799476624
0.999959528 0.008001671 0.004113126 0.856300652 -0.007998496 0.999967694 -0.000786453 -1.817016959 -0.004119286 0.000753523 0.999991238 73.304580688
0.999956787 0.008149131 0.004469342 0.869549394 -0.008143646 0.999966025 -0.001243733 -1.825840354 -0.004479325 0.001207283 0.999989212 73.872070312
0.999960005 0.008059700 0.003866802 0.884912491 -0.008055979 0.999967217 -0.000977705 -1.847442985 -0.003874555 0.000946515 0.999992013 74.380989075
0.999947309 0.009387854 0.004137292 0.892552376 -0.009383149 0.999955416 -0.001155703 -1.861164689 -0.004147957 0.001116822 0.999990821 74.927642822
0.999952316 0.008795907 0.004244976 0.906336188 -0.008789453 0.999960244 -0.001537759 -1.872970462 -0.004258333 0.001500374 0.999989808 75.489349365
0.999948800 0.009043565 0.004541318 0.902141333 -0.009035416 0.999957561 -0.001811445 -1.889482737 -0.004557509 0.001770320 0.999988019 75.977416992
0.999950111 0.009017467 0.004295970 0.915585399 -0.009011712 0.999958456 -0.001356726 -1.905787945 -0.004308024 0.001317944 0.999989867 76.536155701
0.999947846 0.008871137 0.005049472 0.925547063 -0.008867729 0.999960482 -0.000696594 -1.925644636 -0.005055451 0.000651781 0.999987006 77.057075500
0.999945641 0.009196715 0.004912638 0.934564948 -0.009189785 0.999956727 -0.001431959 -1.934793353 -0.004925595 0.001386735 0.999986827 77.542533875
0.999942422 0.009725772 0.004517375 0.948800325 -0.009718686 0.999951541 -0.001587934 -1.950762153 -0.004532599 0.001543939 0.999988496 78.094230652
0.999943256 0.009459444 0.004900926 0.963521540 -0.009450413 0.999953568 -0.001862888 -1.969364047 -0.004918320 0.001816467 0.999986231 78.652992249
0.999936402 0.009368449 0.006274738 0.966235220 -0.009357681 0.999954700 -0.001743613 -1.983507872 -0.006290789 0.001684785 0.999978781 79.157356262
0.999924123 0.009484439 0.007857224 0.979625583 -0.009469554 0.999953270 -0.001929661 -2.001235247 -0.007875158 0.001855111 0.999967277 79.700355530
0.999914169 0.009305673 0.009212685 0.991626263 -0.009282345 0.999953687 -0.002571435 -2.014398813 -0.009236187 0.002485700 0.999954164 80.247436523
0.999903560 0.009602974 0.010026908 1.004325151 -0.009585264 0.999952435 -0.001812715 -2.033454180 -0.010043840 0.001716430 0.999948084 80.771286011
0.999860466 0.010139616 0.013271342 1.027013183 -0.010113386 0.999946833 -0.002042141 -2.047558784 -0.013291342 0.001907638 0.999909818 81.324760437
0.999793589 0.010047650 0.017658370 1.048873067 -0.010008637 0.999947369 -0.002296436 -2.055866957 -0.017680513 0.002119225 0.999841392 81.877456665
0.999743879 0.009950861 0.020325674 1.066411972 -0.009912730 0.999948919 -0.001975820 -2.076096296 -0.020344296 0.001773831 0.999791443 82.413696289
0.999641836 0.010155515 0.024761099 1.094764233 -0.010109507 0.999946952 -0.001982452 -2.090389013 -0.024779920 0.001731419 0.999691427 82.966362000
0.999466062 0.010231974 0.031030118 1.124554157 -0.010168665 0.999945939 -0.002197427 -2.110940456 -0.031050922 0.001880719 0.999516010 83.503234863
0.999273598 0.009953432 0.036786329 1.148340344 -0.009872307 0.999948442 -0.002386286 -2.123501539 -0.036808174 0.002021386 0.999320328 84.064529419
0.999024391 0.010494405 0.042898372 1.183859825 -0.010398131 0.999942899 -0.002466781 -2.139659405 -0.042921811 0.002018312 0.999076426 84.610549927
0.998652220 0.009831080 0.050962016 1.231617928 -0.009723593 0.999949932 -0.002356706 -2.152417660 -0.050982628 0.001857996 0.998697758 85.174308777
0.998167098 0.009905295 0.059703261 1.283308506 -0.009743123 0.999948025 -0.003006798 -2.162628651 -0.059729941 0.002419590 0.998211563 85.734321594
0.997746348 0.009498064 0.066422090 1.334661007 -0.009340856 0.999952793 -0.002676926 -2.183846951 -0.066444375 0.002050454 0.997788012 86.274612427
0.997068644 0.009907124 0.075867258 1.392287254 -0.009695363 0.999948025 -0.003158997 -2.196121216 -0.075894609 0.002414177 0.997112930 86.823593140
0.996252060 0.009832349 0.085937753 1.459421158 -0.009572462 0.999948263 -0.003435672 -2.216592312 -0.085967094 0.002600159 0.996294618 87.326469421
0.995475113 0.009531450 0.094543509 1.524196148 -0.009264459 0.999951780 -0.003262521 -2.229744911 -0.094570056 0.002371863 0.995515347 87.911582947
0.994754851 0.008968909 0.101893924 1.601427555 -0.008640883 0.999955952 -0.003660199 -2.240777493 -0.101922251 0.002760547 0.994788527 88.463058472
0.993667185 0.009092348 0.111995004 1.682384491 -0.008746413 0.999955356 -0.003579774 -2.260287285 -0.112022541 0.002577550 0.993702352 88.993522644
0.992394030 0.009907533 0.122701965 1.752670288 -0.009537590 0.999948144 -0.003601939 -2.263940811 -0.122731276 0.002404262 0.992436945 89.530593872
0.991134942 0.009045183 0.132550329 1.843639374 -0.008584180 0.999954998 -0.004048952 -2.280898571 -0.132580966 0.002875221 0.991167963 90.084106445
0.989585102 0.009236541 0.143652603 1.947575569 -0.008807102 0.999954641 -0.003625029 -2.302208900 -0.143679574 0.002322112 0.989621520 90.606376648
0.987547338 0.010234358 0.156988427 2.042294502 -0.009753236 0.999944985 -0.003834747 -2.324847221 -0.157019079 0.002255848 0.987592936 91.142974854
0.985928655 0.009055915 0.166921094 2.130047798 -0.008562273 0.999956548 -0.003676783 -2.325038195 -0.166947126 0.002195822 0.985963404 91.617317200
0.984092474 0.009064531 0.177425697 2.247893333 -0.008492821 0.999956071 -0.003981457 -2.336883545 -0.177454025 0.002411277 0.984126151 92.165321350
0.981698215 0.008950801 0.190232769 2.368953705 -0.008320209 0.999956965 -0.004113292 -2.355313063 -0.190261409 0.002455236 0.981730402 92.704513550
0.979328394 0.007734835 0.202128842 2.501314163 -0.006977915 0.999965727 -0.004457063 -2.368892193 -0.202156395 0.002954491 0.979348779 93.212348938
0.977102697 0.007529268 0.212635070 2.633850098 -0.006836897 0.999968648 -0.003991254 -2.389679909 -0.212658480 0.002446100 0.977123559 93.750358582
0.974053085 0.007288277 0.226202264 2.771486282 -0.006582601 0.999970794 -0.003873794 -2.409137011 -0.226223916 0.002284281 0.974072576 94.271774292
0.970887065 0.007373678 0.239424214 2.911897659 -0.006422607 0.999968052 -0.004752311 -2.409765959 -0.239451617 0.003076229 0.970903397 94.834632874
0.968149602 0.007226151 0.250268549 3.071512222 -0.006142898 0.999968112 -0.005109224 -2.427105427 -0.250297517 0.003409118 0.968163013 95.356544495
0.965424478 0.005490758 0.260625035 3.254877090 -0.004218172 0.999976337 -0.005441921 -2.447557926 -0.260648757 0.004154401 0.965424716 95.838729858
0.961520195 0.006803669 0.274650097 3.385746002 -0.005730363 0.999972463 -0.004710072 -2.451584101 -0.274674594 0.002954985 0.961532712 96.329574585
0.957904756 0.006385481 0.287015200 3.569431305 -0.005042224 0.999972582 -0.005419001 -2.467571735 -0.287041992 0.003743692 0.957910717 96.856094360
0.954404533 0.006535374 0.298444867 3.753900528 -0.005156697 0.999971986 -0.005406751 -2.478370428 -0.298471868 0.003621237 0.954411626 97.390823364
0.949779153 0.006525760 0.312852740 3.900838852 -0.005291182 0.999974489 -0.004795026 -2.504724741 -0.312876016 0.002898856 0.949789524 97.847808838
0.945136011 0.005061916 0.326637864 4.110698700 -0.003488180 0.999979317 -0.005403558 -2.519989252 -0.326658458 0.003967726 0.945134163 98.367630005
0.940940559 0.005948283 0.338519514 4.313043594 -0.004327101 0.999975264 -0.005543527 -2.531862259 -0.338544101 0.003751321 0.940943062 98.874465942
0.936320186 0.005079794 0.351110756 4.541975021 -0.003204901 0.999977350 -0.005920827 -2.551393986 -0.351132870 0.004418515 0.936315238 99.417289734
0.931015372 0.003566714 0.364962697 4.751113892 -0.001514646 0.999981344 -0.005908792 -2.574598551 -0.364976943 0.004948386 0.931003451 99.879882812
0.926183581 0.003520589 0.377056450 4.933895111 -0.001705682 0.999985218 -0.005147141 -2.578305721 -0.377069026 0.004124058 0.926175952 100.265686035
0.921196163 0.003608897 0.389081806 5.161026001 -0.001785369 0.999985695 -0.005048216 -2.597527504 -0.389094442 0.003955742 0.921189427 100.766563416
0.915172219 0.003160684 0.403050959 5.407516479 -0.001097109 0.999984980 -0.005350670 -2.605522871 -0.403061867 0.004454594 0.915161908 101.259544373
0.909581006 0.002832398 0.415517092 5.661605835 -0.000511319 0.999983549 -0.005697156 -2.612179041 -0.415526450 0.004969563 0.909567595 101.741935730
0.904456675 0.003051245 0.426554471 5.906082153 -0.000709557 0.999983788 -0.005648592 -2.633661747 -0.426564783 0.004806242 0.904444218 102.192916870
0.898840249 0.001524439 0.438273877 6.159015656 0.000649627 0.999988139 -0.004810533 -2.677597523 -0.438276052 0.004608615 0.898828626 102.630264282
0.891279876 0.003600494 0.453439295 6.349464417 -0.001503901 0.999986410 -0.004984240 -2.670486689 -0.453451037 0.003760424 0.891273260 103.173400879
0.885143220 0.003026511 0.465308696 6.627632141 -0.000700262 0.999986470 -0.005172132 -2.682924509 -0.465318024 0.004252239 0.885133386 103.655380249
0.879453301 0.002163721 0.475980192 6.925392151 0.000480188 0.999985218 -0.005432981 -2.694773674 -0.475984871 0.005006612 0.879439235 104.150451660
0.871368647 0.002919898 0.490620136 7.206226349 -0.000639473 0.999988258 -0.004815633 -2.725558519 -0.490628421 0.003882453 0.871360302 104.623382568
0.863996089 0.002769314 0.503490865 7.455284119 -0.000189072 0.999986589 -0.005175704 -2.725799084 -0.503498435 0.004376593 0.863985062 105.079879761
