1.000000000 0.000000000 0.000000000 0.000000000 0.000000000 1.000000000 0.000000000 0.000000000 0.000000000 0.000000000 1.000000000 0.000000000
1.000000000 0.000033523 -0.000061105 -0.000020648 -0.000033524 1.000000000 -0.000004539 0.000350889 0.000061105 0.000004541 1.000000000 -0.000647503
1.000000000 0.000035787 0.000003491 -0.000083143 -0.000035787 1.000000000 0.000014590 0.000277752 -0.000003491 -0.000014590 1.000000000 -0.000492983
1.000000000 -0.000108357 0.000024715 0.000643072 0.000108359 1.000000000 -0.000081557 0.001749688 -0.000024706 0.000081560 1.000000000 0.001450467
1.000000000 -0.000070701 0.000020739 -0.000266165 0.000070701 1.000000000 0.000000618 0.000037682 -0.000020739 -0.000000616 1.000000000 -0.000680295
1.000000000 -0.000046729 0.000104926 -0.000316277 0.000046738 1.000000000 -0.000081066 0.001320521 -0.000104922 0.000081071 1.000000000 0.000910930
1.000000000 -0.000137671 0.000037434 0.000141334 0.000137673 1.000000000 -0.000054954 0.000415654 -0.000037427 0.000054959 1.000000000 0.000203102
1.000000000 0.000030792 0.000076451 -0.001236162 -0.000030796 1.000000000 0.000050391 -0.001069315 -0.000076449 -0.000050393 1.000000000 -0.002079258
1.000000000 -0.000110782 -0.000106457 -0.000058438 0.000110781 1.000000000 -0.000011184 -0.001540281 0.000106458 0.000011172 1.000000000 -0.002344550
1.000000000 -0.000093599 0.000012808 -0.000437785 0.000093598 1.000000000 0.000064595 -0.001526810 -0.000012814 -0.000064594 1.000000000 -0.001630055
1.000000000 -0.000052338 -0.000001222 -0.000860489 0.000052338 1.000000000 0.000096403 -0.001516862 0.000001217 -0.000096403 1.000000000 -0.001303991
1.000000000 -0.000048508 0.000008184 -0.000649992 0.000048507 1.000000000 0.000096924 -0.001305214 -0.000008188 -0.000096924 1.000000000 -0.001909360
1.000000000 -0.000033764 0.000015876 -0.001068599 0.000033763 1.000000000 0.000072420 -0.001369672 -0.000015879 -0.000072419 1.000000000 -0.001729383
1.000000000 -0.000104812 0.000038913 -0.000320992 0.000104809 1.000000000 0.000059721 -0.000634330 -0.000038919 -0.000059717 1.000000000 0.000277092
1.000000000 -0.000115354 -0.000060571 -0.000517581 0.000115353 1.000000000 -0.000011843 -0.000508472 0.000060572 0.000011836 1.000000000 -0.000711595
1.000000000 0.000112619 0.000018126 -0.000646818 -0.000112619 1.000000000 0.000018920 -0.000072412 -0.000018124 -0.000018922 1.000000000 -0.000124932
1.000000000 -0.000025143 -0.000008918 -0.000986083 0.000025143 1.000000000 -0.000016470 -0.000610000 0.000008919 0.000016469 1.000000000 -0.000909741
1.000000000 -0.000007558 -0.000031295 -0.000998664 0.000007558 1.000000000 -0.000018790 -0.000359069 0.000031296 0.000018790 1.000000000 -0.000018572
1.000000000 0.000039644 0.000083690 -0.001899809 -0.000039643 1.000000000 -0.000016527 0.000482776 -0.000083691 0.000016524 1.000000000 0.000647894
1.000000000 0.000102928 0.000161350 -0.001325784 -0.000102926 1.000000000 -0.000012280 0.000606124 -0.000161351 0.000012264 1.000000000 0.002803207
1.000000000 -0.000078330 0.000029319 -0.000556500 0.000078330 1.000000000 -0.000018446 0.000095863 -0.000029318 0.000018448 1.000000000 0.001240457
1.000000000 -0.000046760 0.000009085 -0.001432438 0.000046760 1.000000000 -0.000018802 0.000444219 -0.000009084 0.000018802 1.000000000 0.000440692
1.000000000 0.000162916 -0.000037118 -0.000193838 -0.000162916 1.000000000 0.000004807 0.000708811 0.000037119 -0.000004801 1.000000000 0.001964296
1.000000000 0.000017478 0.000012519 -0.001090239 -0.000017478 1.000000000 -0.000004590 0.000376531 -0.000012519 0.000004590 1.000000000 0.000854932
0.999999940 0.000230955 -0.000097326 -0.000668925 -0.000230959 1.000000000 -0.000037627 0.000817506 0.000097318 0.000037649 1.000000000 0.001254585
1.000000000 0.000165642 -0.000023127 -0.001664052 -0.000165640 1.000000000 0.000053529 0.000199794 0.000023136 -0.000053525 1.000000000 0.000326994
1.000000000 0.000206017 -0.000013325 0.000128290 -0.000206017 1.000000000 -0.000040156 0.002448724 0.000013317 0.000040159 1.000000000 0.003172325
1.000000000 0.000102879 0.000057090 -0.000581037 -0.000102881 1.000000000 0.000034429 0.001551418 -0.000057086 -0.000034435 1.000000000 0.002499179
1.000000000 0.000166868 -0.000012978 -0.000881917 -0.000166868 1.000000000 -0.000008662 0.000931527 0.000012976 0.000008664 1.000000000 0.000378590
1.000000000 0.000116597 0.000029723 -0.001376676 -0.000116599 1.000000000 0.000064599 -0.000081814 -0.000029715 -0.000064603 1.000000000 0.001006507
1.000000000 0.000081412 0.000144761 -0.001322961 -0.000081428 1.000000000 0.000115462 0.000295988 -0.000144751 -0.000115474 1.000000000 0.002875319
1.000000000 0.000094775 0.000103386 -0.001279694 -0.000094771 1.000000000 -0.000030555 0.001655345 -0.000103389 0.000030545 1.000000000 0.002786179
1.000000000 0.000080371 0.000020815 0.000292236 -0.000080369 1.000000000 -0.000111539 0.002715677 -0.000020824 0.000111537 1.000000000 0.003365681
1.000000000 0.000181233 0.000063691 -0.000936591 -0.000181229 1.000000000 -0.000065269 0.001211895 -0.000063702 0.000065257 1.000000000 0.002062108
1.000000000 0.000079734 0.000072836 -0.002388205 -0.000079732 1.000000000 -0.000016939 0.000573896 -0.000072838 0.000016933 1.000000000 0.000000872
1.000000000 0.000127621 0.000123615 -0.001375780 -0.000127610 1.000000000 -0.000090173 0.001639876 -0.000123626 0.000090157 1.000000000 0.002144901
1.000000000 0.000151080 0.000028098 -0.000785158 -0.000151082 1.000000000 0.000061346 0.000742595 -0.000028089 -0.000061351 1.000000000 0.001951380
1.000000000 0.000055076 0.000066674 -0.001405373 -0.000055082 1.000000000 0.000082294 0.001214312 -0.000066670 -0.000082298 1.000000000 0.002324702
1.000000000 0.000138791 0.000071921 -0.001512436 -0.000138797 1.000000000 0.000084451 0.000816519 -0.000071909 -0.000084461 1.000000000 0.000819707
0.999999940 0.000307935 0.000136258 -0.001867275 -0.000307941 0.999999940 0.000045222 0.002673292 -0.000136244 -0.000045264 1.000000000 0.003518804
1.000000000 0.000071720 0.000058607 -0.000842147 -0.000071717 1.000000000 -0.000050092 0.001778303 -0.000058611 0.000050088 1.000000000 0.004394326
1.000000000 0.000178310 0.000061136 0.001027142 -0.000178264 0.999999702 -0.000752872 0.000264256 -0.000061270 0.000752861 0.999999702 0.052778307
0.999999940 0.000248762 0.000186112 -0.001679559 -0.000248512 0.999999046 -0.001341944 -0.002855426 -0.000186445 0.001341898 0.999999106 0.136170790
1.000000000 -0.000020181 0.000126276 0.002424234 0.000020382 0.999998748 -0.001588510 -0.006519378 -0.000126244 0.001588512 0.999998748 0.252103031
0.999999940 0.000230145 0.000192546 0.005459968 -0.000229892 0.999999106 -0.001312826 -0.008368964 -0.000192848 0.001312782 0.999999106 0.389222175
1.000000000 -0.000038282 0.000030754 0.008945088 0.000038317 0.999999344 -0.001139501 -0.012231437 -0.000030710 0.001139502 0.999999344 0.536779761
0.999999940 -0.000307138 0.000077589 0.009580991 0.000307230 0.999999225 -0.001193897 -0.016546562 -0.000077222 0.001193921 0.999999285 0.681678653
0.999999940 0.000269460 0.000171694 0.020389272 -0.000269295 0.999999523 -0.000960355 -0.018560536 -0.000171953 0.000960309 0.999999523 0.849805236
0.999999523 0.000352812 0.000882023 0.000626222 -0.000352311 0.999999762 -0.000568000 -0.026396198 -0.000882223 0.000567689 0.999999464 1.018977046
0.999999881 0.000242851 0.000431819 0.019540058 -0.000242390 0.999999404 -0.001066726 -0.024368012 -0.000432078 0.001066621 0.999999344 1.209795117
0.999994099 0.003241344 0.001144433 0.013062165 -0.003241505 0.999994755 0.000138747 -0.051276255 -0.001143977 -0.000142456 0.999999344 1.378580570
0.999991059 0.004080650 0.001093719 0.016454011 -0.004080822 0.999991655 0.000155012 -0.054991528 -0.001093077 -0.000159474 0.999999404 1.571312785
0.999994159 0.003083583 0.001456346 0.018286129 -0.003084081 0.999995112 0.000339165 -0.060906965 -0.001455293 -0.000343655 0.999998868 1.775164723
0.999993384 0.003403548 0.001241906 0.021984203 -0.003403927 0.999994099 0.000302874 -0.064583950 -0.001240868 -0.000307099 0.999999166 1.976260066
0.999996126 0.002569494 0.001051229 0.029471030 -0.002569885 0.999996662 0.000371017 -0.071997061 -0.001050272 -0.000373717 0.999999344 2.182105064
0.999993622 0.003048271 0.001835611 0.028921433 -0.003049091 0.999995172 0.000443541 -0.075386629 -0.001834251 -0.000449136 0.999998212 2.410368204
0.999991834 0.003592666 0.001881799 0.033643566 -0.003593351 0.999993503 0.000360670 -0.082321152 -0.001880491 -0.000367429 0.999998152 2.635722160
0.999991417 0.003618911 0.002032359 0.034987591 -0.003619925 0.999993324 0.000495350 -0.089073174 -0.002030553 -0.000502703 0.999997854 2.872073412
0.999993026 0.003166097 0.001980513 0.043749813 -0.003167491 0.999994755 0.000701295 -0.095182069 -0.001978282 -0.000707564 0.999997795 3.097802162
0.999992669 0.003288627 0.001912636 0.050464042 -0.003290026 0.999994278 0.000728926 -0.101490848 -0.001910228 -0.000735213 0.999997914 3.330302000
0.999992609 0.003226746 0.002093583 0.055152755 -0.003228630 0.999994457 0.000897423 -0.113395840 -0.002090676 -0.000904176 0.999997437 3.577313423
0.999989867 0.003685608 0.002577837 0.049846973 -0.003688031 0.999992728 0.000935609 -0.117375247 -0.002574370 -0.000945106 0.999996245 3.847305775
0.999990702 0.003470698 0.002553958 0.056660086 -0.003473297 0.999993443 0.001013994 -0.121759057 -0.002550422 -0.001022856 0.999996245 4.110485554
0.999991655 0.003383866 0.002285692 0.072985262 -0.003386144 0.999993801 0.000993692 -0.129719675 -0.002282315 -0.001001423 0.999996960 4.360479832
0.999990165 0.003599769 0.002585195 0.077127464 -0.003602905 0.999992847 0.001209566 -0.140370876 -0.002580822 -0.001218869 0.999995887 4.624836922
0.999987602 0.004133693 0.002763493 0.077656388 -0.004136722 0.999990761 0.001091213 -0.145006195 -0.002758957 -0.001102631 0.999995589 4.886605263
0.999986947 0.004287959 0.002791770 0.082017250 -0.004291301 0.999990046 0.001192310 -0.151045069 -0.002786630 -0.001204275 0.999995351 5.147430897
0.999986887 0.003993717 0.003188621 0.084181443 -0.003996895 0.999991536 0.000991182 -0.158161119 -0.003184635 -0.001003914 0.999994397 5.415911198
0.999982059 0.004693834 0.003728918 0.081837818 -0.004698743 0.999988198 0.001308866 -0.167593703 -0.003722729 -0.001326364 0.999992192 5.679139137
0.999986768 0.004014612 0.003223518 0.093476221 -0.004018581 0.999991119 0.001225505 -0.174107105 -0.003218570 -0.001238443 0.999994040 5.960603237
0.999985814 0.004137559 0.003375593 0.100183941 -0.004141856 0.999990642 0.001266714 -0.183916703 -0.003370321 -0.001280678 0.999993503 6.238981247
0.999982119 0.004748518 0.003645449 0.107169971 -0.004753794 0.999987721 0.001440009 -0.190867186 -0.003638567 -0.001457313 0.999992371 6.523238182
0.999986529 0.004009510 0.003307524 0.116398886 -0.004014330 0.999990880 0.001452162 -0.198567435 -0.003301671 -0.001465420 0.999993503 6.809760571
0.999981821 0.004567047 0.003929325 0.110453710 -0.004571760 0.999988973 0.001191527 -0.201676846 -0.003923839 -0.001209469 0.999991596 7.122901917
0.999981046 0.004768666 0.003917827 0.120372757 -0.004773435 0.999987960 0.001208817 -0.208012730 -0.003912015 -0.001227496 0.999991596 7.422719002
0.999979436 0.004949540 0.004091869 0.125090763 -0.004954503 0.999987066 0.001203491 -0.222090125 -0.004085860 -0.001223739 0.999990940 7.724873066
0.999981105 0.004367836 0.004327218 0.125635684 -0.004373642 0.999989510 0.001332850 -0.227683559 -0.004321351 -0.001351751 0.999989748 8.055248260
0.999980152 0.004582222 0.004304820 0.136102393 -0.004587585 0.999988735 0.001236877 -0.240447670 -0.004299103 -0.001256601 0.999989986 8.369857788
0.999983191 0.004185858 0.004019083 0.150925294 -0.004191489 0.999990225 0.001393807 -0.250140846 -0.004013210 -0.001410630 0.999990940 8.686012268
0.999976218 0.004820337 0.004927924 0.146071106 -0.004825826 0.999987781 0.001102391 -0.251323611 -0.004922549 -0.001126146 0.999987304 9.037851334
0.999978065 0.004916723 0.004425996 0.158027172 -0.004923303 0.999986768 0.001476846 -0.269088179 -0.004418675 -0.001498604 0.999989092 9.361265182
0.999972641 0.005423284 0.005021862 0.160460457 -0.005431213 0.999983966 0.001566567 -0.273908854 -0.005013286 -0.001593799 0.999986172 9.702085495
0.999979258 0.004403812 0.004701802 0.171148270 -0.004410155 0.999989390 0.001339521 -0.288050175 -0.004695854 -0.001360229 0.999988079 10.081358910
0.999980867 0.004236038 0.004504170 0.181641519 -0.004241025 0.999990344 0.001098405 -0.297048777 -0.004499474 -0.001117486 0.999989331 10.434318542
0.999978602 0.004449151 0.004804774 0.189733490 -0.004456098 0.999989033 0.001436043 -0.308491081 -0.004798332 -0.001457423 0.999987483 10.788416862
0.999976099 0.004854831 0.004934781 0.204065323 -0.004861052 0.999987483 0.001249378 -0.311338246 -0.004928654 -0.001273336 0.999987125 11.179175377
0.999978602 0.004031717 0.005155799 0.201721534 -0.004038595 0.999990940 0.001324244 -0.326822817 -0.005150414 -0.001345038 0.999985814 11.570043564
0.999979973 0.004185369 0.004752358 0.217693880 -0.004189910 0.999990761 0.000946083 -0.331544757 -0.004748355 -0.000965976 0.999988258 11.949295998
0.999973059 0.004855549 0.005493481 0.219419613 -0.004862690 0.999987364 0.001287325 -0.348637789 -0.005487161 -0.001314004 0.999984086 12.329538345
0.999972463 0.004676062 0.005758515 0.225189298 -0.004685069 0.999987841 0.001551633 -0.358254641 -0.005751189 -0.001578569 0.999982238 12.731987953
0.999971092 0.004795522 0.005893059 0.228444695 -0.004804555 0.999987304 0.001519674 -0.368332803 -0.005885697 -0.001547944 0.999981463 13.145156860
0.999969780 0.004861698 0.006069022 0.242864683 -0.004871740 0.999986827 0.001640921 -0.381658226 -0.006060964 -0.001670438 0.999980271 13.537155151
0.999966025 0.005403958 0.006233005 0.248148590 -0.005415833 0.999983609 0.001889904 -0.393875957 -0.006222690 -0.001923597 0.999978781 13.941054344
0.999964535 0.005359672 0.006488509 0.255435348 -0.005373101 0.999983370 0.002054007 -0.404033870 -0.006477393 -0.002088798 0.999976873 14.377352715
0.999964118 0.004912503 0.006899814 0.262035221 -0.004922724 0.999986827 0.001465133 -0.413645118 -0.006892526 -0.001499046 0.999975145 14.796813011
0.999965906 0.004976639 0.006596558 0.276318997 -0.004986229 0.999986589 0.001438092 -0.425474644 -0.006589312 -0.001470935 0.999977291 15.218746185
0.999961853 0.004995472 0.007166852 0.281131864 -0.004999494 0.999987364 0.000543327 -0.428972512 -0.007164047 -0.000579137 0.999974191 15.676067352
0.999955237 0.005329800 0.007810706 0.293002665 -0.005337554 0.999985278 0.000972270 -0.443558961 -0.007805410 -0.001013916 0.999969065 16.136863708
0.999951839 0.005121076 0.008368897 0.290383607 -0.005139116 0.999984503 0.002135528 -0.474202335 -0.008357831 -0.002178435 0.999962687 16.545814514
0.999945879 0.005282159 0.008960869 0.299139440 -0.005300782 0.999983788 0.002055755 -0.485871583 -0.008949866 -0.002103144 0.999957740 16.997817993
0.999942958 0.005303427 0.009268091 0.312583268 -0.005321983 0.999983788 0.001978546 -0.498941541 -0.009257450 -0.002027757 0.999955058 17.450893402
0.999942958 0.004724901 0.009583042 0.328918934 -0.004745327 0.999986470 0.002109827 -0.507591128 -0.009572945 -0.002155181 0.999951839 17.911191940
0.999947131 0.004784466 0.009096460 0.346632302 -0.004798889 0.999987185 0.001564433 -0.518417656 -0.009088859 -0.001608003 0.999957323 18.399972916
0.999947190 0.004555382 0.009212026 0.361403704 -0.004569451 0.999988437 0.001506700 -0.527479351 -0.009205057 -0.001548715 0.999956369 18.866292953
0.999949992 0.004293309 0.009038815 0.379301220 -0.004304724 0.999989927 0.001243745 -0.535065949 -0.009033386 -0.001282592 0.999958336 19.347005844
0.999940634 0.004876622 0.009753367 0.391618729 -0.004890602 0.999987066 0.001410023 -0.555637777 -0.009746364 -0.001457639 0.999951422 19.833240509
0.999938309 0.004521047 0.010148200 0.396792591 -0.004538675 0.999988258 0.001714640 -0.566473424 -0.010140329 -0.001760594 0.999947011 20.315990448
0.999940574 0.004719575 0.009833346 0.414193153 -0.004737207 0.999987185 0.001770443 -0.580781996 -0.009824864 -0.001816920 0.999950111 20.813381195
0.999944627 0.004768437 0.009380051 0.429743677 -0.004784265 0.999987245 0.001665609 -0.591207862 -0.009371988 -0.001710393 0.999954581 21.319780350
0.999944270 0.004986436 0.009302372 0.435733587 -0.005009129 0.999984503 0.002417736 -0.616538942 -0.009290174 -0.002464199 0.999953747 21.810234070
0.999953687 0.004484787 0.008505072 0.457195908 -0.004504140 0.999987245 0.002257811 -0.631408155 -0.008494837 -0.002296014 0.999961257 22.324151993
0.999946952 0.004971732 0.009023936 0.463641375 -0.004990059 0.999985576 0.002009523 -0.636794925 -0.009013817 -0.002054447 0.999957204 22.843215942
0.999951482 0.004982425 0.008496961 0.477113903 -0.004999214 0.999985576 0.001955609 -0.656470239 -0.008487095 -0.001997991 0.999961913 23.366367340
0.999960542 0.004916078 0.007405570 0.494772673 -0.004929283 0.999986291 0.001765945 -0.671066940 -0.007396786 -0.001802379 0.999970973 23.893865585
0.999963760 0.003874426 0.007585012 0.498264790 -0.003884384 0.999991536 0.001298666 -0.679234743 -0.007579916 -0.001328082 0.999970376 24.436750412
0.999960005 0.005118159 0.007324264 0.503778577 -0.005133715 0.999984622 0.002106348 -0.696216762 -0.007313370 -0.002143864 0.999970973 24.952144623
0.999954998 0.006462110 0.006938768 0.518505931 -0.006475231 0.999977291 0.001870108 -0.706450224 -0.006926525 -0.001914955 0.999974251 25.493785858
0.999971092 0.004868143 0.005840267 0.529836178 -0.004882200 0.999985218 0.002394943 -0.725027919 -0.005828522 -0.002423386 0.999980032 26.028221130
0.999973118 0.004903498 0.005456687 0.545302093 -0.004915410 0.999985576 0.002171683 -0.734616637 -0.005445960 -0.002198446 0.999982774 26.592550278
0.999973357 0.005008138 0.005318535 0.555952072 -0.005025503 0.999982059 0.003256627 -0.750862122 -0.005302131 -0.003283268 0.999980509 27.128646851
0.999977052 0.004471013 0.005081055 0.557078719 -0.004483574 0.999986887 0.002463450 -0.769642293 -0.005069973 -0.002486175 0.999984086 27.698400497
0.999973714 0.005518572 0.004689040 0.572576284 -0.005529952 0.999981701 0.002417304 -0.782781839 -0.004675614 -0.002443171 0.999986112 28.241645813
0.999971092 0.006256672 0.004322852 0.584649563 -0.006267800 0.999977052 0.002565574 -0.794262886 -0.004306701 -0.002592594 0.999987364 28.791454315
0.999971747 0.006125837 0.004342445 0.592898846 -0.006136498 0.999978244 0.002446098 -0.811308622 -0.004327365 -0.002472676 0.999987602 29.352678299
0.999977350 0.005228659 0.004237811 0.607028067 -0.005239425 0.999983072 0.002533057 -0.828910291 -0.004224495 -0.002555204 0.999987841 29.882667542
0.999973655 0.005803526 0.004369062 0.616983294 -0.005814336 0.999980032 0.002465382 -0.840470910 -0.004354667 -0.002490721 0.999987483 30.445594788
0.999964476 0.006731233 0.005065619 0.624054313 -0.006742909 0.999974668 0.002291204 -0.853704989 -0.005050067 -0.002325279 0.999984562 31.006385803
0.999977529 0.005531574 0.003792220 0.646145999 -0.005539340 0.999982595 0.002040401 -0.861926377 -0.003780868 -0.002061362 0.999990702 31.546024323
0.999978721 0.005409706 0.003652726 0.659362137 -0.005417061 0.999983311 0.002006352 -0.876531184 -0.003641811 -0.002026096 0.999991298 32.083408356
0.999977946 0.005626517 0.003530365 0.671531975 -0.005632015 0.999982953 0.001549721 -0.879542708 -0.003521586 -0.001569569 0.999992490 32.647655487
0.999981105 0.005375628 0.002952680 0.678814888 -0.005382593 0.999982834 0.002355812 -0.909769893 -0.002939965 -0.002371661 0.999992788 33.188053131
0.999986410 0.004728534 0.002192071 0.698689759 -0.004733542 0.999986172 0.002284866 -0.926704526 -0.002181237 -0.002295211 0.999994934 33.723743439
0.999977708 0.005925622 0.003051433 0.699931085 -0.005931494 0.999980509 0.001918742 -0.933407485 -0.003040003 -0.001936799 0.999993443 34.295360565
0.999984562 0.004929549 0.002564310 0.709968805 -0.004936592 0.999984026 0.002747826 -0.960148990 -0.002550724 -0.002760443 0.999992967 34.834835052
0.999983430 0.005131295 0.002577702 0.722607315 -0.005138609 0.999982774 0.002838432 -0.978455067 -0.002563092 -0.002851631 0.999992669 35.366664886
0.999983370 0.005031725 0.002810668 0.732664168 -0.005039011 0.999983966 0.002590894 -0.983862221 -0.002797586 -0.002605014 0.999992788 35.906265259
0.999983311 0.005322318 0.002257971 0.739121199 -0.005327791 0.999982893 0.002424909 -1.002004743 -0.002245026 -0.002436897 0.999994516 36.481048584
0.999985814 0.004825856 0.002275511 0.753761768 -0.004831423 0.999985337 0.002447795 -1.015734196 -0.002263665 -0.002458754 0.999994397 37.025985718
0.999986053 0.004899267 0.001975029 0.768040895 -0.004904631 0.999984264 0.002720091 -1.033482790 -0.001961671 -0.002729740 0.999994338 37.572395325
0.999986708 0.004719097 0.002099111 0.784302711 -0.004725454 0.999984264 0.003033672 -1.052537203 -0.002084762 -0.003043550 0.999993205 38.116058350
0.999988317 0.004511931 0.001726673 0.808207035 -0.004517165 0.999985158 0.003039840 -1.062569499 -0.001712932 -0.003047604 0.999993861 38.661964417
0.999984682 0.005114561 0.002103535 0.783844769 -0.005119885 0.999983668 0.002534121 -1.074118137 -0.002090541 -0.002544853 0.999994516 39.187137604
0.999986172 0.004827226 0.002105297 0.797375441 -0.004834064 0.999983072 0.003255417 -1.091324925 -0.002089548 -0.003265549 0.999992430 39.741195679
0.999986589 0.004847688 0.001810207 0.816271901 -0.004852587 0.999984503 0.002712510 -1.110262394 -0.001797030 -0.002721258 0.999994636 40.300155640
0.999987781 0.004603243 0.001805377 0.831667006 -0.004608545 0.999984980 0.002944378 -1.125554681 -0.001791797 -0.002952663 0.999994099 40.847366333
0.999984980 0.005129123 0.001899669 0.840422213 -0.005133903 0.999983728 0.002520212 -1.137159109 -0.001886712 -0.002529927 0.999994993 41.400455475
0.999988377 0.004530002 0.001632420 0.851639509 -0.004534926 0.999985099 0.003025937 -1.159716487 -0.001618688 -0.003033305 0.999994040 41.938400269
0.999989569 0.004381670 0.001309204 0.872053921 -0.004385856 0.999985218 0.003212465 -1.174820423 -0.001295109 -0.003218173 0.999993920 42.488735199
0.999989808 0.004249207 0.001544354 0.881272376 -0.004255205 0.999983311 0.003901648 -1.193858981 -0.001527750 -0.003908180 0.999991179 43.030899048
0.999985278 0.005046293 0.002008946 0.869021177 -0.005052974 0.999981701 0.003334476 -1.197836995 -0.001992082 -0.003344578 0.999992430 43.569313049
0.999987960 0.004591133 0.001781627 0.890398383 -0.004596446 0.999984980 0.002989371 -1.213261008 -0.001767876 -0.002997523 0.999993920 44.108718872
0.999983430 0.005126874 0.002603390 0.885195494 -0.005134464 0.999982536 0.002917197 -1.219511151 -0.002588388 -0.002930517 0.999992371 44.658531189
0.999985158 0.004937910 0.002296980 0.899150610 -0.004945079 0.999982834 0.003125605 -1.233649254 -0.002281506 -0.003136917 0.999992549 45.199707031
0.999982774 0.005259291 0.002603632 0.906219125 -0.005266452 0.999982357 0.002751012 -1.246490002 -0.002589118 -0.002764676 0.999992847 45.759315491
0.999980271 0.005666255 0.002724654 0.915086389 -0.005673497 0.999980390 0.002657704 -1.258503079 -0.002709541 -0.002673110 0.999992788 46.304027557
0.999980271 0.005592193 0.002833288 0.931053698 -0.005599016 0.999981344 0.002405605 -1.271515846 -0.002819783 -0.002421422 0.999993086 46.850257874
0.999979973 0.005627440 0.002881718 0.941315532 -0.005634366 0.999981225 0.002400782 -1.280346632 -0.002868153 -0.002416971 0.999992967 47.407997131
0.999985754 0.004863721 0.002154386 0.964308858 -0.004868913 0.999985218 0.002411956 -1.296762824 -0.002142623 -0.002422412 0.999994755 47.941318512
0.999986708 0.004547251 0.002425669 0.962902427 -0.004553556 0.999986172 0.002599249 -1.312443614 -0.002413817 -0.002610261 0.999993682 48.451618195
0.999984384 0.005056799 0.002389576 0.972719669 -0.005064982 0.999981284 0.003430648 -1.334835529 -0.002372183 -0.003442698 0.999991298 48.995052338
0.999982297 0.005275074 0.002757033 0.975719869 -0.005283538 0.999981284 0.003071593 -1.339895487 -0.002740779 -0.003086108 0.999991477 49.527076721
0.999979556 0.005496730 0.003251542 0.988366842 -0.005506217 0.999980569 0.002916337 -1.353061438 -0.003235449 -0.002934181 0.999990463 50.067924500
0.999983728 0.005180608 0.002393732 1.007232666 -0.005189522 0.999979556 0.003732977 -1.372928619 -0.002374343 -0.003745338 0.999990165 50.627941132
0.999983490 0.004986896 0.002842678 1.011702776 -0.004995891 0.999982536 0.003165887 -1.387881756 -0.002826840 -0.003180036 0.999990940 51.144134521
0.999984503 0.004940578 0.002577510 1.023454905 -0.004949602 0.999981701 0.003506840 -1.403126240 -0.002560137 -0.003519543 0.999990523 51.679504395
0.999984026 0.005014740 0.002618997 1.033612490 -0.005024385 0.999980569 0.003689218 -1.417617202 -0.002600446 -0.003702319 0.999989688 52.209472656
0.999979675 0.005503769 0.003232062 1.043678641 -0.005514569 0.999979198 0.003342181 -1.431848049 -0.003213600 -0.003359936 0.999989212 52.760330200
0.999984026 0.004933854 0.002761440 1.055110693 -0.004943166 0.999981999 0.003375836 -1.442574024 -0.002744735 -0.003389433 0.999990463 53.284870148
0.999976635 0.006033004 0.003207317 1.055701494 -0.006044375 0.999975383 0.003547876 -1.458159447 -0.003185834 -0.003567180 0.999988556 53.834300995
0.999985218 0.004691343 0.002748949 1.077862978 -0.004699308 0.999984860 0.002898216 -1.472876668 -0.002735311 -0.002911092 0.999992013 54.363914490
0.999976456 0.005965150 0.003401205 1.079067111 -0.005974757 0.999978244 0.002821271 -1.481452942 -0.003384302 -0.002841526 0.999990225 54.911071777
0.999979198 0.005567924 0.003247915 1.086598039 -0.005577029 0.999980509 0.002801260 -1.499379635 -0.003232254 -0.002819316 0.999990761 55.442054749
0.999977708 0.005867735 0.003172427 1.098735571 -0.005877184 0.999978364 0.002977828 -1.509489894 -0.003154885 -0.002996407 0.999990523 55.993835449
0.999980688 0.005505546 0.002870994 1.115903497 -0.005515340 0.999978960 0.003414547 -1.533071995 -0.002852133 -0.003430316 0.999990106 56.522666931
0.999980569 0.005351944 0.003170815 1.120526910 -0.005360461 0.999982059 0.002683876 -1.542439699 -0.003156394 -0.002700821 0.999991357 57.064163208
0.999978006 0.005598066 0.003540216 1.130339146 -0.005607078 0.999981046 0.002540586 -1.551554084 -0.003525926 -0.002560380 0.999990523 57.615524292
0.999980927 0.005076142 0.003503409 1.136733770 -0.005085067 0.999983847 0.002543054 -1.562404156 -0.003490444 -0.002560821 0.999990642 58.169487000
0.999974906 0.005804541 0.004060443 1.142145991 -0.005814859 0.999979854 0.002534125 -1.575300217 -0.004045652 -0.002557672 0.999988556 58.669235229
0.999984503 0.004947563 0.002554809 1.164030075 -0.004953525 0.999984980 0.002333066 -1.587666869 -0.002543228 -0.002345686 0.999994040 59.222488403
0.999981165 0.004766420 0.003855640 1.169129252 -0.004775838 0.999985635 0.002437153 -1.603146791 -0.003843968 -0.002455521 0.999989629 59.747497559
0.999977231 0.005366270 0.004096510 1.167381525 -0.005374696 0.999983430 0.002048413 -1.612305760 -0.004085450 -0.002070383 0.999989510 60.249626160
0.999973357 0.005951736 0.004220108 1.178671122 -0.005963056 0.999978602 0.002675016 -1.626329899 -0.004204097 -0.002700110 0.999987483 60.808143616
0.999972939 0.006019764 0.004238039 1.202197790 -0.006029490 0.999979198 0.002286165 -1.636058688 -0.004224190 -0.002311657 0.999988377 61.345001221
0.999969423 0.006143511 0.004839173 1.197181940 -0.006152719 0.999979258 0.001890480 -1.644225955 -0.004827459 -0.001920197 0.999986529 61.848800659
0.999970496 0.006210113 0.004518942 1.211860895 -0.006219672 0.999978423 0.002104350 -1.658100128 -0.004505776 -0.002132394 0.999987543 62.396041870
0.999970496 0.006085425 0.004689432 1.228754759 -0.006094164 0.999979675 0.001851807 -1.672349811 -0.004678068 -0.001880331 0.999987304 62.946083069
0.999967992 0.006171787 0.005080821 1.225289941 -0.006179395 0.999979794 0.001483052 -1.681940436 -0.005071564 -0.001514401 0.999985993 63.442550659
0.999967754 0.006289044 0.005002342 1.241105318 -0.006297369 0.999978840 0.001650129 -1.701936841 -0.004991858 -0.001681578 0.999986172 63.984146118
0.999967635 0.005817404 0.005546941 1.254448533 -0.005827675 0.999981344 0.001836924 -1.719790339 -0.005536151 -0.001869191 0.999982953 64.516448975
0.999961734 0.006732572 0.005583435 1.252272129 -0.006741695 0.999975979 0.001616575 -1.727665544 -0.005572418 -0.001654155 0.999983072 65.022712708
0.999963939 0.006297273 0.005692014 1.265078068 -0.006307519 0.999978423 0.001783778 -1.743818641 -0.005680660 -0.001819616 0.999982178 65.567268372
0.999957800 0.006773220 0.006201896 1.271425724 -0.006785515 0.999975026 0.001963354 -1.763985515 -0.006188444 -0.002005354 0.999978840 66.097862244
0.999966502 0.006011520 0.005555071 1.291649342 -0.006019461 0.999980867 0.001413949 -1.769222856 -0.005546465 -0.001447340 0.999983549 66.621604919
0.999965131 0.006228422 0.005563757 1.307817221 -0.006235334 0.999979734 0.001225520 -1.784101248 -0.005556013 -0.001260169 0.999983728 67.168327332
0.999968112 0.005806118 0.005489495 1.322843909 -0.005813598 0.999982238 0.001347500 -1.795312405 -0.005481574 -0.001379371 0.999984026 67.702445984
0.999963105 0.006293195 0.005843188 1.325202227 -0.006299208 0.999979615 0.001011406 -1.808998466 -0.005836704 -0.001048176 0.999982417 68.208465576
0.999956369 0.006936034 0.006253206 1.335016251 -0.006942750 0.999975324 0.001053299 -1.828261375 -0.006245746 -0.001096667 0.999979854 68.744850159
0.999959111 0.006746549 0.006018965 1.340792298 -0.006753481 0.999976516 0.001132445 -1.838437676 -0.006011184 -0.001173048 0.999981225 69.267402649
0.999958694 0.006688416 0.006154416 1.360015273 -0.006692657 0.999977410 0.000668839 -1.850498438 -0.006149803 -0.000710000 0.999980867 69.815612793
0.999964654 0.005781053 0.006103491 1.378599167 -0.005784601 0.999983132 0.000563744 -1.865824580 -0.006100129 -0.000599031 0.999981225 70.331970215
0.999950886 0.007354544 0.006641060 1.373197317 -0.007359968 0.999972522 0.000792697 -1.882505298 -0.006635048 -0.000841536 0.999977589 70.849914551
0.999956787 0.006608928 0.006526681 1.389969826 -0.006611933 0.999977946 0.000438914 -1.895336151 -0.006523637 -0.000482049 0.999978542 71.388671875
0.999957800 0.006559785 0.006432496 1.407864451 -0.006565842 0.999978006 0.000920632 -1.912108660 -0.006426316 -0.000962828 0.999978900 71.905677795
0.999954760 0.006742068 0.006708998 1.417905927 -0.006744037 0.999977231 0.000270876 -1.926240206 -0.006707019 -0.000316109 0.999977469 72.460678101
0.999954820 0.006694387 0.006736373 1.431508064 -0.006700217 0.999977171 0.000843350 -1.943321228 -0.006730573 -0.000888447 0.999976933 72.964508057
0.999947965 0.007359372 0.007045216 1.438148737 -0.007366903 0.999972284 0.001043469 -1.957177520 -0.007037341 -0.001095316 0.999974608 73.505287170
0.999943495 0.007437366 0.007592511 1.447949171 -0.007444185 0.999971926 0.000870312 -1.969707966 -0.007585825 -0.000926783 0.999970734 74.042358398
0.999948919 0.006724732 0.007541290 1.470738411 -0.006735485 0.999976337 0.001401509 -1.984903336 -0.007531686 -0.001452232 0.999970555 74.603210449
0.999945581 0.007482908 0.007265965 1.484297276 -0.007488723 0.999971628 0.000773420 -1.999761581 -0.007259972 -0.000827791 0.999973297 75.082252502
0.999955833 0.006557753 0.006725697 1.510858536 -0.006562333 0.999978304 0.000659097 -2.012001514 -0.006721228 -0.000703204 0.999977171 75.626296997
0.999941409 0.007967548 0.007331502 1.515763044 -0.007972842 0.999967992 0.000693014 -2.030371904 -0.007325746 -0.000751426 0.999972880 76.148826599
0.999945402 0.007503063 0.007267448 1.535015583 -0.007506587 0.999971688 0.000457832 -2.045550108 -0.007263807 -0.000512361 0.999973476 76.695800781
0.999946952 0.007667469 0.006872489 1.562276840 -0.007672085 0.999970376 0.000645601 -2.057459831 -0.006867335 -0.000698293 0.999976218 77.231437683
0.999949038 0.006951998 0.007322108 1.562010527 -0.006960521 0.999975085 0.001139062 -2.070742369 -0.007314008 -0.001189969 0.999972463 77.703536987
0.999937356 0.007905649 0.007926875 1.575010300 -0.007915413 0.999967992 0.001201013 -2.086471558 -0.007917128 -0.001263683 0.999967813 78.257095337
0.999947011 0.007208359 0.007341919 1.598778248 -0.007216230 0.999973416 0.001046250 -2.101873636 -0.007334183 -0.001099175 0.999972463 78.810653687
0.999946535 0.007048997 0.007565324 1.608823061 -0.007054552 0.999974787 0.000707860 -2.112587690 -0.007560144 -0.000761192 0.999971092 79.316413879
0.999944866 0.007335996 0.007517076 1.628228784 -0.007338814 0.999972999 0.000347324 -2.123916388 -0.007514325 -0.000402471 0.999971628 79.858146667
0.999934852 0.007440858 0.008656094 1.647355199 -0.007442077 0.999972284 0.000108428 -2.140724659 -0.008655047 -0.000172841 0.999962568 80.393669128
0.999925792 0.007391830 0.009686986 1.665571928 -0.007396445 0.999972522 0.000440727 -2.156724691 -0.009683462 -0.000512343 0.999952972 80.949844360
0.999915600 0.007237782 0.010791846 1.679047346 -0.007238228 0.999973774 0.000002211 -2.167935610 -0.010791548 -0.000080325 0.999941707 81.482803345
0.999899268 0.007427851 0.012094635 1.693412066 -0.007424996 0.999972343 -0.000280900 -2.182459831 -0.012096388 0.000191068 0.999926805 82.015403748
0.999851882 0.007689756 0.015397548 1.713299513 -0.007689159 0.999970436 -0.000097910 -2.201744318 -0.015397844 -0.000020499 0.999881506 82.572654724
0.999793828 0.007433460 0.018897176 1.740427017 -0.007436037 0.999972343 0.000066055 -2.214414120 -0.018896164 -0.000206561 0.999821365 83.108627319
0.999743879 0.006196815 0.021767180 1.798061848 -0.006199816 0.999980807 0.000070441 -2.235183477 -0.021766325 -0.000205376 0.999763072 83.597587585
0.999622047 0.007979927 0.026304502 1.795324802 -0.007975804 0.999968112 -0.000261635 -2.247331142 -0.026305746 0.000051736 0.999653935 84.188201904
0.999444723 0.008068969 0.032324459 1.827197671 -0.008074925 0.999967396 0.000053769 -2.255815029 -0.032322969 -0.000314757 0.999477446 84.740798950
0.999222875 0.008138078 0.038567368 1.862451553 -0.008117442 0.999966741 -0.000691691 -2.271589041 -0.038571719 0.000378085 0.999255776 85.263496399
0.998969376 0.008084328 0.044662371 1.900007725 -0.008072329 0.999967337 -0.000448948 -2.286136150 -0.044664532 0.000087956 0.999001980 85.803596497
0.998557150 0.008554974 0.053013094 1.947397947 -0.008538128 0.999963403 -0.000544207 -2.303723574 -0.053015798 0.000090789 0.998593688 86.351058960
0.998084426 0.008184209 0.061323114 1.994062424 -0.008148782 0.999966443 -0.000827815 -2.315716982 -0.061327841 0.000326521 0.998117626 86.901733398
0.997627258 0.008054626 0.068373173 2.059840441 -0.008009224 0.999967456 -0.000938171 -2.332683802 -0.068378508 0.000388329 0.997659445 87.439872742
0.996964395 0.007958901 0.077451251 2.104608059 -0.007923297 0.999968410 -0.000767011 -2.346487045 -0.077454910 0.000151014 0.996995807 87.960823059
0.996136129 0.007909660 0.087466426 2.170989513 -0.007877441 0.999968648 -0.000713556 -2.363618374 -0.087469332 0.000021788 0.996167302 88.497764587
0.995296776 0.007315640 0.096595630 2.251729012 -0.007212067 0.999972880 -0.001421339 -2.365452528 -0.096603416 0.000718000 0.995322585 89.063484192
0.994629085 0.007661529 0.103219800 2.319887638 -0.007557516 0.999970555 -0.001398730 -2.390255928 -0.103227481 0.000611132 0.994657576 89.555335999
0.993496478 0.008140625 0.113571681 2.400574207 -0.008032407 0.999966741 -0.001410455 -2.404941559 -0.113579392 0.000489029 0.993528843 90.098823547
0.992253780 0.008180742 0.123957708 2.494153023 -0.008108273 0.999966562 -0.001089112 -2.419651508 -0.123962469 0.000075592 0.992286980 90.642204285
0.991103411 0.006876886 0.132915810 2.598295212 -0.006704762 0.999975920 -0.001742518 -2.429533482 -0.132924587 0.000835847 0.991125822 91.173919678
0.989473641 0.007186642 0.144534498 2.693350792 -0.007073221 0.999974012 -0.001298578 -2.447450399 -0.144540101 0.000262584 0.989498913 91.708053589
0.987596393 0.006624153 0.156873539 2.806882858 -0.006453730 0.999977887 -0.001595713 -2.463581085 -0.156880662 0.000563501 0.987617433 92.252456665
0.985737741 0.006731345 0.168153897 2.916964531 -0.006542910 0.999977171 -0.001674650 -2.475302219 -0.168161362 0.000550550 0.985759437 92.804481506
0.983969271 0.005789768 0.178243950 3.036451340 -0.005502140 0.999982595 -0.002107968 -2.491206884 -0.178253070 0.001093452 0.983984172 93.329765320
0.981547534 0.005826912 0.191129178 3.146003723 -0.005583881 0.999982715 -0.001810124 -2.512005091 -0.191136450 0.000709479 0.981563210 93.817955017
0.978971779 0.005422192 0.203923404 3.277118683 -0.005123992 0.999984920 -0.001990289 -2.524572134 -0.203931123 0.000903536 0.978984773 94.355690002
0.976824522 0.004984997 0.213983461 3.409074783 -0.004667391 0.999987185 -0.001989454 -2.536715746 -0.213990599 0.000944603 0.976835251 94.889236450
0.973888636 0.005373825 0.226962581 3.553440094 -0.005012489 0.999985099 -0.002168364 -2.546358109 -0.226970851 0.000974097 0.973901093 95.425285339
0.970682621 0.004209145 0.240327582 3.709501266 -0.003696051 0.999989927 -0.002585671 -2.557960510 -0.240335986 0.001621603 0.970688343 95.952926636
0.967826426 0.004533399 0.251578033 3.866172791 -0.004121850 0.999989152 -0.002162808 -2.576978207 -0.251585066 0.001056256 0.967834711 96.475585938
0.965067089 0.004272874 0.261968076 4.044208527 -0.003914222 0.999990523 -0.001890864 -2.613300085 -0.261973709 0.000799410 0.965074718 96.967689514
0.961313784 0.003856793 0.275428534 4.186302185 -0.003514502 0.999992311 -0.001736286 -2.614118338 -0.275433183 0.000701121 0.961319983 97.462196350
0.957518578 0.003679774 0.288348109 4.364847183 -0.003251324 0.999992788 -0.001964790 -2.632107496 -0.288353264 0.000943809 0.957523644 97.990295410
0.954034865 0.003072187 0.299679846 4.555425644 -0.002612785 0.999994695 -0.001933672 -2.646500349 -0.299684227 0.001061791 0.954037845 98.506752014
0.949670970 0.003577804 0.313228607 4.730916977 -0.003015841 0.999992847 -0.002278600 -2.661352158 -0.313234568 0.001219273 0.949675024 98.991050720
0.944943726 0.002794273 0.327220798 4.934446335 -0.002178363 0.999995112 -0.002248727 -2.676754236 -0.327225506 0.001412115 0.944945216 99.512138367
0.941093206 0.003105290 0.338133037 5.148038864 -0.002481686 0.999994338 -0.002276543 -2.694565535 -0.338138252 0.001303299 0.941095531 100.000648499
0.936132073 0.002685472 0.351638407 5.357292175 -0.002144883 0.999995887 -0.001926886 -2.718657255 -0.351642132 0.001049596 0.936133921 100.487495422
0.930690169 0.001765391 0.365804195 5.573863983 -0.001037576 0.999997079 -0.002186208 -2.735741615 -0.365807027 0.001655132 0.930689275 101.020996094
0.925713062 0.001554489 0.378223330 5.804479599 -0.000886823 0.999997675 -0.001939439 -2.753694057 -0.378225476 0.001459946 0.925712347 101.527000427
0.920823395 0.001364707 0.389977396 6.031450272 -0.000617514 0.999997735 -0.002041357 -2.761790752 -0.389979333 0.001638913 0.920822203 102.044403076
0.914661169 0.001500777 0.404218614 6.278800964 -0.000810477 0.999997914 -0.001878837 -2.782770157 -0.404220641 0.001390889 0.914660454 102.560150146
0.908625543 0.001679680 0.417608321 6.527629852 -0.001046566 0.999997973 -0.001745034 -2.799286366 -0.417610407 0.001148528 0.908625424 103.047882080
0.903557181 0.001889884 0.428463519 6.782112122 -0.001056872 0.999997079 -0.002182064 -2.811799526 -0.428466350 0.001518789 0.903556406 103.537956238
0.897782445 0.000131942 0.440439314 7.063796997 0.000692875 0.999998331 -0.001711911 -2.835358143 -0.440438777 0.001842093 0.897780716 104.039779663
0.891142547 0.000455832 0.453723073 7.312213898 0.000437619 0.999998152 -0.001864162 -2.850229263 -0.453723133 0.001859793 0.891140759 104.511741638
0.885035217 0.000218445 0.465524167 7.593338013 0.001074373 0.999996245 -0.002511797 -2.864992857 -0.465523005 0.002723176 0.885031700 104.983512878
0.878929973 0.000482272 0.476950496 7.879226685 0.000743695 0.999996901 -0.002381644 -2.872998714 -0.476950228 0.002448005 0.878926933 105.486465454
0.871319413 0.000203858 0.490716159 8.144901276 0.000747544 0.999998152 -0.001742774 -2.897701025 -0.490715683 0.001885345 0.871317744 105.932067871
