1.000000000 0.000000000 0.000000000 0.000000000 0.000000000 1.000000000 0.000000000 0.000000000 0.000000000 0.000000000 1.000000000 0.000000000
1.000000000 -0.000106978 0.000019454 -0.000462780 0.000106977 1.000000000 0.000021248 -0.000702823 -0.000019456 -0.000021246 1.000000000 -0.001181173
1.000000000 -0.000045471 0.000006392 -0.000368622 0.000045470 1.000000000 0.000013918 -0.000288118 -0.000006393 -0.000013918 1.000000000 -0.000351757
1.000000000 -0.000162012 -0.000019489 -0.000135574 0.000162012 1.000000000 -0.000025877 -0.000510562 0.000019493 0.000025874 1.000000000 -0.000709447
1.000000000 -0.000065887 -0.000025790 0.000245424 0.000065885 1.000000000 -0.000088457 0.000359910 0.000025796 0.000088455 1.000000000 0.000176975
1.000000000 -0.000176619 -0.000015598 0.000423291 0.000176619 1.000000000 -0.000053429 0.000102700 0.000015607 0.000053427 1.000000000 0.000007219
1.000000000 -0.000120534 0.000002961 0.000201396 0.000120534 1.000000000 -0.000022008 -0.000075827 -0.000002959 0.000022009 1.000000000 -0.000646529
1.000000000 -0.000082398 0.000004019 0.000143464 0.000082399 1.000000000 -0.000118540 0.000098117 -0.000004009 0.000118540 1.000000000 -0.000618953
1.000000000 -0.000140455 0.000041710 -0.000306799 0.000140458 1.000000000 -0.000058682 0.000315193 -0.000041702 0.000058688 1.000000000 -0.000939491
1.000000000 -0.000162843 0.000115490 -0.000333794 0.000162839 1.000000000 0.000034173 0.000269368 -0.000115496 -0.000034154 1.000000000 0.000435471
1.000000000 -0.000192590 0.000039047 -0.000136882 0.000192587 1.000000000 0.000059272 -0.000917738 -0.000039058 -0.000059264 1.000000000 -0.002003115
1.000000000 -0.000203992 0.000106034 -0.000677335 0.000203991 1.000000000 0.000013997 0.000026315 -0.000106037 -0.000013976 1.000000000 -0.000906394
1.000000000 -0.000096299 0.000079721 -0.000740403 0.000096296 1.000000000 0.000037084 -0.000317139 -0.000079725 -0.000037076 1.000000000 -0.000532784
1.000000000 -0.000054949 0.000016583 -0.000210314 0.000054951 1.000000000 -0.000125714 0.000540302 -0.000016576 0.000125715 1.000000000 -0.001046197
1.000000000 -0.000122158 -0.000012113 -0.000167015 0.000122157 1.000000000 -0.000101367 0.000361640 0.000012125 0.000101366 1.000000000 -0.001647727
1.000000000 -0.000083749 0.000070134 -0.000395489 0.000083755 1.000000000 -0.000088604 0.001220488 -0.000070126 0.000088610 1.000000000 0.000127446
1.000000000 -0.000164803 0.000035557 -0.000310572 0.000164806 1.000000000 -0.000081410 0.000461434 -0.000035544 0.000081416 1.000000000 -0.001399928
0.999999940 -0.000243203 0.000114747 -0.000544571 0.000243206 0.999999940 -0.000025178 0.000478104 -0.000114741 0.000025206 1.000000000 -0.000619700
0.999999940 -0.000241687 0.000172587 -0.000694151 0.000241689 1.000000000 -0.000009258 0.000305402 -0.000172584 0.000009300 1.000000000 0.000309481
1.000000000 -0.000054620 0.000008856 -0.000255004 0.000054620 1.000000000 -0.000012472 -0.000337221 -0.000008856 0.000012473 1.000000000 -0.001561267
1.000000000 -0.000028895 0.000111907 -0.000793767 0.000028903 1.000000000 -0.000068715 0.000688377 -0.000111905 0.000068719 1.000000000 -0.000097171
1.000000000 -0.000086437 0.000047463 -0.000195079 0.000086438 1.000000000 -0.000017186 0.000390355 -0.000047461 0.000017190 1.000000000 -0.000756959
0.999999940 -0.000241972 0.000111055 -0.000500576 0.000241983 0.999999940 -0.000094026 0.000429502 -0.000111032 0.000094052 1.000000000 -0.001144616
1.000000000 -0.000068702 0.000067224 -0.000505742 0.000068706 1.000000000 -0.000058131 0.000565122 -0.000067220 0.000058135 1.000000000 -0.000767150
0.999999940 -0.000323505 0.000004691 0.000165247 0.000323506 0.999999940 -0.000161980 0.000610092 -0.000004638 0.000161981 1.000000000 -0.002428833
1.000000000 -0.000099455 0.000155978 -0.000897573 0.000099473 1.000000000 -0.000119504 0.001071192 -0.000155966 0.000119520 1.000000000 0.000160886
1.000000000 -0.000058587 0.000088015 -0.000180300 0.000058584 1.000000000 0.000027030 0.000681117 -0.000088016 -0.000027025 1.000000000 0.000953411
1.000000000 -0.000217745 0.000025804 -0.000097931 0.000217745 1.000000000 0.000009049 -0.000200736 -0.000025806 -0.000009044 1.000000000 -0.001077151
1.000000000 -0.000175343 0.000033642 -0.000234237 0.000175343 1.000000000 0.000000138 -0.000490649 -0.000033642 -0.000000132 1.000000000 -0.002011008
0.999999940 -0.000281662 0.000031002 0.000089473 0.000281662 0.999999940 0.000021909 -0.000183482 -0.000031008 -0.000021900 1.000000000 -0.001580324
1.000000000 -0.000204570 0.000119042 -0.000220759 0.000204570 1.000000000 -0.000001318 0.000288402 -0.000119042 0.000001343 1.000000000 -0.000494811
1.000000000 -0.000169982 0.000062081 -0.000058699 0.000169984 1.000000000 -0.000026779 -0.000075809 -0.000062077 0.000026789 1.000000000 -0.000507376
1.000000000 -0.000135278 0.000053944 -0.000091674 0.000135276 1.000000000 0.000032945 -0.000071844 -0.000053948 -0.000032937 1.000000000 -0.001060896
1.000000000 -0.000218659 0.000013900 0.000744612 0.000218659 1.000000000 0.000007356 0.000461176 -0.000013902 -0.000007353 1.000000000 0.000530679
1.000000000 -0.000070226 0.000106770 -0.000696061 0.000070224 1.000000000 0.000011932 -0.000000654 -0.000106771 -0.000011924 1.000000000 -0.001264322
1.000000000 -0.000040085 0.000124006 -0.001183551 0.000040081 1.000000000 0.000034072 -0.000424893 -0.000124008 -0.000034067 1.000000000 -0.001443933
0.999999940 -0.000317858 0.000106757 -0.000219911 0.000317853 0.999999940 0.000046511 -0.000017148 -0.000106772 -0.000046477 1.000000000 -0.000838519
1.000000000 -0.000048920 0.000134620 -0.000812902 0.000048906 1.000000000 0.000099395 -0.000427135 -0.000134625 -0.000099388 1.000000000 -0.001453763
1.000000000 -0.000045040 0.000013747 -0.001077420 0.000045038 1.000000000 0.000108239 -0.000775967 -0.000013752 -0.000108238 1.000000000 -0.002424086
1.000000000 -0.000147201 0.000087577 -0.001019742 0.000147193 1.000000000 0.000086196 -0.000651675 -0.000087590 -0.000086183 1.000000000 -0.002141812
1.000000000 0.000002446 0.000062302 -0.000688811 -0.000002452 1.000000000 0.000086475 -0.000633877 -0.000062302 -0.000086475 1.000000000 -0.002012710
1.000000000 -0.000214259 0.000080271 0.000739263 0.000214268 1.000000000 -0.000114094 0.001115490 -0.000080247 0.000114112 1.000000000 0.002251837
1.000000000 -0.000015999 0.000093471 0.001594546 0.000016073 0.999999702 -0.000781433 -0.001989680 -0.000093458 0.000781434 0.999999702 0.048679184
1.000000000 0.000025519 0.000120217 0.002737133 -0.000025361 0.999999106 -0.001318217 -0.003655327 -0.000120250 0.001318214 0.999999106 0.136985525
1.000000000 -0.000005497 0.000111242 0.004317115 0.000005665 0.999998868 -0.001510645 -0.008707978 -0.000111234 0.001510646 0.999998868 0.247949049
1.000000000 -0.000177480 -0.000054285 0.010809429 0.000177398 0.999998868 -0.001500022 -0.010315183 0.000054551 0.001500013 0.999998868 0.379282951
1.000000000 -0.000172892 -0.000071696 0.011908581 0.000172794 0.999999046 -0.001367365 -0.016859693 0.000071932 0.001367353 0.999999046 0.524022162
0.999999940 -0.000137620 0.000259238 0.012377146 0.000138029 0.999998748 -0.001578706 -0.018218875 -0.000259020 0.001578741 0.999998748 0.680734992
0.999999940 -0.000310929 0.000209773 0.019658534 0.000311142 0.999999464 -0.001014382 -0.022059854 -0.000209457 0.001014447 0.999999464 0.847134471
0.999999881 -0.000365391 -0.000275440 0.022557024 0.000365158 0.999999583 -0.000846987 -0.027839791 0.000275749 0.000846886 0.999999583 1.012994289
0.999999940 -0.000095821 0.000336963 0.023392878 0.000095981 0.999999881 -0.000474046 -0.032788854 -0.000336918 0.000474078 0.999999821 1.190116644
0.999999940 -0.000236526 0.000236248 0.026197828 0.000236622 0.999999881 -0.000408921 -0.037904035 -0.000236151 0.000408977 0.999999881 1.374986410
0.999999762 -0.000677271 -0.000039573 0.033938110 0.000677253 0.999999642 -0.000465184 -0.042442467 0.000039888 0.000465157 0.999999881 1.583693624
0.999997973 -0.000882767 0.001798497 0.012343545 0.000883738 0.999999464 -0.000538893 -0.053002216 -0.001798020 0.000540482 0.999998212 1.694741011
0.999999225 -0.000610605 0.001042690 0.019612361 0.000611169 0.999999642 -0.000541103 -0.059726652 -0.001042360 0.000541739 0.999999285 1.898465872
0.999998212 -0.000772050 0.001743372 0.019973395 0.000772365 0.999999642 -0.000180008 -0.067263827 -0.001743233 0.000181355 0.999998391 2.093275309
0.999997854 -0.000261057 0.002070231 0.022119744 0.000260941 1.000000000 0.000056317 -0.074764669 -0.002070245 -0.000055777 0.999997795 2.311651468
0.999998093 -0.000897393 0.001712893 0.030560121 0.000897348 0.999999583 0.000026988 -0.079669170 -0.001712917 -0.000025451 0.999998510 2.520099163
0.999998033 -0.000761092 0.001852340 0.035425432 0.000761107 0.999999702 -0.000007158 -0.087864079 -0.001852334 0.000008568 0.999998271 2.747013569
0.999997795 -0.000830067 0.001949098 0.039497007 0.000829885 0.999999642 0.000094254 -0.089710280 -0.001949175 -0.000092636 0.999998033 2.992806911
0.999998033 -0.000876915 0.001835355 0.044412643 0.000876913 0.999999642 0.000002061 -0.099483065 -0.001835357 -0.000000451 0.999998331 3.201575518
0.999998152 -0.000524193 0.001883703 0.049248017 0.000524276 0.999999940 -0.000043691 -0.104966320 -0.001883680 0.000044679 0.999998271 3.453547001
0.999997973 -0.000536063 0.001965264 0.053232163 0.000536336 0.999999881 -0.000138354 -0.110685691 -0.001965190 0.000139408 0.999998033 3.713840008
0.999997914 -0.000852287 0.001820071 0.059015963 0.000852420 0.999999583 -0.000072539 -0.117281742 -0.001820009 0.000074090 0.999998331 3.935189724
0.999997795 -0.000704526 0.001954225 0.063904174 0.000704065 0.999999702 0.000236273 -0.125181228 -0.001954390 -0.000234897 0.999998033 4.192068577
0.999996841 -0.001487171 0.002014611 0.069138296 0.001486139 0.999998868 0.000513612 -0.132946029 -0.002015372 -0.000510616 0.999997854 4.445672512
0.999997258 -0.000992795 0.002111475 0.075638197 0.000991380 0.999999344 0.000671074 -0.144500643 -0.002112140 -0.000668979 0.999997497 4.692708015
0.999997675 -0.000659169 0.002031189 0.076488510 0.000658836 0.999999702 0.000164459 -0.142986596 -0.002031296 -0.000163121 0.999997914 4.924135685
0.999997377 -0.000821058 0.002137599 0.081413962 0.000821068 0.999999642 -0.000004067 -0.150235400 -0.002137595 0.000005823 0.999997735 5.192546368
0.999996960 -0.000823320 0.002328705 0.086972132 0.000823163 0.999999642 0.000068568 -0.153624654 -0.002328761 -0.000066651 0.999997258 5.465405941
0.999997437 -0.001302408 0.001847934 0.093078300 0.001301498 0.999999046 0.000493736 -0.167558059 -0.001848575 -0.000491330 0.999998093 5.712995052
0.999997616 -0.000495539 0.002126442 0.097818486 0.000494804 0.999999821 0.000346521 -0.175562337 -0.002126613 -0.000345468 0.999997616 5.995122910
0.999997437 -0.000799099 0.002144852 0.105592117 0.000798429 0.999999642 0.000312980 -0.181032807 -0.002145102 -0.000311267 0.999997616 6.284241199
0.999996543 -0.000962702 0.002424280 0.103249528 0.000961265 0.999999404 0.000593839 -0.194638029 -0.002424850 -0.000591507 0.999996841 6.566763401
0.999996364 -0.001272007 0.002374403 0.112321086 0.001271208 0.999999106 0.000337721 -0.200655520 -0.002374831 -0.000334701 0.999997079 6.817697525
0.999996781 -0.001510960 0.002025365 0.120538138 0.001510646 0.999998808 0.000156746 -0.209093705 -0.002025600 -0.000153686 0.999997914 7.124701023
0.999995649 -0.001232599 0.002675277 0.120720319 0.001232306 0.999999166 0.000111112 -0.214727163 -0.002675412 -0.000107815 0.999996424 7.425908089
0.999995351 -0.001488433 0.002613986 0.134262785 0.001487815 0.999998868 0.000238008 -0.224962696 -0.002614337 -0.000234118 0.999996603 7.746076107
0.999996781 -0.001262262 0.002193245 0.139265776 0.001261128 0.999999046 0.000518054 -0.232351854 -0.002193897 -0.000515286 0.999997437 8.025452614
0.999996603 -0.001182770 0.002341552 0.144196987 0.001180648 0.999998927 0.000907308 -0.244321108 -0.002342622 -0.000904540 0.999996841 8.356783867
0.999996543 -0.001373642 0.002230692 0.153384283 0.001371031 0.999998391 0.001171538 -0.251412630 -0.002232297 -0.001168476 0.999996781 8.690620422
0.999996603 -0.001049954 0.002409222 0.154884353 0.001047594 0.999998987 0.000980651 -0.265217394 -0.002410249 -0.000978123 0.999996603 9.020617485
0.999996603 -0.001292758 0.002272631 0.161840662 0.001291290 0.999998868 0.000647585 -0.271638542 -0.002273465 -0.000644648 0.999997139 9.336514473
0.999995291 -0.002093144 0.002276224 0.168434232 0.002091389 0.999997497 0.000773194 -0.281375974 -0.002277836 -0.000768430 0.999997020 9.687994003
0.999996126 -0.001931376 0.002006100 0.177685991 0.001930777 0.999998093 0.000300264 -0.285304010 -0.002006676 -0.000296390 0.999997973 10.052797318
0.999996424 -0.001520877 0.002205001 0.184864014 0.001519761 0.999998808 0.000507464 -0.301089436 -0.002205770 -0.000504111 0.999997437 10.378027916
0.999996781 -0.001121153 0.002289840 0.191061944 0.001119767 0.999999166 0.000606489 -0.310391456 -0.002290518 -0.000603923 0.999997199 10.749992371
0.999995410 -0.002156590 0.002130107 0.202888876 0.002154925 0.999997437 0.000783404 -0.321022868 -0.002131791 -0.000778810 0.999997377 11.128603935
0.999996483 -0.001562863 0.002129124 0.215825051 0.001561839 0.999998748 0.000482315 -0.326580644 -0.002129875 -0.000478988 0.999997616 11.492156982
0.999996662 -0.001302843 0.002220908 0.222175837 0.001301521 0.999998987 0.000596719 -0.341039777 -0.002221683 -0.000593826 0.999997377 11.843130112
0.999996424 -0.000983012 0.002465629 0.228643849 0.000981302 0.999999344 0.000694535 -0.352041364 -0.002466309 -0.000692113 0.999996781 12.238458633
0.999996901 -0.000972905 0.002244815 0.240189180 0.000970952 0.999999106 0.000870713 -0.364414066 -0.002245660 -0.000868530 0.999997139 12.635771751
0.999995947 -0.000554288 0.002777467 0.238281921 0.000550293 0.999998868 0.001438693 -0.385057390 -0.002778261 -0.001437158 0.999995172 12.981951714
0.999994755 -0.001905202 0.002654838 0.255142808 0.001904284 0.999998093 0.000348566 -0.383132428 -0.002655498 -0.000343509 0.999996424 13.411473274
0.999994040 -0.001689842 0.003017077 0.261502594 0.001688220 0.999998450 0.000540096 -0.392251521 -0.003017985 -0.000534999 0.999995351 13.833697319
0.999993801 -0.001361516 0.003237306 0.272380650 0.001361748 0.999999046 -0.000069563 -0.396258593 -0.003237209 0.000073970 0.999994814 14.275768280
0.999993205 -0.002118121 0.003025773 0.284555286 0.002116032 0.999997497 0.000693479 -0.420790136 -0.003027235 -0.000687072 0.999995172 14.654572487
0.999992728 -0.001725085 0.003395372 0.292557120 0.001723542 0.999998391 0.000457592 -0.432290643 -0.003396157 -0.000451737 0.999994099 15.088346481
0.999992847 -0.001325323 0.003545510 0.304281473 0.001323195 0.999998868 0.000602549 -0.442393839 -0.003546305 -0.000597854 0.999993563 15.524462700
0.999992311 -0.001769745 0.003481753 0.323297322 0.001767058 0.999998152 0.000774545 -0.460022032 -0.003483117 -0.000768387 0.999993622 15.950585365
0.999991894 -0.001406080 0.003775229 0.329749823 0.001404468 0.999998927 0.000429531 -0.467742771 -0.003775829 -0.000424225 0.999992728 16.408267975
0.999989212 -0.001152692 0.004484423 0.331644624 0.001149782 0.999999166 0.000651609 -0.485348850 -0.004485170 -0.000646446 0.999989748 16.848548889
0.999987006 -0.000962694 0.004995962 0.339733213 0.000958591 0.999999225 0.000823678 -0.492202431 -0.004996751 -0.000818878 0.999987125 17.302799225
0.999987543 -0.001259385 0.004855146 0.356649935 0.001257254 0.999999046 0.000442003 -0.501479924 -0.004855698 -0.000435893 0.999988139 17.754943848
0.999987543 -0.000847578 0.004927681 0.371030331 0.000844728 0.999999464 0.000580559 -0.512436926 -0.004928170 -0.000576390 0.999987721 18.232698441
0.999987721 -0.000654129 0.004933348 0.388616264 0.000649744 0.999999404 0.000890369 -0.537759602 -0.004933927 -0.000887152 0.999987483 18.695878983
0.999983966 -0.000192346 0.005661441 0.391283154 0.000188877 0.999999821 0.000613378 -0.550696015 -0.005661557 -0.000612299 0.999983788 19.179363251
0.999984980 -0.000805516 0.005407862 0.401104242 0.000800313 0.999999225 0.000964217 -0.555074811 -0.005408634 -0.000959875 0.999984920 19.621129990
0.999983430 -0.000974460 0.005672757 0.411668181 0.000969303 0.999999166 0.000911724 -0.566299438 -0.005673640 -0.000906210 0.999983490 20.116981506
0.999987423 -0.001315613 0.004818343 0.429761440 0.001311094 0.999998689 0.000940884 -0.581425548 -0.004819574 -0.000934555 0.999987960 20.611812592
0.999987006 -0.001613102 0.004814176 0.432250738 0.001612540 0.999998748 0.000120751 -0.576933980 -0.004814365 -0.000112986 0.999988437 21.114793777
0.999990642 -0.000608920 0.004282078 0.434969157 0.000603263 0.999998927 0.001322224 -0.617346704 -0.004282879 -0.001319628 0.999989927 21.672386169
0.999992609 -0.001476637 0.003588450 0.448920310 0.001472826 0.999998331 0.001064363 -0.627932906 -0.003590015 -0.001059069 0.999992967 22.111953735
0.999995172 -0.000755387 0.003026540 0.456463814 0.000752650 0.999999285 0.000905244 -0.637754321 -0.003027222 -0.000902962 0.999994993 22.649620056
0.999994099 -0.000230936 0.003437141 0.463373601 0.000227973 0.999999583 0.000862497 -0.659647942 -0.003437339 -0.000861708 0.999993682 23.171852112
0.999995410 -0.002060429 0.002272633 0.474082202 0.002058792 0.999997616 0.000722356 -0.680040658 -0.002274117 -0.000717674 0.999997079 23.734678268
0.999998510 -0.001493238 0.000857490 0.499287605 0.001492719 0.999998748 0.000605880 -0.680346906 -0.000858393 -0.000604599 0.999999464 24.296594620
0.999998510 -0.001154224 0.001246101 0.490692496 0.001152856 0.999998748 0.001097932 -0.706358552 -0.001247366 -0.001096493 0.999998629 24.737955093
0.999999583 -0.000563344 0.000692147 0.498922616 0.000562533 0.999999225 0.001170897 -0.718987167 -0.000692806 -0.001170508 0.999999046 25.284263611
0.999999702 -0.000693036 -0.000066249 0.510828853 0.000693106 0.999999166 0.001070494 -0.734885931 0.000065507 -0.001070539 0.999999404 25.845232010
0.999999523 -0.000859478 -0.000561337 0.525308549 0.000860320 0.999998569 0.001500457 -0.740927279 0.000560047 -0.001500939 0.999998689 26.408432007
0.999997795 -0.001859945 -0.000905728 0.530607581 0.001861742 0.999996305 0.001987793 -0.771470845 0.000902028 -0.001989475 0.999997556 26.900796890
0.999997914 -0.001277923 -0.001576083 0.540735126 0.001281418 0.999996722 0.002218659 -0.784795582 0.001573242 -0.002220674 0.999996305 27.459789276
0.999998629 -0.000717141 -0.001481982 0.535069942 0.000721206 0.999996006 0.002744236 -0.800145030 0.001480009 -0.002745301 0.999995112 27.985816956
0.999996841 -0.001588731 -0.001917623 0.550725102 0.001593639 0.999995470 0.002560604 -0.815268755 0.001913546 -0.002563652 0.999994874 28.559122086
0.999995947 -0.001601380 -0.002355828 0.553723812 0.001608970 0.999993503 0.003223557 -0.843930900 0.002350651 -0.003227334 0.999992013 29.129970551
0.999991655 -0.001138860 -0.003921126 0.588765144 0.001150082 0.999995291 0.002860849 -0.860195756 0.003917849 -0.002865335 0.999988258 29.645935059
0.999994457 -0.001399087 -0.003029680 0.559586167 0.001404796 0.999997258 0.001883228 -0.851416469 0.003027037 -0.001887474 0.999993563 30.133861542
0.999991536 -0.001772571 -0.003716654 0.574651718 0.001778274 0.999997258 0.001531728 -0.864735842 0.003713929 -0.001538325 0.999991834 30.686906815
0.999989927 -0.001720371 -0.004149586 0.588820815 0.001726723 0.999997318 0.001527518 -0.871364057 0.004146946 -0.001534667 0.999990165 31.229219437
0.999986887 -0.001599713 -0.004863861 0.639563441 0.001601662 0.999998629 0.000396657 -0.846869767 0.004863220 -0.000404443 0.999988079 31.796524048
0.999983490 -0.001865588 -0.005435034 0.639744639 0.001877839 0.999995708 0.002249962 -0.910967350 0.005430812 -0.002260131 0.999982715 32.363986969
0.999988258 -0.002120311 -0.004342522 0.587391019 0.002131567 0.999994397 0.002589098 -0.943622530 0.004337007 -0.002598325 0.999987245 32.832969666
0.999988258 -0.002184536 -0.004314687 0.594905019 0.002194462 0.999995053 0.002297126 -0.951747060 0.004309647 -0.002306568 0.999988079 33.383907318
0.999984324 -0.002783087 -0.004843975 0.605070949 0.002794887 0.999993145 0.002430899 -0.970458090 0.004837177 -0.002444399 0.999985337 33.922439575
0.999984920 -0.002816113 -0.004716369 0.606518149 0.002826603 0.999993563 0.002218999 -0.979145646 0.004710090 -0.002232296 0.999986410 34.490966797
0.999983788 -0.003149881 -0.004755426 0.619890988 0.003157842 0.999993563 0.001667480 -0.979621053 0.004750144 -0.001682470 0.999987364 35.025463104
0.999983072 -0.002361120 -0.005312093 0.623423994 0.002372602 0.999994814 0.002156132 -1.006590843 0.005306975 -0.002168700 0.999983549 35.533592224
0.999982476 -0.002358683 -0.005437016 0.632640898 0.002371007 0.999994576 0.002261251 -1.022190571 0.005431653 -0.002274102 0.999982655 36.085075378
0.999984860 -0.002131584 -0.005065618 0.638925195 0.002142033 0.999995589 0.002058089 -1.036928415 0.005061209 -0.002068909 0.999985039 36.625019073
0.999983788 -0.002023550 -0.005325066 0.650054991 0.002037331 0.999994576 0.002583893 -1.053217888 0.005319810 -0.002594701 0.999982417 37.172409058
0.999981105 -0.001815140 -0.005876726 0.666794062 0.001829959 0.999995172 0.002517236 -1.071105123 0.005872129 -0.002527943 0.999979556 37.716003418
0.999980628 -0.002349706 -0.005762921 0.649661541 0.002363443 0.999994397 0.002377878 -1.077135324 0.005757300 -0.002391453 0.999980509 38.223026276
0.999979854 -0.001912839 -0.006066935 0.659117699 0.001928124 0.999994993 0.002514441 -1.093739629 0.006062095 -0.002526088 0.999978423 38.759990692
0.999977827 -0.001379755 -0.006521698 0.702023625 0.001393097 0.999996960 0.002041662 -1.101588130 0.006518861 -0.002050702 0.999976575 39.306327820
0.999970257 -0.002526971 -0.007292649 0.730157554 0.002550670 0.999991536 0.003242259 -1.137994647 0.007284395 -0.003260764 0.999968112 39.889953613
0.999970496 -0.003253333 -0.006956351 0.716243505 0.003265794 0.999993086 0.001780684 -1.112151146 0.006950510 -0.001803349 0.999974191 40.447460175
0.999965608 -0.002597586 -0.007881109 0.745376110 0.002612772 0.999994755 0.001917305 -1.139359713 0.007876086 -0.001937831 0.999967098 41.051429749
0.999977529 -0.003581595 -0.005655902 0.646255493 0.003593675 0.999991298 0.002127184 -1.156965971 0.005648233 -0.002147462 0.999981761 41.461116791
0.999974906 -0.004041205 -0.005813061 0.654847026 0.004055727 0.999988675 0.002488544 -1.170307755 0.005802940 -0.002512058 0.999980032 42.011184692
0.999983251 -0.003463940 -0.004646882 0.637361765 0.003471579 0.999992669 0.001636778 -1.172575235 0.004641177 -0.001652882 0.999987841 42.583999634
0.999985397 -0.003400973 -0.004204671 0.642784238 0.003410849 0.999991477 0.002343784 -1.192919374 0.004196666 -0.002358091 0.999988437 43.085460663
0.999982953 -0.003205534 -0.004872575 0.657100499 0.003221203 0.999989688 0.003211237 -1.220204115 0.004862232 -0.003226877 0.999983013 43.634307861
0.999985635 -0.003028215 -0.004420020 0.651563287 0.003038630 0.999992609 0.002351599 -1.218008637 0.004412867 -0.002364995 0.999987483 44.161346436
0.999988377 -0.003569805 -0.003220776 0.592574477 0.003571225 0.999993563 0.000435510 -1.164838552 0.003219201 -0.000447007 0.999994755 44.736347198
0.999980152 -0.004188654 -0.004703213 0.642680109 0.004197711 0.999989331 0.001917436 -1.241573334 0.004695132 -0.001937140 0.999987125 45.214012146
0.999981642 -0.003558870 -0.004908849 0.649965465 0.003570256 0.999990940 0.002312732 -1.260448694 0.004900574 -0.002330216 0.999985278 45.758514404
0.999982119 -0.003054139 -0.005141982 0.657171547 0.003065792 0.999992728 0.002259767 -1.272638321 0.005135044 -0.002275490 0.999984205 46.313453674
0.999986827 -0.002857625 -0.004263625 0.649898827 0.002870704 0.999991119 0.003064832 -1.284090281 0.004254830 -0.003077031 0.999986291 46.828315735
0.999982893 -0.003474292 -0.004703587 0.688741803 0.003476374 0.999993920 0.000434562 -1.260650873 0.004702047 -0.000450907 0.999988914 47.469253540
0.999983370 -0.003918175 -0.004227086 0.641007066 0.003922586 0.999991775 0.001035829 -1.294048905 0.004222992 -0.001052393 0.999990523 47.922489166
0.999987543 -0.002937782 -0.004018174 0.644752204 0.002941833 0.999995291 0.001002705 -1.310244799 0.004015209 -0.001014513 0.999991417 48.476058960
0.999985099 -0.003602067 -0.004098714 0.654807091 0.003606810 0.999992847 0.001150560 -1.316593409 0.004094539 -0.001165326 0.999990940 49.022289276
0.999983966 -0.003943073 -0.004063633 0.650047421 0.003948550 0.999991357 0.001340688 -1.341913462 0.004058311 -0.001356712 0.999990821 49.557491302
0.999983966 -0.004772902 -0.003029786 0.595363975 0.004772948 0.999988616 0.000008228 -1.314384937 0.003029712 -0.000022689 0.999995410 50.195987701
0.999984741 -0.004381542 -0.003363909 0.604473233 0.004382290 0.999990404 0.000215140 -1.311429024 0.003362934 -0.000229879 0.999994278 50.751087189
0.999982476 -0.004258439 -0.004117212 0.657809138 0.004260634 0.999990702 0.000524317 -1.363321304 0.004114941 -0.000541849 0.999991298 51.132957458
0.999981761 -0.004593086 -0.003928715 0.670390606 0.004597060 0.999988914 0.001003202 -1.382866502 0.003924064 -0.001021244 0.999991715 51.684268951
0.999989212 -0.003154408 -0.003431196 0.660574675 0.003160337 0.999993503 0.001723931 -1.408107162 0.003425736 -0.001734756 0.999992549 52.181625366
0.999984443 -0.003627273 -0.004238066 0.687453032 0.003635921 0.999991298 0.002034547 -1.450338840 0.004230650 -0.002049925 0.999988914 52.814773560
0.999982297 -0.004185729 -0.004219310 0.688585579 0.004187732 0.999991119 0.000466094 -1.426917672 0.004217322 -0.000483756 0.999990880 53.357620239
0.999978185 -0.004676609 -0.004666584 0.678470612 0.004674416 0.999988973 -0.000480696 -1.416537642 0.004668782 0.000458872 0.999988973 54.054538727
0.999980092 -0.005147333 -0.003662260 0.667742431 0.005147849 0.999986649 0.000131320 -1.439002633 0.003661535 -0.000150170 0.999993205 54.394084930
0.999985099 -0.004345769 -0.003302604 0.670456469 0.004346671 0.999990523 0.000266227 -1.465795040 0.003301415 -0.000280579 0.999994516 54.831226349
0.999980927 -0.005087102 -0.003488129 0.677450836 0.005086084 0.999987006 -0.000300533 -1.481518269 0.003489613 0.000282786 0.999993861 55.375377655
0.999983013 -0.004928438 -0.003114755 0.695807338 0.004925707 0.999987543 -0.000883381 -1.479205370 0.003119070 0.000868024 0.999994814 55.938442230
0.999987304 -0.004364370 -0.002531131 0.676328719 0.004363390 0.999990463 -0.000392435 -1.502940655 0.002532818 0.000381386 0.999996722 56.449871063
0.999988675 -0.004089852 -0.002423814 0.675578058 0.004090695 0.999991655 0.000342915 -1.523999810 0.002422391 -0.000352826 0.999997020 56.976970673
0.999982476 -0.004711087 -0.003566731 0.711497366 0.004709447 0.999988794 -0.000468009 -1.530647993 0.003568896 0.000451204 0.999993503 57.466030121
0.999982238 -0.004658266 -0.003721228 0.721908212 0.004657373 0.999989092 -0.000248790 -1.547037721 0.003722345 0.000231454 0.999993026 58.010429382
0.999977052 -0.005497396 -0.003973041 0.741849482 0.005497535 0.999984920 0.000024256 -1.572739005 0.003972848 -0.000046097 0.999992132 58.533359528
0.999979436 -0.005146857 -0.003812252 0.753834546 0.005145488 0.999986708 -0.000368904 -1.574100494 0.003814100 0.000349280 0.999992669 59.085605621
0.999984145 -0.004171144 -0.003793865 0.772328317 0.004168941 0.999991119 -0.000588707 -1.553921103 0.003796286 0.000572881 0.999992609 59.590354919
0.999987543 -0.004173733 -0.002746376 0.722228527 0.004173272 0.999991298 -0.000173675 -1.603733897 0.002747076 0.000162212 0.999996185 60.076656342
0.999988139 -0.004053894 -0.002677238 0.729898512 0.004053685 0.999991775 -0.000083182 -1.618014693 0.002677552 0.000072328 0.999996364 60.625209808
0.999986291 -0.004294453 -0.002998229 0.745413184 0.004292486 0.999990582 -0.000662005 -1.624210119 0.003001042 0.000649126 0.999995291 61.192115784
0.999985278 -0.004904615 -0.002359925 0.743801832 0.004904484 0.999987960 -0.000060956 -1.658158779 0.002360195 0.000049381 0.999997199 61.695373535
0.999983847 -0.004522927 -0.003452279 0.781805277 0.004518497 0.999988973 -0.001289794 -1.644845843 0.003458073 0.001274174 0.999993145 62.255733490
0.999988794 -0.003845746 -0.002766359 0.770252049 0.003843774 0.999992371 -0.000717705 -1.665798187 0.002769100 0.000707063 0.999995887 62.712394714
0.999990523 -0.003738848 -0.002245117 0.778698862 0.003736232 0.999992371 -0.001167854 -1.683016062 0.002249466 0.001159454 0.999996841 63.261890411
0.999989033 -0.004143708 -0.002180355 0.777528107 0.004143038 0.999991357 -0.000312213 -1.707548618 0.002181630 0.000303177 0.999997556 63.781215668
0.999990165 -0.004158265 -0.001552498 0.766464531 0.004158216 0.999991417 -0.000034702 -1.719075561 0.001552630 0.000028246 0.999998808 64.281875610
0.999991953 -0.003405570 -0.002078625 0.785619438 0.003403352 0.999993622 -0.001069607 -1.715891123 0.002082256 0.001062525 0.999997199 64.821502686
0.999988973 -0.003992232 -0.002449251 0.795025647 0.003988685 0.999991000 -0.001451255 -1.731099725 0.002455022 0.001441469 0.999995947 65.371322632
0.999985218 -0.004802581 -0.002545631 0.808741808 0.004798221 0.999986947 -0.001716335 -1.739093542 0.002553840 0.001704094 0.999995232 65.907165527
0.999989986 -0.003750743 -0.002429654 0.826360762 0.003747810 0.999992251 -0.001210459 -1.760904551 0.002434177 0.001201341 0.999996305 66.403816223
0.999990821 -0.003675712 -0.002218646 0.834536672 0.003672534 0.999992192 -0.001434618 -1.777674556 0.002223902 0.001426457 0.999996483 66.949256897
0.999992669 -0.003027730 -0.002317937 0.841552079 0.003023777 0.999994040 -0.001706811 -1.786627054 0.002323091 0.001699790 0.999995828 67.522994995
0.999991238 -0.003626255 -0.002087465 0.833413541 0.003623964 0.999992847 -0.001100119 -1.827698946 0.002091438 0.001092543 0.999997199 68.029678345
0.999993682 -0.003146023 -0.001636855 0.836348355 0.003142314 0.999992490 -0.002263142 -1.804373503 0.001643962 0.002257985 0.999996126 68.514068604
0.999993086 -0.003190273 -0.001927024 0.848328590 0.003185980 0.999992371 -0.002227418 -1.819552898 0.001934115 0.002221262 0.999995649 69.061492920
0.999995470 -0.002811742 -0.001138846 0.841426969 0.002809348 0.999993861 -0.002098346 -1.837034941 0.001144741 0.002095137 0.999997199 69.573356628
0.999991298 -0.003915876 -0.001472892 0.850806355 0.003909574 0.999983251 -0.004257814 -1.827117085 0.001489541 0.004252020 0.999989808 70.097312927
0.999994814 -0.003096812 -0.000904458 0.859813631 0.003094187 0.999991179 -0.002889358 -1.859279394 0.000913399 0.002886545 0.999995410 70.622344971
0.999991477 -0.003791468 -0.001646643 0.876677930 0.003785745 0.999986887 -0.003464757 -1.873283386 0.001659758 0.003458494 0.999992669 71.169006348
0.999996185 -0.002348609 -0.001453793 0.886665583 0.002345555 0.999995053 -0.002098281 -1.914124131 0.001458714 0.002094863 0.999996781 71.649925232
0.999995530 -0.002727252 -0.001197096 0.886916995 0.002724190 0.999993026 -0.002551032 -1.914244533 0.001204045 0.002547760 0.999995947 72.199516296
0.999994457 -0.003108037 -0.001206053 0.899830103 0.003105142 0.999992371 -0.002394796 -1.937450767 0.001213487 0.002391038 0.999996424 72.744209290
0.999993682 -0.003541817 -0.000210557 0.881963551 0.003541180 0.999989390 -0.002949499 -1.922343969 0.000221002 0.002948734 0.999995589 73.186019897
0.999993145 -0.003496602 -0.001235245 0.914681017 0.003493126 0.999989986 -0.002805532 -1.958734155 0.001245043 0.002801198 0.999995232 73.767951965
0.999995470 -0.002847737 -0.000984597 0.922036231 0.002845151 0.999992609 -0.002618408 -1.975953102 0.000992046 0.002615595 0.999996006 74.317138672
0.999991119 -0.003752950 -0.001910052 0.925425410 0.003747495 0.999988973 -0.002851583 -1.987103462 0.001920732 0.002844400 0.999994099 74.758811951
0.999994993 -0.002831143 -0.001407576 0.946467280 0.002827548 0.999992788 -0.002549807 -2.013159752 0.001414784 0.002545813 0.999995708 75.349090576
0.999995410 -0.002967298 -0.000598936 0.933765352 0.002965339 0.999990344 -0.003245725 -2.014741898 0.000608560 0.003243935 0.999994576 75.877700806
0.999995708 -0.002871009 -0.000610549 0.947695553 0.002868968 0.999990404 -0.003317139 -2.032756567 0.000620067 0.003315374 0.999994338 76.421150208
0.999995232 -0.003039683 -0.000496321 0.953418672 0.003038078 0.999990165 -0.003202839 -2.052662373 0.000506052 0.003201316 0.999994755 76.898109436
0.999996543 -0.002633439 -0.000248350 0.957794487 0.002632599 0.999991059 -0.003325094 -2.050516844 0.000257104 0.003324428 0.999994457 77.426567078
0.999995410 -0.003003076 -0.000340471 0.959880590 0.003001900 0.999989688 -0.003403521 -2.085416317 0.000350689 0.003402483 0.999994159 77.974189758
0.999994993 -0.003170265 -0.000250506 0.972282290 0.003169301 0.999987960 -0.003758301 -2.097437620 0.000262418 0.003757488 0.999992907 78.532745361
0.999994993 -0.003051319 0.000754502 0.976310372 0.003053885 0.999989510 -0.003423615 -2.114867687 -0.000744047 0.003425902 0.999993861 79.088768005
0.999991417 -0.003621299 0.002004255 0.984660268 0.003628367 0.999987125 -0.003533948 -2.135945559 -0.001991432 0.003541189 0.999991775 79.556739807
0.999989152 -0.003523049 0.003055407 0.999160349 0.003533776 0.999987543 -0.003512291 -2.154830456 -0.003042996 0.003523050 0.999989212 80.094726562
0.999984503 -0.003699562 0.004157905 1.017956257 0.003711380 0.999989092 -0.002838076 -2.179196596 -0.004147360 0.002853464 0.999987364 80.611633301
0.999962628 -0.004188830 0.007559868 1.034513235 0.004217935 0.999983668 -0.003837991 -2.178544998 -0.007543669 0.003869734 0.999964058 81.117156982
0.999928534 -0.003012402 0.011570675 1.057143807 0.003055653 0.999988317 -0.003722131 -2.194727421 -0.011559328 0.003757221 0.999926150 81.697380066
0.999880850 -0.004161863 0.014870133 1.080307961 0.004223210 0.999982655 -0.004096493 -2.211403847 -0.014852826 0.004158804 0.999881089 82.250061035
0.999816358 -0.003321177 0.018874506 1.105586767 0.003391398 0.999987364 -0.003689574 -2.238839865 -0.018862016 0.003752908 0.999815047 82.753639221
0.999699354 -0.002573530 0.024385160 1.127735376 0.002660293 0.999990225 -0.003526227 -2.235810757 -0.024375845 0.003590038 0.999696434 83.245491028
0.999533772 -0.002742228 0.030408341 1.149402618 0.002844870 0.999990344 -0.003332708 -2.265026808 -0.030398911 0.003417663 0.999531984 83.807037354
0.999341488 -0.002464632 0.036201797 1.187938094 0.002609841 0.999988675 -0.003964384 -2.277616978 -0.036191620 0.004056254 0.999336600 84.355834961
0.999021173 -0.002858127 0.044142749 1.233229399 0.002997689 0.999990702 -0.003095729 -2.298892021 -0.044133496 0.003225025 0.999020457 84.889289856
0.998633742 -0.003451722 0.052139781 1.289525747 0.003643807 0.999986947 -0.003589437 -2.311469316 -0.052126706 0.003774520 0.998633325 85.403953552
0.998204529 -0.003315244 0.059804834 1.305315971 0.003535358 0.999987304 -0.003575110 -2.324126720 -0.059792224 0.003780124 0.998203695 85.932235718
0.997611940 -0.003687514 0.068968192 1.362395287 0.003953390 0.999985158 -0.003718956 -2.337031841 -0.068953469 0.003982733 0.997611940 86.481010437
0.996883869 -0.003958269 0.078783602 1.432011127 0.004311471 0.999981403 -0.004313584 -2.344810247 -0.078765072 0.004639816 0.996882379 87.034996033
0.996177316 -0.004243065 0.087251268 1.510176182 0.004674759 0.999977767 -0.004743974 -2.327006340 -0.087229200 0.005133717 0.996175051 87.524940491
0.995402575 -0.004250290 0.095685162 1.545206070 0.004657712 0.999980986 -0.004034986 -2.378307343 -0.095666200 0.004462110 0.995403409 88.095100403
0.994346499 -0.004163289 0.106102861 1.619457722 0.004644720 0.999979973 -0.004290686 -2.396304131 -0.106082886 0.004759244 0.994345844 88.639381409
0.993092656 -0.003852916 0.117269352 1.698750496 0.004336786 0.999983132 -0.003871256 -2.414596558 -0.117252462 0.004353086 0.993092537 89.186225891
0.991981924 -0.004430915 0.126302585 1.770229340 0.004949109 0.999980569 -0.003789290 -2.424675941 -0.126283348 0.004383991 0.991984546 89.692573547
0.990527093 -0.004514654 0.137243345 1.874631882 0.005077407 0.999980092 -0.003750601 -2.440573692 -0.137223691 0.004411913 0.990530193 90.232597351
0.988791287 -0.005061242 0.149219006 1.974605560 0.005751364 0.999974668 -0.004193724 -2.457514048 -0.149194002 0.005004930 0.988795280 90.768272400
0.987171829 -0.005727096 0.159558982 2.091263771 0.006423661 0.999971986 -0.003850114 -2.477021217 -0.159532458 0.004825676 0.987180829 91.247367859
0.985330224 -0.004895393 0.170588493 2.180859566 0.005565579 0.999978542 -0.003450672 -2.493905067 -0.170567945 0.004349476 0.985336304 91.816070557
0.983002603 -0.004748594 0.183529943 2.298947334 0.005471678 0.999979079 -0.003433650 -2.511376381 -0.183509812 0.004379505 0.983008206 92.340522766
0.980546057 -0.005392875 0.196215272 2.426186562 0.006199133 0.999974668 -0.003495127 -2.523385048 -0.196191445 0.004643498 0.980554700 92.891975403
0.978926063 -0.008049074 0.204056352 2.565679550 0.009132077 0.999948800 -0.004366286 -2.508210421 -0.204010740 0.006137729 0.978949428 93.218902588
0.975561261 -0.005643021 0.219655231 2.660295486 0.006497285 0.999973893 -0.003166901 -2.554720402 -0.219631642 0.004516669 0.975572348 93.904205322
0.972386181 -0.005585988 0.233310878 2.808851242 0.006389652 0.999975979 -0.002688924 -2.574931622 -0.233290285 0.004105447 0.972398460 94.432128906
0.969540894 -0.004953805 0.244879737 2.955837250 0.005662341 0.999981582 -0.002189468 -2.601421595 -0.244864374 0.003509372 0.969550967 94.945861816
0.966886282 -0.006809833 0.255116761 3.110530853 0.007861854 0.999964237 -0.003104185 -2.590420723 -0.255086541 0.005007085 0.966905296 95.312294006
0.962672770 -0.006137541 0.270598173 3.259796143 0.007162016 0.999970436 -0.002798687 -2.609967232 -0.270572960 0.004632249 0.962688327 95.968597412
0.959137619 -0.006824307 0.282857418 3.433458328 0.007919789 0.999964952 -0.002729649 -2.627464294 -0.282828838 0.004858280 0.959158123 96.487289429
0.956055641 -0.006900202 0.293104112 3.609460831 0.008024531 0.999964297 -0.002633674 -2.646342278 -0.293075532 0.004869961 0.956076920 96.995086670
0.951884806 -0.007055657 0.306374848 3.761667252 0.008069472 0.999965370 -0.002042588 -2.667759895 -0.306349814 0.004416591 0.951908708 97.472000122
0.947168887 -0.006981130 0.320659190 3.951551437 0.008101720 0.999964833 -0.002160591 -2.671863079 -0.320632875 0.004644334 0.947192192 97.995933533
0.943285406 -0.008009372 0.331886232 4.155998230 0.009234967 0.999955118 -0.002115776 -2.685986042 -0.331854373 0.005060738 0.943317056 98.510345459
0.938578665 -0.008200848 0.344967693 4.362730026 0.009578098 0.999951541 -0.002288181 -2.705027580 -0.344932199 0.005451771 0.938611805 99.006561279
0.933047175 -0.007805665 0.359669417 4.570459366 0.008985725 0.999958277 -0.001609161 -2.720597029 -0.359641820 0.004733313 0.933078408 99.492065430
0.928175211 -0.008495251 0.372046530 4.792430878 0.009790014 0.999950767 -0.001591242 -2.737170935 -0.372014701 0.005119291 0.928212702 99.979713440
0.923372567 -0.008668089 0.383807123 5.020725250 0.010023863 0.999948561 -0.001532325 -2.754020929 -0.383774072 0.005262138 0.923411965 100.488334656
0.917382717 -0.009042454 0.397903621 5.248500824 0.010303050 0.999946296 -0.001030074 -2.772531271 -0.397872984 0.005044594 0.917426586 100.923530579
0.911341190 -0.008582129 0.411562294 5.495254517 0.009956940 0.999949694 -0.001196592 -2.779405117 -0.411531389 0.005188406 0.911380827 101.474815369
0.906511545 -0.009382691 0.422076583 5.754322052 0.011002833 0.999938428 -0.001402782 -2.791092396 -0.422037452 0.005915677 0.906559110 101.967041016
0.900420547 -0.009061128 0.434926182 5.991622925 0.010298256 0.999946892 -0.000487700 -2.817187309 -0.434898615 0.004918117 0.900466025 102.427764893
0.894027352 -0.010429546 0.447890967 6.272865295 0.011726298 0.999931216 -0.000122356 -2.844424248 -0.447858959 0.005361495 0.894088089 102.865272522
0.887546301 -0.009436649 0.460621834 6.489845276 0.011045382 0.999938667 -0.000797222 -2.826284409 -0.460586071 0.005795317 0.887596130 103.346694946
0.881770551 -0.009763916 0.471577495 6.763950348 0.011511916 0.999933422 -0.000821928 -2.841655970 -0.471538097 0.006153513 0.881824315 103.826652527
