1.000000000 0.000000000 0.000000000 0.000000000 0.000000000 1.000000000 0.000000000 0.000000000 0.000000000 0.000000000 1.000000000 0.000000000
1.000000000 0.000096637 0.000117433 -0.003432427 -0.000096619 1.000000000 -0.000151091 0.003992159 -0.000117448 0.000151079 1.000000000 0.004326059
1.000000000 0.000059431 0.000070115 -0.002589980 -0.000059422 1.000000000 -0.000134959 0.002256415 -0.000070123 0.000134955 1.000000000 0.001283569
0.999999940 0.000307491 0.000140052 -0.000658225 -0.000307476 0.999999940 -0.000111925 0.003296443 -0.000140086 0.000111882 1.000000000 -0.002070914
1.000000000 0.000206016 0.000061228 0.001927470 -0.000206011 1.000000000 -0.000076806 0.002650081 -0.000061244 0.000076793 1.000000000 0.000254917
1.000000000 0.000125333 0.000046047 -0.000615574 -0.000125334 1.000000000 0.000013096 0.001016028 -0.000046045 -0.000013102 1.000000000 -0.001303652
1.000000000 0.000050450 0.000205199 -0.007948187 -0.000050399 0.999999940 -0.000248589 0.003760719 -0.000205212 0.000248579 0.999999940 0.004614821
1.000000000 0.000049110 0.000044757 -0.001857060 -0.000049107 1.000000000 -0.000060694 0.002260815 -0.000044760 0.000060692 1.000000000 0.000097536
1.000000000 0.000021824 0.000144652 -0.006394889 -0.000021798 1.000000000 -0.000179996 0.003865939 -0.000144656 0.000179993 1.000000000 0.005397720
0.999999940 0.000197513 0.000246391 -0.006223167 -0.000197474 0.999999940 -0.000157452 0.002809769 -0.000246422 0.000157404 0.999999940 -0.000376884
0.999999940 0.000229003 0.000134540 -0.000041087 -0.000228991 0.999999940 -0.000089008 0.001926518 -0.000134560 0.000088977 1.000000000 -0.003303620
1.000000000 0.000206190 0.000104787 -0.000427483 -0.000206184 1.000000000 -0.000054863 0.002320056 -0.000104799 0.000054842 1.000000000 -0.004224441
1.000000000 0.000126537 0.000164983 -0.005360086 -0.000126524 1.000000000 -0.000075747 0.000552554 -0.000164993 0.000075726 1.000000000 -0.002091986
1.000000000 -0.000034910 0.000111144 -0.002929056 0.000034913 1.000000000 -0.000028508 -0.000446408 -0.000111143 0.000028512 1.000000000 -0.003124163
1.000000000 0.000073194 0.000065798 -0.000637972 -0.000073188 1.000000000 -0.000085883 0.001863408 -0.000065804 0.000085878 1.000000000 -0.004453778
1.000000000 -0.000144421 -0.000078707 0.001534237 0.000144423 1.000000000 0.000032814 0.000467708 0.000078702 -0.000032825 1.000000000 -0.006042543
0.999999940 -0.000282820 0.000010318 -0.002626219 0.000282821 0.999999940 -0.000088721 0.000720146 -0.000010293 0.000088724 1.000000000 -0.004855634
1.000000000 -0.000078541 -0.000002188 0.000437863 0.000078541 1.000000000 -0.000000681 0.000065641 0.000002188 0.000000680 1.000000000 -0.007846789
1.000000000 0.000118792 -0.000026248 0.000043661 -0.000118791 1.000000000 0.000034081 0.001549551 0.000026252 -0.000034078 1.000000000 -0.008205321
1.000000000 -0.000083697 -0.000039574 -0.001484418 0.000083696 1.000000000 -0.000018333 -0.000190620 0.000039575 0.000018330 1.000000000 -0.006613024
1.000000000 -0.000003105 0.000032750 -0.000832120 0.000003108 1.000000000 -0.000081350 0.001272194 -0.000032750 0.000081350 1.000000000 -0.008187518
1.000000000 -0.000090936 0.000062636 -0.001126957 0.000090935 1.000000000 0.000007199 -0.000812822 -0.000062637 -0.000007193 1.000000000 -0.005485008
1.000000000 0.000110244 0.000170894 -0.006575197 -0.000110209 1.000000000 -0.000203285 0.002112925 -0.000170916 0.000203266 0.999999940 0.001371913
1.000000000 -0.000142797 -0.000108431 0.001983328 0.000142788 1.000000000 -0.000080878 0.000152078 0.000108442 0.000080862 1.000000000 -0.003622773
1.000000000 0.000027676 0.000047674 -0.001296636 -0.000027675 1.000000000 -0.000021924 0.002244239 -0.000047675 0.000021923 1.000000000 0.000004600
1.000000000 0.000098846 -0.000019874 0.001988008 -0.000098848 1.000000000 -0.000093482 0.002746829 0.000019865 0.000093484 1.000000000 -0.006598597
1.000000000 -0.000077247 0.000108155 -0.003365900 0.000077263 1.000000000 -0.000149515 0.003238462 -0.000108144 0.000149523 1.000000000 -0.001441217
0.999999940 0.000236034 0.000246628 -0.005750384 -0.000235973 0.999999940 -0.000246477 0.003337475 -0.000246687 0.000246419 0.999999940 0.000908126
1.000000000 0.000058570 0.000152166 -0.004624465 -0.000058566 1.000000000 -0.000028998 0.002194706 -0.000152168 0.000028989 1.000000000 0.000882636
1.000000000 -0.000154306 0.000071872 -0.004954598 0.000154313 1.000000000 -0.000095961 0.005349855 -0.000071857 0.000095972 1.000000000 0.002802984
1.000000000 -0.000074147 0.000067846 -0.003945634 0.000074152 1.000000000 -0.000068360 0.002194400 -0.000067841 0.000068365 1.000000000 0.001308235
1.000000000 -0.000117952 0.000086331 -0.003648016 0.000117945 1.000000000 0.000078868 0.001371140 -0.000086340 -0.000078858 1.000000000 0.000353741
1.000000000 -0.000202071 0.000108118 -0.005429246 0.000202062 1.000000000 0.000080351 0.000497120 -0.000108134 -0.000080329 1.000000000 -0.002488848
1.000000000 -0.000175019 0.000028851 -0.002766902 0.000175017 1.000000000 0.000059034 0.001601536 -0.000028861 -0.000059029 1.000000000 -0.002042459
1.000000000 0.000067356 0.000085636 -0.004207204 -0.000067348 1.000000000 -0.000090379 0.001104206 -0.000085642 0.000090373 1.000000000 0.000009002
1.000000000 0.000054258 0.000130731 -0.004949692 -0.000054243 1.000000000 -0.000116107 0.002749933 -0.000130737 0.000116100 1.000000000 0.000892693
1.000000000 -0.000141535 -0.000113318 0.002092497 0.000141551 1.000000000 0.000135192 -0.000357710 0.000113299 -0.000135208 1.000000000 -0.012518213
1.000000000 -0.000002377 0.000061676 -0.004017803 0.000002393 0.999999940 -0.000252516 0.004492048 -0.000061675 0.000252516 0.999999940 0.001397552
1.000000000 -0.000173458 0.000097659 -0.003468155 0.000173455 1.000000000 0.000021898 0.001448418 -0.000097663 -0.000021881 1.000000000 -0.000049555
1.000000000 -0.000027650 -0.000045113 0.001413366 0.000027662 0.999999940 0.000256175 -0.002374641 0.000045106 -0.000256176 0.999999940 -0.009472584
0.999999940 -0.000281520 -0.000162063 0.000392042 0.000281532 0.999999940 0.000075414 -0.001627648 0.000162041 -0.000075460 1.000000000 -0.001049807
1.000000000 0.000061194 0.000032938 0.002705091 -0.000061176 0.999999821 -0.000544838 -0.005332977 -0.000032972 0.000544836 0.999999881 0.048577912
1.000000000 0.000041199 -0.000044030 0.000365361 -0.000041260 0.999999046 -0.001383099 -0.000971708 0.000043973 0.001383100 0.999999046 0.148260802
1.000000000 -0.000048245 -0.000084329 0.005163818 0.000048130 0.999999046 -0.001362189 -0.009815493 0.000084394 0.001362185 0.999999046 0.262745261
0.999999940 -0.000282422 0.000037652 0.000400923 0.000282471 0.999999106 -0.001306389 -0.012499299 -0.000037283 0.001306400 0.999999166 0.391697556
1.000000000 0.000019718 -0.000225280 0.008723162 -0.000019987 0.999999285 -0.001194773 -0.017754519 0.000225257 0.001194778 0.999999285 0.534244955
0.999999940 0.000036927 0.000250555 -0.002328455 -0.000036694 0.999999583 -0.000930229 -0.032985609 -0.000250589 0.000930220 0.999999523 0.691377580
0.999999821 -0.000552843 -0.000112652 0.021312164 0.000552777 0.999999702 -0.000579861 -0.033044461 0.000112973 0.000579799 0.999999821 0.845869839
0.999999940 -0.000199584 -0.000262914 0.024004068 0.000199428 0.999999821 -0.000591646 -0.036171347 0.000263032 0.000591594 0.999999762 1.029081106
1.000000000 -0.000125175 0.000172103 0.015367896 0.000125289 0.999999762 -0.000662151 -0.040717185 -0.000172020 0.000662172 0.999999762 1.211663485
0.999999881 -0.000456699 -0.000261628 0.035812158 0.000456582 0.999999821 -0.000449094 -0.046902712 0.000261833 0.000448974 0.999999881 1.416874290
0.999998987 -0.001119807 -0.000888299 0.051726352 0.001119363 0.999999225 -0.000500354 -0.049087629 0.000888859 0.000499359 0.999999464 1.617642164
0.999998212 -0.001684979 -0.000842036 0.061041821 0.001684710 0.999998510 -0.000319982 -0.054153848 0.000842574 0.000318563 0.999999583 1.816701293
0.999995172 -0.002354833 -0.002018904 0.084170118 0.002355070 0.999997199 0.000115240 -0.066012941 0.002018627 -0.000119994 0.999997973 2.018533230
0.999995589 -0.002267761 -0.001880255 0.086100020 0.002267866 0.999997377 0.000053801 -0.072165348 0.001880128 -0.000058065 0.999998271 2.248615742
0.999996841 -0.001741008 -0.001770819 0.090537995 0.001741537 0.999998450 0.000297210 -0.077383250 0.001770299 -0.000300293 0.999998450 2.453193188
0.999996364 -0.001965229 -0.001810364 0.095892325 0.001965806 0.999998033 0.000317457 -0.087476596 0.001809737 -0.000321015 0.999998391 2.683057547
0.999986410 -0.003778159 -0.003586611 0.138303667 0.003780880 0.999992669 0.000752441 -0.100616649 0.003583742 -0.000765991 0.999993265 2.962104321
0.999985933 -0.003881273 -0.003604880 0.145909429 0.003884432 0.999992073 0.000869722 -0.107626781 0.003601476 -0.000883713 0.999993086 3.213230371
0.999984205 -0.004066468 -0.003897622 0.155518964 0.004069334 0.999991477 0.000727833 -0.112131789 0.003894629 -0.000743682 0.999992132 3.465619564
0.999984682 -0.003984591 -0.003837592 0.157866612 0.003987882 0.999991655 0.000850110 -0.121300332 0.003834173 -0.000865401 0.999992311 3.710689068
0.999976575 -0.004734548 -0.004938854 0.171534196 0.004740168 0.999988258 0.001126969 -0.133224085 0.004933460 -0.001150354 0.999987125 3.966151476
0.999973357 -0.005387024 -0.004910744 0.173429906 0.005394368 0.999984384 0.001483468 -0.144339085 0.004902675 -0.001509919 0.999986827 4.229259491
0.999977112 -0.004709148 -0.004857969 0.178512126 0.004717947 0.999987245 0.001801383 -0.149243429 0.004849424 -0.001824262 0.999986589 4.493657112
0.999973714 -0.005396451 -0.004833911 0.188899130 0.005404893 0.999983907 0.001735113 -0.156313896 0.004824469 -0.001761194 0.999986827 4.762878895
0.999975324 -0.005353095 -0.004540063 0.182461992 0.005362120 0.999983668 0.001978077 -0.170886055 0.004529400 -0.002002373 0.999987781 5.010958195
0.999961257 -0.006516385 -0.005920905 0.213151306 0.006528666 0.999976575 0.002057177 -0.185106128 0.005907361 -0.002095753 0.999980330 5.315176964
0.999960840 -0.006463801 -0.006041686 0.221108109 0.006478707 0.999976039 0.002451072 -0.197562084 0.006025698 -0.002490118 0.999978721 5.571814060
0.999967217 -0.005601319 -0.005848358 0.214820817 0.005612372 0.999982476 0.001875119 -0.195939764 0.005837753 -0.001907881 0.999981105 5.843199730
0.999958873 -0.006732995 -0.006074956 0.220400825 0.006747208 0.999974549 0.002322050 -0.211387709 0.006059167 -0.002362944 0.999978840 6.106576920
0.999960780 -0.006341553 -0.006190345 0.234543353 0.006356345 0.999977052 0.002372831 -0.216405660 0.006175156 -0.002412086 0.999978006 6.375760078
0.999958038 -0.006835486 -0.006101394 0.233981088 0.006849543 0.999974012 0.002286078 -0.223587170 0.006085608 -0.002327774 0.999978781 6.659719467
0.999983907 -0.004571276 -0.003363086 0.188059926 0.004576868 0.999988139 0.001657011 -0.239895701 0.003355472 -0.001672377 0.999992967 6.991319656
0.999983013 -0.004838926 -0.003265813 0.200616956 0.004845083 0.999986529 0.001880181 -0.247282416 0.003256670 -0.001895972 0.999992907 7.285993576
0.999981582 -0.005024753 -0.003413450 0.208465636 0.005031980 0.999985099 0.002112060 -0.260363728 0.003402787 -0.002129197 0.999992013 7.573723316
0.999983072 -0.004847250 -0.003236917 0.212656394 0.004855158 0.999985218 0.002439349 -0.272766590 0.003225045 -0.002455023 0.999991775 7.892133236
0.999982774 -0.004641120 -0.003602958 0.226142302 0.004649746 0.999986351 0.002389435 -0.280401379 0.003591819 -0.002406147 0.999990702 8.209318161
0.999978185 -0.005423065 -0.003774560 0.216432989 0.005430511 0.999983311 0.001965497 -0.277175099 0.003763838 -0.001985952 0.999990940 8.515883446
0.999980569 -0.005158050 -0.003477038 0.202553153 0.005165081 0.999984741 0.002016470 -0.311692178 0.003466583 -0.002034390 0.999991894 8.945416451
0.999980092 -0.005238447 -0.003498272 0.206088930 0.005246127 0.999983847 0.002189894 -0.322265029 0.003486743 -0.002208204 0.999991477 9.278885841
0.999981284 -0.005159177 -0.003269248 0.215141684 0.005168330 0.999982774 0.002797542 -0.337227106 0.003254759 -0.002814386 0.999990761 9.606987000
0.999976993 -0.005802426 -0.003498385 0.225693524 0.005811825 0.999979496 0.002682512 -0.343590349 0.003482748 -0.002702783 0.999990225 9.952488899
0.999981999 -0.005014293 -0.003274380 0.226137042 0.005023833 0.999983072 0.002911945 -0.348187476 0.003259723 -0.002928343 0.999990404 10.299975395
0.999977469 -0.005574767 -0.003732288 0.245862678 0.005587433 0.999978542 0.003391678 -0.359056145 0.003713301 -0.003412455 0.999987304 10.617262840
0.999982655 -0.004647683 -0.003592902 0.248267621 0.004662897 0.999980152 0.004237859 -0.374728560 0.003573134 -0.004254539 0.999984562 10.974473000
0.999971092 -0.006539988 -0.003871593 0.254842967 0.006554564 0.999971449 0.003763940 -0.404298306 0.003846866 -0.003789208 0.999985337 11.482519150
0.999974847 -0.006003834 -0.003775359 0.257449955 0.006018630 0.999974251 0.003920079 -0.417054623 0.003751726 -0.003942702 0.999985158 11.869506836
0.999969184 -0.006794890 -0.003925342 0.273983240 0.006808153 0.999971211 0.003375153 -0.417073756 0.003902294 -0.003401774 0.999986589 12.245202065
0.999971688 -0.006394180 -0.003967241 0.272327214 0.006411411 0.999970019 0.004345842 -0.434766561 0.003939334 -0.004371155 0.999982655 12.617692947
0.999972343 -0.006416756 -0.003751565 0.278884262 0.006433029 0.999969900 0.004341552 -0.444298714 0.003723593 -0.004365567 0.999983490 12.998482704
0.999976635 -0.005855151 -0.003532421 0.285841256 0.005870013 0.999973953 0.004211667 -0.457783312 0.003507669 -0.004232304 0.999984920 13.408357620
0.999967813 -0.006921987 -0.004058101 0.281100035 0.006940106 0.999965847 0.004467946 -0.497245163 0.004027036 -0.004495966 0.999981761 13.898861885
0.999977171 -0.005772303 -0.003509858 0.279788554 0.005786865 0.999974608 0.004153011 -0.505987287 0.003485796 -0.004173227 0.999985218 14.316517830
0.999978781 -0.005855181 -0.002876624 0.285099447 0.005869177 0.999970794 0.004881250 -0.516817093 0.002847959 -0.004898028 0.999983907 14.737060547
0.999966502 -0.007241731 -0.003812363 0.306933373 0.007262005 0.999959350 0.005331141 -0.543435335 0.003773602 -0.005358648 0.999978483 15.141340256
0.999966502 -0.007434940 -0.003427444 0.300540179 0.007452601 0.999958813 0.005169234 -0.540205002 0.003388871 -0.005194604 0.999980748 15.523266792
0.999971867 -0.006882331 -0.003012052 0.300146908 0.006899015 0.999960601 0.005563744 -0.555641532 0.002973643 -0.005584368 0.999979973 15.946800232
0.999965608 -0.007645724 -0.003186644 0.321883559 0.007665021 0.999952078 0.006088072 -0.634073257 0.003139943 -0.006112289 0.999976397 16.518457413
0.999967933 -0.007491311 -0.002811436 0.331500351 0.007507570 0.999954879 0.005818133 -0.639130235 0.002767724 -0.005839054 0.999979138 16.969186783
0.999961317 -0.008282710 -0.002937636 0.342395544 0.008300575 0.999946833 0.006122802 -0.652032912 0.002886767 -0.006146950 0.999976993 17.419031143
0.999966741 -0.007787793 -0.002437787 0.341332823 0.007801584 0.999953330 0.005699623 -0.660803378 0.002393285 -0.005718452 0.999980807 17.900774002
0.999965549 -0.007853515 -0.002688944 0.356996536 0.007869225 0.999951720 0.005882654 -0.663073003 0.002642615 -0.005903612 0.999979079 18.380756378
0.999977648 -0.006525824 -0.001468732 0.351980329 0.006535623 0.999955773 0.006768384 -0.684398532 0.001424498 -0.006777832 0.999975979 18.795972824
0.999974012 -0.007099317 -0.001225735 0.354842097 0.007107139 0.999953568 0.006499751 -0.693318844 0.001179534 -0.006508294 0.999978125 19.312070847
0.999967694 -0.007795315 -0.001966339 0.357805461 0.007808192 0.999947548 0.006628110 -0.737370908 0.001914568 -0.006643248 0.999976099 19.771572113
0.999964654 -0.008050054 -0.002458080 0.377949506 0.008066282 0.999945283 0.006664806 -0.744402885 0.002404294 -0.006684396 0.999974787 20.256839752
0.999973059 -0.007084129 -0.001908779 0.376502246 0.007096766 0.999952376 0.006698011 -0.757978499 0.001861239 -0.006711377 0.999975741 20.751583099
0.999967396 -0.007734748 -0.002335777 0.376152337 0.007750807 0.999945819 0.006946415 -0.775236070 0.002281921 -0.006964292 0.999973118 21.263063431
0.999969602 -0.007544733 -0.001955245 0.379620492 0.007558414 0.999946415 0.007087477 -0.777874112 0.001901666 -0.007102041 0.999972999 21.763542175
0.999964118 -0.008020810 -0.002731219 0.375664622 0.008039868 0.999942839 0.007039774 -0.801715255 0.002674599 -0.007061480 0.999971449 22.117910385
0.999963701 -0.008027663 -0.002865902 0.379146457 0.008047134 0.999944210 0.006848069 -0.809067845 0.002810768 -0.006870882 0.999972403 22.631725311
0.999958336 -0.008513846 -0.003319049 0.387516171 0.008537726 0.999937296 0.007248413 -0.831139445 0.003257130 -0.007276448 0.999968171 23.152206421
0.999952018 -0.008885485 -0.004122985 0.370605946 0.008914478 0.999935269 0.007067864 -0.839729607 0.004059917 -0.007104279 0.999966502 23.670736313
0.999959052 -0.007997184 -0.004236376 0.398292482 0.008027751 0.999941528 0.007248134 -0.856652677 0.004178164 -0.007281846 0.999964714 24.075082779
0.999949992 -0.008585494 -0.005141411 0.400237501 0.008623862 0.999934852 0.007487534 -0.870805860 0.005076792 -0.007531498 0.999958754 24.614950180
0.999946833 -0.008703629 -0.005540047 0.401429415 0.008745342 0.999933302 0.007550112 -0.879524529 0.005473963 -0.007598160 0.999956191 25.144966125
0.999922752 -0.010083168 -0.007275548 0.438522935 0.010142995 0.999914646 0.008233564 -0.896290898 0.007191908 -0.008306724 0.999939620 25.692991257
0.999934852 -0.008724809 -0.007363715 0.432172060 0.008781310 0.999931991 0.007675820 -0.914875805 0.007296244 -0.007739983 0.999943435 26.096942902
0.999926567 -0.009296639 -0.007776984 0.440022826 0.009355660 0.999927402 0.007587461 -0.926520765 0.007705882 -0.007659663 0.999940932 26.647016525
0.999913752 -0.009954622 -0.008572202 0.453546166 0.010026863 0.999914229 0.008426102 -0.932411075 0.008487589 -0.008511328 0.999927700 27.203653336
0.999919415 -0.009685228 -0.008205610 0.419533998 0.009757207 0.999913871 0.008777676 -0.983689249 0.008119890 -0.008857033 0.999927819 27.730344772
0.999929488 -0.008256786 -0.008533570 0.428206205 0.008338348 0.999919415 0.009566915 -1.009253263 0.008453891 -0.009637395 0.999917805 28.335548401
0.999916494 -0.009342632 -0.008925705 0.428075194 0.009423611 0.999914348 0.009073912 -0.999799609 0.008840168 -0.009157266 0.999918997 28.651098251
0.999915957 -0.008996049 -0.009337695 0.429062217 0.009089678 0.999908268 0.010033452 -1.026095510 0.009246579 -0.010117485 0.999906063 29.202402115
0.999914408 -0.009125628 -0.009376895 0.427502871 0.009208281 0.999918818 0.008809528 -1.026274681 0.009295742 -0.008895118 0.999917209 29.770990372
0.999906480 -0.009457630 -0.009877891 0.430241317 0.009549934 0.999910772 0.009339559 -1.039530396 0.009788681 -0.009433019 0.999907613 30.202253342
0.999897361 -0.009559885 -0.010666536 0.450940579 0.009662053 0.999907494 0.009568315 -1.056407571 0.010574078 -0.009670393 0.999897301 30.745403290
0.999898553 -0.009568673 -0.010558545 0.447144300 0.009670159 0.999907136 0.009602809 -1.067250133 0.010465678 -0.009703937 0.999898195 31.302755356
0.999893308 -0.008867447 -0.011608277 0.468975663 0.008982318 0.999910831 0.009881014 -1.088231683 0.011519623 -0.009984230 0.999883771 31.819332123
0.999896109 -0.009318922 -0.010998026 0.463396400 0.009426335 0.999907911 0.009755399 -1.098445892 0.010906105 -0.009858056 0.999891937 32.267635345
0.999899983 -0.008870372 -0.011017697 0.462219864 0.008975411 0.999914289 0.009521031 -1.096886754 0.010932299 -0.009618968 0.999894023 32.815578461
0.999898851 -0.008766007 -0.011201586 0.455949098 0.008871760 0.999916196 0.009426390 -1.110530376 0.011118015 -0.009524814 0.999892771 33.358852386
0.999874532 -0.010099460 -0.012203157 0.463778853 0.010210672 0.999906659 0.009085699 -1.117688775 0.012110257 -0.009209162 0.999884248 33.879390717
0.999884605 -0.009761153 -0.011633466 0.454738140 0.009882406 0.999896884 0.010411324 -1.141318083 0.011530640 -0.010525088 0.999878109 34.293334961
0.999882400 -0.009912523 -0.011691814 0.448963463 0.010026623 0.999902248 0.009741241 -1.142679572 0.011594109 -0.009857325 0.999884248 34.798240662
0.999878824 -0.009722700 -0.012161422 0.458130121 0.009851464 0.999895573 0.010573095 -1.167595029 0.012057352 -0.010691620 0.999870181 35.342628479
0.999886036 -0.009130660 -0.012019698 0.458230883 0.009258437 0.999900699 0.010618300 -1.183657885 0.011921552 -0.010728373 0.999871373 35.915664673
0.999886334 -0.009056569 -0.012052701 0.450961679 0.009180855 0.999904752 0.010296776 -1.191339016 0.011958301 -0.010406258 0.999874294 36.388450623
0.999867797 -0.010151246 -0.012702365 0.464283913 0.010284427 0.999892294 0.010463716 -1.209427118 0.012594780 -0.010592968 0.999864519 36.949375153
0.999875784 -0.009534490 -0.012549291 0.464205891 0.009654377 0.999908030 0.009527613 -1.202764034 0.012457296 -0.009647585 0.999875844 37.489055634
0.999861658 -0.009974501 -0.013304477 0.468617618 0.010102532 0.999902964 0.009590948 -1.212886810 0.013207520 -0.009724028 0.999865532 38.019485474
0.999851525 -0.010717592 -0.013492822 0.478739023 0.010851610 0.999892116 0.009898744 -1.230286956 0.013385276 -0.010043693 0.999859989 38.548442841
0.999862611 -0.009986590 -0.013229441 0.479335487 0.010115736 0.999901533 0.009731355 -1.238165379 0.013130954 -0.009863843 0.999865174 39.106422424
0.999851942 -0.010704990 -0.013470359 0.470522821 0.010864814 0.999870777 0.011848165 -1.277687788 0.013341786 -0.011992765 0.999839008 39.469387054
0.999860108 -0.010379578 -0.013108189 0.471086323 0.010526877 0.999881685 0.011218625 -1.286081672 0.012990192 -0.011355045 0.999851108 40.014701843
0.999856651 -0.010160473 -0.013539737 0.485214889 0.010297822 0.999895871 0.010113329 -1.281982064 0.013435569 -0.010251311 0.999857187 40.558460236
0.999860704 -0.009650392 -0.013614315 0.499142110 0.009784047 0.999904215 0.009784989 -1.280897141 0.013518581 -0.009916830 0.999859452 41.112667084
0.999853015 -0.010033089 -0.013898813 0.493802130 0.010190126 0.999884486 0.011274302 -1.314978838 0.013784091 -0.011414276 0.999839783 41.626502991
0.999842703 -0.010287882 -0.014450022 0.517801940 0.010441963 0.999888957 0.010628283 -1.327411413 0.014339073 -0.010777498 0.999839067 42.160671234
0.999836385 -0.010299502 -0.014869171 0.518962145 0.010467391 0.999881744 0.011257689 -1.345864058 0.014751466 -0.011411488 0.999826014 42.716945648
0.999873042 -0.009933156 -0.012455274 0.430206060 0.010081173 0.999878645 0.011878039 -1.351515651 0.012335775 -0.012002095 0.999851882 43.100517273
0.999868393 -0.010055480 -0.012727086 0.431200147 0.010208630 0.999875605 0.012026195 -1.364035845 0.012604575 -0.012154540 0.999846697 43.638183594
0.999868989 -0.010110761 -0.012640049 0.439229667 0.010249532 0.999887347 0.010962402 -1.357833385 0.012527789 -0.011090519 0.999860048 44.192970276
0.999864042 -0.009166772 -0.013702454 0.463070750 0.009314626 0.999898612 0.010765790 -1.351812124 0.013602376 -0.010891959 0.999848187 44.736064911
0.999881864 -0.008764931 -0.012626928 0.445271432 0.008899714 0.999903619 0.010657859 -1.376886010 0.012532296 -0.010768977 0.999863446 45.217281342
0.999888003 -0.008514052 -0.012310593 0.431628108 0.008653384 0.999898612 0.011309413 -1.400456905 0.012213057 -0.011414673 0.999860287 45.717716217
0.999894142 -0.006971304 -0.012772866 0.572498441 0.007124677 0.999902725 0.012001917 -1.431602955 0.012687952 -0.012091649 0.999846399 46.016078949
0.999884844 -0.007226481 -0.013347579 0.599834383 0.007390253 0.999897599 0.012261575 -1.436304331 0.013257603 -0.012358804 0.999835789 46.546867371
0.999876380 -0.007922484 -0.013585162 0.589186668 0.008093785 0.999887824 0.012601125 -1.450784206 0.013483807 -0.012709522 0.999828339 47.106319427
0.999901891 -0.006504679 -0.012407463 0.559725165 0.006648544 0.999910772 0.011589246 -1.454040766 0.012330971 -0.011670601 0.999855876 47.627483368
0.999903440 -0.006355508 -0.012359215 0.569946051 0.006498705 0.999911785 0.011580907 -1.463260889 0.012284522 -0.011660106 0.999856532 48.182857513
0.999885917 -0.007761135 -0.012954283 0.558793366 0.007920935 0.999892652 0.012330412 -1.464359522 0.012857193 -0.012431615 0.999840081 48.745697021
0.999886751 -0.007693881 -0.012929155 0.572199762 0.007847869 0.999898374 0.011901958 -1.478368044 0.012836267 -0.012002079 0.999845564 49.076675415
0.999892890 -0.007234665 -0.012722612 0.568858564 0.007386598 0.999901474 0.011935776 -1.485800743 0.012635008 -0.012028475 0.999847829 49.636806488
0.999892831 -0.007554013 -0.012546219 0.577454686 0.007689030 0.999912679 0.010748394 -1.486956120 0.012463930 -0.010843709 0.999863505 50.187397003
0.999879956 -0.007890850 -0.013340265 0.604024887 0.008034604 0.999909818 0.010756847 -1.486197710 0.013254181 -0.010862739 0.999853134 50.713821411
0.999874234 -0.008127439 -0.013616621 0.595746160 0.008285118 0.999898791 0.011563803 -1.517107010 0.013521260 -0.011675165 0.999840438 51.132854462
0.999873936 -0.008420059 -0.013462367 0.608704388 0.008571648 0.999900043 0.011242487 -1.513034105 0.013366359 -0.011356466 0.999846220 51.686286926
0.999886274 -0.007761124 -0.012932679 0.582566679 0.007891986 0.999917805 0.010098575 -1.522448063 0.012853241 -0.010199490 0.999865353 52.217411041
0.999882460 -0.008324922 -0.012871739 0.573433101 0.008461952 0.999907672 0.010628283 -1.552921295 0.012782072 -0.010735955 0.999860644 52.742076874
0.999896049 -0.006940794 -0.012637122 0.547241032 0.007070067 0.999922812 0.010213760 -1.543539047 0.012565254 -0.010302044 0.999868035 53.281124115
0.999873281 -0.008124122 -0.013690200 0.611100674 0.008278319 0.999902487 0.011244505 -1.539817572 0.013597514 -0.011356412 0.999843061 53.785156250
0.999874830 -0.007979294 -0.013663383 0.613301635 0.008134728 0.999902427 0.011358482 -1.546257973 0.013571417 -0.011468208 0.999842167 54.326736450
0.999878109 -0.007838456 -0.013498276 0.611697435 0.007984168 0.999910057 0.010775041 -1.558203697 0.013412604 -0.010881502 0.999850810 54.884040833
0.999869645 -0.008443861 -0.013759439 0.643304229 0.008592666 0.999904752 0.010791836 -1.550351381 0.013667006 -0.010908660 0.999847114 55.397705078
0.999866724 -0.008853735 -0.013711501 0.654673755 0.008999499 0.999903262 0.010605973 -1.556110263 0.013616272 -0.010727957 0.999849737 55.953758240
0.999877751 -0.008351136 -0.013217489 0.596470118 0.008502264 0.999898791 0.011419394 -1.586112022 0.013120784 -0.011530378 0.999847412 56.280216217
0.999884009 -0.008278795 -0.012781348 0.597306788 0.008425430 0.999898851 0.011461775 -1.597543240 0.012685165 -0.011568133 0.999852657 56.821834564
0.999878585 -0.008850256 -0.012818498 0.603150189 0.008986848 0.999902964 0.010637830 -1.593537092 0.012723106 -0.010751739 0.999861181 57.368968964
0.999878526 -0.008700160 -0.012931213 0.616691470 0.008829014 0.999911606 0.009941150 -1.597222567 0.012843580 -0.010054111 0.999867022 57.900619507
0.999857485 -0.009574899 -0.013899025 0.627226651 0.009720859 0.999897897 0.010472141 -1.610413551 0.013797336 -0.010605760 0.999848545 58.459758759
0.999876261 -0.008895505 -0.012972973 0.584197342 0.009050681 0.999887705 0.011952262 -1.650762558 0.012865195 -0.012068198 0.999844372 58.863319397
0.999885142 -0.008692671 -0.012420055 0.589123011 0.008832958 0.999897301 0.011285323 -1.662784100 0.012320681 -0.011393731 0.999859214 59.409709930
0.999854505 -0.009081449 -0.014442201 0.662264347 0.009267478 0.999874234 0.012866490 -1.690019965 0.014323540 -0.012998458 0.999812961 59.899936676
0.999863029 -0.008950994 -0.013920650 0.654936492 0.009122808 0.999882400 0.012328018 -1.695701241 0.013808665 -0.012453325 0.999827087 60.439777374
0.999882638 -0.008169778 -0.012960467 0.630374968 0.008334912 0.999884129 0.012738913 -1.689413071 0.012854893 -0.012845443 0.999834836 60.933605194
0.999871135 -0.008610016 -0.013547791 0.636545599 0.008779630 0.999883115 0.012510359 -1.690510750 0.013438497 -0.012627692 0.999829948 61.420852661
0.999867439 -0.008866504 -0.013656198 0.635525823 0.009038284 0.999880075 0.012568935 -1.720192432 0.013543118 -0.012690698 0.999827683 61.927528381
0.999886692 -0.007427717 -0.013090449 0.630115032 0.007592566 0.999891937 0.012588726 -1.728114128 0.012995529 -0.012686690 0.999835014 62.473659515
0.999848545 -0.009586575 -0.014525290 0.651862383 0.009769592 0.999873102 0.012581713 -1.731675982 0.014402828 -0.012721714 0.999815285 63.003192902
0.999879718 -0.007911355 -0.013341502 0.640762568 0.008082950 0.999884605 0.012857152 -1.761144161 0.013238247 -0.012963446 0.999828279 63.545303345
0.999851823 -0.010274325 -0.013807030 0.645328939 0.010446953 0.999867439 0.012489577 -1.747312069 0.013676878 -0.012631968 0.999826610 63.969745636
0.999858856 -0.009796868 -0.013644182 0.664451301 0.009969905 0.999870002 0.012672439 -1.760565281 0.013518258 -0.012806683 0.999826550 64.484039307
0.999864399 -0.010209080 -0.012917979 0.640973032 0.010366461 0.999872148 0.012175403 -1.761598587 0.012792028 -0.012307666 0.999842465 65.058578491
0.999854743 -0.010418186 -0.013484642 0.662553489 0.010590940 0.999861956 0.012803821 -1.781323671 0.013349388 -0.012944778 0.999827147 65.554321289
0.999820888 -0.012130002 -0.014529647 0.663108468 0.012300561 0.999855876 0.011707369 -1.762409687 0.014385542 -0.011883996 0.999825954 66.068000793
0.999823511 -0.011539453 -0.014826844 0.673156679 0.011726217 0.999852180 0.012571772 -1.793968439 0.014679582 -0.012743414 0.999811053 66.506912231
0.999836624 -0.010885308 -0.014434879 0.659011900 0.011063996 0.999862432 0.012357345 -1.805567265 0.014298381 -0.012515034 0.999819458 67.060218811
0.999835372 -0.010400723 -0.014868947 0.690572023 0.010582845 0.999869347 0.012222724 -1.822821617 0.014739879 -0.012378068 0.999814749 67.563171387
0.999789238 -0.012518308 -0.016273683 0.723225117 0.012715659 0.999846220 0.012080736 -1.822878718 0.016119948 -0.012285120 0.999794662 68.093284607
0.999829412 -0.011221224 -0.014665051 0.693679333 0.011406942 0.999855042 0.012642360 -1.831038713 0.014521061 -0.012807489 0.999812543 68.535316467
0.999816954 -0.011393023 -0.015368180 0.717675686 0.011584875 0.999855340 0.012452997 -1.846456766 0.015224081 -0.012628756 0.999804318 69.077354431
0.999822855 -0.011347244 -0.015012209 0.703244448 0.011536786 0.999854028 0.012600200 -1.850687027 0.014867041 -0.012771163 0.999807894 69.633789062
0.999799907 -0.012715178 -0.015440694 0.677235126 0.012903915 0.999842465 0.012185931 -1.876065969 0.015283316 -0.012382738 0.999806523 70.230545044
0.999809980 -0.011900661 -0.015438716 0.724053979 0.012101387 0.999842584 0.012973960 -1.862973928 0.015281889 -0.013158326 0.999796569 70.560829163
0.999821901 -0.011090760 -0.015265442 0.724908710 0.011280971 0.999859035 0.012431004 -1.864161968 0.015125422 -0.012600999 0.999806166 71.116737366
0.999814749 -0.011275680 -0.015600564 0.733352900 0.011481673 0.999847174 0.013178195 -1.882632256 0.015449589 -0.013354873 0.999791443 71.682060242
0.999771714 -0.013486663 -0.016571919 0.749120474 0.013700861 0.999823093 0.012880478 -1.890911102 0.016395275 -0.013104587 0.999779642 72.247734070
0.999773741 -0.013757663 -0.016223367 0.751835108 0.013962798 0.999823153 0.012599513 -1.875764728 0.016047159 -0.012823185 0.999788940 72.665542603
0.999765337 -0.013869869 -0.016639516 0.750644565 0.014087408 0.999815881 0.013028345 -1.892796636 0.016455753 -0.013259696 0.999776602 73.188644409
0.999739051 -0.015222075 -0.017029161 0.779622078 0.015448356 0.999793053 0.013236109 -1.907021523 0.016824154 -0.013495728 0.999767363 73.716926575
0.999767065 -0.014390877 -0.016086008 0.740827441 0.014593830 0.999814391 0.012571251 -1.899142742 0.015902113 -0.012803080 0.999791503 74.306121826
0.999768436 -0.013812439 -0.016499076 0.747609615 0.014026807 0.999817789 0.012948499 -1.914681673 0.016317219 -0.013176932 0.999780059 74.745338440
0.999755025 -0.013904703 -0.017219543 0.752173066 0.014127824 0.999816835 0.012904271 -1.917172194 0.017036960 -0.013144383 0.999768496 75.308898926
0.999769151 -0.013768367 -0.016494378 0.695083618 0.013972390 0.999826491 0.012318537 -1.912460804 0.016321909 -0.012546159 0.999788046 75.881515503
0.999735773 -0.015525872 -0.016948961 0.735386372 0.015741825 0.999795675 0.012683176 -1.913140297 0.016748581 -0.012946634 0.999775946 76.338409424
0.999741912 -0.014998193 -0.017068807 0.724460721 0.015209463 0.999808490 0.012315787 -1.925417900 0.016880825 -0.012572215 0.999778509 76.989051819
0.999738693 -0.015157145 -0.017115073 0.705597043 0.015373401 0.999802768 0.012575332 -1.912771106 0.016921092 -0.012835162 0.999774516 77.454734802
0.999795318 -0.013529461 -0.015036602 0.737132668 0.013723250 0.999823093 0.012860318 -1.964638829 0.014859949 -0.013064036 0.999804199 77.953582764
0.999828994 -0.013211139 -0.012931925 0.725223660 0.013373263 0.999832094 0.012531579 -1.974387288 0.012764197 -0.012702378 0.999837875 78.515380859
0.999823809 -0.014317341 -0.012131670 0.740276992 0.014464776 0.999821544 0.012153588 -1.985649586 0.011955498 -0.012326930 0.999852598 79.078933716
0.999843240 -0.013609961 -0.011326266 0.724370718 0.013754560 0.999823630 0.012788205 -1.983406544 0.011150220 -0.012941987 0.999854088 79.605529785
0.999864995 -0.013916101 -0.008736483 0.747493505 0.014033041 0.999810815 0.013469756 -1.998590708 0.008547383 -0.013590536 0.999871135 80.068939209
0.999882400 -0.014463432 -0.005095633 0.762514055 0.014529854 0.999806702 0.013248453 -1.997193575 0.004903030 -0.013320931 0.999899328 80.613227844
0.999889076 -0.014751117 -0.002023671 0.778907120 0.014776857 0.999801636 0.013357691 -2.004645586 0.001826227 -0.013386113 0.999908745 81.147392273
0.999898434 -0.014121194 0.001904747 0.816158831 0.014095021 0.999814630 0.013117665 -1.999416113 -0.002089633 -0.013089485 0.999912143 81.688316345
0.999884546 -0.012687294 0.008357625 0.829169631 0.012567454 0.999819577 0.014238652 -2.047867298 -0.008536769 -0.014131973 0.999863684 82.175636292
0.999801934 -0.013179099 0.014912697 0.788526952 0.012977979 0.999824584 0.013503850 -2.045200825 -0.015088051 -0.013307637 0.999797583 82.823844910
0.999705374 -0.012494666 0.020806778 0.822150230 0.012196234 0.999821723 0.014408621 -2.065576077 -0.020983100 -0.014150612 0.999679625 83.345184326
0.999511361 -0.012856625 0.028492343 0.887568712 0.012469995 0.999828219 0.013706047 -2.061807632 -0.028663661 -0.013344051 0.999499917 83.954032898
0.999224603 -0.012900783 0.037199304 0.902844667 0.012389192 0.999825835 0.013950574 -2.068657398 -0.037372801 -0.013478888 0.999210477 84.457588196
0.998886049 -0.012251953 0.045569092 0.915078878 0.011601286 0.999827325 0.014515851 -2.074786186 -0.045739070 -0.013971022 0.998855650 84.979286194
0.998511612 -0.011896037 0.053226043 1.036449671 0.011068160 0.999813557 0.015821839 -2.151232719 -0.053404342 -0.015209175 0.998457134 85.492172241
0.997928619 -0.013715402 0.062851988 1.043458462 0.012797197 0.999805748 0.014988367 -2.116027355 -0.063045368 -0.014152994 0.997910321 86.064605713
0.997320533 -0.014475169 0.071709380 1.099898338 0.013485737 0.999807298 0.014262837 -2.110667229 -0.071902029 -0.013257565 0.997323632 86.622962952
0.996664226 -0.014505635 0.080311328 1.131525993 0.013405942 0.999808967 0.014215223 -2.107520580 -0.080502197 -0.013091151 0.996668458 87.247253418
0.995806038 -0.013503538 0.090486899 1.228887081 0.012171055 0.999809444 0.015261360 -2.138727188 -0.090675741 -0.014096032 0.995780706 87.795852661
0.994781971 -0.012742095 0.101225480 1.297290325 0.011239983 0.999818206 0.015395804 -2.140749931 -0.101403274 -0.014177695 0.994744360 88.226936340
0.993926525 -0.014535272 0.109081805 1.429724693 0.012855792 0.999787927 0.016084066 -2.190992832 -0.109292462 -0.014584048 0.993902743 88.690567017
0.992590725 -0.014086022 0.120686173 1.510886192 0.012203105 0.999792159 0.016326685 -2.194173336 -0.120891079 -0.014732973 0.992556453 89.230468750
0.991001904 -0.012819252 0.133232296 1.593771935 0.010702516 0.999805093 0.016591618 -2.202547550 -0.133419007 -0.015016404 0.990945995 89.781715393
0.989512146 -0.012978313 0.143865585 1.694639206 0.010714503 0.999806523 0.016499216 -2.210346699 -0.144051865 -0.014784729 0.989459693 90.303749084
0.988103747 -0.012758019 0.153258756 1.783609390 0.010229744 0.999798477 0.017274046 -2.224619389 -0.153448254 -0.015500754 0.988035083 90.823127747
0.985967934 -0.013411885 0.166395426 1.877112389 0.010651652 0.999790609 0.017469781 -2.221256733 -0.166594923 -0.015452258 0.985904276 91.381111145
0.983944416 -0.014712713 0.177867621 2.060170174 0.011905578 0.999787271 0.016839249 -2.215349674 -0.178077579 -0.014451270 0.983910322 92.095375061
0.981914818 -0.015344235 0.188699797 2.184361458 0.012414344 0.999783516 0.016698929 -2.219338417 -0.188915178 -0.014054343 0.981892824 92.634056091
0.979296148 -0.015709020 0.201822042 2.318983078 0.012477640 0.999772966 0.017273376 -2.224634647 -0.202047586 -0.014397486 0.979269803 93.165733337
0.976201832 -0.015240536 0.216327965 2.446184158 0.011768152 0.999780595 0.017330630 -2.227486134 -0.216544658 -0.014372409 0.976166964 93.656768799
0.973604679 -0.014245327 0.227795780 2.595359802 0.010352671 0.999779463 0.018274140 -2.250288010 -0.228005856 -0.015433493 0.973537445 94.204704285
0.970587254 -0.014282890 0.240325496 2.750780106 0.010345243 0.999790907 0.017638333 -2.228747129 -0.240527183 -0.014633318 0.970532060 94.830741882
0.967210650 -0.014760140 0.253546298 2.925617218 0.010628259 0.999787509 0.017658474 -2.233560562 -0.253753066 -0.014384709 0.967162073 95.346160889
0.963560045 -0.014099596 0.267120272 3.077808380 0.009649076 0.999792039 0.017966432 -2.233455420 -0.267318040 -0.014734276 0.963495672 95.891845703
0.960608423 -0.014563651 0.277523637 3.280353546 0.009442996 0.999759793 0.019778971 -2.275157928 -0.277745068 -0.016379192 0.960515141 96.414558411
0.956327677 -0.013874277 0.291967273 3.461599350 0.008197290 0.999753058 0.020658322 -2.285485744 -0.292181760 -0.017362786 0.956205130 96.989723206
0.951797366 -0.015096040 0.306355894 3.651567459 0.009434091 0.999756396 0.019953987 -2.275144577 -0.306582481 -0.016101968 0.951707959 97.454261780
0.947959661 -0.015556481 0.318010271 3.768945694 0.009885208 0.999762177 0.019439640 -2.262661457 -0.318237036 -0.015284393 0.947887957 97.908218384
0.943343222 -0.014668450 0.331494272 3.968322754 0.008636004 0.999769390 0.019663543 -2.273728609 -0.331706256 -0.015686680 0.943252325 98.427696228
0.938220680 -0.014993380 0.345712364 4.183177948 0.008649558 0.999764860 0.019885486 -2.271232367 -0.345929265 -0.015666718 0.938129783 98.944168091
0.933805645 -0.016093409 0.357418746 4.411525726 0.009502961 0.999751151 0.020187767 -2.280960560 -0.357654631 -0.015454913 0.933725953 99.462028503
0.929503858 -0.016656281 0.368436396 4.645441055 0.010085415 0.999754012 0.019753089 -2.281824589 -0.368674725 -0.014644739 0.929443061 99.984970093
0.923628867 -0.016427128 0.382935941 4.911163330 0.009427397 0.999752522 0.020148667 -2.287858486 -0.383172095 -0.014999801 0.923555136 100.609603882
0.917976797 -0.015423832 0.396333963 5.147640228 0.008066700 0.999762952 0.020223178 -2.298294544 -0.396551877 -0.015367303 0.917883635 101.106193542
0.913312376 -0.017123992 0.406899571 5.388286591 0.009614463 0.999743700 0.020493008 -2.295929432 -0.407146186 -0.014804398 0.913243055 101.603210449
0.908243477 -0.018223543 0.418045163 5.653636932 0.010680973 0.999735355 0.020375304 -2.291931152 -0.418305814 -0.014040606 0.908197820 102.107391357
0.901578903 -0.018740790 0.432208508 5.899982452 0.010879606 0.999727488 0.020654062 -2.305373192 -0.432477713 -0.013919005 0.901537180 102.576980591
0.895079672 -0.016435355 0.445603371 6.164638519 0.008126308 0.999755740 0.020551123 -2.280752659 -0.445832312 -0.014773779 0.894994617 103.163864136
0.890067577 -0.017988946 0.455473751 6.463661194 0.009579114 0.999738574 0.020765597 -2.290741682 -0.455728263 -0.014119748 0.890007019 103.634132385
0.882664979 -0.017623335 0.469672233 6.742622375 0.008980775 0.999746740 0.020635357 -2.293332577 -0.469916999 -0.013996084 0.882599652 104.126602173
