1.000000000 0.000000000 0.000000000 0.000000000 0.000000000 1.000000000 0.000000000 0.000000000 0.000000000 0.000000000 1.000000000 0.000000000
1.000000000 0.000115607 0.000040159 -0.001494677 -0.000115605 1.000000000 -0.000049503 0.001481313 -0.000040165 0.000049498 1.000000000 0.003456455
1.000000000 0.000126606 0.000023930 -0.000157061 -0.000126606 1.000000000 0.000005664 0.000550785 -0.000023929 -0.000005667 1.000000000 0.003606915
0.999999940 0.000261018 0.000095968 -0.000881566 -0.000261019 0.999999940 0.000003414 0.000970846 -0.000095967 -0.000003439 1.000000000 -0.001238724
1.000000000 0.000147132 0.000035446 0.000742389 -0.000147131 1.000000000 -0.000025107 0.000748141 -0.000035450 0.000025101 1.000000000 -0.000580052
1.000000000 0.000034865 -0.000015037 0.000238075 -0.000034864 1.000000000 0.000049374 0.000667657 0.000015039 -0.000049374 1.000000000 -0.000274411
1.000000000 0.000031648 0.000024605 -0.000681547 -0.000031648 1.000000000 -0.000027116 0.000742525 -0.000024606 0.000027115 1.000000000 -0.001771240
1.000000000 0.000030841 0.000048338 0.000179102 -0.000030844 1.000000000 0.000055064 0.000823064 -0.000048336 -0.000055065 1.000000000 -0.000638560
1.000000000 -0.000008881 0.000084960 -0.001656332 0.000008880 1.000000000 0.000011867 0.000779888 -0.000084960 -0.000011866 1.000000000 0.002385445
1.000000000 0.000160436 0.000105419 -0.000850789 -0.000160433 1.000000000 -0.000029645 0.000443885 -0.000105423 0.000029628 1.000000000 -0.001600533
1.000000000 0.000168642 0.000089330 -0.000076928 -0.000168646 1.000000000 0.000046797 0.000423109 -0.000089322 -0.000046812 1.000000000 -0.001747261
1.000000000 0.000048960 0.000042847 -0.001381549 -0.000048959 1.000000000 -0.000032472 0.000956948 -0.000042849 0.000032470 1.000000000 -0.003330964
1.000000000 0.000104574 0.000111385 -0.002055959 -0.000104578 1.000000000 0.000039599 0.000664419 -0.000111381 -0.000039611 1.000000000 -0.004375897
1.000000000 -0.000116998 0.000067723 -0.001055506 0.000116996 1.000000000 0.000024779 -0.000222483 -0.000067726 -0.000024771 1.000000000 0.000066312
1.000000000 0.000066836 0.000066014 -0.000203269 -0.000066835 1.000000000 -0.000018225 0.000800335 -0.000066015 0.000018221 1.000000000 -0.001817067
1.000000000 -0.000013355 0.000045849 -0.000074344 0.000013354 1.000000000 0.000017748 0.000769705 -0.000045849 -0.000017748 1.000000000 -0.003105939
1.000000000 -0.000079481 0.000048932 -0.001761638 0.000079480 1.000000000 0.000027496 0.000266423 -0.000048934 -0.000027492 1.000000000 -0.002256925
1.000000000 0.000056493 0.000122565 -0.001669817 -0.000056501 1.000000000 0.000064379 -0.000909375 -0.000122561 -0.000064386 1.000000000 -0.004069206
1.000000000 0.000093011 0.000061073 -0.000117716 -0.000093014 1.000000000 0.000050676 0.001241684 -0.000061068 -0.000050681 1.000000000 -0.004582029
1.000000000 -0.000097321 -0.000010265 -0.000402398 0.000097321 1.000000000 0.000017409 0.000460196 0.000010263 -0.000017410 1.000000000 -0.005911880
1.000000000 0.000055814 0.000053993 -0.000553428 -0.000055814 1.000000000 0.000006020 0.000343557 -0.000053993 -0.000006023 1.000000000 -0.006697544
1.000000000 -0.000054471 0.000016389 -0.000230233 0.000054471 1.000000000 0.000033119 -0.001258896 -0.000016390 -0.000033118 1.000000000 -0.004294917
1.000000000 0.000085376 0.000149762 -0.005414131 -0.000085360 1.000000000 -0.000102740 0.002396158 -0.000149771 0.000102728 1.000000000 0.004263557
1.000000000 0.000000367 0.000029677 0.000329587 -0.000000367 1.000000000 0.000001435 -0.000004415 -0.000029677 -0.000001435 1.000000000 -0.000654809
1.000000000 -0.000038585 0.000078175 -0.001933523 0.000038585 1.000000000 0.000006446 0.001037020 -0.000078175 -0.000006443 1.000000000 0.000312920
1.000000000 -0.000045375 -0.000012245 0.000734680 0.000045375 1.000000000 -0.000006088 0.000868802 0.000012245 0.000006087 1.000000000 -0.003494339
1.000000000 -0.000125131 0.000084023 -0.002600468 0.000125136 1.000000000 -0.000049927 0.002101692 -0.000084016 0.000049938 1.000000000 0.000719820
1.000000000 0.000121003 0.000141939 -0.004299074 -0.000120993 1.000000000 -0.000073196 0.002233315 -0.000141948 0.000073179 1.000000000 0.000145945
1.000000000 -0.000080439 0.000066233 -0.001941164 0.000080434 1.000000000 0.000074088 0.000123175 -0.000066239 -0.000074083 1.000000000 -0.000092173
1.000000000 -0.000121239 0.000024538 -0.002463208 0.000121239 1.000000000 0.000001779 0.001667637 -0.000024538 -0.000001776 1.000000000 0.001080153
1.000000000 -0.000022614 0.000027239 -0.001136872 0.000022614 1.000000000 0.000002328 0.000811648 -0.000027240 -0.000002327 1.000000000 -0.000502365
1.000000000 -0.000090563 0.000055056 -0.002373431 0.000090559 1.000000000 0.000075395 0.000344071 -0.000055063 -0.000075390 1.000000000 0.001853481
1.000000000 -0.000156204 0.000030481 -0.002901949 0.000156205 1.000000000 -0.000026820 0.001098826 -0.000030477 0.000026824 1.000000000 -0.000795614
1.000000000 -0.000001968 0.000038214 -0.000367663 0.000001966 1.000000000 0.000047825 -0.000787612 -0.000038214 -0.000047825 1.000000000 -0.004019621
0.999999940 0.000195359 0.000165674 -0.003719614 -0.000195356 1.000000000 -0.000020264 0.000856491 -0.000165678 0.000020232 1.000000000 -0.000501646
1.000000000 0.000004277 0.000027614 -0.000873226 -0.000004278 1.000000000 0.000027793 0.000440471 -0.000027614 -0.000027793 1.000000000 -0.001471308
1.000000000 0.000005312 0.000021214 -0.002124194 -0.000005313 1.000000000 0.000017700 0.001070517 -0.000021213 -0.000017700 1.000000000 -0.002790392
1.000000000 -0.000079086 0.000023999 -0.000677912 0.000079087 1.000000000 -0.000080797 0.001160142 -0.000023993 0.000080799 1.000000000 -0.003086795
1.000000000 -0.000038296 0.000067593 -0.001696258 0.000038297 1.000000000 -0.000002088 0.000447070 -0.000067593 0.000002091 1.000000000 -0.000806360
1.000000000 -0.000068580 0.000001602 -0.000296177 0.000068580 1.000000000 0.000016227 0.000351409 -0.000001603 -0.000016227 1.000000000 -0.001554099
1.000000000 -0.000179898 -0.000030761 0.000986152 0.000179899 1.000000000 0.000044429 -0.000730613 0.000030753 -0.000044434 1.000000000 -0.000758596
1.000000000 0.000005033 0.000103076 0.002430052 -0.000004988 0.999999881 -0.000440828 -0.005846242 -0.000103079 0.000440827 0.999999881 0.048324633
1.000000000 -0.000027863 0.000087903 0.002954419 0.000027971 0.999999225 -0.001223623 -0.002916304 -0.000087868 0.001223625 0.999999225 0.146743953
1.000000000 -0.000045709 0.000007494 0.005637974 0.000045720 0.999998987 -0.001416277 -0.010659459 -0.000007429 0.001416278 0.999998987 0.260691345
1.000000000 -0.000002575 0.000101755 0.005587016 0.000002704 0.999999225 -0.001265987 -0.015775001 -0.000101751 0.001265987 0.999999166 0.390493244
1.000000000 0.000111151 0.000027586 0.007694882 -0.000111125 0.999999523 -0.000958335 -0.023652598 -0.000027693 0.000958332 0.999999523 0.532525480
1.000000000 0.000094634 0.000050477 0.008242386 -0.000094594 0.999999702 -0.000783384 -0.031951718 -0.000050551 0.000783379 0.999999702 0.683889449
1.000000000 -0.000005159 0.000018784 0.014649536 0.000005169 0.999999821 -0.000565798 -0.036210351 -0.000018781 0.000565798 0.999999821 0.855574846
1.000000000 0.000002044 -0.000137287 0.021018304 -0.000002116 0.999999881 -0.000526792 -0.036474027 0.000137286 0.000526792 0.999999881 1.029268503
0.999999881 0.000110571 0.000281846 0.016906735 -0.000110447 0.999999821 -0.000438306 -0.041815884 -0.000281894 0.000438275 0.999999881 1.193073392
0.999999881 -0.000298580 -0.000081662 0.033911228 0.000298561 0.999999881 -0.000230644 -0.050783198 0.000081731 0.000230620 1.000000000 1.386432767
0.999999702 0.000473947 0.000585961 0.012361348 -0.000474036 0.999999881 0.000152109 -0.066358790 -0.000585889 -0.000152387 0.999999821 1.567649722
0.999999464 0.000573016 0.000932919 0.011945679 -0.000573154 0.999999821 0.000147615 -0.068614915 -0.000932834 -0.000148150 0.999999583 1.764032960
0.999999702 0.000525876 0.000562242 0.024278115 -0.000526071 0.999999762 0.000347216 -0.070109069 -0.000562059 -0.000347512 0.999999762 1.968049407
0.999999583 0.000525572 0.000784584 0.021785352 -0.000525626 0.999999881 0.000069500 -0.073164545 -0.000784547 -0.000069912 0.999999702 2.190814495
0.999999702 0.000405684 0.000687869 0.033806581 -0.000406132 0.999999702 0.000651255 -0.082744978 -0.000687604 -0.000651534 0.999999464 2.390111923
0.999999642 0.000506986 0.000727334 0.039588682 -0.000507592 0.999999464 0.000832468 -0.092339821 -0.000726911 -0.000832837 0.999999404 2.618363380
0.999999762 0.000160521 0.000639971 0.043184880 -0.000160940 0.999999762 0.000653417 -0.098852478 -0.000639866 -0.000653520 0.999999583 2.841933012
0.999999762 0.000075560 0.000644818 0.052530821 -0.000076112 0.999999583 0.000857420 -0.105052516 -0.000644752 -0.000857469 0.999999464 3.078346014
0.999999523 0.000364045 0.000805961 0.052773025 -0.000364765 0.999999523 0.000892915 -0.115632311 -0.000805636 -0.000893209 0.999999225 3.317105532
0.999999464 0.000601049 0.000859386 0.053972054 -0.000601748 0.999999464 0.000812343 -0.118355587 -0.000858897 -0.000812859 0.999999285 3.564226151
0.999999642 0.000385300 0.000766573 0.064106070 -0.000386011 0.999999523 0.000927080 -0.124774054 -0.000766216 -0.000927375 0.999999285 3.815824747
0.999999762 0.000130801 0.000639974 0.074168272 -0.000131333 0.999999642 0.000831826 -0.130884767 -0.000639865 -0.000831910 0.999999464 4.083297729
0.999999583 0.000394856 0.000831680 0.073936231 -0.000395703 0.999999404 0.001019138 -0.137874246 -0.000831277 -0.001019467 0.999999106 4.332337856
0.999999642 0.000159474 0.000746001 0.083435684 -0.000160300 0.999999344 0.001107690 -0.146451816 -0.000745824 -0.001107809 0.999999046 4.587508678
0.999998689 0.000697272 0.001482922 0.081804484 -0.000698991 0.999999106 0.001158779 -0.154220268 -0.001482113 -0.001159814 0.999998212 4.845335007
0.999998987 0.000487267 0.001330622 0.084576853 -0.000488740 0.999999225 0.001107049 -0.162672684 -0.001330081 -0.001107698 0.999998510 5.103110790
0.999999404 0.000446555 0.000972451 0.092701830 -0.000448029 0.999998748 0.001515797 -0.178746104 -0.000971772 -0.001516232 0.999998391 5.360003471
0.999999583 0.000483630 0.000808039 0.100760281 -0.000484768 0.999998868 0.001409215 -0.188350275 -0.000807357 -0.001409606 0.999998689 5.623126030
0.999999464 0.000421711 0.000895511 0.100772165 -0.000422916 0.999998987 0.001345586 -0.196845382 -0.000894943 -0.001345965 0.999998629 5.888835430
0.999999523 0.000128016 0.000956633 0.104423538 -0.000129515 0.999998748 0.001566394 -0.212419242 -0.000956431 -0.001566517 0.999998331 6.149327278
0.999999225 0.000371989 0.001147071 0.110901080 -0.000373774 0.999998748 0.001555597 -0.215593964 -0.001146490 -0.001556025 0.999998093 6.452403069
0.999998868 0.000716680 0.001300316 0.110953800 -0.000718254 0.999999046 0.001210322 -0.220994934 -0.001299448 -0.001211255 0.999998391 6.748589039
0.999999225 -0.000293346 0.001148257 0.121095784 0.000291625 0.999998808 0.001499168 -0.227872312 -0.001148696 -0.001498832 0.999998212 7.038671494
0.999999583 0.000081286 0.000917891 0.131536067 -0.000082685 0.999998808 0.001524189 -0.241362184 -0.000917766 -0.001524264 0.999998391 7.329881191
0.999999464 -0.000004565 0.001023230 0.137651101 0.000003011 0.999998808 0.001518179 -0.250124156 -0.001023236 -0.001518175 0.999998331 7.637013435
0.999999404 0.000052968 0.001111385 0.145900011 -0.000054748 0.999998689 0.001602133 -0.260682911 -0.001111298 -0.001602193 0.999998093 7.959589958
0.999999106 0.000178563 0.001374136 0.153915077 -0.000180474 0.999999046 0.001390688 -0.270498306 -0.001373886 -0.001390935 0.999998093 8.271491051
0.999999404 0.000159462 0.001102415 0.161525965 -0.000161535 0.999998212 0.001880368 -0.280976534 -0.001102113 -0.001880545 0.999997616 8.588447571
0.999999404 0.000035621 0.001093033 0.166790172 -0.000038009 0.999997556 0.002184685 -0.292062163 -0.001092953 -0.002184725 0.999997079 8.920920372
0.999999106 -0.000128220 0.001383222 0.169032186 0.000125078 0.999997377 0.002271628 -0.298809856 -0.001383509 -0.002271453 0.999996424 9.276328087
0.999999225 0.000000084 0.001240331 0.177575722 -0.000002480 0.999998152 0.001931973 -0.308656096 -0.001240328 -0.001931974 0.999997377 9.593348503
0.999999404 0.000006994 0.001077831 0.188168839 -0.000009149 0.999997973 0.001999727 -0.319566667 -0.001077814 -0.001999736 0.999997437 9.942578316
0.999998987 0.000206214 0.001388532 0.195835307 -0.000208605 0.999998450 0.001722387 -0.329557687 -0.001388175 -0.001722675 0.999997616 10.300144196
0.999999404 0.000355426 0.001006807 0.207198918 -0.000357475 0.999997854 0.002036199 -0.343486935 -0.001006081 -0.002036558 0.999997377 10.654288292
0.999999225 -0.000026233 0.001208258 0.217139661 0.000023900 0.999998093 0.001930951 -0.353568852 -0.001208306 -0.001930921 0.999997377 11.040843010
0.999999225 0.000368746 0.001145201 0.217637226 -0.000371276 0.999997497 0.002209498 -0.365956903 -0.001144383 -0.002209922 0.999996901 11.410458565
0.999999106 0.000469814 0.001182921 0.229937226 -0.000472747 0.999996722 0.002480913 -0.373026669 -0.001181751 -0.002481470 0.999996245 11.779024124
0.999999106 0.000203677 0.001265215 0.237983719 -0.000206759 0.999996960 0.002436489 -0.383792490 -0.001264715 -0.002436749 0.999996245 12.148621559
0.999999225 0.000100403 0.001239743 0.240623266 -0.000103870 0.999996126 0.002796605 -0.405304998 -0.001239458 -0.002796731 0.999995291 12.552864075
0.999998808 0.000400939 0.001453503 0.251660407 -0.000404580 0.999996722 0.002505573 -0.407604516 -0.001452494 -0.002506159 0.999995887 12.933166504
0.999999464 -0.000259432 0.001027740 0.271509588 0.000256571 0.999996066 0.002783466 -0.433801323 -0.001028459 -0.002783200 0.999995589 13.337965965
0.999997973 0.000613761 0.001916183 0.271515101 -0.000619540 0.999995232 0.003016407 -0.447948635 -0.001914322 -0.003017588 0.999993622 13.756217003
0.999997556 0.000835694 0.002087955 0.274343789 -0.000843286 0.999993026 0.003637834 -0.465871751 -0.002084900 -0.003639585 0.999991179 14.159226418
0.999998629 0.000335908 0.001631273 0.289941847 -0.000341166 0.999994755 0.003224462 -0.479343593 -0.001630181 -0.003225013 0.999993384 14.567943573
0.999998331 0.000199302 0.001832371 0.304300636 -0.000205607 0.999994099 0.003441476 -0.495688438 -0.001831674 -0.003441846 0.999992371 14.971791267
0.999997497 -0.000224683 0.002224733 0.314656913 0.000216711 0.999993563 0.003582790 -0.503329098 -0.002225523 -0.003582299 0.999991000 15.409801483
0.999997795 -0.000133264 0.002107983 0.344188005 0.000125372 0.999992967 0.003743119 -0.541401625 -0.002108468 -0.003742846 0.999990761 15.848034859
0.999997377 -0.000784827 0.002184626 0.358273953 0.000775270 0.999990106 0.004372358 -0.556787670 -0.002188036 -0.004370653 0.999988079 16.287750244
0.999996960 0.000058671 0.002477427 0.365760744 -0.000069550 0.999990344 0.004391150 -0.571544647 -0.002477146 -0.004391308 0.999987245 16.721950531
0.999994159 0.000625255 0.003342515 0.374870837 -0.000638960 0.999991417 0.004100613 -0.578893721 -0.003339923 -0.004102725 0.999985993 17.191482544
0.999993801 0.000487960 0.003475373 0.383948416 -0.000502260 0.999991357 0.004114883 -0.592018306 -0.003473334 -0.004116604 0.999985456 17.649030685
0.999993265 -0.000019875 0.003660362 0.394850612 0.000005023 0.999991715 0.004057598 -0.604176521 -0.003660413 -0.004057552 0.999985039 18.124958038
0.999989271 0.000513916 0.004600160 0.406537652 -0.000534779 0.999989569 0.004535204 -0.618407011 -0.004597781 -0.004537616 0.999979079 18.588510513
0.999991119 0.000244186 0.004198020 0.419308722 -0.000263326 0.999989510 0.004559381 -0.630668163 -0.004196863 -0.004560445 0.999980807 19.057046890
0.999992371 -0.000027155 0.003911307 0.437635273 0.000009809 0.999990165 0.004434795 -0.650382817 -0.003911389 -0.004434724 0.999982536 19.512660980
0.999991715 -0.000415204 0.004043630 0.453302562 0.000395932 0.999988556 0.004765440 -0.666631103 -0.004045562 -0.004763800 0.999980509 19.973016739
0.999990761 0.000208368 0.004284018 0.455166787 -0.000230697 0.999986410 0.005212179 -0.689865887 -0.004282873 -0.005213120 0.999977231 20.482032776
0.999990880 -0.000162185 0.004271665 0.465608656 0.000139874 0.999986351 0.005222851 -0.704116940 -0.004272453 -0.005222206 0.999977231 20.978525162
0.999995053 -0.000585289 0.003101866 0.488886833 0.000567684 0.999983788 0.005673148 -0.725773335 -0.003105136 -0.005671359 0.999979138 21.494682312
0.999995708 -0.000213743 0.002888490 0.506391168 0.000197070 0.999983370 0.005771025 -0.739720881 -0.002889675 -0.005770431 0.999979138 21.992662430
0.999996185 -0.000665187 0.002688243 0.512539685 0.000647290 0.999977648 0.006653314 -0.766776145 -0.002692609 -0.006651548 0.999974251 22.469173431
0.999997497 -0.000989740 0.002032799 0.521961093 0.000976118 0.999977171 0.006690938 -0.781337976 -0.002039375 -0.006688937 0.999975562 22.973039627
0.999998808 -0.001051388 0.001066146 0.538465500 0.001044771 0.999980271 0.006187329 -0.789878011 -0.001072629 -0.006186207 0.999980271 23.499139786
0.999997914 -0.001968233 0.000550373 0.550629973 0.001964895 0.999979973 0.006001540 -0.801299453 -0.000562175 -0.006000445 0.999981821 24.012020111
0.999999344 -0.001131246 0.000002966 0.559691489 0.001131206 0.999979734 0.006255500 -0.814250410 -0.000010042 -0.006255493 0.999980450 24.531244278
0.999999285 -0.000858457 -0.000827521 0.574803412 0.000863509 0.999980986 0.006124444 -0.821959555 0.000822247 -0.006125156 0.999980927 25.063596725
0.999998748 -0.000909150 -0.001289354 0.579110503 0.000917667 0.999977648 0.006620140 -0.836331248 0.001283307 -0.006621316 0.999977231 25.587148666
0.999998331 -0.000732079 -0.001657553 0.587067962 0.000742987 0.999978006 0.006589803 -0.849786103 0.001652693 -0.006591023 0.999976873 26.135997772
0.999997139 -0.001279611 -0.002024169 0.601266623 0.001294040 0.999973655 0.007142823 -0.859056115 0.002014976 -0.007145422 0.999972403 26.685657501
0.999995470 -0.001612406 -0.002540809 0.611135960 0.001630592 0.999972880 0.007171541 -0.874806643 0.002529177 -0.007175651 0.999971032 27.222036362
0.999995410 -0.000933617 -0.002872926 0.623626769 0.000954291 0.999973536 0.007203388 -0.893464565 0.002866125 -0.007206097 0.999969840 27.752910614
0.999993920 -0.000872090 -0.003366554 0.629040420 0.000896261 0.999973774 0.007184790 -0.903407454 0.003360200 -0.007187763 0.999968529 28.301628113
0.999991357 -0.001249134 -0.003966718 0.645073533 0.001278321 0.999972045 0.007364037 -0.916439950 0.003957408 -0.007369044 0.999965012 28.835224152
0.999990582 -0.001375797 -0.004117857 0.650682390 0.001406383 0.999971330 0.007434039 -0.926853359 0.004107511 -0.007439760 0.999963880 29.387205124
0.999989212 -0.000990342 -0.004543464 0.657433510 0.001024322 0.999971509 0.007482410 -0.940494061 0.004535924 -0.007486983 0.999961674 29.900150299
0.999988854 -0.000818805 -0.004637507 0.664458632 0.000852997 0.999972463 0.007375722 -0.955967844 0.004631340 -0.007379596 0.999962032 30.421897888
0.999988496 -0.000834371 -0.004720750 0.676130056 0.000870392 0.999970496 0.007633445 -0.969511211 0.004714242 -0.007637467 0.999959707 30.961915970
0.999985635 -0.001011133 -0.005263120 0.689752221 0.001051574 0.999969900 0.007686713 -0.985670924 0.005255189 -0.007692137 0.999956548 31.481090546
0.999984086 -0.000945507 -0.005555304 0.699047089 0.000987665 0.999970675 0.007590862 -0.999327302 0.005547964 -0.007596229 0.999955773 32.023944855
0.999984384 -0.000771531 -0.005531207 0.697484255 0.000812457 0.999972284 0.007400628 -1.000379443 0.005525345 -0.007405007 0.999957323 32.542922974
0.999981940 -0.001183103 -0.005900903 0.707713008 0.001228872 0.999969184 0.007758630 -1.011388540 0.005891542 -0.007765741 0.999952495 33.107154846
0.999983072 -0.000941124 -0.005739136 0.705920458 0.000985488 0.999969542 0.007732253 -1.033517718 0.005731685 -0.007737778 0.999953628 33.618076324
0.999982595 -0.000774361 -0.005852480 0.709949434 0.000821953 0.999966562 0.008133802 -1.055163741 0.005845986 -0.008138470 0.999949813 34.157672882
0.999984443 -0.000654101 -0.005532937 0.714087546 0.000698455 0.999967575 0.008018356 -1.067883492 0.005527513 -0.008022095 0.999952614 34.701633453
0.999981880 -0.000757222 -0.005994469 0.723333061 0.000805306 0.999967515 0.008023085 -1.076953411 0.005988200 -0.008027766 0.999949872 35.244674683
0.999979734 -0.000576763 -0.006343665 0.754592657 0.000621300 0.999975204 0.007021068 -1.051188588 0.006339458 -0.007024867 0.999955297 35.896022797
0.999980330 -0.000943817 -0.006208297 0.744206131 0.000992985 0.999968171 0.007921340 -1.096169710 0.006200623 -0.007927349 0.999949396 36.379322052
0.999977529 -0.001480445 -0.006536981 0.707015693 0.001534837 0.999964178 0.008323503 -1.122673154 0.006524425 -0.008333350 0.999944031 36.811222076
0.999980032 -0.002169325 -0.005949866 0.684743762 0.002223709 0.999955654 0.009148982 -1.147518873 0.005929755 -0.009162030 0.999940455 37.294937134
0.999979198 -0.000890513 -0.006393662 0.725090921 0.000945299 0.999962807 0.008570885 -1.139381409 0.006385792 -0.008576751 0.999942839 37.797588348
0.999972701 -0.001743979 -0.007184585 0.749840140 0.001813741 0.999951184 0.009714979 -1.170068026 0.007167290 -0.009727743 0.999927044 38.455410004
0.999956727 -0.003435333 -0.008653177 0.813689768 0.003521756 0.999943912 0.009992102 -1.188707113 0.008618365 -0.010022143 0.999912739 39.089416504
0.999968708 -0.002059913 -0.007638381 0.799462557 0.002130463 0.999954998 0.009239610 -1.212394476 0.007619005 -0.009255592 0.999928117 39.542251587
0.999969602 -0.002292571 -0.007449158 0.807194710 0.002365017 0.999949872 0.009731069 -1.233388424 0.007426476 -0.009748390 0.999924839 40.060058594
0.999967337 -0.002125387 -0.007800854 0.820546150 0.002202129 0.999949098 0.009842287 -1.252302408 0.007779539 -0.009859139 0.999921143 40.611164093
0.999966979 -0.002317935 -0.007781799 0.817231417 0.002393174 0.999950349 0.009673259 -1.254885435 0.007758990 -0.009691564 0.999922872 41.151546478
0.999966741 -0.002091746 -0.007885244 0.821815193 0.002168589 0.999950111 0.009749137 -1.262414694 0.007864457 -0.009765912 0.999921381 41.698165894
0.999966145 -0.002147590 -0.007942844 0.836340964 0.002226839 0.999947727 0.009982024 -1.282494187 0.007920992 -0.009999374 0.999918640 42.218387604
0.999964356 -0.002178592 -0.008160663 0.845005393 0.002264443 0.999942064 0.010525709 -1.303269744 0.008137259 -0.010543811 0.999911249 42.761585236
0.999966681 -0.001755338 -0.007963881 0.849408507 0.001834409 0.999948978 0.009932317 -1.305441737 0.007946039 -0.009946593 0.999918938 43.296630859
0.999966383 -0.001704311 -0.008021744 0.854126215 0.001783179 0.999949992 0.009834829 -1.316109180 0.008004583 -0.009848802 0.999919415 43.825889587
0.999965727 -0.001828716 -0.008070626 0.867535532 0.001908292 0.999949515 0.009863366 -1.326133847 0.008052181 -0.009878431 0.999918759 44.363521576
0.999966860 -0.001889047 -0.007918516 0.872775018 0.001968960 0.999947071 0.010096323 -1.342903376 0.007899025 -0.010111580 0.999917686 44.898323059
0.999966323 -0.002029480 -0.007953628 0.877775192 0.002109271 0.999947369 0.010036471 -1.350429058 0.007932841 -0.010052907 0.999917924 45.428695679
0.999966800 -0.001743781 -0.007951402 0.886589050 0.001822252 0.999949574 0.009872254 -1.364885926 0.007933785 -0.009886416 0.999919653 45.961112976
0.999968171 -0.001284501 -0.007871455 0.888582766 0.001362271 0.999950230 0.009882602 -1.375770569 0.007858369 -0.009893010 0.999920189 46.527729034
0.999962687 -0.002030354 -0.008390067 0.901176572 0.002115347 0.999946415 0.010133860 -1.385718107 0.008369042 -0.010151233 0.999913454 47.034934998
0.999964833 -0.001530887 -0.008240574 0.916436911 0.001613556 0.999948382 0.010034669 -1.389245152 0.008224787 -0.010047613 0.999915719 47.607620239
0.999963164 -0.001787994 -0.008392684 0.915983737 0.001872685 0.999947309 0.010094059 -1.404790998 0.008374194 -0.010109403 0.999913812 48.082901001
0.999961317 -0.001785010 -0.008609910 0.925341904 0.001871755 0.999947429 0.010077442 -1.415720701 0.008591472 -0.010093168 0.999912143 48.599094391
0.999965012 -0.001199678 -0.008281900 0.930750728 0.001283469 0.999948084 0.010119491 -1.425082445 0.008269330 -0.010129769 0.999914527 49.136905670
0.999961674 -0.001535242 -0.008621713 0.941972971 0.001618568 0.999951959 0.009666007 -1.431054592 0.008606459 -0.009679591 0.999916136 49.664199829
0.999963164 -0.001503013 -0.008447822 0.941300333 0.001584244 0.999952435 0.009617164 -1.444158792 0.008432965 -0.009630195 0.999918044 50.195625305
0.999961793 -0.001243977 -0.008650066 0.948506474 0.001328567 0.999951243 0.009780291 -1.452856064 0.008637479 -0.009791412 0.999914706 50.710231781
0.999961376 -0.001196298 -0.008698636 0.948270798 0.001282857 0.999949634 0.009952128 -1.464879990 0.008686292 -0.009962903 0.999912620 51.244720459
0.999963224 -0.000796125 -0.008536952 0.954113483 0.000879436 0.999951959 0.009759469 -1.472367048 0.008528773 -0.009766618 0.999915898 51.763774872
0.999963284 -0.000811195 -0.008532308 0.967096746 0.000893249 0.999953330 0.009617415 -1.478536129 0.008524106 -0.009624683 0.999917328 52.294189453
0.999965250 -0.000885195 -0.008284843 0.965301514 0.000965512 0.999952495 0.009695552 -1.495147705 0.008275866 -0.009703212 0.999918699 52.830291748
0.999972820 -0.000629550 -0.007346913 0.941361189 0.000699333 0.999954581 0.009499552 -1.505329132 0.007340598 -0.009504431 0.999927938 53.340991974
0.999977171 0.000227242 -0.006747212 0.915561557 -0.000163699 0.999955654 0.009416731 -1.507337093 0.006749051 -0.009415410 0.999932885 53.847995758
0.999966025 -0.000367831 -0.008237018 0.979938149 0.000445030 0.999955952 0.009372250 -1.520930052 0.008233208 -0.009375597 0.999922156 54.390075684
0.999978900 0.001156930 -0.006393123 0.912476420 -0.001100192 0.999960065 0.008871234 -1.523004413 0.006403130 -0.008864014 0.999940217 55.063018799
0.999960780 -0.000830025 -0.008812934 0.996046185 0.000913994 0.999954164 0.009528141 -1.541401863 0.008804621 -0.009535823 0.999915779 55.490715027
0.999965191 -0.000475295 -0.008329532 1.003370404 0.000553732 0.999955416 0.009416891 -1.545236588 0.008324686 -0.009421175 0.999920964 55.971473694
0.999960184 -0.000965403 -0.008866297 1.054420233 0.001053878 0.999949574 0.009979494 -1.573997974 0.008856218 -0.009988445 0.999910831 56.329319000
0.999958098 -0.000722974 -0.009134213 1.018485546 0.000809929 0.999954283 0.009519549 -1.555321217 0.009126915 -0.009526550 0.999912977 57.068622589
0.999966264 0.000325567 -0.008208796 1.048755646 -0.000244240 0.999950886 0.009906358 -1.599099874 0.008211618 -0.009904018 0.999917209 57.367813110
0.999966443 0.000053507 -0.008193771 1.050810695 0.000024652 0.999954522 0.009538447 -1.609063148 0.008193910 -0.009538326 0.999920964 57.888347626
0.999964118 -0.000178272 -0.008485309 1.067435265 0.000261849 0.999951422 0.009849490 -1.617120504 0.008483141 -0.009851356 0.999915481 58.401477814
0.999965429 -0.000258999 -0.008316064 1.073793769 0.000342601 0.999949396 0.010053189 -1.631940603 0.008313038 -0.010055691 0.999914825 58.939285278
0.999964058 -0.000219347 -0.008474995 1.088859797 0.000303579 0.999950588 0.009938823 -1.634108186 0.008472396 -0.009941041 0.999914706 59.457061768
0.999964237 0.000090464 -0.008459295 1.098474026 -0.000009050 0.999953806 0.009623750 -1.648218751 0.008459776 -0.009623330 0.999917924 60.008018494
0.999961793 -0.000275758 -0.008739244 1.121892810 0.000362329 0.999950826 0.009905958 -1.660647988 0.008736083 -0.009908746 0.999912798 60.535324097
0.999957561 -0.000589685 -0.009197219 1.148657680 0.000681606 0.999949872 0.009994563 -1.675403833 0.009190864 -0.010000406 0.999907792 61.042594910
0.999947548 -0.001449324 -0.010145986 1.231870174 0.001542246 0.999956965 0.009156649 -1.641605616 0.010132279 -0.009171816 0.999906600 61.621265411
0.999953210 0.000366394 -0.009672965 1.241708159 -0.000268695 0.999948978 0.010099521 -1.677634716 0.009676171 -0.010096450 0.999902248 62.100738525
0.999950290 -0.000512832 -0.009959120 1.229297400 0.000610706 0.999951601 0.009827065 -1.696748614 0.009953598 -0.009832659 0.999902189 62.749904633
0.999941349 -0.000783071 -0.010802550 1.209898472 0.000894118 0.999946773 0.010278691 -1.710203409 0.010793925 -0.010287747 0.999888837 63.280811310
0.999947131 0.000262311 -0.010282905 1.270494461 -0.000157602 0.999948084 0.010182376 -1.710265636 0.010285041 -0.010180218 0.999895275 63.593563080
0.999955654 -0.000435264 -0.009409845 1.215216279 0.000525869 0.999953449 0.009628467 -1.721084237 0.009405217 -0.009632987 0.999909282 63.970623016
0.999954581 -0.000564043 -0.009516672 1.239166021 0.000664274 0.999944329 0.010532307 -1.736839533 0.009510202 -0.010538148 0.999899209 64.531272888
0.999951184 -0.001439894 -0.009775585 1.232681274 0.001539750 0.999946654 0.010215018 -1.753278494 0.009760355 -0.010229573 0.999899924 65.037452698
0.999947488 -0.001969212 -0.010053952 1.278340578 0.002065120 0.999952376 0.009537901 -1.752283692 0.010034691 -0.009558164 0.999903977 65.524696350
0.999956429 -0.000102368 -0.009333336 1.245804906 0.000195956 0.999949753 0.010026910 -1.758118391 0.009331838 -0.010028305 0.999906123 66.138778687
0.999954700 -0.000377358 -0.009501457 1.283981323 0.000468371 0.999954045 0.009578442 -1.781128526 0.009497405 -0.009582459 0.999908984 66.543472290
0.999954343 -0.000645961 -0.009525000 1.304872513 0.000736859 0.999954224 0.009542666 -1.802695751 0.009518400 -0.009549249 0.999909103 67.062637329
0.999951184 -0.000651194 -0.009849488 1.308283329 0.000743586 0.999955773 0.009379661 -1.794044256 0.009842944 -0.009386527 0.999907494 67.641281128
0.999950767 -0.001005372 -0.009869858 1.317285061 0.001100660 0.999952793 0.009653739 -1.825240016 0.009859686 -0.009664128 0.999904633 68.185470581
0.999952734 -0.000415121 -0.009711436 1.323906302 0.000509373 0.999952793 0.009704809 -1.844933510 0.009706948 -0.009709299 0.999905705 68.702453613
0.999947309 -0.000690316 -0.010238534 1.329045057 0.000789006 0.999953330 0.009638097 -1.852563381 0.010231402 -0.009645669 0.999901116 69.246063232
0.999950349 -0.000594621 -0.009939551 1.348064065 0.000691893 0.999951899 0.009785788 -1.880956888 0.009933256 -0.009792178 0.999902725 69.801979065
0.999955356 -0.000307199 -0.009440653 1.338768363 0.000397722 0.999953926 0.009588332 -1.886217356 0.009437271 -0.009591659 0.999909461 70.332359314
0.999956012 -0.000127267 -0.009377078 1.340155125 0.000216383 0.999954820 0.009503187 -1.896035910 0.009375445 -0.009504797 0.999910891 70.887901306
0.999953032 -0.000437954 -0.009679542 1.360667706 0.000533186 0.999951482 0.009838109 -1.917927861 0.009674762 -0.009842809 0.999904692 71.384948730
0.999952257 -0.000670342 -0.009741127 1.367084742 0.000765419 0.999952018 0.009759861 -1.918770790 0.009734117 -0.009766852 0.999904871 71.951263428
0.999954104 -0.000545930 -0.009562653 1.371462107 0.000639266 0.999952137 0.009760078 -1.933541536 0.009556868 -0.009765745 0.999906659 72.497474670
0.999956846 -0.000377447 -0.009288353 1.375821352 0.000469853 0.999950409 0.009948425 -1.946276188 0.009284137 -0.009952361 0.999907374 73.048675537
0.999959886 0.000150965 -0.008955128 1.359919548 -0.000061347 0.999949932 0.010006797 -1.959399581 0.008956188 -0.010005848 0.999909818 73.596694946
0.999955714 -0.000593033 -0.009403367 1.381312370 0.000685418 0.999951422 0.009824540 -1.967541456 0.009397085 -0.009830548 0.999907494 74.139114380
0.999953628 -0.000706728 -0.009603500 1.398705959 0.000802415 0.999949992 0.009963590 -1.978557467 0.009595980 -0.009970832 0.999904215 74.667625427
0.999953628 -0.000482825 -0.009619590 1.404052496 0.000577974 0.999950945 0.009890823 -1.989647150 0.009614342 -0.009895924 0.999904811 75.220863342
0.999953568 -0.000452859 -0.009626295 1.413743973 0.000546252 0.999952793 0.009701490 -2.000282288 0.009621449 -0.009706297 0.999906540 75.750122070
0.999956489 -0.000094784 -0.009331062 1.414794087 0.000186007 0.999952197 0.009775826 -2.009807825 0.009329689 -0.009777137 0.999908626 76.300468445
0.999957800 0.000165310 -0.009182529 1.424949646 -0.000074318 0.999950826 0.009908732 -2.027244806 0.009183719 -0.009907630 0.999908686 76.836692810
0.999959707 -0.000165023 -0.008976193 1.437700033 0.000254084 0.999950767 0.009921736 -2.031993866 0.008974117 -0.009923615 0.999910414 77.379302979
0.999957740 0.000553487 -0.009179058 1.444134235 -0.000462309 0.999950588 0.009932414 -2.049082518 0.009184104 -0.009927751 0.999908566 77.924423218
0.999956548 0.000221462 -0.009317990 1.449831128 -0.000131349 0.999953210 0.009670389 -2.063068390 0.009319698 -0.009668742 0.999909818 78.490119934
0.999969065 -0.000373544 -0.007857189 1.473192334 0.000448881 0.999953926 0.009588765 -2.074769735 0.007853245 -0.009591993 0.999923170 79.022247314
0.999980092 0.000333201 -0.006302802 1.482500792 -0.000272010 0.999952853 0.009706828 -2.089315176 0.006305739 -0.009704922 0.999933004 79.611412048
0.999985337 -0.000057678 -0.005416595 1.496643543 0.000109494 0.999954224 0.009566385 -2.118079901 0.005415796 -0.009566838 0.999939561 80.162696838
0.999990165 -0.000426895 -0.004416947 1.499458671 0.000468260 0.999956131 0.009368322 -2.128186226 0.004412753 -0.009370297 0.999946356 80.748725891
0.999999225 0.001248324 0.000090496 1.502599955 -0.001249133 0.999953389 0.009571818 -2.143720388 -0.000078544 -0.009571923 0.999954224 81.300987244
0.999998212 0.000146912 0.001846253 1.562020659 -0.000164960 0.999952197 0.009778714 -2.140426874 -0.001844728 -0.009779002 0.999950469 81.894905090
0.999990523 -0.000846403 0.004268990 1.580564260 0.000806471 0.999956012 0.009347019 -2.160030603 -0.004276714 -0.009343490 0.999947190 82.439010620
0.999964893 -0.000448978 0.008376015 1.612979412 0.000374322 0.999960244 0.008912545 -2.164653778 -0.008379685 -0.008909098 0.999925196 82.979850769
0.999900877 -0.000488092 0.014074253 1.627544403 0.000364564 0.999961436 0.008778138 -2.170897484 -0.014077997 -0.008772139 0.999862432 83.501632690
0.999812543 -0.001444394 0.019304931 1.698095322 0.001267212 0.999957025 0.009187136 -2.177008152 -0.019317370 -0.009160951 0.999771416 84.080703735
0.999651015 -0.000055361 0.026415747 1.686963081 -0.000196201 0.999954641 0.009520495 -2.207834244 -0.026415078 -0.009522354 0.999605656 84.789512634
0.999425471 -0.000979366 0.033878684 1.736644030 0.000692020 0.999963701 0.008492326 -2.190672636 -0.033885773 -0.008464002 0.999389887 85.395195007
0.999076903 -0.000495770 0.042953633 1.763214707 0.000096672 0.999956727 0.009292953 -2.228827477 -0.042956375 -0.009280223 0.999033868 85.938278198
0.998759329 -0.001158360 0.049784519 1.816991568 0.000704416 0.999958038 0.009134745 -2.233012199 -0.049793009 -0.009088340 0.998718202 86.484428406
0.998274624 -0.000904937 0.058710203 1.875058174 0.000364213 0.999957442 0.009220096 -2.246863842 -0.058716040 -0.009182805 0.998232484 87.013992310
0.997642398 -0.001410431 0.068611361 1.940049648 0.000792980 0.999958873 0.009025654 -2.261187553 -0.068621278 -0.008949968 0.997602582 87.546005249
0.997010827 -0.001733552 0.077241994 1.993190289 0.001032595 0.999957919 0.009113841 -2.273668766 -0.077254541 -0.009006838 0.996970713 88.095550537
0.996382117 -0.002411298 0.084951960 2.074152470 0.001666021 0.999959528 0.008842727 -2.286466360 -0.084969856 -0.008669205 0.996345818 88.628242493
0.995450616 -0.003213409 0.095224194 2.156104088 0.002403698 0.999960005 0.008616689 -2.295672178 -0.095248066 -0.008348598 0.995418549 89.162277222
0.994362593 -0.002948111 0.105991647 2.233084202 0.002030021 0.999959469 0.008768749 -2.304412127 -0.106013186 -0.008504150 0.994328499 89.719863892
0.993372023 -0.003615452 0.114886135 2.319517136 0.002618102 0.999957502 0.008830910 -2.321871042 -0.114913195 -0.008471596 0.993339419 90.256835938
0.992037773 -0.003479831 0.125892684 2.407349586 0.002374671 0.999957323 0.008927591 -2.332301617 -0.125918388 -0.008557556 0.992003679 90.795791626
0.990422428 -0.003536482 0.138026074 2.506192207 0.002361981 0.999959588 0.008672134 -2.343777657 -0.138051182 -0.008263062 0.990390599 91.342544556
0.988875568 -0.004413793 0.148679748 2.614158630 0.003169324 0.999957860 0.008606013 -2.358008862 -0.148711488 -0.008039061 0.988847971 91.882453918
0.987378418 -0.004638887 0.158310428 2.718451500 0.003295085 0.999956310 0.008749817 -2.366022348 -0.158344090 -0.008117735 0.987350643 92.422531128
0.985398531 -0.005156985 0.170185298 2.837191582 0.003808033 0.999958694 0.008251833 -2.377758265 -0.170220807 -0.007483273 0.985377550 92.946365356
0.983199775 -0.005664608 0.182444811 2.962295532 0.004229670 0.999957025 0.008253208 -2.387403965 -0.182483673 -0.007342870 0.983181477 93.472671509
0.981114864 -0.005724985 0.193341389 3.087333679 0.004200199 0.999956787 0.008295485 -2.398183823 -0.193380520 -0.007326751 0.981096447 94.000556946
0.978460133 -0.006046918 0.206346929 3.226786613 0.004404270 0.999954879 0.008419040 -2.411838055 -0.206388548 -0.007328888 0.978442669 94.536453247
0.975570560 -0.006508653 0.219590470 3.373273849 0.004779929 0.999953270 0.008402872 -2.422327042 -0.219634935 -0.007147968 0.975555956 95.068115234
0.972902894 -0.006558631 0.231121406 3.526838303 0.004704659 0.999952137 0.008571869 -2.440587997 -0.231166601 -0.007252247 0.972887218 95.599929810
0.969910860 -0.007316088 0.243350253 3.694274902 0.005274207 0.999945223 0.009041188 -2.456856251 -0.243403107 -0.007485670 0.969896257 96.133506775
0.966359258 -0.007472056 0.257087141 3.868261337 0.005214482 0.999941587 0.009461993 -2.478998899 -0.257142812 -0.007803109 0.966341913 96.621261597
0.962964356 -0.008056154 0.269508332 4.047237396 0.005689108 0.999938071 0.009562773 -2.496734381 -0.269568682 -0.007675346 0.962950706 97.135650635
0.959677041 -0.008166137 0.280986190 4.231485367 0.005583165 0.999934435 0.009991835 -2.514972925 -0.281049401 -0.008020140 0.959659755 97.646316528
0.955486476 -0.008200881 0.294920832 4.421810150 0.005452637 0.999933660 0.010139731 -2.524503946 -0.294984430 -0.008080279 0.955467880 98.172019958
0.951206148 -0.008934596 0.308426708 4.624973297 0.006065544 0.999928951 0.010259738 -2.537240982 -0.308496505 -0.007888351 0.951192677 98.685287476
0.947441280 -0.009372904 0.319792181 4.831295013 0.006390931 0.999925792 0.010372908 -2.549819946 -0.319865704 -0.007783952 0.947430849 99.211692810
0.943019092 -0.009304015 0.332608432 5.042577744 0.006116866 0.999924839 0.010628096 -2.566024303 -0.332682312 -0.007987975 0.943005145 99.731849670
0.937969387 -0.009390102 0.346590817 5.261625290 0.005981368 0.999922693 0.010903450 -2.577279091 -0.346666425 -0.008154013 0.937952995 100.248184204
0.933353424 -0.009856563 0.358823180 5.485300064 0.006307982 0.999918938 0.011058891 -2.589925289 -0.358903140 -0.008058403 0.933340013 100.753036499
0.928748012 -0.010338716 0.370567411 5.705017090 0.006648568 0.999914765 0.011234102 -2.604123831 -0.370652050 -0.007969907 0.928737640 101.251739502
0.923129141 -0.010836160 0.384337276 5.947309494 0.007082397 0.999912381 0.011180918 -2.610589981 -0.384424776 -0.007599402 0.923125029 101.756736755
0.917634964 -0.011059131 0.397270650 6.191127777 0.007284525 0.999912858 0.011009208 -2.614479065 -0.397357821 -0.007208505 0.917635441 102.264526367
0.913154483 -0.012174637 0.407431841 6.444335938 0.008443391 0.999904275 0.010954847 -2.624302626 -0.407526225 -0.006563360 0.913169920 102.762634277
0.907439590 -0.012413261 0.419999331 6.699401855 0.008276016 0.999897540 0.011671462 -2.636453629 -0.420101196 -0.007115225 0.907449424 103.261703491
0.901239634 -0.013096256 0.433123142 6.958164215 0.008894737 0.999891698 0.011725415 -2.657064438 -0.433229804 -0.006714892 0.901258469 103.721870422
0.895527005 -0.013393245 0.444805413 7.229114532 0.009235391 0.999891043 0.011513442 -2.656540394 -0.444911152 -0.006202647 0.895553172 104.233825684
0.890241385 -0.014342110 0.455263197 7.503917694 0.010141802 0.999880493 0.011667414 -2.660731792 -0.455376148 -0.005769625 0.890280426 104.721366882
0.883225977 -0.014743911 0.468715876 7.788841248 0.010521220 0.999877036 0.011626414 -2.673358917 -0.468829602 -0.005337290 0.883272648 105.180412292
