1.000000000 0.000000000 0.000000000 0.000000000 0.000000000 1.000000000 0.000000000 0.000000000 0.000000000 0.000000000 1.000000000 0.000000000
1.000000000 0.000050140 -0.000028232 0.000302398 -0.000050139 1.000000000 0.000014130 0.000545131 0.000028233 -0.000014128 1.000000000 0.002323186
1.000000000 -0.000007342 -0.000052207 0.001087958 0.000007345 1.000000000 0.000055332 -0.001004028 0.000052207 -0.000055332 1.000000000 0.001020794
1.000000000 -0.000030111 -0.000028638 0.000487281 0.000030110 1.000000000 -0.000040278 0.000504661 0.000028639 0.000040277 1.000000000 -0.001511286
1.000000000 -0.000157911 -0.000115460 0.001303321 0.000157918 1.000000000 0.000062545 -0.000558728 0.000115450 -0.000062563 1.000000000 0.000447481
1.000000000 -0.000149309 -0.000113997 -0.000611108 0.000149313 1.000000000 0.000039368 0.000270805 0.000113991 -0.000039385 1.000000000 -0.000304086
1.000000000 -0.000155881 -0.000062424 0.000470455 0.000155885 1.000000000 0.000072986 -0.000424495 0.000062413 -0.000072996 1.000000000 0.002124988
1.000000000 -0.000115391 -0.000043634 -0.000167458 0.000115394 1.000000000 0.000067777 -0.000767905 0.000043626 -0.000067783 1.000000000 -0.000427275
1.000000000 -0.000014372 -0.000072608 0.000409731 0.000014376 1.000000000 0.000047896 0.000010602 0.000072607 -0.000047897 1.000000000 -0.001834492
1.000000000 -0.000019549 -0.000009326 -0.000311594 0.000019550 1.000000000 0.000059026 0.000443409 0.000009325 -0.000059026 1.000000000 0.002422854
1.000000000 -0.000054250 -0.000042027 0.000620388 0.000054250 1.000000000 0.000008724 0.000543790 0.000042027 -0.000008727 1.000000000 -0.000028911
1.000000000 -0.000118947 -0.000130615 0.001073794 0.000118952 1.000000000 0.000043303 0.000219998 0.000130610 -0.000043318 1.000000000 -0.000347198
1.000000000 -0.000095501 -0.000049084 -0.000240441 0.000095500 1.000000000 -0.000014688 0.001551574 0.000049086 0.000014684 1.000000000 0.002374950
1.000000000 -0.000198863 -0.000133628 0.001008810 0.000198878 1.000000000 0.000111279 0.000045584 0.000133606 -0.000111306 1.000000000 -0.001566402
1.000000000 -0.000076432 -0.000136468 0.001029997 0.000076438 1.000000000 0.000041419 -0.000515137 0.000136464 -0.000041429 1.000000000 -0.002344231
1.000000000 -0.000136413 -0.000167670 0.003191762 0.000136435 1.000000000 0.000131242 -0.000971674 0.000167652 -0.000131265 1.000000000 -0.005126812
1.000000000 -0.000110282 -0.000059063 0.001339058 0.000110287 1.000000000 0.000078513 -0.000297199 0.000059055 -0.000078520 1.000000000 -0.002926569
1.000000000 -0.000056901 -0.000085352 0.002094683 0.000056903 1.000000000 0.000030409 -0.000203708 0.000085350 -0.000030414 1.000000000 -0.000454837
1.000000000 -0.000027934 -0.000120096 0.001615059 0.000027948 1.000000000 0.000117233 -0.000778623 0.000120092 -0.000117236 1.000000000 -0.003400381
0.999999940 -0.000227095 -0.000137363 0.001301344 0.000227106 1.000000000 0.000075677 -0.000393020 0.000137346 -0.000075708 1.000000000 -0.003258341
1.000000000 -0.000188602 -0.000098872 0.000764491 0.000188611 1.000000000 0.000092696 0.000432432 0.000098854 -0.000092715 1.000000000 0.001308489
1.000000000 -0.000210515 -0.000117270 0.000437298 0.000210529 1.000000000 0.000119600 -0.001733904 0.000117245 -0.000119624 1.000000000 -0.003761726
1.000000000 -0.000073556 -0.000155628 0.003426898 0.000073574 1.000000000 0.000115935 -0.000734051 0.000155620 -0.000115946 1.000000000 -0.002277572
1.000000000 -0.000100332 -0.000160084 0.003227958 0.000100348 1.000000000 0.000100640 -0.001339692 0.000160074 -0.000100656 1.000000000 -0.002211736
0.999999940 -0.000187968 -0.000178241 0.002675151 0.000187991 1.000000000 0.000128826 -0.001303420 0.000178217 -0.000128859 1.000000000 -0.005174847
0.999999940 -0.000170088 -0.000198039 0.002650582 0.000170105 1.000000000 0.000085104 0.000236450 0.000198025 -0.000085138 1.000000000 -0.001369729
1.000000000 -0.000152386 -0.000153049 0.003155632 0.000152395 1.000000000 0.000061998 0.000255651 0.000153039 -0.000062022 1.000000000 -0.003198038
0.999999940 -0.000225797 -0.000163690 0.003272793 0.000225813 0.999999940 0.000102275 -0.000824898 0.000163667 -0.000102312 1.000000000 -0.003824463
1.000000000 -0.000213353 -0.000112089 0.000326185 0.000213363 1.000000000 0.000091015 -0.001248767 0.000112070 -0.000091039 1.000000000 -0.003171315
1.000000000 -0.000061594 -0.000197267 0.002695421 0.000061624 1.000000000 0.000147834 -0.001138692 0.000197257 -0.000147846 0.999999940 -0.003408405
0.999999940 -0.000230236 -0.000199101 0.003771824 0.000230259 0.999999940 0.000117215 -0.000867289 0.000199074 -0.000117261 1.000000000 -0.003578453
0.999999940 -0.000193199 -0.000216420 0.003447035 0.000193226 1.000000000 0.000125390 -0.000539416 0.000216396 -0.000125432 0.999999940 -0.002346610
1.000000000 -0.000166146 -0.000154480 0.002552596 0.000166162 1.000000000 0.000109098 -0.000517548 0.000154462 -0.000109123 1.000000000 -0.004928184
1.000000000 -0.000087298 -0.000144373 0.002813722 0.000087308 1.000000000 0.000063686 -0.001129480 0.000144368 -0.000063699 1.000000000 -0.003183692
1.000000000 -0.000118372 -0.000134296 0.002474375 0.000118383 1.000000000 0.000086159 -0.000596804 0.000134286 -0.000086175 1.000000000 -0.001426326
0.999999940 -0.000204852 -0.000158316 0.002117600 0.000204876 0.999999940 0.000151914 -0.001891142 0.000158285 -0.000151946 1.000000000 -0.005207514
0.999999940 -0.000222668 -0.000226316 0.003202339 0.000222688 1.000000000 0.000089328 0.000145329 0.000226297 -0.000089378 1.000000000 -0.002526443
0.999999940 -0.000207576 -0.000195589 0.003777496 0.000207605 0.999999940 0.000146664 0.000020841 0.000195559 -0.000146705 0.999999940 -0.004469254
1.000000000 -0.000128959 -0.000109437 0.000857476 0.000128968 1.000000000 0.000084772 -0.000088414 0.000109426 -0.000084786 1.000000000 -0.002918912
1.000000000 -0.000149125 -0.000187004 0.002480848 0.000149151 1.000000000 0.000143202 -0.000983864 0.000186982 -0.000143230 1.000000000 -0.004306524
0.999999940 -0.000186615 -0.000209821 0.005023386 0.000186631 1.000000000 0.000075582 -0.001869895 0.000209807 -0.000075621 1.000000000 -0.001633350
1.000000000 -0.000229650 -0.000028100 0.001226809 0.000229636 0.999999821 -0.000517921 -0.002674295 0.000028219 0.000517915 0.999999881 0.050777692
1.000000000 -0.000026789 -0.000153688 0.003442938 0.000026617 0.999999344 -0.001123253 -0.004160993 0.000153718 0.001123249 0.999999344 0.141280502
1.000000000 -0.000158536 -0.000093718 0.004061627 0.000158397 0.999998868 -0.001476903 -0.007727055 0.000093952 0.001476888 0.999998927 0.258951813
1.000000000 -0.000092783 -0.000029849 0.005825782 0.000092741 0.999998987 -0.001399722 -0.010716333 0.000029979 0.001399719 0.999999046 0.393624932
1.000000000 -0.000019197 -0.000137482 0.010299063 0.000019037 0.999999344 -0.001163054 -0.018780664 0.000137504 0.001163052 0.999999285 0.528815508
1.000000000 0.000059169 -0.000058995 0.011648396 -0.000059236 0.999999344 -0.001134744 -0.020687634 0.000058928 0.001134747 0.999999344 0.687374175
1.000000000 0.000008427 0.000094956 0.016672900 -0.000008339 0.999999583 -0.000922827 -0.024860786 -0.000094964 0.000922827 0.999999583 0.846560121
0.999999940 0.000327427 0.000236012 0.010490052 -0.000327239 0.999999642 -0.000798249 -0.025544334 -0.000236273 0.000798171 0.999999642 1.028207779
1.000000000 0.000149218 -0.000167981 0.024511468 -0.000149316 0.999999821 -0.000584156 -0.037015531 0.000167894 0.000584181 0.999999821 1.189297080
1.000000000 0.000051705 -0.000012647 0.027794918 -0.000051709 0.999999940 -0.000271061 -0.040695939 0.000012633 0.000271062 0.999999940 1.365899682
1.000000000 0.000217727 -0.000073747 0.028672820 -0.000217755 0.999999881 -0.000375456 -0.048213989 0.000073666 0.000375472 0.999999940 1.578877568
1.000000000 0.000044679 -0.000111506 0.036004100 -0.000044651 0.999999881 0.000249004 -0.044868380 0.000111518 -0.000248999 0.999999940 1.722455502
0.999999940 -0.000188109 -0.000409457 0.043759946 0.000188341 0.999999821 0.000566432 -0.049691666 0.000409350 -0.000566509 0.999999702 1.930058360
1.000000000 0.000267966 -0.000184575 0.039609861 -0.000267893 0.999999821 0.000397303 -0.052682869 0.000184682 -0.000397254 0.999999881 2.142755270
0.999999821 -0.000054626 -0.000628270 0.050761882 0.000055079 0.999999702 0.000721969 -0.063889638 0.000628230 -0.000722004 0.999999523 2.349680185
0.999999881 0.000451043 0.000192522 0.045727171 -0.000451171 0.999999702 0.000663711 -0.076149657 -0.000192223 -0.000663798 0.999999762 2.567455292
0.999999821 0.000450714 0.000352696 0.047953062 -0.000450973 0.999999583 0.000733437 -0.082171619 -0.000352366 -0.000733595 0.999999642 2.800852537
0.999999702 0.000549963 0.000485304 0.050102517 -0.000550352 0.999999464 0.000801598 -0.086906888 -0.000484863 -0.000801865 0.999999523 3.036543846
0.999999762 0.000506065 0.000519894 0.052910760 -0.000506444 0.999999583 0.000729220 -0.093640164 -0.000519525 -0.000729483 0.999999583 3.275726318
0.999999821 0.000315618 0.000524340 0.056539513 -0.000316186 0.999999344 0.001082786 -0.104061589 -0.000523998 -0.001082952 0.999999285 3.515512466
0.999999940 -0.000271709 -0.000096853 0.072093256 0.000271828 0.999999225 0.001231308 -0.126313791 0.000096518 -0.001231334 0.999999225 3.756890297
0.999999881 -0.000456570 0.000005657 0.077932373 0.000456562 0.999998987 0.001313026 -0.132498890 -0.000006257 -0.001313023 0.999999106 4.019446373
0.999999940 -0.000321562 0.000126013 0.082321823 0.000321357 0.999998569 0.001630896 -0.133666590 -0.000126537 -0.001630855 0.999998629 4.276983261
0.999999881 -0.000428409 0.000134113 0.087383516 0.000428164 0.999998271 0.001821896 -0.142409146 -0.000134893 -0.001821839 0.999998331 4.533558846
0.999999881 -0.000508667 0.000227864 0.092955470 0.000508239 0.999998152 0.001874818 -0.149375305 -0.000228818 -0.001874702 0.999998212 4.800704002
0.999999583 -0.000919128 0.000068580 0.102980636 0.000918972 0.999997079 0.002233975 -0.160003290 -0.000070633 -0.002233911 0.999997556 5.061725140
0.999999881 -0.000345820 0.000125256 0.090544999 0.000345535 0.999997377 0.002269787 -0.177060992 -0.000126040 -0.002269743 0.999997437 5.333250999
0.999999881 -0.000340680 0.000136460 0.096177943 0.000340360 0.999997199 0.002340316 -0.186554775 -0.000137257 -0.002340270 0.999997258 5.597806931
1.000000000 -0.000030135 0.000176282 0.101284780 0.000029710 0.999997199 0.002406767 -0.192310721 -0.000176354 -0.002406762 0.999997079 5.877465248
0.999999702 -0.000729207 -0.000001057 0.106740557 0.000729208 0.999996662 0.002476437 -0.204140738 -0.000000748 -0.002476437 0.999996901 6.156271458
0.999999881 0.000192301 0.000160683 0.117237799 -0.000192740 0.999996245 0.002733120 -0.220820040 -0.000160156 -0.002733150 0.999996245 6.396586895
0.999999881 0.000196006 0.000168970 0.125747472 -0.000196437 0.999996662 0.002552669 -0.233572409 -0.000168469 -0.002552702 0.999996722 6.676954746
0.999999821 0.000484729 0.000185760 0.136025935 -0.000485240 0.999996126 0.002764068 -0.242921725 -0.000184420 -0.002764158 0.999996126 6.980493546
0.999999881 0.000273462 0.000148811 0.136699513 -0.000273871 0.999996185 0.002751126 -0.250645727 -0.000148058 -0.002751167 0.999996185 7.292997360
0.999999940 0.000176540 0.000279190 0.149309322 -0.000177325 0.999996006 0.002814116 -0.262401730 -0.000278692 -0.002814166 0.999995947 7.590210915
0.999999821 -0.000217038 0.000451488 0.148320273 0.000216010 0.999997377 0.002276428 -0.265278995 -0.000451981 -0.002276331 0.999997318 7.945019245
0.999999821 -0.000520847 0.000271522 0.158794388 0.000520225 0.999997318 0.002285104 -0.272661269 -0.000272711 -0.002284962 0.999997377 8.256920815
0.999999881 -0.000473315 0.000296589 0.161782339 0.000472694 0.999997735 0.002088065 -0.275278300 -0.000297577 -0.002087924 0.999997735 8.602301598
0.999999881 0.000032807 0.000504769 0.162456751 -0.000033877 0.999997735 0.002120257 -0.285411328 -0.000504698 -0.002120273 0.999997616 8.945710182
0.999999821 -0.000245782 0.000547152 0.171043202 0.000244427 0.999996841 0.002475038 -0.302410066 -0.000547758 -0.002474904 0.999996781 9.277884483
0.999999642 -0.000132229 0.000746147 0.167530298 0.000129965 0.999995410 0.003034264 -0.317672223 -0.000746545 -0.003034166 0.999995053 9.585053444
0.999999702 0.000063714 0.000631130 0.176734328 -0.000065479 0.999996066 0.002797191 -0.322993279 -0.000630949 -0.002797232 0.999995887 9.935781479
0.999999702 -0.000154833 0.000739639 0.180277601 0.000152613 0.999995530 0.003001881 -0.332649618 -0.000740100 -0.003001768 0.999995172 10.307106018
0.999999642 -0.000163534 0.000830475 0.189626172 0.000161009 0.999995410 0.003039597 -0.342017710 -0.000830968 -0.003039462 0.999995053 10.670714378
0.999999642 -0.000574347 0.000612891 0.200180218 0.000572390 0.999994755 0.003188370 -0.361326307 -0.000614719 -0.003188019 0.999994755 11.010834694
0.999999702 -0.000548722 0.000528694 0.209802255 0.000546994 0.999994516 0.003262912 -0.372613877 -0.000530482 -0.003262622 0.999994576 11.388443947
0.999999702 0.000009360 0.000815327 0.214674592 -0.000011927 0.999995112 0.003147691 -0.378084093 -0.000815294 -0.003147700 0.999994695 11.784968376
0.999999702 -0.000746072 0.000362562 0.226812124 0.000744814 0.999993801 0.003457002 -0.392051160 -0.000365139 -0.003456731 0.999993920 12.153071404
0.999999702 -0.000067674 0.000746760 0.245924771 0.000064867 0.999992907 0.003757752 -0.416305572 -0.000747010 -0.003757703 0.999992609 12.512070656
0.999999523 0.000039737 0.000875644 0.251516670 -0.000043004 0.999993026 0.003731976 -0.426514059 -0.000875489 -0.003732012 0.999992609 12.919512749
0.999999881 -0.000299816 0.000286557 0.269727319 0.000298678 0.999992132 0.003962193 -0.446166456 -0.000287742 -0.003962107 0.999992073 13.311419487
0.999999702 -0.000195785 0.000676666 0.275170028 0.000192988 0.999991477 0.004130760 -0.450872332 -0.000677469 -0.004130628 0.999991238 13.721234322
0.999999642 0.000019422 0.000826036 0.287195295 -0.000023162 0.999989748 0.004527593 -0.467930913 -0.000825940 -0.004527611 0.999989390 14.119571686
0.999999523 -0.000832810 0.000549907 0.296983033 0.000830529 0.999991119 0.004135413 -0.498290002 -0.000553346 -0.004134953 0.999991298 14.523366928
0.999999285 -0.001015272 0.000609478 0.305782557 0.001012641 0.999990225 0.004301874 -0.508177280 -0.000613839 -0.004301252 0.999990582 14.951260567
0.999999166 -0.001094769 0.000611784 0.318333954 0.001092072 0.999989748 0.004390656 -0.523219049 -0.000616584 -0.004389984 0.999990225 15.389116287
0.999998629 -0.000682891 0.001522676 0.327758402 0.000676562 0.999991119 0.004153174 -0.527209163 -0.001525498 -0.004152138 0.999990225 15.838980675
0.999998212 -0.000588772 0.001784104 0.337900281 0.000581233 0.999990880 0.004223469 -0.537774384 -0.001786574 -0.004222425 0.999989450 16.289117813
0.999997616 -0.000686876 0.002081567 0.333856434 0.000677768 0.999990165 0.004372810 -0.559838295 -0.002084549 -0.004371389 0.999988258 16.731494904
0.999997199 -0.000720171 0.002281719 0.343963742 0.000710687 0.999991119 0.004154630 -0.567044318 -0.002284691 -0.004152996 0.999988794 17.199590683
0.999996066 -0.000918405 0.002654984 0.361168385 0.000905789 0.999988317 0.004749095 -0.586861849 -0.002659315 -0.004746671 0.999985218 17.639453888
0.999995589 -0.001109899 0.002735359 0.376680970 0.001096819 0.999988019 0.004778767 -0.599873662 -0.002740630 -0.004775747 0.999984860 18.102214813
0.999994516 -0.000992524 0.003155737 0.387996644 0.000977254 0.999987781 0.004836765 -0.610771060 -0.003160499 -0.004833654 0.999983311 18.576723099
0.999993801 -0.000549291 0.003459724 0.384908915 0.000531797 0.999987006 0.005055436 -0.637244582 -0.003462455 -0.005053566 0.999981225 19.028665543
0.999994159 -0.000329911 0.003388215 0.402628571 0.000312536 0.999986708 0.005127313 -0.651145518 -0.003389861 -0.005126223 0.999981105 19.503355026
0.999994159 -0.000017812 0.003421642 0.406496406 -0.000000254 0.999986053 0.005279874 -0.655815661 -0.003421688 -0.005279844 0.999980211 19.993959427
0.999994934 -0.001849538 0.002601371 0.428032726 0.001835926 0.999984622 0.005225580 -0.664950788 -0.002610996 -0.005220775 0.999982953 20.448431015
0.999995828 -0.002045933 0.002074353 0.441139102 0.002035132 0.999984443 0.005196200 -0.679248989 -0.002084952 -0.005191956 0.999984324 20.935768127
0.999996543 -0.001916447 0.001831322 0.448871404 0.001907063 0.999985099 0.005111977 -0.683843553 -0.001841091 -0.005108465 0.999985278 21.446479797
0.999998212 -0.001242205 0.001384506 0.446769118 0.001234687 0.999984562 0.005417280 -0.709233403 -0.001391214 -0.005415562 0.999984384 21.937702179
0.999998689 -0.001013104 0.001249229 0.454874128 0.001006284 0.999984682 0.005447933 -0.713115871 -0.001254730 -0.005446670 0.999984384 22.441507339
0.999999106 -0.000836486 0.001042836 0.466764301 0.000831073 0.999986172 0.005180596 -0.725643396 -0.001047155 -0.005179725 0.999985993 22.972898483
0.999998748 -0.001519499 0.000125978 0.488473654 0.001518755 0.999982655 0.005715664 -0.761989892 -0.000134661 -0.005715465 0.999983668 23.451061249
0.999998391 -0.001753048 0.000075240 0.490207523 0.001752596 0.999982655 0.005636611 -0.774791420 -0.000085120 -0.005636470 0.999984145 23.969882965
0.999998391 -0.001663460 -0.000836679 0.493263274 0.001668061 0.999983311 0.005529381 -0.772478342 0.000827467 -0.005530768 0.999984384 24.483743668
0.999996483 -0.001866739 -0.001907168 0.506510019 0.001877931 0.999980867 0.005883509 -0.791068196 0.001896149 -0.005887070 0.999980927 25.026926041
0.999994636 -0.001710608 -0.002805079 0.514863193 0.001726617 0.999982178 0.005714735 -0.802018225 0.002795254 -0.005719549 0.999979734 25.560840607
0.999994338 -0.001459935 -0.003024849 0.539067388 0.001478822 0.999979377 0.006251324 -0.828658223 0.003015660 -0.006255763 0.999975860 26.038717270
0.999993026 -0.001612050 -0.003359697 0.545620799 0.001633215 0.999978781 0.006306517 -0.839351416 0.003349459 -0.006311961 0.999974430 26.588447571
0.999989390 -0.001729125 -0.004270980 0.565725267 0.001757566 0.999976218 0.006664376 -0.854362190 0.004259355 -0.006671811 0.999968648 27.156051636
0.999991059 -0.000903312 -0.004135219 0.539914489 0.000931593 0.999976158 0.006842266 -0.874647915 0.004128940 -0.006846057 0.999968052 27.589376450
0.999989033 -0.001056342 -0.004563228 0.549109221 0.001089099 0.999973655 0.007182005 -0.886629045 0.004555521 -0.007186896 0.999963820 28.129896164
0.999987781 -0.001065466 -0.004817558 0.564174116 0.001104280 0.999966919 0.008061352 -0.911003590 0.004808810 -0.008066575 0.999955952 28.676073074
0.999983728 -0.001914920 -0.005368802 0.557689428 0.001954042 0.999971449 0.007291169 -0.924844503 0.005354686 -0.007301541 0.999958932 29.224592209
0.999982059 -0.002206368 -0.005585575 0.550586581 0.002247619 0.999970198 0.007389859 -0.936966002 0.005569105 -0.007402280 0.999957085 29.787481308
0.999974549 -0.002599063 -0.006649847 0.576139927 0.002647029 0.999970436 0.007214420 -0.950393975 0.006630900 -0.007231839 0.999951839 30.332923889
0.999979317 -0.002296078 -0.006010026 0.562480688 0.002340770 0.999969602 0.007439843 -0.952275157 0.005992761 -0.007453757 0.999954283 30.832658768
0.999978602 -0.002054346 -0.006209420 0.567739964 0.002101809 0.999968529 0.007646895 -0.970536947 0.006193516 -0.007659782 0.999951482 31.353261948
0.999975026 -0.002238571 -0.006701742 0.583516002 0.002290636 0.999967217 0.007771386 -0.988845825 0.006684127 -0.007786544 0.999947369 31.865592957
0.999976695 -0.002112031 -0.006500620 0.580586910 0.002163933 0.999965847 0.007987429 -0.995579243 0.006483529 -0.008001311 0.999946952 32.412414551
0.999974191 -0.002369917 -0.006785202 0.576792717 0.002423907 0.999965429 0.007959969 -1.009065151 0.006766103 -0.007976210 0.999945343 32.973590851
0.999974072 -0.001336751 -0.007079022 0.611150146 0.001391782 0.999968827 0.007774557 -1.023459315 0.007068409 -0.007784206 0.999944746 33.401756287
0.999974966 -0.000589203 -0.007049917 0.612760127 0.000642400 0.999971330 0.007545805 -1.031432629 0.007045269 -0.007550145 0.999946654 33.955562592
0.999973893 -0.000749740 -0.007191412 0.617462993 0.000804144 0.999971092 0.007565360 -1.048932195 0.007185531 -0.007570943 0.999945581 34.490013123
0.999975562 -0.000275915 -0.006995130 0.621128619 0.000328501 0.999971747 0.007517488 -1.055242062 0.006992859 -0.007519602 0.999947250 35.026130676
0.999969840 -0.001601239 -0.007592750 0.645338833 0.001658907 0.999969780 0.007594943 -1.062196374 0.007580359 -0.007607310 0.999942303 35.574924469
0.999963164 -0.002617654 -0.008177335 0.645530581 0.002688724 0.999958754 0.008692134 -1.084242344 0.008154244 -0.008713801 0.999928772 35.969314575
0.999961674 -0.002902698 -0.008268324 0.650707126 0.002975239 0.999957085 0.008774541 -1.094800949 0.008242500 -0.008798804 0.999927223 36.503692627
0.999954283 -0.003434372 -0.008924955 0.661443233 0.003512645 0.999955356 0.008769263 -1.109347343 0.008894441 -0.008800211 0.999921679 37.061267853
0.999959826 -0.002460821 -0.008627953 0.664032280 0.002533414 0.999961436 0.008412901 -1.114351153 0.008606918 -0.008434420 0.999927342 37.603008270
0.999959171 -0.002430676 -0.008704156 0.666523814 0.002508068 0.999957323 0.008891487 -1.130334139 0.008682170 -0.008912954 0.999922633 38.141204834
0.999958098 -0.003060616 -0.008628971 0.623795033 0.003140559 0.999952137 0.009266186 -1.198635697 0.008600198 -0.009292897 0.999919832 38.684844971
0.999954581 -0.003343793 -0.008924140 0.630286455 0.003430959 0.999946415 0.009770068 -1.211464405 0.008890992 -0.009800242 0.999912441 39.235019684
0.999951780 -0.003260471 -0.009266078 0.650495887 0.003352382 0.999945104 0.009920940 -1.232987881 0.009233222 -0.009951522 0.999907851 39.766288757
0.999950409 -0.003681518 -0.009250707 0.647720039 0.003770917 0.999946177 0.009665302 -1.241231084 0.009214628 -0.009699706 0.999910474 40.329730988
0.999962151 -0.002133918 -0.008432826 0.643901289 0.002213641 0.999952853 0.009455793 -1.243421912 0.008412251 -0.009474102 0.999919713 40.832370758
0.999945998 -0.003096442 -0.009922422 0.793753386 0.003188940 0.999951482 0.009319889 -1.219913960 0.009893080 -0.009351029 0.999907315 41.350414276
0.999943912 -0.003423575 -0.010030761 0.801583767 0.003515498 0.999951899 0.009160811 -1.224807143 0.009998915 -0.009195558 0.999907672 41.898212433
0.999947369 -0.002812549 -0.009874855 0.808759272 0.002902606 0.999954283 0.009117446 -1.237107873 0.009848760 -0.009145628 0.999909699 42.436050415
0.999938965 -0.003321633 -0.010535904 0.822699249 0.003416911 0.999953330 0.009038119 -1.248912454 0.010505389 -0.009073567 0.999903679 42.991058350
0.999938667 -0.003334272 -0.010561796 0.805832148 0.003441272 0.999942780 0.010128909 -1.336658835 0.010527420 -0.010164634 0.999892890 43.169609070
0.999944210 -0.002719232 -0.010205507 0.806533933 0.002827385 0.999939859 0.010598173 -1.353031039 0.010176076 -0.010626438 0.999891698 43.370758057
0.999945760 -0.002380986 -0.010140071 0.808181167 0.002486115 0.999943197 0.010367790 -1.364283562 0.010114809 -0.010392438 0.999894798 43.924507141
0.999940693 -0.002795507 -0.010523983 0.823655069 0.002906723 0.999939859 0.010567461 -1.377077818 0.010493809 -0.010597424 0.999888718 44.445125580
0.999940753 -0.002792813 -0.010519804 0.833599806 0.002906381 0.999937475 0.010795834 -1.394883871 0.010488994 -0.010825769 0.999886334 44.964546204
0.999930143 -0.004014844 -0.011110854 0.793291926 0.004138444 0.999929488 0.011123708 -1.429654837 0.011065412 -0.011168912 0.999876380 45.267925262
0.999930561 -0.003848659 -0.011138271 0.797271609 0.003971261 0.999931514 0.011006102 -1.436113358 0.011095149 -0.011049571 0.999877393 45.828750610
0.999929428 -0.003949882 -0.011205103 0.795115590 0.004071626 0.999932706 0.010863098 -1.443037033 0.011161441 -0.010907955 0.999878228 46.377380371
0.999930918 -0.004859275 -0.010700447 0.764295101 0.004986123 0.999917209 0.011859870 -1.637969494 0.010641929 -0.011912405 0.999872386 46.933822632
0.999926388 -0.005021595 -0.011050127 0.773743093 0.005149738 0.999919415 0.011598703 -1.649322033 0.010990995 -0.011654753 0.999871612 47.482688904
0.999942303 -0.002407817 -0.010465735 0.809267879 0.002533204 0.999925077 0.011984118 -1.528940201 0.010436093 -0.012009942 0.999873340 47.716648102
0.999925911 -0.004870522 -0.011150515 0.787865579 0.004993028 0.999927223 0.010985156 -1.653288364 0.011096199 -0.011040018 0.999877453 48.575248718
0.999924183 -0.004263512 -0.011554432 0.882270575 0.004394219 0.999926329 0.011310511 -1.473928690 0.011505361 -0.011360426 0.999869287 49.021610260
0.999929011 -0.003648003 -0.011348525 0.884513736 0.003777070 0.999928117 0.011372366 -1.479792595 0.011306225 -0.011414422 0.999870896 49.573249817
0.999930501 -0.003530773 -0.011242140 0.893229306 0.003661647 0.999925494 0.011642210 -1.496523023 0.011200198 -0.011682566 0.999869049 50.065906525
0.999927819 -0.004009403 -0.011332327 0.906298399 0.004134017 0.999930978 0.010994339 -1.494842649 0.011287464 -0.011040393 0.999875307 50.656791687
0.999931931 -0.003377023 -0.011167387 0.901761413 0.003510137 0.999922693 0.011921771 -1.529759526 0.011126265 -0.011960156 0.999866545 50.927516937
0.999923825 -0.003681192 -0.011777912 0.912251890 0.003816955 0.999926209 0.011525246 -1.520004392 0.011734620 -0.011569323 0.999864280 51.696716309
0.999936879 -0.003448881 -0.010689164 0.816605031 0.003575784 0.999923110 0.011875873 -1.604608536 0.010647381 -0.011913345 0.999872267 52.223590851
0.999935269 -0.003380898 -0.010869863 0.823233128 0.003512577 0.999920428 0.012117871 -1.615106106 0.010828028 -0.012155266 0.999867439 52.760444641
0.999931395 -0.003793174 -0.011084421 0.833534420 0.003922584 0.999924123 0.011676615 -1.626822829 0.011039287 -0.011719292 0.999870360 53.310382843
0.999938786 -0.003195036 -0.010587660 0.814431429 0.003321711 0.999922812 0.011968417 -1.597958803 0.010548605 -0.012002853 0.999872327 53.761642456
0.999938667 -0.002928967 -0.010687795 0.828478396 0.003045660 0.999935865 0.010918502 -1.596747756 0.010655130 -0.010950381 0.999883294 54.445121765
0.999938071 -0.003472239 -0.010564283 0.823324442 0.003602620 0.999917209 0.012347788 -1.621857643 0.010520536 -0.012385081 0.999867976 54.857254028
0.999937594 -0.003695199 -0.010544869 0.822589695 0.003828185 0.999913096 0.012619319 -1.633966923 0.010497321 -0.012658899 0.999864817 55.418758392
0.999952376 -0.002648973 -0.009389555 0.820121586 0.002766180 0.999918103 0.012491716 -1.658751845 0.009355698 -0.012517095 0.999877870 55.898296356
0.999931574 -0.004115814 -0.010951207 0.902027488 0.004245397 0.999920964 0.011835972 -1.618918896 0.010901629 -0.011881653 0.999869943 56.395381927
0.999945164 -0.002697968 -0.010124226 0.885593534 0.002817206 0.999926686 0.011781783 -1.613754034 0.010091697 -0.011809658 0.999879360 57.044010162
0.999933064 -0.003955766 -0.010874072 0.890718699 0.004084989 0.999921024 0.011887159 -1.621105909 0.010826192 -0.011930786 0.999870241 57.323043823
0.999933720 -0.003898255 -0.010826798 0.897172213 0.004024139 0.999924242 0.011629677 -1.629981995 0.010780640 -0.011672476 0.999873817 57.862018585
0.999925077 -0.004592325 -0.011348201 0.897632718 0.004724021 0.999921501 0.011605554 -1.634902954 0.011294013 -0.011658295 0.999868333 58.423366547
0.999926448 -0.004329292 -0.011324109 0.901552558 0.004465233 0.999917924 0.012006910 -1.652987242 0.011271197 -0.012056592 0.999863803 58.936298370
0.999927521 -0.003963867 -0.011373162 0.927365720 0.004096976 0.999923170 0.011704401 -1.661877632 0.011325892 -0.011750150 0.999866843 59.492904663
0.999933481 -0.003823544 -0.010884046 0.869840026 0.003950174 0.999924481 0.011636872 -1.672055244 0.010838728 -0.011679091 0.999873102 60.081344604
0.999937296 -0.003218409 -0.010722980 0.932294309 0.003358926 0.999908388 0.013112239 -1.790759563 0.010679798 -0.013147434 0.999856532 60.530826569
0.999933243 -0.003547912 -0.010995391 0.931318223 0.003692335 0.999906778 0.013142436 -1.789108276 0.010947738 -0.013182155 0.999853194 61.095817566
0.999933362 -0.003361428 -0.011045803 0.942064285 0.003507222 0.999906600 0.013206258 -1.809018612 0.011000382 -0.013244118 0.999851763 61.635555267
0.999936342 -0.003044748 -0.010863816 0.938243151 0.003189883 0.999905646 0.013367325 -1.819710255 0.010822090 -0.013401128 0.999851644 62.144557953
0.999927521 -0.003134283 -0.011623876 0.985300303 0.003281667 0.999914169 0.012682122 -1.774646997 0.011583132 -0.012719347 0.999852002 62.769271851
0.999931276 -0.002784040 -0.011389684 0.986775100 0.002928536 0.999915123 0.012689588 -1.783286691 0.011353391 -0.012722070 0.999854565 63.324829102
0.999929845 -0.003054160 -0.011443747 0.995610237 0.003197470 0.999916375 0.012525631 -1.791593432 0.011404537 -0.012561343 0.999856055 63.861000061
0.999931693 -0.002817297 -0.011346807 1.001341581 0.002957830 0.999918938 0.012387567 -1.796963930 0.011310989 -0.012420285 0.999858856 64.386352539
0.999930620 -0.003007204 -0.011387111 1.004376173 0.003144418 0.999922335 0.012051263 -1.811539412 0.011349986 -0.012086233 0.999862492 64.893119812
0.999930978 -0.003252479 -0.011287987 1.018316746 0.003403553 0.999904573 0.013390244 -1.886377573 0.011243359 -0.013427740 0.999846578 65.369377136
0.999921739 -0.004177389 -0.011790037 1.037708282 0.004334853 0.999901354 0.013361828 -1.900863767 0.011733055 -0.013411893 0.999841154 65.894104004
0.999928474 -0.003793421 -0.011338663 1.035302162 0.003941040 0.999907374 0.013025296 -1.899425268 0.011288202 -0.013069052 0.999850810 66.419723511
0.999927819 -0.003679632 -0.011435584 1.029891014 0.003827179 0.999909341 0.012907496 -1.900316954 0.011387050 -0.012950330 0.999851346 66.971763611
0.999935269 -0.002831011 -0.011013692 1.036098003 0.002968289 0.999917865 0.012467957 -1.911204338 0.010977492 -0.012499843 0.999861598 67.477615356
0.999929547 -0.003224902 -0.011433134 1.053955913 0.003382450 0.999899209 0.013787434 -1.935571671 0.011387519 -0.013825132 0.999839544 68.008956909
0.999929905 -0.003039561 -0.011443380 1.054078817 0.003195436 0.999902010 0.013627791 -1.940593004 0.011400837 -0.013663402 0.999841630 68.565422058
0.999925256 -0.003449585 -0.011727812 1.051935911 0.003609822 0.999899983 0.013669421 -1.946348190 0.011679485 -0.013710734 0.999837756 69.128837585
0.999915957 -0.004097304 -0.012295114 1.061833620 0.004262682 0.999900341 0.013454668 -1.956332684 0.012238762 -0.013505948 0.999833941 69.665672302
0.999916017 -0.004487102 -0.012156863 1.083572388 0.004649778 0.999899566 0.013386389 -1.965832472 0.012095575 -0.013441792 0.999836504 70.198547363
0.999929667 -0.003312323 -0.011389658 1.073862791 0.003466297 0.999902487 0.013525769 -1.977231383 0.011343745 -0.013564297 0.999843597 70.750129700
0.999924898 -0.003177774 -0.011836771 1.080482006 0.003340347 0.999900043 0.013740216 -1.981179118 0.011791924 -0.013778726 0.999835491 71.299758911
0.999933720 -0.003087956 -0.011086816 1.047996521 0.003243569 0.999896228 0.014045502 -2.001066208 0.011042293 -0.014080535 0.999839902 71.809822083
0.999926984 -0.003961933 -0.011412907 1.050908089 0.004115847 0.999900520 0.013494176 -2.005502224 0.011358308 -0.013540165 0.999843836 72.349952698
0.999942005 -0.002471480 -0.010475461 1.032024145 0.002610047 0.999908984 0.013234843 -2.005852222 0.010441799 -0.013261417 0.999857605 72.886070251
0.999943554 -0.002225426 -0.010387234 1.046139240 0.002368898 0.999901652 0.013820547 -2.021955967 0.010355457 -0.013844372 0.999850512 73.485671997
0.999939620 -0.002440167 -0.010721952 1.060435176 0.002585866 0.999904275 0.013596041 -2.029185772 0.010687748 -0.013622945 0.999850094 73.935516357
0.999939144 -0.002658236 -0.010709337 1.056026101 0.002804956 0.999902129 0.013708591 -2.027887821 0.010671847 -0.013737796 0.999848664 74.581008911
0.999943793 -0.002203713 -0.010367446 1.061496019 0.002346656 0.999902129 0.013795802 -2.049392700 0.010336031 -0.013819356 0.999850988 75.102111816
0.999942422 -0.001896466 -0.010563566 1.068322659 0.002042668 0.999902070 0.013846668 -2.073828936 0.010536272 -0.013867448 0.999848306 75.770240784
0.999943852 -0.002146479 -0.010371850 1.069138527 0.002284307 0.999909043 0.013295182 -2.060612202 0.010342368 -0.013318126 0.999857843 76.246452332
0.999945760 -0.002323181 -0.010149635 1.065079927 0.002461723 0.999903619 0.013658785 -2.076450348 0.010116928 -0.013683029 0.999855220 76.800498962
0.999947131 -0.002156535 -0.010054804 1.073653936 0.002296481 0.999900341 0.013927603 -2.097023964 0.010023765 -0.013949958 0.999852479 77.327499390
0.999948859 -0.001875269 -0.009936873 1.083427191 0.002010622 0.999905050 0.013628750 -2.096324921 0.009910374 -0.013648034 0.999857724 77.900634766
0.999949098 -0.002639417 -0.009740861 1.090196729 0.002772271 0.999902904 0.013650647 -2.102981567 0.009703886 -0.013676954 0.999859393 78.437995911
0.999964654 -0.001667760 -0.008239757 1.100860119 0.001777619 0.999909401 0.013343439 -2.105712652 0.008216758 -0.013357616 0.999876976 78.992904663
0.999973178 -0.001935910 -0.007060712 1.109918118 0.002031779 0.999905527 0.013595912 -2.113007307 0.007033726 -0.013609893 0.999882638 79.533721924
0.999982238 -0.002169975 -0.005543054 1.126765490 0.002245079 0.999905229 0.013579047 -2.126387119 0.005513062 -0.013591249 0.999892414 80.084053040
0.999994397 -0.002373623 -0.002368936 1.145331979 0.002405059 0.999907911 0.013356282 -2.136504173 0.002337015 -0.013361905 0.999907970 80.624725342
0.999995649 -0.002404647 0.001672842 1.165133238 0.002381854 0.999906063 0.013496515 -2.143124580 -0.001705140 -0.013492473 0.999907494 81.166191101
0.999987602 -0.002609216 0.004238575 1.222418189 0.002552509 0.999907911 0.013329567 -2.177244186 -0.004272963 -0.013318585 0.999902189 81.771163940
0.999961436 -0.003678164 0.007968262 1.260578275 0.003575995 0.999911726 0.012798563 -2.123911142 -0.008014632 -0.012769576 0.999886274 82.330780029
0.999882042 -0.001741809 0.015257161 1.269887567 0.001538797 0.999910235 0.013307704 -2.182366848 -0.015278971 -0.013282659 0.999795020 82.898147583
0.999784648 -0.001970792 0.020654893 1.300556064 0.001698240 0.999911308 0.013204740 -2.189439058 -0.020679086 -0.013166821 0.999699414 83.450477600
0.999649763 -0.001745283 0.026406288 1.345605969 0.001393755 0.999910235 0.013324820 -2.196681976 -0.026427172 -0.013283351 0.999562442 84.069618225
0.999402046 -0.001406407 0.034548547 1.367470145 0.000945635 0.999910414 0.013349654 -2.200642586 -0.034564227 -0.013309000 0.999313772 84.564956665
0.999101520 -0.002293135 0.042318452 1.429128408 0.001725362 0.999908090 0.013448326 -2.214989185 -0.042345405 -0.013363228 0.999013603 85.161941528
0.998808622 -0.002807274 0.048718482 1.472600698 0.002162278 0.999909401 0.013286916 -2.218206167 -0.048751365 -0.013165741 0.998724282 85.708801270
0.998323560 -0.002583181 0.057822604 1.517761469 0.001810382 0.999908388 0.013413384 -2.226598740 -0.057851952 -0.013286216 0.998236716 86.271720886
0.997699559 -0.003085310 0.067720301 1.579616070 0.002202920 0.999911726 0.013100732 -2.230378866 -0.067754760 -0.012921414 0.997618318 86.838020325
0.997081459 -0.003286388 0.076273143 1.648818970 0.002293473 0.999911666 0.013101816 -2.242029190 -0.076309457 -0.012888651 0.997000813 87.376853943
0.996397078 -0.002456588 0.084775411 1.707223892 0.001337180 0.999911189 0.013258629 -2.252209425 -0.084800459 -0.013097499 0.996311843 87.931076050
0.995428801 -0.002273627 0.095478840 1.776726723 0.001000736 0.999909997 0.013377421 -2.257129192 -0.095500663 -0.013220721 0.995341659 88.476371765
0.994368315 -0.002707518 0.105944559 1.867243290 0.001290942 0.999908805 0.013437216 -2.274103642 -0.105971277 -0.013224774 0.994281232 89.030578613
0.993378520 -0.003477477 0.114834562 1.959352493 0.001973113 0.999910772 0.013211353 -2.282250881 -0.114870250 -0.012897294 0.993296742 89.572174072
0.992065132 -0.003926397 0.125663444 2.055405617 0.002282606 0.999909997 0.013222226 -2.290800095 -0.125704035 -0.012830472 0.991984844 90.113098145
0.990424335 -0.003179189 0.138020113 2.151629448 0.001311142 0.999906361 0.013623422 -2.305922508 -0.138050497 -0.013312003 0.990335703 90.656135559
0.988922358 -0.004930679 0.148351654 2.254402161 0.003033865 0.999910653 0.013009515 -2.304020405 -0.148402572 -0.012415321 0.988849044 91.177085876
0.987266779 -0.004287427 0.159015045 2.369530678 0.002150921 0.999905050 0.013605556 -2.322741508 -0.159058273 -0.013090285 0.987182379 91.762329102
0.985059142 -0.004551921 0.172155932 2.489762306 0.002268610 0.999906898 0.013457463 -2.330445290 -0.172201157 -0.012865844 0.984977782 92.290092468
0.982775688 -0.004503944 0.184748352 2.606091499 0.002009174 0.999904275 0.013688599 -2.337783337 -0.184792340 -0.013081629 0.982690513 92.863540649
0.980834365 -0.004663339 0.194787234 2.733565331 0.002016699 0.999902964 0.013783443 -2.343838692 -0.194832578 -0.013126449 0.980748594 93.404144287
0.978142858 -0.004997047 0.207873762 2.869100571 0.002209625 0.999904454 0.013639246 -2.350236416 -0.207922041 -0.012881809 0.978060603 93.932220459
0.975151718 -0.005075227 0.221479669 3.024871826 0.002009098 0.999899030 0.014066930 -2.362287283 -0.221528694 -0.013272416 0.975063503 94.479774475
0.972514093 -0.005230747 0.232785299 3.168863297 0.002035251 0.999900401 0.013965297 -2.367679596 -0.232835189 -0.013107673 0.972427785 95.022079468
0.969547212 -0.005952419 0.244832218 3.331878662 0.002692534 0.999903262 0.013647323 -2.370550632 -0.244889766 -0.012572504 0.969469428 95.561027527
0.966013670 -0.006258302 0.258415043 3.503414154 0.002761855 0.999899685 0.013891162 -2.384547949 -0.258476049 -0.012705347 0.965934098 96.066230774
0.962501407 -0.005407889 0.271222860 3.668256760 0.001742660 0.999903917 0.013752733 -2.385297775 -0.271271199 -0.012764377 0.962418318 96.627952576
0.959253252 -0.005858405 0.282486677 3.864675522 0.002071201 0.999903977 0.013703426 -2.388613224 -0.282539874 -0.012559971 0.959173322 97.188140869
0.955094635 -0.006260073 0.296234697 4.062576294 0.002236511 0.999900639 0.013919270 -2.378115654 -0.296292394 -0.012631687 0.955013752 97.705818176
0.950711966 -0.006489894 0.310007304 4.259439468 0.002175500 0.999895871 0.014260779 -2.400579453 -0.310067564 -0.012883473 0.950627208 98.242034912
0.946891904 -0.006885686 0.321478277 4.454801559 0.002422443 0.999895036 0.014281441 -2.408963680 -0.321542859 -0.012744215 0.946809351 98.755577087
0.942363322 -0.006954319 0.334519029 4.660875320 0.002222971 0.999892056 0.014524506 -2.418024063 -0.334583879 -0.012943735 0.942277074 99.277038574
0.937252879 -0.006946675 0.348581076 4.874174118 0.001972872 0.999891102 0.014621673 -2.426115036 -0.348644674 -0.013016501 0.937164545 99.785072327
0.932783306 -0.007894020 0.360351205 5.106138229 0.002849832 0.999890387 0.014527159 -2.430822372 -0.360426396 -0.012523749 0.932703555 100.290618896
0.928656936 -0.008386861 0.370844930 5.326799393 0.003308091 0.999891877 0.014329097 -2.436118126 -0.370924979 -0.012080024 0.928584218 100.793930054
0.923200250 -0.008980539 0.384214342 5.558832169 0.003690124 0.999888003 0.014504432 -2.440155029 -0.384301603 -0.011972694 0.923129916 101.290885925
0.917672694 -0.009072659 0.397233486 5.795093536 0.003635522 0.999889135 0.014438446 -2.443982124 -0.397320420 -0.011805617 0.917603970 101.778945923
0.912601769 -0.009388434 0.408741832 6.041870117 0.003974863 0.999892771 0.014091927 -2.451329708 -0.408830345 -0.011235625 0.912541211 102.275344849
0.906373143 -0.009710880 0.422366410 6.300071716 0.004008457 0.999888480 0.014387126 -2.456031799 -0.422459066 -0.011347066 0.906310916 102.756492615
0.899526954 -0.009779509 0.436755717 6.562759399 0.003817961 0.999887228 0.014525390 -2.462615490 -0.436848521 -0.011398463 0.899462879 103.238571167
0.893747985 -0.010419603 0.448448390 6.825027466 0.004450296 0.999886930 0.014362817 -2.468483210 -0.448547304 -0.010841011 0.893693328 103.702995300
0.888273716 -0.010978972 0.459183276 7.095165253 0.004886608 0.999883592 0.014454030 -2.474492073 -0.459288478 -0.010595288 0.888223886 104.176765442
0.881058097 -0.011454184 0.472869396 7.374206543 0.005327318 0.999883652 0.014293955 -2.479233265 -0.472978115 -0.010074678 0.881016552 104.651870728
