1.000000000 0.000000000 0.000000000 0.000000000 0.000000000 1.000000000 0.000000000 0.000000000 0.000000000 0.000000000 1.000000000 0.000000000
0.999999940 0.000241529 0.000195758 -0.001806356 -0.000241545 0.999999940 0.000081385 0.000311694 -0.000195738 -0.000081432 1.000000000 0.000573805
1.000000000 0.000017738 0.000111413 -0.000735597 -0.000017754 1.000000000 0.000140108 -0.000779339 -0.000111411 -0.000140110 1.000000000 -0.000659477
1.000000000 0.000058591 0.000232404 -0.002128608 -0.000058613 1.000000000 0.000096037 0.000490598 -0.000232398 -0.000096051 0.999999940 0.001472009
1.000000000 -0.000039606 0.000159416 -0.000824615 0.000039585 1.000000000 0.000134256 -0.000513669 -0.000159421 -0.000134250 1.000000000 -0.000338079
1.000000000 0.000088192 0.000146580 -0.000443818 -0.000088207 1.000000000 0.000099488 0.000145808 -0.000146571 -0.000099501 1.000000000 0.000686959
0.999999940 -0.000198705 0.000240517 -0.000505575 0.000198672 1.000000000 0.000138362 -0.000199303 -0.000240544 -0.000138314 0.999999940 -0.000217998
1.000000000 -0.000139110 0.000142569 -0.000505549 0.000139095 1.000000000 0.000103213 0.000601720 -0.000142583 -0.000103193 1.000000000 0.001841722
1.000000000 -0.000038129 0.000224059 -0.001217436 0.000038092 1.000000000 0.000165529 -0.000205660 -0.000224065 -0.000165520 0.999999940 0.000580160
1.000000000 0.000026597 0.000237973 -0.002165159 -0.000026587 1.000000000 -0.000040833 0.001115253 -0.000237974 0.000040827 1.000000000 0.001707168
0.999999940 0.000100939 0.000383430 -0.003143093 -0.000101014 1.000000000 0.000196135 0.000437553 -0.000383410 -0.000196174 0.999999881 0.002407903
0.999999940 0.000035655 0.000380370 -0.003039970 -0.000035733 1.000000000 0.000203961 -0.000892716 -0.000380363 -0.000203975 0.999999881 0.000814077
1.000000000 0.000112448 0.000201527 -0.001700574 -0.000112487 1.000000000 0.000194952 -0.000270595 -0.000201505 -0.000194974 0.999999940 0.000707511
1.000000000 0.000001847 0.000191346 -0.001632103 -0.000001866 1.000000000 0.000097523 0.000362287 -0.000191346 -0.000097523 1.000000000 -0.000246783
0.999999881 0.000105501 0.000422215 -0.002473322 -0.000105554 1.000000000 0.000124068 0.000279371 -0.000422202 -0.000124112 0.999999881 0.000586483
0.999999940 0.000041162 0.000296290 -0.003004406 -0.000041220 1.000000000 0.000195909 0.000521329 -0.000296282 -0.000195921 0.999999940 0.003251700
0.999999940 0.000222037 0.000205743 -0.001841289 -0.000222090 0.999999940 0.000256338 -0.000893851 -0.000205686 -0.000256383 0.999999940 0.000932728
0.999999940 0.000154607 0.000291485 -0.002636085 -0.000154682 0.999999940 0.000256150 -0.000582795 -0.000291446 -0.000256196 0.999999940 0.001313444
0.999999881 0.000325068 0.000335188 -0.003026018 -0.000325132 0.999999940 0.000190486 -0.000493713 -0.000335126 -0.000190595 0.999999940 0.000968852
0.999999881 0.000209709 0.000424719 -0.003642918 -0.000209782 0.999999940 0.000171422 0.000181201 -0.000424683 -0.000171511 0.999999881 0.000414249
0.999999881 0.000214261 0.000454379 -0.003495972 -0.000214351 0.999999940 0.000197959 0.000122847 -0.000454337 -0.000198056 0.999999881 0.001323227
0.999999881 0.000254524 0.000394929 -0.003179032 -0.000254600 0.999999940 0.000192572 0.000293488 -0.000394880 -0.000192672 0.999999881 0.001692054
0.999999940 0.000178810 0.000322797 -0.002441086 -0.000178893 0.999999940 0.000256364 0.000099260 -0.000322751 -0.000256422 0.999999940 0.000679295
0.999999940 0.000222363 0.000325889 -0.001917748 -0.000222402 0.999999940 0.000119396 0.000078792 -0.000325863 -0.000119469 0.999999940 -0.000249110
0.999999940 0.000298679 0.000238417 -0.002149053 -0.000298664 0.999999940 -0.000065414 0.001881593 -0.000238437 0.000065343 0.999999940 0.001490353
0.999999762 0.000644026 0.000338865 -0.003984475 -0.000644030 0.999999821 0.000009950 0.001995393 -0.000338859 -0.000010169 0.999999940 0.003206961
0.999999881 0.000205540 0.000370450 -0.003712005 -0.000205666 0.999999940 0.000340401 -0.000084873 -0.000370380 -0.000340477 0.999999881 0.003235393
0.999999940 -0.000040380 0.000298930 -0.002704351 0.000040342 1.000000000 0.000125977 -0.000439842 -0.000298935 -0.000125965 0.999999940 0.001935432
0.999999940 0.000126710 0.000279492 -0.002211470 -0.000126730 1.000000000 0.000070297 0.000141175 -0.000279483 -0.000070332 0.999999940 0.000303288
1.000000000 -0.000025626 0.000227970 -0.001233493 0.000025583 1.000000000 0.000189729 -0.000658527 -0.000227975 -0.000189724 0.999999940 0.000152014
0.999999881 0.000092190 0.000435052 -0.002221654 -0.000092225 1.000000000 0.000079549 0.000243042 -0.000435045 -0.000079590 0.999999881 0.000625561
0.999999940 0.000151741 0.000283155 -0.002402125 -0.000151783 1.000000000 0.000147916 0.001030709 -0.000283132 -0.000147959 0.999999940 0.004590073
0.999999940 0.000085054 0.000269796 -0.001451526 -0.000085074 1.000000000 0.000074640 0.000097140 -0.000269790 -0.000074663 0.999999940 -0.000491452
0.999999940 0.000143527 0.000356858 -0.002145545 -0.000143603 0.999999940 0.000212712 -0.000246465 -0.000356827 -0.000212763 0.999999940 0.000873592
0.999999940 -0.000043987 0.000298121 -0.002879694 0.000043963 1.000000000 0.000079796 0.001760769 -0.000298125 -0.000079783 0.999999940 0.004275213
0.999999940 -0.000151830 0.000286349 -0.001536968 0.000151757 0.999999940 0.000255223 -0.000539567 -0.000286387 -0.000255180 0.999999940 -0.000533232
0.999999940 0.000023089 0.000279092 -0.002447457 -0.000023130 1.000000000 0.000148536 0.000444084 -0.000279089 -0.000148542 0.999999940 0.000823509
0.999999940 -0.000017032 0.000422139 -0.001932064 0.000016959 1.000000000 0.000175261 -0.000288335 -0.000422142 -0.000175254 0.999999881 0.002714565
0.999999881 -0.000272373 0.000418731 -0.000857028 0.000272610 0.999999821 -0.000564596 -0.001091575 -0.000418577 0.000564710 0.999999762 0.055939123
0.999999821 0.000299299 0.000459825 -0.000815158 -0.000298872 0.999999523 -0.000927826 -0.006165234 -0.000460103 0.000927688 0.999999464 0.139688119
0.999999940 0.000312045 0.000163114 0.004505761 -0.000311834 0.999999106 -0.001292572 -0.007644912 -0.000163517 0.001292521 0.999999166 0.255132526
0.999999881 0.000491489 0.000093560 0.005744668 -0.000491394 0.999999344 -0.001014233 -0.014004184 -0.000094058 0.001014187 0.999999464 0.383269757
0.999999940 0.000205145 0.000171971 0.008309944 -0.000204949 0.999999344 -0.001140929 -0.013135219 -0.000172205 0.001140893 0.999999344 0.528679311
0.999999821 0.000513689 0.000322692 0.012711871 -0.000513341 0.999999285 -0.001078027 -0.022204511 -0.000323246 0.001077861 0.999999344 0.678827763
0.999999464 0.000861435 0.000571422 0.014451370 -0.000860912 0.999999225 -0.000914339 -0.023907272 -0.000572209 0.000913846 0.999999404 0.844847023
0.999999821 0.000437076 0.000447634 0.016569242 -0.000436725 0.999999583 -0.000782602 -0.026786579 -0.000447976 0.000782407 0.999999583 1.016534925
0.999999762 0.000557947 0.000459009 0.017490912 -0.000557651 0.999999642 -0.000643296 -0.032828111 -0.000459368 0.000643040 0.999999702 1.193245888
0.999999642 0.000757132 0.000343708 0.021544285 -0.000757030 0.999999642 -0.000296390 -0.039538275 -0.000343932 0.000296129 0.999999881 1.378137350
0.999999762 0.000602601 0.000330836 0.027665082 -0.000602399 0.999999642 -0.000609294 -0.047104854 -0.000331203 0.000609095 0.999999762 1.587017059
1.000000000 0.000045165 -0.000070479 0.041383658 -0.000045181 1.000000000 -0.000224824 -0.055021167 0.000070468 0.000224828 1.000000000 1.770661473
0.999999881 0.000379729 -0.000299609 0.046345994 -0.000379976 0.999999583 -0.000824212 -0.044003170 0.000299296 0.000824326 0.999999642 1.965478778
0.999998271 0.001231106 0.001365500 0.025949419 -0.001231580 0.999999285 0.000346673 -0.073672332 -0.001365072 -0.000348354 0.999998987 2.139188766
0.999997795 0.001680950 0.001224282 0.033649936 -0.001680767 0.999998629 -0.000150102 -0.075887956 -0.001224533 0.000148044 0.999999225 2.355123281
0.999998033 0.001440396 0.001385063 0.036763523 -0.001440863 0.999998927 0.000336081 -0.086974636 -0.001384578 -0.000338075 0.999998987 2.575772285
0.999998748 0.001183405 0.001126856 0.043080565 -0.001183761 0.999999285 0.000315026 -0.093895584 -0.001126483 -0.000316359 0.999999285 2.801465273
0.999998808 0.000932233 0.001277658 0.043476511 -0.000932382 0.999999523 0.000116673 -0.096962616 -0.001277548 -0.000117864 0.999999166 3.041799068
0.999998987 0.000717920 0.001229319 0.045990013 -0.000717992 0.999999762 0.000057626 -0.102028690 -0.001229278 -0.000058509 0.999999225 3.272815704
0.999998510 0.000775471 0.001498774 0.057088535 -0.000776498 0.999999404 0.000684410 -0.115420833 -0.001498242 -0.000685573 0.999998629 3.507118702
0.999998510 0.001039637 0.001379300 0.064633198 -0.001040208 0.999999404 0.000413547 -0.119987324 -0.001378870 -0.000414981 0.999998987 3.762372971
0.999998748 0.000583392 0.001515166 0.069180235 -0.000583960 0.999999821 0.000374587 -0.127551943 -0.001514947 -0.000375471 0.999998748 4.018684387
0.999998152 0.000990273 0.001663945 0.070398241 -0.000991451 0.999999285 0.000707016 -0.132712051 -0.001663244 -0.000708665 0.999998391 4.268026352
0.999998331 0.000626929 0.001706046 0.080060832 -0.000628739 0.999999285 0.001060959 -0.143206373 -0.001705380 -0.001062030 0.999997914 4.511458397
0.999997377 0.001524565 0.001705899 0.078290902 -0.001525805 0.999998569 0.000725584 -0.142761797 -0.001704791 -0.000728185 0.999998271 4.782706738
0.999997258 0.001515387 0.001784009 0.084440976 -0.001515949 0.999998808 0.000313667 -0.143266261 -0.001783532 -0.000316371 0.999998391 5.043837070
0.999997854 0.001286898 0.001623796 0.091565952 -0.001287697 0.999999046 0.000491371 -0.155883297 -0.001623162 -0.000493461 0.999998510 5.300113678
0.999995708 0.001943316 0.002190760 0.093288295 -0.001944704 0.999997914 0.000631863 -0.164055973 -0.002189527 -0.000636121 0.999997377 5.557669163
0.999997735 0.001310222 0.001666332 0.101211704 -0.001311532 0.999998748 0.000785419 -0.170709610 -0.001665301 -0.000787602 0.999998271 5.831374168
0.999997675 0.001038260 0.001876011 0.097084261 -0.001040161 0.999998868 0.001012757 -0.185792789 -0.001874957 -0.001014706 0.999997735 6.118190289
0.999995649 0.001908237 0.002254300 0.098193303 -0.001910088 0.999997795 0.000819402 -0.194168210 -0.002252732 -0.000823705 0.999997079 6.403325558
0.999997377 0.001375431 0.001796829 0.116658367 -0.001378431 0.999997556 0.001669062 -0.213097423 -0.001794529 -0.001671535 0.999996960 6.663361549
0.999997914 0.000747013 0.001872387 0.125347093 -0.000749406 0.999998808 0.001277997 -0.218612283 -0.001871431 -0.001279398 0.999997497 6.973237514
0.999997258 0.001115645 0.002027545 0.129891306 -0.001119441 0.999997616 0.001872108 -0.229662105 -0.002025452 -0.001874373 0.999996245 7.254876614
0.999997139 0.001009703 0.002135736 0.129450932 -0.001012154 0.999998748 0.001146769 -0.231227979 -0.002134575 -0.001148927 0.999997079 7.567393303
0.999996185 0.001326428 0.002408244 0.135242686 -0.001328935 0.999998569 0.001039522 -0.240519583 -0.002406861 -0.001042719 0.999996543 7.879871845
0.999996781 0.001460721 0.002033801 0.149920627 -0.001463435 0.999997973 0.001333382 -0.256045163 -0.002031849 -0.001336355 0.999997020 8.188969612
0.999996662 0.001300563 0.002230130 0.148041144 -0.001304330 0.999997735 0.001688858 -0.268147737 -0.002227928 -0.001691762 0.999996066 8.505315781
0.999995708 0.001011793 0.002758648 0.151270181 -0.001016898 0.999997795 0.001849957 -0.274461031 -0.002756770 -0.001852754 0.999994457 8.841710091
0.999996722 0.001015870 0.002378206 0.165219694 -0.001022350 0.999995768 0.002725050 -0.295722365 -0.002375428 -0.002727472 0.999993384 9.164895058
0.999995947 0.000893408 0.002721305 0.167289123 -0.000899713 0.999996960 0.002316630 -0.298120171 -0.002719227 -0.002319069 0.999993563 9.523397446
0.999994516 0.001107355 0.003108581 0.168840170 -0.001114405 0.999996781 0.002267036 -0.304616123 -0.003106061 -0.002270487 0.999992549 9.852214813
0.999994576 0.001125895 0.003080853 0.172326982 -0.001131564 0.999997616 0.001839063 -0.312621355 -0.003078774 -0.001842540 0.999993503 10.219362259
0.999994576 0.001314876 0.003049848 0.179091394 -0.001321999 0.999996424 0.002334927 -0.329818994 -0.003046768 -0.002338946 0.999992609 10.542389870
0.999993920 0.000955660 0.003338957 0.188718021 -0.000963614 0.999996722 0.002381364 -0.337524861 -0.003336670 -0.002384567 0.999991596 10.905736923
0.999990344 0.001521152 0.004107204 0.188466489 -0.001529297 0.999996901 0.001980788 -0.345648229 -0.004104178 -0.001987050 0.999989629 11.287190437
0.999989808 0.001578601 0.004223179 0.198185980 -0.001590549 0.999994814 0.002827245 -0.361637950 -0.004218694 -0.002833934 0.999987125 11.652667046
0.999992073 0.001130687 0.003812772 0.203983590 -0.001140778 0.999995828 0.002645557 -0.375474811 -0.003809765 -0.002649885 0.999989212 12.031572342
0.999993026 0.001330224 0.003462295 0.218258619 -0.001338298 0.999996364 0.002330553 -0.384523004 -0.003459182 -0.002335170 0.999991238 12.423843384
0.999990344 0.001473470 0.004143959 0.218757346 -0.001483543 0.999995947 0.002428774 -0.394212604 -0.004140364 -0.002434898 0.999988437 12.825716019
0.999991059 0.001352330 0.004005837 0.230703324 -0.001361474 0.999996483 0.002280880 -0.402348816 -0.004002738 -0.002286313 0.999989390 13.205650330
0.999989927 0.000934539 0.004393032 0.238180846 -0.000946583 0.999995828 0.002740243 -0.412213504 -0.004390453 -0.002744374 0.999986589 13.623019218
0.999985337 0.001366071 0.005229514 0.239967480 -0.001379101 0.999996006 0.002488913 -0.421861082 -0.005226094 -0.002496090 0.999983251 14.036566734
0.999989033 0.001344212 0.004486048 0.259617805 -0.001355693 0.999995828 0.002557134 -0.436472088 -0.004482592 -0.002563188 0.999986649 14.440669060
0.999987841 0.000743380 0.004884940 0.272263467 -0.000757395 0.999995649 0.002867757 -0.443776429 -0.004882787 -0.002871421 0.999983966 14.874801636
0.999983549 0.001476105 0.005549719 0.282858938 -0.001494624 0.999993384 0.003334345 -0.465088636 -0.005544760 -0.003342584 0.999979019 15.301190376
0.999984324 0.001417231 0.005401867 0.290112257 -0.001432213 0.999995112 0.002770690 -0.474057764 -0.005397915 -0.002778384 0.999981523 15.729319572
0.999983311 0.001210440 0.005631998 0.302977264 -0.001224813 0.999995947 0.002549154 -0.482513309 -0.005628889 -0.002556010 0.999980807 16.172197342
0.999980509 0.000391167 0.006225053 0.314212382 -0.000404991 0.999997437 0.002219481 -0.491609424 -0.006224169 -0.002221958 0.999978244 16.614542007
0.999979258 0.001371501 0.006292706 0.320087761 -0.001386763 0.999996126 0.002421778 -0.506648600 -0.006289362 -0.002430455 0.999977291 17.084877014
0.999974847 0.001702390 0.006882237 0.329382509 -0.001721796 0.999994576 0.002814714 -0.519872367 -0.006877408 -0.002826493 0.999972403 17.543796539
0.999969184 0.001750045 0.007656460 0.340463549 -0.001771146 0.999994695 0.002750131 -0.532983720 -0.007651607 -0.002763606 0.999966979 18.009641647
0.999971688 0.001194178 0.007417603 0.354804754 -0.001213573 0.999995768 0.002610861 -0.540921152 -0.007414454 -0.002619789 0.999969065 18.465183258
0.999972820 0.002112914 0.007065429 0.374551952 -0.002133978 0.999993265 0.002975055 -0.557808816 -0.007059095 -0.002990052 0.999970615 18.928850174
0.999969184 0.001327104 0.007732362 0.389417142 -0.001349307 0.999994993 0.002866935 -0.566840470 -0.007728518 -0.002877280 0.999965966 19.411802292
0.999968112 0.001193918 0.007892655 0.393547028 -0.001215247 0.999995589 0.002698209 -0.580654621 -0.007889399 -0.002707714 0.999965131 19.903200150
0.999972463 0.001523176 0.007262433 0.411151111 -0.001549785 0.999992192 0.003659708 -0.613692939 -0.007256802 -0.003670863 0.999966919 20.378227234
0.999975204 0.001564252 0.006859088 0.426765919 -0.001588739 0.999992371 0.003566009 -0.622713387 -0.006853457 -0.003576818 0.999970078 20.875404358
0.999974847 0.001788366 0.006872087 0.431981266 -0.001815896 0.999990284 0.004002095 -0.633520484 -0.006864865 -0.004014473 0.999968350 21.380962372
0.999977410 0.001057519 0.006631536 0.429605961 -0.001084648 0.999991179 0.004088556 -0.654663980 -0.006627153 -0.004095658 0.999969602 21.873821259
0.999981463 0.000958729 0.006007301 0.446110159 -0.000982882 0.999991477 0.004019042 -0.663097382 -0.006003395 -0.004024873 0.999973834 22.384098053
0.999980867 0.000790591 0.006130293 0.456795990 -0.000814364 0.999992192 0.003876365 -0.675056636 -0.006127181 -0.003881284 0.999973714 22.897487640
0.999983609 0.000804498 0.005667716 0.466514885 -0.000829575 0.999989927 0.004423493 -0.695672393 -0.005664100 -0.004428123 0.999974132 23.414270401
0.999989510 0.000531228 0.004552898 0.475144774 -0.000547220 0.999993622 0.003511924 -0.705548406 -0.004551002 -0.003514378 0.999983490 23.942745209
0.999990344 0.001245918 0.004244804 0.486489266 -0.001261817 0.999992192 0.003744850 -0.716816247 -0.004240105 -0.003750170 0.999984026 24.482822418
0.999990344 0.002011456 0.003910998 0.499538004 -0.002028333 0.999988675 0.004316096 -0.731971085 -0.003902272 -0.004323987 0.999983072 25.010925293
0.999993205 0.001435218 0.003392377 0.495336533 -0.001449239 0.999990344 0.004134453 -0.745307922 -0.003386411 -0.004139341 0.999985695 25.531684875
0.999991775 0.001882976 0.003580270 0.501302421 -0.001899889 0.999987006 0.004726305 -0.762810707 -0.003571324 -0.004733068 0.999982417 26.089305878
0.999992251 0.001898397 0.003431576 0.513845265 -0.001915707 0.999985456 0.005048164 -0.775888801 -0.003421943 -0.005054698 0.999981344 26.635149002
0.999998033 0.000766945 0.001842931 0.535757840 -0.000775653 0.999988496 0.004728799 -0.785891175 -0.001839282 -0.004730220 0.999987066 27.173505783
0.999997020 0.001275821 0.002083478 0.543854952 -0.001285648 0.999987900 0.004722222 -0.800998151 -0.002077428 -0.004724887 0.999986649 27.727291107
0.999996066 0.001636071 0.002265573 0.556214094 -0.001648125 0.999984384 0.005328708 -0.816897213 -0.002256819 -0.005332422 0.999983191 28.279470444
0.999995708 0.001798109 0.002331605 0.554373980 -0.001810975 0.999983132 0.005527542 -0.837105513 -0.002321627 -0.005531742 0.999982059 28.807819366
0.999998391 0.001393610 0.001124635 0.572844446 -0.001399674 0.999984324 0.005409077 -0.843434811 -0.001117079 -0.005410642 0.999984741 29.339965820
0.999997675 0.001608049 0.001458107 0.577715755 -0.001615222 0.999986529 0.004931287 -0.851850986 -0.001450157 -0.004933631 0.999986768 29.889123917
0.999998808 0.001066502 0.001185577 0.594872773 -0.001072516 0.999986529 0.005084282 -0.869191766 -0.001180139 -0.005085547 0.999986351 30.432645798
0.999997854 0.001888217 0.000789420 0.597487092 -0.001892578 0.999982655 0.005561668 -0.886134207 -0.000778904 -0.005563150 0.999984205 30.954431534
0.999998987 0.001348197 0.000405328 0.612254858 -0.001350431 0.999983549 0.005562733 -0.896153688 -0.000397821 -0.005563276 0.999984384 31.502204895
0.999998689 0.001504089 0.000620600 0.618382692 -0.001507326 0.999985039 0.005250130 -0.907623410 -0.000612694 -0.005251059 0.999985993 32.042808533
0.999997675 0.002049954 0.000679021 0.626391172 -0.002053920 0.999980509 0.005892575 -0.922709227 -0.000666928 -0.005893956 0.999982417 32.585403442
0.999997377 0.002108665 0.000934486 0.627095640 -0.002113528 0.999984026 0.005233614 -0.930069327 -0.000923435 -0.005235575 0.999985874 33.124477386
0.999998450 0.001762413 0.000215732 0.642500401 -0.001763629 0.999981761 0.005773068 -0.949577630 -0.000205554 -0.005773440 0.999983311 33.677818298
0.999999583 0.000950409 -0.000119204 0.657694042 -0.000949687 0.999981999 0.005915875 -0.965372264 0.000124824 -0.005915759 0.999982476 34.212936401
0.999997139 0.002282779 0.000865132 0.652769923 -0.002287546 0.999982059 0.005549490 -0.969516397 -0.000852449 -0.005551454 0.999984205 34.780384064
0.999998450 0.001719388 0.000189953 0.665396452 -0.001720453 0.999981940 0.005754889 -0.984848022 -0.000180054 -0.005755207 0.999983370 35.308773041
0.999998987 0.001411500 0.000209501 0.676844597 -0.001412671 0.999982715 0.005702724 -0.996612072 -0.000201448 -0.005703014 0.999983728 35.862899780
0.999998033 0.001960285 0.000231908 0.690439463 -0.001961464 0.999984562 0.005193697 -1.005198121 -0.000221723 -0.005194141 0.999986470 36.420833588
0.999998450 0.001747300 0.000079437 0.696632445 -0.001747717 0.999982774 0.005602975 -1.021786213 -0.000069645 -0.005603105 0.999984324 36.942768097
0.999996603 0.002545530 0.000531965 0.703379691 -0.002548299 0.999982834 0.005271120 -1.031255960 -0.000518538 -0.005272457 0.999985993 37.494544983
0.999997437 0.002166305 0.000563846 0.708794713 -0.002169493 0.999981344 0.005717188 -1.049765825 -0.000551450 -0.005718396 0.999983549 38.036624908
0.999997556 0.002170708 0.000378867 0.719711363 -0.002172949 0.999979615 0.006017442 -1.066786766 -0.000365797 -0.006018250 0.999981880 38.587013245
0.999998868 0.001462837 -0.000183066 0.726734877 -0.001461767 0.999982595 0.005719572 -1.074170589 0.000191430 -0.005719298 0.999983609 39.122154236
0.999998927 0.001435114 0.000197162 0.735462964 -0.001436202 0.999983132 0.005636831 -1.081147313 -0.000189070 -0.005637108 0.999984026 39.676776886
0.999998450 0.001739093 0.000086411 0.754063368 -0.001739588 0.999979854 0.006109672 -1.105625153 -0.000075784 -0.006109813 0.999981284 40.206676483
0.999997139 0.002336630 0.000512071 0.768324673 -0.002339538 0.999980807 0.005752523 -1.115550756 -0.000498619 -0.005753705 0.999983311 40.763076782
0.999997675 0.002147952 0.000118370 0.757570326 -0.002148493 0.999986231 0.004783380 -1.103441477 -0.000108094 -0.004783623 0.999988556 41.310375214
0.999996424 0.002652593 -0.000014408 0.774595320 -0.002652478 0.999982357 0.005325364 -1.124636769 0.000028534 -0.005325308 0.999985874 41.851955414
0.999996543 0.002632874 -0.000048813 0.785049498 -0.002632566 0.999981582 0.005486476 -1.135905623 0.000063257 -0.005486330 0.999984920 42.404029846
0.999996781 0.002506049 0.000294679 0.786027074 -0.002507713 0.999980092 0.005790905 -1.147210717 -0.000280161 -0.005791625 0.999983191 42.930812836
0.999997199 0.002363850 0.000201649 0.789165795 -0.002364981 0.999980330 0.005807952 -1.164497733 -0.000187916 -0.005808412 0.999983132 43.504974365
0.999997318 0.002311003 0.000257088 0.801982999 -0.002312670 0.999974906 0.006686796 -1.186458826 -0.000241628 -0.006687373 0.999977648 44.041969299
0.999997377 0.002285084 0.000203211 0.809755087 -0.002286411 0.999974251 0.006794513 -1.196496487 -0.000187680 -0.006794960 0.999976933 44.580928802
0.999996841 0.002476514 0.000355020 0.824582815 -0.002478894 0.999973357 0.006870162 -1.204741597 -0.000337996 -0.006871021 0.999976397 45.118560791
0.999998033 0.001973770 -0.000245399 0.842362881 -0.001972351 0.999981999 0.005651839 -1.209796309 0.000256550 -0.005651343 0.999984026 45.697357178
0.999999166 0.001055345 -0.000759275 0.858241916 -0.001051080 0.999983728 0.005595605 -1.224895239 0.000765168 -0.005594802 0.999984086 46.233062744
0.999998748 0.001566377 -0.000172701 0.862885356 -0.001565314 0.999980748 0.005992230 -1.237208724 0.000182084 -0.005991952 0.999982059 46.768085480
0.999998927 0.001428622 0.000313032 0.851482928 -0.001430326 0.999983788 0.005514288 -1.240687966 -0.000305150 -0.005514730 0.999984682 47.332321167
0.999998391 0.001805014 -0.000156229 0.865565240 -0.001804119 0.999983013 0.005546541 -1.253929853 0.000166237 -0.005546250 0.999984503 47.884067535
0.999998987 0.001384231 0.000091425 0.882560730 -0.001384686 0.999985635 0.005183347 -1.259080172 -0.000084249 -0.005183469 0.999986529 48.440578461
0.999997914 0.001783584 0.000937843 0.867317438 -0.001788936 0.999981940 0.005736477 -1.279014349 -0.000927594 -0.005738143 0.999983132 48.977146149
0.999998391 0.001406010 0.001103412 0.885215998 -0.001412251 0.999982953 0.005675457 -1.288264275 -0.001095413 -0.005677007 0.999983311 49.523143768
0.999997735 0.001730246 0.001269721 0.890013874 -0.001737290 0.999982953 0.005567319 -1.301837921 -0.001260067 -0.005569512 0.999983728 50.081768036
0.999997854 0.001740799 0.001096488 0.895256400 -0.001746458 0.999985039 0.005181489 -1.314475060 -0.001087452 -0.005183393 0.999985993 50.628120422
0.999997139 0.001752288 0.001620413 0.908748567 -0.001761115 0.999983609 0.005461611 -1.330493927 -0.001610816 -0.005464449 0.999983847 51.183975220
0.999998033 0.001763240 0.000925346 0.923111677 -0.001768243 0.999983668 0.005433782 -1.341116309 -0.000915750 -0.005435407 0.999984801 51.727535248
0.999998212 0.001472869 0.001270330 0.933135152 -0.001478699 0.999988377 0.004600139 -1.349498987 -0.001263540 -0.004602008 0.999988616 52.279869080
0.999997437 0.001709704 0.001575700 0.934626698 -0.001718193 0.999983907 0.005401669 -1.367847443 -0.001566439 -0.005404362 0.999984145 52.829235077
0.999998808 0.000811594 0.001359137 0.948646665 -0.000818560 0.999986470 0.005132129 -1.379820108 -0.001354953 -0.005133235 0.999985874 53.365493774
0.999997437 0.001852061 0.001311450 0.962887108 -0.001858798 0.999984920 0.005154788 -1.389709353 -0.001301883 -0.005157214 0.999985754 53.907283783
0.999997199 0.001533150 0.001816219 0.957701027 -0.001542444 0.999985695 0.005126776 -1.400528669 -0.001808333 -0.005129563 0.999985218 54.456123352
0.999996841 0.001872501 0.001677216 0.965023756 -0.001880876 0.999985695 0.005005633 -1.415017366 -0.001667819 -0.005008772 0.999986112 55.003925323
0.999994695 0.002336239 0.002258157 0.975121260 -0.002346902 0.999986053 0.004730921 -1.419863343 -0.002247073 -0.004736196 0.999986231 55.539920807
0.999998808 0.000976507 0.001169581 1.002624631 -0.000981463 0.999990523 0.004244558 -1.421443462 -0.001165425 -0.004245700 0.999990284 56.095657349
0.999995828 0.001734713 0.002316917 0.994417489 -0.001746091 0.999986410 0.004917916 -1.452430129 -0.002308354 -0.004921941 0.999985218 56.650310516
0.999995053 0.001767628 0.002590047 1.006774306 -0.001780186 0.999986589 0.004854514 -1.462300539 -0.002581431 -0.004859100 0.999984920 57.198745728
0.999996185 0.001196652 0.002528996 1.011854410 -0.001208207 0.999988794 0.004572362 -1.478714228 -0.002523496 -0.004575399 0.999986291 57.748439789
0.999996662 0.001363978 0.002205212 1.042561769 -0.001373650 0.999989450 0.004390528 -1.486731648 -0.002199200 -0.004393542 0.999987960 58.263729095
0.999994218 0.002329323 0.002472461 1.035536647 -0.002339702 0.999988437 0.004203530 -1.490445495 -0.002462641 -0.004209290 0.999988079 58.827262878
0.999993026 0.002259662 0.002971449 1.048618793 -0.002272485 0.999988139 0.004319205 -1.506606817 -0.002961654 -0.004325927 0.999986231 59.368541718
0.999995232 0.002265227 0.002115224 1.071385384 -0.002273979 0.999988854 0.004144274 -1.516483545 -0.002105813 -0.004149064 0.999989092 59.920764923
0.999992430 0.002834197 0.002670312 1.067119837 -0.002847698 0.999983132 0.005065417 -1.540002346 -0.002655911 -0.005072983 0.999983549 60.446289062
0.999994516 0.002363143 0.002326229 1.069264293 -0.002371496 0.999990702 0.003594752 -1.525388479 -0.002317712 -0.003600249 0.999990821 60.990238190
0.999994338 0.002349312 0.002399702 1.089549541 -0.002357458 0.999991477 0.003397253 -1.541597605 -0.002391700 -0.003402891 0.999991357 61.526191711
0.999995410 0.002286449 0.002029049 1.109809637 -0.002293276 0.999991715 0.003368550 -1.557023883 -0.002021330 -0.003373187 0.999992192 62.071765900
0.999993801 0.002898018 0.002001104 1.123209476 -0.002906091 0.999987602 0.004043304 -1.578647137 -0.001989361 -0.004049095 0.999989808 62.612335205
0.999991238 0.003291777 0.002563961 1.129613996 -0.003301794 0.999986827 0.003912791 -1.582276940 -0.002551047 -0.003921222 0.999989033 63.179595947
0.999992967 0.003162443 0.002022366 1.147319078 -0.003169833 0.999988258 0.003661152 -1.597231507 -0.002010765 -0.003667537 0.999991238 63.726238251
0.999987900 0.003778426 0.003140588 1.142047763 -0.003789827 0.999986231 0.003632290 -1.607155919 -0.003126820 -0.003644148 0.999988437 64.278038025
0.999989986 0.003949342 0.002149675 1.177315712 -0.003956931 0.999985933 0.003537652 -1.612608910 -0.002135673 -0.003546122 0.999991357 64.809883118
0.999989867 0.003557812 0.002764982 1.171595216 -0.003566470 0.999988735 0.003132856 -1.626416922 -0.002753805 -0.003142685 0.999991298 65.356010437
0.999989867 0.003493368 0.002853466 1.181870222 -0.003501469 0.999989867 0.002838894 -1.633962870 -0.002843520 -0.002848856 0.999991894 65.904785156
0.999991953 0.003233466 0.002353795 1.198659062 -0.003239337 0.999991715 0.002494887 -1.643520236 -0.002345708 -0.002502492 0.999994159 66.459571838
0.999989867 0.003630871 0.002661817 1.212143183 -0.003639257 0.999988437 0.003152117 -1.666828871 -0.002650341 -0.003161772 0.999991477 67.003585815
0.999991357 0.003510115 0.002236838 1.231190801 -0.003517181 0.999988794 0.003162248 -1.681526780 -0.002225712 -0.003170089 0.999992490 67.536872864
0.999991298 0.003463989 0.002329384 1.249778867 -0.003471398 0.999988914 0.003184542 -1.699782968 -0.002318326 -0.003192601 0.999992192 68.065536499
0.999987245 0.004311299 0.002638869 1.256831408 -0.004320375 0.999984741 0.003443426 -1.719544768 -0.002623983 -0.003454784 0.999990582 68.612289429
0.999990106 0.004023260 0.001921038 1.271303415 -0.004030955 0.999983847 0.004018259 -1.736168742 -0.001904840 -0.004025964 0.999989986 69.161567688
0.999986291 0.004361858 0.002906358 1.265365243 -0.004370672 0.999985874 0.003033221 -1.739822865 -0.002893086 -0.003045882 0.999991179 69.685157776
0.999986351 0.004513600 0.002640453 1.280630589 -0.004521903 0.999984860 0.003147050 -1.752021432 -0.002626209 -0.003158947 0.999991536 70.233169556
0.999988973 0.003807381 0.002770680 1.292407751 -0.003814299 0.999989629 0.002495788 -1.752984285 -0.002761148 -0.002506328 0.999993086 70.782928467
0.999987543 0.004146741 0.002782464 1.306542873 -0.004154670 0.999987245 0.002849784 -1.776178360 -0.002770612 -0.002861308 0.999992073 71.330810547
0.999989390 0.003977359 0.002354444 1.325253725 -0.003984213 0.999987841 0.002914052 -1.795552492 -0.002342824 -0.002923401 0.999993026 71.875381470
0.999987781 0.004247949 0.002545345 1.335095167 -0.004255616 0.999986410 0.003014597 -1.811793566 -0.002532506 -0.003025392 0.999992192 72.438964844
0.999986351 0.004102812 0.003233898 1.331517339 -0.004112854 0.999986649 0.003104731 -1.824527383 -0.003221117 -0.003117990 0.999989867 72.944793701
0.999987006 0.004081060 0.003059065 1.343483686 -0.004090060 0.999987364 0.002941601 -1.836926222 -0.003047021 -0.002954075 0.999990940 73.485450745
0.999985218 0.004224611 0.003444158 1.348620415 -0.004236936 0.999984503 0.003579147 -1.859074593 -0.003428984 -0.003593686 0.999987662 74.013839722
0.999987006 0.004095481 0.003027942 1.366506100 -0.004106350 0.999985099 0.003591692 -1.867684841 -0.003013189 -0.003604079 0.999988973 74.562652588
0.999990225 0.003403097 0.002836174 1.380745888 -0.003413694 0.999987185 0.003739528 -1.882198334 -0.002823412 -0.003749173 0.999989033 75.104423523
0.999990344 0.003273923 0.002904754 1.397675276 -0.003284964 0.999987364 0.003804286 -1.898639202 -0.002892262 -0.003813792 0.999988496 75.642646790
0.999989748 0.003556923 0.002811783 1.409794211 -0.003566064 0.999988377 0.003252548 -1.906043649 -0.002800181 -0.003262541 0.999990761 76.199249268
0.999988675 0.003544942 0.003169339 1.421727896 -0.003555323 0.999988377 0.003275950 -1.921478868 -0.003157688 -0.003287181 0.999989569 76.738632202
0.999991834 0.002971724 0.002763588 1.435660601 -0.002979399 0.999991715 0.002776942 -1.930193901 -0.002755314 -0.002785153 0.999992311 77.293045044
0.999991834 0.003107745 0.002583763 1.439250708 -0.003115686 0.999990404 0.003075072 -1.948347330 -0.002574181 -0.003083097 0.999991953 77.821990967
0.999990642 0.003391434 0.002680048 1.454174280 -0.003399282 0.999989927 0.002929053 -1.961535692 -0.002670087 -0.002938136 0.999992132 78.373039246
0.999986827 0.003945002 0.003269465 1.457454920 -0.003956547 0.999985874 0.003532349 -1.974027634 -0.003255481 -0.003545239 0.999988496 78.906867981
0.999992192 0.002650463 0.002939183 1.476402283 -0.002658803 0.999992430 0.002837033 -1.991588712 -0.002931642 -0.002844826 0.999991596 79.478698730
0.999991238 0.002952746 0.002996306 1.490395069 -0.002961138 0.999991715 0.002799992 -2.004714012 -0.002988015 -0.002808840 0.999991596 80.030616760
0.999989331 0.002698296 0.003749745 1.508903980 -0.002708505 0.999992609 0.002720293 -2.015961647 -0.003742376 -0.002730420 0.999989331 80.573669434
0.999984682 0.003202544 0.004510559 1.529902339 -0.003213957 0.999991655 0.002525374 -2.026564837 -0.004502434 -0.002539832 0.999986649 81.108627319
0.999977231 0.003369360 0.005847082 1.540968180 -0.003384382 0.999990940 0.002561121 -2.040523052 -0.005838402 -0.002580851 0.999979615 81.660240173
0.999967813 0.002979852 0.007446597 1.553366184 -0.003000011 0.999991775 0.002697491 -2.054207563 -0.007438499 -0.002719744 0.999968648 82.191062927
0.999935687 0.003403648 0.010816230 1.572315216 -0.003431967 0.999990702 0.002600679 -2.066787243 -0.010807279 -0.002637633 0.999938130 82.748367310
0.999893963 0.003161710 0.014214559 1.595402479 -0.003199680 0.999991298 0.002649254 -2.084944963 -0.014206060 -0.002694455 0.999895394 83.279518127
0.999846518 0.003476927 0.017170075 1.623639941 -0.003529532 0.999989152 0.003034410 -2.103983402 -0.017159337 -0.003094546 0.999847949 83.822937012
0.999751329 0.003143293 0.022075588 1.641872883 -0.003205129 0.999991059 0.002766283 -2.112667084 -0.022066694 -0.002836351 0.999752402 84.379745483
0.999603152 0.003262477 0.027983207 1.672355771 -0.003333981 0.999991298 0.002508976 -2.123731136 -0.027974781 -0.002601275 0.999605179 84.926856995
0.999451041 0.003641932 0.032929711 1.716678977 -0.003755399 0.999987185 0.003384563 -2.146966696 -0.032916963 -0.003506369 0.999451876 85.462394714
0.999234200 0.003366827 0.038981117 1.747475505 -0.003471249 0.999990582 0.002611391 -2.155915499 -0.038971953 -0.002744704 0.999236524 86.016960144
0.998899937 0.003683020 0.046745319 1.786520481 -0.003824310 0.999988496 0.002933480 -2.173035145 -0.046733975 -0.003109023 0.998902440 86.573539734
0.998506844 0.002419473 0.054573618 1.853098869 -0.002574078 0.999992907 0.002762842 -2.183951616 -0.054566540 -0.002899193 0.998505950 87.129272461
0.998030424 0.003484844 0.062634453 1.873798847 -0.003672015 0.999989092 0.002873443 -2.201657057 -0.062623762 -0.003097778 0.998032391 87.660316467
0.997466028 0.002460698 0.071101338 1.939809322 -0.002651992 0.999993086 0.002596170 -2.213568449 -0.071094468 -0.002778152 0.997465670 88.203735352
0.996635795 0.003147146 0.081897564 1.990489006 -0.003343868 0.999991834 0.002265010 -2.221914530 -0.081889771 -0.002531245 0.996638119 88.758514404
0.995909512 0.002802264 0.090312295 2.057553768 -0.003014633 0.999993086 0.002215177 -2.234776735 -0.090305455 -0.002478375 0.995911002 89.314506531
0.995215952 0.002391035 0.097669840 2.135980129 -0.002605173 0.999994457 0.002064995 -2.250588655 -0.097664371 -0.002309563 0.995216727 89.868232727
0.994015932 0.002059800 0.109215349 2.209111214 -0.002330174 0.999994516 0.002348036 -2.262151003 -0.109209925 -0.002588476 0.994015336 90.407745361
0.992776453 0.002713024 0.119948387 2.290345192 -0.003019982 0.999992669 0.002377375 -2.278000116 -0.119941056 -0.002722443 0.992777288 90.945198059
0.991681337 0.001987412 0.128701910 2.387993813 -0.002288000 0.999994993 0.002187725 -2.285623789 -0.128696933 -0.002463995 0.991680980 91.471488953
0.990116417 0.001987247 0.140233561 2.468263626 -0.002391826 0.999993443 0.002716560 -2.303381681 -0.140227243 -0.003025126 0.990114689 92.063613892
0.988378644 0.001627945 0.152003139 2.573031425 -0.002007964 0.999995291 0.002346610 -2.317299366 -0.151998580 -0.002624556 0.988377213 92.596961975
0.986779809 0.000959280 0.162063837 2.693121910 -0.001443066 0.999994874 0.002867469 -2.338909149 -0.162060231 -0.003063429 0.986776054 93.107223511
0.984839499 0.000774728 0.173465818 2.793869019 -0.001189763 0.999996781 0.002288640 -2.345898390 -0.173463494 -0.002460327 0.984837234 93.686592102
0.982507288 0.000645629 0.186222628 2.918693542 -0.001039220 0.999997497 0.002015946 -2.356706619 -0.186220869 -0.002174209 0.982505500 94.222152710
0.980084896 0.001297161 0.198574498 3.047876358 -0.001807720 0.999995470 0.002389853 -2.374750614 -0.198570505 -0.002701226 0.980082929 94.743766785
0.977827132 0.000041458 0.209414274 3.171676636 -0.000531555 0.999997258 0.002284044 -2.386902809 -0.209413633 -0.002344715 0.977824330 95.300575256
0.974970460 0.000436235 0.222334132 3.318107605 -0.001079892 0.999995589 0.002773436 -2.404829025 -0.222331941 -0.002944115 0.974966586 95.837837219
0.971921325 0.000237458 0.235305965 3.470626831 -0.000817235 0.999996841 0.002366415 -2.415220737 -0.235304683 -0.002492269 0.971918464 96.361228943
0.969294965 -0.000876033 0.245899558 3.626615524 0.000195810 0.999996066 0.002790699 -2.434234619 -0.245901048 -0.002656861 0.969291270 96.868370056
0.965765834 -0.000763639 0.259414166 3.761524200 0.000132459 0.999996960 0.002450569 -2.441647053 -0.259415269 -0.002332314 0.965763032 97.443916321
0.961959720 -0.000478728 0.273190856 3.935140610 -0.000289803 0.999996126 0.002772806 -2.463436365 -0.273191154 -0.002746499 0.961955845 97.970840454
0.958471537 -0.001218973 0.285185486 4.109380722 0.000528365 0.999996722 0.002498535 -2.471093178 -0.285187632 -0.002244093 0.958469093 98.490867615
0.955085397 -0.001673307 0.296325684 4.275907516 0.000791595 0.999994874 0.003095439 -2.496281147 -0.296329379 -0.002721839 0.955081880 99.001800537
0.950376511 -0.002095967 0.311095089 4.456249237 0.001268634 0.999995112 0.002861755 -2.510641813 -0.311099529 -0.002325079 0.950374603 99.557312012
0.945770681 -0.002419136 0.324826062 4.653598785 0.001680036 0.999995291 0.002555817 -2.519267559 -0.324830711 -0.001871497 0.945770323 100.068672180
0.941994190 -0.003626039 0.335609734 4.863414764 0.002649452 0.999990880 0.003367716 -2.541584015 -0.335618913 -0.002283187 0.941995084 100.554687500
0.937095523 -0.002448798 0.349064350 5.073690414 0.001575388 0.999994993 0.002786011 -2.551764488 -0.349069357 -0.002060847 0.937094629 101.109580994
0.931712449 -0.002629307 0.363187313 5.295343399 0.001646701 0.999994099 0.003015083 -2.567728758 -0.363193125 -0.002211130 0.931711257 101.612220764
0.926589072 -0.003079912 0.376062810 5.512947083 0.001863601 0.999991834 0.003598056 -2.582224846 -0.376070827 -0.002633088 0.926587164 102.112045288
0.921733677 -0.003456581 0.387808144 5.725479126 0.002296025 0.999991298 0.003455904 -2.598558426 -0.387816727 -0.002295006 0.921733677 102.592491150
0.916171074 -0.004307925 0.400764316 5.993495941 0.003267597 0.999989271 0.003279237 -2.608812332 -0.400774151 -0.001694806 0.916175306 103.110130310
0.910319984 -0.005314076 0.413871258 6.241744995 0.004313380 0.999985099 0.003352347 -2.621100903 -0.413882911 -0.001266525 0.910329223 103.595062256
0.905329347 -0.006216336 0.424664646 6.491249084 0.005338198 0.999980390 0.003257597 -2.635149240 -0.424676627 -0.000682254 0.905344844 104.075523376
0.898536980 -0.005306694 0.438865811 6.752864838 0.004267684 0.999985218 0.003353973 -2.639431953 -0.438877076 -0.001140728 0.898546338 104.621826172
0.891950727 -0.005697349 0.452096641 7.027019501 0.004652079 0.999983251 0.003423668 -2.654144287 -0.452108592 -0.000950553 0.891962290 105.100433350
0.885822475 -0.006362829 0.463980496 7.313247681 0.005661882 0.999979675 0.002903735 -2.658746243 -0.463989526 0.000054809 0.885840595 105.611099243
0.879896522 -0.006582858 0.475119978 7.584064484 0.005658636 0.999978364 0.003375362 -2.670551777 -0.475131869 -0.000281438 0.879914582 106.089675903
0.872418821 -0.007145378 0.488706857 7.842990875 0.006242800 0.999974430 0.003476236 -2.689020634 -0.488719195 0.000018166 0.872441113 106.551620483
0.865346014 -0.007885178 0.501112878 8.148262024 0.006698857 0.999968886 0.004166933 -2.715278149 -0.501130164 -0.000248956 0.865371883 107.003608704
0.859453797 -0.008278943 0.511146367 8.446426392 0.007079739 0.999965787 0.004292216 -2.729467392 -0.511164427 -0.000070178 0.859483004 107.465034485
0.852479041 -0.008276145 0.522695899 8.747207642 0.006253777 0.999964595 0.005633560 -2.751109600 -0.522724092 -0.001533668 0.852500558 107.907630920
