1.000000000 0.000000000 0.000000000 0.000000000 0.000000000 1.000000000 0.000000000 0.000000000 0.000000000 0.000000000 1.000000000 0.000000000
1.000000000 0.000046222 0.000016567 0.000195074 -0.000046221 1.000000000 -0.000030813 0.000658217 -0.000016568 0.000030813 1.000000000 0.000299138
1.000000000 0.000051209 0.000032377 -0.000074920 -0.000051210 1.000000000 0.000042511 -0.000007656 -0.000032375 -0.000042513 1.000000000 0.000151495
1.000000000 -0.000156017 0.000048749 0.000016247 0.000156017 1.000000000 -0.000009419 0.000569509 -0.000048747 0.000009427 1.000000000 0.000388932
1.000000000 -0.000116453 0.000028915 -0.000056970 0.000116452 1.000000000 0.000035495 0.000070526 -0.000028919 -0.000035492 1.000000000 -0.000236945
1.000000000 -0.000017528 0.000125554 -0.000559563 0.000017528 1.000000000 -0.000003653 0.000671936 -0.000125554 0.000003655 1.000000000 0.000014281
1.000000000 -0.000156867 0.000052901 0.000332650 0.000156868 1.000000000 -0.000005855 0.000238438 -0.000052900 0.000005863 1.000000000 -0.000130519
1.000000000 -0.000028435 0.000060370 -0.000117464 0.000028429 1.000000000 0.000093854 -0.000451739 -0.000060373 -0.000093852 1.000000000 -0.000061347
1.000000000 -0.000067576 -0.000031970 -0.000199468 0.000067574 1.000000000 -0.000061656 -0.000372017 0.000031974 0.000061654 1.000000000 -0.001129724
1.000000000 -0.000134445 0.000044670 -0.000194263 0.000134442 1.000000000 0.000070028 -0.001464957 -0.000044680 -0.000070022 1.000000000 -0.001031297
1.000000000 0.000024760 0.000051034 -0.000761262 -0.000024765 1.000000000 0.000085755 -0.001243893 -0.000051032 -0.000085756 1.000000000 -0.000650010
1.000000000 -0.000099659 0.000049279 -0.000466246 0.000099656 1.000000000 0.000053607 -0.000727239 -0.000049284 -0.000053602 1.000000000 -0.001342168
1.000000000 -0.000021697 -0.000036553 -0.000231614 0.000021695 1.000000000 -0.000039683 -0.000506540 0.000036554 0.000039682 1.000000000 -0.001099983
1.000000000 -0.000038218 0.000040007 -0.000737356 0.000038219 1.000000000 -0.000009119 0.000573330 -0.000040007 0.000009121 1.000000000 0.001233753
1.000000000 0.000046905 0.000076553 -0.000417015 -0.000046898 1.000000000 -0.000090570 0.001171043 -0.000076557 0.000090567 1.000000000 0.000830430
1.000000000 -0.000079963 -0.000055753 0.000946021 0.000079959 1.000000000 -0.000076531 0.001283146 0.000055759 0.000076527 1.000000000 0.001707629
1.000000000 0.000017349 0.000082927 -0.000836690 -0.000017337 1.000000000 -0.000151399 0.002302580 -0.000082929 0.000151397 1.000000000 0.003191538
1.000000000 0.000129227 0.000086742 -0.001581306 -0.000129215 1.000000000 -0.000144201 0.001402261 -0.000086760 0.000144190 1.000000000 0.001755231
1.000000000 0.000103324 0.000142755 -0.001652023 -0.000103312 1.000000000 -0.000080740 0.001865929 -0.000142763 0.000080725 1.000000000 0.002852886
1.000000000 0.000008034 0.000112234 -0.000823938 -0.000008026 1.000000000 -0.000074227 0.000843213 -0.000112234 0.000074226 1.000000000 0.001734253
1.000000000 0.000045145 0.000129982 -0.001557606 -0.000045135 1.000000000 -0.000077377 0.000867705 -0.000129986 0.000077371 1.000000000 0.001757956
1.000000000 0.000139744 0.000066706 -0.001153247 -0.000139739 1.000000000 -0.000068623 0.001447883 -0.000066715 0.000068614 1.000000000 0.001325203
1.000000000 0.000084419 -0.000007860 -0.000349594 -0.000084420 1.000000000 -0.000098068 0.001912297 0.000007852 0.000098069 1.000000000 0.002928524
1.000000000 0.000027725 0.000034858 -0.000864497 -0.000027723 1.000000000 -0.000073444 0.002043934 -0.000034860 0.000073443 1.000000000 0.002887008
0.999999940 0.000329784 0.000038352 -0.000698047 -0.000329782 0.999999940 -0.000039601 0.002011793 -0.000038365 0.000039588 1.000000000 0.003237548
0.999999940 0.000268931 0.000099229 -0.001322994 -0.000268928 0.999999940 -0.000034362 0.001355452 -0.000099238 0.000034335 1.000000000 0.001875623
1.000000000 0.000081427 0.000142351 -0.001411977 -0.000081422 1.000000000 -0.000039308 0.002577945 -0.000142354 0.000039297 1.000000000 0.003563770
1.000000000 0.000136280 0.000158650 -0.001565338 -0.000136278 1.000000000 -0.000012583 0.001619398 -0.000158651 0.000012562 1.000000000 0.002618060
1.000000000 0.000098295 0.000075085 -0.001123310 -0.000098287 1.000000000 -0.000112956 0.002893542 -0.000075097 0.000112949 1.000000000 0.002957291
1.000000000 0.000064821 0.000114601 -0.001480472 -0.000064811 1.000000000 -0.000082905 0.001628859 -0.000114607 0.000082898 1.000000000 0.002462392
1.000000000 0.000059568 0.000159445 -0.001736865 -0.000059565 1.000000000 -0.000018771 0.001384660 -0.000159446 0.000018762 1.000000000 0.003034672
1.000000000 0.000088151 0.000144184 -0.000699238 -0.000088140 1.000000000 -0.000075391 0.002769903 -0.000144190 0.000075378 1.000000000 0.004295072
1.000000000 0.000118178 0.000051379 -0.000126702 -0.000118168 1.000000000 -0.000203768 0.003792986 -0.000051403 0.000203762 1.000000000 0.004471448
1.000000000 0.000127645 0.000167603 -0.001394185 -0.000127631 1.000000000 -0.000080585 0.001923642 -0.000167613 0.000080564 1.000000000 0.002872961
0.999999940 0.000186503 0.000167791 -0.002437466 -0.000186476 0.999999940 -0.000159573 0.002558304 -0.000167821 0.000159542 1.000000000 0.003004260
0.999999940 0.000167614 0.000183455 -0.001619821 -0.000167592 1.000000000 -0.000117773 0.002006924 -0.000183475 0.000117742 1.000000000 0.002899747
1.000000000 0.000118679 0.000093077 -0.001225972 -0.000118672 1.000000000 -0.000073727 0.002230132 -0.000093086 0.000073716 1.000000000 0.002525182
1.000000000 0.000168701 0.000118847 -0.001635726 -0.000168693 1.000000000 -0.000069180 0.003028360 -0.000118859 0.000069160 1.000000000 0.003753496
0.999999940 0.000243663 0.000192984 -0.001857691 -0.000243649 0.999999940 -0.000072868 0.002859303 -0.000193001 0.000072821 1.000000000 0.003188880
1.000000000 0.000176216 0.000086062 -0.000332562 -0.000176209 1.000000000 -0.000089149 0.003291173 -0.000086078 0.000089133 1.000000000 0.003843057
1.000000000 0.000076312 0.000120454 -0.000850157 -0.000076296 1.000000000 -0.000128390 0.002378123 -0.000120463 0.000128380 1.000000000 0.004652699
0.999999821 0.000437567 0.000146161 -0.000336054 -0.000437481 0.999999642 -0.000588587 -0.001422215 -0.000146418 0.000588523 0.999999821 0.053467285
0.999999881 0.000325718 0.000143112 0.001999686 -0.000325542 0.999999166 -0.001226145 -0.002210422 -0.000143511 0.001226098 0.999999225 0.143654957
0.999999702 0.000601897 0.000427674 0.000208566 -0.000601615 0.999999583 -0.000659455 -0.016000237 -0.000428070 0.000659198 0.999999642 0.241707921
0.999999702 0.000613788 0.000489117 0.003130191 -0.000613482 0.999999583 -0.000625224 -0.018544605 -0.000489501 0.000624923 0.999999702 0.374315470
0.999999702 0.000567322 0.000406127 0.005099129 -0.000567188 0.999999821 -0.000330501 -0.022815719 -0.000406314 0.000330271 0.999999881 0.516648412
0.999999762 0.000374187 0.000441376 0.010622697 -0.000374241 0.999999940 0.000122071 -0.029899994 -0.000441330 -0.000122236 0.999999881 0.668126166
0.999999881 0.000125947 0.000375920 0.017698161 -0.000126067 1.000000000 0.000318781 -0.033118892 -0.000375880 -0.000318828 0.999999821 0.830122471
0.999999821 0.000313404 0.000550133 0.013699755 -0.000313525 0.999999940 0.000219138 -0.036645997 -0.000550064 -0.000219311 0.999999821 1.010797381
0.999999702 0.000500943 0.000530787 0.017492261 -0.000501129 0.999999881 0.000349881 -0.041596983 -0.000530612 -0.000350146 0.999999821 1.185787678
0.999999464 0.000707668 0.000738652 0.020617779 -0.000708095 0.999999583 0.000578646 -0.048185408 -0.000738242 -0.000579168 0.999999583 1.369227648
0.999999464 0.000889863 0.000541941 0.025285229 -0.000890106 0.999999523 0.000447986 -0.050031301 -0.000541543 -0.000448468 0.999999821 1.563391566
0.999999940 0.000173930 0.000350021 0.031462446 -0.000174185 0.999999642 0.000729023 -0.057194520 -0.000349894 -0.000729084 0.999999642 1.769290209
0.999999225 0.000897138 0.000880380 0.028674698 -0.000898179 0.999998868 0.001183229 -0.067873634 -0.000879317 -0.001184019 0.999998868 1.961448669
0.999999702 0.000401852 0.000591904 0.038975082 -0.000402684 0.999998927 0.001405423 -0.076602548 -0.000591338 -0.001405661 0.999998748 2.176584005
0.999999762 0.000331880 0.000647604 0.039794911 -0.000332810 0.999998868 0.001436456 -0.079995684 -0.000647127 -0.001436671 0.999998748 2.398307800
0.999999464 0.000689531 0.000798939 0.044123925 -0.000690525 0.999998987 0.001245066 -0.084233418 -0.000798079 -0.001245617 0.999998927 2.623628616
0.999999344 0.000642742 0.000948728 0.048885252 -0.000643990 0.999998927 0.001315802 -0.092233755 -0.000947881 -0.001316412 0.999998689 2.849406242
0.999999344 0.000586041 0.000932410 0.053795580 -0.000587339 0.999998868 0.001392412 -0.096486725 -0.000931593 -0.001392959 0.999998629 3.087176085
0.999999166 0.001014642 0.000807472 0.059367765 -0.001015747 0.999998569 0.001369244 -0.106650740 -0.000806081 -0.001370063 0.999998748 3.328026056
0.999999523 0.000464351 0.000828387 0.067185804 -0.000465531 0.999998868 0.001424700 -0.113961495 -0.000827725 -0.001425085 0.999998629 3.573272228
0.999999285 0.000737565 0.000889293 0.073983930 -0.000738660 0.999998987 0.001231894 -0.119919524 -0.000888383 -0.001232550 0.999998808 3.843114376
0.999998987 0.000924216 0.001077456 0.071701124 -0.000925799 0.999998510 0.001469685 -0.125667751 -0.001076096 -0.001470681 0.999998331 4.093024731
0.999998510 0.001148578 0.001235995 0.075948082 -0.001150204 0.999998450 0.001315739 -0.127749413 -0.001234482 -0.001317158 0.999998391 4.353686810
0.999998093 0.000979243 0.001666080 0.076896913 -0.000981327 0.999998689 0.001250196 -0.133760005 -0.001664854 -0.001251829 0.999997914 4.613471985
0.999998391 0.001219251 0.001293602 0.085218608 -0.001221210 0.999998212 0.001514637 -0.143331409 -0.001291753 -0.001516214 0.999998033 4.866786003
0.999998331 0.001513848 0.001017552 0.094322823 -0.001515446 0.999997675 0.001571861 -0.150417745 -0.001015170 -0.001573400 0.999998271 5.128574371
0.999996960 0.001632154 0.001852244 0.089823127 -0.001634737 0.999997675 0.001393509 -0.158494979 -0.001849965 -0.001396533 0.999997318 5.383632183
0.999997020 0.001634782 0.001806892 0.094569877 -0.001637708 0.999997377 0.001619448 -0.167718917 -0.001804240 -0.001622402 0.999997020 5.647801876
0.999997675 0.001457523 0.001534585 0.097450241 -0.001460040 0.999997616 0.001639992 -0.173347726 -0.001532191 -0.001642228 0.999997497 5.922717094
0.999997497 0.001486569 0.001677677 0.104071148 -0.001489094 0.999997735 0.001504655 -0.182585582 -0.001675436 -0.001507149 0.999997377 6.205070019
0.999997079 0.001679328 0.001733254 0.111840948 -0.001681881 0.999997497 0.001473060 -0.185948372 -0.001730776 -0.001475971 0.999997377 6.499674797
0.999996603 0.002005052 0.001620987 0.102959387 -0.002007377 0.999996960 0.001433429 -0.188053578 -0.001618108 -0.001436678 0.999997616 6.790059090
0.999995768 0.002421564 0.001597444 0.108593240 -0.002423756 0.999996066 0.001371704 -0.199148297 -0.001594116 -0.001375570 0.999997795 7.079233170
0.999997079 0.001994828 0.001291879 0.117126308 -0.001996725 0.999996901 0.001468698 -0.209151134 -0.001288945 -0.001471273 0.999998093 7.378070831
0.999996543 0.001911744 0.001815466 0.118657365 -0.001914595 0.999996960 0.001570262 -0.222689450 -0.001812459 -0.001573732 0.999997139 7.685462952
0.999996662 0.001755202 0.001909898 0.128968015 -0.001757666 0.999997616 0.001289037 -0.226632461 -0.001907631 -0.001292390 0.999997377 8.003829002
0.999994218 0.002460719 0.002318510 0.125696018 -0.002465391 0.999994934 0.002014461 -0.244377866 -0.002313541 -0.002020166 0.999995291 8.309801102
0.999995828 0.001965992 0.002078517 0.135471925 -0.001970124 0.999996066 0.001987930 -0.251871139 -0.002074601 -0.001992017 0.999995887 8.637716293
0.999994218 0.002512566 0.002263253 0.142991424 -0.002516002 0.999995649 0.001516473 -0.253919572 -0.002259432 -0.001522159 0.999996305 8.974869728
0.999995470 0.002453768 0.001719856 0.154079184 -0.002456396 0.999995768 0.001527477 -0.265141547 -0.001716100 -0.001531695 0.999997377 9.316819191
0.999992132 0.002993994 0.002606116 0.153384224 -0.002999114 0.999993563 0.001962990 -0.283851415 -0.002600221 -0.001970791 0.999994695 9.642713547
0.999991298 0.003236242 0.002626041 0.157538831 -0.003242221 0.999992192 0.002275875 -0.295171529 -0.002618655 -0.002284370 0.999993980 9.995166779
0.999993086 0.002852398 0.002433944 0.168529764 -0.002857023 0.999994099 0.001899003 -0.302157491 -0.002428513 -0.001905943 0.999995232 10.360768318
0.999991715 0.003078636 0.002662109 0.175087571 -0.003084991 0.999992371 0.002386195 -0.313148826 -0.002654743 -0.002394388 0.999993563 10.720288277
0.999992013 0.002922696 0.002726311 0.180633292 -0.002928894 0.999993145 0.002272256 -0.320695162 -0.002719651 -0.002280222 0.999993742 11.086792946
0.999993443 0.002479769 0.002622293 0.190336898 -0.002486412 0.999993622 0.002533194 -0.334160656 -0.002615995 -0.002539697 0.999993324 11.464270592
0.999989748 0.003437007 0.002936317 0.193840623 -0.003444081 0.999991179 0.002407447 -0.337860763 -0.002928017 -0.002417536 0.999992728 11.840219498
0.999991298 0.002948608 0.002954316 0.202281326 -0.002955886 0.999992549 0.002462222 -0.350092053 -0.002947034 -0.002470932 0.999992609 12.219340324
0.999990344 0.002808779 0.003373964 0.213919729 -0.002818464 0.999991953 0.002869265 -0.364989787 -0.003365877 -0.002878746 0.999990165 12.606620789
0.999989927 0.003375077 0.002953855 0.224274635 -0.003383210 0.999990582 0.002752981 -0.373474687 -0.002944535 -0.002762947 0.999991834 13.010643959
0.999990046 0.003193431 0.003104429 0.232206523 -0.003201459 0.999991536 0.002584748 -0.384478569 -0.003096149 -0.002594661 0.999991775 13.410188675
0.999988973 0.003453452 0.003180361 0.240555197 -0.003462524 0.999989927 0.002851318 -0.397183537 -0.003170482 -0.002862298 0.999990880 13.808937073
0.999988973 0.003348802 0.003289285 0.249305040 -0.003358660 0.999989867 0.002996059 -0.406842798 -0.003279218 -0.003007074 0.999990046 14.225263596
0.999986231 0.003545307 0.003870650 0.255090624 -0.003556786 0.999989271 0.002962763 -0.420916021 -0.003860104 -0.002976489 0.999988139 14.644355774
0.999988317 0.003107594 0.003707923 0.273292094 -0.003118589 0.999990702 0.002963054 -0.427205563 -0.003698681 -0.002974582 0.999988735 15.072093964
0.999988377 0.003208454 0.003582808 0.285899997 -0.003219808 0.999989808 0.003167409 -0.441533446 -0.003572609 -0.003178908 0.999988556 15.500949860
0.999986589 0.003323330 0.003971564 0.296986520 -0.003335027 0.999990106 0.002942323 -0.451211572 -0.003961746 -0.002955529 0.999987841 15.941670418
0.999982655 0.003881093 0.004436827 0.303481728 -0.003894041 0.999988198 0.002913432 -0.459983647 -0.004425467 -0.002930658 0.999985874 16.390766144
0.999979854 0.004200832 0.004769014 0.308711618 -0.004214424 0.999987006 0.002843513 -0.473969698 -0.004757008 -0.002863554 0.999984622 16.825963974
0.999980509 0.003655250 0.005056415 0.326337188 -0.003671796 0.999987900 0.003267012 -0.492816031 -0.005044412 -0.003285514 0.999981880 17.278568268
0.999979615 0.003833785 0.005106813 0.336532533 -0.003853584 0.999985039 0.003872751 -0.508151412 -0.005091890 -0.003892351 0.999979436 17.739151001
0.999981225 0.003165350 0.005247189 0.352310717 -0.003183603 0.999988914 0.003473908 -0.516706586 -0.005236133 -0.003490548 0.999980152 18.208126068
0.999982715 0.003050288 0.005041301 0.368886232 -0.003065548 0.999990761 0.003021913 -0.522283971 -0.005032036 -0.003037315 0.999982715 18.679069519
0.999976337 0.003801546 0.005738223 0.366059899 -0.003817648 0.999988794 0.002797676 -0.539092720 -0.005727523 -0.002819517 0.999979556 19.144628525
0.999975979 0.003894482 0.005728743 0.380101264 -0.003909724 0.999988854 0.002652034 -0.547950685 -0.005718351 -0.002674368 0.999980032 19.624120712
0.999977171 0.003628721 0.005690014 0.388246536 -0.003645120 0.999989212 0.002874547 -0.560215771 -0.005679521 -0.002895222 0.999979734 20.113468170
0.999973774 0.003917294 0.006093050 0.404330254 -0.003936518 0.999987304 0.003146226 -0.578981996 -0.006080648 -0.003170129 0.999976516 20.592041016
0.999981463 0.003525776 0.004979381 0.418856263 -0.003541362 0.999988794 0.003124641 -0.589767754 -0.004968308 -0.003142217 0.999982715 21.094900131
0.999980032 0.003805223 0.005067750 0.435541600 -0.003821939 0.999987423 0.003292819 -0.610310316 -0.005055156 -0.003312122 0.999981701 21.599248886
0.999978364 0.004515849 0.004788791 0.443802565 -0.004530914 0.999984801 0.003139775 -0.624570787 -0.004774540 -0.003161404 0.999983549 22.106977463
0.999978185 0.004682267 0.004668717 0.456424952 -0.004696180 0.999984562 0.002973452 -0.636363745 -0.004654723 -0.002995312 0.999984622 22.625186920
0.999972582 0.005701474 0.004725374 0.455179363 -0.005717905 0.999977648 0.003471437 -0.650411248 -0.004705476 -0.003498361 0.999982774 23.132219315
0.999980450 0.004864191 0.003927153 0.470046937 -0.004878977 0.999980986 0.003764127 -0.666683495 -0.003908768 -0.003783213 0.999985218 23.642946243
0.999986470 0.003728320 0.003618513 0.474900156 -0.003740927 0.999986947 0.003483460 -0.683701515 -0.003605478 -0.003496949 0.999987423 24.163761139
0.999974549 0.006090308 0.003694555 0.478295296 -0.006102575 0.999975860 0.003318498 -0.692714930 -0.003674255 -0.003340960 0.999987662 24.694061279
0.999979198 0.005803867 0.002852940 0.495531321 -0.005815197 0.999975145 0.003979332 -0.712209642 -0.002829774 -0.003995840 0.999988019 25.245555878
0.999976695 0.006277455 0.002691979 0.504557192 -0.006288421 0.999971867 0.004084918 -0.720256686 -0.002666261 -0.004101751 0.999988019 25.787204742
0.999976993 0.006370621 0.002319733 0.515154660 -0.006380118 0.999971211 0.004109676 -0.748808205 -0.002293485 -0.004124382 0.999988854 26.325037003
0.999985278 0.005220590 0.001430014 0.539877474 -0.005226950 0.999976277 0.004480909 -0.758579910 -0.001406588 -0.004488317 0.999988854 26.884265900
0.999987185 0.005055127 0.000163260 0.557569444 -0.005055804 0.999977291 0.004446474 -0.770259678 -0.000140779 -0.004447243 0.999990046 27.440608978
0.999982893 0.005846798 0.000263752 0.563986599 -0.005847780 0.999975324 0.003891680 -0.778004229 -0.000240991 -0.003893155 0.999992371 28.006597519
0.999986768 0.005134519 -0.000283489 0.579172373 -0.005133296 0.999978185 0.004157048 -0.789849162 0.000304827 -0.004155538 0.999991298 28.567863464
0.999979973 0.006329060 -0.000195137 0.582544565 -0.006328335 0.999973774 0.003517307 -0.794898570 0.000217393 -0.003516002 0.999993801 29.129173279
0.999980867 0.006169076 -0.000309660 0.589989662 -0.006167778 0.999972880 0.004028850 -0.817827165 0.000334506 -0.004026864 0.999991775 29.671728134
0.999982119 0.005896320 -0.000910351 0.597814679 -0.005892196 0.999972582 0.004466735 -0.828392029 0.000936663 -0.004461291 0.999989629 30.210010529
0.999983430 0.005733069 -0.000404396 0.599706531 -0.005731390 0.999975443 0.004037846 -0.843479633 0.000427535 -0.004035461 0.999991775 30.770736694
0.999977052 0.006757405 -0.000371150 0.618612349 -0.006755693 0.999967337 0.004433734 -0.863089502 0.000401099 -0.004431125 0.999990106 31.328002930
0.999975622 0.006944554 -0.000709156 0.626891971 -0.006941661 0.999968052 0.004000538 -0.869697332 0.000736915 -0.003995519 0.999991715 31.880420685
0.999977469 0.006577153 -0.001326717 0.639374197 -0.006572024 0.999971032 0.003834095 -0.890320599 0.001351896 -0.003825289 0.999991775 32.427204132
0.999975741 0.006798956 -0.001504590 0.645500660 -0.006792523 0.999967933 0.004239827 -0.907219648 0.001533368 -0.004229504 0.999989927 32.964782715
0.999979079 0.006329129 -0.001424135 0.654335201 -0.006323140 0.999971271 0.004172070 -0.913222432 0.001450500 -0.004162977 0.999990225 33.515117645
0.999978364 0.006412906 -0.001440849 0.667135477 -0.006406316 0.999969125 0.004532142 -0.931967080 0.001469869 -0.004522813 0.999988675 34.058311462
0.999980032 0.005995641 -0.001954288 0.673214257 -0.005988572 0.999975562 0.003602059 -0.941998720 0.001975837 -0.003590285 0.999991536 34.623744965
0.999978542 0.005881437 -0.002874955 0.690856934 -0.005870636 0.999975741 0.003750618 -0.964317560 0.002896945 -0.003733660 0.999988854 35.146350861
0.999976456 0.006603668 -0.001878789 0.683809042 -0.006596314 0.999970675 0.003893266 -0.965375781 0.001904444 -0.003880783 0.999990642 35.677474976
0.999975622 0.006699473 -0.001959679 0.694659233 -0.006692084 0.999970555 0.003753704 -0.979164243 0.001984770 -0.003740499 0.999991059 36.226383209
0.999976695 0.006522074 -0.002017950 0.695687711 -0.006515136 0.999972880 0.003425910 -0.991734266 0.002040239 -0.003412684 0.999992073 36.775535583
0.999975145 0.006713372 -0.002140345 0.706145823 -0.006705669 0.999971032 0.003586847 -1.006646156 0.002164363 -0.003572406 0.999991298 37.313671112
0.999976635 0.006478669 -0.002150774 0.718205810 -0.006470571 0.999971926 0.003750841 -1.020771146 0.002175014 -0.003736837 0.999990702 37.865329742
0.999974191 0.006634281 -0.002743986 0.724814415 -0.006625773 0.999973238 0.003098069 -1.025565743 0.002764466 -0.003079809 0.999991417 38.401466370
0.999975562 0.006291656 -0.003060073 0.734906495 -0.006283357 0.999976575 0.002713736 -1.036803603 0.003077075 -0.002694442 0.999991596 38.948146820
0.999974191 0.006374713 -0.003312517 0.738973975 -0.006362126 0.999972582 0.003796719 -1.056443810 0.003336629 -0.003775546 0.999987245 39.499786377
0.999980628 0.005208418 -0.003413843 0.758895040 -0.005196541 0.999980390 0.003479171 -1.069697261 0.003431896 -0.003461363 0.999988079 40.064849854
0.999980271 0.005280321 -0.003409134 0.768163383 -0.005268097 0.999979734 0.003584663 -1.084847212 0.003427993 -0.003566633 0.999987781 40.614879608
0.999974310 0.006715952 -0.002488450 0.756060660 -0.006707733 0.999972045 0.003296328 -1.097299576 0.002510518 -0.003279552 0.999991477 41.157150269
0.999974966 0.006594439 -0.002575531 0.759778202 -0.006585778 0.999972701 0.003356771 -1.110620141 0.002597597 -0.003339725 0.999991059 41.700683594
0.999979019 0.005832329 -0.002815872 0.799083471 -0.005822597 0.999977112 0.003451947 -1.130779743 0.002835940 -0.003435479 0.999990106 42.215663910
0.999979854 0.005805864 -0.002577890 0.809654176 -0.005795805 0.999975622 0.003891786 -1.142411232 0.002600423 -0.003876766 0.999989212 42.769016266
0.999980569 0.005209904 -0.003419625 0.823710084 -0.005195915 0.999978065 0.004087032 -1.162204862 0.003440843 -0.004069184 0.999985814 43.294086456
0.999978483 0.005757527 -0.003140579 0.834137738 -0.005746144 0.999976933 0.003621484 -1.180776358 0.003161357 -0.003603360 0.999988496 43.900074005
0.999976754 0.006348461 -0.002446933 0.837767005 -0.006339060 0.999972522 0.003830464 -1.193959236 0.002471184 -0.003814864 0.999989688 44.443000793
0.999977469 0.006342554 -0.002173732 0.837706685 -0.006333873 0.999972045 0.003976494 -1.214558840 0.002198892 -0.003962636 0.999989748 44.960769653
0.999969840 0.007481020 -0.002051084 0.856015503 -0.007474598 0.999967158 0.003121726 -1.202987432 0.002074370 -0.003106300 0.999993026 45.528739929
0.999971211 0.007376659 -0.001768019 0.864294827 -0.007370879 0.999967456 0.003254107 -1.221768022 0.001791966 -0.003240981 0.999993145 46.072994232
0.999965608 0.008183594 -0.001332540 0.869078338 -0.008179732 0.999962330 0.002877344 -1.237088680 0.001356037 -0.002866345 0.999994993 46.632061005
0.999963701 0.008325927 -0.001761917 0.882369816 -0.008319320 0.999958396 0.003725753 -1.257440209 0.001792864 -0.003710960 0.999991536 47.170612335
0.999968529 0.007594142 -0.002289176 0.892717838 -0.007586630 0.999965847 0.003272101 -1.266534925 0.002313946 -0.003254631 0.999992013 47.733493805
0.999969423 0.007478234 -0.002270450 0.905387580 -0.007471127 0.999967217 0.003122511 -1.279565811 0.002293725 -0.003105453 0.999992549 48.263938904
0.999968231 0.007630475 -0.002306204 0.919396996 -0.007623695 0.999966562 0.002934794 -1.290099382 0.002328520 -0.002917119 0.999993026 48.805522919
0.999970615 0.007312470 -0.002287188 0.928102612 -0.007305368 0.999968469 0.003097606 -1.312955976 0.002309768 -0.003080807 0.999992609 49.332714081
0.999960661 0.008746644 -0.001480066 0.926717460 -0.008741454 0.999955773 0.003476412 -1.325764060 0.001510407 -0.003463337 0.999992847 49.899929047
0.999958634 0.008946334 -0.001639321 0.945843101 -0.008940965 0.999954760 0.003254934 -1.337992311 0.001668367 -0.003240142 0.999993384 50.434196472
0.999959588 0.008899000 -0.001264658 0.951357722 -0.008894818 0.999955058 0.003275793 -1.356535196 0.001293752 -0.003264412 0.999993861 50.952247620
0.999957740 0.009079613 -0.001435690 0.959644735 -0.009074587 0.999952734 0.003467720 -1.369921446 0.001467109 -0.003454545 0.999992967 51.502174377
0.999957085 0.009116164 -0.001598837 0.974885821 -0.009110759 0.999952853 0.003355500 -1.379432917 0.001629350 -0.003340790 0.999993086 52.046081543
0.999957204 0.009145249 -0.001356646 0.986378372 -0.009140516 0.999952257 0.003453830 -1.396497965 0.001388167 -0.003441283 0.999993026 52.580879211
0.999960721 0.008731481 -0.001481686 0.999176204 -0.008726373 0.999956071 0.003420231 -1.410851121 0.001511485 -0.003407167 0.999993026 53.110160828
0.999956310 0.009197363 -0.001635903 1.007009387 -0.009192442 0.999953270 0.002991783 -1.420764089 0.001663343 -0.002976614 0.999994159 53.653186798
0.999952018 0.009720075 -0.001172336 1.012188911 -0.009717038 0.999949455 0.002569271 -1.436730385 0.001197250 -0.002557756 0.999996006 54.185100555
0.999949872 0.009977573 -0.000828775 1.014129758 -0.009975011 0.999945641 0.003037499 -1.453165412 0.000859037 -0.003029080 0.999995053 54.717910767
0.999952495 0.009693409 -0.000997532 1.031663775 -0.009690968 0.999950111 0.002423108 -1.454317927 0.001020970 -0.002413326 0.999996543 55.280883789
0.999948382 0.010146953 -0.000504931 1.036653399 -0.010145694 0.999945581 0.002433921 -1.465594053 0.000529600 -0.002428673 0.999996901 55.837043762
0.999948442 0.010138050 -0.000584378 1.044522882 -0.010136382 0.999944746 0.002794105 -1.485861659 0.000612672 -0.002788038 0.999995947 56.378372192
0.999944985 0.010457941 -0.000847330 1.057721615 -0.010455837 0.999942362 0.002450197 -1.498845696 0.000872905 -0.002441203 0.999996662 56.949855804
0.999951601 0.009806360 -0.000773802 1.070924640 -0.009804347 0.999948621 0.002562915 -1.512834907 0.000798895 -0.002555204 0.999996424 57.482246399
0.999939680 0.010979743 -0.000286856 1.077985168 -0.010978994 0.999936640 0.002487741 -1.526643753 0.000314152 -0.002484442 0.999996781 57.998844147
0.999941528 0.010803265 -0.000282934 1.088233948 -0.010802448 0.999937832 0.002745138 -1.551868081 0.000312573 -0.002741921 0.999996126 58.542259216
0.999939084 0.011036157 0.000072279 1.091524243 -0.011036315 0.999935210 0.002781196 -1.562158823 -0.000041581 -0.002781824 0.999996126 59.073902130
0.999949217 0.010046949 -0.000769457 1.124238491 -0.010045012 0.999946475 0.002480961 -1.579208612 0.000794342 -0.002473106 0.999996603 59.576847076
0.999946892 0.010304366 -0.000226774 1.127121687 -0.010303833 0.999944389 0.002242667 -1.589065075 0.000249871 -0.002240211 0.999997437 60.121646881
0.999954581 0.009500618 -0.000687599 1.141737580 -0.009498798 0.999951482 0.002606053 -1.601723790 0.000712325 -0.002599403 0.999996364 60.680076599
0.999936521 0.011263384 -0.000347241 1.156867623 -0.011262665 0.999934554 0.002014491 -1.621427655 0.000369908 -0.002010453 0.999997854 61.207798004
0.999931991 0.011664259 0.000072168 1.171512723 -0.011664423 0.999927521 0.002982343 -1.640760660 -0.000037376 -0.002982982 0.999995530 61.748371124
0.999918580 0.012743968 0.000609468 1.170331359 -0.012745182 0.999916732 0.002032868 -1.645137429 -0.000583511 -0.002040470 0.999997735 62.307392120
0.999922812 0.012383499 0.001028485 1.182556748 -0.012385413 0.999921679 0.001875866 -1.656466722 -0.001005174 -0.001888460 0.999997735 62.841247559
0.999921441 0.012510437 0.000802195 1.196132898 -0.012512045 0.999919653 0.002033890 -1.680032492 -0.000776686 -0.002043767 0.999997616 63.410636902
0.999913394 0.013144448 0.000614577 1.207048297 -0.013145434 0.999912202 0.001632802 -1.694102526 -0.000593061 -0.001640740 0.999998450 63.931819916
0.999916911 0.012879170 0.000550225 1.238267064 -0.012880064 0.999915600 0.001649185 -1.711270571 -0.000528939 -0.001656135 0.999998450 64.441596985
0.999911547 0.013213107 0.001526279 1.225847363 -0.013215187 0.999911726 0.001360495 -1.712033629 -0.001508168 -0.001380546 0.999997914 64.996849060
0.999929249 0.011865228 0.000859162 1.261790037 -0.011866443 0.999928594 0.001425126 -1.729750752 -0.000842191 -0.001435220 0.999998569 65.541877747
0.999928236 0.011963798 0.000482197 1.274622560 -0.011964490 0.999927342 0.001462656 -1.743169546 -0.000464663 -0.001468320 0.999998808 66.083106995
0.999928355 0.011925736 0.001021067 1.273311257 -0.011926421 0.999928653 0.000670043 -1.756328225 -0.001013004 -0.000682173 0.999999225 66.651535034
0.999919355 0.012594432 0.001588237 1.275512934 -0.012595440 0.999920428 0.000626273 -1.778794289 -0.001580223 -0.000646227 0.999998569 67.188568115
0.999918938 0.012658101 0.001350918 1.288542628 -0.012658762 0.999919713 0.000483490 -1.787971497 -0.001344689 -0.000500552 0.999998987 67.739006042
0.999918699 0.012690923 0.001228172 1.305205822 -0.012691733 0.999919176 0.000656426 -1.807858706 -0.001219742 -0.000671961 0.999999046 68.281120300
0.999926329 0.012067915 0.001276275 1.311195374 -0.012068238 0.999927104 0.000245289 -1.813957334 -0.001273222 -0.000260674 0.999999166 68.827514648
0.999918997 0.012687407 0.001033602 1.321001887 -0.012687748 0.999919474 0.000325458 -1.828134775 -0.001029389 -0.000338546 0.999999344 69.367950439
0.999906600 0.013564705 0.001674007 1.329071164 -0.013564617 0.999907970 -0.000063671 -1.850668550 -0.001674717 0.000040958 0.999998569 69.910919189
0.999919772 0.012536869 0.001822905 1.345218658 -0.012536997 0.999921381 0.000058421 -1.867607117 -0.001822029 -0.000081270 0.999998331 70.449562073
0.999918342 0.012632999 0.001925952 1.350239992 -0.012633001 0.999920189 -0.000010783 -1.883214951 -0.001925934 -0.000013549 0.999998152 71.005775452
0.999919295 0.012622565 0.001383419 1.364646792 -0.012622417 0.999920309 -0.000116932 -1.905011892 -0.001384785 0.000099460 0.999998987 71.545639038
0.999920130 0.012513546 0.001773805 1.375496030 -0.012514630 0.999921441 0.000600763 -1.925478458 -0.001766148 -0.000622914 0.999998271 72.085182190
0.999917030 0.012787022 0.001530361 1.385910153 -0.012787167 0.999918222 0.000084587 -1.942033172 -0.001529154 -0.000104149 0.999998808 72.634269714
0.999916434 0.012810693 0.001745490 1.395027041 -0.012810060 0.999917805 -0.000374955 -1.950970650 -0.001750150 0.000352564 0.999998331 73.196357727
0.999912918 0.013105758 0.001544452 1.406688929 -0.013105622 0.999914110 -0.000101006 -1.971322179 -0.001545643 0.000080757 0.999998808 73.735214233
0.999913752 0.013021220 0.001713526 1.419365644 -0.013020972 0.999915183 -0.000154580 -1.992151380 -0.001715393 0.000132255 0.999998510 74.271903992
0.999917686 0.012734611 0.001532981 1.433954954 -0.012734672 0.999918938 0.000032000 -2.007623196 -0.001532449 -0.000051519 0.999998748 74.823577881
0.999905109 0.013540610 0.002503313 1.438539624 -0.013539501 0.999908149 -0.000458869 -2.019878626 -0.002509296 0.000424932 0.999996781 75.382873535
0.999911308 0.013133893 0.002190309 1.464205861 -0.013131487 0.999913156 -0.001108548 -2.031031609 -0.002204678 0.001079688 0.999996960 75.924751282
0.999906361 0.013518800 0.002119543 1.473631978 -0.013517647 0.999908388 -0.000557902 -2.054852724 -0.002126891 0.000529199 0.999997556 76.466491699
0.999907076 0.013515810 0.001765154 1.486533642 -0.013515078 0.999908566 -0.000426012 -2.069714546 -0.001770751 0.000402116 0.999998331 77.040954590
0.999905169 0.013679587 0.001564391 1.497551203 -0.013678843 0.999906361 -0.000485430 -2.086040497 -0.001570885 0.000463985 0.999998689 77.587501526
0.999906003 0.013595871 0.001779745 1.515535355 -0.013596021 0.999907553 0.000071102 -2.104700089 -0.001778613 -0.000095293 0.999998391 78.174888611
0.999920428 0.012386514 0.002361228 1.518316269 -0.012387340 0.999923110 0.000335856 -2.116996288 -0.002356886 -0.000365079 0.999997139 78.744773865
0.999910414 0.013214195 0.002124934 1.543119192 -0.013213278 0.999912560 -0.000445774 -2.134672403 -0.002130639 0.000417656 0.999997616 79.316093445
0.999898970 0.013906160 0.002929599 1.538745165 -0.013907243 0.999903202 0.000350176 -2.157925129 -0.002924446 -0.000390883 0.999995649 79.839309692
0.999898851 0.013872273 0.003118625 1.551565170 -0.013871768 0.999903679 -0.000183387 -2.173210382 -0.003120869 0.000140107 0.999995112 80.354209900
0.999912620 0.012705613 0.003647224 1.566651583 -0.012703588 0.999919116 -0.000577875 -2.182155609 -0.003654271 0.000531492 0.999993205 80.904769897
0.999898434 0.013291020 0.005134996 1.583293676 -0.013289159 0.999911606 -0.000396056 -2.201448679 -0.005139806 0.000327776 0.999986649 81.458580017
0.999915361 0.012013215 0.004997151 1.611117840 -0.012010382 0.999927700 -0.000596379 -2.219292402 -0.005003954 0.000536310 0.999987364 81.983146667
0.999902785 0.012516341 0.006136813 1.613468170 -0.012510940 0.999921322 -0.000917427 -2.225554943 -0.006147813 0.000840561 0.999980688 82.536804199
0.999860287 0.013345117 0.010055644 1.623628259 -0.013330705 0.999909997 -0.001498841 -2.236571789 -0.010074743 0.001364583 0.999948323 83.078834534
0.999823272 0.012773409 0.013791603 1.650796771 -0.012760565 0.999918044 -0.001018781 -2.255518436 -0.013803486 0.000842612 0.999904394 83.636360168
0.999775887 0.013151500 0.016597064 1.675715208 -0.013142787 0.999913394 -0.000634020 -2.278067827 -0.016603967 0.000415746 0.999862015 84.171318054
0.999689162 0.012875210 0.021350272 1.698245287 -0.012855321 0.999916792 -0.001068408 -2.287610531 -0.021362253 0.000793611 0.999771416 84.735733032
0.999541879 0.013131007 0.027268549 1.730592489 -0.013096659 0.999913156 -0.001437791 -2.303914309 -0.027285067 0.001080006 0.999627113 85.241088867
0.999353647 0.013024884 0.033506457 1.768957853 -0.012979079 0.999914527 -0.001584266 -2.322187662 -0.033524226 0.001148359 0.999437273 85.773452759
0.999123633 0.013250055 0.039704524 1.804001331 -0.013198587 0.999911666 -0.001558060 -2.335582733 -0.039721671 0.001032651 0.999210238 86.323226929
0.998789132 0.012529153 0.047574479 1.858155012 -0.012448166 0.999920547 -0.001998237 -2.338942289 -0.047595736 0.001403602 0.998865724 86.876914978
0.998336017 0.012963827 0.056187935 1.901592970 -0.012861836 0.999914944 -0.002176431 -2.357240200 -0.056211367 0.001450129 0.998417854 87.415794373
0.997910261 0.012739623 0.063347183 1.944638252 -0.012614046 0.999917626 -0.002381920 -2.369788885 -0.063372307 0.001577878 0.997988701 87.945167542
0.997314394 0.012762652 0.072118662 2.011943340 -0.012625498 0.999917507 -0.002357331 -2.384952784 -0.072142810 0.001440466 0.997393191 88.485031128
0.996601582 0.011802599 0.081522860 2.096704960 -0.011599770 0.999928355 -0.002961183 -2.404304743 -0.081551954 0.002005473 0.996667087 88.971168518
0.995834887 0.011395718 0.090459920 2.159618855 -0.011119986 0.999931872 -0.003551534 -2.412024260 -0.090494230 0.002530828 0.995893776 89.548248291
0.995089293 0.011480924 0.098313123 2.224172592 -0.011198536 0.999931395 -0.003423672 -2.428852558 -0.098345697 0.002305896 0.995149612 90.025642395
0.994117856 0.011001674 0.107743107 2.319231987 -0.010615735 0.999935031 -0.004154956 -2.437256813 -0.107781813 0.002986743 0.994170070 90.579696655
0.992938697 0.011259612 0.118093237 2.407534599 -0.010868174 0.999933064 -0.003958117 -2.460247517 -0.118129894 0.002646709 0.992994726 91.104858398
0.991805196 0.010533017 0.127324373 2.495544434 -0.010077072 0.999940276 -0.004224624 -2.479893684 -0.127361283 0.002906948 0.991852105 91.622222900
0.990259171 0.010834243 0.138813809 2.592203140 -0.010397946 0.999938488 -0.003867876 -2.493106365 -0.138847157 0.002386822 0.990310967 92.131034851
0.988440752 0.010088721 0.151271790 2.695761681 -0.009526990 0.999944687 -0.004437707 -2.511573792 -0.151308194 0.002945245 0.988482177 92.668411255
0.986892045 0.009454126 0.161105096 2.807964325 -0.008777533 0.999949336 -0.004910910 -2.526840687 -0.161143377 0.003432432 0.986925066 93.205436707
0.984996259 0.009694231 0.172303125 2.921565056 -0.009055475 0.999949038 -0.004492822 -2.550327778 -0.172337905 0.002865126 0.985033751 93.725425720
0.982681751 0.008685912 0.185098290 3.047603607 -0.007965313 0.999957502 -0.004636330 -2.568070889 -0.185130730 0.003081670 0.982708991 94.256347656
0.980302870 0.008455798 0.197318777 3.179105759 -0.007625238 0.999958515 -0.004968634 -2.586126328 -0.197352633 0.003366164 0.980326712 94.779541016
0.978114724 0.008276004 0.207901314 3.308483124 -0.007392531 0.999960005 -0.005026082 -2.605467319 -0.207934618 0.003379167 0.978136837 95.314277649
0.975389242 0.007713746 0.220355049 3.459545135 -0.006700449 0.999963284 -0.005345551 -2.620227814 -0.220388189 0.003737515 0.975405097 95.846893311
0.972210765 0.007546983 0.233985424 3.610609055 -0.006560378 0.999966085 -0.004994568 -2.636109829 -0.234015167 0.003320741 0.972227275 96.380500793
0.969527125 0.007279383 0.244875520 3.768190384 -0.006194137 0.999967277 -0.005201665 -2.661087751 -0.244905338 0.003526363 0.969540596 96.924568176
0.966771901 0.007088507 0.255542278 3.936443329 -0.005962739 0.999968827 -0.005179877 -2.681811333 -0.255571008 0.003484027 0.966784000 97.454856873
0.963213623 0.006105456 0.268667579 4.110603333 -0.004881050 0.999974370 -0.005225056 -2.699413061 -0.268692613 0.003721464 0.963218808 97.964920044
0.959597170 0.005879327 0.281316042 4.288637161 -0.004461179 0.999973893 -0.005681285 -2.715706348 -0.281342119 0.004196743 0.959598362 98.481933594
0.956368029 0.004941310 0.292122960 4.476764679 -0.003654766 0.999981046 -0.004949683 -2.744120121 -0.292141855 0.003666078 0.956367910 99.011512756
0.951848447 0.005240588 0.306524426 4.668018341 -0.003876699 0.999979675 -0.005058169 -2.760000229 -0.306544811 0.003626307 0.951849341 99.532676697
0.947251856 0.004286090 0.320461571 4.874622345 -0.002916525 0.999984443 -0.004753584 -2.783240318 -0.320476890 0.003568207 0.947249591 100.036849976
0.943308592 0.004054167 0.331892222 5.083744049 -0.002447715 0.999983132 -0.005258177 -2.796715260 -0.331907988 0.004147706 0.943302631 100.554061890
0.938666165 0.005045982 0.344790339 5.289836884 -0.003505734 0.999980927 -0.005090550 -2.821136713 -0.344809443 0.003569582 0.938665926 101.081138611
0.933281064 0.004237283 0.359121740 5.516939163 -0.002453210 0.999982357 -0.005423438 -2.834331036 -0.359138340 0.004180592 0.933275044 101.595016479
0.928650618 0.004006140 0.370933920 5.729835510 -0.002343998 0.999985099 -0.004931675 -2.860666752 -0.370948166 0.003710335 0.928646147 102.089874268
0.923966646 0.002328425 0.382465929 5.974742889 -0.000744596 0.999990523 -0.004289064 -2.895900011 -0.382472277 0.003678170 0.923959672 102.563392639
0.917779863 0.001979062 0.397084653 6.214473724 -0.000297283 0.999990702 -0.004296826 -2.912524700 -0.397089452 0.003825493 0.917772055 103.063194275
0.911855638 0.002201131 0.410505146 6.449981689 -0.000433676 0.999990165 -0.004398628 -2.933840990 -0.410510868 0.003832887 0.911847651 103.549163818
0.907091081 0.001955766 0.420929939 6.703750610 -0.000132771 0.999990404 -0.004360137 -2.953624249 -0.420934409 0.003899152 0.907082677 104.034729004
0.901434362 0.001268086 0.432913840 6.960121155 0.000880089 0.999988258 -0.004761718 -2.970959425 -0.432914793 0.004673378 0.901422679 104.515502930
0.894765079 0.000925498 0.446536154 7.243404388 0.001164964 0.999989569 -0.004406938 -2.988432407 -0.446535647 0.004463372 0.894754708 105.029243469
0.888991892 0.000428816 0.457922816 7.525920868 0.002029882 0.999985993 -0.004877150 -2.996251583 -0.457918555 0.005265275 0.888978660 105.511764526
0.882982731 -0.000263138 0.469405442 7.795757294 0.002684366 0.999986351 -0.004488903 -3.024145603 -0.469397843 0.005223679 0.882971346 105.996406555
0.875326812 -0.000435687 0.483531535 8.084915161 0.002764984 0.999987781 -0.004104351 -3.051902294 -0.483523846 0.004929605 0.875317335 106.462211609
