1.000000000 0.000000000 0.000000000 0.000000000 0.000000000 1.000000000 0.000000000 0.000000000 0.000000000 0.000000000 1.000000000 0.000000000
1.000000000 0.000112976 0.000033091 -0.000112239 -0.000112976 1.000000000 -0.000000346 0.000398290 -0.000033091 0.000000343 1.000000000 0.000324226
1.000000000 0.000094209 0.000085044 -0.000547771 -0.000094216 1.000000000 0.000078843 -0.000363379 -0.000085036 -0.000078851 1.000000000 0.000378367
1.000000000 0.000005361 0.000051739 -0.000193786 -0.000005359 1.000000000 -0.000031707 0.000570774 -0.000051739 0.000031707 1.000000000 0.000356400
1.000000000 0.000024898 0.000061326 -0.000229278 -0.000024895 1.000000000 -0.000041758 0.000491418 -0.000061327 0.000041757 1.000000000 0.000179395
1.000000000 0.000100479 0.000103753 -0.001133941 -0.000100480 1.000000000 0.000011473 0.000335032 -0.000103751 -0.000011483 1.000000000 -0.000250914
1.000000000 -0.000064152 0.000056365 -0.000435755 0.000064151 1.000000000 0.000016552 -0.000116024 -0.000056366 -0.000016549 1.000000000 0.000128101
1.000000000 0.000031511 0.000052237 -0.000299326 -0.000031515 1.000000000 0.000072378 -0.000259320 -0.000052235 -0.000072380 1.000000000 0.000239126
1.000000000 0.000031621 -0.000005248 -0.000089653 -0.000031621 1.000000000 -0.000089015 0.000111081 0.000005245 0.000089015 1.000000000 -0.000070793
1.000000000 0.000061548 0.000079450 -0.000376555 -0.000061549 1.000000000 0.000009827 -0.000202485 -0.000079449 -0.000009832 1.000000000 0.000628190
1.000000000 0.000148125 0.000087453 -0.000896916 -0.000148129 1.000000000 0.000047965 -0.000090913 -0.000087446 -0.000047978 1.000000000 0.000381955
1.000000000 0.000112909 0.000078819 -0.000138420 -0.000112905 1.000000000 -0.000041216 0.000813283 -0.000078824 0.000041207 1.000000000 0.001189891
1.000000000 0.000065141 0.000040091 -0.000362699 -0.000065139 1.000000000 -0.000070237 0.000064850 -0.000040095 0.000070235 1.000000000 0.000175144
1.000000000 0.000078348 0.000064397 -0.000917489 -0.000078345 1.000000000 -0.000049784 0.000584008 -0.000064401 0.000049779 1.000000000 0.000273004
1.000000000 0.000080935 0.000064599 -0.001691719 -0.000080933 1.000000000 -0.000035900 0.000646495 -0.000064602 0.000035895 1.000000000 -0.000448524
1.000000000 0.000103923 0.000029620 -0.000012358 -0.000103922 1.000000000 -0.000039824 0.001247425 -0.000029624 0.000039821 1.000000000 0.001688167
1.000000000 0.000158298 0.000114566 -0.000965879 -0.000158291 1.000000000 -0.000061362 0.001398555 -0.000114576 0.000061344 1.000000000 0.001723940
1.000000000 0.000153570 0.000101916 -0.001413008 -0.000153561 1.000000000 -0.000090430 0.001151585 -0.000101930 0.000090415 1.000000000 0.001139584
0.999999940 0.000225169 0.000142622 -0.002087585 -0.000225157 1.000000000 -0.000079323 0.001967571 -0.000142640 0.000079291 1.000000000 0.001749565
1.000000000 0.000151574 0.000143601 -0.001415607 -0.000151556 1.000000000 -0.000128700 0.001992049 -0.000143621 0.000128679 1.000000000 0.002005737
1.000000000 0.000081876 0.000161082 -0.001885943 -0.000081866 1.000000000 -0.000065423 0.001278328 -0.000161087 0.000065410 1.000000000 0.001861357
1.000000000 0.000177729 0.000119412 -0.001922964 -0.000177724 1.000000000 -0.000043235 0.001578801 -0.000119420 0.000043214 1.000000000 0.001695166
1.000000000 0.000158270 0.000103207 -0.001103399 -0.000158257 1.000000000 -0.000120148 0.002180766 -0.000103226 0.000120132 1.000000000 0.002632234
1.000000000 0.000179603 0.000108366 -0.001591205 -0.000179595 1.000000000 -0.000075961 0.002416923 -0.000108380 0.000075942 1.000000000 0.002874543
0.999999940 0.000343208 0.000109282 -0.001626233 -0.000343200 0.999999940 -0.000072001 0.002233179 -0.000109307 0.000071964 1.000000000 0.002563666
0.999999940 0.000355749 0.000136067 -0.001800656 -0.000355744 0.999999940 -0.000034357 0.001203618 -0.000136080 0.000034308 1.000000000 0.001321820
1.000000000 0.000170692 0.000170283 -0.001787990 -0.000170684 1.000000000 -0.000044150 0.002461323 -0.000170290 0.000044121 1.000000000 0.002171938
0.999999940 0.000230928 0.000179689 -0.001803949 -0.000230933 1.000000000 0.000030255 0.001295663 -0.000179682 -0.000030297 1.000000000 0.002089931
0.999999940 0.000221754 0.000124883 -0.001865534 -0.000221752 1.000000000 -0.000012872 0.002120792 -0.000124886 0.000012844 1.000000000 0.002549014
0.999999940 0.000226093 0.000158176 -0.001909276 -0.000226081 1.000000000 -0.000075027 0.002085167 -0.000158193 0.000074991 1.000000000 0.002111133
0.999999940 0.000225110 0.000192807 -0.001395423 -0.000225111 1.000000000 0.000008998 0.001291873 -0.000192805 -0.000009041 1.000000000 0.002365269
1.000000000 0.000100048 0.000186046 -0.001113495 -0.000100035 1.000000000 -0.000068605 0.002665380 -0.000186053 0.000068586 1.000000000 0.003444093
1.000000000 0.000210346 0.000082734 -0.000417627 -0.000210334 0.999999940 -0.000144099 0.002849568 -0.000082764 0.000144082 1.000000000 0.003099802
1.000000000 0.000164847 0.000173984 -0.001240504 -0.000164833 1.000000000 -0.000080207 0.001690088 -0.000173997 0.000080179 1.000000000 0.001808624
0.999999940 0.000275925 0.000249392 -0.002663828 -0.000275903 0.999999940 -0.000088273 0.001752488 -0.000249416 0.000088204 0.999999940 0.001236984
0.999999940 0.000298834 0.000213250 -0.001480986 -0.000298824 0.999999940 -0.000047107 0.001389189 -0.000213265 0.000047044 1.000000000 0.001463261
0.999999940 0.000227834 0.000142555 -0.001562573 -0.000227829 1.000000000 -0.000038372 0.001935678 -0.000142564 0.000038340 1.000000000 0.002064691
1.000000000 0.000212609 0.000111126 -0.001589776 -0.000212598 1.000000000 -0.000101405 0.002705813 -0.000111148 0.000101382 1.000000000 0.002774351
0.999999940 0.000327758 0.000203379 -0.001679666 -0.000327742 0.999999940 -0.000077102 0.002358445 -0.000203404 0.000077035 1.000000000 0.001539484
0.999999940 0.000258992 0.000131396 -0.000712310 -0.000258980 0.999999940 -0.000090000 0.003085918 -0.000131419 0.000089966 1.000000000 0.002782561
1.000000000 0.000090923 0.000078248 0.000066467 -0.000090915 1.000000000 -0.000101697 0.001638569 -0.000078257 0.000101689 1.000000000 0.003061705
0.999999881 0.000392915 0.000187083 0.000285719 -0.000392785 0.999999702 -0.000694956 -0.001116786 -0.000187356 0.000694883 0.999999762 0.052690502
0.999999940 0.000331717 0.000079380 0.002226747 -0.000331615 0.999999106 -0.001282918 -0.002997825 -0.000079805 0.001282892 0.999999166 0.140259057
1.000000000 0.000009952 -0.000007277 0.005336021 -0.000009962 0.999999046 -0.001397496 -0.008839045 0.000007263 0.001397496 0.999999046 0.254401177
0.999999940 0.000351965 0.000173886 0.005718506 -0.000351766 0.999999285 -0.001142790 -0.012815463 -0.000174288 0.001142728 0.999999344 0.386817873
1.000000000 0.000026606 0.000229332 0.007804280 -0.000026318 0.999999225 -0.001255404 -0.013473229 -0.000229366 0.001255397 0.999999166 0.534197271
0.999999523 -0.000933327 0.000351386 0.012229156 0.000933143 0.999999404 0.000524558 -0.031686489 -0.000351875 -0.000524230 0.999999821 0.655223131
0.999999702 -0.000620797 0.000546787 0.014681197 0.000620375 0.999999523 0.000770774 -0.034469221 -0.000547265 -0.000770434 0.999999642 0.820327818
0.999999464 -0.000842877 0.000622757 0.018339645 0.000842194 0.999999046 0.001095935 -0.045215394 -0.000623680 -0.001095410 0.999999225 0.971031606
0.999999464 -0.001011525 0.000471608 0.023244018 0.001011000 0.999998927 0.001112555 -0.048788805 -0.000472733 -0.001112077 0.999999285 1.144428492
0.999999285 -0.000809482 0.000788598 0.025617858 0.000808259 0.999998391 0.001550504 -0.056377165 -0.000789852 -0.001549866 0.999998510 1.330265403
0.999999583 -0.000626550 0.000616627 0.028291162 0.000625640 0.999998689 0.001475132 -0.060198199 -0.000617550 -0.001474746 0.999998689 1.523995161
0.999999642 -0.000666381 0.000638186 0.035444472 0.000665481 0.999998748 0.001409717 -0.064192235 -0.000639124 -0.001409291 0.999998808 1.725101352
0.999999464 -0.000511724 0.000916069 0.035853036 0.000510039 0.999998152 0.001838713 -0.072439186 -0.000917009 -0.001838244 0.999997914 1.928777218
0.999999404 -0.000832574 0.000796807 0.040064406 0.000831137 0.999998093 0.001802820 -0.078426577 -0.000798307 -0.001802157 0.999998093 2.137952566
0.999999404 -0.000797661 0.000728414 0.040144105 0.000796181 0.999997616 0.002030152 -0.085598551 -0.000730031 -0.002029571 0.999997675 2.360828400
0.999999523 -0.000619009 0.000725551 0.047300886 0.000617464 0.999997556 0.002127458 -0.094149984 -0.000726866 -0.002127009 0.999997497 2.587274313
0.999999285 -0.000524491 0.001091095 0.046104599 0.000522420 0.999998093 0.001897913 -0.097462215 -0.001092088 -0.001897342 0.999997616 2.814462423
0.999999046 -0.000334686 0.001311940 0.045068957 0.000332107 0.999997973 0.001966205 -0.104923084 -0.001312596 -0.001965767 0.999997199 3.048779964
0.999999344 -0.000124408 0.001113073 0.053904604 0.000122026 0.999997675 0.002139824 -0.114991762 -0.001113336 -0.002139687 0.999997079 3.300094604
0.999999106 0.000074504 0.001283276 0.057813186 -0.000077275 0.999997616 0.002159690 -0.120962761 -0.001283112 -0.002159788 0.999996841 3.548739195
0.999999106 0.000067378 0.001277836 0.063839182 -0.000070007 0.999997795 0.002056934 -0.126065195 -0.001277694 -0.002057022 0.999997079 3.810027838
0.999998808 0.000351433 0.001489315 0.065427043 -0.000355024 0.999996960 0.002411364 -0.134399712 -0.001488463 -0.002411889 0.999995947 4.059095860
0.999998987 -0.000268264 0.001414610 0.074641854 0.000264699 0.999996781 0.002519377 -0.145202637 -0.001415281 -0.002519000 0.999995828 4.319824696
0.999999166 -0.000527816 0.001208945 0.081626900 0.000524642 0.999996424 0.002624269 -0.152870864 -0.001210325 -0.002623632 0.999995768 4.579981804
0.999999046 -0.000459308 0.001290517 0.090087101 0.000456569 0.999997675 0.002121541 -0.155390322 -0.001291489 -0.002120949 0.999996960 4.839883327
0.999998689 0.000176473 0.001612456 0.088890336 -0.000180317 0.999997139 0.002384068 -0.164297596 -0.001612030 -0.002384356 0.999995887 5.098312378
0.999998093 0.000398346 0.001913356 0.091183513 -0.000402473 0.999997616 0.002156827 -0.169776842 -0.001912493 -0.002157593 0.999995887 5.362823486
0.999997854 0.000252497 0.002063866 0.096214540 -0.000257906 0.999996603 0.002621295 -0.181858107 -0.002063197 -0.002621822 0.999994457 5.626499653
0.999998569 -0.000148841 0.001674250 0.107040271 0.000144330 0.999996424 0.002694006 -0.192203671 -0.001674645 -0.002693760 0.999994993 5.897335529
0.999998212 0.000063035 0.001878484 0.104831547 -0.000067708 0.999996901 0.002487196 -0.200086057 -0.001878322 -0.002487319 0.999995172 6.180948257
0.999998629 0.000204627 0.001639495 0.112859331 -0.000208770 0.999996781 0.002526862 -0.207943827 -0.001638973 -0.002527201 0.999995530 6.462704659
0.999998569 0.000054815 0.001652976 0.117719501 -0.000059071 0.999996662 0.002575135 -0.214182720 -0.001652829 -0.002575229 0.999995351 6.756305218
0.999998510 0.000315574 0.001766819 0.124159761 -0.000319334 0.999997675 0.002128532 -0.215329692 -0.001766143 -0.002129093 0.999996185 7.077896118
0.999998271 0.000310942 0.001904103 0.129767329 -0.000315445 0.999997139 0.002365024 -0.222091496 -0.001903362 -0.002365620 0.999995410 7.383295059
0.999998510 0.000204260 0.001718168 0.138646230 -0.000208491 0.999996901 0.002462773 -0.233935550 -0.001717660 -0.002463127 0.999995589 7.688271999
0.999998093 0.000335531 0.001991417 0.144008011 -0.000341007 0.999996185 0.002749731 -0.251114577 -0.001990487 -0.002750405 0.999994218 7.999254704
0.999997973 0.000480943 0.001954651 0.147570446 -0.000486238 0.999996245 0.002709752 -0.260433584 -0.001953341 -0.002710697 0.999994397 8.314083099
0.999996901 0.000210250 0.002457502 0.150904402 -0.000216261 0.999997020 0.002445952 -0.266608655 -0.002456981 -0.002446476 0.999993980 8.645325661
0.999997377 0.000374563 0.002266271 0.158262059 -0.000381063 0.999995828 0.002868312 -0.273488253 -0.002265187 -0.002869168 0.999993265 8.986025810
0.999997199 0.000835071 0.002178002 0.164443001 -0.000841238 0.999995649 0.002832251 -0.293692142 -0.002175627 -0.002834076 0.999993622 9.323950768
0.999997377 0.000887895 0.002087641 0.172397658 -0.000894097 0.999995172 0.002971811 -0.306872249 -0.002084992 -0.002973670 0.999993443 9.660629272
0.999996960 0.000931619 0.002298635 0.176119223 -0.000938789 0.999994695 0.003119980 -0.313565463 -0.002295716 -0.003122128 0.999992549 10.010811806
0.999996841 0.001080932 0.002270372 0.182656214 -0.001086968 0.999995887 0.002658533 -0.319993526 -0.002267489 -0.002660992 0.999993861 10.378450394
0.999995410 0.001570292 0.002574116 0.189177379 -0.001577244 0.999995112 0.002701132 -0.330013663 -0.002569861 -0.002705180 0.999993086 10.741176605
0.999995470 0.001349326 0.002695692 0.196921140 -0.001357187 0.999994755 0.002916411 -0.336549133 -0.002691743 -0.002920056 0.999992073 11.114644051
0.999996364 0.000774158 0.002587127 0.203891009 -0.000780917 0.999996305 0.002612355 -0.345603675 -0.002585095 -0.002614366 0.999993265 11.490345001
0.999995649 0.001130717 0.002721608 0.214506522 -0.001137824 0.999995947 0.002610998 -0.351115644 -0.002718645 -0.002614083 0.999992847 11.873884201
0.999996305 0.000880777 0.002578867 0.226400062 -0.000888646 0.999994993 0.003051604 -0.369141221 -0.002576166 -0.003053884 0.999992073 12.253545761
0.999996126 0.001019871 0.002590154 0.236241430 -0.001027661 0.999994934 0.003007909 -0.381187856 -0.002587073 -0.003010559 0.999992073 12.635260582
0.999995530 0.001533382 0.002573564 0.240392789 -0.001541103 0.999994338 0.003000977 -0.389759034 -0.002568948 -0.003004930 0.999992132 13.040304184
0.999994874 0.001005665 0.003038453 0.245003432 -0.001015182 0.999994516 0.003132395 -0.405558765 -0.003035286 -0.003135464 0.999990463 13.439699173
0.999993980 0.001265709 0.003230322 0.246817619 -0.001275584 0.999994457 0.003056643 -0.415875018 -0.003226435 -0.003060745 0.999990046 13.839170456
0.999992907 0.001772714 0.003296490 0.254567683 -0.001783228 0.999993265 0.003189107 -0.426413894 -0.003290814 -0.003194963 0.999989510 14.259146690
0.999992192 0.001420417 0.003687707 0.266190439 -0.001430263 0.999995470 0.002668870 -0.435008466 -0.003683899 -0.002674123 0.999989629 14.670541763
0.999992728 0.001165667 0.003638719 0.278407753 -0.001176550 0.999994934 0.002990200 -0.449929714 -0.003635215 -0.002994460 0.999988854 15.113028526
0.999990642 0.001399616 0.004113687 0.283138990 -0.001412119 0.999994397 0.003037841 -0.463991761 -0.004109412 -0.003043621 0.999986947 15.550605774
0.999989152 0.001173488 0.004515759 0.295696974 -0.001187821 0.999994218 0.003172484 -0.468271434 -0.004512011 -0.003177813 0.999984741 16.000339508
0.999988079 0.001097872 0.004756393 0.305395573 -0.001113961 0.999993682 0.003381270 -0.488690972 -0.004752653 -0.003386528 0.999982953 16.410739899
0.999986351 0.001177890 0.005091905 0.313678235 -0.001192692 0.999995112 0.002904896 -0.497150600 -0.005088458 -0.002910930 0.999982834 16.859369278
0.999988914 0.000782566 0.004661238 0.331548274 -0.000797231 0.999994755 0.003145190 -0.513502002 -0.004658753 -0.003148871 0.999984205 17.299949646
0.999984443 0.000919968 0.005500273 0.331914216 -0.000939601 0.999993205 0.003567981 -0.534785926 -0.005496953 -0.003573094 0.999978483 17.775657654
0.999983847 0.000736950 0.005642562 0.348292261 -0.000757661 0.999992967 0.003669326 -0.546249628 -0.005639818 -0.003673542 0.999977350 18.243839264
0.999980152 0.000650453 0.006255302 0.361753225 -0.000674936 0.999992073 0.003912603 -0.553358734 -0.006252707 -0.003916747 0.999972761 18.719097137
0.999981821 0.000588892 0.006001868 0.366810143 -0.000609416 0.999993920 0.003418302 -0.570882857 -0.005999819 -0.003421898 0.999976158 19.181854248
0.999981821 0.000930220 0.005964030 0.384499699 -0.000949838 0.999994218 0.003287241 -0.579421461 -0.005960938 -0.003292847 0.999976814 19.668634415
0.999980509 0.001014161 0.006161483 0.385007381 -0.001035421 0.999993503 0.003448280 -0.589770198 -0.006157946 -0.003454593 0.999975085 20.159332275
0.999978662 0.000557301 0.006511646 0.395593494 -0.000580586 0.999993443 0.003574549 -0.610108018 -0.006509612 -0.003578253 0.999972403 20.622165680
0.999983072 0.001169774 0.005707755 0.409198463 -0.001188760 0.999993801 0.003324008 -0.616830111 -0.005703832 -0.003330736 0.999978185 21.128787994
0.999986172 0.000262414 0.005268131 0.421054006 -0.000280113 0.999994278 0.003359114 -0.626938283 -0.005267221 -0.003360543 0.999980450 21.632293701
0.999985337 0.000987796 0.005329265 0.417479575 -0.001006408 0.999993324 0.003490859 -0.649290919 -0.005325782 -0.003496171 0.999979734 22.116918564
0.999987006 0.000811530 0.005033730 0.433544815 -0.000828778 0.999993742 0.003425404 -0.661117494 -0.005030918 -0.003429532 0.999981523 22.633975983
0.999990046 0.000817351 0.004401403 0.443790019 -0.000831593 0.999994397 0.003234999 -0.669590890 -0.004398734 -0.003238627 0.999985099 23.148624420
0.999992013 0.000571832 0.003951352 0.443415105 -0.000588197 0.999991238 0.004141521 -0.698556364 -0.003948950 -0.004143813 0.999983549 23.632823944
0.999993563 -0.000278680 0.003553635 0.454591095 0.000266312 0.999993920 0.003480252 -0.710112572 -0.003554583 -0.003479283 0.999987543 24.165834427
0.999994397 0.000328086 0.003308389 0.466603965 -0.000340929 0.999992371 0.003881944 -0.721692622 -0.003307091 -0.003883051 0.999986947 24.696605682
0.999995351 0.000903545 0.002902196 0.467480063 -0.000915112 0.999991655 0.003986487 -0.738962591 -0.002898570 -0.003989125 0.999987841 25.224832535
0.999997914 0.000573428 0.001979685 0.480220973 -0.000581814 0.999990880 0.004237741 -0.748021603 -0.001977237 -0.004238884 0.999989092 25.772943497
0.999994755 0.002129375 0.002433683 0.481272727 -0.002139593 0.999988914 0.004203627 -0.763920009 -0.002424705 -0.004208812 0.999988198 26.325534821
0.999997437 0.001319506 0.001797640 0.491591901 -0.001327840 0.999988317 0.004642450 -0.787340760 -0.001791493 -0.004644825 0.999987602 26.861122131
0.999998331 0.001519870 0.000991125 0.508105338 -0.001524877 0.999986053 0.005071530 -0.807802737 -0.000983403 -0.005073033 0.999986649 27.412490845
0.999997914 0.001688295 0.001080688 0.516413331 -0.001693595 0.999986410 0.004922194 -0.820939720 -0.001072363 -0.004924016 0.999987245 27.955049515
0.999998152 0.001568484 0.001062899 0.514776766 -0.001573316 0.999988377 0.004561173 -0.831167579 -0.001055733 -0.004562838 0.999989033 28.479518890
0.999999046 0.001246438 0.000493812 0.530037582 -0.001248716 0.999988437 0.004639351 -0.842887223 -0.000488024 -0.004639964 0.999989092 29.035959244
0.999996305 0.002564062 0.000809337 0.529663682 -0.002567099 0.999989569 0.003774225 -0.850671411 -0.000799651 -0.003776289 0.999992549 29.570352554
0.999997258 0.002163204 0.000792711 0.535000026 -0.002166745 0.999987483 0.004493749 -0.870201707 -0.000782980 -0.004495456 0.999989569 30.110471725
0.999999166 0.001255387 0.000333998 0.527483821 -0.001256800 0.999990106 0.004264011 -0.893073022 -0.000328642 -0.004264426 0.999990880 30.627826691
0.999999285 0.001159361 0.000277338 0.538794458 -0.001160648 0.999988377 0.004685210 -0.908607304 -0.000271903 -0.004685528 0.999989033 31.174966812
0.999999404 0.000998771 -0.000243104 0.546664357 -0.000997761 0.999990940 0.004118194 -0.917165697 0.000247215 -0.004117950 0.999991536 31.720392227
0.999998033 0.001944477 -0.000181072 0.556707799 -0.001943708 0.999989450 0.004157985 -0.934111595 0.000189155 -0.004157626 0.999991298 32.297443390
0.999998987 0.001399223 -0.000506747 0.560195148 -0.001397212 0.999991238 0.003948775 -0.946093738 0.000512268 -0.003948063 0.999992013 32.797294617
0.999998808 0.001022704 -0.001225295 0.576232374 -0.001017466 0.999990404 0.004268309 -0.970068097 0.001229648 -0.004267056 0.999990165 33.332370758
0.999998331 0.001507811 -0.000997430 0.591636300 -0.001503321 0.999988794 0.004486182 -0.978703558 0.001004183 -0.004484675 0.999989390 33.865612030
0.999998271 0.001334733 -0.001258700 0.583349228 -0.001329059 0.999988973 0.004498569 -0.993212342 0.001264691 -0.004496890 0.999989092 34.367168427
0.999997675 0.001377976 -0.001640588 0.594378173 -0.001371147 0.999990344 0.004156809 -1.002520204 0.001646300 -0.004154550 0.999990046 34.920642853
0.999998391 0.000696833 -0.001620268 0.604545712 -0.000689923 0.999990702 0.004261940 -1.015090942 0.001623223 -0.004260816 0.999989629 35.463283539
0.999998093 0.001353996 -0.001402909 0.595268786 -0.001348111 0.999990344 0.004188091 -1.038450122 0.001408566 -0.004186192 0.999990284 35.967712402
0.999999046 0.000228174 -0.001340849 0.598226905 -0.000222517 0.999991059 0.004217661 -1.059004307 0.001341799 -0.004217359 0.999990225 36.520889282
0.999998391 0.000706777 -0.001660345 0.606133580 -0.000699403 0.999989867 0.004437772 -1.074379444 0.001663464 -0.004436604 0.999988794 37.070663452
0.999998450 0.000418314 -0.001707716 0.614418924 -0.000411481 0.999991834 0.003999539 -1.082823515 0.001709374 -0.003998830 0.999990582 37.623298645
0.999998510 0.000198280 -0.001727044 0.614922941 -0.000190790 0.999990523 0.004335587 -1.108628154 0.001727888 -0.004335251 0.999989092 38.121456146
0.999998331 0.000698799 -0.001657900 0.623441339 -0.000691867 0.999990880 0.004177623 -1.117681384 0.001660804 -0.004176469 0.999989867 38.667537689
0.999998868 0.000391992 -0.001414494 0.633936405 -0.000385984 0.999990880 0.004244887 -1.130443692 0.001416145 -0.004244337 0.999989986 39.205867767
0.999998927 0.000424796 -0.001410777 0.623755515 -0.000418613 0.999990344 0.004380861 -1.148682833 0.001412624 -0.004380266 0.999989331 39.711688995
0.999998033 0.000506289 -0.001917882 0.639055610 -0.000497702 0.999989867 0.004475189 -1.164372444 0.001920128 -0.004474226 0.999988139 40.264396667
0.999998391 0.000271796 -0.001738748 0.651481628 -0.000263772 0.999989390 0.004613826 -1.173013926 0.001739982 -0.004613360 0.999987781 40.812442780
0.999999285 0.000214261 -0.001113427 0.631440222 -0.000209252 0.999989867 0.004497726 -1.197219849 0.001114380 -0.004497489 0.999989271 41.311027527
0.999999642 0.000534218 -0.000710921 0.637239099 -0.000531073 0.999990106 0.004415621 -1.209970832 0.000713273 -0.004415241 0.999989986 41.859687805
0.999999225 -0.000104318 -0.001141093 0.663847566 0.000109779 0.999988556 0.004786397 -1.233277917 0.001140580 -0.004786518 0.999987960 42.386787415
0.999998927 0.000192051 -0.001423702 0.672114611 -0.000184469 0.999985814 0.005323067 -1.249164581 0.001424704 -0.005322800 0.999984801 42.899787903
0.999999404 0.000883996 -0.000488850 0.654780626 -0.000881701 0.999988675 0.004674009 -1.262409329 0.000492976 -0.004673575 0.999988973 43.412006378
0.999999583 0.000768843 -0.000495249 0.663183570 -0.000766549 0.999989033 0.004618689 -1.275762200 0.000498794 -0.004618308 0.999989212 43.950000763
0.999999464 0.000538546 -0.000817293 0.678904116 -0.000534836 0.999989569 0.004532592 -1.282391787 0.000819725 -0.004532152 0.999989331 44.492973328
0.999999225 0.001247830 -0.000005835 0.672287762 -0.001247797 0.999991596 0.003903644 -1.294593692 0.000010707 -0.003903634 0.999992371 44.996532440
0.999998093 0.001768096 0.000840869 0.676172256 -0.001771249 0.999991357 0.003764041 -1.301175117 -0.000834207 -0.003765523 0.999992549 45.545085907
0.999998510 0.001662429 0.000482021 0.693389237 -0.001664203 0.999991775 0.003703627 -1.319586635 -0.000475860 -0.003704424 0.999993026 46.081222534
0.999998748 0.001594324 -0.000005282 0.688806891 -0.001594291 0.999991059 0.003921917 -1.342753291 0.000011534 -0.003921903 0.999992251 46.571887970
0.999999106 0.001072447 -0.000889286 0.705206752 -0.001068805 0.999991179 0.004086515 -1.356438875 0.000893660 -0.004085561 0.999991238 47.128524780
0.999999344 0.001134405 -0.000415398 0.709553123 -0.001132892 0.999992907 0.003624538 -1.368029356 0.000419506 -0.003624065 0.999993324 47.672557831
0.999999106 0.001347391 0.000026289 0.716954410 -0.001347490 0.999990165 0.004239704 -1.386708140 -0.000020576 -0.004239735 0.999991000 48.198364258
0.999999166 0.001093909 0.000664752 0.714473128 -0.001096526 0.999991536 0.003950197 -1.403262138 -0.000660426 -0.003950922 0.999991953 48.651687622
0.999999106 0.001204834 0.000531157 0.729068696 -0.001206826 0.999992132 0.003768296 -1.414532900 -0.000526613 -0.003768933 0.999992728 49.196838379
0.999998629 0.001597125 0.000577258 0.734802663 -0.001599306 0.999991477 0.003799678 -1.425651431 -0.000571185 -0.003800596 0.999992609 49.735157013
1.000000000 0.000223109 0.000043386 0.749440253 -0.000223285 0.999991596 0.004088918 -1.456493855 -0.000042472 -0.004088927 0.999991596 50.212505341
0.999999940 0.000241211 0.000288294 0.759440303 -0.000242419 0.999991179 0.004197985 -1.468631148 -0.000287279 -0.004198055 0.999991119 50.760818481
0.999999642 0.000837272 0.000430132 0.767186165 -0.000838905 0.999992371 0.003810149 -1.478208303 -0.000426939 -0.003810507 0.999992669 51.299537659
0.999999642 0.000831129 0.000287860 0.789681017 -0.000832337 0.999990761 0.004223484 -1.495519519 -0.000284347 -0.004223722 0.999991059 51.821418762
0.999999344 0.000694207 0.000871651 0.767150640 -0.000697998 0.999990225 0.004357792 -1.519154906 -0.000868616 -0.004358398 0.999990046 52.294487000
0.999998748 0.001332317 0.000889769 0.777567327 -0.001336448 0.999988258 0.004658562 -1.534369469 -0.000883552 -0.004659746 0.999988735 52.838287354
0.999999940 0.000295041 0.000351406 0.810334325 -0.000296658 0.999989271 0.004614614 -1.551641226 -0.000350041 -0.004614718 0.999989271 53.380748749
0.999997973 0.001322651 0.001534501 0.778493881 -0.001328619 0.999991536 0.003894151 -1.564005852 -0.001529337 -0.003896182 0.999991238 53.863182068
0.999997079 0.001552719 0.001870265 0.788760304 -0.001559436 0.999992251 0.003595756 -1.575188994 -0.001864668 -0.003598661 0.999991775 54.413188934
0.999998808 0.001068695 0.001112570 0.810322404 -0.001072548 0.999993443 0.003468034 -1.578380585 -0.001108856 -0.003469223 0.999993443 54.969905853
0.999997497 0.001489126 0.001662963 0.801779866 -0.001495661 0.999991059 0.003935992 -1.604107022 -0.001657087 -0.003938470 0.999990880 55.428173065
0.999997079 0.001654602 0.001777793 0.813986778 -0.001661875 0.999990165 0.004098014 -1.621066928 -0.001770996 -0.004100957 0.999990046 55.973037720
0.999996483 0.001660939 0.002095514 0.829742193 -0.001668751 0.999991655 0.003731987 -1.630259156 -0.002089298 -0.003735471 0.999990821 56.514099121
0.999996781 0.001411252 0.002075679 0.834746301 -0.001419510 0.999991059 0.003982417 -1.645516157 -0.002070040 -0.003985351 0.999989867 57.058914185
0.999996722 0.000975092 0.002377312 0.826913476 -0.000985183 0.999990523 0.004247184 -1.684658766 -0.002373148 -0.004249512 0.999988139 57.505710602
0.999996781 0.000835445 0.002390758 0.836608589 -0.000844786 0.999992013 0.003908597 -1.695578456 -0.002387473 -0.003910604 0.999989569 58.045394897
0.999997318 0.001004776 0.002118670 0.851427019 -0.001012652 0.999992609 0.003719649 -1.716069102 -0.002114917 -0.003721783 0.999990880 58.579978943
0.999997735 0.000207732 0.002121234 0.853635252 -0.000215370 0.999993503 0.003601347 -1.724556804 -0.002120473 -0.003601796 0.999991179 59.057476044
0.999996543 0.000671320 0.002530766 0.860372066 -0.000681148 0.999992192 0.003884864 -1.736608863 -0.002528138 -0.003886574 0.999989212 59.615451813
0.999996364 0.001013729 0.002516192 0.873066902 -0.001022029 0.999994040 0.003299951 -1.744297147 -0.002512832 -0.003302510 0.999991357 60.169982910
0.999996126 0.000755477 0.002682677 0.882133126 -0.000765119 0.999993265 0.003594906 -1.767313719 -0.002679943 -0.003596945 0.999989927 60.609760284
0.999994397 0.001161594 0.003152483 0.890065908 -0.001171961 0.999993920 0.003288609 -1.777810693 -0.003148644 -0.003292285 0.999989629 61.157039642
0.999995887 0.000468016 0.002810878 0.910270035 -0.000476872 0.999994934 0.003150709 -1.797742128 -0.002809388 -0.003152037 0.999991059 61.691711426
0.999994695 0.000531991 0.003205731 0.906769216 -0.000544433 0.999992311 0.003881831 -1.822483182 -0.003203642 -0.003883556 0.999987245 62.159576416
0.999994576 0.000881443 0.003175291 0.917002439 -0.000892150 0.999993920 0.003372666 -1.837152839 -0.003172299 -0.003375480 0.999989271 62.710182190
0.999992609 0.001313627 0.003614318 0.933817923 -0.001326411 0.999992907 0.003537455 -1.852933168 -0.003609645 -0.003542223 0.999987125 63.243041992
0.999993443 0.000479421 0.003595443 0.921436548 -0.000492601 0.999993086 0.003665796 -1.869233727 -0.003593661 -0.003667542 0.999986827 63.694789886
0.999993682 -0.000430817 0.003535348 0.941234469 0.000420292 0.999995470 0.002977403 -1.880739689 -0.003536615 -0.002975898 0.999989331 64.234909058
0.999991953 -0.000215580 0.004018402 0.953860760 0.000202214 0.999994457 0.003326464 -1.895314574 -0.004019097 -0.003325624 0.999986351 64.773750305
0.999991417 0.000408271 0.004113144 0.954279006 -0.000422280 0.999994040 0.003406176 -1.916891575 -0.004111729 -0.003407884 0.999985695 65.239990234
0.999989748 0.000935969 0.004421953 0.965316057 -0.000949761 0.999994576 0.003118088 -1.930006027 -0.004419010 -0.003122256 0.999985337 65.796966553
0.999992192 0.000248475 0.003935072 0.988630533 -0.000261506 0.999994397 0.003311349 -1.947450876 -0.003934226 -0.003312353 0.999986768 66.317428589
0.999990404 0.000783806 0.004307642 0.988684297 -0.000799487 0.999993086 0.003639657 -1.970481277 -0.004304759 -0.003643066 0.999984086 66.796249390
0.999990702 0.000441600 0.004273039 1.003985405 -0.000456404 0.999993980 0.003463807 -1.981463790 -0.004271482 -0.003465725 0.999984860 67.337715149
0.999989986 0.001276069 0.004288424 1.006628036 -0.001291397 0.999992728 0.003573281 -1.995556355 -0.004283833 -0.003578783 0.999984384 67.886642456
0.999991357 0.000420219 0.004129666 1.032557964 -0.000434655 0.999993801 0.003494899 -2.021785259 -0.004128172 -0.003496664 0.999985337 68.341438293
0.999988496 0.000973970 0.004677726 1.041751981 -0.000989362 0.999994099 0.003289153 -2.034337997 -0.004674495 -0.003293743 0.999983668 68.890365601
0.999987781 0.000867469 0.004872235 1.047731876 -0.000882451 0.999994934 0.003073338 -2.050375223 -0.004869544 -0.003077600 0.999983370 69.436637878
0.999985993 0.000980391 0.005201445 1.047216177 -0.000995466 0.999995291 0.002896602 -2.065664530 -0.005198581 -0.002901739 0.999982238 69.879951477
0.999988496 -0.000479179 0.004776405 1.061749220 0.000461663 0.999993086 0.003667776 -2.111577272 -0.004778130 -0.003665528 0.999981880 70.412902832
0.999985993 -0.000019275 0.005296382 1.069736004 0.000000493 0.999993682 0.003546420 -2.122797966 -0.005296417 -0.003546368 0.999979734 70.961601257
0.999988794 -0.000885356 0.004663978 1.085110426 0.000867223 0.999992013 0.003888565 -2.149440527 -0.004667384 -0.003884477 0.999981582 71.483482361
0.999987781 -0.000262376 0.004930790 1.084296227 0.000243786 0.999992847 0.003770749 -2.168947458 -0.004931745 -0.003769502 0.999980688 71.983413696
0.999988019 -0.000087699 0.004881199 1.100834250 0.000070588 0.999993920 0.003505730 -2.184637785 -0.004881477 -0.003505344 0.999981940 72.527885437
0.999986291 0.000652976 0.005198414 1.110386014 -0.000671907 0.999993205 0.003640729 -2.193378925 -0.005196001 -0.003644172 0.999979854 73.102706909
0.999987483 0.000242971 0.004980966 1.118841171 -0.000259571 0.999994397 0.003332386 -2.215903282 -0.004980128 -0.003333637 0.999982059 73.554611206
0.999988079 -0.000201739 0.004874147 1.137898684 0.000185306 0.999994338 0.003371467 -2.226429462 -0.004874799 -0.003370523 0.999982476 74.106155396
0.999989331 0.000042014 0.004611798 1.153116345 -0.000056952 0.999994755 0.003239118 -2.235774517 -0.004611637 -0.003239346 0.999984145 74.641891479
0.999987602 -0.000464199 0.004960661 1.158399820 0.000447889 0.999994457 0.003288360 -2.273180008 -0.004962160 -0.003286097 0.999982297 75.117034912
0.999987185 0.000321240 0.005054768 1.169120193 -0.000338553 0.999994040 0.003424475 -2.283817768 -0.005053638 -0.003426142 0.999981403 75.668960571
0.999989092 -0.000732153 0.004608909 1.183470488 0.000715888 0.999993563 0.003529620 -2.311837673 -0.004611463 -0.003526282 0.999983132 76.152183533
0.999987721 -0.000714192 0.004909070 1.186406374 0.000698012 0.999994338 0.003296668 -2.333518505 -0.004911396 -0.003293201 0.999982536 76.658721924
0.999987423 0.000331103 0.005013016 1.198941469 -0.000347819 0.999994397 0.003334305 -2.343780994 -0.005011884 -0.003336006 0.999981880 77.206382751
0.999981284 0.002203757 0.005710879 1.195627213 -0.002218643 0.999994159 0.002601742 -2.348983288 -0.005705112 -0.002614363 0.999980330 77.736755371
0.999984860 0.000970393 0.005414516 1.209391236 -0.000988611 0.999993861 0.003363021 -2.387263060 -0.005411220 -0.003368324 0.999979615 78.284820557
0.999978542 0.001121301 0.006463992 1.221958280 -0.001145192 0.999992549 0.003693256 -2.403938532 -0.006459804 -0.003700579 0.999972224 78.834266663
0.999967396 0.000394953 0.008064380 1.242759228 -0.000429679 0.999990642 0.004304726 -2.425335884 -0.008062605 -0.004308051 0.999958158 79.358383179
0.999960899 0.000196508 0.008833702 1.248443604 -0.000228292 0.999993443 0.003597259 -2.449481010 -0.008832937 -0.003599135 0.999954522 79.850860596
0.999952495 0.000762213 0.009713285 1.261761785 -0.000799404 0.999992311 0.003825607 -2.461911201 -0.009710295 -0.003833190 0.999945521 80.401603699
0.999915361 0.000931207 0.012976223 1.277526140 -0.000983061 0.999991536 0.003990338 -2.492838860 -0.012972398 -0.004002757 0.999907851 80.929916382
0.999853909 0.001012161 0.017061338 1.295810580 -0.001081311 0.999991238 0.004044303 -2.509617090 -0.017057098 -0.004062161 0.999846220 81.403251648
0.999795914 0.001129768 0.020169970 1.322675467 -0.001220789 0.999989152 0.004501006 -2.526181459 -0.020164665 -0.004524711 0.999786437 81.945816040
0.999702632 0.000704049 0.024375139 1.349496603 -0.000811593 0.999989986 0.004402395 -2.538668871 -0.024371799 -0.004420870 0.999693215 82.493041992
0.999542475 0.001062801 0.030227656 1.374289870 -0.001190012 0.999990523 0.004190736 -2.561162472 -0.030222908 -0.004224790 0.999534249 82.964530945
0.999350309 0.000799768 0.036031943 1.411302090 -0.000935883 0.999992549 0.003760934 -2.572715521 -0.036028661 -0.003792212 0.999343574 83.515617371
0.999112546 0.000824257 0.042111903 1.444555521 -0.000993369 0.999991477 0.003995006 -2.585385084 -0.042108253 -0.004033293 0.999104977 84.061241150
0.998752177 0.000030411 0.049940441 1.489714622 -0.000269368 0.999988556 0.004778129 -2.654005527 -0.049939726 -0.004785619 0.998740792 84.520874023
0.998272240 0.000034680 0.058758274 1.538206816 -0.000276783 0.999991477 0.004112180 -2.661892176 -0.058757637 -0.004121338 0.998263776 85.074516296
0.997843206 -0.000596483 0.065640509 1.591545105 0.000312769 0.999990582 0.004332408 -2.674014330 -0.065642484 -0.004302533 0.997833908 85.637901306
0.997235119 -0.000540392 0.074307226 1.655057907 0.000217740 0.999990582 0.004350182 -2.683132887 -0.074308880 -0.004321975 0.997225881 86.134460449
0.996288121 0.001147760 0.086073667 1.619561672 -0.001556948 0.999987781 0.004686951 -2.719659090 -0.086067252 -0.004803566 0.996277750 86.766380310
0.995492578 0.000599649 0.094837703 1.688259125 -0.001028424 0.999989450 0.004472317 -2.723923206 -0.094834030 -0.004549692 0.995482683 87.319343567
0.994792640 -0.000099199 0.101919353 1.765306473 -0.000370121 0.999989450 0.004585887 -2.745311975 -0.101918727 -0.004599730 0.994782090 87.854011536
0.993581951 0.000996690 0.113109440 1.794887543 -0.001542759 0.999987602 0.004740349 -2.780263662 -0.113103308 -0.004884427 0.993571162 88.491996765
0.992361188 0.000874377 0.123363540 1.889166832 -0.001506127 0.999986231 0.005027865 -2.791561604 -0.123357423 -0.005175258 0.992348850 89.030021667
0.991201699 0.000072636 0.132360429 1.984347343 -0.000700482 0.999988735 0.004696901 -2.810431957 -0.132358596 -0.004748293 0.991190553 89.541694641
0.989519298 0.000087681 0.144400150 2.060821533 -0.000769140 0.999988794 0.004663427 -2.815142155 -0.144398138 -0.004725615 0.989508331 90.149314880
0.987600744 -0.000253241 0.156985924 2.165603638 -0.000430870 0.999990523 0.004323744 -2.826641321 -0.156985521 -0.004337773 0.987591326 90.684616089
0.985814333 -0.000310762 0.167839259 2.274253845 -0.000416113 0.999990702 0.004295596 -2.838884592 -0.167839020 -0.004304499 0.985805035 91.213378906
0.983980238 -0.000562736 0.178276867 2.381669998 -0.000238112 0.999989986 0.004470727 -2.853631496 -0.178277627 -0.004441557 0.983970225 91.754272461
0.981310010 -0.000191499 0.192433402 2.436666489 -0.000909166 0.999983668 0.005631406 -2.914919376 -0.192431375 -0.005701109 0.981293797 92.307678223
0.978942394 -0.001031440 0.204133868 2.576248169 -0.000040187 0.999986172 0.005245415 -2.922154427 -0.204136476 -0.005143162 0.978928864 92.829887390
0.976847470 -0.001533863 0.213931173 2.716964722 0.000310333 0.999983430 0.005752735 -2.948436022 -0.213936448 -0.005553155 0.976831794 93.311561584
0.973570406 -0.000477444 0.228386715 2.809051514 -0.000748921 0.999985695 0.005282986 -2.934103966 -0.228385970 -0.005314403 0.973556101 93.940361023
0.970306516 -0.000871796 0.241877198 2.961711884 -0.000336402 0.999987662 0.004953744 -2.941281796 -0.241878524 -0.004888017 0.970294297 94.470451355
0.967570841 -0.001429551 0.252595901 3.119045258 0.000211489 0.999988198 0.004849258 -2.952587605 -0.252599835 -0.004638580 0.967559755 94.981201172
0.964461684 -0.001727630 0.264217079 3.223937988 0.000283632 0.999984801 0.005503247 -2.976889133 -0.264222592 -0.005232730 0.964447558 95.488578796
0.960759759 -0.002129094 0.277373701 3.401775360 0.000642713 0.999984920 0.005449576 -2.991430283 -0.277381182 -0.005057461 0.960746706 96.002502441
0.957062662 -0.002393434 0.289871216 3.579996109 0.000776255 0.999983549 0.005693799 -3.010269880 -0.289880067 -0.005224308 0.957048774 96.521903992
0.953487754 -0.001731645 0.301426679 3.778083801 -0.000025088 0.999983072 0.005824090 -3.027242184 -0.301431626 -0.005560761 0.953471601 97.048461914
0.948498964 -0.001091152 0.316778630 3.903156281 -0.000966701 0.999979556 0.006338953 -3.052666664 -0.316779077 -0.006318721 0.948478341 97.629180908
0.943747699 -0.002151029 0.330659509 4.115554810 0.000119048 0.999980986 0.006165367 -3.060948372 -0.330666542 -0.005779186 0.943730056 98.152610779
0.939609408 -0.002049037 0.342242509 4.320407867 0.000000576 0.999982119 0.005985403 -3.066261768 -0.342248708 -0.005623743 0.939592540 98.655868530
0.934788704 -0.002660207 0.355194151 4.529325485 0.000544693 0.999981582 0.006055801 -3.077853441 -0.355203688 -0.005467424 0.934772968 99.178382874
0.928757608 -0.001959397 0.370682448 4.691104889 -0.000627258 0.999976218 0.006857410 -3.139858961 -0.370687038 -0.006601384 0.928734362 99.735511780
0.923826158 -0.002173704 0.382806033 4.927099228 -0.000719680 0.999972224 0.007414991 -3.158414602 -0.382811546 -0.007125660 0.923798978 100.227424622
0.918740332 -0.001935829 0.394857466 5.153129578 -0.001071866 0.999971986 0.007396445 -3.162482262 -0.394860804 -0.007218646 0.918712676 100.746177673
0.912923634 -0.003436471 0.408115923 5.415660858 0.000700880 0.999976277 0.006852316 -3.166362524 -0.408129752 -0.005969601 0.912904382 101.233558655
0.905353367 0.000695435 0.424658448 5.513141632 -0.005147483 0.999943137 0.009336668 -3.216372252 -0.424627841 -0.010638907 0.905305445 101.728347778
0.900218308 0.000507797 0.435438454 5.771789551 -0.004998854 0.999945462 0.009168440 -3.225610256 -0.435410023 -0.010430291 0.900171816 102.207824707
0.894135654 0.000090688 0.447796136 6.034111023 -0.004630809 0.999948382 0.009044045 -3.236328602 -0.447772205 -0.010160263 0.894089937 102.693954468
0.887606502 -0.000167839 0.460602641 6.320049286 -0.004677233 0.999945045 0.009377653 -3.259978771 -0.460578918 -0.010478011 0.887556911 103.153419495
0.881880045 -0.003067668 0.471463889 6.605331421 -0.000316864 0.999974847 0.007099222 -3.202327251 -0.471473694 -0.006410053 0.881856918 103.642646790
0.875858605 -0.003337912 0.482556373 6.887649536 -0.000303029 0.999972045 0.007466962 -3.216958046 -0.482567787 -0.006686231 0.875833094 104.111892700
0.868276238 -0.004178274 0.496063352 7.170234680 0.000682354 0.999973595 0.007228297 -3.228687286 -0.496080488 -0.005937668 0.868256271 104.562347412
