1.000000000 0.000000000 0.000000000 0.000000000 0.000000000 1.000000000 0.000000000 0.000000000 0.000000000 0.000000000 1.000000000 0.000000000
1.000000000 0.000024480 0.000136406 -0.003392551 -0.000024452 1.000000000 -0.000208142 0.004372670 -0.000136411 0.000208138 0.999999940 0.004237237
1.000000000 0.000045937 0.000073542 -0.002319783 -0.000045927 1.000000000 -0.000134195 0.002371887 -0.000073548 0.000134192 1.000000000 0.000711090
0.999999940 0.000328553 0.000112646 0.000057374 -0.000328539 0.999999940 -0.000131759 0.003595961 -0.000112689 0.000131721 1.000000000 -0.001885396
1.000000000 0.000231587 0.000046680 0.002578381 -0.000231584 0.999999940 -0.000081336 0.002033727 -0.000046699 0.000081325 1.000000000 -0.001326954
1.000000000 0.000147116 0.000061656 0.000343584 -0.000147113 1.000000000 -0.000060234 0.002084588 -0.000061665 0.000060225 1.000000000 -0.001472926
1.000000000 0.000121331 0.000128564 -0.001939729 -0.000121318 1.000000000 -0.000097598 0.002119562 -0.000128576 0.000097583 1.000000000 -0.000623110
1.000000000 0.000028139 -0.000002611 0.000842877 -0.000028139 1.000000000 -0.000027093 0.001695342 0.000002610 0.000027093 1.000000000 -0.002425554
1.000000000 0.000047470 0.000136145 -0.005095231 -0.000047442 1.000000000 -0.000207705 0.004229208 -0.000136155 0.000207699 0.999999940 0.004377250
0.999999940 0.000196566 0.000225731 -0.004714834 -0.000196536 1.000000000 -0.000132232 0.002213596 -0.000225757 0.000132187 0.999999940 -0.001381804
0.999999940 0.000197738 0.000210794 -0.003977803 -0.000197704 0.999999940 -0.000159114 0.002428493 -0.000210825 0.000159073 0.999999940 -0.000543717
1.000000000 0.000161779 0.000083351 0.000165299 -0.000161773 1.000000000 -0.000079364 0.002337561 -0.000083364 0.000079350 1.000000000 -0.004795906
1.000000000 0.000104548 0.000186093 -0.005423773 -0.000104540 1.000000000 -0.000042818 0.000509817 -0.000186097 0.000042798 1.000000000 -0.003059393
1.000000000 -0.000022270 0.000100778 -0.003120456 0.000022280 1.000000000 -0.000094447 0.000591039 -0.000100776 0.000094449 1.000000000 -0.001763196
1.000000000 0.000072555 0.000084646 -0.000836618 -0.000072544 1.000000000 -0.000127960 0.002631971 -0.000084656 0.000127954 1.000000000 -0.003443388
1.000000000 -0.000195102 -0.000117657 0.002357000 0.000195098 1.000000000 -0.000032695 0.000784308 0.000117663 0.000032672 1.000000000 -0.006600245
1.000000000 -0.000232478 0.000006181 -0.002312999 0.000232479 0.999999940 -0.000118954 0.000839585 -0.000006153 0.000118955 1.000000000 -0.004925659
1.000000000 -0.000055327 0.000048985 0.000252887 0.000055329 1.000000000 -0.000036252 0.000385347 -0.000048983 0.000036255 1.000000000 -0.006594021
1.000000000 0.000113960 0.000000787 0.000324328 -0.000113960 1.000000000 0.000008348 0.002104788 -0.000000786 -0.000008348 1.000000000 -0.007847167
1.000000000 -0.000078491 -0.000002766 -0.001697485 0.000078491 1.000000000 -0.000034196 -0.000315187 0.000002768 0.000034195 1.000000000 -0.007355356
1.000000000 -0.000007549 0.000068465 -0.001108528 0.000007554 1.000000000 -0.000079359 0.000830466 -0.000068465 0.000079360 1.000000000 -0.007708455
1.000000000 -0.000129245 0.000019952 0.000234504 0.000129245 1.000000000 -0.000021161 -0.000504342 -0.000019950 0.000021164 1.000000000 -0.004062535
1.000000000 0.000140308 0.000173243 -0.006066230 -0.000140274 0.999999940 -0.000200920 0.003588340 -0.000173272 0.000200895 0.999999940 0.003529088
1.000000000 -0.000094647 -0.000082646 0.000685111 0.000094638 1.000000000 -0.000105050 0.000694034 0.000082656 0.000105042 1.000000000 0.000450771
1.000000000 -0.000076903 0.000017372 -0.000875967 0.000076904 1.000000000 -0.000009424 0.002337934 -0.000017371 0.000009426 1.000000000 0.000146833
1.000000000 -0.000001119 -0.000044824 0.002454508 0.000001113 1.000000000 -0.000142180 0.003292299 0.000044824 0.000142180 1.000000000 -0.006696312
1.000000000 -0.000066400 0.000114237 -0.003170887 0.000066418 1.000000000 -0.000156213 0.003548744 -0.000114226 0.000156221 1.000000000 -0.001176142
0.999999940 0.000258390 0.000213982 -0.005400718 -0.000258347 0.999999940 -0.000201577 0.003357488 -0.000214034 0.000201522 0.999999940 0.000215581
1.000000000 0.000027820 0.000114506 -0.003332537 -0.000027817 1.000000000 -0.000026913 0.002068836 -0.000114507 0.000026910 1.000000000 -0.000685800
1.000000000 -0.000193299 0.000011400 -0.004493816 0.000193301 0.999999940 -0.000161236 0.005888108 -0.000011369 0.000161238 1.000000000 0.002558996
1.000000000 -0.000072817 0.000040075 -0.003641481 0.000072820 1.000000000 -0.000091275 0.002510966 -0.000040068 0.000091278 1.000000000 0.000874089
1.000000000 -0.000117906 0.000126240 -0.003839499 0.000117904 1.000000000 0.000018830 0.001363660 -0.000126242 -0.000018816 1.000000000 0.000957242
1.000000000 -0.000182789 0.000083137 -0.005037613 0.000182790 1.000000000 -0.000019964 0.001968759 -0.000083134 0.000019979 1.000000000 -0.001342381
1.000000000 -0.000124757 0.000001166 -0.002580363 0.000124757 1.000000000 0.000003885 0.001564165 -0.000001166 -0.000003885 1.000000000 -0.002880760
1.000000000 0.000083545 0.000056068 -0.003743278 -0.000083537 1.000000000 -0.000142882 0.001462373 -0.000056080 0.000142877 1.000000000 -0.000298848
1.000000000 0.000053002 0.000105253 -0.004557589 -0.000052991 1.000000000 -0.000105500 0.002743109 -0.000105258 0.000105494 1.000000000 0.000152013
1.000000000 -0.000156176 -0.000178902 0.003328093 0.000156199 1.000000000 0.000126865 -0.000462865 0.000178882 -0.000126893 1.000000000 -0.012941693
1.000000000 0.000001900 0.000068444 -0.003545086 -0.000001882 0.999999940 -0.000261268 0.004347820 -0.000068444 0.000261268 0.999999940 0.000983243
1.000000000 -0.000166215 0.000069628 -0.002861828 0.000166217 1.000000000 -0.000021181 0.001851148 -0.000069625 0.000021192 1.000000000 -0.000571150
1.000000000 -0.000040288 -0.000051428 0.001266788 0.000040296 1.000000000 0.000153872 -0.001033755 0.000051421 -0.000153874 1.000000000 -0.008830713
0.999999940 -0.000270935 -0.000135860 0.000248398 0.000270935 0.999999940 -0.000003713 -0.000886377 0.000135861 0.000003676 1.000000000 -0.000527179
1.000000000 0.000052206 0.000087168 0.002008793 -0.000052153 0.999999821 -0.000613714 -0.003936651 -0.000087200 0.000613710 0.999999821 0.049062740
1.000000000 0.000045408 -0.000014100 -0.000114904 -0.000045430 0.999998808 -0.001556860 0.001195861 0.000014030 0.001556860 0.999998808 0.148077369
1.000000000 -0.000038394 -0.000063150 0.004587121 0.000038294 0.999998748 -0.001579309 -0.007464557 0.000063210 0.001579306 0.999998748 0.265166759
1.000000000 -0.000203818 0.000034138 0.002434732 0.000203865 0.999998987 -0.001399023 -0.012302111 -0.000033853 0.001399030 0.999999046 0.395892739
1.000000000 0.000026225 -0.000099616 0.004933428 -0.000026342 0.999999285 -0.001179167 -0.017551566 0.000099585 0.001179170 0.999999285 0.537706733
1.000000000 -0.000018362 0.000152972 0.006251293 0.000018508 0.999999523 -0.000952997 -0.031672243 -0.000152954 0.000953000 0.999999523 0.680159867
0.999999940 -0.000380280 0.000020304 0.019643558 0.000380292 0.999999762 -0.000622592 -0.032076348 -0.000020067 0.000622600 0.999999821 0.847121000
0.999999940 -0.000249299 -0.000155127 0.023354555 0.000249209 0.999999821 -0.000583342 -0.036853723 0.000155272 0.000583304 0.999999821 1.030448079
0.999999940 -0.000142346 0.000214504 0.015029076 0.000142522 0.999999642 -0.000821273 -0.036445390 -0.000214387 0.000821303 0.999999642 1.211520076
1.000000000 -0.000073751 -0.000020502 0.029769300 0.000073739 0.999999821 -0.000610747 -0.047189519 0.000020547 0.000610746 0.999999821 1.416626930
0.999999464 -0.000701360 -0.000759997 0.043363176 0.000701126 0.999999702 -0.000307061 -0.056546088 0.000760212 0.000306528 0.999999642 1.612052441
0.999999344 -0.000973732 0.000602960 0.030148894 0.000973398 0.999999344 0.000553566 -0.070516236 -0.000603499 -0.000552979 0.999999583 1.693078756
0.999999046 -0.001207191 0.000715067 0.035395529 0.001206676 0.999998987 0.000719898 -0.074996717 -0.000715935 -0.000719035 0.999999404 1.900356412
0.999999642 -0.000708936 0.000440437 0.044213310 0.000708660 0.999999464 0.000627086 -0.086057335 -0.000440881 -0.000626774 0.999999642 2.098047495
0.999999762 -0.000610647 0.000274293 0.050773356 0.000610418 0.999999464 0.000836425 -0.092087060 -0.000274803 -0.000836258 0.999999642 2.319074869
0.999999583 -0.000738789 0.000520856 0.046489794 0.000738342 0.999999404 0.000857309 -0.099542037 -0.000521489 -0.000856924 0.999999523 2.545676470
0.999999523 -0.000348092 0.000911092 0.052014969 0.000347009 0.999999166 0.001188682 -0.107969284 -0.000911505 -0.001188365 0.999998868 2.784071922
0.999999464 -0.000422620 0.000940135 0.055570848 0.000421501 0.999999166 0.001189809 -0.122716136 -0.000940637 -0.001189412 0.999998808 3.018762112
0.999998510 -0.001725887 -0.000080181 0.073222578 0.001725998 0.999997497 0.001405177 -0.128167942 0.000077756 -0.001405313 0.999998987 3.239412546
0.999998510 -0.001730155 -0.000035017 0.083460279 0.001730205 0.999997377 0.001484436 -0.135289833 0.000032449 -0.001484495 0.999998868 3.503806114
0.999999523 -0.000939482 0.000173138 0.083425514 0.000939239 0.999998569 0.001396560 -0.140394434 -0.000174450 -0.001396397 0.999999046 3.755110979
0.999999166 -0.001272590 0.000358749 0.090570696 0.001271981 0.999997735 0.001693524 -0.150411576 -0.000360904 -0.001693066 0.999998510 4.040740013
0.999999523 -0.000936792 0.000077213 0.093909785 0.000936656 0.999998033 0.001744934 -0.155595034 -0.000078847 -0.001744861 0.999998450 4.288675308
0.999998868 -0.001444489 0.000217712 0.087794468 0.001443950 0.999995887 0.002456398 -0.182222486 -0.000221259 -0.002456081 0.999996960 4.514859676
0.999998868 -0.001457118 0.000334531 0.092647731 0.001456214 0.999995410 0.002686043 -0.192314580 -0.000338443 -0.002685553 0.999996305 4.768883705
0.999998987 -0.001377605 0.000374195 0.099092677 0.001376688 0.999996245 0.002441023 -0.193815872 -0.000377557 -0.002440505 0.999996960 5.024491310
0.999997258 -0.002340515 -0.000099295 0.102337107 0.002340754 0.999994218 0.002472619 -0.200245455 0.000093507 -0.002472845 0.999996901 5.299728394
0.999998450 -0.001589650 0.000762924 0.084048800 0.001587515 0.999994993 0.002791107 -0.233227193 -0.000767357 -0.002789892 0.999995768 5.578027725
0.999998569 -0.001540926 0.000707827 0.093538694 0.001538902 0.999994695 0.002850286 -0.240314394 -0.000712215 -0.002849193 0.999995708 5.842703819
0.999999225 -0.000452015 0.001130995 0.094981730 0.000448803 0.999995828 0.002838419 -0.249525830 -0.001132273 -0.002837910 0.999995351 6.120748520
0.999998271 -0.001258958 0.001377869 0.100819863 0.001254805 0.999994695 0.003010719 -0.260649830 -0.001381652 -0.003008984 0.999994576 6.391899109
0.999998152 -0.001714659 0.000941893 0.106373690 0.001711760 0.999993861 0.003070502 -0.277391285 -0.000947152 -0.003068884 0.999994874 6.690781593
0.999998212 -0.001443873 0.001244218 0.114148080 0.001440385 0.999995053 0.002799544 -0.266560763 -0.001248254 -0.002797746 0.999995291 6.997072220
0.999997199 -0.002255931 0.000699375 0.129768804 0.002253547 0.999991655 0.003391809 -0.294890791 -0.000707021 -0.003390223 0.999993920 7.311920643
0.999997139 -0.002371781 0.000398007 0.143113613 0.002370446 0.999991655 0.003321870 -0.307268947 -0.000405882 -0.003320917 0.999994397 7.612442493
0.999996722 -0.002537293 0.000170447 0.159019351 0.002536633 0.999989688 0.003767441 -0.318723381 -0.000180004 -0.003766997 0.999992847 7.938798904
0.999996662 -0.002541498 0.000299261 0.151020691 0.002540409 0.999990284 0.003584077 -0.321572036 -0.000308368 -0.003583305 0.999993563 8.255623817
0.999997973 -0.001903241 0.000587466 0.150776610 0.001901151 0.999991894 0.003537308 -0.327069700 -0.000594194 -0.003536184 0.999993563 8.580041885
0.999996006 -0.002714485 0.000769399 0.132151231 0.002711652 0.999989629 0.003659085 -0.340187013 -0.000779324 -0.003656984 0.999993026 8.897521019
0.999997139 -0.002292637 0.000576792 0.144380838 0.002290655 0.999991477 0.003414442 -0.345396042 -0.000584616 -0.003413112 0.999993980 9.260828972
0.999995410 -0.003021576 0.000313440 0.160766467 0.003020540 0.999990106 0.003255052 -0.350362957 -0.000323272 -0.003254091 0.999994636 9.604623795
0.999994397 -0.003336831 -0.000277343 0.177102119 0.003337752 0.999988675 0.003389117 -0.357663214 0.000266031 -0.003390024 0.999994218 9.959776878
0.999995768 -0.002878412 0.000381021 0.173265740 0.002877118 0.999990165 0.003353609 -0.366640568 -0.000390670 -0.003352498 0.999994218 10.323194504
0.999995232 -0.003094672 -0.000211708 0.187911496 0.003095405 0.999988854 0.003555127 -0.377171338 0.000200704 -0.003555765 0.999993622 10.695857048
0.999992967 -0.003750458 -0.000245611 0.222034425 0.003751320 0.999986529 0.003607849 -0.375563025 0.000232077 -0.003608745 0.999993443 11.053524971
0.999994457 -0.003306199 0.000070164 0.197207808 0.003305833 0.999983549 0.004691482 -0.434967786 -0.000085674 -0.004691225 0.999988973 11.414689064
0.999990940 -0.004250641 -0.000094211 0.209157705 0.004251004 0.999981940 0.004252974 -0.435916811 0.000076132 -0.004253336 0.999990940 11.806344032
0.999993861 -0.003482055 0.000030055 0.213065013 0.003481888 0.999984205 0.004408108 -0.444603264 -0.000045404 -0.004407976 0.999990225 12.173961639
0.999995410 -0.003001500 0.000393451 0.216761008 0.002999611 0.999984384 0.004715622 -0.456523985 -0.000407599 -0.004714421 0.999988794 12.533702850
0.999993980 -0.003457723 0.000072422 0.226584956 0.003457363 0.999984026 0.004482269 -0.464285046 -0.000087919 -0.004481992 0.999989867 12.928462982
0.999990702 -0.004304437 -0.000069541 0.246743053 0.004304730 0.999978304 0.004989618 -0.486017048 0.000048062 -0.004989871 0.999987543 13.315588951
0.999991953 -0.004006289 0.000173064 0.247859180 0.004005524 0.999983013 0.004215203 -0.504045784 -0.000189949 -0.004214475 0.999991119 13.787710190
0.999992490 -0.003852739 0.000418117 0.255902737 0.003850727 0.999981463 0.004711515 -0.513206720 -0.000436261 -0.004709870 0.999988854 14.202418327
0.999991834 -0.004033010 0.000296075 0.270623118 0.004031566 0.999980688 0.004727128 -0.534811795 -0.000315134 -0.004725896 0.999988735 14.630219460
0.999985993 -0.005297508 0.000240062 0.274397552 0.005296225 0.999973118 0.005059909 -0.541072845 -0.000266860 -0.005058567 0.999987125 15.026280403
0.999987006 -0.005087375 0.000285783 0.286082745 0.005085787 0.999972939 0.005306317 -0.549000502 -0.000312770 -0.005304794 0.999985933 15.444594383
0.999984920 -0.005474364 0.000661089 0.300435185 0.005471037 0.999972880 0.004933818 -0.573730826 -0.000688081 -0.004930127 0.999987543 15.910379410
0.999984562 -0.005526511 0.000531099 0.316398084 0.005523642 0.999970913 0.005261425 -0.588100851 -0.000560161 -0.005258411 0.999985993 16.348773956
0.999983311 -0.005710238 0.000871737 0.321258307 0.005705938 0.999971926 0.004857582 -0.595311284 -0.000899450 -0.004852527 0.999987781 16.789821625
0.999980927 -0.006013355 0.001383009 0.321992159 0.006006822 0.999971092 0.004680129 -0.608216822 -0.001411112 -0.004671732 0.999988079 17.246404648
0.999986589 -0.004864652 0.001769790 0.326346934 0.004855374 0.999974668 0.005209401 -0.626358330 -0.001795087 -0.005200739 0.999984860 17.725542068
0.999986649 -0.004672802 0.002197695 0.333149791 0.004661435 0.999975860 0.005149005 -0.636855483 -0.002221702 -0.005138692 0.999984324 18.197353363
0.999985576 -0.004699314 0.002598676 0.348594129 0.004686003 0.999975920 0.005105273 -0.646986842 -0.002622604 -0.005093022 0.999983549 18.666835785
0.999987304 -0.004395314 0.002467690 0.371734232 0.004381273 0.999974310 0.005666679 -0.671161234 -0.002492534 -0.005655796 0.999980867 19.167144775
0.999986291 -0.004331139 0.002957734 0.386396885 0.004314514 0.999975026 0.005604048 -0.676506042 -0.002981932 -0.005591210 0.999979913 19.661396027
0.999982953 -0.005390041 0.002244875 0.390218139 0.005375279 0.999964237 0.006530851 -0.708965302 -0.002279996 -0.006518674 0.999976158 20.109548569
0.999985874 -0.004767721 0.002345999 0.392942190 0.004752194 0.999967039 0.006579992 -0.721123636 -0.002377293 -0.006568751 0.999975622 20.606386185
0.999983013 -0.005547691 0.001751178 0.396268189 0.005535162 0.999959588 0.007080310 -0.738433480 -0.001790387 -0.007070497 0.999973357 21.128149033
0.999984682 -0.005334306 0.001443553 0.410271376 0.005324051 0.999961197 0.007016799 -0.761275649 -0.001480927 -0.007009007 0.999974370 21.654407501
0.999981284 -0.006000986 0.001124960 0.402431548 0.005992744 0.999956131 0.007192560 -0.784685254 -0.001168073 -0.007185684 0.999973416 22.158149719
0.999982774 -0.005776261 0.001001586 0.403953016 0.005768134 0.999951839 0.007935745 -0.803955793 -0.001047377 -0.007929830 0.999967992 22.698778152
0.999981761 -0.006028229 0.000362562 0.407605231 0.006025313 0.999953270 0.007567806 -0.807716429 -0.000408165 -0.007565483 0.999971330 23.237939835
0.999988616 -0.004769204 0.000214297 0.387906820 0.004767366 0.999957681 0.007878948 -0.834658504 -0.000251864 -0.007877837 0.999968886 23.728229523
0.999973416 -0.007229552 -0.000941513 0.407492459 0.007236791 0.999942362 0.007927178 -0.870038271 0.000884149 -0.007933781 0.999968112 24.270034790
0.999975026 -0.006862136 -0.001695265 0.414641500 0.006875481 0.999944389 0.007996120 -0.874632835 0.001640300 -0.008007576 0.999966562 24.811244965
0.999979436 -0.006157082 -0.001762908 0.433620244 0.006172305 0.999942601 0.008764841 -0.889168620 0.001708841 -0.008775543 0.999960005 25.347238541
0.999978364 -0.006228286 -0.002089592 0.409313321 0.006247041 0.999939203 0.009092840 -0.926584125 0.002032832 -0.009105697 0.999956429 25.829320908
0.999972761 -0.006835691 -0.002752289 0.412999541 0.006860211 0.999935925 0.009000754 -0.941928267 0.002690586 -0.009019391 0.999955654 26.401895523
0.999971390 -0.006879128 -0.003142101 0.423631251 0.006909262 0.999929309 0.009682837 -0.947710693 0.003075269 -0.009704270 0.999948144 26.947937012
0.999968886 -0.007211396 -0.003172514 0.435966015 0.007242457 0.999924779 0.009891028 -0.975990176 0.003100947 -0.009913696 0.999946058 27.486829758
0.999970675 -0.006422842 -0.004160961 0.477330685 0.006466103 0.999924302 0.010468412 -0.996363759 0.004093409 -0.010495010 0.999936521 28.017341614
0.999967694 -0.006520968 -0.004704973 0.480492473 0.006568288 0.999927282 0.010113016 -0.999254227 0.004638684 -0.010143595 0.999937773 28.583894730
0.999970198 -0.006148716 -0.004672572 0.481046736 0.006194344 0.999932587 0.009814179 -1.014791727 0.004611913 -0.009842830 0.999940872 29.129381180
0.999975026 -0.005619816 -0.004296473 0.474157482 0.005663961 0.999930501 0.010332157 -1.028802156 0.004238110 -0.010356234 0.999937356 29.696969986
0.999963999 -0.006836805 -0.005025609 0.464249969 0.006888489 0.999922812 0.010339720 -1.042485118 0.004954530 -0.010373968 0.999933839 30.191110611
0.999956191 -0.007261642 -0.005906406 0.518973708 0.007327090 0.999911129 0.011135815 -1.067938924 0.005825019 -0.011178602 0.999920547 30.709753036
0.999956369 -0.007173733 -0.005976625 0.532981992 0.007244827 0.999902189 0.011959667 -1.087814927 0.005890246 -0.012002446 0.999910593 31.251424789
0.999947309 -0.007346789 -0.007173882 0.562579453 0.007428197 0.999907494 0.011387760 -1.072938681 0.007089556 -0.011440448 0.999909401 31.793577194
0.999933660 -0.009014658 -0.007167426 0.566007316 0.009103374 0.999881148 0.012442863 -1.131668568 0.007054406 -0.012507286 0.999896944 32.342250824
0.999942660 -0.008034383 -0.007075942 0.569775045 0.008120234 0.999892771 0.012188807 -1.137466788 0.006977255 -0.012245568 0.999900699 32.892974854
0.999938369 -0.008221254 -0.007460807 0.581198514 0.008313597 0.999888182 0.012431616 -1.152651310 0.007357768 -0.012492876 0.999894917 33.432159424
0.999935985 -0.008647668 -0.007282412 0.571824610 0.008742291 0.999876440 0.013063205 -1.172016859 0.007168547 -0.013126035 0.999888182 33.943737030
0.999932230 -0.008863587 -0.007536464 0.573604882 0.008965500 0.999867380 0.013598145 -1.181907058 0.007414936 -0.013664794 0.999879122 34.532600403
0.999935210 -0.008251983 -0.007833594 0.577418804 0.008350131 0.999885917 0.012580226 -1.192873240 0.007728890 -0.012644826 0.999890149 35.059574127
0.999933481 -0.007978889 -0.008327166 0.588288188 0.008080780 0.999891996 0.012274921 -1.192603469 0.008228326 -0.012341394 0.999890029 35.613231659
0.999934912 -0.008219372 -0.007906999 0.582550526 0.008323285 0.999878228 0.013200094 -1.220870495 0.007797541 -0.013265049 0.999881685 36.140956879
0.999941349 -0.007798114 -0.007511814 0.574121594 0.007899635 0.999876559 0.013581373 -1.232537508 0.007404979 -0.013639917 0.999879599 36.672210693
0.999949932 -0.006548562 -0.007562290 0.603432298 0.006648243 0.999890327 0.013232390 -1.239021063 0.007474808 -0.013282004 0.999883890 37.221416473
0.999932170 -0.008570481 -0.007882193 0.603662252 0.008679344 0.999865890 0.013882387 -1.246541023 0.007762158 -0.013949859 0.999872625 37.819236755
0.999934077 -0.008016980 -0.008221952 0.598289132 0.008132710 0.999866903 0.014140139 -1.312403560 0.008107498 -0.014206073 0.999866188 38.377052307
0.999925852 -0.009106510 -0.008087572 0.584616005 0.009230207 0.999838889 0.015391276 -1.344574571 0.007946108 -0.015464785 0.999848843 38.898742676
0.999923468 -0.008654121 -0.008845452 0.606331050 0.008780942 0.999857724 0.014400461 -1.329785347 0.008719571 -0.014477029 0.999857187 39.421409607
0.999924660 -0.008653034 -0.008715007 0.623066306 0.008774782 0.999863088 0.014029873 -1.333663106 0.008592413 -0.014105286 0.999863625 40.000591278
0.999909878 -0.009718617 -0.009265681 0.646978378 0.009867386 0.999821007 0.016147774 -1.403402328 0.009107088 -0.016237747 0.999826729 40.570446014
0.999916255 -0.009747692 -0.008513499 0.613658428 0.009879952 0.999828994 0.015633937 -1.381864786 0.008359649 -0.015716743 0.999841511 41.128562927
0.999930024 -0.008447536 -0.008272660 0.604764521 0.008569893 0.999852836 0.014868802 -1.367362738 0.008145837 -0.014938664 0.999855161 41.651473999
0.999916911 -0.009506019 -0.008700206 0.616014600 0.009639587 0.999834299 0.015441333 -1.382001877 0.008551979 -0.015523917 0.999842882 42.194080353
0.999920726 -0.008959971 -0.008846755 0.628119826 0.009094443 0.999841869 0.015278883 -1.383663654 0.008708458 -0.015358128 0.999844074 42.749900818
0.999915957 -0.009300875 -0.009034294 0.625438631 0.009444371 0.999827862 0.015973063 -1.402588248 0.008884174 -0.016057044 0.999831557 43.315311432
0.999929070 -0.008145847 -0.008689460 0.616658330 0.008282517 0.999840617 0.015810067 -1.405303478 0.008559290 -0.015880914 0.999837160 43.883811951
0.999932289 -0.007824851 -0.008617582 0.630374968 0.007956515 0.999850512 0.015351859 -1.410598397 0.008496167 -0.015419383 0.999844968 44.460021973
0.999912441 -0.009524914 -0.009187508 0.622283578 0.009670655 0.999825954 0.015950993 -1.450245857 0.009033978 -0.016038448 0.999830544 44.970611572
0.999913275 -0.009238662 -0.009388668 0.630178928 0.009382567 0.999837339 0.015400925 -1.450521708 0.009244858 -0.015487681 0.999837279 45.525623322
0.999912679 -0.009341096 -0.009350998 0.636250496 0.009489337 0.999827981 0.015936211 -1.461488724 0.009200528 -0.016023552 0.999829292 46.043518066
0.999904692 -0.009821912 -0.009699951 0.644425511 0.009977358 0.999820352 0.016109126 -1.472025156 0.009539986 -0.016204372 0.999823213 46.564605713
0.999913990 -0.009364542 -0.009182913 0.617654920 0.009505779 0.999835312 0.015459278 -1.469787359 0.009036631 -0.015545240 0.999838293 47.174869537
0.999901235 -0.009904701 -0.009964163 0.669527292 0.010061637 0.999824166 0.015825158 -1.507057428 0.009805667 -0.015923852 0.999825060 47.744098663
0.999919176 -0.008584875 -0.009370325 0.673974395 0.008739701 0.999823868 0.016609138 -1.515300035 0.009226086 -0.016689694 0.999818087 48.161449432
0.999918520 -0.009012317 -0.009037471 0.678725600 0.009165864 0.999811828 0.017095009 -1.531922102 0.008881703 -0.017176455 0.999813020 48.697109222
0.999925315 -0.008528922 -0.008756485 0.678800344 0.008679385 0.999812841 0.017291343 -1.539114237 0.008607371 -0.017366054 0.999812126 49.249729156
0.999921262 -0.008496548 -0.009228619 0.694248915 0.008655466 0.999812603 0.017319025 -1.538689137 0.009079738 -0.017397543 0.999807358 49.807224274
0.999903500 -0.009723005 -0.009924879 0.690577745 0.009891877 0.999804676 0.017110135 -1.556475639 0.009756580 -0.017206665 0.999804318 50.372962952
0.999924481 -0.008812965 -0.008567454 0.665433168 0.008958554 0.999813557 0.017105930 -1.558581591 0.008415105 -0.017181393 0.999817014 50.920661926
0.999906778 -0.009424726 -0.009879600 0.705371320 0.009593043 0.999807179 0.017129976 -1.565137625 0.009716250 -0.017223153 0.999804437 51.372436523
0.999904573 -0.009801482 -0.009737051 0.699114859 0.009970346 0.999798000 0.017447947 -1.574251652 0.009564068 -0.017543362 0.999800324 51.913593292
0.999901950 -0.009834999 -0.009967235 0.716691494 0.009995593 0.999818861 0.016192600 -1.566310287 0.009806174 -0.016290639 0.999819219 52.465229034
0.999879360 -0.011635486 -0.010285653 0.730243623 0.011807496 0.999788761 0.016823757 -1.576330662 0.010087727 -0.016943175 0.999805570 53.020584106
0.999904990 -0.009439114 -0.010043171 0.707978964 0.009612379 0.999803305 0.017345758 -1.603428960 0.009877468 -0.017440645 0.999799252 53.507778168
0.999911547 -0.009334981 -0.009470667 0.712732077 0.009505778 0.999790013 0.018152300 -1.614114881 0.009299226 -0.018240720 0.999790490 54.039611816
0.999902487 -0.009875897 -0.009870953 0.705797493 0.010050913 0.999790311 0.017840995 -1.620244384 0.009692688 -0.017938470 0.999792099 54.578773499
0.999899328 -0.009668363 -0.010385160 0.741020322 0.009853106 0.999791384 0.017887717 -1.633304954 0.010210048 -0.017988240 0.999786139 55.116371155
0.999916673 -0.008484835 -0.009725329 0.714762568 0.008656915 0.999804258 0.017790712 -1.625693798 0.009572474 -0.017873421 0.999794483 55.619628906
0.999912560 -0.009459533 -0.009237376 0.699651957 0.009629864 0.999781191 0.018572450 -1.669072032 0.009059667 -0.018659784 0.999784887 56.103286743
0.999907911 -0.009516045 -0.009673611 0.720187664 0.009694059 0.999781430 0.018524753 -1.672034979 0.009495215 -0.018616827 0.999781609 56.569053650
0.999909580 -0.009206610 -0.009800322 0.730922878 0.009387546 0.999783337 0.018579293 -1.674534559 0.009627147 -0.018669611 0.999779344 57.105663300
0.999913812 -0.008883067 -0.009667778 0.738820851 0.009060193 0.999789000 0.018434204 -1.685867548 0.009501988 -0.018520208 0.999783337 57.691390991
0.999912322 -0.009137053 -0.009578571 0.735844016 0.009316084 0.999779582 0.018815769 -1.691807985 0.009404538 -0.018903354 0.999777138 58.240631104
0.999916375 -0.008822590 -0.009449238 0.751555920 0.008994121 0.999792695 0.018266955 -1.684755087 0.009286118 -0.018350419 0.999788523 58.781578064
0.999901056 -0.009817766 -0.010070521 0.738994479 0.010001043 0.999782264 0.018313432 -1.708926201 0.009888532 -0.018412339 0.999781489 59.159709930
0.999912977 -0.009452741 -0.009203505 0.748346388 0.009620782 0.999784529 0.018388607 -1.719239116 0.009027700 -0.018475553 0.999788463 59.708614349
0.999919355 -0.008619435 -0.009336075 0.739838779 0.008785645 0.999801040 0.017910520 -1.711547494 0.009179839 -0.017991100 0.999795973 60.225994110
0.999916077 -0.009307981 -0.009017541 0.756930828 0.009462164 0.999807119 0.017208925 -1.709369302 0.008855622 -0.017292811 0.999811172 60.792572021
0.999900579 -0.009943198 -0.009996925 0.762686014 0.010127159 0.999777079 0.018522536 -1.726961374 0.009810525 -0.018621936 0.999778450 61.199432373
0.999906242 -0.009657212 -0.009706110 0.761866987 0.009837039 0.999777555 0.018653477 -1.736877799 0.009523812 -0.018747207 0.999778867 61.735435486
0.999898434 -0.010057218 -0.010094222 0.781162500 0.010234922 0.999790668 0.017709961 -1.726627827 0.009914000 -0.017811475 0.999792278 62.280445099
0.999901652 -0.009735421 -0.010095938 0.798267841 0.009913663 0.999793112 0.017757744 -1.717803955 0.009920973 -0.017856080 0.999791384 62.768684387
0.999903202 -0.009703827 -0.009968427 0.766028523 0.009886285 0.999781370 0.018420333 -1.757348895 0.009787501 -0.018517099 0.999780655 63.293338776
0.999915302 -0.008798782 -0.009589377 0.767090261 0.008975469 0.999787748 0.018540699 -1.760930657 0.009424205 -0.018625192 0.999782085 63.843353271
0.999898314 -0.009991279 -0.010172683 0.762933910 0.010179039 0.999775529 0.018575907 -1.768602610 0.009984802 -0.018677566 0.999775767 64.373222351
0.999904156 -0.009461018 -0.010101092 0.782729805 0.009641816 0.999791384 0.018002754 -1.772966266 0.009928661 -0.018098421 0.999786913 64.923789978
0.999894857 -0.010442089 -0.010061326 0.771456897 0.010629651 0.999767244 0.018772202 -1.780424118 0.009862965 -0.018877177 0.999773085 65.355285645
0.999899864 -0.010110885 -0.009906888 0.788404584 0.010297367 0.999767244 0.018956726 -1.796351075 0.009712915 -0.019056845 0.999771178 65.876327515
0.999907553 -0.009874815 -0.009341608 0.781101584 0.010042530 0.999786079 0.018080292 -1.784739256 0.009161071 -0.018172437 0.999792814 66.433815002
0.999911129 -0.010061342 -0.008746470 0.786760867 0.010218433 0.999783874 0.018105304 -1.785691738 0.008562416 -0.018193072 0.999797821 66.976593018
0.999902368 -0.009814353 -0.009944730 0.823945642 0.009997997 0.999777198 0.018588128 -1.788440108 0.009760083 -0.018685741 0.999777794 67.499008179
0.999890089 -0.010828626 -0.010128324 0.797873557 0.011016103 0.999765515 0.018641360 -1.799591422 0.009924088 -0.018750887 0.999774873 67.876914978
0.999895036 -0.010444402 -0.010043591 0.794898212 0.010634219 0.999762177 0.019035479 -1.817003846 0.009842389 -0.019140285 0.999768317 68.449310303
0.999912918 -0.008893653 -0.009746374 0.819454193 0.009074682 0.999784112 0.018689960 -1.827363491 0.009578048 -0.018776780 0.999777794 68.924682617
0.999892950 -0.010205378 -0.010490784 0.836168706 0.010395064 0.999780416 0.018188689 -1.818861365 0.010302859 -0.018295789 0.999779463 69.475540161
0.999890625 -0.010701491 -0.010206657 0.829815388 0.010889197 0.999769211 0.018515667 -1.823479056 0.010006158 -0.018624786 0.999776483 69.889991760
0.999888778 -0.010629651 -0.010453961 0.850224853 0.010825309 0.999763846 0.018841131 -1.842451811 0.010251217 -0.018952210 0.999767900 70.430992126
0.999897480 -0.010094863 -0.010154070 0.839789033 0.010277670 0.999783158 0.018115098 -1.833676696 0.009968998 -0.018217601 0.999784350 70.991394043
0.999887347 -0.010902193 -0.010319280 0.859321237 0.011093584 0.999764025 0.018675011 -1.854500055 0.010113244 -0.018787386 0.999772370 71.437759399
0.999896884 -0.010083776 -0.010224410 0.859377742 0.010270366 0.999778628 0.018364176 -1.857770920 0.010036966 -0.018467288 0.999779165 71.997566223
0.999908090 -0.009364297 -0.009807464 0.869454265 0.009540118 0.999791861 0.018036807 -1.860366106 0.009636519 -0.018128712 0.999789357 72.523941040
0.999901354 -0.009825860 -0.010039312 0.891020119 0.010013774 0.999772251 0.018842226 -1.875700235 0.009851887 -0.018940898 0.999772131 73.024459839
0.999893844 -0.010677115 -0.009914740 0.879011452 0.010862945 0.999762714 0.018882014 -1.883674502 0.009710780 -0.018987710 0.999772549 73.480331421
0.999896526 -0.010334379 -0.009998006 0.886521280 0.010517193 0.999775231 0.018408746 -1.883307457 0.009805515 -0.018511996 0.999780476 74.022811890
0.999894977 -0.010235795 -0.010256094 0.872810602 0.010421774 0.999779224 0.018247370 -1.887668014 0.010067053 -0.018352339 0.999780893 74.552360535
0.999891639 -0.010574682 -0.010240898 0.909072161 0.010761951 0.999772668 0.018407388 -1.901935935 0.010043916 -0.018515609 0.999778092 75.078475952
0.999886394 -0.011160296 -0.010134361 0.910638154 0.011346282 0.999764800 0.018483814 -1.887807250 0.009925690 -0.018596699 0.999777913 75.536460876
0.999883711 -0.011238200 -0.010309944 0.914826453 0.011427932 0.999762952 0.018532384 -1.902626753 0.010099228 -0.018648054 0.999775112 76.070404053
0.999872208 -0.011895511 -0.010678507 0.923384547 0.012087546 0.999763072 0.018102804 -1.887948513 0.010460632 -0.018229567 0.999779165 76.577026367
0.999891877 -0.010836187 -0.009947127 0.904231429 0.011012869 0.999779463 0.017882796 -1.892431617 0.009751151 -0.017990408 0.999790549 77.147949219
0.999894798 -0.010692040 -0.009793517 0.910316586 0.010874053 0.999765515 0.018724287 -1.902890205 0.009591019 -0.018828817 0.999776661 77.594985962
0.999904573 -0.010007069 -0.009527460 0.908792317 0.010185027 0.999771059 0.018816831 -1.907428503 0.009336976 -0.018912066 0.999777555 78.162452698
0.999882758 -0.011549882 -0.010052950 0.957065821 0.011724145 0.999778986 0.017451782 -1.902776122 0.009849161 -0.017567594 0.999797165 78.727905273
0.999914348 -0.010174362 -0.008230265 0.919329762 0.010327573 0.999769926 0.018792225 -1.925447941 0.008037176 -0.018875612 0.999789536 79.186981201
0.999925554 -0.010040225 -0.006932471 0.920350313 0.010165108 0.999782264 0.018220004 -1.927670717 0.006748030 -0.018289117 0.999809921 79.746742249
0.999929786 -0.010081187 -0.006234144 0.943593025 0.010192346 0.999784887 0.018063705 -1.938524723 0.006050700 -0.018125979 0.999817371 80.314636230
0.999940217 -0.009922112 -0.004583696 0.919999480 0.010005726 0.999776959 0.018593779 -1.963469028 0.004398185 -0.018638531 0.999816656 80.854591370
0.999951720 -0.009581735 -0.002148341 0.988280714 0.009621286 0.999768972 0.019225538 -1.976719856 0.001963630 -0.019245282 0.999812961 81.238502502
0.999952257 -0.009679304 0.001368929 1.004707217 0.009651124 0.999767482 0.019280707 -1.975159764 -0.001555234 -0.019266577 0.999813199 81.774986267
0.999947548 -0.009234115 0.004430880 1.030798793 0.009147535 0.999774277 0.019177746 -1.978807330 -0.004606969 -0.019136207 0.999806225 82.317329407
0.999915957 -0.010393364 0.007737061 1.068518162 0.010242422 0.999761283 0.019299408 -1.972240210 -0.007935800 -0.019218549 0.999783814 82.834892273
0.999855101 -0.008894496 0.014516537 1.090935826 0.008613056 0.999775946 0.019336207 -1.993563652 -0.014685269 -0.019208374 0.999707639 83.354507446
0.999744534 -0.009861927 0.020336121 1.076910496 0.009464020 0.999763787 0.019570801 -1.995869994 -0.020524325 -0.019373346 0.999601662 83.819885254
0.999609470 -0.009258965 0.026367206 1.108418822 0.008728923 0.999758899 0.020146994 -2.006163597 -0.026547389 -0.019908968 0.999449313 84.352935791
0.999341190 -0.009456723 0.035040580 1.126092434 0.008773090 0.999769151 0.019612467 -1.986978769 -0.035217959 -0.019292131 0.999193490 84.935844421
0.999042273 -0.008367558 0.042947233 1.194731236 0.007472968 0.999752641 0.020948449 -2.024174213 -0.043111898 -0.020607444 0.998857737 85.453559875
0.998682082 -0.009427758 0.050449178 1.210624218 0.008434177 0.999767005 0.019871462 -2.000707626 -0.050624758 -0.019419778 0.998529017 85.993186951
0.998222947 -0.009378029 0.058845513 1.305752277 0.008248898 0.999777794 0.019401737 -2.027798176 -0.059014380 -0.018881850 0.998078644 86.472808838
0.997582078 -0.010520919 0.068696819 1.329882145 0.009164280 0.999757290 0.020033590 -2.018643379 -0.068890922 -0.019355593 0.997436404 86.923934937
0.996922791 -0.010843963 0.077637233 1.386070728 0.009320980 0.999757469 0.019952254 -2.020625591 -0.077834785 -0.019167196 0.996782064 87.473136902
0.996241510 -0.010693582 0.085955732 1.431179523 0.009084982 0.999776602 0.019083731 -2.010844231 -0.086140618 -0.018231098 0.996116161 88.095100403
0.995343506 -0.010469984 0.095821291 1.527612209 0.008617350 0.999768257 0.019727698 -2.042123795 -0.096005648 -0.018810110 0.995203078 88.640411377
0.994272113 -0.010651579 0.106344908 1.576005936 0.008585914 0.999765873 0.019863185 -2.020009041 -0.106531575 -0.018836346 0.994130909 89.137298584
0.993300676 -0.011749893 0.114959821 1.673662186 0.009431438 0.999741495 0.020690728 -2.052419662 -0.115173206 -0.019467875 0.993154705 89.476753235
0.991841555 -0.011010317 0.127001315 1.701726913 0.008539213 0.999763787 0.019985400 -1.994373322 -0.127191395 -0.018737858 0.991701126 90.118377686
0.990247130 -0.011135677 0.138876617 1.803730965 0.008462958 0.999767721 0.019820988 -1.997467518 -0.139065087 -0.018452363 0.990111351 90.665779114
0.988594353 -0.011587017 0.150156036 1.913249016 0.008675175 0.999761701 0.020032668 -2.001861334 -0.150352374 -0.018501556 0.988459349 91.205894470
0.987148404 -0.011334520 0.159403384 2.018484116 0.008289248 0.999770463 0.019756168 -2.007618666 -0.159590721 -0.018180937 0.987015903 91.744186401
0.985037088 -0.011025076 0.171989709 2.125161171 0.007698476 0.999770403 0.019996893 -2.017195225 -0.172170684 -0.018373620 0.984895766 92.256668091
0.982898414 -0.012626839 0.183715165 2.246721268 0.009001223 0.999748290 0.020555567 -2.009144545 -0.183928445 -0.018550375 0.982764602 92.753845215
0.980806947 -0.013380820 0.194521725 2.375622749 0.009525196 0.999739468 0.020742957 -2.014986038 -0.194748610 -0.018491978 0.980678916 93.288269043
0.978099704 -0.013398836 0.207705006 2.511808395 0.009348121 0.999746680 0.020471578 -2.013846159 -0.207926661 -0.018081596 0.977977335 93.827812195
0.974954128 -0.012957648 0.222028315 2.640787125 0.008587106 0.999750197 0.020638702 -2.018350601 -0.222240239 -0.018215207 0.974821806 94.326538086
0.972389996 -0.013805516 0.232952997 2.806968689 0.009238994 0.999743462 0.020682577 -2.030156612 -0.233178750 -0.017959280 0.972267985 94.891235352
0.969004393 -0.012165525 0.246743605 2.881902695 0.007042755 0.999741077 0.021633448 -2.010359287 -0.246942922 -0.019225152 0.968839228 95.361984253
0.965325773 -0.012376996 0.260754943 3.038257599 0.007081883 0.999749303 0.021236680 -2.005923033 -0.260952473 -0.018653678 0.965171337 95.884567261
0.961701334 -0.012239526 0.273826212 3.210588455 0.006797396 0.999760151 0.020814402 -2.002001762 -0.274015307 -0.018155932 0.961553931 96.424880981
0.958824635 -0.014722730 0.283617377 3.415250778 0.009019187 0.999730170 0.021405391 -2.018714428 -0.283856004 -0.017966015 0.958698571 96.944221497
0.954513788 -0.013378927 0.297866702 3.610977173 0.007004135 0.999723196 0.022458635 -2.043425083 -0.298084736 -0.019350778 0.954343200 97.460197449
0.949805200 -0.014153739 0.312522054 3.793226242 0.007554754 0.999722362 0.022316085 -2.028106451 -0.312751144 -0.018834898 0.949648321 97.961860657
0.945993066 -0.014181606 0.323876768 3.966825485 0.007631701 0.999739945 0.021484669 -2.027711153 -0.324097246 -0.017852616 0.945855260 98.457542419
0.941563785 -0.013760325 0.336553633 4.160921097 0.006654707 0.999730110 0.022257313 -2.028894186 -0.336769015 -0.018717019 0.941401243 99.021896362
0.936639130 -0.014268771 0.350005180 4.386768341 0.007046230 0.999735355 0.021900300 -2.023642302 -0.350225002 -0.018046459 0.936491668 99.538887024
0.931811929 -0.015068781 0.362628549 4.604610443 0.007584544 0.999727964 0.022053733 -2.036255121 -0.362862200 -0.017799558 0.931672752 100.037048340
0.927218199 -0.014497093 0.374240875 4.840845108 0.007111130 0.999751866 0.021109203 -2.029605389 -0.374454051 -0.016911563 0.927091241 100.585098267
0.922017276 -0.017304085 0.386761993 5.095022202 0.009359232 0.999704897 0.022415869 -2.059623480 -0.387035668 -0.017048024 0.921907127 100.991981506
0.916073442 -0.015627457 0.400706112 5.319396973 0.006982504 0.999710441 0.023025474 -2.083021402 -0.400949955 -0.018295093 0.915917277 101.472351074
0.911154985 -0.014667582 0.411802948 5.590599060 0.005546044 0.999712288 0.023336548 -2.047062397 -0.412026763 -0.018979330 0.910974085 102.048454285
0.905998230 -0.015479596 0.422998279 5.854644775 0.006528842 0.999723315 0.022601021 -2.046184063 -0.423231065 -0.017714797 0.905848563 102.523544312
0.899000168 -0.014444587 0.437709957 6.104228973 0.004755333 0.999718964 0.023224242 -2.052934885 -0.437922448 -0.018797141 0.898816288 103.048233032
0.893347681 -0.016057685 0.449079067 6.376209259 0.006435487 0.999716043 0.022944728 -2.048053026 -0.449319988 -0.017607579 0.893197417 103.529449463
0.887419105 -0.015185161 0.460713208 6.660938263 0.005068055 0.999718249 0.023188818 -2.055956602 -0.460935593 -0.018243279 0.887246072 104.031494141
0.880429327 -0.015537228 0.473922789 6.952037811 0.005603041 0.999734163 0.022366548 -2.037301779 -0.474144310 -0.017036757 0.880282342 104.527847290
