1.000000000 0.000000000 0.000000000 0.000000000 0.000000000 1.000000000 0.000000000 0.000000000 0.000000000 0.000000000 1.000000000 0.000000000
1.000000000 0.000182050 -0.000012170 -0.000166375 -0.000182051 1.000000000 -0.000084153 0.000215100 0.000012155 0.000084155 1.000000000 -0.000526263
1.000000000 0.000023110 -0.000005356 0.000482545 -0.000023110 1.000000000 -0.000024012 0.000189694 0.000005355 0.000024013 1.000000000 -0.000190409
1.000000000 -0.000100795 -0.000056519 0.000869037 0.000100799 1.000000000 0.000072127 -0.001213367 0.000056511 -0.000072132 1.000000000 -0.001448594
1.000000000 -0.000083406 -0.000046832 0.001481898 0.000083405 1.000000000 -0.000036698 -0.001353596 0.000046835 0.000036694 1.000000000 -0.001880035
1.000000000 -0.000031605 -0.000030083 0.001291232 0.000031603 1.000000000 -0.000057725 -0.000127029 0.000030084 0.000057724 1.000000000 0.000710310
1.000000000 0.000053799 0.000026721 0.000148521 -0.000053797 1.000000000 -0.000060767 0.000523061 -0.000026724 0.000060765 1.000000000 0.000392131
1.000000000 -0.000033343 -0.000003058 0.000962408 0.000033343 1.000000000 -0.000043717 -0.000184680 0.000003060 0.000043717 1.000000000 0.000150312
1.000000000 -0.000080055 -0.000082601 0.002129243 0.000080051 1.000000000 -0.000056411 0.000211963 0.000082605 0.000056404 1.000000000 0.001203021
0.999999940 -0.000058826 -0.000294246 0.003150309 0.000058778 1.000000000 -0.000160746 0.000099397 0.000294256 0.000160729 0.999999940 -0.000552947
0.999999940 -0.000246380 -0.000184088 0.003238996 0.000246348 0.999999940 -0.000168995 0.000595647 0.000184130 0.000168950 0.999999940 0.000863340
1.000000000 -0.000169835 -0.000101701 0.001299058 0.000169815 0.999999940 -0.000192874 0.001070365 0.000101734 0.000192857 1.000000000 0.000353285
1.000000000 -0.000102004 -0.000035730 0.000777071 0.000101999 1.000000000 -0.000143171 0.000855560 0.000035745 0.000143168 1.000000000 0.000771331
0.999999940 -0.000320418 -0.000109463 0.002777509 0.000320416 0.999999940 -0.000016451 -0.000400848 0.000109468 0.000016416 1.000000000 -0.001491601
0.999999940 -0.000242139 -0.000139265 0.001509302 0.000242144 0.999999940 0.000035354 -0.001022813 0.000139257 -0.000035388 1.000000000 -0.002510434
1.000000000 -0.000092599 0.000056688 0.000384004 0.000092595 1.000000000 0.000059964 0.000070929 -0.000056694 -0.000059959 1.000000000 0.000590530
1.000000000 0.000037871 -0.000039290 0.000635470 -0.000037870 1.000000000 0.000021928 0.000090183 0.000039291 -0.000021927 1.000000000 0.000602511
1.000000000 0.000046226 0.000009539 0.000539660 -0.000046226 1.000000000 -0.000000342 0.000043858 -0.000009539 0.000000341 1.000000000 -0.000578518
1.000000000 -0.000058539 -0.000056209 0.001378863 0.000058538 1.000000000 -0.000023609 0.001104298 0.000056211 0.000023606 1.000000000 0.001144797
1.000000000 0.000072576 -0.000104845 0.001200881 -0.000072573 1.000000000 0.000025925 0.000183472 0.000104847 -0.000025917 1.000000000 0.000933632
0.999999940 -0.000242207 -0.000053787 0.001412521 0.000242202 0.999999940 -0.000095021 0.000435465 0.000053810 0.000095008 1.000000000 0.000239727
0.999999940 -0.000213542 -0.000204643 0.003043807 0.000213504 0.999999940 -0.000188743 0.000798642 0.000204684 0.000188699 0.999999940 -0.000074465
1.000000000 0.000120861 -0.000032813 0.000993504 -0.000120860 1.000000000 0.000013193 0.000254863 0.000032815 -0.000013189 1.000000000 -0.000189919
1.000000000 -0.000208963 -0.000042819 0.002540478 0.000208962 1.000000000 -0.000025985 0.000054803 0.000042824 0.000025976 1.000000000 -0.000254110
0.999999940 -0.000302243 -0.000250369 0.002663839 0.000302214 0.999999940 -0.000117958 -0.000330275 0.000250404 0.000117882 0.999999940 -0.002271431
0.999999940 -0.000174072 -0.000187207 0.001684201 0.000174051 1.000000000 -0.000111510 -0.000111271 0.000187226 0.000111477 1.000000000 -0.000849116
1.000000000 0.000182103 -0.000040898 0.000623602 -0.000182107 1.000000000 -0.000088576 -0.000058799 0.000040882 0.000088583 1.000000000 0.000365333
1.000000000 -0.000133776 -0.000108525 0.001058713 0.000133777 1.000000000 0.000011081 -0.000455239 0.000108524 -0.000011095 1.000000000 -0.000276035
1.000000000 -0.000191378 -0.000095753 0.001610734 0.000191372 1.000000000 -0.000064641 -0.000257117 0.000095765 0.000064623 1.000000000 0.000278532
1.000000000 -0.000129054 -0.000079717 0.001893066 0.000129054 1.000000000 -0.000006067 -0.000020554 0.000079718 0.000006056 1.000000000 0.000447266
1.000000000 -0.000098356 -0.000002775 0.000894070 0.000098356 1.000000000 -0.000020106 0.000411734 0.000002777 0.000020106 1.000000000 0.000221025
1.000000000 0.000124266 -0.000053792 0.001207621 -0.000124266 1.000000000 0.000002982 0.000124385 0.000053792 -0.000002976 1.000000000 0.000449440
1.000000000 -0.000153462 -0.000105343 0.001649893 0.000153469 1.000000000 0.000070979 -0.000096877 0.000105332 -0.000070995 1.000000000 0.001062604
1.000000000 0.000144832 -0.000076238 0.000834133 -0.000144845 1.000000000 -0.000172291 0.001618726 0.000076213 0.000172302 1.000000000 0.002014796
0.999999940 -0.000230879 -0.000219528 0.002417240 0.000230836 0.999999940 -0.000195753 0.000991959 0.000219573 0.000195702 0.999999940 -0.001021288
1.000000000 -0.000031188 0.000020506 0.000376104 0.000031188 1.000000000 -0.000035811 0.000599556 -0.000020505 0.000035812 1.000000000 -0.000391948
1.000000000 -0.000149285 -0.000072807 0.001724868 0.000149278 1.000000000 -0.000099102 0.000656346 0.000072822 0.000099091 1.000000000 -0.000282747
1.000000000 -0.000207493 -0.000062089 0.001783700 0.000207488 1.000000000 -0.000076436 0.001094011 0.000062105 0.000076423 1.000000000 0.000668955
1.000000000 -0.000106349 0.000038220 0.001308215 0.000106353 1.000000000 -0.000099278 0.001216134 -0.000038210 0.000099282 1.000000000 0.002994644
0.999999940 -0.000358539 -0.000080336 0.003343599 0.000358483 0.999999702 -0.000700916 -0.002524912 0.000080588 0.000700887 0.999999762 0.047875557
1.000000000 -0.000205359 -0.000036478 0.003241809 0.000205313 0.999999225 -0.001238414 -0.004779375 0.000036732 0.001238406 0.999999225 0.137395605
0.999999940 0.000229084 -0.000247953 0.005706090 -0.000229437 0.999998987 -0.001425222 -0.007885487 0.000247626 0.001425279 0.999998927 0.250939012
0.999999940 -0.000237734 -0.000217159 0.008120992 0.000237449 0.999999106 -0.001313604 -0.012497265 0.000217471 0.001313553 0.999999106 0.382549524
0.999999940 -0.000147096 -0.000233880 0.008645719 0.000146834 0.999999344 -0.001120097 -0.018378789 0.000234045 0.001120062 0.999999344 0.522336841
0.999999881 -0.000240108 -0.000476957 0.013864425 0.000239611 0.999999404 -0.001041911 -0.023319907 0.000477206 0.001041796 0.999999344 0.678197145
1.000000000 0.000077772 0.000111339 0.015681714 -0.000077642 0.999999344 -0.001162335 -0.023535740 -0.000111430 0.001162327 0.999999344 0.844174504
0.999999940 -0.000318634 0.000099400 0.018155258 0.000318720 0.999999583 -0.000870346 -0.028829839 -0.000099122 0.000870378 0.999999642 1.012056231
1.000000000 0.000044154 0.000118564 0.020857362 -0.000044068 0.999999762 -0.000727522 -0.035510313 -0.000118596 0.000727517 0.999999702 1.182563186
0.999999702 0.000432211 0.000616232 0.019229133 -0.000431917 0.999999821 -0.000477008 -0.037792433 -0.000616438 0.000476741 0.999999702 1.368374228
0.999999642 0.000637747 0.000582874 0.021652404 -0.000637500 0.999999702 -0.000423938 -0.043122482 -0.000583144 0.000423566 0.999999762 1.553440809
0.999999166 0.000803919 0.000972596 0.018613746 -0.000803559 0.999999523 -0.000370136 -0.055291887 -0.000972894 0.000369354 0.999999464 1.733745933
0.999999285 0.000882984 0.000874977 0.021830054 -0.000882911 0.999999642 -0.000083495 -0.063136391 -0.000875050 0.000082722 0.999999642 1.931658506
0.999999046 0.000629547 0.001168188 0.023593137 -0.000628847 0.999999642 -0.000599492 -0.062790662 -0.001168565 0.000598757 0.999999166 2.149332523
0.999998748 0.000923160 0.001304812 0.028585376 -0.000922388 0.999999404 -0.000592193 -0.068970188 -0.001305358 0.000590989 0.999998987 2.369807959
0.999998629 0.001016333 0.001332477 0.036042940 -0.001015384 0.999999285 -0.000713242 -0.077724002 -0.001333201 0.000711888 0.999998927 2.587153435
0.999999285 0.000515107 0.001048189 0.041919123 -0.000515168 0.999999881 0.000057267 -0.086836934 -0.001048159 -0.000057807 0.999999464 2.812727213
0.999999344 0.000543087 0.001001623 0.045730475 -0.000543088 0.999999881 0.000001167 -0.089709982 -0.001001622 -0.000001710 0.999999523 3.047399521
0.999999821 0.000187368 0.000665370 0.057373870 -0.000187198 1.000000000 -0.000255581 -0.095091641 -0.000665417 0.000255456 0.999999762 3.292856455
0.999999106 0.000630139 0.001106656 0.053331614 -0.000630090 0.999999821 -0.000044681 -0.105069607 -0.001106684 0.000043984 0.999999344 3.524715185
0.999999464 0.000378079 0.000997684 0.062577501 -0.000377721 0.999999940 -0.000358851 -0.105980545 -0.000997820 0.000358474 0.999999464 3.779301882
0.999999344 0.000401518 0.000974570 0.068464056 -0.000401166 0.999999940 -0.000361212 -0.114882126 -0.000974714 0.000360820 0.999999404 4.036798000
0.999999225 0.000698554 0.001013268 0.071951248 -0.000699119 0.999999583 0.000556946 -0.129432634 -0.001012879 -0.000557654 0.999999344 4.284184456
0.999998748 0.000865061 0.001330169 0.076310001 -0.000865584 0.999999583 0.000392763 -0.134687379 -0.001329828 -0.000393914 0.999999046 4.540060520
0.999999464 0.000234658 0.000943693 0.084688991 -0.000235206 0.999999702 0.000581423 -0.144132540 -0.000943556 -0.000581644 0.999999404 4.800039768
0.999999464 0.000394748 0.000966313 0.090440601 -0.000395487 0.999999642 0.000764261 -0.149821654 -0.000966011 -0.000764642 0.999999166 5.052145481
0.999999583 -0.000413216 0.000759687 0.098446794 0.000412716 0.999999642 0.000657236 -0.158707917 -0.000759958 -0.000656922 0.999999523 5.314902782
0.999998927 -0.000079156 0.001409513 0.097380117 0.000078377 0.999999821 0.000552546 -0.162065417 -0.001409556 -0.000552435 0.999998927 5.587518692
0.999999464 -0.000114375 0.001052474 0.104432337 0.000113600 0.999999642 0.000736239 -0.172644168 -0.001052558 -0.000736119 0.999999166 5.841434479
0.999999344 -0.000020851 0.001154383 0.110244744 0.000019858 0.999999583 0.000860553 -0.179395869 -0.001154401 -0.000860529 0.999998987 6.109941006
0.999999166 0.000134208 0.001305831 0.112830639 -0.000135156 0.999999702 0.000726005 -0.187564462 -0.001305734 -0.000726180 0.999998927 6.402290821
0.999998927 0.000372440 0.001454299 0.114662230 -0.000373385 0.999999762 0.000649969 -0.195734143 -0.001454056 -0.000650511 0.999998689 6.682756424
0.999999285 0.000151929 0.001117883 0.128340647 -0.000152896 0.999999642 0.000864732 -0.207148477 -0.001117751 -0.000864902 0.999998987 6.969175816
0.999999523 -0.000052491 0.000958328 0.134588137 0.000051590 0.999999642 0.000940499 -0.215758115 -0.000958377 -0.000940449 0.999999046 7.271302223
0.999999106 0.000012790 0.001330945 0.140980721 -0.000013787 0.999999702 0.000748492 -0.220216766 -0.001330935 -0.000748509 0.999998868 7.594429493
0.999999404 0.000029354 0.001108709 0.151103601 -0.000030537 0.999999404 0.001066800 -0.237571120 -0.001108677 -0.001066833 0.999998808 7.896647453
0.999998868 0.000778705 0.001343290 0.152888313 -0.000779529 0.999999523 0.000613418 -0.240668580 -0.001342812 -0.000614465 0.999998927 8.224380493
0.999999344 0.000367880 0.001186322 0.162254304 -0.000369231 0.999999344 0.001139107 -0.259101331 -0.001185902 -0.001139544 0.999998629 8.543978691
0.999998689 0.000399097 0.001566839 0.173052102 -0.000401093 0.999999046 0.001273475 -0.267098546 -0.001566329 -0.001274102 0.999997973 8.874375343
0.999998987 0.000205631 0.001458039 0.182350814 -0.000206910 0.999999583 0.000877159 -0.274470598 -0.001457858 -0.000877460 0.999998569 9.215476990
0.999998748 0.000306150 0.001566590 0.174165532 -0.000307132 0.999999702 0.000626732 -0.280458719 -0.001566398 -0.000627213 0.999998569 9.578562737
0.999998987 -0.000091136 0.001438422 0.181060836 0.000089241 0.999999106 0.001317603 -0.294486463 -0.001438541 -0.001317473 0.999998093 9.926525116
0.999999166 -0.000295125 0.001288172 0.195000112 0.000293366 0.999999046 0.001365442 -0.310936421 -0.001288574 -0.001365063 0.999998212 10.281378746
0.999998808 0.000095495 0.001494655 0.195544660 -0.000097062 0.999999464 0.001048488 -0.317848563 -0.001494554 -0.001048632 0.999998331 10.632585526
0.999998927 -0.000005526 0.001413277 0.205638319 0.000004315 0.999999642 0.000856865 -0.325897485 -0.001413281 -0.000856858 0.999998629 11.001443863
0.999997795 0.000615376 0.001989436 0.208418936 -0.000618089 0.999998808 0.001363251 -0.342835903 -0.001988595 -0.001364478 0.999997079 11.382180214
0.999998808 0.000024392 0.001505665 0.227519289 -0.000025935 0.999999404 0.001024648 -0.350404352 -0.001505640 -0.001024686 0.999998331 11.747241020
0.999998987 -0.000418278 0.001335349 0.238939196 0.000416383 0.999998868 0.001419447 -0.363654017 -0.001335942 -0.001418890 0.999998093 12.134337425
0.999999762 -0.000253993 0.000614537 0.254699081 0.000253044 0.999998748 0.001544397 -0.373490065 -0.000614929 -0.001544241 0.999998629 12.545295715
0.999998391 0.000625950 0.001671371 0.251598537 -0.000627983 0.999999106 0.001216075 -0.381453216 -0.001670609 -0.001217123 0.999997914 12.895597458
0.999999046 0.000049246 0.001387138 0.262746364 -0.000050332 0.999999821 0.000782977 -0.391858846 -0.001387099 -0.000783046 0.999998808 13.300433159
0.999997914 -0.000100873 0.002070939 0.269563973 0.000098313 0.999999404 0.001236207 -0.404529154 -0.002071062 -0.001236001 0.999997139 13.702787399
0.999996841 0.000900051 0.002349279 0.274618059 -0.000902300 0.999999225 0.000956063 -0.415519029 -0.002348417 -0.000958179 0.999996841 14.129197121
0.999997437 0.000351963 0.002294188 0.283427328 -0.000354769 0.999999166 0.001222825 -0.436477005 -0.002293756 -0.001223636 0.999996603 14.566706657
0.999996543 0.000532941 0.002610929 0.293152153 -0.000537116 0.999998569 0.001598799 -0.446317136 -0.002610073 -0.001600196 0.999995291 15.001689911
0.999995232 0.001439539 0.002765591 0.301528335 -0.001444500 0.999997318 0.001792769 -0.461921990 -0.002763003 -0.001796755 0.999994576 15.440925598
0.999994695 0.000652602 0.003176839 0.313382030 -0.000658169 0.999998271 0.001751243 -0.479095221 -0.003175690 -0.001753325 0.999993443 15.869499207
0.999994457 -0.000356541 0.003305723 0.325734943 0.000350599 0.999998331 0.001798016 -0.488173753 -0.003306358 -0.001796847 0.999992967 16.318670273
0.999994695 -0.000258619 0.003245762 0.335000694 0.000252144 0.999997973 0.001994908 -0.499069333 -0.003246271 -0.001994079 0.999992728 16.757200241
0.999991775 -0.000108070 0.004057567 0.338870704 0.000100073 0.999998033 0.001971172 -0.522067249 -0.004057773 -0.001970750 0.999989808 17.218935013
0.999990642 0.000560899 0.004288399 0.347211629 -0.000568872 0.999998093 0.001858248 -0.530595899 -0.004287350 -0.001860671 0.999989092 17.691753387
0.999990165 -0.000058399 0.004437272 0.362376720 0.000048365 0.999997437 0.002261312 -0.546212018 -0.004437392 -0.002261075 0.999987602 18.147199631
0.999989688 -0.000093759 0.004532030 0.379128963 0.000082432 0.999996901 0.002499346 -0.556961238 -0.004532250 -0.002498947 0.999986589 18.593343735
0.999988675 0.000370631 0.004743844 0.390490413 -0.000380768 0.999997735 0.002136121 -0.569091439 -0.004743041 -0.002137903 0.999986470 19.063806534
0.999986410 -0.000269580 0.005221905 0.406542301 0.000259512 0.999998152 0.001928563 -0.574071229 -0.005222416 -0.001927181 0.999984384 19.542541504
0.999989688 -0.000559109 0.004511524 0.417509854 0.000547746 0.999996662 0.002519563 -0.598167539 -0.004512919 -0.002517066 0.999986589 20.023143768
0.999990582 -0.000175980 0.004343687 0.432060719 0.000164960 0.999996781 0.002537275 -0.611554325 -0.004344120 -0.002536535 0.999987364 20.515361786
0.999989867 0.000147945 0.004501771 0.442568213 -0.000160023 0.999996364 0.002682690 -0.623372376 -0.004501358 -0.002683383 0.999986231 21.012516022
0.999994338 0.000279385 0.003340160 0.457799613 -0.000291107 0.999993801 0.003509471 -0.648376465 -0.003339159 -0.003510424 0.999988198 21.512365341
0.999995232 -0.000274074 0.003064401 0.470686793 0.000262008 0.999992251 0.003937351 -0.664193571 -0.003065456 -0.003936529 0.999987483 22.020801544
0.999995410 0.000688909 0.002927848 0.479182541 -0.000697204 0.999995708 0.002833162 -0.667027891 -0.002925884 -0.002835190 0.999991715 22.529888153
0.999997795 0.000325105 0.002077480 0.481237978 -0.000331803 0.999994755 0.003224412 -0.685444474 -0.002076421 -0.003225094 0.999992669 23.052352905
0.999998152 0.000909759 0.001715506 0.491488576 -0.000915191 0.999994636 0.003168529 -0.698082149 -0.001712614 -0.003170093 0.999993563 23.575193405
0.999999404 -0.000400261 0.001027810 0.498472601 0.000397217 0.999995530 0.002960191 -0.715196013 -0.001028990 -0.002959782 0.999995053 24.094259262
0.999999642 0.000452197 0.000762651 0.511855245 -0.000455007 0.999993086 0.003688443 -0.730183244 -0.000760978 -0.003688789 0.999992847 24.619836807
0.999998689 0.001583483 0.000005798 0.515182376 -0.001583493 0.999992788 0.003454183 -0.740920007 -0.000000328 -0.003454188 0.999994040 25.158708572
0.999998331 0.001783332 -0.000296644 0.520423651 -0.001782417 0.999993801 0.003057108 -0.752224863 0.000302094 -0.003056574 0.999995291 25.700046539
0.999999166 0.001201703 -0.000464962 0.523905516 -0.001200359 0.999995053 0.002878846 -0.762308657 0.000468420 -0.002878286 0.999995768 26.242624283
0.999999046 0.000543154 -0.001263528 0.536377728 -0.000538804 0.999993861 0.003440499 -0.777307808 0.001265389 -0.003439814 0.999993384 26.786321640
0.999998510 0.000398291 -0.001674109 0.545763075 -0.000392585 0.999994099 0.003407186 -0.790756106 0.001675457 -0.003406524 0.999992788 27.333244324
0.999997258 0.000468431 -0.002300399 0.558176637 -0.000460852 0.999994457 0.003294332 -0.808771074 0.002301930 -0.003293263 0.999991953 27.872484207
0.999997079 0.001339709 -0.002013443 0.553819418 -0.001331964 0.999991715 0.003842830 -0.822823226 0.002018575 -0.003840137 0.999990523 28.428888321
0.999997258 0.000665488 -0.002244293 0.561927915 -0.000657012 0.999992609 0.003775383 -0.836300969 0.002246789 -0.003773897 0.999990404 28.969968796
0.999995828 0.001389037 -0.002549571 0.577795386 -0.001379246 0.999991655 0.003838115 -0.847904325 0.002554881 -0.003834582 0.999989390 29.506050110
0.999992430 0.001546444 -0.003567242 0.591218412 -0.001531020 0.999989510 0.004322655 -0.871007144 0.003573889 -0.004317162 0.999984264 30.028898239
0.999992311 0.000914363 -0.003798298 0.610715806 -0.000897305 0.999989510 0.004490388 -0.888273716 0.003802364 -0.004486946 0.999982655 30.562950134
0.999992311 0.002113778 -0.003286760 0.608379662 -0.002100683 0.999989867 0.003982599 -0.898257017 0.003295145 -0.003975664 0.999986649 31.120443344
0.999990523 0.001838804 -0.003940311 0.611816347 -0.001823073 0.999990344 0.003991851 -0.907548130 0.003947614 -0.003984629 0.999984264 31.677272797
0.999991417 0.001181460 -0.003949265 0.626338542 -0.001165244 0.999990880 0.004105776 -0.924145818 0.003954080 -0.004101139 0.999983788 32.233547211
0.999989450 0.001975599 -0.004132209 0.634323537 -0.001958529 0.999989569 0.004130953 -0.935779691 0.004140327 -0.004122817 0.999982953 32.775005341
0.999988914 0.001287516 -0.004509758 0.640836358 -0.001268283 0.999990046 0.004264902 -0.950751364 0.004515204 -0.004259135 0.999980748 33.333442688
0.999989986 0.002004949 -0.004001996 0.643129349 -0.001986559 0.999987483 0.004594142 -0.962521076 0.004011158 -0.004586145 0.999981463 33.889595032
0.999991119 0.001810293 -0.003796723 0.645652235 -0.001793328 0.999988377 0.004466887 -0.974742234 0.003804765 -0.004460038 0.999982834 34.433006287
0.999986589 0.001601674 -0.004930594 0.661177695 -0.001581596 0.999990404 0.004073474 -0.984629869 0.004937073 -0.004065621 0.999979496 34.967563629
0.999986887 0.001469815 -0.004906374 0.671115875 -0.001448019 0.999989092 0.004443000 -0.999693632 0.004912850 -0.004435837 0.999978065 35.511459351
0.999985218 0.001833495 -0.005129109 0.673654974 -0.001814195 0.999991298 0.003764816 -1.012025237 0.005135967 -0.003755455 0.999979794 36.048519135
0.999985039 0.001462889 -0.005267349 0.678597808 -0.001441786 0.999990940 0.004007830 -1.027191162 0.005273164 -0.004000175 0.999978125 36.578025818
0.999981940 0.001013344 -0.005917482 0.688197255 -0.000988413 0.999990702 0.004214601 -1.041161060 0.005921698 -0.004208676 0.999973655 37.120243073
0.999981463 0.000791027 -0.006034955 0.696129560 -0.000765973 0.999991059 0.004152918 -1.053414941 0.006038187 -0.004148218 0.999973178 37.668563843
0.999984384 0.002875692 -0.004801779 0.677660763 -0.002855868 0.999987423 0.004130188 -1.059009433 0.004813596 -0.004116410 0.999979973 38.206321716
0.999983132 0.001278600 -0.005660762 0.690625250 -0.001250253 0.999986649 0.005008361 -1.097765207 0.005667090 -0.005001199 0.999971449 38.767101288
0.999983490 0.002101687 -0.005349195 0.693093300 -0.002082425 0.999991357 0.003603813 -1.099515796 0.005356723 -0.003592614 0.999979258 39.321098328
0.999984086 0.001360273 -0.005470251 0.695097983 -0.001335440 0.999988735 0.004540586 -1.117330551 0.005476365 -0.004533209 0.999974728 39.876567841
0.999981940 0.001785449 -0.005734923 0.710021079 -0.001758499 0.999987423 0.004700765 -1.129624128 0.005743245 -0.004690596 0.999972522 40.385868073
0.999984384 0.001140426 -0.005464347 0.717634678 -0.001116832 0.999990046 0.004318908 -1.136137128 0.005469217 -0.004312738 0.999975801 40.942535400
0.999984801 0.001173522 -0.005383253 0.716886997 -0.001150661 0.999990344 0.004247865 -1.142790794 0.005388184 -0.004241606 0.999976516 41.488002777
0.999980628 0.001514886 -0.006034822 0.732460141 -0.001490531 0.999990761 0.004038171 -1.157410622 0.006040884 -0.004029099 0.999973655 42.012664795
0.999977767 0.002690066 -0.006105348 0.735524178 -0.002666092 0.999988735 0.003931512 -1.166750669 0.006115856 -0.003915147 0.999973655 42.566493988
0.999979436 0.002034159 -0.006084889 0.745097160 -0.002011449 0.999991000 0.003736085 -1.175775290 0.006092434 -0.003723769 0.999974549 43.131408691
0.999979079 0.001987249 -0.006151163 0.747255802 -0.001961926 0.999989569 0.004120056 -1.194091916 0.006159286 -0.004107901 0.999972582 43.667404175
0.999979854 0.001712087 -0.006105458 0.750723124 -0.001686189 0.999989510 0.004244534 -1.207979918 0.006112661 -0.004234154 0.999972343 44.204677582
0.999979019 0.002862157 -0.005814409 0.755341887 -0.002834802 0.999984860 0.004707568 -1.225264311 0.005827795 -0.004690986 0.999971986 44.748062134
0.999977827 0.001956654 -0.006358692 0.770510793 -0.001930760 0.999989748 0.004075858 -1.230172992 0.006366602 -0.004063490 0.999971449 45.311141968
0.999980450 0.001427631 -0.006089304 0.779407978 -0.001408263 0.999993920 0.003183795 -1.235047579 0.006093813 -0.003175158 0.999976397 45.862178802
0.999977231 0.001056334 -0.006680640 0.789559603 -0.001029858 0.999991536 0.003965397 -1.254973292 0.006684774 -0.003958426 0.999969780 46.380138397
0.999978006 0.001748738 -0.006405450 0.791071475 -0.001723764 0.999990821 0.003902189 -1.265680194 0.006412216 -0.003891061 0.999971867 46.931270599
0.999975920 0.000829259 -0.006889727 0.799347401 -0.000803267 0.999992609 0.003774382 -1.277449250 0.006892805 -0.003768757 0.999969125 47.477012634
0.999977291 0.001089259 -0.006647225 0.799650609 -0.001062210 0.999991119 0.004071203 -1.291403770 0.006651601 -0.004064050 0.999969602 48.007011414
0.999978781 0.001360197 -0.006369019 0.807703733 -0.001333936 0.999990523 0.004125556 -1.302499652 0.006374570 -0.004116973 0.999971151 48.551849365
0.999978662 0.000625836 -0.006491140 0.811871290 -0.000601587 0.999992788 0.003737087 -1.314409018 0.006493431 -0.003733103 0.999971926 49.093986511
0.999976873 0.001351177 -0.006667199 0.828215003 -0.001324030 0.999990821 0.004074290 -1.327998400 0.006672642 -0.004065369 0.999969423 49.643890381
0.999975681 0.002392379 -0.006547252 0.831902206 -0.002361838 0.999986351 0.004668515 -1.342310190 0.006558331 -0.004652938 0.999967694 50.188167572
0.999976635 0.001080604 -0.006746435 0.837133348 -0.001055213 0.999992311 0.003766067 -1.350972176 0.006750452 -0.003758861 0.999970078 50.724006653
0.999976456 0.000704987 -0.006826955 0.851096213 -0.000676583 0.999991179 0.004161982 -1.368711710 0.006829829 -0.004157265 0.999967992 51.258007050
0.999977291 0.000871656 -0.006687149 0.859362602 -0.000848945 0.999993861 0.003398220 -1.366048694 0.006690070 -0.003392465 0.999971807 51.789943695
0.999977410 0.001173317 -0.006617608 0.858612895 -0.001149919 0.999993086 0.003538305 -1.390014052 0.006621713 -0.003530615 0.999971867 52.342914581
0.999976873 0.001104362 -0.006710460 0.866943955 -0.001082008 0.999993861 0.003333980 -1.399248838 0.006714100 -0.003326642 0.999971986 52.887382507
0.999978721 0.001429762 -0.006362672 0.867176056 -0.001410490 0.999994397 0.003032403 -1.412381172 0.006366973 -0.003023364 0.999975145 53.443302155
0.999979794 0.002107208 -0.006001450 0.860619187 -0.002083755 0.999990165 0.003911554 -1.434487462 0.006009634 -0.003898970 0.999974310 53.957103729
0.999980569 0.001618254 -0.006017028 0.873240829 -0.001593176 0.999990046 0.004170417 -1.451143265 0.006023717 -0.004160751 0.999973178 54.508129120
0.999980688 0.001657010 -0.005997676 0.880407810 -0.001633004 0.999990642 0.004005168 -1.463869333 0.006004257 -0.003995297 0.999974012 55.029979706
0.999979794 0.001106110 -0.006257848 0.889573812 -0.001080060 0.999990761 0.004164628 -1.477127671 0.006262397 -0.004157785 0.999971747 55.583099365
0.999979019 0.000937307 -0.006406595 0.893349230 -0.000915165 0.999993622 0.003458188 -1.484906673 0.006409795 -0.003452253 0.999973476 56.136013031
0.999976337 0.001184219 -0.006773904 0.914452612 -0.001156771 0.999991179 0.004054433 -1.501754045 0.006778646 -0.004046501 0.999968886 56.668399811
0.999976695 0.001184946 -0.006725248 0.915575504 -0.001160153 0.999992669 0.003689297 -1.511842251 0.006729570 -0.003681409 0.999970555 57.211933136
0.999976158 0.000455998 -0.006902425 0.924538374 -0.000429611 0.999992669 0.003823851 -1.528958201 0.006904118 -0.003820794 0.999968886 57.758171082
0.999977171 0.001689186 -0.006548105 0.929194450 -0.001668966 0.999993861 0.003091983 -1.534936905 0.006553287 -0.003080984 0.999973774 58.300170898
0.999976456 0.001077362 -0.006773794 0.939264178 -0.001053681 0.999993265 0.003498495 -1.546577215 0.006777518 -0.003491275 0.999970913 58.818771362
0.999976158 0.000928777 -0.006842880 0.946943521 -0.000910378 0.999995947 0.002691250 -1.556387782 0.006845352 -0.002684956 0.999972999 59.370262146
0.999975324 0.001675526 -0.006821420 0.955432177 -0.001653535 0.999993443 0.003228246 -1.572077751 0.006826784 -0.003216887 0.999971449 59.914291382
0.999976933 0.001504282 -0.006624957 0.946214080 -0.001481076 0.999992728 0.003506216 -1.584295869 0.006630182 -0.003496323 0.999971926 60.454193115
0.999976099 0.001202930 -0.006822950 0.962925851 -0.001181661 0.999994397 0.003120646 -1.598027587 0.006826666 -0.003112508 0.999971926 61.001823425
0.999973834 0.001504001 -0.007077099 0.974018693 -0.001482972 0.999994397 0.002975609 -1.610401511 0.007081535 -0.002965036 0.999970555 61.555938721
0.999976814 0.001290458 -0.006707245 0.971628308 -0.001269551 0.999994338 0.003120465 -1.622372746 0.006711234 -0.003111877 0.999972641 62.081672668
0.999979794 0.001789536 -0.006100951 0.971213579 -0.001773559 0.999994993 0.002623201 -1.633266687 0.006105615 -0.002612327 0.999977946 62.631233215
0.999977231 0.001548035 -0.006569386 0.983538508 -0.001529485 0.999994814 0.002827726 -1.643448234 0.006573728 -0.002817614 0.999974430 63.185573578
0.999977529 0.001479624 -0.006542108 0.982962966 -0.001459811 0.999994338 0.003032255 -1.664744973 0.006546559 -0.003022636 0.999974012 63.716552734
0.999979138 0.001137477 -0.006350436 0.991060615 -0.001120545 0.999995828 0.002669113 -1.672627211 0.006353446 -0.002661942 0.999976337 64.271720886
0.999977887 0.001920100 -0.006366298 0.995154738 -0.001901967 0.999994099 0.002853039 -1.684666634 0.006371739 -0.002840867 0.999975681 64.800102234
0.999977648 0.001632399 -0.006475387 1.001093626 -0.001611794 0.999993622 0.003185925 -1.704752088 0.006480548 -0.003175418 0.999973953 65.334808350
0.999974072 0.002423365 -0.006779891 1.010838151 -0.002403388 0.999992728 0.002953154 -1.716871858 0.006786999 -0.002936783 0.999972641 65.887214661
0.999974966 0.001196932 -0.006976605 1.011428833 -0.001175799 0.999994695 0.003032466 -1.727397680 0.006980198 -0.003024187 0.999971092 66.448799133
0.999971807 0.000770095 -0.007469340 1.034569740 -0.000745140 0.999994159 0.003343323 -1.745153069 0.007471871 -0.003337663 0.999966562 67.003952026
0.999976456 0.001721233 -0.006644011 1.044036865 -0.001698112 0.999992490 0.003483977 -1.761896729 0.006649957 -0.003472613 0.999971867 67.509567261
0.999976635 0.002440054 -0.006387762 1.046830058 -0.002418935 0.999991536 0.003311735 -1.777624130 0.006395790 -0.003296206 0.999974132 68.056694031
0.999975622 0.002778989 -0.006401812 1.052842498 -0.002759288 0.999991417 0.003084139 -1.791280627 0.006410327 -0.003066399 0.999974728 68.613273621
0.999975443 0.002569268 -0.006523446 1.054429770 -0.002545928 0.999990284 0.003583674 -1.807211518 0.006532592 -0.003566977 0.999972284 69.132324219
0.999976933 0.002636790 -0.006253654 1.054127574 -0.002611674 0.999988496 0.004020824 -1.824615598 0.006264184 -0.004004399 0.999972343 69.680259705
0.999979317 0.002866691 -0.005755516 1.053037167 -0.002846288 0.999989629 0.003549817 -1.835405111 0.005765633 -0.003533361 0.999977112 70.223068237
0.999975979 0.001947798 -0.006655112 1.066006899 -0.001928746 0.999994040 0.002868034 -1.834489822 0.006660658 -0.002855129 0.999973774 70.779548645
0.999974728 0.003068923 -0.006415469 1.078927994 -0.003048231 0.999990106 0.003232704 -1.860787868 0.006425327 -0.003213066 0.999974132 71.300201416
0.999970436 0.002938940 -0.007108038 1.091480374 -0.002918639 0.999991655 0.002864726 -1.871760368 0.007116398 -0.002843895 0.999970555 71.845260620
0.999973238 0.003286010 -0.006537110 1.088858843 -0.003265231 0.999989510 0.003186766 -1.886881948 0.006547514 -0.003165335 0.999973476 72.372375488
0.999977291 0.003210838 -0.005925960 1.093137860 -0.003189835 0.999988496 0.003550329 -1.907295227 0.005937292 -0.003531345 0.999976158 72.908859253
0.999975502 0.003129072 -0.006247174 1.104107618 -0.003109376 0.999990165 0.003159988 -1.912058353 0.006256999 -0.003140486 0.999975443 73.449989319
0.999974549 0.002973394 -0.006475436 1.115423203 -0.002951361 0.999989867 0.003409396 -1.929243326 0.006485506 -0.003390199 0.999973178 74.001976013
0.999971986 0.002552313 -0.007032637 1.124000788 -0.002528773 0.999991179 0.003354061 -1.937278748 0.007041138 -0.003336183 0.999969602 74.539443970
0.999974072 0.002702759 -0.006671154 1.132747531 -0.002679970 0.999990463 0.003422883 -1.955161572 0.006680341 -0.003404916 0.999971867 75.096519470
0.999972701 0.001676396 -0.007191652 1.148942113 -0.001652842 0.999993145 0.003279917 -1.969902754 0.007197102 -0.003267941 0.999968708 75.634689331
0.999973357 0.002524134 -0.006842920 1.152014494 -0.002502677 0.999991894 0.003142457 -1.984602571 0.006850796 -0.003125247 0.999971628 76.159660339
0.999973297 0.002093381 -0.006996751 1.170882702 -0.002072137 0.999993205 0.003042244 -1.994888544 0.007003075 -0.003027664 0.999970853 76.739181519
0.999973416 0.001543508 -0.007128404 1.182527065 -0.001524250 0.999995172 0.002706275 -2.004081488 0.007132549 -0.002695337 0.999970913 77.287002563
0.999971390 0.002308231 -0.007205007 1.181030273 -0.002285094 0.999992192 0.003217837 -2.019159079 0.007212380 -0.003201281 0.999968886 77.795013428
0.999968886 0.003726198 -0.006956217 1.181510687 -0.003704462 0.999988198 0.003135042 -2.035327911 0.006967817 -0.003109175 0.999970973 78.346267700
0.999971211 0.002154344 -0.007279295 1.202680588 -0.002132211 0.999993086 0.003047096 -2.046381712 0.007285810 -0.003031487 0.999968886 78.877029419
0.999971449 0.002922321 -0.006968767 1.202729702 -0.002899544 0.999990463 0.003276370 -2.061289310 0.006978274 -0.003256071 0.999970376 79.428825378
0.999970436 0.003425558 -0.006894645 1.209685087 -0.003401289 0.999988019 0.003528714 -2.079256058 0.006906649 -0.003505159 0.999970019 79.964744568
0.999978185 0.002267184 -0.006204474 1.222954035 -0.002248506 0.999992907 0.003015602 -2.086669445 0.006211268 -0.003001586 0.999976158 80.495674133
0.999979973 0.002740215 -0.005706297 1.234505177 -0.002724013 0.999992192 0.002845158 -2.100064754 0.005714050 -0.002829557 0.999979615 81.042846680
0.999987662 0.002312817 -0.004397519 1.244561076 -0.002299482 0.999992728 0.003035059 -2.118280172 0.004404507 -0.003024910 0.999985754 81.577331543
0.999991953 0.002049092 -0.003445450 1.254275560 -0.002038945 0.999993563 0.002945850 -2.129188538 0.003451463 -0.002938801 0.999989808 82.122627258
0.999996781 0.002546849 0.000039240 1.273941755 -0.002546954 0.999992430 0.002947745 -2.147932291 -0.000031732 -0.002947836 0.999995589 82.660423279
0.999991953 0.001620881 0.003699325 1.296315908 -0.001633082 0.999993265 0.003297683 -2.158128262 -0.003693955 -0.003303697 0.999987662 83.201423645
0.999975622 0.001942218 0.006707018 1.310537100 -0.001961007 0.999994159 0.002795889 -2.174760818 -0.006701550 -0.002808974 0.999973536 83.732337952
0.999932706 0.001564943 0.011493487 1.334157944 -0.001598505 0.999994457 0.002911583 -2.191610336 -0.011488867 -0.002929760 0.999929726 84.280326843
0.999849439 0.002133260 0.017218960 1.354273558 -0.002183381 0.999993384 0.002892495 -2.203931570 -0.017212680 -0.002929655 0.999847472 84.803001404
0.999736965 0.001965591 0.022850290 1.382647634 -0.002035702 0.999993265 0.003045431 -2.224739552 -0.022844151 -0.003091147 0.999734163 85.348159790
0.999590218 0.002076443 0.028548924 1.413708210 -0.002158519 0.999993563 0.002844395 -2.233291388 -0.028542833 -0.002904853 0.999588370 85.893005371
0.999346018 0.002597857 0.036067724 1.446595430 -0.002701506 0.999992371 0.002825282 -2.241417408 -0.036060110 -0.002920872 0.999345422 86.447586060
0.998991966 0.002649190 0.044810470 1.489084959 -0.002784980 0.999991834 0.002968150 -2.260949135 -0.044802237 -0.003089955 0.998991072 86.986801147
0.998663366 0.002205182 0.051638540 1.531824827 -0.002367527 0.999992371 0.003082910 -2.274580956 -0.051631354 -0.003201045 0.998661041 87.535736084
0.998141468 0.002281873 0.060896479 1.585028410 -0.002505079 0.999990463 0.003589236 -2.294744015 -0.060887706 -0.003735116 0.998137593 88.068763733
0.997463942 0.002611691 0.071125962 1.643215656 -0.002831380 0.999991536 0.002988074 -2.301468372 -0.071117558 -0.003181881 0.997462869 88.607460022
0.996865690 0.001578341 0.079096965 1.705295086 -0.001746092 0.999996364 0.002051710 -2.305794239 -0.079093441 -0.002183389 0.996864796 89.158889771
0.996173978 0.002122171 0.087367348 1.766373158 -0.002385668 0.999992907 0.002911660 -2.323604584 -0.087360546 -0.003108949 0.996171892 89.717956543
0.995159626 0.001474999 0.098259687 1.836606979 -0.001748798 0.999994814 0.002700413 -2.340318918 -0.098255202 -0.002859178 0.995157123 90.237777710
0.994043350 0.002401690 0.108958535 1.909980297 -0.002768605 0.999991000 0.003216315 -2.352766037 -0.108949833 -0.003498820 0.994041085 90.784889221
0.992964506 0.002392086 0.118388072 1.986558914 -0.002747930 0.999992132 0.002842598 -2.365855217 -0.118380345 -0.003147921 0.992963374 91.339607239
0.991619587 0.000868901 0.129188970 2.095759392 -0.001324946 0.999993265 0.003444158 -2.380047798 -0.129185110 -0.003586464 0.991613925 91.858139038
0.989995062 0.000973366 0.141098604 2.185767174 -0.001458629 0.999993324 0.003335797 -2.402222872 -0.141094416 -0.003508233 0.989989936 92.411903381
0.988397837 0.000511586 0.151886523 2.286192894 -0.001080063 0.999992669 0.003660298 -2.419409275 -0.151883528 -0.003781878 0.988391221 92.964530945
0.986742377 0.000660126 0.162293583 2.398018837 -0.001222247 0.999993622 0.003363785 -2.433148146 -0.162290305 -0.003517552 0.986736834 93.484313965
0.984586895 -0.000166158 0.174895912 2.506312370 -0.000356725 0.999995589 0.002958243 -2.445766926 -0.174895629 -0.002975037 0.984582424 94.009689331
0.982284188 -0.000074376 0.187397435 2.636772156 -0.000480272 0.999995768 0.002914339 -2.449831009 -0.187396869 -0.002952711 0.982279837 94.582313538
0.980176449 -0.000512074 0.198126093 2.759772301 -0.000050043 0.999996006 0.002832155 -2.460175753 -0.198126733 -0.002785927 0.980172515 95.123870850
0.977595866 -0.000438124 0.210490406 2.906787872 -0.000236356 0.999995053 0.003179163 -2.471964598 -0.210490763 -0.003157687 0.977590799 95.642715454
0.974495828 0.000051515 0.224405497 3.038833618 -0.000848814 0.999993682 0.003456471 -2.495004654 -0.224403903 -0.003558795 0.974489748 96.162643433
0.971905172 -0.000039675 0.235372797 3.187257767 -0.000881862 0.999992371 0.003809959 -2.510264397 -0.235371158 -0.003910486 0.971897662 96.703292847
0.968916297 -0.000526348 0.247388244 3.350990295 -0.000317895 0.999994218 0.003372669 -2.523248196 -0.247388601 -0.003346477 0.968910694 97.234924316
0.965248108 0.000191519 0.261334836 3.516731262 -0.001197869 0.999992490 0.003691522 -2.540552378 -0.261332154 -0.003876280 0.965241075 97.758544922
0.961637676 -0.001098936 0.274320275 3.662151337 0.000076495 0.999993026 0.003737848 -2.555264473 -0.274322420 -0.003573472 0.961631119 98.272048950
0.958512068 -0.001372844 0.285048634 3.848815918 0.000361322 0.999993503 0.003601151 -2.562976837 -0.285051674 -0.003348751 0.958506227 98.789283752
0.954222977 -0.001634016 0.299091756 4.019727707 0.000472704 0.999992073 0.003955102 -2.582606554 -0.299095869 -0.003632667 0.954216242 99.311065674
0.949946523 -0.001762675 0.312407345 4.222610474 0.000556748 0.999992013 0.003949268 -2.589985609 -0.312411845 -0.003577661 0.949940026 99.823493958
0.946070194 -0.003075576 0.323947161 4.421541214 0.001719478 0.999988616 0.004472316 -2.603201866 -0.323957205 -0.003674105 0.946064651 100.334060669
0.941254318 -0.002540297 0.337689012 4.623069763 0.001378741 0.999992251 0.003679516 -2.610089779 -0.337695718 -0.002997775 0.941250563 100.864089966
0.936394989 -0.002628952 0.350938350 4.836936951 0.001375836 0.999991715 0.003820058 -2.624794722 -0.350945532 -0.003094249 0.936390758 101.357872009
0.931845009 -0.002800755 0.362845629 5.059789658 0.001258219 0.999989092 0.004487471 -2.640537977 -0.362854272 -0.003725088 0.931838512 101.861946106
0.927094400 -0.003629989 0.374810338 5.271266937 0.002375138 0.999989986 0.003809861 -2.649905682 -0.374820411 -0.002641874 0.927093625 102.357719421
0.921291649 -0.003774383 0.388854086 5.521331787 0.002282072 0.999988139 0.004299517 -2.663696051 -0.388865680 -0.003073717 0.921289265 102.864807129
0.915642142 -0.005000910 0.401963472 5.761642456 0.003773089 0.999985516 0.003846219 -2.674032927 -0.401976854 -0.002005116 0.915647686 103.343223572
0.910855174 -0.005324745 0.412691772 6.008750916 0.004049498 0.999983907 0.003964586 -2.686413050 -0.412706286 -0.001939969 0.910862088 103.834869385
0.904422104 -0.004142513 0.426618665 6.266159058 0.002563439 0.999987602 0.004275551 -2.691797256 -0.426631123 -0.002773291 0.904421508 104.370635986
0.897707641 -0.004158452 0.440572053 6.528568268 0.002316084 0.999986291 0.004719383 -2.711736202 -0.440585524 -0.003216224 0.897704840 104.854484558
0.891871214 -0.004866556 0.452263385 6.787170410 0.002946334 0.999983490 0.004950047 -2.723378181 -0.452279955 -0.003082284 0.891870737 105.333045959
0.886171043 -0.005396099 0.463326842 7.053382874 0.003627750 0.999982357 0.004707686 -2.732425451 -0.463344067 -0.002490981 0.886174977 105.807563782
0.879214168 -0.005684210 0.476392776 7.329296112 0.003873459 0.999981105 0.004782823 -2.746365309 -0.476410925 -0.002359839 0.879219592 106.253753662
0.872332036 -0.006260957 0.488873750 7.618717194 0.004436466 0.999978185 0.004890318 -2.762112141 -0.488893658 -0.002097109 0.872340858 106.726409912
0.866406322 -0.006041394 0.499303132 7.920841217 0.004122622 0.999979258 0.004945698 -2.770111799 -0.499322653 -0.002226546 0.866413236 107.211166382
