1.000000000 0.000000000 0.000000000 0.000000000 0.000000000 1.000000000 0.000000000 0.000000000 0.000000000 0.000000000 1.000000000 0.000000000
1.000000000 -0.000007735 -0.000083387 0.000619243 0.000007728 1.000000000 -0.000078532 0.000701588 0.000083387 0.000078531 1.000000000 -0.000197450
1.000000000 -0.000078861 0.000040823 0.000387617 0.000078860 1.000000000 0.000009433 0.000408865 -0.000040824 -0.000009430 1.000000000 0.000341365
1.000000000 -0.000032975 -0.000006195 0.000384384 0.000032975 1.000000000 -0.000024256 0.000686327 0.000006196 0.000024256 1.000000000 0.000011430
1.000000000 -0.000136374 0.000010837 0.000164971 0.000136373 1.000000000 0.000077625 -0.000649952 -0.000010848 -0.000077623 1.000000000 -0.001089688
1.000000000 0.000030824 0.000177946 -0.000049574 -0.000030812 1.000000000 -0.000064432 0.000998478 -0.000177948 0.000064427 1.000000000 0.000476889
1.000000000 -0.000084247 0.000038856 0.001366983 0.000084247 1.000000000 -0.000007292 0.000777678 -0.000038855 0.000007295 1.000000000 0.000636699
1.000000000 0.000013806 0.000015575 -0.000056629 -0.000013807 1.000000000 0.000103158 -0.000668363 -0.000015574 -0.000103158 1.000000000 -0.001287126
1.000000000 0.000015762 -0.000056944 0.000192126 -0.000015766 1.000000000 -0.000056261 -0.000590451 0.000056943 0.000056262 1.000000000 -0.001973840
1.000000000 0.000012009 0.000015059 -0.000143602 -0.000012010 1.000000000 0.000042057 -0.001301606 -0.000015059 -0.000042057 1.000000000 -0.002106876
1.000000000 0.000067089 0.000020994 -0.000736824 -0.000067090 1.000000000 0.000076766 -0.001050839 -0.000020989 -0.000076768 1.000000000 -0.000688005
1.000000000 -0.000039326 0.000036879 -0.000267907 0.000039322 1.000000000 0.000104156 -0.001310318 -0.000036883 -0.000104155 1.000000000 -0.001936520
1.000000000 0.000111408 0.000039417 -0.000537137 -0.000111405 1.000000000 -0.000080182 -0.000708733 -0.000039426 0.000080178 1.000000000 -0.001031734
1.000000000 -0.000058051 0.000014621 0.000329092 0.000058051 1.000000000 0.000029021 0.000403639 -0.000014623 -0.000029021 1.000000000 0.000107846
1.000000000 0.000049828 0.000036183 -0.001599725 -0.000049823 1.000000000 -0.000125024 0.000591741 -0.000036189 0.000125022 1.000000000 -0.001129368
1.000000000 0.000190949 -0.000038157 0.000335056 -0.000190953 1.000000000 -0.000121371 0.002062443 0.000038134 0.000121379 1.000000000 0.002251698
1.000000000 0.000212675 0.000099877 -0.001262157 -0.000212663 0.999999940 -0.000122159 0.002263211 -0.000099903 0.000122138 1.000000000 0.002728373
1.000000000 0.000237872 0.000015334 -0.001026782 -0.000237870 0.999999940 -0.000132688 0.001279385 -0.000015366 0.000132684 1.000000000 -0.000365964
0.999999940 0.000307181 0.000173586 -0.002213108 -0.000307164 0.999999940 -0.000099194 0.002276256 -0.000173617 0.000099140 1.000000000 0.002459819
1.000000000 0.000148124 0.000170127 -0.001381609 -0.000148105 1.000000000 -0.000110948 0.001744786 -0.000170143 0.000110923 1.000000000 0.002132776
1.000000000 0.000193258 0.000116915 -0.001554748 -0.000193252 1.000000000 -0.000053402 0.001594913 -0.000116926 0.000053380 1.000000000 0.001866996
0.999999940 0.000241399 0.000074301 -0.001831662 -0.000241393 0.999999940 -0.000078997 0.002134259 -0.000074320 0.000078979 1.000000000 0.001963611
1.000000000 0.000174844 -0.000009494 -0.000515081 -0.000174844 1.000000000 -0.000083137 0.002212062 0.000009480 0.000083138 1.000000000 0.002934313
1.000000000 0.000180784 0.000080999 -0.001499557 -0.000180781 1.000000000 -0.000040230 0.002673910 -0.000081007 0.000040216 1.000000000 0.003185446
0.999999881 0.000530779 0.000069991 -0.001888750 -0.000530777 0.999999881 -0.000027664 0.002204603 -0.000070005 0.000027627 1.000000000 0.003603603
0.999999940 0.000403930 0.000091828 -0.001541301 -0.000403923 0.999999940 -0.000077853 0.002265431 -0.000091859 0.000077816 1.000000000 0.001719025
0.999999940 0.000296098 0.000139354 -0.002033531 -0.000296087 0.999999940 -0.000074141 0.002859105 -0.000139376 0.000074100 1.000000000 0.003717175
0.999999940 0.000314062 0.000207121 -0.002639638 -0.000314067 0.999999940 0.000023504 0.001669456 -0.000207113 -0.000023569 1.000000000 0.002633326
0.999999940 0.000257023 0.000087682 -0.001596046 -0.000257019 0.999999940 -0.000048404 0.002301356 -0.000087695 0.000048382 1.000000000 0.002364183
0.999999940 0.000260539 0.000161096 -0.002132075 -0.000260519 0.999999940 -0.000124512 0.002839553 -0.000161128 0.000124470 1.000000000 0.003227648
0.999999940 0.000298448 0.000141321 -0.001284221 -0.000298441 0.999999940 -0.000046513 0.002090222 -0.000141334 0.000046470 1.000000000 0.002771882
0.999999940 0.000280068 0.000172111 -0.001176407 -0.000280046 0.999999940 -0.000129328 0.003750420 -0.000172147 0.000129280 1.000000000 0.004235304
0.999999940 0.000232483 0.000080747 -0.000496907 -0.000232466 0.999999940 -0.000211674 0.003829790 -0.000080796 0.000211655 1.000000000 0.004261264
0.999999940 0.000348488 0.000207053 -0.001317579 -0.000348466 0.999999940 -0.000106272 0.002309620 -0.000207090 0.000106200 1.000000000 0.001572305
0.999999881 0.000428893 0.000194558 -0.002667722 -0.000428857 0.999999881 -0.000189735 0.002551786 -0.000194640 0.000189651 0.999999940 0.002131496
0.999999881 0.000382864 0.000191260 -0.001766842 -0.000382830 0.999999940 -0.000172913 0.002356325 -0.000191327 0.000172840 0.999999940 0.002906529
0.999999940 0.000243244 0.000123461 -0.000914847 -0.000243235 0.999999940 -0.000071935 0.002646033 -0.000123479 0.000071905 1.000000000 0.002651444
0.999999940 0.000334817 0.000176956 -0.002273514 -0.000334799 0.999999940 -0.000106643 0.003199219 -0.000176992 0.000106584 1.000000000 0.003864784
0.999999881 0.000421431 0.000227465 -0.002163205 -0.000421423 0.999999940 -0.000032588 0.001919904 -0.000227478 0.000032493 1.000000000 0.003152437
0.999999940 0.000233921 0.000105482 -0.000110781 -0.000233915 1.000000000 -0.000056008 0.003269371 -0.000105495 0.000055983 1.000000000 0.003527474
1.000000000 0.000174929 0.000094647 -0.000564562 -0.000174917 1.000000000 -0.000122566 0.002034356 -0.000094669 0.000122550 1.000000000 0.004794088
0.999999940 0.000375844 0.000079999 0.001692611 -0.000375795 0.999999762 -0.000614524 -0.000557212 -0.000080230 0.000614494 0.999999821 0.052295126
0.999999940 0.000400489 0.000047022 0.000297100 -0.000400435 0.999999285 -0.001129361 -0.003225884 -0.000047474 0.001129342 0.999999344 0.137961626
1.000000000 0.000206610 0.000071276 0.003557896 -0.000206508 0.999998987 -0.001424841 -0.008509515 -0.000071570 0.001424826 0.999998987 0.252244890
0.999999762 0.000635463 0.000142624 0.008149911 -0.000635300 0.999999166 -0.001143049 -0.010956682 -0.000143350 0.001142959 0.999999344 0.386902124
0.999999940 0.000201692 0.000345008 0.006547135 -0.000201355 0.999999523 -0.000979039 -0.013359195 -0.000345205 0.000978969 0.999999464 0.537304640
1.000000000 -0.000171804 -0.000037250 0.013678188 0.000171765 0.999999404 -0.001055702 -0.020673197 0.000037431 0.001055696 0.999999464 0.681457460
0.999999940 0.000070739 0.000328235 0.015354110 -0.000070592 0.999999881 -0.000445382 -0.026185889 -0.000328266 0.000445359 0.999999821 0.841376841
0.999999821 0.000048593 0.000632114 0.008300185 -0.000048431 0.999999940 -0.000256031 -0.034200367 -0.000632126 0.000256001 0.999999762 1.012391090
0.999999940 0.000204668 0.000352649 0.017907824 -0.000204478 0.999999821 -0.000539721 -0.030216591 -0.000352760 0.000539648 0.999999821 1.205163002
0.999999404 0.000286170 0.001031017 0.019590050 -0.000286127 0.999999940 -0.000041462 -0.044764396 -0.001031029 0.000041167 0.999999464 1.385161042
0.999999583 0.000002704 0.000934433 0.019110262 -0.000002511 1.000000000 -0.000205636 -0.041832831 -0.000934434 0.000205634 0.999999523 1.555858135
0.999999583 -0.000044334 0.000933764 0.026017005 0.000044491 1.000000000 -0.000168139 -0.044049431 -0.000933756 0.000168181 0.999999523 1.759542465
0.999999523 -0.000103621 0.000936543 0.025137097 0.000103238 0.999999940 0.000409319 -0.055838518 -0.000936585 -0.000409222 0.999999464 1.943984628
0.999999464 -0.000701278 0.000807474 0.031581759 0.000701185 0.999999762 0.000115893 -0.059772078 -0.000807556 -0.000115326 0.999999642 2.156250715
0.999999464 -0.000672650 0.000936470 0.035953704 0.000672011 0.999999583 0.000682829 -0.067571729 -0.000936929 -0.000682199 0.999999344 2.376965284
0.999999046 -0.000138617 0.001342303 0.034293160 0.000138390 1.000000000 0.000168997 -0.071311213 -0.001342326 -0.000168811 0.999999106 2.581270695
0.999998868 -0.000426002 0.001441659 0.039742447 0.000425588 0.999999881 0.000287360 -0.079027101 -0.001441781 -0.000286746 0.999998868 2.812284470
0.999998093 -0.000345274 0.001919387 0.039271720 0.000344631 0.999999940 0.000335170 -0.082668141 -0.001919502 -0.000334508 0.999998152 3.052727699
0.999998450 0.000276718 0.001740992 0.040809285 -0.000277680 0.999999881 0.000551909 -0.093526058 -0.001740839 -0.000552391 0.999998331 3.300283432
0.999997914 0.000107983 0.002007010 0.041765906 -0.000109415 0.999999762 0.000713609 -0.100640818 -0.002006933 -0.000713828 0.999997735 3.501205683
0.999997556 0.000807964 0.002067512 0.042646553 -0.000809753 0.999999344 0.000864214 -0.108115524 -0.002066813 -0.000865886 0.999997437 3.759037256
0.999996841 0.000913512 0.002342151 0.050725222 -0.000916386 0.999998927 0.001226266 -0.111627959 -0.002341028 -0.001228409 0.999996543 4.025588989
0.999997020 0.000437736 0.002400352 0.059605837 -0.000440667 0.999999106 0.001220877 -0.119047567 -0.002399816 -0.001221931 0.999996424 4.278658867
0.999997020 0.000784806 0.002310599 0.050176114 -0.000785792 0.999999523 0.000426139 -0.122041114 -0.002310264 -0.000427953 0.999997199 4.479975700
0.999996841 0.000703091 0.002410494 0.057603933 -0.000704131 0.999999583 0.000430201 -0.128080338 -0.002410191 -0.000431897 0.999997020 4.740438938
0.999995887 0.001128034 0.002639250 0.065350071 -0.001129782 0.999999046 0.000660913 -0.132404938 -0.002638503 -0.000663892 0.999996305 4.998951435
0.999996424 0.000801530 0.002560912 0.069787592 -0.000803352 0.999999464 0.000710168 -0.141927257 -0.002560341 -0.000712222 0.999996483 5.259803295
0.999995887 0.001104764 0.002637162 0.073614970 -0.001107216 0.999998868 0.000928494 -0.152658373 -0.002636133 -0.000931411 0.999996126 5.523153782
0.999995649 0.000850370 0.002833432 0.070723362 -0.000853336 0.999999046 0.001046008 -0.164660469 -0.002832540 -0.001048421 0.999995410 5.688045979
0.999995112 0.000889196 0.002988508 0.074195579 -0.000891919 0.999999166 0.000910082 -0.170875132 -0.002987696 -0.000912743 0.999995112 5.970677376
0.999993801 0.001120815 0.003343741 0.086734340 -0.001124016 0.999998927 0.000955539 -0.171400696 -0.003342666 -0.000959292 0.999993920 6.266859531
0.999995112 0.000560385 0.003057788 0.086999923 -0.000563852 0.999999225 0.001132910 -0.180658862 -0.003057151 -0.001134629 0.999994695 6.557728291
0.999992728 0.001865105 0.003338030 0.091620989 -0.001868163 0.999997795 0.000913047 -0.189565390 -0.003336320 -0.000919276 0.999993980 6.845139980
0.999991596 0.001472601 0.003825333 0.093039788 -0.001477813 0.999997914 0.001359909 -0.213193104 -0.003823322 -0.001365551 0.999991775 7.038941860
0.999992907 0.001278110 0.003553910 0.101082079 -0.001283396 0.999998033 0.001485536 -0.224911213 -0.003552005 -0.001490087 0.999992609 7.346471310
0.999991834 0.001295086 0.003818360 0.105095886 -0.001302675 0.999997199 0.001985777 -0.234838456 -0.003815777 -0.001990735 0.999990761 7.663314342
0.999990642 0.001523524 0.004058013 0.110643186 -0.001530096 0.999997497 0.001616969 -0.241864339 -0.004055540 -0.001623163 0.999990463 7.985213757
0.999993265 0.001138365 0.003496320 0.125834540 -0.001144385 0.999997854 0.001720238 -0.252547443 -0.003494354 -0.001724227 0.999992430 8.306262970
0.999992013 0.001176762 0.003819874 0.126640141 -0.001184529 0.999997377 0.002031659 -0.260675967 -0.003817472 -0.002036167 0.999990642 8.551642418
0.999992549 0.001350143 0.003609801 0.133089751 -0.001358283 0.999996543 0.002253293 -0.274388492 -0.003606747 -0.002258179 0.999991000 8.889430046
0.999991417 0.001679211 0.003792986 0.145096049 -0.001686714 0.999996662 0.001975837 -0.283243150 -0.003789656 -0.001982218 0.999990880 9.222071648
0.999991477 0.002050475 0.003584897 0.151408538 -0.002058873 0.999995172 0.002340454 -0.294620484 -0.003580081 -0.002347815 0.999990880 9.575216293
0.999992073 0.001775034 0.003547451 0.162771881 -0.001782649 0.999996066 0.002144450 -0.300499350 -0.003543631 -0.002150757 0.999991417 9.914565086
0.999990463 0.001858439 0.003953742 0.154351264 -0.001869591 0.999994278 0.002818798 -0.326723695 -0.003948480 -0.002826163 0.999988198 10.161931992
0.999992907 0.001138984 0.003583784 0.168536067 -0.001148949 0.999995530 0.002779757 -0.332170069 -0.003580601 -0.002783855 0.999989688 10.523808479
0.999992490 0.000589599 0.003833673 0.174268305 -0.000600618 0.999995649 0.002873732 -0.345481277 -0.003831962 -0.002876014 0.999988437 10.895856857
0.999989927 0.001801507 0.004123312 0.178953603 -0.001813137 0.999994338 0.002818392 -0.347637475 -0.004118212 -0.002825839 0.999987543 11.291419029
0.999991059 0.001368058 0.004006234 0.191568568 -0.001383174 0.999991953 0.003772918 -0.377078027 -0.004001040 -0.003778426 0.999984860 11.562805176
0.999989033 0.001821619 0.004335564 0.200031936 -0.001839214 0.999990106 0.004057790 -0.390011221 -0.004328130 -0.004065719 0.999982417 11.948760986
0.999991238 0.001248848 0.004001791 0.214386165 -0.001264842 0.999991298 0.003996603 -0.395666689 -0.003996764 -0.004001630 0.999984026 12.349554062
0.999990582 0.000937897 0.004235395 0.225553468 -0.000956207 0.999990284 0.004322986 -0.409508914 -0.004231299 -0.004326995 0.999981701 12.748910904
0.999990165 0.001950036 0.003987167 0.228769645 -0.001968675 0.999987125 0.004676270 -0.422260642 -0.003977997 -0.004684073 0.999981165 13.176070213
0.999989212 0.002181653 0.004107669 0.230231106 -0.002201169 0.999986231 0.004752454 -0.434352338 -0.004097245 -0.004761445 0.999980271 13.469181061
0.999986649 0.001923448 0.004818088 0.237503082 -0.001942820 0.999990046 0.004019395 -0.444225252 -0.004810309 -0.004028702 0.999980330 13.888812065
0.999987721 0.001878279 0.004583933 0.250652492 -0.001895777 0.999990940 0.003815936 -0.453894883 -0.004576724 -0.003824579 0.999982178 14.332142830
0.999979675 0.002050057 0.006037339 0.246266350 -0.002077959 0.999987185 0.004618838 -0.472387284 -0.006027793 -0.004631290 0.999971092 14.664253235
0.999972165 0.002862191 0.006893677 0.252054930 -0.002897461 0.999982834 0.005111772 -0.483729959 -0.006878927 -0.005131604 0.999963164 15.112603188
0.999970913 0.003226314 0.006895642 0.265033782 -0.003259956 0.999982774 0.004872937 -0.493023336 -0.006879802 -0.004895275 0.999964297 15.543790817
0.999970198 0.003052570 0.007094343 0.276875734 -0.003082314 0.999986470 0.004185592 -0.488904119 -0.007081471 -0.004207334 0.999966085 16.021924973
0.999978602 0.001586848 0.006344709 0.296001107 -0.001624144 0.999981344 0.005877382 -0.539092660 -0.006335265 -0.005887561 0.999962628 16.382442474
0.999973774 0.001670480 0.007049403 0.303694308 -0.001709001 0.999983549 0.005462025 -0.546683609 -0.007040164 -0.005473930 0.999960303 16.847866058
0.999978185 0.000800241 0.006551238 0.325836182 -0.000834620 0.999985874 0.005246725 -0.553799033 -0.006546947 -0.005252079 0.999964714 17.307155609
0.999974549 0.001110200 0.007039114 0.331174612 -0.001152962 0.999980807 0.006073789 -0.571479559 -0.007032235 -0.006081751 0.999956727 17.732131958
0.999974608 0.000813589 0.007076509 0.346527994 -0.000855095 0.999982357 0.005864264 -0.576884270 -0.007071613 -0.005870166 0.999957800 18.211917877
0.999973297 0.001275623 0.007196813 0.359679639 -0.001316679 0.999982834 0.005702931 -0.585357010 -0.007189415 -0.005712253 0.999957860 18.697002411
0.999973476 0.001206014 0.007183168 0.362851262 -0.001254088 0.999976754 0.006691846 -0.614907861 -0.007174932 -0.006700676 0.999951780 19.132406235
0.999977350 0.000564698 0.006704695 0.383762151 -0.000608382 0.999978602 0.006515118 -0.624172509 -0.006700873 -0.006519050 0.999956310 19.628261566
0.999975860 0.000753781 0.006907846 0.393934309 -0.000800058 0.999977291 0.006698882 -0.633048713 -0.006902640 -0.006704247 0.999953687 20.138471603
0.999976635 0.000968305 0.006761570 0.402765691 -0.001008558 0.999981821 0.005952323 -0.637881398 -0.006755685 -0.005959005 0.999959409 20.633316040
0.999983966 0.000461890 0.005644131 0.395166039 -0.000499918 0.999977171 0.006738066 -0.672546625 -0.005640890 -0.006740781 0.999961376 21.096248627
0.999984384 0.000606413 0.005548931 0.408992350 -0.000642571 0.999978542 0.006516627 -0.679266751 -0.005544860 -0.006520091 0.999963403 21.623342514
0.999989629 -0.000078433 0.004547057 0.425202161 0.000048494 0.999978304 0.006584053 -0.689701557 -0.004547475 -0.006583765 0.999967992 22.129673004
0.999988258 0.000655063 0.004803705 0.406393111 -0.000690608 0.999972343 0.007401739 -0.717097282 -0.004798723 -0.007404970 0.999961078 22.636890411
0.999991894 -0.000508633 0.003995612 0.423493147 0.000480341 0.999974847 0.007078697 -0.728419960 -0.003999112 -0.007076722 0.999966979 23.168064117
0.999994218 0.000257736 0.003370580 0.433862895 -0.000280563 0.999977052 0.006773644 -0.730526328 -0.003368756 -0.006774551 0.999971449 23.716163635
0.999994636 0.000766272 0.003180448 0.431036234 -0.000790285 0.999971151 0.007555623 -0.758151233 -0.003174566 -0.007558096 0.999966383 24.245662689
0.999995947 0.001393760 0.002492707 0.442876339 -0.001412792 0.999969780 0.007649941 -0.768299043 -0.002481969 -0.007653432 0.999967635 24.790325165
0.999993265 0.001877754 0.003134607 0.443714738 -0.001899874 0.999973178 0.007068605 -0.774108052 -0.003121250 -0.007074513 0.999970078 25.351255417
0.999996960 0.001291223 0.002066990 0.457818568 -0.001307710 0.999967158 0.007994664 -0.801576316 -0.002056599 -0.007997343 0.999965906 25.898248672
0.999998987 0.000593578 0.001219125 0.476999223 -0.000603718 0.999965131 0.008333909 -0.815546334 -0.001214135 -0.008334639 0.999964535 26.457164764
0.999999225 0.000906860 0.000836367 0.489092767 -0.000913698 0.999965787 0.008211877 -0.827481389 -0.000828891 -0.008212634 0.999965966 26.991777420
0.999997437 0.001996221 0.001042948 0.486274540 -0.002004731 0.999964178 0.008222957 -0.839833260 -0.001026496 -0.008225027 0.999965668 27.546995163
0.999997556 0.002033523 0.000852055 0.500331581 -0.002040897 0.999959707 0.008744720 -0.853643537 -0.000834238 -0.008746439 0.999961376 28.105936050
0.999996305 0.002435053 0.001137973 0.502757251 -0.002444277 0.999963522 0.008176082 -0.857164085 -0.001118023 -0.008178835 0.999965906 28.643604279
0.999995530 0.002874062 0.000825405 0.507955551 -0.002880442 0.999965191 0.007835357 -0.868414998 -0.000802857 -0.007837699 0.999968946 29.189016342
0.999994516 0.003227075 0.000711419 0.489407003 -0.003232926 0.999959648 0.008384266 -0.892171621 -0.000684334 -0.008386521 0.999964595 29.718835831
0.999995947 0.002664455 0.000848811 0.498596281 -0.002671517 0.999960899 0.008431057 -0.900733769 -0.000826313 -0.008433294 0.999964058 30.278070450
0.999992132 0.003866604 0.000814251 0.499591827 -0.003873337 0.999956906 0.008436406 -0.912438512 -0.000781596 -0.008439494 0.999964058 30.813539505
0.999995887 0.002843696 0.000362001 0.512745440 -0.002846488 0.999964237 0.007960180 -0.923873425 -0.000339351 -0.007961178 0.999968231 31.357839584
0.999994814 0.003230571 -0.000114161 0.518720031 -0.003229585 0.999964595 0.007778226 -0.931948066 0.000139286 -0.007777818 0.999969721 31.906406403
0.999993622 0.003565618 0.000043907 0.521936476 -0.003565864 0.999956369 0.008631712 -0.955715418 -0.000013128 -0.008631813 0.999962747 32.438850403
0.999996364 0.002686685 -0.000017990 0.523027539 -0.002686433 0.999959886 0.008534555 -0.970067501 0.000040919 -0.008534475 0.999963582 32.998939514
0.999996185 0.002731392 -0.000392595 0.533680916 -0.002728166 0.999964297 0.007993803 -0.977768183 0.000414415 -0.007992701 0.999967992 33.539813995
0.999994636 0.003247762 -0.000321194 0.537141800 -0.003244926 0.999958932 0.008467588 -0.995228291 0.000348682 -0.008466500 0.999964058 34.072338104
0.999995828 0.002765904 -0.000697268 0.560116053 -0.002760241 0.999964237 0.007994669 -0.997074127 0.000719355 -0.007992713 0.999967754 34.627277374
0.999995351 0.003028959 -0.000344505 0.542786181 -0.003025742 0.999955118 0.008981229 -1.027325153 0.000371694 -0.008980146 0.999959528 35.187828064
0.999993920 0.003458671 -0.000489070 0.552307546 -0.003454229 0.999955237 0.008809642 -1.036118984 0.000519519 -0.008807899 0.999961019 35.743206024
0.999995768 0.002828294 -0.000587950 0.562346101 -0.002823272 0.999961019 0.008373253 -1.044519663 0.000611610 -0.008371558 0.999964714 36.282470703
0.999994159 0.003410402 -0.000286338 0.559247077 -0.003407676 0.999953270 0.009038062 -1.070088744 0.000317148 -0.009037032 0.999959111 36.821613312
0.999992847 0.003724162 -0.000626208 0.570158362 -0.003718506 0.999954283 0.008802806 -1.078547478 0.000658962 -0.008800414 0.999961019 37.373336792
0.999993145 0.003712430 -0.000318335 0.574974477 -0.003709672 0.999958932 0.008265016 -1.082079887 0.000349004 -0.008263778 0.999965787 37.930683136
0.999993265 0.003624968 -0.000429845 0.577126026 -0.003621010 0.999953985 0.008873883 -1.099806547 0.000461994 -0.008872266 0.999960542 38.456047058
0.999992311 0.003860091 -0.000727283 0.586008012 -0.003853917 0.999958098 0.008306495 -1.107007504 0.000759315 -0.008303627 0.999965191 39.009853363
0.999993205 0.003455127 -0.001300924 0.606466532 -0.003443996 0.999958217 0.008462918 -1.117816210 0.001330109 -0.008458381 0.999963343 39.550132751
0.999994278 0.003327951 -0.000616488 0.601842344 -0.003322567 0.999958038 0.008535704 -1.138388991 0.000644868 -0.008533606 0.999963403 40.077098846
0.999991179 0.004120051 -0.000849393 0.613062561 -0.004112701 0.999955535 0.008479554 -1.140101790 0.000884291 -0.008475986 0.999963701 40.625690460
0.999989808 0.004500079 -0.000432777 0.617929578 -0.004496215 0.999953389 0.008547402 -1.152238846 0.000471220 -0.008545369 0.999963403 41.191345215
0.999994457 0.003319310 -0.000222439 0.612727761 -0.003317155 0.999953330 0.009076594 -1.174388289 0.000252556 -0.009075806 0.999958694 41.677852631
0.999993801 0.003452248 -0.000710186 0.624961138 -0.003445324 0.999948680 0.009530672 -1.184935331 0.000743051 -0.009528165 0.999954283 42.231971741
0.999994457 0.003320212 -0.000167011 0.637092948 -0.003318552 0.999952972 0.009112965 -1.198002696 0.000197260 -0.009112361 0.999958456 42.768905640
0.999995291 0.003106318 0.000023970 0.626988292 -0.003106405 0.999951005 0.009393184 -1.211581469 0.000005209 -0.009393212 0.999955833 43.312068939
0.999994814 0.003226054 0.000161607 0.636941195 -0.003227404 0.999952495 0.009194702 -1.217250586 -0.000131937 -0.009195174 0.999957681 43.869758606
0.999994874 0.003203423 -0.000066096 0.650432408 -0.003202744 0.999958575 0.008517788 -1.226957321 0.000093380 -0.008517532 0.999963701 44.418621063
0.999990702 0.004215911 0.000814540 0.632411122 -0.004222977 0.999951661 0.008878483 -1.244860768 -0.000777069 -0.008881841 0.999960244 44.935226440
0.999991417 0.003997720 0.001023845 0.640425444 -0.004006891 0.999950409 0.009117980 -1.257655621 -0.000987343 -0.009122005 0.999957919 45.484809875
0.999991417 0.004139486 0.000239888 0.654613793 -0.004141374 0.999955297 0.008492513 -1.261330128 -0.000204723 -0.008493433 0.999963880 46.033599854
0.999992669 0.003785248 0.000563767 0.642538846 -0.003790237 0.999951065 0.009130009 -1.275335670 -0.000529180 -0.009132078 0.999958098 46.562267303
0.999992609 0.003855902 0.000105175 0.654891193 -0.003856657 0.999956429 0.008496871 -1.280894756 -0.000072408 -0.008497214 0.999963820 47.108364105
0.999990284 0.004342770 0.000823768 0.662408054 -0.004349367 0.999957144 0.008183237 -1.288093209 -0.000788195 -0.008186741 0.999966145 47.665214539
0.999996603 0.002582897 0.000391858 0.662838817 -0.002586447 0.999952972 0.009347115 -1.315591812 -0.000367697 -0.009348096 0.999956250 48.186119080
0.999994278 0.003360264 0.000321704 0.677114546 -0.003363187 0.999948621 0.009562150 -1.329122782 -0.000289556 -0.009563177 0.999954224 48.727409363
0.999995768 0.002900330 0.000246636 0.679583251 -0.002902585 0.999948800 0.009692470 -1.335071921 -0.000218512 -0.009693144 0.999953032 49.281284332
0.999992609 0.003634179 0.001251545 0.669408917 -0.003646471 0.999943733 0.009964345 -1.359731197 -0.001215262 -0.009968836 0.999949515 49.803852081
0.999989331 0.004244625 0.001837726 0.676311970 -0.004263431 0.999937296 0.010353751 -1.369648933 -0.001793663 -0.010361475 0.999944746 50.355098724
0.999984086 0.005180907 0.002253141 0.678478241 -0.005203807 0.999933600 0.010279815 -1.375942707 -0.002199733 -0.010291375 0.999944627 50.909770966
0.999987483 0.004672880 0.001788948 0.684487104 -0.004690413 0.999939680 0.009924713 -1.390009880 -0.001742465 -0.009932978 0.999949157 51.428443909
0.999987960 0.004566346 0.001801156 0.693344593 -0.004583746 0.999941587 0.009777696 -1.393041611 -0.001756403 -0.009785833 0.999950588 51.975971222
0.999983072 0.005452956 0.002031829 0.701369464 -0.005473169 0.999934316 0.010080077 -1.407652378 -0.001976729 -0.010091026 0.999947190 52.529182434
0.999987483 0.004744973 0.001575981 0.716753125 -0.004760260 0.999940217 0.009841302 -1.424334764 -0.001529189 -0.009848682 0.999950290 53.054447174
0.999984443 0.005195670 0.002022530 0.720472038 -0.005216193 0.999933600 0.010277673 -1.435166121 -0.001968997 -0.010288063 0.999945104 53.595050812
0.999989748 0.004372050 0.001195647 0.740675032 -0.004384079 0.999937832 0.010250314 -1.443209887 -0.001150758 -0.010255450 0.999946773 54.146251678
0.999987781 0.004436610 0.002170456 0.721830487 -0.004458481 0.999938250 0.010177673 -1.469232559 -0.002125167 -0.010187226 0.999945879 54.692863464
0.999987304 0.004687820 0.001834794 0.729410648 -0.004706175 0.999937534 0.010131025 -1.476481915 -0.001787187 -0.010139532 0.999947011 55.243743896
0.999991477 0.003644493 0.001947711 0.748588562 -0.003664134 0.999941409 0.010177750 -1.489347458 -0.001910506 -0.010184800 0.999946296 55.799011230
0.999985635 0.004742171 0.002509795 0.736694217 -0.004768273 0.999933541 0.010498146 -1.506738782 -0.002459843 -0.010509962 0.999941766 56.370136261
0.999986649 0.004564970 0.002401193 0.748084009 -0.004588990 0.999938548 0.010094790 -1.514374256 -0.002354963 -0.010105675 0.999946237 56.916847229
0.999983370 0.005155269 0.002593023 0.766082764 -0.005180805 0.999937236 0.009939991 -1.515730023 -0.002541616 -0.009953259 0.999947309 57.488346100
0.999987125 0.004536864 0.002263269 0.771446705 -0.004559798 0.999937236 0.010233172 -1.527562022 -0.002216700 -0.010243362 0.999945045 58.006248474
0.999986768 0.004546438 0.002366003 0.787401915 -0.004570215 0.999938071 0.010143087 -1.543219209 -0.002319741 -0.010153767 0.999945819 58.544982910
0.999990761 0.004031068 0.001500238 0.805958509 -0.004045600 0.999943733 0.009812855 -1.550627708 -0.001460597 -0.009818835 0.999950707 59.103397369
0.999979496 0.005800010 0.002723910 0.775881290 -0.005826450 0.999934971 0.009801036 -1.567586660 -0.002666887 -0.009816706 0.999948204 59.671852112
0.999977112 0.006247475 0.002623143 0.791382134 -0.006272255 0.999934673 0.009546770 -1.577259064 -0.002563329 -0.009563004 0.999950945 60.223110199
0.999984503 0.005005198 0.002441872 0.813099325 -0.005029142 0.999938369 0.009900283 -1.586029649 -0.002392169 -0.009912411 0.999948025 60.771766663
0.999979675 0.005278903 0.003610859 0.781538665 -0.005317541 0.999927819 0.010776190 -1.626735449 -0.003553713 -0.010795170 0.999935329 61.307415009
0.999981821 0.005320567 0.002847980 0.801879823 -0.005349602 0.999932766 0.010286137 -1.630931139 -0.002793061 -0.010301185 0.999943018 61.855594635
0.999984264 0.004989716 0.002579824 0.821799874 -0.005016380 0.999933004 0.010434302 -1.635725737 -0.002527587 -0.010447079 0.999942183 62.405334473
0.999972403 0.006289847 0.003941543 0.807013512 -0.006329246 0.999929309 0.010064594 -1.655979276 -0.003877960 -0.010089265 0.999941587 62.969570160
0.999979317 0.005802037 0.002772212 0.829714179 -0.005827951 0.999938488 0.009433312 -1.658024549 -0.002717308 -0.009449273 0.999951720 63.528156281
0.999969363 0.006739882 0.003980735 0.820897818 -0.006776227 0.999934852 0.009188425 -1.666569948 -0.003918547 -0.009215117 0.999949872 64.052490234
0.999979734 0.005357524 0.003438525 0.852209330 -0.005390094 0.999939978 0.009533574 -1.680785894 -0.003387242 -0.009551915 0.999948680 64.570747375
0.999975085 0.005825894 0.003985695 0.834940612 -0.005864503 0.999935269 0.009744650 -1.693972588 -0.003928666 -0.009767780 0.999944568 65.144760132
0.999976158 0.005509823 0.004165519 0.842785120 -0.005546712 0.999944925 0.008896821 -1.697738886 -0.004116271 -0.008919713 0.999951720 65.701377869
0.999974251 0.005705169 0.004353237 0.858140826 -0.005744687 0.999941945 0.009120127 -1.716146231 -0.004300953 -0.009144899 0.999948978 66.234069824
0.999958634 0.007256483 0.005488355 0.861065745 -0.007309666 0.999925971 0.009733053 -1.726083636 -0.005417321 -0.009772769 0.999937534 66.740318298
0.999963939 0.006907939 0.004937292 0.849881053 -0.006956490 0.999926865 0.009884960 -1.744545102 -0.004868647 -0.009918950 0.999938965 67.300369263
0.999958217 0.007472620 0.005261997 0.857273161 -0.007523495 0.999924481 0.009716035 -1.750589609 -0.005188996 -0.009755218 0.999938965 67.864295959
0.999962330 0.007006780 0.005114684 0.868109643 -0.007058182 0.999924064 0.010102037 -1.766492844 -0.005043513 -0.010137758 0.999935925 68.401229858
0.999942780 0.008837735 0.006026603 0.862907827 -0.008898910 0.999908388 0.010200719 -1.775641680 -0.005935900 -0.010253766 0.999929786 68.902900696
0.999941647 0.008551400 0.006608267 0.872086048 -0.008617869 0.999911904 0.010096408 -1.782705069 -0.006521347 -0.010152766 0.999927223 69.459823608
0.999942720 0.008482363 0.006530010 0.884061038 -0.008553625 0.999903262 0.010963709 -1.807800293 -0.006436380 -0.011018935 0.999918580 70.026641846
0.999958277 0.007104012 0.005744334 0.914257586 -0.007159698 0.999926925 0.009732382 -1.801891088 -0.005674775 -0.009773104 0.999936163 70.537658691
0.999949813 0.007812879 0.006272833 0.922622442 -0.007875307 0.999919116 0.009989873 -1.811455488 -0.006194275 -0.010038774 0.999930441 71.089744568
0.999957383 0.007570030 0.005293118 0.942183673 -0.007620319 0.999925375 0.009546135 -1.821980953 -0.005220458 -0.009586064 0.999940455 71.647956848
0.999957561 0.007365095 0.005531800 0.949028373 -0.007417406 0.999927402 0.009496338 -1.827299118 -0.005461457 -0.009536966 0.999939620 72.150909424
0.999959171 0.007163994 0.005497680 0.961637735 -0.007220428 0.999920785 0.010314896 -1.839619637 -0.005423347 -0.010354171 0.999931693 72.698936462
0.999949574 0.008043224 0.006001643 0.967785120 -0.008104224 0.999915063 0.010210006 -1.853492022 -0.005919011 -0.010258130 0.999929845 73.230339050
0.999946415 0.008588952 0.005763625 0.984964013 -0.008648145 0.999909282 0.010325330 -1.856299639 -0.005674417 -0.010374623 0.999930024 73.785804749
0.999945521 0.008589957 0.005914752 1.001075864 -0.008649503 0.999911487 0.010116739 -1.869522572 -0.005827326 -0.010167349 0.999931335 74.321823120
0.999953628 0.007499282 0.006027222 1.018317223 -0.007555992 0.999926984 0.009441808 -1.869183540 -0.005955974 -0.009486914 0.999937236 74.861061096
0.999943495 0.008502253 0.006373002 1.023180485 -0.008563442 0.999916971 0.009636331 -1.877965569 -0.006290542 -0.009690363 0.999933183 75.402938843
0.999959350 0.006824736 0.005895131 1.045084953 -0.006880227 0.999931753 0.009444747 -1.888970375 -0.005830272 -0.009484924 0.999937952 75.958778381
0.999951780 0.008137533 0.005494145 1.069207907 -0.008184572 0.999929488 0.008593936 -1.886078119 -0.005423824 -0.008638489 0.999947965 76.537178040
0.999950826 0.008141983 0.005663542 1.081031322 -0.008192414 0.999926388 0.008938968 -1.894951344 -0.005590344 -0.008984928 0.999944031 77.099830627
0.999953330 0.007756407 0.005754293 1.086738825 -0.007809056 0.999927282 0.009183940 -1.910437822 -0.005682640 -0.009228447 0.999941230 77.632316589
0.999954104 0.007914959 0.005391321 1.113049507 -0.007960972 0.999931633 0.008567659 -1.909765244 -0.005323139 -0.008610186 0.999948740 78.164329529
0.999949217 0.008477046 0.005450919 1.122889757 -0.008523734 0.999926686 0.008599835 -1.921538115 -0.005377619 -0.008645860 0.999948144 78.722320557
0.999954879 0.007889054 0.005292992 1.149225473 -0.007935932 0.999929011 0.008894756 -1.937776446 -0.005222444 -0.008936361 0.999946415 79.266357422
0.999936581 0.008812481 0.007000566 1.141661763 -0.008871716 0.999924660 0.008475896 -1.940294266 -0.006925345 -0.008537465 0.999939561 79.827468872
0.999930620 0.008563804 0.008084006 1.157911658 -0.008632916 0.999926150 0.008553251 -1.954604864 -0.008010161 -0.008622445 0.999930680 80.370971680
0.999931872 0.007592840 0.008865482 1.179736853 -0.007666348 0.999936283 0.008287195 -1.962230921 -0.008801994 -0.008354596 0.999926388 80.918968201
0.999906778 0.008954314 0.010302480 1.183395505 -0.009043368 0.999921918 0.008629951 -1.985978365 -0.010224400 -0.008722315 0.999909699 81.416915894
0.999860108 0.009402469 0.013830011 1.204298496 -0.009510457 0.999924660 0.007763203 -1.982269526 -0.013755974 -0.007893647 0.999874234 82.023200989
0.999800861 0.009127034 0.017743465 1.227029681 -0.009268646 0.999925733 0.007915282 -1.989783287 -0.017669901 -0.008078163 0.999811292 82.574249268
0.999750435 0.007944167 0.020878538 1.258321404 -0.008121315 0.999931574 0.008413674 -2.010113239 -0.020810271 -0.008581135 0.999746621 83.123580933
0.999673188 0.007443579 0.024455216 1.286760092 -0.007629963 0.999942482 0.007536936 -2.004308939 -0.024397708 -0.007721066 0.999672532 83.673828125
0.999496639 0.007493626 0.030826323 1.315204382 -0.007725670 0.999942660 0.007415219 -2.012808084 -0.030768985 -0.007649640 0.999497294 84.221588135
0.999302149 0.007540042 0.036585085 1.356802106 -0.007804636 0.999944389 0.007094852 -2.024462938 -0.036529556 -0.007375434 0.999305427 84.760414124
0.999074340 0.007454067 0.042366661 1.392284632 -0.007780960 0.999941111 0.007556172 -2.031453609 -0.042307843 -0.007878830 0.999073505 85.327705383
0.998681247 0.007355579 0.050811831 1.436651230 -0.007716156 0.999946296 0.006903803 -2.035923958 -0.050758332 -0.007286768 0.998684406 85.876785278
0.998210371 0.007449365 0.059334215 1.486357450 -0.007860620 0.999946654 0.006700755 -2.044105053 -0.059281141 -0.007155166 0.998215616 86.435829163
0.997819304 0.006304965 0.065702654 1.542294025 -0.006765753 0.999953985 0.006793097 -2.052251339 -0.065656804 -0.007222811 0.997816145 87.021682739
0.997152448 0.007425116 0.075046085 1.598829269 -0.007969555 0.999944091 0.006957878 -2.062749863 -0.074990228 -0.007536149 0.997155845 87.573898315
0.996376753 0.006117332 0.084829032 1.671496868 -0.006629911 0.999961436 0.005762105 -2.063616276 -0.084790513 -0.006303637 0.996378899 88.135452271
0.995561182 0.006724523 0.093875803 1.739686012 -0.007366693 0.999951780 0.006495765 -2.080057144 -0.093827575 -0.007158485 0.995562851 88.680084229
0.994854271 0.006314100 0.101120159 1.812566757 -0.006960792 0.999957561 0.006043715 -2.089838028 -0.101077713 -0.006716492 0.994855881 89.224281311
0.993758857 0.006281795 0.111373022 1.890182495 -0.007006261 0.999956727 0.006114679 -2.102186680 -0.111329786 -0.006856824 0.993759871 89.753433228
0.992522120 0.007012852 0.121863447 1.969650269 -0.007877399 0.999947071 0.006614038 -2.119618893 -0.121810623 -0.007524546 0.992524803 90.313766479
0.991284549 0.006432933 0.131581292 2.060867310 -0.007325519 0.999953330 0.006300594 -2.128887177 -0.131534621 -0.007209582 0.991285384 90.872558594
0.989703417 0.005527378 0.143027142 2.160921097 -0.006498546 0.999958873 0.006323843 -2.142361641 -0.142986313 -0.007188197 0.989698529 91.393302917
0.987792134 0.005965936 0.155663311 2.260810852 -0.006999639 0.999956965 0.006093337 -2.157114983 -0.155620277 -0.007108537 0.987791300 91.916954041
0.986065269 0.006149161 0.166245133 2.370741844 -0.007319747 0.999952555 0.006429542 -2.156897068 -0.166197717 -0.007556820 0.986063421 92.495414734
0.984171987 0.006694144 0.177089408 2.484173775 -0.007901790 0.999950171 0.006115045 -2.163665533 -0.177039623 -0.007417579 0.984175742 93.042465210
0.981790185 0.006378634 0.189861655 2.604647636 -0.007655944 0.999952674 0.005994876 -2.176742077 -0.189814463 -0.007339279 0.981792510 93.579742432
0.979503870 0.004358615 0.201378047 2.752165794 -0.005581244 0.999969304 0.005503924 -2.183387041 -0.201347828 -0.006515054 0.979498267 94.129676819
0.977346480 0.003767858 0.211612254 2.886848450 -0.005119370 0.999969900 0.005839240 -2.198848724 -0.211583853 -0.006790281 0.977336347 94.663421631
0.974410832 0.003254514 0.224751189 3.025789261 -0.004591229 0.999974728 0.005425160 -2.210390806 -0.224727869 -0.006318218 0.974401057 95.179580688
0.971265614 0.001952439 0.237990156 3.185014725 -0.003206881 0.999982953 0.004883931 -2.218297243 -0.237976566 -0.005506800 0.971255243 95.717796326
0.968445539 0.003013636 0.249207139 3.342622757 -0.004462406 0.999976218 0.005248774 -2.225066423 -0.249185383 -0.006195214 0.968436003 96.284469604
0.965499043 0.003351294 0.260384977 3.508920670 -0.004858089 0.999974966 0.005143421 -2.235931873 -0.260361195 -0.006230941 0.965491176 96.828857422
0.961843669 0.002702066 0.273586184 3.683431625 -0.004270094 0.999977648 0.005136065 -2.243151665 -0.273566216 -0.006108330 0.961833775 97.330070496
0.958189785 0.002428675 0.286122859 3.848522186 -0.004003270 0.999979854 0.004918401 -2.254269123 -0.286105126 -0.005858188 0.958180308 97.858474731
0.954813421 0.001787321 0.297200143 4.036584854 -0.003392070 0.999982357 0.004883932 -2.263986349 -0.297186136 -0.005671368 0.954802692 98.384201050
0.950318933 0.002007831 0.311271459 4.221426010 -0.003825330 0.999979019 0.005228541 -2.281314611 -0.311254412 -0.006159498 0.950306594 98.878364563
0.945589125 0.001866415 0.325357884 4.437316895 -0.003719052 0.999980211 0.005072314 -2.290781498 -0.325341970 -0.006006347 0.945577323 99.457649231
0.941614091 0.001668634 0.336690187 4.648857117 -0.003599437 0.999980450 0.005110569 -2.301666975 -0.336675078 -0.006024079 0.941601574 99.967033386
0.936797917 0.000497287 0.349870831 4.861991882 -0.002261667 0.999986649 0.004634408 -2.314882040 -0.349863857 -0.005132794 0.936786532 100.478111267
0.931279719 0.000611714 0.364304453 5.070329666 -0.002388531 0.999987364 0.004426748 -2.318717957 -0.364297152 -0.004992694 0.931269407 100.985198975
0.926416993 0.000302699 0.376498967 5.300973892 -0.002169336 0.999987364 0.004533916 -2.331456184 -0.376492828 -0.005017049 0.926406026 101.490447998
0.921460092 0.000176280 0.388473064 5.532846451 -0.001862619 0.999990404 0.003964372 -2.334465027 -0.388468653 -0.004376587 0.921451569 102.014541626
0.915583670 -0.000455672 0.402127326 5.776878357 -0.001478729 0.999988794 0.004499986 -2.348571777 -0.402124792 -0.004714751 0.915572703 102.492034912
0.909528852 -0.000589962 0.415640295 6.026195526 -0.001442552 0.999988556 0.004576066 -2.360516071 -0.415638208 -0.004761647 0.909517527 102.986419678
0.904519558 -0.001552909 0.426429302 6.271472931 -0.000399976 0.999989867 0.004490029 -2.376622677 -0.426431894 -0.004231881 0.904509723 103.448501587
0.898810565 -0.001499923 0.438334644 6.546714783 -0.000528420 0.999989688 0.004505364 -2.389157772 -0.438336909 -0.004281093 0.898800492 103.944625854
0.892146349 -0.000657971 0.451745898 6.821537018 -0.001373602 0.999990344 0.004169199 -2.390726805 -0.451744318 -0.004340054 0.892136872 104.511909485
0.886027753 -0.000731120 0.463631541 7.099483490 -0.000958872 0.999993682 0.003409392 -2.394626617 -0.463631094 -0.003465380 0.886021495 104.999740601
0.880084872 -0.000819626 0.474815428 7.388286591 -0.000973525 0.999993265 0.003530645 -2.403914690 -0.474815160 -0.003569513 0.880078316 105.504600525
0.872158468 -0.001276921 0.489221841 7.642799377 -0.001070883 0.999989152 0.004519193 -2.427265406 -0.489222318 -0.004465351 0.872147620 105.940902710
