1.000000000 0.000000000 0.000000000 0.000000000 0.000000000 1.000000000 0.000000000 0.000000000 0.000000000 0.000000000 1.000000000 0.000000000
1.000000000 0.000177912 0.000120122 -0.000658740 -0.000177914 1.000000000 0.000017938 0.000627321 -0.000120118 -0.000017959 1.000000000 0.001000041
1.000000000 -0.000132115 0.000086595 -0.000302521 0.000132105 1.000000000 0.000115169 -0.000003859 -0.000086610 -0.000115158 1.000000000 -0.000164599
1.000000000 -0.000195733 0.000138850 -0.000817391 0.000195729 1.000000000 0.000033275 0.000634245 -0.000138856 -0.000033248 1.000000000 0.001671951
0.999999940 -0.000242746 0.000122286 -0.000005882 0.000242743 0.999999940 0.000026344 0.000681091 -0.000122292 -0.000026315 1.000000000 0.000429699
1.000000000 -0.000118875 0.000111937 -0.000193513 0.000118879 1.000000000 -0.000037300 0.001707572 -0.000111933 0.000037313 1.000000000 0.001394353
1.000000000 0.000121554 0.000174151 -0.000548374 -0.000121542 1.000000000 -0.000069656 0.001019904 -0.000174159 0.000069635 1.000000000 -0.000464723
1.000000000 -0.000154988 0.000105671 0.000418226 0.000155000 1.000000000 -0.000112106 0.001448357 -0.000105654 0.000112123 1.000000000 0.001069467
1.000000000 -0.000204947 0.000047208 0.000487886 0.000204947 1.000000000 0.000003301 -0.000236039 -0.000047209 -0.000003291 1.000000000 -0.001088139
1.000000000 -0.000053764 0.000155448 -0.000532380 0.000053765 1.000000000 -0.000006198 0.000506822 -0.000155448 0.000006206 1.000000000 0.000100536
0.999999940 -0.000322119 0.000054764 -0.000026466 0.000322117 0.999999940 0.000027772 0.001071951 -0.000054773 -0.000027755 1.000000000 0.000508594
1.000000000 -0.000012791 0.000234062 -0.000862478 0.000012768 1.000000000 0.000097406 -0.000129784 -0.000234064 -0.000097403 0.999999940 0.000824276
1.000000000 -0.000188620 0.000036559 0.000603970 0.000188620 1.000000000 0.000001268 0.000645252 -0.000036559 -0.000001261 1.000000000 0.000153040
0.999999940 -0.000371842 -0.000081479 0.001590217 0.000371842 0.999999940 0.000003644 0.000587346 0.000081477 -0.000003674 1.000000000 -0.000056716
0.999999940 -0.000330024 0.000188412 -0.000278428 0.000330019 0.999999940 0.000027019 0.000961049 -0.000188421 -0.000026957 1.000000000 0.000445325
0.999999940 -0.000382920 0.000100592 -0.000671084 0.000382906 0.999999940 0.000136039 0.000240580 -0.000100644 -0.000136001 1.000000000 0.001779525
1.000000000 0.000178418 0.000030038 -0.000674810 -0.000178420 1.000000000 0.000087817 0.000062529 -0.000030022 -0.000087822 1.000000000 -0.001383015
1.000000000 -0.000236567 -0.000004567 0.000512375 0.000236568 0.999999940 0.000105124 -0.000278059 0.000004542 -0.000105126 1.000000000 -0.000122181
1.000000000 0.000131717 0.000127436 -0.001175776 -0.000131728 1.000000000 0.000086304 0.000446885 -0.000127425 -0.000086321 1.000000000 0.000236062
0.999999940 -0.000178925 0.000215603 -0.001444519 0.000178918 1.000000000 0.000031599 0.000509503 -0.000215609 -0.000031560 1.000000000 -0.000140128
0.999999940 -0.000274354 0.000170930 -0.000104648 0.000274364 0.999999940 -0.000056599 0.000850630 -0.000170915 0.000056646 1.000000000 0.000888255
1.000000000 0.000095233 0.000130828 -0.000263932 -0.000095247 1.000000000 0.000102502 0.000653176 -0.000130818 -0.000102515 1.000000000 0.000897849
0.999999940 -0.000262824 0.000096973 0.000719416 0.000262821 0.999999940 0.000028237 0.000493726 -0.000096980 -0.000028212 1.000000000 -0.001952377
1.000000000 -0.000163252 0.000006820 0.000815838 0.000163253 1.000000000 -0.000082147 0.001442708 -0.000006807 0.000082148 1.000000000 -0.000365239
1.000000000 -0.000151117 0.000030699 0.000268443 0.000151122 1.000000000 -0.000161649 0.001838607 -0.000030675 0.000161654 1.000000000 -0.000804149
0.999999940 0.000078808 0.000241647 -0.002113990 -0.000078767 1.000000000 -0.000170110 0.002829156 -0.000241660 0.000170091 0.999999940 0.000635371
1.000000000 0.000039507 0.000148188 -0.001165473 -0.000039547 0.999999940 0.000272559 -0.000497813 -0.000148177 -0.000272565 0.999999940 0.000910671
0.999999940 -0.000361848 0.000101368 -0.000041338 0.000361849 0.999999940 -0.000002091 0.000754259 -0.000101367 0.000002128 1.000000000 0.001348048
0.999999940 -0.000353091 0.000171864 -0.000783503 0.000353083 0.999999940 0.000048540 -0.000096109 -0.000171881 -0.000048480 1.000000000 0.000231018
1.000000000 -0.000133603 0.000195820 -0.002092990 0.000133583 1.000000000 0.000099960 0.000479662 -0.000195834 -0.000099934 1.000000000 0.000736493
0.999999940 -0.000119420 0.000223005 -0.001089192 0.000119447 1.000000000 -0.000120662 0.001376192 -0.000222991 0.000120689 0.999999940 -0.000549723
0.999999940 -0.000232747 0.000184948 -0.000857216 0.000232737 1.000000000 0.000049377 0.000812784 -0.000184959 -0.000049334 1.000000000 0.001563136
0.999999940 -0.000042723 0.000262135 -0.001340889 0.000042696 1.000000000 0.000101845 0.000442432 -0.000262139 -0.000101834 0.999999940 0.000614961
1.000000000 -0.000192724 0.000070017 0.000462435 0.000192716 1.000000000 0.000119779 0.000348990 -0.000070041 -0.000119766 1.000000000 0.000041229
0.999999940 -0.000220179 0.000122956 -0.000649223 0.000220177 1.000000000 0.000022621 0.000678845 -0.000122961 -0.000022594 1.000000000 0.000638569
0.999999940 -0.000238515 0.000123835 -0.000683689 0.000238513 1.000000000 0.000012765 0.000643379 -0.000123839 -0.000012735 1.000000000 -0.000126459
1.000000000 -0.000099317 0.000105294 -0.000665364 0.000099326 1.000000000 -0.000080166 0.001255279 -0.000105286 0.000080176 1.000000000 0.000178689
0.999999881 -0.000366306 0.000214230 -0.000705962 0.000366336 0.999999940 -0.000137504 0.001511217 -0.000214179 0.000137582 0.999999940 0.001886969
0.999999881 -0.000453534 -0.000068753 0.002537291 0.000453495 0.999999762 -0.000567647 -0.001801284 0.000069010 0.000567615 0.999999821 0.049836833
0.999999106 0.000822129 -0.001037443 0.006127371 -0.000823917 0.999998152 -0.001723568 -0.001864539 0.001036024 0.001724421 0.999997973 0.137995258
0.999998868 0.001004989 -0.001116110 0.010213373 -0.001007054 0.999997735 -0.001851200 -0.005438881 0.001114247 0.001852322 0.999997675 0.253241122
0.999998987 0.000594261 -0.001283757 0.014182478 -0.000597214 0.999997199 -0.002300849 -0.006339247 0.001282386 0.002301613 0.999996543 0.388630599
0.999998927 0.000528340 -0.001373430 0.016474368 -0.000531650 0.999997020 -0.002410869 -0.009264062 0.001372152 0.002411597 0.999996185 0.529874146
0.999999046 0.000405312 -0.001317407 0.019487195 -0.000408388 0.999997258 -0.002336111 -0.015014384 0.001316457 0.002336647 0.999996424 0.680715024
0.999999225 0.000384509 -0.001166708 0.021522544 -0.000387148 0.999997377 -0.002262605 -0.016320908 0.001165835 0.002263055 0.999996722 0.840217829
0.999998927 0.000271970 -0.001407235 0.026497331 -0.000275142 0.999997437 -0.002254189 -0.021102088 0.001406618 0.002254574 0.999996483 1.008726597
0.999998093 0.001345879 -0.001358077 0.026897369 -0.001348441 0.999997318 -0.001887744 -0.027175877 0.001355533 0.001889572 0.999997258 1.184573054
0.999998271 0.001198787 -0.001378513 0.031233633 -0.001201152 0.999997735 -0.001715846 -0.031383876 0.001376453 0.001717499 0.999997616 1.369839430
0.999997675 0.001789049 -0.001175097 0.031744681 -0.001791088 0.999996901 -0.001736845 -0.038931660 0.001171986 0.001738946 0.999997854 1.552030206
0.999998569 0.000712954 -0.001540667 0.040777862 -0.000715136 0.999998748 -0.001416061 -0.041807219 0.001539656 0.001417161 0.999997795 1.758036852
0.999997079 0.001448069 -0.001919673 0.041906051 -0.001451383 0.999997497 -0.001725952 -0.046261810 0.001917169 0.001728733 0.999996662 1.957732320
0.999998569 0.000677046 -0.001543339 0.046678662 -0.000678860 0.999999046 -0.001174857 -0.056840695 0.001542543 0.001175903 0.999998093 2.165149450
0.999998689 0.001308926 -0.000867563 0.042930614 -0.001310170 0.999998033 -0.001435486 -0.062087990 0.000865682 0.001436621 0.999998569 2.378503561
0.999998391 0.001651782 -0.000683472 0.048540369 -0.001652927 0.999997139 -0.001677313 -0.067450598 0.000680700 0.001678440 0.999998331 2.601768255
0.999998629 0.001566541 -0.000506408 0.048728716 -0.001567298 0.999997616 -0.001496878 -0.075024746 0.000504062 0.001497670 0.999998748 2.829754114
0.999997973 0.001572138 -0.001205031 0.052480176 -0.001573537 0.999998093 -0.001160274 -0.089659102 0.001203204 0.001162168 0.999998629 3.067257404
0.999997735 0.001727983 -0.001244019 0.057942651 -0.001729436 0.999997854 -0.001168336 -0.096291833 0.001241997 0.001170485 0.999998569 3.309646368
0.999998748 0.001065369 -0.001109214 0.067005739 -0.001066095 0.999999225 -0.000654102 -0.108070150 0.001108516 0.000655284 0.999999166 3.541328907
0.999999285 0.000735754 -0.000960409 0.064299718 -0.000736486 0.999999404 -0.000762438 -0.113229781 0.000959847 0.000763145 0.999999225 3.820389748
0.999999583 0.000835401 -0.000599487 0.066906393 -0.000835970 0.999999285 -0.000948987 -0.118223824 0.000598693 0.000949487 0.999999344 4.082836628
0.999997973 0.000965027 -0.001746551 0.081494860 -0.000965386 0.999999464 -0.000204950 -0.130731404 0.001746352 0.000206636 0.999998450 4.320147038
0.999998748 0.000398880 -0.001551278 0.088272370 -0.000399764 0.999999762 -0.000570033 -0.136653006 0.001551050 0.000570652 0.999998569 4.578194141
0.999998927 0.000026254 -0.001481544 0.096371017 -0.000026254 1.000000000 -0.000000115 -0.147418782 0.001481545 0.000000154 0.999998808 4.829753876
0.999998093 0.001621871 -0.001077555 0.095968440 -0.001622944 0.999998212 -0.000995373 -0.138524920 0.001075938 0.000997120 0.999998927 5.106085300
0.999997795 0.001801394 -0.001053472 0.098674282 -0.001802431 0.999997914 -0.000984455 -0.145645827 0.001051696 0.000986352 0.999998987 5.374018192
0.999998808 0.000828647 -0.001289209 0.111884981 -0.000829871 0.999999344 -0.000949450 -0.160350025 0.001288421 0.000950519 0.999998689 5.629825592
0.999998569 0.000138862 -0.001703522 0.119801261 -0.000139366 0.999999940 -0.000295586 -0.174071357 0.001703481 0.000295823 0.999998450 5.897118568
0.999998987 0.000467992 -0.001326600 0.122649185 -0.000468944 0.999999702 -0.000717376 -0.181138828 0.001326264 0.000717997 0.999998868 6.168964386
0.999999106 0.000819296 -0.001145486 0.117089272 -0.000819691 0.999999583 -0.000344156 -0.194598556 0.001145204 0.000345095 0.999999285 6.463291168
0.999999285 0.000642875 -0.001023257 0.119969703 -0.000643130 0.999999702 -0.000248518 -0.210081205 0.001023097 0.000249176 0.999999404 6.745788574
0.999999404 0.001095731 -0.000368203 0.119994588 -0.001095785 0.999999344 -0.000145172 -0.220886156 0.000368044 0.000145575 0.999999940 7.041748524
0.999998927 0.000461416 -0.001392676 0.138130859 -0.000461756 0.999999881 -0.000243844 -0.225684315 0.001392564 0.000244487 0.999998987 7.350498199
0.999999642 0.000299303 -0.000787299 0.137565956 -0.000299276 0.999999940 0.000034072 -0.239314869 0.000787309 -0.000033836 0.999999702 7.650517941
0.999999464 0.000692792 -0.000703961 0.143250585 -0.000692363 0.999999642 0.000609084 -0.250549734 0.000704382 -0.000608596 0.999999642 7.966587067
0.999999583 0.000547135 -0.000661704 0.146411493 -0.000546560 0.999999404 0.000867775 -0.268528372 0.000662179 -0.000867413 0.999999404 8.272386551
0.999999464 0.000735902 -0.000608039 0.154015571 -0.000735271 0.999999106 0.001037824 -0.281456590 0.000608802 -0.001037376 0.999999285 8.585127831
0.999999821 0.000386980 -0.000232880 0.157107115 -0.000386640 0.999998808 0.001459138 -0.293928385 0.000233445 -0.001459048 0.999998927 8.918951035
0.999999821 0.000346090 -0.000429994 0.165626347 -0.000345540 0.999999106 0.001279096 -0.301679671 0.000430437 -0.001278947 0.999999106 9.256371498
0.999999821 0.000495646 0.000023009 0.160011962 -0.000495671 0.999999285 0.001104939 -0.311772346 -0.000022462 -0.001104950 0.999999344 9.611836433
0.999999642 0.000745750 0.000237565 0.167507350 -0.000746136 0.999998450 0.001631986 -0.326320738 -0.000236348 -0.001632162 0.999998629 9.951977730
0.999999642 0.000708041 -0.000246149 0.171256661 -0.000707721 0.999998927 0.001298740 -0.335013837 0.000247068 -0.001298566 0.999999046 10.320619583
0.999999702 0.000720156 -0.000018304 0.177636996 -0.000720130 0.999998808 0.001397007 -0.349013805 0.000019310 -0.001396993 0.999998987 10.676079750
0.999999762 0.000580954 0.000116301 0.185022727 -0.000581159 0.999998271 0.001766113 -0.360439748 -0.000115275 -0.001766180 0.999998391 11.044752121
0.999999642 0.000865706 0.000124473 0.191392303 -0.000865912 0.999998152 0.001669813 -0.372912437 -0.000123027 -0.001669920 0.999998569 11.428672791
0.999999464 0.000937611 0.000253843 0.197591484 -0.000938072 0.999997854 0.001823458 -0.379690468 -0.000252133 -0.001823695 0.999998331 11.802093506
0.999999642 0.000399310 -0.000544428 0.211104080 -0.000398159 0.999997675 0.002112071 -0.394159049 0.000545270 -0.002111854 0.999997675 12.181646347
0.999999821 0.000613559 -0.000188226 0.222045660 -0.000613226 0.999998212 0.001762777 -0.407021880 0.000189307 -0.001762661 0.999998450 12.570838928
0.999999702 0.000765131 0.000033958 0.221931323 -0.000765207 0.999997020 0.002316321 -0.421685785 -0.000032185 -0.002316347 0.999997258 12.970768929
0.999998927 0.001464965 0.000080719 0.233301833 -0.001465141 0.999996424 0.002225567 -0.438490957 -0.000077458 -0.002225683 0.999997497 13.356434822
0.999999523 0.000899643 0.000169893 0.239576966 -0.000899875 0.999998629 0.001371308 -0.439832896 -0.000168659 -0.001371461 0.999999046 13.772835732
0.999998093 0.001558585 0.001169996 0.233537391 -0.001561249 0.999996185 0.002279422 -0.461048901 -0.001166439 -0.002281245 0.999996722 14.195966721
0.999997556 0.001469899 0.001651686 0.240595177 -0.001474151 0.999995589 0.002576121 -0.477796137 -0.001647892 -0.002578550 0.999995291 14.625257492
0.999997139 0.001422256 0.001878668 0.251477927 -0.001426536 0.999996364 0.002278952 -0.488044918 -0.001875421 -0.002281626 0.999995589 15.037527084
0.999997139 0.001434376 0.001917523 0.258226395 -0.001438571 0.999996662 0.002187806 -0.492496461 -0.001914378 -0.002190558 0.999995768 15.472759247
0.999997377 0.001425280 0.001795917 0.268862724 -0.001429963 0.999995589 0.002608988 -0.512438715 -0.001792190 -0.002611550 0.999994993 15.916091919
0.999996364 0.001655033 0.002097779 0.276621938 -0.001660907 0.999994695 0.002801635 -0.528779984 -0.002093132 -0.002805109 0.999993861 16.355279922
0.999993742 0.002560928 0.002430690 0.281547189 -0.002566294 0.999994338 0.002207064 -0.536371648 -0.002425024 -0.002213289 0.999994576 16.808874130
0.999991953 0.001406053 0.003753667 0.285348028 -0.001418049 0.999993861 0.003195049 -0.561032176 -0.003749152 -0.003200347 0.999987841 17.238368988
0.999992430 0.001117728 0.003726500 0.296128124 -0.001128203 0.999995530 0.002810021 -0.566772938 -0.003723343 -0.002814204 0.999989092 17.723628998
0.999992430 0.001137552 0.003732588 0.309031844 -0.001149837 0.999993920 0.003290631 -0.583453774 -0.003728822 -0.003294898 0.999987662 18.190559387
0.999993205 0.001742184 0.003241223 0.338237733 -0.001754865 0.999990761 0.003913763 -0.615346372 -0.003234375 -0.003919424 0.999987006 18.611150742
0.999993026 0.001825730 0.003252673 0.345380455 -0.001838360 0.999990821 0.003884385 -0.629151404 -0.003245551 -0.003890338 0.999987066 19.067968369
0.999990940 0.001927303 0.003788070 0.367516667 -0.001940720 0.999991894 0.003541371 -0.636312127 -0.003781213 -0.003548690 0.999986529 19.565952301
0.999993324 0.001174895 0.003465202 0.362001806 -0.001190023 0.999989688 0.004366793 -0.654443443 -0.003460035 -0.004370887 0.999984384 20.096977234
0.999992788 0.001468185 0.003496762 0.372711837 -0.001484053 0.999988616 0.004539800 -0.672285080 -0.003490057 -0.004544957 0.999983549 20.585975647
0.999992549 0.001557114 0.003530238 0.384873271 -0.001574923 0.999986112 0.005047732 -0.688748300 -0.003522329 -0.005053255 0.999980986 21.072965622
0.999995470 0.001262363 0.002738763 0.395156980 -0.001274432 0.999989390 0.004409286 -0.695209026 -0.002733168 -0.004412756 0.999986529 21.575082779
0.999997377 0.001192861 0.001968778 0.414028704 -0.001202465 0.999987364 0.004884171 -0.709938347 -0.001962926 -0.004886525 0.999986112 22.083499908
0.999996245 0.001977598 0.001870485 0.414206326 -0.001987208 0.999984741 0.005150163 -0.724488556 -0.001860272 -0.005153861 0.999984920 22.589124680
0.999995947 0.002264866 0.001715672 0.423132181 -0.002273455 0.999984741 0.005021009 -0.740894198 -0.001704274 -0.005024889 0.999985933 23.099681854
0.999999166 0.001309630 -0.000042136 0.435550570 -0.001309370 0.999983013 0.005674336 -0.755079687 0.000049567 -0.005674276 0.999983847 23.645088196
0.999999404 0.000123105 -0.001100101 0.451169372 -0.000117221 0.999985635 0.005347512 -0.770021796 0.001100744 -0.005347379 0.999985099 24.195308685
0.999998212 0.001340119 -0.001357575 0.457547694 -0.001332019 0.999981463 0.005949945 -0.784333408 0.001365523 -0.005948126 0.999981403 24.723199844
0.999997556 0.001179370 -0.001879635 0.458266854 -0.001169904 0.999986649 0.005029208 -0.781173050 0.001885541 -0.005026995 0.999985576 25.238767624
0.999993563 0.002844951 -0.002180642 0.460500360 -0.002834697 0.999984920 0.004690728 -0.795831919 0.002193954 -0.004684517 0.999986589 25.800264359
0.999991000 0.003306961 -0.002654851 0.468381733 -0.003295681 0.999985516 0.004241925 -0.805137336 0.002668841 -0.004233137 0.999987483 26.358730316
0.999991238 0.002589307 -0.003273048 0.479923546 -0.002573409 0.999984920 0.004852140 -0.817165494 0.003285562 -0.004843676 0.999982834 26.910358429
0.999994338 0.001407733 -0.003053760 0.471812755 -0.001387192 0.999976397 0.006718240 -0.868168771 0.003063145 -0.006713966 0.999972701 27.441051483
0.999994516 0.001702456 -0.002835159 0.475478500 -0.001684336 0.999978185 0.006381528 -0.879944324 0.002845962 -0.006376719 0.999975562 27.993373871
0.999991119 0.001315380 -0.003983007 0.493001074 -0.001289247 0.999977648 0.006556402 -0.892118573 0.003991542 -0.006551209 0.999970555 28.528270721
0.999991059 0.001306093 -0.004017279 0.499570638 -0.001278772 0.999976099 0.006795838 -0.910267353 0.004026059 -0.006790640 0.999968827 29.054052353
0.999988258 0.001695236 -0.004516203 0.510142446 -0.001664749 0.999975979 0.006745768 -0.919821024 0.004527530 -0.006738171 0.999967039 29.609624863
0.999986827 0.000995913 -0.005036117 0.518118024 -0.000966064 0.999981940 0.005925987 -0.916549087 0.005041928 -0.005921044 0.999969721 30.131584167
0.999984980 0.001350943 -0.005313618 0.522031546 -0.001321314 0.999983609 0.005575667 -0.926280975 0.005321063 -0.005568563 0.999970317 30.689247131
0.999982595 0.001696101 -0.005648876 0.530757189 -0.001669126 0.999987245 0.004776618 -0.927570283 0.005656906 -0.004767106 0.999972582 31.240005493
0.999983370 0.001780262 -0.005476151 0.524912775 -0.001748117 0.999981344 0.005869191 -0.948555648 0.005486497 -0.005859521 0.999967754 31.765033722
0.999982417 0.001446024 -0.005755598 0.539848208 -0.001412504 0.999981999 0.005823798 -0.965750635 0.005763917 -0.005815566 0.999966502 32.326652527
0.999983251 0.001274269 -0.005645458 0.535334229 -0.001242456 0.999983370 0.005634997 -0.973488450 0.005652545 -0.005627888 0.999968171 32.873954773
0.999981940 0.001802228 -0.005743702 0.536453187 -0.001772593 0.999985158 0.005160470 -0.981270313 0.005752918 -0.005150195 0.999970198 33.434280396
0.999980927 0.000453104 -0.006152714 0.557618558 -0.000413478 0.999979198 0.006440244 -1.011329412 0.006155503 -0.006437576 0.999960303 33.964096069
0.999978065 0.001337431 -0.006479852 0.567448616 -0.001295399 0.999978065 0.006486505 -1.023133636 0.006488384 -0.006477968 0.999957979 34.502326965
0.999974430 0.000953437 -0.007078574 0.582501113 -0.000904765 0.999975979 0.006875911 -1.036510944 0.007084959 -0.006869331 0.999951303 35.042697906
0.999976039 0.000773363 -0.006871988 0.581640184 -0.000730125 0.999979913 0.006292305 -1.049680471 0.006876716 -0.006287138 0.999956608 35.597415924
0.999974012 0.000950390 -0.007139618 0.590894520 -0.000907326 0.999981403 0.006032529 -1.053586006 0.007145219 -0.006025894 0.999956250 36.152519226
0.999974608 0.000506385 -0.007096003 0.592608690 -0.000459747 0.999978304 0.006572464 -1.075668693 0.007099176 -0.006569034 0.999953210 36.702987671
0.999974787 0.001417923 -0.006961567 0.589984715 -0.001374256 0.999979377 0.006273407 -1.087237835 0.006970319 -0.006263681 0.999956071 37.253890991
0.999974966 0.001830825 -0.006828282 0.592532098 -0.001785756 0.999976695 0.006600512 -1.103753686 0.006840206 -0.006588153 0.999954879 37.810192108
0.999974251 0.002403778 -0.006764160 0.607946515 -0.002361028 0.999977231 0.006320992 -1.110254407 0.006779200 -0.006304858 0.999957144 38.346694946
0.999968827 0.001872760 -0.007670483 0.621972680 -0.001826993 0.999980509 0.005969272 -1.114362717 0.007681513 -0.005955072 0.999952793 38.906627655
0.999971211 0.002154267 -0.007277703 0.618947089 -0.002105372 0.999975204 0.006719521 -1.136960268 0.007291997 -0.006704005 0.999950945 39.443317413
0.999969780 0.001757893 -0.007577133 0.630969167 -0.001707869 0.999976695 0.006603326 -1.147206664 0.007588565 -0.006590185 0.999949515 39.985717773
0.999969602 0.001609262 -0.007623662 0.635291696 -0.001561940 0.999979496 0.006209140 -1.155768037 0.007633496 -0.006197043 0.999951661 40.558322906
0.999970794 0.001183504 -0.007553601 0.639510572 -0.001127020 0.999971390 0.007477603 -1.185059309 0.007562235 -0.007468872 0.999943495 41.088047028
0.999967992 0.001264627 -0.007903589 0.643761277 -0.001206250 0.999971926 0.007386515 -1.194182515 0.007912709 -0.007376744 0.999941468 41.641139984
0.999961436 0.001671006 -0.008620127 0.658744931 -0.001619759 0.999980986 0.005948634 -1.188675523 0.008629903 -0.005934443 0.999945104 42.199932098
0.999965608 0.002111761 -0.008027358 0.657096744 -0.002058734 0.999976039 0.006608324 -1.203354120 0.008041123 -0.006591571 0.999945939 42.745651245
0.999955237 0.002114509 -0.009230969 0.673043311 -0.002058976 0.999979794 0.006021296 -1.207135201 0.009243515 -0.006002020 0.999939263 43.297801971
0.999964416 0.001913742 -0.008211111 0.652229667 -0.001857333 0.999974668 0.006871998 -1.241295815 0.008224053 -0.006856503 0.999942660 43.851524353
0.999966681 0.001738227 -0.007972733 0.651228786 -0.001685046 0.999976337 0.006672322 -1.247400045 0.007984141 -0.006658664 0.999945939 44.382717133
0.999964356 0.001498141 -0.008308004 0.680768132 -0.001433281 0.999968410 0.007807347 -1.282138228 0.008319441 -0.007795162 0.999934971 44.919315338
0.999966919 0.001392453 -0.008023108 0.681990147 -0.001330199 0.999968946 0.007759506 -1.292067289 0.008033667 -0.007748576 0.999937713 45.455829620
0.999962568 0.001424045 -0.008527397 0.684328675 -0.001354994 0.999966323 0.008097790 -1.314312220 0.008538642 -0.008085933 0.999930859 46.044765472
0.999961972 0.001208485 -0.008638294 0.702266455 -0.001148370 0.999975085 0.006960795 -1.319248915 0.008646493 -0.006950609 0.999938488 46.602855682
0.999956071 0.000556651 -0.009357771 0.694735706 -0.000491402 0.999975562 0.006973578 -1.315042615 0.009361425 -0.006968673 0.999931812 47.191650391
0.999954998 0.000277791 -0.009486150 0.694730043 -0.000203488 0.999969244 0.007832848 -1.335696340 0.009488035 -0.007830565 0.999924302 47.723991394
0.999964893 0.001438197 -0.008245944 0.686608076 -0.001357877 0.999951661 0.009737935 -1.378377914 0.008259548 -0.009726397 0.999918580 48.240982056
0.999966443 0.001566269 -0.008039701 0.697787762 -0.001492389 0.999956667 0.009187120 -1.375765204 0.008053742 -0.009174814 0.999925494 48.779354095
0.999970019 0.000787187 -0.007697020 0.703185916 -0.000717565 0.999958813 0.009043907 -1.386621475 0.007703824 -0.009038113 0.999929488 49.310436249
0.999958396 0.000396746 -0.009114160 0.742926955 -0.000328112 0.999971569 0.007530712 -1.378236055 0.009116889 -0.007527408 0.999930084 49.944725037
0.999950588 -0.001092133 -0.009873095 0.753707588 0.001179439 0.999960244 0.008841351 -1.399939775 0.009863045 -0.008852559 0.999912143 50.484134674
0.999954522 0.000138128 -0.009535645 0.748285174 -0.000064881 0.999970436 0.007681250 -1.404490709 0.009536423 -0.007680282 0.999925017 51.024116516
0.999955833 0.000219080 -0.009396922 0.761606574 -0.000132048 0.999957085 0.009261384 -1.435981035 0.009398548 -0.009259733 0.999912977 51.575733185
0.999948680 0.001210310 -0.010057315 0.794760644 -0.001154423 0.999983788 0.005560827 -1.363246799 0.010063885 -0.005548931 0.999933958 52.351734161
0.999950230 0.000859333 -0.009942316 0.804741323 -0.000807084 0.999985814 0.005258048 -1.376997709 0.009946695 -0.005249762 0.999936819 52.895465851
0.999953389 -0.000184780 -0.009645175 0.766152024 0.000267800 0.999962926 0.008606825 -1.464960814 0.009643226 -0.008609007 0.999916434 53.230964661
0.999956667 0.000188300 -0.009307925 0.768704414 -0.000110503 0.999965072 0.008357978 -1.472228050 0.009309174 -0.008356588 0.999921739 53.782135010
0.999953866 0.000815278 -0.009566272 0.778297722 -0.000725031 0.999955237 0.009433551 -1.496305585 0.009573534 -0.009426181 0.999909699 54.320743561
0.999956727 0.000012408 -0.009305423 0.782570720 0.000066633 0.999963939 0.008493668 -1.498385906 0.009305193 -0.008493921 0.999920607 54.887123108
0.999956727 -0.000819230 -0.009265953 0.780645430 0.000899313 0.999962270 0.008641948 -1.509739637 0.009258523 -0.008649907 0.999919713 55.438758850
0.999952734 0.000180395 -0.009712148 0.794313550 -0.000101787 0.999967158 0.008093684 -1.508152843 0.009713289 -0.008092314 0.999920070 55.966842651
0.999957263 0.000531909 -0.009229521 0.797511935 -0.000454717 0.999964833 0.008363749 -1.520893216 0.009233646 -0.008359194 0.999922454 56.512683868
0.999957979 0.001403790 -0.009062153 0.805796683 -0.001326456 0.999962568 0.008534140 -1.539953470 0.009073796 -0.008521760 0.999922574 57.049926758
0.999949574 0.000605722 -0.010023001 0.823771298 -0.000525905 0.999968171 0.007964162 -1.535528302 0.010027505 -0.007958489 0.999918044 57.632556915
0.999947309 0.001620784 -0.010137548 0.836748362 -0.001536336 0.999964118 0.008332452 -1.548267245 0.010150689 -0.008316439 0.999913871 58.179809570
0.999941468 0.000871833 -0.010783687 0.856731713 -0.000798240 0.999976337 0.006826898 -1.544598699 0.010789385 -0.006817890 0.999918520 58.731678009
0.999942303 -0.000628861 -0.010724148 0.863401651 0.000703392 0.999975562 0.006947453 -1.559937119 0.010719515 -0.006954596 0.999918342 59.237792969
0.999941230 -0.000825832 -0.010814669 0.870188534 0.000897518 0.999977648 0.006625399 -1.574085116 0.010808956 -0.006634715 0.999919534 59.783149719
0.999950767 0.001060865 -0.009860916 0.850573123 -0.000991979 0.999975085 0.006988075 -1.588865519 0.009868083 -0.006977950 0.999926984 60.328311920
0.999964356 0.001804924 -0.008250370 0.809476435 -0.001734621 0.999962211 0.008520491 -1.613042116 0.008265438 -0.008505877 0.999929607 60.896389008
0.999966800 0.002904749 -0.007617646 0.815381050 -0.002838169 0.999957860 0.008736493 -1.629736423 0.007642702 -0.008714584 0.999932826 61.423267365
0.999955475 0.003082293 -0.008911842 0.857078254 -0.003010342 0.999962807 0.008075761 -1.639503121 0.008936401 -0.008048574 0.999927640 61.938865662
0.999947906 0.001622105 -0.010069254 0.865946651 -0.001546222 0.999970317 0.007539315 -1.642578006 0.010081185 -0.007523353 0.999920905 62.487445831
0.999953687 0.002591023 -0.009267744 0.870344400 -0.002516295 0.999964297 0.008065793 -1.669631720 0.009288312 -0.008042099 0.999924541 63.035526276
0.999945641 0.001369518 -0.010334725 0.886624217 -0.001297755 0.999975145 0.006947469 -1.654452324 0.010343982 -0.006933680 0.999922454 63.619537354
0.999949992 0.002455885 -0.009706557 0.888877630 -0.002380597 0.999967039 0.007760336 -1.683546066 0.009725296 -0.007736839 0.999922752 64.146392822
0.999948919 0.003052709 -0.009637970 0.895075560 -0.002976442 0.999964237 0.007917715 -1.694673777 0.009661796 -0.007888624 0.999922216 64.673927307
0.999944568 0.001833947 -0.010369150 0.909403265 -0.001753388 0.999968231 0.007772884 -1.706719279 0.010383076 -0.007754271 0.999916017 65.224838257
0.999951065 0.001808468 -0.009719954 0.905102134 -0.001726509 0.999962926 0.008433852 -1.727433681 0.009734846 -0.008416659 0.999917209 65.769630432
0.999954820 0.002244436 -0.009236300 0.902278781 -0.002166925 0.999962389 0.008393441 -1.734729290 0.009254792 -0.008373048 0.999922216 66.315254211
0.999953628 0.001527924 -0.009509637 0.910187244 -0.001446369 0.999962270 0.008577027 -1.743216157 0.009522382 -0.008562876 0.999917984 66.870315552
0.999959469 0.002555793 -0.008627534 0.894601703 -0.002480973 0.999959350 0.008671796 -1.764382601 0.008649345 -0.008650040 0.999925196 67.384323120
0.999947727 0.002303906 -0.009964315 0.946107686 -0.002208231 0.999951422 0.009602272 -1.793165088 0.009985955 -0.009579765 0.999904275 67.956283569
0.999963820 0.003580540 -0.007706469 0.894891024 -0.003515149 0.999957860 0.008482045 -1.795305490 0.007736514 -0.008454650 0.999934316 68.500694275
0.999957740 0.003339378 -0.008562722 0.915992320 -0.003255270 0.999946535 0.009817746 -1.814722419 0.008595050 -0.009789458 0.999915063 69.032539368
0.999952137 0.003502067 -0.009134047 0.921249926 -0.003427249 0.999960542 0.008193940 -1.805284262 0.009162382 -0.008162242 0.999924719 69.605712891
0.999954343 0.004807145 -0.008260174 0.930022359 -0.004736095 0.999951780 0.008599686 -1.823060036 0.008301116 -0.008560171 0.999928892 70.103042603
0.999960244 0.003808430 -0.008060789 0.914598525 -0.003737345 0.999954164 0.008815373 -1.834910393 0.008093992 -0.008784898 0.999928653 70.639419556
0.999952376 0.004295269 -0.008756287 0.932599545 -0.004212020 0.999945879 0.009503742 -1.864868760 0.008796635 -0.009466408 0.999916494 71.199447632
0.999951124 0.004688924 -0.008702925 0.942835331 -0.004608194 0.999946415 0.009273078 -1.864452362 0.008745939 -0.009232521 0.999919116 71.751388550
0.999951363 0.005138804 -0.008418983 0.943303108 -0.005056616 0.999939561 0.009754546 -1.880796432 0.008468602 -0.009711500 0.999916911 72.263908386
0.999944508 0.004563191 -0.009493859 0.960018754 -0.004475580 0.999947369 0.009229085 -1.893695593 0.009535475 -0.009186083 0.999912262 72.806053162
0.999954283 0.004523417 -0.008421412 0.951705813 -0.004440940 0.999942243 0.009786913 -1.909853458 0.008465195 -0.009749067 0.999916673 73.353240967
0.999955416 0.003480165 -0.008765794 0.961381555 -0.003404381 0.999956846 0.008645555 -1.910020590 0.008795504 -0.008615328 0.999924302 73.899513245
0.999959350 0.003809771 -0.008162507 0.958541811 -0.003732595 0.999948382 0.009449419 -1.922021151 0.008198085 -0.009418569 0.999922037 74.459877014
0.999948800 0.003417729 -0.009524991 0.989850879 -0.003324890 0.999946952 0.009745818 -1.940978050 0.009557795 -0.009713649 0.999907136 75.007301331
0.999946058 0.002567376 -0.010066725 0.999571204 -0.002466488 0.999946713 0.010021613 -1.954242945 0.010091919 -0.009996244 0.999899030 75.544525146
0.999947667 0.003762694 -0.009510230 0.997006476 -0.003672256 0.999948025 0.009509176 -1.963575006 0.009545516 -0.009473755 0.999909580 76.089675903
0.999944448 0.002678569 -0.010186943 1.018343449 -0.002581647 0.999951422 0.009515602 -1.974665999 0.010211936 -0.009488776 0.999902785 76.642364502
0.999943674 0.003060035 -0.010159237 1.018704176 -0.002963493 0.999950469 0.009504398 -1.983878136 0.010187817 -0.009473757 0.999903202 77.202163696
0.999952197 0.002685680 -0.009397995 1.006179214 -0.002597615 0.999952734 0.009370198 -2.000283003 0.009422715 -0.009345338 0.999911964 77.727378845
0.999951303 0.002691879 -0.009496971 1.006011248 -0.002594091 0.999943674 0.010294138 -2.016549349 0.009524145 -0.010269000 0.999901891 78.261970520
0.999950290 0.004490414 -0.008896313 1.002285480 -0.004403018 0.999942124 0.009819097 -2.021803856 0.008939889 -0.009779439 0.999912143 78.808868408
0.999953330 0.003028866 -0.009176462 1.019863486 -0.002937554 0.999946117 0.009947838 -2.027546406 0.009206100 -0.009920416 0.999908388 79.364952087
0.999952137 0.002688438 -0.009410349 1.025899887 -0.002595608 0.999947965 0.009863030 -2.039696932 0.009436375 -0.009838132 0.999907076 79.909629822
0.999947131 0.003683327 -0.009598038 1.036860228 -0.003589216 0.999945521 0.009804044 -2.052406311 0.009633627 -0.009769076 0.999905884 80.456497192
0.999954998 0.004105960 -0.008547296 1.042273760 -0.004025077 0.999947190 0.009458771 -2.058861732 0.008585680 -0.009423942 0.999918759 80.989257812
0.999961019 0.004582067 -0.007549607 1.049678087 -0.004507695 0.999941349 0.009838855 -2.074236870 0.007594247 -0.009804439 0.999923110 81.542991638
0.999973178 0.004250030 -0.005966700 1.049107909 -0.004189584 0.999940157 0.010106689 -2.088389635 0.006009297 -0.010081421 0.999931097 82.099586487
0.999979436 0.004259389 -0.004783377 1.057950258 -0.004213595 0.999945521 0.009543124 -2.092793941 0.004823764 -0.009522772 0.999942958 82.642578125
0.999989510 0.004401551 -0.001264030 1.070270061 -0.004388715 0.999940515 0.009984228 -2.110712290 0.001307901 -0.009978576 0.999949336 83.175445557
0.999988854 0.004199592 0.002154432 1.093415976 -0.004219830 0.999946177 0.009476353 -2.112987518 -0.002114519 -0.009485341 0.999952734 83.712173462
0.999975801 0.004261770 0.005491227 1.106573343 -0.004316695 0.999940395 0.010029601 -2.130027294 -0.005448155 -0.010053064 0.999934554 84.268371582
0.999933958 0.004622832 0.010519815 1.121240497 -0.004727146 0.999939680 0.009912788 -2.138226032 -0.010473356 -0.009961862 0.999895513 84.826141357
0.999856293 0.005084462 0.016173160 1.147572279 -0.005246193 0.999936521 0.009973285 -2.147108555 -0.016121421 -0.010056699 0.999819458 85.378585815
0.999746978 0.004981332 0.021935627 1.170451164 -0.005196677 0.999938786 0.009771105 -2.160200834 -0.021885611 -0.009882624 0.999711633 85.925544739
0.999599040 0.004975144 0.027873427 1.198269248 -0.005254973 0.999936581 0.009975051 -2.170002937 -0.027822027 -0.010117527 0.999561667 86.471336365
0.999358773 0.004570969 0.035510987 1.237859726 -0.004917372 0.999941051 0.009673594 -2.174883366 -0.035464682 -0.009842011 0.999322474 87.043998718
0.999022543 0.004560628 0.043966111 1.278208017 -0.005041522 0.999928594 0.010833150 -2.204220772 -0.043913554 -0.011044218 0.998974264 87.583427429
0.998707652 0.004232716 0.050646428 1.319150686 -0.004738815 0.999939978 0.009876880 -2.201543093 -0.050601590 -0.010104120 0.998667777 88.135116577
0.998236537 0.004198544 0.059211448 1.369815111 -0.004806738 0.999937057 0.010132873 -2.210850477 -0.059165176 -0.010399619 0.998193979 88.685981750
0.997448146 0.004930994 0.071224160 1.415516853 -0.005755066 0.999918818 0.011369545 -2.232930183 -0.071162313 -0.011750432 0.997395515 89.178703308
0.996876001 0.004238334 0.078867711 1.480545044 -0.005048040 0.999936581 0.010070108 -2.229850531 -0.078820020 -0.010436778 0.996834219 89.736610413
0.996220946 0.004164348 0.086755663 1.548521996 -0.005002959 0.999942780 0.009451160 -2.234788179 -0.086711332 -0.009849478 0.996184766 90.300888062
0.995233774 0.003793336 0.097443849 1.624835014 -0.004819155 0.999935329 0.010294076 -2.251874208 -0.097398505 -0.010714609 0.995187759 90.838005066
0.994143546 0.003103975 0.108022921 1.708103180 -0.004133386 0.999948144 0.009306963 -2.253290892 -0.107988432 -0.009698957 0.994104862 91.377014160
0.993141234 0.002708847 0.116889611 1.791114807 -0.003745912 0.999955535 0.008653399 -2.255435467 -0.116860963 -0.009031906 0.993107200 91.924041748
0.991770267 0.002720398 0.128001496 1.876453400 -0.003869438 0.999954402 0.008728958 -2.262016296 -0.127971947 -0.009152414 0.991735578 92.458221436
0.990124404 0.002359791 0.140171498 1.973487854 -0.003593631 0.999956965 0.008549901 -2.269795895 -0.140145257 -0.008969190 0.990090311 93.003204346
0.988481462 0.002412465 0.151322767 2.073368073 -0.003770577 0.999955118 0.008688638 -2.282368183 -0.151295021 -0.009159132 0.988446236 93.550376892
0.986881852 0.001880352 0.161433101 2.185231209 -0.003439669 0.999950051 0.009380285 -2.295442820 -0.161407441 -0.009812508 0.986839056 94.086738586
0.984676003 0.001562127 0.174386859 2.297950745 -0.003210515 0.999952793 0.009170784 -2.304307938 -0.174364269 -0.009590122 0.984634519 94.601753235
0.982313514 0.001848910 0.187234536 2.415631294 -0.003649733 0.999950349 0.009273735 -2.309978008 -0.187208056 -0.009793071 0.982271492 95.164894104
0.980392754 0.001666137 0.197046295 2.541624069 -0.003580796 0.999949813 0.009360913 -2.320255756 -0.197020769 -0.009882955 0.980349481 95.689422607
0.977695644 0.001544954 0.210021138 2.683963776 -0.003630325 0.999947906 0.009544179 -2.333373308 -0.209995463 -0.010093747 0.977650225 96.221870422
0.974693656 0.001124039 0.223541915 2.812044144 -0.003342428 0.999948800 0.009545689 -2.341773033 -0.223519757 -0.010051294 0.974647582 96.703903198
0.972043276 0.001623516 0.234796390 2.947914124 -0.004108042 0.999940634 0.010092891 -2.360847712 -0.234766081 -0.010775278 0.971992195 97.223640442
0.969161212 0.000301530 0.246427491 3.115896225 -0.002572392 0.999957085 0.008893263 -2.366625547 -0.246414244 -0.009252912 0.969120443 97.743255615
0.965445757 0.000878801 0.260602683 3.275457382 -0.003423169 0.999950826 0.009309678 -2.380169868 -0.260581613 -0.009880077 0.965401232 98.291687012
0.961918414 0.001248491 0.273334205 3.446851730 -0.003760291 0.999955475 0.008665791 -2.385925055 -0.273311168 -0.009363601 0.961880088 98.824874878
0.958678424 0.001292379 0.284489155 3.607402802 -0.004109823 0.999948263 0.009306809 -2.404654980 -0.284462422 -0.010091435 0.958634079 99.328071594
0.954673946 -0.000310344 0.297653228 3.810810089 -0.002472177 0.999956667 0.008971692 -2.404760122 -0.297643125 -0.009300890 0.954632044 99.838470459
0.950570285 -0.000331952 0.310509354 4.015937805 -0.002610377 0.999955535 0.009060221 -2.412789345 -0.310498565 -0.009422923 0.950527072 100.357414246
0.946815312 -0.001472258 0.321774364 4.207456589 -0.001640943 0.999954402 0.009403670 -2.425922871 -0.321773559 -0.009431551 0.946769655 100.840858459
0.942154706 -0.001865827 0.335173279 4.415279388 -0.000846943 0.999968052 0.007947287 -2.425602913 -0.335177451 -0.007771445 0.942122996 101.373138428
0.937102139 -0.000502221 0.349054843 4.632810593 -0.002497922 0.999963701 0.008144882 -2.443583488 -0.349046350 -0.008504499 0.937066793 101.896026611
0.932372391 0.000080233 0.361499459 4.839591980 -0.003269437 0.999960959 0.008210533 -2.458041191 -0.361484706 -0.008837173 0.932336211 102.393936157
0.927716076 -0.001207982 0.373284727 5.049413681 -0.001986794 0.999964535 0.008173705 -2.469662666 -0.373281419 -0.008324517 0.927680731 102.890670776
0.921860337 -0.001503907 0.387519330 5.301418304 -0.002071228 0.999958992 0.008807893 -2.477301598 -0.387516707 -0.008922287 0.921819508 103.424453735
0.915917039 -0.000814763 0.401366770 5.533157349 -0.003236373 0.999950409 0.009415260 -2.486048698 -0.401354492 -0.009922570 0.915869057 103.938598633
0.911122859 -0.001611427 0.412131786 5.781276703 -0.002289061 0.999957144 0.008970367 -2.495129824 -0.412128568 -0.009116502 0.911080122 104.418060303
0.905052066 -0.003025253 0.425290108 6.039218903 -0.000793323 0.999960899 0.008801362 -2.502522469 -0.425300092 -0.008303083 0.905014277 104.892807007
0.898491740 -0.001771298 0.438986868 6.318988800 -0.001913139 0.999966681 0.007950532 -2.490698814 -0.438986331 -0.007983332 0.898458302 105.382446289
0.892652154 -0.002849819 0.450737268 6.587013245 -0.000927026 0.999966323 0.008158265 -2.504595995 -0.450745374 -0.007700338 0.892619371 105.865364075
0.886939466 -0.003633704 0.461871386 6.856090546 0.000118153 0.999970794 0.007640230 -2.517446518 -0.461885631 -0.006721850 0.886913955 106.350891113
0.879911959 -0.003588438 0.475123286 7.137718201 0.000010346 0.999971569 0.007533272 -2.527478695 -0.475136846 -0.006623699 0.879886985 106.820449829
0.872989535 -0.004339523 0.487719625 7.419109344 0.000366992 0.999965966 0.008240379 -2.550240517 -0.487738818 -0.007014776 0.872961402 107.259429932
0.867517412 -0.004751705 0.497384012 7.712768555 0.000784617 0.999966204 0.008184572 -2.561311722 -0.497406036 -0.006710003 0.867491841 107.726783752
0.859965146 -0.003857140 0.510338187 7.983303070 -0.000963038 0.999957323 0.009180489 -2.579180241 -0.510351896 -0.008386375 0.859924734 108.165550232
