1.000000000 0.000000000 0.000000000 0.000000000 0.000000000 1.000000000 0.000000000 0.000000000 0.000000000 0.000000000 1.000000000 0.000000000
1.000000000 0.000016338 -0.000017183 0.000405051 -0.000016338 1.000000000 -0.000035353 0.000786969 0.000017183 0.000035353 1.000000000 0.000492451
1.000000000 0.000000867 0.000059164 -0.000168598 -0.000000870 1.000000000 0.000045612 0.000025769 -0.000059164 -0.000045612 1.000000000 0.000144368
1.000000000 -0.000090348 0.000015159 0.000087584 0.000090348 1.000000000 -0.000032205 0.000838343 -0.000015156 0.000032206 1.000000000 0.000257216
1.000000000 -0.000110386 0.000049036 -0.000176475 0.000110384 1.000000000 0.000056517 -0.000258134 -0.000049042 -0.000056511 1.000000000 -0.000576335
1.000000000 0.000032156 0.000125428 -0.000520700 -0.000032153 1.000000000 -0.000027493 0.000831813 -0.000125428 0.000027489 1.000000000 0.000085212
1.000000000 -0.000089472 0.000077765 0.000115988 0.000089472 1.000000000 0.000000401 0.000468352 -0.000077765 -0.000000394 1.000000000 0.000241657
1.000000000 0.000030191 0.000047060 -0.000453722 -0.000030195 1.000000000 0.000085777 -0.000063357 -0.000047057 -0.000085778 1.000000000 -0.000108531
1.000000000 -0.000010206 -0.000026867 -0.000707574 0.000010204 1.000000000 -0.000072720 -0.000017639 0.000026868 0.000072719 1.000000000 -0.000828149
1.000000000 -0.000059317 0.000069904 -0.000079554 0.000059315 1.000000000 0.000030376 -0.000631872 -0.000069906 -0.000030371 1.000000000 -0.000255699
1.000000000 0.000068387 0.000045742 -0.000791576 -0.000068389 1.000000000 0.000043463 -0.000834223 -0.000045739 -0.000043466 1.000000000 -0.000653532
1.000000000 -0.000043189 0.000069154 -0.000948311 0.000043189 1.000000000 -0.000001595 -0.000243508 -0.000069154 0.000001598 1.000000000 -0.000964558
1.000000000 0.000051235 0.000036314 -0.000855392 -0.000051233 1.000000000 -0.000073869 -0.000299582 -0.000036318 0.000073867 1.000000000 -0.001363919
1.000000000 0.000043828 0.000077615 -0.001190020 -0.000043825 1.000000000 -0.000035915 0.000667296 -0.000077616 0.000035912 1.000000000 0.000669008
1.000000000 0.000034902 0.000060364 -0.001079649 -0.000034895 1.000000000 -0.000109228 0.001263396 -0.000060367 0.000109226 1.000000000 0.000968349
1.000000000 0.000008770 -0.000015405 0.000236978 -0.000008771 1.000000000 -0.000073280 0.001236652 0.000015405 0.000073280 1.000000000 0.001254964
1.000000000 0.000108713 0.000118447 -0.001105798 -0.000108694 1.000000000 -0.000158510 0.002321800 -0.000118464 0.000158497 1.000000000 0.002550012
1.000000000 0.000174651 0.000095423 -0.001425953 -0.000174635 1.000000000 -0.000164242 0.001901439 -0.000095452 0.000164225 1.000000000 0.001624487
1.000000000 0.000164085 0.000150921 -0.001495375 -0.000164070 1.000000000 -0.000097575 0.001989570 -0.000150937 0.000097550 1.000000000 0.002365467
1.000000000 0.000103505 0.000156002 -0.001365125 -0.000103492 1.000000000 -0.000087434 0.001056374 -0.000156011 0.000087418 1.000000000 0.001356812
1.000000000 0.000027418 0.000081839 -0.001169491 -0.000027416 1.000000000 -0.000033199 0.000417735 -0.000081840 0.000033196 1.000000000 0.000864940
1.000000000 0.000168485 0.000056309 -0.000826419 -0.000168484 1.000000000 -0.000024122 0.001269588 -0.000056313 0.000024113 1.000000000 0.000931877
1.000000000 0.000133209 0.000028918 -0.000813172 -0.000133206 1.000000000 -0.000098607 0.001509487 -0.000028931 0.000098603 1.000000000 0.002353254
1.000000000 0.000090994 0.000087804 -0.001212199 -0.000090988 1.000000000 -0.000067452 0.001768530 -0.000087810 0.000067444 1.000000000 0.002472033
0.999999940 0.000345078 0.000052268 -0.001153748 -0.000345075 0.999999940 -0.000056039 0.002261172 -0.000052287 0.000056021 1.000000000 0.003547559
0.999999940 0.000253259 0.000109758 -0.001453617 -0.000253253 0.999999940 -0.000053806 0.001960372 -0.000109772 0.000053778 1.000000000 0.001572147
1.000000000 0.000052146 0.000105314 -0.000501466 -0.000052138 1.000000000 -0.000070849 0.002432828 -0.000105318 0.000070843 1.000000000 0.002965293
1.000000000 0.000138819 0.000172363 -0.001789587 -0.000138816 1.000000000 -0.000020628 0.001474014 -0.000172366 0.000020604 1.000000000 0.002317860
1.000000000 0.000154812 0.000081752 -0.001380277 -0.000154806 1.000000000 -0.000072554 0.002290240 -0.000081763 0.000072541 1.000000000 0.002266165
1.000000000 0.000053452 0.000081293 -0.001506788 -0.000053448 1.000000000 -0.000040428 0.000892838 -0.000081295 0.000040424 1.000000000 0.001702450
1.000000000 0.000129136 0.000178483 -0.001832588 -0.000129142 1.000000000 0.000035809 0.000800686 -0.000178478 -0.000035832 1.000000000 0.002170467
1.000000000 0.000111034 0.000202432 -0.001493479 -0.000111016 1.000000000 -0.000085621 0.002202496 -0.000202442 0.000085598 1.000000000 0.003794526
1.000000000 0.000193871 0.000089752 -0.000851271 -0.000193852 0.999999940 -0.000213074 0.003363605 -0.000089793 0.000213056 1.000000000 0.003867013
1.000000000 0.000123879 0.000136351 -0.000901853 -0.000123868 1.000000000 -0.000081644 0.001529741 -0.000136361 0.000081627 1.000000000 0.001767563
0.999999940 0.000224544 0.000177770 -0.002441424 -0.000224516 0.999999940 -0.000159625 0.002064720 -0.000177806 0.000159585 1.000000000 0.002364510
1.000000000 0.000151645 0.000165792 -0.001681734 -0.000151630 1.000000000 -0.000087581 0.000991123 -0.000165805 0.000087556 1.000000000 0.001478548
1.000000000 0.000086546 0.000026071 -0.001741965 -0.000086546 1.000000000 0.000025461 0.000480755 -0.000026069 -0.000025463 1.000000000 0.000198136
1.000000000 0.000131455 0.000076487 -0.001369431 -0.000131452 1.000000000 -0.000028030 0.001706466 -0.000076490 0.000028020 1.000000000 0.002063317
1.000000000 0.000137817 0.000143725 -0.001870811 -0.000137809 1.000000000 -0.000054582 0.001577734 -0.000143732 0.000054562 1.000000000 0.001242077
1.000000000 0.000202463 0.000129775 -0.000866899 -0.000202451 1.000000000 -0.000090392 0.002801476 -0.000129793 0.000090366 1.000000000 0.003078399
1.000000000 -0.000030432 0.000039959 0.000330259 0.000030436 1.000000000 -0.000103769 0.000900457 -0.000039956 0.000103771 1.000000000 0.002781750
0.999999881 0.000466303 0.000143467 -0.000026089 -0.000466213 0.999999702 -0.000632403 -0.001381857 -0.000143762 0.000632336 0.999999702 0.053181890
0.999999940 0.000382184 0.000162454 0.001578421 -0.000381975 0.999999166 -0.001288130 -0.002140090 -0.000162946 0.001288068 0.999999106 0.142682523
0.999999464 0.000965044 0.000349214 0.001697933 -0.000964524 0.999998450 -0.001485732 -0.006126735 -0.000350648 0.001485395 0.999998748 0.252862364
0.999999464 0.000949528 0.000367920 0.004917028 -0.000948990 0.999998450 -0.001459008 -0.009080537 -0.000369305 0.001458658 0.999998868 0.385209560
0.999999404 0.000941794 0.000324099 0.006371995 -0.000941385 0.999998748 -0.001260435 -0.012497033 -0.000325285 0.001260130 0.999999166 0.529087007
0.999999642 0.000726353 0.000377954 0.011267612 -0.000726220 0.999999642 -0.000353509 -0.027977612 -0.000378211 0.000353235 0.999999881 0.683923304
0.999999821 0.000438268 0.000371603 0.016963966 -0.000438199 0.999999940 -0.000184740 -0.031503111 -0.000371684 0.000184578 0.999999881 0.845371604
0.999999881 0.000442427 0.000294492 0.017007887 -0.000442279 0.999999762 -0.000500404 -0.030412504 -0.000294714 0.000500274 0.999999762 1.021424651
0.999999821 0.000537263 0.000222169 0.021865288 -0.000537154 0.999999702 -0.000492340 -0.034352478 -0.000222433 0.000492221 0.999999821 1.198689699
0.999999225 0.001133482 0.000474426 0.022537949 -0.001133575 0.999999344 0.000195579 -0.046707895 -0.000474205 -0.000196116 0.999999881 1.375956655
0.999999166 0.001162785 0.000297266 0.027162237 -0.001162817 0.999999285 0.000107812 -0.049000025 -0.000297141 -0.000108158 1.000000000 1.570162773
0.999999762 0.000416626 0.000377356 0.034709044 -0.000416743 0.999999881 0.000309767 -0.056044441 -0.000377227 -0.000309924 0.999999881 1.779214501
0.999999583 0.000663541 0.000549143 0.034334823 -0.000663895 0.999999523 0.000644714 -0.062797360 -0.000548715 -0.000645078 0.999999642 1.976882935
0.999999881 0.000254776 0.000450959 0.041720524 -0.000255150 0.999999583 0.000829375 -0.072977446 -0.000450747 -0.000829490 0.999999523 2.185593843
0.999999881 0.000268608 0.000438852 0.042485978 -0.000268906 0.999999702 0.000679187 -0.077040426 -0.000438669 -0.000679305 0.999999702 2.403046846
0.999999642 0.000593332 0.000641803 0.045033049 -0.000593722 0.999999642 0.000607622 -0.082399704 -0.000641442 -0.000608003 0.999999583 2.627617121
0.999999285 0.000933627 0.000660966 0.051573973 -0.000934084 0.999999285 0.000690977 -0.092659503 -0.000660320 -0.000691594 0.999999523 2.854926109
0.999999344 0.000868707 0.000716468 0.058320675 -0.000869356 0.999999225 0.000906568 -0.097197250 -0.000715679 -0.000907191 0.999999344 3.100665331
0.999999762 0.000472094 0.000502890 0.064496271 -0.000472589 0.999999404 0.000985301 -0.101625293 -0.000502424 -0.000985539 0.999999344 3.336795092
0.999999464 0.000512654 0.000809899 0.067893073 -0.000513362 0.999999464 0.000873940 -0.109308429 -0.000809450 -0.000874355 0.999999225 3.589175701
0.999999285 0.000875391 0.000782163 0.072893426 -0.000875964 0.999999344 0.000732500 -0.115869820 -0.000781522 -0.000733185 0.999999344 3.851245880
0.999999523 0.000632367 0.000776585 0.077399418 -0.000633126 0.999999344 0.000978171 -0.122505940 -0.000775966 -0.000978662 0.999999225 4.099762917
0.999999523 0.000827663 0.000652664 0.083705895 -0.000828353 0.999999166 0.001057508 -0.128612369 -0.000651788 -0.001058048 0.999999225 4.355351448
0.999999404 0.000451533 0.001005158 0.085584961 -0.000452478 0.999999523 0.000940060 -0.133612275 -0.001004733 -0.000940514 0.999999106 4.619866371
0.999997735 0.001431230 0.001590902 0.080012381 -0.001433490 0.999997973 0.001420247 -0.146242499 -0.001588866 -0.001422524 0.999997735 4.879242420
0.999997914 0.001377719 0.001509184 0.088249989 -0.001380543 0.999997258 0.001872410 -0.154847473 -0.001506601 -0.001874489 0.999997139 5.139758110
0.999998689 0.001030851 0.001270053 0.095732167 -0.001033285 0.999997556 0.001917196 -0.169299200 -0.001268073 -0.001918506 0.999997377 5.396233082
0.999998271 0.001289264 0.001339431 0.099774413 -0.001291128 0.999998212 0.001391823 -0.171118334 -0.001337634 -0.001393550 0.999998152 5.665247440
0.999998033 0.001299157 0.001467726 0.091495760 -0.001301257 0.999998152 0.001430702 -0.183790684 -0.001465865 -0.001432609 0.999997854 5.917770863
0.999997079 0.001745520 0.001687097 0.092813857 -0.001747807 0.999997556 0.001354635 -0.194053963 -0.001684729 -0.001357580 0.999997616 6.194852829
0.999999046 0.000650592 0.001230305 0.116296314 -0.000652584 0.999998450 0.001619141 -0.194780409 -0.001229250 -0.001619942 0.999997914 6.497618675
0.999998748 0.001108623 0.001180721 0.119166411 -0.001110626 0.999997973 0.001697037 -0.202339157 -0.001178837 -0.001698346 0.999997854 6.787302971
0.999998212 0.001471704 0.001139664 0.129933149 -0.001473302 0.999997914 0.001402701 -0.200957075 -0.001137597 -0.001404378 0.999998391 7.078098774
0.999998569 0.001127395 0.001264186 0.134476110 -0.001129369 0.999998152 0.001562294 -0.214193806 -0.001262423 -0.001563719 0.999997973 7.378494263
0.999998808 0.000787028 0.001312382 0.139618769 -0.000789153 0.999998331 0.001619338 -0.224678472 -0.001311105 -0.001620372 0.999997795 7.684305191
0.999996781 0.001886210 0.001674737 0.142013192 -0.001889186 0.999996662 0.001776965 -0.235841349 -0.001671380 -0.001780123 0.999997020 8.009665489
0.999996960 0.001464047 0.002034132 0.134673089 -0.001467100 0.999997795 0.001500254 -0.244609252 -0.002031932 -0.001503234 0.999996781 8.331010818
0.999996662 0.001625105 0.002003331 0.143021822 -0.001628018 0.999997556 0.001453377 -0.255170405 -0.002000964 -0.001456633 0.999996901 8.651235580
0.999997854 0.001098104 0.001745388 0.157745987 -0.001100684 0.999998331 0.001477801 -0.261461049 -0.001743762 -0.001479720 0.999997318 8.981905937
0.999997854 0.001072863 0.001698529 0.165705860 -0.001075819 0.999997854 0.001740433 -0.276425034 -0.001696658 -0.001742257 0.999997020 9.318291664
0.999994695 0.002370749 0.002233039 0.172874793 -0.002374567 0.999995708 0.001708684 -0.291376978 -0.002228978 -0.001713977 0.999996066 9.647322655
0.999994576 0.002068609 0.002565847 0.180765405 -0.002074888 0.999994874 0.002446997 -0.305635631 -0.002560772 -0.002452307 0.999993742 9.996423721
0.999995232 0.002009931 0.002356504 0.184870377 -0.002014691 0.999995887 0.002019178 -0.312333643 -0.002352436 -0.002023916 0.999995172 10.365941048
0.999995351 0.002255771 0.002043839 0.200866774 -0.002259930 0.999995291 0.002034436 -0.322183460 -0.002039240 -0.002039045 0.999995828 10.717918396
0.999996364 0.002096356 0.001667352 0.209209666 -0.002099854 0.999995530 0.002098921 -0.330695271 -0.001662945 -0.002102414 0.999996424 11.085839272
0.999996960 0.001850409 0.001646225 0.221397489 -0.001853880 0.999996006 0.002109730 -0.343111366 -0.001642314 -0.002112776 0.999996364 11.458365440
0.999995887 0.002345867 0.001673397 0.227389559 -0.002348845 0.999995708 0.001780194 -0.348602444 -0.001669214 -0.001784117 0.999997020 11.839058876
0.999995291 0.002085847 0.002217690 0.231921971 -0.002091088 0.999994993 0.002363430 -0.367369533 -0.002212749 -0.002368056 0.999994755 12.236148834
0.999994934 0.002052971 0.002402481 0.242054880 -0.002060147 0.999993384 0.002988090 -0.382645130 -0.002396330 -0.002993024 0.999992609 12.628566742
0.999991953 0.002962815 0.002681680 0.239225999 -0.002970062 0.999991953 0.002702611 -0.387460053 -0.002673651 -0.002710554 0.999992728 13.028643608
0.999994099 0.002279663 0.002576347 0.251785219 -0.002285929 0.999994457 0.002431662 -0.396226496 -0.002570789 -0.002437537 0.999993742 13.429395676
0.999993861 0.002078906 0.002789563 0.260000318 -0.002087279 0.999993265 0.003001850 -0.417143136 -0.002783303 -0.003007655 0.999991536 13.826510429
0.999992251 0.002597254 0.002942661 0.271021366 -0.002606052 0.999992251 0.002989893 -0.423871994 -0.002934872 -0.002997539 0.999991179 14.241328239
0.999990344 0.002935340 0.003253828 0.278335989 -0.002943581 0.999992490 0.002531060 -0.433982790 -0.003246374 -0.002540614 0.999991477 14.661864281
0.999992192 0.002315366 0.003207614 0.290727556 -0.002326190 0.999991536 0.003374627 -0.455494583 -0.003199774 -0.003382062 0.999989152 15.078363419
0.999989927 0.002384696 0.003802371 0.300563872 -0.002397576 0.999991417 0.003386555 -0.471872538 -0.003794262 -0.003395637 0.999987006 15.501725197
0.999984801 0.002967508 0.004648348 0.306867301 -0.002983071 0.999989986 0.003344747 -0.484115392 -0.004638375 -0.003358562 0.999983549 15.956169128
0.999982715 0.003251438 0.004895185 0.319847792 -0.003266919 0.999989688 0.003157722 -0.496159106 -0.004884867 -0.003173659 0.999982953 16.382871628
0.999980330 0.003597606 0.005135159 0.330598384 -0.003610915 0.999990106 0.002584761 -0.504729688 -0.005125809 -0.002603252 0.999983490 16.828065872
0.999980271 0.003133670 0.005431568 0.328696489 -0.003151535 0.999989629 0.003283480 -0.514092445 -0.005421223 -0.003300533 0.999979854 17.296739578
0.999977887 0.003637010 0.005569307 0.339351356 -0.003662418 0.999982893 0.004558886 -0.532292128 -0.005552631 -0.004579182 0.999974132 17.759592056
0.999978781 0.002937907 0.005811516 0.359328747 -0.002961349 0.999987483 0.004029362 -0.554463387 -0.005799605 -0.004046487 0.999974906 18.219244003
0.999980092 0.002453517 0.005811776 0.373206943 -0.002476805 0.999988973 0.004003270 -0.562591136 -0.005801889 -0.004017585 0.999975026 18.680999756
0.999977887 0.003382412 0.005711316 0.385743707 -0.003403120 0.999987662 0.003619948 -0.574713349 -0.005699001 -0.003639305 0.999977112 19.150747299
0.999974251 0.003907065 0.006013304 0.400519133 -0.003929738 0.999985218 0.003763254 -0.588905394 -0.005998512 -0.003786787 0.999974847 19.619361877
0.999971032 0.004554343 0.006093896 0.406053334 -0.004578899 0.999981463 0.004021493 -0.600396454 -0.006075467 -0.004049280 0.999973416 20.106721878
0.999972105 0.003759596 0.006444933 0.411247134 -0.003784862 0.999985158 0.003912477 -0.623891413 -0.006430129 -0.003936762 0.999971569 20.570064545
0.999973357 0.004262508 0.005925424 0.429519355 -0.004285865 0.999983072 0.003934579 -0.635829210 -0.005908553 -0.003959869 0.999974728 21.092988968
0.999978364 0.003462483 0.005596159 0.425428689 -0.003485022 0.999985814 0.004022901 -0.649371505 -0.005582151 -0.004042317 0.999976277 21.598245621
0.999981225 0.003521109 0.005019312 0.439026773 -0.003541012 0.999985874 0.003961849 -0.662217319 -0.005005291 -0.003979548 0.999979556 22.114542007
0.999979913 0.004308529 0.004637968 0.446340561 -0.004325676 0.999983847 0.003693500 -0.674882948 -0.004621979 -0.003713489 0.999982417 22.592391968
0.999987543 0.002767023 0.004144193 0.443926841 -0.002782697 0.999988914 0.003780860 -0.685205638 -0.004133685 -0.003792345 0.999984264 23.082473755
0.999983668 0.004256106 0.003817667 0.447983116 -0.004271206 0.999983072 0.003955616 -0.707407057 -0.003800767 -0.003971857 0.999984860 23.597002029
0.999991477 0.002536737 0.003272567 0.461280882 -0.002548744 0.999989986 0.003670026 -0.722093701 -0.003263224 -0.003678335 0.999987960 24.127349854
0.999991834 0.003095099 0.002605591 0.474410295 -0.003103966 0.999989390 0.003405860 -0.720452309 -0.002595022 -0.003413920 0.999990821 24.670211792
0.999984980 0.004337371 0.003343538 0.419333935 -0.004350655 0.999982655 0.003976079 -0.711355567 -0.003326234 -0.003990566 0.999986529 24.983655930
0.999976516 0.006363610 0.002538895 0.498242915 -0.006372573 0.999973416 0.003537841 -0.756668031 -0.002516314 -0.003553937 0.999990523 25.741888046
0.999988019 0.004760324 0.001068933 0.517050624 -0.004763888 0.999983013 0.003356855 -0.773187578 -0.001052935 -0.003361908 0.999993801 26.306158066
0.999990642 0.004196249 0.000992707 0.500618577 -0.004199105 0.999987006 0.002893436 -0.629948020 -0.000980552 -0.002897578 0.999995351 26.655143738
0.999989867 0.004462501 0.000628402 0.503210425 -0.004464992 0.999981940 0.004021124 -0.727226794 -0.000610447 -0.004023890 0.999991655 27.091978073
0.999986172 0.005254861 0.000313713 0.509153366 -0.005255990 0.999979317 0.003713488 -0.739859581 -0.000294193 -0.003715085 0.999993026 27.642181396
0.999990761 0.004294765 0.000043917 0.511167407 -0.004294898 0.999983907 0.003699096 -0.786976159 -0.000028029 -0.003699251 0.999993086 28.422252655
0.999988139 0.004815386 -0.000738755 0.596316814 -0.004811848 0.999977291 0.004716956 -0.886078537 0.000761452 -0.004713345 0.999988616 29.012689590
0.999988139 0.004815603 -0.000737095 0.598860562 -0.004812237 0.999978304 0.004499882 -0.900975347 0.000758749 -0.004496282 0.999989569 29.557289124
0.999985039 0.005366308 -0.001073237 0.606299281 -0.005361519 0.999975860 0.004416034 -0.901126504 0.001096909 -0.004410214 0.999989688 30.162881851
0.999981642 0.005855841 -0.001532235 0.621724784 -0.005849419 0.999974251 0.004162917 -0.923005581 0.001556572 -0.004153878 0.999990165 30.711627960
0.999985754 0.005106148 -0.001537476 0.633337438 -0.005099420 0.999977529 0.004347688 -0.932903647 0.001559641 -0.004339786 0.999989390 31.291604996
0.999976277 0.006815187 -0.000968429 0.633547604 -0.006811152 0.999968350 0.004109490 -0.945382714 0.000996405 -0.004102797 0.999991059 31.834896088
0.999977589 0.006234528 -0.002415482 0.658117056 -0.006224432 0.999971926 0.004165121 -0.957627237 0.002441382 -0.004149993 0.999988377 32.409709930
0.999971688 0.007024460 -0.002679356 0.658344328 -0.007012772 0.999965966 0.004347027 -0.978838861 0.002709801 -0.004328114 0.999986947 32.937583923
0.999979556 0.005738261 -0.002820285 0.667258263 -0.005726786 0.999975324 0.004060077 -0.983195543 0.002843513 -0.004043843 0.999987721 33.499965668
0.999978065 0.005868570 -0.003060386 0.678035855 -0.005855754 0.999974072 0.004180105 -1.002794385 0.003084837 -0.004162092 0.999986589 34.048694611
0.999978244 0.005884124 -0.002986908 0.681500196 -0.005869824 0.999971509 0.004773519 -1.016792774 0.003014911 -0.004755883 0.999984145 34.587261200
0.999975920 0.006065899 -0.003370636 0.691859841 -0.006049741 0.999970257 0.004783337 -1.036429405 0.003399551 -0.004762831 0.999982893 35.111991882
0.999976873 0.005839949 -0.003491455 0.699452162 -0.005823818 0.999972403 0.004612732 -1.037373900 0.003518296 -0.004592291 0.999983251 35.679332733
0.999974012 0.006133900 -0.003793262 0.708261728 -0.006115377 0.999969423 0.004875302 -1.054467440 0.003823051 -0.004851978 0.999980927 36.223213196
0.999978244 0.005381900 -0.003811051 0.721271634 -0.005363674 0.999974191 0.004776435 -1.069605708 0.003836659 -0.004755891 0.999981284 36.792865753
0.999976873 0.005432401 -0.004089695 0.730509400 -0.005411958 0.999972820 0.004993253 -1.084687471 0.004116710 -0.004971005 0.999979198 37.334594727
0.999976218 0.005373870 -0.004325653 0.742429972 -0.005354134 0.999975204 0.004561204 -1.094790816 0.004350057 -0.004537935 0.999980271 37.887424469
0.999971509 0.005661032 -0.004985315 0.759335995 -0.005638939 0.999974191 0.004434445 -1.106957436 0.005010290 -0.004406206 0.999977767 38.422458649
0.999974728 0.004937047 -0.005133929 0.765492141 -0.004915444 0.999979079 0.004212002 -1.115705967 0.005154617 -0.004186660 0.999977946 38.976554871
0.999971449 0.005299389 -0.005387997 0.786264181 -0.005274892 0.999975741 0.004550724 -1.139970303 0.005411983 -0.004522173 0.999975145 39.501529694
0.999970794 0.005368773 -0.005427045 0.793015540 -0.005344665 0.999975741 0.004446877 -1.154428244 0.005450787 -0.004417742 0.999975324 40.056076050
0.999969840 0.005832271 -0.005133991 0.792492211 -0.005810495 0.999974072 0.004246491 -1.166197538 0.005158625 -0.004216531 0.999977827 40.621643066
0.999968588 0.006034216 -0.005139362 0.800270200 -0.006013124 0.999973416 0.004109761 -1.176221609 0.005164024 -0.004078727 0.999978364 41.177505493
0.999963939 0.006325500 -0.005664933 0.815661788 -0.006306552 0.999974489 0.003356321 -1.176692605 0.005686020 -0.003320474 0.999978244 41.708087921
0.999964118 0.006532478 -0.005391880 0.819250166 -0.006515730 0.999973953 0.003117600 -1.190761566 0.005412105 -0.003082356 0.999980569 42.253677368
0.999964833 0.005557543 -0.006289081 0.834304214 -0.005535982 0.999978781 0.003440541 -1.211958885 0.006308068 -0.003405603 0.999974251 42.771690369
0.999965549 0.006424904 -0.005250866 0.824736357 -0.006405319 0.999972522 0.003737986 -1.220454574 0.005274738 -0.003704224 0.999979198 43.340122223
0.999966145 0.006119575 -0.005505583 0.834040403 -0.006098737 0.999974251 0.003793500 -1.235560536 0.005528655 -0.003759795 0.999977648 43.894981384
0.999959588 0.006926209 -0.005729645 0.853458285 -0.006905794 0.999969780 0.003575084 -1.251820803 0.005754234 -0.003535372 0.999977112 44.414554596
0.999958456 0.007057915 -0.005767083 0.856048465 -0.007036796 0.999968529 0.003674175 -1.269359708 0.005792834 -0.003633441 0.999976575 44.960796356
0.999961734 0.006887136 -0.005396856 0.865219593 -0.006870218 0.999971390 0.003146977 -1.273610115 0.005418376 -0.003109778 0.999980509 45.487918854
0.999956906 0.007727248 -0.005150705 0.860488832 -0.007711535 0.999965489 0.003063312 -1.299568295 0.005174200 -0.003023461 0.999982059 46.076942444
0.999961436 0.007071153 -0.005203816 0.869651020 -0.007056601 0.999971151 0.002809166 -1.302080750 0.005223528 -0.002772336 0.999982536 46.600070953
0.999956369 0.007945402 -0.004894610 0.875363111 -0.007929944 0.999963522 0.003169472 -1.330723405 0.004919615 -0.003130520 0.999983013 47.094253540
0.999956191 0.007746309 -0.005238004 0.890392423 -0.007727863 0.999963820 0.003532673 -1.337217927 0.005265179 -0.003492040 0.999980032 47.640560150
0.999953032 0.008374689 -0.004866940 0.893626988 -0.008361003 0.999961078 0.002825227 -1.348519564 0.004890411 -0.002784403 0.999984205 48.186145782
0.999950588 0.007912765 -0.006021448 0.928889036 -0.007891100 0.999962330 0.003613724 -1.372806072 0.006049816 -0.003566029 0.999975324 48.740203857
0.999955356 0.007643775 -0.005547718 0.939408779 -0.007624616 0.999964952 0.003466240 -1.379909754 0.005574019 -0.003423787 0.999978602 49.328414917
0.999952078 0.008490356 -0.004877507 0.935437322 -0.008469088 0.999954581 0.004364719 -1.408909559 0.004914342 -0.004323202 0.999978602 49.821422577
0.999954998 0.007994103 -0.005095423 0.948662519 -0.007975078 0.999961138 0.003743289 -1.416700602 0.005125149 -0.003702484 0.999980032 50.360900879
0.999953032 0.008255055 -0.005073195 0.952416062 -0.008236845 0.999959588 0.003600019 -1.432382584 0.005102708 -0.003558063 0.999980688 50.886058807
0.999944746 0.009264601 -0.004961489 0.958395481 -0.009245750 0.999949992 0.003808858 -1.434971333 0.004996529 -0.003762775 0.999980450 51.415931702
0.999949515 0.008566998 -0.005250775 0.976052463 -0.008548386 0.999957144 0.003556914 -1.444340825 0.005281022 -0.003511849 0.999979913 51.974605560
0.999943316 0.009733716 -0.004300099 0.974372566 -0.009719376 0.999947190 0.003343357 -1.455138206 0.004332415 -0.003301374 0.999985099 52.538070679
0.999940872 0.009899477 -0.004503885 0.991811037 -0.009883769 0.999945045 0.003496126 -1.475793958 0.004538248 -0.003451404 0.999983728 53.048549652
0.999940813 0.009576815 -0.005159966 1.006833315 -0.009559614 0.999948680 0.003348356 -1.493358612 0.005191768 -0.003298831 0.999981046 53.581676483
0.999945819 0.009166492 -0.004916905 1.010268211 -0.009151616 0.999953508 0.003040145 -1.505793333 0.004944543 -0.002994983 0.999983311 54.117374420
0.999950469 0.008635414 -0.004943834 1.019681692 -0.008621124 0.999958634 0.002904959 -1.512024283 0.004968715 -0.002862194 0.999983549 54.644130707
0.999951959 0.008524938 -0.004836045 1.027586222 -0.008510929 0.999959528 0.002910424 -1.530281544 0.004860661 -0.002869125 0.999984086 55.194187164
0.999944091 0.009425615 -0.004778793 1.031794429 -0.009414523 0.999952972 0.002338649 -1.532044649 0.004800611 -0.002293528 0.999985874 55.737495422
0.999951184 0.008517244 -0.005035236 1.038617015 -0.008502866 0.999959648 0.002870457 -1.556488633 0.005059481 -0.002827502 0.999983191 56.256061554
0.999947250 0.009148749 -0.004668444 1.039292574 -0.009136469 0.999954760 0.002644901 -1.569868326 0.004692431 -0.002602109 0.999985576 56.838340759
0.999953091 0.008343593 -0.004911567 1.034114838 -0.008335804 0.999963999 0.001604515 -1.524337649 0.004924777 -0.001563497 0.999986649 57.399166107
0.999952674 0.008496828 -0.004742744 1.069676876 -0.008485477 0.999961078 0.002408295 -1.595391750 0.004763023 -0.002367936 0.999985874 57.882007599
0.999939978 0.009827729 -0.004842505 1.092786789 -0.009817047 0.999949336 0.002224724 -1.603202939 0.004864123 -0.002177052 0.999985814 58.414321899
0.999942482 0.009654872 -0.004660041 1.082628727 -0.009641875 0.999949574 0.002802948 -1.621045113 0.004686868 -0.002757855 0.999985158 59.006767273
0.999945045 0.009639911 -0.004117654 1.087665081 -0.009629353 0.999950230 0.002576266 -1.638805151 0.004142283 -0.002536474 0.999988139 59.551761627
0.999947786 0.009092110 -0.004670085 1.104875445 -0.009084399 0.999957263 0.001669599 -1.644393802 0.004685065 -0.001627087 0.999987721 60.137607574
0.999944270 0.009578343 -0.004422633 1.109148026 -0.009567999 0.999951422 0.002353856 -1.658349156 0.004444963 -0.002311409 0.999987423 60.693717957
0.999939203 0.010160556 -0.004272841 1.113349319 -0.010153770 0.999947131 0.001606748 -1.666417837 0.004288941 -0.001563265 0.999989510 61.235176086
0.999942720 0.009946397 -0.003932363 1.121287465 -0.009936765 0.999947548 0.002461359 -1.679487348 0.003956639 -0.002422143 0.999989212 61.784084320
0.999944210 0.009821114 -0.003869131 1.129750013 -0.009813904 0.999950051 0.001878326 -1.691893816 0.003887384 -0.001840250 0.999990761 62.319530487
0.999942482 0.010065486 -0.003688329 1.134700418 -0.010060243 0.999948382 0.001437413 -1.704070091 0.003702607 -0.001400225 0.999992132 62.862560272
0.999934494 0.010791865 -0.003812501 1.146331549 -0.010785459 0.999940336 0.001697717 -1.716185451 0.003830595 -0.001656486 0.999991298 63.411098480
0.999928653 0.011441283 -0.003422711 1.145199656 -0.011435913 0.999933302 0.001584874 -1.733902931 0.003440615 -0.001545620 0.999992907 63.940895081
0.999930739 0.011287560 -0.003340925 1.156417131 -0.011282697 0.999935210 0.001470940 -1.749809146 0.003357312 -0.001433143 0.999993324 64.482032776
0.999936461 0.010739674 -0.003418676 1.163103700 -0.010736361 0.999941885 0.000985184 -1.751362920 0.003429058 -0.000948418 0.999993682 65.032188416
0.999938071 0.010499522 -0.003682568 1.172263265 -0.010496581 0.999944568 0.000816872 -1.765772820 0.003690942 -0.000778167 0.999992907 65.561065674
0.999937177 0.010419404 -0.004118324 1.184043169 -0.010416450 0.999945462 0.000738056 -1.779946923 0.004125791 -0.000695111 0.999991238 66.106101990
0.999942482 0.009983235 -0.003917135 1.188930988 -0.009979501 0.999949753 0.000971556 -1.799814582 0.003926638 -0.000932409 0.999991834 66.676536560
0.999942422 0.010094558 -0.003616972 1.199536800 -0.010093288 0.999948978 0.000368869 -1.807476878 0.003620512 -0.000332341 0.999993384 67.222808838
0.999946415 0.009653349 -0.003742754 1.211646676 -0.009652240 0.999953389 0.000314284 -1.818902135 0.003745613 -0.000278141 0.999992967 67.782745361
0.999949455 0.009425204 -0.003482846 1.219687223 -0.009425678 0.999955595 -0.000119920 -1.833358765 0.003481559 0.000152742 0.999993920 68.332458496
0.999951422 0.009267109 -0.003396841 1.225582361 -0.009268207 0.999957025 -0.000308283 -1.850321293 0.003393838 0.000339750 0.999994159 68.880592346
0.999935150 0.010976729 -0.003021168 1.226455688 -0.010976836 0.999939740 -0.000018624 -1.867262006 0.003020782 0.000051786 0.999995351 69.404907227
0.999931812 0.011236499 -0.003160031 1.238238692 -0.011238361 0.999936640 -0.000572650 -1.881247044 0.003153396 0.000608125 0.999994814 69.974647522
0.999937356 0.010845895 -0.002758878 1.245853424 -0.010847184 0.999941051 -0.000452666 -1.897886872 0.002753806 0.000482563 0.999996006 70.523521423
0.999937475 0.010852178 -0.002693565 1.252170205 -0.010853834 0.999940932 -0.000602002 -1.912439585 0.002686874 0.000631200 0.999996185 71.069358826
0.999944389 0.010141894 -0.002881858 1.267583251 -0.010143603 0.999948382 -0.000578445 -1.926315784 0.002875844 0.000607645 0.999995708 71.623115540
0.999941468 0.010448617 -0.002807293 1.277248979 -0.010450996 0.999944985 -0.000833779 -1.938913584 0.002798426 0.000863069 0.999995649 72.178756714
0.999936581 0.010999636 -0.002394032 1.283825517 -0.011002860 0.999938488 -0.001338718 -1.954167128 0.002379158 0.001364974 0.999996245 72.722465515
0.999939501 0.010789154 -0.002132843 1.293509245 -0.010791297 0.999941289 -0.000995520 -1.971787333 0.002121977 0.001018476 0.999997258 73.266677856
0.999923289 0.012233173 -0.001929078 1.294706583 -0.012234716 0.999924779 -0.000790282 -1.986881971 0.001919265 0.000813823 0.999997854 73.814895630
0.999924958 0.012231822 -0.000588845 1.296359897 -0.012232541 0.999924362 -0.001228697 -1.999913454 0.000573771 0.001235808 0.999998987 74.349761963
0.999922931 0.012364236 -0.001133880 1.314427376 -0.012365323 0.999923050 -0.000954845 -2.009561300 0.001121987 0.000968792 0.999998927 74.887481689
0.999915361 0.012974232 -0.000943015 1.317413449 -0.012975650 0.999914646 -0.001514530 -2.018267632 0.000923285 0.001526638 0.999998331 75.434547424
0.999926984 0.011942029 -0.001816705 1.336954117 -0.011943690 0.999928176 -0.000905845 -2.049174547 0.001805757 0.000927477 0.999997914 75.967605591
0.999927342 0.011961226 -0.001503673 1.351364136 -0.011963276 0.999927521 -0.001361514 -2.063580036 0.001487278 0.001379404 0.999997854 76.511535645
0.999922633 0.012395345 -0.000952912 1.344993114 -0.012397172 0.999921262 -0.001936896 -2.073233366 0.000928829 0.001948560 0.999997675 77.082046509
0.999930024 0.011664914 -0.001949018 1.349424005 -0.011669281 0.999929309 -0.002245066 -2.062226534 0.001922692 0.002267653 0.999995589 77.678268433
0.999935150 0.011289874 -0.001467327 1.347353697 -0.011292557 0.999934554 -0.001834063 -2.085256815 0.001446525 0.001850515 0.999997258 78.181304932
0.999922633 0.012427961 -0.000575291 1.348143339 -0.012428570 0.999922216 -0.001066780 -2.124434233 0.000561989 0.001073847 0.999999285 78.724800110
0.999918878 0.012734326 -0.000375245 1.358635306 -0.012734738 0.999918342 -0.001118313 -2.136994362 0.000360973 0.001123001 0.999999344 79.275169373
0.999923110 0.012390640 -0.000448631 1.339936852 -0.012391378 0.999921799 -0.001682818 -2.175374508 0.000427745 0.001688248 0.999998510 79.838211060
0.999925494 0.012200434 -0.000381342 1.381261349 -0.012201014 0.999924362 -0.001557405 -2.175853252 0.000362312 0.001561942 0.999998689 80.357833862
0.999937296 0.011199477 -0.000106521 1.396736026 -0.011199659 0.999935508 -0.001891950 -2.194723368 0.000085325 0.001893025 0.999998212 80.891624451
0.999927700 0.011955112 0.001305479 1.393679380 -0.011952090 0.999925852 -0.002299014 -2.195952892 -0.001332867 0.002283244 0.999996483 81.469383240
0.999930024 0.011676552 0.001889682 1.433639765 -0.011672238 0.999929249 -0.002278772 -2.204441071 -0.001916157 0.002256555 0.999995589 81.953483582
0.999929845 0.011378070 0.003298891 1.429168224 -0.011370741 0.999932885 -0.002233279 -2.231409073 -0.003324080 0.002195612 0.999992073 82.527267456
0.999912560 0.011403733 0.006693006 1.443391323 -0.011383728 0.999930620 -0.003019491 -2.247972965 -0.006726974 0.002943036 0.999973059 83.067131042
0.999880850 0.011492351 0.010302244 1.469641924 -0.011469445 0.999931574 -0.002279892 -2.262112141 -0.010327741 0.002161459 0.999944270 83.594024658
0.999847949 0.010839891 0.013659403 1.483329773 -0.010801574 0.999937475 -0.002875851 -2.275427580 -0.013689724 0.002727871 0.999902546 84.133125305
0.999781847 0.010639597 0.017972881 1.506064534 -0.010587663 0.999939501 -0.002982313 -2.291879416 -0.018003529 0.002791372 0.999834001 84.668098450
0.999648213 0.011317538 0.023983223 1.536774635 -0.011243409 0.999931693 -0.003223448 -2.305111170 -0.024018060 0.002952662 0.999707103 85.194389343
0.999488115 0.011000096 0.030041706 1.565853357 -0.010890772 0.999933362 -0.003800245 -2.318994522 -0.030081509 0.003471121 0.999541402 85.747528076
0.999271989 0.011551789 0.036359247 1.598098755 -0.011430081 0.999928355 -0.003553516 -2.332661390 -0.036397699 0.003135340 0.999332488 86.292236328
0.998977900 0.010282177 0.044016048 1.647456408 -0.010121314 0.999941289 -0.003876007 -2.348084927 -0.044053316 0.003426545 0.999023318 86.808265686
0.998573363 0.009948185 0.052461870 1.690681458 -0.009717381 0.999941885 -0.004652682 -2.360040426 -0.052505121 0.004136252 0.998612046 87.353866577
0.998164296 0.010242123 0.059692204 1.737629414 -0.010005213 0.999940872 -0.004266426 -2.376573801 -0.059732370 0.003661362 0.998207688 87.885498047
0.997604072 0.009928686 0.068465717 1.785426617 -0.009645332 0.999943495 -0.004467967 -2.383833647 -0.068506204 0.003796888 0.997643471 88.452629089
0.996875703 0.010096557 0.078338593 1.863480568 -0.009756444 0.999941230 -0.004723110 -2.412180901 -0.078381695 0.003944048 0.996915638 88.940826416
0.996160567 0.009598425 0.087018572 1.926007271 -0.009187384 0.999944627 -0.005122895 -2.420656681 -0.087062947 0.004303752 0.996193528 89.472053528
0.995489240 0.009214989 0.094425470 1.990372658 -0.008748606 0.999947429 -0.005351943 -2.436944485 -0.094469815 0.004501711 0.995517552 89.992553711
0.994460344 0.009264498 0.104703054 2.070293903 -0.008732758 0.999946475 -0.005535827 -2.450644732 -0.104748748 0.004590814 0.994488120 90.522445679
0.993342876 0.009185930 0.114827253 2.159665108 -0.008656038 0.999949455 -0.005112460 -2.469626665 -0.114868402 0.004084478 0.993372262 91.045722961
0.992213130 0.008598906 0.124254555 2.247000694 -0.007961289 0.999952495 -0.005627193 -2.489309549 -0.124297045 0.004594149 0.992234349 91.574531555
0.990694284 0.008791321 0.135822684 2.344003677 -0.008094275 0.999951065 -0.005683452 -2.505578518 -0.135866031 0.004531178 0.990716815 92.103782654
0.988942087 0.008169206 0.148076713 2.450620651 -0.007329968 0.999953985 -0.006212418 -2.523538113 -0.148120672 0.005058325 0.988956273 92.635398865
0.987399995 0.006882396 0.158094853 2.564727783 -0.005936665 0.999961555 -0.006453520 -2.538061380 -0.158133194 0.005433648 0.987402797 93.184928894
0.985563397 0.007691487 0.169132113 2.678348541 -0.006747684 0.999958277 -0.006154331 -2.557880402 -0.169172391 0.004924234 0.985574186 93.746551514
0.983291507 0.007198659 0.181895718 2.801439285 -0.006135828 0.999960601 -0.006405158 -2.572638512 -0.181934655 0.005182057 0.983296931 94.285697937
0.980937421 0.006470113 0.194215864 2.935630798 -0.005227036 0.999962449 -0.006912285 -2.586325645 -0.194253311 0.005765346 0.980934441 94.797157288
0.978909969 0.006517912 0.204187840 3.067689896 -0.005210707 0.999962330 -0.006938962 -2.600407839 -0.204225361 0.005728656 0.978907108 95.349716187
0.976033449 0.006281452 0.217529655 3.212642670 -0.004889159 0.999963999 -0.006938096 -2.619757175 -0.217565373 0.005708277 0.976029098 95.889320374
0.973114371 0.005153780 0.230264768 3.366998672 -0.003547890 0.999966443 -0.007387600 -2.636940479 -0.230295107 0.006372026 0.973099947 96.410408020
0.970357120 0.004900558 0.241625980 3.517759323 -0.003138152 0.999965668 -0.007678237 -2.647096634 -0.241655245 0.006692373 0.970339060 96.930770874
0.967683911 0.004419201 0.252127558 3.690700531 -0.002736405 0.999971569 -0.007024617 -2.689235687 -0.252151430 0.006107685 0.967668533 97.458419800
0.964079976 0.004701629 0.265570492 3.859931946 -0.003018205 0.999972701 -0.006746642 -2.709357977 -0.265594900 0.005702756 0.964067817 97.973922729
0.960556924 0.003448122 0.278062433 4.037094116 -0.001483279 0.999972343 -0.007276254 -2.728439808 -0.278079897 0.006576811 0.960535467 98.493934631
0.957216203 0.003385789 0.289354295 4.222585678 -0.001334753 0.999972522 -0.007285354 -2.745190144 -0.289371043 0.006587441 0.957194388 99.019119263
0.952900529 0.003592666 0.303261787 4.410266876 -0.001532919 0.999974132 -0.007029745 -2.767284393 -0.303279251 0.006233771 0.952881336 99.517860413
0.948266983 0.003506825 0.317454696 4.617774963 -0.001388495 0.999975264 -0.006898856 -2.795994282 -0.317470968 0.006101173 0.948248327 100.009307861
0.944421172 0.003471598 0.328719914 4.824295044 -0.001229658 0.999974608 -0.007027850 -2.812973499 -0.328735888 0.006233037 0.944401324 100.523437500
0.939778388 0.004037778 0.341760665 5.028331757 -0.001933385 0.999976933 -0.006497916 -2.827876568 -0.341779023 0.005445846 0.939764559 101.061149597
0.934622884 0.002264267 0.355633169 5.237592697 0.000192978 0.999976277 -0.006873870 -2.858952045 -0.355640262 0.006493106 0.934600353 101.556411743
0.929482102 0.002332881 0.368859857 5.457845688 -0.000036189 0.999980509 -0.006233259 -2.878704071 -0.368867189 0.005780354 0.929464102 102.065246582
0.924955010 0.002012143 0.380071282 5.707904816 0.000446677 0.999979556 -0.006381061 -2.904591560 -0.380076289 0.006071963 0.924935222 102.611175537
0.919139743 0.001489112 0.393928945 5.954032898 0.001119944 0.999979019 -0.006393198 -2.916655302 -0.393930167 0.006317420 0.919118643 103.112518311
0.913199902 0.002182902 0.407505989 6.200836182 0.000192189 0.999983251 -0.005787333 -2.937929392 -0.407511830 0.005363311 0.913184106 103.640724182
0.908679307 0.001304236 0.417492926 6.458641052 0.001584950 0.999977171 -0.006573566 -2.949182987 -0.417491913 0.006634969 0.908656359 104.117897034
0.902677774 0.000346956 0.430317074 6.732162476 0.002239878 0.999982357 -0.005504868 -2.994150639 -0.430311322 0.005932980 0.902661026 104.587860107
0.895927608 0.000235213 0.444200128 7.002773285 0.002613096 0.999979794 -0.005799983 -3.004322290 -0.444192499 0.006357102 0.895908833 105.083175659
0.890087247 0.000022863 0.455790013 7.273517609 0.002858683 0.999980032 -0.005632728 -3.037407875 -0.455781013 0.006316578 0.890069485 105.559883118
0.884149432 -0.000073727 0.467204094 7.554317474 0.003053987 0.999979496 -0.005621646 -3.050502300 -0.467194080 0.006397211 0.884131670 106.040916443
0.876808047 0.000123696 0.480840802 7.830146790 0.002672939 0.999983251 -0.005131321 -3.079990864 -0.480833381 0.005784440 0.876792908 106.514709473
