1.000000000 0.000000000 0.000000000 0.000000000 0.000000000 1.000000000 0.000000000 0.000000000 0.000000000 0.000000000 1.000000000 0.000000000
0.999999940 -0.000320299 0.000046044 0.000274895 0.000320299 0.999999940 0.000012921 0.000293841 -0.000046049 -0.000012906 1.000000000 -0.000109267
1.000000000 -0.000116409 0.000137145 -0.000649549 0.000116384 1.000000000 0.000182012 -0.000444352 -0.000137167 -0.000181997 1.000000000 0.000306351
1.000000000 -0.000072785 0.000018433 0.000251135 0.000072783 1.000000000 0.000113042 0.000073031 -0.000018441 -0.000113041 1.000000000 0.000063704
1.000000000 -0.000014299 0.000039074 0.000374511 0.000014297 1.000000000 0.000046083 -0.000771200 -0.000039075 -0.000046082 1.000000000 -0.000734183
0.999999940 -0.000286733 0.000048707 0.000245822 0.000286733 0.999999940 -0.000003712 0.000152405 -0.000048706 0.000003726 1.000000000 -0.000849088
0.999999881 -0.000407447 0.000114021 -0.000585699 0.000407443 0.999999940 0.000034367 -0.000146240 -0.000114035 -0.000034321 1.000000000 0.000534221
0.999999940 -0.000308495 0.000076975 0.000609200 0.000308485 0.999999940 0.000129488 -0.000415218 -0.000077015 -0.000129464 1.000000000 0.001257034
1.000000000 -0.000122598 0.000118681 -0.000020029 0.000122599 1.000000000 -0.000008137 0.000819129 -0.000118680 0.000008151 1.000000000 0.000944670
1.000000000 -0.000005257 0.000151286 -0.000801820 0.000005255 1.000000000 0.000011038 -0.000112401 -0.000151286 -0.000011037 1.000000000 -0.000515594
1.000000000 -0.000185143 0.000069018 0.001093583 0.000185140 1.000000000 0.000046470 0.000407541 -0.000069027 -0.000046458 1.000000000 -0.000682018
1.000000000 -0.000057742 -0.000014714 0.001045293 0.000057741 1.000000000 -0.000018513 -0.000255964 0.000014715 0.000018512 1.000000000 -0.002168406
1.000000000 0.000012853 0.000052099 0.000650323 -0.000012847 1.000000000 -0.000120695 0.001926795 -0.000052101 0.000120694 1.000000000 0.000749343
1.000000000 -0.000065698 0.000071476 -0.000537818 0.000065696 1.000000000 0.000030574 0.000618836 -0.000071478 -0.000030569 1.000000000 -0.000054861
1.000000000 0.000158988 0.000103044 -0.000665913 -0.000158976 1.000000000 -0.000121946 0.001184164 -0.000103063 0.000121930 1.000000000 -0.000060581
1.000000000 -0.000128792 0.000009166 0.000659974 0.000128791 1.000000000 0.000117974 0.000128273 -0.000009181 -0.000117973 1.000000000 -0.000096167
0.999999940 -0.000406742 0.000014129 0.000107534 0.000406740 0.999999881 0.000148640 -0.000335515 -0.000014189 -0.000148634 1.000000000 -0.000706305
0.999999940 -0.000282746 0.000052082 0.000045049 0.000282740 0.999999940 0.000106181 -0.000996739 -0.000052112 -0.000106167 1.000000000 -0.001637893
1.000000000 0.000064898 0.000111168 -0.000251406 -0.000064906 1.000000000 0.000074096 -0.000215688 -0.000111163 -0.000074104 1.000000000 -0.001197578
1.000000000 0.000239888 -0.000013307 -0.000172578 -0.000239887 0.999999940 0.000129016 -0.000168205 0.000013338 -0.000129013 1.000000000 -0.000427766
1.000000000 -0.000133375 -0.000038914 0.000689583 0.000133379 1.000000000 0.000122229 0.000186374 0.000038898 -0.000122235 1.000000000 -0.000624961
1.000000000 0.000024919 0.000066809 -0.000363658 -0.000024927 1.000000000 0.000123030 -0.000304325 -0.000066806 -0.000123032 1.000000000 -0.000722204
1.000000000 -0.000130872 0.000032436 0.000403072 0.000130867 1.000000000 0.000145570 -0.000495450 -0.000032455 -0.000145565 1.000000000 -0.001500628
1.000000000 -0.000216468 0.000102058 0.000770794 0.000216468 1.000000000 0.000000114 0.000895740 -0.000102058 -0.000000092 1.000000000 0.000798019
1.000000000 0.000125128 0.000129287 0.000026420 -0.000125142 1.000000000 0.000104875 0.000290911 -0.000129274 -0.000104891 1.000000000 0.000591718
1.000000000 -0.000100784 0.000007072 0.001785714 0.000100783 1.000000000 0.000102972 0.000541737 -0.000007082 -0.000102971 1.000000000 -0.001271729
0.999999940 -0.000233813 0.000075949 0.000403296 0.000233810 1.000000000 0.000030275 0.000120405 -0.000075956 -0.000030257 1.000000000 -0.001925945
1.000000000 -0.000214480 0.000010929 -0.000176556 0.000214479 1.000000000 0.000032362 -0.000209039 -0.000010936 -0.000032360 1.000000000 -0.002005855
0.999999940 0.000215705 0.000173046 -0.001252490 -0.000215738 0.999999940 0.000191595 0.000091829 -0.000173005 -0.000191633 0.999999940 0.001097595
1.000000000 -0.000044329 -0.000017899 0.000580814 0.000044332 1.000000000 0.000156568 -0.000231084 0.000017892 -0.000156569 1.000000000 -0.000953208
0.999999940 -0.000202982 0.000195768 -0.000787262 0.000202976 1.000000000 0.000029356 0.000427717 -0.000195774 -0.000029316 1.000000000 -0.000178208
1.000000000 -0.000161844 0.000167444 -0.000772870 0.000161821 1.000000000 0.000135057 -0.000603103 -0.000167466 -0.000135030 1.000000000 -0.001075849
1.000000000 -0.000005259 0.000090776 -0.000317164 0.000005241 1.000000000 0.000192491 -0.001343272 -0.000090777 -0.000192491 1.000000000 -0.002018847
1.000000000 -0.000086943 0.000135037 -0.000271112 0.000086951 1.000000000 -0.000060870 0.000769756 -0.000135032 0.000060882 1.000000000 -0.001029147
1.000000000 -0.000144737 0.000111876 -0.000207866 0.000144735 1.000000000 0.000015141 0.000368704 -0.000111878 -0.000015125 1.000000000 -0.000729221
1.000000000 0.000090009 0.000095061 -0.000001769 -0.000090025 1.000000000 0.000170629 -0.000155351 -0.000095045 -0.000170638 1.000000000 -0.001489249
0.999999940 -0.000226067 0.000132895 0.000602957 0.000226071 1.000000000 -0.000028999 0.001726320 -0.000132888 0.000029029 1.000000000 -0.000041346
1.000000000 -0.000130887 0.000093673 -0.000394915 0.000130874 1.000000000 0.000134413 0.000814904 -0.000093691 -0.000134401 1.000000000 0.001029313
1.000000000 -0.000000531 0.000125666 -0.000382187 0.000000525 1.000000000 0.000048719 0.000255425 -0.000125666 -0.000048719 1.000000000 -0.000922231
1.000000000 0.000073545 0.000187061 -0.001042368 -0.000073561 1.000000000 0.000085147 0.000168259 -0.000187055 -0.000085161 1.000000000 -0.000397939
0.999999940 0.000002617 0.000305385 -0.000765614 -0.000002566 1.000000000 -0.000165429 0.001405191 -0.000305386 0.000165428 0.999999940 0.002259118
1.000000000 -0.000081635 0.000152391 0.001034840 0.000081737 0.999999762 -0.000669077 -0.001280363 -0.000152336 0.000669089 0.999999762 0.051456440
1.000000000 -0.000047403 -0.000052569 0.003048503 0.000047337 0.999999166 -0.001263313 -0.003248960 0.000052629 0.001263311 0.999999225 0.139598921
0.999999940 -0.000103818 -0.000093834 0.005798173 0.000103696 0.999999166 -0.001293635 -0.006975747 0.000093968 0.001293625 0.999999106 0.259416968
1.000000000 -0.000033687 0.000161540 0.002597321 0.000033969 0.999998450 -0.001744390 -0.006612304 -0.000161481 0.001744395 0.999998391 0.387566984
1.000000000 0.000203336 0.000130086 0.005365819 -0.000203094 0.999998212 -0.001856541 -0.009510485 -0.000130464 0.001856514 0.999998212 0.525705397
1.000000000 0.000233468 0.000062890 0.008357910 -0.000233349 0.999998152 -0.001884824 -0.014964730 -0.000063330 0.001884809 0.999998212 0.675194979
0.999999940 0.000075307 0.000025226 0.014772117 -0.000075276 0.999999166 -0.001241757 -0.021674961 -0.000025320 0.001241755 0.999999225 0.842808068
0.999999940 0.000408076 0.000102630 0.010540023 -0.000407947 0.999999166 -0.001247887 -0.022740774 -0.000103139 0.001247845 0.999999225 1.010270000
0.999999404 0.001014134 0.000399972 0.012461889 -0.001013631 0.999998808 -0.001254453 -0.026622852 -0.000401243 0.001254047 0.999999166 1.189553499
0.999999702 0.000023157 -0.000766881 0.031807408 -0.000023286 1.000000000 -0.000167707 -0.041487087 0.000766877 0.000167725 0.999999702 1.367743969
0.999999881 -0.000073961 0.000447605 0.017026797 0.000074356 0.999999702 -0.000883697 -0.042757519 -0.000447539 0.000883730 0.999999523 1.566350460
0.999999821 -0.000199867 0.000419326 0.021230986 0.000200259 0.999999464 -0.000934822 -0.045405351 -0.000419139 0.000934906 0.999999464 1.766399622
0.999999762 0.000490216 -0.000454694 0.038630024 -0.000490242 0.999999881 -0.000055905 -0.056101669 0.000454667 0.000056128 0.999999881 1.960940242
0.999999940 0.000215011 0.000174318 0.035104025 -0.000214832 0.999999583 -0.001023092 -0.055289268 -0.000174538 0.001023054 0.999999464 2.163820267
0.999999940 0.000026855 0.000143586 0.041893978 -0.000026823 1.000000000 -0.000225060 -0.062465530 -0.000143592 0.000225057 0.999999881 2.390197277
0.999999940 -0.000278862 -0.000089052 0.049452577 0.000278851 1.000000000 -0.000120071 -0.073270351 0.000089085 0.000120046 1.000000000 2.599097490
0.999999881 -0.000344944 -0.000113280 0.053932093 0.000344946 0.999999940 0.000012124 -0.079266682 0.000113275 -0.000012163 1.000000000 2.829817057
0.999999881 -0.000207980 -0.000147755 0.058519971 0.000207935 0.999999881 -0.000303171 -0.079638317 0.000147818 0.000303140 0.999999940 3.071716785
0.999999940 -0.000339674 0.000233498 0.062115226 0.000339879 0.999999583 -0.000879775 -0.085050419 -0.000233199 0.000879854 0.999999583 3.318153143
0.999999940 -0.000107625 0.000374215 0.069954231 0.000107696 1.000000000 -0.000189047 -0.096847579 -0.000374195 0.000189087 0.999999881 3.553516626
0.999999881 -0.000488606 -0.000070440 0.076663770 0.000488570 0.999999762 -0.000503927 -0.102014922 0.000070686 0.000503893 0.999999881 3.802119970
1.000000000 0.000083757 0.000168862 0.080289535 -0.000083684 0.999999881 -0.000433106 -0.113414437 -0.000168898 0.000433092 0.999999881 4.073954105
0.999999464 0.000943364 0.000122920 0.084669963 -0.000943331 0.999999523 -0.000267956 -0.119752832 -0.000123173 0.000267839 0.999999881 4.325772762
0.999999881 0.000217174 -0.000129461 0.096221447 -0.000217206 0.999999940 -0.000247905 -0.125985026 0.000129407 0.000247933 0.999999881 4.591559410
0.999999940 0.000009014 -0.000139187 0.102197558 -0.000009022 1.000000000 -0.000057879 -0.133878842 0.000139186 0.000057880 1.000000000 4.850645542
0.999999821 0.000469055 0.000369579 0.100849450 -0.000469095 0.999999881 0.000109167 -0.143423766 -0.000369528 -0.000109340 0.999999940 5.103138447
0.999999940 0.000032184 0.000272100 0.109019510 -0.000032290 0.999999881 0.000386204 -0.151108846 -0.000272088 -0.000386213 0.999999940 5.372642994
0.999999523 0.000677228 0.000630531 0.101391181 -0.000677514 0.999999642 0.000452328 -0.164360777 -0.000630225 -0.000452755 0.999999702 5.615765572
1.000000000 0.000089484 0.000117787 0.109161325 -0.000089614 0.999999404 0.001102186 -0.177809358 -0.000117688 -0.001102197 0.999999344 5.891003132
0.999999106 0.001253055 0.000373067 0.124674283 -0.001253136 0.999999166 0.000217182 -0.184719667 -0.000372794 -0.000217650 0.999999821 6.144885540
0.999998808 0.001314336 0.000810891 0.124587886 -0.001314507 0.999999106 0.000210241 -0.190349787 -0.000810614 -0.000211306 0.999999583 6.424855232
0.999998271 0.001681320 0.000726886 0.125015989 -0.001681376 0.999998510 0.000075712 -0.195715636 -0.000726758 -0.000076934 0.999999762 6.725146770
0.999998629 0.001450368 0.000810909 0.133614525 -0.001450625 0.999998927 0.000316829 -0.205773398 -0.000810449 -0.000318005 0.999999642 7.015357971
0.999997616 0.001819543 0.001175240 0.134603068 -0.001819807 0.999998331 0.000223601 -0.214569151 -0.001174831 -0.000225739 0.999999225 7.318893909
0.999997377 0.001915522 0.001247011 0.141445041 -0.001915541 0.999998093 0.000013767 -0.227611244 -0.001246982 -0.000016156 0.999999225 7.624771118
0.999998450 0.001376414 0.001090445 0.154448718 -0.001376509 0.999998987 0.000086251 -0.234462008 -0.001090325 -0.000087752 0.999999404 7.940889835
0.999997139 0.001925034 0.001439721 0.154090002 -0.001925357 0.999998033 0.000223171 -0.243469700 -0.001439289 -0.000225942 0.999998927 8.252138138
0.999997139 0.001390762 0.001945083 0.158347458 -0.001390581 0.999999046 -0.000094164 -0.252690136 -0.001945212 0.000091459 0.999998033 8.566081047
0.999996126 0.001632934 0.002219420 0.164241210 -0.001635144 0.999998152 0.000994663 -0.276884526 -0.002217791 -0.000998288 0.999997020 8.889525414
0.999995708 0.001857134 0.002271934 0.166715771 -0.001858838 0.999997973 0.000747714 -0.281501442 -0.002270540 -0.000751934 0.999997139 9.239260674
0.999994755 0.002268806 0.002310453 0.174574301 -0.002269786 0.999997258 0.000421641 -0.288286209 -0.002309491 -0.000426883 0.999997258 9.582880020
0.999995112 0.002213213 0.002186334 0.182153255 -0.002214374 0.999997377 0.000528801 -0.297687054 -0.002185158 -0.000533639 0.999997497 9.928721428
0.999995291 0.001981661 0.002312602 0.187372714 -0.001983572 0.999997675 0.000824262 -0.313135922 -0.002310964 -0.000828845 0.999996960 10.274895668
0.999996305 0.001501804 0.002233598 0.193074837 -0.001504850 0.999997854 0.001362724 -0.327727318 -0.002231547 -0.001366080 0.999996603 10.639938354
0.999996364 0.001537020 0.002225399 0.206094831 -0.001539304 0.999998271 0.001024553 -0.336183429 -0.002223819 -0.001027975 0.999997020 11.014547348
0.999996901 0.001247296 0.002123737 0.218799189 -0.001250297 0.999998152 0.001412535 -0.351150274 -0.002121971 -0.001415186 0.999996722 11.389566422
0.999996960 0.001805174 0.001667887 0.232443884 -0.001807491 0.999997377 0.001388437 -0.363452435 -0.001665376 -0.001391447 0.999997556 11.746004105
0.999996126 0.001696657 0.002220052 0.232964560 -0.001699720 0.999997616 0.001378446 -0.375213921 -0.002217708 -0.001382214 0.999996543 12.132154465
0.999997199 0.001363248 0.001981987 0.248666286 -0.001365368 0.999998450 0.001068626 -0.381746441 -0.001980527 -0.001071329 0.999997437 12.526393890
0.999997377 0.001267521 0.001908649 0.256505609 -0.001269464 0.999998689 0.001016815 -0.389241844 -0.001907357 -0.001019235 0.999997675 12.918901443
0.999995828 0.001781698 0.002245485 0.257697731 -0.001783053 0.999998212 0.000601558 -0.396063238 -0.002244410 -0.000605559 0.999997258 13.319302559
0.999997020 0.001377900 0.001986474 0.277005941 -0.001379812 0.999998510 0.000961660 -0.410691828 -0.001985145 -0.000964398 0.999997556 13.732083321
0.999993920 0.002426386 0.002507575 0.275048882 -0.002427206 0.999996960 0.000324044 -0.416432858 -0.002506782 -0.000330128 0.999996722 14.150905609
0.999994099 0.001836357 0.002881159 0.287505805 -0.001837976 0.999998152 0.000559446 -0.428062320 -0.002880126 -0.000564739 0.999995708 14.578543663
0.999994576 0.001675772 0.002817427 0.301202983 -0.001678720 0.999998033 0.001044508 -0.445756584 -0.002815671 -0.001049232 0.999995470 15.011421204
0.999995887 0.001488401 0.002447177 0.321979374 -0.001490543 0.999998510 0.000873980 -0.453086913 -0.002445873 -0.000877624 0.999996603 15.456264496
0.999994874 0.001156736 0.002975057 0.329656601 -0.001160245 0.999998569 0.001178160 -0.470787436 -0.002973690 -0.001181606 0.999994874 15.895945549
0.999995828 0.000970992 0.002721694 0.343788475 -0.000973804 0.999998987 0.001032223 -0.480767459 -0.002720689 -0.001034869 0.999995768 16.359371185
0.999994099 0.001221345 0.003204463 0.351404607 -0.001223283 0.999999046 0.000603143 -0.487017572 -0.003203724 -0.000607059 0.999994695 16.807491302
0.999991298 0.001804437 0.003754827 0.357558548 -0.001806958 0.999998152 0.000668087 -0.501354754 -0.003753615 -0.000674866 0.999992669 17.263092041
0.999993443 0.000880861 0.003508670 0.376480460 -0.000883890 0.999999166 0.000862212 -0.517264187 -0.003507909 -0.000865308 0.999993443 17.703256607
0.999991059 0.001280162 0.004019745 0.385089904 -0.001283810 0.999998689 0.000905026 -0.534443438 -0.004018582 -0.000910178 0.999991417 18.173133850
0.999991477 0.000878073 0.004012228 0.400270522 -0.000883433 0.999998689 0.001334485 -0.545122802 -0.004011050 -0.001338018 0.999991059 18.651615143
0.999991834 0.000757813 0.003967668 0.415441275 -0.000764485 0.999998331 0.001680444 -0.562490165 -0.003966388 -0.001683464 0.999990702 19.114728928
0.999993086 0.000443537 0.003668840 0.426321477 -0.000446034 0.999999642 0.000679879 -0.563467145 -0.003668537 -0.000681510 0.999993026 19.622238159
0.999993861 0.000236010 0.003482224 0.438339829 -0.000239678 0.999999404 0.001052997 -0.578965366 -0.003481974 -0.001053825 0.999993324 20.101881027
0.999992073 0.000835755 0.003889639 0.444670588 -0.000841315 0.999998629 0.001428169 -0.597749054 -0.003888442 -0.001431430 0.999991357 20.586936951
0.999993920 0.000472659 0.003457800 0.458405614 -0.000476564 0.999999225 0.001128781 -0.612993598 -0.003457264 -0.001130422 0.999993384 21.082775116
0.999995589 0.000380646 0.002943318 0.466342598 -0.000384292 0.999999166 0.001238279 -0.619928598 -0.002942844 -0.001239404 0.999994874 21.591415405
0.999997437 0.000202265 0.002228715 0.479677290 -0.000204701 0.999999404 0.001093103 -0.636781275 -0.002228492 -0.001093557 0.999996841 22.100652695
0.999999225 0.000328887 0.001167930 0.495396137 -0.000330105 0.999999404 0.001043050 -0.647171259 -0.001167587 -0.001043434 0.999998748 22.600374222
0.999999344 0.000704756 0.000924563 0.503710866 -0.000706079 0.999998748 0.001430951 -0.668173909 -0.000923553 -0.001431603 0.999998569 23.111915588
1.000000119 0.000100156 -0.000218793 0.516704977 -0.000099851 0.999998987 0.001391385 -0.681660056 0.000218932 -0.001391363 0.999998987 23.623012543
0.999999762 -0.000299590 -0.000486555 0.522829115 0.000299987 0.999999642 0.000815920 -0.694271088 0.000486310 -0.000816066 0.999999523 24.149204254
0.999999464 0.000555628 -0.000865170 0.529953599 -0.000554592 0.999999106 0.001197419 -0.706661999 0.000865835 -0.001196939 0.999998927 24.684661865
0.999998391 0.000167085 -0.001796866 0.539543688 -0.000164886 0.999999225 0.001224000 -0.721253216 0.001797070 -0.001223702 0.999997556 25.212430954
0.999997616 0.000154050 -0.002162813 0.543865442 -0.000152410 0.999999702 0.000758358 -0.730479598 0.002162929 -0.000758026 0.999997318 25.753652573
0.999997079 0.000715177 -0.002296536 0.549877465 -0.000713537 0.999999523 0.000715001 -0.745370328 0.002297046 -0.000713360 0.999997079 26.299907684
0.999994934 0.000536922 -0.003144430 0.561229706 -0.000529748 0.999997258 0.002281932 -0.777911186 0.003145646 -0.002280255 0.999992430 26.861354828
0.999991655 -0.000722981 -0.004016249 0.576458156 0.000728457 0.999998808 0.001362138 -0.783280551 0.004015260 -0.001365052 0.999991000 27.405088425
0.999985993 -0.000394162 -0.005269608 0.599365354 0.000403737 0.999998271 0.001816059 -0.802208543 0.005268882 -0.001818161 0.999984443 27.942066193
0.999984622 -0.000211630 -0.005536494 0.602705359 0.000221013 0.999998569 0.001694163 -0.821425021 0.005536128 -0.001695361 0.999983251 28.485847473
0.999982893 0.000202437 -0.005844824 0.610188603 -0.000190873 0.999998033 0.001978972 -0.834760427 0.005845212 -0.001977823 0.999980986 29.029537201
0.999981165 0.000161320 -0.006158219 0.617847383 -0.000151724 0.999998689 0.001558714 -0.845627129 0.006158465 -0.001557751 0.999979794 29.582492828
0.999975920 0.000554049 -0.006917649 0.621605575 -0.000540714 0.999997914 0.001929405 -0.862868309 0.006918705 -0.001925618 0.999974132 30.129188538
0.999978423 0.000813846 -0.006518314 0.627816379 -0.000801660 0.999997914 0.001871882 -0.879732609 0.006519824 -0.001866616 0.999976993 30.674715042
0.999976337 0.000807952 -0.006825581 0.635828018 -0.000794623 0.999997735 0.001955302 -0.890891016 0.006827145 -0.001949831 0.999974787 31.228433609
0.999978423 0.000588452 -0.006538318 0.638951600 -0.000574318 0.999997437 0.002163316 -0.906018019 0.006539574 -0.002159514 0.999976277 31.781433105
0.999976099 0.000728093 -0.006878197 0.646893561 -0.000713787 0.999997556 0.002082174 -0.923845112 0.006879697 -0.002077215 0.999974132 32.324523926
0.999973893 0.000465983 -0.007206752 0.656247079 -0.000448351 0.999996841 0.002447978 -0.941408515 0.007207871 -0.002444683 0.999970973 32.865001678
0.999979079 0.000661935 -0.006438605 0.648503363 -0.000650945 0.999998271 0.001708713 -0.947458565 0.006439725 -0.001704486 0.999977827 33.427284241
0.999977946 0.001025427 -0.006549375 0.654118896 -0.001012299 0.999997497 0.002007533 -0.968893170 0.006551417 -0.002000859 0.999976516 33.985466003
0.999975324 0.000910639 -0.006967326 0.661662519 -0.000893241 0.999996483 0.002499745 -0.984255195 0.006969578 -0.002493460 0.999972582 34.527397156
0.999966443 0.000288401 -0.008179113 0.682723045 -0.000270474 0.999997675 0.002192769 -0.995236874 0.008179725 -0.002190484 0.999964058 35.099231720
0.999965608 0.000702729 -0.008253819 0.693392634 -0.000686508 0.999997795 0.001967946 -1.007975936 0.008255183 -0.001962211 0.999963999 35.634471893
0.999966800 0.000306363 -0.008140503 0.697833061 -0.000291598 0.999998331 0.001814782 -1.020521045 0.008141045 -0.001812348 0.999965191 36.200771332
0.999967277 0.000264583 -0.008082495 0.702311158 -0.000251017 0.999998510 0.001679395 -1.034398794 0.008082928 -0.001677311 0.999965906 36.751911163
0.999966681 0.000808358 -0.008122018 0.706139088 -0.000792899 0.999997854 0.001906442 -1.053485394 0.008123541 -0.001899939 0.999965191 37.278816223
0.999965608 0.001351060 -0.008175130 0.704550147 -0.001337412 0.999997616 0.001674693 -1.066886067 0.008177373 -0.001663702 0.999965191 37.826034546
0.999964774 0.000975177 -0.008335837 0.715908766 -0.000957285 0.999997258 0.002150162 -1.086563587 0.008337910 -0.002142106 0.999962926 38.385437012
0.999966800 0.001145275 -0.008063694 0.716805458 -0.001128286 0.999997079 0.002111086 -1.098483562 0.008066089 -0.002101918 0.999965191 38.924579620
0.999965191 0.001236877 -0.008249763 0.723686457 -0.001222754 0.999997735 0.001716810 -1.112228036 0.008251869 -0.001706663 0.999964416 39.471202850
0.999965072 0.001396378 -0.008242138 0.733760357 -0.001378880 0.999996781 0.002128207 -1.127293468 0.008245084 -0.002116768 0.999963701 40.032196045
0.999963939 0.001571726 -0.008344621 0.743259549 -0.001559463 0.999997675 0.001475867 -1.135824680 0.008346922 -0.001462801 0.999964118 40.571575165
0.999961436 0.002031298 -0.008554932 0.747323990 -0.002022157 0.999997377 0.001077070 -1.146824121 0.008557098 -0.001059729 0.999962807 41.120010376
0.999956250 0.001133099 -0.009276129 0.756544709 -0.001118484 0.999998271 0.001580564 -1.169457436 0.009277902 -0.001570120 0.999955714 41.656200409
0.999954700 0.000869058 -0.009475055 0.764085293 -0.000857510 0.999998868 0.001222795 -1.178028941 0.009476107 -0.001214615 0.999954343 42.209602356
0.999949753 0.000374578 -0.010018584 0.768559098 -0.000359021 0.999998748 0.001554572 -1.196242571 0.010019154 -0.001550897 0.999948561 42.761669159
0.999950647 0.001443575 -0.009831836 0.768283784 -0.001430252 0.999998033 0.001361942 -1.206164122 0.009833783 -0.001347813 0.999950707 43.306621552
0.999946892 0.000912687 -0.010258659 0.774811327 -0.000890945 0.999997318 0.002123750 -1.224851608 0.010260567 -0.002114497 0.999945104 43.853424072
0.999948144 0.000184917 -0.010174832 0.771077275 -0.000163772 0.999997854 0.002078962 -1.244814992 0.010175195 -0.002077188 0.999945998 44.370815277
0.999942064 0.000459928 -0.010753661 0.779119730 -0.000438361 0.999997854 0.002007809 -1.259564757 0.010754561 -0.002002979 0.999940097 44.921688080
0.999941647 0.000738852 -0.010776464 0.787795126 -0.000716427 0.999997675 0.002084654 -1.275507689 0.010777979 -0.002076812 0.999939680 45.461711884
0.999943316 0.000749178 -0.010619850 0.790591359 -0.000724221 0.999996960 0.002353728 -1.292823553 0.010621582 -0.002345904 0.999940753 46.017353058
0.999948263 0.000867520 -0.010147595 0.783176899 -0.000849496 0.999998033 0.001780404 -1.303388119 0.010149119 -0.001771692 0.999946952 46.547122955
0.999954104 0.000985360 -0.009524981 0.780471265 -0.000968835 0.999997973 0.001739385 -1.313623905 0.009526675 -0.001730077 0.999953151 47.093544006
0.999951780 0.000759628 -0.009788421 0.791138530 -0.000741586 0.999998033 0.001846670 -1.334673285 0.009789807 -0.001839322 0.999950409 47.636825562
0.999956429 0.000929569 -0.009290677 0.787741661 -0.000913524 0.999998093 0.001731096 -1.341573954 0.009292269 -0.001722533 0.999955356 48.179336548
0.999959111 0.001582907 -0.008905483 0.795354724 -0.001566771 0.999997139 0.001818590 -1.357470393 0.008908339 -0.001804563 0.999958634 48.731044769
0.999959052 0.002004804 -0.008824283 0.802547097 -0.001993581 0.999997139 0.001280476 -1.367417216 0.008826829 -0.001262832 0.999960184 49.277252197
0.999959469 0.002285346 -0.008709709 0.808275640 -0.002267629 0.999995351 0.002043415 -1.389215589 0.008714338 -0.002023581 0.999959946 49.817047119
0.999961138 0.001964241 -0.008597703 0.817004681 -0.001944745 0.999995530 0.002275451 -1.403334141 0.008602136 -0.002258642 0.999960423 50.354412079
0.999961078 0.002152461 -0.008551734 0.822308242 -0.002136523 0.999995947 0.001872325 -1.412400246 0.008555729 -0.001853981 0.999961615 50.883506775
0.999965847 0.002533820 -0.007865168 0.830002964 -0.002516454 0.999994338 0.002217110 -1.437814593 0.007870742 -0.002197242 0.999966621 51.432773590
0.999961555 0.001938399 -0.008542255 0.847132087 -0.001922446 0.999996364 0.001875485 -1.442739248 0.008545861 -0.001858991 0.999961734 51.974605560
0.999968588 0.002706885 -0.007444893 0.844527185 -0.002693843 0.999994814 0.001761289 -1.458598137 0.007449621 -0.001741178 0.999970734 52.528594971
0.999967158 0.003324664 -0.007387866 0.854739070 -0.003314106 0.999993443 0.001440869 -1.465639234 0.007392608 -0.001416338 0.999971688 53.070659637
0.999965549 0.003314638 -0.007611762 0.860969961 -0.003303682 0.999993443 0.001451554 -1.485389471 0.007616523 -0.001426356 0.999969959 53.621711731
0.999967813 0.003597841 -0.007190581 0.869355440 -0.003585526 0.999992013 0.001724948 -1.503202200 0.007196731 -0.001699111 0.999972582 54.169094086
0.999971747 0.003016825 -0.006881239 0.874282241 -0.003009138 0.999994814 0.001127256 -1.498105526 0.006884603 -0.001106518 0.999975681 54.723396301
0.999975562 0.003412072 -0.006120082 0.872901201 -0.003403543 0.999993145 0.001403509 -1.522381425 0.006124830 -0.001382644 0.999980211 55.273307800
0.999971092 0.003769631 -0.006607805 0.888777375 -0.003763554 0.999992490 0.000931869 -1.533998966 0.006611268 -0.000906973 0.999977708 55.835998535
0.999971926 0.003731067 -0.006498454 0.890413880 -0.003723776 0.999992430 0.001133678 -1.552378893 0.006502634 -0.001109448 0.999978244 56.348949432
0.999972165 0.004746877 -0.005743959 0.901406884 -0.004738830 0.999987781 0.001413753 -1.573752999 0.005750600 -0.001386494 0.999982417 56.889072418
0.999971271 0.004036889 -0.006403315 0.910806775 -0.004030807 0.999991417 0.000962481 -1.578689456 0.006407146 -0.000936643 0.999979019 57.430927277
0.999971688 0.004149581 -0.006263334 0.919387698 -0.004144585 0.999991059 0.000810293 -1.594937205 0.006266640 -0.000784312 0.999980032 57.981803894
0.999971867 0.004674826 -0.005859709 0.922487617 -0.004671481 0.999988854 0.000584692 -1.602141619 0.005862377 -0.000557302 0.999982655 58.539962769
0.999976397 0.004708789 -0.005000298 0.919001281 -0.004706099 0.999988794 0.000549430 -1.612827778 0.005002829 -0.000525885 0.999987304 59.082862854
0.999975622 0.004682245 -0.005166076 0.932537913 -0.004680051 0.999988973 0.000436710 -1.637233138 0.005168063 -0.000412522 0.999986589 59.615005493
0.999978065 0.004914499 -0.004443843 0.934755206 -0.004913068 0.999987900 0.000332851 -1.643223882 0.004445426 -0.000311010 0.999989986 60.166580200
0.999975264 0.005038084 -0.004905473 0.951409221 -0.005034408 0.999987066 0.000761289 -1.660210490 0.004909244 -0.000736574 0.999987662 60.716690063
0.999977469 0.005047125 -0.004408181 0.963433266 -0.005045316 0.999987185 0.000421529 -1.674904704 0.004410252 -0.000399279 0.999990225 61.260467529
0.999978662 0.004864531 -0.004357025 0.971475959 -0.004862118 0.999988019 0.000564249 -1.690351963 0.004359718 -0.000543052 0.999990344 61.803623199
0.999977589 0.004739427 -0.004731694 0.984886289 -0.004740464 0.999988735 -0.000208040 -1.696222425 0.004730655 0.000230466 0.999988794 62.353855133
0.999976933 0.005310570 -0.004229324 0.992266893 -0.005308701 0.999985814 0.000452740 -1.719200015 0.004231668 -0.000430277 0.999990940 62.899768829
0.999977231 0.005605639 -0.003790957 0.997103155 -0.005604893 0.999984264 0.000207443 -1.734887719 0.003792061 -0.000186191 0.999992728 63.439418793
0.999972403 0.006349844 -0.003838499 1.004252315 -0.006351265 0.999979794 -0.000357966 -1.743882656 0.003836149 0.000382335 0.999992549 63.990184784
0.999973774 0.005963255 -0.004099500 1.013042569 -0.005961143 0.999982119 0.000526861 -1.767299175 0.004102569 -0.000502409 0.999991417 64.530723572
0.999973178 0.006139187 -0.003978974 1.021515012 -0.006136674 0.999980986 0.000643421 -1.783566713 0.003982848 -0.000618986 0.999991894 65.066001892
0.999975204 0.006092446 -0.003535504 1.028489828 -0.006090310 0.999981284 0.000614523 -1.799970746 0.003539182 -0.000592975 0.999993563 65.611518860
0.999977052 0.005984075 -0.003155672 1.031648993 -0.005982384 0.999981880 0.000545403 -1.811869383 0.003158879 -0.000526512 0.999994874 66.164024353
0.999976516 0.006023791 -0.003268443 1.039373517 -0.006022450 0.999981761 0.000420023 -1.826115966 0.003270914 -0.000400329 0.999994576 66.712272644
0.999973953 0.006534250 -0.003059385 1.049145460 -0.006532266 0.999978423 0.000657944 -1.846454382 0.003063618 -0.000637942 0.999995112 67.242706299
0.999975264 0.006353898 -0.003014138 1.057983518 -0.006351881 0.999979556 0.000678647 -1.860351086 0.003018388 -0.000659485 0.999995232 67.796363831
0.999975204 0.006357663 -0.003027964 1.070573807 -0.006355417 0.999979496 0.000751026 -1.879713058 0.003032677 -0.000731763 0.999995053 68.345283508
0.999973595 0.006678276 -0.002873056 1.077655315 -0.006676675 0.999977469 0.000566497 -1.893900871 0.002876775 -0.000547299 0.999995708 68.890823364
0.999971867 0.006810227 -0.003149541 1.087551594 -0.006807600 0.999976456 0.000844561 -1.911255121 0.003155219 -0.000823097 0.999994695 69.435173035
0.999971628 0.007025925 -0.002709809 1.090773106 -0.007024872 0.999975264 0.000397684 -1.922228813 0.002712536 -0.000378637 0.999996185 69.987792969
0.999973834 0.006703608 -0.002709606 1.101185799 -0.006701937 0.999977469 0.000624724 -1.937072039 0.002713732 -0.000606548 0.999996126 70.535659790
0.999971390 0.006924848 -0.003043257 1.113670468 -0.006923757 0.999975979 0.000368623 -1.952854395 0.003045736 -0.000347542 0.999995232 71.080917358
0.999973774 0.006635575 -0.002909768 1.124264717 -0.006634337 0.999977887 0.000434448 -1.969563484 0.002912586 -0.000415132 0.999995649 71.625419617
0.999970436 0.007200056 -0.002680470 1.127917051 -0.007198144 0.999973834 0.000722340 -1.986962080 0.002685601 -0.000703025 0.999996126 72.173950195
0.999971747 0.007040389 -0.002637108 1.136205435 -0.007038234 0.999974906 0.000825520 -2.002065659 0.002642853 -0.000806936 0.999996185 72.723648071
0.999972820 0.006889571 -0.002625911 1.148133278 -0.006887206 0.999975860 0.000908152 -2.019599199 0.002632105 -0.000890043 0.999996066 73.272567749
0.999973595 0.006823747 -0.002498297 1.153799653 -0.006821605 0.999976277 0.000864742 -2.031901121 0.002504138 -0.000847676 0.999996424 73.816207886
0.999972999 0.006944410 -0.002369818 1.162137389 -0.006942804 0.999975622 0.000685174 -2.048939943 0.002374519 -0.000668703 0.999996901 74.360549927
0.999971330 0.007168022 -0.002449971 1.173762441 -0.007165838 0.999973893 0.000898846 -2.064045191 0.002456350 -0.000881265 0.999996603 74.905326843
0.999975026 0.006675003 -0.002325717 1.180700183 -0.006673010 0.999977350 0.000863567 -2.078492880 0.002331429 -0.000848026 0.999996901 75.456916809
0.999975979 0.006559732 -0.002216328 1.193971276 -0.006558880 0.999978423 0.000391530 -2.088574648 0.002218849 -0.000376984 0.999997497 76.004722595
0.999975145 0.006644114 -0.002357479 1.202861071 -0.006643699 0.999977887 0.000183455 -2.102105856 0.002358646 -0.000167788 0.999997199 76.551734924
0.999974191 0.006887269 -0.002030753 1.211325049 -0.006887081 0.999976218 0.000099821 -2.116488457 0.002031393 -0.000085832 0.999997914 77.103553772
0.999975860 0.006547173 -0.002311408 1.227040291 -0.006546353 0.999978423 0.000362232 -2.133088350 0.002313731 -0.000347092 0.999997258 77.642066956
0.999975204 0.006567926 -0.002532544 1.234126687 -0.006566586 0.999978304 0.000537008 -2.148932695 0.002536016 -0.000520365 0.999996662 78.182250977
0.999974012 0.006833929 -0.002285635 1.242262006 -0.006834515 0.999976635 -0.000248488 -2.159817934 0.002283884 0.000264103 0.999997377 78.721038818
0.999974847 0.006625899 -0.002501742 1.255161524 -0.006626451 0.999978006 -0.000212349 -2.174063683 0.002500280 0.000228921 0.999996841 79.262649536
0.999974906 0.006816538 -0.001931106 1.257739186 -0.006817362 0.999976635 -0.000420568 -2.186350107 0.001928194 0.000433723 0.999998033 79.806976318
0.999974847 0.006924665 -0.001548892 1.267317414 -0.006925450 0.999975920 -0.000502319 -2.200981855 0.001545376 0.000513034 0.999998689 80.353889465
0.999971628 0.007502058 -0.000577753 1.284794331 -0.007502484 0.999971509 -0.000737200 -2.213774920 0.000572206 0.000741514 0.999999583 80.907142639
0.999977767 0.006654853 0.000361430 1.292174697 -0.006654628 0.999977767 -0.000616803 -2.230676651 -0.000365526 0.000614384 0.999999702 81.430801392
0.999973238 0.007218265 0.001119897 1.306730151 -0.007217705 0.999973834 -0.000503304 -2.249355078 -0.001123500 0.000495207 0.999999225 81.987358093
0.999965191 0.007926875 0.002597107 1.323892355 -0.007924638 0.999968171 -0.000870774 -2.265733480 -0.002603926 0.000850163 0.999996245 82.528312683
0.999954462 0.007590515 0.005781648 1.345690727 -0.007585230 0.999970734 -0.000935599 -2.277880669 -0.005788582 0.000891702 0.999982834 83.089546204
0.999928892 0.006530288 0.009977706 1.363324285 -0.006520807 0.999978185 -0.000982402 -2.290434599 -0.009983905 0.000917270 0.999949753 83.639549255
0.999879003 0.008347463 0.013120592 1.413824797 -0.008343232 0.999965131 -0.000377125 -2.340816498 -0.013123281 0.000267611 0.999913871 84.193077087
0.999827325 0.006222015 0.017510744 1.437264442 -0.006190587 0.999979138 -0.001848408 -2.334222794 -0.017521884 0.001739687 0.999844909 84.820709229
0.999704599 0.007587629 0.023090800 1.467664003 -0.007566265 0.999970853 -0.001012464 -2.355644703 -0.023097811 0.000837454 0.999732792 85.359519958
0.999558568 0.005946348 0.029108785 1.499920487 -0.005894585 0.999980867 -0.001863753 -2.373471498 -0.029119309 0.001691346 0.999574423 85.922279358
0.999342978 0.007063428 0.035547066 1.531139612 -0.007008948 0.999974191 -0.001656974 -2.393371105 -0.035557855 0.001406738 0.999366581 86.471374512
0.999026656 0.006510054 0.043627109 1.575455189 -0.006424666 0.999977171 -0.002097157 -2.403927326 -0.043639764 0.001814827 0.999045670 87.036682129
0.998614013 0.006737304 0.052198023 1.619853497 -0.006660347 0.999976397 -0.001648142 -2.432201624 -0.052207898 0.001298201 0.998635411 87.571365356
0.998246610 0.007448895 0.058721870 1.662708521 -0.007391526 0.999971926 -0.001194125 -2.450437784 -0.058729120 0.000757987 0.998273671 88.096801758
0.997596741 0.007485721 0.068881586 1.703483582 -0.007413033 0.999971688 -0.001310816 -2.463679314 -0.068889447 0.000797045 0.997623980 88.678413391
0.996903837 0.007226754 0.078297302 1.783456802 -0.007117585 0.999973238 -0.001673269 -2.466181278 -0.078307301 0.001110801 0.996928632 89.189018250
0.996177614 0.007073279 0.087063164 1.848230839 -0.006946383 0.999974251 -0.001760406 -2.479604006 -0.087073386 0.001148903 0.996201217 89.736946106
0.995423317 0.006705088 0.095328212 1.909552574 -0.006518239 0.999976158 -0.002271333 -2.496905327 -0.095341176 0.001639565 0.995443225 90.304840088
0.994337022 0.006140804 0.106096439 1.988641262 -0.005868215 0.999978602 -0.002881256 -2.498773098 -0.106111892 0.002242343 0.994351685 90.833137512
0.993075669 0.006718155 0.117283598 2.053817749 -0.006442119 0.999975502 -0.002732514 -2.508082867 -0.117299087 0.001958039 0.993094683 91.375495911
0.991926610 0.006088717 0.126666367 2.137218475 -0.005760554 0.999978960 -0.002956923 -2.524923086 -0.126681671 0.002203382 0.991940975 91.913391113
0.990407348 0.006479210 0.138026565 2.224473000 -0.006196726 0.999977708 -0.002476202 -2.544498205 -0.138039544 0.001597136 0.990425408 92.447669983
0.988642037 0.006015287 0.150169149 2.329391479 -0.005628308 0.999979615 -0.003001831 -2.562202215 -0.150184169 0.002122538 0.988655686 92.962081909
0.986893892 0.006064196 0.161256462 2.421256065 -0.005719052 0.999980211 -0.002604423 -2.576300621 -0.161269069 0.001648055 0.986909091 93.498153687
0.985151172 0.005405899 0.171604022 2.538095474 -0.004978315 0.999983311 -0.002921936 -2.589105368 -0.171616927 0.002024249 0.985161662 94.029991150
0.982828021 0.005532616 0.184441090 2.658308983 -0.005071885 0.999982834 -0.002969674 -2.605161190 -0.184454352 0.001983215 0.982839048 94.543991089
0.980431557 0.005785231 0.196775332 2.784392357 -0.005309956 0.999981582 -0.002942830 -2.621492386 -0.196788728 0.001840375 0.980444193 95.081665039
0.978283703 0.004947264 0.207211047 2.905313492 -0.004451974 0.999985993 -0.002856520 -2.636410713 -0.207222268 0.001871989 0.978292108 95.593132019
0.975384951 0.005054880 0.220450923 3.044647217 -0.004447436 0.999984801 -0.003251705 -2.651065826 -0.220463976 0.002191223 0.975392640 96.120597839
0.972202063 0.005129096 0.234087184 3.196283340 -0.004480502 0.999984503 -0.003302463 -2.660706758 -0.234100491 0.002161834 0.972209990 96.658660889
0.969528437 0.004879270 0.244930118 3.346513748 -0.004195107 0.999985695 -0.003314926 -2.677300692 -0.244942814 0.002186407 0.969534993 97.164688110
0.966686726 0.003000354 0.255945295 3.532600403 -0.002345150 0.999993265 -0.002865095 -2.711329460 -0.255952150 0.002169419 0.966687024 97.690994263
0.962475419 0.005397506 0.271315247 3.659646988 -0.004585563 0.999982834 -0.003626493 -2.712164402 -0.271330148 0.002246277 0.962483823 98.203933716
0.958954394 0.004045009 0.283531547 3.838800430 -0.003100336 0.999988019 -0.003780460 -2.724829435 -0.283543468 0.002746245 0.958955467 98.706054688
0.955658078 0.003898644 0.294452786 4.018539429 -0.002728111 0.999986649 -0.004385933 -2.728168488 -0.294465959 0.003388152 0.955655992 99.225616455
0.951377571 0.003058475 0.308012009 4.214054108 -0.001879389 0.999989688 -0.004124629 -2.752773762 -0.308021486 0.003345205 0.951373518 99.737091064
0.946837127 0.002369032 0.321704596 4.407474518 -0.001126030 0.999991179 -0.004049815 -2.768983841 -0.321711302 0.003472266 0.946831405 100.248237610
0.942911923 0.002378394 0.333033681 4.605285645 -0.001072586 0.999991000 -0.004104746 -2.785441399 -0.333040476 0.003513206 0.942906141 100.745666504
0.938313007 0.002053313 0.345780939 4.824178696 -0.000547211 0.999989927 -0.004453214 -2.802076101 -0.345786572 0.003989293 0.938304722 101.247970581
0.933011353 0.001490448 0.359843791 5.043128967 -0.000104259 0.999992490 -0.003871573 -2.826654911 -0.359846860 0.003574704 0.933004558 101.755149841
0.928094864 0.001776520 0.372339576 5.259931564 -0.000114720 0.999989927 -0.004485239 -2.838346958 -0.372343808 0.004120013 0.928085744 102.248451233
0.923602760 -0.000037417 0.383350998 5.496147156 0.002004280 0.999986827 -0.004731284 -2.844061613 -0.383345753 0.005138170 0.923590600 102.757820129
0.917631209 0.000821973 0.397432148 5.729576111 0.001078516 0.999989033 -0.004558372 -2.858664989 -0.397431523 0.004611541 0.917620242 103.220825195
0.911909163 -0.000728233 0.410391450 5.981941223 0.002630780 0.999988258 -0.004071255 -2.878705740 -0.410383701 0.004792265 0.911900282 103.702011108
0.906606853 -0.000842677 0.421975523 6.228130341 0.002919619 0.999986589 -0.004275796 -2.898679495 -0.421966225 0.005108474 0.906597078 104.207748413
0.900249720 -0.001277461 0.435372144 6.484798431 0.003532746 0.999984205 -0.004370774 -2.915211439 -0.435359687 0.005472848 0.900239944 104.686706543
0.893594921 -0.001247228 0.448872566 6.739421844 0.003873455 0.999980330 -0.004932571 -2.926327944 -0.448857605 0.006146407 0.893582165 105.180320740
0.887694955 -0.001221226 0.460430264 7.020057678 0.003293867 0.999987721 -0.003698145 -2.968756199 -0.460420072 0.004799420 0.887688160 105.609710693
0.881951332 -0.001264126 0.471338630 7.293861389 0.003468059 0.999986768 -0.003807349 -2.980934143 -0.471327484 0.004992526 0.881944060 106.093444824
0.875170529 -0.003123188 0.483804554 7.619354248 0.006051307 0.999971628 -0.004491123 -2.987537384 -0.483776778 0.006858148 0.875164568 106.613258362
