1.000000000 0.000000000 0.000000000 0.000000000 0.000000000 1.000000000 0.000000000 0.000000000 0.000000000 0.000000000 1.000000000 0.000000000
1.000000000 0.000177042 0.000091208 -0.002985636 -0.000177032 1.000000000 -0.000107229 0.003095132 -0.000091227 0.000107212 1.000000000 0.004038516
1.000000000 0.000133531 0.000020833 -0.000021096 -0.000133530 1.000000000 -0.000033135 0.001463292 -0.000020838 0.000033132 1.000000000 0.003563838
0.999999940 0.000266510 0.000089332 -0.000393189 -0.000266509 0.999999940 -0.000003562 0.000855641 -0.000089333 0.000003539 1.000000000 -0.001828964
1.000000000 0.000125191 -0.000033522 0.002777110 -0.000125193 1.000000000 -0.000055456 0.001620608 0.000033515 0.000055460 1.000000000 -0.000531207
1.000000000 0.000035398 -0.000010386 0.000211124 -0.000035398 1.000000000 0.000022248 0.001788202 0.000010386 -0.000022247 1.000000000 0.000000597
1.000000000 0.000042949 0.000038514 -0.001531005 -0.000042947 1.000000000 -0.000055452 0.001857252 -0.000038516 0.000055451 1.000000000 -0.000958357
1.000000000 0.000035067 0.000029450 0.000557606 -0.000035068 1.000000000 0.000046395 0.001363233 -0.000029448 -0.000046396 1.000000000 -0.000501243
1.000000000 0.000088090 0.000148962 -0.003716090 -0.000088083 1.000000000 -0.000046111 0.002329947 -0.000148966 0.000046098 1.000000000 0.002939677
1.000000000 0.000116186 0.000142022 -0.003218267 -0.000116176 1.000000000 -0.000068617 0.001155828 -0.000142030 0.000068600 1.000000000 -0.001222769
1.000000000 0.000153668 0.000085730 0.000380404 -0.000153669 1.000000000 0.000014079 0.001637008 -0.000085728 -0.000014092 1.000000000 -0.002477064
1.000000000 0.000100089 0.000070246 -0.002317946 -0.000100085 1.000000000 -0.000063271 0.001908217 -0.000070252 0.000063264 1.000000000 -0.003462354
1.000000000 0.000104766 0.000153363 -0.003788295 -0.000104765 1.000000000 -0.000007046 0.001827555 -0.000153364 0.000007030 1.000000000 -0.003754123
1.000000000 -0.000050555 0.000085470 -0.001717054 0.000050553 1.000000000 0.000014896 -0.000148256 -0.000085470 -0.000014892 1.000000000 -0.000329858
1.000000000 0.000065606 0.000075851 -0.000307329 -0.000065603 1.000000000 -0.000047118 0.001552478 -0.000075855 0.000047113 1.000000000 -0.002029759
1.000000000 -0.000066916 0.000014518 0.000366613 0.000066916 1.000000000 0.000006903 0.001767997 -0.000014519 -0.000006902 1.000000000 -0.003344589
1.000000000 -0.000026454 0.000065759 -0.002634072 0.000026454 1.000000000 -0.000006870 0.001141414 -0.000065758 0.000006872 1.000000000 -0.002541525
1.000000000 0.000081528 0.000192605 -0.004466960 -0.000081532 1.000000000 0.000017324 -0.000843246 -0.000192603 -0.000017339 1.000000000 -0.002394121
1.000000000 0.000060538 0.000023749 0.000471825 -0.000060539 1.000000000 0.000026011 0.001413794 -0.000023748 -0.000026012 1.000000000 -0.004637429
1.000000000 -0.000106681 -0.000023410 -0.000372285 0.000106680 1.000000000 -0.000004952 0.000771196 0.000023411 0.000004949 1.000000000 -0.005683910
1.000000000 -0.000017145 0.000030436 0.000018506 0.000017145 1.000000000 -0.000013743 0.000573123 -0.000030436 0.000013744 1.000000000 -0.006616649
1.000000000 -0.000074571 0.000023817 -0.000241685 0.000074570 1.000000000 0.000044171 -0.001146279 -0.000023820 -0.000044169 1.000000000 -0.004257909
1.000000000 0.000045232 0.000128678 -0.003289113 -0.000045225 1.000000000 -0.000052202 0.001421725 -0.000128681 0.000052197 1.000000000 0.000897637
1.000000000 0.000014301 0.000021860 0.000515292 -0.000014300 1.000000000 -0.000007422 -0.000061310 -0.000021861 0.000007421 1.000000000 -0.002003884
1.000000000 -0.000016223 0.000126185 -0.002803991 0.000016217 1.000000000 0.000051766 0.000723824 -0.000126186 -0.000051764 1.000000000 0.000097555
1.000000000 -0.000059220 -0.000085285 0.003179816 0.000059218 1.000000000 -0.000019790 0.001077773 0.000085286 0.000019785 1.000000000 -0.006007703
1.000000000 -0.000117509 0.000085746 -0.002540400 0.000117512 1.000000000 -0.000034737 0.002133860 -0.000085742 0.000034747 1.000000000 0.000414354
1.000000000 0.000113968 0.000089434 -0.001661133 -0.000113965 1.000000000 -0.000042628 0.001181927 -0.000089439 0.000042617 1.000000000 -0.004352905
1.000000000 -0.000065244 0.000074184 -0.002650983 0.000065240 1.000000000 0.000047087 0.000373514 -0.000074187 -0.000047082 1.000000000 -0.000407815
1.000000000 -0.000108092 0.000096288 -0.004340450 0.000108100 1.000000000 -0.000087758 0.004215759 -0.000096278 0.000087768 1.000000000 0.001731328
1.000000000 -0.000043307 0.000101026 -0.004153114 0.000043312 1.000000000 -0.000046110 0.001984175 -0.000101024 0.000046115 1.000000000 0.001841984
1.000000000 -0.000024064 0.000104443 -0.003059270 0.000024061 1.000000000 0.000035854 0.001055153 -0.000104443 -0.000035852 1.000000000 0.002094283
1.000000000 -0.000137109 0.000029259 -0.002783027 0.000137109 1.000000000 -0.000024370 0.000986574 -0.000029256 0.000024374 1.000000000 -0.000933664
1.000000000 -0.000004139 0.000060990 -0.002190729 0.000004143 1.000000000 -0.000063783 0.002344970 -0.000060990 0.000063784 1.000000000 -0.001095891
0.999999940 0.000203061 0.000172922 -0.004243988 -0.000203055 1.000000000 -0.000036674 0.001087336 -0.000172929 0.000036639 1.000000000 0.000221100
1.000000000 0.000022215 0.000077580 -0.001574013 -0.000022213 1.000000000 -0.000016392 0.000992944 -0.000077581 0.000016390 1.000000000 -0.002514262
1.000000000 -0.000041403 -0.000022482 -0.001303553 0.000041402 1.000000000 -0.000009160 0.001165122 0.000022482 0.000009159 1.000000000 -0.003867952
1.000000000 -0.000059309 0.000037325 -0.001065293 0.000059313 1.000000000 -0.000108526 0.002485070 -0.000037318 0.000108528 1.000000000 -0.003054158
1.000000000 -0.000093538 0.000113865 -0.003660878 0.000093543 1.000000000 -0.000047211 0.000708589 -0.000113860 0.000047222 1.000000000 0.000086252
1.000000000 -0.000079716 0.000026284 -0.000648039 0.000079716 1.000000000 -0.000000674 0.000712093 -0.000026284 0.000000676 1.000000000 -0.002014709
1.000000000 -0.000231288 -0.000019655 0.000614159 0.000231288 1.000000000 0.000015236 -0.000035169 0.000019652 -0.000015241 1.000000000 -0.000263273
1.000000000 -0.000001780 0.000103945 0.002241241 0.000001831 0.999999881 -0.000492673 -0.004931905 -0.000103944 0.000492673 0.999999881 0.049058225
1.000000000 -0.000002590 0.000080643 0.003323946 0.000002691 0.999999225 -0.001250284 -0.002690541 -0.000080639 0.001250284 0.999999225 0.144231990
1.000000000 -0.000072172 0.000021172 0.005008226 0.000072203 0.999998987 -0.001431685 -0.010729266 -0.000021069 0.001431687 0.999998987 0.259864092
1.000000000 0.000032872 0.000197838 0.003386402 -0.000032599 0.999999046 -0.001380699 -0.014085642 -0.000197883 0.001380693 0.999999046 0.390862226
1.000000000 0.000095118 0.000078134 0.005757344 -0.000095038 0.999999464 -0.001021345 -0.022723297 -0.000078231 0.001021337 0.999999464 0.532278478
1.000000000 0.000130653 0.000123897 0.006194621 -0.000130551 0.999999642 -0.000824047 -0.032020845 -0.000124005 0.000824031 0.999999642 0.685085416
1.000000000 0.000032591 0.000137250 0.009368313 -0.000032511 0.999999821 -0.000581334 -0.037863739 -0.000137269 0.000581330 0.999999821 0.860242546
1.000000000 0.000042086 -0.000097518 0.020801200 -0.000042137 0.999999881 -0.000519679 -0.037262000 0.000097496 0.000519684 0.999999881 1.024793386
0.999999940 -0.000030572 0.000267322 -0.000804236 0.000030695 0.999999881 -0.000458105 -0.037294324 -0.000267308 0.000458113 0.999999881 1.187603712
1.000000000 -0.000371332 -0.000070241 0.015687510 0.000371316 0.999999940 -0.000229794 -0.047319543 0.000070326 0.000229768 0.999999940 1.379589796
0.999999821 0.000581098 0.000246044 0.025779741 -0.000581084 0.999999821 -0.000058480 -0.056990575 -0.000246078 0.000058337 0.999999940 1.569764972
0.999999821 0.000510569 0.000528837 0.027770044 -0.000510552 0.999999881 -0.000031487 -0.059819970 -0.000528853 0.000031217 0.999999881 1.761464238
0.999999702 0.000592767 0.000399063 0.031572834 -0.000592923 0.999999702 0.000389074 -0.070416287 -0.000398832 -0.000389310 0.999999821 1.969766974
0.999999821 0.000469453 0.000299842 0.039305933 -0.000469473 0.999999881 0.000065890 -0.072426252 -0.000299811 -0.000066031 0.999999940 2.196213961
0.999999642 0.000551150 0.000569724 0.037956852 -0.000551432 0.999999702 0.000495892 -0.081097521 -0.000569451 -0.000496206 0.999999702 2.401320934
0.999999702 0.000635640 0.000488356 0.044873189 -0.000635955 0.999999583 0.000646809 -0.089964136 -0.000487945 -0.000647120 0.999999702 2.627481461
0.999999642 0.000672456 0.000581576 0.047778171 -0.000672863 0.999999523 0.000699744 -0.093620233 -0.000581105 -0.000700136 0.999999583 2.868547678
0.999999762 0.000541167 0.000474671 0.057107359 -0.000541547 0.999999523 0.000800632 -0.105484538 -0.000474238 -0.000800889 0.999999583 3.092914581
0.999999702 0.000515658 0.000466456 0.055643920 -0.000515967 0.999999583 0.000660655 -0.114451051 -0.000466115 -0.000660896 0.999999702 3.339760303
0.999999821 0.000494298 0.000329075 0.064083710 -0.000494536 0.999999642 0.000722188 -0.119633086 -0.000328718 -0.000722351 0.999999642 3.587944031
0.999999762 0.000585767 0.000168063 0.072901540 -0.000585897 0.999999464 0.000771865 -0.127492189 -0.000167611 -0.000771963 0.999999642 3.838862658
0.999999821 0.000485463 0.000369456 0.070742033 -0.000485931 0.999999106 0.001266669 -0.142148793 -0.000368841 -0.001266848 0.999999046 4.086555481
0.999999583 0.000789822 0.000505087 0.074168712 -0.000790651 0.999998331 0.001642526 -0.151178509 -0.000503789 -0.001642925 0.999998450 4.342075825
0.999999702 0.000739465 0.000327274 0.083231285 -0.000739976 0.999998510 0.001562161 -0.157806933 -0.000326118 -0.001562403 0.999998748 4.603980541
0.999999881 0.000501178 0.000531753 0.091352724 -0.000502030 0.999998689 0.001602896 -0.165805742 -0.000530949 -0.001603163 0.999998569 4.861306667
0.999999583 0.000698363 0.000594135 0.096040487 -0.000699234 0.999998629 0.001467072 -0.174806401 -0.000593110 -0.001467486 0.999998748 5.123407841
0.999999762 0.000404900 0.000477338 0.102173321 -0.000405684 0.999998569 0.001643376 -0.180753663 -0.000476672 -0.001643570 0.999998510 5.382416725
0.999999881 0.000065926 0.000446054 0.104073338 -0.000066671 0.999998510 0.001669260 -0.191504553 -0.000445943 -0.001669290 0.999998510 5.640997410
0.999999881 0.000001520 0.000463394 0.114498816 -0.000002376 0.999998212 0.001846202 -0.206248611 -0.000463391 -0.001846202 0.999998152 5.906059742
0.999999762 0.000124672 0.000576231 0.121845104 -0.000125911 0.999997675 0.002149133 -0.222067997 -0.000575962 -0.002149204 0.999997556 6.165868282
0.999999881 -0.000278417 0.000518438 0.122752257 0.000277511 0.999998450 0.001746860 -0.217108682 -0.000518924 -0.001746716 0.999998391 6.465332031
0.999999940 0.000203392 0.000310108 0.127504364 -0.000203962 0.999998271 0.001839223 -0.226943061 -0.000309734 -0.001839286 0.999998271 6.750753403
0.999999940 -0.000007193 0.000524586 0.134038717 0.000006169 0.999998152 0.001952529 -0.234944806 -0.000524599 -0.001952526 0.999997973 7.048861504
0.999999881 0.000067847 0.000303272 0.146039128 -0.000068446 0.999997973 0.001975153 -0.248870462 -0.000303138 -0.001975173 0.999998033 7.350515842
0.999999940 0.000070180 0.000167300 0.160955474 -0.000070512 0.999998033 0.001986978 -0.262718558 -0.000167160 -0.001986989 0.999998033 7.644921303
0.999999702 0.000356721 0.000603896 0.162385181 -0.000358227 0.999996781 0.002495297 -0.277200788 -0.000603004 -0.002495513 0.999996722 7.973125458
0.999999642 0.000388695 0.000669159 0.170819923 -0.000390375 0.999996781 0.002512613 -0.286903292 -0.000668181 -0.002512874 0.999996662 8.292456627
0.999998927 0.001088573 0.000957484 0.178568333 -0.001091030 0.999996126 0.002569933 -0.288071752 -0.000954683 -0.002570975 0.999996245 8.624045372
0.999999642 0.000467778 0.000596399 0.187461585 -0.000469348 0.999996424 0.002635561 -0.306307614 -0.000595164 -0.002635841 0.999996305 8.956085205
0.999999881 0.000039687 0.000542157 0.189323932 -0.000041166 0.999996305 0.002727969 -0.321791202 -0.000542047 -0.002727991 0.999996066 9.283860207
0.999999642 0.000447815 0.000731447 0.197488680 -0.000449866 0.999995947 0.002806511 -0.332796186 -0.000730188 -0.002806839 0.999995828 9.622310638
0.999999523 -0.000039916 0.000971687 0.195203841 0.000036962 0.999995351 0.003040198 -0.351281226 -0.000971804 -0.003040161 0.999994934 9.971215248
0.999999642 -0.000077415 0.000878565 0.203258023 0.000075058 0.999996424 0.002682985 -0.360349059 -0.000878769 -0.002682918 0.999996066 10.328295708
0.999999642 0.000401551 0.000675727 0.216845572 -0.000403610 0.999995172 0.003050216 -0.374779850 -0.000674499 -0.003050487 0.999995112 10.683357239
0.999999583 0.000142547 0.000823710 0.221180394 -0.000144968 0.999995649 0.002939764 -0.382131577 -0.000823288 -0.002939883 0.999995351 11.062462807
0.999999583 0.000318790 0.000814572 0.229632482 -0.000321343 0.999995053 0.003136575 -0.394515753 -0.000813568 -0.003136836 0.999994755 11.440762520
0.999999464 0.000320219 0.000959104 0.240069523 -0.000323482 0.999994159 0.003404527 -0.408971936 -0.000958008 -0.003404836 0.999993742 11.796419144
0.999999642 -0.000151107 0.000835743 0.248653919 0.000148467 0.999994993 0.003158859 -0.415311486 -0.000836216 -0.003158734 0.999994636 12.182816505
0.999998689 0.000608509 0.001475429 0.254884511 -0.000613270 0.999994576 0.003228136 -0.431463778 -0.001473457 -0.003229037 0.999993742 12.572113037
0.999998808 0.000422189 0.001423982 0.261979997 -0.000427444 0.999993086 0.003691898 -0.444884926 -0.001422414 -0.003692503 0.999992192 12.961453438
0.999999464 -0.000064528 0.000948585 0.283585608 0.000060771 0.999992073 0.003959686 -0.463041842 -0.000948833 -0.003959627 0.999991775 13.345501900
0.999998927 -0.000073492 0.001404776 0.284876794 0.000067485 0.999990880 0.004275732 -0.470505565 -0.001405076 -0.004275633 0.999989867 13.764055252
0.999998569 0.000553787 0.001607984 0.290217102 -0.000560306 0.999991596 0.004056959 -0.488129228 -0.001605724 -0.004057854 0.999990463 14.158029556
0.999997973 0.000648733 0.001896149 0.298489183 -0.000656689 0.999990940 0.004198505 -0.504054070 -0.001893408 -0.004199741 0.999989390 14.583844185
0.999997675 0.000602394 0.002071741 0.310176790 -0.000610738 0.999991715 0.004029026 -0.509009480 -0.002069297 -0.004030282 0.999989688 15.021997452
0.999996841 0.000632771 0.002417867 0.317798644 -0.000644332 0.999988317 0.004783316 -0.532361388 -0.002414812 -0.004784858 0.999985635 15.443471909
0.999997675 -0.000057575 0.002122950 0.343617260 0.000046709 0.999986827 0.005117896 -0.562232673 -0.002123216 -0.005117785 0.999984622 15.855322838
0.999997377 -0.000217785 0.002285726 0.356901288 0.000205604 0.999985754 0.005328075 -0.573844254 -0.002286854 -0.005327590 0.999983191 16.297611237
0.999997020 -0.000216279 0.002444010 0.365343928 0.000203806 0.999986947 0.005102514 -0.587808609 -0.002445081 -0.005102000 0.999984026 16.728099823
0.999994934 0.000311060 0.003161772 0.370096952 -0.000328013 0.999985516 0.005362461 -0.600061476 -0.003160059 -0.005363471 0.999980569 17.179910660
0.999993324 0.000611258 0.003602334 0.377110153 -0.000630905 0.999984860 0.005455588 -0.611565292 -0.003598945 -0.005457825 0.999978602 17.636884689
0.999994278 -0.000116644 0.003370526 0.388736188 0.000099375 0.999986887 0.005123095 -0.621645093 -0.003371080 -0.005122731 0.999981165 18.113798141
0.999991894 0.000265302 0.004032968 0.402754724 -0.000287702 0.999984562 0.005554538 -0.633776486 -0.004031432 -0.005555653 0.999976456 18.573188782
0.999990642 0.000120821 0.004331206 0.411381423 -0.000145694 0.999983549 0.005742833 -0.645449996 -0.004330441 -0.005743410 0.999974191 19.042253494
0.999992013 0.000217612 0.003983893 0.425814956 -0.000239947 0.999984205 0.005606665 -0.666918218 -0.003982611 -0.005607577 0.999976277 19.505073547
0.999991655 0.000273453 0.004074215 0.435611248 -0.000297836 0.999981999 0.005985259 -0.678799450 -0.004072506 -0.005986422 0.999973774 19.983228683
0.999990940 0.000195512 0.004242521 0.441344321 -0.000221071 0.999981761 0.006024859 -0.696238875 -0.004241265 -0.006025744 0.999972880 20.465631485
0.999990404 0.000618711 0.004346095 0.452212751 -0.000644524 0.999982178 0.005940467 -0.709275484 -0.004342343 -0.005943212 0.999972939 20.958377838
0.999995053 -0.000024121 0.003166094 0.468964159 0.000003849 0.999979496 0.006402708 -0.722474158 -0.003166184 -0.006402665 0.999974489 21.451539993
0.999995708 0.000170345 0.002924965 0.480281979 -0.000188007 0.999981761 0.006039429 -0.733019888 -0.002923883 -0.006039953 0.999977529 21.973125458
0.999995708 -0.000561545 0.002923023 0.484902143 0.000541072 0.999975264 0.007000068 -0.762360692 -0.002926883 -0.006998456 0.999971151 22.436923981
0.999996603 -0.000143636 0.002589897 0.485093296 0.000124138 0.999971628 0.007526899 -0.781684875 -0.002590905 -0.007526552 0.999968231 22.939096451
0.999998093 -0.001674844 0.001019133 0.523768961 0.001667328 0.999971747 0.007331491 -0.795907021 -0.001031384 -0.007329777 0.999972582 23.450166702
0.999996543 -0.002579944 0.000558744 0.531699181 0.002576003 0.999972701 0.006941880 -0.805940032 -0.000576638 -0.006940417 0.999975741 23.964622498
0.999998271 -0.001809062 -0.000226837 0.543732584 0.001810597 0.999974132 0.006959813 -0.815736890 0.000214240 -0.006960212 0.999975741 24.490215302
0.999998271 -0.001556657 -0.000987815 0.555490196 0.001563716 0.999972939 0.007186058 -0.829176545 0.000976602 -0.007187590 0.999973714 25.017890930
0.999997795 -0.001444497 -0.001488815 0.562274635 0.001455101 0.999973357 0.007146019 -0.838282108 0.001478453 -0.007148169 0.999973357 25.542800903
0.999997377 -0.001223765 -0.001891693 0.569685698 0.001237645 0.999972224 0.007353738 -0.854309976 0.001882642 -0.007356060 0.999971092 26.084608078
0.999996543 -0.001663615 -0.002003569 0.578884959 0.001679229 0.999968052 0.007816926 -0.864776015 0.001990500 -0.007820264 0.999967396 26.629205704
0.999994814 -0.001954316 -0.002550313 0.596734226 0.001974782 0.999965668 0.008046993 -0.882239997 0.002534498 -0.008051989 0.999964297 27.162418365
0.999995410 -0.001058584 -0.002818812 0.610939980 0.001080783 0.999968290 0.007885330 -0.900173724 0.002810375 -0.007888341 0.999964893 27.695430756
0.999993861 -0.001427320 -0.003197812 0.613968790 0.001454630 0.999962330 0.008553972 -0.913050711 0.003185482 -0.008558571 0.999958277 28.226539612
0.999991179 -0.001610527 -0.003880588 0.629727125 0.001644173 0.999960959 0.008682753 -0.927738726 0.003866453 -0.008689056 0.999954760 28.772075653
0.999988973 -0.001779501 -0.004347614 0.637067616 0.001816363 0.999962330 0.008489397 -0.938698590 0.004332343 -0.008497201 0.999954522 29.308666229
0.999988973 -0.001678884 -0.004384013 0.641605318 0.001717704 0.999959230 0.008866241 -0.953552902 0.004368949 -0.008873674 0.999951065 29.849590302
0.999990940 -0.001070829 -0.004123245 0.643186390 0.001104012 0.999966979 0.008053742 -0.958502889 0.004114484 -0.008058221 0.999959052 30.398523331
0.999988675 -0.001240453 -0.004577242 0.657379627 0.001279393 0.999962926 0.008514357 -0.974696159 0.004566511 -0.008520117 0.999953270 30.936927795
0.999987602 -0.000812724 -0.004913651 0.663654029 0.000853995 0.999964356 0.008403051 -0.988932252 0.004906646 -0.008407142 0.999952614 31.473772049
0.999984145 -0.001716962 -0.005367586 0.675693929 0.001762219 0.999962926 0.008438221 -1.000654936 0.005352899 -0.008447546 0.999949992 32.028610229
0.999984503 -0.001194563 -0.005432343 0.678485632 0.001243256 0.999958992 0.008968919 -1.010646820 0.005421407 -0.008975533 0.999945045 32.546421051
0.999984920 -0.000785441 -0.005431022 0.678955436 0.000827546 0.999969602 0.007754741 -1.012099028 0.005424767 -0.007759117 0.999955177 33.111331940
0.999983847 -0.000889798 -0.005614650 0.676469624 0.000936900 0.999964297 0.008392060 -1.034327865 0.005606981 -0.008397183 0.999949038 33.604480743
0.999984741 -0.000376052 -0.005517357 0.681564808 0.000426280 0.999958456 0.009105195 -1.059736252 0.005513703 -0.009107406 0.999943376 34.141185760
0.999986053 -0.000301317 -0.005275347 0.680910230 0.000348149 0.999960482 0.008878921 -1.075073957 0.005272462 -0.008880633 0.999946713 34.687675476
0.999979973 -0.001048195 -0.006238875 0.714149773 0.001107068 0.999954820 0.009440443 -1.088486433 0.006228698 -0.009447162 0.999935985 35.189544678
0.999983549 0.000134473 -0.005725970 0.711266875 -0.000087352 0.999966145 0.008228754 -1.084674597 0.005726884 -0.008228119 0.999949753 35.793972015
0.999979198 -0.000687267 -0.006409785 0.734648466 0.000749049 0.999953270 0.009641397 -1.113455176 0.006402860 -0.009645998 0.999932945 36.301734924
0.999982715 -0.001165191 -0.005758678 0.696645260 0.001225666 0.999944091 0.010509108 -1.139731884 0.005746111 -0.010515987 0.999928176 36.751316071
0.999969244 -0.003491257 -0.007028931 0.695473671 0.003572752 0.999926150 0.011615243 -1.175588965 0.006987860 -0.011639998 0.999907851 37.276252747
0.999965072 -0.003440306 -0.007621017 0.750144839 0.003527150 0.999928594 0.011411338 -1.166420221 0.007581215 -0.011437820 0.999905884 37.841476440
0.999974608 -0.001951483 -0.006852879 0.741617024 0.002020215 0.999947608 0.010037097 -1.151951551 0.006832933 -0.010050685 0.999926150 38.368522644
0.999967098 -0.002785625 -0.007604747 0.777658224 0.002864935 0.999941409 0.010438047 -1.156433105 0.007575226 -0.010459490 0.999916553 38.915500641
0.999973297 -0.001984110 -0.007036183 0.757779837 0.002051299 0.999952197 0.009554589 -1.207568645 0.007016889 -0.009568767 0.999929547 39.516624451
0.999959588 -0.002573991 -0.008620074 0.819689631 0.002664156 0.999941707 0.010464789 -1.263026476 0.008592634 -0.010487331 0.999908090 40.231700897
0.999965668 -0.002564820 -0.007872793 0.793126702 0.002647181 0.999941647 0.010468918 -1.256422281 0.007845483 -0.010489400 0.999914169 40.596500397
0.999971747 -0.002034411 -0.007237556 0.778610826 0.002106977 0.999947429 0.010032861 -1.255411625 0.007216766 -0.010047825 0.999923408 41.131534576
0.999968827 -0.001784184 -0.007697515 0.791836083 0.001861346 0.999948025 0.010028811 -1.263868093 0.007679221 -0.010042825 0.999920070 41.667190552
0.999968767 -0.002298954 -0.007551773 0.799194634 0.002374776 0.999946713 0.010046687 -1.271575809 0.007528274 -0.010064308 0.999921024 42.188808441
0.999970078 -0.001836010 -0.007516534 0.803030908 0.001913329 0.999945223 0.010292294 -1.292762518 0.007497225 -0.010306367 0.999918759 42.727020264
0.999968052 -0.002162556 -0.007695751 0.814307928 0.002242721 0.999943078 0.010423409 -1.303185821 0.007672774 -0.010440336 0.999916077 43.267261505
0.999959171 -0.003231502 -0.008429754 0.827395082 0.003327078 0.999930084 0.011348772 -1.324577570 0.008392490 -0.011376355 0.999899983 43.796501160
0.999966860 -0.002344098 -0.007797597 0.824843228 0.002424302 0.999944091 0.010292227 -1.321773052 0.007773036 -0.010310791 0.999916613 44.337150574
0.999966443 -0.002559460 -0.007797523 0.834756017 0.002638276 0.999945462 0.010114446 -1.332697868 0.007771209 -0.010134679 0.999918461 44.869815826
0.999966264 -0.002589131 -0.007813522 0.834295273 0.002671334 0.999940991 0.010528566 -1.345853329 0.007785804 -0.010549081 0.999913990 45.398773193
0.999967337 -0.002462021 -0.007701751 0.844350576 0.002542369 0.999942362 0.010440156 -1.358046412 0.007675603 -0.010459395 0.999915838 45.925365448
0.999965966 -0.002374853 -0.007901003 0.846076608 0.002460194 0.999938548 0.010809126 -1.371375680 0.007874848 -0.010828195 0.999910355 46.491165161
0.999970436 -0.002381233 -0.007311411 0.847768009 0.002460830 0.999937594 0.010897069 -1.380020380 0.007285006 -0.010914737 0.999913871 46.973239899
0.999966025 -0.002338877 -0.007908750 0.874090254 0.002424944 0.999937713 0.010890532 -1.382355452 0.007882786 -0.010909341 0.999909401 47.555164337
0.999968410 -0.002901979 -0.007398149 0.862460971 0.002984750 0.999932826 0.011201687 -1.407994270 0.007365144 -0.011223418 0.999909878 48.026256561
0.999963760 -0.003179216 -0.007897335 0.883705616 0.003268413 0.999930680 0.011307388 -1.424871564 0.007860839 -0.011332789 0.999904871 48.558658600
0.999967098 -0.002884730 -0.007585309 0.889016509 0.002971469 0.999930024 0.011448891 -1.435151815 0.007551751 -0.011471052 0.999905705 49.078659058
0.999966502 -0.002906517 -0.007650581 0.897248626 0.002993878 0.999930143 0.011432238 -1.443856835 0.007616817 -0.011454761 0.999905348 49.602466583
0.999968052 -0.002882670 -0.007454691 0.902143121 0.002966875 0.999931633 0.011309255 -1.455604911 0.007421583 -0.011331011 0.999908268 50.123661041
0.999967515 -0.002969970 -0.007495721 0.907485962 0.003054733 0.999931335 0.011322196 -1.460260630 0.007461579 -0.011344724 0.999907792 50.658096313
0.999967515 -0.002933624 -0.007507653 0.913366377 0.003018705 0.999931097 0.011346444 -1.469237804 0.007473850 -0.011368738 0.999907434 51.186283112
0.999970913 -0.002611174 -0.007164727 0.913021207 0.002692665 0.999931514 0.011387789 -1.479852080 0.007134501 -0.011406749 0.999909461 51.677707672
0.999971151 -0.002712930 -0.007105605 0.915488482 0.002794377 0.999930263 0.011477589 -1.493859053 0.007073972 -0.011497112 0.999908924 52.238265991
0.999970555 -0.002274436 -0.007346428 0.928391159 0.002358631 0.999931395 0.011472344 -1.511220694 0.007319833 -0.011489334 0.999907136 52.721401215
0.999974251 -0.002080668 -0.006863167 0.925597966 0.002160129 0.999930501 0.011590945 -1.529168844 0.006838573 -0.011605472 0.999909222 53.237171173
0.999980927 -0.000951014 -0.006094319 0.894127667 0.001023663 0.999928296 0.011928902 -1.545266151 0.006082537 -0.011934914 0.999910235 53.737998962
0.999976933 -0.001979296 -0.006483797 0.920582771 0.002055597 0.999928474 0.011782583 -1.562958002 0.006460014 -0.011795639 0.999909520 54.299335480
0.999972105 -0.001905995 -0.007234201 0.958232760 0.001986547 0.999935925 0.011144017 -1.543792009 0.007212497 -0.011158075 0.999911726 54.913120270
0.999970913 -0.002458306 -0.007212048 0.941101313 0.002544038 0.999925971 0.011902359 -1.582067251 0.007182256 -0.011920363 0.999903142 55.401657104
0.999973118 -0.002505859 -0.006878004 0.957792699 0.002588776 0.999923766 0.012073044 -1.591565847 0.006847228 -0.012090526 0.999903440 55.874080658
0.999973595 -0.002529850 -0.006814729 0.985393465 0.002618436 0.999911785 0.013021919 -1.623713493 0.006781183 -0.013039420 0.999891996 56.226936340
0.999964356 -0.002226594 -0.008151349 0.993726492 0.002320363 0.999931037 0.011512221 -1.580547094 0.008125152 -0.011530723 0.999900520 57.008415222
0.999972582 -0.002710834 -0.006882321 1.001312017 0.002800915 0.999910116 0.013113116 -1.651314616 0.006846155 -0.013132035 0.999890327 57.281024933
0.999972165 -0.002952121 -0.006851638 1.015807152 0.003040281 0.999912202 0.012892311 -1.658554077 0.006812979 -0.012912782 0.999893427 57.823688507
0.999972284 -0.003067971 -0.006805468 1.020663500 0.003155495 0.999911964 0.012887475 -1.661336303 0.006765331 -0.012908591 0.999893785 58.355197906
0.999974728 -0.002813769 -0.006547452 1.029633284 0.002901270 0.999906123 0.013393180 -1.677214622 0.006509153 -0.013411835 0.999888837 58.895698547
0.999972582 -0.002899789 -0.006813688 1.033212662 0.002991186 0.999905169 0.013442192 -1.682262659 0.006774065 -0.013462205 0.999886394 59.384796143
0.999973655 -0.002926035 -0.006641024 1.059336901 0.003015116 0.999905050 0.013443574 -1.698325396 0.006601057 -0.013463244 0.999887586 59.998535156
0.999972761 -0.002921844 -0.006778475 1.066773057 0.003010642 0.999909282 0.013126937 -1.697498322 0.006739506 -0.013146986 0.999890864 60.468494415
0.999963343 -0.003640820 -0.007743893 1.083410144 0.003741688 0.999907732 0.013051103 -1.711315870 0.007695664 -0.013079600 0.999884844 60.994659424
0.999970257 -0.003008969 -0.007101652 1.067847848 0.003100782 0.999911308 0.012953064 -1.707183957 0.007062048 -0.012974700 0.999890864 61.492572784
0.999961853 -0.002585336 -0.008346949 1.146430373 0.002700120 0.999901593 0.013769740 -1.724988699 0.008310526 -0.013791751 0.999870360 61.981853485
0.999951601 -0.004166571 -0.008916466 1.124551296 0.004282081 0.999906600 0.012975142 -1.736433983 0.008861573 -0.013012695 0.999876022 62.411666870
0.999961495 -0.003700689 -0.007945824 1.123435020 0.003819234 0.999880850 0.014956183 -1.788128853 0.007889530 -0.014985957 0.999856532 62.938343048
0.999957681 -0.004361395 -0.008095835 1.089946032 0.004479443 0.999883056 0.014620962 -1.822930694 0.008031121 -0.014656607 0.999860346 63.587921143
0.999964714 -0.002797067 -0.007923526 1.166659594 0.002911510 0.999891043 0.014468865 -1.782914996 0.007882193 -0.014491423 0.999863863 64.147048950
0.999966264 -0.003626412 -0.007363435 1.205895901 0.003724421 0.999904096 0.013340496 -1.736304760 0.007314350 -0.013367471 0.999883890 64.435630798
0.999965131 -0.003882655 -0.007391896 1.209411263 0.003973388 0.999916434 0.012299817 -1.739752650 0.007343523 -0.012328758 0.999897003 64.991714478
0.999967694 -0.003606500 -0.007179383 1.209354162 0.003691234 0.999923289 0.011824446 -1.744265676 0.007136187 -0.011850565 0.999904275 65.533134460
0.999969900 -0.003801728 -0.006763060 1.237158418 0.003882399 0.999921024 0.011955360 -1.750232935 0.006717075 -0.011981256 0.999905646 66.051750183
0.999948323 -0.006389482 -0.007907108 1.268532872 0.006487277 0.999902010 0.012404845 -1.692333817 0.007827073 -0.012455501 0.999891758 66.341583252
0.999967158 -0.003808610 -0.007162893 1.231645107 0.003900459 0.999909818 0.012853016 -1.800202608 0.007113294 -0.012880530 0.999891698 67.035858154
0.999949932 -0.005714784 -0.008215472 1.296350002 0.005822498 0.999896586 0.013147547 -1.731006384 0.008139486 -0.013194723 0.999879837 67.400955200
0.999966145 -0.004294547 -0.007017886 1.301299810 0.004394290 0.999888659 0.014259590 -1.828226328 0.006955867 -0.014289945 0.999873638 67.651443481
0.999973774 -0.003602554 -0.006284151 1.286214352 0.003693154 0.999888539 0.014465721 -1.848216772 0.006231337 -0.014488549 0.999875546 68.157188416
0.999970853 -0.003808149 -0.006604942 1.292624235 0.003904813 0.999884546 0.014684536 -1.861135602 0.006548258 -0.014709900 0.999870300 68.680160522
0.999968946 -0.004185493 -0.006681518 1.314771652 0.004283403 0.999882638 0.014707432 -1.880118728 0.006619174 -0.014735595 0.999869466 69.181137085
0.999971092 -0.004072087 -0.006424493 1.316100836 0.004169628 0.999875128 0.015242981 -1.905419827 0.006361620 -0.015269328 0.999863148 69.690391541
0.999971509 -0.003872878 -0.006473126 1.319225430 0.003969476 0.999879956 0.014977328 -1.921140075 0.006414345 -0.015002597 0.999866903 70.229316711
0.999975741 -0.003274340 -0.006148151 1.333265781 0.003364941 0.999885023 0.014784141 -1.930429220 0.006099037 -0.014804472 0.999871850 70.766502380
0.999975145 -0.003339621 -0.006204082 1.331004500 0.003431083 0.999884725 0.014790487 -1.936112523 0.006153972 -0.014811404 0.999871314 71.288909912
0.999973416 -0.003826613 -0.006222796 1.340690851 0.003917333 0.999885261 0.014632293 -1.944036365 0.006166093 -0.014656282 0.999873579 71.833282471
0.999975204 -0.003918169 -0.005849889 1.341586351 0.004003464 0.999884784 0.014640837 -1.955628395 0.005791850 -0.014663897 0.999875724 72.383483887
0.999976397 -0.003828609 -0.005701837 1.343213677 0.003911955 0.999884605 0.014678697 -1.961113453 0.005644980 -0.014700655 0.999875963 72.934661865
0.999971867 -0.004528575 -0.005979131 1.354403377 0.004614614 0.999884844 0.014455401 -1.974596381 0.005912980 -0.014482589 0.999877632 73.468093872
0.999971688 -0.004291899 -0.006183622 1.372947693 0.004379705 0.999888718 0.014256798 -1.981237411 0.006121746 -0.014283479 0.999879241 74.009872437
0.999976158 -0.003940329 -0.005673068 1.366878629 0.004023024 0.999884725 0.014639953 -2.017498016 0.005614730 -0.014662427 0.999876738 74.519729614
0.999972284 -0.004363317 -0.006037822 1.384558082 0.004450085 0.999885857 0.014432692 -1.999289989 0.005974160 -0.014459161 0.999877572 75.052154541
0.999978006 -0.003625054 -0.005557247 1.394099951 0.003706686 0.999884367 0.014750151 -2.044048309 0.005503133 -0.014770422 0.999875784 75.600425720
0.999979377 -0.003058881 -0.005644378 1.413091302 0.003141508 0.999887168 0.014688374 -2.060168028 0.005598810 -0.014705803 0.999876201 76.141151428
0.999978721 -0.003086675 -0.005736679 1.427257419 0.003174112 0.999877930 0.015295633 -2.073914528 0.005688766 -0.015313518 0.999866605 76.672660828
0.999980867 -0.002935522 -0.005447553 1.421452284 0.003016510 0.999884129 0.014918569 -2.078360081 0.005403130 -0.014934716 0.999873877 77.253555298
0.999980509 -0.003285824 -0.005301795 1.431667686 0.003362867 0.999887943 0.014588751 -2.087277412 0.005253264 -0.014606296 0.999879539 77.818168640
0.999989629 -0.002788780 -0.003604515 1.439738154 0.002842062 0.999885499 0.014862312 -2.100790739 0.003562655 -0.014872403 0.999882996 78.349029541
0.999994695 -0.002534826 -0.002040137 1.443462372 0.002564432 0.999889493 0.014642623 -2.115786791 0.002002795 -0.014647779 0.999890685 78.897178650
0.999996960 -0.002422991 -0.000698861 1.457164288 0.002432871 0.999891877 0.014500254 -2.128669739 0.000663653 -0.014501910 0.999894619 79.437171936
0.999996126 -0.002747813 0.000222333 1.459552407 0.002744179 0.999884307 0.014961639 -2.137874603 -0.000263418 -0.014960974 0.999888003 79.981101990
0.999991238 -0.001917786 0.003708085 1.471390724 0.001861879 0.999885440 0.015022324 -2.155145884 -0.003736469 -0.015015288 0.999880254 80.524009705
0.999971151 -0.002068100 0.007304891 1.495813131 0.001958125 0.999885142 0.015030201 -2.162386417 -0.007335137 -0.015015462 0.999860287 81.085266113
0.999948204 -0.002295410 0.009915616 1.515565395 0.002152010 0.999893248 0.014448570 -2.155895233 -0.009947724 -0.014426484 0.999846458 81.568107605
0.999897063 -0.003256825 0.013967890 1.547781587 0.003062928 0.999898970 0.013880607 -2.153192520 -0.014011687 -0.013836395 0.999806046 82.172706604
0.999796450 -0.002150336 0.020058639 1.569224596 0.001852465 0.999887943 0.014856789 -2.182350159 -0.020088337 -0.014816610 0.999688327 82.652755737
0.999671578 -0.002387947 0.025512531 1.615579128 0.001993535 0.999878347 0.015473808 -2.204839945 -0.025546379 -0.015417866 0.999554694 83.151268005
0.999465644 -0.002809956 0.032565106 1.585221767 0.002307417 0.999877751 0.015459131 -2.215940714 -0.032604564 -0.015375731 0.999350190 83.952323914
0.999136150 0.000134041 0.041554432 1.667407990 -0.000805559 0.999869406 0.016143639 -2.223320723 -0.041546844 -0.016163168 0.999005735 84.182922363
0.998805821 -0.003350078 0.048739605 1.679372549 0.002618873 0.999883175 0.015058403 -2.229479790 -0.048784364 -0.014912777 0.998697996 85.038017273
0.998439550 -0.003662144 0.055723447 1.732153893 0.002840467 0.999886155 0.014817678 -2.227686882 -0.055771373 -0.014636276 0.998336196 85.585884094
0.997907817 -0.003973524 0.064532429 1.788738251 0.003052628 0.999892175 0.014362627 -2.234648466 -0.064582549 -0.014135581 0.997812271 86.125549316
0.997193098 -0.003709642 0.074780688 1.852651596 0.002623765 0.999889791 0.014613835 -2.249576092 -0.074826650 -0.014376610 0.997092843 86.664901733
0.996479332 -0.004176706 0.083734930 1.906841278 0.002969662 0.999889970 0.014534430 -2.259454012 -0.083786406 -0.014234596 0.996382058 87.206718445
0.995758235 -0.004197494 0.091912553 1.973616123 0.002893010 0.999893248 0.014321299 -2.264038086 -0.091962866 -0.013994645 0.995664120 87.761344910
0.994735837 -0.004980572 0.102351472 2.059468746 0.003543826 0.999892652 0.014214423 -2.271704912 -0.102411285 -0.013776878 0.994646728 88.296630859
0.993576229 -0.004931674 0.113058552 2.142083168 0.003312472 0.999889255 0.014505187 -2.281317711 -0.113117591 -0.014037505 0.993482471 88.845458984
0.992472231 -0.005485187 0.122347102 2.230439186 0.003756323 0.999889791 0.014356999 -2.293210030 -0.122412361 -0.013789347 0.992383540 89.384567261
0.991055965 -0.005033893 0.133352056 2.326771736 0.003162677 0.999893606 0.014240255 -2.296658754 -0.133409575 -0.013691139 0.990966439 89.937744141
0.989329875 -0.005160801 0.145601422 2.428159714 0.003153546 0.999896824 0.014013400 -2.303927422 -0.145658731 -0.013404716 0.989244103 90.486511230
0.987708330 -0.005934284 0.156195670 2.542407990 0.003836852 0.999898434 0.013726312 -2.313766479 -0.156261265 -0.012958294 0.987630725 91.032333374
0.986123323 -0.006295394 0.165894896 2.652030945 0.004019209 0.999893188 0.014052790 -2.320166111 -0.165965602 -0.013191015 0.986043334 91.584228516
0.984081328 -0.006795807 0.177588686 2.777190208 0.004425384 0.999895751 0.013740526 -2.329916954 -0.177663580 -0.012735899 0.984008789 92.127380371
0.981728852 -0.006883594 0.190160692 2.903648376 0.004387167 0.999898553 0.013545849 -2.335915565 -0.190234661 -0.012464084 0.981659532 92.669288635
0.979569614 -0.007126714 0.200978935 3.035518646 0.004513450 0.999899268 0.013457915 -2.341123581 -0.201054603 -0.012275856 0.979503095 93.214340210
0.976781011 -0.007326426 0.214114815 3.178976059 0.004556262 0.999899447 0.013428398 -2.355048180 -0.214191645 -0.012141041 0.976716220 93.745689392
0.973792136 -0.007842974 0.227304250 3.331871033 0.004926096 0.999898136 0.013396933 -2.358549595 -0.227386191 -0.011926106 0.973731637 94.278701782
0.970995367 -0.007668481 0.238975346 3.485548019 0.004594605 0.999899447 0.013417155 -2.369541645 -0.239054233 -0.011929999 0.970932961 94.805412292
0.968017459 -0.009027015 0.250720769 3.671808243 0.005803834 0.999890804 0.013592089 -2.384832621 -0.250816077 -0.011702235 0.967964172 95.380348206
0.964276671 -0.008981230 0.264744848 3.850290298 0.005448717 0.999886096 0.014074448 -2.400871277 -0.264841050 -0.012129141 0.964215815 95.914024353
0.960686862 -0.009268681 0.277479500 4.033882141 0.005543210 0.999883711 0.014207584 -2.415491581 -0.277578920 -0.012110913 0.960626423 96.450668335
0.957481325 -0.010068440 0.288319468 4.232986450 0.006246753 0.999880016 0.014172067 -2.427806377 -0.288427681 -0.011768430 0.957429349 96.970298767
0.953161478 -0.010014600 0.302296132 4.433433533 0.005927767 0.999878168 0.014433737 -2.433769226 -0.302403867 -0.011965740 0.953104794 97.512741089
0.948772490 -0.010485002 0.315785974 4.641517639 0.006154098 0.999872863 0.014708793 -2.447205067 -0.315900058 -0.012011921 0.948716402 98.035865784
0.944770396 -0.011003370 0.327548236 4.840929031 0.006478466 0.999867916 0.014902402 -2.453557491 -0.327669024 -0.011957338 0.944716930 98.566635132
0.940320790 -0.010950363 0.340113103 5.058887482 0.006215594 0.999868035 0.015007555 -2.468659401 -0.340232551 -0.011997912 0.940264761 99.092224121
0.935038686 -0.011446364 0.354360729 5.284177780 0.006557153 0.999866009 0.014995000 -2.472762108 -0.354484946 -0.011697307 0.934988558 99.613998413
0.930277944 -0.011970626 0.366660118 5.510139465 0.006882567 0.999861062 0.015180990 -2.483372688 -0.366790861 -0.011598975 0.930231094 100.128540039
0.925505519 -0.012162029 0.378538758 5.733236313 0.006968125 0.999861896 0.015087782 -2.491993427 -0.378670037 -0.011326118 0.925462604 100.644050598
0.919636428 -0.012539881 0.392570555 5.980821609 0.007144767 0.999858916 0.015201152 -2.494843245 -0.392705798 -0.011174706 0.919596255 101.163002014
0.914218605 -0.013087237 0.405009985 6.235004425 0.007565519 0.999855340 0.015231247 -2.506329775 -0.405150771 -0.010860577 0.914185405 101.660949707
0.909523487 -0.014160377 0.415411264 6.492763519 0.008546541 0.999845266 0.015370088 -2.519294024 -0.415564656 -0.010429127 0.909503877 102.162582397
0.903982520 -0.014885155 0.427310199 6.761596680 0.009017081 0.999835253 0.015753001 -2.532460451 -0.427474320 -0.010387347 0.903967738 102.656867981
0.897571504 -0.015196331 0.440607101 7.029109955 0.009128693 0.999832034 0.015887456 -2.548164368 -0.440774679 -0.010237958 0.897559404 103.134918213
0.891695738 -0.016056146 0.452350408 7.309646606 0.009834949 0.999822021 0.016101466 -2.558287144 -0.452528477 -0.009908765 0.891694903 103.630439758
0.886266232 -0.017703041 0.462837696 7.594322205 0.011324815 0.999798775 0.016555864 -2.561446190 -0.463037729 -0.009431353 0.886288404 104.140609741
0.878774524 -0.016664669 0.476946175 7.877067566 0.010297799 0.999819577 0.015960338 -2.570153952 -0.477126032 -0.009114043 0.878787756 104.598724365
