1.000000000 0.000000000 0.000000000 0.000000000 0.000000000 1.000000000 0.000000000 0.000000000 0.000000000 0.000000000 1.000000000 0.000000000
1.000000000 0.000071365 -0.000030643 0.000300726 -0.000071365 1.000000000 0.000020728 0.000492920 0.000030644 -0.000020726 1.000000000 0.002209300
1.000000000 0.000026810 -0.000047335 0.001052475 -0.000026807 1.000000000 0.000063714 -0.001085708 0.000047337 -0.000063713 1.000000000 0.001025688
1.000000000 -0.000021049 -0.000028027 0.000540009 0.000021048 1.000000000 -0.000036569 0.000368562 0.000028028 0.000036568 1.000000000 -0.001611112
1.000000000 -0.000161916 -0.000119963 0.001487460 0.000161924 1.000000000 0.000063076 -0.000746107 0.000119953 -0.000063095 1.000000000 0.000126910
1.000000000 -0.000151053 -0.000114237 -0.000587788 0.000151058 1.000000000 0.000042193 -0.000080276 0.000114231 -0.000042210 1.000000000 -0.000614174
1.000000000 -0.000135421 -0.000059206 0.000755376 0.000135425 1.000000000 0.000055938 -0.000717326 0.000059198 -0.000055946 1.000000000 0.001306649
1.000000000 -0.000149733 -0.000062696 0.000112120 0.000149738 1.000000000 0.000077726 -0.000884690 0.000062684 -0.000077736 1.000000000 -0.000578413
1.000000000 -0.000022843 -0.000092417 0.000825841 0.000022849 1.000000000 0.000062830 0.000153648 0.000092416 -0.000062832 1.000000000 -0.001830705
1.000000000 -0.000016841 -0.000007224 -0.000395000 0.000016841 1.000000000 0.000050480 0.000531592 0.000007223 -0.000050480 1.000000000 0.002620689
1.000000000 -0.000072146 -0.000052386 0.000706151 0.000072147 1.000000000 0.000020366 0.000607897 0.000052385 -0.000020370 1.000000000 0.000158995
1.000000000 -0.000108423 -0.000122634 0.001103619 0.000108430 1.000000000 0.000056108 0.000055500 0.000122627 -0.000056121 1.000000000 -0.000503388
1.000000000 -0.000101650 -0.000049752 -0.000269844 0.000101649 1.000000000 -0.000017274 0.001383687 0.000049754 0.000017269 1.000000000 0.002263796
0.999999940 -0.000213286 -0.000129279 0.000873446 0.000213300 1.000000000 0.000107016 0.000132425 0.000129256 -0.000107044 1.000000000 -0.001466370
1.000000000 -0.000134683 -0.000146179 0.001244904 0.000134691 1.000000000 0.000049704 -0.000346772 0.000146172 -0.000049723 1.000000000 -0.001938069
1.000000000 -0.000151706 -0.000177592 0.003601517 0.000151728 1.000000000 0.000125672 -0.000592699 0.000177573 -0.000125699 1.000000000 -0.004910187
1.000000000 -0.000134230 -0.000084179 0.001623475 0.000134236 1.000000000 0.000073072 -0.000422994 0.000084169 -0.000073083 1.000000000 -0.003343363
1.000000000 -0.000065110 -0.000085713 0.002060599 0.000065113 1.000000000 0.000038886 -0.000453513 0.000085711 -0.000038891 1.000000000 -0.000530848
1.000000000 -0.000055100 -0.000137034 0.002321413 0.000055117 1.000000000 0.000117954 -0.000680819 0.000137027 -0.000117961 1.000000000 -0.003624530
0.999999940 -0.000230348 -0.000137390 0.001348585 0.000230358 1.000000000 0.000072902 -0.000313331 0.000137373 -0.000072934 1.000000000 -0.003339477
1.000000000 -0.000191310 -0.000107282 0.000894780 0.000191320 1.000000000 0.000093479 0.000343368 0.000107265 -0.000093500 1.000000000 0.001126992
1.000000000 -0.000204868 -0.000117525 0.000501182 0.000204881 1.000000000 0.000113594 -0.001791970 0.000117502 -0.000113618 1.000000000 -0.003945406
1.000000000 -0.000088490 -0.000164241 0.003594421 0.000088511 1.000000000 0.000129158 -0.000885393 0.000164230 -0.000129173 1.000000000 -0.002435198
1.000000000 -0.000080001 -0.000156197 0.003406781 0.000080016 1.000000000 0.000092732 -0.001325863 0.000156190 -0.000092744 1.000000000 -0.002099131
0.999999940 -0.000202012 -0.000191292 0.002896787 0.000202040 0.999999940 0.000143673 -0.001452591 0.000191263 -0.000143711 1.000000000 -0.005422085
0.999999940 -0.000185883 -0.000189496 0.002706681 0.000185900 1.000000000 0.000088901 0.000231014 0.000189479 -0.000088936 1.000000000 -0.001492037
1.000000000 -0.000159152 -0.000145329 0.003037519 0.000159162 1.000000000 0.000067779 0.000315802 0.000145318 -0.000067802 1.000000000 -0.002777100
0.999999940 -0.000235681 -0.000157226 0.003283971 0.000235697 0.999999940 0.000099541 -0.000606584 0.000157202 -0.000099578 1.000000000 -0.003640862
0.999999940 -0.000223713 -0.000106051 0.000283011 0.000223721 1.000000000 0.000072970 -0.000875329 0.000106035 -0.000072993 1.000000000 -0.002857966
1.000000000 -0.000066298 -0.000188669 0.002615251 0.000066326 1.000000000 0.000149497 -0.000788903 0.000188659 -0.000149510 1.000000000 -0.002969632
0.999999940 -0.000244507 -0.000209742 0.004350030 0.000244532 0.999999940 0.000119477 -0.000980112 0.000209713 -0.000119529 1.000000000 -0.003301993
0.999999940 -0.000178923 -0.000212367 0.003524192 0.000178949 1.000000000 0.000123183 -0.000684737 0.000212345 -0.000123221 0.999999940 -0.002696972
1.000000000 -0.000173648 -0.000153405 0.002571936 0.000173664 1.000000000 0.000105209 -0.000428443 0.000153387 -0.000105235 1.000000000 -0.004884639
1.000000000 -0.000081579 -0.000139466 0.002741626 0.000081589 1.000000000 0.000070161 -0.001054550 0.000139460 -0.000070172 1.000000000 -0.002910553
1.000000000 -0.000115240 -0.000139799 0.002566734 0.000115253 1.000000000 0.000097830 -0.000725148 0.000139787 -0.000097846 1.000000000 -0.001568047
0.999999940 -0.000194753 -0.000156260 0.002113978 0.000194776 1.000000000 0.000146981 -0.001619951 0.000156231 -0.000147012 1.000000000 -0.004975549
0.999999940 -0.000198312 -0.000218772 0.003182472 0.000198331 1.000000000 0.000088234 0.000208206 0.000218755 -0.000088277 1.000000000 -0.002564385
0.999999940 -0.000204442 -0.000207199 0.004082100 0.000204468 1.000000000 0.000125267 0.000412117 0.000207173 -0.000125309 1.000000000 -0.004317601
1.000000000 -0.000164244 -0.000114771 0.001036500 0.000164255 1.000000000 0.000090416 -0.000167084 0.000114756 -0.000090435 1.000000000 -0.003125999
0.999999940 -0.000170321 -0.000188240 0.002729963 0.000170349 1.000000000 0.000147374 -0.001342004 0.000188215 -0.000147406 1.000000000 -0.005026948
0.999999940 -0.000178790 -0.000213214 0.005005080 0.000178806 1.000000000 0.000076692 -0.001863373 0.000213201 -0.000076730 1.000000000 -0.001624497
1.000000000 -0.000234883 -0.000013107 0.000909938 0.000234876 0.999999821 -0.000533724 -0.002447000 0.000013232 0.000533721 0.999999881 0.050400920
1.000000000 -0.000050639 -0.000162103 0.003562722 0.000050458 0.999999344 -0.001119794 -0.004090272 0.000162159 0.001119785 0.999999344 0.141179696
1.000000000 -0.000162881 -0.000083881 0.003934680 0.000162758 0.999998927 -0.001470757 -0.007630119 0.000084120 0.001470743 0.999998927 0.259077013
1.000000000 -0.000137195 -0.000050412 0.006572226 0.000137125 0.999999046 -0.001386480 -0.011328083 0.000050602 0.001386473 0.999999046 0.393259585
1.000000000 -0.000052670 -0.000156865 0.010089507 0.000052490 0.999999344 -0.001147919 -0.018988911 0.000156925 0.001147911 0.999999344 0.528383136
1.000000000 0.000064652 -0.000076023 0.012046402 -0.000064736 0.999999404 -0.001108329 -0.021079611 0.000075951 0.001108334 0.999999404 0.686307013
1.000000000 -0.000023233 0.000084693 0.015582707 0.000023309 0.999999583 -0.000893355 -0.025241872 -0.000084672 0.000893357 0.999999583 0.846815109
0.999999940 0.000297136 0.000194801 0.011697062 -0.000296980 0.999999642 -0.000798965 -0.025335601 -0.000195038 0.000798907 0.999999642 1.028234005
1.000000000 0.000054801 -0.000216964 0.026168482 -0.000054919 0.999999821 -0.000547238 -0.038612146 0.000216934 0.000547250 0.999999821 1.188273311
1.000000000 0.000010922 -0.000014765 0.027420061 -0.000010926 0.999999940 -0.000277663 -0.041008238 0.000014762 0.000277663 0.999999940 1.365722060
1.000000000 0.000157951 -0.000101270 0.029156540 -0.000157984 0.999999940 -0.000325110 -0.049566764 0.000101219 0.000325126 0.999999940 1.577210307
1.000000000 0.000115930 0.000191938 0.033062704 -0.000115882 0.999999940 -0.000249596 -0.056406170 -0.000191967 0.000249574 0.999999940 1.773053050
0.999999762 0.000546802 -0.000398143 0.047562573 -0.000546734 0.999999821 0.000168866 -0.067471966 0.000398235 -0.000168648 0.999999881 1.973897219
0.999999523 0.000926072 -0.000229801 0.044806838 -0.000926027 0.999999583 0.000199296 -0.074238956 0.000229985 -0.000199083 0.999999940 2.186327696
0.999999642 0.000465715 -0.000658929 0.058469921 -0.000465438 0.999999762 0.000419805 -0.080112375 0.000659125 -0.000419498 0.999999702 2.399232626
0.999999762 0.000524574 -0.000300048 0.065193124 -0.000524474 0.999999821 0.000334094 -0.086826891 0.000300223 -0.000333936 0.999999881 2.614191771
0.999999821 0.000459242 -0.000259122 0.065742999 -0.000459106 0.999999762 0.000525416 -0.096473716 0.000259363 -0.000525297 0.999999821 2.843216419
0.999999821 0.000559818 -0.000041119 0.060244940 -0.000559799 0.999999702 0.000479556 -0.101411536 0.000041388 -0.000479533 0.999999821 3.095990896
0.999999881 0.000464128 0.000023029 0.064552091 -0.000464138 0.999999762 0.000440290 -0.108600572 -0.000022825 -0.000440300 0.999999881 3.341624260
0.999999940 0.000208662 -0.000036086 0.069678366 -0.000208637 0.999999642 0.000703055 -0.116484158 0.000036233 -0.000703047 0.999999762 3.575455189
0.999999940 0.000201568 -0.000223572 0.082292974 -0.000201353 0.999999404 0.000958894 -0.127672240 0.000223765 -0.000958849 0.999999583 3.838077068
0.999999940 -0.000224409 -0.000238973 0.082404681 0.000224602 0.999999642 0.000804743 -0.134440184 0.000238793 -0.000804796 0.999999642 4.091132164
0.999999940 0.000471434 -0.000031701 0.086769156 -0.000471401 0.999999404 0.001045649 -0.140014008 0.000032194 -0.001045634 0.999999464 4.350229740
1.000000000 0.000081305 -0.000063041 0.092502102 -0.000081232 0.999999285 0.001151090 -0.147252694 0.000063134 -0.001151085 0.999999285 4.607210159
1.000000000 -0.000002327 -0.000094190 0.097355083 0.000002450 0.999999106 0.001300180 -0.158643663 0.000094187 -0.001300180 0.999999166 4.859667301
0.999999940 -0.000180051 -0.000149687 0.098058261 0.000180293 0.999998629 0.001612004 -0.170252323 0.000149396 -0.001612031 0.999998689 5.112758636
0.999999821 0.000565697 0.000186862 0.106497660 -0.000565932 0.999999046 0.001257767 -0.174827769 -0.000186151 -0.001257873 0.999999166 5.355805874
0.999999821 0.000584766 0.000178040 0.114986263 -0.000585005 0.999998927 0.001341487 -0.185285136 -0.000177255 -0.001341591 0.999999046 5.621654510
0.999999642 0.000760644 0.000317680 0.118100621 -0.000761101 0.999998689 0.001442317 -0.191658571 -0.000316583 -0.001442558 0.999998927 5.899268627
1.000000000 -0.000037780 -0.000007025 0.124664769 0.000037790 0.999999106 0.001415487 -0.202269971 0.000006971 -0.001415487 0.999998987 6.172876835
0.999999642 0.000631804 0.000396501 0.129634306 -0.000632336 0.999998868 0.001344438 -0.207743332 -0.000395651 -0.001344688 0.999999046 6.464760303
0.999999344 0.001009677 0.000480606 0.128059909 -0.001010511 0.999997914 0.001738026 -0.223291993 -0.000478850 -0.001738510 0.999998391 6.719907761
0.999999464 0.000941647 0.000499049 0.134463921 -0.000942551 0.999997854 0.001813946 -0.229570538 -0.000497340 -0.001814415 0.999998271 7.022695065
0.999999940 0.000673393 0.000159824 0.151752025 -0.000673730 0.999997556 0.002117198 -0.247832522 -0.000158398 -0.002117305 0.999997795 7.292442322
0.999999344 0.000981023 0.000566633 0.152001649 -0.000982176 0.999997377 0.002037575 -0.255636692 -0.000564633 -0.002038131 0.999997795 7.613070965
0.999999642 0.000822222 0.000362742 0.164696708 -0.000823025 0.999997139 0.002218889 -0.275324106 -0.000360917 -0.002219187 0.999997556 7.930032730
0.999999404 0.000930363 0.000563218 0.165296450 -0.000931384 0.999997914 0.001814684 -0.268635660 -0.000561529 -0.001815208 0.999998212 8.250276566
0.999999762 0.000125268 0.000667188 0.161680967 -0.000126728 0.999997616 0.002188898 -0.284627527 -0.000666913 -0.002188982 0.999997377 8.563478470
0.999999702 0.000334246 0.000744179 0.167782456 -0.000336042 0.999997139 0.002415039 -0.291673392 -0.000743369 -0.002415288 0.999996781 8.900637627
0.999999464 0.000369699 0.000904699 0.171288505 -0.000371837 0.999997139 0.002364297 -0.301031053 -0.000903822 -0.002364632 0.999996781 9.236242294
0.999998868 0.000922055 0.001165888 0.178575218 -0.000924790 0.999996841 0.002348041 -0.309864968 -0.001163719 -0.002349116 0.999996603 9.574945450
0.999999046 0.001014124 0.001035585 0.188757315 -0.001016454 0.999996960 0.002251612 -0.328018934 -0.001033299 -0.002252661 0.999996901 9.924990654
0.999999344 0.000541623 0.000997756 0.194654942 -0.000543807 0.999997437 0.002190056 -0.337327570 -0.000996567 -0.002190597 0.999997079 10.293692589
0.999998927 0.000735401 0.001230727 0.205368727 -0.000738701 0.999996126 0.002682668 -0.351843446 -0.001228749 -0.002683575 0.999995589 10.648332596
0.999999225 0.000685697 0.001048434 0.210899308 -0.000688456 0.999996305 0.002633125 -0.362204760 -0.001046625 -0.002633845 0.999995947 10.995087624
0.999999464 0.000416983 0.000977168 0.223467156 -0.000419613 0.999996245 0.002693552 -0.373308301 -0.000976041 -0.002693960 0.999995887 11.369373322
0.999998033 0.001386512 0.001415296 0.223983884 -0.001390294 0.999995470 0.002674316 -0.380314291 -0.001411581 -0.002676278 0.999995410 11.767424583
0.999998927 0.000709084 0.001276085 0.231306508 -0.000712569 0.999996066 0.002732866 -0.390300870 -0.001274142 -0.002733773 0.999995530 12.148513794
0.999998748 0.000942254 0.001254887 0.240263015 -0.000945664 0.999995887 0.002719553 -0.400123984 -0.001252319 -0.002720737 0.999995589 12.530523300
0.999999642 -0.000094712 0.000809509 0.259829819 0.000092117 0.999994814 0.003205204 -0.428984076 -0.000809808 -0.003205128 0.999994516 12.868168831
0.999999821 -0.000436063 0.000272436 0.278996170 0.000435236 0.999995351 0.003026012 -0.441504657 -0.000273755 -0.003025893 0.999995351 13.271855354
0.999999642 -0.000586659 0.000537401 0.284235239 0.000584901 0.999994457 0.003266843 -0.451308846 -0.000539315 -0.003266528 0.999994457 13.667767525
0.999999583 0.000150229 0.000873629 0.287515044 -0.000153593 0.999992609 0.003851908 -0.468341827 -0.000873044 -0.003852042 0.999992132 14.099529266
0.999999225 0.000158184 0.001217510 0.295282036 -0.000162655 0.999993265 0.003673222 -0.488709569 -0.001216921 -0.003673417 0.999992490 14.467281342
0.999998808 -0.000710813 0.001385531 0.306207597 0.000705386 0.999992073 0.003913161 -0.498302460 -0.001388301 -0.003912179 0.999991417 14.894482613
0.999998450 -0.000269076 0.001685386 0.315384507 0.000262042 0.999991238 0.004172950 -0.514745414 -0.001686495 -0.004172501 0.999989867 15.324486732
0.999998569 -0.000335947 0.001743059 0.326786935 0.000328939 0.999991834 0.004019350 -0.525939226 -0.001744396 -0.004018771 0.999990344 15.737652779
0.999997914 0.000032233 0.002038645 0.338008791 -0.000040797 0.999991179 0.004200658 -0.538735092 -0.002038491 -0.004200732 0.999989092 16.180028915
0.999998033 -0.000694203 0.001846708 0.353109807 0.000686579 0.999991298 0.004126237 -0.553021550 -0.001849556 -0.004124960 0.999989808 16.624254227
0.999996841 -0.000259768 0.002493491 0.353240430 0.000249165 0.999990880 0.004251815 -0.576091528 -0.002494573 -0.004251181 0.999987841 17.041730881
0.999995947 -0.000477962 0.002808118 0.362329543 0.000465549 0.999990106 0.004419402 -0.585318208 -0.002810202 -0.004418077 0.999986291 17.513830185
0.999995351 -0.000807466 0.002932366 0.381046295 0.000794677 0.999990165 0.004359894 -0.599415183 -0.002935857 -0.004357543 0.999986231 17.971635818
0.999994278 -0.001043380 0.003198093 0.383250356 0.001027300 0.999986947 0.005025196 -0.620871186 -0.003203294 -0.005021882 0.999982178 18.387502670
0.999994516 -0.000588188 0.003257818 0.394232869 0.000571239 0.999986291 0.005200858 -0.634087443 -0.003260833 -0.005198968 0.999981105 18.855514526
0.999994218 -0.000105554 0.003381945 0.412086308 0.000088688 0.999987602 0.004986685 -0.643055201 -0.003382430 -0.004986356 0.999981761 19.346319199
0.999994338 -0.000463582 0.003342322 0.419917047 0.000445620 0.999985516 0.005372625 -0.663882375 -0.003344765 -0.005371105 0.999979913 19.799474716
0.999994993 -0.001313420 0.002868494 0.431775033 0.001297571 0.999983907 0.005520061 -0.694126606 -0.002875698 -0.005516312 0.999980569 20.247543335
0.999995708 -0.001475482 0.002524768 0.439132303 0.001461353 0.999983251 0.005589102 -0.706382453 -0.002532973 -0.005585388 0.999981105 20.740657806
0.999996781 -0.001874974 0.001753083 0.456022173 0.001865458 0.999983609 0.005414249 -0.709721804 -0.001763206 -0.005410961 0.999983788 21.245862961
0.999998093 -0.001191037 0.001560824 0.447731882 0.001181865 0.999982059 0.005864336 -0.744425774 -0.001567781 -0.005862481 0.999981523 21.703596115
0.999998450 -0.001097077 0.001354602 0.460097939 0.001088950 0.999981463 0.005985920 -0.749981821 -0.001361144 -0.005984436 0.999981105 22.202072144
0.999998093 -0.001797053 0.000853301 0.469612420 0.001792053 0.999981463 0.005825131 -0.762279451 -0.000863753 -0.005823591 0.999982595 22.727172852
0.999998689 -0.001405682 0.000742431 0.472182274 0.001400925 0.999978721 0.006368687 -0.784632683 -0.000751368 -0.006367640 0.999979377 23.115880966
0.999998748 -0.001432503 0.000604915 0.473499686 0.001428983 0.999982238 0.005779350 -0.793946326 -0.000613184 -0.005778478 0.999983132 23.636869431
0.999999821 -0.000641446 -0.000230672 0.488686025 0.000642809 0.999982119 0.005956881 -0.801180542 0.000226847 -0.005957028 0.999982238 24.173906326
0.999998152 -0.001356582 -0.001339146 0.495615155 0.001365248 0.999977946 0.006491784 -0.823639691 0.001330310 -0.006493601 0.999978006 24.640291214
0.999996781 -0.001407919 -0.002096010 0.501914859 0.001422117 0.999975979 0.006787702 -0.834012806 0.002086403 -0.006790662 0.999974787 25.183887482
0.999995708 -0.001524897 -0.002502079 0.512680531 0.001540803 0.999978542 0.006367601 -0.845726967 0.002492316 -0.006371429 0.999976575 25.731313705
0.999993265 -0.002314443 -0.002846579 0.519439578 0.002334573 0.999972165 0.007088504 -0.859384298 0.002830093 -0.007095101 0.999970853 26.186079025
0.999989450 -0.002647788 -0.003749677 0.540498674 0.002676876 0.999966145 0.007773687 -0.882982075 0.003728967 -0.007783643 0.999962747 26.735687256
0.999990761 -0.001553598 -0.003988976 0.546871126 0.001583777 0.999970078 0.007573509 -0.896872401 0.003977090 -0.007579758 0.999963403 27.263463974
0.999990344 -0.001145446 -0.004242519 0.558181942 0.001174408 0.999976039 0.006830269 -0.899520516 0.004234593 -0.006835185 0.999967694 27.787343979
0.999989510 -0.001347734 -0.004378603 0.551733673 0.001381380 0.999969423 0.007690115 -0.922689855 0.004368105 -0.007696083 0.999960780 28.243560791
0.999988019 -0.001225730 -0.004744743 0.561636627 0.001260592 0.999972165 0.007351589 -0.932730258 0.004735600 -0.007357482 0.999961734 28.793664932
0.999985218 -0.000881818 -0.005377188 0.570886254 0.000920254 0.999974012 0.007149721 -0.942042649 0.005370744 -0.007154563 0.999959946 29.344120026
0.999985158 -0.001211102 -0.005307099 0.574448347 0.001250715 0.999971330 0.007467272 -0.956877351 0.005297903 -0.007473799 0.999958038 29.901227951
0.999983370 -0.001841130 -0.005469420 0.583281696 0.001884599 0.999966562 0.007953192 -0.971162021 0.005454596 -0.007963367 0.999953389 30.351633072
0.999982595 -0.001667190 -0.005665358 0.595869899 0.001712236 0.999966919 0.007955504 -0.989592552 0.005651906 -0.007965066 0.999952316 30.890150070
0.999978840 -0.001939434 -0.006208034 0.610857010 0.001987525 0.999968052 0.007749831 -1.006343246 0.006192806 -0.007762006 0.999950647 31.417324066
0.999978542 -0.002317716 -0.006129318 0.613587439 0.002366430 0.999965608 0.007952305 -1.008519650 0.006110677 -0.007966639 0.999949634 31.977872849
0.999978900 -0.001747335 -0.006261322 0.599626541 0.001794342 0.999970257 0.007509777 -1.015358925 0.006248014 -0.007520854 0.999952137 32.477191925
0.999977827 -0.001731215 -0.006426654 0.612648726 0.001782605 0.999966443 0.007999308 -1.038993478 0.006412589 -0.008010588 0.999947369 32.898544312
0.999974608 -0.001549173 -0.006953241 0.621678412 0.001604384 0.999967158 0.007941863 -1.050715804 0.006940708 -0.007952817 0.999944329 33.443988800
0.999971747 -0.001990803 -0.007243551 0.637796164 0.002049028 0.999965549 0.008039599 -1.066292167 0.007227296 -0.008054214 0.999941468 33.971538544
0.999971569 -0.001716525 -0.007339213 0.643013656 0.001774845 0.999966860 0.007947217 -1.072768688 0.007325327 -0.007960018 0.999941528 34.496917725
0.999973178 -0.001692781 -0.007120861 0.650993705 0.001747377 0.999969006 0.007667835 -1.075979829 0.007107661 -0.007680074 0.999945283 35.050437927
0.999970734 -0.001956255 -0.007398366 0.645930052 0.002020118 0.999960661 0.008634388 -1.125149727 0.007381184 -0.008649082 0.999935329 35.493164062
0.999969542 -0.001671040 -0.007622471 0.648321390 0.001736474 0.999961615 0.008585921 -1.136772990 0.007607832 -0.008598895 0.999934018 36.029460907
0.999964237 -0.002507619 -0.008076307 0.657844901 0.002579328 0.999957204 0.008880841 -1.153189659 0.008053692 -0.008901355 0.999927938 36.590450287
0.999964178 -0.002256315 -0.008155634 0.667964995 0.002326561 0.999960184 0.008614103 -1.155227184 0.008135873 -0.008632769 0.999929667 37.119880676
0.999967873 -0.001537521 -0.007864827 0.667442322 0.001605321 0.999961555 0.008621631 -1.168455124 0.007851269 -0.008633981 0.999931872 37.655406952
0.999967515 -0.001638215 -0.007897918 0.671897292 0.001702473 0.999965489 0.008136211 -1.167791128 0.007884317 -0.008149395 0.999935687 38.166358948
0.999963939 -0.002142262 -0.008214661 0.686624944 0.002219429 0.999953389 0.009396282 -1.224198341 0.008194149 -0.009414176 0.999922097 38.666553497
0.999959767 -0.002734054 -0.008542011 0.704597592 0.002818764 0.999946773 0.009920618 -1.243348479 0.008514432 -0.009944296 0.999914229 39.191490173
0.999960065 -0.002772582 -0.008498898 0.702012181 0.002856309 0.999947429 0.009855318 -1.251243472 0.008471127 -0.009879202 0.999915242 39.770278931
0.999960303 -0.002443962 -0.008566556 0.710173965 0.002528725 0.999947846 0.009897893 -1.265661955 0.008541920 -0.009919164 0.999914289 40.313449860
0.999963164 -0.001788031 -0.008393415 0.713199079 0.001865417 0.999955773 0.009221120 -1.260552287 0.008376556 -0.009236437 0.999922276 40.885059357
0.999959052 -0.002235697 -0.008779314 0.711669922 0.002322896 0.999947965 0.009934634 -1.302218199 0.008756648 -0.009954620 0.999912083 41.266960144
0.999955714 -0.002419607 -0.009090153 0.722348332 0.002510986 0.999946356 0.010054654 -1.310785294 0.009065337 -0.010077035 0.999908090 41.815921783
0.999950171 -0.003018415 -0.009511094 0.732214928 0.003112151 0.999946654 0.009856104 -1.324388742 0.009480835 -0.009885214 0.999906182 42.369304657
0.999956965 -0.002185486 -0.009008092 0.738126516 0.002273794 0.999949336 0.009804619 -1.332609653 0.008986207 -0.009824680 0.999911368 42.907539368
0.999956131 -0.002741858 -0.008946793 0.730036080 0.002835757 0.999940872 0.010499552 -1.354057908 0.008917476 -0.010524464 0.999904811 43.365970612
0.999956191 -0.003086348 -0.008834466 0.737358451 0.003180139 0.999938548 0.010622269 -1.366120815 0.008801139 -0.010649899 0.999904513 43.921081543
0.999955535 -0.002935798 -0.008951152 0.757394671 0.003029942 0.999940038 0.010522190 -1.374021053 0.008919725 -0.010548845 0.999904573 44.454910278
0.999955416 -0.002611786 -0.009077023 0.748051286 0.002709420 0.999938428 0.010760563 -1.390485883 0.009048362 -0.010784679 0.999900818 44.940498352
0.999954522 -0.002249036 -0.009270860 0.759603024 0.002349328 0.999938667 0.010821398 -1.401292682 0.009245954 -0.010842686 0.999898374 45.492767334
0.999956310 -0.002216251 -0.009086601 0.763687134 0.002316243 0.999936700 0.011008650 -1.413863897 0.009061628 -0.011029215 0.999898076 46.052124023
0.999957085 -0.002088349 -0.009026995 0.767872334 0.002186777 0.999938130 0.010907710 -1.420375824 0.009003657 -0.010926981 0.999899685 46.545558929
0.999956965 -0.002200687 -0.009015053 0.770628333 0.002300187 0.999936402 0.011041662 -1.435796976 0.008990181 -0.011061920 0.999898374 46.995731354
0.999957025 -0.002105318 -0.009036688 0.780554652 0.002203640 0.999938369 0.010884114 -1.445213795 0.009013218 -0.010903558 0.999899924 47.546253204
0.999957323 -0.001820364 -0.009069569 0.792719185 0.001918567 0.999939561 0.010830804 -1.452414751 0.009049307 -0.010847740 0.999900222 48.087848663
0.999950111 -0.002809498 -0.009582294 0.796795189 0.002916958 0.999932826 0.011219047 -1.468932629 0.009550132 -0.011246437 0.999891162 48.549617767
0.999942243 -0.003609777 -0.010115402 0.809007406 0.003720422 0.999933183 0.010940910 -1.478166342 0.010075233 -0.010977913 0.999889016 49.092945099
0.999947548 -0.002924813 -0.009822798 0.801169515 0.003034658 0.999932826 0.011186458 -1.488545775 0.009789420 -0.011215679 0.999889135 49.658645630
0.999951422 -0.002546478 -0.009519947 0.808757842 0.002653182 0.999933600 0.011212669 -1.495403767 0.009490762 -0.011237383 0.999891818 50.109848022
0.999949634 -0.002838898 -0.009625099 0.818435669 0.002942881 0.999937236 0.010806384 -1.502091408 0.009593816 -0.010834165 0.999895334 50.667957306
0.999951243 -0.002441524 -0.009570504 0.823991299 0.002548338 0.999934435 0.011164585 -1.513794184 0.009542618 -0.011188428 0.999891818 51.147998810
0.999947309 -0.002786392 -0.009879874 0.834605038 0.002896994 0.999933124 0.011198117 -1.529005051 0.009848011 -0.011226149 0.999888420 51.686008453
0.999953568 -0.002271472 -0.009363576 0.828073859 0.002373205 0.999938071 0.010868017 -1.531502008 0.009338311 -0.010889732 0.999897063 52.187465668
0.999951482 -0.002062703 -0.009622248 0.833194375 0.002168012 0.999937713 0.010946778 -1.541395426 0.009599067 -0.010967108 0.999893785 52.732326508
0.999955475 -0.001877649 -0.009245709 0.833347023 0.001976555 0.999940813 0.010699973 -1.551976442 0.009225070 -0.010717770 0.999899983 53.299476624
0.999954641 -0.002124036 -0.009284137 0.844993532 0.002224677 0.999938786 0.010843237 -1.562638521 0.009260537 -0.010863401 0.999898076 53.834358215
0.999954343 -0.002274579 -0.009283938 0.851990819 0.002379770 0.999932945 0.011335140 -1.571812987 0.009257530 -0.011356716 0.999892652 54.234462738
0.999953032 -0.002792636 -0.009279504 0.859992802 0.002894985 0.999934971 0.011034526 -1.579980373 0.009248083 -0.011060875 0.999896049 54.778839111
0.999955535 -0.002350149 -0.009134685 0.859109700 0.002449790 0.999937534 0.010912172 -1.585485935 0.009108467 -0.010934067 0.999898732 55.329895020
0.999956787 -0.002438809 -0.008974869 0.858088255 0.002538144 0.999935508 0.011073383 -1.602523327 0.008947283 -0.011095683 0.999898374 55.874111176
0.999958813 -0.001932399 -0.008861111 0.869867861 0.002031720 0.999935091 0.011213497 -1.612957954 0.008838865 -0.011231039 0.999897838 56.293598175
0.999958575 -0.001678456 -0.008941981 0.877926886 0.001780464 0.999933362 0.011412094 -1.622019291 0.008922229 -0.011427541 0.999894917 56.837684631
0.999957383 -0.001730456 -0.009064017 0.887623727 0.001833019 0.999934316 0.011319347 -1.633153200 0.009043831 -0.011335479 0.999894857 57.368362427
0.999960721 -0.001587273 -0.008717276 0.889405787 0.001690343 0.999928653 0.011829048 -1.645558715 0.008697877 -0.011843320 0.999891996 57.900592804
0.999957383 -0.002023765 -0.009002553 0.892931461 0.002125244 0.999934077 0.011277023 -1.644165874 0.008979138 -0.011295677 0.999895811 58.352005005
0.999958515 -0.001994059 -0.008891865 0.902671754 0.002090222 0.999939263 0.010818532 -1.653584719 0.008869751 -0.010836667 0.999901891 58.901237488
0.999955356 -0.001846678 -0.009270836 0.930208623 0.001953887 0.999931157 0.011568348 -1.669767618 0.009248833 -0.011585946 0.999890029 59.436958313
0.999952197 -0.002433159 -0.009467132 0.927919209 0.002541186 0.999931574 0.011415496 -1.674949169 0.009438707 -0.011439008 0.999889970 59.995033264
0.999954343 -0.002479169 -0.009233546 0.934194982 0.002582868 0.999933541 0.011235710 -1.691421747 0.009205076 -0.011259046 0.999894261 60.496810913
0.999950349 -0.002528393 -0.009638092 0.965178847 0.002638735 0.999930918 0.011453043 -1.696645737 0.009608467 -0.011477907 0.999887943 60.931583405
0.999955893 -0.001711581 -0.009229972 0.951971173 0.001819227 0.999930263 0.011666892 -1.721324921 0.009209361 -0.011683172 0.999889314 61.469814301
0.999957263 -0.001618235 -0.009101217 0.952410340 0.001720491 0.999935389 0.011238920 -1.724398017 0.009082442 -0.011254099 0.999895394 61.997509003
0.999959290 -0.001241397 -0.008943009 0.954515338 0.001345079 0.999931812 0.011596943 -1.742093682 0.008928007 -0.011608500 0.999892712 62.545875549
0.999962032 -0.000601901 -0.008701434 0.944617093 0.000699241 0.999937117 0.011187914 -1.748220801 0.008694154 -0.011193573 0.999899566 63.092662811
0.999957204 -0.001809827 -0.009064564 0.963660300 0.001916431 0.999928892 0.011765741 -1.759706497 0.009042623 -0.011782612 0.999889612 63.539283752
0.999958873 -0.001646751 -0.008912886 0.965994239 0.001749265 0.999932230 0.011506196 -1.764163494 0.008893335 -0.011521315 0.999894023 64.096885681
0.999959588 -0.000831787 -0.008944041 0.972121298 0.000934721 0.999933302 0.011510645 -1.774430275 0.008933869 -0.011518540 0.999893725 64.634086609
0.999954939 -0.001861592 -0.009305173 0.983113050 0.001968320 0.999932230 0.011473826 -1.789870024 0.009283180 -0.011491627 0.999890804 65.158958435
0.999957860 -0.001468082 -0.009056172 0.987479985 0.001574804 0.999929249 0.011788637 -1.811180592 0.009038226 -0.011802406 0.999889433 65.591415405
0.999963105 -0.000722543 -0.008554768 0.995053113 0.000824939 0.999927998 0.011972055 -1.822973013 0.008545505 -0.011978671 0.999891698 66.124015808
0.999963999 -0.000876663 -0.008436032 0.982402861 0.000973781 0.999933183 0.011515070 -1.819754601 0.008425375 -0.011522871 0.999898016 66.712585449
0.999961078 -0.000855760 -0.008781174 0.996306479 0.000956037 0.999934256 0.011421735 -1.833920717 0.008770825 -0.011429687 0.999896169 67.206047058
0.999963760 -0.000779423 -0.008474416 0.999793828 0.000875886 0.999934793 0.011385105 -1.830729961 0.008464988 -0.011392117 0.999899209 67.718849182
0.999962747 -0.000745866 -0.008602233 1.007001519 0.000848053 0.999929070 0.011881627 -1.850773692 0.008592758 -0.011888481 0.999892414 68.170860291
0.999962687 -0.001395074 -0.008524043 1.014813304 0.001493883 0.999931753 0.011596402 -1.858047962 0.008507282 -0.011608704 0.999896467 68.718032837
0.999960244 -0.001494146 -0.008786255 1.019119263 0.001594165 0.999933898 0.011387683 -1.862889409 0.008768660 -0.011401237 0.999896586 69.267967224
0.999965072 -0.000539635 -0.008337937 1.025121212 0.000639827 0.999927640 0.012018507 -1.887320161 0.008330847 -0.012023422 0.999893069 69.757804871
0.999955475 -0.001927818 -0.009232667 1.044529319 0.002037585 0.999927163 0.011894358 -1.898543835 0.009209066 -0.011912640 0.999886572 70.287170410
0.999958217 -0.001334518 -0.009045870 1.035203457 0.001444360 0.999925196 0.012147185 -1.900060892 0.009028982 -0.012159742 0.999885321 70.799858093
0.999956787 -0.001942037 -0.009090154 1.045620799 0.002055360 0.999920070 0.012473783 -1.911273360 0.009065203 -0.012491927 0.999880910 71.358482361
0.999954879 -0.002017851 -0.009287048 1.055290341 0.002131802 0.999922395 0.012276448 -1.924556732 0.009261553 -0.012295691 0.999881566 71.905647278
0.999953270 -0.002138991 -0.009434525 1.066604614 0.002250225 0.999927938 0.011795217 -1.932932854 0.009408615 -0.011815893 0.999885917 72.461395264
0.999955773 -0.001825537 -0.009224327 1.076874495 0.001936669 0.999925494 0.012053233 -1.939385056 0.009201636 -0.012070561 0.999884844 72.914505005
0.999958813 -0.001461997 -0.008958334 1.068089247 0.001572518 0.999922574 0.012342681 -1.963403583 0.008939594 -0.012356260 0.999883711 73.422485352
0.999959111 -0.001458439 -0.008924855 1.072667122 0.001567550 0.999923944 0.012230772 -1.970720530 0.008906337 -0.012244261 0.999885380 73.977554321
0.999956250 -0.002033487 -0.009139638 1.083481312 0.002147995 0.999919116 0.012536381 -1.988774061 0.009113409 -0.012555465 0.999879658 74.500335693
0.999952853 -0.001975305 -0.009509999 1.095061898 0.002094676 0.999918818 0.012558644 -2.000860214 0.009484422 -0.012577971 0.999875903 75.055557251
0.999959290 -0.001958215 -0.008811820 1.089361668 0.002064188 0.999925435 0.012033347 -2.008115768 0.008787601 -0.012051047 0.999888778 75.551383972
0.999962866 -0.001272813 -0.008518567 1.085782528 0.001375722 0.999925971 0.012085533 -2.010654688 0.008502557 -0.012096805 0.999890625 76.044822693
0.999963045 -0.000995659 -0.008531275 1.095587730 0.001099599 0.999925077 0.012187477 -2.024480104 0.008518502 -0.012196410 0.999889314 76.585700989
0.999964893 -0.000792073 -0.008340133 1.097154617 0.000894195 0.999924541 0.012248079 -2.036093235 0.008329804 -0.012255106 0.999890149 77.109817505
0.999966264 -0.001224011 -0.008125877 1.102331519 0.001322524 0.999925554 0.012129136 -2.037496328 0.008110426 -0.012139475 0.999893427 77.664367676
0.999975204 -0.000808683 -0.007003506 1.107925415 0.000890798 0.999930739 0.011729677 -2.044216871 0.006993535 -0.011735625 0.999906659 78.204788208
0.999984980 -0.000664022 -0.005438759 1.111802459 0.000729740 0.999926627 0.012090127 -2.056488752 0.005430331 -0.012093915 0.999912143 78.749885559
0.999991834 -0.001023499 -0.003901242 1.125343800 0.001070276 0.999927342 0.012007319 -2.064789295 0.003888669 -0.012011395 0.999920309 79.287216187
0.999999583 -0.000811295 -0.000459034 1.143816948 0.000816733 0.999927998 0.011973166 -2.073623657 0.000449287 -0.011973533 0.999928176 79.830574036
0.999994814 -0.000826648 0.003096897 1.167977095 0.000787255 0.999918997 0.012699801 -2.088779449 -0.003107144 -0.012697296 0.999914527 80.370956421
0.999981344 -0.000953307 0.006039100 1.176689506 0.000879526 0.999925077 0.012208124 -2.093791723 -0.006050285 -0.012202584 0.999907196 80.916297913
0.999939442 -0.000936763 0.010963736 1.193266392 0.000805180 0.999927700 0.011999918 -2.092755795 -0.010974185 -0.011990366 0.999867916 81.469459534
0.999851763 -0.000993256 0.017184287 1.209081411 0.000786418 0.999927342 0.012039047 -2.103942871 -0.017194994 -0.012023752 0.999779880 82.035797119
0.999740541 -0.000838427 0.022760753 1.237266421 0.000569392 0.999929905 0.011824040 -2.114963770 -0.022769075 -0.011808014 0.999670982 82.590065002
0.999593377 -0.000728600 0.028506070 1.270394921 0.000389908 0.999929309 0.011885168 -2.122127056 -0.028512718 -0.011869220 0.999522984 83.124267578
0.999319971 -0.000370114 0.036870580 1.303207636 -0.000058834 0.999932349 0.011632115 -2.117614746 -0.036872391 -0.011626374 0.999252379 83.719116211
0.999013603 -0.001416392 0.044382375 1.345062017 0.000894681 0.999930322 0.011772574 -2.138025761 -0.044395957 -0.011721255 0.998945236 84.234931946
0.998696208 -0.002124138 0.051001523 1.391925573 0.001530710 0.999930739 0.011671728 -2.140960693 -0.051022775 -0.011578442 0.998630345 84.791015625
0.998188198 -0.001181436 0.060157467 1.445113659 0.000470787 0.999929905 0.011825940 -2.155042171 -0.060167216 -0.011776192 0.998118758 85.337715149
0.997560978 -0.002106059 0.069767877 1.509269714 0.001270557 0.999926984 0.012017652 -2.166341305 -0.069788113 -0.011899699 0.997490823 85.870361328
0.996919334 -0.002169735 0.078404039 1.564470291 0.001232688 0.999927282 0.011997934 -2.170821667 -0.078424364 -0.011864325 0.996849477 86.445518494
0.996277094 -0.002679351 0.086168304 1.628907204 0.001684859 0.999931157 0.011611929 -2.177881479 -0.086193480 -0.011423517 0.996212900 86.989028931
0.995293796 -0.001763231 0.096886836 1.711201191 0.000641517 0.999932408 0.011607491 -2.186173916 -0.096900754 -0.011490710 0.995227695 87.537117004
0.994248092 -0.003358618 0.107048310 1.796395779 0.002090708 0.999926329 0.011954311 -2.199212551 -0.107080564 -0.011661746 0.994181931 88.066505432
0.993171513 -0.002750904 0.116630822 1.889490128 0.001369404 0.999927938 0.011923548 -2.204566002 -0.116655208 -0.011682413 0.993103743 88.656318665
0.991806507 -0.003159295 0.127709687 1.982641220 0.001675298 0.999929786 0.011725830 -2.211519480 -0.127737775 -0.011415802 0.991742194 89.196754456
0.990185201 -0.003464059 0.139718622 2.075533867 0.001809612 0.999926746 0.011966584 -2.222458839 -0.139749840 -0.011596298 0.990118921 89.744018555
0.988657117 -0.004035887 0.150136098 2.186714172 0.002253239 0.999924898 0.012041768 -2.233544588 -0.150173411 -0.011566888 0.988591969 90.267326355
0.986983418 -0.004070479 0.160770074 2.301058769 0.002174115 0.999925971 0.011969654 -2.242344141 -0.160806879 -0.011464316 0.986919284 90.849609375
0.984836996 -0.004276621 0.173429191 2.422517776 0.002260778 0.999927580 0.011819310 -2.250157118 -0.173467174 -0.011248009 0.984775424 91.372764587
0.982519805 -0.004615924 0.186100706 2.542556763 0.002372436 0.999921858 0.012276139 -2.260312319 -0.186142847 -0.011620037 0.982453942 91.951004028
0.980630577 -0.005096118 0.195800036 2.671946526 0.002779713 0.999922812 0.012103436 -2.263220310 -0.195846602 -0.011324731 0.980569124 92.473342896
0.977820516 -0.005053386 0.209383056 2.814956665 0.002614285 0.999925435 0.011924109 -2.274377346 -0.209427699 -0.011112252 0.977760911 93.040420532
0.974886119 -0.005597926 0.222633377 2.967296600 0.002981914 0.999922514 0.012084736 -2.284463644 -0.222683772 -0.011117367 0.974827290 93.570243835
0.972346067 -0.006385594 0.233457386 3.121648788 0.003663749 0.999920189 0.012090654 -2.293884277 -0.233515993 -0.010900971 0.972291887 94.128158569
0.969337642 -0.006680495 0.245641828 3.278493881 0.003814901 0.999919057 0.012139739 -2.307082176 -0.245702997 -0.010830404 0.969284654 94.606033325
0.965767980 -0.006803430 0.259318143 3.451320648 0.003746844 0.999917567 0.012279468 -2.318081141 -0.259380341 -0.010887492 0.965713799 95.174377441
0.962354422 -0.006586929 0.271717668 3.621675491 0.003332678 0.999917090 0.012436312 -2.329151392 -0.271777093 -0.011062592 0.962296665 95.702804565
0.958969295 -0.007108429 0.283420622 3.803958893 0.003746469 0.999916077 0.012402354 -2.332151651 -0.283485025 -0.010831652 0.958915472 96.261421204
0.954957485 -0.007760569 0.296641320 3.996397018 0.004259260 0.999913454 0.012447646 -2.342086077 -0.296712279 -0.010623498 0.954907835 96.732154846
0.950428605 -0.007866714 0.310843259 4.195720673 0.004194255 0.999913275 0.012481189 -2.345455170 -0.310914487 -0.010558723 0.950379252 97.316658020
0.946687698 -0.008644404 0.322036654 4.394235611 0.004830311 0.999908388 0.012640850 -2.353041172 -0.322116464 -0.010411400 0.946642756 97.837211609
0.942260444 -0.009018554 0.334759533 4.607725143 0.005157082 0.999909520 0.012422124 -2.361064434 -0.334841311 -0.009978494 0.942221701 98.358123779
0.937144518 -0.009307473 0.348817289 4.819093704 0.005147133 0.999904156 0.012851926 -2.372898817 -0.348903418 -0.010248702 0.937102616 98.860137939
0.932683468 -0.009928042 0.360559165 5.040182114 0.005688864 0.999901593 0.012816641 -2.380177021 -0.360650897 -0.009902698 0.932648242 99.366333008
0.928305745 -0.010419641 0.371671617 5.270780563 0.006136627 0.999900460 0.012704594 -2.380713940 -0.371767104 -0.009512937 0.928277254 99.879562378
0.922982812 -0.010092005 0.384708732 5.499162674 0.005494974 0.999899805 0.013046826 -2.390837669 -0.384801805 -0.009928032 0.922945797 100.352020264
0.917317867 -0.010995765 0.398003876 5.768985748 0.006300141 0.999894440 0.013103824 -2.409511566 -0.398105830 -0.009512892 0.917290151 100.900749207
0.912307858 -0.011255970 0.409350365 6.016723633 0.006576660 0.999896049 0.012837077 -2.414698124 -0.409452200 -0.009019209 0.912286937 101.396438599
0.905985415 -0.012108315 0.423135757 6.282829285 0.007063223 0.999884009 0.013489136 -2.426073074 -0.423250020 -0.009232255 0.905966043 101.898986816
0.899217725 -0.011909357 0.437339514 6.547039032 0.006888426 0.999890924 0.013065055 -2.430646420 -0.437447369 -0.008735747 0.899201632 102.373733521
0.893366218 -0.013089346 0.449138552 6.837184906 0.007908833 0.999878824 0.013408502 -2.438218117 -0.449259639 -0.008426541 0.893361509 102.893226624
0.887993157 -0.013607282 0.459655344 7.115604401 0.008227635 0.999872148 0.013704752 -2.446836472 -0.459783077 -0.008387849 0.887991667 103.371681213
0.880908012 -0.013817895 0.473085761 7.395236969 0.008228093 0.999869704 0.013883113 -2.455277443 -0.473215908 -0.008337150 0.880907059 103.842666626
