1.000000000 0.000000000 0.000000000 0.000000000 0.000000000 1.000000000 0.000000000 0.000000000 0.000000000 0.000000000 1.000000000 0.000000000
1.000000000 0.000162725 0.000124923 -0.003259495 -0.000162709 1.000000000 -0.000126538 0.002935326 -0.000124944 0.000126517 1.000000000 0.004470577
1.000000000 0.000109708 0.000038732 -0.000002461 -0.000109706 1.000000000 -0.000057094 0.001708404 -0.000038738 0.000057090 1.000000000 0.004435960
0.999999940 0.000281426 0.000094098 -0.000019865 -0.000281424 0.999999940 -0.000030505 0.001394925 -0.000094106 0.000030479 1.000000000 -0.001467281
1.000000000 0.000154399 0.000032225 0.001711542 -0.000154398 1.000000000 -0.000039989 0.001385416 -0.000032231 0.000039984 1.000000000 0.001294455
1.000000000 0.000038399 -0.000029039 0.000309394 -0.000038399 1.000000000 -0.000010402 0.000485067 0.000029039 0.000010403 1.000000000 0.000118962
1.000000000 0.000130661 0.000186258 -0.005652950 -0.000130636 1.000000000 -0.000133548 0.002509514 -0.000186275 0.000133523 1.000000000 0.002380979
1.000000000 0.000018368 -0.000005165 -0.000029444 -0.000018368 1.000000000 0.000017278 0.000836160 0.000005166 -0.000017278 1.000000000 -0.001118085
1.000000000 -0.000005897 0.000131300 -0.003926298 0.000005900 1.000000000 -0.000026968 0.001346453 -0.000131300 0.000026969 1.000000000 0.002164941
0.999999940 0.000154177 0.000203103 -0.003865864 -0.000154157 1.000000000 -0.000100138 0.000961057 -0.000203119 0.000100107 1.000000000 -0.000061885
1.000000000 0.000191827 0.000079908 0.001305047 -0.000191828 1.000000000 0.000017150 0.001116180 -0.000079905 -0.000017166 1.000000000 -0.002982585
1.000000000 0.000062410 0.000091967 -0.000629226 -0.000062406 1.000000000 -0.000040975 0.000741921 -0.000091970 0.000040970 1.000000000 -0.004647650
1.000000000 0.000007731 0.000078674 -0.003071365 -0.000007729 1.000000000 -0.000018424 0.000448597 -0.000078675 0.000018424 1.000000000 -0.004998164
1.000000000 -0.000094712 0.000113232 -0.002071330 0.000094711 1.000000000 0.000004897 -0.000431707 -0.000113232 -0.000004886 1.000000000 0.000301146
1.000000000 0.000056710 0.000061517 0.000049204 -0.000056708 1.000000000 -0.000035719 0.000379562 -0.000061519 0.000035715 1.000000000 -0.003154069
1.000000000 -0.000167339 -0.000100944 0.002338568 0.000167335 1.000000000 -0.000033767 0.000390194 0.000100950 0.000033750 1.000000000 -0.005711219
1.000000000 -0.000004678 0.000061477 -0.002478538 0.000004681 1.000000000 -0.000056235 0.000367977 -0.000061477 0.000056236 1.000000000 -0.002600018
1.000000000 0.000026591 0.000206385 -0.003983635 -0.000026612 1.000000000 0.000099204 -0.002109793 -0.000206383 -0.000099209 1.000000000 -0.003694776
1.000000000 0.000070847 0.000015026 0.000565550 -0.000070847 1.000000000 0.000034869 0.000857863 -0.000015023 -0.000034870 1.000000000 -0.005923249
1.000000000 -0.000129330 0.000002630 -0.000748184 0.000129330 1.000000000 0.000033566 -0.001171338 -0.000002634 -0.000033566 1.000000000 -0.007319875
1.000000000 0.000010090 0.000061671 -0.000550156 -0.000010090 1.000000000 0.000007986 -0.000364364 -0.000061671 -0.000007986 1.000000000 -0.007083359
1.000000000 -0.000116137 0.000035684 -0.000036783 0.000116135 1.000000000 0.000068336 -0.001796813 -0.000035692 -0.000068332 1.000000000 -0.004679317
1.000000000 0.000091705 0.000106397 -0.002862424 -0.000091700 1.000000000 -0.000043981 0.000510464 -0.000106401 0.000043971 1.000000000 0.000323166
1.000000000 -0.000057806 -0.000054158 0.001762730 0.000057803 1.000000000 -0.000052080 -0.000074824 0.000054162 0.000052077 1.000000000 -0.001707238
1.000000000 -0.000026771 0.000069292 -0.002639804 0.000026766 1.000000000 0.000072125 0.000348850 -0.000069294 -0.000072123 1.000000000 -0.000805197
1.000000000 -0.000035831 -0.000090855 0.003956211 0.000035824 1.000000000 -0.000076457 0.001800249 0.000090858 0.000076454 1.000000000 -0.006847187
1.000000000 -0.000090257 0.000058321 -0.002585570 0.000090263 1.000000000 -0.000103510 0.002500074 -0.000058311 0.000103515 1.000000000 -0.000185674
0.999999940 0.000261149 0.000171013 -0.004463126 -0.000261130 0.999999940 -0.000113107 0.002072884 -0.000171043 0.000113063 1.000000000 -0.000781879
1.000000000 0.000030896 0.000102641 -0.002919501 -0.000030897 1.000000000 0.000011736 0.001254039 -0.000102641 -0.000011739 1.000000000 0.000228094
1.000000000 -0.000061636 0.000014065 -0.003548967 0.000061637 1.000000000 -0.000049870 0.003082069 -0.000014062 0.000049871 1.000000000 -0.001554509
1.000000000 0.000014425 0.000074700 -0.003534561 -0.000014422 1.000000000 -0.000034124 0.001299524 -0.000074700 0.000034123 1.000000000 -0.000293184
1.000000000 -0.000074459 0.000088240 -0.003289376 0.000074449 1.000000000 0.000114937 0.000405052 -0.000088248 -0.000114930 1.000000000 0.002420532
1.000000000 -0.000141645 0.000040620 -0.003596753 0.000141645 1.000000000 0.000016208 0.000174050 -0.000040623 -0.000016202 1.000000000 -0.004721113
1.000000000 -0.000106638 0.000000210 -0.001727400 0.000106638 1.000000000 0.000065014 0.000216529 -0.000000217 -0.000065014 1.000000000 -0.006422211
0.999999940 0.000207549 0.000145672 -0.004060388 -0.000207547 1.000000000 -0.000013912 0.000921148 -0.000145675 0.000013882 1.000000000 -0.001963074
1.000000000 0.000036018 0.000163177 -0.004189939 -0.000036017 1.000000000 -0.000005480 0.001116419 -0.000163177 0.000005474 1.000000000 -0.000186922
1.000000000 0.000060243 0.000086645 -0.005301767 -0.000060240 1.000000000 -0.000034881 0.002037362 -0.000086647 0.000034875 1.000000000 -0.000720445
1.000000000 0.000061583 0.000069993 -0.004000481 -0.000061573 1.000000000 -0.000138720 0.002954429 -0.000070001 0.000138716 1.000000000 -0.001196352
1.000000000 -0.000150404 0.000025758 -0.001920328 0.000150402 1.000000000 0.000070040 0.000712223 -0.000025768 -0.000070036 1.000000000 -0.001178726
1.000000000 -0.000111767 -0.000010886 -0.000088646 0.000111768 1.000000000 0.000106803 -0.000481085 0.000010874 -0.000106805 1.000000000 -0.006218384
0.999999940 -0.000258165 -0.000067378 -0.001515955 0.000258168 0.999999940 0.000046427 -0.001200246 0.000067366 -0.000046444 1.000000000 -0.003210938
1.000000000 0.000110273 0.000085427 0.002289997 -0.000110230 0.999999881 -0.000503661 -0.005221243 -0.000085482 0.000503652 0.999999881 0.051315170
1.000000000 0.000025132 0.000030755 0.001873669 -0.000025093 0.999999225 -0.001261067 -0.003410714 -0.000030786 0.001261066 0.999999225 0.147172779
1.000000000 0.000016489 -0.000052141 0.004821059 -0.000016567 0.999998868 -0.001500984 -0.009968812 0.000052116 0.001500985 0.999998868 0.261599332
1.000000000 -0.000011073 0.000071042 0.002311577 0.000011173 0.999999046 -0.001402275 -0.016085515 -0.000071027 0.001402276 0.999998987 0.391825706
1.000000000 -0.000007164 -0.000131467 0.005495662 0.000007021 0.999999404 -0.001092924 -0.020683168 0.000131475 0.001092923 0.999999404 0.533609748
0.999999940 -0.000099998 -0.000228930 0.017272554 0.000099781 0.999999523 -0.000947187 -0.028497826 0.000229025 0.000947164 0.999999523 0.691397965
0.999999821 -0.000527429 -0.000189755 0.022389276 0.000527327 0.999999702 -0.000537665 -0.032856684 0.000190039 0.000537565 0.999999821 0.850257218
0.999999881 -0.000212491 -0.000423277 0.029367397 0.000212233 0.999999821 -0.000609443 -0.038243763 0.000423407 0.000609353 0.999999702 1.035015583
1.000000000 -0.000039544 0.000022366 0.017591719 0.000039558 0.999999821 -0.000604146 -0.044850118 -0.000022342 0.000604147 0.999999821 1.209822297
0.999999821 -0.000513679 -0.000333202 0.038784154 0.000513527 0.999999762 -0.000455838 -0.049715441 0.000333436 0.000455667 0.999999821 1.421246409
0.999999344 -0.000694199 -0.000913613 0.046455041 0.000694148 0.999999762 -0.000056156 -0.061032385 0.000913652 0.000055522 0.999999583 1.606963038
0.999999285 -0.001066156 -0.000542843 0.039286081 0.001066339 0.999999404 0.000336507 -0.065374218 0.000542484 -0.000337085 0.999999821 1.804635525
0.999999642 0.000195949 0.000827653 0.036981449 -0.000196329 0.999999881 0.000459024 -0.102130182 -0.000827563 -0.000459186 0.999999523 1.961096287
0.999999523 0.000203620 0.000987620 0.044687387 -0.000203651 0.999999881 0.000031916 -0.105450124 -0.000987613 -0.000032118 0.999999464 2.184035778
0.999999583 0.000061435 0.000939250 0.048286110 -0.000061631 1.000000000 0.000208847 -0.110772096 -0.000939237 -0.000208905 0.999999523 2.388205528
0.999999642 0.000091129 0.000879844 0.055382039 -0.000091355 1.000000000 0.000257391 -0.120501667 -0.000879821 -0.000257472 0.999999583 2.617027998
0.999999225 0.000347087 0.001284908 0.057149064 -0.000347538 0.999999940 0.000350843 -0.124158889 -0.001284787 -0.000351289 0.999999106 2.846351862
0.999999046 0.000527057 0.001332245 0.057905007 -0.000527854 0.999999762 0.000597990 -0.137135088 -0.001331930 -0.000598693 0.999998868 3.072102547
0.999999404 0.000280302 0.001027984 0.075511344 -0.000280936 0.999999762 0.000617096 -0.144691303 -0.001027811 -0.000617384 0.999999285 3.295792580
0.999999523 -0.000042871 0.000908188 0.080978453 0.000042242 0.999999762 0.000693196 -0.150577396 -0.000908218 -0.000693157 0.999999344 3.547062397
0.999999404 0.000394182 0.000904044 0.089015491 -0.000394880 0.999999523 0.000772786 -0.159946263 -0.000903739 -0.000773142 0.999999344 3.809442520
0.999999523 0.000018602 0.000862561 0.100514784 -0.000019476 0.999999404 0.001014138 -0.170747429 -0.000862542 -0.001014155 0.999999106 4.067320824
0.999999285 0.000171959 0.001150200 0.090089172 -0.000173017 0.999999583 0.000920548 -0.173528254 -0.001150041 -0.000920746 0.999998868 4.299762249
0.999999523 0.000309760 0.000940783 0.101340540 -0.000310565 0.999999642 0.000856300 -0.178810269 -0.000940517 -0.000856591 0.999999166 4.561827660
0.999999404 -0.000215495 0.001107599 0.112638235 0.000214419 0.999999523 0.000971392 -0.189962462 -0.001107808 -0.000971154 0.999998868 4.817068577
0.999999046 0.000540615 0.001232091 0.127887890 -0.000541705 0.999999523 0.000883968 -0.198342428 -0.001231612 -0.000884634 0.999998868 5.083895206
0.999998868 0.000372136 0.001470629 0.110403769 -0.000374089 0.999999106 0.001327905 -0.207287967 -0.001470133 -0.001328454 0.999998093 5.344324589
0.999999046 -0.000105484 0.001481231 0.107545562 0.000103635 0.999999225 0.001247985 -0.224029988 -0.001481362 -0.001247830 0.999998093 5.575971603
0.999998510 0.000500639 0.001683629 0.111906134 -0.000503197 0.999998748 0.001519394 -0.235025287 -0.001682866 -0.001520239 0.999997437 5.842393398
0.999998331 0.000483731 0.001771363 0.114221931 -0.000485662 0.999999225 0.001089401 -0.236747295 -0.001770835 -0.001090259 0.999997854 6.141923904
0.999998331 0.000505796 0.001740592 0.119208060 -0.000508481 0.999998689 0.001542804 -0.250030667 -0.001739810 -0.001543687 0.999997318 6.414082527
0.999998510 0.000277623 0.001681647 0.126081869 -0.000279892 0.999999106 0.001348881 -0.258995473 -0.001681271 -0.001349350 0.999997675 6.700489521
0.999998987 -0.000270866 0.001430992 0.135628119 0.000268789 0.999998927 0.001451684 -0.265096128 -0.001431383 -0.001451297 0.999997914 6.994066238
0.999999106 -0.000040068 0.001334111 0.147834480 0.000037711 0.999998450 0.001767073 -0.278424233 -0.001334180 -0.001767021 0.999997556 7.284616947
0.999998629 -0.000202346 0.001648172 0.150868878 0.000199952 0.999998868 0.001452797 -0.294196159 -0.001648464 -0.001452466 0.999997556 7.568429470
0.999999106 0.000057930 0.001309409 0.171098381 -0.000060584 0.999997914 0.002026816 -0.312783867 -0.001309289 -0.002026894 0.999997079 7.879832268
0.999998391 -0.000361198 0.001715752 0.162885264 0.000358890 0.999999046 0.001345297 -0.310828120 -0.001716237 -0.001344679 0.999997616 8.202023506
0.999998629 0.000453379 0.001584995 0.171265721 -0.000455167 0.999999225 0.001127897 -0.313360095 -0.001584482 -0.001128617 0.999998152 8.547419548
0.999998927 -0.000056632 0.001465888 0.185509622 0.000054509 0.999998927 0.001448025 -0.326029480 -0.001465968 -0.001447943 0.999997914 8.852592468
0.999997854 -0.000049841 0.002064576 0.179412276 0.000046575 0.999998689 0.001581624 -0.337186873 -0.002064652 -0.001581524 0.999996603 9.161058426
0.999998689 -0.000472449 0.001560950 0.197459519 0.000470099 0.999998748 0.001505881 -0.343776464 -0.001561659 -0.001505145 0.999997616 9.500604630
0.999998808 -0.000638022 0.001393640 0.201542005 0.000635756 0.999998510 0.001626376 -0.350183368 -0.001394675 -0.001625488 0.999997675 9.848983765
0.999998510 -0.000487255 0.001635475 0.207642943 0.000484689 0.999998689 0.001568553 -0.363049567 -0.001636237 -0.001567758 0.999997377 10.207718849
0.999998450 -0.000288738 0.001733699 0.214194372 0.000284842 0.999997437 0.002247141 -0.380497634 -0.001734343 -0.002246643 0.999996006 10.581078529
0.999997795 -0.000402562 0.002032358 0.231370419 0.000398525 0.999997973 0.001986335 -0.398019880 -0.002033153 -0.001985521 0.999995947 10.886960030
0.999997258 0.000221328 0.002337226 0.233284280 -0.000226293 0.999997675 0.002124199 -0.411568314 -0.002336750 -0.002124722 0.999995053 11.271988869
0.999997437 -0.001120716 0.001959621 0.252510995 0.001116298 0.999996841 0.002253923 -0.417079091 -0.001962140 -0.002251730 0.999995589 11.649132729
0.999996543 0.000183818 0.002612064 0.252885997 -0.000190525 0.999996781 0.002567734 -0.432246536 -0.002611583 -0.002568223 0.999993324 12.006157875
0.999996901 -0.000358535 0.002437016 0.257341564 0.000352474 0.999996841 0.002486964 -0.446028948 -0.002437900 -0.002486097 0.999993980 12.385763168
0.999996364 -0.000949016 0.002519988 0.271117657 0.000942858 0.999996543 0.002443367 -0.461670548 -0.002522298 -0.002440982 0.999993801 12.731060982
0.999996245 -0.000958294 0.002554933 0.281062543 0.000950595 0.999995053 0.003012726 -0.485059440 -0.002557807 -0.003010286 0.999992192 13.111315727
0.999995530 -0.001052542 0.002773812 0.294037580 0.001044327 0.999995053 0.002961640 -0.485301971 -0.002776916 -0.002958730 0.999991775 13.527623177
0.999994218 -0.000019591 0.003400899 0.290820748 0.000008454 0.999994636 0.003274695 -0.499382317 -0.003400944 -0.003274648 0.999988914 13.935894966
0.999992549 0.000333762 0.003842386 0.286969483 -0.000347070 0.999993861 0.003463342 -0.522269964 -0.003841207 -0.003464649 0.999986589 14.357335091
0.999995410 -0.000753262 0.002916461 0.336483330 0.000742940 0.999993443 0.003538684 -0.561246514 -0.002919108 -0.003536501 0.999989510 14.722537041
0.999993980 -0.000352207 0.003447935 0.343638510 0.000340150 0.999993861 0.003496693 -0.574353755 -0.003449144 -0.003495500 0.999987960 15.149026871
0.999993026 -0.000276134 0.003713450 0.367733300 0.000263788 0.999994457 0.003324613 -0.576917887 -0.003714348 -0.003323610 0.999987602 15.626612663
0.999992430 -0.000375756 0.003868735 0.366496861 0.000362010 0.999993563 0.003553102 -0.603312194 -0.003870046 -0.003551675 0.999986231 16.003345490
0.999990284 0.000074221 0.004409910 0.381684959 -0.000087380 0.999995530 0.002983733 -0.608344495 -0.004409669 -0.002984089 0.999985874 16.475563049
0.999990225 -0.001603843 0.004126254 0.393008888 0.001588027 0.999991417 0.003833258 -0.628378928 -0.004132366 -0.003826669 0.999984145 16.867164612
0.999989450 -0.001996054 0.004134472 0.408009380 0.001979923 0.999990463 0.003902115 -0.639205039 -0.004142221 -0.003893888 0.999983847 17.327751160
0.999988019 -0.001466652 0.004695964 0.418352842 0.001446981 0.999990165 0.004189700 -0.659417927 -0.004702063 -0.004182855 0.999980211 17.792957306
0.999984086 -0.001563296 0.005432201 0.429276347 0.001540351 0.999989927 0.004225423 -0.663898945 -0.005438752 -0.004216988 0.999976277 18.258474350
0.999984324 -0.001696069 0.005356813 0.442220330 0.001673790 0.999989986 0.004160841 -0.684770167 -0.005363815 -0.004151810 0.999976993 18.705385208
0.999983788 -0.001000836 0.005605256 0.450741410 0.000976001 0.999989688 0.004431682 -0.701448202 -0.005609634 -0.004426138 0.999974489 19.125896454
0.999986053 -0.001295787 0.005115049 0.468410909 0.001268955 0.999985397 0.005245399 -0.722105145 -0.005121771 -0.005238834 0.999973238 19.608686447
0.999984562 -0.001042197 0.005475486 0.477463216 0.001015130 0.999987245 0.004943939 -0.727487385 -0.005480569 -0.004938303 0.999972820 20.100063324
0.999985516 -0.000734785 0.005336373 0.494427651 0.000705243 0.999984324 0.005535882 -0.764204144 -0.005340358 -0.005532037 0.999970496 20.603759766
0.999988258 -0.001361327 0.004641164 0.504514992 0.001337724 0.999986112 0.005084894 -0.770496726 -0.004648021 -0.005078625 0.999976277 21.018507004
0.999989867 -0.000890350 0.004418043 0.510882199 0.000868240 0.999987125 0.005003727 -0.785430729 -0.004422442 -0.004999840 0.999977648 21.520057678
0.999991477 -0.001435752 0.003863981 0.537830710 0.001415247 0.999984920 0.005304022 -0.803590715 -0.003871538 -0.005298509 0.999978483 22.025808334
0.999993443 -0.001047394 0.003462581 0.536197782 0.001029615 0.999986291 0.005132467 -0.810691714 -0.003467910 -0.005128870 0.999980748 22.481990814
0.999995410 -0.001292932 0.002721653 0.550522208 0.001278747 0.999985635 0.005206958 -0.828370273 -0.002728346 -0.005203453 0.999982715 23.024091721
0.999993563 -0.003101698 0.001813147 0.562846184 0.003091692 0.999980092 0.005495319 -0.842842817 -0.001830156 -0.005489678 0.999983251 23.481405258
0.999996841 -0.002090753 0.001376376 0.569404840 0.002082844 0.999981463 0.005722594 -0.853811622 -0.001388315 -0.005719709 0.999982595 23.992639542
0.999998271 -0.001767370 0.000480958 0.583590090 0.001764738 0.999983728 0.005418790 -0.863248110 -0.000490527 -0.005417931 0.999985158 24.524768829
0.999997795 -0.002087746 0.000288208 0.588567138 0.002086060 0.999981344 0.005731691 -0.874506772 -0.000300169 -0.005731076 0.999983490 25.041711807
0.999995708 -0.002941862 -0.000262696 0.602136672 0.002943292 0.999979913 0.005620227 -0.887037516 0.000246157 -0.005620976 0.999984145 25.587591171
0.999996781 -0.002489654 -0.000388489 0.616201580 0.002492102 0.999976218 0.006433953 -0.898802102 0.000372462 -0.006434900 0.999979198 26.098775864
0.999996364 -0.002555560 -0.000866862 0.628549397 0.002561046 0.999976337 0.006387710 -0.915087223 0.000850517 -0.006389906 0.999979198 26.629749298
0.999998510 -0.001290508 -0.001107181 0.639842689 0.001297887 0.999976754 0.006690115 -0.938219190 0.001098522 -0.006691542 0.999976993 27.166097641
0.999997258 -0.001907380 -0.001384228 0.644102693 0.001916455 0.999976516 0.006584684 -0.941532612 0.001371636 -0.006587319 0.999977350 27.687923431
0.999998033 -0.001613229 -0.001096954 0.636119962 0.001620648 0.999975562 0.006796946 -0.960018575 0.001085961 -0.006798712 0.999976218 28.207159042
0.999996901 -0.001914022 -0.001566653 0.651392937 0.001924300 0.999976456 0.006585364 -0.974657416 0.001554012 -0.006588360 0.999976993 28.752639771
0.999996781 -0.001507343 -0.002042763 0.659757435 0.001521118 0.999975979 0.006758465 -0.982330024 0.002032527 -0.006761551 0.999975085 29.264404297
0.999995947 -0.001432833 -0.002486978 0.672919273 0.001449964 0.999975085 0.006900146 -0.997916102 0.002477030 -0.006903721 0.999973118 29.810520172
0.999996781 -0.001375948 -0.002118972 0.669044852 0.001391158 0.999973118 0.007193468 -1.017027617 0.002109018 -0.007196392 0.999971867 30.320226669
0.999996305 -0.000967700 -0.002505940 0.687090993 0.000985908 0.999973118 0.007274866 -1.035932064 0.002498832 -0.007277310 0.999970376 30.854066849
0.999994338 -0.001740291 -0.002876366 0.718146443 0.001761894 0.999970138 0.007525033 -1.059317350 0.002863185 -0.007530058 0.999967515 31.392940521
0.999996364 -0.000900955 -0.002546900 0.703350186 0.000918873 0.999974787 0.007042665 -1.048360467 0.002540491 -0.007044981 0.999971986 31.902616501
0.999998450 -0.000211312 -0.001714943 0.691433787 0.000223220 0.999975920 0.006946344 -1.062022209 0.001713434 -0.006946716 0.999974489 32.453273773
0.999996960 -0.001263371 -0.002103738 0.693944454 0.001280743 0.999964893 0.008277211 -1.100851536 0.002093208 -0.008279881 0.999963582 32.971096039
0.999996066 -0.000668755 -0.002709709 0.711842895 0.000690775 0.999966681 0.008133478 -1.100524545 0.002704180 -0.008135318 0.999963284 33.506320953
0.999992013 -0.002103483 -0.003393296 0.739476502 0.002130614 0.999965608 0.008011754 -1.128877997 0.003376326 -0.008018919 0.999962151 34.022323608
0.999992132 -0.001665060 -0.003600032 0.751302838 0.001690873 0.999972820 0.007178945 -1.126036048 0.003587980 -0.007184975 0.999967754 34.569400787
0.999992907 -0.001681143 -0.003349882 0.758173943 0.001706999 0.999968648 0.007730711 -1.154092789 0.003336780 -0.007736374 0.999964535 35.110488892
0.999991655 -0.001487692 -0.003834382 0.770644426 0.001519075 0.999965191 0.008194806 -1.173635483 0.003822059 -0.008200561 0.999958992 35.633651733
0.999990880 -0.001680300 -0.003923587 0.773513258 0.001714616 0.999960124 0.008759015 -1.197279453 0.003908713 -0.008765660 0.999953926 36.184066772
0.999987900 -0.002573661 -0.004194865 0.784843326 0.002607356 0.999964178 0.008047011 -1.194425821 0.004174006 -0.008057849 0.999958813 36.726482391
0.999987781 -0.001779176 -0.004617539 0.806994557 0.001816222 0.999966085 0.008031184 -1.203125000 0.004603093 -0.008039471 0.999957085 37.278022766
0.999988437 -0.002115743 -0.004302637 0.780434728 0.002148473 0.999968648 0.007616449 -1.211588860 0.004286388 -0.007625605 0.999961734 37.802249908
0.999989569 -0.001578305 -0.004282789 0.794834256 0.001613773 0.999964356 0.008290621 -1.232676268 0.004269551 -0.008297446 0.999956429 38.317787170
0.999983728 -0.002966777 -0.004874447 0.846401751 0.003015982 0.999944210 0.010118193 -1.266973972 0.004844157 -0.010132729 0.999936938 38.786743164
0.999980807 -0.003195293 -0.005319336 0.855976522 0.003247404 0.999946594 0.009817000 -1.273726940 0.005287684 -0.009834086 0.999937713 39.339805603
0.999981344 -0.003146042 -0.005241659 0.863645852 0.003201782 0.999938130 0.010659775 -1.299778581 0.005207798 -0.010676359 0.999929488 39.863014221
0.999976516 -0.003716425 -0.005766928 0.888327718 0.003777046 0.999937356 0.010536805 -1.311458588 0.005727408 -0.010558338 0.999927878 40.437252045
0.999980628 -0.003016344 -0.005450933 0.884283900 0.003071328 0.999944150 0.010106849 -1.315604687 0.005420143 -0.010123395 0.999934077 40.974628448
0.999983549 -0.003016181 -0.004874443 0.887773991 0.003066878 0.999940872 0.010426795 -1.329363942 0.004842705 -0.010441572 0.999933779 41.443130493
0.999984264 -0.002495030 -0.005020868 0.898936033 0.002546167 0.999944687 0.010204392 -1.338182449 0.004995129 -0.010217014 0.999935389 41.986576080
0.999982476 -0.003203349 -0.004980466 0.903150916 0.003256365 0.999937713 0.010673419 -1.357797742 0.004945965 -0.010689451 0.999930620 42.510639191
0.999983072 -0.003252388 -0.004825958 0.908637702 0.003304069 0.999936819 0.010739844 -1.366739154 0.004790722 -0.010755606 0.999930680 43.046813965
0.999982595 -0.003333426 -0.004866254 0.922164798 0.003383950 0.999940097 0.010411419 -1.370169520 0.004831256 -0.010427706 0.999933898 43.595890045
0.999984086 -0.003197709 -0.004640921 0.927747786 0.003246394 0.999939322 0.010521031 -1.385706663 0.004606996 -0.010535929 0.999933898 44.124916077
0.999984086 -0.003126018 -0.004694465 0.935577452 0.003174818 0.999940574 0.010424140 -1.393857837 0.004661600 -0.010438879 0.999934673 44.644092560
0.999983072 -0.003159798 -0.004881729 0.950705767 0.003211764 0.999937892 0.010674184 -1.408204198 0.004847696 -0.010689684 0.999931097 45.190456390
0.999983311 -0.002957345 -0.004967559 0.970254064 0.003011835 0.999935031 0.010997619 -1.423993230 0.004934712 -0.011012397 0.999927163 45.729461670
0.999984145 -0.003203412 -0.004616703 0.949097514 0.003253320 0.999935865 0.010843643 -1.433275938 0.004581670 -0.010858490 0.999930561 46.257263184
0.999984264 -0.002773204 -0.004865589 0.962005675 0.002824020 0.999941230 0.010468276 -1.439456701 0.004836273 -0.010481852 0.999933422 46.805217743
0.999983549 -0.003120026 -0.004814748 0.974177837 0.003169652 0.999941647 0.010334043 -1.456066132 0.004782224 -0.010349133 0.999935031 47.336055756
0.999984622 -0.003139252 -0.004567737 0.977372885 0.003189533 0.999933958 0.011042570 -1.470093250 0.004532772 -0.011056969 0.999928594 47.837574005
0.999986708 -0.002398585 -0.004573242 0.983495355 0.002450895 0.999931276 0.011467285 -1.483060837 0.004545423 -0.011478340 0.999923825 48.383285522
0.999981642 -0.002905095 -0.005316110 1.004213333 0.002961784 0.999938548 0.010687036 -1.484172702 0.005284738 -0.010702586 0.999928772 48.939968109
0.999987364 -0.002367280 -0.004468071 1.007019997 0.002418942 0.999929845 0.011592622 -1.503280401 0.004440316 -0.011603280 0.999922812 49.463172913
0.999991059 -0.001949588 -0.003769134 1.007283449 0.001997064 0.999918222 0.012633335 -1.519525766 0.003744195 -0.012640749 0.999913037 50.005023956
0.999987125 -0.002586663 -0.004369888 1.012863398 0.002637604 0.999928176 0.011691922 -1.520880938 0.004339331 -0.011703297 0.999922097 50.556930542
0.999988616 -0.002122030 -0.004287967 1.031650066 0.002174894 0.999921262 0.012361712 -1.549091101 0.004261397 -0.012370895 0.999914408 51.032505035
0.999987960 -0.002429276 -0.004261505 1.049532175 0.002480458 0.999924302 0.012046725 -1.545068622 0.004231918 -0.012057152 0.999918342 51.582824707
0.999988317 -0.002615615 -0.004055528 1.053991437 0.002662347 0.999929547 0.011560882 -1.551377296 0.004025003 -0.011571544 0.999924958 52.122570038
0.999990404 -0.002272998 -0.003750345 1.043049335 0.002317650 0.999926031 0.011945152 -1.576147556 0.003722916 -0.011953729 0.999921560 52.617080688
0.999991655 -0.002320904 -0.003351380 1.020408034 0.002362058 0.999921143 0.012328501 -1.585383654 0.003322504 -0.012336314 0.999918342 53.151287079
0.999991655 -0.001962122 -0.003586485 1.033136129 0.002004970 0.999926209 0.011982588 -1.605043650 0.003562710 -0.011989679 0.999921739 53.657951355
0.999987125 -0.003127676 -0.003977746 1.088368177 0.003178119 0.999913752 0.012738679 -1.618091464 0.003937561 -0.012751157 0.999910891 54.236347198
0.999985933 -0.003427813 -0.004017575 1.093030930 0.003478409 0.999913812 0.012655088 -1.625613928 0.003973851 -0.012668886 0.999911845 54.790103912
0.999987364 -0.003355300 -0.003727645 1.094353557 0.003403999 0.999907911 0.013135638 -1.642413974 0.003683229 -0.013148163 0.999906778 55.314182281
0.999990463 -0.002716254 -0.003407033 1.082732439 0.002761536 0.999906957 0.013356956 -1.655674458 0.003370436 -0.013366239 0.999904931 55.837486267
0.999983072 -0.003979174 -0.004237670 1.100361943 0.004033906 0.999907553 0.012986083 -1.672629118 0.004185606 -0.013002957 0.999906719 56.375129700
0.999989152 -0.003292144 -0.003294128 1.123154640 0.003336826 0.999901175 0.013651724 -1.694379091 0.003248861 -0.013662568 0.999901354 56.872138977
0.999987841 -0.003346176 -0.003595488 1.134669185 0.003393377 0.999907136 0.013202912 -1.698234677 0.003550975 -0.013214954 0.999906361 57.412319183
0.999991238 -0.002833103 -0.003053800 1.131738544 0.002873858 0.999905765 0.013424986 -1.707504511 0.003015478 -0.013433646 0.999905169 57.943176270
0.999990761 -0.002814827 -0.003229994 1.148596764 0.002859179 0.999900579 0.013809607 -1.726423025 0.003190803 -0.013818716 0.999899387 58.482028961
0.999990642 -0.002894759 -0.003194562 1.163792014 0.002938459 0.999900997 0.013760969 -1.724942446 0.003154413 -0.013770227 0.999900222 59.026161194
0.999988496 -0.003536156 -0.003228069 1.182780862 0.003579360 0.999902725 0.013477481 -1.736827374 0.003180097 -0.013488880 0.999903977 59.523937225
0.999991238 -0.002353933 -0.003476552 1.226168275 0.002404063 0.999892175 0.014486266 -1.771591783 0.003442078 -0.014494498 0.999889016 60.019226074
0.999990582 -0.002571664 -0.003480650 1.223986864 0.002619744 0.999900281 0.013880200 -1.773805380 0.003444607 -0.013889189 0.999897599 60.567867279
0.999989092 -0.003081684 -0.003504245 1.246876359 0.003131760 0.999891698 0.014375313 -1.786688209 0.003459563 -0.014386131 0.999890447 61.083541870
0.999993086 -0.002361778 -0.002852639 1.244886637 0.002403777 0.999887407 0.014810110 -1.798055887 0.002817340 -0.014816865 0.999886155 61.614109039
0.999987662 -0.003384447 -0.003622672 1.263128877 0.003434472 0.999897540 0.013892850 -1.803828716 0.003575281 -0.013905117 0.999896944 62.129856110
0.999987006 -0.003426035 -0.003769946 1.284728646 0.003480389 0.999888659 0.014506995 -1.815327287 0.003719823 -0.014519927 0.999887645 62.687873840
0.999991715 -0.002982529 -0.002778630 1.272146463 0.003023822 0.999883235 0.014976944 -1.832017303 0.002733637 -0.014985222 0.999883950 63.211639404
0.999988616 -0.002975510 -0.003738875 1.303518772 0.003027723 0.999896824 0.014037702 -1.827306151 0.003696719 -0.014048861 0.999894500 63.778594971
0.999991953 -0.002769153 -0.002899669 1.322477341 0.002811293 0.999888957 0.014630881 -1.835391164 0.002858832 -0.014638915 0.999888778 64.264274597
0.999989271 -0.002968036 -0.003547085 1.353375077 0.003019344 0.999889553 0.014548243 -1.856508374 0.003503513 -0.014558798 0.999887943 64.784347534
0.999992728 -0.002259841 -0.003093197 1.353804350 0.002304208 0.999893427 0.014415582 -1.848489285 0.003060290 -0.014422603 0.999891341 65.348899841
0.999988854 -0.003416645 -0.003258565 1.349076986 0.003464309 0.999885380 0.014735428 -1.855517864 0.003207848 -0.014746551 0.999886096 65.895401001
0.999989390 -0.003502225 -0.002988293 1.357215405 0.003546473 0.999882162 0.014932597 -1.867737055 0.002935645 -0.014943037 0.999884009 66.440147400
0.999990463 -0.003437340 -0.002717041 1.377136946 0.003478007 0.999879897 0.015106739 -1.874648929 0.002664790 -0.015116044 0.999882221 66.956176758
0.999993443 -0.002367724 -0.002725514 1.392199874 0.002409941 0.999875605 0.015591636 -1.897076607 0.002688257 -0.015598100 0.999874711 67.514823914
0.999995589 -0.002013822 -0.002170329 1.387994051 0.002046320 0.999884248 0.015077184 -1.898139000 0.002139715 -0.015081562 0.999883950 67.986633301
0.999995112 -0.002235780 -0.002183041 1.404989243 0.002269484 0.999876320 0.015561218 -1.915830612 0.002147979 -0.015566093 0.999876499 68.529418945
0.999995768 -0.001817186 -0.002277332 1.416270375 0.001852979 0.999873281 0.015815074 -1.938439250 0.002248302 -0.015819227 0.999872267 69.086112976
0.999996305 -0.001700524 -0.002117756 1.447043061 0.001732410 0.999883771 0.015147124 -1.937137723 0.002091750 -0.015150737 0.999883056 69.595726013
0.999996424 -0.001709979 -0.002075766 1.471954942 0.001742375 0.999875188 0.015706414 -1.957158446 0.002048647 -0.015709976 0.999874473 70.112663269
0.999995649 -0.001719329 -0.002368167 1.496292591 0.001755256 0.999882102 0.015252834 -1.965185642 0.002341664 -0.015256926 0.999880910 70.669273376
0.999996662 -0.001465268 -0.002103396 1.481084704 0.001497669 0.999878943 0.015486116 -1.976280808 0.002080451 -0.015489215 0.999877870 71.209167480
0.999996185 -0.001646967 -0.002217958 1.490364432 0.001680225 0.999884844 0.015077841 -1.975883722 0.002192870 -0.015081508 0.999883890 71.770668030
0.999998033 -0.000798945 -0.001831429 1.493475080 0.000826001 0.999889791 0.014820273 -1.992201090 0.001819386 -0.014821752 0.999888480 72.327697754
0.999998808 -0.000670464 -0.001380650 1.515751958 0.000691337 0.999884605 0.015173358 -2.001695633 0.001370318 -0.015174294 0.999883950 72.864624023
0.999998629 -0.001288468 -0.001063722 1.512632012 0.001304818 0.999878764 0.015515993 -2.015932560 0.001043601 -0.015517360 0.999879062 73.366539001
0.999994636 -0.002594628 -0.002034924 1.537103057 0.002625836 0.999876559 0.015486812 -2.027233124 0.001994491 -0.015492072 0.999877989 73.916900635
0.999995470 -0.002247770 -0.002026828 1.576538086 0.002279653 0.999871552 0.015867472 -2.046386242 0.001990900 -0.015872020 0.999872088 74.435134888
0.999999046 -0.001216452 -0.000621474 1.538285613 0.001226099 0.999875128 0.015763059 -2.044455528 0.000602221 -0.015763806 0.999875665 74.937461853
0.999998629 -0.001380066 -0.000909420 1.554393649 0.001394319 0.999873221 0.015863841 -2.052043438 0.000887412 -0.015865086 0.999873757 75.481330872
0.999999762 -0.000545091 -0.000450093 1.550757408 0.000552214 0.999872148 0.015979525 -2.055807590 0.000441326 -0.015979771 0.999872208 76.045257568
0.999999404 -0.001065731 -0.000246352 1.554563999 0.001069420 0.999879301 0.015495135 -2.062539101 0.000229809 -0.015495396 0.999879897 76.543754578
0.999999344 -0.001148394 0.000092409 1.561708212 0.001146824 0.999879360 0.015488736 -2.062392712 -0.000110185 -0.015488619 0.999880016 77.094703674
0.999999642 -0.000846038 -0.000209325 1.575179100 0.000849107 0.999885261 0.015122290 -2.072704792 0.000196505 -0.015122460 0.999885678 77.621696472
0.999999702 -0.000745177 0.000271186 1.583790064 0.000740879 0.999879301 0.015518867 -2.090816736 -0.000282719 -0.015518659 0.999879479 78.091842651
0.999998450 -0.000838155 0.001506310 1.598050237 0.000814725 0.999879718 0.015488509 -2.098227024 -0.001519110 -0.015487258 0.999878883 78.633811951
0.999992907 -0.000693148 0.003694180 1.595396161 0.000635880 0.999880075 0.015480887 -2.098730087 -0.003704468 -0.015478435 0.999873340 79.175750732
0.999987185 -0.000719961 0.005013442 1.604076624 0.000643521 0.999883831 0.015231854 -2.105883598 -0.005023826 -0.015228434 0.999871492 79.738487244
0.999979496 -0.000090783 0.006394808 1.581612825 -0.000009404 0.999877334 0.015665082 -2.092350960 -0.006395444 -0.015664821 0.999856949 80.261245728
0.999950886 0.001279305 0.009823055 1.634166241 -0.001435899 0.999871790 0.015951067 -2.144716263 -0.009801389 -0.015964391 0.999824584 80.744903564
0.999916911 0.000499094 0.012878826 1.659203649 -0.000709780 0.999865890 0.016359754 -2.127937555 -0.012868934 -0.016367538 0.999783158 81.285507202
0.999878466 -0.000309274 0.015585280 1.697796464 0.000058760 0.999870837 0.016071647 -2.135359526 -0.015588236 -0.016068781 0.999749362 81.855697632
0.999794781 0.000262323 0.020255456 1.716682911 -0.000599448 0.999861360 0.016639356 -2.148916006 -0.020248283 -0.016648084 0.999656320 82.391609192
0.999665022 0.000069331 0.025880128 1.730522871 -0.000475983 0.999876499 0.015707053 -2.138792276 -0.025875846 -0.015714113 0.999541581 82.937911987
0.999489009 0.000605509 0.031956483 1.756699562 -0.001123316 0.999868333 0.016188040 -2.150143623 -0.031942476 -0.016215663 0.999358118 83.491462708
0.999268293 0.000279444 0.038243134 1.794159293 -0.000901819 0.999867439 0.016257878 -2.152950525 -0.038233519 -0.016280474 0.999136209 84.024368286
0.998928368 0.000249605 0.046281956 1.843142271 -0.000958063 0.999882758 0.015285867 -2.140401840 -0.046272710 -0.015313826 0.998811424 84.602752686
0.998482525 -0.000258286 0.055068143 1.880153656 -0.000612290 0.999875128 0.015791614 -2.161030769 -0.055065341 -0.015801366 0.998357594 85.120094299
0.998082638 0.001207823 0.061883960 1.982755423 -0.002238698 0.999859810 0.016591569 -2.196162224 -0.061855249 -0.016698295 0.997945428 85.579811096
0.997499824 0.000484981 0.070666507 2.047412395 -0.001609341 0.999873042 0.015854727 -2.195737362 -0.070649855 -0.015928818 0.997373998 86.127204895
0.996660590 0.001785844 0.081636325 2.092905521 -0.003108529 0.999865949 0.016077947 -2.205961466 -0.081596658 -0.016278028 0.996532559 86.653717041
0.995868564 0.002464542 0.090773515 2.144418240 -0.003980068 0.999855697 0.016518446 -2.224672794 -0.090719700 -0.016811488 0.995734513 87.219200134
0.995193779 -0.001338849 0.097915515 2.224474907 -0.000130418 0.999887526 0.014997520 -2.197891712 -0.097924583 -0.014938210 0.995081663 87.673194885
0.994104743 -0.000729239 0.108421460 2.308406830 -0.000913886 0.999885559 0.015104512 -2.203181744 -0.108420081 -0.015114551 0.993990242 88.219268799
0.992873907 -0.000605612 0.119168080 2.388276100 -0.001226427 0.999882162 0.015299628 -2.216872692 -0.119163319 -0.015336753 0.992756188 88.756217957
0.991693854 -0.002023669 0.128604680 2.403616905 -0.000045147 0.999870777 0.016081672 -2.314893961 -0.128620610 -0.015953902 0.991565466 89.385482788
0.990200937 -0.002071886 0.139634266 2.502492905 -0.000163113 0.999872208 0.015992744 -2.311096668 -0.139649540 -0.015858807 0.990073919 89.929626465
0.988447785 -0.002606272 0.151539102 2.614007950 0.000150802 0.999868572 0.016212776 -2.321963787 -0.151561424 -0.016002631 0.988318264 90.381919861
0.986734807 -0.003517800 0.162302762 2.729792595 0.000921671 0.999870539 0.016068116 -2.330111504 -0.162338287 -0.015705375 0.986610115 90.922195435
0.985033870 -0.004536462 0.172300905 2.818039894 0.001792984 0.999869168 0.016074894 -2.352529526 -0.172351271 -0.015525384 0.984913170 91.532096863
0.982844055 -0.005108005 0.184367657 2.943862915 0.002244029 0.999873638 0.015739357 -2.357193947 -0.184424713 -0.015055606 0.982731223 92.062789917
0.980360448 -0.005022105 0.197150066 3.073871613 0.001935866 0.999872625 0.015843868 -2.369887352 -0.197204486 -0.015151048 0.980245292 92.592826843
0.977982283 -0.005970977 0.208602458 3.197590828 0.002557240 0.999858439 0.016630661 -2.383212805 -0.208672211 -0.015731042 0.977859020 93.161895752
0.975012720 -0.005331990 0.222084746 3.336229324 0.001730028 0.999863863 0.016410245 -2.384386063 -0.222142026 -0.015615981 0.974889159 93.717773438
0.971782267 -0.005632204 0.235812455 3.490497589 0.001785277 0.999861956 0.016523834 -2.393232346 -0.235872939 -0.015636578 0.971658051 94.224899292
0.968951464 -0.005834579 0.247182131 3.666532516 0.001670978 0.999853194 0.017050689 -2.437573671 -0.247245297 -0.016108258 0.968819022 94.770278931
0.965918481 -0.006675783 0.258760244 3.847173691 0.002415021 0.999856353 0.016780434 -2.452431917 -0.258835018 -0.015583622 0.965795755 95.260025024
0.962247550 -0.007208740 0.272080064 4.036581039 0.002574647 0.999845564 0.017385248 -2.473894119 -0.272163332 -0.016028408 0.962117553 95.721351624
0.958602011 -0.010348190 0.284561217 4.231794357 0.006131867 0.999857903 0.015703820 -2.449943542 -0.284683287 -0.013308825 0.958529234 96.405471802
0.955489457 -0.012404940 0.294764489 4.435628891 0.008062525 0.999840379 0.015942570 -2.461674213 -0.294915229 -0.012856414 0.955436945 96.915878296
0.950886667 -0.010975624 0.309344590 4.624158859 0.006240744 0.999847829 0.016291585 -2.463536501 -0.309476346 -0.013560912 0.950810492 97.463623047
0.946094692 -0.014850776 0.323549479 4.814350128 0.009678323 0.999798357 0.017589806 -2.490893841 -0.323745519 -0.013510205 0.946047664 98.026168823
0.942270398 -0.014872761 0.334522575 5.026498795 0.009598669 0.999802232 0.017413711 -2.492714882 -0.334715486 -0.013197448 0.942226708 98.557411194
0.937701583 -0.015390590 0.347100914 5.236030579 0.009992053 0.999799788 0.017337739 -2.497040510 -0.347298235 -0.012789373 0.937667549 99.052101135
0.932551742 -0.016403090 0.360663563 5.463254929 0.010794977 0.999787509 0.017558560 -2.507763386 -0.360874981 -0.012480909 0.932530701 99.564750671
0.927525282 -0.014437874 0.373481274 5.646615982 0.008330961 0.999804020 0.017960371 -2.514595032 -0.373667359 -0.013547246 0.927463770 99.983024597
0.922777772 -0.013488777 0.385096312 5.876205444 0.007174396 0.999815285 0.017829075 -2.519632816 -0.385265708 -0.013689444 0.922704160 100.482704163
0.916928709 -0.016014948 0.398729593 6.113178253 0.009492714 0.999786973 0.018326694 -2.533205986 -0.398938179 -0.013019241 0.916885376 100.927604675
0.911421299 -0.017060764 0.411120623 6.368221283 0.010340062 0.999774158 0.018565735 -2.542022228 -0.411344528 -0.012670195 0.911391854 101.412094116
0.906323373 -0.017388389 0.422226816 6.619060516 0.010445785 0.999769628 0.018750876 -2.547810555 -0.422455579 -0.012583870 0.906296253 101.901535034
0.900897264 -0.017785862 0.433667868 6.897735596 0.010747047 0.999767721 0.018677304 -2.540071726 -0.433899432 -0.012165684 0.900879204 102.441184998
0.894106805 -0.018414628 0.447474897 7.134086609 0.010798367 0.999750257 0.019565640 -2.584367275 -0.447723418 -0.012661775 0.894082427 102.850502014
0.887951136 -0.017380277 0.459609300 7.408329010 0.009495711 0.999765515 0.019461030 -2.582681179 -0.459839791 -0.012916127 0.887907982 103.354492188
0.881785095 -0.020782655 0.471193522 7.667175293 0.013117965 0.999722898 0.019545415 -2.580821991 -0.471469223 -0.011053755 0.881813288 103.851432800
0.874238670 -0.020394931 0.485067844 7.949531555 0.012292037 0.999726772 0.019880071 -2.588576078 -0.485340774 -0.011417456 0.874250531 104.321655273
