1.000000000 0.000000000 0.000000000 0.000000000 0.000000000 1.000000000 0.000000000 0.000000000 0.000000000 0.000000000 1.000000000 0.000000000
1.000000000 0.000026217 -0.000023117 0.000382510 -0.000026216 1.000000000 0.000030357 -0.001012003 0.000023118 -0.000030356 1.000000000 -0.001611027
1.000000000 -0.000031771 -0.000009120 0.000918222 0.000031771 1.000000000 -0.000010568 -0.000438580 0.000009120 0.000010568 1.000000000 -0.002568370
1.000000000 -0.000153331 -0.000114822 0.001830832 0.000153339 1.000000000 0.000067452 -0.001941742 0.000114811 -0.000067470 1.000000000 -0.004418512
1.000000000 -0.000141910 -0.000079097 -0.000282688 0.000141909 1.000000000 -0.000009056 0.000304543 0.000079098 0.000009044 1.000000000 -0.003171221
1.000000000 -0.000162318 -0.000041527 0.000785701 0.000162321 1.000000000 0.000059672 -0.000644623 0.000041517 -0.000059679 1.000000000 -0.001302396
1.000000000 -0.000193644 -0.000008443 0.000049871 0.000193645 1.000000000 0.000035465 -0.000605734 0.000008436 -0.000035466 1.000000000 -0.003777748
1.000000000 -0.000087185 -0.000046681 0.000046512 0.000087187 1.000000000 0.000034812 0.000485023 0.000046678 -0.000034816 1.000000000 -0.003814415
1.000000000 -0.000056699 -0.000029710 0.000386660 0.000056698 1.000000000 -0.000013644 0.000494843 0.000029711 0.000013643 1.000000000 -0.000586419
1.000000000 -0.000079843 -0.000066099 -0.000357908 0.000079843 1.000000000 0.000000705 0.001351602 0.000066099 -0.000000710 1.000000000 -0.001383924
1.000000000 -0.000161392 -0.000130641 0.000928442 0.000161399 1.000000000 0.000055986 -0.000379896 0.000130632 -0.000056008 1.000000000 -0.002781482
1.000000000 -0.000197721 -0.000113823 0.000231549 0.000197721 1.000000000 -0.000002697 0.000515821 0.000113823 0.000002675 1.000000000 -0.000391074
1.000000000 -0.000210606 -0.000070724 -0.000734170 0.000210609 1.000000000 0.000036072 0.001036320 0.000070716 -0.000036087 1.000000000 -0.000675125
1.000000000 -0.000195754 -0.000076062 0.000492519 0.000195756 1.000000000 0.000034167 -0.000042492 0.000076055 -0.000034182 1.000000000 -0.003367206
1.000000000 -0.000135046 -0.000068677 0.001167506 0.000135053 1.000000000 0.000104317 -0.000412024 0.000068663 -0.000104326 1.000000000 -0.003954862
1.000000000 -0.000099730 -0.000028904 0.001886387 0.000099733 1.000000000 0.000106169 -0.001211311 0.000028894 -0.000106172 1.000000000 -0.007200035
1.000000000 -0.000164769 -0.000092124 0.001097162 0.000164771 1.000000000 0.000022011 0.000774701 0.000092121 -0.000022026 1.000000000 -0.002451354
1.000000000 -0.000102470 -0.000104157 0.001112896 0.000102477 1.000000000 0.000072502 -0.000229689 0.000104149 -0.000072513 1.000000000 -0.004495225
0.999999940 -0.000275847 -0.000140735 0.000939212 0.000275859 0.999999940 0.000081661 -0.000712471 0.000140713 -0.000081700 1.000000000 -0.003863668
0.999999940 -0.000279730 -0.000127890 0.000954724 0.000279736 0.999999940 0.000045736 0.000627037 0.000127878 -0.000045771 1.000000000 -0.000423154
0.999999940 -0.000261806 -0.000106133 0.000168927 0.000261813 0.999999940 0.000057566 -0.000825157 0.000106117 -0.000057594 1.000000000 -0.003220057
1.000000000 -0.000118083 -0.000106541 0.002554118 0.000118089 1.000000000 0.000057458 0.000247724 0.000106534 -0.000057470 1.000000000 -0.001251845
1.000000000 -0.000142703 -0.000134345 0.002648948 0.000142712 1.000000000 0.000071301 -0.000881425 0.000134335 -0.000071320 1.000000000 -0.002505891
0.999999940 -0.000248606 -0.000149903 0.001482293 0.000248619 0.999999940 0.000087952 -0.000529828 0.000149881 -0.000087989 1.000000000 -0.004326169
0.999999940 -0.000248267 -0.000188391 0.002699606 0.000248282 0.999999940 0.000081245 -0.000494380 0.000188370 -0.000081292 1.000000000 -0.004027316
0.999999940 -0.000270448 -0.000137631 0.001479650 0.000270457 0.999999940 0.000068793 0.000475270 0.000137612 -0.000068830 1.000000000 -0.002903206
0.999999940 -0.000277606 -0.000175528 0.002908766 0.000277617 0.999999940 0.000066042 -0.000355806 0.000175510 -0.000066091 1.000000000 -0.004599845
0.999999940 -0.000375008 -0.000135438 0.001094348 0.000375018 0.999999940 0.000070550 -0.000727299 0.000135411 -0.000070601 1.000000000 -0.004896297
0.999999940 -0.000194401 -0.000154987 0.001694865 0.000194415 1.000000000 0.000088784 -0.000245438 0.000154969 -0.000088814 1.000000000 -0.002556282
1.000000000 -0.000197655 -0.000119464 0.002642051 0.000197668 1.000000000 0.000114514 -0.001100120 0.000119441 -0.000114537 1.000000000 -0.004241569
0.999999940 -0.000280784 -0.000165856 0.000778699 0.000280795 0.999999940 0.000064257 0.000592152 0.000165838 -0.000064304 1.000000000 -0.001468705
0.999999940 -0.000293511 -0.000165423 0.000638560 0.000293527 0.999999940 0.000095345 0.000173337 0.000165395 -0.000095393 1.000000000 -0.003656790
0.999999940 -0.000209074 -0.000147014 0.001389680 0.000209076 1.000000000 0.000009955 0.000292240 0.000147012 -0.000009986 1.000000000 -0.001912468
0.999999940 -0.000317966 -0.000161193 0.002040400 0.000317973 0.999999940 0.000044616 0.000018970 0.000161179 -0.000044667 1.000000000 -0.001698800
0.999999940 -0.000296129 -0.000102773 0.000929569 0.000296137 0.999999940 0.000079242 -0.000858553 0.000102749 -0.000079272 1.000000000 -0.005834757
0.999999940 -0.000317700 -0.000193802 0.002928009 0.000317707 0.999999940 0.000037850 0.000215474 0.000193790 -0.000037912 1.000000000 -0.003110363
1.000000000 -0.000178693 -0.000149473 0.002870362 0.000178711 1.000000000 0.000121921 -0.000491060 0.000149451 -0.000121948 1.000000000 -0.006809420
0.999999940 -0.000304994 -0.000146200 0.000542759 0.000305004 0.999999940 0.000066375 0.000055065 0.000146180 -0.000066419 1.000000000 -0.004304282
0.999999940 -0.000250728 -0.000161872 0.001368719 0.000250748 0.999999940 0.000127131 -0.000533749 0.000161840 -0.000127172 1.000000000 -0.003805164
0.999999940 -0.000262574 -0.000178195 0.002689454 0.000262582 0.999999940 0.000049207 -0.001122023 0.000178182 -0.000049253 1.000000000 0.000048230
0.999999940 -0.000245445 -0.000103816 0.001478947 0.000245387 0.999999821 -0.000550871 -0.000670355 0.000103951 0.000550845 0.999999821 0.049063921
1.000000000 -0.000125348 -0.000140709 0.001942508 0.000125192 0.999999404 -0.001106512 -0.003667067 0.000140847 0.001106494 0.999999404 0.140630007
1.000000000 -0.000187207 -0.000150706 0.005268994 0.000186993 0.999998987 -0.001417560 -0.007523507 0.000150972 0.001417532 0.999998987 0.254055351
1.000000000 -0.000219038 -0.000089791 0.005935136 0.000218912 0.999998987 -0.001395834 -0.012317269 0.000090097 0.001395815 0.999999046 0.389608979
0.999999940 -0.000131196 -0.000212719 0.011279593 0.000130958 0.999999344 -0.001118242 -0.019341135 0.000212865 0.001118214 0.999999344 0.524059296
1.000000000 -0.000184618 -0.000112320 0.012662303 0.000184501 0.999999464 -0.001040935 -0.022289265 0.000112512 0.001040915 0.999999464 0.684980750
1.000000000 -0.000143486 -0.000134388 0.019891191 0.000143358 0.999999523 -0.000951604 -0.025772616 0.000134525 0.000951585 0.999999523 0.844219863
0.999999940 0.000330230 0.000065242 0.017610796 -0.000330177 0.999999642 -0.000814639 -0.025736196 -0.000065511 0.000814617 0.999999642 1.020813346
1.000000000 -0.000095035 -0.000200013 0.027813626 0.000094921 0.999999821 -0.000571414 -0.036765050 0.000200067 0.000571395 0.999999821 1.178899407
1.000000000 0.000092516 -0.000000136 0.030649144 -0.000092516 0.999999940 -0.000359781 -0.041417968 0.000000103 0.000359781 0.999999940 1.369371772
0.999999344 0.000967909 -0.000614745 0.010190138 -0.000967897 0.999999464 0.000020131 -0.056973796 0.000614764 -0.000019536 0.999999762 1.513579845
0.999999702 0.000749129 -0.000335898 0.010721040 -0.000749122 0.999999702 0.000021876 -0.060812566 0.000335914 -0.000021625 0.999999940 1.710271358
0.999999702 0.000402282 -0.000601368 0.021176407 -0.000401995 0.999999762 0.000478268 -0.069899634 0.000601560 -0.000478026 0.999999702 1.911291957
0.999999225 0.001211924 -0.000111503 0.017511021 -0.001211877 0.999999106 0.000424951 -0.074590392 0.000112018 -0.000424815 0.999999940 2.124516487
0.999999702 0.000538641 -0.000538426 0.017488072 -0.000538238 0.999999583 0.000747958 -0.083336934 0.000538829 -0.000747668 0.999999583 2.319499493
0.999999523 0.000571415 -0.000761873 0.025854841 -0.000570914 0.999999642 0.000658013 -0.088461906 0.000762249 -0.000657578 0.999999464 2.541481495
0.999999762 0.000473873 -0.000563924 0.030467631 -0.000473489 0.999999642 0.000680714 -0.096777692 0.000564246 -0.000680447 0.999999642 2.775089979
0.999999702 0.000606308 -0.000386302 0.035031892 -0.000606031 0.999999464 0.000716691 -0.101186991 0.000386737 -0.000716457 0.999999642 3.000361443
0.999999881 0.000335974 -0.000466806 0.038145650 -0.000335653 0.999999762 0.000685559 -0.106879234 0.000467036 -0.000685402 0.999999583 3.246673584
0.999999821 -0.000027429 -0.000631569 0.047030248 0.000027895 0.999999642 0.000737937 -0.117116451 0.000631548 -0.000737955 0.999999523 3.476197004
0.999999762 0.000021701 -0.000705014 0.052962363 -0.000021026 0.999999523 0.000956834 -0.124146640 0.000705034 -0.000956819 0.999999285 3.728645802
0.999999881 0.000148278 -0.000531222 0.055220775 -0.000147787 0.999999583 0.000924543 -0.131240636 0.000531359 -0.000924464 0.999999404 3.992269039
0.999999344 0.001139289 0.000016972 0.048949949 -0.001139310 0.999998569 0.001327667 -0.137645811 -0.000015459 -0.001327686 0.999999046 4.255282879
0.999999642 0.000796659 -0.000243763 0.056692969 -0.000796332 0.999998808 0.001339487 -0.147034317 0.000244830 -0.001339292 0.999999046 4.507254601
0.999999523 0.000910996 -0.000014778 0.062016103 -0.000910971 0.999998271 0.001596918 -0.153331220 0.000016233 -0.001596904 0.999998748 4.766961098
0.999999821 0.000522927 -0.000143188 0.067258723 -0.000522675 0.999998331 0.001751064 -0.163789347 0.000144104 -0.001750989 0.999998510 5.033573627
1.000000000 0.000162184 -0.000131687 0.069860637 -0.000161939 0.999998271 0.001861017 -0.183177680 0.000131989 -0.001860996 0.999998271 5.286066055
0.999999881 0.000402184 -0.000248398 0.074799508 -0.000401714 0.999998093 0.001885841 -0.191183805 0.000249156 -0.001885741 0.999998212 5.553993702
0.999999940 0.000312928 -0.000304371 0.080105379 -0.000312350 0.999998152 0.001896792 -0.195946679 0.000304964 -0.001896696 0.999998212 5.834043980
1.000000000 0.000134985 -0.000242212 0.085652769 -0.000134537 0.999998271 0.001848107 -0.209104389 0.000242461 -0.001848074 0.999998271 6.109149933
0.999999762 0.000632944 0.000357339 0.087002240 -0.000633721 0.999997437 0.002177509 -0.223846629 -0.000355960 -0.002177734 0.999997556 6.367941380
0.999999940 0.000441897 0.000125749 0.095775507 -0.000442127 0.999998212 0.001833511 -0.232620209 -0.000124939 -0.001833566 0.999998331 6.648946762
0.999999702 0.000771440 0.000323306 0.105687208 -0.000772096 0.999997616 0.002034874 -0.245273083 -0.000321735 -0.002035122 0.999997854 6.952908039
0.999999523 0.000917664 0.000454683 0.104005441 -0.000918559 0.999997675 0.001972034 -0.248286694 -0.000452872 -0.001972451 0.999997914 7.258584023
0.999999583 0.000958282 0.000329189 0.115621164 -0.000958979 0.999997318 0.002123847 -0.261045516 -0.000327153 -0.002124161 0.999997616 7.554500580
0.999999404 0.000731867 0.000715713 0.117771521 -0.000733800 0.999996006 0.002705407 -0.285538226 -0.000713730 -0.002705931 0.999996066 7.885891438
0.999999642 0.000555833 0.000577803 0.129730970 -0.000557370 0.999996245 0.002664003 -0.294644415 -0.000576320 -0.002664324 0.999996305 8.195981979
0.999999642 0.000460951 0.000591252 0.134859785 -0.000462685 0.999995530 0.002934793 -0.303184122 -0.000589897 -0.002935066 0.999995530 8.536650658
0.999998927 0.001181323 0.000833702 0.134740680 -0.001183867 0.999994576 0.003056434 -0.321361959 -0.000830087 -0.003057417 0.999994993 8.856733322
0.999999106 0.000939801 0.000890494 0.139544055 -0.000942495 0.999994934 0.003029315 -0.331293523 -0.000887643 -0.003030152 0.999994993 9.195749283
0.999998748 0.001305015 0.000888994 0.142118230 -0.001307848 0.999994040 0.003193756 -0.339336514 -0.000884821 -0.003194914 0.999994516 9.512691498
0.999998093 0.001641499 0.001052500 0.147987142 -0.001644973 0.999993205 0.003308476 -0.345298767 -0.001047062 -0.003310201 0.999993980 9.859560013
0.999999166 0.001065849 0.000786236 0.157560125 -0.001068465 0.999993861 0.003334655 -0.355352521 -0.000782677 -0.003335492 0.999994159 10.224028587
0.999999404 0.000888403 0.000615596 0.177367806 -0.000890543 0.999993503 0.003484832 -0.368675917 -0.000612496 -0.003485378 0.999993742 10.582548141
0.999999285 0.000834633 0.000821285 0.184125707 -0.000837618 0.999993026 0.003641129 -0.377944678 -0.000818240 -0.003641815 0.999993086 10.947606087
0.999999344 0.000765914 0.000828715 0.188290775 -0.000768774 0.999993742 0.003456133 -0.388560802 -0.000826062 -0.003456768 0.999993682 11.327192307
0.999999046 0.000964946 0.000926479 0.196130365 -0.000968094 0.999993682 0.003403128 -0.396859378 -0.000923189 -0.003404022 0.999993801 11.708195686
0.999999762 0.000337605 0.000666432 0.211252362 -0.000339960 0.999993682 0.003537038 -0.411826491 -0.000665233 -0.003537263 0.999993563 12.093511581
0.999998748 0.001134156 0.001103928 0.218852818 -0.001138484 0.999991655 0.003927659 -0.430049896 -0.001099464 -0.003928911 0.999991655 12.480032921
0.999998152 0.001233748 0.001464289 0.224051967 -0.001239745 0.999990880 0.004101511 -0.439769685 -0.001459215 -0.004103319 0.999990523 12.883215904
0.999998510 0.001270870 0.001148368 0.238207102 -0.001275574 0.999990761 0.004105036 -0.454972744 -0.001143140 -0.004106494 0.999990880 13.268573761
0.999996543 0.001857765 0.001836454 0.241280675 -0.001865851 0.999988556 0.004411133 -0.461897552 -0.001828238 -0.004414545 0.999988616 13.686301231
0.999999046 0.000839517 0.001100585 0.267060071 -0.000844912 0.999987721 0.004910998 -0.502663136 -0.001096449 -0.004911922 0.999987364 14.036914825
0.999999583 0.000053125 0.000873204 0.278821081 -0.000057271 0.999988735 0.004748924 -0.511971593 -0.000872942 -0.004748972 0.999988437 14.468655586
0.999999166 0.000162799 0.001309309 0.286937892 -0.000169061 0.999988556 0.004783615 -0.523693502 -0.001308515 -0.004783832 0.999987781 14.897192955
0.999999106 -0.000021694 0.001312099 0.304601431 0.000014304 0.999984086 0.005631702 -0.559085310 -0.001312201 -0.005631680 0.999983311 15.279717445
0.999998987 -0.000073197 0.001414125 0.316989750 0.000065269 0.999984205 0.005605341 -0.565677285 -0.001414513 -0.005605244 0.999983251 15.721446037
0.999997377 0.000653010 0.002215555 0.318967968 -0.000665692 0.999983370 0.005728271 -0.575614154 -0.002211778 -0.005729731 0.999981165 16.176982880
0.999997318 -0.000214646 0.002298884 0.330479324 0.000200180 0.999980211 0.006290780 -0.605747581 -0.002300189 -0.006290303 0.999977589 16.590915680
0.999996662 0.000109045 0.002586528 0.342297763 -0.000125282 0.999980271 0.006278299 -0.617084265 -0.002585793 -0.006278602 0.999976933 17.047580719
0.999996126 0.000029172 0.002775049 0.348184466 -0.000047124 0.999979019 0.006469184 -0.627837121 -0.002774802 -0.006469289 0.999975204 17.495988846
0.999995649 -0.000626646 0.002876847 0.364632308 0.000608511 0.999979913 0.006300426 -0.638323605 -0.002880737 -0.006298649 0.999976039 17.956823349
0.999994576 -0.000668242 0.003200167 0.374677896 0.000647663 0.999979138 0.006427301 -0.649280012 -0.003204395 -0.006425194 0.999974251 18.438385010
0.999995053 -0.000468563 0.003105359 0.390545130 0.000447642 0.999977231 0.006734350 -0.675888479 -0.003108444 -0.006732926 0.999972522 18.862279892
0.999995112 -0.000610938 0.003053928 0.405368805 0.000590914 0.999978364 0.006553526 -0.682877481 -0.003057864 -0.006551690 0.999973893 19.337160110
0.999994516 0.000056489 0.003323209 0.411180407 -0.000079240 0.999976516 0.006846429 -0.694097877 -0.003322744 -0.006846654 0.999971032 19.818355560
0.999995530 -0.000293957 0.002985225 0.421558857 0.000272838 0.999974906 0.007072360 -0.725713611 -0.002987229 -0.007071513 0.999970555 20.263071060
0.999996662 -0.000348911 0.002585878 0.431150645 0.000331021 0.999976039 0.006915446 -0.738013983 -0.002588229 -0.006914566 0.999972761 20.751565933
0.999997914 -0.000608393 0.001969206 0.440260768 0.000594586 0.999975324 0.007004709 -0.741236985 -0.001973419 -0.007003524 0.999973536 21.264715195
0.999999046 -0.000744325 0.001235307 0.460925996 0.000735543 0.999974549 0.007094922 -0.762144446 -0.001240557 -0.007094005 0.999974132 21.766651154
0.999998271 -0.001377656 0.001233218 0.456407666 0.001368536 0.999971926 0.007365956 -0.784904480 -0.001243331 -0.007364256 0.999972105 22.201465607
0.999998689 -0.001332790 0.000836635 0.467008531 0.001326419 0.999970496 0.007570167 -0.796590090 -0.000846700 -0.007569048 0.999970973 22.719896317
0.999998927 -0.001454509 -0.000089670 0.478613377 0.001455144 0.999970496 0.007544912 -0.810160041 0.000078693 -0.007545034 0.999971509 23.251869202
0.999995530 -0.002968636 -0.000311085 0.480893523 0.002970921 0.999966562 0.007620747 -0.825261593 0.000288452 -0.007621638 0.999970913 23.711540222
0.999998450 -0.001666983 -0.000590873 0.485885441 0.001671436 0.999969542 0.007617535 -0.834422529 0.000578157 -0.007618511 0.999970794 24.247323990
0.999997437 -0.001761440 -0.001401350 0.500618935 0.001772435 0.999967396 0.007883534 -0.846551657 0.001387418 -0.007885997 0.999967933 24.782428741
0.999997556 -0.001224088 -0.001842571 0.502046585 0.001238932 0.999966562 0.008076543 -0.860912144 0.001832623 -0.008078807 0.999965668 25.312149048
0.999996662 -0.001410013 -0.002164679 0.511022747 0.001427253 0.999967158 0.007983771 -0.874201715 0.002153351 -0.007986835 0.999965787 25.863115311
0.999992847 -0.002571699 -0.002774628 0.520251930 0.002596152 0.999957502 0.008845952 -0.889326453 0.002751761 -0.008853093 0.999957025 26.378343582
0.999990761 -0.002516857 -0.003486455 0.536757767 0.002547734 0.999957323 0.008880289 -0.908507466 0.003463956 -0.008889090 0.999954522 26.923704147
0.999991417 -0.001837098 -0.003711386 0.536284566 0.001869841 0.999959171 0.008838311 -0.917340338 0.003694997 -0.008845176 0.999954045 27.441781998
0.999990165 -0.001738339 -0.004057702 0.542941511 0.001773355 0.999961078 0.008642053 -0.925577104 0.004042521 -0.008649166 0.999954462 27.986913681
0.999986827 -0.002265320 -0.004613990 0.551943421 0.002307760 0.999954939 0.009213674 -0.947272301 0.004592910 -0.009224202 0.999946892 28.542272568
0.999984145 -0.002677629 -0.004942904 0.569685280 0.002723292 0.999953449 0.009254783 -0.957236886 0.004917894 -0.009268099 0.999944925 29.043190002
0.999984086 -0.002305486 -0.005143922 0.576780498 0.002352249 0.999955773 0.009103538 -0.967475414 0.005122707 -0.009115494 0.999945343 29.586429596
0.999981523 -0.002352511 -0.005607774 0.584647894 0.002403423 0.999955773 0.009089569 -0.977857590 0.005586142 -0.009102878 0.999942958 30.120971680
0.999980628 -0.002292088 -0.005784929 0.593976140 0.002344660 0.999955833 0.009097325 -0.985489607 0.005763821 -0.009110712 0.999941885 30.672697067
0.999977469 -0.002336164 -0.006293447 0.606471300 0.002393432 0.999955654 0.009107444 -0.996825278 0.006271891 -0.009122303 0.999938786 31.215106964
0.999980271 -0.001770535 -0.006029718 0.620025516 0.001828647 0.999951780 0.009645837 -1.029524088 0.006012348 -0.009656673 0.999935269 31.762630463
0.999977112 -0.002241009 -0.006403189 0.625702202 0.002303338 0.999949872 0.009743334 -1.046135426 0.006381034 -0.009757857 0.999931991 32.255538940
0.999976516 -0.001911157 -0.006578251 0.629893422 0.001973868 0.999952555 0.009539888 -1.054921508 0.006559706 -0.009552648 0.999932826 32.806076050
0.999971867 -0.002471276 -0.007083824 0.641873717 0.002541138 0.999948084 0.009870265 -1.069035292 0.007059065 -0.009887988 0.999926150 33.342571259
0.999975741 -0.001855762 -0.006713703 0.637078404 0.001924154 0.999946177 0.010194862 -1.076491237 0.006694422 -0.010207529 0.999925494 33.896060944
0.999973774 -0.002289540 -0.006879828 0.654108405 0.002361009 0.999943137 0.010398094 -1.105806828 0.006855631 -0.010414065 0.999922276 34.385532379
0.999971390 -0.002507668 -0.007134967 0.646894574 0.002583388 0.999940157 0.010623075 -1.139009356 0.007107901 -0.010641204 0.999918044 34.928379059
0.999967754 -0.003198637 -0.007378773 0.654108047 0.003276740 0.999938428 0.010597153 -1.145622492 0.007344422 -0.010620990 0.999916553 35.488456726
0.999968767 -0.002359263 -0.007551611 0.656521797 0.002439417 0.999940515 0.010622543 -1.162858129 0.007526102 -0.010640632 0.999915004 36.032676697
0.999966860 -0.002842785 -0.007632928 0.674487114 0.002925982 0.999936104 0.010910735 -1.168285728 0.007601424 -0.010932708 0.999911308 36.595111847
0.999960601 -0.003748874 -0.008041315 0.673307657 0.003840660 0.999927282 0.011429352 -1.196390748 0.007997883 -0.011459786 0.999902368 37.085948944
0.999961138 -0.003650266 -0.008028554 0.681900740 0.003741425 0.999928355 0.011368705 -1.202191114 0.007986479 -0.011398302 0.999903142 37.636592865
0.999957800 -0.003855404 -0.008341973 0.687642455 0.003953867 0.999922335 0.011819123 -1.212047577 0.008295757 -0.011851609 0.999895394 38.173431396
0.999962270 -0.003506288 -0.007947592 0.699728847 0.003598667 0.999925792 0.011639118 -1.227602005 0.007906193 -0.011667280 0.999900639 38.706481934
0.999951243 -0.004131013 -0.008969452 0.715967894 0.004238561 0.999918878 0.012004703 -1.267748117 0.008919136 -0.012042138 0.999887645 39.245147705
0.999945939 -0.004563773 -0.009352108 0.739648104 0.004678817 0.999913156 0.012316551 -1.287073612 0.009295087 -0.012359642 0.999880433 39.757450104
0.999948978 -0.004132654 -0.009220512 0.739741087 0.004243579 0.999918401 0.012043229 -1.292765141 0.009169990 -0.012081740 0.999884963 40.326210022
0.999954283 -0.003784350 -0.008776579 0.735124350 0.003891218 0.999918044 0.012191503 -1.295466304 0.008729723 -0.012225100 0.999887109 40.897327423
0.999945283 -0.004254674 -0.009554350 0.739871144 0.004377801 0.999907136 0.012903366 -1.328268766 0.009498564 -0.012944489 0.999871075 41.403114319
0.999943912 -0.004389875 -0.009634569 0.745952010 0.004516008 0.999903858 0.013109309 -1.332938790 0.009576095 -0.013152083 0.999867678 41.954414368
0.999941766 -0.004514344 -0.009798002 0.756549358 0.004646656 0.999897718 0.013523648 -1.345373631 0.009735948 -0.013568388 0.999860525 42.497146606
0.999941647 -0.004583601 -0.009781430 0.766539872 0.004716071 0.999896884 0.013563242 -1.358881474 0.009718251 -0.013608580 0.999860168 43.044723511
0.999938071 -0.005035614 -0.009925374 0.768641114 0.005165047 0.999901354 0.013058381 -1.366207719 0.009858636 -0.013108836 0.999865472 43.555553436
0.999937475 -0.004868380 -0.010065544 0.774797320 0.004998783 0.999903381 0.012971004 -1.375033140 0.010001424 -0.013020507 0.999865234 44.090915680
0.999942422 -0.004398235 -0.009779873 0.775913656 0.004523786 0.999907196 0.012852962 -1.383771420 0.009722436 -0.012896463 0.999869585 44.647933960
0.999938190 -0.004707089 -0.010072474 0.798326850 0.004839191 0.999902070 0.013131249 -1.399245858 0.010009679 -0.013179179 0.999863088 45.149070740
0.999936819 -0.004849579 -0.010139503 0.797806621 0.004983463 0.999900222 0.013220949 -1.408518553 0.010074374 -0.013270644 0.999861181 45.685707092
0.999935687 -0.004857467 -0.010237811 0.799461484 0.004996532 0.999894977 0.013601987 -1.420484066 0.010170666 -0.013652268 0.999855101 46.263957977
0.999934971 -0.005045837 -0.010224652 0.792672515 0.005186507 0.999891639 0.013778468 -1.442778349 0.010154021 -0.013830602 0.999852777 46.750762939
0.999936819 -0.004727501 -0.010195865 0.798947096 0.004864173 0.999898136 0.013421707 -1.445367932 0.010131374 -0.013470452 0.999857903 47.300300598
0.999935269 -0.005386419 -0.010019300 0.803538799 0.005527094 0.999885798 0.014066033 -1.465790033 0.009942389 -0.014120501 0.999850810 47.809936523
0.999933183 -0.005545657 -0.010142160 0.813638926 0.005683285 0.999891520 0.013591823 -1.470532060 0.010065684 -0.013648557 0.999856114 48.362548828
0.999933124 -0.005382660 -0.010235172 0.817206383 0.005527523 0.999884188 0.014178180 -1.484393597 0.010157670 -0.014233807 0.999847114 48.879062653
0.999936521 -0.005146374 -0.010027442 0.819522560 0.005288867 0.999884665 0.014235881 -1.489233613 0.009953023 -0.014288011 0.999848366 49.457393646
0.999932528 -0.005385558 -0.010283899 0.823736250 0.005532563 0.999882162 0.014320198 -1.503012657 0.010205564 -0.014376130 0.999844551 49.931324005
0.999934793 -0.005185789 -0.010165409 0.828320265 0.005329716 0.999885201 0.014182926 -1.506691456 0.010090694 -0.014236181 0.999847710 50.481727600
0.999929905 -0.005425271 -0.010515800 0.835359573 0.005576855 0.999880195 0.014439533 -1.519657850 0.010436201 -0.014497169 0.999840438 50.998107910
0.999928355 -0.005588063 -0.010588119 0.841050923 0.005738519 0.999882221 0.014233231 -1.527667642 0.010507336 -0.014292968 0.999842644 51.542758942
0.999928474 -0.005566348 -0.010579177 0.845390677 0.005718686 0.999879599 0.014424474 -1.535389185 0.010497610 -0.014483944 0.999839962 52.067276001
0.999928415 -0.005610113 -0.010560341 0.850432158 0.005758883 0.999883890 0.014110395 -1.543210745 0.010479952 -0.014170201 0.999844670 52.612770081
0.999927163 -0.005642628 -0.010668472 0.855439901 0.005796283 0.999879122 0.014426977 -1.560717821 0.010585777 -0.014487764 0.999839008 53.156795502
0.999931753 -0.005377650 -0.010366565 0.851678848 0.005526812 0.999880850 0.014414223 -1.561193943 0.010287814 -0.014470532 0.999842346 53.667064667
0.999934018 -0.005230618 -0.010226053 0.868299842 0.005374273 0.999886572 0.014071259 -1.542632103 0.010151291 -0.014125288 0.999848723 54.255554199
0.999931872 -0.005444791 -0.010327121 0.868781924 0.005596343 0.999876201 0.014703401 -1.584073544 0.010245786 -0.014760196 0.999838591 54.705608368
0.999927938 -0.005987222 -0.010407859 0.862504840 0.006136419 0.999878049 0.014362712 -1.580800653 0.010320598 -0.014425543 0.999842644 55.324417114
0.999930978 -0.005677898 -0.010295368 0.878716767 0.005829707 0.999873817 0.014775752 -1.600515366 0.010210175 -0.014834750 0.999837875 55.799400330
0.999931753 -0.005760591 -0.010165744 0.886214733 0.005911704 0.999871492 0.014897961 -1.607853889 0.010078616 -0.014957042 0.999837339 56.361145020
0.999927938 -0.006056218 -0.010377010 0.904746175 0.006214115 0.999864399 0.015251884 -1.630536318 0.010283235 -0.015315268 0.999829829 56.936130524
0.999936998 -0.005319449 -0.009883322 0.889014959 0.005466489 0.999873877 0.014910648 -1.627879381 0.009802761 -0.014963736 0.999839962 57.347637177
0.999932051 -0.005083964 -0.010496695 0.936512589 0.005227604 0.999892473 0.013702595 -1.597583413 0.010425902 -0.013756536 0.999851048 58.060405731
0.999934852 -0.005389192 -0.010059335 0.900309622 0.005538282 0.999874353 0.014852505 -1.642216921 0.009978027 -0.014907251 0.999839008 58.413658142
0.999938428 -0.004952128 -0.009929623 0.906952024 0.005100527 0.999874771 0.014975793 -1.652209759 0.009854219 -0.015025518 0.999838471 58.949134827
0.999931514 -0.005563242 -0.010294161 0.914287806 0.005719745 0.999867558 0.015236570 -1.662317514 0.010208031 -0.015294407 0.999830902 59.487464905
0.999925733 -0.006080211 -0.010556826 0.934564412 0.006239371 0.999866366 0.015109565 -1.674713731 0.010463544 -0.015174313 0.999830067 60.000122070
0.999929249 -0.005460063 -0.010566069 0.939699352 0.005624298 0.999862909 0.015576746 -1.682613611 0.010479570 -0.015635073 0.999822795 60.529445648
0.999932230 -0.005718833 -0.010139808 0.898889422 0.005872373 0.999867499 0.015177727 -1.704390526 0.010051665 -0.015236245 0.999833286 61.043258667
0.999934793 -0.005325628 -0.010101124 0.950576127 0.005480445 0.999866962 0.015361616 -1.727690578 0.010017971 -0.015415973 0.999830902 61.541252136
0.999935627 -0.005244125 -0.010065509 0.947098732 0.005395263 0.999872267 0.015047486 -1.724731684 0.009985312 -0.015100822 0.999836087 62.107273102
0.999937057 -0.004862946 -0.010109400 0.958008111 0.005019397 0.999867082 0.015508488 -1.740882635 0.010032642 -0.015558255 0.999828577 62.663700104
0.999946177 -0.003892991 -0.009619731 0.943649828 0.004044742 0.999866843 0.015806073 -1.753795862 0.009556920 -0.015844133 0.999828756 63.184368134
0.999934494 -0.004793691 -0.010394344 0.972175598 0.004955586 0.999865890 0.015605912 -1.769824505 0.010318142 -0.015656399 0.999824166 63.655284882
0.999931514 -0.004982512 -0.010594207 0.978060722 0.005147327 0.999865234 0.015587017 -1.777650714 0.010515119 -0.015640479 0.999822378 64.208572388
0.999930859 -0.005055592 -0.010620764 0.980199516 0.005224222 0.999859750 0.015910137 -1.786305666 0.010538840 -0.015964521 0.999817014 64.757392883
0.999934196 -0.004910103 -0.010374383 0.992914319 0.005073123 0.999863148 0.015746301 -1.794691563 0.010295646 -0.015797894 0.999822140 65.273910522
0.999939501 -0.004562913 -0.010020392 0.985667467 0.004721358 0.999863327 0.015845934 -1.807148695 0.009946718 -0.015892286 0.999824226 65.717895508
0.999938607 -0.004495580 -0.010124202 0.988386393 0.004652916 0.999868035 0.015571080 -1.806308985 0.010052863 -0.015617234 0.999827504 66.263679504
0.999929309 -0.005459244 -0.010566088 1.000034809 0.005624203 0.999861777 0.015645826 -1.817883015 0.010479214 -0.015704149 0.999821723 66.788558960
0.999940813 -0.004482666 -0.009909360 1.001355767 0.004636192 0.999868810 0.015524697 -1.818021774 0.009838468 -0.015569720 0.999830365 67.322616577
0.999943614 -0.004241032 -0.009729240 0.994819403 0.004398406 0.999858916 0.016211448 -1.846921206 0.009659114 -0.016253328 0.999821246 67.803291321
0.999941528 -0.004423009 -0.009866547 1.005644321 0.004581849 0.999859393 0.016134772 -1.859626293 0.009793796 -0.016179036 0.999821067 68.327445984
0.999941707 -0.004377428 -0.009872114 1.009781003 0.004535479 0.999860942 0.016044544 -1.859420419 0.009800510 -0.016088381 0.999822497 68.878990173
0.999942541 -0.004350457 -0.009794969 1.028627634 0.004508157 0.999859631 0.016135992 -1.870778680 0.009723396 -0.016179224 0.999821782 69.427970886
0.999935210 -0.004813009 -0.010313131 1.024394274 0.004976021 0.999862134 0.015839376 -1.879678726 0.010235476 -0.015889667 0.999821365 69.943901062
0.999932885 -0.004555529 -0.010654164 1.030445576 0.004723495 0.999864161 0.015793663 -1.882089615 0.010580770 -0.015842926 0.999818504 70.497108459
0.999936342 -0.004367971 -0.010407577 1.035382509 0.004533420 0.999862909 0.015926830 -1.891197801 0.010336583 -0.015972998 0.999818981 71.053634644
0.999938250 -0.004273857 -0.010251905 1.041044712 0.004438701 0.999860406 0.016110819 -1.908346653 0.010181619 -0.016155330 0.999817610 71.576759338
0.999941468 -0.004393266 -0.009882597 1.032811403 0.004550931 0.999861836 0.015988261 -1.915935755 0.009810991 -0.016032303 0.999823272 72.078178406
0.999944508 -0.004154803 -0.009681071 1.040023088 0.004310239 0.999861300 0.016090337 -1.925491333 0.009612875 -0.016131172 0.999823630 72.629371643
0.999940693 -0.004466823 -0.009930063 1.046147108 0.004624586 0.999862552 0.015921652 -1.930981159 0.009857578 -0.015966631 0.999823928 73.157638550
0.999936104 -0.004879088 -0.010191561 1.054787874 0.005039924 0.999862194 0.015815705 -1.939641595 0.010112991 -0.015866062 0.999822974 73.695709229
0.999932885 -0.005441521 -0.010227839 1.069826961 0.005604931 0.999855995 0.016016828 -1.949840784 0.010139210 -0.016073084 0.999819398 74.218078613
0.999937475 -0.005055452 -0.009979678 1.079323411 0.005214590 0.999858618 0.015985055 -1.956998229 0.009897457 -0.016036095 0.999822438 74.736801147
0.999937654 -0.005055425 -0.009955920 1.047353745 0.005209262 0.999866486 0.015486845 -1.959925413 0.009876300 -0.015537744 0.999830425 75.370002747
0.999947906 -0.004081906 -0.009348623 1.055791616 0.004232401 0.999860823 0.016135268 -1.980908632 0.009281459 -0.016173992 0.999826133 75.826965332
0.999940097 -0.004822431 -0.009822337 1.061678886 0.004980871 0.999856830 0.016170410 -1.986568093 0.009742950 -0.016218364 0.999821007 76.384834290
0.999940515 -0.004955398 -0.009714412 1.071136355 0.005111773 0.999856591 0.016138949 -1.992076635 0.009633045 -0.016187644 0.999822617 76.896362305
0.999945402 -0.004698364 -0.009334615 1.063870192 0.004848231 0.999858618 0.016097633 -1.990916729 0.009257663 -0.016142009 0.999826849 77.421661377
0.999946237 -0.004588709 -0.009300047 1.069744349 0.004737763 0.999859631 0.016069045 -2.004338741 0.009225007 -0.016112244 0.999827623 77.958702087
0.999947190 -0.004453821 -0.009260151 1.076596498 0.004600689 0.999863029 0.015900047 -2.011246443 0.009188066 -0.015941814 0.999830663 78.483940125
0.999947488 -0.004981537 -0.008956951 1.082538843 0.005124510 0.999858618 0.016010730 -2.010798454 0.008875928 -0.016055787 0.999831676 79.032852173
0.999959826 -0.004610064 -0.007688079 1.080986738 0.004731011 0.999864101 0.015788373 -2.016710281 0.007614247 -0.015824109 0.999845803 79.567512512
0.999967337 -0.004633095 -0.006614354 1.095012188 0.004737586 0.999862850 0.015870405 -2.023949385 0.006539918 -0.015901227 0.999852121 80.117683411
0.999973893 -0.005035718 -0.005180754 1.110386252 0.005116486 0.999863684 0.015696406 -2.031615257 0.005101006 -0.015722506 0.999863327 80.646621704
0.999986589 -0.004880728 -0.001755113 1.125898480 0.004907637 0.999865174 0.015668515 -2.040564060 0.001678403 -0.015676919 0.999875665 81.191421509
0.999984443 -0.005166287 0.002109804 1.143004775 0.005131534 0.999856293 0.016158897 -2.045608521 -0.002192982 -0.016147820 0.999867201 81.732826233
0.999972880 -0.005238080 0.005174070 1.161804676 0.005155548 0.999861240 0.015837956 -2.052924633 -0.005256313 -0.015810851 0.999861121 82.328826904
0.999938488 -0.004621986 0.010081325 1.178274155 0.004462296 0.999865055 0.015805591 -2.046039104 -0.010153018 -0.015759630 0.999824226 82.877746582
0.999861479 -0.005547422 0.015691511 1.217207670 0.005297319 0.999858916 0.015935643 -2.062798977 -0.015777698 -0.015850309 0.999750018 83.433570862
0.999757230 -0.005504151 0.021336783 1.243633986 0.005164362 0.999859512 0.015947571 -2.069831610 -0.021421561 -0.015833508 0.999645174 83.980384827
0.999621391 -0.005475378 0.026963048 1.277983546 0.005046670 0.999860108 0.015942274 -2.078038692 -0.027046565 -0.015800163 0.999509275 84.516387939
0.999368250 -0.004773861 0.035217606 1.309741974 0.004210354 0.999862194 0.016057592 -2.079310179 -0.035289414 -0.015899168 0.999250710 85.089454651
0.999062479 -0.005900506 0.042885814 1.364200354 0.005218295 0.999858320 0.016002197 -2.091703892 -0.042974167 -0.015763408 0.998951733 85.636344910
0.998760641 -0.006551594 0.049336586 1.413540602 0.005777770 0.999858260 0.015810896 -2.092963457 -0.049433175 -0.015506250 0.998656988 86.188446045
0.998270333 -0.006044600 0.058478765 1.462582588 0.005095569 0.999853134 0.016364183 -2.107072115 -0.058569096 -0.016037896 0.998154521 86.731880188
0.997643113 -0.006539508 0.068303160 1.522498131 0.005449028 0.999854922 0.016139431 -2.111698151 -0.068398789 -0.015729208 0.997534037 87.293060303
0.997021854 -0.006674638 0.076829396 1.586181164 0.005452130 0.999855340 0.016110750 -2.115428925 -0.076925792 -0.015643887 0.996914089 87.845550537
0.996359348 -0.006869950 0.084975325 1.649490833 0.005549143 0.999860287 0.015769867 -2.120803833 -0.085071787 -0.015240916 0.996258259 88.388587952
0.995395780 -0.006842196 0.095605776 1.729577065 0.005299842 0.999851823 0.016377052 -2.132436752 -0.095703669 -0.015794955 0.995284498 88.930313110
0.994372487 -0.007517088 0.105673045 1.817221165 0.005768430 0.999841511 0.016843727 -2.146676302 -0.105782926 -0.016139373 0.994258285 89.469436646
0.993332744 -0.007571081 0.115033753 1.897794724 0.005729183 0.999850154 0.016333992 -2.146654367 -0.115140185 -0.015566040 0.993227303 90.015151978
0.991988838 -0.007503057 0.126103610 1.990680695 0.005471401 0.999849677 0.016449668 -2.153399467 -0.126208097 -0.015627921 0.991880715 90.554122925
0.990474820 -0.008740203 0.137416199 2.101890564 0.006499588 0.999838650 0.016745578 -2.165327311 -0.137540385 -0.015692925 0.990371823 91.095863342
0.988851190 -0.008432634 0.148668155 2.190798759 0.006016801 0.999842525 0.016692119 -2.166852713 -0.148785502 -0.015611516 0.988746226 91.600860596
0.987313807 -0.009682633 0.158485800 2.316483498 0.007104559 0.999833226 0.016825410 -2.176671505 -0.158622280 -0.015485987 0.987217903 92.182182312
0.985143244 -0.009881229 0.171450213 2.433127403 0.007162865 0.999838769 0.016466523 -2.179857016 -0.171585277 -0.014993808 0.985055149 92.716621399
0.982924521 -0.010487708 0.183709979 2.557448387 0.007543941 0.999831796 0.016715588 -2.186295509 -0.183854416 -0.015044264 0.982838273 93.255828857
0.981020093 -0.011076272 0.193590090 2.686713219 0.007964651 0.999826312 0.016844200 -2.193883657 -0.193743065 -0.014982615 0.980937898 93.793334961
0.978392720 -0.011766539 0.206419736 2.829462051 0.008429815 0.999819279 0.017036851 -2.200223446 -0.206582904 -0.014928648 0.978315234 94.318527222
0.975387454 -0.011331141 0.220206350 2.972093582 0.007753589 0.999823570 0.017103909 -2.207430363 -0.220361307 -0.014975549 0.975303352 94.873573303
0.972884476 -0.012553795 0.230950639 3.119045258 0.008849417 0.999815166 0.017068647 -2.209164143 -0.231122255 -0.014562041 0.972815752 95.394493103
0.969927132 -0.012538288 0.243072852 3.297021866 0.008680430 0.999819040 0.016935797 -2.224105597 -0.243241176 -0.014316512 0.969860196 95.946151733
0.966514230 -0.012947558 0.256286353 3.466844559 0.008856067 0.999814451 0.017112268 -2.233170033 -0.256460309 -0.014269560 0.966449440 96.454879761
0.963050425 -0.012611893 0.269025773 3.634410858 0.008305340 0.999818623 0.017140163 -2.234112263 -0.269193083 -0.014272491 0.962980509 97.009628296
0.959641933 -0.013417481 0.280904531 3.827644348 0.008927487 0.999811232 0.017257668 -2.234572172 -0.281082988 -0.014053411 0.959580541 97.589286804
0.955331564 -0.011985715 0.295292854 4.009607315 0.007022311 0.999815822 0.017863182 -2.230803013 -0.295452535 -0.014991624 0.955239773 98.117637634
0.951132059 -0.013655977 0.308482170 4.230077744 0.008659191 0.999808311 0.017561216 -2.239878654 -0.308662802 -0.014031834 0.951067984 98.673400879
0.947364390 -0.013971020 0.319852412 4.431161880 0.008683990 0.999801159 0.017949969 -2.243363142 -0.320039600 -0.014227565 0.947297335 99.202194214
0.942829967 -0.014338454 0.332965404 4.638816833 0.008871936 0.999799848 0.017932367 -2.249605417 -0.333155841 -0.013953126 0.942768514 99.724845886
0.937725425 -0.014085899 0.347091556 4.848651886 0.008266031 0.999799430 0.018242462 -2.253672123 -0.347278953 -0.014237354 0.937653780 100.245613098
0.933124244 -0.014399472 0.359265685 5.086055756 0.008436545 0.999799490 0.018159937 -2.259519100 -0.359455168 -0.013914516 0.933058619 100.780921936
0.928887844 -0.015183182 0.370050132 5.320549011 0.009105807 0.999793530 0.018164504 -2.263546467 -0.370249540 -0.013503175 0.928834200 101.316299438
0.923509777 -0.014982915 0.383282036 5.562295914 0.008550164 0.999792635 0.018481549 -2.267317772 -0.383479476 -0.013790769 0.923446357 101.822074890
0.917748690 -0.015578350 0.396855891 5.804344177 0.009023522 0.999790370 0.018378859 -2.265517950 -0.397059023 -0.013286137 0.917696893 102.346588135
0.912619770 -0.016096709 0.408492386 6.051757812 0.009340729 0.999784648 0.018528400 -2.273355961 -0.408702731 -0.013093767 0.912573576 102.844375610
0.906485617 -0.016839769 0.421900719 6.328830719 0.009803170 0.999774396 0.018842189 -2.273132086 -0.422122836 -0.012944211 0.906446218 103.374107361
0.899723351 -0.016700640 0.436140954 6.591621399 0.009449671 0.999778807 0.018789472 -2.279369831 -0.436358333 -0.012783936 0.899682105 103.864669800
0.893888474 -0.016886212 0.447971165 6.863590240 0.009469509 0.999778569 0.018790917 -2.285377979 -0.448189318 -0.012554917 0.893850446 104.350105286
0.888285637 -0.017523404 0.458957046 7.154850006 0.009863835 0.999769270 0.019081214 -2.294033051 -0.459185570 -0.012422491 0.888253510 104.843719482
0.880994022 -0.018447410 0.472767651 7.444324493 0.010599975 0.999758363 0.019257747 -2.293618441 -0.473008662 -0.011954635 0.880976677 105.350318909
0.874134600 -0.018334314 0.485337555 7.737560272 0.010284644 0.999761939 0.019243892 -2.295275688 -0.485574841 -0.011830228 0.874114990 105.826927185
