1.000000000 0.000000000 0.000000000 0.000000000 0.000000000 1.000000000 0.000000000 0.000000000 0.000000000 0.000000000 1.000000000 0.000000000
1.000000000 0.000085958 0.000113194 -0.000680104 -0.000085958 1.000000000 -0.000000814 -0.001099296 -0.000113194 0.000000805 1.000000000 0.000367454
1.000000000 0.000061932 0.000039163 0.004207231 -0.000061935 1.000000000 0.000064088 0.000011681 -0.000039159 -0.000064090 1.000000000 -0.004761551
1.000000000 0.000033533 0.000005237 0.000203219 -0.000033532 1.000000000 -0.000092235 0.002665255 -0.000005241 0.000092235 1.000000000 0.002638280
1.000000000 0.000005965 0.000146496 -0.002393106 -0.000005959 1.000000000 -0.000040841 0.001882745 -0.000146497 0.000040841 1.000000000 0.000397244
1.000000000 0.000086245 0.000051406 -0.002782988 -0.000086246 1.000000000 0.000006578 0.004957239 -0.000051406 -0.000006583 1.000000000 -0.006613850
1.000000000 -0.000088974 0.000057482 -0.003038209 0.000088968 1.000000000 0.000098027 0.001568483 -0.000057491 -0.000098022 1.000000000 -0.003633513
1.000000000 0.000051035 -0.000040103 0.002777531 -0.000051035 1.000000000 -0.000008067 -0.000872738 0.000040102 0.000008069 1.000000000 -0.008810054
1.000000000 0.000007187 0.000073017 0.000145566 -0.000007185 1.000000000 -0.000026418 0.000110020 -0.000073017 0.000026418 1.000000000 -0.000784884
1.000000000 0.000101200 0.000138477 -0.003656640 -0.000101195 1.000000000 -0.000039105 0.001652696 -0.000138481 0.000039091 1.000000000 -0.001001665
1.000000000 -0.000173564 0.000051508 -0.000180866 0.000173568 1.000000000 -0.000069527 -0.000769609 -0.000051496 0.000069536 1.000000000 0.002134172
1.000000000 -0.000141360 -0.000012894 -0.000145447 0.000141359 1.000000000 -0.000069975 -0.000526031 0.000012904 0.000069973 1.000000000 -0.002397489
1.000000000 -0.000008784 0.000096502 -0.000073944 0.000008781 1.000000000 0.000023929 0.000210904 -0.000096503 -0.000023928 1.000000000 -0.002537021
0.999999940 -0.000275600 -0.000039607 -0.000881333 0.000275606 0.999999940 0.000148859 0.000879520 0.000039566 -0.000148870 1.000000000 -0.004935486
0.999999940 -0.000407201 -0.000053031 -0.000293390 0.000407204 0.999999940 0.000064908 -0.001472282 0.000053004 -0.000064930 1.000000000 -0.001969616
0.999999940 -0.000270096 -0.000007644 0.000916255 0.000270096 0.999999940 0.000042672 -0.001730681 0.000007632 -0.000042674 1.000000000 -0.002717798
1.000000000 0.000071273 0.000100265 -0.001167113 -0.000071282 1.000000000 0.000082707 -0.000720087 -0.000100259 -0.000082715 1.000000000 -0.009047555
0.999999940 -0.000261561 -0.000038717 0.000913535 0.000261561 0.999999940 -0.000003069 -0.000144891 0.000038718 0.000003059 1.000000000 -0.004462514
1.000000000 -0.000071563 -0.000000672 0.000639896 0.000071563 1.000000000 -0.000077285 -0.000027748 0.000000678 0.000077285 1.000000000 -0.010160772
1.000000000 -0.000136401 0.000016051 0.000882230 0.000136401 1.000000000 0.000020049 -0.001069429 -0.000016054 -0.000020047 1.000000000 -0.009633462
1.000000000 -0.000019112 0.000134772 -0.001571718 0.000019104 1.000000000 0.000065555 -0.002433876 -0.000134773 -0.000065552 1.000000000 -0.004945435
1.000000000 -0.000199431 0.000026378 0.000748657 0.000199430 1.000000000 0.000029663 -0.001647941 -0.000026383 -0.000029658 1.000000000 -0.009828789
0.999999940 -0.000320156 -0.000045102 0.001409307 0.000320164 0.999999940 0.000176968 -0.002383920 0.000045045 -0.000176982 1.000000000 -0.010419448
1.000000000 -0.000046294 -0.000091286 0.006458118 0.000046303 1.000000000 0.000099262 -0.002235528 0.000091282 -0.000099267 1.000000000 -0.011703763
1.000000000 -0.000109491 0.000012836 0.001737811 0.000109491 1.000000000 0.000040551 -0.000969246 -0.000012840 -0.000040550 1.000000000 -0.004441464
1.000000000 0.000093593 0.000184273 -0.005636969 -0.000093574 1.000000000 -0.000100788 0.000367802 -0.000184283 0.000100770 1.000000000 -0.005688455
1.000000000 -0.000027296 0.000149337 -0.006690635 0.000027277 1.000000000 0.000127470 -0.000323130 -0.000149340 -0.000127466 1.000000000 -0.008173672
0.999999940 -0.000358450 -0.000032886 -0.004194839 0.000358453 0.999999940 0.000112332 0.001584002 0.000032845 -0.000112344 1.000000000 -0.008135237
0.999999940 -0.000274518 -0.000029290 -0.001114918 0.000274521 0.999999940 0.000100065 -0.002939951 0.000029262 -0.000100073 1.000000000 -0.003106769
1.000000000 -0.000198613 0.000064846 -0.002458425 0.000198610 1.000000000 0.000055299 0.001605743 -0.000064857 -0.000055286 1.000000000 -0.001492512
0.999999940 -0.000253654 0.000102882 -0.005164286 0.000253636 0.999999940 0.000178424 -0.001124867 -0.000102927 -0.000178398 1.000000000 -0.006482377
0.999999940 -0.000294869 -0.000085512 0.001907918 0.000294873 0.999999940 0.000049256 0.000336917 0.000085498 -0.000049281 1.000000000 -0.003045981
1.000000000 -0.000118914 0.000003523 -0.003432080 0.000118914 1.000000000 -0.000099466 0.000832774 -0.000003511 0.000099466 1.000000000 -0.002302186
1.000000000 -0.000034796 0.000008316 -0.000750960 0.000034797 1.000000000 -0.000107316 0.004937700 -0.000008312 0.000107316 1.000000000 0.000853923
0.999999940 -0.000261232 -0.000027978 -0.003415096 0.000261229 0.999999940 -0.000102355 0.002375430 0.000028005 0.000102348 1.000000000 -0.005332268
0.999999940 -0.000258540 -0.000103961 0.000486811 0.000258537 0.999999940 -0.000032293 -0.000456864 0.000103969 0.000032266 1.000000000 -0.004277933
0.999999940 -0.000245259 -0.000001752 -0.000168207 0.000245259 0.999999940 0.000161420 -0.001501405 0.000001712 -0.000161421 1.000000000 -0.000914593
1.000000000 -0.000043018 0.000039493 -0.001988269 0.000043009 1.000000000 0.000210011 -0.002558208 -0.000039502 -0.000210010 1.000000000 -0.007252034
0.999999940 -0.000357901 -0.000178586 0.001952843 0.000357923 0.999999940 0.000122298 -0.003237292 0.000178542 -0.000122362 1.000000000 -0.000631189
1.000000000 -0.000010472 0.000062038 0.000474207 0.000010509 0.999999821 -0.000598210 -0.005221915 -0.000062032 0.000598211 0.999999821 0.048063252
1.000000000 -0.000064667 -0.000109377 0.005545004 0.000064536 0.999999285 -0.001192914 -0.004061930 0.000109454 0.001192907 0.999999285 0.143393204
0.999999940 -0.000130319 -0.000231044 0.009231501 0.000130025 0.999999166 -0.001273912 -0.012799651 0.000231210 0.001273882 0.999999166 0.262047797
1.000000000 -0.000145559 -0.000054557 0.005128727 0.000145499 0.999999404 -0.001092885 -0.018507564 0.000054716 0.001092877 0.999999404 0.386112779
0.999999940 -0.000043292 -0.000257095 0.011648768 0.000042976 0.999999225 -0.001230935 -0.017110815 0.000257148 0.001230924 0.999999225 0.534884989
0.999999821 0.000554342 0.000165960 0.005982009 -0.000554100 0.999998808 -0.001450099 -0.025080310 -0.000166764 0.001450007 0.999998927 0.686435461
0.999999881 -0.000433489 -0.000073763 0.029894942 0.000433439 0.999999702 -0.000677889 -0.027797220 0.000074057 0.000677857 0.999999762 0.862792969
1.000000000 0.000134225 -0.000117051 0.026673714 -0.000134312 0.999999702 -0.000744944 -0.024503473 0.000116951 0.000744959 0.999999702 1.038960934
0.999999940 -0.000213886 0.000315209 0.016691975 0.000214128 0.999999702 -0.000769125 -0.041922588 -0.000315044 0.000769193 0.999999642 1.237237930
0.999999881 -0.000316081 -0.000406268 0.044623602 0.000315825 0.999999762 -0.000629246 -0.045957018 0.000406466 0.000629118 0.999999702 1.436720729
0.999999821 -0.000218046 -0.000571925 0.046345040 0.000217757 0.999999821 -0.000506414 -0.050634257 0.000572036 0.000506289 0.999999702 1.649640679
0.999999702 -0.000727615 -0.000136447 0.046096113 0.000727599 0.999999702 -0.000116386 -0.062579617 0.000136531 0.000116287 1.000000000 1.836061001
0.999999881 -0.000040339 0.000481834 0.020598665 0.000039263 0.999997497 0.002231888 -0.110205188 -0.000481922 -0.002231868 0.999997377 1.925809145
0.999999821 -0.000001727 0.000628254 0.024384871 0.000000479 0.999998033 0.001986947 -0.115068674 -0.000628256 -0.001986947 0.999997795 2.153671503
0.999999404 0.000446160 0.001034392 0.024384575 -0.000448263 0.999997795 0.002033771 -0.119636692 -0.001033483 -0.002034234 0.999997377 2.359985590
0.999999940 -0.000193471 0.000205488 0.032436039 0.000192928 0.999996483 0.002640669 -0.133311570 -0.000205998 -0.002640629 0.999996483 2.580919504
0.999999881 0.000104506 0.000501452 0.033480335 -0.000105954 0.999995828 0.002888433 -0.140202910 -0.000501148 -0.002888486 0.999995708 2.814110756
0.999999940 -0.000131918 0.000095152 0.044528868 0.000131647 0.999995887 0.002848822 -0.143955708 -0.000095527 -0.002848809 0.999995947 3.050434351
0.999999881 -0.000393593 0.000245731 0.048477910 0.000392933 0.999996305 0.002681632 -0.151383117 -0.000246785 -0.002681536 0.999996305 3.271737337
0.999999881 -0.000309026 0.000297912 0.056201696 0.000308174 0.999995828 0.002858188 -0.160405084 -0.000298794 -0.002858096 0.999995887 3.532649755
0.999999881 0.000312379 0.000319113 0.054651301 -0.000313298 0.999995768 0.002886888 -0.163750380 -0.000318209 -0.002886988 0.999995768 3.775172710
0.999999821 0.000083256 0.000551788 0.057804924 -0.000084885 0.999995589 0.002953572 -0.170936465 -0.000551540 -0.002953618 0.999995530 4.034680367
0.999999106 0.000218712 0.001273458 0.053303070 -0.000222809 0.999994814 0.003217496 -0.183153704 -0.001272748 -0.003217777 0.999993980 4.249013424
0.999999464 0.000191385 0.000990522 0.066766575 -0.000194500 0.999995053 0.003145861 -0.187214643 -0.000989915 -0.003146052 0.999994576 4.513015270
0.999999166 -0.000064766 0.001337299 0.069387354 0.000060154 0.999994099 0.003448101 -0.200997844 -0.001337515 -0.003448017 0.999993145 4.781491756
0.999999046 0.000095206 0.001382002 0.087203525 -0.000099579 0.999994993 0.003164789 -0.203255892 -0.001381694 -0.003164923 0.999994099 5.047831535
0.999999046 -0.000518319 0.001300444 0.078769974 0.000513326 0.999992549 0.003836720 -0.218695760 -0.001302423 -0.003836048 0.999991834 5.314730167
0.999998391 0.000180432 0.001768288 0.062209900 -0.000187028 0.999993026 0.003730939 -0.236496195 -0.001767602 -0.003731263 0.999991477 5.521692753
0.999998629 0.000438837 0.001594469 0.069712274 -0.000445185 0.999991953 0.003983041 -0.241460174 -0.001592708 -0.003983745 0.999990761 5.788352966
0.999997973 0.000590989 0.001895190 0.076465808 -0.000598642 0.999991655 0.004039622 -0.252493322 -0.001892787 -0.004040749 0.999990046 6.068947315
0.999998152 0.000327547 0.001908597 0.085442774 -0.000335900 0.999990344 0.004378044 -0.263468713 -0.001907144 -0.004378677 0.999988556 6.347526073
0.999998569 -0.000466887 0.001643234 0.095651135 0.000459774 0.999990582 0.004326376 -0.281889886 -0.001645238 -0.004325614 0.999989271 6.665376186
0.999998152 -0.000281757 0.001858315 0.113886230 0.000273890 0.999991000 0.004232603 -0.280983001 -0.001859491 -0.004232086 0.999989271 6.966541290
0.999999583 0.000262342 0.001004474 0.112005398 -0.000266652 0.999990761 0.004292396 -0.293144226 -0.001003339 -0.004292661 0.999990284 7.236210823
0.999999642 0.000053357 0.000889778 0.121245526 -0.000057363 0.999989867 0.004502560 -0.305887431 -0.000889529 -0.004502610 0.999989450 7.549808025
0.999999166 0.000545053 0.001192968 0.132883981 -0.000551046 0.999987185 0.005029766 -0.315336317 -0.001190212 -0.005030420 0.999986649 7.873252392
0.999999642 0.000026234 0.000879559 0.135809675 -0.000030298 0.999989271 0.004620164 -0.321655035 -0.000879428 -0.004620188 0.999988914 8.186989784
0.999999523 -0.000349970 0.000922311 0.140054315 0.000345384 0.999987543 0.004968287 -0.323430955 -0.000924039 -0.004967966 0.999987245 8.524345398
0.999999404 -0.000619508 0.000945886 0.157905608 0.000614734 0.999987125 0.005039368 -0.333537251 -0.000948996 -0.005038784 0.999986827 8.892705917
0.999998331 0.000590158 0.001732160 0.136700600 -0.000598864 0.999987185 0.005030166 -0.360168070 -0.001729169 -0.005031196 0.999985814 9.139413834
0.999998808 -0.000166646 0.001480230 0.151426896 0.000159564 0.999988556 0.004783722 -0.362564594 -0.001481010 -0.004783480 0.999987483 9.486037254
0.999999344 -0.000142863 0.001139825 0.166944399 0.000137148 0.999987423 0.005012483 -0.370607853 -0.001140527 -0.005012325 0.999986827 9.838981628
0.999998987 0.000074978 0.001420119 0.166900992 -0.000082240 0.999986947 0.005114896 -0.383939624 -0.001419717 -0.005115008 0.999985933 10.195040703
0.999999344 0.000061243 0.001158806 0.178992257 -0.000067726 0.999984324 0.005594951 -0.397193253 -0.001158446 -0.005595027 0.999983668 10.562255859
0.999999046 -0.001143791 0.000754231 0.209562793 0.001139686 0.999984682 0.005420355 -0.392928302 -0.000760420 -0.005419491 0.999984980 10.894551277
0.999999702 -0.000292372 0.000850147 0.211859599 0.000287308 0.999982297 0.005950952 -0.414265692 -0.000851872 -0.005950706 0.999981940 11.282991409
0.999998808 -0.000633423 0.001397990 0.197777063 0.000625114 0.999982178 0.005936100 -0.444070697 -0.001401725 -0.005935219 0.999981403 11.630259514
0.999998808 -0.000706990 0.001369801 0.208964482 0.000698435 0.999980271 0.006235485 -0.456376880 -0.001374182 -0.006234521 0.999979675 12.017232895
0.999997914 -0.000425406 0.001980866 0.212203071 0.000413122 0.999980688 0.006197244 -0.465031773 -0.001983464 -0.006196413 0.999978840 12.416012764
0.999998808 -0.000781021 0.001320198 0.229760453 0.000772881 0.999980688 0.006155320 -0.472308457 -0.001324980 -0.006154292 0.999980211 12.820493698
0.999997437 -0.002010036 0.000993674 0.257959783 0.002003340 0.999975562 0.006693628 -0.481036365 -0.001007104 -0.006691621 0.999977112 13.192614555
0.999998212 -0.001558638 0.001114062 0.265189499 0.001551607 0.999979019 0.006284775 -0.480539292 -0.001123834 -0.006283035 0.999979675 13.596947670
0.999997556 0.000020155 0.002222161 0.238671586 -0.000036235 0.999973893 0.007236168 -0.514751613 -0.002221957 -0.007236231 0.999971390 14.051002502
0.999998271 -0.000884786 0.001647173 0.285326421 0.000872025 0.999969721 0.007731359 -0.561940551 -0.001653964 -0.007729908 0.999968767 14.388133049
0.999997556 -0.000747996 0.002085883 0.293080360 0.000731090 0.999966919 0.008093883 -0.570729256 -0.002091868 -0.008092338 0.999965131 14.813439369
0.999997497 -0.001848637 0.001337165 0.311753035 0.001837063 0.999961317 0.008605717 -0.584378541 -0.001353022 -0.008603238 0.999962151 15.225992203
0.999997497 -0.000733078 0.002101670 0.315226108 0.000714903 0.999962389 0.008635725 -0.603363335 -0.002107922 -0.008634200 0.999960542 15.614744186
0.999995232 0.000044631 0.003087299 0.295478016 -0.000072337 0.999959707 0.008974480 -0.625093222 -0.003086774 -0.008974659 0.999954998 16.111221313
0.999995053 -0.000407750 0.003108265 0.296449751 0.000379781 0.999959409 0.008993675 -0.614061832 -0.003111806 -0.008992450 0.999954760 16.498987198
0.999991834 -0.000236064 0.004030713 0.320253879 0.000201559 0.999963343 0.008558694 -0.629680455 -0.004032586 -0.008557810 0.999955297 16.932315826
0.999993801 -0.001271210 0.003290854 0.337903500 0.001242955 0.999962449 0.008573866 -0.670844197 -0.003301630 -0.008569723 0.999957800 17.415567398
0.999992549 -0.001366790 0.003611034 0.346526861 0.001334333 0.999958813 0.008975629 -0.682701826 -0.003623152 -0.008970743 0.999953210 17.889467239
0.999990582 -0.001871867 0.003919154 0.363227636 0.001835024 0.999954402 0.009383432 -0.690376401 -0.003936539 -0.009376151 0.999948263 18.359104156
0.999990582 -0.001326805 0.004142812 0.380200207 0.001289132 0.999957919 0.009082964 -0.700745165 -0.004154689 -0.009077538 0.999950111 18.852340698
0.999990046 -0.000625042 0.004405596 0.389238894 0.000582301 0.999952853 0.009696010 -0.721821249 -0.004411448 -0.009693348 0.999943197 19.312984467
0.999989867 -0.000067589 0.004502056 0.389996320 0.000022566 0.999949992 0.009999931 -0.720943332 -0.004502506 -0.009999728 0.999939799 19.759181976
0.999991119 -0.001565652 0.003913375 0.400744498 0.001524805 0.999944508 0.010419136 -0.764474154 -0.003929469 -0.010413076 0.999938071 20.225173950
0.999990642 -0.001527046 0.004057643 0.412167311 0.001484657 0.999944508 0.010429414 -0.778692007 -0.004073344 -0.010423292 0.999937415 20.718570709
0.999994338 -0.001662494 0.002921828 0.430350780 0.001631242 0.999941885 0.010666124 -0.797474146 -0.002939390 -0.010661297 0.999938905 21.234064102
0.999992132 -0.002630876 0.002962277 0.438910306 0.002597166 0.999932528 0.011326849 -0.816382766 -0.002991876 -0.011319067 0.999931514 21.768327713
0.999991000 -0.003627356 0.002161420 0.454957485 0.003601307 0.999922276 0.011936182 -0.833628118 -0.002204549 -0.011928291 0.999926448 22.127960205
0.999993026 -0.003505562 0.001282504 0.457565933 0.003490613 0.999928057 0.011478137 -0.840039968 -0.001322649 -0.011473580 0.999933362 22.643320084
0.999994874 -0.002926040 0.001302951 0.464390695 0.002911422 0.999934256 0.011083742 -0.842108727 -0.001335297 -0.011079891 0.999937773 23.203716278
0.999996841 -0.001997381 0.001529080 0.449129999 0.001980342 0.999936759 0.011065062 -0.857070982 -0.001551085 -0.011061999 0.999937654 23.725570679
0.999992549 -0.003866961 0.000062487 0.484035969 0.003866017 0.999929607 0.011216222 -0.863506198 -0.000105856 -0.011215898 0.999937057 24.185287476
0.999995589 -0.002944753 -0.000360761 0.493981510 0.002948614 0.999932766 0.011215890 -0.864181161 0.000327709 -0.011216905 0.999937117 24.734750748
0.999996066 -0.002534533 -0.001168521 0.497556210 0.002547631 0.999932289 0.011346451 -0.869281232 0.001139684 -0.011349384 0.999935031 25.293338776
0.999992192 -0.003791480 -0.001099340 0.505304933 0.003804223 0.999922752 0.011830951 -0.888459444 0.001054398 -0.011835043 0.999929488 25.824083328
0.999986649 -0.004580973 -0.002374764 0.532213390 0.004610933 0.999907851 0.012768473 -0.920867682 0.002316053 -0.012779253 0.999915659 26.335975647
0.999982655 -0.005019196 -0.003112266 0.541126132 0.005058539 0.999905705 0.012764697 -0.934795201 0.003047904 -0.012780217 0.999913633 26.885204315
0.999993980 -0.002459938 -0.002486435 0.537076294 0.002492222 0.999911547 0.013065484 -0.948360503 0.002454075 -0.013071604 0.999911487 27.463342667
0.999989927 -0.003065127 -0.003299587 0.543023825 0.003107222 0.999912858 0.012829098 -0.944344163 0.003259977 -0.012839221 0.999912262 28.028844833
0.999985516 -0.003222917 -0.004311227 0.586800694 0.003279150 0.999908745 0.013100624 -0.947797894 0.004268611 -0.013114572 0.999904871 28.647237778
0.999984503 -0.003758537 -0.004104365 0.560508370 0.003815619 0.999894857 0.013989314 -1.013963223 0.004051354 -0.014004760 0.999893725 29.104602814
0.999984145 -0.003539386 -0.004385144 0.569083452 0.003600695 0.999894798 0.014053069 -1.018336296 0.004334943 -0.014068635 0.999891698 29.650909424
0.999982417 -0.004078650 -0.004290735 0.593857706 0.004136955 0.999898076 0.013668760 -1.033513069 0.004234548 -0.013686270 0.999897361 30.168554306
0.999981284 -0.003702249 -0.004845719 0.617193341 0.003772554 0.999886572 0.014580944 -1.063263535 0.004791187 -0.014598952 0.999881983 30.759305954
0.999974132 -0.004078032 -0.005925763 0.621206105 0.004164816 0.999883175 0.014707454 -1.101507068 0.005865093 -0.014731751 0.999874294 31.306119919
0.999972224 -0.004090057 -0.006221625 0.632202268 0.004179508 0.999887109 0.014433159 -1.108086586 0.006161890 -0.014458764 0.999876499 31.844032288
0.999974191 -0.004012044 -0.005964031 0.633125365 0.004096047 0.999891698 0.014140303 -1.103173852 0.005906652 -0.014164368 0.999882281 32.367382050
0.999979377 -0.002977384 -0.005688782 0.616397738 0.003058657 0.999892652 0.014331537 -1.113680363 0.005645501 -0.014348642 0.999881148 32.959545135
0.999978125 -0.002997701 -0.005895939 0.627159357 0.003082080 0.999892235 0.014354710 -1.120729327 0.005852271 -0.014372567 0.999879658 33.502040863
0.999985158 -0.001244475 -0.005312239 0.626863003 0.001320441 0.999896646 0.014320617 -1.108063936 0.005293868 -0.014327418 0.999883354 34.033996582
0.999966443 -0.004271364 -0.006986990 0.670220912 0.004373590 0.999882638 0.014681603 -1.148767710 0.006923459 -0.014711667 0.999867797 34.488933563
0.999959826 -0.004316313 -0.007849099 0.688867807 0.004428054 0.999888241 0.014274916 -1.146678329 0.007786607 -0.014309100 0.999867260 35.039966583
0.999963760 -0.004076873 -0.007464946 0.683039784 0.004188070 0.999879599 0.014941242 -1.170223713 0.007403133 -0.014971965 0.999860466 35.578468323
0.999962866 -0.003569234 -0.007840917 0.706053019 0.003683823 0.999885917 0.014648739 -1.178633451 0.007787738 -0.014677080 0.999861956 36.168983459
0.999969363 -0.002679374 -0.007349428 0.706892431 0.002796393 0.999868751 0.015958263 -1.246249914 0.007305705 -0.015978327 0.999845624 36.717864990
0.999968290 -0.003700649 -0.007046783 0.707189798 0.003803451 0.999885738 0.014631521 -1.185238957 0.006991831 -0.014657862 0.999868095 37.265144348
0.999963760 -0.003224979 -0.007874964 0.739935756 0.003347347 0.999873102 0.015575476 -1.243724346 0.007823735 -0.015601275 0.999847651 37.896831512
0.999961138 -0.003618602 -0.008032075 0.767529368 0.003737391 0.999883115 0.014823963 -1.220796824 0.007977493 -0.014853405 0.999857843 38.490928650
0.999950588 -0.003867991 -0.009148769 0.788057685 0.004013746 0.999864459 0.015967404 -1.252753973 0.009085767 -0.016003339 0.999830663 38.973419189
0.999951184 -0.004923441 -0.008567117 0.722889602 0.005061491 0.999856472 0.016167499 -1.266440749 0.008486288 -0.016210074 0.999832571 39.299842834
0.999948502 -0.005311665 -0.008655934 0.730462313 0.005448717 0.999858916 0.015887313 -1.277293324 0.008570326 -0.015933661 0.999836266 39.857418060
0.999960244 -0.004062346 -0.007927024 0.717189431 0.004183187 0.999874353 0.015287595 -1.270396709 0.007863923 -0.015320149 0.999851704 40.421794891
0.999954283 -0.003843841 -0.008751088 0.761570454 0.003978229 0.999873579 0.015391460 -1.281556368 0.008690819 -0.015425570 0.999843180 40.962566376
0.999951184 -0.004470777 -0.008809460 0.756205201 0.004620520 0.999843895 0.017051606 -1.319554210 0.008731850 -0.017091475 0.999815762 41.479549408
0.999945045 -0.005091372 -0.009161041 0.767131925 0.005243090 0.999848127 0.016614130 -1.318267941 0.009075061 -0.016661249 0.999819934 42.080921173
0.999955595 -0.003817484 -0.008614267 0.761810958 0.003947159 0.999878407 0.015087089 -1.288124561 0.008555625 -0.015120423 0.999849021 42.637668610
0.999949574 -0.004946293 -0.008744886 0.778734326 0.005088084 0.999854743 0.016266944 -1.324184656 0.008663155 -0.016310619 0.999829352 43.181594849
0.999962449 -0.002575858 -0.008275634 0.788437247 0.002697026 0.999888778 0.014663755 -1.294763565 0.008236942 -0.014685525 0.999858201 43.673000336
0.999942839 -0.005324709 -0.009270348 0.795134127 0.005475589 0.999851704 0.016326979 -1.350688696 0.009182036 -0.016376806 0.999823749 44.029170990
0.999942362 -0.005037275 -0.009483543 0.809486747 0.005186664 0.999861836 0.015794335 -1.350450993 0.009402672 -0.015842613 0.999830306 44.591499329
0.999936879 -0.005447576 -0.009832406 0.817573547 0.005610893 0.999845445 0.016659483 -1.363476038 0.009740133 -0.016713601 0.999812901 45.108760834
0.999941349 -0.005066067 -0.009571630 0.809112728 0.005224228 0.999848962 0.016571874 -1.371615291 0.009486230 -0.016620908 0.999816895 45.626785278
0.999944746 -0.004559867 -0.009480516 0.794583440 0.004709321 0.999864101 0.015802152 -1.364647985 0.009407171 -0.015845925 0.999830186 46.242733002
0.999940872 -0.005189996 -0.009560698 0.815592110 0.005347273 0.999849498 0.016498893 -1.385679841 0.009473630 -0.016549041 0.999818206 46.722164154
0.999946296 -0.003535374 -0.009741903 0.836164951 0.003700462 0.999848902 0.016980538 -1.413259983 0.009680400 -0.017015675 0.999808371 47.306461334
0.999918938 -0.007172356 -0.010512345 0.810594857 0.007366625 0.999800622 0.018559389 -1.462177515 0.010377136 -0.018635327 0.999772489 47.724506378
0.999913275 -0.007328051 -0.010935809 0.828788877 0.007539500 0.999782979 0.019421132 -1.477889299 0.010791116 -0.019501898 0.999751627 48.261188507
0.999901414 -0.007985462 -0.011552440 0.851123810 0.008190989 0.999807000 0.017854190 -1.465973377 0.011407638 -0.017947055 0.999773860 48.822864532
0.999904990 -0.007712012 -0.011425848 0.850205004 0.007910487 0.999816835 0.017428549 -1.465070248 0.011289346 -0.017517280 0.999782801 49.378704071
0.999917388 -0.006680778 -0.010983449 0.844993055 0.006880470 0.999809861 0.018245025 -1.475185871 0.010859470 -0.018319089 0.999773204 49.935909271
0.999924898 -0.006683740 -0.010271871 0.819779217 0.006869804 0.999810994 0.018186579 -1.488461494 0.010148376 -0.018255780 0.999781847 50.485790253
0.999912083 -0.007352449 -0.011047740 0.831869364 0.007563265 0.999787688 0.019163171 -1.512741685 0.010904501 -0.019245040 0.999755263 50.792407990
0.999920070 -0.006628126 -0.010773443 0.839298666 0.006828973 0.999801517 0.018714052 -1.516130090 0.010647265 -0.018786123 0.999766827 51.338558197
0.999914646 -0.007404265 -0.010770123 0.863687694 0.007596228 0.999810994 0.017893422 -1.499861002 0.010635599 -0.017973706 0.999781907 51.875762939
0.999921620 -0.007094283 -0.010323184 0.818880618 0.007269640 0.999828160 0.017049463 -1.519801855 0.010200457 -0.017123170 0.999801338 52.423923492
0.999920726 -0.007095627 -0.010409567 0.806806803 0.007285859 0.999804974 0.018351967 -1.563182354 0.010277318 -0.018426353 0.999777377 52.933254242
0.999896348 -0.008564280 -0.011569778 0.845635116 0.008792178 0.999765396 0.019792525 -1.552901983 0.011397554 -0.019892201 0.999737084 53.249813080
0.999910414 -0.007745919 -0.010917754 0.827383935 0.007955909 0.999781668 0.019323474 -1.558419228 0.010765692 -0.019408602 0.999753654 53.788658142
0.999906600 -0.008344998 -0.010833734 0.816446304 0.008550594 0.999781549 0.019071719 -1.566292167 0.010672214 -0.019162575 0.999759376 54.314579010
0.999901831 -0.008321102 -0.011273955 0.853263319 0.008536167 0.999779940 0.019164406 -1.559031606 0.011112005 -0.019258764 0.999752760 54.875244141
0.999903917 -0.008372812 -0.011045123 0.900244772 0.008573051 0.999797463 0.018208250 -1.560457230 0.010890433 -0.018301193 0.999773145 55.408260345
0.999894083 -0.008248911 -0.011988185 0.892307043 0.008494123 0.999752760 0.020549636 -1.604965329 0.011815709 -0.020649292 0.999716878 55.643676758
0.999911189 -0.007477448 -0.011034178 0.886545539 0.007698281 0.999768198 0.020108575 -1.614201784 0.010881258 -0.020191735 0.999736845 56.194931030
0.999906898 -0.007791060 -0.011199475 0.908109903 0.008013402 0.999768913 0.019947009 -1.611840844 0.011041479 -0.020034900 0.999738216 56.753845215
0.999902546 -0.007939811 -0.011484982 0.914279044 0.008162311 0.999777377 0.019457804 -1.602460623 0.011327934 -0.019549655 0.999744654 57.258468628
0.999889433 -0.008830361 -0.011965626 0.942648947 0.009060332 0.999772608 0.019303456 -1.616158605 0.011792449 -0.019409735 0.999742031 57.837177277
0.999896705 -0.008572442 -0.011548330 0.880186677 0.008822652 0.999723613 0.021792486 -1.666548491 0.011358324 -0.021892121 0.999695778 58.047706604
0.999889553 -0.009204590 -0.011669108 0.893347561 0.009451736 0.999728322 0.021304399 -1.658492088 0.011469840 -0.021412339 0.999704957 58.600376129
0.999882638 -0.009292617 -0.012186238 0.893656790 0.009546702 0.999734759 0.020960413 -1.663860917 0.011988230 -0.021074288 0.999706089 59.142074585
0.999891937 -0.008315236 -0.012125940 0.928307354 0.008578830 0.999724448 0.021850495 -1.682445645 0.011940909 -0.021952158 0.999687731 59.603065491
0.999880195 -0.009567785 -0.012166516 0.893280268 0.009823561 0.999728262 0.021139922 -1.677531004 0.011960948 -0.021256911 0.999702513 60.216442108
0.999884605 -0.009098307 -0.012164614 0.895159960 0.009359358 0.999723375 0.021578012 -1.685030937 0.011964926 -0.021689374 0.999693155 60.739028931
0.999871731 -0.009686912 -0.012751986 0.938920259 0.009975322 0.999691367 0.022750989 -1.702709556 0.012527664 -0.022875277 0.999659777 61.031867981
0.999869287 -0.010190874 -0.012555659 0.941766918 0.010467096 0.999700129 0.022134056 -1.707816839 0.012326327 -0.022262583 0.999676168 61.573635101
0.999881208 -0.009588393 -0.012074363 0.926768720 0.009848154 0.999717236 0.021640945 -1.704879045 0.011863451 -0.021757282 0.999692917 62.114967346
0.999859214 -0.009985730 -0.013489801 0.996802449 0.010288220 0.999692857 0.022543397 -1.723182082 0.013260545 -0.022679007 0.999654889 62.651691437
0.999864578 -0.009507804 -0.013434890 0.985651910 0.009809577 0.999696970 0.022577435 -1.736038566 0.013216157 -0.022706166 0.999654830 63.168979645
0.999857008 -0.010372047 -0.013356106 0.961350858 0.010687035 0.999661148 0.023732414 -1.775676727 0.013105429 -0.023871757 0.999629080 63.522880554
0.999861360 -0.010211458 -0.013154103 0.981509805 0.010526770 0.999653459 0.024128612 -1.788334489 0.012903157 -0.024263738 0.999622285 64.053985596
0.999865472 -0.010312436 -0.012749582 0.967544973 0.010609276 0.999669015 0.023438308 -1.773776054 0.012503655 -0.023570422 0.999643922 64.613136292
0.999876559 -0.010105553 -0.012025603 0.978328109 0.010383641 0.999674797 0.023291567 -1.771289587 0.011786317 -0.023413563 0.999656379 65.166610718
0.999864459 -0.010008129 -0.013071512 1.003360391 0.010303248 0.999689043 0.022708543 -1.758460641 0.012840177 -0.022840146 0.999656677 65.705551147
0.999845207 -0.010628157 -0.014029681 0.995293379 0.010967127 0.999644339 0.024309190 -1.800247908 0.013766329 -0.024459289 0.999606013 65.988128662
0.999863386 -0.009925085 -0.013219912 0.969602644 0.010247687 0.999645770 0.024562715 -1.812242150 0.012971440 -0.024694828 0.999610841 66.541648865
0.999873281 -0.008651266 -0.013365713 1.000545263 0.008967952 0.999676108 0.023818495 -1.814863563 0.013155323 -0.023935342 0.999626935 67.040519714
0.999847770 -0.010270540 -0.014105948 1.016439557 0.010601382 0.999665678 0.023583129 -1.801326632 0.013859021 -0.023729077 0.999622345 67.588882446
0.999842465 -0.010666000 -0.014181838 1.032818913 0.011015227 0.999632239 0.024779288 -1.827515602 0.013912329 -0.024931602 0.999592364 67.939102173
0.999825895 -0.011052964 -0.015026603 1.057901144 0.011430585 0.999614954 0.025280956 -1.844823480 0.014741389 -0.025448320 0.999567449 68.485855103
0.999845266 -0.010510881 -0.014103731 1.037758589 0.010855949 0.999637961 0.024617171 -1.831538200 0.013839879 -0.024766469 0.999597490 69.040565491
0.999839962 -0.010863108 -0.014212715 1.014857173 0.011206317 0.999641955 0.024295464 -1.852019191 0.013943703 -0.024450848 0.999603868 69.648307800
0.999859989 -0.009578558 -0.013719492 1.071213126 0.009928478 0.999621212 0.025668452 -1.891773105 0.013468427 -0.025801070 0.999576330 69.887901306
0.999866068 -0.009127539 -0.013584554 1.073361874 0.009466795 0.999639571 0.025122555 -1.883638501 0.013350349 -0.025247794 0.999592006 70.446731567
0.999859989 -0.009445512 -0.013814720 1.081057787 0.009794488 0.999629021 0.025415398 -1.892252803 0.013569534 -0.025547149 0.999581516 71.004623413
0.999830902 -0.011233359 -0.014555157 1.095685124 0.011602305 0.999607086 0.025516605 -1.898817420 0.014262800 -0.025681166 0.999568462 71.569000244
0.999844551 -0.010185760 -0.014390056 1.138521075 0.010546831 0.999625742 0.025242668 -1.908289433 0.014127553 -0.025390519 0.999577761 72.027709961
0.999853313 -0.010061326 -0.013860356 1.075836420 0.010421821 0.999602675 0.026187081 -1.912424803 0.013591375 -0.026327688 0.999560952 72.432861328
0.999853373 -0.010036047 -0.013875329 1.081457019 0.010389618 0.999616981 0.025649168 -1.910411358 0.013612600 -0.025789564 0.999574661 72.977287292
0.999846041 -0.010703825 -0.013904794 1.080559611 0.011051374 0.999622285 0.025163217 -1.907723904 0.013630200 -0.025313010 0.999586642 73.573585510
0.999825776 -0.011522556 -0.014681203 1.106041193 0.011883590 0.999623120 0.024746418 -1.910932183 0.014390528 -0.024916574 0.999585867 74.078071594
0.999820292 -0.011575429 -0.015013368 1.121539235 0.011955934 0.999603152 0.025507255 -1.909088492 0.014712154 -0.025682172 0.999561846 74.619781494
0.999847054 -0.010718559 -0.013815977 1.068465233 0.011067877 0.999614537 0.025460165 -1.911409020 0.013537754 -0.025609184 0.999580383 75.032226562
0.999850631 -0.010475309 -0.013745666 1.067628622 0.010821633 0.999619603 0.025367554 -1.904894948 0.013474704 -0.025512515 0.999583721 75.585868835
0.999846280 -0.010901138 -0.013728946 1.069185972 0.011249406 0.999610245 0.025551051 -1.912749887 0.013445059 -0.025701564 0.999579251 76.104614258
0.999857068 -0.009736671 -0.013816828 1.070512056 0.010077407 0.999641418 0.024809385 -1.904455066 0.013570312 -0.024945078 0.999596715 76.624015808
0.999878705 -0.009341499 -0.012455673 1.093660593 0.009675233 0.999588370 0.027008323 -1.951038361 0.012198250 -0.027125560 0.999557555 77.050354004
0.999908626 -0.008712859 -0.010334510 1.080561161 0.008987965 0.999598265 0.026879355 -1.958847523 0.010096163 -0.026969785 0.999585271 77.605690002
0.999906480 -0.009211264 -0.010099679 1.106200457 0.009481211 0.999589980 0.027014447 -1.966882229 0.009846700 -0.027107678 0.999584079 78.177169800
0.999920607 -0.008994325 -0.008825313 1.107608318 0.009225684 0.999605238 0.026534773 -1.950136423 0.008583168 -0.026614087 0.999608994 78.662124634
0.999943554 -0.008562870 -0.006290956 1.140133023 0.008734005 0.999578178 0.027698997 -1.994671583 0.006051119 -0.027752379 0.999596536 79.126304626
0.999963701 -0.008190116 -0.002378707 1.153781891 0.008252598 0.999585927 0.027566748 -1.984587431 0.002151947 -0.027585376 0.999617100 79.668373108
0.999960065 -0.008939018 0.000181754 1.184229970 0.008930648 0.999582469 0.027480608 -1.980207443 -0.000427328 -0.027477885 0.999622405 80.187774658
0.999951959 -0.008652731 0.004611774 1.193108439 0.008521365 0.999577761 0.027781589 -1.988322258 -0.004850213 -0.027740957 0.999603391 80.721961975
0.999908984 -0.008530275 0.010452664 1.228198409 0.008227468 0.999554873 0.028677665 -2.015723944 -0.010692641 -0.028589055 0.999534130 81.209480286
0.999812305 -0.009152206 0.017074727 1.189854145 0.008677705 0.999579728 0.027659761 -2.004427671 -0.017320698 -0.027506400 0.999471545 81.755134583
0.999704957 -0.009083002 0.022526331 1.230806351 0.008450775 0.999572098 0.028004235 -2.010587931 -0.022771053 -0.027805610 0.999353886 82.270324707
0.999434948 -0.008471697 0.032525390 1.218047380 0.007590764 0.999603510 0.027113084 -1.983255625 -0.032742191 -0.026850872 0.999103129 82.885482788
0.999199152 -0.009106506 0.038965255 1.314426422 0.008038702 0.999590158 0.027473483 -1.997696638 -0.039199475 -0.027138244 0.998862803 83.370994568
0.998867273 -0.009990172 0.046523046 1.343451738 0.008700870 0.999574721 0.027833711 -2.001214981 -0.046781324 -0.027397389 0.998529434 83.862701416
0.998431325 -0.009481205 0.055180017 1.418581247 0.007983174 0.999595225 0.027305445 -2.035415888 -0.055416577 -0.026822103 0.998102963 84.475418091
0.997834504 -0.009482781 0.065087624 1.474740982 0.007676341 0.999579847 0.027948154 -2.032079220 -0.065325320 -0.027387995 0.997488022 84.961990356
0.997145116 -0.009420478 0.074917920 1.462245941 0.007289838 0.999562502 0.028662445 -2.052207232 -0.075155154 -0.028034477 0.996777713 85.590270996
0.996527314 -0.009955123 0.082669005 1.531891346 0.007610896 0.999561250 0.028623676 -2.053584576 -0.082917690 -0.027895084 0.996165931 86.131294250
0.995472133 -0.008991845 0.094626792 1.594376087 0.006334940 0.999578178 0.028340764 -2.049182653 -0.094841734 -0.027612984 0.995109379 86.669776917
0.994523227 -0.008279650 0.104187548 1.700407505 0.005245834 0.999555111 0.029359210 -2.075357437 -0.104384288 -0.028651861 0.994124293 87.170143127
0.993525267 -0.009399486 0.113221474 1.791506767 0.006107572 0.999549448 0.029386863 -2.095298290 -0.113446690 -0.028505079 0.993135035 87.630966187
0.992136002 -0.009761557 0.124782935 1.774972916 0.006356762 0.999597251 0.027654855 -1.972755671 -0.125002638 -0.026644157 0.991798580 88.286109924
0.990512013 -0.010234729 0.137044117 1.873140335 0.006585406 0.999612212 0.027055787 -1.968189955 -0.137267902 -0.025896590 0.990195394 88.833869934
0.988986671 -0.010407863 0.147637933 1.983537674 0.006371958 0.999593616 0.027783182 -1.976025820 -0.147867113 -0.026536455 0.988651216 89.377258301
0.987495840 -0.009890764 0.157333821 2.087644577 0.005393625 0.999565244 0.028984752 -1.984803677 -0.157552108 -0.027773725 0.987119973 89.921112061
0.985424042 -0.010445921 0.169795156 2.191120148 0.005777304 0.999592185 0.027966430 -1.978336334 -0.170018077 -0.026577836 0.985082448 90.427551270
0.983298719 -0.011388686 0.181642950 2.329845428 0.006403090 0.999587119 0.028010085 -1.960366011 -0.181886941 -0.026379205 0.982965529 91.022315979
0.981184959 -0.011816658 0.192708477 2.454375267 0.006667564 0.999603748 0.027346304 -1.953156471 -0.192955256 -0.025546882 0.980874896 91.566055298
0.978494465 -0.011397677 0.205957979 2.589523315 0.005802042 0.999598026 0.027752398 -1.954843760 -0.206191495 -0.025960591 0.978167236 92.097106934
0.975412071 -0.011173082 0.220105618 2.721559525 0.005074927 0.999587893 0.028251585 -1.953916311 -0.220330611 -0.026439916 0.975066781 92.600021362
0.972828388 -0.011672990 0.231233060 2.876451492 0.005259392 0.999584615 0.028333561 -1.975047112 -0.231467798 -0.026347546 0.972485721 93.132019043
0.969638228 -0.011843450 0.244256705 2.978689194 0.005236292 0.999603033 0.027681693 -1.899066925 -0.244487599 -0.025562229 0.969315350 93.695159912
0.966111004 -0.012776540 0.257810652 3.140949249 0.005916308 0.999607980 0.027367841 -1.892788410 -0.258059204 -0.024915086 0.965807736 94.206459045
0.962300658 -0.011375217 0.271749854 3.298006058 0.004253694 0.999632359 0.026780887 -1.885076761 -0.271954536 -0.024615327 0.961995244 94.755752563
0.959566534 -0.014042798 0.281131357 3.508642197 0.006695131 0.999610901 0.027079545 -1.893508911 -0.281402200 -0.024102416 0.959287107 95.244056702
0.955197692 -0.013350790 0.295667291 3.701824188 0.005225851 0.999587178 0.028253241 -1.912005186 -0.295922399 -0.025442313 0.954873085 95.789123535
0.950435758 -0.012897012 0.310653627 3.882534027 0.004343475 0.999592662 0.028210074 -1.900646925 -0.310890883 -0.025462545 0.950104475 96.297454834
0.946706772 -0.012680412 0.321846724 4.055706024 0.003955441 0.999607205 0.027748566 -1.903387308 -0.322072178 -0.024996711 0.946385086 96.787933350
0.942343891 -0.012849026 0.334399283 4.296697617 0.003490693 0.999585629 0.028571442 -1.893423080 -0.334627837 -0.025756840 0.941998303 97.479606628
0.937194228 -0.012163579 0.348595798 4.517883301 0.002320631 0.999587119 0.028639685 -1.888478041 -0.348800242 -0.026031988 0.936835527 98.003959656
0.932513595 -0.013686786 0.360875338 4.739801407 0.003612993 0.999585211 0.028574806 -1.895374298 -0.361116648 -0.025342559 0.932176232 98.506713867
0.928073108 -0.013868148 0.372139513 4.976844788 0.003586739 0.999592900 0.028305899 -1.898505926 -0.372380525 -0.024935182 0.927745044 99.009521484
0.922333121 -0.015046889 0.386102527 5.220323563 0.003725793 0.999541402 0.030053068 -1.918472052 -0.386377603 -0.026280401 0.921966195 99.487144470
0.916996002 -0.015898805 0.398579240 5.452009201 0.004575855 0.999558985 0.029343607 -1.930224180 -0.398869932 -0.025084132 0.916664362 99.939628601
0.911781490 -0.012770322 0.410477310 5.732021332 0.000888920 0.999575436 0.029123165 -1.880882740 -0.410675049 -0.026189078 0.911405623 100.614555359
0.906281829 -0.013155570 0.422469229 5.986701965 0.000872791 0.999571621 0.029254058 -1.883298159 -0.422673106 -0.026143698 0.905905068 101.099586487
0.899421155 -0.013160659 0.436884731 6.238948822 0.000483742 0.999575973 0.029115209 -1.883678913 -0.437082589 -0.025975501 0.899046242 101.608024597
0.893958926 -0.013923517 0.447932482 6.518447876 0.000914326 0.999571860 0.029245893 -1.893098831 -0.448147923 -0.025735071 0.893588901 102.059036255
0.887978613 -0.013725380 0.459679753 6.791999817 0.000354942 0.999574780 0.029160213 -1.887269974 -0.459884495 -0.025730491 0.887605846 102.563682556
0.880762815 -0.012815790 0.473384202 7.091320038 -0.000088378 0.999629259 0.027227102 -1.854327202 -0.473557651 -0.024022458 0.880435169 103.043777466
0.873426139 -0.013955632 0.486756593 7.358749390 -0.000139795 0.999582052 0.028909525 -1.867785454 -0.486956596 -0.025318379 0.873059154 103.611129761
0.867604136 -0.014161053 0.497053772 7.653572083 -0.000425817 0.999572873 0.029221073 -1.864440680 -0.497255325 -0.025563980 0.867227554 104.082046509
