1.000000000 0.000000000 0.000000000 0.000000000 0.000000000 1.000000000 0.000000000 0.000000000 0.000000000 0.000000000 1.000000000 0.000000000
1.000000000 0.000042012 -0.000018091 0.000551833 -0.000042012 1.000000000 0.000037084 -0.000791727 0.000018093 -0.000037083 1.000000000 -0.001550488
1.000000000 -0.000037194 -0.000013425 0.000825975 0.000037194 1.000000000 -0.000004193 0.000046870 0.000013426 0.000004193 1.000000000 -0.002425574
1.000000000 -0.000123750 -0.000096270 0.001659934 0.000123751 1.000000000 0.000012766 -0.001063262 0.000096269 -0.000012778 1.000000000 -0.003878914
1.000000000 -0.000169224 -0.000122407 0.000131478 0.000169224 1.000000000 0.000005330 0.000514200 0.000122406 -0.000005351 1.000000000 -0.002765281
1.000000000 -0.000088525 -0.000003244 0.000633183 0.000088525 1.000000000 0.000003136 -0.000145872 0.000003244 -0.000003137 1.000000000 -0.001065819
1.000000000 -0.000161809 0.000007273 -0.000266542 0.000161809 1.000000000 0.000057140 -0.000373650 -0.000007282 -0.000057139 1.000000000 -0.002951891
1.000000000 -0.000052982 -0.000073355 0.000896881 0.000052984 1.000000000 0.000032283 -0.000206111 0.000073353 -0.000032287 1.000000000 -0.003367154
1.000000000 -0.000042555 -0.000001211 0.000024771 0.000042555 1.000000000 0.000006456 0.000437012 0.000001210 -0.000006456 1.000000000 -0.000184218
1.000000000 0.000015968 -0.000033291 -0.000399413 -0.000015968 1.000000000 -0.000016086 0.001882054 0.000033291 0.000016087 1.000000000 0.000393055
1.000000000 -0.000106591 -0.000133346 0.001319383 0.000106597 1.000000000 0.000044182 -0.000226245 0.000133341 -0.000044196 1.000000000 -0.000623822
1.000000000 -0.000132719 -0.000085068 0.001650716 0.000132715 1.000000000 -0.000038741 0.000798432 0.000085073 0.000038730 1.000000000 0.000771382
1.000000000 -0.000140401 -0.000032302 -0.000496288 0.000140401 1.000000000 0.000001811 0.001474286 0.000032301 -0.000001815 1.000000000 0.001036939
1.000000000 -0.000123581 -0.000015144 -0.000082213 0.000123581 1.000000000 0.000005857 0.000704380 0.000015143 -0.000005858 1.000000000 -0.003334683
1.000000000 -0.000051744 -0.000048840 0.001798981 0.000051747 1.000000000 0.000051154 -0.000182314 0.000048837 -0.000051157 1.000000000 -0.002269947
1.000000000 -0.000043412 -0.000015242 0.001464731 0.000043414 1.000000000 0.000109800 -0.000652501 0.000015237 -0.000109801 1.000000000 -0.006269737
1.000000000 -0.000122403 -0.000059986 0.001711738 0.000122406 1.000000000 0.000039342 0.000677919 0.000059981 -0.000039350 1.000000000 -0.001475595
1.000000000 0.000009420 -0.000058945 0.001239379 -0.000009417 1.000000000 0.000054545 0.000035617 0.000058946 -0.000054544 1.000000000 -0.002315158
1.000000000 -0.000145934 -0.000094913 0.001895816 0.000145934 1.000000000 0.000001330 -0.000277370 0.000094913 -0.000001344 1.000000000 -0.001941757
1.000000000 -0.000172528 -0.000092838 0.001278718 0.000172529 1.000000000 0.000008670 0.000783504 0.000092837 -0.000008686 1.000000000 0.000638597
1.000000000 -0.000189780 -0.000069941 0.000081493 0.000189784 1.000000000 0.000056379 -0.000200856 0.000069931 -0.000056393 1.000000000 -0.005090248
1.000000000 -0.000071177 -0.000066452 0.003556322 0.000071179 1.000000000 0.000033849 0.000505151 0.000066450 -0.000033854 1.000000000 -0.000795775
1.000000000 -0.000149909 -0.000098560 0.002089418 0.000149915 1.000000000 0.000069744 -0.000173572 0.000098549 -0.000069759 1.000000000 -0.001700754
1.000000000 -0.000180325 -0.000126475 0.001467093 0.000180329 1.000000000 0.000038774 0.000197961 0.000126468 -0.000038797 1.000000000 -0.002774915
1.000000000 -0.000152441 -0.000130137 0.003085360 0.000152446 1.000000000 0.000037496 0.000270136 0.000130131 -0.000037516 1.000000000 -0.001148069
1.000000000 -0.000213406 -0.000095070 0.001972779 0.000213407 1.000000000 0.000017216 0.001312754 0.000095067 -0.000017236 1.000000000 -0.000391377
0.999999940 -0.000227240 -0.000156487 0.001739094 0.000227256 0.999999940 0.000103629 0.000295910 0.000156464 -0.000103665 1.000000000 -0.004448871
0.999999940 -0.000268576 -0.000060126 0.000446596 0.000268579 0.999999940 0.000058965 0.000286975 0.000060111 -0.000058981 1.000000000 -0.003464854
1.000000000 -0.000121185 -0.000098277 0.002500137 0.000121192 1.000000000 0.000076061 -0.000475411 0.000098268 -0.000076073 1.000000000 -0.003045772
1.000000000 -0.000171868 -0.000115355 0.002880677 0.000171879 1.000000000 0.000098820 -0.000709185 0.000115338 -0.000098840 1.000000000 -0.005653477
0.999999940 -0.000261028 -0.000153829 0.001789340 0.000261039 0.999999940 0.000071012 0.000144962 0.000153811 -0.000071052 1.000000000 -0.001681613
0.999999940 -0.000304344 -0.000141966 0.001825430 0.000304356 0.999999940 0.000089777 -0.000362623 0.000141938 -0.000089820 1.000000000 -0.002569344
0.999999940 -0.000281047 -0.000105161 0.001720975 0.000281053 0.999999940 0.000060746 0.000060117 0.000105144 -0.000060775 1.000000000 -0.001567836
0.999999940 -0.000265603 -0.000127138 0.001512748 0.000265607 0.999999940 0.000035015 0.000418665 0.000127129 -0.000035049 1.000000000 -0.001016035
0.999999940 -0.000281136 -0.000101198 0.001161552 0.000281147 0.999999940 0.000106909 -0.000295462 0.000101168 -0.000106938 1.000000000 -0.006698421
0.999999940 -0.000219607 -0.000118585 0.002615519 0.000219605 1.000000000 -0.000013209 0.000965384 0.000118588 0.000013183 1.000000000 -0.000889554
1.000000000 -0.000151810 -0.000105200 0.002786298 0.000151822 1.000000000 0.000113832 0.000334645 0.000105182 -0.000113848 1.000000000 -0.006366660
0.999999940 -0.000314894 -0.000148132 0.002141891 0.000314903 0.999999940 0.000063133 0.000216996 0.000148112 -0.000063180 1.000000000 -0.003573194
0.999999940 -0.000213813 -0.000140410 0.002205911 0.000213828 1.000000000 0.000106221 -0.000575025 0.000140387 -0.000106251 1.000000000 -0.002665145
0.999999940 -0.000271287 -0.000190704 0.003522228 0.000271293 0.999999940 0.000028426 -0.000719441 0.000190697 -0.000028478 1.000000000 -0.000435374
0.999999940 -0.000291182 -0.000110639 0.001749846 0.000291122 0.999999821 -0.000539699 -0.000921655 0.000110796 0.000539667 0.999999821 0.046441618
1.000000000 -0.000078202 -0.000159979 0.002343251 0.000078017 0.999999344 -0.001158938 -0.003315915 0.000160069 0.001158925 0.999999344 0.138870090
1.000000000 -0.000182330 -0.000109439 0.005385444 0.000182170 0.999998927 -0.001458992 -0.006637705 0.000109705 0.001458972 0.999998927 0.253986865
1.000000000 -0.000150819 -0.000021648 0.005433049 0.000150786 0.999998868 -0.001500547 -0.011115938 0.000021874 0.001500544 0.999998868 0.388733506
1.000000000 -0.000050707 -0.000062990 0.008573466 0.000050633 0.999999285 -0.001174378 -0.017932406 0.000063050 0.001174374 0.999999285 0.521198988
1.000000000 -0.000221287 0.000004560 0.012250430 0.000221292 0.999999404 -0.001056275 -0.022786831 -0.000004327 0.001056275 0.999999464 0.681098402
1.000000000 -0.000204237 -0.000079004 0.017669916 0.000204164 0.999999523 -0.000930381 -0.025105294 0.000079194 0.000930365 0.999999583 0.844172418
0.999999940 0.000286773 0.000191856 0.015800506 -0.000286618 0.999999642 -0.000810103 -0.025570661 -0.000192088 0.000810047 0.999999642 1.019695520
1.000000000 0.000196574 -0.000085605 0.026004074 -0.000196597 0.999999881 -0.000271552 -0.044879604 0.000085552 0.000271569 0.999999881 1.188994527
1.000000000 0.000151119 -0.000128040 0.031113250 -0.000151118 0.999999940 0.000005298 -0.051466662 0.000128041 -0.000005279 0.999999940 1.370436549
0.999999940 0.000236056 -0.000191786 0.032205325 -0.000236076 0.999999940 -0.000104435 -0.056569520 0.000191762 0.000104480 1.000000000 1.566798687
0.999999940 -0.000207142 -0.000167454 0.037533425 0.000207140 0.999999940 -0.000012071 -0.063743398 0.000167457 0.000012036 1.000000000 1.753037453
0.999999881 -0.000335433 -0.000430309 0.049276806 0.000335600 0.999999821 0.000386512 -0.073354609 0.000430179 -0.000386657 0.999999881 1.954274416
1.000000000 0.000045534 -0.000024769 0.043152489 -0.000045529 1.000000000 0.000191758 -0.075485498 0.000024778 -0.000191757 1.000000119 2.170767069
0.999999940 0.000401571 0.000030623 0.048005711 -0.000401596 0.999999583 0.000841342 -0.084721945 -0.000030286 -0.000841354 0.999999583 2.391355276
1.000000000 0.000189413 -0.000133559 0.053310666 -0.000189294 0.999999523 0.000893841 -0.090226181 0.000133729 -0.000893816 0.999999583 2.619957209
0.999999821 0.000497298 0.000303554 0.056236483 -0.000497529 0.999999583 0.000760595 -0.098201826 -0.000303175 -0.000760746 0.999999702 2.847687006
0.999999702 0.000727354 0.000340466 0.058095295 -0.000727691 0.999999285 0.000990948 -0.101270616 -0.000339745 -0.000991196 0.999999464 3.080189466
0.999999821 0.000592157 0.000358615 0.063244708 -0.000592460 0.999999464 0.000846619 -0.105824545 -0.000358114 -0.000846832 0.999999583 3.314800978
0.999999881 0.000272398 0.000378426 0.064415008 -0.000272833 0.999999285 0.001148621 -0.123253696 -0.000378113 -0.001148724 0.999999285 3.563226938
0.999999881 0.000364984 0.000337501 0.072008379 -0.000365473 0.999998868 0.001447768 -0.130724475 -0.000336972 -0.001447891 0.999998927 3.809885979
0.999999881 0.000003387 0.000345410 0.078084573 -0.000003899 0.999998868 0.001481508 -0.139441162 -0.000345405 -0.001481510 0.999998868 4.068996429
0.999999583 0.000160493 0.000814613 0.071003258 -0.000161828 0.999998629 0.001639289 -0.146443769 -0.000814349 -0.001639420 0.999998331 4.331888199
0.999999762 0.000077175 0.000597550 0.078074470 -0.000078225 0.999998391 0.001757409 -0.155780420 -0.000597414 -0.001757455 0.999998331 4.589879513
0.999999702 -0.000213450 0.000705437 0.085168920 0.000212022 0.999997795 0.002023740 -0.163614988 -0.000705867 -0.002023590 0.999997735 4.842091560
0.999999821 -0.000096006 0.000519527 0.090100020 0.000094952 0.999997914 0.002028628 -0.171498418 -0.000519721 -0.002028579 0.999997735 5.102192402
0.999999940 -0.000035363 0.000432094 0.096254550 0.000034546 0.999998212 0.001890502 -0.178138465 -0.000432160 -0.001890487 0.999998093 5.364430428
0.999999821 0.000216681 0.000592846 0.100537390 -0.000217843 0.999997973 0.001961080 -0.185725808 -0.000592420 -0.001961209 0.999997854 5.635927200
0.999999821 0.000347846 0.000453741 0.106771797 -0.000348813 0.999997616 0.002134096 -0.195653349 -0.000452998 -0.002134254 0.999997616 5.904138088
0.999999762 -0.000660230 0.000182746 0.119909331 0.000659825 0.999997318 0.002203380 -0.209128544 -0.000184201 -0.002203259 0.999997497 6.175964832
0.999999642 0.000232595 0.000780193 0.111303747 -0.000234365 0.999997377 0.002269835 -0.218556240 -0.000779663 -0.002270017 0.999997139 6.465836525
0.999999523 0.000481455 0.000828963 0.118418410 -0.000483339 0.999997258 0.002274107 -0.229458764 -0.000827866 -0.002274506 0.999997079 6.746259212
0.999999583 0.000330090 0.000884989 0.126334831 -0.000332167 0.999997199 0.002346985 -0.237293184 -0.000884212 -0.002347277 0.999996901 7.048490524
0.999999344 0.000471669 0.000973393 0.140097439 -0.000473968 0.999997079 0.002363525 -0.248912498 -0.000972276 -0.002363985 0.999996781 7.332068443
0.999998927 0.000655164 0.001255396 0.141722977 -0.000658293 0.999996603 0.002493769 -0.259251922 -0.001253758 -0.002494593 0.999996126 7.636753559
0.999999225 0.000123445 0.001225504 0.148994103 -0.000126781 0.999996305 0.002722965 -0.275386959 -0.001225163 -0.002723118 0.999995530 7.954561710
0.999999344 0.000262594 0.001102935 0.153618455 -0.000265387 0.999996841 0.002532783 -0.278628737 -0.001102266 -0.002533074 0.999996126 8.281263351
0.999999225 -0.000052052 0.001200184 0.158162579 0.000048694 0.999996066 0.002797776 -0.293303162 -0.001200325 -0.002797716 0.999995351 8.601125717
0.999998927 0.000197001 0.001449494 0.158687294 -0.000201087 0.999995947 0.002819034 -0.298360825 -0.001448933 -0.002819323 0.999994934 8.940711021
0.999998927 0.000086308 0.001427477 0.175969318 -0.000090604 0.999995410 0.003009792 -0.311934292 -0.001427211 -0.003009918 0.999994397 9.258915901
0.999998927 0.000322039 0.001412618 0.177093253 -0.000326135 0.999995768 0.002900329 -0.325157464 -0.001411677 -0.002900787 0.999994814 9.592947960
0.999998987 0.000585121 0.001347151 0.190397561 -0.000589124 0.999995470 0.002972881 -0.333677441 -0.001345405 -0.002973671 0.999994695 9.934812546
0.999998927 0.000185724 0.001447602 0.194463819 -0.000189846 0.999996006 0.002848139 -0.342599750 -0.001447067 -0.002848411 0.999994934 10.298696518
0.999999046 0.000412203 0.001267155 0.206415594 -0.000416266 0.999994695 0.003208451 -0.358681679 -0.001265826 -0.003208976 0.999994040 10.655905724
0.999999046 -0.000023104 0.001369102 0.212755978 0.000018700 0.999994814 0.003216073 -0.366793185 -0.001369170 -0.003216045 0.999993861 11.024307251
0.999999285 -0.000066923 0.001203825 0.225330517 0.000063156 0.999995232 0.003128837 -0.377939820 -0.001204029 -0.003128760 0.999994338 11.396803856
0.999998569 0.000522183 0.001608891 0.226373598 -0.000527291 0.999994814 0.003176446 -0.386279941 -0.001607224 -0.003177290 0.999993622 11.784143448
0.999999106 -0.000211123 0.001297845 0.242904365 0.000206877 0.999994695 0.003271168 -0.404436171 -0.001298529 -0.003270897 0.999993861 12.170203209
0.999998748 0.000481465 0.001492990 0.257029086 -0.000487120 0.999992728 0.003789599 -0.423880756 -0.001491154 -0.003790322 0.999991715 12.537349701
0.999999285 -0.000559496 0.001034896 0.270715296 0.000555495 0.999992430 0.003862002 -0.434831887 -0.001037048 -0.003861424 0.999992013 12.928243637
0.999998331 0.000812518 0.001613136 0.273327917 -0.000819243 0.999991000 0.004172362 -0.447228014 -0.001609731 -0.004173677 0.999990046 13.327014923
0.999997854 0.000705030 0.001940319 0.283611983 -0.000712692 0.999991953 0.003950884 -0.453426242 -0.001937518 -0.003952258 0.999990344 13.738905907
0.999998689 0.000213521 0.001623747 0.300248146 -0.000220572 0.999990463 0.004343693 -0.489373058 -0.001622804 -0.004344046 0.999989212 14.138014793
0.999998569 0.000143395 0.001683985 0.313488007 -0.000151020 0.999989688 0.004528525 -0.503914475 -0.001683318 -0.004528773 0.999988317 14.558983803
0.999997675 0.000084360 0.002125908 0.321295738 -0.000094616 0.999988258 0.004824497 -0.519436657 -0.002125476 -0.004824687 0.999986053 14.984553337
0.999998152 -0.000434497 0.001878020 0.339641988 0.000425286 0.999987841 0.004902428 -0.534477174 -0.001880127 -0.004901620 0.999986172 15.408671379
0.999996543 0.000206503 0.002639740 0.346361279 -0.000219192 0.999988437 0.004807268 -0.544686258 -0.002638716 -0.004807829 0.999984980 15.849888802
0.999995589 0.000296999 0.002967218 0.355969012 -0.000312047 0.999987125 0.005072179 -0.555949628 -0.002965673 -0.005073082 0.999982774 16.290122986
0.999996066 -0.000468893 0.002756681 0.365204453 0.000455399 0.999987841 0.004893855 -0.568003893 -0.002758943 -0.004892580 0.999984205 16.733085632
0.999995351 -0.000542354 0.002989722 0.380135119 0.000526638 0.999985933 0.005254935 -0.581000507 -0.002992531 -0.005253336 0.999981701 17.191638947
0.999994159 -0.000496612 0.003390624 0.391302168 0.000479456 0.999987006 0.005058810 -0.591526091 -0.003393092 -0.005057154 0.999981463 17.654239655
0.999993145 -0.000663671 0.003622602 0.405873835 0.000644570 0.999985874 0.005271323 -0.604658961 -0.003626049 -0.005268952 0.999979556 18.118139267
0.999992192 -0.000880674 0.003830668 0.422795415 0.000861148 0.999986529 0.005096058 -0.618121982 -0.003835106 -0.005092721 0.999979675 18.595134735
0.999993086 -0.000441189 0.003680476 0.429608464 0.000421646 0.999985814 0.005308861 -0.640847445 -0.003682766 -0.005307273 0.999979138 19.037048340
0.999994159 -0.000274686 0.003397650 0.447533876 0.000255378 0.999983847 0.005681912 -0.652494490 -0.003399156 -0.005681011 0.999978065 19.517410278
0.999994457 0.000084325 0.003321136 0.459089309 -0.000103358 0.999983549 0.005731198 -0.665785015 -0.003320598 -0.005731510 0.999978125 19.981870651
0.999994993 -0.000893361 0.003045235 0.477812022 0.000876575 0.999984443 0.005509088 -0.675245047 -0.003050109 -0.005506392 0.999980211 20.471961975
0.999995530 -0.001064384 0.002802708 0.493070304 0.001047873 0.999982059 0.005886309 -0.698295057 -0.002808924 -0.005883346 0.999978721 20.949621201
0.999996841 -0.001015509 0.002338314 0.499449790 0.001002180 0.999983311 0.005694738 -0.704982817 -0.002344058 -0.005692377 0.999981105 21.461921692
0.999997795 -0.000714684 0.002002141 0.502285600 0.000703389 0.999983847 0.005636299 -0.719421327 -0.002006137 -0.005634879 0.999982059 21.962062836
0.999997318 -0.002000550 0.001182152 0.525944650 0.001992864 0.999977052 0.006468402 -0.747629285 -0.001195065 -0.006466029 0.999978304 22.463541031
0.999997795 -0.001974985 0.000821486 0.535728037 0.001969876 0.999979019 0.006174019 -0.754878640 -0.000833662 -0.006172386 0.999980509 22.980533600
0.999997497 -0.002228348 -0.000011300 0.550508201 0.002228374 0.999976695 0.006450886 -0.771764874 -0.000003075 -0.006450895 0.999979138 23.496604919
0.999994576 -0.003245422 -0.000463073 0.556455672 0.003248390 0.999973178 0.006558775 -0.786869526 0.000441774 -0.006560244 0.999978364 24.012430191
0.999996781 -0.002378880 -0.000791059 0.560417354 0.002384105 0.999974906 0.006671228 -0.803214669 0.000775169 -0.006673093 0.999977350 24.542413712
0.999995410 -0.002558676 -0.001589783 0.571594596 0.002569323 0.999974012 0.006731195 -0.813329756 0.001572518 -0.006735248 0.999976039 25.073909760
0.999996126 -0.001802964 -0.002131156 0.575556159 0.001817251 0.999975681 0.006721074 -0.825629294 0.002118987 -0.006724921 0.999975085 25.570148468
0.999994099 -0.002310759 -0.002570210 0.587081075 0.002327244 0.999976635 0.006429452 -0.837499380 0.002555292 -0.006435395 0.999976039 26.124528885
0.999989569 -0.003305269 -0.003134456 0.585173488 0.003328187 0.999967575 0.007335055 -0.854353070 0.003110110 -0.007345411 0.999968171 26.629877090
0.999990523 -0.002601010 -0.003485722 0.594701231 0.002627604 0.999967337 0.007646842 -0.872819185 0.003465718 -0.007655929 0.999964654 27.174718857
0.999986470 -0.002997103 -0.004286309 0.602232277 0.003029858 0.999966085 0.007655703 -0.885069251 0.004263220 -0.007668585 0.999961495 27.669610977
0.999983728 -0.002971001 -0.004875625 0.608747244 0.003007218 0.999967813 0.007437783 -0.892770112 0.004853370 -0.007452323 0.999960542 28.218671799
0.999983191 -0.002747849 -0.005090356 0.613347292 0.002786381 0.999967337 0.007578067 -0.904705882 0.005069366 -0.007592125 0.999958336 28.722665787
0.999982178 -0.002844555 -0.005242269 0.620648384 0.002883687 0.999967933 0.007472261 -0.915275097 0.005220845 -0.007487245 0.999958336 29.267990112
0.999981165 -0.002837139 -0.005436475 0.620024145 0.002880439 0.999964058 0.007973533 -0.931984425 0.005413657 -0.007989042 0.999953449 29.767129898
0.999980867 -0.002651176 -0.005588209 0.627976239 0.002694338 0.999966502 0.007730397 -0.942162514 0.005567526 -0.007745307 0.999954522 30.324661255
0.999980569 -0.002425234 -0.005740398 0.631891608 0.002470128 0.999966264 0.007826654 -0.951921880 0.005721222 -0.007840683 0.999952853 30.843061447
0.999975801 -0.002663017 -0.006426373 0.653821766 0.002712251 0.999966919 0.007664804 -0.965904415 0.006405750 -0.007682049 0.999949992 31.377395630
0.999975383 -0.002773411 -0.006449583 0.663543701 0.002823316 0.999966025 0.007741543 -0.984665990 0.006427892 -0.007759561 0.999949276 31.909078598
0.999972939 -0.003242154 -0.006601468 0.646771669 0.003294614 0.999962986 0.007951462 -0.991566777 0.006575445 -0.007972996 0.999946594 32.396717072
0.999968290 -0.003589492 -0.007108109 0.654118598 0.003647640 0.999959886 0.008184553 -1.005524635 0.007078446 -0.008210221 0.999941230 32.944076538
0.999968350 -0.003410797 -0.007187281 0.656883359 0.003470153 0.999959886 0.008262342 -1.014997125 0.007158812 -0.008287021 0.999940038 33.490955353
0.999970555 -0.003044304 -0.007047551 0.633240104 0.003101585 0.999962151 0.008131204 -1.045786858 0.007022530 -0.008152823 0.999942124 33.988033295
0.999972105 -0.003127319 -0.006793053 0.636552274 0.003180920 0.999963820 0.007894104 -1.048965454 0.006768120 -0.007915492 0.999945760 34.549465179
0.999970973 -0.002730696 -0.007113142 0.648855031 0.002787182 0.999964595 0.007943263 -1.066313028 0.007091200 -0.007962857 0.999943197 35.081077576
0.999967158 -0.003235306 -0.007429471 0.659118354 0.003294383 0.999962986 0.007953458 -1.073422670 0.007403463 -0.007977673 0.999940813 35.627330780
0.999971151 -0.002558072 -0.007153664 0.679407835 0.002615563 0.999964297 0.008038843 -1.091731310 0.007132844 -0.008057322 0.999942124 36.206554413
0.999967575 -0.002561407 -0.007637130 0.652774155 0.002624227 0.999962687 0.008226982 -1.118587017 0.007615774 -0.008246757 0.999936998 36.686958313
0.999963462 -0.002980038 -0.008020080 0.663166881 0.003044660 0.999962866 0.008057378 -1.130716681 0.007995771 -0.008081502 0.999935389 37.233070374
0.999962568 -0.003238441 -0.008025811 0.679176271 0.003307663 0.999957323 0.008626728 -1.143161058 0.007997531 -0.008652952 0.999930620 37.787094116
0.999962926 -0.002584079 -0.008212381 0.665946841 0.002652361 0.999961913 0.008314537 -1.155396700 0.008190583 -0.008336011 0.999931753 38.329463959
0.999957740 -0.003367384 -0.008550663 0.664223790 0.003441627 0.999956369 0.008682899 -1.180514693 0.008521050 -0.008711962 0.999925673 38.843219757
0.999949992 -0.004258462 -0.009049843 0.679251075 0.004338719 0.999951184 0.008867295 -1.195314646 0.009011641 -0.008906117 0.999919713 39.378471375
0.999955595 -0.003696160 -0.008660363 0.694623709 0.003774776 0.999951661 0.009079132 -1.214854717 0.008626385 -0.009111422 0.999921262 39.920837402
0.999950349 -0.004379930 -0.008958641 0.692817688 0.004461157 0.999948919 0.009067050 -1.226606131 0.008918470 -0.009106565 0.999918759 40.487056732
0.999958992 -0.002462070 -0.008707632 0.688229442 0.002539174 0.999957561 0.008854807 -1.233595252 0.008685461 -0.008876557 0.999922812 40.991390228
0.999943972 -0.003907281 -0.009843808 0.757880747 0.004004052 0.999943614 0.009830084 -1.295439124 0.009804843 -0.009868947 0.999903202 41.659095764
0.999951780 -0.002438110 -0.009512212 0.713074028 0.002521566 0.999958336 0.008771497 -1.249303341 0.009490429 -0.008795061 0.999916255 42.061492920
0.999949038 -0.002875717 -0.009675688 0.719875336 0.002961557 0.999956191 0.008869173 -1.257207036 0.009649758 -0.008897377 0.999913812 42.590160370
0.999952018 -0.003131841 -0.009279438 0.701494455 0.003214860 0.999954820 0.008945291 -1.281199574 0.009251003 -0.008974695 0.999916911 43.122802734
0.999953747 -0.003023666 -0.009127348 0.707140565 0.003105527 0.999954939 0.008967898 -1.292333364 0.009099821 -0.008995829 0.999918103 43.669048309
0.999952018 -0.003019588 -0.009318968 0.711491227 0.003103701 0.999954462 0.009024794 -1.299596548 0.009291295 -0.009053283 0.999915838 44.194316864
0.999957025 -0.002358510 -0.008961038 0.711936712 0.002437461 0.999958277 0.008809831 -1.310354829 0.008939883 -0.008831294 0.999921024 44.746864319
0.999951065 -0.003294357 -0.009324302 0.729139447 0.003378302 0.999953747 0.009001409 -1.319599509 0.009294217 -0.009032470 0.999916017 45.273712158
0.999951720 -0.002876960 -0.009395408 0.745718360 0.002963409 0.999953270 0.009200286 -1.341214299 0.009368502 -0.009227686 0.999913454 45.799926758
0.999952257 -0.002843885 -0.009350250 0.745630741 0.002929979 0.999953270 0.009206833 -1.347474813 0.009323629 -0.009233790 0.999913931 46.359912872
0.999952376 -0.003134040 -0.009235244 0.749671638 0.003225025 0.999946237 0.009853507 -1.362778187 0.009203865 -0.009882823 0.999908805 46.864612579
0.999945045 -0.003458054 -0.009895349 0.773420095 0.003551526 0.999949038 0.009444068 -1.377775669 0.009862187 -0.009478692 0.999906421 47.325202942
0.999952257 -0.002401872 -0.009466467 0.832564473 0.002489644 0.999953926 0.009271125 -1.374129415 0.009443764 -0.009294252 0.999912262 47.887928009
0.999946058 -0.003614900 -0.009746529 0.764652252 0.003708074 0.999947429 0.009558586 -1.406492949 0.009711464 -0.009594212 0.999906778 48.418560028
0.999943733 -0.003560926 -0.009988325 0.773577034 0.003656053 0.999947906 0.009521779 -1.417650461 0.009953901 -0.009557761 0.999904752 48.966136932
0.999954164 -0.002745677 -0.009167933 0.769651651 0.002835153 0.999948323 0.009760956 -1.429205894 0.009140658 -0.009786502 0.999910355 49.498062134
0.999951780 -0.003347427 -0.009225244 0.772544622 0.003436146 0.999947846 0.009618009 -1.435340405 0.009192569 -0.009649245 0.999911189 50.057540894
0.999949872 -0.003110053 -0.009513240 0.781843603 0.003202261 0.999947846 0.009692879 -1.459756613 0.009482599 -0.009722857 0.999907792 50.555122375
0.999951184 -0.003058793 -0.009397143 0.779950023 0.003152481 0.999945343 0.009971270 -1.473061562 0.009366130 -0.010000408 0.999906123 51.092887878
0.999947727 -0.003197532 -0.009712973 0.789543331 0.003292312 0.999946952 0.009757771 -1.477685690 0.009681257 -0.009789239 0.999905229 51.600387573
0.999950290 -0.003093011 -0.009481821 0.798596680 0.003185716 0.999947131 0.009777640 -1.489994168 0.009451076 -0.009807363 0.999907196 52.149204254
0.999947906 -0.003023916 -0.009756770 0.807623327 0.003117108 0.999949574 0.009550460 -1.500853300 0.009727398 -0.009580376 0.999906778 52.697986603
0.999946296 -0.003495207 -0.009753741 0.816500902 0.003588798 0.999947548 0.009594388 -1.511913180 0.009719697 -0.009628878 0.999906421 53.211639404
0.999949574 -0.002516028 -0.009724440 0.823489964 0.002610710 0.999949217 0.009736056 -1.527903080 0.009699449 -0.009760954 0.999905288 53.786155701
0.999948442 -0.003230795 -0.009619313 0.817970276 0.003324188 0.999947369 0.009708747 -1.539218664 0.009587439 -0.009740224 0.999906600 54.256141663
0.999946833 -0.003175372 -0.009812429 0.824433029 0.003271869 0.999946356 0.009833697 -1.547909617 0.009780676 -0.009865282 0.999903440 54.802951813
0.999947906 -0.003234003 -0.009682603 0.837193549 0.003330564 0.999944687 0.009973115 -1.564907312 0.009649813 -0.010004843 0.999903381 55.267414093
0.999944746 -0.003567365 -0.009884251 0.860292971 0.003664264 0.999945283 0.009802684 -1.574736834 0.009848741 -0.009838360 0.999903142 55.834423065
0.999950469 -0.002695266 -0.009586249 0.845462263 0.002788260 0.999949038 0.009700635 -1.578029394 0.009559614 -0.009726881 0.999907017 56.366401672
0.999950826 -0.002882293 -0.009483328 0.854984820 0.002976868 0.999945879 0.009973814 -1.595084906 0.009454067 -0.010001554 0.999905288 56.920475006
0.999953687 -0.002789097 -0.009211287 0.847908735 0.002882294 0.999944568 0.010119898 -1.611475706 0.009182552 -0.010145980 0.999906361 57.392509460
0.999951959 -0.003226088 -0.009259017 0.860707939 0.003319945 0.999943078 0.010139369 -1.618419409 0.009225779 -0.010169623 0.999905705 57.912246704
0.999949574 -0.003390417 -0.009457710 0.871404767 0.003482074 0.999946952 0.009691609 -1.629404068 0.009424352 -0.009724054 0.999908268 58.441047668
0.999956429 -0.002552745 -0.008971010 0.862446427 0.002644551 0.999944031 0.010236735 -1.644638538 0.008944376 -0.010260014 0.999907374 58.951854706
0.999954104 -0.002971664 -0.009109030 0.886409402 0.003066862 0.999940574 0.010454846 -1.641425014 0.009077420 -0.010482301 0.999903858 59.542816162
0.999954760 -0.002806842 -0.009084156 0.884488583 0.002900969 0.999942064 0.010365058 -1.672956228 0.009054536 -0.010390941 0.999905050 60.041717529
0.999959350 -0.001700675 -0.008852226 0.884344220 0.001794852 0.999941707 0.010641716 -1.676074624 0.008833613 -0.010657174 0.999904156 60.612339020
0.999951959 -0.002777393 -0.009395193 0.903050780 0.002880786 0.999935210 0.011009308 -1.708498955 0.009364008 -0.011035846 0.999895215 61.115734100
0.999959588 -0.001872380 -0.008788876 0.903222144 0.001970433 0.999935687 0.011161121 -1.720450878 0.008767414 -0.011177987 0.999899089 61.637756348
0.999957502 -0.001582120 -0.009080335 0.926938951 0.001679468 0.999941051 0.010723159 -1.726793528 0.009062836 -0.010737954 0.999901295 62.166019440
0.999949813 -0.001917482 -0.009837124 0.993224323 0.002017737 0.999945879 0.010191691 -1.726280212 0.009817051 -0.010211028 0.999899685 62.801498413
0.999950767 -0.002244938 -0.009668864 0.931893468 0.002346582 0.999942005 0.010513979 -1.748575330 0.009644701 -0.010536150 0.999897957 63.389842987
0.999948442 -0.002896095 -0.009724597 0.962618709 0.003004949 0.999932706 0.011197763 -1.794298649 0.009691513 -0.011226409 0.999889970 63.570312500
0.999952376 -0.002586653 -0.009403413 0.966081381 0.002688885 0.999937296 0.010875447 -1.804253459 0.009374693 -0.010900213 0.999896646 64.116798401
0.999951422 -0.002907280 -0.009413900 0.978345037 0.003006797 0.999939561 0.010574389 -1.811647058 0.009382587 -0.010602182 0.999899745 64.656044006
0.999954760 -0.002576870 -0.009156198 0.981412530 0.002678292 0.999934912 0.011081950 -1.826588631 0.009127046 -0.011105972 0.999896705 65.195556641
0.999945223 -0.003616839 -0.009823701 1.021324396 0.003727664 0.999929309 0.011286596 -1.837156057 0.009782186 -0.011322597 0.999888062 65.597007751
0.999937892 -0.004224814 -0.010307875 1.001378536 0.004320844 0.999947309 0.009311793 -1.807455301 0.010267992 -0.009355756 0.999903500 66.238288879
0.999939442 -0.003666120 -0.010374267 1.057736397 0.003784919 0.999927223 0.011454969 -1.870929956 0.010331516 -0.011493540 0.999880552 66.620040894
0.999943078 -0.003129296 -0.010205349 1.048258662 0.003240074 0.999935806 0.010856475 -1.869605780 0.010170721 -0.010888921 0.999889016 67.179267883
0.999939024 -0.003977471 -0.010302529 1.036777496 0.004088270 0.999933779 0.010755962 -1.865891457 0.010259064 -0.010797424 0.999889135 67.753593445
0.999945223 -0.002639755 -0.010138138 1.053881168 0.002746420 0.999940872 0.010521598 -1.881940842 0.010109765 -0.010548864 0.999893248 68.284996033
0.999943674 -0.003618160 -0.009975484 1.066782236 0.003726126 0.999934435 0.010825897 -1.902303219 0.009935660 -0.010862459 0.999891639 68.786285400
0.999928474 -0.004567717 -0.011058554 1.071968317 0.004667595 0.999948382 0.009022830 -1.858884215 0.011016769 -0.009073799 0.999898136 69.441238403
0.999944210 -0.003701671 -0.009882311 1.079800844 0.003805680 0.999937356 0.010526784 -1.920103192 0.009842725 -0.010563808 0.999895751 69.869491577
0.999943614 -0.003592832 -0.009993781 1.077186823 0.003693896 0.999942064 0.010112620 -1.917011142 0.009956870 -0.010148967 0.999898851 70.396080017
0.999921918 -0.005594316 -0.011170995 1.110406399 0.005702162 0.999937177 0.009645776 -1.922574043 0.011116333 -0.009708723 0.999891043 70.966545105
0.999948025 -0.003261188 -0.009658650 1.080655813 0.003356637 0.999945581 0.009882631 -1.935369730 0.009625895 -0.009914538 0.999904454 71.504348755
0.999939263 -0.004106854 -0.010229872 1.108490109 0.004211519 0.999938786 0.010231043 -1.944461226 0.010187227 -0.010273505 0.999895334 71.980201721
0.999937475 -0.004053431 -0.010424426 1.114568591 0.004154431 0.999944448 0.009685475 -1.949388027 0.010384589 -0.009728177 0.999898732 72.578796387
0.999933124 -0.004559217 -0.010627309 1.118781805 0.004668404 0.999936283 0.010272061 -1.974689603 0.010579798 -0.010320988 0.999890685 73.065025330
0.999934196 -0.004519769 -0.010542680 1.125948310 0.004625974 0.999938607 0.010071283 -1.985200405 0.010496513 -0.010119393 0.999893665 73.607139587
0.999929905 -0.004958459 -0.010744431 1.134951949 0.005068557 0.999934733 0.010244046 -2.002288342 0.010692935 -0.010297789 0.999889731 74.124839783
0.999939859 -0.004047816 -0.010191114 1.130569696 0.004148159 0.999942958 0.009844447 -1.995610476 0.010150684 -0.009886131 0.999899626 74.698303223
0.999929309 -0.004874855 -0.010843887 1.151264668 0.004977291 0.999943018 0.009439518 -2.003074408 0.010797254 -0.009492823 0.999896646 75.265945435
0.999930203 -0.005147608 -0.010631165 1.149317265 0.005251956 0.999938071 0.009810925 -2.025521755 0.010580003 -0.009866077 0.999895334 75.759948730
0.999936879 -0.004288279 -0.010378262 1.142206788 0.004389150 0.999943137 0.009716393 -2.018549919 0.010336007 -0.009761334 0.999898911 76.313758850
0.999933064 -0.004957287 -0.010453441 1.167659402 0.005049571 0.999948323 0.008820319 -2.028316259 0.010409177 -0.008872516 0.999906421 76.915489197
0.999940515 -0.004384653 -0.009982227 1.150799870 0.004480680 0.999943733 0.009617875 -2.036672592 0.009939493 -0.009662032 0.999903858 77.411659241
0.999938309 -0.004308869 -0.010240275 1.157910109 0.004403885 0.999947250 0.009274319 -2.043761492 0.010199774 -0.009318843 0.999904513 77.956809998
0.999949098 -0.002978924 -0.009642354 1.167458177 0.003069740 0.999950945 0.009417417 -2.055681944 0.009613828 -0.009446538 0.999909103 78.499137878
0.999945700 -0.003933183 -0.009642612 1.177412510 0.004023616 0.999947965 0.009377116 -2.058217049 0.009605226 -0.009415407 0.999909461 79.059570312
0.999954641 -0.004071674 -0.008609109 1.189243317 0.004151175 0.999948740 0.009236941 -2.072437286 0.008571058 -0.009272260 0.999920249 79.588928223
0.999966979 -0.003930336 -0.007103713 1.197330713 0.003993290 0.999952674 0.008869821 -2.073797703 0.007068514 -0.008897897 0.999935389 80.150596619
0.999974847 -0.004209149 -0.005699514 1.220203876 0.004259841 0.999951243 0.008911273 -2.091377735 0.005661726 -0.008935330 0.999944031 80.674766541
0.999989808 -0.004073806 -0.001979686 1.231007814 0.004091557 0.999950767 0.009046723 -2.103257656 0.001942734 -0.009054732 0.999957085 81.227050781
0.999987602 -0.004861538 0.001030816 1.257315636 0.004852002 0.999947131 0.009059194 -2.111417770 -0.001074803 -0.009054079 0.999958456 81.747673035
0.999978125 -0.004756697 0.004587445 1.278890371 0.004714249 0.999946415 0.009219740 -2.120391130 -0.004631055 -0.009197913 0.999946952 82.306747437
0.999946177 -0.004545402 0.009325312 1.288468003 0.004463062 0.999951065 0.008831795 -2.117960215 -0.009364999 -0.008789700 0.999917448 82.872291565
0.999872804 -0.004362814 0.015338523 1.312535644 0.004220985 0.999948144 0.009266889 -2.129436016 -0.015378157 -0.009200967 0.999839425 83.440299988
0.999768198 -0.004416764 0.021072011 1.341042757 0.004227070 0.999950230 0.009038258 -2.140785217 -0.021110881 -0.008947091 0.999737144 83.992187500
0.999642015 -0.004572052 0.026362043 1.389427423 0.004335423 0.999949872 0.009026280 -2.148127556 -0.026401991 -0.008908759 0.999611676 84.558212280
0.999386489 -0.004072626 0.034785200 1.403034210 0.003747939 0.999948859 0.009394219 -2.156136036 -0.034821678 -0.009258083 0.999350667 85.099761963
0.999090672 -0.004532096 0.042394582 1.480277538 0.004161889 0.999952495 0.008816637 -2.176195860 -0.042432524 -0.008632178 0.999062061 85.722564697
0.998767376 -0.004870572 0.049396936 1.521818638 0.004446482 0.999952316 0.008691609 -2.184869289 -0.049436916 -0.008461253 0.998741388 86.309150696
0.998297334 -0.005156455 0.058100663 1.573922634 0.004659078 0.999951303 0.008692829 -2.194298029 -0.058142666 -0.008407333 0.998272896 86.868598938
0.997670531 -0.005298902 0.068010166 1.636048317 0.004724843 0.999951780 0.008598872 -2.200541019 -0.068052456 -0.008257503 0.997647583 87.401626587
0.997043729 -0.004953740 0.076676495 1.700914860 0.004282677 0.999951065 0.008913844 -2.220007181 -0.076716900 -0.008559110 0.997016191 87.930114746
0.996399522 -0.005064020 0.084630907 1.774749279 0.004317177 0.999950111 0.009005389 -2.237683773 -0.084672272 -0.008607598 0.996371686 88.479301453
0.995466590 -0.005410506 0.094957471 1.849857807 0.004560205 0.999947548 0.009169265 -2.246457577 -0.095002092 -0.008694671 0.995439112 89.022216797
0.994418204 -0.005801210 0.105350025 1.944910526 0.004881497 0.999947727 0.008985819 -2.256254673 -0.105396658 -0.008421397 0.994394600 89.564010620
0.993430555 -0.006844319 0.114231907 2.038300514 0.005867674 0.999943256 0.008883715 -2.269752502 -0.114286251 -0.008155077 0.993414402 90.125968933
0.992164135 -0.007367640 0.124724105 2.133873940 0.006316362 0.999941111 0.008822180 -2.278805017 -0.124781758 -0.007965248 0.992152214 90.658859253
0.990496218 -0.006519237 0.137384936 2.226675987 0.005295682 0.999943018 0.009269665 -2.296029806 -0.137437522 -0.008454021 0.990474343 91.202209473
0.988937020 -0.007060068 0.148167849 2.334229469 0.005766182 0.999941349 0.009160319 -2.305191517 -0.148223817 -0.008204616 0.988919735 91.750701904
0.987325430 -0.007525153 0.158529907 2.441304207 0.006120661 0.999937534 0.009345860 -2.315852642 -0.158590347 -0.008257096 0.987310052 92.297523499
0.985189974 -0.007971571 0.171281055 2.563783646 0.006490268 0.999936521 0.009206614 -2.325662613 -0.171343625 -0.007958602 0.985179126 92.832069397
0.982995391 -0.008410607 0.183437377 2.687380791 0.006729246 0.999929428 0.009786426 -2.339521646 -0.183506757 -0.008385615 0.982982695 93.370292664
0.981014967 -0.008435201 0.193748623 2.811288834 0.006668867 0.999930024 0.009767053 -2.347722530 -0.193817466 -0.008289540 0.981002569 93.906044006
0.978294432 -0.008465436 0.207046628 2.945781708 0.006584771 0.999930501 0.009770762 -2.356321573 -0.207114950 -0.008195328 0.978282273 94.444602966
0.975432098 -0.009475645 0.220096156 3.096286774 0.007479128 0.999922931 0.009902637 -2.366371155 -0.220173046 -0.008013222 0.975427926 94.979492188
0.972773194 -0.009457964 0.231566027 3.240268707 0.007325369 0.999922454 0.010067560 -2.375203371 -0.231643260 -0.008097147 0.972767115 95.517745972
0.969818532 -0.010105156 0.243618265 3.405929565 0.007897341 0.999918461 0.010037608 -2.387354374 -0.243699789 -0.007810722 0.969819248 96.035041809
0.966298938 -0.010464098 0.257209510 3.581518173 0.008091682 0.999914408 0.010280411 -2.396099567 -0.257295072 -0.007852694 0.966300905 96.577339172
0.962940574 -0.010392732 0.269513369 3.748609543 0.007962672 0.999917150 0.010108190 -2.402716637 -0.269596159 -0.007587539 0.962943494 97.111671448
0.959779978 -0.011391262 0.280521780 3.941534042 0.008791210 0.999905944 0.010525246 -2.422599316 -0.280615360 -0.007635796 0.959789872 97.622787476
0.955454707 -0.011175409 0.294926137 4.127590179 0.008284317 0.999904633 0.011050411 -2.426556110 -0.295021504 -0.008114905 0.955456138 98.160064697
0.951200306 -0.011815479 0.308347762 4.327442169 0.008870647 0.999900699 0.010950438 -2.440915346 -0.308446527 -0.007680816 0.951210678 98.683494568
0.947396278 -0.012156057 0.319832057 4.522544861 0.009076040 0.999896944 0.011118958 -2.449568272 -0.319934219 -0.007631252 0.947409034 99.191574097
0.943090498 -0.012647343 0.332295984 4.733682632 0.009393911 0.999890924 0.011395437 -2.463739872 -0.332403898 -0.007625367 0.943106294 99.702682495
0.938121438 -0.013265854 0.346052349 4.950437546 0.009934937 0.999885619 0.011397585 -2.470194101 -0.346163958 -0.007254310 0.938145936 100.212043762
0.933430433 -0.013988374 0.358485639 5.169094086 0.010529688 0.999877214 0.011598587 -2.477586746 -0.358603895 -0.007051733 0.933463156 100.725700378
0.929299057 -0.014170443 0.369056106 5.389793396 0.010563071 0.999874651 0.011793371 -2.489443779 -0.369176954 -0.007061204 0.929332316 101.221603394
0.923816442 -0.013963974 0.382580996 5.620592117 0.010256926 0.999878645 0.011727612 -2.493374348 -0.382698268 -0.006910054 0.923847556 101.723663330
0.918287754 -0.014746249 0.395638943 5.862285614 0.010954360 0.999869883 0.011841793 -2.500029564 -0.395762116 -0.006540203 0.918329716 102.221481323
0.913458884 -0.015485086 0.406636566 6.113529205 0.011712890 0.999862194 0.011764096 -2.508735657 -0.406762749 -0.005983128 0.913514256 102.718643188
0.907249033 -0.015929366 0.420292199 6.369918823 0.011947739 0.999855280 0.012104638 -2.519295216 -0.420424163 -0.005960378 0.907308102 103.203636169
0.900620103 -0.016260810 0.434303015 6.652450562 0.012115043 0.999850810 0.012312452 -2.528609276 -0.434438348 -0.005827242 0.900682867 103.696578979
0.894834995 -0.016920747 0.446076274 6.923126221 0.012565841 0.999840081 0.012719101 -2.547698975 -0.446220189 -0.005776173 0.894904494 104.167930603
0.889232516 -0.017637793 0.457115144 7.209621429 0.013340634 0.999831200 0.012626776 -2.542327166 -0.457260728 -0.005129934 0.889317870 104.684700012
0.882137716 -0.018362649 0.470633477 7.490196228 0.013998734 0.999820471 0.012771181 -2.548782349 -0.470783532 -0.004677667 0.882236362 105.162773132
0.875275373 -0.018495059 0.483271122 7.773246765 0.013897564 0.999817669 0.013093049 -2.556676149 -0.483425170 -0.004743732 0.875372827 105.629943848
