1.000000000 0.000000000 0.000000000 0.000000000 0.000000000 1.000000000 0.000000000 0.000000000 0.000000000 0.000000000 1.000000000 0.000000000
1.000000000 0.000150532 0.000126214 -0.003419409 -0.000150514 1.000000000 -0.000144019 0.003219754 -0.000126235 0.000144000 1.000000000 0.004896727
1.000000000 0.000115630 0.000020228 0.000355355 -0.000115627 1.000000000 -0.000120711 0.002356998 -0.000020242 0.000120709 1.000000000 0.005187854
0.999999940 0.000276014 0.000094305 -0.000151057 -0.000276009 0.999999940 -0.000048306 0.001712232 -0.000094319 0.000048280 1.000000000 -0.000920587
1.000000000 -0.000038913 -0.000035946 0.003311097 0.000038909 1.000000000 -0.000118035 0.002251617 0.000035951 0.000118034 1.000000000 -0.000130499
1.000000000 -0.000035627 -0.000091032 0.003314360 0.000035628 1.000000000 0.000014854 -0.000032633 0.000091032 -0.000014857 1.000000000 -0.000381007
1.000000000 0.000112365 0.000156860 -0.005167931 -0.000112340 1.000000000 -0.000154034 0.003063143 -0.000156877 0.000154016 1.000000000 0.002629116
1.000000000 -0.000005813 -0.000006546 -0.000095698 0.000005813 1.000000000 -0.000001849 0.001327558 0.000006546 0.000001849 1.000000000 -0.000578787
1.000000000 -0.000021894 0.000147444 -0.004761761 0.000021915 1.000000000 -0.000144507 0.003204932 -0.000147441 0.000144510 1.000000000 0.004880480
1.000000000 0.000145897 0.000192256 -0.003933173 -0.000145876 1.000000000 -0.000108399 0.001301822 -0.000192271 0.000108371 1.000000000 0.000080217
1.000000000 0.000142883 0.000028840 0.001881323 -0.000142883 1.000000000 -0.000009891 0.001541481 -0.000028842 0.000009887 1.000000000 -0.003877137
1.000000000 0.000000129 0.000034287 0.000785384 -0.000000127 1.000000000 -0.000047746 0.000917239 -0.000034287 0.000047746 1.000000000 -0.006494974
1.000000000 -0.000023068 0.000088788 -0.002673003 0.000023073 1.000000000 -0.000056491 0.001147804 -0.000088786 0.000056493 1.000000000 -0.004670233
1.000000000 -0.000082057 0.000098621 -0.002006260 0.000082057 1.000000000 -0.000000853 -0.000336125 -0.000098621 0.000000861 1.000000000 0.000264412
1.000000000 0.000053463 0.000063041 0.000508899 -0.000053460 1.000000000 -0.000054926 0.000891079 -0.000063044 0.000054923 1.000000000 -0.003450866
0.999999940 -0.000232761 -0.000122402 0.002747272 0.000232756 1.000000000 -0.000039695 0.000415366 0.000122412 0.000039666 1.000000000 -0.006178845
1.000000000 -0.000125490 -0.000090392 0.002273112 0.000125487 1.000000000 -0.000034583 -0.000622266 0.000090396 0.000034572 1.000000000 -0.007443646
1.000000000 -0.000038668 0.000187825 -0.003969136 0.000038662 1.000000000 0.000028740 -0.000585393 -0.000187826 -0.000028733 1.000000000 -0.002478990
1.000000000 0.000011561 -0.000003256 0.000860679 -0.000011561 1.000000000 0.000040097 0.001310655 0.000003256 -0.000040097 1.000000000 -0.006064287
1.000000000 -0.000127483 0.000025054 -0.000813669 0.000127482 1.000000000 0.000038393 -0.001018798 -0.000025059 -0.000038390 1.000000000 -0.006705191
1.000000000 -0.000031031 0.000055909 -0.000451022 0.000031028 1.000000000 0.000052708 -0.000797609 -0.000055911 -0.000052706 1.000000000 -0.006452119
1.000000000 -0.000098847 0.000046369 -0.000216308 0.000098845 1.000000000 0.000047912 -0.001548607 -0.000046374 -0.000047908 1.000000000 -0.004741254
1.000000000 0.000054351 0.000141612 -0.005071921 -0.000054327 1.000000000 -0.000174990 0.002296676 -0.000141621 0.000174983 1.000000000 0.002671782
1.000000000 -0.000093242 -0.000055162 0.001335750 0.000093242 1.000000000 -0.000001736 -0.000860213 0.000055162 0.000001731 1.000000000 -0.001654443
1.000000000 -0.000091073 0.000039140 -0.001800401 0.000091071 1.000000000 0.000060988 0.000574402 -0.000039145 -0.000060984 1.000000000 -0.000001972
1.000000000 -0.000054383 -0.000082799 0.004094611 0.000054376 1.000000000 -0.000075347 0.001759694 0.000082803 0.000075342 1.000000000 -0.006881451
1.000000000 -0.000181573 0.000025191 -0.000456890 0.000181574 1.000000000 -0.000022855 0.001044405 -0.000025187 0.000022859 1.000000000 -0.004957587
1.000000000 0.000136539 0.000168204 -0.003581693 -0.000136521 1.000000000 -0.000105166 0.001195680 -0.000168219 0.000105143 1.000000000 -0.001644984
1.000000000 -0.000010989 0.000122582 -0.003501240 0.000010984 1.000000000 0.000038566 0.000644773 -0.000122583 -0.000038565 1.000000000 -0.000295766
0.999999940 -0.000227220 -0.000121668 0.001854088 0.000227226 1.000000000 0.000046611 0.001194389 0.000121657 -0.000046639 1.000000000 -0.007633566
1.000000000 -0.000024153 0.000061681 -0.003261214 0.000024153 1.000000000 0.000000505 0.000126635 -0.000061681 -0.000000503 1.000000000 -0.002080601
1.000000000 -0.000064027 0.000096927 -0.003074675 0.000064022 1.000000000 0.000056192 0.000659045 -0.000096931 -0.000056186 1.000000000 0.001176199
1.000000000 -0.000196782 0.000056108 -0.003773702 0.000196780 1.000000000 0.000035717 0.000282693 -0.000056115 -0.000035706 1.000000000 -0.004755675
1.000000000 -0.000147080 -0.000024267 -0.001639333 0.000147081 1.000000000 0.000030974 0.000333316 0.000024263 -0.000030977 1.000000000 -0.006241986
1.000000000 0.000100317 0.000069503 -0.000971246 -0.000100320 1.000000000 0.000041044 -0.000781923 -0.000069499 -0.000041051 1.000000000 -0.005232060
1.000000000 -0.000015543 0.000145931 -0.003999142 0.000015549 1.000000000 -0.000041577 0.001314834 -0.000145931 0.000041579 1.000000000 0.000316312
1.000000000 -0.000166762 -0.000127117 0.002331326 0.000166776 1.000000000 0.000105865 -0.000948512 0.000127099 -0.000105886 1.000000000 -0.010695869
1.000000000 0.000038770 0.000048813 -0.003608328 -0.000038762 1.000000000 -0.000175268 0.003360762 -0.000048820 0.000175266 1.000000000 -0.000305599
1.000000000 -0.000203785 0.000031620 -0.001969031 0.000203783 1.000000000 0.000056114 0.001041224 -0.000031631 -0.000056107 1.000000000 -0.001262487
1.000000000 -0.000152947 -0.000063227 0.001344822 0.000152954 1.000000000 0.000098721 -0.000236678 0.000063212 -0.000098730 1.000000000 -0.008061289
0.999999940 -0.000275011 -0.000067358 -0.000877231 0.000275015 0.999999940 0.000045984 -0.001198636 0.000067346 -0.000046003 1.000000000 -0.004357415
1.000000000 -0.000111897 -0.000018985 0.003296246 0.000111886 0.999999821 -0.000564633 -0.005183336 0.000019048 0.000564631 0.999999821 0.050795455
1.000000000 -0.000058050 0.000053633 0.001681668 0.000058119 0.999999166 -0.001278273 -0.002840161 -0.000053559 0.001278276 0.999999166 0.147925794
1.000000000 -0.000044233 -0.000042083 0.005248885 0.000044172 0.999998927 -0.001461632 -0.010698524 0.000042148 0.001461630 0.999998927 0.261403441
1.000000000 -0.000126979 0.000079364 0.002728621 0.000127086 0.999999046 -0.001354330 -0.016612077 -0.000079192 0.001354340 0.999999106 0.392816573
1.000000000 -0.000071018 -0.000110444 0.006009683 0.000070892 0.999999344 -0.001133407 -0.020284809 0.000110524 0.001133400 0.999999344 0.533782840
0.999999940 -0.000029725 -0.000279001 0.018178454 0.000029425 0.999999404 -0.001076005 -0.026077138 0.000279033 0.001075996 0.999999404 0.687980652
0.999999881 -0.000509912 -0.000182530 0.021832719 0.000509781 0.999999642 -0.000714889 -0.031103566 0.000182895 0.000714796 0.999999702 0.846373856
0.999999940 -0.000214805 -0.000348387 0.026083980 0.000214581 0.999999762 -0.000641791 -0.037650406 0.000348525 0.000641716 0.999999762 1.033004642
1.000000000 0.000052339 0.000216378 0.009344606 -0.000052206 0.999999821 -0.000614942 -0.044857986 -0.000216410 0.000614930 0.999999762 1.208022475
0.999999881 -0.000426596 -0.000201629 0.034254435 0.000426522 0.999999821 -0.000366604 -0.050616659 0.000201786 0.000366518 0.999999940 1.420735478
0.999999523 -0.000656109 -0.000712432 0.045310330 0.000656012 0.999999762 -0.000136908 -0.061161593 0.000712521 0.000136440 0.999999762 1.603267074
0.999999344 -0.001093403 -0.000417157 0.037478168 0.001093535 0.999999344 0.000316172 -0.067089379 0.000416811 -0.000316628 0.999999881 1.795765638
0.999998391 0.001770523 -0.000211685 0.056634165 -0.001770258 0.999997675 0.001241815 -0.098545805 0.000213883 -0.001241439 0.999999225 1.945122004
0.999998450 0.001737893 -0.000082063 0.064667739 -0.001737808 0.999998033 0.001017940 -0.102530800 0.000083832 -0.001017796 0.999999523 2.170859814
0.999998331 0.001818307 -0.000100575 0.071259290 -0.001818180 0.999997556 0.001244462 -0.108523414 0.000102837 -0.001244277 0.999999225 2.369091034
0.999997973 0.002001681 -0.000100105 0.079250701 -0.002001551 0.999997139 0.001291505 -0.117875226 0.000102690 -0.001291302 0.999999166 2.597018003
0.999997914 0.002016274 0.000244338 0.080194019 -0.002016605 0.999996960 0.001361647 -0.122931272 -0.000241592 -0.001362136 0.999999046 2.828771114
0.999997795 0.002081603 -0.000026162 0.085261315 -0.002081560 0.999996603 0.001548629 -0.130844444 0.000029385 -0.001548571 0.999998808 3.064263105
0.999998152 0.001897240 0.000036079 0.097898908 -0.001897301 0.999996603 0.001795154 -0.147557914 -0.000032673 -0.001795219 0.999998331 3.275809765
0.999997914 0.002050006 0.000029395 0.104693547 -0.002050054 0.999996364 0.001764818 -0.153378353 -0.000025777 -0.001764875 0.999998450 3.531548023
0.999997795 0.002126734 0.000007630 0.107692979 -0.002126744 0.999996126 0.001779764 -0.161164135 -0.000003845 -0.001779776 0.999998391 3.781729460
0.999998331 0.001821861 0.000104379 0.115716040 -0.001822064 0.999996364 0.001980101 -0.164498881 -0.000100771 -0.001980288 0.999998033 4.045547485
0.999997020 0.002297711 0.000791547 0.108482115 -0.002299407 0.999995053 0.002148770 -0.176704064 -0.000786606 -0.002150584 0.999997377 4.266463757
0.999997258 0.002277522 0.000459642 0.121831432 -0.002278487 0.999995172 0.002110960 -0.182310805 -0.000454832 -0.002112002 0.999997616 4.530964375
0.999997675 0.002004025 0.000749542 0.130081341 -0.002005701 0.999995530 0.002242773 -0.192513898 -0.000745044 -0.002244271 0.999997199 4.785529137
0.999997675 0.002016610 0.000792197 0.142754644 -0.002018280 0.999995768 0.002112930 -0.202147961 -0.000787933 -0.002114524 0.999997437 5.061330318
0.999998033 0.001797213 0.000883956 0.130119801 -0.001799467 0.999995172 0.002556079 -0.210974604 -0.000879358 -0.002557665 0.999996305 5.320239067
0.999998391 0.001611997 0.000794758 0.126752242 -0.001613929 0.999995708 0.002436502 -0.230628952 -0.000790827 -0.002437781 0.999996722 5.552106857
0.999997258 0.002135568 0.001013614 0.131248012 -0.002137972 0.999994874 0.002377233 -0.236040428 -0.001008532 -0.002379394 0.999996662 5.824430943
0.999996066 0.002547437 0.001133520 0.137649149 -0.002550012 0.999994159 0.002275937 -0.245333925 -0.001127715 -0.002278819 0.999996781 6.102128506
0.999995828 0.002539951 0.001374671 0.141386628 -0.002543709 0.999993026 0.002738416 -0.256896168 -0.001367706 -0.002741902 0.999995351 6.380771160
0.999997377 0.002037048 0.000967396 0.153102413 -0.002039763 0.999993980 0.002813865 -0.272887677 -0.000961658 -0.002815831 0.999995530 6.649794102
0.999996960 0.002156653 0.001195178 0.165426567 -0.002160001 0.999993682 0.002806852 -0.282238126 -0.001189118 -0.002809425 0.999995351 6.943392277
0.999997020 0.002119938 0.001223883 0.171312422 -0.002123922 0.999992490 0.003263486 -0.293799013 -0.001216956 -0.003266076 0.999993980 7.240144253
0.999997258 0.001954910 0.001319754 0.176702753 -0.001959236 0.999992788 0.003284618 -0.301310092 -0.001313323 -0.003287194 0.999993742 7.548789978
0.999997616 0.001849946 0.001174738 0.181756899 -0.001853912 0.999992549 0.003383828 -0.315370411 -0.001168469 -0.003385998 0.999993563 7.884001732
0.999996424 0.002251367 0.001469146 0.187284902 -0.002255965 0.999992549 0.003135559 -0.322664589 -0.001462075 -0.003138862 0.999993980 8.200986862
0.999998331 0.001621036 0.000882647 0.202888325 -0.001623878 0.999993503 0.003230022 -0.326489151 -0.000877405 -0.003231450 0.999994338 8.520903587
0.999996901 0.002050048 0.001448913 0.197152123 -0.002054637 0.999992847 0.003173018 -0.333428919 -0.001442398 -0.003175985 0.999993920 8.871675491
0.999997318 0.001860321 0.001393518 0.207841277 -0.001864496 0.999993742 0.003000381 -0.346584201 -0.001387928 -0.003002971 0.999994516 9.173504829
0.999998569 0.001135873 0.001304402 0.218277469 -0.001139682 0.999995053 0.002923409 -0.354750007 -0.001301075 -0.002924891 0.999994874 9.515215874
0.999998808 0.001088193 0.001058586 0.223169267 -0.001091157 0.999995410 0.002803123 -0.354298860 -0.001055531 -0.002804275 0.999995530 9.865534782
0.999997437 0.001769438 0.001414200 0.227425486 -0.001773539 0.999994218 0.002904316 -0.372563571 -0.001409053 -0.002906817 0.999994755 10.227158546
0.999997675 0.001737348 0.001269241 0.235420614 -0.001741717 0.999992490 0.003448944 -0.386139274 -0.001263239 -0.003451147 0.999993205 10.588829994
0.999997497 0.001638566 0.001511195 0.254044890 -0.001643922 0.999992371 0.003550248 -0.399945259 -0.001505366 -0.003552724 0.999992549 10.911413193
0.999996126 0.002203399 0.001635152 0.257765740 -0.002209355 0.999990880 0.003649154 -0.414701015 -0.001627097 -0.003652753 0.999992013 11.294926643
0.999996841 0.001672963 0.001812817 0.275157958 -0.001679822 0.999991477 0.003789173 -0.419208527 -0.001806462 -0.003792206 0.999991179 11.668205261
0.999995649 0.002211991 0.001912522 0.275976509 -0.002219631 0.999989510 0.004002261 -0.436864436 -0.001903648 -0.004006488 0.999990165 12.041529655
0.999994993 0.001983559 0.002435141 0.277948111 -0.001993267 0.999990046 0.003990483 -0.443645984 -0.002427202 -0.003995316 0.999989033 12.417181015
0.999997199 0.001338050 0.001966007 0.298386335 -0.001345676 0.999991536 0.003882993 -0.461367100 -0.001960794 -0.003885627 0.999990523 12.797967911
0.999997556 0.001314918 0.001770149 0.313313782 -0.001322588 0.999989748 0.004338795 -0.480629086 -0.001764425 -0.004341126 0.999989033 13.189321518
0.999995112 0.002155779 0.002295721 0.321305394 -0.002164805 0.999989867 0.003936338 -0.478104264 -0.002287212 -0.003941289 0.999989629 13.601344109
0.999991596 0.002874622 0.002927843 0.311033577 -0.002887199 0.999986589 0.004300490 -0.489813507 -0.002915442 -0.004308907 0.999986529 14.014889717
0.999996424 0.000754296 0.002561881 0.333539218 -0.000764881 0.999991179 0.004133366 -0.522326469 -0.002558740 -0.004135311 0.999988198 14.383215904
0.999995887 0.000864059 0.002738031 0.346594930 -0.000875848 0.999990344 0.004307188 -0.530316532 -0.002734284 -0.004309569 0.999987006 14.803277969
0.999994338 0.000946909 0.003231769 0.358886927 -0.000961734 0.999989033 0.004588883 -0.546365380 -0.003227388 -0.004591966 0.999984324 15.224534035
0.999991953 0.001428401 0.003734361 0.372367650 -0.001447788 0.999985456 0.005194128 -0.561388195 -0.003726888 -0.005199493 0.999979556 15.673479080
0.999987841 0.002194365 0.004430168 0.354383796 -0.002217188 0.999984264 0.005153480 -0.587412596 -0.004418790 -0.005163240 0.999976933 16.126977921
0.999991715 0.000913226 0.003973428 0.391336232 -0.000937025 0.999981582 0.005991614 -0.631979346 -0.003967884 -0.005995288 0.999974132 16.504859924
0.999987364 0.001909090 0.004656977 0.402199417 -0.001936069 0.999981284 0.005795637 -0.641923249 -0.004645826 -0.005804580 0.999972343 16.965524673
0.999987006 0.001964950 0.004715576 0.414926291 -0.001993283 0.999979913 0.006011365 -0.649292648 -0.004703670 -0.006020687 0.999970853 17.422100067
0.999988139 0.001589281 0.004619427 0.432724893 -0.001617696 0.999979734 0.006153949 -0.667034090 -0.004609552 -0.006161348 0.999970436 17.872138977
0.999984622 0.001018847 0.005461275 0.443485975 -0.001053423 0.999979436 0.006331980 -0.669609308 -0.005454711 -0.006337636 0.999965072 18.380226135
0.999986172 0.000895100 0.005168407 0.471568823 -0.000927237 0.999980211 0.006219073 -0.697840452 -0.005162738 -0.006223779 0.999967277 18.821315765
0.999982893 0.001782808 0.005573251 0.484946936 -0.001816290 0.999980271 0.006008307 -0.709838927 -0.005562429 -0.006018328 0.999966383 19.295370102
0.999986887 0.001286781 0.004934016 0.507334232 -0.001318234 0.999978840 0.006376736 -0.724545538 -0.004925705 -0.006383158 0.999967515 19.760854721
0.999984086 0.001782636 0.005349195 0.501245379 -0.001816549 0.999978125 0.006341653 -0.738987267 -0.005337773 -0.006351269 0.999965608 20.280653000
0.999988496 0.000220714 0.004795738 0.542271495 -0.000252354 0.999978185 0.006597971 -0.763234138 -0.004794177 -0.006599105 0.999966681 20.723344803
0.999991298 0.000485471 0.004166812 0.552832067 -0.000511758 0.999979973 0.006310024 -0.765242517 -0.004163665 -0.006312102 0.999971390 21.227188110
0.999991298 0.000378470 0.004145881 0.550355911 -0.000405944 0.999977946 0.006628125 -0.789412081 -0.004143280 -0.006629750 0.999969482 21.699768066
0.999992490 0.000657686 0.003819925 0.591708302 -0.000685651 0.999972939 0.007324214 -0.813232601 -0.003815005 -0.007326778 0.999965906 22.175523758
0.999995232 0.000787744 0.003001475 0.593611240 -0.000808302 0.999976218 0.006854471 -0.817656934 -0.002996004 -0.006856864 0.999971986 22.690954208
0.999995828 0.000810698 0.002794727 0.600369871 -0.000829701 0.999976516 0.006805209 -0.829934478 -0.002789144 -0.006807498 0.999972939 23.241846085
0.999998152 -0.000737639 0.001731042 0.625309050 0.000725787 0.999976456 0.006837414 -0.848479450 -0.001736045 -0.006836148 0.999975145 23.726705551
0.999999285 0.000042658 0.001174445 0.634336829 -0.000050669 0.999976754 0.006821992 -0.857408881 -0.001174127 -0.006822045 0.999976039 24.247137070
1.000000000 0.000142616 0.000024816 0.650089502 -0.000142783 0.999976575 0.006852493 -0.869853139 -0.000023838 -0.006852497 0.999976516 24.771726608
0.999999881 0.000445169 0.000213917 0.651068449 -0.000446641 0.999975979 0.006935767 -0.878562689 -0.000210824 -0.006935862 0.999975920 25.313144684
0.999999940 -0.000195137 0.000112831 0.659548759 0.000194384 0.999978006 0.006634629 -0.888080060 -0.000114123 -0.006634607 0.999977946 25.862583160
0.999999762 0.000089814 -0.000540885 0.673448205 -0.000085618 0.999969900 0.007752746 -0.906303704 0.000541565 -0.007752699 0.999969780 26.388122559
0.999999583 0.000422132 -0.000794917 0.685021937 -0.000415665 0.999966979 0.008117671 -0.926277518 0.000798318 -0.008117338 0.999966741 26.920352936
0.999998689 0.001243351 -0.000975280 0.689974427 -0.001236463 0.999974489 0.007031146 -0.933021069 0.000983997 -0.007029931 0.999974787 27.497806549
0.999998987 0.000568084 -0.001238291 0.695232749 -0.000558416 0.999969482 0.007793834 -0.948788524 0.001242681 -0.007793136 0.999968827 27.987882614
0.999998689 0.001052371 -0.001212196 0.701616526 -0.001042517 0.999966621 0.008101303 -0.965639889 0.001220682 -0.008100030 0.999966383 28.544748306
0.999997914 0.001835457 -0.000858070 0.686055779 -0.001828540 0.999966383 0.007993761 -0.981643498 0.000872713 -0.007992175 0.999967694 29.104671478
0.999996901 0.001270425 -0.002123731 0.715239704 -0.001253562 0.999967813 0.007922960 -0.989755929 0.002133727 -0.007920272 0.999966383 29.594465256
0.999997139 0.001088733 -0.002138052 0.726179779 -0.001070926 0.999964893 0.008312184 -1.006880045 0.002147026 -0.008309869 0.999963164 30.144721985
0.999995410 0.000571709 -0.002989734 0.743401587 -0.000545881 0.999962568 0.008632793 -1.024464726 0.002994559 -0.008631120 0.999958277 30.693832397
0.999996245 0.001486763 -0.002307395 0.740855396 -0.001466772 0.999961495 0.008641752 -1.040011168 0.002320155 -0.008638335 0.999960005 31.166597366
0.999995589 0.001448119 -0.002583395 0.759084582 -0.001425981 0.999962449 0.008550435 -1.061578631 0.002595680 -0.008546715 0.999960065 31.724182129
0.999996006 0.001601359 -0.002303394 0.762407899 -0.001581702 0.999962568 0.008510530 -1.064100862 0.002316937 -0.008506854 0.999961138 32.272457123
0.999992073 0.003506642 -0.001869872 0.754364789 -0.003492308 0.999964952 0.007614641 -1.067824602 0.001896509 -0.007608050 0.999969304 32.817222595
0.999995470 0.002509702 -0.001657469 0.752724648 -0.002495130 0.999958694 0.008735767 -1.100593209 0.001679325 -0.008731592 0.999960482 33.279991150
0.999995768 0.001325202 -0.002581606 0.769703686 -0.001302062 0.999959171 0.008944457 -1.108711481 0.002593354 -0.008941057 0.999956608 33.847221375
0.999995828 0.000988300 -0.002697187 0.775737524 -0.000964100 0.999959409 0.008958890 -1.113999248 0.002705931 -0.008956253 0.999956250 34.365009308
0.999994576 0.002029667 -0.002580803 0.783510208 -0.002008301 0.999963999 0.008254689 -1.120378971 0.002597463 -0.008249460 0.999962628 34.918334961
0.999995172 0.001167160 -0.002885356 0.784660220 -0.001141258 0.999959171 0.008962261 -1.154458404 0.002895699 -0.008958925 0.999955654 35.461566925
0.999993920 0.002613892 -0.002302645 0.803416014 -0.002593899 0.999959290 0.008642949 -1.159295797 0.002325143 -0.008636923 0.999959946 35.991237640
0.999994159 0.002596188 -0.002220211 0.781086385 -0.002576735 0.999958694 0.008719981 -1.166261673 0.002242758 -0.008714209 0.999959469 36.537681580
0.999995768 0.001634635 -0.002430452 0.773433387 -0.001613557 0.999961317 0.008649134 -1.170801759 0.002444496 -0.008645175 0.999959648 37.097896576
0.999993920 0.001128859 -0.003302732 0.842608154 -0.001097096 0.999953270 0.009603288 -1.201069474 0.003313418 -0.009599605 0.999948442 37.620494843
0.999992788 0.001468151 -0.003522104 0.849296570 -0.001437171 0.999960363 0.008782329 -1.206593633 0.003534858 -0.008777204 0.999955177 38.175033569
0.999992609 0.000649874 -0.003778022 0.852394402 -0.000616515 0.999960899 0.008824336 -1.208347440 0.003783608 -0.008821942 0.999953926 38.674068451
0.999993145 0.001924191 -0.003167751 0.851247907 -0.001897114 0.999961793 0.008528672 -1.194456697 0.003184042 -0.008522604 0.999958694 39.260898590
0.999991357 0.001082411 -0.004017483 0.894852579 -0.001043268 0.999952018 0.009732533 -1.234147072 0.004027826 -0.009728258 0.999944627 39.835121155
0.999991775 0.000884636 -0.003944294 0.889479756 -0.000847245 0.999954700 0.009471205 -1.243520856 0.003952495 -0.009467784 0.999947369 40.402240753
0.999994397 0.001395895 -0.003031541 0.900426328 -0.001367851 0.999956429 0.009232958 -1.237057805 0.003044297 -0.009228761 0.999952853 40.888904572
0.999994636 0.001071837 -0.003103543 0.898262322 -0.001042539 0.999954939 0.009426393 -1.245797157 0.003113508 -0.009423107 0.999950767 41.415573120
0.999993563 0.001121881 -0.003401686 0.926523030 -0.001085662 0.999942839 0.010630744 -1.306215405 0.003413418 -0.010626981 0.999937713 41.904006958
0.999994338 0.000337937 -0.003344144 0.939599872 -0.000301908 0.999941885 0.010768293 -1.316814423 0.003347588 -0.010767223 0.999936461 42.455245972
0.999993920 0.001596482 -0.003080622 0.932629108 -0.001563763 0.999942660 0.010594046 -1.331165433 0.003097360 -0.010589165 0.999939144 42.975147247
0.999994397 0.001401260 -0.003035255 0.942720115 -0.001369072 0.999943078 0.010580977 -1.342118979 0.003049908 -0.010576765 0.999939442 43.512096405
0.999994099 0.000968092 -0.003297960 0.956151962 -0.000934228 0.999946952 0.010254305 -1.347845316 0.003307711 -0.010251164 0.999942005 44.064151764
0.999994636 0.001480878 -0.002912973 0.965477288 -0.001451416 0.999947965 0.010090209 -1.354406118 0.002927762 -0.010085925 0.999944806 44.605323792
0.999993742 0.000627655 -0.003471758 0.974958062 -0.000591508 0.999945700 0.010402902 -1.366985202 0.003478099 -0.010400783 0.999939859 45.136909485
0.999994338 0.001526048 -0.002995000 0.985957623 -0.001497147 0.999952495 0.009628226 -1.374783993 0.003009553 -0.009623686 0.999949217 45.682949066
0.999994874 0.001670808 -0.002742109 1.001597643 -0.001642723 0.999946415 0.010213038 -1.394481897 0.002759026 -0.010208482 0.999944091 46.219337463
0.999995649 0.001679412 -0.002437493 1.018254638 -0.001654797 0.999947906 0.010065440 -1.399941087 0.002454270 -0.010061362 0.999946356 46.771774292
0.999995470 0.002246021 -0.002004158 1.000590801 -0.002225731 0.999946713 0.010069146 -1.410073161 0.002026667 -0.010064639 0.999947369 47.284553528
0.999996126 0.001587523 -0.002284040 1.015776038 -0.001564588 0.999948680 0.010008260 -1.419645309 0.002299812 -0.010004647 0.999947309 47.845195770
0.999995649 0.001736339 -0.002386924 1.031408906 -0.001711386 0.999944270 0.010416511 -1.438730478 0.002404878 -0.010412379 0.999942899 48.380290985
0.999995768 0.001708915 -0.002352483 1.045491934 -0.001683389 0.999940097 0.010810525 -1.452695251 0.002370817 -0.010806520 0.999938846 48.924125671
0.999995708 0.001669539 -0.002407234 1.059028745 -0.001645701 0.999949932 0.009870836 -1.454690456 0.002423594 -0.009866832 0.999948382 49.468673706
0.999995768 0.002014902 -0.002108921 1.057509303 -0.001993063 0.999944925 0.010306761 -1.466153741 0.002129572 -0.010302513 0.999944627 49.981422424
0.999995947 0.001556290 -0.002414816 1.070976734 -0.001530772 0.999943316 0.010533590 -1.478762150 0.002431073 -0.010529850 0.999941587 50.518001556
0.999996483 0.001689302 -0.002043619 1.076633215 -0.001668380 0.999946654 0.010196463 -1.478375912 0.002060734 -0.010193019 0.999945939 51.056133270
0.999995708 0.001774058 -0.002296779 1.094445348 -0.001749485 0.999941707 0.010657017 -1.499239683 0.002315549 -0.010652955 0.999940515 51.569572449
0.999995649 0.002122601 -0.002026725 1.105557084 -0.002100594 0.999939561 0.010799279 -1.504607439 0.002049524 -0.010794976 0.999939620 52.117950439
0.999995112 0.002636746 -0.001643669 1.101496220 -0.002620599 0.999949157 0.009749256 -1.506192923 0.001669290 -0.009744901 0.999951065 52.679363251
0.999997199 0.001928280 -0.001312086 1.103723884 -0.001914480 0.999943674 0.010438614 -1.532907248 0.001332141 -0.010436073 0.999944627 53.185894012
0.999997139 0.001772069 -0.001587457 1.114320874 -0.001755007 0.999941409 0.010685503 -1.541432142 0.001606299 -0.010682687 0.999941587 53.736122131
0.999996781 0.002280465 -0.001091527 1.114303827 -0.002268770 0.999941289 0.010598125 -1.553527951 0.001115631 -0.010595613 0.999943197 54.278465271
0.999997139 0.002050637 -0.001235298 1.126755834 -0.002037763 0.999944508 0.010334326 -1.554660559 0.001256421 -0.010331779 0.999945760 54.822689056
0.999997795 0.001279139 -0.001673975 1.146001458 -0.001261966 0.999946952 0.010220633 -1.557757378 0.001686958 -0.010218496 0.999946296 55.323719025
0.999998689 0.001566887 -0.000072872 1.134230375 -0.001566073 0.999948025 0.010072537 -1.578308105 0.000088651 -0.010072410 0.999949276 55.840732574
0.999997854 0.002034948 0.000135416 1.147842050 -0.002036208 0.999947250 0.010067740 -1.585801840 -0.000114922 -0.010067992 0.999949336 56.385189056
0.999999404 0.000834220 -0.000552536 1.160713434 -0.000828992 0.999955535 0.009394724 -1.594618320 0.000560349 -0.009394261 0.999955714 56.938083649
0.999999285 0.001198898 -0.000148526 1.153667927 -0.001197398 0.999952137 0.009714621 -1.607115746 0.000160166 -0.009714436 0.999952793 57.488311768
0.999998808 0.001529726 0.000289597 1.184148669 -0.001532419 0.999953330 0.009540767 -1.607972741 -0.000274990 -0.009541200 0.999954402 57.960048676
0.999999464 0.001097883 0.000092982 1.200645208 -0.001098714 0.999954462 0.009471136 -1.620815873 -0.000082580 -0.009471232 0.999955118 58.505435944
0.999998987 0.001270024 0.000662192 1.210221171 -0.001276040 0.999957204 0.009165396 -1.633913040 -0.000650524 -0.009166232 0.999957740 59.040500641
0.999998510 0.001509627 0.000815029 1.203212976 -0.001517811 0.999947488 0.010136764 -1.651703119 -0.000799685 -0.010137988 0.999948263 59.571258545
0.999998510 0.001455995 0.000892568 1.220223069 -0.001464391 0.999953985 0.009478975 -1.659993410 -0.000878727 -0.009480271 0.999954641 60.122928619
0.999997973 0.001927452 0.000296999 1.263198853 -0.001930484 0.999942243 0.010572068 -1.689999819 -0.000276606 -0.010572623 0.999944031 60.631267548
0.999999225 0.001012229 0.000728837 1.256952286 -0.001019257 0.999952376 0.009707749 -1.679879665 -0.000718976 -0.009708486 0.999952555 61.174964905
0.999999464 0.000821831 0.000604956 1.276570559 -0.000827147 0.999960542 0.008839180 -1.679280996 -0.000597668 -0.008839676 0.999960721 61.717636108
0.999998033 0.001829512 0.000701586 1.280881763 -0.001836038 0.999953985 0.009417021 -1.687559366 -0.000684324 -0.009418292 0.999955475 62.217826843
0.999997020 0.001733344 0.001714787 1.281039715 -0.001750040 0.999950588 0.009783192 -1.717883110 -0.001697744 -0.009786166 0.999950588 62.769500732
0.999994874 0.002652550 0.001761146 1.284081697 -0.002670139 0.999945819 0.010061702 -1.732192278 -0.001734364 -0.010066354 0.999947786 63.309402466
0.999994695 0.002452126 0.002130026 1.288423657 -0.002473935 0.999943852 0.010297142 -1.746701002 -0.002104657 -0.010302359 0.999944687 63.853977203
0.999996901 0.001993931 0.001495426 1.312142134 -0.002009505 0.999942958 0.010486682 -1.759905219 -0.001474430 -0.010489656 0.999943852 64.380805969
0.999996126 0.001643014 0.002234059 1.329013824 -0.001665364 0.999948204 0.010039427 -1.763903379 -0.002217449 -0.010043110 0.999947071 64.870132446
0.999990821 0.002851258 0.003200448 1.334001541 -0.002882329 0.999948323 0.009746238 -1.777421236 -0.003172493 -0.009755373 0.999947309 65.404106140
0.999994814 0.001992446 0.002504301 1.348930240 -0.002014517 0.999958873 0.008841943 -1.773377419 -0.002486580 -0.008846941 0.999957800 65.964241028
0.999994814 0.001981138 0.002549398 1.372338295 -0.002006721 0.999947250 0.010071794 -1.800615549 -0.002529310 -0.010076856 0.999945998 66.486106873
0.999995470 0.001973329 0.002281319 1.385832548 -0.001994631 0.999954045 0.009373404 -1.809023857 -0.002262716 -0.009377912 0.999953449 67.026435852
0.999997199 0.001201044 0.002089458 1.410434604 -0.001219687 0.999959230 0.008943743 -1.792020321 -0.002078631 -0.008946266 0.999957800 67.560775757
0.999994099 0.001930238 0.002882272 1.404869556 -0.001958182 0.999950826 0.009723820 -1.829284191 -0.002863362 -0.009729406 0.999948561 68.067001343
0.999992907 0.002135516 0.003112460 1.420064092 -0.002165541 0.999950826 0.009675424 -1.841721773 -0.003091646 -0.009682096 0.999948323 68.590599060
0.999993622 0.001878979 0.003054245 1.437372446 -0.001909481 0.999948084 0.010014229 -1.855127811 -0.003035272 -0.010019998 0.999945164 69.150024414
0.999993324 0.001960149 0.003060763 1.452071667 -0.001990076 0.999949872 0.009805077 -1.865672708 -0.003041389 -0.009811103 0.999947190 69.656143188
0.999994040 0.001738184 0.002969614 1.481316090 -0.001766329 0.999953270 0.009501747 -1.873071790 -0.002952959 -0.009506934 0.999950409 70.178833008
0.999987721 0.002937178 0.003987948 1.465881824 -0.002976981 0.999945462 0.010011752 -1.900785089 -0.003958325 -0.010023504 0.999941826 70.730140686
0.999990582 0.002321800 0.003646105 1.471203327 -0.002356163 0.999952495 0.009448826 -1.917748213 -0.003623992 -0.009457329 0.999948680 71.323112488
0.999991298 0.002308947 0.003475430 1.494791865 -0.002342759 0.999949634 0.009756466 -1.922124147 -0.003452728 -0.009764521 0.999946356 71.754486084
0.999991238 0.001986055 0.003684459 1.506988168 -0.002022774 0.999948025 0.009989107 -1.929296255 -0.003664430 -0.009996473 0.999943316 72.310760498
0.999991119 0.002173427 0.003609832 1.518618226 -0.002209439 0.999947488 0.010002253 -1.945912480 -0.003587903 -0.010010139 0.999943435 72.875701904
0.999989033 0.002232381 0.004117475 1.533112288 -0.002274697 0.999944389 0.010301350 -1.967204809 -0.004094249 -0.010310603 0.999938428 73.388710022
0.999987066 0.003006375 0.004132465 1.552393436 -0.003047295 0.999946058 0.009931489 -1.978514910 -0.004102385 -0.009943954 0.999942124 73.902320862
0.999992430 0.001839631 0.003439211 1.574491978 -0.001872352 0.999952793 0.009535054 -1.989920974 -0.003421507 -0.009541420 0.999948621 74.442459106
0.999992609 0.002052814 0.003234414 1.627139449 -0.002086013 0.999944866 0.010294588 -2.027397394 -0.003213103 -0.010301258 0.999941766 74.935539246
0.999986410 0.002695144 0.004451880 1.599313021 -0.002739418 0.999946415 0.009969159 -2.012503624 -0.004424775 -0.009981219 0.999940395 75.470062256
0.999985695 0.002965340 0.004444690 1.616342664 -0.003009491 0.999945879 0.009959997 -2.024577141 -0.004414913 -0.009973232 0.999940515 76.009368896
0.999982715 0.003327053 0.004834929 1.618750811 -0.003374899 0.999945045 0.009921642 -2.031317711 -0.004801653 -0.009937788 0.999939084 76.570075989
0.999983668 0.003364051 0.004609963 1.629017591 -0.003409493 0.999945283 0.009885126 -2.050196648 -0.004576458 -0.009900684 0.999940455 77.080017090
0.999977946 0.002902515 0.005966204 1.620322227 -0.002963900 0.999942482 0.010305849 -2.054518223 -0.005935948 -0.010323307 0.999929011 77.543846130
0.999978662 0.002709498 0.005934523 1.632078409 -0.002768717 0.999946237 0.009993362 -2.059059143 -0.005907126 -0.010009581 0.999932349 78.097610474
0.999977410 0.003061833 0.005978394 1.654710531 -0.003121491 0.999945164 0.009995138 -2.073840857 -0.005947461 -0.010013575 0.999932170 78.631118774
0.999963284 0.004051861 0.007551479 1.668425083 -0.004127510 0.999941170 0.010029309 -2.084875822 -0.007510397 -0.010060112 0.999921203 79.178222656
0.999951959 0.003550732 0.009138571 1.682729006 -0.003640905 0.999944687 0.009869693 -2.093277931 -0.009103021 -0.009902491 0.999909520 79.697540283
0.999935448 0.003969739 0.010644319 1.691877961 -0.004071696 0.999945939 0.009574093 -2.100439310 -0.010605737 -0.009616815 0.999897480 80.260482788
0.999924779 0.004127341 0.011556946 1.707615137 -0.004235263 0.999947488 0.009329475 -2.110184669 -0.011517833 -0.009377718 0.999889731 80.819358826
0.999879956 0.004192700 0.014917784 1.723034143 -0.004344980 0.999938667 0.010190200 -2.143730640 -0.014874144 -0.010253795 0.999836802 81.300888062
0.999816835 0.005009745 0.018473679 1.752637625 -0.005202882 0.999932170 0.010421493 -2.159165144 -0.018420218 -0.010515701 0.999775052 81.835876465
0.999764562 0.003929421 0.021337850 1.781455398 -0.004148808 0.999938846 0.010247077 -2.169506311 -0.021296280 -0.010333192 0.999719799 82.364440918
0.999629080 0.003794953 0.026966572 1.769997478 -0.004066022 0.999941707 0.010004334 -2.186700106 -0.026927033 -0.010110271 0.999586225 82.860313416
0.999441206 0.004577888 0.033109110 1.804995537 -0.004921544 0.999934733 0.010305453 -2.201109886 -0.033059776 -0.010462643 0.999398589 83.397575378
0.999267220 0.003539037 0.038112335 1.865220547 -0.003917180 0.999943793 0.009851721 -2.204463959 -0.038075328 -0.009993795 0.999224842 83.958915710
0.998992503 0.001212526 0.044861201 1.844506264 -0.001691366 0.999942005 0.010637406 -2.243855000 -0.044845700 -0.010702565 0.998936594 84.418922424
0.998588562 0.001547187 0.053090766 1.901968002 -0.002112224 0.999941707 0.010588394 -2.250620604 -0.053071287 -0.010685588 0.998533607 84.976135254
0.998150408 0.000102753 0.060792536 1.964335442 -0.000718675 0.999948621 0.010109759 -2.258409262 -0.060788371 -0.010134748 0.998099208 85.512817383
0.997581601 0.002144685 0.069471918 1.998109102 -0.002894241 0.999938607 0.010690471 -2.270678043 -0.069444731 -0.010865686 0.997526586 86.059585571
0.997007608 0.001115592 0.077295586 2.077668667 -0.001926183 0.999943972 0.010413140 -2.296002865 -0.077279635 -0.010530865 0.996953845 86.593399048
0.996140659 -0.001120222 0.087763913 2.112040520 0.000170170 0.999941289 0.010831824 -2.349629402 -0.087770894 -0.010775086 0.996082425 87.068138123
0.995378256 -0.002136921 0.096007593 2.181825638 0.001144453 0.999945402 0.010391267 -2.355939150 -0.096024543 -0.010233364 0.995326400 87.612808228
0.994539082 -0.001139750 0.104358867 2.256706238 0.000050623 0.999945521 0.010438421 -2.372236013 -0.104365066 -0.010376133 0.994484901 88.140563965
0.993500888 -0.003181623 0.113779940 2.371642590 0.001962373 0.999939382 0.010826261 -2.417480469 -0.113807499 -0.010532622 0.993446946 88.624725342
0.992161691 -0.002461315 0.124936663 2.451977730 0.001080583 0.999937534 0.011118018 -2.423370123 -0.124956235 -0.010895868 0.992102385 89.185462952
0.991007447 -0.003397755 0.133763641 2.557360649 0.001946929 0.999937892 0.010975499 -2.444068909 -0.133792624 -0.010616372 0.990952492 89.718421936
0.989515126 -0.003564256 0.144385144 2.660541534 0.002059120 0.999942005 0.010572547 -2.443026543 -0.144414470 -0.010164390 0.989465058 90.262435913
0.987622559 -0.003680392 0.156805947 2.753989220 0.001996692 0.999938667 0.010893642 -2.457898855 -0.156836405 -0.010445713 0.987569451 90.782928467
0.985771060 -0.003754821 0.168051451 2.866596222 0.001987636 0.999940932 0.010682716 -2.468104124 -0.168081641 -0.010196688 0.985720336 91.333808899
0.984213471 -0.005176261 0.176909685 2.989291191 0.003241787 0.999931693 0.011222092 -2.478591442 -0.176955700 -0.010471432 0.984163105 91.822357178
0.982027948 -0.005561111 0.188653886 3.121077538 0.003450247 0.999927700 0.011515643 -2.492392063 -0.188704312 -0.010657779 0.981976092 92.350372314
0.979506433 -0.004955587 0.201351598 3.251371384 0.002784338 0.999934852 0.011065154 -2.497672558 -0.201393306 -0.010277762 0.979456544 92.915679932
0.977265894 -0.005755557 0.211938962 3.393032074 0.003541287 0.999935150 0.010825778 -2.504986286 -0.211987510 -0.009829126 0.977222919 93.443077087
0.974266768 -0.005580441 0.225329146 3.535480499 0.003101096 0.999930680 0.011355653 -2.527999401 -0.225376934 -0.010364667 0.974216521 93.960189819
0.970917821 -0.005948707 0.239339024 3.702301025 0.003362110 0.999931395 0.011214084 -2.535361290 -0.239389345 -0.010083266 0.970871210 94.559417725
0.968006074 -0.006418691 0.250844747 3.860200882 0.003654187 0.999927282 0.011484992 -2.550025940 -0.250900269 -0.010200905 0.967959106 95.098739624
0.964688003 -0.006133373 0.263324022 4.034835815 0.003258228 0.999930143 0.011353964 -2.563177586 -0.263375312 -0.010095063 0.964640558 95.623718262
0.960732937 -0.006231920 0.277404636 4.188190460 0.003137091 0.999927819 0.011598811 -2.579042435 -0.277456909 -0.010273113 0.960683167 96.152832031
0.956993580 -0.006538256 0.290035486 4.375261307 0.003312138 0.999927044 0.011612667 -2.588675976 -0.290090293 -0.010152608 0.956945419 96.673103333
0.953640699 -0.006573305 0.300875634 4.575216293 0.003098578 0.999922872 0.012024463 -2.612535000 -0.300931513 -0.010534733 0.953587651 97.176445007
0.949137330 -0.007585309 0.314770907 4.766122818 0.003657728 0.999907911 0.013066406 -2.649884701 -0.314841092 -0.011250468 0.949077666 97.734092712
0.944600403 -0.008173198 0.328120857 4.982265472 0.004156028 0.999907613 0.012942354 -2.658689737 -0.328196377 -0.010861674 0.944547057 98.259613037
0.940243483 -0.007682689 0.340416074 5.170301437 0.003597399 0.999913752 0.012630410 -2.662108898 -0.340483814 -0.010651049 0.940190136 98.761184692
0.935850143 -0.008661535 0.352291703 5.384969711 0.004305025 0.999904215 0.013147764 -2.677956104 -0.352371871 -0.010787713 0.935797930 99.254020691
0.930705488 -0.010492358 0.365618885 5.641962051 0.005715350 0.999883533 0.014145416 -2.710600376 -0.365724802 -0.011075572 0.930657089 99.785331726
0.925756514 -0.010462840 0.377975494 5.872819901 0.005465134 0.999882936 0.014292546 -2.716086388 -0.378080845 -0.011165726 0.925705254 100.299034119
0.920837522 -0.010475742 0.389805853 6.107904434 0.005384057 0.999885261 0.014152430 -2.723971844 -0.389909446 -0.010933347 0.920788348 100.820518494
0.914982498 -0.015316239 0.403202653 6.341106415 0.010295357 0.999840140 0.014617261 -2.744103432 -0.403362095 -0.009223423 0.914993882 101.294837952
0.909273505 -0.015464195 0.415911615 6.593116760 0.010368045 0.999840915 0.014508720 -2.755706310 -0.416069895 -0.008880205 0.909289181 101.777404785
0.904429018 -0.017750811 0.426254749 6.845287323 0.012678058 0.999811053 0.014735448 -2.758546352 -0.426435709 -0.007923087 0.904483199 102.262557983
0.898860335 -0.017824613 0.437872440 7.098247528 0.012370509 0.999806345 0.015305363 -2.784523487 -0.438060462 -0.008340681 0.898906827 102.703865051
0.891667783 -0.018095123 0.452328563 7.321254730 0.012701772 0.999807417 0.014957883 -2.779374123 -0.452512115 -0.007592087 0.891725957 103.171310425
0.885772705 -0.018254943 0.463759989 7.599647522 0.012667263 0.999804795 0.015160998 -2.788468838 -0.463946193 -0.007554628 0.885831118 103.640914917
0.879650354 -0.018912181 0.475244582 7.871887207 0.013320368 0.999796808 0.015131303 -2.795882940 -0.475434184 -0.006979828 0.879723608 104.111312866
0.872032762 -0.018172413 0.489109904 8.168064117 0.012319520 0.999808908 0.015182503 -2.809173822 -0.489292294 -0.007214041 0.872090101 104.586441040
