1.000000000 0.000000000 0.000000000 0.000000000 0.000000000 1.000000000 0.000000000 0.000000000 0.000000000 0.000000000 1.000000000 0.000000000
1.000000000 0.000038564 0.000003069 -0.000054665 -0.000038564 1.000000000 0.000059040 0.000105836 -0.000003067 -0.000059040 1.000000000 -0.003278251
1.000000000 0.000095940 0.000042927 -0.001480142 -0.000095940 1.000000000 0.000006939 -0.001161762 -0.000042926 -0.000006943 1.000000000 -0.001952208
1.000000000 -0.000031400 -0.000020167 0.001482780 0.000031401 1.000000000 0.000028870 -0.000128458 0.000020166 -0.000028871 1.000000000 -0.003249983
1.000000000 -0.000092546 -0.000025354 0.000926615 0.000092547 1.000000000 0.000040331 -0.000438145 0.000025351 -0.000040333 1.000000000 -0.002554339
1.000000000 0.000002691 0.000036111 -0.000697239 -0.000002691 1.000000000 0.000022617 -0.000188837 -0.000036111 -0.000022617 1.000000000 -0.001132465
1.000000000 -0.000024182 0.000037562 0.000600921 0.000024177 1.000000000 0.000113367 -0.000528307 -0.000037565 -0.000113366 1.000000000 -0.002565304
1.000000000 -0.000086961 0.000018424 -0.000308753 0.000086959 1.000000000 0.000098910 -0.000353740 -0.000018433 -0.000098908 1.000000000 0.002191882
1.000000000 0.000013216 0.000002755 0.000266450 -0.000013216 1.000000000 0.000032255 -0.000431882 -0.000002754 -0.000032255 1.000000000 -0.004522194
1.000000000 -0.000037173 0.000039567 0.000351085 0.000037171 1.000000000 0.000065464 -0.000203335 -0.000039569 -0.000065462 1.000000000 -0.004228525
1.000000000 0.000014865 0.000034904 -0.000124148 -0.000014866 1.000000000 0.000025013 -0.000267930 -0.000034904 -0.000025013 1.000000000 -0.001121455
1.000000000 -0.000086928 -0.000003310 -0.000136576 0.000086928 1.000000000 0.000051197 -0.001440015 0.000003306 -0.000051197 1.000000000 -0.006141720
1.000000000 -0.000107364 0.000088858 -0.000277554 0.000107355 1.000000000 0.000097470 -0.000658494 -0.000088869 -0.000097461 1.000000000 -0.001808497
1.000000000 -0.000045655 0.000078715 0.000208018 0.000045650 1.000000000 0.000064934 -0.000688491 -0.000078718 -0.000064930 1.000000000 -0.003628843
1.000000000 -0.000060395 0.000064589 -0.000232425 0.000060390 1.000000000 0.000084771 -0.000314806 -0.000064595 -0.000084767 1.000000000 -0.003251203
1.000000000 -0.000089457 0.000070738 -0.000472132 0.000089449 1.000000000 0.000109164 -0.000107427 -0.000070748 -0.000109158 1.000000000 -0.002692767
1.000000000 -0.000152059 0.000028852 -0.000466465 0.000152058 1.000000000 0.000045760 -0.000303135 -0.000028859 -0.000045756 1.000000000 -0.003435896
1.000000000 0.000034999 0.000029541 0.000939131 -0.000035002 1.000000000 0.000121881 -0.001360450 -0.000029537 -0.000121882 1.000000000 -0.007992491
1.000000000 -0.000171218 -0.000006902 0.002215078 0.000171219 1.000000000 0.000161730 -0.003032098 0.000006874 -0.000161731 1.000000000 -0.008353124
1.000000000 -0.000118503 -0.000002948 0.000447962 0.000118503 1.000000000 0.000042120 -0.000810922 0.000002943 -0.000042120 1.000000000 -0.005652360
1.000000000 -0.000107943 0.000030223 -0.000702370 0.000107938 1.000000000 0.000144514 -0.002969019 -0.000030239 -0.000144511 1.000000000 -0.003725214
1.000000000 -0.000013226 0.000140043 -0.003112609 0.000013219 1.000000000 0.000056160 -0.000060051 -0.000140043 -0.000056158 1.000000000 0.000508268
1.000000000 -0.000062862 0.000048171 -0.000724582 0.000062853 1.000000000 0.000201000 -0.002527378 -0.000048183 -0.000200997 1.000000000 -0.007873180
1.000000000 -0.000221867 -0.000011714 0.000435695 0.000221869 0.999999940 0.000183816 -0.002621399 0.000011674 -0.000183819 1.000000000 -0.004166536
1.000000000 -0.000048183 0.000000121 0.000725729 0.000048183 1.000000000 0.000147722 -0.000539686 -0.000000128 -0.000147722 1.000000000 -0.006615280
1.000000000 -0.000233946 0.000002581 0.002652985 0.000233945 0.999999940 0.000230099 -0.001727749 -0.000002635 -0.000230099 1.000000000 -0.007572592
1.000000000 -0.000116997 0.000009099 0.001015109 0.000116996 1.000000000 0.000140221 -0.002822559 -0.000009115 -0.000140220 1.000000000 -0.004589937
1.000000000 -0.000074239 0.000005749 0.000791958 0.000074238 1.000000000 0.000177003 -0.001239016 -0.000005763 -0.000177002 1.000000000 -0.003532661
1.000000000 -0.000149161 0.000023435 -0.001796672 0.000149158 1.000000000 0.000115130 0.000116900 -0.000023453 -0.000115126 1.000000000 -0.001310467
1.000000000 -0.000109694 0.000053133 -0.001039751 0.000109688 1.000000000 0.000108974 -0.000472100 -0.000053145 -0.000108968 1.000000000 0.001302866
1.000000000 -0.000095466 0.000048466 -0.001755679 0.000095460 1.000000000 0.000119044 -0.000671382 -0.000048477 -0.000119039 1.000000000 -0.000980959
1.000000000 -0.000153964 -0.000038474 -0.001142747 0.000153968 1.000000000 0.000098532 -0.001699625 0.000038458 -0.000098538 1.000000000 -0.004955493
1.000000000 -0.000182026 -0.000000368 0.000194791 0.000182026 0.999999940 0.000169152 -0.002720870 0.000000337 -0.000169152 1.000000000 -0.006233898
1.000000000 0.000159598 0.000107542 -0.001085712 -0.000159605 1.000000000 0.000066815 0.000020604 -0.000107532 -0.000066832 1.000000000 -0.001737346
1.000000000 -0.000095454 0.000003288 -0.000162227 0.000095454 1.000000000 0.000068490 -0.000706674 -0.000003294 -0.000068490 1.000000000 -0.002303733
1.000000000 -0.000109438 0.000013196 -0.000652134 0.000109437 1.000000000 0.000049472 -0.001137824 -0.000013201 -0.000049470 1.000000000 -0.004403495
1.000000000 -0.000122423 0.000050114 0.000464596 0.000122420 1.000000000 0.000061467 -0.000331304 -0.000050122 -0.000061461 1.000000000 -0.008696219
1.000000000 -0.000224240 -0.000044168 0.001375859 0.000224244 1.000000000 0.000093893 -0.000603590 0.000044147 -0.000093903 1.000000000 -0.005038482
1.000000000 -0.000136648 0.000012852 0.000147542 0.000136645 1.000000000 0.000166278 -0.000528478 -0.000012874 -0.000166276 1.000000000 -0.003675199
0.999999940 -0.000271512 -0.000088808 0.002963996 0.000271531 0.999999940 0.000205600 -0.003972400 0.000088753 -0.000205624 1.000000000 -0.006115898
1.000000000 -0.000226871 -0.000051605 0.003684537 0.000226847 0.999999881 -0.000465495 -0.006287097 0.000051711 0.000465483 0.999999881 0.048587956
0.999999940 -0.000269018 -0.000092530 0.007160323 0.000268921 0.999999404 -0.001045709 -0.006514910 0.000092811 0.001045684 0.999999464 0.141813934
0.999999940 -0.000275168 -0.000030600 0.004948731 0.000275127 0.999999046 -0.001331879 -0.012745394 0.000030966 0.001331870 0.999999106 0.258998036
0.999999940 -0.000343524 0.000116751 0.005227139 0.000343658 0.999999285 -0.001148302 -0.019104937 -0.000116357 0.001148342 0.999999344 0.390508443
1.000000000 0.000149303 -0.000049314 0.012488726 -0.000149352 0.999999523 -0.000992124 -0.024055615 0.000049165 0.000992131 0.999999523 0.534167349
1.000000000 -0.000014480 0.000059811 0.014705420 0.000014535 0.999999583 -0.000911196 -0.030388523 -0.000059798 0.000911197 0.999999583 0.685043991
1.000000000 -0.000178508 -0.000128510 0.025362248 0.000178434 0.999999821 -0.000575477 -0.036456928 0.000128613 0.000575455 0.999999821 0.852799773
1.000000000 -0.000008969 0.000000148 0.020181354 0.000008969 0.999999940 -0.000406532 -0.042664830 -0.000000145 0.000406532 0.999999940 1.007527947
1.000000000 0.000141477 0.000251787 0.019412344 -0.000141347 0.999999881 -0.000516938 -0.045338910 -0.000251860 0.000516902 0.999999881 1.187086821
0.999999940 0.000165417 0.000328703 0.020090152 -0.000165374 1.000000000 -0.000128772 -0.056494374 -0.000328724 0.000128717 1.000000000 1.375563502
0.999999881 0.000376888 0.000318876 0.020862380 -0.000376921 0.999999940 0.000105715 -0.063602731 -0.000318837 -0.000105836 0.999999881 1.571662307
0.999999881 0.000189797 0.000457335 0.026203884 -0.000189850 1.000000000 0.000116215 -0.065464988 -0.000457313 -0.000116302 0.999999881 1.766210198
0.999999881 -0.000033166 0.000475159 0.030570721 0.000032873 0.999999762 0.000617494 -0.076409444 -0.000475180 -0.000617479 0.999999642 1.965476990
0.999999881 0.000208883 0.000437946 0.037125368 -0.000209068 0.999999881 0.000422733 -0.080587640 -0.000437858 -0.000422824 0.999999762 2.191251040
0.999999821 0.000139400 0.000569082 0.038895432 -0.000139764 0.999999762 0.000639657 -0.089030989 -0.000568993 -0.000639737 0.999999583 2.397132158
0.999999642 0.000392152 0.000713534 0.039445899 -0.000392651 0.999999583 0.000700120 -0.096301571 -0.000713259 -0.000700400 0.999999523 2.631048441
0.999999702 0.000206895 0.000741271 0.042102665 -0.000207553 0.999999583 0.000888339 -0.107968509 -0.000741087 -0.000888493 0.999999344 2.848397732
0.999999583 0.000390901 0.000814138 0.051609587 -0.000391691 0.999999464 0.000970626 -0.112408310 -0.000813758 -0.000970944 0.999999225 3.088845253
0.999999762 0.000278409 0.000659138 0.055889826 -0.000278929 0.999999642 0.000789017 -0.121267058 -0.000658918 -0.000789201 0.999999404 3.329614401
0.999999583 0.000534968 0.000850967 0.055901222 -0.000535673 0.999999523 0.000828507 -0.123776026 -0.000850523 -0.000828962 0.999999285 3.579895496
0.999999762 0.000233048 0.000603556 0.070194185 -0.000233651 0.999999464 0.000999125 -0.135268986 -0.000603323 -0.000999265 0.999999344 3.838730574
0.999999702 0.000261189 0.000653010 0.076703064 -0.000262037 0.999999106 0.001299111 -0.146692917 -0.000652670 -0.001299282 0.999998868 4.100734711
0.999999583 0.000384009 0.000847190 0.077784985 -0.000385229 0.999998868 0.001440043 -0.152248740 -0.000846636 -0.001440368 0.999998629 4.352044582
0.999999762 0.000287202 0.000579628 0.088807859 -0.000288063 0.999998808 0.001486606 -0.162241414 -0.000579201 -0.001486773 0.999998748 4.610422134
0.999999583 0.000372168 0.000856912 0.092648767 -0.000373425 0.999998808 0.001467563 -0.171592116 -0.000856364 -0.001467882 0.999998510 4.871352196
0.999999225 0.000752898 0.001031089 0.094241351 -0.000754457 0.999998569 0.001511835 -0.175717592 -0.001029950 -0.001512612 0.999998331 5.129005432
0.999999404 0.000573405 0.000849111 0.101133436 -0.000574871 0.999998271 0.001726328 -0.192363441 -0.000848120 -0.001726815 0.999998152 5.393636703
0.999999523 0.000625927 0.000776407 0.105199605 -0.000627195 0.999998450 0.001634140 -0.198739365 -0.000775383 -0.001634627 0.999998391 5.654097080
0.999999404 0.000825622 0.000711282 0.110577799 -0.000826710 0.999998510 0.001531140 -0.209120333 -0.000710017 -0.001531727 0.999998569 5.935417652
0.999999523 0.000303671 0.000945190 0.117145851 -0.000305243 0.999998629 0.001663342 -0.220702946 -0.000944684 -0.001663629 0.999998212 6.196155071
0.999999404 0.000624735 0.000841640 0.121171214 -0.000626073 0.999998510 0.001590231 -0.222851336 -0.000840645 -0.001590758 0.999998331 6.495418549
0.999998271 0.001485887 0.001153198 0.125062406 -0.001487767 0.999997616 0.001630823 -0.239007100 -0.001150772 -0.001632536 0.999998033 6.774846554
0.999999404 0.000264474 0.001022279 0.129500672 -0.000266247 0.999998450 0.001734624 -0.242842585 -0.001021819 -0.001734895 0.999997973 7.076130390
0.999999523 0.000501099 0.000728657 0.144844130 -0.000502422 0.999998152 0.001816300 -0.252508610 -0.000727746 -0.001816665 0.999998093 7.379727840
0.999999583 0.000398404 0.000751423 0.156053096 -0.000399615 0.999998629 0.001612909 -0.259780169 -0.000750780 -0.001613208 0.999998450 7.669056892
0.999999702 0.000227303 0.000692741 0.167579532 -0.000228734 0.999997854 0.002065691 -0.275444895 -0.000692270 -0.002065849 0.999997616 8.000391006
0.999999583 0.000652767 0.000634677 0.174120590 -0.000654033 0.999997795 0.001996851 -0.285824478 -0.000633373 -0.001997265 0.999997795 8.306495667
0.999999702 0.000437579 0.000671170 0.179836318 -0.000438873 0.999998033 0.001928229 -0.289805502 -0.000670325 -0.001928522 0.999997914 8.638533592
0.999999821 0.000111771 0.000563502 0.185454473 -0.000112976 0.999997675 0.002138308 -0.298189193 -0.000563262 -0.002138371 0.999997497 8.973048210
0.999999464 0.000153348 0.001044372 0.187001288 -0.000155472 0.999997973 0.002033565 -0.303311497 -0.001044058 -0.002033726 0.999997377 9.319959641
0.999999642 0.000119480 0.000801208 0.201755628 -0.000121261 0.999997497 0.002222722 -0.325580508 -0.000800940 -0.002222818 0.999997199 9.643789291
0.999999344 0.000104705 0.001116879 0.209073693 -0.000107454 0.999996960 0.002461737 -0.336069971 -0.001116617 -0.002461855 0.999996364 9.984709740
0.999999762 0.000016188 0.000617799 0.215403914 -0.000017637 0.999997258 0.002345661 -0.345105648 -0.000617759 -0.002345672 0.999997079 10.352626801
0.999999702 0.000394074 0.000653375 0.220016405 -0.000395853 0.999996245 0.002725130 -0.356583774 -0.000652299 -0.002725387 0.999996126 10.707146645
0.999999344 0.000324197 0.001022355 0.225261033 -0.000326947 0.999996305 0.002690417 -0.373234838 -0.001021478 -0.002690750 0.999995887 11.080227852
0.999999523 0.000133105 0.000913547 0.235077187 -0.000135759 0.999995708 0.002905482 -0.389081419 -0.000913156 -0.002905605 0.999995351 11.453248978
0.999999464 0.000373524 0.000913466 0.243767679 -0.000376383 0.999994934 0.003130910 -0.397722393 -0.000912292 -0.003131252 0.999994636 11.840489388
0.999999344 0.000296593 0.001075203 0.254499853 -0.000299785 0.999995530 0.002969684 -0.408029944 -0.001074318 -0.002970004 0.999994934 12.210424423
0.999999404 -0.000008039 0.001209611 0.262123287 0.000004156 0.999994874 0.003209801 -0.422924221 -0.001209631 -0.003209794 0.999994099 12.596811295
0.999999464 0.000300032 0.001018040 0.274141550 -0.000303376 0.999994516 0.003286242 -0.434729874 -0.001017048 -0.003286549 0.999994040 12.984115601
0.999999940 -0.000265133 0.000470574 0.297528833 0.000263786 0.999995887 0.002859468 -0.439547628 -0.000471330 -0.002859343 0.999995708 13.381222725
0.999998271 0.000719293 0.001699489 0.285559922 -0.000725831 0.999992311 0.003849309 -0.478664637 -0.001696707 -0.003850536 0.999991059 13.816579819
0.999998987 0.000073988 0.001413662 0.301755488 -0.000079529 0.999992251 0.003919850 -0.487069070 -0.001413362 -0.003919959 0.999991298 14.235834122
0.999998152 0.000271129 0.001901468 0.306870043 -0.000278940 0.999991477 0.004108948 -0.514922917 -0.001900338 -0.004109470 0.999989748 14.634931564
0.999997973 0.000115933 0.001997018 0.320670217 -0.000125236 0.999989212 0.004659091 -0.522687256 -0.001996456 -0.004659332 0.999987125 15.062697411
0.999997377 0.000146095 0.002272053 0.332362711 -0.000155987 0.999990523 0.004354523 -0.542340875 -0.002271395 -0.004354866 0.999987900 15.484018326
0.999997020 0.000136820 0.002443678 0.341803640 -0.000148758 0.999988079 0.004885852 -0.569041193 -0.002442980 -0.004886201 0.999985099 15.926929474
0.999995649 0.000269674 0.002948682 0.354279310 -0.000283539 0.999988973 0.004702567 -0.576646566 -0.002947382 -0.004703383 0.999984622 16.374134064
0.999996364 -0.000126788 0.002728785 0.365904361 0.000113207 0.999987721 0.004976565 -0.596616387 -0.002729383 -0.004976238 0.999983907 16.804761887
0.999995708 0.000112352 0.002903837 0.382364333 -0.000126903 0.999987364 0.005011185 -0.605945051 -0.002903238 -0.005011531 0.999983251 17.263452530
0.999993801 0.000420449 0.003477793 0.393301129 -0.000438089 0.999987006 0.005072993 -0.618551195 -0.003475615 -0.005074485 0.999981105 17.732686996
0.999993742 -0.000463946 0.003514637 0.405619562 0.000446386 0.999987423 0.004995444 -0.628448009 -0.003516910 -0.004993844 0.999981284 18.179702759
0.999992847 0.000043808 0.003800652 0.417546213 -0.000062350 0.999988079 0.004878876 -0.634018362 -0.003800393 -0.004879079 0.999980867 18.650043488
0.999993980 -0.000708060 0.003416836 0.440026581 0.000691606 0.999988139 0.004814267 -0.651137352 -0.003420204 -0.004811875 0.999982536 19.122234344
0.999992311 -0.000728582 0.003865530 0.457444817 0.000707729 0.999985158 0.005393027 -0.666527748 -0.003869402 -0.005390249 0.999977946 19.582670212
0.999991477 -0.000273956 0.004135322 0.475342304 0.000249685 0.999982715 0.005868607 -0.682491362 -0.004136859 -0.005867524 0.999974191 20.079616547
0.999991715 -0.000082781 0.004051118 0.458393484 0.000060352 0.999984682 0.005536265 -0.693638504 -0.004051515 -0.005535975 0.999976397 20.530565262
0.999993503 -0.000264328 0.003584784 0.472959369 0.000243321 0.999982834 0.005859046 -0.710901618 -0.003586271 -0.005858136 0.999976397 21.023162842
0.999995947 0.000132975 0.002835089 0.475196749 -0.000149097 0.999983788 0.005687377 -0.719311059 -0.002834287 -0.005687777 0.999979734 21.559423447
0.999994636 0.000550188 0.003233599 0.487213820 -0.000569602 0.999981761 0.006005743 -0.745263994 -0.003230237 -0.006007552 0.999976695 22.071926117
0.999997199 -0.001075585 0.002122030 0.534350634 0.001062569 0.999980688 0.006125078 -0.760721922 -0.002128578 -0.006122807 0.999979019 22.516765594
0.999998331 -0.000727300 0.001688362 0.540748239 0.000716708 0.999980211 0.006265628 -0.772963643 -0.001692886 -0.006264408 0.999978960 23.034736633
0.999999106 -0.001111148 0.000724335 0.555379093 0.001106916 0.999982476 0.005816265 -0.784353971 -0.000730785 -0.005815458 0.999982834 23.569458008
0.999997556 -0.002205591 0.000109425 0.567976534 0.002204920 0.999980748 0.005798436 -0.797385335 -0.000122211 -0.005798180 0.999983132 24.101261139
0.999998152 -0.001734061 -0.000801249 0.580128491 0.001739054 0.999978721 0.006273503 -0.813023865 0.000790354 -0.006274885 0.999979973 24.615800858
0.999998152 -0.001505307 -0.001187559 0.588387489 0.001512621 0.999979854 0.006182840 -0.820885420 0.001178227 -0.006184626 0.999980152 25.165048599
0.999996066 -0.001755341 -0.002153285 0.593502164 0.001766995 0.999983728 0.005422401 -0.810428202 0.002143732 -0.005426185 0.999982893 25.760337830
0.999997616 -0.000954800 -0.001972080 0.605854690 0.000966628 0.999981642 0.006005788 -0.843703389 0.001966310 -0.006007682 0.999980032 26.242700577
0.999996483 -0.001249161 -0.002330951 0.616360307 0.001265084 0.999975920 0.006841954 -0.854977131 0.002322347 -0.006844881 0.999973893 26.799411774
0.999993682 -0.001534357 -0.003209917 0.635135889 0.001556449 0.999975026 0.006891364 -0.870773852 0.003199263 -0.006896316 0.999971092 27.318328857
0.999995768 -0.000628544 -0.002824020 0.643874049 0.000648168 0.999975622 0.006953625 -0.889159203 0.002819581 -0.006955426 0.999971807 27.861808777
0.999993622 -0.000870316 -0.003458034 0.656481802 0.000894043 0.999976039 0.006865839 -0.897801638 0.003451975 -0.006868887 0.999970376 28.396745682
0.999990106 -0.001428271 -0.004215801 0.672150195 0.001457943 0.999974132 0.007043596 -0.914868832 0.004205632 -0.007049672 0.999966264 28.945175171
0.999988973 -0.001467179 -0.004463323 0.682108104 0.001499130 0.999973238 0.007163638 -0.930228472 0.004452694 -0.007170250 0.999964356 29.482402802
0.999988735 -0.000920544 -0.004655328 0.678652704 0.000954284 0.999973238 0.007250536 -0.935464025 0.004648530 -0.007254897 0.999962866 30.007959366
0.999985993 -0.001236465 -0.005139555 0.694073200 0.001274281 0.999972105 0.007361075 -0.955479741 0.005130309 -0.007367522 0.999959707 30.536228180
0.999985933 -0.001088842 -0.005179024 0.699088275 0.001127238 0.999971807 0.007416592 -0.967316926 0.005170803 -0.007422328 0.999959052 31.081195831
0.999984443 -0.000946528 -0.005497098 0.708353400 0.000990394 0.999967635 0.007982660 -0.993371189 0.005489364 -0.007987980 0.999953032 31.611858368
0.999987602 -0.000672082 -0.004942077 0.706534445 0.000711114 0.999968588 0.007900328 -1.008445859 0.004936612 -0.007903745 0.999956548 32.145114899
0.999982238 -0.000976819 -0.005877316 0.723902404 0.001021727 0.999970257 0.007642662 -1.014284372 0.005869676 -0.007648531 0.999953508 32.673229218
0.999983132 -0.001093410 -0.005716280 0.711268783 0.001139497 0.999966860 0.008065427 -1.030244350 0.005707271 -0.008071803 0.999951124 33.182308197
0.999980628 -0.000952060 -0.006151536 0.720114589 0.001000455 0.999968529 0.007868915 -1.048642278 0.006143849 -0.007874916 0.999950111 33.738956451
0.999978781 -0.000688586 -0.006471950 0.724308670 0.000742947 0.999964416 0.008400764 -1.067366362 0.006465935 -0.008405393 0.999943793 34.283340454
0.999982297 -0.000367782 -0.005934970 0.713816404 0.000412931 0.999970973 0.007607910 -1.064187646 0.005932000 -0.007610226 0.999953449 34.799407959
0.999979615 -0.000440618 -0.006371300 0.735895872 0.000488864 0.999971211 0.007572708 -1.084118962 0.006367780 -0.007575668 0.999951005 35.341278076
0.999974728 -0.001440401 -0.006965032 0.748021841 0.001499357 0.999963045 0.008466730 -1.114249706 0.006952580 -0.008476958 0.999939919 35.880016327
0.999974489 -0.000928147 -0.007084479 0.759176254 0.000984119 0.999968290 0.007901298 -1.123157144 0.007076921 -0.007908068 0.999943674 36.429752350
0.999973774 -0.001162434 -0.007152416 0.756646752 0.001221213 0.999965489 0.008219194 -1.132305861 0.007142616 -0.008227712 0.999940693 36.946201324
0.999974489 -0.001039186 -0.007076940 0.753443956 0.001100672 0.999961615 0.008689858 -1.156445861 0.007067639 -0.008697426 0.999937177 37.416110992
0.999968529 -0.001562014 -0.007778081 0.788519681 0.001630304 0.999960124 0.008781210 -1.157340527 0.007764055 -0.008793613 0.999931216 37.936744690
0.999971986 -0.001572643 -0.007323970 0.746611953 0.001636010 0.999961257 0.008654146 -1.175133228 0.007310075 -0.008665886 0.999935687 38.415977478
0.999973834 -0.001691247 -0.007049190 0.749421954 0.001752088 0.999961197 0.008633590 -1.180375099 0.007034316 -0.008645713 0.999937892 38.935791016
0.999965966 -0.002467494 -0.007880057 0.784662366 0.002546856 0.999945998 0.010077140 -1.223487854 0.007854766 -0.010096867 0.999918222 39.355899811
0.999967039 -0.001473610 -0.007999499 0.825840175 0.001546929 0.999956727 0.009166990 -1.223253489 0.007985646 -0.009179061 0.999925971 40.104682922
0.999970198 -0.001063937 -0.007649119 0.827200651 0.001133399 0.999958038 0.009082449 -1.232548714 0.007639135 -0.009090848 0.999929488 40.655883789
0.999971151 -0.000956402 -0.007538841 0.826186478 0.001025358 0.999957561 0.009148228 -1.244983912 0.007529772 -0.009155693 0.999929726 41.189357758
0.999970257 -0.000625696 -0.007686154 0.836308599 0.000697301 0.999956310 0.009317019 -1.257060170 0.007679988 -0.009322100 0.999927044 41.726604462
0.999969602 -0.000883747 -0.007749355 0.842888236 0.000956538 0.999955356 0.009394553 -1.271240473 0.007740706 -0.009401679 0.999925852 42.272586823
0.999964476 -0.001787383 -0.008230571 0.852612078 0.001868974 0.999949098 0.009916139 -1.296096802 0.008212428 -0.009931171 0.999916971 42.808982849
0.999966443 -0.001402649 -0.008063986 0.859514594 0.001481630 0.999950826 0.009796608 -1.302479029 0.008049848 -0.009808226 0.999919474 43.341922760
0.999964654 -0.001688746 -0.008229690 0.866919160 0.001769896 0.999949753 0.009863332 -1.313978672 0.008212619 -0.009877549 0.999917507 43.880931854
0.999965966 -0.001459062 -0.008114033 0.872165084 0.001538055 0.999951363 0.009737574 -1.319129348 0.008099431 -0.009749724 0.999919653 44.417896271
0.999965370 -0.001218062 -0.008234902 0.883596182 0.001294561 0.999956012 0.009290634 -1.327638507 0.008223223 -0.009300972 0.999922931 44.951271057
0.999965549 -0.001226441 -0.008224236 0.892129183 0.001304140 0.999954522 0.009448868 -1.337966442 0.008212275 -0.009459267 0.999921560 45.484554291
0.999963284 -0.001363611 -0.008456858 0.905018926 0.001441798 0.999956131 0.009246275 -1.354796886 0.008443879 -0.009258128 0.999921501 46.015083313
0.999966145 -0.001283461 -0.008124329 0.906579852 0.001359473 0.999955237 0.009357454 -1.367065430 0.008111957 -0.009368183 0.999923229 46.584415436
0.999963462 -0.001432464 -0.008425993 0.904108047 0.001515502 0.999950290 0.009856774 -1.378177047 0.008411455 -0.009869182 0.999915838 47.082111359
0.999962330 -0.000738293 -0.008637612 0.934270263 0.000818862 0.999956071 0.009327821 -1.383763909 0.008630347 -0.009334545 0.999919176 47.656558990
0.999965012 -0.000946780 -0.008307214 0.924153209 0.001030150 0.999949098 0.010037309 -1.405853629 0.008297290 -0.010045517 0.999915063 48.136009216
0.999961376 -0.001120420 -0.008718592 0.932319880 0.001202216 0.999955237 0.009382247 -1.411351085 0.008707690 -0.009392366 0.999917984 48.665748596
0.999963403 -0.000890784 -0.008507658 0.944129825 0.000973723 0.999952018 0.009749602 -1.422444820 0.008498563 -0.009757528 0.999916196 49.204162598
0.999964714 -0.000579590 -0.008371014 0.944447637 0.000662210 0.999951065 0.009870402 -1.435285330 0.008364883 -0.009875598 0.999916255 49.718635559
0.999964356 -0.000606787 -0.008421993 0.951655507 0.000691326 0.999949396 0.010038617 -1.453518152 0.008415476 -0.010044082 0.999914110 50.247051239
0.999962091 -0.000564696 -0.008683162 0.962998629 0.000649334 0.999952257 0.009747597 -1.452359796 0.008677241 -0.009752867 0.999914706 50.783416748
0.999965489 -0.000295155 -0.008298667 0.962376595 0.000378490 0.999949515 0.010042151 -1.466998577 0.008295284 -0.010044944 0.999915063 51.322795868
0.999966264 0.000015360 -0.008220593 0.965690613 0.000068913 0.999947488 0.010251085 -1.479569435 0.008220319 -0.010251307 0.999913633 51.865737915
0.999967456 0.000297460 -0.008079139 0.970600188 -0.000214088 0.999946654 0.010318344 -1.491143703 0.008081779 -0.010316279 0.999914110 52.356098175
0.999973357 0.000138343 -0.007291316 0.956828535 -0.000060389 0.999942899 0.010690503 -1.512916803 0.007292378 -0.010689780 0.999916255 52.924724579
0.999969125 0.000167694 -0.007859055 0.979579449 -0.000085668 0.999945462 0.010436402 -1.514959455 0.007860377 -0.010435405 0.999914587 53.410560608
0.999972641 0.001014110 -0.007328345 0.958914042 -0.000933393 0.999938846 0.011009237 -1.537225366 0.007339062 -0.011002094 0.999912560 53.923629761
0.999972880 0.000910119 -0.007304666 0.966094732 -0.000832456 0.999943197 0.010627863 -1.557344198 0.007313923 -0.010621492 0.999916852 54.405075073
0.999968410 0.001150145 -0.007867567 1.018961191 -0.001067949 0.999944866 0.010443615 -1.523011208 0.007879145 -0.010434884 0.999914527 55.070331573
0.999973893 0.001305256 -0.007105426 0.981472731 -0.001226696 0.999938250 0.011049371 -1.578289986 0.007119409 -0.011040365 0.999913692 55.510337830
0.999973476 0.000688626 -0.007245567 1.005394101 -0.000611759 0.999943554 0.010605610 -1.583509207 0.007252461 -0.010600894 0.999917507 56.006378174
0.999970317 0.001419351 -0.007576154 1.021326542 -0.001342788 0.999948084 0.010101378 -1.591435671 0.007590098 -0.010090905 0.999920309 56.480426788
0.999976099 0.001792573 -0.006686231 1.014743567 -0.001721229 0.999941707 0.010660971 -1.576574564 0.006704952 -0.010649206 0.999920845 57.128959656
0.999969006 0.000031043 -0.007875171 1.047426939 0.000056865 0.999937654 0.011162203 -1.632698298 0.007875026 -0.011162305 0.999906719 57.517288208
0.999972165 0.001392468 -0.007323005 1.043968320 -0.001317443 0.999946713 0.010239855 -1.636673689 0.007336873 -0.010229924 0.999920785 58.018089294
0.999972939 0.000724028 -0.007338262 1.052924991 -0.000643882 0.999940217 0.010917988 -1.644433737 0.007345729 -0.010912964 0.999913454 58.576400757
0.999974787 0.000802488 -0.007049966 1.061230063 -0.000723118 0.999936342 0.011253518 -1.660444975 0.007058547 -0.011248135 0.999911785 59.118011475
0.999970198 0.002603194 -0.007270715 1.073106647 -0.002526959 0.999941945 0.010474868 -1.669537306 0.007297561 -0.010456185 0.999918699 59.493228912
0.999976337 0.000795496 -0.006836787 1.085286736 -0.000719554 0.999938130 0.011103230 -1.684012413 0.006845196 -0.011098050 0.999914944 60.207958221
0.999969244 0.002858220 -0.007305737 1.096797585 -0.002780520 0.999939680 0.010623561 -1.692624092 0.007335661 -0.010602920 0.999916852 60.586566925
0.999967754 0.002175571 -0.007727570 1.145863175 -0.002092674 0.999940336 0.010719352 -1.722318172 0.007750430 -0.010702836 0.999912620 61.124519348
0.999969959 0.002077590 -0.007470570 1.086886525 -0.001995750 0.999938011 0.010945834 -1.744758606 0.007492849 -0.010930596 0.999912202 61.573265076
0.999967575 0.001099132 -0.007978732 1.095544815 -0.001005625 0.999930859 0.011714081 -1.804903865 0.007991056 -0.011705681 0.999899566 62.074031830
0.999961615 0.003249566 -0.008144603 1.172936201 -0.003170343 0.999947667 0.009721229 -1.710225821 0.008175767 -0.009695034 0.999919593 62.560085297
0.999964714 0.002170863 -0.008109319 1.200155735 -0.002080618 0.999935925 0.011120559 -1.788259268 0.008132940 -0.011103294 0.999905229 63.097927094
0.999966919 0.002249663 -0.007818200 1.197747827 -0.002161199 0.999933660 0.011305179 -1.803405046 0.007843115 -0.011287907 0.999905467 63.623630524
0.999968708 0.002334641 -0.007553710 1.207894921 -0.002251358 0.999936700 0.011015237 -1.817207813 0.007578949 -0.010997887 0.999910712 64.172981262
0.999972701 0.002657259 -0.006894097 1.184346437 -0.002570249 0.999917269 0.012599265 -1.834528208 0.006927006 -0.012581201 0.999896824 64.595466614
0.999965310 0.001892188 -0.008105349 1.231663227 -0.001798617 0.999931753 0.011536117 -1.813350439 0.008126624 -0.011521137 0.999900579 65.147956848
0.999968290 0.002780742 -0.007452040 1.266717911 -0.002693017 0.999927282 0.011756274 -1.827720523 0.007484190 -0.011735835 0.999903083 65.324447632
0.999970913 0.002996333 -0.007015319 1.265856028 -0.002914248 0.999927521 0.011682023 -1.832340479 0.007049814 -0.011661241 0.999907136 65.884338379
0.999966919 0.002873326 -0.007624430 1.301881075 -0.002783921 0.999927521 0.011710960 -1.852556348 0.007657527 -0.011689346 0.999902368 66.282676697
0.999964595 0.003054916 -0.007833077 1.324081421 -0.002962510 0.999926209 0.011781530 -1.876506090 0.007868490 -0.011757908 0.999899924 66.805274963
0.999962687 0.003269447 -0.007993510 1.323788643 -0.003170866 0.999919116 0.012314415 -1.883729219 0.008033125 -0.012288609 0.999892235 67.354743958
0.999965489 0.002585849 -0.007897141 1.309848666 -0.002491249 0.999925315 0.011965518 -1.894279838 0.007927492 -0.011945431 0.999897242 67.711143494
0.999966800 0.002465099 -0.007765015 1.316175222 -0.002370681 0.999923408 0.012145198 -1.907842755 0.007794360 -0.012126388 0.999896109 68.205284119
0.999965906 0.002253055 -0.007944033 1.322315931 -0.002153659 0.999919534 0.012498379 -1.919400215 0.007971555 -0.012480843 0.999890387 68.739982605
0.999965847 0.002508158 -0.007868177 1.335162878 -0.002412696 0.999923587 0.012118729 -1.941904545 0.007897973 -0.012099332 0.999895632 69.232696533
0.999965250 0.002788313 -0.007855863 1.345573425 -0.002690355 0.999918938 0.012452415 -1.959883094 0.007889948 -0.012430849 0.999891520 69.730239868
0.999963582 0.002602923 -0.008131288 1.353847742 -0.002503911 0.999922991 0.012163254 -1.968036532 0.008162322 -0.012142454 0.999892890 70.264709473
0.999964654 0.003605261 -0.007598258 1.365861773 -0.003511490 0.999917984 0.012318565 -1.985536337 0.007642047 -0.012291448 0.999895215 70.797828674
0.999964774 0.002696477 -0.007948951 1.367728114 -0.002598940 0.999921501 0.012255254 -1.990278244 0.007981374 -0.012234163 0.999893248 71.342399597
0.999964416 0.001986002 -0.008202484 1.379321575 -0.001884902 0.999922335 0.012314881 -2.004779100 0.008226305 -0.012298981 0.999890506 71.893661499
0.999968350 0.001867594 -0.007739848 1.384209633 -0.001772414 0.999922991 0.012286176 -2.016417980 0.007762197 -0.012272070 0.999894559 72.442588806
0.999964654 0.002670421 -0.007970979 1.396476984 -0.002574797 0.999924898 0.011982753 -2.029888153 0.008002379 -0.011961804 0.999896407 73.001441956
0.999966681 0.001828607 -0.007953570 1.417400599 -0.001733255 0.999926865 0.011979125 -2.047145128 0.007974894 -0.011964941 0.999896526 73.527153015
0.999966264 0.002141392 -0.007914531 1.434708595 -0.002045725 0.999925077 0.012075895 -2.060385704 0.007939796 -0.012059300 0.999895751 74.045112610
0.999967694 0.002256170 -0.007711267 1.415148020 -0.002164467 0.999927044 0.011879697 -2.082685947 0.007737507 -0.011862623 0.999899685 74.565917969
0.999969482 0.003097667 -0.007172283 1.423583984 -0.003013716 0.999927163 0.011686273 -2.093008995 0.007207960 -0.011664302 0.999906003 75.103904724
0.999963999 0.002576277 -0.008073795 1.441795826 -0.002478585 0.999923885 0.012086626 -2.104225159 0.008104318 -0.012066183 0.999894381 75.585632324
0.999964178 0.002369248 -0.008124077 1.456095457 -0.002274458 0.999929488 0.011657323 -2.115150213 0.008151124 -0.011638428 0.999898970 76.175025940
0.999964416 0.001938409 -0.008210965 1.466360688 -0.001841420 0.999928653 0.011803375 -2.121543407 0.008233261 -0.011787836 0.999896646 76.695426941
0.999965250 0.002952987 -0.007797193 1.474423170 -0.002860084 0.999925137 0.011899268 -2.130049944 0.007831747 -0.011876552 0.999898791 77.206481934
0.999964833 0.003875802 -0.007432438 1.474675775 -0.003787340 0.999922276 0.011879598 -2.153832912 0.007477905 -0.011851031 0.999901831 77.681526184
0.999975026 0.003309697 -0.006240563 1.492641091 -0.003233742 0.999920964 0.012142122 -2.163473368 0.006280257 -0.012121638 0.999906778 78.209350586
0.999980569 0.003937908 -0.004831307 1.506158113 -0.003877793 0.999915659 0.012389585 -2.179611921 0.004879688 -0.012370609 0.999911487 78.745086670
0.999982774 0.004821795 -0.003342115 1.516535401 -0.004779543 0.999909937 0.012536888 -2.198347092 0.003402265 -0.012520699 0.999915779 79.268356323
0.999988616 0.004014784 -0.002579244 1.529682994 -0.003982972 0.999917388 0.012222572 -2.198668957 0.002628102 -0.012212160 0.999921978 79.832550049
0.999987423 0.004921968 0.000973104 1.549392223 -0.004933479 0.999913394 0.012202657 -2.216239691 -0.000912958 -0.012207304 0.999925137 80.362129211
0.999983191 0.004303410 0.003889931 1.574379683 -0.004350812 0.999915302 0.012260712 -2.228073359 -0.003836838 -0.012277429 0.999917269 80.901985168
0.999968112 0.004511163 0.006586405 1.589091539 -0.004590554 0.999916434 0.012088708 -2.226045370 -0.006531320 -0.012118557 0.999905229 81.417205811
0.999934614 0.004362841 0.010564270 1.623826861 -0.004481285 0.999927044 0.011214259 -2.228126526 -0.010514574 -0.011260868 0.999881327 81.985214233
0.999846518 0.004975556 0.016798370 1.657704830 -0.005185737 0.999908507 0.012491689 -2.263289928 -0.016734678 -0.012576885 0.999780834 82.441810608
0.999743760 0.004312417 0.022221148 1.686460495 -0.004596550 0.999908149 0.012751424 -2.277981281 -0.022164118 -0.012850296 0.999671698 82.935974121
0.999583185 0.003752716 0.028623108 1.768141270 -0.004086155 0.999924302 0.011599742 -2.330865383 -0.028577410 -0.011711865 0.999522984 83.791801453
0.999358356 0.003790518 0.035614733 1.870703697 -0.004257519 0.999905825 0.013045924 -2.371735573 -0.035561934 -0.013189183 0.999280453 84.193496704
0.998989344 0.004111165 0.044762511 1.870659351 -0.004680490 0.999909401 0.012621420 -2.386766672 -0.044706576 -0.012818173 0.998917937 84.804275513
0.998653948 0.003852239 0.051725097 1.919773102 -0.004514074 0.999909341 0.012684522 -2.396530151 -0.051671546 -0.012900936 0.998580813 85.354263306
0.998174310 0.003207185 0.060313947 1.983381271 -0.003945456 0.999918640 0.012125358 -2.405870914 -0.060270157 -0.012341185 0.998105943 85.877815247
0.997506499 0.003685053 0.070477553 2.055674553 -0.004573190 0.999912083 0.012444524 -2.424679756 -0.070425503 -0.012735804 0.997435749 86.409484863
0.996848404 0.003134364 0.079267778 2.106725693 -0.004138395 0.999913216 0.012505212 -2.433218002 -0.079221718 -0.012793844 0.996774852 86.954025269
0.996193290 0.002527268 0.087135531 2.177435875 -0.003578919 0.999922574 0.011915024 -2.437320709 -0.087098666 -0.012181517 0.996125221 87.503448486
0.995263517 0.002035075 0.097192809 2.265697002 -0.003243714 0.999919355 0.012279084 -2.461679935 -0.097159982 -0.012536190 0.995189846 87.998237610
0.994213581 0.001763299 0.107406713 2.361418724 -0.003110370 0.999918580 0.012375535 -2.480311871 -0.107376151 -0.012638000 0.994138062 88.530700684
0.993186712 0.001254375 0.116526984 2.448955536 -0.002695939 0.999921739 0.012214281 -2.491856098 -0.116502568 -0.012445210 0.993112385 89.076637268
0.991841137 0.001600925 0.127469301 2.543104172 -0.003222037 0.999916494 0.012512493 -2.508123636 -0.127438605 -0.012821116 0.991763592 89.611663818
0.990178168 0.001607189 0.139802843 2.641694069 -0.003371145 0.999917626 0.012381549 -2.518342972 -0.139771461 -0.012731233 0.990101933 90.159271240
0.988593400 0.001304615 0.150603130 2.749110222 -0.003152507 0.999922633 0.012031843 -2.530092239 -0.150575787 -0.012369379 0.988521039 90.705177307
0.987077475 0.000884005 0.160241067 2.852735519 -0.002882961 0.999920905 0.012242624 -2.535265684 -0.160217553 -0.012546388 0.987001956 91.259910583
0.985044122 0.000735852 0.172300667 2.972493172 -0.002836279 0.999924660 0.011944605 -2.548381329 -0.172278926 -0.012254653 0.984972000 91.780181885
0.982785344 0.000226200 0.184750587 3.101328850 -0.002472072 0.999925852 0.011925988 -2.556794882 -0.184734166 -0.012177404 0.982713103 92.315299988
0.980698228 0.000137070 0.195527360 3.228794098 -0.002495727 0.999927044 0.011816737 -2.565624237 -0.195511475 -0.012076636 0.980627060 92.853858948
0.978019357 -0.000202926 0.208514109 3.370675087 -0.002251308 0.999930978 0.011532718 -2.576191425 -0.208502069 -0.011748652 0.977951288 93.394416809
0.975098789 -0.000557799 0.221770793 3.521152496 -0.002063360 0.999930680 0.011587366 -2.586386204 -0.221761957 -0.011756419 0.975029945 93.926292419
0.972474396 -0.001110417 0.233007252 3.676456451 -0.001704388 0.999927938 0.011878642 -2.604701996 -0.233003706 -0.011948810 0.972402394 94.453407288
0.969368339 -0.001375792 0.245607555 3.843938828 -0.001554691 0.999929845 0.011737281 -2.614110947 -0.245606452 -0.011759592 0.969298244 95.025337219
0.965801001 -0.001804083 0.259277880 4.022710800 -0.001365986 0.999926448 0.012045845 -2.637004852 -0.259280533 -0.011988060 0.965727627 95.504264832
0.962353945 -0.002200133 0.271790236 4.197288513 -0.001122050 0.999926567 0.012067321 -2.652737141 -0.271796793 -0.011917999 0.962280869 96.002082825
0.959281206 -0.002933312 0.282437414 4.387052536 -0.000479679 0.999927700 0.012014154 -2.669493914 -0.282452285 -0.011660432 0.959210455 96.488136292
0.954972148 -0.002443965 0.296685457 4.575635910 -0.001244903 0.999924242 0.012244039 -2.679623127 -0.296692908 -0.012062063 0.954896748 97.013542175
0.950613499 -0.002903697 0.310363591 4.773288727 -0.000924535 0.999925315 0.012186852 -2.689258575 -0.310375780 -0.011871928 0.950539827 97.521110535
0.946859717 -0.003423240 0.321628600 4.976070404 -0.000602342 0.999922872 0.012415896 -2.699554443 -0.321646273 -0.011949845 0.946784496 98.038024902
0.942372680 -0.003261572 0.334549099 5.179080963 -0.000992327 0.999920845 0.012543620 -2.716786861 -0.334563404 -0.012152746 0.942294836 98.546989441
0.937254608 -0.004064175 0.348621845 5.398859024 -0.000402534 0.999918759 0.012739079 -2.723605156 -0.348645389 -0.012080094 0.937176824 99.067016602
0.932614505 -0.004381096 0.360847652 5.621129990 -0.000273424 0.999917448 0.012846791 -2.736534119 -0.360874087 -0.012079766 0.932536304 99.573654175
0.927933633 -0.004387984 0.372719437 5.836235046 -0.000290068 0.999921918 0.012494126 -2.744685173 -0.372745246 -0.011701834 0.927859962 100.068763733
0.922221661 -0.004586261 0.386634350 6.077646255 -0.000153125 0.999925256 0.012226365 -2.746183395 -0.386661530 -0.011334623 0.922152042 100.573356628
0.916811347 -0.005389984 0.399284214 6.324026108 0.000494752 0.999923468 0.012362063 -2.756175518 -0.399320275 -0.011136133 0.916743875 101.068016052
0.912204146 -0.006039040 0.409691364 6.575260162 0.001177049 0.999925852 0.012118596 -2.766871929 -0.409734160 -0.010572407 0.912143707 101.560989380
0.906709015 -0.006582610 0.421705365 6.835193634 0.001619758 0.999925196 0.012125690 -2.772751331 -0.421753645 -0.010311414 0.906651855 102.060745239
0.900331199 -0.006514688 0.435156584 7.096313477 0.001434159 0.999926925 0.012002563 -2.785212040 -0.435202986 -0.010182196 0.900274754 102.539321899
0.894528866 -0.007341705 0.446949929 7.376037598 0.002125766 0.999923646 0.012170461 -2.790494919 -0.447005183 -0.009936718 0.894476175 103.042228699
0.888758779 -0.007901088 0.458307177 7.646640778 0.002546430 0.999921024 0.012300276 -2.799944162 -0.458368152 -0.009764931 0.888708711 103.520889282
0.881588817 -0.007515084 0.471958369 7.935222626 0.002110983 0.999925971 0.011978826 -2.808188438 -0.472013533 -0.009564102 0.881539464 104.010742188
0.874552727 -0.007851725 0.484866828 8.225238800 0.002307097 0.999924898 0.012031051 -2.818172216 -0.484924942 -0.009403154 0.874505162 104.473594666
