1.000000000 0.000000000 0.000000000 0.000000000 0.000000000 1.000000000 0.000000000 0.000000000 0.000000000 0.000000000 1.000000000 0.000000000
1.000000000 -0.000038642 -0.000005351 0.000123174 0.000038642 1.000000000 -0.000025120 0.000236159 0.000005352 0.000025120 1.000000000 0.000371328
1.000000000 0.000006204 0.000042837 -0.000362355 -0.000006203 1.000000000 -0.000016916 0.000734654 -0.000042837 0.000016916 1.000000000 0.000653391
1.000000000 0.000015146 0.000113903 -0.001013599 -0.000015142 1.000000000 -0.000030071 0.000827622 -0.000113903 0.000030069 1.000000000 0.000838511
1.000000000 -0.000047656 -0.000006472 0.000434181 0.000047656 1.000000000 0.000013613 0.000400406 0.000006471 -0.000013613 1.000000000 0.000380586
1.000000000 0.000070039 0.000054460 -0.000744633 -0.000070038 1.000000000 -0.000005330 0.000517698 -0.000054460 0.000005327 1.000000000 -0.000434117
1.000000000 0.000036118 0.000003385 -0.000216929 -0.000036117 1.000000000 -0.000180893 0.001230879 -0.000003392 0.000180893 1.000000000 0.000181894
1.000000000 0.000083946 0.000105577 -0.000770843 -0.000083942 1.000000000 -0.000035038 0.000479116 -0.000105579 0.000035029 1.000000000 0.000375109
1.000000000 0.000202394 0.000099751 -0.001735266 -0.000202392 1.000000000 -0.000011892 0.000312523 -0.000099753 0.000011872 1.000000000 -0.000048956
1.000000000 0.000154644 0.000108757 -0.000727832 -0.000154629 1.000000000 -0.000145468 0.001830885 -0.000108779 0.000145451 1.000000000 0.001529350
1.000000000 0.000179772 0.000029301 -0.000649929 -0.000179768 1.000000000 -0.000136774 0.000650684 -0.000029326 0.000136769 1.000000000 -0.000104322
1.000000000 0.000063894 0.000063863 -0.000989151 -0.000063891 1.000000000 -0.000046714 0.000824881 -0.000063866 0.000046710 1.000000000 0.000127404
1.000000000 0.000149211 0.000108251 -0.001508227 -0.000149200 1.000000000 -0.000106671 0.001824394 -0.000108267 0.000106655 1.000000000 0.000934249
1.000000000 0.000153555 0.000045969 -0.000277268 -0.000153553 1.000000000 -0.000033137 0.000883217 -0.000045974 0.000033130 1.000000000 0.000371690
1.000000000 0.000178525 0.000159842 -0.001486641 -0.000178502 1.000000000 -0.000144847 0.001973389 -0.000159868 0.000144819 1.000000000 0.001357407
0.999999940 0.000298610 0.000160964 -0.002252963 -0.000298580 0.999999940 -0.000184225 0.002394248 -0.000161019 0.000184177 0.999999940 0.001875888
0.999999940 0.000289876 0.000163464 -0.001946867 -0.000289849 0.999999940 -0.000169482 0.003072531 -0.000163514 0.000169435 1.000000000 0.002804572
1.000000000 0.000157625 0.000178797 -0.001593860 -0.000157592 1.000000000 -0.000183612 0.002479899 -0.000178826 0.000183584 0.999999940 0.002737350
0.999999940 0.000180290 0.000181026 -0.002039359 -0.000180274 1.000000000 -0.000091504 0.002173839 -0.000181043 0.000091471 1.000000000 0.001976512
0.999999940 0.000217551 0.000125164 -0.002049293 -0.000217546 1.000000000 -0.000038677 0.002002632 -0.000125173 0.000038650 1.000000000 0.002297851
0.999999940 0.000237951 0.000171416 -0.001836249 -0.000237927 0.999999940 -0.000138045 0.002458883 -0.000171448 0.000138004 1.000000000 0.002376457
1.000000000 0.000214475 0.000099375 -0.001662542 -0.000214465 1.000000000 -0.000106958 0.002099049 -0.000099398 0.000106937 1.000000000 0.002033066
0.999999881 0.000377605 0.000192581 -0.002877524 -0.000377568 0.999999940 -0.000189992 0.002748559 -0.000192653 0.000189919 0.999999940 0.002914988
0.999999940 0.000312476 0.000214639 -0.002133541 -0.000312428 0.999999940 -0.000225185 0.002519920 -0.000214710 0.000225118 0.999999940 0.001735636
1.000000000 0.000161194 0.000154943 -0.001198494 -0.000161175 1.000000000 -0.000122754 0.002871729 -0.000154962 0.000122729 1.000000000 0.003353950
0.999999940 0.000268105 0.000146451 -0.001403288 -0.000268095 0.999999940 -0.000073373 0.001837586 -0.000146471 0.000073334 1.000000000 0.002038912
1.000000000 0.000195475 0.000119929 -0.001343927 -0.000195462 1.000000000 -0.000109885 0.002438899 -0.000119950 0.000109862 1.000000000 0.001985546
1.000000000 0.000187571 0.000124681 -0.001832330 -0.000187548 0.999999940 -0.000177619 0.002675817 -0.000124714 0.000177596 1.000000000 0.002447338
0.999999940 0.000186808 0.000181465 -0.001384074 -0.000186786 1.000000000 -0.000123882 0.002073907 -0.000181489 0.000123848 1.000000000 0.002469510
1.000000000 0.000130508 0.000184171 -0.001568097 -0.000130477 1.000000000 -0.000168678 0.002344720 -0.000184193 0.000168654 0.999999940 0.003027705
0.999999940 0.000255958 0.000168246 -0.001539767 -0.000255924 0.999999940 -0.000200367 0.002571011 -0.000168298 0.000200324 0.999999940 0.002696483
0.999999940 0.000181155 0.000186194 -0.001699336 -0.000181137 1.000000000 -0.000098015 0.001524964 -0.000186211 0.000097981 1.000000000 0.001193285
0.999999940 0.000262912 0.000195370 -0.002275347 -0.000262871 0.999999940 -0.000212943 0.002301348 -0.000195426 0.000212892 0.999999940 0.001902643
0.999999940 0.000252230 0.000196102 -0.001053930 -0.000252194 0.999999940 -0.000183137 0.001552526 -0.000196148 0.000183088 0.999999940 0.000981526
0.999999940 0.000175592 0.000183188 -0.001674262 -0.000175561 0.999999940 -0.000171731 0.002436514 -0.000183218 0.000171699 0.999999940 0.002539732
1.000000000 0.000144693 0.000107302 -0.001105959 -0.000144675 1.000000000 -0.000170475 0.003178943 -0.000107327 0.000170460 1.000000000 0.002940774
0.999999940 0.000370800 0.000173905 -0.002090804 -0.000370777 0.999999940 -0.000134786 0.002475144 -0.000173955 0.000134722 1.000000000 0.002224521
1.000000000 0.000221628 0.000078809 -0.000343076 -0.000221617 0.999999940 -0.000138453 0.002676207 -0.000078840 0.000138436 1.000000000 0.001865355
1.000000000 0.000187132 0.000122973 -0.000649137 -0.000187109 0.999999940 -0.000186170 0.001947937 -0.000123008 0.000186147 1.000000000 0.003390893
0.999999821 0.000469080 0.000175209 -0.000766797 -0.000468958 0.999999642 -0.000692910 -0.001282693 -0.000175534 0.000692828 0.999999702 0.048905365
0.999999881 0.000480237 0.000034795 0.001440682 -0.000480192 0.999999046 -0.001288115 -0.002015312 -0.000035414 0.001288098 0.999999166 0.140440404
0.999999940 0.000367481 -0.000006055 0.003204392 -0.000367489 0.999998808 -0.001484488 -0.006342139 0.000005509 0.001484490 0.999998927 0.253220916
0.999999940 0.000288756 -0.000040074 0.007031948 -0.000288815 0.999998808 -0.001471734 -0.009193356 0.000039649 0.001471745 0.999998927 0.384533018
0.999999940 0.000371009 -0.000154925 0.009429213 -0.000371188 0.999999225 -0.001157354 -0.012437948 0.000154496 0.001157411 0.999999344 0.526520252
0.999999940 0.000293316 -0.000039878 0.012633565 -0.000293360 0.999999285 -0.001125803 -0.017574774 0.000039548 0.001125814 0.999999404 0.678767681
0.999999821 0.000551279 0.000130787 0.016565125 -0.000551192 0.999999642 -0.000661791 -0.025322963 -0.000131152 0.000661719 0.999999762 0.836776078
0.999999881 0.000424655 0.000226617 0.016924892 -0.000424532 0.999999762 -0.000544801 -0.031347074 -0.000226848 0.000544705 0.999999821 1.004224777
0.999999762 0.000585575 0.000087818 0.020935042 -0.000585521 0.999999642 -0.000619409 -0.033741299 -0.000088181 0.000619357 0.999999821 1.177376628
0.999999821 0.000587278 0.000149895 0.024033235 -0.000587220 0.999999762 -0.000385073 -0.034989767 -0.000150121 0.000384985 0.999999881 1.361599684
0.999999762 0.000647090 0.000022012 0.028934883 -0.000647079 0.999999642 -0.000501544 -0.036319386 -0.000022337 0.000501529 0.999999940 1.557486773
1.000000000 0.000075887 0.000041515 0.034790013 -0.000075875 1.000000000 -0.000271444 -0.044850986 -0.000041535 0.000271441 1.000000000 1.754953980
0.999999881 0.000329624 0.000274072 0.038983051 -0.000329618 0.999999940 -0.000021214 -0.053369261 -0.000274079 0.000021124 0.999999940 1.945701241
0.999999940 0.000007984 0.000156784 0.044868194 -0.000008006 1.000000000 0.000136948 -0.063110426 -0.000156783 -0.000136949 0.999999940 2.145816088
0.999999881 0.000239063 0.000352342 0.048452396 -0.000239085 0.999999940 0.000061626 -0.066658095 -0.000352327 -0.000061711 0.999999940 2.363631487
0.999999642 0.000597576 0.000583235 0.050828576 -0.000597578 0.999999821 0.000003460 -0.074831828 -0.000583233 -0.000003809 0.999999881 2.581184626
0.999999821 0.000208998 0.000479545 0.056903377 -0.000209076 0.999999881 0.000162517 -0.080331378 -0.000479510 -0.000162617 0.999999881 2.809708357
0.999999821 0.000279416 0.000462370 0.062890708 -0.000279465 0.999999881 0.000106275 -0.083609894 -0.000462340 -0.000106404 0.999999881 3.047818184
0.999999762 0.000268673 0.000637901 0.065294020 -0.000268990 0.999999821 0.000496097 -0.095754795 -0.000637768 -0.000496268 0.999999702 3.279242277
0.999999642 0.000399897 0.000740785 0.069412388 -0.000400220 0.999999762 0.000436388 -0.102761351 -0.000740610 -0.000436685 0.999999583 3.526791811
0.999999583 0.000684241 0.000586489 0.073930532 -0.000684686 0.999999464 0.000758941 -0.110949017 -0.000585970 -0.000759343 0.999999464 3.784945488
0.999999225 0.000867699 0.000874575 0.077035479 -0.000868230 0.999999464 0.000606361 -0.117278352 -0.000874048 -0.000607120 0.999999404 4.033077717
0.999999106 0.000865955 0.001033347 0.084797561 -0.000866415 0.999999583 0.000445166 -0.122197017 -0.001032961 -0.000446061 0.999999344 4.290832520
0.999999166 0.000847813 0.000979323 0.091244839 -0.000848609 0.999999285 0.000813077 -0.132412359 -0.000978633 -0.000813907 0.999999106 4.545195580
0.999999106 0.000920760 0.000970611 0.097654603 -0.000921454 0.999999285 0.000715655 -0.138062686 -0.000969952 -0.000716548 0.999999285 4.798606873
0.999998510 0.001419652 0.000985201 0.104557924 -0.001420400 0.999998629 0.000758959 -0.143135443 -0.000984122 -0.000760357 0.999999225 5.058177948
0.999998212 0.001284620 0.001397852 0.108362019 -0.001285760 0.999998868 0.000815677 -0.154980600 -0.001396802 -0.000817473 0.999998629 5.310207367
0.999997437 0.001716644 0.001471915 0.112697147 -0.001718032 0.999998212 0.000942720 -0.163553521 -0.001470293 -0.000945246 0.999998450 5.572566032
0.999998152 0.001421669 0.001377995 0.118963137 -0.001422766 0.999998689 0.000795463 -0.169136047 -0.001376862 -0.000797422 0.999998689 5.840773582
0.999997616 0.001717040 0.001371062 0.123862393 -0.001718101 0.999998212 0.000773194 -0.179977745 -0.001369732 -0.000775548 0.999998748 6.116776943
0.999997377 0.001598223 0.001656161 0.130003095 -0.001599005 0.999998569 0.000470779 -0.183498815 -0.001655406 -0.000473426 0.999998510 6.401354790
0.999997199 0.001783185 0.001589478 0.133869648 -0.001783835 0.999998271 0.000407937 -0.192491576 -0.001588748 -0.000410771 0.999998629 6.683210850
0.999997139 0.001879361 0.001493203 0.141661078 -0.001880516 0.999997914 0.000772980 -0.205007374 -0.001491747 -0.000775785 0.999998569 6.978942871
0.999996960 0.001973698 0.001483220 0.149199009 -0.001975394 0.999997377 0.001143385 -0.218205258 -0.001480960 -0.001146311 0.999998212 7.263881683
0.999996185 0.002051669 0.001847971 0.147252530 -0.002053955 0.999997258 0.001236200 -0.229443237 -0.001845429 -0.001239991 0.999997556 7.581836700
0.999994397 0.002600042 0.002099101 0.156104282 -0.002602160 0.999996126 0.001006815 -0.233074442 -0.002096476 -0.001012272 0.999997318 7.901336193
0.999995947 0.002190599 0.001831832 0.164178744 -0.002192657 0.999997079 0.001122528 -0.244748935 -0.001829367 -0.001126540 0.999997675 8.202303886
0.999995708 0.002392679 0.001689380 0.172074661 -0.002394474 0.999996543 0.001060830 -0.251765430 -0.001686836 -0.001064871 0.999997973 8.522501945
0.999995172 0.002317335 0.002076039 0.176487476 -0.002318811 0.999997079 0.000708835 -0.254925966 -0.002074390 -0.000713646 0.999997616 8.877230644
0.999995291 0.002476630 0.001834923 0.186239734 -0.002478405 0.999996483 0.000965545 -0.268080920 -0.001832525 -0.000970088 0.999997854 9.217863083
0.999992132 0.003166001 0.002378806 0.193692431 -0.003167761 0.999994755 0.000736726 -0.279682487 -0.002376461 -0.000744256 0.999996901 9.548903465
0.999995828 0.002186413 0.001883739 0.199310675 -0.002188061 0.999997199 0.000872905 -0.287839442 -0.001881825 -0.000877023 0.999997854 9.921067238
0.999994755 0.002609441 0.001933153 0.203174889 -0.002611685 0.999995947 0.001158792 -0.300607115 -0.001930122 -0.001163835 0.999997437 10.281772614
0.999995172 0.002363798 0.002048647 0.211781293 -0.002366557 0.999996364 0.001345105 -0.310836703 -0.002045460 -0.001349946 0.999997020 10.650236130
0.999994457 0.002704349 0.001944929 0.224534586 -0.002706796 0.999995470 0.001256942 -0.317654282 -0.001941521 -0.001262200 0.999997258 11.016404152
0.999996662 0.001750718 0.001875273 0.228103116 -0.001753909 0.999997020 0.001701465 -0.330683351 -0.001872289 -0.001704749 0.999996781 11.406261444
0.999993145 0.002954399 0.002239494 0.228315592 -0.002957491 0.999994636 0.001378532 -0.338672549 -0.002235410 -0.001385146 0.999996483 11.772797585
0.999994278 0.002676049 0.002082023 0.242308185 -0.002679479 0.999994993 0.001646605 -0.352618635 -0.002077607 -0.001652175 0.999996424 12.163352013
0.999993384 0.002722901 0.002428439 0.255489379 -0.002727580 0.999994397 0.001925380 -0.365773082 -0.002423183 -0.001931991 0.999995172 12.552969933
0.999991477 0.003181417 0.002637862 0.257377774 -0.003186873 0.999992788 0.002066664 -0.374951035 -0.002631269 -0.002075053 0.999994397 12.959424019
0.999992609 0.002782769 0.002642370 0.275068283 -0.002788049 0.999994099 0.001996538 -0.387943029 -0.002636799 -0.002003891 0.999994516 13.363832474
0.999991298 0.003010589 0.002879885 0.277185351 -0.003018274 0.999991894 0.002667753 -0.407322496 -0.002871830 -0.002676422 0.999992251 13.757218361
0.999988556 0.003555001 0.003211119 0.282409996 -0.003563087 0.999990463 0.002516004 -0.409055293 -0.003202144 -0.002527417 0.999991775 14.191530228
0.999988496 0.003394201 0.003383295 0.293399602 -0.003401573 0.999991834 0.002175398 -0.432363689 -0.003375883 -0.002186881 0.999991894 14.588601112
0.999993026 0.002330771 0.002919482 0.309633732 -0.002337785 0.999994397 0.002401248 -0.441332638 -0.002913869 -0.002408057 0.999992788 15.019551277
0.999988973 0.003143104 0.003472863 0.317485869 -0.003151684 0.999992013 0.002468172 -0.457455337 -0.003465077 -0.002479091 0.999990940 15.456634521
0.999989033 0.002709980 0.003809609 0.327994704 -0.002718884 0.999993563 0.002334076 -0.465126932 -0.003803260 -0.002344408 0.999990046 15.888253212
0.999989569 0.002686076 0.003688430 0.351763457 -0.002693629 0.999994278 0.002044208 -0.475495666 -0.003682918 -0.002054122 0.999991119 16.323869705
0.999984741 0.003329956 0.004395222 0.357067704 -0.003338449 0.999992549 0.001926564 -0.488400161 -0.004388774 -0.001941208 0.999988496 16.767045975
0.999981761 0.003649296 0.004818427 0.344737440 -0.003661951 0.999989867 0.002620137 -0.521773756 -0.004808817 -0.002637734 0.999984920 17.213811874
0.999984026 0.002933109 0.004839949 0.379196227 -0.002944966 0.999992669 0.002444427 -0.509048343 -0.004832744 -0.002458641 0.999985337 17.699268341
0.999981463 0.002874963 0.005371208 0.386787891 -0.002889178 0.999992251 0.002640703 -0.534661829 -0.005363576 -0.002656173 0.999982059 18.160865784
0.999979794 0.002698652 0.005770199 0.400482416 -0.002713894 0.999992788 0.002635295 -0.542631924 -0.005763046 -0.002650901 0.999979854 18.633607864
0.999980569 0.003151634 0.005391477 0.416834712 -0.003163166 0.999992788 0.002131956 -0.552945733 -0.005384719 -0.002148969 0.999983191 19.122655869
0.999975741 0.003654281 0.005934784 0.422279805 -0.003671272 0.999989152 0.002854524 -0.575686812 -0.005924288 -0.002876244 0.999978304 19.610322952
0.999979138 0.003060276 0.005688338 0.439404488 -0.003073631 0.999992490 0.002340620 -0.564992666 -0.005681132 -0.002358055 0.999981105 20.114765167
0.999969363 0.004928682 0.006091072 0.443437159 -0.004948269 0.999982595 0.003204810 -0.606216788 -0.006075170 -0.003234853 0.999976337 20.583547592
0.999984264 0.002983349 0.004732193 0.480295062 -0.003000246 0.999989152 0.003567603 -0.614718854 -0.004721498 -0.003581745 0.999982417 21.032447815
0.999981403 0.003795483 0.004801050 0.485205770 -0.003810858 0.999987602 0.003197431 -0.622434437 -0.004788856 -0.003215667 0.999983370 21.542562485
0.999981880 0.004389565 0.004129079 0.498517841 -0.004402836 0.999985039 0.003210261 -0.633522868 -0.004114925 -0.003228382 0.999986291 22.056760788
0.999976158 0.005021782 0.004722339 0.497371137 -0.005036036 0.999982715 0.003011377 -0.648558259 -0.004707135 -0.003035087 0.999984264 22.550880432
0.999985933 0.003641657 0.003878697 0.509906769 -0.003653386 0.999988794 0.003021083 -0.658451974 -0.003867652 -0.003035211 0.999987960 23.072000504
0.999978244 0.005204737 0.004051642 0.514995277 -0.005218564 0.999980509 0.003409658 -0.690323532 -0.004033817 -0.003430727 0.999985993 23.557756424
0.999987304 0.003877422 0.003222645 0.527506351 -0.003886655 0.999988258 0.002863765 -0.702828765 -0.003211503 -0.002876254 0.999990761 24.090173721
0.999982595 0.004885955 0.003342763 0.534800828 -0.004897460 0.999982059 0.003442216 -0.723150313 -0.003325885 -0.003458527 0.999988496 24.606893539
0.999980152 0.005836479 0.002382770 0.561287403 -0.005845038 0.999976397 0.003600588 -0.748506963 -0.002361699 -0.003614443 0.999990702 25.157421112
0.999978900 0.006218312 0.001878773 0.574750066 -0.006225121 0.999974072 0.003639864 -0.761986852 -0.001856091 -0.003651483 0.999991655 25.694416046
0.999989748 0.004441130 0.000895849 0.575082898 -0.004444241 0.999983966 0.003500821 -0.771630943 -0.000880287 -0.003504767 0.999993443 26.235145569
0.999990880 0.004155515 0.000962849 0.575708628 -0.004160190 0.999979317 0.004906060 -0.805658638 -0.000942442 -0.004910021 0.999987483 26.756162643
0.999990225 0.004394820 -0.000046988 0.591923535 -0.004394519 0.999977052 0.005165348 -0.824077547 0.000069688 -0.005165092 0.999986649 27.307661057
0.999984682 0.005534725 0.000197648 0.587197781 -0.005535584 0.999973893 0.004647078 -0.822076499 -0.000171922 -0.004648101 0.999989212 27.763652802
0.999985278 0.005384848 -0.000603391 0.617183208 -0.005381855 0.999973774 0.004856298 -0.848461688 0.000629526 -0.004852979 0.999988019 28.361806870
0.999982893 0.005849259 -0.000041362 0.604432821 -0.005849019 0.999973178 0.004389831 -0.848001003 0.000067037 -0.004389513 0.999990284 28.927515030
0.999980986 0.006158581 -0.000373554 0.608467042 -0.006157005 0.999972701 0.004085491 -0.857613146 0.000398705 -0.004083114 0.999991536 29.448396683
0.999980986 0.006115559 -0.000777898 0.618484557 -0.006112226 0.999972403 0.004217272 -0.871030390 0.000803667 -0.004212438 0.999990821 30.001012802
0.999983251 0.005728261 -0.000804312 0.614964545 -0.005724808 0.999974668 0.004232247 -0.884136975 0.000828535 -0.004227573 0.999990702 30.554828644
0.999981880 0.005947140 -0.000901600 0.636423290 -0.005943514 0.999974549 0.003970504 -0.901778996 0.000925190 -0.003965074 0.999991715 31.088853836
0.999977410 0.006460657 -0.001837140 0.648779154 -0.006453906 0.999972522 0.003657387 -0.911340415 0.001860718 -0.003645447 0.999991655 31.641307831
0.999983966 0.005276499 -0.002062738 0.648359776 -0.005268221 0.999978125 0.003998474 -0.924423635 0.002083790 -0.003987543 0.999989867 32.194499969
0.999969125 0.007511233 -0.002305291 0.654398799 -0.007503228 0.999965847 0.003461835 -0.940377176 0.002331215 -0.003444430 0.999991417 32.737636566
0.999985874 0.004798952 -0.002275131 0.667190671 -0.004789275 0.999979556 0.004240117 -0.953844965 0.002295433 -0.004229161 0.999988437 33.291030884
0.999985874 0.004721372 -0.002439394 0.678670466 -0.004711490 0.999980748 0.004041310 -0.963433623 0.002458428 -0.004029761 0.999988854 33.850238800
0.999977171 0.006296457 -0.002462260 0.666415393 -0.006287765 0.999974012 0.003522087 -0.969113290 0.002484372 -0.003506524 0.999990702 34.416358948
0.999980509 0.005073286 -0.003639651 0.701426089 -0.005059732 0.999980271 0.003723614 -0.990232229 0.003658470 -0.003705126 0.999986470 34.941864014
0.999978423 0.005732663 -0.003213775 0.689209700 -0.005722073 0.999978185 0.003294443 -0.995564401 0.003232591 -0.003275983 0.999989390 35.496200562
0.999980986 0.005389120 -0.002995698 0.695265353 -0.005378027 0.999978721 0.003698973 -1.020454407 0.003015567 -0.003682791 0.999988616 35.978836060
0.999977648 0.005279250 -0.004106924 0.716263652 -0.005265112 0.999980152 0.003445968 -1.019577622 0.004125034 -0.003424268 0.999985635 36.597629547
0.999982119 0.004972046 -0.003364073 0.714482844 -0.004959296 0.999980509 0.003788443 -1.041386962 0.003382843 -0.003771691 0.999987185 37.084205627
0.999980271 0.004845065 -0.004015621 0.732579887 -0.004829683 0.999980927 0.003831784 -1.059175372 0.004034109 -0.003812313 0.999984562 37.617145538
0.999979258 0.005045262 -0.004015141 0.735571146 -0.005031455 0.999981403 0.003441686 -1.061066747 0.004032431 -0.003421413 0.999986053 38.201221466
0.999977052 0.005116919 -0.004437522 0.748354077 -0.005100604 0.999980211 0.003680214 -1.094810963 0.004456266 -0.003657496 0.999983311 38.691463470
0.999978840 0.005108912 -0.004017448 0.750274777 -0.005093490 0.999979675 0.003839528 -1.117227435 0.004036981 -0.003818983 0.999984562 39.235298157
0.999980211 0.004821413 -0.004048796 0.759048641 -0.004805493 0.999980807 0.003932270 -1.132190466 0.004067677 -0.003912735 0.999984086 39.784664154
0.999978960 0.005461402 -0.003497011 0.766361296 -0.005447346 0.999977112 0.004016179 -1.136680603 0.003518864 -0.003997045 0.999985814 40.367431641
0.999981463 0.004807613 -0.003747637 0.784347653 -0.004794014 0.999981880 0.003629174 -1.143135309 0.003765017 -0.003611140 0.999986351 40.896865845
0.999983072 0.004975540 -0.002999005 0.766125083 -0.004963167 0.999979198 0.004118393 -1.154375553 0.003019434 -0.004103439 0.999987006 41.459907532
0.999980807 0.005623675 -0.002594220 0.774770856 -0.005614361 0.999977827 0.003584004 -1.161265731 0.002614318 -0.003569371 0.999990225 42.020195007
0.999981284 0.004854542 -0.003709737 0.803902328 -0.004838935 0.999979377 0.004204509 -1.186188459 0.003730072 -0.004186479 0.999984205 42.549819946
0.999983311 0.003125161 -0.004860869 0.873582006 -0.003103625 0.999985337 0.004431692 -1.204944849 0.004874648 -0.004416533 0.999978364 43.135189056
0.999973297 0.006076742 -0.004053416 0.829882145 -0.006064577 0.999977112 0.003006854 -1.192498565 0.004071596 -0.002982192 0.999987245 43.639774323
0.999986410 0.004143046 -0.003137700 0.837081730 -0.004133514 0.999986827 0.003038708 -1.225703955 0.003150248 -0.003025697 0.999990463 44.228652954
0.999984562 0.004663195 -0.003031722 0.842051029 -0.004654437 0.999985039 0.002889202 -1.241118431 0.003045150 -0.002875047 0.999991179 44.775474548
0.999981582 0.005320144 -0.002965331 0.854966521 -0.005310864 0.999980986 0.003128472 -1.259680390 0.002981919 -0.003112666 0.999990702 45.301166534
0.999981999 0.005233593 -0.002904215 0.868276298 -0.005226851 0.999983609 0.002324202 -1.261452794 0.002916332 -0.002308980 0.999993145 45.875930786
0.999980032 0.005480801 -0.003135681 0.873268604 -0.005471366 0.999980509 0.003009798 -1.292933941 0.003152115 -0.002992581 0.999990582 46.372760773
0.999981463 0.005098823 -0.003327052 0.888265848 -0.005088904 0.999982595 0.002983149 -1.300557017 0.003342205 -0.002966162 0.999990046 46.923137665
0.999979079 0.005813839 -0.002828830 0.884909511 -0.005804964 0.999978244 0.003135630 -1.315082312 0.002846997 -0.003119143 0.999991059 47.449516296
0.999977469 0.005968433 -0.003054905 0.900484085 -0.005959963 0.999978423 0.002773782 -1.332657814 0.003071394 -0.002755512 0.999991536 48.003101349
0.999971986 0.007133353 -0.002268832 0.880001605 -0.007125390 0.999968469 0.003499602 -1.361075759 0.002293722 -0.003483337 0.999991298 48.359542847
0.999976993 0.006459599 -0.002071273 0.891200364 -0.006452014 0.999972522 0.003648234 -1.371626854 0.002094782 -0.003634786 0.999991238 48.918472290
0.999979198 0.005872778 -0.002676697 0.922339559 -0.005865378 0.999979079 0.002764063 -1.358945370 0.002692874 -0.002748306 0.999992609 49.564754486
0.999980509 0.005574973 -0.002812369 0.932120323 -0.005566772 0.999980271 0.002915970 -1.371319175 0.002828571 -0.002900257 0.999991715 50.101459503
0.999981225 0.005482797 -0.002705703 0.935286403 -0.005476672 0.999982476 0.002265761 -1.382224679 0.002718078 -0.002250900 0.999993742 50.642234802
0.999984920 0.005039706 -0.002169287 0.953106642 -0.005033648 0.999983370 0.002789407 -1.407561183 0.002183310 -0.002778445 0.999993682 51.302803040
0.999981165 0.005560386 -0.002580922 0.962647736 -0.005553067 0.999980569 0.002834623 -1.420830011 0.002596633 -0.002820238 0.999992669 51.842956543
0.999984562 0.004896326 -0.002631294 0.971374333 -0.004890180 0.999985337 0.002337188 -1.437801957 0.002642700 -0.002324285 0.999993801 52.375328064
0.999983430 0.005191358 -0.002462790 0.979448795 -0.005184914 0.999983132 0.002616165 -1.448005676 0.002476330 -0.002603352 0.999993563 52.924644470
0.999984026 0.005081344 -0.002470412 0.987270236 -0.005074661 0.999983490 0.002704204 -1.463977575 0.002484112 -0.002691624 0.999993324 53.476474762
0.999982417 0.005171477 -0.002898195 0.989513159 -0.005164421 0.999983609 0.002436544 -1.474981308 0.002910748 -0.002421533 0.999992847 53.967185974
0.999983370 0.005192814 -0.002509736 1.002754688 -0.005188004 0.999984682 0.001918675 -1.490792274 0.002519661 -0.001905623 0.999994993 54.557704926
0.999983191 0.005078325 -0.002817931 1.014178514 -0.005072357 0.999984860 0.002120837 -1.506503701 0.002828659 -0.002106507 0.999993801 55.108814240
0.999981344 0.005435143 -0.002789055 1.009393096 -0.005427669 0.999981701 0.002679652 -1.523553371 0.002803568 -0.002664464 0.999992549 55.589443207
0.999986887 0.004099323 -0.003073761 1.035628557 -0.004093920 0.999990046 0.001761872 -1.527578354 0.003080954 -0.001749266 0.999993682 56.209503174
0.999981165 0.005546948 -0.002628868 1.027506351 -0.005538641 0.999979675 0.003156600 -1.554995060 0.002646324 -0.003141980 0.999991536 56.635543823
0.999974012 0.006913326 -0.002032954 1.036880612 -0.006906689 0.999970913 0.003254066 -1.575895071 0.002055391 -0.003239940 0.999992669 57.181190491
0.999985933 0.004484539 -0.002804974 1.054518223 -0.004479246 0.999988139 0.001890430 -1.581477761 0.002813420 -0.001877840 0.999994278 57.790596008
0.999986231 0.004162206 -0.003198293 1.070412159 -0.004156208 0.999989569 0.001880436 -1.597696066 0.003206086 -0.001867117 0.999993086 58.316314697
0.999985635 0.004236351 -0.003292208 1.079413772 -0.004229335 0.999988794 0.002135991 -1.614832044 0.003301219 -0.002122036 0.999992311 58.838813782
0.999987662 0.003786378 -0.003188482 1.079556227 -0.003782870 0.999992251 0.001105443 -1.611725330 0.003192642 -0.001093367 0.999994278 59.407817841
0.999986708 0.003736503 -0.003541423 1.094944715 -0.003732814 0.999992490 0.001047377 -1.624101520 0.003545310 -0.001034144 0.999993145 59.950744629
0.999986649 0.003652100 -0.003634673 1.095252752 -0.003648284 0.999992728 0.001056095 -1.639628530 0.003638504 -0.001042820 0.999992788 60.513706207
0.999985397 0.003501094 -0.004116729 1.110628128 -0.003497220 0.999993443 0.000947812 -1.651251793 0.004120020 -0.000933401 0.999991059 61.058246613
0.999987721 0.003385070 -0.003604325 1.116840005 -0.003381178 0.999993622 0.001085427 -1.668550372 0.003607978 -0.001073227 0.999992907 61.599811554
0.999987602 0.003179006 -0.003832381 1.124619126 -0.003175538 0.999994516 0.000910528 -1.684756041 0.003835255 -0.000898346 0.999992192 62.141849518
0.999988019 0.003369208 -0.003535944 1.131374240 -0.003366465 0.999994040 0.000781899 -1.699881792 0.003538558 -0.000769986 0.999993443 62.683712006
0.999987423 0.003546923 -0.003543619 1.141793013 -0.003543784 0.999993443 0.000891297 -1.715506554 0.003546757 -0.000878728 0.999993324 63.226863861
0.999986649 0.003177093 -0.004061727 1.154444218 -0.003173261 0.999994516 0.000949711 -1.730327964 0.004064723 -0.000936809 0.999991238 63.770736694
0.999988675 0.003333587 -0.003372612 1.158854485 -0.003332491 0.999994397 0.000330631 -1.743774652 0.003373695 -0.000319388 0.999994278 64.308418274
0.999988258 0.003629660 -0.003193134 1.167151213 -0.003628361 0.999993265 0.000412405 -1.758720756 0.003194609 -0.000400815 0.999994755 64.851799011
0.999989510 0.003004015 -0.003456103 1.180677414 -0.003002970 0.999995470 0.000307397 -1.774509907 0.003457010 -0.000297015 0.999993980 65.386993408
0.999989033 0.003431512 -0.003188368 1.187786222 -0.003431128 0.999994218 0.000125944 -1.787402511 0.003188782 -0.000115003 0.999994874 65.925117493
0.999989748 0.003334450 -0.003070720 1.202276587 -0.003331081 0.999993801 0.001101164 -1.815416932 0.003074374 -0.001090923 0.999994695 66.460960388
0.999985397 0.004606475 -0.002796623 1.209858775 -0.004603831 0.999988973 0.000951533 -1.834408283 0.002800975 -0.000938644 0.999995649 66.999000549
0.999985993 0.004443506 -0.002867820 1.225356817 -0.004441216 0.999989808 0.000804748 -1.845466375 0.002871368 -0.000792000 0.999995530 67.529846191
0.999985993 0.004490123 -0.002805052 1.231485605 -0.004487573 0.999989510 0.000915393 -1.864616752 0.002809134 -0.000902792 0.999995708 68.066268921
0.999987543 0.004085342 -0.002867089 1.270398378 -0.004083477 0.999991477 0.000655733 -1.883019447 0.002869744 -0.000644017 0.999995649 68.588989258
0.999989033 0.003722998 -0.002788033 1.247400641 -0.003717970 0.999991417 0.001806152 -1.898226738 0.002794734 -0.001795766 0.999994457 69.157508850
0.999984026 0.005118927 -0.002397511 1.293564796 -0.005117382 0.999986708 0.000649650 -1.924250007 0.002400804 -0.000637371 0.999996901 69.689849854
0.999978662 0.005992099 -0.002587594 1.300919771 -0.005991538 0.999982059 0.000224454 -1.936259389 0.002588893 -0.000208945 0.999996662 70.247795105
0.999982178 0.005327726 -0.002673539 1.310559511 -0.005328206 0.999985814 -0.000172636 -1.949379325 0.002672581 0.000186878 0.999996424 70.800926208
0.999989569 0.002427690 -0.003858553 1.365310192 -0.002425965 0.999996960 0.000451762 -1.959168315 0.003859638 -0.000442397 0.999992430 71.337249756
0.999990404 0.002398734 -0.003658015 1.374604225 -0.002397367 0.999997079 0.000377944 -1.973151684 0.003658909 -0.000369171 0.999993265 71.892631531
0.999989927 0.002789292 -0.003510896 1.377556205 -0.002789313 0.999996066 -0.000001180 -1.990135670 0.003510877 0.000010973 0.999993861 72.429946899
0.999990702 0.002201545 -0.003715637 1.391867995 -0.002200681 0.999997556 0.000236655 -2.007287264 0.003716149 -0.000228476 0.999993086 72.962852478
0.999990165 0.002550583 -0.003632115 1.402830958 -0.002549405 0.999996722 0.000329013 -2.022901297 0.003632942 -0.000319750 0.999993324 73.506362915
0.999990702 0.002377573 -0.003599838 1.415216208 -0.002376642 0.999997139 0.000262835 -2.037196636 0.003600455 -0.000254277 0.999993503 74.020828247
0.999989808 0.002569773 -0.003719051 1.422747612 -0.002568741 0.999996781 0.000282058 -2.047915220 0.003719762 -0.000272502 0.999993026 74.525772095
0.999990821 0.002240282 -0.003638961 1.432503462 -0.002238286 0.999997318 0.000552236 -2.067680359 0.003640188 -0.000544086 0.999993205 75.044265747
0.999990582 0.002587055 -0.003489809 1.443984628 -0.002586473 0.999996662 0.000171007 -2.078607321 0.003490239 -0.000161979 0.999993920 75.548362732
0.999989629 0.002641550 -0.003714085 1.450403094 -0.002641507 0.999996483 0.000016783 -2.094129086 0.003714116 -0.000006972 0.999993086 76.061912537
0.999989629 0.002290195 -0.003929784 1.463571548 -0.002289749 0.999997377 0.000117526 -2.113586426 0.003930043 -0.000108527 0.999992251 76.603302002
0.999988854 0.002757989 -0.003831617 1.472023487 -0.002757507 0.999996185 0.000131044 -2.129298449 0.003831962 -0.000120476 0.999992669 77.115814209
0.999988735 0.003004082 -0.003661649 1.467314720 -0.003002067 0.999995351 0.000555989 -2.147565365 0.003663302 -0.000544990 0.999993145 77.628974915
0.999990046 0.002540808 -0.003671311 1.490415812 -0.002539752 0.999996722 0.000291986 -2.162013292 0.003672041 -0.000282659 0.999993205 78.131835938
0.999991655 0.002339542 -0.003372125 1.498544693 -0.002340301 0.999997258 -0.000221303 -2.171015739 0.003371598 0.000229193 0.999994338 78.687248230
0.999988079 0.003020627 -0.003841393 1.506158590 -0.003020094 0.999995351 0.000144403 -2.194117546 0.003841812 -0.000132800 0.999992549 79.201461792
0.999989688 0.002746797 -0.003606894 1.519600391 -0.002745406 0.999996126 0.000390667 -2.216073513 0.003607953 -0.000380760 0.999993443 79.726341248
0.999992490 0.003114710 -0.002318990 1.521655798 -0.003113246 0.999994934 0.000634445 -2.231063604 0.002320954 -0.000627221 0.999997139 80.266891479
0.999995112 0.003008869 -0.000817129 1.533312201 -0.003008690 0.999995470 0.000220379 -2.245295286 0.000817789 -0.000217920 0.999999642 80.794364929
0.999996185 0.002734650 0.000401982 1.540692806 -0.002734660 0.999996245 0.000026627 -2.261114359 -0.000401908 -0.000027726 0.999999940 81.330001831
0.999992251 0.003483731 0.001830164 1.549423575 -0.003484095 0.999993980 0.000195947 -2.273092985 -0.001829471 -0.000202322 0.999998331 81.885185242
0.999984741 0.002557990 0.004896292 1.561476827 -0.002556736 0.999996662 -0.000262429 -2.285420656 -0.004896948 0.000249906 0.999987960 82.380111694
0.999953806 0.003823159 0.008815534 1.588942051 -0.003821374 0.999992669 -0.000219233 -2.304990292 -0.008816308 0.000185535 0.999961138 83.002388000
0.999921799 0.002871097 0.012165077 1.588738441 -0.002872574 0.999995828 0.000103897 -2.320884228 -0.012164728 -0.000138834 0.999925971 83.451644897
0.999863029 0.002690610 0.016326157 1.608732700 -0.002679665 0.999996185 -0.000692286 -2.332359791 -0.016327957 0.000648442 0.999866426 83.993759155
0.999747038 0.002717241 0.022323739 1.639859915 -0.002714169 0.999996305 -0.000167953 -2.342093945 -0.022324111 0.000107321 0.999750793 84.556709290
0.999596179 0.002681416 0.028289163 1.653109789 -0.002664294 0.999996245 -0.000642883 -2.365915775 -0.028290782 0.000567253 0.999599516 85.070899963
0.999390543 0.003742032 0.034705661 1.681718826 -0.003744511 0.999992967 0.000006444 -2.389083624 -0.034705389 -0.000136396 0.999397695 85.609031677
0.999076128 0.003623568 0.042822637 1.711745620 -0.003647729 0.999993145 0.000486047 -2.411971569 -0.042820573 -0.000641803 0.999082506 86.162750244
0.998670816 0.003647337 0.051412862 1.760491610 -0.003651595 0.999993324 -0.000011142 -2.421546936 -0.051412560 -0.000176612 0.998677492 86.707008362
0.998285770 0.003353727 0.058432158 1.805616617 -0.003370899 0.999994278 0.000195287 -2.438868284 -0.058431178 -0.000391921 0.998291373 87.237075806
0.997721493 0.003273720 0.067388132 1.858799458 -0.003304017 0.999994457 0.000338139 -2.458355188 -0.067386642 -0.000560019 0.997726917 87.767234802
0.997020960 0.002127571 0.077102140 1.929970741 -0.002130553 0.999997675 -0.000043593 -2.470691919 -0.077102050 -0.000120807 0.997023225 88.294326782
0.996270299 0.002715275 0.086246200 1.985245228 -0.002751498 0.999996185 0.000301131 -2.492003679 -0.086245045 -0.000537314 0.996273816 88.852401733
0.995705366 0.002125853 0.092554376 2.082858562 -0.002131274 0.999997675 -0.000040273 -2.502898932 -0.092554256 -0.000157159 0.995707691 89.353683472
0.994628012 0.002626589 0.103480414 2.133888721 -0.002603929 0.999996543 -0.000354072 -2.523858309 -0.103480987 0.000082714 0.994631410 89.946121216
0.993502438 0.002165243 0.113789529 2.227552414 -0.002124598 0.999997616 -0.000478462 -2.534096003 -0.113790303 0.000233596 0.993504763 90.521232605
0.992389739 0.001967764 0.123121776 2.308710098 -0.001996489 0.999997973 0.000109938 -2.560171604 -0.123121299 -0.000354913 0.992391706 91.049705505
0.990913808 0.001681479 0.134487599 2.403510094 -0.001698827 0.999998450 0.000014242 -2.573976278 -0.134487361 -0.000242584 0.990915358 91.583267212
0.989116073 0.000902981 0.147134498 2.508954048 -0.000834758 0.999999523 -0.000525428 -2.585587740 -0.147134885 0.000396887 0.989116371 92.154235840
0.987383902 0.001472090 0.158338636 2.593581200 -0.001555169 0.999998629 0.000400789 -2.605329037 -0.158337861 -0.000641976 0.987384796 92.667205811
0.985680819 0.001222712 0.168617249 2.720629692 -0.001216869 0.999999225 -0.000137988 -2.616486788 -0.168617293 -0.000069173 0.985681593 93.247268677
0.983284354 0.001438431 0.182070777 2.836729050 -0.001468579 0.999998927 0.000030770 -2.632755518 -0.182070553 -0.000297641 0.983285427 93.787948608
0.981014967 0.000825995 0.193930253 2.974031448 -0.000887490 0.999999583 0.000230216 -2.666156530 -0.193929955 -0.000397956 0.981015444 94.352844238
0.978962421 0.000383480 0.204040200 3.101897240 -0.000495941 0.999999762 0.000500038 -2.672534704 -0.204039931 -0.000590711 0.978962421 94.829971313
0.976090789 0.000838827 0.217361748 3.249464035 -0.001003126 0.999999285 0.000645543 -2.704911470 -0.217361018 -0.000848150 0.976090908 95.448310852
0.973177314 0.000051108 0.230055898 3.399188995 -0.000071361 1.000000000 0.000079711 -2.713689566 -0.230055884 -0.000093990 0.973177433 95.976531982
0.970473409 0.000015490 0.241208047 3.551752090 -0.000072139 1.000000000 0.000226024 -2.730436087 -0.241208002 -0.000236751 0.970473349 96.494979858
0.967684388 -0.000968910 0.252162367 3.730726242 0.001061182 0.999999523 -0.000229927 -2.745355368 -0.252161950 0.000490087 0.967684925 97.137504578
0.963894367 0.000167354 0.266284943 3.881229401 -0.000408473 0.999999583 0.000850106 -2.768149614 -0.266284615 -0.000928183 0.963894010 97.625465393
0.960255146 -0.000550355 0.279123068 4.053367615 0.000387013 0.999999762 0.000640305 -2.787935734 -0.279123366 -0.000506833 0.960255146 98.145568848
0.956712723 -0.000675093 0.291033268 4.224485397 0.000523880 0.999999642 0.000597496 -2.798683643 -0.291033566 -0.000419165 0.956712723 98.689315796
0.952831268 -0.001192070 0.303498000 4.444700241 0.001010473 0.999999166 0.000755388 -2.817448139 -0.303498685 -0.000413081 0.952831745 99.217697144
0.948246539 -0.001639519 0.317530662 4.628005981 0.001511870 0.999998748 0.000648412 -2.830906630 -0.317531258 -0.000134790 0.948247790 99.707450867
0.944364309 -0.001823405 0.328896403 4.829669952 0.001652683 0.999998331 0.000798631 -2.846175909 -0.328897387 -0.000210637 0.944365680 100.221473694
0.939659417 -0.001961091 0.342105687 5.042354584 0.001715457 0.999997973 0.001020569 -2.871479511 -0.342107058 -0.000372119 0.939660907 100.698081970
0.933964312 -0.001756546 0.357362062 5.237712860 0.001345773 0.999998093 0.001398130 -2.891306400 -0.357363790 -0.000824875 0.933964908 101.195320129
0.929366231 -0.002557013 0.369150221 5.474433899 0.002201838 0.999996543 0.001383422 -2.924101591 -0.369152457 -0.000472897 0.929368794 101.805961609
0.924739301 -0.003284200 0.380586982 5.689579010 0.002729926 0.999994338 0.001996157 -2.918655396 -0.380591303 -0.000806951 0.924742997 102.083755493
0.918931663 -0.003309826 0.394402713 5.937572479 0.002514081 0.999993563 0.002534303 -2.974516153 -0.394408613 -0.001337291 0.918934166 102.645286560
0.912813723 -0.002355712 0.408369452 6.179698944 0.001057097 0.999993563 0.003405655 -2.999252558 -0.408374906 -0.002677043 0.912810385 103.111892700
0.908043027 -0.003330313 0.418863744 6.423072815 0.002254855 0.999992728 0.003062532 -3.002955675 -0.418870896 -0.001836434 0.908043861 103.612892151
0.902595222 -0.004037152 0.430471271 6.698318481 0.003232169 0.999991417 0.002601280 -3.021652460 -0.430478066 -0.000956547 0.902600527 104.116577148
0.895914495 -0.004625361 0.444202453 6.947761536 0.003139321 0.999986708 0.004080880 -3.065793276 -0.444215447 -0.002261625 0.895917118 104.603729248
0.889966369 -0.003635858 0.456011623 7.237697601 0.002824423 0.999993026 0.002460883 -3.045712471 -0.456017345 -0.000902133 0.889970362 105.090881348
0.884434462 -0.004209456 0.466645390 7.526515961 0.003186916 0.999990523 0.002980417 -3.071715355 -0.466653466 -0.001148824 0.884439409 105.542350769
0.876740873 -0.004782534 0.480939239 7.797145844 0.003531075 0.999987602 0.003506964 -3.095498323 -0.480950058 -0.001376466 0.876746893 106.028739929
0.869459033 -0.004619430 0.493983597 8.095886230 0.003214189 0.999988019 0.003693989 -3.134893894 -0.493994683 -0.001624015 0.869463503 106.551383972
0.863372624 -0.006241164 0.504528224 8.385494232 0.005213990 0.999980450 0.003447629 -3.110032558 -0.504539847 -0.000345984 0.863388300 106.954933167
