1.000000000 0.000000000 0.000000000 0.000000000 0.000000000 1.000000000 0.000000000 0.000000000 0.000000000 0.000000000 1.000000000 0.000000000
1.000000000 0.000022506 0.000004932 -0.000339680 -0.000022506 1.000000000 0.000046423 -0.000036737 -0.000004931 -0.000046423 1.000000000 -0.001860340
1.000000000 0.000095635 0.000054719 -0.001974808 -0.000095634 1.000000000 -0.000007085 -0.000619335 -0.000054720 0.000007080 1.000000000 -0.001701157
1.000000000 -0.000033381 -0.000014939 0.001474980 0.000033382 1.000000000 0.000026830 -0.000150767 0.000014938 -0.000026831 1.000000000 -0.003384729
1.000000000 -0.000107889 -0.000015704 0.000914532 0.000107890 1.000000000 0.000042805 -0.000457294 0.000015700 -0.000042806 1.000000000 -0.002276591
1.000000000 0.000002646 0.000036133 -0.000698229 -0.000002647 1.000000000 0.000022638 -0.000189074 -0.000036133 -0.000022638 1.000000000 -0.001134690
1.000000000 -0.000024242 0.000037571 0.000601330 0.000024238 1.000000000 0.000113351 -0.000528110 -0.000037573 -0.000113350 1.000000000 -0.002566169
1.000000000 -0.000079374 0.000021357 -0.000322543 0.000079372 1.000000000 0.000096706 -0.000365101 -0.000021364 -0.000096704 1.000000000 0.002115039
1.000000000 0.000008318 -0.000004367 0.000276698 -0.000008318 1.000000000 0.000029063 -0.000398251 0.000004367 -0.000029063 1.000000000 -0.004429449
1.000000000 -0.000037328 0.000039716 0.000348921 0.000037325 1.000000000 0.000065614 -0.000203815 -0.000039719 -0.000065613 1.000000000 -0.004219975
1.000000000 0.000029127 0.000024918 -0.000111242 -0.000029128 1.000000000 0.000028441 -0.000248729 -0.000024917 -0.000028441 1.000000000 -0.001150567
1.000000000 -0.000073973 0.000008489 -0.000266887 0.000073972 1.000000000 0.000055823 -0.000572637 -0.000008493 -0.000055822 1.000000000 -0.005548948
1.000000000 -0.000114838 0.000085860 -0.000249587 0.000114830 1.000000000 0.000090090 -0.000664345 -0.000085870 -0.000090080 1.000000000 -0.001918204
1.000000000 -0.000048525 0.000079603 0.000215355 0.000048520 1.000000000 0.000064531 -0.000699837 -0.000079607 -0.000064527 1.000000000 -0.003602645
1.000000000 -0.000060153 0.000064389 -0.000234913 0.000060148 1.000000000 0.000085071 -0.000317592 -0.000064394 -0.000085068 1.000000000 -0.003262495
1.000000000 -0.000083118 0.000074593 -0.000403093 0.000083110 1.000000000 0.000105540 -0.000143456 -0.000074602 -0.000105534 1.000000000 -0.003138048
1.000000000 -0.000156599 0.000025075 -0.000125998 0.000156598 1.000000000 0.000065705 -0.000260057 -0.000025085 -0.000065701 1.000000000 -0.004476510
1.000000000 0.000030293 0.000028134 0.000919826 -0.000030297 1.000000000 0.000122260 -0.001310271 -0.000028130 -0.000122261 1.000000000 -0.008133299
0.999999940 -0.000261885 -0.000046049 0.002764723 0.000261894 0.999999940 0.000182069 -0.003308526 0.000046001 -0.000182081 1.000000000 -0.008413841
1.000000000 -0.000129917 -0.000004333 0.000435630 0.000129917 1.000000000 0.000052779 -0.000817551 0.000004326 -0.000052779 1.000000000 -0.005515425
1.000000000 -0.000107334 0.000030191 -0.000711491 0.000107330 1.000000000 0.000145231 -0.002979355 -0.000030206 -0.000145228 1.000000000 -0.003735466
1.000000000 -0.000016031 0.000125011 -0.002515384 0.000016021 1.000000000 0.000080374 -0.000490482 -0.000125012 -0.000080372 1.000000000 -0.000508556
1.000000000 -0.000053380 0.000052610 -0.000759298 0.000053369 1.000000000 0.000206042 -0.002523995 -0.000052621 -0.000206040 1.000000000 -0.007864332
1.000000000 -0.000225574 -0.000008376 0.000421155 0.000225576 0.999999940 0.000184445 -0.002593611 0.000008335 -0.000184447 1.000000000 -0.004171165
1.000000000 -0.000075140 -0.000012719 0.000747714 0.000075141 1.000000000 0.000148890 -0.000540667 0.000012708 -0.000148891 1.000000000 -0.006869120
0.999999940 -0.000296092 -0.000025863 0.003183953 0.000296099 0.999999940 0.000249129 -0.001964492 0.000025789 -0.000249137 0.999999940 -0.007688990
1.000000000 -0.000125623 -0.000027893 0.001354272 0.000125627 1.000000000 0.000154142 -0.002947403 0.000027873 -0.000154146 1.000000000 -0.005238725
1.000000000 -0.000102879 -0.000014491 0.000912062 0.000102881 1.000000000 0.000167032 -0.001125764 0.000014474 -0.000167034 1.000000000 -0.003829898
1.000000000 -0.000185087 -0.000023932 -0.000565523 0.000185090 1.000000000 0.000131540 0.000055311 0.000023908 -0.000131544 1.000000000 -0.003803409
1.000000000 -0.000121925 0.000050919 -0.000979448 0.000121920 1.000000000 0.000109804 -0.000510959 -0.000050933 -0.000109798 1.000000000 0.001397141
1.000000000 -0.000086167 0.000055652 -0.001861558 0.000086160 1.000000000 0.000124406 -0.000581340 -0.000055663 -0.000124401 1.000000000 -0.000930765
1.000000000 -0.000151264 -0.000039251 -0.001125654 0.000151268 1.000000000 0.000103548 -0.001736826 0.000039235 -0.000103554 1.000000000 -0.005019406
1.000000000 -0.000177662 -0.000008870 0.000252818 0.000177664 1.000000000 0.000160995 -0.002666275 0.000008842 -0.000160996 1.000000000 -0.006198231
1.000000000 0.000128885 0.000091810 -0.001001385 -0.000128891 1.000000000 0.000066157 -0.000000678 -0.000091802 -0.000066169 1.000000000 -0.001726485
1.000000000 -0.000082981 0.000008297 -0.000032885 0.000082980 1.000000000 0.000069193 -0.000806244 -0.000008302 -0.000069193 1.000000000 -0.002887804
1.000000000 -0.000134707 0.000013197 -0.000658049 0.000134706 1.000000000 0.000047145 -0.001195647 -0.000013204 -0.000047143 1.000000000 -0.004349947
1.000000000 -0.000126342 0.000047801 0.000475182 0.000126339 1.000000000 0.000058346 -0.000326193 -0.000047809 -0.000058340 1.000000000 -0.008738144
1.000000000 -0.000218297 -0.000041042 0.001349666 0.000218300 1.000000000 0.000088863 -0.000420035 0.000041022 -0.000088872 1.000000000 -0.004553352
1.000000000 -0.000143638 -0.000014310 0.000143526 0.000143640 1.000000000 0.000173561 -0.000536429 0.000014285 -0.000173563 1.000000000 -0.004624340
0.999999940 -0.000264204 -0.000088072 0.002908789 0.000264222 0.999999940 0.000209976 -0.004042613 0.000088016 -0.000210000 1.000000000 -0.006449494
1.000000000 -0.000209565 -0.000068932 0.005053042 0.000209536 0.999999881 -0.000425312 -0.007425773 0.000069022 0.000425298 0.999999881 0.045647454
0.999999940 -0.000275425 -0.000094714 0.007200269 0.000275326 0.999999404 -0.001047879 -0.006482063 0.000095003 0.001047853 0.999999464 0.141832322
0.999999940 -0.000284486 -0.000090989 0.008129191 0.000284369 0.999999166 -0.001281991 -0.013750214 0.000091354 0.001281965 0.999999166 0.254832268
0.999999940 -0.000363287 0.000013035 0.009738171 0.000363301 0.999999285 -0.001122903 -0.019082706 -0.000012627 0.001122908 0.999999344 0.387659431
1.000000000 0.000127102 -0.000141832 0.017027352 -0.000127243 0.999999523 -0.000992284 -0.022868004 0.000141705 0.000992302 0.999999523 0.532027245
1.000000000 -0.000005333 0.000090483 0.013287682 0.000005415 0.999999583 -0.000899409 -0.031019231 -0.000090478 0.000899409 0.999999583 0.685670376
1.000000000 -0.000186925 -0.000112128 0.024788268 0.000186859 0.999999821 -0.000586448 -0.036447272 0.000112237 0.000586427 0.999999821 0.854216278
1.000000000 0.000144547 0.000071468 0.017796086 -0.000144514 0.999999821 -0.000461554 -0.040330768 -0.000071535 0.000461543 0.999999881 1.019387007
1.000000000 0.000205410 0.000178940 0.019531772 -0.000205317 0.999999881 -0.000517076 -0.044756375 -0.000179046 0.000517039 0.999999821 1.193160653
1.000000000 0.000218393 0.000018829 0.027578352 -0.000218391 0.999999940 -0.000106425 -0.053496737 -0.000018853 0.000106421 0.999999940 1.385250330
0.999999940 0.000326773 0.000058038 0.032140456 -0.000326773 0.999999940 0.000000786 -0.061999258 -0.000058038 -0.000000805 1.000000000 1.574707150
0.999999940 0.000181343 0.000260534 0.031025885 -0.000181377 1.000000000 0.000130530 -0.068151541 -0.000260510 -0.000130577 0.999999940 1.775495052
0.999999881 0.000343666 0.000318642 0.033273719 -0.000343772 0.999999881 0.000331240 -0.077095568 -0.000318528 -0.000331349 0.999999881 1.975832105
0.999999762 0.000415399 0.000430131 0.035019495 -0.000415519 0.999999881 0.000278668 -0.080359519 -0.000430015 -0.000278847 0.999999881 2.200798512
0.999999762 0.000398033 0.000373747 0.043555036 -0.000398222 0.999999821 0.000506342 -0.087751605 -0.000373546 -0.000506490 0.999999821 2.400616407
0.999999762 0.000394604 0.000496484 0.044994451 -0.000394821 0.999999821 0.000438673 -0.094055794 -0.000496311 -0.000438869 0.999999702 2.636337757
0.999999821 0.000171449 0.000501382 0.057346173 -0.000171751 0.999999821 0.000602174 -0.105099402 -0.000501279 -0.000602260 0.999999642 2.872772932
0.999999762 0.000334864 0.000605767 0.059105817 -0.000335331 0.999999583 0.000771199 -0.110013112 -0.000605509 -0.000771402 0.999999523 3.112680435
0.999999940 0.000161794 0.000330862 0.062032152 -0.000161990 0.999999821 0.000593677 -0.116748437 -0.000330766 -0.000593731 0.999999762 3.347619057
0.999999762 0.000368356 0.000428796 0.065824598 -0.000368591 0.999999762 0.000546801 -0.123220354 -0.000428595 -0.000546959 0.999999762 3.602401018
0.999999702 0.000453687 0.000468411 0.073539555 -0.000454066 0.999999583 0.000809838 -0.134095028 -0.000468043 -0.000810050 0.999999523 3.856514454
1.000000000 0.000105611 0.000509575 0.074697860 -0.000106101 0.999999523 0.000961735 -0.141829133 -0.000509473 -0.000961789 0.999999404 4.119020462
0.999999821 -0.000030126 0.000602227 0.078455836 0.000029368 0.999999166 0.001258558 -0.148591578 -0.000602264 -0.001258540 0.999998987 4.379637241
1.000000000 0.000098190 0.000468571 0.089569874 -0.000098795 0.999999106 0.001291479 -0.158555210 -0.000468444 -0.001291525 0.999999046 4.630805016
0.999999821 -0.000234165 0.000460205 0.095472179 0.000233514 0.999998987 0.001413081 -0.166666567 -0.000460536 -0.001412974 0.999998808 4.891128540
0.999999821 0.000114246 0.000565759 0.093371540 -0.000115014 0.999999046 0.001357446 -0.175715655 -0.000565604 -0.001357511 0.999998927 5.138731480
0.999999821 0.000043202 0.000580857 0.102670677 -0.000044084 0.999998868 0.001517453 -0.184393004 -0.000580790 -0.001517478 0.999998689 5.410115242
0.999999881 -0.000050064 0.000477096 0.107609995 0.000049328 0.999998808 0.001542569 -0.196661323 -0.000477172 -0.001542546 0.999998689 5.662652016
0.999999762 0.000285554 0.000551943 0.111328259 -0.000286249 0.999999166 0.001260034 -0.197728768 -0.000551583 -0.001260192 0.999999046 5.961727619
0.999999821 0.000177481 0.000638789 0.116944514 -0.000178362 0.999999046 0.001378835 -0.211571246 -0.000638544 -0.001378948 0.999998868 6.219248295
0.999999404 0.000555784 0.000945440 0.118534051 -0.000557057 0.999998927 0.001347379 -0.213503405 -0.000944690 -0.001347905 0.999998689 6.515303135
0.999999642 0.000246040 0.000751940 0.124143682 -0.000247124 0.999998868 0.001441782 -0.226418450 -0.000751584 -0.001441968 0.999998689 6.807209015
0.999999702 -0.000096507 0.000786947 0.135530159 0.000095171 0.999998569 0.001697473 -0.237713307 -0.000787110 -0.001697398 0.999998271 7.100662231
0.999999702 0.000249636 0.000664447 0.143284902 -0.000250697 0.999998629 0.001596472 -0.249223903 -0.000664048 -0.001596639 0.999998510 7.394541740
0.999999523 0.000431099 0.000811918 0.152471647 -0.000432383 0.999998569 0.001582399 -0.263417602 -0.000811234 -0.001582750 0.999998450 7.697196960
0.999999642 0.000200395 0.000807581 0.163777396 -0.000201983 0.999998152 0.001965903 -0.277849287 -0.000807186 -0.001966065 0.999997735 8.016139030
0.999999702 0.000592036 0.000584883 0.175303698 -0.000593239 0.999997735 0.002057509 -0.291267037 -0.000583664 -0.002057855 0.999997735 8.325582504
0.999999523 0.000654834 0.000719223 0.181524277 -0.000656184 0.999998033 0.001878609 -0.292186975 -0.000717992 -0.001879080 0.999997973 8.680358887
0.999998927 0.001041832 0.001049481 0.179817840 -0.001043882 0.999997616 0.001953980 -0.301763982 -0.001047443 -0.001955074 0.999997556 9.020204544
0.999999523 0.000373809 0.000856574 0.189409137 -0.000375407 0.999998093 0.001866311 -0.309462547 -0.000855875 -0.001866632 0.999997914 9.361916542
0.999999702 0.000180478 0.000727273 0.199680477 -0.000182141 0.999997377 0.002287739 -0.326163262 -0.000726859 -0.002287871 0.999997139 9.685708046
0.999999702 0.000161223 0.000652125 0.210104674 -0.000162687 0.999997497 0.002244986 -0.338486910 -0.000651762 -0.002245092 0.999997318 10.020124435
1.000000000 0.000059967 0.000500713 0.219734624 -0.000061071 0.999997556 0.002204900 -0.348568738 -0.000500580 -0.002204931 0.999997437 10.386111259
0.999999821 0.000419209 0.000471964 0.223727554 -0.000420339 0.999997079 0.002395838 -0.358278096 -0.000470959 -0.002396036 0.999996960 10.744226456
0.999999881 0.000175354 0.000423979 0.237955481 -0.000176502 0.999996305 0.002708134 -0.378026724 -0.000423503 -0.002708209 0.999996245 11.125594139
0.999999702 0.000380731 0.000510723 0.244285852 -0.000382170 0.999995947 0.002818929 -0.389546037 -0.000509648 -0.002819124 0.999995887 11.498425484
0.999999762 0.000183558 0.000676767 0.253004491 -0.000185531 0.999995708 0.002916428 -0.402029783 -0.000676230 -0.002916553 0.999995530 11.892079353
0.999999642 0.000196435 0.000791667 0.259944350 -0.000198633 0.999996126 0.002776801 -0.411245704 -0.000791118 -0.002776957 0.999995887 12.271438599
0.999999523 0.000240220 0.000957218 0.270921558 -0.000242984 0.999995768 0.002889182 -0.427522928 -0.000956520 -0.002889414 0.999995351 12.668231010
0.999999106 0.000780105 0.001109733 0.275016248 -0.000783554 0.999994755 0.003110733 -0.430063546 -0.001107300 -0.003111600 0.999994576 13.062977791
0.999999762 -0.000160552 0.000639422 0.295317769 0.000158238 0.999993443 0.003616663 -0.460922152 -0.000639998 -0.003616561 0.999993265 13.437190056
0.999999106 0.000770384 0.001111032 0.298142940 -0.000774109 0.999994040 0.003355482 -0.469444454 -0.001108440 -0.003356338 0.999993801 13.860058784
0.999998987 0.000439760 0.001345398 0.309458226 -0.000444539 0.999993622 0.003554053 -0.479647547 -0.001343827 -0.003554648 0.999992788 14.285171509
0.999999166 -0.000263486 0.001273734 0.323937058 0.000258417 0.999992192 0.003977845 -0.510237634 -0.001274772 -0.003977513 0.999991238 14.682456017
0.999999225 0.000027130 0.001279581 0.336676896 -0.000032579 0.999990880 0.004258695 -0.526451111 -0.001279454 -0.004258733 0.999990106 15.093964577
0.999997914 0.000325957 0.002021429 0.337209344 -0.000334684 0.999990702 0.004318283 -0.536261261 -0.002020002 -0.004318951 0.999988616 15.533404350
0.999998152 -0.000411256 0.001878117 0.364833683 0.000402998 0.999990225 0.004395611 -0.566403329 -0.001879906 -0.004394846 0.999988496 15.958861351
0.999997020 -0.000570831 0.002358116 0.375307411 0.000559300 0.999987960 0.004887368 -0.579949856 -0.002360877 -0.004886034 0.999985278 16.401453018
0.999997437 -0.000229069 0.002240744 0.387311429 0.000218649 0.999989152 0.004649537 -0.588727534 -0.002241785 -0.004649036 0.999986649 16.846040726
0.999996424 0.000264557 0.002661348 0.398409337 -0.000277876 0.999987423 0.005005606 -0.608956635 -0.002659991 -0.005006328 0.999983907 17.312606812
0.999996185 -0.000433431 0.002723326 0.407074451 0.000419718 0.999987245 0.005033888 -0.618940890 -0.002725473 -0.005032727 0.999983609 17.773351669
0.999994874 -0.000360827 0.003213468 0.418692559 0.000344583 0.999987125 0.005053989 -0.633959651 -0.003215250 -0.005052855 0.999982059 18.242885590
0.999994457 -0.000121361 0.003306833 0.430247247 0.000104266 0.999986649 0.005169338 -0.640241444 -0.003307416 -0.005168965 0.999981165 18.717010498
0.999990702 0.000280349 0.004289290 0.429196209 -0.000302151 0.999987006 0.005083173 -0.656512320 -0.004287810 -0.005084422 0.999977827 19.174814224
0.999992132 -0.000318888 0.003951452 0.446039677 0.000298134 0.999986172 0.005251673 -0.672709763 -0.003953072 -0.005250453 0.999978423 19.635658264
0.999991655 -0.000172105 0.004084609 0.459368050 0.000150948 0.999986589 0.005179546 -0.686492324 -0.004085445 -0.005178887 0.999978304 20.106920242
0.999992192 -0.000253689 0.003937527 0.473076880 0.000230088 0.999981999 0.005993181 -0.706160545 -0.003938977 -0.005992228 0.999974310 20.591644287
0.999992490 -0.000341338 0.003865559 0.480416834 0.000317506 0.999980986 0.006164160 -0.722789466 -0.003867589 -0.006162886 0.999973536 21.080665588
0.999996126 -0.000769368 0.002668158 0.500186324 0.000752509 0.999979734 0.006313865 -0.730805814 -0.002672962 -0.006311833 0.999976575 21.581045151
0.999995768 0.000142638 0.002910902 0.518486261 -0.000161612 0.999978721 0.006518797 -0.755673349 -0.002909910 -0.006519240 0.999974489 22.085943222
0.999996722 -0.000460566 0.002502477 0.543176770 0.000443297 0.999976099 0.006896929 -0.775111616 -0.002505593 -0.006895797 0.999973059 22.583856583
0.999997497 0.000505699 0.002143065 0.544241607 -0.000520721 0.999975204 0.007014466 -0.792322993 -0.002139465 -0.007015564 0.999972999 23.081403732
0.999998927 -0.000975981 0.001076769 0.562756658 0.000968726 0.999976933 0.006717834 -0.799264908 -0.001083301 -0.006716784 0.999976814 23.623834610
0.999998033 -0.001961714 0.000301031 0.576686978 0.001959741 0.999977410 0.006420158 -0.809035003 -0.000313619 -0.006419556 0.999979317 24.150953293
0.999999583 -0.000881749 0.000054114 0.583649814 0.000881366 0.999977112 0.006710290 -0.820158839 -0.000060030 -0.006710240 0.999977469 24.668121338
0.999999166 -0.000960880 -0.000788018 0.596199393 0.000966177 0.999976695 0.006749762 -0.830724478 0.000781514 -0.006750518 0.999976933 25.201948166
0.999998927 -0.000695833 -0.001306153 0.601237297 0.000704611 0.999977052 0.006732496 -0.842752397 0.001301438 -0.006733409 0.999976397 25.731927872
0.999998808 -0.000348076 -0.001461087 0.612138867 0.000358383 0.999975026 0.007059847 -0.858540714 0.001458593 -0.007060364 0.999973953 26.268901825
0.999997914 -0.000954405 -0.001809952 0.625534654 0.000967855 0.999971807 0.007444740 -0.866730273 0.001802796 -0.007446476 0.999970615 26.821668625
0.999997020 -0.001130189 -0.002160051 0.635682881 0.001146679 0.999970078 0.007648056 -0.883331776 0.002151343 -0.007650510 0.999968410 27.346948624
0.999997258 -0.000164996 -0.002335204 0.646083474 0.000182592 0.999971688 0.007536964 -0.899063230 0.002333894 -0.007537371 0.999968886 27.880643845
0.999995232 -0.000614792 -0.003030276 0.656041384 0.000637875 0.999970734 0.007622415 -0.909283996 0.003025502 -0.007624311 0.999966383 28.427360535
0.999992847 -0.000954049 -0.003651834 0.672205627 0.000983117 0.999967813 0.007966395 -0.926744461 0.003644116 -0.007969930 0.999961555 28.962190628
0.999990702 -0.001340005 -0.004090491 0.682421088 0.001372921 0.999966681 0.008054674 -0.939504683 0.004079561 -0.008060215 0.999959171 29.503440857
0.999991655 -0.000494591 -0.004046046 0.681139588 0.000526840 0.999968052 0.007973374 -0.950543582 0.004041973 -0.007975439 0.999960005 30.029064178
0.999990344 -0.000411087 -0.004370168 0.692529857 0.000446208 0.999967575 0.008038586 -0.966957986 0.004366723 -0.008040458 0.999958158 30.561546326
0.999990225 -0.000291942 -0.004415553 0.703522444 0.000326534 0.999969244 0.007835425 -0.975132108 0.004413129 -0.007836791 0.999959528 31.111360550
0.999989331 -0.000248982 -0.004593632 0.711871862 0.000285343 0.999968648 0.007916679 -0.991731048 0.004591517 -0.007917906 0.999958038 31.635204315
0.999986649 -0.001075167 -0.005055191 0.730364680 0.001116061 0.999966621 0.008093590 -1.008136153 0.005046320 -0.008099124 0.999954462 32.174507141
0.999987483 0.000118813 -0.005022824 0.718054652 -0.000078886 0.999968350 0.007948646 -1.009733677 0.005023610 -0.007948149 0.999955773 32.709289551
0.999987423 -0.000234437 -0.005000275 0.719443977 0.000273186 0.999969959 0.007750027 -1.022774935 0.004998307 -0.007751296 0.999957442 33.224132538
0.999984801 0.000077283 -0.005511174 0.721484423 -0.000034740 0.999970198 0.007719078 -1.035039902 0.005511606 -0.007718770 0.999954998 33.766719818
0.999984503 0.000770807 -0.005505974 0.722290039 -0.000728097 0.999969661 0.007754751 -1.053687811 0.005511784 -0.007750623 0.999954760 34.309818268
0.999986112 0.000041395 -0.005266247 0.718895555 -0.000000513 0.999969840 0.007762714 -1.063031554 0.005266409 -0.007762604 0.999956012 34.808300018
0.999983847 -0.000548202 -0.005657777 0.728913844 0.000597879 0.999961257 0.008782366 -1.097983956 0.005652744 -0.008785607 0.999945402 35.327423096
0.999984384 -0.000169931 -0.005581474 0.734331071 0.000213721 0.999969244 0.007845943 -1.090993881 0.005579968 -0.007847014 0.999953628 35.923854828
0.999985397 -0.000019221 -0.005410271 0.727842212 0.000065732 0.999962986 0.008596717 -1.123905778 0.005409906 -0.008596946 0.999948382 36.392646790
0.999983549 -0.000455842 -0.005719661 0.715391040 0.000505860 0.999961615 0.008746491 -1.135353327 0.005715454 -0.008749242 0.999945343 36.871101379
0.999981165 -0.001027757 -0.006063228 0.720239639 0.001084396 0.999955714 0.009345485 -1.153396249 0.006053356 -0.009351881 0.999937952 37.448463440
0.999982595 0.000162821 -0.005914726 0.740855098 -0.000109461 0.999959290 0.009020760 -1.148044586 0.005915955 -0.009019955 0.999941826 37.947586060
0.999976516 -0.000953948 -0.006786408 0.747603059 0.001013777 0.999960661 0.008817985 -1.173107147 0.006777730 -0.008824658 0.999938130 38.585788727
0.999978244 0.000232114 -0.006578435 0.748370767 -0.000180971 0.999969780 0.007773896 -1.150806546 0.006580041 -0.007772537 0.999948084 39.124336243
0.999974608 -0.001657960 -0.006926753 0.709550321 0.001715856 0.999963582 0.008360785 -1.146522284 0.006912640 -0.008372457 0.999941111 39.573348999
0.999967992 -0.001758058 -0.007798674 0.842762232 0.001831064 0.999954581 0.009364232 -1.211034060 0.007781856 -0.009378213 0.999925673 40.198123932
0.999969006 -0.000867219 -0.007824773 0.864851236 0.000937981 0.999958575 0.009044262 -1.223596811 0.007816608 -0.009051318 0.999928474 40.734844208
0.999969780 -0.000989878 -0.007709283 0.863778174 0.001059399 0.999958754 0.009019005 -1.230460525 0.007700037 -0.009026900 0.999929607 41.275993347
0.999968767 -0.001112528 -0.007814088 0.879439235 0.001185244 0.999955952 0.009307288 -1.245042324 0.007803389 -0.009316258 0.999926150 41.809062958
0.999971569 -0.000739126 -0.007505869 0.884606838 0.000811114 0.999953628 0.009592390 -1.267904878 0.007498433 -0.009598205 0.999925733 42.337589264
0.999970198 -0.000926106 -0.007666011 0.890552640 0.001004090 0.999947727 0.010175112 -1.290863752 0.007656185 -0.010182505 0.999918818 42.874416351
0.999971211 -0.000838665 -0.007538079 0.904447556 0.000910959 0.999953568 0.009592163 -1.292449713 0.007529685 -0.009598755 0.999925494 43.410514832
0.999971330 -0.001034623 -0.007495002 0.902673662 0.001108100 0.999951243 0.009805905 -1.306269288 0.007484490 -0.009813928 0.999923825 43.940399170
0.999970853 -0.001202104 -0.007539649 0.914477468 0.001277247 0.999949455 0.009969415 -1.316127062 0.007527286 -0.009978754 0.999921799 44.475772858
0.999970376 -0.001050956 -0.007614753 0.927171946 0.001127094 0.999949336 0.010001442 -1.331182718 0.007603857 -0.010009731 0.999920964 45.012763977
0.999971747 -0.000714461 -0.007486124 0.927357137 0.000787794 0.999951839 0.009797597 -1.338136315 0.007478762 -0.009803217 0.999924004 45.537487030
0.999969423 -0.001314806 -0.007710927 0.941603541 0.001389882 0.999951601 0.009739059 -1.352901816 0.007697748 -0.009749475 0.999922812 46.069141388
0.999970794 -0.001069907 -0.007564628 0.943085074 0.001145986 0.999948800 0.010060138 -1.367789268 0.007553477 -0.010068512 0.999920726 46.634998322
0.999971330 -0.000801339 -0.007528082 0.942190349 0.000875411 0.999951184 0.009841312 -1.370449185 0.007519829 -0.009847620 0.999923229 47.153976440
0.999969065 -0.000879621 -0.007829203 0.970040560 0.000958642 0.999948561 0.010095094 -1.378780365 0.007819921 -0.010102287 0.999918461 47.726360321
0.999971509 -0.000648216 -0.007517262 0.958198726 0.000723385 0.999949753 0.010001136 -1.398062944 0.007510400 -0.010006290 0.999921739 48.208305359
0.999969244 -0.000706808 -0.007814556 0.969994903 0.000783906 0.999951005 0.009867266 -1.408887982 0.007807200 -0.009873089 0.999920726 48.739200592
0.999971688 -0.000391859 -0.007517646 0.974471927 0.000467577 0.999949157 0.010072905 -1.420822620 0.007513317 -0.010076136 0.999921024 49.267120361
0.999971330 -0.000390704 -0.007578594 0.979637027 0.000466501 0.999949872 0.010002199 -1.429722071 0.007574305 -0.010005445 0.999921203 49.801158905
0.999970019 -0.001016128 -0.007677301 0.990041494 0.001092748 0.999949574 0.009982402 -1.448457479 0.007666769 -0.009990491 0.999920726 50.333618164
0.999970794 -0.000554227 -0.007620750 0.990878224 0.000633479 0.999945819 0.010401139 -1.460476518 0.007614573 -0.010405662 0.999916852 50.854583740
0.999968231 -0.000689414 -0.007947452 0.997360885 0.000770914 0.999947071 0.010256268 -1.465419769 0.007939962 -0.010262067 0.999915838 51.422817230
0.999972403 0.000057142 -0.007427491 0.993445039 0.000021272 0.999944270 0.010556766 -1.486100912 0.007427681 -0.010556632 0.999916613 51.900787354
0.999967992 -0.001225752 -0.007905683 0.999709904 0.001313191 0.999937952 0.011064583 -1.498860002 0.007891631 -0.011074608 0.999907494 52.450355530
0.999974370 0.000208728 -0.007157410 1.012547612 -0.000130672 0.999940634 0.010904485 -1.527594090 0.007159260 -0.010903274 0.999914944 52.930965424
0.999978185 0.000333988 -0.006600461 1.006571412 -0.000264104 0.999943912 0.010585675 -1.528016567 0.006603627 -0.010583700 0.999922156 53.499561310
0.999979675 0.002046084 -0.006046670 0.969736695 -0.001978883 0.999936461 0.011098806 -1.559602022 0.006068994 -0.011086614 0.999920189 53.964363098
0.999980390 0.001040739 -0.006161120 1.004689217 -0.000973647 0.999940336 0.010882499 -1.564517379 0.006172078 -0.010876288 0.999921799 54.504425049
0.999979734 0.001798187 -0.006106853 1.004298925 -0.001728653 0.999933898 0.011372587 -1.573681593 0.006126899 -0.011361800 0.999916732 55.111236572
0.999979615 0.000863136 -0.006328402 1.020326614 -0.000789081 0.999931335 0.011695120 -1.586520076 0.006338061 -0.011689888 0.999911666 55.673866272
0.999982417 0.000983699 -0.005842658 1.020334601 -0.000917661 0.999935806 0.011294789 -1.591014624 0.005853393 -0.011289229 0.999919116 56.083209991
0.999977469 0.000591149 -0.006677305 1.048191428 -0.000515151 0.999935150 0.011377441 -1.613527775 0.006683598 -0.011373745 0.999912977 56.538318634
0.999979794 0.000551733 -0.006325984 1.040439248 -0.000476200 0.999928713 0.011935293 -1.617704511 0.006332119 -0.011932040 0.999908805 57.153568268
0.999979556 0.000589687 -0.006364983 1.056572199 -0.000517577 0.999935687 0.011324753 -1.636860967 0.006371252 -0.011321228 0.999915600 57.588012695
0.999980390 0.000761642 -0.006214930 1.059873104 -0.000691316 0.999935806 0.011309963 -1.648811817 0.006223146 -0.011305444 0.999916673 58.114234924
0.999980330 0.000674541 -0.006226472 1.065830708 -0.000605063 0.999937594 0.011153835 -1.654799700 0.006233607 -0.011149851 0.999918401 58.643283844
0.999983788 0.001430408 -0.005499544 1.063796043 -0.001368177 0.999935150 0.011302766 -1.668123245 0.005515355 -0.011295059 0.999920964 59.191864014
0.999980390 0.000911137 -0.006193453 1.088124871 -0.000839429 0.999932706 0.011570712 -1.676838279 0.006203577 -0.011565286 0.999913871 59.679393768
0.999985695 0.000567135 -0.005317498 1.099999905 -0.000504086 0.999929667 0.011850695 -1.693279266 0.005323844 -0.011847847 0.999915659 60.266407013
0.999979317 0.001181920 -0.006325204 1.136471152 -0.001107954 0.999931097 0.011684506 -1.712932825 0.006338579 -0.011677255 0.999911726 60.725830078
0.999978185 0.000942238 -0.006540974 1.143297195 -0.000867118 0.999933779 0.011477754 -1.709238291 0.006551356 -0.011471832 0.999912739 61.273185730
0.999980152 0.001275424 -0.006164707 1.159547329 -0.001201238 0.999927044 0.012022741 -1.720035791 0.006179591 -0.012015097 0.999908686 61.828464508
0.999973476 0.000515218 -0.007267105 1.200873733 -0.000433922 0.999937356 0.011184024 -1.700420141 0.007272413 -0.011180573 0.999911010 62.319011688
0.999979198 0.002180254 -0.006065171 1.238179684 -0.002110145 0.999931157 0.011541747 -1.725235224 0.006089918 -0.011528710 0.999915004 62.982860565
0.999968827 0.003905179 -0.006863094 1.305262089 -0.003820276 0.999916613 0.012340823 -1.711025476 0.006910715 -0.012314220 0.999900281 63.554649353
0.999970615 0.004032412 -0.006516137 1.309225082 -0.003949338 0.999911427 0.012711912 -1.747373819 0.006566820 -0.012685807 0.999897957 64.190170288
0.999975026 0.003364063 -0.006218871 1.319360971 -0.003282989 0.999910116 0.013001292 -1.761231661 0.006262048 -0.012980549 0.999896169 64.612625122
0.999975383 0.003480397 -0.006088936 1.333878636 -0.003395821 0.999898314 0.013845787 -1.799154520 0.006136506 -0.013824768 0.999885559 65.096618652
0.999979317 0.002160789 -0.006043266 1.268829346 -0.002074421 0.999896169 0.014261561 -1.830060482 0.006073454 -0.014248731 0.999880016 65.408462524
0.999984384 0.001208905 -0.005482251 1.219577432 -0.001135755 0.999910533 0.013326460 -1.911287785 0.005497871 -0.013320025 0.999896109 65.740959167
0.999984801 0.002472980 -0.004944638 1.224263191 -0.002408105 0.999911487 0.013083504 -1.920110583 0.004976556 -0.013071397 0.999902129 66.283493042
0.999984682 0.002143282 -0.005105887 1.247640133 -0.002076468 0.999912620 0.013055160 -1.932824731 0.005133422 -0.013044356 0.999901652 66.787635803
0.999980628 0.002819640 -0.005546132 1.247107148 -0.002743508 0.999902487 0.013687082 -1.942538738 0.005584184 -0.013671599 0.999890864 67.356712341
0.999984026 0.001249765 -0.005513426 1.276791573 -0.001173290 0.999903321 0.013852132 -1.965754390 0.005530206 -0.013845442 0.999888837 67.849655151
0.999983490 0.002768581 -0.005038057 1.288921595 -0.002700433 0.999905407 0.013483413 -1.984379530 0.005074910 -0.013469585 0.999896407 68.308357239
0.999984920 0.002236397 -0.005016430 1.300073147 -0.002168109 0.999905467 0.013577259 -2.002337933 0.005046320 -0.013566176 0.999895215 68.844223022
0.999982059 0.002148611 -0.005582726 1.311734915 -0.002070570 0.999900579 0.013947491 -2.015638113 0.005612140 -0.013935681 0.999887109 69.371238708
0.999985218 0.002073365 -0.005024673 1.327383518 -0.002005871 0.999908209 0.013400622 -2.025929213 0.005051998 -0.013390345 0.999897540 69.894538879
0.999985158 0.001983542 -0.005075127 1.348664999 -0.001914180 0.999905169 0.013635677 -2.040001154 0.005101693 -0.013625759 0.999894142 70.386032104
0.999984622 0.002185709 -0.005101021 1.360823512 -0.002116368 0.999905825 0.013559625 -2.054025888 0.005130178 -0.013548622 0.999895036 70.910919189
0.999982953 0.003055849 -0.004970016 1.373863935 -0.002988901 0.999905467 0.013422474 -2.069698334 0.005010563 -0.013407393 0.999897540 71.444885254
0.999983847 0.002805148 -0.004946078 1.381993890 -0.002736073 0.999899387 0.013917321 -2.076992035 0.004984620 -0.013903563 0.999890924 71.954162598
0.999983549 0.002510786 -0.005157324 1.393856645 -0.002439670 0.999902487 0.013749623 -2.086307526 0.005191343 -0.013736816 0.999892175 72.491035461
0.999985456 0.002877686 -0.004562272 1.398670435 -0.002814250 0.999900043 0.013850459 -2.098407745 0.004601674 -0.013837419 0.999893665 73.040573120
0.999985039 0.002607039 -0.004811737 1.407493711 -0.002540072 0.999900579 0.013871396 -2.105900764 0.004847422 -0.013858966 0.999892175 73.555168152
0.999986172 0.001781128 -0.004949303 1.425281882 -0.001713665 0.999906003 0.013601921 -2.113635540 0.004973063 -0.013593252 0.999895215 74.078399658
0.999987066 0.002303141 -0.004521564 1.437791348 -0.002240158 0.999901056 0.013885409 -2.126112700 0.004553097 -0.013875100 0.999893367 74.602287292
0.999985456 0.002551680 -0.004770407 1.444731832 -0.002484256 0.999897718 0.014086780 -2.144033909 0.004805864 -0.014074723 0.999889374 75.086563110
0.999988019 0.002510570 -0.004201472 1.456237555 -0.002452588 0.999902427 0.013749259 -2.149996758 0.004235580 -0.013738791 0.999896586 75.632171631
0.999984860 0.003207987 -0.004459720 1.458213806 -0.003142833 0.999889374 0.014540343 -2.177336693 0.004505872 -0.014526106 0.999884307 76.134849548
0.999985099 0.003163030 -0.004431942 1.476377726 -0.003099591 0.999893665 0.014248584 -2.186436176 0.004476541 -0.014234637 0.999888599 76.668975830
0.999983311 0.002406949 -0.005246722 1.499307990 -0.002331698 0.999894977 0.014301763 -2.193316460 0.005280595 -0.014289290 0.999883950 77.200675964
0.999983549 0.003066192 -0.004853589 1.503852129 -0.002995152 0.999889255 0.014576788 -2.206986427 0.004897748 -0.014562010 0.999881983 77.712936401
0.999984801 0.003026194 -0.004610565 1.513828516 -0.002959647 0.999892354 0.014372613 -2.211720943 0.004653565 -0.014358750 0.999886036 78.258171082
0.999990344 0.002988307 -0.003213081 1.525390625 -0.002941588 0.999891281 0.014448103 -2.220978737 0.003255907 -0.014438511 0.999890387 78.801780701
0.999994099 0.002941597 -0.001765384 1.537140846 -0.002915657 0.999890327 0.014520125 -2.233015060 0.001807902 -0.014514893 0.999892950 79.350631714
0.999992907 0.003747739 -0.000334463 1.553297043 -0.003742568 0.999890506 0.014316909 -2.250034094 0.000388083 -0.014315556 0.999897480 79.874084473
0.999995768 0.002916891 0.000424652 1.565278411 -0.002922962 0.999882042 0.015077154 -2.260172367 -0.000380624 -0.015078332 0.999886215 80.410614014
0.999976337 0.004845966 0.004889920 1.568472385 -0.004919311 0.999873817 0.015100408 -2.274502754 -0.004816127 -0.015124105 0.999873996 80.953880310
0.999967217 0.003694861 0.007225113 1.612218022 -0.003802253 0.999881685 0.014906901 -2.283104897 -0.007169179 -0.014933882 0.999862731 81.508514404
0.999940276 0.003833505 0.010232838 1.637311220 -0.003983733 0.999884069 0.014701256 -2.298233032 -0.010175292 -0.014741142 0.999839604 82.085235596
0.999892116 0.003391543 0.014297479 1.664890647 -0.003592932 0.999894381 0.014083486 -2.276748657 -0.014248203 -0.014133334 0.999798536 82.597854614
0.999783218 0.004091646 0.020418154 1.689559937 -0.004384658 0.999887824 0.014326528 -2.293438911 -0.020357242 -0.014412949 0.999688864 83.157661438
0.999651909 0.003483610 0.026155222 1.725866079 -0.003849081 0.999895453 0.013935817 -2.291299820 -0.026103940 -0.014031637 0.999560714 83.597404480
0.999436677 0.004048052 0.033315819 1.722989798 -0.004501507 0.999898076 0.013547066 -2.311113358 -0.033257585 -0.013689406 0.999353051 84.279922485
0.999157250 0.005248524 0.040708777 1.808359861 -0.005834560 0.999880791 0.014290362 -2.335569859 -0.040628918 -0.014515835 0.999068856 84.616294861
0.998762906 0.004309816 0.049538340 1.829267740 -0.005034489 0.999881983 0.014513083 -2.359422922 -0.049469944 -0.014744523 0.998666883 85.336051941
0.998411059 0.003912797 0.056213349 1.888854742 -0.004740089 0.999882281 0.014591219 -2.366316795 -0.056149643 -0.014834491 0.998312175 85.879348755
0.997891366 0.003524336 0.064810492 1.961000919 -0.004446808 0.999890745 0.014094634 -2.376907349 -0.064753741 -0.014353112 0.997798026 86.394660950
0.997186661 0.003632005 0.074870236 2.029272556 -0.004710336 0.999887645 0.014231123 -2.393370867 -0.074810147 -0.014543750 0.997091711 86.924285889
0.996501565 0.003042646 0.083518706 2.088757038 -0.004238374 0.999890983 0.014143309 -2.403229237 -0.083466567 -0.014447813 0.996405840 87.469284058
0.995840073 0.002683211 0.091077901 2.171377182 -0.003975200 0.999894023 0.014007087 -2.416750431 -0.091030665 -0.014310873 0.995745182 87.993354797
0.994847596 0.001970627 0.101361990 2.260724545 -0.003406154 0.999896288 0.013991263 -2.429950237 -0.101323888 -0.014264430 0.994751155 88.521583557
0.993719637 0.001785900 0.111884013 2.347161770 -0.003379768 0.999895394 0.014057681 -2.440285683 -0.111847229 -0.014347535 0.993621826 89.063385010
0.992650688 0.001425665 0.121006496 2.435417175 -0.003092321 0.999902904 0.013586610 -2.450803280 -0.120975368 -0.013860946 0.992558658 89.597541809
0.991233230 0.001848074 0.132109985 2.529343605 -0.003724433 0.999895632 0.013957304 -2.460524082 -0.132070422 -0.014326983 0.991136789 90.147727966
0.989546418 0.001649343 0.144205153 2.632336617 -0.003655549 0.999900162 0.013648300 -2.468832254 -0.144168258 -0.014032778 0.989453673 90.698104858
0.987876296 0.001073079 0.155239359 2.738817215 -0.003214629 0.999903083 0.013544765 -2.478977442 -0.155209810 -0.013879590 0.987783968 91.250381470
0.986325681 0.000577414 0.164806530 2.847514153 -0.002800903 0.999908149 0.013259434 -2.480237961 -0.164783731 -0.013539730 0.986236751 91.796211243
0.984266162 0.000203311 0.176692203 2.969914436 -0.002541969 0.999912143 0.013009520 -2.489672184 -0.176674053 -0.013253975 0.984180152 92.330665588
0.981946170 -0.000181719 0.189160109 3.097804070 -0.002342281 0.999911189 0.013119556 -2.499765396 -0.189145714 -0.013325765 0.981858611 92.859008789
0.979895115 -0.000618358 0.199512064 3.234112740 -0.001989789 0.999915183 0.012871850 -2.505471468 -0.199503079 -0.013010050 0.979810774 93.390838623
0.977149427 -0.001057255 0.212550968 3.376939774 -0.001616473 0.999921739 0.012405058 -2.515064240 -0.212547481 -0.012465178 0.977071226 93.925682068
0.974097967 -0.001194242 0.226122886 3.522764206 -0.001668857 0.999920845 0.012470117 -2.523437977 -0.226119891 -0.012524482 0.974018931 94.455001831
0.971460700 -0.001321051 0.237196639 3.681537628 -0.001639367 0.999923229 0.012283186 -2.538163185 -0.237194642 -0.012321486 0.971383989 94.975296021
0.968385339 -0.002294408 0.249448493 3.855543137 -0.000884830 0.999919832 0.012632186 -2.552690506 -0.249457464 -0.012453545 0.968305647 95.517456055
0.964700758 -0.002725175 0.263334394 4.036420822 -0.000705379 0.999916077 0.012931948 -2.571871996 -0.263347477 -0.012661211 0.964617968 96.031997681
0.961227059 -0.002975750 0.275742143 4.217138290 -0.000635526 0.999915183 0.013006297 -2.587449551 -0.275757462 -0.012677246 0.961143672 96.550209045
0.958001375 -0.003904617 0.286736906 4.409002304 0.000148639 0.999913871 0.013119636 -2.599871635 -0.286763519 -0.012526008 0.957919538 97.070266724
0.953685939 -0.003331604 0.300785780 4.600378036 -0.000564018 0.999917090 0.012863718 -2.602715254 -0.300803691 -0.012437595 0.953604996 97.609565735
0.949225783 -0.003791568 0.314572692 4.806238174 -0.000354707 0.999913752 0.013122366 -2.615673542 -0.314595431 -0.012567667 0.949142575 98.128639221
0.945370495 -0.004425149 0.325967789 5.010179520 0.000151162 0.999913633 0.013135850 -2.622344971 -0.325997680 -0.012368971 0.945289612 98.657180786
0.940955460 -0.004556889 0.338499725 5.225320816 0.000057498 0.999911547 0.013300994 -2.637586594 -0.338530391 -0.012496182 0.940872490 99.167030334
0.935771525 -0.004950070 0.352572113 5.448036194 0.000341225 0.999913692 0.013133010 -2.642242432 -0.352606714 -0.012169192 0.935692430 99.688537598
0.931068897 -0.005608078 0.364800274 5.669902802 0.000717117 0.999908030 0.013541322 -2.655826092 -0.364842653 -0.012346298 0.930987298 100.197372437
0.926423490 -0.005954564 0.376435995 5.895683289 0.001024911 0.999911010 0.013294513 -2.666095257 -0.376481742 -0.011930535 0.926347196 100.710021973
0.920635283 -0.006351686 0.390371889 6.144889832 0.001392532 0.999914706 0.012985385 -2.667447090 -0.390421033 -0.011411200 0.920565665 101.226516724
0.915275395 -0.007155102 0.402764976 6.397346497 0.002048953 0.999911964 0.013107186 -2.675205231 -0.402823359 -0.011171440 0.915209591 101.728309631
0.910535097 -0.007556201 0.413362712 6.642532349 0.002478342 0.999914765 0.012819104 -2.684308052 -0.413424313 -0.010647789 0.910476148 102.212448120
0.904986739 -0.008012617 0.425364196 6.908847809 0.002731646 0.999911427 0.013023670 -2.697410107 -0.425430954 -0.010624304 0.904928446 102.700218201
0.898510218 -0.008944366 0.438861251 7.163013458 0.003416611 0.999904573 0.013383849 -2.722239017 -0.438939005 -0.010526107 0.898455083 103.148445129
0.892598510 -0.009329760 0.450755805 7.430938721 0.003667268 0.999903023 0.013434008 -2.726821423 -0.450837463 -0.010338136 0.892546117 103.640502930
0.886905611 -0.010327725 0.461835265 7.708656311 0.004551641 0.999896884 0.013619107 -2.739319801 -0.461928248 -0.009976754 0.886861145 104.105873108
0.879861951 -0.011107741 0.475099593 7.999366760 0.005399102 0.999895930 0.013378500 -2.743422985 -0.475198716 -0.009206121 0.879830241 104.597534180
0.872812271 -0.010944752 0.487933308 8.288837433 0.004839184 0.999893427 0.013772140 -2.766367435 -0.488032043 -0.009659296 0.872772276 105.019958496
