1.000000000 0.000000000 0.000000000 0.000000000 0.000000000 1.000000000 0.000000000 0.000000000 0.000000000 0.000000000 1.000000000 0.000000000
1.000000000 0.000060463 0.000038847 -0.000160586 -0.000060463 1.000000000 -0.000009435 0.000372541 -0.000038848 0.000009433 1.000000000 0.000277448
1.000000000 0.000074806 0.000108663 -0.000727714 -0.000074807 1.000000000 0.000006675 0.000068376 -0.000108663 -0.000006683 1.000000000 0.000300940
1.000000000 0.000055001 0.000062153 -0.000490913 -0.000054997 1.000000000 -0.000066507 0.000838277 -0.000062156 0.000066504 1.000000000 0.000466878
1.000000000 0.000048165 0.000090371 -0.000485922 -0.000048162 1.000000000 -0.000027647 0.000471884 -0.000090372 0.000027642 1.000000000 0.000328464
1.000000000 0.000148867 0.000107363 -0.001177446 -0.000148864 1.000000000 -0.000031576 0.000743013 -0.000107368 0.000031560 1.000000000 0.000103847
1.000000000 0.000017866 0.000010477 -0.000292792 -0.000017866 1.000000000 -0.000017129 0.000200756 -0.000010477 0.000017129 1.000000000 -0.000018858
1.000000000 0.000096691 0.000035161 0.000020974 -0.000096691 1.000000000 0.000009167 0.000425037 -0.000035160 -0.000009170 1.000000000 0.000818432
1.000000000 0.000120522 0.000015910 -0.000261935 -0.000120520 1.000000000 -0.000087554 0.000046104 -0.000015921 0.000087552 1.000000000 -0.000170352
0.999999940 0.000269115 0.000131873 0.000134234 -0.000269125 0.999999940 0.000079203 -0.001805967 -0.000131851 -0.000079238 1.000000000 0.000335644
0.999999881 0.000432725 0.000178350 -0.000473746 -0.000432748 0.999999881 0.000129557 -0.001439918 -0.000178294 -0.000129634 1.000000000 0.000029955
0.999999940 0.000289052 0.000124730 0.000552332 -0.000289061 0.999999940 0.000077297 -0.001077253 -0.000124708 -0.000077333 1.000000000 0.001221542
0.999999940 0.000257545 0.000131150 -0.000149239 -0.000257553 0.999999940 0.000065290 -0.001728438 -0.000131133 -0.000065324 1.000000000 -0.000342756
0.999999940 0.000288587 0.000123588 -0.000050191 -0.000288596 0.999999940 0.000065627 -0.001088156 -0.000123569 -0.000065662 1.000000000 0.000298008
0.999999940 0.000194417 0.000156078 -0.000459828 -0.000194428 0.999999940 0.000067487 -0.001311174 -0.000156065 -0.000067517 1.000000000 0.000094693
1.000000000 0.000144148 0.000098173 0.000447017 -0.000144160 1.000000000 0.000126853 -0.001092145 -0.000098155 -0.000126867 1.000000000 0.001448767
0.999999940 0.000296843 0.000177199 -0.000358649 -0.000296853 0.999999940 0.000057143 -0.000827636 -0.000177182 -0.000057196 1.000000000 0.000593596
0.999999940 0.000295637 0.000158132 -0.000719827 -0.000295646 0.999999940 0.000058560 -0.000975900 -0.000158115 -0.000058607 1.000000000 0.000788093
0.999999881 0.000373217 0.000222066 -0.000982283 -0.000373241 0.999999940 0.000108712 -0.000966843 -0.000222026 -0.000108795 1.000000000 0.000121788
0.999999940 0.000273749 0.000203870 -0.000774809 -0.000273760 0.999999940 0.000052575 -0.000674172 -0.000203856 -0.000052631 1.000000000 0.001603337
0.999999881 0.000420592 0.000234239 -0.001609406 -0.000420605 0.999999881 0.000057715 -0.000801586 -0.000234215 -0.000057813 1.000000000 0.001005499
0.999999940 0.000279685 0.000162900 -0.000971396 -0.000279694 0.999999940 0.000054925 -0.000406908 -0.000162885 -0.000054971 1.000000000 0.000963514
0.999999940 0.000320474 0.000150354 -0.000270311 -0.000320483 0.999999940 0.000055501 -0.000498398 -0.000150336 -0.000055549 1.000000000 0.001988842
0.999999940 0.000339525 0.000149582 -0.000770503 -0.000339537 0.999999940 0.000077165 -0.000400803 -0.000149556 -0.000077216 1.000000000 0.001708866
0.999999881 0.000464901 0.000189504 -0.001432174 -0.000464911 0.999999881 0.000055382 -0.000130387 -0.000189479 -0.000055470 1.000000000 0.001648171
0.999999881 0.000510297 0.000203730 -0.001077210 -0.000510325 0.999999881 0.000135938 -0.001012687 -0.000203660 -0.000136042 1.000000000 0.000884409
0.999999881 0.000382127 0.000247816 -0.001345360 -0.000382156 0.999999881 0.000115563 0.000085069 -0.000247772 -0.000115658 1.000000000 0.001632695
0.999999881 0.000364999 0.000239967 -0.001137846 -0.000365034 0.999999940 0.000149266 -0.000802471 -0.000239913 -0.000149354 1.000000000 0.001567838
0.999999881 0.000384416 0.000221789 -0.001277738 -0.000384434 0.999999881 0.000078950 -0.000128657 -0.000221759 -0.000079035 1.000000000 0.001544930
0.999999881 0.000409662 0.000213449 -0.000950408 -0.000409685 0.999999881 0.000108507 -0.000172235 -0.000213404 -0.000108595 1.000000000 0.000948839
0.999999881 0.000354504 0.000251090 -0.001327529 -0.000354527 0.999999940 0.000092836 -0.000712287 -0.000251057 -0.000092925 1.000000000 0.001803273
0.999999940 0.000271708 0.000235975 -0.000932974 -0.000271731 0.999999940 0.000096872 -0.000371395 -0.000235949 -0.000096936 1.000000000 0.002701169
0.999999940 0.000329069 0.000190733 -0.000722956 -0.000329082 0.999999940 0.000067192 -0.000147240 -0.000190711 -0.000067255 1.000000000 0.001569146
0.999999881 0.000332702 0.000238824 -0.001053926 -0.000332719 0.999999940 0.000071767 -0.000898049 -0.000238801 -0.000071847 1.000000000 0.000702055
0.999999881 0.000435721 0.000276742 -0.001760853 -0.000435747 0.999999881 0.000092526 -0.000377288 -0.000276701 -0.000092647 1.000000000 0.001565506
0.999999881 0.000421547 0.000290963 -0.000717880 -0.000421582 0.999999881 0.000119551 -0.001183973 -0.000290912 -0.000119674 1.000000000 0.000776304
0.999999881 0.000402728 0.000234573 -0.001003730 -0.000402771 0.999999881 0.000186297 -0.001014148 -0.000234498 -0.000186392 1.000000000 0.001144720
0.999999940 0.000335175 0.000155032 -0.000555343 -0.000335193 0.999999940 0.000115927 -0.000224492 -0.000154994 -0.000115979 1.000000000 0.001633327
0.999999881 0.000474071 0.000263161 -0.001336560 -0.000474094 0.999999881 0.000087027 -0.000832961 -0.000263119 -0.000087152 1.000000000 0.000811661
0.999999940 0.000338394 0.000164688 -0.000116214 -0.000338409 0.999999940 0.000088233 -0.000350889 -0.000164658 -0.000088288 1.000000000 0.002210365
0.999999940 0.000256684 0.000174788 -0.000166240 -0.000256692 0.999999940 0.000046961 -0.000426761 -0.000174776 -0.000047006 1.000000000 0.002815891
0.999999940 0.000330292 0.000223041 -0.000252065 -0.000330134 0.999999702 -0.000710480 -0.001836355 -0.000223275 0.000710406 0.999999702 0.050363816
1.000000000 0.000136055 -0.000023934 0.000816932 -0.000136082 0.999999344 -0.001125587 -0.005022326 0.000023781 0.001125591 0.999999344 0.143094003
0.999999940 0.000366626 0.000176671 0.002387837 -0.000366385 0.999998927 -0.001364949 -0.008087759 -0.000177171 0.001364884 0.999999046 0.257417291
0.999999881 0.000380995 0.000136145 0.005939181 -0.000380815 0.999999046 -0.001319275 -0.011296719 -0.000136648 0.001319223 0.999999046 0.387575924
0.999999821 0.000544544 0.000307534 0.004232348 -0.000544222 0.999999225 -0.001045711 -0.016881792 -0.000308103 0.001045543 0.999999344 0.530323565
0.999999881 0.000458561 -0.000118776 0.009725885 -0.000458650 0.999999583 -0.000750388 -0.026283480 0.000118432 0.000750442 0.999999702 0.678566515
0.999999881 0.000470677 -0.000214809 0.014586127 -0.000470818 0.999999702 -0.000658615 -0.030863369 0.000214499 0.000658716 0.999999762 0.842527509
0.999999881 0.000443364 0.000157118 0.014303054 -0.000443272 0.999999762 -0.000582416 -0.033155400 -0.000157376 0.000582346 0.999999821 1.012046099
0.999999881 0.000470481 0.000261400 0.017646428 -0.000470330 0.999999762 -0.000574846 -0.037455421 -0.000261670 0.000574723 0.999999821 1.190921187
0.999999821 0.000592790 0.000001198 0.022309784 -0.000592790 0.999999762 -0.000180260 -0.045236513 -0.000001305 0.000180259 0.999999940 1.373829365
0.999999762 0.000683812 0.000078000 0.023814173 -0.000683800 0.999999702 -0.000153995 -0.051041555 -0.000078106 0.000153942 1.000000000 1.563864946
0.999999940 0.000343541 0.000099260 0.027190747 -0.000343531 0.999999940 -0.000106869 -0.056907266 -0.000099296 0.000106835 0.999999940 1.754557252
0.999999762 0.000501164 0.000447844 0.031461842 -0.000501180 0.999999881 0.000036138 -0.061583944 -0.000447826 -0.000036362 0.999999881 1.960269690
1.000000000 0.000035238 0.000321539 0.037642412 -0.000035327 1.000000000 0.000279346 -0.070130654 -0.000321530 -0.000279358 0.999999940 2.169134617
0.999999881 0.000131769 0.000342715 0.038657375 -0.000131914 0.999999881 0.000421224 -0.076301754 -0.000342660 -0.000421269 0.999999821 2.383738756
0.999999821 0.000186703 0.000558803 0.042177226 -0.000186791 1.000000000 0.000156029 -0.083484322 -0.000558774 -0.000156133 0.999999821 2.609971046
0.999999583 0.000660187 0.000672150 0.044312559 -0.000660707 0.999999404 0.000773471 -0.094660126 -0.000671639 -0.000773915 0.999999464 2.840706110
1.000000000 -0.000158773 0.000154329 0.054372955 0.000158715 0.999999940 0.000375971 -0.098253056 -0.000154388 -0.000375947 0.999999940 3.069968462
0.999999762 0.000597375 0.000408850 0.057818528 -0.000597651 0.999999583 0.000676721 -0.110267594 -0.000408446 -0.000676965 0.999999702 3.302234411
0.999999881 -0.000261541 0.000288444 0.061119296 0.000261238 0.999999404 0.001051094 -0.119042598 -0.000288718 -0.001051018 0.999999404 3.560132742
0.999999821 0.000278106 0.000445129 0.064217567 -0.000278526 0.999999523 0.000943196 -0.125926793 -0.000444867 -0.000943320 0.999999404 3.806535006
0.999999940 0.000026823 0.000341719 0.070363097 -0.000027155 0.999999523 0.000973022 -0.133876234 -0.000341693 -0.000973032 0.999999464 4.065563202
0.999999702 0.000220038 0.000716755 0.074350595 -0.000220817 0.999999404 0.001086369 -0.138685480 -0.000716516 -0.001086527 0.999999166 4.322294712
0.999999702 0.000250272 0.000684730 0.077818625 -0.000251063 0.999999344 0.001155759 -0.147268504 -0.000684440 -0.001155930 0.999999106 4.577567577
0.999999821 0.000164365 0.000548729 0.088273838 -0.000164878 0.999999464 0.000934921 -0.154190004 -0.000548575 -0.000935011 0.999999404 4.837116718
0.999999702 0.000351620 0.000654805 0.090164483 -0.000352414 0.999999166 0.001212445 -0.166792586 -0.000654379 -0.001212675 0.999999046 5.090232849
0.999999106 0.000849493 0.000993675 0.095191926 -0.000850172 0.999999404 0.000682761 -0.164460987 -0.000993094 -0.000683606 0.999999225 5.352955341
0.999998689 0.000970425 0.001228442 0.104076661 -0.000971623 0.999999046 0.000974957 -0.180419251 -0.001227495 -0.000976149 0.999998748 5.615292549
0.999999285 0.000476290 0.001095423 0.106599838 -0.000477608 0.999999106 0.001202781 -0.188170835 -0.001094850 -0.001203304 0.999998689 5.890230179
0.999999225 0.000630409 0.001005612 0.111535035 -0.000631584 0.999999106 0.001169273 -0.200040892 -0.001004874 -0.001169908 0.999998808 6.162764549
0.999998927 0.000959239 0.001097685 0.123144373 -0.000960510 0.999998808 0.001158381 -0.209852949 -0.001096573 -0.001159434 0.999998748 6.453517914
0.999998808 0.001146315 0.001017185 0.127233416 -0.001147651 0.999998450 0.001313656 -0.219985321 -0.001015678 -0.001314822 0.999998629 6.738136768
0.999998927 0.000865336 0.001151745 0.131518096 -0.000866410 0.999999106 0.000931357 -0.220209017 -0.001150938 -0.000932354 0.999998927 7.048484325
0.999997973 0.001523586 0.001274609 0.136862010 -0.001525163 0.999998093 0.001236888 -0.231561631 -0.001272722 -0.001238830 0.999998450 7.346030712
0.999999642 0.000307090 0.000823830 0.147790149 -0.000308260 0.999998927 0.001421532 -0.246751130 -0.000823393 -0.001421786 0.999998569 7.643671036
0.999998510 0.001216312 0.001202701 0.151313886 -0.001217933 0.999998271 0.001347923 -0.251767427 -0.001201059 -0.001349385 0.999998391 7.949010849
0.999997973 0.001314821 0.001519519 0.153064758 -0.001316930 0.999998093 0.001387909 -0.262914151 -0.001517692 -0.001389907 0.999997854 8.256092072
0.999997675 0.001402438 0.001647368 0.158902496 -0.001403916 0.999998510 0.000896398 -0.269273818 -0.001646109 -0.000898709 0.999998212 8.586090088
0.999998271 0.000942598 0.001610145 0.168031961 -0.000944569 0.999998808 0.001223654 -0.276267797 -0.001608989 -0.001225172 0.999997973 8.933335304
0.999998748 0.000644191 0.001444863 0.176838994 -0.000645775 0.999999285 0.001095835 -0.286505789 -0.001444155 -0.001096767 0.999998391 9.275791168
0.999999106 0.000659894 0.001152358 0.185726926 -0.000661500 0.999998808 0.001394473 -0.308230996 -0.001151436 -0.001395234 0.999998391 9.595761299
0.999998927 0.000436383 0.001380712 0.195137769 -0.000438551 0.999998689 0.001570696 -0.309950948 -0.001380025 -0.001571300 0.999997854 9.964741707
0.999998093 0.001357026 0.001414272 0.197701648 -0.001358836 0.999998271 0.001279252 -0.321403086 -0.001412533 -0.001281171 0.999998093 10.298864365
0.999997556 0.001658911 0.001431432 0.204423130 -0.001660392 0.999998093 0.001034397 -0.329351068 -0.001429714 -0.001036771 0.999998450 10.661681175
0.999999166 0.000898929 0.000910654 0.214060262 -0.000900113 0.999998748 0.001300851 -0.339939207 -0.000909483 -0.001301669 0.999998748 11.028126717
0.999999464 0.000489562 0.000903379 0.226114228 -0.000490723 0.999999046 0.001285281 -0.349237442 -0.000902749 -0.001285724 0.999998748 11.408728600
0.999999583 0.000395276 0.000772094 0.233153343 -0.000396151 0.999999285 0.001133310 -0.359661877 -0.000771646 -0.001133615 0.999999046 11.788620949
0.999997675 0.001605979 0.001456491 0.240626544 -0.001608383 0.999997318 0.001650840 -0.374752760 -0.001453836 -0.001653179 0.999997556 12.165067673
0.999996722 0.001908359 0.001734575 0.249816686 -0.001911537 0.999996483 0.001832769 -0.387157947 -0.001731072 -0.001836078 0.999996781 12.551140785
0.999998450 0.001242070 0.001205586 0.258623302 -0.001244696 0.999996781 0.002180147 -0.399358958 -0.001202875 -0.002181644 0.999996901 12.940791130
0.999998868 0.000305732 0.001464743 0.266271591 -0.000308806 0.999997735 0.002099321 -0.411167204 -0.001464098 -0.002099771 0.999996722 13.352692604
0.999998868 0.000663433 0.001358247 0.278148264 -0.000665945 0.999998093 0.001850243 -0.417945862 -0.001357017 -0.001851146 0.999997377 13.762321472
0.999998212 0.000951330 0.001650139 0.283936083 -0.000954523 0.999997675 0.001935048 -0.426317692 -0.001648295 -0.001936619 0.999996781 14.192820549
0.999998093 0.000892929 0.001735299 0.298711836 -0.000895856 0.999998152 0.001686648 -0.440893352 -0.001733790 -0.001688199 0.999997079 14.597108841
0.999997377 0.000966870 0.002053614 0.306771517 -0.000969970 0.999998391 0.001509109 -0.450280786 -0.002052151 -0.001511098 0.999996781 15.027122498
0.999996722 0.000961795 0.002378493 0.316933393 -0.000966342 0.999997735 0.001911182 -0.463314503 -0.002376649 -0.001913474 0.999995351 15.452517509
0.999995470 0.000817912 0.002893446 0.320538312 -0.000823292 0.999997914 0.001858695 -0.472547531 -0.002891919 -0.001861069 0.999994099 15.896062851
0.999993682 0.001523809 0.003214832 0.329754293 -0.001530218 0.999996841 0.001991971 -0.491099268 -0.003211787 -0.001996878 0.999992847 16.327493668
0.999992013 0.001927636 0.003514855 0.337026089 -0.001932373 0.999997258 0.001344892 -0.497314483 -0.003512253 -0.001351672 0.999992907 16.773757935
0.999989569 0.002092402 0.004057366 0.343758881 -0.002100413 0.999995828 0.001970982 -0.520975828 -0.004053226 -0.001979484 0.999989808 17.201745987
0.999991357 0.001728564 0.003776347 0.360225260 -0.001736101 0.999996483 0.001993449 -0.529952347 -0.003772887 -0.001999988 0.999990821 17.664241791
0.999990523 0.001810141 0.003966416 0.372425526 -0.001816547 0.999997020 0.001612238 -0.540439963 -0.003963486 -0.001619428 0.999990821 18.131723404
0.999990880 0.001296906 0.004055596 0.390904754 -0.001307941 0.999995470 0.002719488 -0.558941841 -0.004052051 -0.002724768 0.999988079 18.571332932
0.999986410 0.002006386 0.004819278 0.401924580 -0.002014385 0.999996603 0.001655678 -0.562468469 -0.004815940 -0.001665363 0.999986947 19.075948715
0.999989629 0.001714478 0.004214895 0.416421056 -0.001722099 0.999996901 0.001805306 -0.574844182 -0.004211787 -0.001812546 0.999989510 19.533647537
0.999988973 0.002000281 0.004257557 0.424945354 -0.002010008 0.999995410 0.002281518 -0.590281367 -0.004252974 -0.002290050 0.999988377 20.018220901
0.999988019 0.002040219 0.004453561 0.437862396 -0.002048467 0.999996245 0.001848257 -0.599412560 -0.004449773 -0.001857358 0.999988437 20.507041931
0.999986887 0.002262435 0.004598767 0.449417651 -0.002272946 0.999994755 0.002281415 -0.612332404 -0.004593581 -0.002291837 0.999986827 21.026433945
0.999991953 0.002077399 0.003453791 0.467483908 -0.002081433 0.999997139 0.001164674 -0.593253255 -0.003451361 -0.001171853 0.999993384 21.551977158
0.999988198 0.002655824 0.004054615 0.466081649 -0.002664375 0.999994218 0.002105055 -0.636535764 -0.004049001 -0.002115833 0.999989569 22.040422440
0.999990404 0.002375225 0.003685692 0.478804827 -0.002381638 0.999995649 0.001736574 -0.647257864 -0.003681552 -0.001745336 0.999991655 22.560029984
0.999987602 0.003185798 0.003824475 0.475466967 -0.003192953 0.999993086 0.001866170 -0.659282446 -0.003818503 -0.001878359 0.999990940 23.061685562
0.999991059 0.002770410 0.003177649 0.486388922 -0.002778448 0.999992967 0.002527985 -0.676814675 -0.003170623 -0.002536791 0.999991775 23.615434647
0.999995470 0.001783900 0.002423024 0.486821145 -0.001787005 0.999997556 0.001279797 -0.675697446 -0.002420736 -0.001284121 0.999996245 24.150531769
0.999994099 0.002555083 0.002276956 0.503315151 -0.002560410 0.999993980 0.002339510 -0.705042601 -0.002270964 -0.002345326 0.999994695 24.693368912
0.999993324 0.003033246 0.002043665 0.512099326 -0.003038556 0.999991953 0.002599880 -0.722498596 -0.002035763 -0.002606072 0.999994457 25.228425980
0.999994814 0.002994908 0.001187110 0.526462257 -0.002998240 0.999991596 0.002814770 -0.735456347 -0.001178670 -0.002818315 0.999995291 25.766962051
0.999994934 0.003001441 0.001176302 0.537393928 -0.003004653 0.999991715 0.002738182 -0.748825431 -0.001168074 -0.002741703 0.999995530 26.336286545
0.999995530 0.002949741 0.000341927 0.553261399 -0.002950792 0.999990761 0.003116321 -0.755290270 -0.000332731 -0.003117316 0.999995112 26.882347107
0.999995470 0.002923109 0.000747670 0.560764730 -0.002925009 0.999992490 0.002553211 -0.776702106 -0.000740201 -0.002555386 0.999996483 27.432863235
0.999993920 0.003463043 0.000372490 0.578766286 -0.003463922 0.999991119 0.002382644 -0.791645765 -0.000364235 -0.002383920 0.999997020 27.981622696
0.999993324 0.003632840 0.000262794 0.589331090 -0.003633459 0.999990523 0.002392940 -0.797176361 -0.000254098 -0.002393879 0.999997020 28.547430038
0.999990940 0.004251141 0.000083137 0.600929618 -0.004251338 0.999987721 0.002516624 -0.815727174 -0.000072437 -0.002516955 0.999996841 29.079622269
0.999991655 0.004082498 -0.000161659 0.610630095 -0.004082071 0.999988496 0.002554265 -0.831591547 0.000172085 -0.002553584 0.999996722 29.614252090
0.999992609 0.003798645 -0.000650957 0.621068954 -0.003797002 0.999989629 0.002508620 -0.841920912 0.000660479 -0.002506130 0.999996722 30.169673920
0.999990702 0.004303713 -0.000329724 0.620455146 -0.004302892 0.999987721 0.002450359 -0.858444452 0.000340265 -0.002448917 0.999996960 30.687553406
0.999992132 0.003901653 -0.000691341 0.633095324 -0.003899828 0.999988914 0.002622143 -0.876027524 0.000701564 -0.002619426 0.999996305 31.233295441
0.999991238 0.004010480 -0.001198053 0.644386470 -0.004007418 0.999988675 0.002546951 -0.888020158 0.001208254 -0.002542128 0.999996066 31.776548386
0.999990165 0.004256719 -0.001252229 0.654356837 -0.004253132 0.999986887 0.002853677 -0.907847106 0.001264360 -0.002848323 0.999995232 32.317100525
0.999990523 0.004270802 -0.000810882 0.658779204 -0.004268538 0.999987066 0.002773525 -0.917147398 0.000822717 -0.002770038 0.999995828 32.857231140
0.999986470 0.004661064 -0.002309083 0.676631749 -0.004652395 0.999982119 0.003745657 -0.942511559 0.002326501 -0.003734864 0.999990344 33.380676270
0.999989390 0.004276951 -0.001666227 0.680194974 -0.004272081 0.999986649 0.002915283 -0.945796967 0.001678673 -0.002908134 0.999994338 33.943576813
0.999989152 0.004231809 -0.001918116 0.691942692 -0.004225732 0.999986112 0.003161618 -0.961706460 0.001931469 -0.003153478 0.999993145 34.482776642
0.999989033 0.004103190 -0.002225132 0.701012850 -0.004096346 0.999986887 0.003071165 -0.980705440 0.002237704 -0.003062017 0.999992788 34.984310150
0.999986529 0.004402733 -0.002735757 0.718890786 -0.004393274 0.999984384 0.003453950 -0.995442569 0.002750921 -0.003441885 0.999990284 35.542240143
0.999986231 0.004375631 -0.002862588 0.722935438 -0.004366992 0.999985933 0.003017045 -1.005358696 0.002875748 -0.003004503 0.999991357 36.089153290
0.999990761 0.003163461 -0.002908129 0.732371509 -0.003154968 0.999990761 0.002919915 -1.020305753 0.002917340 -0.002910713 0.999991477 36.593173981
0.999987841 0.003493522 -0.003459954 0.752676487 -0.003484893 0.999990761 0.002497072 -1.029486775 0.003468645 -0.002484984 0.999990880 37.136646271
0.999987960 0.003362628 -0.003566310 0.751257062 -0.003352569 0.999990344 0.002822508 -1.047984719 0.003575767 -0.002810518 0.999989569 37.689205170
0.999986887 0.003333480 -0.003879016 0.758145750 -0.003322911 0.999990821 0.002727593 -1.063723564 0.003888072 -0.002714667 0.999988735 38.229530334
0.999984622 0.003461482 -0.004315338 0.771269441 -0.003450272 0.999990642 0.002602136 -1.070531249 0.004324304 -0.002587207 0.999987245 38.779411316
0.999987602 0.003054099 -0.003928771 0.776020944 -0.003044722 0.999992490 0.002390601 -1.080886483 0.003936043 -0.002378609 0.999989390 39.289752960
0.999986947 0.003216647 -0.003976753 0.785756946 -0.003206983 0.999991894 0.002434155 -1.095515370 0.003984550 -0.002421370 0.999989152 39.842113495
0.999984920 0.003262174 -0.004421446 0.799284697 -0.003250947 0.999991417 0.002544175 -1.115010977 0.004429708 -0.002529763 0.999987006 40.373512268
0.999983966 0.003633209 -0.004357748 0.808750987 -0.003624757 0.999991596 0.001946007 -1.125330329 0.004364781 -0.001930180 0.999988616 40.921234131
0.999984503 0.003199982 -0.004550143 0.809502006 -0.003188537 0.999991715 0.002520199 -1.144139886 0.004558169 -0.002505651 0.999986410 41.444236755
0.999983907 0.003351688 -0.004576222 0.820740938 -0.003342063 0.999992251 0.002109305 -1.153007627 0.004583255 -0.002093977 0.999987304 41.992515564
0.999984026 0.003238743 -0.004632747 0.836618781 -0.003226873 0.999991477 0.002567559 -1.177029371 0.004641023 -0.002552568 0.999985933 42.486293793
0.999984026 0.003428993 -0.004507246 0.838564873 -0.003418414 0.999991357 0.002352631 -1.189690828 0.004515274 -0.002337185 0.999987066 43.035152435
0.999983966 0.003101730 -0.004756789 0.853240252 -0.003090029 0.999992311 0.002465268 -1.206895828 0.004764398 -0.002450530 0.999985576 43.541755676
0.999984741 0.003295393 -0.004427530 0.856409550 -0.003286624 0.999992669 0.001986217 -1.217837572 0.004434043 -0.001971635 0.999988258 44.093669891
0.999984741 0.003690418 -0.004107867 0.864521921 -0.003680775 0.999990404 0.002352345 -1.236150026 0.004116508 -0.002337189 0.999988735 44.584037781
0.999985218 0.003658859 -0.004016097 0.872660100 -0.003649061 0.999990284 0.002444056 -1.251540542 0.004025001 -0.002429365 0.999988914 45.132816315
0.999982834 0.003932422 -0.004338869 0.886490881 -0.003922201 0.999989569 0.002361520 -1.260911703 0.004348109 -0.002344462 0.999987781 45.685050964
0.999983430 0.003884058 -0.004240447 0.905807972 -0.003875733 0.999990523 0.001969408 -1.271033049 0.004248056 -0.001952940 0.999989092 46.228477478
0.999982953 0.004210550 -0.004031010 0.913612425 -0.004202126 0.999988914 0.002096064 -1.285386682 0.004039790 -0.002079089 0.999989688 46.775928497
0.999983966 0.003952264 -0.004039940 0.919502616 -0.003943772 0.999989986 0.002108018 -1.301585436 0.004048231 -0.002092051 0.999989629 47.327186584
0.999982715 0.003845835 -0.004453464 0.941675186 -0.003837724 0.999990940 0.001828570 -1.305529594 0.004460456 -0.001811448 0.999988377 47.901519775
0.999982476 0.003862076 -0.004474533 0.947495699 -0.003853211 0.999990582 0.001987914 -1.323594451 0.004482167 -0.001970638 0.999988019 48.442588806
0.999984264 0.003505134 -0.004387575 0.952359617 -0.003496689 0.999992013 0.001931051 -1.336792350 0.004394309 -0.001915679 0.999988496 48.994518280
0.999984980 0.003856225 -0.003888204 0.971831024 -0.003850364 0.999991417 0.001513758 -1.342964172 0.003894009 -0.001498764 0.999991298 49.543025970
0.999986172 0.004176266 -0.003239734 0.965985537 -0.004172976 0.999990702 0.001022315 -1.349301100 0.003243973 -0.001008781 0.999994218 50.130229950
0.999983311 0.004456563 -0.003675993 0.980232537 -0.004451931 0.999989390 0.001266952 -1.364746451 0.003681600 -0.001250566 0.999992430 50.668762207
0.999984860 0.004251062 -0.003491818 0.991055250 -0.004246858 0.999990225 0.001210516 -1.377686858 0.003496929 -0.001195668 0.999993145 51.192829132
0.999984980 0.004481990 -0.003185094 0.996807277 -0.004477055 0.999988914 0.001554905 -1.395717382 0.003192028 -0.001540622 0.999993682 51.741592407
0.999982953 0.004936865 -0.003121276 1.008235455 -0.004931192 0.999986112 0.001822750 -1.415984154 0.003130230 -0.001807327 0.999993443 52.259372711
0.999985576 0.004381302 -0.003083786 1.014546156 -0.004376042 0.999988973 0.001710284 -1.424385428 0.003091244 -0.001696765 0.999993742 52.812992096
0.999983311 0.004782332 -0.003224341 1.022199035 -0.004777898 0.999987543 0.001381535 -1.442049265 0.003230908 -0.001366106 0.999993861 53.340469360
0.999983847 0.005010058 -0.002687897 1.032476902 -0.005007549 0.999987006 0.000939303 -1.456559777 0.002692568 -0.000925828 0.999995947 53.890666962
0.999982893 0.005104457 -0.002852195 1.037448525 -0.005101467 0.999986410 0.001054160 -1.469160557 0.002857536 -0.001039591 0.999995351 54.444931030
0.999983788 0.005200037 -0.002322285 1.045281410 -0.005197405 0.999985874 0.001138525 -1.487391233 0.002328173 -0.001126436 0.999996662 54.976299286
0.999984562 0.004596053 -0.003096636 1.064306736 -0.004591744 0.999988496 0.001396686 -1.503028393 0.003103020 -0.001382446 0.999994218 55.523353577
0.999983191 0.005353041 -0.002222326 1.058611155 -0.005349661 0.999984503 0.001523511 -1.514131069 0.002230447 -0.001511597 0.999996305 56.069740295
0.999981761 0.005606916 -0.002248003 1.072651744 -0.005604523 0.999983728 0.001068634 -1.534393907 0.002253959 -0.001056015 0.999996901 56.613986969
0.999983788 0.005265420 -0.002181050 1.082286000 -0.005262120 0.999984980 0.001516785 -1.548789024 0.002189004 -0.001505284 0.999996424 57.156497955
0.999982655 0.005566129 -0.001917541 1.086836100 -0.005563855 0.999983788 0.001189582 -1.561207891 0.001924132 -0.001178893 0.999997377 57.707698822
0.999984980 0.005254833 -0.001541060 1.105319858 -0.005253006 0.999985635 0.001186554 -1.580711722 0.001547273 -0.001178441 0.999998093 58.245147705
0.999984264 0.005388191 -0.001544411 1.118065119 -0.005386578 0.999984920 0.001046095 -1.593881965 0.001550025 -0.001037759 0.999998271 58.778488159
0.999985158 0.005271472 -0.001361866 1.125007510 -0.005269490 0.999984980 0.001455052 -1.615631104 0.001369516 -0.001447854 0.999998033 59.310939789
0.999983668 0.005633144 -0.000960686 1.133484721 -0.005632002 0.999983430 0.001187018 -1.627646685 0.000967356 -0.001181588 0.999998808 59.847537994
0.999981225 0.006094712 -0.000510749 1.139325500 -0.006094040 0.999980628 0.001303790 -1.640515804 0.000518685 -0.001300653 0.999998987 60.397037506
0.999981344 0.006095410 -0.000381748 1.158321857 -0.006095040 0.999980927 0.000964906 -1.654304266 0.000387621 -0.000962561 0.999999464 60.947658539
0.999979317 0.006382999 -0.000684539 1.170102239 -0.006382139 0.999978840 0.001248915 -1.666157603 0.000692497 -0.001244521 0.999998987 61.480953217
0.999981463 0.006036999 -0.000703779 1.180597782 -0.006036112 0.999980927 0.001255214 -1.681629658 0.000711342 -0.001250943 0.999998987 62.015823364
0.999980271 0.006278374 -0.000283403 1.187067389 -0.006278139 0.999979973 0.000817119 -1.695403218 0.000288527 -0.000815324 0.999999642 62.543106079
0.999972820 0.007370973 0.000158767 1.191704035 -0.007371109 0.999972463 0.000868487 -1.704778075 -0.000152361 -0.000869633 0.999999583 63.086715698
0.999973059 0.007327133 0.000454968 1.201000571 -0.007327581 0.999972582 0.000989551 -1.726395369 -0.000447706 -0.000992858 0.999999344 63.618476868
0.999973893 0.007224311 0.000497709 1.213066816 -0.007224626 0.999973714 0.000630190 -1.734608531 -0.000493144 -0.000633769 0.999999702 64.155471802
0.999974132 0.007187724 0.000307892 1.222235680 -0.007187787 0.999974072 0.000207130 -1.744466543 -0.000306395 -0.000209338 0.999999940 64.698745728
0.999974728 0.007092400 0.000532996 1.232795000 -0.007092744 0.999974608 0.000647480 -1.764544010 -0.000528391 -0.000651244 0.999999583 65.233146667
0.999977529 0.006687093 0.000528788 1.247932673 -0.006687276 0.999977589 0.000344373 -1.777646303 -0.000526474 -0.000347902 0.999999702 65.773353577
0.999976456 0.006808043 0.000831653 1.249690652 -0.006807690 0.999976754 -0.000428306 -1.777498841 -0.000834551 0.000422634 0.999999523 66.318260193
0.999978781 0.006483694 0.000566198 1.263566494 -0.006483512 0.999978840 -0.000323499 -1.796063423 -0.000568283 0.000319821 0.999999762 66.853683472
0.999978840 0.006487449 0.000307572 1.279407024 -0.006487323 0.999978840 -0.000410479 -1.807866216 -0.000310228 0.000408475 0.999999881 67.401229858
0.999975324 0.007013987 0.000433792 1.287197709 -0.007013807 0.999975324 -0.000413879 -1.826643229 -0.000436683 0.000410826 0.999999821 67.935272217
0.999976337 0.006872308 0.000369256 1.299866796 -0.006872091 0.999976158 -0.000577704 -1.838864684 -0.000373217 0.000575153 0.999999702 68.474899292
0.999974251 0.007176226 0.000468246 1.306696177 -0.007175961 0.999974072 -0.000565164 -1.851208687 -0.000472288 0.000561790 0.999999702 69.005561829
0.999975085 0.007019850 0.000781325 1.319103241 -0.007019392 0.999975145 -0.000588433 -1.866426706 -0.000785437 0.000582933 0.999999464 69.555305481
0.999974310 0.007101853 0.000962145 1.331714869 -0.007101374 0.999974549 -0.000502173 -1.885376692 -0.000965687 0.000495328 0.999999404 70.089050293
0.999979079 0.006470068 0.000158147 1.350648046 -0.006470040 0.999979019 -0.000186155 -1.906075358 -0.000159348 0.000185127 0.999999940 70.646858215
0.999974251 0.007110307 0.000924829 1.354782343 -0.007109916 0.999974549 -0.000425337 -1.919749022 -0.000927829 0.000418751 0.999999464 71.159263611
0.999975324 0.006931913 0.001079660 1.364318371 -0.006931781 0.999975920 -0.000124638 -1.939659476 -0.001080497 0.000117151 0.999999404 71.685340881
0.999973655 0.007181142 0.001074410 1.374249578 -0.007180611 0.999974072 -0.000498073 -1.953734756 -0.001077960 0.000490345 0.999999285 72.220397949
0.999971747 0.007442966 0.001057038 1.386848092 -0.007442554 0.999972224 -0.000392196 -1.969781041 -0.001059927 0.000384318 0.999999344 72.757843018
0.999974310 0.007106841 0.000952102 1.396586895 -0.007106636 0.999974668 -0.000218839 -1.986434340 -0.000953633 0.000212067 0.999999464 73.294929504
0.999970019 0.007596586 0.001480221 1.404382586 -0.007595729 0.999970973 -0.000584642 -2.001572132 -0.001484619 0.000573381 0.999998689 73.835624695
0.999965549 0.008119070 0.001704437 1.414194226 -0.008118767 0.999967039 -0.000185135 -2.017722607 -0.001705883 0.000171291 0.999998510 74.370697021
0.999966383 0.007991871 0.001842868 1.424972415 -0.007991378 0.999968052 -0.000274544 -2.033108711 -0.001845003 0.000259808 0.999998271 74.916107178
0.999965072 0.008102582 0.002016657 1.437057734 -0.008101940 0.999967098 -0.000326621 -2.048102856 -0.002019237 0.000310271 0.999997854 75.455787659
0.999962926 0.008352773 0.002062789 1.445563674 -0.008351767 0.999965012 -0.000496216 -2.064197779 -0.002066861 0.000478970 0.999997735 75.991043091
0.999960721 0.008516311 0.002462385 1.456901670 -0.008513054 0.999962866 -0.001329376 -2.078073978 -0.002473616 0.001308362 0.999996066 76.535583496
0.999961615 0.008415266 0.002438214 1.468327999 -0.008412520 0.999963880 -0.001134354 -2.093628645 -0.002447672 0.001113799 0.999996364 77.082405090
0.999961495 0.008414911 0.002485897 1.471954226 -0.008413757 0.999964476 -0.000475266 -2.111242533 -0.002489808 0.000454332 0.999996781 77.598312378
0.999962211 0.008151275 0.003026611 1.474191308 -0.008148087 0.999966264 -0.001063297 -2.122615814 -0.003035176 0.001038596 0.999994874 78.139465332
0.999960899 0.008169029 0.003394706 1.480941892 -0.008165868 0.999966204 -0.000944375 -2.138742447 -0.003402306 0.000916617 0.999993801 78.681198120
0.999964178 0.008002502 0.002746785 1.499954700 -0.008001058 0.999967873 -0.000535867 -2.161305904 -0.002750985 0.000513871 0.999996066 79.214721680
0.999959826 0.008413655 0.003098117 1.512529254 -0.008409915 0.999963820 -0.001217937 -2.175902605 -0.003108252 0.001191833 0.999994457 79.758522034
0.999958336 0.008019986 0.004362063 1.525017619 -0.008016780 0.999967575 -0.000751956 -2.195942879 -0.004367953 0.000716955 0.999990165 80.318077087
0.999951363 0.008151695 0.005554767 1.535425067 -0.008145728 0.999966204 -0.001096376 -2.213512421 -0.005563518 0.001051074 0.999983907 80.858085632
0.999946356 0.007874544 0.006719361 1.550106049 -0.007869403 0.999968708 -0.000790949 -2.235420465 -0.006725379 0.000738030 0.999977052 81.400428772
0.999933541 0.008011258 0.008285712 1.561452508 -0.008001625 0.999967277 -0.001195277 -2.244960070 -0.008295015 0.001128899 0.999964952 81.981658936
0.999901414 0.008270067 0.011348162 1.582707882 -0.008255403 0.999965012 -0.001338307 -2.260670900 -0.011358833 0.001244492 0.999934733 82.530433655
0.999846697 0.008528375 0.015292400 1.607489705 -0.008502929 0.999962270 -0.001728028 -2.271831274 -0.015306558 0.001597733 0.999881566 83.089401245
0.999804139 0.007855278 0.018162396 1.637120485 -0.007825675 0.999967933 -0.001700352 -2.297849655 -0.018175168 0.001557886 0.999833584 83.643188477
0.999711335 0.007643514 0.022778822 1.670088172 -0.007602928 0.999969363 -0.001867900 -2.317996264 -0.022792401 0.001694175 0.999738812 84.205749512
0.999542117 0.008378545 0.029074507 1.695616484 -0.008323623 0.999963343 -0.002009479 -2.331581116 -0.029090274 0.001766554 0.999575317 84.753570557
0.999372184 0.007507124 0.034628935 1.742489696 -0.007437099 0.999970019 -0.002150489 -2.346122026 -0.034644045 0.001891599 0.999397933 85.348121643
0.999130070 0.007364781 0.041047670 1.780514717 -0.007271793 0.999970675 -0.002414192 -2.361389875 -0.041064247 0.002113602 0.999154270 85.907791138
0.998741210 0.007834795 0.049544517 1.823504210 -0.007712429 0.999966741 -0.002660539 -2.380957365 -0.049563713 0.002275081 0.998768389 86.489082336
0.998296678 0.007540441 0.057852466 1.876788378 -0.007381999 0.999968410 -0.002951955 -2.396613836 -0.057872888 0.002519859 0.998320878 87.072669983
0.997840583 0.006443006 0.065365352 1.927587748 -0.006245644 0.999975264 -0.003223246 -2.416959524 -0.065384507 0.002808037 0.997856200 87.654907227
0.997241676 0.006090528 0.073972657 2.006046772 -0.005824947 0.999975741 -0.003805449 -2.435976028 -0.073994055 0.003364065 0.997252941 88.301727295
0.996474743 0.005966108 0.083680578 2.081102371 -0.005672562 0.999976873 -0.003745250 -2.457141638 -0.083700992 0.003257364 0.996485591 88.829460144
0.995660841 0.005840860 0.092873000 2.144383907 -0.005486337 0.999976635 -0.004072146 -2.467891693 -0.092894621 0.003544944 0.995669603 89.384132385
0.994966507 0.005470913 0.100058481 2.225678921 -0.005103745 0.999979258 -0.003925123 -2.491448641 -0.100077860 0.003394693 0.994973958 89.933914185
0.993850350 0.005432505 0.110597819 2.304793358 -0.004954828 0.999977231 -0.004593426 -2.498228788 -0.110620260 0.004017185 0.993854642 90.482551575
0.992707312 0.004779588 0.120454751 2.402024269 -0.004292949 0.999981463 -0.004299191 -2.523290396 -0.120473064 0.003750732 0.992709517 90.980682373
0.991539180 0.004573195 0.129726693 2.492161751 -0.004063398 0.999983072 -0.004194191 -2.545238495 -0.129743651 0.003631574 0.991540909 91.526329041
0.989968061 0.004045836 0.141233355 2.589634895 -0.003444818 0.999984026 -0.004499723 -2.562843561 -0.141249284 0.003968060 0.989966154 92.062713623
0.987968862 0.005067555 0.154569834 2.680600166 -0.004561023 0.999983013 -0.003631501 -2.589883327 -0.154585585 0.002882813 0.987975121 92.532897949
0.986390710 0.003376425 0.164383143 2.808731079 -0.002712872 0.999987245 -0.004260972 -2.602668524 -0.164395437 0.003757033 0.986387372 93.117881775
0.984465718 0.004288328 0.175525337 2.921508789 -0.003653832 0.999985576 -0.003937869 -2.609342813 -0.175539717 0.003235357 0.984467030 93.625823975
0.982191026 0.003080607 0.187859669 3.052756310 -0.002230150 0.999986291 -0.004738272 -2.619909048 -0.187871709 0.004234933 0.982184410 94.182632446
0.979677260 0.003515703 0.200549453 3.182432175 -0.002735171 0.999987543 -0.004168928 -2.643942356 -0.200561658 0.003535666 0.979674637 94.698265076
0.977645516 0.002402955 0.210245907 3.318613052 -0.001485004 0.999988675 -0.004523852 -2.658789635 -0.210254371 0.004110506 0.977638066 95.241310120
0.974660158 0.002597150 0.223675579 3.463033676 -0.001660318 0.999989033 -0.004376322 -2.679919004 -0.223684505 0.003894055 0.974653840 95.766952515
0.971697569 0.001645991 0.236222535 3.616565704 -0.000585203 0.999989450 -0.004560677 -2.691738605 -0.236227542 0.004293360 0.971688211 96.301513672
0.968935668 0.000396094 0.247312531 3.785745621 0.001066145 0.999982715 -0.005778574 -2.689585924 -0.247310519 0.005862738 0.968918562 96.774650574
0.966074169 0.000749146 0.258263469 3.936359406 0.000412396 0.999990046 -0.004443309 -2.720759869 -0.258264244 0.004399074 0.966064334 97.315979004
0.962435961 0.000246907 0.271508723 4.113437653 0.001303092 0.999983847 -0.005528538 -2.724766970 -0.271505713 0.005674665 0.962420106 97.815155029
0.958839595 -0.000013293 0.283948243 4.292222977 0.001733229 0.999981523 -0.005805974 -2.745254993 -0.283942908 0.006059146 0.958822072 98.338172913
0.955455542 -0.000691204 0.295134157 4.479694366 0.002483207 0.999980688 -0.005697082 -2.763288260 -0.295124471 0.006176189 0.955438793 98.833030701
0.951129198 -0.000733344 0.308792323 4.691568375 0.002250578 0.999987066 -0.004557293 -2.815015078 -0.308784992 0.005029534 0.951118588 99.269874573
0.946558833 -0.001228766 0.322528929 4.893173218 0.003114138 0.999980927 -0.005329669 -2.793982029 -0.322516143 0.006049244 0.946544647 99.834220886
0.942634881 -0.000873035 0.333824396 5.105670929 0.002605124 0.999985397 -0.004740992 -2.848942280 -0.333815366 0.005338677 0.942623377 100.294334412
0.937929451 -0.001163505 0.346824199 5.314262390 0.002799115 0.999987245 -0.004215053 -2.872731209 -0.346814841 0.004924224 0.937920690 100.798698425
0.932447970 -0.001391002 0.361301631 5.535976410 0.003103774 0.999986589 -0.004160306 -2.890399456 -0.361290932 0.005000667 0.932439744 101.307304382
0.927749753 -0.002110572 0.373196751 5.756494522 0.004008502 0.999982715 -0.004309661 -2.901861906 -0.373181164 0.005494247 0.927742243 101.782348633
0.922702670 -0.001802408 0.385508060 5.984132767 0.003795896 0.999983072 -0.004410040 -2.911911726 -0.385493577 0.005532505 0.922693908 102.357002258
0.916786611 -0.002535198 0.399369210 6.234733582 0.004584914 0.999980748 -0.004177182 -2.922779799 -0.399350911 0.005660659 0.916780651 102.781394958
0.910936177 -0.003019878 0.412536174 6.482822418 0.005401281 0.999974847 -0.004606674 -2.924676895 -0.412511855 0.006424610 0.910929620 103.328163147
0.905924380 -0.002994159 0.423428863 6.730316162 0.005159452 0.999978781 -0.003967557 -2.957057953 -0.423408002 0.005778968 0.905920684 103.743087769
0.900303900 -0.003450107 0.435248137 7.001251221 0.005590586 0.999977767 -0.003637454 -2.981479645 -0.435225904 0.005708107 0.900303185 104.236763000
0.894029677 -0.003332781 0.447995245 7.265693665 0.004990124 0.999984384 -0.002519201 -3.043373346 -0.447979867 0.004487792 0.894032359 104.606513977
0.888010263 -0.005088483 0.459795445 7.554897308 0.007504839 0.999965966 -0.003427750 -3.032528162 -0.459762335 0.006494568 0.888018250 105.130706787
0.882125795 -0.003919057 0.470997453 7.822040558 0.006096866 0.999976635 -0.003098185 -3.058454037 -0.470974326 0.005604598 0.882129133 105.613182068
0.874690533 -0.005563654 0.484649867 8.112857819 0.007731265 0.999967098 -0.002473940 -3.078459024 -0.484620154 0.005910888 0.874704838 106.066093445
