1.000000000 0.000000000 0.000000000 0.000000000 0.000000000 1.000000000 0.000000000 0.000000000 0.000000000 0.000000000 1.000000000 0.000000000
1.000000000 -0.000061563 -0.000197285 0.003573375 0.000061586 1.000000000 0.000115329 -0.003034270 0.000197278 -0.000115341 1.000000000 -0.001693486
1.000000000 0.000064625 0.000080556 -0.001387839 -0.000064630 1.000000000 0.000069243 -0.002790380 -0.000080552 -0.000069248 1.000000000 -0.001227616
1.000000000 -0.000111005 -0.000164048 0.006448883 0.000111030 1.000000000 0.000156910 -0.003031561 0.000164030 -0.000156928 1.000000000 -0.004306687
1.000000000 -0.000030781 -0.000081684 0.001681779 0.000030784 1.000000000 0.000035446 0.000240932 0.000081683 -0.000035449 1.000000000 0.001615627
1.000000000 -0.000045581 0.000059628 -0.000601075 0.000045581 1.000000000 -0.000005089 -0.001241533 -0.000059628 0.000005092 1.000000000 -0.000917904
1.000000000 -0.000098736 -0.000138821 0.004272861 0.000098756 1.000000000 0.000143803 -0.002601684 0.000138807 -0.000143817 1.000000000 -0.006119017
1.000000000 -0.000107661 -0.000096211 -0.000245572 0.000107662 1.000000000 0.000008136 0.000749355 0.000096210 -0.000008146 1.000000000 0.002049231
1.000000000 0.000045513 -0.000091691 0.002286324 -0.000045505 1.000000000 0.000087138 -0.003094044 0.000091695 -0.000087134 1.000000000 -0.008534979
1.000000000 0.000037781 0.000016377 0.000875224 -0.000037782 1.000000000 0.000091057 -0.001823427 -0.000016373 -0.000091057 1.000000000 -0.005933312
1.000000000 0.000145360 0.000105703 -0.001853868 -0.000145361 1.000000000 0.000013978 -0.001217515 -0.000105701 -0.000013994 1.000000000 -0.004228131
1.000000000 -0.000113648 -0.000009176 -0.000512047 0.000113649 1.000000000 0.000078737 -0.003771948 0.000009167 -0.000078738 1.000000000 -0.009283048
1.000000000 -0.000049103 0.000032850 -0.000163974 0.000049101 1.000000000 0.000053991 -0.001768083 -0.000032853 -0.000053989 1.000000000 -0.006449072
1.000000000 -0.000015406 -0.000009111 0.000926542 0.000015407 1.000000000 0.000090048 -0.001893893 0.000009109 -0.000090048 1.000000000 -0.006839339
1.000000000 -0.000158844 -0.000067587 0.000282411 0.000158855 1.000000000 0.000162623 -0.001359881 0.000067561 -0.000162634 1.000000000 -0.008136033
0.999999940 -0.000248641 -0.000073067 -0.001496052 0.000248648 0.999999940 0.000086078 -0.002267988 0.000073046 -0.000086096 1.000000000 -0.008498398
1.000000000 -0.000209671 0.000008940 0.000177661 0.000209670 1.000000000 0.000087739 -0.001466714 -0.000008959 -0.000087737 1.000000000 -0.008787456
1.000000000 0.000050473 0.000008591 0.002198417 -0.000050474 1.000000000 0.000185446 -0.004131946 -0.000008582 -0.000185446 1.000000000 -0.012581362
1.000000000 -0.000224799 -0.000072981 0.002042836 0.000224806 0.999999940 0.000098805 -0.003473131 0.000072959 -0.000098822 1.000000000 -0.008583400
0.999999940 -0.000280120 -0.000110919 0.005740819 0.000280140 0.999999940 0.000179457 -0.005527815 0.000110868 -0.000179488 1.000000000 -0.019709066
1.000000000 -0.000055330 -0.000058846 0.005326801 0.000055346 0.999999940 0.000277947 -0.006344016 0.000058831 -0.000277950 0.999999940 -0.018554945
1.000000000 0.000076710 0.000037828 -0.000414607 -0.000076714 1.000000000 0.000110390 -0.001414228 -0.000037820 -0.000110393 1.000000000 -0.006892288
0.999999940 -0.000225213 -0.000164321 0.004406757 0.000225234 0.999999940 0.000129190 -0.003343296 0.000164292 -0.000129227 1.000000000 -0.012035173
0.999999940 -0.000229090 -0.000101898 0.001342116 0.000229113 0.999999940 0.000223821 -0.003870219 0.000101847 -0.000223844 0.999999940 -0.007416998
1.000000000 -0.000008814 -0.000111183 0.005724323 0.000008836 1.000000000 0.000204584 -0.003442236 0.000111181 -0.000204585 1.000000000 -0.016153706
1.000000000 -0.000031758 -0.000045811 0.000579890 0.000031768 1.000000000 0.000210406 -0.003205138 0.000045804 -0.000210408 1.000000000 -0.013483824
1.000000000 -0.000110806 -0.000005094 -0.001780711 0.000110807 1.000000000 0.000164667 -0.004589541 0.000005076 -0.000164667 1.000000000 -0.012702290
1.000000000 -0.000027770 -0.000005404 -0.000996596 0.000027771 1.000000000 0.000201205 -0.003321386 0.000005398 -0.000201205 1.000000000 -0.010460237
0.999999940 -0.000228551 -0.000115518 -0.000330024 0.000228567 0.999999940 0.000137424 -0.000323426 0.000115487 -0.000137450 1.000000000 -0.007480411
1.000000000 -0.000099126 -0.000099486 0.001276443 0.000099144 1.000000000 0.000185273 -0.002246686 0.000099467 -0.000185283 1.000000000 -0.008479338
1.000000000 -0.000163895 -0.000021874 -0.001040614 0.000163898 1.000000000 0.000147363 -0.001189104 0.000021850 -0.000147366 1.000000000 -0.002319346
0.999999940 -0.000255242 -0.000140341 -0.002582805 0.000255280 0.999999940 0.000270656 -0.003523092 0.000140272 -0.000270692 0.999999940 -0.010202251
0.999999940 -0.000243137 -0.000148137 0.002120833 0.000243182 0.999999940 0.000305777 -0.003805272 0.000148063 -0.000305813 0.999999940 -0.014131110
1.000000000 0.000009075 -0.000063924 -0.000767852 -0.000009069 1.000000000 0.000097404 -0.001365413 0.000063925 -0.000097404 1.000000000 -0.006740674
1.000000000 -0.000143606 -0.000087674 -0.001025809 0.000143613 1.000000000 0.000078629 -0.000918378 0.000087663 -0.000078642 1.000000000 -0.007560966
1.000000000 -0.000215957 -0.000079951 -0.002925361 0.000215958 1.000000000 0.000013658 -0.000582179 0.000079948 -0.000013676 1.000000000 -0.011080447
0.999999940 -0.000245791 -0.000191809 0.004193989 0.000245814 0.999999940 0.000123207 -0.001699249 0.000191779 -0.000123255 1.000000000 -0.012718916
1.000000000 -0.000206241 -0.000050016 0.000003703 0.000206245 1.000000000 0.000072200 0.000087377 0.000050001 -0.000072210 1.000000000 -0.007300318
1.000000000 -0.000021305 -0.000064865 -0.001048062 0.000021325 0.999999940 0.000307530 -0.003095829 0.000064859 -0.000307532 0.999999940 -0.011798088
0.999999940 -0.000246307 -0.000221518 0.004624837 0.000246346 0.999999940 0.000178142 -0.005255606 0.000221474 -0.000178197 0.999999940 -0.006418220
1.000000000 -0.000037118 -0.000178904 0.007734187 0.000037047 0.999999940 -0.000399121 -0.008620407 0.000178919 0.000399115 0.999999881 0.042162158
1.000000000 -0.000045372 -0.000193838 0.008554305 0.000045139 0.999999285 -0.001201494 -0.004762975 0.000193893 0.001201485 0.999999285 0.144879967
1.000000000 -0.000076412 0.000000055 0.003126632 0.000076412 0.999999166 -0.001286625 -0.011348681 0.000000044 0.001286625 0.999999166 0.263496101
0.999999940 -0.000385345 0.000127209 0.003497013 0.000385487 0.999999285 -0.001118318 -0.016171113 -0.000126778 0.001118367 0.999999344 0.385331273
1.000000000 0.000144195 -0.000023246 0.006243906 -0.000144219 0.999999464 -0.001045343 -0.021764282 0.000023095 0.001045346 0.999999464 0.530650377
1.000000000 0.000094890 0.000100223 0.012451152 -0.000094776 0.999999344 -0.001129897 -0.026628640 -0.000100331 0.001129888 0.999999344 0.688205183
1.000000000 -0.000065426 0.000128089 0.031893905 0.000065512 0.999999762 -0.000673761 -0.038447127 -0.000128045 0.000673770 0.999999762 0.853127539
0.999999940 -0.000101747 0.000307771 0.018107664 0.000101939 0.999999821 -0.000623709 -0.037652653 -0.000307707 0.000623740 0.999999762 1.023633361
0.999999881 0.000141334 0.000474458 0.015641516 -0.000140979 0.999999702 -0.000748736 -0.033969745 -0.000474563 0.000748669 0.999999583 1.190436482
0.999999940 -0.000283996 -0.000004216 0.042509507 0.000283993 0.999999821 -0.000563114 -0.050211202 0.000004375 0.000563113 0.999999821 1.414226413
0.999999881 0.000334673 0.000396981 0.030946771 -0.000334478 0.999999821 -0.000490653 -0.061819062 -0.000397145 0.000490520 0.999999821 1.604809761
0.999996424 -0.001814041 -0.001974049 0.065620542 0.001820157 0.999993563 0.003101089 -0.115871690 0.001968411 -0.003104671 0.999993265 1.789770842
0.999994695 -0.002540958 -0.002026712 0.076505192 0.002547842 0.999991000 0.003401620 -0.123429157 0.002018050 -0.003406765 0.999992192 1.989047647
0.999996364 -0.001737289 -0.002073857 0.078416936 0.001744651 0.999992132 0.003553225 -0.131793767 0.002067668 -0.003556830 0.999991536 2.202751875
0.999995708 -0.001840355 -0.002293212 0.086999007 0.001849094 0.999991000 0.003814379 -0.136912003 0.002286172 -0.003818603 0.999990106 2.419322968
0.999996901 -0.001342151 -0.002092835 0.078493476 0.001350233 0.999991655 0.003865010 -0.143462598 0.002087631 -0.003867824 0.999990344 2.648210526
0.999998510 -0.000997154 -0.001441271 0.078265563 0.001002921 0.999991477 0.004005943 -0.151768818 0.001437264 -0.004007382 0.999990940 2.883480310
0.999996305 -0.001688509 -0.002130364 0.096020922 0.001697222 0.999990106 0.004094520 -0.162200421 0.002123429 -0.004098120 0.999989331 3.121779680
0.999997556 -0.001305013 -0.001788623 0.090944886 0.001311744 0.999992073 0.003767285 -0.163520738 0.001783692 -0.003769622 0.999991357 3.384762526
0.999997735 -0.001321855 -0.001619230 0.095006861 0.001328725 0.999989986 0.004249250 -0.174012572 0.001613597 -0.004251392 0.999989688 3.607585192
0.999997258 -0.001048927 -0.002072724 0.117389664 0.001057054 0.999991715 0.003923645 -0.172920480 0.002068591 -0.003925825 0.999990165 3.872031927
0.999999583 -0.000766964 -0.000522567 0.094891064 0.000768849 0.999993145 0.003615650 -0.186174795 0.000519791 -0.003616050 0.999993324 4.106719017
1.000000000 -0.000159491 -0.000220082 0.093279496 0.000160384 0.999991715 0.004062933 -0.196806818 0.000219432 -0.004062968 0.999991715 4.357659817
1.000000000 -0.000010083 -0.000290813 0.104271434 0.000011273 0.999991655 0.004094124 -0.200143009 0.000290769 -0.004094128 0.999991536 4.629065514
0.999999702 -0.000543560 -0.000638416 0.115097627 0.000546233 0.999991059 0.004194838 -0.208999574 0.000636131 -0.004195185 0.999990940 4.883708477
0.999999821 -0.000523194 -0.000126589 0.107643440 0.000523698 0.999991775 0.004016274 -0.216534898 0.000124487 -0.004016340 0.999991953 5.114881992
0.999999583 -0.000784384 -0.000422482 0.114637956 0.000786171 0.999990702 0.004246042 -0.230104208 0.000419148 -0.004246372 0.999990940 5.380446911
1.000000000 -0.000054941 0.000094960 0.103652015 0.000054558 0.999991894 0.004028705 -0.234811038 -0.000095181 -0.004028700 0.999991953 5.634376049
1.000000000 0.000221108 0.000256429 0.107596070 -0.000222210 0.999990702 0.004306334 -0.247599691 -0.000255474 -0.004306390 0.999990702 5.912764072
0.999999821 -0.000674252 -0.000135477 0.132799238 0.000674826 0.999990642 0.004286430 -0.247866094 0.000132585 -0.004286522 0.999990821 6.197576523
0.999999523 -0.000845546 -0.000494688 0.137562498 0.000847682 0.999990225 0.004333222 -0.258169711 0.000491019 -0.004333640 0.999990404 6.515645981
0.999999881 -0.000114923 -0.000437091 0.138365045 0.000116766 0.999991000 0.004219070 -0.265721291 0.000436603 -0.004219120 0.999991000 6.802361012
0.999999225 -0.000935602 -0.000854052 0.149330720 0.000939038 0.999991357 0.004031637 -0.266807705 0.000850273 -0.004032435 0.999991477 7.100908279
0.999999285 -0.000917184 -0.000860485 0.164101124 0.000920863 0.999990344 0.004284928 -0.282270610 0.000856547 -0.004285717 0.999990404 7.394400597
1.000000000 -0.000170717 -0.000114731 0.154698998 0.000171235 0.999989748 0.004528501 -0.290778875 0.000113957 -0.004528521 0.999989748 7.727574348
0.999999940 0.000259080 -0.000103790 0.161961839 -0.000258594 0.999989033 0.004664072 -0.299079180 0.000104997 -0.004664044 0.999989033 8.037618637
0.999998808 -0.001501433 -0.000220473 0.140448675 0.001502482 0.999987125 0.004835438 -0.325694561 0.000213210 -0.004835764 0.999988258 8.387577057
0.999999225 -0.001252722 -0.000317761 0.151668236 0.001254197 0.999988258 0.004683231 -0.329911232 0.000311891 -0.004683625 0.999988973 8.712336540
0.999999225 -0.001282947 -0.000292944 0.149562195 0.001284177 0.999990284 0.004236498 -0.333413273 0.000287506 -0.004236871 0.999990880 9.067828178
0.999998927 -0.001481125 -0.000160140 0.154881358 0.001481829 0.999988854 0.004491172 -0.345126331 0.000153486 -0.004491405 0.999989867 9.409290314
0.999998152 -0.001954784 -0.000294241 0.172993690 0.001956223 0.999985754 0.004969630 -0.355167359 0.000284522 -0.004970197 0.999987543 9.766880989
0.999999046 -0.001416566 -0.000008306 0.161306724 0.001416590 0.999985754 0.005148062 -0.361801267 0.000001013 -0.005148069 0.999986649 10.107702255
0.999997914 -0.001861182 -0.000808988 0.181286037 0.001865553 0.999983430 0.005436624 -0.393211246 0.000798856 -0.005438122 0.999984920 10.500631332
0.999997795 -0.001927764 -0.000835392 0.188663915 0.001932380 0.999982715 0.005560406 -0.401729792 0.000824659 -0.005562008 0.999984205 10.861199379
0.999997258 -0.002137875 -0.000942912 0.191414833 0.002142846 0.999983609 0.005302482 -0.405477256 0.000931561 -0.005304489 0.999985456 11.239811897
0.999996722 -0.002426133 -0.000724886 0.198418647 0.002430480 0.999978662 0.006058294 -0.422520578 0.000710173 -0.006060036 0.999981403 11.606877327
0.999997139 -0.002279209 -0.000683234 0.223103553 0.002282822 0.999983132 0.005334592 -0.422435224 0.000671064 -0.005336137 0.999985576 11.985301971
0.999995768 -0.002763219 -0.000794584 0.211948812 0.002767683 0.999980092 0.005672615 -0.433944225 0.000778894 -0.005674791 0.999983668 12.360527039
0.999996841 -0.002357629 -0.000847689 0.228163674 0.002362253 0.999982119 0.005495649 -0.453752488 0.000834717 -0.005497634 0.999984562 12.787299156
0.999996185 -0.002556429 -0.000999406 0.239610523 0.002561795 0.999982059 0.005404999 -0.457650006 0.000985570 -0.005407538 0.999984920 13.193866730
0.999994934 -0.002852442 -0.001408566 0.255876154 0.002860256 0.999980330 0.005576926 -0.472441614 0.001392631 -0.005580927 0.999983490 13.589201927
0.999997616 -0.002092485 -0.000657230 0.267315656 0.002096012 0.999983251 0.005412473 -0.472948939 0.000645894 -0.005413838 0.999985158 14.027593613
0.999999225 -0.001219174 -0.000216054 0.255515486 0.001220436 0.999981642 0.005941475 -0.498837173 0.000208807 -0.005941735 0.999982357 14.422834396
0.999993205 -0.003537519 -0.000998004 0.279548526 0.003543529 0.999975204 0.006086268 -0.521423221 0.000976449 -0.006089763 0.999980927 14.872471809
0.999994755 -0.003192885 -0.000493741 0.278114319 0.003196537 0.999966145 0.007581201 -0.581278980 0.000469518 -0.007582740 0.999971151 15.192757607
0.999989629 -0.004485073 -0.000785515 0.297172546 0.004490750 0.999962628 0.007380741 -0.588291407 0.000752383 -0.007384192 0.999972463 15.637909889
0.999995470 -0.002951984 0.000532343 0.294338226 0.002947645 0.999963880 0.007974020 -0.602421284 -0.000555863 -0.007972416 0.999968112 16.078746796
0.999994934 -0.003094293 0.000637873 0.310815811 0.003088939 0.999961376 0.008231112 -0.614335537 -0.000663318 -0.008229101 0.999965966 16.510644913
0.999995232 -0.003021866 0.000499623 0.313536257 0.003018022 0.999967158 0.007524331 -0.612985432 -0.000522344 -0.007522788 0.999971569 16.962854385
0.999992847 -0.003720795 0.000689925 0.332881778 0.003715615 0.999965966 0.007364152 -0.630191743 -0.000717302 -0.007361536 0.999972641 17.384914398
0.999997258 -0.002251525 0.000491600 0.352002114 0.002247576 0.999966323 0.007891498 -0.630823374 -0.000509351 -0.007890371 0.999968827 17.833028793
0.999996543 -0.002521522 0.000778570 0.344709128 0.002516055 0.999972701 0.006944011 -0.652662873 -0.000796059 -0.006942027 0.999975562 18.238897324
0.999992669 -0.003737665 0.000825183 0.363649309 0.003731718 0.999967933 0.007094303 -0.659002304 -0.000851673 -0.007091171 0.999974430 18.712844849
0.999996483 -0.002444713 0.001022944 0.372602046 0.002437326 0.999971390 0.007160983 -0.669459760 -0.001040422 -0.007158465 0.999973893 19.181671143
0.999996781 -0.002117593 0.001405967 0.385093272 0.002107477 0.999972045 0.007158153 -0.683259070 -0.001421086 -0.007155167 0.999973416 19.652130127
0.999997556 -0.001357844 0.001778262 0.381397814 0.001345414 0.999974728 0.006972579 -0.693863571 -0.001787685 -0.006970168 0.999974132 20.140722275
0.999997437 -0.000553800 0.002189674 0.393506855 0.000537773 0.999973059 0.007313194 -0.709934354 -0.002193665 -0.007311997 0.999970853 20.634206772
0.999997258 -0.001874504 0.001418275 0.437448621 0.001863109 0.999966323 0.007993612 -0.749953628 -0.001433211 -0.007990947 0.999967039 21.092206955
0.999998271 -0.001655599 0.000968066 0.445081294 0.001648142 0.999969423 0.007653285 -0.749448836 -0.000980707 -0.007651675 0.999970198 21.594129562
0.999998510 -0.001389125 0.001011169 0.450145125 0.001381829 0.999973297 0.007180266 -0.756162107 -0.001021116 -0.007178858 0.999973714 22.132637024
0.999998391 -0.001703560 0.000519967 0.452172667 0.001699180 0.999963999 0.008310652 -0.783912063 -0.000534106 -0.008309755 0.999965310 22.633213043
0.999993801 -0.003515969 -0.000570891 0.463216335 0.003520521 0.999960363 0.008176967 -0.798081994 0.000542119 -0.008178925 0.999966323 23.110254288
0.999994695 -0.003047728 -0.001158622 0.467887223 0.003056796 0.999964058 0.007906682 -0.809239686 0.001134483 -0.007910179 0.999967992 23.647638321
0.999997258 -0.002178808 -0.000888618 0.462630272 0.002185588 0.999967933 0.007701285 -0.819490671 0.000871810 -0.007703206 0.999969900 24.201313019
0.999995470 -0.002513777 -0.001660305 0.455805182 0.002526268 0.999968231 0.007564717 -0.840678811 0.001641236 -0.007568877 0.999970019 24.712619781
0.999987423 -0.003651574 -0.003438596 0.499518007 0.003682986 0.999951065 0.009173532 -0.853072107 0.003404930 -0.009186081 0.999951959 25.200937271
0.999980867 -0.004578409 -0.004145941 0.507609367 0.004615081 0.999949932 0.008879368 -0.856433153 0.004105080 -0.008898333 0.999951959 25.738822937
0.999983847 -0.003600355 -0.004398072 0.510640860 0.003637646 0.999957204 0.008500834 -0.858793557 0.004367278 -0.008516694 0.999954164 26.284526825
0.999978781 -0.004495635 -0.004713943 0.528445899 0.004541499 0.999942005 0.009764347 -0.875867128 0.004669772 -0.009785549 0.999941230 26.840536118
0.999970496 -0.005311033 -0.005557273 0.541040778 0.005358793 0.999948502 0.008614752 -0.881555200 0.005511233 -0.008644277 0.999947488 27.381092072
0.999974072 -0.004245057 -0.005816056 0.541530490 0.004299922 0.999945939 0.009453489 -0.903517008 0.005775611 -0.009478249 0.999938488 27.958801270
0.999981523 -0.002911740 -0.005344524 0.530972540 0.002954955 0.999962807 0.008095578 -0.891905606 0.005320753 -0.008111223 0.999953032 28.513380051
0.999967515 -0.004106679 -0.006941190 0.588129878 0.004171615 0.999947429 0.009366666 -0.929288387 0.006902358 -0.009395316 0.999932110 29.089012146
0.999960303 -0.005039539 -0.007340719 0.574011743 0.005114173 0.999935091 0.010184088 -0.952069879 0.007288919 -0.010221226 0.999921203 29.525230408
0.999962091 -0.004589092 -0.007401664 0.581373215 0.004660475 0.999942541 0.009655822 -0.951163888 0.007356927 -0.009689950 0.999926090 30.073644638
0.999955952 -0.005216991 -0.007798740 0.610498488 0.005292266 0.999939382 0.009662995 -0.979375005 0.007747855 -0.009703845 0.999922931 30.580528259
0.999956667 -0.004876643 -0.007932660 0.577383399 0.004964539 0.999926090 0.011098521 -1.021313787 0.007877951 -0.011137422 0.999906957 31.030900955
0.999957681 -0.004593635 -0.007977539 0.586626947 0.004682414 0.999926984 0.011145690 -1.033701539 0.007925758 -0.011182574 0.999906003 31.569089890
0.999955893 -0.004977115 -0.007971514 0.602718115 0.005065633 0.999925315 0.011122903 -1.051023364 0.007915559 -0.011162795 0.999906361 32.128925323
0.999954462 -0.004447352 -0.008447875 0.597540498 0.004539402 0.999930143 0.010908321 -1.022375584 0.008398773 -0.010946172 0.999904871 32.664901733
0.999959648 -0.003407466 -0.008301730 0.562498212 0.003495954 0.999936938 0.010667912 -1.054622531 0.008264856 -0.010696504 0.999908566 33.199913025
0.999961734 -0.003616520 -0.007955136 0.555035472 0.003701190 0.999936342 0.010654632 -1.065160513 0.007916098 -0.010683669 0.999911606 33.765300751
0.999959528 -0.003498983 -0.008292401 0.567718506 0.003591010 0.999931812 0.011108974 -1.083645225 0.008252965 -0.011138301 0.999903858 34.320903778
0.999949038 -0.004836423 -0.008854479 0.559894443 0.004931808 0.999929726 0.010782487 -1.090810061 0.008801707 -0.010825605 0.999902666 34.841541290
0.999949396 -0.004281194 -0.009102231 0.570074797 0.004382804 0.999927938 0.011172661 -1.111656666 0.009053743 -0.011211987 0.999896109 35.366428375
0.999950230 -0.003692435 -0.009268565 0.563871920 0.003795972 0.999930322 0.011178097 -1.125617146 0.009226644 -0.011212724 0.999894559 35.919010162
0.999950528 -0.003278326 -0.009391127 0.583509088 0.003379715 0.999936044 0.010800794 -1.125360489 0.009355118 -0.010832000 0.999897599 36.486034393
0.999947131 -0.003863932 -0.009533511 0.589526653 0.003974329 0.999925017 0.011588197 -1.160470724 0.009488021 -0.011625473 0.999887407 36.994052887
0.999945223 -0.004413925 -0.009496769 0.586229146 0.004517459 0.999930263 0.010908268 -1.147421360 0.009447959 -0.010950570 0.999895453 37.554618835
0.999955595 -0.003188091 -0.008866139 0.589717865 0.003287027 0.999932230 0.011166821 -1.156577587 0.008829937 -0.011195469 0.999898374 38.108196259
0.999939680 -0.005325739 -0.009607724 0.569449425 0.005444707 0.999908268 0.012399105 -1.206442595 0.009540808 -0.012450670 0.999876976 38.527828217
0.999937713 -0.005158999 -0.009901144 0.574335814 0.005284730 0.999905229 0.012714741 -1.221292019 0.009834609 -0.012766274 0.999870181 39.029857635
0.999937534 -0.004877274 -0.010052272 0.607065141 0.005001236 0.999911368 0.012343695 -1.231085420 0.009991176 -0.012393201 0.999873281 39.605167389
0.999921381 -0.006428636 -0.010762593 0.619716704 0.006557151 0.999907196 0.011948542 -1.230648279 0.010684780 -0.012018175 0.999870777 40.170116425
0.999932945 -0.005488824 -0.010195510 0.601361156 0.005609305 0.999914348 0.011826379 -1.251021743 0.010129724 -0.011882775 0.999878049 40.705455780
0.999952674 -0.003238082 -0.009176617 0.610343456 0.003342212 0.999930024 0.011354742 -1.242074609 0.009139204 -0.011384875 0.999893486 41.246791840
0.999938667 -0.004203946 -0.010246117 0.631527543 0.004329714 0.999915183 0.012283637 -1.279423952 0.010193607 -0.012327247 0.999872029 41.830268860
0.999948263 -0.003373008 -0.009592929 0.630104363 0.003482832 0.999928296 0.011454811 -1.259755015 0.009553605 -0.011487630 0.999888420 42.371540070
0.999928534 -0.006034066 -0.010312637 0.609177113 0.006168098 0.999896288 0.013014953 -1.283371687 0.010233035 -0.013077635 0.999862134 42.835914612
0.999923289 -0.005983994 -0.010844190 0.610594988 0.006124786 0.999896765 0.012996830 -1.288797259 0.010765298 -0.013062252 0.999856710 43.371528625
0.999919415 -0.006243507 -0.011052341 0.616506577 0.006394593 0.999885917 0.013687898 -1.306257486 0.010965619 -0.013757472 0.999845207 43.912967682
0.999921441 -0.006080557 -0.010960387 0.631807566 0.006221151 0.999898136 0.012839350 -1.298387527 0.010881203 -0.012906528 0.999857485 44.473022461
0.999920130 -0.006521824 -0.010827274 0.639200687 0.006659080 0.999897301 0.012689622 -1.303247333 0.010743404 -0.012760709 0.999860823 44.965930939
0.999934077 -0.005103616 -0.010284170 0.629192472 0.005233089 0.999906838 0.012602273 -1.329922676 0.010218896 -0.012655262 0.999867678 45.476028442
0.999929309 -0.005512787 -0.010534841 0.643940449 0.005647377 0.999902248 0.012789045 -1.338520169 0.010463309 -0.012847637 0.999862671 46.028240204
0.999935687 -0.004246519 -0.010510890 0.633593321 0.004381897 0.999907255 0.012890484 -1.356750965 0.010455174 -0.012935716 0.999861658 46.574794769
0.999940991 -0.004379892 -0.009940300 0.609816551 0.004507624 0.999907076 0.012864143 -1.358433962 0.009883033 -0.012908193 0.999867857 47.087448120
0.999930859 -0.004765192 -0.010753918 0.669868052 0.004910362 0.999896586 0.013513518 -1.372098327 0.010688412 -0.013565389 0.999850810 47.640419006
0.999926150 -0.004958072 -0.011094231 0.695386052 0.005092801 0.999913156 0.012148866 -1.371917367 0.011033033 -0.012204470 0.999864578 48.256488800
0.999939382 -0.004342728 -0.010118578 0.643616974 0.004476593 0.999902368 0.013244840 -1.413986087 0.010060070 -0.013289336 0.999861062 48.661636353
0.999941230 -0.004508054 -0.009859779 0.650734782 0.004637335 0.999903083 0.013128672 -1.419502020 0.009799638 -0.013173624 0.999865234 49.216907501
0.999927640 -0.005717136 -0.010589734 0.661606550 0.005855330 0.999897480 0.013065192 -1.430191994 0.010513955 -0.013126253 0.999858499 49.772674561
0.999934971 -0.004925249 -0.010282431 0.669512928 0.005059287 0.999901950 0.013050637 -1.428320527 0.010217145 -0.013101810 0.999861896 50.354740143
0.999924958 -0.005178482 -0.011102270 0.692586303 0.005317453 0.999907374 0.012524679 -1.432013988 0.011036384 -0.012582773 0.999859869 50.876403809
0.999940872 -0.003308349 -0.010360465 0.666490197 0.003455152 0.999893427 0.014183755 -1.468376398 0.010312436 -0.014218716 0.999845684 51.270259857
0.999945819 -0.002667526 -0.010066762 0.672508836 0.002805157 0.999902368 0.013682490 -1.478972554 0.010029281 -0.013709988 0.999855638 51.811618805
0.999935210 -0.004063630 -0.010638561 0.708553195 0.004203680 0.999904335 0.013175197 -1.459356070 0.010584008 -0.013219062 0.999856591 52.342929840
0.999934673 -0.003993495 -0.010712261 0.685230851 0.004132837 0.999906719 0.013017286 -1.487499475 0.010659279 -0.013060706 0.999857843 52.851364136
0.999950111 -0.002769220 -0.009607353 0.652470291 0.002908065 0.999891043 0.014468150 -1.517943263 0.009566242 -0.014495366 0.999849141 53.298992157
0.999951780 -0.002571262 -0.009478899 0.651101649 0.002706547 0.999894261 0.014287123 -1.518434525 0.009441162 -0.014312090 0.999853015 53.845237732
0.999948204 -0.002717297 -0.009809662 0.665857971 0.002853484 0.999899387 0.013895774 -1.528988242 0.009770917 -0.013923046 0.999855340 54.405105591
0.999934971 -0.003982542 -0.010688222 0.709285200 0.004127382 0.999899447 0.013563702 -1.515491366 0.010633131 -0.013606935 0.999850869 54.949661255
0.999936938 -0.003360428 -0.010719355 0.707906008 0.003513559 0.999891579 0.014298872 -1.531986475 0.010670141 -0.014335635 0.999840319 55.471481323
0.999936283 -0.003333234 -0.010783628 0.758855581 0.003477497 0.999904275 0.013386976 -1.541724682 0.010737975 -0.013423623 0.999852240 56.034778595
0.999948740 -0.002598073 -0.009783470 0.674997270 0.002742198 0.999887526 0.014747015 -1.557138443 0.009744054 -0.014773089 0.999843419 56.300914764
0.999953508 -0.002160715 -0.009394199 0.680467308 0.002296384 0.999892831 0.014455101 -1.570198894 0.009361957 -0.014476003 0.999851406 56.865383148
0.999948382 -0.003193679 -0.009636604 0.700011313 0.003326056 0.999899924 0.013752282 -1.562569499 0.009591720 -0.013783624 0.999858975 57.429981232
0.999951780 -0.002150034 -0.009580814 0.699384391 0.002288429 0.999892890 0.014457582 -1.573557496 0.009548704 -0.014478809 0.999849617 58.004646301
0.999940097 -0.003645475 -0.010313830 0.694070339 0.003787731 0.999897480 0.013806965 -1.573393345 0.010262441 -0.013845204 0.999851584 58.445503235
0.999940574 -0.003630718 -0.010269683 0.711073220 0.003770868 0.999899566 0.013660658 -1.588415384 0.010219055 -0.013698572 0.999853969 58.973800659
0.999940276 -0.003837744 -0.010235850 0.709230006 0.003990447 0.999880433 0.014939943 -1.610975504 0.010177291 -0.014979899 0.999835968 59.378688812
0.999936402 -0.004046899 -0.010531105 0.726691961 0.004196440 0.999890089 0.014216842 -1.614469051 0.010472413 -0.014260130 0.999843538 59.944175720
0.999920368 -0.004596685 -0.011756524 0.793039560 0.004772376 0.999876678 0.014959898 -1.647611260 0.011686307 -0.015014812 0.999819040 60.424297333
0.999920487 -0.004450049 -0.011801773 0.799819171 0.004623935 0.999880552 0.014747762 -1.639940739 0.011734735 -0.014801160 0.999821603 60.956703186
0.999924839 -0.004746175 -0.011301596 0.764751554 0.004905651 0.999888241 0.014125244 -1.624826908 0.011233293 -0.014179626 0.999836326 61.499114990
0.999939382 -0.003538568 -0.010424071 0.741785109 0.003701104 0.999871254 0.015614496 -1.664631367 0.010367475 -0.015652131 0.999823749 61.896511078
0.999944389 -0.003098951 -0.010086651 0.741846383 0.003248222 0.999884963 0.014816340 -1.669832706 0.010039574 -0.014848280 0.999839365 62.444107056
0.999948859 -0.002755532 -0.009726018 0.728202760 0.002900361 0.999884665 0.014908389 -1.671566963 0.009683816 -0.014935836 0.999841571 62.995044708
0.999931753 -0.003189013 -0.011242490 0.799583554 0.003360066 0.999878407 0.015228958 -1.691906929 0.011192556 -0.015265694 0.999820828 63.522506714
0.999947309 -0.002946799 -0.009833422 0.715993941 0.003090380 0.999888301 0.014618324 -1.713334441 0.009789245 -0.014647943 0.999844790 64.090553284
0.999956727 -0.002628895 -0.008918123 0.719558120 0.002762120 0.999884307 0.014959402 -1.706143737 0.008877764 -0.014983389 0.999848366 64.609642029
0.999938607 -0.004439773 -0.010154564 0.741438329 0.004598206 0.999867260 0.015632492 -1.715293288 0.010083810 -0.015678223 0.999826252 64.914916992
0.999937952 -0.004655254 -0.010124977 0.740843713 0.004805840 0.999877453 0.014899638 -1.719565272 0.010054372 -0.014947372 0.999837697 65.464530945
0.999939501 -0.003466011 -0.010442754 0.746361136 0.003626853 0.999874532 0.015422896 -1.734690189 0.010387988 -0.015459839 0.999826550 66.004028320
0.999943733 -0.004449551 -0.009623180 0.729325950 0.004598707 0.999868810 0.015533578 -1.749195337 0.009552800 -0.015576958 0.999832988 66.504821777
0.999940038 -0.004011700 -0.010189578 0.753400147 0.004173277 0.999865115 0.015885474 -1.762405515 0.010124476 -0.015927045 0.999821901 66.947509766
0.999945998 -0.003098855 -0.009917342 0.739851475 0.003253137 0.999873340 0.015578628 -1.770859480 0.009867809 -0.015610049 0.999829412 67.501083374
0.999950588 -0.002425923 -0.009639503 0.765895784 0.002571591 0.999882221 0.015127911 -1.780040145 0.009601667 -0.015151952 0.999839127 67.992050171
0.999939501 -0.003817330 -0.010315420 0.783383250 0.003973796 0.999876738 0.015190475 -1.781337619 0.010256161 -0.015230548 0.999831378 68.535987854
0.999942005 -0.003888146 -0.010040771 0.775252044 0.004049151 0.999862731 0.016064892 -1.795891762 0.009976933 -0.016104618 0.999820471 68.967201233
0.999940157 -0.003092173 -0.010492314 0.794554949 0.003254591 0.999874532 0.015498213 -1.807592034 0.010443076 -0.015531436 0.999824822 69.510658264
0.999947309 -0.003228416 -0.009741424 0.777525485 0.003381128 0.999870896 0.015700942 -1.811760306 0.009689474 -0.015733050 0.999829292 70.064926147
0.999935329 -0.004956496 -0.010233040 0.762143254 0.005109343 0.999874890 0.014964949 -1.828012586 0.010157585 -0.015016270 0.999835610 70.672431946
0.999943137 -0.003599476 -0.010040152 0.799218118 0.003762012 0.999861360 0.016216902 -1.833342910 0.009980388 -0.016253749 0.999818087 70.946853638
0.999945283 -0.003373408 -0.009904824 0.803734243 0.003529013 0.999869943 0.015734890 -1.831181645 0.009850456 -0.015768982 0.999827147 71.506439209
0.999946415 -0.002855997 -0.009940589 0.811383963 0.003009625 0.999875724 0.015474113 -1.841093302 0.009895158 -0.015503201 0.999830902 72.066001892
0.999941230 -0.003686786 -0.010195105 0.823706448 0.003842382 0.999875844 0.015284679 -1.850264549 0.010137486 -0.015322954 0.999831259 72.600975037
0.999939740 -0.004000867 -0.010224668 0.821660995 0.004165424 0.999861240 0.016123708 -1.851935506 0.010158742 -0.016165324 0.999817729 72.942634583
0.999931872 -0.004366446 -0.010829927 0.823133349 0.004538609 0.999862850 0.015923565 -1.858353019 0.010758914 -0.015971631 0.999814510 73.463073730
0.999937534 -0.004877453 -0.010057924 0.818242133 0.005035614 0.999863088 0.015760021 -1.851095438 0.009979680 -0.015809683 0.999825239 73.976516724
0.999953091 -0.003755210 -0.008925050 0.800277829 0.003888092 0.999881089 0.014918294 -1.848453283 0.008867968 -0.014952294 0.999848843 74.562019348
0.999937892 -0.004167694 -0.010337854 0.828175008 0.004333111 0.999862134 0.016030578 -1.879653931 0.010269619 -0.016074378 0.999818087 74.968772888
0.999929011 -0.004525529 -0.011024771 0.836738348 0.004707728 0.999851942 0.016556880 -1.883713245 0.010948211 -0.016607605 0.999802172 75.530181885
0.999937892 -0.004012035 -0.010399120 0.807235420 0.004170761 0.999874473 0.015286896 -1.876932740 0.010336483 -0.015329317 0.999829113 76.125473022
0.999930203 -0.005019316 -0.010699712 0.830032051 0.005183353 0.999868631 0.015358760 -1.865337849 0.010621217 -0.015413149 0.999824822 76.618156433
0.999947011 -0.003641123 -0.009620927 0.807860911 0.003789446 0.999873579 0.015443740 -1.874451041 0.009563476 -0.015479381 0.999834478 76.964836121
0.999944925 -0.004335133 -0.009549424 0.819531500 0.004477208 0.999878824 0.014907062 -1.874379277 0.009483644 -0.014948997 0.999843299 77.530235291
0.999953568 -0.004063600 -0.008735279 0.818658292 0.004188491 0.999888659 0.014326968 -1.879118204 0.008676086 -0.014362891 0.999859154 78.098045349
0.999972343 -0.003462499 -0.006583362 0.812281370 0.003559591 0.999884248 0.014793938 -1.886057138 0.006531376 -0.014816961 0.999868870 78.513908386
0.999978900 -0.003794614 -0.005282244 0.812308133 0.003872462 0.999882877 0.014806312 -1.891933441 0.005225440 -0.014826455 0.999876440 79.070228577
0.999981582 -0.003592675 -0.004873983 0.836205661 0.003666886 0.999876201 0.015303658 -1.900003314 0.004818398 -0.015321250 0.999870956 79.601348877
0.999990046 -0.004063643 -0.001895850 0.847842097 0.004091354 0.999881327 0.014848771 -1.899163961 0.001835285 -0.014856378 0.999887884 80.044647217
0.999993026 -0.003196848 0.001916264 0.861821294 0.003167836 0.999883056 0.014956588 -1.898846984 -0.001963853 -0.014950411 0.999886215 80.582611084
0.999979079 -0.003926449 0.005138299 0.881924391 0.003850178 0.999883413 0.014770359 -1.897190332 -0.005195696 -0.014750266 0.999877751 81.108985901
0.999946594 -0.004004459 0.009526039 0.898848534 0.003884931 0.999913871 0.012533193 -1.833743811 -0.009575407 -0.012495517 0.999876082 81.626785278
0.999881983 -0.002780739 0.015109292 0.934241116 0.002558510 0.999888599 0.014707569 -1.912358761 -0.015148506 -0.014667175 0.999777675 82.114089966
0.999771774 -0.004191635 0.020946613 0.908784986 0.003864094 0.999870002 0.015653076 -1.954784632 -0.021009499 -0.015568564 0.999658048 82.546211243
0.999626696 -0.003510215 0.027095091 0.944451928 0.003077763 0.999867499 0.015985785 -1.971707702 -0.027147613 -0.015896425 0.999505043 83.052185059
0.999374926 -0.003972523 0.035126582 0.958513141 0.003423376 0.999871075 0.015679751 -1.956372857 -0.035184339 -0.015549697 0.999259889 83.637191772
0.999059439 -0.004149330 0.043163449 1.022256374 0.003468369 0.999868512 0.015839297 -1.976120591 -0.043223493 -0.015674692 0.998942435 84.121002197
0.998747230 -0.004961564 0.049794268 1.087761164 0.004176857 0.999865592 0.015850671 -1.985782385 -0.049866218 -0.015622828 0.998633683 84.638137817
0.998263717 -0.004259863 0.058749124 1.164268494 0.003284152 0.999855220 0.016694663 -2.021178722 -0.058811732 -0.016472733 0.998133183 85.101158142
0.997630477 -0.005191515 0.068604015 1.197260857 0.004101649 0.999863267 0.016017660 -1.991566062 -0.068677798 -0.015698317 0.997515380 85.531478882
0.996964216 -0.005188186 0.077688247 1.253606319 0.003993322 0.999871433 0.015527710 -1.990264893 -0.077758819 -0.015170338 0.996856809 86.087669373
0.996306598 -0.005370968 0.085699476 1.304336071 0.004092546 0.999877810 0.015086233 -1.991358280 -0.085770048 -0.014679785 0.996206760 86.681198120
0.995294392 -0.005580529 0.096736297 1.385380745 0.004148432 0.999878824 0.014998945 -2.000816345 -0.096808299 -0.014527063 0.995197058 87.259101868
0.994196534 -0.003582916 0.107518405 1.441429138 0.001924315 0.999877572 0.015525996 -2.016033173 -0.107560873 -0.015228992 0.994081914 87.701004028
0.993224442 -0.005345940 0.116089046 1.539441109 0.003526145 0.999867737 0.015875570 -2.006031990 -0.116158545 -0.015358655 0.993111908 88.214141846
0.991862655 -0.005202225 0.127206638 1.631589890 0.003202557 0.999868155 0.015919317 -2.009935856 -0.127272651 -0.015382389 0.991748393 88.758338928
0.990116715 -0.004073808 0.140186921 1.713959694 0.001800727 0.999864817 0.016337670 -2.020641327 -0.140234545 -0.015923761 0.989990294 89.311439514
0.988573611 -0.004731142 0.150664642 1.825777054 0.002396369 0.999874234 0.015674286 -2.025608301 -0.150719836 -0.015134137 0.988460600 89.838806152
0.987074971 -0.004661360 0.160191953 1.927059174 0.002150130 0.999872148 0.015846143 -2.038962603 -0.160245329 -0.015296898 0.986958623 90.370025635
0.985060751 -0.006636009 0.172079682 2.018492699 0.004012990 0.999870360 0.015586450 -2.032195807 -0.172160804 -0.014663043 0.984959722 90.895957947
0.982892156 -0.007024020 0.184048146 2.158752441 0.004216067 0.999868691 0.015643509 -2.019036055 -0.184133857 -0.014599925 0.982792675 91.388404846
0.980948269 -0.007549122 0.194122434 2.292676926 0.004747873 0.999877810 0.014891540 -2.021969557 -0.194211125 -0.013686163 0.980864227 91.912567139
0.978064060 -0.006779712 0.208193883 2.421567917 0.003610633 0.999871850 0.015598017 -2.030541420 -0.208272949 -0.014504150 0.977963269 92.460937500
0.974951684 -0.006743059 0.222314596 2.556491852 0.003323563 0.999870479 0.015751878 -2.036440134 -0.222392023 -0.014618444 0.974847734 92.959854126
0.972298563 -0.006111372 0.233662352 2.711376190 0.002457378 0.999870062 0.015925854 -2.055565834 -0.233729303 -0.014910492 0.972187340 93.512222290
0.969315886 -0.007503046 0.245703965 2.851476669 0.003774084 0.999870360 0.015644014 -2.024911880 -0.245789528 -0.014236681 0.969218671 93.987846375
0.965741754 -0.008347294 0.259370923 3.012557983 0.004337288 0.999862015 0.016028952 -2.033658981 -0.259468973 -0.014354861 0.965644717 94.496658325
0.962167144 -0.007338043 0.272361100 3.189271927 0.003231380 0.999874234 0.015523483 -2.036784887 -0.272440702 -0.014056085 0.962069869 95.042526245
0.959092915 -0.008859076 0.282953113 3.380117416 0.004234302 0.999847293 0.016952045 -2.069186449 -0.283060104 -0.015060479 0.958983958 95.520858765
0.954693258 -0.009094249 0.297452569 3.572071075 0.004281941 0.999849200 0.016826006 -2.070806026 -0.297560722 -0.014790002 0.954588354 96.164146423
0.950227439 -0.008464632 0.311442107 3.747091293 0.003522270 0.999858797 0.016428346 -2.056520939 -0.311537206 -0.014513685 0.950123131 96.582412720
0.946505964 -0.008843658 0.322565168 3.961467743 0.003794723 0.999860287 0.016277939 -2.058569670 -0.322664082 -0.014183123 0.946407378 97.108474731
0.941922367 -0.008692300 0.335718334 4.155868530 0.003206846 0.999852240 0.016890394 -2.074534178 -0.335815519 -0.014832843 0.941811025 97.616210938
0.936910152 -0.008321099 0.349471003 4.376842499 0.002565586 0.999853373 0.016928881 -2.081956387 -0.349560678 -0.014964243 0.936794281 98.144775391
0.932239413 -0.010169790 0.361699253 4.589296341 0.004068888 0.999836385 0.017624998 -2.107221127 -0.361819357 -0.014959003 0.932128251 98.680755615
0.927824914 -0.009781119 0.372887641 4.837368011 0.003669816 0.999847114 0.017095439 -2.102168560 -0.372997880 -0.014493145 0.927719057 99.168655396
0.921618223 -0.009644514 0.387977660 5.014739990 0.003149079 0.999844074 0.017374098 -2.087084055 -0.388084769 -0.014790510 0.921504974 99.582000732
0.915920615 -0.008758783 0.401263922 5.255184174 0.002010546 0.999849319 0.017235454 -2.097464085 -0.401354492 -0.014979542 0.915800333 100.077949524
0.911327183 -0.010284252 0.411554366 5.503837585 0.003632634 0.999849796 0.016941121 -2.097273350 -0.411666781 -0.013943876 0.911227703 100.573257446
0.905878901 -0.010367124 0.423409939 5.763584137 0.003480565 0.999848843 0.017034523 -2.101814270 -0.423522592 -0.013957511 0.905777991 101.071777344
0.898901284 -0.010523112 0.438024789 6.014492035 0.003514832 0.999852538 0.016807441 -2.105054140 -0.438137084 -0.013568645 0.898805737 101.565063477
0.893473148 -0.012154936 0.448952168 6.251216888 0.004785407 0.999834597 0.017545952 -2.119349957 -0.449091136 -0.013528417 0.893383503 102.002922058
0.887703717 -0.012752970 0.460238665 6.521846771 0.005005972 0.999824584 0.018049138 -2.126375198 -0.460388064 -0.013718342 0.887611747 102.479660034
0.880482316 -0.012296900 0.473919541 6.802871704 0.004406673 0.999832571 0.017755851 -2.127783298 -0.474058598 -0.013545300 0.880389154 102.971580505
0.873208523 -0.012157434 0.487195134 7.099113464 0.004128064 0.999837399 0.017551072 -2.126730442 -0.487329334 -0.013314573 0.873116732 103.460411072
