1.000000000 0.000000000 0.000000000 0.000000000 0.000000000 1.000000000 0.000000000 0.000000000 0.000000000 0.000000000 1.000000000 0.000000000
1.000000000 -0.000028455 0.000055662 -0.000136056 0.000028455 1.000000000 0.000011166 0.000558176 -0.000055662 -0.000011164 1.000000000 0.001110889
1.000000000 -0.000024798 0.000131899 -0.000559147 0.000024772 1.000000000 0.000193353 -0.000384092 -0.000131903 -0.000193350 1.000000000 0.000064251
1.000000000 -0.000067480 -0.000079624 0.000903660 0.000067490 1.000000000 0.000131988 -0.000530441 0.000079615 -0.000131993 1.000000000 -0.000393887
1.000000000 -0.000058686 0.000033045 0.000335477 0.000058684 1.000000000 0.000066876 -0.000641887 -0.000033049 -0.000066874 1.000000000 -0.000264370
1.000000000 -0.000055606 0.000070562 -0.000219488 0.000055599 1.000000000 0.000095052 -0.000471967 -0.000070567 -0.000095048 1.000000000 -0.000796018
1.000000000 -0.000168080 0.000130189 -0.000687307 0.000168090 1.000000000 -0.000079504 0.000724708 -0.000130176 0.000079526 1.000000000 0.001246983
1.000000000 -0.000152267 0.000108468 -0.000038026 0.000152262 1.000000000 0.000047237 0.000135419 -0.000108476 -0.000047220 1.000000000 0.001170229
1.000000000 -0.000109688 0.000130514 -0.000239216 0.000109682 1.000000000 0.000049108 0.000735946 -0.000130519 -0.000049094 1.000000000 0.001501795
1.000000000 0.000091372 0.000187435 -0.000511173 -0.000091374 1.000000000 0.000006915 -0.000334240 -0.000187434 -0.000006932 1.000000000 -0.000506963
1.000000000 -0.000050384 0.000104742 0.000505917 0.000050382 1.000000000 0.000022352 0.000485295 -0.000104743 -0.000022346 1.000000000 0.001545659
1.000000000 0.000037545 0.000021374 0.000561133 -0.000037546 1.000000000 0.000067196 -0.000062487 -0.000021371 -0.000067197 1.000000000 0.000433260
1.000000000 -0.000075101 0.000129521 0.000207584 0.000075097 1.000000000 0.000032836 0.000722290 -0.000129524 -0.000032826 1.000000000 0.001636701
1.000000000 0.000002758 0.000125647 -0.000841067 -0.000002761 1.000000000 0.000026896 0.000761189 -0.000125647 -0.000026897 1.000000000 -0.000184519
1.000000000 0.000110854 0.000200427 -0.000695997 -0.000110861 1.000000000 0.000033448 0.000430385 -0.000200423 -0.000033470 1.000000000 0.000971227
1.000000000 -0.000067764 0.000111767 0.000188759 0.000067746 1.000000000 0.000158044 0.000241686 -0.000111778 -0.000158036 1.000000000 0.000595173
1.000000000 -0.000207732 0.000080041 -0.000399168 0.000207723 1.000000000 0.000109736 0.000128339 -0.000080064 -0.000109719 1.000000000 -0.000485617
1.000000000 -0.000070505 0.000167350 -0.000277504 0.000070480 1.000000000 0.000146812 0.000028414 -0.000167360 -0.000146801 1.000000000 0.001609484
0.999999464 0.000954975 0.000035395 -0.002517692 -0.000954987 0.999999464 0.000340860 -0.001038965 -0.000035070 -0.000340894 0.999999881 0.000884025
0.999999285 0.001156112 -0.000162084 -0.001846478 -0.001156044 0.999999225 0.000422738 -0.000980892 0.000162572 -0.000422550 0.999999940 0.000377179
0.999999464 0.000941647 -0.000139441 -0.001747300 -0.000941584 0.999999404 0.000450272 -0.001354684 0.000139865 -0.000450140 0.999999821 0.001028183
0.999999464 0.000988381 -0.000107201 -0.001986604 -0.000988353 0.999999404 0.000262211 -0.000268012 0.000107461 -0.000262105 1.000000000 0.001752203
0.999999642 0.000821728 -0.000071501 -0.001637066 -0.000821705 0.999999583 0.000325603 -0.000716002 0.000071768 -0.000325545 0.999999940 0.000220362
0.999999523 0.000932222 -0.000103386 -0.001352307 -0.000932195 0.999999464 0.000262878 -0.000238420 0.000103631 -0.000262782 1.000000000 0.001085578
0.999999464 0.001041080 -0.000058066 -0.001986319 -0.001041072 0.999999464 0.000135458 0.000416397 0.000058207 -0.000135397 1.000000000 0.001043427
0.999999702 0.000728446 -0.000142996 -0.000728159 -0.000728398 0.999999702 0.000335399 -0.000768817 0.000143241 -0.000335295 0.999999940 0.001100792
0.999999642 0.000759904 -0.000164638 -0.001383885 -0.000759871 0.999999702 0.000201867 -0.000686127 0.000164791 -0.000201742 0.999999940 -0.001137057
0.999999642 0.000848597 -0.000093093 -0.001787584 -0.000848565 0.999999583 0.000342526 -0.000444362 0.000093384 -0.000342447 0.999999940 0.002420359
0.999999225 0.001182364 -0.000000581 -0.002852057 -0.001182363 0.999999166 0.000493879 -0.001264985 0.000001165 -0.000493878 0.999999881 0.001908388
0.999999464 0.000993375 -0.000025280 -0.002706240 -0.000993367 0.999999404 0.000329270 -0.000447205 0.000025607 -0.000329244 0.999999940 0.001228704
1.000000000 -0.000082146 0.000146226 -0.000621317 0.000082132 1.000000000 0.000095008 0.000217561 -0.000146234 -0.000094995 1.000000000 0.001210971
0.999999344 0.001061597 -0.000134508 -0.002314076 -0.001061550 0.999999344 0.000354439 -0.000798876 0.000134885 -0.000354296 0.999999940 0.000987410
0.999999464 0.001012316 -0.000111525 -0.002288506 -0.001012278 0.999999404 0.000344384 -0.000344359 0.000111874 -0.000344271 0.999999940 0.001321084
0.999999344 0.001095030 0.000061466 -0.002725981 -0.001095049 0.999999344 0.000310985 -0.001031828 -0.000061125 -0.000311053 0.999999940 0.000850278
0.999999464 0.000977929 -0.000157696 -0.001362993 -0.000977888 0.999999464 0.000264699 -0.000285972 0.000157955 -0.000264545 0.999999940 0.001215942
0.999999344 0.001080131 -0.000197086 -0.001433890 -0.001080099 0.999999404 0.000162712 0.000758188 0.000197261 -0.000162499 0.999999940 0.002014155
1.000000000 -0.000071088 0.000136392 -0.000202782 0.000071083 1.000000000 0.000040163 0.000832449 -0.000136395 -0.000040154 1.000000000 0.000742831
0.999999404 0.001007582 -0.000153495 -0.002195290 -0.001007534 0.999999404 0.000313183 -0.000277657 0.000153810 -0.000313029 0.999999940 0.001709300
0.999999404 0.001034136 -0.000004746 -0.002777870 -0.001034134 0.999999404 0.000324214 -0.000601746 0.000005082 -0.000324209 0.999999881 0.001607418
0.999999583 0.000867223 -0.000068752 -0.001795431 -0.000867210 0.999999583 0.000197408 0.000202708 0.000068923 -0.000197348 1.000000000 0.001579864
0.999999523 0.000868444 0.000070926 -0.002888572 -0.000868449 0.999999642 0.000068306 0.000633807 -0.000070866 -0.000068368 1.000000000 0.002922007
1.000000000 0.000067094 0.000212266 0.000828466 -0.000066989 0.999999881 -0.000494955 -0.002233764 -0.000212299 0.000494941 0.999999881 0.050879154
0.999999464 0.001015998 -0.000120107 -0.001001754 -0.001016137 0.999998808 -0.001169238 -0.003531432 0.000118919 0.001169359 0.999999285 0.137034833
0.999999106 0.001281744 -0.000198839 0.000994430 -0.001282038 0.999998093 -0.001485751 -0.005843054 0.000196934 0.001486005 0.999998868 0.251926243
0.999999762 0.000360713 -0.000569408 0.007168243 -0.000361459 0.999999106 -0.001309308 -0.012604007 0.000568935 0.001309514 0.999998927 0.378322959
0.999999583 0.000825698 0.000046396 0.005372969 -0.000825636 0.999998808 -0.001325686 -0.016062470 -0.000047491 0.001325647 0.999999046 0.519204557
0.999998987 0.001418295 -0.000000756 0.007733761 -0.001418294 0.999998033 -0.001398738 -0.019289330 -0.000001228 0.001398737 0.999998927 0.671218216
0.999999344 0.001151297 0.000097615 0.012699575 -0.001151172 0.999998510 -0.001272679 -0.022201603 -0.000099080 0.001272566 0.999999106 0.833154738
0.999999404 0.001098317 -0.000127518 0.015463554 -0.001098447 0.999998868 -0.001026548 -0.028435316 0.000126391 0.001026687 0.999999404 0.989452600
0.999999404 0.001115174 0.000070250 0.017465815 -0.001115098 0.999998808 -0.001069519 -0.032418463 -0.000071442 0.001069441 0.999999464 1.167143226
0.999999404 0.001148142 0.000142903 0.022246217 -0.001148009 0.999998927 -0.000927698 -0.037375979 -0.000143968 0.000927533 0.999999583 1.355898023
0.999998629 0.001599853 0.000419920 0.022489946 -0.001599499 0.999998391 -0.000841590 -0.044005215 -0.000421266 0.000840917 0.999999583 1.537975550
0.999999523 0.000991297 0.000109943 0.029846489 -0.000991238 0.999999344 -0.000534957 -0.050003715 -0.000110474 0.000534848 0.999999881 1.734011173
0.999999464 0.000953245 -0.000334641 0.036790911 -0.000953222 0.999999523 0.000068688 -0.058315080 0.000334706 -0.000068369 0.999999940 1.930937767
0.999999702 0.000764349 -0.000227494 0.042420316 -0.000764290 0.999999702 0.000259976 -0.067520402 0.000227692 -0.000259802 0.999999940 2.131850958
0.999999285 0.001122648 0.000180479 0.041707918 -0.001122639 0.999999285 -0.000050616 -0.067222953 -0.000180535 0.000050413 0.999999940 2.365128040
0.999999702 0.000616791 0.000336765 0.045907434 -0.000616805 0.999999702 0.000043475 -0.078742541 -0.000336738 -0.000043682 0.999999940 2.580493927
0.999998629 0.001554904 0.000431332 0.048498400 -0.001554906 0.999998748 0.000006185 -0.082098618 -0.000431322 -0.000006856 0.999999881 2.805515289
0.999998510 0.001669790 0.000386137 0.048306458 -0.001669837 0.999998569 0.000120965 -0.090853065 -0.000385935 -0.000121609 0.999999940 3.040690422
0.999999166 0.001118225 0.000555793 0.056276392 -0.001118053 0.999999285 -0.000309165 -0.094563589 -0.000556139 0.000308543 0.999999881 3.285981655
0.999999285 0.001124631 0.000362975 0.062240228 -0.001124493 0.999999285 -0.000380341 -0.099542953 -0.000363402 0.000379932 0.999999821 3.534854174
0.999998927 0.001410708 0.000414240 0.063524283 -0.001410640 0.999998987 -0.000164290 -0.106767438 -0.000414471 0.000163706 0.999999821 3.792139530
0.999998987 0.001373857 0.000435644 0.068225093 -0.001373785 0.999999046 -0.000163697 -0.111367822 -0.000435869 0.000163099 0.999999881 4.059936523
0.999998808 0.001545065 0.000104810 0.075265668 -0.001545097 0.999998748 0.000312686 -0.120024212 -0.000104326 -0.000312848 0.999999881 4.313579559
0.999998987 0.001266995 0.000592090 0.078835130 -0.001267348 0.999998927 0.000596442 -0.135037124 -0.000591334 -0.000597192 0.999999642 4.557847500
0.999999583 0.000864028 0.000239613 0.097845130 -0.000864130 0.999999523 0.000423008 -0.141058102 -0.000239247 -0.000423215 0.999999881 4.814048767
0.999998629 0.001553357 0.000389071 0.088502347 -0.001553274 0.999998689 -0.000214234 -0.136907548 -0.000389403 0.000213629 0.999999881 5.091306210
0.999999106 0.001196449 0.000313880 0.095395558 -0.001196381 0.999999166 -0.000215670 -0.146860942 -0.000314137 0.000215294 0.999999821 5.356539249
0.999998331 0.001747277 0.000526799 0.097199224 -0.001746952 0.999998271 -0.000617153 -0.149754152 -0.000527877 0.000616232 0.999999702 5.626291752
0.999999523 0.000969931 0.000085391 0.118539669 -0.000969927 0.999999523 -0.000042098 -0.160882279 -0.000085432 0.000042015 1.000000000 5.893577576
0.999999762 0.000661912 0.000096936 0.116242692 -0.000661960 0.999999583 0.000492990 -0.173737273 -0.000096609 -0.000493054 0.999999821 6.164587021
0.999999583 0.000959599 0.000158681 0.121379122 -0.000959735 0.999999166 0.000864132 -0.182385847 -0.000157852 -0.000864284 0.999999642 6.441820621
0.999999583 0.000879348 0.000262027 0.125846714 -0.000879474 0.999999523 0.000481198 -0.191878006 -0.000261604 -0.000481429 0.999999881 6.732722759
0.999999523 0.000889506 0.000329277 0.129428014 -0.000889448 0.999999583 -0.000175291 -0.187399223 -0.000329432 0.000174998 0.999999940 7.044035912
0.999999344 0.001102301 0.000103669 0.137070775 -0.001102309 0.999999404 0.000081367 -0.196532279 -0.000103580 -0.000081481 1.000000000 7.344443798
0.999999702 0.000653984 0.000318820 0.141664341 -0.000654123 0.999999702 0.000436194 -0.208247453 -0.000318534 -0.000436402 0.999999881 7.661240101
0.999999046 0.001285523 0.000479459 0.145971894 -0.001285632 0.999999106 0.000227074 -0.213551834 -0.000479166 -0.000227690 0.999999881 7.978330135
0.999998748 0.001459339 0.000567364 0.148905292 -0.001459627 0.999998748 0.000508662 -0.224283665 -0.000566621 -0.000509489 0.999999762 8.298395157
0.999999166 0.001118794 0.000616884 0.154916555 -0.001118988 0.999999344 0.000314328 -0.240741491 -0.000616532 -0.000315018 0.999999762 8.600510597
0.999999762 0.000255940 0.000488077 0.161769748 -0.000256073 0.999999881 0.000273772 -0.249105081 -0.000488007 -0.000273897 0.999999821 8.936422348
0.999999106 0.000854713 0.001008345 0.169966340 -0.000855667 0.999999166 0.000946475 -0.267621785 -0.001007536 -0.000947337 0.999999046 9.264768600
0.999999344 0.000638376 0.000953724 0.172037169 -0.000639230 0.999999404 0.000895874 -0.273682624 -0.000953152 -0.000896483 0.999999106 9.632128716
0.999998271 0.001325484 0.001257277 0.167932585 -0.001326088 0.999999046 0.000480279 -0.282435536 -0.001256639 -0.000481945 0.999999106 9.962113380
0.999999523 0.000875051 0.000466640 0.193027705 -0.000875296 0.999999464 0.000526412 -0.290365219 -0.000466180 -0.000526820 0.999999702 10.303478241
0.999999285 0.001068517 0.000379786 0.202277645 -0.001068803 0.999999166 0.000755304 -0.300694108 -0.000378979 -0.000755709 0.999999642 10.660292625
0.999998510 0.001562224 0.000657072 0.204428390 -0.001562272 0.999998808 0.000072985 -0.304097265 -0.000656957 -0.000074011 0.999999762 11.032669067
0.999998808 0.001235470 0.000920815 0.211309433 -0.001235946 0.999999106 0.000516742 -0.317333728 -0.000920175 -0.000517879 0.999999464 11.408441544
0.999999523 0.000736971 0.000691933 0.225428134 -0.000737404 0.999999523 0.000624486 -0.327636868 -0.000691473 -0.000624996 0.999999642 11.786693573
0.999999523 0.000820279 0.000360637 0.236686751 -0.000820567 0.999999344 0.000799122 -0.344529748 -0.000359982 -0.000799417 0.999999642 12.167009354
0.999999642 0.000432508 0.000680960 0.242957354 -0.000432822 0.999999881 0.000462059 -0.350425750 -0.000680760 -0.000462353 0.999999762 12.554838181
0.999999642 0.000600409 0.000482783 0.254507244 -0.000600990 0.999999106 0.001204356 -0.367470950 -0.000482059 -0.001204645 0.999999225 12.944869995
0.999999464 0.000908454 0.000481832 0.260640055 -0.000908802 0.999999344 0.000723509 -0.373880684 -0.000481174 -0.000723947 0.999999642 13.347810745
0.999999523 0.000820925 0.000514860 0.269867271 -0.000821347 0.999999344 0.000819685 -0.386276275 -0.000514187 -0.000820107 0.999999583 13.759552956
0.999999464 0.000695323 0.000802609 0.276414901 -0.000695989 0.999999404 0.000830151 -0.394178569 -0.000802031 -0.000830709 0.999999344 14.169350624
0.999999464 0.000840482 0.000655090 0.287955344 -0.000840829 0.999999464 0.000530023 -0.405434787 -0.000654644 -0.000530574 0.999999642 14.593595505
0.999999285 0.000589077 0.000992947 0.298985660 -0.000589511 0.999999642 0.000436494 -0.410545945 -0.000992690 -0.000437079 0.999999404 15.014472961
0.999998510 0.001136816 0.001408205 0.307275057 -0.001137078 0.999999344 0.000184750 -0.420374513 -0.001407994 -0.000186351 0.999998987 15.456916809
0.999998152 0.001130577 0.001564599 0.318218440 -0.001130295 0.999999344 -0.000181332 -0.430990189 -0.001564803 0.000179563 0.999998689 15.899505615
0.999997973 0.000416627 0.001981593 0.327434182 -0.000417092 0.999999881 0.000234289 -0.446264565 -0.001981495 -0.000235115 0.999998033 16.317804337
0.999997497 0.000577503 0.002198750 0.328312367 -0.000577126 0.999999821 -0.000172130 -0.456871748 -0.002198849 0.000170861 0.999997616 16.779546738
0.999995291 0.000834068 0.002926075 0.343119681 -0.000835003 0.999999523 0.000318230 -0.468558937 -0.002925808 -0.000320671 0.999995649 17.216573715
0.999994814 0.001148950 0.003003390 0.353189856 -0.001150431 0.999999166 0.000491256 -0.480712473 -0.003002823 -0.000494709 0.999995351 17.683662415
0.999993384 0.001264842 0.003417908 0.359352469 -0.001265220 0.999999166 0.000108360 -0.495466739 -0.003417769 -0.000112683 0.999994159 18.159368515
0.999993861 0.000905313 0.003399257 0.373886049 -0.000907130 0.999999404 0.000533202 -0.510296702 -0.003398773 -0.000536282 0.999994040 18.627277374
0.999993205 0.001141280 0.003503934 0.384184957 -0.001142723 0.999999285 0.000409729 -0.526991069 -0.003503463 -0.000413730 0.999993801 19.083036423
0.999991894 0.001038013 0.003892557 0.395231605 -0.001037121 0.999999464 -0.000231236 -0.536348403 -0.003892794 0.000227196 0.999992430 19.558025360
0.999993980 0.001382127 0.003164294 0.413450718 -0.001382619 0.999999046 0.000153329 -0.551637709 -0.003164079 -0.000157703 0.999994993 20.053573608
0.999993682 0.001125625 0.003379575 0.425023764 -0.001126818 0.999999225 0.000351017 -0.564949036 -0.003379177 -0.000354823 0.999994218 20.528615952
0.999995232 0.001166157 0.002888624 0.433799952 -0.001165099 0.999999225 -0.000367855 -0.566513598 -0.002889051 0.000364488 0.999995768 21.052049637
0.999995351 0.001240814 0.002795612 0.445596009 -0.001241724 0.999999166 0.000323904 -0.590447426 -0.002795208 -0.000327374 0.999996006 21.536647797
0.999997973 0.001052250 0.001765818 0.463530034 -0.001053045 0.999999344 0.000449409 -0.607235193 -0.001765344 -0.000451267 0.999998391 22.038616180
0.999996603 0.001533602 0.002087376 0.465096325 -0.001534855 0.999998629 0.000598504 -0.620468616 -0.002086455 -0.000601706 0.999997616 22.538358688
0.999998212 0.001532677 0.001087669 0.479594916 -0.001533589 0.999998510 0.000837351 -0.639868438 -0.001086384 -0.000839018 0.999999046 23.054758072
0.999998331 0.001580202 0.000896726 0.484407306 -0.001580438 0.999998689 0.000262322 -0.648986399 -0.000896310 -0.000263739 0.999999583 23.575899124
0.999999881 0.000354472 0.000253570 0.496244252 -0.000354444 1.000000000 -0.000108894 -0.661880374 -0.000253609 0.000108804 0.999999940 24.101121902
0.999999225 0.001038053 -0.000600380 0.508234799 -0.001037395 0.999998689 0.001096529 -0.683523655 0.000601517 -0.001095905 0.999999285 24.618597031
0.999996424 0.002610743 -0.000582136 0.507985830 -0.002610317 0.999996305 0.000731453 -0.695707738 0.000584044 -0.000729930 0.999999583 25.148710251
0.999996781 0.002342032 -0.000978880 0.514992952 -0.002341516 0.999997139 0.000528139 -0.710026503 0.000980114 -0.000525846 0.999999404 25.691366196
0.999995828 0.002220433 -0.001818669 0.527467608 -0.002219995 0.999997497 0.000242860 -0.720834076 0.001819204 -0.000238821 0.999998331 26.248340607
0.999996126 0.001388869 -0.002403463 0.537980795 -0.001387780 0.999998927 0.000455037 -0.728028238 0.002404093 -0.000451700 0.999997020 26.797607422
0.999995768 0.001357759 -0.002575798 0.544083297 -0.001356813 0.999999046 0.000368854 -0.740977705 0.002576296 -0.000365358 0.999996662 27.349252701
0.999991596 0.001153948 -0.003910327 0.561346829 -0.001154053 0.999999344 -0.000024834 -0.759468853 0.003910296 0.000029347 0.999992371 27.897949219
0.999990642 0.002186598 -0.003739394 0.561585665 -0.002184170 0.999997377 0.000653316 -0.776057124 0.003740813 -0.000645142 0.999992788 28.431581497
0.999992013 0.001597427 -0.003677383 0.566090047 -0.001596483 0.999998629 0.000259501 -0.788401961 0.003677792 -0.000253628 0.999993205 28.983263016
0.999990523 0.001740971 -0.003991863 0.576511204 -0.001742099 0.999998391 -0.000278889 -0.794133782 0.003991372 0.000285840 0.999991953 29.543727875
0.999987185 0.001849074 -0.004717926 0.588180721 -0.001846066 0.999998033 0.000641911 -0.821390986 0.004719104 -0.000633193 0.999988616 30.056404114
0.999987483 0.001801975 -0.004676573 0.605342269 -0.001797606 0.999997914 0.000938370 -0.844309092 0.004678254 -0.000929952 0.999988616 30.588872910
0.999985695 0.001732308 -0.005045385 0.604353249 -0.001730518 0.999998450 0.000359151 -0.851937294 0.005046000 -0.000350415 0.999987185 31.149404526
0.999986112 0.002605665 -0.004570458 0.608091772 -0.002604713 0.999996662 0.000214142 -0.868810833 0.004571000 -0.000202235 0.999989510 31.690830231
0.999986529 0.001811519 -0.004851256 0.619028807 -0.001811563 0.999998391 -0.000004567 -0.882583141 0.004851240 0.000013355 0.999988258 32.233253479
0.999982178 0.001679021 -0.005718102 0.623150885 -0.001676716 0.999998510 0.000407724 -0.890486300 0.005718777 -0.000398129 0.999983549 32.769638062
0.999983132 0.001437069 -0.005627209 0.624699175 -0.001433583 0.999998808 0.000623305 -0.908021212 0.005628098 -0.000615228 0.999983907 33.323310852
0.999980807 0.000873632 -0.006128850 0.642454803 -0.000871333 0.999999583 0.000377778 -0.923135102 0.006129178 -0.000372430 0.999981165 33.866710663
0.999978244 0.001568189 -0.006405119 0.648151815 -0.001564443 0.999998569 0.000589817 -0.937304080 0.006406035 -0.000579783 0.999979317 34.380386353
0.999973059 0.002060626 -0.007043987 0.664479315 -0.002056351 0.999997735 0.000614155 -0.954185069 0.007045236 -0.000599653 0.999975026 34.927543640
0.999976039 0.001720770 -0.006699999 0.663838804 -0.001719117 0.999998510 0.000252492 -0.954252839 0.006700424 -0.000240968 0.999977529 35.486408234
0.999976158 0.001144577 -0.006813765 0.667332053 -0.001142065 0.999999225 0.000372522 -0.984609485 0.006814185 -0.000364731 0.999976695 35.995140076
0.999976635 0.001471117 -0.006693086 0.673608065 -0.001469786 0.999998927 0.000203798 -0.998314679 0.006693379 -0.000193956 0.999977529 36.546493530
0.999978840 0.001732230 -0.006291270 0.668834448 -0.001730919 0.999998510 0.000213759 -1.009024024 0.006291632 -0.000202865 0.999980211 37.088409424
0.999974370 0.001517406 -0.006997455 0.684359908 -0.001514293 0.999998689 0.000450063 -1.031855941 0.006998130 -0.000439455 0.999975443 37.602752686
0.999975741 0.001314344 -0.006844585 0.688495755 -0.001309853 0.999998868 0.000660659 -1.047155380 0.006845446 -0.000651678 0.999976397 38.150192261
0.999976337 0.001631830 -0.006680830 0.701056480 -0.001628077 0.999998510 0.000567112 -1.061815381 0.006681746 -0.000556221 0.999977529 38.701606750
0.999973476 0.002002152 -0.007002526 0.692302942 -0.001998075 0.999997854 0.000589113 -1.071575165 0.007003691 -0.000575105 0.999975324 39.205318451
0.999973178 0.002408172 -0.006909324 0.698804259 -0.002400279 0.999996483 0.001150426 -1.091458321 0.006912070 -0.001133811 0.999975443 39.748348236
0.999972165 0.002235501 -0.007120401 0.722008824 -0.002227134 0.999996781 0.001182737 -1.113893747 0.007123023 -0.001166846 0.999973953 40.277706146
0.999970734 0.001328962 -0.007552776 0.723389983 -0.001325877 0.999999046 0.000413409 -1.113950610 0.007553318 -0.000403382 0.999971390 40.844757080
0.999970973 0.002303727 -0.007271105 0.726133466 -0.002306221 0.999997318 -0.000334680 -1.121114135 0.007270315 0.000351439 0.999973536 41.393035889
0.999970376 0.002853796 -0.007154374 0.723436713 -0.002853291 0.999995947 0.000080861 -1.144116759 0.007154577 -0.000060445 0.999974430 41.928291321
0.999967337 0.002103264 -0.007793838 0.740886211 -0.002101115 0.999997675 0.000283889 -1.152139306 0.007794417 -0.000267504 0.999969602 42.467998505
0.999968886 0.001636383 -0.007704306 0.747643888 -0.001638257 0.999998510 -0.000236993 -1.163591862 0.007703907 0.000249608 0.999970317 43.014781952
0.999968052 0.000957117 -0.007935534 0.761522412 -0.000958693 0.999999464 -0.000194831 -1.182062864 0.007935345 0.000202432 0.999968529 43.552028656
0.999967515 0.001396439 -0.007938616 0.761655450 -0.001393381 0.999998927 0.000390737 -1.195641160 0.007939151 -0.000379664 0.999968410 44.083164215
0.999964297 0.002088603 -0.008186280 0.770737529 -0.002087840 0.999997795 0.000101768 -1.207664609 0.008186473 -0.000084673 0.999966562 44.635913849
0.999968708 0.001954488 -0.007669952 0.781048656 -0.001956190 0.999998033 -0.000214360 -1.215363741 0.007669519 0.000229357 0.999970615 45.163375854
0.999965668 0.001462359 -0.008157381 0.791131616 -0.001459996 0.999998868 0.000295605 -1.242050648 0.008157803 -0.000283685 0.999966681 45.699726105
0.999963939 0.001608104 -0.008342362 0.802851200 -0.001609215 0.999998689 -0.000126488 -1.252881289 0.008342147 0.000139908 0.999965191 46.248908997
0.999964237 0.001439217 -0.008325906 0.803604484 -0.001440039 0.999998927 -0.000092857 -1.258578420 0.008325765 0.000104843 0.999965370 46.795043945
0.999963582 0.000850940 -0.008494337 0.802856326 -0.000848848 0.999999523 0.000249896 -1.281805873 0.008494544 -0.000242676 0.999963820 47.325855255
0.999964654 0.001356416 -0.008303027 0.811282635 -0.001354375 0.999999046 0.000251427 -1.295690894 0.008303360 -0.000240172 0.999965429 47.858745575
0.999969065 0.001870232 -0.007654341 0.803538561 -0.001863058 0.999997735 0.000944180 -1.314861774 0.007656090 -0.000929890 0.999970257 48.405754089
0.999965847 0.001147270 -0.008185084 0.817068100 -0.001140944 0.999999046 0.000777440 -1.336779952 0.008185967 -0.000768074 0.999966145 48.963062286
0.999964952 0.000930660 -0.008323139 0.832462192 -0.000925730 0.999999344 0.000596142 -1.349195123 0.008323689 -0.000588417 0.999965131 49.508361816
0.999966800 0.000218588 -0.008147645 0.831653476 -0.000209049 0.999999285 0.001171626 -1.370348215 0.008147893 -0.001169884 0.999966085 50.047096252
0.999965131 0.000778599 -0.008317104 0.828551829 -0.000774448 0.999999583 0.000502372 -1.380620718 0.008317491 -0.000495913 0.999965310 50.575187683
0.999965727 0.000539652 -0.008265332 0.839313805 -0.000535944 0.999999762 0.000450870 -1.401755333 0.008265574 -0.000446425 0.999965787 51.115810394
0.999964178 0.001275755 -0.008362882 0.844889998 -0.001272631 0.999999106 0.000378819 -1.407657146 0.008363360 -0.000368163 0.999964893 51.663043976
0.999971151 0.001129339 -0.007514787 0.849065423 -0.001130506 0.999999344 -0.000151046 -1.423918128 0.007514613 0.000159538 0.999971688 52.214645386
0.999960959 0.000281772 -0.008834193 0.866137862 -0.000280790 0.999999940 0.000112406 -1.435084939 0.008834225 -0.000109922 0.999960899 52.755203247
0.999966383 0.000298261 -0.008198132 0.863178372 -0.000295237 0.999999940 0.000369981 -1.452281237 0.008198243 -0.000367548 0.999966264 53.300411224
0.999963105 0.001188679 -0.008507286 0.865869403 -0.001182458 0.999998987 0.000736196 -1.476656795 0.008508152 -0.000726109 0.999963522 53.829723358
0.999963582 0.000488391 -0.008521529 0.876937807 -0.000476899 0.999998927 0.001350636 -1.498492479 0.008522179 -0.001346523 0.999962747 54.373924255
0.999962091 0.000035839 -0.008706385 0.885765195 -0.000030083 0.999999821 0.000661227 -1.510865331 0.008706407 -0.000660940 0.999961913 54.905410767
0.999964833 0.000408379 -0.008377966 0.879495502 -0.000402189 0.999999642 0.000740483 -1.518479347 0.008378263 -0.000737088 0.999964654 55.430507660
0.999963224 -0.000050195 -0.008577852 0.885899901 0.000056683 0.999999702 0.000756120 -1.531269193 0.008577813 -0.000756579 0.999962926 55.969478607
0.999966621 0.000548611 -0.008156904 0.896751642 -0.000540838 0.999999344 0.000955103 -1.554003596 0.008157424 -0.000950660 0.999966323 56.506141663
0.999962509 0.000814918 -0.008622456 0.909085453 -0.000808409 0.999999404 0.000758364 -1.565232635 0.008623068 -0.000751365 0.999962509 57.044620514
0.999958694 0.001020266 -0.009032015 0.917602599 -0.001013620 0.999999166 0.000740433 -1.582596183 0.009032764 -0.000731247 0.999958932 57.590393066
0.999955535 0.000845506 -0.009394888 0.927039623 -0.000845535 0.999999702 0.000000948 -1.590619564 0.009394885 0.000006995 0.999955893 58.139503479
0.999966204 0.000982571 -0.008159084 0.912840247 -0.000986028 0.999999404 -0.000419748 -1.591931701 0.008158667 0.000427779 0.999966621 58.663005829
0.999966383 0.000397380 -0.008197049 0.920877337 -0.000404680 0.999999523 -0.000889001 -1.605113626 0.008196692 0.000892288 0.999966025 59.208545685
0.999967873 0.000885748 -0.007971410 0.927129865 -0.000891142 0.999999404 -0.000673095 -1.618687153 0.007970810 0.000680177 0.999967992 59.775962830
0.999964595 0.001141914 -0.008339673 0.929312885 -0.001142808 0.999999344 -0.000102404 -1.642573833 0.008339548 0.000111931 0.999965191 60.285652161
0.999967694 0.001685104 -0.007861524 0.941099703 -0.001686944 0.999998569 -0.000227367 -1.662976742 0.007861127 0.000240621 0.999969065 60.828922272
0.999962151 0.000602995 -0.008682300 0.956581235 -0.000606693 0.999999702 -0.000423289 -1.673267245 0.008682041 0.000428540 0.999962211 61.380073547
0.999961972 0.000727571 -0.008692057 0.956054389 -0.000731821 0.999999642 -0.000485710 -1.679573417 0.008691700 0.000492053 0.999962091 61.909194946
0.999967039 0.001348965 -0.008001024 0.952732205 -0.001356384 0.999998629 -0.000921939 -1.692571282 0.007999769 0.000932761 0.999967575 62.459270477
0.999964476 0.000780313 -0.008389601 0.963812232 -0.000781747 0.999999702 -0.000167597 -1.712990165 0.008389467 0.000174149 0.999964774 62.971744537
0.999964178 0.001001106 -0.008403032 0.968196571 -0.001005310 0.999999344 -0.000496100 -1.725850105 0.008402532 0.000504530 0.999964595 63.515163422
0.999968946 0.001268284 -0.007777287 0.972532630 -0.001273482 0.999998927 -0.000663424 -1.736262202 0.007776439 0.000673307 0.999969602 64.072441101
0.999964952 0.001668201 -0.008201939 0.978773654 -0.001671731 0.999998510 -0.000423473 -1.754421473 0.008201221 0.000437170 0.999966264 64.582199097
0.999968231 0.001215462 -0.007867118 0.981960237 -0.001219074 0.999999166 -0.000454362 -1.773250699 0.007866560 0.000463938 0.999968886 65.123558044
0.999967456 0.001751642 -0.007869994 0.990643024 -0.001758804 0.999998093 -0.000903280 -1.785355568 0.007868395 0.000917092 0.999968588 65.670410156
0.999969780 0.001151403 -0.007684807 0.996990204 -0.001155707 0.999999166 -0.000555555 -1.802180529 0.007684163 0.000564420 0.999970257 66.217521667
0.999965131 0.001339240 -0.008244065 1.003801823 -0.001341136 0.999999166 -0.000224422 -1.825533032 0.008243756 0.000235470 0.999965966 66.747039795
0.999965250 0.001741639 -0.008158405 1.005427599 -0.001740839 0.999998450 0.000105171 -1.844094634 0.008158575 -0.000090964 0.999966741 67.288604736
0.999967396 0.002067076 -0.007806270 1.011067986 -0.002069056 0.999997854 -0.000245655 -1.860884428 0.007805745 0.000261799 0.999969482 67.823577881
0.999968708 0.002488296 -0.007510403 1.013853073 -0.002490525 0.999996841 -0.000287470 -1.873607874 0.007509665 0.000306165 0.999971688 68.356124878
0.999967933 0.002129123 -0.007717171 1.021750450 -0.002130930 0.999997616 -0.000225846 -1.889299631 0.007716674 0.000242283 0.999970198 68.883460999
0.999970317 0.002288263 -0.007355879 1.030395031 -0.002289518 0.999997318 -0.000162251 -1.902674198 0.007355487 0.000179087 0.999972880 69.427169800
0.999973297 0.002025321 -0.007013705 1.035326958 -0.002029480 0.999997735 -0.000585889 -1.911853194 0.007012502 0.000600107 0.999975204 69.983703613
0.999966860 0.002283792 -0.007813003 1.050286293 -0.002288194 0.999997258 -0.000554587 -1.930778861 0.007811715 0.000572447 0.999969363 70.506759644
0.999968350 0.002379947 -0.007587002 1.055150747 -0.002384158 0.999997020 -0.000546013 -1.947755337 0.007585681 0.000564085 0.999971092 71.023338318
0.999966383 0.002716898 -0.007734044 1.061321020 -0.002722957 0.999996006 -0.000773043 -1.960864186 0.007731914 0.000794077 0.999969840 71.572296143
0.999962449 0.002550839 -0.008282709 1.082091093 -0.002556121 0.999996543 -0.000627279 -1.986188889 0.008281080 0.000648427 0.999965549 72.096427917
0.999968529 0.002022997 -0.007671033 1.068143010 -0.002024855 0.999997914 -0.000234347 -1.999612331 0.007670544 0.000249872 0.999970496 72.614028931
0.999969244 0.001729624 -0.007645386 1.073982000 -0.001733831 0.999998391 -0.000543627 -2.009078741 0.007644432 0.000556866 0.999970615 73.160156250
0.999968410 0.001909418 -0.007717611 1.081596136 -0.001911835 0.999998093 -0.000305696 -2.026434660 0.007717017 0.000320442 0.999970198 73.692543030
0.999966800 0.001712680 -0.007962490 1.093906999 -0.001713111 0.999998450 -0.000047332 -2.041392565 0.007962399 0.000060971 0.999968231 74.219085693
0.999966502 0.002375313 -0.007837457 1.097622871 -0.002372776 0.999997079 0.000332908 -2.060619354 0.007838226 -0.000314300 0.999969244 74.761421204
0.999966681 0.000926670 -0.008108630 1.113331795 -0.000927150 0.999999583 -0.000055416 -2.075665712 0.008108575 0.000062932 0.999967098 75.285133362
0.999969065 0.001345690 -0.007749814 1.116517067 -0.001351486 0.999998808 -0.000742698 -2.082849741 0.007748805 0.000753149 0.999969661 75.833793640
0.999965310 0.001363535 -0.008219680 1.126762867 -0.001368086 0.999998987 -0.000548058 -2.104679585 0.008218923 0.000559284 0.999966025 76.363082886
0.999967337 0.001831845 -0.007875510 1.133403540 -0.001837713 0.999998033 -0.000737887 -2.109443188 0.007874144 0.000752336 0.999968648 76.910469055
0.999965489 0.001796663 -0.008119670 1.140587211 -0.001800803 0.999998271 -0.000502593 -2.126128197 0.008118755 0.000517198 0.999966919 77.449562073
0.999964297 0.001136739 -0.008370813 1.145102262 -0.001139347 0.999999285 -0.000306690 -2.149306297 0.008370458 0.000316216 0.999964893 77.957557678
0.999967039 0.001400564 -0.007992350 1.153101563 -0.001404750 0.999998927 -0.000518198 -2.163686991 0.007991615 0.000529407 0.999967933 78.503059387
0.999966443 0.001485072 -0.008054541 1.159351349 -0.001487856 0.999998808 -0.000339669 -2.178792000 0.008054027 0.000351642 0.999967515 79.057037354
0.999967515 0.002147487 -0.007758400 1.159859180 -0.002150031 0.999997556 -0.000319653 -2.194732904 0.007757694 0.000336324 0.999969840 79.569053650
0.999976575 0.001894306 -0.006570224 1.166445494 -0.001897304 0.999998093 -0.000450076 -2.207003117 0.006569359 0.000462531 0.999978304 80.112426758
0.999982536 0.002235882 -0.005474307 1.175555944 -0.002236738 0.999997497 -0.000150259 -2.223880768 0.005473957 0.000162501 0.999984920 80.647041321
0.999989986 0.002542107 -0.003689722 1.181731224 -0.002542600 0.999996781 -0.000128708 -2.239377499 0.003689381 0.000138088 0.999993145 81.200386047
0.999993145 0.001667044 -0.003299552 1.205643773 -0.001668491 0.999998510 -0.000435747 -2.255580664 0.003298821 0.000441249 0.999994457 81.724098206
0.999996901 0.002454771 0.000477991 1.215671420 -0.002454486 0.999996781 -0.000596375 -2.272763491 -0.000479454 0.000595200 0.999999702 82.266944885
0.999989688 0.002087061 0.004036346 1.235796690 -0.002086197 0.999997795 -0.000217967 -2.289073467 -0.004036792 0.000209544 0.999991834 82.803649902
0.999974906 0.001131366 0.006991380 1.252288818 -0.001127236 0.999999166 -0.000594626 -2.300056696 -0.006992046 0.000586730 0.999975383 83.348861694
0.999927819 0.001907430 0.011860354 1.271185398 -0.001906730 0.999998152 -0.000070282 -2.321138620 -0.011860467 0.000047663 0.999929667 83.887863159
0.999852061 0.001827688 0.017105047 1.303875327 -0.001825345 0.999998331 -0.000152543 -2.338150024 -0.017105296 0.000121298 0.999853730 84.428474426
0.999726355 0.001966658 0.023309600 1.330014944 -0.001974865 0.999997914 0.000329071 -2.355890989 -0.023308903 -0.000375014 0.999728262 84.971687317
0.999597073 0.001065438 0.028364768 1.365670562 -0.001040310 0.999999046 -0.000900648 -2.356121063 -0.028365701 0.000870777 0.999597251 85.526466370
0.999313593 0.001425287 0.037018143 1.390206933 -0.001393044 0.999998629 -0.000896768 -2.372626066 -0.037019365 0.000844585 0.999314129 86.074493408
0.998983324 0.001459905 0.045058049 1.434413671 -0.001442256 0.999998927 -0.000424202 -2.393044949 -0.045058616 0.000358785 0.998984277 86.630935669
0.998642623 0.001627528 0.052059799 1.479482174 -0.001583624 0.999998331 -0.000884581 -2.405159235 -0.052061148 0.000800937 0.998643517 87.178741455
0.998120010 0.000774593 0.061285246 1.527040482 -0.000727943 0.999999344 -0.000783519 -2.418336630 -0.061285816 0.000737434 0.998120010 87.725303650
0.997454822 0.000764867 0.071298815 1.591095924 -0.000736823 0.999999583 -0.000419635 -2.434298515 -0.071299113 0.000366033 0.997454941 88.264328003
0.996754766 0.000537849 0.080496579 1.646076202 -0.000496055 0.999999642 -0.000539195 -2.448134899 -0.080496848 0.000497514 0.996754766 88.814254761
0.996140003 0.000641104 0.087775663 1.708231926 -0.000576677 0.999999523 -0.000759352 -2.468930960 -0.087776110 0.000705803 0.996139944 89.348014832
0.995097816 0.000766718 0.098892108 1.774465561 -0.000731235 0.999999583 -0.000395047 -2.483847857 -0.098892376 0.000320797 0.995098054 89.877685547
0.993977189 0.000473057 0.109586060 1.849888802 -0.000459933 0.999999821 -0.000145045 -2.498297691 -0.109586135 0.000093769 0.993977249 90.423149109
0.992932141 0.000158121 0.118683517 1.932535172 -0.000079303 0.999999702 -0.000668821 -2.513676167 -0.118683599 0.000654682 0.992931843 90.966026306
0.991437852 0.000562331 0.130578369 2.019374847 -0.000589168 0.999999762 0.000166891 -2.528753757 -0.130578250 -0.000242395 0.991437972 91.514312744
0.989832163 -0.000782232 0.142237872 2.112283707 0.000845146 0.999999523 -0.000381904 -2.547413111 -0.142237484 0.000498233 0.989832461 92.046287537
0.988261819 -0.000909229 0.152766779 2.212211609 0.000922390 0.999999583 -0.000015277 -2.566980124 -0.152766734 0.000156008 0.988262236 92.584426880
0.986651182 -0.000788158 0.162845656 2.320986748 0.000775781 0.999999702 0.000139593 -2.581746101 -0.162845731 -0.000011398 0.986651480 93.119056702
0.984465539 -0.001193513 0.175573766 2.445804596 0.001146732 0.999999225 0.000367903 -2.598458529 -0.175574064 -0.000160852 0.984466195 93.643844604
0.982043982 -0.001135732 0.188648462 2.535839081 0.001145959 0.999999404 0.000054859 -2.599299431 -0.188648403 0.000162310 0.982044697 94.159584045
0.979962885 -0.001833347 0.199171692 2.690533638 0.001911396 0.999998093 -0.000199594 -2.617656231 -0.199170947 0.000576291 0.979964614 94.739547729
0.977225482 -0.001065467 0.212200567 2.831974030 0.001142297 0.999999344 -0.000239470 -2.632471561 -0.212200150 0.000476412 0.977226138 95.284660339
0.974207878 -0.000892595 0.225650772 2.979631424 0.000917458 0.999999583 -0.000005317 -2.642428398 -0.225650668 0.000212205 0.974208236 95.814140320
0.971689463 -0.002327147 0.236250252 3.125482559 0.002344269 0.999997199 0.000208420 -2.663133621 -0.236250073 0.000351314 0.971692145 96.310455322
0.968824029 -0.002230460 0.247739896 3.289407730 0.002215398 0.999997497 0.000339567 -2.683596611 -0.247740000 0.000219862 0.968826473 96.833976746
0.965085506 -0.001936700 0.261927873 3.451192856 0.001928499 0.999998152 0.000288362 -2.687725782 -0.261927962 0.000226834 0.965087414 97.363746643
0.961304247 -0.001754072 0.275483459 3.590950012 0.001582297 0.999998331 0.000845789 -2.720057249 -0.275484443 -0.000377164 0.961305439 97.880340576
0.958143890 -0.002755736 0.286273718 3.779119492 0.002685202 0.999996185 0.000638952 -2.726275206 -0.286274374 0.000156495 0.958147645 98.401809692
0.953855693 -0.003002704 0.300250649 3.950304031 0.002790281 0.999995470 0.001136268 -2.744716883 -0.300252736 -0.000246052 0.953859687 98.916076660
0.949476063 -0.002074670 0.313832670 4.153093338 0.001809408 0.999997735 0.001136515 -2.765527248 -0.313834310 -0.000511243 0.949477613 99.434745789
0.945650160 -0.004501835 0.325154483 4.356113434 0.004437675 0.999989688 0.000938937 -2.770042896 -0.325155377 0.000555024 0.945660412 99.947990417
0.940825164 -0.004076806 0.338867664 4.557186127 0.004180439 0.999991179 0.000424082 -2.780325890 -0.338866353 0.001017629 0.940833926 100.474868774
0.935802400 -0.004679680 0.352493882 4.786201477 0.004921992 0.999987960 0.000208828 -2.790463686 -0.352490515 0.001539550 0.935814142 100.986206055
0.931117237 -0.004653920 0.364690363 5.000207901 0.004628349 0.999988794 0.000944178 -2.813744783 -0.364690721 0.000808774 0.931128383 101.471839905
0.926494718 -0.006123261 0.376258016 5.217489243 0.006374216 0.999979436 0.000577954 -2.831154585 -0.376253814 0.001862878 0.926514745 101.984352112
0.920689702 -0.006391239 0.390243083 5.450592041 0.006622034 0.999977767 0.000754040 -2.843894243 -0.390239239 0.001889967 0.920711458 102.473831177
0.915033162 -0.006350914 0.403328598 5.689945221 0.006633076 0.999977708 0.000697417 -2.855019569 -0.403324097 0.002037150 0.915054858 102.972488403
0.909953237 -0.007502972 0.414643049 5.926330566 0.007892722 0.999968529 0.000773503 -2.872974873 -0.414635837 0.002568811 0.909983814 103.454391479
0.903629005 -0.007942851 0.428242356 6.182765961 0.008555056 0.999963164 0.000494957 -2.884443760 -0.428230584 0.003216380 0.903663814 103.939025879
0.897056401 -0.007769214 0.441847712 6.437698364 0.008299746 0.999965310 0.000732388 -2.894087553 -0.441838175 0.003010231 0.897089779 104.403213501
0.891267359 -0.008968506 0.453389555 6.693889618 0.009151134 0.999956548 0.001790976 -2.916975021 -0.453385890 0.002552790 0.891310692 104.865036011
0.885498643 -0.009386904 0.464547157 6.964405060 0.009903579 0.999950171 0.001327809 -2.923508167 -0.464536488 0.003424906 0.885547459 105.345046997
0.878519475 -0.009783114 0.477606386 7.246833801 0.010647299 0.999942958 0.000897596 -2.937985659 -0.477587879 0.004296662 0.878573477 105.809020996
