1.000000000 0.000000000 0.000000000 0.000000000 0.000000000 1.000000000 0.000000000 0.000000000 0.000000000 0.000000000 1.000000000 0.000000000
1.000000000 0.000127069 0.000071223 -0.000300190 -0.000127066 1.000000000 -0.000036399 0.000489242 -0.000071228 0.000036390 1.000000000 0.000267977
1.000000000 -0.000019904 0.000022585 0.000348832 0.000019907 1.000000000 -0.000139711 0.001250076 -0.000022582 0.000139711 1.000000000 0.000824213
1.000000000 -0.000025490 0.000016563 0.000264786 0.000025490 1.000000000 -0.000044190 0.000537453 -0.000016562 0.000044190 1.000000000 -0.000039417
1.000000000 0.000039615 0.000086620 -0.000339287 -0.000039596 1.000000000 -0.000219891 0.001430864 -0.000086628 0.000219888 1.000000000 0.000490561
1.000000000 0.000083015 0.000084425 0.000142553 -0.000083007 1.000000000 -0.000095499 0.001030413 -0.000084433 0.000095492 1.000000000 0.000697667
1.000000000 0.000036641 -0.000030743 0.000231661 -0.000036643 1.000000000 -0.000071117 0.000357506 0.000030740 0.000071118 1.000000000 -0.000786974
1.000000000 -0.000046383 0.000024930 0.000043402 0.000046383 1.000000000 0.000020413 0.000099690 -0.000024931 -0.000020412 1.000000000 0.000528481
1.000000000 0.000020135 0.000031252 -0.000273206 -0.000020135 1.000000000 -0.000006881 0.000295684 -0.000031252 0.000006880 1.000000000 0.000522278
1.000000000 -0.000073911 -0.000014630 0.000152920 0.000073911 1.000000000 -0.000013785 0.001170406 0.000014631 0.000013784 1.000000000 0.000456427
1.000000000 -0.000001735 0.000010248 0.000134810 0.000001736 1.000000000 -0.000128704 0.001314995 -0.000010248 0.000128704 1.000000000 0.000635782
1.000000000 0.000048124 0.000071365 -0.000606504 -0.000048120 1.000000000 -0.000051770 0.001225378 -0.000071367 0.000051767 1.000000000 0.000313426
1.000000000 0.000142687 0.000069405 -0.000827943 -0.000142680 1.000000000 -0.000095502 0.001596337 -0.000069419 0.000095492 1.000000000 0.000389413
0.999999940 0.000257893 0.000141547 -0.001248836 -0.000257882 0.999999940 -0.000074520 0.001236432 -0.000141567 0.000074483 1.000000000 0.000362692
1.000000000 -0.000080474 -0.000004985 -0.000251491 0.000080474 1.000000000 -0.000043929 0.000286247 0.000004988 0.000043929 1.000000000 -0.000086017
1.000000000 0.000194287 0.000064348 -0.001066068 -0.000194286 1.000000000 -0.000007042 0.000568377 -0.000064349 0.000007029 1.000000000 -0.000052011
1.000000000 -0.000004082 0.000028625 -0.000167043 0.000004083 1.000000000 -0.000016632 0.000700338 -0.000028625 0.000016632 1.000000000 0.000688590
1.000000000 0.000045504 0.000050421 -0.000141316 -0.000045504 1.000000000 -0.000010906 0.000843182 -0.000050422 0.000010904 1.000000000 -0.000732352
1.000000000 0.000012731 0.000023415 -0.000491366 -0.000012730 1.000000000 -0.000046977 0.000944961 -0.000023415 0.000046976 1.000000000 0.000602448
1.000000000 0.000167716 0.000132674 -0.001695448 -0.000167695 1.000000000 -0.000159972 0.001596774 -0.000132701 0.000159950 1.000000000 -0.000652280
1.000000000 0.000155231 0.000072285 -0.001274134 -0.000155225 1.000000000 -0.000082529 0.001125431 -0.000072297 0.000082518 1.000000000 -0.000093988
1.000000000 -0.000070434 0.000001401 0.000113134 0.000070434 1.000000000 -0.000157153 0.001476191 -0.000001390 0.000157153 1.000000000 -0.000197315
1.000000000 0.000057184 0.000019697 -0.000874596 -0.000057182 1.000000000 -0.000091482 0.001220971 -0.000019703 0.000091481 1.000000000 0.000393148
1.000000000 -0.000075043 0.000035811 -0.000689972 0.000075044 1.000000000 -0.000053268 0.000655693 -0.000035807 0.000053271 1.000000000 0.000105547
1.000000000 -0.000046740 0.000090912 -0.000228685 0.000046748 1.000000000 -0.000087510 0.002082295 -0.000090908 0.000087514 1.000000000 0.001980094
1.000000000 0.000086631 0.000028546 -0.001106491 -0.000086628 1.000000000 -0.000087505 0.001502948 -0.000028554 0.000087503 1.000000000 0.000179010
1.000000000 0.000014106 0.000089999 -0.000466145 -0.000014094 1.000000000 -0.000135932 0.001871621 -0.000090001 0.000135931 1.000000000 0.001178537
1.000000000 0.000091194 0.000126960 -0.001601813 -0.000091183 1.000000000 -0.000092508 0.001252882 -0.000126969 0.000092496 1.000000000 -0.000326377
1.000000000 -0.000047058 0.000070410 -0.000654848 0.000047066 1.000000000 -0.000115586 0.001281365 -0.000070404 0.000115590 1.000000000 -0.000176600
1.000000000 0.000012358 0.000098833 -0.000839618 -0.000012344 1.000000000 -0.000133569 0.001757183 -0.000098835 0.000133568 1.000000000 -0.000115135
1.000000000 0.000045893 0.000013830 -0.000661545 -0.000045892 1.000000000 -0.000063346 0.001216607 -0.000013833 0.000063345 1.000000000 -0.000160212
1.000000000 0.000011108 0.000087434 -0.000723909 -0.000011100 1.000000000 -0.000091932 0.001220418 -0.000087435 0.000091931 1.000000000 -0.000262641
1.000000000 0.000052389 0.000033580 -0.000258185 -0.000052388 1.000000000 -0.000038585 0.001454954 -0.000033582 0.000038584 1.000000000 0.002113738
1.000000000 0.000106232 0.000122294 -0.001333668 -0.000106225 1.000000000 -0.000049700 0.001434473 -0.000122299 0.000049687 1.000000000 -0.000093028
1.000000000 0.000085992 0.000111582 -0.001116274 -0.000085981 1.000000000 -0.000097003 0.001402120 -0.000111590 0.000096993 1.000000000 0.000650893
1.000000000 -0.000037646 0.000152016 -0.001247744 0.000037648 1.000000000 -0.000017191 0.001365740 -0.000152015 0.000017197 1.000000000 -0.000275577
1.000000000 0.000034674 0.000099587 -0.000574826 -0.000034667 1.000000000 -0.000063714 0.001451456 -0.000099589 0.000063711 1.000000000 -0.000451102
1.000000000 -0.000053270 0.000036023 -0.000520227 0.000053273 1.000000000 -0.000088368 0.001534443 -0.000036018 0.000088370 1.000000000 0.000628015
1.000000000 0.000081756 0.000065129 -0.000841052 -0.000081749 1.000000000 -0.000104054 0.001939912 -0.000065138 0.000104049 1.000000000 0.000344976
1.000000000 0.000117682 0.000153280 -0.001492047 -0.000117675 1.000000000 -0.000046480 0.001017197 -0.000153286 0.000046462 1.000000000 0.000952387
1.000000000 0.000024806 0.000050409 -0.000047046 -0.000024804 1.000000000 -0.000031054 0.001180321 -0.000050409 0.000031053 1.000000000 0.000700124
1.000000000 -0.000013861 0.000073878 0.000013686 0.000013872 1.000000000 -0.000155654 0.001852889 -0.000073876 0.000155655 1.000000000 0.001308299
0.999999940 0.000221258 0.000294319 -0.001607630 -0.000221008 0.999999642 -0.000849200 -0.000519866 -0.000294506 0.000849134 0.999999583 0.046909533
0.999999940 0.000163788 0.000238113 0.000952438 -0.000163478 0.999999166 -0.001298178 -0.003011314 -0.000238326 0.001298139 0.999999106 0.139215142
1.000000000 0.000145970 0.000146753 0.002385922 -0.000145740 0.999998748 -0.001562102 -0.008334544 -0.000146981 0.001562080 0.999998748 0.251207441
1.000000000 0.000118913 0.000043574 0.008913575 -0.000118846 0.999998808 -0.001538106 -0.009555772 -0.000043757 0.001538101 0.999998808 0.382337332
0.999999940 0.000040600 0.000302501 0.008079880 -0.000040186 0.999999046 -0.001365759 -0.013554470 -0.000302556 0.001365747 0.999999046 0.526881754
0.999999881 -0.000383646 0.000261085 0.010395661 0.000383954 0.999999225 -0.001179975 -0.019582206 -0.000260632 0.001180075 0.999999285 0.678517878
0.999999821 0.000300598 0.000456923 0.011232277 -0.000300218 0.999999583 -0.000832832 -0.022936810 -0.000457174 0.000832694 0.999999523 0.847609162
0.999999821 0.000099810 0.000634146 0.014562950 -0.000099322 0.999999702 -0.000769605 -0.025985772 -0.000634223 0.000769542 0.999999523 1.014390588
0.999999940 -0.000414010 0.000022720 0.025357794 0.000414029 0.999999523 -0.000851526 -0.032925472 -0.000022368 0.000851536 0.999999642 1.204432130
0.999999821 -0.000084229 0.000545167 0.021152722 0.000084501 0.999999881 -0.000498676 -0.040825356 -0.000545125 0.000498722 0.999999702 1.387115955
0.999999940 -0.000000695 0.000346381 0.029525990 0.000000888 0.999999821 -0.000556660 -0.046181310 -0.000346380 0.000556660 0.999999762 1.586667061
0.999998510 0.000208226 0.001711919 0.012333070 -0.000207515 0.999999821 -0.000415483 -0.054002807 -0.001712006 0.000415127 0.999998450 1.708582401
0.999997854 0.000531727 0.002012349 0.012570370 -0.000531685 0.999999821 -0.000021080 -0.059328515 -0.002012359 0.000020010 0.999997973 1.909280419
0.999998331 0.000553399 0.001740409 0.018853335 -0.000553381 0.999999821 -0.000010485 -0.069738172 -0.001740415 0.000009522 0.999998510 2.100929499
0.999998033 0.000469388 0.001919862 0.026371896 -0.000469244 0.999999821 -0.000075306 -0.073199414 -0.001919897 0.000074405 0.999998212 2.324235678
0.999998152 0.000458561 0.001885688 0.028989974 -0.000459060 0.999999821 0.000264380 -0.081145637 -0.001885566 -0.000265246 0.999998212 2.549989223
0.999997973 0.000356472 0.001966944 0.031498276 -0.000357624 0.999999762 0.000585471 -0.092899516 -0.001966735 -0.000586173 0.999997914 2.752408504
0.999998033 0.000052613 0.001973885 0.036570430 -0.000054061 0.999999762 0.000733617 -0.098506518 -0.001973846 -0.000733722 0.999997795 2.993175507
0.999998152 0.000117542 0.001912735 0.044923846 -0.000118543 0.999999881 0.000522731 -0.105443090 -0.001912673 -0.000522957 0.999998033 3.241213083
0.999997020 0.000554654 0.002369540 0.044766445 -0.000556709 0.999999464 0.000866588 -0.115323916 -0.002369057 -0.000867904 0.999996841 3.486679077
0.999997139 0.000975375 0.002165464 0.045586307 -0.000977090 0.999999225 0.000790974 -0.117440999 -0.002164691 -0.000793088 0.999997258 3.709246874
0.999997318 0.000964832 0.002096866 0.052597258 -0.000966349 0.999999225 0.000722252 -0.121143013 -0.002096168 -0.000724276 0.999997437 3.972215891
0.999996483 0.000922785 0.002518879 0.055660374 -0.000924741 0.999999285 0.000775428 -0.127755597 -0.002518162 -0.000777755 0.999996483 4.229825974
0.999996305 0.001028741 0.002497957 0.062227707 -0.001030819 0.999999106 0.000830361 -0.134660050 -0.002497101 -0.000832933 0.999996483 4.492948532
0.999996662 0.000737687 0.002442514 0.067796923 -0.000739591 0.999999404 0.000778667 -0.143476829 -0.002441939 -0.000780471 0.999996662 4.707547188
0.999996662 0.000637464 0.002485553 0.075096816 -0.000639158 0.999999464 0.000680480 -0.148616880 -0.002485118 -0.000682067 0.999996662 4.964980602
0.999995708 0.000573132 0.002877734 0.077618420 -0.000575529 0.999999464 0.000832206 -0.156823263 -0.002877255 -0.000833859 0.999995470 5.234836578
0.999995410 0.001394745 0.002689646 0.086594827 -0.001397096 0.999998629 0.000872491 -0.161212176 -0.002688425 -0.000876244 0.999996006 5.504030704
0.999995947 0.000916987 0.002719686 0.096853316 -0.000918608 0.999999404 0.000595093 -0.166556373 -0.002719139 -0.000597589 0.999996126 5.773622513
0.999995172 0.001234993 0.002844446 0.087071598 -0.001237061 0.999998987 0.000725026 -0.177468941 -0.002843547 -0.000728541 0.999995708 6.021381855
0.999995708 0.000980737 0.002753626 0.098286547 -0.000982495 0.999999344 0.000637003 -0.182152644 -0.002752999 -0.000639706 0.999996006 6.309172630
0.999994516 0.001276395 0.003040708 0.100254789 -0.001278047 0.999999046 0.000541400 -0.190156758 -0.003040014 -0.000545283 0.999995232 6.605890274
0.999993563 0.001387357 0.003307713 0.103202388 -0.001389574 0.999998808 0.000667694 -0.203281626 -0.003306784 -0.000672286 0.999994338 6.896477222
0.999992490 0.001761105 0.003457703 0.109755263 -0.001763717 0.999998212 0.000752461 -0.211646631 -0.003456371 -0.000758554 0.999993742 7.201806068
0.999994040 0.001513899 0.003077915 0.112795338 -0.001517201 0.999998271 0.001070835 -0.227066875 -0.003076288 -0.001075499 0.999994695 7.468345165
0.999994278 0.001724506 0.002908724 0.124244347 -0.001727133 0.999998152 0.000900914 -0.231529087 -0.002907164 -0.000905932 0.999995410 7.788389683
0.999992728 0.001935329 0.003271617 0.126624301 -0.001937661 0.999997795 0.000709793 -0.237819418 -0.003270236 -0.000716127 0.999994397 8.115046501
0.999993742 0.001608597 0.003142626 0.133949712 -0.001611239 0.999998331 0.000838478 -0.247346252 -0.003141272 -0.000843536 0.999994755 8.450090408
0.999992132 0.002164246 0.003298616 0.134113491 -0.002166770 0.999997318 0.000762013 -0.254765183 -0.003296958 -0.000769154 0.999994278 8.755764961
0.999993980 0.001892255 0.002897227 0.146033853 -0.001894817 0.999997795 0.000881763 -0.265769839 -0.002895552 -0.000887248 0.999995470 9.096110344
0.999992549 0.001943283 0.003310777 0.152539551 -0.001946234 0.999997675 0.000888344 -0.281653345 -0.003309044 -0.000894781 0.999994099 9.431291580
0.999991119 0.002474372 0.003397851 0.155870259 -0.002478080 0.999996424 0.001087540 -0.292544037 -0.003395148 -0.001095951 0.999993622 9.778174400
0.999992788 0.002190109 0.003133348 0.162810966 -0.002193996 0.999996841 0.001237376 -0.303531170 -0.003130628 -0.001244242 0.999994338 10.098591805
0.999991834 0.002291245 0.003329209 0.170485288 -0.002294332 0.999996960 0.000923557 -0.309780955 -0.003327083 -0.000931188 0.999994040 10.463728905
0.999992490 0.002132823 0.003229189 0.180036113 -0.002135920 0.999997258 0.000955695 -0.315300763 -0.003227142 -0.000962586 0.999994338 10.839600563
0.999992490 0.001978307 0.003324579 0.185932338 -0.001982978 0.999997079 0.001402243 -0.332367480 -0.003321795 -0.001408825 0.999993503 11.184715271
0.999991119 0.002431728 0.003436135 0.195876881 -0.002437195 0.999995828 0.001587814 -0.342651695 -0.003432259 -0.001596175 0.999992847 11.566426277
0.999990642 0.002373754 0.003619229 0.204503983 -0.002378494 0.999996364 0.001305853 -0.349332839 -0.003616116 -0.001314449 0.999992669 11.965535164
0.999989867 0.002457526 0.003770333 0.206754044 -0.002463565 0.999995708 0.001597950 -0.363445014 -0.003766390 -0.001607222 0.999991536 12.321521759
0.999989092 0.002259889 0.004089418 0.210114241 -0.002266919 0.999996006 0.001715385 -0.373134643 -0.004085525 -0.001724636 0.999990165 12.719167709
0.999991536 0.001456336 0.003856777 0.225378677 -0.001463428 0.999997318 0.001836576 -0.383820206 -0.003854092 -0.001842205 0.999990821 13.133100510
0.999987602 0.002577724 0.004261389 0.226816922 -0.002586391 0.999994636 0.002029659 -0.401127368 -0.004256134 -0.002040656 0.999988794 13.543631554
0.999985158 0.003034116 0.004526803 0.234157056 -0.003043029 0.999993443 0.001963360 -0.409920543 -0.004520817 -0.001977106 0.999987721 13.964397430
0.999982417 0.003052183 0.005087879 0.238309741 -0.003061717 0.999993563 0.001867071 -0.424386024 -0.005082147 -0.001882616 0.999985218 14.385248184
0.999984503 0.002904058 0.004755381 0.253359735 -0.002913081 0.999993980 0.001891588 -0.434212178 -0.004749859 -0.001905411 0.999986827 14.820903778
0.999983132 0.002320280 0.005327978 0.245307818 -0.002331102 0.999995232 0.002025929 -0.450019568 -0.005323252 -0.002038315 0.999983728 15.152781487
0.999979198 0.002652792 0.005895268 0.253115743 -0.002665456 0.999994159 0.002141347 -0.461048961 -0.005889553 -0.002157015 0.999980330 15.601902962
0.999978364 0.002745195 0.005993792 0.271085203 -0.002760194 0.999993086 0.002495588 -0.471052080 -0.005986900 -0.002512078 0.999978900 16.046298981
0.999974728 0.003271679 0.006312146 0.277697980 -0.003287862 0.999991357 0.002555063 -0.482471675 -0.006303732 -0.002575752 0.999976754 16.489706039
0.999973655 0.002897746 0.006652829 0.282923162 -0.002917965 0.999991119 0.003031392 -0.512115955 -0.006643987 -0.003050724 0.999973297 16.871810913
0.999974549 0.002954525 0.006489910 0.297046334 -0.002972877 0.999991596 0.002819983 -0.521299720 -0.006481524 -0.002839204 0.999975026 17.341114044
0.999972463 0.002529068 0.006987769 0.308655590 -0.002549944 0.999992311 0.002980196 -0.532736540 -0.006980177 -0.002997932 0.999971211 17.812152863
0.999968648 0.002706210 0.007433535 0.313582748 -0.002728916 0.999991655 0.003045999 -0.544717789 -0.007425228 -0.003066189 0.999967754 18.234874725
0.999969542 0.002803090 0.007284054 0.327396154 -0.002826493 0.999990940 0.003204699 -0.558618426 -0.007275002 -0.003225190 0.999968410 18.710020065
0.999962151 0.003600644 0.007906347 0.338437736 -0.003623865 0.999989152 0.002924640 -0.566102028 -0.007895730 -0.002953182 0.999964476 19.198062897
0.999968886 0.002580827 0.007452684 0.349702001 -0.002606611 0.999990642 0.003452150 -0.583625793 -0.007443706 -0.003471470 0.999966264 19.633453369
0.999969721 0.002911621 0.007223307 0.366517007 -0.002935290 0.999990344 0.003268233 -0.595037818 -0.007213722 -0.003289337 0.999968588 20.125728607
0.999972224 0.002853808 0.006895570 0.381019771 -0.002875251 0.999991000 0.003101800 -0.602571487 -0.006886657 -0.003121541 0.999971390 20.629276276
0.999976218 0.002708735 0.006346661 0.380530179 -0.002729111 0.999991119 0.003204124 -0.617879272 -0.006337924 -0.003221369 0.999974728 21.117597580
0.999981165 0.002548823 0.005590142 0.394465894 -0.002565219 0.999992371 0.002927840 -0.626482308 -0.005582638 -0.002942125 0.999980032 21.630069733
0.999983370 0.002778904 0.005069462 0.415449142 -0.002795399 0.999990821 0.003249611 -0.640831828 -0.005060385 -0.003263728 0.999981940 22.150945663
0.999986112 0.002409971 0.004698814 0.432128251 -0.002423927 0.999992669 0.002966755 -0.656749070 -0.004691630 -0.002978104 0.999984562 22.675079346
0.999982834 0.002875789 0.005108376 0.419165939 -0.002892286 0.999990642 0.003224872 -0.673096955 -0.005099054 -0.003239591 0.999981761 23.120061874
0.999989569 0.001671148 0.004258404 0.434342444 -0.001684949 0.999993324 0.003239284 -0.689108431 -0.004252961 -0.003246425 0.999985695 23.650291443
0.999990046 0.002519053 0.003682067 0.444903404 -0.002531643 0.999991000 0.003418570 -0.703511775 -0.003673422 -0.003427857 0.999987423 24.173847198
0.999990404 0.003104545 0.003111460 0.450751007 -0.003114971 0.999989510 0.003351372 -0.714783072 -0.003101022 -0.003361031 0.999989569 24.701107025
0.999990880 0.003185770 0.002854224 0.451083839 -0.003197251 0.999986768 0.004027052 -0.738880813 -0.002841357 -0.004036141 0.999987841 25.205566406
0.999995112 0.002157222 0.002285950 0.468091935 -0.002166384 0.999989569 0.004013062 -0.749812961 -0.002277269 -0.004017994 0.999989390 25.760808945
0.999991059 0.003207570 0.002768090 0.467082322 -0.003219763 0.999985099 0.004411652 -0.760181904 -0.002753898 -0.004420525 0.999986470 26.324699402
0.999988735 0.004124067 0.002406268 0.495631367 -0.004134934 0.999981225 0.004528875 -0.792055786 -0.002387545 -0.004538773 0.999986887 26.890808105
0.999994099 0.003118563 0.001453350 0.479957819 -0.003124771 0.999985874 0.004289809 -0.789410889 -0.001439952 -0.004294325 0.999989688 27.337594986
0.999994218 0.003202487 0.001163026 0.491056174 -0.003207285 0.999986291 0.004147996 -0.795790970 -0.001149726 -0.004151703 0.999990702 27.892459869
0.999990106 0.004258310 0.001296243 0.487317502 -0.004264693 0.999978542 0.004962751 -0.820905566 -0.001275083 -0.004968230 0.999986768 28.409938812
0.999992728 0.003687898 0.000984882 0.506091058 -0.003692336 0.999982893 0.004543535 -0.832112551 -0.000968109 -0.004547138 0.999989152 28.970325470
0.999994218 0.003380587 0.000165259 0.515155494 -0.003381428 0.999979675 0.005387462 -0.843204558 -0.000147043 -0.005387989 0.999985456 29.506654739
0.999995232 0.003054705 0.000464171 0.495680153 -0.003056704 0.999985754 0.004366860 -0.860799611 -0.000450825 -0.004368257 0.999990284 29.994144440
0.999994755 0.003220713 -0.000204292 0.510484278 -0.003219797 0.999985397 0.004332727 -0.871613622 0.000218243 -0.004332046 0.999990582 30.546781540
0.999989867 0.004507847 0.000178904 0.513235867 -0.004508427 0.999984145 0.003391429 -0.873221159 -0.000163614 -0.003392200 0.999994218 31.109916687
0.999989092 0.004664971 0.000048050 0.530616045 -0.004665132 0.999980211 0.004220702 -0.901861489 -0.000028360 -0.004220881 0.999991059 31.637384415
0.999992251 0.003954470 -0.000003077 0.528171182 -0.003954419 0.999982595 0.004378199 -0.907620072 0.000020390 -0.004378153 0.999990404 32.173397064
0.999995172 0.003078014 -0.000285977 0.511528969 -0.003076621 0.999983966 0.004751067 -0.928328931 0.000300596 -0.004750165 0.999988675 32.607810974
0.999996662 0.002387610 -0.000969677 0.527400374 -0.002383041 0.999986172 0.004686885 -0.940522254 0.000980854 -0.004684559 0.999988556 33.157043457
0.999995828 0.002738819 -0.000980934 0.532821953 -0.002734408 0.999986351 0.004469479 -0.946319342 0.000993162 -0.004466778 0.999989510 33.706787109
0.999991357 0.004102241 -0.000647500 0.540090680 -0.004099308 0.999981642 0.004468232 -0.958004832 0.000665818 -0.004465540 0.999989808 34.258689880
0.999991894 0.003929579 -0.000894136 0.548923075 -0.003925543 0.999982238 0.004471384 -0.972354293 0.000911690 -0.004467837 0.999989569 34.805328369
0.999996305 0.002661852 -0.000562556 0.522808969 -0.002659203 0.999985635 0.004658252 -0.988390684 0.000574948 -0.004656738 0.999988973 35.226848602
0.999996245 0.002726297 -0.000371031 0.531635225 -0.002724491 0.999984860 0.004787373 -1.002790451 0.000384077 -0.004786345 0.999988496 35.779018402
0.999995589 0.002951330 -0.000212046 0.542515755 -0.002950317 0.999984920 0.004631561 -1.013769984 0.000225712 -0.004630915 0.999989212 36.320667267
0.999996066 0.002694031 -0.000809048 0.564035058 -0.002690565 0.999987423 0.004255455 -1.024018764 0.000820503 -0.004253261 0.999990582 36.866653442
0.999994576 0.003270261 0.000333154 0.535429478 -0.003271824 0.999983072 0.004803323 -1.049286842 -0.000317441 -0.004804387 0.999988437 37.375801086
0.999995768 0.002886096 -0.000182624 0.524635673 -0.002885084 0.999981642 0.005321887 -1.075723886 0.000197980 -0.005321337 0.999985814 37.861408234
0.999995351 0.003024769 0.000183317 0.535599768 -0.003025586 0.999984741 0.004630840 -1.080758095 -0.000169307 -0.004631374 0.999989271 38.405681610
0.999996006 0.002720844 -0.000706920 0.558451474 -0.002717742 0.999986827 0.004352984 -1.092387438 0.000718754 -0.004351046 0.999990284 38.972690582
0.999997139 0.002250489 -0.000817543 0.572919846 -0.002246649 0.999986649 0.004667991 -1.109015584 0.000828037 -0.004666140 0.999988735 39.542274475
0.999997079 0.002225886 -0.000906780 0.594954610 -0.002221053 0.999983490 0.005295559 -1.136204481 0.000918552 -0.005293530 0.999985516 40.078136444
0.999994516 0.003215421 -0.000781518 0.580540538 -0.003211727 0.999983847 0.004684206 -1.127147079 0.000796567 -0.004681671 0.999988675 40.625263214
0.999995828 0.002857592 0.000466747 0.543027461 -0.002859827 0.999984086 0.004859549 -1.131714582 -0.000452853 -0.004860863 0.999988079 41.032855988
0.999992251 0.003904925 0.000653595 0.558762312 -0.003907797 0.999982536 0.004451332 -1.137007952 -0.000636202 -0.004453851 0.999989867 41.593864441
0.999994338 0.003333747 0.000517286 0.569439411 -0.003335967 0.999984920 0.004351585 -1.149004102 -0.000502771 -0.004353287 0.999990344 42.125934601
0.999995708 0.002942423 0.000080852 0.603782535 -0.002942778 0.999984264 0.004796926 -1.177759409 -0.000066736 -0.004797144 0.999988496 42.628524780
0.999996305 0.002709328 0.000156511 0.615441322 -0.002710161 0.999980628 0.005594623 -1.176197886 -0.000141351 -0.005595026 0.999984264 43.139453888
0.999995172 0.003015782 0.000686015 0.572884560 -0.003019307 0.999981940 0.005194554 -1.185492516 -0.000670337 -0.005196600 0.999986291 43.596107483
0.999995947 0.002618475 0.001132918 0.586196780 -0.002624123 0.999983907 0.005012421 -1.196670651 -0.001119775 -0.005015373 0.999986827 44.150421143
0.999994636 0.003247575 0.000452811 0.598127961 -0.003249942 0.999980450 0.005329391 -1.212902069 -0.000435495 -0.005330832 0.999985754 44.707080841
0.999996066 0.002763898 0.000539504 0.608279884 -0.002766741 0.999981880 0.005341941 -1.227921486 -0.000524729 -0.005343412 0.999985635 45.245361328
0.999995708 0.002784880 0.000895279 0.624866366 -0.002790179 0.999978304 0.005973134 -1.242832899 -0.000878625 -0.005975606 0.999981821 45.716190338
0.999997616 0.001996992 0.000807581 0.604054689 -0.002001573 0.999981701 0.005712540 -1.247810125 -0.000796158 -0.005714144 0.999983370 46.249393463
0.999996006 0.002571079 0.001139829 0.613841474 -0.002576642 0.999984682 0.004905922 -1.255013824 -0.001127198 -0.004908838 0.999987304 46.792751312
0.999993265 0.003445616 0.001277405 0.621266425 -0.003452084 0.999981046 0.005095927 -1.261639357 -0.001259822 -0.005100302 0.999986231 47.359306335
0.999997556 0.001847630 0.001173147 0.644345343 -0.001854497 0.999981046 0.005880172 -1.290590882 -0.001162260 -0.005882335 0.999982059 47.865188599
0.999992907 0.003282821 0.001861794 0.632586062 -0.003293428 0.999978244 0.005722732 -1.294471145 -0.001842967 -0.005728823 0.999981880 48.445178986
0.999994040 0.002915811 0.001841797 0.629000902 -0.002927087 0.999976814 0.006148750 -1.314185858 -0.001823826 -0.006154104 0.999979377 48.852886200
0.999994099 0.002861119 0.001921296 0.634473681 -0.002873044 0.999976456 0.006232168 -1.330190182 -0.001903420 -0.006237650 0.999978721 49.389411926
0.999995291 0.002517858 0.001735138 0.650074601 -0.002527958 0.999979794 0.005843087 -1.338028073 -0.001720390 -0.005847447 0.999981403 49.949546814
0.999997258 0.001831892 0.001457110 0.672174752 -0.001840460 0.999980867 0.005900477 -1.350203753 -0.001446273 -0.005903143 0.999981523 50.476840973
0.999996662 0.001914156 0.001774175 0.685780585 -0.001925486 0.999977589 0.006405972 -1.367950082 -0.001761873 -0.006409367 0.999977946 50.981269836
0.999994755 0.002327665 0.002257619 0.677002072 -0.002341824 0.999977469 0.006288778 -1.374317050 -0.002242930 -0.006294031 0.999977708 51.521957397
0.999995768 0.002540270 0.001430811 0.687586308 -0.002548889 0.999978423 0.006053936 -1.373468637 -0.001415403 -0.006057557 0.999980569 52.012310028
0.999993086 0.003299864 0.001765172 0.698729515 -0.003310295 0.999976873 0.005939637 -1.386247635 -0.001745531 -0.005945439 0.999980748 52.564472198
0.999992132 0.003634576 0.001568299 0.706332564 -0.003643294 0.999977708 0.005592632 -1.394867659 -0.001547938 -0.005598302 0.999983132 53.130996704
0.999991298 0.003844337 0.001641579 0.706976950 -0.003852541 0.999979913 0.005023756 -1.394517541 -0.001622233 -0.005030036 0.999985993 53.686454773
0.999992192 0.003593960 0.001672999 0.761348248 -0.003604205 0.999974549 0.006161806 -1.415693521 -0.001650812 -0.006167787 0.999979556 54.149707794
0.999996305 0.002085790 0.001794717 0.720385969 -0.002095529 0.999983013 0.005442077 -1.412555218 -0.001783335 -0.005445817 0.999983549 54.607738495
0.999994695 0.002427097 0.002135924 0.732022226 -0.002438566 0.999982536 0.005383238 -1.428557754 -0.002122821 -0.005388418 0.999983251 55.152660370
0.999994338 0.002413651 0.002346777 0.742161632 -0.002426135 0.999982834 0.005331481 -1.434403658 -0.002333869 -0.005337144 0.999983013 55.696212769
0.999996781 0.001970386 0.001582926 0.757687330 -0.001978237 0.999985695 0.004973870 -1.441961288 -0.001573103 -0.004976986 0.999986410 56.257888794
0.999993265 0.002865511 0.002256899 0.764439225 -0.002875263 0.999986470 0.004329399 -1.455063581 -0.002244462 -0.004335860 0.999988139 56.831058502
0.999994636 0.002408912 0.002231858 0.751757503 -0.002421408 0.999981344 0.005612739 -1.477502108 -0.002218296 -0.005618113 0.999981761 57.238910675
0.999993682 0.002703382 0.002321383 0.760774493 -0.002716354 0.999980688 0.005603308 -1.492325425 -0.002306191 -0.005609578 0.999981642 57.786304474
0.999993265 0.003096733 0.001968729 0.778213441 -0.003107099 0.999981225 0.005284666 -1.496992469 -0.001952327 -0.005290747 0.999984086 58.353672028
0.999994040 0.002893328 0.001915038 0.790673435 -0.002903021 0.999982893 0.005078331 -1.511537313 -0.001900312 -0.005083859 0.999985278 58.897789001
0.999990344 0.003702122 0.002395958 0.795142353 -0.003713484 0.999981821 0.004754880 -1.519903421 -0.002378311 -0.004763732 0.999985814 59.435390472
0.999989212 0.003200658 0.003404195 0.764310062 -0.003217272 0.999982893 0.004885680 -1.522724509 -0.003388500 -0.004896577 0.999982297 59.893848419
0.999991834 0.002689025 0.003035073 0.777853727 -0.002703101 0.999985576 0.004642949 -1.532615185 -0.003022544 -0.004651114 0.999984682 60.448410034
0.999992311 0.002107754 0.003338181 0.793109298 -0.002122472 0.999988079 0.004411357 -1.545660257 -0.003328843 -0.004418407 0.999984801 60.992160797
0.999991298 0.002818170 0.003088016 0.816421747 -0.002831066 0.999987245 0.004179257 -1.543757558 -0.003076199 -0.004187963 0.999986589 61.562828064
0.999990761 0.002657308 0.003368635 0.837090313 -0.002671330 0.999987781 0.004165067 -1.556255579 -0.003357525 -0.004174027 0.999985695 62.067298889
0.999986410 0.003108933 0.004175714 0.784577608 -0.003129069 0.999983609 0.004824250 -1.590339899 -0.004160646 -0.004837251 0.999979615 62.518337250
0.999978483 0.004550797 0.004732616 0.790364921 -0.004571334 0.999980152 0.004337572 -1.600603461 -0.004712784 -0.004359113 0.999979377 63.063831329
0.999982297 0.003729387 0.004640843 0.806570888 -0.003750972 0.999982178 0.004650812 -1.614129424 -0.004623415 -0.004668138 0.999978423 63.601623535
0.999982417 0.003790384 0.004557881 0.824825406 -0.003811967 0.999981523 0.004736063 -1.623593211 -0.004539845 -0.004753354 0.999978364 64.129142761
0.999987960 0.002331033 0.004330371 0.849183202 -0.002348404 0.999989212 0.004010626 -1.629104733 -0.004320975 -0.004020747 0.999982595 64.660835266
0.999985397 0.002746979 0.004648037 0.822705626 -0.002767683 0.999986231 0.004453588 -1.643268824 -0.004635739 -0.004466388 0.999979258 65.114631653
0.999982774 0.003490505 0.004723918 0.830659986 -0.003511099 0.999984264 0.004358267 -1.657137871 -0.004708631 -0.004374778 0.999979317 65.656547546
0.999986231 0.003154136 0.004204632 0.849851251 -0.003172176 0.999985754 0.004290693 -1.674839616 -0.004191038 -0.004303972 0.999981999 66.186340332
0.999980927 0.003692512 0.004962888 0.853890657 -0.003717300 0.999980569 0.004994917 -1.693933725 -0.004944348 -0.005013270 0.999975204 66.718856812
0.999976993 0.004150405 0.005368609 0.840729952 -0.004175024 0.999980807 0.004582424 -1.692964554 -0.005349487 -0.004604733 0.999975026 67.172889709
0.999971032 0.004865984 0.005850974 0.851573944 -0.004893543 0.999976993 0.004705202 -1.706712723 -0.005827944 -0.004733698 0.999971747 67.723251343
0.999966919 0.005171692 0.006282649 0.857435524 -0.005202423 0.999974489 0.004884716 -1.729706526 -0.006257226 -0.004917239 0.999968290 68.240921021
0.999973893 0.004078293 0.005971814 0.886646450 -0.004108365 0.999978840 0.005031925 -1.734713316 -0.005951165 -0.005056327 0.999969482 68.811447144
0.999964237 0.005369124 0.006527715 0.859337807 -0.005398778 0.999975085 0.004533791 -1.752201796 -0.006503210 -0.004568871 0.999968410 69.213104248
0.999964893 0.005085277 0.006646990 0.869401097 -0.005118733 0.999974251 0.005025648 -1.767194748 -0.006621262 -0.005059496 0.999965310 69.770256042
0.999955237 0.005804872 0.007467913 0.882297277 -0.005840744 0.999971449 0.004790640 -1.778068662 -0.007439890 -0.004834044 0.999960661 70.333549500
0.999952555 0.006296226 0.007438336 0.896764040 -0.006335428 0.999966085 0.005258568 -1.805165768 -0.007404975 -0.005305443 0.999958515 70.871475220
0.999961078 0.005699041 0.006731665 0.898660898 -0.005733346 0.999970615 0.005087862 -1.803929329 -0.006702471 -0.005126260 0.999964416 71.260314941
0.999962509 0.005577140 0.006622092 0.913108945 -0.005609400 0.999972403 0.004862979 -1.819297791 -0.006594788 -0.004899943 0.999966264 71.824157715
0.999957383 0.005877116 0.007114199 0.930710793 -0.005909781 0.999972045 0.004579159 -1.827818155 -0.007087088 -0.004621008 0.999964178 72.377593994
0.999963045 0.005113896 0.006903503 0.944543123 -0.005147498 0.999974966 0.004858294 -1.845970154 -0.006878485 -0.004893650 0.999964356 72.933410645
0.999962747 0.005144440 0.006928832 0.994417489 -0.005177372 0.999975324 0.004743185 -1.856512308 -0.006904260 -0.004778881 0.999964774 73.482383728
0.999952734 0.006261802 0.007438960 0.929498792 -0.006296385 0.999969423 0.004634526 -1.854845881 -0.007409713 -0.004681144 0.999961615 73.857917786
0.999950528 0.006277494 0.007715571 0.947504640 -0.006312328 0.999969840 0.004498600 -1.868200779 -0.007687100 -0.004547080 0.999960124 74.409179688
0.999948919 0.006470216 0.007766667 0.962335646 -0.006503729 0.999969602 0.004297392 -1.878210664 -0.007738627 -0.004347685 0.999960601 74.950874329
0.999948978 0.006288229 0.007900771 0.956301033 -0.006326185 0.999968529 0.004788364 -1.912567854 -0.007870412 -0.004838101 0.999957323 75.381439209
0.999947011 0.006765435 0.007752150 0.967835188 -0.006804353 0.999964297 0.005004872 -1.914254189 -0.007718013 -0.005057356 0.999957442 75.880744934
0.999948561 0.006279189 0.007958171 0.986020446 -0.006317405 0.999968588 0.004786231 -1.926138997 -0.007927867 -0.004836260 0.999956965 76.422492981
0.999939561 0.006754715 0.008678371 0.990800381 -0.006790600 0.999968469 0.004112207 -1.933902860 -0.008650322 -0.004170889 0.999953926 76.968818665
0.999938369 0.007206897 0.008446119 1.009649158 -0.007245156 0.999963522 0.004507983 -1.947746277 -0.008413323 -0.004568897 0.999954164 77.554138184
0.999931335 0.007095169 0.009325300 1.009550095 -0.007138376 0.999963880 0.004608341 -1.958159685 -0.009292267 -0.004674593 0.999945879 78.003631592
0.999925852 0.006504508 0.010301541 1.031541109 -0.006549388 0.999969125 0.004328854 -1.970499635 -0.010273066 -0.004396003 0.999937594 78.544227600
0.999899149 0.007485205 0.012070358 1.062693119 -0.007544267 0.999959707 0.004855141 -1.999426126 -0.012033531 -0.004945714 0.999915302 79.055900574
0.999872386 0.008138961 0.013745213 1.061544418 -0.008211541 0.999952555 0.005232200 -2.021546841 -0.013701977 -0.005344402 0.999891818 79.533103943
0.999827087 0.007624149 0.016959934 1.068915009 -0.007692488 0.999962568 0.003967832 -1.992379665 -0.016929047 -0.004097610 0.999848306 80.119453430
0.999754012 0.008119171 0.020634323 1.096752763 -0.008212370 0.999956489 0.004436028 -2.009184599 -0.020597408 -0.004604393 0.999777198 80.665435791
0.999702513 0.006939850 0.023380278 1.127052665 -0.007044549 0.999965549 0.004398700 -2.025454044 -0.023348942 -0.004562094 0.999716997 81.211585999
0.999609113 0.006645034 0.027154563 1.213571191 -0.006776843 0.999965668 0.004764867 -2.079349041 -0.027121969 -0.004947028 0.999619842 81.618400574
0.999368072 0.007697117 0.034699526 1.164664984 -0.007842756 0.999961019 0.004063018 -2.037455559 -0.034666900 -0.004332590 0.999389470 82.182563782
0.999153972 0.007371724 0.040459264 1.198986769 -0.007521283 0.999965489 0.003545572 -2.045173883 -0.040431727 -0.003846878 0.999174893 82.733154297
0.998907566 0.007211976 0.046168968 1.240260839 -0.007396332 0.999965429 0.003823497 -2.062905312 -0.046139792 -0.004160802 0.998926401 83.266204834
0.998515368 0.006776345 0.054047294 1.286704779 -0.006985624 0.999968827 0.003684178 -2.081510544 -0.054020643 -0.004056263 0.998531580 83.822166443
0.998036563 0.007643938 0.062165663 1.335790396 -0.007870145 0.999963284 0.003394708 -2.081642866 -0.062137440 -0.003877296 0.998060048 84.348579407
0.997606695 0.006711871 0.068818010 1.391667366 -0.006951013 0.999970555 0.003236106 -2.094143391 -0.068794273 -0.003706716 0.997624040 84.898735046
0.997037292 0.006467338 0.076646477 1.460985184 -0.006736411 0.999972045 0.003252559 -2.119188547 -0.076623298 -0.003759245 0.997052968 85.411384583
0.996169448 0.007736822 0.087100849 1.490602493 -0.008071874 0.999961257 0.003495187 -2.122307062 -0.087070428 -0.004184865 0.996193290 85.903015137
0.995354772 0.007044823 0.096017845 1.561441422 -0.007412756 0.999966502 0.003475761 -2.134375811 -0.095990144 -0.004171371 0.995373547 86.448860168
0.994552195 0.006765488 0.104019694 1.641672134 -0.007107836 0.999970436 0.002920843 -2.143745422 -0.103996858 -0.003644286 0.994570851 86.988029480
0.993321657 0.006177060 0.115212679 1.719540596 -0.006551243 0.999974370 0.002869386 -2.155645847 -0.115192004 -0.003605009 0.993336737 87.504844666
0.992033005 0.006414943 0.125814810 1.796867371 -0.006826425 0.999972582 0.002839671 -2.165112972 -0.125793174 -0.003675914 0.992049634 88.044929504
0.990769506 0.006422631 0.135404944 1.883637428 -0.006840713 0.999973118 0.002622595 -2.175896406 -0.135384470 -0.003524653 0.990786910 88.590133667
0.989346027 0.006399048 0.145442143 1.988986015 -0.006858184 0.999972939 0.002655638 -2.194074154 -0.145421207 -0.003624814 0.989363134 89.118850708
0.987504840 0.006696492 0.157446310 2.081399918 -0.007260503 0.999969065 0.003007355 -2.211749554 -0.157421291 -0.004112917 0.987522960 89.657592773
0.985760927 0.005499908 0.168062940 2.187769890 -0.005986326 0.999979258 0.002387761 -2.213613033 -0.168046281 -0.003359841 0.985773385 90.130317688
0.983818471 0.005040519 0.179097459 2.301965714 -0.005475674 0.999983251 0.001935460 -2.224087238 -0.179084659 -0.002884820 0.983829439 90.664718628
0.981329978 0.004933300 0.192268655 2.425579071 -0.005471465 0.999982417 0.002268171 -2.243576050 -0.192254081 -0.003277815 0.981339693 91.180290222
0.978895843 0.003650235 0.204327017 2.563231468 -0.004054739 0.999990582 0.001561063 -2.250344753 -0.204319358 -0.002356611 0.978901446 91.710678101
0.976619184 0.003999986 0.214939490 2.677961349 -0.004546244 0.999987543 0.002047146 -2.255049229 -0.214928597 -0.002976449 0.976625204 92.197883606
0.973571539 0.004595676 0.228336081 2.824058533 -0.005171625 0.999984801 0.001924103 -2.265178204 -0.228323728 -0.003054121 0.973580480 92.729194641
0.970367432 0.004345309 0.241595134 2.983249664 -0.005031528 0.999984860 0.002223503 -2.277422190 -0.241581798 -0.003373207 0.970374584 93.257759094
0.967480898 0.004405465 0.252905786 3.142324448 -0.005125151 0.999984503 0.002186933 -2.284934282 -0.252892226 -0.003411995 0.967488408 93.777839661
0.964813232 0.001730855 0.262930036 3.348075867 -0.002228015 0.999996245 0.001592710 -2.314960480 -0.262926280 -0.002122480 0.964813650 94.239334106
0.960685968 0.003642568 0.277613401 3.436782837 -0.004306808 0.999989092 0.001782919 -2.313027859 -0.277603894 -0.002908453 0.960691214 94.782348633
0.956959069 0.003047807 0.290206820 3.619419098 -0.003521741 0.999993205 0.001110850 -2.325449467 -0.290201485 -0.002085071 0.956963301 95.308547974
0.953393281 0.003783974 0.301706612 3.806386948 -0.004448983 0.999988973 0.001517032 -2.335887432 -0.301697552 -0.002788615 0.953399599 95.838500977
0.948961735 0.003198512 0.315374970 4.002634048 -0.003861274 0.999991536 0.001476709 -2.351336241 -0.315367579 -0.002619090 0.948965967 96.344062805
0.944226265 0.002744625 0.329285741 4.238641739 -0.003254544 0.999994159 0.000997360 -2.358892918 -0.329281121 -0.002013408 0.944229782 96.908828735
0.940084696 0.002666771 0.340930611 4.369045258 -0.003463933 0.999992490 0.001729497 -2.375313282 -0.340923399 -0.002806834 0.940086901 97.300506592
0.935347319 0.003040433 0.353717744 4.586168289 -0.004066975 0.999989450 0.002158879 -2.392980814 -0.353707373 -0.003457864 0.935349762 97.812202454
0.929826498 0.002314903 0.367990822 4.808332443 -0.003124154 0.999993861 0.001603388 -2.403385401 -0.367984921 -0.002640533 0.929828048 98.317535400
0.925115883 0.001521553 0.379681826 5.056108475 -0.002304113 0.999996066 0.001606673 -2.417535782 -0.379677892 -0.002361188 0.925115764 98.838966370
0.920140326 0.002253022 0.391582310 5.232162476 -0.003245982 0.999992907 0.001873815 -2.427456617 -0.391575336 -0.002995242 0.920141160 99.260047913
0.914265931 0.001141775 0.405113041 5.480365753 -0.002020085 0.999996424 0.001740561 -2.439532280 -0.405109614 -0.002409698 0.914264977 99.750198364
0.908305407 0.001123831 0.418306261 5.724811554 -0.002075616 0.999996185 0.001820357 -2.452851772 -0.418302625 -0.002521683 0.908304274 100.230018616
0.903223515 0.000137562 0.429170519 5.985652924 -0.000934120 0.999998212 0.001645403 -2.463995218 -0.429169565 -0.001887063 0.903222024 100.723098755
0.896356225 0.001317700 0.443332583 6.199459076 -0.002452151 0.999994993 0.001985661 -2.475947618 -0.443327755 -0.002866978 0.896354973 101.150222778
0.889481604 0.001057077 0.456969768 6.472049713 -0.002198891 0.999995708 0.001966870 -2.495195389 -0.456965685 -0.002754322 0.889480054 101.625297546
0.883517981 0.000590174 0.468396723 6.745983124 -0.001467414 0.999997795 0.001507940 -2.506238222 -0.468394786 -0.002019624 0.883516967 102.110404968
0.877992153 0.000679887 0.478674561 7.061790466 -0.001840432 0.999996305 0.001955401 -2.540825129 -0.478671461 -0.002597795 0.877990186 102.562667847
