1.000000000 0.000000000 0.000000000 0.000000000 0.000000000 1.000000000 0.000000000 0.000000000 0.000000000 0.000000000 1.000000000 0.000000000
1.000000000 0.000134579 0.000053237 0.000000381 -0.000134574 1.000000000 -0.000089093 0.000598394 -0.000053249 0.000089085 1.000000000 -0.000692647
1.000000000 0.000096178 0.000037086 -0.000096700 -0.000096176 1.000000000 -0.000059369 0.000838688 -0.000037092 0.000059366 1.000000000 -0.000298966
1.000000000 -0.000034086 0.000035458 0.000533430 0.000034086 1.000000000 -0.000007663 -0.000406640 -0.000035458 0.000007664 1.000000000 -0.002020930
1.000000000 -0.000016480 0.000002178 -0.000025295 0.000016480 1.000000000 -0.000065813 0.000538874 -0.000002177 0.000065813 1.000000000 -0.000964058
1.000000000 -0.000026123 0.000022335 -0.000191398 0.000026124 1.000000000 -0.000038905 -0.000260534 -0.000022334 0.000038906 1.000000000 -0.001054521
1.000000000 0.000027616 0.000026443 -0.000045771 -0.000027614 1.000000000 -0.000082826 0.000958027 -0.000026445 0.000082825 1.000000000 0.000386393
1.000000000 0.000061051 0.000051973 -0.000917264 -0.000061047 1.000000000 -0.000089147 0.000659317 -0.000051978 0.000089144 1.000000000 -0.000791885
1.000000000 0.000183539 0.000112631 -0.000846267 -0.000183529 1.000000000 -0.000081820 0.000694022 -0.000112646 0.000081799 1.000000000 -0.000403640
1.000000000 0.000133720 0.000077477 -0.000840459 -0.000133711 1.000000000 -0.000111973 0.000837410 -0.000077492 0.000111963 1.000000000 -0.002021653
1.000000000 0.000084953 0.000090716 -0.000367150 -0.000084946 1.000000000 -0.000083765 0.000901059 -0.000090723 0.000083757 1.000000000 -0.001350084
1.000000000 0.000128702 0.000159755 -0.000506931 -0.000128688 1.000000000 -0.000087196 0.000663437 -0.000159766 0.000087175 1.000000000 -0.002690022
1.000000000 0.000004365 0.000110456 -0.000786447 -0.000004363 1.000000000 -0.000017391 0.000043366 -0.000110456 0.000017390 1.000000000 -0.001047023
1.000000000 0.000029621 0.000060450 -0.000077592 -0.000029615 1.000000000 -0.000098215 0.001100828 -0.000060453 0.000098213 1.000000000 -0.001284498
1.000000000 0.000144965 0.000093044 -0.001231520 -0.000144952 1.000000000 -0.000133899 0.002177381 -0.000093063 0.000133886 1.000000000 0.000261312
1.000000000 0.000117822 0.000094660 -0.001502064 -0.000117802 1.000000000 -0.000212652 0.002613357 -0.000094685 0.000212641 1.000000000 0.001502655
0.999999940 0.000252613 0.000142559 -0.000991167 -0.000252597 0.999999940 -0.000111815 0.001255773 -0.000142587 0.000111779 1.000000000 0.000606831
1.000000000 0.000166400 0.000162547 -0.001382990 -0.000166381 1.000000000 -0.000117044 0.001667717 -0.000162566 0.000117017 1.000000000 -0.000622484
1.000000000 0.000086449 0.000133432 -0.000658481 -0.000086430 1.000000000 -0.000138563 0.001959863 -0.000133444 0.000138552 1.000000000 0.000371433
0.999999940 0.000199387 0.000164489 -0.001070965 -0.000199379 1.000000000 -0.000047455 0.001674996 -0.000164498 0.000047422 1.000000000 0.000404231
1.000000000 0.000010561 0.000116673 0.000011013 -0.000010546 1.000000000 -0.000123673 0.001558018 -0.000116674 0.000123672 1.000000000 -0.000595698
1.000000000 0.000068014 0.000084887 -0.000273371 -0.000068008 1.000000000 -0.000079467 0.001584655 -0.000084892 0.000079461 1.000000000 -0.000759759
0.999999940 0.000272924 0.000182815 -0.002013922 -0.000272885 0.999999940 -0.000216141 0.003254511 -0.000182874 0.000216092 0.999999940 0.002398897
1.000000000 0.000195628 0.000125187 -0.001326671 -0.000195612 1.000000000 -0.000125805 0.002039259 -0.000125211 0.000125781 1.000000000 0.000382063
1.000000000 0.000165565 0.000144737 -0.000420229 -0.000165562 1.000000000 -0.000026429 0.002100171 -0.000144741 0.000026405 1.000000000 0.001889769
1.000000000 0.000169383 0.000059073 0.000502281 -0.000169378 1.000000000 -0.000086984 0.001270450 -0.000059088 0.000086974 1.000000000 -0.001190592
0.999999940 0.000295608 0.000168049 -0.000948481 -0.000295586 0.999999940 -0.000130892 0.001981774 -0.000168088 0.000130842 1.000000000 0.001248206
0.999999940 0.000250589 0.000100300 -0.001019096 -0.000250573 0.999999940 -0.000152145 0.001802064 -0.000100338 0.000152120 1.000000000 0.000488288
1.000000000 0.000075907 0.000085068 -0.000551965 -0.000075892 1.000000000 -0.000170518 0.002186023 -0.000085081 0.000170512 1.000000000 -0.000094387
0.999999940 0.000231255 0.000122160 -0.001133657 -0.000231242 0.999999940 -0.000111322 0.001355621 -0.000122186 0.000111294 1.000000000 -0.000988296
0.999999940 0.000306876 0.000204592 -0.001865681 -0.000306848 0.999999940 -0.000136818 0.002152391 -0.000204634 0.000136755 0.999999940 0.000751749
0.999999940 0.000269292 0.000137756 -0.000630314 -0.000269260 0.999999940 -0.000232855 0.002755129 -0.000137819 0.000232818 0.999999940 0.000221220
0.999999940 0.000269516 0.000085355 0.000142742 -0.000269509 0.999999940 -0.000077500 0.001145507 -0.000085376 0.000077477 1.000000000 -0.000798432
0.999999940 0.000309861 0.000137792 -0.000433548 -0.000309848 0.999999940 -0.000095049 0.001197606 -0.000137821 0.000095006 1.000000000 -0.000715367
0.999999940 0.000271824 0.000067444 -0.000359484 -0.000271813 0.999999940 -0.000165427 0.002079957 -0.000067489 0.000165408 1.000000000 0.000111275
1.000000000 0.000174923 0.000165183 -0.001308390 -0.000174906 1.000000000 -0.000102083 0.001673006 -0.000165201 0.000102054 1.000000000 -0.000313981
0.999999940 0.000290338 0.000175156 -0.001696553 -0.000290303 0.999999940 -0.000200547 0.002229066 -0.000175215 0.000200496 0.999999940 0.001462592
0.999999940 0.000259359 0.000197720 -0.001261263 -0.000259333 0.999999940 -0.000131575 0.002483479 -0.000197755 0.000131523 1.000000000 0.001809367
0.999999881 0.000420961 0.000222133 -0.002061542 -0.000420932 0.999999881 -0.000131438 0.002479678 -0.000222188 0.000131345 0.999999940 0.000542544
0.999999940 0.000311387 0.000215675 -0.001921597 -0.000311362 0.999999940 -0.000119387 0.001507715 -0.000215712 0.000119320 0.999999940 0.000784208
0.999999940 0.000317612 0.000242846 -0.001278993 -0.000317588 0.999999940 -0.000098109 0.001725800 -0.000242878 0.000098032 0.999999940 -0.000992358
0.999999821 0.000516163 0.000236389 -0.002074925 -0.000516114 0.999999821 -0.000210300 0.003127781 -0.000236497 0.000210178 0.999999940 0.004003073
0.999999940 0.000329735 0.000191890 -0.000119612 -0.000329603 0.999999702 -0.000683559 -0.000738195 -0.000192115 0.000683496 0.999999762 0.047784891
1.000000000 0.000177306 0.000067374 0.004035526 -0.000177207 0.999998927 -0.001459302 -0.001174326 -0.000067633 0.001459290 0.999998927 0.140942872
0.999999940 0.000340486 0.000186265 0.004446067 -0.000340161 0.999998450 -0.001741942 -0.006075542 -0.000186857 0.001741878 0.999998450 0.251883805
0.999999940 -0.000032861 0.000308646 0.008735839 0.000033366 0.999998689 -0.001637118 -0.009387094 -0.000308592 0.001637128 0.999998629 0.384681463
0.999999940 0.000001223 0.000292397 0.010910607 -0.000000784 0.999998868 -0.001501622 -0.010513989 -0.000292399 0.001501621 0.999998808 0.530889392
0.999999940 -0.000005637 0.000271494 0.011688857 0.000005985 0.999999166 -0.001283276 -0.017361220 -0.000271487 0.001283278 0.999999166 0.683805466
1.000000000 0.000198516 0.000132912 0.019307842 -0.000198340 0.999999106 -0.001321843 -0.015560214 -0.000133174 0.001321816 0.999999106 0.844914615
0.999999940 0.000125602 0.000211737 0.021652259 -0.000125373 0.999999404 -0.001079234 -0.023217361 -0.000211873 0.001079208 0.999999404 1.017923713
0.999999881 0.000003429 0.000464093 0.024910746 -0.000003111 0.999999762 -0.000685419 -0.030808602 -0.000464096 0.000685418 0.999999642 1.194199324
0.999999940 -0.000093103 0.000381662 0.026903296 0.000093344 0.999999821 -0.000631541 -0.034274809 -0.000381604 0.000631577 0.999999702 1.371247888
0.999999940 -0.000165462 0.000254203 0.031670678 0.000165602 0.999999821 -0.000551090 -0.040799148 -0.000254112 0.000551132 0.999999821 1.587916613
0.999999940 0.000231677 0.000241690 0.032525111 -0.000231497 0.999999702 -0.000742705 -0.039957017 -0.000241862 0.000742649 0.999999702 1.786949039
1.000000000 0.000100379 0.000147541 0.042595185 -0.000100300 0.999999881 -0.000534041 -0.043892536 -0.000147594 0.000534027 0.999999821 1.986015558
0.999999940 -0.000254461 0.000210731 0.046334043 0.000254533 0.999999881 -0.000340837 -0.062166583 -0.000210644 0.000340891 0.999999940 2.203109026
0.999990821 -0.003883794 -0.001815153 0.076739199 0.003884092 0.999992371 0.000160533 -0.068851747 0.001814515 -0.000167582 0.999998331 2.326536417
0.999988735 -0.004351964 -0.001910153 0.082045294 0.004352981 0.999990344 0.000528218 -0.075113975 0.001907836 -0.000536527 0.999998033 2.556926727
0.999991357 -0.003841351 -0.001626411 0.082932703 0.003841491 0.999992549 0.000082436 -0.081282541 0.001626083 -0.000088683 0.999998629 2.785692692
0.999990463 -0.003923986 -0.001913139 0.091185585 0.003924411 0.999992251 0.000218940 -0.086961925 0.001912265 -0.000226446 0.999998093 2.999494076
0.999990940 -0.003799904 -0.001906804 0.098018460 0.003800129 0.999992728 0.000114741 -0.094401762 0.001906354 -0.000121986 0.999998212 3.239632607
0.999990344 -0.003883866 -0.002062340 0.105777882 0.003884418 0.999992430 0.000264190 -0.103428669 0.002061299 -0.000272198 0.999997854 3.489310026
0.999991059 -0.003755059 -0.001953525 0.110389128 0.003755610 0.999992907 0.000278441 -0.109479651 0.001952465 -0.000285776 0.999998033 3.758713007
0.999989927 -0.004072183 -0.001886435 0.108520456 0.004072946 0.999991715 0.000401278 -0.115703225 0.001884785 -0.000408957 0.999998152 3.963500500
0.999990284 -0.004050854 -0.001726294 0.112087689 0.004052111 0.999991536 0.000725296 -0.124702960 0.001723341 -0.000732284 0.999998271 4.222994328
0.999989867 -0.004140926 -0.001768337 0.116743632 0.004142862 0.999990761 0.001092748 -0.131517708 0.001763796 -0.001100063 0.999997795 4.477931976
0.999988019 -0.004493306 -0.001917445 0.122600339 0.004495204 0.999989331 0.000986673 -0.141053617 0.001912992 -0.000995281 0.999997675 4.725114822
0.999989748 -0.004150031 -0.001796940 0.132172659 0.004152307 0.999990523 0.001265368 -0.149449885 0.001791672 -0.001272817 0.999997556 4.984961987
0.999993265 -0.003482759 -0.001259316 0.113984853 0.003483919 0.999993503 0.000919771 -0.149933547 0.001256105 -0.000924152 0.999998808 5.215420723
0.999993861 -0.003285313 -0.001261842 0.121770136 0.003286264 0.999994338 0.000752125 -0.154240713 0.001259364 -0.000756267 0.999998987 5.479620934
0.999991059 -0.004005097 -0.001308726 0.127820432 0.004006452 0.999991357 0.001033854 -0.162434831 0.001304574 -0.001039088 0.999998629 5.747754097
0.999991059 -0.004013389 -0.001365566 0.136033207 0.004014628 0.999991477 0.000904784 -0.173436299 0.001361923 -0.000910258 0.999998689 6.025964260
0.999991894 -0.003797757 -0.001321337 0.140561596 0.003798687 0.999992490 0.000702282 -0.174169153 0.001318660 -0.000707296 0.999998927 6.311376572
0.999990404 -0.004165889 -0.001375163 0.138994977 0.004166558 0.999991298 0.000484508 -0.185139418 0.001373132 -0.000490233 0.999998927 6.558782578
0.999991298 -0.003969318 -0.001319815 0.147165298 0.003970612 0.999991655 0.000979701 -0.198397249 0.001315915 -0.000984933 0.999998689 6.856088638
0.999992311 -0.003733435 -0.001262671 0.153713405 0.003734593 0.999992549 0.000915786 -0.206594765 0.001259243 -0.000920494 0.999998748 7.158747196
0.999991238 -0.004047911 -0.001085741 0.156038806 0.004048617 0.999991596 0.000649485 -0.216898158 0.001083103 -0.000653875 0.999999166 7.473668575
0.999991059 -0.004040644 -0.001282644 0.168715179 0.004041807 0.999991417 0.000905591 -0.225526467 0.001278974 -0.000910767 0.999998748 7.789367199
0.999991000 -0.004052391 -0.001273654 0.170880303 0.004053724 0.999991238 0.001045685 -0.232936546 0.001269405 -0.001050839 0.999998569 8.041329384
0.999990165 -0.004255676 -0.001282632 0.176174060 0.004257019 0.999990404 0.001046883 -0.242989779 0.001278165 -0.001052333 0.999998629 8.371982574
0.999992490 -0.003652615 -0.001262155 0.183867395 0.003653710 0.999992967 0.000866945 -0.245819137 0.001258980 -0.000871550 0.999998808 8.713139534
0.999993563 -0.003453066 -0.001040533 0.181350991 0.003453960 0.999993682 0.000858479 -0.258031964 0.001037562 -0.000862067 0.999999106 9.064778328
0.999993801 -0.003413462 -0.000918426 0.197117925 0.003414388 0.999993622 0.001008140 -0.268014282 0.000914979 -0.001011269 0.999999046 9.422685623
0.999991477 -0.003917561 -0.001259071 0.195473284 0.003918739 0.999991894 0.000934658 -0.276201725 0.001255400 -0.000939584 0.999998689 9.690020561
0.999991179 -0.004079202 -0.000932763 0.200987920 0.004080056 0.999991238 0.000916157 -0.287585974 0.000929018 -0.000919955 0.999999106 10.052142143
0.999994159 -0.003283478 -0.000960398 0.207380742 0.003284513 0.999994099 0.001078031 -0.299919575 0.000956853 -0.001081179 0.999998927 10.404370308
0.999991775 -0.003757867 -0.001475736 0.221751764 0.003759332 0.999992430 0.000991575 -0.303283334 0.001471999 -0.000997115 0.999998450 10.775146484
0.999990761 -0.004231648 -0.000746664 0.209622413 0.004232493 0.999990344 0.001134172 -0.316567749 0.000741858 -0.001137321 0.999999106 11.104643822
0.999992371 -0.003825844 -0.000848995 0.220465451 0.003826586 0.999992311 0.000874861 -0.321887493 0.000845642 -0.000878103 0.999999285 11.482442856
0.999989748 -0.004412447 -0.001000821 0.229338542 0.004413868 0.999989152 0.001422704 -0.337749094 0.000994532 -0.001427107 0.999998450 11.869516373
0.999992490 -0.003841998 -0.000560774 0.240940735 0.003842935 0.999991238 0.001680291 -0.353937298 0.000554314 -0.001682433 0.999998391 12.256844521
0.999992907 -0.003701988 -0.000639555 0.234391451 0.003702872 0.999992192 0.001386542 -0.357271880 0.000634417 -0.001388900 0.999998748 12.613953590
0.999992549 -0.003806624 -0.000508239 0.244971350 0.003807372 0.999991655 0.001479745 -0.366199613 0.000502602 -0.001481669 0.999998748 13.016969681
0.999992192 -0.003955200 -0.000189131 0.251202524 0.003955516 0.999990761 0.001702059 -0.381814659 0.000182398 -0.001702794 0.999998450 13.430323601
0.999995470 -0.003014626 0.000038110 0.254292250 0.003014552 0.999993861 0.001811870 -0.392125905 -0.000043572 -0.001811747 0.999998271 13.846331596
0.999992847 -0.003754192 0.000201582 0.249995217 0.003753960 0.999992251 0.001139692 -0.398533851 -0.000205859 -0.001138927 0.999999344 14.217158318
0.999992669 -0.003805717 0.000164770 0.262226641 0.003805426 0.999991298 0.001732722 -0.413729489 -0.000171362 -0.001732082 0.999998510 14.646809578
0.999993503 -0.003538472 0.000686335 0.278412431 0.003537137 0.999991894 0.001935991 -0.427181244 -0.000693180 -0.001933551 0.999997973 15.084015846
0.999991417 -0.004066860 0.000748127 0.286147088 0.004066069 0.999991238 0.001054898 -0.432003945 -0.000752411 -0.001051847 0.999999166 15.517257690
0.999992728 -0.003558813 0.001367562 0.274969190 0.003556988 0.999992788 0.001334481 -0.448697895 -0.001372301 -0.001329607 0.999998152 15.914502144
0.999990821 -0.004026993 0.001447334 0.282306314 0.004025434 0.999991298 0.001078137 -0.458188921 -0.001451663 -0.001072301 0.999998391 16.369039536
0.999990821 -0.003774234 0.002010605 0.289125234 0.003772267 0.999992430 0.000980928 -0.461904943 -0.002014292 -0.000973334 0.999997497 16.835641861
0.999991059 -0.003727871 0.001961756 0.309735149 0.003725775 0.999992549 0.001070929 -0.472282529 -0.001965734 -0.001063610 0.999997437 17.310672760
0.999990165 -0.003443770 0.002795198 0.302608192 0.003439243 0.999992788 0.001622729 -0.501069486 -0.002800766 -0.001613099 0.999994755 17.681293488
0.999990880 -0.003054742 0.003011504 0.313459009 0.003048700 0.999993443 0.002008691 -0.514655352 -0.003017620 -0.001999492 0.999993384 18.155454636
0.999991059 -0.002987960 0.002991198 0.328303903 0.002981717 0.999993324 0.002089506 -0.528544247 -0.002997421 -0.002080569 0.999993324 18.613162994
0.999989331 -0.003171589 0.003356556 0.329940557 0.003166265 0.999993742 0.001590315 -0.534520507 -0.003361581 -0.001579670 0.999993086 19.072380066
0.999988675 -0.003703380 0.002970590 0.346252292 0.003697865 0.999991477 0.001859605 -0.550494194 -0.002977452 -0.001848599 0.999993920 19.549682617
0.999987066 -0.004279402 0.002726258 0.358507782 0.004274589 0.999989331 0.001768962 -0.558928132 -0.002733799 -0.001757286 0.999994695 20.047134399
0.999989092 -0.003933756 0.002522040 0.359056115 0.003928689 0.999990284 0.002010909 -0.569423258 -0.002529925 -0.002000978 0.999994814 20.492094040
0.999990523 -0.003755804 0.002228104 0.368157506 0.003750840 0.999990523 0.002228360 -0.583670795 -0.002236452 -0.002219981 0.999995053 20.993810654
0.999989092 -0.004211280 0.002022382 0.370615363 0.004207311 0.999989331 0.001962667 -0.596120834 -0.002030625 -0.001954137 0.999996066 21.492191315
0.999992967 -0.003281574 0.001890801 0.374687195 0.003277817 0.999992609 0.001987568 -0.608186305 -0.001897309 -0.001981355 0.999996185 21.946790695
0.999996662 -0.001946979 0.001669711 0.383723021 0.001943934 0.999996424 0.001823904 -0.618379533 -0.001673256 -0.001820652 0.999996901 22.474380493
0.999996424 -0.002329121 0.001355382 0.383661747 0.002326868 0.999995887 0.001661528 -0.631123781 -0.001359246 -0.001658368 0.999997675 23.015270233
0.999988854 -0.004689147 0.000429623 0.392056763 0.004688439 0.999987662 0.001633826 -0.655961394 -0.000437279 -0.001631794 0.999998569 23.459045410
0.999992549 -0.003832694 -0.000368815 0.400687277 0.003833566 0.999989808 0.002394573 -0.669869304 0.000359634 -0.002395969 0.999997020 24.000963211
0.999993503 -0.003549387 -0.000574915 0.414476395 0.003550760 0.999990821 0.002403696 -0.683989882 0.000566378 -0.002405722 0.999996901 24.540382385
0.999993443 -0.003438387 -0.001110384 0.404849738 0.003441245 0.999990761 0.002582325 -0.698605716 0.001101495 -0.002586129 0.999996006 25.001350403
0.999993920 -0.003182642 -0.001420192 0.409739673 0.003185597 0.999992847 0.002083583 -0.710837007 0.001413550 -0.002088094 0.999996841 25.556913376
0.999989986 -0.004047361 -0.001895366 0.426767647 0.004051333 0.999989629 0.002096728 -0.718965590 0.001886860 -0.002104386 0.999995947 26.094636917
0.999992192 -0.003265869 -0.002194714 0.423831016 0.003272507 0.999990046 0.003027980 -0.745725334 0.002184802 -0.003035139 0.999993026 26.548162460
0.999992728 -0.002838971 -0.002547105 0.435620248 0.002847421 0.999990404 0.003319978 -0.765966237 0.002537655 -0.003327207 0.999991238 27.093500137
0.999990702 -0.003098613 -0.002999401 0.450243473 0.003108113 0.999990165 0.003167945 -0.772405267 0.002989555 -0.003177238 0.999990523 27.641427994
0.999986947 -0.003225335 -0.003970865 0.458913356 0.003237680 0.999989927 0.003106439 -0.785905302 0.003960805 -0.003119254 0.999987304 28.180688858
0.999990284 -0.002522175 -0.003595248 0.442268103 0.002532367 0.999992728 0.002833314 -0.794840574 0.003588075 -0.002842391 0.999989510 28.618741989
0.999987364 -0.002600934 -0.004307884 0.447985500 0.002613480 0.999992311 0.002909110 -0.808407247 0.004300285 -0.002920332 0.999986410 29.167051315
0.999984086 -0.003266220 -0.004589003 0.463189006 0.003280195 0.999989927 0.003040834 -0.821846008 0.004579024 -0.003055839 0.999984801 29.714330673
0.999982119 -0.002907429 -0.005223606 0.471024752 0.002923721 0.999990880 0.003114033 -0.844664872 0.005214504 -0.003129251 0.999981463 30.247499466
0.999978840 -0.004127687 -0.005024784 0.475178480 0.004144632 0.999985814 0.003366664 -0.868769109 0.005010816 -0.003387419 0.999981701 30.796339035
0.999985576 -0.003012866 -0.004471015 0.456355065 0.003030635 0.999987662 0.003972870 -0.892324507 0.004458989 -0.003986363 0.999982059 31.176076889
0.999985993 -0.002436181 -0.004699857 0.461001873 0.002456876 0.999987364 0.004402461 -0.909452915 0.004689072 -0.004413946 0.999979258 31.717437744
0.999986351 -0.002319391 -0.004686540 0.459981859 0.002336376 0.999990702 0.003621977 -0.912448823 0.004678096 -0.003632877 0.999982476 32.287483215
0.999985695 -0.002947574 -0.004464122 0.466638863 0.002965945 0.999987185 0.004114256 -0.937670648 0.004451938 -0.004127438 0.999981523 32.807353973
0.999983311 -0.002980790 -0.004941096 0.460368931 0.003000062 0.999987960 0.003897561 -0.937398076 0.004929418 -0.003912320 0.999980211 33.376007080
0.999983788 -0.002930265 -0.004877945 0.468220234 0.002949429 0.999987960 0.003925992 -0.960604787 0.004866382 -0.003940315 0.999980390 33.761573792
0.999983132 -0.003194764 -0.004846320 0.475142807 0.003213564 0.999987304 0.003876537 -0.972671151 0.004833874 -0.003892046 0.999980748 34.316848755
0.999984622 -0.002846556 -0.004754341 0.477229774 0.002864993 0.999988377 0.003875636 -0.974318743 0.004743254 -0.003889197 0.999981165 34.859188080
0.999985158 -0.002818554 -0.004648158 0.481800497 0.002836978 0.999988139 0.003961885 -0.995409966 0.004636937 -0.003975013 0.999981284 35.419368744
0.999981821 -0.003165087 -0.005133850 0.488411009 0.003185453 0.999987066 0.003963659 -1.012947083 0.005121237 -0.003979941 0.999978960 35.807174683
0.999981105 -0.002909051 -0.005409697 0.501550972 0.002928817 0.999989092 0.003649495 -1.023086548 0.005399021 -0.003665270 0.999978662 36.359531403
0.999981105 -0.003003651 -0.005368739 0.508113742 0.003024155 0.999988139 0.003815092 -1.036233544 0.005357217 -0.003831255 0.999978364 36.894821167
0.999985158 -0.002513845 -0.004836228 0.491680533 0.002533805 0.999988317 0.004125785 -1.052187204 0.004825799 -0.004137978 0.999979734 37.411033630
0.999984801 -0.002455527 -0.004922030 0.499926925 0.002475367 0.999988794 0.004028945 -1.060412765 0.004912081 -0.004041068 0.999979734 37.825428009
0.999981642 -0.003015484 -0.005252068 0.511879981 0.003033977 0.999989152 0.003516782 -1.069553375 0.005241406 -0.003532652 0.999980032 38.373043060
0.999981821 -0.002974882 -0.005233039 0.516750336 0.002995084 0.999988019 0.003856825 -1.079408884 0.005221503 -0.003872429 0.999978900 38.947998047
0.999981880 -0.002383171 -0.005532031 0.540379465 0.002406131 0.999988437 0.004147337 -1.109251976 0.005522084 -0.004160573 0.999976158 39.451297760
0.999988675 -0.002011578 -0.004317952 0.506367326 0.002029720 0.999989092 0.004201169 -1.114932418 0.004309454 -0.004209886 0.999981880 39.851009369
0.999986112 -0.001752733 -0.004978848 0.520674288 0.001773312 0.999989867 0.004131839 -1.131451964 0.004971555 -0.004140611 0.999979079 40.395214081
0.999987185 -0.001751860 -0.004758427 0.534265637 0.001771442 0.999989927 0.004114172 -1.140330315 0.004751172 -0.004122549 0.999980211 40.946411133
0.999988735 -0.000957964 -0.004649296 0.526320577 0.000977504 0.999990702 0.004202502 -1.155487895 0.004645226 -0.004207000 0.999980390 41.492816925
0.999985218 -0.002155261 -0.004980306 0.554021955 0.002178618 0.999986529 0.004689269 -1.176809072 0.004970132 -0.004700051 0.999976695 42.025909424
0.999989152 -0.002100516 -0.004152495 0.527253032 0.002119269 0.999987483 0.004516902 -1.183259249 0.004142955 -0.004525653 0.999981165 42.371177673
0.999989688 -0.001725830 -0.004198487 0.540093899 0.001743650 0.999989450 0.004244450 -1.194694519 0.004191117 -0.004251726 0.999982178 42.921722412
0.999989808 -0.001730358 -0.004166040 0.552985668 0.001748334 0.999989152 0.004315084 -1.213691592 0.004158527 -0.004322323 0.999981999 43.466278076
0.999985695 -0.002361121 -0.004802890 0.573798716 0.002380810 0.999988794 0.004097626 -1.233255625 0.004793162 -0.004109001 0.999980032 43.988933563
0.999984443 -0.001741378 -0.005293932 0.598919213 0.001764823 0.999988675 0.004427365 -1.244327307 0.005286162 -0.004436640 0.999976099 44.492805481
0.999987781 -0.001159657 -0.004810433 0.598238051 0.001174855 0.999994338 0.003157858 -1.193157673 0.004806744 -0.003163471 0.999983370 44.879096985
0.999987900 -0.000626252 -0.004868036 0.604654670 0.000644261 0.999992907 0.003698921 -1.214657068 0.004865688 -0.003702012 0.999981284 45.419284821
0.999987781 -0.000855941 -0.004871319 0.612750649 0.000872780 0.999993682 0.003455605 -1.229342103 0.004868332 -0.003459814 0.999982119 45.975658417
0.999989271 -0.000601789 -0.004604229 0.631954908 0.000619749 0.999992251 0.003900436 -1.238352299 0.004601846 -0.003903248 0.999981761 46.503540039
0.999987543 -0.001315695 -0.004819809 0.642317295 0.001331331 0.999993861 0.003242226 -1.243455172 0.004815513 -0.003248602 0.999983132 47.068012238
0.999989271 -0.001549637 -0.004370340 0.603485584 0.001565984 0.999991715 0.003739548 -1.267152309 0.004364510 -0.003746351 0.999983430 47.385902405
0.999991417 -0.001059736 -0.004004314 0.602547944 0.001077510 0.999989629 0.004438828 -1.285379887 0.003999569 -0.004443105 0.999982119 47.917407990
0.999990761 -0.001092598 -0.004162245 0.612552047 0.001109414 0.999991179 0.004040034 -1.295175672 0.004157796 -0.004044613 0.999983132 48.458820343
0.999987185 -0.001557573 -0.004822026 0.641586363 0.001574530 0.999992609 0.003514773 -1.303765893 0.004816516 -0.003522320 0.999982178 48.975383759
0.999985099 -0.001909920 -0.005116369 0.656149209 0.001929887 0.999990582 0.003900506 -1.316765666 0.005108870 -0.003910322 0.999979317 49.502017975
0.999989569 -0.001733510 -0.004229916 0.621926785 0.001748338 0.999992311 0.003504100 -1.327812672 0.004223809 -0.003511458 0.999984920 49.875690460
0.999989152 -0.001886951 -0.004272519 0.633323550 0.001902294 0.999991655 0.003589815 -1.338970542 0.004265711 -0.003597903 0.999984443 50.410198212
0.999986112 -0.002481966 -0.004656363 0.649863720 0.002499027 0.999990165 0.003661643 -1.349931479 0.004647227 -0.003673228 0.999982417 50.963088989
0.999990284 -0.001626360 -0.004109201 0.648326218 0.001640259 0.999992847 0.003381024 -1.364830971 0.004103674 -0.003387731 0.999985814 51.510406494
0.999988616 -0.002024321 -0.004328218 0.666832387 0.002039850 0.999991417 0.003586514 -1.378239036 0.004320920 -0.003595302 0.999984145 52.051876068
0.999993086 -0.000947330 -0.003580526 0.641505718 0.000958967 0.999994278 0.003249777 -1.385487318 0.003577426 -0.003253188 0.999988258 52.375480652
0.999994099 -0.000951459 -0.003297274 0.647657335 0.000962428 0.999994040 0.003326745 -1.394963384 0.003294088 -0.003329899 0.999989033 52.930339813
0.999994457 -0.001164924 -0.003117796 0.652964950 0.001176129 0.999992847 0.003594653 -1.405436516 0.003113586 -0.003598300 0.999988675 53.471866608
0.999994576 -0.000568396 -0.003235501 0.664133310 0.000578743 0.999994755 0.003198111 -1.422586083 0.003233666 -0.003199967 0.999989688 54.049785614
0.999994457 0.000349098 -0.003316806 0.673230648 -0.000339337 0.999995708 0.002942959 -1.420398235 0.003317820 -0.002941818 0.999990165 54.572265625
0.999996901 0.000765659 -0.002378403 0.634626389 -0.000755982 0.999991417 0.004066928 -1.460861325 0.002381496 -0.004065117 0.999988914 54.893165588
0.999998510 0.000495351 -0.001647190 0.642192364 -0.000489014 0.999992430 0.003845206 -1.471826077 0.001649083 -0.003844395 0.999991238 55.435577393
0.999997675 -0.000111792 -0.002135970 0.655222654 0.000119514 0.999993503 0.003615668 -1.481440544 0.002135552 -0.003615915 0.999991179 55.973728180
0.999996841 -0.000150168 -0.002533687 0.670406044 0.000159561 0.999993086 0.003707553 -1.496557832 0.002533112 -0.003707945 0.999989927 56.519519806
0.999992728 -0.001134423 -0.003650205 0.697937727 0.001145915 0.999994397 0.003147484 -1.498150468 0.003646614 -0.003151644 0.999988437 57.050197601
0.999996841 -0.000103160 -0.002520197 0.655392349 0.000112016 0.999993801 0.003514324 -1.506438017 0.002519818 -0.003514595 0.999990642 57.392013550
0.999997139 -0.000270125 -0.002407980 0.667543948 0.000278388 0.999994040 0.003432004 -1.518134832 0.002407039 -0.003432665 0.999991179 57.941757202
0.999996603 -0.000656780 -0.002515366 0.689199507 0.000665677 0.999993563 0.003537574 -1.532674551 0.002513026 -0.003539236 0.999990582 58.495700836
0.999997973 0.000352946 -0.001967064 0.692386746 -0.000344612 0.999990940 0.004235616 -1.554505587 0.001968541 -0.004234930 0.999989092 58.997344971
0.999997616 0.000720160 -0.002036850 0.706255674 -0.000712489 0.999992669 0.003763996 -1.562505603 0.002039545 -0.003762536 0.999990880 59.533630371
0.999998987 -0.000324648 -0.001378211 0.648519039 0.000329128 0.999994576 0.003251560 -1.565324783 0.001377148 -0.003252010 0.999993742 59.881912231
0.999999583 0.000030176 -0.000945120 0.654251456 -0.000027413 0.999995649 0.002922850 -1.579461455 0.000945205 -0.002922823 0.999995291 60.432498932
0.999999404 0.000435647 -0.001016836 0.664784908 -0.000432537 0.999995172 0.003056920 -1.593090773 0.001018163 -0.003056478 0.999994814 60.982982635
0.999998868 -0.000261345 -0.001446426 0.677425086 0.000265841 0.999995053 0.003108811 -1.605997920 0.001445606 -0.003109192 0.999994099 61.493423462
0.999999225 -0.000409265 -0.001140252 0.679931223 0.000412181 0.999996603 0.002557658 -1.621413946 0.001139201 -0.002558126 0.999996066 62.009059906
0.999999106 -0.000241171 -0.001254049 0.650811493 0.000245640 0.999993563 0.003564673 -1.648052216 0.001253181 -0.003564978 0.999992847 62.347370148
0.999998927 -0.000767277 -0.001209285 0.664779723 0.000771381 0.999993920 0.003397344 -1.656915188 0.001206672 -0.003398273 0.999993503 62.908653259
0.999999285 -0.000241205 -0.001099500 0.673180878 0.000245170 0.999993443 0.003608525 -1.672906637 0.001098623 -0.003608792 0.999992907 63.454727173
0.999999225 -0.000668299 -0.000968971 0.671898663 0.000672063 0.999992192 0.003889838 -1.691817164 0.000966364 -0.003890487 0.999992013 63.941864014
0.999998152 -0.000811507 -0.001702556 0.773812473 0.000815870 0.999996364 0.002562635 -1.685302019 0.001700470 -0.002564020 0.999995291 64.633964539
0.999999940 -0.000184312 0.000377870 0.610529363 0.000183099 0.999994874 0.003203733 -1.697325230 -0.000378458 -0.003203664 0.999994814 64.843284607
0.999999762 0.000658687 0.000369796 0.619631410 -0.000659987 0.999993682 0.003522323 -1.706128001 -0.000367473 -0.003522566 0.999993742 65.398391724
0.999999225 0.000818739 0.000914262 0.632496953 -0.000821496 0.999995172 0.003017714 -1.717821717 -0.000911786 -0.003018463 0.999995112 65.933265686
0.999999642 0.000509451 0.000652347 0.637594104 -0.000511261 0.999996066 0.002776031 -1.728547573 -0.000650931 -0.002776364 0.999995947 66.456924438
0.999998748 0.000859747 0.001348100 0.637499928 -0.000863869 0.999994934 0.003059740 -1.749409676 -0.001345462 -0.003060901 0.999994457 66.963844299
0.999998510 0.001037174 0.001376486 0.602127194 -0.001041731 0.999993980 0.003314213 -1.776629686 -0.001373041 -0.003315642 0.999993563 67.351470947
0.999999404 0.000813196 0.000827167 0.617673755 -0.000816148 0.999993324 0.003574864 -1.787617087 -0.000824255 -0.003575537 0.999993205 67.914634705
0.999996722 0.002298334 0.001180609 0.617837548 -0.002302349 0.999991596 0.003410618 -1.803453088 -0.001172761 -0.003413325 0.999993443 68.473884583
0.999995291 0.002622914 0.001608691 0.626862049 -0.002628682 0.999990046 0.003594499 -1.825350881 -0.001599246 -0.003598711 0.999992251 69.008583069
0.999996305 0.002159555 0.001667744 0.616725922 -0.002164889 0.999992549 0.003203141 -1.826447248 -0.001660814 -0.003206739 0.999993503 69.365234375
0.999994159 0.002991363 0.001702832 0.636233032 -0.002996408 0.999991179 0.002968768 -1.839323521 -0.001693937 -0.002973852 0.999994218 69.917396545
0.999994993 0.002683521 0.001713242 0.650098979 -0.002688159 0.999992728 0.002710623 -1.847469091 -0.001705955 -0.002715215 0.999994874 70.483963013
0.999991834 0.003281766 0.002388231 0.649374366 -0.003287856 0.999991417 0.002551301 -1.852393627 -0.002379837 -0.002559132 0.999993980 71.033134460
0.999994516 0.002236481 0.002452474 0.641005993 -0.002244059 0.999992728 0.003092008 -1.884036422 -0.002445541 -0.003097495 0.999992192 71.483581543
0.999997258 0.000547882 0.002273149 0.659243762 -0.000553900 0.999996364 0.002647552 -1.894402266 -0.002271690 -0.002648804 0.999993861 72.020523071
0.999996722 0.000931332 0.002394932 0.670780778 -0.000937739 0.999996006 0.002675863 -1.912848592 -0.002392431 -0.002678100 0.999993563 72.566200256
0.999996781 0.001201812 0.002221555 0.699851692 -0.001207869 0.999995530 0.002727721 -1.911791086 -0.002218267 -0.002730396 0.999993742 73.168670654
0.999992073 0.002648191 0.002963841 0.640549123 -0.002657072 0.999991953 0.002995809 -1.932877421 -0.002955884 -0.003003661 0.999991119 73.630722046
0.999989152 0.003288360 0.003306484 0.651547074 -0.003297758 0.999990523 0.002840455 -1.948905230 -0.003297112 -0.002851328 0.999990523 74.186653137
0.999983668 0.003991445 0.004067214 0.651578367 -0.004003959 0.999987245 0.003073122 -1.959656954 -0.004054896 -0.003089357 0.999987006 74.740203857
0.999987721 0.003308410 0.003693251 0.667501688 -0.003319581 0.999989927 0.003022410 -1.976203799 -0.003683214 -0.003034633 0.999988616 75.325630188
0.999980927 0.003966359 0.004739145 0.607769907 -0.003982421 0.999986351 0.003384545 -2.019220591 -0.004725656 -0.003403353 0.999983072 75.781692505
0.999978483 0.003541980 0.005513808 0.626541257 -0.003556901 0.999989986 0.002698696 -2.028588057 -0.005504194 -0.002718249 0.999981225 76.333747864
0.999969900 0.003297827 0.007021976 0.641125441 -0.003317709 0.999990523 0.002821622 -2.041928053 -0.007012604 -0.002844833 0.999971449 76.874458313
0.999961853 0.003549373 0.007984884 0.653111875 -0.003569881 0.999990284 0.002555401 -2.063670397 -0.007975738 -0.002583808 0.999964893 77.420585632
0.999949574 0.002900805 0.009611712 0.644012094 -0.002928678 0.999991477 0.002887036 -2.071899176 -0.009603257 -0.002915040 0.999949574 77.864768982
0.999911964 0.003106298 0.012901594 0.667920172 -0.003145915 0.999990404 0.003051474 -2.083938122 -0.012891993 -0.003091792 0.999912024 78.422248840
0.999858975 0.003356927 0.016449902 0.703588068 -0.003411791 0.999988616 0.003308278 -2.098465919 -0.016438611 -0.003363935 0.999859214 78.974594116
0.999786854 0.003053322 0.020416893 0.692938924 -0.003104115 0.999992132 0.002456552 -2.091395617 -0.020409234 -0.002519405 0.999788523 79.563896179
0.999685109 0.003581662 0.024836592 0.689925075 -0.003661504 0.999988258 0.003169930 -2.145162821 -0.024824947 -0.003259871 0.999686480 80.000076294
0.999509037 0.003841472 0.031096986 0.721941233 -0.003945408 0.999986827 0.003281620 -2.159446716 -0.031083971 -0.003402699 0.999510944 80.545288086
0.999303520 0.004149131 0.037085142 0.746063709 -0.004264111 0.999986291 0.003021887 -2.170261383 -0.037072096 -0.003177917 0.999307573 81.112892151
0.999081373 0.003760115 0.042690329 0.777316093 -0.003902988 0.999987066 0.003263882 -2.188355446 -0.042677503 -0.003427503 0.999083042 81.662567139
0.998716176 0.003567323 0.050529521 0.819656134 -0.003728123 0.999988198 0.003088379 -2.192476988 -0.050517920 -0.003272794 0.998717725 82.078697205
0.998295128 0.003230354 0.058278091 0.878827810 -0.003415270 0.999989331 0.003073684 -2.210502148 -0.058267552 -0.003267479 0.998295605 82.615776062
0.997824728 0.003671720 0.065819874 0.918629646 -0.003867178 0.999988437 0.002842416 -2.215956450 -0.065808676 -0.003090770 0.997827470 83.169189453
0.997344911 0.002300111 0.072786026 1.006264210 -0.002477901 0.999994159 0.002352434 -2.217683554 -0.072780192 -0.002526545 0.997344732 83.719306946
0.996489584 0.003171538 0.083655991 0.988707542 -0.003443536 0.999989271 0.003107295 -2.270648956 -0.083645239 -0.003384460 0.996489763 84.188468933
0.995717287 0.002965366 0.092402130 1.057556152 -0.003264352 0.999989986 0.003084724 -2.283085108 -0.092392035 -0.003373147 0.995716929 84.736045837
0.994950891 0.002781757 0.100324459 1.136465073 -0.003100399 0.999990702 0.003020335 -2.294056416 -0.100315116 -0.003316131 0.994950116 85.274551392
0.993754029 0.002992313 0.111552507 1.203020096 -0.003342484 0.999990106 0.002952183 -2.300198793 -0.111542560 -0.003306607 0.993754208 85.801109314
0.992413998 0.003315060 0.122895993 1.247547150 -0.003731763 0.999988019 0.003160666 -2.317423105 -0.122884028 -0.003595308 0.992414534 86.299751282
0.991304696 0.002512448 0.131562233 1.340200424 -0.002898867 0.999992132 0.002745720 -2.336693048 -0.131554261 -0.003103227 0.991304100 86.840644836
0.989931464 0.002152496 0.141530752 1.434514999 -0.002618264 0.999991775 0.003104802 -2.354197979 -0.141522884 -0.003444107 0.989928961 87.377342224
0.988214612 0.001574183 0.153066292 1.559250832 -0.001991394 0.999994755 0.002572412 -2.362779379 -0.153061435 -0.002846911 0.988212585 87.928199768
0.986336052 0.001977854 0.164733782 1.625023842 -0.002480559 0.999992847 0.002845955 -2.372605085 -0.164727002 -0.003215700 0.986333966 88.414588928
0.984510779 0.001593559 0.175316945 1.739662170 -0.002153659 0.999993145 0.003004575 -2.386690617 -0.175310954 -0.003335609 0.984507442 88.951408386
0.982060492 0.001602054 0.188558966 1.857963562 -0.002185839 0.999993384 0.002888124 -2.401954174 -0.188553095 -0.003248472 0.982057631 89.477996826
0.979497015 0.001495638 0.201453120 1.990221024 -0.002072261 0.999994338 0.002651453 -2.402546883 -0.201448008 -0.003014554 0.979494631 90.063323975
0.977283955 0.000333743 0.211933851 2.110754013 -0.000909378 0.999996126 0.002618642 -2.430236340 -0.211932167 -0.002751885 0.977280498 90.579162598
0.974404216 0.000548267 0.224802285 2.258836746 -0.001257026 0.999994695 0.003009699 -2.450615644 -0.224799454 -0.003215246 0.974399745 91.095146179
0.971257508 -0.000191294 0.238031343 2.414335251 -0.000540728 0.999995351 0.003010020 -2.456160069 -0.238030821 -0.003052215 0.971252799 91.616394043
0.968523681 -0.000622077 0.248920768 2.566009521 -0.000149634 0.999995232 0.003081294 -2.476630926 -0.248921514 -0.003021553 0.968518913 92.144393921
0.964940012 0.000697322 0.262469471 2.684165955 -0.001456494 0.999995232 0.002697878 -2.459707975 -0.262466341 -0.002985575 0.964936554 92.721992493
0.961156905 0.001050869 0.276000530 2.864301682 -0.001875340 0.999994576 0.002723303 -2.468004227 -0.275996208 -0.003135117 0.961153686 93.250900269
0.957517385 0.000283654 0.288375318 3.050090790 -0.001035196 0.999996424 0.002453627 -2.478875399 -0.288373619 -0.002647916 0.957514405 93.753425598
0.954126954 0.000293853 0.299402237 3.227039337 -0.001160275 0.999995649 0.002716074 -2.498016357 -0.299400151 -0.002938868 0.954123259 94.304634094
0.949456573 -0.000197969 0.313898355 3.385717392 -0.000615518 0.999996722 0.002492451 -2.499059677 -0.313897759 -0.002559684 0.949453354 94.831047058
0.944790363 -0.000290560 0.327675283 3.593084335 -0.000569031 0.999996662 0.002527422 -2.511089802 -0.327674896 -0.002574342 0.944787085 95.348541260
0.940757036 -0.000829808 0.339080393 3.790563583 -0.000207400 0.999995470 0.003022638 -2.526290894 -0.339081407 -0.002913893 0.940752566 95.857612610
0.936216176 -0.001272307 0.351422250 4.017206192 0.000481808 0.999997199 0.002336866 -2.536221027 -0.351424217 -0.002018494 0.936214149 96.376136780
0.930512607 -0.001307471 0.366257459 4.215408325 0.000450389 0.999996960 0.002425546 -2.549573421 -0.366259515 -0.002092043 0.930510402 96.948852539
0.925605118 -0.001289523 0.378488302 4.445636749 0.000374143 0.999996841 0.002492047 -2.561939716 -0.378490329 -0.002165043 0.925602734 97.448318481
0.920736253 -0.001018680 0.390184283 4.667684555 -0.000010081 0.999996543 0.002634546 -2.577663660 -0.390185565 -0.002429655 0.920733035 97.959945679
0.914977074 -0.002091894 0.403500289 4.906734467 0.000865552 0.999994457 0.003221614 -2.604735613 -0.403504789 -0.002598452 0.914973915 98.392677307
0.908512115 -0.001086702 0.417857051 5.164150238 -0.000214895 0.999995410 0.003067872 -2.616353512 -0.417858362 -0.002876995 0.908507526 99.006378174
0.903492689 -0.002052889 0.428598583 5.422737122 0.000927413 0.999995589 0.002834748 -2.629575014 -0.428602457 -0.002163686 0.903490543 99.490066528
0.897307813 -0.002455035 0.441398561 5.689029694 0.001278094 0.999994874 0.002963712 -2.640285969 -0.441403508 -0.002095213 0.897306204 99.965560913
0.890307546 -0.001997975 0.455355406 5.949588776 0.000929311 0.999996364 0.002570731 -2.648958445 -0.455358833 -0.001865574 0.890306056 100.471046448
0.884549499 -0.003334018 0.466434360 6.214572906 0.001990061 0.999992430 0.003373862 -2.682855368 -0.466442019 -0.002056115 0.884549379 100.877731323
0.878201842 -0.003311984 0.478278667 6.509750366 0.002060688 0.999992967 0.003140974 -2.685318947 -0.478285760 -0.001772826 0.878202498 101.465927124
