1.000000000 0.000000000 0.000000000 0.000000000 0.000000000 1.000000000 0.000000000 0.000000000 0.000000000 0.000000000 1.000000000 0.000000000
1.000000000 -0.000040715 0.000120744 -0.001339393 0.000040702 1.000000000 0.000101662 0.000177869 -0.000120748 -0.000101657 1.000000000 0.001829759
1.000000000 0.000170843 0.000145577 -0.000718652 -0.000170869 0.999999940 0.000177371 -0.000352024 -0.000145547 -0.000177396 1.000000000 0.000150472
1.000000000 0.000191278 -0.000059339 0.000630795 -0.000191268 0.999999940 0.000184592 -0.001254068 0.000059374 -0.000184581 1.000000000 -0.000796954
0.999999940 0.000333849 0.000156586 -0.001724960 -0.000333872 0.999999940 0.000149580 -0.000284221 -0.000156536 -0.000149632 1.000000000 0.000764818
1.000000000 0.000166013 0.000112153 -0.001819428 -0.000166031 1.000000000 0.000157337 -0.000335666 -0.000112127 -0.000157355 1.000000000 -0.000447816
1.000000000 0.000015359 0.000159687 -0.000762247 -0.000015378 1.000000000 0.000119828 -0.000521614 -0.000159685 -0.000119831 1.000000000 -0.000462303
0.999999940 -0.000085161 0.000306866 -0.002491728 0.000085131 1.000000000 0.000097912 0.001153455 -0.000306875 -0.000097886 0.999999940 0.004030406
0.999999940 0.000105138 0.000248060 -0.001876114 -0.000105166 1.000000000 0.000114828 0.000786679 -0.000248048 -0.000114854 0.999999940 0.003233643
1.000000000 0.000102031 0.000220907 -0.001231697 -0.000102059 1.000000000 0.000128765 0.000198384 -0.000220894 -0.000128787 0.999999940 0.001860727
0.999999940 0.000038525 0.000264547 -0.001329126 -0.000038533 1.000000000 0.000033218 0.001652715 -0.000264546 -0.000033229 0.999999940 0.003031014
1.000000000 -0.000116821 0.000003197 0.000064309 0.000116821 1.000000000 0.000148404 -0.000361200 -0.000003214 -0.000148404 1.000000000 0.000584486
0.999999940 0.000243586 0.000237919 -0.002996687 -0.000243584 1.000000000 -0.000008940 0.002365359 -0.000237921 0.000008882 1.000000000 0.005817018
0.999999940 -0.000114893 0.000243858 -0.002242572 0.000114835 0.999999940 0.000236297 0.000183406 -0.000243885 -0.000236269 0.999999940 0.003111203
0.999999940 0.000191358 0.000245776 -0.001934335 -0.000191413 0.999999940 0.000224624 -0.001056932 -0.000245733 -0.000224671 0.999999940 0.000125868
1.000000000 0.000084403 0.000113534 -0.000086722 -0.000084421 1.000000000 0.000155187 -0.001499925 -0.000113521 -0.000155197 1.000000000 -0.002213467
1.000000000 -0.000000432 0.000095859 0.000010825 0.000000414 1.000000000 0.000182654 -0.001212652 -0.000095859 -0.000182654 1.000000000 -0.001596649
0.999999881 0.000240403 0.000420792 -0.002770329 -0.000240462 0.999999940 0.000140113 0.000167708 -0.000420758 -0.000140214 0.999999881 0.001567632
0.999999940 0.000189354 0.000364423 -0.003886611 -0.000189399 1.000000000 0.000123564 0.000599302 -0.000364399 -0.000123633 0.999999940 0.004016785
0.999999940 0.000259487 0.000204803 -0.002345613 -0.000259507 0.999999940 0.000100526 0.000638786 -0.000204777 -0.000100580 1.000000000 0.002891817
0.999999881 0.000345745 0.000265959 -0.002196195 -0.000345826 0.999999881 0.000301722 -0.000935930 -0.000265854 -0.000301814 0.999999940 0.001203184
0.999999762 0.000532434 0.000391267 -0.003442384 -0.000532511 0.999999821 0.000195764 -0.000175716 -0.000391163 -0.000195972 0.999999881 0.001644804
0.999999940 0.000262423 0.000323775 -0.002573226 -0.000262520 0.999999940 0.000299256 -0.001479567 -0.000323697 -0.000299341 0.999999881 0.000317214
0.999999881 0.000174088 0.000391195 -0.002699424 -0.000174181 0.999999940 0.000236692 -0.000874671 -0.000391154 -0.000236760 0.999999881 0.002708455
0.999999940 0.000197695 0.000333180 -0.002505683 -0.000197763 0.999999940 0.000203928 -0.000504500 -0.000333139 -0.000203994 0.999999940 0.000420074
0.999999881 0.000241152 0.000378290 -0.002813214 -0.000241199 0.999999940 0.000122655 0.001091180 -0.000378260 -0.000122746 0.999999940 0.003318358
0.999999940 0.000036416 0.000283956 -0.001724564 -0.000036428 1.000000000 0.000040543 0.000404979 -0.000283954 -0.000040554 0.999999940 0.000267758
0.999999940 0.000237132 0.000231926 -0.001276069 -0.000237160 0.999999940 0.000119914 -0.000059355 -0.000231897 -0.000119969 0.999999940 0.000881109
0.999999881 0.000353043 0.000389421 -0.003473140 -0.000353040 0.999999940 -0.000007088 0.001464049 -0.000389424 0.000006950 0.999999940 0.002718594
0.999999940 0.000187724 0.000276282 -0.002715873 -0.000187763 1.000000000 0.000142536 0.001289220 -0.000276255 -0.000142588 0.999999940 0.003255362
1.000000000 0.000109336 0.000188197 -0.002071836 -0.000109362 1.000000000 0.000139258 0.000503547 -0.000188182 -0.000139278 1.000000000 0.002714642
0.999999940 0.000108434 0.000325229 -0.002609391 -0.000108507 0.999999940 0.000223229 -0.000129840 -0.000325205 -0.000223265 0.999999940 0.001911413
0.999999940 0.000082535 0.000277290 -0.002393356 -0.000082544 1.000000000 0.000030730 0.001481888 -0.000277287 -0.000030753 0.999999940 0.003066683
0.999999940 0.000029948 0.000343307 -0.001719876 -0.000029971 1.000000000 0.000066130 0.000639270 -0.000343305 -0.000066140 0.999999940 0.001824173
1.000000000 -0.000007629 0.000146658 -0.000236283 0.000007595 1.000000000 0.000234626 -0.001058133 -0.000146660 -0.000234625 0.999999940 -0.000092041
0.999999881 0.000376894 0.000377206 -0.002178952 -0.000376958 0.999999940 0.000168165 -0.000141070 -0.000377142 -0.000168307 0.999999940 -0.000019500
0.999999940 0.000233684 0.000334733 -0.003555510 -0.000233685 1.000000000 0.000003834 0.004285884 -0.000334733 -0.000003913 0.999999940 0.007723998
0.999999940 -0.000002153 0.000343392 -0.003062822 0.000002133 1.000000000 0.000058389 0.002217189 -0.000343393 -0.000058389 0.999999940 0.005555687
0.999999940 0.000154965 0.000363032 -0.003109459 -0.000155078 0.999999940 0.000310843 -0.000021103 -0.000362983 -0.000310899 0.999999881 0.002916154
0.999999940 -0.000104766 0.000303425 -0.001416571 0.000104732 1.000000000 0.000114863 0.000748205 -0.000303437 -0.000114832 0.999999940 0.002030837
0.999999881 -0.000069152 0.000427499 -0.002093656 0.000069124 1.000000000 0.000065630 0.000608284 -0.000427504 -0.000065601 0.999999881 0.002890259
0.999999940 -0.000271334 0.000246287 0.000308709 0.000271503 0.999999702 -0.000686610 0.000510825 -0.000246101 0.000686677 0.999999762 0.054479472
0.999999940 0.000209023 0.000348640 -0.001805396 -0.000208673 0.999999464 -0.001002136 -0.005613388 -0.000348850 0.001002063 0.999999464 0.136521354
0.999999940 0.000267681 0.000062559 0.002922823 -0.000267586 0.999998808 -0.001517497 -0.004438200 -0.000062965 0.001517480 0.999998868 0.255924404
0.999999940 0.000235387 -0.000066314 0.005684594 -0.000235458 0.999999404 -0.001072667 -0.012924685 0.000066062 0.001072682 0.999999404 0.386168718
0.999999940 0.000367753 0.000046894 0.008143472 -0.000367718 0.999999642 -0.000749928 -0.020339392 -0.000047170 0.000749910 0.999999702 0.522149444
0.999999940 0.000407108 0.000067721 0.011806653 -0.000407064 0.999999702 -0.000654224 -0.027450401 -0.000067987 0.000654196 0.999999762 0.669711351
0.999999881 0.000387312 0.000228460 0.016853724 -0.000387151 0.999999702 -0.000702504 -0.026662894 -0.000228732 0.000702416 0.999999702 0.837786436
0.999999940 0.000246752 0.000086906 0.018139752 -0.000246710 0.999999881 -0.000484053 -0.029756282 -0.000087025 0.000484031 0.999999881 1.013978362
0.999999762 0.000656041 0.000052365 0.021184787 -0.000656040 0.999999762 -0.000016252 -0.037078846 -0.000052376 0.000016218 1.000000000 1.187998652
0.999999881 0.000492061 0.000182981 0.021242537 -0.000492049 0.999999881 -0.000067214 -0.041447524 -0.000183014 0.000067123 1.000000000 1.370424390
0.999999821 0.000553287 -0.000037320 0.037485141 -0.000553284 0.999999821 0.000097451 -0.051497895 0.000037374 -0.000097430 1.000000000 1.564264297
0.999999881 0.000438620 0.000097689 0.039302319 -0.000438639 0.999999881 0.000197068 -0.055906944 -0.000097603 -0.000197111 1.000000000 1.756061435
0.999999821 0.000427240 -0.000014883 0.040197171 -0.000427264 0.999998510 -0.001640580 -0.045222506 0.000014182 0.001640586 0.999998629 1.969236374
0.999999702 0.000562251 0.000348603 0.040420953 -0.000561533 0.999997795 -0.002057893 -0.050999809 -0.000349759 0.002057697 0.999997795 2.171232224
0.999999523 0.000793363 0.000459160 0.045184296 -0.000792317 0.999997079 -0.002275000 -0.053439893 -0.000460964 0.002274635 0.999997318 2.396964073
0.999999762 0.000622603 0.000353542 0.049565587 -0.000621946 0.999998212 -0.001854470 -0.061213411 -0.000354696 0.001854250 0.999998212 2.624969721
0.999999523 0.000921087 0.000341757 0.056496162 -0.000920542 0.999998271 -0.001591312 -0.072973415 -0.000343222 0.001590997 0.999998629 2.846261501
0.999999940 0.000331901 0.000125402 0.062510461 -0.000331681 0.999998391 -0.001750924 -0.076531038 -0.000125983 0.001750882 0.999998450 3.081309795
0.999999881 0.000360280 0.000331344 0.066550538 -0.000359526 0.999997377 -0.002274966 -0.081099860 -0.000332163 0.002274847 0.999997318 3.333129644
0.999999821 0.000348102 0.000422044 0.066566810 -0.000347554 0.999999106 -0.001297102 -0.094128191 -0.000422495 0.001296955 0.999998987 3.574101448
0.999999762 0.000311002 0.000552887 0.070667692 -0.000310145 0.999998808 -0.001549428 -0.097539932 -0.000553368 0.001549257 0.999998629 3.825807571
0.999999821 0.000177090 0.000597527 0.077296689 -0.000175996 0.999998331 -0.001830169 -0.104014285 -0.000597850 0.001830064 0.999998093 4.089217663
0.999999404 0.000894340 0.000498304 0.077420205 -0.000893529 0.999998212 -0.001626436 -0.107083537 -0.000499758 0.001625990 0.999998569 4.349091053
0.999999642 0.000759289 0.000328827 0.087599032 -0.000758727 0.999998271 -0.001704339 -0.115403995 -0.000330120 0.001704089 0.999998510 4.608889580
0.999999642 0.000667284 0.000457802 0.093731232 -0.000666678 0.999998927 -0.001322943 -0.125177830 -0.000458684 0.001322638 0.999999046 4.861321926
0.999999702 0.000575985 0.000474916 0.096785121 -0.000575196 0.999998510 -0.001660573 -0.127255306 -0.000475872 0.001660300 0.999998510 5.125606060
0.999999285 0.000983704 0.000679892 0.096725933 -0.000982582 0.999998152 -0.001649206 -0.142651752 -0.000681513 0.001648537 0.999998391 5.379562378
0.999999821 0.000493199 0.000297276 0.106260151 -0.000492707 0.999998510 -0.001655241 -0.148335993 -0.000298092 0.001655094 0.999998569 5.653414249
0.999999642 0.000681156 0.000470426 0.109131224 -0.000680415 0.999998510 -0.001574301 -0.156671911 -0.000471497 0.001573981 0.999998569 5.921653271
0.999999642 0.000812885 0.000338825 0.122732230 -0.000812470 0.999998987 -0.001221095 -0.170913562 -0.000339817 0.001220819 0.999999166 6.189250946
0.999999523 0.000735326 0.000678167 0.117227606 -0.000734261 0.999998510 -0.001569432 -0.175638303 -0.000679320 0.001568933 0.999998510 6.494301796
0.999999344 0.000851307 0.000802930 0.119281285 -0.000850278 0.999998868 -0.001281029 -0.186961010 -0.000804020 0.001280345 0.999998808 6.788772106
0.999999464 0.000513154 0.000945967 0.125272229 -0.000511666 0.999998629 -0.001572813 -0.193427131 -0.000946773 0.001572328 0.999998271 7.091781139
0.999999583 0.000543569 0.000697170 0.134983376 -0.000542271 0.999998093 -0.001860444 -0.199024454 -0.000698180 0.001860065 0.999998033 7.376528263
0.999998868 0.000841899 0.001260318 0.141003281 -0.000839515 0.999997973 -0.001891080 -0.211509436 -0.001261908 0.001890020 0.999997377 7.675979137
0.999998927 0.001169201 0.000917272 0.150259823 -0.001167690 0.999998033 -0.001646707 -0.224681929 -0.000919195 0.001645635 0.999998152 8.006178856
0.999998569 0.000956287 0.001334815 0.143333569 -0.000955053 0.999999106 -0.000925097 -0.246763721 -0.001335699 0.000923821 0.999998629 8.309592247
0.999998212 0.001106645 0.001558118 0.153450176 -0.001105017 0.999998868 -0.001044755 -0.258432508 -0.001559272 0.001043031 0.999998212 8.629120827
0.999997854 0.001058653 0.001787346 0.152784809 -0.001056534 0.999998748 -0.001186371 -0.263105065 -0.001788599 0.001184480 0.999997616 8.973219872
0.999997556 0.001374406 0.001736877 0.163297474 -0.001372874 0.999998629 -0.000882755 -0.281272173 -0.001738088 0.000880369 0.999998093 9.298936844
0.999997199 0.001239749 0.001982977 0.162660643 -0.001237952 0.999998748 -0.000907317 -0.287658662 -0.001984100 0.000904859 0.999997616 9.656475067
0.999998510 0.000422680 0.001649890 0.179891676 -0.000421541 0.999999642 -0.000690591 -0.300970703 -0.001650182 0.000689895 0.999998391 9.987052917
0.999997795 0.000706245 0.001969652 0.181514904 -0.000704656 0.999999404 -0.000807429 -0.311100721 -0.001970221 0.000806039 0.999997735 10.351345062
0.999997616 0.000902975 0.002038904 0.184898257 -0.000901620 0.999999344 -0.000665186 -0.321751386 -0.002039503 0.000663346 0.999997675 10.710039139
0.999997079 0.000979954 0.002223976 0.189301446 -0.000977320 0.999998808 -0.001184944 -0.325732410 -0.002225135 0.001182767 0.999996781 11.085483551
0.999996483 0.001143447 0.002381764 0.197062701 -0.001141777 0.999999046 -0.000702652 -0.343827635 -0.002382566 0.000699930 0.999996841 11.458513260
0.999997079 0.000892758 0.002250826 0.207789436 -0.000891574 0.999999464 -0.000526719 -0.354391068 -0.002251296 0.000524710 0.999997258 11.835394859
0.999996722 0.001049832 0.002337369 0.216858983 -0.001047925 0.999999046 -0.000817262 -0.366456836 -0.002338225 0.000814810 0.999996960 12.213830948
0.999996543 0.000981858 0.002439620 0.228427619 -0.000980101 0.999999225 -0.000721283 -0.378137648 -0.002440327 0.000718889 0.999996781 12.602219582
0.999995589 0.001316213 0.002655349 0.228988275 -0.001314584 0.999998868 -0.000615079 -0.388264924 -0.002656156 0.000611586 0.999996305 13.004657745
0.999995828 0.001099569 0.002672032 0.238857731 -0.001098149 0.999999225 -0.000532715 -0.402385920 -0.002672616 0.000529779 0.999996305 13.396635056
0.999992669 0.001615089 0.003474193 0.243045479 -0.001613762 0.999998629 -0.000384602 -0.415070921 -0.003474809 0.000378993 0.999993861 13.814005852
0.999994695 0.000935708 0.003117900 0.255881041 -0.000934157 0.999999464 -0.000498944 -0.421729028 -0.003118365 0.000496029 0.999994993 14.239102364
0.999993920 0.000716204 0.003395627 0.268561780 -0.000713398 0.999999404 -0.000827250 -0.432947040 -0.003396218 0.000824823 0.999993920 14.656680107
0.999993563 0.000957257 0.003462753 0.277367264 -0.000956588 0.999999642 -0.000194732 -0.450025856 -0.003462937 0.000191418 0.999993980 15.079856873
0.999993205 0.000959173 0.003538599 0.290617168 -0.000957473 0.999999404 -0.000481965 -0.459563494 -0.003539059 0.000478574 0.999993563 15.515933990
0.999991059 0.001035552 0.004088368 0.300911665 -0.001033470 0.999999285 -0.000511320 -0.473779231 -0.004088895 0.000507090 0.999991536 15.954504013
0.999991775 0.000831125 0.003972438 0.316784650 -0.000829420 0.999999523 -0.000430796 -0.487877101 -0.003972794 0.000427497 0.999992013 16.395156860
0.999989569 0.001025309 0.004451876 0.322539210 -0.001022609 0.999999285 -0.000608821 -0.499275833 -0.004452498 0.000604262 0.999989927 16.846612930
0.999988616 0.001045989 0.004638494 0.336120814 -0.001044106 0.999999285 -0.000408348 -0.513608217 -0.004638919 0.000403501 0.999989152 17.303306580
0.999985099 0.001462284 0.005253831 0.344515920 -0.001461110 0.999998868 -0.000227305 -0.528641105 -0.005254159 0.000219626 0.999986172 17.764417648
0.999984384 0.001214007 0.005458014 0.350876361 -0.001210834 0.999999046 -0.000584610 -0.535628796 -0.005458719 0.000577992 0.999984920 18.227947235
0.999982476 0.001932423 0.005588887 0.358916998 -0.001928851 0.999997854 -0.000644533 -0.546818018 -0.005590122 0.000633742 0.999984145 18.698591232
0.999982476 0.001645334 0.005687957 0.379450411 -0.001643107 0.999998569 -0.000396192 -0.563216209 -0.005688602 0.000386839 0.999983728 19.170810699
0.999980807 0.001801778 0.005927767 0.389707714 -0.001797758 0.999998152 -0.000683353 -0.577618778 -0.005928988 0.000672683 0.999982119 19.649370193
0.999979913 0.001978741 0.006027273 0.400004655 -0.001977342 0.999998093 -0.000238121 -0.589317799 -0.006027734 0.000226198 0.999981761 20.142019272
0.999983728 0.001637986 0.005464566 0.419593394 -0.001641188 0.999998450 0.000581520 -0.615388632 -0.005463604 -0.000590480 0.999984860 20.611049652
0.999980330 0.002383285 0.005793566 0.427522898 -0.002381627 0.999997079 -0.000293133 -0.616442144 -0.005794248 0.000279330 0.999983191 21.123607635
0.999985158 0.001680511 0.005166853 0.429652482 -0.001678505 0.999998450 -0.000392568 -0.636897862 -0.005167505 0.000383890 0.999986589 21.623254776
0.999984801 0.001733767 0.005214998 0.440434635 -0.001732726 0.999998391 -0.000204215 -0.654960036 -0.005215344 0.000195175 0.999986410 22.128934860
0.999988258 0.001783276 0.004512856 0.457374096 -0.001783647 0.999998391 0.000078130 -0.668016791 -0.004512709 -0.000086178 0.999989808 22.641305923
0.999991179 0.001851080 0.003776581 0.462785304 -0.001852780 0.999998212 0.000446639 -0.693883479 -0.003775749 -0.000453632 0.999992788 23.168861389
0.999993622 0.001924671 0.002996873 0.473785460 -0.001924485 0.999998212 -0.000064843 -0.707452774 -0.002996992 0.000059075 0.999995530 23.692100525
0.999996483 0.000864207 0.002499408 0.482763022 -0.000863209 0.999999464 -0.000400229 -0.722863674 -0.002499752 0.000398070 0.999996722 24.227607727
0.999996424 0.001717317 0.002033539 0.493369550 -0.001716985 0.999998510 -0.000165001 -0.735634148 -0.002033819 0.000161509 0.999997854 24.763322830
0.999996781 0.002247942 0.001164326 0.508009970 -0.002248480 0.999997377 0.000460484 -0.756182730 -0.001163287 -0.000463100 0.999999225 25.304262161
0.999996603 0.002549160 0.000677422 0.518198967 -0.002549690 0.999996483 0.000782405 -0.770478070 -0.000675425 -0.000784129 0.999999464 25.843683243
0.999998271 0.001808509 0.000292796 0.530225754 -0.001808753 0.999997973 0.000834353 -0.789328694 -0.000291287 -0.000834881 0.999999642 26.409183502
0.999998629 0.001642894 -0.000277050 0.536337376 -0.001642641 0.999998212 0.000911518 -0.803879917 0.000278547 -0.000911061 0.999999523 26.952642441
0.999999106 0.001262112 -0.000401087 0.547871292 -0.001261557 0.999998212 0.001382210 -0.825038195 0.000402831 -0.001381703 0.999998987 27.497272491
0.999997795 0.002011984 -0.000623719 0.555445552 -0.002011509 0.999997616 0.000761402 -0.837134063 0.000625249 -0.000760146 0.999999523 28.060895920
0.999996662 0.002506352 -0.000633024 0.552797735 -0.002505468 0.999995887 0.001393922 -0.857446671 0.000636515 -0.001392331 0.999998808 28.594079971
0.999997199 0.002144057 -0.000915429 0.565769792 -0.002142849 0.999996901 0.001317884 -0.872825801 0.000918251 -0.001315919 0.999998748 29.129878998
0.999996364 0.002291234 -0.001405678 0.576956451 -0.002288993 0.999996126 0.001593796 -0.888554752 0.001409324 -0.001590573 0.999997735 29.686317444
0.999995649 0.002416057 -0.001679319 0.583226264 -0.002413635 0.999996066 0.001443206 -0.899353981 0.001682799 -0.001439146 0.999997556 30.230712891
0.999995053 0.002561762 -0.001827494 0.594263792 -0.002559404 0.999995887 0.001291309 -0.915992379 0.001830795 -0.001286626 0.999997497 30.779525757
0.999994814 0.002443957 -0.002109213 0.603929460 -0.002441260 0.999996185 0.001280378 -0.929757535 0.002112335 -0.001275222 0.999996901 31.325811386
0.999994099 0.002580391 -0.002248529 0.608773172 -0.002577111 0.999995589 0.001460182 -0.943838239 0.002252287 -0.001454379 0.999996424 31.874532700
0.999994040 0.002397923 -0.002479994 0.621884644 -0.002393992 0.999995887 0.001586872 -0.960835814 0.002483789 -0.001580925 0.999995649 32.420032501
0.999993265 0.002306051 -0.002860926 0.630177498 -0.002301870 0.999996424 0.001463936 -0.971901238 0.002864291 -0.001457341 0.999994814 32.961952209
0.999993384 0.002208733 -0.002908155 0.640548348 -0.002203750 0.999996126 0.001715406 -0.992228270 0.002911933 -0.001708985 0.999994338 33.498023987
0.999991357 0.002746406 -0.003126275 0.646258712 -0.002742396 0.999995410 0.001286429 -0.998042643 0.003129794 -0.001277844 0.999994278 34.053142548
0.999992311 0.002015284 -0.003366586 0.656368196 -0.002009868 0.999996603 0.001611439 -1.016654968 0.003369822 -0.001604660 0.999993026 34.590412140
0.999991179 0.002685148 -0.003199680 0.657828033 -0.002679889 0.999994993 0.001646651 -1.030198455 0.003204085 -0.001638062 0.999993503 35.147037506
0.999992073 0.002624118 -0.003002520 0.669481218 -0.002621198 0.999996006 0.000975931 -1.037928700 0.003005069 -0.000968053 0.999995053 35.697914124
0.999990225 0.002619178 -0.003562991 0.674952090 -0.002614983 0.999995828 0.001181421 -1.053939700 0.003566072 -0.001172093 0.999992967 36.225700378
0.999991477 0.002251481 -0.003459235 0.683091104 -0.002247796 0.999996841 0.001068727 -1.065060854 0.003461630 -0.001060943 0.999993443 36.775478363
0.999990165 0.002509868 -0.003635841 0.689620912 -0.002505130 0.999996006 0.001306983 -1.088600397 0.003639106 -0.001297863 0.999992549 37.312023163
0.999991059 0.002373552 -0.003503434 0.700575709 -0.002368873 0.999996245 0.001339246 -1.103687048 0.003506600 -0.001330935 0.999992967 37.858840942
0.999989390 0.002308319 -0.003978754 0.706252694 -0.002302983 0.999996424 0.001345109 -1.120112538 0.003981845 -0.001335931 0.999991179 38.407253265
0.999990702 0.001753737 -0.003941805 0.712842286 -0.001747665 0.999997258 0.001543166 -1.136389732 0.003944501 -0.001536263 0.999991000 38.953422546
0.999990284 0.002446956 -0.003671414 0.724860013 -0.002440704 0.999995530 0.001706185 -1.158184528 0.003675573 -0.001697208 0.999991775 39.485034943
0.999985516 0.002650652 -0.004675477 0.745320916 -0.002638439 0.999993086 0.002616210 -1.183964610 0.004682380 -0.002603836 0.999985576 40.037204742
0.999985576 0.002487641 -0.004751358 0.758646131 -0.002475367 0.999993563 0.002587287 -1.201209545 0.004757764 -0.002575488 0.999985337 40.567016602
0.999986589 0.002459006 -0.004567696 0.768094659 -0.002448462 0.999994278 0.002312589 -1.208473444 0.004573357 -0.002301374 0.999986887 41.136062622
0.999985278 0.003174969 -0.004391714 0.758830190 -0.003164558 0.999992192 0.002375771 -1.223838329 0.004399222 -0.002361839 0.999987543 41.663234711
0.999983549 0.002686751 -0.005066679 0.786204576 -0.002671905 0.999992132 0.002934667 -1.248414636 0.005074523 -0.002921081 0.999982834 42.183689117
0.999983609 0.002809043 -0.004986868 0.791237712 -0.002796365 0.999992847 0.002547375 -1.255182743 0.004993988 -0.002533388 0.999984324 42.739418030
0.999984562 0.003094970 -0.004615236 0.780409217 -0.003081953 0.999991238 0.002824826 -1.267624378 0.004623939 -0.002810559 0.999985337 43.288291931
0.999985695 0.003221646 -0.004269352 0.786503315 -0.003208939 0.999990404 0.002980055 -1.284937382 0.004278912 -0.002966312 0.999986410 43.833770752
0.999986827 0.002698456 -0.004363112 0.783650637 -0.002685150 0.999991655 0.003052683 -1.296742439 0.004371312 -0.003040928 0.999985814 44.372711182
0.999987125 0.002850451 -0.004198262 0.791084886 -0.002840489 0.999993086 0.002377028 -1.304318905 0.004205009 -0.002365072 0.999988377 44.914993286
0.999986947 0.003022455 -0.004112410 0.805521011 -0.003009999 0.999990821 0.003031738 -1.322823882 0.004121536 -0.003019319 0.999986947 45.459644318
0.999988794 0.002576417 -0.003969556 0.816542447 -0.002564790 0.999992430 0.002931457 -1.336674333 0.003977077 -0.002921244 0.999987841 46.004756927
0.999989212 0.002335289 -0.004012497 0.826924503 -0.002322212 0.999992013 0.003260767 -1.351389408 0.004020079 -0.003251414 0.999986649 46.539924622
0.999983966 0.003259426 -0.004628783 0.840896189 -0.003242881 0.999988317 0.003577466 -1.370923519 0.004640390 -0.003562398 0.999982893 47.087234497
0.999985397 0.002486063 -0.004785204 0.844049931 -0.002469923 0.999991179 0.003375681 -1.380723000 0.004793554 -0.003363813 0.999982893 47.637157440
0.999984384 0.003140929 -0.004616051 0.847111821 -0.003125251 0.999989331 0.003399840 -1.394360423 0.004626681 -0.003385361 0.999983549 48.179126740
0.999987304 0.002958093 -0.004084622 0.844155908 -0.002946833 0.999991775 0.002760162 -1.398218393 0.004092753 -0.002748090 0.999987781 48.723972321
0.999988198 0.002387781 -0.004236185 0.857531250 -0.002375936 0.999993145 0.002798974 -1.413335681 0.004242840 -0.002788876 0.999987125 49.267543793
0.999989450 0.002235806 -0.004023483 0.863876581 -0.002226676 0.999994993 0.002272305 -1.422483206 0.004028543 -0.002263322 0.999989331 49.812057495
0.999988139 0.002566443 -0.004137550 0.862454534 -0.002554380 0.999992490 0.002918288 -1.438979268 0.004145009 -0.002907685 0.999987185 50.355724335
0.999985814 0.003707277 -0.003822629 0.868725061 -0.003696513 0.999989212 0.002818961 -1.456096530 0.003833039 -0.002804791 0.999988735 50.899681091
0.999989212 0.003458336 -0.003096774 0.866758168 -0.003450815 0.999991119 0.002430717 -1.466054320 0.003105153 -0.002420005 0.999992251 51.443122864
0.999986172 0.003229182 -0.004148185 0.882844925 -0.003216714 0.999990284 0.003008646 -1.485384941 0.004157860 -0.002995261 0.999986887 51.991935730
0.999985993 0.002986238 -0.004375407 0.894436121 -0.002974189 0.999991775 0.002757762 -1.498026490 0.004383606 -0.002744711 0.999986649 52.539813995
0.999988019 0.002664404 -0.004117112 0.896495163 -0.002652264 0.999992132 0.002951257 -1.512481689 0.004124943 -0.002940302 0.999987245 53.080566406
0.999986708 0.002715636 -0.004387207 0.908103943 -0.002701321 0.999991000 0.003265477 -1.530758500 0.004396035 -0.003253583 0.999985039 53.618473053
0.999987125 0.002709313 -0.004288299 0.922168851 -0.002696685 0.999992013 0.002947721 -1.541759491 0.004296252 -0.002936119 0.999986470 54.159847260
0.999986768 0.003029146 -0.004160421 0.929525495 -0.003014896 0.999989569 0.003427231 -1.557918191 0.004170759 -0.003414643 0.999985456 54.706119537
0.999987900 0.002286708 -0.004353664 0.935964942 -0.002275193 0.999993861 0.002647815 -1.568991065 0.004359693 -0.002637878 0.999987006 55.252609253
0.999987423 0.002942178 -0.004061293 0.939642429 -0.002930876 0.999991834 0.002785878 -1.582768798 0.004069456 -0.002773940 0.999987900 55.799571991
0.999986172 0.002637220 -0.004539992 0.949933231 -0.002625045 0.999992967 0.002685479 -1.593049645 0.004547042 -0.002673525 0.999986053 56.349918365
0.999988317 0.003030809 -0.003761942 0.959848523 -0.003018653 0.999990225 0.003232860 -1.619309306 0.003771704 -0.003221466 0.999987721 56.884433746
0.999987483 0.002856166 -0.004140033 0.970693827 -0.002845732 0.999992728 0.002523934 -1.618145108 0.004147212 -0.002512121 0.999988258 57.437133789
0.999987483 0.003034418 -0.003984984 0.969829202 -0.003024708 0.999992490 0.002440541 -1.630966544 0.003992359 -0.002428457 0.999989092 58.000320435
0.999988794 0.002818588 -0.003804536 0.980889142 -0.002809922 0.999993443 0.002281551 -1.645806551 0.003810941 -0.002270835 0.999990165 58.515903473
0.999988079 0.002890577 -0.003928198 0.986509562 -0.002880990 0.999992907 0.002443870 -1.656972408 0.003935233 -0.002432524 0.999989331 59.063873291
0.999989450 0.002641948 -0.003766685 0.992048323 -0.002635838 0.999995172 0.001626351 -1.664055109 0.003770964 -0.001616405 0.999991596 59.615131378
0.999988556 0.002691343 -0.003933250 1.003680110 -0.002684156 0.999994636 0.001831273 -1.680240989 0.003938158 -0.001820695 0.999990582 60.141765594
0.999990523 0.002600483 -0.003482777 1.008805633 -0.002593114 0.999994338 0.002118890 -1.693618894 0.003488268 -0.002109839 0.999991655 60.691780090
0.999985695 0.003418238 -0.004119463 1.014825583 -0.003409848 0.999992013 0.002041922 -1.709224105 0.004126410 -0.002027845 0.999989450 61.206703186
0.999983847 0.003416949 -0.004538964 1.033106089 -0.003408441 0.999992371 0.001881150 -1.724458218 0.004545357 -0.001865649 0.999987960 61.741912842
0.999987364 0.003205204 -0.003860797 1.026642561 -0.003201613 0.999994457 0.000936052 -1.720634103 0.003863775 -0.000923680 0.999992073 62.318832397
0.999988258 0.003362129 -0.003510121 1.034496903 -0.003358124 0.999993801 0.001146602 -1.739583850 0.003513954 -0.001134801 0.999993145 62.862869263
0.999987841 0.003346978 -0.003598853 1.031345487 -0.003339880 0.999992490 0.001976440 -1.760542274 0.003605440 -0.001964397 0.999991596 63.405548096
0.999988377 0.003920194 -0.002810588 1.032697678 -0.003914759 0.999990523 0.001936559 -1.776065588 0.002818153 -0.001925533 0.999994159 63.962844849
0.999988437 0.003683512 -0.003090086 1.042850137 -0.003679350 0.999992251 0.001351590 -1.785797238 0.003095041 -0.001340205 0.999994338 64.468063354
0.999985635 0.003539659 -0.004021749 1.060154080 -0.003533132 0.999992430 0.001628796 -1.799745679 0.004027484 -0.001614563 0.999990582 65.002769470
0.999987841 0.004000494 -0.002856576 1.057129622 -0.003995808 0.999990702 0.001644172 -1.816055655 0.002863127 -0.001632738 0.999994576 65.547477722
0.999989629 0.003492043 -0.002925901 1.061298966 -0.003486738 0.999992192 0.001816427 -1.835041285 0.002932222 -0.001806207 0.999994040 66.079147339
0.999992073 0.003276561 -0.002252802 1.064563036 -0.003273500 0.999993682 0.001361547 -1.841060758 0.002257249 -0.001354162 0.999996543 66.644447327
0.999987662 0.004209650 -0.002631045 1.078338623 -0.004204355 0.999989152 0.002014730 -1.864871144 0.002639498 -0.002003643 0.999994516 67.179557800
0.999989748 0.003246564 -0.003159463 1.096968055 -0.003241027 0.999993205 0.001756089 -1.875335455 0.003165143 -0.001745831 0.999993384 67.701545715
0.999988079 0.003318670 -0.003581005 1.114351749 -0.003311117 0.999992311 0.002112806 -1.897647500 0.003587989 -0.002100924 0.999991298 68.227691650
0.999986053 0.004364638 -0.002984186 1.114116192 -0.004360136 0.999989331 0.001513500 -1.909411311 0.002990760 -0.001500468 0.999994338 68.786026001
0.999985218 0.004674491 -0.002768853 1.110801816 -0.004672469 0.999988735 0.000735882 -1.904817939 0.002772262 -0.000722934 0.999995828 69.318107605
0.999987721 0.004310584 -0.002477603 1.125722051 -0.004309045 0.999990463 0.000626108 -1.917441368 0.002480278 -0.000615424 0.999996722 69.857505798
0.999985158 0.005100618 -0.001916215 1.125095248 -0.005098250 0.999986231 0.001238098 -1.937112570 0.001922504 -0.001228311 0.999997377 70.410850525
0.999989390 0.003434579 -0.003075399 1.136126280 -0.003432731 0.999993920 0.000605910 -1.949732542 0.003077462 -0.000595346 0.999995112 70.934646606
0.999986768 0.003950851 -0.003285815 1.151407480 -0.003949151 0.999992073 0.000523684 -1.966264367 0.003287859 -0.000510701 0.999994457 71.480880737
0.999986291 0.004155404 -0.003194512 1.150994420 -0.004152195 0.999990880 0.001010879 -1.984504580 0.003198684 -0.000997601 0.999994397 72.034721375
0.999986291 0.004246847 -0.003066362 1.158851385 -0.004243680 0.999990523 0.001038974 -2.001513243 0.003070745 -0.001025947 0.999994755 72.577186584
0.999988794 0.003990569 -0.002583416 1.161870241 -0.003987086 0.999991238 0.001351098 -2.020884991 0.002588785 -0.001340783 0.999995708 73.100822449
0.999989390 0.003975677 -0.002332014 1.165340424 -0.003972726 0.999991298 0.001268781 -2.032523632 0.002337038 -0.001259504 0.999996483 73.653877258
0.999989688 0.003786935 -0.002502217 1.174717188 -0.003783905 0.999992132 0.001214272 -2.046642780 0.002506796 -0.001204792 0.999996126 74.181015015
0.999989450 0.003627577 -0.002814423 1.192423463 -0.003624349 0.999992728 0.001150858 -2.057666540 0.002818577 -0.001140645 0.999995351 74.721061707
0.999991536 0.003367328 -0.002398480 1.198784828 -0.003363462 0.999993086 0.001614025 -2.076807261 0.002403899 -0.001605944 0.999995828 75.264945984
0.999989629 0.003379040 -0.003030786 1.215709209 -0.003376059 0.999993801 0.000988252 -2.093897820 0.003034107 -0.000978010 0.999994934 75.794929504
0.999988139 0.003533522 -0.003353179 1.226539850 -0.003530188 0.999993265 0.000999563 -2.107014894 0.003356689 -0.000987715 0.999993861 76.339881897
0.999990523 0.003371985 -0.002727768 1.234950185 -0.003370507 0.999994099 0.000546096 -2.120441198 0.002729593 -0.000536897 0.999996185 76.895568848
0.999991477 0.002776037 -0.003062284 1.246442080 -0.002774522 0.999995947 0.000498807 -2.131605625 0.003063656 -0.000490307 0.999995112 77.427001953
0.999992371 0.002411917 -0.003074722 1.262816548 -0.002410353 0.999996901 0.000512146 -2.149448395 0.003075948 -0.000504731 0.999995053 77.961212158
0.999991775 0.002752688 -0.002978912 1.262579441 -0.002749814 0.999995768 0.000968148 -2.174354792 0.002981564 -0.000959949 0.999995112 78.508224487
0.999991417 0.002837491 -0.002995597 1.277407885 -0.002835900 0.999995828 0.000535585 -2.180040836 0.002997104 -0.000527085 0.999995291 79.055076599
0.999992073 0.002788440 -0.002846571 1.282745123 -0.002785974 0.999995768 0.000870070 -2.199963570 0.002848985 -0.000862133 0.999995589 79.603477478
0.999991357 0.003172568 -0.002692321 1.294109225 -0.003170118 0.999994576 0.000913692 -2.215444803 0.002695205 -0.000905149 0.999995947 80.150642395
0.999990284 0.004093079 -0.001638615 1.300190926 -0.004091538 0.999991179 0.000943730 -2.228523731 0.001642463 -0.000937017 0.999998212 80.703849792
0.999990582 0.004315333 -0.000441541 1.311149955 -0.004314992 0.999990404 0.000775273 -2.242122650 0.000444882 -0.000773361 0.999999642 81.253829956
0.999994159 0.003381955 0.000447432 1.320094585 -0.003382484 0.999993563 0.001188264 -2.265218258 -0.000443411 -0.001189770 0.999999166 81.762565613
0.999992609 0.003280659 0.001992394 1.332606912 -0.003282367 0.999994218 0.000854126 -2.274641752 -0.001989580 -0.000860660 0.999997675 82.306221008
0.999978900 0.003608515 0.005403616 1.351289988 -0.003609875 0.999993503 0.000241756 -2.285531759 -0.005402708 -0.000261257 0.999985397 82.863624573
0.999954045 0.003892089 0.008757055 1.373664856 -0.003896795 0.999992251 0.000520326 -2.302128077 -0.008754959 -0.000554426 0.999961495 83.401374817
0.999922872 0.004027528 0.011748578 1.395472527 -0.004035347 0.999991655 0.000641938 -2.320229053 -0.011745893 -0.000689297 0.999930680 83.947471619
0.999868631 0.003918611 0.015728369 1.443564177 -0.003937505 0.999991536 0.001170451 -2.345922232 -0.015723651 -0.001232227 0.999875605 84.468582153
0.999743044 0.004030240 0.022311445 1.452934146 -0.004062360 0.999990761 0.001394453 -2.362197876 -0.022305623 -0.001484732 0.999750018 85.036003113
0.999608934 0.003452473 0.027746744 1.484326839 -0.003486512 0.999993145 0.001178461 -2.373906374 -0.027742486 -0.001274741 0.999614239 85.574157715
0.999428988 0.003366146 0.033621617 1.513161778 -0.003402239 0.999993682 0.001016329 -2.384615660 -0.033617985 -0.001130138 0.999434114 86.128051758
0.999124348 0.003031884 0.041729357 1.551932573 -0.003084301 0.999994457 0.001191805 -2.403279543 -0.041725513 -0.001319466 0.999128163 86.689956665
0.998749316 0.002771093 0.049919292 1.601914406 -0.002838109 0.999995172 0.001271651 -2.418754578 -0.049915530 -0.001411738 0.998752356 87.240516663
0.998381674 0.002845991 0.056795891 1.645423174 -0.002907058 0.999995291 0.000992617 -2.432222843 -0.056792788 -0.001156120 0.998385310 87.773742676
0.997829616 0.003030727 0.065780342 1.704469681 -0.003112523 0.999994516 0.001141025 -2.451043367 -0.065776549 -0.001343291 0.997833490 88.309745789
0.997117996 0.003216648 0.075798906 1.764366627 -0.003337099 0.999993324 0.001462483 -2.466552496 -0.075793713 -0.001711216 0.997122169 88.849487305
0.996402442 0.002918708 0.084697083 1.823370457 -0.003013451 0.999994993 0.000990776 -2.476804972 -0.084693782 -0.001242441 0.996406257 89.398124695
0.995689452 0.002727404 0.092710733 1.890133381 -0.002820720 0.999995649 0.000875500 -2.489153147 -0.092707954 -0.001133236 0.995692670 89.933158875
0.994585693 0.002393080 0.103892118 1.961069107 -0.002560014 0.999995649 0.001473495 -2.507329226 -0.103888147 -0.001731483 0.994587421 90.467041016
0.993475616 0.002614886 0.114014544 2.046405792 -0.002787796 0.999995112 0.001357160 -2.527287960 -0.114010461 -0.001666155 0.993478179 91.040550232
0.992421150 0.001822029 0.122869730 2.140768051 -0.001953152 0.999997616 0.000946722 -2.538081408 -0.122867696 -0.001179530 0.992422462 91.592559814
0.990975797 0.002084867 0.134024680 2.231348038 -0.002300300 0.999996305 0.001452575 -2.553928614 -0.134021133 -0.001747763 0.990977049 92.142448425
0.989262521 0.001567275 0.146140903 2.330453873 -0.001717495 0.999998033 0.000901747 -2.565054417 -0.146139219 -0.001143061 0.989263356 92.694152832
0.987629473 0.001305812 0.156800106 2.435252190 -0.001558263 0.999997675 0.001487099 -2.586759329 -0.156797826 -0.001713038 0.987629175 93.223800659
0.985883772 0.000800264 0.167429030 2.546061516 -0.001048396 0.999998450 0.001393631 -2.599619389 -0.167427659 -0.001549489 0.985883057 93.769973755
0.983609021 0.000510222 0.180313662 2.670183182 -0.000745512 0.999998927 0.001237124 -2.612669706 -0.180312827 -0.001351272 0.983608305 94.298965454
0.981293976 0.000237213 0.192515105 2.794673920 -0.000412180 0.999999523 0.000868798 -2.623388290 -0.192514822 -0.000931897 0.981293499 94.831336975
0.979123652 0.000626071 0.203264579 2.918073654 -0.000922060 0.999998629 0.001361476 -2.637910604 -0.203263476 -0.001520477 0.979122877 95.377349854
0.976769269 0.001328038 0.214289576 3.073488235 -0.001740037 0.999996960 0.001734012 -2.659943581 -0.214286625 -0.002066602 0.976768613 95.908531189
0.973718703 0.000686188 0.227752820 3.224964142 -0.001083334 0.999998093 0.001618754 -2.668817043 -0.227751285 -0.001822943 0.973717630 96.439361572
0.970629454 0.000112411 0.240579203 3.353708267 -0.000565993 0.999998212 0.001816278 -2.687190056 -0.240578562 -0.001899099 0.970627725 96.974136353
0.967665493 -0.000141150 0.252236813 3.523628235 -0.000355218 0.999998152 0.001922331 -2.708359957 -0.252236605 -0.001949772 0.967663527 97.498214722
0.963968098 0.000730100 0.266016990 3.683746338 -0.001453810 0.999995768 0.002523636 -2.726227283 -0.266014040 -0.002819442 0.963965058 98.015632629
0.960259438 -0.000495112 0.279108495 3.840974808 -0.000050148 0.999998033 0.001946434 -2.729040623 -0.279108942 -0.001883078 0.960257590 98.553733826
0.957127929 -0.000752484 0.289664418 4.031307220 0.000124224 0.999997556 0.002187304 -2.745531082 -0.289665341 -0.002057547 0.957125723 99.074264526
0.952588379 -0.001416646 0.304258764 4.205020905 0.000829005 0.999997556 0.002060556 -2.753963947 -0.304260910 -0.001710630 0.952587128 99.595184326
0.948197722 -0.001901278 0.317675054 4.403308868 0.001360624 0.999997139 0.001923765 -2.768991947 -0.317677826 -0.001391873 0.948197663 100.110893250
0.944293678 -0.002629528 0.329093605 4.600713730 0.002079889 0.999995768 0.002022194 -2.779256105 -0.329097480 -0.001225066 0.944295168 100.626869202
0.939506471 -0.002719764 0.342520595 4.806190491 0.002234011 0.999995887 0.001812695 -2.792929173 -0.342524141 -0.000937844 0.939508498 101.140769958
0.934308410 -0.002351092 0.356457919 5.025129318 0.001785930 0.999996543 0.001914600 -2.803932667 -0.356461197 -0.001152218 0.934309423 101.662841797
0.929526567 -0.003223950 0.368741035 5.249320984 0.002465259 0.999993801 0.002528619 -2.821956873 -0.368746877 -0.001441377 0.929528773 102.148414612
0.924906552 -0.003181203 0.380181074 5.472183228 0.002523292 0.999994278 0.002228872 -2.831992149 -0.380185992 -0.001102190 0.924909413 102.631179810
0.918991625 -0.003933175 0.394257396 5.715675354 0.003314542 0.999991894 0.002250072 -2.848097801 -0.394263148 -0.000761014 0.918997288 103.167236328
0.913067043 -0.004829838 0.407780886 5.957519531 0.004361824 0.999988258 0.002077450 -2.857913733 -0.407786101 -0.000118183 0.913077474 103.662513733
0.907982826 -0.005323451 0.418973535 6.206367493 0.004916581 0.999985814 0.002050735 -2.875923157 -0.418978453 0.000197884 0.907996178 104.136413574
0.901768446 -0.005262954 0.432187825 6.480281830 0.005197160 0.999985576 0.001333320 -2.879509211 -0.432188600 0.001043803 0.901782632 104.657295227
0.895348668 -0.006384666 0.445320129 6.741451263 0.006043153 0.999979377 0.002186752 -2.903286457 -0.445324928 0.000733232 0.895368695 105.126144409
0.889404535 -0.006332269 0.457076997 7.020034790 0.005898018 0.999979854 0.002376880 -2.921577215 -0.457082897 0.000581840 0.889423907 105.613067627
0.883840144 -0.007376966 0.467730939 7.287788391 0.007000382 0.999972284 0.002543222 -2.932214975 -0.467736661 0.001026494 0.883867264 106.087471008
0.876244307 -0.007952120 0.481801361 7.563465118 0.007758026 0.999967039 0.002395034 -2.941888094 -0.481804550 0.001639192 0.876277208 106.580612183
