1.000000000 0.000000000 0.000000000 0.000000000 0.000000000 1.000000000 0.000000000 0.000000000 0.000000000 0.000000000 1.000000000 0.000000000
1.000000000 0.000075402 0.000037690 -0.000168483 -0.000075401 1.000000000 -0.000016806 0.000432878 -0.000037692 0.000016803 1.000000000 0.000293286
1.000000000 0.000100948 0.000095388 -0.000741075 -0.000100948 1.000000000 0.000004259 0.000074213 -0.000095388 -0.000004269 1.000000000 0.000263534
1.000000000 0.000080556 0.000062646 -0.000490599 -0.000080551 1.000000000 -0.000072969 0.000875870 -0.000062652 0.000072964 1.000000000 0.000439267
1.000000000 0.000044189 0.000082135 -0.000453523 -0.000044185 1.000000000 -0.000044647 0.000539731 -0.000082137 0.000044644 1.000000000 0.000270988
1.000000000 0.000148737 0.000100960 -0.001161533 -0.000148734 1.000000000 -0.000024208 0.000742364 -0.000100963 0.000024192 1.000000000 0.000087015
1.000000000 0.000030838 0.000018997 -0.000381904 -0.000030837 1.000000000 -0.000016657 0.000192766 -0.000018998 0.000016656 1.000000000 -0.000072765
1.000000000 0.000097643 0.000028628 0.000060879 -0.000097644 1.000000000 0.000019823 0.000377452 -0.000028626 -0.000019825 1.000000000 0.000866813
1.000000000 0.000141218 0.000010242 -0.000198588 -0.000141217 1.000000000 -0.000089396 0.000135831 -0.000010254 0.000089395 1.000000000 -0.000085313
1.000000000 0.000111081 0.000062539 -0.000628488 -0.000111078 1.000000000 -0.000046945 0.000167380 -0.000062544 0.000046938 1.000000000 0.001050610
1.000000000 0.000284025 0.000103884 -0.001223104 -0.000284024 1.000000000 -0.000004656 0.000411154 -0.000103885 0.000004627 1.000000000 0.000414874
1.000000000 0.000148510 0.000060572 -0.000223178 -0.000148506 1.000000000 -0.000055938 0.000972044 -0.000060580 0.000055929 1.000000000 0.002051147
1.000000000 0.000114639 0.000048761 -0.000837234 -0.000114635 1.000000000 -0.000075137 0.000334871 -0.000048770 0.000075132 1.000000000 0.000408560
1.000000000 0.000139138 0.000030394 -0.000743234 -0.000139136 1.000000000 -0.000083161 0.001126015 -0.000030405 0.000083157 1.000000000 0.001342952
1.000000000 0.000052349 0.000066389 -0.001119406 -0.000052344 1.000000000 -0.000074175 0.000763746 -0.000066393 0.000074171 1.000000000 0.000864559
1.000000000 -0.000019152 0.000019298 -0.000239938 0.000019152 1.000000000 -0.000000437 0.000906693 -0.000019298 0.000000437 1.000000000 0.002229693
1.000000000 0.000132815 0.000107016 -0.001176247 -0.000132807 1.000000000 -0.000076788 0.001175614 -0.000107026 0.000076774 1.000000000 0.001538360
1.000000000 0.000126716 0.000093536 -0.001478110 -0.000126710 1.000000000 -0.000065904 0.000983255 -0.000093544 0.000065892 1.000000000 0.001553450
0.999999940 0.000221707 0.000146344 -0.001959852 -0.000221703 1.000000000 -0.000026337 0.001229804 -0.000146350 0.000026304 1.000000000 0.001698888
1.000000000 0.000099852 0.000128628 -0.001439068 -0.000099842 1.000000000 -0.000074178 0.001263109 -0.000128635 0.000074165 1.000000000 0.002196174
1.000000000 0.000250776 0.000158635 -0.002290310 -0.000250762 1.000000000 -0.000084202 0.001239940 -0.000158656 0.000084162 1.000000000 0.001749417
1.000000000 0.000117910 0.000083746 -0.001647547 -0.000117903 1.000000000 -0.000078438 0.001635921 -0.000083755 0.000078428 1.000000000 0.001741447
1.000000000 0.000170518 0.000074939 -0.001041317 -0.000170513 1.000000000 -0.000078748 0.001621739 -0.000074953 0.000078736 1.000000000 0.002945140
1.000000000 0.000199468 0.000091514 -0.001700493 -0.000199465 1.000000000 -0.000035077 0.001611808 -0.000091521 0.000035059 1.000000000 0.002715978
1.000000000 0.000304632 0.000106720 -0.001899642 -0.000304623 1.000000000 -0.000080707 0.002184461 -0.000106744 0.000080675 1.000000000 0.002945315
1.000000000 0.000312126 0.000129990 -0.001974317 -0.000312126 1.000000000 -0.000000254 0.001293337 -0.000129990 0.000000214 1.000000000 0.002020084
0.999999940 0.000174097 0.000186703 -0.002030341 -0.000174094 1.000000000 -0.000017335 0.001941534 -0.000186706 0.000017303 1.000000000 0.002007943
0.999999940 0.000197677 0.000175373 -0.001961600 -0.000197682 1.000000000 0.000029832 0.001133978 -0.000175367 -0.000029867 1.000000000 0.002472854
0.999999940 0.000215364 0.000154677 -0.002021198 -0.000215358 1.000000000 -0.000042111 0.001874802 -0.000154686 0.000042078 1.000000000 0.002364339
1.000000000 0.000205994 0.000111626 -0.001576002 -0.000205991 1.000000000 -0.000030270 0.001733058 -0.000111632 0.000030247 1.000000000 0.001375424
0.999999940 0.000193945 0.000187184 -0.002105239 -0.000193938 1.000000000 -0.000040860 0.001354204 -0.000187192 0.000040823 1.000000000 0.002627528
1.000000000 0.000091040 0.000159157 -0.001561839 -0.000091035 1.000000000 -0.000030680 0.001708676 -0.000159160 0.000030665 1.000000000 0.003608802
1.000000000 0.000179574 0.000115766 -0.001434560 -0.000179564 1.000000000 -0.000090181 0.002016495 -0.000115782 0.000090160 1.000000000 0.002306020
1.000000000 0.000168912 0.000175689 -0.001830760 -0.000168906 1.000000000 -0.000034506 0.000995410 -0.000175695 0.000034477 1.000000000 0.001478216
1.000000000 0.000252164 0.000198541 -0.002429391 -0.000252157 1.000000000 -0.000033207 0.001556476 -0.000198550 0.000033157 1.000000000 0.002246280
1.000000000 0.000249720 0.000226974 -0.001538861 -0.000249717 1.000000000 -0.000011272 0.000811727 -0.000226977 0.000011215 1.000000000 0.001716192
0.999999940 0.000196050 0.000164845 -0.001672167 -0.000196058 1.000000000 0.000046074 0.001002392 -0.000164836 -0.000046106 1.000000000 0.001840871
0.999999940 0.000218103 0.000109119 -0.001808594 -0.000218102 1.000000000 -0.000012478 0.001688212 -0.000109122 0.000012455 1.000000000 0.003230656
1.000000000 0.000293862 0.000183585 -0.001973217 -0.000293856 1.000000000 -0.000028760 0.001122154 -0.000183593 0.000028706 1.000000000 0.001568565
1.000000000 0.000165982 0.000090542 -0.000832467 -0.000165981 1.000000000 -0.000015198 0.001518222 -0.000090545 0.000015183 1.000000000 0.003033472
1.000000000 0.000066487 0.000100103 -0.000797295 -0.000066478 1.000000000 -0.000087678 0.001627228 -0.000100108 0.000087671 1.000000000 0.003729888
0.999999940 0.000331450 0.000228925 -0.000327918 -0.000331290 0.999999702 -0.000699802 -0.001858978 -0.000229157 0.000699726 0.999999702 0.050412510
0.999999762 0.000487229 0.000341901 0.000495469 -0.000486885 0.999999404 -0.001006136 -0.006125404 -0.000342391 0.001005969 0.999999464 0.139719531
0.999999344 0.000889229 -0.000695930 0.000921362 -0.000889921 0.999999046 -0.000995647 -0.012593793 0.000695044 0.000996266 0.999999285 0.252400398
0.999999344 0.000920412 -0.000700418 0.004342221 -0.000921089 0.999999106 -0.000967083 -0.015379134 0.000699527 0.000967728 0.999999285 0.382525921
0.999999762 0.000633573 0.000312895 0.006048816 -0.000633294 0.999999404 -0.000890831 -0.018281581 -0.000313460 0.000890633 0.999999583 0.528850675
0.999999821 0.000443580 0.000259660 0.009651232 -0.000443403 0.999999642 -0.000679758 -0.023320515 -0.000259961 0.000679643 0.999999702 0.681411088
0.999999821 0.000516003 0.000300860 0.015699785 -0.000515824 0.999999821 -0.000594366 -0.027683301 -0.000301167 0.000594210 0.999999762 0.843516111
0.999999940 0.000091764 0.000256141 0.019127090 -0.000091634 0.999999881 -0.000508555 -0.035116602 -0.000256188 0.000508531 0.999999821 1.013580084
0.999999940 0.000272493 0.000319985 0.022079024 -0.000272316 0.999999881 -0.000552193 -0.040521171 -0.000320136 0.000552106 0.999999762 1.187268615
0.999999940 0.000126593 0.000356728 0.024089035 -0.000126674 0.999999940 0.000226920 -0.047689162 -0.000356699 -0.000226965 0.999999940 1.371487021
0.999999821 0.000171754 0.000440730 0.023232490 -0.000171874 0.999999940 0.000273044 -0.052328140 -0.000440683 -0.000273120 0.999999881 1.559522152
0.999999821 0.000525915 0.000168438 0.031414170 -0.000525958 0.999999821 0.000258215 -0.055172246 -0.000168302 -0.000258304 0.999999940 1.758205771
0.999999166 0.001186724 0.000458223 0.034801096 -0.001186884 0.999999166 0.000349330 -0.064321369 -0.000457808 -0.000349873 0.999999821 1.948941588
0.999999642 0.000704694 0.000395536 0.040380750 -0.000704856 0.999999702 0.000408906 -0.071795553 -0.000395248 -0.000409185 0.999999821 2.158789873
0.999998868 0.001081466 0.000958065 0.036316887 -0.001081994 0.999999285 0.000551285 -0.083441265 -0.000957468 -0.000552321 0.999999404 2.376922846
0.999998331 0.001494115 0.001042976 0.039935894 -0.001494404 0.999998987 0.000276828 -0.083469614 -0.001042561 -0.000278386 0.999999404 2.604197741
0.999999225 0.000904038 0.000879454 0.049777817 -0.000904471 0.999999464 0.000493160 -0.093548380 -0.000879008 -0.000493955 0.999999464 2.830099583
0.999998868 0.001124180 0.001069301 0.052736383 -0.001124797 0.999999225 0.000576500 -0.098559879 -0.001068652 -0.000577702 0.999999285 3.069473267
0.999999344 0.001001965 0.000530371 0.058533184 -0.001002329 0.999999285 0.000685149 -0.109223530 -0.000529684 -0.000685680 0.999999583 3.302174330
0.999999821 0.000499331 0.000382052 0.067277253 -0.000499628 0.999999583 0.000778201 -0.115360193 -0.000381663 -0.000778392 0.999999642 3.555362225
0.999999225 0.001063973 0.000656806 0.067550063 -0.001064314 0.999999225 0.000519481 -0.119350314 -0.000656252 -0.000520180 0.999999642 3.808894634
0.999998868 0.001008891 0.001109462 0.072671622 -0.001009717 0.999999225 0.000743866 -0.128632054 -0.001108710 -0.000744986 0.999999106 4.063207626
0.999998569 0.001153927 0.001256479 0.076662429 -0.001155122 0.999998868 0.000950782 -0.132080376 -0.001255381 -0.000952232 0.999998748 4.321615219
0.999998510 0.001118316 0.001342972 0.080096357 -0.001119822 0.999998748 0.001120947 -0.142268226 -0.001341717 -0.001122449 0.999998450 4.575419903
0.999998391 0.001202103 0.001343520 0.088481881 -0.001203364 0.999998748 0.000938113 -0.151100904 -0.001342391 -0.000939728 0.999998629 4.822626591
0.999998152 0.001070223 0.001608766 0.092304200 -0.001072244 0.999998629 0.001255833 -0.162608489 -0.001607420 -0.001257556 0.999997914 5.077352524
0.999998271 0.001479123 0.001131162 0.101044372 -0.001480108 0.999998510 0.000870705 -0.164605379 -0.001129873 -0.000872378 0.999998987 5.344140530
0.999997437 0.001648521 0.001555721 0.100933596 -0.001650180 0.999998093 0.001065349 -0.172280192 -0.001553962 -0.001067914 0.999998212 5.614974499
0.999997556 0.001446604 0.001678070 0.105364837 -0.001449268 0.999997675 0.001586974 -0.183176577 -0.001675770 -0.001589402 0.999997318 5.890085697
0.999997020 0.001872565 0.001571994 0.109719507 -0.001874231 0.999997616 0.001058792 -0.187342390 -0.001570008 -0.001061735 0.999998152 6.173616886
0.999996722 0.002093483 0.001504015 0.117091462 -0.002094907 0.999997318 0.000945905 -0.192125455 -0.001502031 -0.000949052 0.999998391 6.463883400
0.999995410 0.002404694 0.001850455 0.117665298 -0.002407062 0.999996305 0.001278831 -0.203344330 -0.001847373 -0.001283279 0.999997497 6.748348236
0.999996364 0.001975090 0.001848611 0.125265077 -0.001977364 0.999997318 0.001228811 -0.213712290 -0.001846180 -0.001232462 0.999997497 7.049743176
0.999996483 0.001758401 0.001999271 0.130370751 -0.001761541 0.999997139 0.001570166 -0.225052878 -0.001996505 -0.001573683 0.999996722 7.349214554
0.999996781 0.001790361 0.001750500 0.135798842 -0.001792398 0.999997735 0.001163351 -0.232312292 -0.001748414 -0.001166485 0.999997795 7.658535480
0.999996960 0.001815629 0.001654532 0.144071832 -0.001817798 0.999997497 0.001310320 -0.243466213 -0.001652149 -0.001313323 0.999997735 7.967532635
0.999996781 0.001795871 0.001745893 0.147221491 -0.001798426 0.999997318 0.001462793 -0.255608201 -0.001743261 -0.001465928 0.999997318 8.275909424
0.999996662 0.001904460 0.001750994 0.154743716 -0.001906269 0.999997735 0.001031814 -0.263278782 -0.001749025 -0.001035149 0.999997854 8.604986191
0.999994040 0.002731186 0.002085698 0.157765076 -0.002733757 0.999995530 0.001230858 -0.269846886 -0.002082327 -0.001236552 0.999997079 8.936452866
0.999996305 0.001717063 0.002073508 0.171671048 -0.001719047 0.999998033 0.000955377 -0.280676216 -0.002071864 -0.000958938 0.999997377 9.281011581
0.999992311 0.003090533 0.002405063 0.174482495 -0.003093522 0.999994516 0.001240053 -0.294018477 -0.002401217 -0.001247484 0.999996364 9.612177849
0.999995053 0.002479558 0.001898108 0.178884476 -0.002482507 0.999995708 0.001553052 -0.301184416 -0.001894249 -0.001557756 0.999996960 9.964952469
0.999996901 0.002043318 0.001521814 0.192282394 -0.002045313 0.999997020 0.001311159 -0.310487747 -0.001519131 -0.001314268 0.999997973 10.321736336
0.999996841 0.002068928 0.001438465 0.200962529 -0.002071156 0.999996662 0.001548885 -0.322961301 -0.001435256 -0.001551859 0.999997735 10.680973053
0.999996066 0.002286223 0.001581376 0.206567600 -0.002288825 0.999996006 0.001645143 -0.333439887 -0.001577609 -0.001648756 0.999997377 11.037302017
0.999996185 0.002341834 0.001427054 0.215256080 -0.002344252 0.999995828 0.001695049 -0.343226790 -0.001423079 -0.001698387 0.999997556 11.414196014
0.999995947 0.002471792 0.001404825 0.228918403 -0.002474172 0.999995530 0.001694873 -0.349619806 -0.001400630 -0.001698342 0.999997556 11.801653862
0.999995351 0.002682207 0.001441776 0.235045373 -0.002684588 0.999995053 0.001651954 -0.362603694 -0.001437338 -0.001655818 0.999997616 12.183288574
0.999995410 0.002693060 0.001390330 0.247027278 -0.002695572 0.999994814 0.001808831 -0.374911785 -0.001385451 -0.001812570 0.999997437 12.570723534
0.999996006 0.002147563 0.001834299 0.250779837 -0.002151228 0.999995708 0.001998258 -0.384627372 -0.001830000 -0.002002196 0.999996245 12.961052895
0.999994457 0.002848253 0.001734569 0.263119042 -0.002851055 0.999994576 0.001614850 -0.390703648 -0.001729960 -0.001619787 0.999997199 13.366703987
0.999993622 0.002700725 0.002326948 0.261299670 -0.002704516 0.999994993 0.001627754 -0.402111411 -0.002322541 -0.001634037 0.999995947 13.761751175
0.999993801 0.002813781 0.002093061 0.276746899 -0.002817224 0.999994636 0.001643540 -0.411859155 -0.002088425 -0.001649427 0.999996483 14.190320015
0.999991775 0.003077026 0.002640946 0.281148314 -0.003081879 0.999993563 0.001835588 -0.435772330 -0.002635281 -0.001843712 0.999994814 14.611759186
0.999994755 0.002311794 0.002280379 0.300479412 -0.002316108 0.999995530 0.001891197 -0.443185776 -0.002275996 -0.001896469 0.999995589 15.021077156
0.999992669 0.002808165 0.002577208 0.301673949 -0.002813339 0.999993980 0.002006015 -0.459096134 -0.002571560 -0.002013252 0.999994695 15.446421623
0.999992907 0.002455992 0.002847492 0.316865951 -0.002462364 0.999994397 0.002236163 -0.474468887 -0.002841984 -0.002243159 0.999993443 15.879208565
0.999990702 0.002913961 0.003168133 0.325773388 -0.002920762 0.999993384 0.002144187 -0.489141494 -0.003161864 -0.002153420 0.999992669 16.319667816
0.999989152 0.003109527 0.003492713 0.333663523 -0.003115416 0.999993682 0.001681928 -0.495928705 -0.003487461 -0.001692791 0.999992490 16.767982483
0.999988019 0.003031950 0.003845488 0.335782707 -0.003041893 0.999992013 0.002582561 -0.516043127 -0.003837627 -0.002594227 0.999989212 17.210441589
0.999987960 0.002690875 0.004105333 0.344716042 -0.002700557 0.999993563 0.002354725 -0.525105000 -0.004098971 -0.002365783 0.999988735 17.664443970
0.999985397 0.003231785 0.004328955 0.354666591 -0.003239166 0.999993324 0.001699279 -0.533808410 -0.004323434 -0.001713276 0.999989152 18.133489609
0.999987721 0.002687174 0.004195601 0.376876920 -0.002695638 0.999994338 0.002013038 -0.538650095 -0.004190168 -0.002024323 0.999989152 18.602653503
0.999984264 0.003106537 0.004673332 0.384812474 -0.003113121 0.999994159 0.001402374 -0.552259445 -0.004668948 -0.001416900 0.999988079 19.077262878
0.999985993 0.002566167 0.004612423 0.393461436 -0.002573959 0.999995232 0.001684415 -0.567527175 -0.004608079 -0.001696263 0.999987960 19.568563461
0.999980927 0.003691822 0.004943258 0.399889529 -0.003700893 0.999991477 0.001827301 -0.583638012 -0.004936471 -0.001845561 0.999986112 20.048450470
0.999978662 0.004284243 0.004919542 0.410212159 -0.004293175 0.999989212 0.001806543 -0.591505945 -0.004911750 -0.001827625 0.999986291 20.548402786
0.999984562 0.003060363 0.004638151 0.421803057 -0.003070786 0.999992728 0.002241967 -0.615894437 -0.004631256 -0.002256176 0.999986708 21.046508789
0.999988139 0.003293203 0.003600272 0.438894928 -0.003295810 0.999994338 0.000718429 -0.582216561 -0.003597886 -0.000730287 0.999993324 21.633884430
0.999987304 0.003247366 0.003838663 0.444768280 -0.003256951 0.999991536 0.002493422 -0.639276028 -0.003830534 -0.002505893 0.999989510 22.076694489
0.999983549 0.004363290 0.003758605 0.454598129 -0.004371197 0.999988258 0.002097788 -0.648868203 -0.003749408 -0.002114183 0.999990702 22.576240540
0.999983430 0.004583940 0.003511379 0.464402586 -0.004592377 0.999986589 0.002398446 -0.664208412 -0.003500338 -0.002414532 0.999991000 23.075105667
0.999986470 0.004112036 0.003183569 0.466086775 -0.004120053 0.999988317 0.002515961 -0.687552214 -0.003173186 -0.002529044 0.999991775 23.590747833
0.999993443 0.002670706 0.002432655 0.478122413 -0.002675878 0.999994278 0.002125259 -0.700836420 -0.002426964 -0.002131755 0.999994814 24.118650436
0.999987960 0.004254177 0.002453013 0.492163152 -0.004261061 0.999987006 0.002807468 -0.722241998 -0.002441038 -0.002817886 0.999993026 24.641372681
0.999984920 0.005143288 0.001925249 0.499564230 -0.005148154 0.999983609 0.002530925 -0.727049232 -0.001912200 -0.002540799 0.999994993 25.190244675
0.999990702 0.004204342 0.000916701 0.515316963 -0.004207291 0.999985933 0.003238261 -0.752379239 -0.000903073 -0.003242088 0.999994338 25.708967209
0.999986291 0.005210169 0.000465679 0.524637938 -0.005211351 0.999983191 0.002575423 -0.760848522 -0.000452252 -0.002577815 0.999996543 26.260427475
0.999993563 0.003536369 -0.000623994 0.554085612 -0.003534197 0.999987781 0.003446641 -0.778431416 0.000636175 -0.003444414 0.999993801 26.833705902
0.999993026 0.003645641 -0.000763989 0.550846457 -0.003642772 0.999986470 0.003721784 -0.797411323 0.000777547 -0.003718975 0.999992788 27.377246857
0.999991894 0.003942233 -0.000747796 0.564785659 -0.003939759 0.999986827 0.003282340 -0.809833407 0.000760726 -0.003279367 0.999994338 27.929224014
0.999989092 0.004619136 -0.000709136 0.571026623 -0.004616923 0.999984682 0.003092786 -0.820545435 0.000723412 -0.003089479 0.999994993 28.482076645
0.999989569 0.004462382 -0.000939409 0.582288921 -0.004459299 0.999984682 0.003258262 -0.834700525 0.000953935 -0.003254039 0.999994218 29.031654358
0.999988914 0.004598232 -0.001015093 0.590303481 -0.004594755 0.999983668 0.003400738 -0.847871125 0.001030713 -0.003396035 0.999993682 29.575809479
0.999985754 0.005211260 -0.001208987 0.598373532 -0.005206962 0.999980271 0.003531731 -0.860863090 0.001227367 -0.003525385 0.999992967 30.127910614
0.999988377 0.004638767 -0.001336686 0.605099022 -0.004634537 0.999984264 0.003151107 -0.876176178 0.001351283 -0.003144875 0.999994159 30.644603729
0.999987304 0.004863659 -0.001297702 0.613934338 -0.004859376 0.999982715 0.003283416 -0.891514719 0.001313649 -0.003277068 0.999993742 31.184814453
0.999981403 0.005879302 -0.001556129 0.620203316 -0.005874482 0.999977946 0.003083595 -0.904623508 0.001574224 -0.003074397 0.999993980 31.737188339
0.999983728 0.005446393 -0.001708262 0.633095920 -0.005441340 0.999980807 0.002948573 -0.919560850 0.001724288 -0.002939229 0.999994218 32.264064789
0.999984145 0.005294891 -0.001907383 0.636603057 -0.005288215 0.999979913 0.003488054 -0.936194122 0.001925814 -0.003477912 0.999992073 32.805160522
0.999983668 0.005237245 -0.002311280 0.646584928 -0.005229325 0.999980450 0.003419355 -0.954961181 0.002329144 -0.003407213 0.999991417 33.343849182
0.999984980 0.004807017 -0.002639878 0.662804723 -0.004797302 0.999981701 0.003674556 -0.970119357 0.002657493 -0.003661836 0.999989748 33.874538422
0.999984205 0.004511863 -0.003336560 0.678289592 -0.004499355 0.999982834 0.003746703 -0.981733561 0.003353407 -0.003731631 0.999987364 34.425212860
0.999983251 0.004695359 -0.003389227 0.681853116 -0.004682557 0.999981880 0.003775415 -1.000770450 0.003406893 -0.003759482 0.999987125 34.949253082
0.999981344 0.005202232 -0.003211788 0.689516842 -0.005191297 0.999980688 0.003403519 -1.010322809 0.003229433 -0.003386782 0.999989092 35.494995117
0.999983430 0.004124785 -0.004019166 0.696248770 -0.004109278 0.999984145 0.003858981 -1.026343703 0.004035020 -0.003842401 0.999984503 36.045112610
0.999983430 0.004496629 -0.003594345 0.699976325 -0.004484932 0.999984622 0.003255402 -1.039327979 0.003608928 -0.003239227 0.999988258 36.635124207
0.999976516 0.004961185 -0.004731190 0.718368590 -0.004945267 0.999982059 0.003370283 -1.044367671 0.004747827 -0.003346807 0.999983132 37.200607300
0.999981284 0.004062124 -0.004575321 0.721031547 -0.004045216 0.999984980 0.003698347 -1.074808240 0.004590276 -0.003679771 0.999982715 37.728446960
0.999979258 0.004274753 -0.004812189 0.728444993 -0.004258072 0.999984920 0.003471287 -1.088549137 0.004826955 -0.003450725 0.999982417 38.269199371
0.999979258 0.004096504 -0.004982813 0.738822520 -0.004078944 0.999985456 0.003529064 -1.095308781 0.004997197 -0.003508666 0.999981344 38.821777344
0.999979794 0.004034425 -0.004902549 0.740633070 -0.004017397 0.999985874 0.003478086 -1.108868718 0.004916512 -0.003458320 0.999981940 39.346267700
0.999980152 0.003806225 -0.005018463 0.747121096 -0.003787753 0.999985993 0.003684843 -1.126339912 0.005032420 -0.003665761 0.999980628 39.891620636
0.999978364 0.004146630 -0.005101855 0.757408202 -0.004128911 0.999985397 0.003478592 -1.135088205 0.005116204 -0.003457451 0.999980927 40.431190491
0.999978662 0.004278000 -0.004927934 0.764976978 -0.004262642 0.999986053 0.003122922 -1.143186569 0.004941224 -0.003101849 0.999983013 40.985141754
0.999978244 0.004204449 -0.005082738 0.769820392 -0.004186257 0.999984920 0.003584374 -1.162881136 0.005097731 -0.003563018 0.999980688 41.513427734
0.999978125 0.004395956 -0.004925972 0.776663601 -0.004383180 0.999987006 0.002601319 -1.159682631 0.004937343 -0.002579671 0.999984503 42.086051941
0.999977708 0.004422460 -0.005000127 0.791063666 -0.004406348 0.999985039 0.003228770 -1.188472629 0.005014332 -0.003206665 0.999982297 42.599746704
0.999977648 0.004191945 -0.005202578 0.799728215 -0.004174314 0.999985516 0.003395077 -1.203958154 0.005216735 -0.003373284 0.999980688 43.152446747
0.999978125 0.004446558 -0.004899883 0.814755201 -0.004431306 0.999985337 0.003119344 -1.218161106 0.004913680 -0.003097563 0.999983132 43.687568665
0.999977231 0.004735928 -0.004807444 0.817285299 -0.004723587 0.999985576 0.002575045 -1.219042420 0.004819571 -0.002552279 0.999985158 44.260879517
0.999976814 0.005361908 -0.004176609 0.824753702 -0.005349970 0.999981582 0.002864148 -1.239233375 0.004191890 -0.002841738 0.999987125 44.765628815
0.999977171 0.005443717 -0.003991215 0.834312379 -0.005432879 0.999981523 0.002721216 -1.252527833 0.004005955 -0.002699470 0.999988377 45.317543030
0.999973536 0.006135723 -0.003901317 0.844796777 -0.006127166 0.999978781 0.002201564 -1.262124896 0.003914743 -0.002177602 0.999989927 45.873054504
0.999974549 0.005684200 -0.004300133 0.868598223 -0.005674904 0.999981463 0.002171051 -1.277743220 0.004312395 -0.002146593 0.999988377 46.425102234
0.999965429 0.007124327 -0.004272721 0.894416571 -0.007116758 0.999973059 0.001784148 -1.280318856 0.004285317 -0.001753678 0.999989271 46.976074219
0.999972343 0.006023153 -0.004362593 0.885437906 -0.006011737 0.999978483 0.002625085 -1.311835051 0.004378310 -0.002598786 0.999987066 47.507801056
0.999969900 0.006226282 -0.004623285 0.894093335 -0.006214600 0.999977469 0.002536956 -1.326253891 0.004638976 -0.002508149 0.999986172 48.053836823
0.999971926 0.005797099 -0.004749829 0.909719348 -0.005784322 0.999979615 0.002699307 -1.343706846 0.004765381 -0.002671756 0.999985099 48.604095459
0.999971688 0.005812948 -0.004782720 0.913397968 -0.005801977 0.999980509 0.002304786 -1.353669167 0.004796024 -0.002276971 0.999985933 49.154056549
0.999972403 0.005667467 -0.004802810 0.929713249 -0.005657217 0.999981701 0.002145177 -1.367271781 0.004814878 -0.002117947 0.999986112 49.689495087
0.999971211 0.005482193 -0.005247336 0.937296033 -0.005471685 0.999983013 0.002014714 -1.377719641 0.005258293 -0.001985945 0.999984205 50.233131409
0.999967456 0.006310268 -0.005053498 0.944979668 -0.006300611 0.999978304 0.001924800 -1.392513871 0.005065534 -0.001892897 0.999985397 50.760185242
0.999967635 0.006255410 -0.005061802 0.955084562 -0.006246675 0.999978960 0.001739616 -1.403201699 0.005072578 -0.001707940 0.999985695 51.309848785
0.999968827 0.006133999 -0.004969151 0.967335820 -0.006124421 0.999979377 0.001940564 -1.419589400 0.004980951 -0.001910071 0.999985754 51.842399597
0.999966562 0.006396580 -0.005095973 0.979677022 -0.006386487 0.999977589 0.001994254 -1.437457085 0.005108615 -0.001961642 0.999985039 52.373607635
0.999969900 0.005415987 -0.005562286 0.990571439 -0.005402583 0.999982476 0.002421764 -1.452284098 0.005575305 -0.002391640 0.999981642 52.919971466
0.999969184 0.005934610 -0.005139174 0.994572282 -0.005922300 0.999979496 0.002407212 -1.466407657 0.005153355 -0.002376701 0.999983907 53.485481262
0.999966800 0.006517009 -0.004897135 1.004384995 -0.006506163 0.999976277 0.002227230 -1.481632471 0.004911534 -0.002195295 0.999985516 54.031330109
0.999969959 0.006329374 -0.004465089 1.000809073 -0.006319898 0.999977767 0.002133348 -1.494251370 0.004478493 -0.002105065 0.999987721 54.582817078
0.999969184 0.006219024 -0.004791507 1.011325359 -0.006209800 0.999978900 0.001937423 -1.506600261 0.004803455 -0.001907609 0.999986708 55.132957458
0.999968708 0.006461101 -0.004568835 1.023733735 -0.006452086 0.999977231 0.001985030 -1.522731781 0.004581556 -0.001955490 0.999987602 55.660350800
0.999971747 0.006120482 -0.004346594 1.028788567 -0.006111221 0.999979019 0.002140383 -1.534481406 0.004359602 -0.002113759 0.999988258 56.211563110
0.999964654 0.007029502 -0.004614249 1.035008669 -0.007020031 0.999973178 0.002065432 -1.550930500 0.004628645 -0.002032967 0.999987245 56.747852325
0.999965072 0.007041245 -0.004505949 1.043691397 -0.007032113 0.999973178 0.002039388 -1.566103697 0.004520187 -0.002007630 0.999987721 57.274929047
0.999963403 0.007297384 -0.004459125 1.047873974 -0.007288158 0.999971271 0.002081138 -1.581589460 0.004474183 -0.002048563 0.999987900 57.803951263
0.999966204 0.006873826 -0.004493164 1.060055494 -0.006864900 0.999974549 0.001998712 -1.597199917 0.004506789 -0.001967800 0.999987900 58.331089020
0.999966025 0.007162241 -0.004100759 1.063957691 -0.007153862 0.999972343 0.002054094 -1.609684587 0.004115357 -0.002024688 0.999989450 58.882545471
0.999968529 0.006686994 -0.004297919 1.067246437 -0.006678605 0.999975741 0.001963338 -1.628112435 0.004310944 -0.001934572 0.999988854 59.386131287
0.999966562 0.006894978 -0.004401955 1.075426459 -0.006888175 0.999975085 0.001558378 -1.640316129 0.004412591 -0.001528004 0.999989092 59.921783447
0.999968350 0.006771580 -0.004188658 1.080895782 -0.006765798 0.999976099 0.001393163 -1.651685715 0.004197992 -0.001364779 0.999990284 60.473121643
0.999965787 0.007117658 -0.004205761 1.089568138 -0.007111673 0.999973655 0.001436935 -1.669041276 0.004215877 -0.001406975 0.999990106 60.986507416
0.999964297 0.007367146 -0.004126441 1.098659515 -0.007360649 0.999971747 0.001587016 -1.681378365 0.004138016 -0.001556586 0.999990225 61.520626068
0.999964058 0.007323102 -0.004266571 1.105414510 -0.007316709 0.999972105 0.001511879 -1.696152091 0.004277523 -0.001480607 0.999989688 62.052631378
0.999964952 0.007368051 -0.003974313 1.113680601 -0.007363126 0.999972045 0.001252356 -1.712290168 0.003983430 -0.001223049 0.999991298 62.573539734
0.999960363 0.008023007 -0.003862138 1.116850138 -0.008018458 0.999967158 0.001191805 -1.723529100 0.003871573 -0.001160790 0.999991834 63.117042542
0.999961078 0.007914071 -0.003907441 1.124910235 -0.007909213 0.999967873 0.001257358 -1.742883444 0.003917266 -0.001226404 0.999991596 63.644851685
0.999962568 0.007877261 -0.003584363 1.131700516 -0.007873795 0.999968529 0.000980050 -1.754823327 0.003591970 -0.000951791 0.999993086 64.172958374
0.999962449 0.007914397 -0.003522414 1.136152864 -0.007909736 0.999967813 0.001334749 -1.770658255 0.003532866 -0.001306838 0.999992907 64.705718994
0.999966383 0.007445317 -0.003443561 1.146025658 -0.007441347 0.999971628 0.001163895 -1.783801794 0.003452128 -0.001138231 0.999993324 65.227340698
0.999966323 0.007359122 -0.003614034 1.155670047 -0.007355103 0.999972343 0.001124247 -1.798185825 0.003622208 -0.001097628 0.999992788 65.753448486
0.999966204 0.007478521 -0.003411894 1.161070347 -0.007474428 0.999971330 0.001210883 -1.814088583 0.003420851 -0.001185340 0.999993443 66.287223816
0.999965906 0.007571281 -0.003299203 1.169068694 -0.007566928 0.999970496 0.001329968 -1.832617164 0.003309175 -0.001304958 0.999993682 66.808746338
0.999963939 0.007759332 -0.003427252 1.179294348 -0.007755468 0.999969304 0.001139869 -1.845201135 0.003435992 -0.001113248 0.999993503 67.332962036
0.999962091 0.008093852 -0.003181524 1.183691621 -0.008090185 0.999966621 0.001163881 -1.865715265 0.003190838 -0.001138098 0.999994338 67.865257263
0.999966383 0.007323076 -0.003671036 1.192205787 -0.007319891 0.999972820 0.000880559 -1.877805352 0.003677386 -0.000853658 0.999992847 68.364738464
0.999968469 0.007063143 -0.003614612 1.191492081 -0.007058362 0.999974310 0.001333881 -1.897029281 0.003623940 -0.001308326 0.999992549 68.867431641
0.999964416 0.007788452 -0.003244510 1.201725006 -0.007785649 0.999969304 0.000876065 -1.909288645 0.003251234 -0.000850774 0.999994338 69.419281006
0.999965072 0.007714554 -0.003205349 1.198512197 -0.007711645 0.999969840 0.000918490 -1.923401952 0.003212339 -0.000893739 0.999994397 69.923713684
0.999964237 0.007758622 -0.003372600 1.205858827 -0.007756231 0.999969602 0.000721144 -1.938223243 0.003378094 -0.000694959 0.999994040 70.462806702
0.999966085 0.007553669 -0.003269510 1.214472413 -0.007550817 0.999971211 0.000883696 -1.957265019 0.003276090 -0.000858979 0.999994218 70.960670471
0.999969244 0.006933141 -0.003671347 1.227806926 -0.006930460 0.999975681 0.000742663 -1.971020937 0.003676407 -0.000717196 0.999992907 71.493003845
0.999962747 0.007748784 -0.003812684 1.236238241 -0.007746944 0.999969840 0.000497119 -1.984944582 0.003816420 -0.000467563 0.999992549 72.040870667
0.999966025 0.007599469 -0.003199827 1.234405875 -0.007596969 0.999970853 0.000792528 -2.004959106 0.003205757 -0.000768192 0.999994516 72.539154053
0.999963224 0.007987775 -0.003124916 1.236047268 -0.007985648 0.999967873 0.000692519 -2.019234419 0.003130348 -0.000667539 0.999994874 73.080001831
0.999963760 0.008008853 -0.002866703 1.242327571 -0.008006285 0.999967456 0.000906044 -2.038102627 0.002873867 -0.000883060 0.999995410 73.606262207
0.999966025 0.007508618 -0.003395570 1.258137107 -0.007505831 0.999971449 0.000832120 -2.049234629 0.003401721 -0.000806605 0.999993861 74.160385132
0.999967337 0.007371952 -0.003317052 1.265085459 -0.007367954 0.999972045 0.001215749 -2.070098400 0.003325922 -0.001191270 0.999993742 74.657699585
0.999962270 0.008127505 -0.003062025 1.265524864 -0.008124745 0.999966562 0.000911815 -2.083712339 0.003069334 -0.000886902 0.999994874 75.193939209
0.999960721 0.008246359 -0.003256324 1.272243977 -0.008242378 0.999965191 0.001234031 -2.099339962 0.003266387 -0.001207142 0.999993920 75.720909119
0.999963701 0.007819387 -0.003386422 1.281275272 -0.007816399 0.999969065 0.000895094 -2.114232063 0.003393317 -0.000868592 0.999993861 76.251815796
0.999965191 0.007264111 -0.004105213 1.295177460 -0.007261294 0.999973416 0.000700909 -2.125752211 0.004110196 -0.000671076 0.999991298 76.791519165
0.999958158 0.008486943 -0.003420736 1.281404734 -0.008481596 0.999962807 0.001574785 -2.151176453 0.003433974 -0.001545705 0.999992907 77.261253357
0.999964297 0.007592996 -0.003714052 1.307226777 -0.007588296 0.999970317 0.001278505 -2.169171333 0.003723650 -0.001250276 0.999992251 77.783309937
0.999965370 0.007541514 -0.003545627 1.310567617 -0.007537255 0.999970794 0.001213814 -2.181558609 0.003554678 -0.001187048 0.999992967 78.330284119
0.999966323 0.007371482 -0.003598677 1.322001696 -0.007366956 0.999972045 0.001269551 -2.198225737 0.003607937 -0.001242997 0.999992669 78.859977722
0.999963164 0.007896289 -0.003372841 1.324266315 -0.007891997 0.999968052 0.001283995 -2.216298819 0.003382872 -0.001257329 0.999993443 79.366821289
0.999967217 0.007676100 -0.002549335 1.332768440 -0.007672030 0.999969244 0.001603229 -2.234058380 0.002561562 -0.001583618 0.999995410 79.900436401
0.999972045 0.007342588 -0.001413240 1.339431524 -0.007341730 0.999972880 0.000611904 -2.240181923 0.001417695 -0.000601512 0.999998808 80.416999817
0.999973595 0.007251292 -0.000469243 1.349324346 -0.007250987 0.999973476 0.000645620 -2.255542278 0.000473912 -0.000642200 0.999999702 80.939102173
0.999975502 0.006946395 0.000876805 1.353605509 -0.006947157 0.999975443 0.000866772 -2.272932529 -0.000870763 -0.000872843 0.999999166 81.466964722
0.999967873 0.006966995 0.003965489 1.372970462 -0.006968636 0.999975562 0.000400387 -2.284657478 -0.003962602 -0.000428008 0.999992073 81.997383118
0.999941766 0.007443005 0.007808727 1.381631136 -0.007448609 0.999972045 0.000688941 -2.302242041 -0.007803380 -0.000747065 0.999969304 82.521736145
0.999916971 0.006942967 0.010848754 1.402936101 -0.006949577 0.999975681 0.000571569 -2.321393490 -0.010844522 -0.000646916 0.999940932 83.052009583
0.999857068 0.007121247 0.015334797 1.423631310 -0.007129606 0.999974489 0.000490513 -2.335117102 -0.015330913 -0.000599774 0.999882281 83.591941833
0.999728382 0.008036806 0.021875570 1.442004919 -0.008058421 0.999967217 0.000900150 -2.353497267 -0.021867616 -0.001076188 0.999760330 84.131347656
0.999610305 0.006980500 0.027027091 1.480314493 -0.006997705 0.999975502 0.000542151 -2.366546154 -0.027022641 -0.000731067 0.999634564 84.600891113
0.999429941 0.006847164 0.033057489 1.511091828 -0.006871854 0.999976218 0.000633313 -2.384422302 -0.033052363 -0.000860118 0.999453247 85.128326416
0.999128103 0.007051466 0.041150242 1.548884511 -0.007074098 0.999974847 0.000404377 -2.399025202 -0.041146357 -0.000695125 0.999152839 85.662979126
0.998759091 0.006267936 0.049406309 1.593515158 -0.006275949 0.999980330 0.000007044 -2.412477016 -0.049405284 -0.000317107 0.998778760 86.194519043
0.998360336 0.006721965 0.056845911 1.633041620 -0.006745933 0.999977231 0.000229762 -2.431513786 -0.056843068 -0.000612864 0.998382926 86.731399536
0.997810423 0.007171521 0.065749235 1.688731670 -0.007197343 0.999974012 0.000155877 -2.442185163 -0.065746412 -0.000628755 0.997836173 87.257904053
0.997122824 0.006436738 0.075529329 1.752538204 -0.006456119 0.999979138 0.000012424 -2.466091633 -0.075527675 -0.000500014 0.997143567 87.766433716
0.996398926 0.006746699 0.084520653 1.815120220 -0.006779140 0.999976993 0.000096823 -2.478449821 -0.084518068 -0.000669451 0.996421695 88.315338135
0.995796263 0.005559980 0.091426879 1.826246262 -0.005690364 0.999983132 0.001165487 -2.545901537 -0.091418877 -0.001680840 0.995811105 88.636932373
0.994753003 0.005587264 0.102152482 1.966354370 -0.005523131 0.999984324 -0.000910651 -2.499541998 -0.102155946 0.000341672 0.994768322 89.429542542
0.993645906 0.005523651 0.112415649 2.023159027 -0.005610952 0.999984145 0.000460224 -2.550065041 -0.112411350 -0.001088058 0.993661106 89.962211609
0.992558539 0.005251375 0.121655107 2.111355782 -0.005316427 0.999985814 0.000210145 -2.571117640 -0.121652283 -0.000855351 0.992572427 90.549850464
0.991048753 0.005062245 0.133404925 2.204474449 -0.005105400 0.999987006 -0.000018587 -2.585479975 -0.133403286 -0.000662665 0.991061628 91.088706970
0.989239097 0.005517556 0.146204025 2.324348450 -0.005584022 0.999984384 0.000044202 -2.601103067 -0.146201521 -0.000860133 0.989254415 91.744285583
0.987673342 0.004697885 0.156459093 2.417396545 -0.004757230 0.999988675 0.000004844 -2.616643190 -0.156457320 -0.000749096 0.987684488 92.151245117
0.985812426 0.005292939 0.167766958 2.562066078 -0.005362967 0.999985635 -0.000035660 -2.639432669 -0.167764723 -0.000864575 0.985826612 92.940948486
0.983374715 0.005443764 0.181506380 2.675281525 -0.005487534 0.999984980 -0.000261039 -2.654818296 -0.181505039 -0.000739324 0.983389616 93.477844238
0.981228828 0.003876331 0.192807809 2.812053680 -0.003872449 0.999992430 -0.000396993 -2.670277119 -0.192807868 -0.000357098 0.981236458 94.002754211
0.978902817 0.005934569 0.204240367 2.929594040 -0.006155746 0.999980986 0.000447617 -2.695942640 -0.204233810 -0.001695425 0.978920639 94.533546448
0.976306975 0.003057903 0.216368526 3.082235336 -0.003050874 0.999995351 -0.000366498 -2.703938007 -0.216368601 -0.000302298 0.976311684 95.057899475
0.973239362 0.003141776 0.229772240 3.232200623 -0.003051936 0.999995053 -0.000746378 -2.711035252 -0.229773462 0.000025155 0.973244071 95.679954529
0.970477045 0.004344191 0.241154522 3.371524811 -0.004489583 0.999989927 0.000053450 -2.737951517 -0.241151869 -0.001134555 0.970486701 96.122947693
0.967765212 0.002291165 0.251843452 3.564666748 -0.002085259 0.999997199 -0.001084471 -2.740188837 -0.251845241 0.000524354 0.967767298 96.730094910
0.964354813 0.001621556 0.264607519 3.728305817 -0.001344917 0.999998331 -0.001226632 -2.760898829 -0.264609098 0.000827033 0.964355350 97.216255188
0.960557222 0.002146351 0.278073967 3.902696609 -0.002001737 0.999997616 -0.000803969 -2.777585030 -0.278075039 0.000215627 0.960559309 97.766960144
0.957778573 0.000915275 0.287505209 4.116214752 -0.000760220 0.999999523 -0.000650955 -2.823490143 -0.287505656 0.000404904 0.957778871 98.171852112
0.952996552 0.001316942 0.302978665 4.298622131 -0.001238725 0.999999106 -0.000450331 -2.820744276 -0.302978963 0.000053857 0.952997267 98.806076050
0.948646188 0.001119540 0.316337317 4.471433640 -0.001112100 0.999999404 -0.000204056 -2.846793175 -0.316337377 -0.000158221 0.948646784 99.189720154
0.944705844 0.000669785 0.327918202 4.722482681 -0.000490947 0.999999702 -0.000628157 -2.852227688 -0.327918500 0.000432433 0.944705904 99.870185852
0.939982533 0.001340973 0.341219813 4.928728104 -0.001342466 0.999999106 -0.000231750 -2.870623112 -0.341219813 -0.000240235 0.939983487 100.384239197
0.934900701 0.000445522 0.354909152 5.153717041 -0.000359125 0.999999881 -0.000309307 -2.887557507 -0.354909301 0.000161715 0.934900820 100.882743835
0.930259764 -0.000280058 0.366901517 5.372278214 0.000381132 0.999999940 -0.000203033 -2.902557850 -0.366901487 0.000328711 0.930259764 101.353645325
0.925662279 -0.001628658 0.378347456 5.612552643 0.002010099 0.999997795 -0.000613243 -2.912326097 -0.378345609 0.001328172 0.925663531 101.835975647
0.919516981 -0.002482599 0.393042386 5.957618713 0.003045828 0.999994993 -0.000809335 -2.933809280 -0.393038422 0.001941336 0.919520020 102.643508911
0.913501978 -0.000318414 0.406834185 6.081726074 0.000861589 0.999998927 -0.001151942 -2.887830496 -0.406833380 0.001402825 0.913501263 102.943687439
0.908951640 -0.001949306 0.416896999 6.353916168 0.002875185 0.999994636 -0.001592979 -2.904568672 -0.416891664 0.002646597 0.908952296 103.464286804
0.903230965 -0.003945723 0.429136693 6.713260651 0.004731877 0.999988556 -0.000765022 -2.982513905 -0.429128796 0.002721613 0.903239250 104.121162415
0.897071302 -0.003947838 0.441868186 6.977832794 0.004185877 0.999991179 0.000436268 -3.049668550 -0.441866040 0.001458242 0.897079885 104.459533691
0.891387820 -0.003969069 0.453223974 7.252979279 0.004181162 0.999991119 0.000533945 -3.079215765 -0.453222066 0.001419051 0.891396523 104.895004272
0.886091828 -0.002965085 0.463500261 7.430534363 0.003221838 0.999994874 0.000237809 -3.045451880 -0.463498533 0.001282602 0.886096716 105.158668518
0.877799690 -0.004589315 0.479005903 7.732048035 0.004884171 0.999987841 0.000630339 -3.090801954 -0.479002982 0.001786235 0.877811432 105.823226929
