1.000000000 0.000000000 0.000000000 0.000000000 0.000000000 1.000000000 0.000000000 0.000000000 0.000000000 0.000000000 1.000000000 0.000000000
1.000000000 0.000005496 0.000130825 -0.001477674 -0.000005511 1.000000000 0.000110916 0.000237986 -0.000130824 -0.000110916 1.000000000 0.002072121
1.000000000 0.000160350 0.000134367 -0.001441512 -0.000160371 1.000000000 0.000158826 0.000551780 -0.000134342 -0.000158848 1.000000000 0.002183009
1.000000000 0.000145895 -0.000050312 0.000136363 -0.000145888 1.000000000 0.000145921 -0.000525424 0.000050334 -0.000145914 1.000000000 0.000031943
0.999999940 0.000330489 0.000201595 -0.002196463 -0.000330509 0.999999940 0.000099689 0.000347609 -0.000201562 -0.000099756 1.000000000 0.001385667
1.000000000 0.000121258 0.000039362 -0.001475447 -0.000121262 1.000000000 0.000108198 0.000183922 -0.000039349 -0.000108202 1.000000000 0.000066742
1.000000000 -0.000125795 0.000102829 -0.001046631 0.000125788 1.000000000 0.000072202 0.000263892 -0.000102838 -0.000072189 1.000000000 0.001084720
0.999999940 -0.000190595 0.000203727 -0.001850124 0.000190574 1.000000000 0.000105351 0.001343152 -0.000203747 -0.000105312 1.000000000 0.004143893
1.000000000 0.000072472 0.000223175 -0.001645823 -0.000072487 1.000000000 0.000065594 0.001040869 -0.000223170 -0.000065610 1.000000000 0.003170703
1.000000000 -0.000076348 0.000132966 -0.000727839 0.000076328 1.000000000 0.000150118 0.000231742 -0.000132978 -0.000150108 1.000000000 0.001799330
1.000000000 -0.000095583 0.000203540 -0.000552678 0.000095589 1.000000000 -0.000029067 0.001365825 -0.000203537 0.000029086 1.000000000 0.001466263
1.000000000 -0.000040073 0.000095038 -0.000776719 0.000040060 1.000000000 0.000128567 0.000427967 -0.000095043 -0.000128563 1.000000000 0.002055686
0.999999940 0.000155682 0.000293986 -0.003376553 -0.000155681 1.000000000 -0.000002889 0.002518819 -0.000293986 0.000002843 0.999999940 0.006083635
0.999999940 -0.000225252 0.000213433 -0.001701417 0.000225212 0.999999940 0.000188074 0.000420769 -0.000213476 -0.000188026 0.999999940 0.002996072
1.000000000 -0.000040302 0.000188726 -0.002390101 0.000040280 1.000000000 0.000115965 0.000958736 -0.000188731 -0.000115958 1.000000000 0.003244010
1.000000000 -0.000067995 0.000183125 -0.001591210 0.000067977 1.000000000 0.000096795 0.000334715 -0.000183132 -0.000096782 1.000000000 0.001337062
1.000000000 -0.000084294 0.000144502 -0.000876143 0.000084278 1.000000000 0.000109953 -0.000112503 -0.000144511 -0.000109941 1.000000000 0.000131327
0.999999881 0.000271500 0.000424239 -0.003881937 -0.000271554 0.999999940 0.000127558 0.001201149 -0.000424205 -0.000127673 0.999999881 0.004510091
0.999999940 0.000121686 0.000328622 -0.003576136 -0.000121741 1.000000000 0.000167331 0.000523670 -0.000328602 -0.000167371 0.999999940 0.003522648
1.000000000 0.000122150 0.000095784 -0.001438343 -0.000122155 1.000000000 0.000054220 0.000915098 -0.000095778 -0.000054232 1.000000000 0.002868155
0.999999881 0.000311149 0.000348468 -0.003412099 -0.000311217 0.999999940 0.000192946 0.001001497 -0.000348408 -0.000193054 0.999999940 0.005080799
0.999999881 0.000357921 0.000290751 -0.003265812 -0.000357938 0.999999940 0.000057769 0.001340660 -0.000290731 -0.000057873 0.999999940 0.003756007
1.000000000 0.000039486 0.000219442 -0.002604858 -0.000039531 1.000000000 0.000205960 0.000647352 -0.000219434 -0.000205969 0.999999940 0.004202310
0.999999881 0.000173692 0.000386943 -0.002820539 -0.000173779 0.999999940 0.000224063 -0.000059319 -0.000386904 -0.000224130 0.999999881 0.003567418
0.999999940 0.000209217 0.000263108 -0.001549458 -0.000209295 0.999999940 0.000295710 -0.000993387 -0.000263046 -0.000295765 0.999999940 -0.000153849
1.000000000 -0.000023409 0.000183885 -0.001867641 0.000023399 1.000000000 0.000053944 0.001682149 -0.000183886 -0.000053940 1.000000000 0.003499173
1.000000000 -0.000021804 0.000200151 -0.001108801 0.000021794 1.000000000 0.000045773 0.000435243 -0.000200152 -0.000045768 1.000000000 0.000066818
0.999999940 0.000132068 0.000237995 -0.002191998 -0.000132073 1.000000000 0.000022988 0.001298957 -0.000237992 -0.000023020 1.000000000 0.003094584
0.999999940 0.000232508 0.000318339 -0.003983398 -0.000232519 1.000000000 0.000034103 0.002297279 -0.000318331 -0.000034177 0.999999940 0.005232230
1.000000000 -0.000069945 0.000157769 -0.002615692 0.000069930 1.000000000 0.000100469 0.001901209 -0.000157776 -0.000100458 1.000000000 0.004830939
0.999999940 0.000055392 0.000293461 -0.002954340 -0.000055420 1.000000000 0.000096748 0.000385241 -0.000293456 -0.000096765 0.999999940 0.003291435
1.000000000 -0.000086611 0.000215372 -0.001952385 0.000086572 1.000000000 0.000181291 0.000851989 -0.000215387 -0.000181272 0.999999940 0.003449926
1.000000000 -0.000103545 0.000157576 -0.001859913 0.000103544 1.000000000 0.000004228 0.002250642 -0.000157576 -0.000004212 1.000000000 0.004723109
0.999999940 -0.000020850 0.000325758 -0.002317355 0.000020848 1.000000000 0.000005248 0.002198650 -0.000325758 -0.000005242 0.999999940 0.004361195
1.000000000 -0.000154893 0.000123634 -0.001143929 0.000154888 1.000000000 0.000044572 0.001456858 -0.000123640 -0.000044553 1.000000000 0.003680467
0.999999940 0.000194364 0.000229640 -0.001352592 -0.000194403 0.999999940 0.000169566 0.000561502 -0.000229607 -0.000169611 0.999999940 0.001536325
0.999999940 0.000161497 0.000260945 -0.002233745 -0.000161523 1.000000000 0.000100867 0.001837096 -0.000260929 -0.000100909 0.999999940 0.003228849
0.999999940 0.000098520 0.000367404 -0.002819714 -0.000098577 1.000000000 0.000155887 0.001712863 -0.000367388 -0.000155923 0.999999940 0.005576354
0.999999940 0.000035473 0.000248347 -0.002996154 -0.000035520 1.000000000 0.000188887 0.001355474 -0.000248341 -0.000188896 0.999999940 0.005191826
0.999999940 -0.000197418 0.000183331 -0.000321810 0.000197387 0.999999940 0.000165930 0.000391717 -0.000183364 -0.000165894 0.999999940 0.001313851
0.999999881 -0.000325615 0.000346437 -0.001016756 0.000325630 0.999999940 -0.000041184 0.001639490 -0.000346423 0.000041297 0.999999940 0.003008461
0.999999881 -0.000408477 0.000264929 0.001239648 0.000408647 0.999999702 -0.000639366 -0.000848072 -0.000264668 0.000639474 0.999999762 0.052242614
0.999999940 0.000199584 0.000282478 -0.001241795 -0.000199292 0.999999464 -0.001035442 -0.005290939 -0.000282685 0.001035386 0.999999404 0.136254206
1.000000000 0.000164883 0.000071059 0.002210399 -0.000164776 0.999998808 -0.001516391 -0.004544865 -0.000071309 0.001516380 0.999998868 0.254645824
1.000000000 0.000023441 -0.000207042 0.006800142 -0.000023669 0.999999404 -0.001101519 -0.012643529 0.000207016 0.001101524 0.999999344 0.385118276
0.999999821 0.000613410 -0.000141009 0.009218707 -0.000613420 0.999999762 -0.000072541 -0.029996792 0.000140964 0.000072628 1.000000000 0.514324307
0.999999940 0.000425170 -0.000271034 0.014692694 -0.000425140 0.999999881 0.000112574 -0.037098747 0.000271082 -0.000112458 1.000000000 0.661662519
0.999999702 0.000658887 -0.000458225 0.018950481 -0.000658890 0.999999762 -0.000006808 -0.036351781 0.000458220 0.000007109 0.999999881 0.824023843
0.999999762 0.000524453 -0.000471501 0.023754461 -0.000524379 0.999999821 0.000158778 -0.043843385 0.000471584 -0.000158531 0.999999821 0.991587222
0.999999642 0.000743843 -0.000405485 0.026483212 -0.000743757 0.999999702 0.000211274 -0.047614790 0.000405642 -0.000210973 0.999999821 1.167721152
0.999999881 0.000170326 -0.000436256 0.030618472 -0.000170209 0.999999940 0.000267084 -0.050546501 0.000436301 -0.000267009 0.999999881 1.360663295
0.999999881 0.000144033 -0.000412928 0.037551481 -0.000143832 0.999999881 0.000488679 -0.059512205 0.000412999 -0.000488619 0.999999821 1.539953709
0.999999821 0.000487043 -0.000452624 0.040669095 -0.000486869 0.999999762 0.000382949 -0.059827972 0.000452810 -0.000382729 0.999999821 1.743708849
0.999999523 0.000814351 -0.000620856 0.042975813 -0.000814207 0.999999642 0.000230846 -0.064527214 0.000621043 -0.000230341 0.999999821 1.943995237
0.999999523 0.000988242 -0.000121727 0.045760345 -0.000988147 0.999999225 0.000779562 -0.080457054 0.000122497 -0.000779442 0.999999702 2.153800726
0.999999166 0.001303962 0.000005953 0.050417874 -0.001303964 0.999999046 0.000534871 -0.084253602 -0.000005256 -0.000534878 0.999999821 2.370271683
0.999999642 0.000762739 -0.000379983 0.059772130 -0.000762409 0.999999344 0.000866917 -0.092248067 0.000380644 -0.000866627 0.999999523 2.588969231
0.999999225 0.001223505 -0.000032230 0.058173556 -0.001223472 0.999998808 0.000994203 -0.101007342 0.000033446 -0.000994163 0.999999523 2.818923235
0.999999046 0.001349623 0.000089323 0.064205915 -0.001349706 0.999998629 0.000937450 -0.107605971 -0.000088058 -0.000937570 0.999999583 3.050309896
0.999999702 0.000741564 -0.000223793 0.069274448 -0.000741380 0.999999404 0.000817657 -0.113182761 0.000224399 -0.000817491 0.999999642 3.300661564
0.999999583 0.000768015 -0.000498464 0.079480156 -0.000767540 0.999999285 0.000952021 -0.123420708 0.000499195 -0.000951638 0.999999404 3.544984341
0.999999583 0.000796854 -0.000436347 0.084554642 -0.000796495 0.999999344 0.000822284 -0.127638981 0.000437002 -0.000821936 0.999999583 3.799366951
0.999999702 0.000711334 -0.000212267 0.082409695 -0.000711267 0.999999762 0.000317660 -0.127013505 0.000212493 -0.000317509 0.999999940 4.068052292
0.999999285 0.001144951 -0.000356621 0.089875475 -0.001144269 0.999997556 0.001905366 -0.147700086 0.000358801 -0.001904957 0.999998033 4.290696144
0.999998987 0.001415003 -0.000405522 0.097852886 -0.001414488 0.999998212 0.001265957 -0.150456414 0.000407313 -0.001265383 0.999999046 4.552512646
0.999999464 0.000901558 -0.000513485 0.105095454 -0.000900719 0.999998391 0.001631925 -0.159346864 0.000514955 -0.001631462 0.999998569 4.801010609
0.999999583 0.000884341 -0.000319683 0.110390477 -0.000883804 0.999998271 0.001675166 -0.165617287 0.000321163 -0.001674883 0.999998569 5.069739342
0.999998927 0.001467225 -0.000005675 0.109144144 -0.001467216 0.999997854 0.001413447 -0.174587309 0.000007749 -0.001413438 0.999998987 5.333745480
0.999998987 0.001416754 0.000107123 0.113475107 -0.001416910 0.999997914 0.001464703 -0.179202244 -0.000105047 -0.001464853 0.999998868 5.602706432
0.999999225 0.001230266 -0.000054857 0.121344529 -0.001230177 0.999997973 0.001593423 -0.188324198 0.000056817 -0.001593354 0.999998689 5.874675751
0.999999285 0.001029435 -0.000514064 0.134675965 -0.001028483 0.999997735 0.001849147 -0.200400293 0.000515966 -0.001848617 0.999998152 6.144780636
0.999998868 0.001493757 0.000159405 0.131055400 -0.001494077 0.999996781 0.002027034 -0.209608600 -0.000156377 -0.002027270 0.999997854 6.425276279
0.999999046 0.001413345 -0.000075969 0.137287855 -0.001413187 0.999996901 0.002033769 -0.219958603 0.000078843 -0.002033660 0.999997854 6.714375496
0.999998748 0.001561809 0.000135684 0.148678154 -0.001562091 0.999996603 0.002100422 -0.232815444 -0.000132403 -0.002100631 0.999997795 7.001851559
0.999998987 0.001437445 -0.000067865 0.157214791 -0.001437280 0.999996126 0.002375028 -0.239607617 0.000071279 -0.002374928 0.999997199 7.299175739
0.999999225 0.001184448 0.000378686 0.153513461 -0.001185143 0.999997616 0.001841979 -0.246636063 -0.000376503 -0.001842426 0.999998212 7.612145424
0.999998450 0.001701555 0.000518881 0.160670817 -0.001702835 0.999995470 0.002476276 -0.264876902 -0.000514665 -0.002477156 0.999996841 7.913075924
0.999997795 0.002024613 0.000573985 0.168511808 -0.002025948 0.999995172 0.002334325 -0.268602401 -0.000569256 -0.002335483 0.999997139 8.245982170
0.999998808 0.001483452 0.000490288 0.168344304 -0.001484545 0.999996424 0.002235688 -0.277754009 -0.000486970 -0.002236414 0.999997318 8.570405006
0.999998271 0.001651913 0.000936621 0.169731081 -0.001654109 0.999995947 0.002349024 -0.284310639 -0.000932736 -0.002350569 0.999996781 8.911127090
0.999998808 0.001407425 0.000610080 0.182454631 -0.001409013 0.999995530 0.002610507 -0.300487757 -0.000606403 -0.002611364 0.999996424 9.231627464
0.999998987 0.001152622 0.000780539 0.187826723 -0.001154603 0.999996066 0.002542206 -0.306539774 -0.000777606 -0.002543104 0.999996483 9.582571030
0.999999166 0.001039730 0.000760211 0.196917236 -0.001041617 0.999996364 0.002486157 -0.314679384 -0.000757623 -0.002486947 0.999996662 9.920053482
0.999998629 0.001448747 0.000812428 0.199658349 -0.001451334 0.999993861 0.003192464 -0.335178047 -0.000807798 -0.003193638 0.999994576 10.273904800
0.999997735 0.001729100 0.001227989 0.202732012 -0.001733085 0.999993205 0.003250884 -0.343981445 -0.001222359 -0.003253004 0.999993920 10.627740860
0.999997675 0.001505043 0.001514939 0.206235319 -0.001510011 0.999993503 0.003283705 -0.350843042 -0.001509987 -0.003285985 0.999993443 10.991415024
0.999998033 0.001586880 0.001158135 0.220724955 -0.001590818 0.999992907 0.003407169 -0.363391191 -0.001152720 -0.003409005 0.999993443 11.367330551
0.999998868 0.001219991 0.000934693 0.232926443 -0.001223488 0.999992192 0.003750265 -0.372260630 -0.000930110 -0.003751405 0.999992490 11.749360085
0.999998808 0.000817675 0.001266217 0.235913411 -0.000821911 0.999994040 0.003348323 -0.380584121 -0.001263472 -0.003349360 0.999993622 12.130544662
0.999998450 0.001131503 0.001373537 0.244431317 -0.001136051 0.999993861 0.003314904 -0.390636206 -0.001369777 -0.003316459 0.999993563 12.518763542
0.999998271 0.001110728 0.001482825 0.249396577 -0.001116035 0.999992967 0.003583503 -0.403242081 -0.001478834 -0.003585152 0.999992490 12.913203239
0.999997735 0.001115107 0.001801599 0.256673127 -0.001121710 0.999992669 0.003668093 -0.416122675 -0.001797496 -0.003670106 0.999991655 13.312848091
0.999997139 0.001356642 0.001933372 0.265056223 -0.001363433 0.999992847 0.003515467 -0.424667507 -0.001928589 -0.003518093 0.999991894 13.724310875
0.999996543 0.001475579 0.002138417 0.273730516 -0.001482601 0.999993503 0.003285996 -0.431787223 -0.002133554 -0.003289155 0.999992251 14.143999100
0.999997079 0.000784498 0.002283601 0.285352558 -0.000792155 0.999994040 0.003354330 -0.445163816 -0.002280956 -0.003356129 0.999991775 14.564414978
0.999996901 0.000686003 0.002383527 0.293867499 -0.000694891 0.999992728 0.003729718 -0.455902040 -0.002380951 -0.003731363 0.999990225 14.989685059
0.999995887 0.001138984 0.002614877 0.306897610 -0.001149189 0.999991834 0.003904882 -0.475312203 -0.002610408 -0.003907871 0.999988973 15.418911934
0.999995291 0.000942684 0.002891226 0.320203573 -0.000954784 0.999990702 0.004186580 -0.488861203 -0.002887253 -0.004189320 0.999987066 15.851472855
0.999994457 0.000770553 0.003240058 0.331920952 -0.000782427 0.999992967 0.003664951 -0.494459808 -0.003237211 -0.003667465 0.999988079 16.293920517
0.999993265 0.000790401 0.003615892 0.336677194 -0.000804821 0.999991715 0.003988203 -0.511063695 -0.003612710 -0.003991086 0.999985516 16.737379074
0.999992132 0.000910876 0.003863952 0.349055111 -0.000926285 0.999991596 0.003987854 -0.522259295 -0.003860287 -0.003991402 0.999984562 17.199237823
0.999991596 0.001001940 0.003995190 0.362001240 -0.001020022 0.999989271 0.004526397 -0.538501322 -0.003990612 -0.004530434 0.999981761 17.651584625
0.999987125 0.001145904 0.004942419 0.363243848 -0.001165824 0.999991119 0.004029245 -0.543642640 -0.004937758 -0.004034955 0.999979615 18.127338409
0.999986589 0.000937844 0.005095951 0.376919568 -0.000958861 0.999991000 0.004123158 -0.554102182 -0.005092040 -0.004127989 0.999978483 18.596048355
0.999984741 0.001733964 0.005229174 0.389782667 -0.001757608 0.999988258 0.004520198 -0.569467843 -0.005221275 -0.004529320 0.999976099 19.059177399
0.999981642 0.001774801 0.005776628 0.397441626 -0.001799279 0.999989510 0.004235094 -0.579186201 -0.005769051 -0.004245410 0.999974370 19.545656204
0.999985993 0.001165790 0.005156305 0.412868410 -0.001187126 0.999990761 0.004136596 -0.585162938 -0.005151435 -0.004142659 0.999978065 20.033992767
0.999987364 0.001225225 0.004865481 0.431731164 -0.001247303 0.999989033 0.004537181 -0.608521521 -0.004859868 -0.004543193 0.999977887 20.525585175
0.999983370 0.001985425 0.005400514 0.435875148 -0.002006390 0.999990463 0.003879248 -0.610092878 -0.005392760 -0.003890019 0.999977887 21.025812149
0.999986708 0.001878706 0.004801969 0.446687877 -0.001896470 0.999991357 0.003697439 -0.619403839 -0.004794982 -0.003706497 0.999981642 21.540166855
0.999984145 0.001843737 0.005319654 0.433157772 -0.001869475 0.999986470 0.004837328 -0.648387611 -0.005310663 -0.004847195 0.999974191 22.026338577
0.999993622 0.001389768 0.003269744 0.473139405 -0.001408326 0.999982893 0.005680293 -0.672168434 -0.003261794 -0.005684862 0.999978542 22.552536011
0.999996126 0.001123388 0.002532155 0.484917253 -0.001137602 0.999983609 0.005618804 -0.685970187 -0.002525801 -0.005621663 0.999981046 23.068414688
0.999993563 0.002058740 0.002902318 0.489557981 -0.002073024 0.999985754 0.004927290 -0.695176244 -0.002892134 -0.004933275 0.999983728 23.607645035
0.999997914 0.000577935 0.001919598 0.496463567 -0.000587493 0.999987364 0.004982088 -0.711908877 -0.001916695 -0.004983205 0.999985695 24.113861084
0.999996722 0.001892383 0.001693243 0.503006577 -0.001901542 0.999983430 0.005424219 -0.722768188 -0.001682950 -0.005427421 0.999983788 24.650539398
0.999996662 0.002494394 0.000681061 0.514775336 -0.002498277 0.999980211 0.005761004 -0.738648295 -0.000666677 -0.005762686 0.999983132 25.190294266
0.999997020 0.002396353 0.000508409 0.522414565 -0.002399230 0.999980628 0.005735583 -0.749737918 -0.000494654 -0.005736785 0.999983430 25.729652405
0.999998033 0.001960826 0.000057185 0.531637073 -0.001961116 0.999982357 0.005595820 -0.763357997 -0.000046211 -0.005595922 0.999984324 26.296543121
0.999998629 0.001615640 -0.000377361 0.537604272 -0.001613350 0.999980748 0.005992016 -0.771458030 0.000387034 -0.005991399 0.999981940 26.840501785
0.999998868 0.001385194 -0.000577969 0.544768274 -0.001381548 0.999979436 0.006262163 -0.785660267 0.000586632 -0.006261358 0.999980271 27.396213531
0.999996006 0.002749073 -0.000639707 0.552131236 -0.002745546 0.999981284 0.005450883 -0.795078814 0.000654680 -0.005449105 0.999984980 27.961015701
0.999995530 0.002844584 -0.000906315 0.550020814 -0.002838990 0.999977291 0.006113662 -0.809160471 0.000923686 -0.006111061 0.999980927 28.469932556
0.999994814 0.003191550 -0.000380742 0.554090977 -0.003189185 0.999976575 0.006057721 -0.820501685 0.000400067 -0.006056475 0.999981642 29.011358261
0.999995828 0.002431741 -0.001634359 0.575553656 -0.002421377 0.999977112 0.006313598 -0.835773051 0.001649674 -0.006309613 0.999978721 29.565639496
0.999994397 0.002899325 -0.001687753 0.578028977 -0.002888672 0.999976099 0.006280435 -0.845017254 0.001705921 -0.006275525 0.999978781 30.105834961
0.999994099 0.003062384 -0.001541375 0.589449167 -0.003052260 0.999974072 0.006528114 -0.861890554 0.001561326 -0.006523372 0.999977469 30.647798538
0.999994159 0.002490882 -0.002302278 0.599932909 -0.002476764 0.999978244 0.006114621 -0.871395588 0.002317459 -0.006108883 0.999978662 31.200693130
0.999994516 0.002510447 -0.002112589 0.603761733 -0.002496302 0.999974668 0.006671544 -0.884860456 0.002129284 -0.006666234 0.999975502 31.751449585
0.999994278 0.002356250 -0.002425350 0.609365582 -0.002342427 0.999981105 0.005686761 -0.890097380 0.002438703 -0.005681048 0.999980807 32.290355682
0.999993443 0.002420342 -0.002667386 0.618672371 -0.002403546 0.999977291 0.006282405 -0.905891240 0.002682531 -0.006275953 0.999976635 32.844020844
0.999992549 0.002349492 -0.003057464 0.627903283 -0.002332567 0.999981999 0.005527298 -0.915140629 0.003070395 -0.005520124 0.999980032 33.390136719
0.999992430 0.002559911 -0.002926879 0.631760418 -0.002544035 0.999982119 0.005415007 -0.921088755 0.002940689 -0.005407521 0.999980986 33.949733734
0.999991953 0.002564606 -0.003089286 0.637592614 -0.002547333 0.999981165 0.005582270 -0.932413042 0.003103544 -0.005574356 0.999979675 34.499179840
0.999993265 0.003046322 -0.002049112 0.632081807 -0.003034879 0.999979913 0.005564149 -0.938966155 0.002066021 -0.005557893 0.999982476 35.060707092
0.999992073 0.002214631 -0.003306727 0.658434033 -0.002196405 0.999982357 0.005505096 -0.954749942 0.003318860 -0.005497789 0.999979377 35.562789917
0.999993026 0.002198142 -0.003010888 0.662632346 -0.002181859 0.999983013 0.005400686 -0.965211928 0.003022708 -0.005394079 0.999980867 36.117160797
0.999990284 0.002503463 -0.003612290 0.677331984 -0.002485277 0.999984384 0.005030255 -0.977155447 0.003624826 -0.005021230 0.999980807 36.678016663
0.999992251 0.002392985 -0.003141374 0.683680296 -0.002377836 0.999985635 0.004817608 -0.984652281 0.003152857 -0.004810101 0.999983430 37.222290039
0.999989986 0.002566536 -0.003655566 0.688353062 -0.002545885 0.999980867 0.005642826 -1.005721807 0.003669979 -0.005633463 0.999977410 37.761665344
0.999990582 0.002383007 -0.003642979 0.698315859 -0.002363377 0.999982774 0.005383416 -1.014632463 0.003655745 -0.005374755 0.999978900 38.305919647
0.999990165 0.003231307 -0.003032149 0.697175980 -0.003214493 0.999979556 0.005533598 -1.031127810 0.003049967 -0.005523797 0.999980152 38.860580444
0.999989450 0.002730246 -0.003693443 0.707337081 -0.002709802 0.999980986 0.005528738 -1.045617104 0.003708468 -0.005518672 0.999977827 39.399017334
0.999986708 0.002935864 -0.004258337 0.729170084 -0.002909895 0.999977231 0.006091687 -1.066574812 0.004276126 -0.006079214 0.999972403 39.927246094
0.999989271 0.003283384 -0.003278696 0.731167495 -0.003264557 0.999978244 0.005731381 -1.072039604 0.003297443 -0.005720616 0.999978185 40.492671967
0.999988794 0.003073435 -0.003597347 0.724695802 -0.003054665 0.999981701 0.005211766 -1.075035453 0.003613299 -0.005200719 0.999979973 41.055320740
0.999988616 0.002973475 -0.003739389 0.736106217 -0.002956322 0.999985099 0.004584288 -1.077562571 0.003752965 -0.004573181 0.999982536 41.600749969
0.999989510 0.002836648 -0.003581417 0.748961568 -0.002818493 0.999983191 0.005064122 -1.098980069 0.003595723 -0.005053975 0.999980748 42.144020081
0.999989569 0.002862136 -0.003566275 0.742311776 -0.002843127 0.999981701 0.005323979 -1.106265068 0.003581448 -0.005313783 0.999979496 42.709800720
0.999988139 0.003252885 -0.003628973 0.754507780 -0.003233540 0.999980569 0.005323821 -1.121102333 0.003646220 -0.005312023 0.999979258 43.246322632
0.999988735 0.003595450 -0.003109440 0.759286940 -0.003580972 0.999982715 0.004649530 -1.127413392 0.003126103 -0.004638342 0.999984384 43.812992096
0.999986529 0.004167928 -0.003138649 0.758046627 -0.004149585 0.999974430 0.005828675 -1.152855992 0.003162862 -0.005815572 0.999978065 44.362312317
0.999982715 0.005062016 -0.002979507 0.768190086 -0.005044942 0.999970973 0.005710399 -1.159800887 0.003008327 -0.005695269 0.999979258 44.917251587
0.999987721 0.004105413 -0.002754000 0.784589291 -0.004092157 0.999980092 0.004801621 -1.162237644 0.002773657 -0.004790293 0.999984622 45.469757080
0.999986231 0.004112234 -0.003264220 0.784129262 -0.004094218 0.999976397 0.005506800 -1.178069949 0.003286789 -0.005493358 0.999979496 46.020088196
0.999988258 0.003376498 -0.003492803 0.802085161 -0.003359872 0.999983013 0.004754928 -1.183197379 0.003508799 -0.004743137 0.999982595 46.563449860
0.999987245 0.003608657 -0.003517551 0.802127481 -0.003590979 0.999980986 0.005019018 -1.189736009 0.003535596 -0.005006323 0.999981225 47.116794586
0.999988914 0.003324579 -0.003314495 0.806740642 -0.003308111 0.999982238 0.004961288 -1.201538086 0.003330930 -0.004950268 0.999982178 47.653236389
0.999987721 0.003589881 -0.003404090 0.815144420 -0.003572859 0.999981165 0.004993304 -1.215867519 0.003421951 -0.004981080 0.999981761 48.201068878
0.999990165 0.003458288 -0.002783017 0.804150283 -0.003445367 0.999983311 0.004634376 -1.218571663 0.002798997 -0.004624742 0.999985397 48.765529633
0.999992192 0.002940544 -0.002634337 0.812229812 -0.002928976 0.999986053 0.004384350 -1.231054783 0.002647193 -0.004376600 0.999986887 49.315406799
0.999990344 0.003481728 -0.002696859 0.824727118 -0.003470656 0.999985576 0.004099616 -1.243077159 0.002711094 -0.004090216 0.999988019 49.858291626
0.999991834 0.003063630 -0.002615286 0.826509178 -0.003051406 0.999984562 0.004665323 -1.261336446 0.002629539 -0.004657306 0.999985635 50.408367157
0.999990284 0.003936973 -0.001977357 0.829931498 -0.003928320 0.999982774 0.004361506 -1.276443005 0.001994494 -0.004353696 0.999988556 50.955768585
0.999990642 0.003753511 -0.002140904 0.838659108 -0.003744898 0.999984920 0.004013226 -1.283927321 0.002155936 -0.004005171 0.999989688 51.504364014
0.999989212 0.003700378 -0.002818411 0.846497238 -0.003688736 0.999984622 0.004124645 -1.299193501 0.002833631 -0.004114204 0.999987543 52.057571411
0.999991298 0.003505031 -0.002261064 0.849024415 -0.003496115 0.999986172 0.003935380 -1.313119650 0.002274826 -0.003927441 0.999989629 52.608867645
0.999992013 0.003258882 -0.002321578 0.857376635 -0.003249669 0.999986887 0.003961132 -1.323125362 0.002334456 -0.003953556 0.999989450 53.157512665
0.999992788 0.002827894 -0.002588802 0.871363699 -0.002817813 0.999988377 0.003889763 -1.338976860 0.002599773 -0.003882439 0.999989092 53.698249817
0.999989808 0.003933935 -0.002235354 0.877798736 -0.003922504 0.999979258 0.005095665 -1.360770345 0.002255355 -0.005086845 0.999984503 54.229499817
0.999994636 0.002563371 -0.002010094 0.878965259 -0.002555486 0.999989033 0.003915447 -1.364127994 0.002020108 -0.003910289 0.999990344 54.782550812
0.999995351 0.002500782 -0.001756494 0.882694125 -0.002494407 0.999990404 0.003622092 -1.375688195 0.001765535 -0.003617695 0.999991953 55.333549500
0.999993205 0.003095405 -0.002002470 0.899556756 -0.003088202 0.999988794 0.003590511 -1.382999301 0.002013562 -0.003584302 0.999991536 55.878574371
0.999992311 0.003149313 -0.002341314 0.908348858 -0.003141103 0.999988914 0.003501976 -1.392450929 0.002352318 -0.003494595 0.999991119 56.425457001
0.999994755 0.002454703 -0.002125214 0.927612126 -0.002446997 0.999990463 0.003620764 -1.412862539 0.002134082 -0.003615544 0.999991238 56.961254120
0.999991417 0.003408860 -0.002343550 0.932482898 -0.003400579 0.999988019 0.003528626 -1.420653105 0.002355550 -0.003520627 0.999991000 57.511920929
0.999992490 0.003070666 -0.002342426 0.938001990 -0.003062969 0.999989986 0.003282402 -1.434597373 0.002352481 -0.003275203 0.999991894 58.069404602
0.999991775 0.003222790 -0.002465040 0.952319324 -0.003214737 0.999989510 0.003264512 -1.448531389 0.002475535 -0.003256561 0.999991655 58.596145630
0.999992073 0.003349490 -0.002179751 0.957576275 -0.003342748 0.999989629 0.003089413 -1.455319762 0.002190077 -0.003082102 0.999992907 59.147644043
0.999992728 0.003578692 -0.001386611 0.954559088 -0.003574596 0.999989271 0.002945723 -1.466093779 0.001397138 -0.002940744 0.999994755 59.683486938
0.999993205 0.003252795 -0.001697769 0.958855510 -0.003247989 0.999990642 0.002826397 -1.477341056 0.001706948 -0.002820863 0.999994576 60.217544556
0.999992430 0.003580088 -0.001453276 0.967600882 -0.003575183 0.999987841 0.003363310 -1.493052006 0.001465301 -0.003358089 0.999993324 60.766296387
0.999992251 0.003447987 -0.001907690 0.982330620 -0.003442751 0.999990284 0.002740738 -1.506422877 0.001917122 -0.002734149 0.999994397 61.301532745
0.999992013 0.003579273 -0.001777291 0.994808435 -0.003574320 0.999989688 0.002782382 -1.520669460 0.001787231 -0.002776007 0.999994516 61.843448639
0.999991357 0.003920467 -0.001400507 0.984622836 -0.003916250 0.999987841 0.003000828 -1.531445861 0.001412255 -0.002995317 0.999994516 62.389049530
0.999990165 0.004132803 -0.001564993 1.004348397 -0.004127709 0.999986231 0.003244090 -1.553199768 0.001578378 -0.003237598 0.999993503 62.920246124
0.999991596 0.003907520 -0.001232933 1.006238580 -0.003903438 0.999986947 0.003296918 -1.563341618 0.001245800 -0.003292077 0.999993801 63.468315125
0.999991536 0.003633616 -0.001896363 1.027383924 -0.003627401 0.999988079 0.003270569 -1.578482747 0.001908224 -0.003263663 0.999992788 63.991661072
0.999991536 0.003697496 -0.001762398 1.032747149 -0.003691966 0.999988258 0.003130420 -1.591400027 0.001773952 -0.003123886 0.999993503 64.539337158
0.999989867 0.004037966 -0.001984165 1.050884724 -0.004031672 0.999986827 0.003165788 -1.599819660 0.001996921 -0.003157756 0.999992967 65.077423096
0.999991596 0.003551026 -0.002042918 1.063342810 -0.003545044 0.999989450 0.002923999 -1.616203785 0.002053280 -0.002916732 0.999993622 65.628463745
0.999991953 0.003668389 -0.001630023 1.066562772 -0.003663756 0.999989271 0.002836233 -1.625213504 0.001640410 -0.002830238 0.999994576 66.168815613
0.999991655 0.003812897 -0.001438972 1.074321032 -0.003809529 0.999990046 0.002335690 -1.630950332 0.001447863 -0.002330190 0.999996185 66.722778320
0.999992251 0.003594844 -0.001575130 1.086758137 -0.003591008 0.999990582 0.002430897 -1.650331020 0.001583854 -0.002425222 0.999995828 67.255783081
0.999991417 0.003697108 -0.001835408 1.091018558 -0.003690497 0.999986708 0.003592382 -1.671530008 0.001848665 -0.003585578 0.999991775 67.785583496
0.999990642 0.003661282 -0.002289976 1.110840797 -0.003653517 0.999987602 0.003385648 -1.689730883 0.002302343 -0.003377250 0.999991596 68.308815002
0.999990046 0.004245641 -0.001426411 1.113507032 -0.004241117 0.999986053 0.003159672 -1.703091621 0.001439806 -0.003153591 0.999993980 68.864082336
0.999992073 0.003810571 -0.001254012 1.101487994 -0.003807512 0.999989808 0.002433510 -1.695233941 0.001263272 -0.002428716 0.999996245 69.407768250
0.999990344 0.004344443 -0.000683934 1.110036135 -0.004342780 0.999987662 0.002416358 -1.708928466 0.000694423 -0.002413365 0.999996841 69.950157166
0.999988079 0.004870852 -0.000393596 1.114670157 -0.004869787 0.999984622 0.002662105 -1.722535610 0.000406557 -0.002660156 0.999996364 70.491081238
0.999993563 0.003396693 -0.001157860 1.128300071 -0.003393180 0.999989688 0.003022233 -1.747458220 0.001168114 -0.003018285 0.999994755 71.032897949
0.999992490 0.003470763 -0.001733595 1.147750854 -0.003466963 0.999991596 0.002189572 -1.758440971 0.001741180 -0.002183545 0.999996066 71.578666687
0.999990940 0.004024506 -0.001382287 1.151125550 -0.004020448 0.999987662 0.002925902 -1.774146557 0.001394045 -0.002920318 0.999994755 72.147193909
0.999991000 0.003836749 -0.001803325 1.163940430 -0.003831560 0.999988616 0.002872321 -1.792604446 0.001814326 -0.002865385 0.999994278 72.688682556
0.999991715 0.003950726 -0.000901238 1.165781260 -0.003947543 0.999985993 0.003507437 -1.809465647 0.000915082 -0.003503850 0.999993443 73.238059998
0.999990523 0.004272862 -0.000867787 1.172190189 -0.004270144 0.999986053 0.003110128 -1.816767097 0.000881065 -0.003106393 0.999994814 73.785270691
0.999989092 0.004580010 -0.001063908 1.186151147 -0.004577083 0.999985695 0.002736414 -1.831192136 0.001076426 -0.002731514 0.999995708 74.314971924
0.999989927 0.004387022 -0.000885271 1.199591041 -0.004384009 0.999984682 0.003376923 -1.847962260 0.000900072 -0.003373008 0.999993920 74.864959717
0.999989212 0.004534923 -0.000920828 1.206614733 -0.004531680 0.999983609 0.003493927 -1.860188961 0.000936657 -0.003489717 0.999993503 75.419982910
0.999993324 0.003403158 -0.001312998 1.228446245 -0.003397677 0.999985576 0.004154336 -1.888595819 0.001327117 -0.004149847 0.999990523 75.951026917
0.999992073 0.003425839 -0.002060606 1.238324285 -0.003416911 0.999984801 0.004320644 -1.901946068 0.002075376 -0.004313569 0.999988556 76.501922607
0.999993563 0.003473781 -0.000852976 1.245985031 -0.003470615 0.999987185 0.003686637 -1.910313725 0.000865771 -0.003683653 0.999992847 77.045715332
0.999994874 0.002939966 -0.001249315 1.257136464 -0.002936229 0.999991298 0.002981738 -1.914610624 0.001258071 -0.002978055 0.999994755 77.605224609
0.999993801 0.003340764 -0.001063229 1.267609477 -0.003336440 0.999986291 0.004043857 -1.942426801 0.001076724 -0.004040285 0.999991298 78.117225647
0.999993205 0.003348805 -0.001528895 1.274154782 -0.003343524 0.999988496 0.003442727 -1.951747417 0.001540406 -0.003437592 0.999992907 78.662414551
0.999992788 0.003289889 -0.001900160 1.292984486 -0.003283693 0.999989450 0.003254434 -1.954261065 0.001910846 -0.003248172 0.999992847 79.178466797
0.999989688 0.004270379 -0.001562808 1.297821760 -0.004264710 0.999984384 0.003612556 -1.968810678 0.001578211 -0.003605853 0.999992192 79.724639893
0.999993801 0.002853169 -0.002033842 1.312115669 -0.002846653 0.999990940 0.003199646 -1.979563951 0.002042951 -0.003193836 0.999992728 80.250320435
0.999994218 0.003303409 -0.000709272 1.316707492 -0.003301092 0.999989271 0.003244567 -1.990285635 0.000719983 -0.003242207 0.999994457 80.805938721
0.999995112 0.003094771 0.000236810 1.329537868 -0.003095388 0.999991715 0.002653848 -1.998354793 -0.000228594 -0.002654568 0.999996364 81.357780457
0.999989927 0.004110699 0.001812992 1.334814906 -0.004116043 0.999987185 0.002953244 -2.018742085 -0.001800829 -0.002960677 0.999993920 81.897064209
0.999989688 0.003014325 0.003402025 1.348700285 -0.003025733 0.999989808 0.003353228 -2.041421652 -0.003391883 -0.003363487 0.999988616 82.421211243
0.999970078 0.003756214 0.006756043 1.364515901 -0.003781565 0.999985814 0.003743403 -2.055684805 -0.006741886 -0.003768840 0.999970198 82.959823608
0.999940217 0.002996849 0.010517553 1.387908697 -0.003039635 0.999987125 0.004054460 -2.064011574 -0.010505268 -0.004086187 0.999936461 83.505302429
0.999899566 0.003999657 0.013597665 1.400699139 -0.004045453 0.999986231 0.003342161 -2.081086636 -0.013584110 -0.003396834 0.999901950 84.049652100
0.999833167 0.004085726 0.017803043 1.432863474 -0.004151123 0.999984860 0.003637985 -2.097278833 -0.017787909 -0.003711281 0.999834895 84.591972351
0.999727607 0.003489805 0.023076775 1.472391367 -0.003575495 0.999986887 0.003672952 -2.111855268 -0.023063652 -0.003754463 0.999726951 85.143600464
0.999577343 0.003975863 0.028797919 1.506188154 -0.004097254 0.999982953 0.004157483 -2.132669687 -0.028780898 -0.004273718 0.999576628 85.691513062
0.999391794 0.003361341 0.034713048 1.533885479 -0.003493403 0.999986887 0.003744404 -2.138087273 -0.034700014 -0.003863393 0.999390304 86.224136353
0.999040365 0.003915644 0.043624386 1.561033726 -0.004080134 0.999984980 0.003682197 -2.147957563 -0.043609314 -0.003856657 0.999041200 86.789436340
0.998707771 0.002664546 0.050753061 1.630981207 -0.002857568 0.999988973 0.003730954 -2.168967724 -0.050742559 -0.003871163 0.998704374 87.322700500
0.998352945 0.002761918 0.057304487 1.677463055 -0.002975637 0.999988914 0.003644539 -2.178520203 -0.057293788 -0.003809053 0.998350084 87.867767334
0.997748911 0.003073685 0.066990279 1.720697880 -0.003307593 0.999988794 0.003381050 -2.187780142 -0.066979133 -0.003595015 0.997747898 88.397537231
0.997017145 0.003150635 0.077116840 1.788412094 -0.003410678 0.999988914 0.003240592 -2.200336218 -0.077105783 -0.003493946 0.997016788 88.924346924
0.996267915 0.002636348 0.086274706 1.843151093 -0.002866998 0.999992669 0.002549645 -2.199670553 -0.086267374 -0.002787479 0.996268034 89.491577148
0.995561779 0.002065792 0.094087601 1.911301613 -0.002288989 0.999994874 0.002264371 -2.207253456 -0.094082445 -0.002469687 0.995561302 90.049362183
0.994505942 0.002399803 0.104651906 1.989105225 -0.002808648 0.999988914 0.003759518 -2.249629259 -0.104641706 -0.004032792 0.994501948 90.587150574
0.993253410 0.003045405 0.115924112 2.051858902 -0.003436330 0.999989092 0.003172543 -2.251456738 -0.115913190 -0.003549493 0.993252933 91.133743286
0.992182791 0.002276869 0.124772549 2.141621590 -0.002645051 0.999992609 0.002785240 -2.261121750 -0.124765284 -0.003093497 0.992181480 91.675331116
0.990799069 0.002142229 0.135324240 2.254852295 -0.002579761 0.999992132 0.003057937 -2.264569283 -0.135316625 -0.003378906 0.990796566 92.213691711
0.989131927 0.001671586 0.147021279 2.364189148 -0.002087228 0.999994397 0.002672858 -2.280057430 -0.147015944 -0.002950676 0.989129722 92.780052185
0.987499714 0.001299001 0.157615393 2.468013763 -0.001779999 0.999994099 0.002910603 -2.292052984 -0.157610670 -0.003154774 0.987496316 93.320358276
0.985689402 0.000980113 0.168569177 2.576246262 -0.001462083 0.999995112 0.002735084 -2.303226471 -0.168565676 -0.002942405 0.985686064 93.860725403
0.983304441 0.001684812 0.181960016 2.686308861 -0.002200251 0.999994099 0.002630885 -2.316542149 -0.181954473 -0.002987318 0.983302414 94.406158447
0.981022000 0.001297620 0.193892404 2.818017960 -0.001699494 0.999996662 0.001906341 -2.324544907 -0.193889305 -0.002199681 0.981020987 94.934020996
0.978925645 0.000840818 0.204215318 2.934715271 -0.001462317 0.999994755 0.002892467 -2.349384785 -0.204211786 -0.003130138 0.978921711 95.450210571
0.976169169 0.001537973 0.217005357 3.082815170 -0.002175938 0.999993980 0.002700948 -2.363425970 -0.216999903 -0.003108772 0.976166666 95.988159180
0.972871244 0.000244159 0.231347293 3.225280762 -0.000968151 0.999994993 0.003015939 -2.372548103 -0.231345415 -0.003158099 0.972866535 96.525489807
0.970317006 -0.000576866 0.241835818 3.351070404 -0.000253347 0.999994159 0.003401848 -2.390244007 -0.241836399 -0.003362139 0.970311224 96.991348267
0.967270970 -0.000890137 0.253743947 3.518312454 -0.000080638 0.999992728 0.003815377 -2.411739349 -0.253745496 -0.003710965 0.967263937 97.512687683
0.963478744 0.000189610 0.267785192 3.677452087 -0.001191912 0.999992847 0.003580381 -2.418350220 -0.267782658 -0.003768797 0.963471949 98.043548584
0.959842086 -0.000171211 0.280540645 3.845100403 -0.000778736 0.999994338 0.003274657 -2.428217173 -0.280539602 -0.003361620 0.959836602 98.568939209
0.956594408 -0.000895086 0.291421592 4.013776779 -0.000076722 0.999994397 0.003323271 -2.435783386 -0.291423023 -0.003201381 0.956588864 99.089134216
0.952085435 -0.001105982 0.305830240 4.187929153 0.000048231 0.999993920 0.003466158 -2.444707394 -0.305832237 -0.003285328 0.952079773 99.609252930
0.947743773 -0.000351946 0.319032282 4.398286819 -0.000709068 0.999994576 0.003209578 -2.465582848 -0.319031656 -0.003268073 0.947738349 100.135276794
0.943707407 -0.001395428 0.330778480 4.599796295 0.000352070 0.999994755 0.003214142 -2.476510048 -0.330781311 -0.002916753 0.943702936 100.664680481
0.939047754 -0.001808468 0.343782037 4.809413910 0.001008647 0.999996364 0.002505349 -2.485065699 -0.343785346 -0.002005888 0.939046144 101.173591614
0.933978915 -0.003139816 0.357314169 5.038341522 0.002186141 0.999992907 0.003072881 -2.498802423 -0.357321292 -0.002088867 0.933979213 101.689979553
0.929072320 -0.003413900 0.369882375 5.259956360 0.002446949 0.999992311 0.003083362 -2.510385990 -0.369890004 -0.001959583 0.929073572 102.195678711
0.924558520 -0.003908297 0.381020159 5.485382080 0.003076645 0.999991417 0.002791782 -2.520199537 -0.381027788 -0.001408902 0.924562573 102.693389893
0.918227255 -0.003212121 0.396040857 5.723396301 0.001987165 0.999991894 0.003503241 -2.548086405 -0.396048903 -0.002429773 0.918226182 103.208160400
0.912512839 -0.004012872 0.409028262 5.963504791 0.003157454 0.999991179 0.002766604 -2.545999050 -0.409035712 -0.001233074 0.912517548 103.708686829
0.907444537 -0.004546545 0.420147389 6.212459564 0.003809418 0.999989331 0.002593524 -2.559783220 -0.420154691 -0.000752962 0.907452285 104.196716309
0.901219845 -0.005464666 0.433327585 6.486621857 0.004773935 0.999985039 0.002682079 -2.573526382 -0.433335721 -0.000348465 0.901232541 104.687141418
0.893847644 -0.006067757 0.448329628 6.699779510 0.004838954 0.999980748 0.003886321 -2.595468998 -0.448344558 -0.001304332 0.893859863 105.142921448
0.888157964 -0.006051935 0.459498435 6.970867157 0.004822152 0.999980986 0.003849823 -2.610465765 -0.459513009 -0.001203480 0.888170183 105.611793518
0.882407963 -0.006189254 0.470444411 7.248157501 0.004918611 0.999980211 0.003930136 -2.623354435 -0.470459431 -0.001154051 0.882420897 106.091903687
0.875134170 -0.006284466 0.483839631 7.529407501 0.005049529 0.999979854 0.003855252 -2.634419918 -0.483854145 -0.000930701 0.875148118 106.555374146
