1.000000000 0.000000000 0.000000000 0.000000000 0.000000000 1.000000000 0.000000000 0.000000000 0.000000000 0.000000000 1.000000000 0.000000000
1.000000000 0.000082199 -0.000012935 -0.000063267 -0.000082200 1.000000000 -0.000042995 0.000291634 0.000012932 0.000042996 1.000000000 -0.000571261
1.000000000 0.000051668 0.000042712 -0.000695781 -0.000051670 1.000000000 0.000040077 -0.000542593 -0.000042710 -0.000040079 1.000000000 -0.000903853
1.000000000 -0.000109155 0.000080217 -0.000217491 0.000109157 1.000000000 -0.000028571 0.000549370 -0.000080214 0.000028580 1.000000000 0.000396643
1.000000000 -0.000086622 0.000059598 -0.000314441 0.000086621 1.000000000 0.000015594 -0.000011292 -0.000059599 -0.000015589 1.000000000 -0.000358930
1.000000000 0.000036482 0.000160031 -0.001281167 -0.000036476 1.000000000 -0.000036516 0.000783753 -0.000160032 0.000036510 1.000000000 -0.000037997
1.000000000 -0.000095274 0.000100443 0.000182966 0.000095277 1.000000000 -0.000031178 0.000224953 -0.000100440 0.000031187 1.000000000 -0.000008050
1.000000000 0.000030119 0.000100723 -0.000921516 -0.000030125 1.000000000 0.000052930 -0.000274049 -0.000100722 -0.000052933 1.000000000 -0.000664384
1.000000000 0.000039890 0.000048208 -0.001111739 -0.000039885 1.000000000 -0.000095780 0.000692644 -0.000048212 0.000095778 1.000000000 0.000181943
1.000000000 0.000025402 0.000117408 -0.000827778 -0.000025406 1.000000000 0.000034959 -0.000839540 -0.000117407 -0.000034962 1.000000000 -0.000273473
1.000000000 0.000084540 0.000105324 -0.001347176 -0.000084545 1.000000000 0.000051539 -0.000631896 -0.000105320 -0.000051548 1.000000000 -0.000344721
1.000000000 0.000084619 0.000118996 -0.000900904 -0.000084615 1.000000000 -0.000032528 0.000582229 -0.000118999 0.000032518 1.000000000 -0.000144845
1.000000000 0.000090373 0.000047755 -0.001008257 -0.000090369 1.000000000 -0.000090411 -0.000308034 -0.000047764 0.000090406 1.000000000 -0.001482875
1.000000000 0.000067812 0.000103363 -0.001911646 -0.000067807 1.000000000 -0.000048108 0.001684451 -0.000103366 0.000048101 1.000000000 0.001012436
1.000000000 0.000027537 0.000096097 -0.002167597 -0.000027528 1.000000000 -0.000096347 0.001251161 -0.000096100 0.000096344 1.000000000 -0.000201315
1.000000000 0.000102840 0.000030938 -0.000351026 -0.000102837 1.000000000 -0.000099462 0.002386596 -0.000030948 0.000099459 1.000000000 0.001991676
1.000000000 0.000127420 0.000130687 -0.001190817 -0.000127401 1.000000000 -0.000147019 0.002380188 -0.000130706 0.000147002 1.000000000 0.002624665
1.000000000 0.000099978 0.000083217 -0.001264958 -0.000099968 1.000000000 -0.000126544 0.001412268 -0.000083230 0.000126535 1.000000000 0.001496710
0.999999940 0.000181991 0.000182448 -0.002505980 -0.000181971 1.000000000 -0.000113750 0.002824496 -0.000182468 0.000113717 1.000000000 0.003285627
0.999999940 0.000177926 0.000175429 -0.001761534 -0.000177905 1.000000000 -0.000121598 0.002168875 -0.000175451 0.000121566 1.000000000 0.001998216
1.000000000 0.000092397 0.000160358 -0.002061915 -0.000092382 1.000000000 -0.000095114 0.002006091 -0.000160367 0.000095100 1.000000000 0.002671036
1.000000000 0.000152804 0.000131994 -0.002133952 -0.000152794 1.000000000 -0.000074516 0.002558725 -0.000132006 0.000074496 1.000000000 0.002468044
1.000000000 0.000182885 0.000074943 -0.000856378 -0.000182878 1.000000000 -0.000087463 0.002279710 -0.000074959 0.000087449 1.000000000 0.003114270
1.000000000 0.000191453 0.000114655 -0.001780922 -0.000191442 1.000000000 -0.000101925 0.003143813 -0.000114675 0.000101903 1.000000000 0.003490104
0.999999940 0.000393190 0.000074278 -0.001992251 -0.000393183 0.999999940 -0.000090625 0.003473826 -0.000074314 0.000090596 1.000000000 0.004420981
0.999999940 0.000341776 0.000147957 -0.002057183 -0.000341767 0.999999940 -0.000062224 0.002038663 -0.000147979 0.000062174 1.000000000 0.001975505
0.999999940 0.000161322 0.000203713 -0.002138858 -0.000161305 1.000000000 -0.000082956 0.002902836 -0.000203726 0.000082923 1.000000000 0.003392161
0.999999940 0.000215397 0.000175986 -0.001882025 -0.000215393 1.000000000 -0.000021505 0.001506687 -0.000175991 0.000021467 1.000000000 0.002576319
1.000000000 0.000130040 0.000101081 -0.001771433 -0.000130032 1.000000000 -0.000077608 0.002934689 -0.000101091 0.000077595 1.000000000 0.003170267
0.999999940 0.000182892 0.000190896 -0.002456210 -0.000182865 1.000000000 -0.000140982 0.002919953 -0.000190922 0.000140947 1.000000000 0.003288324
0.999999940 0.000182152 0.000241851 -0.001785312 -0.000182141 1.000000000 -0.000048821 0.001724436 -0.000241860 0.000048777 0.999999940 0.002963821
0.999999940 0.000108819 0.000221868 -0.001518424 -0.000108798 1.000000000 -0.000094360 0.003649550 -0.000221878 0.000094336 1.000000000 0.004497834
1.000000000 0.000199371 0.000097496 -0.000646496 -0.000199349 0.999999940 -0.000223680 0.004322454 -0.000097540 0.000223660 1.000000000 0.004450069
1.000000000 0.000162535 0.000166103 -0.001314171 -0.000162518 1.000000000 -0.000102733 0.001892051 -0.000166120 0.000102706 1.000000000 0.002189179
0.999999940 0.000239589 0.000212918 -0.002946473 -0.000239557 0.999999940 -0.000150111 0.002612132 -0.000212954 0.000150060 0.999999940 0.002648026
0.999999940 0.000256695 0.000230648 -0.001647785 -0.000256667 0.999999940 -0.000124386 0.002031080 -0.000230680 0.000124327 0.999999940 0.002015376
1.000000000 0.000102743 0.000148332 -0.001680611 -0.000102728 1.000000000 -0.000099798 0.002731962 -0.000148342 0.000099783 1.000000000 0.002549671
0.999999940 0.000262248 0.000151490 -0.002189702 -0.000262234 0.999999940 -0.000096396 0.003321014 -0.000151515 0.000096356 1.000000000 0.003750555
0.999999940 0.000250606 0.000207517 -0.001739824 -0.000250575 0.999999940 -0.000148000 0.003368011 -0.000207554 0.000147948 0.999999940 0.002749208
0.999999940 0.000239487 0.000133708 -0.000786236 -0.000239467 0.999999940 -0.000155297 0.004223858 -0.000133745 0.000155265 1.000000000 0.003394529
1.000000000 0.000062234 0.000088363 -0.000118382 -0.000062220 1.000000000 -0.000149133 0.002177790 -0.000088372 0.000149127 1.000000000 0.004244713
0.999999881 0.000435438 0.000199330 0.000535390 -0.000435304 0.999999702 -0.000671607 -0.001181375 -0.000199622 0.000671520 0.999999762 0.051443364
0.999999881 0.000410715 0.000112848 0.001919253 -0.000410578 0.999999166 -0.001205378 -0.003096553 -0.000113343 0.001205331 0.999999285 0.139858216
0.999998510 0.001421273 0.001007900 -0.008199981 -0.001419878 0.999998033 -0.001383309 -0.008907812 -0.001009864 0.001381875 0.999998510 0.250043362
0.999998093 0.001613641 0.001090324 -0.005432940 -0.001612301 0.999997914 -0.001228502 -0.012480664 -0.001092305 0.001226741 0.999998629 0.381418258
0.999998093 0.001596366 0.001146749 -0.003478147 -0.001595183 0.999998152 -0.001032099 -0.015620290 -0.001148394 0.001030267 0.999998748 0.527825832
0.999998569 0.001162151 0.001240217 0.001221676 -0.001160792 0.999998748 -0.001096057 -0.021939110 -0.001241490 0.001094616 0.999998569 0.682479858
0.999998569 0.001024624 0.001338351 0.005219216 -0.001023587 0.999999225 -0.000775322 -0.024950340 -0.001339145 0.000773951 0.999998808 0.845898449
0.999998152 0.001287588 0.001428825 0.005969451 -0.001286637 0.999998987 -0.000665791 -0.029467413 -0.001429681 0.000663952 0.999998748 1.019500494
0.999997914 0.001602293 0.001245730 0.007884480 -0.001601406 0.999998450 -0.000712881 -0.033608716 -0.001246870 0.000710885 0.999998987 1.194356203
0.999997795 0.001581428 0.001385004 0.010637950 -0.001581028 0.999998689 -0.000289990 -0.041002020 -0.001385460 0.000287800 0.999998987 1.379033208
0.999997437 0.001825208 0.001298748 0.013458582 -0.001824544 0.999998212 -0.000512496 -0.041976564 -0.001299681 0.000510126 0.999999046 1.578280926
0.999998152 0.001403566 0.001226112 0.022425292 -0.001403223 0.999998927 -0.000280088 -0.047512557 -0.001226504 0.000278367 0.999999285 1.783689618
0.999996305 0.001950804 0.001871655 0.014766154 -0.001950882 0.999998093 0.000040011 -0.058926556 -0.001871573 -0.000043662 0.999998271 1.976127863
0.999997854 0.001280766 0.001637143 0.022377541 -0.001281045 0.999999166 0.000168784 -0.067161754 -0.001636925 -0.000170881 0.999998689 2.185390234
0.999996483 0.001752600 0.001993311 0.023603512 -0.001752834 0.999998391 0.000115544 -0.072434932 -0.001993106 -0.000119038 0.999997973 2.406811476
0.999995530 0.002252866 0.001962705 0.030877614 -0.002252688 0.999997377 -0.000092842 -0.078242689 -0.001962909 0.000088420 0.999998033 2.627338886
0.999996305 0.001600255 0.002170635 0.031981658 -0.001600413 0.999998629 0.000071047 -0.084723011 -0.002170519 -0.000074521 0.999997675 2.863005877
0.999995530 0.001854024 0.002341424 0.035304844 -0.001854428 0.999998212 0.000170730 -0.091118708 -0.002341103 -0.000175071 0.999997258 3.105000257
0.999995112 0.002286532 0.002147112 0.042262439 -0.002287353 0.999997318 0.000379870 -0.100182667 -0.002146237 -0.000384779 0.999997616 3.346342087
0.999994934 0.001948591 0.002524239 0.044082135 -0.001949582 0.999998033 0.000390474 -0.107948832 -0.002523473 -0.000395394 0.999996722 3.596662283
0.999995351 0.001914692 0.002367581 0.049874071 -0.001915702 0.999998093 0.000424444 -0.114848524 -0.002366763 -0.000428978 0.999997079 3.850667477
0.999994278 0.002080908 0.002651419 0.050751474 -0.002082038 0.999997854 0.000423649 -0.121360071 -0.002650531 -0.000429167 0.999996424 4.113660336
0.999992371 0.002523688 0.002996688 0.056419268 -0.002524712 0.999996841 0.000337814 -0.124117382 -0.002995825 -0.000345377 0.999995470 4.375560760
0.999993563 0.002185704 0.002847952 0.061553597 -0.002186998 0.999997437 0.000451477 -0.133925587 -0.002846959 -0.000457702 0.999995887 4.633471012
0.999992669 0.002493457 0.002912364 0.071530417 -0.002495202 0.999996662 0.000595794 -0.141276121 -0.002910868 -0.000603056 0.999995589 4.892002106
0.999990642 0.003168727 0.002953918 0.075099029 -0.003171231 0.999994695 0.000843488 -0.149265125 -0.002951229 -0.000852848 0.999995232 5.150308609
0.999991119 0.002899328 0.003070657 0.083092980 -0.002900230 0.999995768 0.000289558 -0.153315872 -0.003069805 -0.000298461 0.999995232 5.415453911
0.999991834 0.002533992 0.003143065 0.085042849 -0.002534925 0.999996722 0.000293129 -0.160540819 -0.003142312 -0.000301094 0.999994993 5.683279514
0.999992430 0.002169459 0.003216777 0.089048550 -0.002170324 0.999997616 0.000265592 -0.168194070 -0.003216193 -0.000272571 0.999994755 5.955212593
0.999990582 0.002744681 0.003344946 0.095415242 -0.002745227 0.999996185 0.000158739 -0.174837306 -0.003344498 -0.000167920 0.999994397 6.238637447
0.999988139 0.003189111 0.003664616 0.099244609 -0.003188976 0.999994874 -0.000042601 -0.180419460 -0.003664733 0.000030914 0.999993265 6.527619362
0.999988794 0.003133498 0.003539043 0.103608370 -0.003135631 0.999994934 0.000597517 -0.193575546 -0.003537152 -0.000608607 0.999993563 6.810112953
0.999988556 0.003266772 0.003506734 0.111815557 -0.003268348 0.999994636 0.000443944 -0.199527696 -0.003505264 -0.000455400 0.999993742 7.115492344
0.999988973 0.003000276 0.003603474 0.117339671 -0.003003750 0.999994993 0.000958976 -0.211628214 -0.003600579 -0.000969790 0.999993026 7.410247326
0.999988437 0.003048269 0.003711471 0.120517917 -0.003050021 0.999995232 0.000466433 -0.219924763 -0.003710031 -0.000477747 0.999993026 7.735147476
0.999989212 0.002958078 0.003590793 0.133446336 -0.002960445 0.999995470 0.000653934 -0.224250808 -0.003588842 -0.000664557 0.999993324 8.061055183
0.999985456 0.003433125 0.004141663 0.131866008 -0.003435858 0.999993861 0.000652757 -0.236539692 -0.004139396 -0.000666978 0.999991238 8.370366096
0.999989867 0.002544928 0.003718778 0.143307611 -0.002546534 0.999996662 0.000427299 -0.246638969 -0.003717678 -0.000436765 0.999993026 8.679609299
0.999984980 0.003570637 0.004163975 0.146228433 -0.003572938 0.999993443 0.000545358 -0.254813075 -0.004162001 -0.000560228 0.999991179 9.039780617
0.999985933 0.003833424 0.003667112 0.156134486 -0.003836401 0.999992311 0.000805025 -0.268912852 -0.003663998 -0.000819082 0.999992967 9.380800247
0.999984503 0.004040041 0.003815599 0.166019648 -0.004041666 0.999991715 0.000418262 -0.278315932 -0.003813877 -0.000433677 0.999992669 9.716169357
0.999984145 0.003924766 0.004057869 0.165871188 -0.003928730 0.999991834 0.000969524 -0.290468454 -0.004054031 -0.000985451 0.999991357 10.063883781
0.999980271 0.004599121 0.004312623 0.169934541 -0.004602761 0.999989033 0.000834331 -0.302840829 -0.004308740 -0.000854164 0.999990344 10.425935745
0.999978900 0.004659909 0.004537769 0.178553239 -0.004662774 0.999988914 0.000621031 -0.312011123 -0.004534826 -0.000642177 0.999989569 10.790645599
0.999978244 0.004955375 0.004372330 0.186810061 -0.004958799 0.999987423 0.000772590 -0.320328295 -0.004368447 -0.000794254 0.999990106 11.157335281
0.999980211 0.004352605 0.004546558 0.195666462 -0.004357385 0.999989986 0.001042193 -0.330842257 -0.004541975 -0.001061984 0.999989092 11.545842171
0.999977052 0.005003417 0.004561219 0.201521203 -0.005008629 0.999986827 0.001131870 -0.343178391 -0.004555496 -0.001154689 0.999988973 11.893820763
0.999977648 0.004746802 0.004713643 0.208954573 -0.004751505 0.999988317 0.000987170 -0.353699505 -0.004708902 -0.001009545 0.999988377 12.279189110
0.999977291 0.004738233 0.004786668 0.224427000 -0.004745426 0.999987602 0.001492466 -0.368114531 -0.004779537 -0.001515147 0.999987483 12.662214279
0.999975085 0.004818330 0.005178783 0.226827145 -0.004825072 0.999987543 0.001290083 -0.375962853 -0.005172503 -0.001315039 0.999985754 13.064037323
0.999977112 0.004410859 0.005127842 0.243227631 -0.004418094 0.999989331 0.001400500 -0.388313353 -0.005121609 -0.001423123 0.999985874 13.455995560
0.999972761 0.005047893 0.005384734 0.247203022 -0.005055751 0.999986172 0.001446830 -0.401655316 -0.005377357 -0.001474015 0.999984384 13.867568016
0.999968171 0.005424125 0.005848032 0.255836189 -0.005434614 0.999983728 0.001779246 -0.413974971 -0.005838285 -0.001810971 0.999981284 14.283885956
0.999968708 0.005241808 0.005925739 0.267603338 -0.005250038 0.999985218 0.001374344 -0.423862129 -0.005918448 -0.001405412 0.999981463 14.695169449
0.999972284 0.005061808 0.005458420 0.281716228 -0.005068996 0.999986291 0.001303803 -0.431715518 -0.005451745 -0.001331436 0.999984264 15.133241653
0.999963284 0.005669394 0.006416993 0.283999175 -0.005679352 0.999982715 0.001534778 -0.450974196 -0.006408180 -0.001571166 0.999978244 15.555934906
0.999961436 0.005363164 0.006941739 0.289961606 -0.005373339 0.999984503 0.001448009 -0.461284250 -0.006933864 -0.001485253 0.999974847 15.998827934
0.999959052 0.005443268 0.007221209 0.306533307 -0.005454419 0.999983907 0.001525421 -0.472045183 -0.007212791 -0.001564747 0.999972701 16.437351227
0.999955237 0.005787578 0.007487316 0.317469835 -0.005796514 0.999982476 0.001172188 -0.483731002 -0.007480401 -0.001215536 0.999971271 16.882560730
0.999950945 0.005923712 0.007931873 0.324642658 -0.005936783 0.999981046 0.001625484 -0.502762318 -0.007922093 -0.001672494 0.999967217 17.337270737
0.999948800 0.006064970 0.008093785 0.340128809 -0.006077395 0.999980330 0.001511453 -0.510093749 -0.008084460 -0.001560564 0.999966145 17.805036545
0.999944329 0.006095503 0.008610418 0.349173516 -0.006104318 0.999980807 0.000997813 -0.519296229 -0.008604171 -0.001050319 0.999962389 18.271924973
0.999944210 0.005638983 0.008934815 0.359534740 -0.005654251 0.999982595 0.001684519 -0.538289964 -0.008925160 -0.001734945 0.999958694 18.726831436
0.999946535 0.005411507 0.008823349 0.377264977 -0.005425695 0.999984086 0.001584729 -0.547618508 -0.008814632 -0.001632517 0.999959886 19.204765320
0.999938786 0.006296984 0.009097599 0.392071664 -0.006309986 0.999979258 0.001401259 -0.563582838 -0.009088587 -0.001458579 0.999957561 19.679634094
0.999933422 0.006800218 0.009325431 0.399941146 -0.006818531 0.999974847 0.001933482 -0.578729331 -0.009312049 -0.001996939 0.999954641 20.166725159
0.999940753 0.005922131 0.009132539 0.420486331 -0.005939919 0.999980450 0.001921744 -0.597730458 -0.009120980 -0.001975877 0.999956429 20.646121979
0.999948442 0.005789024 0.008332536 0.435537755 -0.005804454 0.999981463 0.001828970 -0.608002067 -0.008321792 -0.001877242 0.999963641 21.153057098
0.999945581 0.006092613 0.008466925 0.447342396 -0.006110079 0.999979258 0.002038507 -0.625965536 -0.008454330 -0.002090130 0.999962091 21.652214050
0.999945343 0.006686564 0.008033009 0.462409735 -0.006703436 0.999975383 0.002075324 -0.636625171 -0.008018935 -0.002129060 0.999965608 22.168603897
0.999958038 0.005559148 0.007284707 0.480592251 -0.005573620 0.999982595 0.001968010 -0.649439037 -0.007273640 -0.002008529 0.999971509 22.669746399
0.999955118 0.005693223 0.007569917 0.487936467 -0.005709570 0.999981403 0.002139844 -0.672390282 -0.007557594 -0.002182969 0.999969006 23.196445465
0.999959409 0.005735888 0.006949573 0.501766860 -0.005753153 0.999980390 0.002466832 -0.686583698 -0.006935288 -0.002506714 0.999972820 23.725818634
0.999963641 0.005244993 0.006724888 0.501547754 -0.005258175 0.999984264 0.001943871 -0.705768585 -0.006714587 -0.001979162 0.999975443 24.242218018
0.999953389 0.006851355 0.006806834 0.508851171 -0.006867819 0.999973536 0.002398355 -0.718319178 -0.006790223 -0.002444992 0.999973893 24.796731949
0.999955654 0.007183540 0.006096309 0.528629780 -0.007197828 0.999971449 0.002324888 -0.723743737 -0.006079434 -0.002368666 0.999978662 25.330102921
0.999961495 0.007073715 0.005196200 0.540685356 -0.007086155 0.999972045 0.002379626 -0.743326306 -0.005179222 -0.002416355 0.999983728 25.891427994
0.999958277 0.007654132 0.004972578 0.551500797 -0.007666305 0.999967635 0.002433574 -0.770257890 -0.004953790 -0.002471593 0.999984682 26.422681808
0.999964952 0.006915033 0.004715832 0.565289378 -0.006928036 0.999972284 0.002746766 -0.776170492 -0.004696707 -0.002779342 0.999985158 26.985971451
0.999972045 0.006555709 0.003582701 0.582540154 -0.006565072 0.999975026 0.002607909 -0.790326118 -0.003565515 -0.002631357 0.999990165 27.544303894
0.999967337 0.007073109 0.003900121 0.589454412 -0.007085573 0.999969780 0.003191328 -0.820367396 -0.003877430 -0.003218859 0.999987304 28.050333023
0.999967873 0.006945647 0.003999358 0.599703670 -0.006958371 0.999970675 0.003176354 -0.827599406 -0.003977179 -0.003204081 0.999986947 28.603862762
0.999965608 0.007453822 0.003641099 0.612093449 -0.007465557 0.999966919 0.003219757 -0.843790710 -0.003616979 -0.003246829 0.999988198 29.142829895
0.999960244 0.008216140 0.003474141 0.622353613 -0.008225292 0.999962687 0.002628316 -0.852301776 -0.003452417 -0.002656788 0.999990523 29.689287186
0.999967933 0.007372866 0.003124821 0.630679607 -0.007382677 0.999967813 0.003139969 -0.866954088 -0.003101570 -0.003162938 0.999990106 30.227237701
0.999963701 0.007816992 0.003415103 0.641860604 -0.007828731 0.999963403 0.003437669 -0.888778210 -0.003388106 -0.003464280 0.999988198 30.757545471
0.999966681 0.007554086 0.003093782 0.648591518 -0.007562855 0.999967396 0.002832625 -0.896629333 -0.003072283 -0.002855928 0.999991179 31.322750092
0.999960244 0.008512649 0.002659173 0.659861684 -0.008520258 0.999959588 0.002862989 -0.909759879 -0.002634694 -0.002885532 0.999992311 31.865621567
0.999959111 0.008489752 0.003114496 0.670476496 -0.008499906 0.999958575 0.003261141 -0.930379093 -0.003086681 -0.003287481 0.999989748 32.400768280
0.999953926 0.009018281 0.003273698 0.675016344 -0.009030943 0.999951661 0.003874531 -0.950310111 -0.003238599 -0.003903918 0.999987066 32.943119049
0.999956310 0.008732613 0.003341442 0.691048622 -0.008747865 0.999951243 0.004577673 -0.974099576 -0.003301305 -0.004606703 0.999983847 33.474594116
0.999964893 0.007989476 0.002528835 0.697755694 -0.007998660 0.999961317 0.003642278 -0.977755129 -0.002499638 -0.003662377 0.999990165 34.012825012
0.999963343 0.008275483 0.002221340 0.709941566 -0.008282118 0.999961257 0.002995051 -0.985308349 -0.002196469 -0.003013339 0.999993026 34.560382843
0.999965191 0.008053061 0.002183216 0.719013751 -0.008059883 0.999962568 0.003133752 -1.005279779 -0.002157898 -0.003151239 0.999992728 35.082111359
0.999972105 0.007220455 0.001897410 0.732958078 -0.007227618 0.999966621 0.003796246 -1.016304374 -0.001869937 -0.003809854 0.999991000 35.612968445
0.999968350 0.007782257 0.001682101 0.747323751 -0.007788534 0.999962628 0.003757369 -1.030274034 -0.001652797 -0.003770351 0.999991536 36.164043427
0.999971807 0.007409147 0.001206865 0.765430391 -0.007413730 0.999965131 0.003839102 -1.047304511 -0.001178378 -0.003847941 0.999991894 36.717613220
0.999970138 0.007529922 0.001749823 0.764352560 -0.007536355 0.999964774 0.003699685 -1.062097788 -0.001721904 -0.003712761 0.999991596 37.227085114
0.999965549 0.008129501 0.001671894 0.775700629 -0.008136155 0.999958932 0.004012619 -1.076449513 -0.001639205 -0.004026083 0.999990523 37.780448914
0.999962926 0.008433222 0.001755538 0.783887386 -0.008439706 0.999957502 0.003719296 -1.088176847 -0.001724098 -0.003733973 0.999991536 38.332508087
0.999971867 0.007305968 0.001710454 0.787127256 -0.007312126 0.999966800 0.003621864 -1.104565382 -0.001683936 -0.003634270 0.999991894 38.852306366
0.999967873 0.007817506 0.001746878 0.797952950 -0.007823559 0.999963284 0.003486494 -1.116184831 -0.001719558 -0.003500049 0.999992371 39.403503418
0.999972463 0.007301507 0.001384474 0.813111663 -0.007306619 0.999966383 0.003723848 -1.130741358 -0.001357238 -0.003733861 0.999992013 39.967777252
0.999972761 0.007078519 0.002085857 0.820821345 -0.007085177 0.999969721 0.003201779 -1.135227203 -0.002063130 -0.003216470 0.999992728 40.466552734
0.999971032 0.007350492 0.002001805 0.835335374 -0.007356921 0.999967754 0.003223477 -1.148862362 -0.001978046 -0.003238110 0.999992847 41.020183563
0.999963939 0.008121231 0.002488989 0.840853572 -0.008128520 0.999962628 0.002932669 -1.153200507 -0.002465080 -0.002952795 0.999992609 41.574268341
0.999964178 0.008218521 0.002026398 0.866868317 -0.008223994 0.999962509 0.002707468 -1.167205691 -0.002004071 -0.002724036 0.999994338 42.116615295
0.999974966 0.006890515 0.001611527 0.857753456 -0.006896768 0.999968588 0.003907378 -1.202110291 -0.001584553 -0.003918395 0.999991059 42.626121521
0.999972045 0.007330219 0.001477202 0.866434216 -0.007336152 0.999964893 0.004052334 -1.215982676 -0.001447445 -0.004063058 0.999990702 43.168186188
0.999970198 0.007596080 0.001336951 0.885089219 -0.007601617 0.999962330 0.004187556 -1.230056643 -0.001305092 -0.004197595 0.999990344 43.717029572
0.999975026 0.006736804 0.002135076 0.872379959 -0.006744549 0.999970555 0.003641061 -1.231292844 -0.002110484 -0.003655371 0.999991119 44.222999573
0.999974370 0.006896080 0.001894898 0.885735095 -0.006901945 0.999971330 0.003105649 -1.239526391 -0.001873426 -0.003118648 0.999993384 44.783874512
0.999972880 0.007065629 0.002067571 0.900041461 -0.007071431 0.999971032 0.002812723 -1.252189517 -0.002047637 -0.002827268 0.999993980 45.328990936
0.999968052 0.007644493 0.002310765 0.906986535 -0.007653769 0.999962509 0.004032325 -1.279492378 -0.002279853 -0.004049882 0.999989212 45.822635651
0.999968708 0.007534360 0.002392882 0.915686250 -0.007543827 0.999963582 0.003971999 -1.295674086 -0.002362868 -0.003989925 0.999989271 46.361515045
0.999965310 0.008065514 0.002039869 0.933775425 -0.008073553 0.999959528 0.003963735 -1.307800770 -0.002007816 -0.003980067 0.999990106 46.914089203
0.999973297 0.006857152 0.002494565 0.930920720 -0.006867591 0.999967575 0.004200794 -1.313053608 -0.002465680 -0.004217815 0.999988019 47.430438995
0.999970794 0.007187607 0.002576774 0.939944088 -0.007197221 0.999967039 0.003741282 -1.324337244 -0.002549799 -0.003759719 0.999989688 47.970333099
0.999972701 0.006848020 0.002759198 0.953060150 -0.006858281 0.999969542 0.003726922 -1.336048007 -0.002733592 -0.003745744 0.999989271 48.504535675
0.999973774 0.006744186 0.002627063 0.964179993 -0.006754021 0.999970138 0.003752951 -1.347257018 -0.002601674 -0.003770595 0.999989510 49.056285858
0.999970019 0.007345604 0.002462168 0.984331667 -0.007354876 0.999965847 0.003777931 -1.360677004 -0.002434333 -0.003795927 0.999989867 49.596424103
0.999966145 0.007537978 0.003343723 0.976758063 -0.007550851 0.999964058 0.003853649 -1.373811483 -0.003314555 -0.003878766 0.999986947 50.106678009
0.999957919 0.008259160 0.004004286 0.984621227 -0.008274148 0.999958813 0.003741195 -1.389071226 -0.003973222 -0.003774170 0.999984980 50.643821716
0.999965012 0.007472907 0.003776070 1.003928423 -0.007488726 0.999963224 0.004192841 -1.402057409 -0.003744598 -0.004220972 0.999984086 51.193557739
0.999962151 0.007785783 0.003885580 0.994839787 -0.007800031 0.999962807 0.003665439 -1.407459736 -0.003856897 -0.003695608 0.999985754 51.714908600
0.999960244 0.007851847 0.004242341 1.009315848 -0.007866004 0.999963462 0.003330907 -1.419894814 -0.004216032 -0.003364144 0.999985456 52.269397736
0.999955118 0.008551590 0.004105383 1.019123316 -0.008566760 0.999956489 0.003691712 -1.435208440 -0.004073635 -0.003726716 0.999984682 52.791687012
0.999946594 0.009340678 0.004422293 1.030448914 -0.009354302 0.999951482 0.003069863 -1.443130016 -0.004393403 -0.003111066 0.999985516 53.336196899
0.999958456 0.008188504 0.003982177 1.041216493 -0.008202138 0.999960542 0.003419423 -1.466673613 -0.003954019 -0.003451944 0.999986231 53.827320099
0.999952555 0.008864879 0.004023618 1.050386071 -0.008879236 0.999954224 0.003564809 -1.478267431 -0.003991832 -0.003600367 0.999985576 54.349430084
0.999948800 0.009173139 0.004267816 1.061993480 -0.009187831 0.999951959 0.003435766 -1.491234660 -0.004236094 -0.003474802 0.999985039 54.900012970
0.999951541 0.008733852 0.004544582 1.068800926 -0.008750912 0.999954700 0.003747654 -1.507050872 -0.004511645 -0.003787241 0.999982655 55.396881104
0.999952376 0.008741892 0.004333676 1.075483322 -0.008758333 0.999954462 0.003789464 -1.517808914 -0.004300351 -0.003827239 0.999983430 55.942573547
0.999954402 0.008340853 0.004637928 1.096425295 -0.008357239 0.999958813 0.003524845 -1.532008290 -0.004608337 -0.003563445 0.999983013 56.440650940
0.999947309 0.008970146 0.004997641 1.107962847 -0.008986735 0.999954224 0.003306659 -1.545183539 -0.004967751 -0.003351398 0.999982059 56.978485107
0.999949634 0.008776863 0.004851275 1.122143149 -0.008790828 0.999957204 0.002864927 -1.558333755 -0.004825922 -0.002907430 0.999984145 57.533061981
0.999950171 0.008612769 0.005042850 1.130150557 -0.008629446 0.999957263 0.003294957 -1.565911293 -0.005014256 -0.003338310 0.999981880 57.982261658
0.999945164 0.009093319 0.005183320 1.133915424 -0.009111087 0.999952555 0.003414704 -1.576639652 -0.005152023 -0.003461743 0.999980688 58.514415741
0.999935448 0.009615335 0.006061617 1.134995461 -0.009630540 0.999950469 0.002484188 -1.587104082 -0.006037432 -0.002542404 0.999978542 59.047458649
0.999945343 0.009133426 0.005084296 1.164522886 -0.009149133 0.999953449 0.003074267 -1.596111655 -0.005055980 -0.003120616 0.999982357 59.549068451
0.999946535 0.008782743 0.005451942 1.176951170 -0.008803415 0.999954104 0.003779015 -1.610147238 -0.005418502 -0.003826809 0.999977946 60.109981537
0.999934673 0.009869669 0.005760333 1.178500175 -0.009887623 0.999946296 0.003096703 -1.617233038 -0.005729460 -0.003153456 0.999978542 60.594879150
0.999925792 0.010780074 0.005680829 1.195880771 -0.010797252 0.999937177 0.003002185 -1.625562429 -0.005648109 -0.003063299 0.999979317 61.142288208
0.999940634 0.009218707 0.005798126 1.205426216 -0.009236460 0.999952674 0.003042563 -1.641190290 -0.005769803 -0.003095937 0.999978542 61.654460907
0.999930859 0.010165359 0.005928061 1.221049786 -0.010181522 0.999944508 0.002702650 -1.655683994 -0.005900259 -0.002762820 0.999978781 62.175605774
0.999930203 0.010081709 0.006145945 1.232727528 -0.010099667 0.999944925 0.002897887 -1.665097952 -0.006116390 -0.002959758 0.999976933 62.710994720
0.999933600 0.009845508 0.005981801 1.243920088 -0.009861667 0.999947786 0.002678251 -1.681279421 -0.005955120 -0.002737065 0.999978483 63.239650726
0.999931455 0.009878453 0.006284759 1.257917047 -0.009895924 0.999947190 0.002755112 -1.697005510 -0.006257211 -0.002817117 0.999976456 63.749416351
0.999934554 0.009677493 0.006096759 1.273378372 -0.009693823 0.999949455 0.002654662 -1.708287597 -0.006070760 -0.002713589 0.999977887 64.293647766
0.999930620 0.009795059 0.006539667 1.282870054 -0.009812791 0.999948263 0.002684542 -1.717502236 -0.006513034 -0.002748528 0.999975026 64.785552979
0.999931931 0.009778343 0.006368674 1.296315193 -0.009796959 0.999947786 0.002898104 -1.729330301 -0.006340003 -0.002960300 0.999975502 65.330780029
0.999931693 0.009674733 0.006549312 1.312704563 -0.009689778 0.999950409 0.002269404 -1.741130948 -0.006527031 -0.002332710 0.999975979 65.832496643
0.999919474 0.010241192 0.007489081 1.319665670 -0.010255056 0.999945700 0.001815313 -1.751160026 -0.007470083 -0.001891967 0.999970317 66.392547607
0.999933302 0.009536947 0.006529687 1.340905905 -0.009550988 0.999952137 0.002122557 -1.765536308 -0.006509133 -0.002184780 0.999976397 66.883026123
0.999931276 0.009706318 0.006574105 1.350584865 -0.009720179 0.999950647 0.002079850 -1.778697729 -0.006553593 -0.002143609 0.999976277 67.421394348
0.999930322 0.009868517 0.006476682 1.370885134 -0.009881654 0.999949157 0.001999630 -1.796618700 -0.006456619 -0.002063491 0.999977052 67.948287964
0.999932647 0.009564209 0.006571766 1.382503748 -0.009578428 0.999951780 0.002136074 -1.809154153 -0.006551019 -0.002198877 0.999976158 68.500556946
0.999927938 0.010013193 0.006609176 1.397391796 -0.010030250 0.999946356 0.002552939 -1.835082650 -0.006583259 -0.002619047 0.999974966 69.038635254
0.999930382 0.009754967 0.006641391 1.409458637 -0.009768079 0.999950409 0.001944416 -1.831531763 -0.006622094 -0.002009154 0.999975979 69.507080078
0.999926209 0.009940403 0.006987344 1.419615030 -0.009953443 0.999948800 0.001834018 -1.847204924 -0.006968756 -0.001903430 0.999973834 70.056243896
0.999925554 0.009988870 0.007000518 1.435843706 -0.009998072 0.999949276 0.001280610 -1.861322999 -0.006987369 -0.001350506 0.999974668 70.577880859
0.999934733 0.009228813 0.006728006 1.449712634 -0.009242346 0.999955297 0.001982780 -1.874541879 -0.006709406 -0.002044833 0.999975383 71.066726685
0.999927938 0.009922683 0.006748897 1.462183237 -0.009933002 0.999949515 0.001496937 -1.886538386 -0.006733703 -0.001563866 0.999976099 71.621299744
0.999931931 0.009440706 0.006860070 1.474388838 -0.009454736 0.999953270 0.002015769 -1.904619336 -0.006840719 -0.002080492 0.999974430 72.125267029
0.999926686 0.009826149 0.007088141 1.484508276 -0.009839227 0.999949992 0.001812665 -1.910768032 -0.007069975 -0.001882274 0.999973238 72.674858093
0.999927938 0.009591828 0.007221583 1.501196265 -0.009604421 0.999952555 0.001710875 -1.928380013 -0.007204829 -0.001780111 0.999972463 73.175483704
0.999924123 0.009888867 0.007347344 1.513407946 -0.009903322 0.999949217 0.001933752 -1.937409163 -0.007327848 -0.002006368 0.999971092 73.724372864
0.999925494 0.009789817 0.007283857 1.531009197 -0.009803568 0.999950230 0.001854455 -1.962062955 -0.007265339 -0.001925724 0.999971747 74.254127502
0.999923110 0.009901528 0.007464925 1.544046998 -0.009913573 0.999949634 0.001577952 -1.975986123 -0.007448925 -0.001651835 0.999970913 74.776329041
0.999920130 0.010339004 0.007261209 1.556933522 -0.010349189 0.999945521 0.001366465 -1.987849712 -0.007246685 -0.001441504 0.999972761 75.323478699
0.999925256 0.009745831 0.007379823 1.571089029 -0.009759347 0.999950767 0.001797749 -2.006245375 -0.007361939 -0.001869637 0.999971151 75.851791382
0.999928415 0.009736940 0.006950027 1.587755203 -0.009745077 0.999951839 0.001137947 -2.015753031 -0.006938613 -0.001205594 0.999975145 76.395729065
0.999921858 0.010001921 0.007499361 1.592789888 -0.010014607 0.999948502 0.001655612 -2.033063889 -0.007482416 -0.001730586 0.999970496 76.914199829
0.999922693 0.009972851 0.007429560 1.612815380 -0.009983548 0.999949157 0.001404102 -2.049437046 -0.007415179 -0.001478167 0.999971390 77.438064575
0.999913692 0.010475544 0.007934547 1.624921560 -0.010488800 0.999943674 0.001630821 -2.061805010 -0.007917016 -0.001713904 0.999967217 77.988868713
0.999920726 0.010201337 0.007380631 1.646278858 -0.010216244 0.999945819 0.001985111 -2.079385757 -0.007359981 -0.002060356 0.999970794 78.540870667
0.999918818 0.010167419 0.007682365 1.654172540 -0.010180210 0.999946833 0.001627623 -2.097179413 -0.007665409 -0.001705699 0.999969184 78.997070312
0.999900460 0.011248580 0.008518916 1.668467641 -0.011263059 0.999935150 0.001653374 -2.111057043 -0.008499765 -0.001749159 0.999962389 79.543556213
0.999896944 0.010203904 0.010103601 1.687376976 -0.010218820 0.999946773 0.001425577 -2.122367859 -0.010088517 -0.001528677 0.999947906 80.091079712
0.999891937 0.010087805 0.010694085 1.717260003 -0.010103478 0.999947965 0.001412565 -2.138409615 -0.010679279 -0.001520460 0.999941766 80.599777222
0.999882400 0.010438605 0.011234071 1.734349012 -0.010461208 0.999943376 0.001955233 -2.155820131 -0.011213026 -0.002072525 0.999934912 81.145553589
0.999807775 0.011413580 0.015939461 1.737895489 -0.011438770 0.999933481 0.001490007 -2.171533108 -0.015921392 -0.001672049 0.999871850 81.685752869
0.999726117 0.011879408 0.020165965 1.759485483 -0.011913233 0.999927819 0.001558088 -2.189510584 -0.020146001 -0.001797903 0.999795496 82.223594666
0.999688029 0.010406088 0.022704635 1.791152716 -0.010442445 0.999944389 0.001483342 -2.192276239 -0.022687934 -0.001719971 0.999741077 82.765731812
0.999575675 0.010692410 0.027091024 1.817250729 -0.010727827 0.999941766 0.001162326 -2.202073097 -0.027077019 -0.001452460 0.999632359 83.321975708
0.999389052 0.011267490 0.033081159 1.846831441 -0.011317713 0.999935091 0.001331361 -2.221227169 -0.033064008 -0.001704951 0.999451816 83.859085083
0.999187112 0.010282400 0.038978834 1.880647779 -0.010339578 0.999945760 0.001265640 -2.229871273 -0.038963702 -0.001667636 0.999239147 84.389564514
0.998892426 0.010867829 0.045777708 1.914535046 -0.010943591 0.999939084 0.001404688 -2.243735075 -0.045759652 -0.001904105 0.998950601 84.938117981
0.998528779 0.009983746 0.053297196 1.962943077 -0.010054534 0.999948919 0.001060230 -2.257619858 -0.053283893 -0.001594549 0.998578131 85.479652405
0.998062015 0.009573583 0.061486147 2.015901804 -0.009638718 0.999953270 0.000762863 -2.272102594 -0.061475970 -0.001354033 0.998107672 86.030128479
0.997594357 0.009316755 0.068692438 2.069967270 -0.009395576 0.999955475 0.000824453 -2.285364866 -0.068681695 -0.001467875 0.997637630 86.584075928
0.996902823 0.010536906 0.077934138 2.118069172 -0.010629659 0.999943197 0.000775384 -2.299396992 -0.077921532 -0.001601395 0.996958196 87.098312378
0.996096194 0.009752085 0.087734014 2.188547134 -0.009803796 0.999951959 0.000158511 -2.312994719 -0.087728247 -0.001018018 0.996143818 87.618621826
0.995205939 0.010686478 0.097216725 2.258606434 -0.010768012 0.999942005 0.000314048 -2.321445465 -0.097207732 -0.001359373 0.995263219 88.187316895
0.994501650 0.009845281 0.104257010 2.334729195 -0.009887822 0.999951065 -0.000108795 -2.338020325 -0.104252979 -0.000922678 0.994550347 88.744468689
0.993498147 0.008993105 0.113492474 2.420228958 -0.009043022 0.999959111 -0.000075000 -2.358732700 -0.113488495 -0.000951803 0.993538857 89.240997314
0.992195725 0.009770564 0.124306858 2.505967140 -0.009828771 0.999951780 -0.000145027 -2.366482019 -0.124302261 -0.001077889 0.992243886 89.801773071
0.990996361 0.007817141 0.133660570 2.602570534 -0.007790611 0.999969423 -0.000721481 -2.384173393 -0.133662134 -0.000326313 0.991026938 90.318382263
0.989276528 0.009332080 0.145756438 2.692502022 -0.009389549 0.999955833 -0.000293709 -2.389593601 -0.145752743 -0.001078028 0.989320457 90.899154663
0.987518370 0.007564600 0.157322004 2.806380272 -0.007615549 0.999970973 -0.000278946 -2.434711218 -0.157319546 -0.000922629 0.987547338 91.367713928
0.985768080 0.007266199 0.167953447 2.922136307 -0.007268413 0.999973476 -0.000601574 -2.447888136 -0.167953327 -0.000627743 0.985794783 91.907745361
0.983811438 0.007027854 0.179068834 3.038021088 -0.006929076 0.999975324 -0.001177068 -2.451362848 -0.179072693 -0.000082768 0.983835757 92.517944336
0.981330156 0.006847632 0.192208961 3.161395073 -0.006729493 0.999976575 -0.001267454 -2.467026711 -0.192213118 -0.000049678 0.981353164 93.055137634
0.978849590 0.006779741 0.204468429 3.300467491 -0.006656524 0.999977052 -0.001290413 -2.484509230 -0.204472452 -0.000097929 0.978872240 93.577438354
0.976809800 0.006306818 0.214016467 3.440307617 -0.006138740 0.999980092 -0.001449938 -2.498208046 -0.214021370 0.000102522 0.976828933 94.077018738
0.973736405 0.005865778 0.227602690 3.580436707 -0.005682926 0.999982715 -0.001458704 -2.494464159 -0.227607310 0.000126943 0.973752975 94.742347717
0.970488191 0.005864488 0.241077349 3.733011246 -0.005681402 0.999982715 -0.001454531 -2.506789207 -0.241081744 0.000041947 0.970504761 95.275802612
0.967739999 0.004775099 0.251905620 3.894601822 -0.004462986 0.999988317 -0.001810331 -2.524676561 -0.251911342 0.000627678 0.967750132 95.788650513
0.964775026 0.005130753 0.263026327 4.055297852 -0.004942631 0.999986827 -0.001376891 -2.554090738 -0.263029993 0.000028348 0.964787602 96.291366577
0.961133778 0.003837590 0.276056230 4.298925400 -0.003529048 0.999992490 -0.001614436 -2.555687666 -0.276060313 0.000577473 0.961140156 97.091239929
0.957463741 0.003404194 0.288533181 4.481426239 -0.003037066 0.999993861 -0.001720057 -2.573349476 -0.288537294 0.000770598 0.957468390 97.618942261
0.953889608 0.003484936 0.300137341 4.666749954 -0.003002034 0.999993384 -0.002070066 -2.582356215 -0.300142556 0.001073592 0.953893721 98.144836426
0.949234724 0.004105181 0.314542115 4.859430313 -0.003885745 0.999991655 -0.001324664 -2.609026194 -0.314544857 0.000035187 0.949242711 98.657112122
0.944056571 0.003887960 0.329760581 5.002218246 -0.003608913 0.999992430 -0.001458370 -2.622651815 -0.329763740 0.000186707 0.944063604 99.102783203
0.939933121 0.003873337 0.341336638 5.211120605 -0.003436188 0.999992371 -0.001885296 -2.636615515 -0.341341347 0.000599156 0.939939320 99.609352112
0.935092866 0.002716724 0.354392439 5.428979874 -0.002326661 0.999996126 -0.001526753 -2.657696009 -0.354395241 0.000603105 0.935095549 100.119949341
0.929326892 0.003091455 0.369244963 5.650543213 -0.002559289 0.999994874 -0.001931032 -2.669102907 -0.369249076 0.000849555 0.929330111 100.645378113
0.924706995 0.001791714 0.380675405 5.885747910 -0.001182498 0.999997616 -0.001834227 -2.686457157 -0.380677819 0.001245974 0.924706876 101.095939636
0.919641793 0.001501096 0.392755121 6.115629196 -0.001012657 0.999998510 -0.001450807 -2.702250719 -0.392756641 0.000936497 0.919641912 101.597122192
0.913696051 0.000466995 0.406398118 6.360824585 0.000028223 0.999999225 -0.001212557 -2.721452951 -0.406398416 0.001119378 0.913695335 102.078712463
0.907478571 0.000816462 0.420097649 6.612319946 -0.000167503 0.999998748 -0.001581670 -2.725910902 -0.420098394 0.001364963 0.907477558 102.592620850
0.902802050 0.000589276 0.430056006 6.869472504 -0.000236634 0.999999583 -0.000873472 -2.753915071 -0.430056334 0.000686806 0.902801812 103.019653320
0.897361219 -0.000315679 0.441296488 7.146656036 0.001226705 0.999997675 -0.001779120 -2.765677452 -0.441294879 0.002137854 0.897359610 103.524993896
0.890719056 0.000101881 0.454554230 7.417335510 0.000741985 0.999998331 -0.001678086 -2.782870770 -0.454553694 0.001831976 0.890717506 104.010978699
0.884458303 0.000506160 0.466618896 7.692260742 0.000460134 0.999997973 -0.001956904 -2.796635866 -0.466618955 0.001945508 0.884456277 104.494064331
0.878390372 0.000097722 0.477943778 7.961997986 0.000556058 0.999999106 -0.001226415 -2.829946280 -0.477943480 0.001343037 0.878389597 104.929893494
0.870892465 -0.001544933 0.491471201 8.245296478 0.002367523 0.999996603 -0.001051800 -2.839026451 -0.491467953 0.002079575 0.870893180 105.367225647
