1.000000000 0.000000000 0.000000000 0.000000000 0.000000000 1.000000000 0.000000000 0.000000000 0.000000000 0.000000000 1.000000000 0.000000000
1.000000000 0.000035532 -0.000002315 0.001545935 -0.000035532 1.000000000 0.000045640 0.000511327 0.000002317 -0.000045640 1.000000000 0.000444621
1.000000000 -0.000098890 -0.000089856 0.001894151 0.000098895 1.000000000 0.000051958 0.000680325 0.000089851 -0.000051967 1.000000000 0.000376857
1.000000000 -0.000113557 -0.000162554 0.005155308 0.000113542 1.000000000 -0.000094064 0.002222008 0.000162564 0.000094046 1.000000000 0.006384689
1.000000000 0.000091704 -0.000062798 0.002777117 -0.000091705 1.000000000 -0.000011616 0.002186488 0.000062797 0.000011622 1.000000000 -0.003091412
1.000000000 -0.000058450 -0.000081949 -0.000165836 0.000058450 1.000000000 0.000005280 0.002057009 0.000081948 -0.000005285 1.000000000 -0.001411925
0.999999940 -0.000176298 -0.000205058 0.006128064 0.000176282 1.000000000 -0.000075752 0.000673475 0.000205071 0.000075716 1.000000000 0.002718320
1.000000000 0.000010511 -0.000057815 0.003199414 -0.000010514 1.000000000 -0.000048184 0.000844880 0.000057815 0.000048185 1.000000000 0.003925470
1.000000000 -0.000142985 -0.000051163 0.005569946 0.000142983 1.000000000 -0.000043386 -0.000077866 0.000051169 0.000043378 1.000000000 0.002368033
0.999999940 -0.000202777 -0.000147202 0.004739566 0.000202779 1.000000000 0.000010459 -0.000274897 0.000147200 -0.000010489 1.000000000 -0.000122375
0.999999940 -0.000195270 -0.000239353 0.007385377 0.000195252 1.000000000 -0.000078012 0.001015139 0.000239368 0.000077965 0.999999940 0.002685598
1.000000000 -0.000095911 -0.000139940 0.004840022 0.000095903 1.000000000 -0.000058913 -0.000246781 0.000139946 0.000058900 1.000000000 0.002475222
0.999999881 -0.000407056 -0.000240438 0.004958050 0.000407072 0.999999940 0.000067708 -0.000998485 0.000240410 -0.000067806 0.999999940 0.003574968
0.999999881 -0.000379421 -0.000289422 0.007458418 0.000379400 0.999999940 -0.000075263 0.000165850 0.000289450 0.000075153 0.999999940 -0.000774116
1.000000000 -0.000092791 -0.000036900 0.003765051 0.000092789 1.000000000 -0.000035510 0.001394335 0.000036903 0.000035507 1.000000000 0.002940307
1.000000000 0.000025897 -0.000099829 0.006308211 -0.000025899 1.000000000 -0.000020955 0.000277188 0.000099829 0.000020958 1.000000000 0.000459223
0.999999940 -0.000236138 -0.000182896 0.005169984 0.000236136 1.000000000 -0.000011745 0.000372844 0.000182899 0.000011702 1.000000000 0.000100146
0.999999940 -0.000220280 -0.000323197 0.007546195 0.000220278 1.000000000 -0.000006162 -0.000113400 0.000323198 0.000006091 0.999999940 -0.002921086
1.000000000 -0.000142657 -0.000121405 0.005196428 0.000142657 1.000000000 0.000003805 -0.000340093 0.000121404 -0.000003823 1.000000000 -0.000532642
1.000000000 -0.000098470 -0.000140751 0.007364281 0.000098483 1.000000000 0.000097751 -0.001059151 0.000140741 -0.000097765 1.000000000 -0.001426794
0.999999940 -0.000218033 -0.000202958 0.007819267 0.000218051 1.000000000 0.000086764 -0.000379085 0.000202939 -0.000086808 1.000000000 0.000466902
0.999999881 -0.000378098 -0.000214054 0.005918959 0.000378119 0.999999940 0.000098460 -0.000508688 0.000214016 -0.000098541 1.000000000 0.001148362
0.999999940 -0.000217998 -0.000207743 0.009224948 0.000217992 1.000000000 -0.000029374 -0.000426371 0.000207750 0.000029329 1.000000000 -0.001816061
1.000000000 -0.000158603 -0.000068515 0.005887539 0.000158601 1.000000000 -0.000031254 -0.000043143 0.000068520 0.000031243 1.000000000 -0.001751118
1.000000000 0.000047300 0.000108982 -0.005340293 -0.000047296 1.000000000 -0.000036102 -0.000327358 -0.000108984 0.000036097 1.000000000 -0.005804292
1.000000000 -0.000116994 -0.000026453 -0.000001963 0.000116997 1.000000000 0.000094650 0.000601788 0.000026442 -0.000094653 1.000000000 -0.003054861
0.999999881 -0.000360627 -0.000246967 0.007357536 0.000360642 0.999999940 0.000060241 0.000837155 0.000246945 -0.000060330 0.999999940 0.000753271
0.999999940 -0.000180137 -0.000246879 0.006554291 0.000180150 1.000000000 0.000053972 0.000018033 0.000246869 -0.000054017 0.999999940 0.000796325
0.999999940 -0.000265450 -0.000148109 0.004743116 0.000265469 0.999999940 0.000127522 0.000055777 0.000148075 -0.000127561 1.000000000 0.005763493
0.999999940 -0.000311834 -0.000200161 0.002647575 0.000311853 0.999999940 0.000098278 0.000496647 0.000200130 -0.000098340 1.000000000 0.002336002
0.999999881 -0.000358502 -0.000258201 0.008184762 0.000358531 0.999999940 0.000112805 -0.001825081 0.000258160 -0.000112898 0.999999940 -0.002227626
1.000000000 -0.000100066 -0.000214109 0.006495738 0.000100054 1.000000000 -0.000053734 0.001520581 0.000214114 0.000053713 1.000000000 0.002510291
1.000000000 -0.000150091 -0.000140641 0.003008223 0.000150094 1.000000000 0.000020686 0.001232100 0.000140638 -0.000020707 1.000000000 0.002634057
0.999999940 -0.000193694 -0.000187095 0.004592788 0.000193706 1.000000000 0.000065537 0.001602959 0.000187082 -0.000065573 1.000000000 0.000914121
0.999999940 -0.000226631 -0.000215027 0.005404680 0.000226621 1.000000000 -0.000048180 0.001565593 0.000215038 0.000048132 1.000000000 0.001563956
1.000000000 -0.000175228 -0.000083571 0.005714701 0.000175232 1.000000000 0.000056085 0.000502658 0.000083561 -0.000056099 1.000000000 -0.000071993
0.999999940 -0.000166062 -0.000203025 0.006532414 0.000166105 0.999999940 0.000213650 -0.000866721 0.000202990 -0.000213684 0.999999940 -0.001059667
0.999999940 -0.000324152 -0.000236126 0.002496026 0.000324160 0.999999940 0.000032717 -0.000713778 0.000236116 -0.000032794 1.000000000 -0.005337118
0.999999940 -0.000214842 -0.000294550 0.011696848 0.000214679 0.999999821 -0.000552540 -0.004758986 0.000294668 0.000552476 0.999999821 0.044300053
0.999999940 -0.000157538 -0.000266318 0.008140879 0.000157170 0.999999046 -0.001381966 -0.002190204 0.000266536 0.001381924 0.999998987 0.144689575
1.000000000 -0.000130656 -0.000201575 0.007347885 0.000130370 0.999998987 -0.001419837 -0.010903843 0.000201760 0.001419810 0.999998987 0.265092343
0.999999940 -0.000249861 -0.000040743 0.006333736 0.000249810 0.999999166 -0.001261669 -0.016577853 0.000041058 0.001261658 0.999999225 0.386733919
0.999999940 -0.000141100 -0.000330337 0.012204417 0.000140740 0.999999404 -0.001089443 -0.021810561 0.000330490 0.001089396 0.999999344 0.544628978
1.000000000 -0.000109161 -0.000101536 0.013741042 0.000109048 0.999999344 -0.001117882 -0.026900133 0.000101658 0.001117870 0.999999344 0.693815053
0.999999940 -0.000325808 0.000213945 0.019227022 0.000325997 0.999999583 -0.000882140 -0.028067661 -0.000213657 0.000882209 0.999999583 0.858763933
0.999999940 -0.000020708 0.000254797 0.012655002 0.000020915 0.999999702 -0.000808923 -0.031062348 -0.000254780 0.000808929 0.999999642 1.031518459
0.999999881 0.000209425 0.000484243 0.011700600 -0.000209006 0.999999583 -0.000865683 -0.030233448 -0.000484425 0.000865581 0.999999523 1.217156172
1.000000000 -0.000234632 0.000056712 0.033009205 0.000234664 0.999999821 -0.000566212 -0.044581726 -0.000056579 0.000566225 0.999999821 1.425629258
0.999999881 0.000335672 -0.000268665 0.033731189 -0.000335849 0.999999702 -0.000660862 -0.054587800 0.000268443 0.000660952 0.999999762 1.636304975
1.000000000 -0.000043739 0.000224979 0.035311829 0.000043820 0.999999940 -0.000359567 -0.057813961 -0.000224963 0.000359577 0.999999881 1.793832064
0.999998808 -0.001470220 0.000402437 0.031718362 0.001469549 0.999997497 0.001662322 -0.085219711 -0.000404880 -0.001661729 0.999998510 1.938363791
0.999999225 -0.001102736 0.000589745 0.039079376 0.001101870 0.999998271 0.001465505 -0.091337271 -0.000591361 -0.001464854 0.999998689 2.164390802
0.999998987 -0.001402668 0.000140577 0.042265456 0.001402399 0.999997139 0.001892625 -0.097850002 -0.000143231 -0.001892426 0.999998212 2.376699924
0.999998927 -0.001439732 0.000170775 0.049097717 0.001439390 0.999996901 0.001987132 -0.107916899 -0.000173636 -0.001986884 0.999998033 2.598184347
0.999998987 -0.001273945 0.000603993 0.049396314 0.001272618 0.999996781 0.002192204 -0.110982448 -0.000606784 -0.002191433 0.999997437 2.837691307
0.999999046 -0.001262533 0.000427518 0.055987205 0.001261587 0.999996722 0.002204121 -0.116108246 -0.000430300 -0.002203580 0.999997437 3.074741125
0.999998569 -0.001374289 0.000951974 0.052431237 0.001372447 0.999997199 0.001933220 -0.128200918 -0.000954628 -0.001931910 0.999997675 3.291135550
0.999998927 -0.001109294 0.000957271 0.060334325 0.001107374 0.999997377 0.002003225 -0.134044647 -0.000959490 -0.002002163 0.999997556 3.559423685
0.999999225 -0.000944234 0.000820139 0.069616072 0.000942533 0.999997377 0.002071917 -0.141058743 -0.000822093 -0.002071142 0.999997497 3.813660145
0.999999106 -0.000801532 0.001051320 0.075297289 0.000799286 0.999997377 0.002135598 -0.145011634 -0.001053029 -0.002134756 0.999997139 4.067205429
0.999998987 -0.000710825 0.001208117 0.065299548 0.000707313 0.999995649 0.002905010 -0.171676874 -0.001210177 -0.002904153 0.999995053 4.294770241
0.999999225 -0.000679349 0.001063138 0.075519279 0.000676333 0.999995649 0.002834997 -0.175368518 -0.001065059 -0.002834276 0.999995351 4.557443142
0.999998569 -0.000964846 0.001425779 0.068667680 0.000960148 0.999994099 0.003291410 -0.191600800 -0.001428946 -0.003290036 0.999993563 4.805073261
0.999998689 -0.000664142 0.001488622 0.073945567 0.000659503 0.999994934 0.003114683 -0.196795508 -0.001490683 -0.003113697 0.999994040 5.058218002
0.999998271 -0.001269848 0.001363161 0.086083084 0.001265430 0.999993920 0.003236655 -0.199015677 -0.001367263 -0.003234924 0.999993861 5.361749649
0.999998987 -0.000581479 0.001261268 0.075577192 0.000577186 0.999994040 0.003401322 -0.226597548 -0.001263238 -0.003400591 0.999993443 5.587667942
0.999999106 -0.000537730 0.001205149 0.084302671 0.000533445 0.999993443 0.003553330 -0.231089622 -0.001207052 -0.003552683 0.999993026 5.854088306
0.999998748 -0.000347846 0.001545594 0.084429279 0.000342357 0.999993622 0.003549853 -0.242588028 -0.001546819 -0.003549319 0.999992609 6.145710468
0.999998212 -0.000355050 0.001856724 0.088272884 0.000348016 0.999992728 0.003787305 -0.252741456 -0.001858056 -0.003786652 0.999991119 6.416553974
0.999999046 -0.000578101 0.001256483 0.102469414 0.000573248 0.999992371 0.003859891 -0.271061808 -0.001258705 -0.003859167 0.999991715 6.730134964
0.999998569 -0.000844030 0.001426862 0.115945183 0.000838531 0.999992251 0.003850337 -0.272717595 -0.001430100 -0.003849135 0.999991596 7.029788017
0.999998569 -0.000904072 0.001428662 0.120426431 0.000898202 0.999991238 0.004104447 -0.283632219 -0.001432360 -0.004103158 0.999990642 7.330358028
0.999998748 -0.001140616 0.001147771 0.133858442 0.001135991 0.999991357 0.004021901 -0.300571501 -0.001152349 -0.004020592 0.999991298 7.640557766
0.999998927 -0.000704009 0.001292346 0.139312074 0.000698752 0.999991536 0.004064300 -0.294335842 -0.001295196 -0.004063393 0.999990940 7.977238178
0.999997497 -0.001845786 0.001259129 0.139325127 0.001840246 0.999988735 0.004386862 -0.300937027 -0.001267212 -0.004384534 0.999989629 8.260043144
0.999996543 -0.002341053 0.001205896 0.130996466 0.002335148 0.999985397 0.004874528 -0.354514182 -0.001217290 -0.004871695 0.999987364 8.608701706
0.999996781 -0.002212528 0.001267562 0.134874001 0.002205995 0.999984384 0.005132580 -0.363870442 -0.001278898 -0.005129767 0.999986053 8.945137024
0.999996603 -0.002001932 0.001658593 0.145483941 0.001992867 0.999983132 0.005449538 -0.378359795 -0.001669475 -0.005446213 0.999983788 9.266794205
0.999995828 -0.002608431 0.001240046 0.154372633 0.002601752 0.999982238 0.005357815 -0.384742051 -0.001253999 -0.005354566 0.999984860 9.611809731
0.999996603 -0.002158419 0.001437125 0.166472182 0.002150743 0.999983490 0.005321648 -0.384888798 -0.001448587 -0.005318539 0.999984801 9.953179359
0.999995589 -0.002485837 0.001574687 0.174618438 0.002476385 0.999979019 0.005976352 -0.400375366 -0.001589510 -0.005972426 0.999980807 10.279077530
0.999995470 -0.002666831 0.001346010 0.185899720 0.002658898 0.999979258 0.005861047 -0.406654418 -0.001361612 -0.005857441 0.999981880 10.636316299
0.999996603 -0.002527056 0.000680956 0.184563622 0.002523162 0.999980748 0.005660700 -0.433820635 -0.000695248 -0.005658962 0.999983728 11.123078346
0.999997914 -0.001849658 0.000936840 0.185913891 0.001844308 0.999982119 0.005679992 -0.444672942 -0.000947329 -0.005678251 0.999983370 11.505845070
0.999996066 -0.002570126 0.001136986 0.195271313 0.002563855 0.999981701 0.005482960 -0.448644340 -0.001151057 -0.005480024 0.999984324 11.901577950
0.999997795 -0.001827006 0.001084624 0.204318345 0.001820297 0.999979436 0.006155206 -0.465558916 -0.001095847 -0.006153218 0.999980450 12.250558853
0.999997556 -0.001716071 0.001385402 0.215029210 0.001707605 0.999979973 0.006089091 -0.470241606 -0.001395824 -0.006086711 0.999980509 12.647532463
0.999997854 -0.001666147 0.001251201 0.231966078 0.001658159 0.999978423 0.006358495 -0.476829052 -0.001261769 -0.006356406 0.999978960 13.069458008
0.999991417 -0.004141420 0.000038263 0.231266230 0.004141078 0.999969721 0.006585903 -0.523951828 -0.000065537 -0.006585688 0.999978304 13.469856262
0.999996543 -0.002564262 0.000714300 0.231909677 0.002559425 0.999974310 0.006692580 -0.534697354 -0.000731443 -0.006690728 0.999977350 13.886017799
0.999994576 -0.003200011 0.000753843 0.244073197 0.003194546 0.999969363 0.007142619 -0.541365027 -0.000776677 -0.007140173 0.999974191 14.314531326
0.999993801 -0.003510813 0.000322214 0.261043936 0.003508403 0.999967933 0.007196548 -0.561271787 -0.000347470 -0.007195374 0.999974012 14.737373352
0.999989152 -0.004655833 -0.000175484 0.288608849 0.004656972 0.999963462 0.007167649 -0.571187973 0.000142106 -0.007168389 0.999974370 15.133830070
0.999987900 -0.004923577 0.000313888 0.285368234 0.004921055 0.999959111 0.007582201 -0.598725319 -0.000351207 -0.007580564 0.999971211 15.572971344
0.999984443 -0.005519191 0.000815528 0.288292378 0.005512598 0.999953806 0.007877303 -0.634927988 -0.000858966 -0.007872685 0.999968588 16.025205612
0.999982536 -0.005867017 0.000645476 0.305227250 0.005861614 0.999950290 0.008075178 -0.643686295 -0.000692821 -0.008071253 0.999967158 16.467903137
0.999984562 -0.005422550 0.001258845 0.308306754 0.005412087 0.999952018 0.008171065 -0.654005647 -0.001303092 -0.008164125 0.999965847 16.926443100
0.999985754 -0.005002534 0.001878486 0.310296148 0.004986858 0.999953449 0.008259039 -0.668667138 -0.001919714 -0.008249555 0.999964118 17.361249924
0.999988139 -0.004481520 0.001917526 0.310347468 0.004464875 0.999953032 0.008599053 -0.679541051 -0.001955973 -0.008590390 0.999961197 17.855077744
0.999986172 -0.004754765 0.002275810 0.329452753 0.004734121 0.999948442 0.008992382 -0.682029009 -0.002318449 -0.008981484 0.999956965 18.301563263
0.999982774 -0.005366241 0.002375179 0.326506972 0.005344584 0.999944925 0.009032557 -0.706609964 -0.002423518 -0.009019706 0.999956369 18.728708267
0.999981344 -0.005847063 0.001766895 0.347407699 0.005831249 0.999944091 0.008826492 -0.711925626 -0.001818405 -0.008816025 0.999959469 19.198972702
0.999978364 -0.006180283 0.002287267 0.361293316 0.006158788 0.999937892 0.009288324 -0.722750127 -0.002344529 -0.009274036 0.999954283 19.676609039
0.999986470 -0.004498501 0.002624453 0.353188574 0.004474018 0.999947190 0.009261228 -0.739031315 -0.002665976 -0.009249362 0.999953628 20.164600372
0.999987781 -0.004160825 0.002699085 0.358121216 0.004135279 0.999947250 0.009402459 -0.740483880 -0.002738064 -0.009391181 0.999952137 20.645616531
0.999984801 -0.004882317 0.002583350 0.358702034 0.004856408 0.999938786 0.009942328 -0.751408815 -0.002631733 -0.009929630 0.999947250 21.149269104
0.999984384 -0.005208762 0.002015049 0.373938233 0.005188328 0.999936402 0.010016326 -0.795499444 -0.002067093 -0.010005715 0.999947727 21.568679810
0.999986887 -0.004830108 0.001728996 0.386047989 0.004813010 0.999940813 0.009760494 -0.799691677 -0.001776037 -0.009752044 0.999950826 22.099929810
0.999982893 -0.005729124 0.001173144 0.390845358 0.005716283 0.999926686 0.010672195 -0.823883832 -0.001234200 -0.010665307 0.999942303 22.616548538
0.999985278 -0.005351520 0.000913271 0.383916825 0.005341365 0.999927640 0.010781416 -0.837410569 -0.000970902 -0.010776380 0.999941468 23.123016357
0.999972224 -0.007440771 -0.000422776 0.401295811 0.007444852 0.999915540 0.010652599 -0.854629695 0.000343477 -0.010655451 0.999943197 23.616001129
0.999966502 -0.008161040 -0.000670560 0.402893454 0.008167474 0.999914408 0.010227093 -0.864958644 0.000587039 -0.010232227 0.999947488 24.150100708
0.999972641 -0.007297356 -0.001237990 0.403199047 0.007310499 0.999913156 0.010966986 -0.880121469 0.001157852 -0.010975735 0.999939144 24.673454285
0.999969125 -0.007568942 -0.002098625 0.435679466 0.007592122 0.999907732 0.011266432 -0.901519537 0.002013156 -0.011282018 0.999934256 25.198377609
0.999971807 -0.007218592 -0.002045570 0.436908960 0.007241202 0.999910295 0.011269940 -0.905442238 0.001964033 -0.011284438 0.999934316 25.742721558
0.999968767 -0.007352042 -0.002897942 0.447631061 0.007382911 0.999914587 0.010789440 -0.911109030 0.002818370 -0.010810500 0.999937534 26.290855408
0.999951184 -0.009056091 -0.003940012 0.477239519 0.009100702 0.999893010 0.011455663 -0.911405563 0.003835847 -0.011490960 0.999926567 26.836091995
0.999958098 -0.008370579 -0.003702222 0.439560056 0.008415258 0.999889851 0.012221827 -0.950640678 0.003599511 -0.012252470 0.999918401 27.328342438
0.999957919 -0.008253518 -0.003988986 0.452807188 0.008303437 0.999885321 0.012664195 -0.968180418 0.003884004 -0.012696786 0.999911785 27.882940292
0.999950528 -0.008895222 -0.004446417 0.458763957 0.008949044 0.999885142 0.012235122 -0.969924212 0.004337072 -0.012274308 0.999915302 28.437704086
0.999956310 -0.008227868 -0.004426026 0.469026208 0.008283323 0.999885619 0.012660556 -0.980227172 0.004321350 -0.012696666 0.999910057 28.982164383
0.999953747 -0.008214511 -0.004996218 0.472627252 0.008279703 0.999879003 0.013170801 -1.001542449 0.004887422 -0.013211559 0.999900699 29.449769974
0.999951482 -0.008199510 -0.005457934 0.479170799 0.008270390 0.999880016 0.013093195 -1.008378983 0.005349921 -0.013137699 0.999899268 29.993036270
0.999947965 -0.008496359 -0.005639945 0.490124822 0.008570679 0.999874949 0.013286388 -1.026775360 0.005526355 -0.013334035 0.999895751 30.551414490
0.999950886 -0.007858419 -0.006051292 0.528401732 0.007940725 0.999874651 0.013699826 -1.052980661 0.005942875 -0.013747202 0.999887824 31.072088242
0.999938667 -0.008602809 -0.006963442 0.558116615 0.008703033 0.999857068 0.014492940 -1.089908600 0.006837767 -0.014552654 0.999870658 31.561168671
0.999940097 -0.008312096 -0.007113963 0.565447450 0.008416559 0.999855280 0.014782470 -1.106640458 0.006990060 -0.014841459 0.999865353 32.096397400
0.999938369 -0.008655710 -0.006945803 0.562822819 0.008750017 0.999868333 0.013664044 -1.088015914 0.006826617 -0.013723978 0.999882460 32.639438629
0.999954045 -0.007321266 -0.006184921 0.530965924 0.007409095 0.999870300 0.014299033 -1.119425654 0.006079431 -0.014344201 0.999878585 33.127899170
0.999943078 -0.008257085 -0.006745857 0.547558963 0.008353204 0.999862194 0.014346861 -1.117864132 0.006626464 -0.014402396 0.999874294 33.738761902
0.999942720 -0.007920807 -0.007203274 0.569488227 0.008023308 0.999865353 0.014313958 -1.108078361 0.007088927 -0.014370929 0.999871612 34.428390503
0.999945581 -0.007825084 -0.006901994 0.532384038 0.007935107 0.999839544 0.016060039 -1.201295853 0.006775215 -0.016113935 0.999847174 34.750850677
0.999939620 -0.008293397 -0.007221078 0.540375233 0.008407569 0.999837816 0.015927019 -1.201980114 0.007087818 -0.015986769 0.999847054 35.302940369
0.999943018 -0.007965299 -0.007112423 0.541712105 0.008081038 0.999832928 0.016394831 -1.220497608 0.006980645 -0.016451374 0.999840319 35.829898834
0.999951780 -0.007315912 -0.006568368 0.538626194 0.007423150 0.999837041 0.016453022 -1.224277973 0.006446929 -0.016500987 0.999843061 36.386508942
0.999957204 -0.006419836 -0.006667649 0.561621010 0.006529973 0.999840438 0.016629664 -1.239930511 0.006559825 -0.016672492 0.999839485 36.890571594
0.999945819 -0.007814531 -0.006874444 0.568415165 0.007924679 0.999838233 0.016143974 -1.234563470 0.006747175 -0.016197579 0.999846041 37.506599426
0.999947786 -0.007306971 -0.007147870 0.589340270 0.007436690 0.999805033 0.018292652 -1.319746494 0.007012812 -0.018344853 0.999807119 38.150066376
0.999932230 -0.008680082 -0.007761694 0.555811226 0.008818350 0.999799788 0.017961068 -1.308105946 0.007604234 -0.018028297 0.999808490 38.555145264
0.999923468 -0.009065717 -0.008427875 0.577094316 0.009219935 0.999787390 0.018443542 -1.333216190 0.008258880 -0.018519832 0.999794304 39.109611511
0.999931037 -0.008343634 -0.008267988 0.584850490 0.008495362 0.999792933 0.018489385 -1.342122674 0.008112007 -0.018558348 0.999794841 39.666587830
0.999927819 -0.008675250 -0.008316733 0.610330284 0.008830146 0.999784827 0.018772744 -1.363366365 0.008152084 -0.018844828 0.999789178 40.229972839
0.999914646 -0.009893221 -0.008546082 0.612453938 0.010056718 0.999763072 0.019304987 -1.392060280 0.008353069 -0.019389281 0.999777079 40.776836395
0.999932706 -0.008522106 -0.007864644 0.622788608 0.008667533 0.999788523 0.018646354 -1.369069815 0.007704076 -0.018713268 0.999795139 41.353744507
0.999941945 -0.007778199 -0.007453284 0.626996517 0.007913308 0.999801755 0.018272826 -1.375491619 0.007309677 -0.018330745 0.999805272 41.908866882
0.999917924 -0.010102184 -0.007882264 0.587128878 0.010256883 0.999750495 0.019838948 -1.387394786 0.007679881 -0.019918166 0.999772072 42.293342590
0.999902129 -0.011065241 -0.008560037 0.601893902 0.011235476 0.999734759 0.020101378 -1.391873837 0.008335341 -0.020195587 0.999761283 42.854526520
0.999911487 -0.010333689 -0.008380739 0.611121237 0.010494975 0.999755979 0.019434800 -1.387043476 0.008177860 -0.019521037 0.999776006 43.402114868
0.999920130 -0.009555452 -0.008260805 0.626970053 0.009718788 0.999753416 0.019963769 -1.386930823 0.008068005 -0.020042462 0.999766529 43.940681458
0.999916673 -0.009421324 -0.008828777 0.670575738 0.009586952 0.999775171 0.018909391 -1.345926523 0.008648641 -0.018992459 0.999782205 44.549987793
0.999915361 -0.009842424 -0.008510115 0.604205132 0.010003970 0.999766469 0.019153573 -1.415106297 0.008319610 -0.019237081 0.999780357 45.008193970
0.999906003 -0.010525055 -0.008784782 0.611452103 0.010696749 0.999748051 0.019731987 -1.423328757 0.008574890 -0.019824095 0.999766707 45.536148071
0.999907792 -0.010414035 -0.008722266 0.632110238 0.010584331 0.999749720 0.019711250 -1.422136545 0.008514808 -0.019801753 0.999767661 46.088329315
0.999907911 -0.010197327 -0.008955344 0.655033827 0.010372568 0.999751270 0.019745130 -1.421092987 0.008751767 -0.019836204 0.999764919 46.629100800
0.999900222 -0.010504395 -0.009448696 0.671429634 0.010678778 0.999770045 0.018598860 -1.419807673 0.009251151 -0.018697903 0.999782324 47.235363007
0.999920905 -0.009047191 -0.008739362 0.701769531 0.009215319 0.999769449 0.019393437 -1.428631186 0.008561890 -0.019472437 0.999773681 47.816707611
0.999918103 -0.009676854 -0.008376391 0.638439775 0.009842532 0.999752104 0.019969093 -1.460936308 0.008181076 -0.020049902 0.999765456 48.178665161
0.999912739 -0.009779554 -0.008889928 0.655982494 0.009954086 0.999754190 0.019804921 -1.463269711 0.008694059 -0.019891681 0.999764383 48.725822449
0.999902725 -0.010395638 -0.009300132 0.684654951 0.010570952 0.999763489 0.019004550 -1.456739783 0.009100368 -0.019101012 0.999776125 49.292922974
0.999894798 -0.011003828 -0.009455384 0.685397565 0.011183325 0.999754131 0.019145293 -1.465589046 0.009242387 -0.019249020 0.999772012 49.856945038
0.999910593 -0.010098276 -0.008772189 0.671634197 0.010272225 0.999746859 0.020016221 -1.473869920 0.008567838 -0.020104541 0.999761224 50.402275085
0.999915361 -0.009587974 -0.008792810 0.675504625 0.009757233 0.999763906 0.019412993 -1.475991845 0.008604603 -0.019497141 0.999772906 50.971618652
0.999914527 -0.009764334 -0.008692138 0.636257648 0.009938633 0.999745727 0.020240465 -1.515612006 0.008492292 -0.020325122 0.999757469 51.387523651
0.999920309 -0.009283474 -0.008545550 0.644506693 0.009451503 0.999758542 0.019837005 -1.517807364 0.008359330 -0.019916194 0.999766767 51.937030792
0.999909222 -0.010052092 -0.008966639 0.673620462 0.010227633 0.999752581 0.019750830 -1.507630944 0.008765881 -0.019840743 0.999764740 52.486351013
0.999914110 -0.010186297 -0.008240742 0.631301045 0.010355582 0.999730706 0.020767713 -1.544996023 0.008026976 -0.020851264 0.999750435 53.016220093
0.999914825 -0.009900780 -0.008503485 0.638172269 0.010077905 0.999727666 0.021045832 -1.561993003 0.008292797 -0.021129733 0.999742389 53.574157715
0.999919415 -0.009215849 -0.008727488 0.634359539 0.009398011 0.999733865 0.021066329 -1.547235847 0.008531019 -0.021146651 0.999740005 53.910541534
0.999924183 -0.008816002 -0.008597370 0.635354638 0.008995922 0.999736488 0.021118028 -1.557294965 0.008408930 -0.021193771 0.999740064 54.468421936
0.999926805 -0.009075894 -0.008001496 0.601028442 0.009245526 0.999727786 0.021424284 -1.572176814 0.007804871 -0.021496695 0.999738514 54.962417603
0.999929249 -0.008939336 -0.007851322 0.645985842 0.009098240 0.999749601 0.020442253 -1.551429749 0.007666618 -0.020512240 0.999760211 55.526149750
0.999942660 -0.007952347 -0.007179829 0.651642799 0.008105324 0.999735296 0.021534763 -1.589448214 0.007006676 -0.021591723 0.999742329 56.143802643
0.999934137 -0.008084122 -0.008147932 0.656046033 0.008265426 0.999713361 0.022469146 -1.593047619 0.007963954 -0.022535013 0.999714315 56.436210632
0.999937475 -0.007415861 -0.008369020 0.671667695 0.007598696 0.999728441 0.022030393 -1.593866706 0.008203373 -0.022092609 0.999722242 57.022846222
0.999942183 -0.007551079 -0.007652843 0.674297810 0.007717407 0.999729514 0.021942951 -1.597219825 0.007485080 -0.022000741 0.999729931 57.559146881
0.999940038 -0.007496187 -0.007983584 0.678556323 0.007671978 0.999723673 0.022221044 -1.600870252 0.007814805 -0.022280963 0.999721229 58.131103516
0.999940395 -0.007734051 -0.007703836 0.670446396 0.007905628 0.999715745 0.022495938 -1.608924747 0.007527663 -0.022555504 0.999717295 58.570922852
0.999941647 -0.007930716 -0.007331579 0.673473358 0.008090788 0.999723792 0.022067638 -1.607713461 0.007154542 -0.022125669 0.999729633 59.100296021
0.999935627 -0.008350148 -0.007681146 0.678788424 0.008519181 0.999716282 0.022243286 -1.618947744 0.007493231 -0.022307290 0.999723077 59.518280029
0.999935806 -0.008311822 -0.007700783 0.693181276 0.008477732 0.999727130 0.021768430 -1.622305989 0.007517744 -0.021832317 0.999733388 60.077957153
0.999930382 -0.008411136 -0.008270096 0.755324006 0.008595908 0.999708414 0.022566404 -1.649960876 0.008077875 -0.022635920 0.999711096 60.564777374
0.999939799 -0.008208981 -0.007275453 0.693319201 0.008368510 0.999719083 0.022174954 -1.630843520 0.007091375 -0.022234503 0.999727666 61.153900146
0.999935031 -0.008566230 -0.007514320 0.692719817 0.008727440 0.999726653 0.021689953 -1.622378111 0.007326464 -0.021754127 0.999736488 61.709640503
0.999932170 -0.008479666 -0.007980782 0.700961411 0.008659030 0.999704480 0.022715282 -1.644357204 0.007785803 -0.022782847 0.999710143 62.117557526
0.999934256 -0.008414889 -0.007784471 0.707513452 0.008586261 0.999715567 0.022249674 -1.644853473 0.007595028 -0.022315055 0.999722183 62.671356201
0.999936402 -0.008383607 -0.007539850 0.709070385 0.008549966 0.999714553 0.022309229 -1.657074809 0.007350663 -0.022372274 0.999722719 63.242580414
0.999939859 -0.008059448 -0.007436958 0.706950188 0.008225714 0.999710679 0.022603750 -1.666916490 0.007252632 -0.022663563 0.999716878 63.748420715
0.999933660 -0.008131914 -0.008160711 0.733956397 0.008312675 0.999715269 0.022366347 -1.662346840 0.007976508 -0.022432702 0.999716580 64.330581665
0.999939203 -0.008098412 -0.007480041 0.681916177 0.008269658 0.999697685 0.023153765 -1.688552499 0.007290271 -0.023214219 0.999703884 64.681083679
0.999948740 -0.007547932 -0.006750073 0.676695883 0.007703115 0.999699593 0.023267251 -1.694273829 0.006572425 -0.023318058 0.999706507 65.239723206
0.999944985 -0.007982082 -0.006789322 0.694070935 0.008133298 0.999712765 0.022544561 -1.688454032 0.006607419 -0.022598548 0.999722779 65.773788452
0.999949992 -0.007731153 -0.006325379 0.696867943 0.007874059 0.999706984 0.022888405 -1.687400579 0.006146572 -0.022937074 0.999718010 66.313606262
0.999946356 -0.007532926 -0.007101424 0.722449720 0.007687860 0.999727368 0.022048321 -1.672988296 0.006933399 -0.022101736 0.999731719 66.857902527
0.999941349 -0.007937861 -0.007359828 0.703453064 0.008108173 0.999693096 0.023407156 -1.721090198 0.007171766 -0.023465455 0.999698937 67.278366089
0.999946773 -0.007605547 -0.006972261 0.697062135 0.007767924 0.999692142 0.023565508 -1.730683565 0.006790883 -0.023618413 0.999698043 67.844535828
0.999956012 -0.006325939 -0.006917769 0.721105754 0.006482667 0.999717414 0.022873115 -1.738493681 0.006771122 -0.022916958 0.999714434 68.350631714
0.999941111 -0.007865959 -0.007468680 0.732980609 0.008029735 0.999722242 0.022157760 -1.715285778 0.007292314 -0.022216430 0.999726593 68.897598267
0.999940753 -0.008131476 -0.007232734 0.720666051 0.008299231 0.999689996 0.023474663 -1.732844710 0.007039607 -0.023533300 0.999698281 69.317802429
0.999934852 -0.008338493 -0.007802240 0.748555243 0.008520729 0.999684632 0.023622470 -1.745834827 0.007602805 -0.023687411 0.999690592 69.869987488
0.999938309 -0.008068083 -0.007626160 0.749417722 0.008241821 0.999700785 0.023031676 -1.736313701 0.007438056 -0.023093108 0.999705672 70.411430359
0.999931574 -0.008641308 -0.007872106 0.794341028 0.008818079 0.999703348 0.022704484 -1.747827768 0.007673572 -0.022772349 0.999711275 70.934539795
0.999962807 -0.006017626 -0.006164055 0.732236266 0.006164613 0.999690294 0.024111401 -1.783999562 0.006017053 -0.024148501 0.999690294 71.330070496
0.999970257 -0.005113543 -0.005767222 0.736369491 0.005249117 0.999704361 0.023742814 -1.780757189 0.005644108 -0.023772381 0.999701500 71.887336731
0.999966383 -0.005414603 -0.006136491 0.750340581 0.005555670 0.999715149 0.023209164 -1.780011535 0.006009074 -0.023242479 0.999711812 72.451179504
0.999957561 -0.006734961 -0.006290091 0.781508684 0.006881594 0.999698043 0.023588557 -1.792262793 0.006129325 -0.023630843 0.999701917 72.999153137
0.999951601 -0.006768668 -0.007136803 0.841255963 0.006932085 0.999708474 0.023127267 -1.811127067 0.006978183 -0.023175621 0.999707103 73.441825867
0.999939263 -0.008148314 -0.007410317 0.835913181 0.008318899 0.999694169 0.023288187 -1.794388413 0.007218292 -0.023348415 0.999701262 73.983833313
0.999954939 -0.006954465 -0.006457957 0.760828555 0.007109082 0.999680996 0.024236055 -1.795292139 0.006287347 -0.024280876 0.999685347 74.510169983
0.999950588 -0.007071502 -0.006975722 0.771096408 0.007237747 0.999683261 0.024101831 -1.793704391 0.006803076 -0.024151130 0.999685109 75.062896729
0.999940515 -0.007962216 -0.007445415 0.788140655 0.008134120 0.999694228 0.023350885 -1.790185809 0.007257212 -0.023410061 0.999699593 75.623962402
0.999948561 -0.007305550 -0.007038240 0.787023604 0.007469575 0.999694347 0.023567444 -1.797178984 0.006863916 -0.023618802 0.999697387 76.142784119
0.999935687 -0.007807033 -0.008227003 0.833937287 0.008000706 0.999685347 0.023777297 -1.816310644 0.008038782 -0.023841593 0.999683380 76.669784546
0.999963343 -0.005893550 -0.006203967 0.779698551 0.006049321 0.999659181 0.025396166 -1.829231143 0.006052181 -0.025432765 0.999658227 77.136795044
0.999964237 -0.005808712 -0.006148707 0.785997152 0.005960129 0.999672115 0.024900764 -1.827208996 0.006002050 -0.024936518 0.999671102 77.698799133
0.999955118 -0.006307686 -0.007082443 0.836721003 0.006481092 0.999673069 0.024733949 -1.831116080 0.006924114 -0.024778739 0.999669015 78.253051758
0.999977648 -0.005169757 -0.004243928 0.766432405 0.005275902 0.999663651 0.025393065 -1.823816538 0.004111224 -0.025414890 0.999668479 78.767425537
0.999983251 -0.004970145 -0.002962615 0.775185704 0.005042734 0.999674320 0.025018916 -1.825941443 0.002837304 -0.025033437 0.999682605 79.335830688
0.999979138 -0.006009341 -0.002374648 0.786442161 0.006065922 0.999679327 0.024584848 -1.823717237 0.002226148 -0.024598738 0.999694943 79.892539978
0.999982834 -0.005754502 -0.001069376 0.795381784 0.005780167 0.999650717 0.025788089 -1.838505983 0.000920604 -0.025793828 0.999666870 80.368980408
0.999985456 -0.004952654 0.002108147 0.809942722 0.004897581 0.999666035 0.025373474 -1.844790936 -0.002233109 -0.025362778 0.999675810 80.916984558
0.999973297 -0.005196826 0.005130178 0.839643717 0.005064334 0.999661744 0.025509644 -1.843975544 -0.005261011 -0.025482982 0.999661386 81.510276794
0.999946594 -0.005605956 0.008678507 0.838249743 0.005380087 0.999651670 0.025834432 -1.835055590 -0.008820312 -0.025786359 0.999628484 81.996871948
0.999908447 -0.005257762 0.012467043 0.880516827 0.004940537 0.999666572 0.025340749 -1.830225468 -0.012596124 -0.025276836 0.999601066 82.549148560
0.999814272 -0.005629809 0.018433750 0.890429258 0.005156745 0.999658644 0.025610635 -1.831313133 -0.018571641 -0.025510821 0.999502003 83.110839844
0.999690533 -0.005172549 0.024334501 0.950686574 0.004549538 0.999662220 0.025588021 -1.836561203 -0.024458636 -0.025469391 0.999376297 83.609664917
0.999531090 -0.005592062 0.030105077 0.929274082 0.004808316 0.999649227 0.026043409 -1.846859694 -0.030240154 -0.025886443 0.999207377 84.165664673
0.999230444 -0.004874426 0.038921513 0.970717669 0.003832823 0.999633729 0.026791552 -1.853570938 -0.039037846 -0.026621751 0.998883009 84.719085693
0.998874545 -0.004966593 0.047168922 1.017023325 0.003708794 0.999636114 0.026716014 -1.859152555 -0.047284443 -0.026511008 0.998529613 85.240509033
0.998553216 -0.006443318 0.053385325 1.083192825 0.005047565 0.999642849 0.026238568 -1.834349871 -0.053535327 -0.025931140 0.998229146 85.792602539
0.998048067 -0.006553467 0.062105380 1.129154682 0.004961098 0.999655783 0.025759403 -1.855282784 -0.062252812 -0.025401013 0.997737110 86.404373169
0.997386098 -0.008346280 0.071773186 1.189408779 0.006533626 0.999654651 0.025453079 -1.839301348 -0.071960837 -0.024917608 0.997096181 86.930335999
0.996621192 -0.006212726 0.081900254 1.212366581 0.004084677 0.999650300 0.026125446 -1.869340658 -0.082033925 -0.025702637 0.996298075 87.585655212
0.995928407 -0.006174835 0.089935891 1.284197330 0.003831596 0.999649286 0.026203943 -1.878302097 -0.090066165 -0.025752654 0.995602787 88.121307373
0.994909108 -0.006287409 0.100580223 1.357071877 0.003688850 0.999655128 0.026000829 -1.867913008 -0.100709006 -0.025497437 0.994589150 88.675971985
0.993819296 -0.006613119 0.110812537 1.466193199 0.003683874 0.999638915 0.026618162 -1.898210287 -0.110948525 -0.026045423 0.993484795 89.161811829
0.992792606 -0.006823599 0.119650438 1.540111542 0.003615854 0.999628782 0.027005941 -1.888712645 -0.119790271 -0.026378663 0.992448747 89.662857056
0.991301000 -0.005866758 0.131483510 1.581904411 0.002444643 0.999654412 0.026173284 -1.839997768 -0.131591618 -0.025624173 0.990972757 90.364456177
0.989596605 -0.006402476 0.143727452 1.683797836 0.002721315 0.999663591 0.025794093 -1.838701487 -0.143844247 -0.025134619 0.989281058 90.906585693
0.987987936 -0.006781591 0.154382572 1.794748306 0.002896378 0.999673784 0.025377169 -1.837103367 -0.154504299 -0.024625186 0.987685144 91.451629639
0.986436963 -0.006591333 0.164008319 1.904037476 0.002392035 0.999664605 0.025788518 -1.841656923 -0.164123282 -0.025046436 0.986121774 91.989265442
0.984442770 -0.007804864 0.175532445 2.034017563 0.003268265 0.999653518 0.026119044 -1.851147413 -0.175675452 -0.025139019 0.984127045 92.515472412
0.982038140 -0.007967354 0.188514262 2.133423805 0.003100186 0.999654591 0.026099352 -1.841078758 -0.188657075 -0.025046134 0.981723547 93.072288513
0.979855657 -0.007226403 0.199576095 2.264614105 0.002019559 0.999652684 0.026280781 -1.831648350 -0.199696660 -0.025348321 0.979529858 93.671913147
0.977044702 -0.006619059 0.212931409 2.400739670 0.000894550 0.999635935 0.026969407 -1.836964369 -0.213032410 -0.026159840 0.976694882 94.238990784
0.974066615 -0.008104666 0.226115867 2.551645279 0.002077507 0.999636471 0.026880413 -1.833530188 -0.226251572 -0.025713559 0.973729491 94.752838135
0.971399903 -0.008622473 0.237292916 2.732738495 0.002168777 0.999621034 0.027444797 -1.863052368 -0.237439588 -0.026145240 0.971050441 95.221267700
0.968380392 -0.007400899 0.249367908 2.945531845 0.000626637 0.999628901 0.027234174 -1.852039337 -0.249476939 -0.026216781 0.968025804 95.935226440
0.964268863 -0.007098610 0.264830381 3.042583466 0.000086073 0.999649405 0.026481556 -1.805857658 -0.264925480 -0.025512544 0.963931322 96.516441345
0.960661709 -0.007158651 0.277629226 3.216791153 -0.000137092 0.999655366 0.026250411 -1.806878805 -0.277721465 -0.025255824 0.960329592 97.046821594
0.957532942 -0.008871702 0.288187176 3.409955978 0.001306219 0.999649704 0.026433676 -1.813971281 -0.288320720 -0.024934681 0.957209289 97.555862427
0.953075528 -0.008005903 0.302626699 3.590337753 -0.000043794 0.999646604 0.026583290 -1.813033342 -0.302732587 -0.025349136 0.952738404 98.129356384
0.948586643 -0.008628899 0.316399723 3.835676193 0.000167513 0.999641836 0.026760167 -1.814818144 -0.316517293 -0.025331335 0.948248506 98.669540405
0.944551229 -0.008313157 0.328258753 3.989637375 -0.000437395 0.999646723 0.026574651 -1.807409763 -0.328363687 -0.025244702 0.944213986 99.150131226
0.940228045 -0.008540154 0.340438187 4.260295868 -0.000760772 0.999630332 0.027177610 -1.838945866 -0.340544432 -0.025812153 0.939874053 99.836502075
0.934986293 -0.008542558 0.354580641 4.483333588 -0.001258770 0.999623716 0.027402163 -1.837698460 -0.354681253 -0.026066987 0.934623837 100.362174988
0.930351794 -0.009516574 0.366544783 4.717653275 -0.000651143 0.999618649 0.027605733 -1.841296434 -0.366667718 -0.025921714 0.929990888 100.872932434
0.925441146 -0.008763706 0.378789961 4.949226379 -0.001751486 0.999622881 0.027406478 -1.846187830 -0.378887296 -0.026026532 0.925076723 101.399978638
0.920017660 -0.010368434 0.391739488 5.202774048 -0.000567425 0.999613702 0.027790075 -1.863505840 -0.391876221 -0.025789645 0.919656515 101.829498291
0.914540887 -0.012526784 0.404299378 5.431339264 0.001051023 0.999590576 0.028593786 -1.885055542 -0.404492050 -0.025725260 0.914179623 102.300964355
0.908694565 -0.008765560 0.417369634 5.689182281 -0.002898975 0.999622941 0.027305625 -1.811806440 -0.417451590 -0.026022414 0.908326507 103.000984192
0.903297544 -0.008946284 0.428921551 5.955245972 -0.002811765 0.999637604 0.026771564 -1.810430765 -0.429005563 -0.025388714 0.902944982 103.483428955
0.896409631 -0.008501596 0.443145037 6.207324982 -0.004032759 0.999618232 0.027334969 -1.818158627 -0.443208188 -0.026290426 0.896033108 103.994499207
0.890629768 -0.009645149 0.454626948 6.476470947 -0.003180118 0.999618471 0.027437389 -1.824234724 -0.454718083 -0.025882320 0.890259326 104.448440552
0.884842873 -0.009876091 0.465784967 6.768135071 -0.003127612 0.999626815 0.027136665 -1.824166298 -0.465879112 -0.025468480 0.884481788 104.952728271
0.877556205 -0.009815090 0.479373306 7.114334106 -0.002991650 0.999658823 0.025944468 -1.791305065 -0.479464382 -0.024201846 0.877227604 105.553817749
0.870214045 -0.010572459 0.492560357 7.355335236 -0.003086092 0.999633133 0.026908660 -1.814504623 -0.492664158 -0.024936380 0.869862199 105.937904358
0.863793612 -0.010015267 0.503746271 7.686870575 -0.003671342 0.999650776 0.026170027 -1.780041933 -0.503832400 -0.024454927 0.863455176 106.597427368
0.856500387 -0.008606634 0.516074717 7.998023987 -0.005382251 0.999657631 0.025604028 -1.778209209 -0.516118288 -0.024707505 0.856160820 107.063957214
