1.000000000 0.000000000 0.000000000 0.000000000 0.000000000 1.000000000 0.000000000 0.000000000 0.000000000 0.000000000 1.000000000 0.000000000
1.000000000 0.000030780 0.000015962 -0.001253747 -0.000030781 1.000000000 0.000059385 -0.000107367 -0.000015960 -0.000059385 1.000000000 -0.002801363
1.000000000 0.000097879 0.000046575 -0.001539450 -0.000097879 1.000000000 -0.000005440 -0.000508105 -0.000046576 0.000005436 1.000000000 -0.002171868
1.000000000 -0.000019994 -0.000018112 0.001434857 0.000019995 1.000000000 0.000044570 -0.000289837 0.000018111 -0.000044570 1.000000000 -0.003530502
1.000000000 -0.000094659 -0.000026606 0.001475348 0.000094661 1.000000000 0.000055600 -0.000330235 0.000026601 -0.000055603 1.000000000 -0.001893301
1.000000000 -0.000001971 0.000032198 -0.000709022 0.000001970 1.000000000 0.000029916 -0.000178873 -0.000032198 -0.000029916 1.000000000 -0.001067854
1.000000000 -0.000019739 0.000017709 0.000995602 0.000019736 1.000000000 0.000145711 -0.000883652 -0.000017712 -0.000145710 1.000000000 -0.002940611
1.000000000 -0.000065524 0.000018629 -0.000345771 0.000065522 1.000000000 0.000088749 -0.000246998 -0.000018635 -0.000088747 1.000000000 0.002118147
1.000000000 -0.000040939 -0.000008192 0.000640976 0.000040939 1.000000000 0.000069772 -0.000750071 0.000008189 -0.000069772 1.000000000 -0.004618212
1.000000000 -0.000104866 -0.000017058 0.001865770 0.000104867 1.000000000 0.000093668 -0.000859175 0.000017048 -0.000093669 1.000000000 -0.004817273
1.000000000 -0.000008829 -0.000009531 0.000113288 0.000008830 1.000000000 0.000041202 -0.000432669 0.000009531 -0.000041202 1.000000000 -0.001855995
1.000000000 -0.000086708 -0.000029799 0.000261517 0.000086710 1.000000000 0.000087886 -0.001618874 0.000029792 -0.000087888 1.000000000 -0.006695083
1.000000000 -0.000044033 0.000094798 -0.000439147 0.000044023 1.000000000 0.000103497 -0.000735879 -0.000094803 -0.000103493 1.000000000 -0.002428499
1.000000000 -0.000058138 0.000063215 0.000150267 0.000058133 1.000000000 0.000086418 -0.000727564 -0.000063220 -0.000086414 1.000000000 -0.004476636
1.000000000 -0.000107806 0.000057359 -0.000052121 0.000107801 1.000000000 0.000091243 -0.000479439 -0.000057369 -0.000091237 1.000000000 -0.003256608
1.000000000 -0.000055202 0.000031736 -0.000398845 0.000055199 1.000000000 0.000100813 -0.000017413 -0.000031742 -0.000100811 1.000000000 -0.003855565
1.000000000 -0.000160513 -0.000015610 0.000023337 0.000160514 1.000000000 0.000044535 -0.000510104 0.000015603 -0.000044537 1.000000000 -0.004991286
1.000000000 0.000031495 -0.000025222 0.002284255 -0.000031491 1.000000000 0.000153534 -0.002739738 0.000025227 -0.000153533 1.000000000 -0.009091906
0.999999940 -0.000306663 -0.000077945 0.003223418 0.000306677 0.999999940 0.000180119 -0.003631374 0.000077890 -0.000180143 1.000000000 -0.009673735
1.000000000 -0.000154806 -0.000042447 0.001315586 0.000154812 1.000000000 0.000133290 -0.002870381 0.000042426 -0.000133297 1.000000000 -0.006637142
1.000000000 -0.000128700 -0.000043660 0.002970500 0.000128708 1.000000000 0.000188275 -0.004253103 0.000043635 -0.000188280 1.000000000 -0.007464864
1.000000000 -0.000062498 0.000079981 -0.000703400 0.000062488 1.000000000 0.000117991 -0.000687872 -0.000079989 -0.000117986 1.000000000 -0.002856378
1.000000000 -0.000097390 -0.000072921 0.003718771 0.000097406 0.999999940 0.000224260 -0.002353955 0.000072899 -0.000224268 1.000000000 -0.011597702
1.000000000 -0.000236859 -0.000009619 0.000050588 0.000236861 0.999999940 0.000248155 -0.003222021 0.000009560 -0.000248158 0.999999940 -0.006006692
1.000000000 -0.000042130 -0.000023505 0.001137989 0.000042134 1.000000000 0.000151774 -0.000985088 0.000023499 -0.000151775 1.000000000 -0.007439761
0.999999940 -0.000303781 -0.000087444 0.003137989 0.000303807 0.999999881 0.000299696 -0.002607858 0.000087353 -0.000299722 0.999999940 -0.010190067
1.000000000 -0.000134639 -0.000040275 0.001656080 0.000134645 1.000000000 0.000147834 -0.003214779 0.000040255 -0.000147840 1.000000000 -0.005888321
1.000000000 -0.000143967 -0.000004535 0.000506827 0.000143968 1.000000000 0.000156183 -0.000607126 0.000004512 -0.000156184 1.000000000 -0.002324224
0.999999940 -0.000274700 -0.000048976 -0.000690223 0.000274709 0.999999940 0.000178119 -0.000141794 0.000048927 -0.000178132 1.000000000 -0.005368967
1.000000000 -0.000207956 -0.000029032 -0.000607553 0.000207961 0.999999940 0.000167422 -0.000722048 0.000028997 -0.000167428 1.000000000 -0.002277484
1.000000000 -0.000138744 0.000043275 -0.001724263 0.000138738 1.000000000 0.000136646 -0.000447879 -0.000043294 -0.000136640 1.000000000 -0.001102127
1.000000000 -0.000099525 -0.000014803 -0.001425349 0.000099527 1.000000000 0.000139359 -0.001886588 0.000014789 -0.000139360 1.000000000 -0.005230098
0.999999940 -0.000259802 -0.000026811 0.000181994 0.000259808 0.999999940 0.000214967 -0.002899812 0.000026755 -0.000214973 1.000000000 -0.006296206
1.000000000 0.000047470 0.000037574 -0.000932759 -0.000047474 1.000000000 0.000113255 -0.000053228 -0.000037569 -0.000113257 1.000000000 -0.001775309
1.000000000 -0.000139855 -0.000004144 -0.000148385 0.000139855 1.000000000 0.000097897 -0.000736216 0.000004130 -0.000097898 1.000000000 -0.002565464
1.000000000 -0.000223549 -0.000045821 -0.000779067 0.000223554 1.000000000 0.000097896 -0.001593462 0.000045799 -0.000097906 1.000000000 -0.005899005
1.000000000 -0.000205709 0.000012297 0.001503089 0.000205707 1.000000000 0.000117303 -0.001444327 -0.000012321 -0.000117301 1.000000000 -0.008964955
0.999999940 -0.000262312 -0.000057355 0.000718133 0.000262320 0.999999940 0.000131675 -0.000685162 0.000057321 -0.000131690 1.000000000 -0.006702275
1.000000000 -0.000137641 -0.000034798 -0.000071386 0.000137648 0.999999940 0.000206733 -0.000650869 0.000034769 -0.000206738 1.000000000 -0.006442622
0.999999940 -0.000254607 -0.000106153 0.002801376 0.000254632 0.999999940 0.000231455 -0.004229279 0.000106094 -0.000231482 0.999999940 -0.007324879
1.000000000 -0.000184364 -0.000099032 0.006280556 0.000184322 0.999999881 -0.000423145 -0.007968859 0.000099110 0.000423126 0.999999881 0.043150179
0.999999940 -0.000280425 -0.000097050 0.007294402 0.000280322 0.999999404 -0.001056710 -0.006529080 0.000097346 0.001056683 0.999999464 0.140877053
1.000000000 -0.000235726 -0.000014714 0.004313016 0.000235706 0.999999046 -0.001339723 -0.012735405 0.000015030 0.001339720 0.999999106 0.258718044
0.999999940 -0.000291742 0.000107648 0.004854737 0.000291861 0.999999344 -0.001112321 -0.019576395 -0.000107323 0.001112352 0.999999404 0.388831437
1.000000000 0.000172748 -0.000048027 0.012143544 -0.000172794 0.999999523 -0.000954041 -0.024058718 0.000047862 0.000954049 0.999999523 0.533523440
1.000000000 0.000075925 0.000081444 0.013485583 -0.000075856 0.999999642 -0.000853587 -0.029737901 -0.000081509 0.000853581 0.999999642 0.685499549
1.000000000 -0.000054454 0.000190984 0.007177631 0.000054570 0.999999821 -0.000605547 -0.035371471 -0.000190951 0.000605558 0.999999821 0.866972804
0.999999940 -0.000211884 -0.000333229 0.033003587 0.000211740 0.999999881 -0.000430047 -0.039996598 0.000333320 0.000429976 0.999999881 1.029013157
1.000000000 -0.000008677 0.000182740 0.024155771 0.000008746 0.999999940 -0.000374124 -0.042632751 -0.000182737 0.000374126 0.999999940 1.198540688
0.999999940 -0.000324720 -0.000136128 0.039452277 0.000324702 0.999999940 -0.000132683 -0.054607198 0.000136171 0.000132639 1.000000000 1.400216579
0.999999881 -0.000289830 -0.000349900 0.045790020 0.000289839 0.999999940 0.000027428 -0.062721312 0.000349892 -0.000027530 0.999999940 1.601016521
0.999999881 0.000326543 0.000410730 0.052354783 -0.000326632 0.999999940 0.000216602 -0.071339220 -0.000410659 -0.000216736 0.999999881 1.869479537
0.999999940 -0.000261840 0.000246470 0.061768193 0.000261717 0.999999821 0.000498389 -0.079420328 -0.000246601 -0.000498324 0.999999881 2.071835995
0.999999642 0.000649702 0.000380858 0.062785685 -0.000650014 0.999999464 0.000820579 -0.089321353 -0.000380324 -0.000820827 0.999999583 2.286413670
0.999999702 0.000596034 0.000481594 0.068511844 -0.000596375 0.999999583 0.000707916 -0.089929797 -0.000481172 -0.000708203 0.999999642 2.512550592
0.999999642 0.000693673 0.000336688 0.078723229 -0.000694000 0.999999285 0.000972141 -0.099180780 -0.000336014 -0.000972374 0.999999464 2.735052109
0.999999464 0.000584351 0.000792307 0.074978650 -0.000585132 0.999999344 0.000985608 -0.105087370 -0.000791731 -0.000986071 0.999999166 2.971853971
0.999999225 0.000882380 0.000884583 0.081887096 -0.000883187 0.999999225 0.000912411 -0.108692601 -0.000883777 -0.000913191 0.999999166 3.214778662
0.999998927 0.000414619 0.001388521 0.071453013 -0.000416596 0.999998927 0.001423596 -0.132405132 -0.001387929 -0.001424173 0.999998033 3.474555969
0.999999046 0.000431523 0.001297749 0.077977225 -0.000433525 0.999998748 0.001542770 -0.140222251 -0.001297082 -0.001543331 0.999997973 3.719501019
0.999998927 0.000369801 0.001372638 0.085248925 -0.000371809 0.999998868 0.001463173 -0.143653154 -0.001372095 -0.001463682 0.999997973 3.979037523
0.999999225 0.000319864 0.001148389 0.093461826 -0.000321645 0.999998748 0.001550426 -0.156726494 -0.001147891 -0.001550795 0.999998152 4.253706455
0.999998391 0.001022494 0.001447863 0.094706796 -0.001025171 0.999997735 0.001849344 -0.163201600 -0.001445968 -0.001850826 0.999997199 4.507071972
0.999999166 0.000415726 0.001153009 0.108422913 -0.000417766 0.999998331 0.001770139 -0.168892294 -0.001152271 -0.001770619 0.999997735 4.778295040
0.999998450 0.000321604 0.001693094 0.101096608 -0.000324501 0.999998450 0.001711496 -0.180995122 -0.001692541 -0.001712042 0.999997079 5.032858372
0.999998093 0.000489472 0.001872344 0.099113815 -0.000492944 0.999998212 0.001854181 -0.191824794 -0.001871433 -0.001855101 0.999996483 5.283922195
0.999998271 0.000757365 0.001691915 0.108024642 -0.000760603 0.999997914 0.001913768 -0.196667582 -0.001690462 -0.001915052 0.999996722 5.553558350
0.999998391 -0.000082601 0.001797092 0.117603458 0.000078732 0.999997675 0.002152776 -0.209502265 -0.001797266 -0.002152631 0.999996006 5.816854954
0.999999285 0.000335875 0.001226059 0.125628129 -0.000338476 0.999997675 0.002122084 -0.215536729 -0.001225344 -0.002122497 0.999997020 6.101794243
0.999999106 -0.000169686 0.001306016 0.127233416 0.000166769 0.999997437 0.002232922 -0.226761028 -0.001306392 -0.002232703 0.999996603 6.367813587
0.999998629 0.000250001 0.001549690 0.132087305 -0.000253199 0.999997795 0.002063912 -0.226511076 -0.001549171 -0.002064303 0.999996662 6.665735245
0.999998450 0.000394839 0.001778110 0.136855587 -0.000398315 0.999998152 0.001954942 -0.239733741 -0.001777335 -0.001955648 0.999996483 6.957603931
0.999998868 0.000002382 0.001464782 0.153077200 -0.000005405 0.999997914 0.002064141 -0.251989901 -0.001464774 -0.002064147 0.999996841 7.247141361
0.999998927 0.000287167 0.001455853 0.165046394 -0.000290542 0.999997318 0.002318157 -0.265189230 -0.001455184 -0.002318577 0.999996245 7.534565926
0.999998927 0.000131348 0.001479671 0.164398998 -0.000134519 0.999997795 0.002143426 -0.269816756 -0.001479386 -0.002143623 0.999996603 7.871354580
0.999998331 0.000431229 0.001727600 0.167892784 -0.000435220 0.999997258 0.002310652 -0.289546609 -0.001726599 -0.002311400 0.999995828 8.196502686
0.999997914 0.000644120 0.001914516 0.177530497 -0.000648312 0.999997437 0.002189741 -0.298990130 -0.001913100 -0.002190978 0.999995708 8.511458397
0.999998212 0.000278611 0.001818545 0.188212395 -0.000282133 0.999998152 0.001936461 -0.301355481 -0.001818002 -0.001936971 0.999996483 8.840055466
0.999997854 0.000297004 0.001989934 0.185278162 -0.000301716 0.999997199 0.002367605 -0.315244943 -0.001989224 -0.002368201 0.999995172 9.183482170
0.999998689 -0.000349794 0.001588580 0.201760113 0.000345404 0.999996245 0.002762601 -0.326670408 -0.001589540 -0.002762049 0.999994874 9.527711868
0.999998868 -0.000844292 0.001249758 0.215602636 0.000841112 0.999996424 0.002542549 -0.334925979 -0.001251900 -0.002541495 0.999995947 9.865194321
0.999998868 -0.000363806 0.001449949 0.222128674 0.000359328 0.999995172 0.003087080 -0.350556225 -0.001451065 -0.003086555 0.999994159 10.224987984
0.999998868 -0.000479570 0.001412015 0.231607795 0.000475633 0.999996006 0.002786955 -0.357292920 -0.001413346 -0.002786281 0.999995053 10.585256577
0.999998331 0.000144023 0.001801329 0.241962239 -0.000149968 0.999994516 0.003300486 -0.371557683 -0.001800844 -0.003300751 0.999992907 10.946672440
0.999998271 0.000064356 0.001870087 0.241688490 -0.000069728 0.999995887 0.002872241 -0.381050617 -0.001869894 -0.002872367 0.999994099 11.333885193
0.999997854 0.000350478 0.002070050 0.247455999 -0.000356327 0.999996006 0.002825993 -0.389975101 -0.002069051 -0.002826724 0.999993861 11.716725349
0.999997973 -0.000407069 0.001967391 0.258419394 0.000401660 0.999996126 0.002748855 -0.397877991 -0.001968502 -0.002748060 0.999994278 12.098654747
0.999998033 -0.000596594 0.001916289 0.265959501 0.000591534 0.999996364 0.002640344 -0.406392455 -0.001917857 -0.002639204 0.999994695 12.479200363
0.999997258 -0.000677441 0.002240441 0.274287045 0.000670875 0.999995470 0.002930335 -0.423882276 -0.002242416 -0.002928824 0.999993205 12.870413780
0.999997795 -0.000616637 0.001989408 0.290250361 0.000610670 0.999995351 0.002998399 -0.424916446 -0.001991248 -0.002997177 0.999993503 13.273307800
0.999996603 -0.000609674 0.002538511 0.285993040 0.000600888 0.999993861 0.003460336 -0.459528416 -0.002540605 -0.003458799 0.999990761 13.668135643
0.999995649 0.000010283 0.002972155 0.289824486 -0.000020481 0.999994159 0.003431120 -0.471474230 -0.002972102 -0.003431165 0.999989688 14.084460258
0.999995828 0.000094807 0.002886062 0.296014637 -0.000105421 0.999993265 0.003677488 -0.478760749 -0.002885693 -0.003677777 0.999989033 14.512086868
0.999995291 -0.000982515 0.002900811 0.313083440 0.000971300 0.999992073 0.003865012 -0.504719734 -0.002904586 -0.003862175 0.999988317 14.933201790
0.999994516 -0.000439516 0.003293912 0.325346261 0.000425542 0.999991000 0.004241991 -0.522927880 -0.003295747 -0.004240566 0.999985576 15.335953712
0.999993801 -0.000728703 0.003436956 0.337609261 0.000714420 0.999991119 0.004154966 -0.530418634 -0.003439953 -0.004152485 0.999985456 15.766601562
0.999992013 -0.000207694 0.003991719 0.344952643 0.000188615 0.999988675 0.004779486 -0.556014657 -0.003992666 -0.004778695 0.999980628 16.188388824
0.999992609 -0.000526467 0.003814681 0.377308846 0.000509018 0.999989390 0.004573729 -0.575568676 -0.003817048 -0.004571753 0.999982238 16.634677887
0.999992251 -0.000769449 0.003862980 0.391722143 0.000751900 0.999989331 0.004542047 -0.585188150 -0.003866434 -0.004539107 0.999982178 17.083414078
0.999989450 -0.000555313 0.004561957 0.398486108 0.000533940 0.999988854 0.004684926 -0.600470364 -0.004564507 -0.004682442 0.999978602 17.549795151
0.999987721 -0.000047049 0.004956440 0.403285563 0.000022129 0.999987364 0.005027687 -0.616410553 -0.004956614 -0.005027515 0.999975085 17.989429474
0.999985218 -0.000116399 0.005439121 0.414432853 0.000087347 0.999985754 0.005341213 -0.629551828 -0.005439665 -0.005340660 0.999970913 18.457969666
0.999982357 0.000304622 0.005919110 0.425196230 -0.000335726 0.999986112 0.005254578 -0.637509942 -0.005917427 -0.005256473 0.999968708 18.927698135
0.999985158 -0.000029768 0.005451478 0.449439138 0.000002981 0.999987900 0.004913675 -0.658974946 -0.005451558 -0.004913584 0.999973059 19.409215927
0.999986112 -0.000043560 0.005279874 0.469932318 0.000018787 0.999988973 0.004691912 -0.666815042 -0.005280021 -0.004691747 0.999975026 19.889690399
0.999984264 0.000059245 0.005612284 0.479334056 -0.000084635 0.999989748 0.004523751 -0.674313009 -0.005611959 -0.004524155 0.999974012 20.368869781
0.999985278 -0.000447229 0.005404695 0.481554419 0.000417533 0.999984801 0.005494333 -0.703767359 -0.005407070 -0.005491995 0.999970317 20.845678329
0.999985099 -0.000568781 0.005416362 0.494863898 0.000539723 0.999985456 0.005364642 -0.716032147 -0.005419334 -0.005361638 0.999970973 21.337600708
0.999988556 -0.000373546 0.004775446 0.499150783 0.000347949 0.999985516 0.005360015 -0.717832148 -0.004777379 -0.005358292 0.999974251 21.871826172
0.999989271 -0.000070986 0.004637809 0.507444739 0.000046045 0.999985516 0.005377636 -0.739526868 -0.004638123 -0.005377365 0.999974787 22.333356857
0.999990225 0.000038834 0.004425713 0.519076347 -0.000062596 0.999985576 0.005368973 -0.750827551 -0.004425440 -0.005369197 0.999975801 22.860250473
0.999993086 -0.000291900 0.003707089 0.532228708 0.000271224 0.999984443 0.005576556 -0.765603244 -0.003708659 -0.005575512 0.999977589 23.370813370
0.999994159 0.000097493 0.003413575 0.533782959 -0.000116620 0.999984264 0.005603450 -0.784617305 -0.003412976 -0.005603815 0.999978483 23.841056824
0.999995828 0.000040681 0.002875118 0.539012671 -0.000055784 0.999986172 0.005253019 -0.797414124 -0.002874865 -0.005253158 0.999982119 24.370487213
0.999997377 0.000195081 0.002284657 0.552087247 -0.000207529 0.999985039 0.005449859 -0.809086978 -0.002283560 -0.005450319 0.999982536 24.877000809
0.999999106 -0.000406862 0.001265286 0.568945825 0.000399752 0.999984086 0.005614954 -0.817054868 -0.001267550 -0.005614442 0.999983430 25.418914795
0.999998689 0.000784380 0.001353822 0.571806908 -0.000791941 0.999984026 0.005593741 -0.834508002 -0.001349412 -0.005594806 0.999983430 25.924327850
0.999999344 0.000502115 0.001005083 0.584067583 -0.000507896 0.999983251 0.005759853 -0.846424222 -0.001002174 -0.005760360 0.999982893 26.474184036
0.999999642 0.000347047 0.000721744 0.585300207 -0.000351642 0.999979615 0.006376696 -0.864506543 -0.000719516 -0.006376948 0.999979436 27.017107010
1.000000000 0.000130348 -0.000087452 0.594991922 -0.000129795 0.999980152 0.006303613 -0.875305951 0.000088272 -0.006303602 0.999980152 27.557851791
0.999999404 0.000910577 -0.000499616 0.607119739 -0.000907456 0.999980330 0.006212104 -0.893290937 0.000505262 -0.006211647 0.999980628 28.108970642
0.999999046 0.001261541 -0.000381814 0.616424739 -0.001259115 0.999979436 0.006290227 -0.896571100 0.000389741 -0.006289741 0.999980152 28.615705490
0.999997616 0.002103441 -0.000380116 0.629573345 -0.002100945 0.999977052 0.006449340 -0.915202320 0.000393674 -0.006448527 0.999979138 29.157186508
0.999998450 0.001136979 -0.001348259 0.643287957 -0.001128311 0.999978781 0.006412529 -0.925188720 0.001355522 -0.006410999 0.999978542 29.667787552
0.999997556 0.001526642 -0.001571495 0.653587103 -0.001516555 0.999978304 0.006400047 -0.933742285 0.001581232 -0.006397648 0.999978304 30.207433701
0.999997437 0.001366421 -0.001797064 0.662657022 -0.001354953 0.999978840 0.006367149 -0.950179994 0.001805727 -0.006364699 0.999978125 30.735227585
0.999997139 0.001285497 -0.001984400 0.674769640 -0.001272320 0.999977231 0.006627373 -0.964658737 0.001992875 -0.006624829 0.999976099 31.254776001
0.999996305 0.001414785 -0.002319006 0.681218147 -0.001399709 0.999977887 0.006490234 -0.978272080 0.002328137 -0.006486964 0.999976218 31.795457840
0.999995649 0.001710838 -0.002427486 0.692303121 -0.001695337 0.999978244 0.006373514 -0.990479529 0.002438338 -0.006369371 0.999976695 32.350414276
0.999994338 0.002301540 -0.002452329 0.694443464 -0.002287337 0.999980688 0.005778731 -0.986052096 0.002465581 -0.005773088 0.999980271 32.887817383
0.999992967 0.002718460 -0.002572039 0.685899794 -0.002702681 0.999977648 0.006118561 -1.011843085 0.002588614 -0.006111567 0.999978006 33.351860046
0.999994338 0.002005048 -0.002749992 0.715221763 -0.001986313 0.999974906 0.006798846 -1.035183668 0.002763555 -0.006793344 0.999973118 33.875743866
0.999992490 0.002038899 -0.003318264 0.727179527 -0.002013663 0.999969125 0.007590909 -1.067196727 0.003333640 -0.007584170 0.999965668 34.403728485
0.999993324 0.001563779 -0.003308287 0.730997860 -0.001540113 0.999973357 0.007144119 -1.075474739 0.003319371 -0.007138976 0.999969065 34.952262878
0.999992490 0.002193166 -0.003189879 0.751218915 -0.002170320 0.999972045 0.007148142 -1.080769181 0.003205467 -0.007141165 0.999969363 35.434528351
0.999990582 0.000644374 -0.004288508 0.762225866 -0.000611627 0.999970615 0.007632966 -1.097938895 0.004293301 -0.007630270 0.999961674 35.990215302
0.999991596 0.001522317 -0.003804407 0.776799202 -0.001494806 0.999972761 0.007223515 -1.096519947 0.003815300 -0.007217767 0.999966681 36.552860260
0.999991357 0.001676159 -0.003813538 0.778234005 -0.001649583 0.999974430 0.006961348 -1.102384329 0.003825109 -0.006954997 0.999968469 37.095317841
0.999986112 -0.000318424 -0.005267973 0.832752228 0.000358523 0.999971032 0.007612570 -1.118112326 0.005265396 -0.007614352 0.999957144 37.694942474
0.999991238 0.001863635 -0.003754479 0.791188121 -0.001837125 0.999973416 0.007051959 -1.152432203 0.003767522 -0.007045000 0.999968112 38.082469940
0.999990046 0.001582285 -0.004187468 0.800441504 -0.001551831 0.999972403 0.007265968 -1.164934039 0.004198850 -0.007259397 0.999964893 38.633857727
0.999991238 0.002171026 -0.003597328 0.785911381 -0.002145858 0.999973297 0.006985627 -1.184664488 0.003612398 -0.006977846 0.999969184 39.109081268
0.999988437 0.002516857 -0.004115795 0.804903388 -0.002489752 0.999975264 0.006577470 -1.193563342 0.004132248 -0.006567147 0.999969900 39.639755249
0.999989629 0.003101131 -0.003339672 0.819516003 -0.003078846 0.999973118 0.006657459 -1.200622320 0.003360227 -0.006647108 0.999972343 40.110633850
0.999991357 0.002168657 -0.003554472 0.851190090 -0.002144790 0.999975264 0.006704847 -1.198201299 0.003568925 -0.006697165 0.999971211 40.739009857
0.999990046 0.002781357 -0.003500985 0.863360584 -0.002757133 0.999972403 0.006905305 -1.216773987 0.003520094 -0.006895584 0.999970019 41.258735657
0.999989629 0.003510332 -0.002901469 0.850859106 -0.003493100 0.999976337 0.005922917 -1.202144146 0.002922191 -0.005912721 0.999978244 41.822982788
0.999988317 0.001522743 -0.004588365 0.889498711 -0.001480865 0.999957263 0.009116717 -1.282230139 0.004602052 -0.009109817 0.999947906 42.281005859
0.999986291 0.001712833 -0.004952307 0.910056591 -0.001666361 0.999954641 0.009372939 -1.295364857 0.004968137 -0.009364558 0.999943852 42.834171295
0.999987900 0.001362735 -0.004718482 0.903008223 -0.001319789 0.999957800 0.009092838 -1.305586696 0.004730674 -0.009086501 0.999947548 43.344589233
0.999988258 0.001124679 -0.004741964 0.913019300 -0.001081697 0.999958396 0.009056955 -1.314826250 0.004751954 -0.009051718 0.999947727 43.864292145
0.999989271 0.001082836 -0.004506517 0.919686258 -0.001042916 0.999960303 0.008851430 -1.323474169 0.004515922 -0.008846635 0.999950647 44.395229340
0.999988914 0.001051591 -0.004595683 0.933999300 -0.001011729 0.999961972 0.008667472 -1.334944606 0.004604622 -0.008662725 0.999951899 44.954421997
0.999988735 0.001228531 -0.004590461 0.938610435 -0.001187237 0.999958932 0.008987422 -1.348026276 0.004601314 -0.008981870 0.999949098 45.453983307
0.999987960 0.001345682 -0.004739087 0.954468846 -0.001305081 0.999962568 0.008559886 -1.357919455 0.004750429 -0.008553596 0.999952197 46.002582550
0.999988377 0.002389398 -0.004187609 0.950146675 -0.002353137 0.999959946 0.008642823 -1.374910116 0.004208091 -0.008632868 0.999953926 46.563861847
0.999987841 0.001006203 -0.004814143 0.962618649 -0.000962561 0.999958515 0.009059009 -1.385071278 0.004823058 -0.009054266 0.999947369 47.032024384
0.999987483 0.001239580 -0.004839231 0.975419521 -0.001196779 0.999960244 0.008837501 -1.393712282 0.004849993 -0.008831599 0.999949276 47.578590393
0.999988735 0.001353016 -0.004539972 0.985403597 -0.001312534 0.999959469 0.008908078 -1.404943943 0.004551840 -0.008902020 0.999949992 48.126987457
0.999987781 0.001108808 -0.004841671 0.990617990 -0.001063447 0.999955595 0.009361389 -1.425503492 0.004851837 -0.009356128 0.999944389 48.625434875
0.999989212 0.001247275 -0.004481862 0.992542267 -0.001206935 0.999958873 0.008992271 -1.421428442 0.004492893 -0.008986766 0.999949515 49.236946106
0.999988437 0.001119785 -0.004679326 1.008688569 -0.001074884 0.999953449 0.009587123 -1.448195815 0.004689846 -0.009581981 0.999943018 49.670181274
0.999988198 0.001289703 -0.004679812 1.013584018 -0.001244658 0.999952912 0.009615605 -1.460624695 0.004691992 -0.009609666 0.999942839 50.200439453
0.999987781 0.001507587 -0.004701277 1.023623347 -0.001462303 0.999952614 0.009620992 -1.469452262 0.004715559 -0.009613998 0.999942660 50.727333069
0.999988794 0.001787828 -0.004381173 1.025461674 -0.001745026 0.999950886 0.009753973 -1.476452112 0.004398397 -0.009746216 0.999942839 51.288047791
0.999988675 0.001723980 -0.004439891 1.023132205 -0.001681328 0.999952614 0.009592403 -1.489871144 0.004456218 -0.009584829 0.999944091 51.757812500
0.999985874 0.001517050 -0.005101719 1.073944807 -0.001466641 0.999950230 0.009870023 -1.496926546 0.005116439 -0.009862401 0.999938309 52.249992371
0.999988973 0.002183271 -0.004164483 1.046665192 -0.002141198 0.999946833 0.010080876 -1.523484349 0.004186272 -0.010071848 0.999940455 52.813709259
0.999985635 0.002312348 -0.004834076 1.069862485 -0.002264695 0.999948978 0.009839934 -1.529957056 0.004856584 -0.009828844 0.999939859 53.361240387
0.999986351 0.003118380 -0.004188738 1.026912928 -0.003075641 0.999943495 0.010171399 -1.563797474 0.004220220 -0.010158376 0.999939442 53.870037079
0.999988735 0.002481232 -0.004047273 1.052263737 -0.002439584 0.999944270 0.010262986 -1.573799372 0.004072512 -0.010252995 0.999939084 54.438434601
0.999989390 0.002119308 -0.004096373 1.069564342 -0.002078650 0.999948800 0.009904153 -1.561246872 0.004117153 -0.009895533 0.999942541 54.934909821
0.999989271 0.001957217 -0.004179114 1.096148252 -0.001911403 0.999938488 0.010938670 -1.609213591 0.004200267 -0.010930566 0.999931455 55.405696869
0.999989688 0.002083325 -0.004023936 1.102841258 -0.002037894 0.999934554 0.011261714 -1.626315594 0.004047135 -0.011253398 0.999928534 55.940460205
0.999988019 0.002314305 -0.004288344 1.125153542 -0.002267491 0.999938190 0.010889684 -1.618430376 0.004313282 -0.010879832 0.999931514 56.478256226
0.999987602 0.001857078 -0.004615189 1.147715926 -0.001810155 0.999946892 0.010150507 -1.622445107 0.004633794 -0.010142027 0.999937832 57.073402405
0.999989629 0.002314065 -0.003928869 1.145864606 -0.002270014 0.999934852 0.011179850 -1.658071041 0.003954485 -0.011170815 0.999929786 57.492519379
0.999988973 0.002196153 -0.004149756 1.159792423 -0.002150261 0.999936759 0.011031158 -1.664288521 0.004173722 -0.011022112 0.999930561 58.017219543
0.999988973 0.002167594 -0.004164123 1.170470595 -0.002122088 0.999938250 0.010901842 -1.675534964 0.004187498 -0.010892887 0.999931872 58.551799774
0.999988437 0.002290656 -0.004236137 1.197031617 -0.002241167 0.999929547 0.011650654 -1.698406577 0.004262528 -0.011641024 0.999923110 59.062297821
0.999988973 0.002244299 -0.004107308 1.195988655 -0.002196918 0.999931395 0.011504002 -1.701863885 0.004132846 -0.011494854 0.999925375 59.566265106
0.999988973 0.002582427 -0.003917123 1.209636211 -0.002537264 0.999930680 0.011491033 -1.713261127 0.003946526 -0.011480969 0.999926329 60.120655060
0.999984980 0.002315436 -0.004957671 1.268015981 -0.002255709 0.999925196 0.012019327 -1.742355943 0.004985130 -0.012007965 0.999915481 60.595954895
0.999987006 0.002503065 -0.004446745 1.261567831 -0.002449078 0.999923706 0.012105028 -1.740160823 0.004476706 -0.012093979 0.999916852 61.173851013
0.999988914 0.002365208 -0.004073587 1.257171154 -0.002317942 0.999930382 0.011569087 -1.757365942 0.004100668 -0.011559517 0.999924779 61.666091919
0.999988139 0.002307490 -0.004282577 1.265040040 -0.002256879 0.999927938 0.011785569 -1.763705969 0.004309465 -0.011775764 0.999921381 62.206207275
0.999987483 0.002937496 -0.004060483 1.273283958 -0.002889493 0.999926448 0.011777713 -1.778574109 0.004094783 -0.011765833 0.999922395 62.746730804
0.999986768 0.001785006 -0.004828330 1.314515591 -0.001727907 0.999928772 0.011803991 -1.782603025 0.004849056 -0.011795494 0.999918640 63.257175446
0.999985814 0.001668051 -0.005049402 1.322809935 -0.001608774 0.999930024 0.011720751 -1.787414074 0.005068599 -0.011712465 0.999918580 63.796352386
0.999986827 0.001654885 -0.004869161 1.332045794 -0.001599716 0.999934673 0.011312387 -1.791774750 0.004887563 -0.011304448 0.999924183 64.343437195
0.999988437 0.001943052 -0.004391354 1.342486024 -0.001891968 0.999930859 0.011607199 -1.803815603 0.004413603 -0.011598756 0.999922931 64.880500793
0.999986589 0.001789726 -0.004845503 1.378202558 -0.001729814 0.999922335 0.012340527 -1.826486468 0.004867213 -0.012331979 0.999912024 65.303817749
0.999987364 0.002424208 -0.004389017 1.383824229 -0.002370208 0.999921978 0.012267275 -1.835711956 0.004418413 -0.012256718 0.999915063 65.849891663
0.999987304 0.003077146 -0.003987157 1.391458631 -0.003027189 0.999917567 0.012475635 -1.849040508 0.004025219 -0.012463407 0.999914229 66.399337769
0.999987423 0.002801447 -0.004164214 1.410764694 -0.002750291 0.999921322 0.012240040 -1.854513645 0.004198177 -0.012228434 0.999916375 66.869171143
0.999987900 0.002975741 -0.003917376 1.423384190 -0.002928943 0.999924958 0.011898373 -1.867881656 0.003952488 -0.011886758 0.999921501 67.408538818
0.999988437 0.002806891 -0.003904912 1.433856726 -0.002756138 0.999912500 0.012942514 -1.885369658 0.003940899 -0.012931603 0.999908626 67.945419312
0.999985754 0.003875497 -0.003676446 1.457095504 -0.003828457 0.999911845 0.012716996 -1.909586549 0.003725407 -0.012702739 0.999912381 68.473602295
0.999986291 0.002956017 -0.004316825 1.460688353 -0.002900191 0.999912798 0.012881696 -1.910195827 0.004354528 -0.012868999 0.999907732 68.990104675
0.999985039 0.003925932 -0.003808568 1.458441019 -0.003875837 0.999907017 0.013072551 -1.917620659 0.003859537 -0.013057594 0.999907315 69.535667419
0.999986410 0.002744918 -0.004434979 1.488667011 -0.002686210 0.999909401 0.013189842 -1.941737056 0.004470781 -0.013177751 0.999903142 70.059852600
0.999985933 0.002661957 -0.004589191 1.504841208 -0.002600955 0.999908864 0.013247774 -1.955183148 0.004624038 -0.013235650 0.999901772 70.582786560
0.999986947 0.002980943 -0.004142705 1.499584794 -0.002925919 0.999908209 0.013225324 -1.967443824 0.004181752 -0.013213029 0.999903977 71.127372742
0.999983668 0.004113050 -0.003958388 1.505088210 -0.004059676 0.999901950 0.013398837 -1.984233379 0.004013111 -0.013382551 0.999902368 71.682792664
0.999985576 0.003275243 -0.004237598 1.525983334 -0.003218243 0.999905169 0.013388616 -1.984944820 0.004281050 -0.013374788 0.999901354 72.205711365
0.999986589 0.002649963 -0.004427104 1.540531635 -0.002591408 0.999909818 0.013180220 -1.997243285 0.004461632 -0.013168573 0.999903321 72.753959656
0.999986887 0.002953371 -0.004189323 1.550823450 -0.002896769 0.999905288 0.013453186 -2.009696960 0.004228658 -0.013440874 0.999900699 73.267593384
0.999985635 0.003691140 -0.003891849 1.556476116 -0.003639098 0.999904931 0.013295424 -2.023276329 0.003940555 -0.013281072 0.999904037 73.809967041
0.999987245 0.002944642 -0.004094156 1.562786460 -0.002889647 0.999906361 0.013374119 -2.031152725 0.004133152 -0.013362118 0.999902189 74.339782715
0.999987185 0.002702851 -0.004282165 1.581835032 -0.002645011 0.999906003 0.013455761 -2.043261051 0.004318132 -0.013444263 0.999900281 74.873428345
0.999986291 0.003248970 -0.004089433 1.586189032 -0.003193459 0.999903619 0.013508316 -2.053938866 0.004132927 -0.013495071 0.999900341 75.397689819
0.999984920 0.003162122 -0.004480296 1.602115393 -0.003100891 0.999902666 0.013608505 -2.063863277 0.004522890 -0.013594407 0.999897301 75.941482544
0.999985933 0.003559020 -0.003925816 1.606022835 -0.003503914 0.999896467 0.013955520 -2.079213619 0.003975078 -0.013941566 0.999894917 76.445846558
0.999985576 0.003833774 -0.003758291 1.618377805 -0.003782201 0.999899924 0.013634865 -2.087213039 0.003810189 -0.013620453 0.999899983 77.009590149
0.999987304 0.003167643 -0.003913847 1.632503271 -0.003112306 0.999896169 0.014064876 -2.101734161 0.003957993 -0.014052516 0.999893427 77.509750366
0.999985754 0.003574922 -0.003956524 1.630013108 -0.003519065 0.999895275 0.014035759 -2.109169483 0.004006287 -0.014021636 0.999893606 78.065902710
0.999986053 0.002823230 -0.004458073 1.644624472 -0.002761486 0.999900997 0.013796113 -2.120349407 0.004496582 -0.013783610 0.999894857 78.605941772
0.999992311 0.003033932 -0.002478316 1.659383535 -0.002997943 0.999891758 0.014398367 -2.139376402 0.002521731 -0.014390826 0.999893188 79.136116028
0.999993563 0.003387794 -0.001191375 1.676317930 -0.003370722 0.999895453 0.014052069 -2.148977757 0.001238856 -0.014047959 0.999900520 79.692726135
0.999991655 0.004069728 0.000316658 1.678131104 -0.004073827 0.999890149 0.014246655 -2.160397530 -0.000258643 -0.014247827 0.999898434 80.245246887
0.999992847 0.003572553 0.001185009 1.688794494 -0.003588796 0.999895513 0.014000972 -2.166662216 -0.001134866 -0.014005126 0.999901235 80.790695190
0.999975085 0.004843730 0.005127694 1.705060601 -0.004918399 0.999880493 0.014650908 -2.197746754 -0.005056116 -0.014675761 0.999879539 81.343933105
0.999955535 0.004863966 0.008071227 1.719869137 -0.004984796 0.999874711 0.015018377 -2.216216564 -0.007997167 -0.015057945 0.999854624 81.854499817
0.999935567 0.004221883 0.010538052 1.732855797 -0.004380048 0.999877393 0.015031239 -2.243998051 -0.010473301 -0.015076428 0.999831438 82.376579285
0.999882698 0.004650248 0.014589980 1.841679573 -0.004872705 0.999871850 0.015248917 -2.244470835 -0.014517198 -0.015318220 0.999777377 82.891830444
0.999782622 0.004936136 0.020254411 1.883245945 -0.005243516 0.999871433 0.015150987 -2.252015352 -0.020177020 -0.015253896 0.999680042 83.441787720
0.999641120 0.004289560 0.026442129 1.903784871 -0.004692405 0.999873519 0.015191782 -2.265496254 -0.026373621 -0.015310409 0.999534905 83.972900391
0.999457181 0.004858010 0.032584798 1.932108402 -0.005367893 0.999864221 0.015578680 -2.271181107 -0.032504693 -0.015745135 0.999347568 84.562957764
0.999139309 0.005255287 0.041147187 1.976085782 -0.005881666 0.999868393 0.015116646 -2.254773378 -0.041062333 -0.015345648 0.999038637 85.186035156
0.998762250 0.004883640 0.049501549 2.011940479 -0.005696127 0.999851167 0.016285580 -2.322573185 -0.049414650 -0.016547384 0.998641193 85.627647400
0.998385429 0.005074015 0.056575205 2.062763453 -0.006009169 0.999847949 0.016371556 -2.329682589 -0.056483537 -0.016685093 0.998264074 86.179557800
0.997859478 0.004422797 0.065244809 2.123040199 -0.005470804 0.999858677 0.015892774 -2.331760406 -0.065165311 -0.016215699 0.997742712 86.726867676
0.997145355 0.004953797 0.075343460 2.192259789 -0.006174106 0.999853313 0.015972324 -2.349822521 -0.075253285 -0.016391909 0.997029722 87.261184692
0.996406853 0.005224383 0.084535100 2.243479729 -0.006615354 0.999847114 0.016182618 -2.361829281 -0.084437624 -0.016683703 0.996289074 87.800682068
0.995731831 0.004661735 0.092176050 2.333161354 -0.006163443 0.999852717 0.016013782 -2.381176949 -0.092087828 -0.016513554 0.995613933 88.328666687
0.994703948 0.004106960 0.102700919 2.409492016 -0.005740999 0.999861479 0.015620138 -2.379949093 -0.102622561 -0.016127013 0.994589627 88.886329651
0.993533790 0.003863213 0.113471478 2.495822906 -0.005732142 0.999853134 0.016148828 -2.393997192 -0.113392428 -0.016694840 0.993409991 89.419578552
0.992509186 0.002995364 0.122133449 2.594317436 -0.004934896 0.999866426 0.015581036 -2.406272411 -0.122070462 -0.016067037 0.992391407 89.966903687
0.991078079 0.003141101 0.133244872 2.687325478 -0.005312913 0.999858618 0.015946988 -2.416697741 -0.133175969 -0.016512632 0.990954816 90.516975403
0.989338994 0.003368441 0.145592213 2.785176277 -0.005713141 0.999860525 0.015689446 -2.423875809 -0.145519078 -0.016353967 0.989220321 91.051788330
0.987708628 0.003056378 0.156276524 2.899468422 -0.005542823 0.999864817 0.015477237 -2.437453270 -0.156208098 -0.016153213 0.987592041 91.605049133
0.986119211 0.002951910 0.166012570 3.011434555 -0.005603722 0.999863982 0.015507440 -2.444583416 -0.165944234 -0.016222477 0.986001611 92.141471863
0.984015822 0.003008354 0.178055272 3.132921219 -0.005877178 0.999861181 0.015586735 -2.457417011 -0.177983671 -0.016384056 0.983897090 92.665519714
0.981697023 0.002434115 0.190433919 3.268884659 -0.005465108 0.999866605 0.015392691 -2.470051289 -0.190371007 -0.016151700 0.981579363 93.222862244
0.979530215 0.002253472 0.201284230 3.400237083 -0.005485955 0.999864697 0.015502918 -2.478865862 -0.201222032 -0.016289808 0.979410172 93.766860962
0.976664662 0.002004115 0.214760542 3.539981842 -0.005411009 0.999868631 0.015276968 -2.488178253 -0.214701697 -0.016082548 0.976547301 94.292770386
0.973598361 0.001783473 0.228260577 3.691259384 -0.005506387 0.999862015 0.015674124 -2.493470669 -0.228201091 -0.016517192 0.973473847 94.833694458
0.970725834 0.002273255 0.240179375 3.836030960 -0.006034576 0.999870360 0.014926170 -2.500258923 -0.240114287 -0.015938599 0.970613778 95.332435608
0.967738211 0.001666308 0.251952201 4.015550613 -0.005786358 0.999861300 0.015612499 -2.513634920 -0.251891285 -0.016566692 0.967613816 95.904075623
0.964075863 0.000821607 0.265625685 4.210689545 -0.005203694 0.999861836 0.015793890 -2.542483330 -0.265576005 -0.016608739 0.963946819 96.429283142
0.960492849 0.000039983 0.278304666 4.393875122 -0.004537700 0.999869287 0.015516992 -2.552813053 -0.278267622 -0.016166819 0.960367501 96.959526062
0.957260847 -0.000167880 0.289225876 4.587858200 -0.004645856 0.999861896 0.015956920 -2.572058201 -0.289188504 -0.016618634 0.957127869 97.479087830
0.952968419 -0.000115664 0.303069592 4.782827377 -0.004803882 0.999868453 0.015486856 -2.577200413 -0.303031564 -0.016214397 0.952842534 98.009231567
0.948344409 0.000032867 0.317242533 4.982664108 -0.005307874 0.999861658 0.015763432 -2.588082790 -0.317198128 -0.016633045 0.948213398 98.542167664
0.944353700 -0.000280254 0.328931570 5.186069489 -0.005064374 0.999868691 0.015391586 -2.593817472 -0.328892708 -0.016200932 0.944228292 99.069450378
0.939958036 -0.000433137 0.341289788 5.383869171 -0.005209822 0.999864578 0.015617499 -2.599922657 -0.341250241 -0.016457856 0.939828396 99.556091309
0.934810519 -0.000546721 0.355146438 5.609039307 -0.005428380 0.999860048 0.015827702 -2.609889507 -0.355105370 -0.016723771 0.934676766 100.070602417
0.930201769 -0.001743898 0.367044508 5.832658768 -0.004432051 0.999862432 0.015982687 -2.618883133 -0.367021829 -0.016493885 0.930066109 100.559791565
0.925350428 -0.001699558 0.379109114 6.055534363 -0.004580730 0.999866843 0.015663335 -2.628588915 -0.379085243 -0.016230667 0.925219417 101.078262329
0.919550121 -0.001955200 0.392967820 6.294294357 -0.004533885 0.999868274 0.015584165 -2.632989407 -0.392946512 -0.016112093 0.919420183 101.580680847
0.914144456 -0.003177318 0.405376166 6.538883209 -0.003417538 0.999873340 0.015543682 -2.641119957 -0.405374199 -0.015594559 0.914017856 102.062980652
0.909451246 -0.004057520 0.415791005 6.794879913 -0.002676534 0.999874532 0.015611657 -2.663509846 -0.415802240 -0.015310918 0.909326196 102.540771484
0.903893352 -0.004127722 0.427738130 7.052116394 -0.003256768 0.999857962 0.016530924 -2.678902864 -0.427745610 -0.016335234 0.903751612 103.018264771
0.897056580 -0.004172223 0.441895932 7.321628571 -0.003196429 0.999868035 0.015929203 -2.688608646 -0.441904098 -0.015701890 0.896924794 103.515319824
0.891167939 -0.004581581 0.453650475 7.590332031 -0.002938309 0.999869764 0.015870174 -2.697226763 -0.453664124 -0.015475958 0.891038299 103.990524292
0.885588229 -0.005756055 0.464435488 7.867744446 -0.001932495 0.999868810 0.016076919 -2.711703777 -0.464467198 -0.015135055 0.885461032 104.440834045
0.878378928 -0.005328820 0.477935225 8.156967163 -0.002440778 0.999874771 0.015634082 -2.720593452 -0.477958769 -0.014899184 0.878255904 104.914947510
0.871348143 -0.006090742 0.490627408 8.456581116 -0.001913330 0.999873161 0.015810670 -2.733576298 -0.490661532 -0.014715330 0.871225953 105.378463745
