1.000000000 0.000000000 0.000000000 0.000000000 0.000000000 1.000000000 0.000000000 0.000000000 0.000000000 0.000000000 1.000000000 0.000000000
1.000000000 0.000110733 0.000040352 -0.001326168 -0.000110731 1.000000000 -0.000059285 0.001390443 -0.000040358 0.000059281 1.000000000 0.002936782
1.000000000 0.000115457 -0.000007267 0.000761809 -0.000115457 1.000000000 -0.000017920 0.000751617 0.000007265 0.000017921 1.000000000 0.003429625
0.999999940 0.000290510 0.000099930 -0.000565174 -0.000290507 0.999999940 -0.000037805 0.001283837 -0.000099941 0.000037776 1.000000000 -0.001650607
1.000000000 0.000154013 -0.000033454 0.002979047 -0.000154014 1.000000000 -0.000034164 0.001153290 0.000033449 0.000034169 1.000000000 -0.001381772
1.000000000 0.000049706 0.000001066 -0.000273192 -0.000049706 1.000000000 0.000002797 0.002155642 -0.000001065 -0.000002797 1.000000000 0.000969296
1.000000000 0.000040211 0.000015822 -0.000611110 -0.000040211 1.000000000 -0.000043054 0.000794230 -0.000015824 0.000043054 1.000000000 -0.001450178
1.000000000 0.000059117 0.000043466 0.000237483 -0.000059119 1.000000000 0.000053961 0.000710306 -0.000043463 -0.000053963 1.000000000 -0.000970505
1.000000000 0.000103819 0.000154255 -0.003935636 -0.000103809 1.000000000 -0.000066001 0.002190485 -0.000154262 0.000065985 1.000000000 0.003313781
1.000000000 0.000078810 0.000094506 -0.001625320 -0.000078805 1.000000000 -0.000057181 0.000532173 -0.000094511 0.000057174 1.000000000 -0.001478757
1.000000000 0.000183468 0.000098436 0.000063559 -0.000183471 1.000000000 0.000030540 0.000821044 -0.000098430 -0.000030558 1.000000000 -0.002138591
1.000000000 0.000060374 0.000032170 -0.001055688 -0.000060372 1.000000000 -0.000061828 0.001025398 -0.000032173 0.000061826 1.000000000 -0.003304360
1.000000000 0.000128694 0.000158640 -0.003709582 -0.000128696 1.000000000 0.000015612 0.001357269 -0.000158638 -0.000015632 1.000000000 -0.004164386
1.000000000 -0.000090657 0.000050648 -0.000801363 0.000090655 1.000000000 0.000024916 -0.000208073 -0.000050651 -0.000024911 1.000000000 -0.000673036
1.000000000 0.000057637 0.000063412 -0.000146033 -0.000057636 1.000000000 -0.000019129 0.000634007 -0.000063413 0.000019125 1.000000000 -0.002569589
1.000000000 -0.000056228 0.000017315 -0.000008708 0.000056228 1.000000000 0.000022380 0.000607460 -0.000017316 -0.000022379 1.000000000 -0.002850924
1.000000000 -0.000045744 0.000041274 -0.001893943 0.000045744 1.000000000 0.000004005 0.000466880 -0.000041274 -0.000004003 1.000000000 -0.002205805
1.000000000 0.000037581 0.000118817 -0.001633740 -0.000037587 1.000000000 0.000050313 -0.000899341 -0.000118815 -0.000050318 1.000000000 -0.004248967
1.000000000 0.000063483 0.000019889 0.000426708 -0.000063484 1.000000000 0.000029366 0.001146546 -0.000019887 -0.000029367 1.000000000 -0.005192885
1.000000000 -0.000098866 0.000004159 -0.000820472 0.000098866 1.000000000 0.000014832 0.000341946 -0.000004161 -0.000014832 1.000000000 -0.005852904
1.000000000 -0.000021281 0.000055027 -0.000402948 0.000021281 1.000000000 -0.000006640 0.000390983 -0.000055027 0.000006641 1.000000000 -0.006563989
1.000000000 -0.000081652 0.000010256 0.000209909 0.000081651 1.000000000 0.000051696 -0.001455220 -0.000010261 -0.000051695 1.000000000 -0.005078303
1.000000000 0.000079111 0.000118513 -0.003085377 -0.000079106 1.000000000 -0.000048030 0.001066087 -0.000118517 0.000048021 1.000000000 -0.000084424
1.000000000 -0.000000990 0.000002806 0.000942324 0.000000990 1.000000000 -0.000010926 -0.000025557 -0.000002806 0.000010926 1.000000000 -0.002268791
1.000000000 -0.000061076 0.000088673 -0.002097175 0.000061073 1.000000000 0.000033740 0.001061058 -0.000088675 -0.000033735 1.000000000 0.001124788
1.000000000 -0.000022251 -0.000021384 0.001335888 0.000022250 1.000000000 -0.000025493 0.000821102 0.000021385 0.000025493 1.000000000 -0.005946769
1.000000000 -0.000111292 0.000087336 -0.002406198 0.000111296 1.000000000 -0.000035610 0.001811222 -0.000087332 0.000035619 1.000000000 0.000019640
1.000000000 0.000144820 0.000084448 -0.001498416 -0.000144818 1.000000000 -0.000027456 0.001017665 -0.000084452 0.000027444 1.000000000 -0.004659070
1.000000000 -0.000113581 0.000050685 -0.001795202 0.000113577 1.000000000 0.000078549 -0.000086043 -0.000050694 -0.000078543 1.000000000 -0.001333462
1.000000000 -0.000114974 0.000077565 -0.004456473 0.000114981 1.000000000 -0.000088876 0.004269621 -0.000077554 0.000088885 1.000000000 0.002050039
1.000000000 -0.000113475 0.000009235 -0.001730907 0.000113475 1.000000000 -0.000000307 0.000724460 -0.000009235 0.000000308 1.000000000 0.001459546
1.000000000 -0.000013088 0.000094193 -0.003318731 0.000013085 1.000000000 0.000029506 0.001419925 -0.000094194 -0.000029505 1.000000000 0.003173528
1.000000000 -0.000145102 0.000038186 -0.002810393 0.000145101 1.000000000 0.000020670 0.000272324 -0.000038189 -0.000020664 1.000000000 -0.001148996
1.000000000 -0.000056328 0.000033346 -0.001038535 0.000056327 1.000000000 0.000036146 -0.000768473 -0.000033348 -0.000036144 1.000000000 -0.002109681
0.999999940 0.000194706 0.000168468 -0.004266615 -0.000194699 1.000000000 -0.000040320 0.001228421 -0.000168476 0.000040287 1.000000000 0.000424532
1.000000000 -0.000009178 0.000060203 -0.000890999 0.000009177 1.000000000 0.000017461 0.000396430 -0.000060203 -0.000017461 1.000000000 -0.002828244
1.000000000 -0.000017219 -0.000000288 -0.001637751 0.000017219 1.000000000 -0.000020777 0.001326991 0.000000288 0.000020777 1.000000000 -0.003728493
1.000000000 -0.000031474 0.000071899 -0.001502791 0.000031483 1.000000000 -0.000114609 0.002550551 -0.000071895 0.000114611 1.000000000 -0.002776060
1.000000000 -0.000107558 0.000027207 0.000398789 0.000107557 1.000000000 0.000017077 -0.000001425 -0.000027208 -0.000017074 1.000000000 -0.003906996
1.000000000 -0.000053817 0.000021169 0.000115659 0.000053817 1.000000000 0.000003683 0.000953385 -0.000021169 -0.000003682 1.000000000 -0.002895747
1.000000000 -0.000242320 -0.000025022 0.001077445 0.000242321 1.000000000 0.000019410 -0.000133541 0.000025018 -0.000019417 1.000000000 -0.000929406
1.000000000 0.000008457 0.000125560 0.002234723 -0.000008395 0.999999881 -0.000489257 -0.004869777 -0.000125565 0.000489256 0.999999881 0.049336597
1.000000000 -0.000014508 0.000076866 0.003274744 0.000014604 0.999999225 -0.001241466 -0.002589523 -0.000076848 0.001241467 0.999999225 0.144410953
1.000000000 -0.000088725 0.000009931 0.004869496 0.000088739 0.999998987 -0.001421857 -0.010483037 -0.000009805 0.001421858 0.999998987 0.259664595
1.000000000 -0.000021791 0.000131980 0.005057095 0.000021967 0.999999106 -0.001331040 -0.014435772 -0.000131951 0.001331043 0.999999106 0.390123695
1.000000000 0.000082560 0.000044792 0.006796074 -0.000082516 0.999999523 -0.000988871 -0.023088135 -0.000044874 0.000988867 0.999999523 0.531560242
1.000000000 0.000132001 -0.000074977 0.013579506 -0.000132068 0.999999583 -0.000893421 -0.028544903 0.000074859 0.000893431 0.999999583 0.689906895
1.000000000 0.000057467 0.000124048 0.008876735 -0.000057395 0.999999821 -0.000579487 -0.037733775 -0.000124082 0.000579480 0.999999821 0.860206544
1.000000000 0.000051567 -0.000108036 0.021905312 -0.000051626 0.999999881 -0.000538211 -0.036826491 0.000108008 0.000538216 0.999999821 1.025790811
0.999999762 0.000547596 0.000002182 0.019084547 -0.000547595 0.999999762 -0.000480345 -0.035158418 -0.000002445 0.000480344 0.999999821 1.204742432
0.999999881 0.000350129 -0.000290072 0.034393523 -0.000350221 0.999999940 -0.000318645 -0.041329470 0.000289961 0.000318747 0.999999881 1.392435431
0.999999464 0.000943152 0.000078414 0.026006518 -0.000943133 0.999999523 -0.000233526 -0.048351012 -0.000078634 0.000233452 0.999999881 1.569407463
0.999999464 0.000998823 0.000410306 0.027885750 -0.000998746 0.999999464 -0.000186334 -0.051835518 -0.000410492 0.000185924 0.999999881 1.765550733
0.999999940 0.000385853 0.000474158 0.030970277 -0.000385919 0.999999940 0.000139679 -0.066304155 -0.000474104 -0.000139862 0.999999881 1.978807330
0.999999821 0.000337640 0.000511363 0.032727543 -0.000337582 0.999999940 -0.000112169 -0.070298657 -0.000511400 0.000111996 0.999999881 2.201665878
0.999999642 0.000664501 0.000454673 0.038002413 -0.000664669 0.999999642 0.000368955 -0.074550256 -0.000454428 -0.000369258 0.999999821 2.403473854
0.999999642 0.000751198 0.000413350 0.044714972 -0.000751432 0.999999583 0.000566344 -0.083722673 -0.000412925 -0.000566654 0.999999762 2.631143093
0.999999762 0.000609611 0.000424742 0.047656868 -0.000609858 0.999999642 0.000583311 -0.087866969 -0.000424386 -0.000583570 0.999999762 2.864679098
0.999999642 0.000597573 0.000582087 0.054051749 -0.000597812 0.999999762 0.000410347 -0.097949900 -0.000581842 -0.000410694 0.999999762 3.096699715
0.999999642 0.000375425 0.000629873 0.058431476 -0.000375739 0.999999821 0.000499517 -0.108846895 -0.000629685 -0.000499754 0.999999642 3.342065811
0.999999762 0.000390176 0.000384509 0.073861517 -0.000390312 0.999999881 0.000352934 -0.114159398 -0.000384371 -0.000353084 0.999999881 3.584656000
0.999999821 0.000346247 0.000209129 0.084378019 -0.000346359 0.999999821 0.000537605 -0.123487890 -0.000208942 -0.000537678 0.999999881 3.831517458
0.999999702 0.000551942 0.000555251 0.078985460 -0.000552393 0.999999464 0.000811893 -0.131048054 -0.000554802 -0.000812199 0.999999464 4.095686913
0.999999285 0.000946037 0.000709606 0.081221268 -0.000946692 0.999999106 0.000923524 -0.134116352 -0.000708732 -0.000924196 0.999999344 4.352077961
0.999999762 0.000552352 0.000408032 0.093767866 -0.000552810 0.999999225 0.001121750 -0.150248408 -0.000407412 -0.001121975 0.999999285 4.609639645
0.999999523 0.000461051 0.000758440 0.093333974 -0.000462023 0.999999046 0.001282313 -0.158694610 -0.000757849 -0.001282663 0.999998868 4.863425255
0.999999344 0.000851329 0.000784248 0.099873975 -0.000852153 0.999999106 0.001051898 -0.164395034 -0.000783352 -0.001052566 0.999999166 5.122422695
0.999999166 0.001007147 0.000788898 0.104134664 -0.001008268 0.999998450 0.001422361 -0.180842325 -0.000787464 -0.001423155 0.999998689 5.389663696
0.999999404 0.000829004 0.000705818 0.113263592 -0.000829929 0.999998808 0.001310201 -0.187718511 -0.000704731 -0.001310786 0.999998927 5.640955448
0.999999404 0.000801907 0.000762237 0.113360554 -0.000802874 0.999998808 0.001269045 -0.194125041 -0.000761219 -0.001269656 0.999998927 5.925090790
0.999999702 0.000494794 0.000628620 0.121330209 -0.000495820 0.999998510 0.001631900 -0.208449334 -0.000627812 -0.001632211 0.999998510 6.183882713
0.999998868 0.001084911 0.001099902 0.123292133 -0.001086613 0.999998152 0.001547855 -0.209288657 -0.001098221 -0.001549048 0.999998212 6.479957104
0.999999821 0.000425889 0.000664918 0.131183818 -0.000426623 0.999999285 0.001103189 -0.216308415 -0.000664448 -0.001103472 0.999999166 6.781442165
0.999999821 0.000110017 0.000583921 0.140180856 -0.000110705 0.999999285 0.001178436 -0.224253491 -0.000583791 -0.001178500 0.999999166 7.077224731
0.999999702 0.000537792 0.000561509 0.147587642 -0.000538656 0.999998808 0.001538290 -0.237476736 -0.000560681 -0.001538592 0.999998629 7.374091148
0.999999881 0.000158871 0.000362586 0.164967403 -0.000159467 0.999998629 0.001643852 -0.254149556 -0.000362324 -0.001643910 0.999998569 7.662738323
0.999999762 0.000118064 0.000632490 0.165165707 -0.000118954 0.999998987 0.001407712 -0.257662565 -0.000632323 -0.001407787 0.999998808 8.000985146
0.999999940 0.000320270 0.000466804 0.174945951 -0.000320972 0.999998868 0.001504433 -0.270552427 -0.000466322 -0.001504583 0.999998748 8.318966866
0.999999285 0.000873814 0.000817839 0.179342806 -0.000875067 0.999998450 0.001532096 -0.277803093 -0.000816499 -0.001532811 0.999998510 8.657085419
0.999999225 0.000804185 0.000936670 0.180230483 -0.000805674 0.999998391 0.001590411 -0.284607381 -0.000935389 -0.001591165 0.999998331 8.989368439
0.999998629 0.000858231 0.001424489 0.180711299 -0.000860168 0.999998689 0.001360091 -0.288303733 -0.001423320 -0.001361315 0.999998093 9.347652435
0.999999404 0.000282204 0.001030136 0.200124651 -0.000284039 0.999998510 0.001780994 -0.308330297 -0.001029632 -0.001781286 0.999997854 9.666886330
0.999999404 0.000564734 0.000927883 0.204859942 -0.000566451 0.999998093 0.001851595 -0.320207775 -0.000926835 -0.001852119 0.999997854 10.012179375
0.999999404 0.000431370 0.001010168 0.213577688 -0.000433056 0.999998569 0.001669235 -0.330619127 -0.001009446 -0.001669672 0.999998093 10.367484093
0.999999523 0.000729190 0.000644544 0.228847340 -0.000730418 0.999997914 0.001905984 -0.344547778 -0.000643153 -0.001906454 0.999997973 10.718048096
0.999999881 0.000094143 0.000535994 0.250546664 -0.000095306 0.999997556 0.002169562 -0.359649062 -0.000535788 -0.002169612 0.999997497 11.095697403
0.999999940 -0.000124619 0.000152653 0.254996032 0.000124326 0.999998033 0.001923044 -0.369236588 -0.000152892 -0.001923025 0.999998152 11.483137131
0.999999523 0.000227668 0.000976105 0.260165513 -0.000229960 0.999997139 0.002349009 -0.378558576 -0.000975568 -0.002349232 0.999996722 11.859893799
0.999999225 0.000163824 0.001236537 0.266613990 -0.000166725 0.999997199 0.002346591 -0.390267462 -0.001236149 -0.002346796 0.999996483 12.248359680
0.999998331 0.000328315 0.001807506 0.271669656 -0.000333024 0.999996543 0.002605417 -0.406848729 -0.001806645 -0.002606015 0.999994934 12.634408951
0.999997795 0.000607591 0.002035554 0.284261227 -0.000613474 0.999995589 0.002890549 -0.408043444 -0.002033788 -0.002891791 0.999993742 13.038833618
0.999999404 -0.000147394 0.001082813 0.306697160 0.000143485 0.999993443 0.003608599 -0.460444212 -0.001083338 -0.003608441 0.999992847 13.406266212
0.999999046 0.000265140 0.001407990 0.311828941 -0.000270282 0.999993265 0.003652930 -0.471530050 -0.001407012 -0.003653307 0.999992251 13.823395729
0.999999285 0.000323513 0.001117831 0.324089557 -0.000328122 0.999991477 0.004125952 -0.486092359 -0.001116487 -0.004126316 0.999990880 14.234510422
0.999998808 -0.000001074 0.001494178 0.350010931 -0.000005155 0.999991298 0.004168788 -0.511392295 -0.001494170 -0.004168792 0.999990106 14.675508499
0.999998808 0.000589953 0.001405173 0.362864316 -0.000595675 0.999991536 0.004075047 -0.526316226 -0.001402757 -0.004075879 0.999990702 15.084444046
0.999998808 -0.000073932 0.001534253 0.369901776 0.000066983 0.999989688 0.004528353 -0.534128308 -0.001534572 -0.004528245 0.999988496 15.521226883
0.999996066 0.000548422 0.002731208 0.389529854 -0.000560300 0.999990344 0.004350207 -0.558573484 -0.002728796 -0.004351720 0.999986827 15.944417000
0.999996126 -0.000262429 0.002780247 0.404541373 0.000249944 0.999989867 0.004489928 -0.570908844 -0.002781397 -0.004489216 0.999986112 16.390611649
0.999996662 -0.000310494 0.002571720 0.416668773 0.000298428 0.999988973 0.004691003 -0.589239419 -0.002573148 -0.004690220 0.999985695 16.819000244
0.999994099 0.000614953 0.003362241 0.426936567 -0.000632081 0.999986827 0.005095616 -0.602712333 -0.003359063 -0.005097711 0.999981284 17.278501511
0.999992788 0.000341902 0.003771485 0.435455382 -0.000360925 0.999987185 0.005044002 -0.614123940 -0.003769712 -0.005045326 0.999980092 17.739322662
0.999992788 0.000335942 0.003777378 0.451415658 -0.000357245 0.999983966 0.005640469 -0.637060702 -0.003775423 -0.005641778 0.999976933 18.193019867
0.999989450 0.000757006 0.004532388 0.457465976 -0.000781740 0.999984741 0.005457930 -0.643846333 -0.004528187 -0.005461415 0.999974787 18.663135529
0.999990165 0.000542134 0.004387795 0.470140278 -0.000567555 0.999983013 0.005794485 -0.664366961 -0.004384579 -0.005796918 0.999973595 19.119958878
0.999992967 0.000301249 0.003737369 0.509079099 -0.000325064 0.999979615 0.006373279 -0.697574914 -0.003735373 -0.006374449 0.999972701 19.573553085
0.999988437 0.001028736 0.004696393 0.505295694 -0.001060969 0.999975801 0.006866194 -0.703301191 -0.004689217 -0.006871097 0.999965370 20.006322861
0.999987841 0.000673304 0.004868624 0.499108762 -0.000705194 0.999978423 0.006551517 -0.718959928 -0.004864106 -0.006554873 0.999966681 20.542751312
0.999987781 0.000950360 0.004847750 0.510215104 -0.000983072 0.999976814 0.006750044 -0.731492639 -0.004841222 -0.006754727 0.999965489 21.042282104
0.999991596 0.000586166 0.004053938 0.521231174 -0.000612519 0.999978662 0.006502283 -0.730450630 -0.004050040 -0.006504711 0.999970675 21.561103821
0.999990880 0.001251832 0.004080628 0.539914131 -0.001278495 0.999977827 0.006538060 -0.757860065 -0.004072353 -0.006543217 0.999970317 22.045032501
0.999994099 -0.000849935 0.003360080 0.559675157 0.000824086 0.999970138 0.007686919 -0.784772694 -0.003366513 -0.007684103 0.999964833 22.525535583
0.999995410 -0.000801594 0.002932395 0.564677596 0.000778741 0.999969363 0.007786294 -0.796613097 -0.002938546 -0.007783974 0.999965370 23.032110214
0.999996781 -0.001034647 0.002328128 0.575360537 0.001016886 0.999970496 0.007617007 -0.809233129 -0.002335940 -0.007614614 0.999968231 23.564462662
0.999996543 -0.001846843 0.001862173 0.585595787 0.001832900 0.999970496 0.007461694 -0.821701050 -0.001875898 -0.007458255 0.999970376 24.082752228
0.999998689 -0.000946105 0.001250357 0.597802818 0.000936745 0.999971688 0.007465459 -0.832247972 -0.001257385 -0.007464279 0.999971330 24.601835251
0.999999464 -0.000873166 0.000550106 0.610266864 0.000869115 0.999972820 0.007321514 -0.838519573 -0.000556483 -0.007321032 0.999973059 25.144779205
0.999999344 -0.001161433 -0.000001511 0.616311252 0.001161412 0.999971509 0.007459680 -0.849568129 -0.000007153 -0.007459676 0.999972165 25.672700882
0.999999762 -0.000470964 -0.000277257 0.623732746 0.000473031 0.999971747 0.007501370 -0.864650249 0.000273716 -0.007501500 0.999971807 26.215349197
0.999999225 -0.001160395 -0.000493388 0.637755454 0.001164411 0.999965549 0.008219597 -0.875341296 0.000483833 -0.008220165 0.999966085 26.769573212
0.999998093 -0.001562914 -0.001191669 0.651183248 0.001572589 0.999965370 0.008161735 -0.887633562 0.001178872 -0.008163592 0.999965966 27.304281235
0.999998689 -0.000628889 -0.001477541 0.663339078 0.000641048 0.999965847 0.008243348 -0.906261146 0.001472307 -0.008244284 0.999964952 27.839500427
0.999997735 -0.000898359 -0.001902072 0.671425223 0.000914858 0.999961793 0.008690965 -0.922431231 0.001894192 -0.008692686 0.999960423 28.383792877
0.999996603 -0.001037644 -0.002394711 0.686503947 0.001058522 0.999961257 0.008733554 -0.932873011 0.002385556 -0.008736059 0.999958932 28.919502258
0.999994695 -0.001349822 -0.002995688 0.696880937 0.001375381 0.999962509 0.008546130 -0.943772316 0.002984039 -0.008550203 0.999958932 29.457115173
0.999994993 -0.000750106 -0.003078823 0.698287129 0.000776808 0.999962032 0.008680931 -0.956149399 0.003072195 -0.008683279 0.999957561 29.983783722
0.999994397 -0.000850202 -0.003243089 0.709490120 0.000877105 0.999965131 0.008303413 -0.966661453 0.003235915 -0.008306211 0.999960244 30.526689529
0.999995172 -0.000243749 -0.003071489 0.715851426 0.000269330 0.999965250 0.008331059 -0.973093152 0.003069352 -0.008331846 0.999960601 31.060144424
0.999992251 -0.000457284 -0.003917464 0.730524302 0.000489976 0.999965012 0.008348396 -0.987857640 0.003913509 -0.008350250 0.999957502 31.592056274
0.999993026 -0.000415051 -0.003700577 0.739924550 0.000445510 0.999965966 0.008233695 -1.000533462 0.003697033 -0.008235287 0.999959230 32.137210846
0.999992430 -0.000322719 -0.003876538 0.741439223 0.000355414 0.999964476 0.008436342 -1.010403752 0.003873677 -0.008437657 0.999956846 32.645248413
0.999990106 -0.000395987 -0.004433572 0.754680574 0.000429576 0.999971211 0.007577565 -1.011371136 0.004430444 -0.007579393 0.999961495 33.224800110
0.999993384 0.000570322 -0.003600486 0.731687605 -0.000540757 0.999966204 0.008207000 -1.041585326 0.003605044 -0.008204998 0.999959826 33.682117462
0.999992192 0.000779629 -0.003881977 0.737418950 -0.000745750 0.999961674 0.008721061 -1.062456012 0.003888628 -0.008718099 0.999954402 34.227321625
0.999992788 0.000095586 -0.003816927 0.739719629 -0.000062534 0.999962509 0.008658443 -1.079010844 0.003817612 -0.008658142 0.999955237 34.773742676
0.999988914 -0.000311289 -0.004725275 0.767126262 0.000352860 0.999961138 0.008799308 -1.087766647 0.004722354 -0.008800875 0.999950111 35.265979767
0.999990463 0.000942934 -0.004268172 0.762449265 -0.000907349 0.999964952 0.008331553 -1.095346570 0.004275879 -0.008327601 0.999956191 35.866359711
0.999989033 -0.000610907 -0.004632572 0.769117177 0.000653420 0.999957621 0.009181132 -1.118518472 0.004626768 -0.009184059 0.999947131 36.340759277
0.999989092 -0.000943522 -0.004588772 0.747194588 0.000985668 0.999957204 0.009190965 -1.127000332 0.004579904 -0.009195386 0.999947250 36.831592560
0.999984264 -0.001979440 -0.005256450 0.761309266 0.002027936 0.999955237 0.009236937 -1.131043911 0.005237931 -0.009247450 0.999943554 37.371524811
0.999990046 0.000551023 -0.004420413 0.787732840 -0.000509412 0.999955654 0.009408948 -1.149872780 0.004425402 -0.009406601 0.999945939 37.899932861
0.999987662 0.000077439 -0.004979767 0.786955953 -0.000029610 0.999953985 0.009604213 -1.174772501 0.004980281 -0.009603946 0.999941468 38.467277527
0.999986231 -0.000546270 -0.005227633 0.836826503 0.000597748 0.999951363 0.009850955 -1.199027538 0.005221998 -0.009853944 0.999937773 39.085166931
0.999983609 -0.001718619 -0.005448246 0.881136298 0.001772681 0.999949098 0.009933760 -1.215228200 0.005430896 -0.009943255 0.999935746 39.543701172
0.999979258 0.000338175 -0.006440835 0.856173396 -0.000278089 0.999956489 0.009327525 -1.223681569 0.006443709 -0.009325540 0.999935687 40.294292450
0.999985754 0.001083481 -0.005223579 0.908637106 -0.001036657 0.999959290 0.008958402 -1.224260330 0.005233074 -0.008952861 0.999946237 40.569309235
0.999986351 0.000481959 -0.005194214 0.899546981 -0.000432839 0.999955356 0.009453711 -1.240576267 0.005198536 -0.009451336 0.999941766 41.100540161
0.999984086 0.000477714 -0.005614342 0.905437887 -0.000422759 0.999952018 0.009785566 -1.257730126 0.005618746 -0.009783037 0.999936342 41.606975555
0.999987245 0.001116373 -0.004929198 0.907978594 -0.001069532 0.999954343 0.009495210 -1.267155886 0.004939574 -0.009489817 0.999942780 42.130157471
0.999985278 0.000412177 -0.005412335 0.924799919 -0.000357042 0.999948084 0.010184064 -1.287363529 0.005416252 -0.010181980 0.999933422 42.676654816
0.999984503 0.000575642 -0.005523794 0.926517427 -0.000524789 0.999957502 0.009203363 -1.279827833 0.005528857 -0.009200323 0.999942303 43.194362640
0.999985754 0.000659242 -0.005290711 0.931914449 -0.000609459 0.999955595 0.009405442 -1.292749405 0.005296675 -0.009402083 0.999941707 43.714511871
0.999986291 0.001058460 -0.005122933 0.938398957 -0.001010324 0.999955416 0.009389780 -1.303012133 0.005132644 -0.009384476 0.999942780 44.255458832
0.999986112 0.001485003 -0.005059251 0.952098608 -0.001439061 0.999957800 0.009072326 -1.315451145 0.005072509 -0.009064919 0.999945998 44.789585114
0.999985456 0.001060519 -0.005288276 0.959837496 -0.001010380 0.999954581 0.009474973 -1.325948596 0.005298086 -0.009469492 0.999941111 45.308353424
0.999986351 0.001549536 -0.004983704 0.966230273 -0.001505674 0.999960124 0.008792809 -1.336061120 0.004997131 -0.008785184 0.999948919 45.840732574
0.999986053 0.001563592 -0.005057882 0.973597884 -0.001516514 0.999955535 0.009298334 -1.354857802 0.005072196 -0.009290532 0.999943972 46.405986786
0.999987304 0.001503669 -0.004797075 0.971300960 -0.001459865 0.999957263 0.009121934 -1.354458570 0.004810588 -0.009114816 0.999946833 46.880886078
0.999984086 0.002097037 -0.005248254 0.984619141 -0.002048282 0.999954879 0.009278007 -1.367319345 0.005267473 -0.009267109 0.999943137 47.467487335
0.999986112 0.001405174 -0.005083453 0.988992453 -0.001357519 0.999955237 0.009365801 -1.382132769 0.005096384 -0.009358770 0.999943137 47.931255341
0.999985635 0.001563940 -0.005128768 0.998882651 -0.001514602 0.999952674 0.009609714 -1.398365498 0.005143553 -0.009601808 0.999940693 48.455253601
0.999986708 0.002143375 -0.004691968 1.008090138 -0.002097849 0.999950826 0.009686220 -1.413124800 0.004712498 -0.009676248 0.999942064 48.986728668
0.999986529 0.001949059 -0.004803768 1.014287710 -0.001900835 0.999947965 0.010023124 -1.423986197 0.004823053 -0.010013857 0.999938250 49.509769440
0.999987364 0.002233640 -0.004502567 1.015648603 -0.002188803 0.999948204 0.009938516 -1.435742259 0.004524531 -0.009928536 0.999940395 50.032569885
0.999987602 0.002250861 -0.004431859 1.026781082 -0.002206251 0.999947131 0.010045058 -1.446372509 0.004454236 -0.010035156 0.999939740 50.542404175
0.999987423 0.002488127 -0.004342738 1.026715517 -0.002442626 0.999942422 0.010451308 -1.457673550 0.004368493 -0.010440569 0.999935925 51.076408386
0.999987602 0.002912410 -0.004027896 1.026994944 -0.002869979 0.999940753 0.010500058 -1.472318172 0.004058240 -0.010488368 0.999936759 51.584323883
0.999986291 0.003034218 -0.004264077 1.037322044 -0.002988904 0.999939382 0.010593211 -1.484107018 0.004295962 -0.010580322 0.999934793 52.133293152
0.999987423 0.002958397 -0.004032252 1.033700824 -0.002917281 0.999944091 0.010164903 -1.490290523 0.004062098 -0.010153012 0.999940157 52.605113983
0.999988854 0.003234375 -0.003442255 1.029217958 -0.003198315 0.999940455 0.010429925 -1.509509802 0.003475785 -0.010418800 0.999939740 53.210056305
0.999985516 0.004458865 -0.003010876 1.004672885 -0.004426048 0.999931693 0.010819609 -1.525277019 0.003058914 -0.010806127 0.999936879 53.632564545
0.999988854 0.003265310 -0.003394494 1.039147258 -0.003230524 0.999942720 0.010203322 -1.532607436 0.003427617 -0.010192243 0.999942183 54.113830566
0.999985695 0.004028777 -0.003493761 1.051567316 -0.003991684 0.999936283 0.010559678 -1.543315530 0.003536080 -0.010545583 0.999938130 54.749752045
0.999988139 0.003135341 -0.003715856 1.055720687 -0.003095045 0.999936879 0.010800873 -1.555660248 0.003749485 -0.010789244 0.999934733 55.213550568
0.999987483 0.003318243 -0.003735068 1.084354043 -0.003278308 0.999937952 0.010647641 -1.559322357 0.003770167 -0.010635262 0.999936402 55.715137482
0.999984324 0.004566112 -0.003231085 1.083844185 -0.004529570 0.999926686 0.011228011 -1.595955610 0.003282114 -0.011213199 0.999931753 56.009685516
0.999986172 0.002873905 -0.004409131 1.074079037 -0.002826027 0.999937356 0.010826908 -1.571080089 0.004439970 -0.010814298 0.999931633 56.791213989
0.999986053 0.004316384 -0.003050210 1.104408979 -0.004282631 0.999930441 0.010987155 -1.620165825 0.003097423 -0.010973940 0.999934912 57.007076263
0.999985874 0.004489113 -0.002841160 1.113379717 -0.004457425 0.999928832 0.011063094 -1.632842064 0.002890621 -0.011050275 0.999934793 57.525505066
0.999984682 0.004488410 -0.003234399 1.121871114 -0.004451961 0.999927461 0.011189968 -1.642468810 0.003284390 -0.011175396 0.999932170 58.045394897
0.999984801 0.004393398 -0.003303160 1.129166722 -0.004355856 0.999926805 0.011287742 -1.655869246 0.003352511 -0.011273185 0.999930859 58.591567993
0.999986291 0.004309580 -0.002981112 1.147930384 -0.004276382 0.999929786 0.011054191 -1.652036309 0.003028542 -0.011041291 0.999934435 59.082340240
0.999987483 0.004020001 -0.002983529 1.158075690 -0.003985925 0.999927700 0.011340821 -1.677779436 0.003028903 -0.011328789 0.999931216 59.692764282
0.999986470 0.004242078 -0.003016690 1.179474831 -0.004207958 0.999928176 0.011228400 -1.674991846 0.003064104 -0.011215554 0.999932349 60.177658081
0.999986529 0.003950450 -0.003377691 1.199447989 -0.003912687 0.999930620 0.011114668 -1.690994024 0.003421365 -0.011101303 0.999932528 60.683937073
0.999985576 0.004352659 -0.003173185 1.205064416 -0.004319625 0.999937177 0.010344365 -1.674424648 0.003218010 -0.010330507 0.999941409 61.254405975
0.999984026 0.003923116 -0.004052287 1.208173037 -0.003879711 0.999935567 0.010664064 -1.686640978 0.004093864 -0.010648174 0.999934912 61.799407959
0.999984264 0.004524021 -0.003322128 1.205774903 -0.004486784 0.999927998 0.011131817 -1.742000103 0.003372248 -0.011116736 0.999932528 62.236942291
0.999979138 0.005200125 -0.003829327 1.299922347 -0.005156362 0.999922276 0.011350716 -1.736181974 0.003888055 -0.011330731 0.999928296 62.706127167
0.999985337 0.003363467 -0.004250129 1.306157231 -0.003312243 0.999922454 0.012002315 -1.768433928 0.004290168 -0.011988061 0.999918878 62.972522736
0.999989152 0.003167280 -0.003417747 1.319662809 -0.003126912 0.999926031 0.011752897 -1.776190162 0.003454720 -0.011742081 0.999925077 63.497882843
0.999990344 0.002097792 -0.003877180 1.326230884 -0.002048875 0.999918699 0.012577774 -1.799259424 0.003903250 -0.012569707 0.999913335 64.065963745
0.999988735 0.002941857 -0.003731177 1.329557061 -0.002896744 0.999923289 0.012039055 -1.809127569 0.003766308 -0.012028110 0.999920547 64.594749451
0.999984026 0.004729403 -0.003099524 1.346980691 -0.004691241 0.999914527 0.012205795 -1.845913172 0.003156985 -0.012191059 0.999920726 64.927490234
0.999985337 0.004093458 -0.003539343 1.358251452 -0.004051283 0.999921679 0.011842348 -1.849710703 0.003587542 -0.011827833 0.999923646 65.477706909
0.999984860 0.004685214 -0.002862608 1.339918613 -0.004650189 0.999915719 0.012121994 -1.853508711 0.002919160 -0.012108500 0.999922454 65.958961487
0.999988139 0.003800911 -0.003046372 1.373383641 -0.003763873 0.999920070 0.012072908 -1.864422083 0.003092018 -0.012061298 0.999922514 66.575279236
0.999981940 0.005400045 -0.002632734 1.362229943 -0.005367391 0.999910474 0.012256119 -1.878064036 0.002698683 -0.012241768 0.999921501 67.049438477
0.999987245 0.003906521 -0.003209708 1.364210844 -0.003867821 0.999920726 0.011976276 -1.888822556 0.003256237 -0.011963706 0.999923110 67.528633118
0.999988139 0.003658331 -0.003219096 1.374638677 -0.003619295 0.999920785 0.012050037 -1.898535848 0.003262924 -0.012038242 0.999922216 68.019874573
0.999988139 0.003360900 -0.003513539 1.378508568 -0.003319022 0.999924123 0.011857965 -1.904160976 0.003553126 -0.011846161 0.999923527 68.558486938
0.999987185 0.004276843 -0.002677251 1.381259918 -0.004243172 0.999913394 0.012458237 -1.956729770 0.002730301 -0.012446718 0.999918818 68.973487854
0.999985576 0.004700811 -0.002586359 1.398481846 -0.004667750 0.999909163 0.012643392 -1.977960944 0.002645558 -0.012631139 0.999916673 69.612136841
0.999981403 0.005707940 -0.002167728 1.401061654 -0.005680945 0.999908686 0.012261353 -1.988902211 0.002237518 -0.012248809 0.999922395 70.156074524
0.999985456 0.004734812 -0.002587741 1.422513366 -0.004702431 0.999912322 0.012379499 -1.998052001 0.002646128 -0.012367151 0.999920011 70.653991699
0.999986053 0.004597084 -0.002644911 1.471293449 -0.004563860 0.999912262 0.012433562 -2.000031948 0.002701835 -0.012421316 0.999919176 71.238677979
0.999987781 0.004019204 -0.002847163 1.470186234 -0.003982984 0.999912500 0.012614320 -2.007524490 0.002897614 -0.012602827 0.999916375 71.763267517
0.999985754 0.004636767 -0.002596518 1.477252007 -0.004603120 0.999907315 0.012817991 -2.018916130 0.002655712 -0.012805860 0.999914467 72.316116333
0.999987423 0.004184302 -0.002756026 1.496456385 -0.004149604 0.999913514 0.012477553 -2.035809040 0.002807999 -0.012465962 0.999918342 72.806938171
0.999989152 0.003687738 -0.002854229 1.513081670 -0.003651689 0.999914765 0.012534050 -2.044406176 0.002900208 -0.012523489 0.999917388 73.333007812
0.999988019 0.003939279 -0.002888931 1.529618979 -0.003904097 0.999919355 0.012084216 -2.049803019 0.002936303 -0.012072792 0.999922872 73.861549377
0.999986708 0.004637113 -0.002239446 1.509117484 -0.004608441 0.999909461 0.012642812 -2.065672159 0.002297869 -0.012632325 0.999917567 74.412719727
0.999988139 0.003757676 -0.003105328 1.555783153 -0.003720602 0.999922752 0.011859427 -2.070521116 0.003149651 -0.011847732 0.999924898 74.952659607
0.999987841 0.004271126 -0.002463998 1.525907755 -0.004239710 0.999911368 0.012617803 -2.080726624 0.002517671 -0.012607202 0.999917328 75.487304688
0.999987066 0.004583871 -0.002202497 1.533751369 -0.004556373 0.999913573 0.012331594 -2.091426849 0.002258835 -0.012321400 0.999921501 76.036659241
0.999987662 0.004155324 -0.002718138 1.549015284 -0.004121591 0.999915898 0.012300474 -2.099971056 0.002769022 -0.012289117 0.999920607 76.577674866
0.999986589 0.004281451 -0.002963496 1.562808275 -0.004245796 0.999919772 0.011935188 -2.108150482 0.003014360 -0.011922441 0.999924362 77.088432312
0.999988079 0.004081293 -0.002647393 1.572287560 -0.004049448 0.999920726 0.011924407 -2.110163212 0.002695850 -0.011913545 0.999925375 77.650520325
0.999991715 0.003809625 -0.001443176 1.589714408 -0.003792254 0.999922574 0.011853839 -2.123131752 0.001488221 -0.011848268 0.999928713 78.199920654
0.999991596 0.004069327 0.000437878 1.594228029 -0.004074149 0.999923944 0.011641198 -2.133976936 -0.000390473 -0.011642884 0.999932170 78.749282837
0.999990106 0.004154957 0.001579633 1.611985445 -0.004173165 0.999922812 0.011704056 -2.153922319 -0.001530880 -0.011710534 0.999930263 79.280693054
0.999990404 0.003581468 0.002514101 1.617742658 -0.003611398 0.999921441 0.012002792 -2.167258024 -0.002470916 -0.012011757 0.999924779 79.809326172
0.999976397 0.003943269 0.005620657 1.646479130 -0.004010538 0.999919891 0.012007548 -2.179644108 -0.005572857 -0.012029807 0.999912083 80.341423035
0.999951303 0.004081296 0.008986445 1.681968808 -0.004185509 0.999923885 0.011608575 -2.191634893 -0.008938383 -0.011645622 0.999892235 80.938438416
0.999928832 0.003196785 0.011490894 1.681630254 -0.003335855 0.999921203 0.012103862 -2.198035479 -0.011451295 -0.012141333 0.999860644 81.367973328
0.999864757 0.003909593 0.015979206 1.725200772 -0.004093655 0.999925494 0.011502380 -2.204287291 -0.015933048 -0.011566237 0.999806166 82.008750916
0.999742985 0.004632212 0.022192799 1.756616592 -0.004897719 0.999916911 0.011924272 -2.226027966 -0.022135720 -0.012029900 0.999682605 82.521362305
0.999617040 0.003678789 0.027427243 1.808149099 -0.004009458 0.999919891 0.012011018 -2.248061657 -0.027380858 -0.012116387 0.999551594 83.040534973
0.999424517 0.003614508 0.033725265 1.861555338 -0.004004937 0.999925613 0.011516410 -2.254111767 -0.033681128 -0.011644850 0.999364793 83.776298523
0.999123991 0.003939287 0.041661788 1.922062516 -0.004432073 0.999921203 0.011742518 -2.273975849 -0.041612249 -0.011916881 0.999062777 84.287277222
0.998739719 0.003563920 0.050062325 1.966996193 -0.004156101 0.999922514 0.011729744 -2.300157547 -0.050016645 -0.011923026 0.998677135 84.846847534
0.998384118 0.003160085 0.056736633 2.038240910 -0.003818916 0.999926448 0.011507433 -2.301378489 -0.056696095 -0.011705512 0.998322845 85.374595642
0.997828960 0.003184986 0.065780796 2.094464302 -0.003935613 0.999928534 0.011284619 -2.318041086 -0.065740153 -0.011519008 0.997770309 85.951454163
0.997120142 0.002986809 0.075779460 2.164194107 -0.003862900 0.999927342 0.011417117 -2.332591772 -0.075739846 -0.011676966 0.997059226 86.479095459
0.996396482 0.002592786 0.084778436 2.223346233 -0.003545317 0.999932170 0.011086915 -2.339283466 -0.084743954 -0.011347530 0.996338069 87.039413452
0.995650649 0.002740636 0.093124844 2.291333199 -0.003769074 0.999933839 0.010869555 -2.347040892 -0.093088903 -0.011173277 0.995595038 87.584747314
0.994624734 0.002673858 0.103510223 2.382396698 -0.003804343 0.999935269 0.010725608 -2.359366417 -0.103474833 -0.011061743 0.994570553 88.116172791
0.993458271 0.002186221 0.114175700 2.460061550 -0.003420208 0.999937832 0.010613011 -2.363303185 -0.114145413 -0.010934086 0.993403912 88.688270569
0.992319584 0.001727854 0.123688683 2.548851013 -0.003084543 0.999937177 0.010777912 -2.383732557 -0.123662271 -0.011076655 0.992262542 89.232933044
0.990931630 0.002130400 0.134349540 2.646576881 -0.003619295 0.999934852 0.010838989 -2.388988972 -0.134317681 -0.011226951 0.990874648 89.807113647
0.989183724 0.002109651 0.146666527 2.752882957 -0.003702641 0.999936998 0.010589151 -2.399284601 -0.146634936 -0.011017668 0.989129305 90.356903076
0.987538218 0.001662966 0.157370627 2.870196342 -0.003353260 0.999939501 0.010475937 -2.415675402 -0.157343715 -0.010873097 0.987484038 90.903434753
0.985944688 0.001206522 0.167067826 2.981546402 -0.002964813 0.999942839 0.010275398 -2.422507286 -0.167045832 -0.010626301 0.985891879 91.455894470
0.983909547 0.000924556 0.178665638 3.106787682 -0.002772864 0.999945164 0.010095625 -2.435644627 -0.178646535 -0.010428596 0.983858049 92.006706238
0.981552899 0.000740718 0.191189975 3.236124039 -0.002664358 0.999948502 0.009804534 -2.443796873 -0.191172898 -0.010133065 0.981504083 92.552513123
0.979396641 0.000226838 0.201946542 3.370295525 -0.002315551 0.999946237 0.010106719 -2.453345537 -0.201933414 -0.010366102 0.979344308 93.095359802
0.976574123 -0.000158112 0.215180844 3.516277313 -0.002001835 0.999949753 0.009819854 -2.466903210 -0.215171576 -0.010020571 0.976524830 93.636703491
0.973524511 -0.000478949 0.228582099 3.666337967 -0.001819133 0.999949932 0.009842835 -2.472683191 -0.228575394 -0.009998063 0.973474860 94.184944153
0.970833957 -0.001143505 0.239749864 3.825948715 -0.001280646 0.999949634 0.009955135 -2.489425898 -0.239749178 -0.009971817 0.970783591 94.716094971
0.967757821 -0.002140639 0.251873493 4.011077881 -0.000399281 0.999949574 0.010032570 -2.503902674 -0.251882285 -0.009809665 0.967708111 95.315132141
0.964034498 -0.002316611 0.265767038 4.189464569 -0.000510477 0.999944031 0.010567900 -2.518081188 -0.265776634 -0.010323488 0.963979363 95.815460205
0.960527599 -0.002922029 0.278169483 4.371124268 0.000121389 0.999949157 0.010084797 -2.529141903 -0.278184742 -0.009652959 0.960479081 96.338737488
0.957310438 -0.003741508 0.289037347 4.568769455 0.000789094 0.999946356 0.010330494 -2.548806190 -0.289060503 -0.009661413 0.957261980 96.841384888
0.953055501 -0.003547137 0.302774757 4.768728256 0.000463852 0.999947309 0.010254728 -2.560631752 -0.302795142 -0.009632882 0.953006983 97.364799500
0.948424876 -0.003780737 0.316979468 4.969757080 0.000530667 0.999946415 0.010338956 -2.569993258 -0.317001551 -0.009637513 0.948376060 97.899475098
0.944559634 -0.004776105 0.328305185 5.183343887 0.001423915 0.999944389 0.010450232 -2.584493876 -0.328336865 -0.009403391 0.944513798 98.421081543
0.940144598 -0.004722001 0.340742975 5.396800995 0.001237021 0.999944687 0.010444121 -2.597272873 -0.340773523 -0.009397479 0.940098405 98.942855835
0.934796214 -0.004472401 0.355156243 5.616029739 0.000867717 0.999946475 0.010308203 -2.604859591 -0.355183303 -0.009327893 0.934750140 99.463684082
0.930207491 -0.005909319 0.366986483 5.845073700 0.002176995 0.999941587 0.010583269 -2.617443323 -0.367027611 -0.009045708 0.930166066 99.977561951
0.925534189 -0.006178386 0.378613651 6.071239471 0.002327995 0.999940753 0.010626614 -2.630608082 -0.378656894 -0.008953883 0.925493777 100.488578796
0.919782460 -0.006385209 0.392376661 6.325918198 0.002483361 0.999942303 0.010450899 -2.636175156 -0.392420799 -0.008638140 0.919745207 101.010841370
0.914268017 -0.007294609 0.405044258 6.581562042 0.003207240 0.999936879 0.010768878 -2.649815798 -0.405097187 -0.008546565 0.914233685 101.517852783
0.909525156 -0.007841990 0.415574759 6.841526031 0.003793993 0.999936998 0.010565517 -2.660907745 -0.415631443 -0.008032919 0.909497559 102.024627686
0.904128909 -0.008996611 0.427165002 7.112117767 0.004818953 0.999929428 0.010860023 -2.670069218 -0.427232534 -0.007760373 0.904108465 102.528930664
0.897475779 -0.008899703 0.440973908 7.377044678 0.004703537 0.999932647 0.010607869 -2.681271791 -0.441038609 -0.007446169 0.897457242 103.019340515
0.891745269 -0.009899859 0.452429384 7.662551880 0.005699944 0.999927223 0.010645280 -2.690069675 -0.452501863 -0.006914058 0.891736686 103.521903992
0.886098087 -0.010712691 0.463373840 7.946857452 0.006535899 0.999922276 0.010618659 -2.696659565 -0.463451535 -0.006380610 0.886099279 104.018692017
0.879000545 -0.011802106 0.476674706 8.250736237 0.007650624 0.999913990 0.010649168 -2.704059839 -0.476759464 -0.005713764 0.879015267 104.526451111
