1.000000000 0.000000000 0.000000000 0.000000000 0.000000000 1.000000000 0.000000000 0.000000000 0.000000000 0.000000000 1.000000000 0.000000000
1.000000000 0.000014928 0.000143257 -0.000572944 -0.000014940 1.000000000 0.000082644 -0.000395254 -0.000143256 -0.000082646 1.000000000 -0.000126225
0.999999940 0.000212168 0.000191691 -0.001877432 -0.000212189 1.000000000 0.000109060 0.000695893 -0.000191668 -0.000109100 1.000000000 0.002161142
1.000000000 0.000129155 -0.000007396 0.000517199 -0.000129154 1.000000000 0.000161605 -0.000931460 0.000007417 -0.000161604 1.000000000 -0.000296837
0.999999940 0.000221986 0.000139658 -0.001174388 -0.000222000 1.000000000 0.000098058 -0.000163691 -0.000139636 -0.000098089 1.000000000 0.000357573
1.000000000 0.000004924 0.000039020 -0.000569916 -0.000004927 1.000000000 0.000071941 -0.000163479 -0.000039020 -0.000071941 1.000000000 -0.000535676
1.000000000 -0.000067461 0.000153015 -0.001528308 0.000067466 1.000000000 -0.000034626 0.001049826 -0.000153012 0.000034636 1.000000000 0.002054930
1.000000000 -0.000078579 0.000183442 -0.000967297 0.000078559 1.000000000 0.000106158 0.000328657 -0.000183450 -0.000106144 1.000000000 0.001964531
1.000000000 0.000045567 0.000147608 -0.001289323 -0.000045566 1.000000000 -0.000011003 0.000901434 -0.000147609 0.000010997 1.000000000 0.002313580
1.000000000 -0.000050235 0.000195004 -0.001079135 0.000050230 1.000000000 0.000026415 0.000068052 -0.000195006 -0.000026405 1.000000000 0.000258889
1.000000000 -0.000061813 0.000232306 -0.001057329 0.000061803 1.000000000 0.000041565 0.001129458 -0.000232309 -0.000041551 1.000000000 0.002668165
1.000000000 0.000002470 0.000116999 -0.000457469 -0.000002480 1.000000000 0.000085383 -0.000246472 -0.000116999 -0.000085384 1.000000000 0.000381839
1.000000000 -0.000013758 0.000177880 -0.001404536 0.000013753 1.000000000 0.000026579 0.001686967 -0.000177880 -0.000026577 1.000000000 0.004316716
0.999999940 -0.000052582 0.000261600 -0.002174186 0.000052541 1.000000000 0.000156359 0.001009933 -0.000261608 -0.000156345 0.999999940 0.003785795
1.000000000 -0.000017670 0.000157861 -0.001767850 0.000017663 1.000000000 0.000049561 0.001177997 -0.000157861 -0.000049558 1.000000000 0.003352534
1.000000000 0.000096706 0.000115353 -0.001511276 -0.000096719 1.000000000 0.000110981 -0.000006875 -0.000115342 -0.000110992 1.000000000 0.002102872
1.000000000 -0.000023539 0.000143714 -0.001005054 0.000023524 1.000000000 0.000106512 -0.000643967 -0.000143716 -0.000106509 1.000000000 0.000117546
0.999999940 0.000049697 0.000298201 -0.001481404 -0.000049728 1.000000000 0.000102230 0.000128832 -0.000298196 -0.000102245 0.999999940 0.001428199
0.999999940 0.000100615 0.000261671 -0.002987882 -0.000100637 1.000000000 0.000083194 0.000643839 -0.000261662 -0.000083220 0.999999940 0.003270199
1.000000000 0.000111281 0.000173738 -0.001926117 -0.000111301 1.000000000 0.000112226 0.000706917 -0.000173725 -0.000112245 1.000000000 0.003423528
0.999999881 0.000318871 0.000322124 -0.003199794 -0.000318929 0.999999940 0.000178954 0.000640237 -0.000322066 -0.000179057 0.999999940 0.003942952
0.999999821 0.000418316 0.000359593 -0.003056357 -0.000418350 0.999999881 0.000094057 0.000100009 -0.000359554 -0.000094207 0.999999940 0.001550616
1.000000000 0.000044090 0.000235486 -0.002356355 -0.000044115 1.000000000 0.000108567 0.000528219 -0.000235481 -0.000108577 0.999999940 0.002704634
0.999999940 0.000131938 0.000335648 -0.001826532 -0.000131983 1.000000000 0.000134355 -0.000280790 -0.000335630 -0.000134399 0.999999940 0.001738357
0.999999940 0.000068272 0.000316407 -0.002553018 -0.000068275 1.000000000 0.000010393 0.000843853 -0.000316407 -0.000010414 0.999999940 0.000952183
1.000000000 0.000013835 0.000222869 -0.001110820 -0.000013838 1.000000000 0.000016409 0.001293615 -0.000222868 -0.000016412 1.000000000 0.002427791
0.999999940 -0.000042920 0.000249231 -0.001958793 0.000042912 1.000000000 0.000031270 0.000896212 -0.000249233 -0.000031259 0.999999940 0.002149355
1.000000000 0.000050170 0.000207750 -0.000534389 -0.000050184 1.000000000 0.000067605 0.000250189 -0.000207746 -0.000067615 1.000000000 0.000455069
0.999999881 0.000264961 0.000375514 -0.003847513 -0.000264920 0.999999940 -0.000107884 0.002542201 -0.000375542 0.000107784 0.999999940 0.003866873
0.999999940 0.000068845 0.000263717 -0.003464983 -0.000068843 1.000000000 -0.000008841 0.002360451 -0.000263718 0.000008823 0.999999940 0.004751581
0.999999940 0.000133335 0.000333580 -0.002908528 -0.000133359 1.000000000 0.000072007 0.001086839 -0.000333570 -0.000072051 0.999999940 0.003098190
0.999999940 -0.000078311 0.000241743 -0.001657956 0.000078291 1.000000000 0.000082343 0.000530271 -0.000241750 -0.000082324 0.999999940 0.001238086
0.999999940 0.000104603 0.000349678 -0.003418779 -0.000104586 1.000000000 -0.000049812 0.001983506 -0.000349683 0.000049775 0.999999940 0.003404574
0.999999881 0.000121448 0.000426071 -0.002730774 -0.000121417 1.000000000 -0.000073201 0.001941505 -0.000426079 0.000073149 0.999999881 0.003255291
0.999999940 0.000119119 0.000251444 -0.000834406 -0.000119143 1.000000000 0.000094600 -0.000161766 -0.000251432 -0.000094630 0.999999940 0.000203413
0.999999940 0.000137292 0.000336998 -0.002636161 -0.000137262 1.000000000 -0.000088126 0.003203019 -0.000337010 0.000088080 0.999999940 0.005159189
0.999999940 0.000163493 0.000312752 -0.003341618 -0.000163460 1.000000000 -0.000105661 0.004577539 -0.000312770 0.000105610 0.999999940 0.007181500
0.999999940 -0.000091833 0.000259770 -0.001261066 0.000091820 1.000000000 0.000048419 0.001304325 -0.000259774 -0.000048395 0.999999940 0.002811356
0.999999940 0.000083985 0.000290714 -0.002715250 -0.000084000 1.000000000 0.000053318 0.002287760 -0.000290709 -0.000053342 0.999999940 0.005077353
0.999999940 -0.000117096 0.000230223 -0.001069712 0.000117089 1.000000000 0.000030218 0.001560359 -0.000230227 -0.000030191 1.000000000 0.002885948
0.999999881 0.000005681 0.000448510 -0.002811342 -0.000005675 1.000000000 -0.000012683 0.001612634 -0.000448510 0.000012680 0.999999881 0.004779513
0.999999940 -0.000335817 0.000244965 -0.000079300 0.000336005 0.999999642 -0.000768474 0.000937771 -0.000244707 0.000768556 0.999999702 0.054718088
0.999999940 0.000163484 0.000344908 -0.001168532 -0.000163099 0.999999344 -0.001115811 -0.005708808 -0.000345091 0.001115754 0.999999344 0.133346677
1.000000000 0.000105000 0.000130163 0.002697125 -0.000104772 0.999998450 -0.001747065 -0.002435415 -0.000130346 0.001747051 0.999998450 0.256649733
1.000000000 0.000157575 0.000105104 0.004818256 -0.000157436 0.999999106 -0.001316426 -0.010267274 -0.000105311 0.001316410 0.999999106 0.386884540
0.999999940 0.000168710 0.000201768 0.008076415 -0.000168506 0.999999464 -0.001009008 -0.015968570 -0.000201938 0.001008974 0.999999464 0.525251985
0.999999940 0.000270309 0.000113744 0.013440178 -0.000270207 0.999999583 -0.000890645 -0.025029147 -0.000113985 0.000890614 0.999999583 0.668536901
0.999999762 0.000536009 0.000454951 0.015711296 -0.000535570 0.999999404 -0.000964134 -0.023632692 -0.000455468 0.000963890 0.999999404 0.842439234
0.999999881 0.000436669 0.000113025 0.017526306 -0.000436596 0.999999702 -0.000648031 -0.027525112 -0.000113308 0.000647982 0.999999762 1.017349005
1.000000000 -0.000064922 -0.000017162 0.022202248 0.000064915 0.999999881 -0.000418286 -0.032858346 0.000017189 0.000418285 0.999999940 1.193806887
0.999999762 0.000616056 0.000332572 0.017552439 -0.000615864 0.999999642 -0.000575956 -0.035665307 -0.000332927 0.000575751 0.999999762 1.372074604
1.000000000 0.000204114 -0.000010782 0.036251448 -0.000204113 1.000000000 0.000076765 -0.051758375 0.000010797 -0.000076762 1.000000000 1.568163037
0.999999583 0.000738219 0.000516808 0.034462899 -0.000738083 0.999999702 -0.000262665 -0.051535357 -0.000517001 0.000262283 0.999999821 1.760494590
0.999999881 0.000495802 0.000089038 0.037727155 -0.000495741 0.999999642 -0.000682320 -0.047412060 -0.000089376 0.000682275 0.999999762 1.951739669
0.999999464 0.000751985 0.000690120 0.036053509 -0.000751809 0.999999702 -0.000254085 -0.064409234 -0.000690310 0.000253566 0.999999702 2.166091919
0.999999464 0.001002806 0.000251580 0.046225112 -0.001002345 0.999997854 -0.001825515 -0.053617693 -0.000253410 0.001825262 0.999998271 2.405780792
0.999999404 0.001101198 -0.000060591 0.059164334 -0.001101283 0.999998391 -0.001422907 -0.064481564 0.000059024 0.001422973 0.999998987 2.618146658
0.999999046 0.001379732 -0.000003157 0.062318522 -0.001379735 0.999997854 -0.001528208 -0.071124196 0.000001049 0.001528211 0.999998808 2.846830368
0.999999225 0.001219261 -0.000384167 0.073132470 -0.001219683 0.999998629 -0.001102406 -0.080918357 0.000382823 0.001102874 0.999999344 3.081127882
0.999999404 0.001042864 -0.000268527 0.072662808 -0.001043292 0.999998152 -0.001597501 -0.081024133 0.000266860 0.001597780 0.999998689 3.320604563
0.999999285 0.001148555 -0.000089702 0.078193337 -0.001148686 0.999998212 -0.001465566 -0.089586392 0.000088018 0.001465668 0.999998927 3.562821627
0.999999642 0.000818259 -0.000289974 0.082534857 -0.000818790 0.999997973 -0.001835501 -0.091013268 0.000288472 0.001835737 0.999998331 3.828064919
0.999999523 0.000927118 -0.000047530 0.087934390 -0.000927204 0.999997914 -0.001830640 -0.099837177 0.000045833 0.001830683 0.999998271 4.080435276
0.999999464 0.000936787 -0.000377367 0.100173771 -0.000937170 0.999999046 -0.001017495 -0.116385683 0.000376414 0.001017848 0.999999404 4.325126171
0.999999344 0.001156857 0.000159645 0.092207499 -0.001156560 0.999997556 -0.001843470 -0.110640801 -0.000161777 0.001843284 0.999998271 4.589340210
0.999999225 0.001267861 0.000170080 0.101458274 -0.001267625 0.999998212 -0.001376953 -0.120408937 -0.000171825 0.001376736 0.999998987 4.844113827
0.999999464 0.001027579 0.000064444 0.105860516 -0.001027483 0.999998331 -0.001472025 -0.127211660 -0.000065956 0.001471958 0.999998868 5.112171650
0.999999344 0.001124019 0.000078862 0.110156238 -0.001123888 0.999997973 -0.001642402 -0.133541808 -0.000080708 0.001642312 0.999998629 5.374811649
0.999999046 0.001394510 0.000095611 0.116888948 -0.001394331 0.999997318 -0.001845792 -0.138327688 -0.000098185 0.001845657 0.999998271 5.638490200
0.999999046 0.001375161 0.000129472 0.119481117 -0.001374969 0.999997973 -0.001467803 -0.147841305 -0.000131490 0.001467624 0.999998927 5.906923771
0.999999225 0.001254900 0.000117003 0.128483489 -0.001254715 0.999998033 -0.001567515 -0.156155184 -0.000118970 0.001567367 0.999998748 6.186960220
0.999997795 0.002090473 -0.000110166 0.133577526 -0.002090631 0.999996781 -0.001454215 -0.166995689 0.000107125 0.001454442 0.999998868 6.460896969
0.999998748 0.001563758 0.000109229 0.138632387 -0.001563559 0.999997139 -0.001802552 -0.177607581 -0.000112047 0.001802379 0.999998331 6.735587120
0.999998152 0.001909431 0.000320144 0.141988039 -0.001908825 0.999996483 -0.001881256 -0.184161395 -0.000323735 0.001880641 0.999998152 7.035600662
0.999998450 0.001726273 0.000188455 0.149926066 -0.001725908 0.999996603 -0.001919950 -0.192657515 -0.000191769 0.001919622 0.999998152 7.333106041
0.999998093 0.001659531 0.000954861 0.146803424 -0.001657261 0.999995768 -0.002372631 -0.196369812 -0.000958795 0.002371044 0.999996781 7.645858765
0.999998450 0.001728994 0.000113696 0.168459386 -0.001728798 0.999997079 -0.001702632 -0.213321745 -0.000116639 0.001702433 0.999998569 7.943139076
0.999998212 0.001892508 0.000093069 0.175703138 -0.001892375 0.999997199 -0.001409151 -0.227615044 -0.000095735 0.001408972 0.999998987 8.261289597
0.999997795 0.002075886 0.000337237 0.183187559 -0.002075197 0.999995708 -0.002030442 -0.234445691 -0.000341450 0.002029737 0.999997854 8.590041161
0.999998093 0.001789648 0.000719592 0.180397928 -0.001788147 0.999996245 -0.002081661 -0.239852294 -0.000723314 0.002080371 0.999997497 8.937658310
0.999997556 0.002125336 0.000601685 0.189376399 -0.002124201 0.999995947 -0.001880925 -0.255986929 -0.000605680 0.001879642 0.999998033 9.259151459
0.999996960 0.002139295 0.001253055 0.179353461 -0.002137010 0.999996066 -0.001821419 -0.260747910 -0.001256947 0.001818735 0.999997497 9.613637924
0.999998987 0.001431018 0.000134896 0.202916354 -0.001430868 0.999998391 -0.001102381 -0.281283021 -0.000136474 0.001102187 0.999999404 9.951128006
0.999998748 0.001562808 0.000056680 0.210836902 -0.001562747 0.999998271 -0.001064916 -0.292160809 -0.000058344 0.001064826 0.999999464 10.306923866
0.999998987 0.001355826 0.000385651 0.218341410 -0.001355621 0.999999046 -0.000531466 -0.307115823 -0.000386372 0.000530943 0.999999821 10.651780128
0.999999285 0.001193454 0.000251198 0.231514350 -0.001193300 0.999999166 -0.000610175 -0.317423970 -0.000251926 0.000609875 0.999999821 11.022326469
0.999997973 0.001865590 0.000774742 0.225863203 -0.001864469 0.999997199 -0.001444421 -0.322969466 -0.000777434 0.001442974 0.999998629 11.407350540
0.999998569 0.001520950 0.000753774 0.237519667 -0.001520037 0.999998093 -0.001210444 -0.332888901 -0.000755613 0.001209296 0.999998987 11.782922745
0.999998927 0.001297638 0.000666592 0.244742498 -0.001296726 0.999998212 -0.001366512 -0.345038593 -0.000668365 0.001365646 0.999998808 12.166499138
0.999999106 0.001191182 0.000618471 0.255299449 -0.001190279 0.999998152 -0.001457574 -0.356865436 -0.000620206 0.001456837 0.999998748 12.556666374
0.999998987 0.001205185 0.000830786 0.253470778 -0.001204056 0.999998271 -0.001358661 -0.367724657 -0.000832421 0.001357659 0.999998689 12.952999115
0.999998689 0.001386741 0.000827682 0.266307890 -0.001385633 0.999998152 -0.001336224 -0.378515810 -0.000829532 0.001335075 0.999998689 13.357325554
0.999998271 0.001358128 0.001279711 0.277142316 -0.001356794 0.999998569 -0.001042162 -0.393064409 -0.001281125 0.001040424 0.999998569 13.758440971
0.999997079 0.001785908 0.001601237 0.277929813 -0.001783557 0.999997318 -0.001468043 -0.399128050 -0.001603854 0.001465183 0.999997616 14.181742668
0.999997675 0.001257785 0.001751864 0.290799320 -0.001255838 0.999998629 -0.001112200 -0.414324969 -0.001753260 0.001109997 0.999997914 14.600442886
0.999996364 0.001531477 0.002256952 0.300324291 -0.001529459 0.999998450 -0.000895293 -0.428964615 -0.002258319 0.000891838 0.999996960 15.027324677
0.999997437 0.001333119 0.001816684 0.314325631 -0.001330758 0.999998271 -0.001300587 -0.440003037 -0.001818414 0.001298166 0.999997437 15.460685730
0.999996305 0.001344544 0.002360608 0.322312534 -0.001341215 0.999998093 -0.001411044 -0.452870548 -0.002362501 0.001407872 0.999996245 15.899948120
0.999996305 0.001369570 0.002313026 0.333613455 -0.001366875 0.999998391 -0.001166107 -0.465407968 -0.002314619 0.001162941 0.999996603 16.351428986
0.999995232 0.001255236 0.002821439 0.341429740 -0.001251450 0.999998331 -0.001343233 -0.478625447 -0.002823121 0.001339696 0.999995112 16.796058655
0.999994338 0.001477728 0.003031197 0.351744354 -0.001474800 0.999998450 -0.000967851 -0.495864987 -0.003032622 0.000963375 0.999994934 17.249275208
0.999993324 0.001281952 0.003406795 0.360538185 -0.001278439 0.999998569 -0.001033167 -0.506173193 -0.003408117 0.001028804 0.999993682 17.713096619
0.999992847 0.001131963 0.003616440 0.369531184 -0.001127659 0.999998569 -0.001192093 -0.515587449 -0.003617786 0.001188006 0.999992788 18.185842514
0.999993801 0.001303189 0.003278889 0.392162889 -0.001297694 0.999997735 -0.001677526 -0.523215353 -0.003281069 0.001673261 0.999993265 18.639625549
0.999988675 0.002050174 0.004279120 0.393276572 -0.002044178 0.999996841 -0.001405041 -0.545262337 -0.004281987 0.001396278 0.999989867 19.113691330
0.999988556 0.001815803 0.004418920 0.409221590 -0.001808521 0.999996901 -0.001651441 -0.555223048 -0.004421906 0.001643430 0.999988914 19.596735001
0.999988914 0.001177985 0.004541567 0.416558236 -0.001171417 0.999998212 -0.001448652 -0.566638827 -0.004543264 0.001443316 0.999988675 20.088909149
0.999987841 0.002069785 0.004479321 0.423186004 -0.002063509 0.999996901 -0.001405367 -0.587990880 -0.004482215 0.001396107 0.999988973 20.573583603
0.999986708 0.002261121 0.004620687 0.431601733 -0.002254185 0.999996364 -0.001505780 -0.596094370 -0.004624074 0.001495344 0.999988139 21.077480316
0.999987662 0.001845907 0.004610938 0.439135134 -0.001835970 0.999996006 -0.002158530 -0.602088094 -0.004614905 0.002150038 0.999987006 21.583955765
0.999991179 0.002086119 0.003649119 0.446446329 -0.002083335 0.999997556 -0.000766419 -0.637190819 -0.003650709 0.000758810 0.999993026 22.069732666
0.999992788 0.002323277 0.003032317 0.463869005 -0.002322295 0.999997318 -0.000327123 -0.652325869 -0.003033069 0.000320078 0.999995291 22.581476212
0.999992251 0.002602675 0.002950547 0.464045823 -0.002599468 0.999996006 -0.001090435 -0.661379933 -0.002953371 0.001082756 0.999995053 23.099245071
0.999996483 0.002023223 0.001739133 0.480034381 -0.002020820 0.999997020 -0.001382853 -0.680349112 -0.001741925 0.001379333 0.999997616 23.623483658
0.999997377 0.001421764 0.001800164 0.485837251 -0.001418946 0.999997795 -0.001565895 -0.692920089 -0.001802385 0.001563337 0.999997079 24.136810303
0.999996245 0.002243691 0.001578905 0.493339062 -0.002241813 0.999996781 -0.001190315 -0.709088564 -0.001581570 0.001186771 0.999998033 24.678434372
0.999995708 0.002870994 0.000561094 0.507797122 -0.002870488 0.999995410 -0.000902102 -0.727706611 -0.000563680 0.000900487 0.999999404 25.205240250
0.999995410 0.002994688 0.000300867 0.514509976 -0.002994264 0.999994457 -0.001402544 -0.737877548 -0.000305065 0.001401637 0.999998987 25.755100250
0.999996185 0.002744872 -0.000363029 0.522766829 -0.002745130 0.999995947 -0.000714391 -0.758799434 0.000361066 0.000715384 0.999999702 26.297317505
0.999995291 0.002979672 -0.000699226 0.528843105 -0.002980175 0.999995291 -0.000720234 -0.769741118 0.000697076 0.000722314 0.999999523 26.850648880
0.999995530 0.002938700 -0.000448234 0.536051095 -0.002938885 0.999995589 -0.000413775 -0.788985431 0.000447016 0.000415091 0.999999821 27.394084930
0.999994874 0.002951861 -0.001250276 0.546190143 -0.002952111 0.999995649 -0.000199071 -0.811560333 0.001249684 0.000202761 0.999999225 27.935447693
0.999994278 0.003243864 -0.001048357 0.550346553 -0.003243699 0.999994755 0.000158562 -0.827473521 0.001048867 -0.000155160 0.999999464 28.477401733
0.999995291 0.002976422 -0.000787187 0.560049713 -0.002976182 0.999995589 0.000306011 -0.841766596 0.000788095 -0.000303666 0.999999642 29.011072159
0.999992967 0.003263842 -0.001859588 0.567835152 -0.003263582 0.999994636 0.000143214 -0.857926548 0.001860047 -0.000137144 0.999998212 29.572120667
0.999992728 0.003238336 -0.002021009 0.571711898 -0.003238166 0.999994874 0.000087278 -0.870169163 0.002021280 -0.000080733 0.999997973 30.120105743
0.999990821 0.003861256 -0.001852462 0.582007527 -0.003860728 0.999992549 0.000288931 -0.889601827 0.001853564 -0.000281777 0.999998271 30.663658142
0.999990940 0.003555036 -0.002343681 0.590047717 -0.003554935 0.999993622 0.000047359 -0.904198110 0.002343835 -0.000039027 0.999997199 31.215215683
0.999989927 0.003520696 -0.002794219 0.601300240 -0.003520039 0.999993742 0.000239950 -0.919399500 0.002795046 -0.000230112 0.999996066 31.763704300
0.999990284 0.003365526 -0.002850915 0.613404512 -0.003364475 0.999994218 0.000373230 -0.937387049 0.002852154 -0.000363634 0.999995887 32.309452057
0.999988675 0.003796793 -0.002877241 0.617270827 -0.003796499 0.999992728 0.000107523 -0.946689606 0.002877629 -0.000096599 0.999995828 32.851348877
0.999986887 0.004251635 -0.002854444 0.624777615 -0.004251000 0.999991000 0.000228541 -0.968353331 0.002855390 -0.000216403 0.999995887 33.389625549
0.999988198 0.003799632 -0.003029477 0.631342888 -0.003799324 0.999992788 0.000107175 -0.974776328 0.003029863 -0.000095663 0.999995351 33.947086334
0.999990404 0.003431705 -0.002698165 0.633958101 -0.003432327 0.999994159 -0.000226360 -0.990185499 0.002697372 0.000235620 0.999996305 34.490943909
0.999987245 0.003860179 -0.003260289 0.649193525 -0.003860275 0.999992490 -0.000023004 -1.006517649 0.003260175 0.000035589 0.999994695 35.023662567
0.999988258 0.003994673 -0.002741657 0.651966572 -0.003994374 0.999991953 0.000114317 -1.020645380 0.002742091 -0.000103364 0.999996245 35.572681427
0.999984741 0.005149063 -0.002003706 0.653039217 -0.005148672 0.999986708 0.000199819 -1.040762067 0.002004708 -0.000189500 0.999997973 36.117771149
0.999983847 0.004719214 -0.003152911 0.665337026 -0.004719352 0.999988854 -0.000036737 -1.056206465 0.003152702 0.000051616 0.999994993 36.677230835
0.999968827 0.004066785 -0.006775350 0.693666577 -0.004068428 0.999991655 -0.000228656 -1.070278406 0.006774364 0.000256214 0.999977052 37.214435577
0.999982417 0.004625207 -0.003716571 0.686399341 -0.004626252 0.999989271 -0.000273028 -1.081410527 0.003715268 0.000290217 0.999993026 37.782260895
0.999984264 0.003966539 -0.003972526 0.695875764 -0.003968173 0.999992013 -0.000403708 -1.093887806 0.003970893 0.000419465 0.999991953 38.327354431
0.999983668 0.004876529 -0.002980829 0.696457446 -0.004877139 0.999988139 -0.000197254 -1.115673780 0.002979832 0.000211789 0.999995530 38.885772705
0.999981046 0.004749897 -0.003912572 0.709823847 -0.004751150 0.999988675 -0.000311108 -1.128147602 0.003911051 0.000329692 0.999992251 39.432323456
0.999980986 0.004578864 -0.004117828 0.728189588 -0.004577613 0.999989450 0.000313378 -1.151278257 0.004119220 -0.000294522 0.999991477 39.969112396
0.999979198 0.005134791 -0.003906638 0.736998558 -0.005133795 0.999986768 0.000264789 -1.166864038 0.003907946 -0.000244728 0.999992311 40.521614075
0.999979198 0.004892753 -0.004209117 0.739382207 -0.004893762 0.999988019 -0.000229104 -1.176848173 0.004207945 0.000249698 0.999991119 41.085231781
0.999977767 0.005020494 -0.004406867 0.752677262 -0.005020260 0.999987423 0.000064351 -1.191771269 0.004407134 -0.000042226 0.999990225 41.635738373
0.999977350 0.004820992 -0.004696649 0.772745371 -0.004820340 0.999988377 0.000150265 -1.213169932 0.004697319 -0.000127622 0.999988973 42.175811768
0.999974370 0.005665227 -0.004371827 0.764768839 -0.005665183 0.999983907 0.000022311 -1.222082973 0.004371884 0.000002457 0.999990463 42.737819672
0.999975801 0.005347772 -0.004431346 0.775744796 -0.005346124 0.999985576 0.000383623 -1.240474939 0.004433334 -0.000359923 0.999990046 43.273960114
0.999973655 0.006008388 -0.004059028 0.783252180 -0.006009258 0.999981880 -0.000202313 -1.253164887 0.004057738 0.000226699 0.999991834 43.828929901
0.999976277 0.005160738 -0.004564708 0.788312733 -0.005158400 0.999986529 0.000523713 -1.274780273 0.004567350 -0.000500154 0.999989390 44.378471375
0.999974787 0.005321527 -0.004700222 0.801128745 -0.005322843 0.999985814 -0.000267634 -1.284470558 0.004698731 0.000292646 0.999988914 44.929954529
0.999975443 0.005953716 -0.003696553 0.803602159 -0.005955656 0.999982178 -0.000514018 -1.291345358 0.003693428 0.000536021 0.999993026 45.480163574
0.999976397 0.005284455 -0.004379327 0.809134483 -0.005282947 0.999985993 0.000355551 -1.317051053 0.004381144 -0.000332407 0.999990344 46.026176453
0.999977827 0.005144789 -0.004219504 0.818463802 -0.005144429 0.999986768 0.000095818 -1.332652092 0.004219941 -0.000074109 0.999991059 46.570774078
0.999975324 0.005274004 -0.004633297 0.824799895 -0.005273501 0.999986112 0.000120842 -1.340737104 0.004633869 -0.000096405 0.999989271 47.120552063
0.999979615 0.004895614 -0.004116849 0.826215386 -0.004894571 0.999988079 0.000263283 -1.357487082 0.004118088 -0.000243128 0.999991536 47.662830353
0.999978781 0.005317336 -0.003753849 0.827372372 -0.005317608 0.999985874 -0.000062531 -1.365777731 0.003753463 0.000082491 0.999992967 48.216396332
0.999979198 0.004751272 -0.004344977 0.837792754 -0.004749930 0.999988616 0.000319050 -1.386907458 0.004346443 -0.000298405 0.999990523 48.770011902
0.999979079 0.004656836 -0.004483164 0.853518605 -0.004653571 0.999988973 0.000738427 -1.408290505 0.004486552 -0.000717549 0.999989688 49.303810120
0.999976099 0.005856520 -0.003674509 0.858884037 -0.005853492 0.999982476 0.000834114 -1.426139355 0.003679330 -0.000812585 0.999992907 49.852405548
0.999977410 0.005096664 -0.004368466 0.862826526 -0.005094578 0.999986827 0.000488190 -1.436241984 0.004370896 -0.000465924 0.999990344 50.414775848
0.999979258 0.005047621 -0.003989931 0.865980685 -0.005048608 0.999987125 -0.000237269 -1.447207332 0.003988681 0.000257407 0.999992073 50.968040466
0.999979854 0.005291211 -0.003513380 0.869977713 -0.005290961 0.999985993 0.000080650 -1.463866234 0.003513758 -0.000062059 0.999993801 51.512512207
0.999974966 0.005187397 -0.004807921 0.885762036 -0.005186556 0.999986529 0.000187363 -1.483548641 0.004808828 -0.000162421 0.999988437 52.060649872
0.999976337 0.005382106 -0.004275889 0.893444538 -0.005384298 0.999985397 -0.000501223 -1.494201064 0.004273129 0.000524234 0.999990702 52.614215851
0.999979079 0.004931636 -0.004166814 0.898089767 -0.004930645 0.999987841 0.000247953 -1.516549945 0.004167986 -0.000227403 0.999991298 53.151470184
0.999975085 0.005602807 -0.004280898 0.906961441 -0.005601401 0.999984324 0.000340825 -1.532826900 0.004282741 -0.000316837 0.999990761 53.702350616
0.999975860 0.005414513 -0.004361114 0.915253937 -0.005415737 0.999985218 -0.000268826 -1.542182207 0.004359596 0.000292438 0.999990463 54.235778809
0.999977708 0.004935973 -0.004510103 0.927706301 -0.004935483 0.999987781 0.000119812 -1.559685111 0.004510640 -0.000097550 0.999989867 54.777343750
0.999976516 0.005100337 -0.004581071 0.933879912 -0.005099849 0.999986947 0.000118150 -1.577252626 0.004581615 -0.000094784 0.999989510 55.323921204
0.999979615 0.004960843 -0.004022185 0.939181983 -0.004961931 0.999987662 -0.000260503 -1.590714335 0.004020843 0.000280455 0.999991894 55.872802734
0.999975622 0.005243707 -0.004642197 0.944371462 -0.005244343 0.999986231 -0.000124479 -1.603686810 0.004641483 0.000148821 0.999989212 56.418228149
0.999979317 0.004645742 -0.004466312 0.962786913 -0.004646893 0.999989212 -0.000247324 -1.620044589 0.004465116 0.000268073 0.999989927 56.958049774
0.999973774 0.005752914 -0.004379438 0.967167437 -0.005752381 0.999983430 0.000134148 -1.634446859 0.004380138 -0.000108953 0.999990404 57.510356903
0.999977231 0.005392552 -0.004057087 0.971663654 -0.005393268 0.999985397 -0.000165411 -1.649706364 0.004056137 0.000187288 0.999991775 58.056282043
0.999974430 0.006277660 -0.003398514 0.980601609 -0.006278826 0.999980211 -0.000332723 -1.664767146 0.003396358 0.000354053 0.999994159 58.605705261
0.999976933 0.005549619 -0.003912739 0.985550761 -0.005554085 0.999983907 -0.001131269 -1.665624619 0.003906398 0.001152975 0.999991715 59.157283783
0.999977469 0.005605991 -0.003694381 0.996779740 -0.005610192 0.999983609 -0.001127839 -1.684194565 0.003687998 0.001148540 0.999992549 59.698577881
0.999976218 0.006228185 -0.002946839 0.996769965 -0.006231232 0.999980032 -0.001025886 -1.697869658 0.002940391 0.001044224 0.999995112 60.253658295
0.999976754 0.005566041 -0.003937779 1.007923722 -0.005570504 0.999983847 -0.001123450 -1.708805799 0.003931461 0.001145359 0.999991596 60.797725677
0.999975741 0.006295447 -0.002988374 1.012428403 -0.006299612 0.999979198 -0.001386081 -1.726842403 0.002979585 0.001404873 0.999994576 61.351291656
0.999975085 0.005969144 -0.003758772 1.027714968 -0.005974880 0.999981046 -0.001517034 -1.737355947 0.003749646 0.001539454 0.999991715 61.895259857
0.999976575 0.005493015 -0.004097237 1.044933796 -0.005498404 0.999984026 -0.001305233 -1.756214142 0.004090001 0.001327731 0.999990702 62.421691895
0.999975204 0.005858029 -0.003897486 1.045670271 -0.005863030 0.999981940 -0.001272466 -1.768224120 0.003889961 0.001295286 0.999991596 62.978359222
0.999975860 0.006088106 -0.003335570 1.046235085 -0.006092816 0.999980390 -0.001403279 -1.776251912 0.003326962 0.001423568 0.999993443 63.532093048
0.999971211 0.006717067 -0.003531187 1.054120064 -0.006722039 0.999976337 -0.001397546 -1.802484632 0.003521716 0.001421243 0.999992788 64.075897217
0.999976158 0.006250164 -0.002951134 1.057956457 -0.006254273 0.999979436 -0.001384499 -1.813531280 0.002942421 0.001402923 0.999994636 64.621810913
0.999973178 0.006358969 -0.003671301 1.069312811 -0.006364352 0.999978602 -0.001456159 -1.824396610 0.003661963 0.001479485 0.999992192 65.168174744
0.999975026 0.006221777 -0.003355543 1.079249740 -0.006226128 0.999979734 -0.001287495 -1.843639970 0.003347465 0.001308355 0.999993563 65.721397400
0.999974847 0.006317996 -0.003236607 1.090869188 -0.006322841 0.999978840 -0.001488699 -1.857107639 0.003227134 0.001509126 0.999993622 66.262550354
0.999974191 0.006408425 -0.003260156 1.095729232 -0.006414075 0.999977887 -0.001725246 -1.870344996 0.003249028 0.001746112 0.999993205 66.786361694
0.999973834 0.006586748 -0.002989282 1.091013551 -0.006590767 0.999977350 -0.001336449 -1.893344283 0.002980410 0.001356115 0.999994636 67.348701477
0.999976158 0.006206991 -0.003047188 1.098512650 -0.006209894 0.999980271 -0.000943849 -1.911340475 0.003041270 0.000962749 0.999994934 67.891578674
0.999971926 0.007172153 -0.002186767 1.103885889 -0.007172829 0.999974251 -0.000301552 -1.934795260 0.002184548 0.000317229 0.999997556 68.437377930
0.999968946 0.007224473 -0.003133989 1.124257922 -0.007226030 0.999973774 -0.000485681 -1.956442356 0.003130398 0.000508313 0.999994934 68.967582703
0.999970317 0.007195501 -0.002766756 1.128260374 -0.007199017 0.999973297 -0.001263026 -1.959187865 0.002757594 0.001282907 0.999995351 69.524406433
0.999971688 0.007059420 -0.002615014 1.142811537 -0.007061503 0.999974728 -0.000787807 -1.983953714 0.002609387 0.000806251 0.999996305 70.058639526
0.999971151 0.007198059 -0.002418725 1.139899850 -0.007200052 0.999973774 -0.000816300 -1.997544885 0.002412787 0.000833691 0.999996722 70.600135803
0.999967575 0.007643683 -0.002533556 1.151119709 -0.007645682 0.999970496 -0.000780542 -2.013058424 0.002527516 0.000799888 0.999996424 71.147377014
0.999971032 0.007275548 -0.002226601 1.150092483 -0.007278576 0.999972701 -0.001354004 -2.022996426 0.002216690 0.001370172 0.999996543 71.691726685
0.999969661 0.007346114 -0.002576904 1.164290190 -0.007347440 0.999972880 -0.000505344 -2.051644325 0.002573121 0.000524262 0.999996543 72.212867737
0.999967158 0.007491748 -0.003083256 1.178057909 -0.007493129 0.999971867 -0.000436428 -2.070841312 0.003079900 0.000459517 0.999995112 72.759445190
0.999972999 0.006865332 -0.002615933 1.180624008 -0.006867317 0.999976158 -0.000751483 -2.084606886 0.002610712 0.000769427 0.999996305 73.300033569
0.999972522 0.007020172 -0.002336092 1.185970902 -0.007020793 0.999975324 -0.000258212 -2.101526499 0.002334221 0.000274606 0.999997318 73.845123291
0.999972165 0.006915874 -0.002785393 1.200380087 -0.006917842 0.999975741 -0.000697758 -2.117077589 0.002780500 0.000717007 0.999995887 74.374038696
0.999969482 0.007251970 -0.002894927 1.213758826 -0.007252348 0.999973655 -0.000120380 -2.137240410 0.002893978 0.000141371 0.999995768 74.906677246
0.999975741 0.006290238 -0.003001432 1.224250555 -0.006291073 0.999980211 -0.000268989 -2.151332140 0.002999680 0.000287865 0.999995530 75.440757751
0.999973655 0.006591479 -0.003048363 1.235412717 -0.006592844 0.999978185 -0.000437165 -2.170287609 0.003045415 0.000457251 0.999995172 75.994354248
0.999966741 0.007195580 -0.003845471 1.246165514 -0.007197661 0.999973953 -0.000527235 -2.184214830 0.003841578 0.000554895 0.999992430 76.544326782
0.999972641 0.006791304 -0.002954231 1.251048207 -0.006793460 0.999976754 -0.000720588 -2.200671196 0.002949268 0.000740637 0.999995351 77.092941284
0.999972701 0.006654636 -0.003193118 1.268475056 -0.006656039 0.999977767 -0.000428465 -2.217314243 0.003190196 0.000449707 0.999994755 77.622810364
0.999973297 0.006374647 -0.003559647 1.283421040 -0.006374482 0.999979615 0.000057605 -2.241517544 0.003559942 -0.000034912 0.999993622 78.160392761
0.999970555 0.006735896 -0.003680363 1.291756988 -0.006738845 0.999977052 -0.000789890 -2.249223948 0.003674957 0.000814668 0.999992907 78.717803955
0.999969780 0.007084627 -0.003245808 1.299447298 -0.007084721 0.999974906 -0.000016952 -2.267179251 0.003245607 0.000039948 0.999994755 79.247703552
0.999968052 0.007483700 -0.002833652 1.304069042 -0.007483582 0.999972045 0.000052839 -2.283072233 0.002833968 -0.000031631 0.999995947 79.796607971
0.999967337 0.007279576 -0.003494958 1.321394205 -0.007281351 0.999973297 -0.000494598 -2.296204805 0.003491264 0.000520029 0.999993742 80.323677063
0.999971926 0.007187499 -0.002075884 1.328018665 -0.007188372 0.999974072 -0.000413588 -2.310688496 0.002072858 0.000428499 0.999997735 80.877555847
0.999967217 0.008032351 -0.000979300 1.334335923 -0.008032371 0.999967754 -0.000018163 -2.328605890 0.000979123 0.000026029 0.999999523 81.423667908
0.999971271 0.007577286 0.000237324 1.349555016 -0.007577243 0.999971211 -0.000173378 -2.349781752 -0.000238632 0.000171576 0.999999940 81.953224182
0.999972165 0.007282305 0.001623705 1.362254143 -0.007281993 0.999973476 -0.000198473 -2.363489151 -0.001625109 0.000186643 0.999998689 82.492141724
0.999958932 0.007530204 0.005038637 1.381177664 -0.007528294 0.999971569 -0.000397809 -2.376082420 -0.005041490 0.000359860 0.999987245 83.044898987
0.999936879 0.007579750 0.008289696 1.397494078 -0.007583936 0.999971151 0.000473746 -2.393651485 -0.008285867 -0.000536585 0.999965549 83.579872131
0.999898732 0.007917896 0.011823501 1.413488388 -0.007917568 0.999968648 -0.000074668 -2.412062168 -0.011823721 -0.000018954 0.999930084 84.112068176
0.999833584 0.007435510 0.016658287 1.440508723 -0.007438674 0.999972284 0.000127851 -2.431583643 -0.016656876 -0.000251745 0.999861300 84.659812927
0.999720037 0.007803132 0.022335682 1.470400810 -0.007807355 0.999969542 0.000101876 -2.448751688 -0.022334205 -0.000276229 0.999750495 85.195930481
0.999577105 0.007525812 0.028088067 1.502569437 -0.007533764 0.999971628 0.000177248 -2.466570139 -0.028085936 -0.000388781 0.999605417 85.743659973
0.999414325 0.006569643 0.033584598 1.540225863 -0.006578354 0.999978364 0.000148839 -2.479552507 -0.033582892 -0.000369684 0.999435842 86.274108887
0.999094009 0.007758927 0.041844644 1.570763350 -0.007765343 0.999969840 -0.000009185 -2.494543076 -0.041843455 -0.000315762 0.999124110 86.840026855
0.998716533 0.007901229 0.050030090 1.616978645 -0.007922266 0.999968588 0.000222213 -2.512822390 -0.050026763 -0.000618279 0.998747706 87.392860413
0.998357117 0.007221664 0.056841370 1.666110992 -0.007238420 0.999973774 0.000088888 -2.526398659 -0.056839254 -0.000500184 0.998383224 87.934936523
0.997814894 0.007134947 0.065685555 1.721967697 -0.007129738 0.999974489 -0.000313718 -2.537917376 -0.065686129 -0.000155288 0.997840345 88.485786438
0.997090161 0.007362204 0.075873800 1.784299850 -0.007378619 0.999972701 -0.000063984 -2.558676958 -0.075872183 -0.000496045 0.997117400 89.009750366
0.996406555 0.006664640 0.084435724 1.844698429 -0.006652713 0.999977708 -0.000422627 -2.566392899 -0.084436670 -0.000140619 0.996428788 89.563468933
0.995689273 0.006918928 0.092493527 1.914605141 -0.006894815 0.999976039 -0.000580225 -2.586910963 -0.092495322 -0.000060002 0.995713234 90.116127014
0.994655728 0.006704466 0.103029124 1.996758938 -0.006654166 0.999977469 -0.000831913 -2.597868443 -0.103032388 0.000141895 0.994677961 90.660522461
0.993424714 0.007729692 0.114225782 2.073286057 -0.007774536 0.999969780 -0.000052892 -2.625658989 -0.114222735 -0.000835509 0.993454814 91.198989868
0.992409706 0.006414637 0.122808330 2.161330223 -0.006403454 0.999979377 -0.000485769 -2.637298822 -0.122808896 -0.000304314 0.992430389 91.751197815
0.990936220 0.006516568 0.134175330 2.246846199 -0.006519840 0.999978662 -0.000415003 -2.646409988 -0.134175166 -0.000463561 0.990957558 92.275177002
0.989223540 0.005948208 0.146292388 2.343004227 -0.005905655 0.999982297 -0.000725196 -2.665976048 -0.146294132 -0.000146571 0.989241242 92.864997864
0.987526417 0.006228750 0.157330319 2.446023941 -0.006262791 0.999980330 -0.000279388 -2.687551975 -0.157328963 -0.000709424 0.987545967 93.415092468
0.985863507 0.005309425 0.167466238 2.559044838 -0.005250381 0.999985814 -0.000795331 -2.697581291 -0.167468160 -0.000095173 0.985877514 93.952011108
0.983634114 0.005216749 0.180102080 2.685111046 -0.005214465 0.999986231 -0.000486118 -2.717660189 -0.180102170 -0.000460974 0.983647943 94.468170166
0.981242299 0.004937689 0.192714900 2.802749634 -0.004877830 0.999987721 -0.000785071 -2.728714943 -0.192716435 -0.000169686 0.981254458 95.005035400
0.979162395 0.004637732 0.203025654 2.931610107 -0.004592604 0.999989152 -0.000693394 -2.743373156 -0.203026682 -0.000253471 0.979173124 95.534805298
0.976472080 0.004724999 0.215592146 3.084320068 -0.004658523 0.999988735 -0.000816491 -2.756113052 -0.215593576 -0.000207060 0.976483166 96.068359375
0.973317742 0.004064435 0.229425251 3.219593048 -0.003970268 0.999991715 -0.000872053 -2.773538828 -0.229426876 -0.000062095 0.973325908 96.601547241
0.970680356 0.003674432 0.240345791 3.368526459 -0.003613964 0.999993205 -0.000692352 -2.793210745 -0.240346700 -0.000196549 0.970687032 97.125839233
0.967624724 0.003507940 0.252368808 3.522905350 -0.003394637 0.999993801 -0.000884359 -2.806860924 -0.252370387 -0.000000972 0.967630804 97.638938904
0.963658690 0.003487258 0.267113417 3.667320251 -0.003227722 0.999993742 -0.001410692 -2.809731245 -0.267116666 0.000497258 0.963664055 98.203422546
0.960056663 0.003098393 0.279788554 3.827817917 -0.002988700 0.999995172 -0.000818683 -2.843058109 -0.279789746 -0.000050222 0.960061312 98.735717773
0.956935704 0.002493000 0.290289611 4.010873795 -0.002350682 0.999996901 -0.000838955 -2.859520912 -0.290290773 0.000120447 0.956938505 99.249465942
0.952746809 0.002248843 0.303757280 4.205438614 -0.002185049 0.999997437 -0.000549908 -2.877447605 -0.303757757 -0.000139802 0.952749252 99.752342224
0.948082387 0.002401679 0.318015665 4.395160675 -0.002347827 0.999997079 -0.000552609 -2.893561602 -0.318016112 -0.000222726 0.948085248 100.290702820
0.944077909 0.001743324 0.329717696 4.595621109 -0.001537647 0.999998331 -0.000884582 -2.901514530 -0.329718739 0.000328126 0.944079161 100.808670044
0.939409316 0.001623367 0.342793703 4.796209335 -0.001392507 0.999998629 -0.000919593 -2.923329353 -0.342794776 0.000386532 0.939410329 101.312858582
0.934305072 0.001316785 0.356471837 5.028022766 -0.001059639 0.999999046 -0.000916646 -2.940673351 -0.356472641 0.000478695 0.934305608 101.828498840
0.929561555 0.001126482 0.368665069 5.252346039 -0.000983015 0.999999344 -0.000576969 -2.957943439 -0.368665457 0.000173925 0.929562092 102.336296082
0.924915969 0.000891654 0.380170643 5.475419998 -0.000514396 0.999999285 -0.001093930 -2.971463919 -0.380171299 0.000816236 0.924915731 102.828559875
0.918773055 -0.000045597 0.394786090 5.715503693 0.000393379 0.999999583 -0.000800000 -2.983452320 -0.394785970 0.000890319 0.918772697 103.347679138
0.912656665 -0.000423763 0.408726752 5.952732086 0.000678490 0.999999583 -0.000478232 -2.998672724 -0.408726484 0.000713779 0.912656605 103.835197449
0.907805622 -0.001436197 0.419388741 6.203769684 0.001706215 0.999998510 -0.000268764 -3.014875889 -0.419387758 0.000959553 0.907806754 104.309059143
0.901696682 -0.001232941 0.432367384 6.469806671 0.001657402 0.999998391 -0.000604891 -3.035070658 -0.432365924 0.001262035 0.901697338 104.823112488
0.895071626 -0.001117628 0.445921004 6.735496521 0.001351883 0.999999106 -0.000207221 -3.059710979 -0.445920378 0.000788310 0.895072341 105.289970398
0.888969362 -0.001913306 0.457962722 7.017375946 0.002777196 0.999995470 -0.001213079 -3.062431335 -0.457958370 0.002350242 0.888970494 105.798919678
0.883250892 -0.002786539 0.468892455 7.280220032 0.003446993 0.999993861 -0.000550313 -3.078141928 -0.468888074 0.002102333 0.883255064 106.285217285
0.875952780 -0.002501467 0.482390374 7.566631317 0.003248227 0.999994516 -0.000712786 -3.091290236 -0.482385963 0.002191281 0.875955999 106.764190674
