1.000000000 0.000000000 0.000000000 0.000000000 0.000000000 1.000000000 0.000000000 0.000000000 0.000000000 0.000000000 1.000000000 0.000000000
1.000000000 0.000070824 0.000073256 -0.000661710 -0.000070832 1.000000000 0.000113929 -0.000120176 -0.000073248 -0.000113934 1.000000000 0.000153397
1.000000000 -0.000013093 0.000096326 -0.001008496 0.000013093 1.000000000 -0.000002074 0.000653956 -0.000096326 0.000002076 1.000000000 -0.000008147
1.000000000 0.000035269 0.000045121 -0.000313136 -0.000035271 1.000000000 0.000048460 -0.000485239 -0.000045119 -0.000048462 1.000000000 0.000154341
1.000000000 0.000091458 0.000189183 -0.001280267 -0.000091467 1.000000000 0.000047740 -0.000132239 -0.000189179 -0.000047757 1.000000000 0.000406973
1.000000000 -0.000122542 -0.000000991 0.000114532 0.000122542 1.000000000 0.000000041 0.000193510 0.000000991 -0.000000041 1.000000000 -0.000047864
1.000000000 0.000039968 0.000108913 -0.001291475 -0.000039978 1.000000000 0.000093191 -0.000786543 -0.000108909 -0.000093195 1.000000000 -0.000839763
1.000000000 0.000057949 0.000042385 -0.000621341 -0.000057948 1.000000000 -0.000022376 -0.000088437 -0.000042386 0.000022374 1.000000000 -0.000323229
1.000000000 0.000094233 0.000170155 -0.001472358 -0.000094236 1.000000000 0.000017934 -0.000937317 -0.000170153 -0.000017950 1.000000000 -0.000356756
1.000000000 0.000125604 0.000195957 -0.002000420 -0.000125633 1.000000000 0.000148224 -0.001121344 -0.000195938 -0.000148248 0.999999940 0.000544401
1.000000000 0.000105485 0.000180591 -0.001402332 -0.000105500 1.000000000 0.000082171 -0.000694339 -0.000180582 -0.000082190 1.000000000 -0.000249723
1.000000000 0.000079751 0.000157571 -0.001210224 -0.000079756 1.000000000 0.000028674 -0.001081499 -0.000157569 -0.000028686 1.000000000 -0.000403853
1.000000000 0.000071674 0.000123999 -0.000945256 -0.000071678 1.000000000 0.000032831 -0.000013844 -0.000123997 -0.000032840 1.000000000 0.000101588
1.000000000 0.000119980 0.000146073 -0.001839766 -0.000119970 1.000000000 -0.000070883 0.000801545 -0.000146082 0.000070866 1.000000000 0.000133652
1.000000000 0.000117931 0.000077916 -0.000366391 -0.000117932 1.000000000 0.000010386 0.001217336 -0.000077915 -0.000010395 1.000000000 0.001340472
0.999999940 0.000203916 0.000168116 -0.001431966 -0.000203907 1.000000000 -0.000050797 0.001205985 -0.000168127 0.000050762 1.000000000 0.001329109
0.999999940 0.000314037 0.000182583 -0.001841750 -0.000314040 0.999999940 0.000015811 0.000534463 -0.000182578 -0.000015868 1.000000000 0.001992282
0.999999940 0.000204320 0.000231261 -0.002038259 -0.000204318 1.000000000 -0.000008225 0.001648356 -0.000231263 0.000008178 1.000000000 0.003021903
0.999999940 0.000243760 0.000261797 -0.002085526 -0.000243737 0.999999940 -0.000085339 0.001427321 -0.000261818 0.000085275 0.999999940 0.001495430
0.999999940 0.000292074 0.000300006 -0.002820541 -0.000292080 0.999999940 0.000020266 0.000789268 -0.000300000 -0.000020353 0.999999940 0.002524131
0.999999940 0.000286630 0.000199711 -0.002238228 -0.000286616 0.999999940 -0.000066641 0.001869121 -0.000199730 0.000066584 1.000000000 0.002383825
0.999999940 0.000306182 0.000206094 -0.002155919 -0.000306172 0.999999940 -0.000053228 0.001696318 -0.000206110 0.000053165 1.000000000 0.002995407
0.999999940 0.000215777 0.000213102 -0.002426982 -0.000215774 1.000000000 -0.000016139 0.001418000 -0.000213106 0.000016093 1.000000000 0.001825193
0.999999881 0.000378753 0.000206982 -0.002881594 -0.000378754 0.999999940 0.000002777 0.001689604 -0.000206980 -0.000002855 1.000000000 0.003232561
0.999999940 0.000302060 0.000243163 -0.002272063 -0.000302071 0.999999940 0.000046578 0.000853942 -0.000243149 -0.000046651 0.999999940 0.002373758
0.999999940 0.000258548 0.000275702 -0.002835231 -0.000258533 0.999999940 -0.000054412 0.002791870 -0.000275716 0.000054340 0.999999940 0.003656547
0.999999881 0.000362919 0.000235294 -0.002242812 -0.000362931 0.999999940 0.000053588 0.001233828 -0.000235275 -0.000053674 1.000000000 0.002235938
0.999999940 0.000303570 0.000146144 -0.002157280 -0.000303560 0.999999940 -0.000067653 0.001919285 -0.000146164 0.000067609 1.000000000 0.001819298
0.999999940 0.000355314 0.000175978 -0.002075288 -0.000355285 0.999999940 -0.000161792 0.003235569 -0.000176035 0.000161729 1.000000000 0.002488016
0.999999881 0.000371649 0.000268424 -0.001994532 -0.000371627 0.999999940 -0.000081648 0.001809670 -0.000268454 0.000081548 0.999999940 0.002664960
0.999999881 0.000414788 0.000338246 -0.003005466 -0.000414763 0.999999940 -0.000072756 0.002327984 -0.000338276 0.000072616 0.999999940 0.002660397
0.999999881 0.000416527 0.000227601 -0.002116453 -0.000416509 0.999999881 -0.000076734 0.002203060 -0.000227633 0.000076640 1.000000000 0.002833623
0.999999940 0.000352725 0.000213669 -0.001735766 -0.000352728 0.999999940 0.000010856 0.000246438 -0.000213665 -0.000010932 1.000000000 0.001459485
0.999999821 0.000490388 0.000342561 -0.003581320 -0.000490395 0.999999881 0.000021094 0.000762579 -0.000342551 -0.000021262 0.999999940 0.002555793
0.999999881 0.000400566 0.000248851 -0.001997895 -0.000400539 0.999999940 -0.000105921 0.001920598 -0.000248894 0.000105822 0.999999940 0.002386610
0.999999881 0.000333603 0.000269886 -0.003322914 -0.000333588 0.999999940 -0.000056159 0.001642542 -0.000269905 0.000056069 0.999999940 0.002721765
0.999999881 0.000375347 0.000212486 -0.002520562 -0.000375327 0.999999940 -0.000093600 0.003100271 -0.000212521 0.000093520 1.000000000 0.003049553
0.999999821 0.000479152 0.000299578 -0.002843920 -0.000479133 0.999999881 -0.000063027 0.002188149 -0.000299608 0.000062883 0.999999940 0.002795580
0.999999881 0.000443768 0.000254816 -0.001755651 -0.000443767 0.999999881 -0.000002668 0.001781611 -0.000254818 0.000002555 0.999999940 0.001494296
0.999999940 0.000262383 0.000217787 -0.001289739 -0.000262366 0.999999940 -0.000081270 0.001057138 -0.000217809 0.000081213 1.000000000 0.001769342
0.999999881 0.000405348 0.000305870 -0.000629286 -0.000405183 0.999999762 -0.000539107 -0.002622094 -0.000306088 0.000538983 0.999999821 0.047728401
0.999999762 0.000569794 0.000303691 0.000693494 -0.000569443 0.999999166 -0.001153077 -0.003812066 -0.000304348 0.001152903 0.999999225 0.139350325
0.999999285 0.001130380 0.000172871 -0.000474075 -0.001130162 0.999998569 -0.001255154 -0.006693491 -0.000174290 0.001254957 0.999999225 0.252904683
0.999999106 0.001335150 0.000263665 0.001958306 -0.001334840 0.999998450 -0.001170661 -0.009964825 -0.000265227 0.001170308 0.999999344 0.383659095
0.999999344 0.001125262 0.000142537 0.005353405 -0.001125120 0.999998927 -0.000987988 -0.013723430 -0.000143648 0.000987827 0.999999523 0.524622917
0.999999881 0.000372228 0.000164287 0.012306937 -0.000372181 0.999999881 -0.000281191 -0.028358767 -0.000164391 0.000281129 0.999999940 0.677992642
1.000000000 0.000261233 0.000153254 0.017396893 -0.000261239 1.000000000 0.000040886 -0.031440806 -0.000153244 -0.000040926 1.000000000 0.839877665
0.999999940 0.000304064 0.000117683 0.020053523 -0.000304072 1.000000000 0.000071011 -0.036717102 -0.000117661 -0.000071047 1.000000000 1.013222575
0.999999464 0.000841655 0.000587310 0.017256664 -0.000841530 0.999999642 -0.000213068 -0.038663782 -0.000587489 0.000212574 0.999999821 1.193035960
0.999999046 0.001106275 0.000814173 0.017260365 -0.001106423 0.999999344 0.000180590 -0.046065908 -0.000813973 -0.000181490 0.999999642 1.375585914
0.999999344 0.000829984 0.000671253 0.025898641 -0.000830098 0.999999642 0.000169804 -0.053701714 -0.000671111 -0.000170361 0.999999762 1.564879537
0.999999642 0.000500405 0.000700551 0.033708956 -0.000500601 0.999999821 0.000280229 -0.057348803 -0.000700410 -0.000280580 0.999999702 1.765713692
0.999999344 0.000655010 0.000949131 0.029054042 -0.000655430 0.999999642 0.000442523 -0.067007191 -0.000948841 -0.000443145 0.999999464 1.960420489
0.999999702 0.000101733 0.000734782 0.039249524 -0.000102135 0.999999821 0.000547922 -0.073689133 -0.000734726 -0.000547996 0.999999583 2.177223921
0.999999583 0.000459691 0.000780133 0.041050013 -0.000460120 0.999999762 0.000549542 -0.079708286 -0.000779880 -0.000549900 0.999999523 2.394075155
0.999999404 0.000576061 0.000952657 0.044481520 -0.000576382 0.999999762 0.000337023 -0.084824428 -0.000952462 -0.000337572 0.999999464 2.617530584
0.999999285 0.000539467 0.001054299 0.048354551 -0.000539940 0.999999762 0.000448908 -0.093692422 -0.001054057 -0.000449477 0.999999285 2.847060680
0.999999583 0.000444323 0.000773228 0.058085419 -0.000444742 0.999999702 0.000542450 -0.095314600 -0.000772987 -0.000542794 0.999999523 3.099621534
0.999999523 0.000500024 0.000822681 0.064801358 -0.000500807 0.999999404 0.000952534 -0.106572062 -0.000822204 -0.000952945 0.999999225 3.337311268
0.999999583 0.000518327 0.000921350 0.070377164 -0.000519061 0.999999523 0.000795719 -0.111983672 -0.000920938 -0.000796197 0.999999285 3.600257635
0.999999285 0.000524567 0.001101125 0.072148383 -0.000525775 0.999999285 0.001096850 -0.119388528 -0.001100549 -0.001097428 0.999998808 3.856100082
0.999999106 0.000624866 0.001109655 0.076443948 -0.000625216 0.999999702 0.000315266 -0.117651060 -0.001109458 -0.000315960 0.999999344 4.113549232
0.999998927 0.000629752 0.001298486 0.082678266 -0.000630037 0.999999821 0.000219265 -0.120830864 -0.001298347 -0.000220083 0.999999166 4.373884201
0.999998927 0.000544004 0.001388015 0.085776351 -0.000544496 0.999999821 0.000353558 -0.129772186 -0.001387822 -0.000354313 0.999999046 4.631067753
0.999999166 0.000485330 0.001143804 0.094476297 -0.000486633 0.999999225 0.001139645 -0.147783458 -0.001143250 -0.001140200 0.999998689 4.879350185
0.999999166 0.000770029 0.001036463 0.100885108 -0.000771399 0.999998868 0.001322131 -0.155024245 -0.001035444 -0.001322930 0.999998629 5.136501312
0.999998808 0.000672929 0.001471275 0.104005590 -0.000674727 0.999999046 0.001222074 -0.163217828 -0.001470451 -0.001223065 0.999998093 5.405539513
0.999998391 0.000765991 0.001608270 0.106323086 -0.000768134 0.999998808 0.001332229 -0.174519733 -0.001607248 -0.001333463 0.999997735 5.669826508
0.999998152 0.000599093 0.001819123 0.110465735 -0.000602198 0.999998391 0.001706638 -0.187475994 -0.001818098 -0.001707731 0.999996901 5.939787388
0.999997854 0.000868072 0.001853950 0.116317913 -0.000871275 0.999998152 0.001727861 -0.196204051 -0.001852447 -0.001729473 0.999996781 6.216917038
0.999997854 0.001014135 0.001802572 0.127855927 -0.001015740 0.999999046 0.000889950 -0.187208906 -0.001801668 -0.000891779 0.999997973 6.511567593
0.999997735 0.001163319 0.001791553 0.129952461 -0.001165548 0.999998510 0.001243485 -0.200222820 -0.001790104 -0.001245570 0.999997556 6.798891068
0.999998510 0.000905580 0.001484629 0.140535697 -0.000907286 0.999998868 0.001148491 -0.206614107 -0.001483587 -0.001149836 0.999998212 7.094971657
0.999999046 0.000664034 0.001238101 0.147580072 -0.000665674 0.999998927 0.001325170 -0.219011545 -0.001237220 -0.001325993 0.999998331 7.389547825
0.999997556 0.000826411 0.002055766 0.149690151 -0.000830116 0.999997973 0.001802121 -0.238641679 -0.002054273 -0.001803824 0.999996185 7.698104382
0.999996603 0.001308659 0.002233980 0.157113150 -0.001312353 0.999997735 0.001653033 -0.241582260 -0.002231812 -0.001655959 0.999996066 8.018190384
0.999997139 0.001200241 0.002073620 0.157766968 -0.001203671 0.999997854 0.001653850 -0.252117068 -0.002071631 -0.001656342 0.999996424 8.334004402
0.999997556 0.000962824 0.001972632 0.167341918 -0.000966171 0.999998093 0.001696390 -0.260578334 -0.001970995 -0.001698292 0.999996603 8.657317162
0.999997318 0.001261932 0.001940629 0.176989526 -0.001264513 0.999998331 0.001329782 -0.266677439 -0.001938947 -0.001332232 0.999997258 9.000782013
0.999997318 0.001535034 0.001705852 0.187619448 -0.001537194 0.999997973 0.001266019 -0.278745025 -0.001703905 -0.001268638 0.999997795 9.343761444
0.999996245 0.002016913 0.001836592 0.186399981 -0.002020505 0.999996066 0.001956140 -0.299745917 -0.001832640 -0.001959844 0.999996424 9.672623634
0.999996901 0.001782845 0.001724770 0.195270091 -0.001786996 0.999995589 0.002408229 -0.310984403 -0.001720469 -0.002411304 0.999995649 10.029794693
0.999996841 0.001558462 0.001945794 0.202335715 -0.001560601 0.999998152 0.001098060 -0.303090513 -0.001944079 -0.001101093 0.999997437 10.393094063
0.999997020 0.001469704 0.001908195 0.221796095 -0.001472689 0.999997675 0.001563921 -0.318779469 -0.001905893 -0.001566727 0.999996960 10.746921539
0.999997318 0.001372558 0.001834334 0.229088873 -0.001375173 0.999998033 0.001425078 -0.326729834 -0.001832375 -0.001427597 0.999997318 11.116128922
0.999998093 0.001262050 0.001484533 0.240059569 -0.001264651 0.999997616 0.001752817 -0.337654799 -0.001482317 -0.001754691 0.999997318 11.494298935
0.999997675 0.001361845 0.001753712 0.244766593 -0.001364989 0.999997437 0.001793371 -0.348318040 -0.001751265 -0.001795760 0.999996781 11.869594574
0.999997437 0.001327091 0.001848164 0.248266265 -0.001330378 0.999997556 0.001778175 -0.359430939 -0.001845800 -0.001780629 0.999996722 12.257459641
0.999997973 0.000903679 0.001809099 0.261627853 -0.000907589 0.999997258 0.002161344 -0.374418408 -0.001807141 -0.002162982 0.999996066 12.643384933
0.999996901 0.001483332 0.001998782 0.265538156 -0.001488127 0.999996006 0.002399622 -0.384830713 -0.001995215 -0.002402589 0.999995112 13.048382759
0.999995768 0.001626404 0.002405618 0.275493503 -0.001631552 0.999996364 0.002139613 -0.395650685 -0.002402129 -0.002143529 0.999994814 13.454463959
0.999996126 0.001514521 0.002346218 0.288925678 -0.001520056 0.999996066 0.002359091 -0.407180190 -0.002342636 -0.002362648 0.999994457 13.860077858
0.999994874 0.001728879 0.002728734 0.295350820 -0.001735487 0.999995649 0.002421024 -0.417162657 -0.002724536 -0.002425747 0.999993324 14.278903961
0.999991894 0.002074547 0.003447979 0.305115581 -0.002083227 0.999994695 0.002515522 -0.429317504 -0.003442742 -0.002522684 0.999990821 14.702971458
0.999992311 0.002030758 0.003346336 0.310640663 -0.002038874 0.999995053 0.002423604 -0.437803030 -0.003341397 -0.002430408 0.999991477 15.138105392
0.999994576 0.001075061 0.003121700 0.335394263 -0.001083515 0.999995768 0.002707930 -0.462066770 -0.003118775 -0.002711297 0.999991477 15.557858467
0.999993622 0.000856336 0.003481689 0.342795670 -0.000865104 0.999996483 0.002517439 -0.471869111 -0.003479521 -0.002520435 0.999990821 16.001005173
0.999989808 0.001723908 0.004179733 0.350375384 -0.001736147 0.999994159 0.002926359 -0.485932887 -0.004174665 -0.002933585 0.999987006 16.437585831
0.999988258 0.001595942 0.004576998 0.359862387 -0.001608442 0.999994993 0.002728703 -0.498608887 -0.004572621 -0.002736032 0.999985874 16.887226105
0.999986887 0.001897150 0.004751907 0.373896122 -0.001909056 0.999994993 0.002502346 -0.513084054 -0.004747135 -0.002511385 0.999985576 17.330190659
0.999987602 0.001789615 0.004636147 0.388079464 -0.001802542 0.999994516 0.002785568 -0.525590301 -0.004631137 -0.002793891 0.999985337 17.795671463
0.999987543 0.000776848 0.004932780 0.407015055 -0.000791426 0.999995351 0.002954072 -0.544149518 -0.004930462 -0.002957939 0.999983490 18.263727188
0.999987721 0.000031147 0.004954505 0.421329141 -0.000045860 0.999995649 0.002969537 -0.553714752 -0.004954390 -0.002969728 0.999983311 18.728944778
0.999986887 0.000959893 0.005046242 0.436064184 -0.000974061 0.999995649 0.002805916 -0.566298425 -0.005043526 -0.002810795 0.999983311 19.216304779
0.999984324 0.001878241 0.005259054 0.445726633 -0.001893475 0.999993980 0.002893042 -0.590232491 -0.005253590 -0.002902955 0.999981999 19.680181503
0.999985039 0.001812800 0.005155421 0.454610646 -0.001831234 0.999991953 0.003573198 -0.609069288 -0.005148903 -0.003582585 0.999980330 20.165714264
0.999985933 0.001733586 0.004997290 0.471922696 -0.001749940 0.999993145 0.003270228 -0.621341050 -0.004991586 -0.003278927 0.999982178 20.654474258
0.999986231 0.001664962 0.004976247 0.478718758 -0.001682225 0.999992549 0.003466945 -0.642199039 -0.004970436 -0.003475269 0.999981582 21.155220032
0.999987006 0.002008217 0.004679572 0.492565781 -0.002024114 0.999992132 0.003394863 -0.652734816 -0.004672719 -0.003404291 0.999983251 21.648506165
0.999989152 0.002291348 0.004031585 0.506642580 -0.002306268 0.999990404 0.003700064 -0.667283416 -0.004023068 -0.003709322 0.999984980 22.162258148
0.999991059 0.001561560 0.003908132 0.516494930 -0.001575102 0.999992728 0.003464561 -0.681604505 -0.003902693 -0.003470686 0.999986351 22.667022705
0.999991775 0.001423727 0.003789196 0.526566803 -0.001438323 0.999991477 0.003852071 -0.711869597 -0.003783680 -0.003857489 0.999985397 23.158161163
0.999992967 0.001711295 0.003317873 0.533616960 -0.001723913 0.999991298 0.003803994 -0.729802072 -0.003311334 -0.003809687 0.999987245 23.671962738
0.999996126 0.000533058 0.002722647 0.542365491 -0.000543353 0.999992609 0.003781853 -0.748555958 -0.002720611 -0.003783317 0.999989212 24.196928024
0.999998093 0.001043612 0.001712964 0.566889763 -0.001050689 0.999990880 0.004135960 -0.763727069 -0.001708632 -0.004137752 0.999989986 24.749534607
0.999998152 0.001426123 0.001270851 0.575664818 -0.001432062 0.999988019 0.004684665 -0.785710156 -0.001264155 -0.004686476 0.999988198 25.279098511
0.999998808 0.001380080 0.000660783 0.581510007 -0.001382806 0.999990463 0.004142267 -0.794801474 -0.000655060 -0.004143176 0.999991179 25.817094803
0.999998152 0.001847439 0.000488381 0.595036507 -0.001849431 0.999989867 0.004110189 -0.807805598 -0.000480783 -0.004111085 0.999991357 26.359546661
0.999998033 0.001827763 0.000759182 0.600241303 -0.001831153 0.999988258 0.004489807 -0.820628524 -0.000750967 -0.004491189 0.999989569 26.912723541
0.999998391 0.001721823 0.000311455 0.609730124 -0.001723289 0.999987125 0.004768603 -0.843129754 -0.000303240 -0.004769133 0.999988496 27.455249786
0.999996364 0.002639287 0.000341590 0.614762306 -0.002640780 0.999986649 0.004443579 -0.853590012 -0.000329858 -0.004444466 0.999990046 28.013402939
0.999995768 0.002876651 0.000332725 0.625242591 -0.002878148 0.999985278 0.004589943 -0.864656925 -0.000319516 -0.004590881 0.999989390 28.548463821
0.999996901 0.002471870 0.000307031 0.633093119 -0.002473285 0.999986053 0.004698012 -0.880924940 -0.000295414 -0.004698756 0.999988914 29.093667984
0.999995828 0.002856971 0.000074542 0.642956913 -0.002857256 0.999987423 0.004144839 -0.890089095 -0.000062699 -0.004145036 0.999991357 29.631912231
0.999996245 0.002701378 -0.000351649 0.649213672 -0.002699660 0.999984801 0.004799169 -0.905711412 0.000364608 -0.004798201 0.999988437 30.174249649
0.999995828 0.002826897 -0.000578136 0.664885402 -0.002824103 0.999984503 0.004779835 -0.920052469 0.000591640 -0.004778182 0.999988437 30.711277008
0.999995172 0.003030926 -0.000660939 0.671282768 -0.003027631 0.999983191 0.004929824 -0.936870813 0.000675870 -0.004927799 0.999987602 31.249183655
0.999991298 0.003991851 -0.001185181 0.680735767 -0.003986104 0.999980390 0.004812236 -0.944081545 0.001204367 -0.004807470 0.999987662 31.803606033
0.999993920 0.003015197 -0.001764094 0.698819697 -0.003006580 0.999983549 0.004866761 -0.965831637 0.001778739 -0.004861427 0.999986589 32.346271515
0.999993801 0.002738810 -0.002226557 0.707896352 -0.002726879 0.999981940 0.005343729 -0.983556926 0.002241153 -0.005337624 0.999983251 32.897735596
0.999994338 0.002546912 -0.002187580 0.719048977 -0.002535910 0.999984145 0.005017024 -0.996625066 0.002200323 -0.005011448 0.999985039 33.427886963
0.999992847 0.002928526 -0.002357960 0.730459273 -0.002916656 0.999983132 0.005022199 -1.008275151 0.002372628 -0.005015287 0.999984622 33.958652496
0.999990463 0.002932977 -0.003227522 0.743444383 -0.002916135 0.999982119 0.005210722 -1.023171663 0.003242748 -0.005201261 0.999981225 34.496513367
0.999991179 0.002928104 -0.003014143 0.748544633 -0.002914069 0.999984860 0.004650283 -1.027333617 0.003027714 -0.004641457 0.999984562 35.047958374
0.999990344 0.001826758 -0.004003599 0.772110462 -0.001808184 0.999987602 0.004638259 -1.042520404 0.004012023 -0.004630975 0.999981225 35.575664520
0.999989927 0.001377600 -0.004285046 0.785115838 -0.001358284 0.999988914 0.004507266 -1.052061796 0.004291207 -0.004501400 0.999980628 36.147548676
0.999989390 0.002308322 -0.003988230 0.789306164 -0.002291326 0.999988258 0.004260954 -1.069339752 0.003998018 -0.004251771 0.999982953 36.668056488
0.999989510 0.002440717 -0.003876444 0.791866899 -0.002423039 0.999986649 0.004558495 -1.083155394 0.003887519 -0.004549055 0.999982059 37.210289001
0.999989450 0.002285126 -0.003974871 0.804384291 -0.002267810 0.999987960 0.004355526 -1.094409227 0.003984776 -0.004346467 0.999982595 37.764625549
0.999987900 0.002839052 -0.004000306 0.815746844 -0.002821642 0.999986529 0.004351146 -1.111481667 0.004012606 -0.004339806 0.999982536 38.291538239
0.999987900 0.002423053 -0.004281751 0.825956166 -0.002405690 0.999988854 0.004055840 -1.121590376 0.004291531 -0.004045492 0.999982655 38.835731506
0.999987960 0.002623496 -0.004145138 0.827672243 -0.002605613 0.999987304 0.004313673 -1.139717340 0.004156404 -0.004302821 0.999982119 39.383865356
0.999989331 0.002733383 -0.003730951 0.831081986 -0.002716575 0.999986172 0.004502824 -1.152263641 0.003743208 -0.004492641 0.999982893 39.935237885
0.999988973 0.002385810 -0.004041770 0.855868936 -0.002366702 0.999986053 0.004726039 -1.174783111 0.004052991 -0.004716423 0.999980688 40.446651459
0.999989092 0.002131572 -0.004150255 0.867621958 -0.002112254 0.999986947 0.004653601 -1.186719418 0.004160120 -0.004644784 0.999980569 40.995357513
0.999988496 0.002716890 -0.003958998 0.864304483 -0.002698093 0.999985039 0.004745706 -1.203023672 0.003971832 -0.004734969 0.999980927 41.540802002
0.999987900 0.003431080 -0.003533967 0.868605554 -0.003416243 0.999985456 0.004195785 -1.211864829 0.003548311 -0.004183662 0.999984920 42.090080261
0.999987662 0.003206786 -0.003816115 0.878263772 -0.003189956 0.999985158 0.004408160 -1.228251219 0.003830195 -0.004395932 0.999983013 42.606777191
0.999986708 0.003745336 -0.003557602 0.870376706 -0.003727741 0.999980807 0.004939541 -1.240840793 0.003576034 -0.004926214 0.999981463 43.100494385
0.999986112 0.002898526 -0.004382011 0.917725921 -0.002879884 0.999986827 0.004254607 -1.252957225 0.004394284 -0.004241928 0.999981344 43.742950439
0.999986053 0.002639520 -0.004571122 0.923523247 -0.002620756 0.999988139 0.004106061 -1.267053604 0.004581905 -0.004094023 0.999981165 44.274753571
0.999986291 0.002875864 -0.004370904 0.932720184 -0.002855741 0.999985337 0.004603250 -1.284047246 0.004384079 -0.004590704 0.999979854 44.820327759
0.999986827 0.003107748 -0.004082707 0.942297995 -0.003090146 0.999985933 0.004310922 -1.293974400 0.004096046 -0.004298249 0.999982357 45.378864288
0.999987662 0.003641264 -0.003370727 0.947854638 -0.003628115 0.999985874 0.003898636 -1.300035119 0.003384874 -0.003886359 0.999986768 45.923408508
0.999988139 0.002785458 -0.003988451 0.959609866 -0.002766726 0.999985099 0.004694330 -1.325919867 0.004001469 -0.004683240 0.999980986 46.472549438
0.999986947 0.002285269 -0.004548596 0.974771261 -0.002262765 0.999985158 0.004946298 -1.335743308 0.004559831 -0.004935942 0.999977469 47.024398804
0.999987960 0.002318598 -0.004307670 0.984417975 -0.002296221 0.999983907 0.005192458 -1.353470206 0.004319639 -0.005182505 0.999977171 47.574199677
0.999989688 0.002028317 -0.004059927 0.990992904 -0.002009380 0.999987066 0.004663038 -1.366895795 0.004069334 -0.004654832 0.999980867 48.119941711
0.999990284 0.001975277 -0.003937009 1.001178265 -0.001956812 0.999987006 0.004688289 -1.377652049 0.003946219 -0.004680539 0.999981284 48.662811279
0.999989450 0.002480573 -0.003861874 1.009630919 -0.002464654 0.999988437 0.004121705 -1.386953950 0.003872053 -0.004112144 0.999984145 49.210281372
0.999991298 0.002947274 -0.002938490 1.009467602 -0.002932904 0.999983788 0.004882830 -1.403777003 0.002952834 -0.004874169 0.999983788 49.776905060
0.999990344 0.002805193 -0.003379910 1.016556501 -0.002787816 0.999982953 0.005135081 -1.418382883 0.003394257 -0.005125610 0.999981105 50.303050995
0.999991298 0.002461580 -0.003389268 1.024862051 -0.002445112 0.999985278 0.004854697 -1.431293726 0.003401167 -0.004846368 0.999982476 50.834312439
0.999990523 0.002619715 -0.003476045 1.044162869 -0.002603166 0.999985218 0.004756723 -1.447695017 0.003488455 -0.004747629 0.999982655 51.394832611
0.999986947 0.003849815 -0.003362701 1.048920155 -0.003833544 0.999980986 0.004831714 -1.459335089 0.003381239 -0.004818760 0.999982595 51.936313629
0.999990046 0.003498691 -0.002752365 1.055027008 -0.003486987 0.999984920 0.004245852 -1.469488025 0.002767178 -0.004236211 0.999987185 52.491584778
0.999990940 0.003210064 -0.002800970 1.064657927 -0.003197811 0.999985337 0.004368322 -1.480028272 0.002814952 -0.004359326 0.999986529 53.036445618
0.999989450 0.003613845 -0.002843504 1.075516939 -0.003601904 0.999984741 0.004193501 -1.490919590 0.002858614 -0.004183214 0.999987125 53.592651367
0.999988079 0.004093498 -0.002667517 1.081830740 -0.004082363 0.999983013 0.004166833 -1.509065866 0.002684528 -0.004155893 0.999987781 54.137413025
0.999985576 0.004821782 -0.002358855 1.082067966 -0.004811793 0.999979496 0.004222243 -1.522306442 0.002379164 -0.004210832 0.999988258 54.667190552
0.999985635 0.004789799 -0.002422088 1.091216326 -0.004780028 0.999980450 0.004023982 -1.533549190 0.002441315 -0.004012346 0.999988973 55.218147278
0.999988317 0.004433279 -0.001913055 1.100025892 -0.004425289 0.999981463 0.004160971 -1.548599958 0.001931467 -0.004152456 0.999989450 55.749813080
0.999987602 0.004214026 -0.002647601 1.115002990 -0.004202362 0.999981463 0.004395647 -1.564331055 0.002666075 -0.004384466 0.999986827 56.292427063
0.999989390 0.003930091 -0.002461384 1.123057723 -0.003919252 0.999982655 0.004392917 -1.577657580 0.002478607 -0.004383222 0.999987245 56.849494934
0.999988616 0.004084773 -0.002468505 1.135586143 -0.004074299 0.999982655 0.004233391 -1.589550257 0.002485754 -0.004223285 0.999987960 57.394947052
0.999988079 0.003721452 -0.003162336 1.150938511 -0.003707723 0.999983728 0.004336119 -1.607761264 0.003178420 -0.004324341 0.999985635 57.940124512
0.999988616 0.004078272 -0.002469539 1.162044287 -0.004070097 0.999986172 0.003306304 -1.607480168 0.002482990 -0.003296214 0.999991417 58.488655090
0.999985993 0.004808032 -0.002192237 1.169066429 -0.004800811 0.999983013 0.003286783 -1.625258565 0.002208003 -0.003276213 0.999992192 59.017784119
0.999987245 0.004530841 -0.002234709 1.179227591 -0.004522817 0.999983490 0.003583055 -1.640649796 0.002250907 -0.003572904 0.999991059 59.581752777
0.999989212 0.003995375 -0.002359013 1.189944983 -0.003987070 0.999985874 0.003515010 -1.652767897 0.002373024 -0.003505567 0.999991059 60.122825623
0.999989331 0.003885653 -0.002483622 1.200523734 -0.003876868 0.999986231 0.003532269 -1.661442876 0.002497313 -0.003522603 0.999990702 60.681743622
0.999986231 0.004884194 -0.001922411 1.205414891 -0.004877880 0.999982715 0.003274817 -1.675671339 0.001938372 -0.003265394 0.999992788 61.221843719
0.999985218 0.005206041 -0.001655948 1.217275262 -0.005200216 0.999980330 0.003502445 -1.690893650 0.001674149 -0.003493780 0.999992430 61.764305115
0.999982476 0.005610099 -0.001905549 1.226561427 -0.005603933 0.999979138 0.003225318 -1.706273079 0.001923604 -0.003214583 0.999992967 62.306343079
0.999987066 0.004912833 -0.001310268 1.234281421 -0.004908511 0.999982536 0.003282971 -1.720057368 0.001326374 -0.003276499 0.999993682 62.855995178
0.999984980 0.005321364 -0.001311431 1.242174268 -0.005317136 0.999980867 0.003207867 -1.733018994 0.001328476 -0.003200847 0.999993980 63.395717621
0.999983907 0.005515037 -0.001310725 1.248072982 -0.005511069 0.999980271 0.003011456 -1.753119469 0.001327309 -0.003004184 0.999994636 63.951831818
0.999980390 0.006220295 -0.000734620 1.255112648 -0.006218071 0.999976218 0.002991676 -1.768331289 0.000753211 -0.002987050 0.999995232 64.483070374
0.999978006 0.006599149 -0.000634326 1.257055998 -0.006597340 0.999974191 0.002814652 -1.781269550 0.000652885 -0.002810405 0.999995828 65.024780273
0.999981105 0.006147298 0.000062318 1.265438795 -0.006147455 0.999976635 0.002960911 -1.798351884 -0.000044115 -0.002961238 0.999995589 65.554618835
0.999978423 0.006570811 0.000046917 1.275629163 -0.006570926 0.999973357 0.003156385 -1.812843204 -0.000026176 -0.003156625 0.999994934 66.095199585
0.999980271 0.006277394 -0.000132784 1.285879374 -0.006277005 0.999976516 0.002760845 -1.830625057 0.000150112 -0.002759957 0.999996185 66.647018433
0.999980450 0.006237846 0.000441699 1.296034575 -0.006238883 0.999977708 0.002387229 -1.845436335 -0.000426798 -0.002389937 0.999997139 67.201972961
0.999981582 0.006058340 -0.000219942 1.313075304 -0.006057681 0.999977529 0.002879464 -1.866672754 0.000237382 -0.002878080 0.999995828 67.745254517
0.999978423 0.006570424 -0.000120104 1.322014093 -0.006570109 0.999975443 0.002466934 -1.880884647 0.000136310 -0.002466092 0.999996960 68.284339905
0.999976397 0.006838436 0.000644300 1.318063617 -0.006840208 0.999972701 0.002793114 -1.905185819 -0.000625182 -0.002797456 0.999995828 68.830085754
0.999975562 0.006958852 0.000651433 1.324552536 -0.006960823 0.999971032 0.003075220 -1.922133207 -0.000630014 -0.003079679 0.999994993 69.368980408
0.999968708 0.007835890 0.001044765 1.328776598 -0.007838696 0.999965608 0.002710352 -1.940556645 -0.001023491 -0.002718456 0.999995768 69.916870117
0.999970436 0.007581588 0.001211555 1.337881684 -0.007584843 0.999967575 0.002705139 -1.952407837 -0.001191006 -0.002714248 0.999995589 70.475799561
0.999972939 0.007265323 0.001166364 1.340504527 -0.007268718 0.999969423 0.002935233 -1.985036612 -0.001145003 -0.002943632 0.999994993 71.008544922
0.999966443 0.007966670 0.001919776 1.334650993 -0.007972627 0.999963343 0.003116307 -2.005610466 -0.001894879 -0.003131508 0.999993265 71.562538147
0.999967396 0.007838806 0.001928601 1.338318825 -0.007844934 0.999964237 0.003190219 -2.023937225 -0.001903524 -0.003205246 0.999993026 72.104660034
0.999963939 0.008224627 0.002118804 1.339856148 -0.008230726 0.999961972 0.002885239 -2.043844461 -0.002094994 -0.002902574 0.999993622 72.643264771
0.999966621 0.007941154 0.001896874 1.354731798 -0.007946333 0.999964595 0.002738623 -2.061619282 -0.001875059 -0.002753604 0.999994457 73.185340881
0.999962211 0.008331668 0.002448720 1.349308729 -0.008340051 0.999959469 0.003434490 -2.086548328 -0.002420005 -0.003454783 0.999991119 73.725158691
0.999962449 0.008240868 0.002680526 1.357092381 -0.008249356 0.999960899 0.003171455 -2.106365442 -0.002654286 -0.003193449 0.999991357 74.259017944
0.999964058 0.008130835 0.002411596 1.369017839 -0.008138058 0.999962389 0.003000298 -2.116458654 -0.002387110 -0.003019816 0.999992609 74.796157837
0.999960482 0.008544317 0.002447309 1.375819683 -0.008552125 0.999958336 0.003198495 -2.137883425 -0.002419878 -0.003219299 0.999991894 75.333007812
0.999954641 0.009086820 0.002847022 1.375797749 -0.009095797 0.999953628 0.003156125 -2.165908098 -0.002818211 -0.003181878 0.999990940 75.863777161
0.999964237 0.008181426 0.002134186 1.392742634 -0.008190534 0.999957204 0.004294889 -2.218323469 -0.002098957 -0.004312216 0.999988437 76.379692078
0.999937236 0.010430851 0.004067511 1.362621307 -0.010446300 0.999938250 0.003795102 -2.227217913 -0.004027674 -0.003837354 0.999984503 76.952789307
0.999938786 0.010415238 0.003739103 1.377102613 -0.010430242 0.999937594 0.004016102 -2.242663860 -0.003697040 -0.004054856 0.999984920 77.495246887
0.999943972 0.009857313 0.003857700 1.375523686 -0.009873196 0.999942899 0.004120512 -2.257038355 -0.003816862 -0.004158370 0.999984086 78.033470154
0.999946475 0.009572893 0.003923149 1.391595721 -0.009587412 0.999947190 0.003698759 -2.275522709 -0.003887534 -0.003736174 0.999985456 78.557487488
0.999936402 0.010547080 0.003987233 1.405323029 -0.010560175 0.999938846 0.003277655 -2.285106659 -0.003952419 -0.003319552 0.999986649 79.106277466
0.999945462 0.009803141 0.003599671 1.420261145 -0.009817427 0.999943912 0.003972743 -2.305468321 -0.003560524 -0.004007866 0.999985635 79.647239685
0.999941230 0.010110226 0.003911994 1.431319952 -0.010124205 0.999942362 0.003570107 -2.321729422 -0.003875673 -0.003609503 0.999985993 80.174919128
0.999936402 0.010125719 0.004957663 1.440958619 -0.010142389 0.999942958 0.003349206 -2.330751419 -0.004923466 -0.003399275 0.999982119 80.719207764
0.999931991 0.009816602 0.006301236 1.455937862 -0.009837456 0.999946296 0.003287095 -2.345150709 -0.006268629 -0.003348860 0.999974787 81.265274048
0.999931693 0.009648381 0.006593643 1.483056307 -0.009671877 0.999946892 0.003541004 -2.355550528 -0.006559128 -0.003604535 0.999971986 81.804908752
0.999915957 0.010167431 0.008036206 1.491104364 -0.010196356 0.999941707 0.003566719 -2.368597031 -0.007999473 -0.003648360 0.999961317 82.352836609
0.999893308 0.009728755 0.010897309 1.529995680 -0.009758373 0.999948740 0.002668152 -2.368131638 -0.010870793 -0.002774207 0.999937057 82.919960022
0.999844313 0.009627328 0.014786109 1.546376944 -0.009675319 0.999948144 0.003177567 -2.379081964 -0.014754752 -0.003320132 0.999885619 83.442222595
0.999797165 0.009324441 0.017848715 1.572764874 -0.009376335 0.999952018 0.002825991 -2.394177437 -0.017821509 -0.002992774 0.999836683 83.978019714
0.999717712 0.009482718 0.021784794 1.616803288 -0.009543071 0.999950826 0.002668043 -2.402804375 -0.021758424 -0.002875183 0.999759138 84.529411316
0.999566555 0.009651300 0.027810222 1.649759769 -0.009727607 0.999949276 0.002609862 -2.407757282 -0.027783619 -0.002879258 0.999609828 85.071006775
0.999405980 0.009125859 0.033232138 1.693848014 -0.009208709 0.999954879 0.002340907 -2.418419361 -0.033209272 -0.002645542 0.999444842 85.614326477
0.999170601 0.009445089 0.039609715 1.725599647 -0.009551644 0.999951243 0.002501800 -2.436633110 -0.039584145 -0.002878063 0.999212086 86.150932312
0.998802006 0.009893488 0.047922164 1.771863222 -0.010039840 0.999945641 0.002814204 -2.450997353 -0.047891710 -0.003291964 0.998847127 86.706924438
0.998386264 0.009050963 0.056061618 1.833755970 -0.009185406 0.999955475 0.002140940 -2.459914446 -0.056039747 -0.002652434 0.998425007 87.249244690
0.997958720 0.008535970 0.063288711 1.885824203 -0.008684793 0.999960124 0.002076788 -2.467057705 -0.063268453 -0.002622198 0.997993112 87.825828552
0.997361064 0.008695447 0.072078027 1.953826904 -0.008848341 0.999959230 0.001802222 -2.473733425 -0.072059423 -0.002435238 0.997397304 88.356292725
0.996622324 0.007966632 0.081733711 2.027663231 -0.008105445 0.999966204 0.001366703 -2.488758326 -0.081720054 -0.002024575 0.996653199 88.883407593
0.995878279 0.008202203 0.090328194 2.105812073 -0.008361543 0.999964058 0.001385734 -2.499042273 -0.090313584 -0.002135306 0.995911062 89.424911499
0.995167673 0.007758481 0.097882956 2.174877644 -0.007923505 0.999967754 0.001297328 -2.506312609 -0.097869761 -0.002066635 0.995197117 90.005340576
0.994235158 0.006431204 0.107028343 2.271809578 -0.006561254 0.999978125 0.000863002 -2.521087408 -0.107020445 -0.001560267 0.994255543 90.498886108
0.993089437 0.006678212 0.117170125 2.361007690 -0.006829436 0.999976337 0.000889178 -2.535415649 -0.117161423 -0.001683239 0.993111432 91.043327332
0.991961360 0.005790642 0.126408726 2.478829384 -0.005953745 0.999981880 0.000912504 -2.546101809 -0.126401141 -0.001657774 0.991977930 91.615913391
0.990437210 0.006066104 0.137830570 2.574566841 -0.006293017 0.999979496 0.001210615 -2.559225559 -0.137820378 -0.002066408 0.990455091 92.153999329
0.988579273 0.005191573 0.150612354 2.683605194 -0.005332714 0.999985754 0.000533242 -2.563744307 -0.150607422 -0.001330325 0.988592744 92.720687866
0.986931980 0.004928566 0.161062092 2.796354294 -0.005082566 0.999986947 0.000544176 -2.578748465 -0.161057308 -0.001355674 0.986944139 93.255271912
0.985155165 0.004583639 0.171604782 2.932364464 -0.004688097 0.999988973 0.000203468 -2.586828709 -0.171601921 -0.001004947 0.985165775 93.824203491
0.982672393 0.005115649 0.185280204 3.045217514 -0.005342839 0.999985456 0.000726939 -2.607069731 -0.185273752 -0.001704265 0.982685447 94.357292175
0.980543554 0.003369996 0.196272835 3.202908516 -0.003423999 0.999994099 -0.000064181 -2.620941639 -0.196271911 -0.000609105 0.980549276 94.905685425
0.978446007 0.003428190 0.206474587 3.331171036 -0.003633801 0.999993205 0.000616600 -2.639916897 -0.206471086 -0.001353598 0.978451729 95.435852051
0.975617766 0.001237195 0.219472989 3.495660782 -0.001168792 0.999999225 -0.000441508 -2.639037609 -0.219473377 0.000174225 0.975618422 96.001716614
0.972451150 0.001498472 0.233101696 3.642229080 -0.001334598 0.999998748 -0.000860735 -2.650157213 -0.233102694 0.000525926 0.972451985 96.533920288
0.969846785 0.000316881 0.243715227 3.803527832 -0.000024107 0.999999285 -0.001204279 -2.663279295 -0.243715435 0.001162092 0.969846070 97.060028076
0.967047095 0.001263008 0.254594505 3.939649582 -0.001286315 0.999999166 -0.000074940 -2.700789213 -0.254594386 -0.000255018 0.967047870 97.520538330
0.963416159 0.001793713 0.268004030 4.108949661 -0.002044896 0.999997735 0.000658116 -2.719092846 -0.268002152 -0.001182080 0.963417530 98.033920288
0.959905684 0.001003213 0.280321479 4.288999557 -0.001167600 0.999999225 0.000419425 -2.739673376 -0.280320793 -0.000729911 0.959906101 98.559379578
0.956538081 0.000462188 0.291607261 4.476922989 -0.000517184 0.999999881 0.000111514 -2.748479843 -0.291607201 -0.000257482 0.956538200 99.080963135
0.952007413 0.001403842 0.306071699 4.653825760 -0.001465259 0.999998868 -0.000029087 -2.769769430 -0.306071430 -0.000420783 0.952008486 99.595756531
0.947346210 0.000398095 0.320210934 4.853845596 -0.000476518 0.999999821 0.000166555 -2.784021854 -0.320210814 -0.000310371 0.947346270 100.101104736
0.943206966 0.000682560 0.332205087 5.051986694 -0.000803527 0.999999642 0.000226766 -2.798379660 -0.332204789 -0.000480824 0.943207204 100.611167908
0.938568711 0.000350737 0.345092297 5.268619537 -0.000583031 0.999999702 0.000569348 -2.824747801 -0.345091939 -0.000735572 0.938568592 101.088584900
0.933342636 -0.000274262 0.358986855 5.476089478 0.000207054 1.000000000 0.000225662 -2.838933706 -0.358986855 -0.000136290 0.933342695 101.572357178
0.928693414 -0.000798911 0.370847315 5.706813812 0.000638471 0.999999642 0.000555395 -2.859346390 -0.370847702 -0.000279016 0.928693712 102.079879761
0.924034715 -0.002266197 0.382301897 5.945720673 0.002223521 0.999997377 0.000553437 -2.863268852 -0.382302165 0.000338662 0.924037278 102.587860107
0.918026090 -0.001813145 0.396515876 6.185417175 0.001533914 0.999998331 0.001021318 -2.879576445 -0.396517068 -0.000329375 0.918027341 103.089599609
0.912152648 -0.003124450 0.409838736 6.424869537 0.003038062 0.999994934 0.000861946 -2.897785664 -0.409839392 0.000458889 0.912157595 103.577323914
0.907314777 -0.003237163 0.420439571 6.674716949 0.003430215 0.999994040 0.000296974 -2.908720016 -0.420438081 0.001172749 0.907320440 104.052986145
0.901492417 -0.004258482 0.432773948 6.926868439 0.004475169 0.999989808 0.000517843 -2.924980640 -0.432771772 0.001469905 0.901502252 104.537254333
0.894868314 -0.003772763 0.446314365 7.193546295 0.003771479 0.999992490 0.000891206 -2.941170216 -0.446314305 0.000885753 0.894875765 105.027252197
0.888855577 -0.004302826 0.458167285 7.464138031 0.004498216 0.999989688 0.000664640 -2.957762003 -0.458165377 0.001470166 0.888865769 105.500625610
0.882641852 -0.005300089 0.470016330 7.708469391 0.005271219 0.999985158 0.001377426 -2.976409435 -0.470016599 0.001261785 0.882656634 105.947677612
0.875377119 -0.005388035 0.483410597 8.005016327 0.005293505 0.999984801 0.001560038 -2.992675543 -0.483411670 0.001193315 0.875392258 106.421417236
0.868176281 -0.005784792 0.496222138 8.289047241 0.005768755 0.999982238 0.001564606 -3.009521008 -0.496222317 0.001504231 0.868194163 106.875267029
