1.000000000 0.000000000 0.000000000 0.000000000 0.000000000 1.000000000 0.000000000 0.000000000 0.000000000 0.000000000 1.000000000 0.000000000
1.000000000 -0.000061362 -0.000026152 0.000189909 0.000061361 1.000000000 -0.000033094 0.000068294 0.000026154 0.000033092 1.000000000 0.000019923
1.000000000 0.000012198 -0.000000053 -0.000415001 -0.000012198 1.000000000 0.000033962 -0.000186617 0.000000054 -0.000033962 1.000000000 -0.000402372
1.000000000 -0.000061842 0.000097638 -0.000838594 0.000061846 1.000000000 -0.000040552 0.000446677 -0.000097636 0.000040558 1.000000000 -0.000120280
1.000000000 -0.000177777 0.000009427 0.000285438 0.000177777 1.000000000 0.000020480 -0.000205169 -0.000009431 -0.000020478 1.000000000 -0.000230524
1.000000000 0.000002564 0.000044339 -0.000342690 -0.000002564 1.000000000 0.000008510 -0.000257702 -0.000044339 -0.000008510 1.000000000 -0.000653305
1.000000000 0.000002452 0.000002623 -0.000254952 -0.000002451 1.000000000 -0.000152657 0.000732263 -0.000002623 0.000152657 1.000000000 -0.000303414
1.000000000 -0.000010626 0.000076759 -0.000124156 0.000010625 1.000000000 0.000023086 -0.000579206 -0.000076759 -0.000023085 1.000000000 -0.000162644
1.000000000 0.000121012 0.000097619 -0.001390974 -0.000121018 1.000000000 0.000052873 -0.000430391 -0.000097613 -0.000052884 1.000000000 -0.000352438
1.000000000 -0.000015665 0.000074237 -0.000671902 0.000015672 1.000000000 -0.000107000 0.000665146 -0.000074236 0.000107001 1.000000000 -0.000571477
1.000000000 0.000127770 0.000046519 -0.000757200 -0.000127764 1.000000000 -0.000135119 0.000357799 -0.000046536 0.000135113 1.000000000 -0.000704483
1.000000000 0.000015547 0.000010133 -0.000165337 -0.000015547 1.000000000 -0.000001983 0.000509508 -0.000010133 0.000001983 1.000000000 -0.000007112
1.000000000 0.000116518 0.000077719 -0.000861082 -0.000116510 1.000000000 -0.000107754 0.001366618 -0.000077732 0.000107745 1.000000000 0.000334177
1.000000000 0.000095148 0.000050213 -0.000524587 -0.000095145 1.000000000 -0.000054782 0.000950603 -0.000050218 0.000054778 1.000000000 0.000205589
1.000000000 0.000085859 0.000128432 -0.001353810 -0.000085846 1.000000000 -0.000105531 0.001256855 -0.000128441 0.000105520 1.000000000 0.001088968
0.999999940 0.000221639 0.000123612 -0.001799386 -0.000221627 1.000000000 -0.000093589 0.000765650 -0.000123632 0.000093562 1.000000000 0.000303869
0.999999940 0.000264710 0.000153984 -0.001963478 -0.000264688 0.999999940 -0.000142380 0.001591499 -0.000154021 0.000142340 1.000000000 0.001554290
0.999999940 0.000150383 -0.000248288 0.000031699 -0.000150389 1.000000000 -0.000026160 0.000621510 0.000248284 0.000026198 0.999999940 0.000955179
0.999999881 0.000141633 -0.000207638 -0.000487401 -0.000141618 1.000000000 0.000070616 -0.000202591 0.000207648 -0.000070586 0.999999940 0.001195762
0.999999940 0.000133999 -0.000301853 -0.000088077 -0.000133969 1.000000000 0.000099396 -0.000075484 0.000301866 -0.000099356 0.999999940 0.001027340
0.999999940 0.000180931 -0.000266570 0.000408478 -0.000180933 1.000000000 -0.000007047 0.000437709 0.000266569 0.000007096 0.999999940 0.001388840
0.999999940 0.000138317 -0.000314833 0.000684248 -0.000138310 1.000000000 0.000022018 0.000075139 0.000314836 -0.000021974 0.999999940 0.000676574
0.999999940 0.000327646 -0.000261025 -0.000499859 -0.000327648 1.000000000 -0.000005067 0.000841268 0.000261024 0.000005152 0.999999940 0.000957618
0.999999940 0.000309333 -0.000205478 -0.000331859 -0.000309337 1.000000000 -0.000018316 0.000244173 0.000205473 0.000018379 0.999999940 0.000948540
0.999999940 0.000166459 -0.000237389 0.000330518 -0.000166457 1.000000000 0.000006171 0.000868081 0.000237390 -0.000006131 0.999999940 0.001604994
0.999999940 0.000184009 -0.000245454 0.000364408 -0.000184000 1.000000000 0.000039556 0.000422704 0.000245462 -0.000039511 0.999999940 0.000926675
0.999999940 0.000175412 -0.000300145 0.000317740 -0.000175405 1.000000000 0.000023384 0.000350174 0.000300149 -0.000023332 0.999999940 0.000572016
0.999999940 0.000118790 -0.000333654 0.000459626 -0.000118767 1.000000000 0.000068960 0.000097681 0.000333662 -0.000068921 0.999999940 0.000509580
0.999999940 0.000118271 -0.000267719 0.000602488 -0.000118264 1.000000000 0.000028470 0.000502405 0.000267722 -0.000028439 0.999999940 0.001694108
0.999999940 0.000069782 -0.000298264 0.000727962 -0.000069781 1.000000000 0.000004683 0.000754306 0.000298264 -0.000004662 0.999999940 0.001838372
0.999999940 0.000221130 -0.000270258 0.000127950 -0.000221145 1.000000000 -0.000056361 0.001020486 0.000270245 0.000056421 0.999999940 0.001554579
0.999999940 0.000220745 -0.000196680 -0.000164358 -0.000220737 1.000000000 0.000041509 -0.000006638 0.000196689 -0.000041466 0.999999940 0.001161316
0.999999940 0.000200867 -0.000228098 -0.000373438 -0.000200870 1.000000000 -0.000014118 -0.000341726 0.000228095 0.000014164 0.999999940 0.000495476
0.999999940 0.000225288 -0.000225374 -0.000271331 -0.000225298 1.000000000 -0.000047059 -0.000021641 0.000225363 0.000047110 0.999999940 0.000608840
0.999999940 0.000181589 -0.000286639 0.000343691 -0.000181563 1.000000000 0.000092053 -0.000566226 0.000286655 -0.000092001 0.999999940 0.000430484
0.999999940 0.000112244 -0.000312353 0.000094289 -0.000112238 1.000000000 0.000020353 -0.000209313 0.000312355 -0.000020318 0.999999940 0.000589132
0.999999940 0.000277592 -0.000240985 -0.000212238 -0.000277588 1.000000000 0.000014535 0.000004937 0.000240989 -0.000014468 0.999999940 0.000615539
0.999999940 0.000221622 -0.000294980 0.000623834 -0.000221621 1.000000000 0.000004148 0.000962931 0.000294980 -0.000004083 0.999999940 0.001434058
0.999999940 0.000087079 -0.000332236 0.001002951 -0.000087081 1.000000000 -0.000007298 -0.000414295 0.000332235 0.000007327 0.999999940 0.001450470
0.999999940 0.000348655 -0.000102868 0.000309336 -0.000348716 0.999999762 -0.000593483 -0.002753445 0.000102661 0.000593519 0.999999762 0.047947615
0.999999762 0.000573141 -0.000127644 0.001280657 -0.000573274 0.999999285 -0.001050232 -0.004410055 0.000127042 0.001050305 0.999999464 0.140944347
0.999999702 0.000678547 -0.000057866 0.002624474 -0.000678623 0.999998868 -0.001316293 -0.006815619 0.000056973 0.001316332 0.999999166 0.257545769
0.999999762 0.000728670 -0.000294329 0.008672550 -0.000729040 0.999998987 -0.001259701 -0.010949057 0.000293411 0.001259916 0.999999225 0.387847692
0.999999821 0.000332779 -0.000382734 0.010520231 -0.000333167 0.999999404 -0.001014152 -0.017705170 0.000382396 0.001014279 0.999999404 0.526848674
1.000000000 0.000214268 0.000102866 0.013906542 -0.000214186 0.999999642 -0.000800951 -0.022184603 -0.000103038 0.000800929 0.999999702 0.679935753
1.000000000 0.000268754 0.000180119 0.018670876 -0.000268687 0.999999940 -0.000368059 -0.027237572 -0.000180218 0.000368010 0.999999940 0.842413247
0.999999881 -0.000363102 -0.000348614 0.022950862 0.000362992 0.999999881 -0.000314611 -0.036487073 0.000348728 0.000314485 0.999999881 1.008830786
0.999999881 -0.000341668 -0.000303182 0.025891785 0.000341575 0.999999881 -0.000305642 -0.039982811 0.000303287 0.000305539 0.999999821 1.186519980
0.999999762 0.000720275 -0.000092040 0.023509860 -0.000720263 0.999999702 0.000122302 -0.046693534 0.000092128 -0.000122236 1.000000000 1.381116390
0.999999583 0.001003667 -0.000062740 0.025990261 -0.001003668 0.999999523 -0.000011100 -0.048892614 0.000062729 0.000011163 1.000000000 1.572637081
1.000000000 0.000127308 0.000091591 0.031779628 -0.000127310 1.000000000 0.000032352 -0.055363398 -0.000091587 -0.000032364 1.000000000 1.769527555
0.999999702 0.000727396 0.000403887 0.032304782 -0.000727471 0.999999762 0.000184904 -0.060389154 -0.000403752 -0.000185198 0.999999881 1.973415732
0.999999940 0.000024657 0.000216597 0.038458209 -0.000024725 0.999999940 0.000311354 -0.068592742 -0.000216590 -0.000311359 0.999999940 2.181022167
0.999999940 0.000038173 0.000307068 0.045397289 -0.000038168 0.999999940 -0.000015334 -0.072886467 -0.000307068 0.000015322 0.999999881 2.399146080
0.999999940 0.000261078 0.000084362 0.053996306 -0.000261089 1.000000000 0.000137580 -0.080791943 -0.000084327 -0.000137602 1.000000000 2.618814707
0.999999940 0.000000099 0.000393114 0.056919884 -0.000000198 1.000000000 0.000251977 -0.088956855 -0.000393114 -0.000251977 0.999999881 2.849119425
0.999999940 -0.000086810 0.000399175 0.063302271 0.000086672 0.999999940 0.000346059 -0.095510021 -0.000399205 -0.000346024 0.999999881 3.094147444
0.999999821 0.000533021 0.000305488 0.066612609 -0.000533205 0.999999642 0.000601676 -0.104662254 -0.000305167 -0.000601838 0.999999762 3.322248936
0.999999940 0.000108068 0.000388012 0.071036749 -0.000108107 0.999999940 0.000099517 -0.106409997 -0.000388001 -0.000099558 0.999999940 3.572580814
0.999999464 0.000936493 0.000324652 0.077558428 -0.000936659 0.999999404 0.000510625 -0.115884595 -0.000324174 -0.000510929 0.999999821 3.822836876
0.999999583 0.000796675 0.000295699 0.080865428 -0.000796914 0.999999285 0.000809049 -0.121939182 -0.000295055 -0.000809285 0.999999702 4.083763123
0.999999046 0.001159523 0.000751807 0.084969074 -0.001160049 0.999999106 0.000700647 -0.131541729 -0.000750994 -0.000701519 0.999999464 4.334589005
0.999999106 0.001086722 0.000763114 0.090063058 -0.001087282 0.999999166 0.000733158 -0.138953939 -0.000762317 -0.000733987 0.999999404 4.594462872
0.999998987 0.001126854 0.000861433 0.097010672 -0.001127454 0.999999046 0.000696401 -0.143377125 -0.000860648 -0.000697372 0.999999404 4.852904797
0.999998569 0.001477494 0.000840485 0.103283405 -0.001478168 0.999998569 0.000801702 -0.149646163 -0.000839299 -0.000802943 0.999999344 5.117785454
0.999997199 0.001881898 0.001393756 0.101897202 -0.001883201 0.999997795 0.000933933 -0.159138426 -0.001391996 -0.000936556 0.999998510 5.371978283
0.999997914 0.001588312 0.001304327 0.107515030 -0.001589566 0.999998212 0.000961050 -0.167718470 -0.001302799 -0.000963122 0.999998689 5.637661457
0.999997020 0.001986653 0.001418315 0.110776275 -0.001988144 0.999997497 0.001050307 -0.174162894 -0.001416225 -0.001053124 0.999998450 5.907094479
0.999998093 0.001450880 0.001309594 0.117499635 -0.001452240 0.999998391 0.001038203 -0.186846927 -0.001308086 -0.001040103 0.999998629 6.183307648
0.999997318 0.001779106 0.001469831 0.124597766 -0.001780441 0.999997973 0.000907251 -0.191455394 -0.001468214 -0.000909866 0.999998569 6.473707676
0.999997199 0.001750386 0.001607504 0.128703237 -0.001751874 0.999998033 0.000924984 -0.199532598 -0.001605882 -0.000927797 0.999998271 6.763378620
0.999997020 0.001900154 0.001569697 0.135869429 -0.001901649 0.999997795 0.000951891 -0.209203809 -0.001567884 -0.000954873 0.999998331 7.059645653
0.999997139 0.001631997 0.001754444 0.141153127 -0.001633682 0.999998212 0.000959851 -0.213962168 -0.001752874 -0.000962714 0.999997973 7.362099648
0.999996066 0.001945045 0.002037186 0.143227354 -0.001947125 0.999997616 0.001019835 -0.227354512 -0.002035197 -0.001023797 0.999997377 7.661796570
0.999996066 0.002075673 0.001860030 0.157643601 -0.002078616 0.999996603 0.001581773 -0.241733581 -0.001856740 -0.001585633 0.999996960 7.978958607
0.999994457 0.002546224 0.002153212 0.158233523 -0.002549876 0.999995410 0.001695300 -0.251519293 -0.002148885 -0.001700781 0.999996245 8.296988487
0.999995649 0.002268687 0.001854155 0.170010060 -0.002271803 0.999995947 0.001680310 -0.260862499 -0.001850335 -0.001684515 0.999996841 8.623616219
0.999994814 0.002421890 0.002114660 0.176674858 -0.002424919 0.999996066 0.001430342 -0.267240435 -0.002111188 -0.001435462 0.999996722 8.962386131
0.999993324 0.002881068 0.002229380 0.183754593 -0.002883402 0.999995291 0.001044241 -0.277490854 -0.002226361 -0.001050662 0.999996960 9.302676201
0.999991298 0.003344781 0.002487088 0.187765315 -0.003347940 0.999993622 0.001266838 -0.288400233 -0.002482835 -0.001275154 0.999996126 9.637192726
0.999992192 0.002996207 0.002572379 0.195259258 -0.003000359 0.999994278 0.001611910 -0.297740161 -0.002567535 -0.001619615 0.999995410 9.985029221
0.999993384 0.002787099 0.002335075 0.208382100 -0.002790309 0.999995172 0.001372842 -0.309490383 -0.002331237 -0.001379349 0.999996305 10.358536720
0.999992907 0.002839937 0.002477264 0.217847183 -0.002843325 0.999995053 0.001364845 -0.319623739 -0.002473375 -0.001371879 0.999996006 10.721710205
0.999993145 0.003007126 0.002129966 0.228581831 -0.003010679 0.999994099 0.001666882 -0.328840107 -0.002124942 -0.001673283 0.999996364 11.072565079
0.999992371 0.003194941 0.002212529 0.239938557 -0.003199235 0.999993026 0.001940120 -0.340835363 -0.002206315 -0.001947183 0.999995708 11.447456360
0.999992132 0.003165513 0.002399298 0.248264059 -0.003169033 0.999993920 0.001464440 -0.346748531 -0.002394647 -0.001472032 0.999996066 11.839024544
0.999992073 0.003143882 0.002447919 0.257319510 -0.003148295 0.999993443 0.001800738 -0.360100001 -0.002442242 -0.001808431 0.999995410 12.228213310
0.999990761 0.003400341 0.002620974 0.263388216 -0.003405916 0.999991953 0.002125239 -0.381593972 -0.002613727 -0.002134146 0.999994278 12.593077660
0.999987781 0.003919336 0.003020411 0.263619244 -0.003926162 0.999989748 0.002257091 -0.388347268 -0.003011534 -0.002268922 0.999992907 12.999114037
0.999991894 0.003032076 0.002625520 0.281117111 -0.003037394 0.999993324 0.002024252 -0.398895681 -0.002619366 -0.002032210 0.999994516 13.394898415
0.999991179 0.003221374 0.002735288 0.288998395 -0.003227275 0.999992430 0.002155544 -0.410048485 -0.002728323 -0.002164353 0.999993861 13.805661201
0.999990165 0.003295546 0.002977163 0.300517678 -0.003302526 0.999991775 0.002342667 -0.421306312 -0.002969418 -0.002352476 0.999992788 14.221120834
0.999986351 0.003510152 0.003856807 0.302529365 -0.003518864 0.999991179 0.002254422 -0.435365140 -0.003848860 -0.002267962 0.999989986 14.645819664
0.999984920 0.003866932 0.003889107 0.312333226 -0.003876311 0.999989510 0.002406765 -0.452631742 -0.003879760 -0.002421804 0.999989569 15.056885719
0.999985993 0.003697912 0.003776994 0.327660173 -0.003706844 0.999990284 0.002360797 -0.464037687 -0.003768227 -0.002374765 0.999990106 15.500638008
0.999983370 0.003479823 0.004620460 0.330314606 -0.003490329 0.999991298 0.002267648 -0.470373422 -0.004612530 -0.002283737 0.999986708 15.949660301
0.999981999 0.003715949 0.004700317 0.344106227 -0.003726622 0.999990523 0.002264023 -0.482164443 -0.004691859 -0.002281499 0.999986351 16.398935318
0.999979436 0.004085544 0.004932749 0.355162978 -0.004097250 0.999988794 0.002365369 -0.496513575 -0.004923030 -0.002385531 0.999985039 16.842895508
0.999975860 0.004291486 0.005463592 0.358542353 -0.004304748 0.999987841 0.002417951 -0.508022487 -0.005453149 -0.002441412 0.999982178 17.287857056
0.999973774 0.004094271 0.005962515 0.366711199 -0.004110159 0.999988139 0.002654827 -0.522081256 -0.005951575 -0.002679264 0.999978662 17.744932175
0.999973357 0.003849176 0.006205522 0.381710410 -0.003862653 0.999990225 0.002161306 -0.529992580 -0.006197141 -0.002185218 0.999978423 18.215080261
0.999970734 0.003951811 0.006541907 0.397473514 -0.003965324 0.999990106 0.002053934 -0.539509535 -0.006533725 -0.002079815 0.999976516 18.689271927
0.999975443 0.003545088 0.006049707 0.413880348 -0.003564045 0.999988735 0.003125616 -0.560533941 -0.006038559 -0.003147101 0.999976814 19.162155151
0.999973178 0.003940043 0.006183840 0.423875064 -0.003958326 0.999987721 0.002947272 -0.576362848 -0.006172152 -0.002971670 0.999976575 19.634532928
0.999971271 0.004397314 0.006179758 0.428270370 -0.004418310 0.999984443 0.003388048 -0.586833119 -0.006164765 -0.003415255 0.999975145 20.139467239
0.999971688 0.003623791 0.006598440 0.448706806 -0.003643793 0.999988794 0.003021683 -0.598048508 -0.006587416 -0.003045641 0.999973595 20.609949112
0.999976277 0.003889516 0.005689425 0.463736504 -0.003905335 0.999988496 0.002771816 -0.609572351 -0.005678579 -0.002793970 0.999979913 21.109962463
0.999972761 0.004366801 0.005952207 0.473913699 -0.004385138 0.999985635 0.003071042 -0.622060835 -0.005938712 -0.003097060 0.999977589 21.604022980
0.999974012 0.004578070 0.005564126 0.484971702 -0.004594970 0.999984860 0.003028214 -0.637629569 -0.005550179 -0.003053703 0.999979913 22.110448837
0.999973178 0.004910957 0.005445247 0.498672247 -0.004926526 0.999983788 0.002849477 -0.650605023 -0.005431165 -0.002876226 0.999981046 22.621566772
0.999971986 0.005426700 0.005141898 0.505625486 -0.005440259 0.999981821 0.002626982 -0.659729421 -0.005127547 -0.002654882 0.999983311 23.135097504
0.999981225 0.004425830 0.004237290 0.522051930 -0.004438158 0.999985874 0.002904551 -0.676808715 -0.004224375 -0.002923303 0.999986827 23.664867401
0.999987006 0.003572363 0.003635087 0.534271836 -0.003582426 0.999989808 0.002765503 -0.692309499 -0.003625171 -0.002778490 0.999989629 24.194875717
0.999983490 0.004853408 0.003059210 0.546738625 -0.004862175 0.999983966 0.002865069 -0.702414095 -0.003045256 -0.002879897 0.999991238 24.715444565
0.999982893 0.005094563 0.002878134 0.557547390 -0.005103382 0.999982297 0.003065230 -0.724297523 -0.002862467 -0.003079866 0.999991119 25.254280090
0.999978900 0.006032165 0.002438715 0.566669106 -0.006039542 0.999977231 0.003028893 -0.736785889 -0.002420389 -0.003043557 0.999992490 25.801076889
0.999984682 0.005097683 0.002142396 0.581248760 -0.005104255 0.999982178 0.003073381 -0.753184617 -0.002126691 -0.003084271 0.999992967 26.345689774
0.999984145 0.005334437 0.001807591 0.596290410 -0.005339435 0.999981940 0.002771213 -0.747927845 -0.001792775 -0.002780820 0.999994516 26.908548355
0.999985218 0.005148901 0.001744261 0.606447220 -0.005154861 0.999980807 0.003430157 -0.784809232 -0.001726566 -0.003439099 0.999992609 27.449110031
0.999983311 0.005656125 0.001152053 0.622508585 -0.005659950 0.999978304 0.003344587 -0.802130878 -0.001133111 -0.003351052 0.999993682 27.994560242
0.999980628 0.006159971 0.000905466 0.632101834 -0.006162925 0.999975502 0.003296627 -0.812457085 -0.000885137 -0.003302143 0.999994099 28.552438736
0.999981344 0.006030175 0.000964412 0.646005869 -0.006033971 0.999973893 0.003981709 -0.833319843 -0.000940376 -0.003987453 0.999991596 29.082027435
0.999979377 0.006372270 0.000752215 0.657806277 -0.006374788 0.999973893 0.003393234 -0.842070580 -0.000730573 -0.003397959 0.999993980 29.618782043
0.999978840 0.006476472 0.000514384 0.661179125 -0.006478237 0.999972880 0.003507319 -0.854174852 -0.000491655 -0.003510577 0.999993742 30.174215317
0.999978006 0.006635291 0.000214598 0.676037550 -0.006636034 0.999971271 0.003671551 -0.867502868 -0.000190230 -0.003672895 0.999993265 30.726175308
0.999979079 0.006464521 0.000070587 0.691764414 -0.006464722 0.999973416 0.003372289 -0.881253660 -0.000048785 -0.003372675 0.999994278 31.254039764
0.999980271 0.006263518 -0.000534542 0.696098268 -0.006261888 0.999975860 0.002999598 -0.883642495 0.000553318 -0.002996192 0.999995351 31.832799911
0.999976277 0.006887447 -0.000104581 0.708829939 -0.006887021 0.999969602 0.003651843 -0.913314819 0.000129730 -0.003651037 0.999993324 32.343246460
0.999974668 0.007107161 -0.000394189 0.714623034 -0.007105565 0.999967039 0.003916987 -0.927429914 0.000422014 -0.003914087 0.999992251 32.886684418
0.999977291 0.006698276 -0.000657082 0.734295130 -0.006695693 0.999970138 0.003858702 -0.942861557 0.000682909 -0.003854215 0.999992251 33.422748566
0.999978483 0.006497560 -0.000944714 0.739990473 -0.006493564 0.999970138 0.004173494 -0.949688256 0.000971804 -0.004167270 0.999990880 34.000122070
0.999973416 0.006997852 -0.002021610 0.773190856 -0.006989628 0.999967337 0.004047706 -0.965242565 0.002049869 -0.004033469 0.999989748 34.481758118
0.999973953 0.006823772 -0.002303850 0.785831511 -0.006814376 0.999968469 0.004062574 -0.981016457 0.002331499 -0.004046770 0.999989092 35.026412964
0.999977231 0.006196675 -0.002684339 0.799913287 -0.006185791 0.999972761 0.004044360 -0.993893325 0.002709327 -0.004027662 0.999988258 35.559497833
0.999975562 0.006109299 -0.003391433 0.817096770 -0.006095933 0.999973595 0.003937651 -1.005374551 0.003415400 -0.003916882 0.999986470 36.118053436
0.999979794 0.006224859 -0.001379293 0.802841246 -0.006219099 0.999972045 0.004142699 -1.029481649 0.001405042 -0.004134037 0.999990404 36.704006195
0.999976456 0.006587238 -0.001929203 0.811439574 -0.006579400 0.999970138 0.004041575 -1.040284514 0.001955768 -0.004028786 0.999989927 37.254253387
0.999976099 0.006710747 -0.001630609 0.821809590 -0.006704941 0.999971271 0.003540043 -1.052738070 0.001654319 -0.003529026 0.999992371 37.805736542
0.999977291 0.006393677 -0.002156633 0.833026707 -0.006385363 0.999972224 0.003840525 -1.069371581 0.002181129 -0.003826667 0.999990284 38.351318359
0.999975801 0.006649981 -0.002042426 0.840991676 -0.006642845 0.999971926 0.003481005 -1.076593876 0.002065517 -0.003467353 0.999991834 38.906387329
0.999977171 0.006298508 -0.002450644 0.865461349 -0.006289020 0.999972701 0.003860034 -1.098564625 0.002474890 -0.003844533 0.999989569 39.407997131
0.999978423 0.006272808 -0.001987072 0.872555971 -0.006265642 0.999973834 0.003592297 -1.110813141 0.002009554 -0.003579769 0.999991536 39.963638306
0.999976814 0.006402673 -0.002297511 0.881428421 -0.006393285 0.999971211 0.004070689 -1.130824924 0.002323508 -0.004055905 0.999989092 40.491912842
0.999977171 0.006338710 -0.002347294 0.892641485 -0.006329666 0.999972582 0.003841147 -1.141019821 0.002371577 -0.003826202 0.999989927 41.049503326
0.999974132 0.006863602 -0.002133128 0.894108415 -0.006855587 0.999969602 0.003741977 -1.149285316 0.002158748 -0.003727257 0.999990642 41.599044800
0.999973536 0.006984002 -0.002010633 0.905579388 -0.006976537 0.999968827 0.003696524 -1.160725474 0.002036386 -0.003682399 0.999991059 42.159385681
0.999974847 0.006589267 -0.002626468 0.924980938 -0.006579346 0.999971271 0.003768728 -1.177645802 0.002651225 -0.003751352 0.999989450 42.690040588
0.999970675 0.007078975 -0.002922346 0.944726169 -0.007067093 0.999966800 0.004056521 -1.196267486 0.002950965 -0.004035750 0.999987483 43.232700348
0.999974728 0.006540617 -0.002766500 0.939079106 -0.006530999 0.999972582 0.003471300 -1.201462626 0.002789129 -0.003453144 0.999990106 43.785442352
0.999973834 0.006717126 -0.002676622 0.944122255 -0.006706438 0.999969602 0.003982319 -1.217786431 0.002703290 -0.003964265 0.999988437 44.320671082
0.999975026 0.006470256 -0.002833039 0.953354716 -0.006459906 0.999972463 0.003647235 -1.229565263 0.002856559 -0.003628842 0.999989331 44.859951019
0.999975085 0.006404585 -0.002964245 0.965270281 -0.006394866 0.999974191 0.003276550 -1.239582300 0.002985155 -0.003257513 0.999990225 45.417446136
0.999974549 0.006508431 -0.002921930 0.974283516 -0.006498711 0.999973297 0.003324728 -1.253065705 0.002943492 -0.003305655 0.999990165 45.958663940
0.999973536 0.006830912 -0.002502532 0.975530922 -0.006822233 0.999970675 0.003460628 -1.268538475 0.002526099 -0.003443463 0.999990880 46.502693176
0.999973834 0.006779074 -0.002521536 0.986795545 -0.006770335 0.999971092 0.003457769 -1.278191209 0.002544903 -0.003440607 0.999990821 47.051109314
0.999974132 0.006657521 -0.002775198 0.992361426 -0.006649607 0.999973834 0.002851070 -1.282161474 0.002794106 -0.002832542 0.999992073 47.587615967
0.999973357 0.006575258 -0.003197918 1.002856374 -0.006566655 0.999974847 0.002693327 -1.298557401 0.003215548 -0.002672256 0.999991238 48.133449554
0.999977052 0.006090292 -0.002970517 1.011606336 -0.006080450 0.999976039 0.003310878 -1.313372850 0.002990610 -0.003292740 0.999990106 48.671661377
0.999975204 0.006432641 -0.002862981 1.020858765 -0.006423570 0.999974370 0.003166593 -1.327382922 0.002883278 -0.003148124 0.999990821 49.224617004
0.999975264 0.006551328 -0.002544739 1.024012208 -0.006544171 0.999974608 0.002811530 -1.336282611 0.002563095 -0.002794808 0.999992788 49.766574860
0.999974906 0.006584310 -0.002604325 1.029770136 -0.006576685 0.999974072 0.002925959 -1.354519606 0.002623524 -0.002908759 0.999992311 50.295570374
0.999973774 0.006821141 -0.002414319 1.036954403 -0.006814094 0.999972463 0.002914803 -1.370607972 0.002434136 -0.002898275 0.999992847 50.828796387
0.999975204 0.006505957 -0.002691125 1.046552896 -0.006498030 0.999974549 0.002944230 -1.383729696 0.002710211 -0.002926669 0.999992073 51.374481201
0.999974430 0.006535276 -0.002907238 1.060054302 -0.006526225 0.999973774 0.003112075 -1.398423910 0.002927501 -0.003093022 0.999990880 51.931362152
0.999974251 0.006675557 -0.002628461 1.063683510 -0.006667304 0.999972880 0.003136073 -1.414840579 0.002649324 -0.003118468 0.999991655 52.471336365
0.999976099 0.006428527 -0.002516048 1.071811438 -0.006419739 0.999973297 0.003485880 -1.429599881 0.002538389 -0.003469645 0.999990702 53.012470245
0.999975502 0.006480679 -0.002641710 1.082667589 -0.006472032 0.999973714 0.003268818 -1.441301823 0.002662825 -0.003251641 0.999991179 53.553993225
0.999973118 0.006881339 -0.002532000 1.091078043 -0.006874396 0.999972641 0.002741199 -1.452360153 0.002550794 -0.002723719 0.999993026 54.097370148
0.999973238 0.006978494 -0.002190817 1.094068050 -0.006972089 0.999971449 0.002917500 -1.467666626 0.002211114 -0.002902147 0.999993265 54.632152557
0.999974728 0.006705706 -0.002342609 1.103909612 -0.006699542 0.999974072 0.002629161 -1.479174256 0.002360180 -0.002613401 0.999993801 55.184032440
0.999972761 0.006940118 -0.002491879 1.120565534 -0.006933745 0.999972641 0.002556847 -1.488144040 0.002509555 -0.002539499 0.999993622 55.746112823
0.999973059 0.006780343 -0.002796138 1.129337549 -0.006772541 0.999973178 0.002790332 -1.504989386 0.002814983 -0.002771320 0.999992192 56.276451111
0.999973416 0.006795360 -0.002612079 1.141657829 -0.006787799 0.999972761 0.002892819 -1.521126866 0.002631665 -0.002875012 0.999992430 56.813835144
0.999972165 0.007097804 -0.002291938 1.146144867 -0.007092061 0.999971688 0.002503978 -1.528994083 0.002309646 -0.002487653 0.999994218 57.355968475
0.999970734 0.007215700 -0.002521751 1.157024503 -0.007208479 0.999969900 0.002860515 -1.548132539 0.002542315 -0.002842254 0.999992669 57.902614594
0.999973893 0.006912599 -0.002104713 1.166805863 -0.006907206 0.999972880 0.002558409 -1.563696146 0.002122340 -0.002543805 0.999994457 58.433963776
0.999974191 0.006726644 -0.002540770 1.172745466 -0.006719158 0.999973118 0.002943409 -1.580274940 0.002560501 -0.002926261 0.999992430 58.972427368
0.999973118 0.006844964 -0.002622950 1.186442494 -0.006837806 0.999972880 0.002728495 -1.594002128 0.002641556 -0.002710487 0.999992788 59.513492584
0.999972939 0.006897308 -0.002568872 1.196681142 -0.006891095 0.999973297 0.002419146 -1.605487227 0.002585489 -0.002401379 0.999993801 60.055572510
0.999974430 0.006687272 -0.002544564 1.204892516 -0.006680082 0.999973714 0.002823952 -1.617858410 0.002563382 -0.002806882 0.999992788 60.612201691
0.999971807 0.007101770 -0.002394614 1.216304064 -0.007095576 0.999971509 0.002585554 -1.634870529 0.002412908 -0.002568491 0.999993801 61.130527496
0.999972641 0.006946231 -0.002552030 1.232990265 -0.006938981 0.999971926 0.002838693 -1.653308392 0.002571677 -0.002820907 0.999992788 61.675239563
0.999973774 0.006847896 -0.002332169 1.236475229 -0.006841702 0.999973059 0.002652168 -1.663709044 0.002350269 -0.002636142 0.999993742 62.203655243
0.999975026 0.006794082 -0.001943323 1.245242715 -0.006789388 0.999974012 0.002412470 -1.678993225 0.001959664 -0.002399214 0.999995172 62.739452362
0.999971151 0.007337274 -0.001967652 1.253287673 -0.007332088 0.999969602 0.002630131 -1.692162752 0.001986891 -0.002615628 0.999994516 63.283004761
0.999970436 0.007351855 -0.002242409 1.264607310 -0.007346301 0.999969900 0.002475204 -1.707926989 0.002260540 -0.002458658 0.999994397 63.822174072
0.999970257 0.007419787 -0.002098183 1.272147655 -0.007414646 0.999969542 0.002447055 -1.720524192 0.002116275 -0.002431425 0.999994814 64.352241516
0.999970555 0.007419383 -0.001953619 1.277585745 -0.007414426 0.999969304 0.002533232 -1.733550310 0.001972353 -0.002518672 0.999994874 64.886848450
0.999968171 0.007832105 -0.001507689 1.283194423 -0.007828460 0.999966443 0.002408826 -1.748919725 0.001526504 -0.002396946 0.999995947 65.421348572
0.999965072 0.008310664 -0.000843700 1.288410902 -0.008308884 0.999963284 0.002092725 -1.760008454 0.000861060 -0.002085641 0.999997437 65.964515686
0.999970376 0.007496559 -0.001699553 1.308480263 -0.007492726 0.999969423 0.002250402 -1.776056409 0.001716371 -0.002237601 0.999995947 66.495620728
0.999967873 0.007760170 -0.001975821 1.320440531 -0.007755804 0.999967515 0.002208052 -1.793830872 0.001992892 -0.002192657 0.999995530 67.038581848
0.999967813 0.007894369 -0.001516059 1.332788825 -0.007890469 0.999965608 0.002562111 -1.814708948 0.001536233 -0.002550066 0.999995589 67.552528381
0.999965727 0.008158987 -0.001431047 1.338887811 -0.008155656 0.999963999 0.002319534 -1.828020811 0.001449920 -0.002307784 0.999996305 68.090660095
0.999961972 0.008672004 -0.000942311 1.344254732 -0.008669654 0.999959350 0.002471830 -1.850763321 0.000963709 -0.002463567 0.999996424 68.635009766
0.999961257 0.008723631 -0.001183359 1.353061557 -0.008720704 0.999958932 0.002455590 -1.863610506 0.001204732 -0.002445175 0.999996305 69.173072815
0.999961376 0.008721262 -0.001109444 1.363651633 -0.008718685 0.999959290 0.002309154 -1.881414056 0.001129537 -0.002299392 0.999996662 69.702545166
0.999960661 0.008831031 -0.000864117 1.370894313 -0.008829058 0.999958515 0.002261210 -1.896098614 0.000884049 -0.002253492 0.999997020 70.257041931
0.999963403 0.008497395 -0.000913916 1.382616162 -0.008495122 0.999961019 0.002462287 -1.914396286 0.000934803 -0.002454434 0.999996543 70.778755188
0.999966621 0.008124348 -0.000827584 1.393287063 -0.008122643 0.999964833 0.002046265 -1.925388217 0.000844180 -0.002039475 0.999997497 71.316322327
0.999964595 0.008381207 -0.000711418 1.401046872 -0.008379438 0.999961793 0.002455277 -1.941379070 0.000731968 -0.002449229 0.999996662 71.857803345
0.999963820 0.008489765 -0.000556266 1.407688379 -0.008488399 0.999961019 0.002411265 -1.959261537 0.000576716 -0.002406456 0.999996960 72.386482239
0.999963999 0.008456464 -0.000694632 1.419606566 -0.008454782 0.999961376 0.002389472 -1.973628879 0.000714811 -0.002383513 0.999996841 72.927490234
0.999964952 0.008350989 -0.000584038 1.427565813 -0.008349364 0.999961376 0.002729314 -1.988767982 0.000606808 -0.002724342 0.999996066 73.465217590
0.999964833 0.008364728 -0.000566482 1.441293240 -0.008363268 0.999961734 0.002532726 -2.006345034 0.000587646 -0.002527899 0.999996603 73.993667603
0.999963224 0.008565345 -0.000316655 1.450405598 -0.008564458 0.999959707 0.002691780 -2.017790556 0.000339698 -0.002688970 0.999996305 74.531524658
0.999962330 0.008670554 -0.000399901 1.463200450 -0.008669442 0.999958754 0.002702354 -2.034686089 0.000423316 -0.002698785 0.999996185 75.065834045
0.999957144 0.009270353 -0.000069796 1.472203612 -0.009270154 0.999954104 0.002478509 -2.050703526 0.000092769 -0.002477756 0.999996841 75.600151062
0.999954343 0.009554568 -0.000051488 1.476689100 -0.009554411 0.999951243 0.002497030 -2.062187195 0.000075344 -0.002496424 0.999996901 76.146232605
0.999956846 0.009284479 -0.000319981 1.490289927 -0.009283703 0.999954164 0.002346223 -2.078110456 0.000341750 -0.002343151 0.999997199 76.687194824
0.999955654 0.009383336 -0.000831348 1.502495766 -0.009381737 0.999954164 0.001907317 -2.090867519 0.000849207 -0.001899433 0.999997854 77.228981018
0.999956131 0.009362632 -0.000149053 1.502108574 -0.009362239 0.999953151 0.002450925 -2.107785702 0.000171993 -0.002449422 0.999996960 77.768455505
0.999955535 0.009431210 0.000067906 1.514659882 -0.009431335 0.999953151 0.002168487 -2.121555805 -0.000047451 -0.002169031 0.999997675 78.299026489
0.999953091 0.009669876 -0.000358026 1.529390574 -0.009669162 0.999951303 0.001941036 -2.134866953 0.000376778 -0.001937484 0.999998093 78.843841553
0.999956250 0.009355965 -0.000037375 1.537816644 -0.009355852 0.999953628 0.002289309 -2.148665190 0.000058792 -0.002288859 0.999997377 79.390693665
0.999952078 0.009791715 -0.000024858 1.552355766 -0.009791632 0.999949574 0.002290324 -2.165896177 0.000047283 -0.002289971 0.999997377 79.918975830
0.999949455 0.009999665 0.001010940 1.563412666 -0.010001817 0.999947667 0.002142263 -2.178188562 -0.000989465 -0.002152266 0.999997199 80.458892822
0.999948204 0.009784741 0.002790106 1.571059942 -0.009789865 0.999950409 0.001828659 -2.194929600 -0.002772075 -0.001855879 0.999994457 80.999946594
0.999948919 0.009548637 0.003309282 1.592003345 -0.009555290 0.999952257 0.002000739 -2.207106113 -0.003290019 -0.002032258 0.999992549 81.524620056
0.999939561 0.009986453 0.004582664 1.590592146 -0.009995408 0.999948144 0.001935442 -2.221535444 -0.004563098 -0.001981131 0.999987662 82.085403442
0.999923527 0.009644832 0.007738065 1.620243073 -0.009661093 0.999951184 0.002066949 -2.240250349 -0.007717751 -0.002141549 0.999967933 82.621215820
0.999893367 0.009253279 0.011285726 1.637631178 -0.009275302 0.999955177 0.001900530 -2.249007463 -0.011267635 -0.002005006 0.999934494 83.163703918
0.999849975 0.009369247 0.014570169 1.658983231 -0.009395907 0.999954224 0.001762474 -2.260610580 -0.014552990 -0.001899110 0.999892294 83.707588196
0.999781013 0.009445237 0.018671421 1.683774114 -0.009478269 0.999953628 0.001681442 -2.277222395 -0.018654676 -0.001858047 0.999824286 84.251358032
0.999646068 0.009676688 0.024779016 1.712156892 -0.009722306 0.999951243 0.001721212 -2.293401480 -0.024761150 -0.001961512 0.999691486 84.793327332
0.999480784 0.009480738 0.030794848 1.739155531 -0.009529362 0.999953568 0.001432591 -2.303807020 -0.030779833 -0.001725303 0.999524713 85.340324402
0.999273956 0.009496703 0.036897227 1.775266409 -0.009557000 0.999953151 0.001458191 -2.319186687 -0.036881655 -0.001809760 0.999318004 85.877685547
0.998927295 0.009688959 0.045281310 1.811957121 -0.009774511 0.999950826 0.001668364 -2.334721088 -0.045262914 -0.002109177 0.998972833 86.425270081
0.998514771 0.009557925 0.053636901 1.863700867 -0.009624506 0.999953151 0.000983152 -2.344487429 -0.053625003 -0.001497921 0.998560011 86.978118896
0.998105466 0.009472365 0.060792856 1.914945126 -0.009555306 0.999953687 0.001073744 -2.357106447 -0.060779888 -0.001652604 0.998149812 87.535972595
0.997524083 0.009146878 0.069728702 1.960959911 -0.009223347 0.999957144 0.000774757 -2.372176647 -0.069718629 -0.001415971 0.997565627 88.054450989
0.996817708 0.008066313 0.079304829 2.036455154 -0.008115408 0.999967098 0.000296789 -2.378365278 -0.079299808 -0.000939435 0.996850371 88.627639771
0.996072829 0.008536482 0.088126555 2.098484516 -0.008634679 0.999962568 0.000733109 -2.398886919 -0.088117003 -0.001491175 0.996108949 89.145500183
0.995381236 0.008458873 0.095627874 2.166095257 -0.008514307 0.999963701 0.000171649 -2.409807920 -0.095622957 -0.000985062 0.995417118 89.693229675
0.994339049 0.008462165 0.105916344 2.249292374 -0.008512110 0.999963701 0.000019481 -2.426838160 -0.105912343 -0.000920943 0.994375050 90.222602844
0.993169785 0.008512629 0.116366498 2.330039024 -0.008630128 0.999962747 0.000505926 -2.446208000 -0.116357855 -0.001506728 0.993206203 90.784507751
0.992044151 0.007766274 0.125650108 2.422048569 -0.007835411 0.999969304 0.000056061 -2.456107616 -0.125645801 -0.001040136 0.992074609 91.333686829
0.990486801 0.007891842 0.137380928 2.515142441 -0.007995716 0.999967992 0.000204275 -2.473523140 -0.137374923 -0.001300791 0.990518212 91.865837097
0.988687217 0.007689868 0.149794683 2.619608879 -0.007783736 0.999969661 0.000040361 -2.493346691 -0.149789810 -0.001205867 0.988717139 92.411598206
0.987049162 0.007083962 0.160261720 2.737522125 -0.007217777 0.999973893 0.000252855 -2.507611513 -0.160255745 -0.001406314 0.987074494 92.958854675
0.985197365 0.007413992 0.171263412 2.838607788 -0.007532393 0.999971628 0.000041538 -2.521002054 -0.171258241 -0.001330946 0.985225260 93.520126343
0.982850552 0.007292073 0.184259862 2.958074570 -0.007394203 0.999972641 -0.000132835 -2.536093950 -0.184255794 -0.001231897 0.982877612 94.057289124
0.980528831 0.007132239 0.196245417 3.089259148 -0.007303678 0.999973416 0.000149914 -2.559413433 -0.196239129 -0.001580309 0.980554819 94.571815491
0.978213847 0.007094583 0.207478568 3.211967468 -0.007265818 0.999973595 0.000063284 -2.574252605 -0.207472622 -0.001569407 0.978239596 95.104698181
0.975511193 0.007254253 0.219830066 3.361671448 -0.007614354 0.999970734 0.000790831 -2.600181103 -0.219817892 -0.002445329 0.975537896 95.621749878
0.972276449 0.007096441 0.233726710 3.493738174 -0.007284809 0.999973416 -0.000057349 -2.599622250 -0.233720914 -0.001646896 0.972302318 96.207191467
0.969649673 0.006158622 0.244420871 3.649703979 -0.006229804 0.999980509 -0.000481849 -2.609598875 -0.244419068 -0.001055470 0.969669104 96.722625732
0.966744602 0.005603155 0.255682021 3.813341141 -0.005742533 0.999983490 -0.000201424 -2.634359121 -0.255678952 -0.001273537 0.966760814 97.229774475
0.962993503 0.006479917 0.269446850 3.986295700 -0.006705339 0.999977529 -0.000083778 -2.648648262 -0.269441307 -0.001726055 0.963015258 97.747810364
0.959501445 0.005489555 0.281650215 4.160078049 -0.005611299 0.999984145 -0.000374286 -2.668035507 -0.281647801 -0.001221296 0.959517181 98.270729065
0.956017017 0.005376228 0.293262005 4.345609665 -0.005437050 0.999985039 -0.000607772 -2.678499937 -0.293260932 -0.001013440 0.956031859 98.808807373
0.951669514 0.005287303 0.307078481 4.537260056 -0.005388388 0.999985278 -0.000518635 -2.698896408 -0.307076663 -0.001161088 0.951684058 99.319900513
0.947066724 0.004635559 0.321003467 4.753664017 -0.004664001 0.999988854 -0.000680326 -2.711282015 -0.321003079 -0.000852846 0.947077751 99.839393616
0.943302751 0.004408868 0.331904292 4.947341919 -0.004352431 0.999990106 -0.000913403 -2.723256111 -0.331904978 -0.000582976 0.943312645 100.351478577
0.938340604 0.004700047 0.345680177 5.156244278 -0.004592094 0.999988854 -0.001131238 -2.739370584 -0.345681638 -0.000525910 0.938351691 100.846069336
0.933255315 0.003576383 0.359195888 5.359975815 -0.003601703 0.999993384 -0.000598695 -2.756672382 -0.359195590 -0.000734982 0.933262050 101.340179443
0.928658485 0.003536632 0.370918959 5.598434448 -0.003404403 0.999993682 -0.001011222 -2.775374413 -0.370920271 -0.000323678 0.928664684 101.850326538
0.923715889 0.002333031 0.383071154 5.845043182 -0.001939514 0.999997139 -0.001413481 -2.785456896 -0.383073300 0.000562683 0.923717737 102.394775391
0.917615235 0.001647436 0.397466421 6.083580017 -0.001107995 0.999998093 -0.001586852 -2.798730612 -0.397468269 0.001015728 0.917615294 102.889907837
0.911756575 -0.000526678 0.410730600 6.342681885 0.001140883 0.999998510 -0.001250284 -2.816380501 -0.410729378 0.001608549 0.911755919 103.410079956
0.907007098 -0.001777943 0.421111524 6.598037720 0.002676966 0.999995172 -0.001543752 -2.835020065 -0.421106756 0.002527495 0.907007575 103.885848999
0.901133657 -0.000423430 0.433541238 6.826652527 0.001062019 0.999998629 -0.001230773 -2.849861145 -0.433540136 0.001569519 0.901132882 104.324478149
0.894340217 0.000222666 0.447387516 7.091621399 0.000507743 0.999998689 -0.001512695 -2.865063906 -0.447387278 0.001580022 0.894338906 104.810516357
0.888413548 -0.000685139 0.459043652 7.366107941 0.001445311 0.999998152 -0.001304661 -2.883254528 -0.459041893 0.001822540 0.888412714 105.274963379
0.883146167 -0.000948570 0.469097048 7.636241913 0.001320484 0.999998987 -0.000463894 -2.914900541 -0.469096124 0.001029121 0.883146465 105.644989014
0.875499845 -0.001082911 0.483217210 7.944023132 0.001744823 0.999998152 -0.000920257 -2.928270817 -0.483215213 0.001648813 0.875500023 106.207138062
0.868306935 -0.001297785 0.496025622 8.236629486 0.002216416 0.999996722 -0.001263541 -2.938041210 -0.496022373 0.002196541 0.868306935 106.676193237
0.861936271 -0.001200610 0.507015228 8.525455475 0.002035877 0.999997318 -0.001093042 -2.953661442 -0.507012486 0.001974354 0.861936450 107.134101868
