1.000000000 0.000000000 0.000000000 0.000000000 0.000000000 1.000000000 0.000000000 0.000000000 0.000000000 0.000000000 1.000000000 0.000000000
1.000000000 0.000162725 0.000124923 -0.003259495 -0.000162709 1.000000000 -0.000126538 0.002935326 -0.000124944 0.000126517 1.000000000 0.004470577
1.000000000 0.000116035 0.000036826 0.000013762 -0.000116033 1.000000000 -0.000055553 0.001693421 -0.000036833 0.000055549 1.000000000 0.004431664
0.999999940 0.000295175 0.000096306 -0.000104322 -0.000295171 0.999999940 -0.000039030 0.001607391 -0.000096317 0.000039002 1.000000000 -0.001506207
1.000000000 0.000195987 0.000002929 0.003163784 -0.000195986 1.000000000 -0.000018485 0.000989999 -0.000002933 0.000018485 1.000000000 -0.000591865
1.000000000 0.000046851 -0.000094627 0.003217903 -0.000046851 1.000000000 -0.000001768 0.000070347 0.000094627 0.000001772 1.000000000 0.000234788
1.000000000 0.000161868 0.000106857 -0.002682778 -0.000161858 1.000000000 -0.000092975 0.001834939 -0.000106873 0.000092958 1.000000000 -0.000045430
1.000000000 0.000050356 -0.000010407 0.000530961 -0.000050356 1.000000000 0.000017343 0.000876108 0.000010408 -0.000017342 1.000000000 -0.001726428
1.000000000 0.000073433 0.000172947 -0.005366079 -0.000073423 1.000000000 -0.000059727 0.001922843 -0.000172952 0.000059715 1.000000000 0.005154970
0.999999940 0.000218429 0.000224510 -0.004335107 -0.000218402 0.999999940 -0.000119914 0.001127277 -0.000224536 0.000119865 0.999999940 0.000468859
0.999999940 0.000210677 0.000132471 -0.001657206 -0.000210676 1.000000000 -0.000013191 0.001595618 -0.000132474 0.000013163 1.000000000 -0.000112903
1.000000000 0.000112309 0.000146634 -0.003031135 -0.000112299 1.000000000 -0.000063977 0.001249530 -0.000146642 0.000063960 1.000000000 -0.002780921
1.000000000 0.000048806 0.000083765 -0.003259501 -0.000048805 1.000000000 -0.000008887 0.000577171 -0.000083766 0.000008883 1.000000000 -0.004831464
1.000000000 -0.000050747 0.000122924 -0.002288516 0.000050747 1.000000000 -0.000000662 -0.000371180 -0.000122924 0.000000668 1.000000000 0.000348940
1.000000000 0.000081958 0.000062374 -0.000253913 -0.000081956 1.000000000 -0.000033003 0.000241613 -0.000062376 0.000032998 1.000000000 -0.003038843
1.000000000 -0.000126444 -0.000104951 0.001842444 0.000126439 1.000000000 -0.000049878 0.000342191 0.000104957 0.000049865 1.000000000 -0.005443325
1.000000000 0.000018560 0.000061810 -0.002728271 -0.000018557 1.000000000 -0.000048299 0.000355500 -0.000061811 0.000048298 1.000000000 -0.002378548
1.000000000 0.000077936 0.000186511 -0.004014789 -0.000077954 1.000000000 0.000101158 -0.002049194 -0.000186503 -0.000101173 1.000000000 -0.003610139
1.000000000 0.000097655 0.000012542 0.000412974 -0.000097655 1.000000000 0.000032410 0.000832480 -0.000012539 -0.000032411 1.000000000 -0.005864423
1.000000000 -0.000076764 0.000024258 -0.001173799 0.000076764 1.000000000 0.000033536 -0.001094454 -0.000024260 -0.000033534 1.000000000 -0.006901348
1.000000000 0.000058399 0.000074381 -0.000901172 -0.000058399 1.000000000 0.000010943 -0.000376595 -0.000074381 -0.000010947 1.000000000 -0.006930579
1.000000000 -0.000070187 0.000049700 -0.000366031 0.000070184 1.000000000 0.000068437 -0.001745631 -0.000049705 -0.000068433 1.000000000 -0.004388542
1.000000000 0.000168564 0.000162342 -0.005827992 -0.000168542 1.000000000 -0.000133607 0.002034921 -0.000162365 0.000133580 1.000000000 0.003237799
1.000000000 0.000001254 -0.000026955 0.000653050 -0.000001254 1.000000000 -0.000023551 -0.000309254 0.000026955 0.000023551 1.000000000 -0.000874668
1.000000000 -0.000002808 0.000056265 -0.002465447 0.000002804 1.000000000 0.000065703 0.000657111 -0.000056266 -0.000065703 1.000000000 0.000294455
1.000000000 -0.000008392 -0.000087203 0.003747557 0.000008386 1.000000000 -0.000074939 0.001932752 0.000087204 0.000074938 1.000000000 -0.006833707
1.000000000 -0.000051962 0.000065933 -0.002901240 0.000051969 1.000000000 -0.000105160 0.002525774 -0.000065928 0.000105164 1.000000000 0.000037002
0.999999940 0.000295136 0.000173541 -0.004716577 -0.000295115 0.999999940 -0.000118493 0.002118868 -0.000173576 0.000118442 1.000000000 -0.000668880
1.000000000 0.000049109 0.000103297 -0.003009862 -0.000049110 1.000000000 0.000007118 0.000989788 -0.000103297 -0.000007123 1.000000000 0.000309637
1.000000000 -0.000020036 0.000021156 -0.003887549 0.000020037 1.000000000 -0.000045084 0.003059034 -0.000021155 0.000045084 1.000000000 -0.001380976
1.000000000 0.000058256 0.000089250 -0.003934145 -0.000058254 1.000000000 -0.000028420 0.001283855 -0.000089252 0.000028415 1.000000000 -0.000178423
1.000000000 -0.000024012 0.000087761 -0.003484927 0.000024001 1.000000000 0.000126054 0.000310162 -0.000087764 -0.000126052 1.000000000 0.002516055
1.000000000 -0.000124516 0.000047989 -0.003935117 0.000124515 1.000000000 0.000033311 0.000050977 -0.000047994 -0.000033305 1.000000000 -0.004420288
1.000000000 -0.000058548 0.000009136 -0.002051120 0.000058547 1.000000000 0.000062573 0.000225680 -0.000009140 -0.000062573 1.000000000 -0.006379870
0.999999940 0.000253099 0.000160760 -0.004415359 -0.000253097 0.999999940 -0.000011572 0.000854735 -0.000160763 0.000011531 1.000000000 -0.001914442
1.000000000 0.000085467 0.000183136 -0.004468514 -0.000085467 1.000000000 0.000002476 0.001197232 -0.000183136 -0.000002492 1.000000000 0.000263589
1.000000000 0.000094435 0.000108834 -0.006427713 -0.000094430 1.000000000 -0.000045498 0.002712710 -0.000108838 0.000045488 1.000000000 0.001524312
1.000000000 0.000107522 0.000072283 -0.004171433 -0.000107516 1.000000000 -0.000079265 0.002347771 -0.000072291 0.000079257 1.000000000 -0.001317409
1.000000000 -0.000114072 0.000051063 -0.003130818 0.000114070 1.000000000 0.000039907 0.001009930 -0.000051067 -0.000039901 1.000000000 0.000754588
1.000000000 -0.000070354 -0.000002183 -0.000249412 0.000070354 1.000000000 0.000099223 -0.000381972 0.000002176 -0.000099224 1.000000000 -0.006384480
1.000000000 -0.000198165 -0.000047044 -0.002716146 0.000198166 1.000000000 0.000022070 -0.000808575 0.000047039 -0.000022079 1.000000000 -0.000943533
1.000000000 0.000156435 0.000102242 0.001965137 -0.000156383 0.999999881 -0.000509857 -0.005078841 -0.000102322 0.000509841 0.999999881 0.051360160
1.000000000 0.000042531 0.000008898 0.003219591 -0.000042520 0.999999166 -0.001277594 -0.003458054 -0.000008952 0.001277593 0.999999166 0.148346454
1.000000000 0.000077157 -0.000056021 0.004680895 -0.000077241 0.999998868 -0.001492017 -0.010244538 0.000055906 0.001492021 0.999998868 0.261347890
1.000000000 0.000028682 0.000088352 0.002226464 -0.000028561 0.999999046 -0.001370700 -0.016185177 -0.000088391 0.001370698 0.999999046 0.391988993
1.000000000 0.000033825 -0.000109554 0.005226986 -0.000033948 0.999999344 -0.001123171 -0.020384191 0.000109516 0.001123175 0.999999344 0.533405840
1.000000000 -0.000070563 -0.000197539 0.016885107 0.000070382 0.999999583 -0.000917202 -0.028851710 0.000197604 0.000917188 0.999999583 0.691191912
0.999999881 -0.000478963 -0.000158588 0.021901023 0.000478881 0.999999762 -0.000520173 -0.033056200 0.000158837 0.000520097 0.999999881 0.850280344
0.999999940 -0.000166313 -0.000374098 0.028531877 0.000166093 0.999999821 -0.000588281 -0.038391419 0.000374195 0.000588219 0.999999762 1.034958005
1.000000000 -0.000017121 0.000100174 0.015194144 0.000017182 0.999999821 -0.000603151 -0.045591917 -0.000100163 0.000603153 0.999999821 1.213266134
0.999999762 -0.000558737 -0.000387893 0.039037511 0.000558571 0.999999762 -0.000427531 -0.050292969 0.000388132 0.000427314 0.999999821 1.420600653
0.999999344 -0.000700387 -0.000887061 0.046251345 0.000700366 0.999999762 -0.000024279 -0.061450463 0.000887078 0.000023658 0.999999583 1.607178926
0.999999881 -0.000413041 0.000214522 0.013794321 0.000413122 0.999999821 -0.000374373 -0.063300021 -0.000214367 0.000374462 0.999999881 1.862813473
0.999999821 -0.000573988 0.000345754 0.024655852 0.000574025 0.999999821 -0.000107027 -0.073454581 -0.000345693 0.000107225 0.999999881 2.063521624
0.999999940 -0.000028779 0.000278854 0.017906038 0.000028869 0.999999940 -0.000319702 -0.083345085 -0.000278845 0.000319710 0.999999881 2.281142473
0.999999940 0.000146272 0.000379256 0.023733260 -0.000146190 1.000000000 -0.000217150 -0.088925160 -0.000379288 0.000217095 0.999999821 2.500593662
0.999999583 0.000898482 0.000347134 0.026643958 -0.000898421 0.999999583 -0.000176793 -0.090403169 -0.000347292 0.000176481 0.999999881 2.745513916
0.999999464 0.000456984 0.000910141 0.024420647 -0.000457211 0.999999881 0.000250232 -0.106187977 -0.000910026 -0.000250648 0.999999523 2.966204643
0.999999881 0.000045823 0.000437268 0.036240712 -0.000046004 0.999999940 0.000414866 -0.117487967 -0.000437248 -0.000414886 0.999999821 3.200769663
0.999999762 0.000353305 0.000573809 0.039906390 -0.000353492 0.999999940 0.000324973 -0.123552307 -0.000573694 -0.000325176 0.999999821 3.445825100
0.999999821 0.000009662 0.000497758 0.048336983 -0.000009897 0.999999940 0.000471588 -0.132141516 -0.000497753 -0.000471593 0.999999702 3.704978466
0.999999583 0.000668104 0.000607494 0.046254039 -0.000668306 0.999999821 0.000331261 -0.140189275 -0.000607272 -0.000331667 0.999999762 3.927908182
0.999999583 -0.000169912 0.000880036 0.045133762 0.000169330 0.999999881 0.000661469 -0.152608424 -0.000880148 -0.000661319 0.999999344 4.195032597
0.999999464 0.000095263 0.001055208 0.045773733 -0.000096358 0.999999464 0.001037508 -0.162562042 -0.001055109 -0.001037609 0.999998868 4.446146011
0.999999583 0.000118938 0.000919777 0.058590461 -0.000119703 0.999999702 0.000831961 -0.167899892 -0.000919678 -0.000832071 0.999999285 4.719689846
0.999999106 0.000169537 0.001324516 0.055182461 -0.000171191 0.999999225 0.001248998 -0.183662772 -0.001324303 -0.001249223 0.999998331 4.967513084
0.999998987 0.000231952 0.001399387 0.057553198 -0.000233706 0.999999225 0.001253627 -0.195258245 -0.001399096 -0.001253953 0.999998212 5.218112946
0.999999523 0.000086646 0.001011566 0.066908151 -0.000088252 0.999998808 0.001587115 -0.205163613 -0.001011427 -0.001587204 0.999998212 5.492782593
0.999999046 -0.000470891 0.001327301 0.069765158 0.000468871 0.999998748 0.001521707 -0.209783614 -0.001328016 -0.001521083 0.999997914 5.753847599
0.999999106 0.000182206 0.001302445 0.075174719 -0.000184260 0.999998748 0.001577217 -0.225013763 -0.001302156 -0.001577456 0.999997914 6.031794071
0.999998987 -0.000218691 0.001405863 0.076811999 0.000216340 0.999998510 0.001671799 -0.235472843 -0.001406226 -0.001671493 0.999997616 6.299238205
0.999998450 0.000673274 0.001590375 0.089218989 -0.000675644 0.999998629 0.001489626 -0.242952168 -0.001589370 -0.001490698 0.999997675 6.577761650
0.999999106 -0.000060913 0.001368733 0.094749749 0.000058621 0.999998569 0.001674304 -0.250051051 -0.001368833 -0.001674222 0.999997675 6.871281147
0.999998987 0.000091985 0.001357376 0.105264790 -0.000094197 0.999998689 0.001629202 -0.262741566 -0.001357225 -0.001629329 0.999997675 7.174427986
0.999999404 0.000120816 0.001079044 0.119690098 -0.000122753 0.999998331 0.001794587 -0.274266064 -0.001078826 -0.001794718 0.999997795 7.466781616
0.999998927 0.000297494 0.001439317 0.122716464 -0.000300057 0.999998450 0.001781232 -0.289916486 -0.001438785 -0.001781662 0.999997377 7.782075882
0.999998629 0.000475653 0.001576757 0.131688610 -0.000479121 0.999997437 0.002200165 -0.295377880 -0.001575706 -0.002200917 0.999996305 8.102957726
0.999998808 0.000107258 0.001539855 0.129766136 -0.000110310 0.999998033 0.001981732 -0.301653713 -0.001539640 -0.001981900 0.999996781 8.412691116
0.999998689 0.000121670 0.001599653 0.140592694 -0.000124709 0.999998212 0.001900145 -0.306642622 -0.001599419 -0.001900342 0.999996841 8.746193886
0.999998689 -0.000886725 0.001363460 0.147300750 0.000883816 0.999997377 0.002132582 -0.317106724 -0.001365347 -0.002131374 0.999996841 9.083346367
0.999998152 -0.000414309 0.001904137 0.149620995 0.000409374 0.999996603 0.002591184 -0.331817776 -0.001905204 -0.002590400 0.999994755 9.418460846
0.999998212 -0.000131361 0.001860368 0.154024273 0.000127122 0.999997377 0.002278259 -0.343306750 -0.001860662 -0.002278019 0.999995649 9.742821693
0.999998629 0.000243623 0.001666164 0.165035233 -0.000247623 0.999997079 0.002400674 -0.357243955 -0.001665574 -0.002401083 0.999995708 10.083019257
0.999997497 0.000386771 0.002169253 0.158165097 -0.000392216 0.999996722 0.002509910 -0.368507385 -0.002168275 -0.002510754 0.999994457 10.457157135
0.999995708 0.000725765 0.002852925 0.152206749 -0.000734066 0.999995530 0.002909839 -0.378422797 -0.002850800 -0.002911920 0.999991655 10.819300652
0.999998629 0.000022974 0.001668388 0.192974344 -0.000026896 0.999997258 0.002350757 -0.386761010 -0.001668329 -0.002350799 0.999995828 11.166178703
0.999997139 0.000702035 0.002311079 0.192321584 -0.000707274 0.999997199 0.002266688 -0.399055094 -0.002309481 -0.002268316 0.999994695 11.552714348
0.999996781 0.000997295 0.002367342 0.199975669 -0.001002547 0.999997079 0.002218350 -0.406320810 -0.002365123 -0.002220716 0.999994755 11.940248489
0.999996424 0.001103838 0.002462629 0.210197568 -0.001109722 0.999996483 0.002389020 -0.416472375 -0.002459983 -0.002391744 0.999994040 12.278819084
0.999997318 0.000139206 0.002290746 0.221775025 -0.000145048 0.999996722 0.002550332 -0.439067125 -0.002290384 -0.002550658 0.999994040 12.658646584
0.999996543 0.000835888 0.002482085 0.230295002 -0.000842264 0.999996305 0.002568666 -0.448146194 -0.002479928 -0.002570748 0.999993563 13.060323715
0.999997377 0.000478791 0.002205160 0.249518946 -0.000484477 0.999996483 0.002578545 -0.460573524 -0.002203918 -0.002579606 0.999994218 13.463569641
0.999994516 0.001140926 0.003111588 0.255169928 -0.001147307 0.999997199 0.002049652 -0.458561897 -0.003109241 -0.002053211 0.999993026 13.892740250
0.999995172 0.000424510 0.003083855 0.250864804 -0.000433611 0.999995470 0.002951189 -0.489249319 -0.003082589 -0.002952512 0.999990880 14.243548393
0.999995530 0.000133771 0.002979560 0.264954537 -0.000143215 0.999994874 0.003169646 -0.508810937 -0.002979122 -0.003170059 0.999990582 14.660363197
0.999993086 0.000600634 0.003673011 0.274188489 -0.000613643 0.999993563 0.003541799 -0.520800352 -0.003670860 -0.003544028 0.999986947 15.088861465
0.999991357 0.000842867 0.004085716 0.280083388 -0.000856295 0.999994218 0.003286038 -0.521900415 -0.004082923 -0.003289508 0.999986291 15.538242340
0.999990940 0.000576595 0.004232510 0.314367175 -0.000590500 0.999994397 0.003284734 -0.527726531 -0.004230592 -0.003287203 0.999985635 16.017841339
0.999991238 -0.000225926 0.004185028 0.309707463 0.000208555 0.999991298 0.004150717 -0.595120370 -0.004185928 -0.004149807 0.999982655 16.379432678
0.999992013 -0.000589480 0.003967965 0.326150239 0.000574104 0.999992311 0.003875137 -0.602254510 -0.003970218 -0.003872828 0.999984622 16.830837250
0.999987602 0.000600155 0.004948195 0.330987036 -0.000621453 0.999990523 0.004303773 -0.611134589 -0.004945565 -0.004306795 0.999978483 17.302570343
0.999987185 -0.000018536 0.005068774 0.343081921 -0.000004430 0.999989688 0.004530818 -0.627390325 -0.005068806 -0.004530781 0.999976873 17.753143311
0.999984562 -0.000511761 0.005538314 0.354591757 0.000485616 0.999988675 0.004721184 -0.639006317 -0.005540667 -0.004718421 0.999973536 18.226394653
0.999985158 -0.000011152 0.005442730 0.368782222 -0.000015273 0.999988317 0.004855006 -0.666419387 -0.005442720 -0.004855017 0.999973416 18.631507874
0.999986112 -0.000991796 0.005171813 0.389822870 0.000965147 0.999986231 0.005152839 -0.680837214 -0.005176853 -0.005147777 0.999973297 19.097703934
0.999983847 0.000506389 0.005653169 0.404061973 -0.000533361 0.999988496 0.004770588 -0.684728801 -0.005650688 -0.004773526 0.999972701 19.583431244
0.999983430 0.000771019 0.005690509 0.414166480 -0.000799817 0.999986887 0.005060200 -0.699248731 -0.005686533 -0.005064667 0.999971032 20.064485550
0.999983966 0.000500521 0.005641931 0.413381279 -0.000530403 0.999985814 0.005296117 -0.722356498 -0.005639200 -0.005299023 0.999970078 20.523347855
0.999985337 0.000570251 0.005391821 0.428848207 -0.000597450 0.999987006 0.005044248 -0.734822571 -0.005388875 -0.005047395 0.999972761 21.023080826
0.999989688 -0.000169045 0.004546489 0.445114017 0.000148239 0.999989510 0.004576166 -0.742558300 -0.004547215 -0.004575443 0.999979258 21.541728973
0.999990582 -0.000079161 0.004327647 0.456104547 0.000058824 0.999988914 0.004699280 -0.758449554 -0.004327971 -0.004698981 0.999979556 22.050191879
0.999990106 0.000654882 0.004397772 0.468529880 -0.000680452 0.999982834 0.005815309 -0.790395439 -0.004393888 -0.005818244 0.999973416 22.464893341
0.999993086 0.000120052 0.003725204 0.473693728 -0.000142061 0.999982536 0.005908333 -0.804745674 -0.003724430 -0.005908821 0.999975622 22.982488632
0.999989986 0.001372760 0.004267210 0.470757633 -0.001398124 0.999981344 0.005946656 -0.817524672 -0.004258967 -0.005952563 0.999973178 23.528205872
0.999996603 -0.000202886 0.002584169 0.499566168 0.000188544 0.999984562 0.005548926 -0.823451519 -0.002585254 -0.005548418 0.999981284 24.008621216
0.999997139 0.001112525 0.002126725 0.507625818 -0.001124387 0.999983788 0.005584965 -0.834667146 -0.002120477 -0.005587340 0.999982119 24.528192520
0.999999106 0.001129787 0.000764312 0.527041018 -0.001133866 0.999984980 0.005357605 -0.844978452 -0.000758248 -0.005358466 0.999985397 25.064018250
0.999998152 0.001471637 0.001190757 0.524357021 -0.001478216 0.999983549 0.005542983 -0.855521977 -0.001182580 -0.005544735 0.999983907 25.596136093
0.999998808 0.001011919 0.001083454 0.536012590 -0.001018072 0.999983251 0.005693579 -0.868751585 -0.001077674 -0.005694676 0.999983191 26.145866394
0.999999702 0.000668187 0.000391862 0.551334262 -0.000670561 0.999981165 0.006089803 -0.880510926 -0.000387786 -0.006090063 0.999981403 26.671018600
0.999999464 0.001032438 0.000232511 0.560794592 -0.001033914 0.999978721 0.006442694 -0.900711954 -0.000225854 -0.006442929 0.999979258 27.205596924
0.999997616 0.002143118 0.000436840 0.570377350 -0.002145729 0.999979198 0.006067968 -0.917958975 -0.000423826 -0.006068890 0.999981523 27.755268097
0.999997556 0.002145523 -0.000438028 0.579045892 -0.002142800 0.999978960 0.006124551 -0.921926379 0.000451159 -0.006123598 0.999981165 28.264255524
0.999997258 0.002150173 -0.000896401 0.594531655 -0.002143938 0.999973893 0.006899274 -0.944456518 0.000911212 -0.006897334 0.999975801 28.807790756
0.999996603 0.002593876 -0.000433077 0.574637711 -0.002591274 0.999979258 0.005903204 -0.953221440 0.000448380 -0.005902061 0.999982476 29.382356644
0.999996483 0.002133567 -0.001531041 0.606402040 -0.002123943 0.999978065 0.006260082 -0.963821232 0.001544364 -0.006256809 0.999979198 29.870210648
0.999996066 0.002276581 -0.001606699 0.621160805 -0.002265773 0.999974966 0.006696692 -0.981200635 0.001621905 -0.006693025 0.999976277 30.414421082
0.999995768 0.002223302 -0.001869855 0.624295354 -0.002210917 0.999975801 0.006599441 -0.998914242 0.001884482 -0.006595279 0.999976456 30.946388245
0.999994814 0.002359938 -0.002182563 0.642834127 -0.002344743 0.999973238 0.006938647 -1.017142773 0.002198879 -0.006933494 0.999973536 31.483646393
0.999993443 0.002802987 -0.002287664 0.664582789 -0.002787844 0.999974310 0.006596103 -1.042797089 0.002306094 -0.006589681 0.999975562 32.015605927
0.999994338 0.002425238 -0.002344271 0.664022326 -0.002409740 0.999975383 0.006591398 -1.034672499 0.002360199 -0.006585712 0.999975443 32.532943726
0.999993920 0.003068894 -0.001679794 0.653332233 -0.003058207 0.999975383 0.006328822 -1.045947671 0.001699175 -0.006323646 0.999978483 33.083465576
0.999995112 0.002475780 -0.001943385 0.654995024 -0.002461307 0.999969542 0.007414481 -1.082076907 0.001961682 -0.007409661 0.999970615 33.601596832
0.999991715 0.003073362 -0.002642527 0.683298588 -0.003055318 0.999972165 0.006805370 -1.074843884 0.002663369 -0.006797240 0.999973357 34.162422180
0.999991298 0.002731290 -0.003168559 0.703281701 -0.002711673 0.999977231 0.006179134 -1.076485634 0.003185365 -0.006170488 0.999975920 34.704204559
0.999991357 0.002878871 -0.002998239 0.693568170 -0.002860841 0.999977946 0.006000724 -1.085717082 0.003015448 -0.005992095 0.999977529 35.261398315
0.999990463 0.003832854 -0.002127386 0.672651887 -0.003819362 0.999972761 0.006310438 -1.116059661 0.002151515 -0.006302252 0.999977827 35.817565918
0.999990165 0.003360139 -0.002892317 0.725519061 -0.003340774 0.999972165 0.006674318 -1.133882046 0.002914664 -0.006664589 0.999973536 36.294765472
0.999989212 0.003928720 -0.002487830 0.725246668 -0.003912345 0.999970853 0.006553499 -1.143723965 0.002513505 -0.006543695 0.999975443 36.857521057
0.999988317 0.003457492 -0.003363010 0.751002252 -0.003437417 0.999976277 0.005957200 -1.146956921 0.003383528 -0.005945572 0.999976575 37.396373749
0.999989331 0.003198088 -0.003333633 0.759441555 -0.003175560 0.999972284 0.006741309 -1.172491074 0.003355100 -0.006730652 0.999971747 37.935096741
0.999990821 0.003208934 -0.002837137 0.738206029 -0.003189807 0.999972343 0.006720688 -1.184777141 0.002858625 -0.006711577 0.999973357 38.454906464
0.999984980 0.003546053 -0.004165139 0.797751665 -0.003521556 0.999976516 0.005874206 -1.168166518 0.004185872 -0.005859451 0.999974072 39.059780121
0.999989510 0.001670817 -0.004261163 0.804722309 -0.001631534 0.999956310 0.009205856 -1.278059006 0.004276358 -0.009198807 0.999948561 39.476646423
0.999989688 0.001189666 -0.004382719 0.813061237 -0.001148436 0.999955177 0.009397855 -1.294075966 0.004393703 -0.009392723 0.999946296 40.019943237
0.999987006 0.002896111 -0.004194352 0.824881196 -0.002860070 0.999959171 0.008573285 -1.298513174 0.004219010 -0.008561178 0.999954462 40.564853668
0.999987781 0.001643255 -0.004650043 0.844109416 -0.001599178 0.999953926 0.009466900 -1.323718309 0.004665386 -0.009459347 0.999944329 41.118392944
0.999989510 0.002326757 -0.003944460 0.837979615 -0.002293433 0.999961793 0.008431950 -1.318927765 0.003963928 -0.008422813 0.999956667 41.661285400
0.999989748 0.002006799 -0.004049633 0.845151365 -0.001968221 0.999952853 0.009508011 -1.342092514 0.004068521 -0.009499944 0.999946535 42.154922485
0.999989808 0.002874453 -0.003475122 0.851039052 -0.002842284 0.999953389 0.009226489 -1.343240857 0.003501480 -0.009216517 0.999951363 42.707324982
0.999988556 0.002721491 -0.003961730 0.862353563 -0.002684783 0.999953628 0.009241845 -1.361725330 0.003986698 -0.009231100 0.999949455 43.220355988
0.999989331 0.002577580 -0.003819681 0.868786097 -0.002540908 0.999950945 0.009574842 -1.374524355 0.003844172 -0.009565034 0.999946892 43.748477936
0.999989450 0.002303046 -0.003967059 0.885235667 -0.002266446 0.999954998 0.009206158 -1.380195618 0.003988083 -0.009197069 0.999949753 44.295043945
0.999987841 0.002263764 -0.004378819 0.909151793 -0.002225006 0.999958456 0.008835874 -1.388432384 0.004398639 -0.008826025 0.999951422 44.851409912
0.999989331 0.002501979 -0.003865267 0.910048008 -0.002466864 0.999955893 0.009063035 -1.404113531 0.003887773 -0.009053402 0.999951482 45.369575500
0.999989092 0.003378402 -0.003198910 0.921333671 -0.003350676 0.999957144 0.008633635 -1.415105581 0.003227941 -0.008622822 0.999957681 45.926170349
0.999988139 0.003630200 -0.003248962 0.924661040 -0.003601173 0.999953985 0.008895765 -1.433383465 0.003281107 -0.008883960 0.999955118 46.484539032
0.999990463 0.002777764 -0.003369385 0.913825154 -0.002748376 0.999958456 0.008695827 -1.438535690 0.003393400 -0.008686483 0.999956489 46.994735718
0.999988198 0.003218983 -0.003617555 0.955182374 -0.003185668 0.999952912 0.009177466 -1.447966576 0.003646928 -0.009165836 0.999951303 47.487895966
0.999990284 0.002659039 -0.003509371 0.970415056 -0.002626632 0.999954164 0.009207090 -1.462559223 0.003533693 -0.009197783 0.999951422 48.031570435
0.999989986 0.002916462 -0.003377584 0.973693430 -0.002884581 0.999951601 0.009405764 -1.475439787 0.003404852 -0.009395928 0.999950051 48.576812744
0.999985695 0.003934833 -0.003630231 0.991311371 -0.003900746 0.999948680 0.009349349 -1.481506824 0.003666834 -0.009335055 0.999949634 49.087814331
0.999985695 0.003417684 -0.004131528 1.000509381 -0.003380718 0.999954522 0.008921299 -1.485861301 0.004161831 -0.008907202 0.999951661 49.635185242
0.999987364 0.003850770 -0.003235980 1.002712131 -0.003819745 0.999947131 0.009539787 -1.502477050 0.003272544 -0.009527305 0.999949276 50.157913208
0.999984920 0.004535957 -0.003090112 1.005451560 -0.004506855 0.999945998 0.009360583 -1.517392755 0.003132404 -0.009346517 0.999951482 50.700443268
0.999985874 0.004081114 -0.003398135 1.018568993 -0.004048569 0.999946415 0.009529864 -1.518375158 0.003436845 -0.009515973 0.999948800 51.237552643
0.999985695 0.003932176 -0.003629088 1.033223510 -0.003898901 0.999950707 0.009130917 -1.535330892 0.003664814 -0.009116636 0.999951720 51.778549194
0.999984682 0.004036827 -0.003782029 1.037433147 -0.003999535 0.999943793 0.009816725 -1.544665098 0.003821445 -0.009801446 0.999944627 52.312397003
0.999987900 0.004026298 -0.002848336 1.029492378 -0.004002300 0.999956846 0.008381372 -1.544220448 0.002881959 -0.008369871 0.999960780 52.869449615
0.999987304 0.003869069 -0.003229475 1.065021038 -0.003838799 0.999949157 0.009327390 -1.567591190 0.003265398 -0.009314873 0.999951243 53.358207703
0.999985397 0.004018260 -0.003602451 1.071451426 -0.003984531 0.999948621 0.009321655 -1.577414393 0.003639722 -0.009307165 0.999950051 53.905731201
0.999984205 0.004757599 -0.002973990 1.073205352 -0.004730601 0.999948144 0.009020157 -1.587841272 0.003016749 -0.009005946 0.999954879 54.444530487
0.999987364 0.004049389 -0.002972336 1.087675929 -0.004020214 0.999944329 0.009756696 -1.603341818 0.003011679 -0.009744624 0.999947965 54.944206238
0.999986112 0.004274671 -0.003086982 1.092801094 -0.004243039 0.999939144 0.010182111 -1.611691475 0.003130319 -0.010168870 0.999943435 55.511528015
0.999986649 0.004436332 -0.002646462 1.111140847 -0.004410649 0.999943912 0.009632664 -1.623833656 0.002689048 -0.009620863 0.999950111 56.045940399
0.999986172 0.004311687 -0.002998201 1.117230654 -0.004282900 0.999945283 0.009542362 -1.633399010 0.003039181 -0.009529388 0.999949992 56.527122498
0.999985814 0.004785100 -0.002344083 1.122694731 -0.004761557 0.999939203 0.009948339 -1.655382872 0.002391545 -0.009937035 0.999947786 57.078758240
0.999985576 0.004800480 -0.002425006 1.133962035 -0.004776533 0.999940693 0.009786362 -1.658712626 0.002471841 -0.009774637 0.999949217 57.635364532
0.999988854 0.004014321 -0.002450960 1.142101049 -0.003990167 0.999944210 0.009781282 -1.668957710 0.002490089 -0.009771393 0.999949157 58.119747162
0.999990702 0.003470596 -0.002580325 1.150848031 -0.003444970 0.999945283 0.009870409 -1.680384636 0.002614440 -0.009861426 0.999947965 58.659645081
0.999989212 0.004253244 -0.001830704 1.169098258 -0.004234548 0.999940038 0.010098130 -1.696774840 0.001873545 -0.010090270 0.999947369 59.192611694
0.999987543 0.004339623 -0.002462302 1.174908161 -0.004314321 0.999938726 0.010189716 -1.702863216 0.002506371 -0.010178964 0.999944985 59.705711365
0.999987543 0.004233269 -0.002661407 1.194565892 -0.004206448 0.999941111 0.010003880 -1.717659235 0.002703600 -0.009992558 0.999946415 60.251720428
0.999984980 0.004858788 -0.002534238 1.210446358 -0.004832309 0.999934673 0.010351948 -1.732881308 0.002584371 -0.010339544 0.999943197 60.783023834
0.999985754 0.004053873 -0.003465570 1.260238051 -0.004015992 0.999932885 0.010868647 -1.769714117 0.003509397 -0.010854574 0.999934912 61.318599701
0.999989271 0.004164564 -0.002032724 1.224998355 -0.004143400 0.999938309 0.010307798 -1.762498140 0.002075526 -0.010299265 0.999944806 61.853645325
0.999988794 0.004345784 -0.001874125 1.226529479 -0.004326346 0.999938071 0.010253634 -1.770912647 0.001918569 -0.010245412 0.999945641 62.387821198
0.999987066 0.004718414 -0.001879562 1.239801168 -0.004699027 0.999936998 0.010188741 -1.784302711 0.001927518 -0.010179778 0.999946356 62.928192139
0.999984205 0.005308712 -0.001842617 1.244304657 -0.005290416 0.999938011 0.009796013 -1.785456181 0.001894507 -0.009786109 0.999950349 63.506896973
0.999988735 0.004297947 -0.001991560 1.253012538 -0.004276970 0.999936581 0.010419347 -1.805688381 0.002036216 -0.010410713 0.999943733 64.011421204
0.999987006 0.004772174 -0.001797867 1.266392708 -0.004753274 0.999934912 0.010374122 -1.819642663 0.001847258 -0.010365442 0.999944508 64.553283691
0.999988139 0.004699330 -0.001273750 1.274071693 -0.004684793 0.999926507 0.011184423 -1.843041539 0.001326216 -0.011178325 0.999936640 65.082908630
0.999986053 0.005226250 -0.000761706 1.296189070 -0.005217698 0.999927759 0.010826707 -1.830177069 0.000818233 -0.010822581 0.999941051 65.564155579
0.999988139 0.004772619 -0.001032597 1.310597301 -0.004761703 0.999935329 0.010327646 -1.838384390 0.001081820 -0.010322605 0.999946117 66.114944458
0.999983788 0.005579075 -0.001118045 1.330552578 -0.005566560 0.999925017 0.010900727 -1.862740278 0.001178778 -0.010894327 0.999939978 66.648200989
0.999987900 0.004817198 -0.001020226 1.327578187 -0.004805847 0.999929547 0.010851188 -1.877429008 0.001072427 -0.010846153 0.999940574 67.167167664
0.999989212 0.004527925 -0.001035211 1.336253643 -0.004516742 0.999934018 0.010560894 -1.884375572 0.001082962 -0.010556106 0.999943674 67.713142395
0.999986231 0.005216308 -0.000572390 1.336569190 -0.005209615 0.999924481 0.011130070 -1.905851245 0.000630405 -0.011126935 0.999937832 68.252944946
0.999988258 0.004783852 -0.000772302 1.354254246 -0.004775736 0.999936700 0.010189796 -1.881955862 0.000820998 -0.010185986 0.999947786 68.769134521
0.999989092 0.004580313 -0.000906659 1.367302656 -0.004571078 0.999940157 0.009938388 -1.890812635 0.000952126 -0.009934135 0.999950171 69.311233521
0.999987245 0.004871107 -0.001358103 1.416062355 -0.004857138 0.999937177 0.010106872 -1.902824640 0.001407250 -0.010100146 0.999948025 69.822013855
0.999985397 0.005295240 -0.001088929 1.437929749 -0.005283413 0.999930024 0.010591807 -1.925892949 0.001144938 -0.010585899 0.999943256 70.319999695
0.999987960 0.004872786 -0.000546037 1.401699662 -0.004866517 0.999928236 0.010947261 -1.946987391 0.000599342 -0.010944472 0.999939859 70.893470764
0.999987602 0.004886829 -0.000989017 1.412843227 -0.004875829 0.999929428 0.010834713 -1.952828169 0.001041895 -0.010829758 0.999940813 71.467857361
0.999984264 0.005554041 -0.000663419 1.432489753 -0.005546668 0.999928057 0.010640160 -1.967865944 0.000722467 -0.010636316 0.999943078 71.994934082
0.999987721 0.004946518 -0.000257170 1.431447029 -0.004943486 0.999930620 0.010688250 -1.975510359 0.000310021 -0.010686846 0.999942839 72.509574890
0.999987066 0.005072130 -0.000466838 1.443969727 -0.005066625 0.999925256 0.011122331 -1.992298484 0.000523217 -0.011119820 0.999938011 73.056480408
0.999991775 0.004027684 -0.000407944 1.465774536 -0.004023108 0.999935031 0.010659485 -2.002113581 0.000450850 -0.010657758 0.999943137 73.600654602
0.999986112 0.005269736 -0.000061085 1.478827238 -0.005268778 0.999928713 0.010714476 -2.015304565 0.000117543 -0.010714008 0.999942601 74.104232788
0.999990523 0.004252750 -0.000993413 1.504314899 -0.004241738 0.999932289 0.010837515 -2.026858807 0.001039435 -0.010833197 0.999940813 74.651718140
0.999987483 0.004941427 -0.000777703 1.545451880 -0.004932750 0.999929607 0.010790800 -2.053530455 0.000830970 -0.010786829 0.999941468 75.176559448
0.999985576 0.005368468 -0.000078605 1.533402324 -0.005367278 0.999924958 0.011010535 -2.064702749 0.000137709 -0.011009953 0.999939322 75.697532654
0.999988258 0.004836845 -0.000237030 1.550731301 -0.004834073 0.999932528 0.010560310 -2.071655750 0.000288092 -0.010559041 0.999944150 76.235740662
0.999986887 0.005108752 -0.000083117 1.547553658 -0.005107496 0.999923885 0.011226543 -2.082441568 0.000140465 -0.011225971 0.999936998 76.793426514
0.999986410 0.005209791 0.000218934 1.563644648 -0.005211925 0.999923050 0.011256859 -2.098566532 -0.000160272 -0.011257847 0.999936640 77.302757263
0.999985993 0.005289850 0.000332203 1.571773171 -0.005293310 0.999920309 0.011457004 -2.105408192 -0.000271570 -0.011458602 0.999934316 77.850570679
0.999983132 0.005802409 0.000285360 1.584292889 -0.005805241 0.999920487 0.011195070 -2.118925571 -0.000220378 -0.011196540 0.999937296 78.386657715
0.999986470 0.005185284 0.000378057 1.600090623 -0.005189221 0.999922872 0.011285443 -2.128999949 -0.000319509 -0.011287252 0.999936283 78.938484192
0.999984324 0.005411494 0.001410479 1.650934100 -0.005427373 0.999919057 0.011508901 -2.153918982 -0.001348085 -0.011516376 0.999932706 79.448005676
0.999979258 0.005771055 0.002848185 1.664488196 -0.005803118 0.999918342 0.011380281 -2.173812151 -0.002782277 -0.011396573 0.999931157 79.977699280
0.999969423 0.006475346 0.004396737 1.648509979 -0.006524297 0.999915838 0.011211690 -2.184020758 -0.004323767 -0.011240032 0.999927521 80.588584900
0.999966443 0.005840599 0.005741468 1.660851598 -0.005903877 0.999921262 0.011066547 -2.169111729 -0.005676381 -0.011100071 0.999922276 81.107681274
0.999948144 0.005419338 0.008626349 1.681986094 -0.005511094 0.999928057 0.010648743 -2.180629253 -0.008568020 -0.010695730 0.999906123 81.661140442
0.999896348 0.007049904 0.012551884 1.697955847 -0.007197056 0.999905407 0.011717106 -2.208726406 -0.012468093 -0.011806228 0.999852538 82.215217590
0.999848783 0.006782739 0.016012626 1.714007854 -0.006972196 0.999906003 0.011805775 -2.206874132 -0.015931046 -0.011915631 0.999802113 82.743392944
0.999768555 0.006609877 0.020472949 1.746968269 -0.006845287 0.999911010 0.011449959 -2.220813036 -0.020395445 -0.011587451 0.999724865 83.290031433
0.999629557 0.007238939 0.026235808 1.771480322 -0.007535806 0.999908447 0.011234184 -2.213378906 -0.026152082 -0.011427728 0.999592662 83.818191528
0.999481916 0.006453585 0.031531718 1.826197863 -0.006792904 0.999919951 0.010665943 -2.203048468 -0.031460363 -0.010874608 0.999445856 84.347114563
0.999239981 0.006090520 0.038502071 1.789533734 -0.006531463 0.999914348 0.011337071 -2.222936153 -0.038429730 -0.011579929 0.999194145 84.892883301
0.998860359 0.006704253 0.047255568 1.839274645 -0.007259163 0.999906600 0.011580912 -2.235441685 -0.047173515 -0.011910748 0.998815715 85.439483643
0.998445451 0.006518846 0.055355683 1.888914347 -0.007190000 0.999902964 0.011933886 -2.260704517 -0.055272512 -0.012313340 0.998395383 85.934692383
0.998066902 0.006280554 0.061830759 1.947315216 -0.006984209 0.999913156 0.011170783 -2.255591393 -0.061755240 -0.011581026 0.998024166 86.523994446
0.997495711 0.005665391 0.070499904 2.001669407 -0.006458158 0.999918401 0.011022090 -2.313430548 -0.070431709 -0.011449787 0.997450888 87.130233765
0.996747792 0.005585299 0.080390617 2.070442677 -0.006482538 0.999919474 0.010904335 -2.325533152 -0.080323234 -0.011390006 0.996703804 87.671325684
0.995964587 0.005705846 0.089565814 2.107096195 -0.006725055 0.999916017 0.011081784 -2.333218575 -0.089495063 -0.011639399 0.995919287 88.186912537
0.995270967 0.003634817 0.097069159 2.220077991 -0.004723339 0.999928474 0.010986447 -2.390105486 -0.097022273 -0.011392984 0.995217025 88.708885193
0.994205892 0.003352958 0.107440688 2.307417393 -0.004554897 0.999929667 0.010943544 -2.401260853 -0.107396439 -0.011369517 0.994151235 89.243057251
0.992983758 0.003457538 0.118200257 2.382254601 -0.004705632 0.999936104 0.010281690 -2.401153803 -0.118157148 -0.010765760 0.992936611 89.803855896
0.991855681 0.003226417 0.127325773 2.477245331 -0.004593202 0.999934852 0.010442398 -2.399666786 -0.127283812 -0.010942184 0.991805911 90.347946167
0.990331709 0.003452011 0.138676733 2.572302818 -0.004940003 0.999933779 0.010387170 -2.399610519 -0.138631716 -0.010971806 0.990283251 90.907028198
0.988664865 0.000834536 0.150137529 2.683054924 -0.002482905 0.999938667 0.010791950 -2.436457634 -0.150119349 -0.011042397 0.988606155 91.405448914
0.986917853 0.000926878 0.161221027 2.796324730 -0.002635031 0.999942601 0.010381619 -2.448801279 -0.161202177 -0.010670627 0.986863673 91.944252014
0.985391259 0.000682814 0.170304209 2.925860405 -0.002479953 0.999943435 0.010340022 -2.468962431 -0.170287535 -0.010611317 0.985337257 92.496467590
0.983219683 0.000474021 0.182424799 3.055261612 -0.002347174 0.999946713 0.010052321 -2.478332520 -0.182410359 -0.010311823 0.983168423 93.037261963
0.980797470 0.001059638 0.195026144 3.179249763 -0.003151025 0.999940813 0.010413687 -2.499103069 -0.195003584 -0.010828251 0.980742693 93.552093506
0.978468180 -0.001463275 0.206393063 3.303352356 -0.000615437 0.999949753 0.010007054 -2.475707293 -0.206397340 -0.009918606 0.978417993 94.217941284
0.975451827 -0.000173825 0.220212892 3.438194275 -0.002096100 0.999947071 0.010074162 -2.484592199 -0.220202982 -0.010288447 0.975399792 94.774650574
0.972358584 0.000504584 0.233491912 3.592803955 -0.002941697 0.999944746 0.010089540 -2.507502317 -0.233473927 -0.010497513 0.972306371 95.247253418
0.969633698 -0.000041092 0.244561747 3.750000000 -0.002554299 0.999943674 0.010295246 -2.520929813 -0.244548425 -0.010607301 0.969579041 95.782531738
0.966627181 -0.001240451 0.256184012 3.937665939 -0.001398749 0.999947786 0.010119509 -2.542857409 -0.256183207 -0.010140132 0.966574967 96.276634216
0.962669253 -0.002828180 0.270665616 4.137453079 -0.000026735 0.999944389 0.010543485 -2.578695297 -0.270680398 -0.010157126 0.962615669 96.921920776
0.958941579 -0.002542350 0.283592105 4.318565369 -0.000357096 0.999948204 0.010171840 -2.586748600 -0.283603251 -0.009855472 0.958890975 97.443466187
0.955577493 -0.006557648 0.294667006 4.488805771 0.003500413 0.999934435 0.010901462 -2.623810768 -0.294719189 -0.009385737 0.955537736 98.015937805
0.951016486 -0.006483611 0.309072196 4.671396255 0.003161557 0.999931693 0.011248104 -2.634347916 -0.309124023 -0.009719982 0.950972021 98.549415588
0.946419299 -0.006114557 0.322882235 4.872047424 0.002683292 0.999935150 0.011071034 -2.650969267 -0.322928935 -0.009611455 0.946374357 99.085777283
0.942554772 -0.006405149 0.333990008 5.074560165 0.002899699 0.999935389 0.010993169 -2.659423828 -0.334038824 -0.009393197 0.942512512 99.584640503
0.938044310 -0.005261173 0.346475154 5.315107346 0.001476655 0.999936283 0.011186003 -2.687272549 -0.346511900 -0.009981340 0.937992454 100.071052551
0.932740033 -0.005645220 0.360505164 5.535963058 0.001541149 0.999930739 0.011670672 -2.695672750 -0.360546052 -0.010330112 0.932684183 100.595840454
0.928151488 -0.007036000 0.372136176 5.772815704 0.002854052 0.999926448 0.011787329 -2.707684517 -0.372191668 -0.009878331 0.928103328 101.073837280
0.923224926 -0.008478632 0.384166449 6.017271042 0.004153128 0.999918342 0.012087650 -2.748956680 -0.384237558 -0.009564128 0.923184872 101.625328064
0.917152464 -0.008490239 0.398445904 6.264488220 0.003998317 0.999918818 0.012103231 -2.757220745 -0.398516357 -0.009507394 0.917111993 102.134147644
0.911545515 -0.008861284 0.411103785 6.515697479 0.004246735 0.999917328 0.012136742 -2.770816326 -0.411177337 -0.009317344 0.911507726 102.606750488
0.906737626 -0.010638012 0.421561092 6.737869263 0.006141190 0.999908864 0.012023394 -2.749588966 -0.421650499 -0.008313177 0.906720281 103.057228088
0.901015639 -0.010707644 0.433654368 6.993289948 0.005763505 0.999902487 0.012714253 -2.764123201 -0.433748275 -0.008956372 0.900989532 103.532058716
0.894222736 -0.010295909 0.447503656 7.234138489 0.005389817 0.999910533 0.012235186 -2.772248268 -0.447589636 -0.008529019 0.894198298 104.018478394
0.888347268 -0.010653477 0.459048331 7.512866974 0.005715825 0.999909759 0.012144428 -2.782835722 -0.459136397 -0.008164630 0.888328195 104.492118835
0.881981552 -0.008409792 0.471208960 7.762046814 0.003207201 0.999924719 0.011842872 -2.761242390 -0.471273035 -0.008933933 0.881942093 104.968811035
0.874647021 -0.008380608 0.484688103 8.046165466 0.003161387 0.999927878 0.011584577 -2.769679070 -0.484750271 -0.008600127 0.874610364 105.435775757
