1.000000000 0.000000000 0.000000000 0.000000000 0.000000000 1.000000000 0.000000000 0.000000000 0.000000000 0.000000000 1.000000000 0.000000000
1.000000000 0.000046369 0.000133483 -0.000557857 -0.000046374 1.000000000 0.000037901 -0.000027156 -0.000133481 -0.000037907 1.000000000 -0.000184057
1.000000000 0.000133068 0.000185482 -0.001685133 -0.000133083 1.000000000 0.000079704 0.000861730 -0.000185471 -0.000079729 1.000000000 0.002007931
1.000000000 0.000157288 -0.000025870 0.000510701 -0.000157284 1.000000000 0.000140347 -0.000884829 0.000025892 -0.000140343 1.000000000 -0.000411274
0.999999940 0.000225154 0.000126358 -0.000845923 -0.000225165 1.000000000 0.000082852 0.000093265 -0.000126340 -0.000082881 1.000000000 0.000719789
1.000000000 -0.000024317 0.000042298 -0.000317736 0.000024313 1.000000000 0.000073884 -0.000327411 -0.000042300 -0.000073883 1.000000000 -0.000579590
1.000000000 -0.000016230 0.000157295 -0.001578667 0.000016239 1.000000000 -0.000057355 0.001006113 -0.000157294 0.000057357 1.000000000 0.001854421
1.000000000 -0.000071199 0.000173912 -0.000784643 0.000071179 1.000000000 0.000112916 0.000295140 -0.000173920 -0.000112904 1.000000000 0.002074423
1.000000000 0.000033288 0.000153280 -0.001169870 -0.000033287 1.000000000 -0.000005975 0.000840006 -0.000153280 0.000005970 1.000000000 0.002334184
1.000000000 -0.000077108 0.000214356 -0.000954944 0.000077108 1.000000000 0.000003547 0.000238582 -0.000214356 -0.000003531 1.000000000 -0.000049715
0.999999940 -0.000060349 0.000251345 -0.001114879 0.000060352 1.000000000 -0.000013062 0.001632001 -0.000251344 0.000013077 0.999999940 0.002627119
1.000000000 -0.000040863 0.000107632 -0.000224646 0.000040856 1.000000000 0.000061718 -0.000051380 -0.000107635 -0.000061713 1.000000000 0.000623215
1.000000000 0.000001759 0.000166958 -0.001239436 -0.000001749 1.000000000 -0.000059299 0.002046534 -0.000166959 0.000059299 1.000000000 0.004186302
0.999999940 -0.000095525 0.000277493 -0.002160198 0.000095487 1.000000000 0.000136306 0.001244664 -0.000277506 -0.000136279 0.999999940 0.004052081
1.000000000 -0.000075524 0.000135920 -0.001457087 0.000075518 1.000000000 0.000042868 0.001240545 -0.000135923 -0.000042858 1.000000000 0.003475445
1.000000000 0.000089014 0.000090906 -0.000323170 -0.000089026 1.000000000 0.000124164 -0.000600817 -0.000090895 -0.000124172 1.000000000 -0.000011920
1.000000000 -0.000068939 0.000127290 -0.001610606 0.000068931 1.000000000 0.000064572 0.000533657 -0.000127294 -0.000064563 1.000000000 0.002724873
0.999999940 0.000111356 0.000323859 -0.002574632 -0.000111358 1.000000000 0.000007704 0.001589511 -0.000323858 -0.000007740 0.999999940 0.004917874
0.999999940 0.000111076 0.000264925 -0.002844888 -0.000111097 1.000000000 0.000079425 0.000699247 -0.000264916 -0.000079454 0.999999940 0.003444463
1.000000000 0.000126546 0.000161267 -0.001790017 -0.000126566 1.000000000 0.000118709 0.000755348 -0.000161252 -0.000118730 1.000000000 0.003698092
0.999999881 0.000326638 0.000291290 -0.002913869 -0.000326683 0.999999940 0.000154493 0.000819777 -0.000291239 -0.000154588 0.999999940 0.004153382
0.999999881 0.000395186 0.000328700 -0.003340191 -0.000395196 0.999999940 0.000031936 0.001216215 -0.000328687 -0.000032066 0.999999940 0.003858622
0.999999940 0.000093885 0.000237801 -0.001570966 -0.000093918 1.000000000 0.000139512 -0.000289988 -0.000237788 -0.000139534 0.999999940 0.000426134
0.999999940 0.000193980 0.000320386 -0.001644140 -0.000194026 1.000000000 0.000143486 -0.000472030 -0.000320358 -0.000143549 0.999999940 0.001644437
0.999999940 0.000094934 0.000305935 -0.002399835 -0.000094937 1.000000000 0.000009492 0.000826930 -0.000305934 -0.000009521 0.999999940 0.001012894
1.000000000 0.000049501 0.000162788 -0.000392464 -0.000049504 1.000000000 0.000015617 0.001040979 -0.000162788 -0.000015625 1.000000000 0.001539931
1.000000000 -0.000054353 0.000218380 -0.002142345 0.000054345 1.000000000 0.000035169 0.001358552 -0.000218382 -0.000035157 1.000000000 0.003142004
1.000000000 0.000040607 0.000214386 -0.000547551 -0.000040619 1.000000000 0.000056476 0.000398633 -0.000214383 -0.000056485 1.000000000 0.000450013
0.999999881 0.000329644 0.000386481 -0.004016158 -0.000329601 0.999999940 -0.000111474 0.002595240 -0.000386518 0.000111347 0.999999940 0.004004304
0.999999940 0.000068347 0.000270385 -0.003551266 -0.000068348 1.000000000 0.000002965 0.002176126 -0.000270385 -0.000002984 0.999999940 0.004685096
0.999999940 0.000091290 0.000344524 -0.003238048 -0.000091333 1.000000000 0.000125650 0.000176339 -0.000344512 -0.000125682 0.999999940 0.002865830
1.000000000 -0.000095330 0.000205914 -0.000967289 0.000095318 1.000000000 0.000057891 0.000706902 -0.000205920 -0.000057872 1.000000000 0.001234230
0.999999940 0.000131742 0.000341661 -0.003325890 -0.000131729 1.000000000 -0.000038221 0.001962614 -0.000341666 0.000038176 0.999999940 0.003658629
0.999999881 0.000135206 0.000409100 -0.002825327 -0.000135189 1.000000000 -0.000039981 0.001490783 -0.000409106 0.000039926 0.999999940 0.002461605
0.999999940 0.000189359 0.000246681 -0.000820220 -0.000189379 1.000000000 0.000082657 -0.000106811 -0.000246665 -0.000082703 0.999999940 0.000357049
0.999999940 0.000121359 0.000320769 -0.002470300 -0.000121331 1.000000000 -0.000088072 0.003329033 -0.000320779 0.000088033 0.999999940 0.005512281
0.999999940 0.000092855 0.000284666 -0.002985748 -0.000092825 1.000000000 -0.000106969 0.004674195 -0.000284676 0.000106943 0.999999940 0.007346832
0.999999940 -0.000167367 0.000236325 -0.000898640 0.000167353 1.000000000 0.000059855 0.001338038 -0.000236335 -0.000059815 1.000000000 0.002930796
0.999999940 0.000124903 0.000311103 -0.001877739 -0.000124943 1.000000000 0.000127117 0.001115571 -0.000311087 -0.000127156 0.999999940 0.002952504
0.999999940 -0.000081994 0.000264942 -0.001794381 0.000081986 1.000000000 0.000032530 0.001722550 -0.000264945 -0.000032508 0.999999940 0.003164508
0.999999881 0.000032282 0.000457031 -0.002863805 -0.000032280 1.000000000 -0.000004311 0.001611832 -0.000457031 0.000004296 0.999999881 0.004886920
0.999999940 -0.000226283 0.000247069 -0.000242035 0.000226475 0.999999702 -0.000777370 0.000916801 -0.000246893 0.000777426 0.999999642 0.054899096
0.999999881 0.000205528 0.000392086 -0.002061537 -0.000205115 0.999999404 -0.001052308 -0.006755714 -0.000392302 0.001052228 0.999999344 0.131507650
1.000000000 0.000036047 0.000089903 0.003110875 -0.000035889 0.999998450 -0.001760111 -0.002280305 -0.000089966 0.001760108 0.999998450 0.256516486
1.000000000 0.000022035 0.000079180 0.004935740 -0.000021937 0.999999225 -0.001225960 -0.011387696 -0.000079207 0.001225958 0.999999225 0.387114674
0.999999940 0.000205363 0.000220270 0.008057318 -0.000205163 0.999999583 -0.000908059 -0.017737180 -0.000220456 0.000908014 0.999999583 0.524391651
0.999999940 0.000291614 0.000183741 0.012824199 -0.000291461 0.999999583 -0.000833131 -0.026205264 -0.000183984 0.000833078 0.999999642 0.667919159
0.999999762 0.000460056 0.000457142 0.015626077 -0.000459618 0.999999464 -0.000958426 -0.023732178 -0.000457583 0.000958216 0.999999464 0.841870606
0.999999940 0.000353893 0.000136238 0.018139748 -0.000353814 0.999999762 -0.000574465 -0.028423641 -0.000136441 0.000574417 0.999999821 1.016150594
1.000000000 0.000013806 0.000018590 0.022697942 -0.000013801 0.999999940 -0.000291718 -0.034581028 -0.000018594 0.000291717 0.999999940 1.190973282
0.999999881 0.000359470 0.000332168 0.017916480 -0.000359278 0.999999762 -0.000577641 -0.035537615 -0.000332376 0.000577521 0.999999762 1.371414185
1.000000000 -0.000180119 -0.000021279 0.036345709 0.000180115 0.999999940 -0.000167417 -0.048556626 0.000021310 0.000167413 1.000000000 1.568459988
0.999999821 0.000424753 0.000456716 0.035672013 -0.000424729 0.999999881 -0.000053278 -0.053085256 -0.000456739 0.000053084 0.999999881 1.758608818
0.999999940 0.000297304 0.000105322 0.037935298 -0.000297257 0.999999881 -0.000439160 -0.049549095 -0.000105453 0.000439128 0.999999881 1.949964166
0.999999762 0.000497407 0.000534429 0.038981654 -0.000497410 0.999999881 0.000006778 -0.066688046 -0.000534425 -0.000007044 0.999999881 2.162614107
0.999999344 0.000881797 -0.000713175 0.068112142 -0.000883565 0.999996483 -0.002483183 -0.040064808 0.000710983 0.002483811 0.999996662 2.394820929
0.999998689 0.001223860 -0.001051183 0.079667315 -0.001226100 0.999997020 -0.002132272 -0.050286893 0.001048570 0.002133558 0.999997199 2.610364437
0.999998450 0.001473490 -0.000953827 0.082682282 -0.001475334 0.999996960 -0.001935863 -0.063488647 0.000950972 0.001937268 0.999997675 2.842301846
0.999998450 0.001186376 -0.001326039 0.093502387 -0.001188421 0.999998093 -0.001541941 -0.073113866 0.001324207 0.001543515 0.999997973 3.077383280
0.999998629 0.001120354 -0.001189623 0.092247970 -0.001122799 0.999997199 -0.002055847 -0.072064392 0.001187316 0.002057180 0.999997199 3.316785336
0.999998629 0.000875272 -0.001391161 0.103834674 -0.000878165 0.999997437 -0.002080627 -0.077622943 0.001389337 0.002081846 0.999996841 3.547478199
0.999998569 0.000819919 -0.001436711 0.106519774 -0.000823511 0.999996483 -0.002501420 -0.078868635 0.001434655 0.002502600 0.999995828 3.811789751
0.999998748 0.000624686 -0.001498137 0.116261870 -0.000628067 0.999997318 -0.002257901 -0.089807533 0.001496722 0.002258839 0.999996305 4.066306591
0.999998569 0.000648685 -0.001573461 0.121095255 -0.000651429 0.999998271 -0.001743614 -0.102207825 0.001572327 0.001744637 0.999997258 4.317550182
0.999998748 0.001179809 -0.001054414 0.118749224 -0.001182294 0.999996543 -0.002359784 -0.100334249 0.001051626 0.002361027 0.999996662 4.576820374
0.999998510 0.001357454 -0.001061427 0.126778930 -0.001359435 0.999997258 -0.001867940 -0.111331537 0.001058889 0.001869380 0.999997675 4.829890251
0.999998868 0.001083144 -0.001052168 0.129684791 -0.001085324 0.999997258 -0.002072834 -0.116261050 0.001049920 0.002073974 0.999997258 5.104059696
0.999998808 0.001146865 -0.001072848 0.134633690 -0.001149158 0.999997139 -0.002139614 -0.124926992 0.001070391 0.002140845 0.999997139 5.355714321
0.999999046 0.000907244 -0.001014775 0.140240312 -0.000909335 0.999997437 -0.002061903 -0.132972091 0.001012902 0.002062824 0.999997377 5.632651329
0.999998808 0.000710417 -0.001360840 0.146009058 -0.000712766 0.999998212 -0.001726446 -0.142457515 0.001359612 0.001727414 0.999997616 5.899579525
0.999999166 0.000732501 -0.001030488 0.152649686 -0.000734247 0.999998271 -0.001695600 -0.152166218 0.001029244 0.001696356 0.999998033 6.178031445
0.999998569 0.001133037 -0.001263295 0.159024745 -0.001135763 0.999997020 -0.002159051 -0.157666862 0.001260845 0.002160483 0.999996841 6.460323334
0.999998868 0.001072425 -0.001053468 0.160627678 -0.001074800 0.999996841 -0.002256891 -0.165292472 0.001051044 0.002258021 0.999996960 6.750939846
0.999998629 0.001203679 -0.001179807 0.173087075 -0.001205793 0.999997675 -0.001792075 -0.180352673 0.001177647 0.001793495 0.999997735 7.036300659
0.999998689 0.000878355 -0.001363624 0.179990068 -0.000881178 0.999997497 -0.002070794 -0.185676515 0.001361802 0.002071993 0.999996960 7.336661816
0.999998927 0.001270714 -0.000720831 0.174625263 -0.001272234 0.999996901 -0.002112606 -0.197082877 0.000718144 0.002113521 0.999997437 7.658564568
0.999998271 0.001430235 -0.001181008 0.185521320 -0.001432197 0.999997616 -0.001661489 -0.212737754 0.001178629 0.001663178 0.999997854 7.970501423
0.999998987 0.001188155 -0.000784949 0.188897640 -0.001189718 0.999997318 -0.001994655 -0.217181176 0.000782577 0.001995587 0.999997616 8.286308289
0.999998569 0.001474524 -0.000786886 0.198373795 -0.001475615 0.999997973 -0.001387371 -0.237583712 0.000784839 0.001388530 0.999998748 8.601625443
0.999999404 0.001074021 -0.000150231 0.191968381 -0.001074276 0.999997973 -0.001711454 -0.240803763 0.000148393 0.001711615 0.999998510 8.942996979
0.999999702 0.000567675 -0.000379247 0.205545887 -0.000568226 0.999998748 -0.001456083 -0.257466167 0.000378419 0.001456298 0.999998868 9.273729324
0.999999225 0.001178517 0.000011329 0.203420356 -0.001178500 0.999998391 -0.001386724 -0.266917437 -0.000012963 0.001386710 0.999999046 9.624098778
0.999998927 0.001443792 0.000143199 0.214521319 -0.001443567 0.999997735 -0.001555342 -0.276546448 -0.000145444 0.001555134 0.999998748 9.957522392
0.999999285 0.000915614 -0.000662000 0.225691706 -0.000916471 0.999998689 -0.001293995 -0.286718816 0.000660814 0.001294601 0.999998927 10.319477081
0.999999285 0.001124715 -0.000330339 0.232801020 -0.001125078 0.999998748 -0.001099329 -0.300758332 0.000329103 0.001099700 0.999999344 10.677699089
0.999999464 0.001050256 -0.000033489 0.232521847 -0.001050297 0.999998629 -0.001267068 -0.305301517 0.000032158 0.001267102 0.999999225 11.047316551
0.999999344 0.001123485 -0.000157957 0.243393257 -0.001123708 0.999998391 -0.001418207 -0.316859365 0.000156363 0.001418384 0.999998987 11.428032875
0.999999702 0.000730099 -0.000196017 0.253739953 -0.000730367 0.999998808 -0.001371578 -0.325230062 0.000195015 0.001371721 0.999999046 11.807383537
0.999999702 0.000790630 -0.000041191 0.259037942 -0.000790690 0.999998569 -0.001465212 -0.338035226 0.000040032 0.001465244 0.999998927 12.189064980
0.999999464 0.000994787 0.000085751 0.268554121 -0.000994666 0.999998510 -0.001405024 -0.350421876 -0.000087148 0.001404938 0.999998987 12.579345703
0.999999821 0.000650568 0.000076739 0.275455445 -0.000650478 0.999999166 -0.001160284 -0.361087590 -0.000077494 0.001160234 0.999999344 12.969654083
0.999999046 0.001372856 0.000159385 0.281776428 -0.001372673 0.999998391 -0.001138553 -0.373262495 -0.000160947 0.001138334 0.999999285 13.374099731
0.999998748 0.001450970 0.000707756 0.289551884 -0.001450302 0.999998510 -0.000942558 -0.385258436 -0.000709122 0.000941530 0.999999225 13.777939796
0.999999344 0.001034352 0.000420245 0.296800643 -0.001033820 0.999998629 -0.001263701 -0.391574919 -0.000421553 0.001263266 0.999999106 14.198539734
0.999999583 0.000700788 0.000611502 0.308001220 -0.000700142 0.999999166 -0.001056131 -0.408332169 -0.000612241 0.001055702 0.999999285 14.618143082
0.999999464 0.000812898 0.000741943 0.315447658 -0.000812147 0.999999166 -0.001011528 -0.419095933 -0.000742765 0.001010925 0.999999225 15.046104431
0.999999464 0.000753907 0.000680027 0.331039786 -0.000753104 0.999999046 -0.001180119 -0.432399631 -0.000680916 0.001179607 0.999998987 15.481414795
0.999998510 0.001152261 0.001264497 0.338584632 -0.001150411 0.999998271 -0.001463355 -0.444272578 -0.001266182 0.001461898 0.999998152 15.917471886
0.999998629 0.000969191 0.001360452 0.349137753 -0.000967426 0.999998808 -0.001297214 -0.456010908 -0.001361707 0.001295896 0.999998152 16.366180420
0.999997735 0.001020476 0.001872831 0.355684966 -0.001017986 0.999998569 -0.001330116 -0.468481630 -0.001874187 0.001328206 0.999997377 16.814447403
0.999996960 0.001117072 0.002177075 0.364069343 -0.001114213 0.999998510 -0.001313930 -0.482760131 -0.002178539 0.001311501 0.999996722 17.268976212
0.999996126 0.001161813 0.002526891 0.370571643 -0.001158798 0.999998629 -0.001194182 -0.493420422 -0.002528275 0.001191250 0.999996006 17.733041763
0.999995172 0.001220969 0.002860158 0.380723357 -0.001217057 0.999998391 -0.001369038 -0.506005108 -0.002861826 0.001365550 0.999994934 18.198896408
0.999995112 0.001139351 0.002916140 0.398845285 -0.001135984 0.999998689 -0.001155859 -0.520095944 -0.002917454 0.001152540 0.999995053 18.657085419
0.999992669 0.001661897 0.003450864 0.406473756 -0.001657224 0.999997735 -0.001356761 -0.530448794 -0.003453111 0.001351032 0.999993086 19.135400772
0.999993742 0.000855240 0.003414431 0.422512800 -0.000849096 0.999998093 -0.001800432 -0.539701879 -0.003415965 0.001797521 0.999992549 19.619651794
0.999992907 0.001221970 0.003548192 0.422213584 -0.001215581 0.999997616 -0.001802370 -0.554301143 -0.003550386 0.001798044 0.999992073 20.114688873
0.999992371 0.001893826 0.003395983 0.437164813 -0.001887865 0.999996603 -0.001757774 -0.571035504 -0.003399300 0.001751349 0.999992669 20.599878311
0.999990404 0.002727964 0.003429530 0.445648074 -0.002720369 0.999993742 -0.002217542 -0.575197577 -0.003435559 0.002208191 0.999991715 21.112949371
0.999996066 0.001562600 0.002320982 0.462666333 -0.001559638 0.999997973 -0.001277668 -0.602480471 -0.002322973 0.001274043 0.999996483 21.627227783
0.999995232 0.001923352 0.002430966 0.470417440 -0.001920342 0.999997437 -0.001239982 -0.619927108 -0.002433345 0.001235308 0.999996245 22.137390137
0.999994099 0.002371345 0.002499629 0.477664530 -0.002367916 0.999996305 -0.001373667 -0.631196320 -0.002502877 0.001367740 0.999995887 22.643726349
0.999997020 0.002139510 0.001129386 0.491602302 -0.002138113 0.999996960 -0.001236754 -0.653446257 -0.001132029 0.001234336 0.999998569 23.174564362
0.999998629 0.001632712 0.000129025 0.507984936 -0.001632544 0.999997854 -0.001285805 -0.672755837 -0.000131124 0.001285593 0.999999166 23.691190720
0.999999642 0.000822042 -0.000252342 0.511600494 -0.000822471 0.999998212 -0.001707069 -0.685721636 0.000250939 0.001707276 0.999998450 24.226181030
0.999998271 0.001815617 -0.000322209 0.514617801 -0.001816151 0.999996960 -0.001663776 -0.697256505 0.000319187 0.001664359 0.999998569 24.766040802
0.999995768 0.002535180 -0.001431423 0.530091584 -0.002537104 0.999995887 -0.001343525 -0.716557622 0.001428010 0.001347151 0.999998093 25.298017502
0.999993324 0.003221825 -0.001729598 0.532569587 -0.003224090 0.999994040 -0.001308454 -0.730857074 0.001725371 0.001314021 0.999997735 25.861473083
0.999994576 0.002467899 -0.002178340 0.539709806 -0.002470994 0.999995887 -0.001418970 -0.745270669 0.002174829 0.001424345 0.999996603 26.400461197
0.999995768 0.001585887 -0.002444410 0.551390052 -0.001588577 0.999998212 -0.001098947 -0.760355592 0.002442663 0.001102826 0.999996424 26.940902710
0.999996364 0.001107324 -0.002440445 0.553751111 -0.001109617 0.999998927 -0.000938498 -0.774422765 0.002439404 0.000941203 0.999996543 27.492568970
0.999993205 0.002335095 -0.002862638 0.559175849 -0.002337862 0.999996781 -0.000963389 -0.796422780 0.002860379 0.000970075 0.999995410 28.055459976
0.999993086 0.002629795 -0.002649425 0.562433541 -0.002630763 0.999996483 -0.000361924 -0.813258708 0.002648464 0.000368892 0.999996364 28.603235245
0.999992311 0.002404779 -0.003117761 0.579386532 -0.002407066 0.999996781 -0.000729877 -0.827657342 0.003115996 0.000737376 0.999994874 29.132993698
0.999989331 0.002804844 -0.003663227 0.583995998 -0.002806383 0.999995947 -0.000415084 -0.848899722 0.003662048 0.000425360 0.999993205 29.701431274
0.999988317 0.002841193 -0.003908350 0.587861955 -0.002843339 0.999995768 -0.000543664 -0.859406292 0.003906789 0.000554770 0.999992192 30.254800797
0.999987364 0.002827792 -0.004152147 0.600277722 -0.002829431 0.999995887 -0.000388956 -0.880326748 0.004151030 0.000400700 0.999991238 30.800661087
0.999986053 0.003096684 -0.004272336 0.604528785 -0.003098793 0.999995053 -0.000486817 -0.894419789 0.004270807 0.000500050 0.999990761 31.356311798
0.999984622 0.003095667 -0.004607334 0.613232553 -0.003098174 0.999995053 -0.000537212 -0.907722771 0.004605649 0.000551478 0.999989212 31.907819748
0.999984086 0.003116751 -0.004715294 0.624596834 -0.003118635 0.999995053 -0.000392180 -0.927310109 0.004714048 0.000406879 0.999988854 32.456863403
0.999983728 0.003285600 -0.004662695 0.625980258 -0.003288274 0.999994457 -0.000566145 -0.936456203 0.004660808 0.000581468 0.999988973 33.002910614
0.999979496 0.003330329 -0.005481657 0.637020350 -0.003331638 0.999994457 -0.000229814 -0.959649682 0.005480861 0.000248072 0.999984980 33.540832520
0.999982655 0.003765078 -0.004527388 0.630925953 -0.003769056 0.999992609 -0.000870821 -0.962348819 0.004524075 0.000887870 0.999989390 34.108154297
0.999985218 0.003195743 -0.004413523 0.632230282 -0.003199796 0.999994457 -0.000911538 -0.976133347 0.004410586 0.000925646 0.999989867 34.659614563
0.999983490 0.003032486 -0.004882651 0.647351921 -0.003035478 0.999995232 -0.000605569 -0.998966157 0.004880791 0.000620380 0.999987900 35.192768097
0.999984682 0.003305607 -0.004455878 0.650114179 -0.003308732 0.999994278 -0.000694077 -1.012964129 0.004453558 0.000708810 0.999989867 35.740875244
0.999981284 0.004127901 -0.004515753 0.659071743 -0.004129908 0.999991417 -0.000435355 -1.040190458 0.004513917 0.000453996 0.999989748 36.277797699
0.999980748 0.003809101 -0.004903458 0.664339900 -0.003813305 0.999992311 -0.000848422 -1.045783758 0.004900188 0.000867104 0.999987602 36.834079742
0.999978840 0.004394481 -0.004801285 0.672204792 -0.004400189 0.999989569 -0.001179138 -1.059435844 0.004796053 0.001200239 0.999987781 37.381534576
0.999978423 0.004171958 -0.005064475 0.676036358 -0.004176891 0.999990821 -0.000963942 -1.077991366 0.005060406 0.000985075 0.999986708 37.945354462
0.999982774 0.003510473 -0.004702057 0.679909050 -0.003517898 0.999992549 -0.001571793 -1.088773608 0.004696505 0.001588307 0.999987662 38.497623444
0.999979913 0.003947943 -0.004961711 0.690158665 -0.003953652 0.999991536 -0.001141310 -1.107842922 0.004957163 0.001160903 0.999987066 39.047378540
0.999975264 0.004511296 -0.005392371 0.702120066 -0.004516977 0.999989212 -0.001041673 -1.124139667 0.005387614 0.001066004 0.999984860 39.607810974
0.999976099 0.004433278 -0.005308906 0.711880922 -0.004438626 0.999989688 -0.000995870 -1.138270020 0.005304436 0.001019410 0.999985397 40.161369324
0.999974608 0.004438108 -0.005577382 0.726637125 -0.004442624 0.999989808 -0.000797290 -1.160487533 0.005573787 0.000822048 0.999984205 40.701663971
0.999974668 0.004366641 -0.005616225 0.725139976 -0.004373645 0.999989629 -0.001235292 -1.169369459 0.005610774 0.001259824 0.999983430 41.263603210
0.999971628 0.005042254 -0.005589223 0.735457540 -0.005046203 0.999987006 -0.000692513 -1.184288144 0.005585658 0.000720698 0.999984205 41.814945221
0.999971092 0.004870730 -0.005838901 0.752997458 -0.004874252 0.999987960 -0.000589075 -1.209665895 0.005835962 0.000617519 0.999982774 42.346240997
0.999970138 0.005257228 -0.005664561 0.746399581 -0.005265369 0.999985218 -0.001423176 -1.210887909 0.005656995 0.001452960 0.999982893 42.926826477
0.999970853 0.004789544 -0.005947961 0.757819355 -0.004799262 0.999987185 -0.001620612 -1.225247264 0.005940123 0.001649111 0.999980927 43.462375641
0.999968588 0.005707693 -0.005499694 0.763774157 -0.005717856 0.999981880 -0.001834194 -1.242663503 0.005489125 0.001865583 0.999983191 44.020153046
0.999971092 0.004981616 -0.005745268 0.765155792 -0.004989159 0.999986649 -0.001299468 -1.259239912 0.005738718 0.001328094 0.999982655 44.572898865
0.999970853 0.005003425 -0.005765566 0.777126312 -0.005014242 0.999985695 -0.001863258 -1.270214677 0.005756161 0.001892114 0.999981642 45.118412018
0.999971330 0.005730865 -0.004948229 0.776947558 -0.005740238 0.999981701 -0.001882455 -1.279786468 0.004937351 0.001910805 0.999985993 45.665561676
0.999971092 0.005114598 -0.005631431 0.792896628 -0.005120996 0.999986172 -0.001122592 -1.311513305 0.005625613 0.001151398 0.999983490 46.219337463
0.999969721 0.004993571 -0.005976087 0.806596518 -0.005001386 0.999986589 -0.001293686 -1.329477549 0.005969547 0.001323536 0.999981284 46.758892059
0.999968767 0.005471794 -0.005720154 0.819235981 -0.005478238 0.999984324 -0.001111475 -1.348017097 0.005713983 0.001142777 0.999983013 47.303054810
0.999974847 0.004491352 -0.005485547 0.803170085 -0.004501800 0.999988079 -0.001893856 -1.348386288 0.005476976 0.001918503 0.999983132 47.864051819
0.999970734 0.004973616 -0.005818874 0.815005183 -0.004981342 0.999986768 -0.001314030 -1.371609449 0.005812261 0.001342978 0.999982178 48.415809631
0.999972701 0.005037033 -0.005403366 0.826642513 -0.005045360 0.999986112 -0.001528427 -1.383625507 0.005395593 0.001555647 0.999984205 48.946582794
0.999975383 0.004724333 -0.005185892 0.817479730 -0.004732544 0.999987543 -0.001571872 -1.397815943 0.005178402 0.001596376 0.999985337 49.506301880
0.999976099 0.004762998 -0.005000691 0.828792810 -0.004771382 0.999987245 -0.001665762 -1.412839890 0.004992693 0.001689582 0.999986172 50.054847717
0.999975979 0.005059320 -0.004731990 0.837032557 -0.005064053 0.999986649 -0.000988764 -1.436455727 0.004726924 0.001012703 0.999988317 50.600246429
0.999977648 0.004531372 -0.004898408 0.837235093 -0.004541177 0.999987721 -0.001992765 -1.445674419 0.004889317 0.002014966 0.999985993 51.158908844
0.999978900 0.004789965 -0.004361765 0.844484150 -0.004796971 0.999987185 -0.001596840 -1.463027358 0.004354061 0.001617730 0.999989152 51.714172363
0.999977529 0.004653883 -0.004827990 0.854019284 -0.004663053 0.999987364 -0.001889796 -1.479538321 0.004819134 0.001912267 0.999986470 52.264492035
0.999977052 0.004429777 -0.005118219 0.863659024 -0.004440037 0.999988139 -0.001994985 -1.499259353 0.005109321 0.002017664 0.999984920 52.807239532
0.999978900 0.004547614 -0.004642921 0.864323914 -0.004556641 0.999987662 -0.001935523 -1.515199423 0.004634062 0.001956638 0.999987364 53.345973969
0.999975562 0.004265246 -0.005526939 0.885965586 -0.004274671 0.999989450 -0.001694457 -1.531313777 0.005519653 0.001718042 0.999983311 53.903099060
0.999977946 0.004016682 -0.005291279 0.898220062 -0.004027084 0.999989986 -0.001956675 -1.545547247 0.005283367 0.001977940 0.999984086 54.453239441
0.999980628 0.004093435 -0.004702401 0.891636491 -0.004102679 0.999989748 -0.001957749 -1.559669375 0.004694339 0.001977004 0.999987006 55.018146515
0.999974728 0.004794654 -0.005252686 0.905298471 -0.004804972 0.999986529 -0.001953558 -1.582106948 0.005243249 0.001978747 0.999984324 55.562023163
0.999974430 0.005179155 -0.004931056 0.911631346 -0.005187823 0.999985039 -0.001746730 -1.600702286 0.004921936 0.001772267 0.999986351 56.114177704
0.999971449 0.004866968 -0.005777664 0.925306797 -0.004878349 0.999986112 -0.001957617 -1.613227129 0.005768057 0.001985747 0.999981403 56.660877228
0.999975026 0.004637979 -0.005334359 0.939198613 -0.004649559 0.999986827 -0.002160709 -1.629171133 0.005324268 0.002185457 0.999983430 57.201061249
0.999974012 0.005044609 -0.005140068 0.934063435 -0.005054898 0.999985218 -0.001990567 -1.645120859 0.005129950 0.002016498 0.999984741 57.760166168
0.999974012 0.005074287 -0.005124446 0.940666556 -0.005083442 0.999985456 -0.001774835 -1.666840434 0.005115366 0.001800839 0.999985278 58.303340912
0.999976635 0.004843352 -0.004831504 0.949865818 -0.004853251 0.999986112 -0.002039179 -1.679224014 0.004821561 0.002062580 0.999986231 58.855392456
0.999972999 0.005281970 -0.005114791 0.959478140 -0.005295036 0.999982715 -0.002544177 -1.685982823 0.005101264 0.002571191 0.999983668 59.399013519
0.999975443 0.004776837 -0.005137965 0.971041918 -0.004789643 0.999985516 -0.002482983 -1.704684377 0.005126029 0.002507531 0.999983728 59.940937042
0.999973774 0.004764649 -0.005460490 0.983573556 -0.004780137 0.999984682 -0.002827070 -1.713897228 0.005446935 0.002853098 0.999981046 60.500720978
0.999970496 0.005272983 -0.005582587 0.989688337 -0.005289108 0.999981880 -0.002877370 -1.731181622 0.005567313 0.002906811 0.999980271 61.037822723
0.999967158 0.006425541 -0.004935527 0.996450722 -0.006438612 0.999975860 -0.002636933 -1.754648566 0.004918464 0.002668625 0.999984324 61.586132050
0.999967813 0.005636308 -0.005697234 1.008141041 -0.005651401 0.999980569 -0.002636767 -1.765304208 0.005682261 0.002668879 0.999980271 62.147289276
0.999965906 0.005999982 -0.005671898 1.015553474 -0.006015639 0.999978065 -0.002747272 -1.785157084 0.005655291 0.002781299 0.999980092 62.679328918
0.999963582 0.006270998 -0.005790304 1.024225235 -0.006287367 0.999976337 -0.002812766 -1.805898786 0.005772527 0.002849068 0.999979317 63.226852417
0.999966085 0.006554723 -0.004980128 1.020513654 -0.006567412 0.999975204 -0.002535853 -1.822944522 0.004963383 0.002568474 0.999984384 63.772308350
0.999964058 0.006256702 -0.005710170 1.040415764 -0.006268900 0.999978125 -0.002120587 -1.842744231 0.005696776 0.002156307 0.999981463 64.315032959
0.999965847 0.006045995 -0.005629386 1.042483330 -0.006058836 0.999979079 -0.002266585 -1.857871175 0.005615565 0.002300615 0.999981582 64.864036560
0.999962568 0.006761062 -0.005393536 1.050722361 -0.006773019 0.999974608 -0.002201747 -1.868955374 0.005378514 0.002238195 0.999983013 65.402534485
0.999967098 0.006179264 -0.005253168 1.049462318 -0.006193309 0.999977291 -0.002661580 -1.879560709 0.005236602 0.002694026 0.999982715 65.940917969
0.999965787 0.006035316 -0.005645536 1.073986411 -0.006047672 0.999979317 -0.002173777 -1.906472206 0.005632299 0.002207845 0.999981701 66.498390198
0.999968290 0.005949832 -0.005299402 1.075266242 -0.005961545 0.999979854 -0.002196973 -1.919153810 0.005286224 0.002228496 0.999983490 67.051109314
0.999963343 0.006317062 -0.005770756 1.090318203 -0.006330816 0.999977171 -0.002368187 -1.943166494 0.005755664 0.002404634 0.999980569 67.598220825
0.999963999 0.006075741 -0.005925284 1.097220540 -0.006088434 0.999979138 -0.002126178 -1.963053823 0.005912243 0.002162176 0.999980211 68.139213562
0.999962330 0.006397065 -0.005860347 1.110241413 -0.006407443 0.999977887 -0.001753784 -1.983891726 0.005848998 0.001791268 0.999981344 68.671592712
0.999961495 0.006451005 -0.005951748 1.118144989 -0.006462394 0.999977350 -0.001896163 -2.002474546 0.005939381 0.001934553 0.999980509 69.221748352
0.999960899 0.006852166 -0.005587738 1.105966568 -0.006863825 0.999974251 -0.002069986 -2.015655279 0.005573411 0.002108259 0.999982238 69.778099060
0.999960899 0.006793841 -0.005649542 1.118615031 -0.006805872 0.999974549 -0.002113077 -2.030228615 0.005635043 0.002151445 0.999981821 70.321403503
0.999962687 0.007258131 -0.004695986 1.115333319 -0.007268064 0.999971390 -0.002101380 -2.048786163 0.004680600 0.002135432 0.999986708 70.877685547
0.999963164 0.006349782 -0.005769870 1.130116463 -0.006363754 0.999976873 -0.002406362 -2.060289383 0.005754457 0.002442992 0.999980450 71.412918091
0.999963462 0.006308117 -0.005745457 1.144834995 -0.006321814 0.999977231 -0.002368742 -2.078120708 0.005730383 0.002404978 0.999980688 71.958129883
0.999961734 0.006920060 -0.005351540 1.147252560 -0.006934384 0.999972463 -0.002662490 -2.092140198 0.005332967 0.002699498 0.999982119 72.511871338
0.999964178 0.006777690 -0.005056973 1.142311335 -0.006788907 0.999974549 -0.002204146 -2.116134644 0.005041904 0.002238399 0.999984801 73.044311523
0.999969959 0.005831426 -0.005106275 1.154623508 -0.005843090 0.999980390 -0.002272445 -2.135732412 0.005092922 0.002302213 0.999984384 73.590629578
0.999967635 0.006063872 -0.005281513 1.159449577 -0.006074728 0.999979496 -0.002042130 -2.153217077 0.005269022 0.002074148 0.999984026 74.145225525
0.999965549 0.006548903 -0.005088937 1.164340019 -0.006559267 0.999976456 -0.002022760 -2.168727636 0.005075570 0.002056070 0.999984980 74.670494080
0.999965549 0.006311021 -0.005386781 1.177793622 -0.006320151 0.999978602 -0.001679232 -2.187231779 0.005376068 0.001713220 0.999984086 75.209442139
0.999960423 0.006968322 -0.005534161 1.184288740 -0.006976214 0.999974668 -0.001407971 -2.207338333 0.005524210 0.001446523 0.999983668 75.750839233
0.999966085 0.006214326 -0.005401242 1.192935944 -0.006224672 0.999978840 -0.001900763 -2.222111940 0.005389316 0.001934320 0.999983549 76.293464661
0.999960661 0.006373980 -0.006161959 1.204407811 -0.006385659 0.999977887 -0.001877423 -2.238812923 0.006149855 0.001916697 0.999979258 76.840164185
0.999968112 0.005778426 -0.005511879 1.207658410 -0.005788849 0.999981463 -0.001876905 -2.255694151 0.005500933 0.001908752 0.999983072 77.383407593
0.999967277 0.005666272 -0.005770744 1.218502998 -0.005677850 0.999981880 -0.001991902 -2.267432690 0.005759354 0.002024602 0.999981403 77.936141968
0.999961972 0.006207307 -0.006120857 1.226853728 -0.006218359 0.999979079 -0.001788348 -2.287028313 0.006109628 0.001826342 0.999979675 78.454772949
0.999964356 0.006375778 -0.005533430 1.232389450 -0.006388580 0.999976933 -0.002298779 -2.298174381 0.005518646 0.002334048 0.999982119 79.006271362
0.999965429 0.006291091 -0.005433220 1.235506773 -0.006300945 0.999978542 -0.001798305 -2.316950083 0.005421790 0.001832477 0.999983609 79.553054810
0.999964535 0.006699882 -0.005101127 1.238078594 -0.006710795 0.999975264 -0.002125075 -2.328679800 0.005086763 0.002159232 0.999984682 80.106918335
0.999963224 0.006535245 -0.005542031 1.251104355 -0.006546357 0.999976575 -0.001989476 -2.350572109 0.005528900 0.002025683 0.999982655 80.644050598
0.999969184 0.006776979 -0.003957278 1.253092527 -0.006784178 0.999975264 -0.001807989 -2.365933895 0.003944927 0.001834780 0.999990523 81.188850403
0.999971747 0.006753914 -0.003286940 1.264053941 -0.006759745 0.999975562 -0.001766212 -2.383728027 0.003274930 0.001788381 0.999993026 81.724975586
0.999973536 0.007094187 -0.001586034 1.271038651 -0.007096957 0.999973238 -0.001748062 -2.404457092 0.001573590 0.001759271 0.999997199 82.251060486
0.999973893 0.007215171 -0.000401553 1.287638903 -0.007215864 0.999972403 -0.001752353 -2.417311668 0.000388899 0.001755205 0.999998331 82.782661438
0.999970436 0.007277097 0.002509450 1.306278229 -0.007271998 0.999971390 -0.002035123 -2.431819677 -0.002524188 0.002016814 0.999994755 83.333862305
0.999956906 0.006906962 0.006213034 1.329302549 -0.006897291 0.999974966 -0.001576574 -2.457182169 -0.006223767 0.001533653 0.999979436 83.857887268
0.999926686 0.007334546 0.009628452 1.332376957 -0.007317156 0.999971509 -0.001840134 -2.466933012 -0.009641672 0.001769546 0.999951959 84.415931702
0.999861836 0.006971868 0.015089348 1.356876850 -0.006950369 0.999974668 -0.001476767 -2.491613388 -0.015099263 0.001371687 0.999885023 84.957916260
0.999762356 0.007405601 0.020506572 1.386484385 -0.007370995 0.999971271 -0.001762725 -2.504703045 -0.020519037 0.001611153 0.999788105 85.511825562
0.999642015 0.007247049 0.025754925 1.419111490 -0.007201381 0.999972343 -0.001865477 -2.524307489 -0.025767734 0.001679339 0.999666512 86.066078186
0.999493718 0.006825026 0.031074042 1.457137704 -0.006777393 0.999975681 -0.001637980 -2.541138887 -0.031084465 0.001426550 0.999515772 86.611839294
0.999171555 0.006762754 0.040130559 1.484332800 -0.006706098 0.999976277 -0.001546243 -2.560182333 -0.040140066 0.001275843 0.999193251 87.165321350
0.998826385 0.007311850 0.047877673 1.532064199 -0.007234647 0.999972165 -0.001785598 -2.574505329 -0.047889404 0.001437125 0.998851597 87.703056335
0.998450577 0.007402432 0.055150695 1.571472168 -0.007321167 0.999971747 -0.001675378 -2.590391874 -0.055161532 0.001269014 0.998476684 88.251411438
0.997936487 0.007261585 0.063797139 1.626457691 -0.007154978 0.999972522 -0.001899363 -2.601440668 -0.063809179 0.001438976 0.997961104 88.797470093
0.997251689 0.007490607 0.073710494 1.689404011 -0.007337144 0.999970317 -0.002352559 -2.611830235 -0.073725939 0.001805269 0.997276902 89.355583191
0.996571302 0.006844265 0.082455270 1.749811172 -0.006652334 0.999974489 -0.002602202 -2.622885704 -0.082470991 0.002044759 0.996591330 89.901870728
0.995879233 0.006928411 0.090424083 1.818582535 -0.006702940 0.999973595 -0.002796919 -2.643913507 -0.090441078 0.002179286 0.995899439 90.457908630
0.994849980 0.006898916 0.101123184 1.895948887 -0.006634581 0.999973536 -0.002950088 -2.655092955 -0.101140887 0.002263985 0.994869530 91.004783630
0.993690908 0.007612540 0.111894116 1.971817017 -0.007403982 0.999969959 -0.002279311 -2.676385403 -0.111908115 0.001436469 0.993717492 91.561332703
0.992621899 0.006104195 0.121097006 2.061288834 -0.005852325 0.999979913 -0.002435453 -2.700240374 -0.121109426 0.001708785 0.992637813 92.130622864
0.991142571 0.006748551 0.132630229 2.143214226 -0.006525560 0.999976456 -0.002115902 -2.711735964 -0.132641375 0.001231675 0.991163313 92.662506104
0.989483893 0.005873237 0.144523308 2.248416901 -0.005487109 0.999980211 -0.003070200 -2.724743605 -0.144538462 0.002244899 0.989496648 93.248466492
0.987837553 0.006216830 0.155365244 2.353078842 -0.005843700 0.999978781 -0.002858242 -2.747203350 -0.155379727 0.001915572 0.987852991 93.794013977
0.986120164 0.005353517 0.165946350 2.459383965 -0.004974839 0.999983907 -0.002697510 -2.760044098 -0.165958121 0.001834513 0.986131072 94.334007263
0.984028101 0.005446071 0.177929431 2.587205887 -0.005106412 0.999984145 -0.002366847 -2.781853199 -0.177939504 0.001420463 0.984040380 94.848945618
0.981535852 0.004834471 0.191217095 2.701273918 -0.004445289 0.999987066 -0.002464198 -2.799710512 -0.191226542 0.001568684 0.981544673 95.378890991
0.979605079 0.004501352 0.200882316 2.828578949 -0.004055956 0.999988317 -0.002628721 -2.807712555 -0.200891793 0.001760338 0.979611874 95.928009033
0.976779163 0.005186352 0.214185610 2.971534729 -0.004708901 0.999985099 -0.002739302 -2.821502924 -0.214196622 0.001667114 0.976789176 96.474761963
0.973603249 0.004454182 0.228203610 3.116201401 -0.004039047 0.999989212 -0.002286132 -2.850461483 -0.228211328 0.001304060 0.973610759 96.985130310
0.970967114 0.004128441 0.239177465 3.267286301 -0.003702477 0.999990642 -0.002230220 -2.870293379 -0.239184409 0.001279920 0.970973372 97.515846252
0.967929244 0.003849343 0.251193464 3.423053741 -0.003357426 0.999991417 -0.002386842 -2.881644249 -0.251200497 0.001466931 0.967933953 98.039985657
0.964101791 0.003901694 0.265504330 3.586105347 -0.003461520 0.999991775 -0.002125781 -2.906448841 -0.265510440 0.001130420 0.964107335 98.603744507
0.960528374 0.003392886 0.278161287 3.758552551 -0.002862133 0.999993265 -0.002314141 -2.920014858 -0.278167278 0.001426663 0.960531533 99.134155273
0.957338572 0.002638173 0.288956672 3.933029175 -0.002109268 0.999995530 -0.002141767 -2.937091827 -0.288961053 0.001440910 0.957339764 99.624343872
0.953075647 0.002305929 0.302723318 4.118436813 -0.001812692 0.999996483 -0.001910290 -2.958661556 -0.302726656 0.001271907 0.953076541 100.163543701
0.948766768 0.002334615 0.315968543 4.316686630 -0.001845368 0.999996603 -0.001847599 -2.976650238 -0.315971762 0.001169862 0.948767841 100.665855408
0.944763005 0.001833415 0.327749193 4.516075134 -0.001119946 0.999996543 -0.002365606 -2.983302355 -0.327752411 0.001867876 0.944761813 101.189376831
0.940020204 0.000899096 0.341117769 4.724123001 -0.000131869 0.999997377 -0.002272334 -3.002924919 -0.341118872 0.002091057 0.940017819 101.707489014
0.934915662 0.001412883 0.354867011 4.947422028 -0.000589940 0.999996901 -0.002427202 -3.019018173 -0.354869306 0.002059879 0.934913695 102.213996887
0.930235863 0.000779293 0.366961330 5.162889481 0.000131089 0.999996960 -0.002455938 -3.035484314 -0.366962075 0.002332706 0.930232942 102.722267151
0.925689280 0.000018066 0.378284633 5.401903152 0.001183541 0.999994993 -0.002943965 -3.043884993 -0.378282756 0.003172912 0.925684690 103.237403870
0.919568300 0.000003862 0.392930239 5.621719360 0.000993977 0.999996901 -0.002336018 -3.066689968 -0.392928928 0.002538692 0.919565320 103.724609375
0.914000273 -0.000793464 0.405712903 5.865791321 0.002005214 0.999994695 -0.002561680 -3.081840038 -0.405708730 0.003154917 0.913996994 104.210517883
0.909064412 -0.000364980 0.416655570 6.111850739 0.001488892 0.999996126 -0.002372511 -3.099421024 -0.416653097 0.002777121 0.909061253 104.685844421
0.902490318 -0.001308765 0.430708170 6.369468689 0.002563291 0.999993980 -0.002332411 -3.119543076 -0.430702507 0.003209008 0.902488232 105.205513000
0.895689011 -0.001172390 0.444679528 6.638526917 0.002538395 0.999993742 -0.002476458 -3.131759882 -0.444673806 0.003346908 0.895686328 105.703201294
0.889808714 -0.002127453 0.456328779 6.922096252 0.003703407 0.999989867 -0.002559322 -3.145023108 -0.456318647 0.003967278 0.889807582 106.201080322
0.884077966 -0.002761905 0.467331231 7.158794403 0.004252971 0.999988675 -0.002135711 -3.161787271 -0.467320055 0.003875681 0.884079695 106.645797729
0.876765072 -0.002430627 0.480912775 7.444610596 0.004250872 0.999987364 -0.002695748 -3.169461489 -0.480900079 0.004407837 0.876764357 107.132156372
