1.000000000 0.000000000 0.000000000 0.000000000 0.000000000 1.000000000 0.000000000 0.000000000 0.000000000 0.000000000 1.000000000 0.000000000
1.000000000 0.000115009 0.000039961 -0.001492641 -0.000115007 1.000000000 -0.000049723 0.001481978 -0.000039967 0.000049718 1.000000000 0.003454603
1.000000000 0.000117095 0.000021846 -0.000155892 -0.000117096 1.000000000 0.000006354 0.000555830 -0.000021845 -0.000006357 1.000000000 0.003669468
0.999999940 0.000250912 0.000100114 -0.000993953 -0.000250912 0.999999940 -0.000004065 0.001088673 -0.000100115 0.000004040 1.000000000 -0.001110650
1.000000000 0.000143782 0.000036923 0.000497177 -0.000143780 1.000000000 -0.000034142 0.000830997 -0.000036928 0.000034137 1.000000000 -0.000047763
1.000000000 0.000039532 -0.000002265 -0.000197803 -0.000039532 1.000000000 0.000039392 0.000521714 0.000002267 -0.000039392 1.000000000 0.000464779
1.000000000 0.000003127 0.000041173 -0.001988293 -0.000003125 1.000000000 -0.000031741 0.000925663 -0.000041174 0.000031741 1.000000000 0.000786679
1.000000000 0.000016352 0.000045557 -0.000234357 -0.000016355 1.000000000 0.000065173 0.000765313 -0.000045555 -0.000065173 1.000000000 -0.000126785
1.000000000 -0.000025677 0.000072106 -0.001687084 0.000025677 1.000000000 -0.000000680 0.000848515 -0.000072106 0.000000682 1.000000000 0.002324618
1.000000000 0.000153771 0.000104674 -0.000908558 -0.000153769 1.000000000 -0.000020485 0.000505496 -0.000104677 0.000020469 1.000000000 -0.001520089
1.000000000 0.000164744 0.000119206 -0.001597141 -0.000164749 1.000000000 0.000042866 0.000486868 -0.000119199 -0.000042886 1.000000000 0.000174674
1.000000000 0.000045580 0.000048901 -0.001877811 -0.000045579 1.000000000 -0.000027935 0.000968591 -0.000048902 0.000027933 1.000000000 -0.002765899
1.000000000 0.000149839 0.000169332 -0.004208354 -0.000149845 1.000000000 0.000036396 0.001171622 -0.000169326 -0.000036421 1.000000000 -0.004126779
1.000000000 -0.000084289 0.000073084 -0.000860468 0.000084287 1.000000000 0.000036280 -0.000445486 -0.000073087 -0.000036274 1.000000000 0.000107949
1.000000000 0.000071432 0.000070631 -0.000184340 -0.000071431 1.000000000 -0.000018080 0.000775810 -0.000070632 0.000018075 1.000000000 -0.001958584
1.000000000 -0.000008610 0.000046819 -0.000058639 0.000008609 1.000000000 0.000026221 0.000681470 -0.000046819 -0.000026221 1.000000000 -0.003237275
1.000000000 -0.000083272 0.000048806 -0.001765490 0.000083270 1.000000000 0.000029113 0.000254367 -0.000048809 -0.000029109 1.000000000 -0.002230883
1.000000000 0.000055441 0.000122514 -0.001671540 -0.000055449 1.000000000 0.000064084 -0.000901931 -0.000122511 -0.000064090 1.000000000 -0.004027033
1.000000000 0.000093247 0.000064783 -0.000179290 -0.000093250 1.000000000 0.000040576 0.001386026 -0.000064779 -0.000040582 1.000000000 -0.004410151
1.000000000 -0.000102635 -0.000007284 -0.000595254 0.000102636 1.000000000 0.000007321 0.000580940 0.000007283 -0.000007322 1.000000000 -0.005839049
1.000000000 0.000052040 0.000058588 -0.000489655 -0.000052041 1.000000000 0.000019884 0.000258952 -0.000058587 -0.000019887 1.000000000 -0.006502315
1.000000000 -0.000060163 0.000006483 -0.000121011 0.000060163 1.000000000 0.000037556 -0.001321666 -0.000006485 -0.000037556 1.000000000 -0.004312938
1.000000000 0.000105716 0.000151013 -0.004750250 -0.000105703 1.000000000 -0.000082651 0.002116760 -0.000151022 0.000082635 1.000000000 0.003336615
1.000000000 0.000012375 0.000042897 0.000022741 -0.000012376 1.000000000 0.000027003 -0.000420492 -0.000042896 -0.000027004 1.000000000 -0.000509606
1.000000000 -0.000040946 0.000068273 -0.001891309 0.000040945 1.000000000 0.000018858 0.000862256 -0.000068273 -0.000018855 1.000000000 0.000292283
1.000000000 -0.000025800 -0.000013532 0.000759404 0.000025800 1.000000000 -0.000016721 0.000977206 0.000013532 0.000016721 1.000000000 -0.003503909
1.000000000 -0.000128591 0.000074249 -0.002475626 0.000128594 1.000000000 -0.000046872 0.002057238 -0.000074243 0.000046881 1.000000000 0.000715280
1.000000000 0.000137947 0.000139111 -0.004192545 -0.000137939 1.000000000 -0.000056288 0.001992921 -0.000139119 0.000056269 1.000000000 -0.000008810
1.000000000 -0.000087764 0.000063099 -0.001947386 0.000087760 1.000000000 0.000075505 0.000150785 -0.000063105 -0.000075499 1.000000000 -0.000091537
1.000000000 -0.000045802 0.000080522 -0.004342310 0.000045808 1.000000000 -0.000064644 0.003961954 -0.000080519 0.000064648 1.000000000 0.002192283
1.000000000 -0.000035995 0.000015830 -0.001792657 0.000035996 1.000000000 -0.000035929 0.000849383 -0.000015829 0.000035930 1.000000000 0.001710666
1.000000000 -0.000073945 0.000072661 -0.003285701 0.000073942 1.000000000 0.000037793 0.000720024 -0.000072664 -0.000037788 1.000000000 0.003114928
1.000000000 -0.000131862 0.000022256 -0.002640984 0.000131862 1.000000000 -0.000015692 0.000831723 -0.000022254 0.000015695 1.000000000 -0.000617271
1.000000000 -0.000030092 0.000012943 -0.000620882 0.000030091 1.000000000 0.000030540 -0.000736722 -0.000012944 -0.000030540 1.000000000 -0.002113386
0.999999940 0.000196641 0.000174119 -0.004163538 -0.000196635 1.000000000 -0.000036445 0.001084239 -0.000174126 0.000036410 1.000000000 0.000541686
1.000000000 -0.000005246 0.000020648 -0.000876574 0.000005245 1.000000000 0.000040665 0.000353793 -0.000020648 -0.000040665 1.000000000 -0.001601920
1.000000000 0.000011642 0.000036156 -0.002309592 -0.000011642 1.000000000 0.000011557 0.001182210 -0.000036156 -0.000011558 1.000000000 -0.002683856
1.000000000 -0.000074093 0.000028941 -0.000688977 0.000074095 1.000000000 -0.000080893 0.001186720 -0.000028935 0.000080895 1.000000000 -0.003031012
1.000000000 -0.000022340 0.000110537 -0.003373638 0.000022342 1.000000000 -0.000026303 0.001032906 -0.000110536 0.000026306 1.000000000 0.000731643
1.000000000 -0.000061043 0.000000877 -0.000245407 0.000061043 1.000000000 0.000021145 0.000316561 -0.000000878 -0.000021145 1.000000000 -0.001513315
1.000000000 -0.000217603 -0.000048673 0.000908487 0.000217605 1.000000000 0.000045798 -0.001009897 0.000048663 -0.000045809 1.000000000 -0.001000333
1.000000000 0.000007270 0.000107738 0.002173771 -0.000007223 0.999999881 -0.000434118 -0.006007326 -0.000107741 0.000434117 0.999999881 0.048480205
1.000000000 -0.000031020 0.000091068 0.003126232 0.000031131 0.999999285 -0.001213053 -0.003056941 -0.000091031 0.001213056 0.999999285 0.146391660
1.000000000 -0.000054817 -0.000004640 0.005630504 0.000054811 0.999998987 -0.001420075 -0.010775118 0.000004718 0.001420075 0.999998987 0.260854691
1.000000000 0.000052339 0.000149158 0.004079245 -0.000052146 0.999999166 -0.001297359 -0.015202330 -0.000149226 0.001297351 0.999999166 0.391200691
1.000000000 0.000150775 0.000053639 0.006536347 -0.000150723 0.999999523 -0.000962308 -0.023460319 -0.000053784 0.000962300 0.999999523 0.533232749
1.000000000 0.000135693 0.000049961 0.007564759 -0.000135654 0.999999702 -0.000787241 -0.031546414 -0.000050068 0.000787234 0.999999702 0.684658051
1.000000000 -0.000051505 -0.000033900 0.018100040 0.000051486 0.999999821 -0.000568013 -0.035234164 0.000033930 0.000568011 0.999999821 0.851183176
1.000000000 0.000025527 -0.000128460 0.022098716 -0.000025596 0.999999881 -0.000538388 -0.037480108 0.000128446 0.000538391 0.999999821 1.028487444
0.999999881 0.000213666 0.000175192 0.019493274 -0.000213566 0.999999762 -0.000567239 -0.038011320 -0.000175314 0.000567202 0.999999821 1.197010875
0.999999881 -0.000187695 -0.000158206 0.034430653 0.000187638 0.999999821 -0.000359508 -0.046602610 0.000158273 0.000359478 0.999999940 1.389306307
0.999999881 0.000636548 0.000358898 0.026685659 -0.000636574 0.999999821 0.000073122 -0.056336053 -0.000358852 -0.000073350 0.999999940 1.578395128
0.999999523 0.000733789 0.000649654 0.028188542 -0.000733858 0.999999762 0.000107521 -0.059358407 -0.000649575 -0.000107998 0.999999821 1.772028565
0.999999583 0.000754446 0.000510861 0.031298339 -0.000754634 0.999999642 0.000367302 -0.066931739 -0.000510584 -0.000367687 0.999999821 1.980554342
0.999999702 0.000589233 0.000506959 0.036121678 -0.000589293 0.999999821 0.000119255 -0.070712559 -0.000506889 -0.000119553 0.999999881 2.203137636
0.999999583 0.000746709 0.000525025 0.040853407 -0.000746944 0.999999642 0.000446649 -0.076278672 -0.000524691 -0.000447041 0.999999762 2.405449390
0.999999523 0.000812845 0.000516230 0.044395845 -0.000813111 0.999999523 0.000515861 -0.083370283 -0.000515811 -0.000516281 0.999999762 2.640325546
0.999999404 0.000826580 0.000705124 0.046044789 -0.000826994 0.999999404 0.000587749 -0.094675891 -0.000704638 -0.000588332 0.999999523 2.857630730
0.999999285 0.000902900 0.000801924 0.058412440 -0.000903447 0.999999344 0.000681596 -0.099124707 -0.000801308 -0.000682320 0.999999464 3.095398188
0.999999404 0.000808152 0.000765051 0.056134842 -0.000808733 0.999999344 0.000759037 -0.109485552 -0.000764437 -0.000759655 0.999999404 3.332319736
0.999999225 0.001042256 0.000691172 0.055997647 -0.001042729 0.999999225 0.000684543 -0.112576343 -0.000690458 -0.000685263 0.999999523 3.588755846
0.999999523 0.000659571 0.000715582 0.069718026 -0.000660214 0.999999404 0.000899534 -0.123607419 -0.000714989 -0.000900006 0.999999344 3.840168715
0.999998987 0.001132294 0.000895875 0.071757630 -0.001133126 0.999998927 0.000928227 -0.127343893 -0.000894823 -0.000929241 0.999999166 4.108842850
0.999999166 0.000920919 0.000907807 0.076592572 -0.000921908 0.999998927 0.001089164 -0.135745212 -0.000906803 -0.001090000 0.999998927 4.358507633
0.999998987 0.001145738 0.000813923 0.083013564 -0.001146599 0.999998748 0.001057845 -0.145689338 -0.000812710 -0.001058777 0.999999106 4.619796276
0.999997973 0.001326604 0.001502788 0.082097076 -0.001328162 0.999998569 0.001035932 -0.153545737 -0.001501412 -0.001037926 0.999998331 4.872916222
0.999998748 0.001251840 0.000903744 0.093438596 -0.001252957 0.999998569 0.001236725 -0.160236344 -0.000902195 -0.001237856 0.999998808 5.138959885
0.999998927 0.001058706 0.000920164 0.095855653 -0.001059867 0.999998629 0.001263217 -0.175636247 -0.000918825 -0.001264191 0.999998808 5.403754711
0.999998510 0.001376533 0.001057556 0.103167653 -0.001377683 0.999998450 0.001087687 -0.181589216 -0.001056058 -0.001089142 0.999998868 5.676537514
0.999998569 0.001169560 0.001235706 0.098649055 -0.001171697 0.999997795 0.001730123 -0.198975295 -0.001233680 -0.001731568 0.999997735 5.941927433
0.999999046 0.000804686 0.001157308 0.104664639 -0.000806859 0.999997914 0.001877511 -0.211251080 -0.001155795 -0.001878443 0.999997556 6.203197002
0.999997199 0.001550874 0.001802266 0.103566483 -0.001554589 0.999996603 0.002061757 -0.216935605 -0.001799062 -0.002064553 0.999996305 6.500963688
0.999998808 0.001110838 0.001048221 0.118576229 -0.001112088 0.999998689 0.001192510 -0.212910146 -0.001046895 -0.001193674 0.999998748 6.780282021
0.999998927 0.000783677 0.001222737 0.127567425 -0.000785435 0.999998629 0.001437998 -0.222807974 -0.001221608 -0.001438956 0.999998271 7.077668190
0.999999046 0.000871722 0.001038034 0.132078663 -0.000873432 0.999998271 0.001647939 -0.237554610 -0.001036595 -0.001648844 0.999998093 7.380047798
0.999999046 0.000840140 0.001098381 0.144681826 -0.000841973 0.999998331 0.001670047 -0.251429707 -0.001096976 -0.001670970 0.999997973 7.676216602
0.999998927 0.000997361 0.001007562 0.151373610 -0.000998935 0.999998271 0.001563065 -0.256160051 -0.001006001 -0.001564069 0.999998271 7.990741730
0.999998629 0.001256126 0.001044395 0.164005756 -0.001257915 0.999997735 0.001714883 -0.270093441 -0.001042239 -0.001716194 0.999997973 8.301157951
0.999998331 0.001460849 0.001120622 0.170168966 -0.001462647 0.999997616 0.001605122 -0.275933474 -0.001118275 -0.001606758 0.999998093 8.645433426
0.999998331 0.001281908 0.001306329 0.167508498 -0.001284205 0.999997616 0.001759216 -0.283342212 -0.001304071 -0.001760890 0.999997616 8.990040779
0.999997735 0.001493629 0.001509987 0.172004864 -0.001495627 0.999998033 0.001323263 -0.287138760 -0.001508008 -0.001325519 0.999997973 9.343851089
0.999999166 0.000600864 0.001150829 0.189073488 -0.000602802 0.999998391 0.001684607 -0.304227740 -0.001149814 -0.001685299 0.999997854 9.658482552
0.999998748 0.001072459 0.001146823 0.196340442 -0.001074065 0.999998450 0.001400839 -0.312875599 -0.001145319 -0.001402069 0.999998331 10.004400253
0.999998808 0.001024251 0.001160303 0.191994324 -0.001026008 0.999998331 0.001514790 -0.329851896 -0.001158749 -0.001515978 0.999998152 10.378590584
0.999998927 0.001028509 0.000996121 0.201777041 -0.001030172 0.999998093 0.001670494 -0.344652355 -0.000994402 -0.001671518 0.999998093 10.738282204
0.999999166 0.000853474 0.000942420 0.216223940 -0.000855523 0.999997258 0.002176059 -0.352542043 -0.000940560 -0.002176864 0.999997199 11.109291077
0.999999464 0.000710693 0.000782985 0.225150138 -0.000712777 0.999996126 0.002665340 -0.368670583 -0.000781088 -0.002665897 0.999996185 11.482994080
0.999999344 0.000390622 0.001055253 0.224719316 -0.000392899 0.999997616 0.002158973 -0.377767056 -0.001054407 -0.002159387 0.999997139 11.862127304
0.999999344 0.000419677 0.001049513 0.232461721 -0.000422074 0.999997258 0.002284528 -0.392982125 -0.001048552 -0.002284969 0.999996901 12.237369537
0.999999344 0.000187912 0.001112395 0.240221113 -0.000190559 0.999997199 0.002380056 -0.409245282 -0.001111944 -0.002380266 0.999996603 12.627357483
0.999998868 0.000625329 0.001365084 0.246404827 -0.000628405 0.999997318 0.002253989 -0.409114391 -0.001363671 -0.002254844 0.999996543 13.034935951
0.999999046 0.000474350 0.001371780 0.261049867 -0.000478656 0.999994874 0.003140740 -0.452749342 -0.001370283 -0.003141393 0.999994099 13.417795181
0.999996901 0.001374443 0.002104515 0.263542324 -0.001381894 0.999992728 0.003542952 -0.468688637 -0.002099630 -0.003545850 0.999991477 13.831612587
0.999997199 0.001522804 0.001826052 0.274856389 -0.001528877 0.999993265 0.003329028 -0.476388186 -0.001820970 -0.003331810 0.999992847 14.248681068
0.999997795 0.000905977 0.001878779 0.297488600 -0.000911624 0.999995053 0.003006635 -0.491777897 -0.001876045 -0.003008341 0.999993742 14.646681786
0.999996722 0.001237951 0.002240649 0.309711576 -0.001245237 0.999993980 0.003253110 -0.507970095 -0.002236608 -0.003255890 0.999992192 15.047946930
0.999996006 0.001134325 0.002602494 0.317188978 -0.001143749 0.999992728 0.003622505 -0.517949462 -0.002598366 -0.003625466 0.999990046 15.484560013
0.999997258 0.000610470 0.002302954 0.345793337 -0.000618979 0.999992907 0.003695889 -0.546481967 -0.002300682 -0.003697304 0.999990463 15.897354126
0.999995887 0.000600513 0.002796852 0.357624590 -0.000611631 0.999991894 0.003976087 -0.555479467 -0.002794441 -0.003977781 0.999988198 16.346513748
0.999996722 0.000621672 0.002487000 0.369351447 -0.000631131 0.999992490 0.003804450 -0.568979204 -0.002484616 -0.003806007 0.999989688 16.781543732
0.999994576 0.000500387 0.003261929 0.376531452 -0.000513376 0.999991894 0.003982298 -0.582439721 -0.003259911 -0.003983951 0.999986708 17.231027603
0.999994397 0.000848713 0.003229781 0.387368172 -0.000862022 0.999991238 0.004121527 -0.588786364 -0.003226255 -0.004124289 0.999986231 17.689893723
0.999994278 0.000322167 0.003367061 0.400882065 -0.000335113 0.999992549 0.003844956 -0.601844966 -0.003365798 -0.003846062 0.999986947 18.156051636
0.999993443 0.000580707 0.003569287 0.414833844 -0.000595273 0.999991536 0.004081267 -0.613224745 -0.003566886 -0.004083365 0.999985278 18.627403259
0.999990821 0.000943694 0.004181073 0.420337468 -0.000960964 0.999991000 0.004130417 -0.624037206 -0.004177137 -0.004134396 0.999982715 19.101028442
0.999991536 0.000802535 0.004027167 0.448421180 -0.000820492 0.999989748 0.004459268 -0.651563585 -0.004023546 -0.004462535 0.999981940 19.556858063
0.999992311 0.000797744 0.003837818 0.443345934 -0.000816707 0.999987423 0.004941974 -0.669185162 -0.003833827 -0.004945070 0.999980390 19.990751266
0.999991357 0.000749060 0.004085544 0.457485050 -0.000769125 0.999987662 0.004911785 -0.685003936 -0.004081815 -0.004914886 0.999979615 20.473520279
0.999993503 -0.000119389 0.003605444 0.469781697 0.000100449 0.999986172 0.005253053 -0.697704613 -0.003606022 -0.005252657 0.999979675 20.966077805
0.999995649 -0.000130366 0.002961903 0.482797146 0.000113948 0.999984622 0.005542556 -0.706379473 -0.002962581 -0.005542194 0.999980211 21.473546982
0.999996126 -0.000473752 0.002767833 0.490050763 0.000458297 0.999984324 0.005581915 -0.722149432 -0.002770435 -0.005580625 0.999980569 21.983428955
0.999996066 0.000323756 0.002755557 0.500801086 -0.000338464 0.999985695 0.005338787 -0.750749111 -0.002753790 -0.005339699 0.999981880 22.464990616
0.999996185 0.001022595 0.002586904 0.500230908 -0.001036971 0.999984086 0.005561745 -0.762032866 -0.002581175 -0.005564407 0.999981225 23.020961761
0.999999642 -0.000032419 0.000865975 0.522380233 0.000027667 0.999984920 0.005486978 -0.781809032 -0.000866139 -0.005486953 0.999984503 23.469997406
0.999999166 -0.001180117 0.000337044 0.532573760 0.001178442 0.999987125 0.004928619 -0.788760722 -0.000342856 -0.004928218 0.999987781 23.990056992
0.999999940 0.000143513 0.000178280 0.540922046 -0.000144445 0.999986231 0.005235497 -0.800953150 -0.000177526 -0.005235522 0.999986291 24.505456924
0.999999762 0.000449079 -0.000485128 0.545889258 -0.000446494 0.999985754 0.005316754 -0.812145829 0.000487509 -0.005316537 0.999985695 25.041362762
0.999998808 0.000074049 -0.001551320 0.555200815 -0.000065563 0.999985039 0.005469860 -0.823481679 0.001551702 -0.005469752 0.999983847 25.560997009
0.999998748 0.000957263 -0.001331456 0.557914019 -0.000950570 0.999986947 0.005017695 -0.829231322 0.001336242 -0.005016422 0.999986529 26.105119705
0.999998450 0.000383620 -0.001712690 0.570187092 -0.000373445 0.999982238 0.005937044 -0.849531054 0.001714938 -0.005936395 0.999980867 26.652690887
0.999997199 0.000384247 -0.002302759 0.578626931 -0.000371089 0.999983609 0.005711840 -0.863344729 0.002304915 -0.005710970 0.999980986 27.181795120
0.999997079 0.001101577 -0.002149976 0.585103035 -0.001089602 0.999983907 0.005563037 -0.878351867 0.002156069 -0.005560678 0.999982238 27.729106903
0.999995589 0.001178346 -0.002700220 0.593077540 -0.001162463 0.999981999 0.005876202 -0.896295428 0.002707095 -0.005873038 0.999979019 28.248535156
0.999994457 0.000713979 -0.003226793 0.613637686 -0.000692640 0.999977946 0.006609540 -0.910070658 0.003231440 -0.006607268 0.999972939 28.779148102
0.999992907 0.000640514 -0.003689454 0.622397780 -0.000615598 0.999977052 0.006750388 -0.924288392 0.003693693 -0.006748069 0.999970376 29.325126648
0.999992549 0.001185623 -0.003672147 0.616041362 -0.001162655 0.999979794 0.006250820 -0.930197120 0.003679484 -0.006246503 0.999973655 29.837308884
0.999991238 0.001590992 -0.003876715 0.624989212 -0.001567582 0.999980509 0.006034083 -0.944065034 0.003886240 -0.006027952 0.999974251 30.373258591
0.999991536 0.001259367 -0.003924102 0.633620262 -0.001233972 0.999978304 0.006467089 -0.959064841 0.003932163 -0.006462192 0.999971330 30.913461685
0.999988914 0.000959438 -0.004590847 0.649329960 -0.000930844 0.999980152 0.006226761 -0.974523544 0.004596729 -0.006222419 0.999970078 31.439641953
0.999987602 0.000909086 -0.004887903 0.662600994 -0.000878462 0.999979973 0.006263823 -0.989703715 0.004893499 -0.006259452 0.999968469 31.981870651
0.999988198 0.001840107 -0.004487851 0.643852055 -0.001814980 0.999982715 0.005596517 -0.988136709 0.004498071 -0.005588305 0.999974251 32.478397369
0.999987781 0.001078814 -0.004803187 0.651426971 -0.001049110 0.999980330 0.006182605 -1.008921146 0.004809763 -0.006177492 0.999969304 33.040534973
0.999986947 0.000943006 -0.005007142 0.660114825 -0.000912776 0.999981344 0.006036303 -1.017517686 0.005012741 -0.006031654 0.999969244 33.516124725
0.999985874 0.001466538 -0.005103453 0.662627995 -0.001433275 0.999977708 0.006515249 -1.037893295 0.005112894 -0.006507842 0.999965727 34.063011169
0.999984860 0.001054525 -0.005383496 0.659432948 -0.001021991 0.999981165 0.006042404 -1.040326595 0.005389767 -0.006036812 0.999967217 34.572357178
0.999984503 0.001394111 -0.005385676 0.664423943 -0.001358174 0.999976814 0.006670642 -1.088092685 0.005394851 -0.006663223 0.999963224 35.020389557
0.999981225 0.000457543 -0.006119539 0.696870625 -0.000416908 0.999977767 0.006639708 -1.071658850 0.006122441 -0.006637031 0.999959171 35.706066132
0.999987543 0.001633310 -0.004716297 0.655916095 -0.001596995 0.999969125 0.007693366 -1.134465814 0.004728717 -0.007685737 0.999959290 36.063884735
0.999987245 0.001337888 -0.004851282 0.644235849 -0.001301092 0.999970376 0.007580236 -1.137487650 0.004861279 -0.007573827 0.999959469 36.554141998
0.999986291 0.001481644 -0.005015072 0.638993084 -0.001443748 0.999970436 0.007551493 -1.157307863 0.005026112 -0.007544149 0.999958873 37.126319885
0.999982059 0.000550458 -0.005957458 0.683270276 -0.000502203 0.999967039 0.008098479 -1.166093588 0.005961720 -0.008095343 0.999949515 37.672203064
0.999975026 -0.000594918 -0.007044748 0.719436228 0.000651622 0.999967396 0.008049516 -1.150097370 0.007039730 -0.008053905 0.999942780 38.248943329
0.999980271 0.000694818 -0.006240491 0.745992541 -0.000644245 0.999966979 0.008102379 -1.186092138 0.006245914 -0.008098198 0.999947727 38.614692688
0.999971449 0.000478092 -0.007534130 0.796542168 -0.000414496 0.999964297 0.008440381 -1.203558087 0.007537897 -0.008437018 0.999935925 39.226314545
0.999972641 0.000552593 -0.007372751 0.796387911 -0.000496733 0.999971151 0.007576245 -1.212148428 0.007376725 -0.007572376 0.999944091 39.902839661
0.999976337 0.000740372 -0.006830601 0.794025838 -0.000686550 0.999968708 0.007878491 -1.244143963 0.006836220 -0.007873615 0.999945641 40.410274506
0.999976397 0.001020166 -0.006790472 0.787676394 -0.000968732 0.999970853 0.007573389 -1.250543952 0.006798000 -0.007566633 0.999948263 40.940017700
0.999976456 0.000871865 -0.006810784 0.793710291 -0.000818849 0.999969363 0.007783094 -1.268003464 0.006817361 -0.007777334 0.999946475 41.449844360
0.999972701 0.000183989 -0.007387497 0.820042372 -0.000120335 0.999962866 0.008615974 -1.281290174 0.007388808 -0.008614850 0.999935567 41.990005493
0.999974251 0.000716445 -0.007130871 0.820180535 -0.000657730 0.999965906 0.008232820 -1.290662169 0.007136526 -0.008227919 0.999940634 42.534118652
0.999973536 0.000670248 -0.007241475 0.832758546 -0.000611751 0.999967217 0.008077243 -1.295343757 0.007246651 -0.008072600 0.999941170 43.060241699
0.999973238 0.000606786 -0.007291352 0.843266010 -0.000549279 0.999968767 0.007886507 -1.310369253 0.007295909 -0.007882291 0.999942303 43.584503174
0.999973774 0.000722181 -0.007209862 0.851225793 -0.000664313 0.999967575 0.008025337 -1.317668676 0.007215424 -0.008020337 0.999941826 44.124031067
0.999973059 0.001363218 -0.007214357 0.853992939 -0.001311635 0.999973536 0.007149926 -1.323929548 0.007223913 -0.007140270 0.999948442 44.645889282
0.999971986 0.000401890 -0.007471529 0.872462213 -0.000342009 0.999967813 0.008014209 -1.345423937 0.007474509 -0.008011430 0.999939978 45.177516937
0.999969602 0.001323745 -0.007682107 0.873075247 -0.001269406 0.999974191 0.007074049 -1.354804754 0.007691273 -0.007064082 0.999945462 45.727268219
0.999970138 0.001431813 -0.007595893 0.876772881 -0.001376459 0.999972582 0.007287516 -1.372055173 0.007606118 -0.007276842 0.999944627 46.289176941
0.999971211 0.001138434 -0.007494928 0.880660057 -0.001083849 0.999972880 0.007282938 -1.377865195 0.007503016 -0.007274605 0.999945343 46.795982361
0.999965906 0.001311322 -0.008158029 0.902696013 -0.001251171 0.999971986 0.007373979 -1.386892080 0.008167471 -0.007363519 0.999939561 47.360168457
0.999970555 0.001229102 -0.007577083 0.892528176 -0.001170942 0.999969840 0.007675387 -1.407967806 0.007586288 -0.007666289 0.999941826 47.840286255
0.999969006 0.000937861 -0.007813105 0.907423854 -0.000877959 0.999970138 0.007666861 -1.427744269 0.007820064 -0.007659764 0.999940097 48.389545441
0.999969184 0.000919914 -0.007795738 0.918722153 -0.000861600 0.999971569 0.007480403 -1.439396381 0.007802398 -0.007473455 0.999941647 48.942462921
0.999966860 0.000918105 -0.008087534 0.919213116 -0.000853690 0.999967933 0.007964591 -1.452200413 0.008094587 -0.007957424 0.999935508 49.446769714
0.999969125 0.000905929 -0.007807112 0.918550253 -0.000843660 0.999967813 0.007975608 -1.475940585 0.007814084 -0.007968775 0.999937713 49.983631134
0.999968886 0.001108938 -0.007806547 0.926136613 -0.001044960 0.999965906 0.008194727 -1.483820677 0.007815368 -0.008186315 0.999935865 50.494449615
0.999971807 0.001780713 -0.007297637 0.915248394 -0.001719261 0.999963045 0.008418352 -1.491653323 0.007312358 -0.008405567 0.999937952 51.007705688
0.999968708 0.001585091 -0.007754110 0.934423804 -0.001519375 0.999962926 0.008473520 -1.509462357 0.007767254 -0.008461474 0.999934018 51.493339539
0.999967396 0.001271187 -0.007971634 0.955206633 -0.001202173 0.999961793 0.008656180 -1.516490936 0.007982331 -0.008646315 0.999930739 52.010406494
0.999967575 0.000715881 -0.008022207 0.958133042 -0.000645795 0.999961555 0.008735682 -1.530466080 0.008028152 -0.008730217 0.999929667 52.542633057
0.999973297 0.001302923 -0.007189456 0.946145296 -0.001241398 0.999962509 0.008555556 -1.548000813 0.007200332 -0.008546401 0.999937475 53.052700043
0.999972343 0.001086544 -0.007360592 0.934153438 -0.001023527 0.999962807 0.008559825 -1.555157185 0.007369618 -0.008552054 0.999936223 53.575511932
0.999971628 0.002273032 -0.007181867 0.960156620 -0.002208001 0.999956608 0.009049815 -1.606358647 0.007202124 -0.009033701 0.999933243 54.023933411
0.999970138 0.001703155 -0.007534545 0.975102961 -0.001633478 0.999955952 0.009244135 -1.616786957 0.007549956 -0.009231551 0.999928892 54.531276703
0.999970555 0.001758264 -0.007461385 0.973078251 -0.001687865 0.999954164 0.009431036 -1.631113648 0.007477624 -0.009418166 0.999927640 55.064765930
0.999971330 0.001582548 -0.007402174 0.975099087 -0.001513461 0.999955356 0.009329659 -1.648192406 0.007416607 -0.009318189 0.999929011 55.554000854
0.999973893 0.002544155 -0.006756344 0.988065004 -0.002483010 0.999956012 0.009043188 -1.630813599 0.006779054 -0.009026174 0.999936283 55.999256134
0.999970734 0.002022734 -0.007373277 1.008722186 -0.001956261 0.999957502 0.009011439 -1.644597650 0.007391191 -0.008996751 0.999932170 56.638832092
0.999972045 0.002212660 -0.007138554 1.012360692 -0.002146744 0.999955118 0.009228206 -1.672039509 0.007158653 -0.009212622 0.999931931 57.013870239
0.999971271 0.002225373 -0.007243392 1.013552308 -0.002157157 0.999953389 0.009411931 -1.684042454 0.007264000 -0.009396036 0.999929488 57.541309357
0.999972045 0.002650977 -0.006993301 1.020786762 -0.002585525 0.999952912 0.009351767 -1.691791058 0.007017763 -0.009333425 0.999931812 58.067848206
0.999972045 0.002845874 -0.006916269 1.030170679 -0.002780194 0.999951184 0.009487499 -1.707953215 0.006942931 -0.009468006 0.999931097 58.608104706
0.999970853 0.002313107 -0.007271191 1.045818448 -0.002242640 0.999950588 0.009684606 -1.712164640 0.007293233 -0.009668017 0.999926627 59.098480225
0.999973118 0.002963624 -0.006714817 1.060897112 -0.002899688 0.999950528 0.009511487 -1.738023996 0.006742674 -0.009491760 0.999932230 59.689086914
0.999965727 0.003122386 -0.007664024 1.113185406 -0.003045926 0.999945760 0.009967900 -1.755088806 0.007694731 -0.009944213 0.999920964 60.124855042
0.999956012 0.001876678 -0.009190869 1.186192274 -0.001788944 0.999952853 0.009544823 -1.740445137 0.009208347 -0.009527962 0.999912202 60.519683838
0.999954402 0.001633055 -0.009411186 1.153578997 -0.001541557 0.999951601 0.009721338 -1.746654034 0.009426605 -0.009706385 0.999908447 61.011699677
0.999954462 0.002181638 -0.009289660 1.176254034 -0.002092619 0.999951899 0.009581565 -1.767574549 0.009310115 -0.009561688 0.999910951 61.578514099
0.999955475 0.002090328 -0.009201629 1.169624090 -0.001996600 0.999946177 0.010183438 -1.826213598 0.009222422 -0.010164612 0.999905765 62.095211029
0.999960363 0.002682035 -0.008498404 1.186250448 -0.002597703 0.999947429 0.009918915 -1.781304598 0.008524560 -0.009896444 0.999914765 62.731456757
0.999964654 0.002669656 -0.007962394 1.188445807 -0.002589865 0.999946475 0.010014500 -1.790589929 0.007988703 -0.009993525 0.999918103 63.021133423
0.999966502 0.002798273 -0.007681832 1.197543621 -0.002719501 0.999943733 0.010245796 -1.805917144 0.007710072 -0.010224563 0.999918044 63.558246613
0.999966860 0.002925314 -0.007586939 1.206227779 -0.002845030 0.999940038 0.010571253 -1.822732925 0.007617407 -0.010549318 0.999915361 64.122215271
0.999963582 0.001797521 -0.008338718 1.230637431 -0.001723235 0.999958813 0.008907372 -1.783723354 0.008354384 -0.008892679 0.999925554 64.631240845
0.999965370 0.002551553 -0.007924692 1.220798254 -0.002469246 0.999943078 0.010378555 -1.839414835 0.007950722 -0.010358628 0.999914765 65.017578125
0.999965787 0.003305067 -0.007594760 1.218678355 -0.003224063 0.999938071 0.010653335 -1.847710848 0.007629499 -0.010628486 0.999914467 65.577774048
0.999964952 0.002499677 -0.007985518 1.241516829 -0.002418527 0.999945462 0.010155710 -1.855774403 0.008010469 -0.010136044 0.999916494 66.046241760
0.999963582 0.002728513 -0.008080903 1.262673140 -0.002648329 0.999947369 0.009916846 -1.877049565 0.008107537 -0.009895084 0.999918163 66.572868347
0.999963760 0.002616316 -0.008101262 1.261153460 -0.002531699 0.999942303 0.010437557 -1.889264584 0.008128107 -0.010416671 0.999912679 67.121948242
0.999964595 0.002851208 -0.007906402 1.256943464 -0.002768489 0.999941468 0.010453642 -1.887071133 0.007935745 -0.010431383 0.999914050 67.585388184
0.999963403 0.002293369 -0.008243317 1.271549702 -0.002208208 0.999944270 0.010325133 -1.893537283 0.008266539 -0.010306553 0.999912679 68.088020325
0.999963820 0.002235069 -0.008203748 1.275717735 -0.002147672 0.999940991 0.010646693 -1.907632828 0.008227061 -0.010628689 0.999909639 68.625747681
0.999964535 0.001722760 -0.008247304 1.284491301 -0.001635216 0.999942362 0.010609888 -1.925158978 0.008265106 -0.010596026 0.999909639 69.140434265
0.999963880 0.001770885 -0.008312027 1.288703442 -0.001682632 0.999942183 0.010612565 -1.933584809 0.008330339 -0.010598195 0.999909163 69.664024353
0.999962747 0.001879686 -0.008426469 1.298156500 -0.001788930 0.999940574 0.010764916 -1.950082541 0.008446203 -0.010749443 0.999906480 70.193862915
0.999962509 0.002523239 -0.008284815 1.312031746 -0.002434965 0.999940395 0.010647739 -1.963053703 0.008311188 -0.010627168 0.999908924 70.732337952
0.999965131 0.002121662 -0.008079266 1.306619167 -0.002035841 0.999941587 0.010615861 -1.966295123 0.008101319 -0.010599042 0.999911010 71.262428284
0.999963045 0.001810688 -0.008406427 1.321625948 -0.001722965 0.999944091 0.010430855 -1.978153706 0.008424844 -0.010415985 0.999910235 71.806610107
0.999963105 0.001604052 -0.008436951 1.330725193 -0.001514962 0.999943137 0.010555377 -1.991292477 0.008453403 -0.010542207 0.999908626 72.359603882
0.999964595 0.001876307 -0.008218544 1.331988096 -0.001792262 0.999946177 0.010221648 -2.003439426 0.008237279 -0.010206557 0.999913990 72.919075012
0.999965966 0.001565363 -0.008101488 1.334752083 -0.001481960 0.999945939 0.010290520 -2.011466026 0.008117159 -0.010278163 0.999914229 73.472640991
0.999965489 0.001665899 -0.008126742 1.350746155 -0.001578742 0.999941289 0.010719405 -2.025459766 0.008144122 -0.010706207 0.999909580 74.003219604
0.999966383 0.002102979 -0.007937721 1.340090156 -0.002018636 0.999941528 0.010618758 -2.040863276 0.007959588 -0.010602377 0.999912083 74.536537170
0.999965072 0.001493690 -0.008227560 1.361239314 -0.001407785 0.999944508 0.010436986 -2.043870449 0.008242693 -0.010425040 0.999911666 75.075454712
0.999965668 0.002372074 -0.007940304 1.357129455 -0.002285787 0.999938428 0.010858410 -2.070538521 0.007965572 -0.010839885 0.999909520 75.612762451
0.999966681 0.002537727 -0.007749177 1.367984533 -0.002455703 0.999941051 0.010576113 -2.082428932 0.007775559 -0.010556734 0.999914050 76.160804749
0.999965489 0.002420626 -0.007950038 1.385927677 -0.002333578 0.999937415 0.010940347 -2.096705437 0.007976025 -0.010921417 0.999908566 76.680061340
0.999964178 0.002529046 -0.008070845 1.394139290 -0.002441147 0.999937773 0.010882286 -2.111887693 0.008097864 -0.010862196 0.999908209 77.219268799
0.999964893 0.002756168 -0.007907717 1.408889294 -0.002673828 0.999942303 0.010404296 -2.120646000 0.007935936 -0.010382787 0.999914587 77.785484314
0.999974906 0.002376101 -0.006668810 1.428527832 -0.002303956 0.999938905 0.010805159 -2.138915539 0.006694077 -0.010789524 0.999919295 78.315475464
0.999983311 0.002671286 -0.005121661 1.440343738 -0.002616038 0.999938667 0.010763426 -2.156452656 0.005150099 -0.010749849 0.999928951 78.870002747
0.999987364 0.002945683 -0.004069035 1.456290483 -0.002900337 0.999934137 0.011105610 -2.177792549 0.004101481 -0.011093671 0.999930024 79.380584717
0.999991238 0.002783922 -0.003127824 1.463110924 -0.002748506 0.999932647 0.011270875 -2.185050726 0.003158991 -0.011262178 0.999931574 79.939582825
0.999993503 0.003558164 0.000663123 1.472415686 -0.003565446 0.999929428 0.011326109 -2.202067852 -0.000622776 -0.011328398 0.999935567 80.486816406
0.999988735 0.003172131 0.003508025 1.512485743 -0.003210827 0.999933481 0.011080331 -2.218322039 -0.003472643 -0.011091472 0.999932468 81.065284729
0.999979615 0.002723484 0.005787251 1.544871449 -0.002793697 0.999922097 0.012158982 -2.237208366 -0.005753685 -0.012174901 0.999909282 81.595848083
0.999948204 0.002545537 0.009850290 1.568249464 -0.002655224 0.999934494 0.011138538 -2.227805138 -0.009821291 -0.011164118 0.999889433 82.148872375
0.999873340 0.002904353 0.015647653 1.592460394 -0.003084776 0.999928892 0.011518582 -2.253537416 -0.015613088 -0.011565396 0.999811172 82.707923889
0.999760270 0.002262793 0.021776434 1.638058543 -0.002506473 0.999934435 0.011169276 -2.249099255 -0.021749733 -0.011221180 0.999700427 83.231910706
0.999598920 0.002484849 0.028210679 1.611034632 -0.002802997 0.999932885 0.011243653 -2.273857832 -0.028180841 -0.011318218 0.999538720 83.933921814
0.999339998 0.003136464 0.036187194 1.657763600 -0.003560045 0.999925911 0.011646785 -2.281711102 -0.036147982 -0.011767927 0.999277115 84.523925781
0.998985171 0.003139644 0.044929706 1.691492319 -0.003669968 0.999924481 0.011725798 -2.295886278 -0.044889495 -0.011878787 0.998921335 85.089363098
0.998663068 0.002420522 0.051635165 1.748799562 -0.003012803 0.999930501 0.011395758 -2.299418449 -0.051603995 -0.011536091 0.998601019 85.655044556
0.998170316 0.002581802 0.060410105 1.807218790 -0.003242750 0.999935925 0.010845550 -2.315191507 -0.060378235 -0.011021600 0.998114824 86.210212708
0.997512341 0.002248674 0.070455424 1.870611191 -0.003020723 0.999936521 0.010853346 -2.333312035 -0.070426546 -0.011039172 0.997455895 86.755645752
0.996840179 0.001912499 0.079410680 1.924168587 -0.002812775 0.999933004 0.011226648 -2.345566988 -0.079383895 -0.011414539 0.996778786 87.314643860
0.996182740 0.001710208 0.087275557 1.998414516 -0.002683462 0.999935508 0.011035404 -2.358879566 -0.087251067 -0.011227478 0.996123075 87.852058411
0.995242357 0.000927851 0.097425699 2.081255436 -0.001981518 0.999940515 0.010718886 -2.367991209 -0.097409964 -0.010860941 0.995185077 88.385528564
0.994157434 0.000648681 0.107937664 2.167519569 -0.001814538 0.999940991 0.010703346 -2.376272440 -0.107924342 -0.010836667 0.994100034 88.943359375
0.993131816 0.000069880 0.117000900 2.256357193 -0.001324970 0.999942422 0.010649438 -2.392937183 -0.116993397 -0.010731320 0.993074715 89.478385925
0.991762161 0.000428220 0.128092259 2.349314690 -0.001815863 0.999940872 0.010716570 -2.401099443 -0.128080070 -0.010860885 0.991704345 90.032768250
0.990110457 0.000548783 0.140288815 2.446484566 -0.002065382 0.999941111 0.010665188 -2.414103508 -0.140274704 -0.010849464 0.990053117 90.584472656
0.988483310 0.000249674 0.151329666 2.556127548 -0.001890108 0.999940991 0.010696386 -2.429591894 -0.151318073 -0.010859231 0.988425493 91.135696411
0.986977458 -0.000196644 0.160858423 2.664990425 -0.001529117 0.999942541 0.010604587 -2.434074879 -0.160851270 -0.010712460 0.986920476 91.696342468
0.984944105 -0.000340691 0.172872871 2.785392761 -0.001476787 0.999944985 0.010384655 -2.445832491 -0.172866896 -0.010483599 0.984889507 92.247772217
0.982691526 -0.000448916 0.185248956 2.912614822 -0.001476082 0.999946296 0.010253363 -2.456013441 -0.185243651 -0.010349335 0.982638121 92.782341003
0.980620265 -0.001075666 0.195915639 3.044285774 -0.000931177 0.999947965 0.010151007 -2.464133263 -0.195916429 -0.010136712 0.980568171 93.328536987
0.977875948 -0.001084989 0.209182784 3.185480118 -0.001018507 0.999949932 0.009947796 -2.478346109 -0.209183082 -0.009940763 0.977826059 93.867156982
0.974921942 -0.001567559 0.222541183 3.334388733 -0.000684584 0.999949336 0.010042615 -2.487421274 -0.222545668 -0.009943114 0.974871576 94.407485962
0.972275674 -0.001799209 0.233830526 3.492626190 -0.000642367 0.999946117 0.010365071 -2.507422209 -0.233836561 -0.010227912 0.972222149 94.937637329
0.969299257 -0.002669641 0.245870024 3.672992706 0.000064110 0.999943793 0.010604583 -2.525535107 -0.245884478 -0.010263251 0.969244897 95.469734192
0.965661108 -0.002981827 0.259787828 3.841596603 0.000186738 0.999941826 0.010783136 -2.540627956 -0.259804875 -0.010364342 0.965605497 95.969604492
0.962207675 -0.003210556 0.272297889 4.023498535 0.000317513 0.999942958 0.010667949 -2.556056976 -0.272316575 -0.010178327 0.962153852 96.490783691
0.959061503 -0.003990369 0.283169717 4.216518402 0.000965255 0.999940991 0.010821763 -2.569893837 -0.283196181 -0.010105404 0.959008753 96.993774414
0.954821885 -0.003799784 0.297154427 4.405290604 0.000598649 0.999940813 0.010862892 -2.578617096 -0.297178090 -0.010194236 0.954767644 97.513175964
0.950412035 -0.004270819 0.310964257 4.606128693 0.000838136 0.999937236 0.011171626 -2.595064163 -0.310992390 -0.010357017 0.950355947 98.021255493
0.946666420 -0.005087875 0.322175115 4.811241150 0.001632981 0.999938250 0.010993002 -2.602846384 -0.322211176 -0.009880601 0.946616232 98.533935547
0.942340851 -0.004918228 0.334618777 5.029001236 0.001124991 0.999932885 0.011528859 -2.629938602 -0.334653050 -0.010487672 0.942283034 99.012283325
0.937195063 -0.005085848 0.348768473 5.241418839 0.001053242 0.999930382 0.011751064 -2.638954401 -0.348803937 -0.010645702 0.937135220 99.522239685
0.932566822 -0.006096258 0.360945910 5.465120316 0.001897301 0.999926388 0.011986418 -2.652848482 -0.360992402 -0.010493314 0.932509720 100.020637512
0.927939832 -0.006314288 0.372676492 5.682476044 0.002021231 0.999926984 0.011909111 -2.665963173 -0.372724503 -0.010297675 0.927884877 100.516281128
0.922231734 -0.006672024 0.386579931 5.919578552 0.002340726 0.999929130 0.011673810 -2.666440010 -0.386630386 -0.009861079 0.922182024 101.021865845
0.916958988 -0.007915229 0.398902982 6.168659210 0.003425566 0.999922454 0.011966605 -2.676964760 -0.398966730 -0.009606418 0.916915059 101.511581421
0.912410736 -0.008510065 0.409187168 6.418170929 0.004133635 0.999924421 0.011578682 -2.689935446 -0.409254760 -0.008873085 0.912377000 101.995155334
0.906911671 -0.008957291 0.421225637 6.676273346 0.004246139 0.999917507 0.012121011 -2.704389095 -0.421299338 -0.009204104 0.906874895 102.480758667
0.900535285 -0.009280866 0.434683889 6.936855316 0.004416516 0.999915779 0.012199341 -2.719073772 -0.434760511 -0.009066148 0.900500476 102.954032898
0.894861460 -0.009987134 0.446232349 7.216449738 0.005110016 0.999913335 0.012131603 -2.725951672 -0.446314782 -0.008575849 0.894834936 103.443527222
0.889154673 -0.010987729 0.457474887 7.488433838 0.005998772 0.999905586 0.012356648 -2.736870289 -0.457567513 -0.008242684 0.889136672 103.912292480
0.882062614 -0.010503614 0.471015096 7.772445679 0.005573870 0.999914110 0.011859936 -2.741301060 -0.471099317 -0.007835831 0.882045329 104.398361206
