1.000000000 0.000000000 0.000000000 0.000000000 0.000000000 1.000000000 0.000000000 0.000000000 0.000000000 0.000000000 1.000000000 0.000000000
1.000000000 0.000080630 0.000106411 -0.000868506 -0.000080643 1.000000000 0.000122803 -0.000366349 -0.000106401 -0.000122811 1.000000000 0.000455570
1.000000000 0.000048584 0.000159508 -0.001694599 -0.000048586 1.000000000 0.000008149 0.000350832 -0.000159507 -0.000008157 1.000000000 0.000215848
1.000000000 0.000053436 0.000058375 -0.000794302 -0.000053439 1.000000000 0.000049341 -0.000711298 -0.000058372 -0.000049344 1.000000000 -0.000665031
1.000000000 0.000081606 0.000192422 -0.002056280 -0.000081624 1.000000000 0.000093008 -0.000622363 -0.000192415 -0.000093023 1.000000000 -0.000771039
1.000000000 -0.000142988 0.000008867 -0.000290062 0.000142988 1.000000000 -0.000000963 -0.000006181 -0.000008867 0.000000964 1.000000000 -0.000602419
1.000000000 0.000030740 0.000113556 -0.001974207 -0.000030746 1.000000000 0.000058956 -0.000774955 -0.000113554 -0.000058960 1.000000000 -0.001003774
1.000000000 0.000104079 0.000076207 -0.001487150 -0.000104077 1.000000000 -0.000032014 -0.000100378 -0.000076210 0.000032006 1.000000000 -0.000690322
1.000000000 0.000089490 0.000169007 -0.001364505 -0.000089493 1.000000000 0.000019513 -0.000967123 -0.000169005 -0.000019528 1.000000000 -0.000475082
1.000000000 0.000129878 0.000180744 -0.001944858 -0.000129901 1.000000000 0.000126925 -0.000795688 -0.000180727 -0.000126948 1.000000000 0.000752215
1.000000000 0.000057651 0.000177205 -0.001493712 -0.000057668 1.000000000 0.000093933 -0.000596326 -0.000177200 -0.000093943 1.000000000 0.000327509
1.000000000 0.000100869 0.000147442 -0.001414952 -0.000100871 1.000000000 0.000014958 -0.000982211 -0.000147440 -0.000014973 1.000000000 -0.000672579
1.000000000 -0.000016996 0.000141789 -0.000918652 0.000016992 1.000000000 0.000025063 -0.000057212 -0.000141789 -0.000025061 1.000000000 0.000407338
1.000000000 0.000146978 0.000135008 -0.001670192 -0.000146967 1.000000000 -0.000080288 0.000815089 -0.000135020 0.000080268 1.000000000 0.000694274
1.000000000 0.000095778 0.000131958 -0.001638680 -0.000095784 1.000000000 0.000049138 -0.000157213 -0.000131954 -0.000049150 1.000000000 -0.000018971
0.999999940 0.000237009 0.000189274 -0.002301922 -0.000236998 0.999999940 -0.000059035 0.001445717 -0.000189288 0.000058990 1.000000000 0.001319810
0.999999881 0.000361992 0.000218706 -0.002677027 -0.000361984 0.999999940 -0.000037880 0.000880100 -0.000218720 0.000037800 1.000000000 0.001943178
0.999999940 0.000242590 0.000277329 -0.002447183 -0.000242587 1.000000000 -0.000011174 0.001482229 -0.000277332 0.000011107 0.999999940 0.002300556
0.999999940 0.000188997 0.000285480 -0.002514083 -0.000188981 1.000000000 -0.000056290 0.000529325 -0.000285491 0.000056236 0.999999940 0.000808410
0.999999940 0.000213896 0.000245600 -0.002665429 -0.000213901 1.000000000 0.000020366 0.000163233 -0.000245596 -0.000020419 0.999999940 0.001630417
0.999999940 0.000296527 0.000226712 -0.002245296 -0.000296512 0.999999940 -0.000068284 0.001536780 -0.000226732 0.000068217 1.000000000 0.001582055
0.999999940 0.000252451 0.000194193 -0.002196534 -0.000252449 0.999999940 -0.000012650 0.000483491 -0.000194196 0.000012601 1.000000000 0.002030637
0.999999940 0.000167633 0.000271143 -0.002848395 -0.000167646 1.000000000 0.000047680 0.000281724 -0.000271135 -0.000047726 0.999999940 0.000909613
0.999999881 0.000412735 0.000210759 -0.002578871 -0.000412737 0.999999940 0.000008344 0.001470040 -0.000210756 -0.000008431 1.000000000 0.002934346
0.999999881 0.000333658 0.000266852 -0.002159461 -0.000333667 0.999999940 0.000032186 0.001254248 -0.000266842 -0.000032275 0.999999940 0.001751849
0.999999940 0.000268622 0.000243967 -0.001649961 -0.000268612 0.999999940 -0.000038414 0.002145068 -0.000243977 0.000038348 0.999999940 0.003091317
0.999999881 0.000353477 0.000255519 -0.002375078 -0.000353490 0.999999940 0.000051277 0.001316254 -0.000255501 -0.000051367 0.999999940 0.002368673
0.999999940 0.000355419 0.000147238 -0.002306270 -0.000355405 0.999999940 -0.000096463 0.001925226 -0.000147273 0.000096411 1.000000000 0.001078716
0.999999940 0.000293871 0.000142737 -0.001785382 -0.000293855 0.999999940 -0.000113562 0.001874493 -0.000142771 0.000113520 1.000000000 0.000690539
0.999999881 0.000335794 0.000279494 -0.002559876 -0.000335793 0.999999940 -0.000003658 0.000109147 -0.000279495 0.000003564 0.999999940 0.001151207
0.999999940 0.000192754 0.000312884 -0.002996450 -0.000192769 1.000000000 0.000048901 0.000401555 -0.000312874 -0.000048961 0.999999940 0.001994685
0.999999940 0.000344346 0.000206129 -0.002230401 -0.000344331 0.999999940 -0.000071267 0.001474524 -0.000206154 0.000071196 1.000000000 0.002508062
0.999999881 0.000386418 0.000232961 -0.001943536 -0.000386419 0.999999940 0.000003284 0.000365687 -0.000232959 -0.000003374 1.000000000 0.000097082
0.999999881 0.000398672 0.000307125 -0.003170839 -0.000398669 0.999999940 -0.000009984 0.001233639 -0.000307129 0.000009862 0.999999940 0.002526914
0.999999881 0.000385824 0.000256340 -0.001895490 -0.000385799 0.999999940 -0.000098066 0.001023517 -0.000256378 0.000097967 0.999999940 0.001168591
0.999999940 0.000350927 0.000225865 -0.003210768 -0.000350924 0.999999940 -0.000013489 0.001194321 -0.000225869 0.000013410 1.000000000 0.000797832
0.999999881 0.000372139 0.000210245 -0.002475742 -0.000372124 0.999999940 -0.000073896 0.001950408 -0.000210272 0.000073818 1.000000000 0.001458713
0.999999881 0.000416865 0.000308094 -0.003305696 -0.000416860 0.999999940 -0.000017477 0.000814127 -0.000308101 0.000017349 0.999999940 0.001971111
0.999999881 0.000380603 0.000200625 -0.001294600 -0.000380606 0.999999940 0.000016820 0.001107657 -0.000200619 -0.000016896 1.000000000 0.000264024
0.999999940 0.000222832 0.000185163 -0.001465067 -0.000222818 1.000000000 -0.000074435 0.000324689 -0.000185179 0.000074394 1.000000000 0.000290625
0.999999881 0.000443275 0.000241961 -0.000831741 -0.000443131 0.999999642 -0.000597462 -0.002269435 -0.000242226 0.000597354 0.999999821 0.049531523
0.999999940 0.000340438 0.000255937 0.000309884 -0.000340133 0.999999225 -0.001188322 -0.003896242 -0.000256341 0.001188235 0.999999344 0.140380785
0.999999225 0.001074676 0.000557577 -0.002889284 -0.001074048 0.999998748 -0.001125012 -0.010335953 -0.000558785 0.001124413 0.999999225 0.253350049
0.999999106 0.001186911 0.000626072 -0.000227042 -0.001186247 0.999998748 -0.001059461 -0.013089315 -0.000627329 0.001058717 0.999999285 0.385160446
0.999999166 0.001098863 0.000562029 0.002927789 -0.001098427 0.999999106 -0.000775843 -0.017359292 -0.000562881 0.000775225 0.999999523 0.528656185
0.999999285 0.000947896 0.000642748 0.005742326 -0.000947479 0.999999404 -0.000647736 -0.022678059 -0.000643362 0.000647127 0.999999523 0.679426253
0.999999344 0.001123998 0.000313187 0.013584943 -0.001123871 0.999999285 -0.000404802 -0.029138720 -0.000313642 0.000404450 0.999999821 0.843878150
0.999999166 0.001193774 0.000501840 0.013045216 -0.001193562 0.999999166 -0.000420964 -0.032739285 -0.000502342 0.000420364 0.999999821 1.014261365
0.999999046 0.001362533 0.000244539 0.017840715 -0.001362437 0.999998987 -0.000393054 -0.036509153 -0.000245075 0.000392720 0.999999881 1.183889151
0.999999285 0.001089841 0.000462094 0.021252349 -0.001089857 0.999999404 0.000033958 -0.041814767 -0.000462056 -0.000034462 0.999999881 1.376780510
0.999998689 0.001566217 0.000272496 0.024933051 -0.001566203 0.999998748 -0.000050325 -0.044807054 -0.000272575 0.000049898 1.000000000 1.566082239
0.999999583 0.000836156 0.000432187 0.030093011 -0.000836229 0.999999642 0.000168820 -0.053004384 -0.000432045 -0.000169181 0.999999881 1.763378143
0.999999344 0.001037556 0.000519895 0.032379087 -0.001037781 0.999999344 0.000432845 -0.060026206 -0.000519445 -0.000433385 0.999999762 1.960880876
0.999999821 0.000335387 0.000474964 0.040349856 -0.000335675 0.999999762 0.000607154 -0.068690203 -0.000474760 -0.000607313 0.999999702 2.166770697
0.999999523 0.000771894 0.000623306 0.042152576 -0.000772299 0.999999404 0.000649624 -0.073404513 -0.000622805 -0.000650105 0.999999523 2.381371260
0.999999106 0.001138619 0.000764476 0.045803197 -0.001138908 0.999999225 0.000377960 -0.078332111 -0.000764045 -0.000378830 0.999999583 2.605516672
0.999999642 0.000420325 0.000725201 0.053613033 -0.000420921 0.999999583 0.000822442 -0.087763481 -0.000724855 -0.000822747 0.999999344 2.830925465
0.999999642 0.000358660 0.000687021 0.059800435 -0.000359281 0.999999464 0.000903434 -0.090506136 -0.000686697 -0.000903681 0.999999344 3.075173378
0.999999046 0.001045797 0.000891269 0.058474589 -0.001046598 0.999999046 0.000898589 -0.099121794 -0.000890328 -0.000899521 0.999999166 3.302381992
0.999999046 0.000867011 0.001033104 0.062659480 -0.000867744 0.999999344 0.000709495 -0.107377976 -0.001032488 -0.000710391 0.999999225 3.551734686
0.999998510 0.001152687 0.001249991 0.067449555 -0.001153797 0.999998868 0.000887537 -0.114073157 -0.001248967 -0.000888978 0.999998868 3.806000948
0.999998808 0.001046017 0.001161623 0.068777978 -0.001046892 0.999999166 0.000752721 -0.116802916 -0.001160834 -0.000753936 0.999999046 4.064704418
0.999998212 0.001504308 0.001169482 0.074404940 -0.001505034 0.999998689 0.000620715 -0.120465748 -0.001168546 -0.000622474 0.999999166 4.322839260
0.999998987 0.000884090 0.001161203 0.079066716 -0.000885115 0.999999225 0.000882518 -0.129994705 -0.001160422 -0.000883545 0.999998927 4.580444813
0.999998391 0.001189417 0.001295629 0.088304006 -0.001190717 0.999998808 0.001003272 -0.137470514 -0.001294434 -0.001004813 0.999998629 4.823531151
0.999998569 0.001312310 0.001132452 0.095135979 -0.001313619 0.999998510 0.001156310 -0.144588217 -0.001130933 -0.001157796 0.999998689 5.081875324
0.999997675 0.001404193 0.001652954 0.093268991 -0.001406123 0.999998331 0.001167158 -0.153687149 -0.001651313 -0.001169479 0.999997914 5.336549759
0.999997854 0.001306366 0.001622435 0.097279266 -0.001308480 0.999998271 0.001302377 -0.163092703 -0.001620731 -0.001304497 0.999997854 5.602508545
0.999997437 0.001244890 0.001863018 0.097629920 -0.001247025 0.999998569 0.001145357 -0.168794706 -0.001861589 -0.001147677 0.999997616 5.866405964
0.999996781 0.001657315 0.001913395 0.102001213 -0.001659475 0.999997973 0.001127654 -0.177161261 -0.001911522 -0.001130826 0.999997556 6.145061016
0.999996185 0.001682256 0.002156715 0.107405558 -0.001685005 0.999997675 0.001273506 -0.185623646 -0.002154568 -0.001277136 0.999996841 6.431582451
0.999996483 0.001871041 0.001870007 0.116098814 -0.001873292 0.999997497 0.001202545 -0.190475851 -0.001867752 -0.001206044 0.999997556 6.720707893
0.999996781 0.001805308 0.001750962 0.122169152 -0.001807089 0.999997854 0.001016038 -0.197335094 -0.001749124 -0.001019199 0.999997914 7.019477367
0.999997437 0.001643970 0.001543107 0.128171265 -0.001646000 0.999997735 0.001315201 -0.208199576 -0.001540942 -0.001317737 0.999997973 7.319118500
0.999997258 0.001374882 0.001901981 0.132586941 -0.001377442 0.999998271 0.001345224 -0.222111642 -0.001900129 -0.001347840 0.999997258 7.608217716
0.999997377 0.000957815 0.002083835 0.140299171 -0.000960570 0.999998808 0.001321667 -0.230238572 -0.002082567 -0.001323665 0.999996960 7.927506447
0.999995351 0.001818423 0.002414694 0.141152352 -0.001822517 0.999996841 0.001694220 -0.242192999 -0.002411605 -0.001698613 0.999995649 8.235216141
0.999995530 0.001696794 0.002475498 0.149208620 -0.001701172 0.999996960 0.001767282 -0.250562817 -0.002472491 -0.001771486 0.999995351 8.558495522
0.999996006 0.001536379 0.002377884 0.154993176 -0.001539821 0.999997795 0.001446355 -0.256272614 -0.002375656 -0.001450010 0.999996126 8.893968582
0.999996483 0.001538018 0.002173620 0.161979124 -0.001541271 0.999997735 0.001495976 -0.266719282 -0.002171314 -0.001499320 0.999996543 9.235671997
0.999994397 0.002359378 0.002373260 0.167895794 -0.002363383 0.999995768 0.001686394 -0.282374591 -0.002369271 -0.001691994 0.999995768 9.574485779
0.999994934 0.002246002 0.002247056 0.172206163 -0.002249904 0.999995947 0.001735900 -0.290048450 -0.002243147 -0.001740947 0.999996006 9.921759605
0.999995589 0.002086826 0.002177465 0.182772458 -0.002090464 0.999996424 0.001669783 -0.299409807 -0.002173973 -0.001674328 0.999996245 10.278759003
0.999995112 0.002168228 0.002244408 0.191805273 -0.002171916 0.999996305 0.001642267 -0.308133602 -0.002240840 -0.001647133 0.999996066 10.627014160
0.999994874 0.002158187 0.002346254 0.199580684 -0.002162141 0.999996245 0.001683598 -0.315981030 -0.002342612 -0.001688663 0.999995828 10.997658730
0.999996901 0.001565364 0.001934168 0.210519344 -0.001569317 0.999996662 0.002043665 -0.333088696 -0.001930963 -0.002046694 0.999996066 11.376574516
0.999996126 0.001858297 0.002056323 0.216358826 -0.001862057 0.999996543 0.001828101 -0.340708435 -0.002052919 -0.001831923 0.999996185 11.750643730
0.999995530 0.001938588 0.002266218 0.221882284 -0.001943181 0.999996066 0.002026293 -0.354426414 -0.002262281 -0.002030688 0.999995351 12.132951736
0.999996305 0.001523905 0.002220622 0.235268429 -0.001529112 0.999996066 0.002345394 -0.369338185 -0.002217039 -0.002348781 0.999994755 12.521105766
0.999994099 0.002208564 0.002631730 0.236275554 -0.002214936 0.999994636 0.002420497 -0.378500611 -0.002626370 -0.002426312 0.999993622 12.907566071
0.999995589 0.001710864 0.002398550 0.247445539 -0.001716429 0.999995828 0.002319867 -0.393590927 -0.002394571 -0.002323974 0.999994397 13.299449921
0.999993563 0.002309161 0.002738701 0.255217135 -0.002315990 0.999994218 0.002492783 -0.401437014 -0.002732929 -0.002499110 0.999993086 13.705673218
0.999993563 0.002287163 0.002771358 0.267174989 -0.002295190 0.999993086 0.002896900 -0.415685266 -0.002764713 -0.002903242 0.999991953 14.119140625
0.999992549 0.002330711 0.003073035 0.273856729 -0.002339895 0.999992728 0.002988261 -0.429864466 -0.003066048 -0.002995429 0.999990821 14.535723686
0.999992847 0.002065313 0.003167607 0.292703241 -0.002074118 0.999993980 0.002778977 -0.437643498 -0.003161849 -0.002785528 0.999991119 14.967091560
0.999991357 0.002261331 0.003484098 0.302344382 -0.002270451 0.999993920 0.002615892 -0.450711161 -0.003478162 -0.002623780 0.999990523 15.403552055
0.999990106 0.002145286 0.003876278 0.311571360 -0.002154768 0.999994636 0.002443808 -0.459845662 -0.003871016 -0.002452137 0.999989510 15.841452599
0.999986768 0.002699528 0.004382306 0.320148945 -0.002710458 0.999993205 0.002490020 -0.474686563 -0.004375554 -0.002501864 0.999987304 16.277246475
0.999987781 0.002485059 0.004282012 0.331509560 -0.002494609 0.999994457 0.002226362 -0.485023081 -0.004276454 -0.002237016 0.999988377 16.726072311
0.999982715 0.003070370 0.005043237 0.336947381 -0.003085818 0.999990582 0.003058320 -0.507198393 -0.005033799 -0.003073828 0.999982536 17.174966812
0.999983191 0.003022298 0.004944826 0.349609286 -0.003039038 0.999989688 0.003381464 -0.522805333 -0.004934555 -0.003396435 0.999981999 17.631410599
0.999976933 0.003203771 0.005990595 0.359261453 -0.003222327 0.999989986 0.003090482 -0.531900704 -0.005980634 -0.003109714 0.999977291 18.112428665
0.999977112 0.003010194 0.006055203 0.373184830 -0.003027937 0.999991179 0.002923295 -0.539927363 -0.006046351 -0.002941563 0.999977350 18.581743240
0.999977410 0.002667227 0.006156513 0.386568516 -0.002687556 0.999990880 0.003296048 -0.562851965 -0.006147665 -0.003312520 0.999975622 19.061996460
0.999973297 0.003400772 0.006457163 0.403354645 -0.003419768 0.999989986 0.002933079 -0.573212385 -0.006447122 -0.002955084 0.999974787 19.543479919
0.999970436 0.003815721 0.006674424 0.407998681 -0.003837676 0.999987304 0.003279704 -0.586152017 -0.006661824 -0.003305221 0.999972284 20.034894943
0.999969602 0.003303271 0.007063456 0.429736406 -0.003325370 0.999989629 0.003119173 -0.600226045 -0.007053080 -0.003142567 0.999970198 20.524078369
0.999976277 0.003525385 0.005916383 0.446006089 -0.003543630 0.999989033 0.003076221 -0.612861753 -0.005905473 -0.003097114 0.999977767 21.031753540
0.999974430 0.002981461 0.006497377 0.461079061 -0.003002633 0.999990165 0.003251218 -0.631699979 -0.006487620 -0.003270645 0.999973595 21.537990570
0.999975026 0.003488649 0.006138192 0.474499404 -0.003505698 0.999990046 0.002769084 -0.640542150 -0.006128470 -0.002790534 0.999977291 22.056535721
0.999978006 0.003071504 0.005879932 0.488173366 -0.003089762 0.999990404 0.003098630 -0.660161436 -0.005870358 -0.003116729 0.999977887 22.536228180
0.999979615 0.003381947 0.005420023 0.498892546 -0.003397897 0.999989927 0.002936438 -0.672758758 -0.005410037 -0.002954795 0.999980986 23.060918808
0.999984205 0.002935990 0.004795825 0.513557613 -0.002950874 0.999990821 0.003099473 -0.686897933 -0.004786681 -0.003113576 0.999983668 23.583040237
0.999991000 0.001911050 0.003781249 0.528069973 -0.001921256 0.999994457 0.002697273 -0.703647673 -0.003776074 -0.002704514 0.999989212 24.105737686
0.999991238 0.002539113 0.003332727 0.538097560 -0.002548530 0.999992788 0.002824358 -0.715323567 -0.003325532 -0.002832827 0.999990463 24.635974884
0.999991536 0.003015914 0.002768593 0.550274014 -0.003024036 0.999991119 0.002934224 -0.731110036 -0.002759719 -0.002942572 0.999991834 25.168176651
0.999991357 0.003312232 0.002483129 0.556777477 -0.003319557 0.999990106 0.002951599 -0.743232846 -0.002473328 -0.002959817 0.999992549 25.710893631
0.999992907 0.003149798 0.002029530 0.569167435 -0.003155694 0.999990821 0.002908135 -0.757692158 -0.002020351 -0.002914519 0.999993742 26.264614105
0.999993920 0.002932342 0.001873520 0.581282020 -0.002938301 0.999990582 0.003186557 -0.766548812 -0.001864159 -0.003192043 0.999993086 26.825634003
0.999994576 0.003032906 0.001281413 0.593760073 -0.003037346 0.999989331 0.003477435 -0.789439857 -0.001270853 -0.003481309 0.999993145 27.376890182
0.999992430 0.003735531 0.001077233 0.602529585 -0.003738955 0.999987841 0.003192710 -0.803349137 -0.001065293 -0.003196714 0.999994338 27.925941467
0.999990344 0.004231532 0.001165996 0.609493077 -0.004235541 0.999985039 0.003457041 -0.816299856 -0.001151350 -0.003461946 0.999993324 28.472414017
0.999989450 0.004455306 0.001079232 0.620885074 -0.004459205 0.999983430 0.003637881 -0.832476497 -0.001063006 -0.003642656 0.999992788 29.025428772
0.999992490 0.003832216 0.000603245 0.631446660 -0.003834224 0.999987006 0.003361938 -0.842633486 -0.000590354 -0.003364225 0.999994099 29.572675705
0.999992192 0.003949338 0.000218002 0.639760971 -0.003950048 0.999986589 0.003355944 -0.854229033 -0.000204745 -0.003356780 0.999994278 30.125198364
0.999991715 0.004055489 -0.000044718 0.654189646 -0.004055331 0.999986947 0.003105074 -0.867604673 0.000057310 -0.003104867 0.999995172 30.666297913
0.999991536 0.004086394 -0.000438075 0.666361511 -0.004084860 0.999985635 0.003450352 -0.882024169 0.000452168 -0.003448533 0.999993980 31.217758179
0.999990702 0.004195210 -0.000991544 0.678266406 -0.004192027 0.999986053 0.003190618 -0.893343508 0.001004916 -0.003186431 0.999994338 31.773822784
0.999991298 0.003955513 -0.001339196 0.692590833 -0.003951255 0.999987185 0.003166825 -0.908101082 0.001351705 -0.003161505 0.999994099 32.321201324
0.999990225 0.004012092 -0.001887159 0.700035036 -0.004006261 0.999987185 0.003083681 -0.917946279 0.001899508 -0.003076089 0.999993443 32.868766785
0.999991894 0.003662772 -0.001678051 0.707843661 -0.003657456 0.999988258 0.003159865 -0.934161067 0.001689605 -0.003153702 0.999993622 33.431755066
0.999990821 0.003722311 -0.002108778 0.722236276 -0.003715681 0.999988198 0.003139229 -0.949149251 0.002120439 -0.003131364 0.999992847 33.972633362
0.999989748 0.003830689 -0.002421211 0.726551950 -0.003822948 0.999987543 0.003194218 -0.960159242 0.002433417 -0.003184929 0.999991953 34.522472382
0.999988854 0.003602926 -0.003062251 0.739656568 -0.003593296 0.999988616 0.003144578 -0.979717910 0.003073546 -0.003133539 0.999990404 35.052024841
0.999988377 0.003627725 -0.003178617 0.750059605 -0.003618962 0.999989629 0.002757923 -0.980371356 0.003188589 -0.002746388 0.999991119 35.595390320
0.999986470 0.003139766 -0.004140307 0.770085931 -0.003128630 0.999991477 0.002693467 -0.993337274 0.004148729 -0.002680476 0.999987781 36.180335999
0.999988675 0.002935871 -0.003740550 0.772465825 -0.002927565 0.999993265 0.002224425 -1.008991957 0.003747056 -0.002213449 0.999990463 36.714649200
0.999986827 0.003158450 -0.004044223 0.779147148 -0.003148362 0.999991894 0.002498411 -1.022632837 0.004052082 -0.002485645 0.999988616 37.262832642
0.999984324 0.003539995 -0.004333163 0.791354835 -0.003532831 0.999992490 0.001659653 -1.032261491 0.004339005 -0.001644319 0.999989212 37.823772430
0.999982059 0.003106648 -0.005118966 0.805679083 -0.003096213 0.999993086 0.002045066 -1.046764016 0.005125283 -0.002029179 0.999984801 38.372753143
0.999982834 0.003699131 -0.004533145 0.805899084 -0.003692956 0.999992192 0.001369865 -1.057293296 0.004538176 -0.001353101 0.999988854 38.920829773
0.999982834 0.003257691 -0.004861459 0.819457114 -0.003249684 0.999993324 0.001654057 -1.075757623 0.004866814 -0.001638230 0.999986827 39.500720978
0.999982893 0.003558240 -0.004642111 0.825760484 -0.003550790 0.999992371 0.001611974 -1.089839339 0.004647814 -0.001595463 0.999987900 40.061534882
0.999982417 0.003349699 -0.004911886 0.837105393 -0.003341823 0.999993086 0.001610913 -1.108988881 0.004917247 -0.001594470 0.999986649 40.608390808
0.999980271 0.003700940 -0.005073496 0.846810877 -0.003694670 0.999992430 0.001244777 -1.118733644 0.005078064 -0.001226008 0.999986351 41.166900635
0.999982178 0.003272058 -0.004990616 0.841296613 -0.003261857 0.999992490 0.002050468 -1.142618179 0.004997286 -0.002034153 0.999985456 41.712745667
0.999982893 0.003301374 -0.004813987 0.845036507 -0.003293508 0.999993145 0.001641048 -1.155362844 0.004819371 -0.001625165 0.999987066 42.267009735
0.999980927 0.002845594 -0.005472285 0.860843956 -0.002836439 0.999994457 0.001680129 -1.168184876 0.005477036 -0.001664576 0.999983668 42.815563202
0.999982417 0.003416317 -0.004869957 0.862255752 -0.003408399 0.999992847 0.001633073 -1.183664560 0.004875502 -0.001616445 0.999986827 43.383148193
0.999981523 0.002598105 -0.005502095 0.877343118 -0.002589862 0.999995530 0.001504661 -1.198795319 0.005505979 -0.001490383 0.999983788 43.938144684
0.999984443 0.002264951 -0.005100015 0.888572037 -0.002257243 0.999996305 0.001516632 -1.208612442 0.005103433 -0.001505096 0.999985874 44.486881256
0.999981105 0.002349516 -0.005682135 0.896737695 -0.002340829 0.999996066 0.001534824 -1.224985957 0.005685717 -0.001521494 0.999982655 45.034660339
0.999981523 0.001828268 -0.005796215 0.907823920 -0.001819866 0.999997258 0.001454514 -1.240455866 0.005798857 -0.001443938 0.999982119 45.586479187
0.999981821 0.001952509 -0.005705653 0.913754821 -0.001946753 0.999997556 0.001014199 -1.247778893 0.005707618 -0.001003073 0.999983251 46.136150360
0.999977231 0.001436316 -0.006581760 0.928422093 -0.001429395 0.999998450 0.001056061 -1.264308810 0.006583268 -0.001046630 0.999977708 46.699172974
0.999975979 0.001537393 -0.006759567 0.940292060 -0.001530419 0.999998271 0.001036816 -1.273784637 0.006761148 -0.001026447 0.999976575 47.254776001
0.999972880 0.001606978 -0.007184989 0.948235512 -0.001599511 0.999998152 0.001044818 -1.286339283 0.007186655 -0.001033297 0.999973655 47.816009521
0.999975145 0.001293080 -0.006920306 0.955472112 -0.001289129 0.999998987 0.000575423 -1.299566031 0.006921043 -0.000566488 0.999975860 48.365375519
0.999974847 0.001279961 -0.006991724 0.962946773 -0.001274065 0.999998808 0.000847712 -1.315211654 0.006992803 -0.000838783 0.999975204 48.903999329
0.999973297 0.001164039 -0.007211630 0.969121218 -0.001160359 0.999999106 0.000514416 -1.329179287 0.007212223 -0.000506035 0.999973893 49.451408386
0.999975204 0.001984053 -0.006756880 0.980470181 -0.001978774 0.999997735 0.000788005 -1.345295906 0.006758429 -0.000774615 0.999976814 49.990119934
0.999973178 0.001858932 -0.007081344 0.991163433 -0.001853562 0.999997914 0.000764960 -1.362554312 0.007082752 -0.000751814 0.999974608 50.519901276
0.999973178 0.001902308 -0.007061951 0.996863484 -0.001896035 0.999997795 0.000894891 -1.384444714 0.007063637 -0.000881478 0.999974668 51.047199249
0.999971926 0.001864882 -0.007255305 1.011707425 -0.001858407 0.999997854 0.000899049 -1.397078037 0.007256966 -0.000885540 0.999973297 51.593379974
0.999967575 0.001829135 -0.007831414 1.017177343 -0.001820239 0.999997675 0.001142898 -1.414985418 0.007833487 -0.001128606 0.999968708 52.128684998
0.999969602 0.001765190 -0.007584973 1.021873474 -0.001757274 0.999998033 0.001050258 -1.432225943 0.007586811 -0.001036897 0.999970615 52.673522949
0.999972403 0.002143467 -0.007108454 1.022020578 -0.002135351 0.999997020 0.001149084 -1.443157792 0.007110894 -0.001133873 0.999974072 53.207416534
0.999973118 0.002538594 -0.006877237 1.028896809 -0.002531780 0.999996305 0.000999297 -1.457160234 0.006879746 -0.000981859 0.999975801 53.752136230
0.999973536 0.003071227 -0.006594128 1.029737473 -0.003066653 0.999994993 0.000703628 -1.472228050 0.006596254 -0.000683388 0.999978006 54.294231415
0.999974430 0.003634632 -0.006155191 1.029545784 -0.003631520 0.999993265 0.000516762 -1.482550979 0.006157026 -0.000494396 0.999980927 54.828540802
0.999971390 0.002695172 -0.007052709 1.043737888 -0.002692798 0.999996245 0.000346223 -1.497078896 0.007053615 -0.000327222 0.999975085 55.377273560
0.999972522 0.003018708 -0.006763645 1.053445816 -0.003015043 0.999995232 0.000551860 -1.510921001 0.006765278 -0.000531452 0.999976993 55.948055267
0.999970317 0.003001797 -0.007086630 1.057109356 -0.002994153 0.999994934 0.001088937 -1.529383063 0.007089863 -0.001067687 0.999974251 56.490036011
0.999972880 0.003335660 -0.006559704 1.057422161 -0.003330412 0.999994099 0.000810937 -1.541759491 0.006562372 -0.000789069 0.999978185 57.029842377
0.999972939 0.003943962 -0.006200245 1.056589246 -0.003940092 0.999992013 0.000636114 -1.552126408 0.006202706 -0.000611668 0.999980569 57.566345215
0.999974668 0.003962652 -0.005910962 1.060111046 -0.003960755 0.999992073 0.000332705 -1.562961578 0.005912234 -0.000309284 0.999982476 58.099857330
0.999975920 0.004097559 -0.005601158 1.065187931 -0.004095783 0.999991536 0.000328516 -1.576418519 0.005602457 -0.000305567 0.999984264 58.626266479
0.999975741 0.004282097 -0.005483257 1.070043802 -0.004282099 0.999990821 0.000011410 -1.584987402 0.005483257 0.000012070 0.999984980 59.152801514
0.999977648 0.004160292 -0.005231963 1.076742768 -0.004159421 0.999991298 0.000177325 -1.605805635 0.005232656 -0.000155559 0.999986231 59.682098389
0.999976575 0.004308810 -0.005302251 1.083310127 -0.004309678 0.999990642 -0.000152237 -1.618028522 0.005301547 0.000175084 0.999985933 60.220180511
0.999976695 0.004400208 -0.005221563 1.087385535 -0.004401411 0.999990284 -0.000218820 -1.628127933 0.005220551 0.000241797 0.999986291 60.774047852
0.999977231 0.004584499 -0.004946641 1.095036507 -0.004585742 0.999989450 -0.000240126 -1.646942019 0.004945488 0.000262804 0.999987721 61.306369781
0.999978542 0.004559350 -0.004702986 1.102227092 -0.004560765 0.999989510 -0.000290154 -1.659141898 0.004701614 0.000311596 0.999988854 61.850734711
0.999979258 0.004570671 -0.004541519 1.107303858 -0.004573326 0.999989390 -0.000574587 -1.675113201 0.004538845 0.000595345 0.999989450 62.388889313
0.999979317 0.004905854 -0.004155976 1.113691092 -0.004908024 0.999987841 -0.000512096 -1.692443728 0.004153411 0.000532483 0.999991238 62.938018799
0.999977291 0.005491034 -0.003897971 1.118374228 -0.005493789 0.999984622 -0.000696876 -1.702807307 0.003894085 0.000718274 0.999992132 63.476852417
0.999975264 0.005880075 -0.003856473 1.121487856 -0.005882547 0.999982476 -0.000630164 -1.721585393 0.003852700 0.000652834 0.999992371 64.014968872
0.999975622 0.005962506 -0.003630274 1.126788735 -0.005965259 0.999982059 -0.000747533 -1.735793233 0.003625751 0.000769171 0.999993145 64.536247253
0.999974430 0.006290872 -0.003376373 1.127030849 -0.006294088 0.999979734 -0.000943280 -1.747378111 0.003370372 0.000964507 0.999993861 65.067871094
0.999975979 0.006038821 -0.003398961 1.135115981 -0.006040992 0.999981582 -0.000628980 -1.764326811 0.003395100 0.000649498 0.999994040 65.592658997
0.999977291 0.005950861 -0.003177345 1.143226862 -0.005954519 0.999981701 -0.001142999 -1.777720690 0.003170486 0.001161893 0.999994278 66.131141663
0.999975920 0.006124441 -0.003261441 1.143338561 -0.006128949 0.999980271 -0.001374408 -1.785848141 0.003252960 0.001394364 0.999993682 66.660522461
0.999973953 0.006011416 -0.003988606 1.157134056 -0.006017771 0.999980628 -0.001583343 -1.802930593 0.003979011 0.001607304 0.999990761 67.248016357
0.999974191 0.006378672 -0.003297132 1.156569123 -0.006382723 0.999978840 -0.001219453 -1.819015145 0.003289284 0.001240467 0.999993801 67.711936951
0.999975860 0.006226727 -0.003082426 1.163883924 -0.006230515 0.999979854 -0.001220648 -1.836074471 0.003074763 0.001239824 0.999994516 68.239486694
0.999973595 0.006655897 -0.002909143 1.168852925 -0.006660552 0.999976695 -0.001593351 -1.849425435 0.002898472 0.001612686 0.999994516 68.765815735
0.999969244 0.007278982 -0.002922283 1.171858907 -0.007283132 0.999972463 -0.001412180 -1.865364194 0.002911926 0.001433420 0.999994695 69.276367188
0.999969721 0.007350273 -0.002527498 1.180781960 -0.007354503 0.999971509 -0.001668114 -1.881181479 0.002515165 0.001686651 0.999995410 69.788825989
0.999971747 0.007245999 -0.001995488 1.186005831 -0.007250128 0.999971569 -0.002069680 -1.894767284 0.001980435 0.002084089 0.999995828 70.341621399
0.999973178 0.007066316 -0.001888829 1.196147442 -0.007069721 0.999973416 -0.001800845 -1.911806345 0.001876054 0.001814150 0.999996603 70.847686768
0.999974728 0.006677512 -0.002418592 1.207595110 -0.006682380 0.999975681 -0.002010464 -1.925553322 0.002405108 0.002026574 0.999995053 71.376228333
0.999979258 0.005921295 -0.002521879 1.219594479 -0.005926062 0.999980628 -0.001887141 -1.941536069 0.002510655 0.001902047 0.999995053 71.905723572
0.999975026 0.006736425 -0.002140302 1.222458482 -0.006741218 0.999974787 -0.002240288 -1.956360340 0.002125157 0.002254660 0.999995172 72.434219360
0.999978423 0.005957846 -0.002746375 1.239953399 -0.005963541 0.999980092 -0.002070232 -1.975276947 0.002733984 0.002086565 0.999994040 72.961875916
0.999977291 0.006235081 -0.002556634 1.245242834 -0.006240018 0.999978602 -0.001927907 -1.991543055 0.002544559 0.001943817 0.999994874 73.498886108
0.999975979 0.006540008 -0.002291564 1.253379941 -0.006544992 0.999976218 -0.002174526 -2.007769346 0.002277286 0.002189472 0.999994934 74.032432556
0.999975979 0.006514617 -0.002354454 1.264510036 -0.006518440 0.999977469 -0.001619662 -2.024379253 0.002343850 0.001634971 0.999995887 74.562370300
0.999973595 0.007029480 -0.001841308 1.268084407 -0.007032846 0.999973595 -0.001827515 -2.041060925 0.001828409 0.001840417 0.999996662 75.098556519
0.999972403 0.007254805 -0.001583449 1.276066780 -0.007258262 0.999971271 -0.002188435 -2.056773663 0.001567529 0.002199869 0.999996364 75.628234863
0.999969184 0.007698960 -0.001482596 1.282484889 -0.007702171 0.999967933 -0.002171592 -2.073826551 0.001465827 0.002182944 0.999996483 76.152572632
0.999970078 0.007546102 -0.001709562 1.292803645 -0.007549955 0.999968946 -0.002257594 -2.092033863 0.001692471 0.002270434 0.999996006 76.692527771
0.999968827 0.007762630 -0.001426882 1.299147248 -0.007766133 0.999966800 -0.002466717 -2.106714725 0.001407687 0.002477722 0.999995947 77.224624634
0.999968171 0.007769144 -0.001809527 1.307056189 -0.007772913 0.999967635 -0.002084825 -2.123600483 0.001793271 0.002098824 0.999996185 77.750221252
0.999973118 0.007243554 -0.001139697 1.314987779 -0.007246077 0.999971271 -0.002225579 -2.142480850 0.001123544 0.002233777 0.999996901 78.275894165
0.999966323 0.008138660 -0.001045978 1.321397662 -0.008140916 0.999964535 -0.002170366 -2.158566952 0.001028277 0.002178808 0.999997079 78.810028076
0.999969900 0.007674061 -0.001120557 1.333364606 -0.007676400 0.999968290 -0.002097668 -2.177381754 0.001104423 0.002106206 0.999997139 79.346176147
0.999971271 0.007504039 -0.001065545 1.346845508 -0.007506363 0.999969423 -0.002193286 -2.197147131 0.001049054 0.002201221 0.999996960 79.877502441
0.999972224 0.007444932 -0.000065495 1.354375601 -0.007445073 0.999969184 -0.002542874 -2.210494041 0.000046561 0.002543291 0.999996722 80.421463013
0.999972522 0.007311050 0.001237891 1.363659739 -0.007307687 0.999969661 -0.002700647 -2.229024649 -0.001257596 0.002691526 0.999995589 80.961090088
0.999971926 0.007132244 0.002355462 1.372414589 -0.007124514 0.999969244 -0.003274177 -2.237227678 -0.002378742 0.003257303 0.999991894 81.516235352
0.999971092 0.006780801 0.003442279 1.383760333 -0.006769170 0.999971390 -0.003379534 -2.253562212 -0.003465097 0.003356134 0.999988377 82.058387756
0.999943256 0.007794178 0.007250852 1.400869608 -0.007769714 0.999964058 -0.003396003 -2.272187471 -0.007277060 0.003339474 0.999967933 82.598129272
0.999909163 0.007599745 0.011127387 1.411981225 -0.007563740 0.999966025 -0.003274166 -2.287076950 -0.011151891 0.003189703 0.999932706 83.156845093
0.999857306 0.007885277 0.014938605 1.429804564 -0.007831058 0.999962568 -0.003684611 -2.302445412 -0.014967100 0.003567100 0.999881625 83.694877625
0.999799550 0.007720559 0.018472340 1.456735849 -0.007660314 0.999965072 -0.003329888 -2.323628664 -0.018497404 0.003187717 0.999823809 84.247749329
0.999656916 0.007894647 0.024975326 1.484623671 -0.007819056 0.999964535 -0.003122942 -2.342758656 -0.024999099 0.002926588 0.999683201 84.787956238
0.999471247 0.008339715 0.031427082 1.509919405 -0.008234220 0.999960005 -0.003484825 -2.357910872 -0.031454891 0.003224205 0.999499917 85.335693359
0.999250054 0.008569963 0.037759468 1.541034937 -0.008438362 0.999957740 -0.003643232 -2.375640631 -0.037789095 0.003321870 0.999280214 85.885848999
0.998909533 0.008130175 0.045974161 1.582418919 -0.007947864 0.999959767 -0.004146957 -2.389020920 -0.046006020 0.003777039 0.998934031 86.439613342
0.998489082 0.007608653 0.054421034 1.631767988 -0.007351728 0.999960899 -0.004919711 -2.402951717 -0.054456335 0.004512188 0.998505950 86.994140625
0.998052835 0.008177040 0.061836056 1.674989223 -0.007904550 0.999957919 -0.004649999 -2.423591614 -0.061871480 0.004152159 0.998075426 87.538482666
0.997446954 0.007226948 0.071046062 1.729340076 -0.006907720 0.999964893 -0.004737934 -2.442977905 -0.071077816 0.004235072 0.997461796 88.082733154
0.996668458 0.007195136 0.081240661 1.798379898 -0.006807257 0.999964058 -0.005050422 -2.463044167 -0.081274070 0.004480571 0.996681690 88.620948792
0.995919466 0.007351457 0.089945950 1.862936974 -0.006913905 0.999962687 -0.005175203 -2.477036953 -0.089980654 0.004532208 0.995933175 89.184028625
0.995238721 0.006591235 0.097244173 1.933708191 -0.006092445 0.999966741 -0.005425291 -2.499512672 -0.097276688 0.004807006 0.995245695 89.733276367
0.994141281 0.006549517 0.107890025 2.008852005 -0.006028455 0.999968648 -0.005155008 -2.519885302 -0.107920378 0.004474397 0.994149446 90.280944824
0.992980123 0.006285171 0.118114345 2.102904320 -0.005693871 0.999969542 -0.005342934 -2.543550014 -0.118144326 0.004632901 0.992985606 90.850143433
0.991818428 0.006106566 0.127510533 2.191810608 -0.005443834 0.999969780 -0.005545312 -2.567115784 -0.127540544 0.004805796 0.991821706 91.400184631
0.990215600 0.006090053 0.139412820 2.284371376 -0.005422630 0.999972045 -0.005166731 -2.586717844 -0.139440373 0.004360194 0.990220845 91.945396423
0.988303363 0.006061099 0.152380183 2.382587433 -0.005323537 0.999971986 -0.005247803 -2.609339714 -0.152407706 0.004375220 0.988307953 92.491493225
0.986627162 0.005490402 0.162900612 2.498785973 -0.004674872 0.999974549 -0.005389213 -2.628673315 -0.162926048 0.004555605 0.986627758 93.040870667
0.984856427 0.004904953 0.173302516 2.612005234 -0.003965129 0.999975443 -0.005768816 -2.642243385 -0.173326567 0.004994289 0.984851718 93.582984924
0.982457578 0.004651638 0.186428845 2.730711937 -0.003673755 0.999977589 -0.005590482 -2.661781549 -0.186450690 0.004807516 0.982452512 94.121139526
0.980091989 0.004406674 0.198494971 2.878460884 -0.003364434 0.999978721 -0.005587677 -2.688871622 -0.198515356 0.004808615 0.980085909 94.668258667
0.977777719 0.004175398 0.209602445 2.991981506 -0.003128394 0.999980867 -0.005326484 -2.695753574 -0.209620699 0.004552399 0.977772176 95.197288513
0.975104690 0.003544137 0.221716657 3.161981583 -0.002411765 0.999982655 -0.005377820 -2.732040405 -0.221731871 0.004709209 0.975096285 95.739219666
0.971808612 0.003290398 0.235748038 3.308177948 -0.002150398 0.999984741 -0.005092606 -2.749179840 -0.235761210 0.004442087 0.971800864 96.273231506
0.969219506 0.002107038 0.246189103 3.470323563 -0.000786270 0.999984801 -0.005463029 -2.761981010 -0.246196866 0.005101304 0.969206452 96.793426514
0.966407239 0.002619676 0.257002234 3.651308060 -0.001268336 0.999984503 -0.005423716 -2.812638283 -0.257012457 0.004915554 0.966395617 97.365318298
0.962751508 0.002477687 0.270376235 3.828075409 -0.001033842 0.999984443 -0.005482416 -2.829301596 -0.270385623 0.004998678 0.962739110 97.905342102
0.959178567 0.001679347 0.282796115 4.007011414 -0.000061706 0.999983609 -0.005728978 -2.851497889 -0.282801092 0.005477662 0.959162951 98.440780640
0.955780387 0.001202175 0.294079006 4.192531586 0.000529398 0.999983072 -0.005808447 -2.865844011 -0.294080943 0.005707285 0.955763519 98.963439941
0.951136887 0.001130951 0.308767915 4.373435974 0.000783706 0.999981165 -0.006076865 -2.886362791 -0.308768958 0.006021913 0.951117992 99.507095337
0.946500421 0.000228143 0.322702557 4.578125000 0.001756731 0.999981284 -0.005859528 -2.907202244 -0.322697878 0.006112947 0.946482241 100.037002563
0.942496061 0.000088341 0.334217429 4.780385971 0.002233068 0.999975920 -0.006561586 -2.921443224 -0.334209979 0.006930599 0.942473114 100.543304443
0.937887192 0.000096627 0.346940309 5.000320435 0.002027975 0.999981344 -0.005760752 -2.953422070 -0.346934378 0.006106522 0.937869489 101.039031982
0.932177901 -0.000639779 0.361999929 5.245473862 0.003026415 0.999977291 -0.006025947 -2.995980978 -0.361987799 0.006712818 0.932158649 101.689476013
0.927571654 -0.000631398 0.373644859 5.438558578 0.002807018 0.999982178 -0.005278607 -3.021760225 -0.373634815 0.005945113 0.927556813 102.169998169
0.922606945 -0.003742510 0.385723233 5.745866776 0.006619170 0.999959230 -0.006130131 -3.043382168 -0.385684580 0.008208868 0.922594190 102.783721924
0.916708171 -0.003973269 0.399537742 5.992053986 0.006774249 0.999961376 -0.005598704 -3.063425779 -0.399500012 0.007838945 0.916699648 103.283020020
0.910696387 -0.004323059 0.413053691 6.244171143 0.007405483 0.999955416 -0.005861902 -3.081895828 -0.413009942 0.008397275 0.910687804 103.785705566
0.905794740 -0.004940442 0.423687905 6.496707916 0.008020745 0.999952912 -0.005487386 -3.103764057 -0.423640817 0.008368739 0.905791581 104.263488770
0.899899423 -0.005314734 0.436065108 6.751132965 0.008653881 0.999946475 -0.005671569 -3.120620489 -0.436011612 0.008877498 0.899897218 104.748619080
0.893411994 -0.005390001 0.449205875 7.021842957 0.008668914 0.999948680 -0.005243004 -3.139307976 -0.449154526 0.008578289 0.893412828 105.235443115
0.887315750 -0.005952760 0.461123854 7.295482635 0.009741359 0.999935508 -0.005836365 -3.159366608 -0.461059362 0.009670672 0.887316585 105.696807861
0.881574929 -0.006640396 0.471997380 7.576335907 0.010377839 0.999932051 -0.005315493 -3.179786682 -0.471929997 0.009584320 0.881583869 106.170021057
0.873753846 -0.006568930 0.486324251 7.863937378 0.010323565 0.999934018 -0.005041401 -3.202356100 -0.486259103 0.009425543 0.873763859 106.656433105
0.866684437 -0.007128922 0.498805672 8.155002594 0.010935809 0.999929190 -0.004710208 -3.222491503 -0.498736769 0.009537109 0.866701066 107.107894897
