1.000000000 0.000000000 0.000000000 0.000000000 0.000000000 1.000000000 0.000000000 0.000000000 0.000000000 0.000000000 1.000000000 0.000000000
1.000000000 0.000058175 -0.000048336 0.000088558 -0.000058180 1.000000000 -0.000102838 0.000444630 0.000048330 0.000102841 1.000000000 -0.000843535
1.000000000 0.000114394 -0.000038004 0.000882291 -0.000114393 1.000000000 0.000023577 -0.000187731 0.000038007 -0.000023573 1.000000000 -0.001115702
1.000000000 0.000023915 -0.000060767 0.000991331 -0.000023912 1.000000000 0.000046338 -0.000294000 0.000060768 -0.000046336 1.000000000 -0.002260232
1.000000000 0.000052107 -0.000042469 0.000302330 -0.000052110 1.000000000 -0.000068604 0.000834040 0.000042466 0.000068606 1.000000000 0.000885229
1.000000000 0.000110295 -0.000055239 0.001272681 -0.000110297 1.000000000 -0.000044413 0.000360420 0.000055234 0.000044419 1.000000000 -0.000309858
1.000000000 0.000136170 0.000000700 0.000788454 -0.000136170 1.000000000 -0.000112850 0.000598699 -0.000000716 0.000112850 1.000000000 -0.000930746
1.000000000 -0.000075532 0.000011390 0.000938363 0.000075533 1.000000000 -0.000008680 0.000188966 -0.000011389 0.000008681 1.000000000 -0.000721062
1.000000000 -0.000143508 -0.000006163 0.000963639 0.000143507 1.000000000 -0.000117703 0.001748540 0.000006179 0.000117702 1.000000000 0.001416489
1.000000000 0.000068962 -0.000060133 0.001525932 -0.000068958 1.000000000 0.000059078 -0.000193962 0.000060137 -0.000059074 1.000000000 -0.000103360
1.000000000 -0.000050660 -0.000071249 0.002030906 0.000050653 1.000000000 -0.000097233 0.000986077 0.000071254 0.000097230 1.000000000 -0.000456792
1.000000000 0.000009822 0.000010530 0.000386353 -0.000009822 1.000000000 -0.000005350 0.000317284 -0.000010530 0.000005350 1.000000000 0.000184284
1.000000000 -0.000158260 -0.000151260 0.002099838 0.000158283 1.000000000 0.000150998 -0.000865181 0.000151236 -0.000151022 1.000000000 -0.000647879
1.000000000 -0.000124564 -0.000124043 0.001508854 0.000124572 1.000000000 0.000064635 -0.000785641 0.000124034 -0.000064651 1.000000000 -0.001205313
1.000000000 -0.000145323 -0.000094311 0.000212024 0.000145328 1.000000000 0.000053680 -0.000218500 0.000094303 -0.000053694 1.000000000 0.000033822
1.000000000 0.000159353 0.000168506 -0.000434780 -0.000159359 1.000000000 0.000034278 0.000717347 -0.000168501 -0.000034305 1.000000000 0.002172007
1.000000000 0.000008084 -0.000054687 0.000693401 -0.000008084 1.000000000 0.000000083 0.000711364 0.000054687 -0.000000083 1.000000000 0.001007216
1.000000000 0.000045907 -0.000004764 0.000582967 -0.000045907 1.000000000 -0.000075345 0.000870912 0.000004760 0.000075345 1.000000000 0.000548944
1.000000000 -0.000026078 0.000101141 0.000131197 0.000026082 1.000000000 -0.000035828 0.000622472 -0.000101140 0.000035831 1.000000000 0.000715259
1.000000000 0.000098438 0.000093630 0.000382925 -0.000098428 1.000000000 -0.000108128 0.000771063 -0.000093640 0.000108119 1.000000000 -0.000042931
1.000000000 -0.000080727 -0.000119445 0.001281963 0.000080734 1.000000000 0.000059508 0.000021302 0.000119440 -0.000059517 1.000000000 0.000251529
0.999999940 -0.000303759 0.000044420 0.001287384 0.000303756 0.999999940 0.000053019 -0.000277506 -0.000044436 -0.000053006 1.000000000 -0.000341310
1.000000000 -0.000063132 0.000145724 0.000059968 0.000063138 1.000000000 -0.000044824 0.001912458 -0.000145721 0.000044834 1.000000000 -0.000224409
1.000000000 -0.000010292 0.000008582 0.001427245 0.000010292 1.000000000 0.000064430 0.000138766 -0.000008583 -0.000064430 1.000000000 -0.000860809
1.000000000 0.000193777 0.000048407 0.000877744 -0.000193775 1.000000000 -0.000044280 0.000968062 -0.000048416 0.000044270 1.000000000 -0.001387015
1.000000000 -0.000044205 -0.000105464 0.001894079 0.000044188 1.000000000 -0.000166185 0.001164679 0.000105471 0.000166180 1.000000000 -0.001066416
1.000000000 0.000035783 0.000008666 0.000112066 -0.000035782 1.000000000 -0.000135608 0.001048223 -0.000008671 0.000135607 1.000000000 0.000710196
1.000000000 -0.000058595 0.000054684 -0.000610579 0.000058595 1.000000000 0.000001899 0.001596714 -0.000054684 -0.000001895 1.000000000 0.001911422
1.000000000 0.000050651 0.000128889 -0.000136119 -0.000050641 1.000000000 -0.000077005 0.001693935 -0.000128893 0.000076998 1.000000000 0.000881092
1.000000000 0.000056988 0.000088567 0.000611769 -0.000056989 1.000000000 0.000010637 0.000125781 -0.000088567 -0.000010643 1.000000000 -0.001877576
1.000000000 0.000064023 0.000104428 0.000078808 -0.000064032 1.000000000 0.000078920 -0.000305769 -0.000104423 -0.000078926 1.000000000 -0.000983910
1.000000000 0.000002491 0.000064707 0.001120389 -0.000002490 1.000000000 -0.000010927 0.000262953 -0.000064707 0.000010927 1.000000000 -0.000606109
1.000000000 -0.000076109 0.000096920 0.000379183 0.000076110 1.000000000 -0.000008191 0.000810206 -0.000096920 0.000008198 1.000000000 0.000838427
0.999999940 0.000256545 0.000105905 0.000432845 -0.000256554 0.999999940 0.000092213 -0.000047364 -0.000105882 -0.000092240 1.000000000 -0.000419224
1.000000000 0.000174375 0.000021205 0.000569937 -0.000174373 1.000000000 -0.000086287 0.001529442 -0.000021220 0.000086283 1.000000000 -0.000790921
1.000000000 -0.000134389 0.000017995 -0.000032361 0.000134392 1.000000000 -0.000147310 0.002544091 -0.000017975 0.000147312 1.000000000 0.002683453
1.000000000 0.000068231 0.000024778 0.000646927 -0.000068233 1.000000000 0.000096831 0.000410043 -0.000024771 -0.000096832 1.000000000 -0.000556810
1.000000000 -0.000075978 -0.000005129 0.000997051 0.000075978 1.000000000 0.000063284 0.000623042 0.000005124 -0.000063284 1.000000000 0.000316905
0.999999940 0.000095156 0.000230167 -0.000349678 -0.000095149 1.000000000 -0.000029972 0.001022160 -0.000230170 0.000029950 1.000000000 0.002129705
0.999999881 -0.000413147 0.000146003 0.001366717 0.000413247 0.999999702 -0.000685362 -0.001384867 -0.000145719 0.000685422 0.999999762 0.050741293
1.000000000 0.000092166 0.000195619 0.000287296 -0.000091937 0.999999285 -0.001167872 -0.006073007 -0.000195727 0.001167854 0.999999285 0.130912364
0.999999940 0.000391013 -0.000089468 0.004802323 -0.000391142 0.999998868 -0.001444312 -0.006613441 0.000088903 0.001444347 0.999998927 0.250655502
1.000000000 0.000237196 0.000015237 0.006429859 -0.000237179 0.999999344 -0.001110489 -0.014477238 -0.000015501 0.001110485 0.999999404 0.379747570
1.000000000 0.000132733 0.000087322 0.008673115 -0.000132642 0.999999464 -0.001036591 -0.017038098 -0.000087460 0.001036579 0.999999464 0.524831653
0.999999940 0.000247443 0.000021970 0.014331263 -0.000247414 0.999999106 -0.001305255 -0.019939955 -0.000022293 0.001305249 0.999999166 0.673883796
1.000000000 -0.000049458 0.000149403 0.018953407 0.000049631 0.999999344 -0.001153478 -0.024066595 -0.000149346 0.001153485 0.999999344 0.838406742
0.999999940 -0.000097751 0.000324695 0.017431701 0.000098071 0.999999523 -0.000986603 -0.025858760 -0.000324599 0.000986635 0.999999464 1.014094830
0.999999940 0.000247818 0.000333686 0.021985566 -0.000247623 0.999999821 -0.000583246 -0.036454771 -0.000333830 0.000583163 0.999999762 1.180918574
0.999999404 0.000835804 0.000714261 0.017043330 -0.000835251 0.999999344 -0.000773790 -0.038693979 -0.000714908 0.000773193 0.999999464 1.365345001
1.000000000 -0.000017653 0.000087587 0.034911957 0.000017683 0.999999940 -0.000352031 -0.052659143 -0.000087581 0.000352032 0.999999940 1.557558537
0.999999881 0.000369102 0.000388306 0.031775322 -0.000368913 0.999999821 -0.000485855 -0.050010800 -0.000388485 0.000485712 0.999999821 1.760405898
0.999999881 -0.000218367 -0.000443989 0.045683626 0.000218173 0.999999881 -0.000438635 -0.055043269 0.000444085 0.000438538 0.999999821 1.952563047
0.999999523 0.000556528 0.000822529 0.027244635 -0.000556127 0.999999702 -0.000488122 -0.057994161 -0.000822801 0.000487664 0.999999523 2.164221764
0.999999583 0.000896368 0.000075186 0.049719140 -0.000896348 0.999999583 -0.000263666 -0.072459430 -0.000075422 0.000263598 0.999999940 2.387940168
0.999999642 0.000550702 -0.000645020 0.065442555 -0.000550962 0.999999762 -0.000403112 -0.079803206 0.000644798 0.000403467 0.999999642 2.600265980
0.999999285 0.001171877 0.000141098 0.061956979 -0.001171852 0.999999285 -0.000171945 -0.087950379 -0.000141299 0.000171779 1.000000000 2.831194878
0.999999464 0.000894773 -0.000274736 0.071051016 -0.000894785 0.999999523 -0.000040946 -0.093948714 0.000274699 0.000041192 0.999999940 3.065416098
0.999999642 0.000802275 -0.000173644 0.072641604 -0.000802358 0.999999523 -0.000479363 -0.097475082 0.000173259 0.000479502 0.999999881 3.303831816
0.999999523 0.000929797 0.000016412 0.077798352 -0.000929795 0.999999523 -0.000077010 -0.106533766 -0.000016483 0.000076995 1.000000000 3.541731834
0.999999642 0.000882909 -0.000083089 0.083368279 -0.000882937 0.999999583 -0.000334953 -0.110627785 0.000082793 0.000335026 0.999999940 3.801753998
0.999999762 0.000653456 -0.000167567 0.090255618 -0.000653509 0.999999762 -0.000316088 -0.117231041 0.000167360 0.000316198 0.999999940 4.064130783
0.999999523 0.000974833 -0.000003136 0.090938188 -0.000974832 0.999999464 0.000257842 -0.127221704 0.000003388 -0.000257839 0.999999940 4.322362423
0.999999523 0.000957551 0.000119142 0.095804788 -0.000957543 0.999999523 -0.000074956 -0.133491650 -0.000119214 0.000074842 1.000000000 4.567581177
0.999999285 0.001201278 0.000289878 0.101426199 -0.001201233 0.999999285 -0.000155056 -0.138623357 -0.000290064 0.000154708 1.000000000 4.824875355
0.999999702 0.000700461 0.000026924 0.106950514 -0.000700464 0.999999642 0.000137032 -0.146387875 -0.000026828 -0.000137051 1.000000000 5.095676899
0.999999344 0.001089440 0.000200376 0.109408066 -0.001089431 0.999999344 -0.000045431 -0.152382642 -0.000200425 0.000045213 1.000000000 5.357703209
0.999998033 0.001758904 0.000893954 0.106997848 -0.001758814 0.999998450 -0.000102010 -0.163118541 -0.000894132 0.000100437 0.999999523 5.624026299
0.999998510 0.001590976 0.000657261 0.113359272 -0.001591038 0.999998689 0.000093136 -0.171888873 -0.000657112 -0.000094181 0.999999762 5.888669491
0.999999285 0.001023553 0.000491979 0.123979084 -0.001023664 0.999999464 0.000225694 -0.181139648 -0.000491748 -0.000226198 0.999999881 6.169560909
0.999998510 0.001640522 0.000216720 0.131395578 -0.001640519 0.999998629 -0.000013066 -0.189424917 -0.000216741 0.000012710 1.000000000 6.451737881
0.999998391 0.001591627 0.000828746 0.130219460 -0.001591802 0.999998689 0.000210351 -0.205385640 -0.000828410 -0.000211670 0.999999642 6.728326797
0.999997973 0.001770422 0.000963819 0.133199319 -0.001770193 0.999998450 -0.000237891 -0.207146570 -0.000964239 0.000236184 0.999999523 7.030444145
0.999997854 0.001839233 0.000872113 0.139335081 -0.001839315 0.999998212 0.000093280 -0.217843458 -0.000871940 -0.000094884 0.999999583 7.332554340
0.999998629 0.001299281 0.001061574 0.145523503 -0.001298921 0.999999046 -0.000339365 -0.223661408 -0.001062014 0.000337986 0.999999404 7.640963078
0.999998987 0.001339380 0.000497551 0.163677737 -0.001339548 0.999999046 0.000336918 -0.238021851 -0.000497100 -0.000337584 0.999999821 7.936916828
0.999998271 0.001646080 0.000793346 0.166216135 -0.001646728 0.999998271 0.000816085 -0.257839531 -0.000792001 -0.000817390 0.999999344 8.261805534
0.999997735 0.001767527 0.001138755 0.172599703 -0.001768131 0.999998331 0.000529898 -0.266132176 -0.001137816 -0.000531911 0.999999225 8.589985847
0.999997735 0.001467545 0.001524326 0.170839906 -0.001467894 0.999998868 0.000227828 -0.268030912 -0.001523990 -0.000230065 0.999998748 8.938411713
0.999997735 0.001540686 0.001446240 0.178208977 -0.001541273 0.999998748 0.000405083 -0.282702059 -0.001445614 -0.000407311 0.999998868 9.269746780
0.999997497 0.001726157 0.001485884 0.179642007 -0.001727095 0.999998391 0.000630543 -0.288307399 -0.001484793 -0.000633108 0.999998629 9.623672485
0.999998927 0.001288798 0.000714686 0.200319141 -0.001289547 0.999998629 0.001048780 -0.311586887 -0.000713334 -0.001049700 0.999999166 9.954217911
0.999998510 0.001463474 0.000855788 0.207558438 -0.001464792 0.999997735 0.001541410 -0.324821979 -0.000853530 -0.001542662 0.999998450 10.307453156
0.999998569 0.001456919 0.000825560 0.220550045 -0.001458454 0.999997258 0.001862240 -0.340666264 -0.000822845 -0.001863441 0.999997854 10.653484344
0.999999106 0.000928873 0.000992839 0.223911226 -0.000929979 0.999998987 0.001114298 -0.342274815 -0.000991802 -0.001115220 0.999998927 11.030476570
0.999996722 0.001805189 0.001830418 0.216305152 -0.001806489 0.999998093 0.000708976 -0.349683285 -0.001829135 -0.000712281 0.999998093 11.412959099
0.999998271 0.001381974 0.001301899 0.237207085 -0.001383693 0.999998212 0.001320042 -0.363832772 -0.001300072 -0.001321841 0.999998331 11.781505585
0.999997556 0.001523764 0.001631086 0.238780156 -0.001525510 0.999998271 0.001069971 -0.372868925 -0.001629452 -0.001072456 0.999998093 12.177746773
0.999997497 0.001495546 0.001649577 0.250150949 -0.001497054 0.999998391 0.000913214 -0.384407699 -0.001648209 -0.000915681 0.999998212 12.563826561
0.999997020 0.001810729 0.001621275 0.256837100 -0.001812655 0.999997616 0.001187060 -0.395553529 -0.001619122 -0.001189996 0.999998033 12.965422630
0.999996960 0.001655488 0.001807521 0.260983288 -0.001656790 0.999998331 0.000719371 -0.399313569 -0.001806327 -0.000722364 0.999998093 13.377895355
0.999997735 0.001294107 0.001664352 0.278206944 -0.001295993 0.999998510 0.001132751 -0.417592674 -0.001662884 -0.001134906 0.999997914 13.762595177
0.999997973 0.001214767 0.001596264 0.286534041 -0.001216271 0.999998868 0.000941503 -0.426513135 -0.001595118 -0.000943442 0.999998331 14.176228523
0.999994338 0.002075248 0.002654308 0.287315696 -0.002077866 0.999997377 0.000984083 -0.438464433 -0.002652258 -0.000989592 0.999996006 14.595002174
0.999995768 0.001686150 0.002360037 0.304337114 -0.001689830 0.999997318 0.001558274 -0.456878006 -0.002357403 -0.001562256 0.999996006 15.027918816
0.999995530 0.001510183 0.002596387 0.318882972 -0.001514375 0.999997616 0.001613305 -0.471324056 -0.002593945 -0.001617229 0.999995351 15.459585190
0.999994516 0.001654478 0.002874479 0.325214386 -0.001657539 0.999998033 0.001062702 -0.476336926 -0.002872715 -0.001067461 0.999995291 15.912229538
0.999995172 0.001062612 0.002945418 0.339312166 -0.001066007 0.999998689 0.001151168 -0.489334971 -0.002944191 -0.001154302 0.999994993 16.349109650
0.999993205 0.001751318 0.003246644 0.347113818 -0.001754143 0.999998093 0.000867679 -0.498214781 -0.003245118 -0.000873368 0.999994338 16.801685333
0.999991953 0.001846417 0.003561095 0.360664308 -0.001850687 0.999997556 0.001196114 -0.513984740 -0.003558878 -0.001202695 0.999992907 17.249839783
0.999989748 0.001920370 0.004105240 0.362843901 -0.001925007 0.999997497 0.001125705 -0.523949623 -0.004103068 -0.001133596 0.999990940 17.723249435
0.999989152 0.001681160 0.004345574 0.376468122 -0.001685765 0.999997973 0.001056212 -0.536801636 -0.004343790 -0.001063526 0.999990046 18.183681488
0.999989390 0.001751837 0.004249282 0.392739028 -0.001757195 0.999997616 0.001257515 -0.549149752 -0.004247069 -0.001264968 0.999990165 18.659805298
0.999983609 0.002829726 0.004974462 0.394537687 -0.002834126 0.999995589 0.000877765 -0.561573982 -0.004971957 -0.000891849 0.999987245 19.134704590
0.999986768 0.002329289 0.004591908 0.414017797 -0.002332437 0.999997079 0.000680406 -0.571361244 -0.004590309 -0.000691107 0.999989271 19.615619659
0.999980688 0.002994403 0.005430708 0.414788485 -0.002998033 0.999995232 0.000660252 -0.581880212 -0.005428705 -0.000676521 0.999985039 20.101556778
0.999986112 0.002397142 0.004696008 0.431396693 -0.002401587 0.999996662 0.000941136 -0.602206349 -0.004693735 -0.000952400 0.999988556 20.594766617
0.999983609 0.002650789 0.005072776 0.438344181 -0.002655357 0.999996066 0.000893999 -0.612608612 -0.005070386 -0.000907454 0.999986768 21.093463898
0.999986708 0.002414858 0.004555544 0.450863957 -0.002418082 0.999996781 0.000702050 -0.620129228 -0.004553833 -0.000713056 0.999989450 21.600006104
0.999989629 0.002645268 0.003710187 0.462210238 -0.002650015 0.999995589 0.001275217 -0.648813725 -0.003706797 -0.001285035 0.999992251 22.106428146
0.999990821 0.002788861 0.003261490 0.477001220 -0.002793281 0.999995112 0.001351585 -0.659766018 -0.003257706 -0.001360683 0.999993742 22.614650726
0.999991298 0.003171995 0.002715911 0.489609092 -0.003173570 0.999994755 0.000575920 -0.671386719 -0.002714070 -0.000584534 0.999996126 23.127162933
0.999992311 0.002961965 0.002562869 0.489223093 -0.002964832 0.999994993 0.001115277 -0.692087054 -0.002559552 -0.001122867 0.999996066 23.651693344
0.999994457 0.002620062 0.002082680 0.499424130 -0.002621109 0.999996543 0.000500103 -0.702104926 -0.002081362 -0.000505559 0.999997735 24.179950714
0.999995887 0.002726671 0.000857561 0.510558546 -0.002727851 0.999995351 0.001378249 -0.717129529 -0.000853799 -0.001380582 0.999998629 24.714790344
0.999993324 0.003634903 0.000435328 0.519853055 -0.003635597 0.999992132 0.001604132 -0.742357135 -0.000429493 -0.001605704 0.999998629 25.242895126
0.999994874 0.003200002 0.000425481 0.527958810 -0.003200682 0.999993682 0.001607433 -0.755384147 -0.000420335 -0.001608787 0.999998629 25.789047241
0.999994278 0.003385496 0.000177079 0.537859917 -0.003385853 0.999992192 0.002058055 -0.775020778 -0.000170111 -0.002058643 0.999997914 26.341781616
0.999996305 0.002569897 -0.000915359 0.545739591 -0.002567834 0.999994159 0.002248134 -0.789057434 0.000921132 -0.002245775 0.999997079 26.880113602
0.999995708 0.002806875 -0.000917599 0.555786729 -0.002804750 0.999993443 0.002308734 -0.809947133 0.000924073 -0.002306151 0.999996960 27.422224045
0.999992788 0.003631453 -0.001116715 0.565737724 -0.003628970 0.999990940 0.002216772 -0.823205590 0.001124755 -0.002212704 0.999996901 27.975500107
0.999991119 0.003810490 -0.001814332 0.569837093 -0.003805939 0.999989629 0.002505565 -0.843504548 0.001823861 -0.002498637 0.999995232 28.514850616
0.999992073 0.003664199 -0.001588911 0.578214645 -0.003660040 0.999989867 0.002613005 -0.859786391 0.001598469 -0.002607169 0.999995351 29.050081253
0.999991298 0.003705754 -0.001928899 0.584327102 -0.003700559 0.999989569 0.002689961 -0.872798681 0.001938847 -0.002682799 0.999994516 29.609062195
0.999988198 0.003714521 -0.003117271 0.596366882 -0.003705752 0.999989092 0.002814238 -0.886379600 0.003127691 -0.002802653 0.999991179 30.143949509
0.999982119 0.005044160 -0.003190923 0.606512606 -0.005035355 0.999983430 0.002761420 -0.902982533 0.003204799 -0.002745303 0.999991119 30.692022324
0.999985337 0.004189175 -0.003410719 0.612383187 -0.004179560 0.999987304 0.002821151 -0.916118741 0.003422494 -0.002806855 0.999990225 31.240737915
0.999984920 0.004335667 -0.003381379 0.620195091 -0.004325071 0.999985754 0.003134536 -0.929345429 0.003394922 -0.003119864 0.999989390 31.786825180
0.999983609 0.004218695 -0.003863632 0.631328225 -0.004208082 0.999987483 0.002750696 -0.943040252 0.003875188 -0.002734393 0.999988675 32.331233978
0.999982953 0.004321033 -0.003924063 0.642757356 -0.004308952 0.999985993 0.003081750 -0.960238636 0.003937325 -0.003064789 0.999987543 32.872043610
0.999981642 0.004150780 -0.004398432 0.647553682 -0.004138810 0.999987721 0.002727068 -0.972855926 0.004409696 -0.002708814 0.999986589 33.425991058
0.999980867 0.004453050 -0.004291689 0.650986314 -0.004442004 0.999986827 0.002579749 -0.983018637 0.004303120 -0.002560636 0.999987483 33.981575012
0.999982417 0.003684087 -0.004647660 0.659426808 -0.003669743 0.999988437 0.003091144 -1.001966119 0.004658994 -0.003074034 0.999984443 34.507186890
0.999982655 0.003807241 -0.004492744 0.669019103 -0.003794500 0.999988735 0.002841094 -1.014987826 0.004503510 -0.002823996 0.999985933 35.049125671
0.999980986 0.003953803 -0.004715380 0.672040641 -0.003940173 0.999988139 0.002896141 -1.025076389 0.004726776 -0.002877507 0.999984682 35.597206116
0.999979198 0.004469108 -0.004636121 0.677734494 -0.004455963 0.999986053 0.002841623 -1.037680387 0.004648756 -0.002820906 0.999985218 36.146278381
0.999977529 0.004662033 -0.004823462 0.686960161 -0.004649450 0.999985754 0.002616539 -1.050002813 0.004835593 -0.002594054 0.999984920 36.694175720
0.999976337 0.004871783 -0.004875811 0.693930626 -0.004859212 0.999984860 0.002586661 -1.060703397 0.004888338 -0.002562908 0.999984682 37.245639801
0.999976873 0.004456041 -0.005132759 0.700253963 -0.004441937 0.999986351 0.002756121 -1.079196692 0.005144971 -0.002733258 0.999983013 37.789958954
0.999979079 0.003989558 -0.005092968 0.706548750 -0.003977710 0.999989390 0.002334252 -1.090862393 0.005102227 -0.002313945 0.999984324 38.339382172
0.999975502 0.004318215 -0.005510499 0.718635559 -0.004305495 0.999988079 0.002318051 -1.102773786 0.005520443 -0.002294269 0.999982119 38.890644073
0.999972999 0.004869365 -0.005506572 0.720263243 -0.004855545 0.999985039 0.002520476 -1.119137287 0.005518763 -0.002493671 0.999981582 39.428020477
0.999971807 0.004527061 -0.005987799 0.743936181 -0.004507755 0.999984622 0.003233841 -1.144111872 0.006002347 -0.003206758 0.999976814 39.953102112
0.999973595 0.004435711 -0.005752370 0.751458287 -0.004418119 0.999985516 0.003067076 -1.156365991 0.005765893 -0.003041580 0.999978721 40.508728027
0.999969423 0.004859919 -0.006113689 0.752974749 -0.004843530 0.999984562 0.002692534 -1.165453315 0.006126681 -0.002662840 0.999977648 41.079006195
0.999968529 0.004668510 -0.006411563 0.766537428 -0.004650863 0.999985278 0.002764618 -1.178434730 0.006424376 -0.002734712 0.999975622 41.623817444
0.999961376 0.005223442 -0.007059116 0.788906991 -0.005201986 0.999981821 0.003054396 -1.197548270 0.007074941 -0.003017557 0.999970496 42.165977478
0.999964774 0.005131365 -0.006640431 0.775504947 -0.005114027 0.999983490 0.002625715 -1.201860905 0.006653797 -0.002591663 0.999974430 42.727630615
0.999963939 0.005176798 -0.006725108 0.783097506 -0.005156185 0.999981999 0.003078740 -1.218281746 0.006740925 -0.003043954 0.999972582 43.269195557
0.999960542 0.005292653 -0.007125495 0.798694074 -0.005273106 0.999982297 0.002759249 -1.232198358 0.007139972 -0.002721567 0.999970794 43.814498901
0.999966919 0.004717659 -0.006647577 0.786410451 -0.004698662 0.999984801 0.002870499 -1.244254589 0.006661019 -0.002839169 0.999973714 44.364231110
0.999964297 0.004778234 -0.006971826 0.797878623 -0.004763174 0.999986351 0.002175191 -1.252372622 0.006982123 -0.002141905 0.999973297 44.912971497
0.999965727 0.005205771 -0.006452331 0.801246285 -0.005190766 0.999983788 0.002339990 -1.259313703 0.006464408 -0.002306416 0.999976397 45.453933716
0.999968410 0.005029826 -0.006158889 0.798478663 -0.005010796 0.999982595 0.003101317 -1.290309668 0.006174379 -0.003070358 0.999976158 45.994823456
0.999968588 0.004270342 -0.006671237 0.813320637 -0.004253733 0.999987781 0.002501997 -1.301058888 0.006681840 -0.002473541 0.999974549 46.538532257
0.999967515 0.004798369 -0.006471003 0.813741207 -0.004779208 0.999984145 0.002973072 -1.314467788 0.006485167 -0.002942049 0.999974668 47.083091736
0.999968648 0.004660641 -0.006397132 0.817022443 -0.004639585 0.999983788 0.003302326 -1.332958817 0.006412419 -0.003272542 0.999974132 47.624736786
0.999967813 0.004999440 -0.006274813 0.816913843 -0.004981445 0.999983490 0.002880357 -1.342412710 0.006289110 -0.002849007 0.999976218 48.181804657
0.999971926 0.004397859 -0.006070154 0.819686234 -0.004378320 0.999985218 0.003228558 -1.356958985 0.006084263 -0.003201890 0.999976277 48.717464447
0.999970555 0.004440759 -0.006250823 0.831634521 -0.004417988 0.999983549 0.003651933 -1.374524832 0.006266938 -0.003624209 0.999973714 49.258895874
0.999970376 0.004954570 -0.005877730 0.838618457 -0.004933194 0.999981105 0.003645730 -1.394357562 0.005895683 -0.003616626 0.999976099 49.812255859
0.999970734 0.004815803 -0.005948904 0.841022015 -0.004795466 0.999982536 0.003428407 -1.404627800 0.005965311 -0.003399778 0.999976456 50.353553772
0.999973238 0.004681216 -0.005629376 0.844115615 -0.004664306 0.999984562 0.003013083 -1.417195678 0.005643393 -0.002986745 0.999979615 50.904682159
0.999972284 0.005015411 -0.005512773 0.850574613 -0.004998023 0.999982476 0.003163533 -1.432594299 0.005528543 -0.003135892 0.999979854 51.448585510
0.999970257 0.005035051 -0.005838450 0.856903076 -0.005016251 0.999982119 0.003230293 -1.449248195 0.005854611 -0.003200910 0.999977767 51.994010925
0.999967873 0.004878531 -0.006361580 0.874580741 -0.004857206 0.999982536 0.003363364 -1.468874216 0.006377876 -0.003332356 0.999974132 52.542671204
0.999971867 0.004457658 -0.006025958 0.876718760 -0.004440339 0.999985933 0.002884369 -1.479717135 0.006038730 -0.002857531 0.999977767 53.082378387
0.999969423 0.005099627 -0.005930326 0.880803347 -0.005080769 0.999982059 0.003190725 -1.495257616 0.005946490 -0.003160497 0.999977350 53.642269135
0.999969542 0.005580147 -0.005443530 0.879747987 -0.005561903 0.999978900 0.003360871 -1.516693711 0.005462169 -0.003330492 0.999979556 54.170356750
0.999971628 0.005460152 -0.005180005 0.887055755 -0.005442453 0.999979317 0.003424593 -1.527511954 0.005198597 -0.003396305 0.999980688 54.722045898
0.999971926 0.005716838 -0.004836828 0.889492035 -0.005700515 0.999978065 0.003381936 -1.546602488 0.004856057 -0.003354269 0.999982536 55.243442535
0.999967933 0.006027465 -0.005269247 0.900704145 -0.006007552 0.999974787 0.003786680 -1.559451699 0.005291938 -0.003754903 0.999978960 55.786056519
0.999966443 0.005993939 -0.005582631 0.908317208 -0.005975439 0.999976575 0.003324496 -1.570665359 0.005602427 -0.003291027 0.999978900 56.331123352
0.999966323 0.006706667 -0.004748693 0.917571783 -0.006686419 0.999968588 0.004266681 -1.598154068 0.004777159 -0.004234786 0.999979675 56.837875366
0.999966919 0.007200493 -0.003798740 0.895043373 -0.007183732 0.999964476 0.004407605 -1.608673930 0.003830342 -0.004380169 0.999983072 57.382419586
0.999966204 0.006576875 -0.004924727 0.920259356 -0.006555498 0.999969065 0.004344177 -1.625455022 0.004953146 -0.004311746 0.999978423 57.947498322
0.999970496 0.005932307 -0.004891326 0.935305834 -0.005913021 0.999974728 0.003948160 -1.638252378 0.004914624 -0.003919120 0.999980271 58.487960815
0.999970555 0.006249000 -0.004451088 0.931055307 -0.006234389 0.999975145 0.003288915 -1.636389256 0.004471529 -0.003261067 0.999984682 59.023452759
0.999971509 0.006218082 -0.004293332 0.940052092 -0.006206001 0.999976754 0.002821568 -1.646939874 0.004310777 -0.002794843 0.999986768 59.574859619
0.999965668 0.006700573 -0.004873530 0.950659692 -0.006684753 0.999972343 0.003255416 -1.663479567 0.004895208 -0.003222726 0.999982834 60.103637695
0.999964178 0.007107942 -0.004580802 0.956391573 -0.007091445 0.999968410 0.003607419 -1.677531719 0.004606297 -0.003574805 0.999983013 60.657447815
0.999965429 0.007080993 -0.004339108 0.970714390 -0.007065082 0.999968290 0.003671168 -1.694300175 0.004364965 -0.003640385 0.999983847 61.199630737
0.999962389 0.006920788 -0.005230614 0.981602788 -0.006902450 0.999970019 0.003515787 -1.703619957 0.005254789 -0.003479551 0.999980092 61.725955963
0.999961495 0.007043714 -0.005232029 0.987282634 -0.007027699 0.999970555 0.003073191 -1.715409398 0.005253522 -0.003036303 0.999981582 62.272132874
0.999963284 0.007267314 -0.004541891 0.990381718 -0.007253623 0.999969125 0.003023970 -1.729384780 0.004563726 -0.002990914 0.999985158 62.828823090
0.999963105 0.007233092 -0.004627317 0.995930672 -0.007215943 0.999967098 0.003712042 -1.746010065 0.004654014 -0.003678515 0.999982357 63.353195190
0.999963284 0.007267605 -0.004542920 1.002645254 -0.007253000 0.999968588 0.003222908 -1.759545445 0.004566200 -0.003189840 0.999984443 63.907546997
0.999963701 0.007263890 -0.004456372 1.005204320 -0.007250028 0.999968886 0.003118902 -1.770768285 0.004478888 -0.003086479 0.999985218 64.448257446
0.999960721 0.007360000 -0.004960030 1.023682952 -0.007342036 0.999966443 0.003630201 -1.785830498 0.004986582 -0.003593642 0.999981105 64.961242676
0.999962866 0.007171374 -0.004764718 1.032247186 -0.007154501 0.999968112 0.003548789 -1.800470829 0.004790016 -0.003514568 0.999982357 65.512351990
0.999964714 0.007136862 -0.004441490 1.044939876 -0.007121130 0.999968290 0.003547851 -1.815000534 0.004466671 -0.003516097 0.999983847 66.046661377
0.999962449 0.007569137 -0.004211826 1.048656583 -0.007552990 0.999963999 0.003836405 -1.827959538 0.004240713 -0.003804449 0.999983788 66.576293945
0.999955177 0.008063961 -0.004958345 1.054702282 -0.008046996 0.999961674 0.003432098 -1.840104103 0.004985832 -0.003392044 0.999981821 67.125747681
0.999954998 0.008083258 -0.004953763 1.061712623 -0.008066925 0.999961972 0.003307967 -1.852092505 0.004980314 -0.003267857 0.999982297 67.668792725
0.999956191 0.007826559 -0.005131647 1.075611830 -0.007806627 0.999961972 0.003892667 -1.878356934 0.005161917 -0.003852436 0.999979258 68.195610046
0.999950588 0.008506279 -0.005148775 1.083090186 -0.008486506 0.999956489 0.003850529 -1.886834025 0.005181306 -0.003806643 0.999979317 68.715675354
0.999953985 0.008259133 -0.004882898 1.087554336 -0.008242784 0.999960303 0.003359385 -1.889508486 0.004910450 -0.003318981 0.999982417 69.270683289
0.999953151 0.008435169 -0.004753892 1.104126692 -0.008419186 0.999958813 0.003372347 -1.911586404 0.004782143 -0.003332164 0.999983013 69.791816711
0.999958515 0.008093289 -0.004184179 1.086168885 -0.008078311 0.999960959 0.003583892 -1.917856932 0.004213021 -0.003549941 0.999984801 70.333175659
0.999953210 0.008651766 -0.004322826 1.098555326 -0.008636428 0.999956429 0.003554212 -1.932642698 0.004353387 -0.003516712 0.999984324 70.878395081
0.999958992 0.008373752 -0.003461193 1.090651870 -0.008365273 0.999961913 0.002457376 -1.934937596 0.003481639 -0.002428321 0.999990940 71.417724609
0.999950230 0.008956332 -0.004396736 1.112977743 -0.008939130 0.999952316 0.003916636 -1.969702482 0.004431605 -0.003877138 0.999982655 71.947303772
0.999954402 0.008408707 -0.004536493 1.124753952 -0.008392503 0.999958396 0.003578997 -1.984068036 0.004566399 -0.003540761 0.999983370 72.491897583
0.999954522 0.008491524 -0.004337710 1.131725073 -0.008475339 0.999957085 0.003736348 -2.001756907 0.004369251 -0.003699414 0.999983609 73.032684326
0.999953210 0.008897641 -0.003797676 1.132281065 -0.008883340 0.999953508 0.003765474 -2.010958672 0.003831003 -0.003731562 0.999985635 73.586654663
0.999953628 0.008763272 -0.003994924 1.135993361 -0.008746758 0.999953151 0.004132933 -2.030056477 0.004030956 -0.004097797 0.999983430 74.091491699
0.999948859 0.009564993 -0.003280777 1.141628265 -0.009550353 0.999944568 0.004449266 -2.040818691 0.003323151 -0.004417705 0.999984682 74.643806458
0.999958873 0.008381020 -0.003461051 1.149611950 -0.008368348 0.999958336 0.003659561 -2.052030087 0.003491577 -0.003630447 0.999987304 75.181724548
0.999957383 0.008252931 -0.004129447 1.170047879 -0.008234528 0.999956191 0.004453117 -2.075678587 0.004166016 -0.004418923 0.999981582 75.706512451
0.999949038 0.009214656 -0.004132058 1.176188946 -0.009194921 0.999946296 0.004769957 -2.091492414 0.004175789 -0.004731720 0.999980152 76.249954224
0.999962330 0.008062939 -0.003210314 1.186092257 -0.008049705 0.999959230 0.004114129 -2.102415085 0.003243355 -0.004088133 0.999986410 76.795791626
0.999958098 0.008405648 -0.003628048 1.188222170 -0.008390249 0.999955833 0.004239176 -2.110675573 0.003663521 -0.004208559 0.999984443 77.343116760
0.999959171 0.008237554 -0.003726307 1.198841572 -0.008220647 0.999955952 0.004530367 -2.129279852 0.003763462 -0.004499549 0.999982774 77.877380371
0.999956429 0.008489472 -0.003866584 1.210430384 -0.008472970 0.999954998 0.004264438 -2.142929316 0.003902613 -0.004231493 0.999983430 78.424476624
0.999956846 0.008320713 -0.004121740 1.216918945 -0.008302637 0.999955893 0.004382819 -2.154806852 0.004158027 -0.004348409 0.999981880 78.942832947
0.999957025 0.008604834 -0.003447946 1.219420433 -0.008590127 0.999953985 0.004257301 -2.166352987 0.003484421 -0.004227500 0.999985039 79.491043091
0.999954820 0.008721893 -0.003785038 1.235164881 -0.008707667 0.999954939 0.003759282 -2.175564766 0.003817656 -0.003726154 0.999985754 80.036048889
0.999962449 0.008308670 -0.002507567 1.243578911 -0.008298249 0.999956965 0.004138448 -2.191002607 0.002541845 -0.004117484 0.999988317 80.582748413
0.999959171 0.008848950 -0.001833475 1.254780769 -0.008841868 0.999953568 0.003835006 -2.201131582 0.001867326 -0.003818638 0.999990880 81.124771118
0.999959111 0.009035297 -0.000460500 1.266311526 -0.009033388 0.999951243 0.003992041 -2.219557524 0.000496547 -0.003987717 0.999991834 81.657752991
0.999961615 0.008686448 0.001118291 1.269470453 -0.008691074 0.999953389 0.004200162 -2.228222370 -0.001081753 -0.004209720 0.999990523 82.204864502
0.999956787 0.008209921 0.004363166 1.287412643 -0.008228119 0.999957383 0.004168929 -2.241710901 -0.004328753 -0.004204650 0.999981761 82.754493713
0.999932706 0.008443594 0.007957216 1.303758383 -0.008476627 0.999955535 0.004126864 -2.254238367 -0.007922017 -0.004194036 0.999959826 83.286994934
0.999889970 0.009481135 0.011407734 1.315925479 -0.009527903 0.999946356 0.004052497 -2.265649319 -0.011368698 -0.004160743 0.999926686 83.844070435
0.999832034 0.009263910 0.015822055 1.346394539 -0.009326125 0.999949038 0.003862796 -2.283186197 -0.015785465 -0.004009705 0.999867380 84.375526428
0.999712706 0.008746099 0.022319118 1.367222309 -0.008821579 0.999955654 0.003285567 -2.290176153 -0.022289393 -0.003481512 0.999745488 84.928833008
0.999594867 0.008524533 0.027154695 1.407134771 -0.008639963 0.999954104 0.004136333 -2.316114664 -0.027118193 -0.004369272 0.999622703 85.464668274
0.999438226 0.007984595 0.032548506 1.445521474 -0.008110444 0.999960124 0.003736290 -2.325588465 -0.032517374 -0.003998173 0.999463141 86.008666992
0.999108553 0.008798662 0.041287556 1.468231201 -0.008970841 0.999951839 0.003986821 -2.341144323 -0.041250486 -0.004353651 0.999139369 86.566482544
0.998738468 0.008936382 0.049412500 1.516644955 -0.009145573 0.999950230 0.004009082 -2.355370283 -0.049374208 -0.004455931 0.998770416 87.114868164
0.998347342 0.008684253 0.056808043 1.554044485 -0.008931073 0.999951720 0.004092357 -2.368698835 -0.056769755 -0.004592950 0.998376727 87.664520264
0.997762561 0.008680074 0.066290721 1.606120586 -0.008967834 0.999951541 0.004044534 -2.378964424 -0.066252403 -0.004629968 0.997792125 88.215972900
0.997098982 0.008328003 0.075657748 1.676830292 -0.008644981 0.999955297 0.003863119 -2.394626856 -0.075622179 -0.004505972 0.997126281 88.724365234
0.996434510 0.008232858 0.083966300 1.738821030 -0.008567736 0.999956787 0.003628672 -2.405030966 -0.083932787 -0.004335136 0.996461987 89.278823853
0.995710313 0.008112178 0.092168950 1.807160378 -0.008450762 0.999958873 0.003283820 -2.413601637 -0.092138536 -0.004048632 0.995737970 89.830238342
0.994663894 0.008044938 0.102853581 1.888519764 -0.008450545 0.999958098 0.003508397 -2.426324844 -0.102821060 -0.004358846 0.994690359 90.372825623
0.993485093 0.008286537 0.113659821 1.964791298 -0.008760648 0.999954879 0.003672469 -2.443190813 -0.113624252 -0.004644278 0.993513048 90.924568176
0.992443085 0.007716080 0.122462422 2.048298836 -0.008240853 0.999958873 0.003779248 -2.464617729 -0.122428223 -0.004759884 0.992465973 91.436973572
0.990951598 0.007645619 0.134001553 2.133066177 -0.008161434 0.999961197 0.003300442 -2.469654083 -0.133971110 -0.004364224 0.990975678 91.970664978
0.989286780 0.006741752 0.145829648 2.231223106 -0.007241864 0.999969542 0.002898807 -2.481561899 -0.145805672 -0.003923830 0.989305496 92.525199890
0.987603068 0.006932103 0.156818420 2.339647293 -0.007568710 0.999965370 0.003462725 -2.503966808 -0.156788960 -0.004606711 0.987621367 93.094001770
0.985927641 0.007614471 0.166998923 2.449965477 -0.008344991 0.999958456 0.003673107 -2.516985655 -0.166964009 -0.005015023 0.985950232 93.642738342
0.983638585 0.006719762 0.180027410 2.572031975 -0.007500162 0.999965191 0.003654558 -2.535566807 -0.179996580 -0.004945000 0.983654857 94.158470154
0.981156409 0.006221836 0.193114892 2.686956406 -0.007021449 0.999969363 0.003456463 -2.545744419 -0.193087474 -0.004747278 0.981170058 94.713211060
0.979103565 0.005548968 0.203286603 2.818496704 -0.006354797 0.999974370 0.003311478 -2.557351112 -0.203263015 -0.004534124 0.979113638 95.243972778
0.976343751 0.005916142 0.216143087 2.968852997 -0.006902823 0.999968886 0.003810301 -2.576570034 -0.216113836 -0.005212160 0.976354241 95.752281189
0.973264337 0.005540072 0.229621157 3.095211029 -0.006532442 0.999972343 0.003561840 -2.585824966 -0.229595050 -0.004966599 0.973273575 96.276878357
0.970515728 0.005826066 0.240967631 3.239440918 -0.006930328 0.999969065 0.003735383 -2.599812984 -0.240938410 -0.005295233 0.970525980 96.819114685
0.967585504 0.005903665 0.252474785 3.406059265 -0.007059733 0.999968350 0.003673309 -2.613672018 -0.252445132 -0.005336646 0.967596471 97.335723877
0.963652194 0.005357828 0.267106324 3.554384232 -0.006508539 0.999972939 0.003422923 -2.630188465 -0.267080784 -0.005036980 0.963660955 97.866134644
0.960033476 0.005653695 0.279827982 3.725278854 -0.006844780 0.999971211 0.003279469 -2.641983986 -0.279801369 -0.005063761 0.960044563 98.396133423
0.956874907 0.004539601 0.290464908 3.901155472 -0.005745616 0.999977946 0.003299312 -2.652187347 -0.290443599 -0.004825929 0.956879914 98.901779175
0.952580154 0.004608559 0.304252863 4.104001999 -0.006042532 0.999974608 0.003771710 -2.675765038 -0.304227740 -0.005431314 0.952583849 99.436462402
0.948313951 0.003770014 0.317311406 4.306030273 -0.005128874 0.999980807 0.003447218 -2.687881947 -0.317292303 -0.004896495 0.948315144 99.937133789
0.944425285 0.002986827 0.328712612 4.503044128 -0.004301039 0.999985397 0.003271022 -2.695111036 -0.328698009 -0.004503041 0.944424331 100.440116882
0.939619362 0.003230526 0.342205942 4.717735291 -0.004563352 0.999984741 0.003089771 -2.713327169 -0.342190772 -0.004464814 0.939619899 100.972518921
0.934492707 0.003319453 0.355966806 4.941307068 -0.004685483 0.999984562 0.002975412 -2.728755951 -0.355951458 -0.004448377 0.934493780 101.475830078
0.929685295 0.003361210 0.368339419 5.157817841 -0.004966293 0.999981880 0.003409737 -2.742046833 -0.368321240 -0.004999264 0.929685175 101.983345032
0.924976051 0.002474336 0.380017310 5.385631561 -0.003908388 0.999987841 0.003002123 -2.756308317 -0.380005300 -0.004262147 0.924974442 102.482772827
0.919243515 0.001752367 0.393685490 5.626209259 -0.003113211 0.999991179 0.002818107 -2.768681526 -0.393677115 -0.003816152 0.919240832 102.967605591
0.913320184 0.001760393 0.407238245 5.870944977 -0.003340274 0.999989390 0.003168578 -2.786151648 -0.407228380 -0.004254214 0.913316429 103.471061707
0.908256829 0.001485107 0.418410391 6.115345001 -0.003028346 0.999990821 0.003024357 -2.796495438 -0.418402106 -0.004013985 0.908252954 103.963310242
0.902393520 0.001324346 0.430910736 6.377719879 -0.002908247 0.999991179 0.003016980 -2.813467503 -0.430902928 -0.003975698 0.902389467 104.438964844
0.895596921 0.000520382 0.444866121 6.639137268 -0.002158425 0.999992609 0.003175565 -2.831428051 -0.444861174 -0.003804236 0.895591497 104.900932312
0.889520168 0.000419483 0.456895679 6.896984100 -0.002128134 0.999992549 0.003225107 -2.841764688 -0.456890970 -0.003841134 0.889514446 105.385421753
0.883920074 -0.000127995 0.467637956 7.171764374 -0.001406017 0.999994755 0.002931331 -2.851826191 -0.467635900 -0.003248569 0.883915305 105.862396240
0.876637459 -0.000564886 0.481151283 7.457126617 -0.000849373 0.999995887 0.002721549 -2.866226435 -0.481150866 -0.002794488 0.876633406 106.328567505
0.869513869 -0.000765471 0.493907928 7.739631653 -0.000848912 0.999994993 0.003044308 -2.879724979 -0.493907869 -0.003066352 0.869508803 106.792457581
0.863787651 -0.001192910 0.503854692 8.034828186 -0.000225960 0.999996126 0.002754935 -2.890198708 -0.503856063 -0.002493529 0.863784015 107.260375977
