1.000000000 0.000000000 0.000000000 0.000000000 0.000000000 1.000000000 0.000000000 0.000000000 0.000000000 0.000000000 1.000000000 0.000000000
1.000000000 -0.000160848 0.000004589 0.000043025 0.000160848 1.000000000 -0.000054026 0.000598161 -0.000004581 0.000054027 1.000000000 0.000464685
1.000000000 -0.000094489 0.000004096 -0.000102187 0.000094489 1.000000000 -0.000030375 0.000306100 -0.000004093 0.000030375 1.000000000 0.000032307
1.000000000 -0.000100915 0.000084608 -0.000030894 0.000100925 1.000000000 -0.000109095 0.001024376 -0.000084597 0.000109104 1.000000000 0.000785191
1.000000000 -0.000137161 -0.000013051 0.000812618 0.000137160 1.000000000 -0.000055733 0.001260853 0.000013059 0.000055731 1.000000000 0.000815345
1.000000000 0.000019690 0.000080879 -0.001254743 -0.000019690 1.000000000 -0.000002383 0.000030220 -0.000080880 0.000002381 1.000000000 -0.000759919
1.000000000 -0.000000851 0.000042216 -0.000941310 0.000000858 1.000000000 -0.000167581 0.000528955 -0.000042216 0.000167581 1.000000000 -0.000511067
1.000000000 0.000082717 0.000114350 -0.001254083 -0.000082716 1.000000000 -0.000007958 -0.000388654 -0.000114350 0.000007949 1.000000000 -0.000183049
1.000000000 0.000176870 0.000093402 -0.001886294 -0.000176872 1.000000000 0.000025047 -0.000496033 -0.000093398 -0.000025063 1.000000000 -0.000421495
1.000000000 0.000028424 0.000114755 -0.001008572 -0.000028407 1.000000000 -0.000153051 0.001095561 -0.000114759 0.000153048 1.000000000 0.000736087
1.000000000 0.000190568 0.000049043 -0.001141917 -0.000190562 1.000000000 -0.000122023 0.000621028 -0.000049066 0.000122014 1.000000000 -0.000610187
1.000000000 0.000036755 0.000081171 -0.000979712 -0.000036752 1.000000000 -0.000039862 0.000790705 -0.000081173 0.000039859 1.000000000 0.000248526
1.000000000 0.000186627 0.000103211 -0.000914029 -0.000186608 0.999999940 -0.000191724 0.002129008 -0.000103247 0.000191705 1.000000000 0.001600033
1.000000000 0.000115430 0.000058606 -0.000691195 -0.000115424 1.000000000 -0.000102733 0.000955207 -0.000058618 0.000102726 1.000000000 -0.000200207
0.999999940 0.000146672 0.000202068 -0.002057681 -0.000146633 1.000000000 -0.000190404 0.002221675 -0.000202096 0.000190375 0.999999940 0.001918284
0.999999940 0.000352297 0.000177362 -0.002609076 -0.000352265 0.999999940 -0.000182946 0.002322012 -0.000177427 0.000182884 0.999999940 0.002343179
0.999999940 0.000294798 0.000234518 -0.002372953 -0.000294763 0.999999940 -0.000151158 0.002917550 -0.000234563 0.000151089 0.999999940 0.003138356
1.000000000 0.000146971 0.000189924 -0.001553157 -0.000146949 1.000000000 -0.000116153 0.001510364 -0.000189941 0.000116125 1.000000000 0.002387084
0.999999940 0.000144369 0.000225576 -0.002232859 -0.000144368 1.000000000 -0.000004584 0.001143438 -0.000225577 0.000004551 1.000000000 0.001707421
0.999999940 0.000203400 0.000157830 -0.002005565 -0.000203397 1.000000000 -0.000024293 0.001776440 -0.000157835 0.000024261 1.000000000 0.001854358
0.999999940 0.000201191 0.000145564 -0.001744766 -0.000201183 1.000000000 -0.000054567 0.001493104 -0.000145575 0.000054538 1.000000000 0.002023583
1.000000000 0.000175436 0.000089201 -0.001902661 -0.000175430 1.000000000 -0.000069343 0.001513161 -0.000089213 0.000069328 1.000000000 0.001868778
0.999999940 0.000350353 0.000211644 -0.002795800 -0.000350328 0.999999940 -0.000117702 0.002176747 -0.000211686 0.000117628 1.000000000 0.002439134
0.999999881 0.000370958 0.000243062 -0.002461543 -0.000370926 0.999999940 -0.000131004 0.001724557 -0.000243110 0.000130914 0.999999940 0.002074234
0.999999940 0.000200569 0.000224725 -0.001457971 -0.000200542 1.000000000 -0.000119911 0.002833381 -0.000224749 0.000119866 0.999999940 0.003885115
0.999999940 0.000262758 0.000237986 -0.002595743 -0.000262747 0.999999940 -0.000045352 0.001701278 -0.000237998 0.000045289 1.000000000 0.002400159
1.000000000 0.000180435 0.000135990 -0.001530715 -0.000180420 1.000000000 -0.000108123 0.002448417 -0.000136009 0.000108099 1.000000000 0.002360182
1.000000000 0.000067334 0.000139057 -0.001823289 -0.000067324 1.000000000 -0.000073591 0.001618182 -0.000139062 0.000073581 1.000000000 0.002026921
0.999999940 0.000171197 0.000200259 -0.001693095 -0.000171181 1.000000000 -0.000083770 0.001386535 -0.000200274 0.000083735 1.000000000 0.002042894
0.999999940 0.000186739 0.000182755 -0.001468787 -0.000186712 1.000000000 -0.000145156 0.002199258 -0.000182782 0.000145122 1.000000000 0.002989243
0.999999940 0.000272465 0.000209159 -0.001726616 -0.000272437 0.999999940 -0.000136237 0.002466517 -0.000209196 0.000136180 0.999999940 0.002789722
0.999999940 0.000313454 0.000266272 -0.002336644 -0.000313446 0.999999940 -0.000032740 0.001271707 -0.000266282 0.000032656 0.999999940 0.001691325
0.999999940 0.000320717 0.000205858 -0.002649218 -0.000320687 0.999999940 -0.000146795 0.001628260 -0.000205905 0.000146729 0.999999940 0.002208133
0.999999940 0.000290778 0.000226189 -0.001689726 -0.000290733 0.999999940 -0.000199668 0.002197342 -0.000226247 0.000199603 0.999999940 0.001803045
1.000000000 0.000141266 0.000193904 -0.001861914 -0.000141238 1.000000000 -0.000142798 0.001758768 -0.000193925 0.000142770 1.000000000 0.002376281
1.000000000 0.000161982 0.000163459 -0.001915933 -0.000161965 1.000000000 -0.000105920 0.003099005 -0.000163476 0.000105894 1.000000000 0.003471956
0.999999940 0.000259025 0.000221743 -0.002156735 -0.000258999 0.999999940 -0.000120138 0.002459640 -0.000221774 0.000120080 0.999999940 0.002673786
0.999999940 0.000342773 0.000158655 -0.001170089 -0.000342760 0.999999940 -0.000086758 0.002933910 -0.000158684 0.000086703 1.000000000 0.002764031
0.999999940 0.000271204 0.000180039 -0.001621275 -0.000271180 0.999999940 -0.000131997 0.001642190 -0.000180075 0.000131948 1.000000000 0.003385139
0.999999702 0.000573165 0.000446270 -0.003801889 -0.000573025 0.999999762 -0.000313740 -0.003054726 -0.000446450 0.000313485 0.999999881 0.050510805
0.999999762 0.000520202 0.000391305 -0.001387619 -0.000519880 0.999999523 -0.000820740 -0.005087405 -0.000391732 0.000820536 0.999999642 0.140861481
0.999999464 0.000814894 0.000514834 -0.002512593 -0.000814314 0.999999046 -0.001126526 -0.008221272 -0.000515751 0.001126107 0.999999166 0.254374146
0.999999642 0.000677398 0.000465035 0.001562031 -0.000676924 0.999999285 -0.001017858 -0.011788849 -0.000465725 0.001017543 0.999999344 0.386192083
0.999999702 0.000675297 0.000387795 0.003395859 -0.000674982 0.999999523 -0.000812818 -0.015475626 -0.000388344 0.000812556 0.999999642 0.528897464
0.999999642 0.000428538 0.000601712 0.006716553 -0.000428299 0.999999821 -0.000398045 -0.024486501 -0.000601882 0.000397788 0.999999762 0.684479833
0.999999702 0.000156117 0.000579838 0.012540220 -0.000156012 0.999999881 -0.000181502 -0.028281242 -0.000579866 0.000181412 0.999999821 0.846000433
0.999999762 0.000440230 0.000682750 0.012159088 -0.000440164 0.999999881 -0.000096833 -0.032243535 -0.000682792 0.000096533 0.999999762 1.020491123
0.999999523 0.000647118 0.000701925 0.016910153 -0.000647121 0.999999702 0.000004939 -0.036213800 -0.000701921 -0.000005393 0.999999762 1.199022055
0.999999464 0.000731425 0.000712460 0.020286992 -0.000731685 0.999999642 0.000365492 -0.042371895 -0.000712192 -0.000366013 0.999999702 1.381770372
0.999999523 0.000765659 0.000599596 0.023040358 -0.000765860 0.999999642 0.000335077 -0.047032200 -0.000599339 -0.000335537 0.999999762 1.573482513
0.999999642 0.000368566 0.000762671 0.028934790 -0.000368897 0.999999762 0.000434226 -0.053164810 -0.000762511 -0.000434507 0.999999642 1.772304535
0.999999464 0.000541107 0.000856109 0.028878862 -0.000541660 0.999999642 0.000646526 -0.060036432 -0.000855759 -0.000646989 0.999999404 1.971569657
0.999999642 0.000196112 0.000767018 0.036586225 -0.000196744 0.999999642 0.000824743 -0.068974130 -0.000766855 -0.000824894 0.999999285 2.181812048
0.999999523 0.000375793 0.000895901 0.040489722 -0.000376538 0.999999583 0.000831555 -0.071607374 -0.000895588 -0.000831892 0.999999225 2.405819893
0.999999464 0.000560735 0.000877237 0.044722583 -0.000561307 0.999999642 0.000651919 -0.078849629 -0.000876871 -0.000652411 0.999999404 2.626135588
0.999999523 0.000415329 0.000908597 0.050442569 -0.000416119 0.999999464 0.000869829 -0.087381579 -0.000908236 -0.000870207 0.999999166 2.856692314
0.999998987 0.000755016 0.001321400 0.052698690 -0.000756148 0.999999344 0.000856744 -0.091190711 -0.001320752 -0.000857742 0.999998748 3.098743439
0.999999344 0.000658337 0.000919225 0.060082678 -0.000659291 0.999999225 0.001038188 -0.099659950 -0.000918541 -0.001038793 0.999999046 3.335691214
0.999999344 0.000525682 0.001105224 0.062730029 -0.000526865 0.999999285 0.001069866 -0.107252821 -0.001104661 -0.001070448 0.999998808 3.585144043
0.999999046 0.000566781 0.001269864 0.065005489 -0.000568075 0.999999344 0.001018728 -0.113772824 -0.001269286 -0.001019448 0.999998689 3.835511923
0.999999106 0.000616965 0.001181591 0.074035972 -0.000618204 0.999999285 0.001048039 -0.118492857 -0.001180943 -0.001048768 0.999998748 4.100976944
0.999999166 0.000462890 0.001255498 0.081699446 -0.000464303 0.999999344 0.001126001 -0.123773590 -0.001254976 -0.001126583 0.999998569 4.356182098
0.999998271 0.000726463 0.001750933 0.079779923 -0.000728408 0.999999166 0.001110537 -0.129403532 -0.001750125 -0.001111810 0.999997914 4.620612144
0.999998689 0.000918155 0.001312530 0.089394920 -0.000919588 0.999998987 0.001091245 -0.136364549 -0.001311527 -0.001092450 0.999998569 4.877351761
0.999997973 0.001468291 0.001341079 0.094372854 -0.001470017 0.999998093 0.001286697 -0.144503325 -0.001339187 -0.001288666 0.999998331 5.137803555
0.999998152 0.001027668 0.001634253 0.095819280 -0.001029589 0.999998808 0.001175139 -0.151868880 -0.001633044 -0.001176820 0.999997973 5.398106575
0.999997914 0.001096693 0.001734441 0.099329330 -0.001098822 0.999998569 0.001226736 -0.159208015 -0.001733093 -0.001228639 0.999997735 5.661866665
0.999998212 0.000908722 0.001643292 0.103028543 -0.000910962 0.999998629 0.001363411 -0.167705655 -0.001642051 -0.001364906 0.999997735 5.931324482
0.999997258 0.001270141 0.001954050 0.105316006 -0.001272847 0.999998212 0.001384518 -0.176695719 -0.001952288 -0.001387001 0.999997139 6.213773727
0.999997854 0.000989050 0.001804724 0.119612627 -0.000991216 0.999998808 0.001199111 -0.179621845 -0.001803536 -0.001200897 0.999997675 6.500827789
0.999998569 0.000825976 0.001449049 0.120814346 -0.000828284 0.999998450 0.001592986 -0.191062719 -0.001447731 -0.001594183 0.999997735 6.783261299
0.999997616 0.001253990 0.001757785 0.133407414 -0.001255984 0.999998689 0.001133790 -0.195977837 -0.001756361 -0.001135996 0.999997795 7.088539600
0.999997914 0.001240148 0.001571941 0.141345128 -0.001242349 0.999998271 0.001400086 -0.207738772 -0.001570202 -0.001402036 0.999997795 7.388708115
0.999997854 0.001037047 0.001766991 0.144470438 -0.001039274 0.999998689 0.001259749 -0.218202949 -0.001765682 -0.001261583 0.999997675 7.689663410
0.999997973 0.001042852 0.001692499 0.154677227 -0.001044902 0.999998689 0.001210332 -0.225195706 -0.001691235 -0.001212099 0.999997854 8.015675545
0.999996722 0.001548041 0.002036016 0.156512916 -0.001550473 0.999998093 0.001193299 -0.232954621 -0.002034165 -0.001196452 0.999997318 8.336155891
0.999997735 0.001222742 0.001773591 0.167654231 -0.001224940 0.999998510 0.001238695 -0.243657425 -0.001772074 -0.001240865 0.999997675 8.655742645
0.999996841 0.001291127 0.002130947 0.174247563 -0.001294000 0.999998212 0.001347378 -0.251041263 -0.002129202 -0.001350131 0.999996841 8.988068581
0.999996603 0.001705144 0.002004179 0.180966586 -0.001707805 0.999997616 0.001326948 -0.263427705 -0.002001911 -0.001330366 0.999997139 9.324978828
0.999996126 0.001918670 0.002002275 0.187856808 -0.001921515 0.999997139 0.001419783 -0.274357200 -0.001999546 -0.001423625 0.999996960 9.666588783
0.999996066 0.001807783 0.002138678 0.195530459 -0.001811438 0.999996901 0.001708487 -0.284650266 -0.002135583 -0.001712355 0.999996245 10.017651558
0.999995828 0.002170981 0.001919036 0.201754734 -0.002173869 0.999996424 0.001503793 -0.295003146 -0.001915764 -0.001507958 0.999997020 10.380571365
0.999996483 0.001922795 0.001824330 0.213019982 -0.001925349 0.999997079 0.001399230 -0.304840237 -0.001821635 -0.001402737 0.999997377 10.734554291
0.999997139 0.001765825 0.001628797 0.221168086 -0.001767955 0.999997556 0.001307239 -0.311953485 -0.001626484 -0.001310115 0.999997795 11.104814529
0.999997616 0.001449447 0.001609325 0.233372912 -0.001452026 0.999997675 0.001602323 -0.325527132 -0.001606999 -0.001604657 0.999997437 11.471018791
0.999996781 0.001785030 0.001770217 0.240115300 -0.001787927 0.999997079 0.001636642 -0.333915323 -0.001767290 -0.001639802 0.999997079 11.852868080
0.999996960 0.001668849 0.001785242 0.244744658 -0.001672108 0.999996960 0.001825755 -0.347395480 -0.001782190 -0.001828735 0.999996662 12.238813400
0.999996722 0.001502740 0.002038351 0.255790919 -0.001507496 0.999996126 0.002333798 -0.365289450 -0.002034836 -0.002336864 0.999995172 12.622414589
0.999994755 0.001950108 0.002552013 0.257529229 -0.001955598 0.999995768 0.002150661 -0.370029151 -0.002547808 -0.002155641 0.999994457 13.026799202
0.999997258 0.001037293 0.002078702 0.277779162 -0.001042248 0.999996662 0.002384261 -0.383887142 -0.002076222 -0.002386421 0.999995053 13.424869537
0.999994278 0.001987970 0.002711790 0.277387619 -0.001994146 0.999995410 0.002276542 -0.394594282 -0.002707251 -0.002281937 0.999993742 13.837739944
0.999990046 0.002806734 0.003481782 0.278054833 -0.002815363 0.999992967 0.002475813 -0.403991044 -0.003474808 -0.002485591 0.999990880 14.254808426
0.999989450 0.002558589 0.003794199 0.291272223 -0.002567584 0.999993920 0.002367715 -0.417381138 -0.003788118 -0.002377433 0.999989986 14.667872429
0.999990046 0.002410397 0.003735909 0.300087869 -0.002419938 0.999993742 0.002551335 -0.431651175 -0.003729735 -0.002560350 0.999989688 15.092699051
0.999989927 0.002470994 0.003726249 0.316063285 -0.002481234 0.999993086 0.002745640 -0.446874112 -0.003719438 -0.002754858 0.999989271 15.523052216
0.999987066 0.002791153 0.004249895 0.325115412 -0.002801499 0.999993026 0.002430546 -0.456997812 -0.004243082 -0.002442420 0.999988019 15.963438034
0.999984145 0.003057295 0.004727777 0.330934823 -0.003068773 0.999992371 0.002422447 -0.465604395 -0.004720335 -0.002436917 0.999985814 16.400880814
0.999980867 0.003275246 0.005262077 0.337862641 -0.003287680 0.999991894 0.002355956 -0.476897657 -0.005254318 -0.002373211 0.999983311 16.846326828
0.999981582 0.003117212 0.005202250 0.354415625 -0.003131412 0.999991417 0.002723765 -0.492820650 -0.005193714 -0.002740005 0.999982715 17.285312653
0.999980092 0.003274487 0.005381208 0.365887761 -0.003290643 0.999990165 0.002996192 -0.506418824 -0.005371344 -0.003013840 0.999980986 17.749118805
0.999979794 0.002902609 0.005655955 0.381205291 -0.002916815 0.999992609 0.002505108 -0.512030840 -0.005648641 -0.002521555 0.999980807 18.210769653
0.999979317 0.002584744 0.005873316 0.394371629 -0.002599322 0.999993563 0.002475847 -0.520537734 -0.005866880 -0.002491062 0.999979675 18.681009293
0.999980569 0.002373033 0.005759850 0.410519570 -0.002388886 0.999993324 0.002747114 -0.538512766 -0.005753292 -0.002760820 0.999979615 19.168992996
0.999974430 0.003234125 0.006369150 0.418345869 -0.003250709 0.999991357 0.002595097 -0.554187238 -0.006360701 -0.002615735 0.999976337 19.646694183
0.999973416 0.003753138 0.006261139 0.425882339 -0.003773844 0.999987423 0.003298543 -0.570924222 -0.006248680 -0.003322084 0.999974966 20.134588242
0.999973655 0.003320475 0.006457111 0.442099154 -0.003338221 0.999990702 0.002739388 -0.580752134 -0.006447955 -0.002760872 0.999975383 20.635681152
0.999977112 0.003146893 0.006005509 0.455762714 -0.003166219 0.999989867 0.003211199 -0.597403526 -0.005995342 -0.003230140 0.999976754 21.129562378
0.999978423 0.002984760 0.005847981 0.466679007 -0.003000591 0.999991775 0.002700148 -0.602494836 -0.005839874 -0.002717637 0.999979258 21.676147461
0.999979436 0.003168964 0.005578665 0.475880980 -0.003183328 0.999991655 0.002567825 -0.616070569 -0.005570481 -0.002585531 0.999981165 22.193965912
0.999983132 0.002878169 0.005043218 0.491101980 -0.002890704 0.999992847 0.002479982 -0.628588080 -0.005036044 -0.002494519 0.999984264 22.712118149
0.999984145 0.003050909 0.004738548 0.493596494 -0.003063894 0.999991477 0.002735340 -0.644826353 -0.004730163 -0.002749815 0.999985039 23.218210220
0.999989867 0.002627132 0.003634444 0.509288430 -0.002639262 0.999990940 0.003336573 -0.664064348 -0.003625645 -0.003346132 0.999987841 23.742280960
0.999993920 0.001342488 0.003212667 0.515725732 -0.001352534 0.999994159 0.003126928 -0.682459712 -0.003208450 -0.003131254 0.999989986 24.265832901
0.999992609 0.002324085 0.003062832 0.526173472 -0.002333489 0.999992490 0.003070354 -0.692664564 -0.003055674 -0.003077478 0.999990523 24.778066635
0.999994338 0.002483733 0.002273171 0.536736250 -0.002491504 0.999991059 0.003421780 -0.707802951 -0.002264652 -0.003427424 0.999991477 25.318183899
0.999993563 0.003102053 0.001790016 0.545361698 -0.003108235 0.999989092 0.003461084 -0.721197248 -0.001779261 -0.003466626 0.999992371 25.859836578
0.999994040 0.003119142 0.001491392 0.555269182 -0.003124150 0.999989569 0.003367716 -0.737128854 -0.001480872 -0.003372356 0.999993205 26.410739899
0.999995172 0.002819981 0.001241669 0.567871809 -0.002824609 0.999989033 0.003741759 -0.746170878 -0.001231104 -0.003745249 0.999992192 26.974010468
0.999995649 0.002872427 0.000593133 0.581473589 -0.002874747 0.999988019 0.003946897 -0.767737210 -0.000581789 -0.003948584 0.999992013 27.522720337
0.999994218 0.003323307 0.000673212 0.590333581 -0.003326112 0.999985635 0.004210204 -0.782705665 -0.000659210 -0.004212420 0.999990880 28.084302902
0.999992549 0.003821613 0.000440710 0.598143339 -0.003823344 0.999984741 0.003994766 -0.793980241 -0.000425437 -0.003996421 0.999991953 28.637317657
0.999991894 0.004017198 0.000334162 0.605459571 -0.004018527 0.999983549 0.004074363 -0.809108138 -0.000317789 -0.004075672 0.999991596 29.193939209
0.999993324 0.003653805 -0.000048654 0.614573658 -0.003653591 0.999985874 0.003841466 -0.819885612 0.000062689 -0.003841263 0.999992549 29.744268417
0.999992073 0.003955573 -0.000236136 0.621618211 -0.003954566 0.999983728 0.004118262 -0.833705544 0.000252422 -0.004117296 0.999991477 30.294954300
0.999992490 0.003788266 -0.000847781 0.636750698 -0.003784847 0.999984860 0.003999930 -0.846845925 0.000862921 -0.003996691 0.999991655 30.846748352
0.999991894 0.003904952 -0.000895379 0.650618970 -0.003901545 0.999985278 0.003777181 -0.856958926 0.000910115 -0.003773657 0.999992490 31.393730164
0.999989331 0.004458855 -0.001189659 0.659375668 -0.004453847 0.999981344 0.004179314 -0.872433305 0.001208272 -0.004173970 0.999990642 31.940954208
0.999989808 0.004208170 -0.001610602 0.676091194 -0.004201996 0.999984026 0.003817510 -0.883398354 0.001626641 -0.003810704 0.999991417 32.499355316
0.999987900 0.004367318 -0.002255484 0.678456187 -0.004358083 0.999982238 0.004083597 -0.906494617 0.002273278 -0.004073718 0.999989152 33.039371490
0.999990225 0.003994020 -0.001899004 0.691967368 -0.003986022 0.999983251 0.004196453 -0.916460693 0.001915732 -0.004188843 0.999989390 33.600345612
0.999988556 0.004233059 -0.002190302 0.704979181 -0.004224124 0.999982774 0.004068401 -0.928524554 0.002207487 -0.004059103 0.999989331 34.152568817
0.999988079 0.004147837 -0.002576206 0.711939335 -0.004137451 0.999983370 0.004023927 -0.939994514 0.002592854 -0.004013220 0.999988556 34.697059631
0.999986947 0.004326934 -0.002700130 0.720917106 -0.004316831 0.999983728 0.003736332 -0.955936730 0.002716252 -0.003724627 0.999989331 35.233871460
0.999987662 0.004006879 -0.002926066 0.732414126 -0.003995435 0.999984384 0.003906310 -0.965997636 0.002941672 -0.003894572 0.999988019 35.786441803
0.999987662 0.004051360 -0.002881619 0.748395562 -0.004039465 0.999983370 0.004121512 -0.976464033 0.002898268 -0.004109821 0.999987304 36.356674194
0.999987781 0.003906501 -0.003075425 0.757140756 -0.003894981 0.999985397 0.003742999 -0.993344903 0.003090003 -0.003730974 0.999988258 36.905628204
0.999986053 0.004093043 -0.003331807 0.764928281 -0.004081120 0.999985278 0.003577719 -1.003829718 0.003346400 -0.003564071 0.999988079 37.453784943
0.999985099 0.004304003 -0.003340761 0.773079216 -0.004292669 0.999985099 0.003392231 -1.015717506 0.003355311 -0.003377840 0.999988735 38.008914948
0.999984801 0.003572195 -0.004199312 0.790445924 -0.003558071 0.999988019 0.003366123 -1.031086922 0.004211287 -0.003351131 0.999985516 38.561092377
0.999983788 0.003953996 -0.004094281 0.800226986 -0.003944178 0.999989331 0.002403035 -1.022062302 0.004103739 -0.002386848 0.999988735 39.150074005
0.999984384 0.003747031 -0.004125375 0.799496353 -0.003734734 0.999988556 0.002984725 -1.048333526 0.004136513 -0.002969272 0.999987066 39.677589417
0.999983251 0.004003938 -0.004180464 0.807218850 -0.003992639 0.999988377 0.002707522 -1.059378624 0.004191257 -0.002690785 0.999987602 40.228538513
0.999982536 0.003936890 -0.004402272 0.820447266 -0.003925371 0.999988854 0.002622009 -1.072525620 0.004412545 -0.002604683 0.999986887 40.782535553
0.999983132 0.004023199 -0.004187116 0.829619527 -0.004013286 0.999989092 0.002373273 -1.082618594 0.004196619 -0.002356428 0.999988437 41.337612152
0.999985039 0.004006896 -0.003706199 0.832527876 -0.003997434 0.999988735 0.002556565 -1.094744325 0.003716401 -0.002541712 0.999989867 41.889778137
0.999982655 0.004613116 -0.003645173 0.836615682 -0.004604846 0.999986827 0.002273900 -1.100482345 0.003655615 -0.002257075 0.999990761 42.446136475
0.999983251 0.004667699 -0.003415671 0.835029006 -0.004659769 0.999986470 0.002326323 -1.121178031 0.003426483 -0.002310368 0.999991417 42.978725433
0.999982536 0.005252292 -0.002696261 0.853464484 -0.005245969 0.999983430 0.002346803 -1.133448005 0.002708542 -0.002332618 0.999993622 43.504100800
0.999979615 0.005528991 -0.003196564 0.869735837 -0.005523996 0.999983490 0.001568975 -1.147569299 0.003205186 -0.001551286 0.999993682 44.055427551
0.999981701 0.005151519 -0.003178299 0.882960618 -0.005144610 0.999984384 0.002178149 -1.160520554 0.003189470 -0.002161757 0.999992490 44.585155487
0.999982119 0.005077724 -0.003133202 0.892093837 -0.005070048 0.999984264 0.002452433 -1.179615021 0.003145604 -0.002436504 0.999992013 45.124164581
0.999983549 0.004916530 -0.002963661 0.900137424 -0.004910260 0.999985695 0.002119712 -1.193091154 0.002974041 -0.002105124 0.999993384 45.680953979
0.999982476 0.005190499 -0.002853944 0.909936666 -0.005184674 0.999984384 0.002044707 -1.203918457 0.002864514 -0.002029874 0.999993861 46.225116730
0.999983072 0.005210249 -0.002581787 0.913896382 -0.005205592 0.999984801 0.001808061 -1.218180418 0.002591169 -0.001794591 0.999995053 46.768688202
0.999979794 0.005356954 -0.003430289 0.928000391 -0.005349900 0.999983549 0.002062055 -1.232785463 0.003441280 -0.002043661 0.999992013 47.302089691
0.999981761 0.004984570 -0.003408571 0.935242772 -0.004977298 0.999985456 0.002138319 -1.244924903 0.003419181 -0.002121314 0.999991894 47.861759186
0.999979377 0.005088790 -0.003923612 0.947155476 -0.005082429 0.999985695 0.001630000 -1.259189010 0.003931850 -0.001610025 0.999991000 48.403343201
0.999982953 0.004844271 -0.003252112 0.952325225 -0.004839156 0.999987066 0.001578520 -1.271217585 0.003259717 -0.001562755 0.999993443 48.951538086
0.999979019 0.005558741 -0.003327586 0.959981143 -0.005552013 0.999982536 0.002027956 -1.291053295 0.003338801 -0.002009439 0.999992430 49.485404968
0.999977052 0.006179656 -0.002769410 0.971900403 -0.006174418 0.999979138 0.001895203 -1.303460479 0.002781065 -0.001878060 0.999994397 50.022819519
0.999974966 0.006588237 -0.002582371 0.974443436 -0.006584187 0.999977112 0.001573750 -1.315750003 0.002592680 -0.001556707 0.999995410 50.551258087
0.999974966 0.006758287 -0.002085802 0.980655611 -0.006754907 0.999975860 0.001623644 -1.336567044 0.002096725 -0.001609514 0.999996483 51.075351715
0.999975801 0.006494952 -0.002459062 1.001249433 -0.006490614 0.999977469 0.001768880 -1.351073861 0.002470494 -0.001752877 0.999995410 51.611995697
0.999975741 0.006477870 -0.002552261 1.003298521 -0.006472071 0.999976456 0.002274672 -1.368369699 0.002566937 -0.002258099 0.999994159 52.154731750
0.999973118 0.007026666 -0.002065710 1.010292530 -0.007022687 0.999973476 0.001927664 -1.386517167 0.002079201 -0.001913105 0.999996006 52.687522888
0.999976277 0.006551039 -0.002105629 1.016967535 -0.006546743 0.999976516 0.002040693 -1.399870157 0.002118947 -0.002026860 0.999995708 53.233772278
0.999975502 0.006681102 -0.002072928 1.021684527 -0.006677478 0.999976158 0.001751111 -1.417645454 0.002084577 -0.001737226 0.999996305 53.768909454
0.999973476 0.007078939 -0.001712382 1.024706721 -0.007075872 0.999973357 0.001789522 -1.444039941 0.001725004 -0.001777357 0.999996960 54.274795532
0.999972403 0.007255267 -0.001552752 1.031646490 -0.007252538 0.999972165 0.001756639 -1.458095670 0.001565454 -0.001745329 0.999997199 54.824802399
0.999973476 0.007153681 -0.001364100 1.039781213 -0.007150718 0.999972105 0.002163340 -1.473605752 0.001379538 -0.002153528 0.999996722 55.383731842
0.999970257 0.007659477 -0.001053039 1.050224781 -0.007657948 0.999969602 0.001449173 -1.494619131 0.001064107 -0.001441066 0.999998391 55.893089294
0.999969244 0.007747852 -0.001196883 1.062640429 -0.007746154 0.999968946 0.001416219 -1.538668513 0.001207818 -0.001406904 0.999998212 56.363582611
0.999985874 0.001846598 -0.004984810 1.093596935 -0.001830349 0.999992967 0.003262361 -1.435946345 0.004990799 -0.003253190 0.999982238 57.586395264
0.999978065 0.006218158 -0.002281294 1.098381042 -0.006213476 0.999978602 0.002052803 -1.501605868 0.002294010 -0.002038583 0.999995232 57.841983795
0.999972820 0.007248600 -0.001315558 1.100759029 -0.007246896 0.999972999 0.001295857 -1.519220710 0.001324915 -0.001286288 0.999998271 58.302719116
0.999969184 0.007768448 -0.001054213 1.109495282 -0.007767475 0.999969423 0.000923809 -1.535593271 0.001061358 -0.000915592 0.999999046 58.791816711
0.999967933 0.007965106 -0.000821287 1.114489555 -0.007964098 0.999967515 0.001222432 -1.551264405 0.000830998 -0.001215852 0.999998927 59.298576355
0.999968350 0.007932342 -0.000499293 1.124707341 -0.007931791 0.999967933 0.001096901 -1.570221901 0.000507977 -0.001092907 0.999999285 59.826175690
0.999963462 0.008540484 -0.000249434 1.135035157 -0.008540229 0.999962986 0.001006702 -1.583686352 0.000258023 -0.001004535 0.999999404 60.369186401
0.999963462 0.008542808 -0.000385239 1.144874930 -0.008542221 0.999962389 0.001494682 -1.597632647 0.000397993 -0.001491336 0.999998808 60.918567657
0.999961376 0.008759679 0.000678079 1.152690649 -0.008760430 0.999961019 0.001115528 -1.610416293 -0.000668281 -0.001121426 0.999999106 61.464771271
0.999957502 0.009127149 0.001320493 1.162766457 -0.009128845 0.999957502 0.001282788 -1.623194098 -0.001308728 -0.001294788 0.999998331 62.013099670
0.999954402 0.009395786 0.001721560 1.168839455 -0.009398093 0.999954939 0.001338685 -1.643463492 -0.001708904 -0.001354803 0.999997616 62.543266296
0.999953568 0.009473582 0.001773290 1.182643294 -0.009475584 0.999954402 0.001124649 -1.655333042 -0.001762555 -0.001141400 0.999997795 63.096725464
0.999947250 0.010084429 0.001932211 1.192004323 -0.010087118 0.999948084 0.001386340 -1.669453263 -0.001918130 -0.001405758 0.999997139 63.638362885
0.999947786 0.010006144 0.002054910 1.204452753 -0.010008013 0.999949515 0.000900038 -1.683906317 -0.002045800 -0.000920557 0.999997437 64.181732178
0.999945819 0.010100708 0.002490858 1.212651134 -0.010102802 0.999948621 0.000829249 -1.699775934 -0.002482354 -0.000854368 0.999996483 64.717979431
0.999939024 0.010659841 0.002854866 1.220428109 -0.010662745 0.999942660 0.001003755 -1.716613770 -0.002844003 -0.001034134 0.999995351 65.257057190
0.999944031 0.010211097 0.002761758 1.237892509 -0.010213282 0.999947488 0.000777591 -1.731641173 -0.002753673 -0.000805754 0.999995828 65.795814514
0.999948621 0.009805236 0.002573034 1.253247023 -0.009807216 0.999951601 0.000757764 -1.745814085 -0.002565480 -0.000782959 0.999996364 66.336883545
0.999943852 0.010195193 0.002880327 1.259349942 -0.010196130 0.999947965 0.000310548 -1.756943226 -0.002877011 -0.000339899 0.999995768 66.875320435
0.999948740 0.009914969 0.002040567 1.280050755 -0.009915160 0.999950826 0.000083087 -1.765780687 -0.002039643 -0.000103315 0.999997854 67.454597473
0.999945104 0.010099510 0.002789816 1.292402625 -0.010099937 0.999948978 0.000138958 -1.787650943 -0.002788270 -0.000167127 0.999996126 67.967857361
0.999942839 0.010288809 0.002880951 1.305481911 -0.010288559 0.999947011 -0.000101163 -1.803051949 -0.002881839 0.000071516 0.999995828 68.510223389
0.999944448 0.010138686 0.002879445 1.319512606 -0.010138465 0.999948561 -0.000091552 -1.818286538 -0.002880225 0.000062354 0.999995828 69.061660767
0.999945283 0.010140672 0.002565551 1.329188108 -0.010140266 0.999948502 -0.000171514 -1.832021236 -0.002567158 0.000145489 0.999996722 69.610343933
0.999948382 0.009921929 0.002178279 1.350120664 -0.009920388 0.999950528 -0.000715824 -1.845600486 -0.002185273 0.000694177 0.999997377 70.155418396
0.999947369 0.009905692 0.002680499 1.358736873 -0.009903519 0.999950647 -0.000822629 -1.860381365 -0.002688515 0.000796039 0.999996066 70.708953857
0.999953151 0.009357228 0.002489545 1.378922820 -0.009355665 0.999956012 -0.000637952 -1.882139444 -0.002495405 0.000614631 0.999996722 71.251762390
0.999958754 0.008876694 0.001933170 1.395135999 -0.008874930 0.999960124 -0.000919676 -1.894517660 -0.001941256 0.000902482 0.999997735 71.801139832
0.999966860 0.007957103 0.001718424 1.411451936 -0.007955305 0.999967813 -0.001049997 -1.907830358 -0.001726724 0.001036292 0.999997914 72.349594116
0.999963701 0.008380153 0.001545415 1.420453072 -0.008378321 0.999964118 -0.001186252 -1.926036716 -0.001555300 0.001173261 0.999998093 72.899162292
0.999968112 0.007852744 0.001452883 1.436490059 -0.007850613 0.999968052 -0.001466495 -1.939463735 -0.001464353 0.001455043 0.999997854 73.442237854
0.999965906 0.008088613 0.001670537 1.446823359 -0.008086268 0.999966323 -0.001406021 -1.956506729 -0.001681854 0.001392465 0.999997556 73.988983154
0.999961674 0.008528762 0.001992049 1.457011700 -0.008524988 0.999961793 -0.001894997 -1.970795393 -0.002008135 0.001877942 0.999996245 74.535995483
0.999963939 0.008326069 0.001661254 1.473762512 -0.008323547 0.999964178 -0.001519190 -1.987436771 -0.001673843 0.001505307 0.999997437 75.080543518
0.999961555 0.008542845 0.001940512 1.482239008 -0.008539516 0.999962091 -0.001716513 -2.003262997 -0.001955101 0.001699875 0.999996662 75.635398865
0.999965489 0.008173511 0.001479198 1.497373343 -0.008171085 0.999965250 -0.001638675 -2.022215366 -0.001492540 0.001626532 0.999997556 76.175804138
0.999964058 0.008366625 0.001354463 1.505909324 -0.008364064 0.999963164 -0.001884730 -2.037638903 -0.001370183 0.001873333 0.999997318 76.721115112
0.999963582 0.008410577 0.001402421 1.518617988 -0.008407429 0.999962091 -0.002234445 -2.057126999 -0.001421160 0.002222572 0.999996543 77.265380859
0.999963999 0.008356758 0.001413318 1.526568055 -0.008353824 0.999962986 -0.002070731 -2.073055267 -0.001430571 0.002058850 0.999996841 77.812934875
0.999960303 0.008792860 0.001405232 1.532856464 -0.008790605 0.999960065 -0.001601801 -2.092308521 -0.001419260 0.001589385 0.999997735 78.348739624
0.999962628 0.008452484 0.001830686 1.543607593 -0.008448971 0.999962389 -0.001918168 -2.111885786 -0.001846831 0.001902629 0.999996483 78.876846313
0.999954879 0.009196763 0.002349635 1.550333500 -0.009191962 0.999955654 -0.002046290 -2.128651381 -0.002368350 0.002024600 0.999995172 79.414367676
0.999958873 0.008840444 0.002026079 1.563512564 -0.008836688 0.999959230 -0.001855472 -2.148565531 -0.002042399 0.001837491 0.999996185 79.952201843
0.999958694 0.008867364 0.001964301 1.580037594 -0.008863980 0.999959230 -0.001724680 -2.171086311 -0.001979514 0.001707197 0.999996603 80.480819702
0.999956369 0.008801605 0.003135983 1.588711500 -0.008794529 0.999958754 -0.002262813 -2.180211067 -0.003155770 0.002235134 0.999992549 81.038558960
0.999953806 0.008409156 0.004641232 1.603538752 -0.008398344 0.999961972 -0.002344797 -2.195777893 -0.004660773 0.002305710 0.999986470 81.587776184
0.999924839 0.010495136 0.006341679 1.642644525 -0.010501208 0.999944389 0.000925054 -2.335007191 -0.006331618 -0.000991579 0.999979436 81.777984619
0.999999046 0.000566915 0.001271494 1.685617805 -0.000558029 0.999975443 -0.006977140 -2.051452637 -0.001275418 0.006976424 0.999974847 83.225196838
0.999944508 0.006469941 0.008311819 1.678719997 -0.006433310 0.999969482 -0.004426274 -2.183890104 -0.008340204 0.004372556 0.999955595 83.425567627
0.999875247 0.008359524 0.013403228 1.685651064 -0.008320081 0.999960840 -0.002996076 -2.233307362 -0.013427751 0.002884186 0.999905705 83.843666077
0.999816537 0.008377852 0.017222853 1.704762697 -0.008321852 0.999959886 -0.003320519 -2.254599571 -0.017249981 0.003176585 0.999846101 84.358779907
0.999738932 0.008354277 0.021264778 1.728245497 -0.008281361 0.999959528 -0.003514647 -2.269761324 -0.021293277 0.003337628 0.999767661 84.908203125
0.999593794 0.008316962 0.027258005 1.760480404 -0.008228107 0.999960482 -0.003370403 -2.284942627 -0.027284957 0.003144752 0.999622703 85.453018188
0.999392688 0.009150148 0.033623058 1.790298462 -0.009042973 0.999953508 -0.003338246 -2.307980061 -0.033652045 0.003032166 0.999428988 85.970985413
0.999146760 0.008991216 0.040309597 1.820595026 -0.008862142 0.999954998 -0.003379578 -2.325503588 -0.040338162 0.003019465 0.999181509 86.505821228
0.998789489 0.008948470 0.048366480 1.864963770 -0.008789507 0.999955237 -0.003498346 -2.340948343 -0.048395619 0.003068994 0.998823524 87.057746887
0.998352110 0.008148457 0.056803465 1.914415598 -0.007907229 0.999958754 -0.004470195 -2.354542494 -0.056837551 0.004013670 0.998375297 87.586364746
0.997928798 0.008133120 0.063811764 1.964202166 -0.007851555 0.999958336 -0.004661961 -2.367197037 -0.063847020 0.004151284 0.997951090 88.132476807
0.997275531 0.008513053 0.073273137 2.016406536 -0.008185485 0.999955118 -0.004769601 -2.383165359 -0.073310427 0.004156830 0.997300506 88.669212341
0.996516585 0.007461184 0.083060123 2.091352463 -0.007044896 0.999961257 -0.005303836 -2.400107145 -0.083096482 0.004700211 0.996530414 89.190238953
0.995678365 0.007673688 0.092550620 2.150388718 -0.007169829 0.999957621 -0.005775425 -2.408632517 -0.092591017 0.005086893 0.995691180 89.730201721
0.994918525 0.007503978 0.100403488 2.213651657 -0.006918274 0.999957085 -0.006180419 -2.424590826 -0.100445546 0.005454394 0.994927585 90.259078979
0.993840873 0.007463226 0.110565126 2.296447754 -0.006811728 0.999957144 -0.006268992 -2.439500332 -0.110607170 0.005477241 0.993849039 90.779556274
0.992535949 0.007554160 0.121718377 2.377175331 -0.006858127 0.999957681 -0.006136324 -2.461047888 -0.121759564 0.005255762 0.992545724 91.305099487
0.991464376 0.006333408 0.130223885 2.472443581 -0.005536630 0.999963641 -0.006479663 -2.478193760 -0.130260229 0.005703354 0.991463423 91.830818176
0.989798069 0.006877460 0.142311394 2.565513611 -0.005987931 0.999959767 -0.006677902 -2.492184162 -0.142351598 0.005757624 0.989799440 92.364608765
0.987886786 0.006601261 0.155035809 2.664655685 -0.005568606 0.999959350 -0.007094095 -2.505366325 -0.155076355 0.006144830 0.987883329 92.897186279
0.986211658 0.006188899 0.165373206 2.779666901 -0.005071243 0.999961317 -0.007179773 -2.524439573 -0.165411279 0.006242128 0.986204863 93.447364807
0.984433770 0.005497306 0.175670117 2.902775764 -0.004281168 0.999964178 -0.007301101 -2.538263083 -0.175703958 0.006435376 0.984422028 93.963859558
0.982195437 0.004942190 0.187797129 3.032445908 -0.003667084 0.999967873 -0.007136628 -2.549235344 -0.187826365 0.006320895 0.982181847 94.558921814
0.979700267 0.003837195 0.200431228 3.165129662 -0.002280710 0.999965310 -0.007996004 -2.569440365 -0.200455025 0.007376563 0.979675055 95.013664246
0.977513373 0.003361340 0.210846335 3.295057297 -0.001691310 0.999965668 -0.008100430 -2.590589523 -0.210866332 0.007561674 0.977485597 95.544227600
0.974701762 0.003511060 0.223481730 3.445062637 -0.001824382 0.999968290 -0.007753300 -2.613415241 -0.223501831 0.007149440 0.974677205 96.048667908
0.971646965 0.001967315 0.236428320 3.599657059 0.000028501 0.999964356 -0.008437809 -2.623035908 -0.236436516 0.008205310 0.971612215 96.614303589
0.968905807 0.001706522 0.247424111 3.760238647 0.000413302 0.999963701 -0.008515385 -2.644758940 -0.247429639 0.008352865 0.968869746 97.101264954
0.966122985 0.001152730 0.258079588 3.939405441 0.000941325 0.999967635 -0.007990281 -2.668726921 -0.258080453 0.007962530 0.966090620 97.608451843
0.962554216 0.000948413 0.271087527 4.116703033 0.001115276 0.999971569 -0.007458478 -2.689105988 -0.271086812 0.007481526 0.962525845 98.121902466
0.959014952 -0.000226524 0.283355296 4.295026779 0.002530537 0.999966621 -0.007765184 -2.711067200 -0.283344090 0.008163968 0.958983541 98.640487671
0.955703557 -0.000577899 0.294330388 4.479051590 0.003031422 0.999964297 -0.007879790 -2.729849577 -0.294315338 0.008422984 0.955671191 99.153106689
0.951204002 -0.001185663 0.308560371 4.669349670 0.003825867 0.999961078 -0.007951645 -2.746366978 -0.308539003 0.008744148 0.951171517 99.672149658
0.946560144 -0.001189682 0.322525114 4.873107910 0.003736728 0.999966502 -0.007278176 -2.771566868 -0.322505802 0.008094422 0.946532905 100.181610107
0.942688525 -0.001923391 0.333668441 5.084632874 0.004773936 0.999958754 -0.007723306 -2.784478903 -0.333639890 0.008873584 0.942658901 100.699195862
0.937884569 -0.001967264 0.346941859 5.304538727 0.004813037 0.999961436 -0.007340954 -2.805421829 -0.346913993 0.008554811 0.937857926 101.175544739
0.932555974 -0.000980027 0.361024112 5.512981415 0.003209864 0.999979258 -0.005576835 -2.844258070 -0.361011147 0.006359549 0.932539821 101.709312439
0.927917242 -0.002909994 0.372774929 5.754564285 0.005967979 0.999957383 -0.007049616 -2.848932505 -0.372738510 0.008766173 0.927895010 102.163253784
0.922909439 -0.002469920 0.385009050 5.996877670 0.005208799 0.999967992 -0.006071046 -2.891160488 -0.384981751 0.007608463 0.922892749 102.687416077
0.916925132 -0.002665891 0.399050474 6.244834900 0.005649737 0.999964178 -0.006301432 -2.901441574 -0.399019450 0.008032472 0.916907251 103.187133789
0.911129475 -0.003500770 0.412105173 6.503326416 0.006910524 0.999953032 -0.006784134 -2.910883904 -0.412062138 0.009029088 0.911110997 103.687545776
0.906081438 -0.004260230 0.423081607 6.754211426 0.007438330 0.999955118 -0.005861029 -2.936427116 -0.423037678 0.008457592 0.906072557 104.166542053
0.900242865 -0.004590650 0.435363829 7.013175964 0.007998613 0.999950051 -0.005995614 -2.957079411 -0.435314596 0.008879817 0.900234580 104.670196533
0.893630028 -0.005075064 0.448775679 7.283626556 0.008626167 0.999945641 -0.005868885 -2.970953941 -0.448721468 0.009115825 0.893625140 105.164939880
0.887519896 -0.005508050 0.460736483 7.568408966 0.009268042 0.999939680 -0.005898932 -2.997258186 -0.460676163 0.009505546 0.887517393 105.616279602
0.881923795 -0.006364515 0.471348882 7.849708557 0.010058173 0.999935329 -0.005317591 -3.018524885 -0.471284539 0.009430619 0.881930768 106.088935852
0.873843670 -0.006077908 0.486168951 8.126873016 0.009554275 0.999943554 -0.004671996 -3.044650555 -0.486113071 0.008727587 0.873852372 106.569580078
0.866816700 -0.005896013 0.498592138 8.420318604 0.009395733 0.999945700 -0.004510070 -3.065132618 -0.498538464 0.008594043 0.866825044 107.024253845
0.860346198 -0.006551798 0.509667993 8.734848022 0.010400540 0.999934852 -0.004702462 -3.079498768 -0.509603977 0.009346567 0.860358298 107.506752014
