1.000000000 0.000000000 0.000000000 0.000000000 0.000000000 1.000000000 0.000000000 0.000000000 0.000000000 0.000000000 1.000000000 0.000000000
1.000000000 0.000045796 0.000016563 0.000167952 -0.000045796 1.000000000 -0.000032969 0.000704477 -0.000016565 0.000032968 1.000000000 0.000403641
1.000000000 0.000047326 0.000032646 -0.000063858 -0.000047328 1.000000000 0.000043150 -0.000004998 -0.000032644 -0.000043152 1.000000000 0.000132095
1.000000000 -0.000166175 0.000045140 0.000081503 0.000166175 1.000000000 -0.000013694 0.000558031 -0.000045138 0.000013702 1.000000000 0.000321167
1.000000000 -0.000072961 0.000043307 -0.000125417 0.000072959 1.000000000 0.000046140 -0.000198868 -0.000043311 -0.000046137 1.000000000 -0.000303978
1.000000000 -0.000016154 0.000133757 -0.000649898 0.000016153 1.000000000 0.000003857 0.000587599 -0.000133757 -0.000003855 1.000000000 0.000081761
1.000000000 -0.000133648 0.000064475 0.000220647 0.000133648 1.000000000 -0.000002482 0.000490374 -0.000064475 0.000002491 1.000000000 -0.000009953
1.000000000 0.000005129 0.000079039 -0.000456523 -0.000005137 1.000000000 0.000104958 -0.000272696 -0.000079038 -0.000104959 1.000000000 -0.000119202
1.000000000 -0.000036233 -0.000023041 -0.000385806 0.000036232 1.000000000 -0.000043088 -0.000164503 0.000023043 0.000043088 1.000000000 -0.001068883
1.000000000 -0.000110837 0.000052203 -0.000457708 0.000110833 1.000000000 0.000077959 -0.001278807 -0.000052211 -0.000077953 1.000000000 -0.001104669
1.000000000 0.000051222 0.000068492 -0.001116392 -0.000051228 1.000000000 0.000090662 -0.001016589 -0.000068488 -0.000090666 1.000000000 -0.000719379
1.000000000 -0.000053688 0.000075072 -0.001006554 0.000053683 1.000000000 0.000062851 -0.000424644 -0.000075076 -0.000062847 1.000000000 -0.001433683
1.000000000 0.000016566 -0.000015965 -0.000626383 -0.000016567 1.000000000 -0.000034146 -0.000227876 0.000015964 0.000034146 1.000000000 -0.001083371
1.000000000 -0.000014893 0.000058044 -0.001120659 0.000014893 1.000000000 -0.000005031 0.000995015 -0.000058044 0.000005032 1.000000000 0.000940805
1.000000000 0.000060848 0.000088015 -0.000641170 -0.000060840 1.000000000 -0.000085496 0.001470316 -0.000088020 0.000085491 1.000000000 0.000552596
1.000000000 -0.000082657 -0.000063157 0.000882307 0.000082652 1.000000000 -0.000073908 0.001574080 0.000063163 0.000073903 1.000000000 0.001444166
1.000000000 0.000024768 0.000084997 -0.000716093 -0.000024755 1.000000000 -0.000152140 0.002640576 -0.000085001 0.000152138 1.000000000 0.003118450
1.000000000 0.000119483 0.000094485 -0.001629634 -0.000119470 1.000000000 -0.000136197 0.001685554 -0.000094501 0.000136186 1.000000000 0.001637775
1.000000000 0.000100012 0.000127854 -0.001458664 -0.000100002 1.000000000 -0.000083409 0.002197758 -0.000127862 0.000083396 1.000000000 0.002720285
1.000000000 0.000052501 0.000122553 -0.001094848 -0.000052491 1.000000000 -0.000081349 0.001167203 -0.000122557 0.000081343 1.000000000 0.001517198
1.000000000 0.000055875 0.000134059 -0.001534080 -0.000055865 1.000000000 -0.000078640 0.001227700 -0.000134063 0.000078632 1.000000000 0.001704698
1.000000000 0.000152579 0.000072100 -0.001121849 -0.000152574 1.000000000 -0.000066647 0.001834043 -0.000072110 0.000066636 1.000000000 0.001239792
1.000000000 0.000064268 -0.000013279 -0.000242265 -0.000064269 1.000000000 -0.000089984 0.001862389 0.000013273 0.000089985 1.000000000 0.002773462
1.000000000 0.000001219 0.000016778 -0.000646799 -0.000001217 1.000000000 -0.000069959 0.002000762 -0.000016778 0.000069958 1.000000000 0.002695728
0.999999940 0.000313430 0.000017781 -0.000537401 -0.000313429 0.999999940 -0.000041394 0.002005534 -0.000017794 0.000041389 1.000000000 0.003211504
1.000000000 0.000207637 0.000059241 -0.001073640 -0.000207635 1.000000000 -0.000046294 0.001642089 -0.000059250 0.000046282 1.000000000 0.002287892
1.000000000 0.000083486 0.000155333 -0.001491698 -0.000083477 1.000000000 -0.000059047 0.002685377 -0.000155337 0.000059034 1.000000000 0.003550974
1.000000000 0.000113104 0.000143588 -0.001576287 -0.000113100 1.000000000 -0.000028676 0.001955821 -0.000143591 0.000028660 1.000000000 0.003092288
1.000000000 0.000098268 0.000075214 -0.001124299 -0.000098260 1.000000000 -0.000112879 0.002889818 -0.000075225 0.000112872 1.000000000 0.002953066
1.000000000 0.000079967 0.000128186 -0.001603266 -0.000079957 1.000000000 -0.000081068 0.001618047 -0.000128192 0.000081058 1.000000000 0.002413878
1.000000000 0.000058622 0.000159230 -0.001708841 -0.000058619 1.000000000 -0.000016677 0.001425229 -0.000159231 0.000016667 1.000000000 0.003055830
1.000000000 0.000082888 0.000139391 -0.000681284 -0.000082878 1.000000000 -0.000070352 0.002780833 -0.000139396 0.000070340 1.000000000 0.004287446
1.000000000 0.000116736 0.000051573 -0.000117075 -0.000116726 1.000000000 -0.000201319 0.003815128 -0.000051596 0.000201313 1.000000000 0.004482788
1.000000000 0.000082286 0.000138137 -0.001134083 -0.000082275 1.000000000 -0.000077878 0.001944483 -0.000138144 0.000077866 1.000000000 0.002898068
1.000000000 0.000172400 0.000150791 -0.002309728 -0.000172376 1.000000000 -0.000159582 0.002537331 -0.000150818 0.000159556 1.000000000 0.002964379
0.999999940 0.000189839 0.000187273 -0.001662053 -0.000189816 1.000000000 -0.000120666 0.001990093 -0.000187295 0.000120630 1.000000000 0.002832028
1.000000000 0.000101136 0.000093491 -0.001187440 -0.000101130 1.000000000 -0.000068600 0.002214146 -0.000093497 0.000068591 1.000000000 0.002528534
1.000000000 0.000167438 0.000119411 -0.001619543 -0.000167430 1.000000000 -0.000065483 0.003031756 -0.000119422 0.000065463 1.000000000 0.003730331
0.999999940 0.000234107 0.000179885 -0.001778714 -0.000234094 0.999999940 -0.000074198 0.002857735 -0.000179903 0.000074156 1.000000000 0.003221159
1.000000000 0.000176264 0.000085791 -0.000331190 -0.000176256 1.000000000 -0.000089309 0.003291504 -0.000085806 0.000089294 1.000000000 0.003841982
1.000000000 0.000049158 0.000091447 -0.000623994 -0.000049146 1.000000000 -0.000127351 0.002354743 -0.000091453 0.000127347 1.000000000 0.004620017
0.999999762 0.000556853 0.000189467 -0.000767192 -0.000556837 0.999999762 -0.000085480 -0.004194157 -0.000189515 0.000085375 1.000000000 0.051643979
0.999999821 0.000419233 0.000161269 0.001744524 -0.000419118 0.999999583 -0.000712629 -0.004963121 -0.000161568 0.000712561 0.999999702 0.141839445
0.999999762 0.000721645 0.000064061 0.003832330 -0.000721574 0.999999106 -0.001102901 -0.009460090 -0.000064857 0.001102854 0.999999404 0.257704020
0.999999762 0.000671728 0.000067343 0.007460053 -0.000671656 0.999999225 -0.001063114 -0.012678092 -0.000068057 0.001063069 0.999999464 0.389728338
0.999999762 0.000689618 0.000019418 0.008651379 -0.000689602 0.999999404 -0.000820294 -0.016122269 -0.000019984 0.000820280 0.999999642 0.532748044
0.999999940 -0.000344491 0.000024516 0.014610080 0.000344496 0.999999940 -0.000185631 -0.026370978 -0.000024452 0.000185639 1.000000000 0.678340316
0.999999881 -0.000566820 -0.000029548 0.021849511 0.000566821 0.999999881 0.000012173 -0.030088702 0.000029541 -0.000012189 1.000000000 0.840253055
0.999999940 -0.000320328 -0.000008280 0.016237102 0.000320331 0.999999821 0.000289002 -0.033531278 0.000008188 -0.000289004 0.999999881 1.023179412
1.000000000 -0.000198607 -0.000042567 0.020580634 0.000198627 0.999999821 0.000474373 -0.039138313 0.000042473 -0.000474381 0.999999881 1.199615479
1.000000000 0.000284917 0.000309836 0.022406392 -0.000284905 0.999999940 -0.000038948 -0.042384353 -0.000309847 0.000038859 0.999999940 1.378812790
0.999999881 0.000496372 0.000119698 0.026773211 -0.000496352 0.999999881 -0.000162455 -0.044534829 -0.000119778 0.000162396 1.000000000 1.572525024
0.999999881 0.000271572 0.000123747 0.032482393 -0.000271664 0.999999642 0.000743991 -0.058629405 -0.000123545 -0.000744025 0.999999702 1.783702135
0.999999940 0.000107612 0.000129431 0.038297679 -0.000107725 0.999999583 0.000878742 -0.065648064 -0.000129336 -0.000878756 0.999999523 1.983640194
0.999999940 -0.000316513 0.000214173 0.038340107 0.000316283 0.999999404 0.001071430 -0.074102819 -0.000214512 -0.001071362 0.999999404 2.187852859
1.000000119 0.000098389 0.000214923 0.044641007 -0.000098622 0.999999404 0.001084843 -0.077023141 -0.000214816 -0.001084864 0.999999404 2.409899712
0.999999821 0.000422350 0.000360098 0.047063563 -0.000422666 0.999999523 0.000877471 -0.082051635 -0.000359727 -0.000877623 0.999999523 2.633219242
0.999999821 -0.000278503 0.000482482 0.050357684 0.000277925 0.999999225 0.001198367 -0.092968948 -0.000482815 -0.001198233 0.999999166 2.853513479
0.999999702 -0.000369058 0.000631358 0.056011520 0.000368223 0.999999046 0.001322797 -0.096479326 -0.000631846 -0.001322564 0.999998927 3.097862005
0.999999821 0.000129925 0.000561507 0.055719841 -0.000130726 0.999998987 0.001425392 -0.105666600 -0.000561321 -0.001425465 0.999998808 3.319219589
0.999999821 -0.000348290 0.000538078 0.062751561 0.000347497 0.999998868 0.001474149 -0.112796262 -0.000538591 -0.001473962 0.999998748 3.570756197
0.999999702 0.000064034 0.000698693 0.066642389 -0.000064998 0.999999046 0.001379113 -0.118909650 -0.000698604 -0.001379158 0.999998808 3.832508326
0.999999702 -0.000060919 0.000745743 0.069514893 0.000059972 0.999999285 0.001270265 -0.121590383 -0.000745820 -0.001270220 0.999998927 4.085041046
0.999999702 0.000336096 0.000692401 0.074208908 -0.000336964 0.999999106 0.001253184 -0.126120836 -0.000691979 -0.001253417 0.999998987 4.341438293
0.999999583 0.000176892 0.000858626 0.079299711 -0.000178065 0.999999046 0.001366014 -0.135731936 -0.000858383 -0.001366166 0.999998689 4.600179672
0.999999106 0.000606629 0.001176042 0.084492378 -0.000608167 0.999998987 0.001307797 -0.142293349 -0.001175247 -0.001308511 0.999998510 4.857249260
0.999999166 0.000590994 0.001173803 0.087273896 -0.000592825 0.999998629 0.001560069 -0.148322746 -0.001172879 -0.001560763 0.999998033 5.114014626
0.999999285 0.000273749 0.001180450 0.090371244 -0.000275140 0.999999285 0.001177923 -0.152970910 -0.001180127 -0.001178246 0.999998629 5.375548840
0.999999464 0.000088418 0.001031181 0.098332062 -0.000090037 0.999998689 0.001569555 -0.166886866 -0.001031041 -0.001569647 0.999998212 5.643437862
0.999999285 0.000057827 0.001131534 0.102217212 -0.000059679 0.999998689 0.001636065 -0.170634568 -0.001131437 -0.001636131 0.999998033 5.919780254
0.999998927 0.000359514 0.001389843 0.104375713 -0.000361329 0.999999046 0.001306289 -0.180867597 -0.001389372 -0.001306790 0.999998152 6.193134308
0.999998927 0.000505435 0.001397676 0.110507943 -0.000507105 0.999999166 0.001194439 -0.185830116 -0.001397072 -0.001195147 0.999998271 6.483659744
0.999999046 0.000444079 0.001320176 0.118661433 -0.000446052 0.999998808 0.001494195 -0.193493590 -0.001319511 -0.001494782 0.999997973 6.772459030
0.999999464 0.000775715 0.000616038 0.129674405 -0.000776490 0.999998868 0.001260299 -0.200870201 -0.000615060 -0.001260776 0.999998987 7.081844330
0.999999762 0.000580492 0.000372382 0.132914618 -0.000581010 0.999998808 0.001392425 -0.209454194 -0.000371573 -0.001392641 0.999998987 7.375027180
0.999999464 0.000887104 0.000464373 0.134966582 -0.000887624 0.999998868 0.001119893 -0.218345672 -0.000463379 -0.001120304 0.999999344 7.676319599
0.999999464 0.000473162 0.000893006 0.142209426 -0.000474323 0.999998987 0.001300045 -0.227064535 -0.000892390 -0.001300468 0.999998748 8.003114700
0.999998331 0.001286147 0.001290263 0.145705044 -0.001287845 0.999998271 0.001315936 -0.236872628 -0.001288569 -0.001317596 0.999998331 8.321147919
0.999999106 0.000806919 0.001068532 0.157339975 -0.000808233 0.999998927 0.001229654 -0.245531991 -0.001067539 -0.001230517 0.999998748 8.643997192
0.999998450 0.001003717 0.001458918 0.157775149 -0.001005329 0.999998808 0.001104324 -0.252502769 -0.001457808 -0.001105789 0.999998271 8.988027573
0.999998808 0.001026670 0.001165229 0.168376222 -0.001028210 0.999998629 0.001321409 -0.265934050 -0.001163870 -0.001322605 0.999998450 9.330118179
0.999998569 0.000982117 0.001396547 0.171727061 -0.000984347 0.999998212 0.001597208 -0.277587563 -0.001394976 -0.001598580 0.999997735 9.663151741
0.999998748 0.000968151 0.001261261 0.179781377 -0.000970249 0.999998093 0.001664225 -0.286454111 -0.001259647 -0.001665446 0.999997795 10.013589859
0.999998868 0.000908121 0.001199139 0.183855623 -0.000910673 0.999997318 0.002129288 -0.304424286 -0.001197203 -0.002130378 0.999996960 10.382308960
0.999998987 0.000641268 0.001212783 0.195677221 -0.000643353 0.999998331 0.001719582 -0.308299810 -0.001211678 -0.001720361 0.999997795 10.736322403
0.999998689 0.000973696 0.001249438 0.199205458 -0.000975763 0.999998152 0.001654314 -0.316100180 -0.001247825 -0.001655531 0.999997854 11.109812737
0.999999642 0.000490710 0.000671754 0.214467451 -0.000491657 0.999998868 0.001411075 -0.323190331 -0.000671061 -0.001411404 0.999998808 11.476391792
0.999998569 0.000988409 0.001363301 0.216068923 -0.000990816 0.999998093 0.001765987 -0.338554025 -0.001361552 -0.001767336 0.999997497 11.855852127
0.999998331 0.001352107 0.001244188 0.225996539 -0.001354656 0.999996960 0.002050573 -0.353402853 -0.001241412 -0.002052255 0.999997139 12.239439964
0.999998093 0.001388054 0.001384706 0.238000140 -0.001391406 0.999996066 0.002422366 -0.368243366 -0.001381338 -0.002424288 0.999996126 12.624558449
0.999996841 0.001500600 0.001977561 0.234938413 -0.001504707 0.999996722 0.002076766 -0.369431585 -0.001974438 -0.002079735 0.999995828 13.065948486
0.999997556 0.001022189 0.001908699 0.248966798 -0.001025778 0.999997675 0.001880430 -0.378983140 -0.001906772 -0.001882384 0.999996364 13.462721825
0.999996901 0.001598309 0.001908165 0.260284662 -0.001602535 0.999996245 0.002214768 -0.390803427 -0.001904618 -0.002217819 0.999995649 13.850968361
0.999994397 0.002030949 0.002668817 0.263391823 -0.002037270 0.999995112 0.002367914 -0.402709663 -0.002663995 -0.002373338 0.999993563 14.264732361
0.999995947 0.001334475 0.002526353 0.275855303 -0.001340436 0.999996305 0.002359482 -0.413284659 -0.002523195 -0.002362858 0.999994040 14.671676636
0.999996662 0.000872374 0.002436296 0.291186541 -0.000877719 0.999997199 0.002194070 -0.422321051 -0.002434375 -0.002196201 0.999994636 15.102110863
0.999995112 0.001613965 0.002670835 0.300496340 -0.001621005 0.999995232 0.002635725 -0.445383906 -0.002666568 -0.002640042 0.999992967 15.513285637
0.999992251 0.001704764 0.003553678 0.305496335 -0.001712749 0.999996006 0.002245288 -0.452350676 -0.003549836 -0.002251357 0.999991179 15.942336082
0.999990940 0.002226766 0.003622620 0.308788091 -0.002234926 0.999995112 0.002250006 -0.469997466 -0.003617591 -0.002258082 0.999990880 16.386878967
0.999986768 0.002886119 0.004258486 0.315932840 -0.002895439 0.999993443 0.002183843 -0.482169032 -0.004252155 -0.002196144 0.999988496 16.835115433
0.999991179 0.002123612 0.003624627 0.336337328 -0.002132568 0.999994695 0.002468706 -0.500007153 -0.003619365 -0.002476414 0.999990404 17.271305084
0.999988556 0.001035277 0.004659620 0.315595686 -0.001051323 0.999993503 0.003442676 -0.538022757 -0.004656026 -0.003447535 0.999983191 17.741043091
0.999985695 0.001009912 0.005234849 0.328311622 -0.001028009 0.999993443 0.003455406 -0.550188422 -0.005231326 -0.003460738 0.999980271 18.207082748
0.999989331 0.001843672 0.004222956 0.377771378 -0.001856232 0.999993861 0.002972236 -0.526844382 -0.004217450 -0.002980043 0.999986589 18.676280975
0.999985874 0.002479837 0.004691321 0.382814258 -0.002494001 0.999992371 0.003015793 -0.537749231 -0.004683806 -0.003027451 0.999984443 19.155214310
0.999985278 0.002405034 0.004849486 0.394351512 -0.002418841 0.999993026 0.002843275 -0.547417939 -0.004842613 -0.002854964 0.999984205 19.608341217
0.999983370 0.002412468 0.005227940 0.397456944 -0.002429771 0.999991655 0.003305797 -0.562555790 -0.005219920 -0.003318445 0.999980867 20.095413208
0.999986231 0.001747759 0.004931110 0.413403302 -0.001766004 0.999991596 0.003698240 -0.584366024 -0.004924605 -0.003706898 0.999980986 20.492542267
0.999990404 0.001283832 0.004177022 0.426540732 -0.001299682 0.999991953 0.003794020 -0.598823309 -0.004172118 -0.003799413 0.999984086 20.993412018
0.999986589 0.002109641 0.004725376 0.421974242 -0.002127314 0.999990761 0.003738208 -0.615604997 -0.004717446 -0.003748210 0.999981761 21.557228088
0.999980688 0.003267672 0.005281122 0.416389704 -0.003289000 0.999986410 0.004034969 -0.650055528 -0.005267866 -0.004052261 0.999977827 22.040729523
0.999986172 0.002588386 0.004566555 0.432645112 -0.002605798 0.999989390 0.003811279 -0.661602974 -0.004556641 -0.003823126 0.999982238 22.557371140
0.999987483 0.003141162 0.003880913 0.460120648 -0.003157739 0.999985874 0.004272770 -0.685266197 -0.003867437 -0.004284972 0.999983311 23.057598114
0.999996424 0.001101285 0.002439704 0.468404055 -0.001112289 0.999989212 0.004513596 -0.695449352 -0.002434707 -0.004516294 0.999986827 23.583003998
0.999997616 -0.000109571 0.002168274 0.474564970 0.000100011 0.999990284 0.004408699 -0.712847054 -0.002168736 -0.004408472 0.999987900 24.107820511
0.999997437 0.001884216 0.001261160 0.499458462 -0.001889282 0.999990106 0.004028289 -0.719639421 -0.001253557 -0.004030662 0.999991119 24.655372620
0.999995351 0.002595496 0.001578260 0.491894066 -0.002602295 0.999987304 0.004321150 -0.738370240 -0.001567024 -0.004325237 0.999989331 25.202247620
0.999995708 0.002834420 0.000777802 0.502245724 -0.002838052 0.999984860 0.004708108 -0.759692192 -0.000764446 -0.004710295 0.999988556 25.740873337
0.999996483 0.002623234 0.000337505 0.512766123 -0.002624718 0.999986470 0.004474158 -0.778570414 -0.000325764 -0.004475028 0.999989927 26.309307098
0.999997079 0.002415799 0.000163646 0.522323370 -0.002416632 0.999983013 0.005297677 -0.789834499 -0.000150845 -0.005298057 0.999985933 26.872001648
0.999997437 0.002196781 -0.000350426 0.532041490 -0.002195141 0.999986947 0.004613512 -0.805691361 0.000360556 -0.004612732 0.999989212 27.410982132
0.999995470 0.003004753 -0.000201129 0.540618718 -0.003003730 0.999983430 0.004913764 -0.822257519 0.000215891 -0.004913137 0.999987900 27.967498779
0.999993980 0.003226943 -0.001288236 0.555815637 -0.003220428 0.999982119 0.005027677 -0.834563076 0.001304437 -0.005023497 0.999986529 28.521078110
0.999992728 0.003573653 -0.001350545 0.562632978 -0.003566921 0.999981344 0.004954208 -0.846677184 0.001368224 -0.004949355 0.999986768 29.071084976
0.999994576 0.002754787 -0.001764653 0.570186198 -0.002746606 0.999985576 0.004621911 -0.857016623 0.001777360 -0.004617040 0.999987781 29.617877960
0.999994576 0.002423436 -0.002230641 0.583843827 -0.002412610 0.999985337 0.004843467 -0.861165345 0.002242347 -0.004838059 0.999985754 30.169429779
0.999992907 0.003116304 -0.002165805 0.587896407 -0.003107395 0.999986768 0.004104915 -0.866391301 0.002178569 -0.004098155 0.999989212 30.710842133
0.999989331 0.004308171 -0.001666016 0.592992067 -0.004301554 0.999982953 0.003955212 -0.882112324 0.001683028 -0.003948004 0.999990761 31.253004074
0.999984443 0.005186175 -0.002018354 0.598315775 -0.005178895 0.999980211 0.003595708 -0.889787555 0.002036963 -0.003585199 0.999991477 31.811618805
0.999987960 0.003552915 -0.003386464 0.630415022 -0.003537522 0.999983430 0.004540811 -0.918430328 0.003402541 -0.004528777 0.999983966 32.319969177
0.999984145 0.004684058 -0.003133095 0.622942090 -0.004668013 0.999976099 0.005109270 -0.940603435 0.003156952 -0.005094563 0.999981999 32.863170624
0.999985397 0.004022520 -0.003586662 0.632155716 -0.004006524 0.999982059 0.004455685 -0.945574939 0.003604520 -0.004441251 0.999983609 33.420692444
0.999983847 0.004814875 -0.003010873 0.649026155 -0.004802064 0.999979436 0.004247755 -0.946567059 0.003031263 -0.004233229 0.999986470 33.970241547
0.999986947 0.003941580 -0.003251212 0.635839999 -0.003925479 0.999980092 0.004944000 -0.967358530 0.003270635 -0.004931173 0.999982476 34.498161316
0.999984682 0.003979223 -0.003853228 0.649377465 -0.003960086 0.999979913 0.004961487 -0.989214003 0.003872892 -0.004946152 0.999980330 35.012302399
0.999986947 0.003717870 -0.003511482 0.663561285 -0.003699206 0.999979079 0.005307016 -1.016311765 0.003531139 -0.005293957 0.999979734 35.572601318
0.999984205 0.004592545 -0.003263942 0.662675858 -0.004573785 0.999973118 0.005732033 -1.034041882 0.003290179 -0.005717013 0.999978244 36.123146057
0.999988914 0.002650700 -0.003891047 0.660205245 -0.002630547 0.999983132 0.005175314 -1.040938258 0.003904701 -0.005165022 0.999979019 36.689529419
0.999985993 0.002649209 -0.004606279 0.673832953 -0.002628153 0.999986112 0.004571220 -1.053293824 0.004618325 -0.004559050 0.999978960 37.252029419
0.999983966 0.002946598 -0.004858786 0.683221102 -0.002926351 0.999987125 0.004168923 -1.063094020 0.004871007 -0.004154637 0.999979496 37.809234619
0.999979615 0.004334195 -0.004692541 0.692738414 -0.004310924 0.999978364 0.004957958 -1.078915477 0.004713928 -0.004937628 0.999976695 38.344303131
0.999979854 0.004176949 -0.004779276 0.697889805 -0.004156597 0.999982297 0.004260419 -1.081699371 0.004796987 -0.004240468 0.999979496 38.899772644
0.999986351 0.002408284 -0.004634294 0.716892540 -0.002391301 0.999990404 0.003666719 -1.098036766 0.004643080 -0.003655587 0.999982536 39.434394836
0.999987245 0.002407743 -0.004439068 0.717594326 -0.002389965 0.999989092 0.004005997 -1.112393379 0.004448663 -0.003995337 0.999982119 40.005935669
0.999986231 0.002903947 -0.004397696 0.729187787 -0.002886770 0.999988198 0.003907416 -1.130745173 0.004408992 -0.003894667 0.999982715 40.540737152
0.999987483 0.002976239 -0.004021191 0.735566258 -0.002961350 0.999988735 0.003703424 -1.140490294 0.004032169 -0.003691469 0.999985039 41.095203400
0.999984503 0.003528585 -0.004312058 0.745270729 -0.003512217 0.999986649 0.003797521 -1.145590305 0.004325401 -0.003782317 0.999983430 41.619251251
0.999983430 0.004092113 -0.004070156 0.748220682 -0.004078322 0.999985933 0.003391003 -1.156689167 0.004083974 -0.003374347 0.999985933 42.170078278
0.999985337 0.003769587 -0.003891694 0.749860883 -0.003755328 0.999986231 0.003664644 -1.179639101 0.003905455 -0.003649975 0.999985754 42.707443237
0.999983907 0.002523551 -0.005077261 0.772599280 -0.002506235 0.999991059 0.003413852 -1.196675062 0.005085829 -0.003401073 0.999981284 43.283855438
0.999981403 0.004421665 -0.004234154 0.776005626 -0.004407069 0.999984264 0.003450385 -1.208010793 0.004249344 -0.003431660 0.999985099 43.831096649
0.999980748 0.004848018 -0.003878717 0.780749202 -0.004836282 0.999983728 0.003029466 -1.221711159 0.003893341 -0.003010649 0.999987900 44.381526947
0.999983966 0.003268552 -0.004639149 0.795440555 -0.003254263 0.999989927 0.003084795 -1.227609634 0.004649186 -0.003069648 0.999984503 44.913574219
0.999982953 0.003137111 -0.004916645 0.822270989 -0.003123912 0.999991596 0.002689657 -1.225122094 0.004925041 -0.002674252 0.999984264 45.466899872
0.999982655 0.003666560 -0.004614162 0.825422823 -0.003657351 0.999991298 0.002002884 -1.230655313 0.004621466 -0.001985974 0.999987364 46.020530701
0.999986172 0.002977397 -0.004324051 0.817102671 -0.002964174 0.999991059 0.003060902 -1.271206141 0.004333125 -0.003048043 0.999985993 46.571140289
0.999982238 0.003862934 -0.004531994 0.821892917 -0.003851131 0.999989152 0.002610169 -1.279098749 0.004542027 -0.002592669 0.999986351 47.120628357
0.999980330 0.004399689 -0.004459306 0.826183438 -0.004387315 0.999986470 0.002780670 -1.292627215 0.004471480 -0.002761052 0.999986172 47.682556152
0.999983370 0.003566176 -0.004536196 0.832933366 -0.003555360 0.999990761 0.002390232 -1.301223993 0.004544678 -0.002374064 0.999986827 48.228527069
0.999982357 0.004071367 -0.004317698 0.845277786 -0.004061031 0.999988854 0.002399919 -1.318277836 0.004327422 -0.002382342 0.999987721 48.762248993
0.999982357 0.004094266 -0.004299582 0.846291065 -0.004084510 0.999989033 0.002275506 -1.327484369 0.004308852 -0.002257904 0.999988139 49.305622101
0.999980032 0.004898328 -0.003987109 0.852855980 -0.004887027 0.999983966 0.002839295 -1.348474264 0.004000954 -0.002819754 0.999987960 49.860446930
0.999979019 0.005227614 -0.003850496 0.858437419 -0.005218062 0.999983251 0.002486507 -1.359441876 0.003863431 -0.002466362 0.999989510 50.397167206
0.999979138 0.005402960 -0.003544203 0.857199192 -0.005395086 0.999983013 0.002227169 -1.375694275 0.003556176 -0.002208001 0.999991238 50.920654297
0.999977171 0.005554921 -0.003839316 0.882185400 -0.005544546 0.999980986 0.002708164 -1.393875837 0.003854285 -0.002686815 0.999988914 51.456249237
0.999978602 0.005285395 -0.003855641 0.879806519 -0.005273961 0.999981701 0.002970324 -1.403036714 0.003871270 -0.002949926 0.999988079 51.989719391
0.999976695 0.005955494 -0.003311994 0.883010447 -0.005947760 0.999979556 0.002340210 -1.420211673 0.003325864 -0.002320457 0.999991715 52.533264160
0.999979138 0.005355745 -0.003608816 0.899188757 -0.005344836 0.999981105 0.003025731 -1.442282081 0.003624952 -0.003006379 0.999988854 53.086708069
0.999978006 0.005863030 -0.003108191 0.902488351 -0.005855282 0.999979734 0.002495910 -1.451630950 0.003122761 -0.002477655 0.999992013 53.627426147
0.999974310 0.006371331 -0.003264033 0.912712097 -0.006364760 0.999977708 0.002019695 -1.459584713 0.003276828 -0.001998869 0.999992609 54.183536530
0.999972343 0.007046907 -0.002365378 0.910800815 -0.007041459 0.999972582 0.002304358 -1.478457093 0.002381551 -0.002287639 0.999994576 54.716754913
0.999973297 0.006879286 -0.002466680 0.919079900 -0.006874368 0.999974370 0.001997654 -1.491949797 0.002480358 -0.001980644 0.999994874 55.278224945
0.999974847 0.006672032 -0.002413739 0.934448957 -0.006667704 0.999976158 0.001796915 -1.502296805 0.002425672 -0.001780775 0.999995470 55.839160919
0.999974251 0.006668894 -0.002645744 0.948933363 -0.006662522 0.999974906 0.002410301 -1.527710438 0.002661752 -0.002392611 0.999993622 56.349082947
0.999972880 0.007024753 -0.002218036 0.949044347 -0.007020788 0.999973893 0.001790206 -1.521823049 0.002230553 -0.001774585 0.999995887 56.862880707
0.999968529 0.007757344 -0.001633902 0.944248438 -0.007754941 0.999968767 0.001472585 -1.520002007 0.001645274 -0.001459868 0.999997497 57.327842712
0.999964952 0.008180254 -0.001782077 0.952331424 -0.008176636 0.999964476 0.002028849 -1.544868827 0.001798609 -0.002014206 0.999996364 57.853302002
0.999965847 0.008086761 -0.001717670 0.962537348 -0.008084066 0.999966085 0.001570223 -1.557626843 0.001730310 -0.001556283 0.999997318 58.396209717
0.999961853 0.008608634 -0.001494355 0.962450325 -0.008605849 0.999961257 0.001859829 -1.571586370 0.001510308 -0.001846898 0.999997139 58.983989716
0.999969423 0.007525655 -0.002137605 1.002022862 -0.007522733 0.999970675 0.001372049 -1.598227382 0.002147868 -0.001355927 0.999996722 59.628116608
0.999970675 0.007445336 -0.001794276 0.997732043 -0.007443494 0.999971747 0.001032534 -1.601735234 0.001801914 -0.001019148 0.999997795 60.103099823
0.999964774 0.008259479 -0.001498170 1.006236553 -0.008257939 0.999965310 0.001031720 -1.619316101 0.001506640 -0.001019312 0.999998331 60.680351257
0.999962032 0.008608948 -0.001312560 1.027047396 -0.008607657 0.999962449 0.000987128 -1.636291027 0.001321008 -0.000975792 0.999998569 61.277698517
0.999962330 0.008641283 -0.000756664 1.039704204 -0.008640222 0.999961674 0.001395348 -1.669586778 0.000768693 -0.001388758 0.999998689 61.730098724
0.999964535 0.008384324 -0.000796492 1.041468143 -0.008383393 0.999964178 0.001163974 -1.666213155 0.000806222 -0.001157255 0.999998927 62.368026733
0.999959469 0.008988782 -0.000318860 1.050699353 -0.008988544 0.999959350 0.000742562 -1.682679176 0.000325522 -0.000739666 0.999999642 62.912857056
0.999957502 0.009173374 -0.000852740 1.067643762 -0.009172666 0.999957561 0.000829754 -1.692655087 0.000860317 -0.000821897 0.999999285 63.456176758
0.999957919 0.009142391 -0.000679920 1.071908951 -0.009141952 0.999957979 0.000645380 -1.707805276 0.000685793 -0.000639137 0.999999583 64.001541138
0.999959409 0.008985519 -0.000577174 1.083445072 -0.008985207 0.999959469 0.000540064 -1.719502091 0.000582003 -0.000534856 0.999999642 64.553550720
0.999960840 0.008792408 -0.000916052 1.103175521 -0.008792192 0.999961317 0.000239128 -1.732675552 0.000918120 -0.000231064 0.999999464 65.087219238
0.999962270 0.008637990 -0.000873888 1.114726901 -0.008637649 0.999962628 0.000392095 -1.748621225 0.000877242 -0.000384532 0.999999523 65.631034851
0.999970019 0.007682778 -0.001087597 1.130185008 -0.007682702 0.999970496 0.000074090 -1.758288026 0.001088133 -0.000065732 0.999999344 66.170379639
0.999956846 0.009300723 0.000199927 1.130036235 -0.009300695 0.999956727 -0.000153851 -1.775523067 -0.000201349 0.000151985 0.999999940 66.719543457
0.999953747 0.009585226 0.000893822 1.139415383 -0.009584443 0.999953747 -0.000875093 -1.787928104 -0.000902169 0.000866486 0.999999225 67.279090881
0.999959767 0.008964798 -0.000183988 1.164247394 -0.008964913 0.999959528 -0.000641166 -1.807057381 0.000178233 0.000642790 0.999999762 67.821136475
0.999960124 0.008927658 0.000031592 1.174512386 -0.008927628 0.999959707 -0.000907863 -1.820209503 -0.000039696 0.000907545 0.999999523 68.378425598
0.999961078 0.008811347 0.000408559 1.186601281 -0.008810664 0.999959767 -0.001648933 -1.832053542 -0.000423072 0.001645269 0.999998569 68.927734375
0.999955595 0.009414949 0.000398193 1.193388939 -0.009414675 0.999955416 -0.000685841 -1.852255344 -0.000404632 0.000682061 0.999999702 69.488372803
0.999949396 0.010065496 0.000396700 1.212939978 -0.010064873 0.999948144 -0.001539584 -1.870103121 -0.000412176 0.001535513 0.999998748 70.020866394
0.999945641 0.010394420 0.000884607 1.218538046 -0.010393250 0.999945104 -0.001316503 -1.887414932 -0.000898243 0.001307237 0.999998808 70.574417114
0.999948561 0.010094402 0.000912332 1.230704665 -0.010093158 0.999948084 -0.001360177 -1.898919463 -0.000926015 0.001350899 0.999998629 71.134864807
0.999951184 0.009802013 0.001174677 1.244334221 -0.009799752 0.999950171 -0.001915976 -1.911869645 -0.001193399 0.001904371 0.999997497 71.689888000
0.999950051 0.009881913 0.001451677 1.261695147 -0.009879948 0.999950290 -0.001353602 -1.933142304 -0.001464981 0.001339192 0.999998033 72.231040955
0.999944448 0.010340141 0.002010453 1.261964917 -0.010336847 0.999945164 -0.001641915 -1.951643705 -0.002027320 0.001621042 0.999996603 72.779342651
0.999950707 0.009713854 0.002014931 1.270014524 -0.009708421 0.999949217 -0.002687214 -1.959100723 -0.002040931 0.002667520 0.999994338 73.348327637
0.999938011 0.010924206 0.002147987 1.281494498 -0.010919762 0.999938250 -0.002070261 -1.977998972 -0.002170471 0.002046678 0.999995530 73.895393372
0.999943435 0.010419036 0.002148585 1.305348873 -0.010414121 0.999943137 -0.002286085 -1.994549274 -0.002172282 0.002263580 0.999994993 74.423339844
0.999947608 0.009968712 0.002294852 1.322390676 -0.009963401 0.999947608 -0.002314493 -2.006519079 -0.002317804 0.002291507 0.999994695 74.951126099
0.999935508 0.011293016 0.001171295 1.335463762 -0.011289828 0.999932647 -0.002692842 -2.017800570 -0.001201626 0.002679445 0.999995708 75.492355347
0.999913573 0.012699104 0.003397328 1.275549054 -0.012690539 0.999916255 -0.002531555 -2.040642738 -0.003429192 0.002488223 0.999990940 75.846359253
0.999939144 0.010728415 0.002551537 1.363780975 -0.010721345 0.999938667 -0.002768939 -2.043060780 -0.002581086 0.002741415 0.999992907 76.428237915
0.999947727 0.010189796 0.000800286 1.385285020 -0.010187628 0.999944508 -0.002668191 -2.070448160 -0.000827430 0.002659898 0.999996126 77.147789001
0.999943972 0.010554148 0.000858519 1.396558523 -0.010551547 0.999939919 -0.002978726 -2.088370323 -0.000889905 0.002969501 0.999995172 77.685691833
0.999933898 0.011165206 0.002718270 1.370362520 -0.011157753 0.999934018 -0.002741462 -2.095120907 -0.002748699 0.002710951 0.999992549 78.161300659
0.999908328 0.012594299 0.004973442 1.357324004 -0.012582646 0.999918044 -0.002367600 -2.130962372 -0.005002853 0.002304803 0.999984741 78.732933044
0.999919832 0.012104364 0.003698362 1.392068267 -0.012091313 0.999920607 -0.003531673 -2.139714003 -0.003740817 0.003486672 0.999986887 79.279487610
0.999932826 0.011183716 0.003017280 1.408529520 -0.011173830 0.999932230 -0.003273133 -2.160210609 -0.003053681 0.003239199 0.999990106 79.840309143
0.999923348 0.011749644 0.003902425 1.420087814 -0.011737881 0.999926567 -0.003023162 -2.178267002 -0.003937659 0.002977124 0.999987841 80.401008606
0.999926388 0.011222571 0.004612000 1.442345381 -0.011213074 0.999934971 -0.002080422 -2.206480265 -0.004635047 0.002028554 0.999987185 80.947418213
0.999894500 0.012771628 0.006919660 1.452588797 -0.012754238 0.999915361 -0.002551254 -2.216677666 -0.006951658 0.002462730 0.999972820 81.494094849
0.999908149 0.011695778 0.006850861 1.476484060 -0.011675941 0.999927521 -0.002928360 -2.230450153 -0.006884614 0.002848101 0.999972224 82.061775208
0.999892890 0.012135155 0.008177165 1.483467340 -0.012106516 0.999920368 -0.003542696 -2.245305300 -0.008219505 0.003443320 0.999960303 82.616142273
0.999867976 0.011694534 0.011276917 1.508040071 -0.011664033 0.999928117 -0.002766415 -2.269109249 -0.011308457 0.002634516 0.999932587 83.172996521
0.999798775 0.012694802 0.015531102 1.529687405 -0.012634692 0.999912322 -0.003962115 -2.269711733 -0.015580039 0.003765087 0.999871552 83.719436646
0.999746799 0.011948413 0.019068656 1.557384610 -0.011864500 0.999919474 -0.004507663 -2.271485806 -0.019120980 0.004280281 0.999808013 84.339500427
0.999653935 0.012280826 0.023263384 1.578558326 -0.012193675 0.999918044 -0.003884472 -2.304676294 -0.023309179 0.003599462 0.999721825 84.826026917
0.999466300 0.013286060 0.029843211 1.610635996 -0.013151176 0.999902427 -0.004711491 -2.312034130 -0.029902892 0.004316503 0.999543488 85.354896545
0.999305487 0.012050373 0.035261452 1.648066163 -0.011878420 0.999916553 -0.005081930 -2.308647633 -0.035319749 0.004659550 0.999365211 85.906074524
0.999077618 0.011838054 0.041276079 1.689069629 -0.011641785 0.999919713 -0.004992244 -2.328679562 -0.041331865 0.004507112 0.999135315 86.416191101
0.998705864 0.011387546 0.049567562 1.727336407 -0.011142281 0.999924242 -0.005221591 -2.342363358 -0.049623277 0.004662538 0.998757124 86.945510864
0.998274028 0.010954044 0.057696112 1.779178619 -0.010633245 0.999926269 -0.005864245 -2.357608557 -0.057756096 0.005240626 0.998316884 87.459861755
0.997804046 0.011461986 0.065236002 1.821781635 -0.011097926 0.999920726 -0.005940345 -2.375516415 -0.065298922 0.005203316 0.997852206 87.985023499
0.997159421 0.011497161 0.074436307 1.878226757 -0.011059492 0.999918997 -0.006289345 -2.389032602 -0.074502595 0.005448253 0.997205913 88.517105103
0.996399462 0.010789942 0.084093250 1.950083256 -0.010285859 0.999926448 -0.006425289 -2.407760859 -0.084156409 0.005537182 0.996437192 89.026374817
0.995572686 0.010951555 0.093355775 2.003170490 -0.010374942 0.999924004 -0.006659644 -2.424199581 -0.093421616 0.005661598 0.995610476 89.550254822
0.994899929 0.009936885 0.100377344 2.083115101 -0.009302005 0.999933660 -0.006790986 -2.450256109 -0.100438178 0.005822639 0.994926214 90.079933167
0.993797421 0.010085238 0.110747352 2.158386230 -0.009356353 0.999931037 -0.007099244 -2.461325884 -0.110811323 0.006019019 0.993823230 90.592117310
0.992614269 0.009398634 0.120948710 2.247988701 -0.008632660 0.999939263 -0.006855458 -2.483788729 -0.121005788 0.005760716 0.992635071 91.122169495
0.991370201 0.009975042 0.130712032 2.331244469 -0.009198991 0.999936223 -0.006539597 -2.509659529 -0.130768940 0.005280742 0.991398811 91.630851746
0.989903808 0.008448969 0.141488358 2.444929123 -0.007488777 0.999945283 -0.007317478 -2.514106750 -0.141542450 0.006184025 0.989912868 92.171958923
0.988002658 0.008113055 0.154223680 2.547316551 -0.006971323 0.999944091 -0.007942447 -2.525012493 -0.154279545 0.006772014 0.988004029 92.697860718
0.986342013 0.007790208 0.164526269 2.660557747 -0.006593041 0.999947667 -0.007821290 -2.545223951 -0.164578617 0.006629738 0.986341715 93.240821838
0.984431386 0.007530672 0.175607949 2.779140472 -0.006151509 0.999945760 -0.008396691 -2.565245867 -0.175661638 0.007185712 0.984424353 93.828109741
0.982130527 0.008014454 0.188030049 2.911372185 -0.006651208 0.999946773 -0.007879974 -2.592007160 -0.188083217 0.006488536 0.982131660 94.350723267
0.979689479 0.007095934 0.200394958 3.039166451 -0.005573677 0.999951184 -0.008159465 -2.610148907 -0.200443044 0.006876807 0.979681194 94.868347168
0.977570236 0.006568747 0.210507214 3.198602676 -0.004913740 0.999952793 -0.008384088 -2.628746986 -0.210552350 0.007161657 0.977556348 95.405433655
0.974655569 0.006714633 0.223609924 3.346071243 -0.004926478 0.999951303 -0.008553675 -2.648962736 -0.223656461 0.007235278 0.974641144 95.942039490
0.971583426 0.006288306 0.236613914 3.501697540 -0.004461501 0.999955893 -0.008255258 -2.674976349 -0.236655399 0.006965019 0.971568644 96.487541199
0.968788445 0.005919422 0.247817993 3.655225754 -0.003909192 0.999955297 -0.008602991 -2.689865112 -0.247857884 0.007365711 0.968768358 97.011993408
0.966077209 0.005407238 0.258196831 3.845710754 -0.003287974 0.999957263 -0.008639023 -2.713908195 -0.258232534 0.007497019 0.966053724 97.573936462
0.962464392 0.005146778 0.271359175 4.023267746 -0.003035748 0.999961793 -0.008198660 -2.741610527 -0.271391004 0.007067140 0.962443233 98.070671082
0.958745241 0.005342726 0.284216434 4.192726135 -0.003116138 0.999960780 -0.008285708 -2.762039900 -0.284249574 0.007058225 0.958724320 98.597373962
0.955252469 0.004698437 0.295754403 4.371623993 -0.002302269 0.999961674 -0.008449608 -2.779869318 -0.295782775 0.007390602 0.955226660 99.110321045
0.950810850 0.004979620 0.309732050 4.557788849 -0.002743875 0.999966919 -0.007653543 -2.801542997 -0.309759855 0.006427208 0.950793087 99.603935242
0.946116865 0.004530245 0.323793530 4.759374619 -0.001954440 0.999963820 -0.008279817 -2.819393873 -0.323819369 0.007200841 0.946091533 100.129791260
0.942127764 0.004293680 0.335226536 4.969423294 -0.001458274 0.999961019 -0.008709430 -2.834750652 -0.335250854 0.007716543 0.942097247 100.645210266
0.937560320 0.004037161 0.347799629 5.187021255 -0.001129683 0.999962807 -0.008562012 -2.859998226 -0.347821265 0.007634499 0.937529802 101.151260376
0.932221889 0.004272246 0.361862153 5.413673401 -0.001144156 0.999960065 -0.008858252 -2.871033669 -0.361885607 0.007843830 0.932189584 101.661674500
0.927069068 0.003653357 0.374872774 5.625816345 -0.000511843 0.999963939 -0.008479441 -2.894095659 -0.374890298 0.007669151 0.927037537 102.165908813
0.922203839 0.003104117 0.386691749 5.836585999 -0.000341681 0.999973953 -0.007212299 -2.937766075 -0.386703908 0.006519083 0.922180831 102.608871460
0.915983260 0.003190831 0.401204139 6.078582764 -0.000498212 0.999976635 -0.006815491 -2.953604698 -0.401216418 0.006042990 0.915963352 103.110343933
0.910207570 0.001937599 0.414148122 6.340015411 0.001060527 0.999974847 -0.007009204 -2.984369516 -0.414151341 0.006819045 0.910182536 103.619354248
0.905280113 0.002460591 0.424808115 6.593963623 0.000380591 0.999978125 -0.006603165 -3.007603884 -0.424815029 0.006139393 0.905259371 104.089218140
0.899605870 0.000566489 0.436702371 6.890625000 0.002889378 0.999969542 -0.007249270 -3.033124685 -0.436693251 0.007783284 0.899576843 104.636512756
0.892886043 0.001413397 0.450280398 7.158645630 0.002090950 0.999971271 -0.007285097 -3.045949459 -0.450277835 0.007446275 0.892857432 105.114883423
0.886729300 0.001354936 0.462287009 7.410202026 0.002701374 0.999963403 -0.008112435 -3.059093237 -0.462281138 0.008442343 0.886693239 105.590621948
0.880733192 0.000409881 0.473612517 7.688934326 0.003454350 0.999967456 -0.007289141 -3.078420877 -0.473600119 0.008055812 0.880703151 106.062103271
0.872814953 0.000782523 0.488050610 7.954109192 0.002711636 0.999975502 -0.006452731 -3.110659361 -0.488043755 0.006955456 0.872791469 106.522994995
