1.000000000 0.000000000 0.000000000 0.000000000 0.000000000 1.000000000 0.000000000 0.000000000 0.000000000 0.000000000 1.000000000 0.000000000
1.000000000 -0.000051607 -0.000091244 0.000711544 0.000051615 1.000000000 0.000085032 -0.000196557 0.000091240 -0.000085037 1.000000000 -0.000258161
1.000000000 0.000160190 -0.000141927 0.001069775 -0.000160175 1.000000000 0.000106772 -0.000373075 0.000141944 -0.000106749 1.000000000 -0.000917297
1.000000000 0.000240903 0.000022213 -0.000353280 -0.000240905 0.999999940 0.000092722 -0.000016673 -0.000022190 -0.000092727 1.000000000 0.000526155
1.000000000 0.000024403 0.000021836 -0.000459076 -0.000024401 1.000000000 -0.000070573 0.000867566 -0.000021837 0.000070572 1.000000000 -0.000299295
1.000000000 -0.000018309 -0.000005277 -0.000511965 0.000018309 1.000000000 0.000058694 -0.000583427 0.000005276 -0.000058694 1.000000000 -0.000767436
1.000000000 0.000009153 -0.000018090 0.000778481 -0.000009151 1.000000000 0.000105476 -0.000717009 0.000018091 -0.000105475 1.000000000 -0.000879897
1.000000000 0.000132822 0.000064032 0.000023433 -0.000132831 1.000000000 0.000138659 -0.000358928 -0.000064014 -0.000138667 1.000000000 0.000606617
1.000000000 -0.000087881 0.000131981 -0.000065737 0.000087877 1.000000000 0.000031707 -0.000185918 -0.000131984 -0.000031695 1.000000000 -0.001083743
1.000000000 -0.000104582 -0.000013035 0.001064721 0.000104583 1.000000000 0.000113697 0.000181442 0.000013023 -0.000113699 1.000000000 -0.000073951
1.000000000 0.000105449 -0.000033549 0.000364228 -0.000105447 1.000000000 0.000034954 -0.000153180 0.000033553 -0.000034951 1.000000000 -0.001035138
1.000000000 0.000169068 0.000020861 0.000128937 -0.000169066 1.000000000 -0.000060233 0.001643413 -0.000020871 0.000060229 1.000000000 0.001476456
1.000000000 -0.000164124 -0.000060679 0.000674924 0.000164129 1.000000000 0.000074685 0.000213897 0.000060666 -0.000074695 1.000000000 0.000720688
1.000000000 -0.000049056 -0.000020301 0.000861397 0.000049058 1.000000000 0.000075902 -0.000399706 0.000020298 -0.000075903 1.000000000 -0.001074486
1.000000000 -0.000095422 -0.000022533 0.000701632 0.000095422 1.000000000 0.000033467 0.000514272 0.000022530 -0.000033469 1.000000000 0.000432718
1.000000000 -0.000148681 -0.000118793 0.000956888 0.000148699 1.000000000 0.000145361 -0.000784883 0.000118771 -0.000145379 1.000000000 -0.000574670
1.000000000 0.000102479 0.000136490 -0.000820032 -0.000102494 1.000000000 0.000111615 -0.000341080 -0.000136478 -0.000111629 1.000000000 -0.000437628
1.000000000 0.000017104 0.000002161 0.000012478 -0.000017104 1.000000000 0.000057518 -0.000108969 -0.000002160 -0.000057518 1.000000000 -0.000746644
1.000000000 -0.000099532 0.000080302 0.000116334 0.000099525 1.000000000 0.000094602 -0.000394330 -0.000080311 -0.000094594 1.000000000 0.000250349
1.000000000 -0.000083473 -0.000011939 0.000867366 0.000083473 1.000000000 0.000046326 -0.000193618 0.000011935 -0.000046327 1.000000000 -0.000679648
0.999999940 0.000221946 0.000103823 -0.000668060 -0.000221943 1.000000000 -0.000025249 -0.000166297 -0.000103828 0.000025226 1.000000000 -0.000759609
1.000000000 0.000196616 -0.000021985 0.000247800 -0.000196613 1.000000000 0.000137987 -0.000349097 0.000022013 -0.000137983 1.000000000 -0.000390905
1.000000000 -0.000039463 0.000089999 0.000668217 0.000039455 1.000000000 0.000084107 -0.000442855 -0.000090003 -0.000084103 1.000000000 0.000474814
0.999999940 0.000270074 0.000041860 0.000402223 -0.000270082 0.999999940 0.000172962 -0.000082672 -0.000041813 -0.000172974 1.000000000 0.000844139
1.000000000 0.000127466 -0.000012933 0.000706294 -0.000127467 1.000000000 -0.000091283 0.000981265 0.000012922 0.000091285 1.000000000 -0.000559811
1.000000000 0.000159499 -0.000028926 0.000736624 -0.000159506 0.999999940 -0.000236712 0.002048255 0.000028889 0.000236716 1.000000000 -0.001497402
1.000000000 0.000065777 -0.000061440 0.000783998 -0.000065776 1.000000000 0.000021034 0.000143301 0.000061441 -0.000021030 1.000000000 -0.001355573
1.000000000 0.000037335 0.000051068 0.000208867 -0.000037349 0.999999940 0.000271801 -0.000759342 -0.000051058 -0.000271803 0.999999940 0.000624768
1.000000000 0.000017799 0.000013888 -0.000047054 -0.000017802 1.000000000 0.000183459 -0.000946529 -0.000013885 -0.000183460 1.000000000 -0.000276212
1.000000000 -0.000098664 -0.000034216 0.001036399 0.000098667 1.000000000 0.000099941 0.000110290 0.000034206 -0.000099944 1.000000000 0.001392588
1.000000000 0.000071454 0.000038098 -0.000155608 -0.000071460 1.000000000 0.000155004 -0.000557065 -0.000038087 -0.000155007 1.000000000 -0.000120946
1.000000000 -0.000107406 -0.000041434 0.000627859 0.000107404 1.000000000 -0.000045665 0.000664899 0.000041439 0.000045661 1.000000000 -0.000582359
1.000000000 -0.000177517 -0.000049880 0.000723663 0.000177515 1.000000000 -0.000043186 0.000464190 0.000049888 0.000043178 1.000000000 -0.000097348
1.000000000 -0.000123865 -0.000043527 0.000802336 0.000123870 1.000000000 0.000110063 -0.000347589 0.000043513 -0.000110069 1.000000000 -0.000330826
1.000000000 0.000077925 0.000055005 -0.000337379 -0.000077926 1.000000000 0.000017005 -0.000133305 -0.000055004 -0.000017010 1.000000000 -0.000825493
1.000000000 0.000094022 -0.000033346 -0.000157085 -0.000094019 1.000000000 0.000079117 0.000198984 0.000033354 -0.000079114 1.000000000 0.001581372
1.000000000 -0.000175729 -0.000081314 0.001154253 0.000175732 1.000000000 0.000040966 0.000113602 0.000081307 -0.000040980 1.000000000 0.000272917
1.000000000 0.000056705 0.000022203 -0.000165495 -0.000056709 1.000000000 0.000178136 -0.000321859 -0.000022193 -0.000178137 1.000000000 0.000175783
1.000000000 -0.000130802 -0.000011365 0.001159089 0.000130802 1.000000000 0.000065423 0.000365625 0.000011356 -0.000065425 1.000000000 -0.000725406
1.000000000 -0.000153026 0.000128184 0.000017326 0.000153028 1.000000000 -0.000016906 0.000639467 -0.000128181 0.000016926 1.000000000 0.002068294
1.000000000 0.000058206 0.000155237 -0.000469610 -0.000058127 0.999999881 -0.000505062 -0.002780620 -0.000155266 0.000505053 0.999999881 0.050950933
1.000000000 0.000223606 -0.000042284 0.001178397 -0.000223656 0.999999285 -0.001182409 -0.004526631 0.000042020 0.001182418 0.999999344 0.137074724
1.000000000 0.000324378 -0.000162124 0.003684814 -0.000324610 0.999998927 -0.001436814 -0.007881467 0.000161658 0.001436867 0.999998987 0.254102379
0.999999702 0.000702028 0.000061090 0.003292067 -0.000701943 0.999998808 -0.001375232 -0.015863819 -0.000062056 0.001375189 0.999998987 0.384559870
0.999999464 0.001047621 0.000111744 0.005894516 -0.001047446 0.999998271 -0.001557168 -0.019803829 -0.000113375 0.001557050 0.999998808 0.522464752
0.999999940 0.000260619 -0.000148732 0.013715394 -0.000260799 0.999999344 -0.001208951 -0.023548324 0.000148417 0.001208990 0.999999225 0.679556131
0.999999940 0.000214612 -0.000065402 0.018897258 -0.000214666 0.999999642 -0.000825054 -0.028384447 0.000065225 0.000825068 0.999999702 0.843315780
0.999999940 -0.000298513 -0.000247746 0.023937020 0.000298363 0.999999762 -0.000603932 -0.039100509 0.000247927 0.000603858 0.999999762 1.012133360
0.999999881 0.000369875 -0.000218535 0.025267579 -0.000370044 0.999999583 -0.000776421 -0.036999393 0.000218248 0.000776502 0.999999702 1.187893391
0.999999940 -0.000029834 -0.000286505 0.032708466 0.000029608 0.999999702 -0.000788685 -0.040888906 0.000286529 0.000788677 0.999999702 1.372597694
0.999999642 0.000803086 -0.000225778 0.034025095 -0.000803046 0.999999642 0.000179175 -0.059809282 0.000225922 -0.000178994 0.999999940 1.574314833
0.999999821 0.000599882 -0.000318891 0.039085567 -0.000599812 0.999999821 0.000218852 -0.061623875 0.000319022 -0.000218661 0.999999940 1.774370551
0.999999821 -0.000164776 -0.000598983 0.049646698 0.000164799 1.000000000 0.000037722 -0.062249236 0.000598977 -0.000037821 0.999999821 1.970029116
0.999999881 0.000556552 0.000372044 0.038657099 -0.000556558 0.999999762 0.000018454 -0.066641957 -0.000372033 -0.000018661 0.999999940 2.177603483
0.999999881 0.000287643 0.000407900 0.043292839 -0.000287706 1.000000000 0.000154545 -0.071933635 -0.000407855 -0.000154663 0.999999940 2.394726276
0.999999881 0.000400736 0.000076346 0.051463641 -0.000400717 0.999999881 -0.000249843 -0.080533475 -0.000076446 0.000249812 0.999999940 2.613499641
0.999999940 0.000398178 0.000084876 0.055746846 -0.000398197 0.999999821 0.000222670 -0.085887112 -0.000084787 -0.000222703 1.000000000 2.840486765
0.999999940 0.000457282 0.000015665 0.058383539 -0.000457287 0.999999821 0.000368588 -0.093791701 -0.000015496 -0.000368595 1.000000000 3.066298008
0.999999940 0.000400213 -0.000017336 0.068105958 -0.000400210 0.999999881 0.000163616 -0.098614343 0.000017401 -0.000163609 1.000000000 3.312244654
0.999999762 0.000770126 0.000253118 0.069947220 -0.000770245 0.999999583 0.000470369 -0.107847579 -0.000252756 -0.000470564 0.999999881 3.554442883
0.999999821 0.000459419 0.000344367 0.072804548 -0.000459614 0.999999762 0.000567424 -0.115638994 -0.000344106 -0.000567583 0.999999821 3.804626703
0.999999940 -0.000191145 -0.000105340 0.087230533 0.000191198 0.999999881 0.000500824 -0.123033211 0.000105245 -0.000500844 0.999999881 4.076878071
0.999999940 0.000287252 0.000083143 0.084550135 -0.000287328 0.999999523 0.000909995 -0.135266989 -0.000082882 -0.000910019 0.999999523 4.315413475
0.999999940 0.000340342 0.000424410 0.089393511 -0.000340623 0.999999762 0.000662015 -0.139498651 -0.000424184 -0.000662159 0.999999642 4.574948788
1.000000000 -0.000064845 0.000048429 0.103545338 0.000064820 0.999999881 0.000525575 -0.138409302 -0.000048463 -0.000525572 0.999999881 4.828220844
0.999999940 -0.000068899 0.000212520 0.111080058 0.000068750 0.999999762 0.000702017 -0.145600989 -0.000212568 -0.000702003 0.999999702 5.089221001
0.999999881 0.000019422 0.000531258 0.106354780 -0.000019914 0.999999523 0.000926899 -0.159419000 -0.000531240 -0.000926909 0.999999404 5.350504398
0.999999285 0.001016432 0.000629126 0.104606375 -0.001016784 0.999999285 0.000558634 -0.164292693 -0.000628558 -0.000559273 0.999999583 5.609847069
0.999999464 0.000884188 0.000550478 0.105680168 -0.000884830 0.999998927 0.001167318 -0.176092923 -0.000549445 -0.001167804 0.999999106 5.874761105
0.999999642 0.000560438 0.000620386 0.115605056 -0.000560775 0.999999702 0.000542530 -0.175777301 -0.000620082 -0.000542878 0.999999642 6.150587559
0.999999404 0.000707587 0.000864787 0.119372569 -0.000707990 0.999999642 0.000465109 -0.180502653 -0.000864457 -0.000465721 0.999999523 6.429600716
0.999998868 0.001233498 0.000844881 0.123206466 -0.001234074 0.999998987 0.000682254 -0.194779754 -0.000844039 -0.000683296 0.999999344 6.713540077
0.999999166 0.001117851 0.000690012 0.129659086 -0.001118090 0.999999285 0.000346392 -0.201884180 -0.000689625 -0.000347163 0.999999702 7.000449657
0.999998927 0.001209880 0.000819232 0.137815356 -0.001210375 0.999999046 0.000603677 -0.211700231 -0.000818501 -0.000604668 0.999999464 7.296704769
0.999997258 0.001817546 0.001467030 0.136937186 -0.001817788 0.999998331 0.000163266 -0.219894052 -0.001466730 -0.000165933 0.999998868 7.604747295
0.999998331 0.001406170 0.001140500 0.147580937 -0.001406995 0.999998748 0.000722949 -0.232478723 -0.001139483 -0.000724552 0.999999046 7.915466309
0.999999046 0.000627533 0.001245322 0.153720796 -0.000629361 0.999998868 0.001467622 -0.249077827 -0.001244400 -0.001468404 0.999998093 8.233435631
0.999998510 0.001255195 0.001208076 0.156787753 -0.001256215 0.999998868 0.000843789 -0.253999054 -0.001207016 -0.000845305 0.999998927 8.555609703
0.999998629 0.000444005 0.001539654 0.164098084 -0.000446013 0.999999046 0.001304369 -0.268923432 -0.001539073 -0.001305054 0.999997973 8.890872955
0.999997795 0.001172091 0.001759308 0.167642802 -0.001173966 0.999998748 0.001065256 -0.270925075 -0.001758056 -0.001067319 0.999997854 9.219017982
0.999998689 0.000488088 0.001535004 0.175967246 -0.000489267 0.999999523 0.000767926 -0.281401992 -0.001534629 -0.000768676 0.999998450 9.563125610
0.999998033 0.001200004 0.001596472 0.180535987 -0.001201240 0.999998987 0.000773632 -0.293326199 -0.001595543 -0.000775548 0.999998450 9.906974792
0.999998689 0.001005047 0.001250678 0.189530253 -0.001005520 0.999999404 0.000377911 -0.302915305 -0.001250297 -0.000379168 0.999999166 10.265679359
0.999998629 0.000859471 0.001408893 0.197737187 -0.000860714 0.999999166 0.000882139 -0.317735612 -0.001408133 -0.000883350 0.999998629 10.610776901
0.999998033 0.001160962 0.001605897 0.204654679 -0.001163645 0.999997914 0.001670666 -0.334337682 -0.001603953 -0.001672531 0.999997318 10.974308968
0.999995768 0.001582370 0.002430051 0.201791003 -0.001584807 0.999998271 0.001001554 -0.346675247 -0.002428462 -0.001005401 0.999996543 11.357389450
0.999998689 0.000369007 0.001582558 0.224607587 -0.000371662 0.999998510 0.001677463 -0.356893182 -0.001581936 -0.001678049 0.999997318 11.710948944
0.999999166 0.000389346 0.001254309 0.237676218 -0.000391920 0.999997795 0.002051988 -0.376207829 -0.001253507 -0.002052477 0.999997079 12.084673882
0.999997079 0.001203528 0.002107262 0.236689746 -0.001206648 0.999998093 0.001480040 -0.385240585 -0.002105477 -0.001482579 0.999996662 12.480617523
0.999997675 0.001309023 0.001722721 0.256582081 -0.001311805 0.999997854 0.001614465 -0.387275219 -0.001720604 -0.001616721 0.999997139 12.871163368
0.999998271 0.000844660 0.001660915 0.266280562 -0.000847969 0.999997675 0.001992594 -0.405371517 -0.001659228 -0.001993999 0.999996662 13.272564888
0.999998093 0.000404665 0.001877328 0.278881669 -0.000407452 0.999998808 0.001484426 -0.409537256 -0.001876726 -0.001485188 0.999997139 13.675753593
0.999995589 0.001651690 0.002472113 0.275952697 -0.001654099 0.999998152 0.000972853 -0.413001537 -0.002470501 -0.000976938 0.999996424 14.090993881
0.999996543 0.000518653 0.002561344 0.284277171 -0.000522036 0.999999106 0.001320250 -0.426298857 -0.002560657 -0.001321582 0.999995828 14.498879433
0.999993622 0.001754764 0.003082395 0.290989965 -0.001759827 0.999997079 0.001640595 -0.444855154 -0.003079507 -0.001646009 0.999993920 14.923755646
0.999993980 0.001631157 0.003035490 0.305886090 -0.001635651 0.999997556 0.001478754 -0.453734368 -0.003033071 -0.001483711 0.999994278 15.364166260
0.999992549 0.001548656 0.003537758 0.312818170 -0.001554966 0.999997199 0.001781658 -0.472223192 -0.003534988 -0.001787146 0.999992132 15.803523064
0.999993324 0.001381406 0.003362122 0.326552808 -0.001387390 0.999997437 0.001778245 -0.481933236 -0.003359656 -0.001782898 0.999992788 16.249393463
0.999994040 0.001036805 0.003288487 0.338415712 -0.001041474 0.999998391 0.001418678 -0.491250724 -0.003287011 -0.001422094 0.999993563 16.696201324
0.999991417 0.001562888 0.003838974 0.345291853 -0.001568674 0.999997616 0.001504583 -0.502227724 -0.003836613 -0.001510592 0.999991477 17.153421402
0.999989331 0.001628487 0.004313527 0.352558434 -0.001634658 0.999997616 0.001427216 -0.513517022 -0.004311192 -0.001434252 0.999989688 17.608085632
0.999984562 0.001610771 0.005309061 0.359251618 -0.001619906 0.999997199 0.001716784 -0.529144764 -0.005306281 -0.001725358 0.999984443 18.078556061
0.999989033 0.001082578 0.004550854 0.385575742 -0.001092295 0.999997139 0.002133200 -0.549304783 -0.004548531 -0.002138148 0.999987304 18.544879913
0.999993742 0.000984659 0.003397595 0.404597342 -0.000992566 0.999996841 0.002326238 -0.568545997 -0.003395293 -0.002329596 0.999991477 18.994318008
0.999985635 0.001364936 0.005180757 0.407118320 -0.001376430 0.999996603 0.002215723 -0.577130616 -0.005177714 -0.002222822 0.999984145 19.512916565
0.999984860 0.002197059 0.005050515 0.420052946 -0.002207351 0.999995470 0.002033175 -0.585593700 -0.005046025 -0.002044293 0.999985158 19.984222412
0.999985218 0.002194691 0.004967398 0.438379109 -0.002202978 0.999996185 0.001663590 -0.597705066 -0.004963728 -0.001674509 0.999986291 20.471742630
0.999984682 0.002441168 0.004956817 0.451297939 -0.002450668 0.999995172 0.001911578 -0.611190498 -0.004952125 -0.001923696 0.999985874 20.969303131
0.999984741 0.002537024 0.004906655 0.455346018 -0.002546694 0.999994814 0.001965435 -0.622721970 -0.004901642 -0.001977901 0.999986053 21.470352173
0.999989331 0.001971000 0.004200045 0.474322200 -0.001980935 0.999995172 0.002362547 -0.642964184 -0.004195369 -0.002370841 0.999988317 21.968894958
0.999990225 0.002549758 0.003609664 0.486364603 -0.002555000 0.999995708 0.001448073 -0.641910195 -0.003605954 -0.001457282 0.999992371 22.489297867
0.999992430 0.002565101 0.002927536 0.504057169 -0.002570260 0.999995172 0.001759637 -0.666374207 -0.002923009 -0.001767148 0.999994099 22.988914490
0.999993145 0.002639122 0.002605093 0.512043178 -0.002644018 0.999994695 0.001878073 -0.681488216 -0.002600124 -0.001884947 0.999994814 23.507434845
0.999997199 0.001613456 0.001736897 0.528072476 -0.001615246 0.999998152 0.001029229 -0.689857006 -0.001735234 -0.001032032 0.999997914 24.046886444
0.999994755 0.002838437 0.001650394 0.535857320 -0.002841845 0.999993801 0.002066397 -0.710047603 -0.001644519 -0.002071076 0.999996483 24.584915161
0.999994159 0.003054551 0.001485649 0.540223598 -0.003057922 0.999992728 0.002272060 -0.729100347 -0.001478698 -0.002276590 0.999996305 25.111948013
0.999997437 0.002231499 0.000380066 0.559938610 -0.002232306 0.999995232 0.002138072 -0.741195858 -0.000375293 -0.002138915 0.999997616 25.661642075
0.999994278 0.003368501 0.000238965 0.566012263 -0.003368852 0.999993265 0.001482806 -0.750827968 -0.000233969 -0.001483602 0.999998808 26.210399628
0.999994457 0.003271136 0.000659907 0.573579252 -0.003272971 0.999990702 0.002799016 -0.774798512 -0.000650745 -0.002801160 0.999995887 26.789091110
0.999996126 0.002785850 -0.000048389 0.589587629 -0.002785690 0.999991536 0.003027088 -0.795143783 0.000056822 -0.003026941 0.999995351 27.325881958
0.999994338 0.003386810 0.000383757 0.592123270 -0.003387872 0.999990284 0.002802700 -0.810742557 -0.000374261 -0.002803984 0.999995947 27.866123199
0.999993563 0.003584697 -0.000052402 0.605244160 -0.003584524 0.999989092 0.003003959 -0.828819275 0.000063170 -0.003003752 0.999995470 28.417541504
0.999990821 0.004215037 -0.000675798 0.619350553 -0.004213030 0.999986708 0.002944914 -0.845493257 0.000688202 -0.002942039 0.999995410 28.948160172
0.999991894 0.003937461 -0.000865171 0.633776128 -0.003934912 0.999987960 0.002928052 -0.856359780 0.000876690 -0.002924624 0.999995351 29.487056732
0.999990761 0.004106714 -0.001200167 0.635820150 -0.004102781 0.999986291 0.003261972 -0.875154853 0.001213547 -0.003257017 0.999993980 30.028673172
0.999990404 0.004164248 -0.001376119 0.646932602 -0.004159240 0.999984801 0.003621130 -0.894300401 0.001391177 -0.003615371 0.999992430 30.572837830
0.999986053 0.005143021 -0.001168773 0.652482331 -0.005139495 0.999982297 0.002998822 -0.900971353 0.001184176 -0.002992774 0.999994755 31.120357513
0.999987423 0.004561410 -0.002094174 0.664569914 -0.004554940 0.999984860 0.003084100 -0.916044652 0.002108210 -0.003074522 0.999992967 31.666217804
0.999985397 0.005072660 -0.001878017 0.670503676 -0.005067340 0.999983311 0.002826560 -0.938238978 0.001892324 -0.002817003 0.999994218 32.196655273
0.999987304 0.004319256 -0.002587973 0.679305136 -0.004311246 0.999985933 0.003092713 -0.943836033 0.002601295 -0.003081517 0.999991894 32.740070343
0.999986708 0.004124556 -0.003079350 0.688818097 -0.004114435 0.999986112 0.003285927 -0.964671612 0.003092860 -0.003273214 0.999989867 33.291595459
0.999985635 0.004033754 -0.003519016 0.702914238 -0.004022951 0.999987185 0.003071276 -0.975995660 0.003531360 -0.003057075 0.999989092 33.824817657
0.999985397 0.004074912 -0.003547241 0.708033681 -0.004062599 0.999985695 0.003471519 -0.998301804 0.003561336 -0.003457057 0.999987662 34.362445831
0.999983072 0.002991274 -0.004982290 0.732048810 -0.002974780 0.999990046 0.003314653 -1.010892868 0.004992156 -0.003299775 0.999982119 34.907173157
0.999982834 0.002647687 -0.005210157 0.741729021 -0.002632463 0.999992251 0.002926761 -1.019263268 0.005217867 -0.002912995 0.999982119 35.455677032
0.999980748 0.001964524 -0.005878903 0.755656481 -0.001946826 0.999993682 0.003014647 -1.038224339 0.005884787 -0.003003144 0.999978125 36.015266418
0.999979556 0.002177864 -0.006015952 0.762978613 -0.002161511 0.999993980 0.002723428 -1.049004912 0.006021847 -0.002710369 0.999978185 36.565773010
0.999978542 0.002053775 -0.006225228 0.770830989 -0.002034588 0.999993145 0.003086803 -1.068631530 0.006231525 -0.003074071 0.999975801 37.099441528
0.999978006 0.002282832 -0.006231755 0.777476430 -0.002263640 0.999992609 0.003085052 -1.079071999 0.006238753 -0.003070878 0.999975801 37.658657074
0.999976456 0.002289584 -0.006484778 0.785984099 -0.002267476 0.999991596 0.003414580 -1.096572161 0.006492542 -0.003399795 0.999973118 38.201377869
0.999970138 0.001445267 -0.007582793 0.807265997 -0.001414806 0.999990940 0.004020940 -1.120329857 0.007588535 -0.004010092 0.999963164 38.742599487
0.999971092 0.002133452 -0.007293988 0.799090981 -0.002107548 0.999991477 0.003557247 -1.129119158 0.007301516 -0.003541772 0.999967098 39.290111542
0.999969959 0.000928478 -0.007692371 0.811640620 -0.000900762 0.999993086 0.003605680 -1.140917659 0.007695666 -0.003598643 0.999963939 39.808185577
0.999966919 -0.000015971 -0.008130922 0.823298633 0.000047231 0.999992549 0.003844413 -1.149289370 0.008130801 -0.003844671 0.999959528 40.389389038
0.999961734 0.000518804 -0.008730846 0.824782491 -0.000490297 0.999994516 0.003266925 -1.166114926 0.008732494 -0.003262519 0.999956548 40.939506531
0.999959707 -0.000041244 -0.008973506 0.833792090 0.000071137 0.999994397 0.003330918 -1.176500559 0.008973317 -0.003331422 0.999954164 41.475730896
0.999948144 -0.001056288 -0.010124166 0.841805458 0.001086430 0.999994934 0.002972147 -1.186774611 0.010120975 -0.002982992 0.999944270 42.057849884
0.999953985 0.000223458 -0.009590335 0.836815357 -0.000190340 0.999994040 0.003454103 -1.201528907 0.009591048 -0.003452119 0.999948025 42.601398468
0.999948621 -0.000314737 -0.010144132 0.846818566 0.000352559 0.999992907 0.003726805 -1.219225168 0.010142889 -0.003730190 0.999941587 43.146575928
0.999946952 -0.000477728 -0.010283991 0.851306140 0.000511577 0.999994457 0.003289132 -1.235187888 0.010282362 -0.003294218 0.999941707 43.676879883
0.999947846 -0.001062618 -0.010150847 0.848961592 0.001106102 0.999990165 0.004279056 -1.252739072 0.010146200 -0.004290060 0.999939322 44.213603973
0.999942660 -0.000880515 -0.010674557 0.859361708 0.000916053 0.999994040 0.003324811 -1.256136298 0.010671565 -0.003334399 0.999937475 44.762042999
0.999945879 -0.001075015 -0.010346678 0.863141298 0.001110672 0.999993443 0.003441100 -1.270198345 0.010342912 -0.003452406 0.999940515 45.301078796
0.999947131 -0.001029025 -0.010225525 0.864352524 0.001065908 0.999992967 0.003602119 -1.284957290 0.010221746 -0.003612828 0.999941170 45.850849152
0.999942005 -0.001593894 -0.010650140 0.872946143 0.001627519 0.999993742 0.003149367 -1.297798991 0.010645054 -0.003166518 0.999938250 46.387989044
0.999946475 -0.001269636 -0.010261170 0.870812058 0.001301320 0.999994397 0.003081787 -1.309170961 0.010257197 -0.003094976 0.999942601 46.933765411
0.999942839 -0.001654971 -0.010556251 0.870326996 0.001695509 0.999991179 0.003832359 -1.331593990 0.010549813 -0.003850037 0.999936938 47.465217590
0.999941349 -0.001456827 -0.010730800 0.879117727 0.001499633 0.999990940 0.003982181 -1.347005129 0.010724903 -0.003998040 0.999934494 48.005035400
0.999945045 -0.001135989 -0.010421309 0.887014091 0.001169120 0.999994278 0.003173639 -1.348598242 0.010417644 -0.003185649 0.999940634 48.550941467
0.999940515 -0.001506924 -0.010801746 0.895505011 0.001537010 0.999994874 0.002777519 -1.361956596 0.010797506 -0.002793956 0.999937773 49.091049194
0.999943554 -0.001225126 -0.010552936 0.899590135 0.001256826 0.999994695 0.002997733 -1.377216458 0.010549207 -0.003010827 0.999939799 49.632915497
0.999940991 -0.001718733 -0.010728193 0.901938677 0.001754040 0.999993026 0.003282464 -1.393152118 0.010722476 -0.003301087 0.999937057 50.159633636
0.999942839 -0.002012435 -0.010503665 0.904020965 0.002045801 0.999992907 0.003166764 -1.406091213 0.010497217 -0.003188071 0.999939799 50.697734833
0.999942183 -0.002126050 -0.010551623 0.912691772 0.002163213 0.999991477 0.003511865 -1.424873710 0.010544067 -0.003534487 0.999938130 51.241287231
0.999934494 -0.002298407 -0.011211826 0.922393262 0.002339480 0.999990582 0.003651532 -1.437287688 0.011203330 -0.003677523 0.999930501 51.766502380
0.999940872 -0.002175312 -0.010653391 0.917201698 0.002208423 0.999992788 0.003097263 -1.447936058 0.010646576 -0.003120607 0.999938428 52.314895630
0.999935985 -0.002230795 -0.011094142 0.932806373 0.002255258 0.999995053 0.002192978 -1.450363517 0.011089198 -0.002217858 0.999935985 52.864513397
0.999943614 -0.001760753 -0.010474409 0.926054597 0.001791796 0.999994040 0.002955105 -1.481294274 0.010469145 -0.002973706 0.999940753 53.390846252
0.999937594 -0.002154201 -0.010955058 0.938076854 0.002183335 0.999994099 0.002648161 -1.489597797 0.010949288 -0.002671914 0.999936402 53.939163208
0.999932766 -0.002497094 -0.011317954 0.947907925 0.002530050 0.999992609 0.002898475 -1.507700562 0.011310632 -0.002926916 0.999931753 54.481346130
0.999930143 -0.002444459 -0.011566004 0.951926410 0.002483031 0.999991417 0.003321749 -1.524669290 0.011557785 -0.003350236 0.999927521 55.039512634
0.999932468 -0.002592504 -0.011321147 0.955427587 0.002627087 0.999991894 0.003040914 -1.537018538 0.011313174 -0.003070451 0.999931216 55.582416534
0.999928117 -0.002402702 -0.011743950 0.959507167 0.002434107 0.999993443 0.002660600 -1.548645020 0.011737479 -0.002688995 0.999927461 56.124458313
0.999933779 -0.002103869 -0.011315304 0.964251518 0.002135811 0.999993742 0.002811526 -1.562612772 0.011309318 -0.002835507 0.999932051 56.680744171
0.999933600 -0.002054309 -0.011336608 0.961575747 0.002082048 0.999994874 0.002435548 -1.569797516 0.011331547 -0.002458989 0.999932766 57.254261017
0.999933362 -0.002522382 -0.011266854 0.959214389 0.002548251 0.999994278 0.002282253 -1.584653497 0.011261033 -0.002310812 0.999933898 57.793361664
0.999934793 -0.002040070 -0.011235650 0.963646114 0.002070541 0.999994218 0.002701022 -1.604058146 0.011230076 -0.002724110 0.999933183 58.326366425
0.999939263 -0.001992670 -0.010833783 0.952355742 0.002017930 0.999995291 0.002321252 -1.610948086 0.010829105 -0.002342973 0.999938607 58.884395599
0.999954402 -0.000849327 -0.009513758 0.928774953 0.000873407 0.999996424 0.002527229 -1.626196742 0.009511576 -0.002535423 0.999951541 59.419811249
0.999954224 -0.000851334 -0.009529871 0.931270838 0.000877084 0.999995947 0.002698173 -1.641380310 0.009527534 -0.002706409 0.999950886 59.963634491
0.999952912 -0.001105538 -0.009640842 0.936936855 0.001128552 0.999996543 0.002382002 -1.650769472 0.009638174 -0.002392770 0.999950707 60.502540588
0.999957681 -0.000624171 -0.009179117 0.933465719 0.000644979 0.999997258 0.002264111 -1.669232130 0.009177680 -0.002269936 0.999955237 61.056995392
0.999960780 -0.000289065 -0.008849114 0.940632284 0.000312577 0.999996424 0.002655740 -1.683374405 0.008848315 -0.002658402 0.999957323 61.594810486
0.999956310 -0.000410831 -0.009332723 0.944328308 0.000431152 0.999997556 0.002175527 -1.693977118 0.009331805 -0.002179456 0.999954045 62.135810852
0.999960840 0.000017553 -0.008850913 0.946970284 0.000003301 0.999997139 0.002356186 -1.713673115 0.008850931 -0.002356123 0.999957979 62.675544739
0.999960065 -0.000410466 -0.008919156 0.949001014 0.000429936 0.999997497 0.002181119 -1.722936630 0.008918236 -0.002184866 0.999957860 63.210201263
0.999960124 -0.000287454 -0.008925502 0.955314934 0.000307082 0.999997497 0.002197766 -1.740721107 0.008924847 -0.002200418 0.999957740 63.750621796
0.999959350 -0.000452955 -0.009003849 0.961732626 0.000470580 0.999997973 0.001955468 -1.751701474 0.009002946 -0.001959626 0.999957561 64.294372559
0.999960721 -0.000276356 -0.008852917 0.963233232 0.000292733 0.999998271 0.001848666 -1.763067961 0.008852391 -0.001851185 0.999959111 64.833763123
0.999961555 -0.000248415 -0.008768398 0.973562241 0.000267849 0.999997497 0.002215266 -1.782432079 0.008767826 -0.002217529 0.999959111 65.376594543
0.999961793 -0.000278278 -0.008737896 0.976026177 0.000297252 0.999997616 0.002170238 -1.795549273 0.008737273 -0.002172753 0.999959469 65.916778564
0.999959767 -0.000492980 -0.008972536 0.978540659 0.000512663 0.999997497 0.002191443 -1.812436700 0.008971432 -0.002195955 0.999957263 66.466850281
0.999962151 -0.000134685 -0.008699512 0.985210657 0.000155817 0.999997020 0.002428457 -1.828952551 0.008699159 -0.002429720 0.999959230 67.005477905
0.999965012 -0.000164159 -0.008361037 0.985938132 0.000184198 0.999997079 0.002396001 -1.840783954 0.008360619 -0.002397458 0.999962151 67.555236816
0.999965847 0.000068775 -0.008257184 0.990460992 -0.000047331 0.999996543 0.002597176 -1.862952471 0.008257336 -0.002596696 0.999962509 68.102561951
0.999964893 0.000607359 -0.008360497 0.997245371 -0.000585156 0.999996305 0.002657986 -1.876932025 0.008362082 -0.002653000 0.999961495 68.644950867
0.999962568 0.000539633 -0.008625100 1.003093719 -0.000521186 0.999997556 0.002140815 -1.885899782 0.008626234 -0.002136239 0.999960482 69.192550659
0.999964595 0.000583534 -0.008392386 1.008423805 -0.000568353 0.999998212 0.001811251 -1.898103833 0.008393428 -0.001806417 0.999963164 69.741195679
0.999964535 0.000514333 -0.008409005 1.015655756 -0.000499433 0.999998331 0.001773879 -1.911736131 0.008409902 -0.001769616 0.999962986 70.286613464
0.999964416 0.000654719 -0.008422844 1.022152662 -0.000643045 0.999998927 0.001388699 -1.922529578 0.008423745 -0.001383233 0.999963522 70.836334229
0.999965012 0.000480707 -0.008353307 1.032904387 -0.000469451 0.999998987 0.001349459 -1.938706279 0.008353945 -0.001345490 0.999964178 71.384902954
0.999965250 0.000818173 -0.008287425 1.034100652 -0.000805339 0.999998450 0.001551821 -1.953623295 0.008288682 -0.001545093 0.999964476 71.937629700
0.999964118 0.001062612 -0.008400261 1.040488362 -0.001048766 0.999998093 0.001652454 -1.970741510 0.008402000 -0.001643585 0.999963343 72.493339539
0.999966979 0.001360227 -0.008008340 1.045653105 -0.001347621 0.999997854 0.001579385 -1.983386636 0.008010473 -0.001568540 0.999966681 73.042015076
0.999967694 0.001335932 -0.007941715 1.046167850 -0.001323230 0.999997854 0.001604474 -1.995104790 0.007943841 -0.001593913 0.999967158 73.588752747
0.999966621 0.001226904 -0.008070503 1.054967880 -0.001215104 0.999998212 0.001466820 -2.009770870 0.008072288 -0.001456965 0.999966323 74.139343262
0.999967337 0.001453865 -0.007952709 1.063251019 -0.001440974 0.999997556 0.001626509 -2.023615837 0.007955053 -0.001614997 0.999967039 74.687179565
0.999967039 0.001015654 -0.008044661 1.069481850 -0.001004379 0.999998510 0.001405432 -2.038335562 0.008046076 -0.001397306 0.999966681 75.234527588
0.999966621 0.000972230 -0.008108824 1.079046607 -0.000959133 0.999998212 0.001618863 -2.054304123 0.008110382 -0.001611031 0.999965787 75.775047302
0.999966741 0.000917440 -0.008094944 1.084685087 -0.000907718 0.999998808 0.001204576 -2.064235210 0.008096038 -0.001197188 0.999966443 76.321975708
0.999967694 0.001192650 -0.007946512 1.090688944 -0.001183149 0.999998510 0.001200243 -2.079028368 0.007947933 -0.001190802 0.999967694 76.877548218
0.999970317 0.001235646 -0.007602215 1.096805096 -0.001226740 0.999998569 0.001176024 -2.093164444 0.007603657 -0.001166663 0.999970436 77.429252625
0.999967873 0.000953448 -0.007957318 1.098264456 -0.000944819 0.999998987 0.001088065 -2.105569601 0.007958346 -0.001080511 0.999967694 77.959014893
0.999970436 0.001536030 -0.007535762 1.101391673 -0.001530408 0.999998569 0.000751750 -2.118294001 0.007536908 -0.000740195 0.999971330 78.504051208
0.999972820 0.001351983 -0.007250598 1.106600761 -0.001344809 0.999998629 0.000994313 -2.133369923 0.007251932 -0.000984535 0.999973238 79.049987793
0.999972105 0.001929550 -0.007213346 1.109374046 -0.001923573 0.999997795 0.000835432 -2.146152496 0.007214942 -0.000821533 0.999973655 79.595977783
0.999974489 0.001901840 -0.006884249 1.116876125 -0.001898296 0.999997973 0.000521277 -2.161927700 0.006885225 -0.000508195 0.999976158 80.140785217
0.999982178 0.002031663 -0.005616356 1.121308327 -0.002025964 0.999997377 0.001020232 -2.177327394 0.005618416 -0.001008835 0.999983728 80.692985535
0.999984682 0.002427522 -0.004975344 1.140928388 -0.002426094 0.999997020 0.000293028 -2.188976049 0.004976039 -0.000280953 0.999987602 81.248283386
0.999989331 0.002605288 -0.003794165 1.152298927 -0.002603886 0.999996543 0.000374511 -2.208103418 0.003795128 -0.000364628 0.999992728 81.805290222
0.999993622 0.001810398 -0.003084434 1.177226305 -0.001810018 0.999998331 0.000125892 -2.231087685 0.003084657 -0.000120308 0.999995232 82.356124878
0.999997497 0.002145536 0.000679387 1.189094901 -0.002145375 0.999997675 -0.000237853 -2.232298136 -0.000679896 0.000236395 0.999999762 82.883399963
0.999994457 0.001304808 0.003072263 1.231655955 -0.001303399 0.999999046 -0.000460685 -2.244643450 -0.003072861 0.000456678 0.999995172 83.421264648
0.999974310 0.001292663 0.007047207 1.235842705 -0.001290680 0.999999046 -0.000286027 -2.261148214 -0.007047570 0.000276924 0.999975085 84.001457214
0.999929547 0.002114404 0.011678892 1.260490179 -0.002119784 0.999997675 0.000448325 -2.291347027 -0.011677919 -0.000473050 0.999931693 84.593742371
0.999855518 0.000850921 0.016976655 1.312985659 -0.000840980 0.999999464 -0.000592679 -2.296041489 -0.016977154 0.000578316 0.999855697 85.180976868
0.999722421 0.001751442 0.023494026 1.331103086 -0.001733204 0.999998152 -0.000796602 -2.317485809 -0.023495378 0.000755661 0.999723673 85.716735840
0.999609113 0.000757950 0.027947681 1.375253797 -0.000740456 0.999999523 -0.000636308 -2.335885048 -0.027948145 0.000615366 0.999609172 86.245109558
0.999344110 0.001145252 0.036192041 1.408115506 -0.001111701 0.999998927 -0.000947124 -2.350009203 -0.036193084 0.000906268 0.999344409 86.810737610
0.999005377 0.000180055 0.044587597 1.454920769 -0.000136675 0.999999523 -0.000975951 -2.362552881 -0.044587754 0.000968886 0.999005020 87.343994141
0.998684287 -0.000544000 0.051276837 1.498016119 0.000626192 0.999998569 -0.001586867 -2.375549078 -0.051275905 0.001616888 0.998683155 87.890151978
0.998143196 0.001211665 0.060899466 1.534477949 -0.001178101 0.999999106 -0.000587035 -2.394121885 -0.060900122 0.000514199 0.998143733 88.434341431
0.997433603 0.001628549 0.071579009 1.592596531 -0.001606112 0.999998629 -0.000371009 -2.417819738 -0.071579516 0.000255093 0.997434855 88.956344604
0.996817052 0.000987042 0.079716809 1.654601097 -0.000995506 0.999999523 0.000066437 -2.449092150 -0.079716697 -0.000145584 0.996817470 89.493003845
0.996116340 0.000593432 0.088044271 1.699466228 -0.000566477 0.999999702 -0.000331141 -2.451575756 -0.088044442 0.000279980 0.996116519 90.047279358
0.995065928 0.002519976 0.099183761 1.762057304 -0.002546167 0.999996722 0.000137486 -2.470191240 -0.099183105 -0.000389347 0.995069087 90.577133179
0.994060993 0.000133114 0.108824119 1.862418175 -0.000106039 0.999999940 -0.000254590 -2.492749929 -0.108824156 0.000241539 0.994060993 91.083160400
0.992995322 0.001018095 0.118149392 1.939885139 -0.001044498 0.999999464 0.000161551 -2.508163214 -0.118149161 -0.000283826 0.992995918 91.629486084
0.991558790 0.000832721 0.129655033 2.029528618 -0.000828469 0.999999642 -0.000086728 -2.510833979 -0.129655093 -0.000021419 0.991559148 92.181793213
0.989950478 0.001051695 0.141410634 2.128446579 -0.001039928 0.999999464 -0.000157118 -2.519505978 -0.141410708 0.000008482 0.989951134 92.710136414
0.988334417 0.000041978 0.152299389 2.229317665 -0.000088585 0.999999940 0.000299232 -2.550890923 -0.152299389 -0.000309232 0.988334358 93.237106323
0.986611962 -0.000244793 0.163085878 2.328414917 0.000249400 0.999999881 -0.000007774 -2.557662010 -0.163085833 0.000048344 0.986611903 93.785308838
0.984445155 0.000029350 0.175691709 2.448811531 0.000039909 0.999999881 -0.000390672 -2.559928417 -0.175691694 0.000391607 0.984445155 94.305816650
0.982111096 0.000369475 0.188302159 2.561161995 -0.000453667 0.999999821 0.000404010 -2.590849400 -0.188301980 -0.000482209 0.982111037 94.842216492
0.980004132 -0.000731117 0.198975921 2.685606003 0.000694232 0.999999702 0.000255138 -2.610085964 -0.198976070 -0.000111901 0.980004311 95.371009827
0.977321446 -0.000548632 0.211760566 2.833776474 0.000542860 0.999999821 0.000085394 -2.619351864 -0.211760581 0.000031499 0.977321565 95.891647339
0.974292934 -0.000533559 0.225284085 2.971073151 0.000491468 0.999999821 0.000242917 -2.629926682 -0.225284204 -0.000125953 0.974293113 96.428764343
0.971717656 -0.001375129 0.236141384 3.117589951 0.001331227 0.999998987 0.000345349 -2.645894766 -0.236141592 -0.000021224 0.971718669 96.942855835
0.968693495 -0.001112700 0.248257205 3.272386551 0.001042285 0.999999344 0.000415072 -2.656898260 -0.248257503 -0.000143323 0.968694091 97.470870972
0.965084314 -0.000438356 0.261939108 3.443096161 0.000549460 0.999999762 -0.000350915 -2.662032366 -0.261938930 0.000482588 0.965084255 97.991790771
0.961626649 -0.000058384 0.274361610 3.616033554 0.000273272 0.999999702 -0.000745005 -2.674526215 -0.274361521 0.000791392 0.961626291 98.514167786
0.958351016 -0.002248383 0.285584182 3.785341263 0.002248796 0.999997437 0.000326492 -2.705006123 -0.285584122 0.000329327 0.958353579 99.026657104
0.953964889 -0.002094117 0.299911022 3.942596436 0.001944218 0.999997795 0.000798229 -2.727053642 -0.299912035 -0.000178391 0.953966856 99.531074524
0.949745774 -0.002572102 0.313011765 4.152177811 0.002484187 0.999996662 0.000679682 -2.740179777 -0.313012540 0.000132055 0.949748993 100.049102783
0.945811689 -0.003148145 0.324700356 4.338203430 0.003087133 0.999994993 0.000703055 -2.750885725 -0.324700922 0.000337436 0.945816696 100.546379089
0.941063225 -0.003248229 0.338214904 4.544504166 0.003512257 0.999993801 -0.000168671 -2.756768703 -0.338212252 0.001346628 0.941068947 101.072563171
0.935812593 -0.003350664 0.352481961 4.756456375 0.003175670 0.999994397 0.001074705 -2.787189245 -0.352483600 0.000113644 0.935818017 101.593330383
0.931436539 -0.003799076 0.363883883 4.974761963 0.003840312 0.999992430 0.000610197 -2.795663595 -0.363883525 0.000829068 0.931444108 102.052589417
0.926868498 -0.004660050 0.375357211 5.216411591 0.004615802 0.999988854 0.001017048 -2.812222719 -0.375357807 0.000789904 0.926879644 102.566680908
0.920825064 -0.004436832 0.389950603 5.440528870 0.004341125 0.999989927 0.001126733 -2.825678825 -0.389951706 0.000655300 0.920835078 103.054969788
0.915060818 -0.004562238 0.403290004 5.674644470 0.004574420 0.999989033 0.000933116 -2.834572077 -0.403289944 0.000990960 0.915071666 103.546775818
0.910023212 -0.005217583 0.414524406 5.920001984 0.005413999 0.999985099 0.000701141 -2.851420164 -0.414521873 0.001606180 0.910037935 104.035491943
0.903737843 -0.005611137 0.428049594 6.161273956 0.005552030 0.999983549 0.001386441 -2.871300697 -0.428050369 0.001123565 0.903754175 104.499511719
0.896929920 -0.005541660 0.442138135 6.424926758 0.005386115 0.999984145 0.001607202 -2.888256311 -0.442140102 0.000939859 0.896945417 104.994384766
0.891318560 -0.006930756 0.453324556 6.686046600 0.006844403 0.999974906 0.001831002 -2.901094675 -0.453325927 0.001470730 0.891343653 105.444259644
0.886704504 -0.007980489 0.462267607 6.966579437 0.007889767 0.999966681 0.002129351 -2.917943954 -0.462269157 0.001759079 0.886737883 105.892227173
0.878371477 -0.006929649 0.477928311 7.239734650 0.006733492 0.999975085 0.002123683 -2.935487032 -0.477931172 0.001352743 0.878396213 106.393630981
0.871444762 -0.007456922 0.490437210 7.535999298 0.007308724 0.999970853 0.002217524 -2.951964140 -0.490439504 0.001652020 0.871473670 106.860198975
