1.000000000 0.000000000 0.000000000 0.000000000 0.000000000 1.000000000 0.000000000 0.000000000 0.000000000 0.000000000 1.000000000 0.000000000
1.000000000 -0.000019798 -0.000039950 0.000582545 0.000019799 1.000000000 0.000032328 -0.001003092 0.000039950 -0.000032329 1.000000000 -0.001728574
1.000000000 -0.000055162 -0.000023096 0.000900323 0.000055161 1.000000000 -0.000009887 -0.000274877 0.000023096 0.000009885 1.000000000 -0.002388506
1.000000000 -0.000156951 -0.000114868 0.001789762 0.000156959 1.000000000 0.000071737 -0.001803871 0.000114857 -0.000071755 1.000000000 -0.004067438
1.000000000 -0.000136775 -0.000099902 -0.000113239 0.000136774 1.000000000 -0.000008472 -0.000177604 0.000099903 0.000008459 1.000000000 -0.003402156
1.000000000 -0.000186522 -0.000064452 0.001321660 0.000186526 1.000000000 0.000061375 -0.001137147 0.000064440 -0.000061387 1.000000000 -0.001204374
1.000000000 -0.000161990 -0.000022687 0.000397597 0.000161991 1.000000000 0.000037322 -0.001135517 0.000022681 -0.000037326 1.000000000 -0.003695798
1.000000000 -0.000061734 -0.000046933 0.000303138 0.000061735 1.000000000 0.000007988 0.000221593 0.000046933 -0.000007991 1.000000000 -0.003585054
1.000000000 -0.000096835 -0.000034639 0.000347264 0.000096834 1.000000000 -0.000010703 0.000622729 0.000034640 0.000010699 1.000000000 -0.000588481
1.000000000 -0.000040324 -0.000064936 -0.000294306 0.000040323 1.000000000 -0.000016861 0.001107404 0.000064937 0.000016858 1.000000000 -0.002273937
1.000000000 -0.000151814 -0.000140448 0.000956593 0.000151821 1.000000000 0.000050149 -0.000367698 0.000140440 -0.000050170 1.000000000 -0.002953601
1.000000000 -0.000190219 -0.000095713 0.000031061 0.000190216 1.000000000 -0.000031636 0.000388636 0.000095719 0.000031618 1.000000000 -0.000892263
1.000000000 -0.000173321 -0.000050927 -0.000851941 0.000173322 1.000000000 0.000031355 0.001013183 0.000050921 -0.000031364 1.000000000 -0.000823593
1.000000000 -0.000123574 -0.000063506 0.000395293 0.000123575 1.000000000 0.000022637 -0.000082171 0.000063503 -0.000022645 1.000000000 -0.003703651
1.000000000 -0.000110550 -0.000068723 0.000991195 0.000110556 1.000000000 0.000090484 -0.000330256 0.000068713 -0.000090491 1.000000000 -0.003785454
1.000000000 -0.000102645 -0.000054758 0.002096807 0.000102650 1.000000000 0.000106963 -0.001335949 0.000054747 -0.000106969 1.000000000 -0.007365264
1.000000000 -0.000063599 -0.000082259 0.001043483 0.000063600 1.000000000 0.000013365 0.000606414 0.000082258 -0.000013370 1.000000000 -0.002987452
1.000000000 -0.000021441 -0.000075900 0.000675379 0.000021447 1.000000000 0.000077652 -0.000232416 0.000075898 -0.000077654 1.000000000 -0.004467420
1.000000000 -0.000211508 -0.000094396 0.000359249 0.000211510 1.000000000 0.000021569 -0.000307114 0.000094391 -0.000021589 1.000000000 -0.003510630
1.000000000 -0.000197221 -0.000076119 0.000275182 0.000197223 1.000000000 0.000024894 0.000872110 0.000076114 -0.000024909 1.000000000 0.000168649
1.000000000 -0.000209063 -0.000044148 -0.000324652 0.000209066 1.000000000 0.000070668 -0.001049794 0.000044133 -0.000070677 1.000000000 -0.002991867
1.000000000 -0.000087878 -0.000107664 0.003070160 0.000087885 1.000000000 0.000057973 -0.000172906 0.000107659 -0.000057983 1.000000000 -0.002863164
1.000000000 -0.000104828 -0.000094874 0.002344995 0.000104834 1.000000000 0.000060651 -0.000869309 0.000094868 -0.000060660 1.000000000 -0.002749713
0.999999940 -0.000216125 -0.000124989 0.001095939 0.000216132 1.000000000 0.000056323 -0.000378088 0.000124977 -0.000056350 1.000000000 -0.003917034
0.999999940 -0.000173660 -0.000177850 0.002356077 0.000173669 1.000000000 0.000049441 -0.000452143 0.000177842 -0.000049472 1.000000000 -0.003914247
1.000000000 -0.000205312 -0.000118882 0.001678888 0.000205317 1.000000000 0.000046788 0.000003667 0.000118872 -0.000046813 1.000000000 -0.003930809
0.999999940 -0.000226858 -0.000144892 0.002660090 0.000226866 1.000000000 0.000055506 -0.000309879 0.000144880 -0.000055539 1.000000000 -0.004462836
0.999999940 -0.000300617 -0.000115783 0.000695154 0.000300626 0.999999940 0.000076992 -0.000822056 0.000115760 -0.000077027 1.000000000 -0.005590086
1.000000000 -0.000091738 -0.000137678 0.001739688 0.000091750 1.000000000 0.000081018 -0.000109304 0.000137671 -0.000081031 1.000000000 -0.003060256
1.000000000 -0.000182752 -0.000126148 0.002606443 0.000182766 1.000000000 0.000109610 -0.000921103 0.000126128 -0.000109633 1.000000000 -0.004311515
1.000000000 -0.000167120 -0.000140209 0.000480401 0.000167130 1.000000000 0.000068843 0.000750824 0.000140198 -0.000068866 1.000000000 -0.001600981
0.999999940 -0.000287578 -0.000162461 0.000705079 0.000287594 0.999999940 0.000094083 0.000237453 0.000162434 -0.000094130 1.000000000 -0.003969741
1.000000000 -0.000201792 -0.000127747 0.001089469 0.000201790 1.000000000 -0.000018341 0.000527730 0.000127751 0.000018315 1.000000000 -0.001937312
0.999999940 -0.000239619 -0.000134176 0.001651366 0.000239623 1.000000000 0.000032374 -0.000062388 0.000134168 -0.000032407 1.000000000 -0.003105066
1.000000000 -0.000215507 -0.000100798 0.000824413 0.000215515 1.000000000 0.000083047 -0.000840027 0.000100780 -0.000083069 1.000000000 -0.005890049
0.999999940 -0.000254901 -0.000172208 0.002689226 0.000254902 0.999999940 0.000005969 0.000239302 0.000172206 -0.000006013 1.000000000 -0.003744651
0.999999940 -0.000201373 -0.000165719 0.003186777 0.000201389 1.000000000 0.000097276 -0.000427297 0.000165700 -0.000097309 1.000000000 -0.007207406
0.999999940 -0.000282468 -0.000139242 0.000632106 0.000282474 0.999999940 0.000042001 -0.000165523 0.000139231 -0.000042041 1.000000000 -0.005420494
1.000000000 -0.000173038 -0.000132870 0.001108893 0.000173055 1.000000000 0.000129291 -0.000478403 0.000132848 -0.000129314 1.000000000 -0.003855826
1.000000000 -0.000186063 -0.000135065 0.002385007 0.000186068 1.000000000 0.000037106 -0.001284537 0.000135058 -0.000037131 1.000000000 -0.001022945
0.999999940 -0.000284694 -0.000119437 0.002185690 0.000284633 0.999999821 -0.000505423 -0.001093882 0.000119581 0.000505389 0.999999881 0.048096329
1.000000000 -0.000088961 -0.000165501 0.001981675 0.000088777 0.999999404 -0.001112194 -0.003425381 0.000165600 0.001112179 0.999999344 0.140435934
0.999999940 -0.000207458 -0.000168245 0.006031544 0.000207223 0.999998987 -0.001394262 -0.007855850 0.000168534 0.001394227 0.999998987 0.253162801
1.000000000 -0.000205702 -0.000053835 0.005853241 0.000205628 0.999999046 -0.001367840 -0.012628858 0.000054117 0.001367829 0.999999046 0.388568044
0.999999940 -0.000101402 -0.000223737 0.011219989 0.000101158 0.999999404 -0.001092761 -0.019537505 0.000223848 0.001092738 0.999999404 0.526027083
0.999999940 -0.000200812 -0.000155160 0.012530320 0.000200658 0.999999464 -0.000992945 -0.022247316 0.000155360 0.000992914 0.999999523 0.687237859
1.000000000 -0.000188702 -0.000123923 0.016946116 0.000188585 0.999999523 -0.000944420 -0.024563706 0.000124101 0.000944397 0.999999523 0.847836792
0.999999940 0.000308520 0.000069115 0.017347971 -0.000308466 0.999999642 -0.000781714 -0.025579881 -0.000069356 0.000781693 0.999999702 1.022047162
1.000000000 -0.000127574 -0.000188269 0.028619945 0.000127471 0.999999821 -0.000544628 -0.036602084 0.000188338 0.000544604 0.999999821 1.180625319
1.000000000 -0.000034453 0.000019751 0.029790670 0.000034460 0.999999940 -0.000318564 -0.041492239 -0.000019740 0.000318565 0.999999940 1.368813634
1.000000000 0.000156977 -0.000024834 0.035482761 -0.000156983 0.999999940 -0.000274547 -0.046017207 0.000024791 0.000274551 0.999999940 1.570559025
0.999999940 0.000008299 0.000244745 0.034831103 -0.000008231 0.999999940 -0.000277964 -0.056936529 -0.000244747 0.000277962 0.999999940 1.791207075
0.999998093 0.000324014 0.001935917 0.018523378 -0.000324412 0.999999940 0.000205052 -0.054198757 -0.001935850 -0.000205680 0.999998093 1.830306411
0.999997079 0.000864243 0.002288416 0.015972154 -0.000864248 0.999999702 0.000001158 -0.060915146 -0.002288414 -0.000003136 0.999997377 2.041312218
0.999998510 0.000381180 0.001675789 0.028887821 -0.000381666 0.999999881 0.000289265 -0.066913344 -0.001675679 -0.000289904 0.999998510 2.258738995
0.999997973 0.000516605 0.001923708 0.036439262 -0.000517082 0.999999821 0.000247714 -0.071211085 -0.001923580 -0.000248708 0.999998093 2.476450205
0.999997616 0.000576419 0.002063632 0.033560637 -0.000576719 0.999999762 0.000144983 -0.078536779 -0.002063548 -0.000146173 0.999997854 2.692983627
0.999997079 0.000826261 0.002263787 0.036408372 -0.000826636 0.999999642 0.000164632 -0.081405982 -0.002263651 -0.000166503 0.999997437 2.924479008
0.999998033 0.000337105 0.001946182 0.046784252 -0.000337564 0.999999881 0.000235604 -0.091109611 -0.001946103 -0.000236261 0.999998093 3.169660091
0.999997616 0.000437004 0.002121340 0.050785121 -0.000437949 0.999999762 0.000445288 -0.099626422 -0.002121145 -0.000446216 0.999997675 3.420812368
0.999998510 0.000195848 0.001755131 0.060701419 -0.000197173 0.999999762 0.000755048 -0.109296218 -0.001754983 -0.000755393 0.999998152 3.656820059
0.999998152 0.000450763 0.001859113 0.060609363 -0.000452498 0.999999464 0.000933126 -0.121291012 -0.001858692 -0.000933966 0.999997854 3.921600819
0.999997139 0.000964483 0.002171679 0.063110128 -0.000966632 0.999999046 0.000988915 -0.126449332 -0.002170723 -0.000991011 0.999997139 4.178083420
0.999997377 0.000844885 0.002110957 0.071258537 -0.000847424 0.999998927 0.001202383 -0.135286570 -0.002109939 -0.001204169 0.999997020 4.433187962
0.999997675 0.000520030 0.002090381 0.078556575 -0.000523062 0.999998808 0.001450008 -0.143399522 -0.002089624 -0.001451098 0.999996781 4.691459656
0.999997914 0.000289537 0.002027342 0.082170747 -0.000292936 0.999998510 0.001676310 -0.154821098 -0.002026853 -0.001676900 0.999996543 4.954272747
0.999997616 0.000135272 0.002147970 0.077210337 -0.000138189 0.999998987 0.001357937 -0.158700630 -0.002147784 -0.001358231 0.999996781 5.180981636
0.999997675 0.000319356 0.002129310 0.084270559 -0.000322559 0.999998808 0.001504305 -0.168535501 -0.002128827 -0.001504989 0.999996603 5.446460247
0.999997497 0.000452149 0.002139331 0.091842674 -0.000455488 0.999998629 0.001560483 -0.177165970 -0.002138623 -0.001561454 0.999996483 5.721306324
0.999997795 -0.000047678 0.002064057 0.096390903 0.000044588 0.999998808 0.001496770 -0.186991036 -0.002064127 -0.001496675 0.999996722 6.003409386
0.999997437 0.000212614 0.002272105 0.102783628 -0.000216620 0.999998450 0.001763080 -0.193412334 -0.002271727 -0.001763567 0.999995887 6.281871319
0.999995232 0.001619737 0.002638670 0.094273008 -0.001624317 0.999997139 0.001734451 -0.218017936 -0.002635853 -0.001738729 0.999994993 6.554294109
0.999994814 0.001705898 0.002740598 0.100626394 -0.001710900 0.999996901 0.001823910 -0.224697769 -0.002737478 -0.001828589 0.999994576 6.854373455
0.999995470 0.001372657 0.002678943 0.114380643 -0.001377856 0.999997199 0.001939898 -0.239493698 -0.002676272 -0.001943580 0.999994516 7.137121201
0.999994993 0.001512996 0.002766369 0.121351451 -0.001518124 0.999997199 0.001852823 -0.246915355 -0.002763558 -0.001857013 0.999994457 7.451898098
0.999995172 0.001378682 0.002799709 0.133118019 -0.001384468 0.999996901 0.002065771 -0.265564114 -0.002796852 -0.002069637 0.999993861 7.768644810
0.999996364 0.000824913 0.002564774 0.143019557 -0.000830683 0.999997139 0.002249318 -0.267252177 -0.002562911 -0.002251441 0.999994099 8.085009575
0.999996603 0.000732489 0.002497155 0.153987393 -0.000738161 0.999997139 0.002271458 -0.275977075 -0.002495484 -0.002273294 0.999994278 8.412196159
0.999995649 0.001044078 0.002753885 0.158944279 -0.001050513 0.999996781 0.002336308 -0.282855421 -0.002751436 -0.002339192 0.999993443 8.750551224
0.999995708 0.000792044 0.002808101 0.168143764 -0.000798593 0.999996960 0.002332078 -0.297077417 -0.002806245 -0.002334312 0.999993265 9.088947296
0.999995172 0.001356705 0.002765429 0.170901686 -0.001362890 0.999996662 0.002235695 -0.301505089 -0.002762386 -0.002239454 0.999993622 9.435276031
0.999996066 0.000738680 0.002689991 0.180615649 -0.000745696 0.999996245 0.002608039 -0.322381079 -0.002688054 -0.002610035 0.999992967 9.769525528
0.999996185 0.000775067 0.002662010 0.183704153 -0.000782167 0.999996126 0.002667044 -0.333335161 -0.002659933 -0.002669116 0.999992907 10.142642975
0.999995828 0.000568992 0.002814165 0.202696830 -0.000576914 0.999995828 0.002815048 -0.345354140 -0.002812552 -0.002816660 0.999992013 10.489439011
0.999994934 0.001208158 0.002917948 0.209412247 -0.001216772 0.999994874 0.002952080 -0.354269892 -0.002914367 -0.002955615 0.999991357 10.837572098
0.999994218 0.001482327 0.003049684 0.219379336 -0.001491563 0.999994278 0.003028395 -0.366098315 -0.003045178 -0.003032927 0.999990761 11.212982178
0.999992967 0.001713517 0.003340979 0.224577606 -0.001723786 0.999993742 0.003073327 -0.372573227 -0.003335692 -0.003079065 0.999989629 11.606885910
0.999992549 0.001927624 0.003338180 0.235193506 -0.001938912 0.999992311 0.003381552 -0.389202058 -0.003331637 -0.003388000 0.999988675 11.977326393
0.999993801 0.001478936 0.003193933 0.237099543 -0.001490068 0.999992907 0.003485832 -0.398357898 -0.003188755 -0.003490570 0.999988794 12.342600822
0.999992847 0.001832964 0.003323839 0.242732823 -0.001845415 0.999991238 0.003746632 -0.410015345 -0.003316943 -0.003752738 0.999987423 12.750411987
0.999994159 0.001798214 0.002892902 0.261545002 -0.001809711 0.999990404 0.003976704 -0.426180691 -0.002885723 -0.003981916 0.999987841 13.149071693
0.999993503 0.001630919 0.003212964 0.265329003 -0.001643486 0.999990940 0.003912451 -0.431672215 -0.003206554 -0.003917706 0.999987125 13.557232857
0.999993801 0.001408530 0.003269157 0.282115459 -0.001420368 0.999992430 0.003621545 -0.450018376 -0.003264032 -0.003626166 0.999988079 13.968188286
0.999992967 0.001445708 0.003471012 0.291765988 -0.001457802 0.999992847 0.003484395 -0.462007046 -0.003465949 -0.003489430 0.999987841 14.395526886
0.999992013 0.001323777 0.003785420 0.305201113 -0.001337943 0.999992132 0.003742266 -0.474850297 -0.003780436 -0.003747301 0.999985754 14.815657616
0.999992073 0.001264342 0.003782928 0.319201022 -0.001279011 0.999991536 0.003877587 -0.492517143 -0.003777994 -0.003882394 0.999985278 15.236274719
0.999990821 0.001254948 0.004123547 0.330778122 -0.001271733 0.999990880 0.004070571 -0.499808192 -0.004118401 -0.004075777 0.999983191 15.644849777
0.999990106 0.001239804 0.004296484 0.343187869 -0.001258228 0.999989927 0.004288103 -0.513507962 -0.004291126 -0.004293466 0.999981523 16.087902069
0.999989927 0.000798292 0.004400995 0.355889142 -0.000816610 0.999990940 0.004161944 -0.520778358 -0.004397633 -0.004165495 0.999981642 16.505865097
0.999988854 0.000957268 0.004631244 0.369816422 -0.000976899 0.999990523 0.004238505 -0.532230139 -0.004627143 -0.004242982 0.999980271 16.964262009
0.999987245 0.000649575 0.004999978 0.384338707 -0.000670981 0.999990642 0.004280614 -0.542912304 -0.004997151 -0.004283914 0.999978304 17.424121857
0.999987006 -0.000033940 0.005093980 0.400739312 0.000011174 0.999990046 0.004469212 -0.558007240 -0.005094081 -0.004469097 0.999976993 17.891401291
0.999985695 0.000763033 0.005294258 0.403116614 -0.000789281 0.999987364 0.004957639 -0.575441837 -0.005290409 -0.004961746 0.999973714 18.343334198
0.999985993 0.000788342 0.005233071 0.416307837 -0.000814937 0.999986768 0.005081908 -0.591279984 -0.005228996 -0.005086101 0.999973416 18.803712845
0.999988079 0.000462725 0.004867608 0.440900028 -0.000488015 0.999986351 0.005195719 -0.598530173 -0.004865138 -0.005198032 0.999974668 19.296709061
0.999986947 0.000764244 0.005043822 0.453286409 -0.000790661 0.999985993 0.005237527 -0.623006701 -0.005039749 -0.005241446 0.999973655 19.757894516
0.999985635 0.001016248 0.005264341 0.459234565 -0.001045161 0.999984324 0.005492417 -0.642584324 -0.005258678 -0.005497840 0.999970973 20.222919464
0.999987006 0.000932077 0.005002565 0.467855960 -0.000960770 0.999983072 0.005736453 -0.656549335 -0.004997133 -0.005741184 0.999970973 20.719177246
0.999991775 0.000210764 0.004048949 0.484407067 -0.000232828 0.999985158 0.005449519 -0.658330798 -0.004047740 -0.005450417 0.999976933 21.225006104
0.999992311 0.001028546 0.003797811 0.488840431 -0.001049092 0.999984801 0.005411778 -0.671184540 -0.003792187 -0.005415720 0.999978125 21.729812622
0.999994040 0.000142221 0.003449572 0.505833805 -0.000163030 0.999981761 0.006032996 -0.696846426 -0.003448651 -0.006033522 0.999975860 22.269409180
0.999996245 -0.000335392 0.002719499 0.520167053 0.000319637 0.999983072 0.005791843 -0.709064424 -0.002721397 -0.005790952 0.999979615 22.786102295
0.999996781 -0.000395227 0.002519924 0.531133354 0.000379509 0.999980509 0.006234991 -0.725666642 -0.002522339 -0.006234014 0.999977350 23.315513611
0.999997437 -0.001214895 0.001887252 0.529775858 0.001203047 0.999979615 0.006266736 -0.745144248 -0.001894827 -0.006264451 0.999978602 23.828273773
0.999998510 0.000121969 0.001706445 0.539594650 -0.000132727 0.999980092 0.006305708 -0.754983783 -0.001705642 -0.006305925 0.999978721 24.362058640
0.999999762 -0.000330687 0.000549627 0.564536452 0.000327149 0.999979317 0.006423152 -0.767870843 -0.000551740 -0.006422970 0.999979258 24.892633438
0.999999762 -0.000554759 -0.000063678 0.571451604 0.000555194 0.999975085 0.007032058 -0.785503864 0.000059775 -0.007032091 0.999975264 25.430233002
0.999999940 -0.000124778 -0.000235476 0.581267715 0.000126445 0.999974847 0.007095426 -0.796263576 0.000234585 -0.007095456 0.999974787 25.984334946
0.999997854 -0.001759217 -0.001119237 0.592047334 0.001767878 0.999968112 0.007785073 -0.811039031 0.001105506 -0.007787034 0.999969065 26.530927658
0.999997318 -0.001610711 -0.001629190 0.610043287 0.001624077 0.999964714 0.008236370 -0.831118643 0.001615866 -0.008238995 0.999964774 27.082395554
0.999997735 -0.001013700 -0.001914301 0.619383574 0.001029350 0.999965906 0.008192411 -0.848212183 0.001905932 -0.008194362 0.999964595 27.607463837
0.999997258 -0.000705562 -0.002241463 0.611534178 0.000723629 0.999967158 0.008069651 -0.854138076 0.002235696 -0.008071252 0.999964952 28.127012253
0.999996126 -0.000753271 -0.002658352 0.620287418 0.000775340 0.999965131 0.008310688 -0.867342710 0.002651999 -0.008312717 0.999961972 28.685102463
0.999995470 -0.001055653 -0.002817396 0.632947803 0.001080168 0.999961436 0.008714244 -0.887206495 0.002808088 -0.008717246 0.999958098 29.234020233
0.999994516 -0.000779544 -0.003194613 0.623586118 0.000807050 0.999962568 0.008617826 -0.898648977 0.003187775 -0.008620357 0.999957740 29.740016937
0.999994099 -0.000722353 -0.003366849 0.633746326 0.000751308 0.999962747 0.008606727 -0.909347713 0.003360506 -0.008609205 0.999957204 30.295545578
0.999994934 -0.000665409 -0.003085023 0.639885306 0.000691643 0.999963641 0.008510297 -0.921100378 0.003079247 -0.008512388 0.999958932 30.822368622
0.999991179 -0.001472827 -0.003924624 0.659658790 0.001507876 0.999958873 0.008942472 -0.940138817 0.003911291 -0.008948311 0.999952316 31.325510025
0.999988794 -0.001468359 -0.004500937 0.678762138 0.001508524 0.999958932 0.008933499 -0.961298704 0.004487635 -0.008940189 0.999949932 31.860260010
0.999985814 -0.001839118 -0.004999928 0.693640053 0.001885223 0.999955654 0.009232071 -0.970314324 0.004982728 -0.009241366 0.999944866 32.372211456
0.999987006 -0.001258489 -0.004945860 0.694221139 0.001303584 0.999957502 0.009125192 -0.980086327 0.004934167 -0.009131522 0.999946117 32.901756287
0.999987841 -0.000817079 -0.004853591 0.714380383 0.000861178 0.999958336 0.009090718 -1.019981146 0.004845959 -0.009094788 0.999946892 33.508190155
0.999984145 -0.001444845 -0.005430110 0.725266576 0.001495455 0.999955416 0.009327771 -1.032481432 0.005416390 -0.009335743 0.999941707 34.052352905
0.999983788 -0.001407738 -0.005514235 0.733197153 0.001457190 0.999958634 0.008974367 -1.041433930 0.005501373 -0.008982257 0.999944508 34.590278625
0.999988675 -0.000060627 -0.004753409 0.733814299 0.000103494 0.999959409 0.009018579 -1.050044417 0.004752669 -0.009018968 0.999948025 35.113227844
0.999985695 -0.000880181 -0.005272607 0.694603264 0.000936461 0.999942541 0.010681145 -1.179048181 0.005262903 -0.010685930 0.999929070 35.713916779
0.999983966 -0.000929570 -0.005578070 0.704535484 0.000989656 0.999941409 0.010778774 -1.190772533 0.005567725 -0.010784124 0.999926329 36.258609772
0.999982417 -0.001029018 -0.005840009 0.709795952 0.001092863 0.999939680 0.010939715 -1.207437992 0.005828399 -0.010945906 0.999923110 36.782585144
0.999983609 -0.000178237 -0.005719068 0.725966334 0.000239241 0.999943078 0.010667945 -1.217029214 0.005716842 -0.010669137 0.999926805 37.348945618
0.999982953 -0.000553832 -0.005818772 0.731092691 0.000615107 0.999944329 0.010534192 -1.223064899 0.005812614 -0.010537588 0.999927640 37.898471832
0.999980330 -0.001552301 -0.006081335 0.653722763 0.001616145 0.999943435 0.010507572 -1.246953726 0.006064681 -0.010517192 0.999926329 38.581176758
0.999978542 -0.001380195 -0.006399874 0.666081727 0.001444643 0.999948204 0.010076553 -1.255150199 0.006385634 -0.010085583 0.999928772 39.131000519
0.999979496 -0.001066046 -0.006312684 0.674423277 0.001132932 0.999943078 0.010601342 -1.271839619 0.006301024 -0.010608277 0.999923944 39.673114777
0.999982893 -0.000427734 -0.005837974 0.680533826 0.000486948 0.999948502 0.010145084 -1.274247646 0.005833334 -0.010147756 0.999931574 40.238010406
0.999977529 -0.001859769 -0.006437632 0.642884493 0.001933310 0.999932647 0.011436268 -1.320005298 0.006415930 -0.011448456 0.999913871 40.779048920
0.999979258 -0.001418036 -0.006282217 0.648790359 0.001489445 0.999934077 0.011376905 -1.326883912 0.006265671 -0.011386028 0.999915540 41.330902100
0.999975443 -0.001870477 -0.006757442 0.670256495 0.001950333 0.999928117 0.011830248 -1.343846202 0.006734827 -0.011843136 0.999907196 41.869464874
0.999977827 -0.001355561 -0.006519603 0.680941999 0.001426864 0.999939024 0.010944560 -1.327538490 0.006504369 -0.010953621 0.999918818 42.410934448
0.999977112 -0.001371822 -0.006624836 0.676777005 0.001451821 0.999925911 0.012085909 -1.377226591 0.006607765 -0.012095250 0.999904990 42.890056610
0.999978185 -0.000892101 -0.006552217 0.686281741 0.000968652 0.999931157 0.011689362 -1.390996933 0.006541339 -0.011695453 0.999910176 43.441455841
0.999977112 -0.001132448 -0.006671629 0.698082924 0.001212246 0.999927640 0.011968957 -1.402693272 0.006657592 -0.011976772 0.999906063 43.975296021
0.999978364 -0.000979316 -0.006510271 0.701794028 0.001055138 0.999931514 0.011653268 -1.406270742 0.006498414 -0.011659885 0.999910831 44.504249573
0.999975085 -0.002022585 -0.006780214 0.691896141 0.002106669 0.999920607 0.012417201 -1.421307921 0.006754563 -0.012431173 0.999899924 45.012893677
0.999977350 -0.002143584 -0.006373717 0.701350927 0.002224990 0.999915659 0.012792560 -1.430853367 0.006345758 -0.012806452 0.999897838 45.556560516
0.999977589 -0.001788507 -0.006452037 0.706920385 0.001867860 0.999922395 0.012313984 -1.432882786 0.006429513 -0.012325759 0.999903381 46.112800598
0.999980152 -0.001001458 -0.006223058 0.706851721 0.001079716 0.999920189 0.012584902 -1.454626679 0.006209959 -0.012591370 0.999901414 46.632034302
0.999972701 -0.002173157 -0.007059735 0.711303711 0.002265652 0.999911308 0.013120214 -1.492825508 0.007030596 -0.013135851 0.999889016 47.047885895
0.999972343 -0.002119476 -0.007123400 0.721633434 0.002212643 0.999911726 0.013096684 -1.499972343 0.007095013 -0.013112085 0.999888897 47.593067169
0.999972105 -0.002095010 -0.007174540 0.723807573 0.002192199 0.999905527 0.013565308 -1.511334181 0.007145443 -0.013580658 0.999882221 48.148643494
0.999970198 -0.002306750 -0.007363549 0.750278473 0.002402223 0.999912798 0.012983303 -1.522748232 0.007332957 -0.013000604 0.999888599 48.659263611
0.999970496 -0.001828496 -0.007457761 0.763023734 0.001926134 0.999912262 0.013106037 -1.530696392 0.007433142 -0.013120019 0.999886274 49.083820343
0.999973655 -0.001462879 -0.007112558 0.766860604 0.001555594 0.999913692 0.013047347 -1.535828352 0.007092857 -0.013058068 0.999889553 49.616912842
0.999971986 -0.001340759 -0.007364732 0.775913417 0.001437886 0.999911785 0.013198568 -1.543990135 0.007346387 -0.013208788 0.999885798 50.085834503
0.999974132 -0.000538217 -0.007171742 0.774147868 0.000633521 0.999911368 0.013293141 -1.550626993 0.007163952 -0.013297341 0.999885976 50.626991272
0.999973476 -0.001201428 -0.007183037 0.781119108 0.001299710 0.999905407 0.013693499 -1.569566250 0.007165906 -0.013702474 0.999880433 51.088474274
0.999976933 -0.000350838 -0.006785337 0.795882463 0.000432849 0.999926805 0.012088823 -1.553103805 0.006780599 -0.012091482 0.999903917 51.726848602
0.999971211 -0.001321587 -0.007473729 0.795813322 0.001422224 0.999908209 0.013476253 -1.585301638 0.007455232 -0.013486493 0.999881268 52.123996735
0.999970019 -0.001494000 -0.007594401 0.813221514 0.001596016 0.999908328 0.013444797 -1.595962882 0.007573618 -0.013456514 0.999880731 52.605068207
0.999970376 -0.001353191 -0.007570011 0.822106302 0.001456645 0.999905407 0.013677569 -1.605794191 0.007550786 -0.013688192 0.999877810 53.147972107
0.999968767 -0.001243682 -0.007801265 0.820219398 0.001347974 0.999909580 0.013377613 -1.609949589 0.007783922 -0.013387712 0.999880075 53.659709930
0.999971211 -0.001059923 -0.007508299 0.824760377 0.001156394 0.999916613 0.012855893 -1.615899086 0.007494047 -0.012864205 0.999889195 54.216037750
0.999971032 -0.000840192 -0.007564825 0.830051541 0.000935946 0.999919295 0.012663233 -1.616162300 0.007553574 -0.012669947 0.999891222 54.764129639
0.999969244 -0.001231724 -0.007744898 0.842651486 0.001335021 0.999909997 0.013346397 -1.624841571 0.007727762 -0.013356325 0.999880910 55.180492401
0.999972880 -0.000879708 -0.007312482 0.836217999 0.000968856 0.999925077 0.012196590 -1.618105531 0.007301207 -0.012203344 0.999898851 55.846019745
0.999971688 -0.001194210 -0.007425716 0.858386397 0.001291820 0.999912620 0.013153920 -1.643201590 0.007409359 -0.013163140 0.999885917 56.259483337
0.999970555 -0.001227072 -0.007574362 0.858313918 0.001324428 0.999916434 0.012861651 -1.647309065 0.007557946 -0.012871304 0.999888599 56.805923462
0.999968708 -0.001412923 -0.007783391 0.874874234 0.001516878 0.999909520 0.013366241 -1.671568632 0.007763801 -0.013377630 0.999880314 57.206317902
0.999966562 -0.001553026 -0.008026089 0.885747373 0.001661418 0.999907255 0.013516037 -1.680444479 0.008004353 -0.013528921 0.999876440 57.746128082
0.999965429 -0.001982653 -0.008072555 0.901035905 0.002091615 0.999906480 0.013511852 -1.690802813 0.008045011 -0.013528270 0.999876142 58.295425415
0.999967992 -0.001362573 -0.007877862 0.906071544 0.001468993 0.999907553 0.013518794 -1.695458651 0.007858713 -0.013529934 0.999877512 58.812610626
0.999970675 -0.000951602 -0.007596490 0.906968355 0.001055415 0.999905944 0.013673653 -1.706131220 0.007582764 -0.013681270 0.999877572 59.289794922
0.999968290 -0.001221576 -0.007864403 0.927259684 0.001322265 0.999917090 0.012810718 -1.688239574 0.007848101 -0.012820711 0.999886990 59.958381653
0.999969602 -0.000410834 -0.007787941 0.942761779 0.000518435 0.999904394 0.013819273 -1.729121208 0.007781518 -0.013822891 0.999874115 60.371528625
0.999969482 -0.000503920 -0.007790437 0.947331190 0.000607705 0.999911010 0.013325401 -1.729695320 0.007783029 -0.013329729 0.999880850 60.920700073
0.999970794 -0.000437463 -0.007635086 0.953582704 0.000538189 0.999912798 0.013195518 -1.746202230 0.007628647 -0.013199242 0.999883711 61.432586670
0.999966383 -0.000700270 -0.008169549 0.979667962 0.000811894 0.999906242 0.013668136 -1.756897688 0.008159212 -0.013674310 0.999873161 61.947586060
0.999972701 -0.000532711 -0.007376723 0.936339557 0.000628094 0.999916196 0.012934055 -1.726758242 0.007369214 -0.012938335 0.999889135 62.394279480
0.999970257 -0.000021638 -0.007711424 0.964104533 0.000125301 0.999909639 0.013442481 -1.798999786 0.007710439 -0.013443050 0.999879897 62.867000580
0.999974430 0.000543959 -0.007127550 0.970418096 -0.000449956 0.999912977 0.013183721 -1.802896261 0.007134103 -0.013180179 0.999887705 63.415225983
0.999975026 0.000660976 -0.007030624 0.970297217 -0.000568783 0.999913931 0.013106944 -1.810316801 0.007038684 -0.013102620 0.999889433 63.975505829
0.999975681 0.000138610 -0.006971739 0.995197535 -0.000049092 0.999917567 0.012838570 -1.823715210 0.006972945 -0.012837917 0.999893308 64.480903625
0.999966145 -0.001684342 -0.008048819 1.016589999 0.001783064 0.999923050 0.012274026 -1.817641497 0.008027527 -0.012287965 0.999892235 65.056526184
0.999971092 -0.000191909 -0.007600160 0.987384081 0.000293206 0.999911129 0.013329457 -1.850256085 0.007596927 -0.013331301 0.999882221 65.469238281
0.999970198 0.000161604 -0.007708990 0.997740924 -0.000056550 0.999907196 0.013625714 -1.856803179 0.007710477 -0.013624874 0.999877393 65.996658325
0.999972880 0.000717176 -0.007336958 0.993135929 -0.000617405 0.999907374 0.013591560 -1.864659667 0.007346026 -0.013586660 0.999880731 66.531944275
0.999972224 0.001128572 -0.007359404 1.013622999 -0.001026580 0.999903560 0.013847807 -1.882631540 0.007374322 -0.013839871 0.999876976 67.030181885
0.999971867 0.000255696 -0.007485102 1.005635381 -0.000157867 0.999914646 0.013067495 -1.873557568 0.007487804 -0.013065947 0.999886572 67.658279419
0.999972165 0.000343132 -0.007443041 0.999993622 -0.000242555 0.999908686 0.013509497 -1.931161284 0.007446997 -0.013507317 0.999881029 68.008628845
0.999971747 0.000583582 -0.007490910 1.007236481 -0.000480857 0.999905944 0.013707832 -1.942680836 0.007498204 -0.013703843 0.999877989 68.550834656
0.999974072 0.000738274 -0.007157956 1.003123164 -0.000640719 0.999906957 0.013621627 -1.940932512 0.007167346 -0.013616687 0.999881566 69.071601868
0.999970615 -0.000388017 -0.007642124 1.016262054 0.000491997 0.999907196 0.013609106 -1.953855515 0.007636133 -0.013612468 0.999878228 69.620681763
0.999973178 0.000955209 -0.007259557 1.030576229 -0.000858695 0.999911368 0.013286250 -1.968519330 0.007271604 -0.013279662 0.999885380 70.096214294
0.999972224 0.000992184 -0.007382009 1.033234119 -0.000895401 0.999913692 0.013102449 -1.976563931 0.007394373 -0.013095477 0.999886870 70.651779175
0.999973714 0.001046076 -0.007169215 1.030206680 -0.000954775 0.999918640 0.012726765 -1.982531667 0.007181945 -0.012719587 0.999893367 71.205070496
0.999971926 0.000998607 -0.007421189 1.043522596 -0.000900996 0.999913156 0.013144691 -1.987107158 0.007433672 -0.013137634 0.999886096 71.741516113
0.999970555 0.000167791 -0.007667655 1.063785434 -0.000062129 0.999905050 0.013778483 -2.023289204 0.007669239 -0.013777603 0.999875665 72.134895325
0.999974966 0.001695275 -0.006866788 1.059677124 -0.001605903 0.999914229 0.012999791 -1.985136032 0.006888237 -0.012988439 0.999891937 72.864265442
0.999971390 0.000591805 -0.007548369 1.070721149 -0.000487324 0.999904215 0.013835867 -2.039289713 0.007555835 -0.013831791 0.999875724 73.205009460
0.999969840 0.000099258 -0.007767083 1.077111721 0.000008796 0.999903202 0.013910535 -2.058361530 0.007767714 -0.013910183 0.999873102 73.712097168
0.999970257 0.000147909 -0.007711011 1.080882311 -0.000040662 0.999903262 0.013906573 -2.065493822 0.007712322 -0.013905847 0.999873579 74.203598022
0.999972463 0.000985382 -0.007357258 1.072724938 -0.000884529 0.999905765 0.013698580 -2.068560123 0.007370064 -0.013691698 0.999879122 74.633949280
0.999972701 0.000812318 -0.007341655 1.081488609 -0.000708347 0.999899566 0.014153326 -2.081544399 0.007352415 -0.014147741 0.999872863 75.161453247
0.999968052 -0.000017353 -0.007993725 1.086343288 0.000129864 0.999900937 0.014074627 -2.091880083 0.007992689 -0.014075216 0.999869049 75.710678101
0.999974668 0.000908694 -0.007057521 1.090276241 -0.000811552 0.999905169 0.013754970 -2.091363907 0.007069349 -0.013748898 0.999880493 76.148040771
0.999971330 0.000103520 -0.007573561 1.091868639 0.000000198 0.999906242 0.013693409 -2.089505196 0.007574268 -0.013693020 0.999877572 76.799690247
0.999973059 0.000397487 -0.007318719 1.093625426 -0.000298370 0.999908268 0.013539119 -2.100723028 0.007323430 -0.013536569 0.999881506 77.204582214
0.999977469 0.001257148 -0.006596409 1.091402531 -0.001168437 0.999908984 0.013434938 -2.111064196 0.006612699 -0.013426929 0.999888003 77.756454468
0.999978125 0.000320651 -0.006597814 1.098389149 -0.000235394 0.999916494 0.012918735 -2.102877140 0.006601406 -0.012916900 0.999894798 78.335937500
0.999985456 0.000519732 -0.005364006 1.119485140 -0.000450398 0.999916375 0.012919005 -2.114108324 0.005370273 -0.012916403 0.999902070 78.836463928
0.999991179 0.000279558 -0.004181202 1.133337140 -0.000225950 0.999917746 0.012816070 -2.125038147 0.004184443 -0.012815014 0.999909103 79.378578186
0.999996424 0.000414415 -0.002645940 1.135777593 -0.000380268 0.999916732 0.012892905 -2.128427505 0.002651063 -0.012891850 0.999913394 79.949966431
0.999999464 0.000406031 0.000917288 1.164364100 -0.000417849 0.999916375 0.012920282 -2.142092228 -0.000911965 -0.012920657 0.999916077 80.461631775
0.999989510 0.000292188 0.004560282 1.184604526 -0.000353303 0.999910116 0.013406528 -2.152026653 -0.004555954 -0.013407998 0.999899685 80.999420166
0.999966681 0.001226027 0.008070959 1.190869331 -0.001330293 0.999915540 0.012926042 -2.154205799 -0.008054428 -0.012936348 0.999883890 81.601516724
0.999921918 0.000738941 0.012470668 1.218723893 -0.000892285 0.999923944 0.012295307 -2.138686419 -0.012460635 -0.012305476 0.999846578 82.174911499
0.999832988 0.000049809 0.018275024 1.240388036 -0.000270829 0.999926865 0.012091850 -2.141045094 -0.018273085 -0.012094780 0.999759853 82.737030029
0.999713242 -0.000367262 0.023941152 1.271523714 0.000081886 0.999928951 0.011919762 -2.153083563 -0.023943828 -0.011914386 0.999642253 83.283576965
0.999559641 0.000007236 0.029674247 1.301078677 -0.000359861 0.999929368 0.011877881 -2.164725542 -0.029672066 -0.011883330 0.999489069 83.861434937
0.999282122 0.000457591 0.037883248 1.331369877 -0.000908473 0.999928892 0.011885515 -2.155347347 -0.037875120 -0.011911398 0.999211490 84.421966553
0.998983622 -0.001292724 0.045054197 1.405877590 0.000767165 0.999931514 0.011680378 -2.169704437 -0.045066204 -0.011633943 0.998916268 84.984832764
0.998664498 -0.001566237 0.051639449 1.450114489 0.000974390 0.999933600 0.011484326 -2.175162315 -0.051654007 -0.011418674 0.998599708 85.517585754
0.998160660 -0.001857625 0.060595725 1.516246319 0.001171235 0.999934793 0.011360909 -2.168512583 -0.060612876 -0.011269040 0.998097718 86.088714600
0.997472525 -0.000747244 0.071049258 1.572742462 -0.000063508 0.999934852 0.011408178 -2.180195093 -0.071053170 -0.011383855 0.997407496 86.633567810
0.996837020 -0.000763318 0.079468735 1.642630577 -0.000167588 0.999931455 0.011706790 -2.196233511 -0.079472214 -0.011683080 0.996768594 87.146171570
0.996128619 -0.000895355 0.087903157 1.687228203 -0.000116432 0.999933839 0.011504440 -2.204232216 -0.087907650 -0.011470137 0.996062517 87.700019836
0.995142460 -0.000575497 0.098444276 1.762966156 -0.000554390 0.999934316 0.011449684 -2.211216927 -0.098444410 -0.011448643 0.995076656 88.241333008
0.994105339 -0.001736721 0.108404450 1.860956669 0.000501914 0.999934673 0.011416993 -2.218866348 -0.108417183 -0.011295283 0.994041324 88.798614502
0.993097067 -0.002381277 0.117271274 1.962039948 0.001060022 0.999935269 0.011327736 -2.228626490 -0.117290661 -0.011125233 0.993035316 89.317321777
0.991711378 -0.002238526 0.128465727 2.055809975 0.000772889 0.999934077 0.011457496 -2.235661268 -0.128482893 -0.011263238 0.991647780 89.860298157
0.990080357 -0.002202011 0.140485153 2.152933121 0.000579559 0.999932706 0.011588787 -2.241358280 -0.140501216 -0.011392411 0.990014970 90.416564941
0.988529027 -0.002746534 0.151005626 2.257215500 0.001027020 0.999933779 0.011463895 -2.250586510 -0.151027113 -0.011177307 0.988466561 90.935264587
0.986902297 -0.003115198 0.161288843 2.362334251 0.001315687 0.999935627 0.011262666 -2.258151293 -0.161313549 -0.010902947 0.986842990 91.475959778
0.984659374 -0.003749149 0.174447000 2.475514412 0.001798156 0.999934018 0.011340584 -2.259277821 -0.174478039 -0.010852927 0.984601259 92.020378113
0.982385695 -0.003005300 0.186839938 2.597533226 0.000846898 0.999931991 0.011630892 -2.274453163 -0.186862215 -0.011267787 0.982321441 92.546333313
0.980449557 -0.003801387 0.196733803 2.735376358 0.001602075 0.999934435 0.011337059 -2.275002956 -0.196764022 -0.010800234 0.980391383 93.094795227
0.977799177 -0.004078153 0.209504530 2.870882034 0.001699679 0.999931991 0.011531641 -2.287419319 -0.209537327 -0.010919539 0.977739692 93.602607727
0.974786758 -0.004294153 0.223097250 3.023035049 0.001740630 0.999930739 0.011641170 -2.288061142 -0.223131791 -0.010959326 0.974726677 94.139549255
0.972202778 -0.005052789 0.234086230 3.173196793 0.002503670 0.999934316 0.011185553 -2.296972275 -0.234127358 -0.010288550 0.972151458 94.660736084
0.969139516 -0.004886005 0.246464342 3.338827133 0.002105314 0.999931157 0.011544571 -2.298316956 -0.246503785 -0.010669417 0.969083011 95.186012268
0.965535223 -0.004762574 0.260228723 3.508432388 0.001838681 0.999932349 0.011478130 -2.309849739 -0.260265827 -0.010604063 0.965478718 95.733543396
0.962112129 -0.005124093 0.272605956 3.681213379 0.002101879 0.999933004 0.011377253 -2.318349361 -0.272645980 -0.010373210 0.962058485 96.263885498
0.958911717 -0.005221053 0.283656538 3.886892319 0.001993669 0.999929965 0.011665286 -2.313041210 -0.283697575 -0.010620462 0.958854973 96.805099487
0.954696834 -0.005388833 0.297531277 4.072212219 0.002053920 0.999931514 0.011520104 -2.319248199 -0.297573060 -0.010387104 0.954642534 97.329841614
0.950494349 -0.006308526 0.310677737 4.291654587 0.002927643 0.999931335 0.011347402 -2.333547831 -0.310727954 -0.009876087 0.950447500 97.853607178
0.946677983 -0.006848076 0.322108567 4.484403610 0.003352205 0.999929249 0.011406508 -2.336950302 -0.322163910 -0.009718515 0.946633995 98.367431641
0.942219675 -0.007015317 0.334921986 4.692102432 0.003384616 0.999929011 0.011422860 -2.345452547 -0.334978312 -0.009629261 0.942176640 98.885047913
0.937100172 -0.007130841 0.348987639 4.907051086 0.003365679 0.999929428 0.011393985 -2.352583647 -0.349044234 -0.009502725 0.937058091 99.391517639
0.932415366 -0.007559075 0.361309260 5.129522324 0.003664260 0.999927580 0.011463625 -2.359048367 -0.361369789 -0.009364930 0.932375491 99.903793335
0.928165913 -0.007554763 0.372090012 5.351173401 0.003568975 0.999928594 0.011399454 -2.366586685 -0.372149587 -0.009252604 0.928126633 100.413414001
0.922715783 -0.007736459 0.385403395 5.580064774 0.003594294 0.999927819 0.011466918 -2.371515274 -0.385464281 -0.009195453 0.922676921 100.897315979
0.917265713 -0.008211776 0.398191124 5.824066162 0.003990967 0.999926746 0.011427671 -2.379944324 -0.398255795 -0.008893043 0.917231262 101.396270752
0.912195027 -0.008991685 0.409657657 6.070674896 0.004700725 0.999923050 0.011480357 -2.390748501 -0.409729302 -0.008546636 0.912167132 101.880699158
0.905911148 -0.008968537 0.423372835 6.325904846 0.004460729 0.999922276 0.011637064 -2.396280289 -0.423444331 -0.008653593 0.905880809 102.367767334
0.899422586 -0.009846721 0.436969221 6.596355438 0.005224561 0.999917090 0.011778436 -2.408428669 -0.437048942 -0.008310819 0.899399340 102.838989258
0.893410027 -0.010579674 0.449117571 6.865509033 0.005839694 0.999911666 0.011937847 -2.422191620 -0.449204206 -0.008042683 0.893392920 103.305328369
0.887834728 -0.010503636 0.460042566 7.154796600 0.005599662 0.999911964 0.012023097 -2.420876026 -0.460128456 -0.008098440 0.887815416 103.804412842
0.880977750 -0.011243829 0.473024011 7.436702728 0.006331942 0.999908268 0.011975070 -2.428802729 -0.473115325 -0.007554612 0.880968153 104.265419006
0.873770416 -0.010885648 0.486216843 7.721431732 0.005803202 0.999911666 0.011957671 -2.431693077 -0.486304045 -0.007626644 0.873756349 104.748840332
