1.000000000 0.000000000 0.000000000 0.000000000 0.000000000 1.000000000 0.000000000 0.000000000 0.000000000 0.000000000 1.000000000 0.000000000
0.999999940 -0.000091771 -0.000250053 0.005219050 0.000091811 1.000000000 0.000159926 -0.003768881 0.000250038 -0.000159949 0.999999940 -0.003373966
1.000000000 0.000037524 0.000005550 0.000644484 -0.000037524 1.000000000 0.000071166 -0.002729813 -0.000005548 -0.000071166 1.000000000 -0.003155984
1.000000000 -0.000117345 -0.000153655 0.006578061 0.000117374 1.000000000 0.000191129 -0.003329048 0.000153633 -0.000191147 0.999999940 -0.004511066
1.000000000 -0.000020126 -0.000046429 0.000822481 0.000020129 1.000000000 0.000050770 -0.000522224 0.000046428 -0.000050771 1.000000000 0.000147734
1.000000000 -0.000039971 0.000056307 -0.000706422 0.000039971 1.000000000 0.000007274 -0.001652496 -0.000056307 -0.000007271 1.000000000 -0.001486898
1.000000000 -0.000103955 -0.000144140 0.004972065 0.000103980 1.000000000 0.000175031 -0.003258960 0.000144122 -0.000175046 1.000000000 -0.007178830
1.000000000 -0.000115079 -0.000045089 -0.000694768 0.000115081 1.000000000 0.000053116 0.000080981 0.000045083 -0.000053121 1.000000000 0.000489158
1.000000000 0.000007452 -0.000087001 0.002585259 -0.000007444 1.000000000 0.000091775 -0.003452674 0.000087002 -0.000091775 1.000000000 -0.009100365
1.000000000 0.000015848 0.000020071 0.000820126 -0.000015850 1.000000000 0.000094009 -0.002678691 -0.000020070 -0.000094009 1.000000000 -0.005896997
1.000000000 0.000111023 0.000086503 -0.001088054 -0.000111027 1.000000000 0.000050014 -0.001211042 -0.000086498 -0.000050024 1.000000000 -0.005086945
1.000000000 -0.000112552 -0.000025492 -0.000455197 0.000112554 1.000000000 0.000093524 -0.004073504 0.000025481 -0.000093527 1.000000000 -0.008636554
1.000000000 -0.000066684 -0.000007415 0.000313351 0.000066684 1.000000000 0.000061598 -0.001843656 0.000007411 -0.000061598 1.000000000 -0.006267823
1.000000000 -0.000070941 -0.000013870 0.000525962 0.000070943 1.000000000 0.000100896 -0.002106810 0.000013863 -0.000100897 1.000000000 -0.005984626
0.999999940 -0.000237482 -0.000080476 0.001194801 0.000237498 0.999999940 0.000198809 -0.002650092 0.000080429 -0.000198828 1.000000000 -0.008386854
0.999999940 -0.000243303 -0.000096075 -0.000953043 0.000243316 0.999999940 0.000139668 -0.002886455 0.000096041 -0.000139691 1.000000000 -0.009577888
1.000000000 -0.000167054 0.000025248 0.000004036 0.000167053 1.000000000 0.000052037 -0.001146747 -0.000025257 -0.000052033 1.000000000 -0.008012024
1.000000000 0.000050740 0.000002170 0.002016653 -0.000050740 1.000000000 0.000186697 -0.003764613 -0.000002161 -0.000186697 1.000000000 -0.011623234
1.000000000 -0.000230875 -0.000073433 0.001910291 0.000230886 0.999999940 0.000148642 -0.004759210 0.000073398 -0.000148659 1.000000000 -0.010227448
1.000000000 -0.000217231 -0.000046815 0.002383534 0.000217237 0.999999940 0.000127899 -0.005399609 0.000046788 -0.000127909 1.000000000 -0.012317432
1.000000000 -0.000054118 -0.000032965 0.002836261 0.000054126 0.999999940 0.000246238 -0.005684410 0.000032952 -0.000246240 0.999999940 -0.014134045
1.000000000 0.000029424 0.000051170 -0.000539510 -0.000029429 1.000000000 0.000110735 -0.001128162 -0.000051167 -0.000110736 1.000000000 -0.006652206
0.999999940 -0.000217043 -0.000157078 0.004672524 0.000217069 0.999999940 0.000164818 -0.003444062 0.000157042 -0.000164853 1.000000000 -0.012749673
1.000000000 -0.000203437 -0.000098846 0.003079691 0.000203463 0.999999940 0.000263543 -0.004588336 0.000098792 -0.000263563 0.999999940 -0.010454955
1.000000000 -0.000071437 -0.000131771 0.006014706 0.000071464 1.000000000 0.000204654 -0.003664440 0.000131757 -0.000204663 1.000000000 -0.015923202
1.000000000 -0.000084946 -0.000044346 0.000733999 0.000084955 1.000000000 0.000205098 -0.003245039 0.000044328 -0.000205101 1.000000000 -0.013815518
1.000000000 -0.000086072 -0.000019609 -0.001534400 0.000086076 1.000000000 0.000205848 -0.004863108 0.000019591 -0.000205850 1.000000000 -0.015358192
1.000000000 -0.000065922 -0.000000157 -0.001227210 0.000065922 1.000000000 0.000196894 -0.003491356 0.000000144 -0.000196894 1.000000000 -0.009578503
0.999999940 -0.000236409 -0.000151456 -0.000146759 0.000236431 0.999999940 0.000142052 0.000017881 0.000151423 -0.000142088 1.000000000 -0.007466853
1.000000000 -0.000116273 -0.000105104 0.001724173 0.000116295 1.000000000 0.000205648 -0.002767577 0.000105080 -0.000205660 1.000000000 -0.009627601
1.000000000 -0.000138445 0.000027951 -0.001276014 0.000138441 1.000000000 0.000128982 -0.001668069 -0.000027968 -0.000128978 1.000000000 -0.003067428
0.999999940 -0.000237716 -0.000105267 -0.001562563 0.000237741 0.999999940 0.000235872 -0.003005849 0.000105211 -0.000235897 0.999999940 -0.009703818
0.999999940 -0.000190056 -0.000154691 0.002253165 0.000190097 0.999999940 0.000263379 -0.003635887 0.000154641 -0.000263408 0.999999940 -0.014297077
1.000000000 0.000002710 -0.000079221 -0.000406883 -0.000002703 1.000000000 0.000088946 -0.001026733 0.000079221 -0.000088946 1.000000000 -0.006062332
1.000000000 -0.000114556 -0.000107174 -0.000834872 0.000114565 1.000000000 0.000085214 -0.000711154 0.000107164 -0.000085226 1.000000000 -0.006596291
1.000000000 -0.000182451 -0.000065397 -0.001774109 0.000182450 1.000000000 -0.000016923 0.000423537 0.000065400 0.000016911 1.000000000 -0.010842718
0.999999940 -0.000274771 -0.000227630 0.004655603 0.000274795 0.999999940 0.000105951 -0.001390588 0.000227601 -0.000106014 0.999999940 -0.012103179
1.000000000 -0.000206556 -0.000040180 0.000500845 0.000206557 1.000000000 0.000028259 0.000301930 0.000040174 -0.000028268 1.000000000 -0.007913249
1.000000000 -0.000035666 -0.000067520 -0.000505866 0.000035686 0.999999940 0.000289672 -0.002702806 0.000067510 -0.000289674 0.999999940 -0.012200723
0.999999940 -0.000218372 -0.000248169 0.004903125 0.000218416 0.999999940 0.000176832 -0.006143659 0.000248131 -0.000176886 0.999999940 -0.007040573
1.000000000 -0.000053793 -0.000176769 0.008521372 0.000053718 0.999999881 -0.000425847 -0.008894563 0.000176792 0.000425838 0.999999881 0.041583821
1.000000000 -0.000029741 -0.000179278 0.007815542 0.000029512 0.999999166 -0.001276437 -0.003551967 0.000179316 0.001276432 0.999999166 0.143654063
1.000000000 -0.000050461 -0.000049118 0.004719158 0.000050393 0.999999046 -0.001391688 -0.010506038 0.000049188 0.001391685 0.999999046 0.263992906
0.999999940 -0.000304325 0.000207210 0.001702577 0.000304568 0.999999285 -0.001176599 -0.017024970 -0.000206852 0.001176662 0.999999285 0.384405613
1.000000000 0.000129974 -0.000018434 0.005791625 -0.000129995 0.999999344 -0.001123531 -0.021751076 0.000018288 0.001123533 0.999999344 0.534357369
1.000000000 0.000103895 0.000032569 0.016125076 -0.000103857 0.999999285 -0.001170886 -0.026940333 -0.000032691 0.001170883 0.999999285 0.681449294
0.999999940 0.000098485 0.000256441 0.026660277 -0.000098297 0.999999702 -0.000729951 -0.035879169 -0.000256512 0.000729926 0.999999702 0.853037953
1.000000000 -0.000084141 0.000148145 0.023835354 0.000084224 0.999999821 -0.000558560 -0.038344838 -0.000148098 0.000558572 0.999999821 1.022614837
0.999999821 0.000200059 0.000605726 0.008954318 -0.000199655 0.999999762 -0.000666173 -0.039502878 -0.000605859 0.000666052 0.999999583 1.195169449
0.999999940 0.000142928 0.000295978 0.032095734 -0.000142811 0.999999940 -0.000393550 -0.054241002 -0.000296035 0.000393507 0.999999881 1.417836905
0.999999821 0.000275023 0.000580672 0.028502071 -0.000274691 0.999999821 -0.000571425 -0.058374871 -0.000580829 0.000571266 0.999999642 1.608080149
0.999999523 0.000622544 0.000747632 0.033637170 -0.000622411 0.999999762 -0.000178685 -0.070068792 -0.000747743 0.000178220 0.999999702 1.800355315
0.999999285 -0.000273250 0.001183802 0.012220334 0.000272031 0.999999404 0.001029810 -0.070792019 -0.001184083 -0.001029487 0.999998748 1.893354177
0.999998748 0.000037821 0.001591093 0.017845724 -0.000039366 0.999999464 0.000971033 -0.077475652 -0.001591055 -0.000971094 0.999998271 2.118791580
0.999998331 0.000705355 0.001703666 0.015809735 -0.000707061 0.999999225 0.001001004 -0.078392953 -0.001702959 -0.001002207 0.999998033 2.329413652
0.999999166 0.000096198 0.001291461 0.025048792 -0.000097532 0.999999404 0.001032364 -0.090737917 -0.001291361 -0.001032489 0.999998569 2.573692322
0.999998569 0.000401448 0.001600117 0.027337268 -0.000403595 0.999998987 0.001341325 -0.096514791 -0.001599577 -0.001341968 0.999997795 2.811302423
0.999998629 0.000526397 0.001563418 0.037329748 -0.000528320 0.999999166 0.001229613 -0.101933181 -0.001562769 -0.001230437 0.999998033 3.036033154
0.999998689 0.000168563 0.001619434 0.030319383 -0.000170495 0.999999285 0.001193082 -0.106643766 -0.001619232 -0.001193357 0.999997973 3.292230606
0.999999106 0.000068164 0.001329361 0.046021707 -0.000069866 0.999999166 0.001280834 -0.120425738 -0.001329272 -0.001280926 0.999998212 3.515748739
0.999999046 0.000521575 0.001266275 0.049326092 -0.000523218 0.999998987 0.001297356 -0.124797545 -0.001265597 -0.001298017 0.999998331 3.769884825
0.999999523 -0.000361570 0.000842132 0.067735367 0.000360346 0.999998808 0.001453259 -0.133460775 -0.000842657 -0.001452955 0.999998569 4.037489414
0.999998748 0.000661912 0.001401800 0.059234332 -0.000664215 0.999998391 0.001642870 -0.139642820 -0.001400711 -0.001643799 0.999997675 4.299055099
0.999998987 -0.000119094 0.001376367 0.061253808 0.000115979 0.999997437 0.002263630 -0.163320780 -0.001376634 -0.002263469 0.999996424 4.539956093
0.999998689 -0.000214990 0.001632719 0.066820391 0.000210854 0.999996781 0.002532854 -0.172329351 -0.001633258 -0.002532506 0.999995470 4.801054955
0.999998152 0.000070874 0.001895127 0.068882272 -0.000075108 0.999997497 0.002234309 -0.176019609 -0.001894963 -0.002234447 0.999995708 5.065775871
0.999998391 -0.000077187 0.001815177 0.065890737 0.000072638 0.999996901 0.002505905 -0.186406597 -0.001815365 -0.002505769 0.999995232 5.349694252
0.999998093 0.000286932 0.001936359 0.069706894 -0.000292117 0.999996364 0.002677988 -0.210151061 -0.001935583 -0.002678548 0.999994516 5.587244987
0.999997437 0.000443428 0.002228497 0.075054549 -0.000449287 0.999996424 0.002629530 -0.218658671 -0.002227323 -0.002630525 0.999994099 5.860924244
0.999996722 0.000675498 0.002473304 0.075591616 -0.000681702 0.999996662 0.002508260 -0.226013929 -0.002471601 -0.002509938 0.999993742 6.143826962
0.999996185 0.000703527 0.002685052 0.076952636 -0.000710004 0.999996841 0.002411957 -0.234175622 -0.002683346 -0.002413854 0.999993443 6.423542023
0.999997675 0.000039921 0.002180015 0.094542988 -0.000045877 0.999996305 0.002732103 -0.248423204 -0.002179898 -0.002732196 0.999993861 6.709474087
0.999998569 -0.000657591 0.001545651 0.117478244 0.000653715 0.999996603 0.002506883 -0.252954125 -0.001547295 -0.002505869 0.999995589 7.025906563
0.999998748 -0.000742290 0.001379246 0.130310357 0.000738728 0.999996364 0.002581636 -0.266309172 -0.001381158 -0.002580614 0.999995649 7.327127457
0.999998569 -0.000314965 0.001665892 0.131661907 0.000310630 0.999996603 0.002601741 -0.275906980 -0.001666706 -0.002601220 0.999995172 7.649513721
0.999998450 -0.000384180 0.001722927 0.143063232 0.000378714 0.999994874 0.003171740 -0.286630481 -0.001724137 -0.003171082 0.999993443 7.952801228
0.999998569 -0.000300407 0.001665395 0.143632963 0.000296479 0.999997139 0.002358068 -0.272910297 -0.001666098 -0.002357571 0.999995768 8.276024818
0.999997199 -0.001398748 0.001894771 0.135483682 0.001391563 0.999991834 0.003787844 -0.319713831 -0.001900054 -0.003785197 0.999991059 8.608348846
0.999996424 -0.001990802 0.001808757 0.140692413 0.001983827 0.999990642 0.003850351 -0.327580601 -0.001816406 -0.003846748 0.999991000 8.943703651
0.999996722 -0.001468719 0.002071053 0.152752444 0.001460095 0.999990225 0.004159309 -0.341922343 -0.002077142 -0.004156271 0.999989271 9.268828392
0.999997139 -0.001696001 0.001666281 0.164100096 0.001689109 0.999990046 0.004128902 -0.351598233 -0.001673267 -0.004126076 0.999990165 9.613915443
0.999997556 -0.001078469 0.001921184 0.167724371 0.001070086 0.999989927 0.004358981 -0.352894694 -0.001925866 -0.004356915 0.999988675 9.975519180
0.999997139 -0.001433817 0.001883017 0.169943318 0.001425263 0.999988616 0.004535845 -0.363865674 -0.001889499 -0.004533149 0.999987960 10.323344231
0.999997139 -0.001663661 0.001696789 0.180677578 0.001656242 0.999989092 0.004364661 -0.385016143 -0.001704031 -0.004361839 0.999989033 10.727282524
0.999995708 -0.002237133 0.001920212 0.187934801 0.002228776 0.999988079 0.004343402 -0.391451180 -0.001929906 -0.004339104 0.999988735 11.106644630
0.999997139 -0.001588123 0.001752517 0.189386219 0.001580949 0.999990404 0.004087163 -0.400996089 -0.001758991 -0.004084382 0.999990106 11.499293327
0.999994874 -0.002772389 0.001616683 0.202064246 0.002765642 0.999987483 0.004161018 -0.407028019 -0.001628199 -0.004156526 0.999990046 11.907130241
0.999996662 -0.002000867 0.001634741 0.213774964 0.001993552 0.999988139 0.004464351 -0.412895113 -0.001643654 -0.004461078 0.999988675 12.287763596
0.999997497 -0.000218043 0.002217026 0.218547061 0.000206172 0.999985635 0.005353174 -0.448541284 -0.002218161 -0.005352704 0.999983251 12.685625076
0.999997497 -0.001227417 0.001887162 0.210644722 0.001217015 0.999984086 0.005503288 -0.453175575 -0.001893887 -0.005500977 0.999983072 13.107703209
0.999995708 -0.002683571 0.001143020 0.262196809 0.002677240 0.999981284 0.005504081 -0.488148570 -0.001157769 -0.005500997 0.999984205 13.437511444
0.999996781 -0.001899230 0.001653663 0.266766846 0.001889572 0.999981284 0.005822050 -0.500793755 -0.001664689 -0.005818907 0.999981701 13.850224495
0.999995828 -0.002453004 0.001481374 0.276308388 0.002443962 0.999978542 0.006074178 -0.503296733 -0.001496242 -0.006070532 0.999980509 14.286122322
0.999994695 -0.002866649 0.001561203 0.289515972 0.002856614 0.999975502 0.006392360 -0.529787660 -0.001579490 -0.006387866 0.999978364 14.700124741
0.999993682 -0.002874959 0.002136755 0.294682175 0.002860280 0.999972522 0.006841207 -0.547977090 -0.002156364 -0.006835051 0.999974310 15.041086197
0.999989808 -0.004125665 0.001792960 0.307394505 0.004113480 0.999968767 0.006746943 -0.578564763 -0.001820739 -0.006739498 0.999975622 15.534377098
0.999990940 -0.003553334 0.002350433 0.316298306 0.003537534 0.999971330 0.006692533 -0.585965157 -0.002374146 -0.006684157 0.999974787 15.967795372
0.999987721 -0.004541071 0.001968826 0.326110959 0.004526801 0.999963880 0.007193047 -0.607552946 -0.002001419 -0.007184046 0.999972165 16.400939941
0.999986112 -0.004660124 0.002451938 0.335208148 0.004643196 0.999965668 0.006864676 -0.603136659 -0.002483843 -0.006853196 0.999973416 16.866449356
0.999985158 -0.004940090 0.002293500 0.359846950 0.004924398 0.999964774 0.006798002 -0.617927015 -0.002327002 -0.006786608 0.999974251 17.363292694
0.999989033 -0.003866327 0.002614818 0.352365047 0.003847257 0.999966204 0.007258827 -0.630755365 -0.002642795 -0.007248688 0.999970198 17.847948074
0.999986589 -0.004010581 0.003307889 0.362765819 0.003984224 0.999960542 0.007936769 -0.669254899 -0.003339589 -0.007923482 0.999963045 18.271400452
0.999982119 -0.004875058 0.003471193 0.382223248 0.004847984 0.999958098 0.007765826 -0.673994303 -0.003508906 -0.007748859 0.999963820 18.743688583
0.999985218 -0.004541442 0.002965421 0.394007236 0.004516924 0.999956012 0.008223019 -0.692120433 -0.003002636 -0.008209501 0.999961793 19.203868866
0.999983549 -0.004470577 0.003570832 0.397327036 0.004442331 0.999959052 0.007879206 -0.697268069 -0.003605910 -0.007863214 0.999962628 19.740821838
0.999984860 -0.004457052 0.003215763 0.411030859 0.004428976 0.999952376 0.008685496 -0.721200168 -0.003254322 -0.008671122 0.999957144 20.183269501
0.999981403 -0.005305437 0.003050248 0.421490133 0.005278553 0.999947727 0.008755296 -0.732254863 -0.003096539 -0.008739031 0.999957025 20.655788422
0.999980688 -0.005566026 0.002784404 0.429484189 0.005540363 0.999942839 0.009141246 -0.751108229 -0.002835126 -0.009125642 0.999954343 21.151046753
0.999985933 -0.004753415 0.002389898 0.444935322 0.004731033 0.999945700 0.009285127 -0.770427465 -0.002433904 -0.009273688 0.999954045 21.668422699
0.999983251 -0.005462508 0.001889225 0.461454540 0.005444269 0.999939740 0.009527788 -0.772510290 -0.001941157 -0.009517346 0.999952793 22.174688339
0.999976099 -0.006838271 0.001036910 0.492074162 0.006827773 0.999928594 0.009809876 -0.799499035 -0.001103918 -0.009802563 0.999951363 22.635570526
0.999978960 -0.006448596 0.000754473 0.487822890 0.006440824 0.999930501 0.009885202 -0.811663747 -0.000818166 -0.009880135 0.999950945 23.156549454
0.999974847 -0.007094961 0.000117694 0.498047471 0.007093449 0.999925911 0.009891875 -0.822142303 -0.000187868 -0.009890790 0.999951065 23.691102982
0.999974132 -0.007164622 -0.000526660 0.509058058 0.007169249 0.999930263 0.009383522 -0.827267528 0.000459394 -0.009387056 0.999955833 24.185489655
0.999971151 -0.007344994 -0.001886132 0.521955788 0.007362178 0.999929905 0.009272102 -0.830175340 0.001817896 -0.009285722 0.999955237 24.716445923
0.999983311 -0.005628335 -0.001309556 0.536787808 0.005640711 0.999937534 0.009647436 -0.840798676 0.001255175 -0.009654663 0.999952614 25.259658813
0.999974251 -0.006785395 -0.002326818 0.518218756 0.006808982 0.999923944 0.010284012 -0.878885984 0.002256860 -0.010299590 0.999944389 25.761695862
0.999971271 -0.007189134 -0.002387882 0.505902410 0.007212818 0.999923348 0.010062979 -0.881851077 0.002315354 -0.010079913 0.999946535 26.246755600
0.999969184 -0.007255117 -0.003028444 0.517386615 0.007287041 0.999916494 0.010667048 -0.885740221 0.002950801 -0.010688786 0.999938548 26.794874191
0.999967635 -0.007271158 -0.003446433 0.528776705 0.007307815 0.999915540 0.010746028 -0.913395107 0.003368006 -0.010770865 0.999936342 27.332706451
0.999973357 -0.006120044 -0.003980695 0.569200099 0.006161993 0.999924660 0.010612645 -0.927272320 0.003915446 -0.010636891 0.999935806 27.865234375
0.999969363 -0.006379035 -0.004530946 0.585439563 0.006426858 0.999922991 0.010620082 -0.919418037 0.004462851 -0.010648875 0.999933362 28.369966507
0.999978304 -0.005180790 -0.004078005 0.579220355 0.005225370 0.999925852 0.010997924 -0.940039754 0.004020724 -0.011018995 0.999931216 28.900808334
0.999960721 -0.007371897 -0.004918291 0.543108642 0.007429271 0.999903321 0.011750949 -0.989299417 0.004831189 -0.011787027 0.999918878 29.445592880
0.999958277 -0.007348950 -0.005423347 0.553403974 0.007413135 0.999901593 0.011911156 -0.996169090 0.005335279 -0.011950864 0.999914348 29.991727829
0.999951959 -0.007922685 -0.005767641 0.593637764 0.007991169 0.999896765 0.011949283 -1.015418410 0.005672375 -0.011994801 0.999912024 30.513572693
0.999965906 -0.006136605 -0.005533640 0.578219950 0.006209414 0.999893069 0.013237613 -1.064417481 0.005451815 -0.013271522 0.999897122 31.063861847
0.999960959 -0.006693136 -0.005774163 0.526147187 0.006768417 0.999891043 0.013117963 -1.075264215 0.005685733 -0.013156531 0.999897301 31.598541260
0.999949813 -0.007743010 -0.006377718 0.539711535 0.007827134 0.999881268 0.013272692 -1.089272857 0.006274191 -0.013321943 0.999891520 32.131977081
0.999949574 -0.007726580 -0.006418605 0.542458773 0.007814154 0.999875128 0.013732736 -1.096057653 0.006311697 -0.013782199 0.999885082 32.638507843
0.999958098 -0.006485697 -0.006454664 0.523952544 0.006572668 0.999886632 0.013545563 -1.116549015 0.006366080 -0.013587420 0.999887407 33.159568787
0.999949753 -0.007433686 -0.006719381 0.529522657 0.007528486 0.999870777 0.014194984 -1.117861748 0.006612992 -0.014244858 0.999876618 33.749382019
0.999941111 -0.008416405 -0.006855255 0.541112959 0.008518212 0.999851823 0.014959579 -1.152984381 0.006728334 -0.015017093 0.999864578 34.282711029
0.999934793 -0.008650981 -0.007468327 0.557394326 0.008758810 0.999856114 0.014528207 -1.188693523 0.007341570 -0.014592674 0.999866486 34.841575623
0.999925315 -0.009390986 -0.007828260 0.568430185 0.009503669 0.999849856 0.014483709 -1.190008879 0.007691069 -0.014557024 0.999864399 35.387077332
0.999923408 -0.009485787 -0.007952007 0.568468928 0.009605231 0.999839604 0.015119388 -1.213260651 0.007807313 -0.015194613 0.999854028 35.921257019
0.999936879 -0.008384234 -0.007472911 0.557619572 0.008499444 0.999843419 0.015520987 -1.226671219 0.007341609 -0.015583524 0.999851584 36.426231384
0.999933362 -0.008575767 -0.007721541 0.566757262 0.008695890 0.999839664 0.015660280 -1.240480900 0.007586004 -0.015726386 0.999847531 36.944084167
0.999910414 -0.010839120 -0.007847637 0.545176268 0.010966765 0.999805152 0.016409215 -1.261461973 0.007668248 -0.016493807 0.999834538 37.505870819
0.999916434 -0.009463769 -0.008796592 0.583565593 0.009603626 0.999826014 0.015995193 -1.257768869 0.008643687 -0.016078340 0.999833345 38.060115814
0.999898493 -0.011361578 -0.008590191 0.550935149 0.011504561 0.999792933 0.016782826 -1.288589835 0.008397732 -0.016879948 0.999822259 38.614467621
0.999884009 -0.011812731 -0.009613032 0.585710883 0.011979087 0.999776244 0.017435726 -1.330953717 0.009404916 -0.017548861 0.999801755 39.188629150
0.999900162 -0.010979968 -0.008892838 0.555183887 0.011134120 0.999785364 0.017474374 -1.315306902 0.008699060 -0.017571641 0.999807775 39.693592072
0.999895573 -0.011525598 -0.008721862 0.565888643 0.011673491 0.999785602 0.017099859 -1.325032234 0.008522907 -0.017199887 0.999815762 40.246570587
0.999869883 -0.013078080 -0.009444014 0.554741263 0.013248301 0.999746621 0.018192355 -1.360539675 0.009203700 -0.018315103 0.999789894 40.759048462
0.999900162 -0.010644726 -0.009289172 0.600557506 0.010794480 0.999810100 0.016222892 -1.298959017 0.009114718 -0.016321545 0.999825239 41.377971649
0.999899149 -0.011081266 -0.008876745 0.590272784 0.011224004 0.999805868 0.016194699 -1.327330947 0.008695563 -0.016292699 0.999829412 41.931369781
0.999885976 -0.011758270 -0.009469998 0.599517703 0.011915736 0.999788702 0.016746661 -1.330527544 0.009271087 -0.016857596 0.999814868 42.506538391
0.999837756 -0.014462826 -0.010740193 0.582412958 0.014665868 0.999710500 0.019073199 -1.377747774 0.010461232 -0.019227618 0.999760389 42.986965179
0.999862850 -0.013091069 -0.010144643 0.581343651 0.013280478 0.999734402 0.018834086 -1.404202938 0.009895393 -0.018966230 0.999771178 43.472686768
0.999858499 -0.013340482 -0.010247007 0.580590606 0.013536425 0.999722183 0.019296883 -1.415244341 0.009986728 -0.019432861 0.999761283 44.004657745
0.999843657 -0.013998246 -0.010806059 0.595192671 0.014199592 0.999722600 0.018786356 -1.413076758 0.010540087 -0.018936861 0.999765098 44.557685852
0.999829352 -0.014331450 -0.011655682 0.604475021 0.014551764 0.999712765 0.019042082 -1.411131978 0.011379434 -0.019208444 0.999750793 45.078094482
0.999822736 -0.015081604 -0.011275789 0.614324629 0.015305785 0.999681473 0.020067081 -1.431480646 0.010969554 -0.020236110 0.999735117 45.603229523
0.999841273 -0.014427191 -0.010453262 0.595206916 0.014630039 0.999701023 0.019596322 -1.455876827 0.010167414 -0.019746143 0.999753356 46.156024933
0.999852777 -0.013912275 -0.010041442 0.587987304 0.014106868 0.999708891 0.019575696 -1.461397409 0.009766174 -0.019714471 0.999758005 46.711505890
0.999828875 -0.014725845 -0.011198664 0.600593388 0.014940761 0.999700963 0.019356135 -1.462507486 0.010910281 -0.019520136 0.999749959 47.258846283
0.999856174 -0.013624486 -0.010093736 0.562625229 0.013825790 0.999701381 0.020149764 -1.485489249 0.009816191 -0.020286422 0.999746025 47.769996643
0.999839008 -0.014382559 -0.010721751 0.587672234 0.014588933 0.999704838 0.019425103 -1.480271578 0.010439202 -0.019578395 0.999753833 48.279548645
0.999824286 -0.014998911 -0.011238964 0.596007645 0.015232407 0.999663651 0.020986484 -1.515989423 0.010920407 -0.021153988 0.999716640 48.909469604
0.999807477 -0.016109705 -0.011194784 0.595082939 0.016335651 0.999658525 0.020393681 -1.519863486 0.010862426 -0.020572631 0.999729276 49.347541809
0.999796867 -0.016398015 -0.011709745 0.601163805 0.016633881 0.999654770 0.020337682 -1.523397088 0.011372204 -0.020528331 0.999724507 49.894325256
0.999819696 -0.015398759 -0.011109616 0.587659001 0.015630584 0.999655366 0.021090971 -1.534699678 0.010781012 -0.021260817 0.999715745 50.439815521
0.999817312 -0.015495506 -0.011188988 0.600067258 0.015722374 0.999666631 0.020480953 -1.529216170 0.010867895 -0.020653130 0.999727607 50.975181580
0.999799848 -0.016303163 -0.011596029 0.610823750 0.016541734 0.999647200 0.020783942 -1.530286670 0.011253093 -0.020971602 0.999716699 51.513015747
0.999791145 -0.016860129 -0.011550395 0.588936031 0.017104071 0.999625623 0.021356910 -1.573915839 0.011185992 -0.021550009 0.999705195 51.912948608
0.999776900 -0.017598581 -0.011687687 0.597590387 0.017845998 0.999611497 0.021413228 -1.574813128 0.011306301 -0.021617029 0.999702334 52.455703735
0.999801457 -0.016464861 -0.011217702 0.578575253 0.016699765 0.999636233 0.021178899 -1.578060508 0.010864913 -0.021362029 0.999712706 53.015083313
0.999784887 -0.017400542 -0.011284963 0.575833142 0.017638020 0.999617577 0.021297008 -1.597347856 0.010910068 -0.021491474 0.999709487 53.540847778
0.999783933 -0.017173031 -0.011712213 0.605016351 0.017421234 0.999618471 0.021429893 -1.594669938 0.011339730 -0.021629306 0.999701738 53.992580414
0.999786913 -0.016959950 -0.011771239 0.606458366 0.017208932 0.999623120 0.021383109 -1.600249648 0.011404149 -0.021581121 0.999702036 54.554676056
0.999762714 -0.017793300 -0.012562805 0.606631756 0.018060341 0.999606192 0.021473402 -1.606709957 0.012175775 -0.021695195 0.999690473 55.077869415
0.999748826 -0.018200915 -0.013074126 0.643562853 0.018476818 0.999602258 0.021301506 -1.595895529 0.012681220 -0.021537727 0.999687552 55.664443970
0.999757051 -0.018187592 -0.012451853 0.655160129 0.018457480 0.999589443 0.021914056 -1.629677176 0.012048176 -0.022138564 0.999682248 56.257537842
0.999794304 -0.016698813 -0.011511051 0.638919771 0.016953474 0.999605477 0.022392478 -1.639750481 0.011132580 -0.022583026 0.999682963 56.522388458
0.999817967 -0.015390817 -0.011275947 0.641186118 0.015643356 0.999620736 0.022661345 -1.649643779 0.010922892 -0.022833610 0.999679565 57.091583252
0.999788702 -0.016971197 -0.011594918 0.657797933 0.017217288 0.999621391 0.021464450 -1.639011264 0.011226251 -0.021659549 0.999702394 57.641349792
0.999797583 -0.016397530 -0.011649489 0.648180187 0.016652161 0.999616861 0.022107735 -1.652241230 0.011282515 -0.022297252 0.999687672 58.192859650
0.999780893 -0.017238297 -0.011876861 0.643888295 0.017503239 0.999591887 0.022576952 -1.669204235 0.011482826 -0.022779893 0.999674559 58.554805756
0.999790847 -0.016915357 -0.011499617 0.653283417 0.017170750 0.999599755 0.022485189 -1.675406575 0.011114670 -0.022677945 0.999680996 59.100784302
0.999776661 -0.017373469 -0.012038409 0.662080467 0.017639166 0.999595106 0.022327838 -1.664275885 0.011645623 -0.022535197 0.999678195 59.652462006
0.999759495 -0.018281871 -0.012116246 0.668639541 0.018544003 0.999588490 0.021887865 -1.665294647 0.011711109 -0.022107286 0.999686956 60.189815521
0.999763191 -0.017749362 -0.012593127 0.742297411 0.018032974 0.999577940 0.022776775 -1.679611683 0.012183540 -0.022998473 0.999661267 60.636672974
0.999779165 -0.017417947 -0.011758706 0.672557592 0.017688379 0.999572158 0.023300136 -1.701643467 0.011347831 -0.023502983 0.999659300 61.094459534
0.999778748 -0.017357118 -0.011881390 0.686109602 0.017629195 0.999575615 0.023191232 -1.708781481 0.011473813 -0.023395561 0.999660373 61.614707947
0.999778032 -0.017251298 -0.012091237 0.686086059 0.017530454 0.999572992 0.023374921 -1.706878185 0.011682828 -0.023581693 0.999653637 62.127750397
0.999786973 -0.017205076 -0.011401514 0.685875058 0.017467784 0.999574602 0.023357205 -1.718779325 0.010994801 -0.023551384 0.999662161 62.686977386
0.999766529 -0.017984770 -0.011965567 0.681759417 0.018263677 0.999554098 0.023623459 -1.719857097 0.011535370 -0.023836482 0.999649346 63.155029297
0.999759734 -0.018233288 -0.012157136 0.683754444 0.018509846 0.999563277 0.023038046 -1.719096899 0.011731765 -0.023257541 0.999660730 63.697277069
0.999774158 -0.017427096 -0.012162269 0.695594072 0.017701924 0.999581754 0.022867436 -1.717470884 0.011758669 -0.023077570 0.999664545 64.244216919
0.999760389 -0.018359613 -0.011919833 0.713042200 0.018622540 0.999577105 0.022335123 -1.704520106 0.011504728 -0.022551747 0.999679506 64.816993713
0.999726713 -0.019442236 -0.012981572 0.739325941 0.019723758 0.999565005 0.021922396 -1.696427703 0.012549707 -0.022172447 0.999675393 65.339408875
0.999755204 -0.018358471 -0.012347117 0.719698787 0.018650284 0.999539196 0.023949558 -1.742620945 0.011901752 -0.024173973 0.999636889 65.712234497
0.999773860 -0.017721286 -0.011753845 0.713055134 0.017998036 0.999553084 0.023873175 -1.741467714 0.011325529 -0.024079327 0.999645889 66.264694214
0.999740183 -0.018921401 -0.012712388 0.733027160 0.019211445 0.999548733 0.023094954 -1.729043126 0.012269664 -0.023333177 0.999652445 66.827186584
0.999716461 -0.020081086 -0.012798745 0.761161149 0.020371772 0.999527812 0.023001593 -1.726717114 0.012330807 -0.023255806 0.999653459 67.354019165
0.999788105 -0.017127214 -0.011415380 0.702661574 0.017402170 0.999549866 0.024438962 -1.759387493 0.010991671 -0.024632437 0.999636173 67.753379822
0.999795318 -0.016584028 -0.011584393 0.720337451 0.016851647 0.999584138 0.023399003 -1.757096171 0.011191525 -0.023589430 0.999659121 68.285972595
0.999784648 -0.017147200 -0.011689142 0.719485402 0.017414194 0.999580681 0.023135329 -1.750283599 0.011287534 -0.023333905 0.999664068 68.856567383
0.999767840 -0.017982904 -0.011863562 0.738387764 0.018263884 0.999544680 0.024017336 -1.770304203 0.011426256 -0.024228435 0.999641120 69.273536682
0.999746442 -0.018489538 -0.012847563 0.764666855 0.018800519 0.999522507 0.024521710 -1.782142401 0.012388030 -0.024757033 0.999616683 69.811676025
0.999796093 -0.016980497 -0.010924422 0.728291512 0.017234275 0.999573588 0.023571525 -1.776531219 0.010519506 -0.023754993 0.999662459 70.370521545
0.999770701 -0.017897194 -0.011756437 0.768655300 0.018179173 0.999538720 0.024332935 -1.796747446 0.011315522 -0.024541078 0.999634802 70.801139832
0.999790907 -0.016647929 -0.011866477 0.779254854 0.016931910 0.999562562 0.024246968 -1.799510241 0.011457623 -0.024442822 0.999635577 71.346710205
0.999823272 -0.015579731 -0.010511210 0.766662478 0.015830660 0.999581158 0.024227425 -1.802976131 0.010129348 -0.024389545 0.999651253 71.891632080
0.999799132 -0.016499326 -0.011376977 0.779431880 0.016765054 0.999579251 0.023670970 -1.794394135 0.010981634 -0.023856949 0.999655068 72.417533875
0.999787390 -0.017266283 -0.011267334 0.784659505 0.017538318 0.999545872 0.024509387 -1.811797380 0.010839030 -0.024701791 0.999636233 72.866455078
0.999801636 -0.016562609 -0.011062616 0.789870858 0.016826294 0.999565959 0.024184253 -1.810723424 0.010657259 -0.024365598 0.999646366 73.407302856
0.999786854 -0.017092852 -0.011580192 0.777062654 0.017366851 0.999561369 0.023989057 -1.810086489 0.011165070 -0.024185056 0.999645174 73.936042786
0.999781072 -0.017299974 -0.011764456 0.846692502 0.017578052 0.999558330 0.023959493 -1.830502272 0.011344762 -0.024161045 0.999643683 74.417732239
0.999776065 -0.017542735 -0.011835700 0.843717635 0.017826239 0.999546051 0.024288958 -1.821833134 0.011404232 -0.024494505 0.999634922 74.884117126
0.999765337 -0.017889336 -0.012218148 0.848076284 0.018186137 0.999531329 0.024629090 -1.837148905 0.011771824 -0.024845513 0.999621987 75.413314819
0.999763370 -0.018084399 -0.012098096 0.837313414 0.018370740 0.999543369 0.023991145 -1.820271254 0.011658708 -0.024207715 0.999638975 75.950393677
0.999776244 -0.017479662 -0.011917414 0.843317986 0.017751891 0.999574780 0.023133375 -1.816692710 0.011507982 -0.023339756 0.999661386 76.476768494
0.999779701 -0.017435789 -0.011683694 0.840198100 0.017719267 0.999539912 0.024615008 -1.827433228 0.011249137 -0.024816614 0.999628723 76.960426331
0.999779522 -0.017275777 -0.011929499 0.843908072 0.017563205 0.999547362 0.024424663 -1.827958107 0.011502145 -0.024628799 0.999630451 77.520919800
0.999750495 -0.018445665 -0.012594748 0.893943310 0.018747311 0.999529719 0.024267629 -1.831484437 0.012141192 -0.024497690 0.999626160 78.088348389
0.999807000 -0.016866069 -0.010068683 0.833101332 0.017109711 0.999550283 0.024623638 -1.832904458 0.009648851 -0.024791157 0.999646068 78.584304810
0.999822497 -0.016683390 -0.008752570 0.834634244 0.016890300 0.999566257 0.024124043 -1.833681464 0.008346302 -0.024267595 0.999670684 79.144866943
0.999813795 -0.017398166 -0.008340211 0.859856963 0.017589398 0.999570668 0.023431964 -1.834413648 0.007928956 -0.023574298 0.999690652 79.706665039
0.999823272 -0.017351735 -0.007233892 0.888983488 0.017521571 0.999555588 0.024115914 -1.847605705 0.006812225 -0.024238402 0.999682963 80.180870056
0.999853611 -0.016696278 -0.003726265 0.869103968 0.016781647 0.999566376 0.024193713 -1.833434343 0.003320704 -0.024252703 0.999700367 80.692398071
0.999858856 -0.016795505 -0.000001913 0.885327458 0.016790526 0.999559641 0.024466960 -1.830840468 -0.000409022 -0.024463538 0.999700665 81.236244202
0.999853849 -0.016840437 0.002967131 0.905298531 0.016762661 0.999558389 0.024533071 -1.837350607 -0.003378969 -0.024479745 0.999694645 81.760620117
0.999829113 -0.017183030 0.006818923 0.933173537 0.017013496 0.999562621 0.024186566 -1.820392013 -0.007231541 -0.024066417 0.999684215 82.283996582
0.999791682 -0.015563606 0.013195398 0.968665421 0.015233202 0.999576807 0.024780609 -1.859659195 -0.013575491 -0.024574442 0.999605834 82.786239624
0.999679267 -0.016736934 0.019005688 0.952348769 0.016261296 0.999557436 0.024910484 -1.861530066 -0.019414198 -0.024593430 0.999508977 83.313903809
0.999553859 -0.016503537 0.024890665 0.986532569 0.015877755 0.999558032 0.025132641 -1.862268209 -0.025294442 -0.024726223 0.999374092 83.829315186
0.999323249 -0.016644849 0.032804649 1.044580221 0.015827451 0.999561667 0.025021229 -1.856879473 -0.033206739 -0.024485080 0.999148488 84.424148560
0.999003768 -0.015935328 0.041681156 1.068929434 0.014858719 0.999551117 0.026013119 -1.876299381 -0.042076975 -0.025367880 0.998792231 84.919006348
0.998676002 -0.016587557 0.048694313 1.097033739 0.015369729 0.999562323 0.025278429 -1.863352299 -0.049092300 -0.024496540 0.998493791 85.437194824
0.998217642 -0.016262865 0.057419591 1.183027506 0.014817281 0.999564648 0.025512405 -1.890616655 -0.057809494 -0.024616130 0.998023987 85.951538086
0.997630715 -0.016777774 0.066720702 1.256284237 0.015015859 0.999527454 0.026821759 -1.904825687 -0.067139193 -0.025756342 0.997411132 86.451538086
0.996987760 -0.017290704 0.075607881 1.314879417 0.015333937 0.999534249 0.026384853 -1.894229412 -0.076028891 -0.025146006 0.996788502 87.009765625
0.996306896 -0.017408842 0.084081456 1.349735260 0.015303937 0.999554753 0.025614124 -1.881376505 -0.084489942 -0.024232747 0.996129632 87.630973816
0.995398164 -0.018119417 0.094097525 1.466212749 0.015823722 0.999560058 0.025086138 -1.866630316 -0.094510674 -0.023481723 0.995246828 88.162902832
0.994301081 -0.017915469 0.105091691 1.513974667 0.015275245 0.999548435 0.025874432 -1.894727468 -0.105507791 -0.024121674 0.994125843 88.696800232
0.993350446 -0.018264614 0.113670841 1.615414619 0.015324518 0.999526441 0.026685327 -1.902460337 -0.114104405 -0.024765935 0.993159950 89.200469971
0.991914988 -0.016328221 0.125849485 1.618194580 0.013043280 0.999553502 0.026882166 -1.876630068 -0.126232252 -0.025023332 0.991684973 89.674156189
0.990313470 -0.016941465 0.137812153 1.718249321 0.013320187 0.999542415 0.027156934 -1.878558397 -0.138209149 -0.025058191 0.990086019 90.217376709
0.988765240 -0.018300768 0.148352712 1.833089828 0.014441451 0.999529719 0.027050115 -1.874004841 -0.148778006 -0.024603784 0.988564491 90.760353088
0.987173259 -0.016717039 0.158774883 1.929362297 0.012582775 0.999556124 0.027008276 -1.876979828 -0.159155905 -0.024664026 0.986945271 91.307304382
0.985166311 -0.017476184 0.170710236 2.042721748 0.013042277 0.999548733 0.027060386 -1.877860308 -0.171106115 -0.024432534 0.984949589 91.811546326
0.982939005 -0.018277209 0.183021754 2.180501938 0.013567159 0.999544621 0.026954155 -1.879122257 -0.183431089 -0.024011206 0.982739270 92.350410461
0.980796933 -0.018078802 0.194191977 2.228711128 0.012907388 0.999528408 0.027862884 -1.843258858 -0.194604144 -0.024821322 0.980567694 92.829490662
0.977903903 -0.016716957 0.208385333 2.353275299 0.011191174 0.999554515 0.027668044 -1.837262630 -0.208755046 -0.024724616 0.977655292 93.406524658
0.974912345 -0.018026631 0.221858114 2.505607605 0.012229373 0.999547601 0.027476622 -1.830695391 -0.222253054 -0.024074111 0.974691749 93.911178589
0.972430348 -0.018432857 0.232463762 2.691940308 0.012273320 0.999534905 0.027915465 -1.876799583 -0.232870191 -0.024292745 0.972204387 94.373962402
0.969330430 -0.017743362 0.245119750 2.829040527 0.011252208 0.999548614 0.027856775 -1.803652525 -0.245503336 -0.024244284 0.969092548 95.007751465
0.965706706 -0.018382514 0.258983791 2.997652054 0.011673236 0.999555945 0.027420357 -1.796995401 -0.259372801 -0.023456845 0.965492368 95.534584045
0.961965561 -0.017420189 0.272614777 3.165466309 0.010346516 0.999572039 0.027363673 -1.788585901 -0.272974759 -0.023502298 0.961734056 96.070976257
0.959039748 -0.019222893 0.282618672 3.364322662 0.011787109 0.999538779 0.027987259 -1.797228098 -0.283026248 -0.023509635 0.958824039 96.611679077
0.954581380 -0.017879814 0.297413379 3.554035187 0.009661700 0.999530494 0.029079188 -1.809862614 -0.297793597 -0.024884934 0.954305887 97.121437073
0.950129807 -0.017583083 0.311358601 3.716686249 0.008944469 0.999534965 0.029151266 -1.802038908 -0.311726481 -0.024912547 0.949845195 97.654609680
0.946403027 -0.017846121 0.322494864 3.929470062 0.008811937 0.999527395 0.029451761 -1.800538301 -0.322868079 -0.025031427 0.946112931 98.173545837
0.941796005 -0.018070403 0.335698962 4.122449875 0.008976466 0.999549985 0.028621692 -1.790268660 -0.336065114 -0.023942407 0.941534340 98.692428589
0.936728477 -0.017461281 0.349621177 4.343856812 0.007827479 0.999550223 0.028949073 -1.801651478 -0.349969417 -0.024380766 0.936443865 99.209289551
0.932202101 -0.018661067 0.361456841 4.568967819 0.008691368 0.999536037 0.029188268 -1.809325695 -0.361833870 -0.024067808 0.931931853 99.777397156
0.927412748 -0.017716777 0.373619646 4.794750214 0.007464333 0.999555290 0.028869953 -1.798961639 -0.373964965 -0.023985540 0.927132607 100.251243591
0.922241807 -0.019614434 0.386115670 5.059759140 0.009102168 0.999536872 0.029035224 -1.776216745 -0.386506379 -0.023263007 0.921993315 100.719604492
0.916206002 -0.019158784 0.400249302 5.278327942 0.007762994 0.999517560 0.030073857 -1.801091194 -0.400632381 -0.024446713 0.915912628 101.267105103
0.911641121 -0.020116094 0.410494447 5.531761169 0.008388613 0.999504209 0.030350508 -1.800373793 -0.410901427 -0.024225293 0.911357880 101.755287170
0.905806661 -0.020199185 0.423209369 5.793579102 0.008006591 0.999500632 0.030568033 -1.791766644 -0.423615396 -0.024300266 0.905516088 102.304359436
0.899322271 -0.019509802 0.436850816 6.060157776 0.006945021 0.999515474 0.030341109 -1.803327799 -0.437231094 -0.024252499 0.899022043 102.798324585
0.893296063 -0.020231796 0.449013084 6.320148468 0.007305963 0.999508023 0.030501241 -1.807618380 -0.449409217 -0.023966169 0.893004477 103.272552490
0.887885630 -0.020889282 0.459589601 6.621128082 0.007699715 0.999503493 0.030554309 -1.808123112 -0.459999651 -0.023590025 0.887605667 103.766883850
0.880138278 -0.019434817 0.474319398 6.812252045 0.005838516 0.999529183 0.030120991 -1.781017780 -0.474681407 -0.023741316 0.879837453 104.166007996
0.872901380 -0.021013478 0.487443924 7.112789154 0.006700302 0.999494135 0.031089002 -1.777703047 -0.487850636 -0.023871612 0.872600675 104.718132019
