1.000000000 0.000000000 0.000000000 0.000000000 0.000000000 1.000000000 0.000000000 0.000000000 0.000000000 0.000000000 1.000000000 0.000000000
1.000000000 -0.000018456 -0.000078680 0.000596203 0.000018451 1.000000000 -0.000052920 0.000584718 0.000078681 0.000052919 1.000000000 -0.000250209
1.000000000 -0.000048193 0.000055162 0.000264681 0.000048191 1.000000000 0.000027976 0.000391832 -0.000055163 -0.000027973 1.000000000 0.000438475
1.000000000 -0.000028261 0.000021590 0.000474124 0.000028260 1.000000000 0.000007472 0.000348876 -0.000021590 -0.000007471 1.000000000 -0.000399942
1.000000000 -0.000183302 -0.000007190 0.000357741 0.000183302 1.000000000 0.000060031 -0.000578929 0.000007179 -0.000060033 1.000000000 -0.001169950
1.000000000 0.000027595 0.000197162 -0.000162106 -0.000027575 1.000000000 -0.000100977 0.001192101 -0.000197165 0.000100972 1.000000000 0.000523155
1.000000000 -0.000162644 0.000038119 0.001568958 0.000162646 1.000000000 -0.000033971 0.000839857 -0.000038114 0.000033978 1.000000000 0.000606747
1.000000000 -0.000043709 0.000007843 0.000122319 0.000043708 1.000000000 0.000113241 -0.000710097 -0.000007848 -0.000113240 1.000000000 -0.001383076
1.000000000 0.000000467 -0.000065352 0.000317777 -0.000000472 1.000000000 -0.000070201 -0.000598066 0.000065352 0.000070201 1.000000000 -0.002148862
1.000000000 -0.000028854 0.000013521 0.000023665 0.000028853 1.000000000 0.000056707 -0.001421428 -0.000013523 -0.000056706 1.000000000 -0.002281629
1.000000000 0.000034698 0.000041622 0.000199570 -0.000034701 1.000000000 0.000062477 -0.000704563 -0.000041620 -0.000062478 1.000000000 0.000211212
1.000000000 -0.000057308 0.000038226 -0.000227852 0.000057304 1.000000000 0.000093539 -0.001292216 -0.000038231 -0.000093537 1.000000000 -0.002002076
1.000000000 0.000080569 0.000030617 -0.000409397 -0.000080566 1.000000000 -0.000098595 -0.000589340 -0.000030625 0.000098592 1.000000000 -0.001092766
1.000000000 -0.000096493 -0.000015699 0.000580477 0.000096493 1.000000000 0.000015810 0.000485971 0.000015698 -0.000015812 1.000000000 0.000008732
1.000000000 -0.000015266 0.000021143 -0.001441834 0.000015269 1.000000000 -0.000133534 0.000693567 -0.000021141 0.000133534 1.000000000 -0.001096580
1.000000000 0.000155922 -0.000062499 0.000498546 -0.000155930 1.000000000 -0.000128860 0.002088110 0.000062479 0.000128870 1.000000000 0.002251474
0.999999940 0.000219191 0.000113216 -0.001315948 -0.000219177 0.999999940 -0.000122681 0.002344067 -0.000113243 0.000122657 1.000000000 0.002899208
1.000000000 0.000198732 0.000019397 -0.001208793 -0.000198730 1.000000000 -0.000123975 0.001410581 -0.000019422 0.000123971 1.000000000 -0.000242610
0.999999940 0.000285407 0.000163059 -0.002213856 -0.000285389 0.999999940 -0.000110994 0.002318464 -0.000163091 0.000110948 1.000000000 0.002446488
0.999999940 0.000161438 0.000185166 -0.001486787 -0.000161419 1.000000000 -0.000106054 0.001739953 -0.000185183 0.000106024 1.000000000 0.002170218
1.000000000 0.000189014 0.000112084 -0.001533834 -0.000189007 1.000000000 -0.000059778 0.001641049 -0.000112095 0.000059757 1.000000000 0.001854676
0.999999940 0.000258947 0.000079805 -0.002094201 -0.000258941 0.999999940 -0.000077641 0.002328065 -0.000079825 0.000077620 1.000000000 0.002308028
1.000000000 0.000150100 -0.000020732 -0.000424815 -0.000150102 1.000000000 -0.000100039 0.002301442 0.000020717 0.000100042 1.000000000 0.002940997
1.000000000 0.000120548 0.000056251 -0.001268422 -0.000120544 1.000000000 -0.000077584 0.002824178 -0.000056261 0.000077578 1.000000000 0.003140998
0.999999881 0.000466584 0.000028872 -0.001591189 -0.000466583 0.999999881 -0.000051887 0.002299770 -0.000028896 0.000051874 1.000000000 0.003461769
0.999999940 0.000371057 0.000056285 -0.001315190 -0.000371052 0.999999940 -0.000101643 0.002281280 -0.000056323 0.000101622 1.000000000 0.001507306
0.999999940 0.000248108 0.000102480 -0.001941879 -0.000248096 0.999999940 -0.000119622 0.003139646 -0.000102509 0.000119596 1.000000000 0.003825853
0.999999940 0.000268347 0.000172892 -0.002399865 -0.000268345 0.999999940 -0.000010303 0.001746989 -0.000172895 0.000010257 1.000000000 0.002435664
1.000000000 0.000209796 0.000044718 -0.001299373 -0.000209792 1.000000000 -0.000078484 0.002408084 -0.000044734 0.000078475 1.000000000 0.002225538
1.000000000 0.000192337 0.000127256 -0.001939199 -0.000192315 0.999999940 -0.000175723 0.003085349 -0.000127290 0.000175699 1.000000000 0.003167286
0.999999940 0.000253633 0.000114189 -0.001068952 -0.000253623 0.999999940 -0.000086719 0.002237807 -0.000114211 0.000086690 1.000000000 0.002616857
1.000000000 0.000185600 0.000125081 -0.000889642 -0.000185582 1.000000000 -0.000145776 0.003925039 -0.000125108 0.000145753 1.000000000 0.004013487
1.000000000 0.000189371 0.000041497 -0.000174584 -0.000189362 0.999999940 -0.000229756 0.003733369 -0.000041540 0.000229748 1.000000000 0.003847906
0.999999940 0.000306848 0.000196929 -0.001186830 -0.000306826 0.999999940 -0.000111967 0.002346133 -0.000196963 0.000111906 1.000000000 0.001476742
0.999999940 0.000377993 0.000149201 -0.002432384 -0.000377958 0.999999881 -0.000233001 0.002606167 -0.000149289 0.000232945 0.999999940 0.001715771
0.999999940 0.000361529 0.000146541 -0.001467102 -0.000361499 0.999999940 -0.000202709 0.002329940 -0.000146615 0.000202656 0.999999940 0.002445647
1.000000000 0.000155873 0.000069779 -0.000558660 -0.000155865 1.000000000 -0.000114155 0.002717494 -0.000069797 0.000114144 1.000000000 0.002305399
0.999999940 0.000301374 0.000139164 -0.002078045 -0.000301355 0.999999940 -0.000132538 0.003216676 -0.000139204 0.000132496 1.000000000 0.003541345
0.999999940 0.000375858 0.000174795 -0.001873149 -0.000375847 0.999999940 -0.000066563 0.001966857 -0.000174820 0.000066498 1.000000000 0.002744376
1.000000000 0.000158294 0.000049944 0.000308315 -0.000158290 1.000000000 -0.000085519 0.003325670 -0.000049958 0.000085511 1.000000000 0.003292083
1.000000000 0.000101632 0.000041766 -0.000185308 -0.000101625 1.000000000 -0.000176107 0.002153575 -0.000041784 0.000176103 1.000000000 0.004491500
0.999999940 0.000390673 0.000099568 0.001449727 -0.000390611 0.999999762 -0.000619059 -0.000364051 -0.000099810 0.000619020 0.999999821 0.052725628
0.999999940 0.000387353 0.000059967 0.000361833 -0.000387283 0.999999225 -0.001158118 -0.002841940 -0.000060416 0.001158095 0.999999344 0.138492629
0.999999940 0.000245591 0.000120097 0.002755446 -0.000245418 0.999998927 -0.001430888 -0.008124879 -0.000120449 0.001430858 0.999998987 0.251027495
0.999999881 0.000501041 0.000013892 0.008453324 -0.000501026 0.999999285 -0.001082638 -0.011766394 -0.000014435 0.001082630 0.999999404 0.382936060
0.999999881 0.000250147 0.000346190 0.006592880 -0.000249819 0.999999523 -0.000949357 -0.013650998 -0.000346427 0.000949271 0.999999464 0.535930395
1.000000000 -0.000167116 -0.000035258 0.012910947 0.000167083 0.999999523 -0.000932802 -0.022685267 0.000035414 0.000932796 0.999999583 0.682124496
0.999999821 0.000421926 0.000453242 0.013915845 -0.000421756 0.999999821 -0.000375076 -0.025973467 -0.000453400 0.000374885 0.999999821 0.842425704
0.999997675 0.001565162 0.001481031 -0.002691793 -0.001564583 0.999998689 -0.000392119 -0.033975042 -0.001481643 0.000389801 0.999998808 1.037969828
0.999997437 0.001882020 0.001262440 0.002333316 -0.001881386 0.999998152 -0.000503235 -0.036605995 -0.001263384 0.000500859 0.999999046 1.216294408
0.999996066 0.002083773 0.001879002 0.003365629 -0.002083396 0.999997735 -0.000202461 -0.040570389 -0.001879420 0.000198545 0.999998212 1.400543928
0.999995530 0.002388667 0.001805160 0.007089765 -0.002388782 0.999997139 0.000061500 -0.045144349 -0.001805008 -0.000065812 0.999998391 1.593732119
0.999996126 0.001975878 0.001964908 0.011588884 -0.001976076 0.999998033 0.000098864 -0.052589998 -0.001964709 -0.000102747 0.999998033 1.796162248
0.999994636 0.002326745 0.002318100 0.007946155 -0.002327183 0.999997258 0.000186466 -0.058489691 -0.002317660 -0.000191860 0.999997258 1.986883044
0.999995649 0.002025639 0.002200924 0.014574248 -0.002026210 0.999997914 0.000257182 -0.065537632 -0.002200399 -0.000261641 0.999997497 2.196547270
0.999996305 0.001523278 0.002239201 0.025014615 -0.001524498 0.999998689 0.000543169 -0.071348965 -0.002238371 -0.000546580 0.999997377 2.418436527
0.999996424 0.001828009 0.001963896 0.031495608 -0.001829248 0.999998093 0.000629468 -0.079779506 -0.001962741 -0.000633059 0.999997854 2.643233299
0.999993980 0.002348139 0.002525723 0.024288975 -0.002350028 0.999996901 0.000744936 -0.090005025 -0.002523966 -0.000750867 0.999996543 2.888512850
0.999992788 0.002444294 0.002906998 0.024534624 -0.002446557 0.999996722 0.000775038 -0.095052682 -0.002905094 -0.000782144 0.999995470 3.129376888
0.999994457 0.002439131 0.002267330 0.040754527 -0.002441057 0.999996662 0.000847445 -0.100094378 -0.002265255 -0.000852975 0.999997079 3.364289761
0.999991179 0.002728381 0.003187521 0.033266790 -0.002730920 0.999995947 0.000792482 -0.109498970 -0.003185346 -0.000801179 0.999994636 3.614951611
0.999990046 0.003217940 0.003098655 0.037104093 -0.003220184 0.999994576 0.000719289 -0.116018586 -0.003096324 -0.000729261 0.999994934 3.870027542
0.999990284 0.002941116 0.003270960 0.044333480 -0.002943826 0.999995351 0.000823976 -0.119053364 -0.003268522 -0.000833597 0.999994278 4.133523941
0.999989748 0.003168135 0.003219314 0.049025908 -0.003170972 0.999994576 0.000876649 -0.124057002 -0.003216519 -0.000886849 0.999994457 4.389848709
0.999989331 0.003119140 0.003425138 0.054808691 -0.003121417 0.999994874 0.000659383 -0.131409705 -0.003423064 -0.000670067 0.999993920 4.649835587
0.999989867 0.003053267 0.003301979 0.065995157 -0.003055826 0.999994993 0.000770119 -0.140584707 -0.003299611 -0.000780202 0.999994218 4.909813881
0.999987662 0.003672274 0.003340542 0.069875740 -0.003675418 0.999992728 0.000935767 -0.141659901 -0.003337082 -0.000948033 0.999993980 5.176859856
0.999986231 0.003623829 0.003789954 0.072209612 -0.003627690 0.999992907 0.001012575 -0.156660736 -0.003786258 -0.001026310 0.999992251 5.445714951
0.999985874 0.003559344 0.003924253 0.077083789 -0.003563209 0.999993205 0.000978292 -0.164202422 -0.003920744 -0.000992261 0.999991775 5.716703415
0.999986351 0.003406513 0.003942441 0.079042554 -0.003410032 0.999993801 0.000886224 -0.170481041 -0.003939397 -0.000899656 0.999991834 5.992773056
0.999985278 0.003586126 0.004063769 0.083532684 -0.003590952 0.999992847 0.001180986 -0.178570762 -0.004059505 -0.001195561 0.999991059 6.277365685
0.999984384 0.003701617 0.004177218 0.092571750 -0.003706449 0.999992490 0.001149768 -0.186219856 -0.004172930 -0.001165233 0.999990642 6.552069664
0.999983191 0.004016696 0.004196660 0.099019811 -0.004021168 0.999991357 0.001057708 -0.191914514 -0.004192376 -0.001074565 0.999990642 6.847321510
0.999980986 0.004549991 0.004156922 0.100490950 -0.004553860 0.999989152 0.000921539 -0.198830456 -0.004152684 -0.000940451 0.999990880 7.142322540
0.999983728 0.004177774 0.003890322 0.108001642 -0.004182114 0.999990642 0.001108095 -0.209630504 -0.003885655 -0.001124346 0.999991894 7.437386513
0.999983609 0.003871854 0.004231230 0.117254294 -0.003878765 0.999991179 0.001626191 -0.225892931 -0.004224897 -0.001642576 0.999989748 7.725136280
0.999979556 0.004552665 0.004502823 0.118698791 -0.004559545 0.999988496 0.001518714 -0.232141584 -0.004495857 -0.001539214 0.999988735 8.073601723
0.999980092 0.004374023 0.004578626 0.128660679 -0.004379694 0.999989569 0.001229360 -0.239269704 -0.004573201 -0.001249388 0.999988735 8.375645638
0.999980748 0.004449527 0.004325248 0.138798878 -0.004455688 0.999988973 0.001416125 -0.248362914 -0.004318900 -0.001435370 0.999989629 8.702833176
0.999981046 0.004242388 0.004474591 0.142927945 -0.004249949 0.999989569 0.001681546 -0.254461586 -0.004467410 -0.001700531 0.999988556 9.047837257
0.999977708 0.004925926 0.004516681 0.149733946 -0.004934762 0.999985874 0.001947209 -0.268933475 -0.004507025 -0.001969454 0.999987900 9.391048431
0.999972463 0.005372522 0.005114332 0.147472039 -0.005381304 0.999984086 0.001704792 -0.284887671 -0.005105091 -0.001732267 0.999985456 9.704237938
0.999974787 0.005111076 0.004924498 0.162088528 -0.005119337 0.999985576 0.001666203 -0.294142276 -0.004915911 -0.001691372 0.999986470 10.060061455
0.999978483 0.004195709 0.005043922 0.169549555 -0.004203547 0.999990046 0.001544425 -0.303445697 -0.005037391 -0.001565594 0.999986112 10.422756195
0.999977410 0.004300154 0.005153816 0.180757493 -0.004305672 0.999990165 0.001060116 -0.310476780 -0.005149207 -0.001082283 0.999986112 10.782950401
0.999979019 0.004474439 0.004690289 0.195043519 -0.004480146 0.999989212 0.001206976 -0.317426682 -0.004684838 -0.001227963 0.999988198 11.159982681
0.999979138 0.004475464 0.004659149 0.202988833 -0.004481571 0.999989092 0.001301149 -0.329029024 -0.004653275 -0.001322001 0.999988258 11.534531593
0.999973416 0.005273456 0.005038033 0.208897084 -0.005279160 0.999985456 0.001119470 -0.333833218 -0.005032056 -0.001146037 0.999986649 11.924320221
0.999964178 0.006134715 0.005833495 0.210858196 -0.006143864 0.999979913 0.001551601 -0.348743796 -0.005823860 -0.001587385 0.999981761 12.312857628
0.999969125 0.005516716 0.005601289 0.224414915 -0.005529751 0.999981999 0.002314189 -0.375944436 -0.005588422 -0.002345091 0.999981642 12.663932800
0.999972939 0.004607621 0.005738152 0.237406373 -0.004617848 0.999987781 0.001770217 -0.382217318 -0.005729926 -0.001796667 0.999981999 13.101408005
0.999972224 0.004367471 0.006039290 0.254509449 -0.004380864 0.999987960 0.002206074 -0.397135317 -0.006029582 -0.002232470 0.999979377 13.501604080
0.999972641 0.004738182 0.005675652 0.260352314 -0.004751807 0.999985933 0.002389646 -0.409898996 -0.005664248 -0.002416551 0.999981105 13.903684616
0.999972522 0.004631932 0.005794975 0.263266057 -0.004645245 0.999986589 0.002285985 -0.415761471 -0.005784308 -0.002312841 0.999980628 14.332474709
0.999965668 0.005306718 0.006358460 0.272443384 -0.005321690 0.999983072 0.002340019 -0.428395092 -0.006345934 -0.002373777 0.999977052 14.742364883
0.999968410 0.005305265 0.005918304 0.284273028 -0.005319503 0.999983072 0.002392570 -0.440167993 -0.005905510 -0.002423977 0.999979615 15.168307304
0.999962866 0.005586581 0.006562487 0.290894389 -0.005599377 0.999982476 0.001933118 -0.448577315 -0.006551572 -0.001969792 0.999976575 15.625562668
0.999963343 0.004420308 0.007340750 0.302494317 -0.004436578 0.999987721 0.002201640 -0.459629267 -0.007330928 -0.002234127 0.999970615 16.079505920
0.999953508 0.005459172 0.007945554 0.306580663 -0.005482006 0.999980927 0.002855025 -0.487110794 -0.007929817 -0.002898450 0.999964356 16.499635696
0.999951124 0.005674358 0.008094839 0.317198128 -0.005695811 0.999980271 0.002629576 -0.498079598 -0.008079759 -0.002675554 0.999963820 16.952875137
0.999953389 0.005277171 0.008083157 0.335972190 -0.005294995 0.999983609 0.002185312 -0.500703096 -0.008071491 -0.002228011 0.999964952 17.418634415
0.999948025 0.005424884 0.008628351 0.346377909 -0.005447414 0.999981880 0.002589795 -0.518980503 -0.008614145 -0.002636663 0.999959409 17.874897003
0.999951780 0.004903512 0.008504978 0.357461423 -0.004922314 0.999985456 0.002191277 -0.531146407 -0.008494110 -0.002233035 0.999961376 18.344921112
0.999950528 0.004935182 0.008621742 0.370893776 -0.004953628 0.999985456 0.002119509 -0.538946092 -0.008611156 -0.002162114 0.999960601 18.819730759
0.999948442 0.004959540 0.008853483 0.383615792 -0.004978983 0.999985218 0.002175420 -0.554996967 -0.008842563 -0.002219390 0.999958456 19.309720993
0.999940395 0.005486736 0.009440404 0.392930627 -0.005508160 0.999982297 0.002244781 -0.569531024 -0.009427922 -0.002296646 0.999952853 19.767307281
0.999940097 0.005274223 0.009584232 0.403918505 -0.005298030 0.999982893 0.002460255 -0.582735360 -0.009571093 -0.002510885 0.999951005 20.254032135
0.999940217 0.005491775 0.009451994 0.425655901 -0.005512148 0.999982476 0.002130705 -0.592669904 -0.009440126 -0.002182679 0.999953032 20.746688843
0.999950230 0.004935529 0.008669226 0.445140392 -0.004956082 0.999984980 0.002350956 -0.606254756 -0.008657493 -0.002393804 0.999959648 21.225997925
0.999959469 0.004452148 0.007831789 0.461273372 -0.004470394 0.999987364 0.002313794 -0.615179181 -0.007821388 -0.002348711 0.999966621 21.737333298
0.999963641 0.004469186 0.007266362 0.473768741 -0.004487136 0.999986947 0.002455891 -0.630328357 -0.007255291 -0.002488407 0.999970555 22.243566513
0.999949634 0.005543047 0.008361845 0.468089283 -0.005564171 0.999981403 0.002505214 -0.653117418 -0.008347802 -0.002551615 0.999961913 22.773080826
0.999950886 0.005791001 0.008047573 0.478276432 -0.005812048 0.999979794 0.002594478 -0.667620659 -0.008032386 -0.002641123 0.999964237 23.298542023
0.999957860 0.005739195 0.007175019 0.474365562 -0.005759105 0.999979615 0.002757397 -0.685966969 -0.007159049 -0.002798603 0.999970436 23.821310043
0.999972582 0.004228390 0.006067730 0.507489145 -0.004244375 0.999987543 0.002624010 -0.705249131 -0.006056559 -0.002649692 0.999978065 24.395357132
0.999969065 0.005386775 0.005722820 0.517041266 -0.005402470 0.999981642 0.002730518 -0.716847599 -0.005708006 -0.002761351 0.999979854 24.936893463
0.999969840 0.005928508 0.005021117 0.525073528 -0.005943010 0.999978185 0.002877933 -0.726745725 -0.005003945 -0.002907688 0.999983191 25.472126007
0.999970734 0.005837335 0.004944688 0.527306437 -0.005852260 0.999978304 0.003009232 -0.752611935 -0.004927015 -0.003038081 0.999983251 26.057573318
0.999970555 0.006067291 0.004690058 0.541214108 -0.006080765 0.999977291 0.002863848 -0.763241470 -0.004672576 -0.002892283 0.999984920 26.619379044
0.999978662 0.005475508 0.003580106 0.555084109 -0.005484959 0.999981463 0.002635361 -0.771901011 -0.003565611 -0.002654941 0.999990165 27.173751831
0.999976337 0.005902108 0.003515309 0.569844902 -0.005913769 0.999976993 0.003316124 -0.800315142 -0.003495656 -0.003336834 0.999988258 27.778175354
0.999973476 0.006265457 0.003713778 0.579107940 -0.006278400 0.999974191 0.003483613 -0.815693200 -0.003691857 -0.003506837 0.999987006 28.319721222
0.999970257 0.006780983 0.003670393 0.589285970 -0.006792598 0.999971986 0.003161413 -0.824567974 -0.003648853 -0.003186250 0.999988258 28.885126114
0.999971807 0.006791166 0.003199009 0.599744022 -0.006802930 0.999970078 0.003680592 -0.840434492 -0.003173918 -0.003702251 0.999988079 29.466722488
0.999970794 0.007108869 0.002831642 0.610472441 -0.007119523 0.999967575 0.003770257 -0.855503500 -0.002804748 -0.003790307 0.999988854 30.020204544
0.999965966 0.007528662 0.003376191 0.616433263 -0.007542054 0.999963701 0.003971613 -0.864421129 -0.003346167 -0.003996941 0.999986470 30.571943283
0.999961376 0.008067899 0.003471286 0.624497235 -0.008079256 0.999961913 0.003269868 -0.873870730 -0.003444773 -0.003297787 0.999988675 31.117216110
0.999967277 0.007696937 0.002492907 0.642089367 -0.007705493 0.999964416 0.003441145 -0.892372787 -0.002466331 -0.003460241 0.999991000 31.711704254
0.999960840 0.008541362 0.002319222 0.649768710 -0.008549923 0.999956667 0.003706600 -0.907613218 -0.002287462 -0.003726284 0.999990463 32.256359100
0.999966621 0.007912003 0.002020551 0.673651814 -0.007917834 0.999964476 0.002893997 -0.914833307 -0.001997582 -0.002909899 0.999993742 32.788898468
0.999962687 0.008445866 0.001811740 0.665523887 -0.008452230 0.999958038 0.003533395 -0.929847360 -0.001781822 -0.003548576 0.999992132 33.354507446
0.999968886 0.007785907 0.001253351 0.683454335 -0.007790375 0.999963164 0.003601687 -0.953297138 -0.001225263 -0.003611339 0.999992728 33.878913879
0.999963164 0.008381874 0.001792507 0.684140444 -0.008387471 0.999959886 0.003138172 -0.950186014 -0.001766131 -0.003153092 0.999993443 34.470573425
0.999968410 0.007780248 0.001616219 0.692764401 -0.007786229 0.999962687 0.003727263 -0.979426444 -0.001587160 -0.003739730 0.999991775 35.063659668
0.999959111 0.008754384 0.002268647 0.699437320 -0.008761947 0.999956012 0.003345452 -0.992334962 -0.002239260 -0.003365193 0.999991834 35.609531403
0.999964654 0.008153541 0.002037113 0.713252842 -0.008160499 0.999960721 0.003431303 -1.000463724 -0.002009056 -0.003447806 0.999992073 36.152526855
0.999964774 0.008183869 0.001842523 0.725190401 -0.008189742 0.999961376 0.003204118 -1.012440920 -0.001816230 -0.003219096 0.999993265 36.690444946
0.999977112 0.006622586 0.001328479 0.738354445 -0.006627204 0.999972045 0.003503125 -1.034687996 -0.001305241 -0.003511850 0.999992967 37.315628052
0.999970675 0.007392447 0.001999321 0.739864945 -0.007398808 0.999967575 0.003193865 -1.046344995 -0.001975646 -0.003208564 0.999992907 37.865791321
0.999974787 0.006973443 0.001318612 0.757366717 -0.006977781 0.999970138 0.003314354 -1.055313587 -0.001295460 -0.003323471 0.999993563 38.423656464
0.999972105 0.007381921 0.001122510 0.775004089 -0.007385397 0.999967873 0.003124482 -1.067973375 -0.001099409 -0.003132686 0.999994457 38.928287506
0.999975681 0.006853666 0.001221330 0.771687269 -0.006858345 0.999968946 0.003869988 -1.097358942 -0.001194769 -0.003878270 0.999991775 39.513919830
0.999975026 0.006980152 0.001170150 0.783267319 -0.006984426 0.999968767 0.003688566 -1.108991742 -0.001144367 -0.003696646 0.999992549 40.063354492
0.999977052 0.006629704 0.001416887 0.784075975 -0.006633891 0.999973536 0.002971939 -1.114459991 -0.001397146 -0.002981271 0.999994576 40.578952789
0.999971569 0.007410747 0.001368240 0.792679548 -0.007415176 0.999967217 0.003261275 -1.118676662 -0.001344026 -0.003271328 0.999993801 41.138008118
0.999974132 0.007016168 0.001568924 0.797027111 -0.007022578 0.999966800 0.004116842 -1.149431705 -0.001539988 -0.004127752 0.999990284 41.701484680
0.999972403 0.007345985 0.001088526 0.813358843 -0.007349879 0.999966383 0.003617720 -1.152107120 -0.001061913 -0.003625620 0.999992847 42.251785278
0.999971867 0.007409753 0.001155221 0.819044828 -0.007414188 0.999964893 0.003882950 -1.171504855 -0.001126409 -0.003891405 0.999991775 42.803035736
0.999962151 0.008365015 0.002375016 0.837050855 -0.008373652 0.999958277 0.003650534 -1.175639510 -0.002344380 -0.003670285 0.999990463 43.286785126
0.999971151 0.007248626 0.002282646 0.821747422 -0.007257935 0.999965250 0.004096366 -1.195662975 -0.002252874 -0.004112815 0.999989033 43.851257324
0.999970675 0.007335345 0.002187737 0.837686837 -0.007344127 0.999964774 0.004033310 -1.209396839 -0.002158075 -0.004049259 0.999989510 44.404335022
0.999973536 0.006957389 0.002112176 0.854433179 -0.006965458 0.999968410 0.003836930 -1.221611023 -0.002085413 -0.003851541 0.999990463 44.948974609
0.999972105 0.007317659 0.001553081 0.872701824 -0.007324155 0.999964297 0.004218281 -1.240188837 -0.001522157 -0.004229538 0.999989986 45.484584808
0.999970853 0.007217039 0.002491589 0.856296301 -0.007225695 0.999967813 0.003482332 -1.244730711 -0.002466377 -0.003500234 0.999990821 46.012020111
0.999971926 0.007017012 0.002631545 0.868646026 -0.007025878 0.999969602 0.003375179 -1.255331159 -0.002607782 -0.003393573 0.999990821 46.557399750
0.999972761 0.007081650 0.002084647 0.885755718 -0.007086448 0.999972284 0.002303813 -1.256272674 -0.002068275 -0.002318522 0.999995172 47.123981476
0.999969482 0.007239786 0.002940323 0.871627271 -0.007249319 0.999968469 0.003244594 -1.272550464 -0.002916740 -0.003265809 0.999990404 47.611602783
0.999963701 0.008008957 0.002920148 0.878208458 -0.008017750 0.999963403 0.003012393 -1.282554388 -0.002895914 -0.003035696 0.999991238 48.157657623
0.999971271 0.007113914 0.002617543 0.899040222 -0.007121580 0.999970257 0.002930621 -1.298274398 -0.002596617 -0.002949178 0.999992251 48.720661163
0.999976158 0.006163108 0.003114245 0.899394751 -0.006173532 0.999975324 0.003348655 -1.309300423 -0.003093530 -0.003367801 0.999989569 49.205005646
0.999981284 0.005542454 0.002596515 0.913512170 -0.005551827 0.999978006 0.003616284 -1.322555661 -0.002576414 -0.003630632 0.999990165 49.752334595
0.999972820 0.006549672 0.003376385 0.924236000 -0.006559476 0.999974251 0.002900961 -1.331637979 -0.003357298 -0.002923030 0.999990046 50.295276642
0.999968946 0.007001387 0.003619289 0.910615206 -0.007014385 0.999968946 0.003591534 -1.344532728 -0.003594031 -0.003616809 0.999986947 50.810371399
0.999959826 0.007600126 0.004750180 0.918109894 -0.007618030 0.999963880 0.003762482 -1.363016725 -0.004721412 -0.003798517 0.999981642 51.340255737
0.999967039 0.007279793 0.003597148 0.936178744 -0.007289558 0.999969780 0.002708990 -1.364513636 -0.003577318 -0.002735121 0.999989808 51.904457092
0.999970675 0.006750775 0.003608026 0.942941546 -0.006763194 0.999971330 0.003441342 -1.379707813 -0.003584691 -0.003465643 0.999987483 52.402168274
0.999965906 0.007054581 0.004277108 0.951340377 -0.007068897 0.999969542 0.003340915 -1.393000364 -0.004253408 -0.003371036 0.999985218 52.952003479
0.999970138 0.006671783 0.003931011 0.959805608 -0.006684352 0.999972582 0.003193272 -1.402700663 -0.003909599 -0.003219453 0.999987185 53.478595734
0.999966204 0.007217524 0.003925778 0.968321145 -0.007228767 0.999969900 0.002857351 -1.415769100 -0.003905036 -0.002885633 0.999988198 54.019207001
0.999969423 0.006740899 0.003951612 0.978548050 -0.006752428 0.999972880 0.002911382 -1.432914495 -0.003931879 -0.002937976 0.999987960 54.548660278
0.999967039 0.006929214 0.004235791 0.988525450 -0.006941607 0.999971628 0.002918476 -1.446656466 -0.004215447 -0.002947783 0.999986827 55.080371857
0.999964535 0.007265022 0.004264719 1.002715588 -0.007277224 0.999969482 0.002852968 -1.456260562 -0.004243862 -0.002883902 0.999986827 55.645278931
0.999966204 0.007043498 0.004264185 1.011663079 -0.007054026 0.999972045 0.002458738 -1.464485884 -0.004246749 -0.002488734 0.999987841 56.146888733
0.999966800 0.007162416 0.003886122 1.020591855 -0.007173359 0.999970376 0.002809202 -1.478075862 -0.003865886 -0.002836985 0.999988556 56.696849823
0.999962807 0.007485731 0.004277606 1.035652399 -0.007496634 0.999968648 0.002538950 -1.492315292 -0.004258465 -0.002570923 0.999987602 57.215854645
0.999962211 0.007768274 0.003886819 1.050122142 -0.007778534 0.999966204 0.002631444 -1.507381558 -0.003866246 -0.002661578 0.999988973 57.747295380
0.999960542 0.007882708 0.004094322 1.061906576 -0.007891376 0.999966621 0.002105239 -1.518178225 -0.004077590 -0.002137466 0.999989390 58.290470123
0.999958873 0.007706476 0.004775992 1.066146493 -0.007717302 0.999967635 0.002252640 -1.525666714 -0.004758477 -0.002289406 0.999986053 58.812973022
0.999950230 0.008501802 0.005206992 1.070174694 -0.008512527 0.999961615 0.002041189 -1.534988999 -0.005189438 -0.002085412 0.999984324 59.361545563
0.999956191 0.007749755 0.005238214 1.087923765 -0.007757830 0.999968708 0.001523030 -1.549709678 -0.005226246 -0.001563601 0.999985158 59.894664764
0.999958873 0.007743220 0.004718984 1.098493814 -0.007750283 0.999968827 0.001480129 -1.558833003 -0.004707376 -0.001516641 0.999987781 60.394313812
0.999961078 0.007608160 0.004448029 1.114259362 -0.007618225 0.999968529 0.002250210 -1.569630384 -0.004430769 -0.002284008 0.999987602 60.958263397
0.999951839 0.008326908 0.005193149 1.125067115 -0.008334160 0.999964356 0.001376411 -1.586070061 -0.005181503 -0.001419626 0.999985576 61.494815826
0.999948144 0.008661280 0.005352890 1.136818767 -0.008669895 0.999961138 0.001588411 -1.592326164 -0.005338924 -0.001634737 0.999984384 61.995532990
0.999938071 0.009444205 0.005890998 1.143835068 -0.009450294 0.999954820 0.001006836 -1.604724884 -0.005881222 -0.001062445 0.999982119 62.540653229
0.999951959 0.008418981 0.005006173 1.167660952 -0.008421303 0.999964476 0.000443210 -1.616872072 -0.005002263 -0.000485348 0.999987423 63.087051392
0.999945343 0.008817303 0.005617965 1.165974855 -0.008823811 0.999960423 0.001134720 -1.631959677 -0.005607737 -0.001184230 0.999983549 63.594730377
0.999939919 0.009208552 0.005945920 1.176809311 -0.009214185 0.999957144 0.000920710 -1.648175597 -0.005937187 -0.000975442 0.999981880 64.150985718
0.999949515 0.008191284 0.005810752 1.201726794 -0.008199491 0.999965370 0.001390183 -1.666682243 -0.005799163 -0.001437758 0.999982119 64.662376404
0.999938369 0.009323753 0.006032977 1.209670067 -0.009322817 0.999956489 -0.000183091 -1.669456720 -0.006034422 0.000126836 0.999981761 65.192146301
0.999940932 0.008832174 0.006325391 1.201329708 -0.008836285 0.999960780 0.000622411 -1.686459780 -0.006319646 -0.000678267 0.999979734 65.691581726
0.999945283 0.008026492 0.006705225 1.218693018 -0.008033716 0.999967158 0.001051415 -1.703240156 -0.006696566 -0.001105225 0.999976933 66.243431091
0.999943972 0.008159984 0.006736473 1.227818847 -0.008160322 0.999966681 0.000022468 -1.710543990 -0.006736065 -0.000077438 0.999977291 66.799942017
0.999938428 0.009024424 0.006453295 1.238227129 -0.009029163 0.999958873 0.000705991 -1.733540297 -0.006446659 -0.000764215 0.999978900 67.268325806
0.999929190 0.009558484 0.007071231 1.250678062 -0.009564961 0.999953866 0.000882575 -1.749532342 -0.007062467 -0.000950149 0.999974608 67.813125610
0.999917269 0.010481178 0.007438406 1.260815620 -0.010487667 0.999944627 0.000833713 -1.768813252 -0.007429256 -0.000911656 0.999971986 68.352554321
0.999921441 0.010035452 0.007511702 1.274504423 -0.010042565 0.999949157 0.000909916 -1.777787209 -0.007502189 -0.000985281 0.999971330 68.935279846
0.999932289 0.009494093 0.006733370 1.287599206 -0.009495014 0.999954939 0.000105108 -1.780398011 -0.006732068 -0.000169034 0.999977350 69.391494751
0.999931395 0.009061365 0.007424959 1.296275616 -0.009065318 0.999958813 0.000498679 -1.798377991 -0.007420134 -0.000565955 0.999972343 69.933540344
0.999927402 0.009686177 0.007167083 1.315650702 -0.009683430 0.999953032 -0.000417613 -1.810581923 -0.007170791 0.000348181 0.999974310 70.491905212
0.999937713 0.008967040 0.006641797 1.334389925 -0.008961915 0.999959588 -0.000801036 -1.821174622 -0.006648711 0.000741463 0.999977648 71.068092346
0.999935627 0.008865979 0.007079579 1.342546225 -0.008862425 0.999960601 -0.000532078 -1.833272696 -0.007084018 0.000469301 0.999974787 71.531822205
0.999933004 0.009123311 0.007132299 1.356929779 -0.009118627 0.999958158 -0.000688453 -1.845845938 -0.007138282 0.000623370 0.999974310 72.089141846
0.999920428 0.010387039 0.007161924 1.364877224 -0.010379522 0.999945581 -0.001086042 -1.861350298 -0.007172815 0.001011619 0.999973714 72.645866394
0.999922931 0.010258005 0.006995611 1.374456167 -0.010249713 0.999946773 -0.001219836 -1.882051468 -0.007007752 0.001148039 0.999974787 73.194076538
0.999941349 0.008567756 0.006626744 1.403263330 -0.008567036 0.999963224 -0.000136678 -1.887929440 -0.006627672 0.000079899 0.999978006 73.655456543
0.999941051 0.008450392 0.006825194 1.419923782 -0.008447478 0.999964118 -0.000455698 -1.902267575 -0.006828801 0.000398016 0.999976575 74.212974548
0.999928951 0.009605588 0.007053420 1.431170464 -0.009607174 0.999953866 0.000190653 -1.915468812 -0.007051263 -0.000258403 0.999975026 74.766891479
0.999932110 0.009333911 0.006972479 1.447239399 -0.009328957 0.999956191 -0.000742615 -1.917577982 -0.006979105 0.000677518 0.999975443 75.230880737
0.999941111 0.008236847 0.007058922 1.467513084 -0.008228269 0.999965310 -0.001243670 -1.928333521 -0.007068921 0.001185514 0.999974370 75.774627686
0.999910951 0.010766995 0.007883972 1.461590052 -0.010761749 0.999941945 -0.000707559 -1.947273612 -0.007891132 0.000622651 0.999968708 76.328613281
0.999918520 0.010271286 0.007593364 1.486763000 -0.010262912 0.999946713 -0.001140798 -1.961202383 -0.007604678 0.001062774 0.999970496 76.807296753
0.999906540 0.011111949 0.007977474 1.498255014 -0.011100712 0.999937415 -0.001451197 -1.971199632 -0.007993099 0.001362505 0.999967098 77.352218628
0.999923348 0.009893756 0.007458425 1.507393479 -0.009887848 0.999950767 -0.000828705 -1.993217468 -0.007466258 0.000754893 0.999971867 77.820686340
0.999920607 0.010081462 0.007562508 1.525657535 -0.010076461 0.999949038 -0.000698841 -2.011778355 -0.007569168 0.000622582 0.999971211 78.362747192
0.999917626 0.010177319 0.007810257 1.540559053 -0.010166585 0.999947309 -0.001412397 -2.020571947 -0.007824220 0.001332877 0.999968529 78.879394531
0.999924362 0.009918998 0.007272644 1.558539629 -0.009905796 0.999949276 -0.001848931 -2.033734798 -0.007290615 0.001776750 0.999971807 79.435348511
0.999923885 0.009690481 0.007628917 1.581604481 -0.009676263 0.999951482 -0.001898276 -2.051684141 -0.007646941 0.001824312 0.999969125 79.937675476
0.999900281 0.010549640 0.009379130 1.587033987 -0.010531792 0.999942720 -0.001950018 -2.067534685 -0.009399164 0.001851044 0.999954104 80.486801147
0.999903262 0.010058961 0.009621172 1.616809607 -0.010040245 0.999947608 -0.001991505 -2.082079649 -0.009640704 0.001894713 0.999951661 81.021812439
0.999891281 0.009951709 0.010885729 1.634601355 -0.009928175 0.999948263 -0.002213768 -2.096692085 -0.010907197 0.002105451 0.999938250 81.579948425
0.999864519 0.010779142 0.012447190 1.635731936 -0.010752276 0.999939620 -0.002223499 -2.118799210 -0.012470409 0.002089362 0.999920011 82.114723206
0.999827147 0.010826603 0.015116181 1.679084301 -0.010794424 0.999939322 -0.002208573 -2.127887249 -0.015139175 0.002045021 0.999883294 82.640312195
0.999761283 0.010427101 0.019204281 1.700852871 -0.010383583 0.999943376 -0.002364381 -2.141422510 -0.019227846 0.002164407 0.999812782 83.185089111
0.999688447 0.010448688 0.022669848 1.723360300 -0.010407938 0.999944031 -0.001914645 -2.169943571 -0.022688581 0.001678102 0.999741137 83.698646545
0.999599814 0.010344815 0.026327973 1.754300833 -0.010281906 0.999944091 -0.002523794 -2.166822672 -0.026352601 0.002252082 0.999650300 84.239006042
0.999406278 0.010367334 0.032855514 1.782616973 -0.010281921 0.999943376 -0.002767548 -2.180170298 -0.032882344 0.002428087 0.999456286 84.788444519
0.999207854 0.010200839 0.038465474 1.828299522 -0.010094162 0.999944627 -0.002966464 -2.195383549 -0.038493611 0.002575837 0.999255478 85.318771362
0.998942554 0.010077779 0.044857897 1.866909266 -0.009965898 0.999946713 -0.002717033 -2.215253115 -0.044882890 0.002267112 0.998989701 85.864051819
0.998548269 0.010254964 0.052877355 1.911625385 -0.010124051 0.999944925 -0.002743103 -2.226621151 -0.052902576 0.002203787 0.998597264 86.392082214
0.998040736 0.010673573 0.061650090 1.964380503 -0.010494554 0.999939620 -0.003226925 -2.238841057 -0.061680816 0.002573612 0.998092651 86.956802368
0.997623861 0.009479049 0.068240203 2.019634247 -0.009280968 0.999951601 -0.003219202 -2.257229567 -0.068267405 0.002578218 0.997663736 87.477760315
0.996961832 0.009766563 0.077276953 2.079241276 -0.009504858 0.999947667 -0.003753657 -2.269057512 -0.077309571 0.003007747 0.997002661 88.019905090
0.996116817 0.009113419 0.087568514 2.149068832 -0.008821735 0.999954164 -0.003717304 -2.296564102 -0.087598369 0.002930362 0.996151567 88.534729004
0.995281518 0.009705595 0.096542843 2.208929062 -0.009403179 0.999949276 -0.003586942 -2.301136971 -0.096572764 0.002662207 0.995322347 89.086120605
0.994553924 0.009236596 0.103812903 2.287456512 -0.008838125 0.999951661 -0.004297720 -2.311448336 -0.103847593 0.003356803 0.994587600 89.639968872
0.993438184 0.009573792 0.113968804 2.361795902 -0.009113997 0.999948025 -0.004554807 -2.330133200 -0.114006490 0.003486208 0.993473828 90.163322449
0.992215931 0.008931853 0.124208748 2.435920715 -0.008533197 0.999956548 -0.003741199 -2.354220152 -0.124236792 0.002652179 0.992249012 90.642280579
0.990937769 0.008620684 0.134044796 2.524053574 -0.008103384 0.999957383 -0.004404268 -2.366391182 -0.134077072 0.003278139 0.990965426 91.197105408
0.989274442 0.008998598 0.145791486 2.624348640 -0.008455900 0.999954760 -0.004341726 -2.384435654 -0.145823956 0.003062360 0.989305854 91.733131409
0.987362266 0.008855087 0.158231914 2.729437828 -0.008256618 0.999956012 -0.004439200 -2.408962250 -0.158264309 0.003076638 0.987392068 92.237358093
0.985694051 0.007782410 0.168364719 2.808278084 -0.007187411 0.999965608 -0.004143116 -2.416568279 -0.168391168 0.002873739 0.985716045 92.700111389
0.983861625 0.008407072 0.178733468 2.923954010 -0.007746147 0.999960363 -0.004395382 -2.430354834 -0.178763330 0.002939952 0.983887613 93.240966797
0.981346667 0.008688228 0.192050502 3.044997215 -0.008022616 0.999958873 -0.004243169 -2.451513052 -0.192079470 0.002623272 0.981375754 93.773223877
0.978988707 0.006852818 0.203799263 3.173214912 -0.006015716 0.999970734 -0.004726706 -2.464084148 -0.203825727 0.003401394 0.979001284 94.273139954
0.976782620 0.005741257 0.214155763 3.308439255 -0.004856925 0.999977350 -0.004655334 -2.484143257 -0.214177683 0.003507110 0.976788461 94.804832458
0.973818481 0.006106091 0.227245212 3.451637268 -0.005102269 0.999974430 -0.005004514 -2.501242161 -0.227269977 0.003714022 0.973824739 95.326957703
0.970675766 0.004982186 0.240340799 3.607118607 -0.003830726 0.999978840 -0.005257898 -2.515184402 -0.240361929 0.004183034 0.970674336 95.860160828
0.967895329 0.005321522 0.251297027 3.744171143 -0.004195057 0.999978721 -0.005018095 -2.526781082 -0.251318306 0.003802786 0.967896998 96.332443237
0.965011895 0.004562384 0.262166053 3.917041779 -0.003214902 0.999979377 -0.005568497 -2.540030956 -0.262185991 0.004530828 0.965006649 96.875175476
0.961274922 0.004532707 0.275554091 4.086347580 -0.003160476 0.999980211 -0.005423741 -2.553563118 -0.275573194 0.004342825 0.961270213 97.376083374
0.957656085 0.003881111 0.287888378 4.240531921 -0.002325949 0.999980807 -0.005743811 -2.563129902 -0.287905097 0.004830983 0.957646728 97.834739685
0.954085469 0.003472794 0.299514592 4.427305222 -0.001966732 0.999983847 -0.005329648 -2.582302094 -0.299528301 0.004495875 0.954076767 98.357894897
0.949554861 0.003438160 0.313582152 4.615150452 -0.001959655 0.999985456 -0.005029973 -2.601019859 -0.313594818 0.004161722 0.949547768 98.850952148
0.944991171 0.002833048 0.327083170 4.814126968 -0.001208494 0.999985874 -0.005169911 -2.620254755 -0.327093214 0.004490242 0.944981337 99.334503174
0.940879047 0.003518570 0.338724494 5.023672104 -0.001906704 0.999985218 -0.005091276 -2.634200811 -0.338737369 0.004144427 0.940871775 99.858505249
0.936049700 0.002825166 0.351856679 5.259815216 -0.000942547 0.999984324 -0.005521712 -2.639871597 -0.351866752 0.004836954 0.936037600 100.411918640
0.930978656 0.001698968 0.365069687 5.460136414 0.000312495 0.999985158 -0.005450653 -2.676691532 -0.365073532 0.005188525 0.930964291 100.842193604
0.925982654 0.001883699 0.377561420 5.671609879 -0.000181482 0.999989748 -0.004543975 -2.705839872 -0.377566129 0.004139122 0.925973356 101.322517395
0.920813203 0.000831381 0.390002966 5.909717560 0.001299359 0.999985635 -0.005199541 -2.708205462 -0.390001684 0.005294560 0.920798898 101.884117126
0.914908767 0.000337856 0.403660387 6.159530640 0.002054933 0.999982774 -0.005494535 -2.723379612 -0.403655291 0.005856493 0.914892316 102.377174377
0.909077585 -0.000754004 0.416626126 6.400779724 0.003194100 0.999981582 -0.005159766 -2.740216494 -0.416614622 0.006021374 0.909063160 102.851615906
0.904190123 -0.000529590 0.427129805 6.652385712 0.003087839 0.999981165 -0.005296782 -2.758080959 -0.427118957 0.006108205 0.904174745 103.327613831
0.897687674 0.000271388 0.440632194 6.880905151 0.002026288 0.999986708 -0.004743999 -2.789280891 -0.440627575 0.005151476 0.897675216 103.842941284
0.891128957 -0.000651507 0.453749418 7.154487610 0.003315952 0.999981701 -0.005076473 -2.805571318 -0.453737795 0.006028403 0.891114831 104.325088501
0.885030985 -0.000607746 0.465531677 7.437389374 0.003462816 0.999980092 -0.005277762 -2.822237968 -0.465519249 0.006283033 0.885015428 104.809371948
0.879410803 -0.001475672 0.476061225 7.716373444 0.004189701 0.999980450 -0.004639793 -2.843916655 -0.476045132 0.006074838 0.879399896 105.221023560
0.871355355 -0.000712133 0.490652055 8.004585266 0.003528610 0.999982178 -0.004815127 -2.865254402 -0.490639925 0.005927005 0.871342242 105.731292725
