1.000000000 0.000000000 0.000000000 0.000000000 0.000000000 1.000000000 0.000000000 0.000000000 0.000000000 0.000000000 1.000000000 0.000000000
1.000000000 0.000037509 0.000037286 -0.000626574 -0.000037513 1.000000000 0.000114417 -0.000473374 -0.000037282 -0.000114418 1.000000000 -0.000097073
1.000000000 -0.000008660 0.000076243 -0.000921747 0.000008660 1.000000000 0.000005661 0.000054859 -0.000076244 -0.000005660 1.000000000 -0.000188483
1.000000000 0.000116939 0.000033984 -0.000531308 -0.000116939 1.000000000 -0.000013141 -0.000199774 -0.000033986 0.000013137 1.000000000 -0.000260715
1.000000000 0.000083295 0.000126744 -0.001471655 -0.000083301 1.000000000 0.000046969 -0.000135072 -0.000126740 -0.000046979 1.000000000 0.000442922
1.000000000 -0.000003169 0.000003247 -0.000333545 0.000003169 1.000000000 0.000011662 -0.000546480 -0.000003247 -0.000011662 1.000000000 -0.000241653
1.000000000 0.000053847 0.000075563 -0.000320897 -0.000053847 1.000000000 0.000006283 -0.000135349 -0.000075562 -0.000006287 1.000000000 0.000714858
1.000000000 0.000062138 -0.000040344 0.000052715 -0.000062142 1.000000000 -0.000084804 0.000233862 0.000040339 0.000084807 1.000000000 -0.000201923
1.000000000 0.000076759 0.000080041 -0.000377694 -0.000076757 1.000000000 -0.000024329 -0.000438132 -0.000080043 0.000024322 1.000000000 0.000140735
1.000000000 0.000154463 0.000047856 -0.000521658 -0.000154467 1.000000000 0.000091472 -0.000479298 -0.000047842 -0.000091479 1.000000000 0.000635091
1.000000000 0.000035530 0.000037975 0.000390614 -0.000035530 1.000000000 -0.000001168 0.000017210 -0.000037975 0.000001167 1.000000000 0.001861670
1.000000000 0.000112387 0.000065039 -0.001010070 -0.000112389 1.000000000 0.000032129 -0.001074329 -0.000065035 -0.000032136 1.000000000 -0.000232113
1.000000000 0.000111539 0.000068960 -0.000800838 -0.000111536 1.000000000 -0.000046398 0.000166361 -0.000068965 0.000046391 1.000000000 0.000507416
1.000000000 0.000151274 0.000123418 -0.002047619 -0.000151268 1.000000000 -0.000049007 0.000576945 -0.000123426 0.000048988 1.000000000 0.000435911
1.000000000 0.000123647 0.000081635 -0.000195842 -0.000123648 1.000000000 0.000002077 0.000757693 -0.000081635 -0.000002087 1.000000000 0.002140273
1.000000000 0.000185968 0.000096220 -0.001003811 -0.000185965 1.000000000 -0.000031062 0.000761415 -0.000096225 0.000031044 1.000000000 0.001619709
0.999999940 0.000243127 0.000127915 -0.001445125 -0.000243122 0.999999940 -0.000032221 0.000801315 -0.000127923 0.000032190 1.000000000 0.002334716
1.000000000 0.000153943 0.000140349 -0.001810130 -0.000153944 1.000000000 0.000005521 0.001053640 -0.000140348 -0.000005542 1.000000000 0.001960939
0.999999940 0.000235819 0.000195806 -0.001993676 -0.000235799 0.999999940 -0.000103924 0.001463145 -0.000195830 0.000103878 1.000000000 0.001505717
0.999999940 0.000260830 0.000181569 -0.002258713 -0.000260824 0.999999940 -0.000035202 0.000763774 -0.000181578 0.000035155 1.000000000 0.001728914
0.999999940 0.000309864 0.000135032 -0.001996574 -0.000309857 0.999999940 -0.000046077 0.001138392 -0.000135046 0.000046035 1.000000000 0.001371410
0.999999940 0.000256798 0.000160385 -0.002183941 -0.000256781 0.999999940 -0.000108476 0.001447510 -0.000160413 0.000108435 1.000000000 0.002084341
0.999999940 0.000240321 0.000166764 -0.001957957 -0.000240312 0.999999940 -0.000054057 0.001499718 -0.000166777 0.000054017 1.000000000 0.001952897
0.999999940 0.000321942 0.000134953 -0.002174012 -0.000321933 0.999999940 -0.000062421 0.001503492 -0.000134973 0.000062378 1.000000000 0.001776408
0.999999940 0.000296984 0.000206970 -0.001655042 -0.000296981 0.999999940 -0.000015326 0.000792461 -0.000206974 0.000015264 1.000000000 0.001617527
0.999999940 0.000266403 0.000217948 -0.002348733 -0.000266388 0.999999940 -0.000067074 0.002268937 -0.000217966 0.000067016 1.000000000 0.002210939
0.999999940 0.000263940 0.000175621 -0.001795581 -0.000263939 0.999999940 -0.000004926 0.001108151 -0.000175622 0.000004880 1.000000000 0.001404246
0.999999940 0.000298002 0.000134749 -0.002268707 -0.000297984 0.999999940 -0.000134440 0.002129607 -0.000134789 0.000134400 1.000000000 0.001437596
0.999999940 0.000336374 0.000120165 -0.001847792 -0.000336358 0.999999940 -0.000136761 0.002137465 -0.000120211 0.000136720 1.000000000 0.001008215
0.999999881 0.000369594 0.000229442 -0.001857058 -0.000369582 0.999999940 -0.000050779 0.000621905 -0.000229460 0.000050694 1.000000000 0.001609703
0.999999940 0.000257388 0.000294006 -0.002493924 -0.000257357 0.999999940 -0.000106582 0.001741992 -0.000294033 0.000106507 0.999999940 0.002772420
0.999999940 0.000268054 0.000166004 -0.001548413 -0.000268039 0.999999940 -0.000086981 0.001404439 -0.000166027 0.000086936 1.000000000 0.002216155
0.999999940 0.000271500 0.000193161 -0.001694400 -0.000271494 0.999999940 -0.000030859 0.000562327 -0.000193169 0.000030807 1.000000000 0.001010326
0.999999881 0.000356512 0.000262140 -0.002622325 -0.000356489 0.999999940 -0.000088742 0.001423293 -0.000262171 0.000088648 0.999999940 0.001618962
0.999999940 0.000299082 0.000185406 -0.001241189 -0.000299063 0.999999940 -0.000097322 0.001230557 -0.000185435 0.000097266 1.000000000 0.001149687
0.999999940 0.000268878 0.000213616 -0.002575774 -0.000268852 0.999999940 -0.000118943 0.001723462 -0.000213648 0.000118885 0.999999940 0.001794285
0.999999940 0.000332368 0.000164921 -0.001960182 -0.000332344 0.999999940 -0.000149664 0.002414169 -0.000164970 0.000149609 1.000000000 0.001935901
0.999999881 0.000377170 0.000219398 -0.002488312 -0.000377147 0.999999940 -0.000101807 0.001830794 -0.000219436 0.000101725 1.000000000 0.001867303
0.999999940 0.000330074 0.000207780 -0.001115956 -0.000330057 0.999999940 -0.000083839 0.002082567 -0.000207808 0.000083770 1.000000000 0.001951640
1.000000000 0.000186629 0.000153421 -0.000594041 -0.000186603 0.999999940 -0.000171301 0.001256830 -0.000153453 0.000171272 1.000000000 0.001832848
0.999999762 0.000616073 0.000326293 -0.003307154 -0.000615834 0.999999523 -0.000734555 -0.001893378 -0.000326745 0.000734354 0.999999702 0.047937419
0.999999881 0.000484343 0.000225638 0.000668799 -0.000484046 0.999999046 -0.001314716 -0.003797712 -0.000226274 0.001314607 0.999999106 0.138854340
0.999999940 0.000237040 0.000162739 0.002354139 -0.000236805 0.999998927 -0.001442988 -0.008035213 -0.000163081 0.001442949 0.999998927 0.252425283
0.999999762 0.000574977 0.000395732 0.003174241 -0.000574536 0.999999225 -0.001111400 -0.012887476 -0.000396370 0.001111172 0.999999285 0.384890974
0.999999881 0.000293154 0.000361009 0.004658641 -0.000292732 0.999999285 -0.001166856 -0.015398336 -0.000361351 0.001166751 0.999999225 0.526224494
0.999999940 -0.000254185 0.000291771 0.010956337 0.000254457 0.999999523 -0.000932234 -0.020208467 -0.000291534 0.000932308 0.999999523 0.689595819
0.999999881 0.000310178 0.000382771 0.016519273 -0.000309919 0.999999702 -0.000677080 -0.025498265 -0.000382981 0.000676961 0.999999702 0.843368649
0.999999642 0.000471943 0.000704908 0.010367922 -0.000471307 0.999999464 -0.000901774 -0.028608434 -0.000705333 0.000901441 0.999999344 1.021353006
0.999999940 0.000166614 0.000299623 0.021467343 -0.000166323 0.999999523 -0.000969444 -0.027324777 -0.000299784 0.000969394 0.999999464 1.205144286
0.999999642 0.000324150 0.000800366 0.008463833 -0.000323861 0.999999881 -0.000360950 -0.044444647 -0.000800483 0.000360690 0.999999642 1.380659699
0.999999583 0.000683842 0.000571922 0.020419665 -0.000683800 0.999999762 -0.000073946 -0.051182136 -0.000571972 0.000073555 0.999999821 1.560148954
0.999996245 -0.002530291 -0.001066597 0.037031222 0.002530749 0.999996722 0.000428263 -0.064677812 0.001065510 -0.000430961 0.999999344 1.709827542
0.999997854 -0.001963857 -0.000738708 0.037303776 0.001964262 0.999997973 0.000547733 -0.070320137 0.000737631 -0.000549183 0.999999583 1.916924357
0.999995470 -0.002788001 -0.001146502 0.043887306 0.002788749 0.999995887 0.000651884 -0.076944396 0.001144680 -0.000655079 0.999999106 2.108464479
0.999996126 -0.002618933 -0.000923993 0.047393735 0.002619533 0.999996305 0.000649078 -0.079943649 0.000922290 -0.000651495 0.999999344 2.329645872
0.999996901 -0.002361510 -0.000769620 0.050573308 0.002361967 0.999996960 0.000592903 -0.085510261 0.000768218 -0.000594719 0.999999523 2.557210445
0.999996722 -0.002529740 -0.000529234 0.053951189 0.002530020 0.999996603 0.000528639 -0.091317676 0.000527895 -0.000529976 0.999999702 2.790028572
0.999994755 -0.003024734 -0.001120404 0.062078036 0.003025837 0.999994874 0.000983780 -0.101043113 0.001117423 -0.000987165 0.999998868 2.989690781
0.999995828 -0.002705852 -0.000988727 0.065988280 0.002706938 0.999995708 0.001099542 -0.108599551 0.000985747 -0.001102214 0.999998927 3.231717110
0.999997318 -0.002254264 -0.000652145 0.065870270 0.002254903 0.999996960 0.000980217 -0.115264051 0.000649933 -0.000981685 0.999999285 3.482923508
0.999997079 -0.002358092 -0.000589231 0.069979265 0.002358732 0.999996543 0.001086872 -0.122100398 0.000586666 -0.001088259 0.999999166 3.732523680
0.999997318 -0.002260266 -0.000568612 0.074959442 0.002260840 0.999996960 0.001010323 -0.126262113 0.000566327 -0.001011606 0.999999285 3.990011454
0.999995053 -0.002911451 -0.001214578 0.090651773 0.002912867 0.999995053 0.001166110 -0.130001619 0.001211177 -0.001169642 0.999998569 4.200406551
0.999995768 -0.002767626 -0.000971665 0.093620054 0.002768654 0.999995589 0.001058542 -0.137065366 0.000968731 -0.001061227 0.999998987 4.460090637
0.999995530 -0.002817190 -0.001045492 0.102514774 0.002818196 0.999995589 0.000961936 -0.144367397 0.001042777 -0.000964878 0.999998987 4.720980644
0.999996841 -0.002363611 -0.000905647 0.109447591 0.002364529 0.999996722 0.001014057 -0.147979602 0.000903248 -0.001016195 0.999999106 4.975647449
0.999997139 -0.002298908 -0.000672197 0.113562196 0.002299540 0.999996901 0.000941612 -0.157934397 0.000670030 -0.000943155 0.999999344 5.232333183
0.999996245 -0.002693614 -0.000665101 0.101958647 0.002694551 0.999995351 0.001411508 -0.166660905 0.000661296 -0.001413295 0.999998808 5.453853130
0.999996603 -0.002545068 -0.000614994 0.104808949 0.002545894 0.999995887 0.001346488 -0.174394578 0.000611564 -0.001348050 0.999998927 5.728826046
0.999996126 -0.002690280 -0.000648437 0.111232318 0.002691227 0.999995291 0.001464024 -0.179295793 0.000644495 -0.001465764 0.999998689 6.012234688
0.999996960 -0.002434703 -0.000514587 0.121671155 0.002435530 0.999995708 0.001612432 -0.186225489 0.000510659 -0.001613681 0.999998569 6.299360275
0.999996066 -0.002714552 -0.000743736 0.124706611 0.002715540 0.999995410 0.001330071 -0.192280918 0.000740122 -0.001332086 0.999998808 6.527616501
0.999996901 -0.002479678 -0.000537325 0.130359635 0.002480454 0.999995828 0.001447937 -0.199306831 0.000533733 -0.001449266 0.999998808 6.832256317
0.999996185 -0.002637690 -0.000801195 0.136267796 0.002639100 0.999994874 0.001763790 -0.213727653 0.000796538 -0.001765898 0.999998152 7.122990608
0.999996066 -0.002744345 -0.000677452 0.143713623 0.002745540 0.999994576 0.001768645 -0.220649078 0.000672595 -0.001770498 0.999998271 7.441433907
0.999995112 -0.002999718 -0.000900370 0.147102743 0.003001394 0.999993742 0.001865042 -0.234450996 0.000894770 -0.001867735 0.999997854 7.712663174
0.999997258 -0.002332018 -0.000511600 0.146699011 0.002333041 0.999995232 0.002006435 -0.243499219 0.000506919 -0.002007623 0.999997854 8.030405998
0.999996662 -0.002502913 -0.000614537 0.155287862 0.002503949 0.999995410 0.001690075 -0.248044163 0.000610304 -0.001691608 0.999998391 8.363975525
0.999997497 -0.002177601 -0.000428668 0.157426909 0.002178411 0.999995828 0.001900713 -0.257598251 0.000424527 -0.001901642 0.999998093 8.699703217
0.999997675 -0.002035835 -0.000648633 0.162194476 0.002037072 0.999996126 0.001912312 -0.274761826 0.000644737 -0.001913629 0.999997973 8.990907669
0.999998391 -0.001699637 -0.000583350 0.168334305 0.001700694 0.999996901 0.001816921 -0.283012092 0.000580260 -0.001817910 0.999998212 9.331566811
0.999998510 -0.001695164 -0.000491633 0.174110740 0.001696010 0.999997139 0.001726988 -0.290850967 0.000488704 -0.001727819 0.999998450 9.681856155
0.999998331 -0.001670996 -0.000679492 0.177141413 0.001671805 0.999997854 0.001192105 -0.295333892 0.000677498 -0.001193239 0.999999106 10.043847084
0.999997556 -0.002130541 -0.000581226 0.184729487 0.002131511 0.999996305 0.001674842 -0.307322741 0.000577656 -0.001676076 0.999998450 10.351500511
0.999996364 -0.002642520 -0.000623985 0.193418667 0.002643562 0.999995112 0.001673925 -0.311844707 0.000619559 -0.001675568 0.999998450 10.724648476
0.999995470 -0.002849713 -0.000876977 0.205230430 0.002851254 0.999994397 0.001761950 -0.327664107 0.000871951 -0.001764443 0.999998093 11.100721359
0.999997795 -0.002016541 -0.000439401 0.203087181 0.002017433 0.999995887 0.002039122 -0.338365972 0.000435286 -0.002040004 0.999997854 11.431607246
0.999998331 -0.001769809 -0.000370231 0.209361345 0.001770667 0.999995708 0.002332537 -0.350445688 0.000366101 -0.002333188 0.999997258 11.819292068
0.999997616 -0.002185222 -0.000079425 0.216295138 0.002185401 0.999994814 0.002319626 -0.363458097 0.000074355 -0.002319793 0.999997318 12.206291199
0.999997556 -0.002195404 -0.000313070 0.226766109 0.002196209 0.999994338 0.002595378 -0.373676360 0.000307371 -0.002596059 0.999996543 12.561045647
0.999997854 -0.002058305 -0.000291954 0.237329274 0.002058902 0.999995708 0.002057727 -0.381653756 0.000287717 -0.002058323 0.999997854 12.962037086
0.999998510 -0.001734941 0.000108360 0.241101474 0.001734693 0.999996006 0.002245956 -0.393037945 -0.000112256 -0.002245764 0.999997437 13.375521660
0.999999106 -0.001344078 0.000038779 0.246419623 0.001343967 0.999995351 0.002733781 -0.404997528 -0.000042453 -0.002733727 0.999996305 13.802692413
0.999997795 -0.002101221 0.000215707 0.254405916 0.002100673 0.999994636 0.002510955 -0.418393254 -0.000220981 -0.002510497 0.999996781 14.161474228
0.999997616 -0.002182181 -0.000108777 0.263679057 0.002182469 0.999993920 0.002718189 -0.428611279 0.000102845 -0.002718420 0.999996245 14.589428902
0.999997616 -0.002173993 0.000208963 0.277102530 0.002173406 0.999993801 0.002767516 -0.444348842 -0.000214978 -0.002767056 0.999996126 15.013103485
0.999997318 -0.002097025 0.000949650 0.275652736 0.002094384 0.999993980 0.002773214 -0.451650023 -0.000955459 -0.002771217 0.999995708 15.437559128
0.999998152 -0.001175453 0.001524314 0.283084869 0.001171171 0.999995351 0.002807192 -0.461419731 -0.001527606 -0.002805401 0.999994874 15.882016182
0.999997795 -0.001310318 0.001660996 0.293962359 0.001305970 0.999995708 0.002615746 -0.471917361 -0.001664416 -0.002613571 0.999995172 16.330999374
0.999996662 -0.001688531 0.001954698 0.293267816 0.001682681 0.999994218 0.002990436 -0.494766295 -0.001959737 -0.002987138 0.999993563 16.737802505
0.999995470 -0.001830360 0.002403350 0.302522093 0.001822542 0.999993086 0.003251082 -0.505552351 -0.002409284 -0.003246688 0.999991834 17.206666946
0.999994278 -0.002187735 0.002594064 0.312710434 0.002180184 0.999993384 0.002910063 -0.513867617 -0.002600413 -0.002904391 0.999992371 17.676984787
0.999994993 -0.001724845 0.002654539 0.322325587 0.001716218 0.999993265 0.003249111 -0.529891133 -0.002660125 -0.003244539 0.999991179 18.097539902
0.999994874 -0.002025156 0.002477289 0.335983843 0.002017504 0.999993205 0.003087481 -0.541583717 -0.002483524 -0.003082467 0.999992192 18.577100754
0.999994814 -0.001348881 0.002929218 0.339419931 0.001340361 0.999994814 0.002908614 -0.551462233 -0.002933127 -0.002904672 0.999991417 19.025638580
0.999996126 -0.000752770 0.002719459 0.348965585 0.000743767 0.999994159 0.003310360 -0.567228973 -0.002721936 -0.003308323 0.999990821 19.504817963
0.999993682 -0.001614212 0.003173761 0.360295624 0.001603442 0.999992907 0.003392935 -0.581876636 -0.003179215 -0.003387824 0.999989152 19.997673035
0.999996126 -0.001474673 0.002346195 0.364672244 0.001466697 0.999993145 0.003397329 -0.591470361 -0.002351189 -0.003393875 0.999991477 20.458276749
0.999996305 -0.002227067 0.001546102 0.377320200 0.002222227 0.999992549 0.003125452 -0.597066998 -0.001553051 -0.003122005 0.999993920 20.969800949
0.999997139 -0.001851875 0.001528770 0.380268782 0.001847634 0.999994457 0.002770726 -0.605877697 -0.001533893 -0.002767893 0.999994993 21.480068207
0.999998510 -0.001292538 0.001224854 0.386264116 0.001288389 0.999993443 0.003382031 -0.623022556 -0.001229218 -0.003380447 0.999993443 21.942173004
0.999998808 -0.001140630 0.001015869 0.393684864 0.001136833 0.999992371 0.003730014 -0.639162302 -0.001020116 -0.003728854 0.999992490 22.463060379
0.999999344 -0.000996963 0.000341701 0.405716300 0.000995696 0.999992669 0.003686461 -0.656768441 -0.000345374 -0.003686118 0.999993145 22.934747696
0.999997139 -0.002374573 -0.000235773 0.406486869 0.002375350 0.999991596 0.003348270 -0.669802606 0.000227820 -0.003348820 0.999994338 23.462392807
0.999999106 -0.001107851 -0.000632335 0.411603004 0.001109994 0.999993563 0.003398671 -0.679103076 0.000628565 -0.003399370 0.999994040 23.999359131
0.999999106 -0.000644501 -0.001150182 0.421225548 0.000648932 0.999992371 0.003855569 -0.691733360 0.001147689 -0.003856312 0.999991894 24.528903961
0.999998927 -0.000728233 -0.001277615 0.409583032 0.000733150 0.999992430 0.003852006 -0.709123194 0.001274800 -0.003852939 0.999991775 24.999584198
0.999997556 -0.001072343 -0.001933931 0.422338545 0.001079301 0.999992967 0.003600714 -0.719326735 0.001930056 -0.003602792 0.999991596 25.561628342
0.999996662 -0.001431775 -0.002158128 0.428733021 0.001440517 0.999990761 0.004054676 -0.734340906 0.002152303 -0.004057772 0.999989450 26.113542557
0.999996424 -0.000651201 -0.002597564 0.430961162 0.000662875 0.999989688 0.004496084 -0.754357576 0.002594609 -0.004497789 0.999986529 26.603225708
0.999996483 -0.000011081 -0.002674015 0.439305425 0.000023140 0.999989867 0.004509711 -0.770074725 0.002673938 -0.004509757 0.999986231 27.155876160
0.999996364 0.000475574 -0.002661424 0.441571802 -0.000464293 0.999991000 0.004237561 -0.779833615 0.002663416 -0.004236311 0.999987483 27.709142685
0.999994993 -0.000074402 -0.003166845 0.453313589 0.000088958 0.999989450 0.004596876 -0.792120695 0.003166470 -0.004597135 0.999984443 28.192382812
0.999994397 -0.000236656 -0.003362552 0.455501765 0.000253129 0.999988019 0.004899074 -0.809964418 0.003361352 -0.004899898 0.999982417 28.742950439
0.999991775 -0.000115874 -0.004046401 0.471881926 0.000135742 0.999987960 0.004909935 -0.821270943 0.004045783 -0.004910445 0.999979854 29.290510178
0.999992788 0.000469120 -0.003765226 0.464965463 -0.000451505 0.999988973 0.004677766 -0.833650351 0.003767378 -0.004676032 0.999981999 29.746315002
0.999992907 0.000432567 -0.003732025 0.474737316 -0.000413956 0.999987543 0.004986040 -0.846012890 0.003734136 -0.004984460 0.999980688 30.298158646
0.999991357 -0.000362508 -0.004145494 0.482158512 0.000381462 0.999989450 0.004572281 -0.856214285 0.004143793 -0.004573823 0.999980986 30.846406937
0.999990404 0.000327845 -0.004353597 0.482530892 -0.000305752 0.999987006 0.005074240 -0.874120593 0.004355205 -0.005072861 0.999977589 31.294141769
0.999988735 0.000704400 -0.004690585 0.489678890 -0.000681527 0.999987841 0.004876098 -0.883262813 0.004693964 -0.004872848 0.999977112 31.845783234
0.999989450 0.001392939 -0.004373410 0.489758313 -0.001370539 0.999985993 0.005120764 -0.902397692 0.004380481 -0.005114716 0.999977350 32.398735046
0.999988437 0.000650559 -0.004750001 0.502807140 -0.000625861 0.999986231 0.005199346 -0.915363550 0.004753319 -0.005196313 0.999975204 32.949363708
0.999986291 0.001114098 -0.005103384 0.492661119 -0.001087934 0.999986291 0.005126843 -0.923940003 0.005109025 -0.005121222 0.999973774 33.379066467
0.999986708 0.001233340 -0.004999457 0.502191901 -0.001210368 0.999988794 0.004595319 -0.933452427 0.005005068 -0.004589207 0.999976933 33.928318024
0.999986112 0.000677355 -0.005225815 0.512463868 -0.000652156 0.999988198 0.004822189 -0.945544660 0.005229019 -0.004818714 0.999974728 34.474967957
0.999984682 0.001093239 -0.005413847 0.516978979 -0.001065946 0.999986708 0.005041712 -0.960866392 0.005419287 -0.005035864 0.999972641 35.001735687
0.999983430 0.000504757 -0.005732905 0.522045434 -0.000475768 0.999987125 0.005056689 -0.970999599 0.005735383 -0.005053878 0.999970794 35.480724335
0.999981463 0.001136621 -0.005982916 0.525910020 -0.001107940 0.999987900 0.004794845 -0.982287288 0.005988293 -0.004788127 0.999970615 36.030239105
0.999980509 0.001347530 -0.006081841 0.533325732 -0.001318535 0.999987781 0.004768979 -0.994929194 0.006088192 -0.004760868 0.999970198 36.581096649
0.999980032 0.001226276 -0.006192950 0.540856123 -0.001195652 0.999987066 0.004946376 -1.009457707 0.006198935 -0.004938873 0.999968588 37.085388184
0.999982119 0.000675200 -0.005938815 0.533328891 -0.000646531 0.999988139 0.004828068 -1.019979477 0.005942004 -0.004824143 0.999970734 37.539821625
0.999981105 0.001102821 -0.006041751 0.542336583 -0.001076332 0.999989748 0.004385961 -1.023727298 0.006046527 -0.004379375 0.999972165 38.090766907
0.999977648 0.000761038 -0.006639472 0.557278812 -0.000729302 0.999988317 0.004781127 -1.039532423 0.006643033 -0.004776179 0.999966562 38.667861938
0.999980569 0.001055502 -0.006152143 0.540723443 -0.001026736 0.999988556 0.004677085 -1.047925591 0.006157010 -0.004670678 0.999970138 39.140464783
0.999983788 0.000451051 -0.005661290 0.524127424 -0.000424235 0.999988675 0.004737294 -1.054894209 0.005663362 -0.004734816 0.999972761 39.600429535
0.999982655 0.000732858 -0.005843360 0.532193780 -0.000701663 0.999985456 0.005338972 -1.066020608 0.005847188 -0.005334779 0.999968708 40.145809174
0.999983430 0.000995503 -0.005668249 0.559029877 -0.000967251 0.999987006 0.004984754 -1.092018366 0.005673139 -0.004979189 0.999971509 40.652793884
0.999982357 0.001512129 -0.005750045 0.549487829 -0.001484678 0.999987483 0.004775181 -1.088152766 0.005757194 -0.004766561 0.999972105 41.190757751
0.999984086 0.001145664 -0.005522076 0.541760147 -0.001119625 0.999988258 0.004716248 -1.094504237 0.005527416 -0.004709991 0.999973595 41.639400482
0.999983668 0.001307708 -0.005566812 0.550459266 -0.001282187 0.999988675 0.004585340 -1.110692024 0.005572745 -0.004578128 0.999973953 42.188240051
0.999981284 0.000194155 -0.006108810 0.574648559 -0.000163307 0.999987304 0.005049797 -1.124737501 0.006109712 -0.005048705 0.999968588 42.724201202
0.999981344 0.000060324 -0.006091690 0.583043575 -0.000025649 0.999983788 0.005692307 -1.144071698 0.006091934 -0.005692045 0.999965250 43.217033386
0.999986112 0.000959233 -0.005184905 0.557799041 -0.000934350 0.999987960 0.004799170 -1.143245578 0.005189446 -0.004794260 0.999975026 43.693523407
0.999985933 0.002344081 -0.004754974 0.562617183 -0.002323075 0.999987483 0.004418411 -1.153588772 0.004765271 -0.004407304 0.999978900 44.239631653
0.999986470 0.000626344 -0.005157716 0.580738544 -0.000602638 0.999989212 0.004596598 -1.166700482 0.005160539 -0.004593427 0.999976099 44.782047272
0.999980390 0.000378591 -0.006257874 0.610558987 -0.000346898 0.999987125 0.005064948 -1.184888721 0.006259711 -0.005062677 0.999967515 45.271373749
0.999986053 0.000713451 -0.005235625 0.570675850 -0.000688833 0.999988675 0.004702339 -1.179563046 0.005238921 -0.004698666 0.999975264 45.747875214
0.999985158 -0.000072146 -0.005446119 0.581221700 0.000097403 0.999989271 0.004637451 -1.194060326 0.005445726 -0.004637914 0.999974489 46.279247284
0.999984860 0.000798319 -0.005450121 0.591538072 -0.000773575 0.999989450 0.004540710 -1.206824660 0.005453688 -0.004536426 0.999974906 46.812606812
0.999985099 0.000432650 -0.005435853 0.596099973 -0.000407532 0.999989152 0.004621062 -1.223742008 0.005437793 -0.004618778 0.999974608 47.326190948
0.999987602 0.000920591 -0.004916037 0.582014501 -0.000898329 0.999989331 0.004528498 -1.226920605 0.004920155 -0.004524025 0.999977589 47.809108734
0.999985814 0.001569644 -0.005096098 0.585662246 -0.001547195 0.999989092 0.004406188 -1.234726906 0.005102959 -0.004398240 0.999977231 48.356464386
0.999986827 0.001208501 -0.004997937 0.590004683 -0.001188718 0.999991477 0.003959352 -1.249841571 0.005002679 -0.003953358 0.999979615 48.879680634
0.999988019 0.000602265 -0.004860695 0.602106690 -0.000581864 0.999991000 0.004197394 -1.257650375 0.004863179 -0.004194516 0.999979377 49.447319031
0.999987662 0.000956179 -0.004865346 0.592355847 -0.000934536 0.999989629 0.004448594 -1.267431498 0.004869550 -0.004443993 0.999978244 49.853240967
0.999989152 0.000841448 -0.004577950 0.600713074 -0.000821991 0.999990702 0.004250305 -1.281531572 0.004581484 -0.004246496 0.999980450 50.396297455
0.999987721 0.000229402 -0.004953610 0.610045671 -0.000207922 0.999990523 0.004336240 -1.289410591 0.004954558 -0.004335156 0.999978304 50.961498260
0.999987364 0.000483792 -0.005016178 0.611460805 -0.000463698 0.999991834 0.004006308 -1.295471907 0.005018075 -0.004003931 0.999979377 51.529731750
0.999989390 0.001212205 -0.004440306 0.596385598 -0.001196268 0.999992847 0.003590134 -1.304123402 0.004444626 -0.003584785 0.999983668 51.969398499
0.999990344 0.002482897 -0.003623013 0.596807539 -0.002470704 0.999991238 0.003365849 -1.314239979 0.003631338 -0.003356865 0.999987721 52.512577057
0.999990106 0.002387002 -0.003755732 0.630298078 -0.002372217 0.999989390 0.003936302 -1.356830359 0.003765088 -0.003927354 0.999985158 53.573162079
0.999988317 0.002967609 -0.003798325 0.604745030 -0.002954478 0.999989688 0.003458140 -1.329878807 0.003808548 -0.003446878 0.999986768 54.103870392
0.999988317 0.003224202 -0.003593709 0.640549123 -0.003211591 0.999988675 0.003509212 -1.372933626 0.003604982 -0.003497630 0.999987364 54.598396301
0.999990761 0.002339749 -0.003608368 0.630715489 -0.002327848 0.999991834 0.003299334 -1.369359732 0.003616057 -0.003290904 0.999988019 55.046165466
0.999989390 0.002500978 -0.003887070 0.636361718 -0.002490792 0.999993443 0.002623193 -1.379203916 0.003893605 -0.002613482 0.999989033 55.592453003
0.999989212 0.002449227 -0.003958848 0.646844208 -0.002440254 0.999994457 0.002269658 -1.385838509 0.003964385 -0.002259973 0.999989569 56.153121948
0.999987245 0.001991224 -0.004647560 0.665673554 -0.001978073 0.999994099 0.002832781 -1.401841640 0.004653173 -0.002823552 0.999985099 56.663772583
0.999991715 0.002054287 -0.003512193 0.643682241 -0.002042114 0.999991834 0.003466326 -1.427270532 0.003519285 -0.003459126 0.999987781 57.082809448
0.999990702 0.002199887 -0.003722853 0.654737413 -0.002188861 0.999993145 0.002963081 -1.439752936 0.003729346 -0.002954904 0.999988735 57.628402710
0.999989569 0.002430533 -0.003872950 0.661438644 -0.002418451 0.999992192 0.003121368 -1.451446176 0.003880506 -0.003111969 0.999987662 58.159149170
0.999987900 0.002787360 -0.004057544 0.669685483 -0.002776225 0.999992371 0.002747382 -1.464701891 0.004065171 -0.002736084 0.999988079 58.691226959
0.999992669 0.002735745 -0.002688906 0.645203471 -0.002727380 0.999991417 0.003110271 -1.463291287 0.002697391 -0.003102915 0.999991536 59.116195679
0.999992371 0.002046887 -0.003361389 0.657343090 -0.002036993 0.999993563 0.002944142 -1.475582004 0.003367394 -0.002937272 0.999989986 59.663951874
0.999992073 0.002118458 -0.003372831 0.672494888 -0.002107900 0.999992847 0.003130499 -1.498794436 0.003379438 -0.003123364 0.999989390 60.195693970
0.999994516 0.002247834 -0.002423925 0.669113517 -0.002239633 0.999991775 0.003380324 -1.517816067 0.002431503 -0.003374877 0.999991357 60.732715607
0.999991894 0.003393285 -0.002159599 0.648551226 -0.003386089 0.999988854 0.003327539 -1.539180517 0.002170866 -0.003320199 0.999992073 61.123538971
0.999989271 0.004048008 -0.002259293 0.656478763 -0.004039917 0.999985516 0.003574999 -1.552401185 0.002273732 -0.003565834 0.999991000 61.667476654
0.999990940 0.003774933 -0.001934614 0.663715124 -0.003768834 0.999988019 0.003147012 -1.567489028 0.001946471 -0.003139693 0.999993145 62.197685242
0.999992490 0.003486096 -0.001684674 0.660628140 -0.003481180 0.999989629 0.002912236 -1.568599939 0.001694809 -0.002906350 0.999994278 62.673332214
0.999990523 0.003951801 -0.001781184 0.670074403 -0.003947315 0.999988973 0.002514388 -1.578019619 0.001791101 -0.002507333 0.999995291 63.218780518
0.999991655 0.003763648 -0.001573455 0.679461598 -0.003760527 0.999990940 0.001980461 -1.591236591 0.001580894 -0.001974527 0.999996841 63.769718170
0.999992549 0.003414323 -0.001770282 0.689924359 -0.003409258 0.999990046 0.002856258 -1.605718851 0.001780017 -0.002850201 0.999994338 64.223937988
0.999991953 0.003656428 -0.001636156 0.697390378 -0.003651922 0.999989510 0.002748081 -1.616907120 0.001646187 -0.002742084 0.999994814 64.769714355
0.999990821 0.004079780 -0.001299767 0.709380746 -0.004076235 0.999987960 0.002719323 -1.636565328 0.001310846 -0.002714000 0.999995470 65.304618835
0.999993265 0.003320134 -0.001564078 0.710375667 -0.003315959 0.999990940 0.002662200 -1.638283372 0.001572903 -0.002656996 0.999995232 65.776260376
0.999992490 0.003547486 -0.001533545 0.719418287 -0.003544099 0.999991179 0.002207068 -1.648361564 0.001541361 -0.002201616 0.999996364 66.320060730
0.999988377 0.004707982 -0.001000168 0.724849343 -0.004704991 0.999984503 0.002971976 -1.672675133 0.001014144 -0.002967235 0.999995112 66.868820190
0.999994636 0.002853956 -0.001612581 0.730245650 -0.002849603 0.999992311 0.002694358 -1.673744321 0.001620258 -0.002689748 0.999995053 67.325485229
0.999994099 0.002979348 -0.001738936 0.740885139 -0.002974566 0.999991834 0.002746154 -1.691007853 0.001747103 -0.002740965 0.999994636 67.872512817
0.999990046 0.004310374 -0.001141277 0.742880285 -0.004307831 0.999988198 0.002220681 -1.703855515 0.001150836 -0.002215742 0.999996841 68.393676758
0.999993503 0.003478857 -0.000970947 0.761709750 -0.003475762 0.999988914 0.003171118 -1.732780099 0.000981968 -0.003167722 0.999994457 68.917419434
0.999992192 0.003838977 -0.001002023 0.772336423 -0.003836166 0.999988794 0.002791619 -1.733874321 0.001012729 -0.002787753 0.999995530 69.489952087
0.999993443 0.003302214 -0.001486507 0.757360637 -0.003297956 0.999990463 0.002856708 -1.752977610 0.001495927 -0.002851787 0.999994814 69.835174561
0.999992132 0.003760000 -0.001291749 0.761477470 -0.003756363 0.999988973 0.002807326 -1.768226981 0.001302290 -0.002802451 0.999995232 70.388633728
0.999987066 0.004968613 -0.001087423 0.766470611 -0.004965368 0.999983311 0.002965938 -1.785955071 0.001102141 -0.002960500 0.999994993 70.949760437
0.999992728 0.003659357 -0.001083209 0.778957307 -0.003656306 0.999989390 0.002805303 -1.789660454 0.001093463 -0.002801323 0.999995410 71.423591614
0.999990523 0.004255888 -0.000893660 0.785279512 -0.004253380 0.999987066 0.002789103 -1.801961303 0.000905519 -0.002785275 0.999995649 71.985671997
0.999992847 0.003477105 -0.001511797 0.800596237 -0.003473313 0.999990821 0.002503572 -1.817820787 0.001520489 -0.002498304 0.999995649 72.481391907
0.999993503 0.003295321 -0.001478765 0.813769639 -0.003291582 0.999991357 0.002523550 -1.827634811 0.001487068 -0.002518666 0.999995708 73.037925720
0.999992371 0.003759284 -0.001017413 0.817109585 -0.003756766 0.999989927 0.002464705 -1.841889381 0.001026668 -0.002460865 0.999996424 73.572425842
0.999990106 0.004360134 -0.000904231 0.825669289 -0.004358477 0.999988794 0.001825729 -1.850104094 0.000912181 -0.001821770 0.999997914 74.124511719
0.999992251 0.003703915 -0.001346602 0.838030279 -0.003699933 0.999988854 0.002948479 -1.865355253 0.001357507 -0.002943474 0.999994695 74.688323975
0.999991655 0.003935147 -0.001052098 0.847020626 -0.003932452 0.999988973 0.002551422 -1.882832050 0.001062126 -0.002547264 0.999996185 75.203521729
0.999993622 0.003431712 -0.001015872 0.842519522 -0.003429245 0.999991179 0.002421222 -1.892393231 0.001024171 -0.002417722 0.999996543 75.672042847
0.999993801 0.003230856 -0.001434474 0.855442405 -0.003228100 0.999992907 0.001918968 -1.906242132 0.001440664 -0.001914326 0.999997139 76.225296021
0.999993801 0.003245541 -0.001381593 0.866783500 -0.003243074 0.999993205 0.001783803 -1.918074012 0.001387373 -0.001779312 0.999997437 76.798408508
0.999992073 0.003978292 0.000544497 0.868711650 -0.003979245 0.999990582 0.001756879 -1.926385641 -0.000537502 -0.001759031 0.999998331 77.324913025
0.999993026 0.003488303 0.001329265 0.876486778 -0.003491602 0.999990821 0.002489089 -1.945192456 -0.001320570 -0.002493714 0.999995947 77.780197144
0.999987781 0.004085941 0.002777977 0.889763355 -0.004093178 0.999988258 0.002604160 -1.959201813 -0.002767304 -0.002615499 0.999992728 78.325386047
0.999977946 0.005224229 0.004094219 0.895770907 -0.005234635 0.999983013 0.002534963 -1.976621866 -0.004080907 -0.002556339 0.999988317 78.861076355
0.999971747 0.003701004 0.006549042 0.931385159 -0.003714860 0.999990880 0.002104986 -1.979996204 -0.006541192 -0.002129256 0.999976337 79.435516357
0.999941587 0.002793826 0.010442503 0.938436568 -0.002815033 0.999993980 0.002016649 -1.980252743 -0.010436805 -0.002045928 0.999943376 79.936050415
0.999908924 0.002583687 0.013248263 0.965966761 -0.002608037 0.999994874 0.001821044 -1.995134234 -0.013243491 -0.001855430 0.999910593 80.484580994
0.999845564 0.002510315 0.017392006 0.987619519 -0.002544481 0.999994874 0.001942645 -2.009386301 -0.017387040 -0.001986599 0.999846816 81.028747559
0.999713063 0.002969273 0.023767034 1.000923753 -0.003010625 0.999994040 0.001704231 -2.013081074 -0.023761829 -0.001775296 0.999716043 81.541717529
0.999561191 0.002454579 0.029519936 1.034417987 -0.002496012 0.999995947 0.001366777 -2.025659561 -0.029516462 -0.001439859 0.999563277 82.092994690
0.999344587 0.003536875 0.036023743 1.059281230 -0.003606522 0.999991775 0.001868558 -2.041296959 -0.036016837 -0.001997254 0.999349117 82.637947083
0.999024212 0.002953226 0.044067379 1.090379715 -0.003036609 0.999993742 0.001825335 -2.053432465 -0.044061705 -0.001957370 0.999026895 83.171890259
0.998602748 0.003168192 0.052751098 1.135050535 -0.003250290 0.999993622 0.001470591 -2.066633701 -0.052746106 -0.001639992 0.998606563 83.718940735
0.998219013 0.001878747 0.059625413 1.187652111 -0.001945408 0.999997556 0.001059969 -2.076152802 -0.059623268 -0.001174077 0.998220265 84.287223816
0.997653484 0.002258222 0.068428390 1.252856255 -0.002345655 0.999996483 0.001197417 -2.086651802 -0.068425447 -0.001355116 0.997655272 84.814155579
0.996929228 0.002064393 0.078280322 1.311756611 -0.002158871 0.999996960 0.001122299 -2.098652840 -0.078277774 -0.001287850 0.996930778 85.306678772
0.996221125 0.001425972 0.086841233 1.376276970 -0.001516410 0.999998391 0.000975459 -2.106185198 -0.086839706 -0.001103460 0.996221662 85.862228394
0.995566249 0.000582675 0.094061546 1.452032566 -0.000649659 0.999999523 0.000681522 -2.122629642 -0.094061114 -0.000739608 0.995566130 86.417968750
0.994532466 0.001477302 0.104417428 1.520351410 -0.001561928 0.999998510 0.000728688 -2.131668091 -0.104416184 -0.000887797 0.994533241 86.938819885
0.993367374 0.001569352 0.114972383 1.606328011 -0.001676256 0.999998212 0.000833150 -2.142180681 -0.114970855 -0.001020347 0.993368328 87.488220215
0.992310703 0.000206156 0.123771667 1.696986198 -0.000273534 0.999999821 0.000527380 -2.160688162 -0.123771518 -0.000557180 0.992310584 87.990364075
0.990813375 0.000260613 0.135236025 1.795186043 -0.000385402 0.999999464 0.000896575 -2.179719687 -0.135235727 -0.000940459 0.990813017 88.540191650
0.989030361 -0.000128475 0.147712231 1.896585464 0.000054518 0.999999881 0.000504735 -2.192275524 -0.147712246 -0.000491146 0.989030242 89.081405640
0.987329483 -0.000977430 0.158680558 1.999343872 0.000915153 0.999999464 0.000465542 -2.205653429 -0.158680916 -0.000314427 0.987329841 89.608619690
0.985551596 0.000186486 0.169375047 2.100559235 -0.000335125 0.999999583 0.000848990 -2.222212553 -0.169374764 -0.000893485 0.985551298 90.173736572
0.983193398 0.000503783 0.182566375 2.217236519 -0.000703098 0.999999225 0.001027015 -2.238492489 -0.182565704 -0.001138116 0.983192980 90.709274292
0.980870545 -0.000015599 0.194660813 2.352529526 -0.000156280 0.999999642 0.000867614 -2.254249811 -0.194660723 -0.000881439 0.980870247 91.244796753
0.978886425 -0.001332000 0.204400554 2.484896660 0.001197660 0.999998987 0.000780942 -2.267205238 -0.204401404 -0.000519651 0.978886962 91.740272522
0.976107061 -0.001076481 0.217287511 2.626842499 0.000868264 0.999999106 0.001053726 -2.288942337 -0.217288464 -0.000839887 0.976107061 92.267250061
0.973026693 -0.001920364 0.230684727 2.776809692 0.001760082 0.999998033 0.000900598 -2.295857906 -0.230686024 -0.000470282 0.973028064 92.803459167
0.970374107 -0.002040617 0.241598576 2.936765671 0.001962327 0.999997914 0.000564658 -2.308322430 -0.241599232 -0.000073834 0.970376134 93.326843262
0.967439532 -0.002465038 0.253090262 3.056512833 0.002363514 0.999996960 0.000705180 -2.313607693 -0.253091246 -0.000084036 0.967442393 93.824432373
0.963917375 -0.001370127 0.266198188 3.224575043 0.001051731 0.999998569 0.001338641 -2.332648039 -0.266199619 -0.001010370 0.963917315 94.340019226
0.960334837 -0.002320023 0.278839827 3.397245407 0.002128600 0.999997199 0.000989273 -2.343961477 -0.278841376 -0.000356495 0.960337102 94.880897522
0.956881523 -0.002159266 0.290470362 3.591291428 0.001940811 0.999997556 0.001040158 -2.362895966 -0.290471971 -0.000431560 0.956883430 95.411392212
0.952399313 -0.002112827 0.304846346 3.741392136 0.001726344 0.999997318 0.001537343 -2.377652884 -0.304848850 -0.000937895 0.952400208 95.878303528
0.947951019 -0.002864206 0.318403393 3.949153900 0.002648311 0.999995887 0.001110934 -2.386531830 -0.318405271 -0.000209880 0.947954535 96.404624939
0.944101810 -0.003370253 0.329636931 4.149158478 0.003146755 0.999994338 0.001211567 -2.397604465 -0.329639196 -0.000106556 0.944106936 96.903182983
0.939201117 -0.003221754 0.343352318 4.348489761 0.002877296 0.999994695 0.001512665 -2.410098314 -0.343355417 -0.000432771 0.939205468 97.427848816
0.933845282 -0.003434941 0.357660443 4.567060471 0.003089366 0.999994099 0.001537575 -2.422399282 -0.357663572 -0.000330913 0.933850467 97.938659668
0.929126561 -0.003568419 0.369744480 4.788112640 0.003030821 0.999993324 0.002034859 -2.438630104 -0.369749278 -0.000770012 0.929131210 98.434661865
0.924341500 -0.004367243 0.381541312 5.013137817 0.003952261 0.999990404 0.001871262 -2.452967405 -0.381545782 -0.000221734 0.924350023 98.942504883
0.918471098 -0.004478692 0.395462692 5.255908966 0.003937794 0.999989927 0.002179462 -2.468098402 -0.395468444 -0.000444522 0.918479443 99.437728882
0.912606955 -0.005145854 0.408805668 5.495113373 0.004498301 0.999986708 0.002545476 -2.477434397 -0.408813238 -0.000484088 0.912617981 99.933540344
0.907618880 -0.005086322 0.419764370 5.738395691 0.004682882 0.999987066 0.001991556 -2.488175869 -0.419769078 0.000158133 0.907630861 100.426925659
0.901839375 -0.005119427 0.432041407 5.989902496 0.004596484 0.999986827 0.002254578 -2.501826048 -0.432047248 -0.000047396 0.901850998 100.903282166
0.895347238 -0.005275391 0.445337474 6.252227783 0.004715528 0.999986112 0.002365133 -2.517118931 -0.445343763 -0.000017614 0.895359635 101.398017883
0.889593661 -0.005977690 0.456713587 6.523189545 0.005482984 0.999982119 0.002408413 -2.544227362 -0.456719756 0.000361644 0.889610529 101.825759888
0.883275926 -0.005561063 0.468820602 6.759891510 0.004992271 0.999984503 0.002456001 -2.530963898 -0.468826979 0.000171153 0.883289993 102.315696716
0.875884771 -0.005519363 0.482488900 7.049556732 0.004951893 0.999984682 0.002449780 -2.544548750 -0.482495070 0.000243508 0.875898659 102.785224915
0.868936539 -0.007263336 0.494870216 7.333286285 0.006958464 0.999972701 0.002458573 -2.557059526 -0.494874537 0.001307193 0.868963420 103.232315063
0.862533391 -0.006333314 0.505960584 7.633983612 0.005826104 0.999979675 0.002585136 -2.571830750 -0.505966663 0.000718013 0.862552702 103.718078613
