1.000000000 0.000000000 0.000000000 0.000000000 0.000000000 1.000000000 0.000000000 0.000000000 0.000000000 0.000000000 1.000000000 0.000000000
1.000000000 -0.000060892 -0.000209502 0.004882257 0.000060925 1.000000000 0.000159154 -0.003790297 0.000209492 -0.000159167 0.999999940 -0.003912739
1.000000000 0.000037740 0.000005286 0.000648025 -0.000037741 1.000000000 0.000071566 -0.002739241 -0.000005283 -0.000071566 1.000000000 -0.003156997
1.000000000 -0.000108608 -0.000151135 0.006475105 0.000108636 1.000000000 0.000189458 -0.003051360 0.000151114 -0.000189474 1.000000000 -0.004559628
1.000000000 -0.000038676 -0.000055402 0.000929340 0.000038679 1.000000000 0.000048959 -0.000518563 0.000055400 -0.000048961 1.000000000 0.000101027
1.000000000 -0.000034039 0.000058913 -0.000721798 0.000034038 1.000000000 0.000016853 -0.001751789 -0.000058914 -0.000016851 1.000000000 -0.001649637
1.000000000 -0.000096447 -0.000144637 0.004965926 0.000096474 1.000000000 0.000184418 -0.003329021 0.000144619 -0.000184432 1.000000000 -0.007211327
1.000000000 -0.000130268 -0.000070446 -0.000452966 0.000130271 1.000000000 0.000042812 0.000119063 0.000070440 -0.000042821 1.000000000 0.000336263
1.000000000 0.000005800 -0.000088653 0.002615496 -0.000005792 1.000000000 0.000094908 -0.003469150 0.000088654 -0.000094908 1.000000000 -0.009098884
1.000000000 0.000015807 0.000020185 0.000817608 -0.000015809 1.000000000 0.000094026 -0.002678704 -0.000020184 -0.000094027 1.000000000 -0.005895059
1.000000000 0.000113929 0.000090746 -0.001175621 -0.000113933 1.000000000 0.000040902 -0.000922955 -0.000090741 -0.000040912 1.000000000 -0.005068951
1.000000000 -0.000110192 -0.000023143 -0.000486935 0.000110194 1.000000000 0.000087061 -0.003844688 0.000023133 -0.000087064 1.000000000 -0.008602799
1.000000000 -0.000070303 -0.000005400 0.000303628 0.000070304 1.000000000 0.000055441 -0.001811051 0.000005396 -0.000055441 1.000000000 -0.006248435
1.000000000 -0.000068242 -0.000019733 0.000600609 0.000068244 1.000000000 0.000088369 -0.001818035 0.000019727 -0.000088370 1.000000000 -0.005936181
1.000000000 -0.000227635 -0.000082326 0.001126473 0.000227651 0.999999940 0.000189443 -0.002303683 0.000082283 -0.000189462 1.000000000 -0.008383865
0.999999940 -0.000260790 -0.000084092 -0.000882119 0.000260799 0.999999940 0.000107274 -0.002632257 0.000084064 -0.000107296 1.000000000 -0.009059751
1.000000000 -0.000167660 0.000023708 0.000018894 0.000167659 1.000000000 0.000051944 -0.001152644 -0.000023717 -0.000051940 1.000000000 -0.008023509
1.000000000 0.000036225 0.000012020 0.001899434 -0.000036227 1.000000000 0.000171877 -0.003431023 -0.000012014 -0.000171877 1.000000000 -0.011499228
1.000000000 -0.000230913 -0.000073841 0.001947919 0.000230925 0.999999940 0.000152087 -0.004801251 0.000073806 -0.000152104 1.000000000 -0.010277880
1.000000000 -0.000217288 -0.000047067 0.002387103 0.000217294 0.999999940 0.000129769 -0.005422156 0.000047038 -0.000129779 1.000000000 -0.012327222
1.000000000 -0.000054684 -0.000033228 0.002936567 0.000054692 0.999999940 0.000245854 -0.005778227 0.000033215 -0.000245856 0.999999940 -0.014031502
1.000000000 0.000035005 0.000071072 -0.000808096 -0.000035011 1.000000000 0.000092092 -0.000862446 -0.000071069 -0.000092094 1.000000000 -0.006589841
0.999999940 -0.000215928 -0.000157229 0.004675997 0.000215954 0.999999940 0.000169088 -0.003496137 0.000157192 -0.000169122 1.000000000 -0.012770277
1.000000000 -0.000201264 -0.000097969 0.003068928 0.000201290 0.999999940 0.000263343 -0.004586150 0.000097916 -0.000263363 0.999999940 -0.010453482
1.000000000 -0.000066313 -0.000130934 0.006006749 0.000066340 1.000000000 0.000203865 -0.003446098 0.000130921 -0.000203874 1.000000000 -0.015895240
1.000000000 -0.000092532 -0.000038989 0.000666017 0.000092540 1.000000000 0.000207730 -0.003280471 0.000038970 -0.000207733 1.000000000 -0.013815683
1.000000000 -0.000081620 -0.000013519 -0.001580904 0.000081623 1.000000000 0.000203930 -0.004837708 0.000013502 -0.000203931 1.000000000 -0.015349919
1.000000000 -0.000066048 -0.000000142 -0.001232492 0.000066048 1.000000000 0.000197942 -0.003505119 0.000000129 -0.000197942 1.000000000 -0.009584389
0.999999940 -0.000235396 -0.000151827 -0.000146914 0.000235417 0.999999940 0.000143162 0.000013125 0.000151793 -0.000143198 1.000000000 -0.007472585
1.000000000 -0.000119458 -0.000106667 0.001746507 0.000119481 0.999999940 0.000217478 -0.002891191 0.000106641 -0.000217490 1.000000000 -0.009678995
1.000000000 -0.000116031 0.000036130 -0.001245353 0.000116026 1.000000000 0.000135574 -0.002007070 -0.000036146 -0.000135569 1.000000000 -0.003388805
1.000000000 -0.000216734 -0.000071365 -0.001705966 0.000216750 0.999999940 0.000226093 -0.002902550 0.000071316 -0.000226108 1.000000000 -0.009860149
0.999999940 -0.000196875 -0.000159879 0.002312119 0.000196917 0.999999940 0.000262469 -0.003554248 0.000159828 -0.000262501 0.999999940 -0.014326742
1.000000000 -0.000026242 -0.000120766 -0.000091729 0.000026253 1.000000000 0.000087886 -0.000925887 0.000120764 -0.000087889 1.000000000 -0.005727063
1.000000000 -0.000103840 -0.000067573 -0.001099518 0.000103845 1.000000000 0.000073584 -0.000669079 0.000067565 -0.000073591 1.000000000 -0.007038160
1.000000000 -0.000187728 -0.000069397 -0.001727694 0.000187726 1.000000000 -0.000019975 0.000478866 0.000069400 0.000019962 1.000000000 -0.010843812
0.999999940 -0.000250875 -0.000201782 0.003467616 0.000250892 0.999999940 0.000085499 -0.001246237 0.000201760 -0.000085550 1.000000000 -0.009989804
1.000000000 -0.000199772 -0.000035123 0.000646501 0.000199773 1.000000000 0.000039328 0.000192848 0.000035115 -0.000039335 1.000000000 -0.008408006
1.000000000 -0.000063199 -0.000109970 0.002367727 0.000063240 0.999999940 0.000367092 -0.003665466 0.000109947 -0.000367099 0.999999940 -0.018638009
0.999999940 -0.000266100 -0.000241922 0.004927058 0.000266142 0.999999940 0.000174382 -0.005838980 0.000241875 -0.000174446 0.999999940 -0.006548243
1.000000000 -0.000049924 -0.000178678 0.008515764 0.000049846 0.999999881 -0.000437313 -0.008785168 0.000178700 0.000437304 0.999999881 0.041633729
1.000000000 -0.000031264 -0.000179772 0.007813816 0.000031032 0.999999166 -0.001290485 -0.003403889 0.000179813 0.001290480 0.999999166 0.143733084
1.000000000 -0.000060011 -0.000052701 0.004690211 0.000059938 0.999999046 -0.001384646 -0.010642746 0.000052784 0.001384643 0.999999046 0.263757199
0.999999940 -0.000298331 0.000213664 0.001722346 0.000298585 0.999999225 -0.001193820 -0.016935650 -0.000213308 0.001193884 0.999999285 0.384899169
1.000000000 0.000104450 -0.000007604 0.005517834 -0.000104459 0.999999344 -0.001118038 -0.021783490 0.000007487 0.001118038 0.999999404 0.534787953
1.000000000 0.000079288 0.000072395 0.015881989 -0.000079203 0.999999285 -0.001169889 -0.026477203 -0.000072488 0.001169884 0.999999285 0.681935549
0.999999940 0.000084500 0.000244149 0.026764551 -0.000084324 0.999999762 -0.000722554 -0.035951141 -0.000244210 0.000722534 0.999999702 0.853116691
1.000000000 -0.000075736 0.000161248 0.022650225 0.000075830 0.999999821 -0.000580867 -0.038518492 -0.000161204 0.000580880 0.999999821 1.022898555
0.999999821 0.000167659 0.000604050 0.009318567 -0.000167222 0.999999702 -0.000724497 -0.038470693 -0.000604171 0.000724396 0.999999583 1.194257855
0.999999940 -0.000103572 0.000233323 0.034766529 0.000103671 0.999999881 -0.000422304 -0.051476788 -0.000233279 0.000422328 0.999999881 1.417985678
0.999999821 0.000239028 0.000597080 0.028170137 -0.000238694 0.999999821 -0.000558045 -0.058529679 -0.000597213 0.000557902 0.999999642 1.608029127
0.999999523 0.000624328 0.000747233 0.033641636 -0.000624180 0.999999762 -0.000198985 -0.069699354 -0.000747357 0.000198519 0.999999702 1.800476193
0.999993622 -0.001053728 0.003401206 -0.040608145 0.001050650 0.999999046 0.000906563 -0.065314524 -0.003402158 -0.000902984 0.999993801 1.839511514
0.999992371 -0.000771614 0.003813222 -0.034788571 0.000768330 0.999999404 0.000862597 -0.072318941 -0.003813885 -0.000859661 0.999992311 2.064680576
0.999991953 0.000006659 0.004003152 -0.037270579 -0.000009975 0.999999642 0.000828341 -0.072560228 -0.004003145 -0.000828374 0.999991655 2.275155783
0.999992549 -0.000219360 0.003851477 -0.035733219 0.000216750 0.999999762 0.000678093 -0.086375318 -0.003851625 -0.000677253 0.999992311 2.500075340
0.999991238 0.000060496 0.004182509 -0.032711443 -0.000064730 0.999999523 0.001012106 -0.092301518 -0.004182445 -0.001012368 0.999990821 2.737269163
0.999991298 0.000229445 0.004173147 -0.023185749 -0.000233216 0.999999642 0.000903145 -0.097518340 -0.004172939 -0.000904111 0.999990940 2.963091135
0.999991179 -0.000133615 0.004187127 -0.031749137 0.000129690 0.999999523 0.000937777 -0.104259335 -0.004187250 -0.000937226 0.999990821 3.209237337
0.999991775 -0.000766321 0.004005505 -0.020271294 0.000761896 0.999999106 0.001106116 -0.117367998 -0.004006349 -0.001103055 0.999991298 3.407284260
0.999993086 -0.000383099 0.003693216 -0.010764392 0.000378946 0.999999344 0.001124979 -0.121284842 -0.003693644 -0.001123572 0.999992609 3.654618025
0.999992967 -0.001320526 0.003510165 0.000872367 0.001316271 0.999998450 0.001214205 -0.131221414 -0.003511762 -0.001209576 0.999993145 3.933610201
0.999992609 -0.000517072 0.003805752 0.001864373 0.000511391 0.999998808 0.001493533 -0.136666059 -0.003806519 -0.001491576 0.999991655 4.200200081
0.999992371 -0.001139630 0.003729637 -0.000923771 0.001132490 0.999997437 0.001915907 -0.156439066 -0.003731812 -0.001911668 0.999991179 4.382915020
0.999991238 -0.001169850 0.003995406 0.004704469 0.001161427 0.999997079 0.002109775 -0.165132076 -0.003997862 -0.002105116 0.999989808 4.643804073
0.999989629 -0.000548760 0.004517855 -0.003777156 0.000541040 0.999998391 0.001709939 -0.163395301 -0.004518786 -0.001707477 0.999988317 4.899498463
0.999991357 -0.001455281 0.003882246 0.003810257 0.001446589 0.999996364 0.002240857 -0.182487458 -0.003885493 -0.002235221 0.999989927 5.145579338
0.999991179 -0.001165841 0.004037960 0.015050383 0.001157890 0.999997318 0.001970785 -0.183963314 -0.004040247 -0.001966092 0.999989927 5.420917511
0.999990761 -0.001643727 0.003982077 0.021978885 0.001634907 0.999996185 0.002217242 -0.195245028 -0.003985707 -0.002210712 0.999989569 5.689787865
0.999989986 -0.001626393 0.004168557 0.024091111 0.001617286 0.999996305 0.002187221 -0.201180935 -0.004172098 -0.002180457 0.999988914 5.965451241
0.999990821 -0.001799645 0.003915369 0.032795340 0.001791854 0.999996483 0.001992579 -0.209746137 -0.003918941 -0.001985545 0.999990284 6.248759747
0.999989867 -0.001390853 0.004280565 0.019555710 0.001381792 0.999996722 0.002119176 -0.226267278 -0.004283499 -0.002113240 0.999988616 6.449502468
0.999990046 -0.001404521 0.004239351 0.042021405 0.001394338 0.999996066 0.002403927 -0.237020433 -0.004242711 -0.002397992 0.999988198 6.727559566
0.999989688 -0.001744828 0.004182067 0.048522223 0.001734642 0.999995530 0.002437878 -0.247251272 -0.004186301 -0.002430599 0.999988258 7.025393963
0.999989212 -0.001616596 0.004359798 0.053011231 0.001605694 0.999995530 0.002502885 -0.259296387 -0.004363825 -0.002495857 0.999987423 7.342961788
0.999989688 -0.001486154 0.004296326 0.069217816 0.001474441 0.999995232 0.002728229 -0.264644146 -0.004300360 -0.002721867 0.999987006 7.660427094
0.999987721 -0.001917916 0.004567704 0.037493266 0.001904983 0.999994159 0.002834148 -0.284446537 -0.004573113 -0.002825412 0.999985576 7.912117958
0.999988377 -0.001788187 0.004471227 0.053566150 0.001774721 0.999993861 0.003013867 -0.294673294 -0.004476589 -0.003005897 0.999985456 8.239043236
0.999988019 -0.002402091 0.004267040 0.058548927 0.002389489 0.999992788 0.002955972 -0.303083241 -0.004274110 -0.002945740 0.999986470 8.577907562
0.999987304 -0.002320330 0.004490762 0.065389305 0.002305998 0.999992311 0.003193937 -0.311246425 -0.004498139 -0.003183541 0.999984801 8.923159599
0.999986529 -0.003350097 0.003961179 0.095073864 0.003338255 0.999989927 0.002992447 -0.317150474 -0.003971165 -0.002979184 0.999987721 9.267783165
0.999988198 -0.002037602 0.004394570 0.094104603 0.002022912 0.999992311 0.003344652 -0.325900167 -0.004401351 -0.003335722 0.999984741 9.604653358
0.999987721 -0.002171808 0.004456058 0.072400436 0.002153259 0.999989033 0.004163237 -0.367456287 -0.004465051 -0.004153591 0.999981403 9.848441124
0.999987185 -0.002168764 0.004569549 0.079305135 0.002149824 0.999989092 0.004145663 -0.376032382 -0.004578490 -0.004135786 0.999980986 10.210028648
0.999987364 -0.002345993 0.004453396 0.084868707 0.002327791 0.999988914 0.004087972 -0.379164577 -0.004462938 -0.004077553 0.999981701 10.585993767
0.999985993 -0.003222312 0.004202351 0.094638124 0.003203468 0.999984860 0.004483261 -0.393161476 -0.004216734 -0.004469736 0.999981105 10.965313911
0.999987662 -0.002961615 0.003972475 0.114422671 0.002945049 0.999986947 0.004169510 -0.406269044 -0.003984772 -0.004157759 0.999983370 11.316691399
0.999987185 -0.001876324 0.004712132 0.110629894 0.001854635 0.999987721 0.004602876 -0.415475249 -0.004720711 -0.004594078 0.999978244 11.702818871
0.999987602 -0.001457870 0.004759390 0.133361146 0.001434688 0.999987185 0.004870453 -0.430670977 -0.004766430 -0.004863564 0.999976814 12.088596344
0.999987841 -0.002179688 0.004423659 0.134796053 0.002159429 0.999987185 0.004579289 -0.436888278 -0.004433584 -0.004569680 0.999979675 12.507322311
0.999988616 -0.001966575 0.004342139 0.119336426 0.001943396 0.999983847 0.005335898 -0.492440104 -0.004352562 -0.005327399 0.999976337 12.773541451
0.999987423 -0.000913331 0.004918378 0.122722089 0.000884032 0.999981821 0.005955960 -0.506447613 -0.004923728 -0.005951538 0.999970198 13.191677094
0.999987781 -0.001402159 0.004725704 0.135700971 0.001371502 0.999978006 0.006484333 -0.510003865 -0.004734693 -0.006477773 0.999967813 13.621938705
0.999986768 -0.002613770 0.004415638 0.154460281 0.002583721 0.999973476 0.006797034 -0.539844930 -0.004433286 -0.006785537 0.999967217 14.015641212
0.999985456 -0.002170162 0.004932842 0.153471321 0.002133803 0.999970615 0.007364200 -0.554044306 -0.004948678 -0.007353568 0.999960661 14.395922661
0.999982357 -0.003275620 0.004947219 0.174351752 0.003241336 0.999970734 0.006922161 -0.586225033 -0.004969748 -0.006906004 0.999963820 14.847662926
0.999981165 -0.002563203 0.005579455 0.183941588 0.002524103 0.999972284 0.007003677 -0.593978107 -0.005597252 -0.006989462 0.999959946 15.282123566
0.999980092 -0.003004807 0.005540733 0.191604525 0.002961042 0.999964535 0.007890159 -0.615827918 -0.005564244 -0.007873597 0.999953508 15.714829445
0.999978304 -0.003585934 0.005525856 0.205141649 0.003547523 0.999969661 0.006945261 -0.608867526 -0.005550592 -0.006925507 0.999960661 16.186386108
0.999977648 -0.003869918 0.005439773 0.232448205 0.003834215 0.999971151 0.006558447 -0.619149387 -0.005464995 -0.006537444 0.999963701 16.688020706
0.999977410 -0.002945712 0.006047432 0.228479534 0.002899463 0.999966621 0.007642310 -0.639411390 -0.006069743 -0.007624602 0.999952555 17.164323807
0.999977469 -0.002159832 0.006354735 0.243719876 0.002108357 0.999965012 0.008095731 -0.649196744 -0.006371998 -0.008082150 0.999947071 17.598678589
0.999968052 -0.002961272 0.007427131 0.243505985 0.002901353 0.999963224 0.008065403 -0.683589697 -0.007450743 -0.008043595 0.999939919 17.998949051
0.999970555 -0.003775396 0.006679119 0.268863201 0.003718448 0.999956787 0.008518299 -0.695217490 -0.006710990 -0.008493212 0.999941468 18.475049973
0.999967277 -0.004387587 0.006801837 0.291280597 0.004329730 0.999954522 0.008497677 -0.701132119 -0.006838812 -0.008467949 0.999940753 18.949855804
0.999970078 -0.002067983 0.007457517 0.283352554 0.002002190 0.999959111 0.008819045 -0.723268867 -0.007475450 -0.008803850 0.999933302 19.454551697
0.999969542 -0.003060577 0.007184215 0.294260621 0.002996229 0.999955416 0.008950743 -0.720415413 -0.007211290 -0.008928943 0.999934137 19.941087723
0.999971986 -0.003148219 0.006788334 0.312720925 0.003089783 0.999958217 0.008601651 -0.741003036 -0.006815131 -0.008580435 0.999939978 20.380908966
0.999974966 -0.002933259 0.006439432 0.321583033 0.002878415 0.999959648 0.008509710 -0.744003057 -0.006464133 -0.008490962 0.999943078 20.875108719
0.999976397 -0.002955831 0.006195125 0.329706669 0.002899486 0.999954522 0.009084394 -0.765514851 -0.006221695 -0.009066218 0.999939501 21.424003601
0.999976933 -0.003100238 0.006037606 0.317237735 0.003042652 0.999950051 0.009523874 -0.786848247 -0.006066831 -0.009505284 0.999936342 21.925052643
0.999981582 -0.003491005 0.004958589 0.346068740 0.003446093 0.999953151 0.009037289 -0.792636216 -0.004989906 -0.009020034 0.999946892 22.391550064
0.999982953 -0.004601216 0.003605537 0.366561204 0.004568297 0.999948323 0.009085815 -0.808934927 -0.003647157 -0.009069189 0.999952197 22.920463562
0.999985516 -0.003793758 0.003806562 0.365229428 0.003759775 0.999953330 0.008895263 -0.816840172 -0.003840132 -0.008880822 0.999953151 23.467899323
0.999992490 -0.002732953 0.002718123 0.375010729 0.002709249 0.999958634 0.008686478 -0.830938637 -0.002741750 -0.008679050 0.999958575 24.031282425
0.999992549 -0.003040598 0.002386770 0.373221636 0.003018307 0.999952257 0.009288432 -0.849950254 -0.002414899 -0.009281158 0.999953926 24.487091064
0.999991715 -0.003720883 0.001626270 0.384999901 0.003704346 0.999942541 0.010056048 -0.860811830 -0.001663594 -0.010049940 0.999948084 25.027004242
0.999992549 -0.003672256 0.001209565 0.392034292 0.003660871 0.999950230 0.009283531 -0.867808282 -0.001243597 -0.009279033 0.999956131 25.560216904
0.999989152 -0.004652722 0.000282472 0.411171645 0.004649490 0.999933779 0.010529497 -0.877273440 -0.000331444 -0.010528069 0.999944508 26.093893051
0.999986351 -0.005218126 -0.000320978 0.422661066 0.005221200 0.999931633 0.010463773 -0.895496964 0.000266355 -0.010465307 0.999945164 26.626100540
0.999992967 -0.003743929 -0.000262113 0.429443449 0.003746503 0.999936640 0.010626469 -0.910759330 0.000222312 -0.010627377 0.999943495 27.202205658
0.999984860 -0.005225228 -0.001716469 0.443894833 0.005242920 0.999931514 0.010470537 -0.912857115 0.001661640 -0.010479379 0.999943674 27.795055389
0.999979079 -0.006150434 -0.001990639 0.467521966 0.006172186 0.999919295 0.011111983 -0.926176906 0.001922134 -0.011124038 0.999936283 28.385293961
0.999987245 -0.004884250 -0.001277864 0.402273536 0.004898997 0.999918342 0.011804705 -1.002147079 0.001220102 -0.011810814 0.999929488 28.871120453
0.999986112 -0.005012077 -0.001624164 0.414601535 0.005031317 0.999914527 0.012067028 -1.010731459 0.001563544 -0.012075032 0.999925911 29.417104721
0.999983132 -0.005043377 -0.002884129 0.483254135 0.005076952 0.999918044 0.011755266 -1.028878212 0.002824606 -0.011769709 0.999926746 29.929389954
0.999975622 -0.006033879 -0.003505393 0.486886799 0.006078139 0.999900222 0.012756113 -1.045865655 0.003428074 -0.012777107 0.999912560 30.506607056
0.999987423 -0.004324911 -0.002548092 0.435644865 0.004356107 0.999914050 0.012366733 -1.076597571 0.002494387 -0.012377677 0.999920249 31.044588089
0.999988794 -0.003849808 -0.002765495 0.444519460 0.003884002 0.999914825 0.012467363 -1.088624954 0.002717262 -0.012477963 0.999918461 31.576473236
0.999984562 -0.004783285 -0.002838771 0.452248722 0.004819433 0.999905586 0.012866742 -1.096630096 0.002776957 -0.012880223 0.999913156 32.096984863
0.999992192 -0.002995660 -0.002588461 0.436021596 0.003028254 0.999915004 0.012681179 -1.116150618 0.002550252 -0.012688918 0.999916196 32.595043182
0.999982297 -0.004951371 -0.003299217 0.450173438 0.004994880 0.999898911 0.013312416 -1.121016026 0.003232969 -0.013328658 0.999905944 33.215091705
0.999987185 -0.004019395 -0.003091909 0.457644552 0.004059755 0.999905229 0.013159833 -1.129170179 0.003038720 -0.013172216 0.999908626 33.772323608
0.999982893 -0.004741208 -0.003431064 0.411430776 0.004786890 0.999898255 0.013430998 -1.175304413 0.003367035 -0.013447192 0.999903858 34.356098175
0.999980450 -0.004794345 -0.004020447 0.429319561 0.004846111 0.999904156 0.012966294 -1.171443939 0.003957897 -0.012985524 0.999907851 34.911605835
0.999981880 -0.004544155 -0.003960156 0.427026391 0.004598130 0.999895155 0.013728788 -1.196439743 0.003897356 -0.013746747 0.999897957 35.448875427
0.999986112 -0.003756561 -0.003695439 0.437291861 0.003804415 0.999907792 0.013028952 -1.190229297 0.003646154 -0.013042830 0.999908328 36.023437500
0.999989092 -0.003033970 -0.003551056 0.450092673 0.003081253 0.999905586 0.013386275 -1.208926916 0.003510107 -0.013397070 0.999904096 36.532642365
0.999982953 -0.004401976 -0.003849381 0.455474913 0.004450463 0.999909639 0.012679374 -1.200573206 0.003793219 -0.012696288 0.999912202 37.119869232
0.999986410 -0.003476384 -0.003895988 0.469313771 0.003525877 0.999912202 0.012769502 -1.222552538 0.003851254 -0.012783064 0.999910891 37.695346832
0.999980211 -0.004922761 -0.003925742 0.475771785 0.004976644 0.999891818 0.013836043 -1.224649429 0.003857207 -0.013855306 0.999896526 38.228488922
0.999971569 -0.005894974 -0.004713660 0.492312551 0.005965140 0.999869466 0.015013000 -1.293076992 0.004624544 -0.015040689 0.999876201 38.758792877
0.999955893 -0.008008182 -0.004903008 0.426088214 0.008086690 0.999835908 0.016207125 -1.329164028 0.004772412 -0.016246056 0.999856651 39.238594055
0.999962509 -0.007551246 -0.004248286 0.422590435 0.007620350 0.999834955 0.016492121 -1.349611998 0.004123047 -0.016523872 0.999854982 39.757736206
0.999963760 -0.007197563 -0.004540071 0.440246791 0.007266209 0.999856770 0.015289252 -1.335341573 0.004429376 -0.015321689 0.999872744 40.333705902
0.999969244 -0.006225980 -0.004760498 0.460393190 0.006298386 0.999862313 0.015349046 -1.346417665 0.004664280 -0.015378559 0.999870837 40.878700256
0.999969244 -0.006479500 -0.004424695 0.451788008 0.006547568 0.999857724 0.015546430 -1.358314514 0.004323333 -0.015574922 0.999869347 41.404304504
0.999961853 -0.007172242 -0.004983517 0.489005446 0.007251075 0.999845982 0.015984831 -1.375029922 0.004868104 -0.016020359 0.999859810 41.939617157
0.999958873 -0.007496517 -0.005101660 0.469816864 0.007581139 0.999830544 0.016775021 -1.370688915 0.004975042 -0.016813006 0.999846280 42.527217865
0.999953210 -0.008089024 -0.005303695 0.501469076 0.008176259 0.999828100 0.016637707 -1.402583957 0.005168201 -0.016680293 0.999847531 43.049365997
0.999964476 -0.007196337 -0.004401270 0.485520989 0.007269557 0.999831557 0.016852479 -1.394264579 0.004279254 -0.016883872 0.999848306 43.569103241
0.999963045 -0.007319612 -0.004511490 0.424539566 0.007400725 0.999806404 0.018232645 -1.463696003 0.004377163 -0.018265357 0.999823570 44.009807587
0.999964774 -0.006982976 -0.004668303 0.440419197 0.007064349 0.999819338 0.017647669 -1.460774422 0.004544227 -0.017680025 0.999833345 44.573829651
0.999960065 -0.007598904 -0.004703251 0.447606146 0.007685550 0.999795854 0.018687304 -1.474580288 0.004560288 -0.018722706 0.999814212 45.087600708
0.999959111 -0.007619846 -0.004877264 0.452879757 0.007709507 0.999796629 0.018636608 -1.483965635 0.004734264 -0.018673450 0.999814391 45.600326538
0.999948442 -0.008639027 -0.005336778 0.468146533 0.008733213 0.999801874 0.017884767 -1.444310904 0.005181214 -0.017930450 0.999825776 46.196411133
0.999952912 -0.008195178 -0.005194074 0.474653870 0.008288644 0.999799311 0.018236166 -1.507360458 0.005043583 -0.018278360 0.999820113 46.775604248
0.999965250 -0.007107922 -0.004354687 0.464566886 0.007191142 0.999785900 0.019402318 -1.508363485 0.004215845 -0.019432960 0.999802232 47.296562195
0.999954939 -0.008226994 -0.004739856 0.455180973 0.008315676 0.999784887 0.019004337 -1.512605906 0.004582489 -0.019042900 0.999808133 47.848182678
0.999973416 -0.005933296 -0.004247544 0.457720637 0.006013020 0.999801278 0.019009143 -1.561035514 0.004133911 -0.019034179 0.999810219 48.388610840
0.999974847 -0.006126433 -0.003580028 0.358818531 0.006197706 0.999775708 0.020248512 -1.638443112 0.003455174 -0.020270187 0.999788582 48.783901215
0.999971092 -0.006730901 -0.003554346 0.364760876 0.006804280 0.999755204 0.021053264 -1.648620486 0.003411767 -0.021076838 0.999772012 49.331592560
0.999981642 -0.005314973 -0.002900541 0.354223788 0.005376154 0.999754190 0.021509156 -1.657428622 0.002785508 -0.021524353 0.999764442 49.880813599
0.999980688 -0.005693216 -0.002471955 0.367562413 0.005744267 0.999759555 0.021160902 -1.657887220 0.002350887 -0.021174693 0.999773026 50.430423737
0.999977946 -0.006063655 -0.002702198 0.375162601 0.006120955 0.999745190 0.021727338 -1.659891963 0.002569763 -0.021743396 0.999760330 50.960933685
0.999969780 -0.006812578 -0.003739362 0.355458260 0.006892675 0.999737799 0.021842685 -1.715851545 0.003589578 -0.021867797 0.999754429 51.306465149
0.999965310 -0.007411714 -0.003794024 0.377138704 0.007491779 0.999740005 0.021542627 -1.709650874 0.003633369 -0.021570306 0.999760807 51.856136322
0.999974310 -0.006215497 -0.003571752 0.360507846 0.006293004 0.999735713 0.022115111 -1.724092960 0.003433350 -0.022137018 0.999749064 52.402294159
0.999972343 -0.006614870 -0.003378508 0.352516413 0.006689521 0.999722660 0.022584813 -1.745833158 0.003228175 -0.022606786 0.999739230 52.936992645
0.999980211 -0.005826236 -0.002376900 0.314745128 0.005877012 0.999741852 0.021946166 -1.728349090 0.002248424 -0.021959698 0.999756396 53.465023041
0.999978662 -0.005853511 -0.002901437 0.316411018 0.005919121 0.999714613 0.023145534 -1.732898951 0.002765125 -0.023162210 0.999727905 54.036132812
0.999980867 -0.005635806 -0.002545524 0.266500592 0.005693214 0.999716163 0.023138857 -1.791717529 0.002414395 -0.023152908 0.999729037 54.522186279
0.999985099 -0.005118327 -0.001903689 0.258008003 0.005161681 0.999710262 0.023512449 -1.807532072 0.001782794 -0.023521926 0.999721706 55.045024872
0.999975085 -0.006556458 -0.002648192 0.281998605 0.006615840 0.999711871 0.023073994 -1.801903844 0.002496147 -0.023090938 0.999730289 55.608470917
0.999978304 -0.005943066 -0.002838924 0.282560021 0.006008814 0.999700069 0.023741510 -1.817039728 0.002696977 -0.023758054 0.999714136 56.156715393
0.999981463 -0.005743925 -0.002054115 0.256212682 0.005791042 0.999701977 0.023719260 -1.841759682 0.001917262 -0.023730718 0.999716640 56.658802032
0.999973893 -0.006697129 -0.002693410 0.297071576 0.006759640 0.999691248 0.023911502 -1.840876102 0.002532440 -0.023929086 0.999710500 57.222385406
0.999978304 -0.006070089 -0.002583312 0.308373630 0.006130253 0.999694169 0.023956791 -1.827246785 0.002437103 -0.023972105 0.999709725 57.744270325
0.999972463 -0.006608866 -0.003384555 0.299106479 0.006689813 0.999677777 0.024491711 -1.859843850 0.003221602 -0.024513688 0.999694228 58.124401093
0.999975801 -0.006438447 -0.002648374 0.311941564 0.006502518 0.999667823 0.024940591 -1.867023230 0.002486914 -0.024957210 0.999685347 58.681556702
0.999977529 -0.006031788 -0.002956395 0.322789371 0.006104487 0.999663055 0.025231596 -1.856976390 0.002803206 -0.025249077 0.999677241 59.224037170
0.999970257 -0.006995978 -0.003269171 0.342397928 0.007074757 0.999668896 0.024741447 -1.861799121 0.003094997 -0.024763839 0.999688566 59.773773193
0.999968827 -0.006623602 -0.004327287 0.408760369 0.006732468 0.999648392 0.025647122 -1.885473967 0.004155889 -0.025675451 0.999661744 60.205307007
0.999979198 -0.005933020 -0.002531951 0.330114007 0.005996936 0.999643147 0.026030658 -1.920170069 0.002376606 -0.026045300 0.999658048 60.689762115
0.999979198 -0.005977595 -0.002407816 0.343737572 0.006037806 0.999648213 0.025827447 -1.926189303 0.002252582 -0.025841447 0.999663532 61.213138580
0.999981403 -0.005525474 -0.002608361 0.353580236 0.005591829 0.999642253 0.026157063 -1.921208382 0.002462897 -0.026171159 0.999654472 61.730529785
0.999981046 -0.005727199 -0.002273527 0.346369445 0.005785035 0.999637306 0.026303634 -1.927195191 0.002122056 -0.026316289 0.999651432 62.313278198
0.999980450 -0.005868426 -0.002192450 0.337799847 0.005924420 0.999632001 0.026471900 -1.920422912 0.002036294 -0.026484370 0.999647141 62.827770233
0.999970853 -0.006801259 -0.003464781 0.375466764 0.006889324 0.999636292 0.026073419 -1.946651220 0.003286190 -0.026096527 0.999654055 63.297100067
0.999970198 -0.006602823 -0.004008047 0.396476835 0.006704405 0.999642491 0.025883863 -1.951388359 0.003835708 -0.025909970 0.999656916 63.841362000
0.999973118 -0.006640345 -0.003112201 0.407654285 0.006717687 0.999651372 0.025536958 -1.949311972 0.002941541 -0.025557181 0.999669075 64.390480042
0.999971390 -0.006754830 -0.003403023 0.455299973 0.006838795 0.999656558 0.025298066 -1.911155224 0.003230969 -0.025320619 0.999674141 64.835914612
0.999971807 -0.006689675 -0.003400630 0.427235246 0.006775629 0.999640882 0.025926042 -1.940218091 0.003225972 -0.025948355 0.999658108 65.396415710
0.999970853 -0.006871244 -0.003331584 0.386150897 0.006960252 0.999598026 0.027484301 -1.996077061 0.003141392 -0.027506689 0.999616683 65.911422729
0.999968410 -0.007022965 -0.003725324 0.400790453 0.007120596 0.999613464 0.026875731 -1.991042852 0.003535135 -0.026901407 0.999631822 66.461715698
0.999959648 -0.007969591 -0.004154097 0.460282326 0.008076363 0.999620140 0.026353169 -1.968067646 0.003942498 -0.026385654 0.999644101 66.995712280
0.999977827 -0.005797275 -0.003280953 0.444476783 0.005884427 0.999612510 0.027207904 -1.987633348 0.003121950 -0.027226608 0.999624372 67.543838501
0.999979079 -0.005611585 -0.003201424 0.426664114 0.005698536 0.999596357 0.027830238 -2.027736187 0.003043960 -0.027847901 0.999607563 67.984634399
0.999976993 -0.005770016 -0.003546191 0.443345815 0.005865848 0.999600828 0.027635546 -2.030046225 0.003385318 -0.027655717 0.999611735 68.537300110
0.999978125 -0.005551681 -0.003591917 0.454554915 0.005648486 0.999605119 0.027526489 -2.026793480 0.003437680 -0.027546179 0.999614656 69.118095398
0.999979794 -0.005197264 -0.003658399 0.528269589 0.005298991 0.999583364 0.028368916 -2.044173002 0.003509434 -0.028387727 0.999590874 69.587196350
0.999977052 -0.006021311 -0.003108720 0.472503126 0.006107715 0.999572933 0.028576231 -2.054246426 0.002935325 -0.028594563 0.999586761 70.073425293
0.999978900 -0.005876442 -0.002785327 0.480712175 0.005953135 0.999579608 0.028375959 -2.057861567 0.002617408 -0.028391942 0.999593437 70.621795654
0.999981344 -0.005139790 -0.003303131 0.490295172 0.005230255 0.999594510 0.027989050 -2.058254480 0.003157934 -0.028005809 0.999602675 71.180908203
0.999976099 -0.006002325 -0.003428970 0.496278197 0.006095855 0.999590635 0.027950460 -2.047872066 0.003259799 -0.027970694 0.999603391 71.747879028
0.999973953 -0.006402811 -0.003332988 0.531261563 0.006492019 0.999601245 0.027480548 -2.046386242 0.003155705 -0.027501473 0.999616742 72.346122742
0.999971747 -0.006733892 -0.003321586 0.541300774 0.006828309 0.999547780 0.029283661 -2.086990356 0.003122890 -0.029305516 0.999565601 72.734642029
0.999977231 -0.005917202 -0.003208235 0.551423252 0.006008796 0.999551594 0.029334277 -2.090631008 0.003033220 -0.029352887 0.999564409 73.280563354
0.999975204 -0.006065955 -0.003567654 0.539744318 0.006169182 0.999540627 0.029672289 -2.092742443 0.003386025 -0.029693564 0.999553204 73.809280396
0.999971569 -0.006497708 -0.003845992 0.574267864 0.006607387 0.999550879 0.029227436 -2.088600636 0.003654353 -0.029252015 0.999565303 74.365852356
0.999977529 -0.005987916 -0.003006982 0.554234922 0.006074925 0.999537051 0.029812410 -2.107937336 0.002827078 -0.029830005 0.999550998 74.857971191
0.999975145 -0.006379359 -0.003006353 0.558868349 0.006466378 0.999532461 0.029883519 -2.114211798 0.002814311 -0.029902214 0.999548852 75.394844055
0.999969065 -0.007093558 -0.003388252 0.562037766 0.007191886 0.999525547 0.029948028 -2.098050594 0.003174206 -0.029971473 0.999545634 75.938240051
0.999972880 -0.006554126 -0.003343292 0.571452856 0.006650014 0.999541879 0.029525042 -2.095795155 0.003148248 -0.029546477 0.999558389 76.491493225
0.999969304 -0.006956320 -0.003605117 0.594399095 0.007062055 0.999518931 0.030197030 -2.086284637 0.003393322 -0.030221563 0.999537408 76.989395142
0.999972463 -0.006704054 -0.003191167 0.570637167 0.006797187 0.999522924 0.030128118 -2.099415541 0.002987664 -0.030148974 0.999540865 77.512557983
0.999972224 -0.006982722 -0.002629564 0.580561280 0.007058807 0.999521017 0.030131141 -2.092308283 0.002417907 -0.030148864 0.999542475 78.084625244
0.999974728 -0.006779846 -0.002116329 0.584445417 0.006839638 0.999536812 0.029654276 -2.087425947 0.001914298 -0.029668001 0.999557912 78.663742065
0.999985933 -0.005231672 0.000884255 0.564603508 0.005201750 0.999505818 0.030999077 -2.100866079 -0.001045996 -0.030994041 0.999518991 79.133262634
0.999983728 -0.005352614 0.001971683 0.569607139 0.005289196 0.999509215 0.030876089 -2.097545147 -0.002135984 -0.030865159 0.999521255 79.691070557
0.999980092 -0.005505756 0.003090447 0.563511133 0.005404554 0.999477983 0.031851746 -2.096881151 -0.003264202 -0.031834409 0.999487817 80.212135315
0.999974012 -0.004373049 0.005729614 0.603753746 0.004189751 0.999491155 0.031622041 -2.113674879 -0.005864983 -0.031597212 0.999483526 80.819786072
0.999949574 -0.005863415 0.008155077 0.667887986 0.005602088 0.999481440 0.031706467 -2.117275000 -0.008336756 -0.031659178 0.999463975 81.261833191
0.999918103 -0.005544501 0.011533530 0.696076214 0.005183903 0.999503911 0.031063551 -2.109205484 -0.011700042 -0.031001216 0.999450922 81.831031799
0.999867439 -0.006436728 0.014955113 0.736952245 0.005966708 0.999493420 0.031263597 -2.107264757 -0.015148770 -0.031170217 0.999399185 82.359954834
0.999762356 -0.005486382 0.021096956 0.752273202 0.004813580 0.999482274 0.031810541 -2.119074583 -0.021260560 -0.031701431 0.999271214 82.903610229
0.999609888 -0.005661926 0.027349764 0.764503479 0.004817173 0.999512255 0.030854760 -2.086962223 -0.027511122 -0.030710975 0.999149561 83.491302490
0.999431968 -0.005967841 0.033167657 0.757601500 0.004899895 0.999469817 0.032186922 -2.138314247 -0.033342160 -0.032006118 0.998931408 84.018775940
0.999143422 -0.005933659 0.040953569 0.810908556 0.004643793 0.999492407 0.031519394 -2.124205589 -0.041119799 -0.031302214 0.998663902 84.573509216
0.998721540 -0.005337335 0.050266702 0.841758490 0.003742744 0.999488533 0.031763479 -2.127923489 -0.050410517 -0.031534739 0.998230696 85.143463135
0.998358130 -0.006922935 0.056860715 0.867873430 0.005166556 0.999506772 0.030978287 -2.089558601 -0.057047129 -0.030633651 0.997901440 85.757728577
0.997813463 -0.006138322 0.065806881 0.938390732 0.004032022 0.999476731 0.032092452 -2.122334003 -0.065969437 -0.031756945 0.997316241 86.272163391
0.997161388 -0.007345568 0.074934453 1.019235134 0.004932266 0.999464810 0.032339867 -2.123525381 -0.075131901 -0.031878471 0.996663988 86.821769714
0.996399343 -0.006598839 0.084526591 1.079891682 0.003845847 0.999458134 0.032691061 -2.148884296 -0.084696516 -0.032248281 0.995884776 87.344329834
0.995659709 -0.006447836 0.092844017 1.149950504 0.003402700 0.999452293 0.032919429 -2.152898788 -0.093005419 -0.032460634 0.995136321 87.893211365
0.994670153 -0.006699503 0.102890395 1.217947960 0.003350820 0.999460101 0.032684535 -2.124197721 -0.103053838 -0.032165565 0.994155526 88.478149414
0.993530989 -0.007243157 0.113330156 1.343773842 0.003542872 0.999455035 0.032817893 -2.149209261 -0.113506123 -0.032204080 0.993015170 88.941635132
0.992568374 -0.007850692 0.121434577 1.446434021 0.003854214 0.999444246 0.033110492 -2.171933889 -0.121627018 -0.032396391 0.992047071 89.359931946
0.991089582 -0.008650520 0.132916093 1.492754936 0.004396153 0.999469519 0.032268103 -2.115457058 -0.133124739 -0.031396259 0.990601897 90.146614075
0.989345014 -0.008354635 0.145349607 1.538929939 0.003660977 0.999464035 0.032529760 -2.116714239 -0.145543471 -0.031651039 0.988845468 90.655426025
0.987641692 -0.008700123 0.156486854 1.646676064 0.003709627 0.999476016 0.032154672 -2.113534212 -0.156684607 -0.031176783 0.987156570 91.203002930
0.986093044 -0.008671818 0.165968224 1.760704041 0.003332871 0.999468803 0.032420013 -2.109086990 -0.166161194 -0.031415995 0.985598087 91.744773865
0.983911276 -0.009534979 0.178402454 1.887814522 0.003797558 0.999465346 0.032473896 -2.103066921 -0.178616688 -0.031273939 0.983421624 92.305717468
0.981597304 -0.008569589 0.190769941 2.011092186 0.002301662 0.999450862 0.033053309 -2.105881929 -0.190948457 -0.032005955 0.981078148 92.871948242
0.979469180 -0.009718589 0.201359466 2.151971817 0.003177235 0.999457419 0.032783713 -2.084766626 -0.201568827 -0.031470872 0.978968620 93.432479858
0.976584554 -0.008864309 0.214951098 2.293104172 0.001634032 0.999427557 0.033791229 -2.086858034 -0.215127617 -0.032648761 0.976039946 94.018318176
0.973476052 -0.009259661 0.228601322 2.441909790 0.001716912 0.999448180 0.033172056 -2.077459335 -0.228782341 -0.031899717 0.972954690 94.565315247
0.971007347 -0.010844424 0.238803461 2.630113602 0.002763291 0.999412954 0.034148935 -2.114123821 -0.239033610 -0.032498982 0.970467210 94.968849182
0.967799366 -0.009449515 0.251545012 2.824977875 0.001019448 0.999434114 0.033622388 -2.082475424 -0.251720399 -0.032283295 0.967261374 95.653129578
0.963392198 -0.008616778 0.267957479 2.843214035 -0.000328912 0.999444604 0.033321954 -2.045200348 -0.268095762 -0.032190237 0.962854326 96.267150879
0.959894598 -0.008781363 0.280223727 3.025186539 -0.000559677 0.999447286 0.033236802 -2.046960592 -0.280360788 -0.032060660 0.959359169 96.778549194
0.956575453 -0.010086404 0.291310400 3.215990067 0.000437646 0.999449670 0.033168104 -2.046279907 -0.291484594 -0.031600300 0.956053376 97.305984497
0.951969564 -0.009035490 0.306059390 3.397356033 -0.001580444 0.999406219 0.034420300 -2.062763691 -0.306188673 -0.033250786 0.951389909 97.874732971
0.947432876 -0.008129785 0.319851309 3.615610123 -0.003001307 0.999407351 0.034292523 -2.050776005 -0.319940537 -0.033449832 0.946846962 98.449829102
0.943617642 -0.008892549 0.330918163 3.831483841 -0.002559639 0.999413252 0.034155432 -2.043514729 -0.331027776 -0.033076692 0.943041205 98.967880249
0.938762605 -0.008107211 0.344469190 4.023206711 -0.003813299 0.999417484 0.033913832 -2.044532299 -0.344543517 -0.033150602 0.938184857 99.481170654
0.933833003 -0.008907983 0.357598305 4.246782303 -0.003831886 0.999383450 0.034901820 -2.062121153 -0.357688725 -0.033962745 0.933223128 99.963607788
0.929138601 -0.010189279 0.369591236 4.467164993 -0.003125995 0.999368012 0.035410263 -2.069592714 -0.369718432 -0.034056380 0.928519487 100.522483826
0.924335897 -0.009023335 0.381473005 4.715373993 -0.004585794 0.999385536 0.034751095 -2.051589727 -0.381552190 -0.033871043 0.923726499 101.029457092
0.918219924 -0.008723493 0.395974815 4.996253967 -0.005186280 0.999406874 0.034043740 -2.017973185 -0.396036953 -0.033313274 0.917630076 101.679489136
0.912375808 -0.008306936 0.409269333 5.241657257 -0.006111390 0.999406219 0.033908933 -2.018069983 -0.409308046 -0.033438895 0.911783278 102.174354553
0.907757699 -0.009774652 0.419381171 5.494358063 -0.005104891 0.999397099 0.034342896 -2.017061472 -0.419463992 -0.033315916 0.907160401 102.653564453
0.902261019 -0.010531404 0.431061745 5.761100769 -0.004463209 0.999419987 0.033759143 -2.006771803 -0.431167364 -0.032383472 0.901690722 103.153038025
0.896008551 -0.012575257 0.443858683 6.026336670 -0.002521017 0.999438763 0.033404898 -2.015045404 -0.444029629 -0.031050043 0.895474017 103.626159668
0.889665604 -0.012123458 0.456451803 6.292297363 -0.003127530 0.999462247 0.032641768 -1.990457773 -0.456602097 -0.030467821 0.889149189 104.147315979
0.883131921 -0.011239416 0.468990088 6.602169037 -0.004764771 0.999446511 0.032924183 -1.958471060 -0.469100535 -0.031311028 0.882589519 104.841903687
0.875570416 -0.011372829 0.482956618 6.890464783 -0.005129234 0.999447703 0.032834318 -1.958497047 -0.483063251 -0.031225963 0.875028431 105.328742981
0.868555486 -0.011546030 0.495457470 7.191146851 -0.005286152 0.999455869 0.032557920 -1.961145401 -0.495563686 -0.030897424 0.868021786 105.787643433
