1.000000000 0.000000000 0.000000000 0.000000000 0.000000000 1.000000000 0.000000000 0.000000000 0.000000000 0.000000000 1.000000000 0.000000000
1.000000000 0.000011639 -0.000119830 0.001118027 -0.000011650 1.000000000 -0.000095366 0.000187263 0.000119828 0.000095367 1.000000000 -0.002155046
1.000000000 0.000120318 -0.000013552 0.000286016 -0.000120317 1.000000000 0.000029530 -0.000333983 0.000013555 -0.000029528 1.000000000 -0.001035620
1.000000000 -0.000000922 -0.000031749 0.000586647 0.000000926 1.000000000 0.000121725 -0.001021444 0.000031749 -0.000121725 1.000000000 -0.002141534
1.000000000 -0.000124581 -0.000046625 0.000602902 0.000124577 1.000000000 -0.000084215 0.000449296 0.000046636 0.000084209 1.000000000 -0.000237750
1.000000000 -0.000179623 0.000091716 0.000220437 0.000179620 1.000000000 0.000032206 -0.000220393 -0.000091721 -0.000032190 1.000000000 0.000236708
1.000000000 0.000036966 0.000055763 0.000669619 -0.000036963 1.000000000 -0.000049191 0.000493314 -0.000055764 0.000049189 1.000000000 -0.000108731
1.000000000 -0.000225570 0.000072747 0.000776041 0.000225562 0.999999940 0.000099537 -0.000813617 -0.000072770 -0.000099520 1.000000000 -0.001629338
1.000000000 -0.000163960 -0.000020572 0.001413155 0.000163961 1.000000000 0.000009823 0.000697832 0.000020571 -0.000009826 1.000000000 0.001250185
1.000000000 -0.000097941 -0.000196638 0.002155804 0.000097955 1.000000000 0.000071148 -0.000789300 0.000196631 -0.000071168 1.000000000 -0.001878764
1.000000000 0.000069763 0.000065511 -0.000867139 -0.000069759 1.000000000 -0.000066048 0.001273564 -0.000065515 0.000066044 1.000000000 0.001373525
1.000000000 0.000061255 0.000053044 -0.000619458 -0.000061261 1.000000000 0.000127442 -0.000482839 -0.000053036 -0.000127445 1.000000000 0.000164009
1.000000000 -0.000033210 0.000167384 -0.001257818 0.000033189 1.000000000 0.000123065 0.000135376 -0.000167388 -0.000123060 1.000000000 0.001674229
1.000000000 0.000053150 0.000071923 -0.000303581 -0.000053163 1.000000000 0.000179236 -0.001076976 -0.000071914 -0.000179240 1.000000000 -0.001635620
1.000000000 -0.000131473 0.000064134 0.000232046 0.000131462 1.000000000 0.000168037 -0.001527267 -0.000064156 -0.000168028 1.000000000 -0.001610704
0.999999940 0.000175706 0.000296084 -0.001049817 -0.000175739 1.000000000 0.000110574 0.000024475 -0.000296065 -0.000110626 0.999999940 0.001052756
1.000000000 0.000068557 0.000072880 -0.000251699 -0.000068574 1.000000000 0.000227556 -0.000749830 -0.000072864 -0.000227561 1.000000000 0.000027344
1.000000000 0.000156327 0.000000568 -0.000078989 -0.000156328 1.000000000 0.000185529 -0.000970341 -0.000000539 -0.000185530 1.000000000 -0.001569767
1.000000000 -0.000003332 0.000140104 -0.000785163 0.000003324 1.000000000 0.000054541 0.000229735 -0.000140104 -0.000054540 1.000000000 0.000497723
0.999999940 0.000209559 0.000130700 -0.000849230 -0.000209557 1.000000000 -0.000015982 0.000763139 -0.000130703 0.000015955 1.000000000 0.000391927
1.000000000 -0.000094243 -0.000105486 0.000865998 0.000094249 1.000000000 0.000055139 0.000080374 0.000105481 -0.000055149 1.000000000 -0.000265892
1.000000000 0.000016084 0.000030161 0.000227009 -0.000016089 1.000000000 0.000139468 -0.000859657 -0.000030159 -0.000139468 1.000000000 -0.000399596
0.999999940 0.000153338 0.000237173 -0.001467352 -0.000153376 1.000000000 0.000159152 0.000412350 -0.000237148 -0.000159189 0.999999940 0.000219176
1.000000000 0.000199041 0.000014040 0.000429468 -0.000199043 0.999999940 0.000149687 -0.000480528 -0.000014010 -0.000149690 1.000000000 -0.001041175
1.000000000 0.000221849 0.000060920 0.000297263 -0.000221858 0.999999940 0.000142306 -0.000658737 -0.000060888 -0.000142320 1.000000000 -0.002405103
0.999999940 0.000245560 0.000023464 -0.000198091 -0.000245559 0.999999940 -0.000053181 0.000971906 -0.000023477 0.000053175 1.000000000 0.000693015
0.999999881 0.000479577 0.000182074 -0.001713071 -0.000479576 0.999999881 -0.000001391 0.000824049 -0.000182075 0.000001304 1.000000000 0.001682792
1.000000000 0.000157043 0.000000815 -0.000978688 -0.000157043 1.000000000 0.000120586 0.001118250 -0.000000796 -0.000120586 1.000000000 0.002641712
1.000000000 0.000151919 -0.000075308 0.000936167 -0.000151918 1.000000000 0.000023439 0.000864759 0.000075312 -0.000023427 1.000000000 0.000342582
1.000000000 0.000195940 0.000014417 0.000183599 -0.000195943 0.999999940 0.000158346 -0.000653929 -0.000014386 -0.000158349 1.000000000 -0.002008344
1.000000000 0.000010740 -0.000042369 0.000707314 -0.000010738 1.000000000 0.000046295 0.000379443 0.000042369 -0.000046294 1.000000000 0.000375318
1.000000000 0.000044521 0.000012444 0.001625666 -0.000044522 1.000000000 0.000096035 -0.000501072 -0.000012440 -0.000096035 1.000000000 -0.001750576
1.000000000 0.000062701 -0.000079329 0.001012662 -0.000062687 1.000000000 0.000173495 -0.000583668 0.000079340 -0.000173490 1.000000000 -0.000089270
1.000000000 0.000098255 -0.000002387 0.000619441 -0.000098254 1.000000000 0.000141930 -0.000294118 0.000002401 -0.000141929 1.000000000 -0.000479386
0.999999940 0.000266989 0.000044092 0.000411753 -0.000266993 0.999999940 0.000087874 0.000742948 -0.000044069 -0.000087886 1.000000000 -0.001054049
1.000000000 -0.000000325 0.000086152 -0.001093624 0.000000330 1.000000000 -0.000053745 0.002399503 -0.000086152 0.000053745 1.000000000 0.003375725
1.000000000 -0.000104808 0.000026457 0.000730719 0.000104803 1.000000000 0.000174710 -0.000530080 -0.000026475 -0.000174708 1.000000000 -0.001545465
1.000000000 -0.000031451 -0.000034691 0.000687850 0.000031450 1.000000000 -0.000029135 0.001191569 0.000034692 0.000029134 1.000000000 0.000470033
1.000000000 0.000025060 0.000190924 -0.000472637 -0.000025093 1.000000000 0.000173350 -0.000308590 -0.000190920 -0.000173354 0.999999940 0.001947569
0.999999881 -0.000417301 0.000106770 0.002017904 0.000417368 0.999999702 -0.000627557 -0.002136695 -0.000106509 0.000627601 0.999999821 0.051536269
0.999999940 0.000307474 0.000223342 0.000982480 -0.000307238 0.999999404 -0.001056562 -0.007598117 -0.000223667 0.001056494 0.999999404 0.133917063
0.999999940 0.000371039 -0.000128489 0.005584808 -0.000371225 0.999998868 -0.001447487 -0.007744236 0.000127952 0.001447535 0.999998927 0.251613677
0.999999762 0.000696564 0.000099237 0.004961530 -0.000696455 0.999999166 -0.001093905 -0.013476127 -0.000099999 0.001093836 0.999999404 0.382511765
0.999999940 0.000336044 -0.000179607 0.010349203 -0.000336251 0.999999285 -0.001157814 -0.015994309 0.000179218 0.001157875 0.999999285 0.521738291
0.999999881 0.000434632 0.000013145 0.015424118 -0.000434620 0.999999464 -0.000950749 -0.024615461 -0.000013558 0.000950743 0.999999523 0.674866676
0.999999404 0.000863578 0.000634741 0.016275655 -0.000862965 0.999999166 -0.000965658 -0.025820445 -0.000635575 0.000965110 0.999999344 0.835657477
0.999999762 0.000514490 0.000412985 0.017057287 -0.000514024 0.999999225 -0.001126098 -0.025824355 -0.000413564 0.001125885 0.999999285 1.013757706
0.999999702 0.000643933 0.000385180 0.022364479 -0.000643889 0.999999762 -0.000113711 -0.040367808 -0.000385253 0.000113463 0.999999940 1.179147720
0.999999642 0.000734122 0.000445452 0.022860680 -0.000733951 0.999999642 -0.000384216 -0.041431230 -0.000445734 0.000383889 0.999999821 1.363505125
0.999999940 0.000285362 -0.000003874 0.038329810 -0.000285362 0.999999940 -0.000174129 -0.058709305 0.000003824 0.000174131 1.000000000 1.548151731
0.999998510 0.001618295 0.000590252 0.029917907 -0.001618573 0.999998569 0.000469457 -0.071696647 -0.000589491 -0.000470411 0.999999702 1.728757381
0.999998808 0.001504105 0.000410572 0.036582161 -0.001504423 0.999998569 0.000775716 -0.077499561 -0.000409404 -0.000776333 0.999999583 1.928318501
0.999998629 0.001546645 0.000594314 0.039349593 -0.001546750 0.999998748 0.000176867 -0.078980424 -0.000594040 -0.000177786 0.999999762 2.139944553
0.999997795 0.002056320 0.000454568 0.042049259 -0.002056724 0.999997497 0.000888262 -0.090126708 -0.000452741 -0.000889195 0.999999523 2.361841202
0.999997795 0.002118335 0.000142444 0.052014232 -0.002118479 0.999997258 0.001017020 -0.096720956 -0.000140289 -0.001017319 0.999999523 2.587205172
0.999997854 0.002094587 0.000137879 0.058281522 -0.002094752 0.999997079 0.001206611 -0.105921298 -0.000135351 -0.001206897 0.999999344 2.809563398
0.999998331 0.001851185 0.000185838 0.066024683 -0.001851433 0.999997377 0.001344214 -0.114028670 -0.000183349 -0.001344556 0.999999106 3.052198410
0.999998689 0.001616600 -0.000111877 0.070456468 -0.001616465 0.999997973 0.001196527 -0.119354919 0.000113811 -0.001196344 0.999999225 3.285069704
0.999998987 0.001395304 -0.000264863 0.078048006 -0.001394950 0.999998093 0.001333657 -0.128962174 0.000266723 -0.001333286 0.999999046 3.528662682
0.999998271 0.001834255 -0.000058962 0.077755988 -0.001834184 0.999997556 0.001177182 -0.131025046 0.000061122 -0.001177072 0.999999225 3.791470051
0.999998093 0.001979066 0.000168483 0.079091936 -0.001979232 0.999997497 0.000988229 -0.134999290 -0.000166526 -0.000988561 0.999999523 4.057049751
0.999998391 0.001772151 0.000186940 0.083305344 -0.001772405 0.999997616 0.001370721 -0.146123350 -0.000184511 -0.001371050 0.999999046 4.279541969
0.999998450 0.001755918 -0.000017738 0.091791071 -0.001755900 0.999998033 0.000990033 -0.149763748 0.000019476 -0.000990000 0.999999523 4.537415981
0.999998450 0.001727585 0.000389767 0.095056675 -0.001728056 0.999997795 0.001212586 -0.157393560 -0.000387671 -0.001213258 0.999999166 4.797122002
0.999998868 0.001448288 0.000483969 0.100069255 -0.001448858 0.999998271 0.001179421 -0.162939757 -0.000482260 -0.001180121 0.999999166 5.058130741
0.999998987 0.001452778 0.000150421 0.108789310 -0.001452937 0.999998391 0.001060384 -0.171496451 -0.000148880 -0.001060602 0.999999404 5.322494030
0.999998868 0.001465660 0.000265679 0.108303376 -0.001466171 0.999997079 0.001935322 -0.189347729 -0.000262841 -0.001935710 0.999998093 5.586509228
0.999998748 0.001523237 0.000163497 0.113294378 -0.001523586 0.999996603 0.002158821 -0.200087667 -0.000160208 -0.002159068 0.999997675 5.853540421
0.999999404 0.001112296 -0.000051843 0.126445845 -0.001112171 0.999996722 0.002350279 -0.206494689 0.000054457 -0.002350220 0.999997318 6.131270885
0.999998868 0.001448397 0.000252872 0.123782165 -0.001448928 0.999996722 0.002111251 -0.211168557 -0.000249813 -0.002111615 0.999997735 6.422148228
0.999997616 0.002133028 0.000236895 0.132188767 -0.002133561 0.999995112 0.002274041 -0.232171714 -0.000232043 -0.002274541 0.999997377 6.690571785
0.999997973 0.001922340 0.000538621 0.136395782 -0.001923435 0.999996066 0.002038516 -0.237190068 -0.000534700 -0.002039548 0.999997795 6.990911007
0.999998093 0.001897369 0.000322802 0.144895837 -0.001897959 0.999996483 0.001839080 -0.240289420 -0.000319311 -0.001839689 0.999998212 7.297021866
0.999998569 0.001620819 0.000316311 0.151543215 -0.001621369 0.999997079 0.001748434 -0.251404524 -0.000313477 -0.001748944 0.999998450 7.616597652
0.999998331 0.001807485 0.000207003 0.162969694 -0.001808060 0.999994397 0.002811463 -0.269030929 -0.000201920 -0.002811833 0.999996066 7.912231922
0.999998689 0.001595980 0.000301238 0.166224256 -0.001596892 0.999994159 0.003054947 -0.285958171 -0.000296361 -0.003055425 0.999995232 8.230217934
0.999998271 0.001780283 0.000521659 0.173957899 -0.001781705 0.999994695 0.002739599 -0.296760201 -0.000516779 -0.002740524 0.999996066 8.554272652
0.999998391 0.001698511 0.000537018 0.179721028 -0.001700372 0.999992609 0.003483966 -0.309071749 -0.000531096 -0.003484874 0.999993742 8.893727303
0.999997795 0.002033943 0.000416718 0.189051911 -0.002035390 0.999991834 0.003503212 -0.322971165 -0.000409590 -0.003504053 0.999993801 9.220966339
0.999998271 0.001684192 0.000770299 0.188248232 -0.001687034 0.999991655 0.003704125 -0.329724133 -0.000764054 -0.003705418 0.999992847 9.580288887
0.999999285 0.001104462 0.000401549 0.203897521 -0.001105952 0.999992311 0.003729234 -0.339578569 -0.000397427 -0.003729675 0.999992967 9.915657997
0.999997914 0.001815413 0.000865707 0.196090862 -0.001818185 0.999993145 0.003212121 -0.342603922 -0.000859870 -0.003213688 0.999994457 10.290338516
0.999997854 0.001897356 0.000784635 0.206223771 -0.001900065 0.999992132 0.003467293 -0.355353445 -0.000778050 -0.003468777 0.999993682 10.649504662
0.999997497 0.001834770 0.001296370 0.206876129 -0.001839020 0.999992907 0.003284449 -0.362486333 -0.001290335 -0.003286825 0.999993682 11.014021873
0.999995768 0.002430639 0.001633796 0.211618736 -0.002437014 0.999989390 0.003911222 -0.377526283 -0.001624272 -0.003915187 0.999990940 11.389841080
0.999997973 0.001484841 0.001343973 0.223199517 -0.001489563 0.999992609 0.003519785 -0.383860976 -0.001338737 -0.003521780 0.999992907 11.765609741
0.999997258 0.001798645 0.001501686 0.231052339 -0.001803521 0.999993086 0.003251472 -0.394545734 -0.001495827 -0.003254171 0.999993503 12.144787788
0.999997318 0.001691127 0.001595593 0.241372958 -0.001695976 0.999993920 0.003042740 -0.404752493 -0.001590437 -0.003045438 0.999994040 12.541399002
0.999996483 0.001990055 0.001831380 0.241646335 -0.001996436 0.999991834 0.003488522 -0.412991017 -0.001824423 -0.003492166 0.999992251 12.927989006
0.999996543 0.001840424 0.001866515 0.250884771 -0.001847758 0.999990523 0.003935202 -0.429480344 -0.001859255 -0.003938637 0.999990523 13.326030731
0.999996483 0.001508770 0.002178274 0.258187890 -0.001517521 0.999990761 0.004021375 -0.438250095 -0.002172187 -0.004024666 0.999989569 13.734383583
0.999995589 0.001573695 0.002506901 0.266740412 -0.001583237 0.999991417 0.003809136 -0.443108857 -0.002500885 -0.003813088 0.999989629 14.154996872
0.999995351 0.001247222 0.002783573 0.277193964 -0.001258320 0.999991238 0.003988560 -0.455818117 -0.002778574 -0.003992044 0.999988258 14.572176933
0.999993622 0.001795329 0.003083675 0.280926824 -0.001808780 0.999988854 0.004364557 -0.473759770 -0.003075805 -0.004370107 0.999985635 14.999464989
0.999993742 0.001686641 0.003083207 0.294152588 -0.001699791 0.999989450 0.004267340 -0.483521223 -0.003075977 -0.004272555 0.999986053 15.431705475
0.999991298 0.001958597 0.003665257 0.302484959 -0.001973871 0.999989390 0.004168399 -0.495763332 -0.003657054 -0.004175597 0.999984622 15.870943069
0.999991119 0.001694465 0.003857606 0.315902591 -0.001711639 0.999988556 0.004453002 -0.507360578 -0.003850015 -0.004459565 0.999982655 16.309617996
0.999990106 0.001950832 0.004008086 0.325747371 -0.001967380 0.999989510 0.004128833 -0.517997742 -0.003999989 -0.004136678 0.999983430 16.756717682
0.999989271 0.001763810 0.004284482 0.340142637 -0.001783918 0.999987364 0.004693880 -0.534459770 -0.004276149 -0.004701472 0.999979794 17.214557648
0.999985456 0.002323169 0.004867228 0.343162388 -0.002346963 0.999985218 0.004888462 -0.547555089 -0.004855800 -0.004899815 0.999976158 17.683372498
0.999982059 0.002292712 0.005541557 0.352604061 -0.002320436 0.999984741 0.005001624 -0.559864581 -0.005530005 -0.005014393 0.999972165 18.149370193
0.999984622 0.001893691 0.005204415 0.377502024 -0.001918549 0.999986708 0.004775549 -0.566247404 -0.005195302 -0.004785461 0.999975085 18.608322144
0.999979436 0.002983040 0.005681878 0.380619377 -0.003012035 0.999982476 0.005101334 -0.592415333 -0.005666561 -0.005118343 0.999970794 19.081905365
0.999980748 0.002634736 0.005633043 0.393124193 -0.002660719 0.999985874 0.004610157 -0.594133258 -0.005620815 -0.004625055 0.999973536 19.582628250
0.999982059 0.001932063 0.005673503 0.409417570 -0.001963651 0.999982595 0.005567354 -0.614670753 -0.005662647 -0.005578395 0.999968410 20.050987244
0.999983251 0.002258128 0.005330178 0.418096423 -0.002289135 0.999980390 0.005818181 -0.633973837 -0.005316935 -0.005830284 0.999968886 20.545251846
0.999980807 0.002719482 0.005576888 0.425815880 -0.002750480 0.999980688 0.005558091 -0.640357435 -0.005561666 -0.005573323 0.999969006 21.046689987
0.999987364 0.002166219 0.004533372 0.442860961 -0.002192167 0.999981165 0.005726510 -0.655209303 -0.004520881 -0.005736375 0.999973357 21.554704666
0.999986410 0.002311208 0.004665805 0.448800206 -0.002341489 0.999976218 0.006495002 -0.676792622 -0.004650682 -0.006505840 0.999968052 22.052429199
0.999991834 0.001771794 0.003630328 0.467004538 -0.001794785 0.999978304 0.006339564 -0.683648229 -0.003619018 -0.006346028 0.999973297 22.561172485
0.999991238 0.002461730 0.003374094 0.475442678 -0.002484261 0.999974549 0.006689527 -0.699409127 -0.003357540 -0.006697852 0.999971867 23.079690933
0.999995768 0.001571257 0.002429406 0.485300601 -0.001586602 0.999978721 0.006327367 -0.710117638 -0.002419413 -0.006331195 0.999977052 23.608131409
0.999997079 0.001282369 0.002013805 0.494253784 -0.001293348 0.999984205 0.005459936 -0.718411505 -0.002006772 -0.005462526 0.999983072 24.137470245
0.999996305 0.002295455 0.001430104 0.504732370 -0.002303496 0.999981403 0.005646386 -0.729466558 -0.001417116 -0.005649660 0.999983072 24.669082642
0.999996185 0.002563556 0.001022161 0.510249078 -0.002569894 0.999977112 0.006248234 -0.746343195 -0.001006120 -0.006250837 0.999979913 25.211591721
0.999996126 0.002756520 0.000508328 0.518277287 -0.002759322 0.999980509 0.005597400 -0.750071466 -0.000492889 -0.005598781 0.999984205 25.750793457
0.999995768 0.002870315 -0.000283352 0.535204291 -0.002868671 0.999979913 0.005640888 -0.767090440 0.000299538 -0.005640050 0.999984026 26.299777985
0.999997556 0.002219607 0.000092763 0.530067444 -0.002220220 0.999971390 0.007233353 -0.796412826 -0.000076706 -0.007233541 0.999973774 26.850381851
0.999998271 0.001873073 -0.000229898 0.539568901 -0.001871231 0.999968112 0.007766172 -0.811031997 0.000244437 -0.007765728 0.999969780 27.405168533
0.999995649 0.002825198 -0.000822231 0.551791668 -0.002819543 0.999972880 0.006800910 -0.815493345 0.000841423 -0.006798562 0.999976516 27.950899124
0.999995410 0.002889242 -0.000911174 0.555294991 -0.002882646 0.999970198 0.007159015 -0.827380955 0.000931831 -0.007156356 0.999973893 28.492343903
0.999993801 0.003222791 -0.001387607 0.575142622 -0.003212446 0.999967515 0.007393623 -0.847563505 0.001411389 -0.007389121 0.999971628 29.027702332
0.999992967 0.003258017 -0.001913599 0.587116420 -0.003243422 0.999965966 0.007580820 -0.860504150 0.001938233 -0.007574560 0.999969423 29.586978912
0.999992371 0.003373021 -0.001946937 0.587668419 -0.003358443 0.999966621 0.007443161 -0.869214773 0.001971977 -0.007436565 0.999970376 30.134540558
0.999991357 0.003360976 -0.002483543 0.603831112 -0.003342209 0.999966145 0.007522826 -0.883060873 0.002508743 -0.007514460 0.999968648 30.680889130
0.999991119 0.003286152 -0.002645272 0.614770889 -0.003266445 0.999967098 0.007419925 -0.892396808 0.002669568 -0.007411219 0.999968946 31.228517532
0.999989748 0.003746609 -0.002527956 0.621990681 -0.003727218 0.999963939 0.007632624 -0.903677523 0.002556462 -0.007623124 0.999967694 31.775852203
0.999989152 0.003427369 -0.003153304 0.637164712 -0.003402374 0.999963045 0.007898415 -0.924233913 0.003180258 -0.007887601 0.999963820 32.325786591
0.999988139 0.003753854 -0.003110807 0.642348289 -0.003729425 0.999962449 0.007821823 -0.933645844 0.003140053 -0.007810129 0.999964535 32.873832703
0.999987304 0.003453447 -0.003667069 0.655393720 -0.003425270 0.999964774 0.007662667 -0.946156979 0.003693403 -0.007650009 0.999963880 33.418884277
0.999987066 0.003725060 -0.003447759 0.656783938 -0.003698412 0.999963462 0.007703537 -0.952571630 0.003476328 -0.007690687 0.999964297 33.977012634
0.999987841 0.003014100 -0.003898160 0.667363882 -0.002983216 0.999964297 0.007904615 -0.966610312 0.003921846 -0.007892890 0.999961138 34.513339996
0.999987185 0.004347876 -0.002588360 0.655845344 -0.004328187 0.999961972 0.007564351 -0.970960975 0.002621150 -0.007553052 0.999968052 35.084381104
0.999987841 0.003171289 -0.003772330 0.676623225 -0.003142365 0.999965787 0.007648567 -0.981693804 0.003796456 -0.007636620 0.999963641 35.599197388
0.999987662 0.002985022 -0.003960825 0.686283648 -0.002954341 0.999965787 0.007729569 -0.991198301 0.003983762 -0.007717772 0.999962330 36.152988434
0.999985456 0.003730670 -0.003878635 0.696574688 -0.003701589 0.999965191 0.007478302 -1.003890514 0.003906399 -0.007463837 0.999964535 36.705013275
0.999984503 0.003514004 -0.004315664 0.706395209 -0.003483483 0.999968946 0.007059500 -1.009096622 0.004340337 -0.007044357 0.999965787 37.259853363
0.999983430 0.003863982 -0.004267752 0.713842511 -0.003832341 0.999965310 0.007397623 -1.024592280 0.004296188 -0.007381145 0.999963462 37.816566467
0.999985397 0.003263774 -0.004304619 0.721766055 -0.003232409 0.999968350 0.007273319 -1.034787893 0.004328221 -0.007259298 0.999964297 38.366374969
0.999984741 0.003845141 -0.003955159 0.724615812 -0.003815055 0.999963939 0.007586282 -1.052584648 0.003984186 -0.007571077 0.999963403 38.900001526
0.999979377 0.003950584 -0.005061449 0.740751624 -0.003913575 0.999965668 0.007300901 -1.057839155 0.005090117 -0.007280942 0.999960542 39.446224213
0.999978185 0.004052804 -0.005214815 0.755307794 -0.004013604 0.999963760 0.007505590 -1.072152019 0.005245045 -0.007484497 0.999958277 39.983543396
0.999979973 0.004341423 -0.004615895 0.761109829 -0.004309146 0.999966323 0.006979957 -1.079069853 0.004646043 -0.006959927 0.999964952 40.528690338
0.999976397 0.003928827 -0.005622983 0.774420977 -0.003887167 0.999965012 0.007400616 -1.094751120 0.005651862 -0.007378585 0.999956787 41.104019165
0.999972939 0.004490708 -0.005816699 0.787072062 -0.004453565 0.999969721 0.006382926 -1.093070507 0.005845185 -0.006356849 0.999962747 41.654842377
0.999972582 0.003775558 -0.006369220 0.800849438 -0.003730137 0.999967635 0.007128120 -1.116661906 0.006395926 -0.007104167 0.999954283 42.191566467
0.999969423 0.004661585 -0.006275691 0.802547336 -0.004615391 0.999962270 0.007355234 -1.125413418 0.006309742 -0.007326044 0.999953270 42.761013031
0.999969780 0.004247998 -0.006506834 0.817652285 -0.004195526 0.999958754 0.008056507 -1.142670989 0.006540790 -0.008028965 0.999946356 43.306152344
0.999970257 0.005111490 -0.005766409 0.815263391 -0.005068120 0.999958873 0.007510883 -1.150843620 0.005804564 -0.007481435 0.999955118 43.857215881
0.999975026 0.004247434 -0.005639220 0.804484129 -0.004203236 0.999960542 0.007826343 -1.163354754 0.005672238 -0.007802445 0.999953449 44.400039673
0.999974728 0.005163941 -0.004885506 0.807412446 -0.005128347 0.999960423 0.007270499 -1.165634274 0.004922857 -0.007245261 0.999961615 44.962654114
0.999974489 0.004400943 -0.005611537 0.820785046 -0.004360101 0.999964058 0.007269789 -1.174875617 0.005643329 -0.007245137 0.999957800 45.504127502
0.999974132 0.004370909 -0.005707188 0.828416944 -0.004329275 0.999964058 0.007287041 -1.186130881 0.005738834 -0.007262145 0.999957144 46.062496185
0.999978065 0.003401630 -0.005687741 0.832655311 -0.003360718 0.999968529 0.007187093 -1.194691181 0.005712010 -0.007167820 0.999957979 46.587802887
0.999969244 0.003707938 -0.006915952 0.849861622 -0.003649772 0.999958038 0.008404211 -1.218626499 0.006946824 -0.008378711 0.999940813 47.142726898
0.999979138 0.003463169 -0.005448445 0.839407086 -0.003425617 0.999970436 0.006886497 -1.208388805 0.005472133 -0.006867689 0.999961436 47.684158325
0.999981165 0.003569958 -0.005003801 0.842659950 -0.003535903 0.999970675 0.006798195 -1.221321702 0.005027923 -0.006780374 0.999964416 48.235855103
0.999981880 0.003367247 -0.004993853 0.857599974 -0.003333929 0.999972224 0.006665400 -1.226119876 0.005016158 -0.006648630 0.999965310 48.779178619
0.999981165 0.003503839 -0.005035369 0.855685353 -0.003470833 0.999972522 0.006548757 -1.236630559 0.005058177 -0.006531156 0.999965906 49.327846527
0.999981046 0.003749170 -0.004895670 0.870106578 -0.003718026 0.999972880 0.006355519 -1.247821331 0.004919366 -0.006337197 0.999967873 49.876319885
0.999984026 0.003953679 -0.004040127 0.865574896 -0.003926527 0.999969780 0.006706875 -1.261738896 0.004066522 -0.006690904 0.999969423 50.424690247
0.999980807 0.003609424 -0.005032658 0.876504481 -0.003577101 0.999972999 0.006416931 -1.272584677 0.005055683 -0.006398805 0.999966741 50.976394653
0.999982595 0.003673964 -0.004606095 0.883670151 -0.003645358 0.999974132 0.006203865 -1.283975124 0.004628768 -0.006186966 0.999970138 51.533145905
0.999980748 0.003347693 -0.005224878 0.894609928 -0.003313607 0.999973238 0.006518702 -1.297392845 0.005246561 -0.006501263 0.999965131 52.076789856
0.999982595 0.003487206 -0.004755110 0.900932133 -0.003456650 0.999973416 0.006419181 -1.312334895 0.004777369 -0.006402632 0.999968112 52.626800537
0.999984562 0.003182512 -0.004559923 0.902477801 -0.003153030 0.999974132 0.006458177 -1.320570230 0.004580359 -0.006443699 0.999968767 53.184364319
0.999983311 0.003382951 -0.004685936 0.911186934 -0.003352581 0.999973357 0.006474047 -1.335011244 0.004707714 -0.006458229 0.999968052 53.733371735
0.999983788 0.003296814 -0.004647980 0.919742227 -0.003265379 0.999971867 0.006754622 -1.349272966 0.004670118 -0.006739335 0.999966443 54.272621155
0.999983966 0.003578967 -0.004393209 0.921117961 -0.003551174 0.999973714 0.006317972 -1.358248353 0.004415706 -0.006302270 0.999970317 54.829662323
0.999983370 0.003410710 -0.004651198 0.929450393 -0.003381645 0.999974787 0.006242489 -1.372090340 0.004672373 -0.006226656 0.999969661 55.372787476
0.999987006 0.003438517 -0.003771618 0.931263208 -0.003414832 0.999974430 0.006268113 -1.380485535 0.003793075 -0.006255152 0.999973297 55.917278290
0.999983370 0.003347980 -0.004695915 0.943418503 -0.003319874 0.999976635 0.005980125 -1.391035557 0.004715826 -0.005964436 0.999971092 56.493541718
0.999987602 0.002886556 -0.004061332 0.961221814 -0.002860554 0.999975502 0.006393564 -1.411550760 0.004079688 -0.006381867 0.999971330 57.019920349
0.999981880 0.003751189 -0.004700452 0.973226845 -0.003722524 0.999974489 0.006092258 -1.417719722 0.004723184 -0.006074650 0.999970376 57.576042175
0.999982774 0.004068586 -0.004224410 0.974771142 -0.004041672 0.999971509 0.006360116 -1.432237864 0.004250166 -0.006342932 0.999970853 58.129905701
0.999985516 0.003583215 -0.004004812 0.982236922 -0.003560108 0.999976993 0.005762171 -1.439755082 0.004025367 -0.005747830 0.999975383 58.671302795
0.999983013 0.003996245 -0.004237744 0.986533821 -0.003973514 0.999977767 0.005359062 -1.442565560 0.004259067 -0.005342133 0.999976575 59.218658447
0.999986053 0.003417104 -0.004025584 0.997030020 -0.003396664 0.999981403 0.005073091 -1.454237938 0.004042844 -0.005059347 0.999979019 59.762351990
0.999983609 0.004295226 -0.003793166 0.996860027 -0.004275541 0.999977410 0.005182354 -1.461513519 0.003815340 -0.005166052 0.999979317 60.321388245
0.999982893 0.004095668 -0.004163551 1.011484146 -0.004073046 0.999976933 0.005427601 -1.474473715 0.004185684 -0.005410550 0.999976575 60.865360260
0.999982178 0.004431587 -0.003988381 1.012211204 -0.004411800 0.999978006 0.004956114 -1.484835505 0.004010256 -0.004938430 0.999979794 61.399177551
0.999981582 0.004819976 -0.003691559 1.022856116 -0.004800587 0.999974787 0.005243529 -1.499414206 0.003716740 -0.005225710 0.999979436 61.941944122
0.999981463 0.004335531 -0.004281371 1.028004646 -0.004314910 0.999979079 0.004814172 -1.504692793 0.004302154 -0.004795610 0.999979198 62.481796265
0.999982774 0.004475911 -0.003811818 1.032488704 -0.004456006 0.999976397 0.005214487 -1.521855235 0.003835068 -0.005197412 0.999979138 63.032562256
0.999983549 0.004882762 -0.003012228 1.023934722 -0.004867429 0.999975204 0.005076823 -1.529519796 0.003036943 -0.005062078 0.999982595 63.581508636
0.999981165 0.004838600 -0.003783137 1.040849090 -0.004820223 0.999976635 0.004851404 -1.547548532 0.003806522 -0.004833077 0.999981105 64.111763000
0.999982178 0.005062433 -0.003168455 1.042839289 -0.005046714 0.999975026 0.004949695 -1.559979439 0.003193433 -0.004933616 0.999982774 64.659805298
0.999982417 0.004928168 -0.003326301 1.056330919 -0.004912410 0.999976814 0.004729070 -1.567470670 0.003349529 -0.004712646 0.999983311 65.200523376
0.999983132 0.004857335 -0.003164707 1.063034773 -0.004842210 0.999976814 0.004769449 -1.582693338 0.003187800 -0.004754044 0.999983609 65.742256165
0.999986410 0.004402163 -0.002789109 1.076273441 -0.004389184 0.999979556 0.004642635 -1.589975357 0.002809490 -0.004630330 0.999985337 66.302543640
0.999984860 0.005034483 -0.002198413 1.076520324 -0.005025002 0.999978006 0.004297112 -1.598311543 0.002219998 -0.004286000 0.999988377 66.857978821
0.999981582 0.005300180 -0.002949350 1.082209110 -0.005285368 0.999973476 0.005006759 -1.619169593 0.002975809 -0.004991079 0.999983132 67.382812500
0.999980152 0.005504991 -0.003067316 1.084149241 -0.005491062 0.999974608 0.004531721 -1.623535156 0.003092186 -0.004514788 0.999985039 67.935867310
0.999981403 0.005562823 -0.002483635 1.091647744 -0.005551297 0.999973893 0.004623384 -1.643990993 0.002509290 -0.004609511 0.999986291 68.469017029
0.999979019 0.005962240 -0.002531638 1.105323315 -0.005950639 0.999971867 0.004565430 -1.653189898 0.002558788 -0.004550270 0.999986351 69.008621216
0.999981701 0.005622262 -0.002256898 1.114578247 -0.005612215 0.999974430 0.004433685 -1.655885696 0.002281768 -0.004420937 0.999987602 69.557952881
0.999982715 0.005497150 -0.002075239 1.126255631 -0.005487690 0.999974608 0.004536531 -1.668839335 0.002100124 -0.004525064 0.999987543 70.093299866
0.999983251 0.005329387 -0.002262955 1.121874452 -0.005318727 0.999974847 0.004690544 -1.685674906 0.002287896 -0.004678429 0.999986410 70.630584717
0.999981105 0.005688338 -0.002353082 1.139267802 -0.005678474 0.999975085 0.004178238 -1.696319818 0.002376791 -0.004164796 0.999988437 71.177635193
0.999982357 0.005490078 -0.002247891 1.135880232 -0.005482051 0.999978662 0.003560944 -1.700640559 0.002267392 -0.003548559 0.999991059 71.699264526
0.999981105 0.005731569 -0.002187808 1.144051790 -0.005719863 0.999969423 0.005319529 -1.734729409 0.002218230 -0.005306914 0.999983370 72.249237061
0.999977648 0.006283243 -0.002260081 1.151087880 -0.006271963 0.999967992 0.004964535 -1.747953892 0.002291202 -0.004950249 0.999985039 72.795036316
0.999980807 0.005901879 -0.001853879 1.157530069 -0.005892054 0.999968827 0.005260685 -1.759989738 0.001884870 -0.005249661 0.999984443 73.333442688
0.999979734 0.006113836 -0.001746090 1.165414095 -0.006104254 0.999966562 0.005441620 -1.772768974 0.001779301 -0.005430851 0.999983609 73.880668640
0.999983490 0.005307362 -0.002185414 1.179902196 -0.005295759 0.999972045 0.005280842 -1.784245014 0.002213380 -0.005269182 0.999983668 74.413551331
0.999982893 0.005516544 -0.001946072 1.189727545 -0.005505799 0.999969780 0.005483827 -1.795885801 0.001976266 -0.005473019 0.999983072 74.947753906
0.999985754 0.005159604 -0.001381358 1.196198702 -0.005151750 0.999970794 0.005630646 -1.810717702 0.001410370 -0.005623450 0.999983251 75.490036011
0.999984324 0.005237359 -0.001936381 1.207570076 -0.005226940 0.999971986 0.005347076 -1.821162462 0.001964331 -0.005336871 0.999983847 76.032928467
0.999981761 0.005739404 -0.001881466 1.215389967 -0.005729994 0.999971211 0.004969795 -1.829792619 0.001909935 -0.004958923 0.999985933 76.577285767
0.999984860 0.005354612 -0.001253006 1.225431561 -0.005348376 0.999973536 0.004928225 -1.841499567 0.001279362 -0.004921449 0.999987066 77.139587402
0.999986529 0.004870990 -0.001758235 1.242908001 -0.004861970 0.999975085 0.005098081 -1.854581356 0.001783024 -0.005089463 0.999985456 77.680053711
0.999984324 0.005231392 -0.001959761 1.241660237 -0.005221675 0.999974191 0.004930437 -1.864859104 0.001985504 -0.004920127 0.999985874 78.203178406
0.999984443 0.005399117 -0.001394631 1.253199816 -0.005393114 0.999976277 0.004272681 -1.876768589 0.001417667 -0.004265092 0.999989927 78.744613647
0.999983668 0.005448335 -0.001695650 1.268355370 -0.005440275 0.999974072 0.004722071 -1.888722301 0.001721334 -0.004712770 0.999987364 79.300880432
0.999983668 0.005513986 -0.001480648 1.275996447 -0.005506891 0.999973536 0.004753457 -1.902006507 0.001506819 -0.004745226 0.999987602 79.844848633
0.999980927 0.005795008 -0.002118506 1.293004990 -0.005785403 0.999973059 0.004512045 -1.914299965 0.002144597 -0.004499702 0.999987602 80.376289368
0.999979615 0.006354848 -0.000754743 1.297797918 -0.006351119 0.999968112 0.004844456 -1.926320076 0.000785506 -0.004839563 0.999987960 80.934097290
0.999980211 0.006288523 0.000096989 1.314167500 -0.006288926 0.999967992 0.004953992 -1.942846298 -0.000065833 -0.004954504 0.999987781 81.469505310
0.999980152 0.006083554 0.001583989 1.317616224 -0.006091246 0.999969482 0.004897485 -1.956906319 -0.001554146 -0.004907037 0.999986708 82.007102966
0.999973476 0.006587504 0.003101357 1.327316284 -0.006601940 0.999967337 0.004667803 -1.968403101 -0.003070507 -0.004688154 0.999984324 82.546295166
0.999964774 0.005570516 0.006273226 1.350921392 -0.005598142 0.999974668 0.004394991 -1.977831364 -0.006248585 -0.004429955 0.999970675 83.100784302
0.999929190 0.006260575 0.010122959 1.365014672 -0.006309498 0.999968529 0.004808214 -1.994515061 -0.010092540 -0.004871745 0.999937177 83.619956970
0.999889493 0.006450593 0.013392397 1.381147861 -0.006515179 0.999967337 0.004784575 -2.010118484 -0.013361096 -0.004871300 0.999898851 84.159523010
0.999817669 0.006555378 0.017942945 1.407294512 -0.006642144 0.999966502 0.004780281 -2.020022869 -0.017911009 -0.004898589 0.999827564 84.714179993
0.999692619 0.006267246 0.023987645 1.434014201 -0.006376861 0.999969542 0.004495779 -2.029062986 -0.023958739 -0.004647363 0.999702096 85.258926392
0.999548316 0.006544082 0.029330280 1.466467738 -0.006685821 0.999966562 0.004737049 -2.049006224 -0.029298302 -0.004931007 0.999558508 85.806686401
0.999387980 0.005916912 0.034476962 1.506740689 -0.006094571 0.999968708 0.005050168 -2.065591097 -0.034446009 -0.005257200 0.999392688 86.343566895
0.999041378 0.006454960 0.043296825 1.533734798 -0.006664302 0.999966800 0.004692438 -2.073961020 -0.043265104 -0.004976483 0.999051154 86.901771545
0.998642147 0.006475841 0.051689360 1.579946280 -0.006738835 0.999965310 0.004915338 -2.090254545 -0.051655725 -0.005256991 0.998651087 87.463531494
0.998238027 0.006062863 0.059026279 1.622498751 -0.006338601 0.999969900 0.004485331 -2.100200653 -0.058997303 -0.004851572 0.998246312 88.006599426
0.997705936 0.006095453 0.067422174 1.680389881 -0.006418842 0.999968886 0.004580872 -2.113101959 -0.067392148 -0.005003136 0.997713983 88.557945251
0.996951044 0.006093202 0.077792138 1.744873524 -0.006495881 0.999966741 0.004924350 -2.128907681 -0.077759556 -0.005414664 0.996957421 89.087013245
0.996202648 0.006130720 0.086848915 1.807152748 -0.006560070 0.999967635 0.004659087 -2.141750097 -0.086817533 -0.005211130 0.996210575 89.641319275
0.995515823 0.006014426 0.094403952 1.867809296 -0.006455430 0.999969721 0.004366758 -2.154891491 -0.094374821 -0.004956596 0.995524406 90.191139221
0.994412899 0.005725733 0.105405018 1.948948860 -0.006233298 0.999970436 0.004486575 -2.164840937 -0.105376206 -0.005118529 0.994419336 90.742073059
0.993225336 0.006024795 0.116047502 2.019955635 -0.006622072 0.999966741 0.004761983 -2.183351517 -0.116014957 -0.005498197 0.993232250 91.282707214
0.992105901 0.004975036 0.125303641 2.108780861 -0.005554028 0.999975443 0.004271794 -2.195342541 -0.125279292 -0.004934012 0.992109239 91.828208923
0.990666568 0.005350363 0.136202574 2.207700729 -0.006026847 0.999971449 0.004554871 -2.206393719 -0.136174321 -0.005333230 0.990670562 92.378593445
0.988927901 0.005065786 0.148310080 2.304919243 -0.005780034 0.999973655 0.004385303 -2.216997623 -0.148283973 -0.005193986 0.988931179 92.920448303
0.987237990 0.004676049 0.159182847 2.412554741 -0.005458013 0.999975085 0.004475510 -2.235642433 -0.159157991 -0.005287216 0.987238944 93.465476990
0.985583544 0.004235214 0.169136450 2.523532867 -0.005023416 0.999978423 0.004232526 -2.241232395 -0.169114873 -0.005021151 0.985583544 93.986450195
0.983242989 0.004140066 0.182253212 2.637534142 -0.004956828 0.999979556 0.004026181 -2.249717712 -0.182232782 -0.004862111 0.983243406 94.485755920
0.980806112 0.004002581 0.194944173 2.768729210 -0.004915977 0.999979019 0.004201838 -2.266039371 -0.194923267 -0.005079530 0.980805337 95.062622070
0.978685915 0.003651809 0.205330268 2.897512436 -0.004653960 0.999979496 0.004397943 -2.279975891 -0.205310017 -0.005259805 0.978682816 95.606346130
0.975799143 0.003792740 0.218635589 3.042829514 -0.004902296 0.999977708 0.004532663 -2.293780565 -0.218613490 -0.005494785 0.975796044 96.136932373
0.972777605 0.003069291 0.231720403 3.195322037 -0.004285533 0.999979556 0.004745556 -2.312545538 -0.231701091 -0.005609416 0.972770870 96.656532288
0.969938338 0.002971902 0.243332714 3.328020096 -0.004174077 0.999981523 0.004425012 -2.320665598 -0.243315056 -0.005307678 0.969932795 97.213928223
0.966918886 0.002648910 0.255070567 3.495496750 -0.003920449 0.999982357 0.004476770 -2.341925621 -0.255054176 -0.005328665 0.966912091 97.735862732
0.963058352 0.003056091 0.269275576 3.647832870 -0.004456467 0.999979556 0.004589387 -2.353121281 -0.269255966 -0.005619865 0.963052213 98.261192322
0.959492981 0.002235582 0.281723827 3.817123413 -0.003441721 0.999986887 0.003786525 -2.357070923 -0.281711638 -0.004602758 0.959488034 98.782234192
0.956251085 0.002138508 0.292539477 4.012222290 -0.003502960 0.999985278 0.004140406 -2.375236034 -0.292526245 -0.004984022 0.956244409 99.300720215
0.951755226 0.001744352 0.306853324 4.180837631 -0.003320475 0.999983847 0.004614438 -2.392217159 -0.306840271 -0.005410715 0.951745570 99.836212158
0.947447419 0.001508025 0.319908023 4.382762909 -0.003250415 0.999982595 0.004912660 -2.411351442 -0.319895059 -0.005694320 0.947435856 100.333312988
0.943392515 0.000285851 0.331678301 4.575695038 -0.001848049 0.999988616 0.004394587 -2.410601616 -0.331673205 -0.004758778 0.943382323 100.860397339
0.938768029 -0.000078207 0.344549656 4.790433884 -0.001231736 0.999992847 0.003583001 -2.415677547 -0.344547421 -0.003788001 0.938761294 101.376022339
0.933363974 0.000181741 0.358931303 5.002836227 -0.001606366 0.999991953 0.003670854 -2.433121204 -0.358927757 -0.004002817 0.933356762 101.890243530
0.928583682 0.000215047 0.371123046 5.227897644 -0.001960559 0.999988675 0.004326053 -2.454355955 -0.371117949 -0.004744711 0.928573608 102.392425537
0.923750818 -0.001216293 0.382992089 5.456306458 -0.000271565 0.999992609 0.003830739 -2.461390734 -0.382993937 -0.003642656 0.923743665 102.913444519
0.917612314 -0.001370926 0.397474170 5.692081451 -0.000251498 0.999991834 0.004029679 -2.474377155 -0.397476435 -0.003797647 0.917604506 103.403320312
0.911898971 -0.001967132 0.410410047 5.935161591 0.000257366 0.999991059 0.004221197 -2.485965014 -0.410414755 -0.003743679 0.911891282 103.895195007
0.906560361 -0.002063507 0.422071159 6.180820465 0.000166518 0.999989688 0.004531290 -2.502062559 -0.422076195 -0.004037606 0.906551301 104.390083313
0.900785744 -0.002936502 0.434253991 6.456455231 0.001307351 0.999990940 0.004050237 -2.513691425 -0.434262037 -0.003080674 0.900781274 104.867080688
0.893733799 -0.002696072 0.448589653 6.708759308 0.000834171 0.999990225 0.004348116 -2.532810211 -0.448596954 -0.003511857 0.893727243 105.355812073
0.888066173 -0.003661058 0.459701180 6.995075226 0.001767435 0.999988139 0.004549510 -2.553033352 -0.459712356 -0.003227774 0.888061941 105.820312500
0.882161379 -0.003979635 0.470930487 7.263935089 0.001934706 0.999986529 0.004826315 -2.560503006 -0.470943362 -0.003346476 0.882157087 106.308509827
0.874526620 -0.004426230 0.484957278 7.531005859 0.002775784 0.999987662 0.004121351 -2.566670418 -0.484969527 -0.002258094 0.874528110 106.794570923
0.867618382 -0.005190696 0.497203559 7.827747345 0.003674503 0.999985158 0.004027633 -2.580016136 -0.497217149 -0.001667473 0.867624521 107.253570557
0.861656606 -0.004900340 0.507468104 8.112716675 0.003219305 0.999986053 0.004190088 -2.589138508 -0.507481575 -0.001976722 0.861660361 107.714775085
