1.000000000 0.000000000 0.000000000 0.000000000 0.000000000 1.000000000 0.000000000 0.000000000 0.000000000 0.000000000 1.000000000 0.000000000
1.000000000 0.000115009 0.000039961 -0.001492641 -0.000115007 1.000000000 -0.000049723 0.001481978 -0.000039967 0.000049718 1.000000000 0.003454603
1.000000000 0.000119557 0.000023773 -0.000171894 -0.000119557 1.000000000 0.000002286 0.000575155 -0.000023772 -0.000002289 1.000000000 0.003674207
0.999999940 0.000263807 0.000092813 -0.000862289 -0.000263807 0.999999940 -0.000004178 0.001092263 -0.000092814 0.000004153 1.000000000 -0.001104333
1.000000000 0.000140078 0.000038511 0.000515182 -0.000140077 1.000000000 -0.000035083 0.000855172 -0.000038516 0.000035078 1.000000000 -0.000162586
1.000000000 0.000034335 -0.000003444 -0.000159013 -0.000034335 1.000000000 0.000035583 0.000515292 0.000003446 -0.000035582 1.000000000 0.000375394
1.000000000 -0.000005723 0.000037218 -0.001949402 0.000005724 1.000000000 -0.000036628 0.000991657 -0.000037218 0.000036628 1.000000000 0.000778303
1.000000000 0.000028120 0.000049696 -0.000204082 -0.000028123 1.000000000 0.000068138 0.000642863 -0.000049694 -0.000068140 1.000000000 -0.000097837
1.000000000 -0.000004843 0.000077180 -0.001702459 0.000004842 1.000000000 0.000013665 0.000745872 -0.000077180 -0.000013665 1.000000000 0.002375232
1.000000000 0.000161395 0.000105552 -0.000833193 -0.000161392 1.000000000 -0.000028983 0.000435014 -0.000105556 0.000028966 1.000000000 -0.001639187
1.000000000 0.000161786 0.000093644 -0.000411764 -0.000161790 1.000000000 0.000041534 0.000308439 -0.000093637 -0.000041549 1.000000000 -0.000996025
1.000000000 0.000041026 0.000046680 -0.001713286 -0.000041024 1.000000000 -0.000032788 0.000871821 -0.000046681 0.000032787 1.000000000 -0.002520378
1.000000000 0.000157954 0.000169301 -0.004199218 -0.000157958 1.000000000 0.000022204 0.000959764 -0.000169297 -0.000022230 1.000000000 -0.003922429
1.000000000 -0.000078716 0.000075111 -0.000799949 0.000078714 1.000000000 0.000032173 -0.000527120 -0.000075114 -0.000032167 1.000000000 0.000129714
1.000000000 0.000074750 0.000073260 -0.000149250 -0.000074748 1.000000000 -0.000021866 0.000784751 -0.000073261 0.000021861 1.000000000 -0.001876255
1.000000000 -0.000002327 0.000051605 0.000004351 0.000002326 1.000000000 0.000020977 0.000676017 -0.000051605 -0.000020977 1.000000000 -0.003094283
1.000000000 -0.000063611 0.000052973 -0.001723495 0.000063609 1.000000000 0.000036097 0.000221548 -0.000052976 -0.000036094 1.000000000 -0.002247312
1.000000000 0.000062109 0.000125625 -0.001684802 -0.000062117 1.000000000 0.000062042 -0.000860670 -0.000125622 -0.000062050 1.000000000 -0.003886606
1.000000000 0.000092493 0.000063842 -0.000366305 -0.000092496 1.000000000 0.000041638 0.001469126 -0.000063838 -0.000041644 1.000000000 -0.004113987
1.000000000 -0.000096988 -0.000000956 -0.000884401 0.000096988 1.000000000 0.000012257 0.000722139 0.000000955 -0.000012257 1.000000000 -0.005424034
1.000000000 0.000027950 0.000054983 -0.000478982 -0.000027952 1.000000000 0.000031402 0.000177950 -0.000054982 -0.000031403 1.000000000 -0.006726041
1.000000000 -0.000051980 0.000019148 -0.000193704 0.000051979 1.000000000 0.000034894 -0.001321787 -0.000019150 -0.000034893 1.000000000 -0.004399059
1.000000000 0.000090798 0.000142489 -0.004731969 -0.000090786 1.000000000 -0.000084811 0.002041918 -0.000142497 0.000084798 1.000000000 0.003020196
1.000000000 -0.000004774 0.000035127 0.000350861 0.000004773 1.000000000 0.000016171 -0.000222288 -0.000035127 -0.000016171 1.000000000 -0.000867305
1.000000000 -0.000071542 0.000075088 -0.001972018 0.000071543 1.000000000 -0.000005915 0.001255276 -0.000075088 0.000005920 1.000000000 0.000424342
1.000000000 -0.000047714 -0.000012408 0.000740225 0.000047714 1.000000000 -0.000004917 0.000853274 0.000012409 0.000004916 1.000000000 -0.003465385
1.000000000 -0.000114553 0.000095060 -0.002713857 0.000114558 1.000000000 -0.000048387 0.002152928 -0.000095054 0.000048398 1.000000000 0.000899464
1.000000000 0.000116767 0.000141035 -0.004242064 -0.000116757 1.000000000 -0.000072351 0.002187286 -0.000141044 0.000072334 1.000000000 0.000006401
1.000000000 -0.000084401 0.000065895 -0.001956267 0.000084396 1.000000000 0.000076240 0.000155822 -0.000065902 -0.000076234 1.000000000 -0.000043290
1.000000000 -0.000084402 0.000023685 -0.002520036 0.000084402 1.000000000 -0.000011710 0.001671894 -0.000023684 0.000011712 1.000000000 0.001048403
1.000000000 -0.000014136 0.000042786 -0.001269591 0.000014136 1.000000000 -0.000009556 0.000760964 -0.000042786 0.000009557 1.000000000 0.000114092
1.000000000 -0.000070573 0.000062210 -0.002383058 0.000070571 1.000000000 0.000037072 0.000529472 -0.000062212 -0.000037067 1.000000000 0.001683747
1.000000000 -0.000170538 0.000028833 -0.002487808 0.000170539 1.000000000 -0.000023206 0.000807177 -0.000028829 0.000023211 1.000000000 -0.001488976
1.000000000 0.000004687 0.000041305 -0.000400106 -0.000004689 1.000000000 0.000051213 -0.000886311 -0.000041305 -0.000051214 1.000000000 -0.004090162
0.999999940 0.000199240 0.000184094 -0.003947466 -0.000199236 1.000000000 -0.000021391 0.001000837 -0.000184099 0.000021354 1.000000000 -0.000520706
1.000000000 0.000003568 0.000020461 -0.000865138 -0.000003568 1.000000000 0.000033087 0.000397035 -0.000020460 -0.000033087 1.000000000 -0.001529985
1.000000000 0.000030185 0.000056833 -0.002603802 -0.000030186 1.000000000 0.000016815 0.001243538 -0.000056832 -0.000016816 1.000000000 -0.002492524
1.000000000 -0.000069962 0.000050422 -0.000851174 0.000069966 1.000000000 -0.000078991 0.001239018 -0.000050416 0.000078995 1.000000000 -0.002517135
1.000000000 -0.000042793 0.000128517 -0.003643159 0.000042796 1.000000000 -0.000024802 0.001117469 -0.000128516 0.000024808 1.000000000 0.001211990
1.000000000 -0.000063730 0.000011220 -0.000315054 0.000063729 1.000000000 0.000032621 0.000254263 -0.000011222 -0.000032620 1.000000000 -0.001541781
1.000000000 -0.000185975 -0.000025647 0.001006750 0.000185976 1.000000000 0.000050029 -0.000772093 0.000025638 -0.000050034 1.000000000 -0.000720066
1.000000000 0.000023683 0.000105898 0.002439578 -0.000023637 0.999999881 -0.000432401 -0.005887696 -0.000105908 0.000432398 0.999999881 0.048182618
1.000000000 -0.000016924 0.000095372 0.003021537 0.000017040 0.999999285 -0.001214320 -0.002943740 -0.000095351 0.001214322 0.999999285 0.146944165
1.000000000 -0.000053653 0.000016501 0.005592851 0.000053676 0.999998987 -0.001406449 -0.010751663 -0.000016425 0.001406450 0.999998987 0.260434985
1.000000000 -0.000001310 0.000090387 0.005811098 0.000001424 0.999999225 -0.001265116 -0.015653268 -0.000090385 0.001265116 0.999999225 0.390525967
1.000000000 0.000143717 0.000029425 0.007414803 -0.000143688 0.999999523 -0.000965115 -0.023667807 -0.000029564 0.000965111 0.999999523 0.532668531
1.000000000 0.000146366 0.000042336 0.007533068 -0.000146333 0.999999702 -0.000777939 -0.031599268 -0.000042450 0.000777932 0.999999702 0.684782207
1.000000000 0.000039842 0.000066810 0.011872586 -0.000039804 0.999999821 -0.000569035 -0.037228726 -0.000066832 0.000569033 0.999999821 0.857803047
1.000000000 -0.000015732 -0.000114377 0.019867489 0.000015672 0.999999881 -0.000524597 -0.037071135 0.000114385 0.000524595 0.999999881 1.027324557
0.999999940 0.000341335 0.000244397 0.016063549 -0.000341183 0.999999702 -0.000622160 -0.038133893 -0.000244610 0.000622077 0.999999762 1.198670149
1.000000000 -0.000212447 -0.000147517 0.033036698 0.000212399 0.999999881 -0.000329547 -0.047441453 0.000147587 0.000329516 0.999999940 1.390254021
0.999999940 0.000547883 0.000216407 0.029733518 -0.000547828 0.999999821 -0.000254513 -0.053350266 -0.000216546 0.000254394 0.999999940 1.583878398
0.999999642 0.000620710 0.000501205 0.031030560 -0.000620614 0.999999702 -0.000190924 -0.056789171 -0.000501323 0.000190613 0.999999821 1.777798891
0.999999821 0.000457763 0.000342111 0.033017933 -0.000457833 0.999999881 0.000205550 -0.066149525 -0.000342016 -0.000205706 0.999999881 1.980799556
0.999999821 0.000441214 0.000426997 0.035582777 -0.000441184 0.999999940 -0.000070230 -0.069621004 -0.000427028 0.000070041 0.999999881 2.205152512
0.999999762 0.000539976 0.000445782 0.043011717 -0.000540114 0.999999821 0.000309635 -0.077465758 -0.000445615 -0.000309876 0.999999881 2.403620243
0.999999702 0.000630926 0.000477355 0.048369844 -0.000631156 0.999999702 0.000480764 -0.086641289 -0.000477051 -0.000481066 0.999999821 2.632844210
0.999999642 0.000589231 0.000578580 0.048832532 -0.000589352 0.999999821 0.000209569 -0.090437785 -0.000578457 -0.000209910 0.999999821 2.866518736
0.999999583 0.000794549 0.000526318 0.059099838 -0.000794683 0.999999702 0.000254997 -0.095172144 -0.000526116 -0.000255415 0.999999821 3.108194351
0.999999642 0.000597204 0.000427170 0.064217456 -0.000597301 0.999999821 0.000225455 -0.103020161 -0.000427036 -0.000225710 0.999999881 3.341107368
0.999999762 0.000622263 0.000216601 0.072054781 -0.000622316 0.999999821 0.000246110 -0.112060696 -0.000216448 -0.000246244 0.999999881 3.593852520
0.999999702 0.000484485 0.000555002 0.072639637 -0.000484725 0.999999762 0.000431450 -0.114831850 -0.000554793 -0.000431719 0.999999762 3.845933676
0.999999583 0.000714929 0.000582346 0.079390086 -0.000715173 0.999999642 0.000418301 -0.124136403 -0.000582047 -0.000418717 0.999999762 4.111406326
0.999999464 0.000770751 0.000683644 0.081343427 -0.000771130 0.999999464 0.000553166 -0.129861727 -0.000683217 -0.000553693 0.999999642 4.364054680
0.999999881 0.000522927 0.000447060 0.091389596 -0.000523209 0.999999642 0.000630291 -0.139589965 -0.000446731 -0.000630524 0.999999702 4.623140335
0.999998987 0.001003697 0.001087807 0.088630363 -0.001004416 0.999999285 0.000661418 -0.146672711 -0.001087143 -0.000662510 0.999999225 4.880209446
0.999999285 0.000793254 0.000948252 0.091642588 -0.000793905 0.999999404 0.000685893 -0.157538861 -0.000947708 -0.000686645 0.999999344 5.140067577
0.999999702 0.000369686 0.000641089 0.101749532 -0.000370266 0.999999464 0.000905543 -0.170269027 -0.000640754 -0.000905780 0.999999404 5.411906719
0.999999762 0.000359539 0.000587003 0.110388152 -0.000360152 0.999999344 0.001045026 -0.181196645 -0.000586627 -0.001045237 0.999999225 5.666542530
0.999999583 0.000573935 0.000617004 0.111689940 -0.000574429 0.999999523 0.000800097 -0.182705387 -0.000616544 -0.000800451 0.999999464 5.951451778
0.999999702 0.000205332 0.000752195 0.113512710 -0.000206057 0.999999583 0.000963717 -0.195646450 -0.000751997 -0.000963871 0.999999225 6.214341640
0.999999285 0.000821108 0.000881478 0.124888346 -0.000821921 0.999999225 0.000922463 -0.200001031 -0.000880720 -0.000923187 0.999999166 6.491462708
0.999998510 0.001184101 0.001268451 0.124187186 -0.001184892 0.999999106 0.000623141 -0.204535112 -0.001267712 -0.000624643 0.999998987 6.789552689
0.999999523 0.000043710 0.000963666 0.133754075 -0.000044545 0.999999583 0.000866313 -0.212670535 -0.000963628 -0.000866356 0.999999166 7.075932503
0.999999881 0.000067573 0.000389068 0.144308135 -0.000067978 0.999999404 0.001041375 -0.232082605 -0.000388997 -0.001041402 0.999999404 7.385936260
0.999999821 -0.000207020 0.000516648 0.149158344 0.000206563 0.999999583 0.000883162 -0.240282997 -0.000516830 -0.000883055 0.999999464 7.692878246
0.999999821 0.000105323 0.000476715 0.164412856 -0.000105964 0.999999106 0.001346664 -0.258837283 -0.000476572 -0.001346715 0.999998927 8.015479088
0.999999583 0.000517258 0.000770455 0.169668838 -0.000518304 0.999998987 0.001358123 -0.269565970 -0.000769752 -0.001358522 0.999998748 8.329914093
0.999999702 0.000438414 0.000618428 0.176135316 -0.000439178 0.999999166 0.001235780 -0.272266597 -0.000617885 -0.001236051 0.999999046 8.658701897
0.999999642 0.000275423 0.000799840 0.176720545 -0.000276395 0.999999225 0.001215830 -0.278231055 -0.000799504 -0.001216050 0.999998927 9.000219345
0.999999344 -0.000021863 0.001128108 0.181700394 0.000020433 0.999999166 0.001267721 -0.285951078 -0.001128135 -0.001267697 0.999998569 9.349525452
0.999999762 0.000145873 0.000632675 0.193834975 -0.000146780 0.999998987 0.001433849 -0.307867944 -0.000632465 -0.001433942 0.999998689 9.665827751
0.999999762 0.000285788 0.000650219 0.202807799 -0.000286969 0.999998391 0.001816127 -0.319818318 -0.000649698 -0.001816313 0.999998093 10.005392075
0.999999762 -0.000114047 0.000635446 0.208257064 0.000113071 0.999998808 0.001534680 -0.328106761 -0.000635621 -0.001534608 0.999998629 10.382900238
0.999999762 0.000191283 0.000725010 0.214727491 -0.000192828 0.999997795 0.002132058 -0.347070575 -0.000724601 -0.002132197 0.999997497 10.739781380
0.999999881 -0.000248037 0.000446375 0.224252030 0.000247342 0.999998868 0.001556135 -0.346497953 -0.000446760 -0.001556025 0.999998689 11.128462791
0.999999702 -0.000085090 0.000715437 0.231628150 0.000083872 0.999998569 0.001702078 -0.362727106 -0.000715581 -0.001702018 0.999998271 11.511292458
0.999999821 0.000112923 0.000533850 0.240867734 -0.000113930 0.999998212 0.001885541 -0.373783618 -0.000533636 -0.001885601 0.999998033 11.896254539
0.999999881 0.000033963 0.000444485 0.254985690 -0.000034887 0.999997854 0.002080629 -0.385290146 -0.000444413 -0.002080645 0.999997675 12.256505966
0.999999762 0.000071935 0.000702379 0.265007079 -0.000073371 0.999997973 0.002044708 -0.397952378 -0.000702230 -0.002044759 0.999997616 12.668947220
0.999999404 0.000018812 0.001126376 0.257204473 -0.000021421 0.999997318 0.002316406 -0.409505039 -0.001126330 -0.002316428 0.999996722 13.030755043
0.999999702 -0.000007872 0.000732693 0.275595039 0.000006148 0.999997258 0.002353638 -0.434384376 -0.000732710 -0.002353632 0.999996960 13.447482109
0.999997675 0.001384396 0.001615856 0.275527239 -0.001389175 0.999994695 0.002960620 -0.450904697 -0.001611749 -0.002962859 0.999994278 13.868555069
0.999998748 0.000930590 0.001182451 0.290598094 -0.000933913 0.999995589 0.002813124 -0.457223952 -0.001179828 -0.002814225 0.999995351 14.294982910
0.999998391 0.000775162 0.001607379 0.295172483 -0.000780138 0.999994814 0.003097128 -0.488135844 -0.001604969 -0.003098377 0.999993920 14.720563889
0.999997795 0.000940766 0.001849535 0.307556272 -0.000946587 0.999994576 0.003149275 -0.502525449 -0.001846562 -0.003151020 0.999993384 15.123601913
0.999997973 0.000484736 0.001977735 0.315118611 -0.000491201 0.999994516 0.003269743 -0.508799136 -0.001976139 -0.003270708 0.999992728 15.567087173
0.999997199 0.000427118 0.002332891 0.341888815 -0.000435920 0.999992728 0.003773689 -0.546212673 -0.002331262 -0.003774696 0.999990106 16.020870209
0.999996722 0.000189726 0.002558501 0.354458153 -0.000200164 0.999991655 0.004079927 -0.560856223 -0.002557706 -0.004080425 0.999988437 16.459051132
0.999996305 0.000259772 0.002725640 0.365351051 -0.000270326 0.999992430 0.003872546 -0.570598602 -0.002724614 -0.003873268 0.999988794 16.906860352
0.999995351 0.000386466 0.003019483 0.381618649 -0.000398387 0.999992073 0.003948341 -0.589009285 -0.003017933 -0.003949525 0.999987602 17.379083633
0.999994278 0.000853822 0.003251792 0.390745789 -0.000866700 0.999991775 0.003961029 -0.602563143 -0.003248383 -0.003963826 0.999986827 17.833490372
0.999993622 0.000612762 0.003494049 0.397742093 -0.000628232 0.999989986 0.004428052 -0.619448066 -0.003491302 -0.004430220 0.999984086 18.299318314
0.999993324 0.000433103 0.003638920 0.418223560 -0.000447833 0.999991655 0.004048016 -0.621196806 -0.003637137 -0.004049619 0.999985218 18.796157837
0.999992549 0.000232949 0.003834880 0.424940139 -0.000249049 0.999991179 0.004198269 -0.642389774 -0.003833869 -0.004199193 0.999983788 19.257181168
0.999993205 0.000390333 0.003649611 0.444338918 -0.000406734 0.999989808 0.004494282 -0.661152959 -0.003647820 -0.004495736 0.999983251 19.744119644
0.999992192 0.000308066 0.003942680 0.456887215 -0.000327725 0.999987483 0.004986367 -0.680058539 -0.003941095 -0.004987620 0.999979794 20.187131882
0.999993622 -0.000267679 0.003569079 0.473775208 0.000249788 0.999987423 0.005012214 -0.694529176 -0.003570376 -0.005011291 0.999981105 20.668834686
0.999991775 -0.000382869 0.004040990 0.473417222 0.000361490 0.999985933 0.005289859 -0.714608252 -0.004042959 -0.005288355 0.999977767 21.179197311
0.999994993 -0.000190885 0.003153941 0.485731155 0.000173500 0.999984741 0.005511601 -0.727630615 -0.003154946 -0.005511026 0.999979794 21.700506210
0.999996006 -0.000631184 0.002732305 0.509679973 0.000614827 0.999981940 0.005983024 -0.748580575 -0.002736032 -0.005981321 0.999978304 22.183008194
0.999994934 -0.000213003 0.003177035 0.506855786 0.000195547 0.999984920 0.005493629 -0.758315444 -0.003178158 -0.005492980 0.999979854 22.692335129
0.999997675 -0.000013213 0.002164528 0.511693537 0.000000947 0.999983966 0.005666808 -0.775476754 -0.002164569 -0.005666793 0.999981642 23.209598541
0.999998689 -0.000652764 0.001477268 0.536189139 0.000644650 0.999984682 0.005486554 -0.787236631 -0.001480827 -0.005485595 0.999983847 23.723562241
0.999997914 -0.001970250 0.000548571 0.547088623 0.001967353 0.999984324 0.005231719 -0.798545897 -0.000558869 -0.005230628 0.999986112 24.244155884
0.999999404 -0.001001179 0.000278383 0.552943766 0.000999739 0.999986351 0.005127121 -0.806741297 -0.000283512 -0.005126840 0.999986827 24.773807526
0.999999404 -0.000973259 -0.000510784 0.564322174 0.000975957 0.999985456 0.005307466 -0.821200311 0.000505611 -0.005307962 0.999985814 25.300493240
0.999998331 -0.001153107 -0.001364468 0.570150435 0.001160291 0.999985397 0.005276672 -0.829897642 0.001358364 -0.005278248 0.999985158 25.836055756
0.999998093 -0.001069169 -0.001629127 0.579666674 0.001078023 0.999984622 0.005443445 -0.847658634 0.001623282 -0.005445192 0.999983847 26.373966217
0.999996483 -0.001685671 -0.002043179 0.591471374 0.001697639 0.999981344 0.005869902 -0.856611252 0.002033246 -0.005873351 0.999980688 26.924154282
0.999995172 -0.001896255 -0.002457618 0.595547199 0.001910503 0.999981284 0.005808108 -0.871889532 0.002446559 -0.005812775 0.999980092 27.463438034
0.999995649 -0.001033800 -0.002761204 0.606390357 0.001050056 0.999982059 0.005892686 -0.889229715 0.002755062 -0.005895558 0.999978840 28.001323700
0.999994218 -0.001379078 -0.003080154 0.616477847 0.001397458 0.999981165 0.005973083 -0.902161479 0.003071858 -0.005977353 0.999977410 28.546615601
0.999991953 -0.001422785 -0.003744149 0.634220600 0.001446433 0.999978960 0.006320677 -0.919469953 0.003735077 -0.006326042 0.999972999 29.086189270
0.999991000 -0.001408460 -0.003989865 0.643434942 0.001435605 0.999975741 0.006808808 -0.935627341 0.003980178 -0.006814473 0.999968886 29.625360489
0.999991596 -0.000978235 -0.003965390 0.644476295 0.001002151 0.999981284 0.006033660 -0.941726863 0.003959414 -0.006037583 0.999973893 30.160253525
0.999991655 -0.000764044 -0.003999985 0.647927999 0.000788521 0.999980927 0.006121277 -0.959603012 0.003995232 -0.006124380 0.999973178 30.690050125
0.999989271 -0.000989688 -0.004522074 0.667431235 0.001018577 0.999979079 0.006390598 -0.971614003 0.004515656 -0.006395136 0.999969304 31.233526230
0.999990761 -0.000565920 -0.004254816 0.663379550 0.000594117 0.999977827 0.006628756 -0.991039097 0.004250970 -0.006631222 0.999969006 31.747768402
0.999989629 -0.000588590 -0.004513950 0.669970155 0.000616587 0.999980569 0.006203379 -1.001337647 0.004510210 -0.006206098 0.999970555 32.283245087
0.999987900 -0.000767211 -0.004849234 0.674355447 0.000797330 0.999980330 0.006212356 -1.005688906 0.004844373 -0.006216147 0.999968946 32.819114685
0.999987662 -0.000981582 -0.004863792 0.673491538 0.001013583 0.999977827 0.006581272 -1.034597874 0.004857225 -0.006586120 0.999966502 33.361293793
0.999986470 -0.000990040 -0.005112252 0.691681862 0.001026413 0.999974132 0.007117209 -1.052763224 0.005105073 -0.007122359 0.999961615 33.906742096
0.999983191 -0.000791977 -0.005734562 0.697669268 0.000833770 0.999973059 0.007289105 -1.071612000 0.005728636 -0.007293765 0.999956965 34.470813751
0.999983430 -0.001468883 -0.005580588 0.707813323 0.001508665 0.999973416 0.007131085 -1.083125114 0.005569966 -0.007139386 0.999958992 34.993244171
0.999985158 -0.000760201 -0.005380915 0.704080820 0.000797985 0.999974966 0.007023267 -1.094396353 0.005375442 -0.007027458 0.999960840 35.504684448
0.999983490 -0.001370289 -0.005589713 0.716613710 0.001408504 0.999975562 0.006838450 -1.102029085 0.005580207 -0.006846210 0.999960959 36.061164856
0.999986649 -0.000858148 -0.005084962 0.708641648 0.000893621 0.999975204 0.006977928 -1.119059682 0.005078848 -0.006982378 0.999962747 36.581283569
0.999982178 -0.001711566 -0.005715513 0.692797959 0.001752193 0.999973178 0.007110781 -1.135711789 0.005703190 -0.007120670 0.999958336 37.080154419
0.999976516 -0.002685836 -0.006287025 0.708609819 0.002733812 0.999967158 0.007634848 -1.147868156 0.006266313 -0.007651858 0.999951065 37.657272339
0.999977827 -0.001348598 -0.006530371 0.750757635 0.001396253 0.999972403 0.007298428 -1.149564981 0.006520348 -0.007307384 0.999952078 38.234626770
0.999969304 -0.001832624 -0.007629897 0.748434424 0.001885607 0.999974072 0.006942624 -1.156663537 0.007616977 -0.006956797 0.999946833 38.811870575
0.999969125 -0.002648433 -0.007392506 0.762628436 0.002705065 0.999966979 0.007661224 -1.171017408 0.007371973 -0.007680985 0.999943256 39.209724426
0.999976516 -0.002045885 -0.006533556 0.736198068 0.002097258 0.999966860 0.007865789 -1.190429568 0.006517247 -0.007879307 0.999947727 39.804370880
0.999981642 -0.000612408 -0.006013794 0.753263116 0.000657243 0.999971986 0.007456226 -1.229464650 0.006009060 -0.007460042 0.999954104 40.334407806
0.999973297 -0.001801454 -0.007080965 0.787922144 0.001858398 0.999965847 0.008043472 -1.252607584 0.007066235 -0.008056415 0.999942601 40.890213013
0.999978304 -0.000534366 -0.006561931 0.779709220 0.000583778 0.999971449 0.007530486 -1.255694032 0.006557720 -0.007534152 0.999950111 41.412857056
0.999972641 -0.002325727 -0.007016911 0.797252953 0.002381168 0.999965906 0.007903036 -1.267569780 0.006998290 -0.007919528 0.999944210 41.975273132
0.999976993 -0.000991757 -0.006714691 0.795637429 0.001045269 0.999967694 0.007970559 -1.284618616 0.006706568 -0.007977395 0.999945700 42.499561310
0.999975741 -0.001216243 -0.006848686 0.798768282 0.001273963 0.999963582 0.008429896 -1.304498196 0.006838182 -0.008438417 0.999940991 43.039661407
0.999977410 -0.001007857 -0.006638911 0.799322844 0.001062334 0.999965727 0.008207405 -1.314096808 0.006630411 -0.008214273 0.999944270 43.573932648
0.999976754 -0.001526412 -0.006667274 0.804550529 0.001581574 0.999964476 0.008276173 -1.326163530 0.006654407 -0.008286525 0.999943554 44.105342865
0.999973118 -0.001415740 -0.007187621 0.820759416 0.001473890 0.999966145 0.008091418 -1.333490968 0.007175922 -0.008101794 0.999941409 44.652694702
0.999972641 -0.001649489 -0.007212119 0.833697140 0.001709342 0.999964058 0.008300699 -1.350390553 0.007198168 -0.008312801 0.999939561 45.188629150
0.999972343 -0.001675726 -0.007239520 0.840719819 0.001737064 0.999962568 0.008474598 -1.360778570 0.007225048 -0.008486941 0.999937832 45.725910187
0.999966919 -0.002548772 -0.007724950 0.863481522 0.002614415 0.999960423 0.008499364 -1.379865646 0.007702978 -0.008519279 0.999934018 46.261032104
0.999968231 -0.002221441 -0.007653942 0.878035426 0.002293074 0.999953568 0.009362956 -1.403695226 0.007632786 -0.009380210 0.999926805 46.807621002
0.999970138 -0.001788220 -0.007512663 0.862715721 0.001849116 0.999965370 0.008106634 -1.387519717 0.007497906 -0.008120283 0.999938905 47.324123383
0.999963582 -0.001868650 -0.008324251 0.894443393 0.001937876 0.999963522 0.008315840 -1.403842211 0.008308408 -0.008331669 0.999930739 47.917919159
0.999970198 -0.001676231 -0.007527930 0.875063658 0.001737943 0.999964893 0.008198636 -1.413708687 0.007513922 -0.008211475 0.999938071 48.387439728
0.999969542 -0.001696048 -0.007614471 0.884825408 0.001759638 0.999963582 0.008352280 -1.426514864 0.007600030 -0.008365423 0.999936104 48.912021637
0.999972165 -0.001677113 -0.007268781 0.891442180 0.001737572 0.999963820 0.008319356 -1.439794302 0.007254567 -0.008331754 0.999938905 49.445236206
0.999969721 -0.001915731 -0.007545178 0.898209095 0.001979298 0.999962449 0.008426438 -1.448222160 0.007528752 -0.008441116 0.999936044 49.970867157
0.999971271 -0.001839508 -0.007344472 0.899594903 0.001899652 0.999964654 0.008190519 -1.461023808 0.007329146 -0.008204236 0.999939501 50.508403778
0.999973655 -0.001390628 -0.007116843 0.906663418 0.001447878 0.999966562 0.008045416 -1.468485832 0.007105421 -0.008055509 0.999942243 51.027858734
0.999973714 -0.001317244 -0.007130588 0.907253742 0.001376069 0.999965012 0.008250957 -1.481879830 0.007119472 -0.008260552 0.999940515 51.551921844
0.999974728 -0.001320986 -0.006989236 0.912439883 0.001377429 0.999966443 0.008077017 -1.493492484 0.006978333 -0.008086440 0.999942958 52.068321228
0.999974191 -0.001312165 -0.007065447 0.926716566 0.001368989 0.999966741 0.008043735 -1.502139688 0.007054657 -0.008053199 0.999942660 52.590610504
0.999973953 -0.001582163 -0.007049435 0.931930363 0.001637068 0.999968350 0.007789542 -1.517303944 0.007036887 -0.007800878 0.999944806 53.122226715
0.999977827 -0.001305235 -0.006532880 0.916876316 0.001354075 0.999971211 0.007477283 -1.531310797 0.006522930 -0.007485963 0.999950707 53.653739929
0.999985933 0.000435162 -0.005285162 0.877391994 -0.000394866 0.999970853 0.007623054 -1.540342212 0.005288326 -0.007620859 0.999956965 54.150527954
0.999981821 -0.000001650 -0.006025797 0.920247555 0.000047985 0.999970376 0.007689339 -1.552926064 0.006025607 -0.007689487 0.999952197 54.622634888
0.999975443 -0.000147072 -0.007008133 0.964961529 0.000195570 0.999976099 0.006920156 -1.506935358 0.007006946 -0.006921357 0.999951482 55.424392700
0.999983251 0.000047351 -0.005788592 0.893720627 -0.000000222 0.999966860 0.008141309 -1.594812274 0.005788787 -0.008141171 0.999950051 55.655467987
0.999982059 -0.000152176 -0.005986094 0.928810239 0.000197706 0.999971032 0.007605964 -1.599110365 0.005984764 -0.007607011 0.999953091 56.164176941
0.999981046 0.000592437 -0.006129916 0.980454683 -0.000540533 0.999963939 0.008465523 -1.602774739 0.006134711 -0.008462047 0.999945402 56.530422211
0.999976814 0.000088028 -0.006804379 0.974361420 -0.000033490 0.999967813 0.008014872 -1.602294207 0.006804866 -0.008014458 0.999944687 57.326297760
0.999983907 0.001017066 -0.005581803 0.993726969 -0.000968872 0.999962270 0.008630149 -1.628248572 0.005590370 -0.008624603 0.999947131 57.531593323
0.999981940 0.000436763 -0.005979219 1.016536832 -0.000387437 0.999965906 0.008248233 -1.628002763 0.005982615 -0.008245768 0.999948084 58.053821564
0.999981046 0.000816257 -0.006102876 1.024225354 -0.000767149 0.999967337 0.008044844 -1.637927175 0.006109244 -0.008040010 0.999948978 58.560943604
0.999981880 0.000859506 -0.005942828 1.032453775 -0.000810682 0.999965906 0.008213138 -1.653398395 0.005949684 -0.008208172 0.999948621 59.101737976
0.999982357 0.000325617 -0.005931388 1.041849971 -0.000273574 0.999961436 0.008772942 -1.666527629 0.005934016 -0.008771164 0.999943912 59.603401184
0.999983311 0.000655999 -0.005727407 1.052702904 -0.000605368 0.999960721 0.008837369 -1.682840466 0.005732980 -0.008833756 0.999944568 60.152133942
0.999983311 0.000775959 -0.005731432 1.072656155 -0.000725630 0.999961257 0.008777971 -1.693054795 0.005738021 -0.008773666 0.999945045 60.690406799
0.999980211 0.000406379 -0.006279539 1.114674330 -0.000347967 0.999956667 0.009300268 -1.717918396 0.006283047 -0.009297899 0.999937057 61.209625244
0.999978900 0.001412214 -0.006340005 1.176142812 -0.001353792 0.999956667 0.009209631 -1.723120809 0.006352736 -0.009200854 0.999937475 61.667984009
0.999976218 0.002892502 -0.006257691 1.197424889 -0.002839561 0.999960244 0.008452456 -1.703600883 0.006281890 -0.008434485 0.999944687 62.238162994
0.999976814 0.001099458 -0.006726675 1.188355207 -0.001038609 0.999958515 0.009042639 -1.753486395 0.006736338 -0.009035443 0.999936461 62.644531250
0.999974668 0.001836641 -0.006878266 1.247072697 -0.001778102 0.999962211 0.008507229 -1.725317240 0.006893630 -0.008494784 0.999940217 63.250617981
0.999974132 0.002652009 -0.006689527 1.283317327 -0.002598109 0.999964178 0.008053302 -1.714981079 0.006710645 -0.008035713 0.999945164 63.762302399
0.999975801 0.001711734 -0.006739827 1.264424205 -0.001653707 0.999961674 0.008605891 -1.750783086 0.006754298 -0.008594538 0.999940276 64.202110291
0.999970794 -0.000427066 -0.007630195 1.296449661 0.000498654 0.999955833 0.009382726 -1.823956370 0.007625851 -0.009386255 0.999926865 64.613403320
0.999973238 -0.000188366 -0.007320250 1.306002617 0.000261487 0.999950051 0.009989157 -1.844553590 0.007318005 -0.009990803 0.999923289 65.144218445
0.999977231 0.000189341 -0.006736878 1.295997620 -0.000130216 0.999961436 0.008775720 -1.835795164 0.006738279 -0.008774645 0.999938786 65.709739685
0.999973714 0.000348761 -0.007238861 1.333166599 -0.000278707 0.999953270 0.009676291 -1.865942001 0.007241896 -0.009674018 0.999926984 66.112052917
0.999973178 -0.000284875 -0.007312879 1.334561586 0.000355156 0.999953687 0.009611130 -1.880319118 0.007309805 -0.009613470 0.999927044 66.636116028
0.999975562 0.000019678 -0.006983714 1.344838858 0.000047550 0.999953628 0.009626140 -1.898081303 0.006983579 -0.009626236 0.999929249 67.175346375
0.999973834 -0.000145554 -0.007230353 1.345185518 0.000219136 0.999948144 0.010177138 -1.913681507 0.007228497 -0.010178458 0.999922037 67.720565796
0.999975145 0.000303867 -0.007045607 1.341480970 -0.000232583 0.999948800 0.010116103 -1.919443369 0.007048320 -0.010114213 0.999924004 68.158294678
0.999974310 -0.000013674 -0.007170659 1.356417537 0.000085619 0.999949694 0.010032949 -1.933858395 0.007170163 -0.010033305 0.999923944 68.683540344
0.999971271 -0.000267293 -0.007573910 1.362493753 0.000344045 0.999948680 0.010134306 -1.943423748 0.007570812 -0.010136620 0.999919951 69.226089478
0.999975085 -0.000431583 -0.007033192 1.374753118 0.000503298 0.999947786 0.010198140 -1.963222742 0.007028425 -0.010201425 0.999923289 69.735862732
0.999975145 -0.000081193 -0.007053063 1.383067846 0.000153648 0.999947190 0.010272847 -1.974869370 0.007051856 -0.010273676 0.999922335 70.247138977
0.999974370 -0.000065673 -0.007156244 1.391377687 0.000139855 0.999946237 0.010365946 -1.993137598 0.007155178 -0.010366682 0.999920666 70.771400452
0.999975204 0.000490640 -0.007027122 1.402682543 -0.000418852 0.999947727 0.010213605 -2.008185625 0.007031767 -0.010210410 0.999923170 71.303741455
0.999976337 0.001248829 -0.006765405 1.416192770 -0.001176984 0.999942899 0.010613101 -2.029665947 0.006778273 -0.010604886 0.999920726 71.808799744
0.999975681 0.000323925 -0.006965662 1.429715872 -0.000250195 0.999943912 0.010583070 -2.038663149 0.006968698 -0.010581071 0.999919713 72.359191895
0.999978065 0.000415225 -0.006614704 1.434289455 -0.000344383 0.999942660 0.010707315 -2.052616119 0.006618771 -0.010704802 0.999920726 72.907333374
0.999977171 0.000845418 -0.006704020 1.446541309 -0.000775731 0.999945641 0.010390554 -2.074316502 0.006712441 -0.010385117 0.999923468 73.465339661
0.999976575 0.000241035 -0.006832897 1.463742971 -0.000169824 0.999945700 0.010420453 -2.083912611 0.006835037 -0.010419049 0.999922335 73.977729797
0.999978662 0.000837748 -0.006482467 1.475516200 -0.000770171 0.999945462 0.010420077 -2.093513250 0.006490840 -0.010414864 0.999924600 74.505554199
0.999974608 -0.000031483 -0.007124349 1.486016989 0.000107674 0.999942780 0.010694215 -2.114593029 0.007123606 -0.010694713 0.999917448 75.048728943
0.999979079 0.000609495 -0.006439085 1.481497288 -0.000545345 0.999950230 0.009959651 -2.106763601 0.006444836 -0.009955932 0.999929607 75.559440613
0.999976337 0.000806833 -0.006828770 1.500873566 -0.000733324 0.999941826 0.010760163 -2.132583380 0.006837054 -0.010754901 0.999918818 76.073913574
0.999976277 0.000840872 -0.006827260 1.514954567 -0.000767898 0.999942601 0.010684189 -2.149778843 0.006835852 -0.010678696 0.999919593 76.612915039
0.999974370 0.000224750 -0.007153554 1.532899380 -0.000146644 0.999940336 0.010917182 -2.156965494 0.007155582 -0.010915855 0.999914765 77.122474670
0.999974072 0.000630071 -0.007177115 1.538071275 -0.000553123 0.999942541 0.010718295 -2.167602301 0.007183455 -0.010714049 0.999916732 77.660339355
0.999975562 0.000529104 -0.006973178 1.544567585 -0.000457755 0.999947548 0.010229472 -2.175028324 0.006978225 -0.010226033 0.999923289 78.201499939
0.999984384 0.000388916 -0.005565824 1.557527781 -0.000330710 0.999945223 0.010454739 -2.185584545 0.005569585 -0.010452734 0.999929845 78.749694824
0.999990344 0.000563397 -0.004356723 1.569009185 -0.000518012 0.999945641 0.010411341 -2.196687222 0.004362353 -0.010408984 0.999936283 79.301109314
0.999995828 0.001160090 -0.002617344 1.572760701 -0.001132773 0.999945045 0.010414735 -2.211974621 0.002629283 -0.010411729 0.999942362 79.866111755
0.999998510 0.000848037 -0.001481633 1.573802829 -0.000832610 0.999945760 0.010381834 -2.218672276 0.001490358 -0.010380586 0.999944925 80.433197021
0.999995589 0.001716808 0.002396270 1.581916094 -0.001741701 0.999944150 0.010425111 -2.232884407 -0.002378238 -0.010429241 0.999942720 80.979782104
0.999988377 0.000688091 0.004768008 1.629609823 -0.000737914 0.999945045 0.010455478 -2.243984938 -0.004760552 -0.010458875 0.999933958 81.531410217
0.999968708 0.001001012 0.007836684 1.644019365 -0.001080459 0.999948025 0.010140138 -2.255268812 -0.007826125 -0.010148289 0.999917865 82.120643616
0.999924302 0.001211382 0.012238275 1.662234068 -0.001327568 0.999954164 0.009489976 -2.244622231 -0.012226216 -0.009505506 0.999880075 82.640182495
0.999846041 0.001065391 0.017509602 1.697395802 -0.001246963 0.999945581 0.010362242 -2.268850327 -0.017497608 -0.010382480 0.999792993 83.159790039
0.999725103 0.000673541 0.023433909 1.739414215 -0.000906290 0.999950409 0.009922952 -2.268430471 -0.023426063 -0.009941463 0.999676108 83.708038330
0.999553561 0.000291687 0.029875953 1.736138344 -0.000605040 0.999944925 0.010479993 -2.299070358 -0.029871246 -0.010493389 0.999498665 84.392906189
0.999322176 -0.001053735 0.036797866 1.784743428 0.000691205 0.999951065 0.009863274 -2.285013199 -0.036806460 -0.009831153 0.999274075 84.917633057
0.998934448 -0.000539257 0.046147272 1.821660519 0.000067261 0.999947608 0.010228976 -2.318895817 -0.046150375 -0.010214973 0.998882234 85.495429993
0.998590291 -0.000669758 0.053077634 1.867596626 0.000117489 0.999945819 0.010407371 -2.323770046 -0.053081729 -0.010386462 0.998536170 86.042335510
0.998088419 -0.000841597 0.061796669 1.923858404 0.000228325 0.999950588 0.009930429 -2.336469173 -0.061801981 -0.009897336 0.998039305 86.569267273
0.997430682 -0.001057416 0.071629941 1.998396397 0.000328222 0.999947965 0.010191027 -2.357908726 -0.071636990 -0.010141332 0.997379184 87.089591980
0.996790767 -0.001703047 0.080032140 2.068108082 0.000889596 0.999947608 0.010198601 -2.371901512 -0.080045298 -0.010094678 0.996740043 87.634559631
0.996142030 -0.002295702 0.087725900 2.140710831 0.001453417 0.999952197 0.009663999 -2.386358261 -0.087743908 -0.009499212 0.996097744 88.175842285
0.995168924 -0.002897399 0.098134935 2.226183891 0.001959180 0.999951422 0.009655521 -2.398910046 -0.098158151 -0.009416608 0.995126188 88.701637268
0.994111300 -0.004005804 0.108290024 2.312600136 0.002978875 0.999949038 0.009643241 -2.406187534 -0.108323127 -0.009263874 0.994072556 89.228630066
0.993055403 -0.003685965 0.117589302 2.392596245 0.002605908 0.999952972 0.009337423 -2.419482231 -0.117618203 -0.008966152 0.993018389 89.783050537
0.991695881 -0.003687422 0.128552422 2.485809326 0.002476109 0.999950945 0.009581268 -2.430867672 -0.128581479 -0.009183394 0.991656363 90.335197449
0.990050733 -0.003698112 0.140662074 2.589550018 0.002408291 0.999953449 0.009338760 -2.443957567 -0.140690073 -0.008907088 0.990013599 90.880462646
0.988413990 -0.004440016 0.151716918 2.697758675 0.003053131 0.999951422 0.009372995 -2.455210209 -0.151751176 -0.008801189 0.988379478 91.443313599
0.986893654 -0.004666519 0.161304340 2.808368683 0.003212771 0.999951780 0.009272105 -2.462954521 -0.161339879 -0.008632348 0.986861169 91.991165161
0.984810948 -0.005015409 0.173557639 2.924489975 0.003497874 0.999952912 0.009048453 -2.471991777 -0.173594877 -0.008303932 0.984782159 92.528091431
0.982608736 -0.005483547 0.185606658 3.053416252 0.003864742 0.999951303 0.009082379 -2.480710745 -0.185647413 -0.008207103 0.982582152 93.076820374
0.980473161 -0.005654200 0.196571618 3.181059837 0.003991259 0.999952853 0.008854841 -2.486840963 -0.196612403 -0.007897366 0.980449498 93.622764587
0.977727532 -0.006186460 0.209787130 3.323474884 0.004464185 0.999952257 0.008682176 -2.495902538 -0.209830865 -0.007552273 0.977708459 94.167358398
0.974730968 -0.006624780 0.223283470 3.471986771 0.004779469 0.999949813 0.008803832 -2.507039547 -0.223330617 -0.007514192 0.974713802 94.699028015
0.972210407 -0.006976124 0.234004974 3.630863190 0.005011693 0.999947011 0.008988422 -2.523603916 -0.234055296 -0.007565876 0.972193956 95.230316162
0.969055891 -0.007205815 0.246736273 3.799465179 0.005216456 0.999948382 0.008715398 -2.531321526 -0.246786371 -0.007158618 0.969043612 95.819297791
0.965364635 -0.007502420 0.260796368 3.970245361 0.005317364 0.999944627 0.009082981 -2.545681953 -0.260850042 -0.007381640 0.965351105 96.341545105
0.961846352 -0.007621459 0.273484111 4.151550293 0.005396896 0.999945939 0.008885573 -2.558941126 -0.273537040 -0.007070589 0.961835504 96.875679016
0.958667278 -0.008159665 0.284412622 4.338544846 0.005768202 0.999940634 0.009245004 -2.578712940 -0.284471095 -0.007222334 0.958657384 97.381805420
0.954437256 -0.008243027 0.298297614 4.529045105 0.005650524 0.999938428 0.009552369 -2.593438864 -0.298357904 -0.007431599 0.954425097 97.890594482
0.949945867 -0.008809444 0.312290162 4.734216690 0.006078860 0.999934316 0.009716210 -2.605844021 -0.312355220 -0.007331506 0.949937105 98.419715881
0.946201384 -0.009250964 0.323446363 4.942462921 0.006483165 0.999932587 0.009633628 -2.614679813 -0.323513687 -0.007018395 0.946197450 98.960655212
0.941572070 -0.008943611 0.336692661 5.146463394 0.005938097 0.999932826 0.009955261 -2.632346869 -0.336759061 -0.007374282 0.941561997 99.479896545
0.936519265 -0.009547816 0.350486040 5.374589920 0.006409064 0.999928296 0.010114294 -2.641567707 -0.350557476 -0.007225944 0.936513364 99.993705750
0.931819558 -0.009887237 0.362787127 5.595771790 0.006454098 0.999922335 0.010674060 -2.662420988 -0.362864494 -0.007604835 0.931810915 100.514572144
0.927188337 -0.010317765 0.374453455 5.826070786 0.006925520 0.999921918 0.010403692 -2.667784214 -0.374531537 -0.007052897 0.927187324 101.035469055
0.921549320 -0.010950202 0.388106823 6.075603485 0.007482686 0.999917448 0.010444635 -2.673726320 -0.388189167 -0.006721165 0.921555221 101.554901123
0.916305304 -0.012095601 0.400297791 6.326637268 0.008665809 0.999908626 0.010377197 -2.680883408 -0.400386721 -0.006039775 0.916326344 102.053085327
0.911544085 -0.013012484 0.410996288 6.581199646 0.009616524 0.999900401 0.010329293 -2.692679405 -0.411089748 -0.005463251 0.911578476 102.562622070
0.906236231 -0.014299246 0.422529757 6.848777771 0.010758042 0.999884188 0.010764360 -2.707540989 -0.422634721 -0.005209461 0.906285107 103.048484802
0.899532735 -0.013427260 0.436646938 7.115207672 0.009736499 0.999895453 0.010689546 -2.721808434 -0.436744899 -0.005364184 0.899569452 103.580986023
0.893752337 -0.014703432 0.448319644 7.388587952 0.010962773 0.999880075 0.010937873 -2.731513500 -0.448426694 -0.004860924 0.893806398 104.064468384
0.888022959 -0.015191660 0.459548146 7.665752411 0.011488445 0.999875128 0.010853620 -2.736524582 -0.459655583 -0.004358771 0.888086557 104.563201904
0.880894601 -0.015089732 0.473071903 7.957614899 0.011320076 0.999877453 0.010814611 -2.748149395 -0.473177135 -0.004171323 0.880957365 105.049957275
