1.000000000 0.000000000 0.000000000 0.000000000 0.000000000 1.000000000 0.000000000 0.000000000 0.000000000 0.000000000 1.000000000 0.000000000
1.000000000 0.000059589 0.000039330 -0.000655145 -0.000059592 1.000000000 0.000070118 0.000007989 -0.000039326 -0.000070120 1.000000000 -0.000094856
1.000000000 -0.000016745 0.000083918 -0.001038248 0.000016746 1.000000000 -0.000019380 0.000313269 -0.000083917 0.000019381 1.000000000 -0.000162359
1.000000000 0.000049878 0.000053713 -0.000243591 -0.000049880 1.000000000 0.000034501 -0.000130901 -0.000053711 -0.000034504 1.000000000 0.000227681
1.000000000 0.000059346 0.000187538 -0.001551604 -0.000059358 1.000000000 0.000066191 -0.000635455 -0.000187535 -0.000066203 1.000000000 -0.000112802
1.000000000 -0.000135232 -0.000004324 0.000024038 0.000135232 1.000000000 -0.000027917 0.000289295 0.000004327 0.000027916 1.000000000 0.000008563
1.000000000 0.000067611 0.000161624 -0.001834995 -0.000067620 1.000000000 0.000059086 -0.000388453 -0.000161620 -0.000059097 1.000000000 0.000004433
1.000000000 0.000050667 0.000075777 -0.001145686 -0.000050665 1.000000000 -0.000026774 -0.000202862 -0.000075778 0.000026770 1.000000000 -0.000957299
1.000000000 0.000067009 0.000154386 -0.001243358 -0.000067010 1.000000000 0.000007899 -0.000989891 -0.000154386 -0.000007909 1.000000000 -0.000798287
1.000000000 0.000103160 0.000141596 -0.001534301 -0.000103179 1.000000000 0.000132657 -0.001033365 -0.000141582 -0.000132672 1.000000000 0.000714226
1.000000000 0.000056514 0.000142485 -0.001289991 -0.000056522 1.000000000 0.000054991 -0.000206509 -0.000142482 -0.000054999 1.000000000 -0.000422928
1.000000000 0.000111114 0.000136463 -0.001403397 -0.000111123 1.000000000 0.000072631 -0.001169925 -0.000136455 -0.000072646 1.000000000 -0.000856285
1.000000000 0.000048670 0.000133812 -0.000887655 -0.000048676 1.000000000 0.000043760 -0.000162013 -0.000133810 -0.000043767 1.000000000 0.000082258
1.000000000 0.000154674 0.000112416 -0.001366307 -0.000154661 1.000000000 -0.000114752 0.000963740 -0.000112434 0.000114735 1.000000000 0.000161570
1.000000000 0.000102950 0.000096762 -0.001091279 -0.000102950 1.000000000 -0.000002435 0.000578006 -0.000096762 0.000002425 1.000000000 0.000161896
0.999999940 0.000252223 0.000189282 -0.001937817 -0.000252210 0.999999940 -0.000072271 0.001432152 -0.000189300 0.000072223 1.000000000 0.001166951
0.999999881 0.000379008 0.000199429 -0.002533379 -0.000379002 0.999999940 -0.000029147 0.000874754 -0.000199440 0.000029071 1.000000000 0.002067333
0.999999940 0.000231298 0.000246307 -0.002187802 -0.000231299 1.000000000 0.000004593 0.001265819 -0.000246306 -0.000004650 0.999999940 0.002126194
0.999999940 0.000189542 0.000254981 -0.002190679 -0.000189522 1.000000000 -0.000080955 0.000920960 -0.000254996 0.000080906 0.999999940 0.000870517
0.999999940 0.000252416 0.000243100 -0.002491972 -0.000252417 0.999999940 0.000005649 0.000299543 -0.000243099 -0.000005710 1.000000000 0.001486127
0.999999940 0.000360486 0.000208323 -0.002276961 -0.000360468 0.999999940 -0.000084334 0.001483574 -0.000208354 0.000084259 1.000000000 0.001285159
0.999999940 0.000302450 0.000205886 -0.002284446 -0.000302439 0.999999940 -0.000052375 0.000758024 -0.000205902 0.000052313 1.000000000 0.001804354
1.000000000 0.000173360 0.000163770 -0.002115878 -0.000173368 1.000000000 0.000049541 0.000191683 -0.000163762 -0.000049569 1.000000000 0.000832044
0.999999940 0.000381975 0.000177188 -0.002150275 -0.000381974 0.999999940 -0.000002350 0.001476523 -0.000177189 0.000002283 1.000000000 0.002370818
0.999999940 0.000335965 0.000244321 -0.002092345 -0.000335974 0.999999940 0.000034714 0.000892111 -0.000244310 -0.000034796 0.999999940 0.001980111
0.999999881 0.000313740 0.000286659 -0.002555904 -0.000313724 0.999999940 -0.000057224 0.002483540 -0.000286677 0.000057134 0.999999940 0.002686538
0.999999940 0.000348707 0.000232262 -0.002072430 -0.000348720 0.999999940 0.000053514 0.001251541 -0.000232243 -0.000053595 1.000000000 0.002278059
0.999999881 0.000418357 0.000160501 -0.002185183 -0.000418338 0.999999881 -0.000120057 0.002127712 -0.000160551 0.000119990 1.000000000 0.001101992
0.999999940 0.000393397 0.000140414 -0.001881157 -0.000393383 0.999999940 -0.000099118 0.002102500 -0.000140453 0.000099063 1.000000000 0.000503688
0.999999881 0.000411071 0.000272722 -0.002399783 -0.000411061 0.999999940 -0.000036098 0.000558191 -0.000272737 0.000035986 0.999999940 0.001034462
0.999999881 0.000379442 0.000315228 -0.002753298 -0.000379434 0.999999940 -0.000025671 0.001820800 -0.000315238 0.000025551 0.999999940 0.002342918
0.999999881 0.000396965 0.000209050 -0.001761173 -0.000396946 0.999999940 -0.000092949 0.002293854 -0.000209087 0.000092866 1.000000000 0.002622453
0.999999881 0.000443109 0.000251494 -0.002217524 -0.000443113 0.999999881 0.000016472 0.000206020 -0.000251486 -0.000016583 0.999999940 0.000266174
0.999999821 0.000480785 0.000312381 -0.003086476 -0.000480784 0.999999881 -0.000005017 0.000910554 -0.000312384 0.000004867 0.999999940 0.002267160
0.999999881 0.000419733 0.000229733 -0.001507908 -0.000419705 0.999999881 -0.000122593 0.001654615 -0.000229784 0.000122496 0.999999940 0.001490555
0.999999940 0.000343968 0.000233951 -0.002141501 -0.000343961 0.999999940 -0.000031745 0.001420912 -0.000233962 0.000031664 1.000000000 0.001798831
0.999999881 0.000456446 0.000204681 -0.002462907 -0.000456428 0.999999881 -0.000086891 0.002778910 -0.000204721 0.000086797 1.000000000 0.001971066
0.999999821 0.000524335 0.000319659 -0.003167094 -0.000524325 0.999999881 -0.000030809 0.001980392 -0.000319675 0.000030641 0.999999940 0.002458096
0.999999881 0.000447299 0.000217610 -0.001364256 -0.000447295 0.999999881 -0.000016294 0.001929905 -0.000217617 0.000016197 1.000000000 0.001066827
0.999999881 0.000348797 0.000249508 -0.001785251 -0.000348775 0.999999940 -0.000091500 0.000788354 -0.000249540 0.000091413 0.999999940 0.000570222
0.999999881 0.000323761 0.000278340 -0.001097483 -0.000323752 0.999999881 -0.000031965 -0.005883357 -0.000278350 0.000031875 0.999999881 0.049105491
0.999999940 0.000145992 0.000184115 0.001327156 -0.000145877 0.999999762 -0.000623800 -0.007139115 -0.000184206 0.000623773 0.999999762 0.140691862
0.999999583 0.000823757 0.000373046 0.001871087 -0.000823424 0.999999285 -0.000892672 -0.010359174 -0.000373781 0.000892365 0.999999523 0.255375296
0.999999583 0.000844364 0.000421126 0.005246365 -0.000844018 0.999999344 -0.000822176 -0.013749435 -0.000421820 0.000821820 0.999999583 0.387079179
0.999999583 0.000845660 0.000320249 0.007024181 -0.000845469 0.999999464 -0.000594785 -0.017331697 -0.000320752 0.000594514 0.999999702 0.529725730
0.999999344 0.001083306 -0.000393959 0.015441071 -0.001083371 0.999999404 -0.000164244 -0.025949154 0.000393781 0.000164670 0.999999881 0.690953612
0.999999464 0.000917423 -0.000445394 0.021131884 -0.000917398 0.999999523 0.000058049 -0.029805833 0.000445447 -0.000057640 0.999999821 0.852482140
0.999999940 0.000344513 0.000520464 0.016122743 -0.000344557 0.999999940 0.000083190 -0.034398329 -0.000520435 -0.000083369 0.999999881 1.021106839
0.999999762 0.000541015 0.000559552 0.020705754 -0.000541105 0.999999881 0.000160764 -0.038562603 -0.000559465 -0.000161067 0.999999881 1.197266698
0.999999821 0.000500279 0.000364736 0.026256185 -0.000500504 0.999999702 0.000616074 -0.047369905 -0.000364427 -0.000616256 0.999999762 1.378109455
0.999999642 0.000780981 0.000213512 0.029877536 -0.000781101 0.999999583 0.000564239 -0.049840126 -0.000213071 -0.000564405 0.999999821 1.571191549
0.999999762 0.000351586 0.000572644 0.032017536 -0.000352119 0.999999464 0.000932328 -0.059043176 -0.000572316 -0.000932529 0.999999344 1.769053817
0.999999583 0.000920350 0.000130378 0.036489975 -0.000920492 0.999998987 0.001091219 -0.067181014 -0.000129373 -0.001091339 0.999999404 1.967034459
0.999999940 0.000099034 0.000333016 0.042037584 -0.000099372 0.999999464 0.001015553 -0.070754856 -0.000332915 -0.001015587 0.999999404 2.176386118
0.999999702 0.000410738 0.000581855 0.045696989 -0.000411359 0.999999344 0.001067770 -0.074130125 -0.000581416 -0.001068009 0.999999225 2.399677515
0.999999404 0.000831866 0.000715017 0.048485193 -0.000832497 0.999999225 0.000882724 -0.079226583 -0.000714282 -0.000883319 0.999999404 2.622551918
0.999999762 0.000287976 0.000583179 0.054969616 -0.000288646 0.999999285 0.001148921 -0.088333912 -0.000582847 -0.001149090 0.999999166 2.851369381
0.999999702 0.000354776 0.000620464 0.060397696 -0.000355458 0.999999344 0.001098410 -0.091290757 -0.000620074 -0.001098630 0.999999225 3.094559908
0.999999702 0.000555117 0.000567488 0.067243151 -0.000555805 0.999999046 0.001213023 -0.101303771 -0.000566814 -0.001213338 0.999999106 3.323161125
0.999999702 0.000468440 0.000464535 0.070971578 -0.000469141 0.999998748 0.001511390 -0.112685017 -0.000463826 -0.001511608 0.999998689 3.571139097
0.999999523 0.000700771 0.000635190 0.075729311 -0.000701671 0.999998748 0.001417306 -0.119326979 -0.000634196 -0.001417751 0.999998748 3.824481487
0.999999523 0.000439753 0.000821832 0.075153336 -0.000441076 0.999998569 0.001610004 -0.123652652 -0.000821123 -0.001610365 0.999998391 4.093491077
0.999999404 0.000722366 0.000716575 0.083146960 -0.000723497 0.999998510 0.001580173 -0.126811683 -0.000715432 -0.001580691 0.999998510 4.355872154
0.999999464 0.000420075 0.000988051 0.083697572 -0.000421525 0.999998868 0.001467710 -0.134518683 -0.000987433 -0.001468126 0.999998510 4.611060619
0.999998450 0.001593645 0.000763900 0.089648113 -0.001594532 0.999998033 0.001162568 -0.134993583 -0.000762046 -0.001163784 0.999999046 4.866240978
0.999998271 0.001750765 0.000658231 0.097123720 -0.001751751 0.999997377 0.001500140 -0.143474683 -0.000655603 -0.001501291 0.999998689 5.125598431
0.999996901 0.002259661 0.001019005 0.097203560 -0.002260409 0.999997139 0.000733605 -0.147531211 -0.001017345 -0.000735906 0.999999166 5.384107113
0.999997199 0.001858036 0.001449096 0.101285897 -0.001859631 0.999997795 0.001100780 -0.157787696 -0.001447047 -0.001103471 0.999998271 5.642436981
0.999999523 0.000800328 0.000559821 0.108342953 -0.000800797 0.999999285 0.000839173 -0.160540447 -0.000559148 -0.000839621 0.999999464 5.914743900
0.999999225 0.001061909 0.000697727 0.110818632 -0.001062490 0.999999046 0.000833887 -0.171576768 -0.000696840 -0.000834628 0.999999404 6.193894863
0.999998450 0.001171548 0.001291855 0.120601721 -0.001172831 0.999998808 0.000992561 -0.175624460 -0.001290691 -0.000994075 0.999998689 6.485272408
0.999997735 0.001671416 0.001317540 0.122283056 -0.001673135 0.999997735 0.001304089 -0.184502944 -0.001315357 -0.001306291 0.999998271 6.770239830
0.999998391 0.001327947 0.001209550 0.126396298 -0.001328909 0.999998808 0.000794409 -0.190571994 -0.001208494 -0.000796015 0.999998927 7.070158482
0.999998868 0.001163109 0.001027183 0.133127451 -0.001164114 0.999998927 0.000978736 -0.200537652 -0.001026044 -0.000979930 0.999998987 7.372163773
0.999997616 0.001678724 0.001489847 0.138550475 -0.001680828 0.999997616 0.001411767 -0.219637677 -0.001487473 -0.001414267 0.999997914 7.680300713
0.999997616 0.001684901 0.001412678 0.147485077 -0.001686806 0.999997675 0.001348666 -0.225605354 -0.001410402 -0.001351045 0.999998093 7.998365879
0.999996901 0.001816705 0.001704172 0.150258750 -0.001818895 0.999997616 0.001284559 -0.239234567 -0.001701834 -0.001287655 0.999997675 8.302471161
0.999997795 0.001300912 0.001646117 0.159559771 -0.001302852 0.999998450 0.001177799 -0.246800020 -0.001644582 -0.001179942 0.999997973 8.627984047
0.999995291 0.002259392 0.002087781 0.158621728 -0.002262013 0.999996662 0.001253788 -0.251790017 -0.002084941 -0.001258504 0.999997020 8.979874611
0.999996185 0.002189290 0.001718151 0.169225633 -0.002192085 0.999996305 0.001626786 -0.267147332 -0.001714583 -0.001630546 0.999997258 9.318915367
0.999995947 0.002208069 0.001790463 0.183750719 -0.002211547 0.999995649 0.001942877 -0.285418034 -0.001786165 -0.001946829 0.999996424 9.644754410
0.999996483 0.002114575 0.001577964 0.191726148 -0.002118240 0.999995053 0.002324844 -0.296830237 -0.001573040 -0.002328178 0.999996006 9.997494698
0.999994397 0.002683893 0.001989410 0.187126219 -0.002687449 0.999994814 0.001786148 -0.300075054 -0.001984606 -0.001791485 0.999996424 10.359156609
0.999993920 0.002811260 0.002056241 0.189582407 -0.002814628 0.999994695 0.001637014 -0.309372783 -0.002051628 -0.001642792 0.999996543 10.732881546
0.999995172 0.002402842 0.001975601 0.197391957 -0.002406124 0.999995649 0.001660522 -0.317737460 -0.001971603 -0.001665267 0.999996662 11.099513054
0.999993801 0.002660143 0.002301960 0.195642009 -0.002663309 0.999995530 0.001373624 -0.320537835 -0.002298295 -0.001379746 0.999996424 11.493858337
0.999991953 0.003085037 0.002552462 0.202645794 -0.003089727 0.999993563 0.001835787 -0.337780446 -0.002546782 -0.001843658 0.999994993 11.861061096
0.999993384 0.002649997 0.002481811 0.215740263 -0.002654327 0.999994874 0.001742933 -0.349203408 -0.002477180 -0.001749509 0.999995410 12.240071297
0.999994695 0.002092104 0.002515277 0.228014588 -0.002097645 0.999995410 0.002202690 -0.365382105 -0.002510658 -0.002207955 0.999994397 12.624274254
0.999991894 0.002743077 0.002922276 0.219231233 -0.002748712 0.999994397 0.001925952 -0.367548585 -0.002916976 -0.001933969 0.999993801 13.029916763
0.999992192 0.002853024 0.002737701 0.238257885 -0.002858003 0.999994397 0.001816538 -0.381878376 -0.002732502 -0.001824348 0.999994576 13.424425125
0.999992728 0.002635028 0.002748497 0.247179836 -0.002641434 0.999993742 0.002329682 -0.393428683 -0.002742341 -0.002336924 0.999993503 13.829199791
0.999990463 0.003187581 0.002964606 0.255957335 -0.003194769 0.999991894 0.002423012 -0.406314790 -0.002956859 -0.002432460 0.999992609 14.241619110
0.999987006 0.003586668 0.003608421 0.262952954 -0.003596149 0.999990106 0.002624539 -0.421470642 -0.003598971 -0.002637481 0.999990046 14.657268524
0.999989569 0.002905023 0.003520075 0.276382297 -0.002910926 0.999994338 0.001673122 -0.418258995 -0.003515195 -0.001683352 0.999992430 15.078739166
0.999985337 0.003655133 0.003986989 0.284944385 -0.003664227 0.999990702 0.002275914 -0.442956090 -0.003978632 -0.002290490 0.999989450 15.511320114
0.999983490 0.003488221 0.004574869 0.291987717 -0.003495561 0.999992609 0.001597438 -0.449964732 -0.004569263 -0.001613404 0.999988258 15.955627441
0.999980927 0.004058579 0.004654482 0.302681595 -0.004068003 0.999989629 0.002016957 -0.454603791 -0.004646249 -0.002035853 0.999987125 16.398004532
0.999981999 0.004094074 0.004393512 0.310085446 -0.004102689 0.999989629 0.001953472 -0.467838377 -0.004385469 -0.001971462 0.999988496 16.841012955
0.999983490 0.003596548 0.004511392 0.343470931 -0.003606200 0.999991179 0.002132981 -0.490813881 -0.004503682 -0.002149215 0.999987483 17.256668091
0.999980569 0.003447864 0.005196072 0.335662603 -0.003461951 0.999990344 0.002704489 -0.490068853 -0.005186697 -0.002722424 0.999982774 17.746732712
0.999980867 0.003104435 0.005366246 0.349767834 -0.003116106 0.999992788 0.002167911 -0.498730570 -0.005359478 -0.002184591 0.999983251 18.213308334
0.999982178 0.002976265 0.005193478 0.355655611 -0.002985524 0.999993980 0.001775894 -0.517329097 -0.005188161 -0.001791367 0.999984920 18.607267380
0.999976695 0.003733874 0.005704764 0.363598108 -0.003744844 0.999991119 0.001913597 -0.528019965 -0.005697568 -0.001934916 0.999981821 19.080062866
0.999973834 0.004027572 0.006032129 0.369400412 -0.004041727 0.999989033 0.002335972 -0.551845074 -0.006022657 -0.002360291 0.999979079 19.541988373
0.999972641 0.004457005 0.005916724 0.375255853 -0.004472346 0.999986649 0.002581939 -0.565282881 -0.005905138 -0.002608330 0.999979138 20.028165817
0.999963582 0.004357404 0.007340336 0.365745962 -0.004374609 0.999987721 0.002329522 -0.561466813 -0.007330095 -0.002361549 0.999970317 20.540554047
0.999970257 0.004195541 0.006482407 0.379258513 -0.004211938 0.999987960 0.002517925 -0.575509727 -0.006471766 -0.002545153 0.999975741 21.040245056
0.999968112 0.004951367 0.006255330 0.366977394 -0.004964885 0.999985397 0.002147428 -0.576974034 -0.006244605 -0.002178416 0.999978125 21.485591888
0.999960303 0.006478889 0.006103806 0.406145155 -0.006490829 0.999977052 0.001938314 -0.612339973 -0.006091108 -0.001977856 0.999979436 22.000085831
0.999963582 0.006200437 0.005859214 0.420264006 -0.006210704 0.999979198 0.001735634 -0.624775350 -0.005848331 -0.001771961 0.999981284 22.518405914
0.999976814 0.005575439 0.003906012 0.415339202 -0.005583938 0.999982059 0.002167991 -0.640427709 -0.003893854 -0.002189751 0.999990046 23.042661667
0.999976158 0.005523457 0.004126029 0.426183581 -0.005532813 0.999982059 0.002259537 -0.639743090 -0.004113474 -0.002282312 0.999988914 23.573522568
0.999982238 0.004671474 0.003674053 0.432893932 -0.004678091 0.999987423 0.001794521 -0.654531002 -0.003665623 -0.001811677 0.999991655 24.098964691
0.999984384 0.004748779 0.002938620 0.455736130 -0.004754560 0.999986768 0.001963357 -0.679639697 -0.002929258 -0.001977299 0.999993742 24.634683609
0.999986827 0.004475441 0.002509792 0.464662790 -0.004482215 0.999986291 0.002700034 -0.707419813 -0.002497674 -0.002711248 0.999993205 25.142011642
0.999982476 0.005316650 0.002596437 0.404339939 -0.005323993 0.999981821 0.002829116 -0.699867249 -0.002581348 -0.002842890 0.999992549 25.521003723
0.999983728 0.005449080 0.001693069 0.493320346 -0.005453804 0.999981225 0.002797623 -0.746613026 -0.001677793 -0.002806811 0.999994636 26.224033356
0.999989867 0.004413176 0.000901328 0.509762883 -0.004416379 0.999983847 0.003582918 -0.760083258 -0.000885501 -0.003586862 0.999993145 26.750089645
0.999991417 0.004100275 0.000552296 0.511848032 -0.004102175 0.999985516 0.003482489 -0.783156157 -0.000538009 -0.003484725 0.999993801 27.281469345
0.999986589 0.005161094 0.000383711 0.523886323 -0.005162206 0.999982297 0.002956839 -0.793147087 -0.000368443 -0.002958780 0.999995530 27.874170303
0.999985397 0.005401682 -0.000140764 0.546488583 -0.005401232 0.999980807 0.003030697 -0.805018663 0.000157131 -0.003029893 0.999995410 28.436519623
0.999982774 0.005856449 -0.000083195 0.552906036 -0.005856138 0.999977231 0.003347168 -0.823612630 0.000102796 -0.003346623 0.999994397 28.992681503
0.999982178 0.005922537 -0.000742620 0.563476562 -0.005919980 0.999976695 0.003399729 -0.835874438 0.000762738 -0.003395273 0.999993980 29.547336578
0.999985814 0.005091331 -0.001649092 0.582748771 -0.005084989 0.999979734 0.003827550 -0.856608450 0.001668546 -0.003819110 0.999991298 30.116451263
0.999984205 0.005469200 -0.001315555 0.591299951 -0.005465218 0.999980509 0.003011945 -0.861900926 0.001332002 -0.003004708 0.999994516 30.669755936
0.999983191 0.005665562 -0.001225330 0.601027906 -0.005661414 0.999978304 0.003361837 -0.883328378 0.001244350 -0.003354844 0.999993622 31.221185684
0.999975562 0.006886640 -0.001232013 0.606550694 -0.006883054 0.999972165 0.002890745 -0.893141747 0.001251886 -0.002882194 0.999995053 31.771226883
0.999978006 0.006175498 -0.002427617 0.637394726 -0.006167613 0.999975741 0.003242717 -0.911205769 0.002447584 -0.003227674 0.999991775 32.309333801
0.999977589 0.006077681 -0.002803014 0.638970733 -0.006066676 0.999973893 0.003918189 -0.928655744 0.002826754 -0.003901097 0.999988377 32.852317810
0.999980628 0.005817076 -0.002279703 0.637620270 -0.005808614 0.999976277 0.003701600 -0.934541345 0.002301182 -0.003688287 0.999990523 33.439029694
0.999979973 0.006005294 -0.001972056 0.655759990 -0.005997927 0.999975085 0.003719830 -0.956262112 0.001994345 -0.003707927 0.999991059 33.989425659
0.999974549 0.006848941 -0.001986933 0.652287781 -0.006841007 0.999968708 0.003972274 -0.969990432 0.002014077 -0.003958580 0.999990165 34.524150848
0.999972284 0.006925061 -0.002718078 0.666636407 -0.006913377 0.999966919 0.004284597 -0.990274489 0.002747659 -0.004265687 0.999987125 35.054702759
0.999980688 0.005137531 -0.003486012 0.691776097 -0.005124128 0.999979496 0.003842447 -1.002396464 0.003505680 -0.003824510 0.999986470 35.620979309
0.999979556 0.005489713 -0.003279967 0.696167350 -0.005477585 0.999978185 0.003694946 -1.010244846 0.003300180 -0.003676904 0.999987781 36.174453735
0.999981761 0.004761484 -0.003719348 0.709109008 -0.004748248 0.999982536 0.003559391 -1.029191256 0.003736230 -0.003541666 0.999986768 36.716773987
0.999980330 0.005105595 -0.003649613 0.710129857 -0.005093898 0.999981880 0.003207300 -1.037320614 0.003665922 -0.003188646 0.999988198 37.271461487
0.999982238 0.004554796 -0.003847660 0.723658025 -0.004544554 0.999986112 0.002666497 -1.047503471 0.003859751 -0.002648964 0.999989092 37.820785522
0.999977708 0.004850744 -0.004573516 0.742006063 -0.004837335 0.999983966 0.002938299 -1.066037178 0.004587696 -0.002916109 0.999985218 38.349006653
0.999977827 0.004809900 -0.004600104 0.749787569 -0.004799556 0.999985993 0.002257050 -1.073200822 0.004610896 -0.002234921 0.999986887 38.895114899
0.999975145 0.005109868 -0.004852672 0.759206176 -0.005097545 0.999983788 0.002548706 -1.091848373 0.004865617 -0.002523907 0.999984980 39.465824127
0.999973416 0.005843546 -0.004356870 0.755633831 -0.005828010 0.999976754 0.003570038 -1.120502949 0.004377631 -0.003544551 0.999984086 39.998828888
0.999971449 0.005378733 -0.005306668 0.777247429 -0.005361437 0.999980271 0.003268320 -1.127972364 0.005324142 -0.003239775 0.999980509 40.545745850
0.999972463 0.005258052 -0.005228431 0.783798695 -0.005243288 0.999982238 0.002833300 -1.136951447 0.005243234 -0.002805807 0.999982297 41.095020294
0.999970436 0.005803417 -0.005046317 0.781133413 -0.005789280 0.999979258 0.002811746 -1.152959824 0.005062530 -0.002782448 0.999983311 41.636428833
0.999970019 0.006090262 -0.004778599 0.785801232 -0.006079367 0.999978840 0.002291273 -1.162487030 0.004792452 -0.002262153 0.999985993 42.188766479
0.999969006 0.006458428 -0.004515757 0.789204717 -0.006450071 0.999977529 0.001862930 -1.173633456 0.004527687 -0.001833745 0.999988079 42.724445343
0.999969542 0.006728410 -0.003958507 0.787732959 -0.006719241 0.999974728 0.002324556 -1.184021592 0.003974049 -0.002297887 0.999989450 43.276142120
0.999966621 0.006854297 -0.004440631 0.804820299 -0.006847164 0.999975264 0.001619161 -1.195703149 0.004451619 -0.001588702 0.999988854 43.825412750
0.999965966 0.007109152 -0.004178530 0.813727379 -0.007102305 0.999973416 0.001650960 -1.208190441 0.004190155 -0.001621227 0.999989986 44.372711182
0.999962986 0.007594544 -0.004037361 0.812943220 -0.007590432 0.999970675 0.001033024 -1.209501982 0.004045087 -0.001002341 0.999991298 44.899318695
0.999966562 0.007308590 -0.003668807 0.814960718 -0.007303999 0.999972522 0.001263139 -1.235393524 0.003677938 -0.001236300 0.999992490 45.446624756
0.999963999 0.007715820 -0.003536382 0.821513176 -0.007712553 0.999969780 0.000936674 -1.242482424 0.003543503 -0.000909366 0.999993324 45.991222382
0.999963641 0.007836189 -0.003360724 0.825303555 -0.007834962 0.999969244 0.000378263 -1.248344541 0.003363583 -0.000351918 0.999994278 46.520313263
0.999963284 0.007721457 -0.003718892 0.833647311 -0.007717380 0.999969542 0.001109201 -1.274742246 0.003727343 -0.001080460 0.999992490 47.051704407
0.999961674 0.007974041 -0.003621024 0.848003149 -0.007975334 0.999968112 -0.000342851 -1.275239944 0.003618176 0.000371717 0.999993384 47.601074219
0.999962628 0.008000636 -0.003279104 0.854624748 -0.008000006 0.999967933 0.000206199 -1.298962593 0.003280649 -0.000179958 0.999994516 48.141494751
0.999956906 0.008494535 -0.003743622 0.862159610 -0.008491097 0.999963522 0.000933865 -1.309577703 0.003751419 -0.000902037 0.999992490 48.668922424
0.999948204 0.009790843 -0.002766479 0.867899477 -0.009790456 0.999952018 0.000154323 -1.318066359 0.002767857 -0.000127230 0.999996185 49.207298279
0.999949336 0.009640699 -0.002905285 0.882637024 -0.009639204 0.999953389 0.000528182 -1.345162868 0.002910241 -0.000500150 0.999995649 49.756202698
0.999948919 0.009523457 -0.003378662 0.891303897 -0.009522474 0.999954581 0.000306914 -1.360027194 0.003381432 -0.000274725 0.999994218 50.295619965
0.999951482 0.009475291 -0.002700884 0.899957657 -0.009475226 0.999955118 0.000037749 -1.370348692 0.002701121 -0.000012156 0.999996364 50.827129364
0.999947190 0.009943843 -0.002594070 0.905281425 -0.009941937 0.999950230 0.000745897 -1.391043782 0.002601358 -0.000720067 0.999996364 51.355709076
0.999948025 0.009682891 -0.003183324 0.918425083 -0.009681540 0.999953032 0.000439556 -1.403511763 0.003187431 -0.000408713 0.999994814 51.886322021
0.999940515 0.010631679 -0.002428875 0.926999211 -0.010630799 0.999943435 0.000374874 -1.421840906 0.002432723 -0.000349031 0.999996960 52.417495728
0.999948978 0.009530431 -0.003353774 0.939081788 -0.009529433 0.999954522 0.000313233 -1.435828924 0.003356606 -0.000281258 0.999994338 52.953109741
0.999940991 0.010541983 -0.002618318 0.942853868 -0.010541070 0.999944329 0.000362723 -1.450829506 0.002621997 -0.000335102 0.999996424 53.497486115
0.999941289 0.010469977 -0.002800773 0.949184775 -0.010469406 0.999945164 0.000218296 -1.468163729 0.002802905 -0.000188961 0.999996066 54.034790039
0.999943912 0.010273551 -0.002556037 0.959248841 -0.010274732 0.999947131 -0.000449622 -1.477692604 0.002551283 0.000475859 0.999996603 54.578014374
0.999939978 0.010556010 -0.002924433 0.971570134 -0.010558211 0.999944031 -0.000737912 -1.491365790 0.002916479 0.000768745 0.999995410 55.130939484
0.999940515 0.010614683 -0.002519370 0.971868217 -0.010612689 0.999943376 0.000803362 -1.516897798 0.002527754 -0.000776577 0.999996483 55.670413971
0.999950290 0.009742666 -0.002104436 0.978399813 -0.009742551 0.999952495 0.000065973 -1.527390838 0.002104979 -0.000045467 0.999997795 56.216430664
0.999943674 0.010325841 -0.002465378 0.998708904 -0.010326559 0.999946654 -0.000278085 -1.538945913 0.002462375 0.000303528 0.999996901 56.776805878
0.999941707 0.010514507 -0.002515109 1.009498954 -0.010516806 0.999944270 -0.000902053 -1.551862955 0.002505484 0.000928451 0.999996364 57.308113098
0.999942541 0.010426338 -0.002496019 1.023597002 -0.010428847 0.999945104 -0.000994171 -1.563786626 0.002485517 0.001020144 0.999996364 57.853164673
0.999940336 0.010592324 -0.002662984 1.034696341 -0.010594102 0.999943614 -0.000654187 -1.585164547 0.002655905 0.000682360 0.999996245 58.388519287
0.999937415 0.010894581 -0.002522156 1.043116808 -0.010896442 0.999940276 -0.000724902 -1.596338987 0.002514108 0.000752339 0.999996603 58.926280975
0.999939740 0.010728408 -0.002337250 1.047252893 -0.010731310 0.999941587 -0.001232929 -1.611641169 0.002323886 0.001257936 0.999996483 59.475955963
0.999941111 0.010549310 -0.002539986 1.056808233 -0.010552536 0.999943554 -0.001260072 -1.633716345 0.002526551 0.001286801 0.999996006 60.021610260
0.999942482 0.010281672 -0.003041900 1.069058180 -0.010285810 0.999946237 -0.001347714 -1.645411611 0.003027879 0.001378925 0.999994516 60.576889038
0.999940872 0.010445430 -0.003016156 1.079987407 -0.010449163 0.999944627 -0.001224487 -1.666354895 0.003003199 0.001255931 0.999994636 61.112648010
0.999939024 0.010831144 -0.002141738 1.080403328 -0.010834407 0.999940157 -0.001518296 -1.675311208 0.002125165 0.001541408 0.999996543 61.681030273
0.999940097 0.010666864 -0.002458130 1.094653249 -0.010669631 0.999942482 -0.001114537 -1.694522142 0.002446100 0.001140698 0.999996305 62.223506927
0.999943495 0.010412470 -0.002130284 1.102622509 -0.010416115 0.999944270 -0.001706892 -1.709640980 0.002112392 0.001728985 0.999996185 62.758758545
0.999939382 0.010657396 -0.002766732 1.115797281 -0.010662188 0.999941587 -0.001722730 -1.723083258 0.002748210 0.001752125 0.999994695 63.294544220
0.999937475 0.010865685 -0.002640489 1.128196120 -0.010868992 0.999940157 -0.001241862 -1.748798490 0.002626837 0.001270484 0.999995708 63.832454681
0.999936402 0.011006309 -0.002452035 1.138995647 -0.011009980 0.999938250 -0.001488555 -1.762022376 0.002435500 0.001515457 0.999995887 64.349922180
0.999936581 0.011007538 -0.002369551 1.144719005 -0.011012905 0.999936938 -0.002263556 -1.775049567 0.002344485 0.002289508 0.999994636 64.886390686
0.999958754 0.008251994 -0.003797021 1.181520343 -0.008261329 0.999962866 -0.002448869 -1.785811663 0.003776672 0.002480137 0.999989808 65.406539917
0.999960303 0.008055845 -0.003821830 1.192129374 -0.008066764 0.999963403 -0.002849840 -1.799706101 0.003798732 0.002880557 0.999988675 65.947120667
0.999943852 0.010303157 -0.002536504 1.181166410 -0.010309628 0.999943614 -0.002551631 -1.810072422 0.002510071 0.002577638 0.999993503 66.539901733
0.999946654 0.009884495 -0.003002105 1.195537567 -0.009892463 0.999947548 -0.002650013 -1.841073513 0.002975752 0.002679570 0.999991953 67.093971252
0.999945343 0.010099846 -0.002701326 1.197638154 -0.010106362 0.999945939 -0.002409182 -1.868040562 0.002676847 0.002436351 0.999993443 67.624710083
0.999950826 0.009506758 -0.002803531 1.213307261 -0.009516242 0.999948919 -0.003389904 -1.878534198 0.002771161 0.003416417 0.999990344 68.172103882
0.999947071 0.009870235 -0.002885428 1.222991824 -0.009879316 0.999946237 -0.003150648 -1.896905661 0.002854175 0.003178988 0.999990880 68.696105957
0.999951780 0.009243364 -0.003309909 1.232131958 -0.009253882 0.999952137 -0.003176025 -1.910844684 0.003280394 0.003206501 0.999989390 69.251640320
0.999946594 0.009919949 -0.002874008 1.240789056 -0.009929637 0.999944985 -0.003376113 -1.928496599 0.002840359 0.003404471 0.999990165 69.808380127
0.999950945 0.009531408 -0.002699187 1.249029636 -0.009538767 0.999950767 -0.002726405 -1.948620796 0.002673069 0.002752018 0.999992669 70.361442566
0.999941766 0.010468870 -0.002625842 1.263159513 -0.010476249 0.999941170 -0.002811435 -1.975905538 0.002596255 0.002838780 0.999992609 70.929191589
0.999956548 0.008967550 -0.002549625 1.277228355 -0.008976430 0.999953568 -0.003493104 -1.981852055 0.002518181 0.003515839 0.999990642 71.519241333
0.999953091 0.009270636 -0.002782384 1.281148672 -0.009279586 0.999951780 -0.003221522 -1.999427438 0.002752384 0.003247191 0.999990940 72.056488037
0.999947488 0.009954740 -0.002407629 1.289486289 -0.009962991 0.999944448 -0.003438821 -2.016353607 0.002373264 0.003462628 0.999991179 72.629020691
0.999952316 0.009296393 -0.002972529 1.303423166 -0.009306778 0.999950588 -0.003498968 -2.035833597 0.002939855 0.003526466 0.999989390 73.189094543
0.999944270 0.010164042 -0.002862759 1.305410028 -0.010173471 0.999942780 -0.003298440 -2.054055929 0.002829070 0.003327380 0.999990463 73.741889954
0.999950111 0.009656125 -0.002564996 1.312487364 -0.009665051 0.999947190 -0.003490568 -2.077615738 0.002531155 0.003515185 0.999990642 74.267295837
0.999951243 0.009482414 -0.002724419 1.331286073 -0.009490867 0.999950051 -0.003106848 -2.094764233 0.002694823 0.003132554 0.999991477 74.805595398
0.999948919 0.009751543 -0.002667812 1.334939480 -0.009761675 0.999945045 -0.003811989 -2.102269173 0.002630492 0.003837836 0.999989152 75.386787415
0.999941707 0.010474009 -0.002668324 1.345353127 -0.010484658 0.999936998 -0.004008132 -2.126741409 0.002626174 0.004035874 0.999988437 75.938697815
0.999948680 0.009833419 -0.002434817 1.352465868 -0.009843702 0.999942541 -0.004248143 -2.141820192 0.002392904 0.004271893 0.999987960 76.485801697
0.999941885 0.010617324 -0.001872115 1.345012307 -0.010624947 0.999935091 -0.004109897 -2.153664351 0.001828358 0.004129550 0.999989748 77.045654297
0.999946952 0.010077405 -0.002142573 1.365669250 -0.010086296 0.999940395 -0.004181393 -2.177533150 0.002100309 0.004202782 0.999988973 77.594535828
0.999964237 0.008099756 -0.002417628 1.393651009 -0.008105290 0.999964535 -0.002288165 -2.201894999 0.002399008 0.002307679 0.999994457 77.982307434
0.999950767 0.009781104 -0.001752437 1.374482393 -0.009788399 0.999943256 -0.004202989 -2.217452765 0.001711227 0.004219936 0.999989629 78.673645020
0.999941468 0.010714659 -0.001490523 1.369162798 -0.010720269 0.999935269 -0.003808496 -2.228797913 0.001449620 0.003824252 0.999991655 79.224334717
0.999953210 0.009349423 -0.002455362 1.409110546 -0.009353681 0.999954760 -0.001728539 -2.278156757 0.002439090 0.001751424 0.999995470 79.665504456
0.999946415 0.010183189 -0.001838808 1.398494482 -0.010190398 0.999940217 -0.003954515 -2.264437675 0.001798429 0.003973042 0.999990463 80.291091919
0.999942005 0.010735922 -0.000796371 1.403718114 -0.010739132 0.999933779 -0.004140576 -2.280220032 0.000751865 0.004148889 0.999991119 80.814521790
0.999944031 0.010559568 0.000631202 1.416674137 -0.010557340 0.999938309 -0.003436575 -2.305438519 -0.000667452 0.003429717 0.999993920 81.307838440
0.999945223 0.010438900 0.000914204 1.442195892 -0.010434668 0.999935329 -0.004518473 -2.316004753 -0.000961312 0.004508688 0.999989390 81.868980408
0.999940336 0.010493266 0.003035636 1.427400112 -0.010482996 0.999939263 -0.003379455 -2.346365213 -0.003070913 0.003347431 0.999989688 82.409584045
0.999912024 0.011450789 0.006689253 1.446558952 -0.011425880 0.999927700 -0.003749964 -2.343098640 -0.006731709 0.003673203 0.999970615 83.011802673
0.999905348 0.009649877 0.009808538 1.473468184 -0.009608313 0.999944687 -0.004275690 -2.370342731 -0.009849256 0.004181041 0.999942720 83.489425659
0.999872088 0.009894299 0.012566450 1.503483653 -0.009848769 0.999944746 -0.003679957 -2.380925655 -0.012602167 0.003555722 0.999914229 84.012237549
0.999810100 0.009902913 0.016790308 1.530331969 -0.009827462 0.999941289 -0.004570402 -2.399071217 -0.016834583 0.004404529 0.999848545 84.580902100
0.999690533 0.010209730 0.022685651 1.545902014 -0.010118873 0.999940336 -0.004116298 -2.432248831 -0.022726329 0.003885471 0.999734104 85.078277588
0.999503970 0.010495531 0.029693555 1.539453030 -0.010356087 0.999934614 -0.004846019 -2.420571089 -0.029742476 0.004536107 0.999547303 85.698913574
0.999347270 0.009550168 0.034839850 1.639899492 -0.009401103 0.999945939 -0.004439847 -2.453546047 -0.034880370 0.004109415 0.999383152 86.120010376
0.999001682 0.011305699 0.043218523 1.675901175 -0.011144931 0.999930084 -0.003959081 -2.471072197 -0.043260250 0.003473461 0.999057770 86.670730591
0.998648822 0.009942316 0.051005185 1.727934361 -0.009708846 0.999941230 -0.004823132 -2.478409052 -0.051050145 0.004321413 0.998686731 87.241668701
0.998252273 0.009964264 0.058252409 1.773952007 -0.009704726 0.999941647 -0.004736647 -2.498846292 -0.058296204 0.004163045 0.998290598 87.771934509
0.997655094 0.010483285 0.067634292 1.811675549 -0.010211468 0.999938488 -0.004363399 -2.515463829 -0.067675881 0.003662522 0.997700632 88.305244446
0.996925592 0.010667548 0.077624187 1.890079975 -0.010315794 0.999934554 -0.004931095 -2.524934292 -0.077671729 0.004115180 0.996970475 88.846015930
0.996238053 0.010061041 0.086072996 1.955906391 -0.009648974 0.999939859 -0.005202107 -2.540867567 -0.086120158 0.004352020 0.996275187 89.390937805
0.995642781 0.008944793 0.092818610 2.020857334 -0.008463494 0.999948621 -0.005577727 -2.564098597 -0.092863731 0.004767854 0.995667338 89.889106750
0.994614363 0.009484816 0.103210218 2.101041317 -0.008952646 0.999944091 -0.005618200 -2.573086739 -0.103257738 0.004663938 0.994643688 90.438056946
0.993540466 0.008212829 0.113180920 2.188613892 -0.007617435 0.999954700 -0.005692033 -2.595492840 -0.113222562 0.004793118 0.993558049 90.935523987
0.992445230 0.008022208 0.122426115 2.269989967 -0.007341636 0.999954998 -0.006009157 -2.613769531 -0.122468799 0.005064951 0.992459416 91.460655212
0.990917683 0.007697881 0.134248778 2.364106178 -0.006943855 0.999957383 -0.006083973 -2.626571417 -0.134289905 0.005096513 0.990929008 91.994758606
0.989196479 0.007776330 0.146389201 2.465200424 -0.006905770 0.999955297 -0.006454151 -2.650282860 -0.146432862 0.005373493 0.989205956 92.514862061
0.987552047 0.007175224 0.157128975 2.573581696 -0.006228385 0.999959290 -0.006517432 -2.669118643 -0.157169372 0.005457644 0.987556517 93.061309814
0.985755205 0.007922314 0.167999730 2.697738647 -0.006957632 0.999955893 -0.006330029 -2.689830065 -0.168042451 0.005070980 0.985766709 93.643844604
0.983454168 0.007775274 0.180989847 2.816411018 -0.006776346 0.999958217 -0.006136939 -2.709435463 -0.181029990 0.004808948 0.983465791 94.173339844
0.981175303 0.006621514 0.193005502 2.947462082 -0.005501162 0.999964714 -0.006340111 -2.728596926 -0.193040684 0.005159006 0.981177211 94.707305908
0.979232788 0.006309146 0.202640817 3.077684402 -0.005152678 0.999967277 -0.006234026 -2.751678467 -0.202673525 0.005060420 0.979233265 95.232131958
0.976395905 0.006826682 0.215880528 3.219846725 -0.005652923 0.999965668 -0.006054078 -2.773150921 -0.215914488 0.004690821 0.976400971 95.765480042
0.973261237 0.005677620 0.229630932 3.361150742 -0.004275370 0.999969065 -0.006603609 -2.781935215 -0.229661316 0.005445279 0.973255336 96.289443970
0.970468998 0.006024926 0.241150767 3.508459091 -0.004752919 0.999971569 -0.005856067 -2.803792000 -0.241179168 0.004536961 0.970470011 96.812278748
0.967767596 0.005509702 0.251784623 3.674995422 -0.003989229 0.999970615 -0.006548824 -2.823551893 -0.251813322 0.005333315 0.967761099 97.316833496
0.964292407 0.005729437 0.264778256 3.845672607 -0.004221913 0.999971509 -0.006262281 -2.843060732 -0.264806598 0.004920800 0.964288950 97.817733765
0.960808754 0.004364827 0.277177751 4.017671585 -0.002546515 0.999972820 -0.006919727 -2.860710621 -0.277200371 0.005942697 0.960793734 98.336746216
0.957413375 0.004354445 0.288687915 4.190507889 -0.002574542 0.999975264 -0.006544910 -2.882038593 -0.288709253 0.005522945 0.957400858 98.842239380
0.953144193 0.003946543 0.302490532 4.376247406 -0.002159796 0.999978185 -0.006241051 -2.902351856 -0.302508563 0.005295303 0.953131974 99.337936401
0.948707223 0.002683816 0.316144586 4.579053879 -0.000614972 0.999977708 -0.006643571 -2.918521404 -0.316155344 0.006108385 0.948687673 99.843650818
0.944739699 0.002690216 0.327810019 4.784194946 -0.000388878 0.999974787 -0.007085688 -2.932788372 -0.327820808 0.006566654 0.944716990 100.366134644
0.940227628 0.002647904 0.340536386 4.993219376 -0.000385566 0.999977350 -0.006710954 -2.961950541 -0.340546459 0.006178526 0.940207362 100.862892151
0.935010612 0.002420478 0.354611427 5.222341537 0.000015763 0.999976397 -0.006867121 -2.973577976 -0.354619682 0.006426421 0.934988558 101.378608704
0.930422783 0.002099874 0.366481930 5.429246902 0.000122793 0.999981701 -0.006041456 -3.002943993 -0.366487890 0.005666111 0.930405557 101.866683960
0.925375700 0.002397162 0.379043460 5.632198334 -0.000197334 0.999983013 -0.005842372 -3.031901836 -0.379050881 0.005331592 0.925360441 102.313270569
0.919309020 0.002217552 0.393529922 5.865615845 -0.000033088 0.999984562 -0.005557646 -3.052669525 -0.393536121 0.005096173 0.919295013 102.813247681
0.913911462 0.001031660 0.405912161 6.130653381 0.001387663 0.999983132 -0.005665864 -3.071637630 -0.405911207 0.005741368 0.913894534 103.312240601
0.908995390 0.000692200 0.416805476 6.373275757 0.001971564 0.999980330 -0.005960403 -3.090293407 -0.416801453 0.006239738 0.908976257 103.784675598
0.903111219 0.000984168 0.429405570 6.628082275 0.001744392 0.999980628 -0.005960632 -3.107106209 -0.429403156 0.006132165 0.903092086 104.289024353
0.896448851 0.001108320 0.443145722 6.887275696 0.001606862 0.999982238 -0.005751539 -3.124378443 -0.443144172 0.005868035 0.896431088 104.774841309
0.890553772 0.000384032 0.454877764 7.151851654 0.002406725 0.999981642 -0.005556095 -3.146841049 -0.454871505 0.006042767 0.890536547 105.247245789
0.884717584 -0.000227970 0.466127396 7.422649384 0.003084224 0.999980748 -0.005364846 -3.165095091 -0.466117203 0.006184016 0.884701312 105.713172913
0.877393901 -0.000208468 0.479770899 7.733692169 0.002885499 0.999984086 -0.004842423 -3.185748339 -0.479762375 0.005633092 0.877380431 106.196357727
0.870616794 -0.000860869 0.491961271 8.024696350 0.003896917 0.999979138 -0.005146482 -3.202223063 -0.491946608 0.006397747 0.870601952 106.651245117
