1.000000000 0.000000000 0.000000000 0.000000000 0.000000000 1.000000000 0.000000000 0.000000000 0.000000000 0.000000000 1.000000000 0.000000000
1.000000000 -0.000081244 -0.000211481 0.003680915 0.000081273 1.000000000 0.000138686 -0.003176902 0.000211470 -0.000138703 0.999999940 -0.002287776
1.000000000 0.000036311 0.000004860 0.000663818 -0.000036312 1.000000000 0.000071918 -0.002747794 -0.000004857 -0.000071918 1.000000000 -0.003171084
1.000000000 -0.000109214 -0.000149471 0.006436822 0.000109242 1.000000000 0.000186138 -0.003009022 0.000149450 -0.000186154 1.000000000 -0.004514717
1.000000000 -0.000042758 -0.000053003 0.000908522 0.000042760 1.000000000 0.000041529 -0.000476280 0.000053001 -0.000041531 1.000000000 0.000127077
1.000000000 -0.000030422 0.000061829 -0.000653554 0.000030422 1.000000000 0.000007368 -0.001644355 -0.000061829 -0.000007367 1.000000000 -0.001528438
1.000000000 -0.000089000 -0.000134062 0.004899187 0.000089024 1.000000000 0.000174931 -0.003238335 0.000134046 -0.000174943 1.000000000 -0.007152083
1.000000000 -0.000124576 -0.000064330 -0.000451073 0.000124578 1.000000000 0.000038547 0.000406286 0.000064325 -0.000038555 1.000000000 0.000480453
1.000000000 0.000006493 -0.000087157 0.002582149 -0.000006485 1.000000000 0.000090355 -0.003414185 0.000087157 -0.000090354 1.000000000 -0.009050223
1.000000000 0.000021244 0.000039265 0.000616884 -0.000021248 1.000000000 0.000107983 -0.002585820 -0.000039262 -0.000107984 1.000000000 -0.005674375
1.000000000 0.000117559 0.000088615 -0.001164604 -0.000117563 1.000000000 0.000047520 -0.000961899 -0.000088610 -0.000047531 1.000000000 -0.005088547
1.000000000 -0.000105813 -0.000022345 -0.000500199 0.000105815 1.000000000 0.000090756 -0.003836737 0.000022335 -0.000090758 1.000000000 -0.008561282
1.000000000 -0.000066322 -0.000006854 0.000307408 0.000066322 1.000000000 0.000061309 -0.001839003 0.000006850 -0.000061309 1.000000000 -0.006264150
1.000000000 -0.000062779 -0.000017367 0.000557773 0.000062781 1.000000000 0.000090178 -0.001805055 0.000017361 -0.000090179 1.000000000 -0.005922246
1.000000000 -0.000228322 -0.000082912 0.001128466 0.000228338 0.999999940 0.000188672 -0.002310087 0.000082869 -0.000188691 1.000000000 -0.008376571
0.999999940 -0.000241820 -0.000110009 -0.000567294 0.000241834 0.999999940 0.000124768 -0.002831536 0.000109979 -0.000124794 1.000000000 -0.009178431
1.000000000 -0.000168050 0.000023922 0.000016987 0.000168049 1.000000000 0.000052544 -0.001159246 -0.000023930 -0.000052540 1.000000000 -0.008025689
1.000000000 0.000055026 0.000003753 0.002020862 -0.000055027 1.000000000 0.000180988 -0.003591704 -0.000003743 -0.000180988 1.000000000 -0.011535306
1.000000000 -0.000229966 -0.000072909 0.001905003 0.000229977 0.999999940 0.000149180 -0.004761882 0.000072875 -0.000149196 1.000000000 -0.010223521
1.000000000 -0.000218639 -0.000047150 0.002371270 0.000218645 0.999999940 0.000125510 -0.005361488 0.000047122 -0.000125520 1.000000000 -0.012274240
1.000000000 -0.000067280 -0.000039378 0.002782257 0.000067290 0.999999940 0.000246039 -0.005682086 0.000039361 -0.000246042 0.999999940 -0.014090613
1.000000000 0.000027527 0.000049927 -0.000577948 -0.000027533 1.000000000 0.000113091 -0.001097525 -0.000049924 -0.000113092 1.000000000 -0.006723068
0.999999940 -0.000217484 -0.000157079 0.004673817 0.000217511 0.999999940 0.000167830 -0.003480157 0.000157043 -0.000167864 1.000000000 -0.012763157
1.000000000 -0.000202469 -0.000097801 0.003046805 0.000202495 0.999999940 0.000263366 -0.004566955 0.000097747 -0.000263385 0.999999940 -0.010386429
1.000000000 -0.000073076 -0.000135016 0.006001764 0.000073103 1.000000000 0.000200774 -0.003424176 0.000135001 -0.000200784 1.000000000 -0.015832953
1.000000000 -0.000081672 -0.000044182 0.000849842 0.000081681 1.000000000 0.000203947 -0.003213653 0.000044165 -0.000203951 1.000000000 -0.013727630
1.000000000 -0.000084232 -0.000013703 -0.001587825 0.000084234 1.000000000 0.000205628 -0.004853461 0.000013685 -0.000205630 1.000000000 -0.015333128
1.000000000 -0.000065961 0.000000088 -0.001243416 0.000065960 1.000000000 0.000196264 -0.003483223 -0.000000101 -0.000196264 1.000000000 -0.009558953
0.999999940 -0.000235732 -0.000151512 -0.000156799 0.000235754 0.999999940 0.000142463 -0.000004431 0.000151479 -0.000142499 1.000000000 -0.007467174
1.000000000 -0.000116273 -0.000105104 0.001724173 0.000116295 1.000000000 0.000205648 -0.002767577 0.000105080 -0.000205660 1.000000000 -0.009627613
1.000000000 -0.000136800 0.000024193 -0.001251179 0.000136797 1.000000000 0.000123305 -0.001613427 -0.000024210 -0.000123302 1.000000000 -0.003100132
0.999999940 -0.000234300 -0.000090664 -0.001583833 0.000234321 0.999999940 0.000229551 -0.002698611 0.000090610 -0.000229572 0.999999940 -0.009508069
0.999999940 -0.000192369 -0.000157760 0.002249795 0.000192410 0.999999940 0.000262071 -0.003633901 0.000157710 -0.000262102 0.999999940 -0.014242994
1.000000000 -0.000028973 -0.000125196 -0.000184747 0.000028984 1.000000000 0.000081246 -0.001122403 0.000125194 -0.000081250 1.000000000 -0.005713509
1.000000000 -0.000097173 -0.000073729 -0.001024713 0.000097178 1.000000000 0.000071197 -0.000656617 0.000073722 -0.000071204 1.000000000 -0.007071079
1.000000000 -0.000187063 -0.000070223 -0.001729389 0.000187062 1.000000000 -0.000013525 0.000389517 0.000070226 0.000013512 1.000000000 -0.010867556
0.999999940 -0.000271596 -0.000213465 0.003720174 0.000271611 0.999999940 0.000071482 -0.001137097 0.000213445 -0.000071539 1.000000000 -0.009890411
1.000000000 -0.000212104 -0.000045042 0.000737034 0.000212106 1.000000000 0.000033591 0.000200312 0.000045035 -0.000033600 1.000000000 -0.008462536
1.000000000 -0.000092675 -0.000117627 0.002382198 0.000092716 0.999999940 0.000348154 -0.003515066 0.000117594 -0.000348165 0.999999940 -0.018583197
0.999999940 -0.000267667 -0.000240706 0.004898491 0.000267708 0.999999940 0.000168291 -0.005756722 0.000240661 -0.000168355 0.999999940 -0.006481311
1.000000000 -0.000060385 -0.000181182 0.008514687 0.000060308 0.999999881 -0.000424023 -0.008925380 0.000181208 0.000424012 0.999999881 0.041513737
1.000000000 -0.000036234 -0.000186800 0.008140573 0.000035988 0.999999106 -0.001317289 -0.003201249 0.000186848 0.001317282 0.999999106 0.144050807
1.000000000 -0.000056024 -0.000044327 0.004508173 0.000055960 0.999998987 -0.001434921 -0.010020656 0.000044407 0.001434919 0.999998987 0.263713509
0.999999940 -0.000309870 0.000204080 0.001649766 0.000310120 0.999999225 -0.001225708 -0.016503723 -0.000203700 0.001225772 0.999999225 0.384454966
1.000000000 0.000142569 -0.000014129 0.005976163 -0.000142585 0.999999344 -0.001125775 -0.021734832 0.000013968 0.001125777 0.999999344 0.534437895
1.000000000 0.000162506 0.000043895 0.017649945 -0.000162454 0.999999285 -0.001178912 -0.026049931 -0.000044086 0.001178905 0.999999285 0.681166887
1.000000000 0.000056990 0.000166947 0.031486876 -0.000056871 0.999999762 -0.000712829 -0.039349608 -0.000166987 0.000712819 0.999999762 0.857315361
1.000000000 -0.000080452 0.000147131 0.023867555 0.000080532 0.999999821 -0.000549130 -0.038472064 -0.000147087 0.000549142 0.999999821 1.022572160
0.999999821 0.000231052 0.000582341 0.011481592 -0.000230627 0.999999702 -0.000729795 -0.039077912 -0.000582510 0.000729660 0.999999583 1.204886198
0.999999940 0.000151739 0.000300809 0.032251026 -0.000151604 0.999999881 -0.000449943 -0.053550914 -0.000300877 0.000449898 0.999999881 1.420048237
0.999999821 0.000320113 0.000485964 0.031713769 -0.000319828 0.999999762 -0.000587555 -0.058140501 -0.000486152 0.000587399 0.999999702 1.611303926
0.999999642 0.000401799 0.000707331 0.038436655 -0.000401622 0.999999881 -0.000250732 -0.069463864 -0.000707432 0.000250448 0.999999702 1.809147120
0.999996841 -0.002273196 0.001046097 0.000939878 0.002270594 0.999994338 0.002482323 -0.092073232 -0.001051734 -0.002479940 0.999996364 1.927835464
0.999997079 -0.001823335 0.001570930 0.004144513 0.001819792 0.999995828 0.002253646 -0.097034864 -0.001575032 -0.002250780 0.999996245 2.152172565
0.999997854 -0.001265350 0.001618935 0.002746568 0.001261704 0.999996662 0.002251270 -0.097442634 -0.001621779 -0.002249222 0.999996185 2.362628937
0.999997437 -0.002051118 0.000947527 0.011323635 0.002048705 0.999994695 0.002540876 -0.115709774 -0.000952734 -0.002538928 0.999996305 2.618233442
0.999997616 -0.001769254 0.001246100 0.013308717 0.001765690 0.999994397 0.002855247 -0.120988950 -0.001251144 -0.002853040 0.999995112 2.854230404
0.999997795 -0.001725608 0.001197281 0.024419403 0.001722280 0.999994695 0.002774787 -0.126732305 -0.001202062 -0.002772719 0.999995470 3.083971500
0.999997139 -0.001988032 0.001301720 0.020171199 0.001984615 0.999994636 0.002620938 -0.127966776 -0.001306924 -0.002618347 0.999995708 3.347676754
0.999996901 -0.002283600 0.001010135 0.025979310 0.002280768 0.999993503 0.002796103 -0.144032747 -0.001016513 -0.002793791 0.999995589 3.563328743
0.999997795 -0.001886634 0.000965300 0.026539978 0.001883862 0.999994159 0.002864284 -0.150038883 -0.000970698 -0.002862459 0.999995470 3.812440395
0.999996185 -0.002670669 0.000665458 0.041395929 0.002668721 0.999992192 0.002911322 -0.157280415 -0.000673228 -0.002909535 0.999995470 4.085045815
0.999998152 -0.001585329 0.001101932 0.038409326 0.001581915 0.999993980 0.003092723 -0.162218764 -0.001106828 -0.003090973 0.999994695 4.345497131
0.999997199 -0.001853334 0.001549745 0.033269782 0.001848268 0.999992967 0.003264614 -0.178054586 -0.001555785 -0.003261740 0.999993443 4.550769806
0.999996543 -0.001861799 0.001851550 0.038856618 0.001855223 0.999992073 0.003547177 -0.186213389 -0.001858140 -0.003543730 0.999991953 4.811883450
0.999996424 -0.001610191 0.002134397 0.039918158 0.001603326 0.999993622 0.003213941 -0.189330727 -0.002139558 -0.003210508 0.999992549 5.077881813
0.999996305 -0.001778820 0.002029218 0.037280686 0.001771743 0.999992371 0.003483779 -0.200164899 -0.002035399 -0.003480171 0.999991894 5.359042168
0.999994397 -0.000960514 0.003202744 0.022311099 0.000949229 0.999993443 0.003523180 -0.224733979 -0.003206107 -0.003520120 0.999988675 5.571294308
0.999993205 -0.000667149 0.003639420 0.021733664 0.000654844 0.999994099 0.003381118 -0.229070649 -0.003641655 -0.003378711 0.999987721 5.852901936
0.999992728 -0.000443379 0.003785396 0.029152237 0.000430262 0.999993861 0.003465363 -0.240772188 -0.003786910 -0.003463709 0.999986827 6.124606609
0.999991715 -0.000362093 0.004059442 0.030494640 0.000348191 0.999994159 0.003424796 -0.248309597 -0.004060658 -0.003423354 0.999985933 6.407912731
0.999993265 -0.001235060 0.003454273 0.047915377 0.001222692 0.999992907 0.003580353 -0.261879086 -0.003458670 -0.003576106 0.999987662 6.693286419
0.999991953 -0.001030914 0.003878437 0.062067598 0.001016164 0.999992192 0.003803195 -0.266429275 -0.003882328 -0.003799223 0.999985278 6.988086700
0.999996066 -0.002407663 0.001534210 0.086323038 0.002401415 0.999988854 0.004061801 -0.287127197 -0.001543972 -0.004058101 0.999990582 7.294294357
0.999996126 -0.002317925 0.001552794 0.097281903 0.002311617 0.999989152 0.004052253 -0.298716545 -0.001562170 -0.004048649 0.999990523 7.604012489
0.999995887 -0.002569970 0.001256672 0.114152804 0.002563970 0.999985397 0.004753186 -0.312125385 -0.001268869 -0.004749944 0.999987841 7.925275326
0.999995768 -0.002536072 0.001407780 0.105604410 0.002530122 0.999987960 0.004212146 -0.307972819 -0.001418446 -0.004208568 0.999990106 8.243950844
0.999994576 -0.002887164 0.001607593 0.108284511 0.002879755 0.999985278 0.004592792 -0.315432519 -0.001620830 -0.004588137 0.999988139 8.568210602
0.999995351 -0.002520405 0.001682397 0.090981081 0.002512248 0.999985158 0.004832681 -0.334371239 -0.001694552 -0.004828432 0.999986887 8.886556625
0.999994934 -0.001841657 0.002595440 0.100493520 0.001829182 0.999986827 0.004800703 -0.343643963 -0.002604247 -0.004795931 0.999985099 9.137178421
0.999993622 -0.002585476 0.002473929 0.115426019 0.002574043 0.999986053 0.004613384 -0.347398430 -0.002485822 -0.004606986 0.999986291 9.481662750
0.999994218 -0.002386587 0.002424755 0.119836546 0.002375454 0.999986649 0.004583869 -0.351283640 -0.002435663 -0.004578082 0.999986529 9.828022957
0.999993026 -0.002724630 0.002542426 0.130250216 0.002712568 0.999985099 0.004736057 -0.364070237 -0.002555292 -0.004729128 0.999985576 10.198408127
0.999994457 -0.002180143 0.002552695 0.137580484 0.002166975 0.999984443 0.005150152 -0.376456797 -0.002563884 -0.005144591 0.999983430 10.569055557
0.999993563 -0.002115849 0.002910812 0.130500168 0.002100522 0.999984026 0.005258446 -0.386468410 -0.002921892 -0.005252298 0.999981880 10.970530510
0.999994278 -0.002758907 0.001937239 0.159921840 0.002748654 0.999982297 0.005275088 -0.416774452 -0.001951758 -0.005269733 0.999984205 11.239099503
0.999992847 -0.003405079 0.001672101 0.174642846 0.003396902 0.999982417 0.004869197 -0.419729292 -0.001688651 -0.004863482 0.999986768 11.619551659
0.999994397 -0.002664886 0.002004117 0.180138886 0.002654115 0.999982119 0.005358330 -0.429837465 -0.002018360 -0.005352981 0.999983609 12.009167671
0.999994755 -0.001493254 0.002875621 0.176521063 0.001476457 0.999981880 0.005834379 -0.443321228 -0.002884281 -0.005830102 0.999978840 12.375895500
0.999994338 -0.002531652 0.002204267 0.200507820 0.002519042 0.999980569 0.005704416 -0.451883614 -0.002218666 -0.005698832 0.999981225 12.786216736
0.999993086 -0.003198398 0.001911653 0.200701043 0.003187067 0.999977529 0.005901346 -0.482446015 -0.001930485 -0.005895212 0.999980688 13.151570320
0.999993324 -0.002276064 0.002877109 0.201445311 0.002257272 0.999976158 0.006518029 -0.498337805 -0.002891876 -0.006511491 0.999974608 13.564618111
0.999994099 -0.001982318 0.002804585 0.213409871 0.001963039 0.999974549 0.006860144 -0.502379477 -0.002818112 -0.006854598 0.999972522 14.002176285
0.999992251 -0.003059294 0.002498708 0.232191980 0.003042108 0.999971926 0.006853302 -0.524452865 -0.002519604 -0.006845647 0.999973416 14.427040100
0.999988914 -0.004000091 0.002489195 0.238617361 0.003981524 0.999964535 0.007419575 -0.538605750 -0.002518786 -0.007409581 0.999969363 14.793242455
0.999987423 -0.004293245 0.002643855 0.248993620 0.004273534 0.999963343 0.007416527 -0.562291026 -0.002675599 -0.007405134 0.999968946 15.250382423
0.999988496 -0.003393636 0.003387187 0.257861912 0.003369520 0.999969125 0.007099878 -0.568408191 -0.003411177 -0.007088383 0.999969006 15.684616089
0.999984086 -0.004835653 0.002925613 0.270378351 0.004812849 0.999958336 0.007752032 -0.589129567 -0.002962978 -0.007737827 0.999965668 16.128078461
0.999984205 -0.003968596 0.003992949 0.271356881 0.003939949 0.999966621 0.007157103 -0.587182760 -0.004021219 -0.007141257 0.999966443 16.572580338
0.999985933 -0.003768883 0.003739286 0.302863419 0.003742311 0.999967873 0.007087779 -0.604112923 -0.003765879 -0.007073685 0.999967873 17.021984100
0.999984980 -0.004036574 0.003713063 0.297283977 0.004007878 0.999962270 0.007703719 -0.617334127 -0.003744020 -0.007688722 0.999963403 17.514949799
0.999984145 -0.004295913 0.003630997 0.310789794 0.004267190 0.999959826 0.007881762 -0.627901733 -0.003664711 -0.007866142 0.999962270 17.984127045
0.999980152 -0.004378601 0.004545663 0.323914170 0.004343350 0.999960601 0.007736080 -0.634393692 -0.004579356 -0.007716182 0.999959707 18.453237534
0.999982655 -0.004374742 0.003953843 0.358290523 0.004342465 0.999957442 0.008135415 -0.653364360 -0.003989265 -0.008118104 0.999958992 18.925289154
0.999980330 -0.004670657 0.004193061 0.357197046 0.004636659 0.999956548 0.008081645 -0.661905110 -0.004230625 -0.008062044 0.999958515 19.423059464
0.999980748 -0.004471136 0.004281987 0.360748887 0.004434711 0.999954224 0.008478536 -0.682638705 -0.004319699 -0.008459385 0.999954879 19.834150314
0.999982119 -0.003689267 0.004701904 0.361331791 0.003648693 0.999956250 0.008608898 -0.693865776 -0.004733459 -0.008591588 0.999951839 20.333248138
0.999982297 -0.003135771 0.005050453 0.361453474 0.003088538 0.999951720 0.009333213 -0.716294050 -0.005079476 -0.009317450 0.999943674 20.841850281
0.999982893 -0.004543527 0.003679398 0.386644065 0.004508222 0.999944210 0.009547517 -0.743484378 -0.003722572 -0.009530766 0.999947608 21.364061356
0.999983191 -0.005082521 0.002789077 0.391598076 0.005056341 0.999943852 0.009314976 -0.748086572 -0.002836264 -0.009300717 0.999952674 21.834478378
0.999982715 -0.005200378 0.002741588 0.393953323 0.005173896 0.999940693 0.009579804 -0.763324082 -0.002791244 -0.009565452 0.999950349 22.366680145
0.999985218 -0.004618490 0.002872320 0.390290558 0.004590231 0.999941707 0.009768407 -0.773113728 -0.002917268 -0.009755077 0.999948204 22.907020569
0.999985576 -0.005121251 0.001698990 0.397453755 0.005104940 0.999942064 0.009470453 -0.793203235 -0.001747393 -0.009461641 0.999953687 23.364456177
0.999982893 -0.005717333 0.001209047 0.403101355 0.005705893 0.999940872 0.009263036 -0.807566643 -0.001261935 -0.009255978 0.999956369 23.899425507
0.999985218 -0.005408689 0.000559421 0.404070377 0.005402973 0.999937654 0.009760946 -0.818887770 -0.000612180 -0.009757779 0.999952137 24.438037872
0.999984562 -0.005564143 -0.000419163 0.449289292 0.005567971 0.999936819 0.009762897 -0.835650682 0.000364814 -0.009765079 0.999952257 24.931549072
0.999981999 -0.005957630 -0.000765072 0.456532478 0.005964647 0.999936879 0.009522400 -0.839854360 0.000708293 -0.009526791 0.999954402 25.470712662
0.999985516 -0.005295604 -0.000940857 0.462279975 0.005304611 0.999937415 0.009843082 -0.852495313 0.000888673 -0.009847931 0.999951124 26.002521515
0.999972165 -0.007018526 -0.002546064 0.499752045 0.007045439 0.999917746 0.010719694 -0.849927068 0.002470618 -0.010737335 0.999939322 26.555948257
0.999974370 -0.006897559 -0.001909061 0.465271175 0.006918493 0.999913514 0.011185269 -0.907370448 0.001831745 -0.011198190 0.999935627 27.097059250
0.999972522 -0.006908544 -0.002680084 0.479998231 0.006938811 0.999910414 0.011453550 -0.927379251 0.002600717 -0.011471833 0.999930859 27.646125793
0.999975264 -0.006540911 -0.002583402 0.484783560 0.006571637 0.999905527 0.012069507 -0.936310410 0.002504212 -0.012086186 0.999923766 28.199239731
0.999976695 -0.006144713 -0.002967959 0.498906255 0.006180871 0.999904871 0.012331357 -0.944797873 0.002891904 -0.012349417 0.999919534 28.735155106
0.999973953 -0.006422216 -0.003291235 0.493685275 0.006463098 0.999900103 0.012564904 -0.957286119 0.003210212 -0.012585848 0.999915659 29.315763474
0.999971509 -0.006361629 -0.004043135 0.474980414 0.006410063 0.999906480 0.012081691 -0.970506072 0.003965899 -0.012107262 0.999918818 29.768951416
0.999969482 -0.006561566 -0.004228682 0.488261193 0.006612774 0.999903560 0.012211841 -0.984584451 0.004148145 -0.012239433 0.999916494 30.312664032
0.999964952 -0.006745861 -0.004951345 0.502698958 0.006804565 0.999905646 0.011936624 -0.992450833 0.004870355 -0.011969897 0.999916494 30.867586136
0.999971926 -0.005744738 -0.004814767 0.499785334 0.005806045 0.999900997 0.012817325 -1.031057835 0.004740658 -0.012844919 0.999906242 31.362337112
0.999966502 -0.006437774 -0.005069581 0.509345293 0.006503625 0.999893308 0.013081929 -1.046946049 0.004984822 -0.013114462 0.999901533 31.885595322
0.999962509 -0.006731513 -0.005446214 0.517030299 0.006800188 0.999896348 0.012691010 -1.043230057 0.005360220 -0.012727567 0.999904573 32.411792755
0.999976218 -0.005020745 -0.004739514 0.489134967 0.005081433 0.999904096 0.012880594 -1.075835586 0.004674390 -0.012904370 0.999905705 32.902076721
0.999952614 -0.007656502 -0.006021810 0.508786082 0.007735361 0.999883115 0.013183272 -1.075371146 0.005920168 -0.013229225 0.999894917 33.528175354
0.999958634 -0.007123691 -0.005655006 0.502003193 0.007201051 0.999879122 0.013779481 -1.098188639 0.005556162 -0.013819636 0.999889016 34.049549103
0.999954998 -0.007331910 -0.006021709 0.505715370 0.007413221 0.999880135 0.013593704 -1.104159713 0.005921319 -0.013637734 0.999889433 34.555988312
0.999953926 -0.007036120 -0.006533420 0.520221829 0.007120973 0.999889374 0.013056306 -1.105810165 0.006440831 -0.013102229 0.999893427 35.106338501
0.999961436 -0.006230853 -0.006190729 0.517039835 0.006314400 0.999888003 0.013568806 -1.133193493 0.006105491 -0.013607373 0.999888778 35.667743683
0.999963522 -0.006231139 -0.005838368 0.464853466 0.006314153 0.999877691 0.014309634 -1.176060915 0.005748489 -0.014345977 0.999880493 36.232521057
0.999961495 -0.006335306 -0.006070206 0.469396353 0.006421459 0.999877453 0.014280183 -1.185444832 0.005978993 -0.014318613 0.999879539 36.790779114
0.999961019 -0.006536484 -0.005931894 0.464986503 0.006623497 0.999868989 0.014769570 -1.201195240 0.005834576 -0.014808285 0.999873281 37.301662445
0.999949157 -0.007430203 -0.006820344 0.488510013 0.007528120 0.999867380 0.014445032 -1.208271503 0.006712111 -0.014495642 0.999872327 37.847656250
0.999933839 -0.009016772 -0.007143969 0.497996569 0.009124247 0.999843538 0.015157521 -1.224174261 0.007006180 -0.015221702 0.999859571 38.408340454
0.999950945 -0.007689693 -0.006244561 0.465616196 0.007782823 0.999856770 0.015028833 -1.245666504 0.006128099 -0.015076694 0.999867558 38.890869141
0.999955654 -0.006823063 -0.006488388 0.489094913 0.006920990 0.999860644 0.015191915 -1.241398811 0.006383828 -0.015236150 0.999863565 39.421833038
0.999961317 -0.006790714 -0.005581228 0.482311517 0.006877617 0.999853075 0.015701868 -1.268560767 0.005473780 -0.015739646 0.999861181 39.928142548
0.999957502 -0.006869526 -0.006150899 0.524295628 0.006963282 0.999857783 0.015353443 -1.270625830 0.006044554 -0.015395621 0.999863207 40.464614868
0.999956250 -0.006324233 -0.006890854 0.532077432 0.006424719 0.999871910 0.014659479 -1.271330357 0.006797261 -0.014703110 0.999868810 41.047649384
0.999958515 -0.006254610 -0.006615269 0.521062970 0.006355813 0.999861360 0.015389747 -1.285313129 0.006518096 -0.015431155 0.999859691 41.574748993
0.999952555 -0.006402900 -0.007334271 0.569861352 0.006514670 0.999861419 0.015318432 -1.299750209 0.007235172 -0.015365486 0.999855757 42.127185822
0.999952078 -0.007240528 -0.006581198 0.532770276 0.007349191 0.999834538 0.016639695 -1.296091795 0.006459629 -0.016687267 0.999839902 42.622482300
0.999957561 -0.006700199 -0.006318688 0.506510973 0.006803646 0.999840796 0.016494531 -1.338139057 0.006207165 -0.016536819 0.999844015 43.118988037
0.999956191 -0.006510802 -0.006718716 0.511868715 0.006615822 0.999854386 0.015729049 -1.338644743 0.006615330 -0.015772810 0.999853730 43.658763885
0.999954462 -0.007139703 -0.006330405 0.515821695 0.007240567 0.999844849 0.016056037 -1.348285913 0.006214787 -0.016101142 0.999851048 44.202644348
0.999954700 -0.006792832 -0.006662999 0.524298191 0.006897435 0.999851346 0.015803754 -1.340821505 0.006554657 -0.015848996 0.999852955 44.719944000
0.999948025 -0.007230093 -0.007186563 0.537338734 0.007351556 0.999828100 0.017021058 -1.369229794 0.007062265 -0.017073005 0.999829292 45.241283417
0.999955535 -0.006937488 -0.006386907 0.518358588 0.007045350 0.999830127 0.017023111 -1.407471895 0.006267725 -0.017067350 0.999834716 45.841186523
0.999961674 -0.006144387 -0.006231322 0.516903758 0.006247139 0.999842525 0.016606474 -1.413071394 0.006128304 -0.016644767 0.999842763 46.388626099
0.999952376 -0.006807134 -0.006990067 0.530545473 0.006923852 0.999834657 0.016811468 -1.413294911 0.006874472 -0.016859064 0.999834239 46.944252014
0.999961793 -0.006322582 -0.006027793 0.523144007 0.006420110 0.999846518 0.016300047 -1.417861223 0.005923810 -0.016338125 0.999848962 47.489776611
0.999951661 -0.006782350 -0.007117711 0.553718686 0.006895405 0.999848485 0.015981147 -1.413920879 0.007008242 -0.016029455 0.999846935 47.970508575
0.999959111 -0.006754356 -0.005999012 0.494790047 0.006861325 0.999814570 0.017993050 -1.463811517 0.005876368 -0.018033480 0.999820113 48.466815948
0.999957561 -0.006853205 -0.006154003 0.508900762 0.006957924 0.999828517 0.017159386 -1.462623358 0.006035350 -0.017201476 0.999833822 49.016166687
0.999942243 -0.008151086 -0.006995205 0.528935671 0.008273625 0.999809623 0.017671218 -1.475731850 0.006849835 -0.017728074 0.999819398 49.559654236
0.999959111 -0.006675985 -0.006093950 0.527303219 0.006779684 0.999829829 0.017157745 -1.468713999 0.005978366 -0.017198358 0.999834239 50.131340027
0.999951839 -0.007162128 -0.006704175 0.536234736 0.007279112 0.999818802 0.017590782 -1.483000755 0.006576973 -0.017638735 0.999822795 50.546737671
0.999952376 -0.006840085 -0.006959816 0.535150647 0.006961608 0.999821067 0.017588886 -1.488126755 0.006838262 -0.017636500 0.999821126 51.087257385
0.999952137 -0.006896853 -0.006958386 0.553341866 0.007011524 0.999837756 0.016591845 -1.483873844 0.006842827 -0.016639838 0.999838114 51.630126953
0.999941349 -0.008066101 -0.007234171 0.587542772 0.008182484 0.999835253 0.016205192 -1.472963333 0.007102266 -0.016263431 0.999842525 52.161407471
0.999961972 -0.006221118 -0.006108587 0.530043364 0.006329780 0.999819100 0.017932935 -1.521956682 0.005995921 -0.017970918 0.999820530 52.589160919
0.999969721 -0.005501166 -0.005512998 0.539951861 0.005598632 0.999825537 0.017822627 -1.522200584 0.005413992 -0.017852953 0.999826014 53.125156403
0.999967217 -0.005842295 -0.005595764 0.518351674 0.005938288 0.999832809 0.017294433 -1.524325132 0.005493790 -0.017327096 0.999834716 53.638092041
0.999957204 -0.006675581 -0.006404170 0.575161099 0.006786335 0.999825001 0.017431041 -1.532357097 0.006286685 -0.017473759 0.999827564 54.237045288
0.999965847 -0.005486407 -0.006169975 0.576904833 0.005591720 0.999836743 0.017182780 -1.525615096 0.006074697 -0.017216695 0.999833226 54.739009857
0.999958813 -0.006769007 -0.006044049 0.533402920 0.006876277 0.999816000 0.017907292 -1.563162565 0.005921724 -0.017948117 0.999821305 55.151725769
0.999969542 -0.006077868 -0.004892002 0.491776824 0.006170165 0.999798954 0.019078035 -1.602193356 0.004775065 -0.019107638 0.999806046 55.520362854
0.999970198 -0.005956761 -0.004906318 0.502940297 0.006050016 0.999797046 0.019216953 -1.604775548 0.004790851 -0.019246064 0.999803305 56.053524017
0.999972343 -0.005949954 -0.004475029 0.509004235 0.006030028 0.999818087 0.018098228 -1.604835391 0.004366531 -0.018124713 0.999826193 56.637748718
0.999973416 -0.006024960 -0.004110557 0.509771943 0.006097798 0.999820411 0.017943516 -1.610243440 0.004001709 -0.017968101 0.999830544 57.184612274
0.999961138 -0.007099944 -0.005229171 0.572562754 0.007188845 0.999826491 0.017183378 -1.593184948 0.005106262 -0.017220302 0.999838710 57.680179596
0.999976873 -0.005781401 -0.003576905 0.486283302 0.005843711 0.999826968 0.017662115 -1.611724496 0.003474175 -0.017682610 0.999837577 58.169132233
0.999964476 -0.006432278 -0.005447644 0.544133484 0.006539099 0.999782085 0.019823400 -1.643225551 0.005318946 -0.019858316 0.999788642 58.426620483
0.999956131 -0.006681708 -0.006555132 0.569516778 0.006804536 0.999798238 0.018897876 -1.632287860 0.006427540 -0.018941654 0.999799907 59.000530243
0.999964416 -0.006495350 -0.005382436 0.556242704 0.006590997 0.999817133 0.017947052 -1.635610104 0.005264880 -0.017981889 0.999824464 59.509441376
0.999956787 -0.006591853 -0.006566082 0.615373552 0.006711425 0.999808908 0.018358083 -1.642522454 0.006443814 -0.018401355 0.999809921 59.990047455
0.999955356 -0.006738935 -0.006629964 0.631666780 0.006856908 0.999815524 0.017934943 -1.640164852 0.006507879 -0.017979598 0.999817193 60.531528473
0.999962032 -0.006244326 -0.006077482 0.644788921 0.006350377 0.999825060 0.017589804 -1.623360157 0.005966583 -0.017627731 0.999826789 61.032466888
0.999965787 -0.005923100 -0.005768504 0.603641033 0.006036402 0.999785244 0.019826254 -1.659038782 0.005649831 -0.019860400 0.999786794 61.371051788
0.999962211 -0.006508134 -0.005768830 0.609597564 0.006617262 0.999795616 0.019104032 -1.665674329 0.005643319 -0.019141488 0.999800801 61.917812347
0.999966085 -0.006106350 -0.005521498 0.605308175 0.006209585 0.999802530 0.018877253 -1.672213197 0.005405135 -0.018910900 0.999806583 62.449234009
0.999964654 -0.006249412 -0.005646752 0.632793188 0.006349695 0.999819279 0.017919477 -1.653442502 0.005533745 -0.017954696 0.999823511 63.023162842
0.999964178 -0.005516134 -0.006415029 0.666862011 0.005631111 0.999821305 0.018045248 -1.644729853 0.006314341 -0.018080726 0.999816597 63.585906982
0.999957800 -0.007042604 -0.005902564 0.621256888 0.007155951 0.999786079 0.019407239 -1.679675102 0.005764623 -0.019448658 0.999794245 63.815147400
0.999962032 -0.006906558 -0.005310487 0.627398551 0.007005968 0.999796212 0.018934451 -1.682427883 0.005178634 -0.018970938 0.999806643 64.363464355
0.999964118 -0.006635596 -0.005269214 0.639308929 0.006733554 0.999800682 0.018796053 -1.684901834 0.005143441 -0.018830862 0.999809504 64.903556824
0.999965906 -0.006507567 -0.005088068 0.667424083 0.006601862 0.999802589 0.018740866 -1.677013278 0.004965106 -0.018773818 0.999811471 65.460868835
0.999954402 -0.006940883 -0.006557032 0.735822439 0.007055704 0.999819279 0.017653512 -1.650620937 0.006433314 -0.017698970 0.999822676 66.009262085
0.999953330 -0.007115613 -0.006536825 0.696610570 0.007241415 0.999785066 0.019427421 -1.691865563 0.006397182 -0.019473851 0.999789834 66.280815125
0.999957442 -0.006982924 -0.006035053 0.679273248 0.007096971 0.999792576 0.019087223 -1.695522785 0.005900517 -0.019129241 0.999799609 66.845512390
0.999965072 -0.005683004 -0.006123955 0.713325858 0.005798152 0.999803543 0.018951958 -1.711890697 0.006015048 -0.018986803 0.999801576 67.340583801
0.999953091 -0.007006732 -0.006680764 0.737210035 0.007126148 0.999812126 0.018021701 -1.689969301 0.006553237 -0.018068466 0.999815166 67.885902405
0.999962926 -0.006285251 -0.005885160 0.720379353 0.006392061 0.999811947 0.018309858 -1.703793287 0.005768972 -0.018346798 0.999814987 68.410064697
0.999960244 -0.006385517 -0.006213701 0.726293802 0.006506106 0.999786973 0.019584103 -1.731902838 0.006087321 -0.019623753 0.999788821 68.712181091
0.999956787 -0.006734725 -0.006402566 0.745699167 0.006858704 0.999785423 0.019543247 -1.734763384 0.006269574 -0.019586317 0.999788463 69.223899841
0.999962151 -0.006255582 -0.006045686 0.750398874 0.006369330 0.999799550 0.018982464 -1.752956271 0.005925728 -0.019020256 0.999801457 69.757766724
0.999971628 -0.004455624 -0.006072130 0.835211575 0.004575728 0.999791265 0.019911472 -1.785426855 0.005982145 -0.019938692 0.999783218 70.159225464
0.999956727 -0.006282213 -0.006854589 0.848254740 0.006412105 0.999797046 0.019095076 -1.742254138 0.006733239 -0.019138206 0.999794066 70.694084167
0.999949515 -0.007431681 -0.006772891 0.806680858 0.007557114 0.999796748 0.018686296 -1.732965589 0.006632645 -0.018736536 0.999802411 71.298210144
0.999943912 -0.008551033 -0.006241061 0.744808078 0.008668615 0.999780655 0.019062651 -1.728029490 0.006076689 -0.019115683 0.999798834 71.756919861
0.999947608 -0.008015169 -0.006361277 0.752139807 0.008136234 0.999781787 0.019239593 -1.734738708 0.006205679 -0.019290341 0.999794722 72.301025391
0.999938607 -0.008746675 -0.006804319 0.740850806 0.008869158 0.999795258 0.018183893 -1.727889776 0.006643879 -0.018243127 0.999811471 72.832794189
0.999929905 -0.009556305 -0.006986040 0.761552334 0.009680145 0.999792695 0.017913502 -1.727267265 0.006813406 -0.017979871 0.999815166 73.373390198
0.999941468 -0.008642239 -0.006513830 0.767660201 0.008762000 0.999788821 0.018587327 -1.756245613 0.006351818 -0.018643316 0.999805987 73.781379700
0.999938190 -0.009010471 -0.006511157 0.775049448 0.009131089 0.999782741 0.018738806 -1.756688714 0.006340897 -0.018797103 0.999803126 74.205268860
0.999932647 -0.009420404 -0.006764728 0.781576633 0.009546750 0.999775887 0.018894611 -1.755835533 0.006585215 -0.018957922 0.999798536 74.766273499
0.999937057 -0.009103726 -0.006550484 0.753837347 0.009221899 0.999791086 0.018242368 -1.744760752 0.006383042 -0.018301629 0.999812126 75.344749451
0.999923348 -0.010381197 -0.006750378 0.777200043 0.010498369 0.999790728 0.017560508 -1.720653296 0.006566667 -0.017630031 0.999822974 75.840347290
0.999927700 -0.010096303 -0.006521333 0.740689754 0.010207401 0.999799371 0.017233625 -1.720619798 0.006346029 -0.017298944 0.999830186 76.467987061
0.999946654 -0.008690871 -0.005586325 0.739576519 0.008790263 0.999798894 0.018020628 -1.751054287 0.005428585 -0.018068770 0.999822021 76.764648438
0.999954164 -0.008496348 -0.004422971 0.753906727 0.008578471 0.999784708 0.018892083 -1.761872888 0.004261505 -0.018929159 0.999811769 77.299919128
0.999951959 -0.009254747 -0.003224820 0.762986004 0.009310091 0.999801815 0.017591927 -1.762672782 0.003061373 -0.017621107 0.999840021 77.871849060
0.999961138 -0.008704356 -0.001363374 0.762809932 0.008726824 0.999809682 0.017447345 -1.763235927 0.001211246 -0.017458564 0.999846816 78.405632019
0.999971092 -0.007593900 0.000290084 0.744545639 0.007587205 0.999798834 0.018566925 -1.777532578 -0.000431021 -0.018564189 0.999827504 78.812911987
0.999967575 -0.007438461 0.003069143 0.767404795 0.007380346 0.999801040 0.018530734 -1.788799047 -0.003206372 -0.018507482 0.999823511 79.370216370
0.999954402 -0.006369503 0.007126939 0.776162505 0.006231836 0.999796689 0.019174840 -1.809041858 -0.007247624 -0.019129546 0.999790668 79.918151855
0.999925494 -0.006946619 0.010049660 0.801884472 0.006763679 0.999812901 0.018124510 -1.770863295 -0.010173681 -0.018055186 0.999785185 80.487243652
0.999873579 -0.006921464 0.014314403 0.797232151 0.006662504 0.999814689 0.018060040 -1.764444113 -0.014436752 -0.017962387 0.999734402 80.916069031
0.999764442 -0.005947950 0.020872869 0.810434282 0.005574536 0.999824286 0.017902747 -1.769369364 -0.020975681 -0.017782174 0.999621868 81.477027893
0.999628842 -0.006399431 0.026480993 0.869011879 0.005920226 0.999817908 0.018135233 -1.770682454 -0.026592229 -0.017971724 0.999484837 81.998580933
0.999457896 -0.006892830 0.032188047 0.892291903 0.006309158 0.999814391 0.018199671 -1.768951893 -0.032307521 -0.017986726 0.999316156 82.564178467
0.999163926 -0.007217351 0.040240865 0.893885851 0.006505568 0.999820530 0.017791064 -1.775258660 -0.040362041 -0.017514398 0.999031603 83.075881958
0.998793960 -0.007341672 0.048545741 0.950263500 0.006463871 0.999813199 0.018214257 -1.792739749 -0.048670396 -0.017878499 0.998654902 83.589408875
0.998429418 -0.007019656 0.055583701 1.008262634 0.006001100 0.999811351 0.018470490 -1.802784204 -0.055702876 -0.018107915 0.998283207 84.106094360
0.997908771 -0.007890767 0.064154245 1.052734375 0.006764710 0.999819577 0.017750649 -1.793399572 -0.064282730 -0.017279543 0.997782111 84.749794006
0.997226000 -0.008449916 0.073951989 1.124775887 0.007170074 0.999820173 0.017554799 -1.790141344 -0.074087039 -0.016975861 0.997107327 85.341583252
0.996483028 -0.007398221 0.083467938 1.149735451 0.005885432 0.999814212 0.018355699 -1.815160513 -0.083588213 -0.017799897 0.996341407 85.759338379
0.995799184 -0.008958428 0.091125034 1.222849369 0.007378935 0.999816895 0.017655428 -1.806703568 -0.091266498 -0.016908856 0.995683014 86.308784485
0.994740427 -0.007178002 0.102175981 1.306869030 0.005336468 0.999818504 0.018285112 -1.821443319 -0.102288708 -0.017643681 0.994598269 86.835296631
0.993669569 -0.007933394 0.112061620 1.412121773 0.005901562 0.999812245 0.018451493 -1.845161080 -0.112186961 -0.017673349 0.993529916 87.346046448
0.992593408 -0.009173078 0.121137269 1.431112289 0.007046196 0.999813616 0.017974317 -1.810133219 -0.121279560 -0.016987633 0.992472947 87.822357178
0.991166234 -0.008696551 0.132340610 1.521233559 0.006410585 0.999822974 0.017689645 -1.809157729 -0.132471010 -0.016684994 0.991046488 88.377365112
0.989424407 -0.008493057 0.144800693 1.615056038 0.005938778 0.999819279 0.018063108 -1.819523811 -0.144927889 -0.017012136 0.989295959 88.905220032
0.987843394 -0.009710249 0.155148566 1.732875824 0.007085333 0.999822378 0.017462781 -1.823655605 -0.155290544 -0.016151210 0.987736762 89.443069458
0.986259520 -0.009057930 0.164954856 1.833201408 0.006183332 0.999820113 0.017931767 -1.835205913 -0.165087566 -0.016665401 0.986138105 89.970504761
0.984102309 -0.009908541 0.177326024 1.921580315 0.006847291 0.999816895 0.017867051 -1.823827386 -0.177470595 -0.016368801 0.983989954 90.501449585
0.981850684 -0.010239293 0.189378768 2.031592369 0.006812160 0.999801219 0.018738804 -1.831845760 -0.189532980 -0.017108630 0.981725276 90.925636292
0.979850888 -0.010922495 0.199431926 2.169295311 0.007373408 0.999801159 0.018530043 -1.837259531 -0.199594632 -0.016686184 0.979736447 91.454139709
0.976936698 -0.009783119 0.213305190 2.304613113 0.006063777 0.999818027 0.018084014 -1.833135605 -0.213443309 -0.016373502 0.976818204 92.001159668
0.973779619 -0.010014414 0.227273449 2.443256378 0.005950043 0.999810040 0.018561253 -1.839615107 -0.227416143 -0.016722281 0.973654032 92.503952026
0.971060932 -0.010194770 0.238614485 2.602003098 0.005948943 0.999811053 0.018507075 -1.859527230 -0.238758072 -0.016551990 0.970937967 93.050788879
0.967553020 -0.008002179 0.252541363 2.622634888 0.003582314 0.999832332 0.017956499 -1.735348701 -0.252642721 -0.016469182 0.967419446 93.546356201
0.963703454 -0.007609952 0.266866505 2.781072617 0.002890378 0.999832511 0.018073486 -1.738812804 -0.266959339 -0.016646137 0.963563979 94.074317932
0.960145712 -0.008046963 0.279384613 2.964014053 0.003148070 0.999833405 0.017978860 -1.747177720 -0.279482752 -0.016382802 0.960010886 94.591964722
0.957103550 -0.009961519 0.289574683 3.147380829 0.004841912 0.999819100 0.018390791 -1.748290420 -0.289705485 -0.016199796 0.956978798 95.049926758
0.952542305 -0.008957524 0.304274678 3.336311340 0.003557981 0.999826312 0.018295445 -1.760149240 -0.304385692 -0.016344579 0.952408612 95.689300537
0.947887778 -0.009311108 0.318468720 3.557138443 0.003719727 0.999828100 0.018160727 -1.750589371 -0.318583071 -0.016029712 0.947759390 96.167175293
0.943989813 -0.009800267 0.329829216 3.755279541 0.003973887 0.999823987 0.018334441 -1.758394718 -0.329950839 -0.015996819 0.943862557 96.666694641
0.939594924 -0.009815562 0.342147738 4.012681961 0.004204825 0.999844313 0.017136458 -1.739225626 -0.342262655 -0.014662663 0.939489901 97.345634460
0.934348881 -0.009780891 0.356225342 4.237369537 0.004044103 0.999849975 0.016845571 -1.737643003 -0.356336653 -0.014299033 0.934248209 97.867279053
0.929713249 -0.011021842 0.368119180 4.463712692 0.005033342 0.999839067 0.017224049 -1.755435705 -0.368249655 -0.014160560 0.929619074 98.367805481
0.924994707 -0.010589059 0.379832596 4.700189590 0.004434255 0.999844372 0.017075287 -1.760594487 -0.379954249 -0.014110274 0.924897730 98.901115417
0.919667721 -0.012530313 0.392497241 4.953569412 0.005872780 0.999817908 0.018158151 -1.790805697 -0.392653257 -0.014394421 0.919573963 99.306449890
0.913661540 -0.012164412 0.406293839 5.180545807 0.005154589 0.999818504 0.018343018 -1.809316397 -0.406443179 -0.014665034 0.913558364 99.795089722
0.908538878 -0.010798111 0.417660743 5.422157288 0.003506782 0.999827862 0.018221021 -1.773827791 -0.417785555 -0.015089859 0.908420324 100.357963562
0.903195262 -0.011200681 0.429083765 5.685127258 0.003577689 0.999821305 0.018568235 -1.785508275 -0.429215014 -0.015235614 0.903073728 100.831527710
0.896131575 -0.009836028 0.443679303 5.944774628 0.001838515 0.999828100 0.018452035 -1.789929152 -0.443784535 -0.015719742 0.895995677 101.351455688
0.890582085 -0.011667352 0.454672873 6.221160889 0.003806193 0.999827206 0.018201230 -1.791909456 -0.454806656 -0.014479119 0.890472472 101.825523376
0.884027898 -0.010674419 0.467312217 6.492259979 0.002631448 0.999837101 0.017860446 -1.783900976 -0.467426687 -0.014559430 0.883911908 102.351837158
0.876895547 -0.009626132 0.480584621 6.807739258 0.001020236 0.999834478 0.018165164 -1.794066668 -0.480679989 -0.015438641 0.876760125 102.836723328
0.869814634 -0.012184906 0.493228167 7.021945953 0.003495761 0.999822080 0.018535178 -1.795408964 -0.493366301 -0.014397964 0.869702399 103.245422363
