1.000000000 0.000000000 0.000000000 0.000000000 0.000000000 1.000000000 0.000000000 0.000000000 0.000000000 0.000000000 1.000000000 0.000000000
1.000000000 0.000011726 -0.000022898 0.000407894 -0.000011725 1.000000000 0.000035940 -0.001002910 0.000022898 -0.000035940 1.000000000 -0.001607042
1.000000000 -0.000020347 -0.000003070 0.000929092 0.000020347 1.000000000 -0.000009745 -0.000470629 0.000003070 0.000009744 1.000000000 -0.002617830
1.000000000 -0.000146826 -0.000112408 0.001862677 0.000146835 1.000000000 0.000075315 -0.001934394 0.000112397 -0.000075332 1.000000000 -0.004390371
1.000000000 -0.000151810 -0.000086198 -0.000140579 0.000151809 1.000000000 -0.000006041 0.000205157 0.000086199 0.000006028 1.000000000 -0.003262397
1.000000000 -0.000174964 -0.000037773 0.000860202 0.000174967 1.000000000 0.000064356 -0.000758068 0.000037761 -0.000064363 1.000000000 -0.001446668
1.000000000 -0.000192497 -0.000011255 0.000180721 0.000192498 1.000000000 0.000044846 -0.000783655 0.000011246 -0.000044848 1.000000000 -0.004069297
1.000000000 -0.000086929 -0.000045126 0.000102267 0.000086930 1.000000000 0.000038757 0.000349055 0.000045123 -0.000038761 1.000000000 -0.003977132
1.000000000 -0.000068236 -0.000024832 0.000261637 0.000068236 1.000000000 -0.000011551 0.000545873 0.000024833 0.000011549 1.000000000 -0.000344111
1.000000000 -0.000093502 -0.000072700 -0.000314219 0.000093502 1.000000000 0.000005653 0.001363048 0.000072699 -0.000005659 1.000000000 -0.001512220
1.000000000 -0.000193062 -0.000134651 0.000984540 0.000193068 1.000000000 0.000048884 -0.000325525 0.000134641 -0.000048910 1.000000000 -0.002728068
1.000000000 -0.000188117 -0.000101444 0.000113217 0.000188117 1.000000000 0.000001576 0.000515528 0.000101444 -0.000001595 1.000000000 -0.000314763
1.000000000 -0.000193261 -0.000070310 -0.000732483 0.000193264 1.000000000 0.000037842 0.000983716 0.000070303 -0.000037856 1.000000000 -0.000807754
1.000000000 -0.000162433 -0.000053060 0.000344089 0.000162435 1.000000000 0.000036395 -0.000124467 0.000053054 -0.000036404 1.000000000 -0.003583900
1.000000000 -0.000156490 -0.000078182 0.001328697 0.000156499 1.000000000 0.000118353 -0.000592312 0.000078164 -0.000118365 1.000000000 -0.004100373
1.000000000 -0.000137844 -0.000043645 0.002071289 0.000137849 1.000000000 0.000107633 -0.001292553 0.000043630 -0.000107639 1.000000000 -0.007158302
1.000000000 -0.000110236 -0.000073132 0.001087517 0.000110238 1.000000000 0.000025647 0.000645603 0.000073130 -0.000025655 1.000000000 -0.002496713
1.000000000 -0.000104531 -0.000095780 0.001084142 0.000104538 1.000000000 0.000075342 -0.000223517 0.000095772 -0.000075352 1.000000000 -0.004362592
0.999999940 -0.000277497 -0.000134474 0.000885196 0.000277507 0.999999940 0.000080686 -0.000667486 0.000134452 -0.000080724 1.000000000 -0.003721681
0.999999940 -0.000270692 -0.000131392 0.000980117 0.000270698 0.999999940 0.000044768 0.000620754 0.000131380 -0.000044803 1.000000000 -0.000483331
0.999999940 -0.000251615 -0.000074694 -0.000172226 0.000251620 0.999999940 0.000060973 -0.000718706 0.000074679 -0.000060991 1.000000000 -0.002722140
1.000000000 -0.000175083 -0.000112206 0.003010056 0.000175091 1.000000000 0.000065328 0.000023021 0.000112195 -0.000065348 1.000000000 -0.002154270
1.000000000 -0.000144586 -0.000118310 0.002514716 0.000144595 1.000000000 0.000080995 -0.000909924 0.000118298 -0.000081012 1.000000000 -0.002381669
0.999999940 -0.000251532 -0.000147313 0.001465206 0.000251544 0.999999940 0.000081861 -0.000515117 0.000147293 -0.000081898 1.000000000 -0.004326245
0.999999940 -0.000238910 -0.000184940 0.002609978 0.000238924 0.999999940 0.000075735 -0.000569944 0.000184921 -0.000075779 1.000000000 -0.004085468
0.999999940 -0.000299032 -0.000142448 0.001580289 0.000299042 0.999999940 0.000072859 0.000341129 0.000142427 -0.000072901 1.000000000 -0.003037901
0.999999940 -0.000296179 -0.000182871 0.002878907 0.000296192 0.999999940 0.000071555 -0.000287233 0.000182850 -0.000071609 1.000000000 -0.004344528
0.999999940 -0.000388203 -0.000142809 0.001089370 0.000388213 0.999999940 0.000069090 -0.000632739 0.000142782 -0.000069145 1.000000000 -0.004670557
0.999999940 -0.000203670 -0.000152668 0.001532266 0.000203683 1.000000000 0.000088283 -0.000050714 0.000152650 -0.000088315 1.000000000 -0.001986116
1.000000000 -0.000201313 -0.000131176 0.002582766 0.000201327 1.000000000 0.000106699 -0.000981281 0.000131154 -0.000106725 1.000000000 -0.003794582
0.999999940 -0.000293923 -0.000151618 0.000574580 0.000293934 0.999999940 0.000070375 0.000733494 0.000151597 -0.000070420 1.000000000 -0.000877223
0.999999940 -0.000302741 -0.000154807 0.000585675 0.000302757 0.999999940 0.000103906 0.000186116 0.000154775 -0.000103953 1.000000000 -0.003622564
0.999999940 -0.000210574 -0.000148961 0.001509530 0.000210576 1.000000000 0.000014205 0.000248908 0.000148958 -0.000014236 1.000000000 -0.002153509
0.999999940 -0.000325265 -0.000156658 0.002041667 0.000325272 0.999999940 0.000047077 0.000006704 0.000156643 -0.000047128 1.000000000 -0.001772619
0.999999940 -0.000312011 -0.000117493 0.000943991 0.000312021 0.999999940 0.000084829 -0.000780680 0.000117467 -0.000084866 1.000000000 -0.005488925
0.999999940 -0.000310822 -0.000196892 0.002969830 0.000310829 0.999999940 0.000033719 0.000217018 0.000196882 -0.000033780 1.000000000 -0.003271431
1.000000000 -0.000183822 -0.000140405 0.002881912 0.000183838 1.000000000 0.000111722 -0.000449047 0.000140384 -0.000111748 1.000000000 -0.006964977
0.999999940 -0.000292412 -0.000137827 0.000503843 0.000292421 0.999999940 0.000063303 0.000032411 0.000137808 -0.000063343 1.000000000 -0.004452463
0.999999940 -0.000266016 -0.000160529 0.001347320 0.000266036 0.999999940 0.000127478 -0.000491448 0.000160496 -0.000127521 1.000000000 -0.003658245
0.999999940 -0.000264553 -0.000185098 0.002656460 0.000264562 0.999999940 0.000049916 -0.001064484 0.000185085 -0.000049965 1.000000000 0.000200331
0.999999940 -0.000260370 -0.000105145 0.001671593 0.000260313 0.999999821 -0.000540224 -0.000787760 0.000105285 0.000540197 0.999999821 0.048700400
1.000000000 -0.000119929 -0.000150161 0.001909535 0.000119762 0.999999404 -0.001109660 -0.003629573 0.000150294 0.001109642 0.999999344 0.140712857
0.999999940 -0.000209894 -0.000149320 0.005244489 0.000209681 0.999998987 -0.001426722 -0.007370688 0.000149619 0.001426691 0.999998987 0.254267126
1.000000000 -0.000229773 -0.000080874 0.005874265 0.000229659 0.999998987 -0.001407026 -0.012482148 0.000081197 0.001407007 0.999998987 0.389410526
1.000000000 -0.000120828 -0.000199695 0.011059874 0.000120604 0.999999344 -0.001121712 -0.019097356 0.000199831 0.001121688 0.999999344 0.524588704
1.000000000 -0.000191706 -0.000127883 0.012960715 0.000191572 0.999999464 -0.001042882 -0.022248004 0.000128083 0.001042858 0.999999464 0.685050368
1.000000000 -0.000153237 -0.000150396 0.020363372 0.000153093 0.999999523 -0.000954896 -0.025669307 0.000150542 0.000954873 0.999999523 0.844568968
0.999999940 0.000336572 0.000072026 0.017309036 -0.000336513 0.999999583 -0.000821469 -0.025680183 -0.000072302 0.000821445 0.999999642 1.021865129
0.999999940 -0.000149609 -0.000206493 0.028738737 0.000149496 0.999999821 -0.000544485 -0.037834309 0.000206574 0.000544454 0.999999821 1.179141402
1.000000000 0.000096241 0.000018799 0.030197598 -0.000096234 0.999999940 -0.000350679 -0.041338056 -0.000018833 0.000350677 0.999999940 1.369614124
0.999999464 0.001009423 0.000251779 0.020354621 -0.001009489 0.999999404 0.000259659 -0.053083953 -0.000251517 -0.000259913 0.999999940 1.561908007
0.999999642 0.000713178 0.000476573 0.021766493 -0.000713322 0.999999702 0.000301425 -0.057774354 -0.000476358 -0.000301765 0.999999821 1.757931352
0.999999821 0.000534490 0.000271492 0.030659040 -0.000534697 0.999999583 0.000762329 -0.065554731 -0.000271085 -0.000762474 0.999999702 1.961340308
0.999999046 0.001164366 0.000728125 0.025514916 -0.001164843 0.999999046 0.000653852 -0.069985829 -0.000727363 -0.000654700 0.999999523 2.178687334
0.999999523 0.000948422 0.000294483 0.033072487 -0.000948769 0.999998868 0.001178788 -0.081820406 -0.000293364 -0.001179067 0.999999285 2.384552002
0.999999583 0.000881501 0.000316685 0.038705595 -0.000881848 0.999999046 0.001098483 -0.086543903 -0.000315716 -0.001098761 0.999999344 2.612768173
0.999999464 0.001015208 0.000356344 0.043415874 -0.001015587 0.999998868 0.001065641 -0.094600379 -0.000355261 -0.001066002 0.999999404 2.842686415
0.999999344 0.001046157 0.000427234 0.049522329 -0.001046605 0.999998927 0.001049400 -0.098433070 -0.000426136 -0.001049846 0.999999404 3.067030191
0.999999642 0.000786878 0.000415850 0.050679993 -0.000787339 0.999999106 0.001109432 -0.105721436 -0.000414976 -0.001109759 0.999999344 3.311175346
0.999999225 0.001002524 0.000707136 0.054553442 -0.001003391 0.999998748 0.001227765 -0.123741403 -0.000705905 -0.001228473 0.999998987 3.544321060
0.999999344 0.000968741 0.000634953 0.060596183 -0.000969642 0.999998510 0.001420808 -0.130409867 -0.000633576 -0.001421422 0.999998748 3.797106981
0.999998868 0.001195446 0.000863017 0.062648684 -0.001196693 0.999998212 0.001446677 -0.138317734 -0.000861286 -0.001447708 0.999998569 4.062028885
0.999999464 0.000711599 0.000906278 0.062453523 -0.000713380 0.999997795 0.001965572 -0.143853769 -0.000904877 -0.001966217 0.999997616 4.326625347
0.999999881 0.000136029 0.000583500 0.072204448 -0.000137188 0.999997973 0.001985751 -0.152821496 -0.000583228 -0.001985830 0.999997795 4.575507641
0.999999642 0.000316025 0.000826765 0.075213343 -0.000317856 0.999997497 0.002215714 -0.158588886 -0.000826062 -0.002215977 0.999997258 4.843170166
0.999999762 -0.000041635 0.000694021 0.084487334 0.000039903 0.999996901 0.002495582 -0.169281542 -0.000694123 -0.002495553 0.999996662 5.103399277
0.999999225 0.000720238 0.001036167 0.086373270 -0.000722879 0.999996483 0.002550135 -0.185092360 -0.001034326 -0.002550882 0.999996126 5.382352829
0.999999106 0.001003591 0.000937738 0.093608446 -0.001006069 0.999996066 0.002645458 -0.195155054 -0.000935080 -0.002646399 0.999996006 5.646611214
0.999999046 0.001091912 0.000937789 0.097732954 -0.001094335 0.999996006 0.002587236 -0.199224889 -0.000934960 -0.002588259 0.999996185 5.926803112
0.999999166 0.000863127 0.000967921 0.102207184 -0.000865634 0.999996245 0.002591604 -0.210800171 -0.000965680 -0.002592439 0.999996126 6.205393314
0.999997199 0.001928445 0.001340823 0.096565649 -0.001932958 0.999992430 0.003373205 -0.230504334 -0.001334307 -0.003375788 0.999993324 6.430028439
0.999998093 0.001632678 0.001065919 0.105814084 -0.001635977 0.999993861 0.003100823 -0.240199178 -0.001060850 -0.003102562 0.999994576 6.711905956
0.999997079 0.002010726 0.001352995 0.115766443 -0.002015167 0.999992549 0.003289465 -0.251541346 -0.001346370 -0.003292182 0.999993622 7.007368088
0.999996364 0.002229464 0.001530300 0.110512778 -0.002234331 0.999992371 0.003186229 -0.255320072 -0.001523184 -0.003189636 0.999993742 7.321026325
0.999996424 0.002250385 0.001480026 0.124994986 -0.002255389 0.999991715 0.003387623 -0.268469959 -0.001472390 -0.003390949 0.999993145 7.615004063
0.999998212 0.001398966 0.001272716 0.131887868 -0.001403482 0.999992669 0.003553966 -0.282259852 -0.001267735 -0.003555746 0.999992788 7.925384521
0.999998450 0.001306766 0.001163366 0.143503711 -0.001310960 0.999992669 0.003611153 -0.290775836 -0.001158639 -0.003612673 0.999992788 8.234439850
0.999998868 0.001057845 0.001049442 0.147959903 -0.001061668 0.999992788 0.003649053 -0.296375215 -0.001045574 -0.003650163 0.999992728 8.578488350
0.999997437 0.001796919 0.001409980 0.150194541 -0.001802059 0.999991775 0.003652345 -0.304589361 -0.001403406 -0.003654876 0.999992251 8.918677330
0.999997377 0.001677296 0.001531694 0.150675863 -0.001683045 0.999991536 0.003759824 -0.316451579 -0.001525375 -0.003762392 0.999991655 9.261657715
0.999996841 0.002007145 0.001474689 0.163876146 -0.002012456 0.999991477 0.003609040 -0.331576645 -0.001467433 -0.003611996 0.999992371 9.563337326
0.999995351 0.002550694 0.001695232 0.170070767 -0.002557049 0.999989748 0.003757087 -0.340590447 -0.001685631 -0.003761404 0.999991477 9.911971092
0.999997139 0.001890619 0.001416459 0.173392147 -0.001895897 0.999991238 0.003733952 -0.347875923 -0.001409387 -0.003736627 0.999992013 10.288339615
0.999997139 0.001848266 0.001457973 0.190316588 -0.001853968 0.999990642 0.003919032 -0.359566182 -0.001450715 -0.003921724 0.999991298 10.633292198
0.999996960 0.001860035 0.001617312 0.194780231 -0.001866736 0.999989629 0.004151653 -0.375520647 -0.001609574 -0.004154660 0.999990046 10.948469162
0.999997616 0.001564737 0.001518838 0.205548808 -0.001570929 0.999990404 0.004084412 -0.385143816 -0.001512432 -0.004086788 0.999990463 11.322563171
0.999996483 0.002009043 0.001689451 0.210776985 -0.002016071 0.999989271 0.004168898 -0.392740965 -0.001681057 -0.004172290 0.999989867 11.718118668
0.999997020 0.001892483 0.001541332 0.222434312 -0.001899563 0.999987543 0.004604658 -0.408256054 -0.001532599 -0.004607572 0.999988198 12.083949089
0.999996662 0.001752538 0.001899867 0.236536115 -0.001761108 0.999988258 0.004519110 -0.423327416 -0.001891924 -0.004522441 0.999987960 12.459018707
0.999996603 0.001606993 0.002048892 0.243022442 -0.001616371 0.999988198 0.004583692 -0.431917042 -0.002041502 -0.004586988 0.999987364 12.863131523
0.999997735 0.001488032 0.001554959 0.259472162 -0.001495123 0.999988437 0.004569006 -0.446841985 -0.001548143 -0.004571321 0.999988317 13.260271072
0.999996662 0.001754952 0.001903870 0.265276045 -0.001763886 0.999987423 0.004701730 -0.452793747 -0.001895595 -0.004705073 0.999987125 13.675289154
0.999994814 0.002294818 0.002259618 0.276281238 -0.002306570 0.999983728 0.005212066 -0.470099688 -0.002247620 -0.005217251 0.999983847 14.085268974
0.999996960 0.001382466 0.002045776 0.288521111 -0.001392983 0.999985754 0.005147980 -0.491352290 -0.002038630 -0.005150814 0.999984682 14.422170639
0.999997973 0.000595791 0.001935291 0.301161766 -0.000605716 0.999986649 0.005132055 -0.500684261 -0.001932208 -0.005133217 0.999984980 14.839604378
0.999997973 0.000180460 0.001995208 0.316502541 -0.000191090 0.999985754 0.005328837 -0.515814483 -0.001994218 -0.005329208 0.999983847 15.266521454
0.999995470 0.001086030 0.002775447 0.318318427 -0.001100978 0.999984801 0.005389893 -0.529013693 -0.002769552 -0.005392925 0.999981642 15.674670219
0.999995589 0.000911071 0.002796276 0.330191493 -0.000926095 0.999985039 0.005376391 -0.537860394 -0.002791336 -0.005378957 0.999981642 16.123910904
0.999994874 0.001020235 0.003003145 0.343915284 -0.001036823 0.999984205 0.005527357 -0.550879121 -0.002997458 -0.005530442 0.999980211 16.565015793
0.999992371 0.001239467 0.003701360 0.342218995 -0.001261247 0.999981880 0.005887638 -0.584722042 -0.003693995 -0.005892262 0.999975801 16.964111328
0.999990940 0.001249362 0.004084752 0.351420701 -0.001274020 0.999980986 0.006039515 -0.594453633 -0.004077130 -0.006044665 0.999973357 17.432086945
0.999990106 0.001051052 0.004322566 0.368262231 -0.001076758 0.999981701 0.005948844 -0.605853915 -0.004316235 -0.005953440 0.999972880 17.895212173
0.999988496 0.001175932 0.004640080 0.378426760 -0.001202597 0.999982715 0.005747843 -0.615833521 -0.004633241 -0.005753356 0.999972761 18.367374420
0.999990404 0.000187705 0.004381286 0.384841621 -0.000214842 0.999980927 0.006194180 -0.640599847 -0.004380039 -0.006195063 0.999971151 18.755376816
0.999990940 0.000379272 0.004237093 0.401934266 -0.000407106 0.999978423 0.006570122 -0.653182507 -0.004234509 -0.006571787 0.999969423 19.236448288
0.999989390 0.001308192 0.004429079 0.410878688 -0.001336856 0.999978125 0.006475015 -0.662402451 -0.004420512 -0.006480867 0.999969184 19.707813263
0.999990821 0.000251014 0.004279765 0.427856386 -0.000279067 0.999978483 0.006555477 -0.670648098 -0.004278028 -0.006556612 0.999969363 20.210569382
0.999993443 0.000270356 0.003600623 0.437687278 -0.000293681 0.999978960 0.006479050 -0.690807223 -0.003598795 -0.006480066 0.999972463 20.630517960
0.999994993 0.000428254 0.003112800 0.443111390 -0.000447412 0.999980867 0.006156735 -0.694892108 -0.003110104 -0.006158096 0.999976218 21.146514893
0.999995887 0.000477503 0.002824460 0.443740010 -0.000495186 0.999980271 0.006263352 -0.709610045 -0.002821413 -0.006264725 0.999976337 21.646690369
0.999996126 -0.000238476 0.002746055 0.462951422 0.000218144 0.999972582 0.007402362 -0.751650691 -0.002747745 -0.007401736 0.999968827 22.101118088
0.999997377 -0.000492174 0.002229298 0.475593507 0.000476023 0.999973655 0.007239977 -0.760745406 -0.002232803 -0.007238897 0.999971330 22.618425369
0.999998510 -0.001066037 0.001346915 0.491651207 0.001056031 0.999971986 0.007407647 -0.781778216 -0.001354775 -0.007406213 0.999971628 23.094972610
0.999998033 -0.001666330 0.001016762 0.495970398 0.001658845 0.999971747 0.007318952 -0.794330239 -0.001028930 -0.007317251 0.999972701 23.614467621
0.999999762 -0.000457654 0.000563729 0.505298793 0.000453475 0.999972582 0.007390594 -0.803956270 -0.000567096 -0.007390337 0.999972463 24.119829178
0.999999821 -0.000328875 -0.000425938 0.514972091 0.000332184 0.999969482 0.007791706 -0.814166009 0.000423362 -0.007791845 0.999969542 24.643587112
0.999999404 -0.000504301 -0.000892498 0.522738039 0.000511163 0.999970198 0.007705448 -0.825030923 0.000888586 -0.007705901 0.999969840 25.168451309
0.999999166 -0.000662544 -0.001123034 0.528862119 0.000671137 0.999970436 0.007668810 -0.835782051 0.001117920 -0.007669557 0.999969900 25.717197418
0.999996901 -0.001634583 -0.001853114 0.542524040 0.001650178 0.999962926 0.008445255 -0.852362156 0.001839241 -0.008448287 0.999962628 26.235397339
0.999995947 -0.001246290 -0.002554485 0.557905436 0.001267601 0.999964297 0.008358075 -0.867748201 0.002543978 -0.008361279 0.999961853 26.777616501
0.999995589 -0.001091294 -0.002760094 0.558936298 0.001114474 0.999963999 0.008410513 -0.879383326 0.002750817 -0.008413552 0.999960840 27.282026291
0.999995351 -0.000821814 -0.002954144 0.562748551 0.000846594 0.999964356 0.008396839 -0.889709175 0.002947138 -0.008399299 0.999960423 27.825584412
0.999992013 -0.000942991 -0.003873986 0.578615427 0.000977066 0.999960780 0.008803455 -0.913338780 0.003865532 -0.008807168 0.999953747 28.380229950
0.999990106 -0.001506616 -0.004184162 0.595307410 0.001543403 0.999960065 0.008802778 -0.916697264 0.004170733 -0.008809148 0.999952495 28.875427246
0.999989152 -0.001486413 -0.004424542 0.606106162 0.001524245 0.999962211 0.008559235 -0.925355077 0.004411652 -0.008565886 0.999953568 29.413764954
0.999987781 -0.001407536 -0.004756483 0.619361460 0.001448048 0.999962687 0.008524434 -0.932824135 0.004744307 -0.008531216 0.999952376 29.970685959
0.999986649 -0.001957315 -0.004767288 0.619366705 0.001998773 0.999960065 0.008707044 -0.947748423 0.004750056 -0.008716457 0.999950647 30.480241776
0.999981165 -0.002645812 -0.005525121 0.665308714 0.002696625 0.999953926 0.009209679 -0.980703175 0.005500499 -0.009224405 0.999942303 30.927787781
0.999977291 -0.002936655 -0.006053900 0.698738575 0.002995794 0.999947667 0.009783040 -1.023433805 0.006024854 -0.009800953 0.999933779 31.405582428
0.999981046 -0.002355180 -0.005690016 0.664307833 0.002405179 0.999958515 0.008796237 -0.992020607 0.005669063 -0.008809756 0.999945104 32.089115143
0.999980450 -0.002005127 -0.005908653 0.646074414 0.002058332 0.999957263 0.009012356 -1.006874323 0.005890330 -0.009024343 0.999941945 32.608425140
0.999980509 -0.002036201 -0.005901096 0.650386870 0.002087797 0.999959528 0.008750496 -1.012749434 0.005883039 -0.008762646 0.999944329 33.163173676
0.999978006 -0.002036230 -0.006306054 0.659770250 0.002094480 0.999955058 0.009244283 -1.029436111 0.006286947 -0.009257287 0.999937475 33.685230255
0.999976456 -0.002146136 -0.006506127 0.671579540 0.002206064 0.999955058 0.009217772 -1.038558364 0.006486053 -0.009231909 0.999936342 34.213840485
0.999975622 -0.002036554 -0.006665088 0.688686490 0.002097339 0.999956131 0.009125799 -1.041683912 0.006646209 -0.009139556 0.999936223 34.744640350
0.999975741 -0.002149309 -0.006621116 0.684372425 0.002211103 0.999953926 0.009339723 -1.073344231 0.006600736 -0.009354136 0.999934435 35.241607666
0.999974012 -0.002022784 -0.006918197 0.693916798 0.002087957 0.999953389 0.009426387 -1.085994959 0.006898807 -0.009440587 0.999931574 35.795131683
0.999974787 -0.001781950 -0.006863515 0.691901326 0.001849858 0.999949217 0.009900424 -1.109765887 0.006845525 -0.009912872 0.999927402 36.311058044
0.999971926 -0.002053139 -0.007196402 0.710714936 0.002120287 0.999954164 0.009335683 -1.111010909 0.007176906 -0.009350679 0.999930441 36.843906403
0.999970734 -0.002388747 -0.007251462 0.720752478 0.002457415 0.999952078 0.009475476 -1.122410774 0.007228480 -0.009493021 0.999928713 37.387832642
0.999965191 -0.002809636 -0.007851300 0.731860399 0.002886123 0.999948382 0.009747654 -1.135378361 0.007823507 -0.009769976 0.999921560 37.914978027
0.999967515 -0.002301814 -0.007718521 0.738221824 0.002375150 0.999952018 0.009505610 -1.148375392 0.007696270 -0.009523634 0.999924958 38.452838898
0.999964595 -0.002483089 -0.008040089 0.731821775 0.002560506 0.999950349 0.009632906 -1.151896358 0.008015770 -0.009653151 0.999921262 38.959762573
0.999963880 -0.002261097 -0.008193483 0.747601509 0.002340222 0.999950647 0.009660407 -1.167361259 0.008171235 -0.009679233 0.999919772 39.488235474
0.999965072 -0.002308721 -0.008027716 0.744484782 0.002385280 0.999951720 0.009540445 -1.173042059 0.008005301 -0.009559260 0.999922276 40.065479279
0.999964476 -0.001940132 -0.008210602 0.753331780 0.002016888 0.999954224 0.009350535 -1.178700447 0.008192087 -0.009366763 0.999922574 40.625686646
0.999961734 -0.002077040 -0.008497419 0.762392521 0.002156859 0.999953568 0.009395033 -1.183517694 0.008477509 -0.009413001 0.999919772 41.182147980
0.999959707 -0.002709081 -0.008556375 0.761024952 0.002795402 0.999945164 0.010092757 -1.220964551 0.008528563 -0.010116269 0.999912441 41.624702454
0.999959469 -0.002529186 -0.008636781 0.769288003 0.002618188 0.999943435 0.010309235 -1.230622649 0.008610216 -0.010331431 0.999909580 42.174251556
0.999954581 -0.002952865 -0.009061445 0.778288960 0.003042857 0.999946117 0.009933639 -1.239760876 0.009031622 -0.009960760 0.999909580 42.734066010
0.999955714 -0.003312080 -0.008800861 0.775439978 0.003404978 0.999938548 0.010561725 -1.260548592 0.008765338 -0.010591227 0.999905407 43.206939697
0.999953985 -0.003475979 -0.008940165 0.782723427 0.003569259 0.999939144 0.010439083 -1.270618200 0.008903337 -0.010470512 0.999905527 43.732303619
0.999954820 -0.003268203 -0.008929300 0.787070274 0.003359336 0.999942303 0.010210268 -1.282386661 0.008895416 -0.010239801 0.999908030 44.286159515
0.999955535 -0.003163145 -0.008880290 0.804344237 0.003255741 0.999940276 0.010432113 -1.294839382 0.008846762 -0.010460561 0.999906123 44.799961090
0.999948502 -0.003607386 -0.009485384 0.804839134 0.003709035 0.999935627 0.010720659 -1.306582332 0.009446102 -0.010755287 0.999897540 45.336753845
0.999948800 -0.003478391 -0.009499217 0.819964886 0.003584662 0.999930978 0.011193230 -1.323051572 0.009459628 -0.011226709 0.999892235 45.909057617
0.999952137 -0.003608673 -0.009095944 0.817801595 0.003708591 0.999932706 0.010992124 -1.334954977 0.009055665 -0.011025332 0.999898195 46.373886108
0.999954045 -0.003421319 -0.008956045 0.822796822 0.003515431 0.999938488 0.010513640 -1.339208722 0.008919522 -0.010544640 0.999904633 46.921180725
0.999951780 -0.003745743 -0.009069852 0.828184605 0.003846456 0.999930859 0.011112366 -1.357115746 0.009027601 -0.011146720 0.999897122 47.430973053
0.999950290 -0.004165046 -0.009060451 0.834428430 0.004260551 0.999935269 0.010547246 -1.363102913 0.009015936 -0.010585322 0.999903381 47.984729767
0.999948859 -0.004045923 -0.009271921 0.840631366 0.004149648 0.999928713 0.011195253 -1.378202677 0.009225965 -0.011233157 0.999894321 48.488647461
0.999955773 -0.003365418 -0.008773652 0.837710619 0.003462704 0.999932468 0.011096853 -1.384786010 0.008735714 -0.011126745 0.999899983 49.073345184
0.999947846 -0.004005636 -0.009394717 0.848227262 0.004113041 0.999926090 0.011441162 -1.402348518 0.009348192 -0.011479204 0.999890387 49.531539917
0.999946415 -0.004077737 -0.009516043 0.854991555 0.004186122 0.999926269 0.011397654 -1.408291578 0.009468866 -0.011436879 0.999889672 50.080627441
0.999948740 -0.003749749 -0.009404471 0.855880737 0.003858426 0.999925673 0.011564484 -1.418335080 0.009360408 -0.011600178 0.999888897 50.606479645
0.999946296 -0.004023217 -0.009556267 0.863570690 0.004129848 0.999929130 0.011164851 -1.427205801 0.009510672 -0.011203718 0.999892056 51.159938812
0.999951720 -0.003544720 -0.009162647 0.867010057 0.003650880 0.999926090 0.011595577 -1.440500498 0.009120865 -0.011628471 0.999890804 51.651481628
0.999945223 -0.003946273 -0.009691330 0.879197240 0.004050836 0.999933541 0.010793574 -1.439746857 0.009648092 -0.010832243 0.999894738 52.237522125
0.999948561 -0.003645810 -0.009461514 0.880793452 0.003757175 0.999923587 0.011779345 -1.462138414 0.009417844 -0.011814287 0.999885798 52.767009735
0.999952078 -0.003499238 -0.009142801 0.887057841 0.003606638 0.999924362 0.011756953 -1.472218037 0.009100968 -0.011789366 0.999889016 53.222248077
0.999948978 -0.003961114 -0.009289063 0.893153310 0.004066819 0.999926925 0.011388437 -1.480619550 0.009243271 -0.011425635 0.999891996 53.778903961
0.999952555 -0.003586076 -0.009052534 0.893939078 0.003692750 0.999923587 0.011794748 -1.492290735 0.009009546 -0.011827618 0.999889374 54.271846771
0.999955714 -0.003343371 -0.008793119 0.899693727 0.003446946 0.999924541 0.011790417 -1.495990276 0.008753038 -0.011820206 0.999891758 54.824092865
0.999957740 -0.003494147 -0.008513292 0.899243772 0.003594251 0.999924302 0.011771749 -1.512627363 0.008471517 -0.011801850 0.999894381 55.371238708
0.999958634 -0.003273407 -0.008486700 0.895577788 0.003368040 0.999932051 0.011160571 -1.511067867 0.008449591 -0.011188693 0.999901652 55.933216095
0.999954522 -0.003791937 -0.008749336 0.903711736 0.003890140 0.999929309 0.011234470 -1.528872013 0.008706118 -0.011267995 0.999898553 56.516532898
0.999952257 -0.003633860 -0.009073490 0.935634494 0.003743247 0.999920189 0.012067936 -1.540534019 0.009028913 -0.012101326 0.999886036 56.887821198
0.999955535 -0.003235629 -0.008858798 0.939197123 0.003345298 0.999917626 0.012392963 -1.549300313 0.008817971 -0.012422048 0.999884009 57.439132690
0.999952376 -0.003493337 -0.009108720 0.952216327 0.003603541 0.999920189 0.012110537 -1.564271212 0.009065687 -0.012142786 0.999885142 57.936473846
0.999949634 -0.003833175 -0.009272854 0.961919069 0.003943751 0.999921024 0.011935937 -1.571791649 0.009226369 -0.011971907 0.999885738 58.480319977
0.999951899 -0.003788102 -0.009050054 0.969898105 0.003899097 0.999917030 0.012278650 -1.582158804 0.009002790 -0.012313346 0.999883652 59.012073517
0.999948800 -0.004121135 -0.009246318 0.995517254 0.004234223 0.999916136 0.012244583 -1.598286629 0.009195079 -0.012283109 0.999882281 59.500156403
0.999948025 -0.003755979 -0.009483643 1.005249977 0.003871947 0.999917567 0.012239610 -1.601857662 0.009436889 -0.012275694 0.999880075 60.024887085
0.999949872 -0.003638605 -0.009320063 1.004733801 0.003757365 0.999911547 0.012756713 -1.639743567 0.009272821 -0.012791093 0.999875188 60.574234009
0.999951541 -0.003468783 -0.009204642 1.016020775 0.003586691 0.999911368 0.012824225 -1.651648879 0.009159340 -0.012856619 0.999875426 61.105857849
0.999946058 -0.004289120 -0.009461745 1.016196370 0.004408848 0.999909997 0.012669532 -1.660569310 0.009406553 -0.012710562 0.999875009 61.667304993
0.999945939 -0.004217959 -0.009506450 1.022047997 0.004340073 0.999907792 0.012861565 -1.673560262 0.009451325 -0.012902129 0.999872088 62.210685730
0.999950290 -0.003448335 -0.009357319 1.033494473 0.003568800 0.999910593 0.012887781 -1.674540997 0.009312039 -0.012920534 0.999873161 62.702289581
0.999941647 -0.003811517 -0.010110702 1.047914982 0.003939006 0.999912620 0.012619464 -1.678074121 0.010061717 -0.012658554 0.999869287 63.249160767
0.999950469 -0.003096932 -0.009452344 1.045030355 0.003216111 0.999915183 0.012619387 -1.687557459 0.009412463 -0.012649162 0.999875665 63.806079865
0.999949694 -0.003698084 -0.009324337 1.055364847 0.003821040 0.999905527 0.013203362 -1.702637672 0.009274631 -0.013238325 0.999869347 64.293083191
0.999950647 -0.003420868 -0.009321958 1.059723139 0.003542447 0.999908388 0.013057024 -1.704921961 0.009276439 -0.013089404 0.999871314 64.854927063
0.999952137 -0.002957906 -0.009325166 1.064453840 0.003078606 0.999911308 0.012955785 -1.710875273 0.009286019 -0.012983874 0.999872565 65.402053833
0.999951661 -0.003262663 -0.009270891 1.080132842 0.003384015 0.999908388 0.013104214 -1.723597527 0.009227288 -0.013134954 0.999871075 65.919334412
0.999952435 -0.003028568 -0.009272778 1.081379890 0.003147246 0.999912977 0.012810738 -1.731498241 0.009233173 -0.012839313 0.999874890 66.464744568
0.999952793 -0.003503257 -0.009061152 1.089351177 0.003624712 0.999903321 0.013422367 -1.751541376 0.009013254 -0.013454580 0.999868870 66.903770447
0.999942422 -0.004692946 -0.009639177 1.102276444 0.004821390 0.999899328 0.013345564 -1.753164053 0.009575577 -0.013391271 0.999864459 67.454666138
0.999946058 -0.004141265 -0.009525409 1.109858751 0.004267648 0.999902546 0.013286151 -1.771965265 0.009469461 -0.013326087 0.999866366 67.987365723
0.999939263 -0.005062177 -0.009786174 1.120776892 0.005190640 0.999899983 0.013146462 -1.766478539 0.009718647 -0.013196459 0.999865711 68.527648926
0.999948204 -0.004168213 -0.009289711 1.119755983 0.004294001 0.999898732 0.013561974 -1.772438526 0.009232240 -0.013601161 0.999864936 69.038345337
0.999947488 -0.004199860 -0.009341949 1.114950061 0.004322954 0.999903619 0.013195466 -1.793145061 0.009285627 -0.013235160 0.999869227 69.568412781
0.999942422 -0.004441110 -0.009761475 1.124113441 0.004572012 0.999899387 0.013428864 -1.801378727 0.009700852 -0.013472722 0.999862194 70.115539551
0.999950588 -0.003688254 -0.009235023 1.122711182 0.003808176 0.999908209 0.013001685 -1.806205988 0.009186221 -0.013036212 0.999872804 70.678031921
0.999942183 -0.004692498 -0.009674566 1.141535521 0.004817982 0.999904096 0.012988337 -1.829438686 0.009612688 -0.013034198 0.999868810 71.160545349
0.999947667 -0.004118029 -0.009366021 1.138697386 0.004240989 0.999904573 0.013146490 -1.829644918 0.009310989 -0.013185524 0.999869645 71.726051331
0.999943972 -0.004583878 -0.009538674 1.150713444 0.004711992 0.999898374 0.013452168 -1.840573430 0.009476040 -0.013496360 0.999863982 72.282966614
0.999948323 -0.004231180 -0.009240402 1.145408869 0.004352941 0.999903440 0.013196941 -1.847660542 0.009183669 -0.013236481 0.999870241 72.803077698
0.999953210 -0.003921165 -0.008838601 1.134902716 0.004039946 0.999901295 0.013461371 -1.864542365 0.008784942 -0.013496449 0.999870241 73.333557129
0.999949932 -0.004295537 -0.009042258 1.161509275 0.004411171 0.999908268 0.012807252 -1.865139484 0.008986414 -0.012846496 0.999877095 73.878616333
0.999950647 -0.004161120 -0.009022726 1.159553528 0.004278527 0.999905944 0.013032325 -1.872285843 0.008967647 -0.013070286 0.999874353 74.429145813
0.999952912 -0.003909557 -0.008875767 1.159433365 0.004020348 0.999913812 0.012499116 -1.878500700 0.008826134 -0.012534212 0.999882519 74.963356018
0.999950826 -0.004489470 -0.008855131 1.160146236 0.004607411 0.999900401 0.013343802 -1.899751067 0.008794342 -0.013383943 0.999871731 75.472915649
0.999952435 -0.003790927 -0.008985846 1.166616440 0.003912984 0.999899805 0.013604851 -1.906435490 0.008933372 -0.013639366 0.999867022 76.022758484
0.999952257 -0.004193438 -0.008822910 1.172768831 0.004310518 0.999902308 0.013292971 -1.912277937 0.008766305 -0.013330368 0.999872744 76.576011658
0.999954879 -0.003746572 -0.008728328 1.179134369 0.003865740 0.999898970 0.013676356 -1.919437051 0.008676208 -0.013709480 0.999868333 77.096862793
0.999953628 -0.003992798 -0.008760901 1.188455582 0.004112311 0.999898076 0.013666247 -1.929721236 0.008705440 -0.013701640 0.999868214 77.624504089
0.999956012 -0.003770777 -0.008582129 1.198345184 0.003888814 0.999897480 0.013779012 -1.943997860 0.008529291 -0.013811782 0.999868155 78.155258179
0.999953210 -0.004424232 -0.008602416 1.209528685 0.004540293 0.999898314 0.013519243 -1.943918347 0.008541731 -0.013557670 0.999871552 78.716033936
0.999966562 -0.004097413 -0.007068269 1.210849285 0.004190370 0.999904215 0.013186942 -1.947967768 0.007013560 -0.013216122 0.999888003 79.265998840
0.999976158 -0.003829788 -0.005741517 1.217368841 0.003904949 0.999906063 0.013137241 -1.958733797 0.005690666 -0.013159349 0.999897242 79.810325623
0.999979794 -0.004493657 -0.004493693 1.231786013 0.004552437 0.999903083 0.013156858 -1.964746952 0.004434135 -0.013177050 0.999903262 80.347785950
0.999989390 -0.004500223 -0.000974806 1.249111652 0.004512447 0.999906301 0.012923073 -1.971764445 0.000916558 -0.012927335 0.999916017 80.892387390
0.999985278 -0.004458353 0.003097909 1.266284108 0.004417360 0.999904275 0.013115767 -1.979776859 -0.003156087 -0.013101889 0.999909103 81.434150696
0.999973536 -0.004065821 0.006034911 1.275906324 0.003983411 0.999899387 0.013605355 -1.989083886 -0.006089621 -0.013580955 0.999889195 82.001998901
0.999933541 -0.004403607 0.010654371 1.308390856 0.004265110 0.999906540 0.012987169 -1.974702835 -0.010710567 -0.012940861 0.999858797 82.579360962
0.999853432 -0.003404457 0.016777435 1.328487873 0.003175561 0.999901772 0.013650925 -2.008107662 -0.016822262 -0.013595649 0.999766052 83.104904175
0.999746382 -0.003983919 0.022169441 1.362757444 0.003680073 0.999898970 0.013729610 -2.018944502 -0.022221904 -0.013644543 0.999659896 83.642501831
0.999591410 -0.003648252 0.028353592 1.387158394 0.003265831 0.999903262 0.013522221 -2.021948338 -0.028400190 -0.013424094 0.999506474 84.215744019
0.999336958 -0.002943234 0.036288109 1.419995308 0.002443613 0.999901712 0.013804837 -2.024257660 -0.036325175 -0.013707011 0.999246001 84.784973145
0.999017477 -0.003982643 0.044138320 1.474376440 0.003394657 0.999904633 0.013388394 -2.037169456 -0.044187423 -0.013225405 0.998935699 85.318252563
0.998719215 -0.004777588 0.050367642 1.523658752 0.004112943 0.999903202 0.013291263 -2.041279554 -0.050426260 -0.013067082 0.998642206 85.865211487
0.998224795 -0.004530141 0.059386630 1.576067209 0.003746463 0.999904513 0.013300897 -2.045045853 -0.059441216 -0.013054795 0.998146534 86.423110962
0.997572899 -0.004886488 0.069458202 1.632519722 0.003964805 0.999902368 0.013401289 -2.051838398 -0.069516912 -0.013093376 0.997494757 86.989654541
0.996929884 -0.004587630 0.078165188 1.700202465 0.003519241 0.999898553 0.013800630 -2.065837383 -0.078220576 -0.013483178 0.996844888 87.525817871
0.996267855 -0.004832782 0.086180419 1.764285564 0.003679376 0.999901533 0.013537453 -2.073124409 -0.086237371 -0.013169840 0.996187568 88.069793701
0.995290756 -0.004592096 0.096825428 1.847198486 0.003282197 0.999900997 0.013683394 -2.084248781 -0.096878670 -0.013301156 0.995207310 88.605941772
0.994246602 -0.005478127 0.106975563 1.929100990 0.004042254 0.999898851 0.013634671 -2.089905977 -0.107039437 -0.013123802 0.994168103 89.149353027
0.993200958 -0.005023870 0.116303913 2.019456863 0.003435957 0.999898195 0.013849609 -2.109391212 -0.116361648 -0.013355827 0.993117094 89.723129272
0.991806507 -0.004856850 0.127656534 2.113191605 0.003078661 0.999895513 0.014123109 -2.117245197 -0.127711803 -0.013614382 0.991717875 90.293807983
0.990162373 -0.005020589 0.139832869 2.206467628 0.003113834 0.999899209 0.013851406 -2.120680809 -0.139888287 -0.013279725 0.990078211 90.849769592
0.988610387 -0.005397110 0.150400579 2.329522133 0.003304479 0.999894261 0.014160160 -2.140639305 -0.150461078 -0.013501890 0.988523722 91.401611328
0.987016380 -0.005496257 0.160525724 2.444668770 0.003237285 0.999891996 0.014330490 -2.147880316 -0.160587102 -0.013624759 0.986927629 91.953750610
0.984862685 -0.005754061 0.173241049 2.572776794 0.003302999 0.999890327 0.014433241 -2.164157152 -0.173305064 -0.013642544 0.984773636 92.470138550
0.982547760 -0.006120490 0.185909793 2.685750961 0.003508641 0.999890506 0.014374783 -2.164297104 -0.185977414 -0.013471622 0.982461691 93.042938232
0.980544925 -0.006222215 0.196196258 2.811300278 0.003484072 0.999891698 0.014298193 -2.169374466 -0.196264014 -0.013336458 0.980460405 93.577484131
0.977849722 -0.006461757 0.209208772 2.949985504 0.003490444 0.999887764 0.014568715 -2.178143978 -0.209279418 -0.013515780 0.977762520 94.116874695
0.974847257 -0.006465398 0.222780123 3.104766846 0.003291827 0.999887824 0.014613710 -2.187756777 -0.222849607 -0.013512781 0.974759161 94.659820557
0.972186029 -0.006569915 0.234117895 3.248373032 0.003256016 0.999889076 0.014538544 -2.192989826 -0.234187424 -0.013371878 0.972099483 95.201347351
0.969253957 -0.007294601 0.245954439 3.416856766 0.003779385 0.999883831 0.014761150 -2.206847668 -0.246033564 -0.013377746 0.969168961 95.718955994
0.965677917 -0.007311833 0.259639651 3.583675385 0.003480411 0.999878168 0.015213340 -2.217606068 -0.259719253 -0.013787533 0.965585768 96.241134644
0.962294459 -0.007350883 0.271910340 3.755418777 0.003371324 0.999880314 0.015099818 -2.219093800 -0.271988809 -0.013613774 0.962204099 96.792587280
0.958895862 -0.008200649 0.283639580 3.938961029 0.004072034 0.999877036 0.015142398 -2.226254940 -0.283728868 -0.013364991 0.958811402 97.359008789
0.954878747 -0.008406546 0.296876937 4.136720657 0.004077474 0.999876082 0.015198256 -2.223594189 -0.296967983 -0.013301983 0.954794765 97.858245850
0.950280547 -0.008556927 0.311277390 4.333021164 0.003978927 0.999874353 0.015339232 -2.238896370 -0.311369568 -0.013338023 0.950195312 98.413574219
0.946497977 -0.009072637 0.322582215 4.530672073 0.004306286 0.999870777 0.015486204 -2.243816137 -0.322681069 -0.013268528 0.946414709 98.936515808
0.942125976 -0.009460879 0.335125953 4.744129181 0.004424866 0.999865532 0.015787587 -2.255082607 -0.335230261 -0.013391004 0.942041159 99.450096130
0.936887980 -0.009480228 0.349501133 4.953437805 0.004247841 0.999867201 0.015734471 -2.259634256 -0.349603981 -0.013256813 0.936803758 99.967712402
0.932251453 -0.009415247 0.361688465 5.183946609 0.003863891 0.999863386 0.016068647 -2.270190716 -0.361790359 -0.013582493 0.932160556 100.485328674
0.927997708 -0.009845047 0.372455806 5.412111282 0.004112246 0.999860585 0.016183186 -2.278438807 -0.372563213 -0.013486326 0.927908838 101.014511108
0.922536314 -0.009815316 0.385785252 5.647428513 0.003907263 0.999862790 0.016095426 -2.284195423 -0.385890275 -0.013341252 0.922448218 101.510314941
0.916946590 -0.010224007 0.398878843 5.891387939 0.004041883 0.999858379 0.016336706 -2.289474964 -0.398989409 -0.013367667 0.916858077 102.012588501
0.912096739 -0.011029519 0.409826577 6.145084381 0.005136133 0.999866962 0.015478263 -2.292648792 -0.409942746 -0.012012751 0.912032068 102.511085510
0.905459344 -0.011056174 0.424288869 6.409816742 0.004472686 0.999853671 0.016509321 -2.304043770 -0.424409300 -0.013050813 0.905376375 103.026649475
0.898769200 -0.011539741 0.438270092 6.673397064 0.004878550 0.999854922 0.016321843 -2.306886196 -0.438394815 -0.012531447 0.898695052 103.487327576
0.892952263 -0.012571639 0.449975789 6.958679199 0.005595220 0.999842703 0.016830675 -2.318404675 -0.450116664 -0.012511278 0.892882109 104.005744934
0.887258768 -0.012446191 0.461104095 7.240127563 0.005302292 0.999845088 0.016785273 -2.320096970 -0.461241543 -0.012447973 0.887187302 104.496795654
0.880337775 -0.013104228 0.474166304 7.526142120 0.005842335 0.999842048 0.016785104 -2.323544025 -0.474311382 -0.012006322 0.880275309 104.962738037
0.873371124 -0.013066900 0.486880034 7.820232391 0.005672407 0.999845147 0.016658638 -2.332041740 -0.487022251 -0.011787396 0.873310030 105.445281982
