1.000000000 0.000000000 0.000000000 0.000000000 0.000000000 1.000000000 0.000000000 0.000000000 0.000000000 0.000000000 1.000000000 0.000000000
1.000000000 -0.000028411 -0.000134098 0.003919510 0.000028417 1.000000000 0.000047976 -0.000477751 0.000134097 -0.000047980 1.000000000 -0.000813129
1.000000000 0.000119792 -0.000027288 0.000670704 -0.000119792 1.000000000 0.000031341 -0.000714661 0.000027291 -0.000031338 1.000000000 -0.003052833
1.000000000 -0.000169039 -0.000145182 0.006161235 0.000169057 1.000000000 0.000126034 -0.001734195 0.000145161 -0.000126059 1.000000000 -0.002811737
1.000000000 -0.000145245 -0.000168471 0.003957803 0.000145260 1.000000000 0.000089394 -0.001589196 0.000168458 -0.000089418 1.000000000 -0.003139976
1.000000000 0.000047211 0.000015272 -0.000788912 -0.000047210 1.000000000 -0.000048764 -0.000669196 -0.000015274 0.000048763 1.000000000 -0.002379535
1.000000000 -0.000073132 -0.000098345 0.003219225 0.000073146 1.000000000 0.000141343 -0.002208984 0.000098335 -0.000141351 1.000000000 -0.005607548
1.000000000 -0.000079663 -0.000059219 -0.001029807 0.000079667 1.000000000 0.000068284 0.000055450 0.000059213 -0.000068289 1.000000000 0.002830885
1.000000000 0.000001572 -0.000083077 0.002337939 -0.000001569 1.000000000 0.000037522 -0.002960471 0.000083077 -0.000037522 1.000000000 -0.007249584
1.000000000 -0.000057104 -0.000030798 0.001579910 0.000057108 1.000000000 0.000117661 -0.000606630 0.000030791 -0.000117663 1.000000000 -0.005620333
1.000000000 0.000030304 0.000035740 -0.000166508 -0.000030306 1.000000000 0.000055515 -0.001152380 -0.000035739 -0.000055516 1.000000000 -0.002290541
0.999999940 -0.000233293 -0.000128814 0.001341166 0.000233307 0.999999940 0.000109773 -0.002970322 0.000128788 -0.000109803 1.000000000 -0.008285681
1.000000000 -0.000029666 0.000051873 -0.000034395 0.000029663 1.000000000 0.000068557 -0.001638888 -0.000051875 -0.000068556 1.000000000 -0.003989496
1.000000000 -0.000104906 -0.000017725 0.001666108 0.000104908 1.000000000 0.000137932 -0.002529017 0.000017710 -0.000137934 1.000000000 -0.006718754
1.000000000 -0.000197139 -0.000087790 0.001851035 0.000197152 0.999999940 0.000149281 -0.001732803 0.000087761 -0.000149298 1.000000000 -0.006269054
1.000000000 -0.000118009 -0.000084153 0.000846129 0.000118019 1.000000000 0.000119299 -0.001573651 0.000084139 -0.000119309 1.000000000 -0.005973110
0.999999940 -0.000244643 -0.000054635 0.001212116 0.000244647 0.999999940 0.000089405 -0.001949176 0.000054613 -0.000089418 1.000000000 -0.007135761
1.000000000 -0.000041321 -0.000082452 0.002782054 0.000041334 1.000000000 0.000164038 -0.003352955 0.000082446 -0.000164042 1.000000000 -0.010024172
0.999999940 -0.000304240 -0.000091389 0.003257975 0.000304257 0.999999940 0.000194819 -0.004675828 0.000091330 -0.000194847 1.000000000 -0.010118097
1.000000000 -0.000123091 -0.000050081 0.001709247 0.000123097 1.000000000 0.000104216 -0.003538350 0.000050068 -0.000104223 1.000000000 -0.006207820
1.000000000 -0.000080029 -0.000059763 0.003291156 0.000080047 0.999999940 0.000299907 -0.006078837 0.000059739 -0.000299912 0.999999940 -0.008869830
1.000000000 0.000001292 0.000025451 -0.000010772 -0.000001295 1.000000000 0.000118897 -0.001227392 -0.000025451 -0.000118897 1.000000000 -0.005292745
0.999999940 -0.000224978 -0.000199811 0.005727670 0.000225032 0.999999940 0.000268072 -0.003334101 0.000199751 -0.000268117 0.999999940 -0.013286510
0.999999940 -0.000381724 -0.000095501 0.000360509 0.000381755 0.999999881 0.000319502 -0.004195784 0.000095379 -0.000319539 0.999999940 -0.007739312
0.999999940 -0.000246753 -0.000183848 0.005498234 0.000246798 0.999999940 0.000244918 -0.003659380 0.000183788 -0.000244964 0.999999940 -0.011572267
1.000000000 -0.000198434 -0.000108578 0.002760566 0.000198466 0.999999940 0.000287752 -0.003833203 0.000108521 -0.000287774 0.999999940 -0.011162977
1.000000000 -0.000094243 -0.000120000 0.001918248 0.000094271 0.999999940 0.000225419 -0.005133605 0.000119979 -0.000225430 0.999999940 -0.011338629
0.999999940 -0.000224376 -0.000096511 0.002626887 0.000224404 0.999999940 0.000285175 -0.004450448 0.000096447 -0.000285197 0.999999940 -0.006519581
1.000000000 -0.000192093 -0.000106652 -0.000323303 0.000192110 0.999999940 0.000156331 0.000308544 0.000106622 -0.000156352 1.000000000 -0.006085196
1.000000000 -0.000089817 -0.000060674 -0.000788092 0.000089831 0.999999940 0.000227379 -0.001453578 0.000060653 -0.000227384 1.000000000 -0.002616061
1.000000000 -0.000117949 -0.000076090 -0.000790186 0.000117965 0.999999940 0.000213927 -0.001489093 0.000076064 -0.000213936 1.000000000 -0.001792625
0.999999940 -0.000312813 -0.000177396 -0.001511926 0.000312859 0.999999940 0.000257044 -0.003218381 0.000177316 -0.000257099 0.999999940 -0.009942953
0.999999940 -0.000353674 -0.000160904 0.002734769 0.000353715 0.999999881 0.000254949 -0.003972218 0.000160813 -0.000255006 0.999999940 -0.008472296
1.000000000 -0.000055781 -0.000129086 0.000466732 0.000055794 1.000000000 0.000104999 -0.001504838 0.000129080 -0.000105006 1.000000000 -0.003323467
1.000000000 -0.000206406 -0.000101414 0.000993808 0.000206419 0.999999940 0.000130791 -0.002606242 0.000101387 -0.000130812 1.000000000 -0.003484316
0.999999940 -0.000279988 -0.000088771 -0.000325272 0.000279989 0.999999940 0.000010506 -0.000796855 0.000088768 -0.000010531 1.000000000 -0.006237896
0.999999940 -0.000261790 -0.000121186 0.002699321 0.000261810 0.999999940 0.000163685 -0.001901114 0.000121143 -0.000163717 1.000000000 -0.008478668
0.999999940 -0.000230639 -0.000194421 0.001600204 0.000230673 0.999999940 0.000177246 -0.001421237 0.000194380 -0.000177291 0.999999940 -0.007558833
0.999999940 -0.000232612 -0.000121357 0.000327565 0.000232647 0.999999940 0.000287274 -0.002581925 0.000121290 -0.000287302 0.999999940 -0.009366306
0.999999940 -0.000284718 -0.000174268 0.002996317 0.000284763 0.999999940 0.000254316 -0.005295529 0.000174196 -0.000254366 0.999999940 -0.008243373
0.999999940 -0.000236350 -0.000178919 0.007930274 0.000236289 0.999999940 -0.000341161 -0.009648369 0.000178999 0.000341119 0.999999940 0.043530632
0.999999940 -0.000261789 -0.000196706 0.006476521 0.000261586 0.999999404 -0.001034586 -0.007502509 0.000196977 0.001034535 0.999999464 0.140043810
0.999999940 -0.000226169 -0.000108504 0.003222478 0.000226031 0.999999166 -0.001269064 -0.013334799 0.000108791 0.001269039 0.999999166 0.261181802
0.999999940 -0.000419075 0.000016523 0.001716350 0.000419096 0.999999106 -0.001280298 -0.018226564 -0.000015986 0.001280304 0.999999166 0.394961417
0.999999940 -0.000244392 -0.000272790 0.016648186 0.000244117 0.999999464 -0.001005467 -0.022743199 0.000273036 0.001005401 0.999999464 0.530029595
1.000000000 -0.000134687 -0.000085770 0.014094618 0.000134605 0.999999523 -0.000953736 -0.029862603 0.000085899 0.000953724 0.999999523 0.691091776
0.999999881 -0.000304765 0.000377296 0.010438960 0.000305094 0.999999583 -0.000873907 -0.031065620 -0.000377030 0.000874022 0.999999523 0.868605137
0.999999821 -0.000533333 -0.000293417 0.023451181 0.000533210 0.999999762 -0.000418811 -0.041747250 0.000293641 0.000418654 0.999999881 1.027926445
0.999999940 -0.000111912 0.000221892 0.023880308 0.000112054 0.999999762 -0.000638437 -0.039844185 -0.000221820 0.000638462 0.999999762 1.204320073
0.999999940 -0.000291420 -0.000024278 0.041387111 0.000291415 0.999999940 -0.000204326 -0.056315579 0.000024337 0.000204319 1.000000000 1.418205142
1.000000000 -0.000154571 0.000025927 0.040340293 0.000154577 0.999999940 -0.000227256 -0.064073786 -0.000025892 0.000227260 1.000000000 1.602219820
0.999999166 0.000522963 0.001193965 0.014237953 -0.000522616 0.999999821 -0.000290994 -0.066574976 -0.001194117 0.000290370 0.999999225 1.779791951
0.999999583 -0.000052699 0.000893333 0.027282620 0.000052677 1.000000000 0.000024412 -0.075146101 -0.000893334 -0.000024365 0.999999583 1.982646108
0.999998331 0.000844701 0.001564489 0.020706939 -0.000844289 0.999999583 -0.000263990 -0.086000353 -0.001564711 0.000262669 0.999998689 2.211879730
0.999998391 0.000827866 0.001562090 0.030208655 -0.000827813 0.999999642 -0.000034759 -0.092441708 -0.001562118 0.000033466 0.999998748 2.427962542
0.999997675 0.001475165 0.001511262 0.033340983 -0.001475074 0.999998927 -0.000061316 -0.092880808 -0.001511351 0.000059087 0.999998868 2.675661802
0.999997437 0.001077748 0.002016396 0.031765539 -0.001078505 0.999999344 0.000374332 -0.108798042 -0.002015992 -0.000376506 0.999997914 2.896042109
0.999997497 0.001593087 0.001629867 0.042540081 -0.001592750 0.999998689 -0.000208226 -0.111027405 -0.001630197 0.000205630 0.999998629 3.136328459
0.999996126 0.002085229 0.001862489 0.043644808 -0.002084497 0.999997675 -0.000395058 -0.116306350 -0.001863309 0.000391174 0.999998152 3.391044378
0.999996543 0.001858661 0.001840836 0.049378064 -0.001858196 0.999998212 -0.000253806 -0.123552144 -0.001841305 0.000250385 0.999998212 3.640781164
0.999996066 0.002160941 0.001790876 0.054487750 -0.002160543 0.999997616 -0.000224431 -0.133827493 -0.001791357 0.000220561 0.999998391 3.880191326
0.999996901 0.001327696 0.002086375 0.051582754 -0.001328394 0.999998987 0.000333074 -0.152734712 -0.002085930 -0.000335844 0.999997795 4.138070107
0.999995291 0.001928985 0.002401799 0.052463558 -0.001930872 0.999997735 0.000783252 -0.163454205 -0.002400283 -0.000787886 0.999996841 4.390646935
0.999996424 0.001655772 0.002124061 0.067004710 -0.001657067 0.999998391 0.000608197 -0.169295579 -0.002123050 -0.000611714 0.999997556 4.662106037
0.999995589 0.001569845 0.002515226 0.063598298 -0.001572261 0.999998331 0.000958980 -0.186620012 -0.002513716 -0.000962930 0.999996305 4.920825005
0.999994814 0.001843002 0.002631261 0.065852866 -0.001845445 0.999997973 0.000926356 -0.195640489 -0.002629548 -0.000931207 0.999996126 5.177430630
0.999996006 0.001536651 0.002339941 0.075030304 -0.001539417 0.999998093 0.001180666 -0.207564607 -0.002338122 -0.001184263 0.999996543 5.444482803
0.999996305 0.000960177 0.002510000 0.076990180 -0.000963155 0.999998808 0.001185567 -0.213345528 -0.002508859 -0.001187980 0.999996126 5.707380772
0.999995351 0.001721850 0.002506952 0.082248986 -0.001724157 0.999998093 0.000918216 -0.221750230 -0.002505366 -0.000922535 0.999996364 5.997852802
0.999996305 0.000984945 0.002509849 0.089806229 -0.000987823 0.999998808 0.001145867 -0.235380962 -0.002508718 -0.001148342 0.999996126 6.257562637
0.999993622 0.002122332 0.002867863 0.091476262 -0.002125292 0.999997199 0.001029356 -0.239973634 -0.002865670 -0.001035445 0.999995351 6.554456711
0.999994814 0.001607043 0.002761121 0.097131915 -0.001609252 0.999998331 0.000798124 -0.241398677 -0.002759834 -0.000802563 0.999995828 6.852460384
0.999996006 0.001166706 0.002567416 0.114673659 -0.001168976 0.999998927 0.000882894 -0.257177621 -0.002566383 -0.000885892 0.999996305 7.155578136
0.999996960 0.001055663 0.002225113 0.131871492 -0.001057886 0.999998927 0.000998205 -0.270315170 -0.002224057 -0.001000555 0.999997020 7.438828945
0.999996662 0.001160542 0.002305925 0.136146128 -0.001163237 0.999998629 0.001167723 -0.287114680 -0.002304567 -0.001170401 0.999996662 7.761713028
0.999995649 0.001346963 0.002613229 0.144068897 -0.001351297 0.999997735 0.001657384 -0.297411472 -0.002610991 -0.001660908 0.999995232 8.083985329
0.999996185 0.001321631 0.002439491 0.154116154 -0.001325451 0.999997973 0.001565234 -0.306260586 -0.002437417 -0.001568462 0.999995828 8.403971672
0.999994934 0.001660077 0.002705091 0.156897292 -0.001662561 0.999998271 0.000916530 -0.301015913 -0.002703564 -0.000921023 0.999995947 8.744394302
0.999995947 0.000949424 0.002647972 0.163500816 -0.000952896 0.999998748 0.001310302 -0.314123303 -0.002646724 -0.001312820 0.999995589 9.075841904
0.999994457 0.001719568 0.002840214 0.169134811 -0.001723489 0.999997497 0.001378728 -0.329055905 -0.002837836 -0.001383615 0.999994993 9.403958321
0.999995708 0.001244691 0.002653038 0.187561736 -0.001248714 0.999998033 0.001515209 -0.338348627 -0.002651146 -0.001518515 0.999995351 9.747397423
0.999995112 0.001278428 0.002853386 0.181066841 -0.001282550 0.999998212 0.001443291 -0.342795461 -0.002851535 -0.001446944 0.999994874 10.099462509
0.999993384 0.001791431 0.003173089 0.186290026 -0.001795931 0.999997377 0.001416268 -0.357539505 -0.003170543 -0.001421957 0.999993920 10.457673073
0.999995053 0.001642788 0.002684989 0.211845726 -0.001647263 0.999997199 0.001665095 -0.371155739 -0.002682246 -0.001669510 0.999994993 10.813169479
0.999996006 0.001204752 0.002576137 0.218685910 -0.001209042 0.999997854 0.001664079 -0.379091233 -0.002574126 -0.001667187 0.999995291 11.194566727
0.999996185 0.000891801 0.002621768 0.226611018 -0.000896144 0.999998271 0.001655734 -0.390277088 -0.002620287 -0.001658077 0.999995172 11.580934525
0.999995470 0.001099015 0.002805403 0.239374846 -0.001104440 0.999997497 0.001932735 -0.401623189 -0.002803272 -0.001935825 0.999994218 11.921615601
0.999994218 0.001583124 0.003017277 0.245444387 -0.001587949 0.999997437 0.001597329 -0.410016149 -0.003014741 -0.001602111 0.999994218 12.307425499
0.999993324 0.001783938 0.003189577 0.255296290 -0.001789498 0.999996841 0.001741244 -0.423332751 -0.003186461 -0.001746940 0.999993443 12.703384399
0.999995410 0.001248757 0.002766047 0.274556965 -0.001253712 0.999997616 0.001790372 -0.427165002 -0.002763804 -0.001793832 0.999994576 13.117045403
0.999995351 0.001082556 0.002853953 0.288770229 -0.001089470 0.999996483 0.002422402 -0.462643057 -0.002851320 -0.002425500 0.999992967 13.493214607
0.999992907 0.001694715 0.003348286 0.295915902 -0.001701068 0.999996722 0.001895426 -0.469321519 -0.003345062 -0.001901108 0.999992609 13.912837029
0.999990046 0.002241001 0.003848702 0.304434657 -0.002249547 0.999994993 0.002217534 -0.478358358 -0.003843713 -0.002226169 0.999990106 14.345156670
0.999991298 0.001506543 0.003882684 0.317005813 -0.001516501 0.999995530 0.002563133 -0.489721417 -0.003878805 -0.002568999 0.999989152 14.784693718
0.999992967 0.001107872 0.003584267 0.335876584 -0.001120594 0.999993026 0.003549328 -0.537855208 -0.003580311 -0.003553319 0.999987245 15.155527115
0.999992907 0.000635918 0.003723413 0.346199721 -0.000649425 0.999993145 0.003627534 -0.550120831 -0.003721080 -0.003629926 0.999986470 15.586864471
0.999990880 0.001162108 0.004107151 0.368652850 -0.001176149 0.999993503 0.003418014 -0.548217893 -0.004103152 -0.003422814 0.999985695 16.092895508
0.999986351 0.002070585 0.004799671 0.373210907 -0.002085354 0.999993145 0.003074087 -0.553813457 -0.004793273 -0.003084054 0.999983728 16.500822067
0.999988854 0.000703712 0.004673445 0.380359024 -0.000719645 0.999993920 0.003408308 -0.597840071 -0.004671019 -0.003411633 0.999983251 16.928199768
0.999983847 0.001773745 0.005407081 0.393689185 -0.001794616 0.999990940 0.003857492 -0.611506879 -0.005400191 -0.003867133 0.999977946 17.397714615
0.999985635 0.001373050 0.005174974 0.411250055 -0.001393465 0.999991179 0.003943422 -0.618409514 -0.005169515 -0.003950576 0.999978781 17.849576950
0.999980330 0.001566453 0.006063733 0.415705800 -0.001591775 0.999990046 0.004173414 -0.638802409 -0.006057135 -0.004182984 0.999972880 18.309667587
0.999979138 0.001431412 0.006295170 0.425335348 -0.001455446 0.999991655 0.003814938 -0.643457174 -0.006289656 -0.003824021 0.999972880 18.765609741
0.999980927 0.001335556 0.006023471 0.443098873 -0.001358756 0.999991655 0.003849041 -0.658616364 -0.006018280 -0.003857152 0.999974430 19.234172821
0.999982059 0.001315107 0.005842285 0.461673051 -0.001335147 0.999993145 0.003427645 -0.664126754 -0.005837737 -0.003435384 0.999976993 19.722248077
0.999977827 0.002004485 0.006342222 0.468110740 -0.002027393 0.999991417 0.003607580 -0.677872539 -0.006334937 -0.003620358 0.999973357 20.210590363
0.999976158 0.002381179 0.006482483 0.471070826 -0.002407839 0.999988616 0.004107938 -0.696911573 -0.006472628 -0.004123448 0.999970496 20.660840988
0.999977291 0.002881723 0.006092894 0.486479163 -0.002907431 0.999986887 0.004214644 -0.710241735 -0.006080669 -0.004232262 0.999972522 21.168649673
0.999987900 0.000860750 0.004853697 0.504170060 -0.000877633 0.999993682 0.003477204 -0.717129767 -0.004850673 -0.003481421 0.999982238 21.688762665
0.999984205 0.002362079 0.005101866 0.524414062 -0.002382227 0.999989390 0.003946621 -0.733840883 -0.005092490 -0.003958711 0.999979198 22.170169830
0.999987781 0.001655929 0.004653505 0.549024403 -0.001679931 0.999985218 0.005158500 -0.764083743 -0.004644894 -0.005166253 0.999975860 22.586265564
0.999990225 0.001533941 0.004137766 0.551232934 -0.001555618 0.999984980 0.005240755 -0.780602276 -0.004129666 -0.005247140 0.999977708 23.094049454
0.999988854 0.001966620 0.004287887 0.553317428 -0.001988660 0.999984801 0.005141860 -0.791494012 -0.004277711 -0.005150330 0.999977589 23.641210556
0.999995828 0.000471839 0.002839775 0.582428932 -0.000485756 0.999987781 0.004901939 -0.799058437 -0.002837427 -0.004903297 0.999983966 24.109027863
0.999996245 0.001534639 0.002280865 0.592099726 -0.001545956 0.999986470 0.004968114 -0.809379995 -0.002273209 -0.004971622 0.999985039 24.636804581
0.999997854 0.001639777 0.001304234 0.609164834 -0.001646409 0.999985635 0.005099714 -0.822813272 -0.001295853 -0.005101849 0.999986112 25.170204163
0.999998033 0.001570548 0.001211633 0.611058831 -0.001576692 0.999985814 0.005086839 -0.832472861 -0.001203627 -0.005088739 0.999986351 25.712884903
0.999999404 0.000615446 0.000882563 0.623212397 -0.000619751 0.999987841 0.004886565 -0.843834937 -0.000879545 -0.004887109 0.999987721 26.258634567
0.999999404 0.001022329 0.000430330 0.636451244 -0.001024809 0.999982595 0.005802200 -0.857089639 -0.000424391 -0.005802637 0.999983072 26.796937943
0.999999464 0.001030891 -0.000165585 0.650522292 -0.001029954 0.999984026 0.005560382 -0.872258246 0.000171315 -0.005560208 0.999984503 27.337152481
0.999998033 0.001965005 -0.000293552 0.667950153 -0.001963328 0.999982297 0.005608732 -0.891717970 0.000304568 -0.005608144 0.999984264 27.875173569
0.999997854 0.002013764 -0.000416882 0.671936572 -0.002011321 0.999981225 0.005780663 -0.903277099 0.000428515 -0.005779812 0.999983191 28.404096603
0.999997377 0.002274072 -0.000487468 0.683310330 -0.002271089 0.999979198 0.006035820 -0.921166599 0.000501184 -0.006034697 0.999981642 28.952161789
0.999996245 0.002510998 -0.001072894 0.685633957 -0.002505554 0.999984086 0.005045310 -0.934465230 0.001085545 -0.005042604 0.999986708 29.562086105
0.999997139 0.001934468 -0.001406584 0.696885407 -0.001925465 0.999977767 0.006373847 -0.951933384 0.001418883 -0.006371119 0.999978662 30.025915146
0.999998093 0.001504991 -0.001263765 0.710738897 -0.001496724 0.999977708 0.006517355 -0.969436646 0.001273545 -0.006515450 0.999977946 30.568523407
0.999996066 0.002059421 -0.001909549 0.722612739 -0.002047453 0.999978483 0.006248136 -0.974109590 0.001922375 -0.006244201 0.999978662 31.106092453
0.999994099 0.002656543 -0.002144517 0.738948762 -0.002642607 0.999975502 0.006475426 -0.994172871 0.002161667 -0.006469722 0.999976754 31.639272690
0.999994576 0.002216793 -0.002458127 0.764486372 -0.002202054 0.999979734 0.005982564 -1.008889437 0.002471339 -0.005977117 0.999979079 32.180210114
0.999993503 0.002399524 -0.002666920 0.771463573 -0.002382688 0.999977350 0.006298254 -1.005671024 0.002681972 -0.006291857 0.999976635 32.713596344
0.999989212 0.004301646 -0.001715494 0.755906701 -0.004292612 0.999977171 0.005234953 -1.009001732 0.001737974 -0.005227533 0.999984860 33.266056061
0.999992967 0.003247815 -0.001879616 0.765366793 -0.003236493 0.999976873 0.005995933 -1.035127759 0.001899046 -0.005989807 0.999980271 33.794670105
0.999987245 0.004420049 -0.002419845 0.795835078 -0.004404960 0.999971092 0.006205533 -1.036582112 0.002447203 -0.006194794 0.999977887 34.352146149
0.999993384 0.001631244 -0.003240327 0.814405560 -0.001609615 0.999976456 0.006666159 -1.073161602 0.003251125 -0.006660899 0.999972463 34.877597809
0.999992371 0.001940810 -0.003403642 0.825084627 -0.001917830 0.999975443 0.006741927 -1.079702616 0.003416643 -0.006735348 0.999971449 35.421707153
0.999990463 0.001529262 -0.004105550 0.839565217 -0.001499758 0.999973118 0.007179837 -1.105933070 0.004116419 -0.007173611 0.999965847 35.948562622
0.999989927 0.002588316 -0.003688990 0.859903455 -0.002563568 0.999974310 0.006697634 -1.122809052 0.003706231 -0.006688109 0.999970794 36.527484894
0.999989331 0.003145530 -0.003408233 0.848529339 -0.003122867 0.999973118 0.006634571 -1.126366258 0.003429011 -0.006623856 0.999972165 37.041042328
0.999990642 0.002781038 -0.003312155 0.850611627 -0.002761229 0.999978364 0.005970294 -1.118561149 0.003328687 -0.005961092 0.999976695 37.614074707
0.999988675 0.002502343 -0.004031935 0.887372971 -0.002474031 0.999972403 0.007011738 -1.153501868 0.004049370 -0.007001684 0.999967277 38.182121277
0.999991059 0.002109874 -0.003685915 0.869297743 -0.002084933 0.999974966 0.006757288 -1.161500812 0.003700080 -0.006749542 0.999970436 38.704719543
0.999987900 0.001551584 -0.004672504 0.893731833 -0.001514824 0.999967873 0.007860630 -1.216235518 0.004684552 -0.007853457 0.999958217 39.187988281
0.999987662 0.001013917 -0.004861251 0.910802484 -0.000972802 0.999963760 0.008452523 -1.231857777 0.004869647 -0.008447690 0.999952495 39.741210938
0.999988079 0.001502916 -0.004652264 0.926054955 -0.001465993 0.999967456 0.007929867 -1.237418652 0.004664030 -0.007922952 0.999957740 40.290004730
0.999985874 0.002186955 -0.004827063 0.926622033 -0.002153061 0.999973059 0.007015803 -1.232559800 0.004842275 -0.007005311 0.999963820 40.856910706
0.999985397 0.001612913 -0.005163513 0.952124894 -0.001571295 0.999966323 0.008053984 -1.268564224 0.005176330 -0.008045753 0.999954224 41.371307373
0.999984622 0.001424892 -0.005373525 0.962105989 -0.001382226 0.999967575 0.007935272 -1.274100780 0.005384657 -0.007927721 0.999954104 41.928245544
0.999984860 0.001844297 -0.005187711 0.968703926 -0.001801917 0.999965072 0.008162208 -1.289804816 0.005202583 -0.008152737 0.999953151 42.437068939
0.999985576 0.001441531 -0.005203703 0.981047869 -0.001396605 0.999961734 0.008626841 -1.297814488 0.005215940 -0.008619447 0.999949217 42.970729828
0.999984860 0.001394941 -0.005324496 0.983468235 -0.001350966 0.999965012 0.008253614 -1.317421079 0.005335824 -0.008246298 0.999951720 43.515609741
0.999986589 0.001883669 -0.004813263 0.984205961 -0.001843962 0.999964356 0.008240545 -1.327710986 0.004828614 -0.008231561 0.999954402 44.044837952
0.999986470 0.001772338 -0.004895090 0.997067273 -0.001732900 0.999966085 0.008049079 -1.333796620 0.004909190 -0.008040488 0.999955595 44.594657898
0.999986172 0.001930742 -0.004886261 1.009358644 -0.001891887 0.999966681 0.007944138 -1.345706224 0.004901436 -0.007934784 0.999956489 45.131324768
0.999986649 0.001494199 -0.004942793 1.006883264 -0.001454163 0.999966264 0.008093518 -1.356362700 0.004954720 -0.008086222 0.999954998 45.653121948
0.999986291 0.002145471 -0.004780024 1.026134014 -0.002107772 0.999966800 0.007877811 -1.370331645 0.004796767 -0.007867628 0.999957561 46.217033386
0.999984503 0.001977072 -0.005202992 1.053630114 -0.001936394 0.999967635 0.007811780 -1.381780386 0.005218269 -0.007801584 0.999955952 46.746994019
0.999983430 0.001688938 -0.005500207 1.067606091 -0.001645690 0.999967754 0.007858139 -1.392862082 0.005513302 -0.007848957 0.999953985 47.287151337
0.999984145 0.002436386 -0.005073678 1.056940913 -0.002398917 0.999969959 0.007378172 -1.395680070 0.005091501 -0.007365883 0.999959886 47.823818207
0.999985516 0.001759729 -0.005090537 1.075717688 -0.001717919 0.999964833 0.008206034 -1.418919206 0.005104798 -0.008197170 0.999953389 48.368278503
0.999984741 0.001779066 -0.005231105 1.087004423 -0.001736198 0.999964952 0.008187835 -1.429677606 0.005245489 -0.008178628 0.999952793 48.923751831
0.999984443 0.001658626 -0.005338485 1.099313259 -0.001611909 0.999960423 0.008743370 -1.446335673 0.005352776 -0.008734628 0.999947548 49.459609985
0.999984741 0.002079085 -0.005108264 1.110586286 -0.002036314 0.999962926 0.008363809 -1.457840800 0.005125464 -0.008353281 0.999951959 49.975402832
0.999984503 0.003255920 -0.004514564 1.110931873 -0.003216263 0.999956429 0.008763603 -1.473519444 0.004542901 -0.008748949 0.999951363 50.517410278
0.999983966 0.002906468 -0.004859221 1.120825529 -0.002864326 0.999958515 0.008657250 -1.481633902 0.004884182 -0.008643193 0.999950707 51.038093567
0.999982476 0.003023698 -0.005093248 1.126054883 -0.002978660 0.999956548 0.008827220 -1.493966818 0.005119718 -0.008811894 0.999948084 51.581947327
0.999982357 0.003338763 -0.004921352 1.139586449 -0.003295233 0.999955595 0.008827082 -1.503385782 0.004950605 -0.008810708 0.999948919 52.115440369
0.999983549 0.003372497 -0.004621872 1.135696888 -0.003330896 0.999954224 0.008979257 -1.517912388 0.004651942 -0.008963716 0.999949038 52.649707794
0.999983907 0.003480550 -0.004467589 1.163088441 -0.003441476 0.999956012 0.008724211 -1.526716471 0.004497757 -0.008708696 0.999951959 53.192203522
0.999983013 0.003575255 -0.004594645 1.188260555 -0.003537012 0.999959171 0.008304609 -1.527030230 0.004624148 -0.008288218 0.999954939 53.741439819
0.999983430 0.003272020 -0.004733762 1.193939924 -0.003231436 0.999958158 0.008555725 -1.549607277 0.004761559 -0.008540286 0.999952197 54.342067719
0.999983728 0.003324417 -0.004644724 1.185749531 -0.003284781 0.999958336 0.008515178 -1.556260705 0.004672839 -0.008499782 0.999952972 54.879440308
0.999984920 0.003802598 -0.003994350 1.176740050 -0.003765306 0.999949634 0.009302574 -1.593041539 0.004029523 -0.009287392 0.999948740 55.322784424
0.999985099 0.003973970 -0.003753641 1.181081533 -0.003938278 0.999947429 0.009468721 -1.601704597 0.003791072 -0.009453796 0.999948084 55.881057739
0.999984443 0.004275096 -0.003595748 1.178311706 -0.004239458 0.999942422 0.009861145 -1.620556355 0.003637698 -0.009845747 0.999944925 56.403358459
0.999983251 0.004527882 -0.003608655 1.215495467 -0.004493665 0.999945343 0.009434141 -1.615886331 0.003651175 -0.009417767 0.999948978 57.018119812
0.999983966 0.004260920 -0.003736020 1.228214741 -0.004226041 0.999947906 0.009294253 -1.639451027 0.003775427 -0.009278316 0.999949753 57.453254700
0.999984324 0.004186169 -0.003726875 1.236967802 -0.004152155 0.999950051 0.009088237 -1.652751923 0.003764734 -0.009072619 0.999951720 57.981361389
0.999983251 0.004367985 -0.003801605 1.253439426 -0.004333276 0.999949276 0.009090990 -1.651746631 0.003841122 -0.009074365 0.999951363 58.500389099
0.999983370 0.003709497 -0.004425201 1.267271280 -0.003669698 0.999953091 0.008968424 -1.659932256 0.004458262 -0.008952036 0.999949992 59.042423248
0.999984264 0.004331885 -0.003567976 1.282106161 -0.004298363 0.999947190 0.009349843 -1.677055359 0.003608288 -0.009334362 0.999949872 59.565280914
0.999984562 0.003716078 -0.004142100 1.295919418 -0.003678852 0.999953151 0.008958977 -1.679835200 0.004175197 -0.008943601 0.999951243 60.132698059
0.999986351 0.003771364 -0.003634985 1.308412075 -0.003739082 0.999953926 0.008847059 -1.699332237 0.003668183 -0.008833348 0.999954283 60.649303436
0.999979436 0.005042200 -0.003943659 1.348983645 -0.005003667 0.999940217 0.009720246 -1.727624178 0.003992434 -0.009700314 0.999944985 61.152294159
0.999979377 0.005262922 -0.003678463 1.348947525 -0.005227563 0.999940574 0.009556884 -1.744298816 0.003728541 -0.009537457 0.999947548 61.704692841
0.999979615 0.004584684 -0.004448052 1.379457235 -0.004542367 0.999944746 0.009477380 -1.750557542 0.004491257 -0.009456983 0.999945164 62.240112305
0.999978483 0.005477942 -0.003603951 1.387658834 -0.005442443 0.999937236 0.009786849 -1.755236864 0.003657337 -0.009767023 0.999945641 62.736267090
0.999979138 0.005168550 -0.003868576 1.405131459 -0.005133802 0.999946833 0.008938982 -1.763906956 0.003914572 -0.008918935 0.999952614 63.288414001
0.999982178 0.004663813 -0.003736448 1.390980959 -0.004630458 0.999949872 0.008886533 -1.764263153 0.003777706 -0.008869072 0.999953568 63.825904846
0.999982595 0.003313611 -0.004880609 1.423892260 -0.003270081 0.999955058 0.008899999 -1.796738386 0.004909881 -0.008883885 0.999948442 64.373558044
0.999980748 0.005088025 -0.003549607 1.426035285 -0.005054093 0.999942064 0.009503729 -1.805350423 0.003597757 -0.009485608 0.999948502 64.879753113
0.999981701 0.004330468 -0.004219707 1.448242784 -0.004290327 0.999945819 0.009475783 -1.812336326 0.004260513 -0.009457504 0.999946237 65.427841187
0.999983311 0.003963178 -0.004188383 1.451721668 -0.003920672 0.999941230 0.010108535 -1.832175016 0.004228199 -0.010091946 0.999940157 65.957489014
0.999984682 0.003738639 -0.004048779 1.455983043 -0.003697378 0.999941647 0.010151003 -1.832799435 0.004086495 -0.010135879 0.999940276 66.485076904
0.999980032 0.005008906 -0.003835482 1.478063583 -0.004971764 0.999941289 0.009632628 -1.845381737 0.003883504 -0.009613366 0.999946237 67.022308350
0.999982178 0.004485359 -0.003934082 1.487795472 -0.004451001 0.999952316 0.008699127 -1.849625111 0.003972912 -0.008681462 0.999954402 67.568511963
0.999982953 0.004308835 -0.003925820 1.507859468 -0.004276809 0.999957800 0.008129635 -1.844214201 0.003960683 -0.008112706 0.999959230 68.093841553
0.999974191 0.006978146 -0.001786608 1.519852400 -0.006959531 0.999923527 0.010222035 -1.897717595 0.001857803 -0.010209337 0.999946177 68.513824463
0.999972284 0.007328265 -0.001378310 1.532602429 -0.007313002 0.999915242 0.010770299 -1.917747259 0.001457120 -0.010759922 0.999941051 69.043319702
0.999980807 0.005607056 -0.002646420 1.559836864 -0.005579531 0.999931395 0.010295615 -1.915380478 0.002703966 -0.010280650 0.999943554 69.597923279
0.999974728 0.006818137 -0.002022438 1.572652340 -0.006798370 0.999930501 0.009624917 -1.925613642 0.002087923 -0.009610923 0.999951661 70.098854065
0.999974132 0.006995829 -0.001708216 1.596376777 -0.006978967 0.999928772 0.009685438 -1.937540412 0.001775853 -0.009673265 0.999951661 70.623413086
0.999975324 0.006805368 -0.001764731 1.600753665 -0.006787808 0.999929190 0.009772608 -1.956757307 0.001831112 -0.009760388 0.999950767 71.183250427
0.999974012 0.006900921 -0.002065985 1.611643553 -0.006880886 0.999930620 0.009552001 -1.961177826 0.002131761 -0.009537538 0.999952257 71.711296082
0.999969602 0.007578115 -0.001865616 1.624825597 -0.007560365 0.999927759 0.009343975 -1.977202535 0.001936291 -0.009329588 0.999954581 72.254592896
0.999973476 0.007108849 -0.001537726 1.630001426 -0.007093986 0.999929965 0.009464078 -1.981258154 0.001604897 -0.009452918 0.999954045 72.784858704
0.999976516 0.006652927 -0.001652746 1.643947005 -0.006637021 0.999933243 0.009450213 -1.994676590 0.001715508 -0.009439023 0.999953985 73.322486877
0.999983907 0.005191727 -0.002267060 1.668333650 -0.005170155 0.999942243 0.009419333 -2.009056091 0.002315832 -0.009407459 0.999953032 73.880172729
0.999975920 0.006731405 -0.001692273 1.676928163 -0.006715363 0.999934077 0.009312893 -2.018651962 0.001754852 -0.009301305 0.999955177 74.356697083
0.999979019 0.005863277 -0.002754648 1.701525211 -0.005837074 0.999938488 0.009426103 -2.030373096 0.002809748 -0.009409826 0.999951780 74.908287048
0.999977112 0.006291748 -0.002476769 1.738969684 -0.006267496 0.999933481 0.009681019 -2.059392214 0.002537513 -0.009665274 0.999949992 75.376495361
0.999979198 0.005825114 -0.002763629 1.755184054 -0.005798641 0.999938071 0.009492200 -2.071784019 0.002818751 -0.009475976 0.999951065 75.929786682
0.999980807 0.005418280 -0.002981313 1.773144007 -0.005390171 0.999941647 0.009357021 -2.082720041 0.003031839 -0.009340772 0.999951839 76.462928772
0.999970853 0.007388289 -0.001930415 1.770317793 -0.007368042 0.999919832 0.010293223 -2.102387905 0.002006308 -0.010278697 0.999945164 76.955734253
0.999968708 0.007710066 -0.001751416 1.782320857 -0.007692523 0.999922276 0.009811838 -2.111981869 0.001826928 -0.009798058 0.999950349 77.506851196
0.999969900 0.007548256 -0.001802341 1.801901579 -0.007527901 0.999910593 0.011045540 -2.134283543 0.001885553 -0.011031640 0.999937356 78.037139893
0.999969542 0.007742653 -0.000984594 1.815274835 -0.007732351 0.999919415 0.010068026 -2.137940168 0.001062470 -0.010060105 0.999948859 78.572502136
0.999961615 0.008740658 -0.000610835 1.824046850 -0.008733696 0.999905705 0.010596205 -2.148515224 0.000703396 -0.010590465 0.999943733 79.128822327
0.999954104 0.009499847 0.001247193 1.835280776 -0.009511705 0.999906123 0.009874971 -2.155136108 -0.001153266 -0.009886381 0.999950469 79.675140381
0.999953091 0.009352182 0.002535993 1.838381529 -0.009375761 0.999911427 0.009451261 -2.164737701 -0.002447378 -0.009474594 0.999952137 80.235908508
0.999938309 0.010227019 0.004330603 1.853486538 -0.010267282 0.999903262 0.009379361 -2.188153267 -0.004234262 -0.009423248 0.999946654 80.778953552
0.999950767 0.008647921 0.004849591 1.908400536 -0.008697059 0.999910116 0.010204662 -2.175681114 -0.004760906 -0.010246336 0.999936163 81.265144348
0.999935746 0.008485549 0.007510419 1.930386066 -0.008562877 0.999910116 0.010324512 -2.189861536 -0.007422133 -0.010388157 0.999918461 81.819885254
0.999886096 0.009808216 0.011470498 1.944707632 -0.009932090 0.999892414 0.010792702 -2.213057518 -0.011363406 -0.010905399 0.999876022 82.368644714
0.999877512 0.008375987 0.013219047 1.993586302 -0.008505085 0.999916375 0.009740299 -2.193096161 -0.013136357 -0.009851535 0.999865174 82.949584961
0.999619246 -0.009220749 0.026005793 1.951326489 0.009046671 0.999935865 0.006803587 -2.209821463 -0.026066862 -0.006565732 0.999638617 83.590980530
0.999446332 -0.008451767 0.032178972 1.985896111 0.008232642 0.999942064 0.006936033 -2.223013401 -0.032235730 -0.006667275 0.999458015 84.132987976
0.999239683 -0.008776040 0.037987426 2.031678677 0.008525875 0.999940991 0.006742485 -2.231184244 -0.038044352 -0.006413482 0.999255478 84.693084717
0.999009609 -0.009468473 0.043476034 2.067834377 0.009173138 0.999933481 0.006987513 -2.238550663 -0.043539301 -0.006581781 0.999029994 85.243011475
0.998628318 -0.009572723 0.051476501 2.130424023 0.009238348 0.999934673 0.006729720 -2.234995365 -0.051537558 -0.006244930 0.998651505 85.809494019
0.997760653 -0.010754768 0.066015400 2.208289146 0.010433196 0.999931991 0.005213990 -2.270060539 -0.066066988 -0.004513565 0.997804999 86.264930725
0.997274935 -0.010802821 0.072980799 2.273350716 0.010484193 0.999933720 0.004747633 -2.271494865 -0.073027268 -0.003969551 0.997322083 86.791015625
0.996584177 -0.011540991 0.081773698 2.332288265 0.011191444 0.999926150 0.004731656 -2.288208723 -0.081822269 -0.003800326 0.996639729 87.329948425
0.995737493 -0.011722000 0.091485433 2.414938927 0.011305503 0.999923229 0.005069554 -2.300194979 -0.091537841 -0.004013654 0.995793521 87.928672791
0.994809091 -0.010504407 0.101215184 2.470526218 0.010048010 0.999936879 0.005017960 -2.326629162 -0.101261511 -0.003974900 0.994851947 88.468009949
0.993240595 -0.011517727 0.115500703 2.571967602 0.011093894 0.999929190 0.004311707 -2.374755383 -0.115542196 -0.003001210 0.993298054 88.990547180
0.991949439 -0.011321248 0.126127258 2.667374611 0.010865396 0.999931693 0.004301631 -2.384607792 -0.126167342 -0.002896578 0.992004752 89.528076172
0.990653217 -0.011335420 0.135932714 2.772391319 0.010827020 0.999931335 0.004478847 -2.416818857 -0.135974154 -0.002965238 0.990707934 90.038787842
0.989079535 -0.011487254 0.146934226 2.835650444 0.011002377 0.999931037 0.004112284 -2.405891657 -0.146971330 -0.002450751 0.989137709 90.579078674
0.987374365 -0.011818062 0.157962471 2.944513321 0.011303559 0.999927521 0.004155164 -2.409136295 -0.158000141 -0.002317163 0.987436295 91.129447937
0.985325992 -0.011353045 0.170305163 3.059774399 0.010690955 0.999931335 0.004804248 -2.436011076 -0.170348018 -0.002913026 0.985379577 91.672302246
0.983470023 -0.012165071 0.180662274 3.189084053 0.011484887 0.999922514 0.004810559 -2.451396704 -0.180706799 -0.002656155 0.983533382 92.213668823
0.981620848 -0.012868574 0.190406933 3.313925743 0.012163064 0.999914169 0.004873507 -2.454370737 -0.190453291 -0.002468005 0.981693149 92.753540039
0.979185343 -0.013515328 0.202517509 3.454399109 0.012959387 0.999907792 0.004070943 -2.461944580 -0.202553853 -0.001361705 0.979270220 93.283561707
0.976517737 -0.013214584 0.215031222 3.593767166 0.012393408 0.999909878 0.005166730 -2.489115000 -0.215080127 -0.002380433 0.976593494 93.809036255
0.974109054 -0.013477429 0.225676551 3.743759155 0.012699964 0.999907374 0.004896520 -2.498611212 -0.225721657 -0.001903661 0.974189937 94.346023560
0.970914900 -0.012917524 0.239075989 3.893173218 0.012108820 0.999914885 0.004851142 -2.508767128 -0.239118308 -0.001815116 0.970988691 94.896820068
0.967489183 -0.012536730 0.252601206 4.065832138 0.011571707 0.999918997 0.005305640 -2.523761749 -0.252647251 -0.002210120 0.967555881 95.407730103
0.964511395 -0.013080514 0.263716578 4.239089966 0.012016073 0.999911904 0.005648939 -2.541477919 -0.263767242 -0.002279628 0.964583635 95.926933289
0.961254835 -0.013908930 0.275310010 4.422199249 0.013089792 0.999902785 0.004812577 -2.556377649 -0.275350124 -0.001022362 0.961343467 96.431854248
0.957233906 -0.015510062 0.288899064 4.623165131 0.014527462 0.999879241 0.005545206 -2.554524183 -0.288950145 -0.001111090 0.957343519 96.957687378
0.953345120 -0.015591605 0.301479310 4.817811966 0.014521614 0.999877810 0.005790072 -2.568095446 -0.301532775 -0.001141972 0.953455210 97.471214294
0.949771941 -0.015733210 0.312547117 5.012662888 0.014434730 0.999874830 0.006467957 -2.598907948 -0.312609732 -0.001631551 0.949880242 97.983551025
0.944891870 -0.015008022 0.327038199 5.206117630 0.013507520 0.999885201 0.006858994 -2.612161160 -0.327103585 -0.002063532 0.944986224 98.514396667
0.939710200 -0.014059445 0.341682673 5.408500671 0.012364103 0.999898076 0.007139191 -2.629661798 -0.341748208 -0.002484171 0.939788342 99.047027588
0.935831845 -0.014047833 0.352166772 5.609985352 0.012301520 0.999898374 0.007196172 -2.626096725 -0.352232069 -0.002402219 0.935909629 99.506713867
0.930972099 -0.013660475 0.364834726 5.837007523 0.011886269 0.999904037 0.007108370 -2.639865637 -0.364896804 -0.002281172 0.931045234 100.014411926
0.925476253 -0.014576755 0.378525347 6.053316116 0.012567423 0.999890804 0.007778377 -2.653962612 -0.378597319 -0.002441616 0.925558329 100.512191772
0.920622647 -0.015193977 0.390157789 6.293889999 0.013131795 0.999882162 0.007952577 -2.668348551 -0.390232712 -0.002197850 0.920713663 100.993713379
0.915656567 -0.014779547 0.401689649 6.533302307 0.012437277 0.999887049 0.008438361 -2.687525272 -0.401769042 -0.002730716 0.915737033 101.481597900
0.909253776 -0.015347826 0.415959120 6.755477905 0.012899999 0.999878943 0.008694596 -2.695032835 -0.416042179 -0.002539726 0.909341753 101.948150635
0.903360307 -0.015326556 0.428608447 7.018104553 0.012993090 0.999880552 0.008369608 -2.706582308 -0.428685486 -0.001991825 0.903451562 102.434478760
0.898116529 -0.015603409 0.439480692 7.272899628 0.013138523 0.999876261 0.008650108 -2.714679956 -0.439561278 -0.001994677 0.898210347 102.917869568
0.892230928 -0.016313691 0.451284498 7.535377502 0.013540649 0.999864340 0.009373445 -2.716695786 -0.451376230 -0.002252594 0.892330885 103.403640747
0.885207772 -0.017405072 0.464870125 7.779788971 0.014637220 0.999847054 0.009562740 -2.745595932 -0.464965552 -0.001660604 0.885327220 103.815711975
0.878919601 -0.017000368 0.476666987 8.064636230 0.014225572 0.999854267 0.009429554 -2.747495890 -0.476757914 -0.001506958 0.879033327 104.311210632
0.872624159 -0.017498516 0.488078713 8.327869415 0.014541941 0.999845684 0.009847120 -2.751359463 -0.488175750 -0.001495225 0.872744083 104.752517700
0.864841282 -0.016947674 0.501759171 8.620601654 0.013708332 0.999854565 0.010143668 -2.763687611 -0.501858175 -0.001894384 0.864947855 105.219093323
0.857565820 -0.017586272 0.514073551 8.943462372 0.014383772 0.999844432 0.010209637 -2.775048494 -0.514173090 -0.001361117 0.857685328 105.681732178
