1.000000000 0.000000000 0.000000000 0.000000000 0.000000000 1.000000000 0.000000000 0.000000000 0.000000000 0.000000000 1.000000000 0.000000000
1.000000000 0.000048799 0.000140642 -0.000607750 -0.000048804 1.000000000 0.000035260 0.000000782 -0.000140641 -0.000035267 1.000000000 -0.000158584
0.999999940 0.000152514 0.000195449 -0.001773083 -0.000152530 1.000000000 0.000082068 0.000829431 -0.000195436 -0.000082097 1.000000000 0.001882959
1.000000000 0.000153648 -0.000011713 0.000438632 -0.000153646 1.000000000 0.000150274 -0.000977775 0.000011736 -0.000150272 1.000000000 -0.000562533
0.999999940 0.000231588 0.000139614 -0.000767344 -0.000231602 0.999999940 0.000095380 -0.000195286 -0.000139592 -0.000095412 1.000000000 0.000295941
1.000000000 -0.000063555 0.000017046 -0.000137275 0.000063554 1.000000000 0.000069958 -0.000202742 -0.000017050 -0.000069957 1.000000000 -0.000410761
1.000000000 -0.000042342 0.000144158 -0.001483295 0.000042351 1.000000000 -0.000065095 0.001099146 -0.000144155 0.000065101 1.000000000 0.002056842
1.000000000 -0.000167777 0.000151997 -0.000495537 0.000167769 1.000000000 0.000053732 0.000496308 -0.000152006 -0.000053707 1.000000000 0.001786334
1.000000000 -0.000033462 0.000147049 -0.001116312 0.000033461 1.000000000 0.000007802 0.000760328 -0.000147049 -0.000007797 1.000000000 0.002141461
1.000000000 -0.000110408 0.000202499 -0.000839057 0.000110406 1.000000000 0.000009358 0.000131731 -0.000202500 -0.000009336 1.000000000 -0.000050893
1.000000000 -0.000086919 0.000226736 -0.000965420 0.000086917 1.000000000 0.000009191 0.001234715 -0.000226737 -0.000009171 1.000000000 0.002512049
1.000000000 -0.000002142 0.000098282 -0.000343415 0.000002135 1.000000000 0.000076368 -0.000179447 -0.000098282 -0.000076368 1.000000000 0.000559730
1.000000000 0.000009452 0.000175167 -0.001433531 -0.000009449 1.000000000 -0.000019273 0.001854406 -0.000175168 0.000019272 1.000000000 0.004092949
0.999999940 -0.000040964 0.000268931 -0.002232458 0.000040925 1.000000000 0.000144854 0.001026711 -0.000268937 -0.000144843 0.999999940 0.003866199
1.000000000 -0.000063833 0.000138081 -0.001578725 0.000063827 1.000000000 0.000049255 0.001196161 -0.000138084 -0.000049246 1.000000000 0.003353652
1.000000000 0.000068374 0.000099595 -0.001409690 -0.000068384 1.000000000 0.000102162 0.000051542 -0.000099588 -0.000102169 1.000000000 0.002075913
1.000000000 -0.000022977 0.000122373 -0.000359400 0.000022956 1.000000000 0.000170863 -0.001401905 -0.000122377 -0.000170860 1.000000000 -0.001338020
0.999999940 0.000099421 0.000312854 -0.001618076 -0.000099457 1.000000000 0.000112837 0.000025691 -0.000312843 -0.000112868 0.999999940 0.001145838
0.999999940 0.000117028 0.000256570 -0.002970811 -0.000117056 1.000000000 0.000107095 0.000447011 -0.000256558 -0.000107125 0.999999940 0.003167181
1.000000000 0.000138290 0.000178036 -0.001999690 -0.000138311 1.000000000 0.000116969 0.000692226 -0.000178020 -0.000116994 1.000000000 0.003509377
0.999999881 0.000310528 0.000300905 -0.003065276 -0.000310582 0.999999940 0.000178051 0.000619654 -0.000300850 -0.000178145 0.999999940 0.003847417
0.999999881 0.000366282 0.000338250 -0.003455211 -0.000366283 0.999999940 0.000002767 0.001376722 -0.000338249 -0.000002891 0.999999940 0.003734537
1.000000000 0.000051107 0.000203266 -0.001311821 -0.000051137 1.000000000 0.000151079 -0.000588648 -0.000203258 -0.000151089 0.999999940 0.000122307
0.999999940 0.000128871 0.000335578 -0.001742368 -0.000128920 1.000000000 0.000148331 -0.000484096 -0.000335559 -0.000148375 0.999999940 0.001503482
0.999999940 0.000092072 0.000321151 -0.002576297 -0.000092094 1.000000000 0.000070254 0.000435209 -0.000321145 -0.000070283 0.999999940 0.000825467
1.000000000 0.000063069 0.000216594 -0.001084587 -0.000063071 1.000000000 0.000011616 0.001190473 -0.000216594 -0.000011630 1.000000000 0.001968429
0.999999940 0.000037766 0.000307272 -0.002169434 -0.000037792 1.000000000 0.000085318 0.000214155 -0.000307269 -0.000085330 0.999999940 0.001276731
1.000000000 0.000032011 0.000220632 -0.000764815 -0.000032018 1.000000000 0.000034976 0.000696919 -0.000220631 -0.000034983 1.000000000 0.001081613
0.999999881 0.000284659 0.000376808 -0.003251684 -0.000284653 0.999999940 -0.000015387 0.001228944 -0.000376813 0.000015279 0.999999940 0.001647069
0.999999940 0.000105423 0.000321969 -0.003652054 -0.000105429 1.000000000 0.000020933 0.001999296 -0.000321967 -0.000020967 0.999999940 0.004184312
0.999999940 0.000133435 0.000323467 -0.002801862 -0.000133463 1.000000000 0.000085216 0.000945356 -0.000323456 -0.000085259 0.999999940 0.003115139
1.000000000 -0.000067903 0.000218358 -0.001098859 0.000067879 1.000000000 0.000110461 0.000004842 -0.000218366 -0.000110446 0.999999940 0.001019655
0.999999940 0.000123406 0.000344708 -0.003413710 -0.000123396 1.000000000 -0.000027627 0.001845487 -0.000344711 0.000027585 0.999999940 0.003431018
0.999999881 0.000149663 0.000416239 -0.002711547 -0.000149639 1.000000000 -0.000058858 0.001834992 -0.000416248 0.000058796 0.999999940 0.003242163
0.999999940 0.000160194 0.000236220 -0.000800941 -0.000160220 1.000000000 0.000112370 -0.000300474 -0.000236202 -0.000112408 0.999999940 0.000186704
0.999999940 0.000171128 0.000342426 -0.002719204 -0.000171097 1.000000000 -0.000091845 0.003213156 -0.000342441 0.000091786 0.999999940 0.005195925
0.999999940 0.000138395 0.000298887 -0.003244466 -0.000138363 1.000000000 -0.000107300 0.004596596 -0.000298902 0.000107259 0.999999940 0.007161256
0.999999940 -0.000130759 0.000272213 -0.001226431 0.000130750 1.000000000 0.000033196 0.001413171 -0.000272217 -0.000033160 0.999999940 0.002853218
0.999999940 0.000110399 0.000283349 -0.002723650 -0.000110418 1.000000000 0.000065731 0.002188422 -0.000283342 -0.000065762 0.999999940 0.005064862
0.999999940 -0.000118766 0.000231498 -0.001080019 0.000118756 1.000000000 0.000042598 0.001501590 -0.000231503 -0.000042570 1.000000000 0.002844521
0.999999881 0.000019522 0.000452274 -0.002899600 -0.000019520 1.000000000 -0.000003658 0.001558213 -0.000452274 0.000003649 0.999999881 0.004658218
0.999999940 -0.000256514 0.000249245 -0.000395860 0.000256706 0.999999642 -0.000769007 0.001106101 -0.000249048 0.000769071 0.999999702 0.055006400
0.999999940 0.000168222 0.000361745 -0.001917199 -0.000167839 0.999999404 -0.001059681 -0.006380936 -0.000361923 0.001059620 0.999999344 0.131908059
1.000000000 0.000042894 0.000105916 0.002972068 -0.000042709 0.999998450 -0.001751500 -0.002316519 -0.000105991 0.001751496 0.999998450 0.256693572
1.000000000 -0.000028922 0.000103946 0.004634776 0.000029049 0.999999285 -0.001218436 -0.011444689 -0.000103911 0.001218439 0.999999225 0.386918306
1.000000000 0.000085304 0.000200648 0.008100295 -0.000085112 0.999999523 -0.000955710 -0.017270774 -0.000200729 0.000955693 0.999999523 0.525288463
1.000000000 0.000186587 0.000131494 0.013083201 -0.000186481 0.999999642 -0.000808474 -0.026499553 -0.000131645 0.000808450 0.999999642 0.669408381
0.999999762 0.000482969 0.000448529 0.015574561 -0.000482556 0.999999464 -0.000920259 -0.024030127 -0.000448973 0.000920042 0.999999464 0.841652274
0.999999940 0.000250707 0.000111354 0.018315099 -0.000250640 0.999999762 -0.000600356 -0.027860245 -0.000111505 0.000600328 0.999999821 1.017162085
1.000000000 -0.000079894 -0.000022735 0.022369940 0.000079887 0.999999940 -0.000333794 -0.034006286 0.000022761 0.000333792 0.999999940 1.192252755
0.999999821 0.000457461 0.000375335 0.017437207 -0.000457255 0.999999762 -0.000548237 -0.035433859 -0.000375586 0.000548065 0.999999762 1.372339725
1.000000000 -0.000131989 -0.000041419 0.036531195 0.000131989 1.000000000 -0.000015275 -0.050911047 0.000041421 0.000015270 1.000000000 1.567075610
0.999999940 0.000219568 0.000320481 0.036821485 -0.000219530 0.999999940 -0.000116455 -0.052287254 -0.000320507 0.000116385 0.999999940 1.760783315
0.999999940 0.000282579 -0.000067295 0.039163765 -0.000282604 0.999999881 -0.000371335 -0.052841157 0.000067190 0.000371354 0.999999940 1.958527446
0.999999881 0.000347998 0.000376814 0.038617682 -0.000347923 0.999999940 -0.000199804 -0.063263580 -0.000376884 0.000199672 0.999999881 2.167753220
0.999997675 0.002122784 -0.000392170 0.058281858 -0.002123340 0.999996722 -0.001423806 -0.062541708 0.000389146 0.001424635 0.999998927 2.405716419
0.999996841 0.002453523 -0.000590864 0.068758488 -0.002454275 0.999996185 -0.001275818 -0.071309224 0.000587731 0.001277265 0.999998987 2.621514559
0.999996543 0.002606912 -0.000403633 0.070923269 -0.002607366 0.999995887 -0.001128638 -0.080480039 0.000400689 0.001129687 0.999999225 2.847431898
0.999996722 0.002401644 -0.000800888 0.081651635 -0.002402229 0.999996841 -0.000731058 -0.089901812 0.000799129 0.000732980 0.999999464 3.082351923
0.999997497 0.002130366 -0.000685271 0.081104815 -0.002131278 0.999996841 -0.001332565 -0.089276582 0.000682430 0.001334022 0.999998927 3.321636438
0.999997258 0.002184834 -0.000763880 0.088243850 -0.002185595 0.999997139 -0.000997722 -0.100353278 0.000761698 0.000999389 0.999999166 3.560485125
0.999997377 0.002062023 -0.000936791 0.091782607 -0.002063332 0.999996960 -0.001399129 -0.101283513 0.000933903 0.001401059 0.999998569 3.825439215
0.999997973 0.001836564 -0.000854905 0.100705028 -0.001837631 0.999997556 -0.001249024 -0.112082042 0.000852609 0.001250593 0.999998927 4.078499794
0.999996603 0.002506086 -0.000675739 0.101594642 -0.002506789 0.999996305 -0.001041780 -0.118296899 0.000673126 0.001043471 0.999999225 4.330076694
0.999997020 0.002344250 -0.000706443 0.107381158 -0.002345187 0.999996424 -0.001328324 -0.120998248 0.000703326 0.001329976 0.999998868 4.593430519
0.999996662 0.002512166 -0.000552249 0.112700790 -0.002512790 0.999996126 -0.001132031 -0.132140279 0.000549403 0.001133415 0.999999166 4.840982437
0.999996364 0.002567306 -0.000749856 0.118369825 -0.002568015 0.999996245 -0.000945407 -0.138373688 0.000747426 0.000947329 0.999999285 5.102310181
0.999996841 0.002480509 -0.000609856 0.123017326 -0.002481182 0.999996305 -0.001105179 -0.148927227 0.000607113 0.001106689 0.999999225 5.361981869
0.999996305 0.002690580 -0.000400735 0.127678618 -0.002691047 0.999995649 -0.001168694 -0.155443743 0.000397589 0.001169768 0.999999285 5.634761810
0.999996722 0.002447343 -0.000664010 0.136746213 -0.002447855 0.999996662 -0.000772450 -0.165974185 0.000662118 0.000774073 0.999999523 5.898983479
0.999996722 0.002472286 -0.000598714 0.145022571 -0.002472891 0.999996364 -0.001012433 -0.175080255 0.000596208 0.001013910 0.999999344 6.173073292
0.999996662 0.002521540 -0.000564140 0.144400150 -0.002522080 0.999996305 -0.000958959 -0.183566645 0.000561720 0.000960378 0.999999404 6.449092865
0.999997139 0.002357588 -0.000461338 0.144760147 -0.002358113 0.999996543 -0.001140535 -0.190142378 0.000458648 0.001141620 0.999999285 6.742656708
0.999996364 0.002648457 -0.000539723 0.160064578 -0.002648768 0.999996305 -0.000576607 -0.208797425 0.000538194 0.000578034 0.999999642 7.023020744
0.999996364 0.002607021 -0.000703911 0.171643808 -0.002607363 0.999996483 -0.000485679 -0.217628404 0.000702643 0.000487513 0.999999642 7.313115120
0.999996543 0.002628622 -0.000085402 0.169182435 -0.002628727 0.999995708 -0.001252927 -0.220424891 0.000082109 0.001253147 0.999999225 7.641919613
0.999996662 0.002541307 -0.000304168 0.177738130 -0.002541469 0.999996603 -0.000532022 -0.238818049 0.000302815 0.000532794 0.999999821 7.944328785
0.999996662 0.002543189 -0.000515577 0.184544012 -0.002543345 0.999996722 -0.000302689 -0.243181556 0.000514805 0.000304000 0.999999821 8.271806717
0.999996722 0.002574710 -0.000104094 0.189276561 -0.002574788 0.999996424 -0.000758256 -0.255290627 0.000102141 0.000758522 0.999999642 8.589327812
0.999994516 0.003325530 0.000416574 0.186682150 -0.003325165 0.999994099 -0.000874886 -0.260271490 -0.000419481 0.000873496 0.999999583 8.937311172
0.999997079 0.002402322 -0.000272127 0.202688500 -0.002402417 0.999997020 -0.000347836 -0.279693097 0.000271290 0.000348489 0.999999881 9.254005432
0.999994934 0.003181427 0.000209296 0.203558132 -0.003181322 0.999994874 -0.000498549 -0.286530942 -0.000210881 0.000497880 0.999999821 9.603019714
0.999995708 0.002948245 0.000062551 0.209540412 -0.002948210 0.999995589 -0.000552326 -0.298228115 -0.000064179 0.000552139 0.999999821 9.939150810
0.999996841 0.002519308 -0.000116527 0.218507648 -0.002519324 0.999996841 -0.000142531 -0.312609136 0.000116168 0.000142825 0.999999940 10.301048279
0.999996543 0.002645827 0.000074428 0.225478724 -0.002645856 0.999996483 0.000377334 -0.329303414 -0.000073429 -0.000377529 0.999999940 10.649879456
0.999996603 0.002581480 0.000400118 0.229176551 -0.002581546 0.999996662 0.000164987 -0.336587876 -0.000399691 -0.000166020 1.000000000 11.019446373
0.999996424 0.002655413 0.000231602 0.237739354 -0.002655376 0.999996483 -0.000157164 -0.344113290 -0.000232018 0.000156549 0.999999940 11.404670715
0.999997079 0.002397195 0.000150589 0.247770548 -0.002397207 0.999997199 0.000084049 -0.354004771 -0.000150387 -0.000084410 1.000000000 11.781770706
0.999996722 0.002536474 0.000157087 0.254784882 -0.002536452 0.999996781 -0.000136843 -0.367171764 -0.000157434 0.000136444 1.000000000 12.165863037
0.999997318 0.002271461 0.000164945 0.264432162 -0.002271415 0.999997377 -0.000278570 -0.377130955 -0.000165577 0.000278195 0.999999881 12.560617447
0.999997735 0.002082379 0.000123763 0.272637039 -0.002082438 0.999997735 0.000481962 -0.391283363 -0.000122759 -0.000482219 0.999999821 12.954882622
0.999995589 0.002943171 0.000148963 0.279129028 -0.002943156 0.999995768 -0.000100385 -0.399264097 -0.000149258 0.000099946 1.000000000 13.362205505
0.999996543 0.002551105 0.000513636 0.291915834 -0.002551387 0.999996603 0.000548110 -0.416237861 -0.000512237 -0.000549418 0.999999702 13.760234833
0.999996185 0.002708804 0.000579163 0.293654978 -0.002708736 0.999996245 -0.000118372 -0.419135928 -0.000579482 0.000116803 0.999999762 14.186812401
0.999997079 0.002204229 0.001029296 0.306456178 -0.002204267 0.999997556 0.000035990 -0.432429731 -0.001029214 -0.000038259 0.999999464 14.606143951
0.999996662 0.002419428 0.000924136 0.314989984 -0.002419527 0.999997020 0.000105338 -0.445197016 -0.000923879 -0.000107573 0.999999583 15.035213470
0.999996305 0.002560068 0.000929530 0.325956285 -0.002560177 0.999996722 0.000115315 -0.460408151 -0.000929232 -0.000117695 0.999999583 15.464118958
0.999995649 0.002544545 0.001478053 0.333712786 -0.002544529 0.999996781 -0.000012907 -0.472549170 -0.001478081 0.000009146 0.999998927 15.901495934
0.999994993 0.002723207 0.001614290 0.342565209 -0.002723346 0.999996245 0.000083907 -0.483058751 -0.001614056 -0.000088303 0.999998689 16.350173950
0.999993563 0.002954015 0.002023539 0.351031482 -0.002953679 0.999995649 -0.000169183 -0.495599389 -0.002024029 0.000163205 0.999997914 16.791843414
0.999991775 0.003268419 0.002402611 0.360706806 -0.003268586 0.999994576 0.000065540 -0.510190725 -0.002402384 -0.000073393 0.999997139 17.244480133
0.999991119 0.003226604 0.002701423 0.369097501 -0.003226798 0.999994755 0.000067168 -0.520162106 -0.002701192 -0.000075885 0.999996364 17.707307816
0.999992490 0.002661114 0.002803944 0.381308109 -0.002661236 0.999996483 0.000039764 -0.531456351 -0.002803829 -0.000047225 0.999996066 18.172651291
0.999991894 0.002809557 0.002871818 0.398261636 -0.002808058 0.999996006 -0.000525504 -0.538587749 -0.002873282 0.000517435 0.999995768 18.639095306
0.999988019 0.003468100 0.003487766 0.395717800 -0.003468662 0.999993920 0.000154820 -0.563992918 -0.003487209 -0.000166916 0.999993920 19.104167938
0.999988914 0.003008534 0.003624573 0.409991920 -0.003009121 0.999995410 0.000156239 -0.574494839 -0.003624086 -0.000167144 0.999993443 19.589485168
0.999989390 0.002742260 0.003686803 0.423512608 -0.002744230 0.999996066 0.000529363 -0.592023790 -0.003685337 -0.000539475 0.999993026 20.057048798
0.999987304 0.003399685 0.003710887 0.428328305 -0.003399412 0.999994218 -0.000079930 -0.600951910 -0.003711138 0.000067314 0.999993086 20.563749313
0.999987543 0.003348575 0.003718636 0.438700229 -0.003349021 0.999994397 0.000113626 -0.612990856 -0.003718236 -0.000126079 0.999993086 21.060203552
0.999989212 0.003213523 0.003390684 0.447592467 -0.003213617 0.999994814 0.000022353 -0.620129466 -0.003390595 -0.000033249 0.999994218 21.569868088
0.999991536 0.003389268 0.002337055 0.464378476 -0.003390078 0.999994338 0.000342839 -0.643947303 -0.002335879 -0.000350759 0.999997139 22.065378189
0.999990344 0.003905877 0.002059679 0.474763781 -0.003905202 0.999992371 -0.000331369 -0.648990095 -0.002060957 0.000323323 0.999997854 22.578125000
0.999990940 0.004021171 0.001383491 0.486451745 -0.004020240 0.999991775 -0.000675682 -0.663539708 -0.001386196 0.000670114 0.999998808 23.090551376
0.999994218 0.003338967 0.000501651 0.498924762 -0.003339022 0.999994397 0.000110032 -0.685273290 -0.000501281 -0.000111706 0.999999821 23.623888016
0.999995887 0.002834086 -0.000029175 0.508786917 -0.002834109 0.999995649 -0.000826226 -0.694773734 0.000026833 0.000826305 0.999999642 24.148691177
0.999994934 0.003054802 -0.000868578 0.520524859 -0.003054762 0.999995291 0.000047253 -0.718253076 0.000868719 -0.000044599 0.999999583 24.687021255
0.999993443 0.003219985 -0.001615757 0.530736625 -0.003219632 0.999994814 0.000220887 -0.733571231 0.001616460 -0.000215684 0.999998629 25.218006134
0.999992132 0.003417653 -0.002008514 0.534923017 -0.003416633 0.999994040 0.000511535 -0.750089467 0.002010251 -0.000504669 0.999997854 25.766933441
0.999992430 0.003115505 -0.002304147 0.542721570 -0.003114819 0.999995112 0.000301152 -0.763719559 0.002305074 -0.000293973 0.999997318 26.326307297
0.999992430 0.002848139 -0.002667621 0.554269135 -0.002844901 0.999995172 0.001216909 -0.782512963 0.002671074 -0.001209310 0.999995708 26.868505478
0.999990702 0.002630165 -0.003415104 0.566252053 -0.002627031 0.999996126 0.000921745 -0.792203963 0.003417515 -0.000912765 0.999993742 27.416536331
0.999985039 0.003311111 -0.004361995 0.578347385 -0.003307129 0.999994099 0.000919929 -0.808991909 0.004365015 -0.000905489 0.999990046 27.965057373
0.999983251 0.003357008 -0.004715770 0.583770216 -0.003355737 0.999994338 0.000277355 -0.816032529 0.004716675 -0.000261525 0.999988794 28.510698318
0.999984443 0.003282951 -0.004504963 0.591176510 -0.003277511 0.999993861 0.001214280 -0.843870640 0.004508922 -0.001199496 0.999989092 29.038684845
0.999983013 0.003852794 -0.004371292 0.598395586 -0.003848272 0.999992132 0.001042425 -0.853430152 0.004375273 -0.001025586 0.999989927 29.598186493
0.999982297 0.003293360 -0.004954192 0.601989329 -0.003286530 0.999993563 0.001386200 -0.872136176 0.004958726 -0.001369893 0.999986768 30.139715195
0.999981165 0.003944358 -0.004701870 0.610802889 -0.003938655 0.999991417 0.001221657 -0.889319539 0.004706648 -0.001203115 0.999988258 30.681884766
0.999978364 0.003904954 -0.005280787 0.618743718 -0.003896695 0.999991179 0.001573438 -0.908118725 0.005286884 -0.001552826 0.999984801 31.222488403
0.999976218 0.003962846 -0.005640707 0.626946568 -0.003954567 0.999991059 0.001478442 -0.919424772 0.005646515 -0.001456100 0.999983013 31.772264481
0.999977410 0.003739581 -0.005591450 0.640628397 -0.003729997 0.999991536 0.001723481 -0.940905929 0.005597848 -0.001702586 0.999982953 32.307144165
0.999973893 0.003699543 -0.006203515 0.645920098 -0.003689994 0.999992013 0.001549916 -0.951125383 0.006209200 -0.001526985 0.999979556 32.855640411
0.999970317 0.004145938 -0.006493225 0.653843343 -0.004132967 0.999989450 0.002009712 -0.972938478 0.006501488 -0.001982816 0.999976873 33.392879486
0.999971628 0.003817148 -0.006493798 0.658031583 -0.003807607 0.999991655 0.001480938 -0.977033257 0.006499397 -0.001456170 0.999977827 33.946540833
0.999973536 0.003725226 -0.006249298 0.657734275 -0.003717489 0.999992311 0.001249354 -0.992444634 0.006253905 -0.001226089 0.999979675 34.494747162
0.999969661 0.003954531 -0.006725437 0.669988573 -0.003945075 0.999991179 0.001418929 -1.006536007 0.006730990 -0.001392353 0.999976337 35.032794952
0.999971867 0.003469038 -0.006643871 0.674864113 -0.003459069 0.999992907 0.001511444 -1.021532536 0.006649067 -0.001488420 0.999976754 35.581951141
0.999971628 0.003636676 -0.006595064 0.685608268 -0.003624588 0.999991715 0.001843828 -1.045507193 0.006601715 -0.001819871 0.999976575 36.111827850
0.999965906 0.004294418 -0.007070671 0.689098597 -0.004285363 0.999989927 0.001295495 -1.048868537 0.007076165 -0.001265150 0.999974191 36.672035217
0.999966025 0.004620733 -0.006822541 0.694692850 -0.004612554 0.999988616 0.001214167 -1.061539173 0.006828073 -0.001182656 0.999976039 37.218524933
0.999964178 0.004269331 -0.007302268 0.699256301 -0.004260983 0.999990225 0.001158315 -1.076257467 0.007307142 -0.001127159 0.999972641 37.772491455
0.999966621 0.003824372 -0.007220132 0.703302145 -0.003819430 0.999992490 0.000698146 -1.089271069 0.007222747 -0.000670546 0.999973655 38.323101044
0.999965966 0.004458130 -0.006940644 0.704903960 -0.004451573 0.999989569 0.000960050 -1.106071949 0.006944852 -0.000929120 0.999975443 38.876716614
0.999959886 0.004599954 -0.007683862 0.720496655 -0.004589349 0.999988496 0.001397277 -1.123387098 0.007690201 -0.001361957 0.999969482 39.404541016
0.999959171 0.004844072 -0.007634280 0.729063988 -0.004835364 0.999987662 0.001158605 -1.135533690 0.007639798 -0.001121643 0.999970198 39.955802917
0.999959350 0.004334068 -0.007905881 0.742556334 -0.004321124 0.999989331 0.001653525 -1.156533480 0.007912963 -0.001619295 0.999967337 40.499439240
0.999955535 0.004284434 -0.008395324 0.749937654 -0.004274744 0.999990106 0.001171702 -1.163531542 0.008400260 -0.001135762 0.999964058 41.046955109
0.999952912 0.004582929 -0.008559933 0.757730246 -0.004568971 0.999988198 0.001649402 -1.181669354 0.008567391 -0.001610214 0.999962032 41.592990875
0.999952734 0.004649085 -0.008543381 0.771323800 -0.004635404 0.999987900 0.001620378 -1.197988391 0.008550812 -0.001580699 0.999962151 42.139060974
0.999950647 0.005158076 -0.008486073 0.766042113 -0.005152625 0.999986529 0.000664052 -1.194758773 0.008489382 -0.000620293 0.999963760 42.701725006
0.999951124 0.005214468 -0.008401491 0.772387385 -0.005208745 0.999986351 0.000702849 -1.208959222 0.008405039 -0.000659053 0.999964476 43.240299225
0.999951065 0.005723411 -0.008075128 0.779716790 -0.005722049 0.999983609 0.000191770 -1.222501159 0.008076094 -0.000145554 0.999967396 43.790786743
0.999957204 0.004596968 -0.008026919 0.768828392 -0.004589499 0.999989152 0.000948595 -1.243023038 0.008031191 -0.000911715 0.999967337 44.328861237
0.999960005 0.004986497 -0.007415011 0.772046685 -0.004986055 0.999987543 0.000078061 -1.249716163 0.007415307 -0.000041086 0.999972522 44.881626129
0.999959946 0.005370252 -0.007152421 0.779376030 -0.005370155 0.999985576 0.000032899 -1.258692026 0.007152494 0.000005512 0.999974370 45.418270111
0.999959290 0.004313401 -0.007923986 0.787401915 -0.004304147 0.999990046 0.001184647 -1.289511919 0.007929017 -0.001150493 0.999967933 45.960296631
0.999958038 0.004162755 -0.008163493 0.796950579 -0.004155216 0.999991000 0.000940306 -1.304939866 0.008167334 -0.000906346 0.999966264 46.501926422
0.999956965 0.004754629 -0.007958766 0.812490284 -0.004746687 0.999988198 0.001016643 -1.324465275 0.007963507 -0.000978821 0.999967813 47.032752991
0.999958038 0.004014492 -0.008234832 0.802056134 -0.004008933 0.999991715 0.000691499 -1.323234200 0.008237539 -0.000658457 0.999965847 47.578552246
0.999956548 0.004926399 -0.007918779 0.802791595 -0.004921760 0.999987662 0.000605348 -1.338877916 0.007921664 -0.000566347 0.999968469 48.129760742
0.999960303 0.004051818 -0.007931176 0.816689849 -0.004048859 0.999991715 0.000389260 -1.347857356 0.007932686 -0.000357132 0.999968469 48.672878265
0.999960124 0.004564481 -0.007678089 0.817308187 -0.004560348 0.999989450 0.000555874 -1.363541842 0.007680546 -0.000520837 0.999970317 49.190826416
0.999960005 0.004145199 -0.007917783 0.816130340 -0.004143823 0.999991417 0.000190029 -1.370524049 0.007918502 -0.000157211 0.999968648 49.744796753
0.999961853 0.004229357 -0.007636151 0.817828715 -0.004225336 0.999990940 0.000542565 -1.385101557 0.007638377 -0.000510279 0.999970734 50.288780212
0.999964356 0.005466931 -0.006431449 0.808770835 -0.005466167 0.999985039 0.000136397 -1.395095944 0.006432098 -0.000101236 0.999979377 50.826309204
0.999963999 0.004868007 -0.006943731 0.822909355 -0.004861893 0.999987781 0.000897031 -1.420884728 0.006948013 -0.000863239 0.999975443 51.371925354
0.999954462 0.004216371 -0.008552191 0.838206649 -0.004214864 0.999991119 0.000194093 -1.429648042 0.008552932 -0.000158038 0.999963403 51.905654907
0.999958754 0.003881546 -0.008204461 0.845387220 -0.003889198 0.999992013 -0.000916986 -1.439288855 0.008200836 0.000948857 0.999965906 52.461875916
0.999959409 0.003597785 -0.008260126 0.851895928 -0.003599046 0.999993503 -0.000137952 -1.459736943 0.008259577 0.000167675 0.999965847 52.997924805
0.999958634 0.003414683 -0.008431969 0.857835293 -0.003415143 0.999994099 -0.000040089 -1.476349592 0.008431783 0.000068884 0.999964476 53.537612915
0.999964893 0.003211225 -0.007735139 0.857776403 -0.003215507 0.999994636 -0.000541135 -1.487528563 0.007733360 0.000565989 0.999969959 54.083320618
0.999957204 0.003608967 -0.008515280 0.873101234 -0.003609528 0.999993503 -0.000050312 -1.502633214 0.008515043 0.000081045 0.999963701 54.614154816
0.999961436 0.003604867 -0.008005014 0.870380461 -0.003608233 0.999993443 -0.000406091 -1.516338468 0.008003497 0.000434959 0.999967873 55.166000366
0.999958873 0.004002167 -0.008132206 0.879191041 -0.004002796 0.999991953 -0.000061164 -1.532852411 0.008131895 0.000093713 0.999966919 55.691082001
0.999956608 0.003643209 -0.008575710 0.885180116 -0.003644320 0.999993324 -0.000113890 -1.546603799 0.008575237 0.000145137 0.999963224 56.227741241
0.999960661 0.003354908 -0.008217255 0.900260925 -0.003351833 0.999994278 0.000387995 -1.570418119 0.008218510 -0.000360436 0.999966204 56.757453918
0.999959350 0.003412883 -0.008363348 0.904469669 -0.003414429 0.999994159 -0.000170498 -1.579489827 0.008362718 0.000199047 0.999965012 57.314037323
0.999943435 0.003638834 -0.009990653 0.917304933 -0.003633534 0.999993265 0.000548543 -1.603063822 0.009992582 -0.000512211 0.999949992 57.857654572
0.999964654 0.003237610 -0.007766761 0.916163921 -0.003239563 0.999994755 -0.000238859 -1.612724543 0.007765947 0.000264011 0.999969840 58.393901825
0.999959648 0.003200959 -0.008395494 0.916385293 -0.003207681 0.999994516 -0.000787379 -1.619147062 0.008392928 0.000814277 0.999964476 58.926269531
0.999958813 0.003058105 -0.008543616 0.925585389 -0.003068875 0.999994457 -0.001247825 -1.635626078 0.008539753 0.001273993 0.999962807 59.469364166
0.999963403 0.003386308 -0.007862698 0.924912333 -0.003393557 0.999993742 -0.000908797 -1.652193308 0.007859573 0.000935446 0.999968708 60.013420105
0.999957263 0.003857075 -0.008395259 0.926188469 -0.003860541 0.999992490 -0.000396538 -1.668370724 0.008393666 0.000428931 0.999964654 60.543346405
0.999963522 0.003994136 -0.007551655 0.931836009 -0.003995798 0.999992013 -0.000205069 -1.689015388 0.007550776 0.000235236 0.999971509 61.092521667
0.999962687 0.003781215 -0.007765594 0.938583910 -0.003785462 0.999992728 -0.000532439 -1.698606968 0.007763524 0.000561815 0.999969661 61.640583038
0.999955535 0.003721537 -0.008661966 0.948549628 -0.003728427 0.999992728 -0.000779381 -1.713716626 0.008659002 0.000811641 0.999962151 62.156597137
0.999960065 0.003611529 -0.008180206 0.953500271 -0.003613120 0.999993443 -0.000179588 -1.736785889 0.008179504 0.000209136 0.999966502 62.701179504
0.999964535 0.004779346 -0.006930307 0.942689538 -0.004781808 0.999988556 -0.000338588 -1.747775316 0.006928608 0.000371716 0.999975920 63.261177063
0.999953270 0.004175813 -0.008710803 0.969048798 -0.004180931 0.999991119 -0.000569544 -1.758399129 0.008708346 0.000605936 0.999961913 63.773838043
0.999960124 0.003872684 -0.008040255 0.965893805 -0.003876807 0.999992371 -0.000497437 -1.773569703 0.008038267 0.000528588 0.999967575 64.323539734
0.999953628 0.004731040 -0.008379013 0.975110829 -0.004732416 0.999988794 -0.000144349 -1.786379099 0.008378237 0.000183995 0.999964952 64.843734741
0.999958038 0.004470515 -0.007987983 0.973589301 -0.004475982 0.999989748 -0.000666666 -1.797359467 0.007984919 0.000702393 0.999967933 65.377662659
0.999956012 0.004112996 -0.008430766 0.988731146 -0.004118248 0.999991357 -0.000605863 -1.816260815 0.008428201 0.000640557 0.999964297 65.918159485
0.999955475 0.004569001 -0.008257547 0.987483680 -0.004577537 0.999989033 -0.001015104 -1.826799631 0.008252819 0.001052858 0.999965429 66.471908569
0.999955833 0.004242572 -0.008387476 1.003510714 -0.004251432 0.999990463 -0.001038874 -1.847885013 0.008382988 0.001074487 0.999964297 67.017364502
0.999952853 0.004469307 -0.008637948 1.009385705 -0.004473419 0.999989867 -0.000456758 -1.865262747 0.008635820 0.000495378 0.999962568 67.535476685
0.999950051 0.005088006 -0.008605417 1.018829346 -0.005088267 0.999987006 -0.000008452 -1.887692571 0.008605262 0.000052238 0.999962986 68.064453125
0.999952078 0.004530962 -0.008682858 1.028417945 -0.004535281 0.999989569 -0.000477820 -1.902232051 0.008680603 0.000517176 0.999962151 68.612236023
0.999952257 0.004683890 -0.008578549 1.022191048 -0.004688905 0.999988854 -0.000564530 -1.913168550 0.008575810 0.000604727 0.999962986 69.154228210
0.999951124 0.004589229 -0.008760828 1.033996820 -0.004594621 0.999989271 -0.000595398 -1.926198363 0.008758001 0.000635621 0.999961436 69.697418213
0.999954462 0.004728836 -0.008292343 1.030612469 -0.004734953 0.999988496 -0.000718323 -1.941745043 0.008288851 0.000757554 0.999965370 70.243247986
0.999951422 0.004685274 -0.008680323 1.044314146 -0.004689938 0.999988854 -0.000517071 -1.959285855 0.008677804 0.000557756 0.999962151 70.786277771
0.999955654 0.004631657 -0.008191037 1.036477804 -0.004636304 0.999989092 -0.000548510 -1.976229310 0.008188406 0.000586462 0.999966323 71.317283630
0.999956071 0.004292916 -0.008332169 1.047975898 -0.004299331 0.999990463 -0.000752182 -1.991601944 0.008328859 0.000787971 0.999965072 71.861396790
0.999954402 0.004902399 -0.008186230 1.045213342 -0.004908952 0.999987602 -0.000780646 -2.007074118 0.008182301 0.000820797 0.999966204 72.394569397
0.999957323 0.005204515 -0.007633194 1.049294949 -0.005207990 0.999986351 -0.000435441 -2.028049231 0.007630823 0.000475177 0.999970794 72.943626404
0.999961734 0.004807873 -0.007299951 1.053556204 -0.004810831 0.999988377 -0.000387858 -2.042570353 0.007298001 0.000422962 0.999973297 73.490371704
0.999956548 0.004552643 -0.008137699 1.055189371 -0.004559211 0.999989212 -0.000788599 -2.049892187 0.008134022 0.000825666 0.999966562 74.008445740
0.999955833 0.004399827 -0.008299048 1.065315723 -0.004403362 0.999990165 -0.000407714 -2.067797661 0.008297172 0.000444240 0.999965489 74.545082092
0.999955058 0.004882880 -0.008121499 1.068280578 -0.004882148 0.999988079 0.000110004 -2.088866711 0.008121940 -0.000070348 0.999966979 75.081726074
0.999957383 0.004525086 -0.008047238 1.073895931 -0.004531084 0.999989390 -0.000727083 -2.099040270 0.008043864 0.000763514 0.999967277 75.625732422
0.999947369 0.004844261 -0.009055580 1.082978487 -0.004851235 0.999987960 -0.000748218 -2.117033720 0.009051846 0.000792109 0.999958694 76.170013428
0.999958932 0.005196383 -0.007433382 1.083795071 -0.005201039 0.999986291 -0.000607259 -2.132054806 0.007430125 0.000645895 0.999972105 76.718467712
0.999958277 0.004309495 -0.008051123 1.094674826 -0.004317912 0.999990165 -0.001028237 -2.140702963 0.008046612 0.001062958 0.999967039 77.273704529
0.999959230 0.004074606 -0.008050459 1.102635145 -0.004077503 0.999991596 -0.000343588 -2.163231373 0.008048991 0.000376400 0.999967515 77.814506531
0.999963999 0.004370359 -0.007273518 1.102584839 -0.004375879 0.999990225 -0.000743092 -2.178889036 0.007270199 0.000774893 0.999973238 78.371055603
0.999956667 0.004377129 -0.008215292 1.117402077 -0.004381821 0.999990225 -0.000553168 -2.193995953 0.008212791 0.000589142 0.999966085 78.887054443
0.999956489 0.004737054 -0.008040134 1.119810581 -0.004746076 0.999988139 -0.001103352 -2.205318689 0.008034811 0.001141464 0.999967098 79.436370850
0.999955893 0.004368572 -0.008312486 1.135787964 -0.004377837 0.999989748 -0.001096639 -2.220708847 0.008307611 0.001132981 0.999964833 79.980323792
0.999964714 0.004515885 -0.007077591 1.142230988 -0.004521539 0.999989569 -0.000783000 -2.237712622 0.007073980 0.000814974 0.999974608 80.532165527
0.999969065 0.004919934 -0.006129417 1.147975326 -0.004924292 0.999987602 -0.000695997 -2.253871679 0.006125916 0.000726159 0.999980986 81.077697754
0.999976754 0.004848388 -0.004797371 1.154496789 -0.004851565 0.999988019 -0.000650413 -2.271725416 0.004794160 0.000673672 0.999988258 81.596755981
0.999982893 0.004815153 -0.003314627 1.161364079 -0.004817238 0.999988198 -0.000621482 -2.284699202 0.003311595 0.000637439 0.999994338 82.131652832
0.999987602 0.004993759 -0.000102441 1.177602530 -0.004993860 0.999986947 -0.001012440 -2.298510075 0.000097384 0.001012939 0.999999583 82.683624268
0.999980509 0.004948312 0.003805414 1.194496155 -0.004947063 0.999987662 -0.000337589 -2.323014736 -0.003807038 0.000318757 0.999992728 83.211601257
0.999965429 0.005068920 0.006587967 1.209746361 -0.005064718 0.999986947 -0.000654139 -2.332483768 -0.006591198 0.000620750 0.999978006 83.749855042
0.999921501 0.004491158 0.011699561 1.233935833 -0.004485184 0.999989748 -0.000536845 -2.355281591 -0.011701853 0.000484328 0.999931335 84.300476074
0.999830365 0.004999426 0.017723504 1.261076808 -0.004985915 0.999987185 -0.000806384 -2.366505146 -0.017727308 0.000717880 0.999842584 84.843223572
0.999733388 0.004864129 0.022571249 1.290678382 -0.004852214 0.999988079 -0.000582598 -2.386137009 -0.022573816 0.000472922 0.999745011 85.377380371
0.999589741 0.004169844 0.028334968 1.325819254 -0.004154876 0.999991179 -0.000587065 -2.400176287 -0.028337171 0.000469096 0.999598324 85.922439575
0.999316096 0.004630634 0.036683947 1.352888942 -0.004612186 0.999989212 -0.000587516 -2.417443991 -0.036686268 0.000417921 0.999326766 86.470840454
0.998968303 0.004483312 0.045191616 1.393633366 -0.004454023 0.999989808 -0.000748806 -2.430741787 -0.045194518 0.000546749 0.998978019 87.027908325
0.998641074 0.004670693 0.051905360 1.439564943 -0.004653110 0.999989092 -0.000459580 -2.450532198 -0.051906932 0.000217435 0.998651922 87.565994263
0.998149931 0.004076523 0.060664169 1.497082233 -0.004042677 0.999991596 -0.000680658 -2.462852478 -0.060666427 0.000434153 0.998158038 88.111045837
0.997442603 0.005199324 0.071282007 1.550550461 -0.005162336 0.999986470 -0.000703113 -2.477824688 -0.071284682 0.000333333 0.997455895 88.642242432
0.996827900 0.004608431 0.079454012 1.611917496 -0.004565371 0.999989331 -0.000723603 -2.496637821 -0.079456516 0.000358570 0.996838272 89.195968628
0.996147990 0.003942058 0.087600455 1.680141926 -0.003878446 0.999992073 -0.000896354 -2.511170864 -0.087603301 0.000553147 0.996155322 89.748489380
0.995142102 0.004129302 0.098363131 1.752836704 -0.004091413 0.999991536 -0.000586888 -2.529973269 -0.098364726 0.000181593 0.995150447 90.266136169
0.994022429 0.004212685 0.109095901 1.828477859 -0.004168920 0.999991119 -0.000629255 -2.546118975 -0.109097600 0.000170682 0.994030952 90.839347839
0.993024707 0.003651087 0.117850088 1.916433334 -0.003551018 0.999993145 -0.001059089 -2.559114456 -0.117853157 0.000633214 0.993030727 91.387962341
0.991607964 0.003554866 0.129232734 2.005307198 -0.003451846 0.999993622 -0.001021145 -2.569621325 -0.129235536 0.000566484 0.991613746 91.918006897
0.989955485 0.003243694 0.141342014 2.104519844 -0.003132281 0.999994576 -0.001010723 -2.593596697 -0.141344562 0.000557848 0.989960313 92.483581543
0.988301933 0.003637794 0.152466759 2.205490112 -0.003630162 0.999993324 -0.000328431 -2.616030216 -0.152466938 -0.000228890 0.988308549 93.029594421
0.986670196 0.003055537 0.162703991 2.310873985 -0.002955782 0.999995232 -0.000855177 -2.621642113 -0.162705824 0.000362860 0.986674547 93.582824707
0.984480143 0.002588474 0.175476924 2.430626869 -0.002467768 0.999996603 -0.000906081 -2.638250351 -0.175478652 0.000458982 0.984483063 94.110443115
0.982138991 0.002491514 0.188140243 2.553024292 -0.002393225 0.999996841 -0.000749581 -2.652934074 -0.188141540 0.000285931 0.982141912 94.653594971
0.980129004 0.002484446 0.198345259 2.680174828 -0.002367826 0.999996781 -0.000825146 -2.666395903 -0.198346660 0.000339103 0.980131924 95.182205200
0.977313936 0.002367041 0.211782098 2.821941376 -0.002161758 0.999996901 -0.001200845 -2.679465055 -0.211784273 0.000715781 0.977316141 95.715904236
0.974387109 0.002133540 0.224867195 2.965618134 -0.002015965 0.999997616 -0.000752466 -2.699866772 -0.224868238 0.000279869 0.974389136 96.256912231
0.971790612 0.001719463 0.235839009 3.113492966 -0.001569924 0.999998331 -0.000821843 -2.717042923 -0.235840052 0.000428410 0.971791804 96.789291382
0.968783259 0.001488165 0.247904897 3.267343521 -0.001380064 0.999998868 -0.000609830 -2.731452703 -0.247905523 0.000248668 0.968784213 97.311775208
0.964884877 0.001516658 0.262668818 3.409990311 -0.001377387 0.999998808 -0.000714348 -2.747185230 -0.262669593 0.000327467 0.964885771 97.877014160
0.961351454 0.001219944 0.275321513 3.575380325 -0.001077245 0.999999285 -0.000669515 -2.762103558 -0.275322109 0.000347050 0.961351991 98.402641296
0.958080471 0.000716859 0.286498427 3.742481232 -0.000646561 0.999999762 -0.000339971 -2.788587570 -0.286498576 0.000140481 0.958080590 98.909614563
0.953963399 0.000470053 0.299922556 3.938455582 -0.000461039 0.999999881 -0.000100819 -2.803238392 -0.299922556 -0.000042099 0.953963459 99.423637390
0.949681222 0.000077315 0.313218027 4.137187958 -0.000038560 1.000000000 -0.000129927 -2.817793608 -0.313218027 0.000111312 0.949681163 99.926292419
0.945698738 -0.000350557 0.325044245 4.331014633 0.000472054 0.999999821 -0.000294924 -2.828266144 -0.325044066 0.000432348 0.945698798 100.460708618
0.941224456 -0.000740396 0.337780863 4.544635773 0.000950763 0.999999344 -0.000457357 -2.844835043 -0.337780327 0.000751625 0.941224694 100.965644836
0.935886741 -0.000191099 0.352300972 4.761247635 0.000317333 0.999999821 -0.000300564 -2.865663767 -0.352300853 0.000393090 0.935886741 101.466812134
0.931171060 -0.001197583 0.364580840 4.971780777 0.001304294 0.999999166 -0.000046461 -2.880569220 -0.364580512 0.000518784 0.931171715 101.998008728
0.926620841 -0.001776274 0.375993013 5.204952240 0.002199217 0.999997318 -0.000695680 -2.891097069 -0.375990778 0.001471522 0.926622212 102.510437012
0.920641124 -0.002303835 0.390403181 5.428970337 0.002552011 0.999996662 -0.000116952 -2.908533812 -0.390401632 0.001103984 0.920643985 102.990783691
0.915108562 -0.003271518 0.403194427 5.672111511 0.003620082 0.999993324 -0.000102361 -2.921204567 -0.403191417 0.001553269 0.915114224 103.480972290
0.910015047 -0.003085239 0.414563775 5.910110474 0.003380007 0.999994278 0.000022589 -2.940424681 -0.414561450 0.001380672 0.910020351 103.960525513
0.903618336 -0.003203839 0.428326517 6.168434143 0.003486820 0.999993920 0.000123889 -2.959837675 -0.428324282 0.001381549 0.903623939 104.470108032
0.897299528 -0.003715031 0.441406637 6.438457489 0.003976235 0.999992013 0.000333314 -2.979821205 -0.441404343 0.001456054 0.897307158 104.936744690
0.891341567 -0.004330766 0.453311771 6.717777252 0.004670951 0.999989033 0.000369074 -2.988115072 -0.453308403 0.001788425 0.891351938 105.454330444
0.885351717 -0.004517797 0.464899898 6.956298828 0.004830783 0.999988139 0.000517965 -3.004968166 -0.464896679 0.001787249 0.885363102 105.913871765
0.878230333 -0.004575903 0.478215843 7.246978760 0.005003414 0.999987423 0.000379944 -3.018065691 -0.478211552 0.002059034 0.878242195 106.391235352
