1.000000000 0.000000000 0.000000000 0.000000000 0.000000000 1.000000000 0.000000000 0.000000000 0.000000000 0.000000000 1.000000000 0.000000000
1.000000000 0.000019133 0.000033731 0.000306725 -0.000019137 1.000000000 0.000118962 -0.000718935 -0.000033728 -0.000118963 1.000000000 -0.000341133
1.000000000 0.000052237 -0.000122072 0.001081635 -0.000052233 1.000000000 0.000032793 -0.000506877 0.000122074 -0.000032787 1.000000000 -0.000770669
1.000000000 0.000036328 -0.000026036 0.000037788 -0.000036327 1.000000000 0.000043582 -0.000548880 0.000026038 -0.000043581 1.000000000 0.000310367
1.000000000 0.000079392 -0.000024520 -0.000482906 -0.000079392 1.000000000 0.000015507 -0.000122141 0.000024522 -0.000015505 1.000000000 -0.000462752
1.000000000 0.000062570 -0.000048774 -0.000283806 -0.000062572 1.000000000 -0.000033592 0.000022058 0.000048772 0.000033595 1.000000000 -0.000017633
1.000000000 0.000062488 -0.000065419 0.000574520 -0.000062490 1.000000000 -0.000028979 -0.000461006 0.000065418 0.000028984 1.000000000 -0.000986298
1.000000000 -0.000018309 -0.000078000 0.001036737 0.000018304 1.000000000 -0.000056158 0.000208834 0.000078001 0.000056157 1.000000000 -0.000291921
1.000000000 -0.000086535 0.000064557 0.000553804 0.000086534 1.000000000 0.000006504 -0.000710351 -0.000064558 -0.000006498 1.000000000 -0.002057146
1.000000000 -0.000205472 -0.000046194 0.000978294 0.000205468 1.000000000 -0.000093293 0.001331369 0.000046213 0.000093284 1.000000000 0.002518751
1.000000000 -0.000100243 -0.000045091 0.000412122 0.000100243 1.000000000 0.000000602 -0.000016809 0.000045091 -0.000000607 1.000000000 0.001830414
1.000000000 -0.000016810 0.000079703 -0.000697318 0.000016825 1.000000000 -0.000184354 0.002070836 -0.000079700 0.000184356 1.000000000 0.002826877
1.000000000 -0.000165603 0.000018205 -0.000530474 0.000165602 1.000000000 0.000060253 0.000120198 -0.000018215 -0.000060250 1.000000000 0.001586023
1.000000000 -0.000094534 0.000018091 -0.000315093 0.000094532 1.000000000 0.000082413 0.000022178 -0.000018099 -0.000082411 1.000000000 0.001265874
1.000000000 -0.000137769 -0.000113252 0.000753745 0.000137779 1.000000000 0.000091163 -0.000685651 0.000113239 -0.000091179 1.000000000 0.000363252
1.000000000 0.000003092 -0.000050149 -0.000248483 -0.000003092 1.000000000 -0.000006027 -0.000334937 0.000050149 0.000006027 1.000000000 -0.000478524
0.999999940 0.000219540 0.000186495 -0.001986851 -0.000219556 1.000000000 0.000083913 -0.000480304 -0.000186477 -0.000083954 1.000000000 0.000027212
1.000000000 -0.000049076 -0.000137293 0.000381499 0.000049061 1.000000000 -0.000111368 0.000748958 0.000137298 0.000111361 1.000000000 0.000499946
1.000000000 -0.000219958 0.000007894 0.000223183 0.000219958 1.000000000 -0.000001372 -0.000162221 -0.000007893 0.000001373 1.000000000 0.000677947
1.000000000 -0.000014396 0.000139349 -0.000369926 0.000014393 1.000000000 0.000019823 -0.000218381 -0.000139350 -0.000019821 1.000000000 0.000836980
1.000000000 0.000007964 0.000022126 -0.000863957 -0.000007962 1.000000000 -0.000100558 0.000851866 -0.000022127 0.000100558 1.000000000 0.001684170
1.000000000 -0.000082584 -0.000046430 -0.000087715 0.000082582 1.000000000 -0.000026574 0.000781572 0.000046432 0.000026570 1.000000000 0.000722073
1.000000000 -0.000051406 -0.000012918 0.000778302 0.000051406 1.000000000 0.000057254 0.000134730 0.000012915 -0.000057255 1.000000000 0.001957049
1.000000000 0.000064175 0.000161182 -0.000719806 -0.000064177 1.000000000 0.000018346 0.000777035 -0.000161180 -0.000018357 1.000000000 0.000121025
1.000000000 -0.000029452 -0.000091343 0.000862733 0.000029452 1.000000000 0.000001332 0.000736265 0.000091343 -0.000001335 1.000000000 0.001346545
1.000000000 0.000084873 0.000038054 -0.000536734 -0.000084869 1.000000000 -0.000095574 0.001067701 -0.000038062 0.000095571 1.000000000 0.000629159
1.000000000 0.000075932 0.000081298 -0.000557180 -0.000075922 1.000000000 -0.000123797 0.000390865 -0.000081307 0.000123791 1.000000000 -0.000583426
1.000000000 0.000034592 -0.000039339 -0.000176842 -0.000034595 1.000000000 -0.000064239 0.000326278 0.000039337 0.000064240 1.000000000 0.000468425
1.000000000 -0.000035642 -0.000022994 -0.001197651 0.000035642 1.000000000 0.000011995 0.001285194 0.000022993 -0.000011996 1.000000000 0.002712592
1.000000000 0.000038083 0.000170263 -0.001759434 -0.000038074 1.000000000 -0.000052170 0.001408948 -0.000170265 0.000052163 1.000000000 0.001890706
1.000000000 -0.000072609 -0.000083221 0.000295599 0.000072607 1.000000000 -0.000019580 0.000974728 0.000083223 0.000019574 1.000000000 0.000480248
1.000000000 0.000025396 0.000077481 -0.001644595 -0.000025398 1.000000000 0.000023047 0.000649468 -0.000077481 -0.000023049 1.000000000 0.002094454
1.000000000 -0.000029605 0.000103859 -0.001136104 0.000029614 1.000000000 -0.000081313 0.000785248 -0.000103856 0.000081316 1.000000000 0.002434693
1.000000000 -0.000095319 0.000027441 -0.000700258 0.000095319 1.000000000 -0.000006733 0.001112649 -0.000027440 0.000006736 1.000000000 0.002056440
1.000000000 -0.000023050 0.000110154 -0.001411917 0.000023059 1.000000000 -0.000081688 0.002264200 -0.000110152 0.000081690 1.000000000 0.003862211
1.000000000 0.000101374 0.000170087 -0.002435201 -0.000101358 1.000000000 -0.000092029 0.002799718 -0.000170096 0.000092012 1.000000000 0.003538183
1.000000000 -0.000206734 0.000060322 -0.000847800 0.000206733 1.000000000 0.000025842 0.000806731 -0.000060327 -0.000025830 1.000000000 0.001840321
1.000000000 -0.000045210 0.000073655 -0.001144817 0.000045205 1.000000000 0.000064642 0.000856436 -0.000073658 -0.000064638 1.000000000 0.001563871
1.000000000 -0.000118590 0.000029179 -0.000625049 0.000118591 1.000000000 -0.000034344 0.001355364 -0.000029175 0.000034348 1.000000000 0.002127629
0.999999940 -0.000013095 0.000246007 -0.001797793 0.000013093 1.000000000 0.000007218 -0.000292592 -0.000246007 -0.000007215 0.999999940 0.002038512
0.999999940 -0.000122429 0.000326203 -0.001511043 0.000122656 0.999999762 -0.000696554 -0.001509818 -0.000326118 0.000696594 0.999999702 0.052692119
0.999999940 0.000160586 0.000219339 -0.000352534 -0.000160307 0.999999166 -0.001271344 -0.004371750 -0.000219543 0.001271309 0.999999166 0.134517953
0.999999881 0.000468211 0.000026636 0.003060844 -0.000468171 0.999998808 -0.001489231 -0.003593450 -0.000027333 0.001489218 0.999998868 0.254864156
0.999999940 0.000245891 0.000027335 0.004394449 -0.000245859 0.999999285 -0.001177890 -0.013533773 -0.000027624 0.001177883 0.999999285 0.382800609
0.999999940 0.000324979 0.000132571 0.006997308 -0.000324837 0.999999344 -0.001074173 -0.016604159 -0.000132920 0.001074129 0.999999404 0.526833653
1.000000000 0.000149681 -0.000056920 0.015467428 -0.000149755 0.999999166 -0.001305544 -0.016196886 0.000056725 0.001305553 0.999999166 0.681877792
1.000000000 -0.000096797 0.000144008 0.017400054 0.000096945 0.999999464 -0.001029981 -0.020680411 -0.000143908 0.001029995 0.999999464 0.853702247
0.999999940 0.000355465 0.000144283 0.017258110 -0.000355366 0.999999702 -0.000685577 -0.028700350 -0.000144527 0.000685526 0.999999762 1.016565919
0.999999940 0.000137004 0.000248242 0.018870572 -0.000136946 0.999999940 -0.000232562 -0.035817705 -0.000248273 0.000232528 0.999999940 1.187012315
0.999999940 0.000288821 0.000162415 0.019980591 -0.000288731 0.999999821 -0.000557619 -0.035689324 -0.000162576 0.000557572 0.999999821 1.376822591
0.999999881 0.000478978 -0.000057227 0.028030114 -0.000479009 0.999999762 -0.000541866 -0.042606462 0.000056967 0.000541894 0.999999881 1.585255623
0.999999106 0.001045482 0.000824228 0.023941364 -0.001045183 0.999999404 -0.000362879 -0.048701093 -0.000824606 0.000362017 0.999999583 1.768168211
0.999999940 0.000357908 -0.000014872 0.042119790 -0.000357916 0.999999821 -0.000515028 -0.048727743 0.000014687 0.000515033 0.999999881 1.963279724
0.999999464 0.000583511 0.000837694 0.030633966 -0.000582930 0.999999583 -0.000694086 -0.052909713 -0.000838098 0.000693598 0.999999404 2.185231447
0.999999225 0.000808980 0.000915066 0.030105615 -0.000808616 0.999999583 -0.000398433 -0.065860055 -0.000915388 0.000397693 0.999999523 2.389250517
0.999998927 0.000830410 -0.001159841 0.072806276 -0.000831088 0.999999404 -0.000583542 -0.074286908 0.001159356 0.000584505 0.999999166 2.628040552
0.999999642 0.000122370 -0.000822879 0.080861248 -0.000122600 0.999999940 -0.000279347 -0.085796140 0.000822844 0.000279448 0.999999702 2.845783949
0.999998689 0.000959222 -0.001272919 0.084112607 -0.000959809 0.999999344 -0.000459984 -0.087993085 0.001272477 0.000461206 0.999999106 3.088912249
0.999998510 0.000715930 -0.001614216 0.094387241 -0.000717165 0.999999464 -0.000765074 -0.091358073 0.001613667 0.000766230 0.999998331 3.324042797
0.999999046 0.000414191 -0.001361340 0.098239407 -0.000414591 0.999999881 -0.000294053 -0.106107816 0.001361218 0.000294617 0.999998987 3.559797764
0.999998868 0.000690898 -0.001319817 0.099874921 -0.000691797 0.999999523 -0.000680550 -0.105771996 0.001319346 0.000681462 0.999998927 3.835063696
0.999998808 0.000821832 -0.001273815 0.103257976 -0.000822992 0.999999166 -0.000910450 -0.111620530 0.001273066 0.000911498 0.999998808 4.092148781
0.999998927 0.000939838 -0.001048327 0.103853256 -0.000940284 0.999999464 -0.000425320 -0.119723551 0.001047927 0.000426305 0.999999404 4.349680901
0.999999285 0.000501604 -0.000998696 0.110055037 -0.000502144 0.999999702 -0.000540630 -0.123423867 0.000998424 0.000541131 0.999999404 4.596321583
0.999998868 0.000877133 -0.001214226 0.120954663 -0.000878037 0.999999344 -0.000743855 -0.128795862 0.001213572 0.000744920 0.999998927 4.869156837
0.999998868 0.000854377 -0.001179707 0.123645633 -0.000855499 0.999999106 -0.000950730 -0.132308722 0.001178894 0.000951738 0.999998808 5.132412434
0.999998748 0.001215684 -0.000960198 0.127177715 -0.001216802 0.999998569 -0.001164799 -0.142669737 0.000958781 0.001165966 0.999998808 5.392198563
0.999999225 0.000659434 -0.001047803 0.135008276 -0.000659956 0.999999642 -0.000497539 -0.153858498 0.001047474 0.000498230 0.999999344 5.659830093
0.999998927 0.001194782 -0.000869984 0.137167111 -0.001195274 0.999999166 -0.000565680 -0.162201241 0.000869308 0.000566719 0.999999523 5.927098274
0.999999166 0.000716863 -0.001037023 0.145785958 -0.000717482 0.999999464 -0.000596386 -0.168873340 0.001036595 0.000597130 0.999999285 6.205856800
0.999998629 0.001168755 -0.001159616 0.153611541 -0.001169096 0.999999285 -0.000293654 -0.182188019 0.001159272 0.000295010 0.999999285 6.475611210
0.999998748 0.000979483 -0.001249806 0.158162147 -0.000980059 0.999999464 -0.000460031 -0.189928949 0.001249355 0.000461255 0.999999046 6.773092747
0.999998868 0.001290681 -0.000813655 0.160047233 -0.001291547 0.999998629 -0.001063966 -0.190252498 0.000812280 0.001065016 0.999999106 7.064905643
0.999999106 0.000793378 -0.001064927 0.174459547 -0.000793687 0.999999642 -0.000290285 -0.211531624 0.001064696 0.000291130 0.999999404 7.345816135
0.999999166 0.000911159 -0.000918852 0.175871983 -0.000911782 0.999999344 -0.000678353 -0.218707368 0.000918234 0.000679190 0.999999344 7.686386108
0.999999166 0.000640983 -0.001092132 0.186144471 -0.000640773 0.999999762 0.000192118 -0.236636519 0.001092255 -0.000191418 0.999999344 7.991078377
0.999999344 0.000813209 -0.000845711 0.189562425 -0.000813407 0.999999642 -0.000233602 -0.238183379 0.000845520 0.000234290 0.999999583 8.318060875
0.999998927 0.001327788 -0.000583062 0.193702981 -0.001327735 0.999999166 0.000090744 -0.254236102 0.000583182 -0.000089970 0.999999821 8.635725975
0.999999285 0.001077666 -0.000548218 0.197027713 -0.001077728 0.999999404 -0.000114197 -0.259087592 0.000548095 0.000114788 0.999999821 8.969941139
0.999999404 0.000770270 -0.000926343 0.210099027 -0.000770380 0.999999762 -0.000119406 -0.274190992 0.000926251 0.000120120 0.999999523 9.302959442
0.999999523 0.000838777 -0.000595433 0.214667335 -0.000838535 0.999999523 0.000406572 -0.287345260 0.000595773 -0.000406073 0.999999762 9.642860413
0.999999464 0.000798424 -0.000643865 0.222700059 -0.000798380 0.999999583 0.000068012 -0.290823877 0.000643919 -0.000067498 0.999999762 9.992731094
0.999999046 0.001025487 -0.000903813 0.227054328 -0.001025178 0.999999404 0.000341679 -0.306786001 0.000904163 -0.000340752 0.999999523 10.346154213
0.999999285 0.001034976 -0.000589367 0.232541636 -0.001034679 0.999999344 0.000503539 -0.318010569 0.000589888 -0.000502929 0.999999702 10.705513000
0.999999166 0.001156698 -0.000491796 0.238721162 -0.001156532 0.999999225 0.000338649 -0.324497014 0.000492187 -0.000338079 0.999999762 11.063154221
0.999999046 0.001295807 -0.000436770 0.241059586 -0.001295804 0.999999166 0.000008431 -0.333131373 0.000436781 -0.000007865 0.999999881 11.457273483
0.999999642 0.000730912 -0.000278579 0.254108638 -0.000730793 0.999999642 0.000428660 -0.345844984 0.000278892 -0.000428456 0.999999821 11.824426651
0.999999285 0.001135124 -0.000215507 0.256889611 -0.001135103 0.999999285 0.000101206 -0.356742889 0.000215621 -0.000100962 1.000000000 12.221925735
0.999999642 0.000955692 -0.000168480 0.265751600 -0.000955654 0.999999523 0.000228561 -0.368395388 0.000168699 -0.000228399 0.999999940 12.614970207
0.999999106 0.001306557 -0.000006530 0.268939942 -0.001306556 0.999999106 0.000228846 -0.379226297 0.000006830 -0.000228837 0.999999940 13.008522034
0.999998450 0.001768506 0.000045247 0.276058614 -0.001768512 0.999998450 0.000144356 -0.389851362 -0.000044991 -0.000144435 0.999999940 13.415573120
0.999998808 0.001218323 0.000931258 0.281873763 -0.001218749 0.999999166 0.000456420 -0.400734812 -0.000930700 -0.000457554 0.999999464 13.824492455
0.999999166 0.001280215 0.000477659 0.290488154 -0.001280273 0.999999166 0.000123541 -0.408872098 -0.000477501 -0.000124153 0.999999881 14.241016388
0.999998689 0.001181151 0.001134061 0.298966140 -0.001181311 0.999999285 0.000140660 -0.421692371 -0.001133895 -0.000142000 0.999999404 14.660261154
0.999998569 0.001183262 0.001255392 0.306341231 -0.001183634 0.999999225 0.000295682 -0.433897406 -0.001255040 -0.000297167 0.999999166 15.090991974
0.999998450 0.001443398 0.001022752 0.319964975 -0.001443891 0.999998808 0.000481049 -0.451781631 -0.001022058 -0.000482525 0.999999344 15.518398285
0.999998331 0.001221874 0.001353753 0.329313964 -0.001222267 0.999999225 0.000289115 -0.462537229 -0.001353399 -0.000290769 0.999999046 15.958108902
0.999998212 0.001195142 0.001458633 0.340898573 -0.001195964 0.999999106 0.000562285 -0.476375639 -0.001457959 -0.000564028 0.999998808 16.401771545
0.999997675 0.001163107 0.001827727 0.348727643 -0.001163592 0.999999285 0.000263827 -0.488165230 -0.001827420 -0.000265953 0.999998271 16.846412659
0.999996543 0.001519867 0.002119537 0.358429283 -0.001520835 0.999998748 0.000454916 -0.502409697 -0.002118843 -0.000458138 0.999997616 17.301141739
0.999995649 0.001605019 0.002477234 0.365932435 -0.001606170 0.999998629 0.000462665 -0.513056278 -0.002476487 -0.000466642 0.999996841 17.766014099
0.999995410 0.001316208 0.002752984 0.375783563 -0.001316752 0.999999166 0.000195971 -0.523238301 -0.002752723 -0.000199595 0.999996245 18.231340408
0.999996722 0.000674298 0.002455214 0.399543285 -0.000675211 0.999999702 0.000370933 -0.534690499 -0.002454964 -0.000372590 0.999996960 18.692909241
0.999994576 0.001567487 0.002897313 0.400657445 -0.001568181 0.999998748 0.000237079 -0.549293756 -0.002896936 -0.000241621 0.999995768 19.180601120
0.999993801 0.001203182 0.003305964 0.413423598 -0.001203293 0.999999285 0.000031471 -0.559380889 -0.003305924 -0.000035449 0.999994576 19.664758682
0.999994755 0.001270472 0.002986526 0.422828197 -0.001271449 0.999999106 0.000325111 -0.575252831 -0.002986111 -0.000328906 0.999995470 20.146368027
0.999993920 0.002041701 0.002828936 0.433844149 -0.002041938 0.999997914 0.000081187 -0.588125348 -0.002828764 -0.000086963 0.999995947 20.642732620
0.999991894 0.002452068 0.003197897 0.442451358 -0.002451539 0.999997079 -0.000169293 -0.592137277 -0.003198302 0.000161452 0.999994814 21.151325226
0.999997675 0.001475933 0.001645864 0.467238069 -0.001477076 0.999998689 0.000693424 -0.621501982 -0.001644838 -0.000695854 0.999998391 21.651689529
0.999996901 0.001898068 0.001644593 0.472095490 -0.001900186 0.999997437 0.001287020 -0.640925109 -0.001642145 -0.001290141 0.999997735 22.162553787
0.999997616 0.001754774 0.001304044 0.483216584 -0.001756445 0.999997675 0.001281074 -0.657276809 -0.001301793 -0.001283362 0.999998331 22.663311005
0.999997973 0.001966776 0.000420269 0.492385685 -0.001967195 0.999997556 0.000997896 -0.669211864 -0.000418304 -0.000998721 0.999999344 23.184741974
0.999998987 0.001352515 -0.000424966 0.506594896 -0.001352187 0.999998808 0.000771453 -0.686736584 0.000426009 -0.000770878 0.999999583 23.701309204
0.999999285 0.001038050 -0.000608377 0.508232772 -0.001038004 0.999999464 0.000077559 -0.694879413 0.000608457 -0.000076927 0.999999821 24.244327545
0.999997914 0.001704330 -0.001114622 0.516877770 -0.001703846 0.999998450 0.000435098 -0.709173918 0.001115361 -0.000433198 0.999999285 24.781803131
0.999994695 0.002731219 -0.001767824 0.522909403 -0.002729744 0.999995887 0.000836330 -0.727293372 0.001770100 -0.000831500 0.999998093 25.312807083
0.999993443 0.002932532 -0.002152083 0.528749645 -0.002931763 0.999995649 0.000360379 -0.738331974 0.002153130 -0.000354067 0.999997675 25.865224838
0.999992788 0.002550047 -0.002808648 0.537089944 -0.002548009 0.999996483 0.000729183 -0.755973458 0.002810498 -0.000722022 0.999995708 26.414979935
0.999992490 0.002218680 -0.003195024 0.546758771 -0.002215370 0.999997020 0.001038887 -0.769057870 0.003197320 -0.001031801 0.999994278 26.962371826
0.999992907 0.002813062 -0.002503604 0.539476931 -0.002811009 0.999995768 0.000823217 -0.778574884 0.002505909 -0.000816174 0.999996483 27.532449722
0.999989688 0.002475517 -0.003805691 0.559062064 -0.002469546 0.999995708 0.001572600 -0.808479667 0.003809567 -0.001563185 0.999991536 28.059793472
0.999988854 0.002991665 -0.003667419 0.560762882 -0.002984948 0.999993920 0.001835936 -0.820084333 0.003672888 -0.001824968 0.999991655 28.604469299
0.999988794 0.002711952 -0.003882226 0.577391505 -0.002705858 0.999995053 0.001574233 -0.833342791 0.003886476 -0.001563710 0.999991238 29.140569687
0.999984682 0.002967645 -0.004667589 0.580557346 -0.002958531 0.999993682 0.001958212 -0.856237590 0.004673372 -0.001944373 0.999987125 29.702680588
0.999983430 0.003074304 -0.004864713 0.584684432 -0.003064819 0.999993324 0.001955908 -0.866841495 0.004870695 -0.001940966 0.999986172 30.244949341
0.999982476 0.003717591 -0.004606391 0.589702606 -0.003707834 0.999990761 0.002124944 -0.885908663 0.004614250 -0.002107827 0.999987125 30.790800095
0.999981523 0.003111892 -0.005227760 0.599757195 -0.003101476 0.999993205 0.001999590 -0.898958981 0.005233947 -0.001983339 0.999984264 31.349069595
0.999978483 0.003302904 -0.005687312 0.608634114 -0.003290904 0.999992311 0.002117975 -0.912394762 0.005694264 -0.002099212 0.999981582 31.898084641
0.999979317 0.003366082 -0.005487247 0.616009414 -0.003353605 0.999991834 0.002281422 -0.929481506 0.005494881 -0.002262973 0.999982357 32.444431305
0.999976277 0.003452078 -0.005961550 0.623220682 -0.003438082 0.999991298 0.002356401 -0.941885710 0.005969632 -0.002335849 0.999979436 32.990753174
0.999975681 0.003494681 -0.006034565 0.626786470 -0.003484078 0.999992311 0.001766699 -0.956546366 0.006040693 -0.001745631 0.999980271 33.534667969
0.999973536 0.003913547 -0.006130833 0.635992527 -0.003903399 0.999990940 0.001666333 -0.963835001 0.006137299 -0.001642358 0.999979794 34.106616974
0.999977708 0.003551793 -0.005654398 0.635731995 -0.003541720 0.999992073 0.001790442 -0.979300380 0.005660714 -0.001770376 0.999982417 34.652275085
0.999973655 0.003599229 -0.006303034 0.652268410 -0.003587123 0.999991715 0.001931084 -0.998097420 0.006309932 -0.001908423 0.999978244 35.192253113
0.999975026 0.003693103 -0.006014250 0.660307050 -0.003679535 0.999990642 0.002265404 -1.017527461 0.006022559 -0.002243218 0.999979317 35.733211517
0.999976754 0.004372201 -0.005242845 0.667945623 -0.004358810 0.999987245 0.002562618 -1.040711284 0.005253982 -0.002539706 0.999983013 36.275615692
0.999968886 0.004109980 -0.006729848 0.673756003 -0.004096653 0.999989629 0.001992780 -1.041474819 0.006737968 -0.001965148 0.999975383 36.834278107
0.999967813 0.004827778 -0.006404857 0.679034293 -0.004818035 0.999987125 0.001535614 -1.053533077 0.006412189 -0.001504706 0.999978364 37.380825043
0.999970436 0.004966084 -0.005874651 0.678066850 -0.004956414 0.999986351 0.001659648 -1.068750620 0.005882813 -0.001630482 0.999981403 37.937072754
0.999968290 0.004242271 -0.006737706 0.682796001 -0.004227703 0.999988675 0.002174930 -1.086473107 0.006746856 -0.002146376 0.999974906 38.466773987
0.999970198 0.004030293 -0.006586527 0.685417175 -0.004015496 0.999989331 0.002258274 -1.101223469 0.006595558 -0.002231759 0.999975741 39.015579224
0.999970019 0.004401505 -0.006371581 0.693888903 -0.004388625 0.999988317 0.002034042 -1.114794254 0.006380459 -0.002006019 0.999977589 39.562374115
0.999968648 0.004583939 -0.006454388 0.705187678 -0.004568131 0.999986470 0.002461835 -1.135010839 0.006465585 -0.002432273 0.999976158 40.105312347
0.999964476 0.004150335 -0.007334970 0.714558184 -0.004133995 0.999988914 0.002241372 -1.145151615 0.007344192 -0.002210970 0.999970555 40.669704437
0.999964952 0.004351351 -0.007158505 0.717770934 -0.004337111 0.999988556 0.002003809 -1.152382135 0.007167143 -0.001972692 0.999972403 41.225948334
0.999964714 0.004861412 -0.006858491 0.720023930 -0.004848218 0.999986410 0.001939116 -1.160756111 0.006867825 -0.001905796 0.999974608 41.762611389
0.999965370 0.004537973 -0.006961177 0.724172413 -0.004524422 0.999987781 0.001961212 -1.175436735 0.006969992 -0.001929649 0.999973953 42.301704407
0.999958396 0.004643478 -0.007855071 0.738569200 -0.004630398 0.999987781 0.001682741 -1.188916445 0.007862790 -0.001646299 0.999967754 42.867984772
0.999956965 0.005371259 -0.007573192 0.743932843 -0.005354098 0.999983072 0.002284444 -1.205801487 0.007585333 -0.002243798 0.999968767 43.414752960
0.999958932 0.005161873 -0.007450999 0.750961065 -0.005146933 0.999984622 0.002022780 -1.220124006 0.007461327 -0.001984348 0.999970198 43.963771820
0.999959528 0.004974538 -0.007498161 0.748060882 -0.004958732 0.999985456 0.002124953 -1.232196689 0.007508623 -0.002087686 0.999969602 44.512405396
0.999956787 0.005177657 -0.007728284 0.756707430 -0.005163799 0.999985039 0.001812216 -1.241201997 0.007737551 -0.001772231 0.999968469 45.073272705
0.999962211 0.005673904 -0.006588784 0.762455463 -0.005664379 0.999982893 0.001463285 -1.247968197 0.006596974 -0.001425909 0.999977171 45.609462738
0.999960363 0.004913790 -0.007427813 0.766502857 -0.004901814 0.999986649 0.001629570 -1.268011332 0.007435721 -0.001593096 0.999971092 46.164360046
0.999959886 0.004622116 -0.007677566 0.778072000 -0.004609990 0.999988079 0.001596315 -1.284089804 0.007684854 -0.001560858 0.999969244 46.705394745
0.999959528 0.005109463 -0.007401747 0.773211241 -0.005099072 0.999985933 0.001421990 -1.291679621 0.007408909 -0.001384190 0.999971569 47.258480072
0.999962449 0.004756542 -0.007241333 0.772359550 -0.004747298 0.999987900 0.001293289 -1.303982019 0.007247397 -0.001258864 0.999972880 47.805633545
0.999958873 0.004776196 -0.007704383 0.779896259 -0.004766042 0.999987721 0.001335987 -1.316618204 0.007710670 -0.001299212 0.999969423 48.363052368
0.999958158 0.004635410 -0.007882762 0.796550870 -0.004624113 0.999988198 0.001450939 -1.329483747 0.007889396 -0.001414428 0.999967873 48.905586243
0.999957621 0.004426724 -0.008068862 0.804431677 -0.004410607 0.999988198 0.002014208 -1.352466345 0.008077684 -0.001978534 0.999965429 49.441692352
0.999959946 0.004657554 -0.007636573 0.800572991 -0.004646698 0.999988198 0.001438580 -1.363485456 0.007643183 -0.001403038 0.999969721 50.014595032
0.999963164 0.004651261 -0.007208301 0.804109991 -0.004639919 0.999987960 0.001589452 -1.377339363 0.007215607 -0.001555948 0.999972701 50.555431366
0.999958694 0.004829096 -0.007697825 0.807126641 -0.004819330 0.999987543 0.001286567 -1.390938282 0.007703944 -0.001249416 0.999969542 51.108505249
0.999962568 0.004432161 -0.007422787 0.815294504 -0.004422283 0.999989271 0.001346574 -1.407936692 0.007428677 -0.001313698 0.999971509 51.656089783
0.999956846 0.004473292 -0.008136898 0.828129649 -0.004463159 0.999989271 0.001263145 -1.421880603 0.008142460 -0.001226774 0.999966085 52.205196381
0.999961555 0.004489097 -0.007532415 0.833491564 -0.004483452 0.999989748 0.000766213 -1.434794664 0.007535777 -0.000732412 0.999971330 52.758258820
0.999960423 0.004300578 -0.007786842 0.833760142 -0.004291508 0.999990106 0.001181108 -1.451438904 0.007791845 -0.001147644 0.999968946 53.296020508
0.999958575 0.004190763 -0.008081492 0.840838909 -0.004181065 0.999990523 0.001216509 -1.468041658 0.008086514 -0.001182669 0.999966621 53.834667206
0.999962091 0.004176694 -0.007640161 0.840881944 -0.004171064 0.999991000 0.000752624 -1.478284717 0.007643236 -0.000720728 0.999970555 54.373252869
0.999963284 0.002953272 -0.008055420 0.861704946 -0.002944168 0.999995053 0.001141738 -1.495931029 0.008058752 -0.001117979 0.999966919 54.891288757
0.999957919 0.004614204 -0.007929720 0.860959530 -0.004607278 0.999988973 0.000891520 -1.509245992 0.007933746 -0.000854948 0.999968171 55.475120544
0.999958694 0.005139746 -0.007481212 0.864001155 -0.005130899 0.999986112 0.001201366 -1.525368214 0.007487282 -0.001162931 0.999971330 56.021118164
0.999957740 0.004838734 -0.007814326 0.868306875 -0.004831410 0.999987841 0.000956097 -1.535226822 0.007818858 -0.000918302 0.999969006 56.570159912
0.999960601 0.004702663 -0.007525267 0.882449150 -0.004692812 0.999988079 0.001326123 -1.552906990 0.007531414 -0.001290756 0.999970794 57.112892151
0.999956310 0.005346904 -0.007663639 0.884801447 -0.005339987 0.999985278 0.000922727 -1.564062834 0.007668461 -0.000881763 0.999970198 57.679409027
0.999957263 0.005308744 -0.007570638 0.888950467 -0.005300606 0.999985397 0.001094676 -1.584009409 0.007576338 -0.001054500 0.999970734 58.224536896
0.999961376 0.005230452 -0.007062656 0.897587895 -0.005225870 0.999986172 0.000667192 -1.592767477 0.007066049 -0.000630257 0.999974847 58.770458221
0.999958456 0.005272902 -0.007438901 0.900082231 -0.005268204 0.999985933 0.000650777 -1.608255744 0.007442228 -0.000611561 0.999972045 59.323688507
0.999958396 0.004945175 -0.007664586 0.911221623 -0.004942310 0.999987721 0.000392641 -1.623969316 0.007666433 -0.000354743 0.999970555 59.864303589
0.999962091 0.005345928 -0.006870180 0.908434987 -0.005343562 0.999985635 0.000362784 -1.633664846 0.006872020 -0.000326059 0.999976337 60.417320251
0.999956727 0.005430745 -0.007554522 0.915290236 -0.005427443 0.999985278 0.000457448 -1.648529768 0.007556894 -0.000416427 0.999971330 60.947509766
0.999960363 0.005911530 -0.006655382 0.919747472 -0.005907101 0.999982357 0.000685057 -1.667923212 0.006659314 -0.000645716 0.999977589 61.499229431
0.999959767 0.005171670 -0.007329791 0.931699634 -0.005167922 0.999986470 0.000530071 -1.678267717 0.007332433 -0.000492170 0.999972939 62.051589966
0.999957681 0.005080180 -0.007668389 0.933059692 -0.005078931 0.999987066 0.000182131 -1.689465761 0.007669216 -0.000143176 0.999970496 62.576419830
0.999956369 0.005717407 -0.007379282 0.938500285 -0.005717229 0.999983609 0.000045304 -1.707171321 0.007379421 -0.000003113 0.999972761 63.124320984
0.999961913 0.005609953 -0.006677918 0.926738620 -0.005608423 0.999984264 0.000247850 -1.715187311 0.006679203 -0.000210388 0.999977589 63.699195862
0.999959528 0.005569336 -0.007074643 0.949168146 -0.005563439 0.999984086 0.000852838 -1.739892721 0.007079281 -0.000813444 0.999974608 64.204772949
0.999953449 0.005932553 -0.007612415 0.959074378 -0.005929488 0.999982357 0.000425208 -1.748000026 0.007614803 -0.000380050 0.999970913 64.737312317
0.999952614 0.006267949 -0.007448882 0.969805121 -0.006260990 0.999979973 0.000957203 -1.764347076 0.007454732 -0.000910521 0.999971807 65.279647827
0.999951124 0.006546057 -0.007409371 0.980048656 -0.006544815 0.999978662 0.000191833 -1.774879575 0.007410468 -0.000143331 0.999972522 65.834480286
0.999955952 0.005853024 -0.007333827 0.973983765 -0.005849603 0.999982774 0.000487765 -1.793630362 0.007336556 -0.000444844 0.999972939 66.366157532
0.999958217 0.005862839 -0.007013760 0.976313710 -0.005862765 0.999982893 0.000030973 -1.803263903 0.007013821 0.000010148 0.999975383 66.917976379
0.999954820 0.005860533 -0.007469227 0.991444647 -0.005857560 0.999982893 0.000419628 -1.823409677 0.007471557 -0.000375858 0.999971986 67.465599060
0.999951184 0.006137711 -0.007755999 1.006965876 -0.006131327 0.999980867 0.000846795 -1.837567329 0.007761049 -0.000799200 0.999969542 67.991355896
0.999949932 0.006385173 -0.007705027 1.017555594 -0.006377196 0.999979079 0.001059587 -1.856386304 0.007711631 -0.001010398 0.999969780 68.523139954
0.999952912 0.006345850 -0.007330217 1.023840189 -0.006338718 0.999979436 0.000995806 -1.872636437 0.007336385 -0.000949295 0.999972641 69.076774597
0.999949992 0.006796243 -0.007335825 1.013982534 -0.006792794 0.999976814 0.000494830 -1.881196260 0.007339018 -0.000444975 0.999972999 69.625717163
0.999954641 0.006793174 -0.006675926 1.019358158 -0.006791402 0.999976873 0.000288360 -1.892468095 0.006677731 -0.000243008 0.999977708 70.174865723
0.999957144 0.007108544 -0.005935885 1.018409252 -0.007103189 0.999974370 0.000922897 -1.915609121 0.005942293 -0.000880694 0.999981999 70.726257324
0.999952316 0.006748003 -0.007050117 1.029047251 -0.006749563 0.999977171 -0.000197678 -1.917194128 0.007048623 0.000245254 0.999975085 71.256324768
0.999954045 0.006570176 -0.006976258 1.041333675 -0.006573117 0.999978304 -0.000398864 -1.932057858 0.006973486 0.000444701 0.999975562 71.808334351
0.999951422 0.007461049 -0.006444206 1.038838744 -0.007460362 0.999972224 0.000130566 -1.951657653 0.006445003 -0.000082484 0.999979198 72.346679688
0.999951720 0.007051491 -0.006839904 1.045970678 -0.007049877 0.999975145 0.000260441 -1.972772717 0.006841570 -0.000212208 0.999976575 72.875083923
0.999957979 0.006217687 -0.006735124 1.056753159 -0.006214971 0.999980628 0.000424221 -1.990962744 0.006737631 -0.000382344 0.999977231 73.422904968
0.999952674 0.007243762 -0.006502437 1.056132555 -0.007238525 0.999973536 0.000828654 -2.011389494 0.006508267 -0.000781547 0.999978542 73.970512390
0.999949813 0.007055068 -0.007112298 1.065768719 -0.007053352 0.999975085 0.000266292 -2.017840862 0.007114000 -0.000216113 0.999974668 74.486900330
0.999951601 0.006628954 -0.007259860 1.077148914 -0.006625560 0.999977887 0.000491534 -2.032709360 0.007262958 -0.000443409 0.999973476 75.025367737
0.999949992 0.006794154 -0.007334386 1.081614971 -0.006788658 0.999976695 0.000773806 -2.049308538 0.007339471 -0.000723977 0.999972820 75.566650391
0.999953449 0.006456011 -0.007160805 1.090308666 -0.006453187 0.999979019 0.000417361 -2.065673828 0.007163349 -0.000371132 0.999974251 76.108306885
0.999939024 0.007108676 -0.008441107 1.100581527 -0.007104647 0.999974549 0.000506969 -2.083675146 0.008444497 -0.000446967 0.999964297 76.653732300
0.999953032 0.006509924 -0.007176599 1.101248503 -0.006507790 0.999978781 0.000320729 -2.096082449 0.007178534 -0.000274010 0.999974191 77.198295593
0.999954402 0.006378044 -0.007105260 1.109066486 -0.006376293 0.999979615 0.000268955 -2.106458187 0.007106831 -0.000223637 0.999974728 77.754875183
0.999951124 0.006204126 -0.007697910 1.121206045 -0.006199562 0.999980569 0.000616605 -2.125504494 0.007701586 -0.000568851 0.999970198 78.279022217
0.999949276 0.006915160 -0.007327834 1.129438877 -0.006913151 0.999976039 0.000299382 -2.138932467 0.007329728 -0.000248708 0.999973118 78.831802368
0.999951482 0.006431050 -0.007451796 1.138215303 -0.006424905 0.999979138 0.000848400 -2.159194231 0.007457095 -0.000800482 0.999971867 79.363632202
0.999952555 0.006782542 -0.006988468 1.139875889 -0.006778180 0.999976873 0.000647827 -2.171135664 0.006992700 -0.000600427 0.999975383 79.911682129
0.999950349 0.006704019 -0.007364386 1.150974989 -0.006701461 0.999977469 0.000372195 -2.185697079 0.007366716 -0.000322824 0.999972761 80.449073792
0.999956787 0.007070717 -0.006028250 1.155893564 -0.007067614 0.999974847 0.000536014 -2.199470758 0.006031888 -0.000493386 0.999981701 80.999099731
0.999964356 0.006900938 -0.004865482 1.165523052 -0.006900166 0.999976099 0.000175197 -2.212598562 0.004866575 -0.000141618 0.999988139 81.537330627
0.999966860 0.007202656 -0.003779780 1.174611807 -0.007200301 0.999973893 0.000635994 -2.231632471 0.003784262 -0.000608757 0.999992669 82.071792603
0.999971926 0.007048797 -0.002544811 1.185092092 -0.007047210 0.999974966 0.000632527 -2.247098207 0.002549205 -0.000614575 0.999996543 82.618179321
0.999977112 0.006760309 0.000327906 1.204295397 -0.006760347 0.999977112 0.000118476 -2.260883570 -0.000327099 -0.000120690 0.999999940 83.170181274
0.999964178 0.007234336 0.004378938 1.223634481 -0.007239349 0.999973178 0.001130019 -2.284251213 -0.004370646 -0.001161679 0.999989748 83.700904846
0.999941766 0.007410831 0.007845659 1.227296114 -0.007416506 0.999972284 0.000694438 -2.292020321 -0.007840295 -0.000752585 0.999969006 84.247703552
0.999885321 0.007654508 0.013062965 1.248454332 -0.007666122 0.999970317 0.000839307 -2.312882662 -0.013056150 -0.000939353 0.999914348 84.800178528
0.999794364 0.007296440 0.018919323 1.277675629 -0.007312699 0.999972999 0.000790347 -2.327509880 -0.018913046 -0.000928536 0.999820709 85.348396301
0.999682903 0.007757245 0.023956155 1.307946920 -0.007773776 0.999969602 0.000596941 -2.340788126 -0.023950793 -0.000782981 0.999712825 85.896499634
0.999531806 0.007371715 0.029695913 1.343063831 -0.007395397 0.999972463 0.000687743 -2.353670359 -0.029690018 -0.000907034 0.999558747 86.445526123
0.999244034 0.007423802 0.038164154 1.370939493 -0.007452414 0.999972045 0.000607479 -2.369700670 -0.038158577 -0.000891435 0.999271274 87.008079529
0.998898506 0.006886318 0.046414666 1.417465925 -0.006898925 0.999976158 0.000111433 -2.383705378 -0.046412788 -0.000431522 0.998922229 87.557945251
0.998538136 0.007308674 0.053557042 1.456698656 -0.007338553 0.999972999 0.000361259 -2.402045250 -0.053552963 -0.000753762 0.998564720 88.106338501
0.998039722 0.006847172 0.062208038 1.517203808 -0.006890040 0.999976158 0.000474618 -2.412262917 -0.062203307 -0.000902304 0.998063028 88.661132812
0.997338176 0.007250184 0.072554432 1.574797630 -0.007306671 0.999973118 0.000513176 -2.426154613 -0.072548769 -0.001041941 0.997364283 89.197631836
0.996686876 0.006367409 0.081085049 1.638174057 -0.006411820 0.999979377 0.000287326 -2.439571142 -0.081081539 -0.000806277 0.996707141 89.764915466
0.996008515 0.006724330 0.089004487 1.704205513 -0.006723714 0.999977350 -0.000306752 -2.449995279 -0.089004554 -0.000292913 0.996031165 90.301437378
0.994986832 0.006400947 0.099801540 1.783500671 -0.006418592 0.999979436 -0.000144294 -2.468077660 -0.099800423 -0.000497015 0.995007396 90.835685730
0.993845463 0.006916906 0.110559791 1.853200912 -0.006945563 0.999975920 -0.000125942 -2.479909658 -0.110558011 -0.000642733 0.993869424 91.386596680
0.992826760 0.006248110 0.119398057 1.936712265 -0.006277410 0.999980211 -0.000130690 -2.495189667 -0.119396523 -0.000619759 0.992846370 91.927314758
0.991438091 0.006021014 0.130438358 2.025485039 -0.006053713 0.999981582 -0.000145826 -2.507874250 -0.130436838 -0.000645059 0.991456330 92.460205078
0.989739180 0.005885909 0.142764285 2.118907928 -0.005864232 0.999982655 -0.000572593 -2.519984722 -0.142765179 -0.000270485 0.989756525 93.035888672
0.988050640 0.006178418 0.154005945 2.218973160 -0.006219443 0.999980688 -0.000215400 -2.540050030 -0.154004306 -0.000745005 0.988069892 93.588768005
0.986422241 0.005713752 0.164129436 2.329031944 -0.005732834 0.999983430 -0.000357420 -2.551643372 -0.164128780 -0.000588359 0.986438692 94.118179321
0.984322667 0.005533680 0.176290005 2.459150314 -0.005620403 0.999984264 -0.000007389 -2.575033903 -0.176287264 -0.000983548 0.984338284 94.625495911
0.981874824 0.005207896 0.189458996 2.574022293 -0.005252405 0.999986172 -0.000267177 -2.583472729 -0.189457759 -0.000732782 0.981888592 95.178970337
0.979749382 0.005067150 0.200163350 2.698442459 -0.005038953 0.999987125 -0.000650331 -2.594574690 -0.200164020 -0.000371453 0.979762375 95.705230713
0.977087319 0.005312700 0.212772295 2.844070435 -0.005297699 0.999985754 -0.000640635 -2.608069897 -0.212772623 -0.000501247 0.977101624 96.249015808
0.974051952 0.004643673 0.226276979 2.978893280 -0.004726900 0.999988735 -0.000174011 -2.626870155 -0.226275250 -0.000900093 0.974062979 96.773979187
0.971451104 0.004334066 0.237200171 3.128198624 -0.004396597 0.999990225 -0.000265362 -2.645578623 -0.237199023 -0.000785087 0.971460700 97.303672791
0.968470216 0.003707187 0.249101594 3.280361176 -0.003691884 0.999993026 -0.000528620 -2.657026768 -0.249101788 -0.000407701 0.968477249 97.820610046
0.964578271 0.004172170 0.263764203 3.435787201 -0.004261125 0.999990880 -0.000234849 -2.671267271 -0.263762802 -0.000897402 0.964587092 98.385887146
0.961068749 0.003820044 0.276282966 3.606126785 -0.003758211 0.999992669 -0.000753276 -2.683032513 -0.276283860 -0.000314379 0.961075962 98.914115906
0.957842469 0.003007709 0.287278265 3.781034470 -0.002947726 0.999995470 -0.000641320 -2.698553562 -0.287278831 -0.000232534 0.957846880 99.410514832
0.953558147 0.002916473 0.301194966 3.970214844 -0.002918160 0.999995589 -0.000444312 -2.716645956 -0.301194936 -0.000455257 0.953562498 99.936996460
0.949407816 0.003236567 0.314028949 4.171348572 -0.003398909 0.999994159 -0.000030563 -2.736763954 -0.314027190 -0.001038339 0.949413419 100.435676575
0.945340276 0.002514283 0.326075584 4.363306046 -0.002384165 0.999996841 -0.000798672 -2.741930008 -0.326076508 -0.000022401 0.945343375 100.968612671
0.940753102 0.001650586 0.339088291 4.578086853 -0.001536139 0.999998748 -0.000605908 -2.760990381 -0.339088798 0.000049123 0.940754414 101.462905884
0.935638785 0.002265909 0.352951556 4.796566010 -0.002144272 0.999997497 -0.000735623 -2.775306225 -0.352952272 -0.000068547 0.935641348 101.979309082
0.930775404 0.001428075 0.365588516 5.003973007 -0.001322757 0.999998987 -0.000538538 -2.794596434 -0.365588933 0.000017673 0.930776417 102.502815247
0.926246762 0.000628097 0.376917154 5.238185883 -0.000074777 0.999998927 -0.001482646 -2.802151918 -0.376917601 0.001345112 0.926245809 103.014038086
0.920108378 0.000479206 0.391663551 5.458560944 -0.000215340 0.999999702 -0.000717631 -2.823034763 -0.391663790 0.000575958 0.920108199 103.498741150
0.914509714 -0.001010133 0.404562652 5.702724457 0.001429029 0.999998748 -0.000733456 -2.834959269 -0.404561311 0.001248884 0.914509952 103.985336304
0.909675121 -0.001197794 0.415318757 5.948623657 0.001777131 0.999997854 -0.001008431 -2.846680880 -0.415316731 0.001655420 0.909675360 104.454383850
0.903043807 -0.000646801 0.429547966 6.198131561 0.001033439 0.999999225 -0.000666840 -2.872285366 -0.429547220 0.001046097 0.903043807 104.982742310
0.896743715 -0.001080459 0.442548811 6.468902588 0.001517385 0.999998629 -0.000633260 -2.890651226 -0.442547560 0.001239389 0.896744132 105.456451416
0.890671790 -0.001520163 0.454644382 6.750389099 0.002123824 0.999997437 -0.000817057 -2.902882576 -0.454642028 0.001693314 0.890672803 105.963867188
0.885002732 -0.001843403 0.465582103 7.001708984 0.002279971 0.999997318 -0.000374547 -2.921687841 -0.465580136 0.001392989 0.885004520 106.421272278
0.877670348 -0.002289047 0.479259312 7.286113739 0.002800165 0.999995947 -0.000351758 -2.937430143 -0.479256600 0.001650733 0.877673268 106.906089783
0.870710254 -0.002790613 0.491788417 7.577533722 0.003629762 0.999993086 -0.000752107 -2.950223446 -0.491782904 0.002439943 0.870714426 107.371383667
