1.000000000 0.000000000 0.000000000 0.000000000 0.000000000 1.000000000 0.000000000 0.000000000 0.000000000 0.000000000 1.000000000 0.000000000
1.000000000 0.000037706 0.000049406 -0.000697624 -0.000037712 1.000000000 0.000128580 -0.000561186 -0.000049402 -0.000128582 1.000000000 0.000016206
1.000000000 0.000008034 0.000083084 -0.000923455 -0.000008034 1.000000000 0.000004627 0.000134591 -0.000083084 -0.000004627 1.000000000 0.000041543
1.000000000 0.000111995 0.000051757 -0.000382168 -0.000111991 1.000000000 -0.000070149 0.000264446 -0.000051765 0.000070143 1.000000000 0.000207667
1.000000000 0.000111659 0.000159809 -0.001609815 -0.000111670 1.000000000 0.000066905 -0.000102410 -0.000159802 -0.000066923 1.000000000 0.000357964
1.000000000 -0.000008407 0.000011537 -0.000418889 0.000008407 1.000000000 0.000000187 -0.000545031 -0.000011537 -0.000000187 1.000000000 -0.000353423
1.000000000 0.000054444 0.000080233 -0.000671799 -0.000054445 1.000000000 0.000009660 -0.000352779 -0.000080233 -0.000009665 1.000000000 -0.000272995
1.000000000 0.000097403 -0.000029547 0.000114856 -0.000097406 1.000000000 -0.000093205 0.000418428 0.000029538 0.000093208 1.000000000 -0.000299928
1.000000000 0.000097845 0.000092710 -0.000555650 -0.000097842 1.000000000 -0.000031497 -0.000336566 -0.000092713 0.000031488 1.000000000 0.000013288
1.000000000 0.000199516 0.000083464 -0.001335783 -0.000199526 1.000000000 0.000116270 -0.000586969 -0.000083441 -0.000116286 1.000000000 0.000705474
1.000000000 0.000043042 0.000068441 -0.000266269 -0.000043043 1.000000000 0.000012841 -0.000560372 -0.000068440 -0.000012844 1.000000000 0.000639656
1.000000000 0.000112322 0.000063456 -0.000778242 -0.000112323 1.000000000 0.000007546 -0.000913993 -0.000063455 -0.000007553 1.000000000 0.000241168
1.000000000 0.000107841 0.000068648 -0.000880061 -0.000107842 1.000000000 0.000017082 -0.000065046 -0.000068646 -0.000017090 1.000000000 0.000558144
1.000000000 0.000152281 0.000140274 -0.002283600 -0.000152274 1.000000000 -0.000050717 0.000649307 -0.000140282 0.000050696 1.000000000 0.000365649
1.000000000 0.000166467 0.000108675 -0.001219401 -0.000166468 1.000000000 0.000008848 0.000466714 -0.000108674 -0.000008866 1.000000000 0.000852458
0.999999940 0.000229563 0.000119644 -0.001684914 -0.000229558 1.000000000 -0.000040115 0.000861754 -0.000119653 0.000040088 1.000000000 0.000617240
0.999999940 0.000308062 0.000172307 -0.002330399 -0.000308052 0.999999940 -0.000056732 0.001036714 -0.000172325 0.000056679 1.000000000 0.001758678
0.999999940 0.000205848 0.000175419 -0.002524805 -0.000205847 1.000000000 -0.000006360 0.001286303 -0.000175421 0.000006324 1.000000000 0.001503942
0.999999940 0.000218063 0.000207809 -0.002060666 -0.000218042 1.000000000 -0.000104707 0.001618192 -0.000207832 0.000104661 1.000000000 0.001799567
0.999999940 0.000194910 0.000203099 -0.002386608 -0.000194900 1.000000000 -0.000051327 0.000916844 -0.000203109 0.000051288 1.000000000 0.001892904
0.999999940 0.000333142 0.000133439 -0.002205004 -0.000333131 0.999999940 -0.000077571 0.001498106 -0.000133465 0.000077526 1.000000000 0.001751106
0.999999940 0.000257971 0.000200234 -0.002384190 -0.000257950 0.999999940 -0.000105568 0.001548571 -0.000200261 0.000105517 1.000000000 0.002269995
1.000000000 0.000184432 0.000122340 -0.002076814 -0.000184430 1.000000000 -0.000022966 0.001284251 -0.000122344 0.000022944 1.000000000 0.001483935
0.999999940 0.000343792 0.000151185 -0.002324915 -0.000343780 0.999999940 -0.000080512 0.001703999 -0.000151212 0.000080460 1.000000000 0.001826251
0.999999940 0.000323963 0.000214837 -0.002075081 -0.000323957 0.999999940 -0.000032435 0.000853757 -0.000214847 0.000032365 1.000000000 0.001085636
0.999999940 0.000260781 0.000222152 -0.002511332 -0.000260767 0.999999940 -0.000061245 0.002420804 -0.000222168 0.000061187 1.000000000 0.002287155
0.999999940 0.000267946 0.000162672 -0.001690702 -0.000267949 0.999999940 0.000017895 0.001151933 -0.000162668 -0.000017939 1.000000000 0.001644125
0.999999940 0.000357626 0.000146938 -0.002630637 -0.000357601 0.999999940 -0.000171397 0.002470566 -0.000146999 0.000171344 1.000000000 0.001374631
0.999999940 0.000333006 0.000112752 -0.001902543 -0.000332988 0.999999940 -0.000160082 0.002804924 -0.000112805 0.000160044 1.000000000 0.001298039
0.999999940 0.000341675 0.000200038 -0.001661241 -0.000341667 0.999999940 -0.000041146 0.001089420 -0.000200052 0.000041078 1.000000000 0.002005363
0.999999940 0.000263213 0.000237500 -0.002417061 -0.000263193 0.999999940 -0.000085665 0.001810527 -0.000237522 0.000085602 0.999999940 0.002172556
0.999999940 0.000304057 0.000178112 -0.001524188 -0.000304035 0.999999940 -0.000125100 0.001789348 -0.000178150 0.000125046 1.000000000 0.002582524
0.999999940 0.000308495 0.000209907 -0.002052509 -0.000308483 0.999999940 -0.000056126 0.000863834 -0.000209924 0.000056062 1.000000000 0.001032777
0.999999881 0.000369952 0.000267622 -0.002794390 -0.000369932 0.999999940 -0.000074238 0.001425479 -0.000267649 0.000074139 0.999999940 0.001732694
0.999999940 0.000320448 0.000190341 -0.001295565 -0.000320423 0.999999940 -0.000132156 0.001549104 -0.000190383 0.000132095 1.000000000 0.001272555
0.999999940 0.000250207 0.000216011 -0.002613314 -0.000250182 0.999999940 -0.000115398 0.001857691 -0.000216040 0.000115344 0.999999940 0.002024536
0.999999940 0.000335376 0.000153291 -0.002057644 -0.000335353 0.999999940 -0.000150866 0.002994883 -0.000153342 0.000150814 1.000000000 0.002325287
0.999999881 0.000389031 0.000246636 -0.002732321 -0.000389006 0.999999940 -0.000100485 0.001880547 -0.000246675 0.000100389 0.999999940 0.001815717
0.999999940 0.000326881 0.000199318 -0.001341816 -0.000326867 0.999999940 -0.000069838 0.001716585 -0.000199341 0.000069772 1.000000000 0.001033632
0.999999940 0.000192271 0.000154971 -0.000887039 -0.000192242 0.999999940 -0.000192341 0.001447575 -0.000155008 0.000192311 0.999999940 0.001567410
0.999999881 0.000087225 0.000411016 -0.001896230 -0.000087024 0.999999881 -0.000491200 -0.004749203 -0.000411059 0.000491164 0.999999821 0.047712404
1.000000000 0.000230616 0.000303182 0.000117138 -0.000230282 0.999999404 -0.001103599 -0.004776570 -0.000303436 0.001103529 0.999999404 0.139556855
0.999999166 0.001294216 -0.000091895 -0.000667527 -0.001294316 0.999998569 -0.001093693 -0.010482233 0.000090480 0.001093811 0.999999404 0.249622807
0.999999106 0.001305563 -0.000072170 0.002988877 -0.001305636 0.999998629 -0.001028052 -0.013863292 0.000070828 0.001028145 0.999999464 0.380200535
0.999999821 0.000529429 0.000316213 0.005132484 -0.000529119 0.999999404 -0.000981119 -0.016481895 -0.000316732 0.000980952 0.999999464 0.518495977
0.999999881 0.000400904 0.000385428 0.008684194 -0.000400558 0.999999464 -0.000896852 -0.022040643 -0.000385787 0.000896697 0.999999523 0.669807613
0.999999583 0.000756423 0.000469257 0.013832657 -0.000756087 0.999999404 -0.000715329 -0.025993269 -0.000469798 0.000714974 0.999999583 0.829697192
0.999999344 0.000954502 0.000597370 0.013488239 -0.000954123 0.999999344 -0.000635048 -0.031181170 -0.000597975 0.000634477 0.999999583 0.996184051
0.999999940 0.000379786 0.000037133 0.027476205 -0.000379754 0.999999583 -0.000847595 -0.033882264 -0.000037455 0.000847581 0.999999642 1.176370502
0.999999702 0.000618215 0.000211044 0.029604238 -0.000618158 0.999999762 -0.000269908 -0.040985119 -0.000211210 0.000269777 0.999999940 1.359002113
0.999999702 0.000677039 0.000214050 0.034028213 -0.000676935 0.999999583 -0.000487417 -0.042656545 -0.000214380 0.000487272 0.999999821 1.552590132
0.999999881 0.000313195 0.000102147 0.037536889 -0.000313181 0.999999940 -0.000135896 -0.050555825 -0.000102190 0.000135864 1.000000000 1.750981569
0.999999583 0.000728117 0.000515213 0.039058980 -0.000728195 0.999999642 0.000150740 -0.059939880 -0.000515103 -0.000151115 0.999999881 1.939838052
0.999999940 -0.000191323 0.000193068 0.046103906 0.000191285 0.999999940 0.000201394 -0.068026185 -0.000193107 -0.000201357 0.999999940 2.147110224
1.000000000 0.000232542 0.000026787 0.052373029 -0.000232557 0.999999821 0.000560729 -0.073948622 -0.000026656 -0.000560736 0.999999821 2.367979765
0.999999881 0.000567233 0.000217388 0.055713456 -0.000567343 0.999999762 0.000504095 -0.080912836 -0.000217102 -0.000504218 0.999999821 2.591742992
0.999999642 0.000436653 0.000680214 0.054254320 -0.000436772 0.999999881 0.000174631 -0.084333532 -0.000680137 -0.000174928 0.999999762 2.809841871
0.999999821 0.000184210 0.000607299 0.061340079 -0.000184241 0.999999940 0.000050720 -0.086025834 -0.000607290 -0.000050832 0.999999821 3.046439171
0.999999106 0.000991801 0.000867996 0.061979815 -0.000992444 0.999999166 0.000740519 -0.102510974 -0.000867261 -0.000741379 0.999999344 3.285506964
0.999999881 -0.000099849 0.000490331 0.072996669 0.000099532 0.999999762 0.000647185 -0.108578928 -0.000490395 -0.000647136 0.999999642 3.526221037
0.999999642 0.000686091 0.000546150 0.076914534 -0.000686563 0.999999344 0.000863588 -0.115435474 -0.000545557 -0.000863963 0.999999464 3.784161806
0.999999642 0.000523750 0.000645530 0.080528319 -0.000524346 0.999999464 0.000924314 -0.123589531 -0.000645045 -0.000924653 0.999999344 4.032006741
0.999999642 0.000467744 0.000642142 0.088019364 -0.000468408 0.999999344 0.001034119 -0.129905164 -0.000641658 -0.001034419 0.999999225 4.288898945
0.999999702 0.000352919 0.000575998 0.091728166 -0.000353455 0.999999464 0.000931073 -0.137357131 -0.000575670 -0.000931276 0.999999404 4.540780067
0.999999702 0.000198329 0.000755405 0.095438771 -0.000198937 0.999999583 0.000804862 -0.143697247 -0.000755245 -0.000805012 0.999999344 4.796044827
0.999999642 0.000472537 0.000671974 0.098868951 -0.000473176 0.999999344 0.000950897 -0.152096555 -0.000671524 -0.000951214 0.999999344 5.056876183
0.999999046 0.000888279 0.001056246 0.102509692 -0.000889240 0.999999166 0.000910332 -0.159044355 -0.001055437 -0.000911271 0.999999046 5.306553364
0.999999285 0.000805939 0.000901813 0.109614730 -0.000806762 0.999999285 0.000912121 -0.165945277 -0.000901077 -0.000912848 0.999999166 5.571004868
0.999998748 0.001146558 0.001101818 0.111397251 -0.001147485 0.999998987 0.000840534 -0.172629327 -0.001100854 -0.000841798 0.999999046 5.839733601
0.999998689 0.001056210 0.001233307 0.117813535 -0.001056957 0.999999285 0.000605158 -0.178326547 -0.001232667 -0.000606461 0.999999046 6.122219563
0.999998987 0.000817959 0.001146856 0.125865921 -0.000818796 0.999999404 0.000729933 -0.186789006 -0.001146259 -0.000730871 0.999999106 6.405024529
0.999998152 0.001502499 0.001185732 0.126050949 -0.001503468 0.999998510 0.000817119 -0.197867662 -0.001184503 -0.000818900 0.999998927 6.685186386
0.999997735 0.001620922 0.001400686 0.133556247 -0.001621745 0.999998510 0.000586509 -0.202665120 -0.001399733 -0.000588779 0.999998808 6.985338688
0.999998093 0.001530605 0.001221710 0.138950393 -0.001531583 0.999998510 0.000800400 -0.214312702 -0.001220483 -0.000802269 0.999998927 7.283344746
0.999998927 0.000985990 0.001072649 0.149831355 -0.000986935 0.999999106 0.000880846 -0.223794416 -0.001071780 -0.000881904 0.999999046 7.585110664
0.999998927 0.001084168 0.000967810 0.160396010 -0.001085118 0.999998927 0.000981827 -0.233046293 -0.000966745 -0.000982876 0.999999046 7.891318321
0.999998391 0.001295296 0.001219237 0.162368014 -0.001296655 0.999998510 0.001114098 -0.245666683 -0.001217792 -0.001115677 0.999998629 8.217716217
0.999998212 0.001400222 0.001262033 0.168680578 -0.001401539 0.999998450 0.001043038 -0.252898276 -0.001260570 -0.001044805 0.999998629 8.537121773
0.999998152 0.001482206 0.001225721 0.177742645 -0.001483871 0.999997973 0.001358527 -0.264664352 -0.001223705 -0.001360343 0.999998271 8.880481720
0.999997854 0.001632923 0.001267580 0.184603244 -0.001634512 0.999997854 0.001253837 -0.276268125 -0.001265529 -0.001255906 0.999998450 9.217672348
0.999998093 0.001276022 0.001493038 0.185351029 -0.001277902 0.999998331 0.001258939 -0.287593633 -0.001491429 -0.001260845 0.999998033 9.566646576
0.999998927 0.000944561 0.001136560 0.196315289 -0.000946440 0.999998212 0.001653243 -0.298580468 -0.001134996 -0.001654317 0.999997973 9.913687706
0.999997854 0.001598708 0.001288697 0.199068785 -0.001600236 0.999998033 0.001185507 -0.307275951 -0.001286799 -0.001187567 0.999998450 10.276580811
0.999998569 0.001194175 0.001261667 0.208774403 -0.001196133 0.999998152 0.001551947 -0.320627719 -0.001259811 -0.001553454 0.999997973 10.643274307
0.999998331 0.001359832 0.001197811 0.218852013 -0.001361374 0.999998391 0.001287428 -0.324093670 -0.001196058 -0.001289057 0.999998450 11.016173363
0.999998689 0.001276047 0.001117946 0.229420379 -0.001277580 0.999998271 0.001371081 -0.334393561 -0.001116195 -0.001372507 0.999998450 11.390201569
0.999998152 0.001463329 0.001236229 0.238731444 -0.001464832 0.999998331 0.001215521 -0.342445135 -0.001234448 -0.001217330 0.999998510 11.767206192
0.999997735 0.001676583 0.001252614 0.241571695 -0.001679022 0.999996722 0.001948040 -0.360464811 -0.001249344 -0.001950139 0.999997318 12.158542633
0.999996960 0.001682150 0.001761521 0.253318399 -0.001685784 0.999996483 0.002063339 -0.374870509 -0.001758043 -0.002066303 0.999996364 12.544897079
0.999996424 0.001808112 0.001955562 0.256891102 -0.001811550 0.999996841 0.001757914 -0.381385058 -0.001952377 -0.001761451 0.999996543 12.943003654
0.999996543 0.001858565 0.001815495 0.271346450 -0.001861989 0.999996424 0.001886087 -0.399188101 -0.001811983 -0.001889461 0.999996603 13.354497910
0.999994636 0.002399632 0.002221107 0.279103994 -0.002403651 0.999995410 0.001808587 -0.407765210 -0.002216757 -0.001813916 0.999995887 13.756362915
0.999994576 0.002391424 0.002308523 0.286821544 -0.002396014 0.999995172 0.001987571 -0.417326510 -0.002303759 -0.001993091 0.999995351 14.167343140
0.999994397 0.002274823 0.002512511 0.301290303 -0.002279169 0.999995887 0.001728055 -0.430766433 -0.002508570 -0.001733772 0.999995351 14.582841873
0.999992132 0.002470711 0.003098712 0.301655501 -0.002478029 0.999994159 0.002359904 -0.446528941 -0.003092863 -0.002367564 0.999992371 15.008349419
0.999990702 0.002859457 0.003225644 0.316348821 -0.002866897 0.999993265 0.002304140 -0.456364661 -0.003219034 -0.002313366 0.999992132 15.441473961
0.999987900 0.002951235 0.003937079 0.316577494 -0.002960691 0.999992728 0.002398098 -0.469047874 -0.003929974 -0.002409726 0.999989331 15.885293007
0.999987364 0.003066116 0.003978479 0.331258267 -0.003077492 0.999991179 0.002856337 -0.483171999 -0.003969687 -0.002868545 0.999987960 16.331956863
0.999985874 0.003177940 0.004240056 0.340924561 -0.003189587 0.999991119 0.002743001 -0.496908098 -0.004231302 -0.002756486 0.999987245 16.774724960
0.999985874 0.002809676 0.004512740 0.350838274 -0.002823333 0.999991417 0.003022855 -0.514514565 -0.004504208 -0.003035553 0.999985278 17.225704193
0.999985993 0.002501300 0.004658142 0.365589499 -0.002516756 0.999991298 0.003315254 -0.515391827 -0.004649810 -0.003326931 0.999983668 17.705766678
0.999983370 0.002938836 0.004962688 0.370915145 -0.002954877 0.999990404 0.003228119 -0.541028976 -0.004953153 -0.003242730 0.999982476 18.144441605
0.999986649 0.002418117 0.004570075 0.392058074 -0.002431325 0.999992907 0.002886606 -0.547188520 -0.004563063 -0.002897679 0.999985456 18.634065628
0.999980569 0.003221932 0.005332898 0.396285713 -0.003237060 0.999990761 0.002830455 -0.564781249 -0.005323728 -0.002847663 0.999981761 19.124328613
0.999975979 0.003589160 0.005923489 0.407727808 -0.003607552 0.999988675 0.003097251 -0.584525883 -0.005912306 -0.003118546 0.999977648 19.600542068
0.999970078 0.003854807 0.006709043 0.411303997 -0.003879055 0.999985933 0.003605022 -0.598830223 -0.006695052 -0.003630939 0.999970973 20.090179443
0.999969661 0.003875823 0.006761140 0.426915824 -0.003898261 0.999986947 0.003308550 -0.606715560 -0.006748228 -0.003334807 0.999971688 20.594858170
0.999980450 0.002999141 0.005484380 0.448577315 -0.003018207 0.999989390 0.003471487 -0.625047028 -0.005473910 -0.003487972 0.999978960 21.134054184
0.999987066 0.002513171 0.004417562 0.464167297 -0.002528121 0.999991059 0.003382043 -0.636415839 -0.004409023 -0.003393168 0.999984503 21.633930206
0.999989271 0.002894432 0.003613811 0.477964103 -0.002907244 0.999989450 0.003545098 -0.650881052 -0.003603511 -0.003555566 0.999987185 22.147895813
0.999984801 0.003676383 0.004105626 0.481477737 -0.003691859 0.999986112 0.003768136 -0.668301284 -0.004091716 -0.003783236 0.999984443 22.643274307
0.999990761 0.002877200 0.003186451 0.487472057 -0.002888758 0.999989271 0.003628734 -0.668116570 -0.003175976 -0.003637905 0.999988258 23.202766418
0.999986708 0.003975214 0.003286729 0.509090602 -0.003987611 0.999984920 0.003773959 -0.700328708 -0.003271678 -0.003787015 0.999987423 23.681243896
0.999994397 0.002426589 0.002291410 0.524212062 -0.002433837 0.999992073 0.003165320 -0.712477863 -0.002283711 -0.003170879 0.999992311 24.213607788
0.999987066 0.004263636 0.002772307 0.517322659 -0.004272306 0.999985993 0.003128982 -0.726032257 -0.002758927 -0.003140785 0.999991238 24.770078659
0.999991000 0.004047567 0.001290669 0.551353991 -0.004051911 0.999985993 0.003379369 -0.732652843 -0.001276972 -0.003384568 0.999993443 25.319339752
0.999989688 0.004511659 0.000613108 0.567568660 -0.004513789 0.999983549 0.003517730 -0.746544123 -0.000597227 -0.003520461 0.999993622 25.857627869
0.999989152 0.004534317 0.001052876 0.562152147 -0.004538181 0.999982893 0.003696410 -0.768150270 -0.001036098 -0.003701148 0.999992609 26.422269821
0.999990940 0.004245459 0.000554941 0.582842886 -0.004247411 0.999984682 0.003566740 -0.763146400 -0.000539790 -0.003569064 0.999993443 26.935199738
0.999990225 0.004413187 0.000321024 0.584342897 -0.004414427 0.999982297 0.003969687 -0.802695870 -0.000303499 -0.003971065 0.999992073 27.528463364
0.999988377 0.004837684 0.000255777 0.588134825 -0.004838610 0.999981225 0.003755161 -0.816766262 -0.000237606 -0.003756354 0.999992907 28.084529877
0.999985814 0.005336201 -0.000180879 0.600857258 -0.005335482 0.999978662 0.003765556 -0.827103794 0.000200969 -0.003764537 0.999992907 28.635366440
0.999985516 0.005370547 -0.000120530 0.614612103 -0.005369942 0.999975145 0.004560477 -0.852188826 0.000145019 -0.004559764 0.999989569 29.146066666
0.999986291 0.005209103 -0.000494076 0.616355062 -0.005207049 0.999978185 0.004068937 -0.853809416 0.000515260 -0.004066309 0.999991596 29.708587646
0.999984026 0.005623124 -0.000527249 0.624474466 -0.005621109 0.999977231 0.003745846 -0.864783943 0.000548300 -0.003742823 0.999992907 30.257555008
0.999985695 0.005343269 -0.000267507 0.629462302 -0.005342115 0.999977171 0.004141599 -0.885056317 0.000289630 -0.004140111 0.999991417 30.791038513
0.999984801 0.005464279 -0.000750226 0.643772125 -0.005460969 0.999975562 0.004345442 -0.899451137 0.000773953 -0.004341279 0.999990225 31.343696594
0.999980688 0.006018437 -0.001525509 0.652692497 -0.006012253 0.999973774 0.004026628 -0.909032822 0.001549703 -0.004017378 0.999990642 31.897167206
0.999983132 0.005635027 -0.001381058 0.660037041 -0.005629017 0.999974787 0.004318631 -0.927929521 0.001405360 -0.004310785 0.999989748 32.432155609
0.999983072 0.005387043 -0.002217898 0.672606528 -0.005377816 0.999976873 0.004145450 -0.934518576 0.002240180 -0.004133452 0.999988973 32.993766785
0.999983251 0.005521989 -0.001749938 0.677230239 -0.005514166 0.999974847 0.004444259 -0.957582235 0.001774436 -0.004434535 0.999988616 33.517986298
0.999981284 0.005670556 -0.002331420 0.689872682 -0.005659685 0.999973238 0.004643375 -0.970402718 0.002357689 -0.004630093 0.999986529 34.097934723
0.999980390 0.005780872 -0.002376015 0.700684726 -0.005770556 0.999974012 0.004326059 -0.985683024 0.002400962 -0.004312265 0.999987781 34.616352081
0.999981523 0.005549346 -0.002548001 0.707026482 -0.005537408 0.999973774 0.004669039 -0.997981071 0.002573843 -0.004654842 0.999985874 35.161636353
0.999982417 0.005178552 -0.002860564 0.725315392 -0.005166582 0.999977946 0.004176030 -1.009274960 0.002882127 -0.004161178 0.999987185 35.711761475
0.999971747 0.006889531 -0.002997845 0.714328885 -0.006875273 0.999965072 0.004740763 -1.032362103 0.003030403 -0.004720018 0.999984205 36.146213531
0.999969721 0.007329142 -0.002603910 0.720260739 -0.007317151 0.999962687 0.004584775 -1.048088551 0.002637415 -0.004565584 0.999986112 36.693832397
0.999970078 0.007327806 -0.002476833 0.723197162 -0.007316404 0.999962747 0.004581252 -1.058180213 0.002510311 -0.004562993 0.999986410 37.212490082
0.999971509 0.007090421 -0.002593585 0.738720953 -0.007078324 0.999964118 0.004643935 -1.075631380 0.002626419 -0.004625444 0.999985814 37.748626709
0.999967039 0.007663310 -0.002691153 0.740751505 -0.007650610 0.999959707 0.004698334 -1.092292905 0.002727049 -0.004677590 0.999985337 38.252746582
0.999963701 0.008153294 -0.002478299 0.743942201 -0.008141627 0.999955893 0.004682059 -1.104313731 0.002516364 -0.004661712 0.999985993 38.802326202
0.999968290 0.007504544 -0.002648168 0.748061240 -0.007490790 0.999958575 0.005166002 -1.128526807 0.002686827 -0.005146000 0.999983132 39.317085266
0.999969780 0.006910143 -0.003554828 0.779774666 -0.006891544 0.999962687 0.005218035 -1.131002903 0.003590753 -0.005193379 0.999980032 39.887325287
0.999967158 0.007498072 -0.003110697 0.780444384 -0.007482030 0.999958813 0.005137671 -1.157134771 0.003149093 -0.005114228 0.999981940 40.392986298
0.999969125 0.007054674 -0.003466004 0.795559049 -0.007035393 0.999959826 0.005544201 -1.171141028 0.003504978 -0.005519644 0.999978602 40.950798035
0.999966562 0.007498366 -0.003259113 0.798146367 -0.007480717 0.999957442 0.005394221 -1.184680343 0.003299423 -0.005369660 0.999980092 41.470809937
0.999965727 0.007860881 -0.002589483 0.800406098 -0.007847103 0.999955118 0.005288728 -1.198702812 0.002630941 -0.005268226 0.999982655 42.023246765
0.999964952 0.007685177 -0.003303123 0.818882823 -0.007668208 0.999957442 0.005119417 -1.217319489 0.003342325 -0.005093909 0.999981403 42.556194305
0.999959409 0.008405214 -0.003244405 0.826539695 -0.008389227 0.999952734 0.004910205 -1.225520730 0.003285524 -0.004882789 0.999982595 43.120185852
0.999960899 0.008329723 -0.002977993 0.833143950 -0.008314692 0.999952734 0.005025097 -1.243516445 0.003019711 -0.005000140 0.999982893 43.666347504
0.999961257 0.008266092 -0.003021999 0.855218768 -0.008249887 0.999951720 0.005336047 -1.263126850 0.003065961 -0.005310909 0.999981225 44.129005432
0.999956012 0.008914029 -0.002916847 0.857583046 -0.008899679 0.999948442 0.004895893 -1.276360750 0.002960338 -0.004869720 0.999983788 44.675086975
0.999956787 0.008963722 -0.002434084 0.870068550 -0.008950775 0.999945998 0.005278157 -1.292202950 0.002481265 -0.005256142 0.999983132 45.224941254
0.999961495 0.007962142 -0.003693646 0.896563411 -0.007942766 0.999954879 0.005230781 -1.293742895 0.003735128 -0.005201242 0.999979496 46.027778625
0.999959767 0.008420375 -0.003081115 0.891764402 -0.008404921 0.999952197 0.004995076 -1.303370118 0.003123029 -0.004968980 0.999982774 46.557529449
0.999955595 0.009031595 -0.002695644 0.900948226 -0.009018470 0.999947608 0.004842419 -1.311471820 0.002739238 -0.004817894 0.999984682 47.105812073
0.999961972 0.007839355 -0.003808639 0.917562962 -0.007820490 0.999957204 0.004942853 -1.325239301 0.003847224 -0.004912880 0.999980509 47.651172638
0.999960244 0.008178541 -0.003544149 0.920620859 -0.008161695 0.999955475 0.004741571 -1.341846228 0.003582770 -0.004712457 0.999982476 48.193027496
0.999962986 0.007831878 -0.003558811 0.934359908 -0.007814979 0.999958217 0.004737792 -1.343381047 0.003595768 -0.004709803 0.999982417 48.735656738
0.999962986 0.007927407 -0.003328897 0.938350439 -0.007911529 0.999957323 0.004755764 -1.356399059 0.003366455 -0.004729252 0.999983132 49.286289215
0.999959171 0.008285070 -0.003606248 0.956357718 -0.008269650 0.999956667 0.004270006 -1.362579465 0.003641469 -0.004240009 0.999984324 49.813800812
0.999961317 0.007942164 -0.003786728 0.964538038 -0.007926181 0.999959707 0.004217378 -1.372964144 0.003820071 -0.004187200 0.999983966 50.348873138
0.999957860 0.008456134 -0.003604070 0.967048407 -0.008440937 0.999955535 0.004211066 -1.384482026 0.003639518 -0.004180466 0.999984682 50.893295288
0.999958992 0.008160738 -0.003920992 0.991633713 -0.008144736 0.999958515 0.004079910 -1.402359247 0.003954124 -0.004047808 0.999983907 51.425937653
0.999957681 0.008377966 -0.003794673 0.999197602 -0.008362068 0.999956191 0.004186431 -1.415944815 0.003829579 -0.004154523 0.999984026 51.961811066
0.999957860 0.008326223 -0.003847846 1.010593414 -0.008310962 0.999957621 0.003964862 -1.431262255 0.003880694 -0.003932717 0.999984682 52.505733490
0.999962807 0.007546069 -0.004157783 1.023989201 -0.007528166 0.999962330 0.004304769 -1.441765547 0.004190112 -0.004273308 0.999982059 53.043952942
0.999961555 0.007542608 -0.004454754 1.024948835 -0.007523869 0.999962747 0.004208511 -1.453576922 0.004486333 -0.004174832 0.999981225 53.605854034
0.999960244 0.007969755 -0.003978218 1.036239266 -0.007954831 0.999961436 0.003752706 -1.465545774 0.004007973 -0.003720911 0.999985039 54.153995514
0.999959230 0.008239876 -0.003695817 1.038866997 -0.008226338 0.999959409 0.003663449 -1.475472689 0.003725853 -0.003632896 0.999986470 54.699142456
0.999960423 0.008108907 -0.003668718 1.049565673 -0.008095955 0.999960959 0.003531990 -1.489028692 0.003697215 -0.003502148 0.999987006 55.245052338
0.999959886 0.008101474 -0.003809111 1.058364153 -0.008088231 0.999961257 0.003478927 -1.497850537 0.003837148 -0.003447979 0.999986649 55.792026520
0.999962747 0.007704745 -0.003868494 1.067236066 -0.007691101 0.999964237 0.003529397 -1.501366973 0.003895548 -0.003499513 0.999986291 56.355545044
0.999959707 0.008114764 -0.003819890 1.082357526 -0.008101294 0.999960959 0.003529129 -1.528899193 0.003848379 -0.003498042 0.999986470 56.871471405
0.999957085 0.008590917 -0.003454989 1.086655140 -0.008577712 0.999955893 0.003819349 -1.543073535 0.003487648 -0.003789549 0.999986708 57.410972595
0.999959052 0.008011728 -0.004202954 1.105994940 -0.007998007 0.999962687 0.003271074 -1.539255738 0.004229005 -0.003237325 0.999985754 57.989078522
0.999961019 0.007800190 -0.004141645 1.117144465 -0.007786360 0.999964178 0.003345051 -1.562036514 0.004167588 -0.003312672 0.999985814 58.517494202
0.999960601 0.007694866 -0.004429312 1.130577207 -0.007681572 0.999965906 0.003010407 -1.560855865 0.004452327 -0.002976264 0.999985576 59.073665619
0.999962747 0.007490647 -0.004294157 1.139421463 -0.007478414 0.999967933 0.002857679 -1.577358961 0.004315425 -0.002825459 0.999986708 59.612369537
0.999957085 0.008203296 -0.004308794 1.148639917 -0.008191820 0.999962807 0.002674273 -1.591984868 0.004330571 -0.002638861 0.999987185 60.157764435
0.999959767 0.007921107 -0.004203943 1.158635974 -0.007908912 0.999964595 0.002909254 -1.598532915 0.004226838 -0.002875888 0.999986947 60.720840454
0.999959886 0.007982397 -0.004068150 1.166791320 -0.007970226 0.999963701 0.002999488 -1.614403844 0.004091945 -0.002966944 0.999987185 61.255889893
0.999961793 0.007941279 -0.003655806 1.178139925 -0.007930688 0.999964356 0.002902315 -1.624929428 0.003678724 -0.002873211 0.999989033 61.801181793
0.999962389 0.007913408 -0.003541133 1.186499119 -0.007902743 0.999964237 0.003015119 -1.644000411 0.003564866 -0.002987021 0.999989212 62.333980560
0.999963999 0.007712767 -0.003575268 1.204668760 -0.007702692 0.999966264 0.002823260 -1.657405138 0.003596922 -0.002795619 0.999989629 62.874725342
0.999959350 0.008183121 -0.003782725 1.217513323 -0.008172074 0.999962330 0.002926470 -1.668621659 0.003806529 -0.002895438 0.999988556 63.417270660
0.999961674 0.007832787 -0.003915083 1.229162455 -0.007822230 0.999965727 0.002704557 -1.683520913 0.003936133 -0.002673829 0.999988675 63.949401855
0.999959588 0.008064952 -0.003972958 1.243650317 -0.008054056 0.999963760 0.002750802 -1.696090698 0.003994999 -0.002718692 0.999988317 64.480140686
0.999959707 0.008092521 -0.003888817 1.249591589 -0.008081749 0.999963462 0.002777712 -1.707839727 0.003911154 -0.002746171 0.999988496 65.019714355
0.999962986 0.007653920 -0.003907394 1.265531898 -0.007644310 0.999967694 0.002468248 -1.717043638 0.003926160 -0.002438287 0.999989331 65.557365417
0.999963164 0.007705554 -0.003776030 1.278327584 -0.007696194 0.999967277 0.002487083 -1.727130175 0.003795069 -0.002457931 0.999989808 66.095542908
0.999966025 0.007119810 -0.004154675 1.297461629 -0.007112613 0.999973178 0.001744295 -1.731420755 0.004166982 -0.001714685 0.999989808 66.660743713
0.999960959 0.008175950 -0.003351812 1.297878504 -0.008169848 0.999964893 0.001830705 -1.755699277 0.003366663 -0.001803250 0.999992728 67.186904907
0.999962449 0.007862306 -0.003642961 1.311633468 -0.007854775 0.999966979 0.002077112 -1.770826101 0.003659172 -0.002048419 0.999991179 67.709877014
0.999960065 0.008033121 -0.003911948 1.321405888 -0.008025379 0.999965727 0.001990769 -1.787856817 0.003927807 -0.001959294 0.999990404 68.245223999
0.999958754 0.008433056 -0.003381060 1.328473806 -0.008426788 0.999962747 0.001863247 -1.807351351 0.003396647 -0.001834679 0.999992549 68.781021118
0.999967158 0.007299131 -0.003518797 1.336567402 -0.007290524 0.999970317 0.002452688 -1.807128906 0.003536595 -0.002426954 0.999990821 69.345344543
0.999954045 0.008964602 -0.003392862 1.339434505 -0.008958077 0.999957919 0.001932938 -1.843615294 0.003410047 -0.001902456 0.999992371 69.823432922
0.999954045 0.008833020 -0.003727261 1.347287893 -0.008826993 0.999959707 0.001630046 -1.853878021 0.003741509 -0.001597071 0.999991715 70.384765625
0.999961376 0.008052127 -0.003531531 1.355965257 -0.008047068 0.999966562 0.001444174 -1.869382024 0.003543043 -0.001415700 0.999992728 70.939376831
0.999970019 0.006609521 -0.004017632 1.374222040 -0.006601963 0.999976397 0.001891516 -1.886930704 0.004030038 -0.001864935 0.999990106 71.373664856
0.999972284 0.006421033 -0.003766013 1.379324198 -0.006414760 0.999977946 0.001675320 -1.899052262 0.003776688 -0.001651115 0.999991477 71.903106689
0.999970973 0.006805161 -0.003418253 1.377808094 -0.006799405 0.999975443 0.001692683 -1.916356921 0.003429689 -0.001669392 0.999992728 72.418968201
0.999969244 0.006857411 -0.003806981 1.390668035 -0.006851206 0.999975204 0.001640274 -1.932097316 0.003818135 -0.001614142 0.999991417 72.963340759
0.999969602 0.006866169 -0.003692589 1.393549323 -0.006859948 0.999975026 0.001694499 -1.942389488 0.003704132 -0.001669117 0.999991715 73.458328247
0.999971092 0.006433565 -0.004047884 1.409908772 -0.006426746 0.999977827 0.001695578 -1.959794998 0.004058704 -0.001669515 0.999990344 73.978675842
0.999965131 0.007574161 -0.003504618 1.415417194 -0.007567164 0.999969304 0.002005434 -1.967116237 0.003519700 -0.001978844 0.999991834 74.543655396
0.999972403 0.006367515 -0.003828519 1.426928043 -0.006360523 0.999978065 0.001835350 -1.988570571 0.003840122 -0.001810948 0.999991000 75.016204834
0.999969304 0.006741520 -0.003995143 1.439510703 -0.006736914 0.999976575 0.001165359 -1.994290113 0.004002907 -0.001138408 0.999991298 75.618583679
0.999973953 0.006171156 -0.003728386 1.443934083 -0.006164449 0.999979317 0.001807765 -2.016941547 0.003739467 -0.001784734 0.999991357 76.073890686
0.999974310 0.006058464 -0.003820237 1.455182672 -0.006052978 0.999980569 0.001446048 -2.032032490 0.003828924 -0.001422887 0.999991596 76.601707458
0.999971569 0.006622490 -0.003581971 1.461480737 -0.006616397 0.999976635 0.001710391 -2.052463055 0.003593215 -0.001686642 0.999992132 77.114921570
0.999971747 0.006532892 -0.003711582 1.465107560 -0.006525911 0.999976933 0.001889836 -2.065781355 0.003723843 -0.001865562 0.999991298 77.641044617
0.999975383 0.005957195 -0.003705656 1.475447536 -0.005951265 0.999980986 0.001608787 -2.082371950 0.003715170 -0.001586694 0.999991834 78.151130676
0.999977052 0.005866042 -0.003401234 1.485539079 -0.005861367 0.999981880 0.001383055 -2.093425751 0.003409286 -0.001363088 0.999993265 78.701309204
0.999973178 0.006189027 -0.003893733 1.493731022 -0.006181633 0.999979019 0.001908247 -2.115844965 0.003905462 -0.001884127 0.999990523 79.205276489
0.999973416 0.006052891 -0.004051003 1.507611275 -0.006046063 0.999980271 0.001695399 -2.131381512 0.004061185 -0.001670861 0.999990344 79.745536804
0.999978423 0.005874158 -0.002942602 1.517819762 -0.005869450 0.999981463 0.001606244 -2.142930031 0.002951984 -0.001588938 0.999994397 80.287322998
0.999981165 0.005863249 -0.001807262 1.529907703 -0.005860358 0.999981523 0.001600491 -2.157458782 0.001816612 -0.001589870 0.999997020 80.819824219
0.999984622 0.005486149 -0.000842080 1.541807652 -0.005484871 0.999983788 0.001513658 -2.171324253 0.000850371 -0.001509015 0.999998510 81.358207703
0.999985814 0.005318858 0.000372105 1.549229622 -0.005319368 0.999984920 0.001381291 -2.183156252 -0.000364753 -0.001383251 0.999998987 81.897781372
0.999980927 0.005266386 0.003228341 1.571210265 -0.005272400 0.999984384 0.001857214 -2.203004360 -0.003218510 -0.001874199 0.999993086 82.432769775
0.999956131 0.005942801 0.007235819 1.585558295 -0.005954602 0.999980986 0.001610687 -2.211475849 -0.007226110 -0.001653703 0.999972582 82.991668701
0.999934971 0.005598499 0.009935255 1.608262420 -0.005613277 0.999983311 0.001460176 -2.228435516 -0.009926913 -0.001515850 0.999949574 83.513580322
0.999887764 0.004793965 0.014192889 1.625795364 -0.004815275 0.999987245 0.001467721 -2.241528034 -0.014185674 -0.001535899 0.999898195 84.053672791
0.999777377 0.005285615 0.020422468 1.647989511 -0.005315470 0.999984860 0.001407855 -2.254178047 -0.020414721 -0.001516097 0.999790430 84.599372864
0.999650300 0.004667494 0.026027994 1.682185888 -0.004700938 0.999988139 0.001223866 -2.269062996 -0.026021978 -0.001345794 0.999660432 85.156623840
0.999490142 0.004170345 0.031656146 1.714972973 -0.004212160 0.999990344 0.001254356 -2.285551786 -0.031650614 -0.001387058 0.999497950 85.697067261
0.999191165 0.004252871 0.039986216 1.749594212 -0.004304051 0.999990046 0.001193935 -2.297678232 -0.039980743 -0.001365072 0.999199450 86.262001038
0.998845398 0.003373660 0.047921665 1.796552181 -0.003406996 0.999993980 0.000613977 -2.308418036 -0.047919307 -0.000776537 0.998850882 86.808967590
0.998474360 0.003049033 0.055133656 1.845415831 -0.003095873 0.999994934 0.000764185 -2.321510315 -0.055131044 -0.000933706 0.998478711 87.369651794
0.997944474 0.003228381 0.064003326 1.893539906 -0.003281163 0.999994338 0.000719592 -2.343822479 -0.064000644 -0.000928119 0.997949362 87.927665710
0.997285545 0.003107043 0.073566288 1.966257572 -0.003210762 0.999994040 0.001291647 -2.364714622 -0.073561825 -0.001524344 0.997289538 88.436271667
0.996587098 0.002659603 0.082504816 2.024877071 -0.002745154 0.999995768 0.000923498 -2.377002954 -0.082502000 -0.001146835 0.996590257 89.010154724
0.995946646 0.002407676 0.089913934 2.092722416 -0.002474675 0.999996722 0.000633675 -2.389866352 -0.089912117 -0.000853615 0.995949328 89.572944641
0.995020151 0.002354166 0.099646263 2.172654629 -0.002431392 0.999996960 0.000653572 -2.404008865 -0.099644408 -0.000892597 0.995022655 90.100578308
0.993898094 0.001787244 0.110287532 2.248548031 -0.001903114 0.999997735 0.000945364 -2.430283546 -0.110285617 -0.001149485 0.993899226 90.658744812
0.992894888 0.001731064 0.118982665 2.342119217 -0.001863638 0.999997735 0.001002967 -2.445376396 -0.118980646 -0.001217581 0.992895782 91.162963867
0.991392434 0.001128725 0.130918592 2.432123184 -0.001222786 0.999999046 0.000638081 -2.458454847 -0.130917773 -0.000792674 0.991392851 91.791084290
0.989693105 0.000576463 0.143203199 2.528365135 -0.000696139 0.999999464 0.000785605 -2.481804371 -0.143202648 -0.000877197 0.989692986 92.322296143
0.988093615 0.000122876 0.153853625 2.633082390 -0.000242170 0.999999642 0.000756633 -2.494372845 -0.153853476 -0.000784883 0.988093376 92.863861084
0.986345291 0.000109940 0.164690286 2.738928795 -0.000202995 0.999999762 0.000548203 -2.505108118 -0.164690182 -0.000574149 0.986345172 93.435325623
0.984291434 -0.000335256 0.176551178 2.861510277 0.000151031 0.999999404 0.001056904 -2.525224447 -0.176551417 -0.001013637 0.984290898 93.927764893
0.981866896 -0.000930201 0.189569384 2.983260155 0.000804559 0.999999404 0.000739728 -2.542382002 -0.189569965 -0.000573794 0.981867075 94.509819031
0.979807734 -0.001088293 0.199938983 3.108319283 0.000965685 0.999999285 0.000710750 -2.556971550 -0.199939609 -0.000503320 0.979808092 95.046447754
0.977108777 -0.001467950 0.212735191 3.252504349 0.001287674 0.999998629 0.000985970 -2.578523397 -0.212736368 -0.000689467 0.977109492 95.581573486
0.974140704 -0.001732514 0.225935385 3.396432877 0.001630145 0.999998450 0.000639654 -2.584118128 -0.225936145 -0.000254806 0.974142134 96.110862732
0.971597016 -0.002780274 0.236624837 3.553848267 0.002750391 0.999996126 0.000456378 -2.600709200 -0.236625180 0.000207395 0.971600950 96.634323120
0.968738616 -0.002525023 0.248070553 3.704174042 0.002373606 0.999996781 0.000909465 -2.635719538 -0.248072103 -0.000292212 0.968741536 97.200927734
0.965647042 -0.003779750 0.259829611 3.886264801 0.003613250 0.999992907 0.001118421 -2.642387390 -0.259831965 -0.000141171 0.965653837 97.645286560
0.961705267 -0.003111526 0.274068087 4.046066284 0.002850286 0.999995053 0.001351401 -2.670052290 -0.274070919 -0.000518477 0.961709321 98.259796143
0.958570004 -0.003381769 0.284836859 4.229677200 0.003049864 0.999994159 0.001608782 -2.686795712 -0.284840614 -0.000673416 0.958574593 98.778961182
0.954057276 -0.003808161 0.299599648 4.409551620 0.003439276 0.999992549 0.001758564 -2.716583014 -0.299604177 -0.000647365 0.954063296 99.305534363
0.949787855 -0.004252641 0.312866092 4.618324280 0.003986006 0.999991000 0.001491830 -2.712579250 -0.312869579 -0.000169836 0.949796081 99.782493591
0.945694089 -0.004104872 0.325032115 4.800703049 0.003599999 0.999991179 0.002154672 -2.749735117 -0.325038046 -0.000867545 0.945700526 100.340652466
0.941160262 -0.004533437 0.337930262 5.010234833 0.004003477 0.999989390 0.002265188 -2.767253876 -0.337936968 -0.000779009 0.941168427 100.839523315
0.935802519 -0.004663763 0.352493703 5.218963623 0.004046729 0.999988675 0.002487337 -2.780384541 -0.352501333 -0.000901210 0.935810864 101.359207153
0.931312323 -0.005879527 0.364174157 5.447587967 0.005340914 0.999982655 0.002486082 -2.795111656 -0.364182442 -0.000370296 0.931327522 101.816871643
0.926328301 -0.004352899 0.376691997 5.658369064 0.003085864 0.999987304 0.003966955 -2.831615210 -0.376704484 -0.002512283 0.926330090 102.305572510
0.920504272 -0.005496760 0.390693873 5.950370789 0.004520129 0.999983907 0.003419235 -2.859434605 -0.390706360 -0.001381433 0.920514286 102.948043823
0.914713681 -0.005746922 0.404061705 6.152072906 0.004655437 0.999982357 0.003683669 -2.857688189 -0.404075712 -0.001488419 0.914724231 103.384635925
0.909481347 -0.006274514 0.415697396 6.428901672 0.005132969 0.999979377 0.003863496 -2.886763573 -0.415713131 -0.001380016 0.909494698 103.917053223
0.903939486 -0.006368736 0.427612901 6.701011658 0.005112204 0.999978721 0.004086582 -2.910910606 -0.427629828 -0.001507979 0.903952718 104.470199585
0.897136748 -0.005790693 0.441715091 6.937095642 0.004220073 0.999980867 0.004538216 -2.938920021 -0.441732854 -0.002207330 0.897144020 104.945564270
0.891223013 -0.006362418 0.453520626 7.236186981 0.004823744 0.999978125 0.004549401 -2.937327385 -0.453539550 -0.001866864 0.891234279 105.440757751
0.885460019 -0.006328934 0.464672476 7.517269135 0.004571960 0.999977529 0.004907765 -2.957615376 -0.464693099 -0.002221166 0.885469079 105.906097412
0.878194451 -0.007659366 0.478242457 7.832031250 0.006029182 0.999969602 0.004943808 -2.989332438 -0.478265852 -0.001458214 0.878213942 106.496109009
0.870963573 -0.007351288 0.491292626 8.076511383 0.005223830 0.999970078 0.005701904 -3.002394915 -0.491319835 -0.002399722 0.870975912 106.875183105
