1.000000000 0.000000000 0.000000000 0.000000000 0.000000000 1.000000000 0.000000000 0.000000000 0.000000000 0.000000000 1.000000000 0.000000000
1.000000000 0.000090677 0.000095849 -0.000857801 -0.000090688 1.000000000 0.000112136 -0.000114704 -0.000095839 -0.000112144 1.000000000 0.000353867
1.000000000 0.000050478 0.000134164 -0.001570929 -0.000050479 1.000000000 0.000005726 0.000290626 -0.000134164 -0.000005733 1.000000000 0.000246295
1.000000000 0.000018994 0.000041573 -0.000631597 -0.000018997 1.000000000 0.000064389 -0.000825041 -0.000041572 -0.000064390 1.000000000 -0.000723061
1.000000000 0.000087462 0.000169968 -0.001974887 -0.000087477 1.000000000 0.000086181 -0.000586849 -0.000169960 -0.000086195 1.000000000 -0.000695553
1.000000000 -0.000114366 -0.000014055 0.000119016 0.000114365 1.000000000 -0.000030638 0.000382281 0.000014059 0.000030636 1.000000000 -0.000272837
1.000000000 0.000063314 0.000125103 -0.001838639 -0.000063322 1.000000000 0.000064958 -0.000366458 -0.000125099 -0.000064966 1.000000000 -0.000356040
1.000000000 0.000056699 0.000087385 -0.001554735 -0.000056696 1.000000000 -0.000033198 -0.000081302 -0.000087387 0.000033193 1.000000000 -0.000638191
1.000000000 0.000070557 0.000138711 -0.001352026 -0.000070559 1.000000000 0.000016392 -0.000926884 -0.000138710 -0.000016401 1.000000000 -0.000870897
1.000000000 0.000128855 0.000145100 -0.001890222 -0.000128873 1.000000000 0.000121183 -0.000707191 -0.000145084 -0.000121202 1.000000000 0.000583717
1.000000000 0.000088647 0.000158080 -0.001656304 -0.000088658 1.000000000 0.000072835 -0.000589110 -0.000158074 -0.000072849 1.000000000 -0.000031888
1.000000000 0.000134294 0.000162142 -0.001690035 -0.000134299 1.000000000 0.000030472 -0.001070676 -0.000162138 -0.000030494 1.000000000 -0.001155669
1.000000000 0.000076070 0.000147210 -0.001104068 -0.000076076 1.000000000 0.000038477 0.000265029 -0.000147207 -0.000038489 1.000000000 0.000224987
1.000000000 0.000154292 0.000118242 -0.001607336 -0.000154280 1.000000000 -0.000097252 0.000865823 -0.000118257 0.000097234 1.000000000 0.000615949
1.000000000 0.000099264 0.000115743 -0.001558749 -0.000099269 1.000000000 0.000045692 -0.000187773 -0.000115739 -0.000045703 1.000000000 -0.000084866
0.999999940 0.000254220 0.000177646 -0.002207031 -0.000254210 0.999999940 -0.000057607 0.001378225 -0.000177660 0.000057562 1.000000000 0.001136669
0.999999940 0.000356571 0.000206805 -0.002668688 -0.000356562 0.999999940 -0.000043239 0.001022652 -0.000206821 0.000043165 1.000000000 0.001877960
0.999999940 0.000251472 0.000257823 -0.002371388 -0.000251472 0.999999940 -0.000003347 0.001436900 -0.000257824 0.000003282 0.999999940 0.002241169
0.999999940 0.000200698 0.000269281 -0.002481345 -0.000200680 1.000000000 -0.000066716 0.000445589 -0.000269294 0.000066662 0.999999940 0.000752553
0.999999940 0.000214373 0.000219840 -0.002559085 -0.000214389 1.000000000 0.000071560 -0.000127142 -0.000219825 -0.000071607 1.000000000 0.001659044
0.999999940 0.000309944 0.000169201 -0.001924204 -0.000309940 0.999999940 -0.000026255 0.001375106 -0.000169209 0.000026203 1.000000000 0.001642647
0.999999940 0.000250051 0.000181716 -0.002417117 -0.000250047 0.999999940 -0.000020552 0.000399953 -0.000181721 0.000020506 1.000000000 0.001737803
1.000000000 0.000150076 0.000164073 -0.002209841 -0.000150087 1.000000000 0.000062745 0.000097134 -0.000164064 -0.000062770 1.000000000 0.000892717
0.999999881 0.000407678 0.000189805 -0.002535887 -0.000407678 0.999999940 -0.000001090 0.001407329 -0.000189806 0.000001013 1.000000000 0.003028690
0.999999940 0.000296703 0.000243631 -0.002122858 -0.000296710 0.999999940 0.000027541 0.001325771 -0.000243623 -0.000027613 0.999999940 0.001974770
0.999999940 0.000217598 0.000209114 -0.001451507 -0.000217589 1.000000000 -0.000042051 0.002068122 -0.000209123 0.000042006 1.000000000 0.003092547
0.999999940 0.000342583 0.000241128 -0.002398120 -0.000342591 0.999999940 0.000035879 0.001252636 -0.000241115 -0.000035962 1.000000000 0.002301294
0.999999940 0.000340999 0.000122906 -0.002231181 -0.000340986 0.999999940 -0.000103828 0.001850453 -0.000122941 0.000103787 1.000000000 0.001011235
0.999999940 0.000328528 0.000129311 -0.001949032 -0.000328517 0.999999940 -0.000085287 0.001397202 -0.000129339 0.000085245 1.000000000 0.000740267
0.999999881 0.000344376 0.000262744 -0.002496915 -0.000344372 0.999999940 -0.000015537 0.000224017 -0.000262750 0.000015446 0.999999940 0.001006574
0.999999940 0.000194129 0.000282433 -0.002909099 -0.000194142 1.000000000 0.000046843 0.000051524 -0.000282424 -0.000046897 0.999999940 0.001787409
0.999999940 0.000312175 0.000187089 -0.001987514 -0.000312164 0.999999940 -0.000059177 0.001537743 -0.000187108 0.000059119 1.000000000 0.002437268
0.999999881 0.000415948 0.000244813 -0.002182513 -0.000415950 0.999999940 0.000007153 0.000031441 -0.000244810 -0.000007255 0.999999940 -0.000063972
0.999999881 0.000389172 0.000298811 -0.003173981 -0.000389175 0.999999940 0.000008718 0.000668764 -0.000298807 -0.000008834 0.999999940 0.002333686
0.999999881 0.000382487 0.000248552 -0.001785762 -0.000382469 0.999999940 -0.000071120 0.000342387 -0.000248579 0.000071025 0.999999940 0.001062330
0.999999940 0.000344878 0.000215493 -0.003342937 -0.000344880 0.999999940 0.000011481 0.000583222 -0.000215489 -0.000011555 1.000000000 0.000738041
0.999999881 0.000400229 0.000206658 -0.002739387 -0.000400212 0.999999940 -0.000085290 0.002157686 -0.000206692 0.000085208 1.000000000 0.001292077
0.999999881 0.000405739 0.000311066 -0.003409489 -0.000405742 0.999999940 0.000008087 0.000901457 -0.000311063 -0.000008213 0.999999940 0.001959088
0.999999881 0.000396077 0.000186732 -0.001091762 -0.000396082 0.999999940 0.000026846 0.000788608 -0.000186722 -0.000026920 1.000000000 -0.000074308
0.999999940 0.000237883 0.000185958 -0.001457712 -0.000237871 0.999999940 -0.000060637 0.000197938 -0.000185972 0.000060593 1.000000000 0.000228733
0.999999702 0.000807295 0.000424558 -0.003849338 -0.000807185 0.999999642 -0.000260272 -0.005796154 -0.000424768 0.000259929 0.999999881 0.048437115
0.999999702 0.000685546 0.000441321 -0.002571814 -0.000685182 0.999999464 -0.000825219 -0.007543304 -0.000441887 0.000824917 0.999999523 0.139182508
0.999999464 0.000909460 0.000539026 0.000229522 -0.000908866 0.999998987 -0.001100618 -0.009514938 -0.000540027 0.001100128 0.999999225 0.251904488
0.999999344 0.000985595 0.000603339 0.003064199 -0.000984952 0.999998927 -0.001065912 -0.012514391 -0.000604389 0.001065317 0.999999225 0.383912593
0.999999464 0.000966151 0.000470042 0.005325829 -0.000965762 0.999999166 -0.000827273 -0.015987765 -0.000470841 0.000826819 0.999999523 0.528308749
0.999999702 0.000616703 0.000474892 0.012372055 -0.000616531 0.999999762 -0.000361330 -0.025971659 -0.000475115 0.000361038 0.999999821 0.681410253
0.999999821 0.000309971 0.000440047 0.018700810 -0.000309913 0.999999940 -0.000133784 -0.029991165 -0.000440088 0.000133648 0.999999881 0.842103183
0.999999762 0.000396777 0.000586489 0.017950444 -0.000396691 0.999999881 -0.000146682 -0.034300450 -0.000586547 0.000146449 0.999999762 1.018788457
0.999999762 0.000595667 0.000530385 0.022768475 -0.000595709 0.999999881 0.000079814 -0.039731149 -0.000530337 -0.000080130 0.999999881 1.192773700
0.999999464 0.000744564 0.000687355 0.025005244 -0.000744794 0.999999642 0.000333517 -0.047278371 -0.000687106 -0.000334029 0.999999702 1.379309177
0.999999464 0.000852034 0.000554026 0.029044176 -0.000852153 0.999999642 0.000215149 -0.050125960 -0.000553843 -0.000215621 0.999999821 1.572643042
0.999999642 0.000539678 0.000694453 0.031382781 -0.000540106 0.999999642 0.000616234 -0.057622168 -0.000694120 -0.000616609 0.999999583 1.775472999
0.999999702 0.000519419 0.000519907 0.035551950 -0.000519987 0.999999285 0.001094221 -0.066887490 -0.000519338 -0.001094491 0.999999285 1.971833467
0.999999762 0.000611840 0.000289728 0.043853186 -0.000612184 0.999999106 0.001189363 -0.075809337 -0.000289000 -0.001189540 0.999999225 2.180100918
0.999999464 0.000858739 0.000564755 0.042847000 -0.000859204 0.999999285 0.000823388 -0.074779704 -0.000564047 -0.000823873 0.999999523 2.405299664
0.999998868 0.001291659 0.000723609 0.045583986 -0.001292230 0.999998808 0.000789239 -0.079374149 -0.000722589 -0.000790173 0.999999464 2.630074263
0.999999046 0.000962498 0.000998906 0.044957444 -0.000963425 0.999999106 0.000927566 -0.090197220 -0.000998012 -0.000928527 0.999998987 2.845205545
0.999998868 0.001050432 0.001128987 0.048999030 -0.001051532 0.999998987 0.000973583 -0.093893908 -0.001127963 -0.000974769 0.999998868 3.091053724
0.999999702 0.000691788 -0.000146460 0.073784016 -0.000691640 0.999999225 0.001011542 -0.101478897 0.000147160 -0.001011440 0.999999464 3.334122181
0.999999881 0.000499727 -0.000086743 0.084252536 -0.000499642 0.999999404 0.000977733 -0.106084906 0.000087231 -0.000977690 0.999999523 3.581902981
0.999999762 0.000725510 -0.000087230 0.087237842 -0.000725430 0.999999285 0.000923164 -0.112645999 0.000087900 -0.000923100 0.999999583 3.839939356
0.999999285 0.001002398 0.000639345 0.083276361 -0.001003110 0.999998868 0.001115363 -0.122843146 -0.000638226 -0.001116003 0.999999166 4.094023228
0.999999046 0.001160021 0.000693423 0.089103937 -0.001160782 0.999998689 0.001097720 -0.127462789 -0.000692148 -0.001098524 0.999999166 4.352484226
0.999999464 0.000717850 0.000782946 0.092059977 -0.000718744 0.999999106 0.001141188 -0.133955419 -0.000782127 -0.001141750 0.999999046 4.615039349
0.999999046 0.001120975 0.000799858 0.099959701 -0.001122458 0.999997795 0.001855837 -0.151228428 -0.000797776 -0.001856733 0.999997973 4.866661549
0.999998569 0.001350781 0.001023839 0.103132315 -0.001352965 0.999996841 0.002135342 -0.160487607 -0.001020951 -0.002136724 0.999997139 5.126341820
0.999998748 0.000998840 0.001200253 0.104411930 -0.001000532 0.999998510 0.001409902 -0.158963606 -0.001198843 -0.001411101 0.999998271 5.390161991
0.999999225 0.000601858 0.001097510 0.108953662 -0.000603974 0.999997973 0.001927830 -0.176060751 -0.001096347 -0.001928492 0.999997556 5.663274765
0.999999106 0.000581899 0.001133399 0.113363378 -0.000584008 0.999998093 0.001861062 -0.184979394 -0.001132314 -0.001861722 0.999997616 5.929149151
0.999998748 0.000972920 0.001259490 0.116660036 -0.000975083 0.999998093 0.001717708 -0.193219393 -0.001257817 -0.001718934 0.999997675 6.208106041
0.999998927 0.000709511 0.001278475 0.127102435 -0.000711577 0.999998569 0.001616099 -0.194097489 -0.001277326 -0.001617007 0.999997854 6.500832558
0.999999106 0.000837014 0.000983084 0.131980136 -0.000838806 0.999997973 0.001823620 -0.201210529 -0.000981555 -0.001824443 0.999997854 6.803482533
0.999996603 0.002009755 0.001674209 0.132160962 -0.002012674 0.999996483 0.001743612 -0.206935540 -0.001670698 -0.001746976 0.999997079 7.092586994
0.999997556 0.001512061 0.001611553 0.137297526 -0.001515027 0.999997079 0.001841002 -0.222379267 -0.001608765 -0.001843439 0.999997020 7.396494865
0.999997079 0.001564811 0.001884817 0.138499096 -0.001568209 0.999997139 0.001802890 -0.232679695 -0.001881990 -0.001805841 0.999996662 7.698957920
0.999997556 0.001291085 0.001805953 0.150444970 -0.001294284 0.999997556 0.001771175 -0.240626305 -0.001803661 -0.001773508 0.999996841 8.024958611
0.999998093 0.001287162 0.001479034 0.165604860 -0.001290830 0.999996066 0.002481549 -0.262899160 -0.001475834 -0.002483454 0.999995768 8.331853867
0.999998808 0.000759261 0.001353281 0.175388873 -0.000762731 0.999996424 0.002564991 -0.271007776 -0.001351329 -0.002566020 0.999995828 8.658074379
0.999996960 0.001605595 0.001870201 0.169382617 -0.001609667 0.999996305 0.002178199 -0.271408141 -0.001866698 -0.002181203 0.999995828 8.999698639
0.999997318 0.001579858 0.001722848 0.177979648 -0.001584048 0.999995768 0.002433393 -0.285087168 -0.001718996 -0.002436115 0.999995530 9.340480804
0.999994814 0.002591787 0.001909232 0.185941830 -0.002595985 0.999994218 0.002199481 -0.300894260 -0.001903520 -0.002204427 0.999995708 9.667206764
0.999994993 0.002330927 0.002114951 0.193075135 -0.002336456 0.999993861 0.002615833 -0.311343938 -0.002108841 -0.002620762 0.999994338 10.022219658
0.999994993 0.002491309 0.001944964 0.197392449 -0.002496080 0.999993861 0.002454914 -0.319746464 -0.001938836 -0.002459757 0.999995053 10.383551598
0.999994874 0.002441560 0.002080732 0.204859763 -0.002446835 0.999993801 0.002536430 -0.328843236 -0.002074526 -0.002541508 0.999994576 10.750961304
0.999996841 0.001916094 0.001630982 0.215375766 -0.001919907 0.999995351 0.002339180 -0.336129963 -0.001626492 -0.002342304 0.999995947 11.115109444
0.999997318 0.001711746 0.001550204 0.230580539 -0.001715428 0.999995708 0.002376976 -0.347248018 -0.001546129 -0.002379629 0.999995947 11.497320175
0.999996126 0.002205450 0.001697988 0.238047749 -0.002209123 0.999995172 0.002164161 -0.353863508 -0.001693207 -0.002167904 0.999996185 11.879705429
0.999994040 0.002588294 0.002254103 0.238647327 -0.002594393 0.999992967 0.002707028 -0.372132480 -0.002247080 -0.002712860 0.999993801 12.259971619
0.999994755 0.002211242 0.002328384 0.248034641 -0.002218842 0.999992192 0.003266073 -0.386933178 -0.002321143 -0.003271222 0.999992013 12.647749901
0.999994278 0.002164817 0.002581829 0.248883218 -0.002172153 0.999993563 0.002841994 -0.395801425 -0.002575660 -0.002847586 0.999992609 13.044357300
0.999994695 0.002171642 0.002448292 0.261466354 -0.002177819 0.999994397 0.002523426 -0.408330500 -0.002442798 -0.002528744 0.999993801 13.450888634
0.999993801 0.002412668 0.002574785 0.268743753 -0.002421312 0.999991417 0.003359250 -0.423124790 -0.002566658 -0.003365463 0.999991059 13.863090515
0.999990821 0.002918534 0.003128924 0.268818945 -0.002929453 0.999989629 0.003490845 -0.431582600 -0.003118703 -0.003499979 0.999988973 14.278334618
0.999986529 0.003290479 0.004010562 0.273369342 -0.003301201 0.999991000 0.002669856 -0.441377223 -0.004001740 -0.002683060 0.999988377 14.694907188
0.999990106 0.002607174 0.003610995 0.292910755 -0.002618825 0.999991357 0.003225669 -0.453790843 -0.003602554 -0.003235094 0.999988198 15.137577057
0.999988616 0.002710462 0.003929895 0.301632941 -0.002724360 0.999990046 0.003535604 -0.467363387 -0.003920272 -0.003546270 0.999986053 15.576680183
0.999986053 0.002679387 0.004540252 0.308389902 -0.002695018 0.999990404 0.003440030 -0.479881465 -0.004530990 -0.003452218 0.999983728 16.008060455
0.999984503 0.003024286 0.004670343 0.319945067 -0.003039221 0.999990225 0.003194187 -0.486997634 -0.004660639 -0.003208332 0.999983966 16.458763123
0.999983847 0.003182807 0.004701208 0.330298245 -0.003193863 0.999992132 0.002346281 -0.493543684 -0.004693703 -0.002361258 0.999986231 16.908380508
0.999982059 0.003171196 0.005084773 0.344314933 -0.003188861 0.999988914 0.003469917 -0.514418721 -0.005073713 -0.003486069 0.999981046 17.357942581
0.999979436 0.003374063 0.005451659 0.355461091 -0.003397045 0.999985397 0.004211978 -0.532079458 -0.005437368 -0.004230411 0.999976277 17.824527740
0.999980390 0.002911954 0.005541493 0.371174037 -0.002930687 0.999989927 0.003375298 -0.537778497 -0.005531610 -0.003391472 0.999978900 18.284570694
0.999981701 0.002345155 0.005587215 0.381654561 -0.002365323 0.999990702 0.003605776 -0.552400470 -0.005578707 -0.003618925 0.999977887 18.753261566
0.999979198 0.002872417 0.005778992 0.391249120 -0.002891530 0.999990344 0.003301769 -0.562814116 -0.005769452 -0.003318410 0.999977767 19.237014771
0.999975383 0.003601451 0.006012217 0.409736991 -0.003621523 0.999987900 0.003330931 -0.574379444 -0.006000148 -0.003352623 0.999976397 19.714588165
0.999975443 0.003913648 0.005812532 0.416442066 -0.003933285 0.999986649 0.003370988 -0.584690571 -0.005799261 -0.003393768 0.999977469 20.205284119
0.999977410 0.002815813 0.006103130 0.435951829 -0.002836855 0.999990046 0.003441681 -0.605145931 -0.006093378 -0.003458917 0.999975383 20.684669495
0.999986112 0.002378852 0.004711041 0.453762352 -0.002397042 0.999989629 0.003859161 -0.619548500 -0.004701813 -0.003870400 0.999981403 21.188325882
0.999984264 0.002785507 0.004853762 0.464395821 -0.002804151 0.999988616 0.003838470 -0.629838228 -0.004843014 -0.003852020 0.999980867 21.706714630
0.999986053 0.002638008 0.004560021 0.479484558 -0.002655819 0.999988794 0.003904346 -0.645370245 -0.004549670 -0.003916402 0.999981999 22.220968246
0.999990165 0.002296751 0.003772883 0.498088896 -0.002312083 0.999989033 0.004064326 -0.659801066 -0.003763507 -0.004073010 0.999984682 22.736566544
0.999990702 0.002631745 0.003418577 0.503245234 -0.002645374 0.999988556 0.003988338 -0.671561301 -0.003408042 -0.003997345 0.999986172 23.270860672
0.999992967 0.002332760 0.002934083 0.511071324 -0.002345670 0.999987543 0.004404575 -0.696368456 -0.002923772 -0.004411427 0.999985993 23.804477692
0.999996901 0.000623571 0.002433378 0.517998040 -0.000634132 0.999990344 0.004342093 -0.715532184 -0.002430646 -0.004343623 0.999987543 24.328569412
0.999994934 0.002321783 0.002151962 0.534832954 -0.002331170 0.999987721 0.004369698 -0.722851694 -0.002141790 -0.004374692 0.999988139 24.856389999
0.999996603 0.002420933 0.000962738 0.553543746 -0.002425317 0.999986589 0.004577913 -0.745229423 -0.000951643 -0.004580232 0.999989033 25.402208328
0.999998331 0.001832593 -0.000111744 0.564267933 -0.001832117 0.999989808 0.004122816 -0.753598809 0.000119298 -0.004122605 0.999991477 25.962934494
0.999997079 0.002454188 0.000049327 0.570445240 -0.002454386 0.999986768 0.004517137 -0.775503933 -0.000038240 -0.004517244 0.999989808 26.520149231
0.999996841 0.002514147 0.000195164 0.576006472 -0.002515069 0.999984980 0.004870073 -0.776694894 -0.000182917 -0.004870549 0.999988079 27.076730728
0.999998212 0.001710305 -0.000698729 0.590111136 -0.001706634 0.999984920 0.005222290 -0.807837725 0.000707650 -0.005221088 0.999986112 27.616188049
0.999997139 0.002019222 -0.001204336 0.600083351 -0.002013578 0.999987006 0.004669989 -0.816103518 0.001213750 -0.004667551 0.999988377 28.174694061
0.999994397 0.003237544 -0.000816002 0.618720055 -0.003233034 0.999979794 0.005470530 -0.834880054 0.000833697 -0.005467861 0.999984682 28.704315186
0.999993622 0.003369415 -0.001199025 0.631745398 -0.003362483 0.999977887 0.005737004 -0.855309129 0.001218329 -0.005732936 0.999982834 29.257259369
0.999993742 0.002836287 -0.002154050 0.641719997 -0.002824157 0.999980271 0.005613614 -0.872197509 0.002169930 -0.005607495 0.999981940 29.799856186
0.999993622 0.003040100 -0.001852400 0.651292920 -0.003028736 0.999976695 0.006107221 -0.874929011 0.001870923 -0.006101572 0.999979556 30.345315933
0.999991417 0.003272343 -0.002513031 0.667903543 -0.003257853 0.999978185 0.005748498 -0.893638730 0.002531787 -0.005740263 0.999980330 30.890655518
0.999994099 0.002699943 -0.002120558 0.676306248 -0.002686962 0.999977767 0.006100678 -0.908276618 0.002136982 -0.006094946 0.999979138 31.437820435
0.999990761 0.003854844 -0.001920538 0.681169748 -0.003843614 0.999975741 0.005817159 -0.919011772 0.001942915 -0.005809723 0.999981225 31.984237671
0.999988437 0.003732239 -0.003012888 0.690642655 -0.003714513 0.999975860 0.005868012 -0.941139936 0.003034716 -0.005856753 0.999978244 32.528450012
0.999988139 0.003633437 -0.003224985 0.698635280 -0.003614594 0.999976456 0.005829772 -0.956919730 0.003246092 -0.005818046 0.999977767 33.065948486
0.999989986 0.002677470 -0.003580997 0.715246618 -0.002654060 0.999975204 0.006525902 -0.971048176 0.003598381 -0.006516333 0.999972224 33.616146088
0.999989629 0.002929068 -0.003493634 0.722469687 -0.002905618 0.999973297 0.006698729 -0.982997775 0.003513162 -0.006688509 0.999971449 34.168094635
0.999988437 0.002870606 -0.003857566 0.731564999 -0.002844132 0.999972463 0.006850990 -0.995715022 0.003877127 -0.006839940 0.999969065 34.700237274
0.999984920 0.002798455 -0.004713708 0.746701479 -0.002765956 0.999972403 0.006886859 -1.017662764 0.004732851 -0.006873718 0.999965131 35.217525482
0.999987006 0.002938276 -0.004157209 0.748314857 -0.002909424 0.999971747 0.006929561 -1.027328253 0.004177452 -0.006917376 0.999967277 35.750637054
0.999987483 0.002900155 -0.004073031 0.755737782 -0.002871567 0.999971330 0.007007204 -1.035711765 0.004093236 -0.006995421 0.999967098 36.304580688
0.999985158 0.003424194 -0.004229494 0.765839100 -0.003397299 0.999974072 0.006349809 -1.046200633 0.004251127 -0.006335346 0.999970913 36.865966797
0.999983668 0.003753397 -0.004304057 0.771580338 -0.003724993 0.999971271 0.006588393 -1.056351185 0.004328663 -0.006572254 0.999969006 37.406284332
0.999982953 0.003624739 -0.004563706 0.784525871 -0.003595324 0.999972761 0.006437221 -1.066985965 0.004586915 -0.006420703 0.999968886 37.959659576
0.999982238 0.003853981 -0.004550937 0.788027942 -0.003826205 0.999974072 0.006096343 -1.079394579 0.004574314 -0.006078823 0.999971032 38.503002167
0.999984026 0.003633932 -0.004341465 0.795548439 -0.003609717 0.999977946 0.005572361 -1.088839531 0.004361620 -0.005556601 0.999975085 39.052001953
0.999979854 0.003601362 -0.005211829 0.814785361 -0.003571376 0.999977112 0.005751299 -1.103828669 0.005232423 -0.005732570 0.999969900 39.581924438
0.999980152 0.002929797 -0.005582301 0.823716879 -0.002895774 0.999977231 0.006093200 -1.119392157 0.005600026 -0.006076914 0.999965847 40.135360718
0.999978840 0.002770725 -0.005886950 0.833165526 -0.002733675 0.999976516 0.006292262 -1.135216236 0.005904246 -0.006276037 0.999962926 40.682579041
0.999980450 0.002980275 -0.005500696 0.838896275 -0.002947595 0.999977946 0.005939692 -1.147659421 0.005518278 -0.005923363 0.999967158 41.213924408
0.999981523 0.003330355 -0.005103150 0.837904871 -0.003297547 0.999973953 0.006423986 -1.160031676 0.005124412 -0.006407039 0.999966323 41.762214661
0.999979138 0.003607046 -0.005356172 0.866662741 -0.003579877 0.999980748 0.005073511 -1.165042758 0.005374369 -0.005054229 0.999972761 42.298439026
0.999979198 0.003670591 -0.005298058 0.876380324 -0.003642917 0.999979734 0.005223555 -1.175150394 0.005317124 -0.005204147 0.999972224 42.851940155
0.999979019 0.003187700 -0.005642594 0.890525162 -0.003156084 0.999979317 0.005603116 -1.192309380 0.005660338 -0.005585190 0.999968350 43.365478516
0.999973357 0.004076106 -0.006056105 0.906132221 -0.004043581 0.999977410 0.005373142 -1.210911036 0.006077870 -0.005348512 0.999967217 43.915283203
0.999978185 0.003275820 -0.005721550 0.901772738 -0.003241549 0.999976814 0.005989030 -1.230871677 0.005741036 -0.005970354 0.999965668 44.454463959
0.999977648 0.003126081 -0.005906172 0.909658074 -0.003092616 0.999979079 0.005666846 -1.243373871 0.005923764 -0.005648454 0.999966502 45.003482819
0.999977648 0.003121934 -0.005928422 0.922905564 -0.003088832 0.999979615 0.005584505 -1.252141118 0.005945737 -0.005566068 0.999966860 45.563728333
0.999975920 0.003689684 -0.005883664 0.927427888 -0.003659587 0.999980211 0.005117773 -1.258909106 0.005902431 -0.005096117 0.999969602 46.114994049
0.999978244 0.003285330 -0.005718503 0.940721512 -0.003252910 0.999978602 0.005669439 -1.282158732 0.005737005 -0.005650713 0.999967575 46.639133453
0.999974251 0.004395056 -0.005663550 0.949489713 -0.004365949 0.999977350 0.005141523 -1.284655571 0.005686018 -0.005116665 0.999970734 47.184867859
0.999972403 0.003810120 -0.006381356 0.958991349 -0.003775840 0.999978364 0.005375285 -1.298182487 0.006401699 -0.005351042 0.999965131 47.738533020
0.999973595 0.003150815 -0.006552737 0.972912610 -0.003115883 0.999980927 0.005334274 -1.317651033 0.006569419 -0.005313715 0.999964297 48.273242950
0.999976218 0.003364976 -0.006022288 0.978322268 -0.003332771 0.999980152 0.005349913 -1.327582955 0.006040170 -0.005329714 0.999967575 48.799999237
0.999974549 0.003496606 -0.006233031 0.984091282 -0.003463369 0.999979794 0.005335215 -1.340435982 0.006251561 -0.005313491 0.999966383 49.342544556
0.999972284 0.004654568 -0.005804275 0.990932584 -0.004624993 0.999976337 0.005098444 -1.349259615 0.005827868 -0.005071459 0.999970078 49.880821228
0.999972045 0.004150634 -0.006216591 1.002775550 -0.004119758 0.999979138 0.004971214 -1.355287671 0.006237095 -0.004945464 0.999968290 50.415458679
0.999971092 0.004222002 -0.006320106 1.006484985 -0.004191645 0.999979675 0.004808575 -1.370101929 0.006340281 -0.004781944 0.999968410 50.943832397
0.999972761 0.004372986 -0.005939177 1.005081296 -0.004340904 0.999975979 0.005403752 -1.401062369 0.005962665 -0.005377824 0.999967754 51.470966339
0.999975383 0.002936813 -0.006376247 1.018328190 -0.002902967 0.999981701 0.005310591 -1.403610706 0.006391727 -0.005291951 0.999965549 52.008224487
0.999972820 0.005052911 -0.005353547 1.003445387 -0.005023269 0.999972045 0.005535826 -1.432024837 0.005381369 -0.005508783 0.999970317 52.546524048
0.999972701 0.004598110 -0.005783344 1.017019868 -0.004564172 0.999972343 0.005867858 -1.450610638 0.005810166 -0.005841301 0.999966085 53.053550720
0.999973774 0.004548416 -0.005640625 1.029953003 -0.004517595 0.999974847 0.005464994 -1.447171807 0.005665339 -0.005439369 0.999969184 53.628334045
0.999974310 0.004951769 -0.005188211 1.032775402 -0.004924829 0.999974370 0.005192599 -1.456067324 0.005213792 -0.005166915 0.999973059 54.177127838
0.999972641 0.005432147 -0.005011410 1.011951208 -0.005403393 0.999968946 0.005733264 -1.504054070 0.005042397 -0.005706029 0.999971032 54.665199280
0.999975145 0.005304900 -0.004648260 1.018008113 -0.005278088 0.999969482 0.005761665 -1.516035199 0.004678683 -0.005736988 0.999972641 55.214000702
0.999975741 0.004954034 -0.004893010 1.018378854 -0.004930325 0.999976099 0.004845441 -1.516299009 0.004916897 -0.004821200 0.999976277 55.783744812
0.999973118 0.005513916 -0.004828097 1.015429258 -0.005488188 0.999970734 0.005326048 -1.536484241 0.004857323 -0.005299407 0.999974132 56.316635132
0.999975622 0.005469874 -0.004334418 1.009081364 -0.005449034 0.999973595 0.004805572 -1.549757957 0.004360590 -0.004781837 0.999979079 56.879688263
0.999975085 0.005557493 -0.004347354 1.007683039 -0.005535756 0.999972224 0.004996195 -1.561395288 0.004375000 -0.004972004 0.999978065 57.421928406
0.999974906 0.005531892 -0.004430104 1.013295412 -0.005510167 0.999972820 0.004901430 -1.578062773 0.004457098 -0.004876896 0.999978185 57.966232300
0.999978065 0.005105295 -0.004221416 1.009271741 -0.005082891 0.999973059 0.005301092 -1.598581553 0.004248366 -0.005279518 0.999977052 58.505500793
0.999976814 0.005110135 -0.004485088 1.007960796 -0.005086238 0.999972820 0.005323439 -1.611899972 0.004512170 -0.005300504 0.999975741 59.042667389
0.999978423 0.005032993 -0.004206718 1.005257726 -0.005010606 0.999973238 0.005315275 -1.634308100 0.004233358 -0.005294083 0.999977052 59.575309753
0.999976993 0.005214385 -0.004340949 1.009159327 -0.005192964 0.999974370 0.004931286 -1.644413233 0.004366552 -0.004908630 0.999978364 60.116134644
0.999978423 0.005225231 -0.003981802 1.015942574 -0.005206970 0.999975979 0.004582612 -1.649328351 0.004005651 -0.004561779 0.999981523 60.670337677
0.999976337 0.005700790 -0.003845282 1.001016855 -0.005680838 0.999970436 0.005179523 -1.675182343 0.003874695 -0.005157556 0.999979198 61.203197479
0.999976814 0.005852010 -0.003488807 0.999852121 -0.005834910 0.999971032 0.004891380 -1.680940390 0.003517330 -0.004870908 0.999981940 61.753852844
0.999979317 0.005323805 -0.003616626 0.998232305 -0.005306464 0.999974430 0.004787797 -1.695389032 0.003642023 -0.004768507 0.999981940 62.293525696
0.999977291 0.005964191 -0.003137442 0.996280551 -0.005950467 0.999972880 0.004365828 -1.708391190 0.003163395 -0.004347060 0.999985576 62.830829620
0.999974012 0.006478886 -0.003155716 0.990835607 -0.006464012 0.999968052 0.004700519 -1.721952319 0.003186069 -0.004679999 0.999983966 63.373329163
0.999970138 0.007208696 -0.002823703 0.980758965 -0.007196554 0.999964833 0.004287089 -1.739382505 0.002854509 -0.004266639 0.999986827 63.911693573
0.999972582 0.006964963 -0.002525014 0.977020621 -0.006954060 0.999966562 0.004301714 -1.752344728 0.002554891 -0.004284037 0.999987543 64.447822571
0.999971032 0.007301055 -0.002113365 0.962669492 -0.007291976 0.999964416 0.004271640 -1.766759753 0.002144478 -0.004256107 0.999988616 64.987495422
0.999966860 0.008059838 -0.001139912 0.941782832 -0.008054558 0.999957144 0.004563065 -1.779952526 0.001176642 -0.004553732 0.999988854 65.511856079
0.999968410 0.007901927 -0.000855181 0.947749674 -0.007898537 0.999961197 0.003895863 -1.789000034 0.000885932 -0.003888985 0.999992013 66.044441223
0.999968886 0.007816661 -0.001012482 0.950097501 -0.007813185 0.999963701 0.003392340 -1.797456980 0.001038962 -0.003384325 0.999993682 66.591567993
0.999973059 0.007223114 -0.001319050 0.957412720 -0.007217839 0.999966204 0.003961382 -1.822634697 0.001347619 -0.003951756 0.999991298 67.122367859
0.999968946 0.007756640 -0.001381403 0.963360250 -0.007751463 0.999963045 0.003714980 -1.833331585 0.001410167 -0.003704157 0.999992073 67.665245056
0.999966681 0.008094719 -0.001061627 0.967068255 -0.008090862 0.999960840 0.003588026 -1.850069642 0.001090629 -0.003579317 0.999993026 68.204635620
0.999970019 0.007580100 -0.001567848 0.976362705 -0.007574870 0.999965787 0.003315662 -1.862260818 0.001592928 -0.003303686 0.999993265 68.733848572
0.999968708 0.007727383 -0.001684091 0.979346573 -0.007721314 0.999963760 0.003580579 -1.879048467 0.001711698 -0.003567463 0.999992192 69.252426147
0.999965906 0.008149562 -0.001347080 0.986418545 -0.008145238 0.999961734 0.003184363 -1.894024849 0.001372981 -0.003173282 0.999994040 69.776496887
0.999966919 0.008065178 -0.001072560 0.992915094 -0.008061906 0.999962926 0.003021063 -1.905185342 0.001096886 -0.003012316 0.999994874 70.333801270
0.999969006 0.007719730 -0.001502002 1.002497673 -0.007714525 0.999964416 0.003440929 -1.927776814 0.001528511 -0.003429235 0.999992967 70.828590393
0.999968946 0.007792884 -0.001149101 1.009188533 -0.007788681 0.999963045 0.003617299 -1.949129343 0.001177247 -0.003608237 0.999992728 71.358985901
0.999968827 0.007822692 -0.001005291 1.012206554 -0.007819313 0.999963939 0.003321681 -1.956931949 0.001031238 -0.003313717 0.999993920 71.901611328
0.999965847 0.008219536 -0.000854392 1.017132163 -0.008216214 0.999958873 0.003820918 -1.989626646 0.000885763 -0.003813767 0.999992311 72.415321350
0.999966919 0.008061515 -0.001107095 1.030894160 -0.008057648 0.999961555 0.003454169 -1.990582943 0.001134899 -0.003445134 0.999993443 72.981163025
0.999966919 0.008059742 -0.001046269 1.033675432 -0.008055608 0.999959886 0.003897633 -2.006561279 0.001077642 -0.003889076 0.999991834 73.523742676
0.999960959 0.008824930 -0.000479567 1.034806371 -0.008823069 0.999953985 0.003753331 -2.025357723 0.000512668 -0.003748952 0.999992847 74.069641113
0.999962807 0.008595923 -0.000725578 1.050042629 -0.008592999 0.999955416 0.003939625 -2.037904024 0.000759411 -0.003933245 0.999991894 74.607490540
0.999963820 0.008495462 -0.000663343 1.059633255 -0.008493003 0.999957383 0.003626830 -2.052453041 0.000694126 -0.003621065 0.999993205 75.139190674
0.999958634 0.009079960 -0.000485825 1.066394091 -0.009078254 0.999952912 0.003408377 -2.064169884 0.000516750 -0.003403826 0.999994040 75.675407410
0.999958754 0.009065961 -0.000538746 1.075821042 -0.009064268 0.999954224 0.003069753 -2.074068546 0.000566551 -0.003064743 0.999995112 76.205818176
0.999959767 0.008964241 -0.000321552 1.085264325 -0.008963223 0.999955177 0.003047162 -2.090720892 0.000348854 -0.003044158 0.999995232 76.747550964
0.999962270 0.008680569 -0.000446094 1.094041348 -0.008679344 0.999958754 0.002680058 -2.102460384 0.000469341 -0.002676085 0.999996245 77.288726807
0.999964178 0.008425418 -0.000797368 1.109258413 -0.008422804 0.999959350 0.003226636 -2.113339424 0.000824520 -0.003219804 0.999994457 77.831306458
0.999962687 0.008617542 -0.000643277 1.116286755 -0.008615732 0.999958992 0.002763405 -2.129426241 0.000667064 -0.002757759 0.999995887 78.349494934
0.999960363 0.008895158 -0.000426653 1.127288699 -0.008893983 0.999956846 0.002681005 -2.138623238 0.000450483 -0.002677104 0.999996305 78.889816284
0.999963582 0.008497024 -0.000762043 1.139124513 -0.008494909 0.999960184 0.002737714 -2.156435013 0.000785275 -0.002731141 0.999995947 79.414817810
0.999967396 0.008022883 -0.000921575 1.154960990 -0.008020557 0.999964714 0.002499839 -2.168478489 0.000941599 -0.002492366 0.999996424 79.953239441
0.999964356 0.008439676 0.000122599 1.155791044 -0.008439971 0.999960780 0.002656922 -2.182547331 -0.000100171 -0.002657862 0.999996424 80.497673035
0.999965549 0.008218941 0.001146042 1.173259258 -0.008221664 0.999963284 0.002392605 -2.194118500 -0.001126335 -0.002401945 0.999996483 81.046890259
0.999968112 0.007791873 0.001731795 1.196524739 -0.007795916 0.999966860 0.002340188 -2.206718445 -0.001713503 -0.002353615 0.999995768 81.604339600
0.999967217 0.007624939 0.002734133 1.203390002 -0.007631687 0.999967813 0.002466294 -2.222294569 -0.002715239 -0.002487079 0.999993205 82.073440552
0.999945045 0.008361154 0.006327426 1.212358475 -0.008376706 0.999961972 0.002435468 -2.233511209 -0.006306822 -0.002488337 0.999976993 82.602699280
0.999915302 0.007966080 0.010295020 1.231437922 -0.007992395 0.999964833 0.002517646 -2.239282846 -0.010274603 -0.002599714 0.999943852 83.127983093
0.999893427 0.006848081 0.012887643 1.260095000 -0.006876157 0.999974072 0.002135488 -2.249490261 -0.012872685 -0.002223878 0.999914587 83.681915283
0.999835074 0.007074750 0.016725630 1.288931131 -0.007113454 0.999972284 0.002255786 -2.258436441 -0.016709207 -0.002374391 0.999857485 84.225807190
0.999719560 0.006749456 0.022699788 1.306266904 -0.006789687 0.999975502 0.001695724 -2.264415503 -0.022687787 -0.001849373 0.999740899 84.794380188
0.999564409 0.007113618 0.028641988 1.340759039 -0.007159237 0.999973178 0.001490538 -2.282124281 -0.028630618 -0.001694943 0.999588609 85.310813904
0.999392331 0.005841698 0.034363493 1.373041511 -0.005887353 0.999981940 0.001227565 -2.291949987 -0.034355700 -0.001429129 0.999408662 85.821060181
0.999052584 0.006938479 0.042965658 1.412944794 -0.007031471 0.999973238 0.002013560 -2.311378241 -0.042950533 -0.002313763 0.999074519 86.392219543
0.998684168 0.006144200 0.050915744 1.460500240 -0.006213374 0.999979973 0.001200396 -2.319820404 -0.050907355 -0.001515175 0.998702168 86.939987183
0.998292267 0.005549657 0.058152456 1.509321213 -0.005610625 0.999983788 0.000885201 -2.328307629 -0.058146603 -0.001209960 0.998307288 87.487846375
0.997722566 0.006077939 0.067177087 1.558372498 -0.006140479 0.999980867 0.000724528 -2.344699383 -0.067171387 -0.001135378 0.997740805 88.019905090
0.997030914 0.005492923 0.076806195 1.630364418 -0.005548831 0.999984443 0.000514513 -2.361561298 -0.076802194 -0.000939171 0.997045934 88.544387817
0.996338844 0.004619581 0.085366905 1.695413113 -0.004661438 0.999989033 0.000290989 -2.369491816 -0.085364625 -0.000687857 0.996349454 89.099548340
0.995644867 0.005086800 0.093087882 1.735268116 -0.005143614 0.999986708 0.000370414 -2.387718201 -0.093084760 -0.000847609 0.995657742 89.621948242
0.994601130 0.005813385 0.103608400 1.796157360 -0.005917612 0.999982178 0.000698609 -2.409200430 -0.103602506 -0.001307952 0.994617939 90.120384216
0.993569374 0.004571571 0.113132536 1.899293900 -0.004632277 0.999989152 0.000273725 -2.415798903 -0.113130070 -0.000796026 0.993579865 90.679519653
0.992483497 0.003806658 0.122319423 1.996154785 -0.003879317 0.999992430 0.000355863 -2.437568188 -0.122317135 -0.000827704 0.992490709 91.229278564
0.990985334 0.003814188 0.133916155 2.095758438 -0.003828305 0.999992669 -0.000152084 -2.444264412 -0.133915782 -0.000361959 0.990992665 91.795783997
0.989224911 0.003768081 0.146355227 2.206974030 -0.003846117 0.999992490 0.000250226 -2.469400167 -0.146353245 -0.000810429 0.989232004 92.330749512
0.987614453 0.003254293 0.156866074 2.313935280 -0.003294034 0.999994576 -0.000006624 -2.480142593 -0.156865254 -0.000510180 0.987619877 92.880706787
0.985902131 0.003003481 0.167295933 2.446868896 -0.002994049 0.999995470 -0.000308604 -2.496608973 -0.167296112 -0.000196639 0.985906661 93.475883484
0.983642042 0.002753548 0.180113181 2.571364403 -0.002727140 0.999996185 -0.000394242 -2.511302948 -0.180113584 -0.000103401 0.983645797 94.017974854
0.981358826 0.001854203 0.192175329 2.711975098 -0.001840646 0.999998212 -0.000249071 -2.530908585 -0.192175493 -0.000109298 0.981360555 94.560920715
0.979276419 0.002011040 0.202518255 2.844594955 -0.001958116 0.999997973 -0.000461682 -2.542485952 -0.202518776 0.000055560 0.979278386 95.124633789
0.976390481 0.002494420 0.215998605 2.984525681 -0.002521204 0.999996781 -0.000151541 -2.560306787 -0.215998277 -0.000396613 0.976393700 95.660781860
0.973442435 0.001354428 0.228927910 3.161012650 -0.001265093 0.999998987 -0.000536989 -2.575650930 -0.228928432 0.000233113 0.973443210 96.253807068
0.970783114 0.000921931 0.239957109 3.311384201 -0.000832802 0.999999523 -0.000472836 -2.588445187 -0.239957437 0.000259185 0.970783353 96.775413513
0.968153894 0.000395245 0.250355422 3.497341156 -0.000267759 0.999999821 -0.000543275 -2.608068943 -0.250355631 0.000458939 0.968153775 97.320800781
0.964629591 0.000349812 0.263608962 3.671936035 -0.000281502 0.999999940 -0.000296904 -2.623266459 -0.263608962 0.000212196 0.964629591 97.860214233
0.961052835 -0.000387765 0.276364237 3.851125717 0.000509582 0.999999821 -0.000368969 -2.642221451 -0.276364028 0.000495430 0.961052895 98.401397705
0.957763970 -0.000660703 0.287554622 4.040111542 0.000793479 0.999999642 -0.000345195 -2.659252405 -0.287554264 0.000558784 0.957764149 98.935562134
0.953405261 -0.000747753 0.301691592 4.237726212 0.000883802 0.999999583 -0.000314455 -2.673506260 -0.301691264 0.000566439 0.953405499 99.456916809
0.948934197 -0.000897276 0.315472573 4.450380325 0.001170773 0.999999106 -0.000677434 -2.687156200 -0.315471649 0.001012188 0.948934436 99.996994019
0.945029795 -0.001794295 0.326979369 4.654125214 0.002261651 0.999996901 -0.001049116 -2.700292110 -0.326976508 0.001730959 0.945030808 100.513816833
0.940515161 -0.002103356 0.339745015 4.891246796 0.002410837 0.999996901 -0.000482950 -2.720088482 -0.339742869 0.001273291 0.940517485 101.081794739
0.934999287 -0.002714891 0.354639173 5.109704971 0.003104795 0.999994934 -0.000530408 -2.733915567 -0.354635924 0.001597013 0.935003042 101.593605042
0.930373371 -0.003891128 0.366592765 5.324787140 0.004368342 0.999990284 -0.000472181 -2.746947050 -0.366587341 0.002040706 0.930381417 102.097885132
0.925952852 -0.003255243 0.377624989 5.632251740 0.003914709 0.999991834 -0.000978800 -2.771494627 -0.377618849 0.002384614 0.925957918 102.709388733
0.919608057 -0.002588460 0.392828673 5.868385315 0.003244904 0.999994218 -0.001007042 -2.780875444 -0.392823815 0.002200775 0.919611096 103.220161438
0.914601088 -0.004280022 0.404334635 6.174003601 0.005001449 0.999987245 -0.000728019 -2.802915573 -0.404326349 0.002688107 0.914610863 103.765739441
0.910048902 -0.005200295 0.414468199 6.432018280 0.006069846 0.999981344 -0.000780902 -2.814081192 -0.414456427 0.003226417 0.910063386 104.243530273
0.904149890 -0.005801958 0.427175939 6.715595245 0.006835989 0.999976218 -0.000887082 -2.842366934 -0.427160650 0.003722226 0.904168069 104.782356262
0.897585094 -0.005414640 0.440807879 6.984146118 0.006294617 0.999980032 -0.000534073 -2.853495121 -0.440796196 0.003254094 0.897601247 105.276718140
0.892280877 -0.008075474 0.451408505 7.309822083 0.009515644 0.999954283 -0.000920502 -2.879965067 -0.451380432 0.005116789 0.892316937 105.801322937
0.886565983 -0.008529481 0.462523520 7.583209991 0.010057464 0.999949038 -0.000837920 -2.893946648 -0.462492883 0.005394686 0.886606574 106.272842407
0.879119873 -0.008974298 0.476516277 7.872608185 0.010225451 0.999947667 -0.000032667 -2.917924166 -0.476491004 0.004901311 0.879165649 106.761825562
0.872191966 -0.009312653 0.489075035 8.162899017 0.010782961 0.999941826 -0.000189545 -2.929934025 -0.489044785 0.005438996 0.872241676 107.219093323
