1.000000000 0.000000000 0.000000000 0.000000000 0.000000000 1.000000000 0.000000000 0.000000000 0.000000000 0.000000000 1.000000000 0.000000000
1.000000000 -0.000022768 -0.000069936 0.000543320 0.000022775 1.000000000 0.000107180 -0.000265648 0.000069933 -0.000107182 1.000000000 -0.000170458
1.000000000 0.000163867 -0.000155413 0.001252075 -0.000163852 1.000000000 0.000097647 -0.000353396 0.000155429 -0.000097621 1.000000000 -0.001121483
1.000000000 0.000214532 -0.000013381 -0.000021685 -0.000214530 1.000000000 0.000109828 -0.000490573 0.000013405 -0.000109825 1.000000000 0.000234506
1.000000000 0.000089270 0.000061088 -0.000829386 -0.000089265 1.000000000 -0.000068341 0.000803744 -0.000061095 0.000068336 1.000000000 -0.000358127
1.000000000 0.000062390 0.000005959 -0.000695144 -0.000062390 1.000000000 0.000044780 -0.000556428 -0.000005956 -0.000044781 1.000000000 -0.000835342
1.000000000 0.000061035 -0.000002434 0.000604427 -0.000061035 1.000000000 0.000092770 -0.000687447 0.000002440 -0.000092770 1.000000000 -0.000927426
1.000000000 0.000180487 0.000086478 -0.000189538 -0.000180498 1.000000000 0.000125011 -0.000321280 -0.000086455 -0.000125027 1.000000000 0.000588233
1.000000000 -0.000028920 0.000145816 -0.000245600 0.000028917 1.000000000 0.000020800 -0.000158610 -0.000145816 -0.000020796 1.000000000 -0.001146929
1.000000000 -0.000037093 0.000016219 0.000659914 0.000037091 1.000000000 0.000095885 0.000161646 -0.000016222 -0.000095884 1.000000000 0.000094787
1.000000000 0.000160058 -0.000007449 0.000243366 -0.000160058 1.000000000 0.000016325 0.000040170 0.000007451 -0.000016324 1.000000000 -0.000933134
1.000000000 0.000212053 0.000020999 0.000176428 -0.000212051 1.000000000 -0.000068375 0.001609977 -0.000021013 0.000068371 1.000000000 0.001485922
1.000000000 -0.000116705 -0.000045259 0.000527678 0.000116708 1.000000000 0.000070535 0.000196641 0.000045251 -0.000070540 1.000000000 0.000695570
1.000000000 0.000052270 -0.000007941 0.000544776 -0.000052270 1.000000000 0.000049971 -0.000220016 0.000007944 -0.000049971 1.000000000 -0.001177523
1.000000000 0.000004894 -0.000007111 0.000446353 -0.000004893 1.000000000 0.000075938 0.000216258 0.000007111 -0.000075938 1.000000000 0.000419793
1.000000000 -0.000107467 -0.000105831 0.000798860 0.000107484 1.000000000 0.000157552 -0.000946730 0.000105814 -0.000157563 1.000000000 -0.000583752
1.000000000 0.000156093 0.000170910 -0.001133160 -0.000156113 1.000000000 0.000114891 -0.000416016 -0.000170892 -0.000114917 1.000000000 -0.000432726
1.000000000 0.000140315 -0.000015085 -0.000065100 -0.000140314 1.000000000 0.000049203 -0.000092106 0.000015092 -0.000049201 1.000000000 -0.000803271
1.000000000 -0.000015160 0.000107472 -0.000138949 0.000015151 1.000000000 0.000077743 -0.000350946 -0.000107473 -0.000077741 1.000000000 0.000102585
1.000000000 -0.000015163 -0.000007152 0.000681903 0.000015163 1.000000000 0.000029620 -0.000145294 0.000007151 -0.000029620 1.000000000 -0.000785357
0.999999940 0.000268447 0.000067168 -0.000482983 -0.000268448 0.999999940 0.000024877 -0.000411048 -0.000067161 -0.000024895 1.000000000 -0.000980250
0.999999940 0.000283132 -0.000018270 0.000120793 -0.000283131 0.999999940 0.000099717 -0.000159464 0.000018299 -0.000099712 1.000000000 -0.000490416
1.000000000 0.000025376 0.000097189 0.000522317 -0.000025385 1.000000000 0.000085035 -0.000481694 -0.000097186 -0.000085038 1.000000000 0.000437922
0.999999940 0.000343195 0.000056159 0.000210273 -0.000343203 0.999999940 0.000142540 0.000015006 -0.000056110 -0.000142559 1.000000000 0.000821990
1.000000000 0.000184861 -0.000004223 0.000465231 -0.000184862 1.000000000 -0.000089573 0.001061344 0.000004206 0.000089574 1.000000000 -0.000661260
1.000000000 0.000184820 -0.000036992 0.000766180 -0.000184827 0.999999940 -0.000190144 0.001744987 0.000036957 0.000190151 1.000000000 -0.001568594
1.000000000 0.000117020 -0.000055530 0.000497325 -0.000117020 1.000000000 0.000008960 0.000155615 0.000055532 -0.000008954 1.000000000 -0.001134192
1.000000000 0.000184728 0.000031234 0.000234116 -0.000184735 0.999999940 0.000234634 -0.000254911 -0.000031191 -0.000234639 1.000000000 0.001478602
1.000000000 -0.000053197 -0.000049043 0.000438645 0.000053208 1.000000000 0.000230386 -0.000673439 0.000049031 -0.000230388 1.000000000 0.000656182
1.000000000 -0.000081109 -0.000040679 0.000970839 0.000081114 1.000000000 0.000117005 0.000309790 0.000040670 -0.000117008 1.000000000 0.001692199
1.000000000 0.000082953 0.000041421 -0.000156866 -0.000082961 1.000000000 0.000187972 -0.000770537 -0.000041405 -0.000187976 1.000000000 -0.000070185
1.000000000 -0.000096386 -0.000033726 0.000651980 0.000096385 1.000000000 -0.000038944 0.000728219 0.000033730 0.000038940 1.000000000 -0.000541038
1.000000000 -0.000118678 -0.000020094 0.000475775 0.000118677 1.000000000 -0.000052308 0.000276759 0.000020100 0.000052305 1.000000000 -0.000127853
1.000000000 -0.000048737 0.000004873 0.000381123 0.000048737 1.000000000 0.000050727 -0.000105576 -0.000004876 -0.000050727 1.000000000 -0.000340544
1.000000000 0.000141226 0.000065424 -0.000485295 -0.000141228 1.000000000 0.000034381 -0.000243012 -0.000065419 -0.000034390 1.000000000 -0.000799106
1.000000000 0.000140105 -0.000013307 -0.000260849 -0.000140105 1.000000000 0.000047334 0.000365151 0.000013314 -0.000047333 1.000000000 0.001621152
1.000000000 -0.000156168 -0.000051775 0.001032601 0.000156171 1.000000000 0.000065101 -0.000018084 0.000051765 -0.000065109 1.000000000 0.000423754
1.000000000 0.000119012 0.000025883 -0.000249737 -0.000119017 1.000000000 0.000167414 -0.000320691 -0.000025863 -0.000167417 1.000000000 0.000100131
1.000000000 -0.000124366 0.000019505 0.001031098 0.000124365 1.000000000 0.000065441 0.000296741 -0.000019513 -0.000065439 1.000000000 -0.000734334
1.000000000 -0.000078612 0.000145282 -0.000151862 0.000078615 1.000000000 -0.000021070 0.000618664 -0.000145280 0.000021082 1.000000000 0.002081582
0.999986589 0.005065429 0.001088792 -0.008724727 -0.005064309 0.999986649 -0.001029792 -0.007763781 -0.001093994 0.001024265 0.999998808 0.016709154
0.999985695 0.005279649 0.000891427 -0.007098002 -0.005278146 0.999984682 -0.001679625 -0.009708284 -0.000900282 0.001674896 0.999998093 0.102700613
0.999985218 0.005397784 0.000764486 -0.004629893 -0.005396327 0.999983668 -0.001894953 -0.013286439 -0.000774701 0.001890799 0.999997914 0.219914541
0.999979854 0.006193344 0.001373811 -0.010986293 -0.006190454 0.999978662 -0.002098544 -0.011447603 -0.001386778 0.002089998 0.999996841 0.360420883
0.999977231 0.006590292 0.001422400 -0.009564000 -0.006587086 0.999975801 -0.002246623 -0.016330106 -0.001437171 0.002237202 0.999996483 0.499285430
0.999976039 0.006758512 0.001480182 -0.005481020 -0.006755020 0.999974430 -0.002351083 -0.017542385 -0.001496034 0.002341029 0.999996126 0.654844284
0.999985099 0.005265274 0.001398724 0.000345335 -0.005264141 0.999985814 -0.000812116 -0.034546409 -0.001402980 0.000804741 0.999998629 0.809401155
0.999985576 0.005242870 0.001193886 0.005303116 -0.005241804 0.999985874 -0.000894309 -0.037481297 -0.001198558 0.000888038 0.999998868 0.981156349
0.999982655 0.005728898 0.001362263 0.008976696 -0.005727777 0.999983370 -0.000824890 -0.050259724 -0.001366965 0.000817073 0.999998748 1.142253280
0.999983251 0.005598285 0.001514762 0.013436435 -0.005597168 0.999984026 -0.000741179 -0.054137208 -0.001518888 0.000732688 0.999998569 1.332745075
0.999985576 0.005168302 0.001453406 0.009966311 -0.005166935 0.999986231 -0.000942755 -0.052079268 -0.001458258 0.000935232 0.999998510 1.536718369
0.999986768 0.004946098 0.001374615 0.016460676 -0.004944865 0.999987423 -0.000899263 -0.053003710 -0.001379046 0.000892454 0.999998689 1.741137981
0.999977648 0.006580279 0.001108610 0.033269230 -0.006578629 0.999977231 -0.001484805 -0.047504734 -0.001118355 0.001477479 0.999998271 1.949073553
0.999973238 0.006983441 0.002192689 0.013008030 -0.006980443 0.999974668 -0.001371868 -0.059131674 -0.002202213 0.001356526 0.999996662 2.139445782
0.999972820 0.007036813 0.002216449 0.018034019 -0.007034219 0.999974608 -0.001175834 -0.065679640 -0.002224667 0.001160211 0.999996841 2.355115175
0.999981463 0.005886091 0.001552970 0.039287165 -0.005884880 0.999982357 -0.000783254 -0.069828115 -0.001557554 0.000774100 0.999998450 2.571171045
0.999979496 0.006248285 0.001418080 0.044376012 -0.006247468 0.999980330 -0.000580432 -0.077369586 -0.001421679 0.000571561 0.999998868 2.800920963
0.999976218 0.006619525 0.001926399 0.038397379 -0.006618917 0.999978065 -0.000321667 -0.092173822 -0.001928486 0.000308908 0.999998093 3.030965090
0.999984682 0.005317864 0.001593837 0.044392534 -0.005317103 0.999985754 -0.000481389 -0.099065892 -0.001596375 0.000472907 0.999998629 3.275967360
0.999979198 0.006126296 0.002066963 0.049748648 -0.006124651 0.999980927 -0.000801683 -0.102786295 -0.002071835 0.000789007 0.999997556 3.523757935
0.999983132 0.005469066 0.001940914 0.055716012 -0.005467182 0.999984622 -0.000974340 -0.107218564 -0.001946213 0.000963712 0.999997675 3.782470703
0.999987662 0.004687642 0.001620409 0.062548898 -0.004689706 0.999988198 0.001273011 -0.155719981 -0.001614423 -0.001280595 0.999997854 4.025629044
0.999969661 0.007600903 0.001711210 0.065096624 -0.007600834 0.999971092 -0.000046757 -0.121879771 -0.001711516 0.000033749 0.999998510 4.291438580
0.999968410 0.007720598 0.001934053 0.070975803 -0.007719740 0.999970138 -0.000450811 -0.125178516 -0.001937476 0.000435866 0.999998033 4.550233841
0.999977112 0.006430924 0.002112370 0.076991960 -0.006428638 0.999978721 -0.001087053 -0.125633478 -0.002119316 0.001073448 0.999997199 4.804803848
0.999977708 0.006404492 0.001919950 0.087616988 -0.006402933 0.999979198 -0.000817185 -0.134233400 -0.001925144 0.000804873 0.999997914 5.061854362
0.999979973 0.006083657 0.001721492 0.089026034 -0.006083174 0.999981463 -0.000285326 -0.155168831 -0.001723196 0.000274849 0.999998391 5.326239586
0.999974608 0.006825405 0.002102404 0.093057983 -0.006824731 0.999976635 -0.000327977 -0.161528528 -0.002104593 0.000313621 0.999997735 5.589380264
0.999978244 0.006402462 0.001602986 0.101815656 -0.006402960 0.999979377 0.000305505 -0.173794970 -0.001600997 -0.000315762 0.999998689 5.857276440
0.999975443 0.006760785 0.001854126 0.108434893 -0.006761771 0.999976993 0.000525444 -0.191967338 -0.001850531 -0.000537969 0.999998093 6.135461807
0.999974012 0.006914052 0.002087857 0.112403110 -0.006915295 0.999975920 0.000588384 -0.199619055 -0.002083739 -0.000602807 0.999997616 6.415063381
0.999969125 0.007620455 0.001904454 0.117518678 -0.007619838 0.999970853 -0.000331193 -0.192750037 -0.001906923 0.000316671 0.999998152 6.711780071
0.999966383 0.007864475 0.002328956 0.120161027 -0.007864479 0.999969125 -0.000007386 -0.203178763 -0.002328942 -0.000010930 0.999997258 7.008104324
0.999974370 0.006788651 0.002318595 0.122776903 -0.006787848 0.999976873 -0.000354366 -0.210096464 -0.002320948 0.000338619 0.999997258 7.312179565
0.999965906 0.007825573 0.002640245 0.128733844 -0.007825297 0.999969363 -0.000114635 -0.219698772 -0.002641062 0.000093971 0.999996483 7.620588303
0.999967575 0.007303032 0.003424465 0.132878512 -0.007301559 0.999973238 -0.000442611 -0.234468341 -0.003427606 0.000417593 0.999994040 7.925308704
0.999975741 0.006521078 0.002458304 0.149479568 -0.006522504 0.999978542 0.000572301 -0.250144213 -0.002454520 -0.000588321 0.999996841 8.252957344
0.999969780 0.007156966 0.003023548 0.155441940 -0.007158394 0.999974191 0.000461908 -0.260977566 -0.003020164 -0.000483538 0.999995351 8.580723763
0.999970436 0.006938945 0.003319666 0.164369285 -0.006940417 0.999975801 0.000432168 -0.268412173 -0.003316587 -0.000455195 0.999994397 8.920764923
0.999976516 0.006072212 0.003174989 0.164971873 -0.006074146 0.999981284 0.000599781 -0.279347807 -0.003171287 -0.000619052 0.999994755 9.255528450
0.999964774 0.007426186 0.003915645 0.169020712 -0.007426310 0.999972343 0.000016798 -0.283406347 -0.003915412 -0.000045876 0.999992311 9.600129128
0.999974132 0.006376631 0.003321218 0.182407379 -0.006376524 0.999979675 -0.000042776 -0.293445677 -0.003321423 0.000021597 0.999994457 9.953764915
0.999973714 0.006447271 0.003304525 0.192719519 -0.006449644 0.999978960 0.000707818 -0.311392933 -0.003299892 -0.000729112 0.999994278 10.309144020
0.999969423 0.006750861 0.003933658 0.193821624 -0.006756136 0.999976277 0.001329204 -0.331564009 -0.003924591 -0.001355740 0.999991357 10.644598007
0.999964237 0.007442842 0.004000617 0.201783821 -0.007447025 0.999971688 0.001031885 -0.334048450 -0.003992823 -0.001061641 0.999991477 11.027343750
0.999970973 0.006833903 0.003356246 0.216405675 -0.006836482 0.999976337 0.000757787 -0.345605195 -0.003350988 -0.000780710 0.999994099 11.406208992
0.999972224 0.006444218 0.003741450 0.224979207 -0.006447026 0.999978900 0.000738915 -0.355126202 -0.003736610 -0.000763015 0.999992728 11.769064903
0.999974489 0.006044612 0.003809697 0.227095455 -0.006050732 0.999980390 0.001597100 -0.373514950 -0.003799968 -0.001620111 0.999991477 12.175301552
0.999977350 0.005764164 0.003471362 0.243370667 -0.005768366 0.999982595 0.001201472 -0.380499184 -0.003464376 -0.001221469 0.999993205 12.570899963
0.999971867 0.006071017 0.004408403 0.234752119 -0.006077659 0.999980390 0.001494953 -0.394685030 -0.004399240 -0.001521704 0.999989152 12.973079681
0.999973118 0.006107789 0.004057229 0.249342874 -0.006111237 0.999980986 0.000837821 -0.401143461 -0.004052035 -0.000862593 0.999991417 13.385741234
0.999973416 0.006119971 0.003964570 0.252765059 -0.006123811 0.999980807 0.000957298 -0.415558249 -0.003958635 -0.000981551 0.999991655 13.813285828
0.999975979 0.006001602 0.003503127 0.270979166 -0.006004433 0.999981582 0.000797805 -0.417184740 -0.003498275 -0.000818820 0.999993563 14.266955376
0.999981999 0.004795038 0.003609604 0.284357011 -0.004801617 0.999986827 0.001816347 -0.445331186 -0.003600847 -0.001833647 0.999991834 14.683256149
0.999975204 0.005472455 0.004457212 0.288483471 -0.005482377 0.999982536 0.002216978 -0.462251633 -0.004445002 -0.002241359 0.999987602 15.107672691
0.999978781 0.004865956 0.004327240 0.299479693 -0.004877273 0.999984682 0.002608495 -0.475922376 -0.004314481 -0.002629544 0.999987245 15.554266930
0.999974549 0.005147852 0.004930425 0.308059633 -0.005156675 0.999985099 0.001778701 -0.484423399 -0.004921195 -0.001804081 0.999986231 15.997767448
0.999974430 0.005154414 0.004941851 0.320050716 -0.005166549 0.999983668 0.002446048 -0.499224514 -0.004929162 -0.002471518 0.999984801 16.445764542
0.999976397 0.004722470 0.004992843 0.330649048 -0.004732659 0.999986768 0.002030784 -0.505831420 -0.004983185 -0.002054366 0.999985456 16.904750824
0.999975562 0.004541445 0.005313988 0.347738773 -0.004551955 0.999987721 0.001967473 -0.516373038 -0.005304987 -0.001991614 0.999983907 17.354791641
0.999970078 0.005109994 0.005804694 0.350374520 -0.005124158 0.999983847 0.002427886 -0.534898996 -0.005792193 -0.002457557 0.999980211 17.822940826
0.999969900 0.005103970 0.005842159 0.365300447 -0.005117028 0.999984324 0.002222373 -0.550732672 -0.005830724 -0.002252200 0.999980509 18.287765503
0.999965906 0.005464431 0.006188130 0.375752926 -0.005476334 0.999983191 0.001908292 -0.556345940 -0.006177598 -0.001942115 0.999978960 18.774372101
0.999967635 0.005344658 0.006009004 0.388608456 -0.005358618 0.999983013 0.002309527 -0.576937854 -0.005996558 -0.002341652 0.999979258 19.241931915
0.999972939 0.004767670 0.005595155 0.406414926 -0.004779550 0.999986291 0.002111785 -0.583570242 -0.005585011 -0.002138470 0.999982059 19.756629944
0.999970734 0.004879109 0.005891174 0.412440866 -0.004895206 0.999984324 0.002721044 -0.601637900 -0.005877806 -0.002749803 0.999978900 20.245840073
0.999970078 0.004794694 0.006073427 0.419055104 -0.004813615 0.999983609 0.003104639 -0.619274676 -0.006058441 -0.003133781 0.999976754 20.746316910
0.999974072 0.004870187 0.005292647 0.446275502 -0.004885403 0.999983966 0.002866023 -0.632169425 -0.005278603 -0.002891805 0.999981821 21.242858887
0.999978244 0.004245617 0.005052474 0.443137676 -0.004259481 0.999987185 0.002736358 -0.635643184 -0.005040792 -0.002757820 0.999983490 21.760774612
0.999979913 0.004625957 0.004334349 0.462030292 -0.004640210 0.999983847 0.003283982 -0.662138104 -0.004319087 -0.003304028 0.999985218 22.275791168
0.999986410 0.003805890 0.003559312 0.477080494 -0.003818402 0.999986529 0.003515122 -0.674350142 -0.003545886 -0.003528666 0.999987483 22.795963287
0.999986947 0.004157634 0.002978137 0.491690159 -0.004169066 0.999984026 0.003842661 -0.697095275 -0.002962113 -0.003855028 0.999988198 23.315113068
0.999988019 0.004277976 0.002378206 0.504226506 -0.004287470 0.999982774 0.004001401 -0.709248185 -0.002361047 -0.004011550 0.999989152 23.847290039
0.999993384 0.003246598 0.001628939 0.512485743 -0.003251438 0.999990284 0.002976936 -0.722669601 -0.001619258 -0.002982213 0.999994218 24.379528046
0.999990940 0.004124015 0.001034569 0.523232222 -0.004127671 0.999985158 0.003557018 -0.731057823 -0.001019885 -0.003561256 0.999993086 24.933820724
0.999989927 0.004424629 0.000767476 0.527091622 -0.004427591 0.999982595 0.003900770 -0.747913897 -0.000750203 -0.003904129 0.999992073 25.475683212
0.999992967 0.003727841 0.000040762 0.535677016 -0.003727971 0.999985456 0.003903871 -0.760059476 -0.000026208 -0.003903996 0.999992311 26.031850815
0.999990940 0.004252872 -0.000100634 0.542794108 -0.004252479 0.999984384 0.003626959 -0.772478700 0.000116057 -0.003626498 0.999993324 26.577318192
0.999991596 0.003982349 -0.000992059 0.559698224 -0.003978227 0.999983728 0.004121948 -0.786740005 0.001008458 -0.004117968 0.999991000 27.147014618
0.999993324 0.003105550 -0.001963594 0.583137274 -0.003097222 0.999986410 0.004230309 -0.809210777 0.001976705 -0.004224199 0.999989092 27.695968628
0.999989390 0.004374126 -0.001434456 0.562154472 -0.004367611 0.999980211 0.004513948 -0.832953274 0.001454172 -0.004507634 0.999988794 28.248910904
0.999988377 0.004322460 -0.002121136 0.575337470 -0.004312116 0.999978900 0.004857153 -0.847136021 0.002142086 -0.004847950 0.999985933 28.788679123
0.999987006 0.004614633 -0.002176353 0.588786125 -0.004604152 0.999977827 0.004796716 -0.854092062 0.002198440 -0.004786633 0.999986112 29.342597961
0.999986649 0.004130716 -0.003095985 0.600682080 -0.004116237 0.999980628 0.004668397 -0.864603043 0.003115208 -0.004655591 0.999984324 29.893579483
0.999984503 0.004472132 -0.003324216 0.613854408 -0.004455798 0.999978065 0.004904816 -0.876582801 0.003346078 -0.004889928 0.999982417 30.461101532
0.999986589 0.004439014 -0.002669501 0.615958810 -0.004425788 0.999978006 0.004940502 -0.892010927 0.002691373 -0.004928621 0.999984205 31.008291245
0.999982953 0.004269140 -0.003985864 0.636139452 -0.004250689 0.999980271 0.004626004 -0.899626493 0.004005535 -0.004608982 0.999981284 31.558422089
0.999981642 0.004206655 -0.004357753 0.640916824 -0.004184552 0.999978483 0.005068583 -0.915387213 0.004378981 -0.005050255 0.999977648 32.098892212
0.999982893 0.003169198 -0.004911022 0.659161031 -0.003147159 0.999984980 0.004488784 -0.932214499 0.004925174 -0.004473251 0.999977887 32.661964417
0.999980271 0.003178895 -0.005414467 0.667826831 -0.003151034 0.999981821 0.005146447 -0.946649492 0.005430729 -0.005129284 0.999972105 33.216430664
0.999979615 0.003056870 -0.005591270 0.674637735 -0.003031932 0.999985456 0.004463091 -0.956891656 0.005604833 -0.004446049 0.999974430 33.785552979
0.999975324 0.003913253 -0.005832927 0.683329165 -0.003886650 0.999981940 0.004565389 -0.968951464 0.005850688 -0.004542605 0.999972582 34.347713470
0.999973536 0.003920125 -0.006121236 0.689643085 -0.003893710 0.999983072 0.004321135 -0.978684068 0.006138073 -0.004297187 0.999971926 34.858982086
0.999977469 0.003031758 -0.005985182 0.692538738 -0.003003659 0.999984443 0.004698197 -0.998027503 0.005999330 -0.004680114 0.999971032 35.405647278
0.999976039 0.002751355 -0.006341800 0.710376978 -0.002721237 0.999984980 0.004752952 -1.013917923 0.006354784 -0.004735581 0.999968588 35.946121216
0.999974132 0.003051289 -0.006515791 0.717309833 -0.003018106 0.999982476 0.005096472 -1.031107068 0.006531228 -0.005076675 0.999965787 36.506725311
0.999974310 0.002203251 -0.006817302 0.726854324 -0.002170115 0.999985814 0.004864205 -1.039566755 0.006827922 -0.004849285 0.999964952 37.043521881
0.999974370 0.002394816 -0.006737111 0.726476669 -0.002362034 0.999985337 0.004869636 -1.055565000 0.006748674 -0.004853599 0.999965370 37.570461273
0.999967039 0.003084872 -0.007511386 0.735487401 -0.003048328 0.999983430 0.004871874 -1.067038298 0.007526291 -0.004848816 0.999959946 38.122852325
0.999969542 0.003168218 -0.007136375 0.742390156 -0.003135517 0.999984503 0.004588850 -1.077477336 0.007150803 -0.004566333 0.999963999 38.661613464
0.999965608 0.001976800 -0.008052037 0.757345319 -0.001935454 0.999984860 0.005139439 -1.098239779 0.008062076 -0.005123678 0.999954343 39.201660156
0.999965370 0.002246174 -0.008013547 0.765269578 -0.002198509 0.999979854 0.005951986 -1.117242694 0.008026755 -0.005934162 0.999950171 39.752040863
0.999966621 0.003397397 -0.007425633 0.769509196 -0.003351919 0.999975622 0.006128378 -1.138185382 0.007446273 -0.006103284 0.999953568 40.277420044
0.999969065 0.003320049 -0.007126160 0.774543285 -0.003276410 0.999975860 0.006126843 -1.153659821 0.007146330 -0.006103305 0.999955773 40.819004059
0.999961197 0.003849452 -0.007925824 0.792977095 -0.003809476 0.999979973 0.005052781 -1.139503241 0.007945117 -0.005022391 0.999955833 41.391433716
0.999961138 0.002865810 -0.008339097 0.801036060 -0.002819889 0.999980807 0.005513296 -1.162734151 0.008354737 -0.005489567 0.999950051 41.912345886
0.999963760 0.003256274 -0.007856217 0.800462723 -0.003214837 0.999980867 0.005281252 -1.165499926 0.007873263 -0.005255804 0.999955177 42.467426300
0.999963045 0.003429369 -0.007895945 0.808524668 -0.003387759 0.999980330 0.005277260 -1.184093237 0.007913890 -0.005250316 0.999954879 43.018123627
0.999957442 0.003266552 -0.008619431 0.824717402 -0.003215519 0.999977231 0.005927776 -1.194147706 0.008638597 -0.005899808 0.999945283 43.570453644
0.999958098 0.003110762 -0.008608822 0.830423951 -0.003066042 0.999981761 0.005203001 -1.204122782 0.008624850 -0.005176387 0.999949396 44.120071411
0.999958992 0.002753749 -0.008624939 0.835842013 -0.002711355 0.999984205 0.004923102 -1.211231709 0.008638361 -0.004899516 0.999950647 44.655891418
0.999959230 0.003191238 -0.008439321 0.837138772 -0.003146240 0.999980807 0.005339906 -1.227404475 0.008456201 -0.005313136 0.999950111 45.201229095
0.999957561 0.002700712 -0.008819834 0.847856700 -0.002656905 0.999984086 0.004974851 -1.235505342 0.008833133 -0.004951207 0.999948740 45.741020203
0.999962151 0.003304866 -0.008066513 0.846854210 -0.003262513 0.999980807 0.005258034 -1.252659798 0.008083736 -0.005231517 0.999953568 46.289569855
0.999961972 0.002641374 -0.008305901 0.865334034 -0.002598731 0.999983430 0.005140633 -1.265036941 0.008319341 -0.005118852 0.999952316 46.824592590
0.999958873 0.003671174 -0.008292723 0.868005037 -0.003627757 0.999979794 0.005244446 -1.268533468 0.008311808 -0.005214147 0.999951839 47.361278534
0.999956667 0.003478534 -0.008626137 0.877864122 -0.003440314 0.999984205 0.004441507 -1.269591689 0.008641450 -0.004411638 0.999952912 47.908756256
0.999963939 0.003679913 -0.007655543 0.873232961 -0.003649726 0.999985516 0.003953430 -1.278506041 0.007669981 -0.003925348 0.999962866 48.453689575
0.999963582 0.003636670 -0.007717047 0.878473878 -0.003601794 0.999983191 0.004528452 -1.295670748 0.007733386 -0.004500492 0.999959946 48.997272491
0.999970078 0.003480720 -0.006905747 0.878563702 -0.003455930 0.999987543 0.003598430 -1.298104286 0.006918185 -0.003574456 0.999969661 49.525791168
0.999966264 0.003593372 -0.007385796 0.891519785 -0.003564195 0.999985814 0.003959862 -1.312920451 0.007399920 -0.003933404 0.999964893 50.077877045
0.999970555 0.004321881 -0.006343219 0.886593223 -0.004295306 0.999981880 0.004197298 -1.324385643 0.006361247 -0.004169928 0.999971092 50.611621857
0.999971449 0.003273611 -0.006811573 0.896222711 -0.003244356 0.999985456 0.004301453 -1.343524098 0.006825555 -0.004279232 0.999967575 51.147949219
0.999973178 0.003292205 -0.006544588 0.905543685 -0.003266804 0.999987066 0.003887978 -1.354829550 0.006557303 -0.003866494 0.999971032 51.699802399
0.999970436 0.004206292 -0.006437022 0.908267677 -0.004178741 0.999982059 0.004287547 -1.370039701 0.006454941 -0.004260521 0.999970078 52.235836029
0.999974132 0.003605026 -0.006228742 0.898820519 -0.003587789 0.999989688 0.002776237 -1.368174553 0.006238686 -0.002753817 0.999976754 52.763660431
0.999974847 0.004341055 -0.005612287 0.903577447 -0.004325085 0.999986529 0.002854710 -1.385261774 0.005624604 -0.002830364 0.999980152 53.321933746
0.999978960 0.004866965 -0.004284378 0.892335176 -0.004849999 0.999980330 0.003961606 -1.417133689 0.004303574 -0.003940743 0.999982953 53.870368958
0.999973953 0.005673688 -0.004460602 0.898438692 -0.005652303 0.999972522 0.004792389 -1.433286905 0.004487669 -0.004767052 0.999978542 54.384590149
0.999975801 0.004740992 -0.005112001 0.914577901 -0.004710827 0.999971509 0.005897010 -1.458424330 0.005139813 -0.005872785 0.999969542 54.908008575
0.999971211 0.007116953 -0.002633309 0.882199883 -0.007108986 0.999970138 0.003022671 -1.423841596 0.002654742 -0.003003864 0.999991894 55.463069916
0.999961913 0.007103967 -0.005075935 0.930152357 -0.007076478 0.999960244 0.005413380 -1.481499434 0.005114190 -0.005377254 0.999972463 55.958614349
0.999976516 0.004431837 -0.005227902 0.930796981 -0.004415502 0.999985337 0.003132089 -1.443698287 0.005241705 -0.003108931 0.999981403 56.503810883
0.999974012 0.005344237 -0.004843281 0.934874296 -0.005322568 0.999975801 0.004475821 -1.524576068 0.004867084 -0.004449926 0.999978244 57.054409027
0.999983251 0.003886901 -0.004293314 0.940601230 -0.003863840 0.999978125 0.005366795 -1.541844964 0.004314080 -0.005350117 0.999976397 57.621150970
0.999983191 0.004547181 -0.003590779 0.933192015 -0.004519009 0.999959230 0.007815112 -1.580838442 0.003626169 -0.007798755 0.999962986 58.134712219
0.999977708 0.002838936 -0.006042408 0.972330570 -0.002810167 0.999984682 0.004764329 -1.549756289 0.006055842 -0.004747243 0.999970376 58.743995667
0.999979913 0.004729154 -0.004215436 0.971647382 -0.004711576 0.999980211 0.004169892 -1.560137391 0.004235073 -0.004149947 0.999982417 59.281803131
0.999981463 0.004517966 -0.004078125 0.968304217 -0.004503601 0.999983668 0.003524770 -1.548870206 0.004093983 -0.003506338 0.999985397 59.811092377
0.999980927 0.004617134 -0.004102467 0.976199687 -0.004597733 0.999978244 0.004725856 -1.581759214 0.004124198 -0.004706903 0.999980390 60.330211639
0.999983907 0.004101996 -0.003913108 0.975680411 -0.004087613 0.999984860 0.003676382 -1.566970706 0.003928130 -0.003660328 0.999985576 60.908771515
0.999975264 0.005613622 -0.004235026 0.999492526 -0.005595016 0.999974728 0.004392423 -1.596247673 0.004259577 -0.004368620 0.999981344 61.429729462
0.999980807 0.005047794 -0.003582814 0.990103424 -0.005038509 0.999983966 0.002595509 -1.594637632 0.003595859 -0.002577408 0.999990225 61.968547821
0.999976754 0.005466246 -0.004077855 1.013589382 -0.005455811 0.999981821 0.002565761 -1.604417443 0.004091807 -0.002543453 0.999988317 62.536514282
0.999975502 0.006630390 -0.002306615 0.995311737 -0.006623736 0.999973893 0.002880814 -1.626270056 0.002325656 -0.002865465 0.999993145 63.062755585
0.999974549 0.006019461 -0.003827828 1.001791120 -0.005999735 0.999968767 0.005144126 -1.664417505 0.003858672 -0.005121029 0.999979377 63.627819061
0.999978125 0.005845163 -0.003097835 1.010643959 -0.005831064 0.999972820 0.004540565 -1.666238904 0.003124291 -0.004522402 0.999984920 64.170387268
0.999983072 0.004955522 -0.003048226 1.018861294 -0.004944598 0.999981344 0.003581014 -1.668299198 0.003065914 -0.003565881 0.999988914 64.719329834
0.999976516 0.005561334 -0.004002034 1.041289568 -0.005542794 0.999973953 0.004628902 -1.701846004 0.004027674 -0.004606612 0.999981225 65.237625122
0.999978721 0.005702711 -0.003164832 1.046689153 -0.005690503 0.999976397 0.003853115 -1.710410237 0.003186730 -0.003835023 0.999987543 65.790405273
0.999983907 0.004874150 -0.002900164 1.052237034 -0.004861997 0.999979436 0.004183131 -1.716394424 0.002920493 -0.004168963 0.999987066 66.351905823
0.999979496 0.005842561 -0.002632251 1.061362267 -0.005830348 0.999972284 0.004623655 -1.735790610 0.002659192 -0.004608213 0.999985874 66.885551453
0.999979973 0.005724544 -0.002707231 1.070346475 -0.005709831 0.999969065 0.005411381 -1.762639403 0.002738124 -0.005395815 0.999981701 67.390228271
0.999979138 0.005904540 -0.002626824 1.072561622 -0.005890540 0.999968588 0.005305944 -1.776424885 0.002658071 -0.005290360 0.999982476 67.937370300
0.999981403 0.005763553 -0.001980904 1.078396797 -0.005754158 0.999972343 0.004716101 -1.786301017 0.002008030 -0.004704615 0.999986947 68.491157532
0.999975860 0.006655108 -0.001982308 1.082237601 -0.006644866 0.999964774 0.005129381 -1.800022125 0.002016375 -0.005116085 0.999984860 69.039924622
0.999980986 0.005682096 -0.002385985 1.098313451 -0.005669469 0.999970078 0.005266220 -1.816071749 0.002415837 -0.005252593 0.999983311 69.590217590
0.999976814 0.006540332 -0.001851035 1.107583880 -0.006529303 0.999961257 0.005902690 -1.836001277 0.001889569 -0.005890469 0.999980807 70.133178711
0.999980032 0.006062462 -0.001788292 1.102142692 -0.006053455 0.999969184 0.004999841 -1.831432939 0.001818548 -0.004988916 0.999985874 70.677947998
0.999979734 0.005986304 -0.002162843 1.118495822 -0.005976623 0.999972224 0.004455121 -1.847438216 0.002189453 -0.004442105 0.999987662 71.203590393
0.999980807 0.006015268 -0.001449325 1.120329499 -0.006007610 0.999968290 0.005231882 -1.870279074 0.001480751 -0.005223075 0.999985278 71.757125854
0.999973774 0.007020386 -0.001781916 1.133166313 -0.007011259 0.999962509 0.005076932 -1.875978827 0.001817491 -0.005064305 0.999985516 72.288734436
0.999977052 0.006480747 -0.001966340 1.141357422 -0.006469686 0.999963522 0.005580719 -1.897238851 0.002002435 -0.005567869 0.999982476 72.807617188
0.999973714 0.007036460 -0.001754880 1.149604917 -0.007026825 0.999960542 0.005437934 -1.905229568 0.001793074 -0.005425459 0.999983668 73.354309082
0.999979556 0.006100897 -0.001882653 1.159265876 -0.006090372 0.999966085 0.005546111 -1.913691521 0.001916426 -0.005534532 0.999982774 73.893096924
0.999976039 0.006694319 -0.001778867 1.166859746 -0.006684720 0.999963343 0.005349041 -1.927942753 0.001814610 -0.005337021 0.999984086 74.420722961
0.999981105 0.005595872 -0.002548203 1.192598224 -0.005582085 0.999969900 0.005386033 -1.941748619 0.002578266 -0.005371707 0.999982178 74.953056335
0.999979794 0.005771687 -0.002662982 1.200718522 -0.005760355 0.999974370 0.004243966 -1.944686055 0.002687409 -0.004228540 0.999987423 75.497741699
0.999980211 0.005684043 -0.002696708 1.214628935 -0.005671924 0.999973893 0.004480929 -1.953461289 0.002722108 -0.004465545 0.999986291 76.035820007
0.999974906 0.006443928 -0.002945259 1.216380715 -0.006428001 0.999964833 0.005385047 -1.971440554 0.002979857 -0.005365980 0.999981165 76.569923401
0.999979794 0.005792595 -0.002672210 1.227107644 -0.005780172 0.999972582 0.004633498 -1.980108738 0.002698976 -0.004617958 0.999985695 77.094642639
0.999979734 0.005769990 -0.002687056 1.240504146 -0.005754602 0.999967217 0.005700349 -2.008448124 0.002719859 -0.005684771 0.999980152 77.615875244
0.999983013 0.004996103 -0.002997488 1.248706222 -0.004982472 0.999977231 0.004537825 -2.008438587 0.003020091 -0.004522813 0.999985218 78.172554016
0.999984860 0.004915292 -0.002462448 1.256192446 -0.004903442 0.999976397 0.004795050 -2.026175976 0.002485959 -0.004782903 0.999985456 78.729095459
0.999981105 0.005638036 -0.002430265 1.265826583 -0.005625533 0.999971092 0.005120851 -2.039317369 0.002459066 -0.005107083 0.999983907 79.274848938
0.999988019 0.004201389 -0.002514512 1.275864363 -0.004190027 0.999981046 0.004507038 -2.045543671 0.002533400 -0.004496449 0.999986708 79.809165955
0.999983072 0.004718040 -0.003447986 1.283629060 -0.004705916 0.999982715 0.003515914 -2.039853573 0.003464515 -0.003499628 0.999987900 80.364494324
0.999985278 0.004830919 -0.002457330 1.309428573 -0.004819782 0.999978185 0.004518192 -2.080718517 0.002479104 -0.004506282 0.999986768 80.918441772
0.999976218 0.006838057 -0.000904984 1.305696130 -0.006834256 0.999968112 0.004138118 -2.077268600 0.000933252 -0.004131835 0.999991000 81.455711365
0.999989569 0.004567871 -0.000039410 1.318910360 -0.004567627 0.999977767 0.004853567 -2.101301193 0.000061579 -0.004853336 0.999988198 82.010093689
0.999986172 0.005014081 0.001600100 1.346922636 -0.005022022 0.999974847 0.004997327 -2.129928589 -0.001575002 -0.005005293 0.999986172 82.571632385
0.999973357 0.005617988 0.004647399 1.367061973 -0.005638764 0.999974072 0.004469758 -2.139850616 -0.004622167 -0.004495844 0.999979198 83.119262695
0.999955297 0.004885821 0.008098812 1.390287519 -0.004921744 0.999978125 0.004421568 -2.149000168 -0.008077033 -0.004461231 0.999957442 83.658645630
0.999906480 0.006509675 0.012020792 1.404475689 -0.006565151 0.999967933 0.004581312 -2.168553829 -0.011990584 -0.004659802 0.999917269 84.200149536
0.999840975 0.006456576 0.016630230 1.425537109 -0.006541022 0.999965906 0.005028385 -2.185320854 -0.016597196 -0.005136363 0.999849081 84.737983704
0.999707937 0.007094773 0.023102731 1.450610161 -0.007207873 0.999962449 0.004815985 -2.188079596 -0.023067690 -0.004981100 0.999721467 85.294113159
0.999542475 0.007498160 0.029302500 1.473123789 -0.007647807 0.999958217 0.004998248 -2.206881762 -0.029263793 -0.005220061 0.999558091 85.843353271
0.999350429 0.007088147 0.035333738 1.502553105 -0.007249193 0.999963880 0.004431835 -2.209338903 -0.035301052 -0.004685098 0.999365687 86.374885559
0.999012053 0.007278377 0.043840084 1.534231901 -0.007461614 0.999964237 0.004017496 -2.222433805 -0.043809276 -0.004340644 0.999030471 86.937881470
0.998634219 0.006834363 0.051797271 1.594093561 -0.007060159 0.999966264 0.004177487 -2.238835573 -0.051766984 -0.004537478 0.998648882 87.502578735
0.998236537 0.006661416 0.058987245 1.636270761 -0.006926783 0.999966800 0.004295372 -2.248566628 -0.058956679 -0.004696390 0.998249471 88.050575256
0.997639477 0.006406729 0.068370029 1.685481548 -0.006703367 0.999969065 0.004110174 -2.257444143 -0.068341583 -0.004558781 0.997651577 88.586097717
0.996883214 0.006602069 0.078614824 1.745737553 -0.006893721 0.999970257 0.003439047 -2.268290520 -0.078589804 -0.003970276 0.996899247 89.124580383
0.996147633 0.006695548 0.087437592 1.805423737 -0.007056275 0.999967813 0.003817094 -2.279148817 -0.087409228 -0.004419372 0.996162713 89.674369812
0.995369196 0.006344937 0.095916040 1.866121292 -0.006654946 0.999973536 0.002912536 -2.288451910 -0.095895045 -0.003537365 0.995385170 90.238800049
0.994306087 0.005919379 0.106397472 1.946974754 -0.006208469 0.999977827 0.002386063 -2.294827223 -0.106380999 -0.003033042 0.994320810 90.783638000
0.993032992 0.006457909 0.117659442 2.018622398 -0.006828667 0.999972999 0.002748254 -2.309382200 -0.117638506 -0.003532565 0.993050218 91.323806763
0.991999686 0.004781872 0.126149073 2.114407539 -0.005101360 0.999984562 0.002209687 -2.318245173 -0.126136541 -0.002835541 0.992008805 91.861968994
0.990463555 0.005801016 0.137652233 2.205497742 -0.006208612 0.999977529 0.002531878 -2.332354546 -0.137634441 -0.003362363 0.990477383 92.406021118
0.988755047 0.006326441 0.149410322 2.299650192 -0.006704026 0.999975502 0.002023647 -2.343156338 -0.149393857 -0.003002542 0.988773227 92.937675476
0.986880720 0.006604842 0.161316007 2.382863045 -0.007148080 0.999970555 0.002787407 -2.377851963 -0.161292851 -0.003903938 0.986898839 93.462760925
0.985153913 0.005607668 0.171581447 2.491313934 -0.006204029 0.999976397 0.002939641 -2.386127472 -0.171560973 -0.003960495 0.985165536 93.985031128
0.982903838 0.005416002 0.184040487 2.623554230 -0.005951129 0.999979615 0.002355436 -2.385800838 -0.184023976 -0.003410415 0.982915819 94.522651672
0.980580211 0.004309971 0.196071818 2.763626099 -0.004870346 0.999985337 0.002375945 -2.405024290 -0.196058691 -0.003284741 0.980586767 95.043113708
0.978354156 0.004310706 0.206892505 2.883272171 -0.004833072 0.999986291 0.002019449 -2.407612085 -0.206880972 -0.002975662 0.978361607 95.561592102
0.975560427 0.004233051 0.219690233 3.023118973 -0.004844558 0.999985754 0.002244837 -2.427104950 -0.219677582 -0.003254277 0.975567102 96.085296631
0.972425640 0.004444328 0.233170509 3.166044235 -0.005058479 0.999985158 0.002035990 -2.437453985 -0.233157992 -0.003159338 0.972433686 96.602485657
0.969668388 0.003673773 0.244396582 3.318038940 -0.004314200 0.999988496 0.002085193 -2.452458858 -0.244386122 -0.003076322 0.969673097 97.126411438
0.966476798 0.004084768 0.256721288 3.470533371 -0.004916541 0.999984562 0.002598219 -2.473848820 -0.256706685 -0.003773299 0.966481924 97.637886047
0.962814331 0.003332174 0.270143390 3.659616470 -0.003948216 0.999990702 0.001737065 -2.477020741 -0.270135164 -0.002739056 0.962818503 98.175758362
0.959180713 0.003306722 0.282774746 3.836055756 -0.003796915 0.999992073 0.001185506 -2.488080740 -0.282768607 -0.002210786 0.959185541 98.701515198
0.955989838 0.002831644 0.293385893 4.019874573 -0.003621354 0.999991119 0.002148567 -2.508295536 -0.293377161 -0.003116463 0.955991685 99.209953308
0.951721013 0.002860881 0.306951046 4.204843521 -0.003764353 0.999990106 0.002351386 -2.525499821 -0.306941301 -0.003393335 0.951722383 99.728134155
0.947089434 0.003036584 0.320955187 4.396814346 -0.003842988 0.999990821 0.001879067 -2.536553621 -0.320946515 -0.003013072 0.947092533 100.233879089
0.943432152 0.001854308 0.331560433 4.605421066 -0.002865835 0.999992609 0.002561906 -2.555756807 -0.331553251 -0.003367182 0.943430483 100.756156921
0.938529551 0.002171529 0.345192313 4.811584473 -0.003171654 0.999992251 0.002332551 -2.567100763 -0.345184535 -0.003283998 0.938529134 101.281417847
0.933380485 0.000098729 0.358888209 5.052139282 -0.000542994 0.999999225 0.001137099 -2.566548586 -0.358887792 -0.001256220 0.933379829 101.810562134
0.928826332 0.000562415 0.370514810 5.272794724 -0.001172393 0.999998450 0.001421092 -2.595221758 -0.370513290 -0.001754337 0.928825498 102.295639038
0.924185455 0.000351255 0.381943792 5.499376297 -0.000857845 0.999998987 0.001156070 -2.595467329 -0.381943047 -0.001396072 0.924184799 102.775802612
0.917981684 0.000478757 0.396622449 5.732913971 -0.001069647 0.999998629 0.001268612 -2.611529589 -0.396621287 -0.001588808 0.917980969 103.269096375
0.912332892 -0.000112112 0.409449279 5.981464386 -0.000081946 0.999999881 0.000456404 -2.617860317 -0.409449309 -0.000449945 0.912332773 103.759826660
0.906933606 -0.000471731 0.421273589 6.192241669 0.000249363 0.999999821 0.000582935 -2.628975391 -0.421273768 -0.000423634 0.906933427 104.245620728
0.900774598 -0.001291925 0.434285015 6.470211029 0.001254415 0.999999166 0.000372978 -2.645223379 -0.434285134 0.000208805 0.900775433 104.759552002
0.894199252 -0.001105351 0.447667807 6.746646881 0.000052914 0.999997199 0.002363431 -2.707696199 -0.447669148 -0.002089690 0.894196808 105.211273193
0.888148785 -0.001974341 0.459551722 6.990901947 0.001497372 0.999997914 0.001402340 -2.680382490 -0.459553570 -0.000557367 0.888149917 105.690292358
0.882537901 -0.002540235 0.470234394 7.259742737 0.001991814 0.999996603 0.001663800 -2.699660778 -0.470237136 -0.000531747 0.882540047 106.142883301
0.875561714 -0.002422870 0.483100474 7.559997559 0.002250699 0.999997139 0.000936115 -2.709280729 -0.483101338 0.000267687 0.875564396 106.636672974
0.868822634 -0.002766714 0.495115787 7.854736328 0.002508614 0.999996185 0.001185909 -2.727795601 -0.495117247 0.000211710 0.868826151 107.090522766
