1.000000000 0.000000000 0.000000000 0.000000000 0.000000000 1.000000000 0.000000000 0.000000000 0.000000000 0.000000000 1.000000000 0.000000000
1.000000000 0.000039086 -0.000014617 -0.000172439 -0.000039085 1.000000000 0.000018492 0.000287109 0.000014618 -0.000018491 1.000000000 0.002265174
1.000000000 -0.000020131 -0.000048236 0.000826229 0.000020134 1.000000000 0.000058917 -0.001200901 0.000048235 -0.000058918 1.000000000 0.000964376
1.000000000 -0.000026312 -0.000026389 0.000299918 0.000026311 1.000000000 -0.000032164 0.000370655 0.000026390 0.000032163 1.000000000 -0.001289246
1.000000000 -0.000155899 -0.000104139 0.000948750 0.000155905 1.000000000 0.000062112 -0.000683289 0.000104129 -0.000062129 1.000000000 0.000471956
1.000000000 -0.000141245 -0.000118083 -0.000698021 0.000141250 1.000000000 0.000041720 0.000029187 0.000118077 -0.000041737 1.000000000 -0.000414526
1.000000000 -0.000148655 -0.000059966 0.000659045 0.000148660 1.000000000 0.000075202 -0.000484052 0.000059955 -0.000075211 1.000000000 0.001786937
1.000000000 -0.000129571 -0.000043491 -0.000195758 0.000129573 1.000000000 0.000057783 -0.000643971 0.000043484 -0.000057789 1.000000000 -0.000333463
1.000000000 -0.000019079 -0.000070346 0.000399779 0.000019082 1.000000000 0.000038228 0.000078447 0.000070345 -0.000038229 1.000000000 -0.001853228
1.000000000 -0.000014782 -0.000026499 -0.000318481 0.000014784 1.000000000 0.000066981 0.000352248 0.000026498 -0.000066982 1.000000000 0.002449169
1.000000000 -0.000010716 -0.000043370 0.000066501 0.000010716 1.000000000 -0.000001884 0.000953471 0.000043370 0.000001884 1.000000000 -0.000879878
1.000000000 -0.000089968 -0.000110449 0.000544773 0.000089973 1.000000000 0.000045856 0.000195628 0.000110444 -0.000045866 1.000000000 -0.001016555
1.000000000 -0.000076826 -0.000044599 -0.000997251 0.000076826 1.000000000 -0.000004172 0.001287175 0.000044600 0.000004169 1.000000000 0.001530139
1.000000000 -0.000185163 -0.000108450 0.000288756 0.000185172 1.000000000 0.000084835 0.000504610 0.000108435 -0.000084855 1.000000000 -0.001756123
1.000000000 -0.000066004 -0.000120344 0.000556905 0.000066008 1.000000000 0.000036786 0.000148110 0.000120342 -0.000036794 1.000000000 -0.002626205
1.000000000 -0.000100573 -0.000157500 0.002832895 0.000100595 1.000000000 0.000137736 -0.000536041 0.000157487 -0.000137751 1.000000000 -0.005267571
1.000000000 -0.000124038 -0.000060668 0.000902978 0.000124042 1.000000000 0.000072961 -0.000195954 0.000060659 -0.000072968 1.000000000 -0.003789627
1.000000000 -0.000064502 -0.000076508 0.001544869 0.000064505 1.000000000 0.000048261 0.000204958 0.000076505 -0.000048266 1.000000000 -0.000928462
1.000000000 0.000010031 -0.000104655 0.001337045 -0.000010017 1.000000000 0.000137364 -0.000245310 0.000104656 -0.000137363 1.000000000 -0.003739676
1.000000000 -0.000146928 -0.000107378 0.000617183 0.000146936 1.000000000 0.000073961 -0.000307390 0.000107367 -0.000073977 1.000000000 -0.003849986
1.000000000 -0.000132830 -0.000085483 0.000286815 0.000132838 1.000000000 0.000090635 0.000549330 0.000085471 -0.000090647 1.000000000 0.000574253
1.000000000 -0.000156265 -0.000094669 -0.000071829 0.000156275 1.000000000 0.000109637 -0.001474615 0.000094652 -0.000109651 1.000000000 -0.004391824
1.000000000 -0.000009122 -0.000121520 0.002451570 0.000009137 1.000000000 0.000124977 -0.000300888 0.000121519 -0.000124978 1.000000000 -0.002459161
1.000000000 -0.000035842 -0.000141177 0.002885849 0.000035851 1.000000000 0.000064847 -0.000584868 0.000141175 -0.000064852 1.000000000 -0.001442880
0.999999940 -0.000205760 -0.000169097 0.002157147 0.000205781 1.000000000 0.000126450 -0.000951299 0.000169071 -0.000126485 1.000000000 -0.005369777
1.000000000 -0.000140475 -0.000171281 0.001933718 0.000140490 1.000000000 0.000090365 0.000246155 0.000171268 -0.000090389 1.000000000 -0.002251574
1.000000000 -0.000120461 -0.000126228 0.002578401 0.000120471 1.000000000 0.000073194 0.000167162 0.000126219 -0.000073209 1.000000000 -0.003943148
1.000000000 -0.000177375 -0.000142213 0.002221871 0.000177390 1.000000000 0.000108109 -0.000379527 0.000142194 -0.000108134 1.000000000 -0.003744981
1.000000000 -0.000144148 -0.000094563 -0.000284520 0.000144154 1.000000000 0.000062525 -0.000330224 0.000094554 -0.000062538 1.000000000 -0.003533495
1.000000000 -0.000060087 -0.000177629 0.002182053 0.000060115 1.000000000 0.000157382 -0.000901579 0.000177620 -0.000157393 1.000000000 -0.003926345
1.000000000 -0.000178285 -0.000156640 0.002093477 0.000178298 1.000000000 0.000083658 -0.000004103 0.000156625 -0.000083686 1.000000000 -0.002586483
1.000000000 -0.000101755 -0.000150952 0.000797964 0.000101765 1.000000000 0.000071614 0.000810725 0.000150944 -0.000071630 1.000000000 -0.000859372
1.000000000 -0.000075748 -0.000116831 0.000744484 0.000075761 1.000000000 0.000105081 0.000300401 0.000116823 -0.000105090 1.000000000 -0.003226292
1.000000000 -0.000057564 -0.000140445 0.002561298 0.000057574 1.000000000 0.000068801 -0.000493491 0.000140441 -0.000068809 1.000000000 -0.003271303
1.000000000 -0.000095907 -0.000142899 0.002528780 0.000095922 1.000000000 0.000102866 -0.000279132 0.000142889 -0.000102879 1.000000000 -0.001327867
0.999999940 -0.000229077 -0.000155073 0.001614721 0.000229102 0.999999940 0.000161068 -0.001494277 0.000155036 -0.000161103 1.000000000 -0.005380370
0.999999940 -0.000215251 -0.000210500 0.002534298 0.000215269 1.000000000 0.000088991 0.000371475 0.000210481 -0.000089037 1.000000000 -0.002955488
0.999999940 -0.000208842 -0.000186726 0.003978146 0.000208870 0.999999940 0.000155175 -0.000584753 0.000186693 -0.000155214 1.000000000 -0.007125883
1.000000000 -0.000153484 -0.000110311 0.000670429 0.000153495 1.000000000 0.000092538 -0.000026343 0.000110296 -0.000092555 1.000000000 -0.003949425
1.000000000 -0.000109348 -0.000170448 0.002179147 0.000109377 1.000000000 0.000171439 -0.001194818 0.000170430 -0.000171458 1.000000000 -0.005217169
0.999999940 -0.000147565 -0.000206209 0.004785151 0.000147586 1.000000000 0.000100081 -0.002170729 0.000206194 -0.000100112 1.000000000 -0.001615174
1.000000000 -0.000233635 -0.000028225 0.001508997 0.000233621 0.999999821 -0.000497388 -0.003311755 0.000028341 0.000497381 0.999999881 0.050157145
1.000000000 -0.000068055 -0.000150415 0.003391134 0.000067889 0.999999404 -0.001099039 -0.004458693 0.000150490 0.001099029 0.999999404 0.141129375
1.000000000 -0.000173916 -0.000102189 0.004063467 0.000173768 0.999998927 -0.001441708 -0.008070160 0.000102439 0.001441691 0.999998927 0.258606285
1.000000000 -0.000122853 -0.000037396 0.005964722 0.000122802 0.999999046 -0.001369301 -0.010970474 0.000037564 0.001369297 0.999999046 0.393520385
1.000000000 -0.000038092 -0.000176253 0.009900892 0.000037892 0.999999344 -0.001137296 -0.018943070 0.000176296 0.001137289 0.999999344 0.528154671
1.000000000 0.000071482 -0.000094244 0.012522585 -0.000071588 0.999999344 -0.001128109 -0.019987138 0.000094164 0.001128116 0.999999344 0.686969399
1.000000000 -0.000004554 0.000108210 0.015006338 0.000004652 0.999999583 -0.000909487 -0.024956726 -0.000108206 0.000909488 0.999999583 0.846281111
0.999999940 0.000334576 0.000223019 0.009924461 -0.000334399 0.999999642 -0.000793777 -0.024981581 -0.000223285 0.000793702 0.999999642 1.030202985
1.000000000 0.000149435 -0.000146524 0.022311710 -0.000149518 0.999999821 -0.000566286 -0.036946934 0.000146439 0.000566308 0.999999821 1.186866999
1.000000000 0.000008612 0.000025571 0.025549751 -0.000008605 1.000000000 -0.000240841 -0.040976532 -0.000025573 0.000240841 1.000000000 1.363487005
0.999999940 0.000340748 0.000138260 0.030371029 -0.000340735 1.000000000 -0.000092523 -0.048062358 -0.000138292 0.000092476 1.000000000 1.551122546
0.999999940 0.000095093 0.000382568 0.032966729 -0.000095099 0.999999940 0.000015241 -0.053259622 -0.000382566 -0.000015278 0.999999940 1.744863391
0.999999940 -0.000314173 0.000020506 0.045308642 0.000314164 0.999999881 0.000398891 -0.060870349 -0.000020631 -0.000398885 0.999999940 1.946217418
1.000000000 0.000141887 0.000231256 0.043847039 -0.000141997 0.999999940 0.000475200 -0.068909533 -0.000231189 -0.000475232 0.999999940 2.155611515
0.999999821 0.000237847 0.000494854 0.040174421 -0.000238140 0.999999821 0.000593646 -0.075517386 -0.000494713 -0.000593764 0.999999702 2.364891768
0.999999881 0.000293020 0.000340374 0.048368882 -0.000293176 0.999999881 0.000458131 -0.080729716 -0.000340240 -0.000458231 0.999999881 2.586944103
0.999999762 0.000171089 0.000648357 0.049913321 -0.000171418 0.999999821 0.000507548 -0.088499621 -0.000648270 -0.000507659 0.999999642 2.822090149
0.999999821 0.000027579 0.000565045 0.055760108 -0.000027944 0.999999762 0.000645828 -0.094106190 -0.000565027 -0.000645844 0.999999642 3.052189827
0.999999821 0.000036661 0.000559637 0.059061576 -0.000037005 0.999999881 0.000614726 -0.100673854 -0.000559614 -0.000614746 0.999999642 3.294190407
0.999999702 0.000366135 0.000643963 0.071505815 -0.000366392 0.999999821 0.000398638 -0.108015269 -0.000643817 -0.000398874 0.999999702 3.532550812
0.999999762 0.000396579 0.000541319 0.079774484 -0.000396989 0.999999642 0.000756274 -0.116991617 -0.000541019 -0.000756489 0.999999583 3.776756287
0.999999583 0.000344165 0.000845879 0.077844881 -0.000344715 0.999999702 0.000650380 -0.124269970 -0.000845655 -0.000650671 0.999999404 4.050617218
0.999999046 0.000740622 0.001163713 0.078146599 -0.000742069 0.999998927 0.001243926 -0.135795251 -0.001162790 -0.001244789 0.999998569 4.300517559
0.999999642 0.000280132 0.000810173 0.086593002 -0.000281233 0.999999046 0.001358176 -0.144789994 -0.000809792 -0.001358404 0.999998748 4.555768013
0.999999166 0.000487744 0.001211726 0.090183035 -0.000489538 0.999998808 0.001481160 -0.151552379 -0.001211002 -0.001481752 0.999998212 4.815120697
0.999999344 0.000445083 0.001073321 0.096768811 -0.000446965 0.999998331 0.001753153 -0.160252661 -0.001072539 -0.001753632 0.999997914 5.078754425
0.999999464 0.000438600 0.000961394 0.096662499 -0.000440139 0.999998629 0.001601534 -0.170087829 -0.000960691 -0.001601956 0.999998271 5.353810787
0.999999523 0.000457287 0.000904021 0.102857210 -0.000458854 0.999998391 0.001733479 -0.179258659 -0.000903227 -0.001733893 0.999998093 5.624009132
0.999999523 0.000602255 0.000764745 0.107206836 -0.000603553 0.999998331 0.001698480 -0.183648109 -0.000763721 -0.001698941 0.999998271 5.901685715
0.999999642 0.000297260 0.000766175 0.108522601 -0.000298531 0.999998510 0.001659608 -0.195363909 -0.000765681 -0.001659836 0.999998391 6.187494755
0.999999106 0.000652520 0.001128154 0.116554298 -0.000654695 0.999997854 0.001928688 -0.206553504 -0.001126893 -0.001929424 0.999997616 6.454443455
0.999998569 0.000867384 0.001459642 0.117532909 -0.000870369 0.999997497 0.002045962 -0.221847981 -0.001457864 -0.002047229 0.999996841 6.710100651
0.999998569 0.000904779 0.001416847 0.128261536 -0.000907806 0.999997258 0.002137730 -0.231740311 -0.001414909 -0.002139013 0.999996722 7.005416393
0.999998748 0.000762345 0.001400049 0.137546405 -0.000765640 0.999996901 0.002354291 -0.243953422 -0.001398250 -0.002355359 0.999996305 7.284119606
0.999998331 0.000977183 0.001532846 0.138259634 -0.000980564 0.999997079 0.002206780 -0.249672517 -0.001530685 -0.002208279 0.999996424 7.617188454
0.999998569 0.000494677 0.001613438 0.149138853 -0.000498395 0.999997199 0.002304991 -0.266697079 -0.001612294 -0.002305792 0.999996006 7.927636623
0.999999046 0.000285100 0.001386062 0.155032530 -0.000287901 0.999997914 0.002021345 -0.270946681 -0.001385483 -0.002021742 0.999997020 8.241879463
0.999998868 0.000355485 0.001418644 0.166203827 -0.000358708 0.999997318 0.002272200 -0.283154219 -0.001417832 -0.002272707 0.999996424 8.569057465
0.999998331 0.000574558 0.001714104 0.160923108 -0.000578468 0.999997199 0.002281266 -0.289440721 -0.001712789 -0.002282254 0.999995887 8.910129547
0.999998152 0.000473446 0.001861113 0.165970773 -0.000478239 0.999996603 0.002575848 -0.299358726 -0.001859888 -0.002576733 0.999994993 9.247124672
0.999997735 0.001032622 0.001818161 0.181927621 -0.001037145 0.999996364 0.002488534 -0.318340838 -0.001815584 -0.002490414 0.999995172 9.578333855
0.999997616 0.001163348 0.001834069 0.192061380 -0.001167853 0.999996305 0.002457367 -0.325102210 -0.001831204 -0.002459503 0.999995232 9.924342155
0.999998569 0.000430732 0.001629185 0.194111556 -0.000434742 0.999996841 0.002461398 -0.331733555 -0.001628120 -0.002462103 0.999995649 10.299723625
0.999998689 0.000524071 0.001497029 0.211824298 -0.000528512 0.999995470 0.002968071 -0.356018931 -0.001495467 -0.002968858 0.999994457 10.646586418
0.999998569 0.000551354 0.001600882 0.218021914 -0.000556224 0.999995232 0.003043134 -0.364460200 -0.001599197 -0.003044021 0.999994099 11.016295433
0.999998748 0.000436960 0.001511268 0.229369104 -0.000441911 0.999994576 0.003277070 -0.379668981 -0.001509827 -0.003277734 0.999993443 11.387123108
0.999997437 0.001230594 0.001891057 0.232649595 -0.001237221 0.999993086 0.003507321 -0.394236833 -0.001886727 -0.003509653 0.999992013 11.759466171
0.999997437 0.001335676 0.001840228 0.242704764 -0.001342447 0.999992311 0.003683023 -0.405864030 -0.001835295 -0.003685484 0.999991536 12.147926331
0.999996424 0.001403664 0.002255306 0.249911472 -0.001411865 0.999992311 0.003638424 -0.414532840 -0.002250182 -0.003641595 0.999990880 12.539663315
0.999997616 0.000956340 0.001954997 0.256948262 -0.000963859 0.999992132 0.003848510 -0.425749540 -0.001951301 -0.003850386 0.999990702 12.932434082
0.999998510 0.000489488 0.001645735 0.269215524 -0.000496009 0.999992132 0.003964466 -0.446751058 -0.001643781 -0.003965277 0.999990761 13.309415817
0.999997735 0.000733310 0.001997926 0.277725101 -0.000741693 0.999990940 0.004198179 -0.456427991 -0.001994829 -0.004199652 0.999989212 13.728367805
0.999997258 0.000880026 0.002176292 0.284682691 -0.000889694 0.999989748 0.004445422 -0.468252242 -0.002172357 -0.004447347 0.999987721 14.151334763
0.999996662 0.000821466 0.002413918 0.300322026 -0.000831748 0.999990523 0.004261434 -0.480118960 -0.002410395 -0.004263428 0.999987960 14.561608315
0.999996543 0.000483514 0.002631233 0.312628299 -0.000496280 0.999988079 0.004853272 -0.509968817 -0.002628855 -0.004854561 0.999984682 14.967444420
0.999997020 0.000100328 0.002477792 0.325616568 -0.000112608 0.999987721 0.004956172 -0.523253441 -0.002477264 -0.004956435 0.999984562 15.396837234
0.999994993 0.000456380 0.003138209 0.334729612 -0.000472342 0.999986887 0.005087368 -0.538648129 -0.003135847 -0.005088823 0.999982059 15.844463348
0.999995291 -0.000153598 0.003075160 0.351139605 0.000137401 0.999986112 0.005266497 -0.549401104 -0.003075927 -0.005266049 0.999981344 16.290901184
0.999994516 -0.000047474 0.003302965 0.360549271 0.000030377 0.999986589 0.005176347 -0.563528359 -0.003303168 -0.005176219 0.999981165 16.726808548
0.999993205 0.000247474 0.003655029 0.372006774 -0.000266445 0.999986529 0.005190844 -0.574201763 -0.003653695 -0.005191782 0.999979913 17.187156677
0.999991775 0.000245461 0.004045542 0.379963815 -0.000268481 0.999983788 0.005690722 -0.589018881 -0.004044080 -0.005691761 0.999975622 17.634502411
0.999991417 0.000140975 0.004132246 0.397172838 -0.000164718 0.999983490 0.005745917 -0.601152062 -0.004131367 -0.005746549 0.999974966 18.095083237
0.999989212 0.000178283 0.004635948 0.406961918 -0.000205145 0.999983132 0.005794397 -0.613564909 -0.004634838 -0.005795286 0.999972463 18.578533173
0.999989569 0.000063175 0.004563868 0.417726517 -0.000090130 0.999982536 0.005906350 -0.631560743 -0.004563415 -0.005906700 0.999972165 19.033535004
0.999988377 0.000337653 0.004808236 0.432653159 -0.000366659 0.999981701 0.006032793 -0.643827796 -0.004806111 -0.006034486 0.999970257 19.509830475
0.999988198 0.000773369 0.004789347 0.444618851 -0.000802492 0.999981225 0.006082018 -0.653997838 -0.004784554 -0.006085790 0.999970078 19.987289429
0.999988019 0.000237747 0.004885001 0.455707401 -0.000267053 0.999981940 0.005999406 -0.660726905 -0.004883487 -0.006000638 0.999970138 20.484737396
0.999994695 -0.000285414 0.003223571 0.483254611 0.000266672 0.999983013 0.005813022 -0.676425159 -0.003225175 -0.005812132 0.999977887 20.971855164
0.999996126 -0.000214818 0.002733784 0.489859223 0.000198878 0.999982953 0.005829612 -0.685253561 -0.002734990 -0.005829046 0.999979258 21.482965469
0.999996960 -0.000204389 0.002446094 0.492128611 0.000189925 0.999982476 0.005911678 -0.704135001 -0.002447260 -0.005911195 0.999979496 21.971740723
0.999997199 -0.000309692 0.002346482 0.501150072 0.000295380 0.999981344 0.006097547 -0.706922174 -0.002348326 -0.006096837 0.999978662 22.490924835
0.999998391 -0.000412043 0.001738059 0.514426231 0.000401308 0.999980867 0.006172670 -0.727213740 -0.001740569 -0.006171962 0.999979436 22.976779938
0.999999344 -0.000649264 0.000899362 0.524640679 0.000643794 0.999981344 0.006068626 -0.743732989 -0.000903285 -0.006068043 0.999981165 23.505874634
0.999997616 -0.002144040 0.000322831 0.535076022 0.002142004 0.999978602 0.006177990 -0.757689536 -0.000336070 -0.006177285 0.999980867 24.013397217
0.999999762 -0.000667924 0.000162886 0.538535953 0.000666901 0.999980569 0.006199560 -0.763846159 -0.000167023 -0.006199450 0.999980748 24.551891327
0.999999344 -0.000799493 -0.000849894 0.551822484 0.000804862 0.999979675 0.006335183 -0.775238156 0.000844812 -0.006335862 0.999979556 25.076972961
0.999998927 -0.000427730 -0.001405458 0.560120761 0.000437086 0.999977708 0.006663032 -0.790716231 0.001402577 -0.006663638 0.999976814 25.610950470
0.999997973 -0.000362521 -0.001976521 0.569743216 0.000375226 0.999979258 0.006431345 -0.804181099 0.001974148 -0.006432075 0.999977350 26.164331436
0.999996901 -0.001230142 -0.002166543 0.580184162 0.001245651 0.999973655 0.007171749 -0.815125465 0.002157663 -0.007174426 0.999971867 26.697814941
0.999995530 -0.000927194 -0.002841413 0.597458720 0.000947988 0.999972761 0.007325477 -0.833477259 0.002834544 -0.007328140 0.999969125 27.244632721
0.999994278 -0.000674360 -0.003320991 0.601904750 0.000698902 0.999972522 0.007394237 -0.848587394 0.003315913 -0.007396516 0.999967158 27.783082962
0.999992549 -0.000773943 -0.003785140 0.608641088 0.000801418 0.999973297 0.007262543 -0.858770669 0.003779418 -0.007265521 0.999966502 28.327882767
0.999990165 -0.001058891 -0.004318833 0.618834376 0.001091743 0.999970436 0.007611418 -0.876034617 0.004310646 -0.007616058 0.999961734 28.886695862
0.999987781 -0.001365617 -0.004755745 0.626848876 0.001402558 0.999968827 0.007772982 -0.895420432 0.004744982 -0.007779557 0.999958456 29.425971985
0.999985933 -0.001264662 -0.005153074 0.633690476 0.001303141 0.999971211 0.007470723 -0.903202534 0.005143479 -0.007477333 0.999958873 29.971532822
0.999987900 -0.000693636 -0.004870768 0.631817281 0.000729738 0.999972224 0.007414209 -0.913296580 0.004865490 -0.007417674 0.999960661 30.502971649
0.999985814 -0.000928288 -0.005243524 0.641650379 0.000966979 0.999972284 0.007381117 -0.922144651 0.005236527 -0.007386083 0.999959052 31.050495148
0.999981642 -0.001726157 -0.005796146 0.656219542 0.001770068 0.999969661 0.007579391 -0.939198136 0.005782886 -0.007589513 0.999954522 31.590133667
0.999982297 -0.001021241 -0.005850549 0.671273112 0.001065019 0.999971330 0.007484517 -0.965719640 0.005842738 -0.007490616 0.999954879 32.146141052
0.999978602 -0.001457810 -0.006379263 0.693548441 0.001505755 0.999970615 0.007517362 -0.981349945 0.006368116 -0.007526807 0.999951422 32.641845703
0.999975562 -0.001495640 -0.006825740 0.689053774 0.001552560 0.999963999 0.008341429 -1.005513191 0.006813018 -0.008351821 0.999941885 33.198345184
0.999976635 -0.001034794 -0.006762251 0.691595495 0.001087673 0.999968827 0.007820754 -1.010826707 0.006753947 -0.007827928 0.999946475 33.759708405
0.999975502 -0.000677351 -0.006972149 0.694000185 0.000731104 0.999969959 0.007709933 -1.016527891 0.006966718 -0.007714840 0.999945939 34.304401398
0.999971330 -0.001880329 -0.007342750 0.709967971 0.001943258 0.999961376 0.008572404 -1.046849489 0.007326349 -0.008586428 0.999936223 34.807601929
0.999971807 -0.001537122 -0.007342773 0.710604906 0.001597672 0.999964714 0.008247543 -1.043522835 0.007329836 -0.008259043 0.999938965 35.353946686
0.999969482 -0.002028701 -0.007545474 0.733753324 0.002092319 0.999962270 0.008432992 -1.060368299 0.007528082 -0.008448523 0.999935925 35.856258392
0.999972343 -0.001611050 -0.007256992 0.701994121 0.001679311 0.999954343 0.009410010 -1.113871574 0.007241499 -0.009421937 0.999929309 36.457069397
0.999968112 -0.002131691 -0.007694824 0.712959051 0.002204831 0.999952376 0.009509273 -1.123227477 0.007674186 -0.009525936 0.999925137 37.001022339
0.999963999 -0.002637909 -0.008055676 0.717194676 0.002717565 0.999947369 0.009893229 -1.138999104 0.008029153 -0.009914766 0.999918520 37.563171387
0.999959171 -0.003301209 -0.008407065 0.728381515 0.003387748 0.999941230 0.010300216 -1.153567791 0.008372568 -0.010328276 0.999911547 38.096324921
0.999966264 -0.001857093 -0.007992995 0.730371356 0.001935932 0.999949515 0.009867087 -1.159662962 0.007974267 -0.009882228 0.999919355 38.634868622
0.999970078 -0.001415691 -0.007604407 0.739868104 0.001488567 0.999952972 0.009586217 -1.175817251 0.007590479 -0.009597252 0.999925137 39.155448914
0.999965847 -0.001853332 -0.008057700 0.725382686 0.001940815 0.999939084 0.010862795 -1.257280350 0.008037079 -0.010878063 0.999908507 39.717987061
0.999960959 -0.001890363 -0.008639267 0.743148446 0.001985127 0.999937832 0.010973590 -1.274062395 0.008617985 -0.010990310 0.999902427 40.243556976
0.999961972 -0.002424717 -0.008384945 0.744774818 0.002517514 0.999935508 0.011074307 -1.283396840 0.008357552 -0.011094995 0.999903440 40.813323975
0.999959648 -0.003015773 -0.008468896 0.752954483 0.003116875 0.999923825 0.011950298 -1.307096958 0.008432210 -0.011976211 0.999892712 41.352901459
0.999960899 -0.002492357 -0.008489379 0.755810440 0.002588273 0.999932766 0.011306112 -1.300318241 0.008460629 -0.011327643 0.999899983 41.939220428
0.999961317 -0.003190199 -0.008197835 0.772029817 0.003287329 0.999924242 0.011862212 -1.312639236 0.008159371 -0.011888701 0.999895990 42.435390472
0.999952614 -0.002965654 -0.009265738 0.788093686 0.003076083 0.999924123 0.011926631 -1.323549271 0.009229663 -0.011954568 0.999885857 42.999679565
0.999947429 -0.003430894 -0.009656511 0.797194898 0.003546672 0.999921679 0.011998205 -1.337851524 0.009614591 -0.012031823 0.999881327 43.555339813
0.999954879 -0.002947264 -0.009026233 0.790039539 0.003051413 0.999928653 0.011546470 -1.343890429 0.008991559 -0.011573493 0.999892533 44.064975739
0.999954402 -0.002816540 -0.009119038 0.789553285 0.002922833 0.999927640 0.011663819 -1.354568958 0.009085528 -0.011689942 0.999890327 44.606857300
0.999957085 -0.002267089 -0.008979717 0.791646898 0.002370242 0.999931037 0.011493316 -1.365990400 0.008953040 -0.011514107 0.999893606 45.162921906
0.999956131 -0.002300200 -0.009082643 0.802219987 0.002405168 0.999930203 0.011562922 -1.377384543 0.009055413 -0.011584260 0.999891818 45.686592102
0.999959767 -0.001703417 -0.008808692 0.808578193 0.001805082 0.999931693 0.011546459 -1.390112042 0.008788424 -0.011561894 0.999894440 46.201171875
0.999954045 -0.002260677 -0.009322612 0.826400101 0.002374488 0.999922574 0.012215164 -1.407618403 0.009294277 -0.012236738 0.999881923 46.743885040
0.999954104 -0.002486850 -0.009242853 0.831889689 0.002601303 0.999919832 0.012391646 -1.423491240 0.009211295 -0.012415122 0.999880493 47.247779846
0.999957800 -0.001993295 -0.008965156 0.835879743 0.002100574 0.999926090 0.011972745 -1.426502585 0.008940628 -0.011991073 0.999888122 47.802101135
0.999949992 -0.002987489 -0.009545367 0.846672773 0.003108532 0.999914646 0.012691226 -1.441126585 0.009506637 -0.012720263 0.999873877 48.305438995
0.999943793 -0.003940253 -0.009845422 0.858215570 0.004067548 0.999907911 0.012942886 -1.453692436 0.009793516 -0.012982205 0.999867737 48.857818604
0.999952495 -0.002864310 -0.009319323 0.862418294 0.002982288 0.999915302 0.012670250 -1.471109629 0.009282243 -0.012697442 0.999876320 49.341285706
0.999949992 -0.002936006 -0.009558866 0.870494843 0.003057641 0.999914229 0.012735200 -1.478867412 0.009520655 -0.012763792 0.999873221 49.872486115
0.999947548 -0.003128781 -0.009750909 0.876187444 0.003251824 0.999914944 0.012628442 -1.486793280 0.009710571 -0.012659487 0.999872684 50.418548584
0.999951422 -0.002663726 -0.009483312 0.882017732 0.002783115 0.999916732 0.012598487 -1.494109988 0.009448965 -0.012624269 0.999875665 50.963436127
0.999951124 -0.002834454 -0.009471640 0.884159088 0.002957150 0.999911487 0.012965274 -1.506956339 0.009434053 -0.012992648 0.999871075 51.462116241
0.999952674 -0.002739924 -0.009335167 0.884654522 0.002859243 0.999914050 0.012792417 -1.524226904 0.009299313 -0.012818502 0.999874592 52.007350922
0.999952614 -0.002681072 -0.009355105 0.886148453 0.002801668 0.999912858 0.012901746 -1.523114204 0.009319698 -0.012927344 0.999872923 52.535167694
0.999951541 -0.002582676 -0.009495405 0.893507659 0.002703496 0.999915242 0.012733337 -1.531309128 0.009461714 -0.012758392 0.999873698 53.079750061
0.999952078 -0.002683685 -0.009416751 0.895297766 0.002804762 0.999913275 0.012868118 -1.547000885 0.009381401 -0.012893913 0.999872804 53.639461517
0.999956369 -0.002266890 -0.009062148 0.897904992 0.002387680 0.999908090 0.013340507 -1.555611491 0.009031072 -0.013361563 0.999869943 54.098815918
0.999960601 -0.001919485 -0.008664345 0.909433007 0.002026747 0.999921203 0.012387935 -1.525910378 0.008639885 -0.012405006 0.999885738 54.708564758
0.999961972 -0.000927051 -0.008664266 0.911913455 0.001043114 0.999909580 0.013400739 -1.578338742 0.008651062 -0.013409265 0.999872684 55.116397858
0.999963343 -0.000599801 -0.008531207 0.919048190 0.000715973 0.999906957 0.013620703 -1.585175872 0.008522244 -0.013626313 0.999870837 55.670169830
0.999965429 -0.000814523 -0.008279924 0.921031952 0.000927975 0.999905586 0.013707430 -1.602948189 0.008267978 -0.013714639 0.999871790 56.200511932
0.999963760 -0.000923000 -0.008463820 0.947494745 0.001039369 0.999904752 0.013754926 -1.618765354 0.008450318 -0.013763222 0.999869585 56.686378479
0.999966145 -0.000187017 -0.008218513 0.963767648 0.000298406 0.999908090 0.013554251 -1.635827303 0.008215223 -0.013556243 0.999874413 57.237232208
0.999961078 -0.001739102 -0.008650616 0.934522152 0.001855677 0.999907255 0.013486168 -1.644226551 0.008626361 -0.013501693 0.999871552 57.769756317
0.999963224 -0.000357738 -0.008565629 1.015025139 0.000467818 0.999917209 0.012852834 -1.578240752 0.008560322 -0.012856369 0.999880731 58.358585358
0.999958694 -0.001461356 -0.008967659 0.977496803 0.001586330 0.999901474 0.013944746 -1.663918495 0.008946397 -0.013958395 0.999862552 58.747489929
0.999955535 -0.001949987 -0.009233785 0.988214254 0.002077267 0.999902725 0.013794659 -1.671190023 0.009205988 -0.013813226 0.999862194 59.285816193
0.999955416 -0.002220789 -0.009170335 0.996368170 0.002346347 0.999903381 0.013703760 -1.674268126 0.009139016 -0.013724666 0.999864042 59.828433990
0.999955297 -0.002307425 -0.009169425 1.018304348 0.002433897 0.999901712 0.013805729 -1.696254015 0.009136669 -0.013827429 0.999862611 60.319293976
0.999954760 -0.001454276 -0.009391473 1.038407445 0.001589054 0.999895632 0.014359606 -1.704236269 0.009369611 -0.014373882 0.999852777 60.833034515
0.999957442 -0.001160294 -0.009149386 1.064822674 0.001288941 0.999900162 0.014067335 -1.726478696 0.009132151 -0.014078530 0.999859154 61.288970947
0.999959528 -0.001071083 -0.008926508 1.076367140 0.001199291 0.999895990 0.014369732 -1.737514973 0.008910188 -0.014379853 0.999856889 61.821029663
0.999960780 -0.001266491 -0.008764481 1.070124030 0.001393730 0.999893486 0.014526685 -1.740377665 0.008745151 -0.014538331 0.999856055 62.371829987
0.999959588 -0.001449240 -0.008871201 1.073070765 0.001581149 0.999888062 0.014880441 -1.755255938 0.008848643 -0.014893866 0.999849975 62.942481995
0.999957144 -0.001060160 -0.009194005 1.073474407 0.001189909 0.999899566 0.014118305 -1.769656301 0.009178114 -0.014128639 0.999858081 63.526241302
0.999958158 -0.000313132 -0.009135269 1.133330822 0.000448634 0.999889851 0.014834560 -1.808045030 0.009129618 -0.014838038 0.999848247 63.797901154
0.999959946 0.000570163 -0.008924492 1.137969255 -0.000438825 0.999891698 0.014711597 -1.816472054 0.008931912 -0.014707090 0.999852002 64.351325989
0.999961078 0.000310447 -0.008810000 1.140848875 -0.000179558 0.999889612 0.014853852 -1.822391510 0.008813639 -0.014851692 0.999850869 64.908218384
0.999960005 -0.000099581 -0.008938038 1.160115480 0.000232770 0.999888957 0.014901574 -1.828520417 0.008935562 -0.014903058 0.999849081 65.422180176
0.999963343 0.000506946 -0.008544095 1.161773682 -0.000380246 0.999890029 0.014823962 -1.830682397 0.008550672 -0.014820171 0.999853611 65.934196472
0.999955177 -0.001303626 -0.009385021 1.176863313 0.001442944 0.999888659 0.014853271 -1.838758230 0.009364613 -0.014866146 0.999845624 66.501159668
0.999964714 0.000630377 -0.008374316 1.102673888 -0.000506772 0.999890983 0.014753946 -1.910175681 0.008382703 -0.014749181 0.999856114 66.964347839
0.999965131 0.000933883 -0.008294056 1.107109427 -0.000812983 0.999893427 0.014568190 -1.911296010 0.008306777 -0.014560939 0.999859512 67.519508362
0.999966919 0.001073674 -0.008064512 1.103583336 -0.000958916 0.999898374 0.014220442 -1.912693739 0.008078961 -0.014212238 0.999866366 68.090667725
0.999961376 0.001248203 -0.008698083 1.118947387 -0.001120166 0.999891162 0.014709560 -1.928321481 0.008715497 -0.014699250 0.999853969 68.579772949
0.999953210 -0.000335448 -0.009665231 1.129874468 0.000476509 0.999893308 0.014596104 -1.930795550 0.009659303 -0.014600026 0.999846816 69.121185303
0.999961317 0.000335736 -0.008785171 1.140750647 -0.000203300 0.999886453 0.015071492 -1.945364714 0.008789232 -0.015069124 0.999847889 69.632278442
0.999957740 -0.000318918 -0.009186202 1.177435994 0.000456765 0.999887288 0.015007682 -1.960229158 0.009180381 -0.015011243 0.999845147 70.124633789
0.999955952 -0.000223209 -0.009390135 1.184008598 0.000364537 0.999886632 0.015051700 -1.967191577 0.009385712 -0.015054459 0.999842584 70.669784546
0.999954045 -0.000353482 -0.009573815 1.191269159 0.000495107 0.999890506 0.014794648 -1.972026348 0.009567537 -0.014798707 0.999844670 71.227035522
0.999961019 0.000215795 -0.008819940 1.194418907 -0.000081785 0.999884605 0.015191459 -1.999393225 0.008822201 -0.015190147 0.999845684 71.715133667
0.999965549 0.000858456 -0.008259660 1.148503065 -0.000733685 0.999885738 0.015097182 -2.020278931 0.008271676 -0.015090602 0.999851942 72.349967957
0.999957263 -0.000051775 -0.009244520 1.220451117 0.000191303 0.999886155 0.015092884 -1.993437886 0.009242682 -0.015094007 0.999843419 72.806427002
0.999968946 0.001436858 -0.007751950 1.144321799 -0.001319397 0.999884546 0.015136356 -2.046055794 0.007772803 -0.015125657 0.999855399 73.412261963
0.999962807 0.001344269 -0.008519742 1.160897732 -0.001216688 0.999887228 0.014962235 -2.049622536 0.008538895 -0.014951311 0.999851823 73.979713440
0.999966800 0.000733957 -0.008113038 1.172554255 -0.000612920 0.999888659 0.014911287 -2.048666954 0.008123078 -0.014905821 0.999855876 74.504981995
0.999960005 -0.000061522 -0.008937109 1.169703841 0.000195652 0.999887288 0.015008061 -2.048154354 0.008935180 -0.015009210 0.999847412 75.022125244
0.999962747 -0.000119866 -0.008632554 1.189651132 0.000247716 0.999890327 0.014810720 -2.063540459 0.008629831 -0.014812307 0.999853015 75.596023560
0.999965370 0.000118554 -0.008315844 1.186689734 0.000002417 0.999894202 0.014545480 -2.075913906 0.008316688 -0.014544998 0.999859631 76.149551392
0.999966741 0.000997804 -0.008095134 1.176085949 -0.000877050 0.999888480 0.014906759 -2.072564363 0.008109105 -0.014899164 0.999856114 76.700843811
0.999963880 -0.000164279 -0.008492117 1.219200850 0.000286789 0.999895930 0.014427127 -2.076766014 0.008488864 -0.014429043 0.999859869 77.253875732
0.999969065 0.000921329 -0.007813804 1.193773270 -0.000806878 0.999892533 0.014637899 -2.085480690 0.007826451 -0.014631143 0.999862254 77.795265198
0.999967396 0.000632291 -0.008046563 1.201574445 -0.000516009 0.999895513 0.014445075 -2.098354816 0.008054857 -0.014440454 0.999863207 78.341827393
0.999968767 0.000666959 -0.007873599 1.210177660 -0.000553429 0.999895930 0.014412538 -2.106530905 0.007882393 -0.014407732 0.999865115 78.883743286
0.999973655 0.000828149 -0.007210666 1.214352846 -0.000723757 0.999895096 0.014468014 -2.108518362 0.007221892 -0.014462414 0.999869347 79.445625305
0.999980032 0.000688677 -0.006286426 1.226473093 -0.000601254 0.999903202 0.013897933 -2.115682840 0.006295389 -0.013893876 0.999883652 79.993644714
0.999986887 0.000412847 -0.005100516 1.231629848 -0.000341677 0.999902666 0.013946480 -2.125636578 0.005105777 -0.013944553 0.999889731 80.550193787
0.999993920 0.000283216 -0.003483153 1.243720651 -0.000234582 0.999902546 0.013955178 -2.132955551 0.003486767 -0.013954276 0.999896467 81.085357666
0.999999940 0.000346508 0.000357766 1.259425640 -0.000351425 0.999904275 0.013834116 -2.140906572 -0.000352937 -0.013834242 0.999904156 81.631233215
0.999992847 -0.000461132 0.003757157 1.285952330 0.000408340 0.999901295 0.014039895 -2.149482489 -0.003763261 -0.014038262 0.999894321 82.164161682
0.999979258 0.000158929 0.006442749 1.306228995 -0.000247245 0.999906003 0.013709356 -2.154394150 -0.006439964 -0.013710665 0.999885261 82.699508667
0.999935508 0.000263334 0.011347112 1.326618433 -0.000416820 0.999908447 0.013526215 -2.155399799 -0.011342511 -0.013530074 0.999844134 83.266525269
0.999847889 0.000649488 0.017427715 1.356539488 -0.000889675 0.999904692 0.013777687 -2.166342735 -0.017417101 -0.013791095 0.999753177 83.811187744
0.999734461 0.000614662 0.023035517 1.389425993 -0.000930190 0.999905884 0.013689219 -2.178359985 -0.023024932 -0.013707012 0.999640882 84.351280212
0.999582708 0.000550285 0.028880315 1.416731238 -0.000941915 0.999907792 0.013548616 -2.179990768 -0.028870191 -0.013570166 0.999491036 84.941421509
0.999331295 0.000485752 0.036561832 1.457612872 -0.000976678 0.999909580 0.013410639 -2.177258015 -0.036552012 -0.013437379 0.999241412 85.491546631
0.999016583 -0.000302672 0.044336829 1.514142036 -0.000300349 0.999907494 0.013593595 -2.198502302 -0.044336837 -0.013593544 0.998924136 86.066772461
0.998700678 -0.000677104 0.050956335 1.563123703 -0.000006980 0.999909878 0.013423535 -2.202297211 -0.050960839 -0.013406451 0.998610675 86.607826233
0.998217702 -0.000818840 0.059671286 1.614457369 0.000028654 0.999912262 0.013241955 -2.210873365 -0.059676893 -0.013216645 0.998130262 87.147483826
0.997575760 -0.001045157 0.069582850 1.678821087 0.000122798 0.999912024 0.013258507 -2.219883442 -0.069590583 -0.013217817 0.997488081 87.702987671
0.996951818 -0.001377781 0.078006938 1.748988628 0.000349765 0.999912918 0.013190657 -2.225721121 -0.078018323 -0.013123167 0.996865511 88.242591858
0.996273398 -0.001508098 0.086238369 1.812558651 0.000388937 0.999915540 0.012992868 -2.237598896 -0.086250678 -0.012910907 0.996189833 88.806846619
0.995292187 -0.001170537 0.096912816 1.884727955 -0.000126227 0.999910593 0.013373519 -2.245985746 -0.096919805 -0.013322791 0.995203078 89.348838806
0.994246066 -0.001743656 0.107105970 1.992037296 0.000298362 0.999908686 0.013508596 -2.264921904 -0.107119754 -0.013398913 0.994155824 89.876304626
0.993207157 -0.002044968 0.116340972 2.075724602 0.000489001 0.999910057 0.013401158 -2.276087761 -0.116357923 -0.013253236 0.993118942 90.435371399
0.991851747 -0.002123520 0.127379552 2.171749115 0.000403512 0.999908388 0.013527296 -2.279923439 -0.127396613 -0.013365672 0.991761804 90.974815369
0.990218103 -0.001978288 0.139513895 2.273696899 0.000085445 0.999907911 0.013572100 -2.292511940 -0.139527872 -0.013427419 0.990127027 91.517570496
0.988690495 -0.002993627 0.149940103 2.383211136 0.001016997 0.999911606 0.013257746 -2.299641609 -0.149966523 -0.012955319 0.988606215 92.063377380
0.987092197 -0.003356484 0.160117999 2.502190590 0.001271622 0.999913096 0.013121477 -2.303246021 -0.160148144 -0.012748499 0.987010598 92.609771729
0.984940529 -0.003615837 0.172855675 2.625516891 0.001371128 0.999913216 0.013103673 -2.313872337 -0.172888070 -0.012669333 0.984859943 93.135986328
0.982643247 -0.003677893 0.185468942 2.736227989 0.001269358 0.999913335 0.013103256 -2.319173813 -0.185501054 -0.012640402 0.982562780 93.695907593
0.980627477 -0.003857564 0.195844099 2.866963387 0.001312860 0.999913037 0.013121674 -2.322720528 -0.195877686 -0.012610358 0.980547249 94.240043640
0.977967501 -0.004348835 0.208711833 3.006643295 0.001695197 0.999915421 0.012891550 -2.328982830 -0.208750308 -0.012253709 0.977892220 94.776977539
0.974998772 -0.004185663 0.222170785 3.157249451 0.001259567 0.999910593 0.013310534 -2.338961124 -0.222206652 -0.012697914 0.974916816 95.320732117
0.972392857 -0.004798881 0.233300239 3.305084229 0.001777480 0.999911845 0.013159219 -2.349067450 -0.233342826 -0.012381246 0.972315729 95.852142334
0.969382048 -0.005013765 0.245506167 3.469987869 0.001833413 0.999911427 0.013181106 -2.362036943 -0.245550528 -0.012327416 0.969305336 96.371826172
0.965741813 -0.005202260 0.259452522 3.636362076 0.001761066 0.999907374 0.013493966 -2.375471592 -0.259498656 -0.012574775 0.965661585 96.889099121
0.962405503 -0.005693249 0.271557122 3.823299408 0.002122774 0.999907434 0.013440096 -2.378277779 -0.271608442 -0.012358369 0.962328494 97.420448303
0.959073722 -0.005768439 0.283097684 3.993963242 0.002151289 0.999912083 0.013086251 -2.389945984 -0.283148289 -0.011941654 0.959001720 97.941368103
0.954840839 -0.005607268 0.297064841 4.179801941 0.001574512 0.999903381 0.013812874 -2.393389225 -0.297113538 -0.012721362 0.954757392 98.481529236
0.950595915 -0.006645232 0.310359865 4.385007858 0.002582663 0.999905527 0.013498958 -2.399913788 -0.310420245 -0.012030502 0.950523317 98.989776611
0.946815729 -0.007015578 0.321699888 4.586730957 0.002771497 0.999903023 0.013648754 -2.408552885 -0.321764439 -0.012031265 0.946743309 99.513679504
0.942191362 -0.006650864 0.335009485 4.786022186 0.002202759 0.999904394 0.013655755 -2.416135311 -0.335068285 -0.012128389 0.942115784 100.029701233
0.937062383 -0.006806851 0.349096030 5.006807327 0.002097144 0.999901652 0.013867324 -2.428415775 -0.349156082 -0.012262440 0.936984301 100.544616699
0.932452381 -0.007553512 0.361213982 5.233129501 0.002598946 0.999895930 0.014200251 -2.435529709 -0.361283600 -0.012302283 0.932374835 101.056930542
0.928329110 -0.008303375 0.371666700 5.455757141 0.003315891 0.999895632 0.014056333 -2.441195488 -0.371744633 -0.011816496 0.928259850 101.558242798
0.922676086 -0.008067180 0.385491520 5.681110382 0.002877346 0.999897242 0.014037905 -2.446241379 -0.385565221 -0.011843246 0.922604501 102.057479858
0.917083919 -0.007996130 0.398614019 5.917083740 0.002677917 0.999899805 0.013896786 -2.448901653 -0.398685217 -0.011677067 0.917013466 102.551101685
0.912078381 -0.007958907 0.409938574 6.165149689 0.002636875 0.999904752 0.013546203 -2.455914974 -0.410007358 -0.011274243 0.912012517 103.050491333
0.905769587 -0.008980062 0.423675448 6.427101135 0.003395407 0.999897122 0.013934448 -2.458790302 -0.423756987 -0.011182847 0.905707002 103.545730591
0.899149477 -0.008743660 0.437554270 6.700363159 0.003064268 0.999901652 0.013684169 -2.463006973 -0.437630951 -0.010963328 0.899087846 104.040756226
0.893247545 -0.009251833 0.449469894 6.969444275 0.003316459 0.999896586 0.013990837 -2.474052906 -0.449552774 -0.011006634 0.893185973 104.513381958
0.887821436 -0.010412899 0.460070312 7.243389130 0.004482273 0.999892235 0.013981165 -2.472357035 -0.460166305 -0.010350616 0.887772381 104.991210938
0.880667686 -0.010884545 0.473609477 7.528907776 0.004839409 0.999890566 0.013980811 -2.478197575 -0.473709822 -0.010020459 0.880623996 105.474349976
