1.000000000 0.000000000 0.000000000 0.000000000 0.000000000 1.000000000 0.000000000 0.000000000 0.000000000 0.000000000 1.000000000 0.000000000
1.000000000 -0.000007735 -0.000083387 0.000619243 0.000007728 1.000000000 -0.000078532 0.000701588 0.000083387 0.000078531 1.000000000 -0.000197450
1.000000000 -0.000085370 0.000044090 0.000387225 0.000085369 1.000000000 0.000007909 0.000405973 -0.000044091 -0.000007905 1.000000000 0.000314842
1.000000000 -0.000044930 0.000016236 0.000321140 0.000044930 1.000000000 -0.000006010 0.000582910 -0.000016235 0.000006011 1.000000000 -0.000115912
1.000000000 -0.000162817 0.000002591 0.000253534 0.000162817 1.000000000 0.000065538 -0.000604486 -0.000002602 -0.000065538 1.000000000 -0.001113547
1.000000000 0.000031215 0.000178397 -0.000049075 -0.000031203 1.000000000 -0.000064420 0.001000117 -0.000178399 0.000064414 1.000000000 0.000481475
1.000000000 -0.000084510 0.000039460 0.001368591 0.000084511 1.000000000 -0.000006650 0.000775143 -0.000039459 0.000006653 1.000000000 0.000628451
1.000000000 -0.000006594 0.000023568 -0.000036996 0.000006591 1.000000000 0.000121202 -0.000708287 -0.000023568 -0.000121202 1.000000000 -0.001265374
1.000000000 0.000016971 -0.000054626 0.000178206 -0.000016974 1.000000000 -0.000055808 -0.000589253 0.000054625 0.000055809 1.000000000 -0.001963439
1.000000000 0.000005553 0.000028838 -0.000174650 -0.000005555 1.000000000 0.000065906 -0.001356896 -0.000028838 -0.000065906 1.000000000 -0.002067716
1.000000000 0.000067098 0.000020992 -0.000736847 -0.000067100 1.000000000 0.000076768 -0.001050825 -0.000020987 -0.000076769 1.000000000 -0.000687981
1.000000000 -0.000045398 0.000034887 -0.000248679 0.000045394 1.000000000 0.000101293 -0.001316429 -0.000034891 -0.000101291 1.000000000 -0.001951553
1.000000000 0.000148846 0.000074965 -0.000550288 -0.000148840 1.000000000 -0.000086947 -0.000441922 -0.000074978 0.000086936 1.000000000 -0.000429812
1.000000000 -0.000058050 0.000014622 0.000329089 0.000058049 1.000000000 0.000029023 0.000403638 -0.000014624 -0.000029023 1.000000000 0.000107862
1.000000000 0.000041153 0.000033586 -0.001569626 -0.000041149 1.000000000 -0.000130290 0.000605898 -0.000033591 0.000130288 1.000000000 -0.001141805
1.000000000 0.000213019 -0.000036426 0.000282769 -0.000213023 1.000000000 -0.000108558 0.002031389 0.000036403 0.000108566 1.000000000 0.002266382
0.999999940 0.000240845 0.000100977 -0.001326646 -0.000240831 0.999999940 -0.000137246 0.002295516 -0.000101010 0.000137222 1.000000000 0.002726486
1.000000000 0.000238049 0.000021875 -0.001298297 -0.000238046 0.999999940 -0.000135747 0.001425143 -0.000021907 0.000135742 1.000000000 -0.000219581
0.999999940 0.000306439 0.000173267 -0.002210666 -0.000306422 0.999999940 -0.000099212 0.002271828 -0.000173297 0.000099159 1.000000000 0.002453916
1.000000000 0.000148388 0.000170515 -0.001383928 -0.000148369 1.000000000 -0.000110924 0.001746139 -0.000170531 0.000110898 1.000000000 0.002136526
1.000000000 0.000187975 0.000107743 -0.001530939 -0.000187969 1.000000000 -0.000053799 0.001592504 -0.000107753 0.000053779 1.000000000 0.001780948
0.999999940 0.000241515 0.000074382 -0.001832638 -0.000241510 0.999999940 -0.000079129 0.002136896 -0.000074402 0.000079111 1.000000000 0.001966094
1.000000000 0.000191260 0.000006464 -0.000604023 -0.000191259 1.000000000 -0.000085472 0.002291395 -0.000006480 0.000085471 1.000000000 0.003076134
1.000000000 0.000178749 0.000081845 -0.001500336 -0.000178746 1.000000000 -0.000040564 0.002672984 -0.000081853 0.000040549 1.000000000 0.003180828
0.999999881 0.000531185 0.000070172 -0.001888076 -0.000531184 0.999999881 -0.000027565 0.002203881 -0.000070187 0.000027527 1.000000000 0.003604316
0.999999940 0.000404157 0.000092814 -0.001547558 -0.000404150 0.999999940 -0.000077672 0.002265428 -0.000092845 0.000077634 1.000000000 0.001721940
0.999999940 0.000295914 0.000139166 -0.002032475 -0.000295903 0.999999940 -0.000074123 0.002858181 -0.000139188 0.000074082 1.000000000 0.003715480
0.999999940 0.000315197 0.000207661 -0.002642541 -0.000315202 0.999999940 0.000023569 0.001674602 -0.000207653 -0.000023635 1.000000000 0.002640440
0.999999940 0.000259298 0.000070330 -0.000878974 -0.000259294 0.999999940 -0.000052663 0.002462837 -0.000070344 0.000052644 1.000000000 0.002793896
0.999999940 0.000260541 0.000161096 -0.002132103 -0.000260521 0.999999940 -0.000124511 0.002839532 -0.000161128 0.000124469 1.000000000 0.003227636
0.999999940 0.000298441 0.000141317 -0.001284151 -0.000298434 0.999999940 -0.000046510 0.002090144 -0.000141331 0.000046467 1.000000000 0.002771807
0.999999940 0.000269447 0.000177430 -0.001279920 -0.000269423 0.999999940 -0.000132468 0.003932859 -0.000177466 0.000132420 1.000000000 0.004386828
0.999999940 0.000258958 0.000093269 -0.000576366 -0.000258940 0.999999940 -0.000193475 0.003814246 -0.000093319 0.000193450 1.000000000 0.004413155
0.999999940 0.000306834 0.000204694 -0.001219451 -0.000306814 0.999999940 -0.000095763 0.002285100 -0.000204724 0.000095701 1.000000000 0.001605096
0.999999881 0.000429040 0.000195321 -0.002672406 -0.000429003 0.999999881 -0.000189613 0.002551816 -0.000195402 0.000189529 0.999999940 0.002133642
0.999999881 0.000381328 0.000189440 -0.001759782 -0.000381295 0.999999940 -0.000173559 0.002364662 -0.000189506 0.000173487 0.999999940 0.002917838
0.999999940 0.000245947 0.000122957 -0.000916141 -0.000245938 0.999999940 -0.000072955 0.002652180 -0.000122975 0.000072925 1.000000000 0.002652050
0.999999940 0.000338448 0.000172448 -0.002273496 -0.000338430 0.999999940 -0.000102375 0.003176507 -0.000172483 0.000102317 1.000000000 0.003791195
0.999999881 0.000433121 0.000227227 -0.002188073 -0.000433115 0.999999881 -0.000027198 0.001909775 -0.000227239 0.000027100 1.000000000 0.003132918
0.999999940 0.000233919 0.000105478 -0.000110750 -0.000233913 1.000000000 -0.000056008 0.003269362 -0.000105491 0.000055983 1.000000000 0.003527450
1.000000000 0.000140198 0.000079825 -0.000437418 -0.000140188 1.000000000 -0.000130877 0.001993715 -0.000079844 0.000130865 1.000000000 0.004678149
0.999999940 0.000378946 0.000091410 0.001661539 -0.000378889 0.999999762 -0.000620149 -0.000481854 -0.000091645 0.000620114 0.999999821 0.052493565
0.999999881 0.000437635 0.000085798 0.000216597 -0.000437537 0.999999285 -0.001136765 -0.002967683 -0.000086295 0.001136727 0.999999344 0.138572589
1.000000000 0.000222751 0.000093405 0.003386495 -0.000222617 0.999998927 -0.001432570 -0.008544897 -0.000093724 0.001432549 0.999998987 0.252015352
0.999999821 0.000602775 0.000124658 0.008285983 -0.000602633 0.999999166 -0.001135592 -0.011072895 -0.000125342 0.001135516 0.999999344 0.386809349
0.999997973 0.001207001 0.001624250 -0.007831640 -0.001205914 0.999998987 -0.000670098 -0.019373478 -0.001625057 0.000668138 0.999998450 0.538456321
0.999999106 0.000621792 0.001261360 -0.002496011 -0.000620592 0.999999344 -0.000951210 -0.021508550 -0.001261951 0.000950427 0.999998748 0.689999163
0.999998152 0.001074547 0.001618490 -0.000708253 -0.001074088 0.999999344 -0.000284749 -0.028407509 -0.001618795 0.000283011 0.999998629 0.848762214
0.999998093 0.001132022 0.001596229 0.002938354 -0.001131476 0.999999225 -0.000343205 -0.029987069 -0.001596617 0.000341398 0.999998689 1.036043048
0.999998212 0.001007440 0.001610697 0.006539634 -0.001006881 0.999999344 -0.000348172 -0.035029840 -0.001611048 0.000346549 0.999998689 1.212929845
0.999997199 0.001349535 0.001949134 0.008357534 -0.001349495 0.999999046 -0.000022024 -0.041211437 -0.001949162 0.000019394 0.999998093 1.399153948
0.999997735 0.001412761 0.001644610 0.013737927 -0.001412810 0.999998987 0.000028894 -0.044576976 -0.001644567 -0.000031218 0.999998689 1.600847960
0.999995470 0.001779030 0.002417267 0.008224673 -0.001779915 0.999998271 0.000364236 -0.054765604 -0.002416615 -0.000368537 0.999996960 1.795916796
0.999996006 0.001573097 0.002313566 0.013234228 -0.001574345 0.999998569 0.000537935 -0.060537100 -0.002312716 -0.000541576 0.999997199 2.000193834
0.999996126 0.001194176 0.002501257 0.014383521 -0.001195641 0.999999046 0.000584074 -0.070953280 -0.002500557 -0.000587063 0.999996722 2.210436583
0.999995470 0.001497078 0.002622698 0.020137111 -0.001499212 0.999998569 0.000811760 -0.075458869 -0.002621478 -0.000815689 0.999996245 2.433641672
0.999994457 0.001573991 0.002931903 0.022161625 -0.001575415 0.999998629 0.000483389 -0.080852270 -0.002931138 -0.000488005 0.999995589 2.657706738
0.999994338 0.001672295 0.002881922 0.028914005 -0.001674060 0.999998331 0.000610211 -0.088507034 -0.002880897 -0.000615032 0.999995589 2.889964819
0.999993980 0.001590887 0.003103630 0.030774683 -0.001593074 0.999998450 0.000702387 -0.093347713 -0.003102508 -0.000707327 0.999994934 3.132262945
0.999995828 0.001235035 0.002595675 0.042516086 -0.001237875 0.999998569 0.001092625 -0.106991984 -0.002594322 -0.001095834 0.999996006 3.367982626
0.999993861 0.001461750 0.003181384 0.043136638 -0.001464494 0.999998569 0.000860294 -0.108958729 -0.003180122 -0.000864948 0.999994576 3.607975006
0.999992490 0.001899306 0.003378099 0.046056155 -0.001902704 0.999997735 0.001002889 -0.116992213 -0.003376186 -0.001009309 0.999993801 3.864499569
0.999991775 0.002300574 0.003338413 0.053248968 -0.002303224 0.999996960 0.000790146 -0.117496379 -0.003336586 -0.000797828 0.999994099 4.132111549
0.999989033 0.002729453 0.003799695 0.056297317 -0.002731714 0.999996066 0.000589993 -0.117946237 -0.003798070 -0.000600366 0.999992609 4.397328377
0.999990165 0.002527757 0.003640437 0.061230250 -0.002529786 0.999996543 0.000552712 -0.127341032 -0.003639028 -0.000561916 0.999993145 4.652460575
0.999991119 0.002315813 0.003528991 0.070740074 -0.002318694 0.999996960 0.000812388 -0.137268096 -0.003527098 -0.000820563 0.999993443 4.916543961
0.999990821 0.002531370 0.003456888 0.077985622 -0.002535032 0.999996245 0.001055366 -0.144532427 -0.003454203 -0.001064120 0.999993443 5.174690723
0.999989331 0.002515058 0.003879456 0.076733381 -0.002519026 0.999996305 0.001018329 -0.153061181 -0.003876880 -0.001028091 0.999991953 5.445490360
0.999988437 0.002671395 0.004001118 0.084343717 -0.002675509 0.999995887 0.001023043 -0.159316599 -0.003998369 -0.001033736 0.999991477 5.712515831
0.999989331 0.002298506 0.004007665 0.085656509 -0.002303421 0.999996603 0.001222378 -0.169732615 -0.004004841 -0.001231596 0.999991238 5.989274502
0.999987364 0.002463771 0.004372092 0.088409185 -0.002468164 0.999996483 0.000999551 -0.177301213 -0.004369613 -0.001010330 0.999989927 6.271265984
0.999986410 0.002898037 0.004339675 0.103172824 -0.002902602 0.999995351 0.001045940 -0.178470984 -0.004336623 -0.001058523 0.999990046 6.563418388
0.999986172 0.002961309 0.004351187 0.100653365 -0.002967048 0.999994755 0.001313047 -0.190917775 -0.004347275 -0.001325939 0.999989688 6.866784096
0.999984205 0.003304707 0.004550677 0.106441632 -0.003309778 0.999993920 0.001107335 -0.197274864 -0.004546990 -0.001122379 0.999989033 7.170233250
0.999986589 0.002473980 0.004547758 0.116233930 -0.002479692 0.999996066 0.001250788 -0.207529560 -0.004544647 -0.001262048 0.999988854 7.472227097
0.999985993 0.002787089 0.004500010 0.119152680 -0.002794491 0.999994755 0.001639438 -0.224481612 -0.004495417 -0.001651990 0.999988556 7.770199776
0.999983370 0.003268183 0.004746022 0.125517130 -0.003276016 0.999993324 0.001643626 -0.230097517 -0.004740619 -0.001659147 0.999987423 8.092192650
0.999982238 0.003474100 0.004843315 0.133907139 -0.003481810 0.999992669 0.001584475 -0.238940448 -0.004837775 -0.001601311 0.999987006 8.412100792
0.999982893 0.003249188 0.004855207 0.140867785 -0.003255967 0.999993742 0.001389025 -0.245782733 -0.004850663 -0.001404810 0.999987245 8.743712425
0.999981046 0.003362891 0.005166864 0.146708429 -0.003369937 0.999993443 0.001355657 -0.252888054 -0.005162271 -0.001373043 0.999985754 9.084321976
0.999980450 0.003714873 0.005042733 0.154912114 -0.003722744 0.999991894 0.001552431 -0.266729146 -0.005036925 -0.001571174 0.999986053 9.412979126
0.999977648 0.004081964 0.005311918 0.164758980 -0.004088511 0.999990940 0.001222155 -0.274266541 -0.005306881 -0.001243846 0.999985158 9.762401581
0.999979317 0.003676547 0.005263067 0.167080507 -0.003684135 0.999992192 0.001432692 -0.286351770 -0.005257758 -0.001452053 0.999985099 10.129758835
0.999975562 0.004075334 0.005671244 0.170415431 -0.004084854 0.999990284 0.001668106 -0.298330516 -0.005664391 -0.001691232 0.999982536 10.483650208
0.999976277 0.004162539 0.005496188 0.182415456 -0.004172613 0.999989629 0.001822729 -0.311657459 -0.005488544 -0.001845620 0.999983191 10.837724686
0.999978840 0.003324668 0.005587491 0.193508655 -0.003333235 0.999993324 0.001524674 -0.312867165 -0.005582385 -0.001543266 0.999983191 11.220071793
0.999979198 0.003325967 0.005525846 0.198694408 -0.003333038 0.999993622 0.001270911 -0.326123804 -0.005521584 -0.001289302 0.999983907 11.600586891
0.999980450 0.003248799 0.005339078 0.211448014 -0.003253686 0.999994278 0.000907008 -0.328795910 -0.005336101 -0.000924362 0.999985337 11.986397743
0.999977946 0.003845192 0.005415545 0.221484840 -0.003854669 0.999991059 0.001740785 -0.348430187 -0.005408803 -0.001761621 0.999983788 12.363614082
0.999974847 0.003920611 0.005910324 0.227197796 -0.003934427 0.999989510 0.002327772 -0.369129837 -0.005901136 -0.002350967 0.999979854 12.749018669
0.999973118 0.004015884 0.006131347 0.233864754 -0.004031536 0.999988675 0.002542653 -0.379098326 -0.006121066 -0.002567303 0.999978006 13.155174255
0.999972999 0.003956113 0.006197627 0.242910072 -0.003970806 0.999989390 0.002360169 -0.391407520 -0.006188224 -0.002384715 0.999978065 13.530739784
0.999970138 0.003799333 0.006726510 0.252517760 -0.003815934 0.999989688 0.002456932 -0.401966244 -0.006717106 -0.002482527 0.999974370 13.963785172
0.999965131 0.004465748 0.007053288 0.261418104 -0.004489833 0.999984205 0.003402642 -0.414609045 -0.007037981 -0.003434193 0.999969363 14.383083344
0.999959528 0.004747876 0.007638506 0.268598795 -0.004768310 0.999985039 0.002659189 -0.423411727 -0.007625767 -0.002695504 0.999967277 14.798803329
0.999966919 0.003606201 0.007288513 0.284557104 -0.003627293 0.999989212 0.002882670 -0.444111615 -0.007278038 -0.002909012 0.999969304 15.232043266
0.999961674 0.003899527 0.007841417 0.288286984 -0.003925382 0.999986887 0.003284637 -0.457483053 -0.007828506 -0.003315292 0.999963880 15.674242973
0.999957979 0.003946522 0.008273247 0.302897155 -0.003973581 0.999986827 0.003256776 -0.466187418 -0.008260285 -0.003289514 0.999960482 16.128690720
0.999951661 0.004883821 0.008537209 0.315467209 -0.004912436 0.999982357 0.003334005 -0.483369648 -0.008520775 -0.003375783 0.999957979 16.550884247
0.999944270 0.005549646 0.008988432 0.322733700 -0.005576211 0.999980032 0.002933185 -0.491840363 -0.008971975 -0.002983143 0.999955297 17.007112503
0.999942780 0.005459809 0.009207236 0.336987734 -0.005487289 0.999980509 0.002961942 -0.504538596 -0.009190886 -0.003012295 0.999953210 17.455642700
0.999948204 0.004306008 0.009220416 0.349338710 -0.004331640 0.999986768 0.002761666 -0.514688492 -0.009208402 -0.002801462 0.999953628 17.922796249
0.999948680 0.003943418 0.009322183 0.365984797 -0.003965983 0.999989331 0.002403288 -0.525603294 -0.009312605 -0.002440137 0.999953687 18.391061783
0.999946475 0.003530167 0.009719847 0.386204422 -0.003552127 0.999991238 0.002242894 -0.531825602 -0.009711843 -0.002277300 0.999950230 18.862400055
0.999941051 0.004237175 0.009994590 0.388709247 -0.004260056 0.999988437 0.002269184 -0.544810176 -0.009984859 -0.002311628 0.999947429 19.354902267
0.999937654 0.004387948 0.010266923 0.401337385 -0.004410469 0.999987900 0.002171904 -0.561409950 -0.010257269 -0.002217051 0.999944925 19.855974197
0.999936521 0.004641963 0.010261063 0.410869807 -0.004668766 0.999985754 0.002589693 -0.575790524 -0.010248895 -0.002637435 0.999944031 20.341449738
0.999938190 0.004469473 0.010175935 0.434600532 -0.004485314 0.999988675 0.001534425 -0.582706153 -0.010168963 -0.001579972 0.999947011 20.836320877
0.999940455 0.004242257 0.010052647 0.433822125 -0.004271603 0.999986649 0.002899547 -0.604526401 -0.010040212 -0.002942315 0.999945283 21.344896317
0.999945939 0.004079322 0.009565734 0.447367072 -0.004101428 0.999988973 0.002292446 -0.608260989 -0.009556279 -0.002331556 0.999951661 21.858793259
0.999951124 0.003775315 0.009141740 0.456791073 -0.003802487 0.999988317 0.002956778 -0.632106423 -0.009130473 -0.002991394 0.999953866 22.353818893
0.999951601 0.004151645 0.008916976 0.472740352 -0.004178002 0.999986887 0.002939162 -0.643906116 -0.008904657 -0.002976275 0.999955893 22.867706299
0.999953389 0.004601736 0.008482061 0.485335559 -0.004626937 0.999984920 0.002953832 -0.659682333 -0.008468340 -0.002992940 0.999959648 23.389184952
0.999958336 0.004183929 0.008115645 0.490597010 -0.004208591 0.999986589 0.003024151 -0.677482128 -0.008102885 -0.003058181 0.999962449 23.908704758
0.999970436 0.002670693 0.007216114 0.510304034 -0.002691704 0.999992132 0.002903355 -0.691682458 -0.007208304 -0.002922692 0.999969721 24.442230225
0.999967515 0.003793375 0.007108281 0.517187178 -0.003814096 0.999988496 0.002903798 -0.705758810 -0.007097184 -0.002930815 0.999970496 24.978580475
0.999972463 0.003991747 0.006258108 0.536178470 -0.004010768 0.999987483 0.003029778 -0.719061315 -0.006245934 -0.003054794 0.999975801 25.531772614
0.999975085 0.004300391 0.005605763 0.542973578 -0.004320159 0.999984503 0.003519081 -0.738691747 -0.005590542 -0.003543211 0.999978125 26.072147369
0.999976218 0.004353948 0.005351869 0.560831606 -0.004370137 0.999985874 0.003016705 -0.744985580 -0.005338659 -0.003040022 0.999981105 26.631731033
0.999980450 0.004231411 0.004598690 0.573139548 -0.004247516 0.999984860 0.003497809 -0.758039296 -0.004583820 -0.003517273 0.999983251 27.189435959
0.999981821 0.004019139 0.004490289 0.581651270 -0.004035597 0.999985099 0.003661945 -0.769756913 -0.004475505 -0.003680000 0.999983251 27.764650345
0.999981940 0.004265656 0.004219304 0.598618746 -0.004280515 0.999984622 0.003519183 -0.795389533 -0.004204227 -0.003537181 0.999984920 28.280908585
0.999974251 0.005414973 0.004708088 0.606762648 -0.005432080 0.999978542 0.003628236 -0.805321276 -0.004688341 -0.003653717 0.999982357 28.842456818
0.999978900 0.004991625 0.004163655 0.620203376 -0.005007307 0.999980390 0.003764701 -0.818464994 -0.004144782 -0.003785472 0.999984205 29.384653091
0.999984145 0.004766389 0.002996860 0.637732804 -0.004776549 0.999982834 0.003392594 -0.830569565 -0.002980638 -0.003406855 0.999989748 29.936798096
0.999982536 0.004864132 0.003365684 0.640906155 -0.004875686 0.999982238 0.003432766 -0.841516197 -0.003348926 -0.003449116 0.999988437 30.479831696
0.999980807 0.005370572 0.003097458 0.654019952 -0.005380618 0.999980330 0.003244233 -0.855528295 -0.003079973 -0.003260836 0.999989927 31.031578064
0.999979675 0.005315219 0.003527989 0.662261248 -0.005327841 0.999979377 0.003578023 -0.873118401 -0.003508898 -0.003596747 0.999987364 31.592277527
0.999977410 0.005970219 0.003100779 0.670556188 -0.005979454 0.999977708 0.002977447 -0.881933331 -0.003082935 -0.002995921 0.999990702 32.140750885
0.999980271 0.005374365 0.003249269 0.685294390 -0.005384124 0.999980986 0.003002026 -0.897921026 -0.003233073 -0.003019461 0.999990225 32.691089630
0.999983728 0.005060087 0.002609262 0.695172131 -0.005068709 0.999981701 0.003307885 -0.915293753 -0.002592476 -0.003321058 0.999991119 33.237319946
0.999984443 0.005190698 0.002007618 0.707155645 -0.005198065 0.999979675 0.003681530 -0.933647156 -0.001988467 -0.003691909 0.999991179 33.779598236
0.999984980 0.004978118 0.002268537 0.720694780 -0.004985961 0.999981701 0.003464681 -0.940955997 -0.002251248 -0.003475939 0.999991357 34.326793671
0.999987483 0.004820127 0.001257217 0.736616313 -0.004824293 0.999982834 0.003332429 -0.954658449 -0.001241133 -0.003338453 0.999993622 34.864509583
0.999988735 0.004693702 0.000765441 0.747834384 -0.004696046 0.999984205 0.003090732 -0.970157683 -0.000750923 -0.003094292 0.999994874 35.388969421
0.999990046 0.004181041 0.001553660 0.756519735 -0.004186699 0.999984562 0.003656350 -0.977369130 -0.001538349 -0.003662818 0.999992132 35.931442261
0.999989212 0.004354997 0.001634237 0.771288574 -0.004359872 0.999986112 0.002990858 -0.981202483 -0.001621189 -0.002997951 0.999994218 36.486999512
0.999990344 0.004274298 0.000925801 0.780902505 -0.004277097 0.999986291 0.003043084 -1.000578523 -0.000912781 -0.003047015 0.999994934 37.060253143
0.999990404 0.004202956 0.001256973 0.794158340 -0.004207077 0.999985695 0.003293331 -1.014094114 -0.001243113 -0.003298587 0.999993801 37.587322235
0.999985278 0.005301993 0.001176131 0.801160216 -0.005305907 0.999980271 0.003349615 -1.025897861 -0.001158348 -0.003355806 0.999993742 38.144989014
0.999989271 0.004610064 0.000397877 0.817671597 -0.004611332 0.999984145 0.003245812 -1.044220209 -0.000382907 -0.003247612 0.999994695 38.689659119
0.999990225 0.004252813 0.001212416 0.819098055 -0.004256224 0.999986887 0.002825119 -1.055593371 -0.001200386 -0.002830251 0.999995291 39.196765900
0.999991596 0.004020196 0.000887568 0.832281709 -0.004022952 0.999987006 0.003126100 -1.068562388 -0.000874990 -0.003129644 0.999994755 39.749282837
0.999990106 0.004266072 0.001235264 0.849493265 -0.004269373 0.999987245 0.002682694 -1.078857303 -0.001223804 -0.002687941 0.999995589 40.313606262
0.999992490 0.003712182 0.001106863 0.853772461 -0.003715747 0.999987841 0.003236745 -1.103184223 -0.001094834 -0.003240834 0.999994159 40.814075470
0.999989033 0.004560549 0.001077313 0.865830302 -0.004563772 0.999984980 0.003007517 -1.117138863 -0.001063582 -0.003012401 0.999994874 41.367324829
0.999988854 0.004600424 0.001120089 0.874682605 -0.004603594 0.999985337 0.002842523 -1.125268936 -0.001106996 -0.002847648 0.999995351 41.934497833
0.999989450 0.004356893 0.001444175 0.883640826 -0.004361130 0.999986172 0.002943923 -1.139387488 -0.001431328 -0.002950191 0.999994636 42.454860687
0.999991119 0.004039108 0.001138741 0.902372539 -0.004042213 0.999988079 0.002737467 -1.151565075 -0.001127671 -0.002742046 0.999995708 42.999149323
0.999989450 0.004331334 0.001540062 0.912654877 -0.004336108 0.999985754 0.003110311 -1.166242957 -0.001526567 -0.003116956 0.999993980 43.537090302
0.999988198 0.004625334 0.001500417 0.914795518 -0.004629995 0.999984443 0.003118431 -1.180559039 -0.001485969 -0.003125341 0.999994040 44.069831848
0.999986649 0.004787751 0.001931905 0.923219979 -0.004794239 0.999982834 0.003367974 -1.192906737 -0.001915746 -0.003377191 0.999992549 44.618949890
0.999990642 0.004160252 0.001211249 0.935242116 -0.004164026 0.999986410 0.003128895 -1.202179909 -0.001198215 -0.003133910 0.999994338 45.153652191
0.999989510 0.004448195 0.001146689 0.946082532 -0.004451253 0.999986470 0.002678442 -1.211198926 -0.001134759 -0.002683518 0.999995768 45.704795837
0.999987185 0.004755395 0.001716314 0.954878449 -0.004760601 0.999984026 0.003042760 -1.228905082 -0.001701816 -0.003050892 0.999993920 46.242607117
0.999989450 0.004253483 0.001744362 0.966863990 -0.004258360 0.999986947 0.002801441 -1.244414449 -0.001732423 -0.002808840 0.999994576 46.788074493
0.999982715 0.005276918 0.002597572 0.953454018 -0.005284553 0.999981701 0.002941892 -1.257960439 -0.002581999 -0.002955567 0.999992371 47.315620422
0.999987125 0.004793599 0.001660249 0.979503691 -0.004798516 0.999984086 0.002971188 -1.264572024 -0.001645981 -0.002979116 0.999994218 47.835010529
0.999982715 0.005472824 0.002126277 0.985061824 -0.005479932 0.999979377 0.003351628 -1.281775355 -0.002107890 -0.003363221 0.999992132 48.368511200
0.999987245 0.004642468 0.001983446 1.002658844 -0.004648396 0.999984682 0.002994219 -1.291057587 -0.001969515 -0.003003401 0.999993503 48.908996582
0.999991715 0.003853986 0.001314456 1.015701652 -0.003857926 0.999987960 0.003007857 -1.303885341 -0.001302848 -0.003012904 0.999994636 49.454410553
0.999985158 0.005062674 0.001985673 1.025007963 -0.005068686 0.999982536 0.003034614 -1.318431377 -0.001970274 -0.003044635 0.999993384 49.979293823
0.999985754 0.004915254 0.002069122 1.031425834 -0.004921662 0.999983072 0.003103478 -1.332231998 -0.002053832 -0.003113618 0.999993026 50.507984161
0.999982536 0.005393953 0.002414263 1.035475016 -0.005400490 0.999981761 0.002709847 -1.345081568 -0.002399603 -0.002722839 0.999993443 51.052665710
0.999988079 0.004532796 0.001807590 1.056044459 -0.004537885 0.999985695 0.002821273 -1.357272625 -0.001794776 -0.002829441 0.999994397 51.581111908
0.999988437 0.004587735 0.001463054 1.069544554 -0.004592566 0.999983907 0.003315632 -1.370878696 -0.001447820 -0.003322312 0.999993443 52.123146057
0.999984801 0.005117035 0.002024440 1.075192213 -0.005122319 0.999983490 0.002614276 -1.380637169 -0.002011029 -0.002624606 0.999994516 52.643211365
0.999985397 0.005043407 0.001955440 1.085570812 -0.005048950 0.999983191 0.002840284 -1.394285202 -0.001941083 -0.002850116 0.999994040 53.175132751
0.999978662 0.006187080 0.002114633 1.091415644 -0.006192578 0.999977350 0.002602987 -1.405004501 -0.002098480 -0.002616027 0.999994397 53.701873779
0.999982238 0.005523113 0.002208883 1.104498386 -0.005528347 0.999981880 0.002370423 -1.422422647 -0.002195749 -0.002382593 0.999994755 54.239154816
0.999979258 0.005910717 0.002565002 1.109752774 -0.005916832 0.999979675 0.002383214 -1.435387015 -0.002550864 -0.002398341 0.999993861 54.764526367
0.999978006 0.006137880 0.002531775 1.120668173 -0.006142569 0.999979436 0.001848526 -1.445047855 -0.002520377 -0.001864036 0.999995112 55.309902191
0.999985516 0.004867261 0.002295066 1.138147473 -0.004872552 0.999985456 0.002305540 -1.459525704 -0.002283812 -0.002316689 0.999994695 55.837097168
0.999979675 0.005865057 0.002502736 1.143056631 -0.005870308 0.999980509 0.002096229 -1.466947198 -0.002490393 -0.002110879 0.999994636 56.387062073
0.999986470 0.004735817 0.002155654 1.163995028 -0.004740675 0.999986231 0.002254457 -1.486183167 -0.002144947 -0.002264646 0.999995112 56.906532288
0.999985099 0.004942866 0.002322957 1.174659729 -0.004947500 0.999985814 0.001993749 -1.499607086 -0.002313069 -0.002005212 0.999995291 57.441871643
0.999983966 0.005210363 0.002202223 1.184789658 -0.005214839 0.999984324 0.002032132 -1.509890914 -0.002191600 -0.002043584 0.999995530 57.965274811
0.999980688 0.005591457 0.002724140 1.199775815 -0.005597940 0.999981523 0.002378117 -1.523789883 -0.002710791 -0.002393320 0.999993503 58.505920410
0.999984562 0.005119780 0.002166086 1.213648915 -0.005125339 0.999983549 0.002568472 -1.529537916 -0.002152900 -0.002579534 0.999994338 59.043552399
0.999980628 0.005566430 0.002766864 1.213003874 -0.005570982 0.999983132 0.001640295 -1.542109251 -0.002757687 -0.001655678 0.999994814 59.538589478
0.999982893 0.005415971 0.002177649 1.229152441 -0.005418264 0.999984682 0.001048356 -1.551602364 -0.002171938 -0.001060137 0.999997079 60.088031769
0.999977887 0.006019980 0.002807961 1.234036446 -0.006023801 0.999980927 0.001355144 -1.564451814 -0.002799748 -0.001372029 0.999995112 60.602237701
0.999979615 0.005665096 0.002953180 1.249556780 -0.005669839 0.999982536 0.001600737 -1.583410025 -0.002944061 -0.001617448 0.999994338 61.151165009
0.999977946 0.005926968 0.002986847 1.258622527 -0.005932173 0.999980807 0.001737176 -1.595544219 -0.002976495 -0.001754857 0.999993980 61.664379120
0.999981701 0.005406760 0.002719189 1.272623420 -0.005412871 0.999982774 0.002245660 -1.612857699 -0.002707001 -0.002260338 0.999993801 62.199581146
0.999977171 0.005904585 0.003290860 1.276731610 -0.005909030 0.999981582 0.001342999 -1.626334548 -0.003282870 -0.001362414 0.999993682 62.732395172
0.999975443 0.006038990 0.003566116 1.287003517 -0.006045441 0.999980152 0.001800897 -1.640097260 -0.003555170 -0.001822411 0.999992013 63.283863068
0.999973297 0.006508372 0.003311376 1.295381308 -0.006512378 0.999978065 0.001200855 -1.652743816 -0.003303487 -0.001222388 0.999993801 63.791755676
0.999974251 0.006295301 0.003427682 1.306813598 -0.006299699 0.999979317 0.001273611 -1.665983081 -0.003419592 -0.001295171 0.999993324 64.308799744
0.999971390 0.006678849 0.003547382 1.312707543 -0.006681671 0.999977350 0.000784462 -1.676191926 -0.003542061 -0.000808142 0.999993443 64.844055176
0.999973476 0.006210103 0.003803303 1.328267097 -0.006214081 0.999980152 0.001034852 -1.690580964 -0.003796801 -0.001058459 0.999992192 65.357490540
0.999976158 0.005808917 0.003726386 1.340869665 -0.005812818 0.999982655 0.001036889 -1.705169320 -0.003720298 -0.001058525 0.999992549 65.897430420
0.999974310 0.006021852 0.003919410 1.350947618 -0.006023701 0.999981761 0.000459920 -1.714185238 -0.003916569 -0.000483517 0.999992192 66.433921814
0.999974012 0.006095557 0.003851331 1.360518694 -0.006096670 0.999981403 0.000277474 -1.727683187 -0.003849567 -0.000300947 0.999992549 66.966468811
0.999977171 0.005729278 0.003588778 1.383966804 -0.005731038 0.999983490 0.000480527 -1.741270542 -0.003585967 -0.000501084 0.999993384 67.502838135
0.999977052 0.005702466 0.003669712 1.394216299 -0.005704115 0.999983668 0.000439036 -1.754461527 -0.003667149 -0.000459958 0.999993145 68.040702820
0.999974906 0.005866428 0.003974943 1.407854080 -0.005867677 0.999982715 0.000302792 -1.772815108 -0.003973098 -0.000326108 0.999992073 68.568565369
0.999973774 0.006079887 0.003945730 1.414550304 -0.006083450 0.999981046 0.000891897 -1.789135814 -0.003940233 -0.000915878 0.999991834 69.109046936
0.999971271 0.006378731 0.004088719 1.425573230 -0.006379556 0.999979556 0.000188681 -1.796627641 -0.004087432 -0.000214760 0.999991596 69.619384766
0.999970376 0.006402570 0.004271818 1.434558153 -0.006402094 0.999979496 -0.000125281 -1.805619001 -0.004272533 0.000097929 0.999990821 70.179946899
0.999969363 0.006735953 0.003963253 1.440779448 -0.006733926 0.999977171 -0.000524724 -1.820800662 -0.003966697 0.000498020 0.999992013 70.666778564
0.999978602 0.005183802 0.003973508 1.471713066 -0.005182819 0.999986529 -0.000257278 -1.835016251 -0.003974788 0.000236679 0.999992013 71.226104736
0.999976337 0.005533372 0.004062049 1.482740879 -0.005533909 0.999984682 0.000121193 -1.851616025 -0.004061316 -0.000143669 0.999991775 71.772865295
0.999977827 0.005235151 0.004121422 1.493577719 -0.005234395 0.999986231 -0.000194155 -1.864040732 -0.004122382 0.000172578 0.999991477 72.299911499
0.999978662 0.004859731 0.004373444 1.507217050 -0.004860087 0.999988139 0.000070891 -1.881130576 -0.004373047 -0.000092145 0.999990404 72.847434998
0.999977708 0.005312974 0.004044729 1.517320395 -0.005314684 0.999985814 0.000411942 -1.896052480 -0.004042483 -0.000433430 0.999991715 73.362541199
0.999979198 0.004847713 0.004266401 1.532765627 -0.004847761 0.999988317 0.000000737 -1.912048817 -0.004266348 -0.000021419 0.999990940 73.916915894
0.999976516 0.005305838 0.004331968 1.544365644 -0.005305942 0.999985933 0.000012567 -1.921601892 -0.004331841 -0.000035552 0.999990582 74.435348511
0.999969304 0.006508600 0.004357442 1.559463143 -0.006508787 0.999978840 0.000028881 -1.930306196 -0.004357161 -0.000057241 0.999990523 74.995086670
0.999976099 0.005509920 0.004180700 1.579167962 -0.005508503 0.999984741 -0.000350481 -1.948564291 -0.004182567 0.000327444 0.999991179 75.502883911
0.999962866 0.006916568 0.005147392 1.584233522 -0.006911561 0.999975622 -0.000989756 -1.960456014 -0.005154112 0.000954143 0.999986231 76.034782410
0.999973953 0.005676615 0.004454663 1.597406626 -0.005674840 0.999983788 -0.000411010 -1.976280451 -0.004456925 0.000385720 0.999989986 76.591102600
0.999971807 0.006105134 0.004364911 1.612968087 -0.006103158 0.999981225 -0.000465930 -1.991291285 -0.004367673 0.000439277 0.999990344 77.127403259
0.999974966 0.005571899 0.004365609 1.617020726 -0.005571184 0.999984384 -0.000175706 -2.004112959 -0.004366520 0.000151380 0.999990463 77.619049072
0.999974847 0.005594948 0.004342055 1.632963181 -0.005592074 0.999984086 -0.000673666 -2.020013809 -0.004345754 0.000649368 0.999990344 78.151489258
0.999970257 0.006144166 0.004660749 1.647560239 -0.006140145 0.999980807 -0.000876275 -2.031190157 -0.004666044 0.000847632 0.999988735 78.701187134
0.999971569 0.005914901 0.004671955 1.654316068 -0.005911797 0.999982297 -0.000677627 -2.049567699 -0.004675881 0.000649988 0.999988854 79.268798828
0.999975502 0.005244697 0.004659129 1.681467652 -0.005240854 0.999985933 -0.000836616 -2.061949968 -0.004663453 0.000812177 0.999988735 79.722938538
0.999972463 0.005512644 0.004976276 1.697230101 -0.005507236 0.999984264 -0.001099911 -2.076923847 -0.004982261 0.001072475 0.999987006 80.269920349
0.999958873 0.005721972 0.007023778 1.706920624 -0.005715270 0.999983191 -0.000974102 -2.089572668 -0.007029234 0.000933920 0.999974787 80.794326782
0.999944210 0.006086019 0.008628125 1.715268970 -0.006079817 0.999981225 -0.000744946 -2.105543137 -0.008632498 0.000692447 0.999962449 81.352508545
0.999938309 0.005918331 0.009400081 1.733339548 -0.005910489 0.999982178 -0.000861586 -2.122722864 -0.009405013 0.000805974 0.999955416 81.863815308
0.999898732 0.006420106 0.012699254 1.756065845 -0.006410349 0.999979079 -0.000808849 -2.132876635 -0.012704181 0.000727360 0.999918997 82.430099487
0.999849796 0.005998529 0.016259775 1.781001687 -0.005984829 0.999981701 -0.000891159 -2.146864176 -0.016264824 0.000793713 0.999867320 82.954780579
0.999790430 0.004981769 0.019854907 1.809059858 -0.004964876 0.999987245 -0.000900046 -2.167080879 -0.019859139 0.000801280 0.999802411 83.497192383
0.999707758 0.005379735 0.023562996 1.832824707 -0.005356059 0.999985039 -0.001067674 -2.178680182 -0.023568386 0.000941157 0.999721766 84.047935486
0.999551237 0.006082296 0.029331340 1.862706780 -0.006088209 0.999981403 0.000112303 -2.199716568 -0.029330116 -0.000290828 0.999569714 84.590591431
0.999354064 0.005274702 0.035548240 1.903155684 -0.005234118 0.999985516 -0.001234629 -2.210373402 -0.035554238 0.001047768 0.999367177 85.120376587
0.999104679 0.005493334 0.041948881 1.936928749 -0.005470211 0.999984860 -0.000665966 -2.229577303 -0.041951902 0.000435900 0.999119520 85.668632507
0.998750865 0.004952278 0.049721085 1.988675117 -0.004909752 0.999987483 -0.000977387 -2.245406628 -0.049725294 0.000732047 0.998762667 86.207328796
0.998285413 0.005649047 0.058259055 2.031950712 -0.005580937 0.999983549 -0.001331738 -2.248260975 -0.058265619 0.001004314 0.998300612 86.763069153
0.997826338 0.005171660 0.065695971 2.080796957 -0.005069542 0.999985635 -0.001721013 -2.257795811 -0.065703943 0.001384224 0.997838199 87.322677612
0.997203767 0.005042134 0.074560106 2.141928673 -0.004936261 0.999986529 -0.001604187 -2.276756287 -0.074567206 0.001231653 0.997215211 87.845115662
0.996405721 0.004666433 0.084580854 2.209052086 -0.004508181 0.999987781 -0.002061921 -2.291430950 -0.084589444 0.001673204 0.996414423 88.371017456
0.995563686 0.005554564 0.093926460 2.266982555 -0.005416734 0.999983847 -0.001722311 -2.303572655 -0.093934499 0.001205895 0.995577633 88.941963196
0.994930804 0.004643782 0.100454651 2.352650642 -0.004429560 0.999987423 -0.002355466 -2.317900658 -0.100464322 0.001898556 0.994938850 89.504028320
0.993819833 0.005063045 0.110889815 2.432470322 -0.004860965 0.999985993 -0.002092627 -2.336056471 -0.110898852 0.001540662 0.993830562 90.035758972
0.992634356 0.004308385 0.121072061 2.528673172 -0.004058664 0.999989033 -0.002309118 -2.344598293 -0.121080697 0.001800719 0.992640972 90.596916199
0.991432786 0.004258160 0.130548537 2.616069794 -0.003906652 0.999987960 -0.002948532 -2.358054638 -0.130559534 0.002413264 0.991437495 91.144317627
0.989828706 0.003585084 0.142218620 2.714696884 -0.003229577 0.999991059 -0.002730466 -2.375193834 -0.142227158 0.002243388 0.989831448 91.672538757
0.988030970 0.003627363 0.154213011 2.826272011 -0.003285624 0.999991536 -0.002470825 -2.393241405 -0.154220700 0.001934565 0.988034546 92.198966980
0.986276150 0.003086813 0.165075168 2.937645912 -0.002711851 0.999993145 -0.002496794 -2.409582376 -0.165081769 0.002014869 0.986277878 92.745040894
0.984441221 0.003045773 0.175687924 3.054107666 -0.002626296 0.999993145 -0.002620093 -2.424447298 -0.175694704 0.002117919 0.984442413 93.303215027
0.982040465 0.003003074 0.188646570 3.174582481 -0.002719235 0.999994814 -0.001763399 -2.444312096 -0.188650891 0.001218755 0.982043386 93.830680847
0.979569852 0.002773642 0.201084897 3.306338310 -0.002292542 0.999994040 -0.002625352 -2.457472086 -0.201090962 0.002110720 0.979570210 94.395278931
0.977362216 0.002948445 0.211552396 3.436279297 -0.002509695 0.999994159 -0.002342426 -2.475623131 -0.211558059 0.001758467 0.977363825 94.929542542
0.974411368 0.002422991 0.224759236 3.587259293 -0.001928121 0.999995232 -0.002421242 -2.497163534 -0.224764019 0.001925923 0.974411249 95.458068848
0.971349120 0.001249580 0.237653807 3.734914780 -0.000617877 0.999996006 -0.002732553 -2.505294800 -0.237656280 0.002507422 0.971346021 95.998977661
0.968595743 0.001250337 0.248637766 3.889144897 -0.000563423 0.999995828 -0.002833854 -2.523116350 -0.248640269 0.002604771 0.968592405 96.523674011
0.965817571 0.000728031 0.259221822 4.064830780 -0.000089156 0.999996960 -0.002476338 -2.545834303 -0.259222806 0.002368579 0.965814650 96.998657227
0.961981535 0.000432244 0.273113966 4.214763641 0.000185181 0.999997497 -0.002234905 -2.550772905 -0.273114234 0.002200513 0.961979032 97.528396606
0.958336949 -0.000075609 0.285640031 4.397762299 0.000850818 0.999996245 -0.002589840 -2.565858603 -0.285638779 0.002724967 0.958333433 98.058410645
0.954721749 0.000346976 0.297500253 4.581981659 0.000373818 0.999997199 -0.002365939 -2.578662157 -0.297500163 0.002370025 0.954718828 98.588722229
0.950241268 0.000037555 0.311514944 4.754236221 0.000649936 0.999997556 -0.002103112 -2.605609417 -0.311514229 0.002200929 0.950238943 99.093833923
0.945650399 -0.001182392 0.325183064 4.962451935 0.001978497 0.999995768 -0.002117511 -2.621477604 -0.325179219 0.002645798 0.945648730 99.614387512
0.941618681 -0.000600862 0.336680800 5.168277740 0.001532203 0.999995649 -0.002500562 -2.632585049 -0.336677879 0.002870438 0.941615462 100.112037659
0.936993837 -0.001852797 0.349340856 5.383739471 0.002777735 0.999993861 -0.002146717 -2.654978037 -0.349334717 0.002981837 0.936993241 100.574211121
0.931403935 -0.001964203 0.363982022 5.594196320 0.002987926 0.999992967 -0.002249495 -2.669918776 -0.363974988 0.003182739 0.931403279 101.123664856
0.926538110 -0.002398102 0.376193374 5.826900482 0.003406879 0.999992132 -0.002016300 -2.684578180 -0.376185566 0.003149824 0.926538944 101.632232666
0.921563089 -0.002512544 0.388220638 6.060709000 0.003614816 0.999991238 -0.002109003 -2.697634459 -0.388211906 0.003346926 0.921564102 102.155059814
0.915634215 -0.002817182 0.402002394 6.303352356 0.003862673 0.999990940 -0.001790139 -2.712172508 -0.401993662 0.003191917 0.915637016 102.661926270
0.909607112 -0.002718016 0.415460527 6.552921295 0.003870709 0.999990642 -0.001932397 -2.724541187 -0.415451407 0.003365848 0.909609199 103.160232544
0.904929399 -0.003936206 0.425543517 6.807685852 0.005391206 0.999983013 -0.002214866 -2.734306097 -0.425527573 0.004298489 0.904935181 103.640914917
0.898820221 -0.003814331 0.438300759 7.071365356 0.005085018 0.999985516 -0.001725394 -2.758121014 -0.438287884 0.003779586 0.898826718 104.151397705
0.892279327 -0.004302173 0.451463282 7.340419769 0.005769177 0.999981523 -0.001873071 -2.773664236 -0.451446950 0.004275874 0.892287731 104.630706787
0.885989547 -0.004226858 0.463686079 7.616668701 0.006060944 0.999978662 -0.002465385 -2.784483194 -0.463665754 0.004994680 0.885996163 105.121749878
0.880454481 -0.005200088 0.474102139 7.898334503 0.006496985 0.999978244 -0.001097494 -2.815255642 -0.474086136 0.004046528 0.880469143 105.548889160
0.872934222 -0.004666577 0.487815529 8.191478729 0.006131634 0.999980211 -0.001406327 -2.829894543 -0.487799287 0.004218738 0.872945666 106.032615662
