1.000000000 0.000000000 0.000000000 0.000000000 0.000000000 1.000000000 0.000000000 0.000000000 0.000000000 0.000000000 1.000000000 0.000000000
1.000000000 0.000022167 -0.000006790 0.000445001 -0.000022166 1.000000000 0.000040657 -0.000775045 0.000006791 -0.000040657 1.000000000 -0.001630870
1.000000000 -0.000007412 0.000004304 0.001022800 0.000007412 1.000000000 -0.000007387 -0.000205733 -0.000004304 0.000007387 1.000000000 -0.001362226
1.000000000 -0.000096233 -0.000103677 0.001822535 0.000096234 1.000000000 0.000016305 -0.001136138 0.000103676 -0.000016315 1.000000000 -0.003803080
1.000000000 -0.000191620 -0.000136220 0.000431129 0.000191622 1.000000000 0.000018612 0.000227133 0.000136216 -0.000018638 1.000000000 -0.002770774
1.000000000 -0.000156576 -0.000046835 0.001212819 0.000156577 1.000000000 0.000036139 -0.000425949 0.000046830 -0.000036146 1.000000000 -0.000614230
1.000000000 -0.000164508 -0.000027934 0.000618021 0.000164510 1.000000000 0.000043960 -0.000992318 0.000027927 -0.000043964 1.000000000 -0.003459439
1.000000000 -0.000061543 -0.000067881 0.001108154 0.000061545 1.000000000 0.000023384 0.000031326 0.000067879 -0.000023388 1.000000000 -0.002932324
1.000000000 -0.000095232 -0.000015278 0.000507171 0.000095232 1.000000000 0.000011767 0.000730598 0.000015277 -0.000011769 1.000000000 -0.000125243
1.000000000 0.000013775 -0.000020387 -0.001105307 -0.000013775 1.000000000 -0.000020986 0.001571094 0.000020387 0.000020986 1.000000000 -0.000630249
1.000000000 -0.000095147 -0.000116593 0.000811083 0.000095152 1.000000000 0.000036875 -0.000690585 0.000116590 -0.000036886 1.000000000 -0.002986993
1.000000000 -0.000072457 -0.000032450 -0.000363855 0.000072455 1.000000000 -0.000058254 0.001030647 0.000032454 0.000058252 1.000000000 0.000513027
1.000000000 -0.000093369 -0.000020613 -0.001427756 0.000093370 1.000000000 0.000011160 0.001278194 0.000020612 -0.000011162 1.000000000 0.000184060
1.000000000 -0.000127685 -0.000040912 0.000535062 0.000127686 1.000000000 0.000012304 0.000020182 0.000040910 -0.000012309 1.000000000 -0.003413718
1.000000000 -0.000059363 -0.000058484 0.002354441 0.000059366 1.000000000 0.000055471 -0.000678657 0.000058480 -0.000055474 1.000000000 -0.002293658
1.000000000 -0.000112226 -0.000066435 0.002693803 0.000112233 1.000000000 0.000105157 -0.001096647 0.000066423 -0.000105165 1.000000000 -0.004016595
1.000000000 -0.000051212 -0.000065063 0.001818620 0.000051213 1.000000000 0.000013936 0.000595252 0.000065062 -0.000013940 1.000000000 -0.001519366
1.000000000 -0.000000461 -0.000086139 0.001941231 0.000000468 1.000000000 0.000076402 -0.000310358 0.000086139 -0.000076402 1.000000000 -0.003117403
1.000000000 -0.000150416 -0.000119601 0.002320094 0.000150419 1.000000000 0.000028646 -0.000938189 0.000119597 -0.000028664 1.000000000 -0.002053141
1.000000000 -0.000151378 -0.000093387 0.001560823 0.000151377 1.000000000 -0.000007910 0.000741525 0.000093389 0.000007895 1.000000000 0.000132136
1.000000000 -0.000198994 -0.000102777 0.001187544 0.000199000 1.000000000 0.000060647 -0.001082808 0.000102765 -0.000060668 1.000000000 -0.005627359
1.000000000 -0.000115382 -0.000096030 0.004061467 0.000115389 1.000000000 0.000075584 -0.000935325 0.000096022 -0.000075595 1.000000000 -0.001880354
1.000000000 -0.000095183 -0.000138307 0.003107513 0.000095191 1.000000000 0.000057110 -0.000753542 0.000138301 -0.000057123 1.000000000 -0.002799214
1.000000000 -0.000196817 -0.000113298 0.001633434 0.000196823 1.000000000 0.000054371 -0.000393841 0.000113287 -0.000054393 1.000000000 -0.002805653
1.000000000 -0.000146951 -0.000134656 0.003606744 0.000146957 1.000000000 0.000047611 -0.000017308 0.000134649 -0.000047631 1.000000000 -0.001681452
1.000000000 -0.000202648 -0.000112400 0.002560009 0.000202652 1.000000000 0.000034664 0.000492825 0.000112393 -0.000034687 1.000000000 -0.000902968
0.999999940 -0.000237635 -0.000143861 0.002429303 0.000237649 0.999999940 0.000100850 -0.000674629 0.000143838 -0.000100884 1.000000000 -0.005458692
0.999999940 -0.000351235 -0.000126545 0.002515770 0.000351244 0.999999940 0.000075441 -0.001439799 0.000126518 -0.000075486 1.000000000 -0.003889049
1.000000000 -0.000096573 -0.000125151 0.002235167 0.000096582 1.000000000 0.000074554 -0.001083109 0.000125144 -0.000074566 1.000000000 -0.003628742
0.999999940 -0.000225498 -0.000153045 0.003796764 0.000225516 0.999999940 0.000114164 -0.001632933 0.000153019 -0.000114199 1.000000000 -0.004719405
0.999999940 -0.000227016 -0.000142457 0.001584258 0.000227022 1.000000000 0.000047466 -0.000489958 0.000142446 -0.000047498 1.000000000 -0.002509348
0.999999940 -0.000291676 -0.000106579 0.001142582 0.000291685 0.999999940 0.000086974 -0.000663885 0.000106554 -0.000087005 1.000000000 -0.002695979
0.999999940 -0.000234419 -0.000149382 0.001958689 0.000234423 1.000000000 0.000021226 -0.000246574 0.000149377 -0.000021261 1.000000000 -0.002142095
0.999999940 -0.000217968 -0.000113149 0.001102655 0.000217968 1.000000000 0.000000329 -0.000021138 0.000113149 -0.000000354 1.000000000 -0.001939835
0.999999940 -0.000279870 -0.000129660 0.002144128 0.000279885 0.999999940 0.000117699 -0.001311914 0.000129627 -0.000117735 1.000000000 -0.005626087
0.999999940 -0.000210620 -0.000141666 0.003043974 0.000210621 1.000000000 0.000007996 -0.000723593 0.000141665 -0.000008026 1.000000000 -0.003804804
1.000000000 -0.000153139 -0.000135995 0.004062538 0.000153155 1.000000000 0.000118613 -0.001274890 0.000135977 -0.000118634 1.000000000 -0.005947431
0.999999940 -0.000303388 -0.000150485 0.001760070 0.000303401 0.999999940 0.000080406 -0.000675354 0.000150460 -0.000080452 1.000000000 -0.004145585
1.000000000 -0.000203368 -0.000124228 0.001503780 0.000203380 1.000000000 0.000102497 -0.000882700 0.000124207 -0.000102523 1.000000000 -0.002710480
1.000000000 -0.000152980 -0.000183585 0.003570237 0.000152984 1.000000000 0.000017136 -0.001217607 0.000183582 -0.000017164 1.000000000 -0.002082531
1.000000000 -0.000201203 -0.000088554 0.001792663 0.000201152 0.999999821 -0.000569794 -0.001144233 0.000088669 0.000569777 0.999999821 0.045907542
1.000000000 -0.000101007 -0.000192269 0.003500811 0.000100794 0.999999404 -0.001106737 -0.004671614 0.000192381 0.001106717 0.999999344 0.136948034
1.000000000 -0.000211449 -0.000110286 0.005364431 0.000211290 0.999998927 -0.001440684 -0.006816685 0.000110590 0.001440661 0.999998927 0.253155470
1.000000000 -0.000203142 -0.000108579 0.006850611 0.000202985 0.999998927 -0.001442867 -0.011832763 0.000108872 0.001442845 0.999998927 0.386704803
1.000000000 0.000025355 -0.000083714 0.010945842 -0.000025454 0.999999285 -0.001181721 -0.017032923 0.000083684 0.001181723 0.999999285 0.524488986
1.000000000 -0.000172201 0.000031021 0.014646237 0.000172232 0.999999464 -0.001005708 -0.023222482 -0.000030848 0.001005713 0.999999523 0.675461769
1.000000000 -0.000165565 -0.000073502 0.019178156 0.000165497 0.999999583 -0.000922235 -0.025105003 0.000073655 0.000922223 0.999999583 0.841886759
1.000000000 0.000167738 0.000174990 0.018321276 -0.000167601 0.999999702 -0.000784106 -0.024491366 -0.000175121 0.000784077 0.999999702 1.019667029
1.000000000 0.000065474 -0.000100122 0.027333511 -0.000065543 0.999999762 -0.000687641 -0.032982010 0.000100076 0.000687648 0.999999762 1.190472364
0.999999940 0.000141551 -0.000253609 -0.009045303 -0.000141606 0.999999940 -0.000216301 -0.035340223 0.000253579 0.000216337 0.999999940 1.338544130
0.999999881 0.000228414 -0.000400508 -0.003894245 -0.000228485 0.999999940 -0.000177300 -0.040066734 0.000400467 0.000177392 0.999999940 1.527783632
1.000000000 -0.000018613 -0.000071262 -0.003941039 0.000018610 1.000000000 -0.000033339 -0.047461975 0.000071262 0.000033337 0.999999940 1.732957482
0.999999881 -0.000331918 -0.000234927 0.002310849 0.000331958 0.999999881 0.000170404 -0.053263325 0.000234870 -0.000170482 0.999999940 1.935451865
0.999999940 0.000266282 0.000136946 0.000459364 -0.000266311 1.000000000 0.000209783 -0.062274471 -0.000136890 -0.000209819 1.000000000 2.142993927
0.999999762 0.000672091 -0.000204881 0.008125206 -0.000671927 0.999999404 0.000797359 -0.074127294 0.000205417 -0.000797221 0.999999642 2.362345695
0.999999702 0.000708018 -0.000399301 0.017944053 -0.000707695 0.999999464 0.000809432 -0.081053875 0.000399874 -0.000809149 0.999999583 2.581000090
0.999999762 0.000679124 -0.000239687 0.018971484 -0.000678953 0.999999523 0.000713123 -0.085642695 0.000240171 -0.000712960 0.999999702 2.817882061
0.999999940 0.000261460 -0.000325583 0.027061235 -0.000261145 0.999999523 0.000965738 -0.093484387 0.000325835 -0.000965652 0.999999464 3.047016621
0.999999881 -0.000029280 -0.000563847 0.035112165 0.000029835 0.999999523 0.000983494 -0.099597953 0.000563818 -0.000983510 0.999999344 3.265785456
0.999999642 0.000759854 0.000438569 0.018395301 -0.000760122 0.999999523 0.000609254 -0.099482901 -0.000438106 -0.000609587 0.999999702 3.490290880
0.999999225 0.001213421 0.000474622 0.024103167 -0.001213752 0.999999046 0.000698370 -0.105478756 -0.000473774 -0.000698945 0.999999642 3.740406990
0.999999821 0.000625311 0.000348396 0.030965343 -0.000625616 0.999999464 0.000876259 -0.116988599 -0.000347848 -0.000876477 0.999999583 3.996054411
1.000000000 0.000019039 -0.000119755 0.026388468 -0.000018913 0.999999464 0.001054014 -0.130952954 0.000119775 -0.001054012 0.999999464 4.269541740
1.000000000 -0.000038075 -0.000304391 0.031686120 0.000038408 0.999999404 0.001094909 -0.138003126 0.000304349 -0.001094920 0.999999404 4.525042534
1.000000000 -0.000070448 -0.000187427 0.039419156 0.000070671 0.999999344 0.001192495 -0.143734068 0.000187342 -0.001192509 0.999999285 4.782743931
0.999999821 0.000173533 0.000414276 0.037385289 -0.000174364 0.999997914 0.002006654 -0.163223669 -0.000413927 -0.002006726 0.999997914 4.999288082
0.999999940 -0.000090183 0.000130562 0.045036413 0.000089938 0.999998331 0.001869729 -0.168887600 -0.000130731 -0.001869717 0.999998271 5.267533779
0.999999821 0.000337535 0.000343414 0.047686528 -0.000338229 0.999997854 0.002024888 -0.178424686 -0.000342730 -0.002025003 0.999997914 5.533550262
0.999999881 0.000227281 0.000353149 0.050175827 -0.000228029 0.999997675 0.002119588 -0.184945032 -0.000352666 -0.002119669 0.999997735 5.814863205
0.999999940 0.000263368 0.000054513 0.056821622 -0.000263453 0.999998689 0.001570968 -0.190672472 -0.000054099 -0.001570982 0.999998748 6.061295509
0.999999881 0.000499451 0.000067172 0.060674470 -0.000499564 0.999998450 0.001690183 -0.199600294 -0.000066327 -0.001690217 0.999998569 6.344291687
0.999999762 0.000609472 0.000039699 0.069498226 -0.000609539 0.999998271 0.001717070 -0.209228948 -0.000038653 -0.001717094 0.999998450 6.627563953
0.999999523 0.000921355 0.000268764 0.076856270 -0.000921838 0.999997973 0.001802518 -0.215547115 -0.000267102 -0.001802766 0.999998331 6.928480625
0.999999821 0.000503116 -0.000021391 0.080821037 -0.000503079 0.999998331 0.001721571 -0.224605769 0.000022257 -0.001721560 0.999998450 7.230587482
0.999999702 0.000795229 0.000163785 0.096181110 -0.000795559 0.999997675 0.002022077 -0.244866148 -0.000162176 -0.002022207 0.999997914 7.508440018
0.999999464 0.000389311 0.000945413 0.078870371 -0.000391186 0.999997973 0.001983672 -0.247543037 -0.000944638 -0.001984041 0.999997556 7.885445595
0.999999225 0.000538560 0.001115519 0.083385624 -0.000540681 0.999998033 0.001901548 -0.254757047 -0.001114492 -0.001902149 0.999997556 8.207907677
0.999999225 0.000526685 0.001105324 0.091634274 -0.000529048 0.999997616 0.002138892 -0.265311241 -0.001104194 -0.002139475 0.999997079 8.532497406
0.999998808 0.000938203 0.001231509 0.102097318 -0.000941215 0.999996543 0.002448156 -0.277860016 -0.001229208 -0.002449312 0.999996245 8.856781006
0.999998808 0.000753926 0.001375794 0.107197106 -0.000757377 0.999996543 0.002509480 -0.289969146 -0.001373897 -0.002510519 0.999995947 9.197586060
0.999998569 0.000857876 0.001400984 0.108910136 -0.000861173 0.999996781 0.002354328 -0.297528476 -0.001398960 -0.002355531 0.999996245 9.535421371
0.999998152 0.001124888 0.001534520 0.112765566 -0.001128612 0.999996364 0.002428035 -0.304064244 -0.001531783 -0.002429762 0.999995887 9.881090164
0.999998569 0.000865935 0.001422915 0.125410870 -0.000869263 0.999996901 0.002340305 -0.313703537 -0.001420883 -0.002341539 0.999996245 10.244397163
0.999998271 0.000849114 0.001645824 0.129570782 -0.000853156 0.999996543 0.002456468 -0.327413559 -0.001643732 -0.002457868 0.999995649 10.619344711
0.999998450 0.000291462 0.001706982 0.137350366 -0.000295763 0.999996781 0.002520198 -0.335525483 -0.001706241 -0.002520700 0.999995410 10.988411903
0.999998569 0.000613864 0.001562650 0.153319165 -0.000618182 0.999996006 0.002764401 -0.355127394 -0.001560947 -0.002765363 0.999994934 11.354170799
0.999998033 0.000951196 0.001715166 0.159422651 -0.000956061 0.999995530 0.002837848 -0.362665564 -0.001712459 -0.002839482 0.999994457 11.736719131
0.999998689 0.000376792 0.001506703 0.176105514 -0.000381271 0.999995470 0.002973648 -0.382444113 -0.001505575 -0.002974218 0.999994457 12.123738289
0.999997973 0.000927136 0.001799514 0.187413424 -0.000932556 0.999994993 0.003013846 -0.392077386 -0.001796711 -0.003015518 0.999993861 12.503724098
0.999997497 0.001078955 0.001946702 0.191876829 -0.001085343 0.999994040 0.003283713 -0.412322044 -0.001943148 -0.003285819 0.999992728 12.903194427
0.999997854 0.001059346 0.001718582 0.205799431 -0.001065142 0.999993742 0.003375518 -0.426709205 -0.001714995 -0.003377341 0.999992847 13.298574448
0.999996185 0.001448537 0.002307901 0.213265151 -0.001456345 0.999993205 0.003385017 -0.437741756 -0.002302982 -0.003388365 0.999991655 13.708484650
0.999996543 0.001366202 0.002248054 0.221259430 -0.001375373 0.999990702 0.004082904 -0.462738901 -0.002242455 -0.004085982 0.999989092 14.104947090
0.999996364 0.001279210 0.002370975 0.233257756 -0.001288810 0.999990940 0.004052039 -0.474458277 -0.002365771 -0.004055080 0.999988914 14.534875870
0.999996364 0.000810945 0.002556917 0.247972861 -0.000822244 0.999989927 0.004421319 -0.490481079 -0.002553306 -0.004423405 0.999986947 14.957049370
0.999996185 0.000799886 0.002633736 0.253085285 -0.000811549 0.999989808 0.004430196 -0.507090747 -0.002630166 -0.004432317 0.999986649 15.356420517
0.999993742 0.001215292 0.003299713 0.259746075 -0.001230334 0.999988794 0.004560139 -0.517655313 -0.003294134 -0.004564171 0.999984086 15.801901817
0.999993742 0.001055817 0.003378939 0.270243198 -0.001072061 0.999987900 0.004809343 -0.527388811 -0.003373820 -0.004812935 0.999982715 16.246215820
0.999994397 0.000619839 0.003271136 0.281598806 -0.000635521 0.999988258 0.004795064 -0.548606694 -0.003268126 -0.004797118 0.999983132 16.688438416
0.999994755 0.000346219 0.003219063 0.296084166 -0.000361927 0.999988019 0.004880149 -0.560852706 -0.003217335 -0.004881289 0.999982893 17.146137238
0.999992967 0.000704384 0.003667487 0.308206856 -0.000723523 0.999986112 0.005219873 -0.573424816 -0.003663760 -0.005222491 0.999979615 17.607379913
0.999991298 0.000247503 0.004166644 0.314077109 -0.000270526 0.999984682 0.005525931 -0.592560947 -0.004165211 -0.005527010 0.999975979 18.066026688
0.999989271 0.000244539 0.004629335 0.322819412 -0.000270256 0.999984503 0.005555426 -0.600617170 -0.004627904 -0.005556617 0.999973834 18.546279907
0.999990880 -0.000295744 0.004261938 0.344487965 0.000271543 0.999983788 0.005677872 -0.616114795 -0.004263549 -0.005676663 0.999974787 19.012577057
0.999989867 -0.000134790 0.004511168 0.357934177 0.000108571 0.999983072 0.005811783 -0.630485117 -0.004511875 -0.005811234 0.999972880 19.484136581
0.999989510 0.000777555 0.004517861 0.367041528 -0.000806042 0.999979794 0.006306958 -0.656112671 -0.004512866 -0.006310533 0.999969900 19.935199738
0.999989688 0.000564233 0.004513513 0.379106551 -0.000593101 0.999979377 0.006397222 -0.668186545 -0.004509810 -0.006399833 0.999969363 20.431581497
0.999992013 0.000647986 0.003959216 0.390428334 -0.000673394 0.999979198 0.006419401 -0.679846227 -0.003954973 -0.006422015 0.999971569 20.917531967
0.999995172 -0.000144443 0.003098733 0.409902573 0.000124580 0.999979436 0.006409034 -0.701440036 -0.003099596 -0.006408618 0.999974668 21.420682907
0.999996662 -0.000060348 0.002553894 0.419388771 0.000044662 0.999981165 0.006141745 -0.717011750 -0.002554216 -0.006141611 0.999977887 21.921134949
0.999997020 -0.001011814 0.002182777 0.443584621 0.000996990 0.999976516 0.006781728 -0.725798607 -0.002189587 -0.006779531 0.999974608 22.430122375
0.999997914 -0.000621431 0.001950298 0.448191851 0.000608530 0.999978065 0.006608123 -0.736776888 -0.001954362 -0.006606922 0.999976218 22.955131531
0.999998808 -0.000648707 0.001417272 0.459227860 0.000638867 0.999975741 0.006931949 -0.755058348 -0.001421734 -0.006931037 0.999974966 23.441677094
0.999998152 -0.001671521 0.001047170 0.467509598 0.001664242 0.999974668 0.006913885 -0.770710647 -0.001058700 -0.006912129 0.999975502 23.962448120
0.999999583 -0.000289117 0.000802961 0.463442862 0.000283700 0.999977231 0.006738640 -0.774201393 -0.000804891 -0.006738411 0.999976933 24.467344284
0.999999583 -0.000960767 0.000096497 0.484905660 0.000960041 0.999973118 0.007257145 -0.794238567 -0.000103467 -0.007257049 0.999973714 24.996507645
0.999999702 -0.000130053 -0.000766434 0.486745685 0.000135700 0.999972820 0.007373272 -0.807857871 0.000765454 -0.007373374 0.999972522 25.516872406
0.999999821 -0.000129596 -0.000750332 0.496088237 0.000134787 0.999976039 0.006922647 -0.818007827 0.000749417 -0.006922746 0.999975741 26.067178726
0.999998629 -0.000928565 -0.001379174 0.506160498 0.000939040 0.999970555 0.007614467 -0.829335392 0.001372063 -0.007615752 0.999970078 26.615129471
0.999997377 -0.001029374 -0.002051099 0.529698253 0.001045949 0.999966621 0.008096423 -0.850521445 0.002042696 -0.008098547 0.999965131 27.162954330
0.999997437 -0.000250817 -0.002222424 0.522566676 0.000267814 0.999970675 0.007650862 -0.858361304 0.002220440 -0.007651438 0.999968290 27.687528610
0.999995828 -0.000226074 -0.002848626 0.531973481 0.000247620 0.999971330 0.007565240 -0.868793428 0.002846834 -0.007565915 0.999967396 28.235200882
0.999995530 0.000420531 -0.002946717 0.544329822 -0.000396345 0.999966264 0.008203402 -0.891461134 0.002950068 -0.008202195 0.999962032 28.782957077
0.999994397 0.000060914 -0.003348862 0.562799931 -0.000033539 0.999966562 0.008173715 -0.898469329 0.003349248 -0.008173556 0.999960959 29.302017212
0.999993980 -0.000147978 -0.003453515 0.566857755 0.000177105 0.999964356 0.008435364 -0.912324071 0.003452144 -0.008435925 0.999958456 29.841886520
0.999992549 0.000177406 -0.003841948 0.579855978 -0.000144092 0.999962389 0.008669443 -0.927758932 0.003843342 -0.008668825 0.999954998 30.390554428
0.999992847 -0.000150209 -0.003758492 0.575279295 0.000182614 0.999962747 0.008622987 -0.944834709 0.003757057 -0.008623613 0.999955773 30.932977676
0.999991119 -0.000131879 -0.004207200 0.597923934 0.000168162 0.999962807 0.008624929 -0.970404387 0.004205906 -0.008625561 0.999953985 31.452522278
0.999987483 -0.000682619 -0.004945499 0.615847707 0.000728493 0.999956608 0.009280084 -0.990257978 0.004938950 -0.009283572 0.999944687 31.996345520
0.999988079 -0.000631050 -0.004832178 0.613622189 0.000673929 0.999960363 0.008877324 -0.995722055 0.004826384 -0.008880476 0.999948919 32.540008545
0.999984384 -0.000972809 -0.005501154 0.626578927 0.001023439 0.999957085 0.009208339 -1.011347055 0.005491960 -0.009213825 0.999942482 33.083835602
0.999986947 -0.000587074 -0.005079097 0.619546533 0.000633602 0.999957800 0.009163874 -1.016003847 0.005073503 -0.009166972 0.999945104 33.647090912
0.999985158 -0.000872913 -0.005367906 0.635919809 0.000922693 0.999956548 0.009278345 -1.028342605 0.005359573 -0.009283160 0.999942541 34.182876587
0.999985397 -0.000949254 -0.005323044 0.649578929 0.001000099 0.999953806 0.009557446 -1.044354916 0.005313725 -0.009562626 0.999940157 34.740791321
0.999987781 0.000060214 -0.004940599 0.643214166 -0.000014287 0.999956787 0.009295341 -1.052375197 0.004940946 -0.009295155 0.999944627 35.273471832
0.999981880 -0.000847552 -0.005955657 0.668630719 0.000906829 0.999949992 0.009957445 -1.102838755 0.005946920 -0.009962666 0.999932647 35.821132660
0.999981821 -0.000452287 -0.006029088 0.677731931 0.000513094 0.999948978 0.010087912 -1.119855881 0.006024218 -0.010090821 0.999930918 36.352874756
0.999981582 -0.000630806 -0.006041223 0.680478096 0.000691970 0.999948502 0.010127816 -1.130148768 0.006034524 -0.010131811 0.999930382 36.900966644
0.999979258 -0.001434398 -0.006280074 0.692578971 0.001502600 0.999939799 0.010868754 -1.148480177 0.006264105 -0.010877965 0.999921203 37.444843292
0.999979138 -0.000844101 -0.006405672 0.707389235 0.000909896 0.999946833 0.010275385 -1.160239697 0.006396657 -0.010280998 0.999926686 38.014476776
0.999981284 -0.000478481 -0.006097649 0.680019259 0.000541745 0.999945998 0.010377658 -1.170098066 0.006092354 -0.010380769 0.999927580 38.536609650
0.999979019 -0.000482954 -0.006467810 0.695828617 0.000545886 0.999952555 0.009731808 -1.156622171 0.006462802 -0.009735134 0.999931633 39.081214905
0.999975443 -0.001301339 -0.006887430 0.709339380 0.001374937 0.999941945 0.010691866 -1.202792645 0.006873116 -0.010701075 0.999919116 39.617568970
0.999978960 -0.000483340 -0.006457738 0.705605507 0.000547708 0.999950171 0.009969718 -1.195609450 0.006452597 -0.009973047 0.999929428 40.151302338
0.999979913 -0.000154692 -0.006338744 0.713148594 0.000217932 0.999950230 0.009977159 -1.210028529 0.006336886 -0.009978341 0.999930203 40.688503265
0.999979138 -0.000776694 -0.006409451 0.718303323 0.000848573 0.999936640 0.011219306 -1.245221615 0.006400331 -0.011224510 0.999916494 41.232723236
0.999976873 -0.000937110 -0.006736733 0.736949086 0.001013675 0.999934852 0.011370901 -1.259531140 0.006725638 -0.011377467 0.999912620 41.772861481
0.999977529 -0.000891956 -0.006638972 0.749480128 0.000967918 0.999933958 0.011447307 -1.268099070 0.006628324 -0.011453476 0.999912381 42.312629700
0.999971569 -0.001770131 -0.007326941 0.759434819 0.001855069 0.999930978 0.011602049 -1.270657539 0.007305897 -0.011615312 0.999905825 42.840423584
0.999972105 -0.001477301 -0.007318135 0.733432412 0.001564744 0.999927282 0.011957468 -1.307846665 0.007299938 -0.011968586 0.999901652 43.431087494
0.999971688 -0.001865763 -0.007288739 0.742846489 0.001952194 0.999927640 0.011869129 -1.314024448 0.007266066 -0.011883021 0.999902964 43.960609436
0.999972403 -0.001598995 -0.007272306 0.753058910 0.001686608 0.999925911 0.012057399 -1.331266522 0.007252488 -0.012069331 0.999900877 44.487129211
0.999973059 -0.001252839 -0.007239308 0.757292807 0.001338450 0.999929070 0.011833180 -1.340619564 0.007223970 -0.011842550 0.999903798 45.041393280
0.999972701 -0.001758121 -0.007174654 0.767719984 0.001846292 0.999922633 0.012301208 -1.353869557 0.007152471 -0.012314119 0.999898612 45.580600739
0.999972284 -0.001706429 -0.007241215 0.780153275 0.001794280 0.999924660 0.012142874 -1.360346794 0.007219948 -0.012155530 0.999900103 46.100681305
0.999970019 -0.001553829 -0.007583611 0.804192901 0.001652383 0.999914050 0.013006772 -1.390614033 0.007562748 -0.013018914 0.999886632 46.634052277
0.999972641 -0.001204974 -0.007300784 0.800568640 0.001301742 0.999911189 0.013264149 -1.398830652 0.007284152 -0.013273290 0.999885380 47.195571899
0.999966562 -0.002389322 -0.007819421 0.778380632 0.002491681 0.999910951 0.013106892 -1.413930893 0.007787409 -0.013125937 0.999883473 47.749263763
0.999959469 -0.003207878 -0.008416991 0.798011661 0.003323186 0.999900281 0.013721378 -1.430499673 0.008372135 -0.013748794 0.999870420 48.290569305
0.999966860 -0.002319684 -0.007797526 0.788567126 0.002424977 0.999905646 0.013521295 -1.438107610 0.007765425 -0.013539757 0.999878168 48.808200836
0.999965966 -0.002493555 -0.007878006 0.799211860 0.002599075 0.999906659 0.013412419 -1.444115996 0.007843827 -0.013432438 0.999879003 49.349185944
0.999965906 -0.002236184 -0.007952390 0.800423265 0.002343124 0.999906600 0.013463740 -1.454543591 0.007921540 -0.013481914 0.999877751 49.883209229
0.999964297 -0.002688518 -0.008011367 0.803776264 0.002796685 0.999904692 0.013521211 -1.461836696 0.007974251 -0.013543135 0.999876499 50.401607513
0.999963820 -0.002590409 -0.008099158 0.810570955 0.002698344 0.999907315 0.013344238 -1.469884753 0.008063841 -0.013365609 0.999878168 50.950023651
0.999965310 -0.002317291 -0.007998125 0.821335018 0.002428029 0.999900937 0.013863632 -1.488511801 0.007965207 -0.013882570 0.999871850 51.457286835
0.999966800 -0.002043942 -0.007889037 0.822702765 0.002151359 0.999904752 0.013631514 -1.491355896 0.007860424 -0.013648035 0.999875903 52.012115479
0.999966860 -0.001946044 -0.007898299 0.829887390 0.002056728 0.999899447 0.014029869 -1.502895117 0.007870203 -0.014045651 0.999870360 52.538642883
0.999967873 -0.001593050 -0.007862773 0.835611224 0.001700487 0.999904990 0.013676269 -1.509634972 0.007840239 -0.013689199 0.999875546 53.086780548
0.999967873 -0.001827600 -0.007807636 0.848507047 0.001937077 0.999899566 0.014037395 -1.523647070 0.007781197 -0.014052068 0.999871016 53.630863190
0.999966919 -0.001334758 -0.008021457 0.860967994 0.001449824 0.999895871 0.014356117 -1.531031132 0.008001460 -0.014367272 0.999864697 54.171733856
0.999970496 -0.001513445 -0.007533176 0.850686073 0.001621331 0.999895930 0.014336137 -1.545390010 0.007510695 -0.014347928 0.999868870 54.707485199
0.999968708 -0.001936165 -0.007672010 0.856345057 0.002045515 0.999896049 0.014271077 -1.544216633 0.007643580 -0.014286323 0.999868751 55.257011414
0.999966919 -0.002018978 -0.007884609 0.864634752 0.002131254 0.999896049 0.014257634 -1.547635674 0.007855004 -0.014273967 0.999867260 55.804214478
0.999965370 -0.002364645 -0.007980153 0.875927567 0.002479530 0.999892890 0.014417325 -1.561264277 0.007945207 -0.014436612 0.999864221 56.353633881
0.999969482 -0.001976639 -0.007555086 0.880951047 0.002088191 0.999888420 0.014785976 -1.594837904 0.007525016 -0.014801305 0.999862134 56.841693878
0.999964714 -0.002482285 -0.008025317 0.883419156 0.002595123 0.999897361 0.014080428 -1.545242786 0.007989543 -0.014100757 0.999868691 57.489215851
0.999969125 -0.001746696 -0.007663289 0.900202751 0.001859418 0.999889731 0.014726945 -1.613832712 0.007636723 -0.014740738 0.999862194 57.940895081
0.999971986 -0.001663828 -0.007298909 0.905612350 0.001774308 0.999883592 0.015156265 -1.617536783 0.007272841 -0.015168792 0.999858499 58.442749023
0.999962270 -0.002819775 -0.008211534 0.919950604 0.002942238 0.999884009 0.014939843 -1.612365961 0.008168455 -0.014963439 0.999854684 59.061935425
0.999972105 -0.001310177 -0.007353451 0.918900728 0.001420719 0.999885798 0.015047643 -1.634944320 0.007332895 -0.015057670 0.999859691 59.520076752
0.999972045 -0.001335463 -0.007354383 0.926925600 0.001446744 0.999884248 0.015146794 -1.637645960 0.007333305 -0.015157010 0.999858201 60.079608917
0.999977589 -0.000866309 -0.006643181 0.934341788 0.000965408 0.999888182 0.014928763 -1.648412108 0.006629505 -0.014934842 0.999866545 60.638847351
0.999976039 -0.000704769 -0.006887444 0.944756985 0.000810667 0.999881327 0.015384894 -1.657130480 0.006875784 -0.015390111 0.999857843 61.182079315
0.999972165 -0.001200148 -0.007362774 0.948951662 0.001311250 0.999885142 0.015103345 -1.659189939 0.007343802 -0.015112581 0.999858856 61.744213104
0.999973476 -0.001188576 -0.007180295 0.947728872 0.001299303 0.999880075 0.015436022 -1.684262753 0.007161085 -0.015444944 0.999855042 62.227428436
0.999967456 -0.001711848 -0.007891049 0.946212053 0.001833361 0.999879420 0.015417394 -1.678290963 0.007863706 -0.015431359 0.999849975 62.809860229
0.999963045 -0.001914245 -0.008383023 1.014673233 0.002042451 0.999880731 0.015311723 -1.676329136 0.008352712 -0.015328279 0.999847591 63.236782074
0.999965787 -0.002463183 -0.007893685 0.970415413 0.002590066 0.999866962 0.016104275 -1.734809518 0.007852968 -0.016124176 0.999839127 63.704196930
0.999964714 -0.002161822 -0.008123490 0.979392827 0.002293431 0.999865711 0.016226878 -1.743539929 0.008087319 -0.016244935 0.999835312 64.256866455
0.999969602 -0.001334807 -0.007683488 0.976404130 0.001458034 0.999870002 0.016054720 -1.745218277 0.007661059 -0.016065434 0.999841571 64.808784485
0.999972880 -0.001757462 -0.007144318 0.997407198 0.001877473 0.999856591 0.016826322 -1.769672871 0.007113723 -0.016839279 0.999832869 65.250213623
0.999968946 -0.002542271 -0.007459398 0.970768452 0.002662423 0.999866128 0.016141964 -1.768082738 0.007417363 -0.016161326 0.999841869 65.912910461
0.999972224 -0.001838356 -0.007227944 1.014681101 0.001956147 0.999864876 0.016323347 -1.776980639 0.007196960 -0.016337033 0.999840617 66.349006653
0.999971151 -0.002114214 -0.007297613 1.025991440 0.002232659 0.999865294 0.016260762 -1.786018133 0.007262252 -0.016276581 0.999841094 66.876922607
0.999974370 -0.000269741 -0.007170853 1.025857687 0.000392937 0.999852240 0.017184345 -1.821510196 0.007165159 -0.017186722 0.999826550 67.200126648
0.999968112 -0.002114303 -0.007701194 1.024704456 0.002246212 0.999850214 0.017160084 -1.825285792 0.007663760 -0.017176840 0.999823034 67.728851318
0.999965966 -0.002386758 -0.007896656 1.033905387 0.002519828 0.999854207 0.016884619 -1.826030970 0.007855207 -0.016903944 0.999826193 68.282737732
0.999968052 -0.001598861 -0.007833864 1.047282338 0.001732487 0.999852538 0.017080521 -1.840981245 0.007805400 -0.017093550 0.999823391 68.812950134
0.999968410 -0.001969623 -0.007692937 1.046097040 0.002099093 0.999855638 0.016858082 -1.828491092 0.007658623 -0.016873702 0.999828279 69.356628418
0.999966979 -0.001773073 -0.007926369 1.071299553 0.001909347 0.999849916 0.017218031 -1.838039160 0.007894651 -0.017232597 0.999820292 69.911529541
0.999969482 -0.001637713 -0.007637715 1.059218407 0.001776617 0.999832511 0.018215375 -1.904685378 0.007606606 -0.018228389 0.999804854 70.078544617
0.999960601 -0.003669886 -0.008082929 1.071319342 0.003806705 0.999848545 0.016977111 -1.832669020 0.008019401 -0.017007211 0.999823213 71.021072388
0.999971390 -0.000975301 -0.007493685 1.077686906 0.001110925 0.999835312 0.018115707 -1.920075059 0.007474783 -0.018123517 0.999807775 71.170600891
0.999975264 -0.000516436 -0.007012541 1.076924324 0.000648831 0.999821365 0.018890500 -1.975845337 0.007001532 -0.018894583 0.999796987 71.542938232
0.999969959 -0.000887540 -0.007702477 1.108217239 0.001030225 0.999827564 0.018540410 -1.935891032 0.007684694 -0.018547790 0.999798417 72.193046570
0.999974489 -0.001069499 -0.007051344 1.020239234 0.001205477 0.999812841 0.019307991 -2.008305311 0.007029376 -0.019316001 0.999788702 72.584938049
0.999976933 -0.000633658 -0.006752853 1.021337032 0.000762974 0.999816000 0.019164484 -2.010458946 0.006739466 -0.019169195 0.999793530 73.124229431
0.999977410 -0.000585921 -0.006687660 1.029512167 0.000715569 0.999811471 0.019400332 -2.019229412 0.006675033 -0.019404681 0.999789357 73.631942749
0.999975801 -0.001104319 -0.006854239 1.043696642 0.001235111 0.999816656 0.019107146 -2.021952629 0.006831882 -0.019115150 0.999793947 74.199768066
0.999977589 -0.000532532 -0.006669618 1.054902673 0.000663013 0.999808133 0.019576566 -2.036749840 0.006657914 -0.019580550 0.999786079 74.682922363
0.999978244 -0.000039844 -0.006594082 1.072075844 0.000165806 0.999817431 0.019102857 -2.032076836 0.006592117 -0.019103538 0.999795735 75.433639526
0.999977708 -0.000296101 -0.006681072 1.073972940 0.000424801 0.999814093 0.019270156 -2.036927223 0.006674126 -0.019272566 0.999791920 75.795906067
0.999976993 -0.000273197 -0.006779802 1.092212915 0.000403238 0.999815822 0.019186771 -2.041880608 0.006773312 -0.019189063 0.999792933 76.647483826
0.999979019 -0.000513126 -0.006454565 1.097934127 0.000637292 0.999814451 0.019249566 -2.046588898 0.006443491 -0.019253274 0.999793887 77.191543579
0.999975204 -0.000961186 -0.006973245 1.119746923 0.001092530 0.999821603 0.018856108 -2.050776005 0.006953877 -0.018863266 0.999797821 77.746276855
0.999976993 -0.001029229 -0.006704841 1.120815754 0.001155237 0.999822199 0.018816948 -2.042945862 0.006684282 -0.018824261 0.999800384 78.372596741
0.999977648 -0.000706473 -0.006650057 1.127633572 0.000833382 0.999817133 0.019100523 -2.063884735 0.006635347 -0.019105641 0.999795377 78.894485474
0.999980688 -0.000703718 -0.006173750 1.144240141 0.000821282 0.999817967 0.019060787 -2.056617260 0.006159213 -0.019065492 0.999799192 79.481071472
0.999987245 -0.000623218 -0.004999739 1.154082775 0.000714820 0.999831498 0.018340586 -2.055317402 0.004987467 -0.018343927 0.999819279 80.037948608
0.999993384 -0.000568922 -0.003594801 1.165976286 0.000635964 0.999825299 0.018676303 -2.067270517 0.003583547 -0.018678470 0.999819040 80.598487854
0.999997437 -0.000744940 -0.002149845 1.182592154 0.000784384 0.999830306 0.018404972 -2.069170952 0.002135770 -0.018406611 0.999828279 81.152214050
0.999998748 -0.000561473 0.001482063 1.195926070 0.000534015 0.999829352 0.018462757 -2.074330330 -0.001492176 -0.018461943 0.999828398 81.692153931
0.999987841 -0.001127639 0.004802286 1.222272873 0.001040460 0.999835253 0.018117551 -2.075438023 -0.004821924 -0.018112337 0.999824286 82.266830444
0.999967217 -0.001294340 0.007995118 1.241263866 0.001144403 0.999823987 0.018729744 -2.080201626 -0.008017952 -0.018719980 0.999792516 82.810409546
0.999918282 -0.000526200 0.012773893 1.276421666 0.000287572 0.999825478 0.018675569 -2.088326931 -0.012781492 -0.018670367 0.999743998 83.370231628
0.999826074 -0.001024511 0.018619537 1.308850288 0.000670875 0.999819398 0.018989097 -2.098860264 -0.018635629 -0.018973306 0.999646306 83.906639099
0.999701202 -0.000990639 0.024422230 1.336372614 0.000536749 0.999827087 0.018584650 -2.101191044 -0.024436420 -0.018565990 0.999528944 84.454177856
0.999542832 -0.000554923 0.030226713 1.374231577 -0.000003348 0.999829471 0.018466277 -2.107874393 -0.030231806 -0.018457938 0.999372482 85.043586731
0.999270439 -0.000428430 0.038190644 1.408171415 -0.000267860 0.999833941 0.018224979 -2.102804184 -0.038192105 -0.018221917 0.999104261 85.569343567
0.998951674 -0.001046861 0.045765426 1.461160660 0.000206082 0.999831140 0.018372353 -2.116962671 -0.045776933 -0.018343661 0.998783171 86.145988464
0.998623729 -0.001865517 0.052412745 1.518872023 0.000898099 0.999828875 0.018475186 -2.122619629 -0.052438244 -0.018402686 0.998454571 86.706092834
0.998116672 -0.001999767 0.061313286 1.569499969 0.000878545 0.999831915 0.018308295 -2.126030445 -0.061339606 -0.018219944 0.997950673 87.267532349
0.997455537 -0.001737571 0.071270011 1.632616043 0.000403424 0.999824524 0.018729731 -2.134162426 -0.071290046 -0.018653328 0.997281194 87.819801331
0.996806204 -0.002709330 0.079812303 1.698931694 0.001237155 0.999828160 0.018489143 -2.135789394 -0.079848684 -0.018331356 0.996638358 88.365142822
0.996118009 -0.002152454 0.088000759 1.762976170 0.000531491 0.999829769 0.018439155 -2.143538713 -0.088025481 -0.018320803 0.995949745 88.922119141
0.995123923 -0.002097778 0.098610476 1.834562778 0.000263686 0.999826789 0.018608715 -2.147364140 -0.098632433 -0.018491974 0.994952202 89.465934753
0.994070053 -0.003369072 0.108689547 1.937304497 0.001388280 0.999831676 0.018294839 -2.154252529 -0.108732894 -0.018035458 0.993907332 90.002731323
0.993020236 -0.003060496 0.117904395 2.027440071 0.000921286 0.999834061 0.018193832 -2.159296274 -0.117940493 -0.017958218 0.992858410 90.552673340
0.991668820 -0.003161309 0.128774568 2.122192383 0.000794693 0.999829888 0.018425202 -2.163451195 -0.128810927 -0.018169364 0.991502702 91.100898743
0.990031481 -0.003669200 0.140798435 2.222732544 0.001087043 0.999829829 0.018411914 -2.173132896 -0.140842035 -0.018075317 0.989867091 91.631629944
0.988466024 -0.004296854 0.151381746 2.339855194 0.001536508 0.999830425 0.018346595 -2.178110361 -0.151434913 -0.017902384 0.988305092 92.186340332
0.986815929 -0.004421530 0.161785722 2.448963165 0.001471622 0.999830544 0.018348718 -2.181772232 -0.161839440 -0.017868727 0.986655235 92.721069336
0.984637082 -0.005138254 0.174537852 2.568484306 0.002009214 0.999834120 0.018099548 -2.182287216 -0.174601883 -0.017470799 0.984484076 93.258903503
0.982367873 -0.005518692 0.186876714 2.694881439 0.002133333 0.999830067 0.018311732 -2.188127995 -0.186945990 -0.017590187 0.982212722 93.796318054
0.980449378 -0.006431186 0.196666121 2.826357841 0.002874911 0.999827206 0.018362951 -2.194624186 -0.196750209 -0.017438546 0.980298579 94.323020935
0.977648795 -0.005798316 0.210164785 2.965423584 0.002011879 0.999831855 0.018225841 -2.199834824 -0.210235149 -0.017395644 0.977496088 94.871307373
0.974698186 -0.006322891 0.223435670 3.123516083 0.002278681 0.999828875 0.018353309 -2.202922106 -0.223513499 -0.017379794 0.974545836 95.419357300
0.972033978 -0.006805973 0.234741554 3.269674301 0.002496243 0.999822855 0.018651726 -2.213647842 -0.234826937 -0.017544135 0.971878886 95.936294556
0.969184816 -0.006898649 0.246238023 3.453706741 0.002433453 0.999827147 0.018433349 -2.222998142 -0.246322602 -0.017266111 0.969034016 96.488578796
0.965516746 -0.007373291 0.260236859 3.628005981 0.002586298 0.999821186 0.018732393 -2.227999926 -0.260328472 -0.017413389 0.965363085 97.028076172
0.962174714 -0.008152583 0.272311270 3.800458908 0.003311377 0.999828279 0.018233029 -2.228541374 -0.272413164 -0.016641634 0.962036490 97.556320190
0.958879769 -0.008318455 0.283690631 3.994453430 0.003125108 0.999819160 0.018754052 -2.236440182 -0.283795297 -0.017096316 0.958732486 98.090415955
0.954446316 -0.007860213 0.298278958 4.174440384 0.002196700 0.999810994 0.019317804 -2.243076563 -0.298374444 -0.017782576 0.954283178 98.613281250
0.950112998 -0.008313302 0.311795413 4.376495361 0.002549887 0.999818325 0.018887751 -2.243553162 -0.311895788 -0.017150450 0.949961543 99.168968201
0.946356118 -0.008804498 0.323005617 4.576665878 0.002885307 0.999819100 0.018799596 -2.245485783 -0.323112696 -0.016859142 0.946210325 99.684188843
0.941912651 -0.009313144 0.335728526 4.792999268 0.003016995 0.999809682 0.019270409 -2.255938053 -0.335844159 -0.017138151 0.941761613 100.203521729
0.936865389 -0.009519090 0.349560678 5.013509750 0.002968050 0.999809861 0.019271670 -2.259885788 -0.349677622 -0.017017448 0.936715484 100.714096069
0.932183862 -0.010226434 0.361840457 5.240642548 0.003503328 0.999808908 0.019231495 -2.262988567 -0.361967981 -0.016659645 0.932041645 101.234970093
0.927996159 -0.010726819 0.372435182 5.466537476 0.003925637 0.999811471 0.019014904 -2.262887001 -0.372568935 -0.016183715 0.927863300 101.744148254
0.922473192 -0.010576415 0.385916233 5.701057434 0.003466010 0.999811292 0.019115854 -2.266721249 -0.386045545 -0.016296273 0.922335684 102.244377136
0.916893125 -0.011337862 0.398971707 5.945571899 0.004140326 0.999812841 0.018897340 -2.265494823 -0.399111301 -0.015674967 0.916768491 102.743019104
0.912193954 -0.012719346 0.409561336 6.200698853 0.005453172 0.999806345 0.018904457 -2.271111965 -0.409722537 -0.015011121 0.912086666 103.232597351
0.905746102 -0.012288559 0.423642486 6.470695496 0.004638534 0.999807119 0.019084143 -2.276984692 -0.423795342 -0.015320308 0.905628324 103.742134094
0.898902595 -0.012724151 0.437963754 6.736148834 0.004791934 0.999803960 0.019212034 -2.278608561 -0.438122392 -0.015171057 0.898787320 104.236938477
0.893008649 -0.013350328 0.449841529 7.007175446 0.005252870 0.999801040 0.019244136 -2.284127235 -0.450008929 -0.014822221 0.892901063 104.726860046
0.887447119 -0.013644713 0.460707575 7.280448914 0.005381959 0.999800324 0.019243842 -2.286325693 -0.460878164 -0.014598384 0.887343347 105.203941345
0.880313337 -0.013982320 0.474186659 7.546195984 0.005656980 0.999803901 0.018979156 -2.291826725 -0.474359065 -0.014025140 0.880219758 105.655487061
0.873304605 -0.014532851 0.486957759 7.855197906 0.005639354 0.999789655 0.019724332 -2.294658184 -0.487141967 -0.014479226 0.873202682 106.160675049
