1.000000000 0.000000000 0.000000000 0.000000000 0.000000000 1.000000000 0.000000000 0.000000000 0.000000000 0.000000000 1.000000000 0.000000000
1.000000000 0.000019931 0.000031903 0.000326489 -0.000019935 1.000000000 0.000114704 -0.000589997 -0.000031901 -0.000114705 1.000000000 -0.000340897
1.000000000 0.000067245 -0.000117232 0.001027855 -0.000067239 1.000000000 0.000054805 -0.000653518 0.000117236 -0.000054797 1.000000000 -0.000794245
1.000000000 0.000010318 -0.000030064 0.000053546 -0.000010317 1.000000000 0.000050585 -0.000552339 0.000030064 -0.000050584 1.000000000 0.000326419
1.000000000 0.000076936 -0.000023692 -0.000480634 -0.000076936 1.000000000 0.000009508 -0.000052949 0.000023692 -0.000009506 1.000000000 -0.000486453
1.000000000 0.000055539 -0.000072097 -0.000155016 -0.000055541 1.000000000 -0.000028854 -0.000119981 0.000072095 0.000028858 1.000000000 -0.000408854
1.000000000 0.000062148 -0.000095813 0.000759382 -0.000062151 1.000000000 -0.000029863 -0.000557372 0.000095811 0.000029869 1.000000000 -0.001374880
1.000000000 -0.000014965 -0.000080389 0.001042077 0.000014960 1.000000000 -0.000063958 0.000201726 0.000080390 0.000063957 1.000000000 -0.000345445
1.000000000 -0.000083272 0.000064110 0.000510532 0.000083271 1.000000000 0.000002819 -0.000699945 -0.000064111 -0.000002813 1.000000000 -0.002131387
1.000000000 -0.000209623 -0.000036494 0.000877567 0.000209619 1.000000000 -0.000095151 0.001398984 0.000036514 0.000095144 1.000000000 0.002638723
1.000000000 -0.000114482 -0.000035366 0.000411524 0.000114481 1.000000000 -0.000011814 -0.000073885 0.000035367 0.000011810 1.000000000 0.001584424
1.000000000 -0.000068491 0.000073833 -0.000652921 0.000068504 1.000000000 -0.000177914 0.002020730 -0.000073821 0.000177919 1.000000000 0.002951647
1.000000000 -0.000138154 0.000000045 -0.000497078 0.000138154 1.000000000 0.000046328 0.000313060 -0.000000051 -0.000046328 1.000000000 0.001572289
1.000000000 -0.000107883 -0.000004624 -0.000153944 0.000107883 1.000000000 0.000060644 0.000176093 0.000004617 -0.000060644 1.000000000 0.001246480
1.000000000 -0.000099479 -0.000121418 0.000714704 0.000099490 1.000000000 0.000086134 -0.000703345 0.000121409 -0.000086146 1.000000000 0.000443179
1.000000000 0.000001164 -0.000057027 -0.000228424 -0.000001164 1.000000000 -0.000009227 -0.000296581 0.000057027 0.000009227 1.000000000 -0.000403944
0.999999940 0.000202304 0.000169833 -0.001775281 -0.000202320 1.000000000 0.000096078 -0.000486550 -0.000169813 -0.000096113 1.000000000 0.000332303
1.000000000 -0.000081167 -0.000191659 0.000691852 0.000081148 1.000000000 -0.000097403 0.000648368 0.000191667 0.000097387 1.000000000 0.000631281
1.000000000 -0.000200980 -0.000008479 0.000251854 0.000200980 1.000000000 0.000011051 -0.000284458 0.000008477 -0.000011053 1.000000000 0.000740124
1.000000000 -0.000017996 0.000106708 -0.000205045 0.000017993 1.000000000 0.000028260 -0.000230464 -0.000106708 -0.000028258 1.000000000 0.000960701
1.000000000 0.000052862 0.000040531 -0.001070969 -0.000052859 1.000000000 -0.000077754 0.000717229 -0.000040535 0.000077752 1.000000000 0.001842054
1.000000000 -0.000052423 -0.000048148 -0.000113467 0.000052423 1.000000000 0.000002052 0.000601773 0.000048148 -0.000002054 1.000000000 0.000681286
1.000000000 -0.000026205 -0.000034803 0.000903066 0.000026207 1.000000000 0.000053502 0.000091796 0.000034801 -0.000053503 1.000000000 0.001711445
1.000000000 0.000082255 0.000175806 -0.000861711 -0.000082258 1.000000000 0.000020114 0.000755810 -0.000175805 -0.000020129 1.000000000 0.000198574
1.000000000 -0.000128277 -0.000141386 0.001332606 0.000128274 1.000000000 -0.000022570 0.000469680 0.000141389 0.000022552 1.000000000 0.000915531
1.000000000 0.000031928 -0.000002051 -0.000245260 -0.000031928 1.000000000 -0.000115631 0.000933989 0.000002047 0.000115631 1.000000000 0.000325271
1.000000000 0.000009366 0.000056335 -0.000211465 -0.000009359 1.000000000 -0.000122500 -0.000140485 -0.000056336 0.000122500 1.000000000 -0.000738420
1.000000000 0.000034528 -0.000030256 -0.000172798 -0.000034530 1.000000000 -0.000092760 0.000642838 0.000030253 0.000092761 1.000000000 0.000506901
1.000000000 -0.000014460 -0.000021948 -0.001078016 0.000014460 1.000000000 -0.000009739 0.001540471 0.000021948 0.000009739 1.000000000 0.002719071
1.000000000 0.000040002 0.000167220 -0.001679240 -0.000039993 1.000000000 -0.000051596 0.001262217 -0.000167222 0.000051589 1.000000000 0.001849333
1.000000000 -0.000151052 -0.000105143 0.000530271 0.000151050 1.000000000 -0.000026285 0.000694598 0.000105146 0.000026269 1.000000000 0.000194990
1.000000000 0.000015155 0.000075704 -0.001617897 -0.000015155 1.000000000 0.000007350 0.000623687 -0.000075704 -0.000007351 1.000000000 0.002047031
1.000000000 0.000011499 0.000133534 -0.001463354 -0.000011494 1.000000000 -0.000036119 0.000007888 -0.000133535 0.000036117 1.000000000 0.000975245
1.000000000 -0.000066914 0.000031753 -0.000775879 0.000066915 1.000000000 -0.000018049 0.001114764 -0.000031752 0.000018051 1.000000000 0.002044103
1.000000000 -0.000007093 0.000123358 -0.001516401 0.000007106 1.000000000 -0.000101918 0.002354201 -0.000123357 0.000101919 1.000000000 0.003826320
1.000000000 0.000108647 0.000171234 -0.002444660 -0.000108633 1.000000000 -0.000083834 0.002681599 -0.000171243 0.000083815 1.000000000 0.003484044
1.000000000 -0.000217140 0.000054399 -0.000844915 0.000217139 1.000000000 0.000024118 0.000846280 -0.000054404 -0.000024106 1.000000000 0.001954271
1.000000000 -0.000045198 0.000087898 -0.001243594 0.000045193 1.000000000 0.000060396 0.000845771 -0.000087901 -0.000060392 1.000000000 0.001550401
1.000000000 -0.000137574 0.000016415 -0.000546200 0.000137575 1.000000000 -0.000033961 0.001361450 -0.000016410 0.000033963 1.000000000 0.002169930
0.999999940 0.000011381 0.000256372 -0.001909280 -0.000011380 1.000000000 -0.000002404 -0.000279065 -0.000256372 0.000002402 0.999999940 0.002077135
0.999999940 -0.000089118 0.000337856 -0.001634256 0.000089354 0.999999762 -0.000698283 -0.001607538 -0.000337793 0.000698313 0.999999702 0.052754026
0.999999940 0.000178985 0.000212147 -0.000047372 -0.000178712 0.999999166 -0.001285499 -0.004613603 -0.000212377 0.001285461 0.999999166 0.134483412
0.999999881 0.000476251 0.000005279 0.003284673 -0.000476243 0.999998748 -0.001493832 -0.003872019 -0.000005991 0.001493829 0.999998868 0.254690856
0.999999940 0.000250602 0.000064400 0.004356060 -0.000250528 0.999999285 -0.001154381 -0.013784425 -0.000064689 0.001154364 0.999999344 0.382780880
0.999999940 0.000353795 0.000112182 0.007419163 -0.000353676 0.999999344 -0.001061796 -0.016746284 -0.000112558 0.001061756 0.999999404 0.527059853
1.000000000 0.000225191 -0.000029276 0.015216263 -0.000225227 0.999999166 -0.001256432 -0.016578527 0.000028993 0.001256439 0.999999225 0.682303727
1.000000000 0.000046365 0.000171457 0.017587656 -0.000046174 0.999999404 -0.001110799 -0.019553129 -0.000171508 0.001110791 0.999999344 0.855325878
1.000000000 0.000209296 0.000116394 0.016514812 -0.000209210 0.999999702 -0.000736548 -0.027145442 -0.000116548 0.000736524 0.999999702 1.018804073
0.999999940 0.000085024 0.000239819 0.018433360 -0.000084976 1.000000000 -0.000199025 -0.035195611 -0.000239836 0.000199005 0.999999940 1.187639356
0.999999881 0.000463208 0.000183413 0.018785728 -0.000463086 0.999999702 -0.000663808 -0.034890022 -0.000183720 0.000663723 0.999999762 1.376400471
0.999999881 0.000533494 -0.000056313 0.029149132 -0.000533520 0.999999762 -0.000463477 -0.042829759 0.000056065 0.000463507 0.999999881 1.581819892
0.999999285 0.000904617 0.000766857 0.024792444 -0.000904310 0.999999523 -0.000401105 -0.047380161 -0.000767219 0.000400412 0.999999642 1.769366980
0.999999940 0.000261013 0.000023409 0.040777083 -0.000261002 0.999999881 -0.000462085 -0.047803182 -0.000023530 0.000462079 0.999999881 1.964684963
0.999999464 0.000499365 0.000878578 0.029409342 -0.000498692 0.999999583 -0.000766104 -0.051274505 -0.000878960 0.000765665 0.999999344 2.186150551
0.999999166 0.000800525 0.000998744 0.028966559 -0.000799865 0.999999464 -0.000660552 -0.063294537 -0.000999273 0.000659753 0.999999285 2.390809059
0.999998808 0.001540866 -0.000091018 0.058806747 -0.001540880 0.999998808 -0.000158480 -0.079899698 0.000090773 0.000158620 1.000000000 2.594772339
0.999999642 0.000710998 0.000233901 0.065075621 -0.000711054 0.999999642 0.000239278 -0.091720954 -0.000233730 -0.000239444 1.000000000 2.814548969
0.999998748 0.001547073 -0.000120460 0.068271637 -0.001547074 0.999998808 -0.000013073 -0.091598339 0.000120439 0.000013259 0.999999940 3.052124500
0.999999225 0.001173600 -0.000441621 0.078765720 -0.001173740 0.999999225 -0.000317301 -0.094380572 0.000441249 0.000317819 0.999999821 3.288166761
0.999999583 0.000936175 -0.000220233 0.082893141 -0.000936136 0.999999523 0.000178495 -0.109236851 0.000220400 -0.000178289 1.000000000 3.523658514
0.999999285 0.001151358 -0.000236143 0.085197844 -0.001151381 0.999999285 -0.000096832 -0.110301107 0.000236031 0.000097104 0.999999940 3.790577650
0.999999225 0.001197626 -0.000235421 0.089580208 -0.001197705 0.999999225 -0.000337907 -0.115491860 0.000235016 0.000338189 0.999999940 4.047770977
0.999998987 0.001389397 0.000087725 0.089973405 -0.001389413 0.999999046 0.000183171 -0.124827266 -0.000087470 -0.000183292 0.999999940 4.305704594
0.999999285 0.001167633 0.000133296 0.097063467 -0.001167639 0.999999344 0.000043799 -0.127868667 -0.000133245 -0.000043955 1.000000000 4.553108692
0.999998748 0.001532222 -0.000245579 0.107548200 -0.001532241 0.999998808 -0.000074769 -0.132965416 0.000245464 0.000075145 0.999999940 4.818593025
0.999999344 0.001079719 -0.000329137 0.112381950 -0.001079826 0.999999344 -0.000326109 -0.136013791 0.000328784 0.000326464 0.999999881 5.081190586
0.999998033 0.001973814 0.000077240 0.113845423 -0.001973773 0.999997854 -0.000534412 -0.146008417 -0.000078295 0.000534259 0.999999881 5.341681480
0.999998987 0.001396974 -0.000127920 0.123315185 -0.001396965 0.999999046 0.000072865 -0.155492604 0.000128021 -0.000072687 1.000000000 5.600984573
0.999998510 0.001705146 -0.000004692 0.126303360 -0.001705147 0.999998510 -0.000083110 -0.163141996 0.000004550 0.000083118 1.000000000 5.868227005
0.999999225 0.001212231 -0.000062007 0.136023849 -0.001212238 0.999999225 -0.000101726 -0.170182183 0.000061883 0.000101802 1.000000000 6.146536350
0.999998271 0.001829736 0.000003012 0.141000345 -0.001829737 0.999998331 0.000236741 -0.181839511 -0.000002579 -0.000236746 1.000000000 6.420745373
0.999998450 0.001740489 -0.000146799 0.145221069 -0.001740375 0.999998212 0.000770544 -0.199450523 0.000148140 -0.000770288 0.999999702 6.698287487
0.999997973 0.001977692 -0.000042899 0.148651674 -0.001977676 0.999998033 0.000370566 -0.204053372 0.000043632 -0.000370480 0.999999940 7.000009537
0.999998391 0.001769996 -0.000095217 0.163134307 -0.001769924 0.999998152 0.000749324 -0.217564851 0.000096543 -0.000749154 0.999999702 7.281342983
0.999998808 0.001475843 0.000344502 0.163227528 -0.001475795 0.999998987 -0.000140187 -0.215305060 -0.000344709 0.000139678 0.999999940 7.600604057
0.999998093 0.001910714 0.000171495 0.172876745 -0.001910835 0.999997914 0.000711827 -0.232006595 -0.000170134 -0.000712153 0.999999762 7.900860786
0.999999404 0.001053101 -0.000146873 0.180779621 -0.001052952 0.999998927 0.001005071 -0.244676560 0.000147931 -0.001004916 0.999999404 8.223834038
0.999999225 0.001211755 -0.000173800 0.188384175 -0.001211609 0.999998868 0.000836945 -0.252160370 0.000174814 -0.000836733 0.999999642 8.555133820
0.999999166 0.001227839 0.000428201 0.188782424 -0.001228212 0.999998868 0.000872551 -0.259827733 -0.000427130 -0.000873077 0.999999523 8.894268990
0.999999404 0.001012360 0.000430403 0.195704803 -0.001012777 0.999999046 0.000971375 -0.273881465 -0.000429419 -0.000971810 0.999999404 9.223699570
0.999998510 0.001451791 0.000962565 0.189930126 -0.001452362 0.999998748 0.000592416 -0.273354888 -0.000961703 -0.000593813 0.999999344 9.581979752
0.999999464 0.001014925 0.000123639 0.202722371 -0.001015060 0.999998808 0.001092928 -0.291756302 -0.000122529 -0.001093052 0.999999404 9.895073891
0.999998808 0.001473550 0.000424220 0.209458649 -0.001473926 0.999998450 0.000885500 -0.300673157 -0.000422914 -0.000886125 0.999999523 10.251257896
0.999999285 0.001100415 0.000241667 0.217907771 -0.001100679 0.999998808 0.001094795 -0.312538892 -0.000240462 -0.001095060 0.999999344 10.609909058
0.999999523 0.000895757 0.000258382 0.227770761 -0.000896010 0.999999166 0.000978997 -0.320364118 -0.000257505 -0.000979228 0.999999464 10.979376793
0.999999464 0.000764444 0.000674741 0.230224073 -0.000764896 0.999999464 0.000669140 -0.327991456 -0.000674229 -0.000669656 0.999999464 11.358325005
0.999999225 0.001169962 0.000383450 0.240353793 -0.001170302 0.999998927 0.000888168 -0.338963330 -0.000382410 -0.000888616 0.999999523 11.731678963
0.999998331 0.001691530 0.000619788 0.248114541 -0.001692181 0.999998093 0.001051453 -0.352526277 -0.000618008 -0.001052500 0.999999285 12.115396500
0.999999404 0.001173183 0.000278094 0.257688314 -0.001173373 0.999999106 0.000685488 -0.360979527 -0.000277289 -0.000685814 0.999999642 12.500089645
0.999999166 0.001287252 0.000000853 0.267108411 -0.001287252 0.999998689 0.001025496 -0.374461710 0.000000468 -0.001025496 0.999999344 12.896162987
0.999998868 0.001468533 0.000331496 0.271449178 -0.001468877 0.999998391 0.001040525 -0.383955359 -0.000329968 -0.001041011 0.999999404 13.296237946
0.999998510 0.001510401 0.000823071 0.276714414 -0.001511191 0.999998391 0.000960008 -0.390936047 -0.000821620 -0.000961251 0.999999225 13.714994431
0.999998629 0.001394281 0.000829933 0.284258753 -0.001395009 0.999998629 0.000877937 -0.401239336 -0.000828708 -0.000879094 0.999999285 14.123580933
0.999997854 0.001723535 0.001108343 0.294909954 -0.001724539 0.999998152 0.000905592 -0.413394153 -0.001106780 -0.000907502 0.999998987 14.545189857
0.999998987 0.001052231 0.000989500 0.305272341 -0.001053387 0.999998748 0.001168829 -0.425536752 -0.000988269 -0.001169870 0.999998868 14.971613884
0.999998689 0.001134493 0.001131630 0.320559382 -0.001135644 0.999998808 0.001017646 -0.439000815 -0.001130474 -0.001018930 0.999998868 15.399094582
0.999997616 0.001554845 0.001485051 0.328941405 -0.001556044 0.999998450 0.000806572 -0.450367987 -0.001483795 -0.000808881 0.999998569 15.841431618
0.999997795 0.001421499 0.001537883 0.341246724 -0.001422885 0.999998569 0.000900924 -0.461598098 -0.001536601 -0.000903110 0.999998331 16.285282135
0.999997199 0.001366316 0.001896291 0.349909455 -0.001367821 0.999998748 0.000792545 -0.474670798 -0.001895206 -0.000795137 0.999997914 16.729282379
0.999996424 0.001302654 0.002302786 0.360409230 -0.001305783 0.999998152 0.001357797 -0.492867529 -0.002301014 -0.001360799 0.999996483 17.183134079
0.999995649 0.001598254 0.002482845 0.366193652 -0.001601460 0.999997854 0.001289752 -0.500571251 -0.002480780 -0.001293723 0.999996006 17.639295578
0.999994636 0.001549584 0.002862065 0.377718210 -0.001551784 0.999998510 0.000766796 -0.510240018 -0.002860873 -0.000771234 0.999995589 18.104402542
0.999995947 0.001383120 0.002482553 0.395728588 -0.001385974 0.999998391 0.001148203 -0.523307085 -0.002480961 -0.001151639 0.999996245 18.564874649
0.999994993 0.001281185 0.002877279 0.406923532 -0.001284775 0.999998391 0.001246040 -0.534731090 -0.002875678 -0.001249730 0.999995112 19.035440445
0.999994397 0.001075813 0.003157810 0.424854457 -0.001078581 0.999998987 0.000874674 -0.544004977 -0.003156866 -0.000878075 0.999994636 19.514297485
0.999994218 0.000941997 0.003307662 0.419872642 -0.000943471 0.999999464 0.000444120 -0.547575653 -0.003307242 -0.000447238 0.999994457 19.998868942
0.999993026 0.001837252 0.003260725 0.432798296 -0.001838574 0.999998271 0.000402524 -0.563427746 -0.003259980 -0.000408517 0.999994636 20.489311218
0.999993861 0.001785690 0.003044014 0.445786148 -0.001786184 0.999998450 0.000159694 -0.570400953 -0.003043724 -0.000165130 0.999995410 20.988401413
0.999996603 0.001634819 0.002014732 0.458347410 -0.001636153 0.999998391 0.000661016 -0.591726005 -0.002013648 -0.000664310 0.999997735 21.512643814
0.999997616 0.001545785 0.001526226 0.472241759 -0.001547470 0.999998152 0.001103733 -0.614888132 -0.001524516 -0.001106092 0.999998212 22.012073517
0.999998689 0.001302882 0.001086498 0.485618025 -0.001303705 0.999998868 0.000757005 -0.624442637 -0.001085510 -0.000758420 0.999999106 22.523303986
0.999998689 0.001601035 0.000386672 0.498589873 -0.001601434 0.999998152 0.001031374 -0.642246604 -0.000385020 -0.001031992 0.999999344 23.045036316
0.999999106 0.001331291 -0.000111107 0.502075970 -0.001331211 0.999998868 0.000720016 -0.654256523 0.000112064 -0.000719868 0.999999702 23.566450119
0.999999285 0.000061784 -0.001149275 0.514128625 -0.000061449 0.999999940 0.000291057 -0.665498078 0.001149293 -0.000290986 0.999999285 24.097349167
0.999997795 0.000881911 -0.001924469 0.527634501 -0.000880724 0.999999404 0.000617376 -0.685049772 0.001925012 -0.000615680 0.999997973 24.624729156
0.999996722 0.001270730 -0.002219123 0.527527392 -0.001268533 0.999998689 0.000990995 -0.701436281 0.002220379 -0.000988176 0.999997020 25.170009613
0.999996901 0.000728177 -0.002381429 0.535146892 -0.000726180 0.999999404 0.000839369 -0.713594973 0.002382039 -0.000837637 0.999996781 25.716489792
0.999995232 0.000681947 -0.003016874 0.545515001 -0.000678616 0.999999225 0.001105289 -0.733183742 0.003017625 -0.001103236 0.999994814 26.260284424
0.999994040 0.000453967 -0.003424037 0.548888803 -0.000449004 0.999998868 0.001450043 -0.743203163 0.003424692 -0.001448497 0.999993086 26.799562454
0.999993384 0.000822127 -0.003544431 0.555742502 -0.000817423 0.999998808 0.001328302 -0.761606753 0.003545519 -0.001325396 0.999992847 27.347581863
0.999991536 0.001325111 -0.003900161 0.566328406 -0.001320709 0.999998510 0.001130970 -0.777793765 0.003901653 -0.001125809 0.999991775 27.896013260
0.999990702 0.001929286 -0.003851358 0.560204625 -0.001922787 0.999996722 0.001690413 -0.792903006 0.003854606 -0.001682992 0.999991179 28.424629211
0.999990404 0.001512045 -0.004102052 0.569494665 -0.001506767 0.999997973 0.001289319 -0.805833399 0.004103994 -0.001283126 0.999990821 28.967700958
0.999988973 0.001821717 -0.004309845 0.570378542 -0.001814191 0.999996781 0.001749430 -0.823209405 0.004313017 -0.001741591 0.999989212 29.516803741
0.999987662 0.001869196 -0.004601508 0.573851168 -0.001861230 0.999996722 0.001734982 -0.835431337 0.004604736 -0.001726396 0.999987900 30.062583923
0.999987602 0.002137742 -0.004493516 0.583957970 -0.002129771 0.999996245 0.001777939 -0.854368329 0.004497299 -0.001768347 0.999988317 30.601600647
0.999983907 0.002169073 -0.005244334 0.593673766 -0.002159597 0.999996006 0.001811926 -0.868269503 0.005248243 -0.001800571 0.999984622 31.154964447
0.999982297 0.001971109 -0.005616020 0.602495134 -0.001961690 0.999996662 0.001682051 -0.879931331 0.005619317 -0.001671004 0.999982834 31.707258224
0.999978244 0.002123308 -0.006243216 0.617333651 -0.002111840 0.999996066 0.001842846 -0.899429619 0.006247105 -0.001829621 0.999978781 32.249534607
0.999983072 0.002179711 -0.005387309 0.613266766 -0.002169730 0.999995887 0.001857849 -0.909328401 0.005391337 -0.001846128 0.999983788 32.790786743
0.999971271 0.002625442 -0.007123463 0.617844522 -0.002610569 0.999994397 0.002096412 -0.926679671 0.007128927 -0.002077755 0.999972463 33.358177185
0.999979615 0.002759787 -0.005760781 0.626336575 -0.002749837 0.999994695 0.001734480 -0.935082674 0.005765538 -0.001718603 0.999981880 33.882858276
0.999978304 0.002206646 -0.006215158 0.632568836 -0.002196180 0.999996185 0.001690339 -0.952572882 0.006218864 -0.001676653 0.999979258 34.427387238
0.999978960 0.002149052 -0.006122184 0.646829426 -0.002137596 0.999995947 0.001877239 -0.968615711 0.006126194 -0.001864112 0.999979496 34.960441589
0.999979973 0.002332615 -0.005877303 0.651276171 -0.002322077 0.999995589 0.001799257 -0.980099380 0.005881475 -0.001785573 0.999981165 35.510158539
0.999976695 0.002516101 -0.006335218 0.653935909 -0.002506818 0.999995768 0.001472925 -0.988507509 0.006338897 -0.001457010 0.999978840 36.061435699
0.999976039 0.002380370 -0.006496619 0.663808584 -0.002371838 0.999996364 0.001320603 -1.002786875 0.006499737 -0.001305162 0.999978065 36.608177185
0.999977469 0.002378085 -0.006276934 0.655753136 -0.002370170 0.999996364 0.001268126 -1.020581245 0.006279927 -0.001253220 0.999979496 37.160781860
0.999975979 0.002859817 -0.006311131 0.664024353 -0.002851326 0.999994993 0.001353974 -1.036770463 0.006314971 -0.001335947 0.999979138 37.696586609
0.999977112 0.002363255 -0.006344317 0.672634125 -0.002356251 0.999996662 0.001111255 -1.048096061 0.006346922 -0.001096281 0.999979258 38.243782043
0.999974310 0.002983709 -0.006518573 0.680814981 -0.002973403 0.999994278 0.001590224 -1.068169117 0.006523279 -0.001570801 0.999977529 38.792404175
0.999971688 0.002838162 -0.006970274 0.693696797 -0.002831220 0.999995470 0.001005638 -1.074180365 0.006973096 -0.000985875 0.999975204 39.339729309
0.999968708 0.002971866 -0.007328117 0.709535003 -0.002961832 0.999994695 0.001379821 -1.093469620 0.007332178 -0.001358073 0.999972165 39.879375458
0.999968469 0.002624837 -0.007491781 0.723044515 -0.002614856 0.999995649 0.001341817 -1.110961556 0.007495272 -0.001322184 0.999970973 40.434814453
0.999966800 0.002941753 -0.007596163 0.725622177 -0.002934597 0.999995232 0.000952924 -1.118853331 0.007598930 -0.000930601 0.999970675 40.995887756
0.999965668 0.003160377 -0.007653241 0.736399651 -0.003147340 0.999993563 0.001714755 -1.134800434 0.007658612 -0.001690609 0.999969244 41.546710968
0.999960363 0.002892328 -0.008416573 0.757875323 -0.002876974 0.999994159 0.001835734 -1.159455299 0.008421834 -0.001811447 0.999962866 42.070743561
0.999963224 0.003821228 -0.007678744 0.741797864 -0.003811021 0.999991834 0.001343409 -1.162971854 0.007683815 -0.001314096 0.999969602 42.653869629
0.999960780 0.003232137 -0.008248820 0.756148338 -0.003219431 0.999993622 0.001553134 -1.180829406 0.008253789 -0.001526517 0.999964774 43.181797028
0.999957800 0.004197741 -0.008164282 0.765803695 -0.004187196 0.999990404 0.001308292 -1.196898818 0.008169695 -0.001274051 0.999965787 43.735778809
0.999964952 0.003215309 -0.007730954 0.753825903 -0.003202313 0.999993443 0.001692844 -1.209672928 0.007736347 -0.001668027 0.999968708 44.287857056
0.999966204 0.003346819 -0.007511711 0.762060523 -0.003338756 0.999993861 0.001085671 -1.217854977 0.007515298 -0.001060555 0.999971271 44.838592529
0.999966741 0.003528113 -0.007354145 0.766124427 -0.003518581 0.999992967 0.001308703 -1.229226947 0.007358711 -0.001282783 0.999972165 45.358638763
0.999965131 0.003363991 -0.007641218 0.776827931 -0.003349906 0.999992669 0.001855313 -1.257327676 0.007647402 -0.001829651 0.999969065 45.934265137
0.999962687 0.002827090 -0.008159940 0.790462375 -0.002813129 0.999994576 0.001721878 -1.274162292 0.008164763 -0.001698859 0.999965191 46.469512939
0.999961019 0.003503727 -0.008097371 0.802554429 -0.003490184 0.999992430 0.001685968 -1.287075281 0.008103217 -0.001657641 0.999965787 46.997642517
0.999965012 0.002974286 -0.007807731 0.789066553 -0.002961085 0.999994099 0.001701822 -1.298558235 0.007812746 -0.001678643 0.999968052 47.573608398
0.999963641 0.003561830 -0.007750173 0.791984558 -0.003548086 0.999992073 0.001786426 -1.314360857 0.007756474 -0.001758863 0.999968350 48.117183685
0.999962926 0.003096685 -0.008030958 0.812319160 -0.003084153 0.999993980 0.001572380 -1.325615644 0.008035778 -0.001547553 0.999966502 48.652248383
0.999967694 0.002980790 -0.007464139 0.796185851 -0.002966685 0.999993920 0.001899893 -1.340247035 0.007469757 -0.001877688 0.999970317 49.208110809
0.999966085 0.003208801 -0.007582104 0.810073137 -0.003197886 0.999993801 0.001451166 -1.353292823 0.007586714 -0.001426870 0.999970198 49.751670837
0.999968350 0.003214305 -0.007270474 0.817229867 -0.003202234 0.999993443 0.001671240 -1.369308114 0.007275799 -0.001647906 0.999972165 50.306175232
0.999968529 0.002855572 -0.007393792 0.817967594 -0.002843624 0.999994636 0.001625946 -1.384214282 0.007398395 -0.001604870 0.999971330 50.846153259
0.999968588 0.003238995 -0.007229412 0.824913144 -0.003222683 0.999992251 0.002266808 -1.402199864 0.007236698 -0.002243439 0.999971330 51.400020599
0.999968052 0.002949230 -0.007426327 0.837303162 -0.002938624 0.999994636 0.001438865 -1.410947800 0.007430532 -0.001416996 0.999971390 51.946445465
0.999964237 0.002563027 -0.008061920 0.849790454 -0.002549141 0.999995172 0.001732270 -1.432233572 0.008066323 -0.001711657 0.999966025 52.482460022
0.999966979 0.002448646 -0.007754713 0.851928711 -0.002435037 0.999995470 0.001763955 -1.444891334 0.007758996 -0.001745014 0.999968469 53.019859314
0.999964356 0.002565411 -0.008043047 0.859241068 -0.002551076 0.999995112 0.001792184 -1.459469438 0.008047607 -0.001771602 0.999965966 53.588459015
0.999966383 0.002346982 -0.007849956 0.869174600 -0.002335799 0.999996185 0.001433512 -1.471398592 0.007853291 -0.001415128 0.999968171 54.140468597
0.999966621 0.002550099 -0.007765332 0.867319942 -0.002538447 0.999995589 0.001509966 -1.481501818 0.007769149 -0.001490204 0.999968708 54.681983948
0.999969602 0.002598019 -0.007361212 0.866525650 -0.002589220 0.999995887 0.001204512 -1.495315909 0.007364313 -0.001185416 0.999972165 55.233356476
0.999965489 0.002614369 -0.007888956 0.881801605 -0.002602811 0.999995530 0.001475070 -1.510163665 0.007892777 -0.001454485 0.999967813 55.777244568
0.999963403 0.002675361 -0.008128396 0.886416912 -0.002665317 0.999995649 0.001246328 -1.522135854 0.008131696 -0.001224618 0.999966204 56.323844910
0.999966264 0.002220546 -0.007906336 0.907306075 -0.002210149 0.999996603 0.001323565 -1.540979147 0.007909249 -0.001306046 0.999967933 56.854549408
0.999964774 0.002738628 -0.007933469 0.905666292 -0.002729278 0.999995589 0.001189148 -1.549555898 0.007936690 -0.001167453 0.999967813 57.426757812
0.999958396 0.002311974 -0.008827359 0.916751385 -0.002299615 0.999996424 0.001410047 -1.568201661 0.008830588 -0.001389688 0.999960065 57.969741821
0.999966979 0.002728157 -0.007641427 0.920785666 -0.002719467 0.999995649 0.001147560 -1.581046939 0.007644523 -0.001126742 0.999970198 58.511417389
0.999966979 0.002669184 -0.007674946 0.916339159 -0.002663447 0.999996126 0.000757664 -1.587856412 0.007676939 -0.000737198 0.999970257 59.065742493
0.999966025 0.002653597 -0.007809493 0.927159905 -0.002647730 0.999996245 0.000761553 -1.605183363 0.007811485 -0.000740850 0.999969244 59.607257843
0.999968290 0.003077034 -0.007341184 0.929242730 -0.003071089 0.999994934 0.000820923 -1.618834496 0.007343673 -0.000798351 0.999972701 60.161296844
0.999967992 0.003008471 -0.007406787 0.922180116 -0.003003870 0.999995232 0.000632264 -1.627884030 0.007408654 -0.000609995 0.999972343 60.703884125
0.999971688 0.003650423 -0.006572821 0.927468061 -0.003644235 0.999992907 0.000953266 -1.648308635 0.006576254 -0.000929286 0.999977946 61.253368378
0.999977052 0.003009549 -0.006083351 0.930084705 -0.003008106 0.999995410 0.000246497 -1.654559374 0.006084064 -0.000228192 0.999981523 61.813388824
0.999965250 0.003201036 -0.007699266 0.954232931 -0.003198821 0.999994874 0.000299871 -1.675864577 0.007700185 -0.000275232 0.999970257 62.324977875
0.999964356 0.003583101 -0.007646330 0.955134511 -0.003580410 0.999993443 0.000365438 -1.684778094 0.007647590 -0.000338048 0.999970675 62.871459961
0.999965966 0.003193100 -0.007609908 0.956584811 -0.003190573 0.999994814 0.000344160 -1.692853451 0.007610968 -0.000319868 0.999970973 63.421241760
0.999964833 0.003705883 -0.007532404 0.962850332 -0.003703059 0.999993086 0.000388760 -1.717484236 0.007533793 -0.000360853 0.999971509 63.968418121
0.999964833 0.004146031 -0.007289495 0.968537927 -0.004144842 0.999991357 0.000178203 -1.729687810 0.007290172 -0.000147983 0.999973416 64.506484985
0.999959111 0.004176314 -0.008010266 0.987121224 -0.004171266 0.999991119 0.000646793 -1.744292498 0.008012896 -0.000613353 0.999967694 65.041778564
0.999960601 0.003950775 -0.007942029 0.995495677 -0.003948761 0.999992251 0.000269245 -1.757624745 0.007943030 -0.000237873 0.999968410 65.596641541
0.999961019 0.003713767 -0.008010552 1.005695105 -0.003705776 0.999992669 0.001012206 -1.775338531 0.008014252 -0.000982481 0.999967396 66.135299683
0.999960959 0.003431867 -0.008142810 1.016712427 -0.003432791 0.999994159 -0.000099700 -1.781058550 0.008142420 0.000127649 0.999966860 66.676170349
0.999960363 0.004109375 -0.007888088 1.008216619 -0.004106625 0.999991477 0.000364806 -1.803709507 0.007889519 -0.000332399 0.999968827 67.224906921
0.999960005 0.003613122 -0.008175936 1.014967680 -0.003608965 0.999993265 0.000523043 -1.819862962 0.008177770 -0.000493515 0.999966443 67.768051147
0.999963343 0.004510860 -0.007275136 1.017373681 -0.004504629 0.999989450 0.000872482 -1.838828921 0.007278995 -0.000839678 0.999973118 68.318801880
0.999959588 0.004400119 -0.007840216 1.024721384 -0.004396516 0.999990225 0.000476712 -1.853005171 0.007842237 -0.000442223 0.999969125 68.847038269
0.999960899 0.004317654 -0.007719753 1.028546572 -0.004315895 0.999990702 0.000244532 -1.858952641 0.007720738 -0.000211205 0.999970138 69.404937744
0.999962568 0.003883539 -0.007736134 1.039696217 -0.003882285 0.999992371 0.000177120 -1.878002048 0.007736764 -0.000147079 0.999970019 69.942657471
0.999964476 0.004079338 -0.007376585 1.035661459 -0.004077207 0.999991655 0.000303859 -1.894305110 0.007377763 -0.000273773 0.999972761 70.488563538
0.999960184 0.004500942 -0.007711702 1.047884822 -0.004499726 0.999989927 0.000174966 -1.910052180 0.007712412 -0.000140258 0.999970257 71.031425476
0.999959826 0.004768836 -0.007588764 1.049904823 -0.004773925 0.999988377 -0.000652493 -1.916564584 0.007585564 0.000688695 0.999971032 71.581039429
0.999959469 0.004573748 -0.007746086 1.058374763 -0.004569059 0.999989390 0.000622794 -1.948188066 0.007748852 -0.000587376 0.999969721 72.109298706
0.999956965 0.004424363 -0.008147211 1.069301605 -0.004418407 0.999990046 0.000748952 -1.967247009 0.008150444 -0.000712922 0.999966502 72.654106140
0.999961078 0.004477545 -0.007601970 1.069014430 -0.004474377 0.999989867 0.000433751 -1.981953382 0.007603833 -0.000399720 0.999971032 73.215637207
0.999958098 0.004400467 -0.008032333 1.076709509 -0.004396561 0.999990225 0.000503829 -1.993854165 0.008034471 -0.000468493 0.999967635 73.758949280
0.999960721 0.004566616 -0.007595996 1.080771208 -0.004563891 0.999989629 0.000375999 -2.010247469 0.007597633 -0.000341317 0.999971092 74.298957825
0.999960363 0.004572771 -0.007636018 1.091530085 -0.004566847 0.999989271 0.000793117 -2.026868105 0.007639563 -0.000758213 0.999970496 74.838485718
0.999962151 0.004322960 -0.007547904 1.096670389 -0.004315797 0.999990225 0.000965032 -2.043655634 0.007552001 -0.000932420 0.999971032 75.381172180
0.999960005 0.004397542 -0.007776921 1.103199482 -0.004393828 0.999990225 0.000494701 -2.056643963 0.007779022 -0.000460510 0.999969661 75.921989441
0.999955654 0.004953244 -0.008005016 1.108189821 -0.004949826 0.999987662 0.000446615 -2.071704865 0.008007132 -0.000406972 0.999967933 76.469879150
0.999957800 0.004862320 -0.007802236 1.115673065 -0.004859250 0.999988139 0.000412394 -2.085676193 0.007804148 -0.000374464 0.999969482 77.014511108
0.999959052 0.003953082 -0.008136542 1.126010418 -0.003948178 0.999992013 0.000618624 -2.102385759 0.008138921 -0.000586474 0.999966681 77.556488037
0.999959290 0.004067879 -0.008063499 1.134775400 -0.004060610 0.999991357 0.000917731 -2.120694637 0.008067165 -0.000884951 0.999967039 78.100746155
0.999955475 0.004871042 -0.008084166 1.136349797 -0.004865541 0.999987900 0.000700051 -2.135443687 0.008087478 -0.000660686 0.999967039 78.652725220
0.999957502 0.004038090 -0.008291691 1.154323816 -0.004034476 0.999991775 0.000452690 -2.150680542 0.008293453 -0.000419218 0.999965549 79.196968079
0.999957800 0.004420147 -0.008055239 1.150811911 -0.004417486 0.999990165 0.000348037 -2.162273884 0.008056698 -0.000312438 0.999967456 79.746765137
0.999956489 0.004572251 -0.008131039 1.159373522 -0.004569928 0.999989450 0.000304378 -2.177502871 0.008132344 -0.000267207 0.999966919 80.287864685
0.999964893 0.004604707 -0.006988924 1.166848302 -0.004601874 0.999989331 0.000421481 -2.191555262 0.006990789 -0.000389304 0.999975502 80.839462280
0.999973774 0.005096676 -0.005152190 1.169337034 -0.005095730 0.999987006 0.000196903 -2.205919504 0.005153126 -0.000170644 0.999986708 81.388374329
0.999976754 0.004842262 -0.004805917 1.184264064 -0.004839074 0.999988019 0.000674860 -2.225953817 0.004809128 -0.000651588 0.999988198 81.922325134
0.999982715 0.004784808 -0.003423667 1.195163965 -0.004782357 0.999988317 0.000723256 -2.241992235 0.003427087 -0.000706870 0.999993861 82.464263916
0.999990165 0.004377635 -0.000728392 1.213655829 -0.004377238 0.999990284 0.000545342 -2.255403042 0.000730772 -0.000542148 0.999999523 83.013771057
0.999985456 0.004581530 0.002860500 1.230799437 -0.004585206 0.999988616 0.001280233 -2.278659582 -0.002854601 -0.001293330 0.999995053 83.551719666
0.999964893 0.005075918 0.006660501 1.234423637 -0.005080735 0.999986827 0.000706405 -2.281980753 -0.006656828 -0.000740221 0.999977589 84.103149414
0.999920607 0.005641032 0.011260658 1.262756944 -0.005654835 0.999983370 0.001194382 -2.307440042 -0.011253732 -0.001257965 0.999935865 84.649124146
0.999835730 0.005488612 0.017274234 1.288616657 -0.005506028 0.999984324 0.000960806 -2.317803621 -0.017268691 -0.001055760 0.999850333 85.193450928
0.999731123 0.005242527 0.022586221 1.316796422 -0.005267366 0.999985635 0.001040420 -2.333883762 -0.022580443 -0.001159111 0.999744356 85.747886658
0.999592662 0.004360160 0.028207710 1.355634212 -0.004388066 0.999989867 0.000927467 -2.346556664 -0.028203381 -0.001050866 0.999601662 86.273292542
0.999316394 0.004918867 0.036639661 1.376650929 -0.004952726 0.999987364 0.000833387 -2.361351013 -0.036635101 -0.001014283 0.999328136 86.858047485
0.998979926 0.004647871 0.044915188 1.419846296 -0.004667195 0.999989092 0.000325351 -2.373409271 -0.044913195 -0.000534647 0.998990715 87.412788391
0.998655558 0.003992082 0.051682156 1.462878466 -0.004035173 0.999991655 0.000729471 -2.390111446 -0.051678807 -0.000937037 0.998663247 87.954383850
0.998147845 0.004153652 0.060692191 1.518068314 -0.004177767 0.999991179 0.000270440 -2.399729967 -0.060690530 -0.000523497 0.998156488 88.514076233
0.997519076 0.004449465 0.070255667 1.581459999 -0.004482307 0.999989927 0.000309811 -2.414671659 -0.070253573 -0.000623950 0.997528911 89.048881531
0.996903658 0.003651840 0.078547940 1.644571781 -0.003685761 0.999993205 0.000286874 -2.431792259 -0.078546360 -0.000575494 0.996910274 89.605178833
0.996145487 0.003928767 0.087628715 1.697740555 -0.003941101 0.999992192 -0.000032266 -2.441727877 -0.087628163 -0.000313212 0.996153176 90.166740417
0.995175481 0.003308915 0.098055489 1.778836727 -0.003324843 0.999994457 -0.000000957 -2.453361273 -0.098054938 -0.000325067 0.995180905 90.708206177
0.994059265 0.004151500 0.108760908 1.844836235 -0.004211196 0.999991059 0.000319183 -2.473520756 -0.108758621 -0.000775301 0.994067848 91.232772827
0.993012667 0.003398422 0.117958955 1.936100960 -0.003446629 0.999993980 0.000204682 -2.490205050 -0.117957570 -0.000609812 0.993018448 91.809829712
0.991588712 0.003485971 0.129382402 2.018752098 -0.003525552 0.999993742 0.000076886 -2.497586012 -0.129381314 -0.000532384 0.991594791 92.353439331
0.989991784 0.002559044 0.141101927 2.123881340 -0.002560241 0.999996722 -0.000173054 -2.514815092 -0.141101956 -0.000189933 0.989995003 92.918716431
0.988360047 0.002995887 0.152103066 2.226057053 -0.003050259 0.999995351 0.000124136 -2.535243988 -0.152101994 -0.000586645 0.988364577 93.464050293
0.986731172 0.002492815 0.162343368 2.335193634 -0.002548107 0.999996662 0.000132371 -2.546707392 -0.162342474 -0.000544282 0.986734331 94.014083862
0.984582424 0.001916013 0.174910575 2.461308479 -0.001999495 0.999997973 0.000301058 -2.565737009 -0.174909621 -0.000646150 0.984584272 94.524833679
0.982258022 0.001897024 0.187524602 2.580402374 -0.001960055 0.999998033 0.000150702 -2.577161789 -0.187523961 -0.000515587 0.982259870 95.088111877
0.980223119 0.001846270 0.197887167 2.702613831 -0.001899955 0.999998212 0.000081424 -2.587895870 -0.197886676 -0.000455790 0.980224848 95.619537354
0.977718174 0.000987120 0.209919333 2.860210419 -0.001038096 0.999999464 0.000132655 -2.610857248 -0.209919110 -0.000347616 0.977718711 96.130790710
0.974489927 0.001499912 0.224425852 2.986961365 -0.001595965 0.999998689 0.000246594 -2.619052649 -0.224425212 -0.000598479 0.974491119 96.694152832
0.971915185 0.001114919 0.235328659 3.133644104 -0.001248021 0.999999106 0.000416664 -2.636438370 -0.235327989 -0.000698657 0.971915841 97.221069336
0.969089329 0.000855970 0.246708184 3.291337967 -0.001000656 0.999999404 0.000461097 -2.652337313 -0.246707663 -0.000693715 0.969089687 97.733184814
0.965130806 0.001177306 0.261765510 3.448251724 -0.001318908 0.999998987 0.000365266 -2.664132357 -0.261764765 -0.000697774 0.965131462 98.302291870
0.961658776 0.000905451 0.274247408 3.618404388 -0.000967491 0.999999583 0.000090957 -2.678312778 -0.274247199 -0.000352801 0.961659133 98.829368591
0.958440542 0.000903970 0.285290688 3.790578842 -0.001002422 0.999999464 0.000199068 -2.687316418 -0.285290360 -0.000476776 0.958441019 99.337837219
0.954177558 0.000184720 0.299241036 3.980737686 -0.000501545 0.999999404 0.000981964 -2.720942736 -0.299240679 -0.001087051 0.954177022 99.873825073
0.949970782 -0.000620412 0.312338024 4.181283951 0.000255597 0.999999285 0.001208951 -2.737543821 -0.312338591 -0.001068635 0.949970245 100.371238708
0.946193874 -0.001170171 0.323598087 4.375194550 0.000900527 0.999999106 0.000983000 -2.742308855 -0.323598921 -0.000638700 0.946194112 100.877990723
0.941334188 -0.001352196 0.337473094 4.580024719 0.001134079 0.999998987 0.000843468 -2.765991926 -0.337473810 -0.000411264 0.941334844 101.404556274
0.936415911 -0.000952608 0.350890726 4.814031601 0.000763412 0.999999464 0.000677524 -2.781417370 -0.350891232 -0.000366570 0.936416090 101.943252563
0.931583107 -0.000683385 0.363527954 5.031478882 0.000267255 0.999999225 0.001194996 -2.797531128 -0.363528490 -0.001016083 0.931582510 102.448371887
0.927247226 -0.001959842 0.374444336 5.260801315 0.001877342 0.999998152 0.000585072 -2.803761721 -0.374444813 0.000160453 0.927249134 102.957931519
0.921223640 -0.002229997 0.389026940 5.499786377 0.002026529 0.999997497 0.000933366 -2.824664354 -0.389028072 -0.000071464 0.921225846 103.471290588
0.915526628 -0.003125915 0.402245343 5.738822937 0.003086953 0.999994934 0.000745096 -2.837477207 -0.402245641 0.000559557 0.915531635 103.953704834
0.910828292 -0.003366267 0.412771642 5.987121582 0.003196473 0.999994218 0.001101843 -2.857777357 -0.412773043 0.000315823 0.910833895 104.429656982
0.904306054 -0.003067372 0.426873535 6.240207672 0.002922270 0.999995232 0.000994979 -2.868310928 -0.426874548 0.000347674 0.904310703 104.968330383
0.897728264 -0.002876356 0.440540254 6.503887177 0.002595687 0.999995828 0.001239665 -2.890763044 -0.440541983 0.000030622 0.897732019 105.438323975
0.891878724 -0.003908355 0.452257574 6.781352997 0.004243935 0.999990940 0.000272510 -2.890351057 -0.452254534 0.001676305 0.891887367 105.956268311
0.886204422 -0.004819709 0.463269323 7.047912598 0.004828536 0.999987662 0.001166879 -2.910778999 -0.463269234 0.001202819 0.886216760 106.426315308
0.878990114 -0.004704259 0.476816773 7.334823608 0.005021932 0.999987245 0.000608138 -2.918069124 -0.476813495 0.001859994 0.879002452 106.916175842
0.872132480 -0.004998396 0.489244282 7.618747711 0.005165844 0.999986112 0.001007731 -2.939925432 -0.489242524 0.001648485 0.872146189 107.374870300
