1.000000000 0.000000000 0.000000000 0.000000000 0.000000000 1.000000000 0.000000000 0.000000000 0.000000000 0.000000000 1.000000000 0.000000000
1.000000000 0.000043681 -0.000000454 0.000288848 -0.000043681 1.000000000 0.000035259 -0.000640492 0.000000456 -0.000035259 1.000000000 -0.001396499
1.000000000 -0.000016072 -0.000014812 0.001226256 0.000016072 1.000000000 -0.000000458 -0.000312250 0.000014812 0.000000458 1.000000000 -0.001605393
1.000000000 -0.000102751 -0.000121025 0.002070380 0.000102753 1.000000000 0.000015867 -0.001225754 0.000121024 -0.000015880 1.000000000 -0.004155087
1.000000000 -0.000180339 -0.000134409 0.000441591 0.000180343 1.000000000 0.000029325 0.000155961 0.000134404 -0.000029349 1.000000000 -0.002680284
1.000000000 -0.000130187 -0.000026223 0.000913840 0.000130188 1.000000000 0.000027647 -0.000191515 0.000026219 -0.000027651 1.000000000 -0.001038347
1.000000000 -0.000151947 -0.000020202 0.000352710 0.000151948 1.000000000 0.000038308 -0.000557795 0.000020197 -0.000038311 1.000000000 -0.003844568
1.000000000 -0.000022853 -0.000073898 0.001140335 0.000022855 1.000000000 0.000027222 -0.000100035 0.000073897 -0.000027224 1.000000000 -0.003136518
1.000000000 -0.000066239 -0.000013384 0.000282948 0.000066239 1.000000000 0.000019615 0.000381628 0.000013382 -0.000019616 1.000000000 -0.000457341
1.000000000 0.000008441 -0.000025054 -0.000383885 -0.000008442 1.000000000 -0.000013684 0.000921883 0.000025054 0.000013684 1.000000000 -0.000323298
1.000000000 -0.000088620 -0.000098953 0.001140027 0.000088623 1.000000000 0.000034337 -0.000872305 0.000098950 -0.000034346 1.000000000 -0.001584055
1.000000000 -0.000124616 -0.000069818 0.001075242 0.000124612 1.000000000 -0.000047370 0.000388179 0.000069824 0.000047361 1.000000000 -0.000164333
1.000000000 -0.000161254 -0.000056497 -0.000505567 0.000161256 1.000000000 0.000022142 0.000837198 0.000056494 -0.000022151 1.000000000 0.000590633
1.000000000 -0.000148633 -0.000036857 0.000455949 0.000148635 1.000000000 0.000033327 -0.000011507 0.000036852 -0.000033332 1.000000000 -0.003179203
1.000000000 -0.000040688 -0.000052499 0.002276264 0.000040691 1.000000000 0.000055177 -0.000761013 0.000052496 -0.000055179 1.000000000 -0.002600211
1.000000000 -0.000073793 -0.000054530 0.002743774 0.000073800 1.000000000 0.000116701 -0.001379253 0.000054522 -0.000116705 1.000000000 -0.004574876
1.000000000 -0.000085672 -0.000063649 0.001960485 0.000085673 1.000000000 0.000021837 0.000432752 0.000063647 -0.000021842 1.000000000 -0.001990387
1.000000000 0.000003581 -0.000070220 0.001842065 -0.000003577 1.000000000 0.000066413 -0.000380057 0.000070220 -0.000066412 1.000000000 -0.003090177
1.000000000 -0.000166005 -0.000129743 0.002485467 0.000166008 1.000000000 0.000023413 -0.000952460 0.000129739 -0.000023434 1.000000000 -0.002278509
1.000000000 -0.000169751 -0.000095734 0.001552852 0.000169751 1.000000000 0.000002567 0.000598022 0.000095733 -0.000002583 1.000000000 0.000425904
1.000000000 -0.000180034 -0.000087511 0.000910329 0.000180040 1.000000000 0.000068501 -0.000954484 0.000087498 -0.000068517 1.000000000 -0.006446501
1.000000000 -0.000075138 -0.000081277 0.003921165 0.000075142 1.000000000 0.000052867 -0.000375054 0.000081273 -0.000052873 1.000000000 -0.002175105
1.000000000 -0.000132098 -0.000135987 0.003117747 0.000132109 1.000000000 0.000079876 -0.001003233 0.000135977 -0.000079894 1.000000000 -0.002658162
1.000000000 -0.000188455 -0.000114967 0.001571773 0.000188460 1.000000000 0.000044434 0.000082102 0.000114959 -0.000044456 1.000000000 -0.002691719
1.000000000 -0.000165598 -0.000146315 0.003656050 0.000165603 1.000000000 0.000036844 0.000019409 0.000146309 -0.000036868 1.000000000 -0.001572085
1.000000000 -0.000203999 -0.000099435 0.002359146 0.000204001 1.000000000 0.000022709 0.000436929 0.000099430 -0.000022729 1.000000000 -0.001009719
0.999999940 -0.000246399 -0.000168750 0.002557431 0.000246417 0.999999940 0.000106355 -0.000702775 0.000168724 -0.000106397 1.000000000 -0.005297236
0.999999940 -0.000324404 -0.000098503 0.001973454 0.000324411 0.999999940 0.000071348 -0.000939980 0.000098479 -0.000071380 1.000000000 -0.002866246
1.000000000 -0.000077433 -0.000085368 0.001555697 0.000077438 1.000000000 0.000059055 -0.000601738 0.000085363 -0.000059062 1.000000000 -0.002398065
0.999999940 -0.000213226 -0.000143490 0.003432968 0.000213242 1.000000000 0.000113258 -0.001489122 0.000143466 -0.000113288 1.000000000 -0.003952723
0.999999940 -0.000264624 -0.000139887 0.001773027 0.000264634 0.999999940 0.000068272 -0.000576930 0.000139869 -0.000068309 1.000000000 -0.002843608
0.999999940 -0.000317979 -0.000162271 0.002287339 0.000317996 0.999999940 0.000105831 -0.001331200 0.000162238 -0.000105882 1.000000000 -0.004914130
0.999999940 -0.000237702 -0.000142910 0.002230752 0.000237705 1.000000000 0.000019405 -0.000326812 0.000142905 -0.000019439 1.000000000 -0.002930154
1.000000000 -0.000197297 -0.000109310 0.000973410 0.000197300 1.000000000 0.000032505 -0.000061292 0.000109304 -0.000032526 1.000000000 -0.001744496
0.999999940 -0.000330858 -0.000140922 0.002284330 0.000330875 0.999999940 0.000117771 -0.001428260 0.000140883 -0.000117817 1.000000000 -0.005455729
0.999999940 -0.000221610 -0.000158870 0.002807479 0.000221609 1.000000000 -0.000007872 -0.000358165 0.000158872 0.000007837 1.000000000 -0.003076743
1.000000000 -0.000195658 -0.000142071 0.004379659 0.000195678 1.000000000 0.000140690 -0.001413182 0.000142043 -0.000140717 1.000000000 -0.006520918
0.999999940 -0.000311241 -0.000179319 0.002478261 0.000311258 0.999999940 0.000091533 -0.000992722 0.000179290 -0.000091589 1.000000000 -0.005469423
0.999999940 -0.000253488 -0.000156762 0.002469264 0.000253509 0.999999940 0.000134426 -0.001438184 0.000156728 -0.000134466 1.000000000 -0.004477187
0.999999940 -0.000191759 -0.000194514 0.003716540 0.000191760 1.000000000 0.000003600 -0.001162316 0.000194513 -0.000003638 1.000000000 -0.001955855
1.000000000 -0.000210949 -0.000082342 0.001744805 0.000210904 0.999999821 -0.000554318 -0.001047439 0.000082459 0.000554301 0.999999821 0.045997120
1.000000000 -0.000069850 -0.000199109 0.003617511 0.000069634 0.999999404 -0.001083899 -0.004764813 0.000199184 0.001083885 0.999999404 0.136808082
1.000000000 -0.000171346 -0.000109419 0.005305220 0.000171188 0.999998927 -0.001441989 -0.006765182 0.000109666 0.001441970 0.999998927 0.252830893
1.000000000 -0.000166548 -0.000065046 0.006649774 0.000166453 0.999998927 -0.001447191 -0.011532398 0.000065287 0.001447180 0.999998927 0.387801647
1.000000000 -0.000033334 -0.000125847 0.011906606 0.000033182 0.999999285 -0.001205805 -0.017351002 0.000125887 0.001205800 0.999999285 0.524559677
1.000000000 -0.000170836 -0.000000508 0.014199516 0.000170835 0.999999464 -0.001028740 -0.022457937 0.000000684 0.001028740 0.999999464 0.677791655
0.999999940 -0.000235936 -0.000144512 0.019665765 0.000235797 0.999999523 -0.000963314 -0.024926586 0.000144740 0.000963280 0.999999523 0.842682958
0.999999940 0.000339196 0.000135828 0.018694485 -0.000339081 0.999999583 -0.000845821 -0.024345215 -0.000136115 0.000845775 0.999999642 1.021369815
1.000000000 0.000128225 -0.000125548 0.027600599 -0.000128312 0.999999762 -0.000700450 -0.033517469 0.000125458 0.000700466 0.999999762 1.190747142
0.999999940 0.000361710 0.000168411 0.032253817 -0.000361705 0.999999940 -0.000031323 -0.048239052 -0.000168422 0.000031262 1.000000000 1.362599492
0.999999821 0.000542734 0.000071731 0.037140466 -0.000542734 0.999999881 -0.000001679 -0.052614145 -0.000071732 0.000001640 1.000000000 1.554395795
0.999999881 0.000194398 0.000351321 0.035737745 -0.000194388 1.000000000 -0.000029864 -0.058267903 -0.000351327 0.000029796 0.999999881 1.750648499
1.000000000 0.000203572 0.000158691 0.045322120 -0.000203595 0.999999940 0.000143529 -0.065044142 -0.000158662 -0.000143562 0.999999940 1.951710701
1.000000000 0.000011043 0.000297060 0.045077495 -0.000011083 1.000000000 0.000134779 -0.070455097 -0.000297059 -0.000134783 0.999999940 2.162093639
0.999999642 0.000714462 0.000463143 0.044001430 -0.000714609 0.999999702 0.000318121 -0.076155148 -0.000462916 -0.000318452 0.999999821 2.377656221
0.999999940 0.000256723 0.000327767 0.056656986 -0.000256963 0.999999702 0.000732545 -0.091320857 -0.000327579 -0.000732630 0.999999702 2.607424498
1.000000000 -0.000067815 0.000259559 0.060978428 0.000067631 0.999999762 0.000707310 -0.097850725 -0.000259607 -0.000707292 0.999999762 2.839324236
0.999999881 0.000050362 0.000480095 0.061223585 -0.000050724 0.999999762 0.000752631 -0.101058856 -0.000480057 -0.000752655 0.999999642 3.073575020
0.999999881 -0.000064584 0.000300457 0.066194646 0.000064367 0.999999762 0.000723416 -0.110472135 -0.000300503 -0.000723397 0.999999702 3.318762302
0.999999762 0.000004027 0.000620225 0.070473678 -0.000004630 0.999999523 0.000972176 -0.121209078 -0.000620221 -0.000972179 0.999999285 3.545065641
0.999999881 -0.000116623 0.000421797 0.076699652 0.000116067 0.999999106 0.001317026 -0.127665475 -0.000421950 -0.001316977 0.999998987 3.794248819
0.999999762 -0.000291399 0.000608891 0.083150476 0.000290620 0.999999106 0.001279888 -0.136629507 -0.000609263 -0.001279711 0.999998987 4.056498528
0.999999642 -0.000044707 0.000802775 0.082747772 0.000043376 0.999998569 0.001657912 -0.142874017 -0.000802848 -0.001657877 0.999998331 4.318678379
0.999999642 -0.000078258 0.000810276 0.089253768 0.000077010 0.999998748 0.001540574 -0.148425564 -0.000810396 -0.001540511 0.999998510 4.577564240
0.999999523 0.000004521 0.000964658 0.094885781 -0.000006410 0.999998093 0.001958590 -0.158173442 -0.000964647 -0.001958595 0.999997556 4.831434250
0.999999642 -0.000079087 0.000858106 0.097643673 0.000077438 0.999998093 0.001921682 -0.171023875 -0.000858257 -0.001921614 0.999997795 5.085776329
0.999999881 -0.000047610 0.000610366 0.103577539 0.000046478 0.999998212 0.001855366 -0.176182613 -0.000610453 -0.001855337 0.999998093 5.351541042
0.999999523 0.000389486 0.000913170 0.107149936 -0.000391262 0.999998033 0.001945239 -0.184025660 -0.000912410 -0.001945596 0.999997675 5.621632576
0.999999523 0.000147710 0.000947456 0.112867042 -0.000149768 0.999997616 0.002172505 -0.198559716 -0.000947133 -0.002172646 0.999997199 5.885205746
0.999999642 -0.000171218 0.000835681 0.119965188 0.000169531 0.999997973 0.002018103 -0.207678705 -0.000836025 -0.002017961 0.999997616 6.165345192
0.999999523 -0.000374615 0.000882067 0.124414712 0.000372598 0.999997258 0.002285978 -0.217774153 -0.000882921 -0.002285648 0.999997020 6.448746681
0.999999464 -0.000035729 0.001019720 0.133278623 0.000033370 0.999997258 0.002313425 -0.226638779 -0.001019800 -0.002313390 0.999996781 6.727048874
0.999999464 0.000388888 0.000898828 0.137454286 -0.000391141 0.999996722 0.002508185 -0.238131672 -0.000897850 -0.002508535 0.999996424 7.014125347
0.999999464 0.000386949 0.000950256 0.141334280 -0.000389209 0.999997020 0.002378959 -0.245228380 -0.000949333 -0.002379327 0.999996722 7.323418140
0.999999344 0.000476538 0.001027310 0.152975559 -0.000479044 0.999996841 0.002440398 -0.258821398 -0.001026144 -0.002440888 0.999996483 7.624946117
0.999999642 -0.000067449 0.000894621 0.160367399 0.000065104 0.999996483 0.002620695 -0.266824931 -0.000894795 -0.002620636 0.999996126 7.950716972
0.999999285 -0.000163381 0.001176012 0.156705111 0.000160052 0.999996006 0.002830850 -0.282505900 -0.001176470 -0.002830660 0.999995232 8.257014275
0.999999344 -0.000181348 0.001076130 0.170925885 0.000178094 0.999995410 0.003023047 -0.292281389 -0.001076673 -0.003022854 0.999994814 8.577275276
0.999997795 0.001058701 0.001760052 0.160273731 -0.001063946 0.999994993 0.002981600 -0.295102596 -0.001756886 -0.002983467 0.999993920 8.930068016
0.999998987 -0.000171416 0.001421192 0.180650190 0.000167046 0.999995291 0.003074541 -0.310871184 -0.001421712 -0.003074300 0.999994278 9.280136108
0.999998212 0.000871964 0.001623958 0.180903435 -0.000876680 0.999995410 0.002905759 -0.321303397 -0.001621416 -0.002907177 0.999994457 9.600908279
0.999996960 0.001394759 0.001982837 0.185916856 -0.001400469 0.999994874 0.002881274 -0.326478064 -0.001978808 -0.002884043 0.999993861 9.942526817
0.999997795 0.001233691 0.001700795 0.196078688 -0.001238423 0.999995410 0.002783747 -0.341094434 -0.001697353 -0.002785848 0.999994636 10.306444168
0.999998808 0.000585096 0.001413946 0.208228990 -0.000589724 0.999994397 0.003274887 -0.350295395 -0.001412022 -0.003275717 0.999993622 10.662412643
0.999998510 0.000373439 0.001663760 0.215598851 -0.000378871 0.999994576 0.003265345 -0.358156830 -0.001662532 -0.003265971 0.999993265 11.025765419
0.999998689 0.000290249 0.001590869 0.224886969 -0.000295413 0.999994695 0.003246934 -0.371894151 -0.001589918 -0.003247399 0.999993443 11.406249046
0.999998212 0.000765920 0.001761993 0.232112139 -0.000771701 0.999994397 0.003282636 -0.379147530 -0.001759469 -0.003283991 0.999993026 11.785123825
0.999998927 0.000101405 0.001436056 0.249063417 -0.000106549 0.999993622 0.003582366 -0.398125678 -0.001435683 -0.003582515 0.999992490 12.167298317
0.999998152 0.000893218 0.001687941 0.255766064 -0.000899418 0.999992907 0.003675768 -0.405421704 -0.001684646 -0.003677280 0.999991775 12.555470467
0.999998271 0.000238931 0.001813325 0.258599341 -0.000245439 0.999993503 0.003589423 -0.422032297 -0.001812456 -0.003589862 0.999991894 12.937088966
0.999997616 0.000710235 0.002050551 0.269974679 -0.000717880 0.999992788 0.003730122 -0.434285045 -0.002047887 -0.003731586 0.999990940 13.344288826
0.999997139 0.000806516 0.002276114 0.276839226 -0.000815184 0.999992430 0.003809554 -0.444593340 -0.002273024 -0.003811398 0.999990225 13.745507240
0.999996722 0.000923100 0.002397452 0.284316480 -0.000934221 0.999988735 0.004641848 -0.469194144 -0.002393140 -0.004644072 0.999986351 14.148891449
0.999995828 0.001199983 0.002640667 0.295874655 -0.001211909 0.999989092 0.004519021 -0.482986718 -0.002635215 -0.004522201 0.999986351 14.570691109
0.999995112 0.001035744 0.002947854 0.306087375 -0.001049820 0.999987960 0.004777456 -0.490864128 -0.002942870 -0.004780527 0.999984264 15.001073837
0.999995768 0.000643756 0.002846442 0.316805124 -0.000657554 0.999988019 0.004849240 -0.509261250 -0.002843286 -0.004851092 0.999984145 15.410424232
0.999994636 0.000805046 0.003172104 0.325676233 -0.000820235 0.999988139 0.004789989 -0.518875360 -0.003168210 -0.004792565 0.999983490 15.855842590
0.999992371 0.001446481 0.003616082 0.334516943 -0.001465449 0.999985099 0.005248139 -0.530391157 -0.003608437 -0.005253397 0.999979675 16.303970337
0.999992430 0.000624237 0.003841280 0.338857770 -0.000643531 0.999987185 0.005023600 -0.547047377 -0.003838096 -0.005026034 0.999980032 16.744447708
0.999992669 0.000085068 0.003842300 0.354279429 -0.000104965 0.999986649 0.005178652 -0.558670104 -0.003841808 -0.005179018 0.999979258 17.205793381
0.999989569 0.000310974 0.004559831 0.364730299 -0.000336359 0.999984443 0.005567468 -0.572218955 -0.004558029 -0.005568944 0.999974191 17.667673111
0.999991655 0.000179226 0.004076818 0.387927204 -0.000201544 0.999984920 0.005474688 -0.596747637 -0.004075776 -0.005475463 0.999976695 18.107419968
0.999988556 0.001000633 0.004668993 0.396063387 -0.001025690 0.999985039 0.005367232 -0.604368329 -0.004663553 -0.005371959 0.999974668 18.586511612
0.999992192 -0.000164108 0.003937950 0.417147845 0.000142803 0.999985397 0.005409899 -0.618503094 -0.003938779 -0.005409295 0.999977589 19.051912308
0.999989927 0.000119344 0.004465976 0.429068834 -0.000144439 0.999984205 0.005619299 -0.635344565 -0.004465234 -0.005619887 0.999974251 19.518972397
0.999990225 0.000424661 0.004397503 0.450451016 -0.000453618 0.999978304 0.006585892 -0.670317113 -0.004394609 -0.006587822 0.999968648 20.002992630
0.999990404 -0.000009265 0.004374789 0.461259991 -0.000018803 0.999979377 0.006415799 -0.676926196 -0.004374758 -0.006415819 0.999969840 20.502895355
0.999993145 -0.000140023 0.003689265 0.488634735 0.000113653 0.999974430 0.007146812 -0.706663370 -0.003690171 -0.007146344 0.999967635 20.970449448
0.999994159 -0.000228926 0.003419321 0.495749265 0.000203241 0.999971747 0.007510165 -0.718812466 -0.003420945 -0.007509426 0.999965966 21.472858429
0.999995887 -0.000010555 0.002872609 0.501904726 -0.000010907 0.999971986 0.007471096 -0.732271671 -0.002872608 -0.007471096 0.999967992 21.975681305
0.999996245 -0.000626560 0.002637095 0.516051948 0.000607493 0.999973714 0.007225275 -0.749462366 -0.002641552 -0.007223646 0.999970436 22.494384766
0.999998093 -0.001056764 0.001568765 0.532000363 0.001045738 0.999974906 0.007013121 -0.758783221 -0.001576137 -0.007011468 0.999974191 23.007461548
0.999998868 -0.000256868 0.001493427 0.530323505 0.000246710 0.999976993 0.006798195 -0.768689513 -0.001495139 -0.006797820 0.999975741 23.519426346
0.999998868 -0.001067245 0.001102598 0.536204636 0.001059507 0.999975085 0.006994543 -0.789569736 -0.001110035 -0.006993367 0.999974906 24.031547546
0.999999702 -0.000449039 0.000491772 0.539021969 0.000445668 0.999976575 0.006832542 -0.790468276 -0.000494829 -0.006832321 0.999976516 24.562570572
0.999999881 -0.000504152 0.000022282 0.554256320 0.000503971 0.999971986 0.007481540 -0.809644520 -0.000026053 -0.007481528 0.999971926 25.088991165
0.999999523 -0.000491975 -0.000819887 0.557514489 0.000498140 0.999971449 0.007536259 -0.811784327 0.000816156 -0.007536666 0.999971271 25.637178421
0.999999285 -0.000753490 -0.000976727 0.568845272 0.000760829 0.999971330 0.007535626 -0.826004028 0.000971021 -0.007536364 0.999971151 26.185630798
0.999997318 -0.001310455 -0.001897019 0.582374215 0.001324980 0.999969661 0.007675722 -0.833956718 0.001886903 -0.007678216 0.999968708 26.723213196
0.999996483 -0.001202071 -0.002338348 0.602368712 0.001220056 0.999969542 0.007705130 -0.853975177 0.002329015 -0.007707956 0.999967575 27.266801834
0.999996066 -0.000583418 -0.002713841 0.598058462 0.000604590 0.999969363 0.007807503 -0.863190174 0.002709202 -0.007809113 0.999965787 27.796993256
0.999994397 -0.000779382 -0.003247655 0.608289838 0.000804661 0.999969363 0.007789924 -0.872366071 0.003241484 -0.007792494 0.999964356 28.344516754
0.999993801 -0.000388722 -0.003489946 0.614357769 0.000417093 0.999966860 0.008132179 -0.889935732 0.003486669 -0.008133585 0.999960780 28.893268585
0.999991953 -0.000624258 -0.003989635 0.632009923 0.000655683 0.999968708 0.007880128 -0.903473973 0.003984591 -0.007882680 0.999961019 29.441242218
0.999990046 -0.001080204 -0.004327615 0.639541984 0.001115020 0.999966919 0.008050613 -0.913853049 0.004318776 -0.008055357 0.999958217 29.984569550
0.999987006 -0.001301428 -0.004928712 0.660807431 0.001342875 0.999963701 0.008415289 -0.933541834 0.004917581 -0.008421798 0.999952435 30.519680023
0.999990642 -0.000356207 -0.004303143 0.651605427 0.000390474 0.999968171 0.007965094 -0.938188672 0.004300170 -0.007966700 0.999958932 31.048683167
0.999988854 -0.000502722 -0.004685142 0.673225105 0.000539595 0.999968827 0.007872229 -0.956951141 0.004681039 -0.007874670 0.999957979 31.581346512
0.999984622 -0.000678338 -0.005497667 0.686882377 0.000722948 0.999966800 0.008116500 -0.975810051 0.005491978 -0.008120350 0.999951959 32.133609772
0.999986231 -0.000855811 -0.005174626 0.685002148 0.000899316 0.999964237 0.008410733 -0.981264353 0.005167243 -0.008415272 0.999951184 32.635807037
0.999983132 -0.000874451 -0.005735107 0.694838405 0.000924841 0.999960959 0.008789594 -0.999189019 0.005727197 -0.008794750 0.999944866 33.178478241
0.999983251 -0.000735200 -0.005749255 0.702610433 0.000785339 0.999961734 0.008723500 -1.010150909 0.005742621 -0.008727869 0.999945402 33.706855774
0.999979317 -0.001419548 -0.006265261 0.719478607 0.001475130 0.999959469 0.008875847 -1.020406604 0.006252407 -0.008884905 0.999940991 34.253326416
0.999980807 -0.000792302 -0.006149628 0.729508042 0.000846352 0.999961019 0.008791525 -1.032201171 0.006142421 -0.008796561 0.999942482 34.806083679
0.999984860 -0.000101230 -0.005496988 0.718919575 0.000148703 0.999962687 0.008636426 -1.036942363 0.005495908 -0.008637113 0.999947608 35.376487732
0.999979973 -0.000848628 -0.006274051 0.728050888 0.000905875 0.999957860 0.009127193 -1.060171127 0.006266041 -0.009132691 0.999938667 35.896656036
0.999980152 -0.000199943 -0.006300567 0.737143397 0.000254872 0.999961913 0.008718444 -1.070959330 0.006298583 -0.008719876 0.999942183 36.441341400
0.999979079 -0.000366564 -0.006447600 0.739399314 0.000423902 0.999960303 0.008893712 -1.077101946 0.006444085 -0.008896260 0.999939620 36.975860596
0.999978721 0.000272134 -0.006523042 0.744367361 -0.000215185 0.999961853 0.008729501 -1.081410885 0.006525169 -0.008727909 0.999940634 37.535675049
0.999976277 -0.000469722 -0.006863122 0.765216589 0.000532212 0.999958336 0.009106231 -1.106694698 0.006858559 -0.009109668 0.999934912 38.088760376
0.999978244 0.000014918 -0.006600651 0.747901976 0.000042960 0.999961555 0.008768211 -1.108212709 0.006600528 -0.008768303 0.999939740 38.624671936
0.999975860 -0.000083815 -0.006958263 0.762385845 0.000143310 0.999963403 0.008550167 -1.107713938 0.006957293 -0.008550956 0.999939203 39.151359558
0.999975204 -0.000386031 -0.007034295 0.773253441 0.000449666 0.999958992 0.009047022 -1.142650843 0.007030513 -0.009049960 0.999934375 39.710720062
0.999975383 0.000012884 -0.007013838 0.781790614 0.000048770 0.999961376 0.008790099 -1.148671865 0.007013680 -0.008790225 0.999936759 40.262809753
0.999975443 -0.000109992 -0.007007482 0.790487647 0.000170972 0.999962151 0.008702078 -1.158153296 0.007006260 -0.008703062 0.999937594 40.787784576
0.999975264 -0.000102520 -0.007030685 0.780152619 0.000171149 0.999952316 0.009761426 -1.185297251 0.007029349 -0.009762390 0.999927640 41.328857422
0.999973834 -0.000110669 -0.007233699 0.794381797 0.000180730 0.999953032 0.009685497 -1.197967649 0.007232288 -0.009686550 0.999926865 41.876186371
0.999973059 -0.000507094 -0.007316288 0.808676958 0.000581400 0.999948204 0.010157714 -1.211644650 0.007310759 -0.010161694 0.999921620 42.418807983
0.999967575 -0.001491713 -0.007913144 0.815266013 0.001579061 0.999937713 0.011043569 -1.223698735 0.007896178 -0.011055707 0.999907732 42.960571289
0.999969900 -0.000543961 -0.007738331 0.822896123 0.000619259 0.999952376 0.009731465 -1.229682446 0.007732671 -0.009735963 0.999922693 43.504238129
0.999970496 -0.000053932 -0.007680788 0.829097688 0.000126764 0.999955058 0.009482137 -1.233273864 0.007679931 -0.009482831 0.999925554 44.039611816
0.999970913 0.000230877 -0.007619941 0.836239338 -0.000158282 0.999954641 0.009526162 -1.247142434 0.007621793 -0.009524679 0.999925613 44.574222565
0.999971092 0.000720501 -0.007568245 0.840837598 -0.000650125 0.999956667 0.009297262 -1.258123040 0.007574615 -0.009292073 0.999928176 45.122604370
0.999969900 -0.000231117 -0.007750364 0.849618196 0.000304916 0.999954641 0.009522195 -1.262853742 0.007747811 -0.009524271 0.999924600 45.691360474
0.999969959 -0.000139382 -0.007747667 0.867138028 0.000213579 0.999954164 0.009576596 -1.277269363 0.007745978 -0.009577963 0.999924183 46.179218292
0.999967575 -0.000419407 -0.008035461 0.875607729 0.000501423 0.999947906 0.010207382 -1.295905113 0.008030760 -0.010211082 0.999915600 46.777446747
0.999967635 0.000439580 -0.008034565 0.862713754 -0.000361532 0.999952734 0.009712872 -1.298635721 0.008038455 -0.009709652 0.999920547 47.314338684
0.999968946 -0.000293687 -0.007876503 0.882835269 0.000372869 0.999949396 0.010053429 -1.317378044 0.007873152 -0.010056054 0.999918461 47.847038269
0.999966025 -0.000398465 -0.008235641 0.874640584 0.000477091 0.999954224 0.009547192 -1.317911386 0.008231460 -0.009550795 0.999920487 48.414978027
0.999965668 -0.000680190 -0.008254865 0.885101080 0.000758379 0.999954820 0.009472388 -1.330323219 0.008248049 -0.009478324 0.999921024 48.960990906
0.999969006 0.000570692 -0.007854063 0.876294255 -0.000495859 0.999954462 0.009526533 -1.337605476 0.007859142 -0.009522340 0.999923766 49.492065430
0.999968052 0.000106870 -0.007993432 0.898357630 -0.000032602 0.999956787 0.009290697 -1.344649315 0.007994080 -0.009290139 0.999924898 50.053707123
0.999967694 0.000210595 -0.008032350 0.880925477 -0.000132998 0.999953270 0.009659851 -1.358307362 0.008034009 -0.009658472 0.999921083 50.554355621
0.999966204 0.000369182 -0.008207404 0.888683915 -0.000290955 0.999954522 0.009530424 -1.364866972 0.008210550 -0.009527715 0.999920905 51.106559753
0.999967933 0.000380307 -0.007994603 0.861873746 -0.000299679 0.999949098 0.010084118 -1.399147987 0.007998031 -0.010081399 0.999917209 51.739685059
0.999963999 -0.000134279 -0.008479301 0.918318629 0.000215639 0.999953985 0.009594915 -1.385478735 0.008477622 -0.009596399 0.999917984 52.191284180
0.999964297 0.000094356 -0.008465650 0.876481891 -0.000013388 0.999954283 0.009563922 -1.412225127 0.008466167 -0.009563466 0.999918401 52.856708527
0.999964476 0.000206001 -0.008427014 0.884643376 -0.000126949 0.999956012 0.009380270 -1.423969269 0.008428575 -0.009378865 0.999920487 53.392066956
0.999968886 0.000514895 -0.007866535 0.859363437 -0.000440022 0.999954581 0.009516687 -1.424304366 0.007871078 -0.009512930 0.999923706 53.928020477
0.999969244 0.001031374 -0.007773888 0.890988171 -0.000958439 0.999955595 0.009379949 -1.439222097 0.007783217 -0.009372209 0.999925733 54.521907806
0.999969602 0.001021359 -0.007733351 0.876740575 -0.000946529 0.999952734 0.009673746 -1.436120749 0.007742866 -0.009666134 0.999923289 55.117881775
0.999970138 0.001847643 -0.007503433 0.876253426 -0.001772437 0.999948204 0.010017069 -1.455595851 0.007521551 -0.010003470 0.999921679 55.646099091
0.999968469 0.001759688 -0.007748907 0.884536326 -0.001679565 0.999945223 0.010334210 -1.463134885 0.007766666 -0.010320868 0.999916613 56.195259094
0.999970198 0.001572371 -0.007560407 0.892876506 -0.001492731 0.999943435 0.010527884 -1.481953859 0.007576531 -0.010516284 0.999916017 56.749633789
0.999973416 0.001907851 -0.007056979 0.875142097 -0.001836837 0.999947846 0.010055773 -1.501242161 0.007075798 -0.010042543 0.999924541 57.342327118
0.999969542 0.001532810 -0.007653206 0.899920881 -0.001452280 0.999943614 0.010516865 -1.481653571 0.007668895 -0.010505429 0.999915421 57.888977051
0.999972761 0.002185276 -0.007057304 0.889558136 -0.002114388 0.999947369 0.010036708 -1.524711609 0.007078866 -0.010021512 0.999924719 58.449577332
0.999974132 0.001188303 -0.007097739 0.877318859 -0.001115437 0.999946713 0.010261215 -1.539248347 0.007109555 -0.010253032 0.999922156 58.917675018
0.999971867 0.001926844 -0.007253864 0.901697397 -0.001850930 0.999943554 0.010457576 -1.541985273 0.007273606 -0.010443856 0.999918997 59.570281982
0.999973357 0.001119712 -0.007212003 0.910751820 -0.001044358 0.999944925 0.010443804 -1.529613256 0.007223301 -0.010435992 0.999919474 59.998058319
0.999972463 0.000759509 -0.007374774 0.920362532 -0.000680974 0.999943137 0.010645819 -1.537208796 0.007382439 -0.010640504 0.999916196 60.560916901
0.999973118 0.000690620 -0.007295473 0.928638220 -0.000613454 0.999943912 0.010574186 -1.549792767 0.007302366 -0.010569427 0.999917507 61.109683990
0.999972463 0.001144870 -0.007335122 0.944070578 -0.001064489 0.999939501 0.010952947 -1.558584690 0.007347217 -0.010944835 0.999913156 61.659957886
0.999966443 0.000210961 -0.008193373 0.949064493 -0.000122816 0.999942124 0.010757132 -1.567228794 0.008195168 -0.010755762 0.999908626 62.214149475
0.999963462 -0.000215528 -0.008542805 0.960833549 0.000309047 0.999940038 0.010947325 -1.581298351 0.008539934 -0.010949567 0.999903619 62.741634369
0.999961674 -0.000821386 -0.008704975 0.941019952 0.000911372 0.999946177 0.010338376 -1.571672916 0.008696014 -0.010345916 0.999908745 63.319919586
0.999965429 0.000489348 -0.008298921 1.073044896 -0.000385056 0.999921024 0.012563888 -1.693036318 0.008304413 -0.012560259 0.999886632 62.493766785
0.999955714 -0.000643868 -0.009388322 0.984952450 0.000747084 0.999939263 0.010994700 -1.610716820 0.009380673 -0.011001226 0.999895513 64.653892517
0.999960780 0.000589356 -0.008828033 1.079878211 -0.000473916 0.999914408 0.013073022 -1.713905334 0.008834982 -0.013068327 0.999875546 63.586803436
0.999964476 0.001211844 -0.008339314 1.071532488 -0.001107046 0.999920487 0.012559979 -1.718812227 0.008353871 -0.012550301 0.999886334 64.130561829
0.999969125 0.000283442 -0.007856275 0.991764069 -0.000192931 0.999933660 0.011519201 -1.657945395 0.007859019 -0.011517328 0.999902725 65.335609436
0.999959111 -0.000822333 -0.008999905 1.087060452 0.000933938 0.999922633 0.012403509 -1.701014757 0.008989008 -0.012411409 0.999882519 65.361488342
0.999967515 0.000398021 -0.008052598 1.005139828 -0.000307198 0.999936461 0.011276802 -1.676148891 0.008056573 -0.011273962 0.999903977 66.430984497
0.999966025 -0.000492528 -0.008233738 1.033833027 0.000586727 0.999934435 0.011442197 -1.696486235 0.008227563 -0.011446636 0.999900639 66.932052612
0.999969482 0.001708469 -0.007618254 1.119049549 -0.001616312 0.999925673 0.012086701 -1.762766600 0.007638336 -0.012074017 0.999897957 67.612373352
0.999958873 -0.001539094 -0.008941187 1.061222792 0.001647434 0.999925196 0.012122283 -1.705364227 0.008921862 -0.012136512 0.999886513 68.067611694
0.999972045 0.002944521 -0.006874730 1.119006395 -0.002860400 0.999921381 0.012214147 -1.776383400 0.006910152 -0.012194141 0.999901772 68.730163574
0.999971271 0.002473033 -0.007154073 1.141286373 -0.002385159 0.999921918 0.012265661 -1.792327285 0.007183849 -0.012248245 0.999899149 69.252899170
0.999957085 -0.000430091 -0.009248002 1.232041597 0.000540104 0.999929070 0.011896593 -1.788337469 0.009242229 -0.011901079 0.999886453 69.675895691
0.999968827 0.001037362 -0.007828963 1.142659783 -0.000940616 0.999923289 0.012351054 -1.787024140 0.007841174 -0.012343305 0.999893010 70.348960876
0.999956071 -0.000241254 -0.009362667 1.252651930 0.000352500 0.999929368 0.011882056 -1.806188107 0.009359138 -0.011884835 0.999885559 70.763893127
0.999963820 0.000198189 -0.008493722 1.151681900 -0.000088352 0.999916375 0.012929911 -1.863841772 0.008495574 -0.012928694 0.999880314 70.934997559
0.999945343 -0.001522882 -0.010346956 1.268580675 0.001647175 0.999926448 0.012014662 -1.823060274 0.010327898 -0.012031048 0.999874294 71.826797485
0.999966860 0.000750292 -0.008102822 1.152877092 -0.000648279 0.999920607 0.012585049 -1.872291565 0.008111622 -0.012579379 0.999887943 72.065071106
0.999957144 -0.000073668 -0.009254606 1.306380033 0.000190973 0.999919593 0.012675051 -1.910886526 0.009252927 -0.012676274 0.999876857 72.681640625
0.999957800 -0.000916256 -0.009136691 1.181235433 0.001033733 0.999916732 0.012861341 -1.892600060 0.009124145 -0.012870242 0.999875546 73.145050049
0.999969542 0.000733843 -0.007785521 1.149661303 -0.000652585 0.999945283 0.010434592 -1.697761774 0.007792753 -0.010429191 0.999915242 74.241973877
0.999968231 0.001102393 -0.007884949 1.152937412 -0.001019245 0.999943912 0.010541431 -1.711630225 0.007896125 -0.010533059 0.999913335 74.791023254
0.999966919 0.000630849 -0.008118121 1.168339014 -0.000547011 0.999946475 0.010325315 -1.722498417 0.008124200 -0.010320532 0.999913692 75.301521301
0.999965131 0.000545361 -0.008326592 1.176898241 -0.000461634 0.999949336 0.010053950 -1.727286816 0.008331653 -0.010049758 0.999914765 75.848594666
0.999966383 0.000784485 -0.008155405 1.229260683 -0.000687979 0.999929726 0.011829446 -1.933344960 0.008164112 -0.011823437 0.999896765 76.438140869
0.999966979 0.000395497 -0.008118927 1.198807478 -0.000320930 0.999957800 0.009183675 -1.712372541 0.008122218 -0.009180767 0.999924839 77.037437439
0.999963582 0.000113181 -0.008530403 1.232459784 -0.000011817 0.999929428 0.011881836 -1.949299812 0.008531144 -0.011881301 0.999892950 77.517654419
0.999966443 0.000136550 -0.008194405 1.237634897 -0.000038634 0.999928653 0.011948077 -1.956135273 0.008195451 -0.011947358 0.999895036 78.069831848
0.999963164 -0.000798265 -0.008547381 1.244980812 0.000897221 0.999932528 0.011579718 -1.965154648 0.008537560 -0.011586960 0.999896407 78.635322571
0.999963939 -0.000041547 -0.008489140 1.254959583 0.000137764 0.999935687 0.011333888 -1.973080635 0.008488122 -0.011334648 0.999899745 79.199798584
0.999965906 -0.000301158 -0.008241260 1.257288098 0.000392297 0.999938786 0.011059457 -1.983714104 0.008237426 -0.011062315 0.999904871 79.764007568
0.999967396 -0.000633440 -0.008041318 1.265677452 0.000722872 0.999937892 0.011123539 -1.988049984 0.008033774 -0.011128991 0.999905765 80.335777283
0.999978423 -0.000119853 -0.006570710 1.271263123 0.000192348 0.999939084 0.011033436 -1.998429775 0.006568987 -0.011034464 0.999917567 80.887786865
0.999984682 -0.000468750 -0.005532022 1.284428120 0.000529278 0.999939978 0.010944973 -2.012462139 0.005526559 -0.010947732 0.999924779 81.453811646
0.999992907 0.000270959 -0.003735803 1.295407176 -0.000229495 0.999938428 0.011094891 -2.022203207 0.003738579 -0.011093956 0.999931455 81.997520447
0.999999821 0.000642315 -0.000060331 1.317728043 -0.000641617 0.999940038 0.010930131 -2.029987812 0.000067348 -0.010930090 0.999940276 82.587654114
0.999993682 -0.000034922 0.003572618 1.339450002 -0.000004957 0.999937654 0.011161653 -2.041969776 -0.003572786 -0.011161600 0.999931276 83.131072998
0.999978662 -0.000444086 0.006510141 1.351900578 0.000372501 0.999939501 0.010992936 -2.046247482 -0.006514628 -0.010990277 0.999918401 83.716026306
0.999931872 0.000878440 0.011641677 1.370326996 -0.001009339 0.999936283 0.011242931 -2.048928499 -0.011631060 -0.011253913 0.999868989 84.275352478
0.999843299 0.000497825 0.017694077 1.396642923 -0.000694930 0.999937892 0.011135221 -2.065876245 -0.017687432 -0.011145773 0.999781430 84.840927124
0.999731779 0.000154244 0.023159677 1.435367107 -0.000410550 0.999938726 0.011062571 -2.076140642 -0.023156548 -0.011069112 0.999670565 85.387924194
0.999585271 -0.000032179 0.028801719 1.469946980 -0.000280181 0.999941170 0.010841080 -2.076546669 -0.028800378 -0.010844654 0.999526381 85.955261230
0.999333203 -0.000281563 0.036511831 1.509239435 -0.000108754 0.999942899 0.010687723 -2.081123829 -0.036512755 -0.010684568 0.999276042 86.526481628
0.999034345 -0.000845760 0.043927524 1.556552410 0.000375502 0.999942541 0.010712463 -2.097246647 -0.043934070 -0.010685625 0.998977244 87.061447144
0.998705328 -0.001120409 0.050857052 1.606665134 0.000588195 0.999944866 0.010478664 -2.104204416 -0.050865993 -0.010435183 0.998650968 87.618232727
0.998221099 -0.001073114 0.059610695 1.655876398 0.000460032 0.999946833 0.010297539 -2.109162092 -0.059618585 -0.010251799 0.998168588 88.153388977
0.997543097 -0.001214310 0.070043899 1.712277412 0.000467992 0.999942958 0.010670424 -2.124351025 -0.070052870 -0.010611429 0.997486830 88.689193726
0.996875226 -0.000765315 0.078988627 1.771163940 -0.000075833 0.999943316 0.010645431 -2.132289886 -0.078992315 -0.010618157 0.996818662 89.227386475
0.996210635 -0.001150768 0.086965717 1.831792831 0.000237669 0.999944687 0.010509159 -2.145574808 -0.086972997 -0.010448665 0.996155977 89.758995056
0.995234787 -0.001492126 0.097496241 1.907228947 0.000434195 0.999940813 0.010871308 -2.160070419 -0.097506687 -0.010777170 0.995176494 90.278953552
0.994150937 -0.002049323 0.107980311 1.991279602 0.000921478 0.999944508 0.010493772 -2.165586233 -0.107995838 -0.010332891 0.994097590 90.820510864
0.993182838 -0.002830892 0.116532728 2.091551781 0.001657633 0.999946952 0.010163749 -2.176953793 -0.116555341 -0.009901292 0.993134856 91.366569519
0.991854668 -0.003102545 0.127337575 2.193682671 0.001821225 0.999946475 0.010177584 -2.189110518 -0.127362356 -0.009862773 0.991807222 91.899093628
0.990168035 -0.003124011 0.139847666 2.288539886 0.001640643 0.999941170 0.010721048 -2.199726343 -0.139872923 -0.010386202 0.990114987 92.458076477
0.988523841 -0.002832110 0.151038334 2.390787125 0.001223337 0.999941528 0.010743272 -2.207343817 -0.151059896 -0.010435211 0.988469541 93.025856018
0.986914933 -0.003621257 0.161201209 2.503906250 0.001997393 0.999945641 0.010234436 -2.209864616 -0.161229476 -0.009778536 0.986868501 93.565582275
0.984718502 -0.003673444 0.174114898 2.626381874 0.001972506 0.999948621 0.009941094 -2.217337847 -0.174142465 -0.009445737 0.984675169 94.098701477
0.982543886 -0.004504473 0.185976535 2.751386642 0.002611603 0.999942303 0.010421742 -2.230642319 -0.186012715 -0.009754121 0.982498944 94.642898560
0.980570257 -0.005026835 0.196103707 2.877456665 0.003031312 0.999940515 0.010474669 -2.241088390 -0.196144730 -0.009676697 0.980527163 95.170318604
0.977752864 -0.005067997 0.209698692 3.008033752 0.002939279 0.999940932 0.010461723 -2.250752687 -0.209739313 -0.009612614 0.977710068 95.697357178
0.974972785 -0.005502955 0.222256750 3.171709061 0.003258641 0.999939919 0.010463304 -2.261120081 -0.222301006 -0.009477181 0.974932015 96.242622375
0.972349524 -0.006296629 0.233445928 3.322671890 0.003907238 0.999935150 0.010696359 -2.275055647 -0.233498171 -0.009488469 0.972310960 96.774299622
0.969365060 -0.006449584 0.245539680 3.477815628 0.003998580 0.999937117 0.010479343 -2.281719446 -0.245591819 -0.009176497 0.969329894 97.302253723
0.965744376 -0.006400018 0.259416074 3.645969391 0.003693574 0.999933481 0.010918922 -2.296540499 -0.259468734 -0.009586715 0.965703845 97.822776794
0.962346137 -0.006699890 0.271744162 3.813756943 0.003928380 0.999934614 0.010741683 -2.303406715 -0.271798372 -0.009269706 0.962309599 98.342468262
0.959141970 -0.007687562 0.282820851 3.995594025 0.004833298 0.999930084 0.010788478 -2.310446739 -0.282884002 -0.008980724 0.959111989 98.868377686
0.954941809 -0.008005039 0.296685129 4.190387726 0.004911830 0.999925554 0.011169860 -2.323056698 -0.296752423 -0.009209299 0.954909980 99.400787354
0.950539708 -0.008277853 0.310492665 4.386940002 0.004992668 0.999922812 0.011373814 -2.336561680 -0.310562879 -0.009261074 0.950507700 99.904373169
0.946760237 -0.008708603 0.321821481 4.581418991 0.005373952 0.999922216 0.011248728 -2.341445446 -0.321894407 -0.008920396 0.946733534 100.419372559
0.942472637 -0.009286264 0.334154308 4.788732529 0.005693913 0.999915004 0.011728472 -2.358470917 -0.334234834 -0.009151118 0.942445397 100.920158386
0.937389612 -0.009782629 0.348145127 4.997837067 0.006056638 0.999912083 0.011789169 -2.366152287 -0.348229855 -0.008942455 0.937366545 101.418434143
0.932700992 -0.010199444 0.360506266 5.223649979 0.006332962 0.999909103 0.011904805 -2.372889519 -0.360594988 -0.008820553 0.932680786 101.944519043
0.928420007 -0.010118560 0.371394575 5.449094772 0.006123518 0.999910057 0.011934623 -2.384548426 -0.371481866 -0.008806102 0.928398430 102.452453613
0.923003674 -0.010742383 0.384641141 5.688577652 0.006796291 0.999909282 0.011617087 -2.385768890 -0.384731114 -0.008108480 0.922993064 102.963562012
0.917481244 -0.011457649 0.397613943 5.933372498 0.007345589 0.999902666 0.011863498 -2.392056942 -0.397711277 -0.007963827 0.917476058 103.470413208
0.912905693 -0.012739164 0.407971770 6.187004089 0.008588342 0.999890983 0.012004338 -2.402320623 -0.408080280 -0.007455025 0.912915647 103.960479736
0.906262577 -0.012402070 0.422533065 6.447383881 0.008027929 0.999894142 0.012130046 -2.408834696 -0.422638834 -0.007600941 0.906266332 104.466110229
0.899458051 -0.012325299 0.436833322 6.715679169 0.007842219 0.999896467 0.012064724 -2.415419579 -0.436936736 -0.007425970 0.899461567 104.961730957
0.893510580 -0.012653618 0.448863924 6.984302521 0.008096323 0.999894321 0.012070763 -2.426850319 -0.448969215 -0.007151206 0.893518627 105.442092896
0.887969017 -0.013780508 0.459697038 7.268833160 0.009105287 0.999881804 0.012385703 -2.433621407 -0.459813386 -0.006812446 0.887989461 105.931091309
0.881234586 -0.014732651 0.472449481 7.563018799 0.010208759 0.999874234 0.012137777 -2.440258980 -0.472568899 -0.005873106 0.881274164 106.407760620
0.874065101 -0.014400227 0.485595345 7.847129822 0.009553124 0.999876797 0.012455643 -2.447000742 -0.485714823 -0.006248088 0.874094963 106.886131287
