1.000000000 0.000000000 0.000000000 0.000000000 0.000000000 1.000000000 0.000000000 0.000000000 0.000000000 0.000000000 1.000000000 0.000000000
1.000000000 0.000011726 -0.000022898 0.000407894 -0.000011725 1.000000000 0.000035940 -0.001002910 0.000022898 -0.000035940 1.000000000 -0.001607042
1.000000000 -0.000026942 -0.000006132 0.000954472 0.000026942 1.000000000 -0.000013865 -0.000463723 0.000006132 0.000013865 1.000000000 -0.002596635
1.000000000 -0.000146111 -0.000116126 0.001862135 0.000146119 1.000000000 0.000063903 -0.001839042 0.000116117 -0.000063920 1.000000000 -0.004362868
1.000000000 -0.000133366 -0.000080374 -0.000181602 0.000133366 1.000000000 -0.000002698 0.000167460 0.000080374 0.000002687 1.000000000 -0.003300357
1.000000000 -0.000160651 -0.000042859 0.000924065 0.000160653 1.000000000 0.000063666 -0.000807961 0.000042848 -0.000063673 1.000000000 -0.001665315
1.000000000 -0.000200999 -0.000013967 0.000185223 0.000200999 1.000000000 0.000043672 -0.000740189 0.000013958 -0.000043675 1.000000000 -0.003986475
1.000000000 -0.000080411 -0.000046329 0.000122978 0.000080413 1.000000000 0.000048648 0.000247455 0.000046325 -0.000048652 1.000000000 -0.004033309
1.000000000 -0.000058664 -0.000023764 0.000408720 0.000058664 1.000000000 -0.000000848 0.000327246 0.000023764 0.000000846 1.000000000 -0.000654341
1.000000000 -0.000077260 -0.000069793 -0.000223371 0.000077260 1.000000000 0.000008893 0.001135328 0.000069793 -0.000008898 1.000000000 -0.001891355
1.000000000 -0.000130589 -0.000121194 0.000785159 0.000130595 1.000000000 0.000052880 -0.000413570 0.000121187 -0.000052896 1.000000000 -0.002736724
1.000000000 -0.000170187 -0.000065184 -0.000196646 0.000170187 1.000000000 -0.000010030 0.000727314 0.000065185 0.000010019 1.000000000 0.000051993
1.000000000 -0.000218811 -0.000061280 -0.000811461 0.000218813 1.000000000 0.000034584 0.001048144 0.000061273 -0.000034597 1.000000000 -0.000666042
1.000000000 -0.000165972 -0.000051399 0.000296713 0.000165974 1.000000000 0.000031680 -0.000077386 0.000051394 -0.000031688 1.000000000 -0.003409612
1.000000000 -0.000129155 -0.000073191 0.001227115 0.000129163 1.000000000 0.000117559 -0.000597925 0.000073176 -0.000117568 1.000000000 -0.004080651
1.000000000 -0.000100510 -0.000041805 0.001986969 0.000100515 1.000000000 0.000105901 -0.001307522 0.000041795 -0.000105905 1.000000000 -0.007097973
1.000000000 -0.000129279 -0.000078817 0.001083983 0.000129281 1.000000000 0.000025305 0.000622737 0.000078813 -0.000025315 1.000000000 -0.002462356
1.000000000 -0.000093373 -0.000099005 0.001097096 0.000093380 1.000000000 0.000078180 -0.000254547 0.000098998 -0.000078189 1.000000000 -0.004458648
0.999999940 -0.000247338 -0.000108471 0.000693226 0.000247345 0.999999940 0.000058417 -0.000453139 0.000108456 -0.000058444 1.000000000 -0.003539492
0.999999940 -0.000258906 -0.000101770 0.000750555 0.000258910 0.999999940 0.000032667 0.000749652 0.000101761 -0.000032693 1.000000000 -0.000107880
0.999999940 -0.000243338 -0.000103279 0.000104353 0.000243343 0.999999940 0.000054203 -0.000893924 0.000103266 -0.000054228 1.000000000 -0.003344689
1.000000000 -0.000125450 -0.000104366 0.002541712 0.000125456 1.000000000 0.000056018 0.000199945 0.000104359 -0.000056031 1.000000000 -0.001269165
1.000000000 -0.000141765 -0.000111516 0.002461666 0.000141775 1.000000000 0.000086802 -0.000895233 0.000111504 -0.000086818 1.000000000 -0.002263533
0.999999940 -0.000248810 -0.000152384 0.001530270 0.000248824 0.999999940 0.000089258 -0.000596083 0.000152362 -0.000089296 1.000000000 -0.004402240
0.999999940 -0.000261871 -0.000190598 0.002730605 0.000261886 0.999999940 0.000076678 -0.000568454 0.000190578 -0.000076728 1.000000000 -0.004160326
0.999999940 -0.000284986 -0.000141068 0.001678034 0.000284995 0.999999940 0.000064922 0.000342784 0.000141049 -0.000064962 1.000000000 -0.003336837
0.999999940 -0.000299548 -0.000185637 0.002929071 0.000299560 0.999999940 0.000066881 -0.000281524 0.000185617 -0.000066937 1.000000000 -0.004387522
0.999999940 -0.000389876 -0.000142620 0.001022497 0.000389886 0.999999940 0.000067400 -0.000661587 0.000142593 -0.000067455 1.000000000 -0.004570367
0.999999940 -0.000240001 -0.000170796 0.001933938 0.000240018 0.999999940 0.000099642 -0.000081953 0.000170772 -0.000099683 1.000000000 -0.002133094
1.000000000 -0.000168286 -0.000111034 0.002535552 0.000168298 1.000000000 0.000107749 -0.001135039 0.000111016 -0.000107768 1.000000000 -0.004224507
0.999999940 -0.000265367 -0.000144938 0.000643393 0.000265377 0.999999940 0.000068399 0.000687638 0.000144920 -0.000068438 1.000000000 -0.001063841
0.999999940 -0.000301921 -0.000157922 0.000651416 0.000301936 0.999999940 0.000094008 0.000173207 0.000157894 -0.000094056 1.000000000 -0.003720739
0.999999940 -0.000214868 -0.000149769 0.001430417 0.000214870 1.000000000 0.000013004 0.000272346 0.000149767 -0.000013036 1.000000000 -0.002000188
0.999999940 -0.000321881 -0.000158295 0.001972072 0.000321889 0.999999940 0.000051011 0.000016517 0.000158279 -0.000051062 1.000000000 -0.001735446
0.999999940 -0.000277343 -0.000098116 0.000758356 0.000277352 0.999999940 0.000084675 -0.000708332 0.000098092 -0.000084703 1.000000000 -0.005471311
0.999999940 -0.000325529 -0.000187938 0.002880471 0.000325536 0.999999940 0.000037832 0.000287291 0.000187926 -0.000037893 1.000000000 -0.003064134
1.000000000 -0.000178323 -0.000140665 0.002830574 0.000178338 1.000000000 0.000105383 -0.000429263 0.000140647 -0.000105408 1.000000000 -0.006825267
0.999999940 -0.000265527 -0.000124514 0.000385099 0.000265535 0.999999940 0.000059030 -0.000006890 0.000124499 -0.000059063 1.000000000 -0.004436064
0.999999940 -0.000240833 -0.000154285 0.001121930 0.000240853 0.999999940 0.000129890 -0.000098512 0.000154254 -0.000129927 1.000000000 -0.003743544
0.999999940 -0.000265701 -0.000185092 0.002566058 0.000265710 0.999999940 0.000049105 -0.001019034 0.000185079 -0.000049154 1.000000000 0.000150823
0.999999940 -0.000239102 -0.000102932 0.001504270 0.000239046 0.999999821 -0.000544101 -0.000764130 0.000103062 0.000544077 0.999999821 0.048638389
1.000000000 -0.000118667 -0.000147218 0.001872185 0.000118502 0.999999344 -0.001123045 -0.003227467 0.000147351 0.001123027 0.999999344 0.140532464
1.000000000 -0.000192158 -0.000147089 0.005153332 0.000191949 0.999998987 -0.001416189 -0.007381469 0.000147361 0.001416160 0.999998987 0.254440755
1.000000000 -0.000200483 -0.000087022 0.006085574 0.000200361 0.999998987 -0.001401734 -0.012491729 0.000087303 0.001401716 0.999998987 0.389477104
1.000000000 -0.000102318 -0.000196771 0.010981834 0.000102094 0.999999344 -0.001136733 -0.019221585 0.000196887 0.001136713 0.999999344 0.524095416
1.000000000 -0.000156968 -0.000079512 0.012347276 0.000156884 0.999999404 -0.001061077 -0.022141075 0.000079679 0.001061065 0.999999464 0.684927583
1.000000000 -0.000122433 -0.000110004 0.019645767 0.000122330 0.999999583 -0.000937566 -0.025736041 0.000110119 0.000937552 0.999999583 0.844624579
0.999999940 0.000336409 0.000085493 0.016239099 -0.000336339 0.999999583 -0.000814613 -0.024992231 -0.000085767 0.000814584 0.999999642 1.021598220
1.000000000 -0.000075584 -0.000181284 0.027663644 0.000075483 0.999999821 -0.000561451 -0.036886018 0.000181326 0.000561437 0.999999821 1.178846002
1.000000000 0.000061609 0.000013589 0.029944902 -0.000061604 0.999999940 -0.000336644 -0.041362278 -0.000013610 0.000336643 0.999999940 1.370168090
1.000000000 0.000030531 -0.000064523 0.035420060 -0.000030547 0.999999940 -0.000243234 -0.048244387 0.000064516 0.000243236 0.999999940 1.564640641
1.000000000 -0.000071271 0.000194264 0.035123944 0.000071329 0.999999940 -0.000300361 -0.055859338 -0.000194242 0.000300375 0.999999940 1.787178278
0.999999344 -0.000657520 -0.000931042 0.066999003 0.000659041 0.999998450 0.001633854 -0.108656660 0.000929967 -0.001634466 0.999998212 1.973777771
0.999999881 -0.000100141 -0.000477320 0.063769639 0.000100853 0.999998927 0.001491479 -0.115304895 0.000477170 -0.001491527 0.999998808 2.181642532
0.999999404 -0.000564038 -0.000926473 0.075246803 0.000565672 0.999998271 0.001764492 -0.120953448 0.000925476 -0.001765015 0.999997973 2.398776054
0.999999523 -0.000372423 -0.000891220 0.083402939 0.000374077 0.999998212 0.001856537 -0.133838788 0.000890527 -0.001856869 0.999997854 2.622195959
0.999999583 -0.000280000 -0.000901064 0.086675882 0.000281727 0.999998093 0.001917550 -0.140979603 0.000900525 -0.001917803 0.999997735 2.845852137
0.999999821 -0.000235700 -0.000535126 0.090238728 0.000236742 0.999998033 0.001947655 -0.144431055 0.000534666 -0.001947782 0.999997914 3.088108540
0.999999762 -0.000281936 -0.000720915 0.091200478 0.000283365 0.999997973 0.001982762 -0.151346520 0.000720354 -0.001982965 0.999997795 3.340593815
0.999999464 -0.000829631 -0.000636896 0.098030232 0.000830929 0.999997556 0.002040928 -0.162040457 0.000635201 -0.002041456 0.999997675 3.577250481
0.999999642 -0.000609234 -0.000652027 0.102773793 0.000610655 0.999997377 0.002181334 -0.166294321 0.000650696 -0.002181731 0.999997437 3.834115744
0.999999702 -0.000682883 -0.000424236 0.103784375 0.000683881 0.999997020 0.002355416 -0.175425664 0.000422626 -0.002355705 0.999997199 4.098046780
0.999999881 -0.000291535 -0.000240101 0.104933403 0.000292136 0.999996781 0.002507641 -0.177987814 0.000239369 -0.002507711 0.999996781 4.353335381
0.999999583 -0.000657517 -0.000620975 0.118398890 0.000659234 0.999995947 0.002770147 -0.191193655 0.000619151 -0.002770555 0.999995947 4.597618580
0.999999464 -0.000821923 -0.000524489 0.127076283 0.000823464 0.999995291 0.002945761 -0.199636564 0.000522066 -0.002946191 0.999995530 4.862504959
0.999999344 -0.001003698 -0.000534192 0.132203028 0.001005377 0.999994457 0.003151932 -0.210427746 0.000531026 -0.003152467 0.999994874 5.113103867
0.999999106 -0.001230984 -0.000627794 0.132485196 0.001232873 0.999994755 0.003016947 -0.214035928 0.000624077 -0.003017718 0.999995172 5.373999119
0.999999642 -0.000676026 -0.000454139 0.146671206 0.000677448 0.999994874 0.003138931 -0.223344848 0.000452015 -0.003139237 0.999994934 5.636310577
0.999999642 -0.000818950 -0.000474297 0.135458335 0.000820589 0.999993682 0.003464980 -0.243822768 0.000471456 -0.003465368 0.999993861 5.916893959
0.999999404 -0.001000827 -0.000461538 0.139866024 0.001002443 0.999993324 0.003515585 -0.253270835 0.000458016 -0.003516045 0.999993682 6.202161312
0.999999702 -0.000759977 -0.000253140 0.144023180 0.000760909 0.999992847 0.003701334 -0.260970175 0.000250325 -0.003701526 0.999993086 6.482634544
0.999999881 -0.000485407 -0.000006370 0.147521362 0.000485428 0.999992788 0.003767977 -0.270048052 0.000004541 -0.003767980 0.999992847 6.766063213
0.999999881 -0.000432078 -0.000000392 0.150880054 0.000432077 0.999992788 0.003779980 -0.275609791 -0.000001242 -0.003779980 0.999992788 7.069333076
0.999999464 -0.000944551 -0.000201163 0.168699861 0.000945301 0.999992549 0.003764434 -0.291251451 0.000197606 -0.003764622 0.999992847 7.344701290
0.999999821 -0.000498996 -0.000117051 0.171007589 0.000499449 0.999992251 0.003901342 -0.315255314 0.000115103 -0.003901400 0.999992371 7.656027317
0.999999523 -0.000929563 -0.000046170 0.179401547 0.000929739 0.999991655 0.003971057 -0.321328521 0.000042478 -0.003971099 0.999992132 7.971298218
0.999999404 -0.001143948 -0.000064397 0.185927227 0.001144207 0.999990642 0.004184665 -0.335576296 0.000059609 -0.004184737 0.999991179 8.292928696
0.999999821 -0.000591836 0.000021957 0.191284999 0.000591739 0.999991179 0.004161885 -0.335816920 -0.000024419 -0.004161872 0.999991298 8.621453285
0.999999940 -0.000281921 0.000183982 0.187831461 0.000281137 0.999990940 0.004249912 -0.346072704 -0.000185179 -0.004249860 0.999990940 8.980336189
0.999999762 -0.000738624 0.000163699 0.191413194 0.000737936 0.999991059 0.004163843 -0.355265439 -0.000166773 -0.004163722 0.999991238 9.304751396
0.999999642 -0.000745386 0.000225348 0.202129886 0.000744390 0.999990046 0.004386649 -0.375426233 -0.000228616 -0.004386480 0.999990344 9.637325287
0.999999702 -0.000628062 0.000296504 0.210420847 0.000626700 0.999989271 0.004571528 -0.384927720 -0.000299372 -0.004571341 0.999989450 9.982392311
0.999999821 -0.000277157 0.000497367 0.212625086 0.000274900 0.999989688 0.004532537 -0.394469619 -0.000498618 -0.004532400 0.999989629 10.354288101
0.999999583 -0.000922412 0.000232298 0.227252677 0.000921291 0.999988139 0.004779137 -0.402741224 -0.000236704 -0.004778921 0.999988616 10.715284348
0.999999702 -0.000719550 0.000169620 0.231765479 0.000718695 0.999987304 0.004990761 -0.421913296 -0.000173209 -0.004990637 0.999987543 11.073310852
0.999999762 -0.000397867 0.000509296 0.239025325 0.000395310 0.999987364 0.005010227 -0.432012916 -0.000511283 -0.005010025 0.999987304 11.445758820
0.999999762 -0.000437030 0.000373081 0.245286301 0.000435196 0.999987841 0.004903529 -0.436846852 -0.000375219 -0.004903366 0.999987900 11.842782021
0.999999702 -0.000721702 0.000259650 0.256225199 0.000720371 0.999986827 0.005089513 -0.449891567 -0.000263319 -0.005089324 0.999986947 12.209552765
0.999999583 -0.000921713 -0.000045716 0.278780937 0.000921928 0.999987304 0.004952259 -0.465587169 0.000041151 -0.004952299 0.999987721 12.580060005
0.999999762 -0.000644997 0.000129863 0.283994526 0.000644347 0.999987602 0.004944547 -0.474713713 -0.000133050 -0.004944463 0.999987721 12.984024048
0.999999940 -0.000414183 -0.000172777 0.299569279 0.000415097 0.999985754 0.005321131 -0.491940409 0.000170571 -0.005321202 0.999985754 13.366878510
0.999999940 -0.000351403 0.000128935 0.303011477 0.000350718 0.999986053 0.005275617 -0.496992916 -0.000130787 -0.005275572 0.999986053 13.787159920
0.999999642 -0.000776323 0.000207755 0.314962298 0.000775196 0.999985278 0.005373886 -0.520726562 -0.000211924 -0.005373724 0.999985456 14.193811417
0.999999166 -0.001253089 0.000141301 0.328309208 0.001252352 0.999986231 0.005101022 -0.531099021 -0.000147691 -0.005100842 0.999986947 14.613836288
0.999999344 -0.001003667 0.000621990 0.338114113 0.001000216 0.999984264 0.005523631 -0.546554744 -0.000627524 -0.005523005 0.999984503 15.036675453
0.999998689 -0.001578039 0.000390727 0.350380689 0.001575757 0.999982178 0.005774477 -0.561330497 -0.000399833 -0.005773854 0.999983191 15.462974548
0.999998868 -0.001111460 0.001021373 0.362116814 0.001105504 0.999982476 0.005813461 -0.579677939 -0.001027816 -0.005812325 0.999982595 15.917029381
0.999998748 -0.001086196 0.001114325 0.374941200 0.001079535 0.999981582 0.005961712 -0.589615345 -0.001120779 -0.005960501 0.999981642 16.363803864
0.999998212 -0.001444898 0.001219597 0.390604526 0.001437603 0.999981165 0.005960868 -0.607003808 -0.001228187 -0.005959104 0.999981463 16.790859222
0.999997556 -0.001682938 0.001409931 0.385603666 0.001674434 0.999980509 0.006010887 -0.615871012 -0.001420020 -0.006008512 0.999980927 17.244119644
0.999996960 -0.001291195 0.002109753 0.391758054 0.001277793 0.999979079 0.006341422 -0.625976980 -0.002117897 -0.006338706 0.999977708 17.713356018
0.999996066 -0.002268389 0.001659526 0.412065506 0.002258533 0.999979973 0.005917243 -0.637070119 -0.001672915 -0.005913471 0.999981165 18.177469254
0.999995828 -0.001934090 0.002162116 0.418992341 0.001921405 0.999981046 0.005853712 -0.648054421 -0.002173396 -0.005849534 0.999980509 18.649845123
0.999995947 -0.001782229 0.002273150 0.423189163 0.001767363 0.999977171 0.006525039 -0.670214772 -0.002284728 -0.006520993 0.999976099 19.096536636
0.999996722 -0.001370126 0.002177252 0.439979345 0.001355788 0.999977589 0.006573590 -0.680054426 -0.002186209 -0.006570617 0.999975979 19.573963165
0.999996841 -0.000949424 0.002329228 0.451074421 0.000933650 0.999976635 0.006763955 -0.695784330 -0.002335596 -0.006761759 0.999974370 20.027107239
0.999996245 -0.001489221 0.002325261 0.463190228 0.001473060 0.999974847 0.006936552 -0.702533364 -0.002335532 -0.006933100 0.999973178 20.537733078
0.999996603 -0.002270505 0.001280125 0.484998226 0.002261381 0.999972343 0.007084061 -0.724861622 -0.001296174 -0.007081142 0.999974072 21.019449234
0.999996662 -0.002511304 0.000648265 0.489925146 0.002506872 0.999974072 0.006749714 -0.728163421 -0.000665199 -0.006748066 0.999976993 21.536296844
0.999997735 -0.002031044 0.000641073 0.493371993 0.002026413 0.999972403 0.007143242 -0.746535063 -0.000655564 -0.007141927 0.999974251 22.028162003
0.999997437 -0.002249374 0.000312021 0.501142204 0.002246925 0.999968290 0.007639217 -0.768337011 -0.000329194 -0.007638496 0.999970794 22.504011154
0.999996960 -0.002485713 -0.000209470 0.513246298 0.002487209 0.999969006 0.007477402 -0.777338505 0.000190878 -0.007477900 0.999971986 23.018507004
0.999997020 -0.002350863 -0.000633234 0.526083708 0.002355618 0.999968231 0.007617441 -0.794044256 0.000615307 -0.007618910 0.999970853 23.534854889
0.999990225 -0.004108776 -0.001613731 0.534864187 0.004121195 0.999961317 0.007769700 -0.816299319 0.001581744 -0.007776275 0.999968469 24.034366608
0.999994397 -0.002723799 -0.001902115 0.543353736 0.002738145 0.999967575 0.007580952 -0.821675539 0.001881404 -0.007586118 0.999969423 24.574340820
0.999990642 -0.003121284 -0.003032631 0.564180076 0.003144883 0.999964476 0.007808311 -0.835779667 0.003008151 -0.007817774 0.999964893 25.096635818
0.999990880 -0.002751465 -0.003271152 0.553295672 0.002778898 0.999960721 0.008411492 -0.852259278 0.003247880 -0.008420506 0.999959230 25.604021072
0.999990582 -0.002717088 -0.003398346 0.564611077 0.002745169 0.999961972 0.008286115 -0.858580649 0.003375702 -0.008295367 0.999959886 26.155836105
0.999983549 -0.003877163 -0.004232458 0.566832483 0.003915697 0.999950707 0.009134628 -0.880541325 0.004196833 -0.009151051 0.999949276 26.687664032
0.999983251 -0.003469293 -0.004657295 0.579262376 0.003511310 0.999952972 0.009044054 -0.895068049 0.004625699 -0.009060253 0.999948263 27.232713699
0.999984026 -0.002592651 -0.005040125 0.586802244 0.002637781 0.999956250 0.008968379 -0.909641087 0.005016652 -0.008981529 0.999947071 27.765008926
0.999981821 -0.002872309 -0.005300239 0.592872679 0.002923219 0.999949455 0.009622466 -0.929805160 0.005272332 -0.009637784 0.999939680 28.272548676
0.999978185 -0.002789772 -0.005981826 0.601285517 0.002846193 0.999951303 0.009444276 -0.940708041 0.005955188 -0.009461093 0.999937534 28.830017090
0.999980688 -0.002334137 -0.005759084 0.608724117 0.002388317 0.999952793 0.009418777 -0.949468136 0.005736827 -0.009432348 0.999939144 29.369951248
0.999980271 -0.002614768 -0.005712694 0.595716119 0.002671305 0.999947250 0.009911523 -0.969644785 0.005686477 -0.009926587 0.999934554 29.857387543
0.999979556 -0.002590155 -0.005845168 0.603807092 0.002647343 0.999948442 0.009797330 -0.978412747 0.005819490 -0.009812603 0.999934912 30.413742065
0.999980450 -0.002137840 -0.005883342 0.605831146 0.002195688 0.999949098 0.009843602 -0.990193129 0.005861999 -0.009856327 0.999934256 30.945690155
0.999978542 -0.001868894 -0.006276361 0.635986388 0.001926645 0.999955833 0.009208070 -0.997421563 0.006258874 -0.009219964 0.999937892 31.479545593
0.999973714 -0.002846690 -0.006661738 0.631998718 0.002914755 0.999943435 0.010230049 -1.038534164 0.006632239 -0.010249199 0.999925435 32.008056641
0.999970794 -0.003156204 -0.006958227 0.649823308 0.003228567 0.999940634 0.010413115 -1.047576904 0.006924947 -0.010435277 0.999921560 32.546066284
0.999970317 -0.003001075 -0.007102360 0.654587090 0.003073706 0.999942839 0.010237517 -1.057543635 0.007071231 -0.010259042 0.999922335 33.105167389
0.999969125 -0.003013713 -0.007256255 0.644993007 0.003087797 0.999942958 0.010220179 -1.063990712 0.007225041 -0.010242269 0.999921381 33.660236359
0.999961913 -0.003393277 -0.008055303 0.661578417 0.003478735 0.999937594 0.010618689 -1.100230932 0.008018769 -0.010646306 0.999911189 34.167613983
0.999959707 -0.003421308 -0.008301226 0.670592785 0.003508058 0.999939144 0.010458254 -1.106554389 0.008264942 -0.010486955 0.999910831 34.714412689
0.999957204 -0.003712598 -0.008482900 0.682511449 0.003804614 0.999933839 0.010856945 -1.118878126 0.008442030 -0.010888753 0.999905169 35.258514404
0.999959171 -0.003498261 -0.008335788 0.690281153 0.003585364 0.999938905 0.010457210 -1.123190165 0.008298698 -0.010486670 0.999910593 35.787300110
0.999963343 -0.002602787 -0.008156032 0.685767174 0.002684840 0.999945641 0.010065581 -1.134821892 0.008129391 -0.010087110 0.999916077 36.301406860
0.999958336 -0.003668946 -0.008357275 0.671248674 0.003765727 0.999925673 0.011594344 -1.180831313 0.008314115 -0.011625332 0.999897838 36.818920135
0.999955952 -0.003593332 -0.008676352 0.679552794 0.003692041 0.999928296 0.011387708 -1.190264225 0.008634810 -0.011419239 0.999897480 37.363578796
0.999954522 -0.003832661 -0.008733077 0.692256927 0.003931531 0.999928057 0.011332396 -1.196173191 0.008689014 -0.011366215 0.999897659 37.909534454
0.999956012 -0.003144835 -0.008836544 0.693374753 0.003245944 0.999929130 0.011451142 -1.212114811 0.008799906 -0.011479320 0.999895394 38.449581146
0.999955058 -0.003061564 -0.008978591 0.701840580 0.003161342 0.999933124 0.011119735 -1.224444628 0.008943948 -0.011147619 0.999897838 38.989562988
0.999948263 -0.003939956 -0.009376634 0.699494243 0.004052210 0.999920011 0.011982918 -1.249605536 0.009328671 -0.012020295 0.999884248 39.543300629
0.999951184 -0.003608984 -0.009204021 0.714680791 0.003719776 0.999920487 0.012048766 -1.267398119 0.009159805 -0.012082415 0.999885082 40.062187195
0.999949992 -0.004106179 -0.009118691 0.708623648 0.004215265 0.999919474 0.011976119 -1.272670984 0.009068779 -0.012013959 0.999886751 40.645153046
0.999952614 -0.003159083 -0.009207621 0.717510879 0.003265509 0.999927759 0.011566430 -1.273609400 0.009170417 -0.011595951 0.999890685 41.191535950
0.999946296 -0.003311837 -0.009820988 0.730338216 0.003421988 0.999931216 0.011220479 -1.279500484 0.009783152 -0.011253486 0.999888837 41.752990723
0.999947608 -0.003463180 -0.009631781 0.718004644 0.003582445 0.999916792 0.012392906 -1.344490290 0.009588061 -0.012426760 0.999876797 42.231811523
0.999942780 -0.003842993 -0.009986620 0.730265260 0.003968724 0.999912679 0.012600761 -1.353850365 0.009937325 -0.012639672 0.999870718 42.774402618
0.999943554 -0.003982849 -0.009847574 0.735037565 0.004106978 0.999911964 0.012617171 -1.366867781 0.009796455 -0.012656903 0.999871910 43.321899414
0.999942780 -0.003878075 -0.009976299 0.746294856 0.004005630 0.999910116 0.012797778 -1.376439571 0.009925773 -0.012837007 0.999868333 43.864883423
0.999943912 -0.003929083 -0.009830042 0.754630446 0.004052021 0.999913454 0.012517785 -1.372841954 0.009780008 -0.012556914 0.999873340 44.403656006
0.999945879 -0.003598121 -0.009758979 0.738473654 0.003726619 0.999906123 0.013181081 -1.412713051 0.009710636 -0.013216736 0.999865472 44.910614014
0.999945521 -0.003832843 -0.009710024 0.749049544 0.003960546 0.999905407 0.013166768 -1.419758558 0.009658639 -0.013204508 0.999866128 45.450836182
0.999938965 -0.004159027 -0.010227392 0.755817413 0.004291445 0.999906838 0.012959626 -1.419103026 0.010172538 -0.013002725 0.999863684 46.010543823
0.999949217 -0.003044205 -0.009611400 0.748496413 0.003167623 0.999912441 0.012851744 -1.437106609 0.009571435 -0.012881539 0.999871135 46.541786194
0.999944746 -0.003324992 -0.009964598 0.753878057 0.003457142 0.999905884 0.013274122 -1.453861475 0.009919524 -0.013307839 0.999862194 47.068088531
0.999946594 -0.003147105 -0.009842404 0.757861197 0.003274648 0.999910533 0.012969381 -1.457376122 0.009800707 -0.013000919 0.999867439 47.615398407
0.999945462 -0.003161374 -0.009948921 0.767731190 0.003298400 0.999899507 0.013786697 -1.475974202 0.009904335 -0.013818760 0.999855459 48.144775391
0.999947667 -0.003015159 -0.009775870 0.767837644 0.003141378 0.999911606 0.012921658 -1.471475363 0.009736045 -0.012951689 0.999868751 48.676605225
0.999945641 -0.003314687 -0.009883359 0.776282370 0.003450145 0.999899924 0.013720267 -1.502459288 0.009836892 -0.013753621 0.999857008 49.149040222
0.999947429 -0.003128705 -0.009756685 0.774296641 0.003260367 0.999903500 0.013507978 -1.504880071 0.009713478 -0.013539078 0.999861181 49.691913605
0.999946773 -0.003042458 -0.009858374 0.779748917 0.003176690 0.999902070 0.013629084 -1.517761707 0.009815943 -0.013659677 0.999858439 50.196723938
0.999949932 -0.002571610 -0.009668778 0.782605112 0.002701926 0.999905407 0.013489227 -1.523862720 0.009633174 -0.013514676 0.999862194 50.739986420
0.999948025 -0.003027102 -0.009733430 0.786140203 0.003160019 0.999901593 0.013669497 -1.530831575 0.009691094 -0.013699544 0.999859154 51.244380951
0.999948263 -0.002795390 -0.009781346 0.793816090 0.002926144 0.999906301 0.013379072 -1.538112998 0.009743030 -0.013407001 0.999862671 51.801902771
0.999947250 -0.002988892 -0.009819840 0.800830424 0.003122455 0.999902427 0.013614316 -1.550837040 0.009778190 -0.013644262 0.999859095 52.288188934
0.999944270 -0.003229387 -0.010049023 0.808604419 0.003362468 0.999906480 0.013254517 -1.559465170 0.010005279 -0.013287567 0.999861598 52.828704834
0.999940097 -0.003392678 -0.010399774 0.818641365 0.003529416 0.999907136 0.013158117 -1.565927744 0.010354167 -0.013194035 0.999859393 53.401023865
0.999949932 -0.002776959 -0.009607744 0.810098827 0.002907291 0.999903500 0.013578059 -1.574922919 0.009569111 -0.013605312 0.999861658 53.875919342
0.999950111 -0.003059071 -0.009511027 0.813343167 0.003187413 0.999903619 0.013508280 -1.587023497 0.009468787 -0.013537920 0.999863446 54.430488586
0.999950111 -0.002992438 -0.009526158 0.818640113 0.003119854 0.999905467 0.013388732 -1.594005108 0.009485193 -0.013417784 0.999864936 54.971763611
0.999949992 -0.002844688 -0.009590241 0.820780993 0.002974408 0.999903917 0.013539284 -1.593489647 0.009550804 -0.013567133 0.999862373 55.445144653
0.999951303 -0.002704760 -0.009490570 0.850292027 0.002830895 0.999907434 0.013302345 -1.598377228 0.009453712 -0.013328562 0.999866545 56.056114197
0.999954343 -0.002476547 -0.009234881 0.827645779 0.002598898 0.999908745 0.013260463 -1.606625795 0.009201198 -0.013283859 0.999869525 56.545509338
0.999957144 -0.002166101 -0.009007936 0.827331364 0.002286043 0.999908626 0.013326261 -1.620684385 0.008978247 -0.013346286 0.999870658 57.091449738
0.999952435 -0.002720447 -0.009367020 0.843342304 0.002845557 0.999906540 0.013369025 -1.631605983 0.009329776 -0.013395043 0.999866724 57.558383942
0.999952972 -0.002669779 -0.009322114 0.849192083 0.002797616 0.999901891 0.013727288 -1.643090248 0.009284551 -0.013752722 0.999862373 58.099288940
0.999953628 -0.002060389 -0.009403976 0.854861617 0.002191408 0.999900341 0.013943254 -1.656360507 0.009374312 -0.013963215 0.999858499 58.627555847
0.999951303 -0.002447417 -0.009558614 0.869908869 0.002575906 0.999906123 0.013453180 -1.656166077 0.009524792 -0.013477147 0.999863863 59.164020538
0.999953032 -0.002074465 -0.009467727 0.873134255 0.002197502 0.999913037 0.013003610 -1.654533863 0.009439928 -0.013023806 0.999870598 59.716812134
0.999952495 -0.002621942 -0.009379758 0.867557645 0.002745021 0.999909997 0.013132984 -1.663559914 0.009344479 -0.013158108 0.999869764 60.183807373
0.999952614 -0.002342010 -0.009444822 0.881132305 0.002468919 0.999906600 0.013447650 -1.672665596 0.009412446 -0.013470331 0.999864936 60.729621887
0.999950349 -0.002852501 -0.009542545 0.894869268 0.002978452 0.999908268 0.013210835 -1.683975101 0.009503987 -0.013238602 0.999867201 61.256259918
0.999957561 -0.002091624 -0.008967843 0.892165244 0.002207508 0.999913990 0.012931865 -1.692962885 0.008940023 -0.012951113 0.999876142 61.815158844
0.999952674 -0.002448997 -0.009407410 0.909492671 0.002567101 0.999917805 0.012562828 -1.691048145 0.009375870 -0.012586385 0.999876857 62.348342896
0.999954224 -0.002154856 -0.009316539 0.899906695 0.002273931 0.999915659 0.012789391 -1.702037573 0.009288195 -0.012809991 0.999874830 62.887187958
0.999958754 -0.001591852 -0.008936496 0.877287447 0.001714420 0.999904335 0.013724610 -1.759401321 0.008913792 -0.013739363 0.999865890 63.364151001
0.999956310 -0.001796564 -0.009174448 0.888314068 0.001922461 0.999903858 0.013732193 -1.763413310 0.009148894 -0.013749229 0.999863684 63.914901733
0.999954998 -0.001757681 -0.009324118 0.898512900 0.001880582 0.999911189 0.013188561 -1.769002795 0.009300110 -0.013205501 0.999869525 64.456771851
0.999948561 -0.002647729 -0.009797790 0.922408521 0.002779694 0.999905288 0.013479775 -1.782751322 0.009761171 -0.013506315 0.999861121 64.986686707
0.999947846 -0.002917061 -0.009790359 0.930755794 0.003041530 0.999914408 0.012722597 -1.778580546 0.009752409 -0.012751713 0.999871135 65.541046143
0.999960244 -0.001503518 -0.008785344 0.901404798 0.001623636 0.999905050 0.013681486 -1.810053110 0.008763938 -0.013695205 0.999867797 65.947181702
0.999959528 -0.001688060 -0.008831761 0.909969270 0.001810151 0.999902725 0.013834469 -1.814485312 0.008807546 -0.013849896 0.999865294 66.479080200
0.999961317 -0.001232858 -0.008717404 0.910670936 0.001354935 0.999900937 0.014011790 -1.825672150 0.008699267 -0.014023058 0.999863803 67.001281738
0.999966085 -0.000724384 -0.008212125 0.913921297 0.000839504 0.999901295 0.014023531 -1.836789608 0.008201157 -0.014029950 0.999867916 67.537940979
0.999956906 -0.001832051 -0.009102474 0.917189956 0.001953261 0.999909341 0.013325186 -1.827629566 0.009077235 -0.013342394 0.999869764 68.141571045
0.999965191 -0.000244315 -0.008356671 0.918465734 0.000360092 0.999903858 0.013855712 -1.869339466 0.008352485 -0.013858237 0.999869049 68.495262146
0.999963462 -0.000548880 -0.008533951 0.928230226 0.000668665 0.999901175 0.014039762 -1.881239414 0.008525400 -0.014044954 0.999864995 69.033882141
0.999967813 0.000330058 -0.008021947 0.933325648 -0.000219638 0.999905229 0.013761668 -1.878598571 0.008025729 -0.013759460 0.999873161 69.589378357
0.999961317 -0.001073082 -0.008740164 0.951021194 0.001193396 0.999904394 0.013772059 -1.888131738 0.008724551 -0.013781958 0.999866962 70.101692200
0.999965549 -0.000151793 -0.008302551 0.964170575 0.000263268 0.999909878 0.013427131 -1.902570486 0.008299765 -0.013428853 0.999875307 70.632377625
0.999968886 -0.000078876 -0.007884592 0.924345613 0.000186395 0.999907017 0.013636722 -1.907554507 0.007882782 -0.013637770 0.999875903 71.126617432
0.999974191 0.000050328 -0.007178609 0.922737956 0.000049239 0.999903858 0.013869086 -1.913456202 0.007178617 -0.013869083 0.999877989 71.686660767
0.999971271 0.000583143 -0.007558735 0.929546654 -0.000478486 0.999904096 0.013840220 -1.922294617 0.007566080 -0.013836206 0.999875665 72.235527039
0.999972165 0.000881719 -0.007399790 0.933523476 -0.000778287 0.999902129 0.013968911 -1.937268496 0.007411382 -0.013962764 0.999875009 72.766822815
0.999967337 -0.000553894 -0.008059577 0.946029305 0.000661800 0.999910057 0.013392014 -1.930571556 0.008051435 -0.013396912 0.999877870 73.299560547
0.999970257 -0.000212792 -0.007715625 0.945416749 0.000315629 0.999911070 0.013329667 -1.940215588 0.007712102 -0.013331706 0.999881446 73.857841492
0.999967933 -0.000911410 -0.007957638 0.962209523 0.001019020 0.999907911 0.013529342 -1.957584023 0.007944575 -0.013537016 0.999876857 74.349578857
0.999966681 -0.001296685 -0.008061450 0.965202510 0.001405395 0.999907970 0.013494161 -1.967166543 0.008043210 -0.013505042 0.999876499 74.843597412
0.999968350 -0.000601013 -0.007929818 0.958070576 0.000700133 0.999921620 0.012502809 -1.957301855 0.007921681 -0.012507966 0.999890387 75.488967896
0.999973595 -0.000025013 -0.007270417 0.953635871 0.000122493 0.999910116 0.013407689 -1.978553176 0.007269429 -0.013408224 0.999883592 75.885253906
0.999974191 0.000564235 -0.007166825 0.955403626 -0.000468133 0.999910057 0.013403889 -1.984801412 0.007173743 -0.013400188 0.999884367 76.444168091
0.999975204 0.000085559 -0.007044951 0.964890182 0.000006852 0.999913990 0.013116130 -1.987087607 0.007045467 -0.013115851 0.999889076 76.967750549
0.999971926 -0.000437440 -0.007476557 0.979049385 0.000536735 0.999911547 0.013284001 -1.998487473 0.007470085 -0.013287644 0.999883771 77.482910156
0.999977946 0.000095420 -0.006636396 0.975717425 -0.000007743 0.999912679 0.013210353 -1.996561766 0.006637078 -0.013210010 0.999890685 78.122955322
0.999972045 -0.000197183 -0.007476503 0.994866729 0.000295098 0.999914169 0.013097493 -2.014826298 0.007473280 -0.013099332 0.999886215 78.578521729
0.999975324 -0.000612668 -0.007016669 0.997015953 0.000704872 0.999913335 0.013145653 -2.017127514 0.007008008 -0.013150274 0.999888957 79.115211487
0.999982655 -0.000405437 -0.005873963 1.005620599 0.000479677 0.999919951 0.012642957 -2.020695686 0.005868368 -0.012645555 0.999902785 79.664962769
0.999991000 0.000555465 -0.004199014 1.007552028 -0.000501192 0.999916494 0.012915174 -2.031163216 0.004205836 -0.012912953 0.999907792 80.209838867
0.999995947 -0.000637997 -0.002786685 1.030462384 0.000674238 0.999914944 0.013023647 -2.038033247 0.002778139 -0.013025473 0.999911249 80.773399353
0.999999583 0.000356743 0.000815250 1.043613076 -0.000367215 0.999916911 0.012881306 -2.054097176 -0.000810587 -0.012881600 0.999916613 81.303596497
0.999989450 0.000272059 0.004594486 1.059859991 -0.000331549 0.999916017 0.012952300 -2.064601421 -0.004590576 -0.012953687 0.999905527 81.844238281
0.999966800 0.001135405 0.008065809 1.070501328 -0.001239236 0.999916315 0.012879574 -2.066401958 -0.008050510 -0.012889142 0.999884486 82.429229736
0.999925494 0.000000247 0.012201356 1.101658940 -0.000153669 0.999920964 0.012573253 -2.063925743 -0.012200391 -0.012574192 0.999846518 82.919631958
0.999829054 0.000228494 0.018487012 1.130688548 -0.000458117 0.999922872 0.012417507 -2.058860540 -0.018482745 -0.012423854 0.999751925 83.547210693
0.999704599 0.000473108 0.024298819 1.146675706 -0.000781727 0.999919057 0.012693088 -2.075048923 -0.024290852 -0.012708334 0.999624133 83.995368958
0.999551415 0.000999049 0.029933659 1.175966382 -0.001391716 0.999913216 0.013099950 -2.097629547 -0.029917976 -0.013135729 0.999466062 84.546684265
0.999288261 -0.000017701 0.037722599 1.217662334 -0.000446856 0.999924183 0.012306606 -2.088648796 -0.037719946 -0.012314706 0.999212444 85.112487793
0.998971224 -0.000887618 0.045340333 1.267026424 0.000320970 0.999921739 0.012503406 -2.099612713 -0.045347884 -0.012475992 0.998893380 85.664070129
0.998637617 -0.001344890 0.052163027 1.310373545 0.000709434 0.999925315 0.012198707 -2.102920055 -0.052175537 -0.012145079 0.998564184 86.199920654
0.998131931 -0.000916003 0.061087359 1.358474970 0.000179663 0.999927282 0.012058289 -2.109702110 -0.061093960 -0.012024789 0.998059571 86.739326477
0.997470200 -0.001118357 0.071076967 1.429477215 0.000244202 0.999924242 0.012306202 -2.128922462 -0.071085326 -0.012257713 0.997394919 87.271774292
0.996838152 -0.001273629 0.079448394 1.492780209 0.000294890 0.999923944 0.012329696 -2.132696629 -0.079458058 -0.012267285 0.996762753 87.824806213
0.996149600 -0.001256872 0.087660164 1.554914951 0.000199555 0.999927104 0.012069266 -2.137628078 -0.087668955 -0.012005302 0.996077299 88.372642517
0.995173037 -0.001204062 0.098127790 1.633257389 0.000003730 0.999925196 0.012231600 -2.151011944 -0.098135173 -0.012172192 0.995098591 88.915382385
0.994103849 -0.002440679 0.108404234 1.714150429 0.001146473 0.999927282 0.011999425 -2.146442413 -0.108425647 -0.011804393 0.994034469 89.485366821
0.993073404 -0.002439907 0.117470264 1.813817978 0.001041606 0.999927819 0.011963366 -2.169459343 -0.117490984 -0.011758141 0.993004322 90.006256104
0.991696537 -0.002114139 0.128582284 1.903312683 0.000555962 0.999925971 0.012152819 -2.178617477 -0.128598452 -0.011980419 0.991624355 90.551422119
0.990103364 -0.002980282 0.140308276 2.011207581 0.001299345 0.999926269 0.012070399 -2.187049389 -0.140333906 -0.011768634 0.990034282 91.056922913
0.988540709 -0.003380850 0.150917426 2.117548943 0.001583757 0.999926388 0.012026403 -2.195062399 -0.150946975 -0.011649571 0.988473177 91.614166260
0.986867845 -0.003649379 0.161488265 2.225211143 0.001730261 0.999926150 0.012022983 -2.198935986 -0.161520243 -0.011585677 0.986801386 92.149688721
0.984708607 -0.004312356 0.174156174 2.346574783 0.002290277 0.999927580 0.011810025 -2.209436417 -0.174194500 -0.011230568 0.984647214 92.677200317
0.982449353 -0.004346507 0.186478689 2.469452858 0.002080142 0.999921560 0.012347423 -2.222028255 -0.186517760 -0.011742818 0.982381344 93.214019775
0.980444431 -0.004789601 0.196737736 2.600348473 0.002501667 0.999926269 0.011876237 -2.221388340 -0.196780130 -0.011151819 0.980384231 93.752670288
0.977755666 -0.004713224 0.209694415 2.737825394 0.002307270 0.999928653 0.011716781 -2.233420849 -0.209734678 -0.010972328 0.977696836 94.278289795
0.974774480 -0.005147637 0.223132759 2.890739441 0.002519861 0.999924064 0.012059864 -2.239115238 -0.223177895 -0.011193383 0.974713445 94.846923828
0.972006738 -0.005213057 0.234895512 3.023612976 0.002426416 0.999923229 0.012150784 -2.242737770 -0.234940797 -0.011240688 0.971944690 95.374816895
0.969158471 -0.005993219 0.246365383 3.210578918 0.003186272 0.999925435 0.011790495 -2.252207756 -0.246417686 -0.010641870 0.969105244 95.912277222
0.965648115 -0.006237213 0.259778678 3.379850388 0.003145974 0.999919236 0.012313579 -2.267298222 -0.259834528 -0.011073324 0.965589643 96.421325684
0.962323904 -0.006646089 0.271824390 3.555723190 0.003537854 0.999922633 0.011923189 -2.266925812 -0.271882653 -0.010512294 0.962272942 96.976776123
0.958861172 -0.006627667 0.283797860 3.744794846 0.003375656 0.999922931 0.011946429 -2.277522564 -0.283855140 -0.010496963 0.958809733 97.536163330
0.954866648 -0.007563835 0.296938449 3.930776596 0.004242315 0.999921083 0.011828687 -2.269368410 -0.297004461 -0.010035112 0.954823375 98.048744202
0.950394869 -0.007751412 0.310949713 4.141796112 0.004132634 0.999915838 0.012295007 -2.297838211 -0.311018825 -0.010400068 0.950346828 98.574279785
0.946553409 -0.008014579 0.322447538 4.337974548 0.004064553 0.999908268 0.012921568 -2.308897018 -0.322521478 -0.010920350 0.946499109 99.087242126
0.942047477 -0.008117368 0.335381448 4.533985138 0.004197134 0.999914169 0.012412052 -2.315315485 -0.335453361 -0.010285102 0.942000687 99.599945068
0.937025666 -0.008423071 0.349158913 4.749738693 0.004349827 0.999912977 0.012448313 -2.322281599 -0.349233359 -0.010145609 0.936980844 100.107910156
0.932437539 -0.008812872 0.361223787 4.967912674 0.004580830 0.999910414 0.012570447 -2.332815170 -0.361302197 -0.010066452 0.932394385 100.610549927
0.928157151 -0.009103150 0.372077078 5.199453354 0.004784968 0.999910057 0.012527317 -2.337611675 -0.372157753 -0.009846941 0.928117216 101.140014648
0.922717571 -0.009386485 0.385362297 5.428756714 0.004900245 0.999908268 0.012622105 -2.345242500 -0.385445446 -0.009758270 0.922679007 101.624305725
0.916966796 -0.009112767 0.398859382 5.670726776 0.004495092 0.999911726 0.012510954 -2.347375870 -0.398938119 -0.009679221 0.916926682 102.133064270
0.911977291 -0.009503309 0.410130590 5.919948578 0.004760268 0.999909461 0.012584263 -2.358206749 -0.410213113 -0.009524231 0.911939979 102.629302979
0.905727565 -0.009701666 0.423749208 6.179409027 0.004749414 0.999907494 0.012741250 -2.361893654 -0.423833698 -0.009527541 0.905689955 103.129623413
0.899056673 -0.010262092 0.437711805 6.446941376 0.005163320 0.999904275 0.012837191 -2.374951363 -0.437801689 -0.009281316 0.899023652 103.602188110
0.892897606 -0.010721975 0.450132132 6.723117828 0.005472720 0.999900937 0.012961385 -2.381400585 -0.450226575 -0.009109743 0.892867863 104.113761902
0.887280405 -0.010851705 0.461102724 6.986648560 0.005520489 0.999901414 0.012909083 -2.384654045 -0.461197376 -0.008908464 0.887252867 104.577896118
0.880184591 -0.011215837 0.474499136 7.270282745 0.005742461 0.999899149 0.012982708 -2.394028187 -0.474596798 -0.008702387 0.880160391 105.054634094
0.873264015 -0.011373224 0.487114549 7.558292389 0.005655181 0.999896705 0.013207537 -2.401759863 -0.487214506 -0.008778945 0.873238206 105.525489807
