1.000000000 0.000000000 0.000000000 0.000000000 0.000000000 1.000000000 0.000000000 0.000000000 0.000000000 0.000000000 1.000000000 0.000000000
1.000000000 0.000080213 0.000043351 -0.000349371 -0.000080213 1.000000000 -0.000001061 -0.000809102 -0.000043351 0.000001058 1.000000000 -0.000749864
1.000000000 0.000141211 0.000041885 0.001884730 -0.000141211 1.000000000 0.000018864 0.000543213 -0.000041882 -0.000018870 1.000000000 -0.001764616
1.000000000 0.000019476 -0.000006039 -0.000047793 -0.000019475 1.000000000 0.000057948 0.000270186 0.000006040 -0.000057948 1.000000000 0.002008927
1.000000000 -0.000017702 0.000035407 -0.000306650 0.000017701 1.000000000 0.000026766 0.000652430 -0.000035408 -0.000026765 1.000000000 0.001530120
1.000000000 0.000014854 0.000082434 -0.000363574 -0.000014864 1.000000000 0.000120319 -0.000072190 -0.000082432 -0.000120321 1.000000000 -0.003901551
1.000000000 -0.000102694 0.000080603 -0.001339802 0.000102691 1.000000000 0.000041500 0.000516551 -0.000080607 -0.000041491 1.000000000 -0.002070260
1.000000000 0.000077411 0.000065626 0.000031799 -0.000077411 1.000000000 -0.000000061 -0.000304109 -0.000065626 0.000000056 1.000000000 -0.000430412
1.000000000 -0.000002181 0.000060010 0.000120483 0.000002181 1.000000000 0.000014295 -0.000004619 -0.000060010 -0.000014295 1.000000000 -0.000810472
1.000000000 0.000001389 -0.000012813 -0.000286012 -0.000001388 1.000000000 0.000028410 0.000248736 0.000012813 -0.000028410 1.000000000 -0.003552087
1.000000000 -0.000102901 0.000032733 0.000128270 0.000102900 1.000000000 0.000009867 -0.000416487 -0.000032734 -0.000009864 1.000000000 0.000859138
1.000000000 -0.000188134 0.000005284 0.000043944 0.000188133 1.000000000 0.000074753 -0.000621319 -0.000005298 -0.000074752 1.000000000 -0.001048071
1.000000000 -0.000023224 0.000089867 0.000478025 0.000023223 1.000000000 0.000007850 -0.000075246 -0.000089868 -0.000007848 1.000000000 -0.001021644
0.999999940 -0.000264216 -0.000000242 -0.000009861 0.000264216 0.999999940 0.000122471 0.000181842 0.000000209 -0.000122471 1.000000000 -0.002446892
1.000000000 -0.000172937 0.000023579 -0.000290725 0.000172936 1.000000000 0.000029386 -0.000154877 -0.000023585 -0.000029382 1.000000000 -0.001105978
1.000000000 -0.000157253 0.000048357 -0.000949215 0.000157251 1.000000000 0.000041010 -0.000802170 -0.000048364 -0.000041003 1.000000000 -0.001825703
1.000000000 -0.000037967 0.000001420 -0.000859507 0.000037967 1.000000000 0.000071928 -0.000163753 -0.000001423 -0.000071928 1.000000000 -0.005074492
1.000000000 -0.000215677 -0.000004352 0.000274980 0.000215677 1.000000000 0.000031477 -0.000178909 0.000004345 -0.000031478 1.000000000 -0.002372451
1.000000000 -0.000103058 -0.000019248 0.000815198 0.000103058 1.000000000 0.000039919 -0.000272005 0.000019244 -0.000039921 1.000000000 -0.007064570
1.000000000 -0.000190923 -0.000053671 0.002347962 0.000190929 1.000000000 0.000110565 -0.002820785 0.000053650 -0.000110576 1.000000000 -0.006063504
1.000000000 -0.000093242 0.000085394 -0.000849185 0.000093236 1.000000000 0.000073928 -0.002161967 -0.000085400 -0.000073920 1.000000000 -0.002228596
1.000000000 -0.000015494 0.000092773 -0.001046945 0.000015477 1.000000000 0.000180708 -0.002543410 -0.000092775 -0.000180706 1.000000000 -0.005268170
1.000000000 -0.000148674 0.000062623 -0.000259456 0.000148672 1.000000000 0.000029322 0.001504791 -0.000062627 -0.000029313 1.000000000 -0.006353552
1.000000000 -0.000071689 0.000030189 0.001175914 0.000071686 1.000000000 0.000099934 -0.000475776 -0.000030196 -0.000099932 1.000000000 -0.006573234
1.000000000 -0.000117149 -0.000002852 0.000753089 0.000117150 1.000000000 0.000130918 -0.001690358 0.000002837 -0.000130919 1.000000000 -0.003765869
1.000000000 -0.000053825 0.000100057 -0.002839384 0.000053823 1.000000000 0.000017879 -0.000444266 -0.000100058 -0.000017873 1.000000000 -0.001751293
1.000000000 -0.000174418 0.000026299 -0.002039796 0.000174417 1.000000000 0.000065106 0.000289747 -0.000026310 -0.000065101 1.000000000 -0.001090407
1.000000000 -0.000178373 -0.000041006 -0.001025967 0.000178377 1.000000000 0.000119956 0.000714236 0.000040984 -0.000119964 1.000000000 -0.002329826
1.000000000 -0.000134938 0.000008465 0.000812913 0.000134937 1.000000000 0.000095581 -0.001184323 -0.000008478 -0.000095580 1.000000000 0.000165569
1.000000000 -0.000131740 0.000060820 -0.001684515 0.000131733 1.000000000 0.000114646 -0.001484391 -0.000060835 -0.000114638 1.000000000 0.000090668
0.999999940 -0.000250234 0.000053443 -0.002838121 0.000250227 0.999999940 0.000142565 -0.001854438 -0.000053479 -0.000142551 1.000000000 -0.002845127
1.000000000 -0.000145750 0.000028762 -0.000258356 0.000145747 1.000000000 0.000116640 -0.001942939 -0.000028779 -0.000116636 1.000000000 -0.002537239
1.000000000 0.000044861 0.000069630 -0.003239115 -0.000044866 1.000000000 0.000071395 -0.000635726 -0.000069627 -0.000071398 1.000000000 -0.003568490
1.000000000 -0.000088264 0.000005522 -0.001586868 0.000088264 1.000000000 -0.000002863 0.001381419 -0.000005522 0.000002863 1.000000000 -0.004169016
1.000000000 -0.000095304 0.000051394 -0.002966425 0.000095305 1.000000000 -0.000026932 0.001696027 -0.000051391 0.000026936 1.000000000 -0.000385617
1.000000000 -0.000093738 0.000063665 -0.001770605 0.000093738 1.000000000 0.000004429 -0.000054739 -0.000063665 -0.000004423 1.000000000 -0.003767873
0.999999940 -0.000254403 0.000042464 -0.003167161 0.000254400 0.999999940 0.000070213 -0.002454498 -0.000042482 -0.000070202 1.000000000 -0.001146204
1.000000000 -0.000138314 0.000054335 -0.000742119 0.000138312 1.000000000 0.000023611 -0.000245216 -0.000054338 -0.000023604 1.000000000 0.000166571
0.999999940 -0.000361036 -0.000036689 0.000219094 0.000361041 0.999999940 0.000149744 -0.002146285 0.000036635 -0.000149758 1.000000000 0.000478897
1.000000000 -0.000143022 0.000050842 0.002169601 0.000143051 0.999999821 -0.000568671 -0.005455142 -0.000050761 0.000568678 0.999999821 0.048085436
1.000000000 -0.000086613 0.000043665 0.002953526 0.000086663 0.999999344 -0.001145731 -0.004817865 -0.000043566 0.001145735 0.999999344 0.139533773
0.999999940 -0.000305136 -0.000112479 0.008743582 0.000304974 0.999998927 -0.001441145 -0.012218423 0.000112918 0.001441110 0.999998927 0.255941004
1.000000000 -0.000072529 0.000146921 0.003530123 0.000072705 0.999999285 -0.001198005 -0.018261380 -0.000146834 0.001198016 0.999999285 0.386487991
1.000000000 0.000083256 0.000007263 0.008901699 -0.000083248 0.999999404 -0.001082622 -0.021531165 -0.000007353 0.001082621 0.999999404 0.533914208
0.999999940 0.000303438 0.000217937 0.001710574 -0.000303221 0.999999464 -0.000996289 -0.030957889 -0.000218239 0.000996223 0.999999464 0.706778288
1.000000000 -0.000059337 0.000090845 0.012576621 0.000059418 0.999999642 -0.000896439 -0.031561852 -0.000090791 0.000896445 0.999999583 0.873775542
0.999999702 0.000558984 0.000571914 -0.005515451 -0.000558540 0.999999523 -0.000775970 -0.041327525 -0.000572347 0.000775650 0.999999523 1.045447469
0.999999464 0.000727690 0.000641231 -0.002053134 -0.000727161 0.999999344 -0.000825659 -0.047173839 -0.000641831 0.000825192 0.999999464 1.218098521
0.999999702 0.000538540 0.000422791 0.020807177 -0.000538371 0.999999762 -0.000401094 -0.046297859 -0.000423007 0.000400866 0.999999821 1.398204088
0.999999642 0.000763907 0.000264912 0.031336017 -0.000763814 0.999999642 -0.000354030 -0.053932138 -0.000265182 0.000353827 0.999999881 1.597463608
0.999999583 0.000602413 0.000567758 0.030265843 -0.000602425 0.999999821 0.000021044 -0.063402228 -0.000567745 -0.000021387 0.999999881 1.790204525
0.999999642 0.000512602 0.000675665 0.027038872 -0.000512812 0.999999940 0.000310014 -0.070145726 -0.000675506 -0.000310361 0.999999702 1.996111035
0.999999225 0.000851887 0.000907455 0.030012889 -0.000852078 0.999999642 0.000210135 -0.076917581 -0.000907276 -0.000210908 0.999999523 2.222192764
0.999999344 0.000783364 0.000805932 0.023635637 -0.000783482 0.999999702 0.000146486 -0.082262166 -0.000805817 -0.000147117 0.999999583 2.467184782
0.999998748 0.001104144 0.001081957 0.024613902 -0.001104469 0.999999404 0.000300080 -0.088095412 -0.001081625 -0.000301275 0.999999344 2.703858852
0.999998868 0.001186848 0.000838076 0.039216928 -0.001187240 0.999999106 0.000467643 -0.110462695 -0.000837520 -0.000468638 0.999999464 2.894968748
0.999998271 0.001571639 0.000888908 0.048074048 -0.001572316 0.999998391 0.000761169 -0.119155623 -0.000887710 -0.000762565 0.999999285 3.139126778
0.999998331 0.001502700 0.001018312 0.039487492 -0.001503216 0.999998689 0.000506434 -0.118620165 -0.001017550 -0.000507964 0.999999344 3.387414694
0.999997616 0.001747551 0.001265367 0.043173555 -0.001748238 0.999998331 0.000541595 -0.124264956 -0.001264419 -0.000543806 0.999999046 3.637710571
0.999998808 0.001367599 0.000737222 0.059503436 -0.001368050 0.999998868 0.000611723 -0.137665838 -0.000736385 -0.000612731 0.999999464 3.884031296
0.999998689 0.001356458 0.000866421 0.060802098 -0.001356944 0.999998927 0.000560577 -0.140692443 -0.000865660 -0.000561752 0.999999464 4.145072460
0.999997377 0.001922540 0.001257151 0.064858772 -0.001923516 0.999997854 0.000774809 -0.150241673 -0.001255658 -0.000777225 0.999998868 4.390385628
0.999998510 0.001505513 0.000865437 0.076707117 -0.001506664 0.999997914 0.001330100 -0.169043928 -0.000863432 -0.001331402 0.999998748 4.649365425
0.999997854 0.001331863 0.001583118 0.068892255 -0.001334092 0.999998212 0.001407346 -0.179428443 -0.001581240 -0.001409456 0.999997735 4.916685104
0.999997079 0.001635330 0.001770371 0.071070299 -0.001637763 0.999997735 0.001373607 -0.186126783 -0.001768121 -0.001376502 0.999997437 5.181752205
0.999998391 0.001017956 0.001493429 0.084696449 -0.001020171 0.999998331 0.001482744 -0.192579538 -0.001491918 -0.001484265 0.999997735 5.443272114
0.999997020 0.002086310 0.001273675 0.092934966 -0.002088212 0.999996662 0.001493564 -0.198192760 -0.001270555 -0.001496220 0.999998093 5.705430984
0.999998271 0.001460238 0.001143547 0.100420706 -0.001461624 0.999998212 0.001211810 -0.208874807 -0.001141776 -0.001213479 0.999998569 5.971559048
0.999998868 0.000961956 0.001102558 0.107790045 -0.000963669 0.999998271 0.001554941 -0.225537807 -0.001101061 -0.001556002 0.999998152 6.227796078
0.999998033 0.001357141 0.001445885 0.117580824 -0.001359218 0.999998033 0.001436272 -0.225479782 -0.001443933 -0.001438234 0.999997914 6.529061317
0.999996305 0.002075068 0.001794603 0.118814029 -0.002077553 0.999996841 0.001383665 -0.238444895 -0.001791726 -0.001387388 0.999997437 6.822509766
0.999997437 0.001439658 0.001761711 0.129367158 -0.001442434 0.999997735 0.001575889 -0.246603161 -0.001759438 -0.001578426 0.999997258 7.112446308
0.999999464 0.000455226 0.000933800 0.149529085 -0.000456656 0.999998748 0.001531206 -0.250826269 -0.000933101 -0.001531631 0.999998331 7.409687519
0.999999881 0.000061916 0.000398017 0.170754924 -0.000062545 0.999998808 0.001579410 -0.266457677 -0.000397919 -0.001579435 0.999998629 7.697394848
0.999998450 0.001344211 0.001117017 0.168172479 -0.001346358 0.999997258 0.001923333 -0.275836378 -0.001114428 -0.001924833 0.999997497 8.035768509
0.999998748 0.001226901 0.001006471 0.181910664 -0.001228738 0.999997616 0.001827082 -0.286647439 -0.001004227 -0.001828317 0.999997795 8.339645386
0.999998510 0.001347583 0.001052410 0.178649634 -0.001349595 0.999997258 0.001913213 -0.296244651 -0.001049829 -0.001914630 0.999997616 8.683338165
0.999998569 0.001238225 0.001123094 0.183503211 -0.001240352 0.999997377 0.001894736 -0.302604556 -0.001120745 -0.001896126 0.999997556 9.015388489
0.999998569 0.000763980 0.001491929 0.181261793 -0.000766664 0.999998093 0.001799170 -0.303171486 -0.001490551 -0.001800311 0.999997318 9.372976303
0.999999106 0.000599604 0.001167194 0.192411780 -0.000602025 0.999997616 0.002074973 -0.321013778 -0.001165947 -0.002075675 0.999997139 9.697997093
0.999999344 0.000248878 0.001131624 0.205686137 -0.000251261 0.999997675 0.002106375 -0.339892477 -0.001131097 -0.002106658 0.999997139 10.038766861
0.999998927 0.000607235 0.001380447 0.214515805 -0.000609629 0.999998271 0.001734538 -0.349732608 -0.001379391 -0.001735378 0.999997497 10.397344589
0.999998689 0.001107109 0.001177105 0.224142984 -0.001109707 0.999996901 0.002209001 -0.363757104 -0.001174656 -0.002210305 0.999996841 10.745773315
0.999998689 0.000864555 0.001345599 0.226283371 -0.000867582 0.999997079 0.002251139 -0.376281440 -0.001343649 -0.002252303 0.999996543 11.143103600
0.999997556 0.001615514 0.001470814 0.228887692 -0.001619023 0.999995887 0.002388039 -0.387252420 -0.001466950 -0.002390414 0.999996066 11.529618263
0.999999285 0.000508969 0.001072525 0.249789745 -0.000511682 0.999996662 0.002530375 -0.397726297 -0.001071233 -0.002530922 0.999996185 11.890247345
0.999999166 0.000271907 0.001261514 0.256752431 -0.000275034 0.999996841 0.002478823 -0.407373160 -0.001260836 -0.002479168 0.999996126 12.275317192
0.999998927 0.000213432 0.001427046 0.267029941 -0.000217443 0.999996066 0.002810600 -0.423634827 -0.001426440 -0.002810907 0.999995053 12.674148560
0.999997973 0.000696715 0.001867768 0.268964887 -0.000702328 0.999995291 0.003006372 -0.431812376 -0.001865665 -0.003007678 0.999993742 13.060980797
0.999998808 0.000655430 0.001386777 0.292329401 -0.000660127 0.999994040 0.003389444 -0.474797070 -0.001384547 -0.003390355 0.999993205 13.467437744
0.999997914 0.000683451 0.001952813 0.297011733 -0.000691005 0.999992311 0.003870460 -0.488361031 -0.001950153 -0.003871801 0.999990523 13.883178711
0.999998033 0.000943721 0.001795127 0.311925352 -0.000950925 0.999991477 0.004016197 -0.497942835 -0.001791321 -0.004017896 0.999990284 14.309958458
0.999998033 0.000253433 0.001977095 0.325984806 -0.000260698 0.999993205 0.003675442 -0.514293194 -0.001976151 -0.003675950 0.999991298 14.722679138
0.999997079 0.000791030 0.002317607 0.336556256 -0.000800282 0.999991655 0.003994154 -0.530252278 -0.002314428 -0.003995997 0.999989331 15.128059387
0.999995530 0.000668356 0.002915423 0.346775472 -0.000681326 0.999989808 0.004450139 -0.541618526 -0.002912419 -0.004452105 0.999985874 15.557442665
0.999995887 0.000698848 0.002788977 0.372142911 -0.000712963 0.999986887 0.005063277 -0.604092538 -0.002785402 -0.005065244 0.999983311 15.991721153
0.999996662 0.000133974 0.002596759 0.388043374 -0.000145953 0.999989331 0.004613373 -0.613178015 -0.002596113 -0.004613737 0.999985993 16.430366516
0.999994934 0.000565562 0.003147785 0.396863639 -0.000580403 0.999988735 0.004715726 -0.623830795 -0.003145083 -0.004717529 0.999983966 16.874420166
0.999993265 0.000902203 0.003550584 0.407241493 -0.000920692 0.999985933 0.005209381 -0.645622551 -0.003545834 -0.005212614 0.999980152 17.336999893
0.999991179 0.001002827 0.004053116 0.417226315 -0.001024847 0.999984622 0.005434511 -0.657537282 -0.004047604 -0.005438617 0.999976993 17.799400330
0.999989212 0.001488797 0.004405190 0.422988713 -0.001512664 0.999984145 0.005419710 -0.671048403 -0.004397053 -0.005426316 0.999975622 18.271171570
0.999988675 0.001278808 0.004579437 0.439175308 -0.001303094 0.999985039 0.005304344 -0.676831484 -0.004572586 -0.005310251 0.999975502 18.739873886
0.999987483 0.001427503 0.004815611 0.456051737 -0.001454393 0.999983370 0.005584992 -0.697276950 -0.004807558 -0.005591925 0.999972880 19.210407257
0.999988556 0.001381437 0.004576677 0.481363416 -0.001407779 0.999982357 0.005757361 -0.713380992 -0.004568644 -0.005763739 0.999972999 19.676170349
0.999989688 0.000843341 0.004467608 0.488100946 -0.000870948 0.999980450 0.006181183 -0.733559012 -0.004462308 -0.006185011 0.999970913 20.100238800
0.999991238 0.000353289 0.004176904 0.505795598 -0.000377502 0.999983132 0.005797493 -0.748152614 -0.004174785 -0.005799020 0.999974489 20.582078934
0.999991894 0.000411470 0.004001523 0.517311275 -0.000434863 0.999982834 0.005847247 -0.756291270 -0.003999049 -0.005848941 0.999974906 21.084434509
0.999994099 0.000328678 0.003437307 0.522508800 -0.000350195 0.999980330 0.006261162 -0.769202650 -0.003435182 -0.006262329 0.999974489 21.601560593
0.999993861 0.001119828 0.003297680 0.544746101 -0.001141870 0.999976993 0.006689897 -0.795829654 -0.003290114 -0.006693623 0.999972224 22.080755234
0.999995589 0.000053308 0.002950695 0.540038049 -0.000074680 0.999973774 0.007243217 -0.814689994 -0.002950231 -0.007243406 0.999969423 22.580711365
0.999997020 -0.000116718 0.002428174 0.546714902 0.000098948 0.999973238 0.007317210 -0.834680200 -0.002428963 -0.007316947 0.999970317 23.087335587
0.999998331 0.000176581 0.001816082 0.556189060 -0.000189424 0.999974966 0.007073733 -0.850848198 -0.001814788 -0.007074066 0.999973357 23.597499847
0.999999285 -0.000626684 0.000994433 0.570025265 0.000620316 0.999979377 0.006390863 -0.849755168 -0.000998418 -0.006390242 0.999979079 24.128055573
0.999999523 0.000683953 0.000682008 0.569041610 -0.000688389 0.999978483 0.006525613 -0.860506177 -0.000677531 -0.006526079 0.999978483 24.645503998
0.999999642 0.000849636 0.000169238 0.582980514 -0.000850788 0.999975622 0.006932841 -0.879013062 -0.000163344 -0.006932982 0.999975979 25.174524307
0.999999642 -0.000022526 -0.000870598 0.593784153 0.000028501 0.999976456 0.006863682 -0.885099411 0.000870423 -0.006863704 0.999975979 25.701524734
0.999999106 0.000717628 -0.001109225 0.603697896 -0.000709668 0.999974132 0.007159539 -0.903690934 0.001114334 -0.007158745 0.999973774 26.245286942
0.999999166 0.000784463 -0.001019901 0.615175605 -0.000776579 0.999969959 0.007707079 -0.919130743 0.001025916 -0.007706280 0.999969780 26.784652710
0.999998629 0.000026287 -0.001660355 0.626499891 -0.000013112 0.999968529 0.007934082 -0.934027672 0.001660511 -0.007934051 0.999967098 27.318250656
0.999997616 0.000656791 -0.002083429 0.637077570 -0.000641005 0.999971092 0.007567943 -0.949850440 0.002088340 -0.007566590 0.999969125 27.844062805
0.999996364 0.000480405 -0.002659537 0.645492077 -0.000459602 0.999969363 0.007817385 -0.960803688 0.002663211 -0.007816135 0.999965847 28.383054733
0.999994576 0.000285274 -0.003282233 0.660521448 -0.000259119 0.999968231 0.007966509 -0.973825991 0.003284402 -0.007965616 0.999962807 28.920972824
0.999992669 -0.000191180 -0.003818395 0.671059847 0.000221477 0.999968529 0.007935805 -0.985743761 0.003816758 -0.007936593 0.999961197 29.463655472
0.999992311 0.000246927 -0.003916164 0.670798242 -0.000214051 0.999964774 0.008393054 -1.002055049 0.003918099 -0.008392151 0.999957085 30.000991821
0.999991834 0.000640940 -0.003986172 0.672580719 -0.000607730 0.999965250 0.008326954 -1.018156290 0.003991371 -0.008324465 0.999957383 30.536224365
0.999991119 0.000924943 -0.004101705 0.685382366 -0.000890740 0.999965012 0.008332868 -1.025706053 0.004109268 -0.008329143 0.999956787 31.070030212
0.999990284 0.000696611 -0.004350246 0.686471820 -0.000660319 0.999965012 0.008338416 -1.038831711 0.004355902 -0.008335464 0.999955714 31.595960617
0.999989688 0.000642693 -0.004490884 0.696101248 -0.000606475 0.999967337 0.008061636 -1.047959685 0.004495919 -0.008058829 0.999957442 32.126258850
0.999988079 0.000887789 -0.004791044 0.702795625 -0.000849654 0.999967992 0.007955726 -1.051858068 0.004797954 -0.007951559 0.999956906 32.668411255
0.999988735 0.001351347 -0.004556033 0.691094100 -0.001313746 0.999965131 0.008245669 -1.077263832 0.004567017 -0.008239591 0.999955654 33.186782837
0.999987185 0.001587435 -0.004817788 0.708345473 -0.001549507 0.999967933 0.007865932 -1.076753616 0.004830121 -0.007858365 0.999957502 33.748764038
0.999985695 0.001644856 -0.005088891 0.703601956 -0.001603184 0.999965191 0.008182002 -1.097907543 0.005102172 -0.008173726 0.999953568 34.249603271
0.999985576 0.001381963 -0.005196404 0.714163184 -0.001339040 0.999965012 0.008254410 -1.109983683 0.005207629 -0.008247331 0.999952435 34.778884888
0.999986291 0.001266789 -0.005070255 0.716841400 -0.001225014 0.999965370 0.008233822 -1.124153972 0.005080511 -0.008227498 0.999953270 35.284980774
0.999983370 0.000870241 -0.005702739 0.746775150 -0.000823090 0.999965489 0.008265246 -1.138247967 0.005709735 -0.008260414 0.999949515 35.813255310
0.999984920 0.002042628 -0.005081832 0.722207665 -0.002002726 0.999967277 0.007844484 -1.151314497 0.005097689 -0.007834191 0.999956369 36.352844238
0.999984324 0.000925185 -0.005521502 0.704474926 -0.000881336 0.999968171 0.007938400 -1.133196950 0.005528671 -0.007933407 0.999953270 36.812049866
0.999984920 0.000649207 -0.005450352 0.668958426 -0.000603088 0.999964118 0.008458950 -1.197985291 0.005455648 -0.008455536 0.999949455 37.278427124
0.999983430 0.001794735 -0.005465447 0.709482789 -0.001748282 0.999962389 0.008492418 -1.174635649 0.005480483 -0.008482722 0.999949038 37.850086212
0.999985516 0.001893785 -0.005045750 0.711089373 -0.001849048 0.999958992 0.008856019 -1.169488311 0.005062316 -0.008846560 0.999948025 38.326683044
0.999984741 0.002867111 -0.004721007 0.715427816 -0.002828141 0.999962091 0.008240374 -1.202376246 0.004744454 -0.008226898 0.999954939 38.823665619
0.999980927 0.000869219 -0.006102343 0.768872321 -0.000811941 0.999955654 0.009382597 -1.261067867 0.006110227 -0.009377462 0.999937356 39.567554474
0.999980748 0.000567006 -0.006165123 0.781254172 -0.000505204 0.999949634 0.010021365 -1.279487610 0.006170494 -0.010018057 0.999930799 40.109477997
0.999978364 0.000029523 -0.006597038 0.799865127 0.000034803 0.999952435 0.009750397 -1.287596345 0.006597012 -0.009750415 0.999930680 40.631507874
0.999980688 0.000907477 -0.006146220 0.787554204 -0.000848807 0.999954224 0.009541664 -1.298366547 0.006154596 -0.009536264 0.999935508 41.172275543
0.999976099 0.000685873 -0.006879672 0.810869873 -0.000620275 0.999954402 0.009532599 -1.308599234 0.006885896 -0.009528105 0.999930859 41.710880280
0.999978840 0.001217496 -0.006394972 0.808565795 -0.001154239 0.999950469 0.009885943 -1.327853084 0.006406691 -0.009878353 0.999930680 42.237522125
0.999978662 0.000882232 -0.006467676 0.813628197 -0.000815927 0.999947190 0.010247164 -1.346368074 0.006476375 -0.010241671 0.999926507 42.783832550
0.999979436 0.001202672 -0.006289244 0.820720911 -0.001140689 0.999950767 0.009849744 -1.350783825 0.006300781 -0.009842369 0.999931693 43.318714142
0.999980390 0.001017344 -0.006182346 0.824601471 -0.000955055 0.999948859 0.010069846 -1.363984942 0.006192274 -0.010063742 0.999930203 43.852291107
0.999978960 0.001083978 -0.006397058 0.836261392 -0.001018234 0.999946654 0.010271584 -1.378066540 0.006407852 -0.010264853 0.999926805 44.381305695
0.999978185 0.001041873 -0.006515041 0.847685456 -0.000976952 0.999949932 0.009959927 -1.387330651 0.006525091 -0.009953343 0.999929190 44.924526215
0.999976575 0.000954096 -0.006769993 0.852702737 -0.000886092 0.999949157 0.010040835 -1.396789074 0.006779229 -0.010034601 0.999926686 45.465732574
0.999977291 0.001111614 -0.006646004 0.862109184 -0.001044916 0.999949157 0.010030760 -1.412796497 0.006656817 -0.010023589 0.999927521 45.996913910
0.999980330 0.002030723 -0.005925897 0.859013855 -0.001972480 0.999949932 0.009817764 -1.421130538 0.005945538 -0.009805885 0.999934196 46.569259644
0.999977767 0.001492047 -0.006500258 0.867545485 -0.001427438 0.999949753 0.009932713 -1.430640697 0.006514751 -0.009923216 0.999929547 47.068286896
0.999975502 0.001994597 -0.006704976 0.895002663 -0.001932257 0.999955058 0.009291322 -1.426665545 0.006723206 -0.009278140 0.999934375 47.645832062
0.999976993 0.001410058 -0.006638998 0.886238933 -0.001341932 0.999946535 0.010254742 -1.461354733 0.006653103 -0.010245599 0.999925375 48.133361816
0.999975562 0.001149986 -0.006892351 0.898998797 -0.001078730 0.999946058 0.010333302 -1.474656701 0.006903862 -0.010325615 0.999922872 48.664714813
0.999977171 0.001650350 -0.006548229 0.905695915 -0.001580610 0.999942124 0.010641169 -1.489686012 0.006565411 -0.010630577 0.999921858 49.204338074
0.999977171 0.001569091 -0.006571150 0.907755017 -0.001499195 0.999942422 0.010628145 -1.499484420 0.006587449 -0.010618050 0.999921918 49.739360809
0.999978006 0.001762389 -0.006392383 0.906610608 -0.001693344 0.999940276 0.010790588 -1.516276479 0.006411020 -0.010779529 0.999921262 50.271938324
0.999976873 0.001821459 -0.006553132 0.912973762 -0.001749622 0.999938488 0.010951444 -1.525264740 0.006572678 -0.010939723 0.999918580 50.798122406
0.999978304 0.002046347 -0.006264733 0.916372836 -0.001978272 0.999939084 0.010853316 -1.531010509 0.006286561 -0.010840685 0.999921441 51.335865021
0.999978781 0.002580817 -0.005991289 0.914006472 -0.002517445 0.999940991 0.010560836 -1.541657209 0.006018193 -0.010545528 0.999926269 51.866283417
0.999978364 0.002162988 -0.006208687 0.934952497 -0.002094078 0.999936402 0.011083989 -1.553871393 0.006232266 -0.011070749 0.999919295 52.371910095
0.999983728 0.002643801 -0.005056794 0.907830954 -0.002588568 0.999937236 0.010898086 -1.569179773 0.005085289 -0.010884819 0.999927878 52.934196472
0.999983788 0.002753705 -0.004999583 0.909106374 -0.002696778 0.999931812 0.011357455 -1.587923765 0.005030517 -0.011343786 0.999922991 53.441619873
0.999981225 0.002749319 -0.005477116 0.925745726 -0.002682722 0.999922872 0.012129643 -1.606839895 0.005510041 -0.012114720 0.999911487 53.928218842
0.999978662 0.002876776 -0.005869741 0.948172510 -0.002807755 0.999927223 0.011733222 -1.630038977 0.005903068 -0.011716491 0.999913931 54.439193726
0.999980092 0.003317865 -0.005349259 0.927277923 -0.003257085 0.999930501 0.011331148 -1.616832614 0.005386483 -0.011313499 0.999921501 55.078338623
0.999980092 0.002203796 -0.005915098 0.958057821 -0.002128781 0.999917567 0.012658449 -1.662768245 0.005942508 -0.012645604 0.999902368 55.531036377
0.999979734 0.002249207 -0.005957196 0.976434350 -0.002176520 0.999923468 0.012180081 -1.661557436 0.005984135 -0.012166868 0.999908030 56.005527496
0.999978721 0.003232795 -0.005658280 0.979813874 -0.003162870 0.999918997 0.012323570 -1.675884962 0.005697660 -0.012305411 0.999908030 56.503784180
0.999977648 0.002964704 -0.005991012 0.965224862 -0.002890131 0.999918699 0.012417842 -1.667869806 0.006027340 -0.012400251 0.999904871 57.178958893
0.999978960 0.003399119 -0.005519869 0.995788991 -0.003329861 0.999916255 0.012508024 -1.706535578 0.005561924 -0.012489381 0.999906540 57.569984436
0.999978185 0.003571273 -0.005561116 1.009447217 -0.003502673 0.999918282 0.012297003 -1.710671663 0.005604577 -0.012277253 0.999908924 58.106517792
0.999977887 0.003225045 -0.005840164 1.020359159 -0.003153269 0.999919832 0.012257914 -1.719280005 0.005879229 -0.012239226 0.999907732 58.638061523
0.999979138 0.002957414 -0.005745748 1.030400634 -0.002885662 0.999918163 0.012456349 -1.732188702 0.005782117 -0.012439509 0.999905884 59.179176331
0.999978423 0.003130786 -0.005771860 1.043410301 -0.003058121 0.999916494 0.012555823 -1.739074707 0.005810689 -0.012537900 0.999904513 59.697746277
0.999978840 0.003124130 -0.005694987 1.059065342 -0.003053624 0.999919116 0.012347335 -1.743857145 0.005733100 -0.012329685 0.999907553 60.286891937
0.999978364 0.003330634 -0.005673290 1.070354700 -0.003258892 0.999915242 0.012608256 -1.760594845 0.005714803 -0.012589495 0.999904394 60.787540436
0.999975622 0.002742169 -0.006423948 1.116797686 -0.002659098 0.999913216 0.012904488 -1.796555281 0.006458777 -0.012887090 0.999896049 61.319660187
0.999975681 0.002919248 -0.006332300 1.128977776 -0.002841909 0.999921739 0.012188194 -1.782295227 0.006367384 -0.012169901 0.999905646 61.903282166
0.999970436 0.002576453 -0.007238878 1.182281852 -0.002488260 0.999922872 0.012165823 -1.805456638 0.007269665 -0.012147449 0.999899745 62.447834015
0.999968529 0.002763917 -0.007436183 1.234453917 -0.002671639 0.999919653 0.012390788 -1.833553433 0.007469834 -0.012370530 0.999895573 63.077377319
0.999959588 0.004236687 -0.007923689 1.295601130 -0.004139144 0.999915957 0.012286262 -1.782217145 0.007975076 -0.012252968 0.999893069 63.631122589
0.999974489 0.003539704 -0.006199777 1.151083589 -0.003459150 0.999910057 0.012956000 -1.824454069 0.006245080 -0.012934222 0.999896824 63.944057465
0.999971747 0.005272639 -0.005348115 1.190032721 -0.005207019 0.999911904 0.012210304 -1.834549546 0.005412024 -0.012182111 0.999911070 64.265815735
0.999971747 0.004816772 -0.005763981 1.218894720 -0.004748033 0.999918163 0.011880642 -1.838460207 0.005820735 -0.011852937 0.999912739 64.824493408
0.999974132 0.004624350 -0.005516576 1.210814834 -0.004554687 0.999910593 0.012574598 -1.856586695 0.005574232 -0.012549145 0.999905646 65.342094421
0.999971628 0.004706384 -0.005871826 1.236450195 -0.004633884 0.999913633 0.012300107 -1.859711647 0.005929209 -0.012272551 0.999907136 65.801856995
0.999969304 0.006005678 -0.005034295 1.199616551 -0.005949744 0.999921203 0.011052907 -1.839790821 0.005100278 -0.011022616 0.999926209 66.460411072
0.999970317 0.005158709 -0.005723753 1.271741629 -0.005088907 0.999913275 0.012143575 -1.876718760 0.005785902 -0.012114085 0.999909878 66.789802551
0.999970198 0.005344936 -0.005578047 1.289432883 -0.005277370 0.999913335 0.012058320 -1.895296097 0.005642015 -0.012028524 0.999911726 67.315216064
0.999966741 0.005366745 -0.006139536 1.300055385 -0.005293329 0.999915063 0.011912470 -1.891393185 0.006202946 -0.011879575 0.999910176 67.884086609
0.999969244 0.005191380 -0.005875764 1.305847645 -0.005118912 0.999911487 0.012282007 -1.913747668 0.005939005 -0.012251553 0.999907255 68.364082336
0.999969184 0.005119170 -0.005950865 1.319240093 -0.005046322 0.999912918 0.012192708 -1.924634695 0.006012764 -0.012162303 0.999907911 68.886840820
0.999968648 0.004713463 -0.006368070 1.324546218 -0.004637119 0.999917865 0.011950520 -1.927305460 0.006423876 -0.011920614 0.999908328 69.433555603
0.999968767 0.004962800 -0.006151279 1.345798850 -0.004887934 0.999914527 0.012126670 -1.953704119 0.006210936 -0.012096225 0.999907494 69.952369690
0.999968588 0.005424651 -0.005780614 1.352974892 -0.005352524 0.999908507 0.012420862 -1.966390371 0.005847465 -0.012389530 0.999906123 70.458824158
0.999969125 0.005513340 -0.005598480 1.356334448 -0.005445268 0.999911904 0.012102262 -1.974390268 0.005664711 -0.012071404 0.999911010 71.010505676
0.999967813 0.005812826 -0.005535997 1.376832485 -0.005745185 0.999909580 0.012157035 -1.988491774 0.005606164 -0.012124836 0.999910772 71.535591125
0.999963701 0.005928858 -0.006113149 1.427038193 -0.005849381 0.999899209 0.012937913 -2.035753489 0.006189240 -0.012901684 0.999897540 71.998489380
0.999965608 0.005452529 -0.006245865 1.439063549 -0.005371103 0.999901354 0.012980173 -2.042498827 0.006316023 -0.012946180 0.999896228 72.532310486
0.999966264 0.005573997 -0.006034844 1.445210099 -0.005493477 0.999896765 0.013277878 -2.054367542 0.006108233 -0.013244279 0.999893606 73.084976196
0.999965608 0.005553020 -0.006158954 1.452244282 -0.005472145 0.999899507 0.013071319 -2.065884352 0.006230921 -0.013037168 0.999895573 73.601417542
0.999966323 0.005222990 -0.006331923 1.471642137 -0.005140503 0.999902606 0.012974082 -2.075405121 0.006399069 -0.012941094 0.999895811 74.143020630
0.999965608 0.005578218 -0.006141766 1.485861540 -0.005498190 0.999900758 0.012970728 -2.085327387 0.006213509 -0.012936513 0.999897063 74.667098999
0.999964952 0.005596177 -0.006221930 1.479265690 -0.005512414 0.999895036 0.013399209 -2.109711647 0.006296261 -0.013364441 0.999890804 75.145950317
0.999967456 0.005543316 -0.005873529 1.475766659 -0.005464831 0.999896646 0.013295314 -2.109503269 0.005946622 -0.013262783 0.999894381 75.673934937
0.999963403 0.006170567 -0.005922168 1.507878304 -0.006088798 0.999887168 0.013727204 -2.139442444 0.006006205 -0.013690643 0.999888182 76.180969238
0.999962628 0.006438984 -0.005759179 1.519357800 -0.006361111 0.999889433 0.013439169 -2.149367332 0.005845078 -0.013402035 0.999893129 76.720138550
0.999964952 0.005948397 -0.005892784 1.536204576 -0.005868178 0.999891162 0.013538091 -2.156828880 0.005972673 -0.013503037 0.999890924 77.242607117
0.999961674 0.006395510 -0.005979072 1.544717431 -0.006313909 0.999888003 0.013568421 -2.168555021 0.006065179 -0.013530150 0.999890089 77.773422241
0.999962270 0.006679703 -0.005554064 1.554957867 -0.006607153 0.999893904 0.012979886 -2.174381733 0.005640177 -0.012942700 0.999900281 78.324333191
0.999969184 0.006541334 -0.004340290 1.573131800 -0.006482755 0.999889493 0.013376220 -2.190493822 0.004427309 -0.013347673 0.999901116 78.855270386
0.999973297 0.006721273 -0.002861076 1.590380549 -0.006682713 0.999889493 0.013279884 -2.205898046 0.002950018 -0.013260411 0.999907672 79.395965576
0.999973774 0.007047191 -0.001685403 1.605536580 -0.007024040 0.999885917 0.013368544 -2.222964287 0.001779422 -0.013356353 0.999909222 79.915397644
0.999977887 0.006586668 -0.000916837 1.615314364 -0.006573736 0.999887824 0.013457484 -2.229493380 0.001005375 -0.013451159 0.999909043 80.464721680
0.999974191 0.006795717 0.002333393 1.631496310 -0.006826148 0.999888361 0.013290643 -2.240922451 -0.002242813 -0.013306227 0.999908984 81.011466980
0.999957025 0.007271734 0.005751394 1.660363078 -0.007350240 0.999878407 0.013748642 -2.255006313 -0.005650720 -0.013790323 0.999888957 81.551055908
0.999952555 0.005964195 0.007710257 1.706732512 -0.006069648 0.999887407 0.013726581 -2.279816628 -0.007627521 -0.013772727 0.999876082 82.092559814
0.999891937 0.007144203 0.012844425 1.698771834 -0.007315560 0.999884129 0.013343843 -2.258143425 -0.012747607 -0.013436366 0.999828458 82.609756470
0.999818802 0.007010563 0.017695773 1.755727887 -0.007265374 0.999870241 0.014376626 -2.314293861 -0.017592687 -0.014502590 0.999740064 83.093879700
0.999695361 0.006413643 0.023832262 1.774586678 -0.006743564 0.999882162 0.013788963 -2.290146351 -0.023741018 -0.013945477 0.999620914 83.592910767
0.999533415 0.006902198 0.029757634 1.828782082 -0.007334548 0.999868751 0.014444461 -2.352918148 -0.029654030 -0.014655978 0.999452770 84.171127319
0.999239922 0.007927816 0.038166273 1.895744562 -0.008503171 0.999852240 0.014936309 -2.391665459 -0.038042217 -0.015249493 0.999159753 84.481361389
0.998906255 0.006605724 0.046288621 1.913589239 -0.007256502 0.999876916 0.013905217 -2.372810841 -0.046191081 -0.014225901 0.998831332 85.243782043
0.998556256 0.006200695 0.053356081 1.957114220 -0.006937170 0.999882996 0.013628909 -2.372827530 -0.053265326 -0.013979373 0.998482525 85.775329590
0.998045385 0.005830741 0.062220603 2.012290955 -0.006671224 0.999889195 0.013308920 -2.383851051 -0.062136099 -0.013697991 0.997973800 86.312835693
0.997375309 0.005878540 0.072167359 2.078041553 -0.006861226 0.999886930 0.013376395 -2.398991108 -0.072080575 -0.013836441 0.997302771 86.848503113
0.996683478 0.005599563 0.081182241 2.134279728 -0.006691955 0.999890566 0.013190209 -2.405792713 -0.081099518 -0.013689731 0.996611953 87.392234802
0.996028841 0.005358962 0.088869669 2.220682621 -0.006543131 0.999893606 0.013038813 -2.425442219 -0.088790335 -0.013568521 0.995957911 87.900833130
0.995032787 0.004981678 0.099422857 2.301410198 -0.006299628 0.999896348 0.012946458 -2.436064243 -0.099348061 -0.013508476 0.994960964 88.438232422
0.993957698 0.004438699 0.109673224 2.390377522 -0.005892950 0.999898911 0.012939281 -2.445765734 -0.109604694 -0.013507396 0.993883491 88.974540710
0.992887437 0.004488932 0.118971556 2.475013733 -0.006084760 0.999896288 0.013053671 -2.462783337 -0.118900619 -0.013684742 0.992811799 89.506599426
0.991479576 0.004904031 0.130169690 2.571321487 -0.006627597 0.999895930 0.012811013 -2.466587067 -0.130093291 -0.013564572 0.991408944 90.047531128
0.989784539 0.005107746 0.142479539 2.668371201 -0.006948240 0.999898672 0.012423052 -2.477550983 -0.142401651 -0.013286125 0.989719808 90.586074829
0.988149762 0.004644732 0.153423160 2.775518417 -0.006625781 0.999901116 0.012403535 -2.489864349 -0.153350398 -0.013273098 0.988082707 91.137367249
0.986576498 0.004585770 0.163235500 2.879945755 -0.006675417 0.999902606 0.012255210 -2.494202137 -0.163163409 -0.013180368 0.986511111 91.692222595
0.984516382 0.004328019 0.175239027 3.002471924 -0.006566969 0.999904037 0.012198673 -2.509666920 -0.175169408 -0.013160586 0.984450340 92.210838318
0.982243776 0.003782050 0.187570646 3.126296043 -0.006127967 0.999910176 0.011928567 -2.514329433 -0.187508687 -0.012866191 0.982178688 92.745262146
0.980128944 0.003679628 0.198327288 3.255285263 -0.006111309 0.999913454 0.011650242 -2.520589828 -0.198267251 -0.012630780 0.980066597 93.282821655
0.977381170 0.003198054 0.211461261 3.394025803 -0.005733835 0.999918818 0.011379613 -2.530106306 -0.211407691 -0.012334703 0.977320135 93.817337036
0.974464774 0.002567837 0.224525511 3.544250488 -0.005322559 0.999917805 0.011664690 -2.542140245 -0.224477112 -0.012561882 0.974398375 94.336952209
0.971878290 0.001676074 0.235477850 3.701812744 -0.004519171 0.999923289 0.011534578 -2.554360867 -0.235440463 -0.012274370 0.971811295 94.871994019
0.968662500 0.001629994 0.248375431 3.870231628 -0.004659289 0.999921679 0.011609086 -2.562761784 -0.248337075 -0.012402539 0.968594253 95.445320129
0.965005636 0.001262094 0.262226164 4.044534683 -0.004557129 0.999918103 0.011957859 -2.582732201 -0.262189656 -0.012734402 0.964932263 95.946166992
0.961599886 0.000921642 0.274453461 4.225450516 -0.004249850 0.999924481 0.011532319 -2.595364571 -0.274422020 -0.012255861 0.961531222 96.462890625
0.958516300 0.000135226 0.285037488 4.417058945 -0.003654606 0.999923468 0.011815233 -2.617744684 -0.285014063 -0.012366793 0.958443522 96.948509216
0.954215348 0.000435721 0.299120039 4.606081009 -0.004210508 0.999919355 0.011975273 -2.629798412 -0.299090832 -0.012686437 0.954140246 97.466606140
0.949775815 -0.000106996 0.312931120 4.808425903 -0.003885163 0.999918818 0.012133725 -2.644839764 -0.312907100 -0.012740109 0.949698329 97.971336365
0.946029007 -0.000486078 0.324081630 5.012203217 -0.003641685 0.999919772 0.012130213 -2.652654171 -0.324061543 -0.012655737 0.945951343 98.500228882
0.941449046 -0.000494773 0.337154895 5.216314316 -0.003815981 0.999919176 0.012122864 -2.668735027 -0.337133706 -0.012699635 0.941371143 99.011680603
0.936357915 -0.000986367 0.351045281 5.441335678 -0.003495372 0.999920309 0.012132933 -2.676137924 -0.351029217 -0.012587800 0.936280012 99.537391663
0.931610405 -0.001288373 0.363456041 5.659976959 -0.003419885 0.999918401 0.012310341 -2.687886238 -0.363442212 -0.012711418 0.931529999 100.044830322
0.926929474 -0.001355190 0.375233084 5.881172180 -0.003501775 0.999918699 0.012261653 -2.700007677 -0.375219196 -0.012679672 0.926849365 100.539962769
0.921114922 -0.001482175 0.389287829 6.125720978 -0.003433179 0.999922872 0.011930537 -2.702235222 -0.389275551 -0.012325892 0.921038866 101.062896729
0.915917039 -0.002707918 0.401358485 6.377826691 -0.002236016 0.999927282 0.011849076 -2.708404541 -0.401361376 -0.011750216 0.915844381 101.554107666
0.911171436 -0.002984791 0.412016630 6.631263733 -0.001982011 0.999930441 0.011627039 -2.724070072 -0.412022710 -0.011410850 0.911102057 102.048950195
0.905601323 -0.003620522 0.424114466 6.893573761 -0.001548295 0.999928653 0.011842087 -2.737283230 -0.424127042 -0.011380866 0.905531168 102.540977478
0.899288535 -0.004069253 0.437336773 7.157051086 -0.001252321 0.999928653 0.011879086 -2.752714634 -0.437353820 -0.011230413 0.899219334 103.010627747
0.893645167 -0.004928164 0.448747218 7.435729980 -0.000422981 0.999929965 0.011823613 -2.760962009 -0.448774070 -0.010755925 0.893580496 103.497940063
0.888005674 -0.005727667 0.459796846 7.705314636 0.000327715 0.999930024 0.011823166 -2.767756939 -0.459832340 -0.010348356 0.887945414 103.975242615
0.880975842 -0.005620089 0.473127753 7.994445801 0.000120539 0.999932110 0.011653335 -2.783012629 -0.473161072 -0.010209274 0.880916774 104.445114136
0.873897135 -0.006014112 0.486073524 8.287635803 0.000452361 0.999933064 0.011558732 -2.790414810 -0.486110538 -0.009881262 0.873841465 104.916595459
0.868435979 -0.007540866 0.495743990 8.597496033 0.002156710 0.999932349 0.011432093 -2.798475266 -0.495796591 -0.008858865 0.868393481 105.392768860
