1.000000000 0.000000000 0.000000000 0.000000000 0.000000000 1.000000000 0.000000000 0.000000000 0.000000000 0.000000000 1.000000000 0.000000000
1.000000000 0.000022694 -0.000021273 0.000444024 -0.000022695 1.000000000 -0.000038031 0.000772573 0.000021272 0.000038031 1.000000000 0.000389149
1.000000000 0.000027604 0.000033132 -0.000056429 -0.000027606 1.000000000 0.000036469 0.000067035 -0.000033131 -0.000036470 1.000000000 0.000086183
1.000000000 -0.000128995 0.000060221 -0.000078516 0.000128996 1.000000000 -0.000024196 0.000755519 -0.000060218 0.000024204 1.000000000 0.000119869
1.000000000 -0.000119241 0.000031690 -0.000100622 0.000119241 1.000000000 0.000020638 -0.000085886 -0.000031693 -0.000020634 1.000000000 -0.000564972
1.000000000 0.000027105 0.000119595 -0.000472243 -0.000027102 1.000000000 -0.000028289 0.000830004 -0.000119596 0.000028286 1.000000000 0.000064765
1.000000000 -0.000085968 0.000075363 0.000130806 0.000085968 1.000000000 -0.000006328 0.000498729 -0.000075362 0.000006335 1.000000000 0.000229531
1.000000000 0.000003161 0.000068672 -0.000545991 -0.000003167 1.000000000 0.000084172 -0.000070938 -0.000068671 -0.000084173 1.000000000 -0.000087887
1.000000000 -0.000012861 -0.000005129 -0.000738567 0.000012861 1.000000000 -0.000061928 -0.000166127 0.000005130 0.000061928 1.000000000 -0.001094374
1.000000000 -0.000046238 0.000080952 -0.000088823 0.000046235 1.000000000 0.000040911 -0.000724685 -0.000080954 -0.000040908 1.000000000 -0.000410557
1.000000000 0.000072026 0.000053061 -0.000834145 -0.000072029 1.000000000 0.000056691 -0.000900452 -0.000053056 -0.000056695 1.000000000 -0.000636316
1.000000000 -0.000032674 0.000074730 -0.001076423 0.000032671 1.000000000 0.000041443 -0.000379356 -0.000074731 -0.000041441 1.000000000 -0.000981817
1.000000000 0.000053409 0.000033275 -0.000812234 -0.000053406 1.000000000 -0.000075492 -0.000338735 -0.000033279 0.000075490 1.000000000 -0.001540919
1.000000000 0.000042949 0.000069554 -0.000992766 -0.000042947 1.000000000 -0.000028479 0.000497355 -0.000069556 0.000028476 1.000000000 0.000294791
1.000000000 0.000029219 0.000047727 -0.000965593 -0.000029214 1.000000000 -0.000116172 0.001252205 -0.000047731 0.000116171 1.000000000 0.000888733
1.000000000 -0.000010795 -0.000031565 0.000329647 0.000010793 1.000000000 -0.000073886 0.001262620 0.000031565 0.000073886 1.000000000 0.001313539
1.000000000 0.000078107 0.000104420 -0.000974404 -0.000078091 1.000000000 -0.000154782 0.002300271 -0.000104432 0.000154774 1.000000000 0.002561413
1.000000000 0.000147154 0.000081378 -0.001308183 -0.000147141 1.000000000 -0.000159361 0.001885985 -0.000081401 0.000159349 1.000000000 0.001670408
1.000000000 0.000170794 0.000151269 -0.001405482 -0.000170780 1.000000000 -0.000090166 0.002004033 -0.000151284 0.000090141 1.000000000 0.002400623
1.000000000 0.000091276 0.000150058 -0.001393690 -0.000091262 1.000000000 -0.000092078 0.000981644 -0.000150067 0.000092064 1.000000000 0.001280073
1.000000000 0.000033456 0.000074751 -0.001073656 -0.000033454 1.000000000 -0.000029923 0.000363821 -0.000074752 0.000029920 1.000000000 0.000738294
1.000000000 0.000157756 0.000052294 -0.000789022 -0.000157755 1.000000000 -0.000027603 0.001286464 -0.000052299 0.000027595 1.000000000 0.000938724
1.000000000 0.000108613 0.000014291 -0.000633816 -0.000108612 1.000000000 -0.000081842 0.001365450 -0.000014299 0.000081840 1.000000000 0.002168957
1.000000000 0.000106646 0.000085874 -0.001225253 -0.000106640 1.000000000 -0.000071694 0.001698564 -0.000085881 0.000071684 1.000000000 0.002475243
0.999999940 0.000328413 0.000034981 -0.001074536 -0.000328410 0.999999940 -0.000060665 0.002323629 -0.000035001 0.000060654 1.000000000 0.003684815
0.999999940 0.000238251 0.000106138 -0.001519022 -0.000238244 0.999999940 -0.000065246 0.002204065 -0.000106153 0.000065220 1.000000000 0.001894662
1.000000000 0.000049013 0.000101310 -0.000475762 -0.000049005 1.000000000 -0.000071629 0.002441188 -0.000101313 0.000071624 1.000000000 0.002976451
1.000000000 0.000139357 0.000182174 -0.001843158 -0.000139350 1.000000000 -0.000042482 0.001579330 -0.000182180 0.000042456 1.000000000 0.002289742
1.000000000 0.000149334 0.000061431 -0.001217660 -0.000149329 1.000000000 -0.000073963 0.002242388 -0.000061442 0.000073954 1.000000000 0.002128750
1.000000000 0.000048037 0.000085479 -0.001555854 -0.000048033 1.000000000 -0.000046066 0.000951235 -0.000085481 0.000046061 1.000000000 0.001660217
0.999999940 0.000139715 0.000200748 -0.001853316 -0.000139714 1.000000000 -0.000008400 0.001065364 -0.000200749 0.000008372 1.000000000 0.002029073
1.000000000 0.000110254 0.000184204 -0.001370855 -0.000110241 1.000000000 -0.000070373 0.002087065 -0.000184212 0.000070352 1.000000000 0.003724301
1.000000000 0.000207046 0.000098821 -0.000895292 -0.000207025 0.999999940 -0.000211565 0.003328558 -0.000098864 0.000211545 1.000000000 0.003798600
1.000000000 0.000081889 0.000132421 -0.000851198 -0.000081876 1.000000000 -0.000098137 0.001665881 -0.000132429 0.000098126 1.000000000 0.001882074
0.999999940 0.000204643 0.000184305 -0.002499109 -0.000204615 0.999999940 -0.000152354 0.002099427 -0.000184336 0.000152316 1.000000000 0.002563528
1.000000000 0.000150233 0.000178871 -0.001730687 -0.000150219 1.000000000 -0.000082889 0.000967930 -0.000178883 0.000082862 1.000000000 0.001472320
1.000000000 0.000091214 0.000044344 -0.002018505 -0.000091215 1.000000000 0.000020962 0.000460776 -0.000044342 -0.000020966 1.000000000 0.000264235
1.000000000 0.000137643 0.000083571 -0.001433951 -0.000137640 1.000000000 -0.000034516 0.001905587 -0.000083576 0.000034504 1.000000000 0.002282221
0.999999940 0.000208080 0.000188878 -0.001996287 -0.000208066 1.000000000 -0.000075509 0.001900748 -0.000188894 0.000075470 1.000000000 0.001811121
1.000000000 0.000209327 0.000125493 -0.000928086 -0.000209314 1.000000000 -0.000102105 0.002931717 -0.000125514 0.000102079 1.000000000 0.003218583
1.000000000 0.000005988 0.000065026 0.000316532 -0.000005982 1.000000000 -0.000098267 0.000879911 -0.000065027 0.000098266 1.000000000 0.002609309
0.999999762 0.000533402 0.000153433 -0.000075552 -0.000533305 0.999999642 -0.000630958 -0.001362185 -0.000153769 0.000630876 0.999999702 0.052677862
0.999999821 0.000424672 0.000189952 0.001484684 -0.000424431 0.999999046 -0.001267142 -0.002257945 -0.000190490 0.001267061 0.999999106 0.142375678
0.999999702 0.000593710 0.000435499 0.001829782 -0.000593169 0.999999046 -0.001240346 -0.005147433 -0.000436235 0.001240087 0.999999106 0.257284164
0.999999702 0.000557593 0.000451893 0.005117936 -0.000557040 0.999999046 -0.001222599 -0.008011235 -0.000452575 0.001222347 0.999999166 0.389629185
0.999999702 0.000595069 0.000429954 0.006314778 -0.000594642 0.999999344 -0.000993613 -0.011294772 -0.000430545 0.000993357 0.999999404 0.533904135
0.999999881 0.000313952 0.000352450 0.013129110 -0.000313718 0.999999702 -0.000664847 -0.022370908 -0.000352658 0.000664736 0.999999702 0.684971571
1.000000000 0.000027881 0.000332324 0.020107817 -0.000027708 0.999999881 -0.000521361 -0.025842046 -0.000332339 0.000521352 0.999999821 0.846254230
0.999999762 0.000635677 0.000329154 0.018003928 -0.000635514 0.999999702 -0.000497581 -0.027563654 -0.000329470 0.000497372 0.999999821 1.020496488
0.999999583 0.000821974 0.000296059 0.022236178 -0.000821876 0.999999642 -0.000330697 -0.033131495 -0.000296330 0.000330453 0.999999940 1.195929170
0.999999583 0.000835200 0.000403488 0.027613832 -0.000835191 0.999999642 -0.000021229 -0.042004138 -0.000403505 0.000020892 0.999999940 1.377930164
0.999999583 0.000855634 0.000207323 0.032247771 -0.000855605 0.999999583 -0.000141383 -0.044573978 -0.000207444 0.000141206 0.999999940 1.571460247
0.999999702 0.000696640 0.000244250 0.036715105 -0.000696662 0.999999762 0.000088728 -0.054214776 -0.000244188 -0.000088899 0.999999940 1.780489206
0.999999464 0.000918830 0.000485568 0.035449006 -0.000919086 0.999999464 0.000527907 -0.061917521 -0.000485082 -0.000528353 0.999999762 1.972200990
0.999999821 0.000370701 0.000507654 0.041179180 -0.000371097 0.999999642 0.000779665 -0.071786568 -0.000507365 -0.000779853 0.999999583 2.178345203
0.999999702 0.000613048 0.000444939 0.043687288 -0.000613303 0.999999583 0.000572841 -0.073795944 -0.000444588 -0.000573113 0.999999762 2.395027637
0.999999404 0.000869759 0.000540104 0.047137044 -0.000870014 0.999999464 0.000472097 -0.078974061 -0.000539693 -0.000472567 0.999999762 2.619406462
0.999999821 0.000373476 0.000424548 0.056371327 -0.000373708 0.999999702 0.000546840 -0.083597794 -0.000424344 -0.000546999 0.999999762 2.848305464
0.999999821 0.000358631 0.000465471 0.062779345 -0.000358962 0.999999642 0.000710941 -0.087941915 -0.000465215 -0.000711108 0.999999642 3.095286608
0.999998748 0.001442657 0.000589321 0.063382648 -0.001443108 0.999998689 0.000767018 -0.102499828 -0.000588214 -0.000767868 0.999999464 3.315460682
0.999999583 0.000801217 0.000370431 0.069459446 -0.000801422 0.999999523 0.000554812 -0.098338701 -0.000369986 -0.000555108 0.999999762 3.574887514
0.999999106 0.001163719 0.000546389 0.073081709 -0.001164013 0.999999166 0.000537404 -0.104178242 -0.000545763 -0.000538039 0.999999702 3.838345289
0.999999881 0.000500077 0.000465564 0.077565685 -0.000500406 0.999999642 0.000707739 -0.115995824 -0.000465210 -0.000707972 0.999999642 4.091442585
0.999999523 0.000854320 0.000559035 0.083313406 -0.000854762 0.999999344 0.000791469 -0.121053062 -0.000558359 -0.000791946 0.999999523 4.350290775
0.999999642 0.000494982 0.000664789 0.084969297 -0.000495416 0.999999702 0.000654032 -0.126210779 -0.000664465 -0.000654362 0.999999523 4.613361359
0.999998510 0.001592811 0.000598684 0.090306625 -0.001593165 0.999998569 0.000590763 -0.135932192 -0.000597742 -0.000591716 0.999999583 4.860538960
0.999998629 0.001581322 0.000530670 0.097169831 -0.001581901 0.999998152 0.001091121 -0.145328671 -0.000528944 -0.001091959 0.999999285 5.119472504
0.999998152 0.001699077 0.000825581 0.099605374 -0.001699609 0.999998331 0.000644449 -0.151318505 -0.000824485 -0.000645851 0.999999404 5.384969711
0.999998927 0.001202416 0.000754593 0.107681923 -0.001203096 0.999998987 0.000900977 -0.152677938 -0.000753509 -0.000901883 0.999999285 5.661477566
0.999999225 0.001138088 0.000709072 0.108027041 -0.001138488 0.999999106 0.000564981 -0.162848562 -0.000708429 -0.000565788 0.999999583 5.925235748
0.999998629 0.001436280 0.000857821 0.114190161 -0.001436888 0.999998689 0.000708649 -0.168670833 -0.000856802 -0.000709881 0.999999404 6.213196754
0.999998152 0.001628107 0.000982307 0.121392377 -0.001628751 0.999998450 0.000655328 -0.171971306 -0.000981239 -0.000656927 0.999999344 6.508840084
0.999999046 0.000958162 0.000960688 0.121439070 -0.000959129 0.999999046 0.001006266 -0.188320234 -0.000959723 -0.001007186 0.999999046 6.781241417
0.999998629 0.001411373 0.000893013 0.132920533 -0.001412172 0.999998629 0.000895256 -0.193209484 -0.000891748 -0.000896516 0.999999225 7.083640575
0.999998093 0.001614914 0.001040944 0.136620954 -0.001616279 0.999997854 0.001312745 -0.207057953 -0.001038822 -0.001314425 0.999998510 7.379927635
0.999998093 0.001604878 0.001018190 0.141499132 -0.001605865 0.999998271 0.000969057 -0.213676095 -0.001016633 -0.000970691 0.999998927 7.686761856
0.999998212 0.001463802 0.001206284 0.147511393 -0.001464858 0.999998510 0.000875667 -0.219505057 -0.001205001 -0.000877432 0.999998808 8.008854866
0.999997854 0.001535033 0.001334069 0.149567693 -0.001536397 0.999998271 0.001021781 -0.230524704 -0.001332498 -0.001023828 0.999998510 8.334568977
0.999998212 0.001374615 0.001284305 0.159102082 -0.001375711 0.999998689 0.000852910 -0.240002424 -0.001283131 -0.000854676 0.999998748 8.658996582
0.999996901 0.001560200 0.001906030 0.156089365 -0.001562908 0.999997795 0.001419972 -0.253775656 -0.001903811 -0.001422947 0.999997199 8.989140511
0.999996901 0.001742429 0.001782493 0.165017977 -0.001745013 0.999997437 0.001449387 -0.266234517 -0.001779963 -0.001452493 0.999997318 9.331036568
0.999996066 0.002019367 0.001961545 0.171965703 -0.002021826 0.999997318 0.001252836 -0.275913686 -0.001959009 -0.001256797 0.999997258 9.663677216
0.999997318 0.001555715 0.001753101 0.186592922 -0.001558151 0.999997854 0.001388913 -0.283551186 -0.001750936 -0.001391641 0.999997497 10.003172874
0.999995410 0.002427045 0.001877216 0.185532987 -0.002429326 0.999996245 0.001213888 -0.293503731 -0.001874263 -0.001218443 0.999997497 10.377454758
0.999995291 0.002198909 0.002134360 0.190876216 -0.002202376 0.999996364 0.001623795 -0.305070400 -0.002130781 -0.001628488 0.999996424 10.736457825
0.999996483 0.001841801 0.001894423 0.197709054 -0.001844980 0.999996901 0.001678050 -0.312076449 -0.001891326 -0.001681539 0.999996841 11.113572121
0.999997258 0.001736495 0.001574841 0.209677204 -0.001738680 0.999997556 0.001386629 -0.324179381 -0.001572429 -0.001389363 0.999997795 11.486701012
0.999997139 0.001757915 0.001619015 0.220994949 -0.001760219 0.999997437 0.001422768 -0.333337516 -0.001616510 -0.001425613 0.999997675 11.875896454
0.999996006 0.001901235 0.002079364 0.226826310 -0.001904557 0.999996901 0.001596770 -0.345279604 -0.002076322 -0.001600724 0.999996603 12.263075829
0.999994218 0.002511071 0.002295017 0.231504127 -0.002514462 0.999995768 0.001475286 -0.355410635 -0.002291303 -0.001481048 0.999996245 12.643981934
0.999994755 0.002414630 0.002151964 0.241941541 -0.002418216 0.999995828 0.001665446 -0.367237628 -0.002147933 -0.001670641 0.999996305 13.048511505
0.999995649 0.001750019 0.002380603 0.251429617 -0.001753243 0.999997556 0.001352477 -0.377022028 -0.002378230 -0.001356644 0.999996245 13.446131706
0.999992728 0.002486071 0.002894007 0.251597852 -0.002490208 0.999995887 0.001426858 -0.387354046 -0.002890448 -0.001434054 0.999994755 13.836338997
0.999993622 0.002214444 0.002800607 0.269828767 -0.002219747 0.999995768 0.001891887 -0.401035368 -0.002796406 -0.001898091 0.999994218 14.266206741
0.999990821 0.002673193 0.003323595 0.274819225 -0.002679476 0.999994695 0.001887378 -0.416581661 -0.003318531 -0.001896267 0.999992728 14.681712151
0.999989986 0.002985994 0.003324450 0.286919057 -0.002991807 0.999993920 0.001744900 -0.418754011 -0.003319220 -0.001754828 0.999992907 15.123529434
0.999986470 0.003240553 0.004069065 0.285464883 -0.003247506 0.999993265 0.001703586 -0.433581233 -0.004063517 -0.001716777 0.999990284 15.567872047
0.999988556 0.002531567 0.004043846 0.296909809 -0.002538297 0.999995410 0.001660110 -0.452083081 -0.004039626 -0.001670355 0.999990463 15.978411674
0.999984562 0.003230090 0.004515275 0.307617247 -0.003236542 0.999993742 0.001422334 -0.458926708 -0.004510654 -0.001436926 0.999988735 16.439363480
0.999983847 0.003329273 0.004608353 0.315363437 -0.003334102 0.999993920 0.001040669 -0.469589502 -0.004604860 -0.001056017 0.999988794 16.886632919
0.999977410 0.003875939 0.005494745 0.322190404 -0.003889171 0.999989688 0.002399567 -0.497202575 -0.005485389 -0.002420883 0.999981940 17.349973679
0.999983668 0.002623324 0.005078151 0.330726385 -0.002638595 0.999992013 0.003002865 -0.517554641 -0.005070233 -0.003016215 0.999982595 17.784702301
0.999985158 0.002146369 0.005023901 0.347283304 -0.002160237 0.999993861 0.002756786 -0.528300166 -0.005017953 -0.002767597 0.999983609 18.251459122
0.999986887 0.001534667 0.004885326 0.364234000 -0.001546905 0.999995649 0.002502284 -0.534209549 -0.004881465 -0.002509808 0.999984980 18.732189178
0.999978125 0.001537370 0.006436673 0.371862292 -0.001554314 0.999995351 0.002628162 -0.538659394 -0.006432602 -0.002638109 0.999975860 19.203464508
0.999970555 0.003370994 0.006897230 0.382041633 -0.003381090 0.999993205 0.001452544 -0.537354767 -0.006892286 -0.001475821 0.999975145 19.689004898
0.999970973 0.003545903 0.006747268 0.388347149 -0.003555406 0.999992609 0.001396937 -0.548666418 -0.006742265 -0.001420886 0.999976277 20.179033279
0.999962330 0.005087889 0.007034397 0.346143752 -0.005104090 0.999984384 0.002286937 -0.519955516 -0.007022651 -0.002322755 0.999972641 20.629465103
0.999968112 0.004837798 0.006348004 0.361364216 -0.004851629 0.999985874 0.002165054 -0.536648870 -0.006337440 -0.002195783 0.999977529 21.124711990
0.999979496 0.002842856 0.005733192 0.401529670 -0.002856607 0.999993026 0.002391746 -0.587844789 -0.005726352 -0.002408074 0.999980688 21.646505356
0.999978423 0.003788456 0.005364766 0.354501307 -0.003802954 0.999989092 0.002694877 -0.596308470 -0.005354499 -0.002715221 0.999981999 22.060981750
0.999979973 0.003895244 0.004977073 0.368083686 -0.003907582 0.999989331 0.002471896 -0.607394218 -0.004967391 -0.002491295 0.999984562 22.581201553
0.999977231 0.004710249 0.004829516 0.434156299 -0.004722619 0.999985576 0.002553127 -0.541789293 -0.004817420 -0.002575877 0.999985099 22.905626297
0.999982655 0.004409749 0.003911656 0.491331369 -0.004420198 0.999986589 0.002666727 -0.592529416 -0.003899845 -0.002683971 0.999988794 23.453325272
0.999987006 0.003569628 0.003640135 0.495276570 -0.003578173 0.999990761 0.002343694 -0.610938311 -0.003631736 -0.002356689 0.999990642 23.974142075
0.999983370 0.004751567 0.003275452 0.449368000 -0.004760790 0.999984622 0.002813654 -0.630150795 -0.003262033 -0.002829201 0.999990702 24.407270432
0.999989390 0.003719802 0.002724567 0.437837064 -0.003727885 0.999988616 0.002967735 -0.647539020 -0.002713497 -0.002977860 0.999991894 24.935745239
0.999981105 0.005490587 0.002772841 0.462581158 -0.005499584 0.999979615 0.003247448 -0.676825464 -0.002754954 -0.003262636 0.999990880 25.458028793
0.999983966 0.005373948 0.001766859 0.479961246 -0.005379782 0.999979973 0.003312989 -0.676236928 -0.001749019 -0.003322441 0.999992967 26.084957123
0.999983370 0.005374269 0.002065381 0.473674089 -0.005381102 0.999979973 0.003317145 -0.700544238 -0.002047512 -0.003328204 0.999992371 26.597635269
0.999991655 0.003888354 0.001274330 0.413722575 -0.003893445 0.999984324 0.004017910 -0.816801608 -0.001258687 -0.004022838 0.999991119 27.079256058
0.999988973 0.004542742 0.001156855 0.422701865 -0.004547047 0.999982595 0.003746659 -0.828400731 -0.001139815 -0.003751878 0.999992311 27.637016296
0.999977410 0.006315395 0.002311628 0.339713335 -0.006322613 0.999975085 0.003128507 -0.731067657 -0.002291813 -0.003143052 0.999992430 28.158922195
0.999986112 0.004962930 0.001769804 0.354868621 -0.004970027 0.999979556 0.004027788 -0.797635734 -0.001749779 -0.004036528 0.999990344 28.803239822
0.999990761 0.004280204 -0.000382465 0.600892544 -0.004278106 0.999976575 0.005327529 -0.983752370 0.000405259 -0.005325843 0.999985754 29.478136063
0.999983728 0.005691774 -0.000448124 0.550955474 -0.005689245 0.999968946 0.005458755 -0.971403718 0.000479181 -0.005456116 0.999984980 30.038711548
0.999975741 0.006961101 -0.000260048 0.576423764 -0.006959661 0.999962389 0.005180839 -0.971449852 0.000296102 -0.005178904 0.999986470 30.648813248
0.999971569 0.007529649 -0.000239385 0.526465237 -0.007528508 0.999961734 0.004453524 -0.951344788 0.000272910 -0.004451595 0.999990046 31.277452469
0.999965370 0.008286210 -0.000664024 0.534616411 -0.008283456 0.999957502 0.004046866 -0.956415772 0.000697529 -0.004041226 0.999991596 31.831212997
0.999972820 0.007277662 -0.001176972 0.602939844 -0.007272518 0.999964237 0.004318519 -0.948186636 0.001208358 -0.004309842 0.999989986 32.372112274
0.999970376 0.007411876 -0.002072057 0.607974648 -0.007401702 0.999960780 0.004874516 -0.964033246 0.002108104 -0.004859034 0.999985993 32.916225433
0.999954164 0.009561617 -0.000659818 0.509313345 -0.009558598 0.999944389 0.004440163 -0.960669041 0.000702237 -0.004433652 0.999989927 33.337799072
0.999979973 0.005926877 -0.002192810 0.635673523 -0.005916007 0.999970317 0.004931143 -1.004484177 0.002221972 -0.004918072 0.999985456 34.015567780
0.999983072 0.005238404 -0.002506571 0.648702741 -0.005226491 0.999975145 0.004736016 -1.015211582 0.002531318 -0.004722835 0.999985635 34.545486450
0.999979675 0.005795534 -0.002631689 0.656003475 -0.005783658 0.999973118 0.004498127 -1.030960798 0.002657687 -0.004482815 0.999986470 35.080188751
0.999983072 0.004976441 -0.003002812 0.668327868 -0.004962109 0.999976456 0.004761803 -1.033536196 0.003026437 -0.004746823 0.999984145 35.637943268
0.999980092 0.005618542 -0.002856403 0.670387745 -0.005604393 0.999972165 0.004937805 -1.041564465 0.002884067 -0.004921698 0.999983668 36.187763214
0.999979794 0.005630383 -0.002951292 0.689603686 -0.005617668 0.999974906 0.004299061 -1.064073920 0.002975423 -0.004282394 0.999986410 36.748386383
0.999976575 0.006019502 -0.003254578 0.692634702 -0.006005160 0.999972284 0.004399243 -1.076395035 0.003280969 -0.004379596 0.999985039 37.308208466
0.999974132 0.006118024 -0.003778106 0.705986321 -0.006102794 0.999973297 0.004029640 -1.086813688 0.003802659 -0.004006478 0.999984801 37.863513947
0.999979973 0.005256399 -0.003517421 0.704047680 -0.005241391 0.999977112 0.004262889 -1.105001092 0.003539749 -0.004244368 0.999984741 38.388263702
0.999980927 0.004953701 -0.003679404 0.712738633 -0.004937968 0.999978662 0.004272834 -1.116693377 0.003700491 -0.004254584 0.999984145 38.939552307
0.999978364 0.005176513 -0.004084573 0.736948371 -0.005158923 0.999977410 0.004305670 -1.126903534 0.004106769 -0.004284504 0.999982417 39.484630585
0.999979436 0.004890548 -0.004130295 0.735291004 -0.004873107 0.999979198 0.004222338 -1.140711427 0.004150859 -0.004202125 0.999982476 40.025680542
0.999977529 0.005494407 -0.003873499 0.741752326 -0.005476810 0.999974728 0.004539185 -1.159684658 0.003898342 -0.004517868 0.999982178 40.571510315
0.999975383 0.005594745 -0.004232725 0.752059579 -0.005578116 0.999976695 0.003930182 -1.170922637 0.004254614 -0.003906475 0.999983251 41.113834381
0.999974787 0.005993318 -0.003786368 0.744171917 -0.005977391 0.999973238 0.004203788 -1.183155298 0.003811461 -0.004181050 0.999983966 41.650699615
0.999975085 0.005750672 -0.004088841 0.755639315 -0.005735602 0.999976754 0.003687953 -1.189913750 0.004109954 -0.003664409 0.999984860 42.197502136
0.999975860 0.005871286 -0.003706341 0.765177786 -0.005858066 0.999976456 0.003567723 -1.202249169 0.003727201 -0.003545926 0.999986827 42.747100830
0.999975443 0.005973672 -0.003658948 0.770311594 -0.005958953 0.999974132 0.004020656 -1.224213839 0.003682872 -0.003998754 0.999985218 43.304771423
0.999971092 0.006681908 -0.003665871 0.784373343 -0.006667813 0.999970376 0.003843865 -1.232818723 0.003691446 -0.003819310 0.999985874 43.855121613
0.999968529 0.007263392 -0.003216297 0.791935563 -0.007251382 0.999966741 0.003730428 -1.242617726 0.003243286 -0.003706988 0.999987841 44.407951355
0.999972641 0.006414135 -0.003685803 0.806170642 -0.006399058 0.999971092 0.004088040 -1.263721704 0.003711918 -0.004064342 0.999984860 44.937675476
0.999973118 0.006515421 -0.003368123 0.812237144 -0.006502523 0.999971509 0.003826160 -1.272907972 0.003392956 -0.003804156 0.999987006 45.499980927
0.999970496 0.007023677 -0.003126100 0.816256225 -0.007012738 0.999969244 0.003496755 -1.282249570 0.003150564 -0.003474729 0.999989033 46.043388367
0.999968767 0.007289853 -0.003049913 0.824689329 -0.007278321 0.999966323 0.003775545 -1.306676388 0.003077334 -0.003753230 0.999988198 46.579490662
0.999969125 0.006789077 -0.003955965 0.846139669 -0.006773352 0.999969304 0.003974977 -1.315009832 0.003982830 -0.003948060 0.999984264 47.131591797
0.999968350 0.006936353 -0.003892273 0.835766077 -0.006927384 0.999973297 0.002313480 -1.308238029 0.003908216 -0.002286443 0.999989748 47.698471069
0.999967873 0.007119122 -0.003697089 0.840436399 -0.007111205 0.999972403 0.002150197 -1.321089387 0.003712294 -0.002123837 0.999990821 48.244598389
0.999964058 0.007941884 -0.002976823 0.853371739 -0.007932048 0.999963105 0.003301527 -1.353452325 0.003002934 -0.003277797 0.999990106 48.782379150
0.999959826 0.008280561 -0.003414710 0.870055795 -0.008267513 0.999958515 0.003817247 -1.381435394 0.003446177 -0.003788863 0.999986887 49.320346832
0.999957561 0.008567124 -0.003383121 0.886621296 -0.008553340 0.999955118 0.004067534 -1.396563888 0.003417817 -0.004038424 0.999986053 49.865921021
0.999949992 0.009643364 -0.002647445 0.879924536 -0.009633040 0.999945998 0.003885398 -1.412284255 0.002684770 -0.003859701 0.999988973 50.422138214
0.999952495 0.009324320 -0.002831285 0.891281128 -0.009313874 0.999949872 0.003680245 -1.427593827 0.002865459 -0.003653699 0.999989212 50.949745178
0.999949276 0.009607110 -0.003008603 0.904913425 -0.009596147 0.999947488 0.003637277 -1.440996170 0.003043389 -0.003608223 0.999988854 51.540138245
0.999957860 0.008528655 -0.003377743 0.913813531 -0.008515541 0.999956250 0.003877927 -1.452204227 0.003410670 -0.003849000 0.999986768 52.079952240
0.999953389 0.009219253 -0.002856306 0.916774273 -0.009208631 0.999950707 0.003709921 -1.463743210 0.002890368 -0.003683446 0.999989033 52.625617981
0.999960661 0.008316210 -0.003076116 0.924581885 -0.008304769 0.999958575 0.003712902 -1.475119829 0.003106866 -0.003687209 0.999988377 53.157604218
0.999952972 0.009222196 -0.002992664 0.937250733 -0.009211750 0.999951482 0.003485351 -1.486830473 0.003024662 -0.003457620 0.999989450 53.704952240
0.999950945 0.009665498 -0.002131640 0.936600924 -0.009658497 0.999948025 0.003269691 -1.508344412 0.002163132 -0.003248942 0.999992371 54.221660614
0.999949276 0.009775662 -0.002430225 0.944310904 -0.009768046 0.999947429 0.003126537 -1.516498089 0.002460661 -0.003102640 0.999992132 54.774356842
0.999954104 0.009232008 -0.002542019 0.953938007 -0.009225939 0.999954581 0.002388078 -1.520771623 0.002563950 -0.002364516 0.999993861 55.330581665
0.999957800 0.008804492 -0.002602770 0.968931735 -0.008798036 0.999958217 0.002480604 -1.537659287 0.002624501 -0.002457600 0.999993563 55.859279633
0.999950171 0.009632314 -0.002623315 0.970972657 -0.009624592 0.999949336 0.002940211 -1.556819081 0.002651503 -0.002914816 0.999992251 56.396827698
0.999961495 0.008090028 -0.003375043 0.990541101 -0.008081724 0.999964297 0.002466630 -1.558480859 0.003394878 -0.002439259 0.999991238 56.957492828
0.999954581 0.009117105 -0.002777428 0.989087582 -0.009109320 0.999954581 0.002802846 -1.568148732 0.002802856 -0.002777418 0.999992192 57.477790833
0.999949694 0.009583841 -0.002954056 0.997527659 -0.009575672 0.999950349 0.002767395 -1.596510410 0.002980432 -0.002738969 0.999991834 58.021980286
0.999949992 0.009679421 -0.002506121 1.010839224 -0.009673031 0.999949992 0.002549473 -1.602888823 0.002530673 -0.002525104 0.999993622 58.551197052
0.999947429 0.009848473 -0.002859553 1.020611882 -0.009840872 0.999948025 0.002659914 -1.617835522 0.002885601 -0.002631633 0.999992371 59.079105377
0.999955297 0.009055625 -0.002731262 1.033252239 -0.009048646 0.999955714 0.002556733 -1.634649515 0.002754295 -0.002531904 0.999993026 59.615482330
0.999950647 0.009576631 -0.002625021 1.030295253 -0.009570127 0.999951124 0.002478448 -1.648103237 0.002648627 -0.002453204 0.999993503 60.155719757
0.999948859 0.009808176 -0.002441009 1.034465313 -0.009802584 0.999949336 0.002292412 -1.655890346 0.002463370 -0.002268367 0.999994397 60.706054688
0.999946535 0.010041472 -0.002469230 1.043378353 -0.010036350 0.999947488 0.002077823 -1.673090935 0.002489965 -0.002052929 0.999994814 61.242938995
0.999948680 0.009867533 -0.002336920 1.055430293 -0.009861552 0.999948084 0.002557380 -1.685908318 0.002362034 -0.002534203 0.999993980 61.793876648
0.999952018 0.009390557 -0.002763541 1.070305824 -0.009383943 0.999953091 0.002396298 -1.699926853 0.002785913 -0.002370250 0.999993324 62.340988159
0.999948859 0.009801246 -0.002463528 1.077925086 -0.009796362 0.999950051 0.001986060 -1.714087009 0.002482871 -0.001961825 0.999994993 62.890735626
0.999952435 0.009423847 -0.002518701 1.081312180 -0.009418944 0.999953747 0.001950774 -1.720420122 0.002536969 -0.001926958 0.999994874 63.435348511
0.999946654 0.010068691 -0.002312118 1.088914990 -0.010063527 0.999946892 0.002235210 -1.736796856 0.002334500 -0.002211823 0.999994755 63.987720490
0.999950051 0.009711532 -0.002325447 1.099811077 -0.009707584 0.999951363 0.001703037 -1.749782681 0.002341873 -0.001680377 0.999995828 64.517036438
0.999943793 0.010417842 -0.001982609 1.106522083 -0.010413979 0.999943852 0.001948980 -1.764963984 0.002002802 -0.001928224 0.999996126 65.063796997
0.999944806 0.010308488 -0.002011382 1.119477272 -0.010304729 0.999945164 0.001869655 -1.780147433 0.002030546 -0.001848825 0.999996245 65.596199036
0.999942064 0.010627775 -0.001721878 1.128464341 -0.010624179 0.999941409 0.002084166 -1.795721650 0.001743928 -0.002065751 0.999996364 66.141769409
0.999944091 0.010442991 -0.001675643 1.140351295 -0.010440682 0.999944568 0.001380527 -1.806188941 0.001689967 -0.001362955 0.999997616 66.700233459
0.999943972 0.010430351 -0.001792042 1.153092146 -0.010427598 0.999944448 0.001537622 -1.815914392 0.001807980 -0.001518849 0.999997199 67.262542725
0.999941051 0.010680622 -0.001949155 1.173087001 -0.010677885 0.999942005 0.001408997 -1.834597588 0.001964092 -0.001388101 0.999997079 67.783988953
0.999949634 0.009836799 -0.001952725 1.177394271 -0.009835222 0.999951303 0.000815080 -1.845945954 0.001960647 -0.000795833 0.999997735 68.348457336
0.999943852 0.010437432 -0.001812102 1.190389991 -0.010435733 0.999945104 0.000945082 -1.865481853 0.001821866 -0.000926118 0.999997914 68.875305176
0.999947369 0.010061129 -0.002019861 1.199647784 -0.010059806 0.999949157 0.000662990 -1.878383279 0.002026429 -0.000642636 0.999997735 69.404556274
0.999941885 0.010711114 -0.001239456 1.193360925 -0.010710131 0.999942303 0.000796942 -1.899741530 0.001247921 -0.000783621 0.999998927 69.942443848
0.999944270 0.010507122 -0.001035676 1.201680183 -0.010506298 0.999944508 0.000798170 -1.915487051 0.001044005 -0.000787245 0.999999166 70.488250732
0.999948204 0.010050631 -0.001611680 1.217642426 -0.010049899 0.999949396 0.000462771 -1.928411603 0.001616249 -0.000446550 0.999998569 71.070770264
0.999949574 0.009878953 -0.001807492 1.236727476 -0.009878660 0.999951184 0.000170000 -1.943546176 0.001809084 -0.000152136 0.999998331 71.629203796
0.999950826 0.009795872 -0.001533072 1.245110631 -0.009794962 0.999951839 0.000598437 -1.963550568 0.001538860 -0.000583391 0.999998629 72.161758423
0.999949634 0.009912929 -0.001584904 1.253579259 -0.009912784 0.999950886 0.000099320 -1.977872133 0.001585810 -0.000083604 0.999998748 72.730598450
0.999941528 0.010747332 -0.001163010 1.262454152 -0.010747338 0.999942243 0.000002234 -1.990408897 0.001162966 0.000010265 0.999999344 73.299308777
0.999947369 0.010218026 -0.000934809 1.269296885 -0.010218031 0.999947786 -0.000000213 -2.006313562 0.000934758 0.000009765 0.999999583 73.863258362
0.999937534 0.011154871 -0.000642194 1.282097101 -0.011154650 0.999937713 0.000345540 -2.028642416 0.000646008 -0.000338355 0.999999702 74.408279419
0.999935567 0.011284199 -0.001253811 1.286489129 -0.011283702 0.999936223 0.000402885 -2.037221432 0.001258278 -0.000388712 0.999999106 74.957328796
0.999934256 0.011416937 -0.001042989 1.298042417 -0.011416444 0.999934673 0.000478342 -2.057942390 0.001048382 -0.000466403 0.999999344 75.511032104
0.999935508 0.011343217 -0.000564580 1.308029652 -0.011343274 0.999935627 -0.000096437 -2.068501949 0.000563449 0.000102835 0.999999821 76.059570312
0.999919951 0.012621637 -0.000864741 1.316924453 -0.012621957 0.999920249 -0.000367972 -2.083578110 0.000860028 0.000378857 0.999999523 76.589721680
0.999932170 0.011642965 -0.000215003 1.330072999 -0.011643022 0.999932170 -0.000264783 -2.103777885 0.000211905 0.000267269 0.999999940 77.123703003
0.999924958 0.012201600 -0.001077224 1.338680029 -0.012201808 0.999925494 -0.000184605 -2.113148451 0.001074892 0.000197735 0.999999344 77.672393799
0.999931693 0.011611048 -0.001312903 1.358765841 -0.011610174 0.999932349 0.000670792 -2.141494036 0.001320602 -0.000655503 0.999998927 78.209503174
0.999945760 0.010311862 -0.001425265 1.374902844 -0.010310636 0.999946475 0.000865573 -2.164622545 0.001434115 -0.000850830 0.999998569 78.747001648
0.999927580 0.012035234 -0.000164062 1.372926593 -0.012035254 0.999927580 -0.000120608 -2.171855927 0.000162599 0.000122574 1.000000000 79.310630798
0.999922574 0.012438551 -0.000153518 1.382784605 -0.012438560 0.999922574 -0.000064172 -2.187046289 0.000152708 0.000066077 1.000000000 79.869491577
0.999931157 0.011723530 -0.000392884 1.397789955 -0.011723556 0.999931276 -0.000061455 -2.209687710 0.000392136 0.000066057 0.999999940 80.420051575
0.999935865 0.011276826 0.001072235 1.405376434 -0.011277190 0.999936342 0.000332833 -2.221607685 -0.001068413 -0.000344904 0.999999344 80.912239075
0.999921322 0.012270543 0.002601258 1.408846855 -0.012269697 0.999924600 -0.000340384 -2.227251768 -0.002605239 0.000308440 0.999996543 81.496788025
0.999937296 0.010868115 0.002706371 1.448780060 -0.010867175 0.999940872 -0.000361952 -2.245955467 -0.002710145 0.000332519 0.999996185 82.047355652
0.999925196 0.011472843 0.004265134 1.443999529 -0.011469643 0.999933898 -0.000774799 -2.267302752 -0.004273741 0.000725821 0.999990523 82.575973511
0.999908328 0.011177221 0.007645300 1.462151885 -0.011168098 0.999936819 -0.001234876 -2.279288769 -0.007658619 0.001149379 0.999970019 83.113037109
0.999854386 0.012331786 0.011793328 1.483232856 -0.012325774 0.999923825 -0.000582367 -2.296360493 -0.011799612 0.000436921 0.999930203 83.656791687
0.999811411 0.012274950 0.015046963 1.506822824 -0.012263989 0.999924421 -0.000820548 -2.321928740 -0.015055901 0.000635858 0.999886394 84.163612366
0.999769270 0.011420016 0.018193852 1.534498811 -0.011401851 0.999934316 -0.001101818 -2.322702408 -0.018205240 0.000894120 0.999833882 84.713645935
0.999624491 0.011908019 0.024678413 1.561636925 -0.011886057 0.999928832 -0.001036426 -2.343000174 -0.024689000 0.000742708 0.999694824 85.251380920
0.999454260 0.011987302 0.030781660 1.588921547 -0.011952196 0.999927700 -0.001324182 -2.358372688 -0.030795306 0.000955551 0.999525189 85.787826538
0.999253750 0.011869669 0.036757406 1.623439431 -0.011824332 0.999929011 -0.001450497 -2.368798733 -0.036772016 0.001014783 0.999323130 86.319679260
0.998910546 0.011892534 0.045125049 1.664861917 -0.011840506 0.999928892 -0.001420034 -2.385483265 -0.045138720 0.000884184 0.998980343 86.863800049
0.998501539 0.011680169 0.053462852 1.710088491 -0.011578012 0.999930441 -0.002220149 -2.396141291 -0.053485077 0.001597829 0.998567343 87.391464233
0.998053432 0.012272885 0.061145034 1.751018047 -0.012143662 0.999923110 -0.002484551 -2.405575275 -0.061170831 0.001737190 0.998125792 87.948936462
0.997469783 0.012469495 0.069989689 1.809839725 -0.012386626 0.999921918 -0.001617902 -2.433226824 -0.070004411 0.000746872 0.997546315 88.440254211
0.996740103 0.011506000 0.079855040 1.877596855 -0.011356521 0.999932826 -0.002325818 -2.448864698 -0.079876430 0.001411360 0.996803761 88.955413818
0.996015549 0.011396267 0.088448510 1.944482803 -0.011222325 0.999934018 -0.002463669 -2.460190296 -0.088470764 0.001461256 0.996077716 89.477409363
0.995348454 0.010888691 0.095722415 2.002245426 -0.010702605 0.999939620 -0.002457232 -2.476478100 -0.095743388 0.001421323 0.995405018 90.001052856
0.994327843 0.010583218 0.105830006 2.085509777 -0.010337611 0.999942362 -0.002869095 -2.495142221 -0.105854280 0.001758792 0.994380057 90.519142151
0.993166864 0.010981981 0.116184995 2.175827026 -0.010741869 0.999938667 -0.002692595 -2.510405540 -0.116207413 0.001426152 0.993223906 91.040130615
0.992039144 0.010547406 0.125487149 2.263581276 -0.010302105 0.999943495 -0.002603602 -2.527001143 -0.125507519 0.001290094 0.992091835 91.561828613
0.990515709 0.010520543 0.136996120 2.367452621 -0.010272603 0.999944091 -0.002516694 -2.549691916 -0.137014925 0.001085518 0.990568519 92.075668335
0.988689721 0.009891400 0.149648935 2.469383240 -0.009559114 0.999949992 -0.002939609 -2.560476303 -0.149670556 0.001475850 0.988734841 92.603752136
0.987073779 0.008942726 0.160016805 2.579475403 -0.008563828 0.999958754 -0.003057332 -2.574184895 -0.160037547 0.001647456 0.987109482 93.148094177
0.985218227 0.009722698 0.171028361 2.692376137 -0.009291788 0.999951243 -0.003319845 -2.589999914 -0.171052322 0.001681612 0.985260487 93.685104370
0.982914269 0.009225747 0.183832735 2.821676254 -0.008718694 0.999955773 -0.003566321 -2.599549294 -0.183857486 0.001902606 0.982951045 94.229072571
0.980602384 0.008934158 0.195803627 2.954861641 -0.008380638 0.999958277 -0.003655242 -2.618279457 -0.195828080 0.001943379 0.980636299 94.747138977
0.978431225 0.009037163 0.206375122 3.074136734 -0.008364277 0.999956489 -0.004132767 -2.625800133 -0.206403509 0.002317449 0.978464246 95.322814941
0.975619853 0.008579031 0.219299495 3.220071793 -0.007831221 0.999960184 -0.004279042 -2.639909267 -0.219327435 0.002457335 0.975648344 95.851379395
0.972506225 0.008324764 0.232727781 3.376976013 -0.007601782 0.999963045 -0.004003287 -2.667356968 -0.232752532 0.002124075 0.972533703 96.388923645
0.969781160 0.008501333 0.243828297 3.528654099 -0.007783909 0.999962032 -0.003905710 -2.682065964 -0.243852288 0.001889746 0.969810545 96.916152954
0.967126846 0.006918678 0.254200250 3.698265076 -0.005891066 0.999971211 -0.004803567 -2.694546700 -0.254226148 0.003148148 0.967139661 97.419639587
0.963453531 0.007467328 0.267771274 3.866907120 -0.006450201 0.999968231 -0.004677949 -2.713623285 -0.267797619 0.002779808 0.963471174 97.928939819
0.959978580 0.006525961 0.279997468 4.043197632 -0.005304762 0.999972820 -0.005119064 -2.732631683 -0.280023277 0.003428872 0.959987164 98.461082458
0.956490755 0.006621108 0.291687638 4.226158142 -0.005450381 0.999973595 -0.004826031 -2.755072832 -0.291711777 0.003026246 0.956501484 98.975875854
0.952027678 0.007152998 0.305928171 4.411373138 -0.006079821 0.999971569 -0.004460642 -2.769343138 -0.305951297 0.002386666 0.952044129 99.484100342
0.947628200 0.006245029 0.319314539 4.617469788 -0.004926708 0.999975622 -0.004936169 -2.781978607 -0.319337547 0.003104484 0.947635949 99.960166931
0.943700075 0.006036828 0.330747187 4.825077057 -0.004664917 0.999976933 -0.004941554 -2.797884464 -0.330769420 0.003120437 0.943706393 100.480026245
0.939138651 0.005830489 0.343488663 5.039167404 -0.004413667 0.999978244 -0.004906469 -2.822747469 -0.343509823 0.003091811 0.939144015 100.961662292
0.933718920 0.005680166 0.357961982 5.253101349 -0.004103716 0.999978244 -0.005163468 -2.839986563 -0.357983559 0.003352253 0.933721900 101.466857910
0.929012716 0.004385810 0.370021641 5.489128113 -0.002724817 0.999983788 -0.005011461 -2.859302044 -0.370037615 0.003647469 0.929009736 101.971878052
0.924165666 0.004701592 0.381963015 5.714500427 -0.002945910 0.999982238 -0.005181130 -2.866425276 -0.381980658 0.003662994 0.924163103 102.483123779
0.918080151 0.005476902 0.396356940 5.951076508 -0.003812887 0.999980211 -0.004986057 -2.884818554 -0.396376491 0.003066335 0.918083012 102.978858948
0.912577391 0.004696645 0.408877015 6.238216400 -0.002845979 0.999982774 -0.005134523 -2.906230450 -0.408894092 0.003521994 0.912575066 103.551971436
0.907806396 0.003937616 0.419371098 6.493804932 -0.001914177 0.999984443 -0.005245598 -2.929574966 -0.419385225 0.003959238 0.907799721 103.997863770
0.901653767 0.004024161 0.432439774 6.742641449 -0.001841044 0.999983370 -0.005466912 -2.942185879 -0.432454556 0.004133122 0.901646256 104.499107361
0.894843698 0.004138716 0.446360230 7.008373260 -0.001921478 0.999983490 -0.005419892 -2.956351280 -0.446375251 0.003992285 0.894836962 104.981338501
0.889155269 0.003262792 0.457594007 7.305255890 -0.000778660 0.999983847 -0.005617186 -2.972149372 -0.457604915 0.004638242 0.889143527 105.516532898
0.883338869 0.003015465 0.468725443 7.586116791 -0.000603764 0.999985754 -0.005295411 -2.990535975 -0.468734771 0.004394642 0.883328080 105.985534668
0.875459909 0.003740033 0.483276278 7.863166809 -0.001242290 0.999984145 -0.005488370 -3.013145447 -0.483289123 0.004204479 0.875450611 106.501472473
