1.000000000 0.000000000 0.000000000 0.000000000 0.000000000 1.000000000 0.000000000 0.000000000 0.000000000 0.000000000 1.000000000 0.000000000
1.000000000 0.000036996 0.000121289 -0.000798932 -0.000037013 1.000000000 0.000140338 -0.000445273 -0.000121283 -0.000140342 1.000000000 0.000315379
1.000000000 -0.000000935 0.000102402 -0.000849619 0.000000933 1.000000000 0.000018045 0.001026097 -0.000102402 -0.000018044 1.000000000 0.000597646
1.000000000 0.000002652 0.000012100 -0.000357326 -0.000002653 1.000000000 0.000038673 -0.000748797 -0.000012100 -0.000038673 1.000000000 -0.000736506
1.000000000 0.000103171 0.000200394 -0.001389926 -0.000103191 1.000000000 0.000098325 -0.000212208 -0.000200384 -0.000098346 1.000000000 0.000522644
1.000000000 -0.000045595 0.000020559 -0.000354421 0.000045594 1.000000000 0.000041455 -0.000611252 -0.000020561 -0.000041454 1.000000000 0.000050292
1.000000000 0.000092713 0.000085485 -0.001181839 -0.000092726 1.000000000 0.000151706 -0.001112920 -0.000085470 -0.000151714 1.000000000 -0.001030770
1.000000000 0.000051907 0.000016954 -0.000347858 -0.000051907 1.000000000 0.000002976 -0.000161755 -0.000016954 -0.000002977 1.000000000 -0.000475862
1.000000000 0.000072145 0.000138176 -0.000677086 -0.000072152 1.000000000 0.000049407 -0.000665664 -0.000138172 -0.000049417 1.000000000 0.000361661
1.000000000 0.000090144 0.000151663 -0.001547467 -0.000090177 1.000000000 0.000218062 -0.001045826 -0.000151643 -0.000218076 0.999999940 0.000212194
1.000000000 0.000046143 0.000144813 -0.001123668 -0.000046160 1.000000000 0.000119005 -0.000776879 -0.000144808 -0.000119012 1.000000000 -0.000117037
1.000000000 -0.000043876 0.000124807 -0.000570718 0.000043857 1.000000000 0.000155596 -0.000912544 -0.000124814 -0.000155591 1.000000000 -0.000613624
1.000000000 0.000052176 0.000026871 -0.000359660 -0.000052178 1.000000000 0.000088990 -0.000438726 -0.000026867 -0.000088992 1.000000000 0.000135945
1.000000000 0.000095031 0.000125320 -0.001160216 -0.000095024 1.000000000 -0.000051674 0.000891346 -0.000125325 0.000051662 1.000000000 -0.000245085
1.000000000 0.000088062 0.000088490 -0.000356059 -0.000088068 1.000000000 0.000063981 0.000353896 -0.000088485 -0.000063988 1.000000000 0.000449225
0.999999940 0.000204726 0.000167783 -0.001237431 -0.000204730 1.000000000 0.000026286 0.000871520 -0.000167778 -0.000026320 1.000000000 0.001676653
0.999999940 0.000229985 0.000199531 -0.001742533 -0.000229994 1.000000000 0.000043322 0.000345976 -0.000199521 -0.000043368 1.000000000 0.000915583
0.999999940 0.000097174 0.000226175 -0.001832603 -0.000097187 1.000000000 0.000054842 0.000618785 -0.000226170 -0.000054864 1.000000000 0.002014355
0.999999940 0.000122170 0.000253331 -0.001989781 -0.000122160 1.000000000 -0.000037566 0.000716021 -0.000253336 0.000037535 0.999999940 0.001188454
0.999999940 0.000169946 0.000224100 -0.001909943 -0.000169969 1.000000000 0.000105444 0.000371220 -0.000224082 -0.000105482 0.999999940 0.001344225
0.999999940 0.000246585 0.000168060 -0.001976515 -0.000246585 0.999999940 -0.000001708 0.000860330 -0.000168060 0.000001667 1.000000000 0.001305078
1.000000000 0.000187372 0.000153690 -0.001354681 -0.000187380 1.000000000 0.000050653 0.000229776 -0.000153681 -0.000050682 1.000000000 0.001140327
0.999999940 0.000209272 0.000177053 -0.002254448 -0.000209290 1.000000000 0.000105214 0.000554626 -0.000177031 -0.000105251 1.000000000 0.001031754
0.999999881 0.000464122 0.000120109 -0.001698905 -0.000464130 0.999999881 0.000067448 0.001177607 -0.000120077 -0.000067503 1.000000000 0.002613483
0.999999940 0.000256250 0.000188731 -0.001875922 -0.000256259 0.999999940 0.000043312 0.001297926 -0.000188720 -0.000043360 1.000000000 0.002023913
0.999999940 0.000247197 0.000152689 -0.001154971 -0.000247206 0.999999940 0.000062183 0.001948982 -0.000152674 -0.000062221 1.000000000 0.003446864
0.999999940 0.000286262 0.000216895 -0.001941780 -0.000286274 0.999999940 0.000052892 0.001231909 -0.000216880 -0.000052954 1.000000000 0.002307520
0.999999940 0.000301259 0.000110085 -0.001122937 -0.000301257 0.999999940 -0.000018025 0.001379621 -0.000110090 0.000017992 1.000000000 0.001821705
0.999999940 0.000266316 0.000155282 -0.001388636 -0.000266320 0.999999940 0.000031076 0.001064506 -0.000155274 -0.000031117 1.000000000 0.001792702
0.999999940 0.000300339 0.000254319 -0.002071744 -0.000300341 0.999999940 0.000006921 0.001191819 -0.000254317 -0.000006997 0.999999940 0.001920007
0.999999940 0.000232780 0.000286712 -0.002119008 -0.000232804 0.999999940 0.000083907 0.000465373 -0.000286693 -0.000083974 0.999999940 0.000812178
0.999999940 0.000286568 0.000155626 -0.001223513 -0.000286568 0.999999940 -0.000002460 0.001106694 -0.000155627 0.000002415 1.000000000 0.002051269
0.999999940 0.000343551 0.000238518 -0.001924208 -0.000343584 0.999999940 0.000139244 0.000102801 -0.000238470 -0.000139325 0.999999940 0.001707709
0.999999881 0.000449803 0.000286621 -0.002535188 -0.000449830 0.999999881 0.000094930 0.000915038 -0.000286578 -0.000095059 0.999999940 0.001971397
0.999999940 0.000367270 0.000162483 -0.001611892 -0.000367268 0.999999940 -0.000009371 0.001105486 -0.000162487 0.000009311 1.000000000 0.002209340
0.999999940 0.000230518 0.000229961 -0.002102034 -0.000230533 1.000000000 0.000066956 0.000663701 -0.000229945 -0.000067009 1.000000000 0.001433929
0.999999881 0.000355016 0.000254775 -0.002447009 -0.000355036 0.999999940 0.000078374 0.001405558 -0.000254747 -0.000078464 0.999999940 0.002085821
0.999999881 0.000379269 0.000293010 -0.002332993 -0.000379300 0.999999940 0.000108223 -0.000118921 -0.000292969 -0.000108335 0.999999940 0.000840646
1.000000000 0.000181562 0.000159584 -0.000699914 -0.000181556 1.000000000 -0.000035052 0.001206467 -0.000159590 0.000035023 1.000000000 0.001071921
0.999999940 0.000190732 0.000231522 -0.002397351 -0.000190735 1.000000000 0.000012023 0.000506497 -0.000231519 -0.000012068 1.000000000 0.001737299
1.000000000 0.000077969 0.000172324 0.000845930 -0.000077857 0.999999762 -0.000654926 -0.001181652 -0.000172375 0.000654913 0.999999762 0.050415907
0.999999940 0.000268179 0.000166851 0.002173294 -0.000267964 0.999999166 -0.001286244 -0.003652823 -0.000167196 0.001286199 0.999999166 0.135645077
1.000000000 0.000186609 0.000151058 0.002689957 -0.000186396 0.999998987 -0.001410140 -0.007036258 -0.000151321 0.001410112 0.999998987 0.252132058
0.999999702 0.000746203 0.000309473 0.005830215 -0.000745778 0.999998808 -0.001370727 -0.009019349 -0.000310496 0.001370496 0.999998987 0.390207440
1.000000000 0.000099584 0.000153874 0.008539694 -0.000099425 0.999999464 -0.001033493 -0.014436066 -0.000153976 0.001033478 0.999999464 0.533095479
0.999998629 -0.001067074 0.001267096 0.000469544 0.001068304 0.999998987 -0.000970446 -0.022764444 -0.001266060 0.000971798 0.999998748 0.684961736
0.999998510 -0.001079547 0.001337589 0.004362283 0.001080550 0.999999225 -0.000749103 -0.027415650 -0.001336779 0.000750548 0.999998868 0.847222745
0.999998569 -0.000733576 0.001538874 0.002950867 0.000734877 0.999999464 -0.000845398 -0.031383809 -0.001538253 0.000846527 0.999998450 1.016828418
0.999998510 -0.001104412 0.001300363 0.008364573 0.001104980 0.999999285 -0.000436500 -0.038312599 -0.001299880 0.000437936 0.999999046 1.188485980
0.999998510 -0.000871645 0.001487227 0.009572461 0.000871681 0.999999583 -0.000023354 -0.045468938 -0.001487206 0.000024650 0.999998868 1.371086001
0.999998689 -0.000908807 0.001365450 0.014760689 0.000909332 0.999999464 -0.000383933 -0.043155733 -0.001365101 0.000385174 0.999998987 1.573598623
0.999998271 -0.001130299 0.001492667 0.020586291 0.001130419 0.999999285 -0.000079718 -0.051307715 -0.001492577 0.000081406 0.999998808 1.777523875
0.999998212 -0.000965818 0.001607075 0.020032097 0.000965623 0.999999464 0.000122312 -0.059216332 -0.001607192 -0.000120760 0.999998689 1.977381110
0.999997795 -0.001612948 0.001371572 0.030857867 0.001612559 0.999998689 0.000284542 -0.066879831 -0.001372029 -0.000282330 0.999999046 2.187155485
0.999997854 -0.001459081 0.001486356 0.028199840 0.001458667 0.999998868 0.000279137 -0.074021049 -0.001486761 -0.000276968 0.999998868 2.404478073
0.999997497 -0.001546666 0.001627614 0.035872232 0.001546155 0.999998748 0.000315532 -0.082257234 -0.001628100 -0.000313014 0.999998629 2.622217178
0.999997497 -0.001242639 0.001891262 0.036768738 0.001242197 0.999999166 0.000234403 -0.087297894 -0.001891551 -0.000232053 0.999998212 2.855180502
0.999997020 -0.001545662 0.001914425 0.042327233 0.001545051 0.999998748 0.000320225 -0.090364337 -0.001914918 -0.000317266 0.999998093 3.094375849
0.999997377 -0.001567165 0.001686832 0.047522165 0.001566390 0.999998689 0.000460494 -0.099743202 -0.001687552 -0.000457850 0.999998450 3.328140974
0.999997139 -0.001444905 0.001935343 0.050339945 0.001444180 0.999998868 0.000376091 -0.106450386 -0.001935884 -0.000373295 0.999998033 3.580753088
0.999997854 -0.000947365 0.001816477 0.058032040 0.000946498 0.999999464 0.000478471 -0.112282224 -0.001816929 -0.000476750 0.999998212 3.840558052
0.999997675 -0.001383492 0.001673511 0.061964594 0.001382255 0.999998808 0.000740262 -0.120242938 -0.001674533 -0.000737947 0.999998271 4.100221157
0.999997079 -0.001119246 0.002119861 0.063356787 0.001117688 0.999999046 0.000735868 -0.124777474 -0.002120682 -0.000733496 0.999997497 4.352365017
0.999997318 -0.000915510 0.002137393 0.068533853 0.000913760 0.999999285 0.000819689 -0.134160444 -0.002138142 -0.000817734 0.999997377 4.610743999
0.999997854 -0.000910361 0.001896408 0.083258271 0.000909221 0.999999404 0.000602219 -0.138487384 -0.001896956 -0.000600494 0.999998033 4.877540112
0.999997795 -0.000653997 0.001993752 0.084912285 0.000652926 0.999999642 0.000537374 -0.142225742 -0.001994103 -0.000536071 0.999997914 5.124551773
0.999997318 -0.001240823 0.001911804 0.090573519 0.001239550 0.999998987 0.000666976 -0.157011837 -0.001912629 -0.000664604 0.999997973 5.369247913
0.999997020 -0.001509137 0.001867308 0.094950259 0.001507174 0.999998271 0.001052081 -0.165728763 -0.001868892 -0.001049264 0.999997675 5.641671658
0.999996781 -0.001166978 0.002242601 0.092107713 0.001165315 0.999999046 0.000742653 -0.166999578 -0.002243466 -0.000740038 0.999997199 5.914421558
0.999996603 -0.000733263 0.002487461 0.097024500 0.000731273 0.999999344 0.000801022 -0.176692367 -0.002488047 -0.000799200 0.999996543 6.193922520
0.999996901 -0.000680323 0.002391934 0.104667142 0.000678046 0.999999285 0.000952830 -0.186626181 -0.002392581 -0.000951205 0.999996662 6.477079868
0.999997079 -0.001082669 0.002157679 0.113089390 0.001080674 0.999998927 0.000925704 -0.191299856 -0.002158679 -0.000923370 0.999997199 6.771900654
0.999996901 -0.000664343 0.002432521 0.117065489 0.000662271 0.999999404 0.000852824 -0.198637828 -0.002433086 -0.000851210 0.999996662 7.070240021
0.999996960 -0.001281568 0.002099738 0.126289949 0.001279735 0.999998808 0.000873943 -0.205670804 -0.002100856 -0.000871254 0.999997437 7.377126694
0.999996424 -0.001432336 0.002254787 0.131295964 0.001430300 0.999998629 0.000904350 -0.219574481 -0.002256079 -0.000901122 0.999997079 7.684405804
0.999996543 -0.001506461 0.002161273 0.143794850 0.001503944 0.999998212 0.001165946 -0.226602018 -0.002163026 -0.001162692 0.999997020 8.004887581
0.999996126 -0.000880492 0.002644964 0.137243927 0.000878219 0.999999225 0.000860494 -0.232127726 -0.002645720 -0.000858168 0.999996185 8.332377434
0.999996424 -0.001244061 0.002379660 0.148790941 0.001242908 0.999999106 0.000485897 -0.238106802 -0.002380262 -0.000482938 0.999997079 8.640161514
0.999996960 -0.001122277 0.002229589 0.157084629 0.001121839 0.999999344 0.000197540 -0.241988912 -0.002229809 -0.000195038 0.999997497 8.987387657
0.999997973 -0.000720521 0.001872238 0.166490838 0.000719692 0.999999583 0.000443423 -0.254186422 -0.001872557 -0.000442074 0.999998212 9.309092522
0.999996305 -0.000189195 0.002732468 0.169620037 0.000187776 0.999999881 0.000519521 -0.266657054 -0.002732566 -0.000519006 0.999996245 9.666805267
0.999996483 -0.001235735 0.002333866 0.172543973 0.001234285 0.999999046 0.000622396 -0.279544234 -0.002334633 -0.000619513 0.999997079 10.017659187
0.999996662 -0.001625023 0.002034701 0.181990251 0.001623826 0.999998510 0.000589916 -0.289068401 -0.002035657 -0.000586610 0.999997735 10.371722221
0.999996603 -0.001252530 0.002276372 0.194372416 0.001251207 0.999999046 0.000582439 -0.300815970 -0.002277100 -0.000579589 0.999997258 10.723052979
0.999996305 -0.001822523 0.002008243 0.209842160 0.001821351 0.999998212 0.000584896 -0.304918975 -0.002009305 -0.000581237 0.999997854 11.094521523
0.999995410 -0.001359968 0.002740752 0.197459340 0.001357610 0.999998689 0.000862052 -0.321795583 -0.002741921 -0.000858327 0.999995887 11.467400551
0.999995470 -0.001142966 0.002781379 0.207128599 0.001140230 0.999998808 0.000984829 -0.331030220 -0.002782502 -0.000981653 0.999995649 11.853600502
0.999995410 -0.000886868 0.002882435 0.217560932 0.000883309 0.999998868 0.001235902 -0.347559959 -0.002883528 -0.001233351 0.999995112 12.227289200
0.999994814 -0.001357879 0.002894491 0.221405685 0.001354614 0.999998450 0.001129639 -0.359810144 -0.002896021 -0.001125712 0.999995112 12.610906601
0.999994516 -0.001002080 0.003131082 0.221577793 0.000997742 0.999998569 0.001386646 -0.369240493 -0.003132467 -0.001383515 0.999994159 13.020288467
0.999994278 -0.001324096 0.003108319 0.230203152 0.001319110 0.999997854 0.001605488 -0.384769648 -0.003110438 -0.001601379 0.999993861 13.391562462
0.999994874 -0.000953661 0.003041355 0.241279051 0.000948854 0.999998331 0.001581504 -0.393059850 -0.003042858 -0.001578610 0.999994099 13.811514854
0.999993324 -0.000954798 0.003517955 0.249184519 0.000948028 0.999997675 0.001925501 -0.402685344 -0.003519785 -0.001922153 0.999991953 14.236217499
0.999992728 -0.001018369 0.003682747 0.259376317 0.001013289 0.999998450 0.001380819 -0.410580665 -0.003684147 -0.001377077 0.999992251 14.646001816
0.999993086 -0.001193910 0.003519316 0.273321062 0.001188745 0.999998152 0.001469422 -0.421481669 -0.003521064 -0.001465228 0.999992669 15.070514679
0.999991477 -0.001318189 0.003906587 0.284010351 0.001312404 0.999997973 0.001482981 -0.432981282 -0.003908534 -0.001477842 0.999991238 15.519268036
0.999988198 -0.000927820 0.004769564 0.277901769 0.000919675 0.999998093 0.001709562 -0.449647784 -0.004771141 -0.001705155 0.999987185 15.943672180
0.999986708 -0.000858404 0.005085639 0.287376285 0.000850282 0.999998331 0.001598983 -0.459278911 -0.005087003 -0.001594637 0.999985814 16.383197784
0.999985278 -0.000393303 0.005409359 0.297699600 0.000383204 0.999998152 0.001867857 -0.469799429 -0.005410084 -0.001865757 0.999983609 16.839164734
0.999986708 -0.000919392 0.005058856 0.315798938 0.000911512 0.999998331 0.001559906 -0.483919889 -0.005060282 -0.001555273 0.999985993 17.277719498
0.999982417 -0.000898416 0.005850228 0.326718211 0.000886651 0.999997556 0.002013352 -0.498971194 -0.005852023 -0.002008129 0.999980867 17.737596512
0.999983013 -0.001493470 0.005621530 0.341669828 0.001486108 0.999998033 0.001313561 -0.506704032 -0.005623480 -0.001305185 0.999983370 18.212503433
0.999982476 -0.000871269 0.005851754 0.348090887 0.000864701 0.999998987 0.001124893 -0.510167658 -0.005852729 -0.001119813 0.999982238 18.681863785
0.999984086 -0.001615453 0.005404956 0.368277758 0.001612632 0.999998510 0.000526241 -0.521266818 -0.005405799 -0.000517516 0.999985218 19.161359787
0.999978423 0.000104979 0.006564407 0.372558057 -0.000106997 0.999999940 0.000307085 -0.529655278 -0.006564374 -0.000307781 0.999978364 19.642690659
0.999977827 -0.000626277 0.006647422 0.372387081 0.000616724 0.999998748 0.001439139 -0.549160719 -0.006648316 -0.001435008 0.999976814 20.114587784
0.999981165 -0.000621583 0.006112461 0.390301645 0.000613372 0.999998868 0.001345152 -0.563346863 -0.006113291 -0.001341378 0.999980390 20.600173950
0.999984920 -0.000932644 0.005425915 0.406145036 0.000925947 0.999998808 0.001236664 -0.570954382 -0.005427062 -0.001231622 0.999984443 21.118122101
0.999986768 -0.001886172 0.004809432 0.421078444 0.001880720 0.999997556 0.001137879 -0.584987760 -0.004811567 -0.001128819 0.999987781 21.575479507
0.999989033 -0.001641547 0.004402024 0.434060186 0.001636941 0.999998093 0.001049814 -0.598738372 -0.004403738 -0.001042597 0.999989808 22.094169617
0.999986410 -0.002011403 0.004814316 0.443189859 0.002008187 0.999997735 0.000672806 -0.605744481 -0.004815658 -0.000663129 0.999988198 22.605905533
0.999990761 -0.000820470 0.004216854 0.435743093 0.000817769 0.999999464 0.000642133 -0.621768713 -0.004217380 -0.000638678 0.999990821 23.098234177
0.999993205 -0.000846694 0.003600766 0.447659194 0.000844069 0.999999344 0.000730534 -0.636529267 -0.003601383 -0.000727489 0.999993205 23.630146027
0.999994397 -0.002150442 0.002548978 0.454432577 0.002149494 0.999997616 0.000374477 -0.650713027 -0.002549777 -0.000368996 0.999996662 24.158584595
0.999995589 -0.001287443 0.002650877 0.459126979 0.001283644 0.999998152 0.001434330 -0.670363665 -0.002652718 -0.001430922 0.999995410 24.656089783
0.999998093 -0.000880015 0.001744414 0.478236705 0.000877585 0.999998629 0.001393144 -0.680184960 -0.001745638 -0.001391610 0.999997497 25.190528870
0.999999046 -0.000956970 0.000950518 0.486314148 0.000955437 0.999998212 0.001610908 -0.698038518 -0.000952058 -0.001609998 0.999998212 25.731695175
0.999999404 -0.000917413 0.000582980 0.501899242 0.000916291 0.999997735 0.001922471 -0.714285195 -0.000584742 -0.001921935 0.999997973 26.284500122
0.999998391 -0.001797454 0.000484088 0.502551794 0.001796614 0.999996841 0.001730266 -0.721697032 -0.000487197 -0.001729393 0.999998391 26.824674606
0.999999344 -0.001194997 0.000043562 0.514426827 0.001194928 0.999998093 0.001558418 -0.734923840 -0.000045424 -0.001558364 0.999998808 27.376255035
0.999999881 0.000325239 0.000475583 0.517193258 -0.000325860 0.999999046 0.001306489 -0.751330435 -0.000475157 -0.001306643 0.999998987 27.913087845
1.000000000 0.000051786 0.000169019 0.520963371 -0.000052053 0.999998689 0.001581608 -0.775107265 -0.000168937 -0.001581616 0.999998748 28.447835922
0.999999523 -0.000718871 -0.000674342 0.528793573 0.000720257 0.999997616 0.002058181 -0.784224570 0.000672861 -0.002058666 0.999997675 28.957910538
0.999998629 -0.000917492 -0.001371796 0.538981378 0.000919669 0.999998391 0.001588064 -0.794132948 0.001370337 -0.001589323 0.999997795 29.518098831
0.999998629 -0.000228776 -0.001658418 0.547292769 0.000231155 0.999998987 0.001434391 -0.805715799 0.001658088 -0.001434772 0.999997616 30.055189133
0.999998927 -0.000044708 -0.001448889 0.549951196 0.000046657 0.999999106 0.001345331 -0.824402988 0.001448828 -0.001345397 0.999998093 30.583992004
0.999999046 -0.000243917 -0.001359175 0.559468091 0.000246347 0.999998391 0.001788787 -0.844956517 0.001358736 -0.001789120 0.999997497 31.077106476
0.999998271 0.000262812 -0.001860967 0.570776522 -0.000260424 0.999999106 0.001283008 -0.851790845 0.001861303 -0.001282521 0.999997497 31.632226944
0.999997497 -0.000113473 -0.002218973 0.588528991 0.000116444 0.999999225 0.001338818 -0.873503089 0.002218819 -0.001339073 0.999996662 32.154888153
0.999995649 -0.000139865 -0.002948122 0.596233428 0.000146392 0.999997497 0.002213723 -0.883667290 0.002947805 -0.002214145 0.999993265 32.719993591
0.999996722 0.000146286 -0.002555519 0.594601452 -0.000141988 0.999998569 0.001682222 -0.902225614 0.002555762 -0.001681854 0.999995232 33.239570618
0.999996841 -0.000075699 -0.002506907 0.602770090 0.000078340 0.999999464 0.001053475 -0.910169125 0.002506826 -0.001053668 0.999996245 33.800285339
0.999992609 -0.000803141 -0.003748150 0.621321797 0.000809747 0.999998152 0.001761360 -0.929381728 0.003746728 -0.001764383 0.999991357 34.340991974
0.999994338 -0.000155596 -0.003361104 0.616977453 0.000162411 0.999997914 0.002027565 -0.952078700 0.003360782 -0.002028100 0.999992311 34.830490112
0.999993801 -0.000402426 -0.003482294 0.626036704 0.000409341 0.999997854 0.001985190 -0.964458108 0.003481487 -0.001986603 0.999992013 35.369235992
0.999992669 -0.000269085 -0.003797049 0.637365282 0.000276148 0.999998212 0.001859851 -0.979486287 0.003796543 -0.001860886 0.999991000 35.927982330
0.999991715 -0.000514248 -0.004039136 0.655408144 0.000520651 0.999998629 0.001584544 -0.993332446 0.004038316 -0.001586634 0.999990582 36.490127563
0.999994159 -0.000057561 -0.003399901 0.630745053 0.000064766 0.999997735 0.002118888 -1.006720304 0.003399771 -0.002119096 0.999991953 36.989341736
0.999992073 -0.000497853 -0.003938067 0.651283622 0.000505784 0.999997854 0.002013274 -1.022970319 0.003937056 -0.002015250 0.999990165 37.537261963
0.999990702 -0.000124872 -0.004300090 0.662251711 0.000133021 0.999998212 0.001895018 -1.030996323 0.004299845 -0.001895573 0.999988973 38.084281921
0.999992371 -0.000500588 -0.003880240 0.649920464 0.000508587 0.999997735 0.002061011 -1.052836776 0.003879199 -0.002062969 0.999990344 38.610855103
0.999991953 -0.000325458 -0.003998714 0.656349897 0.000334269 0.999997437 0.002203062 -1.069644332 0.003997986 -0.002204380 0.999989569 39.137638092
0.999992311 -0.000373482 -0.003915438 0.668369114 0.000380887 0.999998152 0.001890623 -1.081868410 0.003914725 -0.001892099 0.999990523 39.688793182
0.999989808 -0.000214614 -0.004507128 0.680765033 0.000223211 0.999998212 0.001907211 -1.095223784 0.004506710 -0.001908198 0.999988019 40.230400085
0.999991953 -0.000166572 -0.004003118 0.674992144 0.000173759 0.999998331 0.001795262 -1.109338045 0.004002811 -0.001795943 0.999990404 40.740341187
0.999993026 0.000794060 -0.003646346 0.678820431 -0.000787440 0.999998033 0.001816789 -1.114722967 0.003647781 -0.001813905 0.999991715 41.285213470
0.999990880 0.001017818 -0.004141595 0.700765789 -0.001009950 0.999997616 0.001901475 -1.134241223 0.004143521 -0.001897274 0.999989629 41.820598602
0.999991775 0.000703005 -0.003983472 0.711659610 -0.000697553 0.999998868 0.001369987 -1.138617277 0.003984431 -0.001367197 0.999991179 42.363353729
0.999992728 0.000185639 -0.003834785 0.700858712 -0.000178033 0.999998033 0.001983460 -1.161991835 0.003835147 -0.001982763 0.999990642 42.864765167
0.999992847 0.000713362 -0.003714923 0.709995806 -0.000707502 0.999998510 0.001578250 -1.174557447 0.003716043 -0.001575610 0.999991834 43.413951874
0.999992967 0.000323560 -0.003743796 0.731066287 -0.000316146 0.999998033 0.001980712 -1.186071634 0.003744429 -0.001979514 0.999991059 43.947914124
0.999993265 0.000809480 -0.003576522 0.715113163 -0.000801865 0.999997437 0.002130055 -1.197793007 0.003578237 -0.002127173 0.999991357 44.440357208
0.999993801 0.001671803 -0.003081698 0.721372008 -0.001666256 0.999997020 0.001801970 -1.206532121 0.003084701 -0.001796824 0.999993622 44.992645264
0.999992788 0.001594770 -0.003431662 0.733375311 -0.001589151 0.999997437 0.001639637 -1.218913198 0.003434269 -0.001634172 0.999992728 45.546733856
0.999994874 0.001194122 -0.002965829 0.717733264 -0.001189843 0.999998212 0.001443720 -1.232310295 0.002967548 -0.001440184 0.999994576 46.050247192
0.999993920 0.001671748 -0.003039343 0.724555910 -0.001667861 0.999997735 0.001280876 -1.241690159 0.003041476 -0.001275799 0.999994576 46.603507996
0.999993920 0.001490190 -0.003147378 0.734347522 -0.001486041 0.999998033 0.001320305 -1.257521272 0.003149338 -0.001315620 0.999994218 47.162082672
0.999995291 0.000782765 -0.002971683 0.738554120 -0.000778817 0.999998808 0.001329435 -1.270408630 0.002972720 -0.001327114 0.999994695 47.642101288
0.999995530 0.001069674 -0.002783322 0.742385507 -0.001065386 0.999998212 0.001541193 -1.288347244 0.002784966 -0.001538220 0.999994993 48.181770325
0.999996066 0.000854498 -0.002675416 0.746463180 -0.000851052 0.999998808 0.001289335 -1.297393441 0.002676515 -0.001287053 0.999995589 48.736274719
0.999996424 0.001007804 -0.002454692 0.748056352 -0.001004115 0.999998510 0.001503601 -1.310867667 0.002456203 -0.001501130 0.999995828 49.230258942
0.999996245 0.001737020 -0.002114328 0.746415257 -0.001734321 0.999997795 0.001277571 -1.318750381 0.002116542 -0.001273900 0.999996960 49.786884308
0.999995351 0.002205262 -0.002091890 0.755418956 -0.002202462 0.999996722 0.001340162 -1.340796828 0.002094838 -0.001335549 0.999996901 50.313980103
0.999995053 0.002021655 -0.002395310 0.762878239 -0.002018409 0.999997020 0.001356134 -1.351981521 0.002398046 -0.001351293 0.999996185 50.830402374
0.999994695 0.002367528 -0.002232898 0.765031278 -0.002365006 0.999996543 0.001131544 -1.363754034 0.002235569 -0.001126257 0.999996841 51.378482819
0.999994993 0.002530258 -0.001904631 0.769791722 -0.002528147 0.999996185 0.001109323 -1.374058604 0.001907431 -0.001104502 0.999997556 51.904041290
0.999994755 0.002476883 -0.002073626 0.785019100 -0.002474402 0.999996185 0.001197504 -1.385267854 0.002076585 -0.001192366 0.999997139 52.454261780
0.999995053 0.002069764 -0.002385174 0.801565707 -0.002066049 0.999996603 0.001558617 -1.405562401 0.002388393 -0.001553681 0.999995887 53.009136200
0.999995053 0.002211992 -0.002203118 0.801296115 -0.002209241 0.999996781 0.001250486 -1.420448780 0.002205877 -0.001245612 0.999996722 53.516235352
0.999994636 0.002884910 -0.001552075 0.800330520 -0.002882787 0.999994874 0.001368555 -1.432100654 0.001556015 -0.001364072 0.999997854 54.063156128
0.999994397 0.002716770 -0.001926755 0.809615672 -0.002714953 0.999996006 0.000945179 -1.450379968 0.001929317 -0.000939943 0.999997675 54.569892883
0.999994934 0.002340137 -0.002134739 0.822128057 -0.002337919 0.999996781 0.001040836 -1.459771395 0.002137169 -0.001035840 0.999997199 55.121814728
0.999994755 0.002568779 -0.001943158 0.820179880 -0.002566818 0.999996185 0.001011283 -1.470325470 0.001945749 -0.001006289 0.999997616 55.628967285
0.999994934 0.002764870 -0.001566560 0.832746267 -0.002762890 0.999995410 0.001265045 -1.491040230 0.001570050 -0.001260711 0.999997973 56.165996552
0.999994874 0.002920642 -0.001311421 0.837794423 -0.002918945 0.999994934 0.001294652 -1.503727317 0.001315196 -0.001290818 0.999998391 56.723464966
0.999995053 0.002749090 -0.001526111 0.831518829 -0.002747661 0.999995768 0.000938102 -1.516862869 0.001528683 -0.000933904 0.999998391 57.236953735
0.999994934 0.002985906 -0.001113724 0.841488183 -0.002984872 0.999995112 0.000928889 -1.529062867 0.001116492 -0.000925560 0.999998987 57.778034210
0.999996006 0.002298128 -0.001641521 0.859905720 -0.002297470 0.999997258 0.000401851 -1.538730860 0.001642439 -0.000398079 0.999998510 58.331909180
0.999994576 0.003040190 -0.001288189 0.853618622 -0.003039317 0.999995112 0.000679345 -1.556030393 0.001290248 -0.000675426 0.999998927 58.809528351
0.999994278 0.003256230 -0.000980594 0.860871732 -0.003255633 0.999994516 0.000610430 -1.570805550 0.000982577 -0.000607234 0.999999285 59.363689423
0.999992073 0.003775615 -0.001275818 0.868553340 -0.003774818 0.999992609 0.000626933 -1.581518292 0.001278176 -0.000622112 0.999998927 59.883708954
0.999990880 0.004003185 -0.001446610 0.886902213 -0.004003256 0.999991894 -0.000046192 -1.588532567 0.001446413 0.000051983 0.999998927 60.429660797
0.999988914 0.004418975 -0.001612049 0.900841177 -0.004419303 0.999990225 -0.000199968 -1.599821925 0.001611150 0.000207090 0.999998689 60.991409302
0.999993742 0.003356986 -0.001108842 0.888982415 -0.003356627 0.999994338 0.000325037 -1.620386481 0.001109927 -0.000321313 0.999999344 61.478763580
0.999992311 0.003783029 -0.001059247 0.900056243 -0.003782744 0.999992907 0.000270818 -1.635346889 0.001060264 -0.000266809 0.999999404 62.022418976
0.999990642 0.004245898 -0.000846202 0.906011045 -0.004245776 0.999991000 0.000146036 -1.646807313 0.000846814 -0.000142442 0.999999642 62.543426514
0.999990523 0.004257577 -0.000889509 0.914393425 -0.004257596 0.999990940 -0.000018528 -1.663918853 0.000889422 0.000022315 0.999999583 63.082214355
0.999990940 0.004162724 -0.000868283 0.925077498 -0.004162871 0.999991417 -0.000167640 -1.675106645 0.000867578 0.000171253 0.999999583 63.612854004
0.999990702 0.004237993 -0.000779165 0.932109594 -0.004238265 0.999990880 -0.000346442 -1.687167406 0.000777690 0.000349741 0.999999642 64.145637512
0.999992311 0.003903317 -0.000318086 0.944069922 -0.003903558 0.999992132 -0.000764491 -1.699293852 0.000315099 0.000765727 0.999999702 64.691421509
0.999990880 0.004247695 -0.000412270 0.948162675 -0.004247775 0.999990940 -0.000196557 -1.717735291 0.000411430 0.000198307 0.999999881 65.203262329
0.999989986 0.004476105 0.000099114 0.953274906 -0.004476072 0.999989986 -0.000322028 -1.729813457 -0.000100554 0.000321581 0.999999940 65.748863220
0.999988437 0.004811992 -0.000109703 0.972736061 -0.004812032 0.999988377 -0.000370807 -1.750672102 0.000107917 0.000371330 1.000000000 66.300537109
0.999992311 0.003911905 -0.000165961 0.971538544 -0.003912001 0.999992192 -0.000584366 -1.759177089 0.000163674 0.000585011 0.999999821 66.798370361
0.999990582 0.004345360 -0.000276587 0.983127952 -0.004345462 0.999990523 -0.000377185 -1.777272463 0.000274945 0.000378384 0.999999940 67.333633423
0.999990046 0.004416764 0.000606892 0.985982120 -0.004416472 0.999990046 -0.000484257 -1.793803811 -0.000609025 0.000481572 0.999999642 67.884605408
0.999990404 0.004266362 0.000951873 0.988614023 -0.004266072 0.999990761 -0.000306947 -1.805146813 -0.000953175 0.000302883 0.999999464 68.444206238
0.999988556 0.004756067 0.000325582 1.002473474 -0.004755950 0.999988616 -0.000361919 -1.825508356 -0.000327300 0.000360367 0.999999881 68.973083496
0.999987423 0.004954966 0.000751576 1.012682676 -0.004954549 0.999987602 -0.000554760 -1.833587050 -0.000754315 0.000551029 0.999999583 69.518074036
0.999977529 0.006405927 0.001924503 1.003154278 -0.006405023 0.999979317 -0.000475673 -1.848541379 -0.001927510 0.000463336 0.999998093 70.030754089
0.999988258 0.004767711 0.000854990 1.025138021 -0.004767051 0.999988317 -0.000772574 -1.866536379 -0.000858664 0.000768489 0.999999344 70.592094421
0.999990404 0.004352877 0.000498314 1.038712263 -0.004352564 0.999990284 -0.000629592 -1.880948663 -0.000501049 0.000627417 0.999999702 71.149772644
0.999987483 0.004936469 0.000980449 1.041893721 -0.004935653 0.999987483 -0.000830642 -1.893853307 -0.000984537 0.000825792 0.999999166 71.669860840
0.999988198 0.004719079 0.001227686 1.045018196 -0.004717605 0.999988198 -0.001200003 -1.913475990 -0.001233335 0.001194197 0.999998569 72.198135376
0.999987543 0.004919803 0.000840824 1.062106729 -0.004919359 0.999987781 -0.000530866 -1.926963329 -0.000843426 0.000526723 0.999999523 72.748939514
0.999989688 0.004499290 0.000640458 1.076834083 -0.004498786 0.999989688 -0.000785272 -1.942338109 -0.000643984 0.000782383 0.999999523 73.307998657
0.999989271 0.004560223 0.000840235 1.087146878 -0.004559770 0.999989390 -0.000539920 -1.956600428 -0.000842688 0.000536083 0.999999523 73.826599121
0.999986589 0.005133833 0.000692117 1.096641779 -0.005133285 0.999986529 -0.000791387 -1.968979716 -0.000696171 0.000787823 0.999999464 74.377326965
0.999988258 0.004794636 0.000702329 1.113799214 -0.004793985 0.999988079 -0.000925531 -1.988879681 -0.000706758 0.000922153 0.999999285 74.898979187
0.999977767 0.006521178 0.001413901 1.115292192 -0.006519657 0.999978185 -0.001078520 -2.003198147 -0.001420904 0.001069278 0.999998391 75.434265137
0.999988079 0.004819011 0.000789240 1.134862542 -0.004818378 0.999988079 -0.000801173 -2.021344185 -0.000793091 0.000797361 0.999999344 76.005264282
0.999983191 0.005658223 0.001237118 1.140737653 -0.005657299 0.999983728 -0.000750476 -2.036411524 -0.001241344 0.000743465 0.999998927 76.544364929
0.999986053 0.005237920 0.000668367 1.151098251 -0.005237566 0.999986172 -0.000529875 -2.051253080 -0.000671133 0.000526367 0.999999583 77.064300537
0.999990880 0.004229133 0.000806357 1.164187908 -0.004228373 0.999990642 -0.000941479 -2.063912392 -0.000810331 0.000938061 0.999999225 77.606689453
0.999988556 0.004772619 0.000439598 1.179961443 -0.004772085 0.999987900 -0.001209615 -2.074518919 -0.000445366 0.001207504 0.999999225 78.151084900
0.999989033 0.004594420 0.000936134 1.182027817 -0.004593369 0.999988735 -0.001122437 -2.089338064 -0.000941281 0.001118124 0.999998927 78.695816040
0.999987185 0.004950445 0.001118308 1.198699713 -0.004949494 0.999987364 -0.000850560 -2.111040354 -0.001122504 0.000845014 0.999999046 79.226997375
0.999983251 0.005339348 0.002210630 1.206342697 -0.005337449 0.999985516 -0.000864645 -2.119522810 -0.002215215 0.000852831 0.999997199 79.799560547
0.999979198 0.005485769 0.003393017 1.218181849 -0.005480601 0.999983788 -0.001531102 -2.134482861 -0.003401361 0.001512475 0.999993086 80.338768005
0.999977112 0.005116695 0.004406746 1.235729456 -0.005111511 0.999986172 -0.001186475 -2.154328585 -0.004412756 0.001163923 0.999989569 80.879966736
0.999968827 0.005405488 0.005751822 1.242600679 -0.005398784 0.999984741 -0.001180747 -2.169245720 -0.005758117 0.001149658 0.999982774 81.425811768
0.999944389 0.005663633 0.008896512 1.263870955 -0.005652065 0.999983132 -0.001324863 -2.185500622 -0.008903867 0.001274506 0.999959469 81.977455139
0.999904692 0.005779236 0.012533478 1.284413338 -0.005762883 0.999982476 -0.001340513 -2.199092150 -0.012541004 0.001268156 0.999920547 82.519790649
0.999866009 0.004922165 0.015611851 1.310932875 -0.004902312 0.999987125 -0.001309731 -2.211385727 -0.015618098 0.001233021 0.999877274 83.053909302
0.999791682 0.004972405 0.019795282 1.339144945 -0.004947934 0.999986947 -0.001284914 -2.227565289 -0.019801412 0.001186701 0.999803245 83.608718872
0.999655545 0.005478094 0.025667831 1.363192320 -0.005446485 0.999984324 -0.001301243 -2.240589142 -0.025674559 0.001160995 0.999669731 84.155632019
0.999481976 0.005416806 0.031722531 1.399753571 -0.005371440 0.999984443 -0.001515150 -2.258984566 -0.031730250 0.001343969 0.999495566 84.698326111
0.999261498 0.005797364 0.037983473 1.433418632 -0.005748878 0.999982536 -0.001385628 -2.277521849 -0.037990842 0.001166242 0.999277413 85.238693237
0.998915732 0.006052431 0.046158615 1.467446089 -0.006000267 0.999981165 -0.001268573 -2.288183212 -0.046165429 0.000990234 0.998933315 85.807670593
0.998484075 0.006109422 0.054700024 1.516507626 -0.006038559 0.999980688 -0.001460669 -2.306401968 -0.054707889 0.001128146 0.998501778 86.364654541
0.998070419 0.005574730 0.061841562 1.565813303 -0.005478620 0.999983490 -0.001723578 -2.320401669 -0.061850149 0.001381445 0.998084605 86.916740417
0.997456491 0.005982646 0.071025677 1.615855694 -0.005887872 0.999981403 -0.001543654 -2.338219643 -0.071033590 0.001121537 0.997473300 87.467086792
0.996712863 0.005541043 0.080825239 1.684356213 -0.005430599 0.999983907 -0.001586214 -2.357965946 -0.080832735 0.001142070 0.996727049 87.997055054
0.995946288 0.004888603 0.089816749 1.750325203 -0.004706727 0.999986351 -0.002236657 -2.365509987 -0.089826465 0.001804847 0.995955825 88.548690796
0.995280147 0.005166402 0.096905291 1.819440365 -0.005022747 0.999985814 -0.001726318 -2.389203072 -0.096912853 0.001231440 0.995292127 89.117713928
0.994241774 0.005200120 0.107033558 1.900145054 -0.005035826 0.999985576 -0.001805198 -2.407730103 -0.107041419 0.001255801 0.994253755 89.650642395
0.993057430 0.005366321 0.117508486 1.983933449 -0.005208969 0.999985039 -0.001646145 -2.419480562 -0.117515579 0.001022619 0.993070483 90.227668762
0.991917551 0.004331981 0.126810834 2.078626633 -0.004117369 0.999989629 -0.001954450 -2.435496569 -0.126817986 0.001416526 0.991925120 90.763786316
0.990419030 0.005277941 0.137994006 2.171110153 -0.005165887 0.999985993 -0.001170157 -2.454659700 -0.137998253 0.000446084 0.990432441 91.298164368
0.988551974 0.004090641 0.150825098 2.273784637 -0.003843773 0.999990761 -0.001928292 -2.467654943 -0.150831550 0.001326480 0.988558590 91.857986450
0.986816585 0.004075577 0.161791176 2.380319595 -0.003823422 0.999990940 -0.001869838 -2.483356953 -0.161797330 0.001226592 0.986823201 92.402648926
0.985206485 0.002625039 0.171351075 2.510029793 -0.002226210 0.999994338 -0.002519661 -2.496732473 -0.171356708 0.002100923 0.985206842 92.927513123
0.982760429 0.003069583 0.184858248 2.618748665 -0.002754444 0.999994278 -0.001961536 -2.517138004 -0.184863195 0.001418538 0.982763231 93.479652405
0.980391741 0.003579123 0.197026312 2.746654510 -0.003396865 0.999993384 -0.001262981 -2.535705328 -0.197029531 0.000568944 0.980397344 94.022674561
0.978274345 0.002999514 0.207292959 2.874523163 -0.002671352 0.999994636 -0.001862982 -2.548735857 -0.207297459 0.001268754 0.978277147 94.544860840
0.975286365 0.003278541 0.220920205 2.999902725 -0.002929462 0.999993861 -0.001907732 -2.551817179 -0.220925108 0.001213408 0.975290000 95.103897095
0.972222209 0.003062325 0.234039634 3.151002884 -0.002575783 0.999993801 -0.002384521 -2.561362982 -0.234045491 0.001715449 0.972224057 95.635864258
0.969551742 0.002519534 0.244873330 3.304204941 -0.002027019 0.999995291 -0.002263304 -2.576900244 -0.244877905 0.001698027 0.969552457 96.155975342
0.966605544 0.001997992 0.256261110 3.458795547 -0.001377462 0.999995589 -0.002600951 -2.579282522 -0.256265193 0.002161104 0.966604114 96.705139160
0.962874472 0.002252541 0.269940257 3.627260208 -0.001680317 0.999995768 -0.002350877 -2.600884914 -0.269944489 0.001810014 0.962874174 97.225662231
0.959331036 0.002086990 0.282275289 3.811765671 -0.001560826 0.999996543 -0.002088862 -2.622540951 -0.282278657 0.001563327 0.959331155 97.722991943
0.955867887 0.001688505 0.293791741 3.976917267 -0.000912925 0.999995708 -0.002777006 -2.617051840 -0.293795168 0.002386241 0.955865443 98.277862549
0.951364994 0.001605287 0.308061630 4.169712067 -0.000756997 0.999995589 -0.002873125 -2.633243084 -0.308064908 0.002500189 0.951362133 98.808456421
0.946864963 0.001067862 0.321629316 4.375041962 -0.000068891 0.999995112 -0.003117332 -2.644790649 -0.321631074 0.002929535 0.946860611 99.331237793
0.942989409 0.000918054 0.332821548 4.587696075 -0.000126527 0.999997139 -0.002399899 -2.674869776 -0.332822770 0.002220969 0.942986786 99.839065552
0.938155711 0.000801170 0.346212685 4.783155441 -0.000026554 0.999997437 -0.002242136 -2.696927547 -0.346213579 0.002094280 0.938153327 100.324134827
0.932970226 0.000608987 0.359953195 5.015710831 0.000211181 0.999997497 -0.002239210 -2.708124399 -0.359953672 0.002165131 0.932967663 100.843833923
0.927986085 0.000192000 0.372614801 5.238422394 0.000638335 0.999997556 -0.002105030 -2.730578184 -0.372614354 0.002191291 0.927983701 101.370986938
0.923231900 -0.000450714 0.384242982 5.467685699 0.001352086 0.999996901 -0.002075708 -2.745325327 -0.384240866 0.002435889 0.923229635 101.870681763
0.917303681 -0.001384674 0.398185939 5.704273224 0.002339016 0.999995410 -0.001910967 -2.756331444 -0.398181498 0.002684300 0.917302668 102.349266052
0.911136568 -0.000289857 0.412104458 5.945957184 0.001187435 0.999997437 -0.001921987 -2.771631718 -0.412102848 0.002240539 0.911134601 102.877571106
0.906394958 -0.001231465 0.422429532 6.202854156 0.002069918 0.999996662 -0.001526176 -2.800544739 -0.422426194 0.002257713 0.906394482 103.328155518
0.900595427 -0.001249225 0.434656501 6.454620361 0.002061741 0.999996901 -0.001397824 -2.822081089 -0.434653431 0.002155023 0.900595188 103.787582397
0.894266129 -0.002182965 0.447530389 6.724040985 0.003141122 0.999994040 -0.001398892 -2.841272831 -0.447524667 0.002656729 0.894267619 104.256866455
0.887980044 -0.001159205 0.459880680 6.984619141 0.001946935 0.999997377 -0.001238665 -2.859943151 -0.459878027 0.001995268 0.887979865 104.747871399
0.881955564 -0.001129813 0.471331269 7.273712158 0.002182192 0.999996185 -0.001686261 -2.855958939 -0.471327573 0.002515743 0.881954670 105.312011719
0.874400437 -0.001271674 0.485203564 7.567111969 0.002252375 0.999996424 -0.001438177 -2.874995708 -0.485199988 0.002350403 0.874400139 105.791999817
0.867195010 -0.002159067 0.497964084 7.853851318 0.003610441 0.999991596 -0.001951761 -2.880167961 -0.497955710 0.003490428 0.867195487 106.248695374
