1.000000000 0.000000000 0.000000000 0.000000000 0.000000000 1.000000000 0.000000000 0.000000000 0.000000000 0.000000000 1.000000000 0.000000000
1.000000000 0.000048486 -0.000030172 0.000239207 -0.000048481 1.000000000 0.000148754 -0.000498427 0.000030179 -0.000148753 1.000000000 0.000331579
1.000000000 0.000193366 -0.000087320 0.000934228 -0.000193352 0.999999940 0.000160085 -0.001016616 0.000087351 -0.000160068 1.000000000 -0.000861918
0.999999940 0.000245643 0.000005073 -0.000194594 -0.000245643 0.999999940 0.000058582 -0.000073209 -0.000005059 -0.000058583 1.000000000 0.000514942
1.000000000 0.000061678 0.000017602 -0.000774074 -0.000061677 1.000000000 -0.000026037 0.000788805 -0.000017604 0.000026036 1.000000000 -0.000600306
1.000000000 0.000065986 0.000077160 -0.000760057 -0.000065992 1.000000000 0.000081287 -0.000683984 -0.000077155 -0.000081292 1.000000000 -0.000416374
1.000000000 -0.000034745 0.000040387 0.000780806 0.000034741 1.000000000 0.000110084 -0.000589258 -0.000040391 -0.000110083 1.000000000 -0.000302737
1.000000000 0.000060547 0.000076393 0.000120281 -0.000060557 1.000000000 0.000126238 -0.000138416 -0.000076385 -0.000126242 1.000000000 0.001036805
1.000000000 -0.000093326 0.000095583 0.000421651 0.000093321 1.000000000 0.000044016 -0.000310768 -0.000095587 -0.000044007 1.000000000 -0.000877961
1.000000000 -0.000127121 0.000007888 0.000987443 0.000127120 1.000000000 0.000118970 0.000123656 -0.000007903 -0.000118969 1.000000000 0.000549389
1.000000000 0.000021126 -0.000024805 0.000465849 -0.000021125 1.000000000 0.000051826 -0.000002909 0.000024806 -0.000051825 1.000000000 -0.000449921
1.000000000 0.000114890 0.000026297 0.000311481 -0.000114889 1.000000000 -0.000039658 0.001452829 -0.000026301 0.000039655 1.000000000 0.001519397
1.000000000 -0.000203768 -0.000069237 0.000888730 0.000203773 1.000000000 0.000068879 0.000299457 0.000069222 -0.000068893 1.000000000 0.000658953
1.000000000 -0.000060174 0.000007975 0.000800742 0.000060174 1.000000000 0.000097488 -0.000760605 -0.000007981 -0.000097487 1.000000000 -0.000774663
1.000000000 -0.000119810 -0.000015990 0.000845579 0.000119811 1.000000000 0.000068570 -0.000155678 0.000015981 -0.000068572 1.000000000 0.000319683
0.999999940 -0.000226595 -0.000138146 0.001026710 0.000226612 0.999999940 0.000117983 -0.000344559 0.000138120 -0.000118014 1.000000000 -0.000119545
1.000000000 0.000104120 0.000146465 -0.000849437 -0.000104138 1.000000000 0.000127832 -0.000380694 -0.000146451 -0.000127847 1.000000000 -0.000132548
1.000000000 -0.000033885 -0.000035561 0.000383009 0.000033887 1.000000000 0.000056506 -0.000007730 0.000035559 -0.000056507 1.000000000 -0.000578374
1.000000000 -0.000056051 0.000072615 0.000488900 0.000056047 1.000000000 0.000063839 -0.000566741 -0.000072618 -0.000063834 1.000000000 0.000070164
1.000000000 -0.000048291 -0.000036001 0.000870947 0.000048295 1.000000000 0.000103079 -0.000600271 0.000035997 -0.000103081 1.000000000 -0.000768485
0.999999940 0.000250739 0.000084245 -0.000521070 -0.000250736 0.999999940 -0.000026794 -0.000190376 -0.000084252 0.000026772 1.000000000 -0.000910935
1.000000000 0.000135108 0.000006580 0.000275553 -0.000135109 1.000000000 0.000127249 -0.000244938 -0.000006563 -0.000127250 1.000000000 -0.000413982
1.000000000 -0.000196298 0.000063728 0.001069705 0.000196290 1.000000000 0.000127399 -0.000564891 -0.000063753 -0.000127386 1.000000000 0.000614550
1.000000000 0.000234703 0.000023519 0.000145512 -0.000234708 0.999999940 0.000227279 -0.000506768 -0.000023466 -0.000227285 1.000000000 0.000483631
1.000000000 0.000124659 -0.000005172 0.000863487 -0.000124660 1.000000000 -0.000083493 0.000833889 0.000005162 0.000083494 1.000000000 -0.000790611
1.000000000 0.000190350 0.000005104 0.000551998 -0.000190349 0.999999940 -0.000177308 0.001969166 -0.000005138 0.000177307 1.000000000 -0.001155515
1.000000000 0.000165050 -0.000047685 0.000467978 -0.000165050 1.000000000 0.000014771 0.000014915 0.000047688 -0.000014763 1.000000000 -0.001001140
1.000000000 0.000160834 0.000059156 0.000112059 -0.000160849 0.999999940 0.000252377 -0.000157795 -0.000059115 -0.000252387 0.999999940 0.001378369
1.000000000 -0.000087157 -0.000054643 0.000449029 0.000087168 1.000000000 0.000200764 -0.000096046 0.000054625 -0.000200769 1.000000000 0.000779971
1.000000000 -0.000025965 -0.000026525 0.000531692 0.000025968 1.000000000 0.000137649 0.000063562 0.000026521 -0.000137650 1.000000000 0.001167236
1.000000000 0.000075936 0.000028080 -0.000142773 -0.000075942 1.000000000 0.000218142 -0.001174374 -0.000028063 -0.000218144 1.000000000 -0.000103654
1.000000000 -0.000133582 -0.000091884 0.000966417 0.000133581 1.000000000 -0.000009383 0.000391488 0.000091885 0.000009370 1.000000000 -0.000604669
1.000000000 -0.000101046 -0.000039308 0.000580766 0.000101048 1.000000000 0.000037152 -0.000015529 0.000039304 -0.000037156 1.000000000 -0.000205376
1.000000000 -0.000166238 -0.000108288 0.002034335 0.000166248 1.000000000 0.000093372 -0.000701887 0.000108272 -0.000093390 1.000000000 -0.000531415
1.000000000 0.000117754 0.000076004 -0.000828072 -0.000117762 1.000000000 0.000108259 -0.000329867 -0.000075991 -0.000108268 1.000000000 0.000043603
1.000000000 0.000170187 -0.000010668 -0.000616379 -0.000170186 1.000000000 0.000119088 -0.000049258 0.000010689 -0.000119086 1.000000000 0.001843296
1.000000000 -0.000129882 -0.000092401 0.001326068 0.000129885 1.000000000 0.000031858 0.000639390 0.000092397 -0.000031870 1.000000000 0.002130999
1.000000000 0.000011336 0.000020552 0.000151772 -0.000011341 1.000000000 0.000221386 -0.000779446 -0.000020550 -0.000221386 1.000000000 -0.000431455
1.000000000 -0.000088902 0.000020630 0.000950786 0.000088900 1.000000000 0.000082097 0.000223476 -0.000020637 -0.000082095 1.000000000 -0.000846976
1.000000000 -0.000077227 0.000114723 0.000429930 0.000077227 1.000000000 0.000002608 0.000180124 -0.000114723 -0.000002599 1.000000000 0.001800429
0.999996901 0.002496926 0.000095210 -0.004121816 -0.002496946 0.999996841 0.000211191 -0.008688806 -0.000094682 -0.000211428 1.000000000 0.058113750
0.999997020 0.002455239 -0.000149294 -0.001822366 -0.002455305 0.999996841 -0.000443504 -0.011041874 0.000148205 0.000443869 0.999999940 0.144998923
0.999995708 0.002922359 -0.000012845 -0.002024117 -0.002922368 0.999995410 -0.000783959 -0.013644136 0.000010554 0.000783994 0.999999702 0.259615958
0.999987602 0.004853272 0.001130651 -0.010731655 -0.004853259 0.999988139 -0.000014729 -0.030528724 -0.001130709 0.000009242 0.999999344 0.368553907
0.999986649 0.005029374 0.001245101 -0.008297427 -0.005029209 0.999987304 -0.000136003 -0.034974407 -0.001245769 0.000129740 0.999999225 0.505029678
0.999985158 0.005312614 0.001208955 -0.005776769 -0.005312420 0.999985874 -0.000163584 -0.038841069 -0.001209807 0.000157159 0.999999166 0.660052061
0.999988019 0.004773131 0.001085221 0.004922590 -0.004773564 0.999988556 0.000396755 -0.046387739 -0.001083315 -0.000401931 0.999999344 0.810781062
0.999987483 0.004906964 0.000939660 0.008448974 -0.004907324 0.999987900 0.000381545 -0.049579915 -0.000937776 -0.000386152 0.999999523 0.980134368
0.999990165 0.004411136 0.000511782 0.016695349 -0.004411674 0.999989688 0.001054984 -0.058224481 -0.000507123 -0.001057231 0.999999225 1.154793978
0.999986053 0.005272363 0.000335740 0.017839467 -0.005272176 0.999985874 -0.000556474 -0.031776536 -0.000338669 0.000554696 0.999999762 1.398845077
0.999983549 0.005736762 0.000394379 0.022039460 -0.005736494 0.999983311 -0.000676089 -0.035225634 -0.000398251 0.000673815 0.999999642 1.592218637
0.999985039 0.005467314 0.000310344 0.026799792 -0.005467179 0.999984980 -0.000432681 -0.040052608 -0.000312705 0.000430978 0.999999821 1.786266446
0.999987364 0.005019046 0.000081945 0.035220459 -0.005019119 0.999987006 0.000918288 -0.080006160 -0.000077335 -0.000918688 0.999999583 1.975386739
0.999990523 0.004329593 0.000459924 0.036205195 -0.004330240 0.999989629 0.001414940 -0.086378470 -0.000453793 -0.001416918 0.999998868 2.139933586
0.999990344 0.004371493 0.000439249 0.039465908 -0.004372059 0.999989629 0.001295281 -0.088086240 -0.000433582 -0.001297189 0.999999046 2.358883619
0.999992907 0.003745057 0.000366558 0.045347486 -0.003745545 0.999992073 0.001339814 -0.097163633 -0.000361538 -0.001341178 0.999999046 2.593317270
0.999990106 0.004423705 0.000266160 0.050093547 -0.004424106 0.999988973 0.001524824 -0.104020059 -0.000259412 -0.001525986 0.999998748 2.825241804
0.999988914 0.004620524 0.000848287 0.052933365 -0.004621050 0.999989092 0.000619686 -0.102922112 -0.000845414 -0.000623599 0.999999464 3.049344063
0.999989927 0.004464809 0.000443304 0.061140608 -0.004464965 0.999989986 0.000350149 -0.108133025 -0.000441736 -0.000352125 0.999999881 3.296556950
0.999989331 0.004570979 0.000694222 0.063717820 -0.004571718 0.999988973 0.001066194 -0.120100133 -0.000689341 -0.001069356 0.999999166 3.538106680
0.999991298 0.004121363 0.000581573 0.068425752 -0.004121889 0.999991059 0.000906605 -0.125322104 -0.000577831 -0.000908994 0.999999404 3.794026613
0.999984503 0.005557537 0.000267555 0.078366131 -0.005557663 0.999984443 0.000473500 -0.127104998 -0.000264919 -0.000474980 0.999999881 4.067975998
0.999986231 0.005188987 0.000811633 0.079044975 -0.005190265 0.999985278 0.001579714 -0.147196129 -0.000803424 -0.001583905 0.999998450 4.295066357
0.999986291 0.005117811 0.001097454 0.084564552 -0.005118818 0.999986470 0.000916147 -0.148988858 -0.001092750 -0.000921752 0.999999046 4.557400227
0.999984443 0.005549205 0.000538182 0.090906873 -0.005549827 0.999983847 0.001160413 -0.153966308 -0.000531734 -0.001163382 0.999999166 4.796999454
0.999985993 0.005241437 0.000658831 0.105614752 -0.005242532 0.999984801 0.001670877 -0.178175166 -0.000650063 -0.001674308 0.999998391 5.058844090
0.999985933 0.005278792 0.000604947 0.108212382 -0.005279482 0.999985397 0.001144493 -0.182507500 -0.000598897 -0.001147670 0.999999166 5.321426868
0.999982357 0.005895009 0.000722639 0.106115334 -0.005896419 0.999980688 0.001965874 -0.187291443 -0.000711037 -0.001970100 0.999997795 5.564921379
0.999987781 0.004930365 0.000316973 0.113964595 -0.004931235 0.999983847 0.002803677 -0.201710388 -0.000303145 -0.002805206 0.999996006 5.833719254
0.999985397 0.005281836 0.001149331 0.114452615 -0.005284337 0.999983668 0.002184344 -0.211567715 -0.001137774 -0.002190386 0.999996960 6.089881897
0.999984562 0.005396517 0.001301843 0.117509723 -0.005399243 0.999983191 0.002098951 -0.214727655 -0.001290494 -0.002105948 0.999996901 6.377286434
0.999989390 0.004573561 0.000541359 0.133946076 -0.004574546 0.999987841 0.001832545 -0.218980491 -0.000532971 -0.001835002 0.999998152 6.671602726
0.999989986 0.004346122 0.001006557 0.137946606 -0.004348040 0.999988675 0.001910740 -0.227735594 -0.000998242 -0.001915098 0.999997616 6.969960690
0.999986529 0.005164958 0.000477216 0.146513388 -0.005165454 0.999986053 0.001044680 -0.221144632 -0.000471814 -0.001047131 0.999999344 7.284247398
0.999985039 0.005402140 0.000794820 0.152622268 -0.005402931 0.999984920 0.000997842 -0.227605134 -0.000789417 -0.001002122 0.999999106 7.596909523
0.999988139 0.004846330 0.000495236 0.161689416 -0.004847387 0.999985933 0.002156357 -0.250086486 -0.000484778 -0.002158732 0.999997556 7.887156010
0.999984920 0.005419414 0.000916242 0.164940268 -0.005420844 0.999984026 0.001565537 -0.253039211 -0.000907743 -0.001570480 0.999998271 8.203714371
0.999987543 0.004911789 0.000801411 0.170549542 -0.004913003 0.999986768 0.001520530 -0.257371098 -0.000793931 -0.001524448 0.999998510 8.535635948
0.999988139 0.004685462 0.001337105 0.173558563 -0.004687481 0.999987900 0.001510581 -0.267235368 -0.001330011 -0.001516831 0.999997973 8.865667343
0.999988437 0.004694694 0.001035388 0.181995988 -0.004696151 0.999987900 0.001409183 -0.273579568 -0.001028759 -0.001414029 0.999998391 9.196271896
0.999987721 0.004853298 0.000991844 0.191364646 -0.004854235 0.999987781 0.000944467 -0.278307080 -0.000987248 -0.000949270 0.999999046 9.553993225
0.999989569 0.004490607 0.000809910 0.202676222 -0.004491659 0.999989092 0.001302488 -0.294445157 -0.000804052 -0.001306112 0.999998808 9.896409035
0.999987423 0.004936917 0.000891525 0.210233822 -0.004938135 0.999986887 0.001368920 -0.307439387 -0.000884755 -0.001373306 0.999998689 10.260177612
0.999988019 0.004801236 0.000957689 0.216889024 -0.004802153 0.999988019 0.000956703 -0.310335815 -0.000953084 -0.000961291 0.999999106 10.626189232
0.999985933 0.005195528 0.001042526 0.222681940 -0.005196948 0.999985516 0.001362994 -0.320549101 -0.001035430 -0.001368393 0.999998450 10.984090805
0.999984264 0.005488207 0.001088148 0.232577741 -0.005488927 0.999984741 0.000659768 -0.321849823 -0.001084510 -0.000665730 0.999999166 11.374217987
0.999990821 0.004148169 0.001081394 0.235576987 -0.004149606 0.999990463 0.001329733 -0.332910717 -0.001075867 -0.001334208 0.999998510 11.752570152
0.999985933 0.005197320 0.001057597 0.245409608 -0.005198447 0.999985933 0.001065279 -0.346791923 -0.001052045 -0.001070761 0.999998868 12.129913330
0.999986172 0.005133412 0.001095120 0.257930517 -0.005134611 0.999986231 0.001095472 -0.358209133 -0.001089481 -0.001101081 0.999998808 12.517428398
0.999987245 0.004993685 0.000776816 0.265236467 -0.004994400 0.999987125 0.000922581 -0.361293256 -0.000772199 -0.000926449 0.999999285 12.918012619
0.999986947 0.004979521 0.001145193 0.271585256 -0.004980826 0.999986887 0.001139588 -0.374028295 -0.001139503 -0.001145277 0.999998629 13.310112000
0.999986470 0.005049536 0.001235373 0.277320415 -0.005050175 0.999987125 0.000514748 -0.378645837 -0.001232758 -0.000520979 0.999999106 13.723504066
0.999985337 0.005177919 0.001549329 0.287987173 -0.005178934 0.999986291 0.000651817 -0.389807791 -0.001545932 -0.000659831 0.999998569 14.142787933
0.999988139 0.004649505 0.001459138 0.295971543 -0.004650336 0.999989033 0.000566983 -0.400922418 -0.001456485 -0.000573762 0.999998748 14.551397324
0.999985099 0.004961100 0.002334004 0.299179316 -0.004962591 0.999987483 0.000633151 -0.413717628 -0.002330834 -0.000644724 0.999997079 14.963330269
0.999984860 0.005115422 0.002022182 0.316408813 -0.005116476 0.999986768 0.000516079 -0.422821581 -0.002019515 -0.000526417 0.999997735 15.411060333
0.999985516 0.004800519 0.002398144 0.328233659 -0.004802332 0.999988198 0.000751365 -0.444318801 -0.002394508 -0.000762871 0.999996841 15.847613335
0.999986172 0.004587168 0.002570071 0.337177783 -0.004590801 0.999988496 0.001409443 -0.459863365 -0.002563577 -0.001421222 0.999995708 16.283824921
0.999983966 0.004816639 0.002951922 0.346255541 -0.004818804 0.999988079 0.000726824 -0.461974651 -0.002948386 -0.000741037 0.999995351 16.723930359
0.999980628 0.005036540 0.003651450 0.349764347 -0.005039798 0.999986887 0.000883547 -0.476627439 -0.003646952 -0.000901933 0.999992907 17.179824829
0.999977589 0.005540218 0.003749537 0.357304156 -0.005545903 0.999983430 0.001507526 -0.500409544 -0.003741123 -0.001528286 0.999991834 17.618005753
0.999974191 0.005844574 0.004173325 0.367671132 -0.005851625 0.999981463 0.001679201 -0.516053677 -0.004163434 -0.001703578 0.999989927 18.088592529
0.999979496 0.005201741 0.003724500 0.393424660 -0.005205150 0.999986053 0.000906409 -0.513550043 -0.003719732 -0.000925778 0.999992609 18.542322159
0.999978721 0.005397164 0.003674388 0.404132247 -0.005402483 0.999984443 0.001439084 -0.535709321 -0.003666564 -0.001458904 0.999992192 19.003526688
0.999972641 0.005903093 0.004443879 0.411729693 -0.005909189 0.999981642 0.001359883 -0.548839271 -0.004435770 -0.001386106 0.999989212 19.512588501
0.999976814 0.005452884 0.004060559 0.430772394 -0.005458661 0.999984026 0.001413008 -0.565858960 -0.004052790 -0.001435141 0.999990761 19.997629166
0.999977946 0.005363933 0.003909534 0.443227053 -0.005369850 0.999984384 0.001504429 -0.578755617 -0.003901404 -0.001525390 0.999991238 20.498605728
0.999981463 0.005130430 0.003256990 0.469674706 -0.005137873 0.999984324 0.002281383 -0.600599825 -0.003245233 -0.002298075 0.999992073 20.961729050
0.999984026 0.005035547 0.002541744 0.484248638 -0.005039962 0.999985814 0.001733858 -0.608117044 -0.002532978 -0.001746641 0.999995291 21.474769592
0.999985337 0.005005498 0.002025164 0.491526097 -0.005010466 0.999984443 0.002455971 -0.629904568 -0.002012838 -0.002466082 0.999994934 21.985523224
0.999990702 0.004002859 0.001619457 0.507282734 -0.004008069 0.999986768 0.003226701 -0.644290328 -0.001606519 -0.003233162 0.999993503 22.494796753
0.999988198 0.004728397 0.001105925 0.512964845 -0.004731630 0.999984503 0.002938616 -0.657649279 -0.001092012 -0.002943815 0.999994993 23.012134552
0.999989748 0.004501717 0.000402383 0.529276192 -0.004503056 0.999984086 0.003392353 -0.675966322 -0.000387106 -0.003394130 0.999994159 23.507459641
0.999994457 0.003284579 0.000398437 0.529988825 -0.003285366 0.999992609 0.001992713 -0.682386875 -0.000391889 -0.001994011 0.999997914 24.024705887
0.999988854 0.004628368 -0.000921926 0.547480226 -0.004625828 0.999985576 0.002738013 -0.691206813 0.000934585 -0.002733718 0.999995768 24.541385651
0.999981940 0.006001065 -0.000189714 0.533720970 -0.006000689 0.999980152 0.001920258 -0.693163574 0.000201234 -0.001919085 0.999998152 25.101236343
0.999982715 0.005877340 -0.000128481 0.538638651 -0.005877165 0.999981821 0.001321534 -0.702475548 0.000136246 -0.001320757 0.999999106 25.646102905
0.999987125 0.005045269 -0.000497855 0.535022378 -0.005043926 0.999983728 0.002663158 -0.742717564 0.000511283 -0.002660613 0.999996305 26.138713837
0.999988675 0.004646055 -0.001031538 0.541439772 -0.004641809 0.999980927 0.004081830 -0.758913875 0.001050483 -0.004076996 0.999991119 26.708980560
0.999985218 0.005292221 -0.001256733 0.565740347 -0.005287691 0.999979615 0.003580467 -0.790518641 0.001275656 -0.003573769 0.999992788 27.237802505
0.999986947 0.004619805 -0.002181120 0.576839626 -0.004612498 0.999983847 0.003342788 -0.813961029 0.002196527 -0.003332683 0.999992073 27.751178741
0.999979913 0.005521678 -0.003116486 0.610726714 -0.005504093 0.999969006 0.005623191 -0.862112105 0.003147439 -0.005605924 0.999979317 28.338489532
0.999969244 0.007234395 -0.003028726 0.601060092 -0.007224589 0.999968588 0.003236309 -0.830099225 0.003052044 -0.003214329 0.999990165 28.884054184
0.999979496 0.004896009 -0.004125171 0.624955893 -0.004882598 0.999982774 0.003254861 -0.842019558 0.004141036 -0.003234653 0.999986172 29.428901672
0.999978423 0.004190199 -0.005042376 0.643234491 -0.004174639 0.999986529 0.003092425 -0.854724765 0.005055266 -0.003071309 0.999982476 29.958778381
0.999980032 0.004735267 -0.004190927 0.641816378 -0.004721771 0.999983668 0.003224336 -0.873531580 0.004206126 -0.003204483 0.999985993 30.510377884
0.999977469 0.004798143 -0.004691453 0.642106831 -0.004789027 0.999986649 0.001952345 -0.875931561 0.004700758 -0.001929834 0.999987006 31.090801239
0.999979377 0.004246118 -0.004805026 0.645566225 -0.004237062 0.999989271 0.001893191 -0.891229630 0.004813012 -0.001872793 0.999986589 31.638872147
0.999975562 0.003500129 -0.006049840 0.683832526 -0.003474609 0.999985158 0.004223528 -0.945516467 0.006064532 -0.004202405 0.999972761 32.140766144
0.999971509 0.004528348 -0.006025896 0.687910259 -0.004501164 0.999979675 0.004517156 -0.965579748 0.006046228 -0.004489904 0.999971628 32.649353027
0.999970913 0.004111723 -0.006427014 0.693678021 -0.004083579 0.999982059 0.004385759 -0.979863405 0.006444932 -0.004359386 0.999969661 33.214328766
0.999966979 0.004442556 -0.006806212 0.697126091 -0.004417930 0.999983668 0.003628836 -0.975843072 0.006822222 -0.003598647 0.999970198 33.769966125
0.999972165 0.004151809 -0.006199403 0.695949078 -0.004124979 0.999982059 0.004334444 -0.999400258 0.006217288 -0.004308751 0.999971330 34.305435181
0.999968886 0.004635903 -0.006381996 0.703893542 -0.004609390 0.999980628 0.004162912 -1.013702631 0.006401172 -0.004133366 0.999970913 34.862632751
0.999968648 0.004823405 -0.006270112 0.712626338 -0.004797854 0.999980152 0.004083688 -1.018162370 0.006289684 -0.004053477 0.999971986 35.418083191
0.999964654 0.003769497 -0.007515047 0.733261943 -0.003740148 0.999985337 0.003915452 -1.033061862 0.007529696 -0.003887207 0.999964118 35.971824646
0.999973416 0.005200431 -0.005115369 0.690441370 -0.005187046 0.999983072 0.002626477 -1.005733490 0.005128942 -0.002599873 0.999983430 36.467170715
0.999973297 0.004096841 -0.006052978 0.704378486 -0.004072141 0.999983370 0.004087202 -1.062969327 0.006069623 -0.004062444 0.999973357 37.039871216
0.999968708 0.004582930 -0.006447816 0.723163962 -0.004563393 0.999984980 0.003041720 -1.051530957 0.006461659 -0.003012201 0.999974608 37.573253632
0.999969602 0.004424456 -0.006417592 0.728832304 -0.004400491 0.999983430 0.003743472 -1.068117619 0.006434048 -0.003715118 0.999972343 38.106781006
0.999972284 0.003867615 -0.006349310 0.725779533 -0.003842345 0.999984682 0.003987375 -1.082749248 0.006364633 -0.003962868 0.999971867 38.636745453
0.999966025 0.005213558 -0.006389258 0.732523501 -0.005188477 0.999978900 0.003935738 -1.092023849 0.006409642 -0.003902454 0.999971867 39.231689453
0.999965847 0.004108787 -0.007173487 0.754811287 -0.004084415 0.999985874 0.003408931 -1.103833914 0.007187393 -0.003379515 0.999968410 39.749843597
0.999961138 0.005005168 -0.007252008 0.766139150 -0.004980785 0.999981880 0.003376301 -1.114846945 0.007268775 -0.003340050 0.999967933 40.302299500
0.999960065 0.004627257 -0.007636672 0.775647163 -0.004604034 0.999984741 0.003055768 -1.124980688 0.007650695 -0.003020487 0.999966145 40.860916138
0.999963105 0.004261627 -0.007456311 0.777453303 -0.004240416 0.999986947 0.002858279 -1.134238839 0.007468395 -0.002826555 0.999968052 41.414432526
0.999957681 0.004971011 -0.007743692 0.784923136 -0.004953523 0.999985158 0.002275980 -1.144097924 0.007754890 -0.002237525 0.999967456 41.952831268
0.999956608 0.004752431 -0.008010332 0.788831472 -0.004741401 0.999987900 0.001395340 -1.146580219 0.008016866 -0.001357300 0.999966860 42.490085602
0.999960363 0.005276908 -0.007165264 0.788882971 -0.005263431 0.999984443 0.001898260 -1.160767436 0.007175168 -0.001860471 0.999972522 43.046298981
0.999956369 0.006008663 -0.007149239 0.798080862 -0.005990990 0.999978960 0.002490914 -1.183895350 0.007164056 -0.002447975 0.999971330 43.598453522
0.999958217 0.004928578 -0.007700957 0.804730654 -0.004907916 0.999984324 0.002699639 -1.198493958 0.007714142 -0.002661731 0.999966681 44.118549347
0.999962091 0.005243126 -0.006950634 0.798779845 -0.005232614 0.999985158 0.001529670 -1.195701838 0.006958551 -0.001493242 0.999974668 44.680606842
0.999960959 0.005203145 -0.007138030 0.808840990 -0.005190131 0.999984860 0.001840521 -1.213646173 0.007147498 -0.001803402 0.999972820 45.227664948
0.999961913 0.004224908 -0.007639410 0.824473977 -0.004211042 0.999989569 0.001830233 -1.227319121 0.007647062 -0.001797994 0.999969125 45.792858124
0.999958873 0.004893373 -0.007635119 0.826063752 -0.004875780 0.999985397 0.002321105 -1.250118732 0.007646366 -0.002283783 0.999968171 46.322204590
0.999963820 0.004804016 -0.007022179 0.814620137 -0.004790572 0.999986768 0.001930026 -1.254923582 0.007031357 -0.001896316 0.999973476 46.862293243
0.999965370 0.005482152 -0.006260531 0.808684349 -0.005468177 0.999982536 0.002247217 -1.275073409 0.006272741 -0.002212906 0.999977887 47.389507294
0.999967694 0.004943680 -0.006352677 0.822052836 -0.004934974 0.999986887 0.001385409 -1.269712090 0.006359443 -0.001354014 0.999978840 47.960041046
0.999967039 0.005941462 -0.005533230 0.822478592 -0.005932221 0.999980986 0.001684909 -1.289578080 0.005543136 -0.001652029 0.999983251 48.495788574
0.999968648 0.005773158 -0.005404609 0.828158975 -0.005765740 0.999982357 0.001387104 -1.301755428 0.005412521 -0.001355900 0.999984443 49.037364960
0.999969780 0.005332949 -0.005658793 0.842622280 -0.005320946 0.999983549 0.002134050 -1.324020743 0.005670081 -0.002103875 0.999981642 49.585979462
0.999968767 0.005653928 -0.005513433 0.840024233 -0.005645939 0.999983013 0.001463671 -1.323144555 0.005521616 -0.001432497 0.999983668 50.127521515
0.999971271 0.005583625 -0.005130523 0.845337212 -0.005580184 0.999984205 0.000684822 -1.334322810 0.005134266 -0.000656173 0.999986589 50.670829773
0.999974310 0.005523488 -0.004592945 0.848030150 -0.005517324 0.999983788 0.001353338 -1.356374264 0.004600347 -0.001327962 0.999988556 51.219799042
0.999968052 0.006102506 -0.005149566 0.858445168 -0.006095172 0.999980390 0.001438436 -1.370349407 0.005158242 -0.001407003 0.999985695 51.769580841
0.999972761 0.005662221 -0.004717384 0.865735412 -0.005660200 0.999983907 0.000441519 -1.377727866 0.004719807 -0.000414806 0.999988794 52.305099487
0.999976456 0.006020425 -0.003270322 0.854713976 -0.006020102 0.999981821 0.000107975 -1.385187745 0.003270913 -0.000088285 0.999994636 52.858573914
0.999971092 0.006980315 -0.002988769 0.842221797 -0.006980743 0.999975622 -0.000132368 -1.395850182 0.002987772 0.000153229 0.999995530 53.358352661
0.999973059 0.006272302 -0.003813733 0.859593153 -0.006276098 0.999979794 -0.000983274 -1.392271519 0.003807489 0.001007183 0.999992251 53.872531891
0.999971628 0.006912624 -0.003037857 0.867047071 -0.006911819 0.999976099 0.000275619 -1.431865096 0.003039690 -0.000254613 0.999995351 54.409118652
0.999966681 0.007439766 -0.003341045 0.882026672 -0.007441655 0.999972165 -0.000553616 -1.437566519 0.003336833 0.000578460 0.999994278 54.960380554
0.999965727 0.007767835 -0.002856826 0.883826137 -0.007769935 0.999969482 -0.000724052 -1.448325157 0.002851115 0.000746224 0.999995649 55.508129120
0.999968827 0.007392292 -0.002755040 0.887820363 -0.007392637 0.999972641 -0.000115610 -1.469394803 0.002754109 0.000135974 0.999996185 56.057437897
0.999964356 0.007921816 -0.002928708 0.906489372 -0.007922700 0.999968588 -0.000290236 -1.489549756 0.002926317 0.000313429 0.999995649 56.590049744
0.999969840 0.007230539 -0.002814746 0.920235157 -0.007229953 0.999973774 0.000218464 -1.499205947 0.002816252 -0.000198106 0.999996006 57.150196075
0.999969006 0.007337730 -0.002855052 0.925940275 -0.007337689 0.999972999 0.000023510 -1.517776012 0.002855147 -0.000002561 0.999995947 57.688846588
0.999964654 0.007830636 -0.003057537 0.940430939 -0.007831435 0.999969304 -0.000249532 -1.531027079 0.003055489 0.000273469 0.999995291 58.245346069
0.999972343 0.006967679 -0.002576883 0.933037043 -0.006967990 0.999975681 -0.000111616 -1.549718857 0.002576042 0.000129568 0.999996662 58.783050537
0.999970019 0.007340461 -0.002471079 0.943483651 -0.007341887 0.999972880 -0.000567921 -1.562089562 0.002466843 0.000586046 0.999996781 59.329570770
0.999967933 0.007622655 -0.002465412 0.953776479 -0.007623292 0.999970913 -0.000249897 -1.579676032 0.002463435 0.000268684 0.999996901 59.870788574
0.999967337 0.007618788 -0.002700675 0.969350517 -0.007619341 0.999970913 -0.000194701 -1.589673281 0.002699113 0.000215272 0.999996305 60.413055420
0.999969542 0.007417545 -0.002398930 0.972169340 -0.007418234 0.999972403 -0.000278805 -1.602240801 0.002396796 0.000296592 0.999997079 60.970687866
0.999970436 0.007506082 -0.001683260 0.976553977 -0.007506599 0.999971747 -0.000301529 -1.619342446 0.001680949 0.000314156 0.999998510 61.508003235
0.999970794 0.007302260 -0.002253738 0.988374352 -0.007301968 0.999973357 0.000138109 -1.644957900 0.002254687 -0.000121649 0.999997377 62.041381836
0.999968767 0.007754642 -0.001489959 0.997765839 -0.007753250 0.999969482 0.000938741 -1.668728948 0.001497194 -0.000927159 0.999998391 62.589443207
0.999965012 0.008132569 -0.001950088 1.008474350 -0.008132675 0.999966860 -0.000046406 -1.672332525 0.001949646 0.000062264 0.999998093 63.118537903
0.999967098 0.007805761 -0.002217563 1.023365855 -0.007805949 0.999969542 -0.000076718 -1.693029881 0.002216897 0.000094026 0.999997556 63.659992218
0.999966323 0.007784486 -0.002588958 1.036201000 -0.007784261 0.999969721 0.000097232 -1.710727215 0.002589636 -0.000077075 0.999996662 64.197593689
0.999970436 0.007351384 -0.002253947 1.051774025 -0.007349808 0.999972761 0.000706777 -1.728688836 0.002259082 -0.000690190 0.999997139 64.725265503
0.999970555 0.007244953 -0.002534623 1.066200256 -0.007243020 0.999973476 0.000770713 -1.747018576 0.002540139 -0.000752332 0.999996483 65.269012451
0.999966562 0.007946794 -0.001943777 1.064910293 -0.007945675 0.999968290 0.000581625 -1.756539226 0.001948338 -0.000566161 0.999997854 65.816894531
0.999971688 0.007141668 -0.002378159 1.079344273 -0.007140981 0.999974430 0.000297214 -1.769523501 0.002380220 -0.000280223 0.999997139 66.362976074
0.999967694 0.007748176 -0.002128029 1.087913394 -0.007747659 0.999969959 0.000251140 -1.784396887 0.002129912 -0.000234645 0.999997675 66.918807983
0.999971867 0.007331242 -0.001557345 1.093037248 -0.007329065 0.999972165 0.001398766 -1.814075232 0.001567556 -0.001387313 0.999997735 67.446228027
0.999966562 0.008042150 -0.001473694 1.103121996 -0.008040142 0.999966741 0.001364303 -1.834989429 0.001484617 -0.001352409 0.999997973 68.003898621
0.999959946 0.008795907 -0.001601137 1.114101171 -0.008794443 0.999960840 0.000920545 -1.845718145 0.001609172 -0.000906427 0.999998271 68.555068970
0.999958932 0.008936139 -0.001587598 1.121745348 -0.008935218 0.999959886 0.000585412 -1.855539322 0.001592766 -0.000571203 0.999998510 69.111701965
0.999961734 0.008610773 -0.001531263 1.136186600 -0.008608992 0.999962389 0.001164916 -1.874887228 0.001541236 -0.001151689 0.999998093 69.649597168
0.999968231 0.007838213 -0.001391247 1.145171523 -0.007837086 0.999968946 0.000812570 -1.888256192 0.001397573 -0.000801641 0.999998629 70.201049805
0.999966681 0.008026754 -0.001475486 1.155108213 -0.008025181 0.999967158 0.001070560 -1.903153658 0.001484030 -0.001058683 0.999998331 70.748191833
0.999968708 0.007701101 -0.001803844 1.171483278 -0.007699145 0.999969721 0.001088111 -1.919466257 0.001812169 -0.001074189 0.999997795 71.307601929
0.999952435 0.009567288 -0.001908251 1.171509027 -0.009565580 0.999953866 0.000901453 -1.930678964 0.001916787 -0.000883156 0.999997795 71.871238708
0.999961734 0.008639455 -0.001363737 1.183220506 -0.008638973 0.999962568 0.000359307 -1.943262935 0.001366790 -0.000347512 0.999998987 72.420562744
0.999960303 0.008659448 -0.002091169 1.193193793 -0.008657574 0.999962091 0.000904240 -1.964261293 0.002098920 -0.000886100 0.999997377 72.946456909
0.999961257 0.008586637 -0.001924393 1.203409433 -0.008585671 0.999962986 0.000508849 -1.969902635 0.001928691 -0.000492307 0.999998033 73.495422363
0.999958813 0.008539991 -0.003075214 1.220900297 -0.008538237 0.999963403 0.000582842 -1.990812778 0.003080078 -0.000556561 0.999995112 74.038970947
0.999963224 0.007939263 -0.003218271 1.237069368 -0.007937264 0.999968231 0.000633776 -1.996608377 0.003223200 -0.000608209 0.999994636 74.596588135
0.999973536 0.005898499 -0.004264704 1.255671978 -0.005900930 0.999982417 -0.000557442 -2.005353689 0.004261341 0.000582593 0.999990761 75.161270142
0.999972939 0.005869867 -0.004438174 1.269873381 -0.005870107 0.999982715 -0.000040842 -2.022306204 0.004437858 0.000066894 0.999990165 75.707817078
0.999971032 0.006728499 -0.003550729 1.271749020 -0.006732041 0.999976993 -0.000986076 -2.036012888 0.003544012 0.001009952 0.999993205 76.246337891
0.999975979 0.006177966 -0.003139931 1.279081464 -0.006177145 0.999980867 0.000270977 -2.060644150 0.003141545 -0.000251575 0.999995053 76.811004639
0.999970555 0.006623015 -0.003870726 1.305665731 -0.006625759 0.999977827 -0.000696897 -2.061981201 0.003866025 0.000722523 0.999992192 77.342727661
0.999970794 0.006230995 -0.004415424 1.318667769 -0.006237101 0.999979615 -0.001370627 -2.060278654 0.004406793 0.001398126 0.999989331 77.882789612
0.999966621 0.007054716 -0.004104370 1.323362112 -0.007061677 0.999973655 -0.001683900 -2.080174685 0.004092382 0.001712828 0.999990165 78.435005188
0.999971151 0.006424583 -0.004056191 1.332310438 -0.006429821 0.999978423 -0.001279923 -2.096620083 0.004047881 0.001305967 0.999990940 79.011825562
0.999977171 0.005562603 -0.003833327 1.354508877 -0.005568685 0.999983191 -0.001577476 -2.110625267 0.003824488 0.001598787 0.999991357 79.537925720
0.999972165 0.006447802 -0.003758913 1.356350183 -0.006452944 0.999978244 -0.001357182 -2.128933430 0.003750081 0.001381401 0.999991953 80.056541443
0.999973595 0.006677995 -0.002873705 1.371964693 -0.006681830 0.999976814 -0.001327462 -2.149091244 0.002864774 0.001346629 0.999994993 80.617881775
0.999969244 0.007779783 -0.000975518 1.376868844 -0.007781423 0.999968290 -0.001689927 -2.163555145 0.000962341 0.001697466 0.999998033 81.180732727
0.999973297 0.007297472 0.000337412 1.387366533 -0.007296895 0.999971986 -0.001678680 -2.176485062 -0.000349652 0.001676173 0.999998510 81.736373901
0.999976754 0.006736247 0.000993148 1.402888417 -0.006734932 0.999976456 -0.001323400 -2.201643944 -0.001002039 0.001316681 0.999998629 82.260231018
0.999960601 0.007547181 0.004669928 1.417622209 -0.007535953 0.999968708 -0.002417450 -2.205696106 -0.004688027 0.002382163 0.999986112 82.837593079
0.999940395 0.007284151 0.008127757 1.437676668 -0.007273491 0.999972641 -0.001340541 -2.232549429 -0.008137299 0.001281344 0.999966085 83.386955261
0.999901831 0.007550412 0.011801383 1.449886560 -0.007539668 0.999971092 -0.000954572 -2.251329184 -0.011808249 0.000865500 0.999929905 83.932739258
0.999842703 0.007880483 0.015886156 1.479479909 -0.007866454 0.999968588 -0.000945302 -2.267646313 -0.015893105 0.000820185 0.999873340 84.467384338
0.999734461 0.007655407 0.021734696 1.508378506 -0.007624296 0.999969721 -0.001513932 -2.277661800 -0.021745628 0.001347818 0.999762595 85.020950317
0.999582410 0.008013415 0.027768463 1.534825087 -0.007979426 0.999967277 -0.001334645 -2.298724890 -0.027778253 0.001112511 0.999613464 85.573081970
0.999413311 0.007038200 0.033517085 1.568971872 -0.006993291 0.999974430 -0.001456926 -2.312537670 -0.033526484 0.001221676 0.999437034 86.115173340
0.999130070 0.006634451 0.041170686 1.609944105 -0.006573760 0.999977052 -0.001609367 -2.324885130 -0.041180421 0.001337320 0.999150753 86.674507141
0.998728216 0.006740513 0.049967416 1.648644447 -0.006676203 0.999976635 -0.001453872 -2.345832348 -0.049976051 0.001118430 0.998749793 87.220680237
0.998364925 0.006064395 0.056838304 1.694226027 -0.006003420 0.999981165 -0.001243490 -2.363124371 -0.056844786 0.000900233 0.998382568 87.762702942
0.997820556 0.006863722 0.065627620 1.754724503 -0.006749246 0.999975204 -0.001965864 -2.372808933 -0.065639496 0.001518643 0.997842252 88.320915222
0.997092485 0.006301794 0.075939812 1.810308456 -0.006162018 0.999978781 -0.002074816 -2.389995575 -0.075951263 0.001600841 0.997110248 88.847183228
0.996424675 0.006695510 0.084220335 1.878759384 -0.006586114 0.999977052 -0.001576698 -2.409639359 -0.084228978 0.001016376 0.996445894 89.405868530
0.995631576 0.006554235 0.093138650 1.933130264 -0.006499927 0.999978483 -0.000886428 -2.435076714 -0.093142442 0.000277161 0.995652735 89.936279297
0.994609296 0.005909914 0.103525035 2.025842667 -0.005830587 0.999982357 -0.001068864 -2.449144125 -0.103529535 0.000459491 0.994626284 90.503234863
0.993436515 0.005445542 0.114254527 2.100739479 -0.005281789 0.999984562 -0.001735924 -2.459185600 -0.114262208 0.001121062 0.993450105 91.042724609
0.992373347 0.006718550 0.123085506 2.170312881 -0.006556084 0.999976993 -0.001724929 -2.472067356 -0.123094268 0.000904815 0.992394567 91.571495056
0.990947306 0.006234913 0.134107366 2.267791748 -0.006050696 0.999980092 -0.001781177 -2.473919868 -0.134115830 0.000953610 0.990965188 92.111480713
0.989164889 0.005386956 0.146709681 2.366697311 -0.005100354 0.999984264 -0.002329619 -2.493767977 -0.146719933 0.001556106 0.989176869 92.692741394
0.987474322 0.005078607 0.157698005 2.479060173 -0.004909260 0.999986827 -0.001463382 -2.519146442 -0.157703400 0.000670871 0.987486303 93.231864929
0.985860646 0.004624732 0.167503491 2.591735840 -0.004314871 0.999988258 -0.002213775 -2.528213739 -0.167511746 0.001459718 0.985868990 93.764602661
0.983443081 0.005306624 0.181139603 2.707983017 -0.005042543 0.999985456 -0.001918377 -2.548592329 -0.181147173 0.000973210 0.983455539 94.305870056
0.981219172 0.005768843 0.192809463 2.844552994 -0.005337935 0.999981940 -0.002754295 -2.556279421 -0.192821860 0.001673363 0.981232285 94.853157043
0.979058325 0.004391933 0.203532547 2.971618652 -0.004063716 0.999989688 -0.002030502 -2.578464031 -0.203539371 0.001160881 0.979066014 95.396064758
0.976301193 0.003658470 0.216385022 3.121103287 -0.003315922 0.999992609 -0.001946084 -2.598217726 -0.216390520 0.001182448 0.976306140 95.920265198
0.973206818 0.005821635 0.229857817 3.272930145 -0.005249072 0.999981403 -0.003102327 -2.578783274 -0.229871631 0.001812666 0.973219275 96.475257874
0.970666587 0.006009809 0.240354314 3.416215897 -0.005569872 0.999981344 -0.002509659 -2.601731777 -0.240364894 0.001097299 0.970682025 96.987030029
0.967667937 0.004356285 0.252189845 3.599292755 -0.003853096 0.999989569 -0.002489080 -2.633207560 -0.252198011 0.001436891 0.967674494 97.490837097
0.964118183 0.003272710 0.265452951 3.781356812 -0.002530805 0.999991894 -0.003136858 -2.638108492 -0.265460968 0.002352492 0.964118719 98.021583557
0.960431397 0.003079478 0.278499573 3.950798035 -0.002222959 0.999991775 -0.003391222 -2.652966976 -0.278507710 0.002637942 0.960430384 98.549446106
0.957220912 0.002703949 0.289345264 4.124319077 -0.001737259 0.999992013 -0.003597734 -2.654095650 -0.289352715 0.002941159 0.957218051 99.091049194
0.952943802 0.002795389 0.303134024 4.312744141 -0.001856067 0.999992490 -0.003386753 -2.678574562 -0.303141236 0.002664749 0.952941835 99.612785339
0.948546052 0.002757315 0.316627175 4.525133133 -0.001657247 0.999991536 -0.003743573 -2.688729525 -0.316634864 0.003026222 0.948542655 100.146980286
0.944611311 0.002733306 0.328179806 4.720472336 -0.001603429 0.999991834 -0.003713410 -2.704998732 -0.328187317 0.002981516 0.944607913 100.657936096
0.939964294 0.002923758 0.341260076 4.929065704 -0.001791957 0.999991834 -0.003631713 -2.721501827 -0.341267884 0.002802158 0.939961970 101.185485840
0.934995651 0.001082506 0.354657561 5.146989822 0.000456579 0.999990821 -0.004255923 -2.728513718 -0.354658961 0.004141198 0.934986591 101.694564819
0.930203736 0.001218310 0.367041647 5.375612259 0.000482120 0.999989569 -0.004541085 -2.735705376 -0.367043346 0.004401092 0.930193424 102.210662842
0.925258875 0.001886352 0.379331708 5.591075897 -0.000323396 0.999991238 -0.004183967 -2.764199257 -0.379336238 0.003748578 0.925251305 102.710754395
0.919783056 0.000587621 0.392426819 5.847072601 0.001099702 0.999991059 -0.004074909 -2.779502392 -0.392425716 0.004179584 0.919774234 103.213058472
0.914189935 -0.000570922 0.405285567 6.096038818 0.002511595 0.999987781 -0.004256652 -2.785558224 -0.405278206 0.004909301 0.914180219 103.704933167
0.909338772 -0.000916425 0.416055441 6.343582153 0.003176935 0.999983668 -0.004740955 -2.789400339 -0.416044354 0.005632915 0.909326792 104.189956665
0.903262258 -0.001198974 0.429087162 6.600875854 0.003188363 0.999987245 -0.003917546 -2.824685097 -0.429077029 0.004906658 0.903254509 104.644439697
0.896757245 -0.001317143 0.442520827 6.864498138 0.003631887 0.999983788 -0.004383522 -2.837866068 -0.442507833 0.005538141 0.896747530 105.115562439
0.890385747 -0.001249328 0.455205113 7.126804352 0.003070360 0.999989927 -0.003261144 -2.869491816 -0.455196470 0.004301319 0.890380621 105.606483459
0.884908080 -0.001893869 0.465761840 7.393077850 0.004155917 0.999984026 -0.003829780 -2.874504089 -0.465747088 0.005324671 0.884901822 106.089111328
0.877707720 -0.002073824 0.479191840 7.665939331 0.004469097 0.999982536 -0.003858105 -2.891407967 -0.479175478 0.005527843 0.877701700 106.537940979
0.871019840 -0.002823542 0.491239816 7.962242126 0.005197080 0.999980569 -0.003467294 -2.915680170 -0.491220444 0.005573095 0.871017456 106.994735718
