1.000000000 0.000000000 0.000000000 0.000000000 0.000000000 1.000000000 0.000000000 0.000000000 0.000000000 0.000000000 1.000000000 0.000000000
1.000000000 0.000043681 -0.000000454 0.000288848 -0.000043681 1.000000000 0.000035259 -0.000640492 0.000000456 -0.000035259 1.000000000 -0.001396499
1.000000000 -0.000013448 -0.000015961 0.001149536 0.000013448 1.000000000 -0.000000095 -0.000291703 0.000015961 0.000000095 1.000000000 -0.001521164
1.000000000 -0.000112967 -0.000110919 0.001977182 0.000112969 1.000000000 0.000018149 -0.001171808 0.000110917 -0.000018161 1.000000000 -0.003970245
0.999999940 -0.000201440 -0.000138049 0.000488437 0.000201442 1.000000000 0.000019026 0.000201544 0.000138046 -0.000019054 1.000000000 -0.002782588
1.000000000 -0.000140828 -0.000033414 0.000955642 0.000140828 1.000000000 0.000024675 -0.000174958 0.000033410 -0.000024679 1.000000000 -0.001030408
1.000000000 -0.000127742 0.000001780 0.000151584 0.000127742 1.000000000 0.000035634 -0.000540444 -0.000001785 -0.000035634 1.000000000 -0.003701154
1.000000000 -0.000042217 -0.000070090 0.001118250 0.000042219 1.000000000 0.000022365 0.000048179 0.000070089 -0.000022368 1.000000000 -0.003028198
1.000000000 -0.000067404 -0.000009765 0.000231855 0.000067404 1.000000000 0.000015814 0.000398716 0.000009764 -0.000015815 1.000000000 -0.000397275
1.000000000 0.000008197 -0.000014168 -0.000540002 -0.000008197 1.000000000 -0.000009832 0.001074819 0.000014168 0.000009832 1.000000000 0.000190732
1.000000000 -0.000088291 -0.000119544 0.001302900 0.000088296 1.000000000 0.000042671 -0.000999571 0.000119540 -0.000042681 1.000000000 -0.001921684
1.000000000 -0.000105683 -0.000073572 0.001074865 0.000105681 1.000000000 -0.000028854 0.000262267 0.000073575 0.000028846 1.000000000 -0.000140331
1.000000000 -0.000130012 -0.000051757 -0.000540740 0.000130012 1.000000000 0.000013154 0.001012962 0.000051756 -0.000013161 1.000000000 0.000473863
1.000000000 -0.000167391 -0.000034252 0.000459052 0.000167391 1.000000000 0.000021652 0.000237953 0.000034249 -0.000021657 1.000000000 -0.003201661
1.000000000 -0.000025561 -0.000050652 0.002358829 0.000025564 1.000000000 0.000051982 -0.000277041 0.000050651 -0.000051983 1.000000000 -0.002634744
1.000000000 -0.000086455 -0.000060076 0.002796121 0.000086461 1.000000000 0.000107672 -0.001317276 0.000060067 -0.000107677 1.000000000 -0.004563858
1.000000000 -0.000113479 -0.000070416 0.002068243 0.000113481 1.000000000 0.000032425 0.000234825 0.000070413 -0.000032433 1.000000000 -0.002009999
1.000000000 -0.000031186 -0.000068602 0.001843446 0.000031191 1.000000000 0.000067419 -0.000226261 0.000068600 -0.000067421 1.000000000 -0.002969590
1.000000000 -0.000165977 -0.000129020 0.002466676 0.000165980 1.000000000 0.000027796 -0.000984238 0.000129015 -0.000027817 1.000000000 -0.002321119
1.000000000 -0.000184919 -0.000092665 0.001606469 0.000184919 1.000000000 0.000000781 0.000581045 0.000092665 -0.000000799 1.000000000 0.000700233
1.000000000 -0.000203220 -0.000093413 0.001236039 0.000203227 1.000000000 0.000071171 -0.001180012 0.000093398 -0.000071190 1.000000000 -0.005646493
1.000000000 -0.000094015 -0.000092334 0.004033817 0.000094019 1.000000000 0.000044828 -0.000351075 0.000092330 -0.000044837 1.000000000 -0.002223783
1.000000000 -0.000129849 -0.000133831 0.003038782 0.000129859 1.000000000 0.000077042 -0.001057907 0.000133821 -0.000077059 1.000000000 -0.002622569
1.000000000 -0.000194956 -0.000120461 0.001642414 0.000194961 1.000000000 0.000042450 0.000061001 0.000120453 -0.000042473 1.000000000 -0.002730326
1.000000000 -0.000155568 -0.000141574 0.003596963 0.000155573 1.000000000 0.000036610 0.000044348 0.000141568 -0.000036632 1.000000000 -0.001524731
1.000000000 -0.000198272 -0.000100723 0.002352885 0.000198275 1.000000000 0.000032601 0.000368555 0.000100717 -0.000032621 1.000000000 -0.001038295
0.999999940 -0.000258977 -0.000170950 0.002452390 0.000258995 0.999999940 0.000105847 -0.000824194 0.000170923 -0.000105891 1.000000000 -0.005478320
0.999999940 -0.000325192 -0.000096785 0.001867605 0.000325200 0.999999940 0.000075795 -0.001145524 0.000096760 -0.000075827 1.000000000 -0.002620799
1.000000000 -0.000063958 -0.000087106 0.001954179 0.000063964 1.000000000 0.000067902 -0.000924134 0.000087102 -0.000067908 1.000000000 -0.003397220
0.999999940 -0.000216810 -0.000134403 0.003092022 0.000216824 1.000000000 0.000101871 -0.001229909 0.000134381 -0.000101900 1.000000000 -0.003299730
0.999999940 -0.000230825 -0.000123734 0.001207541 0.000230831 1.000000000 0.000046192 -0.000317270 0.000123723 -0.000046221 1.000000000 -0.001702757
0.999999940 -0.000281404 -0.000134419 0.001411287 0.000281418 0.999999940 0.000104529 -0.000964754 0.000134390 -0.000104567 1.000000000 -0.003130292
0.999999940 -0.000222079 -0.000132660 0.001758341 0.000222084 1.000000000 0.000033352 -0.000177813 0.000132653 -0.000033382 1.000000000 -0.001735514
1.000000000 -0.000186598 -0.000110047 0.000661017 0.000186600 1.000000000 0.000021000 0.000168286 0.000110043 -0.000021021 1.000000000 -0.000921110
0.999999940 -0.000319099 -0.000124988 0.001575086 0.000319112 0.999999940 0.000100674 -0.001098088 0.000124956 -0.000100714 1.000000000 -0.004018141
0.999999940 -0.000206529 -0.000135353 0.002586487 0.000206529 1.000000000 -0.000000076 -0.000440847 0.000135353 0.000000048 1.000000000 -0.002831486
1.000000000 -0.000176911 -0.000144193 0.004083206 0.000176929 1.000000000 0.000122851 -0.001238792 0.000144171 -0.000122876 1.000000000 -0.005777861
0.999999940 -0.000267043 -0.000129196 0.001494631 0.000267051 0.999999940 0.000057500 -0.000450638 0.000129181 -0.000057535 1.000000000 -0.003907190
0.999999940 -0.000218194 -0.000136264 0.001143652 0.000218206 1.000000000 0.000092814 -0.000606440 0.000136244 -0.000092844 1.000000000 -0.001769874
0.999999940 -0.000180817 -0.000191210 0.003619921 0.000180818 1.000000000 0.000005314 -0.001121323 0.000191209 -0.000005349 1.000000000 -0.001973374
0.999999940 -0.000227707 -0.000093719 0.001928179 0.000227654 0.999999821 -0.000562927 -0.001069899 0.000093847 0.000562905 0.999999821 0.045807596
1.000000000 -0.000112572 -0.000205605 0.003742152 0.000112343 0.999999344 -0.001113690 -0.004656523 0.000205730 0.001113667 0.999999344 0.136715472
1.000000000 -0.000173795 -0.000104172 0.005415273 0.000173645 0.999998927 -0.001443975 -0.006740066 0.000104423 0.001443957 0.999998927 0.253122836
1.000000000 -0.000184795 -0.000053789 0.006647923 0.000184717 0.999998927 -0.001452275 -0.011606951 0.000054058 0.001452265 0.999998927 0.387249857
1.000000000 -0.000069422 -0.000123968 0.011587807 0.000069275 0.999999285 -0.001191320 -0.017594786 0.000124050 0.001191312 0.999999285 0.523627639
1.000000000 -0.000197340 0.000005195 0.014592133 0.000197345 0.999999464 -0.001026414 -0.022610765 -0.000004993 0.001026415 0.999999464 0.677417517
0.999999940 -0.000259812 -0.000129682 0.020489726 0.000259688 0.999999523 -0.000959914 -0.025356911 0.000129931 0.000959880 0.999999523 0.842110395
0.999999940 0.000317529 0.000158566 0.018349463 -0.000317395 0.999999583 -0.000844513 -0.024372783 -0.000158834 0.000844463 0.999999642 1.019777298
1.000000000 0.000108892 -0.000112228 0.027784072 -0.000108970 0.999999762 -0.000696588 -0.033426538 0.000112152 0.000696601 0.999999762 1.188843369
0.999999821 0.000551470 0.000295515 0.023237294 -0.000551332 0.999999762 -0.000467541 -0.039086480 -0.000295772 0.000467378 0.999999821 1.357308626
0.999999762 0.000716730 0.000166433 0.027665846 -0.000716654 0.999999642 -0.000455037 -0.043728948 -0.000166759 0.000454918 0.999999881 1.548487306
0.999999881 0.000265492 0.000474576 0.028634593 -0.000265369 1.000000000 -0.000260338 -0.051366050 -0.000474645 0.000260212 0.999999881 1.749523282
0.999999940 0.000098772 0.000360628 0.036008347 -0.000098748 1.000000000 -0.000067433 -0.057575192 -0.000360634 0.000067397 0.999999940 1.952577472
0.999999464 0.000717013 0.000702521 0.031988055 -0.000716977 0.999999762 -0.000051759 -0.065194778 -0.000702558 0.000051256 0.999999762 2.162905455
0.999999821 0.000277841 0.000496200 0.037307572 -0.000277890 0.999999881 0.000097800 -0.073988572 -0.000496173 -0.000097937 0.999999821 2.372189045
0.999999821 0.000320691 0.000466771 0.044291303 -0.000320741 0.999999881 0.000107691 -0.082303494 -0.000466737 -0.000107841 0.999999821 2.593647003
0.999999762 0.000285739 0.000576455 0.049703658 -0.000285773 0.999999940 0.000059440 -0.087399445 -0.000576438 -0.000059605 0.999999821 2.823848009
0.999999821 -0.000042066 0.000445440 0.056520898 0.000041969 0.999999940 0.000219289 -0.093441844 -0.000445449 -0.000219271 0.999999881 3.056120157
0.999999821 0.000430170 0.000475273 0.058560602 -0.000430358 0.999999821 0.000396192 -0.101741746 -0.000475102 -0.000396397 0.999999821 3.295365095
0.999999642 0.000512033 0.000674266 0.063288443 -0.000512375 0.999999702 0.000507163 -0.109648086 -0.000674006 -0.000507508 0.999999702 3.545290947
0.999999702 0.000566750 0.000663479 0.070461616 -0.000567230 0.999999583 0.000722602 -0.117523767 -0.000663069 -0.000722978 0.999999523 3.785816431
0.999999583 0.000519665 0.000777403 0.071389183 -0.000520321 0.999999464 0.000844298 -0.125074163 -0.000776964 -0.000844702 0.999999404 4.044236660
0.999999404 0.000693358 0.000867986 0.072574727 -0.000694396 0.999999046 0.001196159 -0.133548647 -0.000867156 -0.001196761 0.999998927 4.310027599
0.999999583 0.000445358 0.000767973 0.079624034 -0.000446296 0.999999106 0.001222494 -0.140758693 -0.000767428 -0.001222836 0.999998987 4.566811562
0.999999344 0.000551323 0.001001256 0.085298255 -0.000552815 0.999998748 0.001489652 -0.148173690 -0.001000433 -0.001490205 0.999998391 4.822726250
0.999999285 0.000670001 0.000956069 0.085696124 -0.000671834 0.999997914 0.001917914 -0.164359927 -0.000954782 -0.001918555 0.999997675 5.077692986
0.999999344 0.000657919 0.000945466 0.094623901 -0.000659813 0.999997735 0.002005024 -0.171848625 -0.000944145 -0.002005646 0.999997497 5.336462975
0.999998808 0.000903153 0.001268313 0.095505416 -0.000905725 0.999997497 0.002028605 -0.180798888 -0.001266478 -0.002029751 0.999997079 5.613955975
0.999998987 0.000887778 0.001071565 0.102753550 -0.000889905 0.999997556 0.001986446 -0.187402308 -0.001069799 -0.001987397 0.999997437 5.867405891
0.999999046 0.000834139 0.001124574 0.108695693 -0.000836215 0.999997973 0.001846663 -0.196425557 -0.001123031 -0.001847601 0.999997675 6.144472599
0.999999344 0.000463476 0.001002270 0.114466183 -0.000465485 0.999997795 0.002004457 -0.203589737 -0.001001339 -0.002004923 0.999997497 6.436991215
0.999998868 0.000980089 0.001163016 0.122481719 -0.000982646 0.999997079 0.002200744 -0.217786208 -0.001160856 -0.002201885 0.999996901 6.706121922
0.999998927 0.000961952 0.001115487 0.130967498 -0.000964347 0.999997199 0.002148686 -0.226106420 -0.001113417 -0.002149760 0.999997079 6.999830723
0.999998748 0.001029467 0.001158558 0.139506206 -0.001032238 0.999996603 0.002394336 -0.237885773 -0.001156089 -0.002395529 0.999996483 7.291743755
0.999998331 0.001078264 0.001483359 0.141740531 -0.001081766 0.999996543 0.002362063 -0.245905563 -0.001480807 -0.002363664 0.999996126 7.592669010
0.999998152 0.001223109 0.001538492 0.144952953 -0.001226797 0.999996364 0.002398162 -0.254709244 -0.001535553 -0.002400045 0.999995887 7.920561314
0.999998569 0.001038319 0.001319442 0.157239676 -0.001041579 0.999996424 0.002472399 -0.269196212 -0.001316870 -0.002473769 0.999996066 8.250458717
0.999998391 0.001078189 0.001411147 0.166450232 -0.001081696 0.999996424 0.002487065 -0.278442085 -0.001408460 -0.002488587 0.999995887 8.581358910
0.999998212 0.001286991 0.001404418 0.171228871 -0.001290364 0.999996364 0.002403134 -0.282585174 -0.001401320 -0.002404942 0.999996126 8.913950920
0.999997377 0.001555803 0.001667270 0.178394541 -0.001560130 0.999995410 0.002596660 -0.297700584 -0.001663222 -0.002599254 0.999995232 9.240091324
0.999996543 0.001801584 0.001919680 0.172674626 -0.001807157 0.999994159 0.002905169 -0.312769681 -0.001914435 -0.002908628 0.999993920 9.567497253
0.999996781 0.001749817 0.001859470 0.184244230 -0.001755290 0.999994159 0.002945649 -0.321806818 -0.001854305 -0.002948903 0.999993861 9.912165642
0.999996305 0.001679889 0.002146780 0.187121406 -0.001686103 0.999994397 0.002895952 -0.335326940 -0.002141902 -0.002899561 0.999993503 10.273015976
0.999997735 0.001260826 0.001701293 0.200095668 -0.001266207 0.999994159 0.003165631 -0.349729598 -0.001697292 -0.003167778 0.999993563 10.635305405
0.999997914 0.001045977 0.001766036 0.210237637 -0.001051873 0.999993861 0.003340529 -0.358353198 -0.001762531 -0.003342379 0.999992907 10.998500824
0.999997497 0.001148437 0.001893914 0.218243510 -0.001154690 0.999993801 0.003304078 -0.369921178 -0.001890108 -0.003306257 0.999992728 11.379325867
0.999996781 0.001499148 0.002050303 0.220851704 -0.001506112 0.999993026 0.003399081 -0.378222406 -0.002045193 -0.003402158 0.999992132 11.743772507
0.999997854 0.001187162 0.001727180 0.234339803 -0.001193378 0.999992728 0.003602290 -0.392695993 -0.001722891 -0.003604344 0.999992073 12.129508018
0.999996364 0.001604412 0.002150352 0.241915047 -0.001612573 0.999991417 0.003798741 -0.401756346 -0.002144239 -0.003802195 0.999990523 12.523277283
0.999996722 0.001278927 0.002199797 0.250984490 -0.001288024 0.999990582 0.004139031 -0.432365447 -0.002194483 -0.004141852 0.999988973 12.892267227
0.999997497 0.001172815 0.001907005 0.265381575 -0.001180371 0.999991417 0.003965744 -0.441189200 -0.001902338 -0.003967986 0.999990344 13.301982880
0.999996901 0.001144959 0.002229756 0.271433204 -0.001154984 0.999989212 0.004500065 -0.454419613 -0.002224580 -0.004502625 0.999987423 13.699156761
0.999995828 0.001347013 0.002552441 0.275651872 -0.001358493 0.999988973 0.004501202 -0.464133084 -0.002546349 -0.004504651 0.999986589 14.105635643
0.999995530 0.001287471 0.002687929 0.286966950 -0.001299448 0.999989212 0.004458624 -0.477554023 -0.002682160 -0.004462097 0.999986410 14.530540466
0.999995112 0.001158203 0.002913462 0.299747765 -0.001171669 0.999988675 0.004624575 -0.490259886 -0.002908072 -0.004627966 0.999985039 14.956770897
0.999994695 0.001364544 0.002943835 0.312387526 -0.001379418 0.999986291 0.005056488 -0.511091888 -0.002936894 -0.005060520 0.999982893 15.365796089
0.999992013 0.001916146 0.003486596 0.319072723 -0.001934670 0.999984086 0.005317478 -0.523394167 -0.003476351 -0.005324181 0.999979794 15.804435730
0.999991834 0.001638821 0.003706201 0.330955327 -0.001659971 0.999982357 0.005710789 -0.536843061 -0.003696776 -0.005716895 0.999976814 16.245109558
0.999991536 0.001134905 0.003950246 0.341522098 -0.001157018 0.999983668 0.005600174 -0.552372396 -0.003943825 -0.005604696 0.999976516 16.684520721
0.999992251 0.000821383 0.003833940 0.355103880 -0.000843378 0.999983191 0.005738917 -0.562904119 -0.003829161 -0.005742105 0.999976218 17.145929337
0.999989510 0.000858577 0.004472414 0.367047250 -0.000886229 0.999980509 0.006184668 -0.575112343 -0.004467016 -0.006188568 0.999970853 17.607339859
0.999988198 0.001184399 0.004711357 0.377682835 -0.001213288 0.999980450 0.006133756 -0.589923561 -0.004704000 -0.006139399 0.999970078 18.050188065
0.999984443 0.001828426 0.005274566 0.386552453 -0.001862447 0.999977410 0.006452397 -0.598706782 -0.005262650 -0.006462120 0.999965250 18.522310257
0.999986589 0.001219684 0.005029712 0.405355483 -0.001252414 0.999978065 0.006509223 -0.614360273 -0.005021663 -0.006515436 0.999966145 18.991945267
0.999986589 0.001572893 0.004932341 0.418530941 -0.001602277 0.999980986 0.005959177 -0.633157372 -0.004922873 -0.005967001 0.999970078 19.485248566
0.999986649 0.001782114 0.004831592 0.435709000 -0.001811421 0.999979913 0.006068179 -0.647052050 -0.004820680 -0.006076851 0.999969900 19.962745667
0.999987304 0.001580230 0.004775775 0.450134784 -0.001609280 0.999980211 0.006085168 -0.657586575 -0.004766063 -0.006092777 0.999970019 20.442695618
0.999990523 0.001213734 0.004186616 0.466800660 -0.001240996 0.999978006 0.006515105 -0.682495654 -0.004178617 -0.006520239 0.999970019 20.940771103
0.999991238 0.001506993 0.003899693 0.474571198 -0.001533039 0.999976575 0.006684763 -0.692062140 -0.003889526 -0.006690684 0.999970078 21.447666168
0.999991894 0.001778002 0.003599945 0.480737865 -0.001802449 0.999975264 0.006799219 -0.708387494 -0.003587766 -0.006805653 0.999970436 21.957069397
0.999993324 0.001286083 0.003395859 0.487674087 -0.001309730 0.999974787 0.006970410 -0.719490767 -0.003386809 -0.006974813 0.999969900 22.424459457
0.999995708 0.000947957 0.002760558 0.502520621 -0.000967782 0.999973655 0.007188940 -0.729955256 -0.002753671 -0.007191582 0.999970376 22.941648483
0.999997795 0.000843948 0.001976718 0.513633311 -0.000857321 0.999976695 0.006774304 -0.742879033 -0.001970955 -0.006775983 0.999975085 23.450054169
0.999998331 -0.000206835 0.001822497 0.520224929 0.000194367 0.999976635 0.006838550 -0.760591745 -0.001823869 -0.006838185 0.999974966 23.966163635
0.999997675 0.001693580 0.001320645 0.527355552 -0.001702285 0.999976635 0.006618358 -0.764748216 -0.001309405 -0.006620592 0.999977171 24.484479904
0.999998331 0.001709179 0.000641023 0.538483500 -0.001713552 0.999974847 0.006885280 -0.775660157 -0.000629238 -0.006886368 0.999976039 25.002412796
0.999998271 0.001847351 0.000315509 0.545664430 -0.001849495 0.999974191 0.006939844 -0.787220001 -0.000302680 -0.006940415 0.999975860 25.529071808
0.999999046 0.001443516 -0.000220358 0.559293985 -0.001442035 0.999977350 0.006578314 -0.797579467 0.000229848 -0.006577989 0.999978364 26.082782745
0.999999225 0.000955476 -0.000819865 0.568930566 -0.000949253 0.999970973 0.007557395 -0.808503449 0.000827062 -0.007556611 0.999971092 26.617113113
0.999998391 0.001547612 -0.000952472 0.580659628 -0.001540176 0.999968708 0.007759453 -0.829612970 0.000964451 -0.007757974 0.999969482 27.166410446
0.999996066 0.002259145 -0.001661259 0.585513949 -0.002246543 0.999969006 0.007548735 -0.839599311 0.001678262 -0.007544973 0.999970138 27.691860199
0.999994516 0.002668518 -0.001952094 0.594988048 -0.002652990 0.999965250 0.007914334 -0.854604661 0.001973146 -0.007909112 0.999966860 28.228427887
0.999994814 0.002251579 -0.002302107 0.609607160 -0.002234052 0.999968648 0.007588181 -0.864675581 0.002319121 -0.007582998 0.999968529 28.774770737
0.999994695 0.001589563 -0.002822455 0.621067166 -0.001568306 0.999970496 0.007517620 -0.878090441 0.002834322 -0.007513154 0.999967754 29.325124741
0.999993384 0.001928603 -0.003078466 0.633961320 -0.001903631 0.999965429 0.008094407 -0.897942483 0.003093971 -0.008088493 0.999962509 29.852025986
0.999992371 0.001932173 -0.003399724 0.647041142 -0.001905604 0.999967813 0.007801095 -0.911672711 0.003414688 -0.007794558 0.999963760 30.403362274
0.999992430 0.002160928 -0.003278466 0.653835237 -0.002134829 0.999966085 0.007943411 -0.919408202 0.003295521 -0.007936350 0.999963105 30.920015335
0.999990642 0.001827383 -0.003928078 0.678117037 -0.001796154 0.999966860 0.007938921 -0.935294211 0.003942456 -0.007931790 0.999960780 31.461408615
0.999989688 0.001734474 -0.004204887 0.688772380 -0.001701606 0.999967992 0.007807659 -0.954891860 0.004218295 -0.007800424 0.999960721 31.995637894
0.999989808 0.001696925 -0.004171018 0.680327296 -0.001661887 0.999963522 0.008389310 -0.966518700 0.004185101 -0.008382295 0.999956071 32.555068970
0.999987900 0.001614146 -0.004629940 0.690957308 -0.001574005 0.999961197 0.008660580 -0.982868314 0.004643739 -0.008653188 0.999951780 33.098003387
0.999988079 0.001399880 -0.004689408 0.696884215 -0.001357576 0.999958396 0.009012297 -0.992825747 0.004701829 -0.009005824 0.999948382 33.639003754
0.999987125 0.001148700 -0.004940922 0.708357155 -0.001104075 0.999958694 0.009024967 -1.003589869 0.004951085 -0.009019396 0.999947071 34.185737610
0.999985933 0.001057699 -0.005185522 0.716718674 -0.001009435 0.999956250 0.009301324 -1.010868907 0.005195133 -0.009295962 0.999943316 34.690345764
0.999986231 0.002228748 -0.004753180 0.712325871 -0.002185823 0.999956906 0.009016924 -1.025865436 0.004773072 -0.009006410 0.999948144 35.258312225
0.999985874 0.001870405 -0.004970483 0.728807330 -0.001825260 0.999957204 0.009071837 -1.072064519 0.004987239 -0.009062637 0.999946475 35.810977936
0.999985039 0.001924701 -0.005119903 0.740054131 -0.001877288 0.999955475 0.009249264 -1.087280035 0.005137478 -0.009239516 0.999944150 36.359756470
0.999983549 0.002579007 -0.005128502 0.752323925 -0.002535144 0.999960303 0.008541140 -1.092522860 0.005150327 -0.008527997 0.999950349 36.917678833
0.999981225 0.001769782 -0.005853662 0.764196098 -0.001713132 0.999951780 0.009668781 -1.118099689 0.005870492 -0.009658573 0.999936044 37.542327881
0.999982178 0.002748411 -0.005305795 0.773900926 -0.002702456 0.999958992 0.008649139 -1.112732172 0.005329349 -0.008634644 0.999948502 38.012836456
0.999982536 0.002614813 -0.005296472 0.773532808 -0.002567319 0.999956667 0.008953994 -1.124137044 0.005319654 -0.008940239 0.999945879 38.562400818
0.999980867 0.003142177 -0.005339263 0.785440564 -0.003095060 0.999956429 0.008810221 -1.145025730 0.005366713 -0.008793525 0.999946892 39.125499725
0.999980152 0.003296274 -0.005390884 0.784155428 -0.003246593 0.999952435 0.009198895 -1.164487362 0.005420951 -0.009181210 0.999943137 39.680057526
0.999980271 0.002842598 -0.005608087 0.797433615 -0.002789625 0.999951661 0.009431120 -1.179758549 0.005634625 -0.009415290 0.999939799 40.211715698
0.999979317 0.002723478 -0.005826301 0.810101569 -0.002666584 0.999948859 0.009750657 -1.195552707 0.005852560 -0.009734917 0.999935448 40.768989563
0.999978960 0.002837935 -0.005834823 0.822449684 -0.002780868 0.999948442 0.009765250 -1.200155258 0.005862236 -0.009748820 0.999935269 41.317169189
0.999977171 0.003442079 -0.005814916 0.837902308 -0.003385443 0.999946952 0.009721745 -1.244473934 0.005848072 -0.009701836 0.999935806 41.859500885
0.999977767 0.003252767 -0.005811214 0.848356724 -0.003197271 0.999949455 0.009533597 -1.251170874 0.005841931 -0.009514808 0.999937594 42.405776978
0.999976039 0.003475039 -0.005981407 0.853604436 -0.003419257 0.999950826 0.009311034 -1.259922743 0.006013469 -0.009290360 0.999938726 42.956207275
0.999973953 0.002253898 -0.006853774 0.885490656 -0.002185879 0.999948442 0.009915699 -1.292571306 0.006875771 -0.009900462 0.999927342 43.511035919
0.999976277 0.002382073 -0.006463408 0.883365929 -0.002316037 0.999945223 0.010205230 -1.303397179 0.006487363 -0.010190018 0.999927044 44.045295715
0.999976218 0.002992501 -0.006213062 0.892360806 -0.002928616 0.999942958 0.010266231 -1.319617152 0.006243430 -0.010247791 0.999927998 44.596168518
0.999975145 0.003457092 -0.006144859 0.898770630 -0.003396340 0.999945462 0.009869831 -1.329159856 0.006178645 -0.009848716 0.999932408 45.149898529
0.999974072 0.002412197 -0.006784240 0.919057965 -0.002340262 0.999941170 0.010591373 -1.341873407 0.006809389 -0.010575224 0.999920905 45.690116882
0.999975264 0.002538178 -0.006556858 0.921425521 -0.002470253 0.999943435 0.010346855 -1.352219939 0.006582749 -0.010330402 0.999924958 46.206863403
0.999974012 0.003006978 -0.006551933 0.944062650 -0.002937314 0.999939322 0.010616272 -1.372704148 0.006583458 -0.010596750 0.999922097 46.747497559
0.999972403 0.002810902 -0.006867008 0.948959589 -0.002732561 0.999931395 0.011391152 -1.384529829 0.006898556 -0.011372073 0.999911547 47.336101532
0.999975026 0.002545272 -0.006587221 0.943884909 -0.002473795 0.999938190 0.010836273 -1.403187752 0.006614396 -0.010819707 0.999919593 47.845436096
0.999974668 0.003277758 -0.006322220 0.960791707 -0.003213261 0.999942958 0.010184911 -1.379549980 0.006355241 -0.010164339 0.999928176 48.384979248
0.999973714 0.002413545 -0.006834671 0.960994720 -0.002339707 0.999939024 0.010790815 -1.419043779 0.006860298 -0.010774540 0.999918401 48.936836243
0.999974370 0.003103800 -0.006455800 0.977558255 -0.003033871 0.999936879 0.010813633 -1.439895749 0.006488956 -0.010793769 0.999920666 49.471462250
0.999973118 0.003595832 -0.006387622 0.975331903 -0.003525992 0.999934196 0.010911285 -1.452203512 0.006426437 -0.010888471 0.999920011 50.013790131
0.999972939 0.002514244 -0.006917134 0.987218857 -0.002437659 0.999935865 0.011058084 -1.464844942 0.006944492 -0.011040923 0.999914944 50.553997040
0.999975979 0.002833811 -0.006324036 0.990088105 -0.002763815 0.999935150 0.011049639 -1.466541052 0.006354938 -0.011031899 0.999918878 51.114025116
0.999973536 0.003126703 -0.006564673 0.983824015 -0.003050700 0.999928713 0.011555864 -1.489601612 0.006600336 -0.011535533 0.999911606 51.576965332
0.999971569 0.003657547 -0.006594028 0.983897448 -0.003584740 0.999932885 0.011019574 -1.489199162 0.006633890 -0.010995623 0.999917507 52.141361237
0.999973357 0.003518395 -0.006395038 0.992317200 -0.003446016 0.999930263 0.011294156 -1.500388861 0.006434328 -0.011271818 0.999915779 52.685901642
0.999972165 0.003444835 -0.006606533 1.000111341 -0.003371422 0.999932766 0.011091297 -1.509450197 0.006644296 -0.011068715 0.999916673 53.235473633
0.999971390 0.004455471 -0.006113204 0.995033979 -0.004388902 0.999931395 0.010860085 -1.510139465 0.006161172 -0.010832944 0.999922335 53.786209106
0.999971211 0.003843535 -0.006540784 1.012869835 -0.003769469 0.999929011 0.011298593 -1.526684284 0.006583747 -0.011273612 0.999914825 54.337013245
0.999972284 0.004522183 -0.005937164 1.002972007 -0.004457482 0.999931037 0.010866015 -1.528619051 0.005985893 -0.010839248 0.999923348 54.855548859
0.999971151 0.004487264 -0.006115569 1.010928154 -0.004419903 0.999929845 0.010983887 -1.537484765 0.006164428 -0.010956543 0.999920905 55.392707825
0.999968350 0.004936664 -0.006234379 1.016848803 -0.004868944 0.999929428 0.010831229 -1.540954351 0.006287409 -0.010800533 0.999921858 55.942378998
0.999969780 0.004300800 -0.006460024 1.030804992 -0.004229104 0.999929726 0.011071180 -1.557097673 0.006507185 -0.011043527 0.999917865 56.489006042
0.999976337 0.003487309 -0.005947237 1.010405779 -0.003418600 0.999927700 0.011524392 -1.586536884 0.005986997 -0.011503787 0.999915898 56.904205322
0.999971926 0.003521414 -0.006612607 1.052164078 -0.003447180 0.999931335 0.011203994 -1.568720818 0.006651606 -0.011180884 0.999915302 57.612579346
0.999975562 0.003661291 -0.005957388 1.022382140 -0.003593061 0.999928236 0.011423768 -1.603532791 0.005998787 -0.011402084 0.999916911 58.012836456
0.999975026 0.004726897 -0.005257335 1.009311199 -0.004666381 0.999923408 0.011463956 -1.611084461 0.005311122 -0.011439138 0.999920428 58.545688629
0.999974072 0.004892192 -0.005285249 1.017304659 -0.004831224 0.999922276 0.011487403 -1.632708073 0.005341037 -0.011461572 0.999920070 59.098056793
0.999974012 0.004863344 -0.005320692 1.026453376 -0.004803093 0.999924839 0.011278682 -1.638928533 0.005375144 -0.011252834 0.999922276 59.650924683
0.999973357 0.004966743 -0.005348511 1.032750010 -0.004905466 0.999922812 0.011409760 -1.650963306 0.005404768 -0.011383218 0.999920607 60.199970245
0.999971211 0.004747096 -0.005929586 1.123968244 -0.004680985 0.999927282 0.011114111 -1.651797056 0.005981915 -0.011086030 0.999920666 60.650066376
0.999972761 0.005103271 -0.005327787 1.086274624 -0.005043954 0.999925852 0.011088236 -1.657245994 0.005383977 -0.011061061 0.999924362 61.316371918
0.999969244 0.004693326 -0.006293668 1.150268435 -0.004623283 0.999927700 0.011097998 -1.673540115 0.006345301 -0.011068558 0.999918640 61.738265991
0.999969304 0.004849332 -0.006170268 1.156170249 -0.004781669 0.999928772 0.010934039 -1.683322430 0.006222853 -0.010904194 0.999921262 62.287609100
0.999971509 0.004154765 -0.006307398 1.174977660 -0.004083553 0.999928296 0.011261405 -1.708880305 0.006353735 -0.011235325 0.999916732 62.780620575
0.999968350 0.006182980 -0.005004582 1.084473610 -0.006123622 0.999911726 0.011790397 -1.712224245 0.005077040 -0.011759379 0.999917984 63.202770233
0.999969780 0.004383347 -0.006416854 1.170755863 -0.004313503 0.999931753 0.010858243 -1.661597729 0.006464010 -0.010830236 0.999920487 63.872879028
0.999964476 0.006785801 -0.005013378 1.092342377 -0.006725355 0.999905586 0.011977262 -1.732662320 0.005094180 -0.011943120 0.999915719 64.294479370
0.999964952 0.007149521 -0.004355296 1.085530281 -0.007095202 0.999898374 0.012362387 -1.743387103 0.004443239 -0.012331053 0.999914110 64.841629028
0.999964952 0.006710202 -0.004993265 1.129961133 -0.006652114 0.999911070 0.011560484 -1.712385654 0.005070393 -0.011526864 0.999920726 65.377220154
0.999969006 0.006711019 -0.004123193 1.102991700 -0.006662328 0.999909222 0.011711471 -1.726586580 0.004201415 -0.011683635 0.999922991 65.931114197
0.999965250 0.006390885 -0.005356027 1.148850918 -0.006329591 0.999915302 0.011383621 -1.733444571 0.005428324 -0.011349327 0.999920845 66.467376709
0.999967992 0.005376757 -0.005912512 1.171143889 -0.005309070 0.999920905 0.011404771 -1.747892618 0.005973364 -0.011373020 0.999917507 66.987876892
0.999966919 0.005505728 -0.005977811 1.212832332 -0.005437071 0.999919772 0.011441379 -1.812681198 0.006040325 -0.011408499 0.999916613 67.449531555
0.999963105 0.006055109 -0.006084300 1.201543689 -0.005987842 0.999921441 0.011013637 -1.753759265 0.006150512 -0.010976803 0.999920845 68.054473877
0.999964774 0.005728010 -0.006145417 1.228455544 -0.005656346 0.999916613 0.011615977 -1.831321955 0.006211441 -0.011580806 0.999913633 68.544090271
0.999967813 0.004634007 -0.006548614 1.242810011 -0.004561115 0.999927938 0.011102345 -1.835248351 0.006599591 -0.011072119 0.999916852 69.065330505
0.999962628 0.006388010 -0.005826627 1.241993546 -0.006322628 0.999917626 0.011171578 -1.768977404 0.005897511 -0.011134322 0.999920607 69.572235107
0.999964297 0.005836954 -0.006126177 1.234575272 -0.005771964 0.999927461 0.010573143 -1.823782325 0.006187449 -0.010537405 0.999925375 70.173095703
0.999962986 0.006398528 -0.005759265 1.262073398 -0.006335987 0.999921501 0.010812868 -1.783828020 0.005828000 -0.010775977 0.999924958 70.659088135
0.999963880 0.007129400 -0.004617068 1.133665323 -0.007073055 0.999901652 0.012107226 -1.871444464 0.004702932 -0.012074132 0.999916017 70.857696533
0.999964893 0.005152796 -0.006596003 1.283652067 -0.005079777 0.999926269 0.011039416 -1.807593703 0.006652399 -0.011005525 0.999917328 71.718009949
0.999956965 0.008216747 -0.004307786 1.140789509 -0.008166723 0.999900460 0.011504492 -1.879668474 0.004401886 -0.011468814 0.999924541 71.988365173
0.999967873 0.006166929 -0.005118746 1.226766586 -0.006108108 0.999916017 0.011428467 -1.950784683 0.005188795 -0.011396835 0.999921560 72.969909668
0.999963164 0.007035870 -0.004922902 1.173473358 -0.006978544 0.999908745 0.011566508 -1.897938609 0.005003832 -0.011531727 0.999920964 73.057487488
0.999970675 0.004947987 -0.005833420 1.251283884 -0.004879242 0.999919176 0.011740469 -1.964719772 0.005891040 -0.011711663 0.999913990 73.929039001
0.999969065 0.005283025 -0.005822236 1.256886721 -0.005216645 0.999921858 0.011357885 -1.975451469 0.005881785 -0.011327161 0.999918520 74.474082947
0.999969482 0.005200017 -0.005827984 1.272545099 -0.005132047 0.999919295 0.011617511 -1.990427136 0.005887926 -0.011587245 0.999915481 74.987899780
0.999970019 0.004740498 -0.006118492 1.276351333 -0.004671210 0.999925375 0.011289348 -1.991511345 0.006171552 -0.011260430 0.999917507 75.543617249
0.999967158 0.006438060 -0.004911106 1.262746334 -0.006380841 0.999912560 0.011578971 -1.990908265 0.004985223 -0.011547253 0.999920905 75.778327942
0.999968886 0.005167606 -0.005954366 1.298668623 -0.005108078 0.999937177 0.009969819 -1.972477674 0.006005511 -0.009939095 0.999932587 76.688713074
0.999966919 0.006576662 -0.004787202 1.268805385 -0.006519982 0.999909580 0.011760805 -2.013127089 0.004864116 -0.011729205 0.999919355 76.780754089
0.999968886 0.006328298 -0.004707741 1.279557943 -0.006273930 0.999914408 0.011475091 -2.020658255 0.004779955 -0.011445198 0.999923110 77.326629639
0.999970198 0.005887898 -0.004989753 1.313168764 -0.005829406 0.999915063 0.011656871 -2.026964903 0.005057962 -0.011627438 0.999919534 77.925636292
0.999964416 0.007030770 -0.004648754 1.324670553 -0.006975652 0.999906421 0.011768064 -2.043648720 0.004731057 -0.011735219 0.999919951 78.418418884
0.999967337 0.006433710 -0.004887359 1.340942383 -0.006376320 0.999911606 0.011668728 -2.047173977 0.004962001 -0.011637183 0.999919891 78.961242676
0.999971330 0.006217602 -0.004312838 1.350399971 -0.006168656 0.999917448 0.011271094 -2.046231985 0.004382560 -0.011244166 0.999927104 79.522750854
0.999974608 0.006395296 -0.003128019 1.365721345 -0.006360689 0.999919832 0.010951060 -2.042943239 0.003197804 -0.010930884 0.999935150 80.122825623
0.999980450 0.005804564 -0.002305721 1.392438412 -0.005779563 0.999925911 0.010705699 -2.056574821 0.002367692 -0.010692163 0.999940038 80.676956177
0.999985814 0.005218124 -0.001070403 1.404775262 -0.005206438 0.999929786 0.010644181 -2.076116085 0.001125871 -0.010638457 0.999942780 81.215538025
0.999980569 0.005634284 0.002678364 1.416652441 -0.005663218 0.999924302 0.010920775 -2.087761164 -0.002616631 -0.010935730 0.999936700 81.723274231
0.999967575 0.004971615 0.006354744 1.437169671 -0.005039964 0.999929070 0.010785178 -2.097366571 -0.006300674 -0.010816855 0.999921620 82.268005371
0.999945402 0.004830250 0.009268988 1.470699668 -0.004929212 0.999930799 0.010683786 -2.086320400 -0.009216743 -0.010728891 0.999899983 82.885375977
0.999875903 0.005375436 0.014813897 1.473129869 -0.005538621 0.999924242 0.010996759 -2.105417252 -0.014753661 -0.011077442 0.999829829 83.377578735
0.999781370 0.005452824 0.020185854 1.519188523 -0.005675294 0.999923587 0.010980214 -2.114315033 -0.020124441 -0.011092371 0.999735892 84.018188477
0.999652505 0.004987415 0.025884222 1.550966263 -0.005263159 0.999929965 0.010595769 -2.120880842 -0.025829569 -0.010728318 0.999608696 84.569808960
0.999476492 0.005405799 0.031897891 1.580859423 -0.005739488 0.999929667 0.010378843 -2.124037027 -0.031839538 -0.010556490 0.999437273 85.136482239
0.999214530 0.005242514 0.039278906 1.626684427 -0.005649603 0.999931395 0.010260239 -2.133577108 -0.039222434 -0.010474090 0.999175549 85.710853577
0.998858511 0.005439606 0.047455993 1.675827503 -0.005927394 0.999931037 0.010144075 -2.149203777 -0.047397546 -0.010413786 0.998821735 86.253204346
0.998529136 0.004758927 0.054007087 1.726846933 -0.005312560 0.999934733 0.010112201 -2.150943756 -0.053955439 -0.010384245 0.998489261 86.822402954
0.998017192 0.004682844 0.062766701 1.782670498 -0.005318956 0.999936163 0.009971298 -2.161138058 -0.062715985 -0.010285378 0.997978508 87.369262695
0.997324705 0.004151668 0.072980732 1.843695641 -0.004890602 0.999938548 0.009949269 -2.169721365 -0.072934926 -0.010279572 0.997283697 87.921783447
0.996674597 0.003540503 0.081407674 1.907957554 -0.004327738 0.999945641 0.009495879 -2.175206423 -0.081369616 -0.009816614 0.996635616 88.477127075
0.995941281 0.004109279 0.089910850 1.972060204 -0.004979317 0.999942899 0.009454518 -2.188063145 -0.089866869 -0.009863839 0.995905042 89.041213989
0.994938076 0.004109405 0.100405797 2.052861691 -0.005102887 0.999940515 0.009639846 -2.200769186 -0.100360230 -0.010103410 0.994899869 89.579574585
0.993826032 0.003676092 0.110888556 2.136832237 -0.004755090 0.999943852 0.009467578 -2.207822800 -0.110847525 -0.009936410 0.993787766 90.129180908
0.992773056 0.003111206 0.119965918 2.228144646 -0.004206044 0.999951720 0.008874119 -2.215780735 -0.119932532 -0.009314569 0.992738307 90.670433044
0.991372347 0.003334895 0.131033450 2.322241783 -0.004503075 0.999952674 0.008619823 -2.221501589 -0.130998507 -0.009135508 0.991340458 91.216690063
0.989692807 0.003588945 0.143161565 2.425196648 -0.004962086 0.999945045 0.009235668 -2.243273258 -0.143120527 -0.009850856 0.989656150 91.749786377
0.988038719 0.003897414 0.154156864 2.533005714 -0.005299167 0.999948204 0.008683173 -2.249109268 -0.154115036 -0.009396212 0.988008380 92.299728394
0.986378074 0.003276080 0.164461300 2.645556450 -0.004779052 0.999950349 0.008743906 -2.259806156 -0.164424464 -0.009410768 0.986344695 92.847206116
0.984140635 0.002773061 0.177368358 2.772212029 -0.004321340 0.999955833 0.008343473 -2.267986298 -0.177337393 -0.008977620 0.984109163 93.388092041
0.981832266 0.002464891 0.189734921 2.894751549 -0.004111786 0.999957144 0.008286819 -2.276490450 -0.189706370 -0.008916414 0.981800377 93.921958923
0.979827940 0.002078985 0.199832112 3.028038979 -0.003830106 0.999957502 0.008376771 -2.289626360 -0.199806228 -0.008973172 0.979794323 94.447219849
0.977002442 0.002161183 0.213217139 3.165302277 -0.004031116 0.999957085 0.008335725 -2.298858166 -0.213189960 -0.009003527 0.976969302 94.992713928
0.974048316 0.001664111 0.226334020 3.318107605 -0.003625667 0.999959350 0.008251220 -2.307471514 -0.226311058 -0.008857698 0.974014819 95.531219482
0.971344292 0.001297651 0.237673312 3.466464996 -0.003318996 0.999961674 0.008104765 -2.316327333 -0.237653717 -0.008661353 0.971311331 96.071861267
0.968365431 0.001090001 0.249533951 3.635894775 -0.003123918 0.999965012 0.007754982 -2.326885939 -0.249516740 -0.008289179 0.968334973 96.610443115
0.964629948 0.001071387 0.263605624 3.806400299 -0.003289266 0.999962747 0.007972430 -2.335114956 -0.263587266 -0.008557513 0.964597583 97.146759033
0.961261630 0.000779842 0.275636703 3.980661392 -0.003091705 0.999963522 0.007952945 -2.352200747 -0.275620461 -0.008497047 0.961228907 97.652648926
0.957841575 0.000472606 0.287296325 4.168230057 -0.002906483 0.999963403 0.008045216 -2.356064320 -0.287281990 -0.008541065 0.957807899 98.215293884
0.953597307 0.000587833 0.301084340 4.355072021 -0.003237307 0.999960363 0.008300921 -2.374710083 -0.301067501 -0.008890440 0.953561366 98.709548950
0.949120164 0.000027912 0.314913899 4.562271118 -0.002703129 0.999963999 0.008058342 -2.377251148 -0.314902246 -0.008499589 0.949086130 99.271163940
0.945284605 -0.000533524 0.326246381 4.760053635 -0.002162924 0.999966443 0.007902262 -2.385066748 -0.326239645 -0.008175532 0.945251763 99.781501770
0.940754235 -0.000766059 0.339088172 4.970548630 -0.002128744 0.999964416 0.008165004 -2.399379015 -0.339082301 -0.008403095 0.940719128 100.298713684
0.935706079 -0.001008294 0.352778971 5.189174652 -0.001919076 0.999966502 0.007948182 -2.406041861 -0.352775156 -0.008114171 0.935672939 100.800613403
0.931073964 -0.001750893 0.364826202 5.413860321 -0.001264625 0.999966979 0.008026545 -2.415783644 -0.364828348 -0.007934675 0.931041002 101.304542542
0.926876843 -0.002084977 0.375359803 5.639261246 -0.001008495 0.999967158 0.008044705 -2.428950310 -0.375364155 -0.007834999 0.926844299 101.806396484
0.921205938 -0.001952056 0.389070392 5.875047684 -0.001141196 0.999969482 0.007719096 -2.431570530 -0.389073730 -0.007554883 0.921175599 102.318817139
0.915566325 -0.002539427 0.402159005 6.117931366 -0.000558785 0.999971092 0.007586447 -2.440557241 -0.402166635 -0.007170616 0.915538430 102.814208984
0.910870135 -0.003537394 0.412678033 6.373466492 0.000502560 0.999972105 0.007462303 -2.451048136 -0.412692815 -0.006589794 0.910846412 103.308868408
0.904159784 -0.003280714 0.427181900 6.639839172 0.000024258 0.999970853 0.007628334 -2.459884882 -0.427194446 -0.006886870 0.904133558 103.808334351
0.897356868 -0.003437867 0.441292048 6.910228729 0.000128045 0.999971628 0.007529862 -2.469541073 -0.441305429 -0.006700469 0.897331953 104.302970886
0.891403854 -0.004578518 0.453186899 7.185619354 0.001209065 0.999969423 0.007724436 -2.487083912 -0.453208417 -0.006337659 0.891382098 104.776527405
0.885876179 -0.004745113 0.463897467 7.466411591 0.001304508 0.999969244 0.007737342 -2.490231991 -0.463919908 -0.006249170 0.885855079 105.266891479
0.878720462 -0.005491470 0.477305144 7.750473022 0.002088751 0.999968410 0.007659397 -2.500215054 -0.477332145 -0.005733497 0.878704250 105.740676880
0.871746659 -0.005988535 0.489920318 8.039058685 0.002615435 0.999967933 0.007569281 -2.504664898 -0.489949942 -0.005317140 0.871734381 106.209526062
