1.000000000 0.000000000 0.000000000 0.000000000 0.000000000 1.000000000 0.000000000 0.000000000 0.000000000 0.000000000 1.000000000 0.000000000
1.000000000 0.000123187 0.000138585 -0.004185291 -0.000123158 1.000000000 -0.000208804 0.006394608 -0.000138610 0.000208787 0.999999940 0.002375603
1.000000000 0.000143636 0.000061474 -0.001163810 -0.000143630 1.000000000 -0.000088421 0.001087423 -0.000061486 0.000088412 1.000000000 -0.000147740
1.000000000 0.000162700 0.000078247 0.000197248 -0.000162693 1.000000000 -0.000084172 0.002115698 -0.000078261 0.000084159 1.000000000 -0.001312887
1.000000000 0.000129764 -0.000056167 0.003256956 -0.000129768 1.000000000 -0.000059227 0.002148343 0.000056159 0.000059234 1.000000000 -0.001775440
1.000000000 0.000039768 -0.000022226 0.001225815 -0.000039764 1.000000000 0.000147256 -0.001857420 0.000022232 -0.000147255 1.000000000 -0.003422741
1.000000000 0.000021523 0.000009435 -0.000223344 -0.000021522 1.000000000 -0.000090075 0.002586243 -0.000009437 0.000090075 1.000000000 -0.001288391
1.000000000 0.000081989 0.000053535 -0.000256472 -0.000081992 1.000000000 0.000063483 0.001135112 -0.000053529 -0.000063487 1.000000000 -0.000706054
1.000000000 0.000061242 0.000184171 -0.005832602 -0.000061232 1.000000000 -0.000054344 0.002313696 -0.000184175 0.000054332 1.000000000 0.005133992
0.999999940 0.000208873 0.000217017 -0.003884979 -0.000208856 1.000000000 -0.000080041 0.001526658 -0.000217033 0.000079995 1.000000000 0.000343605
1.000000000 0.000209045 0.000091778 0.000777410 -0.000209036 1.000000000 -0.000090960 0.002836421 -0.000091797 0.000090940 1.000000000 -0.001248011
1.000000000 0.000103410 0.000062639 -0.000935466 -0.000103401 1.000000000 -0.000137435 0.003438306 -0.000062653 0.000137428 1.000000000 0.000102648
1.000000000 0.000102907 0.000101118 -0.002577670 -0.000102902 1.000000000 -0.000050820 0.001605635 -0.000101123 0.000050809 1.000000000 -0.002171068
1.000000000 -0.000053914 0.000057423 -0.001073015 0.000053913 1.000000000 0.000030457 -0.000169322 -0.000057425 -0.000030454 1.000000000 -0.001090073
1.000000000 0.000037692 0.000033202 0.001245995 -0.000037691 1.000000000 -0.000029439 0.000811412 -0.000033203 0.000029437 1.000000000 -0.002221627
1.000000000 0.000000547 0.000000561 0.001679567 -0.000000547 1.000000000 -0.000022648 0.001128015 -0.000000561 0.000022648 1.000000000 -0.001294288
1.000000000 0.000042603 0.000174131 -0.006818768 -0.000042598 1.000000000 -0.000028724 0.000922005 -0.000174132 0.000028716 1.000000000 0.000387734
0.999999940 0.000058962 0.000244136 -0.007318475 -0.000058962 1.000000000 -0.000001235 -0.000478471 -0.000244136 0.000001220 1.000000000 0.001381661
1.000000000 0.000117685 0.000127958 -0.002239335 -0.000117695 1.000000000 0.000073428 -0.000750505 -0.000127949 -0.000073443 1.000000000 -0.003424608
1.000000000 -0.000038829 -0.000000635 -0.001411275 0.000038829 1.000000000 -0.000032376 -0.001034341 0.000000636 0.000032376 1.000000000 -0.000894437
1.000000000 -0.000026901 0.000192888 -0.005363051 0.000026904 1.000000000 -0.000016057 -0.000526993 -0.000192888 0.000016062 1.000000000 -0.002872063
1.000000000 -0.000083353 0.000008064 -0.000143176 0.000083354 1.000000000 -0.000015998 0.000049796 -0.000008062 0.000015999 1.000000000 0.000116918
1.000000000 -0.000007204 0.000164158 -0.006395237 0.000007223 1.000000000 -0.000115548 0.002910620 -0.000164157 0.000115550 1.000000000 0.005134861
1.000000000 -0.000005985 0.000044238 -0.000507623 0.000005982 1.000000000 0.000054277 -0.001701517 -0.000044238 -0.000054277 1.000000000 -0.000458358
1.000000000 -0.000018747 0.000144940 -0.003997345 0.000018737 1.000000000 0.000070987 -0.000880965 -0.000144941 -0.000070984 1.000000000 -0.000416607
1.000000000 0.000062193 -0.000067424 0.002397808 -0.000062200 1.000000000 -0.000109368 0.003943385 0.000067417 0.000109372 1.000000000 -0.003889194
1.000000000 -0.000110266 0.000072357 -0.002144514 0.000110263 1.000000000 0.000047416 -0.001203793 -0.000072363 -0.000047408 1.000000000 -0.001024798
1.000000000 0.000101441 0.000177476 -0.005203580 -0.000101415 1.000000000 -0.000144653 0.003173204 -0.000177491 0.000144635 1.000000000 0.001670543
1.000000000 0.000028653 0.000119803 -0.003024110 -0.000028658 1.000000000 0.000036423 0.000998865 -0.000119802 -0.000036427 1.000000000 0.000695350
1.000000000 0.000007305 -0.000093916 0.002876543 -0.000007312 1.000000000 -0.000071873 0.005181000 0.000093915 0.000071874 1.000000000 -0.004512845
1.000000000 0.000033907 0.000092844 -0.002686815 -0.000033904 1.000000000 -0.000029743 0.000928490 -0.000092845 0.000029740 1.000000000 0.001697061
1.000000000 0.000019378 0.000139220 -0.004997365 -0.000019396 1.000000000 0.000125703 -0.001474073 -0.000139218 -0.000125706 1.000000000 0.000728664
1.000000000 -0.000162073 0.000006437 -0.002106991 0.000162073 1.000000000 0.000084227 -0.000271050 -0.000006451 -0.000084226 1.000000000 -0.002663350
1.000000000 -0.000133723 -0.000053750 0.000375329 0.000133729 1.000000000 0.000104248 -0.001482027 0.000053736 -0.000104256 1.000000000 -0.001538706
1.000000000 0.000146136 0.000058285 -0.003211672 -0.000146134 1.000000000 -0.000029315 0.000611168 -0.000058289 0.000029306 1.000000000 -0.001159293
1.000000000 -0.000075014 0.000035195 -0.000981641 0.000075012 1.000000000 0.000055765 -0.000806257 -0.000035199 -0.000055763 1.000000000 -0.001141813
1.000000000 0.000033512 -0.000040814 0.001530931 -0.000033514 1.000000000 -0.000036073 0.004292876 0.000040813 0.000036074 1.000000000 -0.006190990
1.000000000 -0.000095299 0.000056548 -0.002002871 0.000095311 1.000000000 -0.000205186 0.004448689 -0.000056528 0.000205191 1.000000000 0.001237368
1.000000000 -0.000078624 0.000089487 -0.005992826 0.000078626 1.000000000 -0.000025012 0.002254661 -0.000089485 0.000025019 1.000000000 0.001085219
1.000000000 0.000020281 -0.000000935 -0.002924409 -0.000020281 1.000000000 0.000016216 0.002442727 0.000000936 -0.000016216 1.000000000 -0.001640355
1.000000000 -0.000182288 0.000005982 -0.001426197 0.000182288 1.000000000 -0.000041874 0.001090687 -0.000005975 0.000041875 1.000000000 0.000109027
1.000000000 0.000046354 0.000142020 0.001255003 -0.000046266 0.999999821 -0.000620333 -0.004931251 -0.000142049 0.000620327 0.999999821 0.054164246
0.999999940 -0.000239182 0.000058041 0.000540621 0.000239252 0.999999225 -0.001212783 -0.005350629 -0.000057751 0.001212797 0.999999285 0.146504164
1.000000000 -0.000102919 0.000019020 0.005269580 0.000102948 0.999998868 -0.001515928 -0.009964665 -0.000018864 0.001515930 0.999998868 0.263329715
0.999999940 -0.000024309 0.000303159 0.002039705 0.000024716 0.999999106 -0.001340786 -0.015323991 -0.000303126 0.001340794 0.999999046 0.388906389
1.000000000 -0.000061119 0.000041833 0.005706973 0.000061164 0.999999404 -0.001077004 -0.023635833 -0.000041767 0.001077007 0.999999404 0.531138241
1.000000000 0.000089512 0.000210640 0.002142360 -0.000089313 0.999999523 -0.000942624 -0.031628352 -0.000210724 0.000942605 0.999999523 0.686565399
1.000000000 0.000027187 0.000175704 0.017251192 -0.000027064 0.999999762 -0.000697708 -0.034644820 -0.000175723 0.000697704 0.999999762 0.848722994
1.000000000 0.000155517 0.000129215 0.018265769 -0.000155439 0.999999821 -0.000602464 -0.039129078 -0.000129309 0.000602444 0.999999821 1.027000546
0.999999881 0.000281264 0.000372977 0.014777785 -0.000281064 0.999999821 -0.000536599 -0.044747248 -0.000373128 0.000536494 0.999999762 1.205165625
1.000000000 0.000016869 0.000205930 0.029791970 -0.000016806 0.999999940 -0.000304052 -0.051546313 -0.000205935 0.000304049 0.999999940 1.398783207
0.999999821 0.000564703 0.000196346 0.034674741 -0.000564688 0.999999821 -0.000077320 -0.057651166 -0.000196389 0.000077209 1.000000000 1.573176384
1.000000000 -0.000016943 0.000001007 0.042814441 0.000016943 1.000000000 -0.000095743 -0.057513684 -0.000001005 0.000095743 1.000000000 1.804047227
0.999999881 -0.000067730 0.000517823 0.034902602 0.000067505 0.999999881 0.000435650 -0.073802590 -0.000517852 -0.000435615 0.999999762 1.940553069
0.999999821 0.000165050 0.000615662 0.035220928 -0.000165159 0.999999940 0.000176453 -0.077463724 -0.000615633 -0.000176555 0.999999821 2.174117565
0.999999046 0.000997944 0.000957900 0.036392685 -0.000998446 0.999999344 0.000524339 -0.083540820 -0.000957377 -0.000525295 0.999999464 2.376681328
0.999999762 0.000297822 0.000650835 0.044379070 -0.000298301 0.999999702 0.000735868 -0.098330937 -0.000650616 -0.000736062 0.999999523 2.612349033
0.999999523 0.000306252 0.000946763 0.051469713 -0.000307025 0.999999583 0.000816856 -0.106445983 -0.000946513 -0.000817146 0.999999225 2.846238852
0.999999642 0.000438779 0.000771670 0.060184799 -0.000439546 0.999999464 0.000994851 -0.114179589 -0.000771233 -0.000995190 0.999999166 3.088845015
0.999999464 0.000314205 0.000979340 0.058635246 -0.000314971 0.999999583 0.000781816 -0.114789322 -0.000979094 -0.000782124 0.999999225 3.334000587
0.999999285 0.000338433 0.001150152 0.059499014 -0.000339737 0.999999285 0.001133635 -0.133044183 -0.001149767 -0.001134025 0.999998689 3.569433928
0.999999583 0.000360136 0.000861085 0.068934716 -0.000361197 0.999999166 0.001232967 -0.138317361 -0.000860640 -0.001233278 0.999998927 3.822303057
0.999999464 0.000233897 0.001061647 0.071524143 -0.000235443 0.999998927 0.001456875 -0.146137968 -0.001061305 -0.001457124 0.999998391 4.085684776
0.999998987 0.000515509 0.001364199 0.067187876 -0.000517721 0.999998569 0.001622311 -0.159391105 -0.001363361 -0.001623016 0.999997795 4.328934193
0.999999642 0.000048855 0.000876947 0.084555745 -0.000050295 0.999998629 0.001642974 -0.163262844 -0.000876865 -0.001643018 0.999998331 4.575373650
0.999999344 -0.000558011 0.000991971 0.085034758 0.000556178 0.999998271 0.001846543 -0.183065608 -0.000993000 -0.001845991 0.999997795 4.850735188
0.999999285 -0.000252889 0.001164189 0.095871150 0.000250662 0.999998212 0.001912811 -0.185984746 -0.001164670 -0.001912518 0.999997437 5.125626087
0.999999344 -0.000285042 0.001086446 0.097389698 0.000282937 0.999998093 0.001936602 -0.195920706 -0.001086996 -0.001936293 0.999997556 5.373775959
0.999999046 -0.000449005 0.001250311 0.102018744 0.000446610 0.999998093 0.001915402 -0.200401828 -0.001251169 -0.001914842 0.999997437 5.642407417
0.999998808 -0.001252691 0.000884758 0.112036094 0.001250655 0.999996662 0.002298952 -0.220099449 -0.000887635 -0.002297842 0.999996960 5.901622295
0.999999166 -0.000389921 0.001244687 0.108317979 0.000387401 0.999997795 0.002024362 -0.223241717 -0.001245474 -0.002023878 0.999997199 6.188059330
0.999998748 -0.000407694 0.001510031 0.110487349 0.000404267 0.999997318 0.002269352 -0.234220222 -0.001510952 -0.002268739 0.999996305 6.473084450
0.999998808 -0.000216553 0.001514398 0.121187210 0.000213501 0.999997914 0.002014816 -0.237821177 -0.001514831 -0.002014490 0.999996841 6.760448933
0.999998569 -0.000690844 0.001570020 0.131094038 0.000687938 0.999998033 0.001850702 -0.241556004 -0.001571295 -0.001849619 0.999997079 7.052495003
0.999998748 -0.001028278 0.001228060 0.152198926 0.001025411 0.999996781 0.002332765 -0.260253221 -0.001230455 -0.002331503 0.999996543 7.335543633
0.999998868 -0.000389406 0.001434473 0.138114706 0.000386246 0.999997497 0.002202345 -0.279209167 -0.001435327 -0.002201789 0.999996543 7.687489510
0.999998868 -0.000008368 0.001491348 0.146929950 0.000004480 0.999996543 0.002607416 -0.293334126 -0.001491365 -0.002607406 0.999995530 8.003597260
0.999998748 -0.000080131 0.001587166 0.152987033 0.000076019 0.999996662 0.002590630 -0.304204106 -0.001587368 -0.002590506 0.999995351 8.322612762
0.999998927 -0.000249669 0.001455813 0.158560082 0.000246248 0.999997199 0.002349268 -0.307239234 -0.001456395 -0.002348907 0.999996185 8.644683838
0.999999106 -0.000313475 0.001321523 0.164926708 0.000310187 0.999996901 0.002487116 -0.316906780 -0.001322299 -0.002486704 0.999996066 8.975962639
0.999998629 -0.000575640 0.001589838 0.168705314 0.000571667 0.999996722 0.002498104 -0.323794752 -0.001591271 -0.002497192 0.999995649 9.318998337
0.999998212 -0.000752693 0.001720879 0.173672080 0.000748324 0.999996543 0.002538440 -0.327948630 -0.001722784 -0.002537148 0.999995291 9.672616005
0.999998629 -0.000698011 0.001510160 0.186843663 0.000693927 0.999996066 0.002703106 -0.338762075 -0.001512041 -0.002702055 0.999995232 10.007146835
0.999998569 -0.000829689 0.001472984 0.202026382 0.000826145 0.999996722 0.002404660 -0.358464509 -0.001474974 -0.002403440 0.999996006 10.353367805
0.999998569 -0.000335192 0.001680384 0.209341660 0.000330697 0.999996364 0.002674594 -0.366318703 -0.001681275 -0.002674034 0.999994993 10.711024284
0.999998629 -0.000621750 0.001519810 0.217076227 0.000617755 0.999996364 0.002627996 -0.376642883 -0.001521439 -0.002627054 0.999995410 11.089402199
0.999998391 -0.000358222 0.001740258 0.224376440 0.000353579 0.999996364 0.002667065 -0.388281554 -0.001741207 -0.002666446 0.999994934 11.476131439
0.999998391 -0.000242762 0.001782765 0.232915044 0.000237543 0.999995708 0.002926878 -0.408915907 -0.001783468 -0.002926450 0.999994099 11.837836266
0.999998689 -0.000279036 0.001604092 0.243585587 0.000274106 0.999995291 0.003073204 -0.420832604 -0.001604942 -0.003072760 0.999993920 12.220198631
0.999998212 -0.000403080 0.001852267 0.260190994 0.000397269 0.999995053 0.003136470 -0.433198214 -0.001853522 -0.003135728 0.999993384 12.609286308
0.999998093 -0.000624425 0.001808687 0.268161446 0.000618225 0.999993861 0.003426280 -0.445228279 -0.001810815 -0.003425155 0.999992490 13.014764786
0.999998093 -0.000448629 0.001913394 0.269199967 0.000441044 0.999992192 0.003963002 -0.470710993 -0.001915157 -0.003962150 0.999990344 13.413600922
0.999996901 0.000670482 0.002385036 0.275939494 -0.000679405 0.999992847 0.003742487 -0.481290996 -0.002382509 -0.003744096 0.999990225 13.827579498
0.999997377 0.000379206 0.002258337 0.293377817 -0.000388314 0.999991834 0.004034236 -0.493314266 -0.002256789 -0.004035102 0.999989390 14.249006271
0.999997020 -0.000352966 0.002439918 0.310462475 0.000343698 0.999992788 0.003797748 -0.496607423 -0.002441241 -0.003796898 0.999989867 14.685088158
0.999995410 -0.000191624 0.003005086 0.310333610 0.000178844 0.999991000 0.004252540 -0.517087638 -0.003005874 -0.004251983 0.999986529 15.119773865
0.999995828 -0.000964164 0.002762932 0.319866985 0.000951136 0.999988377 0.004712933 -0.545378625 -0.002767444 -0.004710284 0.999985039 15.479492188
0.999994695 -0.000550771 0.003233612 0.330087960 0.000535961 0.999989331 0.004579106 -0.554125547 -0.003236100 -0.004577347 0.999984324 15.917741776
0.999994576 -0.000604743 0.003235301 0.335448831 0.000588908 0.999987900 0.004893274 -0.568787992 -0.003238221 -0.004891342 0.999982834 16.367385864
0.999992251 -0.000644460 0.003856308 0.350930452 0.000625550 0.999987781 0.004902720 -0.574284911 -0.003859420 -0.004900271 0.999980509 16.810684204
0.999991834 -0.001184273 0.003856469 0.368409544 0.001165038 0.999986887 0.004986078 -0.599570930 -0.003862323 -0.004981544 0.999980152 17.281610489
0.999990225 -0.000909365 0.004301856 0.379370689 0.000887852 0.999987125 0.005000115 -0.610804260 -0.004306348 -0.004996247 0.999978244 17.734836578
0.999988914 -0.001792930 0.004353226 0.394715965 0.001770846 0.999985635 0.005071386 -0.621968806 -0.004362256 -0.005063620 0.999977708 18.216144562
0.999988496 -0.001836960 0.004430688 0.401286811 0.001813778 0.999984622 0.005230405 -0.633297861 -0.004440228 -0.005222308 0.999976456 18.653017044
0.999989212 -0.001819429 0.004255513 0.428079933 0.001798919 0.999986708 0.004818499 -0.644460440 -0.004264223 -0.004810792 0.999979317 19.123773575
0.999989510 -0.001671565 0.004259930 0.441604972 0.001651555 0.999987602 0.004696383 -0.651372731 -0.004267727 -0.004689298 0.999979973 19.603635788
0.999988854 -0.001848627 0.004339617 0.443378776 0.001824846 0.999983251 0.005477600 -0.677026153 -0.004349670 -0.005469620 0.999975502 20.066701889
0.999987006 -0.002384621 0.004490159 0.457254082 0.002358441 0.999980211 0.005826666 -0.697087765 -0.004503964 -0.005816001 0.999972939 20.537935257
0.999988675 -0.002350654 0.004121206 0.477217257 0.002326731 0.999980509 0.005799887 -0.710407257 -0.004134759 -0.005790233 0.999974668 21.031547546
0.999991298 -0.002396885 0.003417972 0.472054064 0.002376586 0.999979615 0.005930716 -0.723285794 -0.003432117 -0.005922541 0.999976516 21.551452637
0.999993145 -0.001676682 0.003299346 0.478868186 0.001657180 0.999981284 0.005904838 -0.738315523 -0.003309185 -0.005899331 0.999977112 22.061147690
0.999992371 -0.002411249 0.003061249 0.495877445 0.002392195 0.999977827 0.006212732 -0.760841846 -0.003076162 -0.006205362 0.999976039 22.564563751
0.999994338 -0.002626020 0.002100182 0.510277569 0.002612728 0.999976695 0.006306800 -0.771490037 -0.002116695 -0.006301276 0.999977887 23.027545929
0.999995410 -0.002641514 0.001435709 0.529180348 0.002632330 0.999976277 0.006361702 -0.785475969 -0.001452480 -0.006357893 0.999978781 23.559862137
0.999992847 -0.003768973 0.000246922 0.554190457 0.003767350 0.999973297 0.006271760 -0.795326233 -0.000270553 -0.006270783 0.999980271 24.060052872
0.999995589 -0.002958380 0.000358250 0.541857183 0.002955983 0.999974370 0.006516381 -0.815198600 -0.000377518 -0.006515293 0.999978662 24.566814423
0.999998093 -0.001957734 0.000330240 0.542708993 0.001955566 0.999977350 0.006442945 -0.825034261 -0.000342846 -0.006442287 0.999979138 25.104986191
0.999995708 -0.002769819 -0.000951996 0.560955167 0.002775634 0.999977052 0.006161749 -0.826014102 0.000934907 -0.006164366 0.999980569 25.655458450
0.999993682 -0.003354579 -0.001148074 0.565777242 0.003362442 0.999970436 0.006917079 -0.855024815 0.001124836 -0.006920897 0.999975383 26.119947433
0.999994636 -0.003063446 -0.001157421 0.577506483 0.003072287 0.999965489 0.007715056 -0.864773154 0.001133746 -0.007718571 0.999969542 26.670122147
0.999992430 -0.003255554 -0.002142030 0.589098632 0.003271231 0.999967635 0.007356247 -0.879567266 0.002118011 -0.007363200 0.999970615 27.237840652
0.999995232 -0.002273327 -0.002127564 0.604627848 0.002289216 0.999969304 0.007495839 -0.895870566 0.002110458 -0.007500673 0.999969661 27.752717972
0.999993205 -0.002518235 -0.002688894 0.617998123 0.002538955 0.999966860 0.007730174 -0.907949150 0.002669338 -0.007736948 0.999966502 28.243309021
0.999991536 -0.002636006 -0.003155909 0.632078469 0.002662530 0.999960899 0.008430295 -0.926209688 0.003133563 -0.008438626 0.999959469 28.789882660
0.999990046 -0.002645306 -0.003594693 0.648723722 0.002675205 0.999961674 0.008338505 -0.929062843 0.003572496 -0.008348039 0.999958754 29.374326706
0.999988675 -0.002876741 -0.003794328 0.646134198 0.002907063 0.999963701 0.008010196 -0.944140673 0.003771147 -0.008021135 0.999960721 29.819339752
0.999981582 -0.004062046 -0.004510444 0.667957723 0.004098640 0.999958575 0.008133843 -0.960499585 0.004477216 -0.008152180 0.999956787 30.361608505
0.999984920 -0.003462215 -0.004285023 0.669202328 0.003498672 0.999957502 0.008530015 -0.974638104 0.004255308 -0.008544877 0.999954462 30.904762268
0.999982476 -0.003625857 -0.004665168 0.685597122 0.003667907 0.999952435 0.009036698 -1.008140683 0.004632181 -0.009053650 0.999948263 31.390729904
0.999982953 -0.003446787 -0.004721045 0.695471108 0.003487964 0.999955714 0.008741834 -1.019483089 0.004690706 -0.008758150 0.999950588 31.933847427
0.999985874 -0.002279035 -0.004773201 0.685142159 0.002318478 0.999963105 0.008274347 -1.018699169 0.004754168 -0.008285296 0.999954343 32.474769592
0.999982297 -0.003696341 -0.004660290 0.686248183 0.003736964 0.999954820 0.008738480 -1.056770921 0.004627780 -0.008755740 0.999950945 32.993801117
0.999981523 -0.003721116 -0.004804034 0.689886987 0.003762529 0.999955535 0.008640336 -1.061199188 0.004771668 -0.008658252 0.999951124 33.561012268
0.999982953 -0.003606533 -0.004582625 0.692517638 0.003647995 0.999952197 0.009071674 -1.084464788 0.004549688 -0.009088238 0.999948323 34.079044342
0.999977291 -0.004275129 -0.005201065 0.712642789 0.004323751 0.999946713 0.009373468 -1.108238459 0.005160715 -0.009395745 0.999942541 34.591197968
0.999976635 -0.004086051 -0.005483589 0.721914589 0.004135517 0.999950588 0.009039787 -1.109225154 0.005446382 -0.009062254 0.999944150 35.127990723
0.999977887 -0.003527226 -0.005644198 0.719132066 0.003580290 0.999949276 0.009419192 -1.128977537 0.005610687 -0.009439192 0.999939680 35.701152802
0.999971747 -0.004508941 -0.006011873 0.753939867 0.004566259 0.999943912 0.009554720 -1.144477010 0.005968454 -0.009581904 0.999936223 36.204082489
0.999971926 -0.004625392 -0.005917490 0.753568590 0.004684955 0.999938130 0.010091513 -1.162479043 0.005870447 -0.010118953 0.999931514 36.759780884
0.999968410 -0.005193877 -0.006002114 0.770681918 0.005251921 0.999939144 0.009695742 -1.164795876 0.005951390 -0.009726962 0.999934971 37.302932739
0.999965310 -0.005370796 -0.006356034 0.776807427 0.005437149 0.999930441 0.010468421 -1.184851646 0.006299368 -0.010502617 0.999925077 37.810504913
0.999960899 -0.005941479 -0.006550753 0.776823103 0.006011129 0.999925077 0.010664529 -1.209836602 0.006486899 -0.010703488 0.999921620 38.358249664
0.999959946 -0.005516387 -0.007048120 0.793717384 0.005591815 0.999926865 0.010727435 -1.229346752 0.006988427 -0.010766416 0.999917626 38.892692566
0.999960482 -0.005082989 -0.007292469 0.817956805 0.005162608 0.999926805 0.010941015 -1.233612061 0.007236323 -0.010978229 0.999913573 39.408657074
0.999961376 -0.005759781 -0.006642513 0.811462164 0.005832895 0.999922037 0.011040558 -1.250434399 0.006578404 -0.011078877 0.999916971 39.932941437
0.999959946 -0.005627158 -0.006955592 0.823901176 0.005705998 0.999919116 0.011367401 -1.266061068 0.006891063 -0.011406635 0.999911189 40.470638275
0.999966025 -0.005272945 -0.006334873 0.854601026 0.005343717 0.999922872 0.011207296 -1.283090234 0.006275289 -0.011240766 0.999917150 40.930961609
0.999970019 -0.004657229 -0.006188778 0.860596776 0.004724969 0.999928653 0.010976436 -1.295031667 0.006137217 -0.011005351 0.999920607 41.476585388
0.999959528 -0.005791838 -0.006883852 0.879414439 0.005871970 0.999914527 0.011677979 -1.303960919 0.006815628 -0.011717930 0.999908149 42.017173767
0.999962151 -0.005227868 -0.006945387 0.907567203 0.005304546 0.999924719 0.011067998 -1.295899391 0.006887001 -0.011104423 0.999914587 42.541545868
0.999975204 -0.003720279 -0.005983024 0.866012454 0.003784287 0.999935329 0.010722710 -1.319584131 0.005942746 -0.010745087 0.999924660 43.139312744
0.999966741 -0.005671774 -0.005852949 0.882878304 0.005734365 0.999925971 0.010733345 -1.334172606 0.005791642 -0.010766552 0.999925196 43.664985657
0.999965310 -0.005503840 -0.006243968 0.893899798 0.005568887 0.999929905 0.010448428 -1.338907123 0.006186026 -0.010482837 0.999925852 44.211772919
0.999953806 -0.006633360 -0.006948273 0.912393093 0.006705299 0.999923706 0.010381926 -1.350077748 0.006878877 -0.010428037 0.999921918 44.763793945
0.999964297 -0.006534623 -0.005362946 0.918717802 0.006592215 0.999920011 0.010792210 -1.365035295 0.005291996 -0.010827177 0.999927402 45.288520813
0.999960482 -0.006848222 -0.005689048 0.936920464 0.006908663 0.999919116 0.010673217 -1.374732137 0.005615497 -0.010712097 0.999926865 45.832096100
0.999970376 -0.005855759 -0.004994912 0.924908578 0.005909583 0.999923885 0.010829974 -1.391257286 0.004931115 -0.010859168 0.999928832 46.406856537
0.999960840 -0.006866186 -0.005599577 0.944933295 0.006927163 0.999916077 0.010943884 -1.395596743 0.005523965 -0.010982243 0.999924421 46.946315765
0.999972701 -0.005617353 -0.004803718 0.958582997 0.005669286 0.999924839 0.010866429 -1.407385588 0.004742317 -0.010893366 0.999929428 47.427471161
0.999971807 -0.005754264 -0.004822212 0.970825076 0.005804793 0.999927700 0.010530760 -1.412408590 0.004761267 -0.010558454 0.999933004 47.977684021
0.999972403 -0.005709558 -0.004756214 0.976759076 0.005760229 0.999926090 0.010708975 -1.427264452 0.004694719 -0.010736075 0.999931395 48.523723602
0.999978662 -0.004956248 -0.004258795 0.981660724 0.005000767 0.999932289 0.010507132 -1.434454679 0.004206431 -0.010528203 0.999935746 49.077869415
0.999978304 -0.004913887 -0.004399173 0.991568148 0.004960954 0.999929905 0.010752967 -1.439819336 0.004346025 -0.010774556 0.999932468 49.640155792
0.999974728 -0.005748414 -0.004163397 1.007901311 0.005792806 0.999925613 0.010730303 -1.465076685 0.004101407 -0.010754151 0.999933779 50.178203583
0.999977350 -0.005460842 -0.003912993 1.015294075 0.005502482 0.999927521 0.010711211 -1.470271587 0.003854217 -0.010732500 0.999934971 50.730850220
0.999975264 -0.005542904 -0.004310341 1.017685652 0.005592322 0.999917805 0.011538950 -1.489760399 0.004246027 -0.011562771 0.999924123 51.269153595
0.999968112 -0.006451448 -0.004690752 1.041999221 0.006504105 0.999915004 0.011298516 -1.492248416 0.004617462 -0.011328664 0.999925196 51.860832214
0.999974847 -0.005948408 -0.003851053 1.052986145 0.005990453 0.999921560 0.010999988 -1.502468824 0.003785318 -0.011022781 0.999932110 52.396049500
0.999975502 -0.005964193 -0.003656248 1.058629155 0.006002947 0.999924958 0.010681475 -1.512936831 0.003592268 -0.010703160 0.999936283 52.948902130
0.999974549 -0.006121582 -0.003664251 1.076967716 0.006160461 0.999923944 0.010694806 -1.525008202 0.003598502 -0.010717107 0.999936104 53.502040863
0.999981523 -0.005043386 -0.003386896 1.099369645 0.005080097 0.999927521 0.010919523 -1.520070314 0.003331579 -0.010936528 0.999934614 54.087291718
0.999980450 -0.005603560 -0.002784103 1.089326620 0.005634101 0.999922693 0.011085633 -1.560853958 0.002721767 -0.011101104 0.999934614 54.611682892
0.999975741 -0.006051488 -0.003466727 1.112476707 0.006088780 0.999922633 0.010849378 -1.563906789 0.003400803 -0.010870222 0.999935091 55.165527344
0.999983191 -0.005164459 -0.002657552 1.114285350 0.005194084 0.999922991 0.011263828 -1.577407598 0.002599176 -0.011277441 0.999933004 55.719657898
0.999978065 -0.005891243 -0.003004236 1.137411594 0.005921857 0.999929607 0.010285256 -1.573668122 0.002943431 -0.010302820 0.999942601 56.216358185
0.999977112 -0.005977611 -0.003191487 1.172009826 0.006010560 0.999927700 0.010415931 -1.578089595 0.003128995 -0.010434874 0.999940693 56.814941406
0.999983549 -0.005310544 -0.002151702 1.154363155 0.005335051 0.999919057 0.011548687 -1.634153247 0.002090195 -0.011559974 0.999930978 57.340354919
0.999984980 -0.005205024 -0.001702587 1.161780953 0.005223923 0.999922574 0.011290175 -1.645879507 0.001643688 -0.011298899 0.999934733 57.877906799
0.999984682 -0.005209601 -0.001857866 1.171283364 0.005231200 0.999916434 0.011816883 -1.651794314 0.001796149 -0.011826419 0.999928415 58.429676056
0.999978244 -0.006127696 -0.002427136 1.189651608 0.006153668 0.999922276 0.010841778 -1.645705938 0.002360511 -0.010856479 0.999938250 58.968658447
0.999983072 -0.005555703 -0.001722381 1.196990848 0.005573388 0.999929905 0.010439270 -1.643930912 0.001664263 -0.010448693 0.999943972 59.523658752
0.999979496 -0.006130581 -0.001823099 1.195324898 0.006151530 0.999912441 0.011716590 -1.688641071 0.001751110 -0.011727566 0.999929667 60.092884064
0.999980748 -0.005977065 -0.001664284 1.216723084 0.005995647 0.999917150 0.011393395 -1.699041605 0.001596048 -0.011403153 0.999933660 60.649444580
0.999984860 -0.005163152 -0.001883703 1.261930585 0.005185334 0.999915004 0.011967340 -1.704734445 0.001821754 -0.011976926 0.999926627 61.136344910
0.999980569 -0.005990771 -0.001727213 1.237984419 0.006010218 0.999916017 0.011483313 -1.725258589 0.001658273 -0.011493470 0.999932587 61.745841980
0.999978304 -0.006491187 -0.001038623 1.235081673 0.006502525 0.999914825 0.011313206 -1.739242792 0.000965099 -0.011319716 0.999935389 62.302616119
0.999980628 -0.006155813 -0.000821100 1.243924499 0.006165001 0.999912560 0.011701196 -1.752280235 0.000748997 -0.011706032 0.999931157 62.827671051
0.999978840 -0.006403345 -0.001086218 1.246044993 0.006415195 0.999915838 0.011282180 -1.769945383 0.001013883 -0.011288909 0.999935687 63.377807617
0.999981701 -0.005955097 -0.000987412 1.258023858 0.005966050 0.999916136 0.011486717 -1.783486724 0.000918924 -0.011492399 0.999933481 63.965412140
0.999977410 -0.006623879 -0.001097226 1.287565470 0.006636147 0.999910891 0.011583748 -1.791115284 0.001020399 -0.011590768 0.999932289 64.480850220
0.999978662 -0.006437651 -0.001159212 1.299332500 0.006450803 0.999910533 0.011723690 -1.807615876 0.001083635 -0.011730918 0.999930561 65.011367798
0.999977767 -0.006612926 -0.000814333 1.302161694 0.006622525 0.999901056 0.012411073 -1.832121134 0.000732179 -0.012416190 0.999922574 65.556243896
0.999984264 -0.005568148 0.000640405 1.307688713 0.005560461 0.999919116 0.011436812 -1.823438883 -0.000704037 -0.011433071 0.999934316 66.118934631
0.999982595 -0.005845417 0.000702274 1.312314153 0.005837078 0.999918580 0.011341090 -1.832218170 -0.000768510 -0.011336794 0.999935448 66.659126282
0.999985635 -0.005263655 0.000914183 1.327623248 0.005252880 0.999921024 0.011414014 -1.826411963 -0.000974190 -0.011409049 0.999934375 67.180053711
0.999988317 -0.004776464 0.000759674 1.345006466 0.004767970 0.999930143 0.010816244 -1.852233410 -0.000811286 -0.010812495 0.999941230 67.753082275
0.999983430 -0.005704927 0.000812691 1.355809093 0.005696385 0.999932289 0.010152495 -1.853677988 -0.000870555 -0.010147696 0.999948144 68.319412231
0.999991655 -0.003638273 0.001825340 1.332275748 0.003618954 0.999938548 0.010477669 -1.871311903 -0.001863348 -0.010470975 0.999943495 68.882438660
0.999992192 -0.003488388 0.001831021 1.381451607 0.003469214 0.999940157 0.010372538 -1.892861843 -0.001867095 -0.010366107 0.999944508 69.364585876
0.999988675 -0.004498261 0.001551411 1.398067713 0.004481768 0.999935091 0.010475066 -1.903993964 -0.001598429 -0.010467997 0.999943912 69.897293091
0.999990046 -0.004091382 0.001749268 1.406510353 0.004072806 0.999936581 0.010494490 -1.910348654 -0.001792094 -0.010487264 0.999943376 70.437057495
0.999993205 -0.002478961 0.002719410 1.400796175 0.002452187 0.999948919 0.009805193 -1.916724682 -0.002743578 -0.009798458 0.999948204 71.007186890
0.999988317 -0.004141447 0.002490602 1.422087908 0.004114642 0.999934494 0.010673053 -1.930987835 -0.002534641 -0.010662680 0.999939859 71.506927490
0.999988139 -0.004016538 0.002757269 1.432607889 0.003989314 0.999943852 0.009809084 -1.933176041 -0.002796513 -0.009797968 0.999948084 72.072586060
0.999990523 -0.003554350 0.002506351 1.450582623 0.003528698 0.999942064 0.010166141 -1.954509020 -0.002542340 -0.010157201 0.999945104 72.619674683
0.999988377 -0.003973457 0.002714641 1.452476382 0.003947169 0.999945879 0.009621271 -1.951303720 -0.002752723 -0.009610442 0.999949992 73.175765991
0.999989033 -0.003602741 0.003000549 1.479004860 0.003571124 0.999938726 0.010476533 -1.976893663 -0.003038109 -0.010465702 0.999940574 73.606033325
0.999987423 -0.003833927 0.003232456 1.491214275 0.003799536 0.999936759 0.010579292 -1.990948558 -0.003272812 -0.010566877 0.999938786 74.166557312
0.999987245 -0.004257508 0.002709632 1.517176867 0.004229099 0.999936879 0.010405164 -1.998898983 -0.002753760 -0.010393572 0.999942183 74.674362183
0.999987543 -0.003871654 0.003159740 1.530350924 0.003836327 0.999930978 0.011110833 -2.038441896 -0.003202538 -0.011098572 0.999933243 75.278854370
0.999986231 -0.003933867 0.003481121 1.548092127 0.003898530 0.999941349 0.010100207 -2.024682522 -0.003520650 -0.010086494 0.999942958 75.801391602
0.999988914 -0.003514563 0.003149955 1.566603065 0.003481795 0.999940395 0.010348515 -2.039758444 -0.003186138 -0.010337432 0.999941528 76.340286255
0.999986470 -0.003769315 0.003603966 1.579284906 0.003731714 0.999939144 0.010383658 -2.048488379 -0.003642885 -0.010370066 0.999939620 76.883171082
0.999984860 -0.004087850 0.003698142 1.589066982 0.004053272 0.999948442 0.009309603 -2.037438393 -0.003736008 -0.009294471 0.999949813 77.513298035
0.999984145 -0.004049005 0.003911248 1.628721833 0.004009401 0.999941111 0.010081017 -2.086202383 -0.003951836 -0.010065177 0.999941528 77.947593689
0.999986410 -0.003951712 0.003406182 1.641671419 0.003918461 0.999945104 0.009713755 -2.085125446 -0.003444382 -0.009700277 0.999947011 78.501701355
0.999986649 -0.003612395 0.003705505 1.657989025 0.003577208 0.999948800 0.009459038 -2.087267399 -0.003739485 -0.009445655 0.999948442 79.027778625
0.999984384 -0.003229803 0.004562359 1.649193764 0.003182436 0.999941349 0.010351600 -2.126544714 -0.004595525 -0.010336917 0.999935985 79.544242859
0.999975324 -0.002916349 0.006402537 1.657809734 0.002850034 0.999942482 0.010342422 -2.134104490 -0.006432331 -0.010323917 0.999925971 80.094879150
0.999966621 -0.003935683 0.007159388 1.681279302 0.003864466 0.999943137 0.009934156 -2.143963337 -0.007198079 -0.009906157 0.999925017 80.640365601
0.999955356 -0.003703519 0.008688245 1.705760360 0.003618296 0.999945343 0.009804371 -2.160315514 -0.008724080 -0.009772495 0.999914169 81.197532654
0.999947071 -0.003429927 0.009692992 1.719013691 0.003332802 0.999944270 0.010018537 -2.172570705 -0.009726814 -0.009985703 0.999902785 81.746543884
0.999907017 -0.003174698 0.013262428 1.733009815 0.003044195 0.999946892 0.009848665 -2.185667515 -0.013292991 -0.009807377 0.999863565 82.296287537
0.999859095 -0.002581452 0.016581589 1.766270041 0.002422682 0.999951124 0.009588027 -2.196719646 -0.016605530 -0.009546505 0.999816537 82.877670288
0.999784052 -0.003337554 0.020510968 1.777686477 0.003137930 0.999947488 0.009757005 -2.218631744 -0.020542456 -0.009690536 0.999742031 83.333999634
0.999697864 -0.003295344 0.024356915 1.826701283 0.003062794 0.999949455 0.009578724 -2.227481365 -0.024387246 -0.009501232 0.999657452 83.885932922
0.999533117 -0.003154862 0.030389028 1.838771462 0.002839170 0.999941587 0.010425904 -2.248390198 -0.030420151 -0.010334760 0.999483705 84.376350403
0.999338269 -0.003616099 0.036193736 1.885033727 0.003259389 0.999945581 0.009909745 -2.237337112 -0.036227603 -0.009785218 0.999295652 84.904304504
0.999107361 -0.003416652 0.042103756 1.921385646 0.002996395 0.999945104 0.010040521 -2.246922970 -0.042135756 -0.009905400 0.999062836 85.437324524
0.998711646 -0.004069407 0.050582252 1.952670574 0.003612154 0.999951899 0.009127919 -2.238680840 -0.050616965 -0.008933446 0.998678148 86.005905151
0.998263478 -0.003954351 0.058774330 2.010488033 0.003413090 0.999950767 0.009306681 -2.257157803 -0.058808252 -0.009089916 0.998227835 86.495803833
0.997777820 -0.004131731 0.066499434 2.064460754 0.003501455 0.999947846 0.009591662 -2.272719383 -0.066535592 -0.009337506 0.997740388 87.017539978
0.997242689 -0.005627181 0.073994637 2.139658451 0.004973106 0.999946952 0.009020765 -2.279637814 -0.074041478 -0.008627910 0.997217834 87.557380676
0.996354461 -0.004479312 0.085191838 2.195654869 0.003670512 0.999946594 0.009648144 -2.307764053 -0.085230514 -0.009300273 0.996317863 88.128746033
0.995486736 -0.004094951 0.094812647 2.243694305 0.003190478 0.999947906 0.009689216 -2.306010723 -0.094847389 -0.009342988 0.995447993 88.691978455
0.994777262 -0.005252085 0.101934634 2.320660114 0.004355703 0.999949813 0.009014284 -2.303156376 -0.101976857 -0.008523206 0.994750261 89.103523254
0.993621111 -0.004548175 0.112679265 2.409865856 0.003500036 0.999948740 0.009498048 -2.328180313 -0.112716682 -0.009043079 0.993586004 89.625831604
0.992399096 -0.005569928 0.122935347 2.503764153 0.004459885 0.999946713 0.009302829 -2.342358589 -0.122980610 -0.008683840 0.992371142 90.143150330
0.991247058 -0.006014723 0.131883428 2.599710464 0.004840040 0.999945760 0.009225736 -2.332535028 -0.131931752 -0.008506662 0.991222262 90.680679321
0.989527345 -0.004292903 0.144281566 2.655774117 0.002945392 0.999949992 0.009551759 -2.335064411 -0.144315362 -0.009026760 0.989490569 91.261672974
0.987778962 -0.004807158 0.155786678 2.771946907 0.003358079 0.999948621 0.009563533 -2.348600864 -0.155824617 -0.008923512 0.987744451 91.789474487
0.985914946 -0.005227992 0.167165056 2.883383751 0.003764594 0.999951780 0.009069901 -2.353173733 -0.167204380 -0.008312841 0.985887170 92.351417542
0.984186471 -0.003870342 0.177092567 2.996070862 0.002093289 0.999945581 0.010220330 -2.373249054 -0.177122489 -0.009688005 0.984140992 92.900169373
0.981974304 -0.005062082 0.188946337 3.135888100 0.003306509 0.999948442 0.009605452 -2.381759644 -0.188985199 -0.008807554 0.981940448 93.438339233
0.979466438 -0.005784832 0.201524019 3.244874954 0.004046042 0.999950945 0.009039053 -2.373465538 -0.201566428 -0.008038073 0.979441822 93.961502075
0.977244496 -0.006716586 0.212010264 3.380552292 0.004830867 0.999944031 0.009411208 -2.389502048 -0.212061599 -0.008172860 0.977222085 94.368614197
0.974121511 -0.005597758 0.225955904 3.523847580 0.003515863 0.999947548 0.009615094 -2.401847839 -0.225997895 -0.008571839 0.974090099 94.919754028
0.971052706 -0.007412902 0.238750279 3.677892685 0.005389926 0.999943852 0.009124948 -2.403925419 -0.238804519 -0.007573960 0.971038103 95.428092957
0.967952609 -0.006863471 0.251038998 3.834667206 0.004764217 0.999948442 0.008969047 -2.410329580 -0.251087606 -0.007485609 0.967935503 95.975852966
0.964665771 -0.007405280 0.263372630 3.977037430 0.005152025 0.999943972 0.009245011 -2.388867617 -0.263426334 -0.007561443 0.964649856 96.466125488
0.960840642 -0.008139257 0.276982218 4.155828476 0.005936184 0.999943733 0.008791444 -2.397955179 -0.277038157 -0.006802958 0.960834801 96.963630676
0.957034469 -0.007522171 0.289876997 4.327505112 0.005171765 0.999947250 0.008873482 -2.402573824 -0.289928436 -0.006993052 0.957022846 97.511596680
0.953616083 -0.008712036 0.300899655 4.541742325 0.006229713 0.999938190 0.009208196 -2.421500206 -0.300961256 -0.006906565 0.953611314 98.025924683
0.948955834 -0.008151014 0.315303802 4.687856674 0.005363229 0.999938428 0.009708245 -2.433959961 -0.315363556 -0.007521650 0.948941052 98.510429382
0.944703579 -0.009910691 0.327775836 4.911306381 0.007127214 0.999927640 0.009692202 -2.450780630 -0.327848166 -0.006820129 0.944705844 98.944274902
0.940143645 -0.007937847 0.340685844 5.045402527 0.004799792 0.999938071 0.010052835 -2.454432249 -0.340744555 -0.007815888 0.940123439 99.448860168
0.935460329 -0.007850773 0.353344500 5.273708344 0.004656241 0.999940276 0.009889993 -2.463342428 -0.353401035 -0.007606440 0.935440958 99.990928650
0.930460334 -0.010034502 0.366255343 5.511772156 0.006935453 0.999928176 0.009776291 -2.459480762 -0.366327196 -0.006556304 0.930463016 100.513252258
0.925184190 -0.009451226 0.379400551 5.707960129 0.005968128 0.999928534 0.010355636 -2.478914976 -0.379471242 -0.007316561 0.925174594 100.947364807
0.920470297 -0.008769538 0.390714228 5.943279266 0.005165997 0.999933898 0.010273008 -2.490012884 -0.390778542 -0.007437570 0.920454681 101.446464539
0.914241731 -0.008749937 0.405074656 6.182231903 0.004962546 0.999933600 0.010399040 -2.494385958 -0.405138820 -0.007497035 0.914224505 101.928283691
0.908862174 -0.011327044 0.416942745 6.431968689 0.008002372 0.999920726 0.009720980 -2.501994610 -0.417019814 -0.005498500 0.908880770 102.383956909
0.903350294 -0.010116174 0.428784192 6.647220612 0.006232880 0.999925852 0.010459691 -2.505069256 -0.428858221 -0.006776205 0.903346419 102.850524902
0.897804618 -0.011086754 0.440254450 6.919612885 0.007290937 0.999920249 0.010312292 -2.515804291 -0.440333664 -0.006048555 0.897813857 103.324737549
0.890828609 -0.010762073 0.454212248 7.185600281 0.006666178 0.999921381 0.010617958 -2.529623508 -0.454290777 -0.006430922 0.890830278 103.821372986
0.884649694 -0.010774993 0.466131777 7.428176880 0.006453945 0.999920130 0.010865279 -2.528119087 -0.466211677 -0.006603577 0.884648561 104.270782471
0.878548980 -0.010718103 0.477532029 7.706306458 0.006172679 0.999919415 0.011086673 -2.536973953 -0.477612376 -0.006792534 0.878544390 104.742935181
0.871191382 -0.011189402 0.490816116 7.999496460 0.006550156 0.999916196 0.011169203 -2.553596020 -0.490900010 -0.006515591 0.871191502 105.194732666
