1.000000000 0.000000000 0.000000000 0.000000000 0.000000000 1.000000000 0.000000000 0.000000000 0.000000000 0.000000000 1.000000000 0.000000000
1.000000000 -0.000143587 0.000017231 -0.000983168 0.000143588 1.000000000 -0.000093199 0.001375713 -0.000017218 0.000093201 1.000000000 0.003282320
1.000000000 -0.000101238 0.000003456 -0.000709381 0.000101238 1.000000000 -0.000049242 0.000734409 -0.000003451 0.000049242 1.000000000 -0.000254933
0.999999940 0.000222063 0.000147659 -0.000518699 -0.000222046 0.999999940 -0.000115876 0.003028689 -0.000147684 0.000115843 1.000000000 -0.004493805
1.000000000 0.000011606 -0.000003812 0.002856753 -0.000011606 1.000000000 0.000000925 0.001648123 0.000003812 -0.000000925 1.000000000 -0.003246491
1.000000000 0.000041054 0.000013925 0.000789154 -0.000041055 1.000000000 0.000017216 0.002345614 -0.000013924 -0.000017216 1.000000000 -0.001185153
1.000000000 -0.000048676 0.000068464 -0.000287542 0.000048683 1.000000000 -0.000091484 0.000700454 -0.000068460 0.000091487 1.000000000 -0.003993552
1.000000000 0.000077710 0.000000873 0.000166087 -0.000077710 1.000000000 0.000042167 0.001024226 -0.000000870 -0.000042167 1.000000000 -0.001686529
1.000000000 0.000041256 0.000239387 -0.010591665 -0.000041242 1.000000000 -0.000059160 0.002847588 -0.000239389 0.000059150 0.999999940 -0.003359463
1.000000000 -0.000049583 0.000063064 -0.001026393 0.000049585 1.000000000 -0.000031462 0.000489867 -0.000063063 0.000031465 1.000000000 -0.003800370
1.000000000 -0.000002969 0.000066322 -0.000387323 0.000002974 1.000000000 -0.000066661 0.001220475 -0.000066321 0.000066661 1.000000000 -0.005431658
1.000000000 0.000036880 0.000022630 0.000228448 -0.000036881 1.000000000 0.000045776 0.000370656 -0.000022628 -0.000045777 1.000000000 -0.008741853
1.000000000 0.000046093 0.000172184 -0.005313100 -0.000046090 1.000000000 -0.000017427 0.000847561 -0.000172185 0.000017419 1.000000000 -0.001722511
1.000000000 -0.000224739 0.000054393 -0.000955692 0.000224741 1.000000000 -0.000038896 -0.000333110 -0.000054384 0.000038908 1.000000000 -0.002110073
1.000000000 0.000022982 0.000015607 0.000089706 -0.000022982 1.000000000 0.000023410 0.000500109 -0.000015607 -0.000023410 1.000000000 -0.005594725
1.000000000 -0.000037885 -0.000012828 0.000560782 0.000037886 1.000000000 0.000042528 0.000784610 0.000012826 -0.000042529 1.000000000 -0.004759687
1.000000000 -0.000210584 -0.000019913 -0.002008403 0.000210583 1.000000000 -0.000052187 0.000481337 0.000019924 0.000052183 1.000000000 -0.003769575
1.000000000 -0.000061916 0.000011375 -0.000126443 0.000061916 1.000000000 -0.000012569 0.000057002 -0.000011374 0.000012570 1.000000000 -0.005963928
1.000000000 0.000058675 -0.000005596 -0.000361644 -0.000058675 1.000000000 0.000061469 0.001106692 0.000005600 -0.000061469 1.000000000 -0.005521340
1.000000000 -0.000149714 -0.000038275 -0.000690094 0.000149711 1.000000000 -0.000066603 0.000515621 0.000038285 0.000066597 1.000000000 -0.004077520
1.000000000 -0.000107216 0.000069418 -0.001702716 0.000107219 1.000000000 -0.000041941 0.000746346 -0.000069414 0.000041948 1.000000000 -0.004850367
1.000000000 -0.000037752 0.000069847 -0.000938884 0.000037748 1.000000000 0.000059607 -0.000626591 -0.000069849 -0.000059604 1.000000000 -0.001461226
1.000000000 0.000019753 0.000159072 -0.004763061 -0.000019742 1.000000000 -0.000071742 0.002718859 -0.000159074 0.000071739 1.000000000 0.002612943
0.999999940 -0.000233298 -0.000082110 0.000596151 0.000233290 0.999999940 -0.000090216 0.000562306 0.000082131 0.000090197 1.000000000 0.001060215
1.000000000 -0.000118792 -0.000008508 0.000635009 0.000118792 1.000000000 -0.000040291 0.001701096 0.000008513 0.000040290 1.000000000 -0.003945828
1.000000000 0.000011442 0.000020393 0.000586252 -0.000011442 1.000000000 0.000003494 0.001388599 -0.000020393 -0.000003494 1.000000000 -0.007583063
1.000000000 -0.000102014 0.000043273 -0.002452527 0.000102015 1.000000000 -0.000026131 0.003029392 -0.000043270 0.000026135 1.000000000 -0.000636322
1.000000000 0.000040155 0.000060560 -0.000983126 -0.000040153 1.000000000 -0.000034669 0.000464294 -0.000060562 0.000034666 1.000000000 -0.005942240
1.000000000 -0.000001712 0.000077475 -0.003479764 0.000001710 1.000000000 0.000020660 0.002207272 -0.000077475 -0.000020659 1.000000000 0.000545237
1.000000000 -0.000119441 0.000043463 -0.004639441 0.000119441 1.000000000 -0.000018860 0.004919597 -0.000043460 0.000018865 1.000000000 0.002181070
1.000000000 -0.000171779 -0.000057267 -0.001259306 0.000171779 1.000000000 -0.000001872 0.000519323 0.000057267 0.000001862 1.000000000 -0.000347372
1.000000000 -0.000103090 0.000033282 -0.002817103 0.000103089 1.000000000 0.000029710 0.000411506 -0.000033285 -0.000029706 1.000000000 -0.001510685
0.999999940 -0.000326444 -0.000087908 -0.002166123 0.000326450 0.999999940 0.000059896 0.001121399 0.000087889 -0.000059925 1.000000000 -0.000151943
1.000000000 -0.000208594 -0.000056516 -0.001133499 0.000208604 0.999999940 0.000181281 -0.000608682 0.000056478 -0.000181292 1.000000000 -0.002973842
1.000000000 -0.000028853 0.000054783 -0.002859826 0.000028853 1.000000000 -0.000001072 0.002322012 -0.000054783 0.000001073 1.000000000 -0.000235426
0.999999940 -0.000269156 0.000002258 -0.002184835 0.000269156 0.999999940 0.000051201 0.001210198 -0.000002272 -0.000051200 1.000000000 0.001872558
1.000000000 -0.000007913 0.000117037 -0.006596974 0.000007922 1.000000000 -0.000074609 0.004758758 -0.000117037 0.000074610 1.000000000 0.002733475
0.999999940 -0.000314700 -0.000052676 -0.001725518 0.000314700 0.999999940 -0.000010229 0.001559690 0.000052679 0.000010212 1.000000000 -0.000879091
1.000000000 -0.000098745 0.000117080 -0.005110704 0.000098750 1.000000000 -0.000044304 0.002405725 -0.000117075 0.000044316 1.000000000 0.001176367
1.000000000 -0.000105294 -0.000011990 -0.000550942 0.000105295 1.000000000 0.000098841 0.000530325 0.000011980 -0.000098842 1.000000000 -0.005389059
1.000000000 -0.000201644 0.000051454 -0.003857805 0.000201646 1.000000000 -0.000045594 0.001472007 -0.000051445 0.000045605 1.000000000 0.005711790
1.000000000 -0.000056784 0.000005019 0.004063181 0.000056787 0.999999821 -0.000546759 -0.005220027 -0.000004988 0.000546760 0.999999821 0.045910258
1.000000000 -0.000172868 -0.000017322 0.002157059 0.000172846 0.999999166 -0.001291073 -0.002165144 0.000017545 0.001291070 0.999999166 0.144913107
1.000000000 -0.000160536 -0.000077528 0.008586597 0.000160422 0.999998927 -0.001458028 -0.010726526 0.000077762 0.001458016 0.999998927 0.260133445
1.000000000 -0.000147981 -0.000039073 0.006964584 0.000147929 0.999999106 -0.001314162 -0.014926297 0.000039267 0.001314157 0.999999106 0.391172349
1.000000000 -0.000045144 -0.000125568 0.008705607 0.000045007 0.999999404 -0.001089970 -0.020518467 0.000125618 0.001089964 0.999999404 0.537782133
1.000000000 0.000120229 0.000037187 0.014204415 -0.000120188 0.999999404 -0.001103782 -0.027454134 -0.000037320 0.001103777 0.999999404 0.697169065
1.000000000 -0.000068050 0.000051425 0.016198240 0.000068084 0.999999762 -0.000658184 -0.034081142 -0.000051380 0.000658188 0.999999762 0.852471769
0.999999940 -0.000218186 -0.000206098 0.023236532 0.000218065 0.999999821 -0.000587373 -0.037998155 0.000206226 0.000587328 0.999999821 1.031475902
1.000000000 -0.000161540 -0.000042339 0.020282743 0.000161513 0.999999762 -0.000627630 -0.043297932 0.000042440 0.000627623 0.999999821 1.214849949
0.999999821 -0.000557340 -0.000216107 0.031545140 0.000557264 0.999999762 -0.000352842 -0.048036233 0.000216303 0.000352721 0.999999940 1.404786825
0.999999404 -0.000786007 -0.000781526 0.051601619 0.000785712 0.999999642 -0.000377751 -0.052932844 0.000781823 0.000377137 0.999999642 1.598454952
0.999999940 -0.000290013 -0.000097704 0.044123340 0.000289982 0.999999881 -0.000317848 -0.058946118 0.000097796 0.000317820 0.999999940 1.795761704
1.000000000 -0.000162761 0.000048844 0.054282445 0.000162772 0.999999940 -0.000210806 -0.057011873 -0.000048810 0.000210814 1.000000000 1.963438392
0.999996662 -0.000310055 -0.002570016 0.105809063 0.000313805 0.999998808 0.001458781 -0.101837479 0.002569561 -0.001459583 0.999995649 2.143846750
0.999996722 -0.000184668 -0.002562954 0.108225979 0.000189078 0.999998510 0.001720517 -0.107147917 0.002562632 -0.001720996 0.999995291 2.363388300
0.999995947 -0.000949911 -0.002663260 0.112581618 0.000955482 0.999997318 0.002091084 -0.124089405 0.002661267 -0.002093620 0.999994278 2.580346346
0.999996364 -0.000710379 -0.002616776 0.115907922 0.000715775 0.999997675 0.002062027 -0.130847916 0.002615305 -0.002063892 0.999994457 2.806282520
0.999996305 -0.000801919 -0.002589770 0.122377947 0.000807391 0.999997437 0.002112569 -0.135344371 0.002588069 -0.002114652 0.999994457 3.042770624
0.999997318 -0.000281316 -0.002317021 0.115457229 0.000285899 0.999998033 0.001977735 -0.137791693 0.002316460 -0.001978392 0.999995351 3.290881634
0.999998391 0.000128718 -0.001784470 0.112847254 -0.000125081 0.999997914 0.002037789 -0.152453944 0.001784728 -0.002037562 0.999996305 3.504552364
0.999998450 0.000615985 -0.001670817 0.115496665 -0.000612223 0.999997199 0.002251002 -0.160830855 0.001672199 -0.002249975 0.999996066 3.750831127
0.999998689 0.000022632 -0.001600406 0.117614552 -0.000018647 0.999996841 0.002489896 -0.171054721 0.001600457 -0.002489862 0.999995530 4.013932228
0.999998748 0.000376539 -0.001515081 0.118641935 -0.000372841 0.999996841 0.002440354 -0.176032096 0.001515995 -0.002439786 0.999995828 4.284010410
0.999998450 0.000048429 -0.001737013 0.127706766 -0.000043502 0.999995947 0.002836684 -0.184482545 0.001737143 -0.002836603 0.999994457 4.531162739
0.999998271 -0.000395748 -0.001816813 0.123476624 0.000400954 0.999995828 0.002865886 -0.203694135 0.001815671 -0.002866609 0.999994218 4.753410339
0.999998629 -0.000055848 -0.001604384 0.133909315 0.000059950 0.999996781 0.002556932 -0.203281656 0.001604236 -0.002557025 0.999995351 5.027848244
0.999998152 -0.000138786 -0.001902412 0.137001917 0.000144185 0.999995947 0.002838128 -0.211050645 0.001902011 -0.002838397 0.999994159 5.287077904
0.999998093 -0.000378292 -0.001897804 0.147492662 0.000383412 0.999996245 0.002698227 -0.217067689 0.001896776 -0.002698949 0.999994576 5.552718163
0.999998093 -0.000828411 -0.001739405 0.141690776 0.000833776 0.999994874 0.003086013 -0.235446215 0.001736840 -0.003087457 0.999993742 5.811181545
0.999998808 0.000175014 -0.001545176 0.143587351 -0.000169722 0.999994040 0.003423973 -0.254839778 0.001545766 -0.003423706 0.999992907 6.052463531
0.999998868 0.000321018 -0.001508998 0.148691371 -0.000315557 0.999993443 0.003617947 -0.261301726 0.001510150 -0.003617467 0.999992311 6.331373692
0.999999106 0.000341870 -0.001310835 0.146899939 -0.000337240 0.999993682 0.003530305 -0.268496305 0.001312034 -0.003529860 0.999992907 6.624395847
0.999998868 -0.000311203 -0.001482007 0.163089380 0.000316344 0.999993861 0.003470222 -0.274483293 0.001480918 -0.003470687 0.999992907 6.919434547
0.999998808 -0.000468537 -0.001485330 0.170078725 0.000474196 0.999992609 0.003811395 -0.285720944 0.001483533 -0.003812095 0.999991596 7.222221375
0.999998868 0.000020224 -0.001494807 0.176031381 -0.000013998 0.999991298 0.004165350 -0.312837243 0.001494878 -0.004165324 0.999990165 7.494628429
0.999998689 0.000272528 -0.001565474 0.186323494 -0.000265338 0.999989390 0.004591473 -0.326439112 0.001566708 -0.004591052 0.999988198 7.808993340
0.999999344 0.000246759 -0.001099248 0.178774297 -0.000241812 0.999989867 0.004498235 -0.335122824 0.001100346 -0.004497966 0.999989331 8.121323586
0.999998927 0.000231871 -0.001443187 0.201590434 -0.000225345 0.999989748 0.004520641 -0.338134974 0.001444220 -0.004520311 0.999988735 8.437773705
0.999998391 0.000836127 -0.001544192 0.192922026 -0.000829426 0.999990284 0.004334540 -0.353042543 0.001547801 -0.004333253 0.999989390 8.765294075
0.999998927 0.000841853 -0.001207920 0.195592374 -0.000836772 0.999990880 0.004200420 -0.360811412 0.001211445 -0.004199406 0.999990404 9.119720459
0.999998748 0.000587854 -0.001441572 0.208026275 -0.000581469 0.999989986 0.004425917 -0.370916277 0.001444160 -0.004425074 0.999989152 9.468943596
0.999999225 0.000589941 -0.001094063 0.201148182 -0.000585170 0.999990344 0.004355531 -0.374195695 0.001096622 -0.004354887 0.999989867 9.818575859
0.999998868 0.000772674 -0.001281866 0.234912679 -0.000767244 0.999990761 0.004231742 -0.377409041 0.001285124 -0.004230754 0.999990165 10.148017883
0.999998748 0.001466854 -0.000649780 0.207040548 -0.001463877 0.999988556 0.004559174 -0.403981984 0.000656461 -0.004558217 0.999989390 10.540986061
0.999998748 0.000983851 -0.001233370 0.230789542 -0.000977917 0.999987960 0.004802812 -0.419545233 0.001238081 -0.004801600 0.999987721 10.826622963
0.999998748 0.000911344 -0.001250388 0.238333419 -0.000904903 0.999986351 0.005141663 -0.433934808 0.001255057 -0.005140526 0.999985993 11.217617035
0.999999106 0.000740799 -0.001132755 0.242274985 -0.000735011 0.999986708 0.005101467 -0.441288143 0.001136519 -0.005100630 0.999986351 11.576181412
0.999999166 0.000392120 -0.001253746 0.252814710 -0.000385298 0.999985158 0.005436595 -0.456229806 0.001255859 -0.005436106 0.999984562 11.954578400
0.999998391 0.001619014 -0.000778085 0.251116306 -0.001614504 0.999982059 0.005762170 -0.472857833 0.000787400 -0.005760905 0.999983132 12.313009262
0.999999285 -0.000013575 -0.001178951 0.264869362 0.000020487 0.999982834 0.005862672 -0.489500314 0.001178851 -0.005862692 0.999982119 12.688547134
0.999998748 -0.000603317 -0.001429145 0.282326251 0.000611472 0.999983549 0.005712933 -0.500640810 0.001425674 -0.005713800 0.999982715 13.080629349
0.999999166 -0.000331967 -0.001243050 0.288063407 0.000339275 0.999982655 0.005883104 -0.509312153 0.001241075 -0.005883520 0.999981940 13.485692024
0.999999702 0.000434952 -0.000541274 0.288478851 -0.000431512 0.999979854 0.006339774 -0.526063919 0.000544021 -0.006339540 0.999979794 13.879806519
0.999999404 -0.000552782 -0.000936436 0.299721837 0.000558431 0.999981523 0.006042079 -0.560147524 0.000933079 -0.006042598 0.999981225 14.260321617
0.999999642 -0.000261814 -0.000795127 0.312736660 0.000266933 0.999979258 0.006444696 -0.571837425 0.000793424 -0.006444906 0.999978840 14.679575920
0.999999821 -0.000293250 -0.000501322 0.321559519 0.000296658 0.999976695 0.006811987 -0.584824681 0.000499313 -0.006812133 0.999976635 15.096544266
1.000000000 0.000020417 -0.000134204 0.331999242 -0.000019551 0.999979198 0.006447844 -0.590500355 0.000134333 -0.006447841 0.999979198 15.574213028
1.000000000 -0.000051017 0.000339545 0.324115485 0.000048537 0.999973297 0.007302640 -0.614562035 -0.000339908 -0.007302623 0.999973297 15.951154709
1.000000000 -0.000086432 0.000174652 0.335918516 0.000085207 0.999975502 0.007000235 -0.623943031 -0.000175254 -0.007000219 0.999975502 16.403915405
0.999999464 0.000588689 0.000919830 0.346880198 -0.000595355 0.999973476 0.007264284 -0.629789472 -0.000915528 -0.007264827 0.999973178 16.874757767
0.999998510 0.000769681 0.001586590 0.349395156 -0.000781169 0.999973476 0.007253320 -0.643205345 -0.001580965 -0.007254547 0.999972403 17.324556351
0.999999344 0.000098440 0.001228236 0.360935807 -0.000107567 0.999972343 0.007432809 -0.659719467 -0.001227470 -0.007432935 0.999971628 17.729476929
0.999998510 0.000174931 0.001721462 0.373421431 -0.000187641 0.999972701 0.007385931 -0.664241910 -0.001720122 -0.007386243 0.999971211 18.205720901
0.999998629 -0.000433336 0.001618202 0.382621527 0.000420964 0.999970675 0.007637531 -0.678305566 -0.001621463 -0.007636839 0.999969542 18.671535492
0.999997497 0.000895738 0.002066385 0.400093704 -0.000911381 0.999970853 0.007582074 -0.694275200 -0.002059534 -0.007583937 0.999969184 19.141284943
0.999997497 0.000909524 0.002048366 0.409479678 -0.000926171 0.999966502 0.008140607 -0.720959067 -0.002040893 -0.008142482 0.999964774 19.627597809
0.999999285 -0.000575406 0.001042950 0.419228554 0.000567098 0.999968171 0.007949706 -0.733998299 -0.001047490 -0.007949108 0.999967873 20.056793213
0.999999762 -0.000387839 0.000583044 0.426155329 0.000383393 0.999970973 0.007605979 -0.738092065 -0.000585977 -0.007605753 0.999970973 20.573633194
0.999999881 0.000245868 0.000418436 0.440729648 -0.000249301 0.999966145 0.008225841 -0.753351331 -0.000416400 -0.008225944 0.999966085 21.076763153
1.000000000 -0.000048644 0.000119903 0.441090703 0.000047621 0.999963701 0.008521112 -0.788377881 -0.000120313 -0.008521106 0.999963701 21.543270111
0.999999762 -0.000712137 -0.000101769 0.450527310 0.000712993 0.999962091 0.008679909 -0.798520267 0.000095584 -0.008679979 0.999962389 22.075935364
0.999998510 -0.001340773 -0.001116165 0.454086870 0.001350680 0.999959290 0.008922947 -0.815206289 0.001104156 -0.008924441 0.999959528 22.602975845
0.999997199 -0.001315013 -0.001952865 0.452384502 0.001332559 0.999958575 0.009010750 -0.831878543 0.001940934 -0.009013327 0.999957502 23.139150620
0.999993742 -0.002808050 -0.002151438 0.468052894 0.002827647 0.999953985 0.009160367 -0.846743941 0.002125616 -0.009166392 0.999955714 23.566593170
0.999992549 -0.002608089 -0.002846760 0.476930529 0.002634495 0.999953091 0.009311629 -0.854633510 0.002822341 -0.009319058 0.999952555 24.088842392
0.999990642 -0.002245122 -0.003694797 0.499746650 0.002280617 0.999951005 0.009630469 -0.859185219 0.003672995 -0.009638804 0.999946773 24.631267548
0.999992490 -0.001316637 -0.003638925 0.468364090 0.001352057 0.999951541 0.009748423 -0.895833611 0.003625913 -0.009753270 0.999945879 25.133071899
0.999991953 -0.001147865 -0.003854510 0.477313370 0.001184459 0.999954104 0.009505161 -0.903617501 0.003843423 -0.009509648 0.999947429 25.686903000
0.999987781 -0.002208126 -0.004403951 0.499728709 0.002252140 0.999947250 0.010014396 -0.915987551 0.004381606 -0.010024193 0.999940217 26.234279633
0.999986172 -0.002505451 -0.004629569 0.472307473 0.002556503 0.999935627 0.011054501 -0.955640376 0.004601574 -0.011066183 0.999928176 26.819704056
0.999984860 -0.001078887 -0.005393939 0.489595771 0.001136016 0.999943197 0.010599417 -0.974422216 0.005382197 -0.010605384 0.999929249 27.341094971
0.999981284 -0.001874814 -0.005833040 0.502200246 0.001938837 0.999937832 0.010989750 -0.983180821 0.005812075 -0.011000854 0.999922574 27.900335312
0.999979794 -0.001783627 -0.006094694 0.509659052 0.001852356 0.999934554 0.011289895 -0.998760641 0.006074159 -0.011300957 0.999917686 28.458854675
0.999972403 -0.002174055 -0.007091634 0.520853639 0.002253158 0.999935150 0.011165497 -1.008895874 0.007066899 -0.011181167 0.999912441 29.000801086
0.999972880 -0.001216456 -0.007261727 0.524220824 0.001299691 0.999933422 0.011468521 -1.019067883 0.007247292 -0.011477647 0.999907851 29.546009064
0.999966860 -0.002312818 -0.007808288 0.541064024 0.002403028 0.999930263 0.011563607 -1.035706520 0.007781000 -0.011581988 0.999902666 30.065992355
0.999968767 -0.002034290 -0.007637717 0.525739610 0.002127375 0.999923348 0.012199352 -1.057813287 0.007612314 -0.012215219 0.999896407 30.585481644
0.999967754 -0.001319235 -0.007914654 0.543988228 0.001418116 0.999920845 0.012500804 -1.081680298 0.007897536 -0.012511624 0.999890506 31.122833252
0.999970078 -0.002078076 -0.007455137 0.526413798 0.002168487 0.999923944 0.012139843 -1.069325447 0.007429342 -0.012155646 0.999898553 31.638317108
0.999963522 -0.001470919 -0.008421300 0.556230962 0.001575344 0.999921858 0.012406840 -1.091600537 0.008402392 -0.012419653 0.999887526 32.156555176
0.999962032 -0.002326792 -0.008398703 0.541795909 0.002435613 0.999912918 0.012970027 -1.129123330 0.008367793 -0.012989992 0.999880612 32.701377869
0.999962509 -0.001959566 -0.008440881 0.550980747 0.002073202 0.999907017 0.013474902 -1.141449571 0.008413691 -0.013491898 0.999873579 33.273529053
0.999953568 -0.002863429 -0.009200757 0.583546519 0.002991986 0.999897718 0.013989181 -1.158918619 0.009159760 -0.014016062 0.999859810 33.840152740
0.999960482 -0.002245745 -0.008600417 0.550857186 0.002362842 0.999904275 0.013629431 -1.152493000 0.008568984 -0.013649214 0.999870062 34.306427002
0.999960065 -0.002545589 -0.008568414 0.545070887 0.002667790 0.999894559 0.014280690 -1.175389886 0.008531154 -0.014302978 0.999861300 34.932693481
0.999949396 -0.003137565 -0.009556013 0.574825943 0.003269770 0.999898732 0.013850632 -1.195290923 0.009511589 -0.013881180 0.999858439 35.425926208
0.999948382 -0.003007988 -0.009708156 0.576723814 0.003143644 0.999897182 0.013988581 -1.214704275 0.009665081 -0.014018379 0.999855042 35.971450806
0.999946713 -0.003029189 -0.009871024 0.591386557 0.003170704 0.999891996 0.014352433 -1.220827818 0.009826480 -0.014382967 0.999848306 36.508869171
0.999952376 -0.002685531 -0.009385388 0.582806110 0.002817155 0.999897480 0.014039414 -1.229340076 0.009346724 -0.014065186 0.999857366 37.079788208
0.999945462 -0.002621025 -0.010113086 0.599162519 0.002764662 0.999895096 0.014215345 -1.228549600 0.010074767 -0.014242528 0.999847829 37.575584412
0.999936581 -0.004502798 -0.010314659 0.582750618 0.004661939 0.999869645 0.015456825 -1.272514105 0.010243716 -0.015503933 0.999827325 38.047355652
0.999930739 -0.004822747 -0.010727677 0.597889543 0.004987187 0.999869645 0.015355026 -1.281911016 0.010652225 -0.015407465 0.999824584 38.615100861
0.999930143 -0.004974930 -0.010717519 0.589531124 0.005149793 0.999853015 0.016350351 -1.302392602 0.010634601 -0.016404402 0.999808967 39.117755890
0.999929249 -0.004609433 -0.010958819 0.614598274 0.004784463 0.999860466 0.015999382 -1.315055966 0.010883543 -0.016050683 0.999811947 39.688369751
0.999937892 -0.004106671 -0.010354784 0.604615629 0.004271872 0.999863148 0.015982857 -1.309808254 0.010287732 -0.016026100 0.999818623 40.211441040
0.999930978 -0.004088918 -0.011005364 0.632491350 0.004258862 0.999871373 0.015463042 -1.314557791 0.010940722 -0.015508845 0.999819875 40.797904968
0.999935746 -0.004405066 -0.010437859 0.602760673 0.004576120 0.999854624 0.016420979 -1.352644801 0.010364007 -0.016467689 0.999810696 41.287250519
0.999933779 -0.004423247 -0.010623089 0.603912950 0.004599541 0.999851108 0.016628662 -1.367206097 0.010547956 -0.016676420 0.999805331 41.828403473
0.999930322 -0.004817158 -0.010776651 0.609360695 0.004998073 0.999845982 0.016824234 -1.366352320 0.010693948 -0.016876927 0.999800384 42.381191254
0.999926746 -0.005200669 -0.010934155 0.611763656 0.005388731 0.999836802 0.017240936 -1.388990879 0.010842706 -0.017298596 0.999791503 42.914638519
0.999920785 -0.005364486 -0.011384847 0.624182045 0.005557584 0.999840021 0.016997647 -1.402742624 0.011291840 -0.017059572 0.999790728 43.443588257
0.999918759 -0.005820192 -0.011339159 0.625610232 0.006013659 0.999835610 0.017103167 -1.410301566 0.011237753 -0.017169969 0.999789476 43.993312836
0.999915481 -0.005746897 -0.011659174 0.635741770 0.005940091 0.999844491 0.016603755 -1.408517003 0.011561940 -0.016671609 0.999794185 44.526199341
0.999917448 -0.005914581 -0.011419399 0.629087508 0.006121408 0.999816298 0.018162679 -1.446915865 0.011309880 -0.018231081 0.999769747 45.042217255
0.999915421 -0.005960494 -0.011560799 0.643626451 0.006169418 0.999816716 0.018121071 -1.452426314 0.011450670 -0.018190863 0.999768913 45.590579987
0.999918818 -0.005486742 -0.011503255 0.637189150 0.005694191 0.999820292 0.018079376 -1.469040990 0.011401989 -0.018143408 0.999770284 46.144889832
0.999917269 -0.005824077 -0.011471697 0.617290556 0.006032988 0.999815047 0.018261459 -1.468749166 0.011363219 -0.018329155 0.999767363 46.651603699
0.999918997 -0.005536436 -0.011469130 0.634974182 0.005739980 0.999825239 0.017790772 -1.475429535 0.011368630 -0.017855162 0.999775946 47.174095154
0.999914765 -0.005634930 -0.011775466 0.646111786 0.005849150 0.999816537 0.018237516 -1.491193414 0.011670537 -0.018304842 0.999764323 47.719181061
0.999915481 -0.005794335 -0.011642693 0.645925224 0.006012305 0.999805629 0.018774601 -1.503174901 0.011531645 -0.018843014 0.999755919 48.259361267
0.999921024 -0.005313077 -0.011383672 0.647739708 0.005525268 0.999810100 0.018690471 -1.510009885 0.011282207 -0.018751895 0.999760509 48.802547455
0.999917626 -0.005572894 -0.011557591 0.642042160 0.005791094 0.999803960 0.018932609 -1.521942973 0.011449815 -0.018997980 0.999753952 49.291957855
0.999921381 -0.005618374 -0.011204290 0.633058012 0.005827690 0.999807537 0.018737355 -1.528500795 0.011096860 -0.018801183 0.999761701 49.843914032
0.999924123 -0.005468103 -0.011038302 0.646450043 0.005678592 0.999800920 0.019128617 -1.538153410 0.010931505 -0.019189848 0.999756038 50.380661011
0.999923170 -0.005380226 -0.011166742 0.639250040 0.005599969 0.999789357 0.019741209 -1.552939177 0.011058178 -0.019802226 0.999742687 50.869762421
0.999921381 -0.005470385 -0.011281951 0.647456110 0.005685909 0.999800205 0.019160602 -1.557857513 0.011174883 -0.019223245 0.999752700 51.414402008
0.999916136 -0.006196920 -0.011372207 0.652361393 0.006416688 0.999791324 0.019391274 -1.562548757 0.011249669 -0.019462621 0.999747276 51.946826935
0.999921083 -0.005579914 -0.011257034 0.652823806 0.005789953 0.999808013 0.018713025 -1.569274783 0.011150455 -0.018776726 0.999761522 52.479885101
0.999920487 -0.005607640 -0.011292885 0.654100478 0.005833875 0.999780953 0.020101210 -1.591364384 0.011177692 -0.020165492 0.999734282 52.978775024
0.999923050 -0.005539858 -0.011103903 0.652648568 0.005760927 0.999783874 0.019977069 -1.593539119 0.010990833 -0.020039501 0.999738812 53.542221069
0.999913752 -0.005902697 -0.011731180 0.668606222 0.006134264 0.999785125 0.019802609 -1.598525882 0.011611770 -0.019872861 0.999735117 54.090572357
0.999908566 -0.006145515 -0.012039805 0.698086619 0.006377138 0.999793410 0.019295070 -1.584351778 0.011918740 -0.019370086 0.999741316 54.669189453
0.999918640 -0.005584399 -0.011463375 0.659685433 0.005814851 0.999779642 0.020169465 -1.608196974 0.011348214 -0.020234488 0.999730885 55.081733704
0.999918699 -0.005705642 -0.011407062 0.656099916 0.005934624 0.999779463 0.020141587 -1.620962501 0.011289627 -0.020207647 0.999732077 55.614765167
0.999915481 -0.006059089 -0.011504943 0.664708197 0.006288494 0.999779940 0.020009387 -1.621594071 0.011381174 -0.020080045 0.999733627 56.166172028
0.999917984 -0.005838604 -0.011397980 0.651556075 0.006072280 0.999769807 0.020575780 -1.641396880 0.011275223 -0.020643303 0.999723375 56.710788727
0.999918759 -0.005905978 -0.011292662 0.674667239 0.006131356 0.999780595 0.020028608 -1.637620211 0.011171895 -0.020096224 0.999735773 57.173137665
0.999916792 -0.005952137 -0.011440466 0.680510521 0.006182168 0.999777257 0.020177804 -1.639105201 0.011317817 -0.020246852 0.999731004 57.715446472
0.999913514 -0.006016587 -0.011706389 0.681927443 0.006250272 0.999779880 0.020028897 -1.641361952 0.011583307 -0.020100331 0.999730825 58.217384338
0.999917269 -0.005706097 -0.011528681 0.680112362 0.005935276 0.999783516 0.019943481 -1.647343278 0.011412386 -0.020010257 0.999734640 58.750137329
0.999914110 -0.005759946 -0.011774903 0.706624508 0.005991259 0.999787927 0.019704612 -1.638510108 0.011658908 -0.019773465 0.999736607 59.318195343
0.999908566 -0.006445943 -0.011886019 0.694557488 0.006687355 0.999769866 0.020383921 -1.666181326 0.011751890 -0.020461543 0.999721587 59.754428864
0.999901831 -0.006820306 -0.012239190 0.708285034 0.007070226 0.999765098 0.020493850 -1.671185732 0.012096540 -0.020578373 0.999715090 60.302654266
0.999903381 -0.007020236 -0.011999577 0.688534021 0.007258884 0.999774396 0.019961586 -1.666323543 0.011856736 -0.020046756 0.999728799 60.866268158
0.999904990 -0.006815564 -0.011976835 0.704186678 0.007056852 0.999770641 0.020220865 -1.678533196 0.011836273 -0.020303467 0.999723792 61.318023682
0.999907076 -0.006602383 -0.011931172 0.707073033 0.006848744 0.999761701 0.020726968 -1.687369108 0.011791482 -0.020806754 0.999713957 61.849487305
0.999901772 -0.007015753 -0.012138947 0.702904701 0.007263567 0.999763608 0.020492649 -1.691206336 0.011992306 -0.020578805 0.999716341 62.393051147
0.999899685 -0.007016389 -0.012312910 0.712738097 0.007265787 0.999767005 0.020328620 -1.681892872 0.012167408 -0.020416044 0.999717474 62.947010040
0.999891937 -0.007564520 -0.012603552 0.702266455 0.007823592 0.999756455 0.020634796 -1.711213589 0.012444388 -0.020731173 0.999707580 63.414680481
0.999891043 -0.007557158 -0.012679104 0.712982595 0.007814032 0.999762654 0.020333961 -1.715900421 0.012522429 -0.020430820 0.999712825 63.945968628
0.999888957 -0.007711783 -0.012745182 0.718796551 0.007964985 0.999769509 0.019936843 -1.716319561 0.012588494 -0.020036142 0.999719977 64.514091492
0.999892771 -0.008144747 -0.012169465 0.693791270 0.008383899 0.999770164 0.019731726 -1.707949758 0.012005958 -0.019831637 0.999731243 65.080307007
0.999894917 -0.007736041 -0.012260018 0.702327967 0.007989511 0.999752522 0.020762227 -1.735667109 0.012096364 -0.020858001 0.999709249 65.438461304
0.999908268 -0.006660852 -0.011794862 0.696520090 0.006906508 0.999757469 0.020910526 -1.742457271 0.011652719 -0.020990068 0.999711812 65.995216370
0.999901831 -0.007467613 -0.011856938 0.688235581 0.007702660 0.999772191 0.019903062 -1.731120348 0.011705606 -0.019992437 0.999731600 66.539291382
0.999902606 -0.007485732 -0.011773561 0.690824211 0.007724262 0.999763191 0.020346558 -1.743837953 0.011618464 -0.020435516 0.999723673 67.074874878
0.999906838 -0.007225924 -0.011573420 0.687932551 0.007466333 0.999754429 0.020865807 -1.752390385 0.011419804 -0.020950280 0.999715269 67.519096375
0.999915779 -0.006536822 -0.011204593 0.707796633 0.006764996 0.999768019 0.020448932 -1.754391193 0.011068324 -0.020523012 0.999728084 68.037307739
0.999915242 -0.006878998 -0.011060783 0.697713971 0.007101746 0.999770164 0.020227047 -1.754264712 0.010919101 -0.020303883 0.999734223 68.598907471
0.999917626 -0.006756346 -0.010911274 0.705820560 0.006981938 0.999759912 0.020771220 -1.769129872 0.010768316 -0.020845687 0.999724746 69.091133118
0.999911726 -0.007067594 -0.011246416 0.717218995 0.007292179 0.999772310 0.020055398 -1.762131095 0.011102111 -0.020135643 0.999735594 69.645004272
0.999908388 -0.006942254 -0.011618494 0.707242846 0.007188526 0.999747455 0.021290977 -1.793514967 0.011467753 -0.021372546 0.999705791 70.069435120
0.999913096 -0.006448918 -0.011495862 0.706842005 0.006685551 0.999764085 0.020666115 -1.797915101 0.011359875 -0.020741178 0.999720335 70.618881226
0.999907970 -0.006481946 -0.011912277 0.712669134 0.006727217 0.999763727 0.020666422 -1.806400180 0.011775507 -0.020744657 0.999715447 71.174377441
0.999904156 -0.006933313 -0.011984527 0.720328033 0.007177622 0.999764800 0.020464087 -1.807558656 0.011839826 -0.020548148 0.999718726 71.751091003
0.999903619 -0.007297123 -0.011802617 0.744512022 0.007532633 0.999770999 0.020034175 -1.802444816 0.011653722 -0.020121155 0.999729574 72.374023438
0.999908984 -0.007099960 -0.011466283 0.730254531 0.007340195 0.999751687 0.021047145 -1.818050385 0.011314001 -0.021129400 0.999712646 72.629020691
0.999915063 -0.006660521 -0.011200844 0.734863400 0.006892527 0.999759912 0.020803876 -1.826069117 0.011059589 -0.020879310 0.999720752 73.173851013
0.999905407 -0.007370600 -0.011611413 0.742472649 0.007613444 0.999750316 0.021010656 -1.824314237 0.011453654 -0.021097073 0.999711752 73.674598694
0.999905646 -0.007112242 -0.011753419 0.764411032 0.007348569 0.999769270 0.020187696 -1.832866430 0.011607125 -0.020272160 0.999727070 74.227767944
0.999917924 -0.006692319 -0.010927671 0.741733849 0.006915951 0.999764740 0.020556947 -1.818646669 0.010787527 -0.020630838 0.999728978 74.676399231
0.999915481 -0.006926624 -0.011000264 0.749779403 0.007149604 0.999767125 0.020362228 -1.821712017 0.010856661 -0.020439157 0.999732196 75.223426819
0.999911606 -0.007222947 -0.011165899 0.745618463 0.007449858 0.999763846 0.020415682 -1.825294495 0.011015802 -0.020497063 0.999729216 75.766380310
0.999918997 -0.006542795 -0.010915477 0.765559912 0.006755630 0.999785542 0.019576997 -1.831869841 0.010785049 -0.019649154 0.999748766 76.303367615
0.999923825 -0.006297064 -0.010617673 0.737776160 0.006511392 0.999773383 0.020273775 -1.822506070 0.010487598 -0.020341367 0.999738097 76.700874329
0.999928415 -0.005658229 -0.010546587 0.739636838 0.005874290 0.999771178 0.020569161 -1.831219673 0.010427789 -0.020629639 0.999732852 77.261528015
0.999926150 -0.006142137 -0.010479180 0.774140954 0.006348690 0.999783933 0.019792769 -1.837772012 0.010355344 -0.019857837 0.999749243 77.813171387
0.999946535 -0.005495097 -0.008760887 0.749180555 0.005670685 0.999781132 0.020145101 -1.837295294 0.008648270 -0.020193707 0.999758661 78.257118225
0.999960184 -0.005214958 -0.007243528 0.748523891 0.005357790 0.999788821 0.019841330 -1.837226748 0.007138527 -0.019879350 0.999776900 78.815444946
0.999962568 -0.005513455 -0.006662314 0.772046089 0.005644909 0.999786556 0.019875966 -1.854697585 0.006551308 -0.019912835 0.999780238 79.383033752
0.999967456 -0.005947246 -0.005446872 0.760579646 0.006053988 0.999785721 0.019794742 -1.847848177 0.005327981 -0.019827068 0.999789238 79.826347351
0.999979973 -0.005783975 -0.002562582 0.770421624 0.005833291 0.999789476 0.019674202 -1.856932282 0.002448247 -0.019688755 0.999803185 80.369537354
0.999989033 -0.004364731 0.001684251 0.780892372 0.004329004 0.999777138 0.020662826 -1.879558325 -0.001774064 -0.020655304 0.999785066 80.927589417
0.999977291 -0.004704218 0.004822598 0.785662889 0.004605310 0.999782920 0.020319264 -1.877328277 -0.004917137 -0.020296598 0.999781907 81.412277222
0.999951482 -0.004651644 0.008688336 0.823682666 0.004474679 0.999784350 0.020277699 -1.880265832 -0.008780788 -0.020237839 0.999756634 81.949554443
0.999880493 -0.004058551 0.014924423 0.844612122 0.003757179 0.999789596 0.020166021 -1.881159544 -0.015003128 -0.020107536 0.999685228 82.473480225
0.999781430 -0.004548420 0.020407366 0.867421746 0.004141442 0.999792576 0.019940784 -1.881140471 -0.020493830 -0.019851910 0.999592781 82.992576599
0.999634922 -0.004718884 0.026608286 0.885560155 0.004178215 0.999784410 0.020338681 -1.888938785 -0.026698528 -0.020220075 0.999439001 83.558570862
0.999367356 -0.003762032 0.035363398 0.925034523 0.003054097 0.999794304 0.020051580 -1.880050898 -0.035431556 -0.019930890 0.999173343 84.069854736
0.999054074 -0.004552357 0.043247543 0.981719971 0.003681604 0.999789357 0.020192500 -1.892355800 -0.043330353 -0.020014176 0.998860300 84.600875854
0.998704493 -0.003432536 0.050769866 1.015643358 0.002402724 0.999790430 0.020331051 -1.902442455 -0.050829008 -0.020182721 0.998503387 85.183242798
0.998287439 -0.006116704 0.058179252 1.042237520 0.004959875 0.999787629 0.020007517 -1.886338115 -0.058289263 -0.019684698 0.998105586 85.714057922
0.997641802 -0.005244699 0.068435788 1.097705364 0.003865871 0.999787211 0.020264665 -1.894391656 -0.068527497 -0.019952314 0.997449696 86.257797241
0.996917844 -0.004397136 0.078330494 1.125821114 0.002760492 0.999775887 0.020990128 -1.910917997 -0.078405239 -0.020709204 0.996706426 86.766571045
0.996363938 -0.006258118 0.084968068 1.236135960 0.004525968 0.999778330 0.020563260 -1.933470488 -0.085077912 -0.020103926 0.996171474 87.179382324
0.995400965 -0.006602451 0.095568247 1.313959599 0.004682788 0.999783099 0.020297192 -1.932030320 -0.095681533 -0.019756319 0.995216012 87.723472595
0.994282901 -0.006644442 0.106570005 1.383724689 0.004518520 0.999786258 0.020177674 -1.938247442 -0.106681302 -0.019580780 0.994100451 88.276664734
0.993243098 -0.005838851 0.115905024 1.435389519 0.003477536 0.999782503 0.020564625 -1.935525537 -0.115999892 -0.020022608 0.993047416 88.773071289
0.991863012 -0.005300885 0.127198756 1.524856567 0.002656566 0.999777019 0.020949524 -1.941158295 -0.127281427 -0.020441147 0.991656065 89.319831848
0.990211248 -0.005247460 0.139477849 1.624897957 0.002366451 0.999780595 0.020813501 -1.945699096 -0.139556468 -0.020279696 0.990006506 89.858642578
0.988735259 -0.006551183 0.149531648 1.727334023 0.003495775 0.999779880 0.020686897 -1.941938758 -0.149634257 -0.019931136 0.988540530 90.407257080
0.987227380 -0.006518779 0.159183949 1.832343102 0.003293574 0.999784112 0.020516293 -1.942823529 -0.159283325 -0.019729964 0.987035751 90.955581665
0.985120296 -0.006805369 0.171731442 1.942979813 0.003295555 0.999779999 0.020714631 -1.950843334 -0.171834588 -0.019840455 0.984926045 91.487319946
0.982837200 -0.005412632 0.184395522 2.069320679 0.001607212 0.999782741 0.020780485 -1.955609441 -0.184467927 -0.020127473 0.982632339 92.060966492
0.980785191 -0.006866886 0.194969565 2.204500198 0.002926668 0.999785721 0.020490279 -1.957894087 -0.195068493 -0.019525953 0.980595171 92.589813232
0.978009939 -0.005861540 0.208476052 2.339771271 0.001695874 0.999795437 0.020154640 -1.961305857 -0.208551526 -0.019357890 0.977819800 93.132003784
0.975083113 -0.006300267 0.221750200 2.456264496 0.001771498 0.999785900 0.020615809 -1.946648598 -0.221832588 -0.019709297 0.974885523 93.620620728
0.972312510 -0.005963207 0.233607829 2.599445343 0.001235925 0.999791682 0.020377140 -1.948640466 -0.233680621 -0.019524228 0.972117305 94.174011230
0.969136655 -0.005376533 0.246465534 2.748491287 0.000271722 0.999784768 0.020741399 -1.948201180 -0.246524021 -0.020034283 0.968929589 94.708702087
0.965599775 -0.006153157 0.259960175 2.917585373 0.000855693 0.999789834 0.020486239 -1.949176669 -0.260031581 -0.019559067 0.965402007 95.225021362
0.962053537 -0.005687656 0.272801787 3.103092194 0.000058452 0.999787033 0.020638466 -1.958629727 -0.272861063 -0.019839361 0.961848855 95.756927490
0.958960354 -0.006586044 0.283463806 3.290794373 0.000420177 0.999762177 0.021807168 -2.000542641 -0.283540010 -0.020793106 0.958734930 96.210266113
0.954616964 -0.007014664 0.297753602 3.427709579 0.000683511 0.999771595 0.021361854 -1.978035212 -0.297835529 -0.020188872 0.954403639 96.727684021
0.950235486 -0.007516934 0.311441690 3.626796722 0.000885929 0.999770105 0.021427328 -1.984998941 -0.311531126 -0.020085093 0.950023651 97.240882874
0.946417630 -0.007433465 0.322859704 3.815956116 0.000627773 0.999775529 0.021178424 -1.983327150 -0.322944701 -0.019840950 0.946209788 97.757263184
0.941835344 -0.007128998 0.335998893 4.009101868 -0.000117973 0.999767959 0.021543087 -1.998973131 -0.336074561 -0.020329684 0.941615939 98.254249573
0.937222183 -0.010055359 0.348587662 4.258647919 0.002541807 0.999754548 0.022004953 -2.007683754 -0.348723412 -0.019737488 0.937017739 98.743003845
0.932567060 -0.010487634 0.360844374 4.492458344 0.002833001 0.999759674 0.021735553 -2.009909391 -0.360985637 -0.019247584 0.932372689 99.260459900
0.927935302 -0.010410377 0.372595698 4.707946777 0.002453337 0.999758840 0.021823453 -2.021549702 -0.372733086 -0.019336652 0.927736998 99.767822266
0.921918988 -0.009378655 0.387269199 4.935556412 0.001020926 0.999762237 0.021781264 -2.013419390 -0.387381464 -0.019685186 0.921709359 100.254943848
0.916419864 -0.010257756 0.400086939 5.174961090 0.001628352 0.999758840 0.021902811 -2.021032333 -0.400215119 -0.019420685 0.916215420 100.737258911
0.911852002 -0.011103516 0.410368949 5.426284790 0.002362033 0.999759495 0.021802386 -2.023017406 -0.410512358 -0.018911241 0.911658883 101.223464966
0.906000912 -0.009560880 0.423167825 5.662334442 0.000229064 0.999755859 0.022097645 -2.042452812 -0.423275769 -0.019923555 0.905781865 101.676132202
0.899515927 -0.011174105 0.436745107 5.884063721 0.001482940 0.999745190 0.022524187 -2.029603481 -0.436885446 -0.019613201 0.899303317 102.177436829
0.893679440 -0.010859201 0.448574692 6.151416779 0.001082054 0.999756336 0.022046601 -2.024363041 -0.448704839 -0.019217208 0.893473506 102.673049927
0.888163805 -0.012830562 0.459347844 6.419536591 0.002989939 0.999750257 0.022144008 -2.030397654 -0.459517211 -0.018294083 0.887980402 103.145690918
0.880834818 -0.012508344 0.473258406 6.710277557 0.002441582 0.999757648 0.021879554 -2.036177874 -0.473417342 -0.018116774 0.880651832 103.621520996
