1.000000000 0.000000000 0.000000000 0.000000000 0.000000000 1.000000000 0.000000000 0.000000000 0.000000000 0.000000000 1.000000000 0.000000000
1.000000000 0.000077624 0.000001165 0.000132083 -0.000077624 1.000000000 -0.000024231 0.000076775 -0.000001167 0.000024231 1.000000000 -0.000011755
1.000000000 0.000105847 0.000075908 -0.000449255 -0.000105851 1.000000000 0.000048194 -0.000200810 -0.000075903 -0.000048202 1.000000000 0.000292821
1.000000000 -0.000034143 0.000052041 0.000207057 0.000034144 1.000000000 -0.000018457 0.000549812 -0.000052040 0.000018459 1.000000000 0.000739350
1.000000000 -0.000047690 0.000065194 -0.000430697 0.000047687 1.000000000 0.000046975 -0.000274420 -0.000065196 -0.000046971 1.000000000 -0.000417947
1.000000000 0.000010291 0.000129240 -0.000958287 -0.000010294 1.000000000 0.000022263 0.000395215 -0.000129240 -0.000022264 1.000000000 0.000399106
1.000000000 -0.000080034 0.000082118 -0.000043441 0.000080034 1.000000000 -0.000001728 0.000022265 -0.000082118 0.000001735 1.000000000 0.000157478
1.000000000 -0.000007849 0.000061662 0.000098765 0.000007843 1.000000000 0.000092712 -0.000836873 -0.000061663 -0.000092712 1.000000000 -0.000437318
1.000000000 0.000007729 0.000016321 -0.000246951 -0.000007728 1.000000000 -0.000056880 0.000079118 -0.000016321 0.000056880 1.000000000 -0.000038117
1.000000000 0.000003228 0.000068779 0.000184953 -0.000003233 1.000000000 0.000070917 -0.001175073 -0.000068779 -0.000070917 1.000000000 -0.000259409
1.000000000 0.000083944 0.000087681 -0.000675213 -0.000083952 1.000000000 0.000091615 -0.000949977 -0.000087673 -0.000091623 1.000000000 -0.000197501
1.000000000 0.000027481 0.000105391 -0.000205427 -0.000027484 1.000000000 0.000025849 0.000009766 -0.000105390 -0.000025851 1.000000000 0.000502941
1.000000000 0.000062442 0.000025308 -0.000441018 -0.000062441 1.000000000 -0.000041776 -0.000825267 -0.000025311 0.000041774 1.000000000 -0.001244589
1.000000000 0.000066113 0.000052429 -0.000343504 -0.000066114 1.000000000 0.000025285 -0.000020525 -0.000052428 -0.000025288 1.000000000 -0.000046178
1.000000000 -0.000014738 0.000045661 -0.000352022 0.000014741 1.000000000 -0.000066081 0.000544909 -0.000045660 0.000066082 1.000000000 0.000209174
1.000000000 -0.000010296 -0.000012341 0.000618378 0.000010295 1.000000000 -0.000032877 0.000905417 0.000012341 0.000032877 1.000000000 0.001276540
1.000000000 0.000034873 0.000090424 -0.000504390 -0.000034867 1.000000000 -0.000069773 0.001165005 -0.000090427 0.000069770 1.000000000 0.001575581
1.000000000 0.000105065 0.000092096 -0.001155725 -0.000105062 1.000000000 -0.000027441 0.000247078 -0.000092099 0.000027431 1.000000000 -0.000066549
1.000000000 0.000195459 0.000133897 -0.001496767 -0.000195457 1.000000000 -0.000017318 0.000450396 -0.000133900 0.000017291 1.000000000 0.000880419
1.000000000 0.000120810 0.000128927 -0.001134934 -0.000120805 1.000000000 -0.000036728 0.000810279 -0.000128931 0.000036712 1.000000000 0.001013714
1.000000000 0.000111997 0.000135342 -0.001146332 -0.000111995 1.000000000 -0.000019801 0.000027801 -0.000135344 0.000019785 1.000000000 0.000515418
1.000000000 0.000174128 0.000101735 -0.001672342 -0.000174129 1.000000000 0.000010287 0.000468889 -0.000101733 -0.000010305 1.000000000 0.000812759
1.000000000 0.000160613 0.000039701 -0.000096736 -0.000160613 1.000000000 0.000011165 0.000628790 -0.000039699 -0.000011171 1.000000000 0.001172544
1.000000000 0.000109956 0.000066556 -0.000706845 -0.000109954 1.000000000 -0.000015848 0.001020099 -0.000066557 0.000015841 1.000000000 0.001333003
0.999999940 0.000324786 0.000043419 -0.001260756 -0.000324787 0.999999940 0.000021859 0.001267735 -0.000043412 -0.000021873 1.000000000 0.001626556
0.999999940 0.000339796 0.000113090 -0.001267047 -0.000339798 0.999999940 0.000020202 0.000934985 -0.000113084 -0.000020241 1.000000000 0.000446856
1.000000000 0.000185016 0.000136986 -0.000719959 -0.000185017 1.000000000 0.000006551 0.002158906 -0.000136985 -0.000006577 1.000000000 0.002204969
0.999999940 0.000214824 0.000176147 -0.001573143 -0.000214830 1.000000000 0.000034065 0.001171468 -0.000176140 -0.000034103 1.000000000 0.001441467
1.000000000 0.000137205 0.000063894 -0.000633702 -0.000137205 1.000000000 0.000002817 0.001785276 -0.000063894 -0.000002825 1.000000000 0.001265585
1.000000000 0.000150147 0.000116007 -0.001289543 -0.000150141 1.000000000 -0.000056237 0.002054003 -0.000116015 0.000056220 1.000000000 0.002172299
1.000000000 0.000158384 0.000179945 -0.000898745 -0.000158386 1.000000000 0.000014319 0.001038685 -0.000179943 -0.000014347 1.000000000 0.001935991
1.000000000 0.000090501 0.000127215 -0.000607178 -0.000090498 1.000000000 -0.000024774 0.001986452 -0.000127217 0.000024763 1.000000000 0.002153923
0.999999762 0.000511122 -0.000514959 -0.000403015 -0.000511182 0.999999821 -0.000116710 0.002158387 0.000514899 0.000116973 0.999999881 0.001581830
0.999999821 0.000493659 -0.000445630 -0.000877220 -0.000493679 0.999999881 -0.000045661 0.001402710 0.000445608 0.000045881 0.999999940 0.001147702
0.999999821 0.000563806 -0.000424851 -0.001628790 -0.000563846 0.999999821 -0.000094814 0.001567657 0.000424797 0.000095053 0.999999940 0.001594662
0.999999821 0.000527472 -0.000403466 -0.001099793 -0.000527505 0.999999821 -0.000080761 0.001827269 0.000403424 0.000080974 0.999999940 0.001482172
0.999999821 0.000453718 -0.000454953 -0.000537387 -0.000453731 0.999999881 -0.000028753 0.001654412 0.000454940 0.000028960 0.999999940 0.001537153
0.999999762 0.000519102 -0.000499686 -0.000845268 -0.000519113 0.999999881 -0.000020542 0.001922186 0.000499675 0.000020801 0.999999881 0.001922800
0.999999762 0.000587421 -0.000421957 -0.001176350 -0.000587431 0.999999762 -0.000025441 0.001649921 0.000421942 0.000025689 0.999999940 0.001663652
0.999999762 0.000504436 -0.000488649 -0.000310014 -0.000504458 0.999999881 -0.000044599 0.002201868 0.000488626 0.000044845 0.999999881 0.001639505
0.999999821 0.000396458 -0.000508882 -0.000013227 -0.000396499 0.999999881 -0.000080645 0.001761456 0.000508850 0.000080846 0.999999881 0.002795025
0.999999762 0.000701413 -0.000310489 -0.000912895 -0.000701601 0.999999523 -0.000605321 -0.001937576 0.000310064 0.000605539 0.999999762 0.049065936
0.999999762 0.000655143 -0.000395261 0.001564885 -0.000655579 0.999999166 -0.001104117 -0.003481198 0.000394537 0.001104376 0.999999344 0.140236199
0.999999881 -0.000441918 0.000086120 0.006482704 0.000442003 0.999999404 -0.000980882 -0.013974969 -0.000085686 0.000980920 0.999999523 0.247855350
0.999999881 -0.000458404 0.000088924 0.010700808 0.000458482 0.999999523 -0.000876575 -0.017639354 -0.000088522 0.000876616 0.999999642 0.379608333
0.999999821 -0.000511379 0.000126398 0.012415499 0.000511457 0.999999642 -0.000616161 -0.022252746 -0.000126083 0.000616225 0.999999821 0.519844830
0.999999821 -0.000570322 -0.000031460 0.019054651 0.000570320 0.999999821 -0.000075867 -0.033746462 0.000031503 0.000075849 0.999999940 0.668503225
0.999999881 -0.000489621 0.000022564 0.023184352 0.000489616 0.999999821 0.000225408 -0.037797984 -0.000022674 -0.000225397 0.999999940 0.831796467
0.999999881 -0.000465257 0.000041897 0.023662090 0.000465253 0.999999881 0.000098565 -0.039456662 -0.000041943 -0.000098545 1.000000000 0.995996892
0.999999940 -0.000400239 0.000031689 0.027139125 0.000400234 0.999999940 0.000140521 -0.043523919 -0.000031745 -0.000140508 1.000000000 1.171471238
0.999999881 -0.000061204 0.000294378 0.027627876 0.000061140 1.000000000 0.000217176 -0.048786011 -0.000294391 -0.000217158 0.999999940 1.358481526
0.999999940 0.000060858 0.000244996 0.029989265 -0.000060906 1.000000000 0.000197409 -0.050458670 -0.000244984 -0.000197424 0.999999940 1.550850034
0.999999881 -0.000264256 0.000331829 0.036591318 0.000264115 0.999999821 0.000424710 -0.058790565 -0.000331941 -0.000424623 0.999999821 1.748026729
0.999999940 0.000147566 0.000390861 0.036159661 -0.000147831 0.999999702 0.000678379 -0.066375285 -0.000390761 -0.000678436 0.999999702 1.940357089
0.999999762 -0.000623456 0.000291934 0.041254103 0.000623222 0.999999404 0.000800547 -0.072374299 -0.000292432 -0.000800365 0.999999583 2.153370619
0.999999821 -0.000522076 0.000292457 0.048011199 0.000521861 0.999999523 0.000736440 -0.076144308 -0.000292841 -0.000736288 0.999999642 2.371814251
0.999999940 0.000077018 0.000380039 0.054215673 -0.000077264 0.999999762 0.000646702 -0.084653407 -0.000379990 -0.000646731 0.999999702 2.587144852
0.999999821 -0.000379721 0.000472424 0.058449235 0.000379363 0.999999583 0.000757763 -0.091395825 -0.000472712 -0.000757583 0.999999583 2.817607403
0.999999702 -0.000184424 0.000746144 0.060265463 0.000183950 0.999999821 0.000636108 -0.095721677 -0.000746261 -0.000635971 0.999999464 3.054655790
0.999999523 0.000463299 0.000834269 0.066601932 -0.000464092 0.999999404 0.000951269 -0.104451336 -0.000833828 -0.000951656 0.999999166 3.287946701
0.999999642 0.000220719 0.000806717 0.069311664 -0.000221335 0.999999702 0.000763680 -0.109331176 -0.000806549 -0.000763859 0.999999404 3.540770531
0.999999821 0.000129159 0.000625356 0.076925240 -0.000129620 0.999999702 0.000736107 -0.116133191 -0.000625261 -0.000736188 0.999999523 3.794517517
0.999999404 0.000449297 0.000914442 0.079616562 -0.000450206 0.999999344 0.000994162 -0.123049133 -0.000913994 -0.000994573 0.999999106 4.047106266
0.999999285 0.000715607 0.000869474 0.089300245 -0.000716668 0.999998927 0.001221189 -0.127981871 -0.000868599 -0.001221811 0.999998868 4.304675579
0.999999464 0.000405187 0.000960522 0.093595326 -0.000406313 0.999999225 0.001172283 -0.135297015 -0.000960046 -0.001172672 0.999998868 4.561640263
0.999998987 0.000648530 0.001211541 0.096111573 -0.000649652 0.999999285 0.000925854 -0.140076011 -0.001210940 -0.000926640 0.999998808 4.817771435
0.999998748 0.000773576 0.001432229 0.095855214 -0.000774911 0.999999285 0.000931979 -0.147493750 -0.001431507 -0.000933087 0.999998510 5.058071136
0.999998093 0.001002162 0.001684885 0.102169648 -0.001003854 0.999998987 0.001003714 -0.157103509 -0.001683877 -0.001005403 0.999998093 5.331808567
0.999998152 0.001054213 0.001590095 0.108233601 -0.001056090 0.999998689 0.001180081 -0.165773556 -0.001588849 -0.001181758 0.999998033 5.596695900
0.999997914 0.001164977 0.001670250 0.109036550 -0.001167223 0.999998331 0.001344045 -0.174321190 -0.001668682 -0.001345991 0.999997675 5.864014626
0.999998331 0.000901277 0.001581774 0.118397765 -0.000903163 0.999998987 0.001192142 -0.180644050 -0.001580698 -0.001193569 0.999997973 6.148081779
0.999997795 0.001121864 0.001779014 0.125354663 -0.001124414 0.999998391 0.001433008 -0.187666595 -0.001777403 -0.001435005 0.999997377 6.437092781
0.999998271 0.001110930 0.001446746 0.133524403 -0.001112733 0.999998569 0.001246084 -0.195887715 -0.001445360 -0.001247692 0.999998152 6.726950645
0.999996543 0.001647465 0.002024467 0.134023219 -0.001649988 0.999997854 0.001244970 -0.206725240 -0.002022412 -0.001248306 0.999997199 7.017291546
0.999997735 0.001287844 0.001676032 0.146239966 -0.001290272 0.999998033 0.001448831 -0.215237051 -0.001674163 -0.001450990 0.999997556 7.316468716
0.999997318 0.001304104 0.001940344 0.148315981 -0.001306925 0.999998093 0.001453149 -0.225966647 -0.001938445 -0.001455681 0.999997020 7.616456032
0.999997616 0.001497469 0.001536472 0.160358369 -0.001499451 0.999998033 0.001289539 -0.233322352 -0.001534538 -0.001291840 0.999997973 7.941741467
0.999995410 0.002036348 0.002238914 0.157527268 -0.002039810 0.999996722 0.001545137 -0.245058417 -0.002235761 -0.001549697 0.999996305 8.255121231
0.999995112 0.002319690 0.002077685 0.164908051 -0.002322961 0.999996066 0.001573411 -0.253342420 -0.002074027 -0.001578230 0.999996603 8.577125549
0.999995828 0.001868377 0.002195737 0.172264501 -0.001871930 0.999996960 0.001617194 -0.260443211 -0.002192708 -0.001621297 0.999996305 8.917051315
0.999996006 0.001739327 0.002184981 0.181326643 -0.001742524 0.999997437 0.001461928 -0.272345334 -0.002182432 -0.001465730 0.999996603 9.248588562
0.999993503 0.002548303 0.002538796 0.182203472 -0.002552448 0.999995410 0.001630770 -0.286594003 -0.002534628 -0.001637240 0.999995470 9.587287903
0.999994993 0.002159288 0.002325381 0.194818228 -0.002163255 0.999996245 0.001704856 -0.296874672 -0.002321691 -0.001709878 0.999995828 9.927283287
0.999992609 0.002927392 0.002457712 0.196812958 -0.002931595 0.999994218 0.001708150 -0.306369007 -0.002452697 -0.001715342 0.999995470 10.290974617
0.999994636 0.002290988 0.002339838 0.209792882 -0.002295030 0.999995828 0.001725824 -0.317665577 -0.002335874 -0.001731184 0.999995768 10.650517464
0.999994934 0.002212119 0.002294605 0.217698365 -0.002216609 0.999995649 0.001956144 -0.326519847 -0.002290268 -0.001961220 0.999995470 11.019877434
0.999996305 0.001776904 0.002064435 0.228267431 -0.001780202 0.999997139 0.001597021 -0.335502654 -0.002061591 -0.001600690 0.999996543 11.393864632
0.999994338 0.002437103 0.002323766 0.235985190 -0.002441307 0.999995410 0.001807643 -0.347593784 -0.002319350 -0.001813306 0.999995649 11.771432877
0.999993861 0.002288282 0.002655882 0.239466369 -0.002293102 0.999995708 0.001813141 -0.359609425 -0.002651722 -0.001819220 0.999994814 12.149937630
0.999994516 0.001890944 0.002727242 0.253507137 -0.001896970 0.999995708 0.002208662 -0.376103461 -0.002723053 -0.002213823 0.999993861 12.530399323
0.999991357 0.002672141 0.003190120 0.252586633 -0.002679833 0.999993622 0.002409295 -0.387123585 -0.003183662 -0.002417824 0.999992013 12.943520546
0.999991357 0.002540856 0.003287014 0.267089337 -0.002547519 0.999994695 0.002024466 -0.397308081 -0.003281853 -0.002032822 0.999992549 13.338946342
0.999989867 0.002687810 0.003601917 0.272120476 -0.002695761 0.999993920 0.002204112 -0.408472419 -0.003595971 -0.002213800 0.999991059 13.742157936
0.999988496 0.003098010 0.003664398 0.285177916 -0.003106501 0.999992490 0.002314044 -0.418199897 -0.003657201 -0.002325401 0.999990582 14.149580002
0.999985456 0.003270551 0.004293108 0.287810773 -0.003280499 0.999991894 0.002312497 -0.433755249 -0.004285510 -0.002326547 0.999988139 14.563870430
0.999984384 0.003366042 0.004452108 0.296322465 -0.003376947 0.999991298 0.002444100 -0.447677135 -0.004443842 -0.002459097 0.999987125 15.003299713
0.999984086 0.003083665 0.004732918 0.309756517 -0.003097289 0.999991059 0.002874173 -0.461961359 -0.004724013 -0.002888786 0.999984682 15.420584679
0.999979436 0.003738810 0.005204980 0.322178960 -0.003751973 0.999989927 0.002521407 -0.470906645 -0.005195500 -0.002540885 0.999983251 15.880593300
0.999977469 0.003723731 0.005581289 0.331530392 -0.003738826 0.999989390 0.002696673 -0.483674079 -0.005571188 -0.002717480 0.999980748 16.321847916
0.999975145 0.004008506 0.005796635 0.343541980 -0.004022737 0.999988914 0.002445525 -0.493160188 -0.005786768 -0.002468783 0.999980211 16.773538589
0.999973953 0.003952499 0.006034985 0.354111731 -0.003969073 0.999988377 0.002736747 -0.512217522 -0.006024098 -0.002760630 0.999978065 17.229755402
0.999972701 0.003895003 0.006268490 0.366195202 -0.003913317 0.999988079 0.002912164 -0.526944757 -0.006257073 -0.002936616 0.999976099 17.689281464
0.999973118 0.004168846 0.006026627 0.383636028 -0.004184111 0.999988019 0.002522681 -0.531295717 -0.006016038 -0.002547829 0.999978662 18.161701202
0.999974430 0.003684932 0.006125133 0.396514475 -0.003701379 0.999989629 0.002676075 -0.541073024 -0.006115208 -0.002698678 0.999977648 18.637159348
0.999975264 0.003085548 0.006317571 0.416662902 -0.003102246 0.999991715 0.002635069 -0.554433167 -0.006309389 -0.002654602 0.999976575 19.121393204
0.999974012 0.003375625 0.006360554 0.431938052 -0.003391366 0.999991238 0.002465586 -0.564805448 -0.006352175 -0.002487093 0.999976754 19.598222733
0.999970734 0.003844977 0.006607255 0.435259998 -0.003863400 0.999988735 0.002777876 -0.576066077 -0.006596500 -0.002803322 0.999974370 20.092849731
0.999972761 0.003399845 0.006554932 0.454880774 -0.003418532 0.999990046 0.002841723 -0.594321072 -0.006545206 -0.002864054 0.999974489 20.582357407
0.999973118 0.004136968 0.006066369 0.466370136 -0.004154069 0.999987364 0.002809109 -0.606733441 -0.006054673 -0.002834233 0.999977648 21.084341049
0.999981880 0.003072893 0.005162451 0.489472270 -0.003084544 0.999992728 0.002250460 -0.612707019 -0.005155498 -0.002266343 0.999984145 21.581565857
0.999983430 0.003391739 0.004660271 0.495059580 -0.003401605 0.999992013 0.002110863 -0.617062092 -0.004653075 -0.002126680 0.999986947 22.116134644
0.999981403 0.003584659 0.004916541 0.511838019 -0.003594470 0.999991536 0.001988288 -0.635981858 -0.004909372 -0.002005924 0.999985874 22.609319687
0.999985695 0.003346952 0.004154149 0.527732551 -0.003355281 0.999992430 0.001999656 -0.652283788 -0.004147424 -0.002013565 0.999989390 23.130752563
0.999984384 0.003410608 0.004424739 0.522256196 -0.003421279 0.999991238 0.002406217 -0.673363030 -0.004416493 -0.002421318 0.999987304 23.630746841
0.999990880 0.002474814 0.003478725 0.537786007 -0.002481243 0.999995232 0.001845028 -0.688925624 -0.003474142 -0.001853643 0.999992251 24.157379150
0.999989510 0.003305152 0.003150888 0.546281457 -0.003311520 0.999992490 0.002018021 -0.700085640 -0.003144195 -0.002028434 0.999993026 24.694375992
0.999987781 0.004104505 0.002737486 0.556392312 -0.004110287 0.999989271 0.002109726 -0.715759456 -0.002728797 -0.002120952 0.999994040 25.236633301
0.999989808 0.003904639 0.002233079 0.566763103 -0.003910688 0.999988616 0.002710892 -0.734757364 -0.002222469 -0.002719597 0.999993861 25.775571823
0.999989152 0.004244721 0.001898745 0.578137875 -0.004249007 0.999988437 0.002259600 -0.745340526 -0.001889132 -0.002267644 0.999995649 26.338287354
0.999992669 0.003639649 0.001185742 0.593535006 -0.003642595 0.999990284 0.002492415 -0.755213320 -0.001176659 -0.002496716 0.999996245 26.901096344
0.999992371 0.003732011 0.001152908 0.606539428 -0.003735231 0.999989033 0.002804273 -0.779612303 -0.001142430 -0.002808557 0.999995410 27.454540253
0.999990702 0.004193116 0.001022332 0.617863297 -0.004195645 0.999988139 0.002485492 -0.793637514 -0.001011898 -0.002489758 0.999996364 28.002439499
0.999989867 0.004441518 0.000707444 0.632030725 -0.004443204 0.999987245 0.002399968 -0.803293824 -0.000696776 -0.002403087 0.999996841 28.551521301
0.999989569 0.004546305 0.000497929 0.640636981 -0.004547549 0.999986470 0.002525790 -0.818777978 -0.000486439 -0.002528028 0.999996662 29.096416473
0.999990940 0.004239366 -0.000143322 0.655441880 -0.004239000 0.999988019 0.002458019 -0.832072854 0.000153741 -0.002457390 0.999996960 29.643255234
0.999991059 0.004175885 -0.000698575 0.664339483 -0.004174145 0.999988198 0.002473182 -0.846132278 0.000708894 -0.002470244 0.999996662 30.192897797
0.999989688 0.004491424 -0.000712544 0.677346110 -0.004489720 0.999987125 0.002374921 -0.862559378 0.000723202 -0.002371698 0.999996901 30.729932785
0.999989092 0.004617469 -0.000705930 0.685516238 -0.004615687 0.999986231 0.002505676 -0.876891136 0.000717490 -0.002502390 0.999996543 31.277839661
0.999985337 0.005242630 -0.001336662 0.695785582 -0.005240096 0.999984503 0.001891408 -0.886202157 0.001346556 -0.001884376 0.999997258 31.826013565
0.999987781 0.004787046 -0.001179575 0.706549764 -0.004784657 0.999986529 0.002019255 -0.899141729 0.001189225 -0.002013587 0.999997258 32.373600006
0.999984920 0.005316117 -0.001366959 0.714423358 -0.005313091 0.999983430 0.002208371 -0.912996411 0.001378677 -0.002201075 0.999996603 32.916149139
0.999985278 0.005290748 -0.001190613 0.715716243 -0.005287860 0.999983072 0.002416809 -0.930821896 0.001203380 -0.002410478 0.999996305 33.459678650
0.999987006 0.004794302 -0.001746128 0.738915265 -0.004790104 0.999985635 0.002400570 -0.942765594 0.001757612 -0.002392175 0.999995589 33.986713409
0.999983490 0.005421987 -0.001910300 0.743259966 -0.005417982 0.999983132 0.002095563 -0.947329164 0.001921630 -0.002085179 0.999996006 34.556171417
0.999986589 0.004859410 -0.001800081 0.753333449 -0.004855523 0.999985874 0.002156991 -0.971776247 0.001810538 -0.002148221 0.999996066 35.072502136
0.999986470 0.004654238 -0.002323699 0.764666975 -0.004648091 0.999985695 0.002643947 -0.993043005 0.002335972 -0.002633111 0.999993801 35.591457367
0.999987006 0.004174437 -0.002947821 0.782023668 -0.004166818 0.999987960 0.002586035 -1.005877137 0.002958581 -0.002573718 0.999992371 36.151809692
0.999988556 0.004256474 -0.002182714 0.783480406 -0.004251643 0.999988496 0.002213467 -1.013156772 0.002192110 -0.002204162 0.999995172 36.669643402
0.999984860 0.004978410 -0.002331711 0.793407142 -0.004973202 0.999985099 0.002233813 -1.028028250 0.002342798 -0.002222183 0.999994814 37.207881927
0.999984145 0.004787491 -0.002944711 0.814378619 -0.004780981 0.999986112 0.002213650 -1.044067025 0.002955268 -0.002199536 0.999993265 37.749961853
0.999983609 0.004582339 -0.003428791 0.824755788 -0.004574825 0.999987125 0.002196079 -1.052550912 0.003438810 -0.002180357 0.999991715 38.291118622
0.999984682 0.004458018 -0.003254698 0.828353703 -0.004450723 0.999987543 0.002245129 -1.079384327 0.003264667 -0.002230609 0.999992192 38.861293793
0.999983251 0.004964700 -0.002965840 0.836738467 -0.004958984 0.999985754 0.001931340 -1.085826874 0.002975386 -0.001916600 0.999993682 39.416389465
0.999984324 0.004715621 -0.003001248 0.847296953 -0.004709709 0.999986947 0.001973725 -1.101156592 0.003010516 -0.001959559 0.999993503 39.965076447
0.999984086 0.004603349 -0.003248862 0.862843692 -0.004596432 0.999987185 0.002133260 -1.121990681 0.003258641 -0.002118293 0.999992430 40.497726440
0.999983072 0.004831228 -0.003245863 0.874873698 -0.004826041 0.999987066 0.001603956 -1.130762815 0.003253571 -0.001588264 0.999993443 41.050323486
0.999981880 0.005172908 -0.003110012 0.867639065 -0.005166925 0.999984741 0.001928711 -1.143564939 0.003119941 -0.001912606 0.999993324 41.577693939
0.999979258 0.005612799 -0.003169723 0.876599431 -0.005607341 0.999982774 0.001727836 -1.154165030 0.003179365 -0.001710027 0.999993443 42.132488251
0.999979973 0.005472644 -0.003183647 0.880497038 -0.005465396 0.999982536 0.002280870 -1.180027366 0.003196073 -0.002263424 0.999992311 42.647396088
0.999980211 0.005562524 -0.002980202 0.903030396 -0.005557596 0.999983191 0.001659325 -1.183756351 0.002989382 -0.001642729 0.999994159 43.180103302
0.999979973 0.005524565 -0.003079230 0.916702390 -0.005519160 0.999983191 0.001760974 -1.201256514 0.003088907 -0.001743944 0.999993682 43.730228424
0.999980450 0.005562398 -0.002846387 0.923759699 -0.005556970 0.999982655 0.001911146 -1.214816689 0.002856969 -0.001895291 0.999994099 44.268817902
0.999978602 0.005952734 -0.002712781 0.934336007 -0.005948775 0.999981225 0.001465279 -1.227257609 0.002721452 -0.001449110 0.999995232 44.814807892
0.999975681 0.006520881 -0.002445445 0.943478703 -0.006518422 0.999978244 0.001011727 -1.240810871 0.002451989 -0.000995762 0.999996424 45.354125977
0.999973357 0.007033220 -0.001924735 0.947538853 -0.007031608 0.999974966 0.000842624 -1.253770828 0.001930614 -0.000829068 0.999997735 45.901653290
0.999976397 0.006610950 -0.001885887 0.962055922 -0.006608879 0.999977529 0.001102795 -1.276654124 0.001893136 -0.001090305 0.999997616 46.421577454
0.999974370 0.006674447 -0.002594280 0.979626179 -0.006669184 0.999975681 0.002031688 -1.288821578 0.002607777 -0.002014334 0.999994576 46.982543945
0.999974310 0.006750976 -0.002403058 0.989764869 -0.006746462 0.999975383 0.001881577 -1.310320735 0.002415702 -0.001865316 0.999995351 47.531089783
0.999974728 0.006591124 -0.002655838 1.004378796 -0.006587119 0.999977112 0.001513475 -1.325176001 0.002665753 -0.001495943 0.999995351 48.076782227
0.999975681 0.006511893 -0.002498410 1.011515260 -0.006508387 0.999977827 0.001408530 -1.337046623 0.002507526 -0.001392235 0.999995887 48.619441986
0.999971867 0.007070107 -0.002544451 1.022005200 -0.007066576 0.999974072 0.001395058 -1.348806739 0.002554248 -0.001377038 0.999995768 49.170093536
0.999968827 0.007492279 -0.002503871 1.038759589 -0.007489366 0.999971271 0.001170082 -1.362184644 0.002512566 -0.001151293 0.999996126 49.709064484
0.999966860 0.007722256 -0.002552574 1.051603556 -0.007718966 0.999969363 0.001296077 -1.377088428 0.002562504 -0.001276331 0.999995828 50.235218048
0.999964893 0.008131113 -0.002018506 1.054182053 -0.008129077 0.999966443 0.001014623 -1.392909527 0.002026688 -0.000998178 0.999997377 50.777122498
0.999966145 0.008048255 -0.001706357 1.065427780 -0.008046120 0.999966860 0.001254261 -1.411073208 0.001716395 -0.001240488 0.999997735 51.325767517
0.999964356 0.008238443 -0.001863007 1.072070003 -0.008235977 0.999965191 0.001327713 -1.421240807 0.001873880 -0.001312322 0.999997377 51.866458893
0.999964654 0.008211806 -0.001815376 1.083834529 -0.008210219 0.999965847 0.000881065 -1.438817382 0.001822549 -0.000866129 0.999997973 52.396022797
0.999964774 0.008223630 -0.001668992 1.090178132 -0.008221664 0.999965489 0.001181576 -1.455174327 0.001678652 -0.001167812 0.999997914 52.943897247
0.999964297 0.007994351 -0.002733778 1.104374528 -0.007991820 0.999967635 0.000935392 -1.469584584 0.002741167 -0.000913511 0.999995828 53.484569550
0.999965250 0.007867954 -0.002725637 1.116405129 -0.007864819 0.999968410 0.001159705 -1.495087028 0.002734676 -0.001138229 0.999995589 54.014583588
0.999959648 0.008719741 -0.002122583 1.115267515 -0.008717728 0.999961495 0.000956327 -1.507843256 0.002130840 -0.000937784 0.999997318 54.548740387
0.999961615 0.008494078 -0.002112286 1.125174642 -0.008491813 0.999963403 0.001078826 -1.522912860 0.002121371 -0.001060848 0.999997199 55.100616455
0.999963403 0.008221097 -0.002363294 1.140416861 -0.008218976 0.999965727 0.000905605 -1.537937164 0.002370658 -0.000886148 0.999996722 55.629436493
0.999964774 0.007977704 -0.002598892 1.147259593 -0.007974746 0.999967515 0.001146420 -1.554388046 0.002607952 -0.001125654 0.999995947 56.159519196
0.999964178 0.008128348 -0.002353977 1.156510234 -0.008126043 0.999966502 0.000987070 -1.569606543 0.002361922 -0.000967906 0.999996722 56.701881409
0.999960423 0.008576812 -0.002362921 1.161029816 -0.008574437 0.999962747 0.001014319 -1.589790583 0.002371533 -0.000994018 0.999996722 57.240112305
0.999961197 0.008556888 -0.002108599 1.169124603 -0.008555278 0.999963105 0.000771251 -1.605330110 0.002115121 -0.000753182 0.999997497 57.786479950
0.999965310 0.007985151 -0.002354051 1.184520245 -0.007982595 0.999967515 0.001093740 -1.618015647 0.002362708 -0.001074911 0.999996543 58.315826416
0.999967098 0.007697106 -0.002546882 1.190577149 -0.007695485 0.999970138 0.000645583 -1.626471639 0.002551774 -0.000625963 0.999996543 58.834793091
0.999966681 0.007745787 -0.002578583 1.199703813 -0.007743251 0.999969542 0.000991778 -1.649687648 0.002586188 -0.000971779 0.999996185 59.369235992
0.999967813 0.007723753 -0.002144126 1.204555035 -0.007722822 0.999970019 0.000443044 -1.659410119 0.002147484 -0.000426471 0.999997556 59.891136169
0.999967813 0.007601909 -0.002562445 1.216238737 -0.007600866 0.999971032 0.000416547 -1.668861985 0.002565538 -0.000397056 0.999996662 60.450607300
0.999962747 0.008329972 -0.002250767 1.216148376 -0.008328607 0.999965131 0.000615852 -1.687535405 0.002255818 -0.000597083 0.999997258 60.933536530
0.999969184 0.007530455 -0.002214362 1.222948313 -0.007529125 0.999971449 0.000608353 -1.707452536 0.002218881 -0.000591662 0.999997377 61.439891815
0.999962926 0.008430338 -0.001761221 1.227073789 -0.008429667 0.999964416 0.000387445 -1.721439958 0.001764424 -0.000372584 0.999998391 61.978260040
0.999963462 0.008465393 -0.001227858 1.235698223 -0.008465390 0.999964118 0.000006733 -1.732635021 0.001227871 0.000003661 0.999999225 62.523284912
0.999958813 0.008838096 -0.002048771 1.239063859 -0.008836462 0.999960601 0.000805831 -1.759581685 0.002055812 -0.000787694 0.999997556 63.033218384
0.999964297 0.008243191 -0.001823252 1.245506883 -0.008243052 0.999966025 0.000084449 -1.770793557 0.001823886 -0.000069417 0.999998271 63.589611053
0.999962986 0.008472924 -0.001513632 1.250820637 -0.008472987 0.999964058 -0.000035574 -1.783322215 0.001513277 0.000048397 0.999998868 64.125747681
0.999966443 0.007968251 -0.001884988 1.263464332 -0.007967894 0.999968231 0.000196013 -1.798751354 0.001886490 -0.000180987 0.999998212 64.656089783
0.999965072 0.008155241 -0.001802738 1.272417665 -0.008155228 0.999966741 0.000014960 -1.813474298 0.001802799 -0.000000258 0.999998391 65.187408447
0.999964178 0.008225461 -0.001995890 1.281152725 -0.008225688 0.999966145 -0.000104933 -1.828202009 0.001994961 0.000121347 0.999997914 65.724853516
0.999962389 0.008423579 -0.002059636 1.290104270 -0.008424093 0.999964476 -0.000240135 -1.843755007 0.002057540 0.000257477 0.999997854 66.281227112
0.999961913 0.008582021 -0.001595691 1.299218655 -0.008582889 0.999963045 -0.000539326 -1.864281058 0.001591003 0.000553002 0.999998569 66.817214966
0.999959350 0.008915992 -0.001357802 1.308042169 -0.008916648 0.999960124 -0.000477420 -1.877964258 0.001353492 0.000489508 0.999998987 67.368202209
0.999963701 0.008427458 -0.001254735 1.318327785 -0.008428385 0.999964178 -0.000735673 -1.895299435 0.001248490 0.000746222 0.999998927 67.907936096
0.999962926 0.008523775 -0.001236166 1.326954007 -0.008524887 0.999963224 -0.000897577 -1.909174442 0.001228469 0.000908082 0.999998808 68.452308655
0.999953508 0.009584770 -0.001011851 1.324548841 -0.009585364 0.999953806 -0.000585430 -1.922354460 0.001006193 0.000595102 0.999999344 68.981521606
0.999952912 0.009668097 -0.000849201 1.336694956 -0.009668932 0.999952793 -0.000984720 -1.940410137 0.000839640 0.000992884 0.999999106 69.511848450
0.999954820 0.009472620 -0.000731548 1.347512364 -0.009473167 0.999954760 -0.000749189 -1.958984852 0.000724418 0.000756085 0.999999464 70.044807434
0.999956727 0.009226111 -0.001157769 1.358862042 -0.009226891 0.999957085 -0.000672320 -1.973977566 0.001151516 0.000682974 0.999999166 70.599052429
0.999961972 0.008711348 -0.000403925 1.359368443 -0.008711868 0.999961197 -0.001303689 -1.978197932 0.000392552 0.001307159 0.999999046 71.089927673
0.999961436 0.008771899 -0.000441333 1.371265650 -0.008772240 0.999961197 -0.000772677 -1.997848988 0.000434537 0.000776519 0.999999583 71.613479614
0.999957800 0.009177706 -0.000306929 1.368814945 -0.009178088 0.999957025 -0.001262470 -2.008343697 0.000295330 0.001265234 0.999999166 72.140533447
0.999962807 0.008616012 -0.000351494 1.378424883 -0.008616447 0.999962032 -0.001250947 -2.021165848 0.000340702 0.001253929 0.999999166 72.666679382
0.999957025 0.009250438 -0.000628177 1.385810614 -0.009251090 0.999956667 -0.001045840 -2.038345098 0.000618475 0.001051606 0.999999285 73.194847107
0.999954820 0.009506467 0.000128679 1.385266542 -0.009506252 0.999953568 -0.001577318 -2.042633772 -0.000143668 0.001576024 0.999998748 73.750335693
0.999951601 0.009833721 -0.000195488 1.398054957 -0.009833885 0.999951303 -0.000858970 -2.072083950 0.000187031 0.000860851 0.999999583 74.241699219
0.999950945 0.009896702 -0.000064459 1.406491041 -0.009896772 0.999950290 -0.001212104 -2.083476067 0.000052461 0.001212682 0.999999285 74.781997681
0.999951184 0.009880418 0.000002949 1.415140271 -0.009880404 0.999950230 -0.001326187 -2.099179745 -0.000016051 0.001326093 0.999999106 75.308479309
0.999948680 0.010132994 -0.000031786 1.422331691 -0.010133027 0.999947846 -0.001214587 -2.116694450 0.000019476 0.001214847 0.999999225 75.817749023
0.999952435 0.009754483 -0.000138708 1.430632710 -0.009754620 0.999951899 -0.001028072 -2.135458946 0.000128673 0.001029377 0.999999404 76.323188782
0.999948561 0.010138107 0.000274192 1.432367206 -0.010137784 0.999947965 -0.001152732 -2.155618906 -0.000285865 0.001149893 0.999999225 76.838302612
0.999950171 0.009979757 0.000316646 1.435155153 -0.009979434 0.999949694 -0.001003935 -2.169087887 -0.000326650 0.001000725 0.999999404 77.335739136
0.999952078 0.009776006 0.000435603 1.445409417 -0.009775444 0.999951363 -0.001273662 -2.190245628 -0.000448032 0.001269343 0.999999106 77.835990906
0.999945164 0.010440093 0.000827126 1.447939157 -0.010438887 0.999944448 -0.001449453 -2.202420712 -0.000842212 0.001440740 0.999998569 78.355117798
0.999949276 0.010056600 0.000513167 1.458102226 -0.010056104 0.999948978 -0.000964991 -2.221286058 -0.000522845 0.000959781 0.999999404 78.871757507
0.999941409 0.010801717 0.000715792 1.468632221 -0.010800959 0.999941111 -0.001057291 -2.246329546 -0.000727170 0.001049499 0.999999166 79.375488281
0.999942601 0.010561010 0.001821946 1.463539362 -0.010559036 0.999943674 -0.001089677 -2.257526875 -0.001833352 0.001070377 0.999997735 79.914443970
0.999940217 0.010384202 0.003419215 1.474262595 -0.010379706 0.999945223 -0.001330111 -2.274413347 -0.003432840 0.001294542 0.999993265 80.458038330
0.999935746 0.010432712 0.004414151 1.474405527 -0.010426472 0.999944627 -0.001434923 -2.278553486 -0.004428877 0.001388807 0.999989212 80.951202393
0.999929607 0.010445777 0.005623707 1.481034398 -0.010437166 0.999944329 -0.001558074 -2.289146423 -0.005639669 0.001499269 0.999982953 81.477172852
0.999911308 0.010143483 0.008627613 1.499365330 -0.010128927 0.999947190 -0.001729072 -2.303587914 -0.008644696 0.001641530 0.999961197 81.999992371
0.999870837 0.010553736 0.012122910 1.510002851 -0.010534419 0.999943078 -0.001656279 -2.315619230 -0.012139699 0.001528358 0.999925137 82.526702881
0.999830782 0.010164987 0.015328349 1.526700974 -0.010143732 0.999947488 -0.001463842 -2.333843231 -0.015342425 0.001308108 0.999881446 83.053466797
0.999747694 0.010591465 0.019803928 1.536308527 -0.010553216 0.999942183 -0.002034950 -2.342293739 -0.019824335 0.001825441 0.999801815 83.599006653
0.999608099 0.010525639 0.025944764 1.548195601 -0.010470034 0.999942541 -0.002278209 -2.350165129 -0.025967257 0.002005673 0.999660790 84.149543762
0.999448717 0.010376554 0.031534776 1.573506117 -0.010309127 0.999944150 -0.002299964 -2.371714592 -0.031556882 0.001973600 0.999499977 84.676750183
0.999209285 0.011180140 0.038155340 1.584254384 -0.011107978 0.999936044 -0.002102806 -2.378626347 -0.038176402 0.001677315 0.999269605 85.234672546
0.998863876 0.011145323 0.046331577 1.619471550 -0.011056101 0.999936521 -0.002181527 -2.396663904 -0.046352945 0.001666801 0.998923719 85.789688110
0.998441637 0.010664782 0.054777075 1.676372290 -0.010512765 0.999940038 -0.003062642 -2.409729719 -0.054806452 0.002482011 0.998493910 86.396667480
0.998041630 0.010028795 0.061743844 1.728419065 -0.009840985 0.999945998 -0.003345156 -2.426106930 -0.061774053 0.002730985 0.998086393 87.001342773
0.997401416 0.010573453 0.071266174 1.779970646 -0.010341174 0.999939919 -0.003627508 -2.437451124 -0.071300246 0.002881104 0.997450829 87.580535889
0.996650696 0.009998341 0.081163377 1.846437454 -0.009721904 0.999945521 -0.003800392 -2.450781345 -0.081196956 0.002998600 0.996693552 88.136177063
0.995913684 0.009791527 0.089776851 1.939553738 -0.009446458 0.999946296 -0.004267744 -2.469027281 -0.089813821 0.003402232 0.995952725 88.778434753
0.995223224 0.009665964 0.097145468 1.993810177 -0.009343096 0.999949276 -0.003777903 -2.477247000 -0.097177044 0.002852218 0.995262921 89.245864868
0.994264245 0.008113556 0.106643356 2.140488625 -0.007640523 0.999958992 -0.004843487 -2.509954453 -0.106678292 0.004000894 0.994285524 89.981277466
0.993097603 0.008926829 0.116950572 2.238852501 -0.008523447 0.999955893 -0.003948847 -2.539819717 -0.116980657 0.002924768 0.993129909 90.511917114
0.991983116 0.008280035 0.126098663 2.335781097 -0.007753067 0.999958992 -0.004669220 -2.553405523 -0.126132146 0.003654137 0.992006719 91.057716370
0.990484178 0.007942762 0.137397677 2.435101509 -0.007378976 0.999962091 -0.004612180 -2.571859360 -0.137429088 0.003554437 0.990505278 91.595413208
0.988651752 0.007938468 0.150015458 2.565561295 -0.007386217 0.999963760 -0.004238116 -2.609798670 -0.150043666 0.003081975 0.988674581 92.152976990
0.986959040 0.007121141 0.160813898 2.643949509 -0.006445237 0.999968112 -0.004724266 -2.607288599 -0.160842404 0.003626173 0.986973464 92.680603027
0.985227287 0.007454218 0.171090230 2.800860405 -0.006738735 0.999965966 -0.004762287 -2.642241716 -0.171119913 0.003539003 0.985243797 93.257156372
0.982902646 0.007722230 0.183963552 2.928868294 -0.006986023 0.999964714 -0.004649709 -2.662962198 -0.183992952 0.003285037 0.982922018 93.803565979
0.980615854 0.006760405 0.195823327 3.072551727 -0.005913098 0.999970376 -0.004911203 -2.681998253 -0.195850760 0.003658081 0.980626881 94.347663879
0.978534818 0.006153834 0.205989718 3.201398849 -0.005278558 0.999974489 -0.004798415 -2.701591015 -0.206014007 0.003608087 0.978542387 94.878166199
0.975784004 0.005766278 0.218660355 3.374551773 -0.004855173 0.999977291 -0.004703851 -2.727593899 -0.218682423 0.003528309 0.975789845 95.453071594
0.972715914 0.005814460 0.231926978 3.522890091 -0.004856969 0.999977231 -0.004699224 -2.746904373 -0.231948972 0.003444547 0.972721934 95.980430603
0.970224202 0.004107922 0.242173433 3.714359283 -0.002844538 0.999980450 -0.005566265 -2.759842157 -0.242191553 0.004711654 0.970216990 96.529869080
0.967213213 0.004586422 0.253924280 3.872211456 -0.003440084 0.999981761 -0.004958349 -2.792111635 -0.253942400 0.003922259 0.967211366 97.075805664
0.963568330 0.004740308 0.267420411 4.042732239 -0.003733556 0.999983907 -0.004273031 -2.815838814 -0.267436385 0.003118928 0.963570535 97.598846436
0.959996581 0.005121379 0.279965013 4.232776642 -0.004005677 0.999981523 -0.004557172 -2.845719337 -0.279983133 0.003253420 0.959999382 98.155960083
0.956625283 0.004027586 0.291293561 4.420051575 -0.002778140 0.999985039 -0.004702772 -2.860524893 -0.291308105 0.003689536 0.956622183 98.683158875
0.952399254 0.003614894 0.304832160 4.653612137 -0.002725426 0.999990642 -0.003343372 -2.945097685 -0.304841340 0.002353428 0.952400208 99.201248169
0.947974920 0.003052036 0.318330616 4.864845276 -0.002162461 0.999992728 -0.003147846 -2.961055994 -0.318337888 0.002295702 0.947974622 99.730651855
0.943685174 0.004236354 0.330817878 5.058979034 -0.003377501 0.999989271 -0.003170959 -2.975763083 -0.330827743 0.001875050 0.943689227 100.238693237
0.938926697 0.003923899 0.344094813 5.287981033 -0.002790037 0.999988914 -0.003790279 -2.996217251 -0.344105810 0.002598757 0.938927293 100.895492554
0.933717549 0.003390143 0.357994616 5.508245468 -0.002413663 0.999991953 -0.003174451 -3.015815973 -0.358002543 0.002099962 0.933718264 101.401893616
0.928997934 0.002665970 0.370075196 5.737077713 -0.001437720 0.999992549 -0.003594704 -3.030468464 -0.370081991 0.002807408 0.928994834 101.917411804
0.924548209 -0.000515058 0.381064802 6.031570435 0.002256064 0.999988973 -0.004122102 -3.052282810 -0.381058395 0.004670789 0.924539149 102.529479980
0.918567896 -0.000385746 0.395262837 6.281124115 0.002195181 0.999989092 -0.004125562 -3.066780329 -0.395256907 0.004657283 0.918558776 103.040702820
0.912996054 -0.001382031 0.407966048 6.531547546 0.003350178 0.999985993 -0.004109873 -3.083705902 -0.407954574 0.005119057 0.912987828 103.531120300
0.907947361 -0.001995903 0.419079274 6.777980804 0.004161077 0.999982297 -0.004252587 -3.104974747 -0.419063389 0.005604947 0.907939672 104.014884949
0.902239799 -0.002795242 0.431225419 7.037292480 0.004891478 0.999981046 -0.003752323 -3.123361111 -0.431206673 0.005494825 0.902236462 104.497192383
0.895555735 -0.002491604 0.444942296 7.298564911 0.004527378 0.999983609 -0.003512719 -3.145917416 -0.444926262 0.005160258 0.895552337 104.984954834
0.889719129 -0.003254361 0.456496686 7.573925018 0.005811635 0.999974370 -0.004198160 -3.158110142 -0.456471264 0.006388175 0.889715195 105.450691223
0.884026408 -0.003363746 0.467424899 7.862163544 0.005827081 0.999975801 -0.003824421 -3.176144600 -0.467400670 0.006104612 0.884024441 105.929061890
0.875908017 -0.001882448 0.482474476 8.119998932 0.004428988 0.999981582 -0.004139023 -3.195779800 -0.482457817 0.005762277 0.875900269 106.398773193
