1.000000000 0.000000000 0.000000000 0.000000000 0.000000000 1.000000000 0.000000000 0.000000000 0.000000000 0.000000000 1.000000000 0.000000000
1.000000000 0.000093111 0.000109352 -0.000791898 -0.000093125 1.000000000 0.000122818 -0.000171700 -0.000109341 -0.000122828 1.000000000 0.000354413
1.000000000 0.000026438 0.000155627 -0.001153708 -0.000026438 1.000000000 0.000001335 0.000503909 -0.000155627 -0.000001339 1.000000000 0.000158210
1.000000000 -0.000004710 0.000032311 -0.000429542 0.000004708 1.000000000 0.000041754 -0.000618509 -0.000032311 -0.000041754 1.000000000 -0.000868784
1.000000000 0.000016071 0.000179573 -0.001076159 -0.000016088 1.000000000 0.000091300 -0.000458152 -0.000179572 -0.000091303 1.000000000 0.000363640
1.000000000 -0.000127170 0.000020491 -0.000290469 0.000127169 1.000000000 0.000064429 -0.000893769 -0.000020500 -0.000064426 1.000000000 -0.000149687
1.000000000 0.000002836 0.000071808 -0.000848556 -0.000002842 1.000000000 0.000070656 -0.000971869 -0.000071808 -0.000070656 1.000000000 -0.001128929
1.000000000 0.000040898 0.000041884 -0.000537527 -0.000040896 1.000000000 -0.000045517 -0.000003546 -0.000041885 0.000045515 1.000000000 -0.000310836
1.000000000 0.000131452 0.000193789 -0.001112970 -0.000131460 1.000000000 0.000043234 -0.000860179 -0.000193784 -0.000043260 1.000000000 -0.000225721
0.999999940 0.000188117 0.000170969 -0.001486592 -0.000188142 1.000000000 0.000149779 -0.001011756 -0.000170941 -0.000149811 1.000000000 0.000240684
1.000000000 0.000036692 0.000171519 -0.001023410 -0.000036707 1.000000000 0.000086015 -0.000552091 -0.000171515 -0.000086021 1.000000000 -0.000166650
1.000000000 0.000069213 0.000174420 -0.001221408 -0.000069220 1.000000000 0.000035034 -0.000659351 -0.000174417 -0.000035046 1.000000000 -0.000012480
1.000000000 -0.000002610 0.000060416 -0.000093094 0.000002607 1.000000000 0.000058262 -0.000485181 -0.000060416 -0.000058262 1.000000000 0.000063244
1.000000000 0.000123121 0.000146953 -0.001761994 -0.000123110 1.000000000 -0.000075215 0.000746707 -0.000146962 0.000075197 1.000000000 0.000128903
1.000000000 0.000092768 0.000126193 -0.001439257 -0.000092772 1.000000000 0.000030979 0.000362605 -0.000126190 -0.000030990 1.000000000 0.000221768
0.999999940 0.000227725 0.000127204 -0.001899150 -0.000227721 1.000000000 -0.000026903 0.000684832 -0.000127210 0.000026874 1.000000000 0.001209806
0.999999940 0.000338236 0.000205058 -0.002670385 -0.000338236 0.999999940 0.000003045 0.000172326 -0.000205057 -0.000003114 1.000000000 0.000423278
0.999999940 0.000189590 0.000239678 -0.002293293 -0.000189597 1.000000000 0.000027340 0.000208820 -0.000239673 -0.000027386 1.000000000 0.001016079
0.999999940 0.000176366 0.000258884 -0.002390504 -0.000176347 1.000000000 -0.000072683 0.000858772 -0.000258897 0.000072638 0.999999940 0.000626415
0.999999940 0.000142717 0.000202313 -0.001881149 -0.000142730 1.000000000 0.000061669 -0.000282759 -0.000202304 -0.000061698 1.000000000 0.000777860
0.999999940 0.000280704 0.000178281 -0.002564745 -0.000280699 0.999999940 -0.000030009 0.000689389 -0.000178290 0.000029959 1.000000000 0.000776906
0.999999940 0.000201624 0.000204215 -0.001683862 -0.000201612 1.000000000 -0.000060157 0.000168845 -0.000204228 0.000060115 1.000000000 0.000317910
0.999999940 0.000216643 0.000187853 -0.002018917 -0.000216646 1.000000000 0.000015646 0.000456968 -0.000187849 -0.000015687 1.000000000 -0.000178997
0.999999881 0.000409267 0.000174616 -0.002033409 -0.000409270 0.999999940 0.000013124 0.001272255 -0.000174610 -0.000013196 1.000000000 0.001757266
0.999999881 0.000339272 0.000264383 -0.001924241 -0.000339277 0.999999940 0.000018110 0.000864486 -0.000264376 -0.000018200 0.999999940 0.001152470
0.999999940 0.000282777 0.000212994 -0.001826457 -0.000282769 0.999999940 -0.000036148 0.001900095 -0.000213004 0.000036087 1.000000000 0.002115828
0.999999940 0.000330134 0.000208404 -0.001711883 -0.000330153 0.999999940 0.000090857 0.000197389 -0.000208374 -0.000090926 1.000000000 0.001305539
0.999999940 0.000282149 0.000094878 -0.000683553 -0.000282145 0.999999940 -0.000043740 0.000869046 -0.000094890 0.000043714 1.000000000 0.000751206
0.999999940 0.000337876 0.000127263 -0.001200824 -0.000337861 0.999999940 -0.000113932 0.002050047 -0.000127302 0.000113889 1.000000000 0.001532622
0.999999940 0.000334551 0.000202793 -0.001194498 -0.000334539 0.999999940 -0.000060463 0.001292735 -0.000202813 0.000060395 1.000000000 0.001508628
0.999999881 0.000345226 0.000301822 -0.002187177 -0.000345213 0.999999940 -0.000044764 0.001704419 -0.000301838 0.000044660 0.999999940 0.001561710
0.999999881 0.000387498 0.000216942 -0.001709465 -0.000387487 0.999999940 -0.000046930 0.001552861 -0.000216960 0.000046846 1.000000000 0.001638154
0.999999940 0.000361041 0.000205366 -0.001804053 -0.000361039 0.999999940 -0.000008751 0.000927962 -0.000205369 0.000008677 1.000000000 0.001246087
0.999999821 0.000491359 0.000292344 -0.002713718 -0.000491369 0.999999881 0.000036755 0.000697323 -0.000292326 -0.000036899 0.999999940 0.001760590
0.999999881 0.000400386 0.000206356 -0.001683988 -0.000400369 0.999999940 -0.000082991 0.001599950 -0.000206390 0.000082909 1.000000000 0.002185152
0.999999940 0.000333988 0.000197677 -0.001497213 -0.000333982 0.999999940 -0.000028317 0.001075636 -0.000197687 0.000028251 1.000000000 0.001428206
0.999999881 0.000405836 0.000187922 -0.001809315 -0.000405834 0.999999940 -0.000015322 0.001651717 -0.000187928 0.000015246 1.000000000 0.001598667
0.999999881 0.000385509 0.000243598 -0.001605740 -0.000385508 0.999999940 -0.000005753 0.001058651 -0.000243600 0.000005659 1.000000000 0.001250334
0.999999881 0.000400001 0.000209521 -0.001275147 -0.000399992 0.999999940 -0.000039514 0.001831230 -0.000209537 0.000039430 1.000000000 0.001183883
0.999999940 0.000235431 0.000180439 -0.001261618 -0.000235415 0.999999940 -0.000088399 0.000813874 -0.000180460 0.000088356 1.000000000 0.001546427
0.999999821 0.000473138 0.000272886 -0.001625398 -0.000472973 0.999999821 -0.000601150 -0.002299192 -0.000273170 0.000601020 0.999999762 0.049163830
0.999999940 0.000372844 0.000160090 0.000657745 -0.000372669 0.999999344 -0.001085986 -0.004307849 -0.000160495 0.001085926 0.999999404 0.139880702
1.000000000 0.000313304 0.000092470 0.004303487 -0.000313242 0.999999702 -0.000674658 -0.015877195 -0.000092682 0.000674629 0.999999762 0.238077193
0.999999940 0.000402387 0.000183370 0.006940939 -0.000402262 0.999999642 -0.000681020 -0.018791698 -0.000183644 0.000680947 0.999999702 0.370530874
0.999999940 0.000369981 -0.000197807 0.010991451 -0.000370141 0.999999583 -0.000808001 -0.018471297 0.000197508 0.000808074 0.999999642 0.527464986
1.000000000 0.000265275 -0.000160903 0.014538714 -0.000265402 0.999999642 -0.000787316 -0.022649255 0.000160694 0.000787359 0.999999642 0.680275559
1.000000000 -0.000261037 -0.000303548 0.021064419 0.000260909 0.999999821 -0.000422636 -0.028483244 0.000303658 0.000422557 0.999999881 0.842324972
0.999999940 0.000129119 -0.000217687 0.026067739 -0.000129218 0.999999881 -0.000453596 -0.034382749 0.000217629 0.000453624 0.999999881 1.011778474
0.999999940 -0.000015519 -0.000174089 0.029253883 0.000015416 0.999999821 -0.000594212 -0.037628192 0.000174098 0.000594209 0.999999821 1.193315148
0.999999821 0.000410895 0.000250841 0.027109329 -0.000410872 0.999999940 -0.000092997 -0.041742284 -0.000250879 0.000092894 0.999999940 1.374705791
0.999999821 0.000683216 0.000044082 0.030747753 -0.000683205 0.999999821 -0.000247556 -0.043170020 -0.000044251 0.000247525 0.999999940 1.567915678
1.000000000 0.000035525 0.000207590 0.034357954 -0.000035510 1.000000000 -0.000072290 -0.051397093 -0.000207593 0.000072283 0.999999940 1.768633842
0.999999762 0.000610159 0.000330342 0.034172308 -0.000610181 0.999999762 0.000066283 -0.055744298 -0.000330301 -0.000066485 0.999999881 1.958644390
1.000000000 -0.000157853 0.000038956 0.047842380 0.000157841 0.999999940 0.000306099 -0.065584607 -0.000039004 -0.000306093 0.999999940 2.169718504
1.000000000 0.000146016 0.000091452 0.051711328 -0.000146038 0.999999940 0.000241187 -0.070477545 -0.000091417 -0.000241201 0.999999940 2.388203621
1.000000000 -0.000144039 -0.000160766 0.058504097 0.000144046 1.000000000 0.000045799 -0.077822141 0.000160760 -0.000045822 1.000000000 2.610878468
1.000000000 -0.000165775 0.000195790 0.061259504 0.000165728 0.999999940 0.000241014 -0.085021734 -0.000195830 -0.000240982 0.999999940 2.847355843
0.999999940 -0.000148303 0.000189186 0.066451751 0.000148244 0.999999940 0.000313649 -0.088845924 -0.000189233 -0.000313621 0.999999940 3.089442015
0.999999881 -0.000378282 0.000180653 0.076663353 0.000378130 0.999999583 0.000840573 -0.098995507 -0.000180971 -0.000840504 0.999999642 3.331771612
1.000000000 0.000198658 -0.000013978 0.080525957 -0.000198647 0.999999702 0.000755649 -0.108344682 0.000014128 -0.000755646 0.999999702 3.576672316
0.999999881 0.000553523 0.000015147 0.086034559 -0.000553532 0.999999702 0.000615026 -0.112329364 -0.000014806 -0.000615034 0.999999821 3.835117340
0.999999762 0.000581516 0.000177414 0.087817430 -0.000581663 0.999999464 0.000834229 -0.120829426 -0.000176929 -0.000834332 0.999999642 4.091826916
0.999999821 0.000452951 0.000210557 0.095274270 -0.000453140 0.999999404 0.000896573 -0.124320306 -0.000210151 -0.000896668 0.999999583 4.352733612
0.999999821 0.000347208 0.000515737 0.098551452 -0.000347659 0.999999523 0.000873646 -0.133058727 -0.000515433 -0.000873826 0.999999464 4.611728191
0.999999940 0.000294829 0.000277319 0.109197438 -0.000295073 0.999999523 0.000878687 -0.137283638 -0.000277060 -0.000878768 0.999999523 4.867986202
0.999999642 0.000750619 0.000541187 0.110653654 -0.000751136 0.999999285 0.000957054 -0.144583374 -0.000540468 -0.000957460 0.999999404 5.127068520
0.999999344 0.000887445 0.000728371 0.112158522 -0.000888080 0.999999166 0.000871249 -0.151677758 -0.000727597 -0.000871895 0.999999344 5.391286850
0.999998927 0.001125137 0.000883631 0.114411056 -0.001125904 0.999998987 0.000868057 -0.158609897 -0.000882654 -0.000869051 0.999999225 5.659060001
0.999999523 0.000634343 0.000756120 0.119785063 -0.000634986 0.999999464 0.000850751 -0.165285617 -0.000755580 -0.000851231 0.999999344 5.935566902
0.999998808 0.001050774 0.001130360 0.121914789 -0.001051733 0.999999106 0.000847437 -0.173267424 -0.001129469 -0.000848625 0.999998987 6.216944218
0.999998808 0.001177514 0.000972647 0.130196825 -0.001178161 0.999999225 0.000664985 -0.181185216 -0.000971863 -0.000666130 0.999999285 6.502190113
0.999998987 0.001163564 0.000775247 0.134993285 -0.001164114 0.999999106 0.000709361 -0.188321859 -0.000774421 -0.000710263 0.999999404 6.791691303
0.999998569 0.001305863 0.001023360 0.140573695 -0.001306858 0.999998689 0.000971812 -0.201988965 -0.001022090 -0.000973148 0.999998987 7.082368851
0.999998569 0.001456658 0.000835692 0.144145116 -0.001457844 0.999997973 0.001421409 -0.216071442 -0.000833620 -0.001422625 0.999998689 7.373043537
0.999998629 0.001270821 0.001175901 0.147229865 -0.001272039 0.999998629 0.001035453 -0.225537151 -0.001174583 -0.001036947 0.999998748 7.685744762
0.999998927 0.000914007 0.001215510 0.156432703 -0.000914921 0.999999344 0.000750847 -0.229518101 -0.001214823 -0.000751959 0.999998927 8.005864143
0.999998152 0.001340956 0.001382830 0.157590076 -0.001342143 0.999998748 0.000857760 -0.240593329 -0.001381678 -0.000859615 0.999998629 8.316205025
0.999998093 0.001595089 0.001102763 0.165796965 -0.001596278 0.999998093 0.001078082 -0.252330869 -0.001101042 -0.001079840 0.999998748 8.659969330
0.999997795 0.001525545 0.001447024 0.165650114 -0.001527054 0.999998271 0.001042642 -0.256552666 -0.001445431 -0.001044849 0.999998391 8.997879028
0.999997318 0.001989907 0.001219844 0.170518637 -0.001991373 0.999997318 0.001201929 -0.267140090 -0.001217449 -0.001204355 0.999998569 9.345398903
0.999996841 0.002019576 0.001448939 0.177849799 -0.002021215 0.999997437 0.001131408 -0.284019709 -0.001446650 -0.001134333 0.999998331 9.681543350
0.999997258 0.001707710 0.001614145 0.181812793 -0.001710037 0.999997556 0.001441507 -0.291501313 -0.001611679 -0.001444263 0.999997675 10.040472984
0.999997437 0.001825784 0.001330145 0.195421264 -0.001827764 0.999997199 0.001488169 -0.303338945 -0.001327424 -0.001490596 0.999998033 10.391165733
0.999997437 0.001742665 0.001444245 0.203181595 -0.001744506 0.999997616 0.001274286 -0.311944038 -0.001442021 -0.001276802 0.999998093 10.751244545
0.999997675 0.001691130 0.001318974 0.209668681 -0.001692951 0.999997675 0.001380637 -0.322620988 -0.001316636 -0.001382867 0.999998212 11.118087769
0.999998033 0.001638280 0.001161170 0.217586711 -0.001640073 0.999997437 0.001544295 -0.334432691 -0.001158637 -0.001546196 0.999998152 11.491463661
0.999996662 0.002248565 0.001279652 0.226542950 -0.002250684 0.999996066 0.001656468 -0.341433197 -0.001275922 -0.001659342 0.999997795 11.884796143
0.999993563 0.002991155 0.001940300 0.223057583 -0.002995066 0.999993503 0.002016109 -0.359030426 -0.001934257 -0.002021907 0.999996066 12.269467354
0.999995172 0.002520253 0.001820269 0.236834824 -0.002524557 0.999994040 0.002366317 -0.373268783 -0.001814294 -0.002370901 0.999995530 12.654771805
0.999996722 0.001694040 0.001916648 0.240630537 -0.001698090 0.999996245 0.002113479 -0.375631005 -0.001913061 -0.002116726 0.999995947 13.044383049
0.999995589 0.002086604 0.002092309 0.249781623 -0.002090312 0.999996245 0.001771991 -0.387171715 -0.002088603 -0.001776357 0.999996245 13.455965996
0.999994576 0.002341844 0.002278194 0.257943630 -0.002346419 0.999995232 0.002007976 -0.399226725 -0.002273481 -0.002013311 0.999995410 13.849781036
0.999994278 0.002295833 0.002495590 0.265988678 -0.002301401 0.999994874 0.002230293 -0.409456700 -0.002490457 -0.002236023 0.999994397 14.276670456
0.999992847 0.002457369 0.002878742 0.272842050 -0.002462897 0.999995172 0.001918120 -0.423185825 -0.002874014 -0.001925196 0.999993980 14.692706108
0.999992967 0.002522408 0.002769317 0.291865319 -0.002528575 0.999994338 0.002225441 -0.436127961 -0.002763687 -0.002232428 0.999993622 15.114217758
0.999993861 0.002199105 0.002724075 0.302828610 -0.002204971 0.999995232 0.002152615 -0.445976675 -0.002719328 -0.002158608 0.999993980 15.553859711
0.999991179 0.002303028 0.003520358 0.307382405 -0.002310218 0.999995351 0.002039833 -0.456102520 -0.003515643 -0.002047949 0.999991655 16.000417709
0.999989510 0.002787740 0.003627081 0.324603975 -0.002795091 0.999994040 0.002023446 -0.471027136 -0.003621418 -0.002033563 0.999991357 16.428918839
0.999987781 0.003274122 0.003700570 0.334050596 -0.003280994 0.999992907 0.001852309 -0.484633893 -0.003694479 -0.001864428 0.999991417 16.873649597
0.999986529 0.002865042 0.004324916 0.339464664 -0.002875128 0.999993145 0.002327851 -0.500030220 -0.004318217 -0.002340255 0.999987960 17.320524216
0.999985874 0.002664956 0.004598451 0.345676184 -0.002677082 0.999993086 0.002632913 -0.514362514 -0.004591402 -0.002645186 0.999985874 17.780036926
0.999984205 0.002595067 0.004992572 0.358161956 -0.002607099 0.999993742 0.002404999 -0.523088038 -0.004986299 -0.002417977 0.999984622 18.250501633
0.999985754 0.002393073 0.004766137 0.380670458 -0.002403467 0.999994755 0.002176351 -0.532894552 -0.004760904 -0.002187775 0.999986291 18.730245590
0.999983549 0.002925970 0.004926591 0.385015309 -0.002939306 0.999992013 0.002701810 -0.554703414 -0.004918645 -0.002716246 0.999984205 19.207521439
0.999984741 0.002868368 0.004737047 0.398002625 -0.002882973 0.999991119 0.003079240 -0.570775509 -0.004728172 -0.003092850 0.999984086 19.667186737
0.999980807 0.003239084 0.005286739 0.398674339 -0.003254727 0.999990344 0.002953093 -0.580055475 -0.005277123 -0.002970243 0.999981642 20.157157898
0.999982417 0.002880775 0.005170122 0.424641311 -0.002897041 0.999990880 0.003141537 -0.603317380 -0.005161024 -0.003156460 0.999981701 20.656625748
0.999985754 0.002899372 0.004476950 0.439148515 -0.002913390 0.999990880 0.003127769 -0.614514232 -0.004467839 -0.003140767 0.999985099 21.155334473
0.999985635 0.003154650 0.004335925 0.444406688 -0.003167806 0.999990404 0.003030553 -0.627675533 -0.004326324 -0.003044245 0.999985993 21.665111542
0.999987245 0.003114739 0.003978954 0.460469186 -0.003128496 0.999989092 0.003455736 -0.647176445 -0.003968147 -0.003468140 0.999986053 22.157890320
0.999989569 0.002926552 0.003502558 0.476675957 -0.002939005 0.999989331 0.003555459 -0.662303269 -0.003492115 -0.003565716 0.999987543 22.668334961
0.999990463 0.003220255 0.002943961 0.486281306 -0.003229315 0.999990106 0.003078125 -0.669844270 -0.002934019 -0.003087603 0.999990940 23.171161652
0.999990463 0.003369065 0.002785215 0.489676386 -0.003378775 0.999988198 0.003489093 -0.687134504 -0.002773427 -0.003498470 0.999990046 23.708093643
0.999997199 0.001661248 0.001696046 0.505362570 -0.001666798 0.999993265 0.003276466 -0.702380836 -0.001690592 -0.003279285 0.999993205 24.236835480
0.999992192 0.003444607 0.001942039 0.505016446 -0.003450854 0.999988854 0.003222426 -0.711430013 -0.001930917 -0.003229103 0.999992907 24.764251709
0.999991894 0.003779385 0.001382317 0.514836788 -0.003784352 0.999986351 0.003608345 -0.727036953 -0.001368661 -0.003613547 0.999992490 25.310720444
0.999987841 0.004823427 0.001001852 0.522096395 -0.004827075 0.999981642 0.003671296 -0.742138028 -0.000984125 -0.003676087 0.999992728 25.860349655
0.999991238 0.004124060 0.000744786 0.529605806 -0.004126679 0.999985158 0.003549338 -0.755278826 -0.000730137 -0.003552380 0.999993443 26.410509109
0.999991179 0.004143397 0.000601600 0.538428664 -0.004145674 0.999984026 0.003834585 -0.769593716 -0.000585702 -0.003837046 0.999992490 26.965671539
0.999992669 0.003830794 0.000078879 0.547892153 -0.003831092 0.999983907 0.004186856 -0.788533747 -0.000062839 -0.004187127 0.999991179 27.514137268
0.999989450 0.004581678 0.000040281 0.552182436 -0.004581801 0.999981821 0.003903812 -0.803347409 -0.000022394 -0.003903956 0.999992311 28.067363739
0.999989212 0.004642291 0.000058939 0.562455237 -0.004642486 0.999981582 0.003884628 -0.813822627 -0.000040904 -0.003884860 0.999992430 28.626054764
0.999987841 0.004923177 -0.000337109 0.570045471 -0.004921737 0.999979317 0.004144552 -0.830641329 0.000357507 -0.004142842 0.999991357 29.160654068
0.999988973 0.004663333 -0.000580507 0.579956353 -0.004661046 0.999981582 0.003880828 -0.840608180 0.000598594 -0.003878080 0.999992311 29.704883575
0.999987483 0.004899159 -0.001021734 0.584071875 -0.004895186 0.999980569 0.003855895 -0.849365175 0.001040604 -0.003850845 0.999992013 30.259098053
0.999987185 0.004947860 -0.001055188 0.598250449 -0.004943707 0.999980152 0.003902870 -0.870069861 0.001074478 -0.003897604 0.999991834 30.784687042
0.999984562 0.005446984 -0.001040415 0.606327951 -0.005442842 0.999977350 0.003943398 -0.881755233 0.001061871 -0.003937674 0.999991655 31.331779480
0.999980390 0.006088796 -0.001434284 0.613010526 -0.006083420 0.999974489 0.003724436 -0.891973436 0.001456925 -0.003715638 0.999992013 31.885671616
0.999984920 0.005227769 -0.001694590 0.630312741 -0.005221733 0.999980092 0.003546232 -0.906308115 0.001713094 -0.003537331 0.999992192 32.438507080
0.999982655 0.005443699 -0.002267792 0.635900497 -0.005434625 0.999977291 0.003988240 -0.924158037 0.002289451 -0.003975846 0.999989450 32.977245331
0.999982715 0.005598386 -0.001838390 0.644406319 -0.005590850 0.999976039 0.004079134 -0.938518405 0.001861183 -0.004068786 0.999989927 33.529285431
0.999983549 0.005371879 -0.002015982 0.656168222 -0.005362824 0.999975622 0.004471075 -0.957711101 0.002039951 -0.004460190 0.999987960 34.060314178
0.999982297 0.005399717 -0.002527213 0.665245116 -0.005388244 0.999975264 0.004525265 -0.971414506 0.002551585 -0.004511567 0.999986589 34.599010468
0.999980927 0.005309207 -0.003176481 0.676417112 -0.005294177 0.999974906 0.004721685 -0.991987705 0.003201470 -0.004704779 0.999983788 35.123863220
0.999983311 0.005012499 -0.002898685 0.675411642 -0.004997549 0.999974310 0.005141852 -1.009203196 0.002924383 -0.005127280 0.999982536 35.613769531
0.999981105 0.005170019 -0.003327872 0.700735629 -0.005157198 0.999979317 0.003849721 -1.006499171 0.003347705 -0.003832486 0.999987066 36.220615387
0.999978960 0.005751720 -0.003024519 0.702317715 -0.005738365 0.999973893 0.004405641 -1.021935344 0.003049780 -0.004388193 0.999985754 36.776706696
0.999982357 0.004840261 -0.003448399 0.717923343 -0.004826325 0.999980211 0.004038159 -1.035034776 0.003467876 -0.004021444 0.999985874 37.310020447
0.999981880 0.004911266 -0.003477384 0.727352738 -0.004898358 0.999981105 0.003710920 -1.049749136 0.003495543 -0.003693819 0.999987066 37.847587585
0.999980152 0.005415265 -0.003235116 0.718922734 -0.005403078 0.999978304 0.003763934 -1.061321378 0.003255428 -0.003746379 0.999987662 38.391635895
0.999980986 0.005354630 -0.003079684 0.731293917 -0.005342720 0.999978304 0.003862936 -1.072019100 0.003100301 -0.003846408 0.999987721 38.965454102
0.999980271 0.005240628 -0.003457088 0.747703731 -0.005227594 0.999979377 0.003768419 -1.086199880 0.003476765 -0.003750273 0.999986947 39.449268341
0.999982119 0.004631898 -0.003782020 0.759049237 -0.004615575 0.999980152 0.004313184 -1.103010416 0.003801924 -0.004295651 0.999983549 40.003089905
0.999978960 0.005244818 -0.003811613 0.770722032 -0.005230711 0.999979436 0.003701520 -1.118651628 0.003830948 -0.003681506 0.999985874 40.510688782
0.999975741 0.005805979 -0.003862958 0.776132822 -0.005792223 0.999976933 0.003562671 -1.131282449 0.003883552 -0.003540209 0.999986172 41.070381165
0.999978423 0.005451281 -0.003663227 0.777221024 -0.005437528 0.999978185 0.003753936 -1.144040823 0.003683611 -0.003733936 0.999986231 41.585479736
0.999976754 0.005844932 -0.003502621 0.782833159 -0.005832992 0.999977231 0.003409501 -1.157212496 0.003522469 -0.003388991 0.999988079 42.132598877
0.999978662 0.004983335 -0.004225729 0.797546983 -0.004965508 0.999978781 0.004218993 -1.186912537 0.004246664 -0.004197920 0.999982178 42.656959534
0.999973834 0.005888646 -0.004179703 0.805665612 -0.005871979 0.999974787 0.003988359 -1.198458672 0.004203083 -0.003963711 0.999983251 43.159896851
0.999976575 0.005654757 -0.003849261 0.811138153 -0.005641042 0.999977708 0.003564844 -1.196177840 0.003869334 -0.003543047 0.999986172 43.714973450
0.999976456 0.005840553 -0.003577075 0.814249754 -0.005826098 0.999974906 0.004038258 -1.214199066 0.003600570 -0.004017323 0.999985397 44.246227264
0.999975741 0.005791686 -0.003855254 0.823260665 -0.005776774 0.999975860 0.003867759 -1.224257588 0.003877561 -0.003845394 0.999985099 44.787338257
0.999974787 0.006130778 -0.003586764 0.830879569 -0.006117980 0.999974906 0.003568186 -1.234172702 0.003608550 -0.003546152 0.999987185 45.323436737
0.999973595 0.006426036 -0.003384289 0.835911036 -0.006413954 0.999973118 0.003568636 -1.244841456 0.003407130 -0.003546835 0.999987841 45.868064880
0.999975026 0.006282907 -0.003235309 0.840167105 -0.006270966 0.999973536 0.003687612 -1.264670253 0.003258392 -0.003667232 0.999987960 46.391349792
0.999975741 0.006066456 -0.003410786 0.853553116 -0.006051771 0.999972403 0.004299477 -1.278365135 0.003436774 -0.004278732 0.999984920 46.939895630
0.999974549 0.006429753 -0.003101278 0.853261054 -0.006417757 0.999971926 0.003862734 -1.286432981 0.003126027 -0.003842732 0.999987721 47.468875885
0.999975681 0.006463873 -0.002595403 0.857775927 -0.006454808 0.999973059 0.003485935 -1.301533461 0.002617865 -0.003469098 0.999990582 48.010154724
0.999978244 0.005929320 -0.002880509 0.867637038 -0.005917749 0.999974430 0.004009031 -1.313222051 0.002904206 -0.003991898 0.999987841 48.534614563
0.999976993 0.006373526 -0.002307752 0.872239590 -0.006364485 0.999972105 0.003903467 -1.325929284 0.002332566 -0.003888689 0.999989748 49.086799622
0.999973357 0.006691178 -0.002926877 0.887300730 -0.006679679 0.999970019 0.003921335 -1.339426756 0.002953027 -0.003901680 0.999987960 49.611450195
0.999973238 0.006741789 -0.002846642 0.890269160 -0.006730407 0.999969363 0.003989459 -1.352361441 0.002873451 -0.003970194 0.999988019 50.140556335
0.999974012 0.006649402 -0.002777646 0.898607433 -0.006638670 0.999970496 0.003855150 -1.369013667 0.002803199 -0.003836611 0.999988735 50.670318604
0.999973178 0.006668952 -0.003001774 0.908147335 -0.006657396 0.999970376 0.003843486 -1.379680395 0.003027318 -0.003823399 0.999988079 51.215934753
0.999971926 0.006998346 -0.002659546 0.907494187 -0.006988190 0.999968350 0.003809116 -1.389429212 0.002686120 -0.003790424 0.999989212 51.751213074
0.999971926 0.007038040 -0.002552311 0.916465878 -0.007028261 0.999967992 0.003819721 -1.404841185 0.002579113 -0.003801675 0.999989390 52.292316437
0.999972641 0.006885501 -0.002711116 0.924990833 -0.006875775 0.999969959 0.003580362 -1.415550470 0.002735686 -0.003561623 0.999989867 52.822525024
0.999971986 0.006901638 -0.002906346 0.937496603 -0.006891835 0.999970496 0.003369228 -1.425648928 0.002929513 -0.003349105 0.999990046 53.361583710
0.999970853 0.007256590 -0.002352065 0.943044186 -0.007249078 0.999968648 0.003186890 -1.440996647 0.002375118 -0.003169747 0.999992132 53.896938324
0.999969721 0.007437726 -0.002286604 0.945407331 -0.007430836 0.999967873 0.003008004 -1.453510284 0.002308904 -0.002990922 0.999992847 54.431388855
0.999968231 0.007613407 -0.002356932 0.954367578 -0.007606239 0.999966443 0.003035515 -1.468261838 0.002379963 -0.003017491 0.999992609 54.981494904
0.999971747 0.007139519 -0.002326344 0.962966681 -0.007132188 0.999969721 0.003144242 -1.480682731 0.002348722 -0.003127562 0.999992371 55.506294250
0.999970555 0.007303236 -0.002366192 0.970773041 -0.007295884 0.999968529 0.003102119 -1.490046263 0.002388773 -0.003084764 0.999992371 56.051433563
0.999970078 0.007337488 -0.002455150 0.983831406 -0.007329586 0.999967992 0.003212504 -1.507256269 0.002478642 -0.003194413 0.999991834 56.584346771
0.999969125 0.007472367 -0.002432155 0.993984699 -0.007464853 0.999967337 0.003083736 -1.519684792 0.002455120 -0.003065485 0.999992311 57.123519897
0.999968588 0.007402175 -0.002859242 1.008074999 -0.007392926 0.999967515 0.003231080 -1.536916614 0.002883066 -0.003209841 0.999990761 57.667781830
0.999972522 0.007050478 -0.002295703 1.010575891 -0.007044071 0.999971271 0.002787225 -1.547107935 0.002315288 -0.002770978 0.999993503 58.171386719
0.999970675 0.007250620 -0.002476071 1.020231724 -0.007244083 0.999970257 0.002639052 -1.559602022 0.002495133 -0.002621038 0.999993503 58.716491699
0.999973297 0.006890310 -0.002400895 1.020543098 -0.006883458 0.999972224 0.002850724 -1.577505589 0.002420471 -0.002834122 0.999993026 59.234214783
0.999971569 0.007276396 -0.001937949 1.027137518 -0.007271378 0.999970138 0.002583416 -1.588869333 0.001956688 -0.002569251 0.999994814 59.765441895
0.999975801 0.006706994 -0.001881560 1.037285924 -0.006701108 0.999972641 0.003117715 -1.601663113 0.001902419 -0.003105031 0.999993443 60.321701050
0.999968529 0.007742140 -0.001746628 1.039415240 -0.007737660 0.999966800 0.002558093 -1.613767982 0.001766375 -0.002544497 0.999995232 60.848464966
0.999969244 0.007721453 -0.001382268 1.048890352 -0.007717886 0.999966919 0.002568083 -1.622709274 0.001402052 -0.002557336 0.999995768 61.392517090
0.999970913 0.007461374 -0.001593082 1.060251474 -0.007457408 0.999969065 0.002482419 -1.638939381 0.001611554 -0.002470466 0.999995649 61.923408508
0.999971271 0.007496726 -0.001176673 1.067050219 -0.007494172 0.999969602 0.002160238 -1.649522543 0.001192832 -0.002151358 0.999996960 62.481952667
0.999964952 0.008210952 -0.001649432 1.075901747 -0.008206910 0.999963343 0.002443737 -1.667024732 0.001669437 -0.002430114 0.999995649 63.003452301
0.999969721 0.007600188 -0.001669221 1.082528472 -0.007595812 0.999967754 0.002613361 -1.684999585 0.001689028 -0.002600603 0.999995172 63.539848328
0.999969840 0.007623648 -0.001440997 1.092112422 -0.007619923 0.999967575 0.002573904 -1.697133899 0.001460574 -0.002562847 0.999995649 64.061523438
0.999967694 0.007926570 -0.001348927 1.095624447 -0.007923083 0.999965310 0.002572750 -1.709467411 0.001369273 -0.002561980 0.999995708 64.599731445
0.999967992 0.007899440 -0.001279874 1.104321122 -0.007896443 0.999966025 0.002330657 -1.720620394 0.001298242 -0.002320476 0.999996483 65.133834839
0.999967098 0.008048062 -0.001026728 1.113333225 -0.008045520 0.999964535 0.002457143 -1.734162092 0.001046467 -0.002448801 0.999996424 65.679107666
0.999972582 0.007241538 -0.001563712 1.127747536 -0.007238141 0.999971390 0.002166404 -1.747440577 0.001579355 -0.002155026 0.999996424 66.216300964
0.999968410 0.007818999 -0.001371601 1.134797215 -0.007815961 0.999966979 0.002208165 -1.764647007 0.001388822 -0.002197375 0.999996543 66.746101379
0.999969482 0.007635660 -0.001638919 1.148959875 -0.007632038 0.999968469 0.002204253 -1.776453495 0.001655698 -0.002191677 0.999996245 67.284004211
0.999966621 0.008019457 -0.001527900 1.157711029 -0.008016086 0.999965489 0.002199779 -1.793910980 0.001545487 -0.002187457 0.999996424 67.822906494
0.999970138 0.007590079 -0.001473596 1.162501097 -0.007587094 0.999969304 0.002020824 -1.805320501 0.001488887 -0.002009583 0.999996841 68.360450745
0.999968410 0.007801140 -0.001486084 1.168573022 -0.007797869 0.999967217 0.002193840 -1.820798635 0.001503149 -0.002182182 0.999996424 68.891860962
0.999969542 0.007664336 -0.001426556 1.183526278 -0.007661746 0.999969006 0.001811612 -1.834996343 0.001440396 -0.001800627 0.999997318 69.422164917
0.999967694 0.007973849 -0.001021236 1.190301299 -0.007972086 0.999966741 0.001719119 -1.849800229 0.001034910 -0.001710922 0.999997973 69.976364136
0.999972522 0.007295689 -0.001293526 1.200799942 -0.007293060 0.999971330 0.002023676 -1.865162134 0.001308255 -0.002014187 0.999997139 70.489639282
0.999973357 0.007168119 -0.001374613 1.209702849 -0.007165549 0.999972522 0.001865067 -1.875850916 0.001387945 -0.001855168 0.999997258 71.032768250
0.999972999 0.007223859 -0.001313005 1.220700383 -0.007221219 0.999971867 0.002003906 -1.889791369 0.001327444 -0.001994370 0.999997139 71.584793091
0.999973655 0.007118420 -0.001402666 1.226891518 -0.007116036 0.999973238 0.001697379 -1.903429031 0.001414711 -0.001687353 0.999997556 72.108741760
0.999974430 0.007017340 -0.001378722 1.237829208 -0.007014998 0.999973953 0.001695969 -1.918611765 0.001390586 -0.001686254 0.999997556 72.645416260
0.999972939 0.007238310 -0.001320265 1.244230270 -0.007235736 0.999971926 0.001944706 -1.935533762 0.001334305 -0.001935101 0.999997258 73.181282043
0.999973834 0.007127338 -0.001260717 1.256252646 -0.007125378 0.999973416 0.001551671 -1.947622061 0.001271743 -0.001542647 0.999997973 73.714706421
0.999974191 0.007025996 -0.001506555 1.271201611 -0.007023182 0.999973536 0.001864441 -1.960818410 0.001519615 -0.001853812 0.999997139 74.249656677
0.999971807 0.007375829 -0.001387873 1.280384064 -0.007373428 0.999971330 0.001727350 -1.975436568 0.001400574 -0.001717068 0.999997556 74.795730591
0.999969184 0.007757037 -0.001168971 1.289266586 -0.007755415 0.999968946 0.001386332 -1.988704801 0.001179689 -0.001377224 0.999998331 75.322761536
0.999967575 0.007986343 -0.000948480 1.293379426 -0.007985015 0.999967158 0.001394769 -2.001442194 0.000959588 -0.001387150 0.999998510 75.860092163
0.999970973 0.007551141 -0.001039812 1.308111191 -0.007549843 0.999970675 0.001245597 -2.017382860 0.001049187 -0.001237710 0.999998629 76.401115417
0.999972761 0.007281462 -0.001250812 1.317604661 -0.007280293 0.999972999 0.000936111 -2.030307293 0.001257593 -0.000926979 0.999998748 76.948303223
0.999967217 0.008032073 -0.001042907 1.324957132 -0.008030160 0.999966085 0.001823972 -2.051431417 0.001057522 -0.001815538 0.999997735 77.462684631
0.999970794 0.007591364 -0.000866030 1.336152673 -0.007589998 0.999969959 0.001569729 -2.065857649 0.000877920 -0.001563110 0.999998391 77.982147217
0.999966621 0.008151284 -0.000561202 1.345252156 -0.008150442 0.999965668 0.001490702 -2.079276562 0.000573334 -0.001486078 0.999998748 78.517753601
0.999966145 0.008187764 -0.000758138 1.354552150 -0.008186503 0.999965131 0.001651118 -2.096515417 0.000771631 -0.001644855 0.999998331 79.065246582
0.999962747 0.008612930 -0.000519950 1.366129637 -0.008612144 0.999961793 0.001495191 -2.112878084 0.000532808 -0.001490657 0.999998748 79.605979919
0.999966681 0.008155670 0.000366200 1.374603391 -0.008156277 0.999965310 0.001694588 -2.127454519 -0.000352366 -0.001697519 0.999998510 80.139953613
0.999965549 0.008012909 0.002199048 1.380674720 -0.008015370 0.999967277 0.001113350 -2.140780926 -0.002190054 -0.001130938 0.999997020 80.683563232
0.999961436 0.008336006 0.002736078 1.403431177 -0.008340367 0.999963880 0.001586586 -2.160142899 -0.002722753 -0.001609344 0.999994993 81.223472595
0.999951243 0.008750493 0.004584508 1.408576250 -0.008758228 0.999960303 0.001670134 -2.169375181 -0.004569712 -0.001710205 0.999988079 81.808624268
0.999939263 0.008344513 0.007201611 1.432512283 -0.008356787 0.999963701 0.001675825 -2.193053484 -0.007187366 -0.001735905 0.999972641 82.294776917
0.999909818 0.008373127 0.010497420 1.452648163 -0.008391429 0.999963462 0.001700509 -2.203623772 -0.010482797 -0.001788444 0.999943435 82.835044861
0.999865413 0.008602727 0.013971962 1.475011230 -0.008626325 0.999961495 0.001629585 -2.223430395 -0.013957407 -0.001749893 0.999901056 83.380424500
0.999808550 0.007977822 0.017866919 1.502641439 -0.008003069 0.999967098 0.001342030 -2.230968952 -0.017855624 -0.001484763 0.999839485 83.925231934
0.999682486 0.008207145 0.023823392 1.532656789 -0.008242033 0.999965012 0.001366679 -2.246635914 -0.023811342 -0.001562598 0.999715269 84.458915710
0.999521613 0.008356585 0.029775210 1.564166784 -0.008394792 0.999964118 0.001158341 -2.260761976 -0.029764455 -0.001407743 0.999555945 85.011329651
0.999328315 0.008170693 0.035722837 1.599249840 -0.008216719 0.999965608 0.001141754 -2.274920464 -0.035712287 -0.001434512 0.999361098 85.556709290
0.999000728 0.008332814 0.043910787 1.640966177 -0.008383936 0.999964297 0.000980180 -2.288488626 -0.043901049 -0.001347346 0.999035120 86.105049133
0.998600543 0.008100120 0.052262142 1.689018250 -0.008149001 0.999966502 0.000722252 -2.303034782 -0.052254554 -0.001147125 0.998633146 86.650993347
0.998204052 0.007343103 0.059452541 1.740375757 -0.007396450 0.999972522 0.000677303 -2.315192461 -0.059445933 -0.001115825 0.998230934 87.210075378
0.997640610 0.007634500 0.068227157 1.792534828 -0.007688350 0.999970257 0.000526718 -2.332918406 -0.068221129 -0.001050030 0.997669637 87.740188599
0.996942163 0.006807778 0.077845775 1.862765312 -0.006814966 0.999976754 -0.000173331 -2.346257448 -0.077845141 -0.000357716 0.996965408 88.260902405
0.996219933 0.006698082 0.086608380 1.933219433 -0.006749664 0.999977171 0.000302750 -2.366698742 -0.086604379 -0.000886183 0.996242404 88.828567505
0.995545805 0.005842989 0.094097696 2.002775669 -0.005822178 0.999982953 -0.000495684 -2.365576506 -0.094098993 -0.000054377 0.995562792 89.385208130
0.994557619 0.006762511 0.103968263 2.077223778 -0.006802439 0.999976873 0.000029449 -2.404658079 -0.103965640 -0.000736527 0.994580626 89.927856445
0.993396282 0.006699873 0.114537865 2.146926880 -0.006796477 0.999976754 0.000452925 -2.407859802 -0.114532173 -0.001228388 0.993418813 90.455642700
0.992344916 0.005875111 0.123357132 2.258316040 -0.005909351 0.999982476 -0.000088303 -2.437523127 -0.123355500 -0.000641334 0.992362320 91.046058655
0.990784705 0.006274315 0.135300815 2.349842072 -0.006375724 0.999979675 0.000316201 -2.454235077 -0.135296091 -0.001175928 0.990804434 91.584411621
0.989021957 0.005696986 0.147658512 2.450495720 -0.005752604 0.999983370 -0.000050377 -2.473225117 -0.147656336 -0.000799598 0.989038408 92.147659302
0.987346053 0.005092915 0.158498690 2.556766510 -0.005186991 0.999986470 0.000179866 -2.489618301 -0.158495650 -0.000999722 0.987359166 92.688896179
0.985543609 0.005514898 0.169332296 2.668005943 -0.005612902 0.999984384 0.000100094 -2.504005671 -0.169329062 -0.001049093 0.985558987 93.239517212
0.983217537 0.005116913 0.182365134 2.785737038 -0.005199314 0.999986529 -0.000026250 -2.520159245 -0.182362765 -0.000922364 0.983230889 93.775909424
0.980897009 0.004764962 0.194469497 2.916559219 -0.004856398 0.999988139 -0.000006571 -2.538214684 -0.194467232 -0.000937975 0.980908573 94.310173035
0.978723168 0.004791904 0.205129191 3.040517807 -0.004998922 0.999987423 0.000490998 -2.556293726 -0.205124229 -0.001505976 0.978734791 94.843917847
0.975990534 0.004056176 0.217775285 3.193025589 -0.004237882 0.999990940 0.000367324 -2.578040838 -0.217771858 -0.001281410 0.975998819 95.344718933
0.972869635 0.003815533 0.231322348 3.326324463 -0.003848873 0.999992490 -0.000307157 -2.576837301 -0.231321767 -0.000591507 0.972877026 95.942237854
0.970300019 0.002818321 0.241888374 3.487102509 -0.002866147 0.999995828 -0.000154153 -2.590239763 -0.241887808 -0.000543713 0.970304072 96.454879761
0.967291415 0.003503915 0.253643543 3.636072159 -0.003569956 0.999993563 -0.000199903 -2.616563320 -0.253642619 -0.000712131 0.967297733 96.968292236
0.963732004 0.003633648 0.266847014 3.808715820 -0.003720630 0.999993086 -0.000179621 -2.632771730 -0.266845822 -0.000819733 0.963738918 97.482986450
0.960187435 0.002391058 0.279346228 3.986051559 -0.002303490 0.999997139 -0.000641741 -2.647609711 -0.279346943 -0.000027279 0.960190237 98.002677917
0.956629992 0.003018453 0.291290194 4.164859772 -0.002994008 0.999995291 -0.000529648 -2.657703161 -0.291290522 -0.000365448 0.956634581 98.582153320
0.952199996 0.003015538 0.305460334 4.356279373 -0.003063483 0.999995172 -0.000322385 -2.671354055 -0.305459917 -0.000628797 0.952204764 99.100677490
0.947636127 0.002762769 0.319340199 4.566211700 -0.002828209 0.999995947 -0.000258793 -2.694757223 -0.319339603 -0.000657919 0.947640121 99.661590576
0.943740308 0.002496319 0.330678076 4.771635056 -0.002577760 0.999996603 -0.000192255 -2.710667372 -0.330677480 -0.000670970 0.943743587 100.167900085
0.938710093 0.003030164 0.344694316 4.973085403 -0.003157166 0.999994993 -0.000192880 -2.723750353 -0.344693154 -0.000907198 0.938715041 100.699310303
0.933766305 0.002548281 0.357874483 5.191122055 -0.002568930 0.999996603 -0.000417719 -2.740695000 -0.357874274 -0.000529303 0.933769643 101.180130005
0.928918302 0.001649206 0.370281100 5.404899597 -0.001554835 0.999998569 -0.000553333 -2.758325577 -0.370281488 -0.000061725 0.928919613 101.652267456
0.924248397 0.000538695 0.381791234 5.664134979 -0.000386212 0.999999821 -0.000476016 -2.781726837 -0.381791383 0.000292505 0.924248457 102.216117859
0.918114364 0.000191131 0.396315485 5.901851654 -0.000049828 0.999999881 -0.000366837 -2.795966387 -0.396315515 0.000317051 0.918114245 102.713943481
0.912455499 0.000707162 0.409175336 6.157287598 -0.000618795 0.999999702 -0.000348356 -2.814450026 -0.409175456 0.000064663 0.912455678 103.240646362
0.907615781 -0.000265707 0.419801831 6.408210754 0.000401149 0.999999940 -0.000234355 -2.831848621 -0.419801742 0.000381107 0.907615781 103.712791443
0.901980460 -0.000661187 0.431776226 6.673572540 0.000720974 0.999999702 0.000025204 -2.850006342 -0.431776136 0.000288566 0.901980758 104.217178345
0.895520151 -0.000711807 0.445020527 6.945869446 0.000565058 0.999999762 0.000462419 -2.884097338 -0.445020735 -0.000162643 0.895520270 104.659667969
0.889139116 -0.000747815 0.457636297 7.211925507 0.000939108 0.999999523 -0.000190508 -2.893814564 -0.457635850 0.000599158 0.889139473 105.184341431
0.883449435 -0.001218227 0.468524933 7.491085052 0.001361945 0.999999046 0.000032051 -2.911846638 -0.468524545 0.000609790 0.883450210 105.655723572
0.875842214 -0.002180768 0.482592523 7.788501740 0.002172170 0.999997497 0.000576643 -2.938175440 -0.482592583 0.000543225 0.875844777 106.159149170
0.868637860 -0.002242024 0.495442450 8.071376801 0.002248106 0.999997258 0.000583777 -2.950266123 -0.495442390 0.000606717 0.868640602 106.619995117
