1.000000000 0.000000000 0.000000000 0.000000000 0.000000000 1.000000000 0.000000000 0.000000000 0.000000000 0.000000000 1.000000000 0.000000000
1.000000000 0.000063239 -0.000009316 -0.000046114 -0.000063239 1.000000000 -0.000006200 -0.000271719 0.000009315 0.000006200 1.000000000 -0.000653035
1.000000000 0.000099030 0.000061283 -0.000369790 -0.000099035 1.000000000 0.000073385 -0.000497499 -0.000061276 -0.000073391 1.000000000 0.000037234
1.000000000 -0.000059995 0.000062155 0.000192215 0.000059996 1.000000000 -0.000018198 0.000571883 -0.000062154 0.000018202 1.000000000 0.000814313
1.000000000 -0.000064964 0.000096967 -0.000321444 0.000064960 1.000000000 0.000040442 -0.000308385 -0.000096970 -0.000040435 1.000000000 -0.000197239
1.000000000 -0.000027396 0.000131174 -0.000566442 0.000027393 1.000000000 0.000028717 0.000083339 -0.000131175 -0.000028713 1.000000000 0.000272486
1.000000000 -0.000081132 0.000105589 -0.000158249 0.000081131 1.000000000 0.000006289 0.000005485 -0.000105589 -0.000006281 1.000000000 0.000072761
1.000000000 -0.000012390 0.000082339 -0.000320952 0.000012382 1.000000000 0.000091176 -0.000684758 -0.000082340 -0.000091175 1.000000000 -0.000594080
1.000000000 0.000016902 0.000027478 -0.000263563 -0.000016900 1.000000000 -0.000063128 0.000076932 -0.000027479 0.000063128 1.000000000 -0.000272895
1.000000000 -0.000019132 0.000103704 -0.000193639 0.000019124 1.000000000 0.000073022 -0.001009447 -0.000103706 -0.000073020 1.000000000 -0.000357756
1.000000000 0.000106411 0.000126755 -0.001135455 -0.000106423 1.000000000 0.000092929 -0.000764317 -0.000126745 -0.000092942 1.000000000 -0.000302584
1.000000000 0.000073489 0.000144433 -0.000700516 -0.000073488 1.000000000 -0.000006613 0.000459900 -0.000144434 0.000006602 1.000000000 0.000295053
1.000000000 0.000098093 0.000062850 -0.000903826 -0.000098090 1.000000000 -0.000053764 -0.000436006 -0.000062855 0.000053757 1.000000000 -0.001267812
1.000000000 0.000078809 0.000066360 -0.000663018 -0.000078809 1.000000000 0.000001065 0.000378370 -0.000066360 -0.000001070 1.000000000 -0.000276796
1.000000000 0.000013633 0.000072165 -0.001002094 -0.000013627 1.000000000 -0.000084497 0.000795636 -0.000072166 0.000084496 1.000000000 0.000268114
1.000000000 0.000060682 0.000012037 0.000055111 -0.000060681 1.000000000 -0.000046613 0.001202438 -0.000012040 0.000046612 1.000000000 0.001455745
1.000000000 0.000060512 0.000117179 -0.000806210 -0.000060502 1.000000000 -0.000088572 0.001628355 -0.000117184 0.000088565 1.000000000 0.001980155
1.000000000 0.000125805 0.000090442 -0.001202746 -0.000125801 1.000000000 -0.000044052 0.000530829 -0.000090447 0.000044041 1.000000000 0.000152647
0.999999940 0.000240002 0.000144116 -0.001580686 -0.000239999 1.000000000 -0.000017928 0.000808485 -0.000144120 0.000017893 1.000000000 0.001207543
1.000000000 0.000151600 0.000136739 -0.001446234 -0.000151594 1.000000000 -0.000045623 0.001150673 -0.000136746 0.000045603 1.000000000 0.001357945
1.000000000 0.000125328 0.000149706 -0.001242880 -0.000125328 1.000000000 0.000003781 0.000148563 -0.000149705 -0.000003799 1.000000000 0.000698392
1.000000000 0.000204448 0.000091564 -0.001533743 -0.000204449 1.000000000 0.000009532 0.000629801 -0.000091562 -0.000009551 1.000000000 0.000811089
1.000000000 0.000176134 0.000039584 -0.000201794 -0.000176135 1.000000000 0.000036193 0.000375188 -0.000039577 -0.000036200 1.000000000 0.001392254
1.000000000 0.000135594 0.000040065 -0.000257143 -0.000135594 1.000000000 0.000002024 0.000465880 -0.000040064 -0.000002029 1.000000000 0.001162165
0.999999940 0.000373999 0.000033312 -0.000717225 -0.000374000 0.999999940 0.000020322 0.001179018 -0.000033304 -0.000020334 1.000000000 0.002331903
0.999999940 0.000353076 0.000094049 -0.000948394 -0.000353079 0.999999940 0.000034952 0.000518950 -0.000094037 -0.000034985 1.000000000 0.000438306
1.000000000 0.000196185 0.000113669 -0.000349494 -0.000196190 1.000000000 0.000040780 0.001642374 -0.000113661 -0.000040803 1.000000000 0.002176169
0.999999940 0.000217087 0.000153907 -0.001160149 -0.000217097 1.000000000 0.000066723 0.000553163 -0.000153892 -0.000066756 1.000000000 0.001364702
1.000000000 0.000153101 0.000062565 -0.000600709 -0.000153099 1.000000000 -0.000023806 0.001529436 -0.000062569 0.000023796 1.000000000 0.001283631
1.000000000 0.000178994 0.000104723 -0.000665496 -0.000178990 1.000000000 -0.000036021 0.001692546 -0.000104729 0.000036002 1.000000000 0.002212747
0.999999940 0.000185806 0.000186301 -0.000959900 -0.000185812 1.000000000 0.000037199 0.000804012 -0.000186294 -0.000037234 1.000000000 0.002007764
1.000000000 0.000144127 0.000150035 -0.000776685 -0.000144127 1.000000000 0.000001750 0.001474620 -0.000150035 -0.000001772 1.000000000 0.002285811
0.999999940 0.000242947 0.000066916 -0.000472756 -0.000242940 0.999999940 -0.000095361 0.002037429 -0.000066939 0.000095345 1.000000000 0.001759933
1.000000000 0.000172802 0.000115437 -0.001054880 -0.000172801 1.000000000 -0.000008140 0.000930377 -0.000115439 0.000008120 1.000000000 0.001165097
1.000000000 0.000178581 0.000130107 -0.001509941 -0.000178570 1.000000000 -0.000087853 0.000671615 -0.000130123 0.000087830 1.000000000 0.000940258
0.999999940 0.000230946 0.000154170 -0.001043951 -0.000230940 1.000000000 -0.000039484 0.001228595 -0.000154179 0.000039448 1.000000000 0.001650454
1.000000000 0.000186885 0.000107061 -0.000590074 -0.000186889 1.000000000 0.000032694 0.000927874 -0.000107055 -0.000032714 1.000000000 0.001107427
1.000000000 0.000235640 0.000056700 -0.000576128 -0.000235641 1.000000000 0.000021956 0.001540382 -0.000056695 -0.000021969 1.000000000 0.002001464
0.999999940 0.000251701 0.000106890 -0.000294221 -0.000251703 0.999999940 0.000015785 0.000976846 -0.000106886 -0.000015812 1.000000000 0.001053111
0.999999940 0.000229422 0.000093349 -0.000657554 -0.000229419 1.000000000 -0.000032286 0.002490716 -0.000093356 0.000032265 1.000000000 0.002240327
1.000000000 0.000086727 0.000047327 0.000601843 -0.000086724 1.000000000 -0.000053838 0.000656417 -0.000047332 0.000053834 1.000000000 0.003053067
0.999999881 0.000454624 0.000247282 -0.000366662 -0.000454478 0.999999702 -0.000588408 -0.001854664 -0.000247549 0.000588295 0.999999821 0.051372856
0.999999762 0.000588444 -0.000021713 0.001275600 -0.000588468 0.999999166 -0.001112489 -0.003778493 0.000021058 0.001112502 0.999999404 0.139655530
0.999999821 0.000516598 -0.000147972 0.004324460 -0.000516803 0.999998868 -0.001389310 -0.007166923 0.000147254 0.001389386 0.999999106 0.253705919
0.999999642 0.000817187 -0.000062356 0.006659292 -0.000817259 0.999998987 -0.001161335 -0.011331221 0.000061407 0.001161385 0.999999344 0.386080861
0.999999881 0.000525941 -0.000026370 0.007104870 -0.000525969 0.999999344 -0.001085588 -0.014642084 0.000025799 0.001085602 0.999999464 0.532318950
1.000000000 -0.000055836 0.000170423 0.012960873 0.000055919 0.999999881 -0.000483681 -0.026661173 -0.000170396 0.000483690 0.999999881 0.671040952
0.999999940 -0.000106336 0.000362968 0.017280996 0.000106390 1.000000000 -0.000149319 -0.031066487 -0.000362952 0.000149357 0.999999940 0.835273206
0.999999940 0.000035258 0.000227455 0.017044362 -0.000035245 0.999999940 -0.000052967 -0.037486054 -0.000227457 0.000052959 1.000000000 1.002396941
0.999999940 0.000175901 0.000256594 0.018842902 -0.000175851 0.999999940 -0.000195805 -0.040262472 -0.000256628 0.000195760 1.000000000 1.180665970
0.999999940 0.000070433 0.000266193 0.025772521 -0.000070522 0.999999940 0.000333088 -0.047599647 -0.000266170 -0.000333107 0.999999881 1.371736288
0.999999762 0.000569540 0.000301494 0.027789945 -0.000569603 0.999999821 0.000207199 -0.049988784 -0.000301376 -0.000207371 0.999999940 1.562941074
0.999999940 0.000150100 0.000314008 0.034023985 -0.000150190 0.999999940 0.000284073 -0.054900356 -0.000313965 -0.000284120 0.999999821 1.768240094
0.999999881 0.000014232 0.000510305 0.034149982 -0.000014590 0.999999762 0.000700784 -0.066594854 -0.000510295 -0.000700791 0.999999583 1.965214014
0.999999821 -0.000497431 0.000298757 0.039979324 0.000497292 0.999999821 0.000465305 -0.070858508 -0.000298989 -0.000465157 0.999999881 2.176333427
0.999999821 -0.000267197 0.000475968 0.045034070 0.000266789 0.999999583 0.000857622 -0.078782856 -0.000476197 -0.000857495 0.999999464 2.401852846
0.999999940 -0.000155373 0.000342071 0.051854108 0.000155086 0.999999583 0.000841073 -0.086218432 -0.000342201 -0.000841020 0.999999583 2.626024246
0.999999821 -0.000171828 0.000518211 0.054998707 0.000171349 0.999999583 0.000923097 -0.094154507 -0.000518369 -0.000923008 0.999999404 2.855072260
0.999999762 -0.000446904 0.000568986 0.061843518 0.000446332 0.999999404 0.001005627 -0.098931812 -0.000569435 -0.001005372 0.999999344 3.096999407
0.999999881 -0.000177148 0.000501588 0.067692816 0.000176495 0.999999106 0.001302118 -0.109704927 -0.000501819 -0.001302029 0.999999106 3.336094856
0.999999642 -0.000290905 0.000819492 0.071283393 0.000289844 0.999999046 0.001294269 -0.115326092 -0.000819868 -0.001294030 0.999998748 3.587325335
0.999999523 -0.000395451 0.000867486 0.076736331 0.000394211 0.999998868 0.001429820 -0.122539438 -0.000868050 -0.001429478 0.999998569 3.841787815
0.999999702 -0.000026889 0.000884601 0.079396434 0.000025861 0.999999344 0.001162366 -0.125881031 -0.000884632 -0.001162342 0.999998927 4.103040218
0.999999225 -0.000001314 0.001253169 0.083589695 -0.000000327 0.999999166 0.001309182 -0.130186751 -0.001253169 -0.001309182 0.999998391 4.361275196
0.999999464 -0.000167643 0.000983368 0.089766569 0.000166759 0.999999642 0.000899265 -0.136627331 -0.000983518 -0.000899101 0.999999106 4.622727871
0.999999225 0.000407444 0.001148311 0.090668395 -0.000408753 0.999999285 0.001139782 -0.141877919 -0.001147845 -0.001140250 0.999998629 4.876590252
0.999999464 0.000459296 0.000961237 0.097502738 -0.000460659 0.999998987 0.001418200 -0.150193572 -0.000960584 -0.001418642 0.999998510 5.137208462
0.999998868 0.000693842 0.001325071 0.099191099 -0.000695131 0.999999225 0.000972681 -0.154611856 -0.001324395 -0.000973601 0.999998629 5.403758526
0.999998748 0.000448559 0.001457197 0.102003120 -0.000450197 0.999999404 0.001123899 -0.160880253 -0.001456692 -0.001124554 0.999998331 5.674517155
0.999998927 0.000478988 0.001393856 0.106820315 -0.000480500 0.999999285 0.001084743 -0.168500066 -0.001393336 -0.001085411 0.999998450 5.941518307
0.999998748 0.000449689 0.001503077 0.111389823 -0.000451233 0.999999344 0.001026928 -0.177153140 -0.001502614 -0.001027605 0.999998331 6.222040176
0.999999046 0.000569151 0.001248165 0.120181330 -0.000570302 0.999999404 0.000921552 -0.180755869 -0.001247640 -0.000922263 0.999998748 6.511580467
0.999998391 0.000737291 0.001624830 0.124320410 -0.000738904 0.999999225 0.000992188 -0.188908786 -0.001624097 -0.000993387 0.999998212 6.799458027
0.999997854 0.001036324 0.001783893 0.130247816 -0.001037545 0.999999166 0.000684044 -0.193441316 -0.001783182 -0.000685893 0.999998212 7.101618290
0.999998868 0.000344117 0.001539262 0.140559822 -0.000346086 0.999999106 0.001279468 -0.208894625 -0.001538820 -0.001279999 0.999997914 7.392341614
0.999998450 0.000446452 0.001704142 0.144586891 -0.000448904 0.999998868 0.001439219 -0.219744161 -0.001703497 -0.001439981 0.999997497 7.698796272
0.999997973 0.000575553 0.001891555 0.150057897 -0.000578043 0.999998987 0.001315896 -0.227651134 -0.001890796 -0.001316987 0.999997258 8.013111115
0.999996066 0.001218290 0.002519852 0.149303749 -0.001221665 0.999998331 0.001338483 -0.234953031 -0.002518217 -0.001341556 0.999995887 8.338401794
0.999997497 0.000585058 0.002186989 0.161091059 -0.000588107 0.999998868 0.001393768 -0.246806264 -0.002186171 -0.001395051 0.999996603 8.658093452
0.999996424 0.001107699 0.002445601 0.165246055 -0.001110651 0.999998748 0.001206163 -0.250533491 -0.002444262 -0.001208875 0.999996305 8.994499207
0.999995291 0.001612330 0.002614993 0.171177149 -0.001614958 0.999998212 0.001003386 -0.262192786 -0.002613371 -0.001007605 0.999996066 9.334568977
0.999994695 0.002010902 0.002568642 0.178220421 -0.002014161 0.999997199 0.001266711 -0.280200243 -0.002566088 -0.001271878 0.999995887 9.657177925
0.999994218 0.001848945 0.002862049 0.182517171 -0.001853522 0.999997020 0.001597242 -0.289831549 -0.002859088 -0.001602538 0.999994636 10.006355286
0.999995351 0.001621305 0.002580452 0.192176223 -0.001625054 0.999997616 0.001451733 -0.299736738 -0.002578092 -0.001455920 0.999995589 10.369986534
0.999995947 0.001414570 0.002488438 0.203223735 -0.001417544 0.999998271 0.001193785 -0.308415085 -0.002486746 -0.001197308 0.999996126 10.732445717
0.999996781 0.001361972 0.002122029 0.216007471 -0.001365676 0.999997556 0.001744920 -0.319917291 -0.002119646 -0.001747812 0.999996185 11.080673218
0.999997258 0.001003677 0.002101463 0.227897733 -0.001007999 0.999997437 0.002056692 -0.331296355 -0.002099393 -0.002058805 0.999995708 11.452996254
0.999995708 0.001773875 0.002314371 0.233398706 -0.001777810 0.999996901 0.001698831 -0.340187371 -0.002311350 -0.001702939 0.999995887 11.852756500
0.999995649 0.001858930 0.002349734 0.239990801 -0.001863227 0.999996603 0.001827699 -0.353534579 -0.002346330 -0.001832069 0.999995589 12.232619286
0.999996841 0.001359382 0.002136038 0.255100578 -0.001364485 0.999996245 0.002389141 -0.371414840 -0.002132782 -0.002392048 0.999994814 12.610428810
0.999995232 0.001839793 0.002461334 0.257225156 -0.001845276 0.999995828 0.002227110 -0.375993669 -0.002457225 -0.002231641 0.999994516 13.021733284
0.999996126 0.001726750 0.002222444 0.273851484 -0.001731145 0.999996603 0.001977503 -0.388536960 -0.002219022 -0.001981342 0.999995589 13.408429146
0.999995470 0.001444774 0.002635725 0.279185236 -0.001450889 0.999996185 0.002319554 -0.400836259 -0.002632364 -0.002323367 0.999993861 13.829443932
0.999994993 0.001589418 0.002701133 0.288162202 -0.001596312 0.999995410 0.002551934 -0.412696600 -0.002697065 -0.002556233 0.999993086 14.241914749
0.999991715 0.002186740 0.003438110 0.287867904 -0.002194962 0.999994755 0.002389367 -0.423687726 -0.003432867 -0.002396894 0.999991238 14.668906212
0.999990761 0.002421667 0.003537165 0.291507810 -0.002429885 0.999994338 0.002320763 -0.432647288 -0.003531526 -0.002329337 0.999991000 15.099908829
0.999988258 0.002873216 0.003902213 0.304522038 -0.002883464 0.999992430 0.002623311 -0.452269495 -0.003894645 -0.002634533 0.999988914 15.536728859
0.999987841 0.002349321 0.004330415 0.311747968 -0.002360607 0.999993801 0.002603090 -0.461224556 -0.004324272 -0.002613280 0.999987245 15.987380028
0.999985695 0.002401394 0.004776833 0.319220483 -0.002413417 0.999993920 0.002513047 -0.472190917 -0.004770769 -0.002524539 0.999985456 16.429391861
0.999984086 0.002559114 0.005023613 0.329633623 -0.002572309 0.999993265 0.002621853 -0.485908598 -0.005016870 -0.002634734 0.999983907 16.874505997
0.999983788 0.002549523 0.005099377 0.342119068 -0.002560511 0.999994397 0.002149449 -0.491786808 -0.005093867 -0.002162470 0.999984682 17.337648392
0.999981165 0.002751907 0.005487706 0.350946397 -0.002766144 0.999992788 0.002588483 -0.509008229 -0.005480543 -0.002603614 0.999981582 17.799757004
0.999977052 0.002875525 0.006123788 0.361542910 -0.002890389 0.999992847 0.002419881 -0.522333801 -0.006116786 -0.002437526 0.999978364 18.261142731
0.999978602 0.002640045 0.005987297 0.377834737 -0.002656263 0.999992788 0.002702325 -0.534506917 -0.005980119 -0.002718171 0.999978423 18.714380264
0.999979854 0.002648652 0.005769792 0.394449234 -0.002662968 0.999993384 0.002475050 -0.547295749 -0.005763199 -0.002490365 0.999980271 19.222303391
0.999977887 0.002666225 0.006091080 0.406050414 -0.002683362 0.999992430 0.002806808 -0.563227534 -0.006083551 -0.002823091 0.999977529 19.700069427
0.999977648 0.003033576 0.005961900 0.413163424 -0.003053056 0.999990046 0.003261146 -0.576507151 -0.005951948 -0.003279275 0.999976933 20.202007294
0.999973536 0.002995271 0.006622556 0.429206789 -0.003016516 0.999990344 0.003200243 -0.594654799 -0.006612907 -0.003220135 0.999972939 20.640676498
0.999977648 0.002966057 0.005987779 0.444068879 -0.002983968 0.999991179 0.002984572 -0.606897712 -0.005978874 -0.003002373 0.999977648 21.131202698
0.999981582 0.002599663 0.005485478 0.460616738 -0.002618410 0.999990761 0.003413024 -0.620460391 -0.005476554 -0.003427324 0.999979138 21.659746170
0.999984443 0.002550458 0.004948750 0.470104218 -0.002565919 0.999991834 0.003120483 -0.631346047 -0.004940751 -0.003133133 0.999982893 22.164651871
0.999984562 0.002691798 0.004849077 0.486465514 -0.002706734 0.999991596 0.003076253 -0.640720367 -0.004840756 -0.003089331 0.999983430 22.689519882
0.999986112 0.003029208 0.004304712 0.499720335 -0.003042964 0.999990284 0.003192540 -0.659537196 -0.004295000 -0.003205596 0.999985576 23.211641312
0.999983966 0.003248797 0.004668584 0.497002900 -0.003263160 0.999989986 0.003071962 -0.676732719 -0.004658557 -0.003087147 0.999984384 23.737764359
0.999991119 0.001735732 0.003871300 0.514194667 -0.001745190 0.999995530 0.002440778 -0.690465987 -0.003867046 -0.002447512 0.999989569 24.269828796
0.999989212 0.002798902 0.003714036 0.520519316 -0.002810013 0.999991536 0.002989941 -0.700623870 -0.003705636 -0.003000345 0.999988556 24.789709091
0.999990582 0.003274209 0.002838599 0.535726309 -0.003282974 0.999989867 0.003088605 -0.711944282 -0.002828457 -0.003097895 0.999991179 25.333030701
0.999990940 0.003611459 0.002242906 0.542471826 -0.003618110 0.999989033 0.002968792 -0.721843779 -0.002232160 -0.002976880 0.999993026 25.879850388
0.999992013 0.003542769 0.001839017 0.554085612 -0.003548143 0.999989390 0.002926505 -0.738114297 -0.001828630 -0.002933007 0.999994040 26.433885574
0.999996006 0.002603404 0.001118513 0.570510268 -0.002607064 0.999991238 0.003282548 -0.745839357 -0.001109958 -0.003285450 0.999994040 26.996980667
0.999994993 0.002982654 0.001049081 0.579180002 -0.002986431 0.999988914 0.003616900 -0.774160445 -0.001038281 -0.003620014 0.999992907 27.541788101
0.999992847 0.003520234 0.001387255 0.585808396 -0.003524862 0.999988079 0.003348208 -0.787932992 -0.001375452 -0.003353074 0.999993384 28.095796585
0.999991775 0.003941241 0.000961425 0.595334351 -0.003944570 0.999986172 0.003484138 -0.802255690 -0.000947680 -0.003487902 0.999993443 28.631881714
0.999991775 0.004019374 0.000547773 0.610870361 -0.004021301 0.999985516 0.003561138 -0.816922665 -0.000533452 -0.003563312 0.999993503 29.178188324
0.999993742 0.003542043 0.000035193 0.624138057 -0.003542140 0.999988258 0.003291314 -0.828249216 -0.000023535 -0.003291418 0.999994576 29.729766846
0.999993205 0.003656480 -0.000486035 0.632223189 -0.003654802 0.999987483 0.003408412 -0.841910839 0.000498493 -0.003406612 0.999994099 30.281196594
0.999990761 0.004149223 -0.001040041 0.645629406 -0.004145954 0.999986470 0.003126302 -0.849805057 0.001052999 -0.003121961 0.999994695 30.845148087
0.999991953 0.004012530 -0.000199255 0.654714942 -0.004011827 0.999986112 0.003417057 -0.870764732 0.000212963 -0.003416229 0.999994159 31.367002487
0.999991238 0.004144681 -0.000481200 0.659909844 -0.004143126 0.999986291 0.003188783 -0.882247567 0.000494410 -0.003186760 0.999994814 31.930019379
0.999989271 0.004576005 -0.000707650 0.669711292 -0.004574002 0.999985576 0.002805288 -0.893864930 0.000720476 -0.002802022 0.999995828 32.488365173
0.999988377 0.004719953 -0.000993283 0.681385040 -0.004716777 0.999983847 0.003175969 -0.908614397 0.001008258 -0.003171247 0.999994457 33.021656036
0.999989212 0.004089409 -0.002179673 0.706860185 -0.004083479 0.999988019 0.002717776 -0.908989906 0.002190761 -0.002708846 0.999993920 33.560150146
0.999988914 0.004473155 -0.001459791 0.703723013 -0.004468423 0.999984801 0.003229192 -0.930580378 0.001474213 -0.003222634 0.999993682 34.097106934
0.999986112 0.004930024 -0.001885359 0.713414073 -0.004923875 0.999982655 0.003251687 -0.942354441 0.001901357 -0.003242359 0.999992907 34.640270233
0.999989748 0.004031331 -0.002058599 0.727108896 -0.004025082 0.999987304 0.003030852 -0.958145976 0.002070793 -0.003022535 0.999993265 35.165855408
0.999987900 0.004149562 -0.002647619 0.739244342 -0.004139588 0.999984324 0.003761778 -0.970750749 0.002663186 -0.003750773 0.999989331 35.673286438
0.999984503 0.004759009 -0.002909074 0.747904599 -0.004748805 0.999982595 0.003504687 -0.985107005 0.002925703 -0.003490818 0.999989629 36.215755463
0.999987960 0.004336812 -0.002305900 0.745233893 -0.004328145 0.999983609 0.003750284 -0.995749474 0.002322126 -0.003740259 0.999990225 36.743396759
0.999985158 0.004288503 -0.003336126 0.770594001 -0.004276372 0.999984264 0.003634985 -1.007793903 0.003351663 -0.003620665 0.999987781 37.349300385
0.999986172 0.004592501 -0.002571084 0.756044686 -0.004583462 0.999983311 0.003510593 -1.013650656 0.002587165 -0.003498760 0.999990523 37.821689606
0.999985635 0.004267332 -0.003243168 0.767920434 -0.004254099 0.999982655 0.004076173 -1.028393865 0.003260506 -0.004062317 0.999986470 38.369785309
0.999986053 0.004348466 -0.002989841 0.776474953 -0.004337312 0.999983609 0.003727438 -1.037277460 0.003006001 -0.003714419 0.999988556 38.918972015
0.999984682 0.004674888 -0.002962523 0.785113394 -0.004664821 0.999983370 0.003396038 -1.043073654 0.002978350 -0.003382166 0.999989867 39.420379639
0.999982357 0.005258489 -0.002734159 0.792029679 -0.005249274 0.999980628 0.003366333 -1.056944370 0.002751808 -0.003351921 0.999990582 39.974967957
0.999983490 0.004875397 -0.003025420 0.803096116 -0.004865277 0.999982595 0.003343116 -1.067606330 0.003041666 -0.003328342 0.999989808 40.512702942
0.999982655 0.004980800 -0.003130312 0.807170331 -0.004971497 0.999983251 0.002972583 -1.078451991 0.003145064 -0.002956969 0.999990642 41.061725616
0.999981880 0.005519435 -0.002412340 0.798462033 -0.005512075 0.999980152 0.003046619 -1.089279532 0.002429108 -0.003033266 0.999992430 41.581657410
0.999981046 0.005725530 -0.002296908 0.805486619 -0.005718838 0.999979436 0.002909579 -1.102687836 0.002313519 -0.002896388 0.999993145 42.130970001
0.999981165 0.005099635 -0.003421732 0.824746072 -0.005088755 0.999981999 0.003180659 -1.124419689 0.003437890 -0.003163186 0.999989033 42.655239105
0.999977350 0.005527286 -0.003855392 0.842618823 -0.005514557 0.999979317 0.003304078 -1.139583826 0.003873574 -0.003282742 0.999987066 43.204357147
0.999977291 0.006117562 -0.002825367 0.830974102 -0.006108924 0.999976695 0.003055512 -1.143690944 0.002843993 -0.003038183 0.999991357 43.731033325
0.999976814 0.006243641 -0.002691630 0.836066127 -0.006233936 0.999974132 0.003598383 -1.159620285 0.002714027 -0.003581521 0.999989986 44.263252258
0.999979436 0.005968841 -0.002307999 0.834240139 -0.005962130 0.999978006 0.002904231 -1.162463307 0.002325284 -0.002890411 0.999993086 44.820846558
0.999978125 0.006267814 -0.002111142 0.839742184 -0.006261780 0.999976337 0.002852129 -1.177688122 0.002128968 -0.002838847 0.999993622 45.373443604
0.999977350 0.006437275 -0.001956255 0.845519602 -0.006432217 0.999975979 0.002581019 -1.186475992 0.001972823 -0.002568377 0.999994695 45.921051025
0.999977648 0.006272790 -0.002326879 0.859602749 -0.006265866 0.999975920 0.002970790 -1.210122824 0.002345458 -0.002956144 0.999992907 46.449012756
0.999978781 0.005984411 -0.002614168 0.873628020 -0.005974908 0.999975562 0.003627927 -1.222029448 0.002635815 -0.003612230 0.999989986 47.000770569
0.999977529 0.005733113 -0.003489177 0.897855341 -0.005722904 0.999979317 0.002928740 -1.227430582 0.003505896 -0.002908706 0.999989688 47.586143494
0.999981403 0.005729123 -0.002091400 0.885031641 -0.005722089 0.999978006 0.003353946 -1.252088308 0.002110570 -0.003341916 0.999992192 48.046131134
0.999980748 0.005834600 -0.002103519 0.894662201 -0.005827180 0.999976814 0.003516859 -1.264109731 0.002123990 -0.003504534 0.999991596 48.559734344
0.999978244 0.006305237 -0.001935087 0.907521188 -0.006299197 0.999975324 0.003112407 -1.271909356 0.001954664 -0.003100150 0.999993324 49.116554260
0.999976516 0.006647284 -0.001660420 0.903482139 -0.006642292 0.999973476 0.002994482 -1.282399654 0.001680281 -0.002983383 0.999994159 49.638366699
0.999977946 0.006405516 -0.001821104 0.908063710 -0.006399423 0.999973953 0.003330680 -1.298973203 0.001842392 -0.003318952 0.999992788 50.170894623
0.999978423 0.006318421 -0.001848090 0.918414891 -0.006313343 0.999976337 0.002740210 -1.306069851 0.001865361 -0.002728483 0.999994516 50.703266144
0.999979317 0.006149473 -0.001862886 0.931722164 -0.006143756 0.999976397 0.003058725 -1.326003313 0.001881653 -0.003047216 0.999993503 51.248458862
0.999976277 0.006616135 -0.001924076 0.935301602 -0.006609671 0.999972522 0.003345993 -1.337934136 0.001946160 -0.003333196 0.999992549 51.781436920
0.999973536 0.007061011 -0.001709722 0.945329607 -0.007055646 0.999970257 0.003124259 -1.354825974 0.001731732 -0.003112113 0.999993682 52.320178986
0.999978781 0.006212168 -0.001975362 0.957757473 -0.006206266 0.999976277 0.002980127 -1.363357067 0.001993828 -0.002967804 0.999993622 52.866683960
0.999978840 0.006234633 -0.001866899 0.964105964 -0.006229070 0.999976158 0.002971215 -1.378608704 0.001885379 -0.002959524 0.999993801 53.408115387
0.999975741 0.006799839 -0.001489310 0.970641136 -0.006796276 0.999974072 0.002384142 -1.389651537 0.001505483 -0.002373963 0.999996066 53.961219788
0.999974370 0.006971135 -0.001585977 0.977120042 -0.006967103 0.999972522 0.002533967 -1.402829766 0.001603598 -0.002522853 0.999995530 54.500469208
0.999974489 0.006934707 -0.001688953 0.987052143 -0.006930696 0.999973178 0.002369259 -1.414712787 0.001705338 -0.002357494 0.999995708 55.051490784
0.999978304 0.006366853 -0.001683339 1.001884222 -0.006362484 0.999976337 0.002586728 -1.429716229 0.001699768 -0.002575962 0.999995232 55.583488464
0.999979496 0.006118024 -0.001843798 1.005599141 -0.006113113 0.999977708 0.002657921 -1.444673419 0.001860019 -0.002646595 0.999994755 56.128154755
0.999978125 0.006338628 -0.001892101 1.015283346 -0.006334225 0.999977171 0.002323425 -1.458577156 0.001906785 -0.002311389 0.999995530 56.677700043
0.999977887 0.006435127 -0.001668192 1.018197060 -0.006431515 0.999976993 0.002160420 -1.467000008 0.001682056 -0.002149643 0.999996305 57.220493317
0.999977767 0.006361373 -0.001970889 1.028342485 -0.006356650 0.999976933 0.002393839 -1.485165358 0.001986071 -0.002381257 0.999995232 57.766326904
0.999976039 0.006856053 -0.000894957 1.022148848 -0.006854102 0.999974132 0.002165607 -1.498425364 0.000909781 -0.002159421 0.999997258 58.277065277
0.999981105 0.005895189 -0.001773112 1.038029075 -0.005890464 0.999979138 0.002658248 -1.512264132 0.001788745 -0.002647752 0.999994934 58.825954437
0.999979615 0.006307512 -0.000995460 1.037178397 -0.006305479 0.999978065 0.002031915 -1.534566760 0.001008254 -0.002025596 0.999997437 59.332710266
0.999981821 0.005849393 -0.001439817 1.051943779 -0.005847052 0.999981523 0.001624550 -1.546376348 0.001449294 -0.001616101 0.999997616 59.884239197
0.999980450 0.006014919 -0.001731806 1.061251760 -0.006012294 0.999980748 0.001517086 -1.555513620 0.001740898 -0.001506645 0.999997318 60.437397003
0.999975979 0.006884246 -0.000746663 1.062471271 -0.006882938 0.999974728 0.001739273 -1.573399782 0.000758617 -0.001734092 0.999998212 60.955276489
0.999981105 0.006085931 -0.000805412 1.078721523 -0.006083874 0.999978244 0.002532147 -1.591604233 0.000820805 -0.002527199 0.999996424 61.505561829
0.999979436 0.006354070 -0.000828034 1.080320239 -0.006352870 0.999978781 0.001445072 -1.601800799 0.000837200 -0.001439782 0.999998629 62.033843994
0.999976814 0.006819239 0.000039426 1.092067242 -0.006819281 0.999976039 0.001200014 -1.611517429 -0.000031242 -0.001200255 0.999999285 62.610942841
0.999978483 0.006548814 -0.000366972 1.097116470 -0.006548321 0.999977648 0.001332242 -1.623459935 0.000375687 -0.001329810 0.999999046 63.116256714
0.999975085 0.007062938 0.000124761 1.106117010 -0.007063109 0.999974072 0.001425218 -1.641760349 -0.000114692 -0.001426064 0.999998927 63.668514252
0.999978542 0.006548810 -0.000190953 1.117352843 -0.006548598 0.999977887 0.001091431 -1.656272888 0.000198095 -0.001090157 0.999999404 64.183212280
0.999976397 0.006862238 -0.000147471 1.124988794 -0.006862123 0.999976158 0.000759592 -1.667047024 0.000152681 -0.000758562 0.999999702 64.715194702
0.999973059 0.007338311 0.000157317 1.136755347 -0.007338423 0.999972761 0.000736039 -1.683024526 -0.000151910 -0.000737174 0.999999702 65.248626709
0.999974549 0.007130295 0.000217167 1.142454505 -0.007130499 0.999974072 0.000944384 -1.698238134 -0.000210427 -0.000945908 0.999999523 65.778099060
0.999971151 0.007588987 0.000364195 1.147514701 -0.007589262 0.999971032 0.000766213 -1.710004449 -0.000358371 -0.000768955 0.999999583 66.317176819
0.999967873 0.008007906 0.000518657 1.160168290 -0.008007973 0.999967992 0.000126680 -1.722669959 -0.000517627 -0.000130829 0.999999821 66.875404358
0.999971867 0.007496084 0.000287003 1.174692988 -0.007496304 0.999971628 0.000775048 -1.746502399 -0.000281184 -0.000777178 0.999999642 67.385978699
0.999976516 0.006815508 -0.000611408 1.221395254 -0.006815131 0.999976575 0.000616492 -1.748393059 0.000615595 -0.000612311 0.999999642 67.960311890
0.999970794 0.007620475 0.000428915 1.192013264 -0.007620716 0.999970794 0.000559962 -1.774588823 -0.000424636 -0.000563214 0.999999762 68.454177856
0.999973297 0.007297262 0.000437515 1.197429299 -0.007297672 0.999972939 0.000943383 -1.793429375 -0.000430620 -0.000946551 0.999999404 68.968757629
0.999970376 0.007668730 0.000542305 1.211262822 -0.007669008 0.999970376 0.000510263 -1.809524894 -0.000538376 -0.000514407 0.999999642 69.504425049
0.999967635 0.008007701 0.000769090 1.216914415 -0.008008086 0.999967694 0.000497433 -1.824112415 -0.000765082 -0.000503576 0.999999523 70.065269470
0.999974608 0.007115281 0.000446079 1.227127671 -0.007115579 0.999974430 0.000672502 -1.835536957 -0.000441281 -0.000675659 0.999999702 70.575386047
0.999975502 0.006986818 0.000271384 1.236672997 -0.006986874 0.999975562 0.000202006 -1.848104358 -0.000269966 -0.000203897 0.999999940 71.103385925
0.999979258 0.006427200 0.000290576 1.248981953 -0.006427405 0.999979019 0.000710889 -1.865613699 -0.000286002 -0.000712742 0.999999702 71.628814697
0.999974549 0.007106128 0.000498664 1.253643751 -0.007106370 0.999974608 0.000482654 -1.882479072 -0.000495222 -0.000486185 0.999999762 72.154525757
0.999976873 0.006782449 0.000511670 1.265941501 -0.006782738 0.999976754 0.000566300 -1.895673394 -0.000507817 -0.000569758 0.999999702 72.683044434
0.999972880 0.007339138 0.000605805 1.272302747 -0.007339616 0.999972761 0.000791713 -1.908675671 -0.000599979 -0.000796138 0.999999464 73.223648071
0.999975085 0.007027447 0.000658764 1.285335183 -0.007027849 0.999975145 0.000609699 -1.923518658 -0.000654463 -0.000614314 0.999999583 73.755027771
0.999972582 0.007337394 0.000917646 1.296877146 -0.007337999 0.999972880 0.000656147 -1.931799173 -0.000912807 -0.000662863 0.999999404 74.305313110
0.999975145 0.006997876 0.000856120 1.305064678 -0.006998125 0.999975443 0.000289635 -1.944892764 -0.000854073 -0.000295619 0.999999523 74.818908691
0.999977946 0.006610210 0.000648460 1.318572998 -0.006610386 0.999978125 0.000271947 -1.961739659 -0.000646649 -0.000276228 0.999999762 75.354316711
0.999975622 0.006982266 0.000536197 1.326964498 -0.006982282 0.999975622 0.000025537 -1.974474430 -0.000536006 -0.000029280 0.999999881 75.877235413
0.999974430 0.007143705 0.000314877 1.343042850 -0.007143619 0.999974430 -0.000274653 -1.988947272 -0.000316832 0.000272396 0.999999940 76.423675537
0.999974310 0.007164069 -0.000415865 1.354877949 -0.007164252 0.999974191 -0.000438714 -2.002627373 0.000412711 0.000441682 0.999999821 76.971977234
0.999975502 0.006993778 0.000214290 1.367225409 -0.006993787 0.999975562 0.000030729 -2.019352913 -0.000214069 -0.000032227 1.000000000 77.475234985
0.999975443 0.006956249 0.000757322 1.376427174 -0.006956025 0.999975681 -0.000297896 -2.026853561 -0.000759375 0.000292621 0.999999642 78.003425598
0.999973238 0.007242787 0.000991558 1.383258581 -0.007242503 0.999973834 -0.000285890 -2.039664745 -0.000993602 0.000278700 0.999999464 78.531532288
0.999972939 0.007305832 0.000852986 1.400687456 -0.007305413 0.999973178 -0.000494344 -2.049038410 -0.000856575 0.000488099 0.999999523 79.067253113
0.999965370 0.008226975 0.001258764 1.410779953 -0.008226022 0.999965906 -0.000760888 -2.068672180 -0.001264981 0.000750507 0.999998927 79.602745056
0.999969959 0.007430486 0.002215394 1.419377923 -0.007429766 0.999972284 -0.000333175 -2.084273100 -0.002217808 0.000316705 0.999997497 80.122848511
0.999969125 0.007108002 0.003332739 1.449709892 -0.007105590 0.999974430 -0.000735610 -2.093220234 -0.003337882 0.000711906 0.999994218 80.753585815
0.999965787 0.007058495 0.004314700 1.449149728 -0.007057513 0.999975085 -0.000242867 -2.123386860 -0.004316307 0.000212408 0.999990642 81.168647766
0.999956548 0.007204282 0.005913205 1.454325676 -0.007203101 0.999973953 -0.000220950 -2.137921810 -0.005914644 0.000178347 0.999982417 81.703399658
0.999924362 0.007859840 0.009456238 1.470327377 -0.007860201 0.999969125 0.000001006 -2.154697180 -0.009455938 -0.000075334 0.999955237 82.265113831
0.999891639 0.007597227 0.012609106 1.495934367 -0.007592715 0.999971092 -0.000405643 -2.154788256 -0.012611823 0.000309862 0.999920428 82.794281006
0.999850333 0.007036573 0.015805414 1.517132878 -0.007024140 0.999974966 -0.000842083 -2.162101984 -0.015810946 0.000730938 0.999874651 83.340431213
0.999776244 0.007536800 0.019762365 1.544006586 -0.007527122 0.999971509 -0.000564028 -2.185037136 -0.019766053 0.000415148 0.999804556 83.881797791
0.999637723 0.007552035 0.025839034 1.572407484 -0.007536482 0.999971330 -0.000699338 -2.198201656 -0.025843576 0.000504349 0.999665856 84.415458679
0.999466240 0.007449554 0.031808518 1.601761937 -0.007418610 0.999971807 -0.001090699 -2.209577322 -0.031815749 0.000854142 0.999493361 84.956832886
0.999258637 0.007590315 0.037742056 1.635556698 -0.007562820 0.999971032 -0.000871202 -2.227585316 -0.037747569 0.000585119 0.999287248 85.498298645
0.998924315 0.007238173 0.045802101 1.680701256 -0.007199759 0.999973536 -0.001003587 -2.239259005 -0.045808148 0.000672744 0.998950005 86.051002502
0.998509407 0.007064855 0.054120384 1.724353075 -0.006984501 0.999974191 -0.001673694 -2.251147509 -0.054130815 0.001293195 0.998532951 86.609207153
0.998086214 0.006775730 0.061465066 1.776545763 -0.006677360 0.999976099 -0.001805661 -2.267373562 -0.061475832 0.001391781 0.998107553 87.153678894
0.997504175 0.006656922 0.070292830 1.819388866 -0.006583386 0.999977648 -0.001277745 -2.287889719 -0.070299774 0.000811792 0.997525573 87.681556702
0.996754110 0.006435804 0.080248311 1.883739948 -0.006321482 0.999978662 -0.001678573 -2.303923368 -0.080257416 0.001165836 0.996773422 88.206375122
0.996032178 0.005729010 0.088809490 1.956867695 -0.005618996 0.999983132 -0.001488731 -2.318984032 -0.088816524 0.000983803 0.996047497 88.732139587
0.995221555 0.006697573 0.097412676 2.025646210 -0.006555958 0.999976933 -0.001773777 -2.320324421 -0.097422309 0.001126667 0.995242417 89.340255737
0.994313657 0.005094716 0.106368624 2.099236012 -0.004933654 0.999986172 -0.001777282 -2.350157261 -0.106376223 0.001242390 0.994325161 89.828666687
0.993166387 0.004781637 0.116609052 2.187062263 -0.004633987 0.999988079 -0.001537264 -2.364269733 -0.116615012 0.000986394 0.993176699 90.373359680
0.992038906 0.004815989 0.125838920 2.274918556 -0.004612856 0.999987662 -0.001905587 -2.379035711 -0.125846535 0.001309939 0.992048800 90.921287537
0.990438282 0.005033435 0.137863979 2.364801407 -0.004871984 0.999987066 -0.001508508 -2.397936583 -0.137869775 0.000822412 0.990449965 91.455917358
0.988687336 0.004729321 0.149916038 2.473620415 -0.004449425 0.999987662 -0.002202371 -2.410492420 -0.149924591 0.001510417 0.988696277 92.018226624
0.986886740 0.004159470 0.161360368 2.575615883 -0.003855492 0.999990106 -0.002196914 -2.429690599 -0.161367908 0.001545982 0.986893117 92.539131165
0.985203385 0.003912414 0.171344772 2.689853668 -0.003580874 0.999991059 -0.002243944 -2.440843344 -0.171352044 0.001597176 0.985208511 93.110885620
0.982705712 0.004056471 0.185129777 2.811949730 -0.003593274 0.999989510 -0.002837460 -2.454196215 -0.185139343 0.002123166 0.982710004 93.648109436
0.980473518 0.003718890 0.196615845 2.942112923 -0.003344777 0.999991894 -0.002234789 -2.472776175 -0.196622565 0.001533515 0.980478048 94.189659119
0.978267610 0.003965137 0.207308143 3.067062378 -0.003625048 0.999991417 -0.002020354 -2.489360094 -0.207314372 0.001224945 0.978273630 94.722801208
0.975575924 0.002666781 0.219645873 3.220470428 -0.002311089 0.999995589 -0.001876327 -2.512119770 -0.219649926 0.001322878 0.975577831 95.238449097
0.972462058 0.002230440 0.233050510 3.361150742 -0.001656059 0.999995112 -0.002660260 -2.511053324 -0.233055338 0.002201057 0.972460985 95.816444397
0.969778001 0.001681670 0.243983164 3.522233963 -0.001109448 0.999996305 -0.002482731 -2.520125628 -0.243986443 0.002137011 0.969776273 96.342590332
0.966833889 0.002593682 0.255393356 3.675600052 -0.002043093 0.999994993 -0.002421115 -2.546593428 -0.255398393 0.001819024 0.966834188 96.876152039
0.963215351 0.002906623 0.268715262 3.849157333 -0.002581951 0.999995410 -0.001561630 -2.571620464 -0.268718570 0.000810377 0.963218391 97.393028259
0.959738851 0.001606388 0.280889153 4.026741028 -0.000947848 0.999996483 -0.002480319 -2.579996586 -0.280892134 0.002114218 0.959737003 97.928840637
0.956235886 0.001412368 0.292593360 4.211246490 -0.000731405 0.999996722 -0.002436714 -2.596000910 -0.292595804 0.002116069 0.956233859 98.448837280
0.951808155 0.001386011 0.306690812 4.394365311 -0.000818562 0.999997735 -0.001978845 -2.611845732 -0.306692868 0.001632435 0.951807141 98.982139587
0.947219253 0.000990999 0.320585012 4.597122192 -0.000310011 0.999997556 -0.002175238 -2.621735573 -0.320586383 0.001961043 0.947217226 99.509078979
0.943349957 0.000316612 0.331799239 4.805099487 0.000511356 0.999996960 -0.002408079 -2.634665012 -0.331799030 0.002441329 0.943346977 100.023468018
0.938533485 0.000067250 0.345188230 5.014976501 0.000655346 0.999997914 -0.001976645 -2.658568621 -0.345187634 0.002081365 0.938531339 100.510231018
0.933265150 -0.000031475 0.359188199 5.221878052 0.000787252 0.999997735 -0.001957862 -2.674255133 -0.359187275 0.002109976 0.933263123 100.998207092
0.928486288 -0.000136808 0.371366858 5.427347183 0.000717934 0.999998748 -0.001426577 -2.709483624 -0.371366203 0.001591174 0.928485155 101.455497742
0.923463583 -0.000791281 0.383685321 5.680477142 0.001476517 0.999997795 -0.001491405 -2.706162930 -0.383683294 0.001943776 0.923462689 102.072875977
0.917577267 -0.001709816 0.397553712 5.924095154 0.002667127 0.999994695 -0.001855065 -2.717264414 -0.397548497 0.002762492 0.917577028 102.569564819
0.911357224 -0.000647553 0.411615670 6.168106079 0.001644866 0.999996424 -0.002068700 -2.713869095 -0.411612868 0.002562377 0.911355197 103.101333618
0.906448007 -0.001524947 0.422314554 6.419773102 0.002842972 0.999992847 -0.002491200 -2.724481821 -0.422307730 0.003458771 0.906445920 103.582756042
0.900452375 -0.001603065 0.434951603 6.692333221 0.002462261 0.999995947 -0.001411858 -2.768181801 -0.434947610 0.002342275 0.900452733 104.111808777
0.893685579 -0.001202032 0.448691964 6.954647064 0.001995101 0.999997139 -0.001294796 -2.785132885 -0.448689073 0.002052326 0.893685579 104.591720581
0.887743235 -0.002020925 0.460334450 7.236400604 0.003112251 0.999993801 -0.001611800 -2.798122883 -0.460328460 0.002863541 0.887744069 105.076858521
0.882381022 -0.003344606 0.470523775 7.553256989 0.004203649 0.999990821 -0.000774976 -2.844338179 -0.470516831 0.002661741 0.882387102 105.581344604
0.874976516 -0.003154051 0.484155118 7.874897003 0.004220137 0.999990463 -0.001112247 -2.871936321 -0.484147012 0.003016391 0.874981463 106.089920044
