1.000000000 0.000000000 0.000000000 0.000000000 0.000000000 1.000000000 0.000000000 0.000000000 0.000000000 0.000000000 1.000000000 0.000000000
1.000000000 0.000051350 -0.000029089 0.000798706 -0.000051349 1.000000000 0.000042259 0.000056779 0.000029091 -0.000042258 1.000000000 -0.003567116
1.000000000 0.000105317 0.000087485 -0.002110397 -0.000105317 1.000000000 -0.000006520 -0.000872326 -0.000087486 0.000006511 1.000000000 -0.002669444
1.000000000 -0.000001265 -0.000064011 0.004551648 0.000001268 1.000000000 0.000042516 -0.000422177 0.000064011 -0.000042516 1.000000000 -0.003225299
1.000000000 0.000001776 0.000016367 0.000905789 -0.000001777 1.000000000 0.000012487 -0.000225555 -0.000016367 -0.000012487 1.000000000 -0.002121111
1.000000000 0.000009576 0.000040063 -0.000421431 -0.000009576 1.000000000 0.000009478 -0.000149822 -0.000040063 -0.000009478 1.000000000 -0.000843698
1.000000000 -0.000009539 0.000039256 0.000665524 0.000009535 1.000000000 0.000102195 -0.000299501 -0.000039257 -0.000102194 1.000000000 -0.003222904
1.000000000 -0.000099358 0.000033780 -0.000232620 0.000099356 1.000000000 0.000065733 -0.000128647 -0.000033786 -0.000065729 1.000000000 0.002584693
1.000000000 0.000067101 0.000009751 0.000299668 -0.000067101 1.000000000 0.000023031 -0.000266877 -0.000009749 -0.000023032 1.000000000 -0.004288821
1.000000000 -0.000035125 0.000061611 0.000216621 0.000035122 1.000000000 0.000050400 -0.000141681 -0.000061613 -0.000050398 1.000000000 -0.004690106
1.000000000 0.000078420 0.000039540 -0.000228719 -0.000078421 1.000000000 0.000029640 -0.000138567 -0.000039538 -0.000029643 1.000000000 -0.002079581
1.000000000 -0.000014362 0.000033539 -0.000294675 0.000014361 1.000000000 0.000036849 -0.001250528 -0.000033539 -0.000036849 1.000000000 -0.006784971
1.000000000 -0.000091782 0.000089084 -0.000131670 0.000091776 1.000000000 0.000068905 -0.000632830 -0.000089090 -0.000068897 1.000000000 -0.002483571
1.000000000 -0.000047218 0.000088736 0.000258429 0.000047210 1.000000000 0.000084282 -0.000708608 -0.000088740 -0.000084277 1.000000000 -0.004639860
1.000000000 -0.000094049 0.000062593 -0.000145702 0.000094043 1.000000000 0.000094525 -0.000358444 -0.000062602 -0.000094519 1.000000000 -0.003781591
1.000000000 -0.000128837 0.000014954 -0.000783990 0.000128835 1.000000000 0.000082443 -0.000275943 -0.000014964 -0.000082442 1.000000000 -0.004264905
1.000000000 -0.000101632 0.000018187 -0.000193087 0.000101631 1.000000000 0.000042437 -0.000262363 -0.000018191 -0.000042435 1.000000000 -0.004793785
1.000000000 0.000069364 0.000038672 0.000718784 -0.000069369 1.000000000 0.000114238 -0.001189235 -0.000038664 -0.000114241 1.000000000 -0.007458919
1.000000000 -0.000162992 0.000002014 0.002366351 0.000162992 1.000000000 0.000113649 -0.002506141 -0.000002033 -0.000113648 1.000000000 -0.007214532
1.000000000 -0.000082299 -0.000003301 0.000641542 0.000082300 1.000000000 0.000094564 -0.002835852 0.000003293 -0.000094564 1.000000000 -0.006361693
1.000000000 -0.000134410 -0.000025705 0.002965201 0.000134413 1.000000000 0.000113269 -0.003557866 0.000025690 -0.000113272 1.000000000 -0.007146223
1.000000000 -0.000048919 0.000111502 -0.001180877 0.000048912 1.000000000 0.000060472 -0.000516851 -0.000111505 -0.000060467 1.000000000 -0.003287350
1.000000000 -0.000072003 0.000032713 -0.000144811 0.000071996 1.000000000 0.000194075 -0.002567776 -0.000032727 -0.000194073 1.000000000 -0.009741833
1.000000000 -0.000202125 0.000017657 0.000251727 0.000202122 0.999999940 0.000170023 -0.002435800 -0.000017691 -0.000170019 1.000000000 -0.005559116
1.000000000 0.000007818 0.000010029 0.000501536 -0.000007820 1.000000000 0.000125785 -0.000499846 -0.000010028 -0.000125786 1.000000000 -0.006511717
1.000000000 -0.000209217 0.000012529 0.001108781 0.000209214 0.999999940 0.000235968 -0.002367597 -0.000012578 -0.000235966 1.000000000 -0.009851470
1.000000000 -0.000027207 0.000039680 0.000470327 0.000027204 1.000000000 0.000084117 -0.002376922 -0.000039682 -0.000084116 1.000000000 -0.004518829
1.000000000 -0.000111097 0.000032217 -0.000304548 0.000111092 1.000000000 0.000149913 -0.000701952 -0.000032233 -0.000149909 1.000000000 -0.002858556
1.000000000 -0.000199825 0.000022704 -0.001134993 0.000199822 1.000000000 0.000118543 -0.000202943 -0.000022727 -0.000118538 1.000000000 -0.003687311
1.000000000 -0.000158704 0.000029843 -0.001056232 0.000158701 1.000000000 0.000078324 -0.000238539 -0.000029856 -0.000078319 1.000000000 0.001546309
1.000000000 -0.000117899 0.000063158 -0.001975379 0.000117891 1.000000000 0.000127306 -0.000028906 -0.000063173 -0.000127298 1.000000000 -0.001374462
1.000000000 -0.000040494 0.000014358 -0.001657928 0.000040492 1.000000000 0.000128393 -0.001897449 -0.000014363 -0.000128393 1.000000000 -0.005122622
1.000000000 -0.000192974 -0.000016664 0.000245893 0.000192977 0.999999940 0.000171834 -0.002766361 0.000016631 -0.000171837 1.000000000 -0.006099330
1.000000000 0.000162726 0.000081540 -0.001180697 -0.000162734 1.000000000 0.000089790 -0.000084738 -0.000081525 -0.000089803 1.000000000 -0.001685339
1.000000000 -0.000064766 0.000021195 -0.000158728 0.000064765 1.000000000 0.000060624 -0.000526975 -0.000021199 -0.000060623 1.000000000 -0.002553832
1.000000000 -0.000116363 0.000007120 -0.000536535 0.000116362 1.000000000 0.000032761 -0.000983496 -0.000007124 -0.000032760 1.000000000 -0.004029246
1.000000000 -0.000178315 -0.000035038 0.001597650 0.000178318 1.000000000 0.000081372 -0.001432648 0.000035024 -0.000081378 1.000000000 -0.007960052
1.000000000 -0.000201230 -0.000013545 -0.000062453 0.000201231 1.000000000 0.000067627 0.000215795 0.000013531 -0.000067630 1.000000000 -0.005955289
1.000000000 -0.000035238 0.000003961 -0.000041754 0.000035237 1.000000000 0.000166798 -0.000534144 -0.000003967 -0.000166798 1.000000000 -0.004422635
1.000000000 -0.000211016 -0.000082001 0.002832709 0.000211029 0.999999940 0.000155879 -0.003822844 0.000081968 -0.000155896 1.000000000 -0.006949553
1.000000000 -0.000197746 -0.000056613 0.002814834 0.000197720 0.999999881 -0.000457636 -0.006632369 0.000056703 0.000457625 0.999999881 0.048246376
1.000000000 -0.000221755 -0.000077963 0.007112845 0.000221669 0.999999404 -0.001092861 -0.006302330 0.000078206 0.001092843 0.999999404 0.140628800
0.999999940 -0.000264779 -0.000080802 0.008311864 0.000264673 0.999999106 -0.001297055 -0.013738137 0.000081146 0.001297033 0.999999166 0.254099846
0.999999940 -0.000341946 0.000034683 0.007258087 0.000341989 0.999999166 -0.001230997 -0.017665602 -0.000034262 0.001231009 0.999999225 0.387608260
1.000000000 0.000066073 -0.000117546 0.014990853 -0.000066193 0.999999464 -0.001022292 -0.022229513 0.000117478 0.001022300 0.999999464 0.531938672
1.000000000 -0.000026539 0.000085748 0.012976605 0.000026621 0.999999523 -0.000952176 -0.029289192 -0.000085723 0.000952178 0.999999523 0.682250500
1.000000000 -0.000032392 0.000229729 0.007916022 0.000032546 0.999999762 -0.000667944 -0.035042603 -0.000229708 0.000667952 0.999999762 0.866250753
1.000000000 -0.000065817 -0.000084781 0.030965917 0.000065770 0.999999821 -0.000552010 -0.040948428 0.000084818 0.000552004 0.999999821 1.023509383
0.999999821 0.000588136 0.000236996 0.009162361 -0.000588069 0.999999702 -0.000284851 -0.047315523 -0.000237163 0.000284712 0.999999940 1.190715551
0.999999881 0.000610423 -0.000043226 0.022249132 -0.000610426 0.999999821 -0.000065393 -0.053206768 0.000043186 0.000065419 1.000000119 1.377273440
0.999999642 0.000715215 0.000378084 0.011420790 -0.000715213 0.999999762 -0.000006898 -0.056380741 -0.000378088 0.000006627 0.999999940 1.569418550
0.999999464 0.000871653 0.000575642 0.016556660 -0.000871673 0.999999642 0.000033993 -0.062078606 -0.000575612 -0.000034495 0.999999821 1.763404608
0.999999464 0.000822472 0.000729631 0.011481144 -0.000822886 0.999999523 0.000567185 -0.072685130 -0.000729164 -0.000567785 0.999999583 1.973125696
0.999999642 0.000514285 0.000635758 0.017355649 -0.000514623 0.999999702 0.000531323 -0.082475275 -0.000635485 -0.000531650 0.999999642 2.173166990
0.999999702 0.000565358 0.000513762 0.028022110 -0.000565628 0.999999642 0.000525076 -0.086630329 -0.000513465 -0.000525366 0.999999702 2.385110140
0.999999523 0.000260151 0.000854967 0.027504489 -0.000260785 0.999999702 0.000741270 -0.091126315 -0.000854774 -0.000741493 0.999999344 2.626413107
0.999999404 0.000206824 0.001076702 0.032345098 -0.000207756 0.999999583 0.000865848 -0.101376928 -0.001076523 -0.000866072 0.999999046 2.855909824
0.999999166 0.000461588 0.001223945 0.035789996 -0.000462749 0.999999404 0.000949050 -0.107175395 -0.001223506 -0.000949616 0.999998808 3.100188255
0.999999464 -0.000008231 0.001020104 0.039291348 0.000007350 0.999999583 0.000863505 -0.111066468 -0.001020111 -0.000863497 0.999999106 3.345166445
0.999999642 0.000534467 0.000547146 0.055896364 -0.000534916 0.999999464 0.000820470 -0.121431246 -0.000546708 -0.000820762 0.999999523 3.584874392
0.999999464 0.000914091 0.000571701 0.064008951 -0.000914589 0.999999225 0.000870422 -0.130795047 -0.000570904 -0.000870944 0.999999464 3.825722218
0.999999642 0.000162131 0.000785223 0.063836664 -0.000163378 0.999998748 0.001589208 -0.144306809 -0.000784965 -0.001589336 0.999998450 4.091847897
0.999999523 0.000591052 0.000751473 0.068304799 -0.000592539 0.999997914 0.001980675 -0.153130755 -0.000750300 -0.001981119 0.999997735 4.342974186
0.999999344 0.000383273 0.001089142 0.076463491 -0.000384814 0.999998927 0.001415294 -0.156927556 -0.001088598 -0.001415712 0.999998391 4.612533092
0.999999285 0.000450261 0.001038615 0.084230915 -0.000451793 0.999998808 0.001475960 -0.164635703 -0.001037949 -0.001476429 0.999998331 4.872824192
0.999998748 0.000741302 0.001375799 0.083662316 -0.000743487 0.999998450 0.001588308 -0.177304700 -0.001374619 -0.001589329 0.999997735 5.127873421
0.999999762 -0.000144413 0.000715265 0.095384851 0.000143043 0.999998093 0.001914826 -0.185403571 -0.000715540 -0.001914723 0.999997854 5.394994736
0.999999642 -0.000105903 0.000865554 0.099643379 0.000104196 0.999998033 0.001972534 -0.194092631 -0.000865761 -0.001972443 0.999997675 5.658245087
0.999998868 0.000439066 0.001377120 0.098830462 -0.000441410 0.999998450 0.001702989 -0.204237342 -0.001376370 -0.001703594 0.999997616 5.936006069
0.999998748 0.000546104 0.001424725 0.104089014 -0.000548716 0.999998152 0.001833794 -0.217395082 -0.001423721 -0.001834574 0.999997318 6.195691586
0.999998271 0.000504856 0.001790702 0.106510907 -0.000508149 0.999998212 0.001838767 -0.219116330 -0.001789771 -0.001839673 0.999996781 6.485877514
0.999997735 0.001124276 0.001799780 0.116596855 -0.001127475 0.999997854 0.001777296 -0.230607942 -0.001797778 -0.001779321 0.999996841 6.771336079
0.999998808 0.000616143 0.001411753 0.122447483 -0.000619076 0.999997675 0.002077990 -0.244839653 -0.001410470 -0.002078861 0.999996781 7.084719658
0.999999344 0.000479552 0.000970864 0.138459399 -0.000481674 0.999997497 0.002186414 -0.257117003 -0.000969813 -0.002186880 0.999997139 7.371503830
0.999998629 0.000685136 0.001463412 0.138006106 -0.000688147 0.999997675 0.002057321 -0.265791059 -0.001461999 -0.002058325 0.999996781 7.691429138
0.999999106 0.000626170 0.001265025 0.147862032 -0.000629066 0.999997199 0.002289995 -0.284463316 -0.001263588 -0.002290789 0.999996603 8.014383316
0.999998808 0.000724638 0.001362059 0.157245353 -0.000727705 0.999997139 0.002252494 -0.294027984 -0.001360423 -0.002253483 0.999996543 8.329219818
0.999999106 0.000325543 0.001271751 0.166843385 -0.000328595 0.999997020 0.002400549 -0.306330234 -0.001270966 -0.002400965 0.999996305 8.650300980
0.999998927 0.000253543 0.001480265 0.169103563 -0.000257537 0.999996364 0.002698773 -0.314113796 -0.001479576 -0.002699151 0.999995291 8.982831001
0.999998927 0.000277349 0.001419437 0.178522483 -0.000281182 0.999996305 0.002701265 -0.325072050 -0.001418683 -0.002701661 0.999995351 9.325577736
0.999999642 -0.000292354 0.000866356 0.192971215 0.000289957 0.999996066 0.002766321 -0.331413746 -0.000867161 -0.002766069 0.999995828 9.660619736
0.999999285 0.000001384 0.001192432 0.196575552 -0.000004553 0.999996483 0.002657448 -0.344887018 -0.001192424 -0.002657451 0.999995768 10.018624306
0.999999344 0.000039864 0.001150819 0.209789678 -0.000042910 0.999996483 0.002647223 -0.358207941 -0.001150709 -0.002647270 0.999995828 10.368493080
0.999999583 0.000217691 0.000962456 0.219321370 -0.000220352 0.999996185 0.002765899 -0.365325361 -0.000961851 -0.002766110 0.999995768 10.738965988
0.999999583 -0.000331465 0.000820333 0.236200109 0.000328925 0.999995172 0.003094831 -0.385430872 -0.000821355 -0.003094560 0.999994874 11.101771355
0.999999285 -0.000076860 0.001100157 0.243874326 0.000073543 0.999995410 0.003013995 -0.395180732 -0.001100383 -0.003013912 0.999994814 11.482680321
0.999999344 0.000123826 0.001140638 0.252506763 -0.000127827 0.999993980 0.003508045 -0.408881485 -0.001140197 -0.003508189 0.999993205 11.853796005
0.999999344 0.000084282 0.001155176 0.262216657 -0.000088339 0.999993861 0.003512347 -0.420856148 -0.001154872 -0.003512447 0.999993145 12.236042023
0.999999166 0.000142253 0.001311694 0.270746619 -0.000146447 0.999994874 0.003197762 -0.429686427 -0.001311233 -0.003197952 0.999994040 12.626312256
0.999999285 -0.000438443 0.001086490 0.283468843 0.000434760 0.999994218 0.003388081 -0.435326517 -0.001087969 -0.003387607 0.999993682 13.024890900
0.999998689 -0.001271719 0.000979546 0.299928099 0.001267497 0.999989986 0.004298125 -0.488908440 -0.000985003 -0.004296879 0.999990225 13.421515465
0.999998569 -0.001143458 0.001208552 0.305650026 0.001137957 0.999989033 0.004542937 -0.499419838 -0.001213734 -0.004541555 0.999988973 13.842545509
0.999999046 -0.000477136 0.001282761 0.312392384 0.000470631 0.999987066 0.005066178 -0.510271668 -0.001285162 -0.005065569 0.999986351 14.259083748
0.999997199 -0.001826676 0.001503775 0.307730705 0.001819126 0.999985814 0.005007287 -0.550424337 -0.001512901 -0.005004539 0.999986351 14.672697067
0.999997079 -0.001653654 0.001751220 0.319274515 0.001644547 0.999985158 0.005189210 -0.564443886 -0.001759775 -0.005186315 0.999985039 15.077618599
0.999996483 -0.001876305 0.001845987 0.330971658 0.001866102 0.999983132 0.005513169 -0.570944190 -0.001856299 -0.005509705 0.999983132 15.519995689
0.999995649 -0.001375040 0.002593365 0.345782459 0.001360901 0.999984264 0.005445760 -0.586885870 -0.002600813 -0.005442206 0.999981821 15.981038094
0.999995530 -0.000268724 0.002981571 0.353632689 0.000252044 0.999984264 0.005593286 -0.612522423 -0.002983028 -0.005592510 0.999979913 16.392484665
0.999995708 -0.000511994 0.002888873 0.366801620 0.000495227 0.999983013 0.005801626 -0.622791946 -0.002891794 -0.005800170 0.999979019 16.839912415
0.999994993 0.000013615 0.003172401 0.375943452 -0.000031718 0.999983668 0.005706317 -0.636429012 -0.003172272 -0.005706389 0.999978721 17.311304092
0.999992669 0.000238180 0.003812725 0.384988666 -0.000260765 0.999982357 0.005923951 -0.648455083 -0.003811248 -0.005924902 0.999975204 17.747230530
0.999990761 -0.000004082 0.004293340 0.397874594 -0.000021402 0.999982357 0.005935743 -0.660117447 -0.004293288 -0.005935781 0.999973238 18.212465286
0.999989212 0.000260733 0.004644068 0.405520022 -0.000289248 0.999981105 0.006140365 -0.667780638 -0.004642379 -0.006141642 0.999970376 18.680404663
0.999989688 0.000024474 0.004548546 0.426471978 -0.000052419 0.999981105 0.006143745 -0.680526435 -0.004548309 -0.006143920 0.999970794 19.158414841
0.999990165 -0.000450398 0.004414438 0.435237259 0.000421939 0.999979079 0.006445576 -0.714049935 -0.004417249 -0.006443650 0.999969423 19.624145508
0.999989450 -0.000155874 0.004606036 0.442957789 0.000124716 0.999977112 0.006764144 -0.726418614 -0.004606985 -0.006763496 0.999966443 20.106164932
0.999987960 0.000444353 0.004882242 0.459918797 -0.000478784 0.999974966 0.007053512 -0.741770864 -0.004878986 -0.007055765 0.999963164 20.589008331
0.999990165 -0.000808500 0.004364080 0.466166019 0.000776995 0.999973655 0.007216026 -0.762712538 -0.004369800 -0.007212564 0.999964416 21.081569672
0.999993145 -0.000506977 0.003665707 0.476629198 0.000479925 0.999972641 0.007376995 -0.769799650 -0.003669347 -0.007375185 0.999966085 21.584266663
0.999993920 -0.000326348 0.003473609 0.493470550 0.000299188 0.999969363 0.007816735 -0.798373282 -0.003476054 -0.007815648 0.999963403 22.092369080
0.999993861 -0.000367666 0.003489334 0.505920589 0.000340216 0.999969006 0.007864207 -0.818243325 -0.003492117 -0.007862972 0.999962986 22.558904648
0.999996126 -0.000772296 0.002669669 0.516929984 0.000751780 0.999970317 0.007677299 -0.827440321 -0.002675519 -0.007675262 0.999966979 23.071340561
0.999998152 -0.001204876 0.001467667 0.530047476 0.001193346 0.999968588 0.007831340 -0.847359478 -0.001477056 -0.007829573 0.999968231 23.596700668
0.999997199 -0.002160117 0.000988018 0.537147582 0.002152617 0.999969482 0.007529680 -0.861759245 -0.001004253 -0.007527532 0.999971151 24.118530273
0.999999404 -0.000978982 0.000379399 0.550278425 0.000976209 0.999973238 0.007240814 -0.863207102 -0.000386478 -0.007240439 0.999973655 24.655097961
0.999999464 -0.001042176 0.000044571 0.553287029 0.001041802 0.999969840 0.007698765 -0.879112959 -0.000052593 -0.007698715 0.999970317 25.180770874
0.999998987 -0.001180532 -0.000722931 0.559364915 0.001186153 0.999968708 0.007825376 -0.889499128 0.000713671 -0.007826226 0.999969125 25.700517654
0.999998450 -0.001291594 -0.001136548 0.568887830 0.001300331 0.999969363 0.007720523 -0.900392652 0.001126542 -0.007721988 0.999969542 26.234592438
0.999997497 -0.001642743 -0.001536245 0.587964714 0.001655639 0.999963105 0.008431246 -0.909783244 0.001522337 -0.008433768 0.999963284 26.787996292
0.999995708 -0.001917366 -0.002225922 0.598202109 0.001936132 0.999962330 0.008459700 -0.924061298 0.002209618 -0.008463973 0.999961734 27.332593918
0.999997079 -0.001060199 -0.002171074 0.611206174 0.001078738 0.999962926 0.008556332 -0.939373970 0.002161922 -0.008558651 0.999961019 27.867403030
0.999994040 -0.001932255 -0.002856857 0.618623018 0.001957009 0.999960303 0.008687367 -0.950065494 0.002839957 -0.008692905 0.999958158 28.409214020
0.999991655 -0.001878429 -0.003621525 0.634835362 0.001911266 0.999956906 0.009085349 -0.968654037 0.003604303 -0.009092195 0.999952137 28.951845169
0.999990880 -0.002119525 -0.003713402 0.640584826 0.002151934 0.999959469 0.008745261 -0.980019629 0.003694715 -0.008753173 0.999954879 29.472103119
0.999992132 -0.001213050 -0.003758181 0.638891518 0.001247023 0.999958277 0.009050713 -0.993592322 0.003747045 -0.009055329 0.999951959 30.018642426
0.999992371 -0.000650263 -0.003831750 0.656757534 0.000684783 0.999959111 0.009014766 -1.013618946 0.003825732 -0.009017321 0.999952018 30.536962509
0.999991000 -0.001126894 -0.004118564 0.659569681 0.001165381 0.999955595 0.009354419 -1.024531007 0.004107840 -0.009359133 0.999947786 31.105636597
0.999990046 -0.000778395 -0.004416108 0.672801495 0.000819217 0.999956906 0.009249495 -1.042844772 0.004408718 -0.009253020 0.999947488 31.635915756
0.999989808 -0.000714233 -0.004452387 0.682151377 0.000755096 0.999957561 0.009182912 -1.052400827 0.004445639 -0.009186181 0.999947965 32.184741974
0.999988198 -0.000429338 -0.004845382 0.680454016 0.000474165 0.999957085 0.009254230 -1.061530113 0.004841201 -0.009256419 0.999945402 32.705780029
0.999988019 -0.000207414 -0.004893708 0.698548913 0.000249141 0.999963641 0.008527572 -1.063574195 0.004891761 -0.008528691 0.999951720 33.282653809
0.999984562 -0.001197946 -0.005428554 0.695321202 0.001248481 0.999955833 0.009315444 -1.091794848 0.005417155 -0.009322077 0.999941885 33.764122009
0.999984205 -0.000867110 -0.005561914 0.701730371 0.000920188 0.999954045 0.009547856 -1.108936310 0.005553380 -0.009552822 0.999938965 34.303150177
0.999988079 -0.000228910 -0.004884601 0.689794600 0.000273615 0.999958038 0.009153558 -1.111638308 0.004882301 -0.009154784 0.999946177 34.819824219
0.999983668 -0.000751247 -0.005661611 0.714719832 0.000801596 0.999960244 0.008896072 -1.110522032 0.005654702 -0.008900466 0.999944389 35.374191284
0.999983490 -0.000742521 -0.005699436 0.707760274 0.000796084 0.999955475 0.009401410 -1.121175289 0.005692201 -0.009405794 0.999939501 35.930046082
0.999984801 -0.000213186 -0.005507456 0.716578066 0.000262852 0.999959230 0.009018787 -1.132326603 0.005505310 -0.009020098 0.999944150 36.477905273
0.999980628 -0.000563561 -0.006199785 0.747756958 0.000623131 0.999953568 0.009610732 -1.152707338 0.006194081 -0.009614409 0.999934554 36.965847015
0.999978900 -0.000839967 -0.006452200 0.742904961 0.000906226 0.999946833 0.010273148 -1.166908503 0.006443227 -0.010278779 0.999926448 37.533378601
0.999976397 -0.001750874 -0.006644386 0.739836872 0.001816693 0.999949217 0.009912987 -1.185870409 0.006626694 -0.009924823 0.999928832 38.056015015
0.999980152 -0.001136244 -0.006206755 0.698874712 0.001201414 0.999944091 0.010506251 -1.203685999 0.006194470 -0.010513499 0.999925494 38.553619385
0.999983370 0.000239076 -0.005764578 0.716175497 -0.000185730 0.999957085 0.009252802 -1.176550150 0.005766543 -0.009251578 0.999940515 39.065086365
0.999977291 -0.001329347 -0.006610066 0.771202922 0.001394600 0.999950230 0.009876939 -1.185629845 0.006596609 -0.009885934 0.999929368 39.675338745
0.999978662 -0.001120720 -0.006431641 0.778524876 0.001189498 0.999942005 0.010699992 -1.260743856 0.006419275 -0.010707415 0.999922037 40.169185638
0.999979794 0.000438400 -0.006331176 0.793375015 -0.000378409 0.999954998 0.009473556 -1.255288839 0.006335045 -0.009470970 0.999935091 40.747142792
0.999978006 -0.000617016 -0.006606705 0.803097665 0.000682641 0.999950409 0.009935478 -1.270857811 0.006600249 -0.009939771 0.999928832 41.256069183
0.999981582 0.000631953 -0.006034649 0.807148337 -0.000577145 0.999958634 0.009079650 -1.264615774 0.006040137 -0.009076001 0.999940634 41.820724487
0.999977052 -0.001080050 -0.006685676 0.816705346 0.001149890 0.999944687 0.010451148 -1.302091718 0.006674018 -0.010458595 0.999923050 42.336174011
0.999979317 -0.000698575 -0.006392440 0.817025244 0.000766226 0.999943674 0.010586507 -1.312344193 0.006384684 -0.010591188 0.999923527 42.840373993
0.999981701 -0.000343914 -0.006036549 0.816538572 0.000407199 0.999944925 0.010485560 -1.322042584 0.006032611 -0.010487825 0.999926805 43.362098694
0.999982953 -0.000378761 -0.005824191 0.819986641 0.000438833 0.999946713 0.010316405 -1.336072445 0.005819973 -0.010318785 0.999929786 43.884929657
0.999983013 -0.000354622 -0.005820845 0.832601190 0.000412895 0.999949813 0.010012930 -1.343576789 0.005817004 -0.010015164 0.999932885 44.424636841
0.999983251 0.000153886 -0.005779721 0.840925336 -0.000096469 0.999950647 0.009933171 -1.358351350 0.005780965 -0.009932447 0.999933958 44.965141296
0.999981403 -0.000278649 -0.006088579 0.847709298 0.000340529 0.999948263 0.010164646 -1.366816521 0.006085433 -0.010166530 0.999929726 45.499412537
0.999984264 0.000503278 -0.005613666 0.845212102 -0.000447265 0.999950171 0.009974767 -1.393526912 0.005618406 -0.009972098 0.999934494 46.022003174
0.999979913 0.000130402 -0.006335451 0.878263474 -0.000065607 0.999947667 0.010226483 -1.395626903 0.006336453 -0.010225861 0.999927640 46.591526031
0.999985754 0.000105724 -0.005341435 0.848653197 -0.000051206 0.999947906 0.010205804 -1.411238909 0.005342236 -0.010205385 0.999933660 47.086647034
0.999982834 -0.000015652 -0.005849531 0.863227129 0.000073814 0.999950588 0.009942868 -1.417535782 0.005849087 -0.009943129 0.999933481 47.636302948
0.999983847 -0.000097937 -0.005681451 0.884709477 0.000155043 0.999949455 0.010051749 -1.429599047 0.005680182 -0.010052468 0.999933362 48.134082794
0.999980032 -0.000381530 -0.006325705 0.902701139 0.000452104 0.999937654 0.011159085 -1.451280832 0.006321053 -0.011161720 0.999917746 48.704010010
0.999982297 0.000777806 -0.005902785 0.900756836 -0.000719169 0.999950469 0.009929490 -1.449089527 0.005910214 -0.009925069 0.999933302 49.194355011
0.999980927 0.000167975 -0.006166871 0.920396090 -0.000103777 0.999945760 0.010409049 -1.460692406 0.006168286 -0.010408211 0.999926805 49.737854004
0.999981523 0.000607784 -0.006042531 0.916953146 -0.000545664 0.999946952 0.010276873 -1.472167850 0.006048457 -0.010273385 0.999928951 50.278602600
0.999984860 0.000939693 -0.005421518 0.919506669 -0.000883184 0.999945343 0.010416188 -1.490123510 0.005431009 -0.010411242 0.999931037 50.711315155
0.999983609 0.000645805 -0.005680676 0.929032564 -0.000585944 0.999944329 0.010532966 -1.498609185 0.005687162 -0.010529464 0.999928355 51.246330261
0.999985814 0.001051291 -0.005233921 0.929431200 -0.000995975 0.999943733 0.010560227 -1.517002225 0.005244729 -0.010554862 0.999930561 51.776313782
0.999985874 0.001541629 -0.005081520 0.931180537 -0.001487655 0.999942541 0.010608180 -1.532025099 0.005097582 -0.010600471 0.999930739 52.223396301
0.999987304 0.000651640 -0.005001031 0.923287988 -0.000598267 0.999942899 0.010666506 -1.544498444 0.005007697 -0.010663380 0.999930620 52.745742798
0.999986172 0.000534900 -0.005231500 0.943768501 -0.000480197 0.999945223 0.010452110 -1.546072483 0.005236805 -0.010449455 0.999931693 53.277534485
0.999990106 0.001512326 -0.004197661 0.897731841 -0.001464544 0.999934375 0.011362972 -1.577385306 0.004214571 -0.011356712 0.999926627 53.778984070
0.999989867 0.001569115 -0.004217844 0.935320735 -0.001521518 0.999935329 0.011264325 -1.595933795 0.004235246 -0.011257791 0.999927640 54.217041016
0.999989569 0.000961301 -0.004470936 0.942989945 -0.000912046 0.999938965 0.011005863 -1.601969719 0.004481244 -0.011001669 0.999929428 54.750450134
0.999987960 0.001121147 -0.004768013 0.956746459 -0.001069320 0.999940515 0.010858457 -1.608118892 0.004779903 -0.010853229 0.999929667 55.294441223
0.999988735 0.000832050 -0.004674154 0.954468727 -0.000779227 0.999935925 0.011291492 -1.628575802 0.004683249 -0.011287723 0.999925315 55.790847778
0.999990702 0.001110621 -0.004172795 0.975185573 -0.001063048 0.999934673 0.011385947 -1.632089257 0.004185168 -0.011381404 0.999926448 56.287902832
0.999986291 0.000266952 -0.005232997 1.006222367 -0.000206080 0.999932349 0.011629425 -1.649385691 0.005235747 -0.011628188 0.999918699 56.870647430
0.999989808 0.000269146 -0.004531475 1.030926943 -0.000214006 0.999925971 0.012164517 -1.684740305 0.004534414 -0.012163422 0.999915719 57.192893982
0.999988735 0.000792512 -0.004679330 1.044432640 -0.000735790 0.999926388 0.012111260 -1.679392457 0.004688585 -0.012107681 0.999915719 57.717929840
0.999987960 0.000170092 -0.004896336 1.065894842 -0.000112356 0.999930501 0.011789707 -1.695164800 0.004898001 -0.011789015 0.999918520 58.219696045
0.999990046 0.000895608 -0.004376261 1.070909739 -0.000841283 0.999922812 0.012399877 -1.714029789 0.004387028 -0.012396074 0.999913573 58.761711121
0.999990463 0.001378490 -0.004143291 1.087816119 -0.001328129 0.999925494 0.012132949 -1.710894823 0.004159707 -0.012127329 0.999917805 59.230503082
0.999992073 0.000880052 -0.003882529 1.098292112 -0.000834212 0.999930084 0.011792449 -1.725360990 0.003892637 -0.011789118 0.999922931 59.863914490
0.999989331 0.001791647 -0.004252903 1.134586930 -0.001737765 0.999918580 0.012639679 -1.746236563 0.004275202 -0.012632153 0.999911070 60.294975281
0.999987185 0.001650478 -0.004784457 1.185976267 -0.001590346 0.999920011 0.012544881 -1.778988838 0.004804779 -0.012537110 0.999909878 60.713176727
0.999987125 0.003109042 -0.004020115 1.265314937 -0.003060815 0.999923885 0.011947424 -1.742572904 0.004056955 -0.011934965 0.999920487 61.139488220
0.999981582 0.004282716 -0.004299761 1.305109739 -0.004227888 0.999910653 0.012680359 -1.753401279 0.004353683 -0.012661946 0.999910355 61.510971069
0.999982953 0.001148704 -0.005719253 1.327175140 -0.001071590 0.999908686 0.013468109 -1.834989905 0.005734201 -0.013461751 0.999892890 62.032516479
0.999982178 0.002733737 -0.005305446 1.312943697 -0.002663795 0.999910057 0.013145601 -1.805415630 0.005340905 -0.013131235 0.999899507 62.486888885
0.999981463 -0.000749573 -0.006035226 1.283284903 0.000825627 0.999920130 0.012609107 -1.800477266 0.006025293 -0.012613857 0.999902248 63.032062531
0.999982834 -0.000286232 -0.005848862 1.295461416 0.000363852 0.999911785 0.013274207 -1.815165401 0.005844547 -0.013276107 0.999894738 63.575210571
0.999983430 -0.000111078 -0.005744708 1.305935025 0.000189395 0.999907076 0.013634184 -1.827393055 0.005742659 -0.013635049 0.999890506 64.126113892
0.999985099 0.000479617 -0.005433607 1.312294483 -0.000410939 0.999920070 0.012633410 -1.801396370 0.005439233 -0.012630990 0.999905467 64.621238708
0.999988258 -0.000176373 -0.004840556 1.296450138 0.000239952 0.999913692 0.013137233 -1.819121122 0.004837821 -0.013138242 0.999901950 65.128349304
0.999989092 0.000067726 -0.004669707 1.347516179 -0.000003002 0.999903977 0.013858888 -1.876936436 0.004670197 -0.013858723 0.999893069 65.393905640
0.999987066 -0.000794959 -0.005022194 1.358411670 0.000865813 0.999899924 0.014121868 -1.884516239 0.005010465 -0.014126036 0.999887645 65.940155029
0.999990046 -0.000126334 -0.004448310 1.364090204 0.000186911 0.999907315 0.013620035 -1.872387528 0.004446176 -0.013620732 0.999897420 66.467536926
0.999991655 0.000676427 -0.004018215 1.348889351 -0.000614506 0.999881327 0.015391394 -1.917852521 0.004028150 -0.015388796 0.999873519 67.054412842
0.999989510 0.000439031 -0.004550733 1.400865793 -0.000371380 0.999889612 0.014856108 -1.918774128 0.004556752 -0.014854264 0.999879301 67.526901245
0.999989688 -0.000247533 -0.004535325 1.402091026 0.000312082 0.999898553 0.014237412 -1.966758966 0.004531343 -0.014238680 0.999888361 67.833190918
0.999988556 -0.000274216 -0.004773007 1.405297756 0.000341055 0.999901831 0.014008253 -1.964155078 0.004768697 -0.014009719 0.999890566 68.382682800
0.999989510 -0.000482317 -0.004539989 1.426062107 0.000547899 0.999895394 0.014455254 -2.002476692 0.004532541 -0.014457593 0.999885201 68.850471497
0.999987185 -0.001137833 -0.004916433 1.460978627 0.001211884 0.999885440 0.015085252 -2.014436722 0.004898706 -0.015091019 0.999874055 69.473014832
0.999988735 -0.000098332 -0.004741183 1.453686833 0.000167427 0.999893785 0.014575231 -2.030304909 0.004739249 -0.014575859 0.999882519 69.885299683
0.999988377 0.000934758 -0.004714986 1.479208946 -0.000866113 0.999893904 0.014539928 -2.047098637 0.004728077 -0.014535677 0.999883115 70.437835693
0.999988496 -0.000420625 -0.004768525 1.469093323 0.000490003 0.999893904 0.014557335 -2.040686607 0.004761896 -0.014559505 0.999882638 70.951805115
0.999988139 -0.000853776 -0.004797558 1.481787920 0.000922020 0.999898136 0.014240426 -2.044109344 0.004784911 -0.014244679 0.999887109 71.489166260
0.999990642 -0.000430833 -0.004306782 1.486859322 0.000493492 0.999893904 0.014558216 -2.057279110 0.004300054 -0.014560204 0.999884784 72.036766052
0.999990761 -0.000209378 -0.004288513 1.485536814 0.000271913 0.999893546 0.014586467 -2.068815708 0.004285002 -0.014587499 0.999884427 72.554588318
0.999988317 -0.001056855 -0.004699084 1.507074118 0.001124146 0.999896526 0.014340568 -2.082971096 0.004683442 -0.014345683 0.999886155 73.096443176
0.999989450 -0.000301864 -0.004594822 1.531391978 0.000369112 0.999892712 0.014641803 -2.105248451 0.004589909 -0.014643344 0.999882221 73.602386475
0.999988735 -0.001062737 -0.004608159 1.524064898 0.001129638 0.999893606 0.014539631 -2.107289791 0.004592217 -0.014544673 0.999883652 74.145980835
0.999988258 -0.001219455 -0.004686537 1.540133476 0.001286715 0.999895811 0.014375583 -2.116520643 0.004668519 -0.014381444 0.999885678 74.689949036
0.999990046 -0.001012121 -0.004341455 1.529986024 0.001077635 0.999885201 0.015114638 -2.139671087 0.004325659 -0.015119169 0.999876320 75.233253479
0.999989390 -0.001160925 -0.004456088 1.548223376 0.001226048 0.999891996 0.014639547 -2.151924133 0.004438613 -0.014644856 0.999882877 75.783790588
0.999991536 -0.001167818 -0.003946872 1.542487860 0.001225935 0.999890327 0.014754506 -2.155793428 0.003929209 -0.014759217 0.999883354 76.325958252
0.999991834 -0.000487252 -0.004000882 1.543250918 0.000545042 0.999895334 0.014456118 -2.159414530 0.003993421 -0.014458181 0.999887526 76.872573853
0.999993622 -0.000277914 -0.003538913 1.551586509 0.000328864 0.999896169 0.014404679 -2.173776865 0.003534541 -0.014405753 0.999889910 77.443031311
0.999995768 -0.001052147 -0.002703112 1.578070402 0.001090712 0.999897063 0.014305215 -2.181854248 0.002687781 -0.014308103 0.999894023 77.992813110
0.999999285 -0.000493504 -0.001080961 1.584436417 0.000508975 0.999896705 0.014358986 -2.193290710 0.001073762 -0.014359524 0.999896348 78.555992126
0.999999821 -0.000617217 0.000040028 1.607715726 0.000616592 0.999900699 0.014074745 -2.212341785 -0.000048710 -0.014074719 0.999900937 79.094139099
0.999998987 -0.001150076 0.000840092 1.618981838 0.001137899 0.999896348 0.014353996 -2.214241505 -0.000856513 -0.014353028 0.999896646 79.670677185
0.999988437 0.000176485 0.004807490 1.629392266 -0.000245645 0.999896407 0.014388821 -2.228355885 -0.004804454 -0.014389836 0.999884963 80.218833923
0.999969721 -0.000113535 0.007784806 1.670701861 0.000001104 0.999895692 0.014440833 -2.233851671 -0.007785634 -0.014440387 0.999865353 80.823570251
0.999947429 -0.000930941 0.010214550 1.706159115 0.000778984 0.999889076 0.014870488 -2.250930309 -0.010227261 -0.014861749 0.999837220 81.372016907
0.999894142 0.000165148 0.014549841 1.733171463 -0.000373387 0.999897540 0.014310574 -2.250321388 -0.014545986 -0.014314493 0.999791682 81.918533325
0.999793828 0.000167760 0.020307859 1.761531472 -0.000456649 0.999898791 0.014221685 -2.259495974 -0.020303419 -0.014228027 0.999692619 82.459655762
0.999662280 -0.000784682 0.025976567 1.787362576 0.000405608 0.999893367 0.014595006 -2.252624035 -0.025985250 -0.014579540 0.999556005 82.913078308
0.999493003 -0.000366358 0.031839393 1.836261272 -0.000124121 0.999881387 0.015401468 -2.302514076 -0.031841256 -0.015397608 0.999374390 83.423225403
0.999146581 -0.000271395 0.041303642 1.773593783 -0.000336617 0.999891698 0.014712881 -2.298744678 -0.041303162 -0.014714227 0.999038279 84.126838684
0.998759210 -0.000351463 0.049799312 1.825136423 -0.000353138 0.999900043 0.014139315 -2.298711300 -0.049799301 -0.014139356 0.998659194 84.680358887
0.998393357 -0.000884660 0.056655619 1.868860006 0.000053617 0.999892354 0.014668152 -2.325655222 -0.056662504 -0.014641549 0.998286009 85.245910645
0.997865200 -0.001484859 0.065290175 1.938560724 0.000567992 0.999900997 0.014059279 -2.329942942 -0.065304577 -0.013992179 0.997767389 85.813423157
0.997147858 -0.001220551 0.075461559 2.005294800 0.000140816 0.999897599 0.014312071 -2.347284794 -0.075471304 -0.014260627 0.997046053 86.345672607
0.996437311 -0.001663405 0.084320195 2.056493759 0.000454637 0.999896884 0.014352624 -2.351581097 -0.084335372 -0.014263154 0.996335328 86.895805359
0.995713472 -0.001700215 0.092475429 2.128758907 0.000408147 0.999902070 0.013989133 -2.362266541 -0.092490152 -0.013891423 0.995616674 87.432563782
0.994692087 -0.002210333 0.102872588 2.212325573 0.000770943 0.999901295 0.014029632 -2.366300106 -0.102893427 -0.013875853 0.994595706 87.982429504
0.993581355 -0.002848027 0.113083981 2.301007271 0.001285537 0.999902725 0.013887585 -2.374424458 -0.113112532 -0.013653073 0.993488371 88.528732300
0.992525041 -0.003695477 0.121985003 2.388516426 0.002044084 0.999904633 0.013660043 -2.383397102 -0.122023843 -0.013308587 0.992437899 89.066032410
0.991119981 -0.003210537 0.132931322 2.483087540 0.001411860 0.999906123 0.013622920 -2.390953541 -0.132962629 -0.013314267 0.991031587 89.618278503
0.989413857 -0.003409264 0.145080939 2.585840225 0.001474587 0.999908507 0.013440600 -2.398651600 -0.145113513 -0.013084383 0.989328504 90.156768799
0.987806201 -0.004300246 0.155629173 2.699325562 0.002236379 0.999907196 0.013434104 -2.411258698 -0.155672520 -0.012922245 0.987724125 90.701034546
0.986248612 -0.004600457 0.165204555 2.808469772 0.002443281 0.999909103 0.013258452 -2.413103104 -0.165250510 -0.012672488 0.986170232 91.252792358
0.984122157 -0.004863757 0.177425981 2.929135323 0.002571097 0.999910235 0.013149410 -2.422556877 -0.177474022 -0.012484447 0.984046280 91.797851562
0.981791139 -0.005353666 0.189887807 3.055758476 0.002914343 0.999909580 0.013123050 -2.429526806 -0.189940870 -0.012330696 0.981718063 92.333824158
0.979687333 -0.005966169 0.200442404 3.188242912 0.003422975 0.999909222 0.013032080 -2.434638739 -0.200501978 -0.012081254 0.979618728 92.870971680
0.976947546 -0.006121451 0.213391587 3.335617065 0.003413258 0.999908924 0.013057302 -2.450331211 -0.213452086 -0.012027942 0.976879478 93.398559570
0.973845303 -0.006399571 0.227122337 3.481714249 0.003496391 0.999907017 0.013182472 -2.456312895 -0.227185577 -0.012043579 0.973777115 93.935234070
0.971152186 -0.007140729 0.238353521 3.639459610 0.004064635 0.999902129 0.013394599 -2.472458839 -0.238425821 -0.012039376 0.971086085 94.461395264
0.968100429 -0.007483524 0.250450641 3.815942764 0.004197022 0.999897957 0.013653876 -2.488184214 -0.250527263 -0.012167177 0.968033075 95.013557434
0.964443803 -0.007931722 0.264168948 3.992900848 0.004449332 0.999895155 0.013778152 -2.500914097 -0.264250547 -0.012112880 0.964377999 95.538040161
0.960900843 -0.007994640 0.276777387 4.169738770 0.004375769 0.999896646 0.013690191 -2.511460304 -0.276858211 -0.011943801 0.960836530 96.071166992
0.957650423 -0.008722132 0.287801355 4.355924606 0.004882101 0.999889195 0.014057684 -2.530771255 -0.287892133 -0.012057272 0.957586944 96.571243286
0.953379750 -0.008550224 0.301651925 4.552988052 0.004437476 0.999887586 0.014316712 -2.538837433 -0.301740438 -0.012310689 0.953310549 97.090049744
0.948827386 -0.008789835 0.315672666 4.757379532 0.004503222 0.999887526 0.014306167 -2.551593781 -0.315762877 -0.012152540 0.948760271 97.614097595
0.944957376 -0.009316047 0.327060670 4.961893082 0.004804277 0.999881864 0.014600069 -2.560944080 -0.327158004 -0.012225154 0.944890559 98.143280029
0.940488160 -0.009347039 0.339697570 5.174879074 0.004666694 0.999882638 0.014592306 -2.569160223 -0.339794070 -0.012138630 0.940421522 98.654586792
0.935220897 -0.009434901 0.353938818 5.395227432 0.004511765 0.999881268 0.014732159 -2.579402447 -0.354035825 -0.012180933 0.935152531 99.159965515
0.930581331 -0.010019218 0.365948051 5.618986130 0.004844665 0.999874890 0.015055715 -2.591712952 -0.366053015 -0.012237671 0.930513501 99.671287537
0.925979137 -0.010525160 0.377427936 5.846704483 0.005202374 0.999872148 0.015119507 -2.604520798 -0.377538800 -0.012036826 0.925915480 100.161125183
0.920098841 -0.010855824 0.391535789 6.088699341 0.005456585 0.999874055 0.014899941 -2.606250286 -0.391648233 -0.011572970 0.920042217 100.670982361
0.914660335 -0.011998147 0.404045254 6.339271545 0.006297415 0.999861002 0.015435115 -2.617064238 -0.404174298 -0.011573446 0.914608777 101.165588379
0.909807265 -0.012307054 0.414848804 6.585365295 0.006534174 0.999861062 0.015332114 -2.624878883 -0.414979875 -0.011238571 0.909761190 101.672714233
0.904190481 -0.012294339 0.426952571 6.840965271 0.006275843 0.999860168 0.015500700 -2.638196945 -0.427083373 -0.011336096 0.904141188 102.146858215
0.897628725 -0.012988406 0.440560937 7.117671967 0.006691793 0.999852061 0.015842849 -2.659367561 -0.440701604 -0.011272852 0.897582889 102.634216309
0.891774714 -0.013737972 0.452271104 7.394702911 0.007343697 0.999846756 0.015890785 -2.663193703 -0.452420145 -0.010849657 0.891738951 103.134796143
0.886007667 -0.014315083 0.463449538 7.670215607 0.007793886 0.999841809 0.015983138 -2.674488068 -0.463605016 -0.010549108 0.885979176 103.600471497
0.878865123 -0.014443741 0.476851612 7.966613770 0.007677344 0.999840260 0.016135179 -2.686685085 -0.477008611 -0.010519693 0.878835678 104.086044312
0.871783674 -0.014778649 0.489668101 8.268196106 0.007880310 0.999838531 0.016146328 -2.696089745 -0.489827633 -0.010217370 0.871759415 104.560806274
