1.000000000 0.000000000 0.000000000 0.000000000 0.000000000 1.000000000 0.000000000 0.000000000 0.000000000 0.000000000 1.000000000 0.000000000
1.000000000 -0.000024886 -0.000051006 0.000155012 0.000024888 1.000000000 0.000039684 -0.001095084 0.000051005 -0.000039685 1.000000000 -0.002858613
1.000000000 -0.000071643 -0.000053652 0.002083568 0.000071644 1.000000000 0.000034397 -0.001043442 0.000053650 -0.000034401 1.000000000 -0.002597156
1.000000000 -0.000084360 -0.000105826 0.000345559 0.000084365 1.000000000 0.000049966 -0.000925406 0.000105822 -0.000049975 1.000000000 -0.000636329
1.000000000 -0.000120971 -0.000066359 -0.000580689 0.000120973 1.000000000 0.000038707 -0.000336502 0.000066354 -0.000038716 1.000000000 -0.001965318
1.000000000 -0.000113070 -0.000035700 -0.000194077 0.000113072 1.000000000 0.000062372 -0.000963506 0.000035693 -0.000062376 1.000000000 -0.000398461
1.000000000 -0.000161105 -0.000011695 0.000118186 0.000161107 1.000000000 0.000098216 -0.002050175 0.000011679 -0.000098218 1.000000000 -0.002046620
1.000000000 -0.000016000 -0.000065237 0.000438158 0.000016001 1.000000000 0.000016457 0.000155068 0.000065237 -0.000016458 1.000000000 -0.003240216
1.000000000 -0.000013657 -0.000010502 0.000210884 0.000013658 1.000000000 0.000040646 -0.000644308 0.000010502 -0.000040646 1.000000000 -0.001119765
1.000000000 -0.000013819 0.000003785 -0.001650766 0.000013819 1.000000000 -0.000003443 0.000814655 -0.000003785 0.000003443 1.000000000 -0.001680455
1.000000000 0.000030701 -0.000021940 -0.001040013 -0.000030701 1.000000000 0.000018078 0.001100678 0.000021941 -0.000018077 1.000000000 0.000377223
1.000000000 -0.000064398 -0.000039217 -0.000939418 0.000064395 1.000000000 -0.000086224 0.002609757 0.000039222 0.000086222 1.000000000 -0.000506252
1.000000000 -0.000162079 -0.000082002 -0.001439785 0.000162085 1.000000000 0.000076814 -0.000918694 0.000081990 -0.000076827 1.000000000 -0.002048574
1.000000000 -0.000087962 -0.000054902 -0.000864448 0.000087962 1.000000000 -0.000011111 0.002300242 0.000054903 0.000011106 1.000000000 -0.002210696
1.000000000 0.000044364 -0.000018606 0.001070016 -0.000044364 1.000000000 0.000027040 0.001091782 0.000018607 -0.000027039 1.000000000 -0.001968796
1.000000000 -0.000081550 -0.000049492 0.000012511 0.000081553 1.000000000 0.000074375 -0.000222711 0.000049486 -0.000074379 1.000000000 -0.002098485
1.000000000 -0.000053048 -0.000016850 -0.001521931 0.000053048 1.000000000 -0.000003409 0.001221529 0.000016850 0.000003408 1.000000000 -0.001377152
1.000000000 0.000025904 -0.000017234 -0.001434279 -0.000025904 1.000000000 -0.000005791 0.001019418 0.000017234 0.000005792 1.000000000 -0.000915383
1.000000000 -0.000119530 -0.000066755 -0.000282920 0.000119529 1.000000000 -0.000011701 0.000276139 0.000066756 0.000011693 1.000000000 -0.002702229
1.000000000 -0.000171222 -0.000149031 0.001686811 0.000171226 1.000000000 0.000027658 0.000560172 0.000149026 -0.000027684 1.000000000 -0.001550578
1.000000000 -0.000142397 -0.000085021 -0.000205935 0.000142400 1.000000000 0.000040422 0.000353738 0.000085015 -0.000040434 1.000000000 -0.003638361
1.000000000 -0.000061122 -0.000071940 0.000825987 0.000061125 1.000000000 0.000042633 -0.000069858 0.000071938 -0.000042638 1.000000000 -0.003385157
1.000000000 -0.000084729 -0.000084946 -0.000623734 0.000084734 1.000000000 0.000063918 0.000136627 0.000084941 -0.000063925 1.000000000 -0.002362361
1.000000000 -0.000148745 -0.000052542 -0.000478782 0.000148745 1.000000000 0.000006987 0.000376986 0.000052541 -0.000006995 1.000000000 -0.002038010
1.000000000 -0.000067271 -0.000076591 -0.000244346 0.000067270 1.000000000 -0.000011471 0.000867626 0.000076592 0.000011466 1.000000000 -0.002107841
1.000000000 -0.000070922 -0.000004145 -0.000651011 0.000070922 1.000000000 0.000040256 0.000968204 0.000004142 -0.000040257 1.000000000 -0.001148566
0.999999940 -0.000189382 -0.000165465 0.001708731 0.000189385 1.000000000 0.000021989 0.001926089 0.000165461 -0.000022020 1.000000000 -0.005161140
0.999999940 -0.000287687 -0.000113423 0.000533556 0.000287688 0.999999940 0.000011995 0.000999255 0.000113420 -0.000012027 1.000000000 -0.002160822
1.000000000 -0.000079195 -0.000105586 0.001125691 0.000079200 1.000000000 0.000048852 -0.000314090 0.000105582 -0.000048860 1.000000000 -0.003676372
0.999999940 -0.000219294 -0.000132333 0.001093515 0.000219306 1.000000000 0.000088928 -0.000732162 0.000132314 -0.000088957 1.000000000 -0.003789429
0.999999940 -0.000234877 -0.000168446 0.001353686 0.000234892 0.999999940 0.000090737 -0.000498926 0.000168424 -0.000090777 1.000000000 -0.004775865
1.000000000 -0.000201863 -0.000106093 -0.000422895 0.000201865 1.000000000 0.000015811 0.000799257 0.000106090 -0.000015833 1.000000000 -0.001887475
1.000000000 -0.000115808 -0.000036007 -0.000427657 0.000115808 1.000000000 -0.000011733 0.000801214 0.000036009 0.000011729 1.000000000 -0.001120335
1.000000000 -0.000033152 -0.000034775 -0.001638705 0.000033150 1.000000000 -0.000054429 0.002283994 0.000034777 0.000054428 1.000000000 -0.003428607
0.999999940 -0.000271025 -0.000121325 0.000472361 0.000271033 0.999999940 0.000064635 0.000425827 0.000121307 -0.000064668 1.000000000 -0.004054999
1.000000000 -0.000129676 -0.000153607 0.002299252 0.000129670 1.000000000 -0.000037358 0.000827535 0.000153612 0.000037338 1.000000000 -0.005993684
1.000000000 -0.000120052 -0.000126744 0.001485847 0.000120061 1.000000000 0.000073161 0.000384864 0.000126735 -0.000073176 1.000000000 -0.004625964
0.999999940 -0.000286735 -0.000153513 0.001094734 0.000286739 0.999999940 0.000027543 -0.000871059 0.000153505 -0.000027587 1.000000000 -0.005494900
1.000000000 -0.000148975 -0.000149514 0.000520038 0.000148985 1.000000000 0.000062858 -0.000171775 0.000149505 -0.000062880 1.000000000 -0.003405825
1.000000000 -0.000031172 -0.000085937 -0.001092489 0.000031172 1.000000000 -0.000002213 -0.000067042 0.000085937 0.000002210 1.000000000 -0.002032979
0.999999940 -0.000239069 -0.000063277 -0.000469583 0.000239038 0.999999881 -0.000483890 -0.004017883 0.000063392 0.000483875 0.999999881 0.046401307
1.000000000 -0.000041349 -0.000068279 0.000531510 0.000041271 0.999999344 -0.001147395 -0.003661719 0.000068327 0.001147392 0.999999344 0.140314132
0.999999940 -0.000195660 -0.000156758 0.006809912 0.000195446 0.999999046 -0.001365595 -0.007465320 0.000157025 0.001365564 0.999999046 0.247253537
1.000000000 -0.000052250 -0.000102455 0.007133421 0.000052113 0.999999106 -0.001339684 -0.015159158 0.000102524 0.001339678 0.999999106 0.380580276
1.000000000 -0.000074721 -0.000146308 0.010221584 0.000074551 0.999999344 -0.001163432 -0.016307086 0.000146394 0.001163421 0.999999285 0.522781074
1.000000000 0.000145065 0.000056620 0.012193776 -0.000145004 0.999999404 -0.001085758 -0.021067834 -0.000056778 0.001085749 0.999999404 0.684201598
1.000000000 -0.000056022 -0.000026943 0.023549048 0.000055999 0.999999642 -0.000862965 -0.028447157 0.000026991 0.000862963 0.999999642 0.847888350
0.999999940 0.000277564 0.000258128 0.014593277 -0.000277397 0.999999762 -0.000649114 -0.028784711 -0.000258308 0.000649043 0.999999762 1.015366435
1.000000000 0.000048976 0.000024492 0.023339277 -0.000048962 0.999999821 -0.000572157 -0.039046764 -0.000024520 0.000572156 0.999999821 1.203540087
1.000000000 0.000073926 0.000188352 0.027466569 -0.000073851 0.999999940 -0.000402657 -0.041277703 -0.000188382 0.000402643 0.999999881 1.370480657
0.999999940 0.000421274 0.000016254 0.034866534 -0.000421270 0.999999881 -0.000295536 -0.044773240 -0.000016379 0.000295529 0.999999940 1.569458604
0.999999940 -0.000007617 0.000252536 0.034505431 0.000007649 1.000000000 -0.000128368 -0.056985196 -0.000252535 0.000128370 0.999999940 1.772274613
0.999999762 0.000608237 -0.000003226 0.044553190 -0.000608234 0.999999464 0.000871898 -0.075670056 0.000003756 -0.000871896 0.999999583 1.949560046
0.999999702 0.000701401 0.000238195 0.043771230 -0.000701610 0.999999404 0.000879137 -0.083241142 -0.000237578 -0.000879304 0.999999583 2.161365271
0.999999702 0.000745479 0.000046218 0.050474990 -0.000745530 0.999999106 0.001116870 -0.086093366 -0.000045386 -0.001116904 0.999999344 2.384207964
1.000000000 0.000156166 -0.000124424 0.063030623 -0.000156031 0.999999404 0.001085897 -0.102110766 0.000124593 -0.001085877 0.999999404 2.600737810
0.999999881 0.000387128 -0.000086173 0.062255498 -0.000387052 0.999999583 0.000871615 -0.105616711 0.000086510 -0.000871581 0.999999642 2.836321354
1.000000000 -0.000141848 0.000023890 0.071677007 0.000141818 0.999999225 0.001228941 -0.112945788 -0.000024064 -0.001228937 0.999999285 3.061897516
1.000000000 -0.000135164 -0.000205062 0.073804960 0.000135399 0.999999404 0.001147437 -0.118594632 0.000204907 -0.001147465 0.999999344 3.315034866
1.000000000 -0.000082336 -0.000014525 0.077160902 0.000082357 0.999998868 0.001448244 -0.129707992 0.000014406 -0.001448245 0.999998868 3.536821127
0.999999940 0.000217926 -0.000231256 0.086717822 -0.000217528 0.999998331 0.001720966 -0.135146290 0.000231631 -0.001720916 0.999998391 3.788843393
1.000000000 0.000084792 0.000146108 0.085470438 -0.000085042 0.999998569 0.001711788 -0.141055599 -0.000145962 -0.001711800 0.999998510 4.061121941
0.999999702 0.000697240 0.000391070 0.083852261 -0.000697976 0.999997973 0.001885107 -0.149464980 -0.000389755 -0.001885379 0.999998152 4.311607838
0.999999702 0.000587462 0.000480605 0.087545186 -0.000588307 0.999998271 0.001759909 -0.155669779 -0.000479571 -0.001760191 0.999998331 4.572275162
0.999999821 0.000623141 0.000274142 0.102234252 -0.000623717 0.999997556 0.002105564 -0.166910738 -0.000272829 -0.002105734 0.999997795 4.821242809
0.999999881 0.000618024 0.000253049 0.101032160 -0.000618629 0.999996960 0.002397391 -0.175435737 -0.000251567 -0.002397547 0.999997079 5.083543301
0.999999821 0.000595119 0.000019323 0.109922096 -0.000595166 0.999996722 0.002496209 -0.183904454 -0.000017837 -0.002496220 0.999996901 5.343684196
0.999999642 0.000791882 0.000152293 0.112309545 -0.000792255 0.999996781 0.002464855 -0.194100112 -0.000150341 -0.002464975 0.999996960 5.618962288
0.999998748 0.001474248 0.000422198 0.114786774 -0.001475371 0.999995351 0.002672288 -0.198264152 -0.000418256 -0.002672908 0.999996305 5.878570557
0.999999762 0.000525603 0.000422707 0.113648564 -0.000526903 0.999995053 0.003082098 -0.225081712 -0.000421085 -0.003082320 0.999995172 6.144256592
0.999999702 0.000690700 0.000488099 0.118456028 -0.000692243 0.999994814 0.003168493 -0.232359096 -0.000485908 -0.003168829 0.999994874 6.428654194
0.999999642 0.000650255 0.000531058 0.128308386 -0.000652046 0.999994099 0.003378829 -0.243926853 -0.000528858 -0.003379174 0.999994159 6.702795982
0.999999583 0.000804370 0.000397974 0.136738166 -0.000805660 0.999994397 0.003253949 -0.251171291 -0.000395354 -0.003254268 0.999994636 7.001349926
0.999999762 0.000530140 0.000398725 0.145920217 -0.000531406 0.999994755 0.003180783 -0.260227174 -0.000397036 -0.003180993 0.999994874 7.292858124
0.999998689 0.001345484 0.000877154 0.146289408 -0.001348376 0.999993622 0.003305619 -0.276679426 -0.000872701 -0.003306797 0.999994099 7.602829933
0.999998987 0.001079274 0.000903200 0.147287816 -0.001082220 0.999994040 0.003268575 -0.282976866 -0.000899666 -0.003269549 0.999994278 7.908399105
0.999999225 0.000826676 0.000901373 0.157758147 -0.000829789 0.999993682 0.003457913 -0.291978925 -0.000898509 -0.003458658 0.999993622 8.234251976
0.999997914 0.001626981 0.001188894 0.159604684 -0.001631097 0.999992609 0.003469288 -0.301031083 -0.001183241 -0.003471220 0.999993265 8.556759834
0.999998927 0.000957286 0.001209005 0.164176226 -0.000961456 0.999993563 0.003452952 -0.309339494 -0.001205692 -0.003454110 0.999993324 8.888392448
0.999999523 0.000287687 0.001017901 0.179730162 -0.000291224 0.999993980 0.003476558 -0.323160738 -0.001016895 -0.003476852 0.999993503 9.244143486
0.999998510 0.001011497 0.001348292 0.177166790 -0.001016414 0.999992788 0.003651321 -0.337174058 -0.001344589 -0.003652686 0.999992430 9.553594589
0.999998271 0.001163077 0.001385007 0.189542249 -0.001168368 0.999991894 0.003825054 -0.344840705 -0.001380547 -0.003826666 0.999991715 9.897190094
0.999997914 0.001399183 0.001494435 0.187665835 -0.001404740 0.999992073 0.003724424 -0.355044693 -0.001489213 -0.003726516 0.999991953 10.246466637
0.999997556 0.001463367 0.001625130 0.195748031 -0.001469559 0.999991596 0.003815499 -0.361838371 -0.001619533 -0.003817877 0.999991417 10.610181808
0.999998093 0.001434859 0.001341930 0.207667321 -0.001440190 0.999991059 0.003980125 -0.373948574 -0.001336207 -0.003982050 0.999991179 10.969071388
0.999997258 0.001722204 0.001557404 0.211109161 -0.001728370 0.999990642 0.003966412 -0.383379489 -0.001550558 -0.003969092 0.999990940 11.355998993
0.999997079 0.001949379 0.001463612 0.218955502 -0.001955148 0.999990404 0.003950808 -0.389367819 -0.001455896 -0.003953658 0.999991059 11.735809326
0.999998569 0.001047125 0.001320329 0.230779529 -0.001052553 0.999990940 0.004117461 -0.405907393 -0.001316006 -0.004118844 0.999990642 12.081501007
0.999998689 0.000980260 0.001262150 0.240349159 -0.000985571 0.999990582 0.004213879 -0.413872540 -0.001258007 -0.004215117 0.999990344 12.469590187
0.999998510 0.001012705 0.001392165 0.246168509 -0.001018523 0.999990642 0.004184644 -0.429443300 -0.001387914 -0.004186055 0.999990284 12.855468750
0.999998569 0.001163162 0.001210508 0.256806016 -0.001168326 0.999990106 0.004273468 -0.440717638 -0.001205525 -0.004274876 0.999990165 13.246063232
0.999998033 0.001071227 0.001679064 0.260219872 -0.001078622 0.999989688 0.004409640 -0.453278482 -0.001674323 -0.004411442 0.999988914 13.663729668
0.999997199 0.001427942 0.001864478 0.269678235 -0.001436949 0.999987245 0.004838381 -0.468219012 -0.001857545 -0.004841047 0.999986529 14.059523582
0.999997556 0.001075918 0.001889489 0.280546486 -0.001085030 0.999987721 0.004828336 -0.481295317 -0.001884271 -0.004830375 0.999986529 14.482666016
0.999996781 0.001142335 0.002266881 0.289322436 -0.001153053 0.999988258 0.004732586 -0.492754549 -0.002261448 -0.004735184 0.999986231 14.900550842
0.999996841 0.001078179 0.002272158 0.302369565 -0.001089524 0.999986947 0.004997803 -0.505887151 -0.002266740 -0.005000263 0.999984920 15.321730614
0.999995649 0.001465635 0.002584002 0.313728899 -0.001478668 0.999986231 0.005048966 -0.518339992 -0.002576566 -0.005052764 0.999983966 15.752535820
0.999993384 0.001678061 0.003247229 0.316521794 -0.001695348 0.999984384 0.005328204 -0.528283238 -0.003238237 -0.005333674 0.999980509 16.211578369
0.999994218 0.001237754 0.003171237 0.324636400 -0.001254485 0.999985218 0.005279262 -0.549260974 -0.003164656 -0.005283209 0.999981046 16.627532959
0.999993145 0.001258531 0.003487582 0.337467194 -0.001276474 0.999985933 0.005147353 -0.555330634 -0.003481055 -0.005151769 0.999980688 17.086746216
0.999993563 0.000994329 0.003452913 0.350464970 -0.001014444 0.999982476 0.005828608 -0.575066626 -0.003447057 -0.005832073 0.999977052 17.526327133
0.999992728 0.001137803 0.003635238 0.369414806 -0.001159229 0.999981880 0.005897349 -0.587805390 -0.003628463 -0.005901521 0.999976039 17.990167618
0.999991953 0.000876859 0.003913478 0.384791553 -0.000901676 0.999979496 0.006344402 -0.597543776 -0.003907835 -0.006347880 0.999972224 18.458599091
0.999991536 0.000498160 0.004090665 0.387729615 -0.000525577 0.999977410 0.006703929 -0.631494403 -0.004087233 -0.006706022 0.999969184 18.924671173
0.999991238 0.000577856 0.004151052 0.402844787 -0.000605676 0.999977291 0.006703856 -0.638500929 -0.004147084 -0.006706311 0.999968946 19.403251648
0.999989867 0.000832728 0.004423400 0.411959082 -0.000864042 0.999974489 0.007081910 -0.655609488 -0.004417390 -0.007085660 0.999965191 19.872182846
0.999990582 0.000414727 0.004329201 0.431304187 -0.000445695 0.999974370 0.007154856 -0.665903091 -0.004326122 -0.007156719 0.999965012 20.336114883
0.999994338 -0.000202292 0.003344137 0.446293712 0.000178683 0.999975026 0.007058521 -0.693337321 -0.003345482 -0.007057884 0.999969482 20.850444794
0.999995589 -0.000399461 0.002921618 0.456006885 0.000378771 0.999974847 0.007078813 -0.702253878 -0.002924373 -0.007077676 0.999970615 21.359117508
0.999996424 0.000023112 0.002674325 0.454934180 -0.000041226 0.999977112 0.006773204 -0.712583959 -0.002674107 -0.006773291 0.999973476 21.877347946
0.999997020 0.000163477 0.002428567 0.472193390 -0.000181390 0.999972701 0.007377621 -0.735097289 -0.002427294 -0.007378039 0.999969840 22.351388931
0.999997199 0.000418455 0.002331126 0.477536857 -0.000434952 0.999974847 0.007080716 -0.740455329 -0.002328105 -0.007081710 0.999972224 22.867746353
0.999998450 -0.000251072 0.001728248 0.491736799 0.000238794 0.999974668 0.007101282 -0.759244442 -0.001729987 -0.007100859 0.999973297 23.395519257
0.999998152 -0.001810446 0.000501758 0.504528105 0.001806751 0.999971867 0.007270406 -0.779980719 -0.000514907 -0.007269487 0.999973416 23.875146866
0.999999881 0.000326438 0.000283602 0.508458138 -0.000328496 0.999973416 0.007286783 -0.783093512 -0.000281215 -0.007286876 0.999973416 24.407739639
0.999999702 -0.000631662 -0.000434701 0.514621496 0.000635061 0.999968886 0.007865097 -0.803376198 0.000429719 -0.007865371 0.999968946 24.911956787
0.999998987 -0.000711566 -0.001240399 0.519308269 0.000720956 0.999970973 0.007586564 -0.810068965 0.001234965 -0.007587452 0.999970376 25.455247879
0.999999046 -0.000165864 -0.001381423 0.511393905 0.000176511 0.999970257 0.007710758 -0.823267698 0.001380103 -0.007710994 0.999969244 25.987014771
0.999999106 -0.000475523 -0.001253053 0.530555665 0.000486312 0.999962747 0.008624344 -0.836359143 0.001248906 -0.008624946 0.999961972 26.544805527
0.999994516 -0.001679530 -0.002853498 0.559033394 0.001704777 0.999959171 0.008868158 -0.867067039 0.002838488 -0.008872973 0.999956608 27.048191071
0.999997139 -0.000039412 -0.002384973 0.559600472 0.000059943 0.999962926 0.008608726 -0.877501726 0.002384546 -0.008608843 0.999960124 27.588006973
0.999996603 -0.000082343 -0.002628203 0.567481220 0.000106379 0.999958158 0.009146394 -0.890897036 0.002627340 -0.009146642 0.999954700 28.152521133
0.999992549 -0.000961990 -0.003741789 0.573274791 0.000996198 0.999957621 0.009150859 -0.917682528 0.003732827 -0.009154518 0.999951124 28.668937683
0.999993861 -0.000236493 -0.003506398 0.573791504 0.000268908 0.999957204 0.009247065 -0.928019047 0.003504060 -0.009247950 0.999951124 29.206775665
0.999990761 -0.000881533 -0.004210069 0.582594275 0.000919697 0.999958396 0.009071426 -0.934983313 0.004201897 -0.009075213 0.999949932 29.754848480
0.999987960 -0.001503745 -0.004677477 0.599254906 0.001547101 0.999955714 0.009279333 -0.948501468 0.004663317 -0.009286457 0.999945998 30.307268143
0.999986947 -0.001171020 -0.004974158 0.604915619 0.001216610 0.999957204 0.009172187 -0.962288618 0.004963205 -0.009178120 0.999945521 30.858127594
0.999984086 -0.001422775 -0.005463800 0.617270112 0.001473588 0.999955595 0.009307182 -0.978969574 0.005450316 -0.009315086 0.999941707 31.386474609
0.999985039 -0.000521774 -0.005457523 0.623707414 0.000572286 0.999956965 0.009257928 -0.994053841 0.005452458 -0.009260911 0.999942243 31.922809601
0.999981642 -0.001447938 -0.005880280 0.633107662 0.001503833 0.999953628 0.009512322 -1.011980891 0.005866234 -0.009520990 0.999937475 32.479160309
0.999981582 -0.001240365 -0.005944895 0.632517815 0.001295569 0.999955952 0.009290973 -1.017942309 0.005933109 -0.009298502 0.999939203 33.033016205
0.999983609 -0.000688421 -0.005675304 0.640524983 0.000742574 0.999954164 0.009545337 -1.038187027 0.005668473 -0.009549397 0.999938369 33.564674377
0.999980867 -0.001216956 -0.006065416 0.640042782 0.001276750 0.999950528 0.009863952 -1.054705620 0.006053112 -0.009871510 0.999932945 34.144447327
0.999981225 -0.001071777 -0.006031949 0.643802643 0.001128759 0.999954641 0.009451281 -1.060960054 0.006021546 -0.009457913 0.999937177 34.711585999
0.999982417 -0.001088184 -0.005827855 0.656449676 0.001144444 0.999952674 0.009659136 -1.074679852 0.005817068 -0.009665637 0.999936402 35.238571167
0.999975026 -0.001210332 -0.006962021 0.656427026 0.001277456 0.999952614 0.009645069 -1.093929768 0.006950018 -0.009653721 0.999929249 35.726795197
0.999976516 -0.000429022 -0.006829627 0.661612332 0.000494624 0.999953747 0.009606747 -1.108975887 0.006825189 -0.009609899 0.999930561 36.279148102
0.999974549 -0.000579846 -0.007111540 0.666170418 0.000650773 0.999949992 0.009975197 -1.119422555 0.007105399 -0.009979570 0.999924958 36.821071625
0.999971747 -0.001349506 -0.007387157 0.678853154 0.001424006 0.999948084 0.010089149 -1.141059875 0.007373157 -0.010099383 0.999921799 37.331962585
0.999972939 -0.000555295 -0.007332347 0.678763151 0.000625034 0.999954462 0.009512291 -1.116283894 0.007326732 -0.009516617 0.999927878 37.905776978
0.999967396 -0.001842984 -0.007854177 0.691050529 0.001925313 0.999943078 0.010487542 -1.165286064 0.007834400 -0.010502320 0.999914169 38.419647217
0.999965429 -0.002067752 -0.008056870 0.704604506 0.002153035 0.999941587 0.010590968 -1.180116057 0.008034500 -0.010607946 0.999911427 38.952152252
0.999969780 -0.001349158 -0.007656633 0.713014841 0.001431308 0.999941349 0.010734066 -1.197286129 0.007641703 -0.010744699 0.999913037 39.536651611
0.999965489 -0.001529905 -0.008167573 0.709312081 0.001619933 0.999937892 0.011027402 -1.217189789 0.008150195 -0.011040253 0.999905825 39.980335236
0.999958992 -0.002247692 -0.008779408 0.722230554 0.002339537 0.999942541 0.010465191 -1.229200006 0.008755380 -0.010485299 0.999906659 40.534091949
0.999956548 -0.002535741 -0.008980481 0.729765832 0.002635255 0.999935150 0.011086797 -1.236715555 0.008951784 -0.011109982 0.999898255 41.075466156
0.999951422 -0.002996427 -0.009391260 0.734179497 0.003099893 0.999934435 0.011022035 -1.243705273 0.009357620 -0.011050611 0.999895096 41.643718719
0.999963105 -0.001352509 -0.008490814 0.741980314 0.001443791 0.999941170 0.010753753 -1.246755958 0.008475768 -0.010765615 0.999906063 42.184482574
0.999961793 -0.002031914 -0.008498935 0.714644194 0.002129837 0.999931276 0.011528579 -1.284935236 0.008474926 -0.011546238 0.999897420 42.647655487
0.999962211 -0.002093101 -0.008435121 0.719940066 0.002188579 0.999933481 0.011325842 -1.293595552 0.008410853 -0.011343875 0.999900281 43.203315735
0.999965250 -0.001341542 -0.008227454 0.727100551 0.001435892 0.999933183 0.011472545 -1.308253765 0.008211514 -0.011483962 0.999900341 43.712764740
0.999965906 -0.001681751 -0.008075679 0.727877617 0.001774871 0.999931991 0.011537611 -1.320971727 0.008055725 -0.011551553 0.999900818 44.262317657
0.999964118 -0.001376040 -0.008354393 0.742375135 0.001472346 0.999932408 0.011532426 -1.329366922 0.008337960 -0.011544314 0.999898553 44.803340912
0.999967575 -0.001310825 -0.007942739 0.752076864 0.001402963 0.999931693 0.011605834 -1.334435463 0.007926984 -0.011616601 0.999901116 45.317028046
0.999962986 -0.001548928 -0.008461967 0.740219533 0.001651820 0.999924541 0.012165913 -1.376539230 0.008442486 -0.012179443 0.999890149 45.777034760
0.999962687 -0.001427738 -0.008516665 0.755207539 0.001531209 0.999924898 0.012155196 -1.388843298 0.008498672 -0.012167785 0.999889791 46.316108704
0.999961615 -0.001551134 -0.008621502 0.757484436 0.001657724 0.999922037 0.012369865 -1.396947622 0.008601643 -0.012383684 0.999886334 46.875041962
0.999965549 -0.000784187 -0.008262584 0.755144954 0.000882586 0.999928594 0.011912005 -1.402729750 0.008252653 -0.011918887 0.999894857 47.408622742
0.999961138 -0.001629957 -0.008658093 0.758263469 0.001737209 0.999921620 0.012394357 -1.423642635 0.008637213 -0.012408919 0.999885619 47.859855652
0.999960303 -0.001545688 -0.008777732 0.771555066 0.001650891 0.999926746 0.011990678 -1.431087255 0.008758555 -0.012004695 0.999889553 48.401771545
0.999961317 -0.001643293 -0.008641095 0.775035322 0.001750891 0.999920845 0.012459107 -1.445579529 0.008619939 -0.012473756 0.999885023 48.908687592
0.999962211 -0.000724846 -0.008655201 0.781076312 0.000829557 0.999926448 0.012100588 -1.438977122 0.008645793 -0.012107314 0.999889314 49.498661041
0.999958873 -0.002173387 -0.008803703 0.783000886 0.002283765 0.999918699 0.012547099 -1.465068340 0.008775719 -0.012566690 0.999882519 49.959701538
0.999959409 -0.001684052 -0.008849490 0.785879135 0.001794608 0.999920189 0.012499808 -1.471624374 0.008827733 -0.012515184 0.999882698 50.488597870
0.999959469 -0.001549683 -0.008863965 0.788806200 0.001661354 0.999919116 0.012604886 -1.482542634 0.008843714 -0.012619102 0.999881268 51.045444489
0.999961078 -0.001459166 -0.008699254 0.793590307 0.001568801 0.999919295 0.012609335 -1.490073800 0.008680153 -0.012622491 0.999882638 51.535110474
0.999958217 -0.001558775 -0.009012863 0.815099299 0.001671595 0.999920189 0.012523791 -1.495538950 0.008992622 -0.012538334 0.999880970 52.152664185
0.999960363 -0.001617437 -0.008745591 0.804790616 0.001726525 0.999920547 0.012480376 -1.508655787 0.008724710 -0.012494985 0.999883890 52.578186035
0.999952853 -0.001898037 -0.009520507 0.830833435 0.002012582 0.999925554 0.012036298 -1.514923692 0.009496952 -0.012054891 0.999882281 53.251281738
0.999961376 -0.001172815 -0.008703112 0.811814308 0.001284038 0.999917448 0.012785126 -1.528113604 0.008687397 -0.012795808 0.999880433 53.669418335
0.999960363 -0.001804729 -0.008717799 0.817695022 0.001916113 0.999916375 0.012785275 -1.546068668 0.008693995 -0.012801473 0.999880254 54.143993378
0.999964356 -0.001091707 -0.008373236 0.817176640 0.001194175 0.999924421 0.012242277 -1.548167467 0.008359238 -0.012251840 0.999890029 54.693222046
0.999962509 -0.001638350 -0.008498010 0.830751538 0.001746403 0.999917448 0.012723230 -1.560023069 0.008476465 -0.012737595 0.999882877 55.249073029
0.999965906 -0.001224524 -0.008178961 0.849963188 0.001328800 0.999917746 0.012756126 -1.573527932 0.008162670 -0.012766561 0.999885142 55.779247284
0.999960780 -0.001913879 -0.008638974 0.842595935 0.002028374 0.999909997 0.013264108 -1.584872007 0.008612810 -0.013281112 0.999874711 56.210071564
0.999964237 -0.001295564 -0.008360751 0.890113592 0.001397830 0.999924183 0.012237441 -1.548619986 0.008344262 -0.012248689 0.999890149 56.888877869
0.999961376 -0.001594600 -0.008641176 0.854524374 0.001705397 0.999916315 0.012829907 -1.602659702 0.008619993 -0.012844147 0.999880314 57.298881531
0.999960899 -0.001878161 -0.008640081 0.867579579 0.001992402 0.999910414 0.013232725 -1.608672857 0.008614451 -0.013249421 0.999875069 57.769863129
0.999960840 -0.001408395 -0.008735294 0.892174065 0.001516067 0.999922752 0.012331730 -1.583344221 0.008717252 -0.012344493 0.999885798 58.396354675
0.999958456 -0.002251944 -0.008830571 0.890669882 0.002373719 0.999901831 0.013803924 -1.633299232 0.008798619 -0.013824313 0.999865770 58.878799438
0.999960721 -0.001531076 -0.008721409 0.899661481 0.001651253 0.999903500 0.013789061 -1.646082401 0.008699454 -0.013802923 0.999866903 59.425632477
0.999961019 -0.002038148 -0.008590654 0.912332058 0.002153961 0.999906659 0.013493638 -1.658870816 0.008562348 -0.013511617 0.999872029 59.991786957
0.999967039 -0.000584842 -0.008100876 0.910423219 0.000698960 0.999900401 0.014091397 -1.659422636 0.008091826 -0.014096593 0.999867916 60.523258209
0.999957740 -0.002099081 -0.008947837 0.909010649 0.002220708 0.999904990 0.013604762 -1.672520399 0.008918430 -0.013624057 0.999867380 60.892265320
0.999955952 -0.001089987 -0.009324075 1.073247433 0.001196655 0.999933839 0.011442128 -1.639148831 0.009310985 -0.011452783 0.999891043 61.892589569
0.999948919 -0.002142930 -0.009875995 0.926738620 0.002265387 0.999920487 0.012404948 -1.683199883 0.009848626 -0.012426687 0.999874294 61.973442078
0.999942482 -0.002278668 -0.010476846 0.934279919 0.002408738 0.999920011 0.012419248 -1.687631369 0.010447710 -0.012443772 0.999867976 62.534999847
0.999957204 -0.001617359 -0.009099277 0.935979724 0.001740807 0.999906361 0.013575261 -1.724352598 0.009076468 -0.013590521 0.999866426 63.005519867
0.999944806 -0.000989928 -0.010464323 1.053937674 0.001115095 0.999927819 0.011962182 -1.677868605 0.010451726 -0.011973190 0.999873698 63.821426392
0.999958098 -0.002182418 -0.008887506 0.938650548 0.002306936 0.999899030 0.014024402 -1.738147497 0.008856003 -0.014044320 0.999862134 64.130256653
0.999957919 -0.002778727 -0.008734246 0.953148544 0.002903221 0.999893963 0.014273346 -1.751601815 0.008693659 -0.014298106 0.999859989 64.677963257
0.999962449 -0.001611452 -0.008511542 0.977725327 0.001728190 0.999904335 0.013725814 -1.759936571 0.008488609 -0.013740010 0.999869525 65.232696533
0.999970853 -0.001111869 -0.007547129 0.983795643 0.001220711 0.999895096 0.014432455 -1.791586280 0.007530292 -0.014441247 0.999867320 65.742881775
0.999954283 -0.002378883 -0.009256549 1.017414212 0.002511750 0.999893665 0.014368801 -1.780304670 0.009221383 -0.014391395 0.999853849 66.335014343
0.999958217 -0.001387001 -0.009032252 0.970011473 0.001519153 0.999891639 0.014640713 -1.840106606 0.009010968 -0.014653823 0.999852002 66.574256897
0.999952435 -0.001604992 -0.009617652 0.979236424 0.001743211 0.999895096 0.014380184 -1.844694376 0.009593564 -0.014396266 0.999850333 67.132667542
0.999950826 -0.001760252 -0.009751008 0.980278552 0.001901711 0.999892831 0.014516930 -1.844475031 0.009724410 -0.014534761 0.999846995 67.702178955
0.999947190 -0.002324037 -0.010005803 0.994853377 0.002474258 0.999884009 0.015027260 -1.859807491 0.009969719 -0.015051223 0.999836981 68.201141357
0.999951124 -0.002223516 -0.009635815 0.991082728 0.002366887 0.999886334 0.014893138 -1.871939778 0.009601605 -0.014915218 0.999842644 68.681739807
0.999955416 -0.001130933 -0.009372353 1.000849485 0.001259625 0.999904871 0.013736582 -1.869985342 0.009355928 -0.013747777 0.999861658 69.292701721
0.999962509 -0.001533118 -0.008525433 0.981261611 0.001659409 0.999888718 0.014826073 -1.897466421 0.008501753 -0.014839665 0.999853671 69.595222473
0.999963343 -0.000868863 -0.008524173 0.986163974 0.000991307 0.999896288 0.014370712 -1.901198506 0.008510802 -0.014378638 0.999860287 70.148704529
0.999959648 -0.001619522 -0.008837393 0.992866158 0.001746484 0.999895096 0.014377664 -1.909312487 0.008813180 -0.014392518 0.999857545 70.699821472
0.999963522 -0.001537301 -0.008393590 0.999036491 0.001659742 0.999891996 0.014600037 -1.920946240 0.008370242 -0.014613437 0.999858141 71.129379272
0.999962449 -0.000988364 -0.008618236 1.006297588 0.001109072 0.999901116 0.014012629 -1.910270333 0.008603536 -0.014021659 0.999864638 71.776512146
0.999955058 -0.002094316 -0.009247639 1.025419474 0.002230865 0.999888182 0.014780304 -1.931114197 0.009215652 -0.014800270 0.999848068 72.240959167
0.999960303 -0.002086852 -0.008665415 1.024552703 0.002214751 0.999888361 0.014776469 -1.943012953 0.008633610 -0.014795074 0.999853253 72.673995972
0.999962270 -0.001544501 -0.008540851 1.034510732 0.001661842 0.999904096 0.013748785 -1.935012698 0.008518795 -0.013762462 0.999869049 73.297409058
0.999962509 -0.001973283 -0.008437442 1.031599760 0.002098702 0.999887049 0.014881665 -1.964380980 0.008407122 -0.014898814 0.999853671 73.738151550
0.999962628 -0.001525485 -0.008523033 1.052278161 0.001648461 0.999894381 0.014440285 -1.968099475 0.008500104 -0.014453796 0.999859333 74.255844116
0.999964595 -0.001572613 -0.008274741 1.067701817 0.001690559 0.999896765 0.014266144 -1.971651077 0.008251451 -0.014279628 0.999863923 74.805946350
0.999960363 -0.002207982 -0.008615807 1.066499233 0.002333715 0.999890506 0.014610633 -1.972048879 0.008582602 -0.014630163 0.999856055 75.212318420
0.999962270 -0.002103663 -0.008418663 1.072283745 0.002226225 0.999891281 0.014575622 -1.978863478 0.008387084 -0.014593818 0.999858260 75.765426636
0.999960244 -0.002304334 -0.008612028 1.075915456 0.002429591 0.999890983 0.014562355 -1.987779856 0.008577530 -0.014582699 0.999856830 76.243965149
0.999966025 -0.001848961 -0.008025642 1.081006289 0.001958213 0.999905288 0.013626442 -1.983765483 0.007999686 -0.013641697 0.999874949 76.841316223
0.999956369 -0.002853027 -0.008897915 1.090421915 0.002980767 0.999892235 0.014376157 -1.998649001 0.008855942 -0.014402051 0.999857068 77.297813416
0.999957681 -0.002872617 -0.008743277 1.098140597 0.002996327 0.999895096 0.014169041 -2.004116058 0.008701660 -0.014194640 0.999861360 77.856452942
0.999961376 -0.002935145 -0.008284137 1.102943897 0.003053051 0.999893665 0.014256060 -2.012172699 0.008241412 -0.014280802 0.999863982 78.334465027
0.999970973 -0.002635096 -0.007141066 1.108293891 0.002734813 0.999898314 0.013990205 -2.022186756 0.007103476 -0.014009329 0.999876559 78.874832153
0.999977052 -0.003004037 -0.006075313 1.124647021 0.003084179 0.999907792 0.013225310 -2.016631603 0.006035026 -0.013243747 0.999894083 79.497596741
0.999985456 -0.002908959 -0.004523271 1.124410272 0.002971381 0.999899626 0.013855278 -2.022049665 0.004482512 -0.013868518 0.999893725 79.891555786
0.999996006 -0.002648175 -0.000953832 1.136892200 0.002660895 0.999904156 0.013590545 -2.031430006 0.000917751 -0.013593029 0.999907136 80.430862427
0.999990165 -0.003418192 0.002802852 1.158440948 0.003378178 0.999894142 0.014158610 -2.040429592 -0.002850951 -0.014149003 0.999895751 80.941047668
0.999975681 -0.004108238 0.005621020 1.179322958 0.004031370 0.999899209 0.013618547 -2.039656401 -0.005676402 -0.013595556 0.999891460 81.502815247
0.999934494 -0.002852854 0.011081768 1.187161207 0.002700402 0.999901891 0.013747765 -2.046052456 -0.011119902 -0.013716940 0.999844015 82.063858032
0.999851048 -0.003338105 0.016930407 1.244235516 0.003106357 0.999901474 0.013696098 -2.044075489 -0.016974460 -0.013641468 0.999762774 82.555107117
0.999755740 -0.003178300 0.021872008 1.242057443 0.002873865 0.999898732 0.013936345 -2.060699940 -0.021914087 -0.013870081 0.999663651 83.052413940
0.999607146 -0.003094440 0.027858939 1.270887256 0.002705614 0.999898553 0.013983835 -2.067331791 -0.027899384 -0.013902965 0.999514103 83.598533630
0.999358118 -0.002625130 0.035728902 1.301797152 0.002122503 0.999898374 0.014098495 -2.071553230 -0.035762280 -0.014013611 0.999262094 84.162361145
0.999053061 -0.003450171 0.043371066 1.347965479 0.002813630 0.999887586 0.014729135 -2.090197325 -0.043417007 -0.014593157 0.998950481 84.708511353
0.998720825 -0.003037259 0.050472431 1.387484789 0.002345759 0.999902666 0.013754120 -2.080913067 -0.050509300 -0.013618129 0.998630762 85.287887573
0.998228967 -0.002753408 0.059425693 1.438550472 0.001934130 0.999902308 0.013839721 -2.092138290 -0.059457995 -0.013700273 0.998136759 85.831405640
0.997588456 -0.003344099 0.069325894 1.505570889 0.002359576 0.999895275 0.014278407 -2.100725174 -0.069366381 -0.014080392 0.997491896 86.364715576
0.996939301 -0.003053396 0.078119263 1.544395924 0.001938732 0.999895275 0.014340629 -2.128963947 -0.078154862 -0.014145285 0.996840894 86.863197327
0.996268272 -0.003020230 0.086257771 1.610745430 0.001796997 0.999896765 0.014255262 -2.134353876 -0.086291932 -0.014047060 0.996170878 87.377296448
0.995292783 -0.002673997 0.096876644 1.684196949 0.001330493 0.999902070 0.013930140 -2.137431383 -0.096904404 -0.013735673 0.995198965 87.922645569
0.994190037 -0.002722302 0.107604392 1.770325184 0.001152664 0.999892056 0.014646633 -2.163159847 -0.107632644 -0.014437503 0.994085908 88.443161011
0.993177295 -0.003744963 0.116554193 1.853457451 0.002150428 0.999902487 0.013803382 -2.157263279 -0.116594508 -0.013458565 0.993088484 89.016258240
0.991802812 -0.003985150 0.127715811 1.943971634 0.002124861 0.999889672 0.014698779 -2.174416304 -0.127760321 -0.014306911 0.991701901 89.474433899
0.990184903 -0.004297499 0.139697447 2.038893700 0.002267940 0.999889553 0.014684196 -2.187080622 -0.139745131 -0.014223243 0.990085363 89.996803284
0.988686621 -0.005560226 0.149893373 2.145341873 0.003478191 0.999893785 0.014148698 -2.188153267 -0.149956107 -0.013467268 0.988601029 90.533569336
0.987047374 -0.005472158 0.160335809 2.250650406 0.003215872 0.999892175 0.014328363 -2.206889629 -0.160396904 -0.013627154 0.986958504 91.059318542
0.984845102 -0.005447053 0.173350692 2.352169037 0.002965276 0.999889433 0.014572268 -2.210824966 -0.173410878 -0.013837394 0.984752357 91.560928345
0.982520938 -0.005288471 0.186076924 2.472187042 0.002499143 0.999881029 0.015221556 -2.224869251 -0.186135277 -0.014490465 0.982417285 92.085365295
0.980592072 -0.005613329 0.195978776 2.608151436 0.002813457 0.999890029 0.014562081 -2.220402718 -0.196038947 -0.013728083 0.980499923 92.635604858
0.977923334 -0.005983540 0.208878428 2.746114731 0.002976013 0.999887407 0.014709767 -2.228729725 -0.208942890 -0.013763400 0.977830946 93.151779175
0.974841535 -0.006305349 0.222809806 2.869344711 0.003178629 0.999891400 0.014388979 -2.224790573 -0.222876281 -0.013318742 0.974755883 93.694488525
0.972130895 -0.006344679 0.234353140 3.014493942 0.002977621 0.999887168 0.014718500 -2.238167524 -0.234420106 -0.013610490 0.972040176 94.218231201
0.969243109 -0.007152104 0.246001333 3.174930573 0.003651024 0.999885499 0.014685107 -2.255211353 -0.246078193 -0.013335282 0.969158232 94.728683472
0.965541065 -0.007398719 0.260145605 3.337083817 0.003695246 0.999884725 0.014722352 -2.257115841 -0.260224551 -0.013253734 0.965457261 95.271888733
0.961964250 -0.006346385 0.273101419 3.508867264 0.002403930 0.999888003 0.014768067 -2.264162540 -0.273164600 -0.013549835 0.961871862 95.874526978
0.958556175 -0.006060265 0.284839302 3.686094284 0.001825648 0.999883890 0.015129847 -2.270055056 -0.284897923 -0.013982791 0.958455861 96.400329590
0.954349220 -0.005859449 0.298635602 3.871204376 0.001443932 0.999886394 0.015004130 -2.276904821 -0.298689574 -0.013887969 0.954249263 96.921508789
0.950034261 -0.006563079 0.312076628 4.094787598 0.001944865 0.999884009 0.015107276 -2.273951292 -0.312139660 -0.013745485 0.949936748 97.522491455
0.946181595 -0.006529958 0.323570639 4.290468216 0.001801367 0.999887228 0.014911124 -2.278460979 -0.323631525 -0.013525760 0.946086526 98.041343689
0.941671908 -0.006576985 0.336468339 4.491086960 0.001477199 0.999880135 0.015410547 -2.291493893 -0.336529374 -0.014014648 0.941568673 98.558990479
0.936591446 -0.006732948 0.350358605 4.698053360 0.001499906 0.999883294 0.015205454 -2.290821552 -0.350420028 -0.013715792 0.936492205 99.065139771
0.932008386 -0.007133102 0.362366706 4.919223785 0.001692608 0.999881029 0.015329024 -2.296545506 -0.362432986 -0.013673433 0.931909502 99.572326660
0.927731514 -0.006790807 0.373186588 5.140808105 0.001153506 0.999881804 0.015327081 -2.303819895 -0.373246580 -0.013788941 0.927629709 100.086395264
0.922321975 -0.008435169 0.386330217 5.343379974 0.002648961 0.999876201 0.015507284 -2.309031010 -0.386413157 -0.013279335 0.922230184 100.490264893
0.916738272 -0.009232324 0.399381787 5.583969116 0.003321879 0.999874532 0.015488615 -2.315024853 -0.399474680 -0.012872308 0.916653812 100.988372803
0.911642373 -0.009570974 0.410872847 5.832328796 0.003580537 0.999875724 0.015346880 -2.320527077 -0.410968661 -0.012519722 0.911563516 101.488449097
0.905260026 -0.009118534 0.424760163 6.105709076 0.002805141 0.999876142 0.015486442 -2.319249153 -0.424848765 -0.012827743 0.905173600 101.999465942
0.898396790 -0.009316048 0.439085960 6.374282837 0.002801205 0.999876201 0.015482849 -2.324333191 -0.439175844 -0.012679772 0.898311675 102.482666016
0.892460465 -0.010184617 0.451010615 6.649093628 0.003553772 0.999872804 0.015546685 -2.337315559 -0.451111615 -0.012272012 0.892383218 102.960205078
0.886825919 -0.009791802 0.461999923 6.916210175 0.003049890 0.999877751 0.015337409 -2.335737228 -0.462093621 -0.012192564 0.886747301 103.453704834
0.879831970 -0.010748071 0.475163400 7.176517487 0.003905048 0.999873936 0.015386146 -2.337103367 -0.475268781 -0.011681686 0.879763067 103.886169434
0.872826874 -0.011178484 0.487901926 7.463813782 0.004102358 0.999870241 0.015569499 -2.341778755 -0.488012701 -0.011587927 0.872759581 104.350097656
