1.000000000 0.000000000 0.000000000 0.000000000 0.000000000 1.000000000 0.000000000 0.000000000 0.000000000 0.000000000 1.000000000 0.000000000
1.000000000 -0.000160820 0.000004591 0.000043065 0.000160820 1.000000000 -0.000054251 0.000601461 -0.000004583 0.000054252 1.000000000 0.000467013
1.000000000 -0.000094490 0.000004095 -0.000102178 0.000094490 1.000000000 -0.000030375 0.000306096 -0.000004092 0.000030375 1.000000000 0.000032304
1.000000000 -0.000120032 0.000076877 0.000042493 0.000120040 1.000000000 -0.000103916 0.000995324 -0.000076865 0.000103926 1.000000000 0.000788724
1.000000000 -0.000137182 -0.000013066 0.000812669 0.000137181 1.000000000 -0.000055658 0.001259231 0.000013073 0.000055656 1.000000000 0.000813151
1.000000000 0.000016542 0.000077475 -0.001229421 -0.000016541 1.000000000 -0.000002836 0.000028523 -0.000077475 0.000002835 1.000000000 -0.000767718
1.000000000 0.000007329 0.000042412 -0.000909692 -0.000007322 1.000000000 -0.000162367 0.000598157 -0.000042414 0.000162367 1.000000000 -0.000435236
1.000000000 0.000082717 0.000114350 -0.001254083 -0.000082716 1.000000000 -0.000007958 -0.000388655 -0.000114350 0.000007949 1.000000000 -0.000183050
1.000000000 0.000183147 0.000097196 -0.001915485 -0.000183150 1.000000000 0.000031155 -0.000515038 -0.000097190 -0.000031172 1.000000000 -0.000399030
1.000000000 0.000028646 0.000114901 -0.001011628 -0.000028628 1.000000000 -0.000152643 0.001088306 -0.000114905 0.000152639 1.000000000 0.000727162
1.000000000 0.000190569 0.000049044 -0.001141932 -0.000190563 1.000000000 -0.000122022 0.000621016 -0.000049067 0.000122013 1.000000000 -0.000610211
1.000000000 0.000039220 0.000083519 -0.000984271 -0.000039217 1.000000000 -0.000039718 0.000796490 -0.000083521 0.000039715 1.000000000 0.000264075
1.000000000 0.000185985 0.000103064 -0.000912256 -0.000185965 0.999999940 -0.000191977 0.002130976 -0.000103100 0.000191958 1.000000000 0.001600422
1.000000000 0.000111846 0.000057928 -0.000681851 -0.000111841 1.000000000 -0.000095014 0.000909271 -0.000057939 0.000095008 1.000000000 -0.000198366
0.999999940 0.000148347 0.000203273 -0.002036117 -0.000148308 1.000000000 -0.000191883 0.002261839 -0.000203301 0.000191853 0.999999940 0.002008351
0.999999940 0.000354989 0.000182454 -0.002741676 -0.000354956 0.999999940 -0.000181892 0.002304986 -0.000182518 0.000181828 0.999999940 0.002309600
0.999999940 0.000294596 0.000234738 -0.002373663 -0.000294561 0.999999940 -0.000151060 0.002917276 -0.000234783 0.000150991 0.999999940 0.003139771
0.999999940 0.000153407 0.000193587 -0.001584288 -0.000153384 1.000000000 -0.000121096 0.001526038 -0.000193605 0.000121066 1.000000000 0.002363767
0.999999940 0.000136116 0.000213917 -0.002173750 -0.000136115 1.000000000 -0.000007038 0.001186278 -0.000213918 0.000007009 1.000000000 0.001800932
0.999999940 0.000203450 0.000157861 -0.002006313 -0.000203447 1.000000000 -0.000024189 0.001774327 -0.000157866 0.000024156 1.000000000 0.001851509
0.999999940 0.000201363 0.000145464 -0.001744277 -0.000201355 1.000000000 -0.000054542 0.001492711 -0.000145475 0.000054513 1.000000000 0.002022085
1.000000000 0.000175436 0.000089201 -0.001902660 -0.000175430 1.000000000 -0.000069343 0.001513161 -0.000089213 0.000069328 1.000000000 0.001868780
0.999999940 0.000344901 0.000206931 -0.002765694 -0.000344878 0.999999940 -0.000114506 0.002133531 -0.000206971 0.000114434 1.000000000 0.002464723
0.999999940 0.000305721 0.000247590 -0.002747421 -0.000305689 0.999999940 -0.000131150 0.002152599 -0.000247630 0.000131075 0.999999940 0.002388749
0.999999940 0.000172347 0.000213820 -0.001354587 -0.000172323 1.000000000 -0.000111775 0.002790102 -0.000213839 0.000111739 1.000000000 0.003911789
0.999999940 0.000252650 0.000237248 -0.002527507 -0.000252642 0.999999940 -0.000035043 0.001575046 -0.000237257 0.000034983 1.000000000 0.002207151
1.000000000 0.000160528 0.000131631 -0.001436446 -0.000160516 1.000000000 -0.000093717 0.002294288 -0.000131646 0.000093696 1.000000000 0.002163354
1.000000000 0.000065518 0.000124992 -0.001597412 -0.000065517 1.000000000 -0.000010849 0.001302863 -0.000124993 0.000010841 1.000000000 0.001960186
1.000000000 0.000151953 0.000173648 -0.001433517 -0.000151948 1.000000000 -0.000025024 0.001002565 -0.000173652 0.000024998 1.000000000 0.001917483
1.000000000 0.000162796 0.000165091 -0.001387903 -0.000162780 1.000000000 -0.000097081 0.002130435 -0.000165106 0.000097054 1.000000000 0.003011422
0.999999940 0.000250249 0.000201549 -0.001615370 -0.000250225 0.999999940 -0.000119506 0.002298981 -0.000201579 0.000119455 1.000000000 0.002576716
0.999999940 0.000296306 0.000278261 -0.002706816 -0.000296297 0.999999940 -0.000031237 0.001524013 -0.000278270 0.000031155 0.999999940 0.001774337
0.999999940 0.000300049 0.000208013 -0.002574319 -0.000300022 0.999999940 -0.000130751 0.001481326 -0.000208052 0.000130688 0.999999940 0.002028709
0.999999940 0.000268661 0.000223833 -0.001615462 -0.000268617 0.999999940 -0.000194522 0.002135458 -0.000223885 0.000194462 0.999999940 0.001700880
1.000000000 0.000117652 0.000160900 -0.001560696 -0.000117636 1.000000000 -0.000099667 0.001471646 -0.000160911 0.000099648 1.000000000 0.002256094
1.000000000 0.000133951 0.000174810 -0.001919743 -0.000133933 1.000000000 -0.000098751 0.002881642 -0.000174824 0.000098728 1.000000000 0.003170500
0.999999940 0.000249222 0.000230286 -0.002132677 -0.000249198 0.999999940 -0.000103982 0.002292174 -0.000230312 0.000103924 0.999999940 0.002441265
0.999999940 0.000332933 0.000165941 -0.001136655 -0.000332922 0.999999940 -0.000071307 0.002773675 -0.000165965 0.000071252 1.000000000 0.002542231
0.999999940 0.000258713 0.000186765 -0.001561560 -0.000258691 0.999999940 -0.000115498 0.001479805 -0.000186795 0.000115450 1.000000000 0.003144187
0.999999821 0.000457297 0.000332950 -0.002890445 -0.000457053 0.999999642 -0.000731303 -0.000329307 -0.000333285 0.000731151 0.999999702 0.049930673
0.999999821 0.000390256 0.000275237 -0.000429876 -0.000389919 0.999999225 -0.001221611 -0.002514662 -0.000275713 0.001221503 0.999999225 0.140300333
0.999999642 0.000657318 0.000510835 -0.001630781 -0.000656666 0.999998987 -0.001274574 -0.007167700 -0.000511672 0.001274238 0.999999046 0.254523367
0.999999821 0.000488755 0.000406969 0.002797896 -0.000488271 0.999999225 -0.001189575 -0.010643548 -0.000407550 0.001189376 0.999999225 0.386213452
0.999999762 0.000545982 0.000370327 0.004407476 -0.000545620 0.999999344 -0.000975656 -0.014468831 -0.000370859 0.000975454 0.999999464 0.528830409
0.999999821 0.000362425 0.000462758 0.008892450 -0.000362168 0.999999762 -0.000555746 -0.023050671 -0.000462959 0.000555579 0.999999762 0.682708144
0.999999940 0.000067121 0.000377493 0.015005057 -0.000066974 0.999999940 -0.000389939 -0.026646135 -0.000377519 0.000389914 0.999999821 0.844207704
0.999999881 0.000428686 0.000568224 0.013826640 -0.000428499 0.999999881 -0.000329373 -0.030539561 -0.000568366 0.000329130 0.999999762 1.020346880
0.999999583 0.000654760 0.000572865 0.017916564 -0.000654705 0.999999762 -0.000095360 -0.036125455 -0.000572927 0.000094985 0.999999762 1.197629333
0.999999583 0.000661464 0.000612180 0.021058613 -0.000661630 0.999999762 0.000271866 -0.044245470 -0.000612000 -0.000272271 0.999999762 1.380402327
0.999999344 0.001083459 0.000366839 0.023180589 -0.001083495 0.999999404 0.000097233 -0.046954360 -0.000366734 -0.000097631 0.999999940 1.572561145
0.999999642 0.000415595 0.000610801 0.028259307 -0.000415847 0.999999762 0.000412676 -0.054570641 -0.000610629 -0.000412930 0.999999702 1.776850700
0.999999523 0.000643387 0.000767897 0.030546315 -0.000643863 0.999999523 0.000619477 -0.060780052 -0.000767498 -0.000619971 0.999999523 1.977965713
0.999999762 0.000151760 0.000682478 0.036451824 -0.000152295 0.999999702 0.000784322 -0.068542011 -0.000682359 -0.000784426 0.999999464 2.191348553
0.999999702 0.000352742 0.000676232 0.040687494 -0.000353252 0.999999583 0.000753563 -0.072324246 -0.000675966 -0.000753802 0.999999404 2.410441160
0.999999464 0.000758215 0.000790976 0.043510221 -0.000758635 0.999999583 0.000531313 -0.077036470 -0.000790573 -0.000531913 0.999999583 2.636493683
0.999999523 0.000456517 0.000875344 0.050004546 -0.000457153 0.999999642 0.000726474 -0.085358910 -0.000875013 -0.000726874 0.999999285 2.864316702
0.999999464 0.000387962 0.001012572 0.055763811 -0.000388776 0.999999642 0.000802977 -0.088537395 -0.001012260 -0.000803370 0.999999166 3.108656645
0.999999404 0.000656866 0.000851820 0.060542993 -0.000657583 0.999999404 0.000841571 -0.097604834 -0.000851267 -0.000842131 0.999999225 3.341121435
0.999999642 0.000283626 0.000810696 0.066057958 -0.000284374 0.999999523 0.000923264 -0.105944321 -0.000810434 -0.000923494 0.999999166 3.591605425
0.999999344 0.000726835 0.000879066 0.071741141 -0.000727553 0.999999464 0.000815700 -0.111897908 -0.000878473 -0.000816339 0.999999285 3.852576733
0.999999285 0.000551254 0.000984385 0.074120879 -0.000552067 0.999999642 0.000825654 -0.116978891 -0.000983929 -0.000826197 0.999999166 4.111973763
0.999999106 0.000886212 0.000965986 0.079915248 -0.000886863 0.999999464 0.000673527 -0.120577000 -0.000965388 -0.000674383 0.999999285 4.371027946
0.999999166 0.000433928 0.001230355 0.082949884 -0.000434687 0.999999642 0.000616097 -0.127456799 -0.001230088 -0.000616632 0.999999046 4.629904270
0.999998510 0.001173067 0.001257576 0.089094676 -0.001174293 0.999998748 0.000974088 -0.135752708 -0.001256432 -0.000975563 0.999998689 4.891747475
0.999998808 0.001157163 0.001029992 0.096566312 -0.001158596 0.999998271 0.001391862 -0.145456895 -0.001028380 -0.001393054 0.999998450 5.148850441
0.999998689 0.000848894 0.001318926 0.100405984 -0.000850312 0.999999046 0.001075304 -0.152243644 -0.001318012 -0.001076424 0.999998510 5.413045406
0.999998569 0.000884930 0.001440810 0.103542738 -0.000886286 0.999999166 0.000940579 -0.158970445 -0.001439976 -0.000941854 0.999998510 5.678185940
0.999998629 0.000815892 0.001437759 0.104729079 -0.000817588 0.999998987 0.001179358 -0.169515312 -0.001436795 -0.001180532 0.999998271 5.949149609
0.999998450 0.001059232 0.001433585 0.109304279 -0.001060899 0.999998748 0.001162748 -0.179232582 -0.001432351 -0.001164267 0.999998271 6.229701996
0.999998391 0.000882073 0.001511425 0.122625582 -0.000883576 0.999999106 0.000993902 -0.178622857 -0.001510547 -0.000995236 0.999998331 6.522183418
0.999998271 0.001043704 0.001552601 0.125112846 -0.001045846 0.999998569 0.001379101 -0.188697487 -0.001551159 -0.001380722 0.999997914 6.812855244
0.999997735 0.001339746 0.001659393 0.133895382 -0.001341248 0.999998689 0.000904330 -0.193252340 -0.001658179 -0.000906554 0.999998212 7.110278606
0.999997914 0.001364462 0.001521069 0.141359344 -0.001366099 0.999998510 0.001076098 -0.205594003 -0.001519598 -0.001078174 0.999998271 7.411994457
0.999997616 0.001264146 0.001766652 0.144739270 -0.001265772 0.999998808 0.000919722 -0.216211274 -0.001765487 -0.000921956 0.999998093 7.714651108
0.999998331 0.001008100 0.001498492 0.155380875 -0.001009819 0.999998748 0.001146582 -0.226088032 -0.001497334 -0.001148093 0.999998212 8.045448303
0.999996841 0.001745697 0.001800977 0.156916678 -0.001747766 0.999997795 0.001148215 -0.233835548 -0.001798969 -0.001151359 0.999997675 8.367227554
0.999997675 0.001338516 0.001695692 0.169588163 -0.001340538 0.999998331 0.001191891 -0.242471799 -0.001694094 -0.001194162 0.999997854 8.698156357
0.999996722 0.001371398 0.002120997 0.171218395 -0.001373974 0.999998271 0.001213677 -0.252112687 -0.002119329 -0.001216587 0.999997020 9.015093803
0.999997020 0.001587724 0.001851734 0.182228610 -0.001589648 0.999998152 0.001038078 -0.262860030 -0.001850082 -0.001041019 0.999997735 9.360718727
0.999995708 0.002085856 0.002044993 0.185091242 -0.002088405 0.999997020 0.001245214 -0.274705768 -0.002042389 -0.001249479 0.999997139 9.700653076
0.999994755 0.002254611 0.002320964 0.189778045 -0.002257766 0.999996483 0.001357435 -0.284628272 -0.002317896 -0.001362668 0.999996364 10.052357674
0.999994397 0.002467760 0.002256663 0.194628313 -0.002470750 0.999996066 0.001322788 -0.299018025 -0.002253390 -0.001328356 0.999996543 10.410167694
0.999994934 0.002268994 0.002242635 0.205440030 -0.002272109 0.999996483 0.001387388 -0.308263361 -0.002239479 -0.001392476 0.999996543 10.764736176
0.999995828 0.002068444 0.002062099 0.213805199 -0.002071340 0.999996960 0.001403336 -0.316078484 -0.002059189 -0.001407601 0.999996901 11.132917404
0.999995410 0.002113645 0.002169076 0.226607531 -0.002116946 0.999996603 0.001520706 -0.330169648 -0.002165855 -0.001525290 0.999996483 11.503150940
0.999995887 0.002002927 0.002056470 0.237824976 -0.002005969 0.999996901 0.001478380 -0.339017898 -0.002053503 -0.001482500 0.999996781 11.881299019
0.999995470 0.002072893 0.002175782 0.240790382 -0.002076961 0.999996126 0.001869267 -0.352370858 -0.002171898 -0.001873777 0.999995887 12.271119118
0.999994278 0.002227603 0.002563097 0.250956953 -0.002233282 0.999995053 0.002215116 -0.367494285 -0.002558150 -0.002220827 0.999994218 12.659408569
0.999993265 0.002365793 0.002810988 0.254888773 -0.002371649 0.999994993 0.002081769 -0.375003904 -0.002806049 -0.002088422 0.999993861 13.058246613
0.999994814 0.001763166 0.002698767 0.269403875 -0.001768808 0.999996245 0.002089840 -0.389821321 -0.002695072 -0.002094602 0.999994159 13.453017235
0.999992490 0.002386689 0.003032273 0.275828242 -0.002393198 0.999994814 0.002144703 -0.398251772 -0.003027139 -0.002151944 0.999993026 13.855525017
0.999990940 0.002711625 0.003287984 0.285310179 -0.002719351 0.999993503 0.002347444 -0.409754574 -0.003281597 -0.002356363 0.999991834 14.278094292
0.999987721 0.003162862 0.003821216 0.291405916 -0.003171339 0.999992490 0.002214613 -0.421919823 -0.003814183 -0.002226705 0.999990225 14.695820808
0.999991059 0.002365294 0.003511750 0.311547369 -0.002373433 0.999994516 0.002315235 -0.432498276 -0.003506254 -0.002323549 0.999991179 15.119321823
0.999988258 0.002791387 0.003940204 0.321342349 -0.002799862 0.999993801 0.002146947 -0.448364258 -0.003934186 -0.002157954 0.999989867 15.557806015
0.999986768 0.002723738 0.004351991 0.330555737 -0.002733412 0.999993801 0.002218584 -0.459694445 -0.004345921 -0.002230450 0.999988019 16.001529694
0.999980211 0.003599084 0.005163606 0.337024808 -0.003611277 0.999990702 0.002353975 -0.468367696 -0.005155086 -0.002372575 0.999983907 16.459045410
0.999979496 0.003695967 0.005233238 0.344694257 -0.003705526 0.999991477 0.001818082 -0.480275303 -0.005226474 -0.001837436 0.999984682 16.895681381
0.999975920 0.003756799 0.005826928 0.355843723 -0.003771959 0.999989450 0.002592867 -0.498269051 -0.005817127 -0.002614784 0.999979675 17.356592178
0.999978483 0.003705782 0.005415295 0.370785832 -0.003722808 0.999988139 0.003137453 -0.513186038 -0.005403604 -0.003157546 0.999980390 17.827905655
0.999979317 0.003384427 0.005470122 0.386442930 -0.003398775 0.999990761 0.002615792 -0.521674514 -0.005461217 -0.002634330 0.999981582 18.294792175
0.999978185 0.003059460 0.005856444 0.398589939 -0.003073250 0.999992549 0.002347216 -0.530785799 -0.005849219 -0.002365164 0.999980092 18.772520065
0.999976218 0.003597936 0.005886740 0.411289722 -0.003613702 0.999989867 0.002669760 -0.543324888 -0.005877075 -0.002690969 0.999979138 19.250001907
0.999970615 0.003943691 0.006575048 0.425832719 -0.003959557 0.999989271 0.002401908 -0.558122396 -0.006565505 -0.002427872 0.999975502 19.745952606
0.999971032 0.003918546 0.006530019 0.433238566 -0.003936514 0.999988556 0.002741087 -0.571759820 -0.006519203 -0.002766714 0.999974906 20.234384537
0.999971151 0.003673047 0.006652122 0.454578638 -0.003690338 0.999989867 0.002588776 -0.578728974 -0.006642546 -0.002613250 0.999974549 20.694595337
0.999978244 0.003514236 0.005588758 0.471899718 -0.003523828 0.999992311 0.001707431 -0.586747110 -0.005582715 -0.001727088 0.999983013 21.194429398
0.999979079 0.003581617 0.005378787 0.484064758 -0.003594209 0.999990821 0.002333154 -0.600207090 -0.005370381 -0.002352438 0.999982774 21.703929901
0.999977171 0.004069189 0.005392627 0.496721268 -0.004079248 0.999989986 0.001855580 -0.609362602 -0.005385022 -0.001877535 0.999983728 22.221673965
0.999977529 0.004505950 0.004961203 0.511843920 -0.004514115 0.999988556 0.001635547 -0.623969376 -0.004953776 -0.001657906 0.999986351 22.731050491
0.999980271 0.004325693 0.004555760 0.519754291 -0.004334499 0.999988675 0.001924828 -0.637978017 -0.004547383 -0.001944536 0.999987721 23.239370346
0.999986291 0.003760165 0.003644349 0.533659756 -0.003767572 0.999990821 0.002027568 -0.651485443 -0.003636691 -0.002041270 0.999991298 23.765159607
0.999990225 0.002650676 0.003549454 0.538654447 -0.002657698 0.999994516 0.001975192 -0.670885563 -0.003544200 -0.001984606 0.999991775 24.287565231
0.999990404 0.003413018 0.002753033 0.556648433 -0.003418683 0.999992073 0.002055717 -0.681738079 -0.002745995 -0.002065109 0.999994099 24.824115753
0.999991059 0.003657687 0.002118213 0.565132499 -0.003663259 0.999989748 0.002633574 -0.699708343 -0.002108559 -0.002641311 0.999994278 25.363008499
0.999988616 0.004381046 0.001885980 0.571788430 -0.004386365 0.999986410 0.002825707 -0.719848812 -0.001873575 -0.002833948 0.999994159 25.902284622
0.999991179 0.003865218 0.001653883 0.589219570 -0.003869799 0.999988675 0.002775329 -0.746888816 -0.001643137 -0.002781705 0.999994755 26.469022751
0.999990940 0.004012762 0.001402429 0.591520071 -0.004017144 0.999987006 0.003135320 -0.739986062 -0.001389829 -0.003140926 0.999994099 27.013504028
0.999991536 0.004071187 0.000604817 0.604899406 -0.004073207 0.999985933 0.003375194 -0.764491439 -0.000591068 -0.003377629 0.999994040 27.553583145
0.999989152 0.004619163 0.000473828 0.612190366 -0.004620689 0.999983907 0.003270458 -0.775442779 -0.000458714 -0.003272612 0.999994516 28.104637146
0.999989927 0.004479917 -0.000156144 0.629387558 -0.004479384 0.999984622 0.003263136 -0.784544587 0.000170761 -0.003262404 0.999994636 28.666244507
0.999986947 0.005107701 -0.000036373 0.635037839 -0.005107570 0.999982536 0.002971910 -0.795078218 0.000051552 -0.002971686 0.999995589 29.226869583
0.999989808 0.004515609 -0.000515261 0.640684903 -0.004514187 0.999986053 0.002730632 -0.807844758 0.000527584 -0.002728278 0.999996126 29.776611328
0.999990046 0.004342103 -0.001002082 0.655490756 -0.004339087 0.999986112 0.002993493 -0.826868415 0.001015067 -0.002989115 0.999994993 30.313541412
0.999989212 0.004419543 -0.001418889 0.672510266 -0.004415686 0.999986589 0.002710578 -0.837481022 0.001430850 -0.002704284 0.999995291 30.871807098
0.999988854 0.004431306 -0.001604513 0.685726881 -0.004426524 0.999985814 0.002971615 -0.855191648 0.001617659 -0.002964479 0.999994278 31.415044785
0.999982834 0.005531634 -0.001955635 0.692452908 -0.005526298 0.999981046 0.002723561 -0.864423633 0.001970664 -0.002712707 0.999994338 31.964468002
0.999984562 0.004944765 -0.002542593 0.714856386 -0.004936392 0.999982417 0.003289242 -0.889602125 0.002558814 -0.003276640 0.999991357 32.522876740
0.999987721 0.004286476 -0.002483884 0.720094204 -0.004279146 0.999986470 0.002948953 -0.900530100 0.002496492 -0.002938288 0.999992549 33.065143585
0.999987125 0.004256096 -0.002746659 0.726821959 -0.004246503 0.999984920 0.003489068 -0.923011422 0.002761468 -0.003477360 0.999990165 33.595443726
0.999985456 0.004315517 -0.003242556 0.745783091 -0.004304334 0.999984801 0.003447822 -0.935861528 0.003257387 -0.003433815 0.999988794 34.145114899
0.999983609 0.004663331 -0.003323827 0.752931058 -0.004650491 0.999981761 0.003860178 -0.952598929 0.003341768 -0.003844657 0.999987006 34.686553955
0.999982059 0.004747305 -0.003644696 0.765399814 -0.004732393 0.999980509 0.004088867 -0.975199223 0.003664036 -0.004071546 0.999984980 35.208976746
0.999984026 0.004395477 -0.003550512 0.773926973 -0.004380941 0.999982059 0.004091327 -0.988364220 0.003568432 -0.004075706 0.999985337 35.735805511
0.999981463 0.004499640 -0.004117363 0.795004845 -0.004485038 0.999983728 0.003548691 -0.989462435 0.004133264 -0.003530158 0.999985218 36.320095062
0.999986053 0.003287780 -0.004128132 0.800413191 -0.003270093 0.999985456 0.004284017 -1.024816036 0.004142157 -0.004270459 0.999982297 36.842178345
0.999984562 0.003240723 -0.004496827 0.807552576 -0.003220922 0.999985099 0.004403592 -1.038691401 0.004511030 -0.004389041 0.999980211 37.389129639
0.999984682 0.002991749 -0.004645106 0.819744170 -0.002974168 0.999988377 0.003787223 -1.047803283 0.004656383 -0.003773350 0.999982059 37.937976837
0.999983847 0.003829056 -0.004204583 0.818299592 -0.003814050 0.999986291 0.003571024 -1.057483792 0.004218198 -0.003554929 0.999984801 38.533870697
0.999981701 0.003629444 -0.004827866 0.837947607 -0.003610881 0.999986112 0.003848290 -1.065758586 0.004841765 -0.003830787 0.999980986 39.039615631
0.999981403 0.003361405 -0.005085810 0.846590519 -0.003341148 0.999986470 0.003986444 -1.103441238 0.005099141 -0.003969378 0.999979138 39.598987579
0.999981582 0.003333402 -0.005060957 0.853057206 -0.003312268 0.999985754 0.004178563 -1.119103909 0.005074813 -0.004161723 0.999978483 40.141983032
0.999980688 0.003372996 -0.005240637 0.863972604 -0.003353414 0.999987364 0.003740647 -1.131291509 0.005253190 -0.003723001 0.999979198 40.689491272
0.999980330 0.003494623 -0.005203022 0.871910572 -0.003476218 0.999987602 0.003541903 -1.140963435 0.005215337 -0.003523747 0.999980152 41.243618011
0.999980032 0.003211221 -0.005441696 0.874902248 -0.003187468 0.999985397 0.004368003 -1.169406414 0.005455643 -0.004350570 0.999975681 41.779357910
0.999980390 0.003017418 -0.005476070 0.895473599 -0.002999240 0.999989986 0.003324611 -1.161528945 0.005486047 -0.003308122 0.999979496 42.360958099
0.999979973 0.003642268 -0.005171622 0.887971759 -0.003621254 0.999985158 0.004067089 -1.192288637 0.005186358 -0.004048281 0.999978423 42.865921021
0.999979079 0.004087849 -0.005039158 0.891817451 -0.004067937 0.999983907 0.003955415 -1.210584641 0.005055246 -0.003934833 0.999979496 43.439510345
0.999979138 0.004260091 -0.004851311 0.897634268 -0.004241491 0.999983609 0.003837904 -1.233140945 0.004867583 -0.003817247 0.999980867 43.963413239
0.999978483 0.003878848 -0.005313958 0.915427625 -0.003859145 0.999985635 0.003713135 -1.231520414 0.005328284 -0.003692547 0.999978960 44.564029694
0.999977529 0.004290573 -0.005146072 0.920995295 -0.004271316 0.999983788 0.003747275 -1.251441360 0.005162068 -0.003725211 0.999979734 45.099281311
0.999978304 0.004090740 -0.005168007 0.931992471 -0.004072672 0.999985576 0.003501897 -1.267518044 0.005182258 -0.003480773 0.999980509 45.646144867
0.999977529 0.004529682 -0.004955836 0.932319045 -0.004514032 0.999984860 0.003164752 -1.274238348 0.004970096 -0.003142310 0.999982715 46.206169128
0.999978960 0.004142062 -0.004990769 0.947409391 -0.004125978 0.999986291 0.003228937 -1.295435667 0.005004075 -0.003208277 0.999982297 46.734851837
0.999976575 0.004713351 -0.004957058 0.959130406 -0.004696833 0.999983370 0.003338580 -1.310227156 0.004972711 -0.003315219 0.999982119 47.275154114
0.999976933 0.004540018 -0.005049582 0.965137064 -0.004522650 0.999983847 0.003445668 -1.324710608 0.005065144 -0.003422751 0.999981284 47.822673798
0.999979436 0.004355651 -0.004695903 0.972229838 -0.004339545 0.999984622 0.003434686 -1.341509581 0.004710791 -0.003414238 0.999983072 48.373435974
0.999978781 0.004390284 -0.004807560 0.982360363 -0.004374065 0.999984860 0.003379083 -1.356342793 0.004822320 -0.003357984 0.999982715 48.908580780
0.999979496 0.004260890 -0.004780412 0.989028335 -0.004246222 0.999986231 0.003074560 -1.366457582 0.004793448 -0.003054198 0.999983847 49.459095001
0.999976933 0.005242075 -0.004307790 0.997489095 -0.005228390 0.999981284 0.003182065 -1.380829573 0.004324390 -0.003159469 0.999985635 49.997211456
0.999977529 0.005057568 -0.004397605 1.005177259 -0.005044627 0.999982893 0.002948821 -1.395566463 0.004412445 -0.002926571 0.999985933 50.525798798
0.999978483 0.005075406 -0.004159108 1.012407064 -0.005062859 0.999982715 0.003021329 -1.412221551 0.004174370 -0.003000208 0.999986768 51.050258636
0.999978483 0.004820396 -0.004449416 1.026619315 -0.004805412 0.999982774 0.003372409 -1.427737236 0.004465596 -0.003350955 0.999984384 51.591125488
0.999977112 0.005119843 -0.004419351 1.030620813 -0.005105153 0.999981403 0.003328783 -1.439127445 0.004436312 -0.003306145 0.999984682 52.123954773
0.999976635 0.005812376 -0.003596358 1.035200000 -0.005801345 0.999978483 0.003069876 -1.452934265 0.003614123 -0.003048941 0.999988735 52.662708282
0.999979556 0.004851464 -0.004167509 1.050002575 -0.004838628 0.999983549 0.003084273 -1.466131210 0.004182403 -0.003064045 0.999986589 53.201839447
0.999976516 0.005572416 -0.004014588 1.056720257 -0.005560534 0.999980152 0.002964674 -1.479490519 0.004031029 -0.002942281 0.999987543 53.745689392
0.999976039 0.005833901 -0.003713328 1.064760447 -0.005823952 0.999979377 0.002684448 -1.495325327 0.003728912 -0.002662758 0.999989510 54.286926270
0.999976158 0.006049300 -0.003325764 1.071622610 -0.006039464 0.999977410 0.002959409 -1.514008284 0.003343591 -0.002939253 0.999990106 54.814109802
0.999978125 0.005617767 -0.003517582 1.080483317 -0.005608525 0.999980807 0.002631984 -1.521139860 0.003532300 -0.002612198 0.999990344 55.367530823
0.999975562 0.005917350 -0.003699228 1.092077017 -0.005907683 0.999979138 0.002618620 -1.532729864 0.003714646 -0.002596702 0.999989688 55.910648346
0.999976337 0.005649403 -0.003908725 1.102622509 -0.005638331 0.999980032 0.002837456 -1.546828747 0.003924676 -0.002815351 0.999988258 56.446205139
0.999975145 0.006109924 -0.003511442 1.105825901 -0.006100731 0.999977946 0.002622819 -1.560414672 0.003527389 -0.002601331 0.999990404 57.004413605
0.999973476 0.006424414 -0.003430077 1.111171842 -0.006415535 0.999976158 0.002593294 -1.572636247 0.003446656 -0.002571220 0.999990761 57.550876617
0.999974728 0.006256387 -0.003366687 1.120315552 -0.006248103 0.999977469 0.002465268 -1.585095406 0.003382035 -0.002444170 0.999991298 58.091556549
0.999974608 0.006472982 -0.002988699 1.126881123 -0.006466404 0.999976635 0.002205467 -1.596529841 0.003002905 -0.002186085 0.999993026 58.638420105
0.999974549 0.006244618 -0.003425691 1.138766646 -0.006237099 0.999978125 0.002200948 -1.607196808 0.003439361 -0.002179526 0.999991715 59.178474426
0.999974668 0.006375496 -0.003163166 1.148571730 -0.006369027 0.999977589 0.002050441 -1.624802113 0.003176169 -0.002030242 0.999992907 59.713481903
0.999974906 0.006309197 -0.003224248 1.156689167 -0.006302963 0.999978244 0.001939681 -1.639074922 0.003236416 -0.001919310 0.999992907 60.256179810
0.999974906 0.006183911 -0.003458849 1.165799856 -0.006177334 0.999979079 0.001908806 -1.649742007 0.003470581 -0.001887392 0.999992132 60.810764313
0.999973416 0.006626403 -0.003044208 1.174721003 -0.006620322 0.999976218 0.002003172 -1.663536787 0.003057409 -0.001982966 0.999993384 61.374897003
0.999974728 0.006539139 -0.002764399 1.184176922 -0.006533410 0.999976516 0.002076134 -1.674830198 0.002777911 -0.002058021 0.999994040 61.924633026
0.999974608 0.006507582 -0.002876463 1.192862034 -0.006500809 0.999976099 0.002357859 -1.693580747 0.002891738 -0.002339099 0.999993086 62.461860657
0.999974787 0.006559914 -0.002722447 1.204833746 -0.006554248 0.999976277 0.002084924 -1.706862092 0.002736058 -0.002067028 0.999994099 63.003917694
0.999970794 0.007179643 -0.002629356 1.214086056 -0.007174138 0.999972045 0.002097752 -1.719134927 0.002644344 -0.002078827 0.999994338 63.545459747
0.999971390 0.007084271 -0.002657251 1.223115087 -0.007079306 0.999973178 0.001873507 -1.734493494 0.002670453 -0.001854642 0.999994636 64.093238831
0.999969900 0.007374928 -0.002400899 1.230350137 -0.007370898 0.999971390 0.001683287 -1.748583794 0.002413245 -0.001665540 0.999995708 64.628738403
0.999970913 0.007243804 -0.002378110 1.239474893 -0.007240302 0.999972641 0.001477101 -1.759837389 0.002388745 -0.001459840 0.999996006 65.166664124
0.999974072 0.006834658 -0.002269642 1.251076102 -0.006831053 0.999975324 0.001591692 -1.776462197 0.002280465 -0.001576147 0.999996185 65.703338623
0.999972999 0.007043854 -0.002097230 1.259692430 -0.007040678 0.999974072 0.001519080 -1.789376020 0.002107875 -0.001504273 0.999996662 66.242172241
0.999971271 0.007362104 -0.001785207 1.262755632 -0.007360552 0.999972463 0.000875180 -1.798938990 0.001791602 -0.000862015 0.999997973 66.796340942
0.999967337 0.007947369 -0.001456077 1.273076534 -0.007945791 0.999967873 0.001084726 -1.818388581 0.001464650 -0.001073121 0.999998331 67.336708069
0.999971390 0.007334052 -0.001836478 1.288047791 -0.007332438 0.999972641 0.000884059 -1.830476046 0.001842911 -0.000870568 0.999997854 67.878982544
0.999970257 0.007516082 -0.001729843 1.297379494 -0.007515040 0.999971569 0.000607579 -1.846897840 0.001734361 -0.000594562 0.999998331 68.418815613
0.999971747 0.007306120 -0.001733157 1.306129217 -0.007305144 0.999973178 0.000568184 -1.861124158 0.001737263 -0.000555507 0.999998331 68.958419800
0.999969006 0.007649930 -0.001816518 1.312623382 -0.007648482 0.999970376 0.000803268 -1.878053069 0.001822609 -0.000789349 0.999998033 69.498352051
0.999964952 0.008261013 -0.001357834 1.321405649 -0.008260195 0.999965727 0.000608505 -1.895929694 0.001362814 -0.000597268 0.999998868 70.031883240
0.999966323 0.008114202 -0.001232227 1.331388712 -0.008113171 0.999966741 0.000839415 -1.912235141 0.001238998 -0.000829389 0.999998868 70.578170776
0.999967575 0.007925692 -0.001476945 1.343904257 -0.007924230 0.999968171 0.000993333 -1.927309752 0.001484771 -0.000981597 0.999998450 71.130653381
0.999968708 0.007797202 -0.001311708 1.353587151 -0.007796466 0.999969423 0.000565783 -1.943944693 0.001316079 -0.000555538 0.999998987 71.655052185
0.999967992 0.007912434 -0.001168816 1.362605453 -0.007911439 0.999968350 0.000851839 -1.960784554 0.001175520 -0.000842564 0.999998927 72.188514709
0.999965250 0.008274077 -0.000991905 1.368637323 -0.008273775 0.999965668 0.000310818 -1.974120736 0.000994443 -0.000302600 0.999999404 72.738525391
0.999967933 0.007926738 -0.001137059 1.383309841 -0.007925946 0.999968350 0.000696145 -1.992157936 0.001142540 -0.000687110 0.999999106 73.278930664
0.999965191 0.008255800 -0.001137978 1.389799476 -0.008255068 0.999965727 0.000646178 -2.005073071 0.001143273 -0.000636761 0.999999166 73.825073242
0.999964356 0.008419264 -0.000671584 1.397365808 -0.008419096 0.999964535 0.000251371 -2.020780087 0.000673675 -0.000245708 0.999999762 74.363792419
0.999962628 0.008625627 -0.000598522 1.409534812 -0.008625289 0.999962628 0.000565923 -2.034118176 0.000603381 -0.000560739 0.999999642 74.907745361
0.999960959 0.008837461 -0.000424999 1.419204235 -0.008837328 0.999960899 0.000311031 -2.050777435 0.000427731 -0.000307263 0.999999881 75.456291199
0.999960124 0.008930467 -0.000200627 1.428389668 -0.008930472 0.999960124 -0.000032458 -2.065788269 0.000200329 0.000034248 1.000000000 75.999023438
0.999954939 0.009486755 -0.000080369 1.434964895 -0.009486760 0.999954998 -0.000047359 -2.081075430 0.000079916 0.000048119 0.999999940 76.536888123
0.999958634 0.009085936 -0.000262091 1.449764252 -0.009086014 0.999958634 -0.000290094 -2.097163200 0.000259445 0.000292463 0.999999940 77.089813232
0.999951780 0.009815216 0.000151875 1.458429217 -0.009815123 0.999951601 -0.000611549 -2.111120224 -0.000157870 0.000610029 0.999999762 77.627380371
0.999958217 0.009142055 -0.000201035 1.470076203 -0.009142137 0.999958217 -0.000416267 -2.122819424 0.000197221 0.000418087 0.999999881 78.165008545
0.999958158 0.009148286 0.000166367 1.479018927 -0.009148188 0.999957919 -0.000585310 -2.141475201 -0.000171715 0.000583763 0.999999762 78.695396423
0.999954939 0.009493589 0.000368415 1.490055203 -0.009493303 0.999954641 -0.000775079 -2.154247761 -0.000375756 0.000771547 0.999999642 79.243591309
0.999951601 0.009829106 0.000434523 1.502140999 -0.009828830 0.999951422 -0.000630689 -2.171635151 -0.000440702 0.000626388 0.999999702 79.767303467
0.999948859 0.010103034 0.000510641 1.519004226 -0.010102659 0.999948680 -0.000733668 -2.187680244 -0.000518027 0.000728472 0.999999583 80.302673340
0.999946773 0.010175087 0.001704260 1.528814197 -0.010173664 0.999947906 -0.000840566 -2.201801300 -0.001712724 0.000823183 0.999998212 80.852188110
0.999948263 0.009810279 0.002698025 1.548730373 -0.009807107 0.999951124 -0.001185873 -2.214252710 -0.002709527 0.001159352 0.999995649 81.398658752
0.999949694 0.009321734 0.003697837 1.564241529 -0.009317383 0.999956012 -0.001192034 -2.228163242 -0.003708786 0.001157520 0.999992430 81.960906982
0.999941587 0.009608261 0.004944140 1.574734926 -0.009602478 0.999953210 -0.001192265 -2.244714975 -0.004955364 0.001144719 0.999987066 82.509941101
0.999912202 0.009950043 0.008741747 1.585796475 -0.009940962 0.999949992 -0.001081464 -2.265687466 -0.008752069 0.000994467 0.999961197 83.054687500
0.999871671 0.010035574 0.012488659 1.604382515 -0.010024413 0.999949276 -0.000955988 -2.277625561 -0.012497618 0.000830673 0.999921501 83.632812500
0.999830306 0.009746660 0.015628031 1.632135630 -0.009728608 0.999951899 -0.001230646 -2.296752930 -0.015639272 0.001078399 0.999877095 84.177116394
0.999750555 0.009983417 0.019978201 1.651714444 -0.009949850 0.999948859 -0.001778981 -2.307931423 -0.019994941 0.001579758 0.999798834 84.752944946
0.999602318 0.010557541 0.026147611 1.679844141 -0.010522246 0.999943554 -0.001487031 -2.325256348 -0.026161829 0.001211308 0.999656975 85.324256897
0.999427021 0.010733248 0.032099627 1.713169813 -0.010676106 0.999941111 -0.001950994 -2.338716269 -0.032118678 0.001607177 0.999482751 85.873153687
0.999173284 0.011628291 0.038954794 1.738995433 -0.011556352 0.999931097 -0.002071425 -2.353870392 -0.038976200 0.001619538 0.999238789 86.420059204
0.998824060 0.010973773 0.047223292 1.788623333 -0.010885426 0.999938488 -0.002127633 -2.372746944 -0.047243737 0.001611085 0.998882234 86.961174011
0.998410225 0.010405669 0.055395715 1.839764118 -0.010261662 0.999943197 -0.002883413 -2.385288477 -0.055422574 0.002310377 0.998460233 87.531372070
0.998011529 0.009867276 0.062254962 1.896258354 -0.009725228 0.999949396 -0.002584260 -2.403896332 -0.062277313 0.001973678 0.998056889 88.085662842
0.997394979 0.009651008 0.071487032 1.948692322 -0.009431838 0.999949753 -0.003402811 -2.415578842 -0.071516305 0.002719692 0.997435749 88.663032532
0.996641397 0.009444498 0.081342466 2.026542187 -0.009179606 0.999951303 -0.003629867 -2.438090801 -0.081372783 0.002870984 0.996679544 89.202507019
0.995800674 0.009292686 0.091074400 2.086184502 -0.008924650 0.999950290 -0.004447471 -2.441499710 -0.091111220 0.003615987 0.995834112 89.780845642
0.995216668 0.006202150 0.097495273 2.170623302 -0.005645734 0.999966085 -0.005981954 -2.450286865 -0.097529069 0.005402908 0.995217979 90.338272095
0.994141757 0.006674318 0.107877746 2.249166012 -0.006040585 0.999962509 -0.006200287 -2.461784363 -0.107915103 0.005512320 0.994144857 90.860237122
0.992943287 0.006694669 0.118401125 2.337555885 -0.005993155 0.999962270 -0.006279958 -2.478361845 -0.118438713 0.005526046 0.992945910 91.387229919
0.991873682 0.005440408 0.127109528 2.435256004 -0.004664273 0.999968648 -0.006402866 -2.495384932 -0.127140358 0.005757962 0.991868019 91.910827637
0.990279913 0.006164481 0.138951972 2.533484459 -0.005347726 0.999966145 -0.006250562 -2.507402420 -0.138985798 0.005446728 0.990279377 92.433372498
0.988435268 0.005466465 0.151545539 2.630857468 -0.004507103 0.999967575 -0.006673297 -2.525762796 -0.151577070 0.005913091 0.988427699 92.954154968
0.986723959 0.004717418 0.162337705 2.741852760 -0.003630881 0.999968946 -0.006989101 -2.543999195 -0.162365630 0.006306884 0.986710489 93.504318237
0.984920740 0.005609324 0.172915861 2.854345322 -0.004562444 0.999968767 -0.006451126 -2.565855026 -0.172946677 0.005564928 0.984915435 94.032730103
0.982710183 0.004920156 0.185085014 2.979184151 -0.003858899 0.999973893 -0.006093693 -2.580366611 -0.185110182 0.005274110 0.982703567 94.602653503
0.980232954 0.004228087 0.197801650 3.128264427 -0.003000858 0.999974310 -0.006503688 -2.613377333 -0.197824076 0.005781555 0.980220497 95.082199097
0.978186309 0.003831517 0.207694247 3.259933472 -0.002507303 0.999974966 -0.006638655 -2.633786440 -0.207714453 0.005973089 0.978171289 95.601684570
0.975317359 0.003822700 0.220774949 3.405242920 -0.002487628 0.999976993 -0.006324923 -2.658294678 -0.220794037 0.005619601 0.975304246 96.129043579
0.972173452 0.004158626 0.234225363 3.554294586 -0.002746506 0.999976039 -0.006354760 -2.666627169 -0.234246179 0.005534629 0.972161531 96.696884155
0.969422996 0.003035507 0.245376796 3.718975067 -0.001430998 0.999976456 -0.006716989 -2.684603930 -0.245391384 0.006160470 0.969404578 97.215629578
0.966697991 0.003004560 0.255902380 3.885213852 -0.001398458 0.999978125 -0.006457961 -2.704226494 -0.255916178 0.005885028 0.966681063 97.697799683
0.963028431 0.003859240 0.269372225 4.053939819 -0.002229054 0.999977231 -0.006357410 -2.725269318 -0.269390672 0.005521921 0.963015139 98.212097168
0.959522724 0.002447826 0.281620502 4.248924255 -0.000741833 0.999980748 -0.006164229 -2.749255657 -0.281630158 0.005705803 0.959506094 98.774101257
0.956185102 0.002540294 0.292751878 4.422786713 -0.000732447 0.999979973 -0.006284805 -2.758584261 -0.292761981 0.005795012 0.956167817 99.282730103
0.951785028 0.002463954 0.306755900 4.610237122 -0.000645785 0.999981642 -0.006028438 -2.779797077 -0.306765109 0.005539679 0.951769114 99.748916626
0.947298527 0.001312099 0.320349485 4.823213577 0.000695781 0.999980927 -0.006153237 -2.796881199 -0.320351422 0.006051846 0.947279453 100.252197266
0.943446457 0.000718071 0.331524491 5.031337738 0.001401988 0.999980092 -0.006155676 -2.813100338 -0.331522316 0.006272343 0.943426549 100.766845703
0.938799977 0.000972762 0.344461590 5.246957779 0.001287495 0.999979079 -0.006332905 -2.831010103 -0.344460577 0.006388822 0.938779116 101.285820007
0.933352709 0.000691522 0.358959973 5.448719025 0.001590841 0.999980271 -0.006062860 -2.876482010 -0.358957171 0.006229833 0.933333278 101.770889282
0.927949250 0.000788968 0.372705847 5.664552689 0.001157057 0.999986827 -0.004997638 -2.903346062 -0.372704893 0.005068795 0.927936077 102.424713135
0.923776031 -0.000453413 0.382932872 5.921302795 0.002757355 0.999981225 -0.005467732 -2.922029734 -0.382923186 0.006106843 0.923759997 102.795669556
0.917669773 0.000132107 0.397343814 6.153862000 0.002258213 0.999981999 -0.005547837 -2.922259092 -0.397337437 0.005988370 0.917653084 103.280303955
0.911963046 -0.000918407 0.410271257 6.424224854 0.003604049 0.999976754 -0.005772700 -2.947716475 -0.410256535 0.006743127 0.911945164 103.781349182
0.907302380 -0.001772431 0.420475006 6.680660248 0.004579597 0.999973357 -0.005666676 -2.968122005 -0.420453787 0.007066994 0.907286406 104.260414124
0.901086390 -0.001550080 0.433636785 6.917232513 0.004146597 0.999978662 -0.005041997 -2.989451647 -0.433619738 0.006341392 0.901073635 104.758163452
0.894260347 -0.000869207 0.447546095 7.183650970 0.003526443 0.999980807 -0.005104208 -3.003370285 -0.447533011 0.006142738 0.894246221 105.246772766
0.888148427 -0.001644270 0.459553719 7.448993683 0.004717170 0.999973536 -0.005538681 -3.023918152 -0.459532410 0.007086963 0.888132691 105.730667114
0.882357657 -0.001494596 0.470577121 7.730274200 0.004333124 0.999978364 -0.004948820 -3.041037083 -0.470559508 0.006405698 0.882345021 106.207107544
0.874868393 -0.002520419 0.484354019 7.991352081 0.005236460 0.999977171 -0.004254846 -3.069316149 -0.484332263 0.006258732 0.874861658 106.645706177
0.867970169 -0.003036946 0.496607035 8.286327362 0.005922749 0.999973416 -0.004236558 -3.086561680 -0.496580958 0.006618485 0.867965162 107.100173950
0.861305952 -0.003035168 0.508077562 8.576862335 0.005909691 0.999974370 -0.004044582 -3.106516600 -0.508052230 0.006486204 0.861301839 107.556289673
