1.000000000 0.000000000 0.000000000 0.000000000 0.000000000 1.000000000 0.000000000 0.000000000 0.000000000 0.000000000 1.000000000 0.000000000
1.000000000 0.000167240 0.000132923 -0.003309012 -0.000167223 1.000000000 -0.000130485 0.002930825 -0.000132945 0.000130462 1.000000000 0.004469767
1.000000000 0.000118270 0.000043457 -0.000078754 -0.000118268 1.000000000 -0.000054109 0.001720328 -0.000043463 0.000054104 1.000000000 0.004408484
0.999999940 0.000280551 0.000095589 -0.000072031 -0.000280548 0.999999940 -0.000030310 0.001501186 -0.000095598 0.000030283 1.000000000 -0.001501783
1.000000000 0.000192010 0.000003331 0.003172236 -0.000192010 1.000000000 -0.000015600 0.000815270 -0.000003334 0.000015599 1.000000000 -0.000745476
1.000000000 0.000029346 -0.000098426 0.003280513 -0.000029345 1.000000000 0.000012839 -0.000092504 0.000098426 -0.000012836 1.000000000 0.000184431
1.000000000 0.000158057 0.000103213 -0.002648095 -0.000158048 1.000000000 -0.000091536 0.001821155 -0.000103228 0.000091519 1.000000000 -0.000036848
1.000000000 0.000044765 -0.000014637 0.000552190 -0.000044765 1.000000000 0.000019124 0.000879020 0.000014638 -0.000019123 1.000000000 -0.001645449
1.000000000 0.000070600 0.000166946 -0.005331560 -0.000070590 1.000000000 -0.000059740 0.001943619 -0.000166950 0.000059728 1.000000000 0.005264668
0.999999940 0.000252200 0.000226490 -0.004399458 -0.000252170 0.999999940 -0.000131852 0.001035220 -0.000226523 0.000131794 0.999999940 0.000369929
1.000000000 0.000193962 0.000070272 0.000515739 -0.000193963 1.000000000 0.000018993 0.000752460 -0.000070269 -0.000019006 1.000000000 -0.002506943
1.000000000 0.000146149 0.000167398 -0.003222251 -0.000146140 1.000000000 -0.000057703 0.001288857 -0.000167406 0.000057678 1.000000000 -0.002461046
1.000000000 0.000051930 0.000087506 -0.003340722 -0.000051929 1.000000000 -0.000008709 0.000572889 -0.000087506 0.000008704 1.000000000 -0.004804724
1.000000000 -0.000031749 0.000137178 -0.002478578 0.000031749 1.000000000 -0.000004369 -0.000569576 -0.000137178 0.000004373 1.000000000 0.000129145
1.000000000 0.000075137 0.000057748 -0.000179842 -0.000075135 1.000000000 -0.000032841 0.000245339 -0.000057750 0.000032837 1.000000000 -0.003034922
1.000000000 -0.000146817 -0.000103410 0.001907882 0.000146812 1.000000000 -0.000047002 0.000357351 0.000103417 0.000046986 1.000000000 -0.005341916
1.000000000 0.000008577 0.000046419 -0.002611839 -0.000008575 1.000000000 -0.000051832 0.000328207 -0.000046419 0.000051832 1.000000000 -0.002566928
1.000000000 0.000058839 0.000208621 -0.004212057 -0.000058859 1.000000000 0.000095498 -0.001981831 -0.000208615 -0.000095510 1.000000000 -0.003532105
1.000000000 0.000128231 0.000035875 0.000136482 -0.000128233 1.000000000 0.000046427 0.000840803 -0.000035869 -0.000046431 1.000000000 -0.005577721
1.000000000 -0.000103603 -0.000004054 -0.000883798 0.000103603 1.000000000 0.000028679 -0.001211169 0.000004051 -0.000028679 1.000000000 -0.007300409
1.000000000 0.000047196 0.000070498 -0.000853580 -0.000047196 1.000000000 0.000007016 -0.000380343 -0.000070497 -0.000007019 1.000000000 -0.006952086
1.000000000 -0.000096824 0.000038212 -0.000235833 0.000096822 1.000000000 0.000059274 -0.001776215 -0.000038218 -0.000059271 1.000000000 -0.004533514
1.000000000 0.000151979 0.000125557 -0.003337319 -0.000151974 1.000000000 -0.000043473 0.000411483 -0.000125564 0.000043454 1.000000000 0.000461760
1.000000000 -0.000048725 -0.000051711 0.001410478 0.000048723 1.000000000 -0.000048590 -0.000084337 0.000051713 0.000048587 1.000000000 -0.001409390
1.000000000 -0.000007913 0.000066731 -0.002829170 0.000007909 1.000000000 0.000070175 0.000401869 -0.000066731 -0.000070174 1.000000000 -0.000561390
1.000000000 -0.000053896 -0.000081160 0.003771344 0.000053888 1.000000000 -0.000094480 0.001942512 0.000081165 0.000094475 1.000000000 -0.006697719
1.000000000 -0.000030191 0.000073148 -0.002963821 0.000030198 1.000000000 -0.000095218 0.002479970 -0.000073145 0.000095221 1.000000000 0.000124591
0.999999940 0.000325963 0.000174818 -0.004720373 -0.000325942 0.999999940 -0.000117059 0.002034465 -0.000174856 0.000117002 1.000000000 -0.000758736
1.000000000 0.000039982 0.000087040 -0.002918146 -0.000039982 1.000000000 0.000007211 0.000958342 -0.000087040 -0.000007215 1.000000000 0.000178622
1.000000000 -0.000055428 0.000000804 -0.003708962 0.000055428 1.000000000 -0.000035126 0.002888545 -0.000000802 0.000035126 1.000000000 -0.001518147
1.000000000 0.000057371 0.000081089 -0.003817438 -0.000057368 1.000000000 -0.000037483 0.001315096 -0.000081091 0.000037478 1.000000000 -0.000251607
1.000000000 -0.000035071 0.000081797 -0.003443146 0.000035061 1.000000000 0.000116828 0.000352492 -0.000081801 -0.000116825 1.000000000 0.002417398
1.000000000 -0.000112333 0.000040090 -0.003821673 0.000112332 1.000000000 0.000025602 0.000028962 -0.000040093 -0.000025597 1.000000000 -0.004773680
1.000000000 -0.000079904 -0.000000884 -0.001954991 0.000079904 1.000000000 0.000046710 0.000255148 0.000000880 -0.000046710 1.000000000 -0.006512604
0.999999940 0.000260928 0.000171216 -0.004461716 -0.000260927 0.999999940 -0.000004599 0.000799209 -0.000171218 0.000004554 1.000000000 -0.001865789
1.000000000 0.000075217 0.000177724 -0.004399907 -0.000075215 1.000000000 -0.000013616 0.001264818 -0.000177725 0.000013602 1.000000000 0.000192197
1.000000000 0.000083549 0.000085033 -0.005493931 -0.000083546 1.000000000 -0.000032893 0.001966907 -0.000085035 0.000032886 1.000000000 -0.000640034
1.000000000 0.000079197 0.000069303 -0.004197241 -0.000079189 1.000000000 -0.000121429 0.002752165 -0.000069313 0.000121424 1.000000000 -0.001232002
1.000000000 -0.000129766 0.000018537 -0.002175378 0.000129765 1.000000000 0.000069633 0.000539882 -0.000018546 -0.000069631 1.000000000 -0.001184057
1.000000000 -0.000075499 -0.000004978 -0.000413031 0.000075500 1.000000000 0.000106256 -0.000489630 0.000004970 -0.000106256 1.000000000 -0.006009284
1.000000000 -0.000194991 -0.000039225 -0.002030155 0.000194993 1.000000000 0.000047708 -0.001107499 0.000039216 -0.000047716 1.000000000 -0.002732824
1.000000000 0.000150146 0.000099305 0.001858338 -0.000150096 0.999999881 -0.000502307 -0.005226838 -0.000099380 0.000502292 0.999999881 0.051605418
1.000000000 0.000008917 0.000025606 0.001594865 -0.000008885 0.999999166 -0.001276145 -0.003500794 -0.000025617 0.001276145 0.999999166 0.147195444
1.000000000 -0.000001051 -0.000056325 0.004792093 0.000000966 0.999998868 -0.001517589 -0.010077012 0.000056327 0.001517589 0.999998868 0.261398405
1.000000000 -0.000028715 0.000076100 0.002400310 0.000028821 0.999999046 -0.001394033 -0.016163815 -0.000076060 0.001394035 0.999999046 0.391624033
1.000000000 -0.000003454 -0.000118771 0.005323533 0.000003321 0.999999344 -0.001121838 -0.020406209 0.000118775 0.001121838 0.999999344 0.533569932
0.999999940 -0.000101993 -0.000287991 0.017933173 0.000101700 0.999999464 -0.001015690 -0.027695904 0.000288094 0.001015661 0.999999464 0.690413296
0.999999881 -0.000498458 -0.000193046 0.022330748 0.000498356 0.999999762 -0.000525507 -0.032908700 0.000193308 0.000525410 0.999999821 0.849827707
0.999999881 -0.000240222 -0.000449087 0.029344620 0.000239946 0.999999762 -0.000615795 -0.038010333 0.000449235 0.000615687 0.999999702 1.036809683
1.000000000 -0.000012782 0.000059102 0.017194977 0.000012815 0.999999821 -0.000557844 -0.045631554 -0.000059094 0.000557844 0.999999821 1.210263610
0.999999762 -0.000543050 -0.000362682 0.038912822 0.000542894 0.999999762 -0.000430873 -0.050035380 0.000362916 0.000430676 0.999999821 1.419866204
0.999999464 -0.000636527 -0.000844363 0.045512617 0.000636511 0.999999821 -0.000019714 -0.061328903 0.000844376 0.000019176 0.999999642 1.606206536
0.999999762 -0.000170229 0.000670912 0.031837411 0.000170304 1.000000000 -0.000110891 -0.064530522 -0.000670893 0.000111006 0.999999762 1.815533400
0.999999642 -0.000365544 0.000780537 0.043005344 0.000365445 0.999999881 0.000127407 -0.074447103 -0.000780583 -0.000127122 0.999999642 2.016015291
0.999999642 0.000050901 0.000819814 0.038815483 -0.000050851 0.999999940 -0.000061404 -0.078639679 -0.000819817 0.000061362 0.999999642 2.230030060
0.999999583 0.000152614 0.000888596 0.046150196 -0.000152691 0.999999940 0.000086773 -0.084856525 -0.000888583 -0.000086908 0.999999583 2.446589947
0.999999225 0.000798596 0.000872678 0.046746586 -0.000798732 0.999999642 0.000155872 -0.088312507 -0.000872553 -0.000156569 0.999999583 2.690971136
0.999999404 0.000061318 0.001089262 0.052040398 -0.000061548 0.999999940 0.000211275 -0.100528017 -0.001089249 -0.000211342 0.999999344 2.900846481
0.999999583 -0.000289561 0.000802143 0.066110156 0.000289308 0.999999881 0.000315367 -0.108952001 -0.000802234 -0.000315135 0.999999642 3.150269747
0.999999583 0.000213929 0.000922403 0.069130532 -0.000214272 0.999999881 0.000371100 -0.116873488 -0.000922323 -0.000371297 0.999999523 3.384476185
0.999999523 -0.000057148 0.000975837 0.077237532 0.000056764 0.999999881 0.000393744 -0.124367937 -0.000975860 -0.000393688 0.999999464 3.648334980
0.999999285 -0.000100202 0.001194228 0.060928900 0.000099286 0.999999702 0.000767183 -0.138649687 -0.001194305 -0.000767064 0.999998987 3.846366405
0.999999166 -0.000377578 0.001232765 0.066788137 0.000376158 0.999999285 0.001152055 -0.146838203 -0.001233199 -0.001151590 0.999998569 4.116472721
0.999998927 -0.000028149 0.001450197 0.071775183 0.000026422 0.999999285 0.001190924 -0.149130061 -0.001450230 -0.001190884 0.999998212 4.375192165
0.999999046 0.000174931 0.001366721 0.081404217 -0.000176235 0.999999523 0.000953622 -0.155381322 -0.001366553 -0.000953862 0.999998629 4.639207840
0.999998271 -0.000127402 0.001800469 0.082597084 0.000125192 0.999999225 0.001227325 -0.163250059 -0.001800624 -0.001227098 0.999997616 4.911644459
0.999998748 0.000168190 0.001568795 0.101032987 -0.000170058 0.999999285 0.001190310 -0.170304954 -0.001568594 -0.001190576 0.999998033 5.181808472
0.999998689 0.000229521 0.001605128 0.088049792 -0.000232041 0.999998748 0.001569764 -0.187052384 -0.001604766 -0.001570135 0.999997497 5.406135559
0.999998748 -0.000341297 0.001542635 0.095031276 0.000339093 0.999998927 0.001428508 -0.195737287 -0.001543121 -0.001427984 0.999997795 5.674290180
0.999998629 0.000034693 0.001694783 0.093922071 -0.000037509 0.999998629 0.001661547 -0.201466843 -0.001694723 -0.001661609 0.999997139 5.936902523
0.999997914 0.000092588 0.002049401 0.102688089 -0.000094987 0.999999404 0.001170581 -0.209299296 -0.002049291 -0.001170773 0.999997258 6.219534397
0.999997377 0.000856629 0.002172084 0.105858378 -0.000859546 0.999998748 0.001342268 -0.224124402 -0.002170931 -0.001344131 0.999996722 6.468331814
0.999996960 0.000922457 0.002271354 0.106190488 -0.000925557 0.999998689 0.001364133 -0.231285781 -0.002270092 -0.001366231 0.999996483 6.767105103
0.999997616 0.000287196 0.002170988 0.116579190 -0.000290418 0.999998868 0.001484124 -0.241520092 -0.002170559 -0.001484751 0.999996543 7.065171719
0.999998331 0.000011978 0.001825083 0.132196218 -0.000014825 0.999998748 0.001559763 -0.248528540 -0.001825062 -0.001559788 0.999997079 7.363720894
0.999997258 0.000091626 0.002332598 0.129480287 -0.000094879 0.999999046 0.001394852 -0.260484666 -0.002332469 -0.001395069 0.999996305 7.687532425
0.999997318 0.000789297 0.002149197 0.146288082 -0.000793810 0.999997437 0.002099404 -0.284215480 -0.002147535 -0.002101104 0.999995470 7.946728706
0.999996722 0.000903192 0.002388827 0.150348932 -0.000907185 0.999998212 0.001670812 -0.288041204 -0.002387313 -0.001672974 0.999995708 8.269139290
0.999995887 0.001359510 0.002502571 0.156780556 -0.001363085 0.999998033 0.001427672 -0.285675913 -0.002500625 -0.001431077 0.999995887 8.605541229
0.999996543 0.000642336 0.002535836 0.159981564 -0.000646876 0.999998212 0.001789725 -0.301531851 -0.002534682 -0.001791359 0.999995172 8.932815552
0.999995291 0.001116171 0.002850331 0.162114948 -0.001121910 0.999997258 0.002012697 -0.317202181 -0.002848077 -0.002015885 0.999993861 9.246404648
0.999996662 0.000215738 0.002567160 0.180640414 -0.000220588 0.999998093 0.001889239 -0.322158277 -0.002566748 -0.001889799 0.999994874 9.585830688
0.999996364 0.000388534 0.002667845 0.178692892 -0.000393368 0.999998271 0.001811444 -0.328928858 -0.002667136 -0.001812487 0.999994814 9.937565804
0.999996245 0.000537724 0.002689311 0.186126739 -0.000543605 0.999997437 0.002186592 -0.344790965 -0.002688128 -0.002188045 0.999993980 10.297448158
0.999995351 0.000619430 0.002982006 0.194607109 -0.000627712 0.999995887 0.002777194 -0.359199226 -0.002980274 -0.002779052 0.999991655 10.655954361
0.999995053 0.000115612 0.003167806 0.192206547 -0.000123425 0.999996960 0.002466063 -0.359207869 -0.003167511 -0.002466442 0.999991953 11.047798157
0.999996006 0.000796964 0.002704685 0.229159594 -0.000803352 0.999996901 0.002361377 -0.387631297 -0.002702795 -0.002363541 0.999993503 11.351744652
0.999996185 0.001223988 0.002468805 0.239049554 -0.001229527 0.999996662 0.002243192 -0.390623420 -0.002466051 -0.002246219 0.999994397 11.745459557
0.999995828 0.000641089 0.002823199 0.258526862 -0.000648213 0.999996603 0.002523253 -0.403894633 -0.002821572 -0.002525073 0.999992788 12.114336014
0.999993920 0.001213559 0.003251197 0.253054827 -0.001221855 0.999996006 0.002551096 -0.417995363 -0.003248088 -0.002555053 0.999991477 12.521749496
0.999995410 0.001027151 0.002863542 0.274223715 -0.001034332 0.999996305 0.002507182 -0.419302583 -0.002860956 -0.002510133 0.999992728 12.902847290
0.999994695 0.001358415 0.002967267 0.297768295 -0.001366304 0.999995530 0.002658447 -0.429429084 -0.002963643 -0.002662488 0.999992013 13.298729897
0.999992132 0.001520939 0.003664064 0.279944390 -0.001532029 0.999994218 0.003025770 -0.468637556 -0.003659441 -0.003031359 0.999988675 13.664606094
0.999990225 0.001709419 0.004063318 0.289111286 -0.001722136 0.999993682 0.003128381 -0.479588747 -0.004057944 -0.003135348 0.999986827 14.072775841
0.999992192 0.000524362 0.003928455 0.304925859 -0.000539409 0.999992549 0.003829999 -0.496831238 -0.003926417 -0.003832088 0.999984980 14.512479782
0.999989450 0.001416338 0.004374573 0.304543227 -0.001435396 0.999989450 0.004356591 -0.509370863 -0.004368356 -0.004362824 0.999980986 14.896577835
0.999991834 0.000595185 0.003982244 0.323447347 -0.000612859 0.999989986 0.004438384 -0.521065891 -0.003979562 -0.004440789 0.999982238 15.312970161
0.999989867 0.000289977 0.004495306 0.347448170 -0.000312129 0.999987781 0.004927911 -0.578253746 -0.004493823 -0.004929265 0.999977767 15.688653946
0.999988556 0.000270370 0.004779675 0.363182068 -0.000293849 0.999987841 0.004912413 -0.586286962 -0.004778288 -0.004913761 0.999976575 16.134080887
0.999989033 0.000353212 0.004671261 0.369101882 -0.000376030 0.999988019 0.004884855 -0.594307065 -0.004669480 -0.004886558 0.999977171 16.578325272
0.999985695 0.000204031 0.005343637 0.379660904 -0.000229799 0.999988258 0.004822040 -0.604647994 -0.005342591 -0.004823199 0.999974132 17.042715073
0.999984980 0.000920477 0.005388494 0.390080869 -0.000945283 0.999988973 0.004602943 -0.617894113 -0.005384196 -0.004607968 0.999974906 17.470325470
0.999983430 0.000952038 0.005666651 0.399794400 -0.000979690 0.999987662 0.004879002 -0.630128145 -0.005661936 -0.004884474 0.999972105 17.944551468
0.999980628 0.000389095 0.006218761 0.412486523 -0.000421440 0.999986351 0.005200715 -0.641712844 -0.006216653 -0.005203234 0.999967158 18.415159225
0.999979675 0.000656421 0.006345494 0.421909511 -0.000687801 0.999987483 0.004944284 -0.654539585 -0.006342171 -0.004948547 0.999967694 18.892539978
0.999980807 0.000995329 0.006117884 0.440568238 -0.001025619 0.999987245 0.004949961 -0.673357487 -0.006112880 -0.004956142 0.999969006 19.334064484
0.999982655 0.000362408 0.005878057 0.455391794 -0.000396433 0.999983191 0.005788353 -0.685482442 -0.005875861 -0.005790583 0.999965966 19.811531067
0.999981165 0.001021944 0.006052895 0.468965709 -0.001054496 0.999984980 0.005377040 -0.701010466 -0.006047308 -0.005383322 0.999967158 20.308139801
0.999981284 0.001088870 0.006020545 0.482717961 -0.001122575 0.999983728 0.005597769 -0.731648982 -0.006014352 -0.005604423 0.999966204 20.799962997
0.999986053 0.000546912 0.005249857 0.498335212 -0.000574468 0.999986053 0.005248774 -0.730913520 -0.005246914 -0.005251717 0.999972463 21.337829590
0.999985218 0.000583295 0.005405762 0.506207168 -0.000612386 0.999985397 0.005381374 -0.753776193 -0.005402544 -0.005384605 0.999970913 21.835283279
0.999987185 0.000842303 0.004967912 0.520387530 -0.000873470 0.999980032 0.006274720 -0.771026611 -0.004962527 -0.006278979 0.999968052 22.323663712
0.999991417 0.001000646 0.004006945 0.528554797 -0.001024480 0.999981880 0.005950511 -0.785605192 -0.004000917 -0.005954566 0.999974251 22.813745499
0.999993920 0.000902484 0.003365848 0.540941596 -0.000920418 0.999985397 0.005330289 -0.798494518 -0.003360989 -0.005333354 0.999980152 23.355478287
0.999996305 -0.000198346 0.002695260 0.549913466 0.000182926 0.999983549 0.005720052 -0.814730942 -0.002696351 -0.005719539 0.999980032 23.860977173
0.999997258 0.000686546 0.002238921 0.559299290 -0.000700128 0.999981344 0.006071398 -0.827968180 -0.002234712 -0.006072949 0.999979079 24.385757446
0.999998271 0.001129516 0.001460598 0.577951074 -0.001137973 0.999982595 0.005802264 -0.837560177 -0.001454019 -0.005803918 0.999982119 24.923879623
0.999998748 0.001024326 0.001228033 0.576206982 -0.001031600 0.999981821 0.005936992 -0.848346412 -0.001221929 -0.005938252 0.999981642 25.463514328
0.999999762 0.000144729 0.000696342 0.589600444 -0.000148486 0.999985456 0.005397994 -0.857744455 -0.000695550 -0.005398096 0.999985278 26.010038376
0.999999762 0.000377190 0.000423669 0.603906751 -0.000379910 0.999979198 0.006437828 -0.871177375 -0.000421231 -0.006437988 0.999979138 26.556652069
0.999999583 0.000778429 0.000187708 0.614195764 -0.000779668 0.999977291 0.006692541 -0.886838198 -0.000182494 -0.006692685 0.999977529 27.098962784
0.999997377 0.002229914 0.000382974 0.624402940 -0.002232544 0.999972880 0.007011163 -0.913180113 -0.000367329 -0.007011999 0.999975383 27.640563965
0.999999046 0.001348827 -0.000169356 0.626078486 -0.001347657 0.999976456 0.006727618 -0.914491475 0.000178427 -0.006727383 0.999977350 28.168775558
0.999998271 0.001856591 0.000024093 0.632964075 -0.001856716 0.999972701 0.007161425 -0.932692111 -0.000010796 -0.007161456 0.999974370 28.726337433
0.999998212 0.001865738 -0.000271156 0.629022717 -0.001863769 0.999973118 0.007087831 -0.946687341 0.000284372 -0.007087313 0.999974847 29.286169052
0.999997735 0.001447305 -0.001577577 0.666050017 -0.001436383 0.999975145 0.006902258 -0.949426472 0.001587528 -0.006899977 0.999974906 29.790031433
0.999997914 0.000912335 -0.001838650 0.681623518 -0.000899098 0.999973834 0.007186860 -0.967175484 0.001845158 -0.007185192 0.999972463 30.333541870
0.999997616 0.001227472 -0.001763493 0.681030869 -0.001215006 0.999974370 0.007052549 -0.981464267 0.001772105 -0.007050390 0.999973595 30.870435715
0.999996781 0.001463241 -0.002070787 0.700453877 -0.001447508 0.999970257 0.007578786 -1.002178550 0.002081815 -0.007575765 0.999969184 31.415687561
0.999996603 0.001529859 -0.002088931 0.719650149 -0.001515533 0.999975443 0.006842438 -1.016904235 0.002099347 -0.006839249 0.999974430 31.958826065
0.999996185 0.001514646 -0.002298066 0.721422791 -0.001498266 0.999973595 0.007112689 -1.015691876 0.002308778 -0.007109220 0.999972045 32.477737427
0.999995112 0.002735049 -0.001524197 0.710506737 -0.002724961 0.999974668 0.006581910 -1.024198651 0.001542161 -0.006577725 0.999977112 33.026493073
0.999995649 0.002176017 -0.001990324 0.737811863 -0.002162253 0.999973893 0.006891408 -1.034648895 0.002005269 -0.006887074 0.999974251 33.592945099
0.999993265 0.001663221 -0.003269941 0.755612850 -0.001638101 0.999969244 0.007669858 -1.067968845 0.003282597 -0.007664450 0.999965250 34.127494812
0.999992549 0.001375382 -0.003603621 0.772736847 -0.001348054 0.999970376 0.007574897 -1.074456215 0.003613933 -0.007569983 0.999964833 34.668449402
0.999992073 0.002333670 -0.003217995 0.766665339 -0.002310450 0.999971390 0.007200597 -1.082422733 0.003234707 -0.007193104 0.999968827 35.200374603
0.999993086 0.002287432 -0.002935455 0.745014548 -0.002266292 0.999971628 0.007184642 -1.107982635 0.002951806 -0.007177940 0.999969900 35.783317566
0.999992609 0.002157823 -0.003173358 0.780506790 -0.002132640 0.999966383 0.007917782 -1.141987443 0.003190336 -0.007910955 0.999963641 36.279441833
0.999991953 0.002946333 -0.002705183 0.777191103 -0.002925495 0.999966264 0.007674899 -1.152476311 0.002727705 -0.007666925 0.999966860 36.835273743
0.999992669 0.002350200 -0.003031525 0.794303775 -0.002327571 0.999969602 0.007446914 -1.158576250 0.003048935 -0.007439803 0.999967635 37.370601654
0.999990761 0.002366568 -0.003565911 0.828115523 -0.002339402 0.999968290 0.007603604 -1.169669867 0.003583793 -0.007595193 0.999964774 37.958450317
0.999992609 0.002403522 -0.003007528 0.798856735 -0.002380184 0.999967217 0.007739650 -1.179037213 0.003026032 -0.007732433 0.999965549 38.448150635
0.999990165 0.001280291 -0.004251182 0.836611688 -0.001243897 0.999962568 0.008552788 -1.220596194 0.004261973 -0.008547414 0.999954402 38.984954834
0.999988973 0.000607410 -0.004685349 0.865307450 -0.000562744 0.999954343 0.009528704 -1.248794317 0.004690923 -0.009525960 0.999943614 39.515796661
0.999986887 0.000514838 -0.005101588 0.892324328 -0.000463529 0.999949336 0.010053697 -1.281748772 0.005106505 -0.010051200 0.999936402 40.045688629
0.999989033 0.000867598 -0.004612697 0.885715067 -0.000825049 0.999957204 0.009218284 -1.273658514 0.004620498 -0.009214375 0.999946892 40.619892120
0.999987304 0.000275826 -0.005033972 0.899899125 -0.000225969 0.999950945 0.009902054 -1.294450998 0.005036456 -0.009900793 0.999938309 41.147842407
0.999990106 0.001373848 -0.004245804 0.901741385 -0.001334794 0.999956906 0.009187654 -1.297256470 0.004258243 -0.009181896 0.999948800 41.697273254
0.999988198 0.000278830 -0.004836250 0.904740572 -0.000230251 0.999949515 0.010042338 -1.316310525 0.004838806 -0.010041106 0.999937832 42.215087891
0.999988019 0.000132118 -0.004887562 0.916331947 -0.000081568 0.999946594 0.010341160 -1.325271726 0.004888666 -0.010340637 0.999934554 42.737831116
0.999987781 0.000101685 -0.004928292 0.918047845 -0.000050536 0.999946177 0.010377707 -1.345753908 0.004929082 -0.010377330 0.999934018 43.297229767
0.999988556 0.000077837 -0.004789457 0.921493053 -0.000027350 0.999944389 0.010540214 -1.360035896 0.004790013 -0.010539963 0.999933004 43.830970764
0.999988675 0.000064173 -0.004751659 0.933188319 -0.000014858 0.999946177 0.010377949 -1.366680622 0.004752069 -0.010377763 0.999934852 44.385292053
0.999989331 0.000205808 -0.004608463 0.940367341 -0.000159391 0.999949276 0.010070534 -1.374600410 0.004610302 -0.010069693 0.999938607 44.917823792
0.999987543 -0.000205642 -0.004969717 0.951664865 0.000256311 0.999947965 0.010197150 -1.383451581 0.004967362 -0.010198298 0.999935627 45.429519653
0.999989867 0.000469112 -0.004463972 0.958287477 -0.000422680 0.999945879 0.010397095 -1.402194381 0.004468608 -0.010395107 0.999935925 45.989624023
0.999990225 0.000993112 -0.004309367 0.974539578 -0.000946190 0.999940455 0.010876922 -1.427511334 0.004319912 -0.010872738 0.999931514 46.526710510
0.999988496 0.000372565 -0.004781504 0.991774797 -0.000320206 0.999940097 0.010946444 -1.430161953 0.004785295 -0.010944789 0.999928594 47.100605011
0.999988258 0.000977245 -0.004742929 1.020761132 -0.000930431 0.999950886 0.009862550 -1.415434718 0.004752334 -0.009858022 0.999940097 47.699016571
0.999990284 0.000284714 -0.004399784 0.987464249 -0.000235971 0.999938667 0.011074924 -1.460653782 0.004402668 -0.011073780 0.999929011 48.145793915
0.999989092 -0.000080612 -0.004687427 1.001899242 0.000131228 0.999941707 0.010798885 -1.470269442 0.004686283 -0.010799383 0.999930739 48.697544098
0.999990344 0.000601646 -0.004347861 1.010278106 -0.000554660 0.999941587 0.010799817 -1.482585430 0.004354104 -0.010797303 0.999932230 49.231651306
0.999989331 0.000262710 -0.004592490 1.018166542 -0.000211550 0.999937952 0.011136840 -1.493804097 0.004595130 -0.011135750 0.999927461 49.754428864
0.999989569 0.000897591 -0.004465561 1.019116998 -0.000848273 0.999938726 0.011033810 -1.506268024 0.004475191 -0.011029907 0.999929190 50.306468964
0.999990582 0.000687198 -0.004287790 1.031870365 -0.000637188 0.999931872 0.011654022 -1.519701719 0.004295507 -0.011651181 0.999922812 50.810096741
0.999990880 0.000702598 -0.004199313 1.033673525 -0.000654591 0.999934494 0.011422479 -1.529034257 0.004207065 -0.011419626 0.999925911 51.358020782
0.999990284 0.000854844 -0.004332419 1.057152271 -0.000805520 0.999934971 0.011373762 -1.535401821 0.004341860 -0.011370161 0.999925911 51.866222382
0.999994218 0.001581209 -0.003022094 1.048945904 -0.001544904 0.999926984 0.011977955 -1.548422098 0.003040813 -0.011973216 0.999923706 52.377895355
0.999991417 0.001087512 -0.003992088 1.061504841 -0.001040529 0.999930382 0.011752345 -1.562580347 0.004004591 -0.011748090 0.999922991 52.935497284
0.999990702 0.001268546 -0.004120369 1.086749911 -0.001222185 0.999936163 0.011234820 -1.561231494 0.004134357 -0.011229680 0.999928415 53.484004974
0.999993086 0.001843728 -0.003222313 1.065264463 -0.001806306 0.999931335 0.011578002 -1.579928875 0.003243438 -0.011572101 0.999927759 54.016712189
0.999992192 0.001388574 -0.003688093 1.097376943 -0.001345511 0.999931216 0.011653349 -1.594888449 0.003704021 -0.011648295 0.999925315 54.544918060
0.999992788 0.001574647 -0.003445904 1.078055143 -0.001532937 0.999926031 0.012073362 -1.605456114 0.003464661 -0.012067997 0.999921143 55.001213074
0.999993324 0.001782812 -0.003177107 1.083018780 -0.001744481 0.999926150 0.012027140 -1.611309767 0.003198314 -0.012021518 0.999922633 55.554347992
0.999994099 0.002450694 -0.002405218 1.078096747 -0.002420103 0.999917209 0.012640159 -1.630988240 0.002435996 -0.012634265 0.999917209 56.080440521
0.999992669 0.002471126 -0.002916386 1.117735982 -0.002437157 0.999929845 0.011594408 -1.619245291 0.002944833 -0.011587217 0.999928594 56.713386536
0.999992967 0.002300169 -0.002995711 1.117276907 -0.002263361 0.999922633 0.012232674 -1.643448353 0.003023616 -0.012225810 0.999920607 57.061138153
0.999994338 0.001691842 -0.002869545 1.125737071 -0.001656460 0.999923170 0.012288085 -1.656985283 0.002890113 -0.012283267 0.999920309 57.591716766
0.999993622 0.002251164 -0.002740306 1.136021137 -0.002218059 0.999925196 0.012024423 -1.658164501 0.002767169 -0.012018270 0.999923944 58.099720001
0.999993265 0.002541410 -0.002652210 1.147852540 -0.002508622 0.999921262 0.012293419 -1.668911934 0.002683245 -0.012286681 0.999920905 58.632892609
0.999994099 0.001686960 -0.002982552 1.165454388 -0.001651395 0.999927998 0.011886680 -1.679729462 0.003002390 -0.011881685 0.999924839 59.169475555
0.999992549 0.002542553 -0.002946547 1.173093438 -0.002505852 0.999920070 0.012393262 -1.687128305 0.002977822 -0.012385783 0.999918878 59.626140594
0.999992967 0.002405114 -0.002883261 1.188197613 -0.002370403 0.999925375 0.011982377 -1.694866419 0.002911865 -0.011975459 0.999924064 60.176937103
0.999991477 0.002321048 -0.003422905 1.233487725 -0.002280246 0.999926805 0.011876619 -1.717102766 0.003450221 -0.011868710 0.999923646 60.655811310
0.999992013 0.002084777 -0.003409841 1.231944323 -0.002046157 0.999934077 0.011290686 -1.704989433 0.003433156 -0.011283618 0.999930441 61.219299316
0.999992967 0.002641284 -0.002640255 1.216370583 -0.002607699 0.999916673 0.012643846 -1.735043526 0.002673432 -0.012636872 0.999916553 61.677368164
0.999992192 0.002846533 -0.002720991 1.225460172 -0.002811760 0.999915361 0.012699098 -1.746272802 0.002756909 -0.012691348 0.999915659 62.196151733
0.999991775 0.002863797 -0.002858637 1.236164808 -0.002827354 0.999915719 0.012671912 -1.758563995 0.002894686 -0.012663727 0.999915600 62.718173981
0.999992013 0.003107938 -0.002495845 1.236146808 -0.003075942 0.999914348 0.012722989 -1.765586376 0.002535174 -0.012715210 0.999915957 63.229988098
0.999992251 0.003227175 -0.002264651 1.228529453 -0.003199657 0.999922276 0.012051400 -1.768131256 0.002303366 -0.012044060 0.999924839 63.772544861
0.999990523 0.003470978 -0.002618095 1.260934711 -0.003438975 0.999920547 0.012130491 -1.780842781 0.002659992 -0.012121372 0.999922991 64.324089050
0.999992013 0.003405706 -0.002095046 1.268648386 -0.003378148 0.999909461 0.013019796 -1.787342787 0.002139199 -0.013012614 0.999913037 64.770629883
0.999992013 0.003145153 -0.002456584 1.299296618 -0.003111583 0.999903321 0.013551550 -1.815186262 0.002498969 -0.013543798 0.999905169 65.282875061
0.999989629 0.004173224 -0.001873609 1.297076941 -0.004148856 0.999909043 0.012827116 -1.805073619 0.001926969 -0.012819207 0.999916017 65.850364685
0.999989212 0.004402746 -0.001482157 1.307374716 -0.004383724 0.999911010 0.012602073 -1.811874270 0.001537509 -0.012595439 0.999919415 66.278549194
0.999989212 0.004297373 -0.001762256 1.317070246 -0.004275356 0.999915183 0.012312346 -1.817016721 0.001815018 -0.012304679 0.999922574 66.831565857
0.999990463 0.004239264 -0.001097222 1.340979338 -0.004225551 0.999916553 0.012212384 -1.813969851 0.001148902 -0.012207631 0.999924779 67.356719971
0.999986231 0.005163038 -0.000965785 1.336388469 -0.005150153 0.999903560 0.012899485 -1.837799549 0.001032292 -0.012894333 0.999916315 67.778953552
0.999987125 0.004986537 -0.000989403 1.352655768 -0.004973271 0.999903321 0.012985924 -1.852499962 0.001054062 -0.012980836 0.999915183 68.304618835
0.999987960 0.004821470 -0.000950297 1.367117047 -0.004808750 0.999904513 0.012961028 -1.853586435 0.001012697 -0.012956302 0.999915481 68.876274109
0.999988735 0.004596497 -0.001117723 1.372716188 -0.004581733 0.999906659 0.012872298 -1.861485839 0.001176787 -0.012867032 0.999916553 69.311988831
0.999984860 0.005445751 -0.000650019 1.395008206 -0.005437165 0.999906540 0.012552508 -1.871406317 0.000718316 -0.012548784 0.999921024 69.829765320
0.999984920 0.005494836 -0.000342574 1.392418504 -0.005490018 0.999903619 0.012758335 -1.894322515 0.000412647 -0.012756262 0.999918520 70.386314392
0.999982715 0.005866911 -0.000404538 1.395630956 -0.005861296 0.999902010 0.012711504 -1.897032261 0.000479075 -0.012708914 0.999919116 70.837417603
0.999976456 0.006849123 -0.000466079 1.409671307 -0.006842799 0.999899209 0.012436204 -1.910643578 0.000551209 -0.012432723 0.999922514 71.378021240
0.999972105 0.007418844 0.000855884 1.395523787 -0.007428905 0.999895215 0.012420463 -1.907398462 -0.000763648 -0.012426475 0.999922574 71.961936951
0.999981046 0.006141553 -0.000225336 1.421569824 -0.006138257 0.999903142 0.012491667 -1.916127563 0.000302034 -0.012490047 0.999921978 72.358306885
0.999983847 0.005675183 -0.000212202 1.435778022 -0.005672003 0.999902070 0.012793696 -1.930760622 0.000284788 -0.012792286 0.999918163 72.909446716
0.999978483 0.006525765 0.000710992 1.443903685 -0.006533741 0.999908209 0.011859730 -1.923239827 -0.000633534 -0.011864118 0.999929428 73.426025391
0.999972582 0.007401377 0.000126789 1.477246165 -0.007402401 0.999887645 0.013032740 -1.976205111 -0.000030314 -0.013033324 0.999915063 73.853591919
0.999977529 0.006701195 0.000049955 1.501971602 -0.006701277 0.999892890 0.013015674 -1.984209776 0.000037272 -0.013015718 0.999915302 74.380249023
0.999966562 0.008142297 0.000781232 1.505549788 -0.008151583 0.999885738 0.012727526 -1.998232841 -0.000677513 -0.012733469 0.999918699 74.919418335
0.999975085 0.007044685 0.000410108 1.518766880 -0.007049450 0.999889553 0.013093965 -2.002327919 -0.000317821 -0.013096532 0.999914169 75.354980469
0.999978423 0.006562462 0.000208062 1.531957269 -0.006564609 0.999894202 0.012982042 -2.007930040 -0.000122846 -0.012983127 0.999915659 75.908271790
0.999974608 0.007100087 0.000600981 1.542877555 -0.007107167 0.999893606 0.012738889 -2.017748356 -0.000510470 -0.012742837 0.999918699 76.355895996
0.999976933 0.006765289 0.000598758 1.554797888 -0.006772438 0.999894202 0.012876268 -2.020721197 -0.000511583 -0.012880027 0.999916971 76.904220581
0.999974191 0.007156190 0.000625146 1.574022651 -0.007163727 0.999889493 0.013026615 -2.040604591 -0.000531856 -0.013030759 0.999914885 77.334678650
0.999971032 0.007528742 0.001065570 1.585411310 -0.007541940 0.999887288 0.012976198 -2.046144485 -0.000967756 -0.012983859 0.999915183 77.897560120
0.999967217 0.007770635 0.002271562 1.614399076 -0.007800659 0.999878168 0.013521957 -2.071495533 -0.002166212 -0.013539234 0.999906003 78.344589233
0.999952555 0.008760785 0.004251507 1.611609459 -0.008816722 0.999872327 0.013321723 -2.079825401 -0.004134256 -0.013358573 0.999902248 78.905952454
0.999939144 0.009360796 0.005832594 1.631799698 -0.009438773 0.999864459 0.013488602 -2.106126070 -0.005705539 -0.013542835 0.999891996 79.341758728
0.999937773 0.009022338 0.006568448 1.644234538 -0.009111715 0.999864519 0.013706572 -2.114720821 -0.006443893 -0.013765568 0.999884486 79.893318176
0.999901831 0.009841530 0.009971445 1.656260014 -0.009977065 0.999857306 0.013634855 -2.133222103 -0.009835835 -0.013733002 0.999857306 80.438835144
0.999854505 0.010210606 0.013661078 1.691166401 -0.010396209 0.999853671 0.013584841 -2.133815765 -0.013520368 -0.013724889 0.999814391 80.917922974
0.999806702 0.010210373 0.016801618 1.722636104 -0.010438301 0.999853909 0.013534577 -2.141920090 -0.016660972 -0.013707341 0.999767184 81.496955872
0.999738932 0.009982807 0.020553591 1.744072199 -0.010260560 0.999856889 0.013452823 -2.142832756 -0.020416353 -0.013660202 0.999698222 81.982177734
0.999584854 0.009668597 0.027140105 1.716844797 -0.010000408 0.999876559 0.012116867 -2.108762026 -0.027019605 -0.012383251 0.999558210 82.553657532
0.999419391 0.008829130 0.032906320 1.750319242 -0.009211950 0.999891460 0.011500272 -2.107017756 -0.032801211 -0.011796726 0.999392271 83.118019104
0.999170780 0.009787874 0.039519474 1.780609965 -0.010272630 0.999874234 0.012081913 -2.129959106 -0.039396245 -0.012477865 0.999145806 83.620475769
0.998845458 0.009103369 0.047166578 1.843086243 -0.009665702 0.999884725 0.011707963 -2.127307653 -0.047054559 -0.012150344 0.998818398 84.218673706
0.998274326 0.008153158 0.058154214 1.821935892 -0.008758048 0.999910057 0.010154170 -2.116510868 -0.058066208 -0.010645963 0.998255968 84.636718750
0.997893333 0.007608873 0.064429387 1.889220715 -0.008294494 0.999911785 0.010380642 -2.126529694 -0.064344719 -0.010893182 0.997868299 85.156494141
0.997263193 0.007128981 0.073588349 1.942668915 -0.007860435 0.999922514 0.009654969 -2.137968779 -0.073513821 -0.010206983 0.997241974 85.693756104
0.996474683 0.007200397 0.083583474 2.011950970 -0.007996081 0.999925852 0.009188775 -2.141733885 -0.083511114 -0.009824724 0.996458471 86.302925110
0.995598078 -0.001238264 0.093716472 2.016013622 0.000627449 0.999978364 0.006546861 -2.099853277 -0.093722545 -0.006459240 0.995577395 86.874649048
0.994754970 -0.000686041 0.102284506 2.084218979 0.000055420 0.999980927 0.006168085 -2.115111589 -0.102286801 -0.006130064 0.994736075 87.398986816
0.993628204 -0.000973953 0.112702653 2.163978577 0.000305087 0.999982238 0.005951862 -2.116812229 -0.112706453 -0.005879554 0.993610978 87.946929932
0.992444694 -0.001536088 0.122682922 2.266976357 0.000766038 0.999979734 0.006323673 -2.142997026 -0.122690156 -0.006181916 0.992425740 88.491546631
0.991444170 -0.002757851 0.130502090 2.438030243 0.001850543 0.999973238 0.007073208 -2.240993023 -0.130518109 -0.006771192 0.991422832 89.082862854
0.989936054 -0.002834328 0.141486943 2.539845467 0.001853221 0.999973238 0.007065555 -2.241944075 -0.141503200 -0.006732241 0.989914954 89.631896973
0.987966359 -0.000675956 0.154667348 2.630741119 -0.000510989 0.999970734 0.007634299 -2.270403385 -0.154667988 -0.007621464 0.987937093 90.146789551
0.986242533 -0.001010761 0.165301442 2.749599457 -0.000238593 0.999971569 0.007537996 -2.285922050 -0.165304348 -0.007473733 0.986214340 90.690788269
0.984642923 -0.001395724 0.174574882 2.873411179 0.000068048 0.999971151 0.007610938 -2.284905672 -0.174580455 -0.007482177 0.984614491 91.259727478
0.982373118 -0.001244354 0.186926350 2.997364998 -0.000170484 0.999971449 0.007552688 -2.297075748 -0.186930433 -0.007451427 0.982344866 91.789115906
0.979974627 -0.001257709 0.199118420 3.133319855 -0.000287370 0.999970078 0.007730505 -2.316073656 -0.199122190 -0.007632920 0.979944944 92.321487427
0.977570534 -0.002492752 0.210593656 3.278635025 0.000985250 0.999973118 0.007262966 -2.321656227 -0.210606128 -0.006892576 0.977546692 92.893455505
0.974510491 -0.001660954 0.224336132 3.418590546 0.000021599 0.999973178 0.007309841 -2.330191135 -0.224342287 -0.007118672 0.974484444 93.453475952
0.971175492 -0.001090617 0.238363490 3.569589615 -0.000511694 0.999977708 0.006660152 -2.327115774 -0.238365471 -0.006590145 0.971153200 94.043334961
0.968114376 -0.000606620 0.250507683 3.721218109 -0.001212189 0.999974012 0.007106134 -2.348873138 -0.250505477 -0.007183214 0.968088448 94.575302124
0.965209663 -0.001960781 0.261469722 3.915079117 0.000254088 0.999978483 0.006560955 -2.362278461 -0.261476964 -0.006266262 0.965189397 95.087036133
0.961283088 -0.004283817 0.275529563 4.183273315 0.002472455 0.999972939 0.006921116 -2.417513132 -0.275551707 -0.005971918 0.961267710 95.812316895
0.957558930 -0.003792203 0.288212657 4.368278503 0.001825003 0.999973238 0.007093904 -2.432414770 -0.288231760 -0.006266844 0.957540274 96.330421448
0.954324424 -0.006131977 0.298709333 4.540327072 0.004304172 0.999967754 0.006776497 -2.435073853 -0.298741281 -0.005181280 0.954320073 96.826110840
0.949569285 -0.004943723 0.313518107 4.724225998 0.002922319 0.999971747 0.006917107 -2.445188999 -0.313543499 -0.005652073 0.949557066 97.366180420
0.945081890 -0.005988693 0.326778829 4.929731369 0.004040654 0.999969721 0.006639850 -2.458619118 -0.326808721 -0.004954801 0.945077538 97.872184753
0.940959036 -0.006095454 0.338465691 5.132375717 0.004059454 0.999969184 0.006722949 -2.471405983 -0.338496268 -0.004952032 0.940954626 98.410339355
0.936341405 -0.005062362 0.351054132 5.317306519 0.002841623 0.999972582 0.006840811 -2.462885857 -0.351079106 -0.005407772 0.936330199 98.840644836
0.931071341 -0.005699573 0.364792645 5.545715332 0.003351594 0.999969423 0.007069293 -2.471252441 -0.364821821 -0.005359379 0.931062043 99.361396790
0.926474571 -0.007040141 0.376291573 5.786788940 0.004715288 0.999963701 0.007098992 -2.483766079 -0.376327962 -0.004802713 0.926474154 99.840576172
0.921302795 -0.005628860 0.388805151 5.978178024 0.002932837 0.999967396 0.007527282 -2.511220932 -0.388834834 -0.005794604 0.921289265 100.284873962
0.915184140 -0.005250545 0.403001815 6.227434158 0.002378083 0.999968171 0.007627743 -2.524235487 -0.403029025 -0.006022419 0.915167451 100.790992737
0.909798741 -0.006672794 0.414995939 6.491172791 0.004092506 0.999966323 0.007106607 -2.536832094 -0.415029466 -0.004767209 0.909795463 101.258354187
0.904596031 -0.007592954 0.426202148 6.712646484 0.004894386 0.999960363 0.007426548 -2.529018164 -0.426241636 -0.004632028 0.904597461 101.736076355
0.898914516 -0.007898657 0.438052833 6.971912384 0.005108479 0.999958396 0.007547589 -2.544903278 -0.438094229 -0.004546854 0.898917615 102.203315735
0.892174721 -0.008064741 0.451618552 7.255226135 0.005109523 0.999956787 0.007762759 -2.564889908 -0.451661587 -0.004618180 0.892177343 102.685714722
0.886140883 -0.008218230 0.463343143 7.523681641 0.005258027 0.999956667 0.007680100 -2.577301502 -0.463386208 -0.004369379 0.886145651 103.153190613
0.880519509 -0.008702692 0.473930001 7.785678864 0.005837123 0.999954700 0.007517136 -2.575613737 -0.473973900 -0.003852597 0.880530477 103.590148926
0.873014390 -0.008271404 0.487624228 8.072055817 0.005196968 0.999957144 0.007657581 -2.591629267 -0.487666607 -0.004151011 0.873020053 104.058181763
