1.000000000 0.000000000 0.000000000 0.000000000 0.000000000 1.000000000 0.000000000 0.000000000 0.000000000 0.000000000 1.000000000 0.000000000
1.000000000 0.000116944 0.000034559 -0.000111928 -0.000116944 1.000000000 0.000000332 0.000411558 -0.000034559 -0.000000336 1.000000000 0.000358735
1.000000000 0.000074064 0.000088140 -0.000542958 -0.000074073 1.000000000 0.000103971 -0.000501801 -0.000088133 -0.000103978 1.000000000 0.000387186
1.000000000 0.000000520 0.000055365 -0.000153148 -0.000000518 1.000000000 -0.000033290 0.000599195 -0.000055365 0.000033290 1.000000000 0.000356250
1.000000000 0.000015448 0.000078829 -0.000313432 -0.000015445 1.000000000 -0.000040516 0.000482157 -0.000078830 0.000040515 1.000000000 0.000178483
1.000000000 0.000088191 0.000111415 -0.001162399 -0.000088193 1.000000000 0.000018188 0.000307649 -0.000111414 -0.000018198 1.000000000 -0.000231543
1.000000000 -0.000075907 0.000053224 -0.000407155 0.000075906 1.000000000 0.000027563 -0.000176942 -0.000053226 -0.000027559 1.000000000 0.000144766
1.000000000 0.000044277 0.000050853 -0.000295263 -0.000044281 1.000000000 0.000079569 -0.000255929 -0.000050849 -0.000079571 1.000000000 0.000305089
1.000000000 0.000040040 -0.000017475 -0.000039392 -0.000040041 1.000000000 -0.000078038 0.000063508 0.000017472 0.000078039 1.000000000 -0.000064956
1.000000000 0.000036814 0.000043887 -0.000065446 -0.000036814 1.000000000 -0.000003975 -0.000300441 -0.000043887 0.000003973 1.000000000 0.000228039
1.000000000 0.000119358 0.000072020 -0.000778941 -0.000119363 1.000000000 0.000067313 -0.000363962 -0.000072012 -0.000067322 1.000000000 0.000121761
1.000000000 0.000090456 0.000065088 -0.000106393 -0.000090453 1.000000000 -0.000035113 0.000709884 -0.000065091 0.000035107 1.000000000 0.001073516
1.000000000 0.000124930 0.000037565 -0.000470126 -0.000124927 1.000000000 -0.000078036 0.000009787 -0.000037575 0.000078031 1.000000000 0.000219282
1.000000000 0.000100629 0.000054169 -0.000924556 -0.000100629 1.000000000 -0.000007539 0.000390863 -0.000054170 0.000007534 1.000000000 0.000248137
1.000000000 0.000067730 0.000103004 -0.001779184 -0.000067726 1.000000000 -0.000038652 0.000973769 -0.000103006 0.000038645 1.000000000 0.000455806
1.000000000 0.000104957 0.000031133 0.000061992 -0.000104957 1.000000000 -0.000030358 0.001221100 -0.000031136 0.000030354 1.000000000 0.001715593
1.000000000 0.000147531 0.000112290 -0.000968744 -0.000147523 1.000000000 -0.000066044 0.001497594 -0.000112300 0.000066027 1.000000000 0.001905547
1.000000000 0.000152680 0.000104276 -0.001453361 -0.000152672 1.000000000 -0.000081763 0.001149648 -0.000104289 0.000081747 1.000000000 0.001243585
0.999999940 0.000228737 0.000155162 -0.002206103 -0.000228726 1.000000000 -0.000070675 0.001997101 -0.000155179 0.000070639 1.000000000 0.001911338
1.000000000 0.000169851 0.000149248 -0.001566317 -0.000169833 1.000000000 -0.000121920 0.002007532 -0.000149269 0.000121894 1.000000000 0.002213599
1.000000000 0.000145102 0.000180970 -0.002186415 -0.000145086 1.000000000 -0.000086443 0.001419380 -0.000180983 0.000086417 1.000000000 0.002029668
1.000000000 0.000179613 0.000138522 -0.002068341 -0.000179609 1.000000000 -0.000033300 0.001611515 -0.000138528 0.000033275 1.000000000 0.001909940
1.000000000 0.000177814 0.000130988 -0.001314046 -0.000177802 1.000000000 -0.000094874 0.002134669 -0.000131005 0.000094851 1.000000000 0.002869823
1.000000000 0.000186189 0.000121200 -0.001754824 -0.000186180 1.000000000 -0.000081044 0.002509638 -0.000121215 0.000081021 1.000000000 0.003102375
0.999999940 0.000329821 0.000103290 -0.001626328 -0.000329814 0.999999940 -0.000069108 0.002254507 -0.000103313 0.000069074 1.000000000 0.002675781
0.999999940 0.000331511 0.000146840 -0.001849344 -0.000331507 0.999999940 -0.000028187 0.001202250 -0.000146850 0.000028138 1.000000000 0.001426028
1.000000000 0.000150122 0.000174878 -0.001835415 -0.000150115 1.000000000 -0.000040963 0.002505769 -0.000174884 0.000040936 1.000000000 0.002309250
0.999999940 0.000231061 0.000166317 -0.001783413 -0.000231063 1.000000000 0.000015191 0.001331944 -0.000166313 -0.000015229 1.000000000 0.002054106
1.000000000 0.000171420 0.000119007 -0.001772651 -0.000171416 1.000000000 -0.000034769 0.002207615 -0.000119012 0.000034749 1.000000000 0.002612287
1.000000000 0.000176608 0.000139731 -0.001749474 -0.000176592 1.000000000 -0.000115482 0.002262998 -0.000139751 0.000115457 1.000000000 0.002226218
0.999999940 0.000157777 0.000201253 -0.001310867 -0.000157773 1.000000000 -0.000022826 0.001409700 -0.000201256 0.000022795 1.000000000 0.002527951
1.000000000 0.000037060 0.000180013 -0.001012454 -0.000037042 1.000000000 -0.000095237 0.002791908 -0.000180017 0.000095230 1.000000000 0.003565663
1.000000000 0.000165937 0.000099089 -0.000474577 -0.000165921 1.000000000 -0.000161859 0.002904641 -0.000099116 0.000161842 1.000000000 0.003305589
1.000000000 0.000129115 0.000152521 -0.001043305 -0.000129101 1.000000000 -0.000091971 0.001746025 -0.000152533 0.000091952 1.000000000 0.001999938
0.999999940 0.000229927 0.000199245 -0.002287712 -0.000229903 0.999999940 -0.000118062 0.002026645 -0.000199272 0.000118016 1.000000000 0.001700254
0.999999940 0.000217479 0.000205578 -0.001331381 -0.000217461 1.000000000 -0.000084069 0.001567712 -0.000205597 0.000084024 1.000000000 0.001681858
0.999999940 0.000192158 0.000177305 -0.001733788 -0.000192144 1.000000000 -0.000080087 0.002186022 -0.000177320 0.000080052 1.000000000 0.002235977
1.000000000 0.000180716 0.000101397 -0.001541242 -0.000180706 1.000000000 -0.000100816 0.002752527 -0.000101415 0.000100797 1.000000000 0.003133397
0.999999940 0.000285949 0.000189321 -0.001598744 -0.000285930 0.999999940 -0.000100535 0.002532080 -0.000189350 0.000100481 1.000000000 0.001642213
1.000000000 0.000208087 0.000111900 -0.000728874 -0.000208074 1.000000000 -0.000120484 0.003457805 -0.000111925 0.000120461 1.000000000 0.003228924
1.000000000 0.000022533 0.000066844 0.000237772 -0.000022522 1.000000000 -0.000154656 0.001881839 -0.000066848 0.000154655 1.000000000 0.003223361
0.999999940 0.000336047 0.000174639 0.000348291 -0.000335923 0.999999702 -0.000711054 -0.001316529 -0.000174878 0.000710995 0.999999762 0.051912960
0.999999940 0.000331214 0.000106183 0.002082671 -0.000331079 0.999999166 -0.001268032 -0.003131737 -0.000106603 0.001267996 0.999999166 0.139948770
1.000000000 -0.000019457 -0.000008893 0.005342197 0.000019444 0.999998987 -0.001420276 -0.008694310 0.000008921 0.001420276 0.999998987 0.253698081
0.999999940 0.000363445 0.000206543 0.006192687 -0.000363205 0.999999285 -0.001162386 -0.012402731 -0.000206966 0.001162310 0.999999285 0.388139755
1.000000000 0.000028384 0.000234967 0.007735732 -0.000028093 0.999999225 -0.001237334 -0.013772601 -0.000235002 0.001237327 0.999999225 0.533696413
0.999999940 -0.000321040 0.000143165 0.012042186 0.000321206 0.999999285 -0.001163049 -0.019334728 -0.000142792 0.001163095 0.999999285 0.685193658
0.999999940 0.000174003 0.000350310 0.015767246 -0.000173687 0.999999583 -0.000901280 -0.022518741 -0.000350467 0.000901220 0.999999523 0.849678278
0.999999940 -0.000056832 0.000388615 0.015620314 0.000057096 0.999999762 -0.000678861 -0.030772248 -0.000388576 0.000678883 0.999999702 1.024266839
1.000000000 0.000058137 0.000134370 0.024049902 -0.000058035 0.999999702 -0.000758548 -0.029146880 -0.000134414 0.000758540 0.999999702 1.207769394
0.999999881 -0.000065703 0.000534925 0.026095904 0.000065915 0.999999940 -0.000396905 -0.041338257 -0.000534899 0.000396940 0.999999762 1.382266045
0.999999940 0.000154672 0.000288815 0.025445817 -0.000154601 0.999999940 -0.000244404 -0.048599210 -0.000288852 0.000244359 0.999999940 1.578649044
0.999999940 -0.000020671 0.000331218 0.024569253 0.000020644 1.000000000 0.000082623 -0.058585986 -0.000331220 -0.000082617 0.999999940 1.757618666
0.999996364 -0.002607744 -0.000648981 0.046022050 0.002607919 0.999996543 0.000269257 -0.064301357 0.000648277 -0.000270948 0.999999762 1.946519375
0.999995291 -0.003049108 -0.000348367 0.050564110 0.003049176 0.999995351 0.000193300 -0.071047403 0.000347776 -0.000194361 1.000000000 2.157186747
0.999996006 -0.002793637 -0.000451064 0.054162640 0.002793879 0.999995947 0.000537617 -0.077889830 0.000449561 -0.000538875 0.999999762 2.362056732
0.999996960 -0.002475424 -0.000358377 0.058726475 0.002475607 0.999996841 0.000511273 -0.085039862 0.000357111 -0.000512158 0.999999762 2.586154222
0.999996960 -0.002465045 -0.000213704 0.061303332 0.002465165 0.999996781 0.000558118 -0.091126047 0.000212327 -0.000558643 0.999999821 2.820724010
0.999995351 -0.003052778 -0.000049057 0.063550696 0.003052806 0.999995172 0.000591152 -0.094772756 0.000047252 -0.000591299 0.999999821 3.046830416
0.999995351 -0.003034558 -0.000310921 0.070807472 0.003034730 0.999995232 0.000552384 -0.102031641 0.000309243 -0.000553325 0.999999762 3.290330887
0.999995828 -0.002905881 0.000098042 0.072000444 0.002905813 0.999995530 0.000691105 -0.110012770 -0.000100049 -0.000690817 0.999999762 3.540201426
0.999995291 -0.003039199 -0.000053937 0.073385410 0.003039246 0.999994993 0.000904768 -0.118535899 0.000051187 -0.000904928 0.999999523 3.778836966
0.999995053 -0.003120583 0.000033558 0.078613810 0.003120551 0.999994755 0.000917770 -0.125754550 -0.000036422 -0.000917661 0.999999523 4.034847736
0.999995112 -0.003069811 0.000368957 0.085679509 0.003069434 0.999994695 0.001019095 -0.130556777 -0.000372084 -0.001017958 0.999999404 4.292159081
0.999993205 -0.003659277 0.000310131 0.091071308 0.003658929 0.999992669 0.001115517 -0.135724440 -0.000314211 -0.001114374 0.999999285 4.566619873
0.999994695 -0.003287178 -0.000007537 0.096440099 0.003287184 0.999994040 0.001044832 -0.144569203 0.000004102 -0.001044851 0.999999464 4.784343243
0.999995589 -0.002955171 -0.000064360 0.102837473 0.002955251 0.999994755 0.001281967 -0.150657251 0.000060571 -0.001282152 0.999999225 5.047971249
0.999995351 -0.003014556 0.000294537 0.105381809 0.003014343 0.999995232 0.000720609 -0.155442700 -0.000296708 -0.000719718 0.999999762 5.307421207
0.999995768 -0.002873912 0.000407380 0.108130567 0.002873380 0.999995053 0.001301568 -0.166868538 -0.000411119 -0.001300392 0.999999106 5.575083733
0.999994695 -0.003241411 0.000213654 0.110363707 0.003241105 0.999993742 0.001419844 -0.178001851 -0.000218255 -0.001419144 0.999998927 5.807680130
0.999995112 -0.003068092 0.000612101 0.113327116 0.003067313 0.999994457 0.001268523 -0.185185567 -0.000615989 -0.001266639 0.999998987 6.089582920
0.999996006 -0.002681750 0.000827822 0.120806314 0.002680687 0.999995530 0.001282543 -0.187273160 -0.000831258 -0.001280319 0.999998868 6.382211208
0.999994695 -0.003246061 0.000287036 0.126525626 0.003245731 0.999994218 0.001142573 -0.194670916 -0.000290743 -0.001141635 0.999999285 6.654440880
0.999994993 -0.003145301 0.000347534 0.133004099 0.003144955 0.999994576 0.000990213 -0.201077938 -0.000350647 -0.000989115 0.999999464 6.956107140
0.999994516 -0.003311138 0.000171570 0.142441064 0.003310947 0.999993861 0.001105216 -0.208549738 -0.000175229 -0.001104642 0.999999344 7.261006832
0.999994814 -0.003132625 0.000662597 0.139686391 0.003131788 0.999994278 0.001260163 -0.219534457 -0.000666541 -0.001258082 0.999998987 7.557643890
0.999994457 -0.003227679 0.000790758 0.143925846 0.003226245 0.999993086 0.001807894 -0.239106372 -0.000796587 -0.001805333 0.999998033 7.840246677
0.999995530 -0.002745312 0.001163025 0.143608198 0.002743334 0.999994695 0.001698978 -0.246202767 -0.001167683 -0.001695780 0.999997854 8.156946182
0.999995887 -0.002660404 0.001025002 0.151108548 0.002658612 0.999994993 0.001744725 -0.256890923 -0.001029638 -0.001741993 0.999997914 8.484416008
0.999996245 -0.002314236 0.001403185 0.152744532 0.002311984 0.999995947 0.001604813 -0.261400461 -0.001406893 -0.001601563 0.999997735 8.822807312
0.999995947 -0.002741314 0.000647651 0.161853060 0.002740161 0.999994695 0.001772427 -0.275939941 -0.000652505 -0.001770645 0.999998152 9.124240875
0.999995768 -0.002752616 0.000803929 0.167032838 0.002751238 0.999994874 0.001708680 -0.286507964 -0.000808628 -0.001706462 0.999998212 9.465929985
0.999997020 -0.002067796 0.001325835 0.169461638 0.002064871 0.999995410 0.002203637 -0.295977980 -0.001330385 -0.002200893 0.999996662 9.818966866
0.999997258 -0.002084188 0.001057972 0.175347656 0.002082065 0.999995828 0.002003008 -0.306949645 -0.001062142 -0.002000799 0.999997437 10.174126625
0.999995947 -0.002713913 0.000829026 0.184460163 0.002712269 0.999994278 0.001978319 -0.315759420 -0.000834390 -0.001976062 0.999997675 10.495041847
0.999995708 -0.002833270 0.000756421 0.192141846 0.002831702 0.999993801 0.002066773 -0.321092337 -0.000762272 -0.002064622 0.999997556 10.875041008
0.999993622 -0.003515946 0.000600621 0.203398272 0.003514364 0.999990463 0.002616445 -0.341519266 -0.000609815 -0.002614318 0.999996364 11.233873367
0.999996305 -0.002611946 0.000738068 0.204591393 0.002610317 0.999994159 0.002200597 -0.346074641 -0.000743812 -0.002198662 0.999997318 11.596419334
0.999997020 -0.002238267 0.000946554 0.209875032 0.002236093 0.999994874 0.002291827 -0.356816918 -0.000951679 -0.002289703 0.999996960 11.984332085
0.999995291 -0.002920737 0.000873502 0.224020690 0.002918549 0.999992609 0.002495574 -0.370913982 -0.000880784 -0.002493012 0.999996483 12.365849495
0.999995053 -0.002857000 0.001308146 0.232076541 0.002853566 0.999992490 0.002619858 -0.381186962 -0.001315621 -0.002616112 0.999995649 12.765610695
0.999995172 -0.002818395 0.001273161 0.235585913 0.002814786 0.999992013 0.002827659 -0.399015307 -0.001281121 -0.002824062 0.999995112 13.129240990
0.999994755 -0.003088334 0.000966823 0.246807948 0.003085576 0.999991179 0.002841061 -0.408333808 -0.000975589 -0.002838063 0.999995410 13.550453186
0.999996781 -0.001744291 0.001864914 0.242532000 0.001739261 0.999994814 0.002695746 -0.413761199 -0.001869606 -0.002692493 0.999994636 13.976044655
0.999995649 -0.002379320 0.001725622 0.257834643 0.002374879 0.999993861 0.002571243 -0.422330976 -0.001731729 -0.002567134 0.999995172 14.356941223
0.999994516 -0.002912282 0.001573723 0.267129183 0.002908251 0.999992549 0.002557568 -0.431720674 -0.001581159 -0.002552977 0.999995530 14.791128159
0.999994159 -0.003150144 0.001307409 0.292085767 0.003146140 0.999990284 0.003053169 -0.453975797 -0.001317015 -0.003049038 0.999994457 15.200959206
0.999992549 -0.002647433 0.002816912 0.278967321 0.002639541 0.999992549 0.002801557 -0.459093571 -0.002824308 -0.002794100 0.999992132 15.637299538
0.999992013 -0.002461632 0.003126217 0.290210783 0.002452529 0.999992788 0.002912315 -0.468407333 -0.003133364 -0.002904625 0.999990880 16.083889008
0.999991655 -0.002386798 0.003295777 0.295666158 0.002377308 0.999993026 0.002880487 -0.481991440 -0.003302629 -0.002872628 0.999990404 16.516242981
0.999990463 -0.002615588 0.003496043 0.308910578 0.002606328 0.999993086 0.002650720 -0.493907809 -0.003502953 -0.002641583 0.999990344 16.980871201
0.999989808 -0.002220151 0.003917619 0.309177905 0.002207309 0.999992132 0.003279169 -0.510358512 -0.003924869 -0.003270488 0.999986947 17.405143738
0.999987543 -0.002730011 0.004177403 0.324296355 0.002718623 0.999992549 0.002729431 -0.518650413 -0.004184824 -0.002718040 0.999987543 17.871814728
0.999987841 -0.002230445 0.004398115 0.329529524 0.002217824 0.999993443 0.002872471 -0.530436397 -0.004404493 -0.002862683 0.999986172 18.318559647
0.999988496 -0.002103875 0.004305441 0.343487531 0.002091644 0.999993801 0.002843222 -0.540284932 -0.004311396 -0.002834185 0.999986708 18.802085876
0.999987960 -0.001935179 0.004512027 0.350952208 0.001921040 0.999993265 0.003135872 -0.558684945 -0.004518066 -0.003127166 0.999984920 19.268934250
0.999987900 -0.001575762 0.004673219 0.359231919 0.001559620 0.999992847 0.003455794 -0.572410166 -0.004678631 -0.003448464 0.999983132 19.753429413
0.999987066 -0.002174304 0.004594283 0.373186707 0.002158722 0.999991894 0.003393835 -0.585444391 -0.004601625 -0.003383873 0.999983668 20.217140198
0.999989986 -0.002507712 0.003704866 0.389997065 0.002495832 0.999991715 0.003207989 -0.596259952 -0.003712880 -0.003198711 0.999988019 20.707874298
0.999990642 -0.002859022 0.003243190 0.399145663 0.002848694 0.999990880 0.003184442 -0.604436457 -0.003252263 -0.003175173 0.999989688 21.200450897
0.999993920 -0.002186262 0.002704390 0.410863429 0.002178404 0.999993384 0.002905381 -0.613786459 -0.002710724 -0.002899472 0.999992132 21.714799881
0.999993563 -0.002548186 0.002516315 0.419771254 0.002540805 0.999992490 0.002931932 -0.626733303 -0.002523767 -0.002925520 0.999992549 22.192739487
0.999994099 -0.002563477 0.002258430 0.429138124 0.002555825 0.999991000 0.003384679 -0.645089686 -0.002267086 -0.003378887 0.999991775 22.715402603
0.999996006 -0.002176678 0.001791827 0.429281503 0.002170176 0.999991059 0.003622421 -0.657825947 -0.001799696 -0.003618518 0.999991894 23.215375900
0.999993086 -0.003601791 0.000954386 0.443965971 0.003599105 0.999989569 0.002800838 -0.668620110 -0.000964465 -0.002797384 0.999995649 23.751897812
0.999994576 -0.003296166 0.000114997 0.457320839 0.003295874 0.999991536 0.002458074 -0.676148474 -0.000123098 -0.002457682 0.999997020 24.295154572
0.999998331 -0.001852115 0.000122700 0.464678705 0.001851715 0.999993205 0.003182119 -0.696515203 -0.000128593 -0.003181886 0.999994934 24.808300018
0.999997497 -0.002162753 -0.000722614 0.491420954 0.002165213 0.999991894 0.003422062 -0.703950942 0.000715207 -0.003423617 0.999993920 25.304994583
0.999997616 -0.001948456 -0.000918279 0.465536147 0.001951456 0.999992728 0.003276673 -0.728363693 0.000911888 -0.003278457 0.999994159 25.899274826
0.999994934 -0.002847034 -0.001461513 0.478071392 0.002851823 0.999990582 0.003285223 -0.733461201 0.001452146 -0.003289374 0.999993563 26.458900452
0.999994755 -0.002471922 -0.002085950 0.490104914 0.002480302 0.999988914 0.004024126 -0.754717112 0.002075980 -0.004029278 0.999989748 27.018117905
0.999996662 -0.001618344 -0.001981144 0.492599487 0.001625294 0.999992490 0.003511513 -0.768667161 0.001975446 -0.003514721 0.999991894 27.495443344
0.999996543 -0.001519235 -0.002135600 0.502319038 0.001526868 0.999992430 0.003577471 -0.778129876 0.002130149 -0.003580719 0.999991357 28.050893784
0.999995947 -0.001815436 -0.002187966 0.511332393 0.001824051 0.999990582 0.003941976 -0.798527181 0.002180789 -0.003945949 0.999989927 28.588119507
0.999995828 -0.001474692 -0.002457363 0.504253805 0.001484350 0.999991179 0.003933051 -0.813176870 0.002451541 -0.003936681 0.999989212 29.084417343
0.999993980 -0.001378872 -0.003190969 0.513999641 0.001390890 0.999991953 0.003767040 -0.823627830 0.003185749 -0.003771455 0.999987841 29.638561249
0.999995828 -0.000697339 -0.002792417 0.517243147 0.000708010 0.999992430 0.003822432 -0.840299845 0.002789730 -0.003824393 0.999988794 30.167886734
0.999995768 -0.000786676 -0.002801130 0.526126862 0.000796814 0.999993145 0.003619736 -0.852593958 0.002798264 -0.003621954 0.999989510 30.713218689
0.999994278 -0.001079605 -0.003204664 0.531136811 0.001091089 0.999992967 0.003583628 -0.858170509 0.003200773 -0.003587104 0.999988437 31.211154938
0.999993503 -0.000554854 -0.003551742 0.542861462 0.000568328 0.999992609 0.003793783 -0.872945070 0.003549611 -0.003795777 0.999986529 31.759000778
0.999992788 -0.000492621 -0.003775065 0.549032509 0.000507486 0.999992132 0.003937598 -0.883418620 0.003773096 -0.003939485 0.999985158 32.314327240
0.999991715 -0.001032714 -0.003930646 0.546455860 0.001047582 0.999992251 0.003782366 -0.892521799 0.003926709 -0.003786451 0.999985099 32.799938202
0.999992371 -0.000527360 -0.003870028 0.556677103 0.000541728 0.999992907 0.003712743 -0.905607522 0.003868042 -0.003714811 0.999985516 33.351570129
0.999991596 -0.000252600 -0.004098757 0.561649203 0.000267979 0.999992907 0.003751748 -0.917508602 0.004097780 -0.003752816 0.999984503 33.884315491
0.999989927 -0.001021588 -0.004371341 0.562589288 0.001037187 0.999993086 0.003567427 -0.928672969 0.004367667 -0.003571925 0.999984026 34.370090485
0.999987245 -0.001657471 -0.004784605 0.575789213 0.001675384 0.999991536 0.003742404 -0.941600025 0.004778362 -0.003750372 0.999981523 34.921646118
0.999987781 -0.001467407 -0.004716103 0.576619864 0.001486337 0.999990761 0.004012994 -0.959257424 0.004710170 -0.004019955 0.999980807 35.446929932
0.999987066 -0.001776375 -0.004765921 0.579538226 0.001793989 0.999991536 0.003694193 -0.967550457 0.004759318 -0.003702695 0.999981821 35.973522186
0.999987066 -0.001170163 -0.004949275 0.583405733 0.001186256 0.999993980 0.003249920 -0.975083590 0.004945442 -0.003255748 0.999982476 36.522193909
0.999987781 -0.001114907 -0.004814805 0.589984477 0.001129738 0.999994636 0.003078920 -0.986851394 0.004811347 -0.003084322 0.999983668 37.074314117
0.999987423 -0.001052895 -0.004904849 0.601603746 0.001067457 0.999995053 0.002967336 -1.001587629 0.004901699 -0.002972535 0.999983609 37.589691162
0.999988914 -0.001239696 -0.004547958 0.585160017 0.001254073 0.999994218 0.003159593 -1.015070915 0.004544015 -0.003165262 0.999984682 38.063980103
0.999988675 -0.001196202 -0.004601204 0.593941808 0.001212795 0.999992728 0.003605116 -1.031673551 0.004596858 -0.003610656 0.999982953 38.612918854
0.999985158 -0.001961348 -0.005084936 0.611035228 0.001980070 0.999991238 0.003679442 -1.044015169 0.005077675 -0.003689456 0.999980271 39.189636230
0.999986768 -0.001844909 -0.004794015 0.604361415 0.001861365 0.999992311 0.003430458 -1.051486135 0.004787650 -0.003439336 0.999982536 39.649253845
0.999987423 -0.001703310 -0.004701919 0.612332582 0.001718579 0.999993265 0.003245495 -1.060140610 0.004696358 -0.003253535 0.999983609 40.204906464
0.999990404 -0.000782078 -0.004304672 0.610523999 0.000796150 0.999994278 0.003268405 -1.069553971 0.004302091 -0.003271801 0.999985337 40.742832184
0.999988675 -0.000682967 -0.004700735 0.625673115 0.000695316 0.999996185 0.002625912 -1.075845599 0.004698925 -0.002629150 0.999985456 41.297935486
0.999987423 -0.001343873 -0.004831790 0.650617123 0.001359387 0.999993920 0.003208874 -1.109142303 0.004827449 -0.003215402 0.999983191 41.890644073
0.999988258 -0.001599104 -0.004562947 0.613857210 0.001614988 0.999992669 0.003479457 -1.109555602 0.004557349 -0.003486785 0.999983490 42.295600891
0.999989808 -0.000818193 -0.004428425 0.621619582 0.000833723 0.999993443 0.003506056 -1.126777649 0.004425527 -0.003509712 0.999984086 42.845024109
0.999987602 -0.001669348 -0.004699669 0.640381873 0.001685553 0.999992669 0.003446259 -1.139652848 0.004693882 -0.003454137 0.999982953 43.380764008
0.999991179 -0.001427554 -0.003962887 0.646053851 0.001442999 0.999991357 0.003897273 -1.154587030 0.003957289 -0.003902956 0.999984562 43.880062103
0.999992192 0.000787836 -0.003879522 0.646084905 -0.000776545 0.999995410 0.002911026 -1.152608514 0.003881797 -0.002907990 0.999988258 44.408164978
0.999989867 -0.000964651 -0.004393140 0.655177832 0.000979457 0.999993801 0.003369265 -1.170287371 0.004389863 -0.003373534 0.999984682 44.968902588
0.999993086 -0.000769273 -0.003635795 0.612971604 0.000783869 0.999991655 0.004014823 -1.206478238 0.003632675 -0.004017645 0.999985337 45.418201447
0.999992669 -0.000508428 -0.003790231 0.627516091 0.000522757 0.999992728 0.003780584 -1.212714434 0.003788281 -0.003782538 0.999985635 45.970214844
0.999987006 -0.001800305 -0.004768225 0.651553273 0.001821345 0.999988556 0.004411887 -1.230408788 0.004760228 -0.004420514 0.999978900 46.550243378
0.999992669 -0.000973936 -0.003706320 0.630627751 0.000987513 0.999992788 0.003662981 -1.234665513 0.003702726 -0.003666615 0.999986410 47.010951996
0.999993503 -0.000588943 -0.003545739 0.634982765 0.000602023 0.999992967 0.003688852 -1.248215437 0.003543542 -0.003690963 0.999986887 47.555068970
0.999992728 -0.001255401 -0.003602713 0.644804120 0.001268702 0.999992311 0.003691807 -1.261923194 0.003598051 -0.003696351 0.999986708 48.097705841
0.999995589 -0.000419797 -0.002952012 0.650098383 0.000430404 0.999993384 0.003593397 -1.273195148 0.002950484 -0.003594652 0.999989152 48.639225006
0.999995708 0.000110181 -0.002932617 0.631991446 -0.000100373 0.999994397 0.003344351 -1.272682667 0.002932970 -0.003344043 0.999990106 49.094139099
0.999996722 0.000626694 -0.002475762 0.638534963 -0.000619772 0.999995947 0.002795423 -1.284885287 0.002477504 -0.002793879 0.999993026 49.630954742
0.999994993 0.000027555 -0.003173270 0.660230756 -0.000017822 0.999995351 0.003067532 -1.296799660 0.003173340 -0.003067460 0.999990284 50.181213379
0.999996126 0.001222457 -0.002511492 0.659876525 -0.001215837 0.999995828 0.002635631 -1.307529688 0.002514703 -0.002632567 0.999993324 50.729862213
0.999997973 0.000466709 -0.001952580 0.640375018 -0.000460833 0.999995351 0.003009282 -1.317558289 0.001953975 -0.003008376 0.999993563 51.182376862
0.999997199 -0.000226613 -0.002311442 0.653703511 0.000232177 0.999997020 0.002406934 -1.325271368 0.002310890 -0.002407465 0.999994457 51.727352142
0.999997556 0.000938064 -0.001971981 0.655448854 -0.000933191 0.999996483 0.002470911 -1.340770602 0.001974292 -0.002469065 0.999994993 52.293102264
0.999997914 0.000708209 -0.001911848 0.671158791 -0.000703739 0.999997079 0.002337996 -1.355417013 0.001913498 -0.002336646 0.999995470 52.847187042
0.999998450 0.000603151 -0.001668222 0.665766180 -0.000599040 0.999996781 0.002462961 -1.382387400 0.001669703 -0.002461958 0.999995589 53.405529022
0.999998569 0.000653225 -0.001629204 0.658660591 -0.000648765 0.999996066 0.002735393 -1.385759234 0.001630985 -0.002734332 0.999994934 53.822505951
0.999999046 0.000076639 -0.001383655 0.670428693 -0.000072634 0.999995828 0.002894204 -1.397776484 0.001383871 -0.002894101 0.999994814 54.374412537
0.999997556 0.001726873 -0.001376134 0.676631689 -0.001722807 0.999994159 0.002950307 -1.424245477 0.001381221 -0.002947930 0.999994695 54.908382416
0.999998331 0.001313099 -0.001290106 0.682908177 -0.001309774 0.999995828 0.002575133 -1.425680995 0.001293481 -0.002573439 0.999995828 55.471805573
0.999999464 0.000702606 -0.000786340 0.669281721 -0.000700640 0.999996662 0.002496411 -1.428306818 0.000788091 -0.002495859 0.999996603 55.886913300
0.999998808 0.001141818 -0.001046092 0.679457426 -0.001139283 0.999996424 0.002420074 -1.441542029 0.001048852 -0.002418879 0.999996543 56.429065704
0.999999046 0.000783801 -0.001199678 0.693903565 -0.000781289 0.999997556 0.002092266 -1.446784019 0.001201314 -0.002091327 0.999997079 56.996192932
0.999998868 0.000216275 -0.001527850 0.711653233 -0.000213008 0.999997735 0.002137830 -1.459479451 0.001528308 -0.002137502 0.999996603 57.508735657
0.999998987 0.001423594 0.000109251 0.664985895 -0.001423835 0.999996483 0.002245075 -1.479891896 -0.000106054 -0.002245229 0.999997437 57.959552765
0.999998868 0.001525340 0.000206036 0.677623272 -0.001525682 0.999997497 0.001674113 -1.493655324 -0.000203482 -0.001674425 0.999998569 58.504615784
0.999999285 0.000907148 -0.000785554 0.696125269 -0.000905601 0.999997616 0.001968290 -1.503587246 0.000787338 -0.001967578 0.999997735 59.056896210
0.999997973 0.002006749 -0.000026596 0.704555929 -0.002006701 0.999996543 0.001720690 -1.512992263 0.000030049 -0.001720633 0.999998510 59.605575562
0.999997795 0.001884746 0.000867544 0.673654199 -0.001886261 0.999996662 0.001747439 -1.514193773 -0.000864247 -0.001749072 0.999998033 60.053588867
0.999998152 0.001785588 0.000754151 0.684860170 -0.001787193 0.999996066 0.002134036 -1.530239582 -0.000750338 -0.002135380 0.999997437 60.604969025
0.999997914 0.001907643 0.000729618 0.701315880 -0.001909034 0.999996305 0.001909809 -1.547994614 -0.000725972 -0.001911198 0.999997914 61.135559082
0.999996066 0.002513244 0.001198161 0.706945419 -0.002515469 0.999995112 0.001859447 -1.564912200 -0.001193482 -0.001862454 0.999997556 61.679332733
0.999997437 0.002000842 0.001047937 0.692157388 -0.002002594 0.999996603 0.001675018 -1.580299139 -0.001044582 -0.001677113 0.999998033 62.133472443
0.999997020 0.002282341 0.000856427 0.702324510 -0.002283793 0.999995947 0.001697098 -1.590840459 -0.000852550 -0.001699049 0.999998212 62.687545776
0.999995947 0.002359596 0.001589517 0.705962360 -0.002362175 0.999995887 0.001622229 -1.609202743 -0.001585683 -0.001625977 0.999997377 63.219635010
0.999996901 0.001732179 0.001800857 0.734963477 -0.001733985 0.999998033 0.001001614 -1.599831820 -0.001799118 -0.001004734 0.999997854 63.711189270
0.999993086 0.003187143 0.001912967 0.705074728 -0.003190432 0.999993563 0.001719323 -1.634801507 -0.001907475 -0.001725415 0.999996662 64.218276978
0.999994040 0.002767756 0.002059055 0.714835942 -0.002770455 0.999995291 0.001309435 -1.645503044 -0.002055421 -0.001315132 0.999997020 64.777481079
0.999992371 0.003167788 0.002281758 0.726187348 -0.003171390 0.999993742 0.001576404 -1.663483024 -0.002276750 -0.001583628 0.999996126 65.308395386
0.999988198 0.004076491 0.002660517 0.745249629 -0.004079232 0.999991179 0.001025206 -1.672952533 -0.002656314 -0.001036046 0.999995947 65.848136902
0.999992907 0.003163899 0.002042570 0.742194712 -0.003167209 0.999993682 0.001619103 -1.688552380 -0.002037434 -0.001625561 0.999996603 66.307579041
0.999988973 0.003787059 0.002766838 0.749994397 -0.003790967 0.999991894 0.001408443 -1.702668786 -0.002761482 -0.001418917 0.999995232 66.847221375
0.999985456 0.004605050 0.002799560 0.752714038 -0.004609673 0.999988019 0.001647415 -1.713194132 -0.002791940 -0.001660296 0.999994695 67.409599304
0.999989629 0.003799745 0.002476802 0.761729658 -0.003802850 0.999992013 0.001249887 -1.722288609 -0.002472033 -0.001259293 0.999996126 67.863609314
0.999983549 0.004634193 0.003389318 0.767297745 -0.004638410 0.999988496 0.001237183 -1.735287905 -0.003383545 -0.001252883 0.999993443 68.416404724
0.999988914 0.003797323 0.002754851 0.779745698 -0.003800555 0.999992132 0.001169302 -1.754250646 -0.002750389 -0.001179759 0.999995470 68.976013184
0.999991655 0.003229965 0.002471493 0.802133977 -0.003232105 0.999994397 0.000862196 -1.773911595 -0.002468694 -0.000870177 0.999996543 69.495880127
0.999991417 0.003014536 0.002848646 0.795516729 -0.003017210 0.999994934 0.000935594 -1.772950172 -0.002845811 -0.000944180 0.999995530 70.032905579
0.999992371 0.002713241 0.002808736 0.806367576 -0.002716791 0.999995470 0.001260918 -1.788556576 -0.002805302 -0.001268539 0.999995291 70.579597473
0.999991059 0.002926859 0.003064015 0.816639841 -0.002930322 0.999994993 0.001126770 -1.808563113 -0.003060702 -0.001135738 0.999994695 71.107391357
0.999991596 0.002994932 0.002781904 0.824580133 -0.002997736 0.999994993 0.001004723 -1.816216826 -0.002778881 -0.001013054 0.999995649 71.608016968
0.999991298 0.003102042 0.002782322 0.838030636 -0.003104671 0.999994755 0.000941490 -1.833938837 -0.002779387 -0.000950120 0.999995708 72.160331726
0.999987125 0.003958607 0.003160120 0.845774591 -0.003962316 0.999991477 0.001168249 -1.845122099 -0.003155469 -0.001180756 0.999994397 72.730209351
0.999988317 0.003893134 0.002909531 0.857288122 -0.003894679 0.999992192 0.000526103 -1.854134202 -0.002907461 -0.000537429 0.999995589 73.166854858
0.999989152 0.003530109 0.003046050 0.873788238 -0.003532829 0.999993384 0.000888588 -1.868991852 -0.003042893 -0.000899340 0.999994993 73.718162537
0.999992490 0.003036679 0.002415615 0.893738866 -0.003037668 0.999995291 0.000405534 -1.880394936 -0.002414373 -0.000412868 0.999996960 74.270301819
0.999989986 0.003123017 0.003179755 0.889396608 -0.003123670 0.999995112 0.000200636 -1.896904230 -0.003179113 -0.000210567 0.999994874 74.752754211
0.999984860 0.004239475 0.003493934 0.897218347 -0.004240780 0.999990940 0.000366172 -1.908863068 -0.003492350 -0.000380983 0.999993861 75.308288574
0.999989331 0.003190425 0.003323137 0.902572513 -0.003191252 0.999994874 0.000243215 -1.927436471 -0.003322345 -0.000253818 0.999994457 75.833305359
0.999986470 0.003666536 0.003688057 0.914537966 -0.003667394 0.999993265 0.000226131 -1.938888550 -0.003687203 -0.000239654 0.999993145 76.307281494
0.999984443 0.004084763 0.003786330 0.928639293 -0.004085224 0.999991596 0.000113965 -1.951541185 -0.003785833 -0.000129432 0.999992788 76.853546143
0.999978065 0.005204135 0.004110317 0.941829920 -0.005203452 0.999986410 -0.000176916 -1.958603144 -0.004111182 0.000155524 0.999991477 77.430572510
0.999985695 0.003804686 0.003761986 0.948269069 -0.003805242 0.999992669 0.000141229 -1.981263518 -0.003761421 -0.000155542 0.999992847 77.911544800
0.999977946 0.004286279 0.005069884 0.957026720 -0.004288403 0.999990642 0.000408560 -1.998266220 -0.005068085 -0.000430293 0.999987066 78.465148926
0.999972582 0.004050636 0.006195725 0.973452330 -0.004053966 0.999991596 0.000525409 -2.016680717 -0.006193545 -0.000550512 0.999980688 79.012428284
0.999966800 0.003766296 0.007221743 0.983500123 -0.003768295 0.999992847 0.000263026 -2.023866177 -0.007220701 -0.000290231 0.999973834 79.540374756
0.999956250 0.004193334 0.008364431 0.995697260 -0.004197907 0.999991059 0.000529438 -2.040041924 -0.008362134 -0.000564527 0.999964833 80.087097168
0.999924004 0.004088851 0.011631760 1.014288664 -0.004096913 0.999991298 0.000669248 -2.068502188 -0.011628922 -0.000716852 0.999932170 80.626998901
0.999871731 0.003631142 0.015607845 1.010059834 -0.003631132 0.999993324 -0.000028880 -2.048346519 -0.015607849 -0.000027797 0.999878168 81.148147583
0.999809027 0.004328709 0.019058654 1.034864187 -0.004335194 0.999990523 0.000299041 -2.069572926 -0.019057181 -0.000381606 0.999818265 81.687065125
0.999731004 0.004244048 0.022804283 1.062763810 -0.004252851 0.999990821 0.000337452 -2.086144686 -0.022802645 -0.000434344 0.999739826 82.225875854
0.999583244 0.003795114 0.028620707 1.087536931 -0.003790789 0.999992728 -0.000205354 -2.087583303 -0.028621281 0.000096773 0.999590337 82.743797302
0.999387383 0.003447659 0.034828678 1.121488333 -0.003429861 0.999993980 -0.000570736 -2.101678610 -0.034830436 0.000450929 0.999393106 83.295600891
0.999171972 0.002966422 0.040577751 1.160962343 -0.002935432 0.999995351 -0.000823250 -2.114426136 -0.040580004 0.000703455 0.999176025 83.846122742
0.998797536 0.003917084 0.048868887 1.195957899 -0.003911061 0.999992251 -0.000218861 -2.128777742 -0.048869383 0.000027469 0.998805106 84.360656738
0.998336673 0.003971504 0.057516549 1.246515036 -0.003935636 0.999991953 -0.000736840 -2.140526295 -0.057519019 0.000509250 0.998344302 84.916389465
0.997932792 0.003108026 0.064190574 1.301359177 -0.003054008 0.999994874 -0.000939646 -2.153556108 -0.064193167 0.000741665 0.997937202 85.479499817
0.997301042 0.003396027 0.073343165 1.357450485 -0.003350315 0.999994040 -0.000746296 -2.166595459 -0.073345274 0.000498560 0.997306466 85.991508484
0.996547282 0.003007951 0.082972795 1.423364162 -0.002920727 0.999995053 -0.001172606 -2.178879261 -0.082975909 0.000926217 0.996551096 86.515090942
0.995752931 0.002380008 0.092034549 1.489108086 -0.002265882 0.999996424 -0.001344494 -2.185301781 -0.092037417 0.001130244 0.995754898 87.068748474
0.995062232 0.001903677 0.099234357 1.568648338 -0.001773056 0.999997377 -0.001404457 -2.204168081 -0.099236764 0.001221574 0.995063126 87.621162415
0.994043291 0.002156600 0.108964853 1.636367798 -0.001984126 0.999996603 -0.001691237 -2.208045244 -0.108968131 0.001464963 0.994044185 88.114898682
0.992821753 0.002229114 0.119583279 1.723968506 -0.002050815 0.999996543 -0.001614035 -2.219590425 -0.119586475 0.001357205 0.992822945 88.666267395
0.991641760 0.001823675 0.129008502 1.815147400 -0.001623975 0.999997318 -0.001653149 -2.238393307 -0.129011184 0.001429825 0.991642058 89.199714661
0.990123749 0.001640170 0.140186250 1.916864395 -0.001460767 0.999997973 -0.001382636 -2.251681089 -0.140188217 0.001164202 0.990124166 89.732658386
0.988243937 0.001532612 0.152877256 2.002862930 -0.001308766 0.999997854 -0.001564849 -2.263948917 -0.152879342 0.001346373 0.988243937 90.257720947
0.986512065 0.000762153 0.163686901 2.114798546 -0.000472213 0.999998212 -0.001810217 -2.276326656 -0.163687974 0.001708506 0.986510694 90.801155090
0.984804749 0.000126683 0.173665076 2.231525421 0.000247356 0.999997616 -0.002132156 -2.290232182 -0.173664927 0.002142715 0.984802485 91.345619202
0.982351065 0.000960712 0.187043995 2.341177940 -0.000620851 0.999998033 -0.001875582 -2.303013802 -0.187045455 0.001726353 0.982349753 91.864479065
0.980032027 -0.000564793 0.198838979 2.477229118 0.001039699 0.999996901 -0.002283990 -2.314142704 -0.198837072 0.002445116 0.980029464 92.394500732
0.977919698 -0.000990470 0.208978876 2.606628418 0.001493329 0.999996305 -0.002248506 -2.328200340 -0.208975881 0.002510932 0.977917552 92.930847168
0.974855244 0.000299100 0.222838908 2.730186462 0.000113774 0.999998271 -0.001839953 -2.335801363 -0.222839072 0.001819041 0.974853575 93.469062805
0.971741199 -0.000252874 0.236048847 2.881826401 0.000733160 0.999997795 -0.001946924 -2.348243475 -0.236047819 0.002064968 0.971739233 93.999870300
0.969066858 -0.001058055 0.246796131 3.037567139 0.001675911 0.999995947 -0.002293469 -2.364598274 -0.246792689 0.002636133 0.969064713 94.507682800
0.966121137 -0.000620231 0.258088320 3.185838699 0.001171938 0.999997437 -0.001983837 -2.368482113 -0.258086413 0.002219090 0.966119289 95.001632690
0.962466121 0.000152320 0.271401793 3.357271194 0.000273713 0.999998808 -0.001531896 -2.391137362 -0.271401703 0.001548684 0.962464929 95.518699646
0.958785951 -0.000190140 0.284129530 3.528472900 0.000654426 0.999998569 -0.001539137 -2.403541327 -0.284128845 0.001661645 0.958784640 96.053153992
0.955332994 -0.000999463 0.295530230 3.714067459 0.001647943 0.999996662 -0.001945229 -2.411415100 -0.295527399 0.002345358 0.955331326 96.563385010
0.950884759 -0.001223203 0.309542656 3.908332825 0.001920745 0.999996185 -0.001948710 -2.424300194 -0.309539169 0.002447551 0.950883567 97.087516785
0.946357429 -0.001999328 0.323115647 4.114036560 0.002890558 0.999993205 -0.002278398 -2.435603380 -0.323108941 0.003090162 0.946356714 97.606575012
0.942319572 -0.001914060 0.334709018 4.311548233 0.002667445 0.999994814 -0.001791216 -2.455794573 -0.334703863 0.002580715 0.942319810 98.121620178
0.937498271 -0.001939210 0.347984552 4.525102615 0.002748880 0.999994576 -0.001833042 -2.470083714 -0.347979158 0.002675041 0.937498450 98.637657166
0.932153702 -0.002088158 0.362056732 4.739305496 0.002874892 0.999994516 -0.001634260 -2.494490623 -0.362051308 0.002564256 0.932154655 99.114112854
0.927178800 -0.002309198 0.374612033 4.960687637 0.002995297 0.999994755 -0.001249266 -2.509820223 -0.374607205 0.002280366 0.927180946 99.679283142
0.922327101 -0.002638509 0.386401117 5.187427521 0.003253193 0.999994338 -0.000936887 -2.524886370 -0.386396438 0.002121154 0.922330439 100.164566040
0.916393459 -0.003270434 0.400265276 5.430427551 0.004152054 0.999990523 -0.001335395 -2.532787085 -0.400257111 0.002885670 0.916398406 100.649742126
0.910365880 -0.002954061 0.413793474 5.669639587 0.003854580 0.999991655 -0.001341350 -2.543389797 -0.413786113 0.002816120 0.910369694 101.168045044
0.905484259 -0.003782065 0.424362957 5.922893524 0.004899716 0.999986768 -0.001542550 -2.558856010 -0.424351543 0.003476013 0.905490756 101.639328003
0.899384439 -0.003402618 0.437145144 6.178207397 0.004201523 0.999990761 -0.000860578 -2.583840132 -0.437138289 0.002610667 0.899390519 102.133087158
0.892884433 -0.004005818 0.450268030 6.439807892 0.005009642 0.999986887 -0.001037751 -2.588197470 -0.450257957 0.003182274 0.892892778 102.611770630
0.887058437 -0.003750324 0.461642146 6.715503693 0.005083814 0.999985754 -0.001644931 -2.599999428 -0.461629331 0.003806052 0.887064815 103.084930420
0.881132007 -0.003540847 0.472857118 6.990589142 0.004771254 0.999987602 -0.001402752 -2.617665291 -0.472846329 0.003492131 0.881137908 103.566383362
0.873384416 -0.004461938 0.487011045 7.253726959 0.005588765 0.999984145 -0.000860912 -2.633192062 -0.486999422 0.003473698 0.873395383 104.017799377
