1.000000000 0.000000000 0.000000000 0.000000000 0.000000000 1.000000000 0.000000000 0.000000000 0.000000000 0.000000000 1.000000000 0.000000000
1.000000000 0.000027864 -0.000021695 0.000359908 -0.000027863 1.000000000 0.000031372 -0.001008358 0.000021696 -0.000031371 1.000000000 -0.001582050
1.000000000 -0.000034330 -0.000011975 0.000949520 0.000034330 1.000000000 0.000000203 -0.000451440 0.000011975 -0.000000203 1.000000000 -0.002405165
1.000000000 -0.000153954 -0.000112650 0.001762956 0.000153961 1.000000000 0.000064719 -0.001756463 0.000112640 -0.000064736 1.000000000 -0.004188427
1.000000000 -0.000141373 -0.000076326 -0.000412363 0.000141372 1.000000000 -0.000005265 0.000125359 0.000076326 0.000005254 1.000000000 -0.003093515
1.000000000 -0.000155273 -0.000035613 0.000809940 0.000155275 1.000000000 0.000060470 -0.000725971 0.000035603 -0.000060476 1.000000000 -0.001509348
1.000000000 -0.000189690 -0.000009257 0.000054795 0.000189690 1.000000000 0.000037737 -0.000653491 0.000009250 -0.000037738 1.000000000 -0.003809326
1.000000000 -0.000085269 -0.000044079 0.000041641 0.000085270 1.000000000 0.000036718 0.000439969 0.000044076 -0.000036721 1.000000000 -0.003856149
1.000000000 -0.000070321 -0.000030440 0.000397633 0.000070321 1.000000000 -0.000010596 0.000503569 0.000030441 0.000010593 1.000000000 -0.000531496
1.000000000 -0.000062718 -0.000061256 -0.000361424 0.000062718 1.000000000 -0.000005228 0.001254898 0.000061256 0.000005224 1.000000000 -0.001683557
1.000000000 -0.000159358 -0.000128751 0.000883296 0.000159364 1.000000000 0.000047979 -0.000338346 0.000128743 -0.000047999 1.000000000 -0.002722995
1.000000000 -0.000177170 -0.000076977 -0.000086099 0.000177170 1.000000000 -0.000002185 0.000646849 0.000076977 0.000002172 1.000000000 0.000043124
1.000000000 -0.000197910 -0.000065994 -0.000731893 0.000197913 1.000000000 0.000043135 0.000896976 0.000065985 -0.000043149 1.000000000 -0.000881548
1.000000000 -0.000176172 -0.000063392 0.000428557 0.000176174 1.000000000 0.000031718 -0.000119862 0.000063387 -0.000031729 1.000000000 -0.003526007
1.000000000 -0.000137593 -0.000065788 0.001175585 0.000137600 1.000000000 0.000118134 -0.000493073 0.000065772 -0.000118143 1.000000000 -0.003921616
1.000000000 -0.000132496 -0.000046821 0.002120080 0.000132502 1.000000000 0.000124247 -0.001415072 0.000046805 -0.000124253 1.000000000 -0.007169561
1.000000000 -0.000141407 -0.000076081 0.001135976 0.000141409 1.000000000 0.000022767 0.000596026 0.000076078 -0.000022778 1.000000000 -0.002502402
1.000000000 -0.000098256 -0.000095068 0.001018204 0.000098263 1.000000000 0.000071268 -0.000169277 0.000095061 -0.000071277 1.000000000 -0.004334868
0.999999940 -0.000247004 -0.000106101 0.000675509 0.000247010 0.999999940 0.000055949 -0.000511982 0.000106087 -0.000055976 1.000000000 -0.003466850
0.999999940 -0.000242343 -0.000097358 0.000690940 0.000242346 0.999999940 0.000036979 0.000741294 0.000097349 -0.000037002 1.000000000 -0.000072887
0.999999940 -0.000235017 -0.000072101 -0.000177460 0.000235021 1.000000000 0.000054612 -0.000717726 0.000072088 -0.000054629 1.000000000 -0.002752432
1.000000000 -0.000148388 -0.000108682 0.002910980 0.000148395 1.000000000 0.000063030 0.000057974 0.000108673 -0.000063046 1.000000000 -0.002073102
1.000000000 -0.000142135 -0.000111324 0.002415316 0.000142145 1.000000000 0.000087871 -0.000983017 0.000111312 -0.000087887 1.000000000 -0.002192905
0.999999940 -0.000236804 -0.000135622 0.001368960 0.000236816 0.999999940 0.000084135 -0.000539433 0.000135602 -0.000084167 1.000000000 -0.004277220
0.999999940 -0.000232509 -0.000188948 0.002645992 0.000232523 1.000000000 0.000072600 -0.000553806 0.000188931 -0.000072644 1.000000000 -0.004102975
0.999999940 -0.000288678 -0.000141425 0.001649434 0.000288687 0.999999940 0.000063659 0.000351057 0.000141406 -0.000063700 1.000000000 -0.003278655
0.999999940 -0.000294290 -0.000181652 0.002961250 0.000294303 0.999999940 0.000070598 -0.000356560 0.000181631 -0.000070651 1.000000000 -0.004566041
0.999999881 -0.000404353 -0.000140760 0.001108048 0.000404361 0.999999940 0.000062394 -0.000672138 0.000140735 -0.000062450 1.000000000 -0.004707666
0.999999940 -0.000208608 -0.000151670 0.001767727 0.000208621 1.000000000 0.000085510 -0.000079343 0.000151652 -0.000085542 1.000000000 -0.002163881
1.000000000 -0.000183079 -0.000116455 0.002606462 0.000183092 1.000000000 0.000115037 -0.001156548 0.000116434 -0.000115058 1.000000000 -0.004301907
0.999999940 -0.000275912 -0.000149086 0.000608215 0.000275923 0.999999940 0.000069733 0.000784250 0.000149066 -0.000069774 1.000000000 -0.000864450
0.999999940 -0.000298823 -0.000157951 0.000617931 0.000298839 0.999999940 0.000098202 0.000148516 0.000157922 -0.000098249 1.000000000 -0.003661485
0.999999940 -0.000217465 -0.000145089 0.001338902 0.000217467 1.000000000 0.000011356 0.000385686 0.000145086 -0.000011387 1.000000000 -0.001678352
0.999999940 -0.000310451 -0.000165408 0.001996240 0.000310458 0.999999940 0.000037263 0.000083910 0.000165397 -0.000037315 1.000000000 -0.001782844
0.999999940 -0.000317246 -0.000121435 0.000994150 0.000317257 0.999999940 0.000089041 -0.000757635 0.000121407 -0.000089079 1.000000000 -0.005648025
0.999999940 -0.000318866 -0.000185532 0.002837763 0.000318872 0.999999940 0.000029634 0.000323230 0.000185523 -0.000029693 1.000000000 -0.003003453
1.000000000 -0.000203927 -0.000132093 0.002820440 0.000203943 1.000000000 0.000119488 -0.000510965 0.000132069 -0.000119515 1.000000000 -0.006763862
0.999999940 -0.000268126 -0.000129776 0.000474342 0.000268133 0.999999940 0.000055175 -0.000073286 0.000129761 -0.000055210 1.000000000 -0.004641197
0.999999940 -0.000264316 -0.000158477 0.001160244 0.000264335 0.999999940 0.000120411 -0.000083477 0.000158445 -0.000120453 1.000000000 -0.003662376
0.999999940 -0.000287218 -0.000184715 0.002749368 0.000287226 0.999999940 0.000047250 -0.001112433 0.000184702 -0.000047303 1.000000000 0.000096752
0.999999940 -0.000260590 -0.000107506 0.001671380 0.000260532 0.999999821 -0.000542778 -0.000786016 0.000107647 0.000542749 0.999999821 0.048701275
1.000000000 -0.000105310 -0.000139655 0.001847515 0.000105156 0.999999404 -0.001099331 -0.003562435 0.000139771 0.001099316 0.999999404 0.140742153
1.000000000 -0.000196022 -0.000144425 0.005275836 0.000195816 0.999998987 -0.001424916 -0.007489902 0.000144704 0.001424888 0.999998987 0.254036874
1.000000000 -0.000195516 -0.000083946 0.005813896 0.000195397 0.999998987 -0.001407126 -0.011982630 0.000084221 0.001407109 0.999998987 0.389222771
1.000000000 -0.000124803 -0.000202502 0.011177327 0.000124575 0.999999344 -0.001125098 -0.019237543 0.000202642 0.001125072 0.999999344 0.524290264
1.000000000 -0.000151240 -0.000076836 0.012294201 0.000151159 0.999999404 -0.001061565 -0.022128109 0.000076997 0.001061553 0.999999404 0.684859335
1.000000000 -0.000122874 -0.000109425 0.019649072 0.000122771 0.999999523 -0.000941706 -0.025562227 0.000109541 0.000941692 0.999999523 0.844830155
0.999999940 0.000306510 0.000081347 0.016134264 -0.000306442 0.999999583 -0.000825728 -0.025026860 -0.000081600 0.000825703 0.999999642 1.020900965
1.000000000 -0.000057517 -0.000183647 0.027635491 0.000057407 0.999999821 -0.000597751 -0.036483329 0.000183681 0.000597741 0.999999821 1.178941727
1.000000000 0.000140981 0.000042528 0.029433489 -0.000140966 0.999999940 -0.000359356 -0.041191302 -0.000042578 0.000359350 0.999999940 1.367380619
0.999999940 0.000231182 0.000220593 0.035265751 -0.000231293 0.999999762 0.000502527 -0.057861578 -0.000220477 -0.000502578 0.999999762 1.554279327
0.999999881 -0.000073065 0.000436963 0.036797047 0.000072852 0.999999821 0.000487762 -0.062416185 -0.000436998 -0.000487730 0.999999702 1.750402570
0.999999881 -0.000381853 0.000157223 0.046359438 0.000381706 0.999999344 0.000935013 -0.070258811 -0.000157580 -0.000934953 0.999999523 1.953582883
0.999999821 0.000278295 0.000588823 0.043875400 -0.000278807 0.999999523 0.000869424 -0.075865872 -0.000588580 -0.000869588 0.999999404 2.168116570
0.999999821 0.000212442 0.000573293 0.043200795 -0.000213174 0.999999285 0.001278041 -0.084765039 -0.000573021 -0.001278163 0.999999046 2.382887363
0.999999762 0.000357987 0.000595692 0.049547840 -0.000358704 0.999999225 0.001204851 -0.091901109 -0.000595260 -0.001205065 0.999999106 2.605973959
0.999999762 0.000327474 0.000630747 0.054727636 -0.000328206 0.999999344 0.001160228 -0.098489143 -0.000630366 -0.001160435 0.999999166 2.838547468
0.999999642 0.000447162 0.000750433 0.058865257 -0.000448022 0.999999285 0.001145648 -0.101540968 -0.000749920 -0.001145984 0.999999106 3.068966627
0.999999642 0.000466732 0.000800713 0.057636052 -0.000467689 0.999999166 0.001195343 -0.109169483 -0.000800155 -0.001195717 0.999998987 3.315999269
0.999999523 0.000491992 0.000928640 0.066182047 -0.000493243 0.999999046 0.001347604 -0.117383666 -0.000927976 -0.001348061 0.999998689 3.576043844
0.999999762 0.000268859 0.000650839 0.073490866 -0.000269928 0.999998629 0.001644110 -0.125990719 -0.000650396 -0.001644285 0.999998450 3.795705080
0.999999642 0.000541219 0.000682445 0.079992294 -0.000542412 0.999998391 0.001749613 -0.132648677 -0.000681497 -0.001749983 0.999998271 4.056519032
0.999999106 0.000823790 0.001054858 0.078431383 -0.000825534 0.999998271 0.001654144 -0.133230552 -0.001053493 -0.001655013 0.999998093 4.316171169
0.999999404 0.000542376 0.000993218 0.083909616 -0.000544065 0.999998391 0.001701191 -0.141720742 -0.000992294 -0.001701730 0.999998093 4.570331097
0.999999404 0.000294276 0.001067954 0.090522908 -0.000296281 0.999998212 0.001878105 -0.149466425 -0.001067400 -0.001878421 0.999997675 4.834635735
0.999999523 0.000214397 0.000990490 0.096035339 -0.000216496 0.999997675 0.002119223 -0.159564227 -0.000990033 -0.002119436 0.999997258 5.095779896
0.999999642 0.000177829 0.000841099 0.100429729 -0.000179404 0.999998212 0.001872734 -0.167375982 -0.000840765 -0.001872885 0.999997914 5.349751949
0.999999642 0.000299542 0.000806619 0.104672313 -0.000301119 0.999998033 0.001956426 -0.175285444 -0.000806032 -0.001956668 0.999997795 5.618206978
0.999999821 0.000213585 0.000570205 0.113198064 -0.000214692 0.999998093 0.001942147 -0.181650236 -0.000569789 -0.001942270 0.999997973 5.895504475
0.999999762 -0.000041220 0.000673748 0.119326785 0.000039800 0.999997854 0.002106933 -0.195463151 -0.000673833 -0.002106906 0.999997556 6.166156292
0.999999583 0.000231691 0.000878912 0.122067057 -0.000233676 0.999997437 0.002259161 -0.202532053 -0.000878386 -0.002259366 0.999997079 6.451410294
0.999999404 0.000655680 0.000882046 0.123168699 -0.000658005 0.999996305 0.002638457 -0.228619218 -0.000880313 -0.002639035 0.999996126 6.726469994
0.999999285 0.000980537 0.000661384 0.132677719 -0.000982295 0.999995887 0.002662768 -0.238426030 -0.000658771 -0.002663416 0.999996245 7.021261692
0.999999881 0.000246952 0.000508715 0.142517805 -0.000248276 0.999996662 0.002603653 -0.247233465 -0.000508071 -0.002603779 0.999996483 7.309324265
0.999999642 0.000385603 0.000749865 0.153512269 -0.000387722 0.999995947 0.002827916 -0.259663463 -0.000748771 -0.002828205 0.999995768 7.611005783
0.999999225 0.000614359 0.001064145 0.154235482 -0.000617578 0.999995291 0.003027352 -0.269552946 -0.001062280 -0.003028007 0.999994874 7.951033592
0.999999523 0.000241004 0.000856603 0.161669388 -0.000243496 0.999995708 0.002910448 -0.279537261 -0.000855898 -0.002910655 0.999995410 8.238488197
0.999999642 0.000189424 0.000761509 0.173100427 -0.000191733 0.999995351 0.003032916 -0.290912509 -0.000760931 -0.003033062 0.999995112 8.560505867
0.999999166 0.000854181 0.001020569 0.175163656 -0.000857213 0.999995172 0.002974217 -0.294021815 -0.001018023 -0.002975089 0.999995112 8.902054787
0.999999404 0.000480447 0.000996137 0.184075505 -0.000483447 0.999995291 0.003013643 -0.308101118 -0.000994685 -0.003014123 0.999994993 9.238704681
0.999998629 0.000531096 0.001557794 0.179517925 -0.000536008 0.999994874 0.003154047 -0.322978973 -0.001556111 -0.003154877 0.999993801 9.580237389
0.999998331 0.000880098 0.001585827 0.191148266 -0.000885464 0.999993920 0.003386423 -0.333497912 -0.001582837 -0.003387822 0.999993026 9.924186707
0.999998629 0.000588821 0.001526158 0.195066094 -0.000594047 0.999993920 0.003426533 -0.343092799 -0.001524131 -0.003427435 0.999992967 10.290746689
0.999998629 0.000457900 0.001560403 0.206425458 -0.000463273 0.999994040 0.003444722 -0.352071553 -0.001558816 -0.003445440 0.999992907 10.661061287
0.999999523 -0.000075194 0.000976354 0.218163610 0.000071833 0.999994099 0.003442355 -0.362060487 -0.000976607 -0.003442283 0.999993622 11.020025253
0.999999344 0.000070707 0.001107287 0.225776881 -0.000074764 0.999993324 0.003663857 -0.375012398 -0.001107020 -0.003663938 0.999992669 11.395683289
0.999998987 0.000516292 0.001327378 0.233172327 -0.000520981 0.999993622 0.003534707 -0.381212741 -0.001325545 -0.003535395 0.999992967 11.787808418
0.999999046 0.000371150 0.001363185 0.242387563 -0.000376246 0.999992967 0.003739996 -0.395111591 -0.001361787 -0.003740506 0.999992132 12.156849861
0.999999642 -0.000090820 0.000870072 0.258677274 0.000087323 0.999991834 0.004018938 -0.412664294 -0.000870430 -0.004018860 0.999991536 12.522421837
0.999999464 -0.000064077 0.001008122 0.264710933 0.000060099 0.999992132 0.003945280 -0.422136307 -0.001008366 -0.003945218 0.999991655 12.926362991
0.999999702 0.000005771 0.000808773 0.279027313 -0.000009123 0.999991357 0.004144903 -0.438580632 -0.000808742 -0.004144909 0.999991059 13.324435234
0.999999404 -0.000188204 0.001060796 0.284290969 0.000183668 0.999990821 0.004274901 -0.443975687 -0.001061591 -0.004274703 0.999990284 13.735096931
0.999998927 0.000157426 0.001442190 0.292176306 -0.000163585 0.999990880 0.004271097 -0.464657396 -0.001441505 -0.004271329 0.999989867 14.110515594
0.999998689 0.000131454 0.001600304 0.303458154 -0.000138622 0.999989986 0.004480007 -0.478936017 -0.001599699 -0.004480223 0.999988735 14.535573006
0.999998510 -0.000151278 0.001732553 0.314309657 0.000143418 0.999989748 0.004535968 -0.491065860 -0.001733222 -0.004535712 0.999988317 14.958214760
0.999997973 0.000113088 0.002023323 0.318481177 -0.000122530 0.999989092 0.004667019 -0.503417552 -0.002022773 -0.004667257 0.999987066 15.388401031
0.999996543 0.000344668 0.002601661 0.331307620 -0.000356414 0.999989748 0.004515629 -0.513315260 -0.002600078 -0.004516541 0.999986410 15.821571350
0.999996305 0.000153503 0.002720250 0.336875260 -0.000166453 0.999988616 0.004761022 -0.521443605 -0.002719488 -0.004761456 0.999984980 16.269002914
0.999996066 -0.000506435 0.002768937 0.348613232 0.000493214 0.999988496 0.004773589 -0.535499156 -0.002771323 -0.004772205 0.999984801 16.710947037
0.999995947 -0.000487543 0.002803933 0.360614091 0.000473839 0.999987960 0.004885911 -0.550880671 -0.002806281 -0.004884562 0.999984086 17.142169952
0.999994993 -0.000633944 0.003103988 0.369257510 0.000618038 0.999986708 0.005122566 -0.561605990 -0.003107194 -0.005120622 0.999981999 17.611955643
0.999994457 -0.001274775 0.003073766 0.386719763 0.001259167 0.999986351 0.005074477 -0.574516654 -0.003080193 -0.005070579 0.999982357 18.070161819
0.999992967 -0.000643631 0.003700227 0.395409554 0.000625223 0.999987483 0.004973826 -0.582531929 -0.003703382 -0.004971478 0.999980807 18.547613144
0.999992967 -0.001146185 0.003576161 0.397893846 0.001125258 0.999982238 0.005848244 -0.624155164 -0.003582801 -0.005844179 0.999976516 18.977016449
0.999994159 -0.001082611 0.003221334 0.416503847 0.001063892 0.999982536 0.005807077 -0.635388255 -0.003227565 -0.005803616 0.999977946 19.452417374
0.999993861 -0.000315418 0.003485951 0.427478194 0.000294931 0.999982655 0.005876141 -0.646998584 -0.003487744 -0.005875078 0.999976695 19.927171707
0.999993205 -0.000722291 0.003612746 0.438531309 0.000700866 0.999982178 0.005928116 -0.656836569 -0.003616964 -0.005925544 0.999975920 20.422227859
0.999995589 -0.000993135 0.002777196 0.471364141 0.000976722 0.999982059 0.005905026 -0.676663518 -0.002783011 -0.005902287 0.999978721 20.911109924
0.999996841 -0.001277488 0.002161640 0.481438398 0.001265065 0.999982655 0.005738752 -0.683595896 -0.002168934 -0.005735999 0.999981165 21.419677734
0.999997079 -0.001145403 0.002137311 0.476848632 0.001133067 0.999982655 0.005763954 -0.697471857 -0.002143877 -0.005761514 0.999981165 21.917152405
0.999997318 -0.000949530 0.002138026 0.485982776 0.000937099 0.999982715 0.005807856 -0.705743074 -0.002143504 -0.005805837 0.999980867 22.420999527
0.999998629 -0.000870069 0.001407658 0.485678703 0.000860980 0.999978781 0.006444945 -0.729814529 -0.001413236 -0.006443725 0.999978185 22.847364426
0.999999225 -0.001053081 0.000601765 0.496596098 0.001049137 0.999978125 0.006518135 -0.747149825 -0.000608616 -0.006517499 0.999978542 23.374042511
0.999998510 -0.001546356 0.000740997 0.499295831 0.001541680 0.999979138 0.006269442 -0.756125450 -0.000750677 -0.006268290 0.999980092 23.916883469
0.999999702 -0.000791958 -0.000103036 0.523045003 0.000792599 0.999979377 0.006374911 -0.766749859 0.000097985 -0.006374991 0.999979675 24.384147644
0.999999166 -0.000685603 -0.001042640 0.535999656 0.000692446 0.999978125 0.006576881 -0.776516616 0.001038108 -0.006577597 0.999977827 24.923999786
0.999999166 0.000005598 -0.001384401 0.538335502 0.000003212 0.999979675 0.006363565 -0.782533169 0.001384409 -0.006363562 0.999978840 25.453380585
0.999997914 -0.000426261 -0.001988984 0.545542955 0.000440054 0.999975801 0.006939185 -0.810094774 0.001985978 -0.006940047 0.999973893 25.936861038
0.999997556 -0.000861007 -0.002050820 0.551456094 0.000877490 0.999967277 0.008049589 -0.825804055 0.002043822 -0.008051369 0.999965489 26.486389160
0.999995232 -0.000816759 -0.002966658 0.570651293 0.000840195 0.999968290 0.007907134 -0.839958131 0.002960106 -0.007909589 0.999964297 27.048248291
0.999993682 -0.000606892 -0.003495279 0.571331441 0.000632874 0.999972165 0.007437190 -0.854528189 0.003490668 -0.007439356 0.999966264 27.521287918
0.999993801 0.000186693 -0.003511132 0.572085679 -0.000161003 0.999973238 0.007315462 -0.862181962 0.003512404 -0.007314852 0.999967098 28.068576813
0.999992073 -0.000047047 -0.003986274 0.585978150 0.000078602 0.999968648 0.007916247 -0.881100178 0.003985777 -0.007916498 0.999960780 28.597904205
0.999989569 -0.000789731 -0.004492707 0.587780952 0.000824671 0.999969363 0.007780508 -0.905134439 0.004486425 -0.007784131 0.999959648 29.093101501
0.999988675 -0.000600028 -0.004713909 0.593410432 0.000637140 0.999968827 0.007875370 -0.919763684 0.004709037 -0.007878284 0.999957919 29.628402710
0.999987721 -0.001121795 -0.004832605 0.600866258 0.001158979 0.999969721 0.007698599 -0.932707071 0.004823822 -0.007704104 0.999958694 30.140054703
0.999988139 -0.000781039 -0.004817758 0.605888665 0.000819907 0.999967158 0.008070981 -0.945496798 0.004811296 -0.008074834 0.999955833 30.685441971
0.999985039 -0.001436344 -0.005286339 0.623982072 0.001479052 0.999966204 0.008083911 -0.964927912 0.005274549 -0.008091608 0.999953330 31.223230362
0.999982238 -0.001299546 -0.005836857 0.642477512 0.001345970 0.999967515 0.007956683 -0.977408409 0.005826327 -0.007964397 0.999951303 31.779010773
0.999982774 -0.000994892 -0.005783371 0.636033475 0.001042568 0.999965429 0.008246518 -0.991507530 0.005774967 -0.008252406 0.999949276 32.206230164
0.999981582 -0.000926462 -0.005992040 0.641271472 0.000975299 0.999966264 0.008152639 -1.001650095 0.005984285 -0.008158332 0.999948859 32.756942749
0.999980569 -0.000860211 -0.006163829 0.650310040 0.000911063 0.999965489 0.008252047 -1.014978170 0.006156518 -0.008257503 0.999946952 33.285148621
0.999980092 -0.000493005 -0.006273229 0.654723465 0.000546243 0.999963820 0.008487683 -1.023846507 0.006268818 -0.008490941 0.999944270 33.826118469
0.999978542 -0.000927343 -0.006489116 0.664777458 0.000986416 0.999958038 0.009106042 -1.074999928 0.006480400 -0.009112249 0.999937475 34.300834656
0.999977469 -0.001061939 -0.006640529 0.669817030 0.001122711 0.999957502 0.009154638 -1.084599257 0.006630525 -0.009161888 0.999936044 34.851890564
0.999975145 -0.001465078 -0.006904610 0.686531425 0.001528899 0.999956071 0.009247113 -1.097493172 0.006890759 -0.009257438 0.999933422 35.391307831
0.999979675 -0.000213354 -0.006371441 0.680034280 0.000269848 0.999960661 0.008867214 -1.111078501 0.006369299 -0.008868754 0.999940336 35.937980652
0.999978840 0.000234899 -0.006500717 0.676457822 -0.000175135 0.999957681 0.009192373 -1.113581061 0.006502602 -0.009191041 0.999936640 36.460899353
0.999976695 -0.000237599 -0.006822764 0.685878992 0.000302532 0.999954641 0.009517620 -1.153276920 0.006820193 -0.009519464 0.999931455 36.933818817
0.999975920 -0.000090712 -0.006944591 0.696738541 0.000157851 0.999953270 0.009667882 -1.163411379 0.006943389 -0.009668746 0.999929190 37.482852936
0.999975860 0.000199599 -0.006957386 0.707650065 -0.000130339 0.999950409 0.009953905 -1.175719261 0.006959029 -0.009952757 0.999926269 38.014717102
0.999974489 0.000134232 -0.007136328 0.716638088 -0.000063753 0.999951243 0.009875432 -1.190879703 0.007137305 -0.009874725 0.999925792 38.540512085
0.999973714 0.000797315 -0.007204448 0.719787717 -0.000729598 0.999955535 0.009397064 -1.196271062 0.007211620 -0.009391561 0.999929965 39.078735352
0.999970615 -0.000358726 -0.007659385 0.727604628 0.000437317 0.999947250 0.010261572 -1.245938659 0.007655301 -0.010264618 0.999917984 39.565433502
0.999970376 -0.000534924 -0.007676657 0.734308183 0.000615224 0.999945104 0.010461702 -1.259099603 0.007670639 -0.010466114 0.999915779 40.120685577
0.999969542 -0.000064348 -0.007806630 0.739942789 0.000146207 0.999944985 0.010485779 -1.266239405 0.007805526 -0.010486600 0.999914527 40.673637390
0.999971867 0.000063869 -0.007503905 0.744309783 0.000010284 0.999951124 0.009881450 -1.268274665 0.007504169 -0.009881248 0.999922931 41.223648071
0.999969482 -0.000180896 -0.007815994 0.759321809 0.000259726 0.999949098 0.010085862 -1.284637451 0.007813771 -0.010087585 0.999918580 41.773109436
0.999961674 -0.000878663 -0.008703910 0.757828593 0.000972023 0.999942124 0.010727761 -1.307360888 0.008693978 -0.010735811 0.999904513 42.244270325
0.999960363 -0.001067695 -0.008834119 0.767983913 0.001164021 0.999939919 0.010905906 -1.320961475 0.008821944 -0.010915758 0.999901474 42.797416687
0.999964297 -0.000854017 -0.008401019 0.760015249 0.000943501 0.999942720 0.010653390 -1.327771544 0.008391440 -0.010660938 0.999907911 43.301734924
0.999964356 -0.000663847 -0.008414974 0.770100474 0.000753213 0.999943316 0.010621115 -1.338596106 0.008407447 -0.010627075 0.999908149 43.829910278
0.999964893 -0.000248527 -0.008374297 0.775080264 0.000332751 0.999949336 0.010057557 -1.346295476 0.008371374 -0.010059992 0.999914348 44.387725830
0.999968469 0.000284124 -0.007930058 0.786598265 -0.000202309 0.999946713 0.010315954 -1.362385392 0.007932568 -0.010314025 0.999915302 44.894824982
0.999967754 0.000133027 -0.008026049 0.792546868 -0.000048572 0.999944687 0.010521852 -1.373106241 0.008027004 -0.010521122 0.999912441 45.416023254
0.999968827 0.000461857 -0.007882717 0.796221137 -0.000377012 0.999942005 0.010761534 -1.393859863 0.007887231 -0.010758226 0.999911010 45.960578918
0.999961317 -0.000985461 -0.008742543 0.798719883 0.001083878 0.999936044 0.011259587 -1.403116226 0.008730887 -0.011268627 0.999898374 46.459316254
0.999960482 -0.001021952 -0.008827990 0.807001472 0.001118868 0.999939144 0.010980336 -1.409263372 0.008816231 -0.010989781 0.999900699 47.005008698
0.999961555 -0.001150758 -0.008691953 0.808447361 0.001249463 0.999934673 0.011358971 -1.424968600 0.008678314 -0.011369393 0.999897718 47.516639709
0.999959409 -0.001213834 -0.008931046 0.821198463 0.001314827 0.999935150 0.011310818 -1.438872337 0.008916738 -0.011322102 0.999896109 48.067836761
0.999960899 -0.000922450 -0.008792783 0.823098660 0.001023138 0.999933898 0.011453564 -1.447647452 0.008781638 -0.011462114 0.999895692 48.577083588
0.999963939 -0.000555015 -0.008471403 0.819245815 0.000653118 0.999932706 0.011582073 -1.452779889 0.008464404 -0.011587190 0.999897063 49.149616241
0.999959826 -0.000829774 -0.008923672 0.830541968 0.000931363 0.999934673 0.011386059 -1.466775417 0.008913642 -0.011393912 0.999895334 49.623664856
0.999961019 -0.000641907 -0.008808277 0.836089134 0.000742179 0.999934852 0.011385320 -1.473559976 0.008800395 -0.011391412 0.999896348 50.171001434
0.999957740 -0.001088506 -0.009124597 0.844384193 0.001194118 0.999932289 0.011576965 -1.486741304 0.009111376 -0.011587373 0.999891341 50.671360016
0.999960363 -0.000770429 -0.008869873 0.851251483 0.000873137 0.999932468 0.011581268 -1.497521162 0.008860352 -0.011588555 0.999893606 51.207664490
0.999958575 -0.000853345 -0.009053459 0.861384153 0.000958801 0.999931693 0.011650174 -1.505104780 0.009042900 -0.011658370 0.999891162 51.741512299
0.999955058 -0.001314937 -0.009381445 0.872337997 0.001421334 0.999934733 0.011343684 -1.513747692 0.009365916 -0.011356509 0.999891698 52.287429810
0.999960840 -0.000556160 -0.008832981 0.868615031 0.000658159 0.999933064 0.011548761 -1.524562240 0.008825967 -0.011554123 0.999894321 52.798271179
0.999963462 -0.000275094 -0.008550363 0.869826376 0.000375181 0.999931455 0.011706173 -1.532179594 0.008546555 -0.011708952 0.999894917 53.353408813
0.999960244 -0.000644842 -0.008891051 0.884828091 0.000748744 0.999931395 0.011687803 -1.546797276 0.008882905 -0.011693995 0.999892116 53.843963623
0.999966860 0.000270183 -0.008144082 0.870965123 -0.000178648 0.999936819 0.011238029 -1.542855024 0.008146606 -0.011236202 0.999903679 54.473091125
0.999959290 -0.000776386 -0.008990634 0.896199942 0.000885139 0.999926388 0.012098654 -1.566075325 0.008980579 -0.012106118 0.999886394 54.886974335
0.999960303 -0.000941305 -0.008867527 0.905130744 0.001049028 0.999925613 0.012151274 -1.577085018 0.008855429 -0.012160094 0.999886870 55.430381775
0.999964118 -0.000620149 -0.008443741 0.900588751 0.000720483 0.999929130 0.011884756 -1.579099417 0.008435772 -0.011890413 0.999893725 55.998966217
0.999961555 -0.001093649 -0.008699344 0.914072871 0.001198786 0.999926209 0.012089692 -1.589997053 0.008685480 -0.012099657 0.999889076 56.542789459
0.999961257 -0.000945911 -0.008748798 0.924381256 0.001051438 0.999926686 0.012065214 -1.605786562 0.008736744 -0.012073946 0.999888957 56.993812561
0.999958396 -0.001246001 -0.009034735 0.933791101 0.001357867 0.999922395 0.012386200 -1.618876934 0.009018601 -0.012397953 0.999882460 57.532485962
0.999959707 -0.000823242 -0.008936594 0.941206634 0.000933822 0.999922991 0.012376649 -1.635070086 0.008925717 -0.012384496 0.999883473 58.061939240
0.999959767 -0.001043270 -0.008905396 0.956039250 0.001152785 0.999923646 0.012301390 -1.642362595 0.008891882 -0.012311161 0.999884605 58.556209564
0.999958515 -0.001207381 -0.009034263 0.963277459 0.001316937 0.999925554 0.012130653 -1.648105383 0.009018946 -0.012142046 0.999885559 59.112468719
0.999958456 -0.000650518 -0.009096051 0.980217159 0.000761436 0.999925315 0.012195956 -1.671785593 0.009087439 -0.012202375 0.999884188 59.635730743
0.999961257 0.000008029 -0.008795708 0.987314880 0.000104233 0.999918520 0.012762753 -1.672836542 0.008795095 -0.012763174 0.999879837 60.197048187
0.999959469 -0.000922985 -0.008954586 0.978428125 0.001034621 0.999921679 0.012470306 -1.677114129 0.008942373 -0.012479066 0.999882162 60.762729645
0.999960542 -0.000981458 -0.008826913 0.983809888 0.001088459 0.999925852 0.012125548 -1.691741228 0.008814359 -0.012134679 0.999887466 61.283988953
0.999959528 -0.000166125 -0.008997641 1.003811836 0.000282639 0.999916136 0.012949653 -1.738287807 0.008994732 -0.012951672 0.999875665 61.710540771
0.999958515 0.000328585 -0.009105372 1.017834187 -0.000205699 0.999908924 0.013493675 -1.758325100 0.009108977 -0.013491242 0.999867499 62.246631622
0.999958158 0.000396255 -0.009148437 1.025496244 -0.000275081 0.999912322 0.013242709 -1.761165023 0.009152880 -0.013239640 0.999870479 62.782444000
0.999953926 0.000030445 -0.009604876 1.033857822 0.000095206 0.999914467 0.013081215 -1.767174006 0.009604451 -0.013081527 0.999868333 63.352973938
0.999956489 -0.000206259 -0.009327167 1.031996727 0.000327793 0.999915063 0.013030419 -1.771324158 0.009323687 -0.013032909 0.999871612 63.908451080
0.999962986 0.000374155 -0.008590568 1.030707836 -0.000264138 0.999917984 0.012804260 -1.784640551 0.008594655 -0.012801519 0.999881148 64.368301392
0.999962568 0.000449873 -0.008635902 1.033041954 -0.000340597 0.999919891 0.012650905 -1.790741444 0.008640901 -0.012647493 0.999882698 64.925308228
0.999962568 0.000675081 -0.008623804 1.040489197 -0.000561239 0.999912798 0.013196494 -1.803174615 0.008631960 -0.013191162 0.999875724 65.459930420
0.999959230 -0.000827636 -0.008989916 1.061941385 0.000944714 0.999914706 0.013026806 -1.813212276 0.008978368 -0.013034770 0.999874771 65.955596924
0.999966204 0.001104956 -0.008144188 1.030139804 -0.001000414 0.999917209 0.012829271 -1.846978426 0.008157691 -0.012820690 0.999884546 66.504859924
0.999967575 0.002068883 -0.007776133 1.040297627 -0.001966590 0.999911785 0.013139416 -1.860175371 0.007802629 -0.013123696 0.999883473 67.043655396
0.999967158 0.001754208 -0.007905689 1.032713532 -0.001653773 0.999918103 0.012692873 -1.857747555 0.007927307 -0.012679383 0.999888182 67.619544983
0.999963403 0.000976505 -0.008500919 1.053120732 -0.000866107 0.999915361 0.012980699 -1.872933865 0.008512877 -0.012972860 0.999879599 68.121643066
0.999965727 0.001205741 -0.008186473 1.056839705 -0.001101820 0.999918878 0.012686890 -1.874044180 0.008201106 -0.012677435 0.999886036 68.662147522
0.999967396 0.002329644 -0.007727521 1.039271832 -0.002225265 0.999906540 0.013488568 -1.912791967 0.007758222 -0.013470932 0.999879181 69.173614502
0.999966383 0.001265474 -0.008107138 1.053002238 -0.001154969 0.999906600 0.013620687 -1.922495127 0.008123618 -0.013610865 0.999874413 69.717620850
0.999965489 0.001473131 -0.008184121 1.055014610 -0.001360710 0.999904931 0.013725130 -1.928735256 0.008203561 -0.013713519 0.999872327 70.272026062
0.999966681 0.001828869 -0.007958636 1.063974380 -0.001719033 0.999903500 0.013785983 -1.946229935 0.007983081 -0.013771841 0.999873340 70.799263000
0.999967277 0.001651729 -0.007920207 1.069122195 -0.001546073 0.999909937 0.013327634 -1.952251911 0.007941508 -0.013314953 0.999879777 71.260498047
0.999964118 0.001302941 -0.008375130 1.078330874 -0.001190205 0.999908745 0.013451700 -1.954390645 0.008391890 -0.013441249 0.999874473 71.811317444
0.999966860 0.001586978 -0.007986478 1.088161707 -0.001476339 0.999903142 0.013840209 -1.979589581 0.008007668 -0.013827957 0.999872327 72.336860657
0.999969006 0.001514840 -0.007732464 1.085339069 -0.001408832 0.999905229 0.013696629 -1.988009691 0.007752480 -0.013685307 0.999876320 72.873184204
0.999967813 0.001530333 -0.007876714 1.090381861 -0.001427055 0.999913216 0.013100685 -1.987980962 0.007896078 -0.013089021 0.999883175 73.428901672
0.999968708 0.002024203 -0.007649763 1.104909658 -0.001918001 0.999902010 0.013864902 -2.006127357 0.007677078 -0.013849797 0.999874532 73.934555054
0.999970019 0.001830152 -0.007532564 1.102869511 -0.001723601 0.999898732 0.014127502 -2.009311199 0.007557656 -0.014114096 0.999871731 74.489097595
0.999970675 0.002515739 -0.007234925 1.110537648 -0.002417340 0.999904871 0.013577188 -2.012243271 0.007268393 -0.013559301 0.999881566 75.033134460
0.999969006 0.001585143 -0.007731021 1.120928526 -0.001478015 0.999903083 0.013843048 -2.031821728 0.007752215 -0.013831191 0.999874234 75.548377991
0.999967992 0.001946015 -0.007759134 1.126305223 -0.001837295 0.999900341 0.013994427 -2.045657635 0.007785593 -0.013979724 0.999871910 76.090927124
0.999970496 0.002285636 -0.007340843 1.128871679 -0.002184295 0.999902546 0.013783461 -2.053751230 0.007371632 -0.013767020 0.999878049 76.644523621
0.999969244 0.001504600 -0.007710510 1.145947933 -0.001395845 0.999899745 0.014090779 -2.061597824 0.007730939 -0.014079583 0.999870956 77.162094116
0.999968112 0.001399112 -0.007859970 1.152340412 -0.001290153 0.999903262 0.013850554 -2.070697784 0.007878589 -0.013839974 0.999873161 77.704246521
0.999967933 0.001673696 -0.007824481 1.160443187 -0.001565947 0.999904096 0.013756565 -2.077033758 0.007846753 -0.013743871 0.999874771 78.246017456
0.999971151 0.001206878 -0.007500832 1.171911836 -0.001102444 0.999902606 0.013911513 -2.083160639 0.007516889 -0.013902844 0.999875069 78.787902832
0.999979854 0.001750665 -0.006087880 1.174845099 -0.001667478 0.999905527 0.013642587 -2.087174416 0.006111189 -0.013632160 0.999888420 79.327789307
0.999986529 0.001399038 -0.004989691 1.187192202 -0.001330135 0.999904037 0.013785754 -2.100624561 0.005008498 -0.013778931 0.999892533 79.872108459
0.999993145 0.001644757 -0.003313388 1.194375515 -0.001599158 0.999904633 0.013717830 -2.104456663 0.003335634 -0.013712438 0.999900401 80.412719727
0.999997795 0.001972306 0.000577335 1.208646774 -0.001979899 0.999907434 0.013461557 -2.109925032 -0.000550731 -0.013462673 0.999909222 80.961273193
0.999990165 0.001878156 0.004023666 1.232443690 -0.001932451 0.999906540 0.013532837 -2.121664047 -0.003997874 -0.013540478 0.999900281 81.496894836
0.999973595 0.001566854 0.007093783 1.259352684 -0.001660894 0.999910533 0.013270291 -2.119059563 -0.007072357 -0.013281724 0.999886811 82.091362000
0.999934256 0.001118332 0.011411332 1.297212005 -0.001264707 0.999916911 0.012828008 -2.099733353 -0.011396037 -0.012841596 0.999852538 82.694000244
0.999842823 0.001824377 0.017636202 1.313352823 -0.002061293 0.999907732 0.013424641 -2.139417648 -0.017610084 -0.013458882 0.999754369 83.181877136
0.999719977 0.001504187 0.023619961 1.341683865 -0.001825041 0.999906242 0.013568355 -2.148478985 -0.023597339 -0.013607661 0.999628961 83.732925415
0.999579072 0.001607237 0.028966296 1.389842629 -0.001992715 0.999909759 0.013283838 -2.153497696 -0.028942334 -0.013335968 0.999492109 84.280815125
0.999307394 0.001905232 0.037164874 1.410338044 -0.002407459 0.999906301 0.013473406 -2.158710480 -0.037135720 -0.013553546 0.999218345 84.850906372
0.999001920 0.001253884 0.044648997 1.482471943 -0.001842289 0.999911904 0.013139749 -2.172425747 -0.044628583 -0.013208891 0.998916268 85.386253357
0.998683929 0.000417517 0.051286321 1.524444818 -0.001085000 0.999915063 0.012987692 -2.177953720 -0.051276535 -0.013026244 0.998599529 85.949081421
0.998182952 0.000776745 0.060250971 1.572627068 -0.001560317 0.999914825 0.012959184 -2.188422203 -0.060235772 -0.013029647 0.998099148 86.490425110
0.997531652 0.000554106 0.070216343 1.636056423 -0.001474705 0.999913633 0.013059736 -2.197525501 -0.070203044 -0.013131047 0.997446299 87.029861450
0.996890903 -0.000046596 0.078793943 1.701074600 -0.000977381 0.999915540 0.012957006 -2.205928326 -0.078787886 -0.012993735 0.996806681 87.579750061
0.996204793 0.000086029 0.087038688 1.765139580 -0.001197824 0.999918342 0.012721432 -2.214047670 -0.087030478 -0.012777409 0.996123731 88.121879578
0.995219052 0.000485808 0.097666226 1.835095406 -0.001764277 0.999913871 0.013004247 -2.223268032 -0.097651497 -0.013114385 0.995134294 88.657630920
0.994169831 -0.000411202 0.107824050 1.933787823 -0.001006051 0.999913812 0.013089398 -2.244309902 -0.107820153 -0.013121562 0.994083822 89.189285278
0.993097603 -0.000105226 0.117290653 2.025449753 -0.001456001 0.999911427 0.013224992 -2.253037691 -0.117281668 -0.013304483 0.993009567 89.772102356
0.991734326 -0.000237194 0.128308222 2.118039131 -0.001443323 0.999914408 0.013004366 -2.258284092 -0.128300339 -0.013082066 0.991649032 90.318161011
0.990104437 -0.000381839 0.140331700 2.219739914 -0.001525405 0.999907911 0.013483155 -2.276361465 -0.140323907 -0.013563794 0.990012765 90.873580933
0.988535225 -0.000771631 0.150988474 2.328325272 -0.001247092 0.999911129 0.013274896 -2.287110806 -0.150985345 -0.013311000 0.988446295 91.425827026
0.986942768 -0.001051709 0.161067963 2.449562073 -0.001059160 0.999914646 0.013019031 -2.290065289 -0.161067948 -0.013019636 0.986857414 91.980438232
0.984781742 -0.001460839 0.173789456 2.573408127 -0.000788357 0.999916792 0.012872345 -2.299433231 -0.173793808 -0.012813459 0.984698713 92.507858276
0.982455552 -0.001673797 0.186489418 2.688556671 -0.000806357 0.999912262 0.013222519 -2.310582399 -0.186495200 -0.013140912 0.982367992 93.053520203
0.980448484 -0.002166072 0.196763635 2.813087463 -0.000459058 0.999911487 0.013294956 -2.317181349 -0.196775004 -0.013125346 0.980360806 93.596717834
0.977757931 -0.002543644 0.209720954 2.952779770 -0.000237762 0.999912381 0.013236137 -2.325856447 -0.209736243 -0.012991603 0.977671623 94.122596741
0.974721432 -0.002332326 0.223411366 3.104282379 -0.000639544 0.999912202 0.013228950 -2.328115940 -0.223422632 -0.013037424 0.974634469 94.708175659
0.972018003 -0.002538509 0.234892726 3.245697021 -0.000608996 0.999911010 0.013326245 -2.335462093 -0.234905675 -0.013096398 0.971929908 95.205383301
0.969095826 -0.003118026 0.246664852 3.428787231 -0.000062077 0.999917150 0.012883579 -2.348049164 -0.246684536 -0.012500737 0.969015181 95.796043396
0.965400636 -0.002535332 0.260759056 3.594537735 -0.000974952 0.999910653 0.013331561 -2.360364914 -0.260769576 -0.013124524 0.965311825 96.319732666
0.961994708 -0.003173253 0.273049742 3.768804550 -0.000433294 0.999913394 0.013147072 -2.364719868 -0.273067832 -0.012765723 0.961910069 96.873176575
0.958692253 -0.003597038 0.284422636 3.948158264 -0.000091835 0.999916017 0.012955286 -2.359841347 -0.284445316 -0.012446254 0.958611488 97.423820496
0.954455078 -0.003503310 0.298334092 4.137439728 -0.000432621 0.999913752 0.013125976 -2.367139339 -0.298354328 -0.012657222 0.954371274 97.944442749
0.950192690 -0.004255860 0.311633855 4.342821121 0.000218016 0.999915600 0.012990705 -2.378866673 -0.311662793 -0.012275734 0.950113475 98.465942383
0.946371317 -0.004708567 0.323046654 4.535835266 0.000559629 0.999916196 0.012934836 -2.382056713 -0.323080540 -0.012060369 0.946294606 98.969139099
0.941944540 -0.005202765 0.335728258 4.752750397 0.000824415 0.999912739 0.013182556 -2.395498991 -0.335767567 -0.012140459 0.941866636 99.483825684
0.936880648 -0.005532265 0.349605322 4.966142654 0.001016833 0.999913692 0.013098014 -2.401794195 -0.349647641 -0.011915786 0.936805487 99.988243103
0.932174444 -0.005852710 0.361962110 5.188404083 0.001213142 0.999914110 0.013043765 -2.408673763 -0.362007320 -0.011719953 0.932101548 100.511787415
0.927981675 -0.006045038 0.372576743 5.415250778 0.001404236 0.999917984 0.012726068 -2.414143085 -0.372623175 -0.011286371 0.927914023 101.027702332
0.922364295 -0.005971985 0.386275291 5.648786545 0.001038884 0.999915242 0.012978437 -2.418827534 -0.386320144 -0.011569549 0.922292173 101.537368774
0.916879654 -0.006671027 0.399107844 5.893539429 0.001539609 0.999911964 0.013176394 -2.427595615 -0.399160594 -0.011466701 0.916809320 102.032112122
0.911893189 -0.007432772 0.410360128 6.144245148 0.002296467 0.999912739 0.013008061 -2.438148022 -0.410421014 -0.010919586 0.911830842 102.526123047
0.905608654 -0.007617136 0.424045891 6.411754608 0.002221290 0.999910116 0.013217514 -2.443769217 -0.424108475 -0.011027966 0.905544221 103.025398254
0.898765147 -0.007882942 0.438359499 6.677421570 0.002386837 0.999911427 0.013087521 -2.448785543 -0.438423872 -0.010716315 0.898704469 103.518089294
0.892906427 -0.008186277 0.450167686 6.947036743 0.002578949 0.999911308 0.013067996 -2.458438873 -0.450234741 -0.010507539 0.892848372 103.991439819
0.887463570 -0.008643504 0.460796803 7.222423553 0.002977382 0.999910772 0.013021827 -2.464737415 -0.460868180 -0.010184430 0.887410164 104.467536926
0.880464435 -0.009063051 0.474025548 7.503238678 0.003398131 0.999912262 0.012805898 -2.473175526 -0.474099994 -0.009664337 0.880417883 104.932205200
0.873328090 -0.009085178 0.487047970 7.791332245 0.003076823 0.999908984 0.013134797 -2.477448940 -0.487123013 -0.009972425 0.873276472 105.425827026
