1.000000000 0.000000000 0.000000000 0.000000000 0.000000000 1.000000000 0.000000000 0.000000000 0.000000000 0.000000000 1.000000000 0.000000000
1.000000000 -0.000097532 -0.000096828 0.001380514 0.000097537 1.000000000 0.000054760 -0.002417854 0.000096823 -0.000054770 1.000000000 -0.002668361
1.000000000 -0.000159025 -0.000109965 0.001393623 0.000159029 1.000000000 0.000034927 -0.001083617 0.000109959 -0.000034944 1.000000000 -0.002273954
0.999999940 -0.000241184 -0.000187258 0.001730607 0.000241203 0.999999940 0.000104315 -0.002003367 0.000187233 -0.000104360 1.000000000 -0.003254932
0.999999940 -0.000235149 -0.000116588 -0.000047056 0.000235154 1.000000000 0.000048862 -0.000798345 0.000116577 -0.000048889 1.000000000 -0.003363937
1.000000000 -0.000199872 -0.000027117 -0.000362345 0.000199874 1.000000000 0.000038608 -0.000993457 0.000027109 -0.000038613 1.000000000 -0.003538373
1.000000000 -0.000172113 -0.000065603 -0.000156181 0.000172114 1.000000000 0.000017219 -0.001785259 0.000065600 -0.000017231 1.000000000 -0.003825880
1.000000000 -0.000139110 -0.000100522 0.000386883 0.000139114 1.000000000 0.000044888 0.000068290 0.000100516 -0.000044902 1.000000000 -0.003101405
1.000000000 -0.000007563 0.000029353 -0.000981973 0.000007563 1.000000000 -0.000019082 0.000438139 -0.000029353 0.000019082 1.000000000 0.000679374
1.000000000 -0.000100423 -0.000085258 -0.000328298 0.000100424 1.000000000 0.000019283 0.001175886 0.000085256 -0.000019291 1.000000000 -0.000485637
1.000000000 -0.000213939 -0.000094262 -0.000763189 0.000213945 1.000000000 0.000054445 -0.000137243 0.000094250 -0.000054465 1.000000000 -0.001846734
0.999999940 -0.000317530 -0.000144308 -0.000024753 0.000317537 0.999999940 0.000049331 0.000194950 0.000144292 -0.000049377 1.000000000 -0.001277069
1.000000000 -0.000219425 -0.000065878 -0.001436211 0.000219428 1.000000000 0.000033442 0.000734758 0.000065871 -0.000033457 1.000000000 -0.000196204
1.000000000 -0.000145736 -0.000114469 -0.000302177 0.000145730 1.000000000 -0.000045229 0.000760337 0.000114476 0.000045212 1.000000000 -0.003601563
1.000000000 -0.000152857 -0.000077333 0.000307657 0.000152862 1.000000000 0.000061921 -0.000559026 0.000077324 -0.000061933 1.000000000 -0.004937329
0.999999940 -0.000270201 -0.000117266 0.001862691 0.000270209 0.999999940 0.000074246 -0.000869733 0.000117246 -0.000074277 1.000000000 -0.005278823
1.000000000 -0.000096917 -0.000084313 0.000984658 0.000096914 1.000000000 -0.000031345 0.000933547 0.000084316 0.000031337 1.000000000 -0.002531901
1.000000000 -0.000121283 -0.000116444 -0.000084583 0.000121290 1.000000000 0.000053741 -0.000250697 0.000116438 -0.000053755 1.000000000 -0.004765108
0.999999940 -0.000295603 -0.000151859 -0.000108038 0.000295604 0.999999940 0.000007841 -0.000492256 0.000151856 -0.000007886 1.000000000 -0.005642924
1.000000000 -0.000147605 -0.000044213 -0.000725371 0.000147605 1.000000000 -0.000005648 0.000776474 0.000044214 0.000005641 1.000000000 -0.000782619
1.000000000 -0.000153342 -0.000104541 -0.001065281 0.000153344 1.000000000 0.000018862 -0.001142181 0.000104538 -0.000018879 1.000000000 -0.003375699
1.000000000 -0.000120292 -0.000053316 0.000806206 0.000120293 1.000000000 0.000013895 0.000325833 0.000053314 -0.000013901 1.000000000 -0.004903533
0.999999940 -0.000272624 -0.000142129 0.000096005 0.000272624 0.999999940 0.000000076 0.000379325 0.000142129 -0.000000115 1.000000000 -0.002914891
0.999999940 -0.000350708 -0.000097761 -0.000211666 0.000350709 0.999999940 0.000015618 0.000143787 0.000097756 -0.000015652 1.000000000 -0.003573498
0.999999940 -0.000248494 -0.000122452 0.000288541 0.000248496 0.999999940 0.000015721 0.000504877 0.000122448 -0.000015752 1.000000000 -0.002224128
0.999999940 -0.000235009 -0.000134860 0.000953062 0.000235013 1.000000000 0.000029459 0.001102950 0.000134853 -0.000029490 1.000000000 -0.002678165
0.999999940 -0.000269603 -0.000177423 0.002236442 0.000269612 0.999999940 0.000052209 -0.000439827 0.000177409 -0.000052257 1.000000000 -0.007177332
0.999999940 -0.000310773 -0.000159092 0.000716743 0.000310785 0.999999940 0.000073987 -0.001558687 0.000159069 -0.000074037 1.000000000 -0.004866612
1.000000000 -0.000081794 -0.000068136 0.000960971 0.000081800 1.000000000 0.000083370 -0.001371220 0.000068129 -0.000083376 1.000000000 -0.007674851
0.999999940 -0.000382999 -0.000149020 0.001794560 0.000383012 0.999999940 0.000089992 -0.001126183 0.000148985 -0.000090049 1.000000000 -0.005542072
0.999999940 -0.000352949 -0.000094373 -0.001131534 0.000352954 0.999999940 0.000056517 0.000247892 0.000094353 -0.000056550 1.000000000 -0.004475568
0.999999881 -0.000471890 -0.000089483 -0.000540156 0.000471894 0.999999881 0.000052907 0.000561822 0.000089458 -0.000052949 1.000000000 -0.003483257
1.000000000 -0.000212798 -0.000071277 -0.001045862 0.000212797 1.000000000 -0.000011830 0.001110876 0.000071279 0.000011815 1.000000000 -0.001517789
0.999999940 -0.000245655 -0.000101638 0.000145734 0.000245658 0.999999940 0.000028647 -0.000849394 0.000101631 -0.000028672 1.000000000 -0.007114840
0.999999881 -0.000419016 -0.000236936 0.001769735 0.000419040 0.999999881 0.000100352 -0.001231852 0.000236894 -0.000100451 0.999999940 -0.007821811
0.999999940 -0.000273831 -0.000086725 0.000990161 0.000273835 0.999999940 0.000043046 -0.000700374 0.000086714 -0.000043070 1.000000000 -0.006748974
0.999999940 -0.000358878 -0.000168861 0.002569097 0.000358890 0.999999940 0.000071362 0.000232139 0.000168835 -0.000071423 1.000000000 -0.007566147
0.999999881 -0.000419151 -0.000135574 0.001252220 0.000419159 0.999999881 0.000064057 -0.001045940 0.000135547 -0.000064114 1.000000000 -0.005633020
0.999999940 -0.000392504 -0.000125652 0.000255649 0.000392519 0.999999940 0.000119840 -0.000944003 0.000125605 -0.000119889 1.000000000 -0.006057732
0.999999940 -0.000286535 -0.000173392 0.001659683 0.000286540 0.999999940 0.000025977 -0.000774709 0.000173384 -0.000026026 1.000000000 -0.002977415
0.999999881 -0.000416829 -0.000126826 0.001269576 0.000416765 0.999999762 -0.000503620 -0.003267434 0.000127035 0.000503567 0.999999881 0.048956562
1.000000000 0.000022888 -0.000044752 0.000843342 -0.000022936 0.999999464 -0.001060297 -0.004579320 0.000044728 0.001060298 0.999999464 0.142128035
0.999999940 -0.000265053 -0.000215774 0.004202907 0.000264760 0.999999046 -0.001356837 -0.008742655 0.000216133 0.001356780 0.999999046 0.257846802
0.999999881 -0.000478295 -0.000253285 0.007344574 0.000477954 0.999998987 -0.001344857 -0.014516463 0.000253928 0.001344736 0.999999046 0.385281265
0.999999881 -0.000453499 -0.000279046 0.008051884 0.000453171 0.999999225 -0.001174521 -0.015892852 0.000279579 0.001174394 0.999999285 0.524605274
1.000000000 -0.000131594 -0.000133734 0.012850098 0.000131450 0.999999404 -0.001075169 -0.021031937 0.000133875 0.001075151 0.999999404 0.682235301
0.999999940 -0.000328161 -0.000107331 0.020351315 0.000328058 0.999999464 -0.000957651 -0.027048094 0.000107645 0.000957615 0.999999523 0.852471769
1.000000000 -0.000105507 -0.000115053 0.021193679 0.000105429 0.999999762 -0.000677705 -0.023014249 0.000115124 0.000677693 0.999999762 1.027241230
1.000000000 -0.000016623 -0.000194720 0.026755108 0.000016530 0.999999881 -0.000477578 -0.039888218 0.000194728 0.000477575 0.999999881 1.195096612
1.000000000 -0.000039697 0.000106516 0.025457621 0.000039732 0.999999940 -0.000330099 -0.042715069 -0.000106503 0.000330103 0.999999940 1.381165624
1.000000000 0.000170617 -0.000166678 0.036560230 -0.000170655 0.999999940 -0.000225439 -0.043673407 0.000166640 0.000225468 0.999999940 1.571962595
0.999999940 -0.000272153 -0.000032327 0.040067073 0.000272148 0.999999940 -0.000142072 -0.058633126 0.000032365 0.000142063 1.000000000 1.770449877
1.000000000 -0.000138704 0.000021149 0.040408857 0.000138704 1.000000000 -0.000011196 -0.054945931 -0.000021147 0.000011199 1.000000000 2.000422478
0.999999940 -0.000080517 0.000302090 0.036256902 0.000080523 1.000000000 -0.000022118 -0.067875378 -0.000302088 0.000022142 0.999999940 2.203515768
0.999995291 -0.000713555 0.002978518 -0.001390795 0.000710505 0.999999166 0.001024715 -0.074985467 -0.002979246 -0.001022594 0.999995053 2.346144915
0.999994040 -0.001192191 0.003231761 0.007474038 0.001188477 0.999998569 0.001150952 -0.081428044 -0.003233128 -0.001147104 0.999994159 2.568497896
0.999994695 -0.001701501 0.002773719 0.014514952 0.001698613 0.999997973 0.001043167 -0.084312439 -0.002775489 -0.001038450 0.999995649 2.806796312
0.999994397 -0.000919099 0.003222132 0.013419925 0.000915655 0.999998987 0.001070352 -0.092667043 -0.003223113 -0.001067396 0.999994218 3.005612850
0.999994755 -0.000847315 0.003128883 0.020959692 0.000844591 0.999999285 0.000871964 -0.097820021 -0.003129619 -0.000869317 0.999994755 3.249945402
0.999994695 -0.000583384 0.003207238 0.028735451 0.000579318 0.999998987 0.001268425 -0.109701358 -0.003207975 -0.001266561 0.999994040 3.474715710
0.999994755 -0.000619343 0.003190895 0.035037961 0.000615504 0.999999106 0.001204079 -0.116090067 -0.003191638 -0.001202109 0.999994159 3.748920202
0.999993086 -0.000528140 0.003682249 0.026229413 0.000522919 0.999998808 0.001418887 -0.124004357 -0.003682995 -0.001416952 0.999992132 3.984292746
0.999992073 -0.000276395 0.003965165 0.031375717 0.000269812 0.999998569 0.001660700 -0.129798904 -0.003965618 -0.001659618 0.999990761 4.249200821
0.999992549 -0.000157713 0.003867907 0.032831967 0.000150137 0.999998093 0.001958901 -0.137589127 -0.003868209 -0.001958305 0.999990582 4.502389908
0.999992728 -0.000707070 0.003743288 0.043324094 0.000699469 0.999997675 0.002031626 -0.148797870 -0.003744716 -0.002028993 0.999990940 4.757928371
0.999992192 -0.000880716 0.003849504 0.043487936 0.000872619 0.999997377 0.002104511 -0.157636866 -0.003851348 -0.002101135 0.999990404 4.994573116
0.999992311 -0.000917033 0.003789637 0.051249210 0.000910147 0.999997854 0.001818428 -0.157609165 -0.003791297 -0.001814965 0.999991238 5.263464928
0.999991536 -0.000148989 0.004119167 0.056738690 0.000141206 0.999998212 0.001889765 -0.168121934 -0.004119441 -0.001889168 0.999989748 5.526042461
0.999992669 -0.000097487 0.003833802 0.063089386 0.000089466 0.999997675 0.002092210 -0.173769921 -0.003833998 -0.002091852 0.999990463 5.800047874
0.999992728 -0.001425607 0.003542504 0.077680483 0.001418102 0.999996662 0.002120094 -0.190969497 -0.003545515 -0.002115055 0.999991477 6.067744732
0.999991477 -0.000646247 0.004086352 0.082198828 0.000635729 0.999996364 0.002574651 -0.197946355 -0.004088002 -0.002572031 0.999988377 6.350745678
0.999991536 -0.000434613 0.004113572 0.077001154 0.000423282 0.999996126 0.002755077 -0.210171312 -0.004114754 -0.002753312 0.999987662 6.526971817
0.999992073 -0.000668506 0.003911685 0.086643219 0.000658146 0.999996305 0.002649128 -0.216487840 -0.003913441 -0.002646533 0.999988854 6.831558704
0.999991775 -0.000522401 0.004008858 0.089419156 0.000511010 0.999995828 0.002841829 -0.226411685 -0.004010327 -0.002839757 0.999987900 7.135687351
0.999989867 0.000240799 0.004491357 0.085774437 -0.000253587 0.999995947 0.002846888 -0.233876139 -0.004490654 -0.002847999 0.999985874 7.451780319
0.999990404 -0.000449118 0.004356911 0.102248907 0.000436281 0.999995589 0.002946750 -0.247977391 -0.004358217 -0.002944821 0.999986112 7.748627186
0.999991775 -0.000652141 0.003993296 0.114375994 0.000639921 0.999995112 0.003060723 -0.256593645 -0.003995272 -0.003058143 0.999987364 8.036888123
0.999989986 0.000006719 0.004457907 0.119244441 -0.000021273 0.999994636 0.003264878 -0.263770819 -0.004457862 -0.003264940 0.999984741 8.354241371
0.999990404 -0.000989842 0.004250698 0.102955073 0.000977263 0.999995053 0.002960519 -0.269101769 -0.004253608 -0.002956336 0.999986589 8.606298447
0.999989986 -0.000902756 0.004372290 0.115832150 0.000888734 0.999994457 0.003207803 -0.286571383 -0.004375162 -0.003203886 0.999985278 8.931106567
0.999990761 -0.001495279 0.004031369 0.130436257 0.001481933 0.999993443 0.003311331 -0.294650942 -0.004036294 -0.003305326 0.999986410 9.291947365
0.999990046 -0.000657236 0.004422042 0.119610094 0.000640866 0.999992967 0.003702341 -0.301039010 -0.004424445 -0.003699470 0.999983370 9.629151344
0.999988735 -0.000519568 0.004708716 0.119517267 0.000502021 0.999992907 0.003726795 -0.315744162 -0.004710619 -0.003724390 0.999981940 9.958971977
0.999988794 -0.001009502 0.004624756 0.124865271 0.000992660 0.999992847 0.003642664 -0.326922953 -0.004628400 -0.003638032 0.999982655 10.345396996
0.999989271 -0.001462783 0.004374806 0.157218128 0.001446199 0.999991775 0.003791519 -0.332261324 -0.004380316 -0.003785152 0.999983251 10.752079964
0.999989092 -0.001955488 0.004245517 0.135333538 0.001940310 0.999991715 0.003576167 -0.350642174 -0.004252475 -0.003567890 0.999984562 10.953318596
0.999988317 -0.001590737 0.004564498 0.142161474 0.001572745 0.999991000 0.003942660 -0.360549718 -0.004570728 -0.003935435 0.999981821 11.341531754
0.999988496 -0.001578438 0.004534301 0.153511584 0.001560421 0.999990880 0.003974163 -0.376805335 -0.004540533 -0.003967041 0.999981880 11.706490517
0.999989688 -0.001321765 0.004337550 0.163148940 0.001303551 0.999990344 0.004199302 -0.389145017 -0.004343058 -0.004193605 0.999981761 12.092289925
0.999987900 -0.001422438 0.004718157 0.169781923 0.001402762 0.999990284 0.004171127 -0.397524983 -0.004724045 -0.004164457 0.999980211 12.478992462
0.999988794 -0.002030874 0.004282724 0.187060356 0.002011729 0.999988019 0.004469799 -0.404166311 -0.004291750 -0.004461133 0.999980867 12.870753288
0.999989450 -0.000989790 0.004490993 0.194589198 0.000969662 0.999989569 0.004481812 -0.420053482 -0.004495382 -0.004477410 0.999979913 13.265637398
0.999988198 -0.000937074 0.004761680 0.183213741 0.000916340 0.999990106 0.004354606 -0.424746662 -0.004765713 -0.004350191 0.999979198 13.562984467
0.999987006 -0.000865464 0.005006725 0.193878353 0.000842798 0.999989331 0.004527557 -0.439072847 -0.005010589 -0.004523279 0.999977231 13.988882065
0.999984384 -0.001003915 0.005504999 0.197417140 0.000979386 0.999989569 0.004456689 -0.440407127 -0.005509416 -0.004451228 0.999974906 14.426425934
0.999983847 -0.001409032 0.005496121 0.217825711 0.001383118 0.999987900 0.004715847 -0.457808316 -0.005502699 -0.004708169 0.999973774 14.875416756
0.999982715 -0.000870823 0.005813000 0.232330263 0.000841962 0.999987245 0.004965386 -0.466528714 -0.005817250 -0.004960406 0.999970734 15.311773300
0.999981821 -0.000685250 0.005983594 0.218496621 0.000653380 0.999985635 0.005326510 -0.498496950 -0.005987158 -0.005322505 0.999967873 15.743413925
0.999979317 -0.001126297 0.006329461 0.239689305 0.001094423 0.999986649 0.005036991 -0.500916839 -0.006335050 -0.005029959 0.999967277 16.182136536
0.999978125 -0.001335489 0.006476826 0.235722557 0.001303264 0.999986768 0.004977084 -0.523733675 -0.006483387 -0.004968534 0.999966621 16.464756012
0.999974787 -0.002057753 0.006787647 0.249286994 0.002023290 0.999984980 0.005080354 -0.533761263 -0.006797999 -0.005066494 0.999964058 16.926448822
0.999972224 -0.001480337 0.007303070 0.258562237 0.001441474 0.999984801 0.005323882 -0.546396017 -0.007310840 -0.005313207 0.999959171 17.401540756
0.999969959 -0.002256791 0.007409314 0.276344597 0.002217776 0.999983728 0.005269669 -0.557980537 -0.007421085 -0.005253080 0.999958634 17.866523743
0.999967515 -0.002735398 0.007590366 0.289191604 0.002696743 0.999983370 0.005098296 -0.577516079 -0.007604185 -0.005077661 0.999958217 18.340898514
0.999971032 -0.002832871 0.007064281 0.323409438 0.002798232 0.999984086 0.004908493 -0.594123304 -0.007078073 -0.004888584 0.999963045 18.790725708
0.999970019 -0.001278290 0.007640895 0.300027013 0.001231136 0.999980330 0.006172816 -0.605940521 -0.007648635 -0.006163224 0.999951720 19.087213516
0.999968290 -0.001290567 0.007868512 0.313184291 0.001239898 0.999978483 0.006441012 -0.617495239 -0.007876655 -0.006431051 0.999948323 19.594650269
0.999974549 -0.001289298 0.007027461 0.325306416 0.001247444 0.999981523 0.005956951 -0.625897110 -0.007035011 -0.005948031 0.999957561 20.098943710
0.999977410 -0.001167440 0.006618725 0.335161030 0.001127054 0.999980748 0.006102244 -0.640808940 -0.006625721 -0.006094647 0.999959469 20.595785141
0.999983132 -0.001729114 0.005558990 0.345358074 0.001696038 0.999980927 0.005949307 -0.649457693 -0.005569171 -0.005939777 0.999966860 21.091133118
0.999983609 -0.000601381 0.005689350 0.344560921 0.000568619 0.999983311 0.005758389 -0.648556352 -0.005692718 -0.005755060 0.999967277 21.573907852
0.999982715 -0.003048257 0.005025959 0.348191142 0.003015223 0.999973893 0.006567189 -0.672933340 -0.005045846 -0.006551921 0.999965787 21.888738632
0.999983609 -0.003242819 0.004714459 0.361056924 0.003212438 0.999974132 0.006437569 -0.686417699 -0.004735213 -0.006422319 0.999968171 22.419485092
0.999987006 -0.003183548 0.003988915 0.367327511 0.003159438 0.999976754 0.006036269 -0.699447036 -0.004008040 -0.006023589 0.999973774 22.955406189
0.999991179 -0.002546041 0.003337175 0.372656226 0.002524327 0.999975622 0.006494881 -0.712725103 -0.003353630 -0.006486399 0.999973297 23.484542847
0.999991775 -0.002964009 0.002773455 0.387854099 0.002945804 0.999974251 0.006545303 -0.726894498 -0.002792785 -0.006537078 0.999974668 24.018079758
0.999993026 -0.002958898 0.002271772 0.392581969 0.002942802 0.999970794 0.007056178 -0.736964524 -0.002292585 -0.007049443 0.999972463 24.367738724
0.999993682 -0.002903452 0.002065074 0.403527558 0.002889672 0.999973834 0.006644974 -0.742674887 -0.002084313 -0.006638965 0.999975801 24.917421341
0.999991298 -0.004026720 0.001103852 0.417535722 0.004019147 0.999968946 0.006778730 -0.752395868 -0.001131114 -0.006774234 0.999976397 25.467914581
0.999993682 -0.003552165 0.000313841 0.427212983 0.003549783 0.999967098 0.007290720 -0.769811392 -0.000339728 -0.007289560 0.999973357 26.070680618
0.999997854 -0.001939857 0.000737725 0.435561180 0.001934835 0.999975383 0.006749297 -0.788896680 -0.000750800 -0.006747856 0.999976933 26.649263382
0.999997258 -0.002316872 0.000334766 0.418115884 0.002314627 0.999975801 0.006560460 -0.786787570 -0.000349958 -0.006559668 0.999978423 27.303422928
0.999990582 -0.004296253 -0.000455632 0.430889904 0.004299555 0.999962509 0.007515216 -0.807989061 0.000423328 -0.007517105 0.999971628 27.526065826
0.999989390 -0.004525284 -0.000719612 0.436222911 0.004530787 0.999958932 0.007839983 -0.820326209 0.000684104 -0.007843160 0.999969006 28.069599152
0.999985933 -0.005191128 -0.001086700 0.454679877 0.005198732 0.999961197 0.007116577 -0.827023864 0.001049715 -0.007122129 0.999974012 28.630538940
0.999987900 -0.004761607 -0.001263661 0.472542673 0.004770279 0.999964416 0.006950455 -0.834693611 0.001230521 -0.006956398 0.999975026 29.197919846
0.999989033 -0.004327294 -0.001817237 0.479911029 0.004340359 0.999964356 0.007248106 -0.847011507 0.001785807 -0.007255914 0.999972105 29.754016876
0.999989748 -0.004260922 -0.001523298 0.435991704 0.004272483 0.999961495 0.007668739 -0.864469528 0.001490563 -0.007675169 0.999969423 30.088775635
0.999992013 -0.003756710 -0.001360256 0.441860199 0.003766813 0.999964774 0.007503028 -0.877870023 0.001332022 -0.007508093 0.999970913 30.643899918
0.999989510 -0.004270502 -0.001651405 0.455606014 0.004282065 0.999965966 0.007063358 -0.880976200 0.001621185 -0.007070357 0.999973714 31.184080124
0.999989271 -0.004166282 -0.002041020 0.466528207 0.004180496 0.999966741 0.007010185 -0.898928285 0.002011745 -0.007018642 0.999973357 31.695186615
0.999981046 -0.005356448 -0.003051658 0.471867204 0.005379328 0.999957144 0.007539533 -0.911894858 0.003011142 -0.007555804 0.999966919 32.274318695
0.999993980 -0.002754451 -0.002143685 0.450439870 0.002768193 0.999975562 0.006433972 -0.898214400 0.002125910 -0.006439866 0.999976993 32.841880798
0.999984980 -0.004715486 -0.002784309 0.422003090 0.004737459 0.999957263 0.007938507 -0.975858808 0.002746756 -0.007951579 0.999964595 33.276584625
0.999983609 -0.004841200 -0.003011937 0.434739709 0.004865466 0.999955356 0.008102114 -0.986037552 0.002972578 -0.008116639 0.999962687 33.819316864
0.999986291 -0.004191306 -0.003146936 0.443939418 0.004215080 0.999962389 0.007586217 -0.986672878 0.003115021 -0.007599380 0.999966204 34.387741089
0.999982417 -0.004895286 -0.003346143 0.452954441 0.004921102 0.999957919 0.007750862 -1.007855058 0.003308059 -0.007767196 0.999964356 34.934978485
0.999987245 -0.003902404 -0.003183755 0.471283883 0.003927115 0.999961972 0.007792500 -1.025221586 0.003153224 -0.007804906 0.999964535 35.511405945
0.999980271 -0.004880368 -0.003938092 0.494982362 0.004910282 0.999958873 0.007622420 -1.014593005 0.003900730 -0.007641608 0.999963164 36.080471039
0.999983966 -0.004106076 -0.003903434 0.515304327 0.004132377 0.999968648 0.006753759 -1.023372293 0.003875579 -0.006769783 0.999969542 36.611904144
0.999982953 -0.004804412 -0.003303926 0.447975636 0.004832697 0.999951303 0.008607167 -1.057977676 0.003262413 -0.008622989 0.999957442 36.891395569
0.999983549 -0.004718685 -0.003253725 0.454565436 0.004745760 0.999953747 0.008364392 -1.070487022 0.003214106 -0.008379695 0.999959707 37.419364929
0.999985337 -0.004122176 -0.003519238 0.453830838 0.004150702 0.999958277 0.008137208 -1.081488729 0.003485549 -0.008151696 0.999960721 37.955032349
0.999984443 -0.004141271 -0.003734944 0.480151981 0.004169465 0.999962687 0.007573116 -1.081386566 0.003703442 -0.007588573 0.999964297 38.563552856
0.999984264 -0.004135692 -0.003791316 0.498733789 0.004164107 0.999963164 0.007518113 -1.096328020 0.003760083 -0.007533784 0.999964535 39.128833771
0.999988914 -0.003103898 -0.003528144 0.482262552 0.003129514 0.999968648 0.007278453 -1.088264465 0.003505440 -0.007289415 0.999967217 39.645545959
0.999988973 -0.003180738 -0.003439807 0.504259706 0.003206207 0.999967337 0.007424415 -1.109776616 0.003416078 -0.007435364 0.999966443 40.214973450
0.999975264 -0.005537359 -0.004320939 0.471033275 0.005576991 0.999942005 0.009214665 -1.145246744 0.004269663 -0.009238537 0.999948204 40.556610107
0.999976695 -0.005221468 -0.004381730 0.481485963 0.005260258 0.999946713 0.008888161 -1.148829937 0.004335088 -0.008911004 0.999950886 41.120704651
0.999972343 -0.005684292 -0.004801916 0.493307531 0.005725255 0.999947011 0.008560289 -1.158289313 0.004753003 -0.008587546 0.999951780 41.668579102
0.999976873 -0.005281911 -0.004291124 0.493312538 0.005317792 0.999950647 0.008393797 -1.174437761 0.004246579 -0.008416424 0.999955535 42.210289001
0.999977887 -0.004909873 -0.004476795 0.517346621 0.004944323 0.999957979 0.007716796 -1.157314897 0.004438718 -0.007738762 0.999960184 42.732475281
0.999972343 -0.005772588 -0.004673321 0.488246143 0.005812258 0.999946833 0.008520151 -1.194426656 0.004623889 -0.008547081 0.999952793 43.162986755
0.999970138 -0.006056114 -0.004795829 0.501826823 0.006097202 0.999944448 0.008599505 -1.200728178 0.004743483 -0.008628489 0.999951482 43.705268860
0.999974847 -0.005348982 -0.004656813 0.502987146 0.005385503 0.999954641 0.007865502 -1.208745360 0.004614529 -0.007890383 0.999958217 44.244483948
0.999975622 -0.005221851 -0.004633947 0.499387801 0.005257304 0.999956727 0.007671716 -1.216290116 0.004593687 -0.007695892 0.999959826 44.810821533
0.999975681 -0.005245292 -0.004598712 0.504599690 0.005280847 0.999956071 0.007753689 -1.232447624 0.004557840 -0.007777784 0.999959350 45.294219971
0.999975145 -0.005526853 -0.004358609 0.498293042 0.005565505 0.999944866 0.008906353 -1.251012802 0.004309145 -0.008930389 0.999950826 45.669509888
0.999969244 -0.006080187 -0.004943003 0.517982304 0.006124670 0.999940455 0.009034646 -1.267136097 0.004887776 -0.009064644 0.999946892 46.215011597
0.999973297 -0.005739588 -0.004521857 0.511824012 0.005777111 0.999948621 0.008329401 -1.267652035 0.004473816 -0.008355303 0.999955058 46.751209259
0.999978244 -0.004637485 -0.004689035 0.520987451 0.004676366 0.999954522 0.008315410 -1.276930809 0.004650258 -0.008337157 0.999954402 47.314273834
0.999982357 -0.004092560 -0.004299024 0.523560166 0.004129704 0.999953866 0.008667015 -1.283957005 0.004263356 -0.008684617 0.999953210 47.855487823
0.999975860 -0.005211140 -0.004583104 0.517268181 0.005254203 0.999941707 0.009434552 -1.304360271 0.004533672 -0.009458407 0.999944925 48.197956085
0.999976337 -0.005114871 -0.004602770 0.527180433 0.005156910 0.999944746 0.009168282 -1.310476303 0.004555620 -0.009191803 0.999947369 48.747043610
0.999974370 -0.005411628 -0.004694305 0.539560437 0.005455056 0.999941885 0.009288128 -1.322502971 0.004643769 -0.009313499 0.999945819 49.283123016
0.999973536 -0.005477771 -0.004789751 0.543923736 0.005519767 0.999945998 0.008799222 -1.328605413 0.004741291 -0.008825426 0.999949813 49.810237885
0.999975264 -0.005177252 -0.004744910 0.548509955 0.005218993 0.999947369 0.008827277 -1.337127686 0.004698960 -0.008851824 0.999949753 50.337215424
0.999966621 -0.005883827 -0.005655136 0.567817092 0.005933144 0.999944150 0.008743858 -1.348695636 0.005603374 -0.008777118 0.999945760 50.854057312
0.999968588 -0.005874611 -0.005320545 0.564658523 0.005920121 0.999945700 0.008578624 -1.368055344 0.005269859 -0.008609851 0.999949038 51.454341888
0.999980450 -0.004372353 -0.004472761 0.531890869 0.004406557 0.999960959 0.007665886 -1.359204531 0.004439069 -0.007685447 0.999960542 52.118865967
0.999971986 -0.005794012 -0.004720863 0.530761719 0.005834404 0.999946117 0.008587892 -1.367626786 0.004670850 -0.008615196 0.999951959 52.269229889
0.999972641 -0.005910891 -0.004457451 0.531858146 0.005947297 0.999948680 0.008198778 -1.368901253 0.004408761 -0.008225064 0.999956429 52.814510345
0.999973834 -0.005924374 -0.004154528 0.541970551 0.005957828 0.999949574 0.008086692 -1.378212214 0.004106410 -0.008111233 0.999958694 53.359222412
0.999969602 -0.006305556 -0.004593655 0.559762716 0.006340994 0.999949932 0.007741543 -1.390557289 0.004544611 -0.007770436 0.999959469 53.920715332
0.999973178 -0.006081384 -0.004075198 0.556256235 0.006112420 0.999952078 0.007646976 -1.399022341 0.004028497 -0.007671680 0.999962449 54.461547852
0.999965668 -0.006828899 -0.004684214 0.570137501 0.006863821 0.999948502 0.007480010 -1.408461809 0.004632894 -0.007511904 0.999961078 55.030445099
0.999966562 -0.006729258 -0.004644795 0.537568450 0.006768551 0.999940991 0.008496463 -1.417901993 0.004587349 -0.008527618 0.999953091 55.301692963
0.999970138 -0.006383373 -0.004369248 0.541635931 0.006422510 0.999938846 0.009002702 -1.431090117 0.004311515 -0.009030496 0.999949872 55.842864990
0.999968410 -0.006424508 -0.004679230 0.555673122 0.006466512 0.999938428 0.009017719 -1.444622993 0.004621007 -0.009047693 0.999948382 56.360370636
0.999965608 -0.006808755 -0.004721097 0.563152850 0.006847210 0.999943078 0.008177787 -1.446500421 0.004665148 -0.008209833 0.999955356 56.913547516
0.999970198 -0.006385455 -0.004331617 0.567582667 0.006421362 0.999944687 0.008326815 -1.450265408 0.004278207 -0.008354384 0.999955952 57.490051270
0.999963939 -0.007096852 -0.004669437 0.550063491 0.007138536 0.999934256 0.008971808 -1.473095536 0.004605459 -0.009004816 0.999948859 57.811931610
0.999967992 -0.006317955 -0.004913263 0.568103075 0.006365234 0.999933004 0.009667352 -1.489313364 0.004851856 -0.009698315 0.999941230 58.345912933
0.999963939 -0.006962563 -0.004855862 0.571778715 0.007005021 0.999936879 0.008782093 -1.490777016 0.004794410 -0.008815794 0.999949694 58.898540497
0.999962986 -0.007122871 -0.004833843 0.579266429 0.007164357 0.999937177 0.008620023 -1.505264282 0.004772142 -0.008654335 0.999951184 59.445682526
0.999962389 -0.007335213 -0.004633412 0.559614897 0.007375506 0.999934554 0.008739452 -1.500095367 0.004569003 -0.008773297 0.999951005 59.868556976
0.999959946 -0.007486116 -0.004905787 0.581767023 0.007531380 0.999928594 0.009273860 -1.527315140 0.004836010 -0.009310436 0.999944925 60.401508331
0.999962628 -0.006944578 -0.005155466 0.582902193 0.006991758 0.999933243 0.009190583 -1.524943471 0.005091298 -0.009226286 0.999944389 60.950660706
0.999964595 -0.006931984 -0.004770989 0.588769853 0.006971528 0.999941111 0.008322464 -1.524386764 0.004713018 -0.008355432 0.999953926 61.523117065
0.999967039 -0.006632600 -0.004668277 0.589248419 0.006672881 0.999940157 0.008666804 -1.540129900 0.004610514 -0.008697670 0.999951541 61.921382904
0.999962270 -0.007224394 -0.004812257 0.603500605 0.007265055 0.999937594 0.008486230 -1.547799230 0.004750651 -0.008520871 0.999952435 62.472469330
0.999966443 -0.006921356 -0.004379994 0.611188173 0.006956303 0.999943674 0.008014468 -1.550822973 0.004324276 -0.008044668 0.999958277 63.025039673
0.999970973 -0.006192500 -0.004445018 0.619421721 0.006226015 0.999951959 0.007566198 -1.564231873 0.004397952 -0.007593653 0.999961495 63.580017090
0.999969721 -0.006487926 -0.004296569 0.588050127 0.006526378 0.999938250 0.008997011 -1.589296103 0.004237932 -0.009024779 0.999950290 63.993995667
0.999972343 -0.006131825 -0.004205002 0.599064231 0.006167667 0.999944329 0.008564549 -1.601741314 0.004152251 -0.008590248 0.999954462 64.533676147
0.999970317 -0.006320412 -0.004387293 0.620317578 0.006357794 0.999943197 0.008559668 -1.607752323 0.004332944 -0.008587307 0.999953687 65.077430725
0.999978244 -0.005422969 -0.003756230 0.604617953 0.005453484 0.999951839 0.008161800 -1.619352698 0.003711788 -0.008182107 0.999959588 65.612556458
0.999965727 -0.006865870 -0.004632108 0.609416127 0.006905956 0.999938369 0.008694164 -1.620429397 0.004572129 -0.008725855 0.999951482 66.074302673
0.999964476 -0.006982046 -0.004731012 0.618908286 0.007025516 0.999932647 0.009234766 -1.635053635 0.004666215 -0.009267676 0.999946117 66.619316101
0.999970853 -0.006501096 -0.004012609 0.628470421 0.006532458 0.999947786 0.007852726 -1.632225394 0.003961349 -0.007878709 0.999961138 67.147117615
0.999968171 -0.006664464 -0.004390274 0.632188857 0.006703588 0.999937415 0.008957913 -1.654668093 0.004330299 -0.008987059 0.999950230 67.702476501
0.999970257 -0.006552889 -0.004071323 0.616011143 0.006589543 0.999937236 0.009055800 -1.664993286 0.004011728 -0.009082357 0.999950707 68.154273987
0.999966800 -0.006951216 -0.004267445 0.631109595 0.006990807 0.999931991 0.009333516 -1.678908110 0.004202277 -0.009363038 0.999947369 68.705131531
0.999974787 -0.006185530 -0.003492419 0.615343630 0.006217035 0.999939382 0.009083244 -1.688348532 0.003436023 -0.009104728 0.999952614 69.268737793
0.999977589 -0.005632114 -0.003633785 0.628168941 0.005663910 0.999945283 0.008800092 -1.692183018 0.003584023 -0.008820477 0.999954641 69.816856384
0.999971449 -0.006444331 -0.003925069 0.627247810 0.006479961 0.999937296 0.009133721 -1.706088543 0.003865962 -0.009158894 0.999950588 70.233001709
0.999971867 -0.006412364 -0.003877233 0.634180486 0.006447043 0.999938726 0.008998871 -1.712111592 0.003819291 -0.009023613 0.999952018 70.762428284
0.999976873 -0.005791885 -0.003562092 0.621993840 0.005823957 0.999942005 0.009060132 -1.724128008 0.003509410 -0.009080668 0.999952614 71.301025391
0.999967039 -0.006916848 -0.004238011 0.644454122 0.006956017 0.999932587 0.009298085 -1.735400319 0.004173412 -0.009327259 0.999947727 71.789466858
0.999971032 -0.006674491 -0.003661586 0.652851582 0.006707667 0.999935806 0.009124256 -1.747080088 0.003600451 -0.009148551 0.999951661 72.275474548
0.999960065 -0.007853432 -0.004261152 0.667785287 0.007891080 0.999929309 0.008891594 -1.754109263 0.004191021 -0.008924865 0.999951422 72.821601868
0.999958694 -0.008104157 -0.004112073 0.678642929 0.008142497 0.999922693 0.009394612 -1.776620984 0.004035620 -0.009427707 0.999947369 73.363296509
0.999963105 -0.007338792 -0.004474624 0.686083913 0.007379499 0.999930859 0.009149627 -1.786423564 0.004407167 -0.009182311 0.999948144 73.896820068
0.999948680 -0.008886111 -0.004863702 0.719237387 0.008930575 0.999917805 0.009198349 -1.789704800 0.004781564 -0.009241314 0.999945879 74.434127808
0.999975324 -0.006322491 -0.003063706 0.661969781 0.006351234 0.999934971 0.009464666 -1.813887835 0.003003665 -0.009483890 0.999950528 74.844924927
0.999977410 -0.006114070 -0.002785616 0.670602083 0.006139360 0.999939084 0.009162532 -1.824672461 0.002729425 -0.009179428 0.999954164 75.398681641
0.999975085 -0.006251203 -0.003296967 0.691144824 0.006281736 0.999936700 0.009333394 -1.839047909 0.003238415 -0.009353871 0.999951065 75.954452515
0.999977589 -0.006182278 -0.002604987 0.694994628 0.006206196 0.999937713 0.009275441 -1.836071253 0.002547481 -0.009291400 0.999953568 76.436874390
0.999977231 -0.006517693 -0.001730727 0.707001567 0.006532689 0.999939919 0.008804529 -1.844440818 0.001673238 -0.008815637 0.999959707 76.982902527
0.999977112 -0.006737915 -0.000547624 0.728650391 0.006742540 0.999937356 0.008935311 -1.852623701 0.000487385 -0.008938801 0.999959886 77.523254395
0.999976754 -0.006710622 0.001115361 0.742778540 0.006700398 0.999937713 0.008930036 -1.866008401 -0.001175218 -0.008922356 0.999959469 78.047271729
0.999971867 -0.005612497 0.004976185 0.737640142 0.005566489 0.999942064 0.009211700 -1.877640009 -0.005027597 -0.009183744 0.999945164 78.549774170
0.999943972 -0.005649662 0.008950655 0.756610572 0.005563943 0.999938726 0.009572951 -1.890300155 -0.009004191 -0.009522614 0.999914050 79.094596863
0.999909937 -0.006485380 0.011749158 0.780434728 0.006380868 0.999939859 0.008911051 -1.893726110 -0.011806244 -0.008835278 0.999891281 79.652580261
0.999841869 -0.005910093 0.016770976 0.791441679 0.005754008 0.999939799 0.009339914 -1.899963737 -0.016825167 -0.009241939 0.999815762 80.148826599
0.999716818 -0.005210161 0.023219671 0.812334299 0.004990630 0.999942362 0.009502525 -1.911110878 -0.023267847 -0.009383953 0.999685287 80.686759949
0.999572039 -0.005580291 0.028713910 0.849061251 0.005304932 0.999939203 0.009657039 -1.928985357 -0.028766058 -0.009500582 0.999541044 81.212982178
0.999394655 -0.005518486 0.034349777 0.898034453 0.005180388 0.999937296 0.009924038 -1.939429998 -0.034402389 -0.009740085 0.999360621 81.787391663
0.999089122 -0.005578058 0.042306617 0.910320044 0.005176630 0.999940515 0.009592174 -1.939363956 -0.042357616 -0.009364431 0.999058604 82.322257996
0.998724759 -0.006338554 0.050086062 0.959909439 0.005873372 0.999938190 0.009429374 -1.948121786 -0.050142735 -0.009123175 0.998700380 82.874008179
0.998348236 -0.006244203 0.057112955 0.998899221 0.005731950 0.999941826 0.009128551 -1.952419043 -0.057166640 -0.008786105 0.998326004 83.418937683
0.997848630 -0.006839566 0.065202348 1.071243763 0.006226316 0.999934375 0.009603919 -1.961782217 -0.065263763 -0.009177285 0.997825801 83.952674866
0.997065723 -0.005788458 0.076329976 1.099829674 0.005025737 0.999935567 0.010180721 -1.985399485 -0.076383993 -0.009767234 0.997030616 84.495292664
0.996369600 -0.006028188 0.084919780 1.171823025 0.005210519 0.999937952 0.009847075 -1.989483356 -0.084973872 -0.009368849 0.996339142 85.043258667
0.995629013 -0.006071883 0.093198337 1.232489586 0.005152727 0.999935687 0.010099840 -2.009137154 -0.093253672 -0.009575468 0.995596349 85.590049744
0.994589031 -0.005819745 0.103724517 1.294148922 0.004773190 0.999935210 0.010335118 -2.007953167 -0.103777960 -0.009784100 0.994552374 86.112648010
0.993458152 -0.006431886 0.114015721 1.386102676 0.005272998 0.999931335 0.010462957 -2.023015499 -0.114075184 -0.009793305 0.993423939 86.650283813
0.992386401 -0.006812028 0.122974515 1.470652580 0.005545741 0.999928057 0.010636504 -2.038628578 -0.123038121 -0.009873536 0.992352903 87.170471191
0.990912855 -0.006477473 0.134349272 1.554864883 0.004999345 0.999923229 0.011336577 -2.042266607 -0.134412408 -0.010561900 0.990869284 87.718498230
0.989134312 -0.006388511 0.146875471 1.648997307 0.004924724 0.999934554 0.010327650 -2.031054497 -0.146931812 -0.009492110 0.989101052 88.331153870
0.987513900 -0.006998254 0.157376662 1.759643555 0.005526097 0.999936819 0.009789979 -2.037441730 -0.157435223 -0.008798060 0.987490118 88.878334045
0.985772073 -0.007299864 0.167929128 1.877368927 0.005625957 0.999929667 0.010441550 -2.047716141 -0.167993546 -0.009348227 0.985743701 89.418739319
0.983429313 -0.006437445 0.181177899 1.993692398 0.004631513 0.999935269 0.010389031 -2.052594900 -0.181233063 -0.009377750 0.983395398 89.958778381
0.981075466 -0.006440506 0.193518505 2.112327576 0.004413025 0.999930918 0.010906187 -2.072081566 -0.193575382 -0.009845790 0.981036007 90.540290833
0.979023457 -0.006943551 0.203629285 2.239370346 0.004809246 0.999928236 0.010974296 -2.080477715 -0.203690857 -0.009764790 0.978986561 91.075012207
0.976125240 -0.006691260 0.217104986 2.382026672 0.004394902 0.999929249 0.011058295 -2.088886261 -0.217163593 -0.009840128 0.976085663 91.623428345
0.973087668 -0.007153308 0.230324000 2.529785156 0.004677448 0.999925256 0.011293685 -2.102720261 -0.230387568 -0.009912416 0.973048508 92.139312744
0.970457256 -0.007093930 0.241168410 2.674526215 0.004340083 0.999919236 0.011948045 -2.121419430 -0.241233692 -0.010548379 0.970409632 92.643630981
0.967015386 -0.008096971 0.254589319 2.721563339 0.005378688 0.999920905 0.011371474 -2.111727238 -0.254661262 -0.009627032 0.966982365 93.143806458
0.963259339 -0.007986391 0.268454462 2.895847321 0.005168680 0.999923885 0.011201178 -2.119534731 -0.268523484 -0.009402082 0.963227212 93.668708801
0.959975302 -0.009027107 0.279939055 3.083044052 0.005958795 0.999912500 0.011809786 -2.127390385 -0.280021220 -0.009669004 0.959945083 94.207588196
0.956472397 -0.009024771 0.291683167 3.260221481 0.005689897 0.999908447 0.012279470 -2.130325794 -0.291767269 -0.010085326 0.956436217 94.747718811
0.951837122 -0.007506971 0.306512177 3.441633224 0.003783687 0.999911726 0.012739634 -2.150648594 -0.306580722 -0.010966310 0.951781452 95.288116455
0.947243452 -0.007920914 0.320417047 3.623485565 0.004377323 0.999921083 0.011778086 -2.137274504 -0.320485055 -0.009754145 0.947203338 95.846969604
0.943302155 -0.007998432 0.331838936 3.824684143 0.004573897 0.999927998 0.011099633 -2.140513659 -0.331903785 -0.008952510 0.943270802 96.360519409
0.938832879 -0.008244438 0.344274104 4.029048920 0.004488866 0.999921441 0.011704323 -2.155139923 -0.344343603 -0.009443003 0.938796163 96.852836609
0.933439016 -0.008448244 0.358636528 4.268196106 0.004509448 0.999919951 0.011817742 -2.158107996 -0.358707696 -0.009413890 0.933402419 97.413551331
0.928879499 -0.008965575 0.370273679 4.488462448 0.004450109 0.999904990 0.013047404 -2.181965828 -0.370355457 -0.010471705 0.928831100 97.902626038
0.924470365 -0.009441985 0.381137043 4.712566376 0.005211132 0.999912858 0.012131138 -2.181622982 -0.381218314 -0.009228720 0.924439132 98.449195862
0.918900311 -0.009605183 0.394373059 4.948106766 0.005076904 0.999908745 0.012524023 -2.188719749 -0.394457400 -0.009506132 0.918865085 98.943511963
0.912986517 -0.010055866 0.407865644 5.192443848 0.005460605 0.999907911 0.012429287 -2.195221901 -0.407952994 -0.009120580 0.912957311 99.445663452
0.908085227 -0.010586260 0.418651640 5.453674316 0.005895706 0.999904573 0.012495943 -2.204426050 -0.418743938 -0.008879134 0.908060968 99.939056396
0.901068509 -0.009528408 0.433572024 5.669834137 0.004902048 0.999918461 0.011787084 -2.174339056 -0.433649004 -0.008495580 0.901041806 100.491699219
0.894329131 -0.009771925 0.447302848 5.943908691 0.005292007 0.999922514 0.011263893 -2.177467823 -0.447378248 -0.007706499 0.894311607 100.974624634
0.888262153 -0.011387267 0.459195405 6.224067688 0.006611860 0.999906063 0.012006065 -2.196149826 -0.459289014 -0.007628398 0.888254106 101.452148438
0.882530093 -0.011023536 0.470126688 6.500106812 0.005950510 0.999906957 0.012275428 -2.205968857 -0.470218301 -0.008035941 0.882513523 101.926589966
0.875509858 -0.012675336 0.483034045 6.775920868 0.007418127 0.999890685 0.012792693 -2.219545841 -0.483143330 -0.007616921 0.875508130 102.342346191
0.867437840 -0.011269151 0.497417897 6.981987000 0.005772097 0.999904096 0.012587273 -2.219578266 -0.497512043 -0.008047533 0.867419720 102.825668335
