1.000000000 0.000000000 0.000000000 0.000000000 0.000000000 1.000000000 0.000000000 0.000000000 0.000000000 0.000000000 1.000000000 0.000000000
1.000000000 0.000063903 -0.000000023 0.000229289 -0.000063903 1.000000000 -0.000051270 0.000828574 0.000000020 0.000051270 1.000000000 0.000430029
1.000000000 0.000040510 0.000054739 -0.000259378 -0.000040512 1.000000000 0.000041886 0.000004456 -0.000054737 -0.000041888 1.000000000 0.000283675
1.000000000 -0.000095297 0.000067972 -0.000316962 0.000095298 1.000000000 -0.000008080 0.000692657 -0.000067971 0.000008086 1.000000000 0.000567237
1.000000000 -0.000116090 0.000099784 -0.000278557 0.000116084 1.000000000 0.000060400 -0.000114013 -0.000099791 -0.000060388 1.000000000 0.000156351
1.000000000 0.000048658 0.000134140 -0.000675126 -0.000048659 1.000000000 0.000009912 0.000594411 -0.000134139 -0.000009919 1.000000000 0.000276837
1.000000000 -0.000103816 0.000075337 0.000089263 0.000103816 1.000000000 -0.000004829 0.000389166 -0.000075337 0.000004837 1.000000000 0.000324083
1.000000000 0.000024350 0.000082491 -0.000757252 -0.000024355 1.000000000 0.000059973 -0.000043809 -0.000082489 -0.000059975 1.000000000 0.000047312
1.000000000 0.000044967 -0.000009117 -0.000905965 -0.000044967 1.000000000 -0.000056126 -0.000016014 0.000009114 0.000056127 1.000000000 -0.000835371
1.000000000 -0.000050306 0.000076757 -0.000181698 0.000050304 1.000000000 0.000028908 -0.000720385 -0.000076758 -0.000028904 1.000000000 -0.000204338
1.000000000 0.000064709 0.000053212 -0.000899385 -0.000064712 1.000000000 0.000053372 -0.000944099 -0.000053209 -0.000053375 1.000000000 -0.000489583
1.000000000 -0.000049171 0.000066570 -0.001230983 0.000049167 1.000000000 0.000053997 -0.000493732 -0.000066572 -0.000053994 1.000000000 -0.001210676
1.000000000 0.000023391 0.000018831 -0.000994284 -0.000023390 1.000000000 -0.000078839 -0.000335966 -0.000018833 0.000078839 1.000000000 -0.001460520
1.000000000 0.000032546 0.000069126 -0.001099010 -0.000032545 1.000000000 -0.000012829 0.000568689 -0.000069126 0.000012827 1.000000000 0.000682989
1.000000000 0.000022611 0.000056288 -0.000985852 -0.000022606 1.000000000 -0.000098148 0.001163224 -0.000056290 0.000098147 1.000000000 0.000881341
1.000000000 0.000003497 -0.000015682 0.000462982 -0.000003498 1.000000000 -0.000055014 0.001048341 0.000015681 0.000055014 1.000000000 0.001611665
1.000000000 0.000103483 0.000101055 -0.000844386 -0.000103469 1.000000000 -0.000141670 0.001879222 -0.000101070 0.000141660 1.000000000 0.002191638
1.000000000 0.000177313 0.000081653 -0.001103156 -0.000177301 1.000000000 -0.000145671 0.001364889 -0.000081679 0.000145657 1.000000000 0.001631071
1.000000000 0.000180472 0.000136161 -0.001037232 -0.000180458 1.000000000 -0.000096704 0.001804465 -0.000136179 0.000096679 1.000000000 0.002380142
1.000000000 0.000125423 0.000155084 -0.001207156 -0.000125411 1.000000000 -0.000077508 0.000837093 -0.000155094 0.000077489 1.000000000 0.001235086
1.000000000 0.000026644 0.000104373 -0.001204683 -0.000026637 1.000000000 -0.000067382 0.000488239 -0.000104375 0.000067379 1.000000000 0.000788957
1.000000000 0.000145884 0.000114388 -0.001276281 -0.000145879 1.000000000 -0.000045709 0.001421694 -0.000114394 0.000045692 1.000000000 0.000730488
1.000000000 0.000075946 0.000008580 -0.000381117 -0.000075945 1.000000000 -0.000073436 0.001444356 -0.000008585 0.000073435 1.000000000 0.002563592
1.000000000 0.000067157 0.000052455 -0.000960340 -0.000067154 1.000000000 -0.000069275 0.001771254 -0.000052459 0.000069272 1.000000000 0.002411470
0.999999940 0.000354403 0.000053817 -0.001092262 -0.000354400 0.999999940 -0.000049225 0.002332297 -0.000053835 0.000049206 1.000000000 0.003546934
0.999999940 0.000261049 0.000104769 -0.001297148 -0.000261044 0.999999940 -0.000047812 0.001938490 -0.000104781 0.000047784 1.000000000 0.001439090
1.000000000 0.000060644 0.000147434 -0.000671646 -0.000060638 1.000000000 -0.000044093 0.002354909 -0.000147436 0.000044084 1.000000000 0.003020281
1.000000000 0.000126637 0.000162450 -0.001591420 -0.000126632 1.000000000 -0.000027292 0.001644873 -0.000162453 0.000027271 1.000000000 0.002448905
1.000000000 0.000174475 0.000092204 -0.001369074 -0.000174468 1.000000000 -0.000077060 0.002337234 -0.000092217 0.000077043 1.000000000 0.002190705
1.000000000 0.000009406 0.000056459 -0.001090485 -0.000009405 1.000000000 -0.000030272 0.000982424 -0.000056459 0.000030271 1.000000000 0.001470570
1.000000000 0.000085472 0.000192973 -0.001756591 -0.000085470 1.000000000 -0.000009559 0.000848509 -0.000192974 0.000009543 1.000000000 0.002350713
1.000000000 0.000079645 0.000190989 -0.001264084 -0.000079631 1.000000000 -0.000068855 0.002264740 -0.000190995 0.000068840 1.000000000 0.003759358
1.000000000 0.000205825 0.000085523 -0.000735620 -0.000205807 0.999999940 -0.000210111 0.003461564 -0.000085566 0.000210094 1.000000000 0.003781951
1.000000000 0.000157081 0.000139748 -0.001143850 -0.000157068 1.000000000 -0.000095341 0.001720737 -0.000139763 0.000095319 1.000000000 0.001521883
0.999999940 0.000235666 0.000179287 -0.002408981 -0.000235638 0.999999940 -0.000152825 0.002165450 -0.000179323 0.000152783 1.000000000 0.002452982
0.999999940 0.000159243 0.000193966 -0.001755793 -0.000159229 1.000000000 -0.000069226 0.001049093 -0.000193977 0.000069195 1.000000000 0.001518628
1.000000000 0.000091042 0.000024940 -0.001873908 -0.000091042 1.000000000 0.000006278 0.000557211 -0.000024939 -0.000006281 1.000000000 -0.000079036
1.000000000 0.000148171 0.000068197 -0.001502437 -0.000148169 1.000000000 -0.000019613 0.001817632 -0.000068200 0.000019602 1.000000000 0.001763207
1.000000000 0.000179869 0.000158198 -0.002047270 -0.000179861 1.000000000 -0.000050983 0.001581674 -0.000158207 0.000050954 1.000000000 0.000994490
0.999999940 0.000220367 0.000129032 -0.000921552 -0.000220358 1.000000000 -0.000070829 0.002825492 -0.000129047 0.000070801 1.000000000 0.002943037
1.000000000 -0.000015812 0.000036567 0.000221148 0.000015815 1.000000000 -0.000097784 0.000964166 -0.000036565 0.000097785 1.000000000 0.002414156
0.999999881 0.000453742 0.000154132 0.000142891 -0.000453641 0.999999821 -0.000654783 -0.001284382 -0.000154429 0.000654713 0.999999762 0.053073019
0.999999821 0.000389004 0.000187221 0.001539210 -0.000388763 0.999999106 -0.001288366 -0.002075313 -0.000187722 0.001288293 0.999999166 0.142706111
0.999999583 0.000921259 -0.000117170 0.001532537 -0.000921376 0.999999046 -0.001000236 -0.010400321 0.000116248 0.001000343 0.999999404 0.253512472
0.999999583 0.000930542 -0.000099376 0.004437119 -0.000930636 0.999999106 -0.000948363 -0.012923781 0.000098493 0.000948455 0.999999523 0.386002868
0.999999583 0.000930083 -0.000162864 0.006803189 -0.000930192 0.999999404 -0.000669596 -0.017445520 0.000162241 0.000669748 0.999999702 0.528341353
0.999999881 0.000421676 0.000301832 0.011817698 -0.000421530 0.999999821 -0.000483202 -0.024823446 -0.000302035 0.000483075 0.999999821 0.682391763
0.999999940 0.000106974 0.000258963 0.017624779 -0.000106878 0.999999940 -0.000371194 -0.027077505 -0.000259002 0.000371166 0.999999881 0.843719125
0.999999762 0.000374149 0.000618620 0.014612621 -0.000373969 0.999999881 -0.000289854 -0.032725126 -0.000618728 0.000289623 0.999999762 1.019377232
0.999999762 0.000378710 0.000535989 0.019252036 -0.000378659 0.999999940 -0.000096685 -0.038926769 -0.000536026 0.000096482 0.999999881 1.194160104
0.999999464 0.000842105 0.000602748 0.023480451 -0.000842170 0.999999642 0.000106154 -0.043267395 -0.000602659 -0.000106661 0.999999762 1.378903031
0.999999464 0.000895384 0.000458207 0.027816296 -0.000895396 0.999999583 0.000024170 -0.045821588 -0.000458185 -0.000024580 0.999999940 1.573318481
0.999999702 0.000520914 0.000528967 0.031309173 -0.000521034 0.999999762 0.000226990 -0.053424198 -0.000528849 -0.000227265 0.999999821 1.774664402
0.999999583 0.000548265 0.000701904 0.030927472 -0.000548739 0.999999642 0.000675491 -0.061889146 -0.000701534 -0.000675876 0.999999523 1.972232342
0.999999821 -0.000051532 0.000611467 0.036555436 0.000050987 0.999999583 0.000891600 -0.072138011 -0.000611513 -0.000891569 0.999999344 2.177712679
0.999999404 0.000904734 0.000595450 0.041809916 -0.000905196 0.999999404 0.000776470 -0.073719218 -0.000594747 -0.000777008 0.999999464 2.397790909
0.999998927 0.001235090 0.000711814 0.046307839 -0.001235588 0.999998987 0.000699762 -0.078426778 -0.000710949 -0.000700641 0.999999464 2.625185490
0.999999762 0.000179752 0.000681192 0.052196100 -0.000180343 0.999999583 0.000868389 -0.088833429 -0.000681036 -0.000868512 0.999999404 2.843284607
0.999999762 0.000202110 0.000692524 0.056605071 -0.000202738 0.999999523 0.000907640 -0.093295239 -0.000692340 -0.000907780 0.999999344 3.083742619
0.999999225 0.001022081 0.000688301 0.062299937 -0.001022767 0.999998927 0.000996789 -0.100555539 -0.000687282 -0.000997492 0.999999285 3.321943521
0.999999344 0.000771810 0.000874829 0.066887833 -0.000772559 0.999999344 0.000857021 -0.105070248 -0.000874167 -0.000857697 0.999999225 3.576894760
0.999998808 0.001260848 0.000955424 0.070091777 -0.001261578 0.999998927 0.000764589 -0.111488491 -0.000954459 -0.000765793 0.999999166 3.830804348
0.999999106 0.000748655 0.001098962 0.070896253 -0.000749869 0.999999106 0.001104191 -0.121244691 -0.001098134 -0.001105014 0.999998808 4.082809448
0.999998748 0.001207623 0.001031062 0.072154514 -0.001208587 0.999998808 0.000935205 -0.122157201 -0.001029932 -0.000936450 0.999998987 4.346916199
0.999998033 0.001288705 0.001521932 0.072980292 -0.001289951 0.999998808 0.000817965 -0.128345147 -0.001520876 -0.000819927 0.999998510 4.605634689
0.999998450 0.001365813 0.001121452 0.085886441 -0.001366789 0.999998689 0.000870454 -0.140289798 -0.001120262 -0.000871986 0.999998987 4.855092525
0.999998271 0.001674635 0.000857522 0.095865265 -0.001675521 0.999998093 0.001033500 -0.146833897 -0.000855789 -0.001034935 0.999999106 5.117097855
0.999998271 0.001384345 0.001175265 0.096991152 -0.001385576 0.999998510 0.001047338 -0.155101329 -0.001173813 -0.001048965 0.999998748 5.370110989
0.999998450 0.001311384 0.001128266 0.101329289 -0.001312442 0.999998689 0.000937565 -0.163092464 -0.001127034 -0.000939044 0.999998927 5.644483089
0.999997973 0.001493039 0.001346922 0.100506246 -0.001494375 0.999998391 0.000991454 -0.170424044 -0.001345439 -0.000993465 0.999998629 5.912202358
0.999997854 0.001509702 0.001438308 0.105113938 -0.001510912 0.999998510 0.000840649 -0.176123321 -0.001437037 -0.000842820 0.999998629 6.192646980
0.999996543 0.001943993 0.001799833 0.110936046 -0.001945756 0.999997616 0.000978758 -0.180871651 -0.001797926 -0.000982256 0.999997914 6.484883308
0.999998271 0.001225093 0.001383759 0.119279228 -0.001226550 0.999998689 0.001052505 -0.189129695 -0.001382468 -0.001054200 0.999998450 6.766017914
0.999998152 0.001122347 0.001542324 0.125215650 -0.001123957 0.999998808 0.001043433 -0.198933065 -0.001541151 -0.001045164 0.999998271 7.064056873
0.999998212 0.001355787 0.001331159 0.134942740 -0.001357302 0.999998391 0.001138270 -0.208630204 -0.001329615 -0.001140075 0.999998391 7.354623318
0.999998271 0.001314837 0.001313582 0.138568223 -0.001316273 0.999998569 0.001092977 -0.219659790 -0.001312143 -0.001094705 0.999998450 7.655190945
0.999997616 0.001343286 0.001669266 0.146447822 -0.001345522 0.999998152 0.001339325 -0.230731636 -0.001667464 -0.001341568 0.999997735 7.964793682
0.999997318 0.001607895 0.001681612 0.151305497 -0.001611018 0.999997079 0.001857035 -0.245171502 -0.001678621 -0.001859740 0.999996841 8.280117035
0.999996960 0.001792140 0.001701954 0.158165917 -0.001794918 0.999997079 0.001632314 -0.253111333 -0.001699024 -0.001635364 0.999997199 8.600670815
0.999997735 0.001344243 0.001645879 0.167200714 -0.001346572 0.999998093 0.001415144 -0.255813062 -0.001643974 -0.001417357 0.999997616 8.944462776
0.999998450 0.001020178 0.001402111 0.179829121 -0.001022706 0.999997914 0.001803475 -0.269894809 -0.001400269 -0.001804906 0.999997437 9.273850441
0.999994993 0.002337220 0.002144834 0.174997896 -0.002339625 0.999996662 0.001119876 -0.279655755 -0.002142210 -0.001124888 0.999997020 9.617931366
0.999996245 0.001881438 0.002047468 0.188769132 -0.001884206 0.999997377 0.001351047 -0.288290530 -0.002044922 -0.001354900 0.999996960 9.954196930
0.999996603 0.001916434 0.001766043 0.194411665 -0.001919029 0.999997079 0.001468568 -0.299526960 -0.001763224 -0.001471952 0.999997377 10.328649521
0.999997377 0.001554294 0.001658875 0.205928370 -0.001557232 0.999997258 0.001771461 -0.312899262 -0.001656117 -0.001774039 0.999997079 10.676893234
0.999997556 0.001380876 0.001729149 0.214111969 -0.001383931 0.999997497 0.001766289 -0.319583863 -0.001726705 -0.001768677 0.999996901 11.060673714
0.999995291 0.001988636 0.002313737 0.214215308 -0.001993160 0.999996126 0.001954610 -0.334962994 -0.002309840 -0.001959213 0.999995410 11.440347672
0.999995232 0.002092562 0.002263501 0.223158166 -0.002097139 0.999995768 0.002021437 -0.343592167 -0.002259262 -0.002026174 0.999995410 11.812014580
0.999992967 0.002590055 0.002702029 0.229738578 -0.002595889 0.999994278 0.002157784 -0.357420057 -0.002696425 -0.002164783 0.999993980 12.193210602
0.999993861 0.002366085 0.002589780 0.244727105 -0.002372343 0.999994338 0.002416248 -0.372898042 -0.002584048 -0.002422377 0.999993742 12.581784248
0.999993324 0.002489073 0.002652799 0.260298222 -0.002494483 0.999994814 0.002038088 -0.381867617 -0.002647712 -0.002044691 0.999994397 12.973990440
0.999993742 0.002092268 0.002856426 0.260949105 -0.002098108 0.999995708 0.002043227 -0.390919626 -0.002852139 -0.002049207 0.999993861 13.374294281
0.999993324 0.002163948 0.002918444 0.269869208 -0.002169410 0.999995887 0.001869773 -0.396881580 -0.002914386 -0.001876092 0.999993920 13.774635315
0.999993145 0.002365984 0.002847863 0.287495494 -0.002372507 0.999994576 0.002288979 -0.412418425 -0.002842432 -0.002295720 0.999993324 14.182666779
0.999993443 0.002329583 0.002763747 0.301067770 -0.002336073 0.999994516 0.002347508 -0.426583111 -0.002758263 -0.002353949 0.999993443 14.599946976
0.999992490 0.002175946 0.003208963 0.307208538 -0.002181804 0.999995947 0.001823006 -0.430958748 -0.003204983 -0.001829993 0.999993205 15.028624535
0.999986887 0.003342415 0.003866989 0.308600813 -0.003350762 0.999992073 0.002154009 -0.449432135 -0.003859759 -0.002166939 0.999990225 15.476840019
0.999985039 0.003128682 0.004487633 0.317436337 -0.003136510 0.999993563 0.001738320 -0.458002061 -0.004482166 -0.001752370 0.999988437 15.923545837
0.999983191 0.003336804 0.004742139 0.326427996 -0.003346631 0.999992251 0.002065765 -0.465936869 -0.004735209 -0.002081600 0.999986649 16.347261429
0.999982834 0.003461578 0.004723972 0.333720148 -0.003469223 0.999992669 0.001611247 -0.476927876 -0.004718360 -0.001627608 0.999987602 16.784868240
0.999980390 0.003882312 0.004911846 0.354134768 -0.003893492 0.999989867 0.002268417 -0.499669939 -0.004902990 -0.002287497 0.999985337 17.225784302
0.999981999 0.003324248 0.004990353 0.366669059 -0.003339388 0.999989867 0.003028543 -0.525384188 -0.004980233 -0.003045153 0.999982953 17.693798065
0.999983311 0.002731089 0.005079800 0.381257355 -0.002744621 0.999992788 0.002658867 -0.536300242 -0.005072501 -0.002672765 0.999983549 18.158769608
0.999981999 0.002611129 0.005386145 0.391240984 -0.002625640 0.999992967 0.002688708 -0.538884759 -0.005379087 -0.002702802 0.999981880 18.632930756
0.999980807 0.002643906 0.005608815 0.403296828 -0.002660017 0.999992430 0.002866803 -0.552000105 -0.005601194 -0.002881667 0.999980152 19.102537155
0.999981344 0.002812548 0.005423999 0.417275578 -0.002823149 0.999994099 0.001947743 -0.554602563 -0.005418489 -0.001963019 0.999983370 19.590187073
0.999982059 0.003076155 0.005145101 0.424697280 -0.003088957 0.999992132 0.002482138 -0.569306493 -0.005137424 -0.002497986 0.999983668 20.081041336
0.999983668 0.002084150 0.005322318 0.461006910 -0.002096678 0.999994993 0.002349398 -0.592934012 -0.005317394 -0.002360518 0.999983013 20.537220001
0.999985933 0.003066019 0.004309419 0.475529224 -0.003077278 0.999991834 0.002608583 -0.607106030 -0.004301385 -0.002621808 0.999987304 21.042051315
0.999989331 0.002482907 0.003896424 0.498306245 -0.002492400 0.999993920 0.002433298 -0.618876576 -0.003890359 -0.002442984 0.999989450 21.511445999
0.999986410 0.003332039 0.004009352 0.464097261 -0.003344221 0.999989748 0.003035326 -0.642555118 -0.003999196 -0.003048693 0.999987364 21.978178024
0.999991059 0.002862735 0.003121493 0.481138229 -0.002872303 0.999991179 0.003065098 -0.656530201 -0.003112691 -0.003074036 0.999990404 22.476068497
0.999991775 0.002583237 0.003167396 0.525763333 -0.002591638 0.999993145 0.002650907 -0.666159451 -0.003160527 -0.002659094 0.999991417 23.051376343
0.999991775 0.002550870 0.003161177 0.527013659 -0.002559522 0.999992967 0.002735827 -0.676895380 -0.003154177 -0.002743895 0.999991238 23.592914581
0.999997318 0.000720096 0.002194186 0.538526535 -0.000725466 0.999996722 0.002447584 -0.692642689 -0.002192416 -0.002449170 0.999994636 24.118476868
0.999995410 0.002376522 0.001835549 0.557683289 -0.002381455 0.999993563 0.002690187 -0.702726603 -0.001829144 -0.002694546 0.999994695 24.615936279
0.999995351 0.002877582 0.001037116 0.577084064 -0.002881349 0.999989212 0.003649727 -0.724083424 -0.001026602 -0.003652698 0.999992788 25.150163651
0.999999404 0.001087332 -0.000153341 0.584775925 -0.001086752 0.999992549 0.003729544 -0.732550621 0.000157395 -0.003729376 0.999993026 25.702793121
0.999995947 0.002833030 0.000332190 0.590363324 -0.002834131 0.999990344 0.003364252 -0.751734912 -0.000322656 -0.003365179 0.999994278 26.252241135
0.999997258 0.002261384 -0.000654531 0.608065128 -0.002259454 0.999993145 0.002935045 -0.753179789 0.000661164 -0.002933557 0.999995410 26.827550888
0.999996126 0.002758697 -0.000434338 0.616733968 -0.002757089 0.999989510 0.003657825 -0.774568617 0.000444424 -0.003656613 0.999993205 27.366500854
0.999994457 0.003198150 -0.000944599 0.627173960 -0.003195062 0.999989629 0.003252607 -0.784333527 0.000954991 -0.003249571 0.999994218 27.925970078
0.999992371 0.003809550 -0.000887773 0.643521190 -0.003806474 0.999986827 0.003441866 -0.808179677 0.000900873 -0.003438460 0.999993622 28.444868088
0.999986112 0.005166508 -0.001026832 0.651902318 -0.005162361 0.999978662 0.004001415 -0.825993240 0.001047484 -0.003996059 0.999991417 29.013204575
0.999986470 0.005040629 -0.001255912 0.660694003 -0.005036251 0.999981284 0.003465531 -0.841077685 0.001273357 -0.003459159 0.999993205 29.566925049
0.999984384 0.005465764 -0.001153303 0.674571276 -0.005461160 0.999977231 0.003957818 -0.855481803 0.001174909 -0.003951458 0.999991477 30.125524521
0.999985754 0.005202256 -0.001210326 0.675644815 -0.005197426 0.999978662 0.003960712 -0.870954871 0.001230905 -0.003954365 0.999991417 30.626693726
0.999982774 0.005656550 -0.001567664 0.696518302 -0.005651205 0.999978244 0.003391914 -0.868106365 0.001586817 -0.003382996 0.999993026 31.213428497
0.999973178 0.007116633 -0.001774414 0.701339006 -0.007110557 0.999968946 0.003406624 -0.878296912 0.001798602 -0.003393915 0.999992669 31.763113022
0.999986053 0.004797756 -0.002205464 0.706179559 -0.004789895 0.999982178 0.003555608 -0.912664294 0.002222483 -0.003544994 0.999991238 32.271926880
0.999977529 0.006207025 -0.002549041 0.728379071 -0.006198499 0.999975264 0.003338656 -0.904725313 0.002569701 -0.003322780 0.999991238 32.873260498
0.999991119 0.003877859 -0.001627835 0.716184616 -0.003872924 0.999987900 0.003023454 -0.930700004 0.001639540 -0.003017122 0.999994099 33.391704559
0.999989748 0.004143235 -0.001784896 0.723692179 -0.004137404 0.999986112 0.003258243 -0.947528899 0.001798371 -0.003250826 0.999993086 33.936164856
0.999986053 0.005061703 -0.001509619 0.727495611 -0.005057063 0.999982536 0.003061654 -0.960332692 0.001525089 -0.003053976 0.999994159 34.472793579
0.999985754 0.004943338 -0.002013226 0.742038429 -0.004936762 0.999982536 0.003258298 -0.982955754 0.002029297 -0.003248313 0.999992669 34.990867615
0.999986470 0.004500299 -0.002620483 0.752012372 -0.004492535 0.999985456 0.002961075 -0.983236790 0.002633771 -0.002949263 0.999992192 35.539535522
0.999984860 0.004535404 -0.003123199 0.776095331 -0.004527812 0.999986887 0.002433443 -0.995352149 0.003134194 -0.002419265 0.999992132 36.111125946
0.999990880 0.003215906 -0.002806436 0.773496568 -0.003208544 0.999991357 0.002623510 -1.014781713 0.002814849 -0.002614482 0.999992549 36.622894287
0.999986470 0.004343986 -0.002859840 0.784879208 -0.004336245 0.999986947 0.002707004 -1.022157669 0.002871561 -0.002694566 0.999992251 37.178741455
0.999985993 0.004378473 -0.002958890 0.796159029 -0.004370682 0.999986947 0.002634434 -1.035275936 0.002970386 -0.002621465 0.999992132 37.729110718
0.999981701 0.004786276 -0.003707039 0.794636369 -0.004775138 0.999984086 0.003007967 -1.070507407 0.003721378 -0.002990211 0.999988556 38.252025604
0.999980927 0.004556533 -0.004166515 0.805013716 -0.004545731 0.999986291 0.002598309 -1.081007600 0.004178297 -0.002579320 0.999987900 38.796527863
0.999982119 0.004173453 -0.004276522 0.829429209 -0.004163148 0.999988377 0.002415626 -1.077638388 0.004286555 -0.002397779 0.999987960 39.361579895
0.999981880 0.004913257 -0.003479148 0.825829029 -0.004903200 0.999983788 0.002893075 -1.112931848 0.003493306 -0.002875963 0.999989748 39.902820587
0.999981344 0.004981675 -0.003514643 0.830279529 -0.004975225 0.999985933 0.001841346 -1.100326777 0.003523767 -0.001823826 0.999992132 40.449588776
0.999980390 0.005198470 -0.003492807 0.837505817 -0.005193626 0.999985576 0.001394571 -1.110658407 0.003500006 -0.001376403 0.999992967 41.001602173
0.999985397 0.004036734 -0.003574952 0.827028573 -0.004027416 0.999988496 0.002609622 -1.146884203 0.003585446 -0.002595187 0.999990225 41.634723663
0.999984145 0.004481234 -0.003407763 0.832669199 -0.004474822 0.999988258 0.001886762 -1.157487392 0.003416178 -0.001871483 0.999992490 42.182292938
0.999984443 0.004180246 -0.003692925 0.842989862 -0.004169701 0.999987185 0.002858554 -1.187152505 0.003704828 -0.002843111 0.999989092 42.694793701
0.999984145 0.004694481 -0.003109771 0.837942123 -0.004686761 0.999986053 0.002485151 -1.204084992 0.003121394 -0.002470538 0.999992073 43.305423737
0.999982119 0.005251079 -0.002856387 0.857445478 -0.005245082 0.999984026 0.002103184 -1.215371490 0.002867385 -0.002088164 0.999993682 43.817382812
0.999984980 0.004846003 -0.002566434 0.869018793 -0.004840801 0.999986291 0.002029567 -1.228244543 0.002576235 -0.002017113 0.999994576 44.364070892
0.999977887 0.006087631 -0.002682233 0.864764810 -0.006081058 0.999978483 0.002451785 -1.248156786 0.002697099 -0.002435420 0.999993384 44.934505463
0.999985397 0.004636444 -0.002764781 0.877789259 -0.004629940 0.999986470 0.002354013 -1.259460449 0.002775658 -0.002341178 0.999993324 45.498031616
0.999982893 0.005263011 -0.002524761 0.885262191 -0.005257239 0.999983609 0.002287068 -1.269617438 0.002536756 -0.002273756 0.999994159 46.040390015
0.999986708 0.004248378 -0.002966744 0.904500663 -0.004239752 0.999986708 0.002907862 -1.315114737 0.002979059 -0.002895244 0.999991298 46.593650818
0.999985754 0.004519610 -0.002872862 0.915737689 -0.004511195 0.999985456 0.002928832 -1.327744126 0.002886058 -0.002915830 0.999991536 47.134910583
0.999980152 0.005304070 -0.003392746 0.926649690 -0.005295007 0.999982417 0.002674235 -1.332647324 0.003406870 -0.002656218 0.999990642 47.694507599
0.999980509 0.005194228 -0.003448274 0.947332501 -0.005185715 0.999983430 0.002473491 -1.363073587 0.003461067 -0.002455562 0.999991000 48.245201111
0.999982476 0.004713795 -0.003621253 0.957241118 -0.004705432 0.999986231 0.002314543 -1.363321900 0.003632115 -0.002297463 0.999990702 48.788421631
0.999981880 0.004766794 -0.003674656 0.954831302 -0.004762803 0.999988198 0.001093820 -1.360738873 0.003679827 -0.001076298 0.999992669 49.318626404
0.999978244 0.005756969 -0.003206176 0.968140006 -0.005751227 0.999981821 0.001797225 -1.388936043 0.003216464 -0.001778747 0.999993265 49.879295349
0.999978364 0.005802087 -0.003089154 0.969391465 -0.005793597 0.999979377 0.002749505 -1.415409327 0.003105043 -0.002731548 0.999991477 50.393802643
0.999977648 0.005919833 -0.003144676 0.981296957 -0.005912098 0.999979496 0.002463277 -1.426036477 0.003159194 -0.002444630 0.999992013 50.931838989
0.999977648 0.005996430 -0.002942764 0.998396397 -0.005989709 0.999979436 0.002286953 -1.439835548 0.002956417 -0.002269275 0.999992967 51.474121094
0.999976993 0.006065466 -0.003039946 1.001398563 -0.006059556 0.999979734 0.001949837 -1.448049188 0.003051711 -0.001931372 0.999993503 52.011013031
0.999974489 0.006597572 -0.002714486 1.002430558 -0.006592149 0.999976277 0.002001642 -1.467044353 0.002727628 -0.001983697 0.999994338 52.541633606
0.999978006 0.006027066 -0.002767580 1.017487049 -0.006021993 0.999980152 0.001837975 -1.475390434 0.002778602 -0.001821268 0.999994397 53.091613770
0.999973476 0.006839490 -0.002506265 1.017526388 -0.006833787 0.999974072 0.002277022 -1.500596404 0.002521773 -0.002259835 0.999994278 53.622161865
0.999975264 0.006602541 -0.002427288 1.034303069 -0.006597928 0.999976337 0.001902918 -1.511896133 0.002439796 -0.001886855 0.999995232 54.167106628
0.999974668 0.006822396 -0.002021384 1.034301639 -0.006818479 0.999974787 0.001937753 -1.529943466 0.002034552 -0.001923921 0.999996066 54.700901031
0.999975741 0.006659530 -0.002023757 1.048301935 -0.006656048 0.999976337 0.001721652 -1.548627377 0.002035175 -0.001708140 0.999996483 55.245994568
0.999977887 0.006196625 -0.002421095 1.062139273 -0.006193026 0.999979675 0.001490643 -1.559644818 0.002430283 -0.001475616 0.999995947 55.777996063
0.999973536 0.006832384 -0.002499024 1.070931673 -0.006827496 0.999974787 0.001960395 -1.573967576 0.002512355 -0.001943281 0.999994934 56.326202393
0.999975383 0.006569770 -0.002471464 1.086350560 -0.006565436 0.999976873 0.001757958 -1.589644551 0.002482955 -0.001741688 0.999995410 56.879657745
0.999975204 0.006563108 -0.002539415 1.085922599 -0.006558371 0.999976695 0.001869310 -1.604072571 0.002551624 -0.001852609 0.999994993 57.395458221
0.999971747 0.007178305 -0.002197187 1.097864866 -0.007173862 0.999972224 0.002024335 -1.621475101 0.002211658 -0.002008515 0.999995530 57.936573029
0.999971092 0.007263171 -0.002223548 1.113829255 -0.007259604 0.999972343 0.001608333 -1.634464741 0.002235169 -0.001592145 0.999996245 58.452167511
0.999974787 0.006656943 -0.002479310 1.116652250 -0.006652710 0.999976397 0.001712179 -1.646734238 0.002490649 -0.001695642 0.999995470 59.000110626
0.999975204 0.006755023 -0.001979385 1.124505281 -0.006751662 0.999975741 0.001700770 -1.663538814 0.001990825 -0.001687363 0.999996603 59.548740387
0.999975920 0.006559634 -0.002239211 1.138292789 -0.006555958 0.999977112 0.001645081 -1.681176901 0.002249952 -0.001630361 0.999996126 60.114028931
0.999975204 0.006667417 -0.002258124 1.146960974 -0.006663563 0.999976337 0.001709950 -1.691388726 0.002269473 -0.001694861 0.999995947 60.669609070
0.999972939 0.007015636 -0.002221509 1.158701897 -0.007011041 0.999973297 0.002070017 -1.712974668 0.002235972 -0.002054386 0.999995410 61.210903168
0.999973655 0.007038855 -0.001783014 1.160653234 -0.007034578 0.999972403 0.002393598 -1.729804277 0.001799813 -0.002380992 0.999995530 61.761886597
0.999973893 0.007029186 -0.001655652 1.186518788 -0.007025551 0.999972939 0.002191615 -1.746087551 0.001671012 -0.002179926 0.999996245 62.297908783
0.999976158 0.006651354 -0.001847737 1.189477563 -0.006648201 0.999976456 0.001708504 -1.761012077 0.001859057 -0.001696180 0.999996841 62.859394073
0.999972641 0.007192984 -0.001727707 1.198268652 -0.007190085 0.999972701 0.001678677 -1.773713589 0.001739734 -0.001666208 0.999997079 63.398967743
0.999972045 0.007242149 -0.001861922 1.204485774 -0.007239100 0.999972463 0.001637970 -1.788761258 0.001873733 -0.001624446 0.999996901 63.942764282
0.999971926 0.007332437 -0.001550260 1.219459057 -0.007329436 0.999971271 0.001933799 -1.800507903 0.001564394 -0.001922382 0.999996901 64.490982056
0.999974430 0.006976899 -0.001567914 1.228811502 -0.006974272 0.999974251 0.001673833 -1.810231209 0.001579551 -0.001662855 0.999997377 65.027877808
0.999974847 0.006971470 -0.001304886 1.248569250 -0.006969159 0.999974132 0.001767268 -1.830744267 0.001317172 -0.001758130 0.999997556 65.555847168
0.999972761 0.007248015 -0.001329461 1.257867336 -0.007245253 0.999971569 0.002071654 -1.846230030 0.001344439 -0.002061965 0.999996960 66.096595764
0.999977708 0.006476529 -0.001591496 1.273961067 -0.006474062 0.999977827 0.001549847 -1.857872963 0.001601498 -0.001539509 0.999997497 66.658843994
0.999977469 0.006497807 -0.001664293 1.286647320 -0.006496110 0.999978364 0.001022852 -1.872337580 0.001670903 -0.001012018 0.999998093 67.212684631
0.999977469 0.006483671 -0.001695430 1.300810456 -0.006481580 0.999978364 0.001235819 -1.886452913 0.001703405 -0.001224802 0.999997795 67.759750366
0.999980152 0.006093481 -0.001585128 1.308942914 -0.006091100 0.999980330 0.001502938 -1.905837774 0.001594255 -0.001493254 0.999997616 68.311248779
0.999976873 0.006685625 -0.001244178 1.314069986 -0.006684612 0.999977291 0.000816419 -1.916308999 0.001249608 -0.000808084 0.999998868 68.862022400
0.999974728 0.006997747 -0.001247682 1.316250682 -0.006996304 0.999974847 0.001155848 -1.932061672 0.001255739 -0.001147089 0.999998569 69.404655457
0.999968767 0.007857096 -0.000888055 1.336173654 -0.007856330 0.999968767 0.000863817 -1.947397351 0.000894815 -0.000856813 0.999999225 69.955459595
0.999970376 0.007668411 -0.000756812 1.344192624 -0.007667700 0.999970198 0.000939053 -1.964120388 0.000763991 -0.000933222 0.999999285 70.508102417
0.999976754 0.006741763 -0.000936698 1.362018585 -0.006740543 0.999976456 0.001301316 -1.985409498 0.000945449 -0.001294972 0.999998689 71.073143005
0.999977171 0.006675307 -0.001038992 1.380933404 -0.006674299 0.999977231 0.000970036 -1.995039344 0.001045445 -0.000963080 0.999998987 71.635322571
0.999983609 0.005574857 -0.001308873 1.397916317 -0.005574023 0.999984264 0.000641859 -2.007412434 0.001312430 -0.000634552 0.999998927 72.178375244
0.999977410 0.006673994 -0.000778264 1.387218237 -0.006673698 0.999977648 0.000381872 -2.018893957 0.000780794 -0.000376670 0.999999583 72.725288391
0.999976873 0.006762289 -0.000762292 1.405665159 -0.006761882 0.999976933 0.000534044 -2.043652534 0.000765885 -0.000528878 0.999999583 73.262748718
0.999978662 0.006516885 -0.000428083 1.409949780 -0.006516695 0.999978662 0.000444166 -2.053348303 0.000430969 -0.000441367 0.999999821 73.824218750
0.999974191 0.007176552 -0.000241404 1.424321890 -0.007176400 0.999974012 0.000622665 -2.077526331 0.000245866 -0.000620916 0.999999702 74.364479065
0.999973059 0.007333738 0.000209171 1.430714726 -0.007333849 0.999972939 0.000534564 -2.086617708 -0.000205245 -0.000536084 0.999999821 74.928459167
0.999972045 0.007465346 0.000277523 1.447650194 -0.007465410 0.999972045 0.000229020 -2.105223656 -0.000275805 -0.000231085 0.999999881 75.473197937
0.999968529 0.007928999 0.000129812 1.458357573 -0.007929038 0.999968469 0.000292419 -2.122255325 -0.000127490 -0.000293439 0.999999940 76.020484924
0.999965727 0.008268723 0.000377140 1.442757964 -0.008269012 0.999965429 0.000777699 -2.155329943 -0.000370696 -0.000780791 0.999999642 76.524314880
0.999964714 0.008375360 0.000613167 1.480307460 -0.008375885 0.999964535 0.000862758 -2.154681921 -0.000605918 -0.000867863 0.999999464 77.098777771
0.999974608 0.007116544 0.000376644 1.482071877 -0.007116641 0.999974668 0.000254544 -2.176598549 -0.000374823 -0.000257218 0.999999881 77.699829102
0.999969661 0.007785370 0.000213103 1.490408897 -0.007785391 0.999969661 0.000096783 -2.191697836 -0.000212344 -0.000098440 1.000000000 78.212287903
0.999967873 0.007997424 0.000563328 1.508111596 -0.007997818 0.999967754 0.000700697 -2.210541487 -0.000557707 -0.000705180 0.999999583 78.751251221
0.999968946 0.007858319 0.000540418 1.520900130 -0.007858749 0.999968827 0.000800698 -2.230931044 -0.000534109 -0.000804920 0.999999523 79.310035706
0.999961972 0.008633105 0.001222343 1.526514769 -0.008634713 0.999961853 0.001318522 -2.256310463 -0.001210914 -0.001329026 0.999998391 79.890594482
0.999965072 0.008258602 0.001223612 1.541779757 -0.008260499 0.999964595 0.001553597 -2.274450302 -0.001210738 -0.001563651 0.999998033 80.386581421
0.999968290 0.007713281 0.001988565 1.545372009 -0.007714485 0.999970078 0.000598179 -2.282275200 -0.001983891 -0.000613501 0.999997854 80.921730042
0.999947071 0.009636609 0.003590899 1.566014886 -0.009640703 0.999952912 0.001124446 -2.308016777 -0.003579894 -0.001159005 0.999992907 81.432632446
0.999954998 0.008535828 0.004131578 1.586762190 -0.008538833 0.999963224 0.000709841 -2.311626434 -0.004125366 -0.000745088 0.999991238 81.963867188
0.999955177 0.007894073 0.005229386 1.598192096 -0.007897108 0.999968648 0.000560000 -2.325152874 -0.005224802 -0.000601272 0.999986172 82.518615723
0.999927402 0.008126129 0.008890969 1.614632845 -0.008125722 0.999966979 -0.000081992 -2.342946768 -0.008891340 0.000009741 0.999960482 83.064926147
0.999907970 0.006818501 0.011727820 1.669383049 -0.006818737 0.999976754 -0.000019872 -2.330074787 -0.011727683 -0.000060099 0.999931157 83.546340942
0.999849141 0.008161705 0.015328863 1.683140516 -0.008166401 0.999966562 0.000243767 -2.373501062 -0.015326360 -0.000368911 0.999882460 84.121505737
0.999800503 0.006688310 0.018820805 1.708796978 -0.006679366 0.999977529 -0.000537995 -2.379954815 -0.018823981 0.000412177 0.999822736 84.670166016
0.999675155 0.006444421 0.024659224 1.738286495 -0.006444364 0.999979258 -0.000081825 -2.397364616 -0.024659237 -0.000077114 0.999695897 85.208732605
0.999505937 0.005780678 0.030894835 1.768593550 -0.005770870 0.999983251 -0.000406660 -2.415117741 -0.030896666 0.000228170 0.999522507 85.731620789
0.999276042 0.007639682 0.037269484 1.796753168 -0.007649183 0.999970734 0.000112343 -2.431388617 -0.037267532 -0.000397343 0.999305367 86.274787903
0.998959541 0.006947934 0.045072600 1.854321241 -0.006957273 0.999975741 0.000050344 -2.445047379 -0.045071162 -0.000363874 0.998983681 86.807556152
0.998547673 0.007065258 0.053408418 1.895014286 -0.007058247 0.999975026 -0.000319891 -2.459430695 -0.053409342 -0.000057544 0.998572707 87.362686157
0.998150408 0.006669410 0.060425509 1.945951462 -0.006693080 0.999977589 0.000189329 -2.477890253 -0.060422890 -0.000593411 0.998172700 87.921577454
0.997533560 0.006682192 0.069873989 1.997666359 -0.006718942 0.999977350 0.000290943 -2.495131731 -0.069870472 -0.000759705 0.997555792 88.441780090
0.996803045 0.006424902 0.079638876 2.071141243 -0.006416809 0.999979377 -0.000357568 -2.512164354 -0.079639524 -0.000154603 0.996823728 88.956336975
0.996071517 0.005927887 0.088353857 2.140047073 -0.005932439 0.999982297 -0.000211090 -2.530791521 -0.088353537 -0.000313893 0.996089101 89.481384277
0.995419025 0.004831752 0.095486321 2.203147411 -0.004814830 0.999988317 -0.000407622 -2.541492701 -0.095487192 -0.000053995 0.995430648 90.007728577
0.994445860 0.005097258 0.105126746 2.287556171 -0.005050227 0.999987006 -0.000713567 -2.556669235 -0.105129041 0.000178690 0.994458497 90.521255493
0.993304312 0.004779238 0.115429610 2.378222466 -0.004716875 0.999988496 -0.000813419 -2.566183090 -0.115432188 0.000263506 0.993315339 91.057479858
0.992275357 0.004484515 0.123973452 2.492679596 -0.004534108 0.999989688 0.000117888 -2.615589142 -0.123971649 -0.000679087 0.992285490 91.457885742
0.990721703 0.004154246 0.135842666 2.584794998 -0.004165910 0.999991298 -0.000198416 -2.624361992 -0.135842308 -0.000369333 0.990730405 92.054435730
0.988905728 0.004059697 0.148488849 2.692168236 -0.004060094 0.999991715 -0.000300439 -2.641238928 -0.148488805 -0.000305773 0.988914013 92.638824463
0.987291336 0.002982473 0.158892587 2.804042816 -0.002921213 0.999995530 -0.000619107 -2.656775475 -0.158893734 0.000147080 0.987295628 93.177803040
0.985505164 0.003756990 0.169603407 2.926175117 -0.003763915 0.999992788 -0.000280682 -2.676491976 -0.169603229 -0.000361759 0.985512316 93.732154846
0.983203113 0.003310346 0.182484850 3.048854828 -0.003313569 0.999994457 -0.000287241 -2.698051453 -0.182484835 -0.000322260 0.983208537 94.260185242
0.980836093 0.003279836 0.194806755 3.179978371 -0.003294795 0.999994516 -0.000247246 -2.712951899 -0.194806516 -0.000399340 0.980841637 94.802658081
0.978723168 0.002905838 0.205164403 3.306036949 -0.002893521 0.999995708 -0.000360049 -2.731573582 -0.205164522 -0.000241258 0.978727460 95.325439453
0.975898981 0.003179872 0.218199372 3.452016830 -0.003254457 0.999994636 -0.000017573 -2.750898123 -0.218198240 -0.000692971 0.975904226 95.867378235
0.972908020 0.001575707 0.231187761 3.614723206 -0.001514974 0.999998689 -0.000440223 -2.762038946 -0.231188208 0.000078053 0.972908974 96.417724609
0.970256805 0.000925242 0.242076591 3.770244598 -0.000838499 0.999999523 -0.000461347 -2.775352955 -0.242076889 0.000244643 0.970257044 96.940147400
0.967537820 0.000127055 0.252726227 3.943012238 0.000036111 0.999999762 -0.000640980 -2.793224096 -0.252726257 0.000629299 0.967537642 97.482162476
0.963976443 -0.000191443 0.265987337 4.114473343 0.000227693 0.999999940 -0.000105452 -2.812491655 -0.265987277 0.000162217 0.963976502 97.992706299
0.960460186 -0.000313361 0.278417200 4.290910721 0.000558449 0.999999523 -0.000800979 -2.824646473 -0.278416812 0.000924790 0.960459888 98.532882690
0.957226574 -0.001295201 0.289336264 4.476942062 0.001409209 0.999998987 -0.000185707 -2.848900795 -0.289335698 0.000585499 0.957227528 99.021286011
0.952870786 -0.001171592 0.303374112 4.663038254 0.001320431 0.999999106 -0.000285487 -2.859874249 -0.303373486 0.000672617 0.952871501 99.532386780
0.948475122 -0.002469218 0.316842079 4.861463547 0.002822344 0.999995768 -0.000655580 -2.869393110 -0.316839069 0.001516039 0.948478103 100.031265259
0.944604516 -0.003090710 0.328196347 5.071989059 0.003556683 0.999993324 -0.000819536 -2.880427361 -0.328191638 0.001941428 0.944609165 100.557159424
0.939974964 -0.002745474 0.341232389 5.278877258 0.002995440 0.999995470 -0.000205656 -2.920385122 -0.341230273 0.001215453 0.939978898 101.033866882
0.934646726 -0.002663571 0.355567724 5.494777679 0.002814599 0.999995947 0.000092541 -2.933450222 -0.355566561 0.000914288 0.934650540 101.541809082
0.929992676 -0.003321461 0.367562830 5.724357605 0.003624301 0.999993443 -0.000133675 -2.940175533 -0.367559999 0.001456476 0.929998636 102.069114685
0.925402403 -0.004030683 0.378964573 5.960487366 0.004348582 0.999990642 0.000017038 -2.975439787 -0.378961027 0.001632192 0.925411165 102.559753418
0.919601142 -0.004287004 0.392829955 6.200489044 0.004527278 0.999989748 0.000314817 -2.991619349 -0.392827302 0.001488944 0.919610977 103.050834656
0.913597107 -0.004784904 0.406592339 6.445426941 0.004852075 0.999987841 0.000865741 -3.014463902 -0.406591505 0.001181878 0.913609266 103.562606812
0.908729315 -0.005494212 0.417349547 6.698215485 0.005626687 0.999983728 0.000912872 -3.028438807 -0.417347789 0.001518742 0.908745527 104.046714783
0.902748227 -0.005627025 0.430132240 6.945224762 0.005934455 0.999982178 0.000626795 -3.043667555 -0.430128068 0.001986762 0.902765691 104.546112061
0.896154344 -0.005181659 0.443712085 7.212799072 0.005239286 0.999985695 0.001096151 -3.057820320 -0.443711489 0.001342414 0.896168709 105.036437988
0.890202820 -0.005971934 0.455525309 7.488224030 0.006211268 0.999980211 0.000971466 -3.080489397 -0.455522090 0.001964587 0.890222311 105.523315430
0.884438396 -0.006455007 0.466612399 7.766662598 0.006380194 0.999978125 0.001740154 -3.098682165 -0.466613382 0.001438019 0.884460151 105.999023438
0.876856327 -0.006284900 0.480711430 8.064590454 0.006256521 0.999979019 0.001661493 -3.117528915 -0.480711728 0.001550690 0.876877308 106.521179199
