1.000000000 0.000000000 0.000000000 0.000000000 0.000000000 1.000000000 0.000000000 0.000000000 0.000000000 0.000000000 1.000000000 0.000000000
1.000000000 -0.000051861 -0.000010790 0.000155104 0.000051861 1.000000000 -0.000035288 0.000240620 0.000010792 0.000035287 1.000000000 0.000229292
1.000000000 0.000021811 0.000006047 0.000064733 -0.000021811 1.000000000 -0.000032423 0.000539684 -0.000006048 0.000032423 1.000000000 0.000455065
1.000000000 -0.000001721 0.000090943 -0.000655457 0.000001724 1.000000000 -0.000039277 0.000789929 -0.000090943 0.000039277 1.000000000 0.000455155
1.000000000 -0.000054053 0.000009612 0.000385998 0.000054053 1.000000000 -0.000016400 0.000432850 -0.000009611 0.000016400 1.000000000 0.000311045
1.000000000 0.000070257 0.000015054 -0.000057419 -0.000070257 1.000000000 0.000031102 0.000327954 -0.000015051 -0.000031103 1.000000000 0.000083646
1.000000000 0.000050206 -0.000011071 0.000199641 -0.000050208 1.000000000 -0.000166291 0.000987660 0.000011063 0.000166292 1.000000000 -0.000395069
1.000000000 0.000058297 0.000067613 -0.000298920 -0.000058293 1.000000000 -0.000061516 0.000223253 -0.000067617 0.000061512 1.000000000 -0.000052316
1.000000000 0.000168250 0.000028754 -0.000799966 -0.000168250 1.000000000 -0.000026051 0.000572521 -0.000028758 0.000026046 1.000000000 -0.000549709
1.000000000 0.000199229 0.000061674 -0.000348125 -0.000199221 1.000000000 -0.000140681 0.001897668 -0.000061702 0.000140669 1.000000000 0.001590055
1.000000000 0.000215903 0.000022875 -0.000994019 -0.000215901 0.999999940 -0.000121225 0.000371605 -0.000022901 0.000121220 1.000000000 -0.000725158
1.000000000 0.000079906 0.000035404 -0.000824901 -0.000079903 1.000000000 -0.000091683 0.000946452 -0.000035411 0.000091681 1.000000000 -0.000015760
1.000000000 0.000174180 0.000100806 -0.001540545 -0.000174171 1.000000000 -0.000096220 0.001389038 -0.000100823 0.000096203 1.000000000 0.000360309
1.000000000 0.000169622 0.000042014 -0.000031092 -0.000169621 1.000000000 -0.000033124 0.000786033 -0.000042019 0.000033117 1.000000000 0.000398863
0.999999940 0.000204001 0.000171725 -0.001608139 -0.000203982 1.000000000 -0.000107720 0.001506708 -0.000171747 0.000107685 1.000000000 0.001382325
0.999999940 0.000249067 0.000148745 -0.001702512 -0.000249042 0.999999940 -0.000169167 0.002217800 -0.000148787 0.000169130 1.000000000 0.001904066
0.999999940 0.000249447 0.000164195 -0.001953720 -0.000249419 0.999999940 -0.000172097 0.002788712 -0.000164238 0.000172056 1.000000000 0.002396309
0.999999940 0.000192647 0.000154514 -0.001325208 -0.000192620 0.999999940 -0.000171948 0.002394378 -0.000154547 0.000171918 1.000000000 0.002712480
0.999999940 0.000254014 0.000180219 -0.002052571 -0.000254004 0.999999940 -0.000057560 0.001711482 -0.000180234 0.000057514 1.000000000 0.001788168
1.000000000 0.000186406 0.000089032 -0.001018143 -0.000186402 1.000000000 -0.000051430 0.002069078 -0.000089041 0.000051413 1.000000000 0.001499367
0.999999940 0.000275371 0.000142334 -0.001587462 -0.000275344 0.999999940 -0.000191321 0.002528989 -0.000142387 0.000191281 1.000000000 0.002070916
1.000000000 0.000212030 0.000094158 -0.001351474 -0.000212022 1.000000000 -0.000089599 0.001707429 -0.000094177 0.000089579 1.000000000 0.001789905
0.999999940 0.000377594 0.000149004 -0.002083479 -0.000377566 0.999999940 -0.000190013 0.003310278 -0.000149075 0.000189957 1.000000000 0.002511726
0.999999940 0.000302017 0.000180292 -0.001714991 -0.000301991 0.999999940 -0.000143240 0.002396379 -0.000180335 0.000143186 1.000000000 0.002026756
1.000000000 0.000151620 0.000129733 -0.000744552 -0.000151609 1.000000000 -0.000089665 0.002509065 -0.000129746 0.000089646 1.000000000 0.002693082
0.999999940 0.000308390 0.000140325 -0.001297725 -0.000308380 0.999999940 -0.000075098 0.001913138 -0.000140348 0.000075055 1.000000000 0.002086747
0.999999940 0.000215988 0.000116186 -0.001190819 -0.000215971 0.999999940 -0.000147478 0.002475752 -0.000116217 0.000147453 1.000000000 0.001904815
1.000000000 0.000210530 0.000098052 -0.001148755 -0.000210521 1.000000000 -0.000092152 0.002073511 -0.000098072 0.000092132 1.000000000 0.001724824
0.999999940 0.000267831 0.000175946 -0.001304742 -0.000267818 0.999999940 -0.000074242 0.001428532 -0.000175966 0.000074194 1.000000000 0.002078162
1.000000000 0.000135031 0.000192632 -0.001310894 -0.000135006 1.000000000 -0.000131012 0.001970907 -0.000192650 0.000130986 1.000000000 0.002420173
0.999999940 0.000266264 0.000136614 -0.001245474 -0.000266246 0.999999940 -0.000134853 0.002054220 -0.000136650 0.000134817 1.000000000 0.002509890
0.999999940 0.000198572 0.000179938 -0.001553043 -0.000198559 1.000000000 -0.000074868 0.001494160 -0.000179953 0.000074832 1.000000000 0.001496548
0.999999940 0.000262755 0.000172007 -0.001738451 -0.000262729 0.999999940 -0.000150739 0.001817821 -0.000172047 0.000150694 1.000000000 0.001659469
0.999999940 0.000282198 0.000177813 -0.000882611 -0.000282171 0.999999940 -0.000153983 0.001535204 -0.000177856 0.000153933 1.000000000 0.001258489
0.999999940 0.000230059 0.000195368 -0.001568803 -0.000230032 0.999999940 -0.000139070 0.002138943 -0.000195400 0.000139025 1.000000000 0.002499865
1.000000000 0.000162842 0.000084506 -0.000801306 -0.000162829 1.000000000 -0.000155405 0.002912172 -0.000084531 0.000155391 1.000000000 0.002779452
0.999999881 0.000378638 0.000189800 -0.001880260 -0.000378612 0.999999940 -0.000136102 0.002358019 -0.000189852 0.000136030 1.000000000 0.002157011
0.999999940 0.000283584 0.000097319 -0.000080732 -0.000283573 0.999999940 -0.000113681 0.002399265 -0.000097351 0.000113654 1.000000000 0.001642796
1.000000000 0.000149351 0.000106044 -0.000362300 -0.000149330 0.999999940 -0.000201774 0.002078231 -0.000106074 0.000201758 1.000000000 0.003071336
0.999999881 0.000454438 0.000209089 -0.000392250 -0.000454284 0.999999642 -0.000736591 -0.001167648 -0.000209423 0.000736496 0.999999702 0.049909972
0.999999940 0.000281567 0.000126514 0.001292195 -0.000281400 0.999999106 -0.001318145 -0.002972286 -0.000126885 0.001318110 0.999999106 0.139395043
1.000000000 0.000009333 0.000008978 0.005688351 -0.000009320 0.999998927 -0.001447137 -0.007751366 -0.000008991 0.001447137 0.999998927 0.255792588
1.000000000 0.000147941 0.000063980 0.007146744 -0.000147860 0.999999225 -0.001257964 -0.010791157 -0.000064166 0.001257955 0.999999225 0.386882037
1.000000000 -0.000090743 0.000137549 0.006619182 0.000090911 0.999999225 -0.001225933 -0.013205161 -0.000137437 0.001225945 0.999999225 0.528516710
0.999999940 -0.000248647 0.000176827 0.011860776 0.000248844 0.999999344 -0.001111099 -0.019649081 -0.000176550 0.001111143 0.999999344 0.686945498
0.999999940 0.000207460 0.000158480 0.018662373 -0.000207327 0.999999642 -0.000837542 -0.022884611 -0.000158654 0.000837509 0.999999642 0.851000428
0.999999821 0.000410692 0.000421106 0.017481845 -0.000410386 0.999999642 -0.000727521 -0.027564963 -0.000421404 0.000727348 0.999999642 1.020700097
1.000000000 0.000060369 0.000060270 0.027703738 -0.000060319 0.999999642 -0.000838856 -0.027556550 -0.000060320 0.000838853 0.999999642 1.206515789
0.999999642 0.000528484 0.000658460 0.021387516 -0.000528167 0.999999762 -0.000480678 -0.037121993 -0.000658714 0.000480330 0.999999642 1.385093331
0.999999881 0.000311902 0.000395761 0.024405152 -0.000311769 0.999999881 -0.000335044 -0.045968760 -0.000395865 0.000334921 0.999999881 1.585282087
0.999982774 -0.000169996 -0.005859511 0.112732373 0.000168670 0.999999881 -0.000226770 -0.049225532 0.005859549 0.000225777 0.999982774 1.774652600
0.999985099 0.000535196 -0.005423084 0.110635363 -0.000533861 0.999999762 0.000247675 -0.058318458 0.005423215 -0.000244777 0.999985278 1.978704691
0.999981046 -0.000203986 -0.006147068 0.120926902 0.000204113 1.000000000 0.000020094 -0.061908815 0.006147063 -0.000021348 0.999981046 2.185488939
0.999982893 -0.000016985 -0.005860796 0.122939534 0.000016942 1.000000000 -0.000007374 -0.064778678 0.005860796 0.000007275 0.999982834 2.406738997
0.999983668 0.000425463 -0.005691117 0.124941401 -0.000425887 0.999999881 -0.000073218 -0.070596628 0.005691085 0.000075640 0.999983788 2.634289980
0.999981582 -0.000051833 -0.006064915 0.132059380 0.000052492 1.000000000 0.000108516 -0.079199582 0.006064910 -0.000108832 0.999981582 2.845645189
0.999980927 -0.000092031 -0.006170430 0.134895220 0.000092746 1.000000000 0.000115531 -0.081409283 0.006170420 -0.000116101 0.999980927 3.082238913
0.999982834 0.000235668 -0.005834623 0.140751228 -0.000234410 0.999999940 0.000216229 -0.093601033 0.005834673 -0.000214858 0.999982953 3.327889204
0.999981225 -0.000345558 -0.006108375 0.145411506 0.000347333 0.999999821 0.000289647 -0.100800104 0.006108274 -0.000291763 0.999981284 3.555297136
0.999980569 -0.000214942 -0.006225473 0.147289142 0.000216727 0.999999881 0.000286120 -0.105170585 0.006225411 -0.000287464 0.999980569 3.813642502
0.999983191 0.000229427 -0.005799475 0.147563770 -0.000227359 0.999999881 0.000357170 -0.113664657 0.005799557 -0.000355846 0.999983072 4.066427231
0.999981105 -0.000193900 -0.006144528 0.152333111 0.000196464 0.999999881 0.000416657 -0.117994882 0.006144446 -0.000417856 0.999981046 4.309209347
0.999980986 -0.000267684 -0.006166597 0.156006619 0.000269462 0.999999881 0.000287418 -0.124688692 0.006166519 -0.000289074 0.999980986 4.568404198
0.999981821 -0.000252815 -0.006019999 0.162759900 0.000255080 0.999999881 0.000375369 -0.131715372 0.006019903 -0.000376898 0.999981761 4.830407143
0.999982476 0.000563500 -0.005891897 0.165812239 -0.000562055 0.999999762 0.000246838 -0.134232819 0.005892036 -0.000243522 0.999982595 5.094111443
0.999980509 0.000086467 -0.006238328 0.171439186 -0.000084301 0.999999881 0.000347529 -0.145484999 0.006238358 -0.000346996 0.999980509 5.297171116
0.999981046 0.000072211 -0.006153950 0.173860446 -0.000067697 0.999999762 0.000733713 -0.155385271 0.006154002 -0.000733283 0.999980807 5.567672729
0.999981821 0.000412679 -0.006015953 0.173956424 -0.000409672 0.999999821 0.000501125 -0.160021499 0.006016158 -0.000498651 0.999981761 5.846469879
0.999983191 0.000146953 -0.005779438 0.173879683 -0.000144110 0.999999881 0.000492301 -0.166994050 0.005779509 -0.000491460 0.999983132 6.125032425
0.999981344 0.000285743 -0.006099095 0.183387965 -0.000281959 0.999999702 0.000621147 -0.180207118 0.006099271 -0.000619415 0.999981225 6.362035751
0.999980390 0.000567150 -0.006233715 0.186216414 -0.000564259 0.999999702 0.000465435 -0.186709285 0.006233977 -0.000461909 0.999980509 6.656085491
0.999980569 0.000245863 -0.006222465 0.191249281 -0.000244133 0.999999940 0.000278696 -0.191201463 0.006222533 -0.000277171 0.999980628 6.966373920
0.999981999 0.001310369 -0.005847971 0.194416746 -0.001307476 0.999998987 0.000498487 -0.201017827 0.005848618 -0.000490832 0.999982774 7.256472588
0.999982178 0.000357851 -0.005959671 0.191843390 -0.000352767 0.999999583 0.000854011 -0.220030636 0.005959974 -0.000851893 0.999981880 7.510909081
0.999981463 0.000244152 -0.006091919 0.203555375 -0.000239876 0.999999762 0.000702533 -0.221012667 0.006092089 -0.000701059 0.999981225 7.841787815
0.999981642 0.000892462 -0.005986261 0.203107938 -0.000889244 0.999999464 0.000540337 -0.232712761 0.005986739 -0.000535003 0.999981940 8.152809143
0.999981701 0.000489172 -0.006044833 0.201516539 -0.000485131 0.999999642 0.000669950 -0.243207410 0.006045159 -0.000667006 0.999981523 8.445036888
0.999981284 0.000606499 -0.006087697 0.207261696 -0.000601536 0.999999404 0.000817039 -0.252551407 0.006088189 -0.000813362 0.999981165 8.782344818
0.999982297 0.001234119 -0.005822079 0.204400375 -0.001228720 0.999998808 0.000930879 -0.263481766 0.005823221 -0.000923709 0.999982655 9.118499756
0.999984562 0.001337659 -0.005393791 0.200933158 -0.001332653 0.999998689 0.000931722 -0.274799198 0.005395030 -0.000924519 0.999985039 9.414825439
0.999984622 0.001162971 -0.005415978 0.208633065 -0.001157056 0.999998689 0.001095039 -0.283578426 0.005417244 -0.001088756 0.999984741 9.770545959
0.999984384 0.001112649 -0.005476505 0.211447835 -0.001108161 0.999999046 0.000822530 -0.291597784 0.005477416 -0.000816448 0.999984622 10.131278992
0.999983847 0.001181176 -0.005556440 0.226326257 -0.001176841 0.999998987 0.000783543 -0.302609146 0.005557360 -0.000776991 0.999984264 10.488086700
0.999982834 0.000859198 -0.005800250 0.227422506 -0.000854595 0.999999285 0.000796050 -0.307250559 0.005800930 -0.000791079 0.999982774 10.797497749
0.999982417 0.000422305 -0.005910023 0.235884696 -0.000416949 0.999999523 0.000907363 -0.318920106 0.005910404 -0.000904883 0.999982059 11.170964241
0.999982297 0.000876125 -0.005892362 0.240811735 -0.000872348 0.999999464 0.000643599 -0.325561881 0.005892922 -0.000638448 0.999982417 11.566926003
0.999985039 0.000927423 -0.005392497 0.239582896 -0.000920985 0.999998868 0.001196251 -0.342214763 0.005393601 -0.001191267 0.999984741 11.903614998
0.999986410 0.000805441 -0.005158734 0.248130471 -0.000798834 0.999998868 0.001282657 -0.354535043 0.005159762 -0.001278518 0.999985814 12.292167664
0.999986887 0.000837015 -0.005050617 0.249868199 -0.000829963 0.999998689 0.001398406 -0.363348961 0.005051781 -0.001394196 0.999986231 12.694456100
0.999987066 0.001005743 -0.004981531 0.250145137 -0.000999288 0.999998689 0.001298085 -0.383775830 0.004982830 -0.001293090 0.999986708 13.102367401
0.999986410 0.000999959 -0.005121208 0.256116092 -0.000992686 0.999998510 0.001422524 -0.387002259 0.005122622 -0.001417421 0.999985874 13.447406769
0.999986827 0.001401407 -0.004946979 0.261099070 -0.001393790 0.999997854 0.001542927 -0.397440344 0.004949130 -0.001536012 0.999986589 13.868296623
0.999989331 0.001091766 -0.004507847 0.260779887 -0.001084306 0.999997973 0.001657157 -0.411228329 0.004509648 -0.001652251 0.999988437 14.280564308
0.999988735 0.000636876 -0.004697673 0.274355322 -0.000629061 0.999998391 0.001664770 -0.423566431 0.004698726 -0.001661797 0.999987602 14.657858849
0.999991059 0.000716669 -0.004170385 0.278930217 -0.000708774 0.999997914 0.001894290 -0.438703269 0.004171735 -0.001891317 0.999989510 15.091994286
0.999992371 0.000871749 -0.003799029 0.286162019 -0.000865641 0.999998331 0.001608869 -0.444054782 0.003800426 -0.001605568 0.999991477 15.545630455
0.999994040 0.001734842 -0.002982193 0.291852444 -0.001728547 0.999996245 0.002112181 -0.458079964 0.002985847 -0.002107013 0.999993384 15.983792305
0.999995291 0.001048348 -0.002894472 0.287131697 -0.001043835 0.999998152 0.001560196 -0.469312251 0.002896103 -0.001557167 0.999994576 16.367029190
0.999996126 0.000373341 -0.002789516 0.299727798 -0.000368830 0.999998510 0.001617696 -0.483169287 0.002790116 -0.001616660 0.999994814 16.832883835
0.999995947 0.000946885 -0.002682236 0.303199559 -0.000942195 0.999997973 0.001749278 -0.497044683 0.002683887 -0.001746744 0.999994814 17.293849945
0.999996126 0.000450046 -0.002742468 0.325759351 -0.000447213 0.999999285 0.001033838 -0.504829884 0.002742933 -0.001032607 0.999995649 17.765958786
0.999997258 0.000755669 -0.002244973 0.333123893 -0.000752158 0.999998450 0.001564316 -0.519857883 0.002246152 -0.001562622 0.999996185 18.219633102
0.999998271 0.000831398 -0.001745406 0.311784595 -0.000827265 0.999996960 0.002367249 -0.542382240 0.001747369 -0.002365800 0.999995589 18.580083847
0.999998152 0.001307553 -0.001438148 0.323421896 -0.001304409 0.999996722 0.002184708 -0.550744772 0.001441000 -0.002182828 0.999996543 19.066379547
0.999998152 0.001470073 -0.001267411 0.322720587 -0.001466790 0.999995589 0.002587414 -0.564691842 0.001271209 -0.002585550 0.999995828 19.554420471
0.999998391 0.001011806 -0.001499059 0.339185297 -0.001007606 0.999995589 0.002799833 -0.585930705 0.001501886 -0.002798318 0.999994934 20.038942337
0.999998391 0.000717291 -0.001591410 0.336494476 -0.000713257 0.999996543 0.002533793 -0.594559848 0.001593222 -0.002532654 0.999995530 20.437850952
0.999997497 0.000478238 -0.002151350 0.346360445 -0.000472278 0.999996066 0.002769906 -0.605752707 0.002152666 -0.002768882 0.999993861 20.943456650
0.999996781 0.000757359 -0.002422824 0.348824024 -0.000750642 0.999995887 0.002771816 -0.616561055 0.002424913 -0.002769988 0.999993205 21.457715988
0.999996781 0.001537135 -0.002016287 0.342397302 -0.001532406 0.999996066 0.002345004 -0.620192409 0.002019884 -0.002341907 0.999995232 21.992477417
0.999995410 0.001358565 -0.002677666 0.345733345 -0.001351302 0.999995410 0.002712032 -0.644121826 0.002681338 -0.002708402 0.999992669 22.402328491
0.999993801 0.000988030 -0.003378796 0.357554734 -0.000979414 0.999996185 0.002550676 -0.656230748 0.003381304 -0.002547352 0.999991000 22.929199219
0.999988854 -0.000843947 -0.004627984 0.368406296 0.000853979 0.999997258 0.002165946 -0.668593943 0.004626144 -0.002169874 0.999986887 23.447290421
0.999987185 0.000328758 -0.005040644 0.382065177 -0.000314088 0.999995649 0.002910914 -0.689612865 0.005041580 -0.002909294 0.999983013 23.948652267
0.999986768 0.001047324 -0.005039290 0.363634527 -0.001035547 0.999996841 0.002339055 -0.692415357 0.005041723 -0.002333806 0.999984562 24.428312302
0.999983788 0.000849351 -0.005630240 0.369838536 -0.000834224 0.999996006 0.002688504 -0.702668965 0.005632501 -0.002683763 0.999980509 24.975114822
0.999983907 0.000893195 -0.005609045 0.374901325 -0.000877762 0.999995887 0.002753438 -0.718300700 0.005611481 -0.002748471 0.999980509 25.516218185
0.999983728 0.001223869 -0.005565792 0.375542134 -0.001208999 0.999995708 0.002674406 -0.736800313 0.005569040 -0.002667633 0.999980927 26.057970047
0.999979794 0.001281829 -0.006217808 0.375042081 -0.001262907 0.999994516 0.003046312 -0.753834665 0.006221678 -0.003038398 0.999976039 26.505565643
0.999977529 0.001973805 -0.006403100 0.382270902 -0.001956651 0.999994457 0.002684221 -0.766590834 0.006408363 -0.002671632 0.999975920 27.061029434
0.999972820 0.001753021 -0.007160139 0.387259960 -0.001731519 0.999993920 0.003008190 -0.779501259 0.007165369 -0.002995711 0.999969900 27.613365173
0.999973059 0.002419233 -0.006932084 0.393351316 -0.002395858 0.999991357 0.003378456 -0.796673298 0.006940198 -0.003361757 0.999970317 28.164001465
0.999973893 0.002479796 -0.006780112 0.369803786 -0.002456481 0.999991059 0.003444933 -0.813612461 0.006788594 -0.003428188 0.999971092 28.548458099
0.999973476 0.002482878 -0.006853555 0.373499393 -0.002458656 0.999990702 0.003540470 -0.825517416 0.006862282 -0.003523524 0.999970257 29.099575043
0.999971211 0.002830970 -0.007038604 0.378345698 -0.002809466 0.999991357 0.003063112 -0.839138150 0.007047214 -0.003043249 0.999970555 29.638080597
0.999971926 0.003436863 -0.006661153 0.381765902 -0.003414338 0.999988496 0.003390001 -0.861111104 0.006672727 -0.003367163 0.999972105 30.182466507
0.999970376 0.002928092 -0.007115862 0.378510237 -0.002903447 0.999989748 0.003471139 -0.866174757 0.007125954 -0.003450375 0.999968588 30.613077164
0.999964833 0.003790238 -0.007481586 0.385640293 -0.003762370 0.999985933 0.003735347 -0.882983327 0.007495639 -0.003707066 0.999965012 31.154672623
0.999963582 0.003749346 -0.007666988 0.392085224 -0.003721809 0.999986529 0.003602652 -0.894986093 0.007680393 -0.003573985 0.999964058 31.709106445
0.999964595 0.003749931 -0.007539129 0.400608122 -0.003724326 0.999987304 0.003407455 -0.914478481 0.007551812 -0.003379256 0.999965727 32.264995575
0.999960482 0.004002635 -0.007942720 0.414593548 -0.003968503 0.999982774 0.004308428 -0.944360971 0.007959829 -0.004276736 0.999959171 32.765243530
0.999962747 0.003087831 -0.008061107 0.390413105 -0.003058896 0.999988854 0.003599247 -0.925492823 0.008072131 -0.003574454 0.999961019 33.160694122
0.999960542 0.002689254 -0.008469183 0.399133772 -0.002657102 0.999989271 0.003805410 -0.940617621 0.008479325 -0.003782757 0.999956906 33.707340240
0.999961674 0.002069068 -0.008515173 0.404599279 -0.002038084 0.999991238 0.003645748 -0.952068388 0.008522642 -0.003628254 0.999957085 34.245666504
0.999960423 0.003350445 -0.008234240 0.384363621 -0.003318961 0.999987125 0.003834354 -0.975684345 0.008246982 -0.003806874 0.999958694 34.742279053
0.999965608 0.002444189 -0.007919246 0.396363437 -0.002414037 0.999989748 0.003814809 -0.985307217 0.007928489 -0.003795562 0.999961376 35.209888458
0.999962568 0.003128876 -0.008060343 0.397726953 -0.003097312 0.999987483 0.003925357 -0.998944104 0.008072523 -0.003900245 0.999959826 35.760971069
0.999964297 0.002979191 -0.007911436 0.404754639 -0.002954887 0.999990880 0.003081886 -1.006716251 0.007920546 -0.003058397 0.999963999 36.309051514
0.999959052 0.002988224 -0.008538228 0.416049510 -0.002960853 0.999990404 0.003216548 -1.016332746 0.008547759 -0.003191137 0.999958336 36.813610077
0.999961793 0.003084655 -0.008178959 0.398830444 -0.003052978 0.999987721 0.003882534 -1.043761849 0.008190835 -0.003857416 0.999958992 37.240409851
0.999961019 0.002995160 -0.008309916 0.408360809 -0.002964944 0.999988854 0.003646065 -1.048577189 0.008320743 -0.003621285 0.999958813 37.793621063
0.999959350 0.002968159 -0.008517537 0.419178098 -0.002939260 0.999989808 0.003403329 -1.061305285 0.008527553 -0.003378155 0.999957919 38.362007141
0.999959230 0.003194101 -0.008441958 0.403716445 -0.003165455 0.999989152 0.003404438 -1.068685174 0.008452739 -0.003377577 0.999958575 38.845867157
0.999959707 0.002749231 -0.008540799 0.430041522 -0.002715451 0.999988377 0.003964094 -1.087675691 0.008551599 -0.003940742 0.999955595 39.378627777
0.999962628 0.003231435 -0.008014605 0.400782377 -0.003200432 0.999987304 0.003877990 -1.092366219 0.008027036 -0.003852196 0.999960303 39.808307648
0.999962866 0.003840570 -0.007714991 0.403469890 -0.003813349 0.999986410 0.003540030 -1.102869391 0.007728483 -0.003510479 0.999963939 40.360767365
0.999958098 0.003833483 -0.008304229 0.429851979 -0.003807093 0.999987602 0.003191409 -1.114923716 0.008316360 -0.003159661 0.999960423 40.907226562
0.999956071 0.003144886 -0.008828859 0.458376557 -0.003118531 0.999990523 0.002997234 -1.108036399 0.008838202 -0.002969570 0.999956548 41.461597443
0.999955714 0.004079042 -0.008485219 0.450233966 -0.004053889 0.999987364 0.002979315 -1.138933778 0.008497265 -0.002944785 0.999959528 41.954246521
0.999964118 0.003457459 -0.007728483 0.408825397 -0.003430775 0.999988139 0.003463096 -1.146575451 0.007740364 -0.003436458 0.999964118 42.335193634
0.999962747 0.004043527 -0.007624825 0.413356751 -0.004016442 0.999985576 0.003564165 -1.159890294 0.007639126 -0.003533408 0.999964595 42.889400482
0.999955833 0.006093776 -0.007151385 0.415998936 -0.006073530 0.999977469 0.002849179 -1.172061086 0.007168586 -0.002805618 0.999970376 43.437782288
0.999963403 0.005938684 -0.006163954 0.420322716 -0.005923264 0.999979258 0.002516896 -1.185363531 0.006178773 -0.002480293 0.999977887 43.954551697
0.999956787 0.005295067 -0.007640356 0.449725658 -0.005270556 0.999980927 0.003224656 -1.205870390 0.007657285 -0.003184248 0.999965549 44.479476929
0.999958932 0.005359137 -0.007308263 0.423519075 -0.005334911 0.999980211 0.003330523 -1.209787846 0.007325967 -0.003291398 0.999967694 44.908226013
0.999958336 0.004610607 -0.007887923 0.435634702 -0.004579894 0.999981880 0.003907266 -1.225907087 0.007905795 -0.003870978 0.999961257 45.463138580
0.999958336 0.005387817 -0.007374693 0.434882611 -0.005361260 0.999979138 0.003616010 -1.237899423 0.007394022 -0.003576322 0.999966264 46.014171600
0.999960661 0.004902564 -0.007400587 0.452245176 -0.004877091 0.999982119 0.003456175 -1.258230090 0.007417399 -0.003419945 0.999966681 46.495510101
0.999962211 0.004606124 -0.007375894 0.449611753 -0.004581087 0.999983668 0.003407820 -1.263578057 0.007391471 -0.003373901 0.999966919 47.061531067
0.999958694 0.005122227 -0.007504632 0.464316279 -0.005098477 0.999981940 0.003180400 -1.284811974 0.007520786 -0.003142008 0.999966741 47.592536926
0.999963582 0.005009492 -0.006910788 0.428507268 -0.004988460 0.999982893 0.003057170 -1.270504355 0.006925984 -0.003022584 0.999971449 47.952682495
0.999968171 0.004742958 -0.006412858 0.429410666 -0.004723161 0.999984086 0.003098672 -1.284220934 0.006427452 -0.003068285 0.999974668 48.493282318
0.999963701 0.005004074 -0.006900460 0.442872554 -0.004982082 0.999982536 0.003200433 -1.300941706 0.006916354 -0.003165938 0.999971092 49.033329010
0.999962986 0.005698733 -0.006450118 0.450987250 -0.005682550 0.999980628 0.002524620 -1.307750583 0.006464380 -0.002487873 0.999975979 49.582042694
0.999963939 0.005948821 -0.006055619 0.461735129 -0.005933386 0.999979079 0.002563668 -1.318140745 0.006070743 -0.002527645 0.999978364 50.099468231
0.999965310 0.005780710 -0.006009297 0.454005748 -0.005758506 0.999976575 0.003705827 -1.339115024 0.006030580 -0.003671093 0.999975085 50.601222992
0.999966741 0.004374868 -0.006881758 0.483716607 -0.004351571 0.999984801 0.003396749 -1.348252535 0.006896513 -0.003366690 0.999970555 51.160369873
0.999969959 0.004530143 -0.006290287 0.458522499 -0.004513152 0.999986112 0.002712870 -1.350116968 0.006302490 -0.002684399 0.999976456 51.496601105
0.999970496 0.005086719 -0.005759560 0.458940476 -0.005073711 0.999984622 0.002270850 -1.358699203 0.005771022 -0.002241560 0.999980807 52.050853729
0.999965250 0.006286503 -0.005472939 0.461731076 -0.006274350 0.999977887 0.002234787 -1.368608475 0.005486866 -0.002200370 0.999982476 52.614505768
0.999971628 0.005228840 -0.005416881 0.475995958 -0.005215420 0.999983251 0.002488757 -1.377117634 0.005429804 -0.002460435 0.999982178 53.147068024
0.999970496 0.004826872 -0.005963813 0.486604929 -0.004812009 0.999985278 0.002504190 -1.401007414 0.005975813 -0.002475418 0.999979079 53.696479797
0.999968410 0.005235445 -0.005975732 0.481858283 -0.005222267 0.999983907 0.002218621 -1.396571994 0.005987251 -0.002187343 0.999979615 54.060241699
0.999968410 0.005594558 -0.005652524 0.489065111 -0.005584335 0.999982774 0.001822552 -1.409941792 0.005662621 -0.001790928 0.999982297 54.595420837
0.999968112 0.004868976 -0.006336811 0.498993307 -0.004858204 0.999986768 0.001714454 -1.425996780 0.006345074 -0.001683613 0.999978483 55.156345367
0.999966860 0.005270766 -0.006206698 0.506542087 -0.005259959 0.999984682 0.001755872 -1.446021318 0.006215857 -0.001723166 0.999979138 55.683719635
0.999964356 0.006496223 -0.005390820 0.514720321 -0.006489166 0.999978065 0.001325414 -1.458541989 0.005399312 -0.001290384 0.999984622 56.233123779
0.999972641 0.005203722 -0.005284925 0.487080485 -0.005194236 0.999984801 0.001807257 -1.456038833 0.005294250 -0.001779756 0.999984384 56.549045563
0.999974370 0.004459829 -0.005611366 0.499242872 -0.004446630 0.999987304 0.002362237 -1.473572612 0.005621831 -0.002337225 0.999981463 57.097576141
0.999974191 0.004105477 -0.005921398 0.508192897 -0.004095603 0.999990225 0.001678837 -1.478517294 0.005928234 -0.001654542 0.999980986 57.651576996
0.999971688 0.004919887 -0.005705097 0.518619299 -0.004913642 0.999987185 0.001108208 -1.483781338 0.005710477 -0.001080144 0.999983072 58.195636749
0.999973297 0.005156390 -0.005194381 0.519291580 -0.005153481 0.999986529 0.000573197 -1.487847447 0.005197268 -0.000546412 0.999986291 58.735614777
0.999975860 0.005104400 -0.004711704 0.486870944 -0.005097637 0.999985933 0.001446121 -1.517881274 0.004719020 -0.001422068 0.999987841 59.061515808
0.999976575 0.005264641 -0.004367774 0.494829953 -0.005256956 0.999984562 0.001769170 -1.534470916 0.004377021 -0.001746167 0.999988854 59.609294891
0.999978483 0.004822598 -0.004447594 0.506530583 -0.004812610 0.999985814 0.002253577 -1.549421430 0.004458399 -0.002232124 0.999987543 60.160606384
0.999978542 0.004703292 -0.004565136 0.512909651 -0.004693263 0.999986529 0.002205130 -1.572796941 0.004575445 -0.002183657 0.999987185 60.688640594
0.999975860 0.005460555 -0.004294457 0.497386783 -0.005454277 0.999984026 0.001472121 -1.578094482 0.004302427 -0.001448663 0.999989688 61.076637268
0.999968469 0.007124350 -0.003490577 0.497613907 -0.007120901 0.999974251 0.000999471 -1.588401079 0.003497607 -0.000974583 0.999993443 61.624492645
0.999973416 0.006259634 -0.003727608 0.510757565 -0.006256680 0.999980092 0.000803483 -1.601345062 0.003732563 -0.000780140 0.999992669 62.170864105
0.999969482 0.007124143 -0.003197667 0.472843051 -0.007121044 0.999974191 0.000979155 -1.630305767 0.003204559 -0.000956355 0.999994457 62.636821747
0.999980092 0.004822744 -0.004060535 0.514696717 -0.004818078 0.999987721 0.001158561 -1.621453881 0.004066073 -0.001138974 0.999991000 63.090438843
0.999977827 0.005382686 -0.003937183 0.520029545 -0.005379409 0.999985218 0.000842816 -1.636490107 0.003941662 -0.000821617 0.999991834 63.638637543
0.999980688 0.004658577 -0.004114606 0.537134349 -0.004657240 0.999989092 0.000334372 -1.651693463 0.004116119 -0.000315203 0.999991417 64.164558411
0.999983847 0.004122534 -0.003914847 0.521926999 -0.004120716 0.999991357 0.000472273 -1.668991327 0.003916760 -0.000456133 0.999992192 64.659233093
0.999979377 0.005023225 -0.003995554 0.542786181 -0.005018929 0.999986827 0.001084475 -1.680368066 0.004000949 -0.001064399 0.999991357 65.098747253
0.999973834 0.005793447 -0.004340011 0.550946593 -0.005789826 0.999982834 0.000846411 -1.695747972 0.004344840 -0.000821261 0.999990165 65.640609741
0.999965012 0.007765022 -0.003124293 0.551073313 -0.007762725 0.999969602 0.000746313 -1.717926264 0.003129993 -0.000722034 0.999994814 66.187660217
0.999968827 0.007104491 -0.003442345 0.568554580 -0.007100685 0.999974132 0.001116354 -1.740280271 0.003450187 -0.001091876 0.999993443 66.656654358
0.999981046 0.004767669 -0.003898924 0.546407461 -0.004763602 0.999988079 0.001051733 -1.738676071 0.003903892 -0.001033140 0.999991834 67.074943542
0.999979794 0.004613417 -0.004363670 0.559144139 -0.004608526 0.999988735 0.001130042 -1.755765080 0.004368834 -0.001109909 0.999989808 67.620613098
0.999980927 0.004843097 -0.003843547 0.567471504 -0.004838607 0.999987602 0.001176798 -1.772490025 0.003849199 -0.001158178 0.999991894 68.156944275
0.999976337 0.005699709 -0.003848539 0.577650189 -0.005695361 0.999983132 0.001140007 -1.788380265 0.003854971 -0.001118061 0.999991953 68.690292358
0.999982476 0.004334040 -0.004067118 0.576491773 -0.004329839 0.999990225 0.001040961 -1.799831390 0.004071590 -0.001023332 0.999991119 69.124443054
0.999976397 0.005383729 -0.004270135 0.580736399 -0.005377276 0.999984443 0.001521367 -1.816388845 0.004278259 -0.001498370 0.999989688 69.679878235
0.999982417 0.004202051 -0.004203512 0.598208308 -0.004199008 0.999990880 0.000732515 -1.826834202 0.004206552 -0.000714851 0.999990821 70.230453491
0.999982595 0.003608730 -0.004662234 0.622980952 -0.003603436 0.999992907 0.001143380 -1.837385774 0.004666327 -0.001126560 0.999988496 70.742103577
0.999981344 0.004455923 -0.004172453 0.617660820 -0.004450675 0.999989212 0.001266167 -1.856483698 0.004178050 -0.001247573 0.999990523 71.155426025
0.999982178 0.004138013 -0.004296045 0.629737139 -0.004134587 0.999991119 0.000805548 -1.868529677 0.004299341 -0.000787772 0.999990523 71.699516296
0.999976993 0.005368225 -0.004162994 0.644064069 -0.005362799 0.999984801 0.001313324 -1.893904448 0.004169982 -0.001290969 0.999990523 72.195442200
0.999981642 0.003919360 -0.004609855 0.657759428 -0.003914878 0.999991834 0.000981209 -1.900290847 0.004613664 -0.000963144 0.999988914 72.724838257
0.999982119 0.004790333 -0.003605817 0.622289240 -0.004787295 0.999988139 0.000850889 -1.907904148 0.003609851 -0.000833611 0.999993145 73.164779663
0.999981463 0.004996810 -0.003473312 0.628744721 -0.004993933 0.999987125 0.000836406 -1.920505762 0.003477447 -0.000819045 0.999993563 73.720352173
0.999979854 0.005004501 -0.003902041 0.641858339 -0.004998708 0.999986351 0.001493366 -1.954283595 0.003909462 -0.001473830 0.999991298 74.195434570
0.999978006 0.005614772 -0.003529427 0.618574142 -0.005609557 0.999983251 0.001485506 -1.963571310 0.003537709 -0.001465675 0.999992669 74.650016785
0.999980986 0.004414100 -0.004309584 0.654266179 -0.004411271 0.999990046 0.000665588 -1.960552931 0.004312479 -0.000646565 0.999990463 75.144660950
0.999981880 0.004331273 -0.004173650 0.665587187 -0.004330679 0.999990642 0.000151279 -1.976724505 0.004174266 -0.000133202 0.999991298 75.686607361
0.999983311 0.005074582 -0.002758157 0.665633678 -0.005072750 0.999986947 0.000670339 -1.996516347 0.002761523 -0.000656336 0.999995887 76.209579468
0.999989390 0.004023526 -0.002260529 0.681523740 -0.004021840 0.999991655 0.000750676 -2.015115499 0.002263530 -0.000741576 0.999997139 76.724113464
0.999990165 0.004417321 -0.000594885 0.653085351 -0.004416862 0.999989927 0.000770189 -2.041084528 0.000598282 -0.000767554 0.999999464 77.243301392
0.999991357 0.004149076 0.000335731 0.677729785 -0.004149395 0.999990940 0.000957399 -2.043177366 -0.000331756 -0.000958784 0.999999464 77.709632874
0.999987841 0.003316571 0.003654668 0.694384038 -0.003318607 0.999994338 0.000550767 -2.057906628 -0.003652820 -0.000562889 0.999993205 78.262359619
0.999969423 0.003167191 0.007142804 0.717547178 -0.003172152 0.999994755 0.000683281 -2.066441298 -0.007140601 -0.000705918 0.999974251 78.813529968
0.999940097 0.004025549 0.010180026 0.729829967 -0.004035641 0.999991357 0.000971254 -2.085535049 -0.010176029 -0.001012279 0.999947727 79.296188354
0.999886334 0.004374254 0.014434156 0.751818240 -0.004386602 0.999990046 0.000823939 -2.101008177 -0.014430408 -0.000887163 0.999895513 79.842742920
0.999784470 0.004482426 0.020274280 0.773434043 -0.004507316 0.999989152 0.001182140 -2.122263908 -0.020268761 -0.001273267 0.999793768 80.378768921
0.999641299 0.004184906 0.026451299 0.797304392 -0.004204124 0.999990940 0.000671001 -2.128583193 -0.026448244 -0.000781965 0.999649882 80.879959106
0.999472022 0.004448333 0.032184470 0.829046726 -0.004476772 0.999989569 0.000811610 -2.142333984 -0.032180522 -0.000955264 0.999481559 81.431587219
0.999181688 0.004097033 0.040240373 0.871552706 -0.004142182 0.999990761 0.001038671 -2.168293715 -0.040235750 -0.001204504 0.999189496 81.966804504
0.998767674 0.004668617 0.049409568 0.899983168 -0.004708145 0.999988675 0.000683693 -2.180513859 -0.049405809 -0.000915478 0.998778403 82.535614014
0.998438239 0.003173115 0.055774949 0.958317995 -0.003212207 0.999994576 0.000611239 -2.189255953 -0.055772707 -0.000789445 0.998443186 83.004837036
0.997884989 0.003770353 0.064894274 1.008752346 -0.003786877 0.999992788 0.000131637 -2.200290203 -0.064893313 -0.000377105 0.997892141 83.556076050
0.997198403 0.003455972 0.074721634 1.075689316 -0.003471970 0.999993920 0.000084190 -2.214029312 -0.074720904 -0.000343385 0.997204483 84.088241577
0.996506393 0.002963984 0.083463833 1.134005070 -0.002997158 0.999995470 0.000272187 -2.229564428 -0.083462663 -0.000521390 0.996510744 84.621444702
0.995875239 0.002189512 0.090706944 1.207099438 -0.002185149 0.999997616 -0.000147391 -2.241071939 -0.090707049 -0.000051425 0.995877683 85.169471741
0.994909406 0.002317943 0.100747034 1.261504173 -0.002339418 0.999997199 0.000095018 -2.271665812 -0.100746527 -0.000330224 0.994912088 85.647438049
0.993790686 0.002352790 0.111240692 1.357039452 -0.002436978 0.999996841 0.000620849 -2.291401863 -0.111238897 -0.000888086 0.993793309 86.200958252
0.992732108 0.001563431 0.120334372 1.444167137 -0.001618534 0.999998748 0.000360172 -2.301516771 -0.120333627 -0.000552320 0.992733300 86.725975037
0.991237581 0.001469130 0.132082835 1.533876419 -0.001519514 0.999998808 0.000280664 -2.313840866 -0.132082239 -0.000478907 0.991238654 87.264122009
0.989477575 0.001718050 0.144675568 1.616573334 -0.001803226 0.999998271 0.000457613 -2.338634729 -0.144674525 -0.000713680 0.989479005 87.773567200
0.987894833 0.001100444 0.155121028 1.726911545 -0.001164193 0.999999285 0.000320112 -2.354872704 -0.155120581 -0.000496827 0.987895429 88.270034790
0.986201286 0.001007373 0.165547669 1.819786072 -0.001089034 0.999999344 0.000402504 -2.360306978 -0.165547162 -0.000577237 0.986201644 88.784835815
0.983960390 0.001189730 0.178383157 1.944256783 -0.001377328 0.999998629 0.000927817 -2.384558916 -0.178381830 -0.001158627 0.983960688 89.315200806
0.981709599 0.000522944 0.190383896 2.074035645 -0.000716766 0.999999344 0.000949201 -2.399229527 -0.190383270 -0.001068300 0.981709301 89.843566895
0.979674518 -0.000483832 0.200593024 2.204570770 0.000420656 0.999999821 0.000357570 -2.403366327 -0.200593174 -0.000265921 0.979674697 90.390136719
0.976775229 -0.000423825 0.214265972 2.326133728 0.000350312 0.999999881 0.000381064 -2.407065868 -0.214266121 -0.000297154 0.976775289 90.936950684
0.973814368 -0.000015297 0.227344289 2.456476212 -0.000163145 0.999999702 0.000766108 -2.434396505 -0.227344275 -0.000783138 0.973814130 91.405555725
0.971114993 0.000023501 0.238611773 2.602783203 -0.000233369 0.999999583 0.000851288 -2.449552059 -0.238611668 -0.000882383 0.971114695 91.932403564
0.968434274 -0.000942200 0.249267131 2.767608643 0.000745291 0.999999404 0.000884329 -2.469953299 -0.249267817 -0.000670638 0.968434334 92.412696838
0.964912176 -0.000746983 0.262571633 2.955677032 0.000593846 0.999999642 0.000662572 -2.475228071 -0.262572080 -0.000483396 0.964912236 92.966056824
0.961424828 -0.000978304 0.275065899 3.122117996 0.000773522 0.999999285 0.000852959 -2.496765852 -0.275066555 -0.000607286 0.961424947 93.509704590
0.957850039 -0.000283888 0.287268519 3.249345779 -0.000073359 0.999999225 0.001232837 -2.512120724 -0.287268579 -0.001201947 0.957849443 93.981773376
0.953435540 -0.000040611 0.301596880 3.436502457 -0.000512837 0.999998271 0.001755881 -2.527463198 -0.301596463 -0.001828789 0.953433931 94.513618469
0.948834956 -0.000062996 0.315772444 3.633071899 -0.000465005 0.999998629 0.001596746 -2.536534786 -0.315772116 -0.001661884 0.948833644 95.036727905
0.945110202 -0.000376310 0.326751590 3.843109131 -0.000113365 0.999998927 0.001479569 -2.556113243 -0.326751828 -0.001435398 0.945109129 95.543525696
0.940381408 -0.000597604 0.340121180 4.039299011 0.000053366 0.999998689 0.001609481 -2.575494766 -0.340121686 -0.001495376 0.940380275 96.035232544
0.934993327 -0.001112204 0.354663461 4.196826935 0.000453923 0.999998033 0.001939267 -2.589275360 -0.354664981 -0.001652212 0.934992015 96.474830627
0.930129647 -0.001105090 0.367229551 4.420204163 0.000330829 0.999997675 0.002171322 -2.606807709 -0.367231160 -0.001898120 0.930127800 96.982086182
0.925403297 -0.001546166 0.378980666 4.647756577 0.000918275 0.999997854 0.001837531 -2.614329815 -0.378982723 -0.001352448 0.925402880 97.488616943
0.919784784 -0.001600079 0.392419845 4.899507523 0.000654935 0.999996543 0.002542364 -2.643408775 -0.392422557 -0.002081418 0.919782758 97.936820984
0.913876474 -0.002118581 0.405986637 5.090320587 0.001211035 0.999996185 0.002492289 -2.636683702 -0.405990303 -0.001785980 0.913875639 98.410163879
0.909107983 -0.002531328 0.416552722 5.341545105 0.001836826 0.999996245 0.002068033 -2.647890568 -0.416556299 -0.001114931 0.909109235 98.894523621
0.903300822 -0.002422806 0.429000944 5.594192505 0.001573581 0.999996006 0.002334213 -2.665296555 -0.429004878 -0.001433429 0.903301060 99.383209229
0.897125959 -0.003706676 0.441759169 5.872348785 0.002821752 0.999992490 0.002660229 -2.688940525 -0.441765636 -0.001140026 0.897129774 99.847457886
0.891279936 -0.003991278 0.453435928 6.159793854 0.003185407 0.999991775 0.002540944 -2.710191965 -0.453442276 -0.000820314 0.891285300 100.299491882
0.885036707 -0.003198075 0.465510190 6.372322083 0.002436436 0.999994516 0.002237807 -2.696898460 -0.465514749 -0.000846356 0.885039687 100.807922363
0.877579331 -0.004099238 0.479413837 6.660953522 0.003478140 0.999991596 0.002183623 -2.711266279 -0.479418725 -0.000248834 0.877586305 101.276695251
0.870455623 -0.004185658 0.492229193 6.944076538 0.003493975 0.999991238 0.002324672 -2.723906040 -0.492234558 -0.000303688 0.870462537 101.738212585
0.864188492 -0.004670896 0.503146589 7.240123749 0.003972094 0.999989092 0.002460928 -2.737152338 -0.503152549 -0.000128160 0.864197612 102.208175659
