1.000000000 0.000000000 0.000000000 0.000000000 0.000000000 1.000000000 0.000000000 0.000000000 0.000000000 0.000000000 1.000000000 0.000000000
1.000000000 0.000086389 0.000114964 -0.000653181 -0.000086389 1.000000000 0.000005715 -0.001046390 -0.000114964 -0.000005725 1.000000000 0.000348454
1.000000000 0.000068991 0.000043564 0.004313357 -0.000068994 1.000000000 0.000058812 -0.000210673 -0.000043560 -0.000058815 1.000000000 -0.004732099
1.000000000 0.000033561 0.000005161 0.000203782 -0.000033560 1.000000000 -0.000092223 0.002665097 -0.000005164 0.000092223 1.000000000 0.002637525
1.000000000 0.000006801 0.000146380 -0.002398916 -0.000006795 1.000000000 -0.000040421 0.001877608 -0.000146380 0.000040420 1.000000000 0.000410533
1.000000000 0.000086325 0.000051460 -0.002783463 -0.000086326 1.000000000 0.000006639 0.004957146 -0.000051460 -0.000006643 1.000000000 -0.006613226
1.000000000 -0.000063708 0.000053998 -0.003039979 0.000063702 1.000000000 0.000108211 0.001448679 -0.000054005 -0.000108207 1.000000000 -0.003823538
1.000000000 0.000069338 -0.000040777 0.002765682 -0.000069338 1.000000000 -0.000002900 -0.000931102 0.000040777 0.000002903 1.000000000 -0.008829888
1.000000000 0.000043351 0.000068021 0.000341728 -0.000043350 1.000000000 -0.000010502 -0.000249764 -0.000068022 0.000010499 1.000000000 -0.001213624
1.000000000 0.000098447 0.000136966 -0.003670744 -0.000098441 1.000000000 -0.000039356 0.001654691 -0.000136969 0.000039343 1.000000000 -0.000992187
1.000000000 -0.000174125 0.000052042 -0.000187114 0.000174128 1.000000000 -0.000069839 -0.000766584 -0.000052030 0.000069848 1.000000000 0.002142485
1.000000000 -0.000137857 -0.000011777 -0.000115327 0.000137856 1.000000000 -0.000071862 -0.000504828 0.000011787 0.000071860 1.000000000 -0.002321125
1.000000000 -0.000012933 0.000095175 -0.000114813 0.000012931 1.000000000 0.000026100 0.000185997 -0.000095175 -0.000026098 1.000000000 -0.002653788
0.999999940 -0.000271130 -0.000037529 -0.000860361 0.000271136 0.999999940 0.000147160 0.000893398 0.000037489 -0.000147170 1.000000000 -0.004875286
0.999999940 -0.000396077 -0.000046705 -0.000211785 0.000396079 0.999999940 0.000059059 -0.001413396 0.000046682 -0.000059077 1.000000000 -0.001759073
0.999999940 -0.000272305 -0.000009202 0.000894546 0.000272305 0.999999940 0.000044145 -0.001728041 0.000009190 -0.000044147 1.000000000 -0.002785819
1.000000000 0.000071419 0.000100299 -0.001167575 -0.000071427 1.000000000 0.000082779 -0.000720517 -0.000100293 -0.000082787 1.000000000 -0.009047687
0.999999940 -0.000261228 -0.000038532 0.000911501 0.000261228 0.999999940 -0.000002944 -0.000145450 0.000038532 0.000002934 1.000000000 -0.004461764
1.000000000 -0.000071412 -0.000000450 0.000635705 0.000071412 1.000000000 -0.000078063 -0.000015908 0.000000456 0.000078063 1.000000000 -0.010155146
1.000000000 -0.000135983 0.000016892 0.000872952 0.000135982 1.000000000 0.000020048 -0.001068291 -0.000016894 -0.000020046 1.000000000 -0.009630582
1.000000000 -0.000018807 0.000140049 -0.001606936 0.000018798 1.000000000 0.000065992 -0.002428754 -0.000140051 -0.000065989 1.000000000 -0.004893295
1.000000000 -0.000199621 0.000026058 0.000753229 0.000199620 1.000000000 0.000029738 -0.001654119 -0.000026064 -0.000029732 1.000000000 -0.009837159
0.999999940 -0.000320009 -0.000049697 0.001432572 0.000320018 0.999999940 0.000175814 -0.002380259 0.000049641 -0.000175830 1.000000000 -0.010480516
1.000000000 -0.000045481 -0.000091325 0.006458112 0.000045490 1.000000000 0.000100632 -0.002252602 0.000091320 -0.000100636 1.000000000 -0.011709420
1.000000000 -0.000129721 0.000013855 0.001689086 0.000129721 1.000000000 0.000062337 -0.001154854 -0.000013863 -0.000062335 1.000000000 -0.004602467
1.000000000 0.000106133 0.000193014 -0.005711620 -0.000106113 1.000000000 -0.000102117 0.000392266 -0.000193025 0.000102096 1.000000000 -0.005670901
1.000000000 -0.000021563 0.000149059 -0.006607188 0.000021546 1.000000000 0.000111505 -0.000231266 -0.000149061 -0.000111502 1.000000000 -0.007993199
0.999999940 -0.000358451 -0.000032887 -0.004194811 0.000358454 0.999999940 0.000112332 0.001583999 0.000032847 -0.000112344 1.000000000 -0.008135252
0.999999940 -0.000274810 -0.000030077 -0.001038352 0.000274813 0.999999940 0.000108077 -0.002971774 0.000030048 -0.000108086 1.000000000 -0.003025251
1.000000000 -0.000211574 0.000055881 -0.002365672 0.000211571 1.000000000 0.000048830 0.001622129 -0.000055891 -0.000048818 1.000000000 -0.001569354
0.999999940 -0.000268839 0.000087171 -0.004890070 0.000268825 0.999999940 0.000167006 -0.001105612 -0.000087216 -0.000166983 1.000000000 -0.006417215
0.999999940 -0.000307051 -0.000111100 0.002150286 0.000307055 0.999999940 0.000036937 0.000374494 0.000111089 -0.000036971 1.000000000 -0.003335969
1.000000000 -0.000094973 0.000001426 -0.003519167 0.000094973 1.000000000 -0.000096057 0.001070382 -0.000001417 0.000096057 1.000000000 -0.002433998
1.000000000 -0.000037825 0.000006382 -0.000728048 0.000037825 1.000000000 -0.000107939 0.004930356 -0.000006378 0.000107939 1.000000000 0.000856677
0.999999940 -0.000271269 -0.000031369 -0.003460431 0.000271266 0.999999940 -0.000107418 0.002422471 0.000031398 0.000107410 1.000000000 -0.005447997
0.999999940 -0.000236937 -0.000092366 0.000422585 0.000236936 1.000000000 -0.000008294 -0.000567011 0.000092368 0.000008272 1.000000000 -0.004220008
0.999999940 -0.000255364 -0.000009520 -0.001300466 0.000255365 0.999999940 0.000152208 -0.001737258 0.000009482 -0.000152211 1.000000000 -0.002401618
1.000000000 -0.000024711 0.000061513 -0.002268909 0.000024697 1.000000000 0.000228071 -0.002588002 -0.000061519 -0.000228070 1.000000000 -0.007292056
0.999999940 -0.000349148 -0.000167836 0.001872498 0.000349170 0.999999940 0.000131795 -0.003267286 0.000167789 -0.000131853 1.000000000 -0.000565093
1.000000000 -0.000010472 0.000062038 0.000474206 0.000010509 0.999999821 -0.000598210 -0.005221915 -0.000062032 0.000598211 0.999999821 0.048063248
1.000000000 -0.000060791 -0.000104270 0.005524022 0.000060665 0.999999285 -0.001204986 -0.003899225 0.000104343 0.001204980 0.999999285 0.143410131
0.999999940 -0.000127920 -0.000235388 0.009281620 0.000127619 0.999999166 -0.001275155 -0.012841387 0.000235551 0.001275124 0.999999166 0.262050688
1.000000000 -0.000144803 -0.000046656 0.004937925 0.000144752 0.999999404 -0.001090333 -0.018564435 0.000046814 0.001090326 0.999999404 0.386012912
1.000000000 -0.000021594 -0.000221291 0.010310849 0.000021322 0.999999225 -0.001230168 -0.017176699 0.000221317 0.001230163 0.999999225 0.532911360
0.999999821 0.000576229 0.000223605 0.004411586 -0.000575906 0.999998808 -0.001438773 -0.025170151 -0.000224434 0.001438644 0.999998927 0.683076620
0.999999940 -0.000376847 -0.000039949 0.029527152 0.000376820 0.999999702 -0.000688929 -0.027361866 0.000040208 0.000688914 0.999999762 0.862447441
1.000000000 0.000148090 -0.000124522 0.026873600 -0.000148183 0.999999702 -0.000747941 -0.024404392 0.000124411 0.000747960 0.999999702 1.039145589
0.999999940 -0.000149052 0.000277544 0.016998796 0.000149265 0.999999702 -0.000769884 -0.041632406 -0.000277429 0.000769926 0.999999642 1.236316204
0.999999881 -0.000329518 -0.000399808 0.044510368 0.000329269 0.999999762 -0.000622432 -0.046079151 0.000400013 0.000622300 0.999999702 1.436650038
0.999999762 -0.000279407 -0.000600248 0.047431014 0.000279127 0.999999881 -0.000465450 -0.050925184 0.000600378 0.000465282 0.999999702 1.650730252
0.999999762 -0.000716923 -0.000143404 0.046288472 0.000716906 0.999999762 -0.000119950 -0.062755570 0.000143490 0.000119847 1.000000000 1.836045980
0.999996364 -0.000396825 0.002669927 -0.023399247 0.000392876 0.999998808 0.001479535 -0.084131263 -0.002670511 -0.001478481 0.999995351 1.819972038
0.999995947 -0.000420225 0.002822572 -0.020533839 0.000416690 0.999999166 0.001252792 -0.089100718 -0.002823096 -0.001251610 0.999995291 2.050065041
0.999994814 0.000056506 0.003232193 -0.018922839 -0.000060705 0.999999106 0.001298790 -0.093904734 -0.003232117 -0.001298979 0.999993920 2.254338980
0.999995470 -0.000162773 0.003025912 -0.010500826 0.000158637 0.999999106 0.001367177 -0.103886940 -0.003026131 -0.001366691 0.999994457 2.479976177
0.999996483 -0.001387674 0.002252342 0.006350058 0.001383243 0.999997079 0.001967604 -0.118329801 -0.002255066 -0.001964481 0.999995530 2.723548412
0.999996305 -0.001737851 0.002102778 0.020290416 0.001733800 0.999996543 0.001927208 -0.124314383 -0.002106119 -0.001923555 0.999995947 2.964035988
0.999997318 -0.001381277 0.001862640 0.025902407 0.001377909 0.999997377 0.001808618 -0.127675295 -0.001865133 -0.001806047 0.999996603 3.215608358
0.999995828 -0.002169304 0.001926527 0.032894306 0.002165286 0.999995470 0.002085190 -0.138215408 -0.001931041 -0.002081009 0.999995947 3.474098921
0.999997437 -0.002056542 0.000847496 0.042179361 0.002054861 0.999995947 0.001978926 -0.145778209 -0.000851562 -0.001977180 0.999997675 3.690595150
0.999995232 -0.003002953 0.000719188 0.046459723 0.003001258 0.999992788 0.002346240 -0.157191277 -0.000726228 -0.002344071 0.999997020 3.959545374
0.999996841 -0.002222203 0.001154335 0.048275787 0.002219343 0.999994516 0.002473095 -0.159305796 -0.001159824 -0.002470526 0.999996245 4.222274303
0.999995351 -0.002780865 0.001237167 0.059393778 0.002777823 0.999993205 0.002454319 -0.168995813 -0.001243984 -0.002450871 0.999996245 4.480665207
0.999993742 -0.003535150 0.000226857 0.059118070 0.003534446 0.999989152 0.003032021 -0.186982214 -0.000237573 -0.003031201 0.999995351 4.731405735
0.999994040 -0.003446442 0.000286405 0.065592818 0.003445627 0.999990165 0.002797594 -0.192629382 -0.000296044 -0.002796590 0.999996066 4.988325119
0.999994338 -0.003376828 0.000056293 0.074164256 0.003376635 0.999989390 0.003122392 -0.201886326 -0.000066836 -0.003122184 0.999995053 5.254521370
0.999992669 -0.003829163 0.000327605 0.074139923 0.003828169 0.999988258 0.002983078 -0.205038607 -0.000339024 -0.002981802 0.999995410 5.518963337
0.999993920 -0.003468693 0.000208236 0.078376785 0.003468041 0.999989271 0.003053816 -0.217401102 -0.000218826 -0.003053075 0.999995291 5.792027950
0.999992251 -0.003947182 0.000045736 0.091910534 0.003947012 0.999986947 0.003255927 -0.222877532 -0.000058587 -0.003255721 0.999994636 6.050724983
0.999992192 -0.003782281 0.001123634 0.077153504 0.003779315 0.999989331 0.002629824 -0.229518980 -0.001133569 -0.002625557 0.999995887 6.332554817
0.999993443 -0.003384121 0.001248713 0.081429474 0.003381102 0.999991357 0.002412334 -0.240027100 -0.001256866 -0.002408096 0.999996245 6.615254402
0.999993026 -0.003564587 0.001130078 0.087678418 0.003562089 0.999991238 0.002204680 -0.239591479 -0.001137927 -0.002200639 0.999996960 6.927475452
0.999992013 -0.003931307 0.000833130 0.106119089 0.003929451 0.999989808 0.002218747 -0.251353770 -0.000841844 -0.002215455 0.999997199 7.221569538
0.999994934 -0.002886031 0.001311730 0.096884638 0.002882989 0.999993145 0.002315252 -0.262646556 -0.001318403 -0.002311458 0.999996364 7.537778378
0.999994755 -0.003069748 0.001003802 0.108765341 0.003066879 0.999991238 0.002848055 -0.282061905 -0.001012537 -0.002844962 0.999995410 7.856900692
0.999991179 -0.003962771 0.001360843 0.084147230 0.003959151 0.999988616 0.002651828 -0.286431134 -0.001371336 -0.002646417 0.999995530 8.123792648
0.999992430 -0.003650304 0.001366589 0.094194673 0.003646597 0.999989748 0.002705410 -0.294720799 -0.001376451 -0.002700407 0.999995291 8.453615189
0.999991715 -0.003838226 0.001373123 0.099182703 0.003834694 0.999989331 0.002565798 -0.299698263 -0.001382956 -0.002560511 0.999995768 8.790316582
0.999992549 -0.003546519 0.001570123 0.106068835 0.003542706 0.999990821 0.002424493 -0.309940785 -0.001578707 -0.002418912 0.999995768 9.134613037
0.999989688 -0.004501661 0.000632702 0.121796377 0.004500080 0.999986827 0.002477894 -0.321398616 -0.000643848 -0.002475021 0.999996662 9.463921547
0.999992669 -0.003669437 0.001201660 0.119320594 0.003665929 0.999989152 0.002908466 -0.323965609 -0.001212319 -0.002904039 0.999994934 9.828350067
0.999989390 -0.004491278 0.001012574 0.109738082 0.004488369 0.999985874 0.002857149 -0.351187348 -0.001025392 -0.002852574 0.999995410 10.157487869
0.999987841 -0.004865396 0.000815857 0.121844187 0.004862868 0.999983490 0.003073473 -0.361201406 -0.000830797 -0.003069468 0.999994934 10.515445709
0.999986768 -0.005107366 0.000736323 0.125023678 0.005105000 0.999981880 0.003182293 -0.370292544 -0.000752563 -0.003178492 0.999994695 10.897069931
0.999984801 -0.005470790 0.000651957 0.137719035 0.005468343 0.999978244 0.003696570 -0.382889807 -0.000672166 -0.003692949 0.999992967 11.272363663
0.999982357 -0.005935512 0.000325717 0.162805721 0.005934526 0.999978006 0.002949867 -0.384080291 -0.000343218 -0.002947882 0.999995530 11.654428482
0.999983966 -0.005623949 0.000585665 0.170723274 0.005621931 0.999978423 0.003393655 -0.390310466 -0.000604738 -0.003390308 0.999994099 12.074250221
0.999987781 -0.004886382 0.000780267 0.172775373 0.004883386 0.999980927 0.003795826 -0.415831208 -0.000798800 -0.003791969 0.999992549 12.412619591
0.999983668 -0.005696566 0.000517059 0.156275362 0.005694718 0.999977589 0.003509525 -0.426034480 -0.000537039 -0.003506522 0.999993682 12.797010422
0.999984324 -0.005590314 0.000311895 0.170168027 0.005589142 0.999977767 0.003637914 -0.438712597 -0.000332225 -0.003636113 0.999993324 13.184975624
0.999988735 -0.004645819 0.000969981 0.177732646 0.004642047 0.999981821 0.003855548 -0.446473926 -0.000987875 -0.003851002 0.999992132 13.605940819
0.999991536 -0.003925160 0.001182095 0.172460288 0.003919900 0.999982536 0.004419608 -0.458258837 -0.001199422 -0.004414937 0.999989510 14.020709991
0.999988914 -0.004634732 0.000865807 0.173116878 0.004630981 0.999980152 0.004284542 -0.473825455 -0.000885648 -0.004280485 0.999990404 14.445514679
0.999988258 -0.004510378 0.001819741 0.162552163 0.004501446 0.999977946 0.004883599 -0.488213211 -0.001841728 -0.004875350 0.999986410 14.831936836
0.999987781 -0.004545795 0.001945338 0.222791970 0.004535879 0.999976933 0.005071441 -0.517888784 -0.001968346 -0.005062555 0.999985278 15.353359222
0.999974668 -0.006902457 0.001694112 0.207564920 0.006893353 0.999962091 0.005322297 -0.564459443 -0.001730785 -0.005310484 0.999984384 15.704421997
0.999972939 -0.007174486 0.001578994 0.222577959 0.007165988 0.999960184 0.005323917 -0.572362840 -0.001617128 -0.005312458 0.999984562 16.147916794
0.999968112 -0.007866763 0.001335260 0.238022074 0.007860221 0.999957383 0.004837036 -0.577998400 -0.001373255 -0.004826386 0.999987423 16.606328964
0.999974191 -0.006846515 0.002141523 0.239407226 0.006835627 0.999963820 0.005050980 -0.585966647 -0.002176028 -0.005036210 0.999984980 17.065456390
0.999973655 -0.007065967 0.001638238 0.252575099 0.007057797 0.999962926 0.004940175 -0.588179648 -0.001673085 -0.004928483 0.999986470 17.509906769
0.999976873 -0.006154851 0.002896411 0.239774883 0.006137996 0.999964297 0.005792659 -0.620996654 -0.002931961 -0.005774746 0.999979019 17.938989639
0.999972939 -0.006785554 0.002860878 0.258218676 0.006769294 0.999961019 0.005655711 -0.628284156 -0.002899144 -0.005636192 0.999979854 18.413114548
0.999973953 -0.006710229 0.002702644 0.271296382 0.006695493 0.999962866 0.005425066 -0.637495458 -0.002738947 -0.005406828 0.999981642 18.879945755
0.999975681 -0.006366756 0.002856702 0.283744931 0.006349433 0.999961615 0.006032748 -0.654870033 -0.002895002 -0.006014462 0.999977767 19.335424423
0.999978065 -0.005566726 0.003588595 0.287969917 0.005546878 0.999969304 0.005517363 -0.666074872 -0.003619200 -0.005497337 0.999978304 19.891937256
0.999973953 -0.006410848 0.003292082 0.276412159 0.006390792 0.999961138 0.006067127 -0.673179209 -0.003330849 -0.006045930 0.999976158 20.299077988
0.999973714 -0.006655350 0.002879667 0.293776721 0.006637489 0.999958992 0.006168053 -0.690681636 -0.002920599 -0.006148777 0.999976873 20.800731659
0.999976158 -0.006464413 0.002403228 0.309300900 0.006449901 0.999961197 0.005998083 -0.703146219 -0.002441908 -0.005982439 0.999979079 21.322933197
0.999976456 -0.006355119 0.002560555 0.310291737 0.006339969 0.999962628 0.005881989 -0.704263091 -0.002597840 -0.005865617 0.999979377 21.849527359
0.999972403 -0.007186108 0.001877390 0.313555330 0.007174273 0.999954760 0.006236875 -0.713372052 -0.001922124 -0.006223234 0.999978781 22.224914551
0.999975145 -0.006977928 0.000978061 0.313814491 0.006972072 0.999958515 0.005868302 -0.724757969 -0.001018969 -0.005861337 0.999982297 22.740743637
0.999976218 -0.006825551 0.000945415 0.322299123 0.006820668 0.999963820 0.005075469 -0.725951612 -0.000980023 -0.005068900 0.999986649 23.293912888
0.999973357 -0.007274988 0.000442660 0.316681892 0.007272616 0.999960423 0.005140644 -0.737573266 -0.000480041 -0.005137289 0.999986708 23.825746536
0.999976933 -0.006749939 -0.000647755 0.338120222 0.006753299 0.999962926 0.005333709 -0.751010716 0.000611728 -0.005337960 0.999985576 24.294090271
0.999980807 -0.006088794 -0.001102539 0.347988814 0.006095416 0.999962807 0.006106322 -0.762425244 0.001065318 -0.006112926 0.999980807 24.844461441
0.999980330 -0.005945013 -0.001953761 0.351152003 0.005955429 0.999967813 0.005369572 -0.763843119 0.001921776 -0.005381102 0.999983728 25.397666931
0.999977946 -0.006389890 -0.001767932 0.357104421 0.006400512 0.999961138 0.006069463 -0.787019193 0.001729080 -0.006080646 0.999980032 25.918485641
0.999970019 -0.007445240 -0.002128910 0.334708154 0.007458767 0.999951541 0.006417784 -0.810717225 0.002081025 -0.006433471 0.999977052 26.431583405
0.999966025 -0.007761616 -0.002745787 0.344617307 0.007779678 0.999947786 0.006629644 -0.829246461 0.002694187 -0.006650781 0.999974191 26.980062485
0.999977171 -0.006181589 -0.002712625 0.343823016 0.006198860 0.999960244 0.006405116 -0.843871415 0.002672924 -0.006421784 0.999975801 27.552068710
0.999970734 -0.006800453 -0.003518294 0.348145962 0.006823027 0.999955952 0.006444396 -0.845950484 0.003474314 -0.006468213 0.999973059 28.105611801
0.999961138 -0.007524210 -0.004607086 0.371732771 0.007555803 0.999947727 0.006878737 -0.876919031 0.004555089 -0.006913279 0.999965668 28.679658890
0.999964118 -0.007449368 -0.004030270 0.352522850 0.007479902 0.999943018 0.007614847 -0.914190054 0.003973314 -0.007644720 0.999962866 29.024738312
0.999962509 -0.007470092 -0.004375634 0.360770166 0.007505741 0.999938250 0.008187937 -0.925957680 0.004314200 -0.008220473 0.999956846 29.568099976
0.999960542 -0.007496879 -0.004767814 0.401241243 0.007532733 0.999943137 0.007547114 -0.950222731 0.004710963 -0.007582730 0.999960184 30.057044983
0.999964237 -0.006932939 -0.004830421 0.372382045 0.006971305 0.999943852 0.007971371 -0.969162583 0.004774886 -0.008004759 0.999956548 30.592391968
0.999967992 -0.006245813 -0.005008303 0.384396523 0.006288294 0.999944031 0.008511738 -0.987261891 0.004954861 -0.008542959 0.999951184 31.128084183
0.999962807 -0.006982217 -0.005073057 0.401058197 0.007025225 0.999939084 0.008509743 -1.010222197 0.005013331 -0.008545065 0.999950886 31.694890976
0.999960005 -0.007150458 -0.005370797 0.400884628 0.007196258 0.999937475 0.008557169 -1.004533529 0.005309273 -0.008595476 0.999948919 32.221462250
0.999972284 -0.005354602 -0.005167808 0.342749596 0.005393389 0.999957144 0.007521082 -1.014322519 0.005127314 -0.007548745 0.999958277 32.689712524
0.999970555 -0.005596004 -0.005239128 0.340270698 0.005635165 0.999956012 0.007489944 -1.025679588 0.005196984 -0.007519246 0.999958217 33.251033783
0.999972165 -0.005194049 -0.005338877 0.355939567 0.005234149 0.999957919 0.007524668 -1.031497121 0.005299569 -0.007552403 0.999957442 33.812938690
0.999971390 -0.005349977 -0.005330774 0.345460683 0.005389539 0.999957800 0.007434940 -1.047367573 0.005290771 -0.007463458 0.999958158 34.351242065
0.999962151 -0.006243743 -0.006063333 0.365303636 0.006289550 0.999951601 0.007565162 -1.063177586 0.006015804 -0.007603011 0.999952912 34.813598633
0.999967813 -0.005641101 -0.005712734 0.356604666 0.005685553 0.999953389 0.007795085 -1.080268025 0.005668495 -0.007827314 0.999953210 35.366069794
0.999967992 -0.005301889 -0.005993757 0.379862309 0.005344344 0.999960542 0.007089623 -1.078601003 0.005955933 -0.007121428 0.999956906 35.944355011
0.999966979 -0.005378734 -0.006095140 0.392345935 0.005427253 0.999953449 0.007972025 -1.108340859 0.006051977 -0.008004841 0.999949634 36.469894409
0.999952972 -0.007018912 -0.006700564 0.392212451 0.007070606 0.999945223 0.007722734 -1.113154650 0.006645990 -0.007769749 0.999947667 36.973411560
0.999963343 -0.005788832 -0.006322194 0.394835472 0.005840425 0.999949574 0.008172880 -1.128888965 0.006274564 -0.008209503 0.999946654 37.546810150
0.999960244 -0.006119637 -0.006486971 0.413841486 0.006167561 0.999953628 0.007393587 -1.131998301 0.006441424 -0.007433303 0.999951601 38.121543884
0.999958336 -0.006227291 -0.006663783 0.380019575 0.006286580 0.999940515 0.008913693 -1.165845156 0.006607878 -0.008955214 0.999938071 38.397502899
0.999954045 -0.006223246 -0.007280443 0.408959597 0.006287433 0.999941170 0.008827059 -1.177420735 0.007225081 -0.008872427 0.999934494 38.938442230
0.999948084 -0.006676712 -0.007704394 0.429793924 0.006745774 0.999936998 0.008973131 -1.191138506 0.007643999 -0.009024637 0.999930084 39.505104065
0.999946833 -0.006772633 -0.007767756 0.442689359 0.006849835 0.999926984 0.009955590 -1.243380070 0.007699760 -0.010008268 0.999920309 40.087718964
0.999967635 -0.005072747 -0.006238176 0.422093391 0.005121589 0.999956191 0.007838516 -1.199220657 0.006198138 -0.007870211 0.999949813 40.650482178
0.999961019 -0.005734450 -0.006712830 0.429794312 0.005795273 0.999942064 0.009076674 -1.219020605 0.006660391 -0.009115223 0.999936283 41.179031372
0.999961674 -0.005012757 -0.007189583 0.474771559 0.005070697 0.999954641 0.008063386 -1.231296539 0.007148837 -0.008099532 0.999941647 41.793354034
0.999944806 -0.006811390 -0.008003891 0.421190768 0.006874138 0.999945641 0.007838359 -1.211557865 0.007950066 -0.007892945 0.999937236 42.205078125
0.999958575 -0.005708700 -0.007105606 0.399819642 0.005772144 0.999943376 0.008940440 -1.261234760 0.007054166 -0.008981083 0.999934793 42.563896179
0.999956310 -0.005856670 -0.007281222 0.403298646 0.005921962 0.999942124 0.008978111 -1.275415778 0.007228218 -0.009020837 0.999933183 43.098651886
0.999951065 -0.006204011 -0.007702888 0.416618139 0.006263660 0.999950409 0.007743952 -1.268564582 0.007654462 -0.007791821 0.999940276 43.650463104
0.999952853 -0.005485652 -0.008009548 0.436875999 0.005543286 0.999958813 0.007191414 -1.262464643 0.007969769 -0.007235475 0.999942064 44.194782257
0.999962509 -0.004565405 -0.007353707 0.445734173 0.004614547 0.999967098 0.006679598 -1.272745371 0.007322969 -0.006713282 0.999950647 44.721378326
0.999961078 -0.005360899 -0.007008943 0.412878901 0.005423180 0.999945700 0.008897402 -1.335926890 0.006960863 -0.008935068 0.999935806 45.171321869
0.999963462 -0.005205707 -0.006785608 0.419208258 0.005266315 0.999946117 0.008944728 -1.353564858 0.006738679 -0.008980136 0.999936938 45.702590942
0.999964476 -0.004569226 -0.007078657 0.418162018 0.004627074 0.999955833 0.008177385 -1.348540306 0.007040982 -0.008209847 0.999941528 46.270481110
0.999967098 -0.004641784 -0.006645097 0.405408591 0.004694264 0.999957800 0.007903876 -1.357473135 0.006608129 -0.007934811 0.999946773 46.816055298
0.999962509 -0.005225863 -0.006906666 0.441201597 0.005282641 0.999952197 0.008228198 -1.362851143 0.006863337 -0.008264375 0.999942303 47.297920227
0.999959469 -0.005566969 -0.007095762 0.427704424 0.005630346 0.999944150 0.008943154 -1.394103646 0.007045577 -0.008982741 0.999934852 47.723899841
0.999959171 -0.005631576 -0.007070899 0.437602758 0.005691214 0.999948144 0.008442556 -1.400361896 0.007022987 -0.008482453 0.999939322 48.275081635
0.999948680 -0.006634581 -0.007663322 0.449664593 0.006695908 0.999945581 0.008005016 -1.408988118 0.007609793 -0.008055919 0.999938548 48.832988739
0.999954581 -0.006144565 -0.007297174 0.463667005 0.006201101 0.999950707 0.007750360 -1.411566615 0.007249191 -0.007795257 0.999943376 49.400146484
0.999960721 -0.005081068 -0.007263178 0.448404312 0.005148998 0.999942899 0.009364858 -1.440644741 0.007215181 -0.009401889 0.999929726 49.697914124
0.999961257 -0.004827744 -0.007363706 0.444484532 0.004897060 0.999943674 0.009424437 -1.448979974 0.007317792 -0.009460133 0.999928415 50.242134094
0.999959230 -0.005315701 -0.007292633 0.468528718 0.005378467 0.999948442 0.008614486 -1.459769845 0.007246464 -0.008653359 0.999936283 50.783767700
0.999966502 -0.004866374 -0.006586659 0.467989117 0.004922697 0.999951243 0.008562099 -1.457248688 0.006544671 -0.008594236 0.999941707 51.327243805
0.999958694 -0.005760735 -0.007028342 0.452075034 0.005827249 0.999938011 0.009480054 -1.492345929 0.006973295 -0.009520618 0.999930382 51.730304718
0.999965429 -0.005062399 -0.006600782 0.459549248 0.005126163 0.999939978 0.009679054 -1.505198956 0.006551388 -0.009712555 0.999931395 52.256275177
0.999965429 -0.005261635 -0.006437798 0.429901242 0.005321856 0.999941885 0.009373252 -1.507674694 0.006388107 -0.009407190 0.999935389 52.762531281
0.999960721 -0.005506020 -0.006942264 0.453706503 0.005570145 0.999941647 0.009251839 -1.537142992 0.006890918 -0.009290146 0.999933124 53.266895294
0.999961793 -0.004747699 -0.007336786 0.491257787 0.004805629 0.999957204 0.007898455 -1.503131032 0.007298973 -0.007933412 0.999941885 53.882915497
0.999961436 -0.005520381 -0.006827222 0.447884828 0.005585265 0.999939084 0.009521478 -1.535014868 0.006774243 -0.009559243 0.999931335 54.187252045
0.999960482 -0.005924920 -0.006621802 0.454144031 0.005986114 0.999939263 0.009260091 -1.549944639 0.006566535 -0.009299366 0.999935150 54.730739594
0.999963582 -0.005620597 -0.006422660 0.443616360 0.005680057 0.999940813 0.009277428 -1.565946817 0.006370136 -0.009313569 0.999936283 55.216674805
0.999962986 -0.005795610 -0.006357184 0.463462293 0.005851978 0.999943435 0.008884233 -1.570552230 0.006305334 -0.008921106 0.999940336 55.775878906
0.999961674 -0.006330481 -0.006053166 0.456592739 0.006388881 0.999932826 0.009677715 -1.589126825 0.005991494 -0.009716018 0.999934793 56.329452515
0.999960661 -0.006466539 -0.006068163 0.453283310 0.006523580 0.999934256 0.009427901 -1.600173473 0.006006796 -0.009467117 0.999937117 56.791145325
0.999954462 -0.006621338 -0.006875825 0.452653885 0.006682002 0.999938607 0.008837658 -1.591029286 0.006816888 -0.008883200 0.999937296 57.148265839
0.999957085 -0.006214086 -0.006873181 0.464584619 0.006280288 0.999933660 0.009652679 -1.611186743 0.006812741 -0.009695430 0.999929726 57.699802399
0.999956012 -0.006423407 -0.006835384 0.473263115 0.006485661 0.999937296 0.009124704 -1.602104545 0.006776344 -0.009168635 0.999934971 58.254138947
0.999952197 -0.007135690 -0.006678259 0.488558173 0.007189638 0.999941409 0.008089309 -1.609061003 0.006620144 -0.008136936 0.999944925 58.795326233
0.999946833 -0.007124402 -0.007466891 0.496424675 0.007193956 0.999930620 0.009329821 -1.637264848 0.007399900 -0.009383041 0.999928594 59.175876617
0.999949813 -0.006813710 -0.007338279 0.493609935 0.006884413 0.999929786 0.009653157 -1.652337313 0.007271989 -0.009703192 0.999926507 59.715911865
0.999950290 -0.007090282 -0.007008461 0.505867839 0.007148179 0.999940276 0.008270915 -1.650337696 0.006949399 -0.008320603 0.999941230 60.255874634
0.999957740 -0.006684164 -0.006306783 0.485468358 0.006737479 0.999941468 0.008470820 -1.644413471 0.006249794 -0.008512954 0.999944210 60.758575439
0.999949038 -0.007207951 -0.007067415 0.479970813 0.007274730 0.999928713 0.009469164 -1.694075346 0.006998657 -0.009520095 0.999930203 61.223968506
0.999954522 -0.006426988 -0.007038834 0.486296117 0.006493124 0.999934673 0.009413901 -1.699262381 0.006977871 -0.009459178 0.999930918 61.780475616
0.999943435 -0.007547141 -0.007495859 0.495094985 0.007612974 0.999932408 0.008793380 -1.695593119 0.007428986 -0.008849949 0.999933243 62.286533356
0.999948442 -0.007064822 -0.007290578 0.495440096 0.007126731 0.999938488 0.008500939 -1.727126122 0.007230071 -0.008552458 0.999937236 62.838272095
0.999945641 -0.007490433 -0.007256734 0.495102376 0.007559906 0.999925375 0.009593907 -1.733435631 0.007184329 -0.009648247 0.999927580 63.245067596
0.999949992 -0.007087573 -0.007052370 0.514773726 0.007156302 0.999926627 0.009768371 -1.755117416 0.006982620 -0.009818354 0.999927402 63.766990662
0.999951661 -0.007130574 -0.006764101 0.509376049 0.007189452 0.999936044 0.008720477 -1.750682831 0.006701488 -0.008768687 0.999939084 64.323959351
0.999955297 -0.007159645 -0.006170281 0.515729845 0.007212000 0.999937773 0.008504747 -1.745951176 0.006109007 -0.008548867 0.999944806 64.866477966
0.999956310 -0.006569751 -0.006642886 0.535001874 0.006620898 0.999948323 0.007707089 -1.736508250 0.006591910 -0.007750736 0.999948204 65.383361816
0.999935627 -0.008337652 -0.007698123 0.510114551 0.008409861 0.999920487 0.009395806 -1.780709267 0.007619172 -0.009459943 0.999926150 65.756828308
0.999939024 -0.008106201 -0.007491908 0.499306142 0.008178410 0.999919891 0.009658573 -1.800211549 0.007413014 -0.009719258 0.999925256 66.311958313
0.999946654 -0.007034610 -0.007568568 0.529275119 0.007099263 0.999938250 0.008549755 -1.804829240 0.007507956 -0.008603030 0.999934793 66.807540894
0.999916613 -0.009664897 -0.008566397 0.526057243 0.009733943 0.999920130 0.008055485 -1.790569544 0.008487858 -0.008138198 0.999930859 67.345634460
0.999941170 -0.007951996 -0.007365151 0.533088326 0.008020038 0.999925137 0.009255485 -1.823269248 0.007291001 -0.009314012 0.999929965 67.723526001
0.999936044 -0.007940755 -0.008050564 0.559249401 0.008011486 0.999929249 0.008791977 -1.836447477 0.007980181 -0.008855912 0.999928832 68.272781372
0.999952018 -0.007036674 -0.006810399 0.534135282 0.007094965 0.999938130 0.008573029 -1.844287395 0.006749653 -0.008620937 0.999940097 68.818161011
0.999943018 -0.007875945 -0.007207576 0.527341247 0.007942144 0.999926090 0.009202410 -1.861662149 0.007134567 -0.009259129 0.999931633 69.264205933
0.999949038 -0.007301996 -0.006980131 0.530542374 0.007366081 0.999930501 0.009199822 -1.873059988 0.006912469 -0.009250768 0.999933302 69.824623108
0.999956310 -0.006502227 -0.006724368 0.536259711 0.006562232 0.999938488 0.008940247 -1.878606319 0.006665824 -0.008983983 0.999937415 70.372138977
0.999948978 -0.007269160 -0.007013898 0.552011073 0.007331812 0.999933064 0.008948481 -1.887055159 0.006948381 -0.008999448 0.999935389 70.891174316
0.999948323 -0.007635573 -0.006702205 0.529266834 0.007697959 0.999926746 0.009332346 -1.902481556 0.006630458 -0.009383457 0.999934018 71.324501038
0.999946773 -0.007813806 -0.006742922 0.535903811 0.007872437 0.999931037 0.008712973 -1.906931877 0.006674377 -0.008765593 0.999939322 71.867614746
0.999951959 -0.007206857 -0.006644171 0.521224022 0.007263453 0.999937177 0.008533763 -1.913754225 0.006582250 -0.008581612 0.999941528 72.387145996
0.999934852 -0.008572688 -0.007548954 0.566650450 0.008635563 0.999927998 0.008336119 -1.920981169 0.007476949 -0.008400766 0.999936759 72.902259827
0.999939680 -0.008475029 -0.006975951 0.563274205 0.008536260 0.999924898 0.008795064 -1.920769930 0.006900888 -0.008854084 0.999936938 73.320449829
0.999936879 -0.008476926 -0.007372593 0.567698359 0.008540987 0.999925673 0.008701497 -1.938821793 0.007298283 -0.008763916 0.999934971 73.845100403
0.999929547 -0.009143123 -0.007570003 0.563585877 0.009212272 0.999915719 0.009150648 -1.946287632 0.007485701 -0.009219740 0.999929428 74.382652283
0.999927223 -0.009559492 -0.007345205 0.556367159 0.009615384 0.999924898 0.007612282 -1.920995712 0.007271882 -0.007682357 0.999944031 74.901275635
0.999945223 -0.007976626 -0.006778454 0.557642460 0.008038635 0.999925554 0.009170452 -1.956734180 0.006704797 -0.009224439 0.999934971 75.340087891
0.999945223 -0.008125336 -0.006591011 0.562059343 0.008185416 0.999924719 0.009140401 -1.966914654 0.006516245 -0.009193852 0.999936461 75.901153564
0.999938369 -0.008408203 -0.007244681 0.607084095 0.008468572 0.999929309 0.008343127 -1.973928452 0.007174018 -0.008403964 0.999938905 76.458793640
0.999958456 -0.007551919 -0.005087544 0.557727396 0.007596672 0.999932051 0.008835308 -1.984841347 0.005020476 -0.008873589 0.999948025 76.929443359
0.999964774 -0.007360334 -0.004018914 0.566124737 0.007393145 0.999939024 0.008211457 -1.993127584 0.003958229 -0.008240880 0.999958277 77.481506348
0.999964952 -0.007744392 -0.003185234 0.579451144 0.007770450 0.999935806 0.008251224 -2.007339716 0.003121130 -0.008275684 0.999960840 78.014633179
0.999970973 -0.007471790 -0.001461717 0.575110257 0.007484969 0.999929309 0.009229334 -2.010996819 0.001392654 -0.009240006 0.999956369 78.456176758
0.999971747 -0.007434302 0.001089937 0.593377471 0.007424626 0.999935150 0.008627895 -2.025544643 -0.001154008 -0.008619559 0.999962270 78.998779297
0.999965787 -0.006941359 0.004494064 0.606354117 0.006900093 0.999934494 0.009133657 -2.042599678 -0.004557170 -0.009102334 0.999948204 79.560394287
0.999937475 -0.007230477 0.008527461 0.600314319 0.007152164 0.999932289 0.009178626 -2.020368099 -0.008593250 -0.009117062 0.999921441 80.048286438
0.999893606 -0.007416555 0.012552481 0.635781407 0.007302397 0.999931812 0.009115972 -2.032844067 -0.012619234 -0.009023341 0.999879658 80.589599609
0.999797881 -0.006987246 0.018854626 0.643672109 0.006821040 0.999937475 0.008865043 -2.034694195 -0.018915389 -0.008734642 0.999782920 81.145812988
0.999663055 -0.006925556 0.025016379 0.701118112 0.006698251 0.999935627 0.009158597 -2.047163010 -0.025078196 -0.008987945 0.999645114 81.660987854
0.999498010 -0.006929181 0.030915253 0.695869088 0.006635435 0.999931931 0.009594133 -2.070914507 -0.030979626 -0.009384181 0.999475896 82.162025452
0.999215007 -0.007194687 0.038954891 0.752382755 0.006818396 0.999928892 0.009783897 -2.075994015 -0.039022513 -0.009510607 0.999193013 82.720642090
0.998872757 -0.006674655 0.046998683 0.759731531 0.006210806 0.999930620 0.010008562 -2.088654280 -0.047062229 -0.009705379 0.998844743 83.195526123
0.998485506 -0.006152552 0.054670319 0.802132130 0.005633753 0.999937594 0.009638635 -2.093827486 -0.054726209 -0.009316040 0.998457909 83.751708984
0.997952878 -0.006951809 0.063575082 0.851657867 0.006366367 0.999935448 0.009406644 -2.100260735 -0.063636377 -0.008982645 0.997932673 84.254241943
0.997255325 -0.006568736 0.073746398 0.916359901 0.005955221 0.999945819 0.008536071 -2.092965603 -0.073798478 -0.008073466 0.997240424 84.876953125
0.996631205 -0.008038961 0.081619054 0.963888645 0.007287151 0.999928296 0.009504914 -2.121184826 -0.081689619 -0.008878124 0.996618211 85.348457336
0.995954633 -0.008530051 0.089452386 1.041364193 0.007717137 0.999925733 0.009429599 -2.134699583 -0.089526191 -0.008701134 0.995946467 85.875083923
0.994942665 -0.007702107 0.100148894 1.116367340 0.006722770 0.999926269 0.010112620 -2.149851799 -0.100219391 -0.009388198 0.994921148 86.418609619
0.993860960 -0.007755160 0.110364929 1.234596252 0.006686171 0.999927104 0.010052744 -2.175071001 -0.110434860 -0.009253111 0.993840277 86.950996399
0.992964685 -0.009527789 0.118026704 1.318009377 0.008335028 0.999909222 0.010595346 -2.219563723 -0.118116930 -0.009537051 0.992953897 87.328880310
0.991382480 -0.007835903 0.130764484 1.345671654 0.006597755 0.999929249 0.009899088 -2.149399757 -0.130832836 -0.008951031 0.991364062 88.004333496
0.989653826 -0.008273772 0.143236935 1.443673134 0.006983597 0.999930382 0.009507699 -2.155872107 -0.143305629 -0.008409021 0.989642739 88.553138733
0.987992346 -0.008562704 0.154265136 1.556124687 0.007193937 0.999929667 0.009428874 -2.168794870 -0.154335022 -0.008205882 0.987984478 89.084335327
0.986447334 -0.008729966 0.163845494 1.664384842 0.007162850 0.999922872 0.010152961 -2.181012154 -0.163921490 -0.008841763 0.986433744 89.639152527
0.984388709 -0.008487758 0.175803289 1.790785789 0.006708161 0.999920070 0.010714490 -2.204349041 -0.175880194 -0.009367907 0.984367013 90.166534424
0.982161164 -0.009420039 0.187804535 1.877813339 0.007640174 0.999918818 0.010198858 -2.183575630 -0.187885314 -0.008582064 0.982153475 90.667701721
0.980008185 -0.009710299 0.198719651 2.007186890 0.007830064 0.999916852 0.010245416 -2.192897320 -0.198802620 -0.008484604 0.980002820 91.203071594
0.977329135 -0.010001726 0.211488917 2.148250580 0.007921837 0.999911606 0.010679515 -2.203564644 -0.211577028 -0.008762022 0.977322102 91.739776611
0.973961830 -0.009514317 0.226512179 2.273893356 0.007341564 0.999918640 0.010432727 -2.209165335 -0.226593003 -0.008498125 0.973952472 92.236228943
0.971297741 -0.009529489 0.237675965 2.415393829 0.007160783 0.999915719 0.010827489 -2.211611986 -0.237759128 -0.008814771 0.971284091 92.780647278
0.968441427 -0.010610122 0.249015316 2.594488144 0.008138596 0.999906898 0.010952662 -2.225770950 -0.249108374 -0.008580375 0.968437672 93.281921387
0.964681268 -0.010670737 0.263203561 2.766878128 0.007911460 0.999902070 0.011541089 -2.245502949 -0.263300955 -0.009051148 0.964671373 93.785789490
0.961000025 -0.009473918 0.276385665 2.946733475 0.006567727 0.999912918 0.011438751 -2.253700256 -0.276470006 -0.009177415 0.960978746 94.312904358
0.958244741 -0.011710097 0.285709620 3.140979767 0.008589868 0.999888957 0.012171807 -2.285051823 -0.285820454 -0.009209361 0.958239019 94.791183472
0.953377485 -0.011164887 0.301573664 3.265850067 0.008036386 0.999900222 0.011612631 -2.257913828 -0.301673323 -0.008647661 0.953372061 95.395744324
0.948577702 -0.010605877 0.316366434 3.457904816 0.007000525 0.999897003 0.012530535 -2.275529385 -0.316466749 -0.009671457 0.948554218 95.915985107
0.944819868 -0.011666231 0.327382356 3.656576157 0.008239499 0.999895871 0.011852116 -2.277040005 -0.327486515 -0.008500651 0.944817603 96.417190552
0.940454960 -0.011006063 0.339740098 3.858688354 0.007455933 0.999903142 0.011753182 -2.285017014 -0.339836508 -0.008520258 0.940445840 96.927230835
0.935052097 -0.010392009 0.354357988 4.083366394 0.006412654 0.999902546 0.012402234 -2.305793285 -0.354452312 -0.009324361 0.935027540 97.453155518
0.930068135 -0.010558095 0.367235124 4.283142090 0.006481534 0.999903023 0.012332157 -2.323239803 -0.367329687 -0.009089501 0.930046320 97.974037170
0.925885737 -0.012181096 0.377607197 4.588462830 0.008139844 0.999891222 0.012296394 -2.305763721 -0.377715915 -0.008311391 0.925884247 98.610855103
0.919944346 -0.011669861 0.391875416 4.827154160 0.007613575 0.999900162 0.011903358 -2.305645943 -0.391975164 -0.007966851 0.919941306 99.123748779
0.914240360 -0.012662173 0.404974520 5.083366394 0.008569187 0.999892294 0.011918065 -2.314846516 -0.405081838 -0.007425674 0.914250314 99.616760254
0.909730136 -0.013657713 0.414975375 5.320232391 0.009428879 0.999880672 0.012237706 -2.334511280 -0.415092975 -0.007220258 0.909750402 100.056625366
0.904467404 -0.014767589 0.426287144 5.590122223 0.010235289 0.999864161 0.012921100 -2.345255375 -0.426420093 -0.007323540 0.904495597 100.571762085
0.897304058 -0.014168733 0.441185594 5.807285309 0.009293993 0.999869645 0.013208380 -2.354471922 -0.441315204 -0.007751556 0.897318721 101.055099487
0.891825616 -0.015147654 0.452125907 6.161220551 0.010278626 0.999859750 0.013223724 -2.384150982 -0.452262819 -0.007146022 0.891856194 101.580841064
0.885019958 -0.012240976 0.465392172 6.318805695 0.007456035 0.999898672 0.012120954 -2.286658764 -0.465493351 -0.007257305 0.885021627 102.093345642
0.877736092 -0.012043986 0.478992969 6.604019165 0.007314967 0.999904335 0.011737591 -2.293745041 -0.479088515 -0.006798688 0.877740383 102.570388794
0.870903075 -0.012235797 0.491302401 6.905326843 0.007122943 0.999899268 0.012275880 -2.314268827 -0.491403073 -0.007191585 0.870902538 103.044921875
0.864550531 -0.011887676 0.502405286 7.199512482 0.006494686 0.999901056 0.012482978 -2.309223652 -0.502503872 -0.007529201 0.864542127 103.538757324
