1.000000000 0.000000000 0.000000000 0.000000000 0.000000000 1.000000000 0.000000000 0.000000000 0.000000000 0.000000000 1.000000000 0.000000000
1.000000000 0.000021063 -0.000014380 0.000382500 -0.000021063 1.000000000 0.000009910 0.000244747 0.000014380 -0.000009909 1.000000000 0.000161723
1.000000000 0.000028608 0.000091013 -0.000439973 -0.000028612 1.000000000 0.000044719 0.000211747 -0.000091011 -0.000044722 1.000000000 0.000267484
1.000000000 -0.000094161 -0.000012235 0.000950420 0.000094161 1.000000000 -0.000012086 0.000399060 0.000012236 0.000012085 1.000000000 0.000055153
1.000000000 0.000041471 0.000083842 -0.000205212 -0.000041474 1.000000000 0.000028929 0.000264192 -0.000083841 -0.000028933 1.000000000 0.000648929
1.000000000 0.000089368 0.000003467 0.000180514 -0.000089368 1.000000000 -0.000051909 0.000767879 -0.000003472 0.000051909 1.000000000 -0.000469200
1.000000000 0.000001333 0.000064908 0.000248639 -0.000001335 1.000000000 0.000030564 -0.000119771 -0.000064908 -0.000030564 1.000000000 0.000376815
1.000000000 0.000097637 0.000026907 -0.000285889 -0.000097639 1.000000000 0.000067456 0.000508792 -0.000026901 -0.000067459 1.000000000 0.000060114
1.000000000 0.000133699 0.000055612 0.000269641 -0.000133702 1.000000000 0.000058095 0.000357219 -0.000055604 -0.000058102 1.000000000 0.001232520
1.000000000 0.000149687 0.000019266 0.000098420 -0.000149687 1.000000000 -0.000014705 0.000293011 -0.000019268 0.000014703 1.000000000 -0.000420793
1.000000000 0.000047529 0.000049943 -0.000591262 -0.000047530 1.000000000 0.000010619 0.000516515 -0.000049942 -0.000010622 1.000000000 0.000001191
1.000000000 0.000111894 0.000051005 -0.001147416 -0.000111890 1.000000000 -0.000081621 0.001484186 -0.000051014 0.000081616 1.000000000 0.000770657
1.000000000 0.000071088 0.000084790 -0.000733359 -0.000071089 1.000000000 0.000008329 0.001112921 -0.000084789 -0.000008335 1.000000000 0.000686828
1.000000000 0.000166674 0.000138538 -0.001575948 -0.000166670 1.000000000 -0.000027732 0.001602503 -0.000138542 0.000027709 1.000000000 0.001532629
0.999999940 0.000217982 0.000110582 -0.001917307 -0.000217974 1.000000000 -0.000070453 0.001518109 -0.000110598 0.000070429 1.000000000 0.001014778
0.999999940 0.000249560 0.000104116 -0.001509161 -0.000249555 0.999999940 -0.000044404 0.001957824 -0.000104127 0.000044378 1.000000000 0.000748785
0.999999940 0.000238182 0.000119282 -0.001748509 -0.000238172 0.999999940 -0.000087405 0.001958306 -0.000119302 0.000087377 1.000000000 0.001561311
1.000000000 0.000198966 0.000140940 -0.002040696 -0.000198967 1.000000000 0.000005704 0.001259034 -0.000140938 -0.000005732 1.000000000 0.001448242
1.000000000 0.000206736 0.000060531 -0.001274788 -0.000206738 1.000000000 0.000049352 0.001341105 -0.000060521 -0.000049365 1.000000000 0.001080149
1.000000000 0.000095850 0.000152558 -0.001709478 -0.000095843 1.000000000 -0.000047121 0.001521179 -0.000152563 0.000047107 1.000000000 0.000930684
1.000000000 0.000163348 0.000128324 -0.001554809 -0.000163351 1.000000000 0.000017773 0.001634499 -0.000128321 -0.000017794 1.000000000 0.001740742
0.999999940 0.000241896 0.000099215 -0.001657380 -0.000241894 1.000000000 -0.000020638 0.002090725 -0.000099220 0.000020614 1.000000000 0.001214317
0.999999940 0.000202392 0.000201637 -0.001675553 -0.000202387 1.000000000 -0.000022933 0.001375010 -0.000201642 0.000022892 1.000000000 0.001065321
1.000000000 0.000091286 0.000143553 -0.001917141 -0.000091290 1.000000000 0.000025236 0.001584291 -0.000143551 -0.000025250 1.000000000 0.001085937
1.000000000 0.000127730 0.000136666 -0.001615629 -0.000127729 1.000000000 -0.000013291 0.001397922 -0.000136668 0.000013273 1.000000000 0.001655577
1.000000000 0.000141033 0.000056451 -0.001771465 -0.000141032 1.000000000 -0.000017156 0.001424893 -0.000056454 0.000017148 1.000000000 -0.000057133
1.000000000 0.000123332 0.000092523 -0.001268978 -0.000123339 1.000000000 0.000074788 0.000910068 -0.000092513 -0.000074799 1.000000000 0.000385707
1.000000000 0.000077612 0.000168705 -0.000899051 -0.000077622 1.000000000 0.000059058 0.000697784 -0.000168700 -0.000059071 1.000000000 0.000897146
1.000000000 -0.000008936 0.000179693 -0.001040116 0.000008943 1.000000000 -0.000037624 0.001901653 -0.000179693 0.000037625 1.000000000 0.002321290
1.000000000 0.000185891 0.000128103 -0.001307283 -0.000185883 1.000000000 -0.000061420 0.001640485 -0.000128115 0.000061396 1.000000000 0.001779227
0.999999940 0.000271100 0.000194214 -0.001612769 -0.000271107 0.999999940 0.000039080 0.000704658 -0.000194204 -0.000039133 1.000000000 -0.000084861
1.000000000 0.000194082 0.000142253 -0.001310080 -0.000194079 1.000000000 -0.000021479 0.001177057 -0.000142258 0.000021452 1.000000000 0.000648176
1.000000000 0.000198573 0.000118306 -0.000298128 -0.000198571 1.000000000 -0.000021534 0.000294562 -0.000118310 0.000021511 1.000000000 0.000061234
1.000000000 0.000140589 0.000136709 -0.001797487 -0.000140591 1.000000000 0.000012745 0.001479797 -0.000136707 -0.000012765 1.000000000 0.001283327
1.000000000 0.000046577 0.000086130 -0.001079915 -0.000046572 1.000000000 -0.000049511 0.001920364 -0.000086132 0.000049507 1.000000000 0.001980885
1.000000000 0.000182359 0.000143295 -0.001306564 -0.000182357 1.000000000 -0.000010654 0.001082296 -0.000143297 0.000010628 1.000000000 0.001217855
1.000000000 0.000052716 0.000092270 0.000613235 -0.000052714 1.000000000 -0.000027907 0.001808276 -0.000092271 0.000027902 1.000000000 0.001494017
1.000000000 0.000065904 0.000085701 -0.000299812 -0.000065891 1.000000000 -0.000147393 0.002011733 -0.000085711 0.000147388 1.000000000 0.002396554
0.999999940 0.000269346 0.000259230 -0.001574229 -0.000269202 0.999999821 -0.000554403 -0.003324012 -0.000259380 0.000554333 0.999999821 0.047818303
0.999999940 0.000286731 0.000252165 0.000079726 -0.000286430 0.999999225 -0.001190873 -0.004008966 -0.000252507 0.001190800 0.999999285 0.139451578
0.999999881 0.000318081 -0.000434013 0.002190509 -0.000318433 0.999999642 -0.000812857 -0.013266359 0.000433754 0.000812995 0.999999583 0.246162519
0.999999881 0.000411520 -0.000485201 0.005023842 -0.000411907 0.999999642 -0.000797732 -0.016745780 0.000484872 0.000797931 0.999999583 0.376542687
0.999999940 0.000264278 -0.000072886 0.007994547 -0.000264343 0.999999583 -0.000895579 -0.017645912 0.000072649 0.000895598 0.999999583 0.516047180
0.999999881 0.000126311 0.000063617 0.010881511 -0.000126265 0.999999762 -0.000728110 -0.023224987 -0.000063709 0.000728102 0.999999702 0.667179704
1.000000000 0.000004484 -0.000106952 0.017575419 -0.000004544 0.999999821 -0.000562215 -0.028156826 0.000106950 0.000562216 0.999999821 0.827750862
1.000000000 -0.000077241 -0.000045066 0.018702656 0.000077220 0.999999881 -0.000458763 -0.033567987 0.000045102 0.000458760 0.999999821 0.997305632
0.999999881 0.000453387 -0.000148765 0.025360875 -0.000453473 0.999999702 -0.000580166 -0.038109366 0.000148502 0.000580234 0.999999821 1.176618099
0.999999881 0.000345943 0.000035008 0.027003927 -0.000345945 0.999999940 0.000046362 -0.046669949 -0.000034992 -0.000046374 1.000000000 1.358363390
1.000000000 0.000118333 -0.000084860 0.030702136 -0.000118320 1.000000000 0.000144863 -0.052748255 0.000084877 -0.000144853 1.000000000 1.547367573
1.000000000 0.000152673 -0.000061998 0.033686858 -0.000152643 0.999999881 0.000475751 -0.061645363 0.000062071 -0.000475741 0.999999881 1.745329499
0.999999464 0.000927489 0.000212606 0.032624859 -0.000927515 0.999999523 0.000125542 -0.059874021 -0.000212489 -0.000125739 0.999999940 1.940284133
0.999999821 0.000766726 0.000060308 0.039347727 -0.000766749 0.999999642 0.000391438 -0.071520478 -0.000060008 -0.000391484 0.999999881 2.143021584
0.999999762 0.000628798 0.000165735 0.044937845 -0.000628854 0.999999762 0.000336485 -0.073235713 -0.000165524 -0.000336590 0.999999881 2.366352797
0.999999642 0.000666830 0.000307462 0.047758568 -0.000666918 0.999999762 0.000288821 -0.081152968 -0.000307269 -0.000289026 0.999999881 2.579845428
0.999999762 0.000730226 0.000355556 0.051958829 -0.000730348 0.999999642 0.000342753 -0.087765723 -0.000355306 -0.000343012 0.999999881 2.811324835
0.999999404 0.000906739 0.000702409 0.054020725 -0.000906931 0.999999583 0.000273355 -0.091269135 -0.000702161 -0.000273991 0.999999702 3.045701265
0.999999404 0.000956245 0.000481322 0.060041435 -0.000956528 0.999999344 0.000587601 -0.101511374 -0.000480760 -0.000588061 0.999999702 3.282056808
0.999999285 0.000947616 0.000730152 0.063440956 -0.000947943 0.999999404 0.000446487 -0.107482158 -0.000729728 -0.000447179 0.999999583 3.527175903
0.999999106 0.001076966 0.000790648 0.066276245 -0.001077326 0.999999344 0.000455694 -0.114111334 -0.000790156 -0.000456545 0.999999583 3.779204130
0.999999106 0.001117697 0.000765741 0.073010102 -0.001118049 0.999999225 0.000458675 -0.121523917 -0.000765228 -0.000459530 0.999999583 4.030616283
0.999999225 0.000712837 0.001047877 0.080013447 -0.000713196 0.999999702 0.000342414 -0.124388233 -0.001047633 -0.000343161 0.999999404 4.292006493
0.999998629 0.001301518 0.001034462 0.084425934 -0.001302003 0.999999046 0.000468940 -0.134193853 -0.001033851 -0.000470286 0.999999344 4.540988922
0.999998450 0.001313647 0.001153893 0.088882297 -0.001313902 0.999999046 0.000220355 -0.139093190 -0.001153603 -0.000221870 0.999999285 4.796257496
0.999997973 0.001556121 0.001231771 0.095550716 -0.001556547 0.999998748 0.000344837 -0.145745605 -0.001231233 -0.000346753 0.999999166 5.054556847
0.999996662 0.001948395 0.001756765 0.095567793 -0.001949235 0.999997973 0.000476469 -0.154746890 -0.001755833 -0.000479892 0.999998271 5.315515041
0.999996424 0.002118606 0.001635577 0.101034574 -0.002119733 0.999997437 0.000688148 -0.164722547 -0.001634115 -0.000691613 0.999998450 5.579700470
0.999996781 0.001891484 0.001684462 0.102928683 -0.001892747 0.999997914 0.000748437 -0.172445491 -0.001683043 -0.000751623 0.999998271 5.850582123
0.999996245 0.002074775 0.001762906 0.109731540 -0.002075649 0.999997675 0.000493788 -0.179575562 -0.001761877 -0.000497445 0.999998331 6.131299019
0.999996245 0.002108241 0.001772260 0.115548790 -0.002109118 0.999997675 0.000493149 -0.186905429 -0.001771217 -0.000496885 0.999998331 6.416924953
0.999994814 0.002430240 0.002115506 0.118498713 -0.002431733 0.999996781 0.000703423 -0.200115263 -0.002113790 -0.000708564 0.999997437 6.706289768
0.999995291 0.002358489 0.001952620 0.129360273 -0.002359477 0.999997020 0.000503278 -0.206317350 -0.001951427 -0.000507883 0.999997973 7.007945538
0.999994636 0.002582385 0.002019872 0.134499907 -0.002583972 0.999996364 0.000783695 -0.218996316 -0.002017841 -0.000788910 0.999997675 7.302747726
0.999995232 0.002369069 0.001976797 0.141830802 -0.002370705 0.999996841 0.000825664 -0.231381923 -0.001974835 -0.000830347 0.999997735 7.605187893
0.999994576 0.002679134 0.001955630 0.146577701 -0.002680882 0.999996006 0.000891750 -0.240590155 -0.001953234 -0.000896988 0.999997735 7.912793636
0.999992967 0.002916121 0.002352099 0.151231825 -0.002918152 0.999995291 0.000860283 -0.250437409 -0.002349579 -0.000867141 0.999996841 8.225948334
0.999994099 0.002590199 0.002239879 0.158345520 -0.002592920 0.999995947 0.001212598 -0.259403348 -0.002236729 -0.001218399 0.999996841 8.555312157
0.999993443 0.002973017 0.002073468 0.168073639 -0.002974789 0.999995351 0.000852320 -0.265460372 -0.002070924 -0.000858483 0.999997437 8.897680283
0.999993980 0.002896927 0.001910973 0.178261161 -0.002898069 0.999995649 0.000595153 -0.277768940 -0.001909240 -0.000600688 0.999997914 9.236506462
0.999992073 0.003256114 0.002264288 0.183490604 -0.003257815 0.999994397 0.000747969 -0.290215373 -0.002261840 -0.000755340 0.999997079 9.568431854
0.999993443 0.003268796 0.001556724 0.192995220 -0.003269933 0.999994457 0.000727422 -0.292575002 -0.001554337 -0.000732507 0.999998510 9.933876991
0.999993265 0.003147824 0.001898045 0.204181820 -0.003149863 0.999994457 0.001072300 -0.308741599 -0.001894659 -0.001078271 0.999997616 10.276231766
0.999993861 0.002918269 0.001992897 0.214176893 -0.002920627 0.999995053 0.001180819 -0.322037816 -0.001989441 -0.001186632 0.999997318 10.635926247
0.999992549 0.003251881 0.002093324 0.217554390 -0.003254291 0.999994040 0.001149312 -0.330964327 -0.002089574 -0.001156116 0.999997079 11.002287865
0.999993920 0.002728387 0.002193455 0.228822470 -0.002730948 0.999995649 0.001165695 -0.343203247 -0.002190265 -0.001171678 0.999996901 11.378775597
0.999992013 0.003332377 0.002270564 0.237358287 -0.003335448 0.999993503 0.001349727 -0.352209121 -0.002266052 -0.001357289 0.999996483 11.758248329
0.999991536 0.003224733 0.002545220 0.239420891 -0.003228558 0.999993682 0.001500357 -0.365365744 -0.002540365 -0.001508562 0.999995649 12.139113426
0.999992013 0.003178495 0.002377923 0.253207535 -0.003182882 0.999993265 0.001843377 -0.382233024 -0.002372047 -0.001850931 0.999995530 12.522024155
0.999993086 0.002823194 0.002429085 0.260359585 -0.002827784 0.999994218 0.001888221 -0.391038209 -0.002423740 -0.001895077 0.999995291 12.926095009
0.999993026 0.002792897 0.002488955 0.269049168 -0.002798001 0.999993980 0.002049493 -0.408358425 -0.002483216 -0.002056443 0.999994814 13.316962242
0.999993145 0.002811337 0.002413339 0.279631883 -0.002816094 0.999994099 0.001970063 -0.417233109 -0.002407786 -0.001976846 0.999995172 13.738369942
0.999991417 0.003080899 0.002777124 0.289981335 -0.003086321 0.999993324 0.001950043 -0.426441193 -0.002771097 -0.001958598 0.999994218 14.151883125
0.999990642 0.003204364 0.002909309 0.300656885 -0.003210099 0.999992847 0.001968544 -0.439340770 -0.002902981 -0.001977864 0.999993801 14.577155113
0.999990165 0.003299684 0.002998595 0.309555352 -0.003305315 0.999992788 0.001874757 -0.448778063 -0.002992387 -0.001884649 0.999993742 15.018566132
0.999989986 0.003237202 0.003098560 0.322306395 -0.003244127 0.999992251 0.002232830 -0.464141399 -0.003091308 -0.002242860 0.999992728 15.448150635
0.999987245 0.003304843 0.003825483 0.328576505 -0.003314348 0.999991357 0.002480960 -0.478563547 -0.003817251 -0.002493608 0.999989629 15.894253731
0.999986053 0.003411455 0.004032433 0.340779513 -0.003422316 0.999990523 0.002689672 -0.489828289 -0.004023219 -0.002703434 0.999988258 16.339710236
0.999983132 0.003697103 0.004486284 0.348136127 -0.003709172 0.999989510 0.002684923 -0.503857374 -0.004476311 -0.002701518 0.999986351 16.780143738
0.999983430 0.003560429 0.004520807 0.360116303 -0.003571925 0.999990404 0.002537386 -0.518479526 -0.004511729 -0.002553491 0.999986529 17.234815598
0.999982357 0.003461170 0.004817781 0.367315590 -0.003474815 0.999989927 0.002826646 -0.532711089 -0.004807950 -0.002843337 0.999984384 17.696371078
0.999979854 0.003396634 0.005366067 0.383793056 -0.003411839 0.999990284 0.002826815 -0.543836951 -0.005356413 -0.002845066 0.999981642 18.165235519
0.999977589 0.003553674 0.005676284 0.393552303 -0.003571387 0.999988735 0.003113639 -0.562122226 -0.005665155 -0.003133841 0.999979019 18.622007370
0.999977469 0.003534404 0.005723872 0.406322986 -0.003551389 0.999989271 0.002959938 -0.574329078 -0.005713350 -0.002980198 0.999979258 19.107584000
0.999974191 0.004206504 0.005816506 0.419851333 -0.004221310 0.999987841 0.002535879 -0.582265913 -0.005805768 -0.002560368 0.999979854 19.590991974
0.999971211 0.004631300 0.006001565 0.425412029 -0.004648575 0.999985099 0.002867521 -0.596255064 -0.005988195 -0.002895338 0.999977946 20.080522537
0.999971688 0.004401376 0.006095022 0.438943237 -0.004420502 0.999985456 0.003128091 -0.612035036 -0.006081164 -0.003154946 0.999976516 20.579454422
0.999971986 0.004996575 0.005571184 0.450497985 -0.005014166 0.999982536 0.003148092 -0.620079875 -0.005555357 -0.003175939 0.999979556 21.086847305
0.999979973 0.003845678 0.005025937 0.465588838 -0.003859612 0.999988854 0.002765588 -0.635607481 -0.005015244 -0.002784931 0.999983549 21.591110229
0.999979913 0.004344018 0.004601975 0.481280416 -0.004356306 0.999986947 0.002663687 -0.634000957 -0.004590344 -0.002683681 0.999985874 22.121463776
0.999977529 0.004996494 0.004475788 0.485735714 -0.005007365 0.999984503 0.002420980 -0.653846443 -0.004463623 -0.002443338 0.999987006 22.627782822
0.999977529 0.004992306 0.004477873 0.493409753 -0.005006018 0.999982774 0.003056357 -0.674431503 -0.004462538 -0.003078704 0.999985337 23.145900726
0.999984503 0.004102479 0.003758992 0.496832252 -0.004114758 0.999986231 0.003264434 -0.691111863 -0.003745548 -0.003279851 0.999987602 23.653896332
0.999987245 0.003724993 0.003423748 0.510706067 -0.003733194 0.999990165 0.002392254 -0.697296441 -0.003414803 -0.002405005 0.999991298 24.177793503
0.999989033 0.003955336 0.002473266 0.519743443 -0.003961903 0.999988616 0.002655967 -0.714689553 -0.002462732 -0.002665738 0.999993443 24.725898743
0.999989510 0.004205334 0.001871193 0.539599717 -0.004210844 0.999986768 0.002950480 -0.728874385 -0.001858761 -0.002958328 0.999993920 25.256267548
0.999988139 0.004581897 0.001656457 0.545404494 -0.004586644 0.999985337 0.002873160 -0.738268971 -0.001643268 -0.002880723 0.999994457 25.809780121
0.999987781 0.004738769 0.001385657 0.554132521 -0.004742771 0.999984503 0.002898870 -0.759690523 -0.001371898 -0.002905406 0.999994814 26.357965469
0.999990940 0.004211106 0.000785829 0.568548203 -0.004213280 0.999987245 0.002785514 -0.764010906 -0.000774089 -0.002788799 0.999995828 26.922512054
0.999988496 0.004785323 0.000242556 0.581928909 -0.004785966 0.999984801 0.002716389 -0.781181514 -0.000229554 -0.002717519 0.999996305 27.462659836
0.999987960 0.004894071 0.000349523 0.579101920 -0.004895214 0.999982417 0.003347741 -0.825039923 -0.000333133 -0.003349412 0.999994338 28.481494904
0.999985814 0.005295777 -0.000410513 0.597755373 -0.005294440 0.999980867 0.003191137 -0.850242317 0.000427405 -0.003188919 0.999994814 29.567171097
0.999985754 0.005226287 -0.001061216 0.606024563 -0.005222803 0.999981165 0.003258653 -0.861703455 0.001078227 -0.003253064 0.999994099 30.120107651
0.999982119 0.005868647 -0.001068868 0.619470954 -0.005865608 0.999978781 0.002824757 -0.871155679 0.001085422 -0.002818438 0.999995410 30.682621002
0.999981403 0.005931262 -0.001416405 0.626376867 -0.005926878 0.999977648 0.003080552 -0.889777839 0.001434645 -0.003072100 0.999994278 31.195632935
0.999981701 0.005955629 -0.001085870 0.637037277 -0.005952430 0.999978006 0.002924441 -0.903007865 0.001103263 -0.002917924 0.999995172 31.738672256
0.999979973 0.005925052 -0.002201720 0.645353436 -0.005918839 0.999978483 0.002817800 -0.918488562 0.002218368 -0.002804712 0.999993622 32.277183533
0.999980628 0.005989413 -0.001682312 0.646688640 -0.005984191 0.999977350 0.003092701 -0.929070830 0.001700798 -0.003082574 0.999993801 32.837032318
0.999975622 0.006582143 -0.002317565 0.659343839 -0.006576966 0.999975860 0.002234307 -0.939228535 0.002332215 -0.002219010 0.999994814 33.401664734
0.999978185 0.006199227 -0.002253988 0.669662356 -0.006193643 0.999977767 0.002475686 -0.952984691 0.002269285 -0.002461672 0.999994338 33.959182739
0.999975026 0.006462601 -0.002830769 0.680427969 -0.006455965 0.999976337 0.002347125 -0.963854194 0.002845870 -0.002328791 0.999993265 34.510303497
0.999976277 0.006287297 -0.002832644 0.686485648 -0.006279639 0.999976575 0.002704701 -0.984739304 0.002849583 -0.002686849 0.999992311 35.048091888
0.999974608 0.006458419 -0.003007999 0.699864149 -0.006450379 0.999975622 0.002675311 -0.994110107 0.003025205 -0.002655841 0.999991953 35.604438782
0.999978542 0.005682440 -0.003267334 0.718593538 -0.005674189 0.999980807 0.002529082 -1.013906240 0.003281642 -0.002510488 0.999991417 36.157337189
0.999973714 0.006754869 -0.002596310 0.721928895 -0.006749740 0.999975145 0.001979290 -1.018137217 0.002609616 -0.001961714 0.999994695 36.699504852
0.999974251 0.006412278 -0.003217553 0.733412266 -0.006405120 0.999976933 0.002230241 -1.035295844 0.003231781 -0.002209575 0.999992311 37.254280090
0.999973416 0.006315953 -0.003636345 0.746107459 -0.006309391 0.999978423 0.001813015 -1.047726154 0.003647718 -0.001790024 0.999991775 37.800155640
0.999975324 0.006151992 -0.003395116 0.750823617 -0.006144258 0.999978542 0.002283197 -1.067015529 0.003409089 -0.002262280 0.999991655 38.346008301
0.999976039 0.006198863 -0.003093619 0.751183510 -0.006192780 0.999978960 0.001971353 -1.075906396 0.003105775 -0.001952147 0.999993265 38.896705627
0.999974370 0.006450271 -0.003137348 0.769171298 -0.006442766 0.999976397 0.002397119 -1.090824962 0.003152736 -0.002376844 0.999992132 39.425876617
0.999975145 0.006214280 -0.003322106 0.777911544 -0.006206506 0.999977946 0.002345069 -1.107282877 0.003336605 -0.002324393 0.999991655 39.975753784
0.999973536 0.006375563 -0.003495140 0.792670727 -0.006366541 0.999976337 0.002586262 -1.124044538 0.003511546 -0.002563941 0.999990463 40.523544312
0.999971569 0.006499466 -0.003820593 0.803235590 -0.006490554 0.999976218 0.002340387 -1.131476402 0.003835713 -0.002315522 0.999989986 41.080268860
0.999974072 0.006382386 -0.003327359 0.804227531 -0.006374354 0.999976754 0.002419162 -1.149651527 0.003342721 -0.002397891 0.999991536 41.612560272
0.999971628 0.006813244 -0.003187805 0.809928477 -0.006806483 0.999974549 0.002126976 -1.163833976 0.003202216 -0.002105219 0.999992669 42.157051086
0.999968588 0.007372614 -0.002920198 0.820137560 -0.007368468 0.999971807 0.001428535 -1.164265156 0.002930648 -0.001406972 0.999994695 42.724456787
0.999970019 0.007033034 -0.003216651 0.829548597 -0.007026033 0.999973059 0.002183178 -1.188879013 0.003231918 -0.002160513 0.999992430 43.213512421
0.999965608 0.007722274 -0.003007778 0.839103162 -0.007717046 0.999968767 0.001746380 -1.200916886 0.003021170 -0.001723109 0.999993920 43.769279480
0.999971569 0.006738582 -0.003373638 0.859563768 -0.006731526 0.999975085 0.002098537 -1.220683932 0.003387697 -0.002075768 0.999992132 44.299095154
0.999969721 0.006762089 -0.003824859 0.869724512 -0.006752511 0.999974072 0.002511654 -1.235219955 0.003841743 -0.002485751 0.999989510 44.857608795
0.999970019 0.006862431 -0.003593595 0.879432976 -0.006855218 0.999974489 0.002015522 -1.248242855 0.003607334 -0.001990827 0.999991536 45.399749756
0.999965787 0.007481367 -0.003550749 0.892130435 -0.007475744 0.999970853 0.001594161 -1.256918192 0.003562572 -0.001567563 0.999992490 45.935508728
0.999969840 0.007027929 -0.003348722 0.898693860 -0.007022166 0.999973834 0.001729392 -1.276653290 0.003360788 -0.001705825 0.999992907 46.474849701
0.999964893 0.007524855 -0.003712814 0.911806703 -0.007519198 0.999970555 0.001535589 -1.283498287 0.003724260 -0.001507618 0.999991953 47.030643463
0.999966502 0.007445673 -0.003397097 0.920873106 -0.007439198 0.999970496 0.001914735 -1.306006670 0.003411254 -0.001889399 0.999992371 47.570663452
0.999966025 0.007682301 -0.002965567 0.929398119 -0.007676810 0.999968767 0.001858453 -1.320565343 0.002979752 -0.001835623 0.999993801 48.120769501
0.999967277 0.007310590 -0.003468643 0.942871809 -0.007303010 0.999970913 0.002192666 -1.335054636 0.003484572 -0.002167263 0.999991596 48.673366547
0.999965787 0.007621513 -0.003238821 0.951016009 -0.007615635 0.999969304 0.001823410 -1.345341444 0.003252619 -0.001798682 0.999993086 49.233325958
0.999962509 0.008234275 -0.002670010 0.954936624 -0.008229401 0.999964416 0.001831401 -1.356619477 0.002684996 -0.001809360 0.999994755 49.784435272
0.999962568 0.008289167 -0.002482705 0.956803322 -0.008284961 0.999964237 0.001699597 -1.368015409 0.002496704 -0.001678964 0.999995470 50.328033447
0.999962687 0.008247609 -0.002559447 0.968072414 -0.008243665 0.999964952 0.001548123 -1.383284211 0.002572125 -0.001526966 0.999995530 50.858867645
0.999960780 0.008490170 -0.002523660 0.979565859 -0.008486319 0.999962747 0.001532347 -1.396003485 0.002536576 -0.001510870 0.999995649 51.406082153
0.999960601 0.008397016 -0.002886972 0.990542471 -0.008391906 0.999963224 0.001778118 -1.407947540 0.002901797 -0.001753821 0.999994278 51.946956635
0.999957860 0.008778053 -0.002666077 0.998313189 -0.008773281 0.999959826 0.001797151 -1.429817796 0.002681746 -0.001773685 0.999994814 52.472488403
0.999957979 0.008810149 -0.002532261 1.006382108 -0.008804764 0.999958992 0.002128840 -1.445466280 0.002550913 -0.002106455 0.999994457 53.012313843
0.999958336 0.008823396 -0.002340326 1.013455987 -0.008819182 0.999959469 0.001804295 -1.458904386 0.002356151 -0.001783580 0.999995649 53.552951813
0.999954402 0.009321338 -0.002062502 1.018552661 -0.009318308 0.999955475 0.001474484 -1.473619819 0.002076154 -0.001455198 0.999996781 54.095108032
0.999953508 0.009564254 -0.001219433 1.017583132 -0.009562602 0.999953389 0.001354185 -1.487680078 0.001232328 -0.001342462 0.999998331 54.630451202
0.999953091 0.009553635 -0.001551043 1.029883027 -0.009552040 0.999953926 0.001031988 -1.498671532 0.001560830 -0.001017124 0.999998271 55.183502197
0.999954700 0.009337873 -0.001804964 1.037201047 -0.009334835 0.999954998 0.001683808 -1.513407946 0.001820606 -0.001666883 0.999996901 55.700725555
0.999954641 0.009352702 -0.001793110 1.043620825 -0.009349471 0.999954641 0.001802618 -1.526109695 0.001809888 -0.001785771 0.999996781 56.243717194
0.999952555 0.009606087 -0.001628436 1.051939487 -0.009603207 0.999952316 0.001767086 -1.542491555 0.001645334 -0.001751363 0.999997139 56.790931702
0.999948740 0.010052666 -0.001207232 1.057078004 -0.010050853 0.999948382 0.001500369 -1.554900169 0.001222252 -0.001488159 0.999998093 57.327522278
0.999948680 0.010073921 -0.001192936 1.068399191 -0.010072351 0.999948382 0.001315605 -1.568740010 0.001206127 -0.001303522 0.999998450 57.865486145
0.999947548 0.010214887 -0.000725403 1.078056455 -0.010214038 0.999947131 0.001164366 -1.583304048 0.000737259 -0.001156896 0.999999046 58.399646759
0.999944448 0.010519568 -0.000594403 1.080832958 -0.010519056 0.999944270 0.000858044 -1.592404962 0.000603396 -0.000851744 0.999999464 58.922748566
0.999948680 0.010101709 -0.000685538 1.094054222 -0.010100946 0.999948382 0.001103105 -1.613120914 0.000696646 -0.001096124 0.999999106 59.441692352
0.999946833 0.010291563 -0.000679673 1.102568030 -0.010290914 0.999946594 0.000952557 -1.625436187 0.000689440 -0.000945511 0.999999344 59.978767395
0.999944746 0.010502475 -0.000264155 1.109914899 -0.010502327 0.999944627 0.000554944 -1.635954499 0.000269968 -0.000552139 0.999999821 60.525611877
0.999940157 0.010937400 -0.000020895 1.119028687 -0.010937389 0.999940038 0.000508222 -1.650783062 0.000026452 -0.000507963 0.999999881 61.065666199
0.999937534 0.011178150 0.000078642 1.131281972 -0.011178219 0.999936998 0.000949906 -1.666903973 -0.000068019 -0.000950725 0.999999523 61.607139587
0.999934733 0.011414793 0.000460736 1.135420680 -0.011415035 0.999934733 0.000523394 -1.683060765 -0.000454731 -0.000528620 0.999999762 62.146545410
0.999935746 0.011322237 0.000599200 1.147090554 -0.011322348 0.999935865 0.000186162 -1.698142886 -0.000597054 -0.000192935 0.999999762 62.687839508
0.999931633 0.011685064 0.000468325 1.161664724 -0.011685164 0.999931693 0.000210733 -1.710518599 -0.000465831 -0.000216191 0.999999881 63.235527039
0.999929905 0.011829880 0.000360502 1.173232794 -0.011829940 0.999930024 0.000161747 -1.728658915 -0.000358563 -0.000166000 0.999999940 63.778663635
0.999932349 0.011635725 0.000397210 1.186651230 -0.011635768 0.999932289 0.000107387 -1.742673635 -0.000395933 -0.000112001 0.999999940 64.317886353
0.999932051 0.011650183 0.000435022 1.196946025 -0.011650102 0.999932110 -0.000183667 -1.752682447 -0.000437133 0.000178586 0.999999881 64.862594604
0.999931514 0.011675388 0.000696216 1.214822531 -0.011675423 0.999931812 0.000045617 -1.770193696 -0.000695636 -0.000053742 0.999999762 65.388130188
0.999932647 0.011595340 0.000429855 1.232545495 -0.011595144 0.999932647 -0.000458353 -1.770238757 -0.000435141 0.000453338 0.999999821 65.932403564
0.999931037 0.011734456 0.000528206 1.244090915 -0.011734268 0.999931097 -0.000357318 -1.797202945 -0.000532363 0.000351095 0.999999821 66.474517822
0.999927223 0.012045336 0.000707735 1.260276318 -0.012044961 0.999927342 -0.000531424 -1.818555951 -0.000714084 0.000522861 0.999999523 67.009979248
0.999927163 0.012061362 0.000456745 1.278941870 -0.012061235 0.999927163 -0.000280445 -1.836840034 -0.000460095 0.000274915 0.999999821 67.551132202
0.999928415 0.011962034 0.000323437 1.291294932 -0.011961903 0.999928296 -0.000407077 -1.855459690 -0.000328283 0.000403179 0.999999821 68.082031250
0.999928117 0.011976054 0.000528485 1.301527858 -0.011975744 0.999928057 -0.000588014 -1.870087385 -0.000535489 0.000581643 0.999999642 68.611289978
0.999922335 0.012451233 0.000460451 1.311499000 -0.012450973 0.999922335 -0.000567651 -1.886973500 -0.000467483 0.000561874 0.999999702 69.134445190
0.999916732 0.012872660 0.000910465 1.320977926 -0.012871570 0.999916434 -0.001194972 -1.899024725 -0.000925771 0.001183154 0.999998927 69.689064026
0.999923885 0.012310229 0.000814963 1.340987563 -0.012309769 0.999924004 -0.000568565 -1.926064134 -0.000821900 0.000558489 0.999999523 70.229980469
0.999931693 0.011665620 0.000658535 1.354489088 -0.011665381 0.999931872 -0.000368138 -1.941948175 -0.000662785 0.000360431 0.999999762 70.780853271
0.999922991 0.012376714 0.000878652 1.367144108 -0.012375874 0.999922872 -0.000956298 -1.956772208 -0.000890420 0.000945351 0.999999106 71.316596985
0.999932170 0.011629679 0.000482262 1.383348465 -0.011629253 0.999931991 -0.000880212 -1.974902391 -0.000492466 0.000874544 0.999999464 71.862815857
0.999923646 0.012326383 0.000894348 1.385674953 -0.012325989 0.999923944 -0.000444451 -1.998047709 -0.000899758 0.000433394 0.999999464 72.399314880
0.999923646 0.012343450 0.000474988 1.402168751 -0.012343063 0.999923468 -0.000807023 -2.012422085 -0.000484913 0.000801099 0.999999583 72.947593689
0.999924600 0.012272269 0.000479696 1.411181808 -0.012271891 0.999924421 -0.000776094 -2.027745724 -0.000489184 0.000770148 0.999999583 73.499343872
0.999922872 0.012398915 0.000721731 1.421293616 -0.012398135 0.999922514 -0.001071315 -2.043420076 -0.000734959 0.001062284 0.999999106 74.052398682
0.999923050 0.012384896 0.000751619 1.432460666 -0.012384254 0.999922931 -0.000854439 -2.055157423 -0.000762143 0.000845065 0.999999285 74.610122681
0.999927223 0.012040018 0.000715675 1.446088552 -0.012039276 0.999926984 -0.001031423 -2.074954033 -0.000728041 0.001022731 0.999999225 75.170654297
0.999924064 0.012295447 0.000738504 1.460340381 -0.012294728 0.999923944 -0.000969920 -2.093563557 -0.000750373 0.000960767 0.999999285 75.708526611
0.999916732 0.012882678 0.000729817 1.469525337 -0.012881968 0.999916494 -0.000967573 -2.111191034 -0.000742221 0.000958091 0.999999285 76.244422913
0.999919295 0.012656846 0.001107809 1.478894353 -0.012655117 0.999918640 -0.001553746 -2.123688221 -0.001127384 0.001539601 0.999998152 76.803176880
0.999916136 0.012897548 0.001168787 1.490045667 -0.012895157 0.999914765 -0.002029656 -2.137796879 -0.001194865 0.002014414 0.999997258 77.349891663
0.999916613 0.012859111 0.001210693 1.499141574 -0.012857054 0.999915898 -0.001689842 -2.153002501 -0.001232321 0.001674135 0.999997854 77.910209656
0.999916613 0.012829814 0.001429214 1.513889074 -0.012826644 0.999915302 -0.002207724 -2.170902729 -0.001457418 0.002189208 0.999996543 78.450561523
0.999911070 0.013125170 0.002331354 1.522200227 -0.013119897 0.999911308 -0.002263507 -2.184207439 -0.002360856 0.002232718 0.999994695 79.002075195
0.999919355 0.012545071 0.001983098 1.539855838 -0.012541463 0.999919713 -0.001821274 -2.211378336 -0.002005787 0.001796256 0.999996364 79.587043762
0.999910891 0.013100489 0.002538531 1.549688816 -0.013095874 0.999912500 -0.001827496 -2.231297493 -0.002562250 0.001794089 0.999995053 80.140007019
0.999911547 0.012815490 0.003548591 1.563673496 -0.012808108 0.999915659 -0.002095577 -2.244832516 -0.003575149 0.002049941 0.999991477 80.701583862
0.999898672 0.013281544 0.005121258 1.580426812 -0.013268978 0.999908864 -0.002480456 -2.261543274 -0.005153736 0.002412251 0.999983728 81.259300232
0.999884188 0.013479477 0.007062137 1.585936189 -0.013458897 0.999904990 -0.002953356 -2.273331404 -0.007101277 0.002857966 0.999970675 81.824440002
0.999888897 0.012699802 0.007794850 1.605408907 -0.012679284 0.999916017 -0.002676032 -2.295034885 -0.007828180 0.002576903 0.999966025 82.367172241
0.999862134 0.012219664 0.011235300 1.626491785 -0.012190112 0.999922037 -0.002695116 -2.314788818 -0.011267360 0.002557785 0.999933243 82.943572998
0.999790311 0.012770854 0.016006961 1.642947197 -0.012706387 0.999910772 -0.004122439 -2.316848278 -0.016058180 0.003918184 0.999863386 83.532058716
0.999739528 0.012659040 0.018991400 1.669669986 -0.012599695 0.999915361 -0.003241231 -2.346755266 -0.019030821 0.003001101 0.999814332 84.050331116
0.999666512 0.012167883 0.022773966 1.706470728 -0.012106963 0.999922693 -0.002810972 -2.372005463 -0.022806412 0.002534312 0.999736667 84.612869263
0.999484837 0.012857941 0.029403366 1.733541965 -0.012769582 0.999913394 -0.003190845 -2.387932539 -0.029441845 0.002813733 0.999562562 85.150695801
0.999265373 0.012774709 0.036130179 1.759676337 -0.012649418 0.999913096 -0.003694284 -2.397492170 -0.036174230 0.003234545 0.999340236 85.692916870
0.999020219 0.012447907 0.042469397 1.797074437 -0.012246583 0.999912500 -0.004997331 -2.405008793 -0.042527895 0.004472330 0.999085248 86.237632751
0.998623610 0.013323260 0.050726768 1.840791702 -0.013140212 0.999905825 -0.003940286 -2.433921814 -0.050774489 0.003268301 0.998704791 86.764778137
0.998199224 0.011832447 0.058807302 1.895704508 -0.011508475 0.999916673 -0.005844620 -2.440973043 -0.058871564 0.005157313 0.998252213 87.316276550
0.997757018 0.011395746 0.065962791 1.948699713 -0.011029402 0.999921679 -0.005915336 -2.457720757 -0.066025034 0.005174538 0.997804523 87.851951599
0.997058511 0.013032254 0.075527810 2.000752449 -0.012716498 0.999908268 -0.004660080 -2.487768173 -0.075581625 0.003685923 0.997132719 88.398895264
0.996292651 0.012731239 0.085081756 2.072199345 -0.012344902 0.999910951 -0.005065411 -2.508265018 -0.085138679 0.003996306 0.996361017 88.908584595
0.995437443 0.013087473 0.094514288 2.140304565 -0.012698848 0.999908268 -0.004712109 -2.520726681 -0.094567284 0.003490388 0.995512307 89.482528687
0.994768023 0.011710769 0.101486243 2.208747387 -0.011154100 0.999919355 -0.006050921 -2.535953283 -0.101548925 0.004887275 0.994818509 90.001441956
0.993702710 0.011387414 0.111467831 2.291048527 -0.010749192 0.999922216 -0.006324943 -2.552797794 -0.111531168 0.005086925 0.993747830 90.520278931
0.992475629 0.011739537 0.121878527 2.382202148 -0.010993084 0.999916434 -0.006795202 -2.564638138 -0.121948123 0.005404252 0.992521703 91.094039917
0.991279483 0.010540928 0.131353855 2.466215134 -0.009805460 0.999932349 -0.006244718 -2.611490965 -0.131410778 0.004902276 0.991315901 91.543922424
0.989651382 0.010787230 0.143086076 2.565010071 -0.009924431 0.999927998 -0.006742275 -2.619590521 -0.143148482 0.005252455 0.989687264 92.103813171
0.987865150 0.010771883 0.154939994 2.675953865 -0.009953525 0.999932051 -0.006056613 -2.645184040 -0.154994681 0.004440917 0.987905324 92.630081177
0.986223221 0.010473832 0.165087953 2.788800240 -0.009673798 0.999937236 -0.005649408 -2.667449713 -0.165136755 0.003974549 0.986262679 93.166000366
0.984183311 0.010322653 0.176852643 2.898327827 -0.009402437 0.999937534 -0.006040557 -2.692882776 -0.176903948 0.004282169 0.984218836 93.696296692
0.981763959 0.010195020 0.189830273 3.020639420 -0.009151326 0.999937773 -0.006373817 -2.698697090 -0.189883411 0.004520385 0.981796265 94.241867065
0.979293823 0.010146816 0.202189356 3.163490295 -0.009049376 0.999938905 -0.006351453 -2.724845409 -0.202241436 0.004390251 0.979325771 94.786392212
0.977107465 0.010157143 0.212503478 3.293592453 -0.009042989 0.999939859 -0.006214288 -2.746140242 -0.212553829 0.004150361 0.977140486 95.314674377
0.974177241 0.010425149 0.225543544 3.443998337 -0.009310894 0.999938548 -0.006003479 -2.771376371 -0.225592300 0.003748441 0.974214613 95.845687866
0.971015513 0.009103230 0.238842919 3.596853256 -0.007917623 0.999951124 -0.005922939 -2.789409399 -0.238885164 0.003860196 0.971040130 96.375968933
0.968288362 0.009051594 0.249671027 3.756071091 -0.007701746 0.999949872 -0.006382920 -2.805874109 -0.249716282 0.004257603 0.968309760 96.899841309
0.965310216 0.009428078 0.260935426 3.932737350 -0.008287176 0.999950647 -0.005472305 -2.859593868 -0.260974169 0.003120054 0.965340734 97.395072937
0.961762249 0.009431254 0.273723334 4.094848633 -0.008411712 0.999952674 -0.004898157 -2.866482735 -0.273756564 0.002408381 0.961795926 97.897239685
0.958104551 0.008702251 0.286286443 4.294500351 -0.007217675 0.999954402 -0.006240489 -2.877508640 -0.286327660 0.003912719 0.958123744 98.419441223
0.954617560 0.008634098 0.297709018 4.481069565 -0.006986178 0.999953806 -0.006598962 -2.898232698 -0.297752202 0.004219637 0.954633832 98.929382324
0.950033307 0.008683611 0.312027484 4.673437119 -0.007175455 0.999956369 -0.005981237 -2.930204153 -0.312065840 0.003443436 0.950054228 99.463958740
0.945349038 0.008466838 0.325950444 4.881580353 -0.006854914 0.999957860 -0.006093551 -2.943816900 -0.325988352 0.003526169 0.945367217 99.974136353
0.941259742 0.008621527 0.337573379 5.073282242 -0.006892738 0.999956250 -0.006319494 -2.966941357 -0.337613046 0.003621480 0.941278040 100.487945557
0.936478734 0.007160111 0.350651145 5.303928375 -0.005282014 0.999966085 -0.006312181 -2.979148388 -0.350684434 0.004059078 0.936484933 101.018302917
0.931035280 0.008172105 0.364837557 5.514610291 -0.006151722 0.999958634 -0.006699684 -2.995240211 -0.364877284 0.003993263 0.931047082 101.497993469
0.926148117 0.007411112 0.377087176 5.753938675 -0.005387525 0.999964833 -0.006420810 -3.024761677 -0.377121508 0.003915054 0.926155567 102.009757996
0.921178579 0.007565055 0.389066547 5.965583801 -0.005165511 0.999960661 -0.007213160 -3.028936148 -0.389105886 0.004634881 0.921181381 102.496612549
0.915451884 0.005927065 0.402383626 6.208477020 -0.003358344 0.999969184 -0.007088959 -3.047586441 -0.402413219 0.005138258 0.915443718 102.947349548
0.909535289 0.006412249 0.415577084 6.469062805 -0.003994357 0.999969602 -0.006687200 -3.060381889 -0.415607363 0.004422282 0.909533381 103.468055725
0.904822886 0.005544155 0.425752074 6.701728821 -0.002706894 0.999969900 -0.007268848 -3.092697859 -0.425779551 0.005424555 0.904810667 103.888900757
0.898664653 0.005126369 0.438606262 6.962482452 -0.002239216 0.999972224 -0.007099586 -3.115597725 -0.438630491 0.005398013 0.898651302 104.397331238
0.891913354 0.004619828 0.452182710 7.231433868 -0.001689544 0.999974906 -0.006883908 -3.134130001 -0.452203155 0.005375867 0.891898751 104.877212524
0.886012495 0.005296405 0.463630974 7.509685516 -0.002038541 0.999969542 -0.007527691 -3.152295113 -0.463656783 0.005724499 0.885996461 105.357475281
0.879741073 0.005234451 0.475424170 7.785217285 -0.002129976 0.999972701 -0.007068382 -3.177174568 -0.475448191 0.005205703 0.879728317 105.853591919
0.872572482 0.004597386 0.488462985 8.084636688 -0.001530890 0.999976456 -0.006676995 -3.201737404 -0.488482207 0.005078379 0.872559071 106.319694519
0.865318477 0.003958381 0.501206756 8.374416351 -0.000454603 0.999974549 -0.007112642 -3.220299721 -0.501222134 0.005926851 0.865298331 106.775199890
0.858852744 0.004272362 0.512204707 8.677761078 -0.000827959 0.999975502 -0.006952614 -3.231146336 -0.512221932 0.005547187 0.858835161 107.247512817
0.850885332 0.004241944 0.525334239 8.988948822 -0.000852336 0.999977171 -0.006694039 -3.256681204 -0.525350630 0.005248099 0.850869656 107.705474854
0.842274368 0.004393923 0.539031029 9.261272430 -0.001012879 0.999977887 -0.006568648 -3.280497313 -0.539047956 0.004986633 0.842260301 108.135696411
0.835118771 0.004446694 0.550051570 9.580116272 -0.000762874 0.999975801 -0.006925706 -3.297748566 -0.550069034 0.005364168 0.835101962 108.583770752
