1.000000000 0.000000000 0.000000000 0.000000000 0.000000000 1.000000000 0.000000000 0.000000000 0.000000000 0.000000000 1.000000000 0.000000000
1.000000000 0.000083171 0.000035062 -0.000164156 -0.000083170 1.000000000 -0.000021915 0.000449511 -0.000035064 0.000021912 1.000000000 0.000268781
1.000000000 0.000090874 0.000093852 -0.000725913 -0.000090875 1.000000000 0.000009892 0.000054449 -0.000093851 -0.000009900 1.000000000 0.000282008
1.000000000 0.000090486 0.000063735 -0.000514668 -0.000090481 1.000000000 -0.000075643 0.000861999 -0.000063741 0.000075637 1.000000000 0.000441714
1.000000000 0.000059918 0.000091670 -0.000532279 -0.000059914 1.000000000 -0.000036106 0.000525974 -0.000091672 0.000036101 1.000000000 0.000310732
1.000000000 0.000196061 0.000115509 -0.001437605 -0.000196057 1.000000000 -0.000028258 0.000734281 -0.000115514 0.000028236 1.000000000 -0.000039004
1.000000000 0.000035643 0.000021630 -0.000697179 -0.000035643 1.000000000 -0.000016699 0.000230422 -0.000021630 0.000016698 1.000000000 -0.000004722
1.000000000 0.000118361 0.000041694 -0.000051069 -0.000118362 1.000000000 0.000008464 0.000400476 -0.000041693 -0.000008469 1.000000000 0.000829206
1.000000000 0.000164305 0.000010874 -0.000242255 -0.000164304 1.000000000 -0.000095562 0.000150493 -0.000010890 0.000095560 1.000000000 -0.000098272
1.000000000 0.000138919 0.000056168 -0.000805693 -0.000138917 1.000000000 -0.000038222 0.000034661 -0.000056174 0.000038214 1.000000000 0.000865357
0.999999940 0.000302393 0.000099782 -0.001128233 -0.000302392 0.999999940 -0.000003890 0.000547233 -0.000099783 0.000003860 1.000000000 0.000723953
1.000000000 0.000181856 0.000063068 -0.000415900 -0.000181852 1.000000000 -0.000059654 0.001212444 -0.000063079 0.000059642 1.000000000 0.001508130
1.000000000 0.000122615 0.000038990 -0.000521799 -0.000122612 1.000000000 -0.000065581 0.000339784 -0.000038998 0.000065576 1.000000000 0.000227278
1.000000000 0.000172775 0.000030724 -0.000661413 -0.000172773 1.000000000 -0.000085663 0.001248860 -0.000030739 0.000085657 1.000000000 0.000893207
1.000000000 0.000083735 0.000055054 -0.001510155 -0.000083731 1.000000000 -0.000067612 0.000829138 -0.000055060 0.000067607 1.000000000 -0.000097583
1.000000000 0.000083965 0.000030075 -0.000144422 -0.000083964 1.000000000 -0.000026664 0.001400331 -0.000030077 0.000026662 1.000000000 0.002076765
1.000000000 0.000133862 0.000081091 -0.000899961 -0.000133856 1.000000000 -0.000072274 0.001315018 -0.000081101 0.000072263 1.000000000 0.001468678
1.000000000 0.000165903 0.000101787 -0.001470502 -0.000165897 1.000000000 -0.000058157 0.001052189 -0.000101797 0.000058140 1.000000000 0.001391321
0.999999940 0.000273271 0.000165638 -0.002178704 -0.000273267 0.999999940 -0.000024278 0.001543620 -0.000165645 0.000024233 1.000000000 0.001488426
1.000000000 0.000200445 0.000129556 -0.001584900 -0.000200434 1.000000000 -0.000084520 0.001718755 -0.000129573 0.000084494 1.000000000 0.001987254
0.999999940 0.000294107 0.000177449 -0.002297346 -0.000294093 0.999999940 -0.000082552 0.001367973 -0.000177473 0.000082500 1.000000000 0.001586280
1.000000000 0.000165967 0.000089020 -0.001699568 -0.000165961 1.000000000 -0.000066563 0.001563500 -0.000089031 0.000066548 1.000000000 0.001459831
0.999999940 0.000231847 0.000084099 -0.000953216 -0.000231839 0.999999940 -0.000087516 0.001725606 -0.000084119 0.000087496 1.000000000 0.002250970
1.000000000 0.000213015 0.000089767 -0.001583701 -0.000213008 1.000000000 -0.000079514 0.002428421 -0.000089784 0.000079495 1.000000000 0.002753319
0.999999940 0.000379768 0.000129137 -0.001885613 -0.000379758 0.999999940 -0.000076035 0.002239838 -0.000129166 0.000075985 1.000000000 0.002446130
0.999999940 0.000363441 0.000132114 -0.001827145 -0.000363442 0.999999940 0.000010320 0.001283774 -0.000132111 -0.000010368 1.000000000 0.001741373
1.000000000 0.000172040 0.000169932 -0.001949027 -0.000172035 1.000000000 -0.000032938 0.002379626 -0.000169938 0.000032909 1.000000000 0.002288513
0.999999940 0.000241720 0.000185175 -0.001994188 -0.000241723 1.000000000 0.000016488 0.001537156 -0.000185171 -0.000016533 1.000000000 0.002392826
0.999999940 0.000217309 0.000145511 -0.002036835 -0.000217307 1.000000000 -0.000019349 0.002082292 -0.000145515 0.000019318 1.000000000 0.002178201
0.999999940 0.000253779 0.000112543 -0.001767645 -0.000253778 0.999999940 -0.000009568 0.001825525 -0.000112545 0.000009539 1.000000000 0.001587273
0.999999940 0.000232222 0.000171581 -0.001402245 -0.000232220 1.000000000 -0.000013469 0.001253498 -0.000171585 0.000013429 1.000000000 0.002023197
1.000000000 0.000140433 0.000174016 -0.001109757 -0.000140429 1.000000000 -0.000023169 0.002281855 -0.000174019 0.000023144 1.000000000 0.003077814
0.999999940 0.000226642 0.000092338 -0.000714284 -0.000226633 0.999999940 -0.000101487 0.002320811 -0.000092361 0.000101466 1.000000000 0.002665969
1.000000000 0.000167026 0.000149889 -0.001239310 -0.000167018 1.000000000 -0.000056020 0.001636441 -0.000149899 0.000055995 1.000000000 0.002146989
0.999999940 0.000308544 0.000205015 -0.002511328 -0.000308538 0.999999940 -0.000026916 0.001693511 -0.000205024 0.000026852 1.000000000 0.001895950
0.999999940 0.000295151 0.000218557 -0.001579204 -0.000295148 0.999999940 -0.000010515 0.001132770 -0.000218560 0.000010451 1.000000000 0.001472196
0.999999940 0.000218158 0.000148026 -0.001544715 -0.000218161 1.000000000 0.000020304 0.001566608 -0.000148022 -0.000020336 1.000000000 0.001817734
0.999999940 0.000252795 0.000111070 -0.001775995 -0.000252790 0.999999940 -0.000038730 0.002279537 -0.000111079 0.000038702 1.000000000 0.002954399
0.999999940 0.000337877 0.000189693 -0.001651948 -0.000337868 0.999999940 -0.000049217 0.002056704 -0.000189709 0.000049153 1.000000000 0.001368744
0.999999940 0.000246654 0.000089056 -0.000508108 -0.000246647 0.999999940 -0.000088304 0.002691362 -0.000089078 0.000088282 1.000000000 0.002546400
1.000000000 0.000082831 0.000073789 -0.000122373 -0.000082823 1.000000000 -0.000110379 0.001677533 -0.000073798 0.000110373 1.000000000 0.003045950
0.999999940 0.000323511 0.000202186 -0.000304759 -0.000323372 0.999999702 -0.000687302 -0.001735161 -0.000202408 0.000687237 0.999999762 0.050927121
0.999999881 0.000399640 0.000165021 0.001761289 -0.000399429 0.999999106 -0.001279021 -0.002676932 -0.000165532 0.001278955 0.999999166 0.140416116
1.000000000 0.000020989 0.000033446 0.004381563 -0.000020941 0.999998987 -0.001439800 -0.008718361 -0.000033477 0.001439799 0.999998987 0.252241224
1.000000000 0.000171280 0.000138305 0.005254763 -0.000171091 0.999999046 -0.001365376 -0.011464934 -0.000138538 0.001365352 0.999999046 0.385388613
0.999999881 0.000150527 0.000395989 0.004587787 -0.000149995 0.999999106 -0.001341965 -0.013677785 -0.000396190 0.001341906 0.999999046 0.530951619
0.999999583 -0.000842312 -0.000046071 0.014460986 0.000842278 0.999999344 -0.000740265 -0.022623939 0.000046694 0.000740226 0.999999702 0.683922648
0.999999821 -0.000584211 0.000047104 0.017204620 0.000584240 0.999999702 -0.000616836 -0.025504638 -0.000046744 0.000616863 0.999999821 0.847592115
0.999999642 -0.000837797 0.000069660 0.019506697 0.000837828 0.999999523 -0.000450165 -0.031462271 -0.000069282 0.000450223 0.999999881 1.014456749
0.999999464 -0.000978210 0.000085351 0.022685627 0.000978240 0.999999404 -0.000355124 -0.038003590 -0.000085004 0.000355207 0.999999940 1.187776923
0.999999583 -0.000886169 0.000171816 0.027365044 0.000886187 0.999999583 -0.000103032 -0.041847404 -0.000171725 0.000103185 1.000000000 1.377432466
0.999999702 -0.000775495 0.000037750 0.030589711 0.000775497 0.999999702 -0.000031539 -0.046659663 -0.000037725 0.000031568 1.000000000 1.566311121
0.999999702 -0.000748258 0.000029378 0.037583467 0.000748259 0.999999702 -0.000008319 -0.050218821 -0.000029372 0.000008341 0.999999940 1.769414425
0.999999762 -0.000545687 0.000343113 0.038327247 0.000545551 0.999999702 0.000397315 -0.059388954 -0.000343330 -0.000397127 0.999999881 1.969536901
0.999999404 -0.001027020 -0.000001656 0.042325240 0.001027020 0.999999464 0.000271681 -0.063509516 0.000001377 -0.000271683 0.999999881 2.178244591
0.999999583 -0.000833275 0.000027190 0.046791676 0.000833265 0.999999642 0.000354859 -0.067336179 -0.000027486 -0.000354836 0.999999881 2.397171021
0.999999821 -0.000635859 0.000054607 0.050537962 0.000635843 0.999999762 0.000291858 -0.073818795 -0.000054793 -0.000291823 0.999999940 2.624511719
0.999999702 -0.000663403 0.000370161 0.053576969 0.000663259 0.999999702 0.000388013 -0.080678135 -0.000370419 -0.000387767 0.999999881 2.857568502
0.999999344 -0.001047334 0.000238492 0.055539865 0.001047198 0.999999225 0.000569653 -0.088878483 -0.000239088 -0.000569403 0.999999821 3.076123238
0.999999464 -0.000909230 0.000318359 0.060728032 0.000909034 0.999999344 0.000613744 -0.095170990 -0.000318917 -0.000613454 0.999999762 3.318628073
0.999999523 -0.000795719 0.000396759 0.062262475 0.000795419 0.999999344 0.000755742 -0.103350490 -0.000397360 -0.000755427 0.999999702 3.567786217
0.999999583 -0.000783180 0.000404350 0.069441348 0.000782850 0.999999404 0.000813564 -0.111464575 -0.000404986 -0.000813247 0.999999642 3.820409298
0.999999523 -0.000867317 0.000423892 0.071318559 0.000866878 0.999999046 0.001035484 -0.121167377 -0.000424790 -0.001035116 0.999999344 4.071567535
0.999999404 -0.001028315 0.000389233 0.079930410 0.001027956 0.999999106 0.000920335 -0.122238949 -0.000390179 -0.000919934 0.999999464 4.336167336
0.999999583 -0.000671155 0.000764924 0.079795524 0.000670282 0.999999166 0.001141681 -0.132851943 -0.000765689 -0.001141168 0.999999046 4.589291573
0.999999285 -0.000875333 0.000863604 0.084795512 0.000874247 0.999998868 0.001257774 -0.140874550 -0.000864704 -0.001257018 0.999998808 4.846539497
0.999999523 -0.000797948 0.000569443 0.092075221 0.000797223 0.999998808 0.001273702 -0.147975147 -0.000570459 -0.001273247 0.999998987 5.100389004
0.999999642 -0.000532729 0.000688259 0.096710443 0.000531984 0.999999285 0.001081812 -0.154542252 -0.000688835 -0.001081446 0.999999166 5.365089417
0.999999344 -0.000748512 0.000907143 0.103993066 0.000747396 0.999998987 0.001230732 -0.163904250 -0.000908064 -0.001230053 0.999998868 5.633158684
0.999998808 -0.001449908 0.000328784 0.116428904 0.001449513 0.999998212 0.001200372 -0.173141286 -0.000330524 -0.001199894 0.999999225 5.908355713
0.999998808 -0.001476276 0.000472664 0.121258944 0.001475669 0.999998033 0.001281448 -0.178592801 -0.000474555 -0.001280750 0.999999106 6.192009926
0.999999464 -0.000337020 0.000968325 0.112863295 0.000335839 0.999999166 0.001219793 -0.186165720 -0.000968735 -0.001219467 0.999998808 6.473578930
0.999999702 -0.000095877 0.000760255 0.118133530 0.000095064 0.999999404 0.001070372 -0.191681519 -0.000760357 -0.001070299 0.999999106 6.770755768
0.999999464 -0.000597098 0.000833925 0.121914834 0.000596118 0.999999046 0.001174841 -0.199303597 -0.000834626 -0.001174343 0.999998987 7.066852093
0.999999464 -0.000713673 0.000781113 0.128555521 0.000712786 0.999999106 0.001135387 -0.206866235 -0.000781923 -0.001134830 0.999999106 7.368705750
0.999999106 -0.001166796 0.000611396 0.138553083 0.001166095 0.999998629 0.001145319 -0.217770219 -0.000612732 -0.001144605 0.999999166 7.681007862
0.999999225 -0.000850762 0.000869816 0.138906851 0.000849464 0.999998450 0.001491408 -0.231358156 -0.000871084 -0.001490668 0.999998510 7.988959789
0.999999225 -0.000633278 0.001043912 0.141683102 0.000631765 0.999998689 0.001449180 -0.241107255 -0.001044828 -0.001448519 0.999998450 8.305541039
0.999999106 -0.000686817 0.001141297 0.146646157 0.000685349 0.999998868 0.001286062 -0.248245195 -0.001142179 -0.001285279 0.999998510 8.638606071
0.999998808 -0.000628586 0.001399261 0.151915044 0.000626933 0.999999106 0.001181692 -0.253822476 -0.001400003 -0.001180813 0.999998331 8.974939346
0.999999285 -0.000568521 0.001029035 0.159225672 0.000567236 0.999999046 0.001247899 -0.265235811 -0.001029744 -0.001247314 0.999998629 9.311862946
0.999999523 -0.000115878 0.000995836 0.166143760 0.000114597 0.999999166 0.001287311 -0.278669894 -0.000995984 -0.001287196 0.999998629 9.649177551
0.999999106 -0.000445161 0.001275538 0.170562342 0.000443601 0.999999166 0.001223583 -0.281741142 -0.001276081 -0.001223016 0.999998450 10.006088257
0.999999225 -0.000407849 0.001152470 0.176858366 0.000406339 0.999999046 0.001310126 -0.294933438 -0.001153003 -0.001309657 0.999998450 10.356843948
0.999998987 -0.000270679 0.001390776 0.184357703 0.000268788 0.999998987 0.001359954 -0.304557174 -0.001391143 -0.001359579 0.999998093 10.721846581
0.999998748 -0.000823361 0.001311398 0.195547983 0.000821499 0.999998689 0.001419698 -0.310953736 -0.001312565 -0.001418620 0.999998152 11.094261169
0.999998868 -0.000911353 0.001196177 0.200671315 0.000909595 0.999998629 0.001468791 -0.324096620 -0.001197513 -0.001467701 0.999998152 11.463124275
0.999998987 -0.000317836 0.001403623 0.208839998 0.000315638 0.999998808 0.001565713 -0.334546834 -0.001404120 -0.001565268 0.999997735 11.843630791
0.999998748 -0.000442864 0.001484981 0.219300970 0.000440183 0.999998271 0.001805038 -0.350434065 -0.001485778 -0.001804383 0.999997318 12.221096039
0.999998689 -0.000670529 0.001513800 0.226607844 0.000667311 0.999997556 0.002125348 -0.363639146 -0.001515221 -0.002124335 0.999996603 12.608513832
0.999998271 -0.000942929 0.001597735 0.224260375 0.000939594 0.999997377 0.002086942 -0.370749533 -0.001599699 -0.002085437 0.999996543 12.999598503
0.999998569 -0.000742872 0.001516818 0.238148078 0.000739964 0.999997854 0.001916997 -0.382098049 -0.001518238 -0.001915872 0.999997020 13.398254395
0.999998093 -0.000329746 0.001929648 0.239398986 0.000326068 0.999998152 0.001905722 -0.392419189 -0.001930273 -0.001905089 0.999996305 13.813812256
0.999998450 -0.000506416 0.001675461 0.244402707 0.000502714 0.999997437 0.002209514 -0.402006686 -0.001676576 -0.002208668 0.999996185 14.248677254
0.999996841 -0.000168873 0.002474737 0.248913407 0.000163806 0.999997914 0.002047557 -0.415412605 -0.002475077 -0.002047146 0.999994755 14.663206100
0.999997258 -0.000369445 0.002312446 0.258796632 0.000364512 0.999997675 0.002133367 -0.426253557 -0.002313229 -0.002132518 0.999995053 15.093563080
0.999995828 -0.000313526 0.002867791 0.271697670 0.000307035 0.999997437 0.002263736 -0.446216851 -0.002868493 -0.002262846 0.999993265 15.502193451
0.999994576 -0.000488729 0.003237677 0.279153436 0.000481523 0.999997437 0.002225981 -0.451265365 -0.003238756 -0.002224410 0.999992251 15.983682632
0.999992430 0.000152469 0.003886816 0.273058623 -0.000162255 0.999996841 0.002517490 -0.472590059 -0.003886420 -0.002518102 0.999989212 16.402730942
0.999991536 0.000015503 0.004105306 0.280703425 -0.000025815 0.999996841 0.002511942 -0.485520333 -0.004105254 -0.002512027 0.999988377 16.852169037
0.999989986 0.000173241 0.004474985 0.290468752 -0.000184675 0.999996722 0.002554799 -0.498846382 -0.004474528 -0.002555599 0.999986708 17.308320999
0.999988198 -0.000030395 0.004851110 0.288142711 0.000014933 0.999994934 0.003187386 -0.519846678 -0.004851182 -0.003187276 0.999983132 17.759109497
0.999987602 -0.000324191 0.004967592 0.300829053 0.000309917 0.999995828 0.002873966 -0.530242622 -0.004968503 -0.002872391 0.999983490 18.229078293
0.999986827 -0.000126965 0.005119060 0.318107843 0.000112582 0.999996006 0.002809980 -0.538306534 -0.005119396 -0.002809367 0.999982893 18.704164505
0.999984920 0.000323156 0.005495810 0.320011616 -0.000340018 0.999995232 0.003067478 -0.551672816 -0.005494793 -0.003069300 0.999980211 19.185888290
0.999983847 0.000454315 0.005690628 0.327234656 -0.000473384 0.999994278 0.003349871 -0.571462333 -0.005689072 -0.003352510 0.999978185 19.641637802
0.999981403 0.000776872 0.006058744 0.332680941 -0.000795964 0.999994755 0.003149407 -0.582514167 -0.006056265 -0.003154171 0.999976695 20.129457474
0.999981165 0.000108411 0.006140223 0.349789441 -0.000127816 0.999995053 0.003159977 -0.594832301 -0.006139848 -0.003160702 0.999976218 20.617111206
0.999986351 -0.000605840 0.005184035 0.357296705 0.000589460 0.999994755 0.003160514 -0.601142883 -0.005185923 -0.003157415 0.999981582 21.100231171
0.999990284 -0.000333523 0.004400654 0.370157421 0.000319353 0.999994695 0.003220192 -0.610809922 -0.004401705 -0.003218756 0.999985158 21.609354019
0.999989271 0.000047918 0.004633707 0.375544339 -0.000065028 0.999993145 0.003692338 -0.626870155 -0.004633499 -0.003692600 0.999982417 22.115247726
0.999989450 0.000489245 0.004591600 0.369524837 -0.000504308 0.999994516 0.003280115 -0.634263098 -0.004589969 -0.003282395 0.999984086 22.613985062
0.999990821 0.000274167 0.004281901 0.378548861 -0.000288417 0.999994397 0.003327576 -0.651959479 -0.004280964 -0.003328780 0.999985278 23.135734558
0.999991536 0.000864750 0.004015942 0.378787428 -0.000878134 0.999994099 0.003332346 -0.668126702 -0.004013036 -0.003335844 0.999986351 23.641386032
0.999994755 -0.001163618 0.003030105 0.385012448 0.001154496 0.999994755 0.003010499 -0.678642511 -0.003033592 -0.003006984 0.999990880 24.186115265
0.999996245 0.000115439 0.002763494 0.393805563 -0.000124991 0.999994040 0.003456744 -0.690514028 -0.002763079 -0.003457076 0.999990225 24.727041245
0.999997139 0.001103483 0.002104250 0.406089395 -0.001110835 0.999993324 0.003496219 -0.704045594 -0.002100378 -0.003498547 0.999991715 25.245580673
0.999998987 0.000734630 0.001237720 0.432124555 -0.000739378 0.999992311 0.003839525 -0.707481980 -0.001234891 -0.003840436 0.999991834 25.778614044
0.999999106 0.000450668 0.001256734 0.401668519 -0.000455414 0.999992788 0.003778338 -0.742775738 -0.001255022 -0.003778907 0.999992073 26.321350098
0.999999583 -0.000238152 0.000827621 0.414170623 0.000234919 0.999992371 0.003905088 -0.749388814 -0.000828544 -0.003904892 0.999992073 26.878416061
0.999999940 -0.000143966 0.000245465 0.429592222 0.000143095 0.999993742 0.003546570 -0.761390924 -0.000245974 -0.003546535 0.999993682 27.439451218
0.999999106 0.001304504 0.000021610 0.437894136 -0.001304577 0.999991953 0.003802538 -0.791545630 -0.000016649 -0.003802563 0.999992847 27.982740402
0.999999464 0.001013490 0.000217581 0.422483981 -0.001014350 0.999991536 0.003992945 -0.786207080 -0.000213533 -0.003993163 0.999992013 28.483114243
0.999999285 0.001119172 -0.000276630 0.436575651 -0.001118052 0.999991357 0.004013157 -0.796925545 0.000281119 -0.004012845 0.999991894 29.042436600
0.999999225 0.001287350 -0.000201637 0.437748849 -0.001286393 0.999988258 0.004677882 -0.818481982 0.000207657 -0.004677619 0.999989092 29.569322586
0.999999642 0.000790966 -0.000421714 0.444853991 -0.000789044 0.999989510 0.004537989 -0.832630694 0.000425298 -0.004537655 0.999989629 30.108152390
0.999999464 0.000800361 -0.000700236 0.439659864 -0.000797528 0.999991536 0.004037719 -0.844241261 0.000703462 -0.004037159 0.999991596 30.607963562
0.999999166 0.001135758 -0.000646422 0.450730354 -0.001133081 0.999990880 0.004127720 -0.856384635 0.000651104 -0.004126984 0.999991298 31.159858704
0.999999285 0.000927239 -0.000719040 0.457215607 -0.000924328 0.999991417 0.004039438 -0.868342936 0.000722779 -0.004038772 0.999991536 31.707973480
0.999998391 0.000193665 -0.001802871 0.467309088 -0.000184904 0.999988198 0.004858646 -0.904480100 0.001803791 -0.004858304 0.999986529 32.170551300
0.999998093 0.001174984 -0.001549982 0.468841910 -0.001167629 0.999988079 0.004737800 -0.917487562 0.001555531 -0.004735982 0.999987602 32.716464996
0.999998748 0.000701858 -0.001489291 0.450627685 -0.000695207 0.999989748 0.004460896 -0.908767045 0.001492407 -0.004459856 0.999988914 33.284168243
0.999998093 0.001236990 -0.001530563 0.464674532 -0.001230360 0.999989867 0.004324723 -0.923357427 0.001535897 -0.004322832 0.999989450 33.825134277
0.999996543 0.001972944 -0.001774756 0.473021895 -0.001964953 0.999987900 0.004493559 -0.931109786 0.001783600 -0.004490056 0.999988258 34.373161316
0.999995649 0.002328434 -0.001803615 0.476640970 -0.002320616 0.999987900 0.004324161 -0.950167894 0.001813662 -0.004319957 0.999988973 34.908332825
0.999996305 0.001255408 -0.002368043 0.490621984 -0.001245759 0.999990940 0.004071791 -0.947674274 0.002373134 -0.004068827 0.999988854 35.462615967
0.999997497 0.000036388 -0.002249880 0.454142958 -0.000025154 0.999987483 0.004993483 -0.977937877 0.002250034 -0.004993414 0.999984980 35.915397644
0.999996901 0.000296928 -0.002499577 0.465281010 -0.000284831 0.999988258 0.004838935 -0.991122663 0.002500984 -0.004838207 0.999985218 36.460685730
0.999997199 0.000451293 -0.002318626 0.473934293 -0.000440274 0.999988616 0.004751019 -1.000426531 0.002320744 -0.004749985 0.999985993 37.012302399
0.999996305 0.000240600 -0.002716266 0.495520294 -0.000228625 0.999990284 0.004408006 -1.006918311 0.002717299 -0.004407368 0.999986589 37.533100128
0.999996781 0.000654941 -0.002442415 0.469093263 -0.000643204 0.999988258 0.004802854 -1.023333311 0.002445531 -0.004801268 0.999985456 38.045848846
0.999996722 0.000618020 -0.002471733 0.479454011 -0.000606476 0.999988914 0.004668798 -1.033814430 0.002474590 -0.004667284 0.999986053 38.591503143
0.999996185 0.000006091 -0.002752112 0.493865758 0.000007581 0.999987721 0.004967957 -1.051358342 0.002752108 -0.004967958 0.999983847 39.115806580
0.999996722 0.000538262 -0.002471614 0.500397980 -0.000528517 0.999992073 0.003941915 -1.043812752 0.002473715 -0.003940597 0.999989152 39.678318024
0.999997854 0.000045599 -0.002035239 0.481637895 -0.000036654 0.999990344 0.004395211 -1.061586380 0.002035421 -0.004395126 0.999988258 40.138114929
0.999997795 -0.000080763 -0.002073875 0.492246509 0.000089950 0.999990165 0.004430504 -1.071818709 0.002073497 -0.004430681 0.999988019 40.691905975
0.999997795 -0.000181029 -0.002050161 0.500403285 0.000190456 0.999989450 0.004599140 -1.085706472 0.002049307 -0.004599520 0.999987304 41.240329742
0.999998212 0.000029173 -0.001865767 0.519397616 -0.000021493 0.999991596 0.004116307 -1.095059276 0.001865872 -0.004116260 0.999989748 41.775676727
0.999997318 0.000999789 -0.002067729 0.547879219 -0.000990141 0.999988616 0.004661348 -1.131712794 0.002072367 -0.004659288 0.999986947 42.305347443
0.999998927 0.000580866 -0.001353483 0.478622168 -0.000574720 0.999989510 0.004536422 -1.124868393 0.001356104 -0.004535638 0.999988735 42.753063202
0.999998391 0.001680623 -0.000663026 0.485272676 -0.001677600 0.999988258 0.004533453 -1.141289115 0.000670638 -0.004532333 0.999989510 43.298316956
0.999999285 0.000955108 -0.000773407 0.509241462 -0.000951790 0.999990404 0.004279026 -1.154161811 0.000777487 -0.004278285 0.999990523 43.831657410
0.999997854 0.001764577 -0.001065643 0.524551809 -0.001760674 0.999991834 0.003652362 -1.153700352 0.001072080 -0.003650478 0.999992788 44.344585419
0.999999344 0.000833825 -0.000774679 0.491400182 -0.000830498 0.999990404 0.004283585 -1.170486212 0.000778243 -0.004282939 0.999990463 44.850009918
0.999999166 0.001140000 -0.000622651 0.503700376 -0.001137287 0.999989867 0.004338642 -1.184714556 0.000627590 -0.004337930 0.999990344 45.389850616
0.999999285 0.001029144 -0.000569152 0.515607953 -0.001027021 0.999992609 0.003718644 -1.198706627 0.000572975 -0.003718057 0.999992847 45.922653198
0.999997914 0.001203256 -0.001620988 0.544412732 -0.001196761 0.999991238 0.004002045 -1.210179329 0.001625790 -0.004000097 0.999990642 46.449043274
0.999999225 0.001219798 -0.000092120 0.491516441 -0.001219408 0.999990761 0.004119803 -1.206866860 0.000097145 -0.004119686 0.999991536 46.920658112
0.999999166 0.001270256 -0.000201092 0.502913117 -0.001269582 0.999993742 0.003318535 -1.214699745 0.000205306 -0.003318277 0.999994516 47.464599609
0.999999106 0.001321582 -0.000091229 0.515895784 -0.001321248 0.999992847 0.003550915 -1.230443716 0.000095920 -0.003550792 0.999993682 47.992935181
0.999999881 0.000263322 -0.000444047 0.536728501 -0.000261483 0.999991477 0.004138593 -1.252721190 0.000445133 -0.004138476 0.999991357 48.511520386
0.999999344 0.001063755 0.000382562 0.511345267 -0.001065313 0.999991059 0.004095743 -1.256244898 -0.000378202 -0.004096148 0.999991536 48.982383728
0.999999583 0.000914033 0.000008000 0.521553040 -0.000914059 0.999989867 0.004414605 -1.266763210 -0.000003965 -0.004414610 0.999990284 49.531311035
0.999998748 0.001456156 0.000475315 0.527363539 -0.001458158 0.999989927 0.004239821 -1.286048889 -0.000469136 -0.004240509 0.999990940 50.046241760
0.999996901 0.002330802 0.000798176 0.539775074 -0.002333676 0.999990702 0.003619430 -1.289258242 -0.000789733 -0.003621282 0.999993145 50.608661652
0.999999106 0.001031334 0.000741341 0.528715134 -0.001034127 0.999992311 0.003779884 -1.295914769 -0.000737436 -0.003780649 0.999992609 51.041454315
0.999998927 0.000808827 0.001115180 0.539295733 -0.000812903 0.999992967 0.003660087 -1.312571049 -0.001112212 -0.003660989 0.999992728 51.584587097
0.999999583 0.000185117 0.000935200 0.551778853 -0.000188783 0.999992311 0.003923249 -1.327833056 -0.000934466 -0.003923424 0.999991894 52.138626099
0.999998808 0.001061628 0.000974973 0.553180277 -0.001065043 0.999993205 0.003509891 -1.326792717 -0.000971240 -0.003510925 0.999993443 52.713550568
0.999998808 0.001380309 0.000741239 0.563617110 -0.001382926 0.999992669 0.003542993 -1.351866961 -0.000736344 -0.003544013 0.999993503 53.252590179
0.999997318 0.001653453 0.001623166 0.541977823 -0.001659600 0.999991417 0.003792368 -1.366296649 -0.001616882 -0.003795051 0.999991417 53.624935150
0.999997437 0.001543684 0.001661368 0.554521799 -0.001549729 0.999992132 0.003643112 -1.378290415 -0.001655731 -0.003645676 0.999991953 54.173347473
0.999996781 0.001856775 0.001736220 0.569449842 -0.001862447 0.999992907 0.003270855 -1.382626295 -0.001730134 -0.003274078 0.999993086 54.726943970
0.999996245 0.001980539 0.001888479 0.561173141 -0.001987681 0.999990880 0.003787211 -1.396838427 -0.001880961 -0.003790951 0.999991059 55.168594360
0.999995291 0.002371798 0.001954381 0.570249736 -0.002379165 0.999990106 0.003775629 -1.412932038 -0.001945407 -0.003780259 0.999991000 55.714885712
0.999994814 0.002380703 0.002165455 0.589481115 -0.002388743 0.999990284 0.003718101 -1.425743461 -0.002156582 -0.003723254 0.999990761 56.227218628
0.999992967 0.002733396 0.002568353 0.577646434 -0.002741281 0.999991596 0.003071150 -1.424507856 -0.002559937 -0.003078169 0.999991953 56.731163025
0.999992430 0.002490284 0.002989177 0.587778330 -0.002499925 0.999991715 0.003225529 -1.436467290 -0.002981120 -0.003232977 0.999990404 57.248497009
0.999991417 0.002199573 0.003540817 0.560148299 -0.002211607 0.999991775 0.003398580 -1.455204129 -0.003533313 -0.003406381 0.999987960 57.707000732
0.999992430 0.002188782 0.003222120 0.575963020 -0.002199388 0.999992132 0.003291693 -1.470499754 -0.003214889 -0.003298754 0.999989450 58.254604340
0.999993384 0.002058095 0.003001360 0.593288124 -0.002067003 0.999993503 0.002967910 -1.487161517 -0.002995232 -0.002974095 0.999991119 58.791633606
0.999989331 0.002032305 0.004152555 0.598099709 -0.002045780 0.999992609 0.003243673 -1.488724351 -0.004145932 -0.003252133 0.999986112 59.343460083
0.999988556 0.002445168 0.004093220 0.569400012 -0.002458850 0.999991417 0.003340532 -1.513933778 -0.004085016 -0.003350559 0.999986053 59.777248383
0.999990821 0.001832779 0.003879252 0.588953614 -0.001844636 0.999993682 0.003055129 -1.522958159 -0.003873627 -0.003062256 0.999987900 60.325035095
0.999990165 0.001743996 0.004062567 0.598562777 -0.001755995 0.999994099 0.002951754 -1.536605597 -0.004057395 -0.002958859 0.999987423 60.875400543
0.999992192 0.000241147 0.003937614 0.623190463 -0.000253928 0.999994695 0.003245541 -1.548956394 -0.003936810 -0.003246515 0.999987006 61.405441284
0.999983966 0.002609903 0.005027055 0.602172494 -0.002625815 0.999991536 0.003160811 -1.556309938 -0.005018764 -0.003173959 0.999982357 61.809291840
0.999983013 0.003015919 0.004974616 0.614805222 -0.003029286 0.999991775 0.002681559 -1.571170449 -0.004966488 -0.002696584 0.999984026 62.356433868
0.999980390 0.003274236 0.005334888 0.621502757 -0.003288876 0.999990821 0.002737567 -1.585605025 -0.005325876 -0.002755059 0.999981999 62.882164001
0.999975443 0.003914310 0.005807158 0.627439618 -0.003929180 0.999989033 0.002551045 -1.585357189 -0.005797109 -0.002573800 0.999979854 63.382888794
0.999981344 0.002719053 0.005470397 0.624352574 -0.002736281 0.999991298 0.003144299 -1.610722303 -0.005461800 -0.003159210 0.999980092 63.831089020
0.999976814 0.003735388 0.005702457 0.633769214 -0.003753040 0.999988139 0.003087828 -1.622432470 -0.005690856 -0.003109158 0.999978960 64.373672485
0.999978185 0.003211606 0.005782393 0.647252798 -0.003227799 0.999990821 0.002793344 -1.636136293 -0.005773370 -0.002811948 0.999979377 64.929222107
0.999974906 0.003153490 0.006334956 0.668171763 -0.003168934 0.999992013 0.002429364 -1.651411414 -0.006327245 -0.002449378 0.999976933 65.445602417
0.999979317 0.002340731 0.005979763 0.654485822 -0.002359574 0.999992192 0.003146325 -1.657979608 -0.005972352 -0.003160371 0.999977171 65.883384705
0.999975145 0.003322680 0.006208148 0.662828982 -0.003343934 0.999988556 0.003416226 -1.675230026 -0.006196726 -0.003436901 0.999974906 66.420166016
0.999977589 0.002750237 0.006104738 0.680269241 -0.002767848 0.999991953 0.002878506 -1.688058138 -0.006096773 -0.002895338 0.999977231 66.970603943
0.999980807 0.002589715 0.005622721 0.689382195 -0.002608346 0.999991000 0.003309058 -1.708412528 -0.005614102 -0.003323660 0.999978662 67.414512634
0.999973595 0.003196750 0.006522583 0.664662361 -0.003215057 0.999990880 0.002798131 -1.697584391 -0.006513579 -0.002819028 0.999974787 67.816169739
0.999966860 0.004211456 0.006962675 0.675708115 -0.004227343 0.999988496 0.002268668 -1.710912585 -0.006953039 -0.002298027 0.999973178 68.366241455
0.999968708 0.003589455 0.007054348 0.684365749 -0.003604430 0.999991238 0.002111135 -1.724786043 -0.007046708 -0.002136495 0.999972880 68.921173096
0.999971151 0.003542308 0.006714315 0.705634058 -0.003551097 0.999992847 0.001297532 -1.737969160 -0.006709670 -0.001321338 0.999976575 69.462913513
0.999971032 0.003369412 0.006826123 0.701739669 -0.003389964 0.999989748 0.003001576 -1.749677181 -0.006815940 -0.003024630 0.999972224 69.859909058
0.999969304 0.003959524 0.006765216 0.715538800 -0.003976652 0.999988973 0.002520222 -1.761648178 -0.006755162 -0.002547048 0.999974012 70.408569336
0.999971330 0.003588957 0.006665068 0.730570257 -0.003608331 0.999989331 0.002897020 -1.785523295 -0.006654600 -0.002920987 0.999973655 70.940246582
0.999962568 0.005115668 0.006974514 0.732265890 -0.005133170 0.999983728 0.002493985 -1.789427400 -0.006961643 -0.002529693 0.999972582 71.503883362
0.999969423 0.003828262 0.006803221 0.769859135 -0.003841009 0.999990821 0.001861692 -1.785080791 -0.006796032 -0.001887766 0.999975145 72.016944885
0.999958098 0.004887111 0.007738386 0.737079978 -0.004909582 0.999983728 0.002887326 -1.822447062 -0.007724150 -0.002925198 0.999965847 72.340209961
0.999956667 0.005256494 0.007679200 0.752932847 -0.005276691 0.999982595 0.002612341 -1.833884358 -0.007665336 -0.002652749 0.999967098 72.897560120
0.999955356 0.005045637 0.007981176 0.777784050 -0.005063419 0.999984741 0.002209247 -1.848791838 -0.007969906 -0.002249561 0.999965727 73.426406860
0.999957323 0.005441149 0.007458929 0.792979836 -0.005458500 0.999982417 0.002307955 -1.867692590 -0.007446239 -0.002348571 0.999969542 73.909439087
0.999955714 0.005234721 0.007811650 0.784087658 -0.005253725 0.999983311 0.002414077 -1.871584058 -0.007798882 -0.002455010 0.999966562 74.398796082
0.999958098 0.004806016 0.007789263 0.798715889 -0.004820898 0.999986589 0.001892767 -1.882075787 -0.007780061 -0.001930239 0.999967933 74.940696716
0.999959469 0.004610345 0.007727756 0.814736009 -0.004629315 0.999986351 0.002438795 -1.903891444 -0.007716406 -0.002474470 0.999967158 75.430206299
0.999959469 0.004443393 0.007836496 0.823917210 -0.004459490 0.999988019 0.002037759 -1.903342724 -0.007827346 -0.002072623 0.999967277 75.922821045
0.999951661 0.005072151 0.008426382 0.800502896 -0.005093487 0.999983788 0.002512582 -1.919139504 -0.008413502 -0.002555380 0.999961317 76.411430359
0.999956667 0.004691461 0.008045545 0.818480313 -0.004709497 0.999986351 0.002224383 -1.934317827 -0.008034999 -0.002262176 0.999965131 76.964271545
0.999945581 0.005401936 0.008925908 0.827793002 -0.005422270 0.999982715 0.002255313 -1.952153683 -0.008913572 -0.002303589 0.999957561 77.496482849
0.999942482 0.005014716 0.009476481 0.838229895 -0.005036947 0.999984562 0.002323538 -1.955217957 -0.009464682 -0.002371137 0.999952376 77.980155945
0.999925911 0.005399635 0.010906251 0.851763904 -0.005422201 0.999983191 0.002040579 -1.968115211 -0.010895049 -0.002099564 0.999938428 78.526664734
0.999911368 0.005780668 0.011993987 0.896998346 -0.005812685 0.999979615 0.002636359 -1.993094087 -0.011978504 -0.002705842 0.999924600 79.018173218
0.999886572 0.006125431 0.013762051 0.879444540 -0.006163759 0.999977231 0.002744508 -2.016317844 -0.013744926 -0.002829022 0.999901533 79.553222656
0.999839783 0.005662245 0.016981918 0.880193591 -0.005694298 0.999982059 0.001839615 -2.002751827 -0.016971197 -0.001936020 0.999854088 80.083724976
0.999774933 0.004890045 0.020646898 0.907197058 -0.004922925 0.999986649 0.001541840 -2.017317295 -0.020639082 -0.001643136 0.999785662 80.627243042
0.999709129 0.004946959 0.023607539 0.938481390 -0.004993229 0.999985695 0.001901305 -2.039470196 -0.023597796 -0.002018630 0.999719501 81.152061462
0.999588072 0.005503078 0.028169287 0.965836048 -0.005548635 0.999983430 0.001539373 -2.035476208 -0.028160349 -0.001695040 0.999601960 81.683410645
0.999382079 0.005723183 0.034679811 0.958622932 -0.005783226 0.999981880 0.001631379 -2.039051533 -0.034669854 -0.001830932 0.999397099 82.188934326
0.999152780 0.005370582 0.040803142 0.993941545 -0.005424973 0.999984503 0.001222382 -2.051346779 -0.040795952 -0.001442702 0.999166429 82.736679077
0.998875678 0.005781080 0.047050904 1.031203747 -0.005862050 0.999981463 0.001583137 -2.068388462 -0.047040895 -0.001857172 0.998891294 83.280532837
0.998481214 0.005457588 0.054822333 1.080935717 -0.005563056 0.999982893 0.001771406 -2.086776733 -0.054811735 -0.002073695 0.998494565 83.814880371
0.997961938 0.006161251 0.063515574 1.104918480 -0.006282335 0.999978721 0.001706835 -2.100414276 -0.063503727 -0.002102382 0.997979343 84.293319702
0.997462571 0.005626638 0.070970267 1.159931183 -0.005730400 0.999982715 0.001258562 -2.109621525 -0.070961960 -0.001662056 0.997477651 84.847457886
0.996784925 0.005849198 0.079910338 1.218971729 -0.005970925 0.999981225 0.001284425 -2.125201464 -0.079901338 -0.001757435 0.996801257 85.381263733
0.995951295 0.005409391 0.089731500 1.274745464 -0.005538960 0.999983966 0.001195038 -2.131860256 -0.089723609 -0.001687219 0.995965302 85.850738525
0.995129406 0.004999173 0.098450735 1.344860554 -0.005113489 0.999986470 0.000908879 -2.139639378 -0.098444864 -0.001407879 0.995141566 86.404624939
0.994381785 0.004538408 0.105756275 1.404317856 -0.004664788 0.999988675 0.000947684 -2.166855335 -0.105750777 -0.001435691 0.994391620 86.901237488
0.993255436 0.004882741 0.115845121 1.482226372 -0.004986728 0.999987364 0.000607847 -2.166625023 -0.115840688 -0.001181436 0.993267119 87.421852112
0.991981983 0.004943003 0.126283005 1.575364113 -0.005063270 0.999986947 0.000631381 -2.178285837 -0.126278222 -0.001265724 0.991994023 87.954467773
0.990748525 0.004758143 0.135627076 1.666401863 -0.004922812 0.999987483 0.000878767 -2.205171824 -0.135621205 -0.001538304 0.990759552 88.455497742
0.989137650 0.004300248 0.146929756 1.772096634 -0.004452229 0.999989867 0.000705531 -2.224586725 -0.146925211 -0.001352033 0.989146709 88.967720032
0.987148464 0.004491561 0.159742609 1.851931572 -0.004651986 0.999988973 0.000630333 -2.222752571 -0.159738004 -0.001365352 0.987158597 89.538986206
0.985333443 0.004148906 0.170589909 1.966329575 -0.004286709 0.999990702 0.000439474 -2.235076904 -0.170586497 -0.001164298 0.985341966 90.075294495
0.983548343 0.003473395 0.180611193 2.086679459 -0.003595985 0.999993443 0.000351326 -2.249417067 -0.180608764 -0.000995022 0.983554542 90.600776672
0.981014907 0.003717576 0.193895981 2.190084457 -0.003898988 0.999992192 0.000553998 -2.264927387 -0.193892360 -0.001299478 0.981022060 91.105682373
0.978593469 0.002680159 0.205785483 2.328178406 -0.002786828 0.999996066 0.000228506 -2.273665190 -0.205784053 -0.000797103 0.978597105 91.631568909
0.976316929 0.002240873 0.216333270 2.462898254 -0.002293007 0.999997377 -0.000010012 -2.284986019 -0.216332734 -0.000486278 0.976319671 92.177856445
0.973274291 0.002914314 0.229626864 2.603254318 -0.003071484 0.999995232 0.000327034 -2.300973415 -0.229624823 -0.001023588 0.973278701 92.687515259
0.970006943 0.002635550 0.243062973 2.708583832 -0.002743711 0.999996245 0.000106463 -2.304975510 -0.243061826 -0.000770164 0.970010459 93.174201965
0.967064381 0.002374468 0.254520923 2.865219116 -0.002465202 0.999997020 0.000037515 -2.322392702 -0.254520059 -0.000663725 0.967067301 93.693290710
0.964326143 0.001002952 0.264715284 3.041524887 -0.000987987 0.999999583 -0.000189675 -2.340441942 -0.264715314 -0.000078627 0.964326560 94.171295166
0.960412681 0.002081035 0.278573453 3.181264877 -0.002212194 0.999997556 0.000156472 -2.342374802 -0.278572470 -0.000766537 0.960414886 94.694656372
0.956710279 0.001912356 0.291035593 3.363946915 -0.002031405 0.999997973 0.000106908 -2.359644413 -0.291034818 -0.000693492 0.956712186 95.217102051
0.953103423 0.002042779 0.302637905 3.553506851 -0.002303804 0.999997258 0.000505523 -2.385118008 -0.302636087 -0.001179034 0.953105450 95.700286865
0.948586106 0.001903990 0.316513479 3.717643738 -0.002077921 0.999997854 0.000211996 -2.375692368 -0.316512495 -0.000858787 0.948587894 96.191833496
0.943547428 0.001830257 0.331232339 3.886215210 -0.002062923 0.999997795 0.000350848 -2.401215553 -0.331230998 -0.001014349 0.943549097 96.721343994
0.939446151 0.001692849 0.342692435 4.093654633 -0.001962451 0.999997973 0.000439959 -2.415175915 -0.342691094 -0.001085835 0.939447463 97.231468201
0.934597731 0.000719763 0.355705798 4.306575775 -0.000906538 0.999999523 0.000358404 -2.428016663 -0.355705380 -0.000657424 0.934597969 97.737251282
0.929060996 0.000497194 0.369926244 4.523248672 -0.000666917 0.999999762 0.000330908 -2.448170185 -0.369925976 -0.000554144 0.929060996 98.222068787
0.924168944 0.001243547 0.381981969 4.742916107 -0.001641736 0.999998391 0.000716518 -2.466087580 -0.381980479 -0.001289297 0.924169540 98.681236267
0.919102907 0.000830183 0.394016773 4.941553116 -0.001090279 0.999999225 0.000436267 -2.467805862 -0.394016087 -0.000830562 0.919103146 99.170181274
0.913020730 0.000848662 0.407912403 5.187126160 -0.001119551 0.999999285 0.000425365 -2.480394363 -0.407911718 -0.000845045 0.913020968 99.658309937
0.907031357 0.000419040 0.421062827 5.430358887 -0.000787228 0.999999404 0.000700610 -2.497250795 -0.421062320 -0.000966948 0.907031178 100.138412476
0.902169585 -0.000599888 0.431381226 5.703079224 0.000662918 0.999999702 0.000004228 -2.504956007 -0.431381136 0.000282157 0.902169704 100.624008179
0.895518184 0.000489826 0.445024580 5.923923492 -0.000696105 0.999999642 0.000300092 -2.511801004 -0.445024371 -0.000578522 0.895518184 101.147354126
0.888681531 0.000243793 0.458524853 6.197540283 -0.000188835 0.999999940 -0.000165703 -2.523988724 -0.458524883 0.000060672 0.888681531 101.629661560
0.882510781 0.000198288 0.470292151 6.475734711 -0.000013439 0.999999881 -0.000396408 -2.535677433 -0.470292211 0.000343514 0.882510662 102.111473083
0.876786053 0.000033747 0.480880737 6.753078461 -0.000127064 0.999999940 0.000161497 -2.565573215 -0.480880648 -0.000202700 0.876785994 102.540138245
0.868955255 -0.000264676 0.494890451 6.996913910 0.000141334 0.999999881 0.000286654 -2.568678141 -0.494890481 -0.000179145 0.868955314 102.996932983
