1.000000000 0.000000000 0.000000000 0.000000000 0.000000000 1.000000000 0.000000000 0.000000000 0.000000000 0.000000000 1.000000000 0.000000000
1.000000000 0.000094275 0.000019154 -0.000384732 -0.000094277 1.000000000 0.000125172 -0.000247163 -0.000019142 -0.000125174 1.000000000 -0.000065486
1.000000000 0.000094616 -0.000009137 -0.000583936 -0.000094616 1.000000000 0.000001610 0.000378442 0.000009138 -0.000001609 1.000000000 -0.000263752
1.000000000 0.000144564 0.000120579 -0.000996609 -0.000144569 1.000000000 0.000040982 -0.000406126 -0.000120573 -0.000040999 1.000000000 -0.000093408
0.999999940 0.000136636 0.000291193 -0.002027652 -0.000136642 1.000000000 0.000020089 0.000422901 -0.000291190 -0.000020129 0.999999940 0.000845116
1.000000000 -0.000104676 0.000056349 -0.000507829 0.000104674 1.000000000 0.000039025 0.000036508 -0.000056353 -0.000039019 1.000000000 0.000308744
0.999999940 0.000155968 0.000202122 -0.002141936 -0.000155987 1.000000000 0.000091603 -0.000227241 -0.000202108 -0.000091635 1.000000000 -0.000601690
1.000000000 0.000180265 0.000128550 -0.001543559 -0.000180261 1.000000000 -0.000029407 -0.000176046 -0.000128555 0.000029384 1.000000000 -0.001003107
1.000000000 0.000115939 0.000168724 -0.001840268 -0.000115944 1.000000000 0.000033133 -0.001010511 -0.000168720 -0.000033152 1.000000000 -0.001720509
1.000000000 0.000139470 0.000111804 -0.001892493 -0.000139484 1.000000000 0.000125805 -0.000948522 -0.000111786 -0.000125821 1.000000000 0.000117780
1.000000000 0.000059435 0.000143155 -0.001193164 -0.000059454 1.000000000 0.000130394 -0.001214688 -0.000143147 -0.000130403 1.000000000 -0.000841834
1.000000000 0.000171605 0.000172781 -0.001430657 -0.000171604 1.000000000 -0.000010037 -0.000647909 -0.000172782 0.000010008 1.000000000 -0.000024929
1.000000000 0.000027467 0.000124245 -0.001113690 -0.000027475 1.000000000 0.000066149 0.000502698 -0.000124243 -0.000066152 1.000000000 0.000128722
0.999999940 0.000208736 0.000233978 -0.002877283 -0.000208716 1.000000000 -0.000084150 0.000901255 -0.000233995 0.000084101 0.999999940 -0.000137217
0.999999940 0.000248388 0.000123228 -0.001762424 -0.000248389 0.999999940 0.000005455 0.001075009 -0.000123227 -0.000005486 1.000000000 0.001460952
0.999999881 0.000376567 0.000233344 -0.002593137 -0.000376564 0.999999940 -0.000011366 0.001024429 -0.000233348 0.000011278 1.000000000 0.001845302
0.999999881 0.000417196 0.000288226 -0.002958394 -0.000417179 0.999999940 -0.000057670 0.001086123 -0.000288250 0.000057549 0.999999940 0.000597197
0.999999940 0.000240861 0.000242638 -0.002256157 -0.000240861 1.000000000 0.000002840 0.001527525 -0.000242637 -0.000002898 1.000000000 0.002193200
0.999999881 0.000279882 0.000325055 -0.002827870 -0.000279870 0.999999940 -0.000037771 0.001459387 -0.000325066 0.000037680 0.999999940 0.001647331
0.999999940 0.000324487 0.000242733 -0.002677373 -0.000324506 0.999999940 0.000079297 0.000939137 -0.000242707 -0.000079376 0.999999940 0.002457555
0.999999881 0.000409027 0.000219844 -0.003148054 -0.000409017 0.999999940 -0.000043022 0.002015130 -0.000219862 0.000042932 1.000000000 0.002738942
0.999999940 0.000273307 0.000177769 -0.002037506 -0.000273299 0.999999940 -0.000044504 0.001446193 -0.000177781 0.000044456 1.000000000 0.002229998
0.999999940 0.000271795 0.000162101 -0.002446089 -0.000271809 0.999999940 0.000084375 0.000991287 -0.000162078 -0.000084419 1.000000000 0.001637763
0.999999821 0.000552886 0.000200931 -0.003009362 -0.000552879 0.999999821 -0.000037438 0.001652817 -0.000200952 0.000037327 1.000000000 0.002646556
0.999999881 0.000351277 0.000235982 -0.002139582 -0.000351270 0.999999940 -0.000027956 0.001884745 -0.000235992 0.000027873 1.000000000 0.001632962
0.999999940 0.000318823 0.000204122 -0.002783983 -0.000318809 0.999999940 -0.000068965 0.002758902 -0.000204144 0.000068900 1.000000000 0.003886617
0.999999881 0.000386400 0.000269506 -0.003019000 -0.000386419 0.999999940 0.000072562 0.001004972 -0.000269478 -0.000072666 0.999999940 0.002335602
0.999999881 0.000399299 0.000180449 -0.002563175 -0.000399285 0.999999940 -0.000080458 0.001933622 -0.000180482 0.000080386 1.000000000 0.001639449
0.999999940 0.000346639 0.000184006 -0.002527738 -0.000346619 0.999999940 -0.000106800 0.002979503 -0.000184043 0.000106736 1.000000000 0.002769765
0.999999881 0.000395821 0.000302097 -0.002426841 -0.000395810 0.999999940 -0.000034988 0.001667111 -0.000302111 0.000034868 0.999999940 0.002735315
0.999999881 0.000406558 0.000291892 -0.002955990 -0.000406544 0.999999940 -0.000048538 0.002005689 -0.000291912 0.000048419 0.999999940 0.002488337
0.999999940 0.000297975 0.000173680 -0.001810589 -0.000297958 0.999999940 -0.000096594 0.001896766 -0.000173708 0.000096542 1.000000000 0.002605172
0.999999821 0.000524037 0.000324952 -0.002219943 -0.000524051 0.999999881 0.000043919 0.000493432 -0.000324929 -0.000044089 0.999999940 0.000910738
0.999999821 0.000488331 0.000289373 -0.003202898 -0.000488282 0.999999881 -0.000170212 0.001891684 -0.000289457 0.000170070 0.999999940 0.002190785
0.999999821 0.000554529 0.000277624 -0.002293531 -0.000554488 0.999999821 -0.000148228 0.001874270 -0.000277707 0.000148074 0.999999940 0.002344435
0.999999881 0.000379509 0.000278091 -0.003402617 -0.000379489 0.999999940 -0.000072546 0.002093018 -0.000278118 0.000072441 0.999999940 0.002365615
0.999999821 0.000501917 0.000275453 -0.003399704 -0.000501879 0.999999881 -0.000135283 0.003359024 -0.000275520 0.000135145 0.999999940 0.003035160
0.999999821 0.000534970 0.000315041 -0.003251178 -0.000534954 0.999999881 -0.000049771 0.001282665 -0.000315067 0.000049602 0.999999940 0.002550198
0.999999881 0.000410577 0.000221238 -0.001299502 -0.000410570 0.999999940 -0.000032532 0.001878835 -0.000221251 0.000032441 1.000000000 0.000843902
0.999999940 0.000277255 0.000199326 -0.002154684 -0.000277225 0.999999940 -0.000147781 0.001317826 -0.000199367 0.000147726 0.999999940 0.001566791
0.999999881 0.000386295 0.000328760 -0.002285893 -0.000386094 0.999999762 -0.000613647 0.000077318 -0.000328997 0.000613520 0.999999762 0.050152194
0.999999821 0.000341435 0.000436664 -0.003336357 -0.000340900 0.999999166 -0.001225372 -0.003722927 -0.000437082 0.001225223 0.999999166 0.137567088
0.999999821 0.000427849 0.000365729 0.001560372 -0.000427321 0.999998868 -0.001442821 -0.007033337 -0.000366346 0.001442664 0.999998868 0.251397997
0.999999523 0.000850855 0.000427736 0.001731528 -0.000850434 0.999999166 -0.000982833 -0.012837422 -0.000428572 0.000982469 0.999999404 0.382785976
0.999999285 0.000987003 0.000634535 0.001276696 -0.000986414 0.999999106 -0.000928220 -0.014307020 -0.000635450 0.000927593 0.999999344 0.530653775
0.999999940 0.000139515 0.000335181 0.010626163 -0.000139246 0.999999642 -0.000803303 -0.019055504 -0.000335293 0.000803256 0.999999642 0.694530010
0.999999285 0.000908333 0.000795415 0.005130964 -0.000907898 0.999999464 -0.000546639 -0.020730646 -0.000795911 0.000545917 0.999999523 0.847880006
0.999998093 -0.000323489 0.001973461 -0.004215264 0.000324051 1.000000000 -0.000284055 -0.032260802 -0.001973369 0.000284694 0.999998033 1.022763729
0.999998271 -0.000097471 0.001842657 0.000043436 0.000097740 1.000000000 -0.000145805 -0.037653219 -0.001842643 0.000145985 0.999998212 1.199562192
0.999997675 -0.000258382 0.002143778 0.002674636 0.000258092 0.999999940 0.000135473 -0.044021826 -0.002143813 -0.000134919 0.999997675 1.379814625
0.999997914 -0.000067965 0.002044416 0.007206576 0.000067141 0.999999940 0.000402856 -0.049542200 -0.002044443 -0.000402718 0.999997854 1.581306100
0.999997795 -0.000032502 0.002110409 0.013712063 0.000031384 0.999999881 0.000530128 -0.053915001 -0.002110426 -0.000530060 0.999997616 1.782125473
0.999997318 -0.000280815 0.002300082 0.016994523 0.000279264 0.999999762 0.000674589 -0.061203539 -0.002300270 -0.000673945 0.999997139 1.983520150
0.999997497 -0.000332839 0.002204349 0.015713610 0.000330867 0.999999523 0.000894908 -0.069888897 -0.002204646 -0.000894176 0.999997139 2.200508118
0.999996960 -0.000262253 0.002415837 0.023015175 0.000260120 0.999999523 0.000883148 -0.073420502 -0.002416068 -0.000882517 0.999996722 2.418437719
0.999997258 -0.000184885 0.002308830 0.028265718 0.000183724 0.999999821 0.000502823 -0.076922737 -0.002308922 -0.000502397 0.999997258 2.649836302
0.999997437 0.000231365 0.002240879 0.034329187 -0.000232575 0.999999762 0.000539799 -0.085470013 -0.002240753 -0.000540319 0.999997377 2.880544186
0.999996424 -0.000755555 0.002547012 0.032654490 0.000753097 0.999999166 0.000966154 -0.094412044 -0.002547741 -0.000964232 0.999996305 3.123457432
0.999996901 -0.000266023 0.002472148 0.036153194 0.000263209 0.999999285 0.001138403 -0.103850149 -0.002472449 -0.001137749 0.999996305 3.357689142
0.999996424 -0.000517828 0.002632197 0.039935481 0.000514730 0.999999166 0.001177551 -0.109517403 -0.002632805 -0.001176192 0.999995828 3.610745668
0.999996066 -0.000304825 0.002794660 0.045898370 0.000301357 0.999999166 0.001241477 -0.115723319 -0.002795036 -0.001240629 0.999995351 3.872879505
0.999996305 0.000072904 0.002711521 0.044980388 -0.000075594 0.999999523 0.000992090 -0.115237236 -0.002711447 -0.000992291 0.999995828 4.137282848
0.999995708 -0.000049006 0.002918918 0.052952431 0.000046420 0.999999642 0.000886102 -0.118074439 -0.002918960 -0.000885963 0.999995291 4.398831844
0.999995351 0.000130702 0.003050139 0.055332407 -0.000132781 0.999999762 0.000681470 -0.124573626 -0.003050049 -0.000681871 0.999995112 4.658938885
0.999995053 0.000171294 0.003136891 0.060244881 -0.000173528 0.999999762 0.000712031 -0.134908020 -0.003136769 -0.000712572 0.999994755 4.919989586
0.999993503 0.001229231 0.003388495 0.066580310 -0.001232604 0.999998808 0.000993545 -0.137323543 -0.003387270 -0.000997715 0.999993682 5.185016632
0.999995053 0.000379458 0.003126130 0.067849778 -0.000383257 0.999999166 0.001214655 -0.152696490 -0.003125667 -0.001215847 0.999994397 5.442176819
0.999994218 0.000554001 0.003363116 0.074393325 -0.000557614 0.999999285 0.001073306 -0.160187885 -0.003362519 -0.001075175 0.999993742 5.709490299
0.999994695 0.000421821 0.003231868 0.077273294 -0.000424811 0.999999464 0.000924737 -0.166159987 -0.003231477 -0.000926105 0.999994338 5.986487865
0.999992907 0.000340015 0.003749656 0.083625063 -0.000344461 0.999999225 0.001185201 -0.177465007 -0.003749250 -0.001186484 0.999992251 6.266359329
0.999993384 0.000513164 0.003585753 0.085200265 -0.000519132 0.999998510 0.001663623 -0.184466869 -0.003584894 -0.001665473 0.999992192 6.544757843
0.999992549 0.001049475 0.003698641 0.087674253 -0.001055836 0.999997914 0.001718192 -0.191423789 -0.003696830 -0.001722084 0.999991715 6.840338230
0.999991119 0.001848619 0.003788779 0.089285046 -0.001855698 0.999996543 0.001865708 -0.202325150 -0.003785316 -0.001872723 0.999991000 7.135830402
0.999992847 0.000965577 0.003665671 0.096097060 -0.000972641 0.999997675 0.001925589 -0.211317420 -0.003663803 -0.001929141 0.999991417 7.429499149
0.999994099 0.000926487 0.003313577 0.109006360 -0.000934144 0.999996960 0.002310191 -0.226908937 -0.003311426 -0.002313273 0.999991775 7.717858791
0.999992192 0.001279493 0.003739278 0.107426196 -0.001288420 0.999996364 0.002385804 -0.233814403 -0.003736211 -0.002390603 0.999990106 8.064067841
0.999991536 0.001454060 0.003843720 0.114525184 -0.001462944 0.999996245 0.002309491 -0.243970990 -0.003840348 -0.002315094 0.999989927 8.363883972
0.999993742 0.000715778 0.003456790 0.125775576 -0.000723509 0.999997199 0.002235819 -0.251397014 -0.003455181 -0.002238306 0.999991536 8.688193321
0.999991357 0.001348021 0.003930026 0.127349228 -0.001357546 0.999996185 0.002421938 -0.257410049 -0.003926746 -0.002427252 0.999989271 9.029219627
0.999990046 0.001881210 0.004052360 0.131745860 -0.001893301 0.999993682 0.002981867 -0.277777046 -0.004046725 -0.002989510 0.999987245 9.357157707
0.999988139 0.002407059 0.004215809 0.135340482 -0.002416624 0.999994516 0.002265198 -0.283054352 -0.004210333 -0.002275359 0.999988556 9.685736656
0.999991119 0.001716920 0.003850362 0.150144398 -0.001725480 0.999996006 0.002220940 -0.295712322 -0.003846533 -0.002227564 0.999990165 10.032453537
0.999989629 0.001774494 0.004193828 0.155300379 -0.001784019 0.999995828 0.002268700 -0.300363421 -0.004189784 -0.002276159 0.999988616 10.402562141
0.999989271 0.001634350 0.004325707 0.167647928 -0.001642207 0.999996960 0.001813351 -0.307118267 -0.004322730 -0.001820436 0.999988973 10.762957573
0.999992549 0.001207246 0.003665935 0.189161062 -0.001213855 0.999997675 0.001801185 -0.308496773 -0.003663751 -0.001805622 0.999991715 11.134020805
0.999993563 0.000457288 0.003542160 0.186607718 -0.000464632 0.999997735 0.002072835 -0.326560289 -0.003541204 -0.002074468 0.999991536 11.504434586
0.999993324 0.000946060 0.003526563 0.195876047 -0.000952422 0.999997854 0.001802719 -0.330627561 -0.003524850 -0.001806066 0.999992132 11.887336731
0.999989927 0.001534822 0.004210326 0.201941371 -0.001542309 0.999997199 0.001775722 -0.344752997 -0.004207588 -0.001782198 0.999989629 12.266778946
0.999990284 0.000918791 0.004298928 0.215389013 -0.000929853 0.999996185 0.002572024 -0.364941210 -0.004296548 -0.002575996 0.999987543 12.637209892
0.999990284 0.001095779 0.004272192 0.222336307 -0.001106742 0.999996066 0.002564489 -0.366128534 -0.004269365 -0.002569192 0.999987662 13.044719696
0.999991715 0.001033593 0.003942347 0.227382272 -0.001043487 0.999996305 0.002508354 -0.384313673 -0.003939740 -0.002512447 0.999989092 13.409890175
0.999991775 0.000870733 0.003977018 0.237948090 -0.000882774 0.999995053 0.003027052 -0.395343006 -0.003974363 -0.003030538 0.999987543 13.834092140
0.999990165 0.001358269 0.004210187 0.245377332 -0.001370176 0.999995112 0.002826444 -0.401442766 -0.004206327 -0.002832185 0.999987185 14.259418488
0.999985158 0.001630054 0.005216997 0.250611126 -0.001643723 0.999995232 0.002616874 -0.413302988 -0.005212706 -0.002625410 0.999983013 14.672800064
0.999983549 0.002389650 0.005209980 0.259629250 -0.002404885 0.999992847 0.002919826 -0.426947355 -0.005202964 -0.002932308 0.999982178 15.090753555
0.999983132 0.002071923 0.005429411 0.271884620 -0.002086385 0.999994338 0.002659460 -0.437700778 -0.005423870 -0.002670743 0.999981821 15.533623695
0.999982357 0.001868046 0.005634144 0.278798521 -0.001884196 0.999994159 0.002862537 -0.447040081 -0.005628764 -0.002873102 0.999980092 15.989365578
0.999976635 0.003214360 0.006023315 0.293786198 -0.003237412 0.999987543 0.003821424 -0.460114956 -0.006010957 -0.003840835 0.999974608 16.408052444
0.999977291 0.002049984 0.006409268 0.295502782 -0.002069819 0.999993086 0.003089634 -0.476380438 -0.006402890 -0.003102830 0.999974608 16.838041306
0.999977112 0.001700132 0.006548985 0.311984241 -0.001722219 0.999992847 0.003368272 -0.492219090 -0.006543212 -0.003379473 0.999972820 17.301074982
0.999972343 0.002069640 0.007140705 0.319751680 -0.002091774 0.999993026 0.003093644 -0.501127839 -0.007134252 -0.003108494 0.999969721 17.763374329
0.999975979 0.001219247 0.006823861 0.337968886 -0.001239166 0.999994993 0.002915473 -0.512774229 -0.006820271 -0.002923859 0.999972463 18.219375610
0.999965847 0.002337496 0.007922711 0.338998795 -0.002357961 0.999993920 0.002574711 -0.522456706 -0.007916644 -0.002593305 0.999965310 18.696241379
0.999971330 0.001586745 0.007403002 0.346122205 -0.001608414 0.999994457 0.002922071 -0.536581397 -0.007398322 -0.002933893 0.999968350 19.113092422
0.999969840 0.002088978 0.007479257 0.360257596 -0.002109803 0.999993920 0.002777515 -0.546052337 -0.007473410 -0.002793210 0.999968171 19.597740173
0.999959886 0.003058239 0.008415516 0.358171672 -0.003081455 0.999991477 0.002747274 -0.555380404 -0.008407042 -0.002773095 0.999960840 20.089822769
0.999965966 0.002545927 0.007850272 0.381933272 -0.002561589 0.999994755 0.001985642 -0.567941964 -0.007845176 -0.002005683 0.999967217 20.590595245
0.999966979 0.002699465 0.007668934 0.368791014 -0.002722368 0.999991775 0.002977742 -0.587437510 -0.007660835 -0.002998521 0.999966145 21.032392502
0.999970317 0.002352836 0.007348080 0.381739497 -0.002373189 0.999993324 0.002762193 -0.593765438 -0.007341534 -0.002779550 0.999969184 21.543668747
0.999970198 0.003377342 0.006944483 0.387834430 -0.003398976 0.999989331 0.003105789 -0.608746052 -0.006933919 -0.003129301 0.999971092 22.056896210
0.999974191 0.002790045 0.006616056 0.395190060 -0.002808798 0.999992073 0.002826865 -0.613798261 -0.006608115 -0.002845375 0.999974072 22.544397354
0.999971390 0.003875639 0.006502273 0.406537414 -0.003891601 0.999989390 0.002444227 -0.634094954 -0.006492730 -0.002469461 0.999975860 23.056415558
0.999980390 0.003076925 0.005451482 0.411661088 -0.003094948 0.999989748 0.003300662 -0.656201482 -0.005441271 -0.003317469 0.999979675 23.599128723
0.999989092 0.001129173 0.004538774 0.430934131 -0.001143856 0.999994159 0.003233892 -0.672242701 -0.004535096 -0.003239048 0.999984503 24.132789612
0.999980032 0.004093997 0.004810295 0.433242798 -0.004108855 0.999986768 0.003082944 -0.675582349 -0.004797611 -0.003102647 0.999983668 24.671329498
0.999984682 0.003990149 0.003830978 0.442519367 -0.004002330 0.999986947 0.003177142 -0.692673862 -0.003818251 -0.003192425 0.999987543 25.208612442
0.999985576 0.004115287 0.003442212 0.453531444 -0.004126562 0.999986172 0.003275076 -0.705569625 -0.003428686 -0.003289233 0.999988675 25.753343582
0.999988258 0.004028341 0.002683882 0.474771142 -0.004038215 0.999984980 0.003683669 -0.719896019 -0.002669002 -0.003694464 0.999989569 26.313081741
0.999988675 0.004094310 0.002428530 0.478576481 -0.004103303 0.999984682 0.003709280 -0.732596934 -0.002413306 -0.003719203 0.999990165 26.844942093
0.999989331 0.004184877 0.001955118 0.494900286 -0.004191705 0.999985039 0.003500870 -0.743682683 -0.001940439 -0.003509027 0.999991953 27.399383545
0.999988914 0.004498846 0.001367947 0.506496727 -0.004503900 0.999982893 0.003714488 -0.762980402 -0.001351212 -0.003720607 0.999992132 27.922536850
0.999989212 0.004459139 0.001316907 0.508400619 -0.004463661 0.999984086 0.003450577 -0.766366243 -0.001301499 -0.003456418 0.999993205 28.488845825
0.999990046 0.004424124 0.000691861 0.525728047 -0.004426262 0.999985337 0.003122417 -0.777617693 -0.000678037 -0.003125448 0.999994934 29.045843124
0.999987602 0.004830937 0.001235603 0.526432455 -0.004834703 0.999983549 0.003063255 -0.788889289 -0.001220784 -0.003069190 0.999994576 29.581501007
0.999983132 0.005720577 0.001056799 0.531189919 -0.005724043 0.999978185 0.003306995 -0.806913793 -0.001037858 -0.003312988 0.999993980 30.123315811
0.999983013 0.005730393 0.001091021 0.518755972 -0.005733987 0.999978006 0.003322270 -0.813976526 -0.001071959 -0.003328469 0.999993801 30.630943298
0.999985635 0.005306845 0.000852278 0.531931281 -0.005310456 0.999976695 0.004292673 -0.830592155 -0.000829476 -0.004297136 0.999990344 31.190158844
0.999977827 0.006591055 0.000946992 0.535278022 -0.006593728 0.999974251 0.002847279 -0.835107923 -0.000928201 -0.002853460 0.999995470 31.724626541
0.999984324 0.005575344 0.000329402 0.552178323 -0.005576337 0.999979675 0.003096178 -0.851098478 -0.000312133 -0.003097966 0.999995172 32.251926422
0.999983788 0.005668039 -0.000502205 0.560149908 -0.005666342 0.999978483 0.003318293 -0.868234277 0.000521002 -0.003315394 0.999994338 32.799140930
0.999981940 0.005988666 0.000211582 0.559223652 -0.005989374 0.999975801 0.003530722 -0.884452403 -0.000190433 -0.003531926 0.999993742 33.331176758
0.999983728 0.005698263 -0.000292340 0.579980612 -0.005697220 0.999977767 0.003458258 -0.894347727 0.000312040 -0.003456536 0.999993980 33.874694824
0.999983013 0.005813193 -0.000502238 0.590381086 -0.005811560 0.999977946 0.003192330 -0.905802846 0.000520785 -0.003189357 0.999994755 34.418571472
0.999978840 0.006480354 -0.000569602 0.590072155 -0.006478768 0.999975204 0.002740989 -0.921130002 0.000587350 -0.002737240 0.999996066 34.947261810
0.999981642 0.005976498 -0.001003063 0.616034091 -0.005973844 0.999978721 0.002626325 -0.924158931 0.001018738 -0.002620285 0.999996006 35.513080597
0.999981523 0.005950391 -0.001234428 0.615710378 -0.005945961 0.999975920 0.003561351 -0.946002543 0.001255590 -0.003553945 0.999992907 36.028266907
0.999980330 0.006090583 -0.001453091 0.624363780 -0.006085702 0.999975920 0.003339880 -0.957879066 0.001473398 -0.003330973 0.999993443 36.583648682
0.999985158 0.005208999 -0.001588395 0.636856258 -0.005204240 0.999982059 0.002985466 -0.967576385 0.001603918 -0.002977156 0.999994278 37.134902954
0.999980927 0.006031606 -0.001302867 0.637174129 -0.006027050 0.999975801 0.003473280 -0.986498177 0.001323785 -0.003465362 0.999993086 37.634803772
0.999980867 0.005826026 -0.002096501 0.652181625 -0.005819054 0.999977529 0.003316000 -0.999814451 0.002115773 -0.003303737 0.999992311 38.180438995
0.999980688 0.005994346 -0.001689680 0.657877505 -0.005989945 0.999978721 0.002597737 -1.004560471 0.001705216 -0.002587566 0.999995232 38.744438171
0.999981761 0.005798227 -0.001682198 0.664748132 -0.005792678 0.999977827 0.003285783 -1.020267248 0.001701212 -0.003275979 0.999993205 39.241882324
0.999981344 0.005816892 -0.001862340 0.673541725 -0.005810581 0.999977410 0.003376399 -1.033595681 0.001881937 -0.003365515 0.999992549 39.797248840
0.999980211 0.005793643 -0.002420127 0.690411448 -0.005786512 0.999978840 0.002943064 -1.044954300 0.002437127 -0.002929002 0.999992728 40.340435028
0.999978602 0.006367696 -0.001519055 0.689196587 -0.006363288 0.999975562 0.002889265 -1.059220076 0.001537416 -0.002879537 0.999994636 40.859477997
0.999972224 0.007286018 -0.001638478 0.701556027 -0.007281103 0.999969006 0.002985497 -1.068152308 0.001660180 -0.002973484 0.999994159 41.401329041
0.999974132 0.007075944 -0.001265032 0.703526258 -0.007072376 0.999970973 0.002803118 -1.084437490 0.001284830 -0.002794098 0.999995351 41.958164215
0.999978721 0.006369206 -0.001391004 0.707270801 -0.006364604 0.999974370 0.003287815 -1.095705867 0.001411909 -0.003278892 0.999993622 42.430599213
0.999977708 0.006480281 -0.001570424 0.720786512 -0.006475161 0.999973714 0.003244018 -1.109526038 0.001591405 -0.003233777 0.999993503 42.977733612
0.999980748 0.005945293 -0.001736105 0.736066580 -0.005939784 0.999977350 0.003161312 -1.127021432 0.001754861 -0.003150939 0.999993503 43.530162811
0.999978840 0.006309992 -0.001585176 0.734361827 -0.006305145 0.999975502 0.003042850 -1.133454919 0.001604337 -0.003032791 0.999994099 44.019714355
0.999974191 0.007121903 -0.000965023 0.740437984 -0.007118729 0.999969363 0.003252795 -1.145815611 0.000988160 -0.003245841 0.999994278 44.576045990
0.999978185 0.006356035 -0.001780324 0.759762228 -0.006351624 0.999976754 0.002472139 -1.158006668 0.001795995 -0.002460777 0.999995351 45.119514465
0.999972641 0.007332282 -0.001071917 0.746076226 -0.007329382 0.999969482 0.002685637 -1.168353677 0.001091576 -0.002677707 0.999995768 45.602283478
0.999972463 0.007372511 -0.000839807 0.753466070 -0.007370475 0.999969959 0.002402967 -1.179793000 0.000857498 -0.002396711 0.999996722 46.151344299
0.999968171 0.007978263 -0.000525109 0.752124667 -0.007976824 0.999964595 0.002687283 -1.190083265 0.000546530 -0.002683009 0.999996245 46.655815125
0.999966025 0.008211750 -0.000744779 0.759099722 -0.008209688 0.999962568 0.002730807 -1.202813268 0.000767176 -0.002724600 0.999996006 47.200851440
0.999968529 0.007777872 -0.001552292 0.775536597 -0.007774532 0.999967515 0.002147222 -1.216041446 0.001568943 -0.002135086 0.999996424 47.760551453
0.999978602 0.006474393 -0.000905047 0.781595409 -0.006471567 0.999974310 0.003091051 -1.230926514 0.000925037 -0.003085128 0.999994755 48.237846375
0.999980509 0.006073629 -0.001406213 0.792322874 -0.006068937 0.999976158 0.003315685 -1.243812442 0.001426317 -0.003307086 0.999993503 48.784408569
0.999971986 0.007436968 -0.000774617 0.802043259 -0.007434923 0.999968946 0.002610846 -1.248763680 0.000794010 -0.002605014 0.999996305 49.341228485
0.999971747 0.007478190 -0.000789618 0.802510738 -0.007475861 0.999967933 0.002912177 -1.265715122 0.000811371 -0.002906191 0.999995470 49.832015991
0.999970615 0.007640492 -0.000740433 0.812673986 -0.007638678 0.999967992 0.002423803 -1.279955149 0.000758928 -0.002418076 0.999996841 50.368247986
0.999974430 0.007081212 -0.001091814 0.821953773 -0.007078223 0.999971330 0.002718406 -1.291594148 0.001111033 -0.002710608 0.999995708 50.924022675
0.999970376 0.007651851 -0.000747684 0.824769020 -0.007649668 0.999966562 0.002882997 -1.304001927 0.000769719 -0.002877192 0.999995589 51.418247223
0.999971867 0.007459114 -0.000768924 0.837532818 -0.007457023 0.999968588 0.002688704 -1.317082763 0.000788955 -0.002682894 0.999996066 51.963100433
0.999970973 0.007608568 -0.000440082 0.832787275 -0.007607411 0.999967754 0.002571605 -1.323820949 0.000459634 -0.002568183 0.999996543 52.487758636
0.999967575 0.008021969 -0.000757393 0.842631698 -0.008019833 0.999963880 0.002781662 -1.342530847 0.000779680 -0.002775497 0.999995887 53.033908844
0.999966860 0.008135058 -0.000111564 0.841068745 -0.008134805 0.999964714 0.002102401 -1.351033092 0.000128663 -0.002101424 0.999997735 53.551147461
0.999967515 0.008065371 -0.000207185 0.852876961 -0.008064994 0.999966025 0.001761153 -1.363790274 0.000221383 -0.001759425 0.999998450 54.082221985
0.999965429 0.008304425 -0.000430204 0.864381373 -0.008303588 0.999963760 0.001911915 -1.377255321 0.000446065 -0.001908277 0.999998093 54.650657654
0.999970853 0.007626965 -0.000278252 0.873504519 -0.007626422 0.999969065 0.001894693 -1.386284113 0.000292693 -0.001892516 0.999998093 55.127151489
0.999964476 0.008425795 -0.000124281 0.874594569 -0.008425436 0.999960959 0.002642885 -1.400989294 0.000146545 -0.002641744 0.999996483 55.683811188
0.999966621 0.008166227 0.000128810 0.890516937 -0.008166592 0.999961674 0.003140336 -1.422597885 -0.000103160 -0.003141283 0.999994993 56.234603882
0.999966919 0.008125631 0.000097401 0.892094970 -0.008125828 0.999964595 0.002180361 -1.426936626 -0.000079680 -0.002181080 0.999997616 56.714851379
0.999968171 0.007979732 0.000055606 0.902357757 -0.007979822 0.999966562 0.001801148 -1.442356944 -0.000041231 -0.001801534 0.999998331 57.261394501
0.999964476 0.008415417 0.000502202 0.913688064 -0.008416325 0.999962866 0.001828287 -1.449161530 -0.000486798 -0.001832449 0.999998212 57.829826355
0.999971151 0.007597816 -0.000160927 0.926061273 -0.007597475 0.999969065 0.002016596 -1.457105637 0.000176244 -0.002015315 0.999997973 58.271911621
0.999967873 0.008010332 0.000294760 0.935235441 -0.008010866 0.999966145 0.001866114 -1.477999568 -0.000279802 -0.001868415 0.999998212 58.809215546
0.999972761 0.007380110 -0.000101373 0.948176205 -0.007379913 0.999971151 0.001811201 -1.492835283 0.000114737 -0.001810404 0.999998391 59.358474731
0.999965608 0.008297007 0.000003241 0.942912936 -0.008297000 0.999964178 0.001623099 -1.498480678 0.000010226 -0.001623071 0.999998689 59.853260040
0.999960721 0.008866491 -0.000144645 0.957383096 -0.008866293 0.999959767 0.001312511 -1.510533929 0.000156276 -0.001311177 0.999999106 60.404327393
0.999971390 0.007554873 -0.000475100 0.980060637 -0.007554153 0.999970257 0.001501256 -1.525518417 0.000486428 -0.001497624 0.999998808 60.943740845
0.999969304 0.007824858 0.000372826 0.960736275 -0.007825460 0.999968052 0.001647607 -1.545338511 -0.000359922 -0.001650474 0.999998510 61.416004181
0.999966443 0.008190417 -0.000231885 0.977462173 -0.008190069 0.999965429 0.001462985 -1.557579637 0.000243860 -0.001461037 0.999998868 61.964183807
0.999969304 0.007829746 -0.000151388 0.993974686 -0.007829517 0.999968290 0.001454604 -1.565783262 0.000162772 -0.001453374 0.999998927 62.516696930
0.999958932 0.009052755 0.000398130 1.001304269 -0.009053347 0.999957860 0.001512650 -1.595516682 -0.000384419 -0.001516193 0.999998748 63.048019409
0.999965370 0.008311114 0.000367896 0.988941610 -0.008311638 0.999964356 0.001441161 -1.596701741 -0.000355905 -0.001444169 0.999998868 63.527542114
0.999968410 0.007938795 0.000385744 1.003343225 -0.007939166 0.999967992 0.000969799 -1.606770635 -0.000378032 -0.000972831 0.999999404 64.081756592
0.999968827 0.007874922 0.000677769 1.015051603 -0.007875651 0.999968410 0.001080395 -1.621505022 -0.000669240 -0.001085699 0.999999166 64.625892639
0.999965966 0.008229400 0.000550617 1.012519956 -0.008229997 0.999965549 0.001092001 -1.634809256 -0.000541612 -0.001096495 0.999999225 65.103538513
0.999969661 0.007648235 0.001460462 1.011826158 -0.007649082 0.999970555 0.000574912 -1.643405080 -0.001456022 -0.000586066 0.999998748 65.657348633
0.999972582 0.007320267 0.001049323 1.031715989 -0.007320729 0.999973118 0.000435975 -1.663335443 -0.001046103 -0.000443644 0.999999344 66.194427490
0.999961376 0.008693213 0.001250264 1.043415785 -0.008693899 0.999962091 0.000544285 -1.679046869 -0.001245485 -0.000555134 0.999999046 66.713684082
0.999962151 0.008647101 0.000939581 1.035805583 -0.008647793 0.999962270 0.000734391 -1.688945889 -0.000933195 -0.000742488 0.999999285 67.172431946
0.999958098 0.009044269 0.001396243 1.041917562 -0.009045159 0.999958873 0.000632243 -1.701163530 -0.001390468 -0.000644846 0.999998808 67.733238220
0.999960303 0.008817622 0.001258807 1.049316168 -0.008817809 0.999961019 0.000144632 -1.717603683 -0.001257482 -0.000155726 0.999999166 68.268058777
0.999952674 0.009594079 0.001616376 1.051015139 -0.009594939 0.999953806 0.000525190 -1.726631641 -0.001611263 -0.000540674 0.999998510 68.752670288
0.999943674 0.010322629 0.002476339 1.054508448 -0.010323982 0.999946594 0.000534625 -1.739858747 -0.002470688 -0.000560161 0.999996841 69.312889099
0.999934554 0.011237291 0.002145862 1.066044688 -0.011238488 0.999936640 0.000546581 -1.759914398 -0.002139584 -0.000570662 0.999997556 69.875450134
0.999954879 0.009321800 0.001813762 1.085128427 -0.009322428 0.999956429 0.000335167 -1.765337825 -0.001810559 -0.000352061 0.999998271 70.363662720
0.999962211 0.008482231 0.001885907 1.099858642 -0.008482359 0.999963939 0.000059866 -1.775877357 -0.001885331 -0.000075861 0.999998212 70.913536072
0.999958813 0.008917558 0.001684820 1.107569575 -0.008918086 0.999960124 0.000306309 -1.796833038 -0.001682021 -0.000321322 0.999998510 71.469284058
0.999951065 0.009664787 0.002127009 1.105161428 -0.009664561 0.999953330 -0.000116853 -1.810957909 -0.002128040 0.000096291 0.999997675 72.035552979
0.999960244 0.008735875 0.001774612 1.123163581 -0.008736355 0.999961793 0.000262858 -1.814883590 -0.001772247 -0.000278351 0.999998391 72.477775574
0.999963403 0.008337122 0.001868386 1.138389826 -0.008337491 0.999965191 0.000189228 -1.830687761 -0.001866744 -0.000204799 0.999998271 73.036369324
0.999959230 0.008845592 0.001797023 1.152816534 -0.008846987 0.999960601 0.000768975 -1.842936397 -0.001790150 -0.000784841 0.999998093 73.587265015
0.999956429 0.009140303 0.001897269 1.156690598 -0.009139745 0.999958158 -0.000301549 -1.845607877 -0.001899946 0.000284195 0.999998152 74.081047058
0.999962389 0.008516775 0.001641821 1.173523903 -0.008516823 0.999963760 0.000022452 -1.862706542 -0.001641570 -0.000036434 0.999998629 74.630332947
0.999953866 0.009322527 0.002306056 1.170726895 -0.009321961 0.999956429 -0.000256613 -1.880831480 -0.002308348 0.000235104 0.999997258 75.151412964
0.999957144 0.008916625 0.002481292 1.191183090 -0.008916158 0.999960184 -0.000199591 -1.885456085 -0.002482974 0.000177459 0.999996901 75.669761658
0.999944210 0.010206793 0.002693672 1.200029969 -0.010204338 0.999947488 -0.000924124 -1.893646717 -0.002702963 0.000896585 0.999995947 76.215507507
0.999958396 0.008857522 0.002162520 1.232010484 -0.008856069 0.999960542 -0.000679773 -1.905389428 -0.002168455 0.000660593 0.999997497 76.769927979
0.999960721 0.008553527 0.002308838 1.222425938 -0.008552417 0.999963284 -0.000490389 -1.922817826 -0.002312948 0.000470624 0.999997199 77.217414856
0.999951661 0.009515538 0.002452027 1.235752583 -0.009512964 0.999954045 -0.001060215 -1.931934714 -0.002462003 0.001036837 0.999996424 77.769699097
0.999943733 0.010227495 0.002825684 1.241116762 -0.010223161 0.999946475 -0.001542512 -1.941690922 -0.002841310 0.001513537 0.999994755 78.342735291
0.999959171 0.008744267 0.002270754 1.250617146 -0.008741933 0.999961197 -0.001036090 -1.969663501 -0.002279726 0.001016196 0.999996901 78.831909180
0.999950945 0.009227977 0.003572851 1.259372711 -0.009224871 0.999957025 -0.000884630 -1.986506343 -0.003580861 0.000851627 0.999993265 79.384353638
0.999948382 0.008882735 0.004920624 1.278313160 -0.008876604 0.999959767 -0.001266393 -2.002524614 -0.004931675 0.001222649 0.999987125 79.927719116
0.999941945 0.009168784 0.005652152 1.279860973 -0.009161985 0.999957204 -0.001227684 -2.014842510 -0.005663167 0.001175827 0.999983251 80.467208862
0.999932468 0.009273418 0.006996086 1.290054202 -0.009270969 0.999956906 -0.000382454 -2.036859751 -0.006999332 0.000317568 0.999975443 81.012603760
0.999899983 0.009703998 0.010292901 1.314042091 -0.009692415 0.999952316 -0.001174564 -2.043484449 -0.010303807 0.001074683 0.999946296 81.603851318
0.999860942 0.009612594 0.013622323 1.327032208 -0.009599411 0.999953389 -0.001032749 -2.058605433 -0.013631614 0.000901839 0.999906659 82.129425049
0.999800384 0.009902065 0.017348437 1.335536480 -0.009883081 0.999950469 -0.001179554 -2.066061258 -0.017359257 0.001007863 0.999848723 82.609413147
0.999718308 0.010076430 0.021488242 1.363501549 -0.010048133 0.999948502 -0.001424355 -2.078853369 -0.021501487 0.001208038 0.999768019 83.161849976
0.999578774 0.010071115 0.027218949 1.398779988 -0.010030384 0.999948382 -0.001632617 -2.092472076 -0.027233984 0.001358912 0.999628127 83.711090088
0.999380946 0.010309679 0.033637166 1.414261699 -0.010257444 0.999945819 -0.001725178 -2.107380867 -0.033653133 0.001379079 0.999432623 84.204765320
0.999166250 0.010040424 0.039573621 1.454333305 -0.009985436 0.999948800 -0.001586979 -2.124045849 -0.039587535 0.001190496 0.999215364 84.748962402
0.998813689 0.009736218 0.047713246 1.495189190 -0.009671682 0.999951899 -0.001583269 -2.140081644 -0.047726374 0.001119923 0.998859823 85.303695679
0.998362839 0.009703996 0.056369033 1.541758537 -0.009603725 0.999951720 -0.002049504 -2.155031919 -0.056386210 0.001504796 0.998407900 85.840110779
0.997939527 0.009488738 0.063456938 1.593310595 -0.009387348 0.999954224 -0.001895758 -2.170018673 -0.063472025 0.001296160 0.997982800 86.389114380
0.997290313 0.009646528 0.072929956 1.651030540 -0.009504995 0.999952137 -0.002287495 -2.183931589 -0.072948530 0.001588098 0.997334480 86.943351746
0.996556878 0.009364907 0.082381465 1.717990398 -0.009191592 0.999954641 -0.002482808 -2.200449944 -0.082400978 0.001717043 0.996597767 87.481231689
0.995787680 0.009124046 0.091234647 1.782636166 -0.008941271 0.999957085 -0.002411900 -2.211106777 -0.091252744 0.001585986 0.995826423 88.031677246
0.995149136 0.007718935 0.098074891 1.859446049 -0.007524991 0.999969006 -0.002347244 -2.230861425 -0.098089948 0.001597846 0.995176256 88.573348999
0.994057834 0.008484569 0.108521909 1.931684494 -0.008206449 0.999961793 -0.003009149 -2.235726595 -0.108543292 0.002100689 0.994089484 89.115165710
0.992843986 0.009303846 0.119056359 2.018680573 -0.009003370 0.999954760 -0.003061437 -2.251753569 -0.119079441 0.001967620 0.992882788 89.662582397
0.991634011 0.008168451 0.128822669 2.106664658 -0.007819219 0.999964237 -0.003216465 -2.269294024 -0.128844336 0.002182264 0.991662443 90.220863342
0.990124404 0.008080285 0.139957994 2.210912704 -0.007672597 0.999964535 -0.003452283 -2.288991928 -0.139980942 0.002344349 0.990151525 90.722145081
0.988282740 0.008579989 0.152393103 2.301023483 -0.008191867 0.999961436 -0.003174535 -2.298249006 -0.152414486 0.001888953 0.988314867 91.254852295
0.986529589 0.008016748 0.163386852 2.409261703 -0.007603086 0.999966145 -0.003156976 -2.314921141 -0.163406640 0.001872206 0.986557066 91.794769287
0.984847188 0.007287712 0.173271298 2.534839630 -0.006650441 0.999968886 -0.004258167 -2.327174425 -0.173296928 0.003041314 0.984865010 92.331840515
0.982501686 0.007423012 0.186105803 2.650057793 -0.006898331 0.999970198 -0.003466680 -2.349745989 -0.186125979 0.002122200 0.982523620 92.842552185
0.980081141 0.006870497 0.198478475 2.778514862 -0.006285864 0.999973834 -0.003575503 -2.367959976 -0.198497847 0.002256674 0.980098784 93.366340637
0.977974832 0.006404521 0.208624795 2.906890869 -0.005712832 0.999975979 -0.003917859 -2.379818201 -0.208644867 0.002639729 0.977987945 93.901550293
0.975060821 0.006730316 0.221835569 3.042018890 -0.005987557 0.999973953 -0.004020584 -2.379757643 -0.221856892 0.002592060 0.975075722 94.462036133
0.971785486 0.006743786 0.235770047 3.188827515 -0.005967296 0.999974191 -0.004006786 -2.395676136 -0.235790968 0.002486827 0.971800685 94.994384766
0.969261587 0.005361582 0.245974168 3.351625443 -0.004312673 0.999979138 -0.004802795 -2.414666414 -0.245994791 0.003594358 0.969264448 95.509246826
0.966681063 0.004641888 0.255942047 3.535333633 -0.003694587 0.999984503 -0.004181927 -2.451378822 -0.255957454 0.003096990 0.966683090 95.987953186
0.962842107 0.004657647 0.270024657 3.689798355 -0.003694446 0.999984860 -0.004075219 -2.442616940 -0.270039499 0.002926201 0.962844789 96.494812012
0.959161341 0.004449680 0.282824546 3.864887238 -0.003456652 0.999985933 -0.004010017 -2.464388371 -0.282838374 0.002868628 0.959163249 97.023536682
0.955687284 0.003545291 0.294362366 4.052894592 -0.002440724 0.999988496 -0.004119689 -2.479264021 -0.294373542 0.003218677 0.955685079 97.552574158
0.951215863 0.004383603 0.308494985 4.243516922 -0.003300221 0.999986470 -0.004033516 -2.499603271 -0.308508396 0.002818644 0.951217413 98.099479675
0.946532130 0.004276256 0.322581142 4.407480240 -0.003166860 0.999987125 -0.003963858 -2.508212566 -0.322593927 0.002730350 0.946533501 98.594848633
0.942543805 0.004188767 0.334056199 4.617315292 -0.002840901 0.999985695 -0.004523288 -2.518742085 -0.334070414 0.003314378 0.942542255 99.117118835
0.937865913 0.003950154 0.346975088 4.863447189 -0.002125486 0.999981880 -0.005639200 -2.515914202 -0.346991062 0.004551323 0.937857389 99.682044983
0.932440579 0.002713867 0.361313105 5.031236649 -0.001110580 0.999988735 -0.004644963 -2.550609350 -0.361321658 0.003929886 0.932432950 100.119537354
0.927656233 0.002440946 0.373427242 5.259349823 -0.000793317 0.999989331 -0.004565801 -2.569709778 -0.373434395 0.003939247 0.927648187 100.619087219
0.922852993 0.001515594 0.385149449 5.478744507 0.000235363 0.999989867 -0.004498989 -2.581150770 -0.385152340 0.004242555 0.922843218 101.125602722
0.916993737 0.001748414 0.398897827 5.727626801 0.000094875 0.999989390 -0.004601169 -2.596315145 -0.398901641 0.004257089 0.916983843 101.602149963
0.911175430 0.001220000 0.412016869 5.980003357 0.000889038 0.999987483 -0.004927114 -2.608515263 -0.412017703 0.004855763 0.911162913 102.101982117
0.906058788 0.001040808 0.423150629 6.219841003 0.000994374 0.999988914 -0.004588810 -2.631214857 -0.423150718 0.004578501 0.906047761 102.556175232
0.900148988 0.001839774 0.435578227 6.480106354 0.000289899 0.999988317 -0.004822795 -2.646996260 -0.435582042 0.004467508 0.900137901 103.097724915
0.893625259 0.001639889 0.448810846 6.749797821 0.000600086 0.999988079 -0.004848639 -2.666126966 -0.448813438 0.004602192 0.893613636 103.585144043
0.887414455 0.001731337 0.460969150 7.021995544 0.000741371 0.999986291 -0.005183029 -2.680109739 -0.460971832 0.004941245 0.887401044 104.073028564
0.881499231 0.000995690 0.472184390 7.289409637 0.001291569 0.999989092 -0.004519838 -2.692611217 -0.472183734 0.004594092 0.881488204 104.536659241
0.874092162 0.001010426 0.485759199 7.581378937 0.001319906 0.999989212 -0.004455160 -2.710695267 -0.485758513 0.004535377 0.874081373 105.012527466
0.866775632 0.000834578 0.498697549 7.867065430 0.001777676 0.999987125 -0.004763234 -2.723379135 -0.498695046 0.005015178 0.866762936 105.470779419
