1.000000000 0.000000000 0.000000000 0.000000000 0.000000000 1.000000000 0.000000000 0.000000000 0.000000000 0.000000000 1.000000000 0.000000000
1.000000000 0.000042749 0.000003644 -0.000055572 -0.000042750 1.000000000 0.000051675 0.000115634 -0.000003642 -0.000051675 1.000000000 -0.003240355
1.000000000 0.000101319 0.000043597 -0.001488837 -0.000101319 1.000000000 -0.000000160 -0.001061123 -0.000043597 0.000000155 1.000000000 -0.001886410
1.000000000 -0.000033931 -0.000015088 0.001475955 0.000033932 1.000000000 0.000028987 -0.000155510 0.000015087 -0.000028988 1.000000000 -0.003397698
1.000000000 -0.000147445 -0.000045341 0.001896598 0.000147446 1.000000000 0.000029165 -0.000557949 0.000045337 -0.000029172 1.000000000 -0.001784092
1.000000000 -0.000009207 0.000036217 -0.000662424 0.000009206 1.000000000 0.000021462 -0.000189112 -0.000036217 -0.000021462 1.000000000 -0.001114455
1.000000000 -0.000039069 0.000036167 0.000632933 0.000039065 1.000000000 0.000117843 -0.000483024 -0.000036172 -0.000117842 1.000000000 -0.002718352
1.000000000 -0.000087057 0.000022096 -0.000243518 0.000087055 1.000000000 0.000094174 -0.000361335 -0.000022105 -0.000094172 1.000000000 0.001994666
1.000000000 0.000002168 0.000004231 0.000305282 -0.000002168 1.000000000 0.000033810 -0.000449663 -0.000004231 -0.000033810 1.000000000 -0.004662155
1.000000000 -0.000063915 0.000040658 0.000335724 0.000063913 1.000000000 0.000061488 -0.000220261 -0.000040662 -0.000061485 1.000000000 -0.004475657
1.000000000 -0.000004851 0.000034180 -0.000114434 0.000004850 1.000000000 0.000023765 -0.000249593 -0.000034180 -0.000023764 1.000000000 -0.001159724
1.000000000 -0.000080350 0.000021733 -0.000233700 0.000080349 1.000000000 0.000022195 -0.000477115 -0.000021735 -0.000022194 1.000000000 -0.005586614
1.000000000 -0.000119386 0.000094379 -0.000227581 0.000119377 1.000000000 0.000090981 -0.000670292 -0.000094390 -0.000090970 1.000000000 -0.002032953
1.000000000 -0.000057290 0.000081362 0.000239143 0.000057285 1.000000000 0.000062824 -0.000676500 -0.000081365 -0.000062820 1.000000000 -0.003670801
1.000000000 -0.000072325 0.000067850 -0.000204914 0.000072319 1.000000000 0.000081262 -0.000307494 -0.000067856 -0.000081257 1.000000000 -0.003397043
1.000000000 -0.000086613 0.000073941 -0.000309853 0.000086605 1.000000000 0.000111927 -0.000179119 -0.000073951 -0.000111920 1.000000000 -0.003293765
1.000000000 -0.000158388 0.000030414 -0.000123015 0.000158386 1.000000000 0.000071539 -0.000298957 -0.000030425 -0.000071534 1.000000000 -0.004555838
1.000000000 0.000021571 0.000028442 0.000992133 -0.000021574 1.000000000 0.000123074 -0.001313736 -0.000028439 -0.000123075 1.000000000 -0.008263348
1.000000000 -0.000189159 -0.000008686 0.002368315 0.000189160 0.999999940 0.000158461 -0.003062474 0.000008656 -0.000158462 1.000000000 -0.008474376
1.000000000 -0.000149590 -0.000005029 0.000529254 0.000149590 1.000000000 0.000054797 -0.000873155 0.000005021 -0.000054797 1.000000000 -0.005568711
1.000000000 -0.000155749 -0.000035315 0.002957876 0.000155756 0.999999940 0.000192325 -0.004312290 0.000035285 -0.000192330 1.000000000 -0.007566040
1.000000000 -0.000048184 0.000111075 -0.001230157 0.000048175 1.000000000 0.000073844 -0.000375433 -0.000111078 -0.000073839 1.000000000 -0.002693642
1.000000000 -0.000066024 0.000039782 -0.000062531 0.000066015 1.000000000 0.000212218 -0.002765312 -0.000039796 -0.000212216 1.000000000 -0.009140233
1.000000000 -0.000238627 -0.000012986 0.000923863 0.000238630 0.999999940 0.000207158 -0.002675937 0.000012936 -0.000207161 1.000000000 -0.005480703
1.000000000 -0.000085523 -0.000007225 0.000701646 0.000085524 1.000000000 0.000137611 -0.000542859 0.000007213 -0.000137612 1.000000000 -0.006303651
0.999999940 -0.000262948 0.000019819 0.001463654 0.000262943 0.999999940 0.000236800 -0.002420694 -0.000019881 -0.000236795 1.000000000 -0.006192266
1.000000000 -0.000090824 -0.000013242 0.001275906 0.000090826 1.000000000 0.000128296 -0.002929819 0.000013230 -0.000128297 1.000000000 -0.005289097
1.000000000 -0.000160389 -0.000017685 0.000601380 0.000160392 1.000000000 0.000152305 -0.000598659 0.000017661 -0.000152308 1.000000000 -0.002438077
1.000000000 -0.000181763 -0.000023452 -0.000487274 0.000181766 1.000000000 0.000130426 -0.000171202 0.000023429 -0.000130430 1.000000000 -0.004049800
1.000000000 -0.000148662 0.000056764 -0.001014974 0.000148656 1.000000000 0.000101772 -0.000515971 -0.000056779 -0.000101763 1.000000000 0.001856147
1.000000000 -0.000118665 0.000048989 -0.001608313 0.000118659 1.000000000 0.000122481 -0.000639296 -0.000049003 -0.000122475 1.000000000 -0.001088953
1.000000000 -0.000174669 -0.000038922 -0.000980866 0.000174673 1.000000000 0.000100900 -0.001671417 0.000038904 -0.000100907 1.000000000 -0.005190826
1.000000000 -0.000197080 0.000001967 0.000262252 0.000197080 0.999999940 0.000175118 -0.002678997 -0.000002001 -0.000175118 1.000000000 -0.006462290
1.000000000 0.000117096 0.000096930 -0.000946117 -0.000117101 1.000000000 0.000055888 0.000060637 -0.000096924 -0.000055899 1.000000000 -0.001645546
1.000000000 -0.000105921 0.000004670 -0.000096714 0.000105921 1.000000000 0.000061415 -0.000675492 -0.000004677 -0.000061414 1.000000000 -0.002377952
1.000000000 -0.000149287 0.000010609 -0.000489516 0.000149287 1.000000000 0.000042190 -0.001158253 -0.000010615 -0.000042188 1.000000000 -0.004478542
1.000000000 -0.000138626 0.000045824 0.000584442 0.000138623 1.000000000 0.000054058 -0.000304362 -0.000045832 -0.000054052 1.000000000 -0.008853331
1.000000000 -0.000238939 -0.000043898 0.001516856 0.000238942 0.999999940 0.000089227 -0.000455697 0.000043877 -0.000089238 1.000000000 -0.004685704
1.000000000 -0.000147118 0.000020715 0.000163875 0.000147114 1.000000000 0.000176047 -0.000564988 -0.000020740 -0.000176044 1.000000000 -0.003909791
0.999999940 -0.000287729 -0.000098911 0.003077202 0.000287749 0.999999940 0.000202628 -0.003927812 0.000098853 -0.000202656 1.000000000 -0.006739766
1.000000000 -0.000223652 -0.000076331 0.005367446 0.000223619 0.999999881 -0.000434649 -0.007475852 0.000076428 0.000434632 0.999999881 0.045327988
0.999999940 -0.000285907 -0.000090944 0.007106142 0.000285811 0.999999404 -0.001051821 -0.006684896 0.000091244 0.001051795 0.999999464 0.141469464
0.999999940 -0.000275506 -0.000037301 0.005142699 0.000275456 0.999999106 -0.001330700 -0.012808125 0.000037668 0.001330690 0.999999106 0.258683622
0.999999940 -0.000338563 0.000115136 0.004586628 0.000338694 0.999999285 -0.001141091 -0.019829620 -0.000114750 0.001141130 0.999999344 0.389894098
1.000000000 0.000145979 -0.000044545 0.012531265 -0.000146023 0.999999523 -0.000993460 -0.023993379 0.000044400 0.000993466 0.999999523 0.534296155
1.000000000 -0.000019592 0.000072369 0.014703515 0.000019657 0.999999583 -0.000903146 -0.030944260 -0.000072351 0.000903148 0.999999583 0.684034050
1.000000000 -0.000148407 -0.000120185 0.024955196 0.000148340 0.999999762 -0.000556183 -0.036470316 0.000120268 0.000556165 0.999999762 0.853169560
1.000000000 -0.000126744 -0.000205659 0.021780614 0.000126678 0.999999881 -0.000318756 -0.041656677 0.000205699 0.000318730 0.999999940 1.028715134
1.000000000 -0.000043358 -0.000056194 0.025003754 0.000043341 0.999999940 -0.000305941 -0.046871450 0.000056208 0.000305939 1.000000000 1.202016950
0.999999940 0.000254043 0.000207626 0.019963885 -0.000253982 0.999999940 -0.000292829 -0.050670497 -0.000207700 0.000292776 0.999999881 1.397325993
0.999999642 0.000730899 0.000404319 0.015725069 -0.000730820 0.999999702 -0.000195170 -0.056175757 -0.000404461 0.000194875 0.999999881 1.586711764
0.999999821 0.000478045 0.000387237 0.024352793 -0.000478113 0.999999821 0.000174879 -0.066856809 -0.000387154 -0.000175064 0.999999821 1.793046594
0.999999762 0.000433627 0.000476282 0.027192714 -0.000433938 0.999999702 0.000652292 -0.081725940 -0.000475999 -0.000652498 0.999999702 1.996359706
0.999999762 0.000384600 0.000524573 0.030870790 -0.000384748 0.999999821 0.000281768 -0.076123007 -0.000524464 -0.000281970 0.999999762 2.206990242
0.999999583 0.000710636 0.000494549 0.040951584 -0.000710886 0.999999762 0.000506091 -0.086700730 -0.000494189 -0.000506443 0.999999762 2.418000937
0.999999166 0.001090079 0.000629395 0.043954641 -0.001090386 0.999999285 0.000486589 -0.092849001 -0.000628865 -0.000487275 0.999999702 2.650155544
0.999999821 0.000204810 0.000551873 0.045616481 -0.000205183 0.999999762 0.000675575 -0.102902062 -0.000551734 -0.000675689 0.999999642 2.877096653
0.999999762 0.000432095 0.000564355 0.055480529 -0.000432525 0.999999583 0.000761814 -0.109594680 -0.000564025 -0.000762058 0.999999583 3.118060827
0.999999821 0.000456656 0.000443851 0.052211702 -0.000456990 0.999999523 0.000753047 -0.119161174 -0.000443507 -0.000753249 0.999999642 3.349236488
0.999999702 0.000436928 0.000635500 0.058031205 -0.000437465 0.999999523 0.000844918 -0.126602799 -0.000635131 -0.000845196 0.999999464 3.591053247
0.999999940 0.000087299 0.000383787 0.065166652 -0.000087706 0.999999464 0.001060458 -0.138677135 -0.000383694 -0.001060492 0.999999344 3.849941015
0.999999940 0.000045111 0.000385231 0.073061585 -0.000045607 0.999999166 0.001288863 -0.147019580 -0.000385172 -0.001288880 0.999999106 4.107876778
0.999999881 0.000280765 0.000403253 0.075374641 -0.000281312 0.999999046 0.001358415 -0.152188987 -0.000402871 -0.001358529 0.999998927 4.361505032
0.999999821 0.000571927 0.000290747 0.084556550 -0.000572331 0.999998808 0.001393904 -0.161448091 -0.000289949 -0.001394070 0.999998927 4.620349407
0.999999702 0.000505801 0.000629191 0.087004848 -0.000506693 0.999998868 0.001419321 -0.171100006 -0.000628473 -0.001419640 0.999998808 4.873193264
0.999999642 0.000543452 0.000669435 0.091669515 -0.000544446 0.999998689 0.001485322 -0.177730545 -0.000668627 -0.001485685 0.999998629 5.135517597
0.999999702 0.000591715 0.000490041 0.099603675 -0.000592547 0.999998391 0.001700542 -0.190606579 -0.000489034 -0.001700831 0.999998450 5.395502567
0.999999762 0.000395958 0.000390558 0.104922846 -0.000396576 0.999998629 0.001581735 -0.196617484 -0.000389932 -0.001581890 0.999998689 5.668463230
0.999999702 0.000649486 0.000370075 0.107411496 -0.000650018 0.999998689 0.001437335 -0.203509316 -0.000369141 -0.001437575 0.999998868 5.937725544
0.999999762 0.000068563 0.000480262 0.115402713 -0.000069345 0.999998569 0.001629067 -0.217730716 -0.000480149 -0.001629100 0.999998569 6.197807312
0.999999762 0.000343322 0.000486403 0.124136358 -0.000344061 0.999998748 0.001518885 -0.219996840 -0.000485881 -0.001519053 0.999998689 6.493505478
0.999999762 0.000503940 0.000511269 0.124473326 -0.000504691 0.999998808 0.001468625 -0.229175583 -0.000510528 -0.001468882 0.999998808 6.778162003
0.999999881 -0.000271614 0.000496712 0.132656842 0.000270700 0.999998331 0.001838589 -0.235447139 -0.000497211 -0.001838454 0.999998212 7.075079441
0.999999583 0.000695343 0.000545001 0.140536174 -0.000696276 0.999998271 0.001712913 -0.248959839 -0.000543809 -0.001713291 0.999998391 7.365633488
0.999999881 0.000280080 0.000304848 0.154283822 -0.000280603 0.999998510 0.001715386 -0.264458835 -0.000304367 -0.001715471 0.999998510 7.666929245
0.999999762 0.000383298 0.000586696 0.158849493 -0.000384270 0.999998510 0.001658551 -0.270742029 -0.000586060 -0.001658776 0.999998450 7.990151882
0.999999464 0.000914510 0.000469192 0.169123143 -0.000915343 0.999998033 0.001778693 -0.282442391 -0.000467565 -0.001779122 0.999998331 8.298204422
0.999999344 0.000975780 0.000586806 0.176661640 -0.000976904 0.999997616 0.001917451 -0.291204751 -0.000584934 -0.001918022 0.999997973 8.626639366
0.999999702 0.000656853 0.000511434 0.180345431 -0.000657932 0.999997556 0.002114187 -0.301080823 -0.000510044 -0.002114523 0.999997556 8.966207504
0.999999464 0.000675914 0.000804399 0.179406241 -0.000677453 0.999997914 0.001914790 -0.306631237 -0.000803103 -0.001915334 0.999997795 9.319221497
0.999999762 -0.000139181 0.000597179 0.189987555 0.000138015 0.999998033 0.001951701 -0.318909258 -0.000597450 -0.001951618 0.999997914 9.647437096
0.999999702 0.000261171 0.000661306 0.198334634 -0.000262510 0.999997973 0.002025452 -0.329246521 -0.000660776 -0.002025625 0.999997675 9.991580009
0.999999881 -0.000092263 0.000524249 0.202885255 0.000091102 0.999997497 0.002214543 -0.348415911 -0.000524452 -0.002214495 0.999997377 10.354442596
0.999999821 0.000119325 0.000483697 0.208910197 -0.000120597 0.999996543 0.002629818 -0.360047162 -0.000483381 -0.002629875 0.999996424 10.708932877
0.999999642 0.000258619 0.000791229 0.215582699 -0.000260719 0.999996424 0.002654757 -0.371542096 -0.000790539 -0.002654962 0.999996185 11.091908455
0.999999583 0.000607737 0.000615584 0.224202007 -0.000609201 0.999996960 0.002379541 -0.383319467 -0.000614136 -0.002379915 0.999997079 11.461311340
0.999999583 0.000168511 0.000891826 0.229796335 -0.000171374 0.999994934 0.003211586 -0.402206838 -0.000891281 -0.003211738 0.999994457 11.834621429
0.999999106 0.000713245 0.001063335 0.236714467 -0.000716583 0.999994755 0.003142134 -0.414686650 -0.001061088 -0.003142894 0.999994516 12.206487656
0.999998987 0.000800179 0.001194856 0.246586040 -0.000803990 0.999994576 0.003192298 -0.428970695 -0.001192295 -0.003193256 0.999994218 12.590806961
0.999998569 0.000835464 0.001529175 0.253055632 -0.000840207 0.999994874 0.003103825 -0.435360432 -0.001526574 -0.003105106 0.999994040 12.981124878
0.999999642 0.000229804 0.000815665 0.268407822 -0.000232873 0.999992907 0.003763978 -0.469498068 -0.000814795 -0.003764166 0.999992609 13.368759155
0.999999285 0.000128012 0.001188083 0.276778579 -0.000132923 0.999991417 0.004134658 -0.482527584 -0.001187543 -0.004134813 0.999990702 13.784470558
0.999998629 0.000746799 0.001481033 0.286012530 -0.000752739 0.999991655 0.004014644 -0.491845876 -0.001478023 -0.004015753 0.999990821 14.192100525
0.999998987 -0.000199096 0.001430550 0.288145959 0.000193091 0.999991179 0.004196011 -0.516090393 -0.001431373 -0.004195730 0.999990165 14.596911430
0.999998987 -0.000331694 0.001427956 0.302413106 0.000325192 0.999989569 0.004551683 -0.531721056 -0.001429450 -0.004551213 0.999988675 15.001347542
0.999998987 -0.000951339 0.001108642 0.317757517 0.000945713 0.999986768 0.005063845 -0.546767533 -0.001113445 -0.005062791 0.999986589 15.449161530
0.999997795 0.000045729 0.002108777 0.324242055 -0.000056779 0.999986231 0.005240504 -0.574926674 -0.002108508 -0.005240612 0.999983966 15.869429588
0.999997556 -0.000241407 0.002219416 0.338536173 0.000230213 0.999987304 0.005042403 -0.581667900 -0.002220605 -0.005041880 0.999984801 16.317039490
0.999996781 -0.000441604 0.002517130 0.346137524 0.000428246 0.999985814 0.005304618 -0.600065827 -0.002519437 -0.005303523 0.999982715 16.744268417
0.999995112 0.000254920 0.003093850 0.357159615 -0.000270165 0.999987781 0.004928271 -0.608135819 -0.003092556 -0.004929083 0.999983072 17.211021423
0.999994397 -0.000060660 0.003350246 0.366157711 0.000043432 0.999986768 0.005142217 -0.619397938 -0.003350514 -0.005142042 0.999981165 17.667604446
0.999993980 -0.000206015 0.003462860 0.380551517 0.000187300 0.999985397 0.005404027 -0.635487556 -0.003463923 -0.005403346 0.999979377 18.133630753
0.999992907 -0.000031017 0.003777627 0.392848343 0.000010540 0.999985397 0.005420509 -0.641305208 -0.003777739 -0.005420431 0.999978125 18.606626511
0.999992788 -0.000320149 0.003797271 0.405833334 0.000300996 0.999987304 0.005043190 -0.654162943 -0.003798837 -0.005042010 0.999980032 19.088533401
0.999994218 -0.001092427 0.003221815 0.430164576 0.001074434 0.999983907 0.005581257 -0.675959826 -0.003227860 -0.005577764 0.999979198 19.529895782
0.999991834 -0.000076590 0.004026350 0.442089796 0.000052608 0.999982238 0.005956152 -0.683981240 -0.004026735 -0.005955892 0.999974132 19.994548798
0.999993384 -0.000836792 0.003542204 0.449337870 0.000815449 0.999981523 0.006022458 -0.701082408 -0.003547178 -0.006019530 0.999975502 20.475194931
0.999995232 -0.000733411 0.003007340 0.462351292 0.000716248 0.999983430 0.005704072 -0.709394455 -0.003011473 -0.005701891 0.999979138 20.974832535
0.999996543 -0.000449356 0.002597204 0.467078239 0.000435302 0.999985278 0.005409349 -0.717951298 -0.002599597 -0.005408200 0.999981940 21.511093140
0.999996126 -0.000266467 0.002771167 0.462750256 0.000249639 0.999981523 0.006071080 -0.747326732 -0.002772734 -0.006070364 0.999977708 21.997020721
0.999996781 -0.000797441 0.002385199 0.502647996 0.000781637 0.999977767 0.006619516 -0.759743035 -0.002390425 -0.006617629 0.999975264 22.431816101
0.999997795 -0.001195274 0.001713792 0.511153996 0.001183361 0.999975264 0.006935537 -0.778033078 -0.001722039 -0.006933493 0.999974549 22.938638687
0.999998569 -0.001449796 0.000880484 0.523274481 0.001443973 0.999977231 0.006578918 -0.781871200 -0.000890002 -0.006577638 0.999977887 23.479911804
0.999997139 -0.002384071 -0.000150057 0.538738012 0.002384966 0.999977410 0.006277635 -0.789806128 0.000135087 -0.006277976 0.999980211 24.000459671
0.999999046 -0.001268837 -0.000500742 0.546015322 0.001271925 0.999979854 0.006214465 -0.799928904 0.000492847 -0.006215096 0.999980569 24.521543503
0.999998748 -0.001145773 -0.001102594 0.558072448 0.001152831 0.999978721 0.006422406 -0.811894178 0.001095212 -0.006423668 0.999978781 25.054500580
0.999998212 -0.001044929 -0.001568058 0.567064226 0.001055036 0.999978602 0.006458297 -0.821807802 0.001561276 -0.006459940 0.999977827 25.587846756
0.999997616 -0.001078427 -0.001860651 0.574990273 0.001090366 0.999978721 0.006427722 -0.838573277 0.001853679 -0.006429737 0.999977589 26.126163483
0.999997199 -0.001298113 -0.002037198 0.585259795 0.001312632 0.999973774 0.007141822 -0.849646091 0.002027873 -0.007144476 0.999972403 26.673301697
0.999996185 -0.001461620 -0.002345592 0.587724209 0.001478427 0.999973059 0.007179834 -0.861692786 0.002335034 -0.007183275 0.999971449 27.203010559
0.999995708 -0.000817219 -0.002845063 0.612113774 0.000837608 0.999973893 0.007172660 -0.884473205 0.002839127 -0.007175011 0.999970257 27.739812851
0.999994695 -0.000821346 -0.003125324 0.618318021 0.000844565 0.999971986 0.007435330 -0.893708467 0.003119130 -0.007437930 0.999967456 28.279602051
0.999992609 -0.001026428 -0.003695751 0.633763969 0.001054384 0.999970913 0.007570473 -0.909649312 0.003687873 -0.007574314 0.999964535 28.814020157
0.999992132 -0.001105912 -0.003806494 0.640401244 0.001135520 0.999969065 0.007784902 -0.924031138 0.003797767 -0.007789163 0.999962449 29.350734711
0.999990463 -0.000814183 -0.004322281 0.647685647 0.000846350 0.999971926 0.007445642 -0.927556872 0.004316098 -0.007449228 0.999962866 29.871240616
0.999990106 -0.000695907 -0.004396635 0.658100426 0.000727910 0.999973238 0.007281439 -0.944325089 0.004391450 -0.007284567 0.999963820 30.399385452
0.999990106 -0.000300767 -0.004434246 0.667754352 0.000332971 0.999973536 0.007263589 -0.954650164 0.004431944 -0.007264993 0.999963760 30.931262970
0.999987423 -0.000205658 -0.004993702 0.679719329 0.000242995 0.999971926 0.007477429 -0.973130286 0.004992026 -0.007478549 0.999959588 31.450567245
0.999987662 -0.000422298 -0.004932366 0.689083576 0.000457852 0.999973893 0.007209499 -0.984589100 0.004929193 -0.007211670 0.999961913 31.988731384
0.999986172 -0.000477262 -0.005232118 0.686149418 0.000513422 0.999975979 0.006911941 -0.986754835 0.005228694 -0.006914532 0.999962449 32.495964050
0.999984980 0.000062515 -0.005465158 0.693004847 -0.000026480 0.999978244 0.006593456 -0.992668033 0.005465451 -0.006593214 0.999963284 33.062164307
0.999985278 -0.000163704 -0.005427097 0.685247123 0.000203207 0.999973476 0.007279143 -1.014469624 0.005425761 -0.007280139 0.999958754 33.561161041
0.999984205 0.000204051 -0.005626776 0.690881252 -0.000160233 0.999969602 0.007786803 -1.040788770 0.005628194 -0.007785779 0.999953866 34.087203979
0.999984860 0.000042077 -0.005500650 0.681019247 -0.000003950 0.999975979 0.006931203 -1.032365918 0.005500809 -0.006931077 0.999960840 34.619190216
0.999982476 -0.000152585 -0.005920847 0.715736926 0.000196086 0.999972999 0.007347133 -1.056674242 0.005919568 -0.007348167 0.999955416 35.151390076
0.999976456 -0.000721884 -0.006823278 0.717099726 0.000774797 0.999969602 0.007755379 -1.077032804 0.006817472 -0.007760483 0.999946594 35.701938629
0.999984324 0.000147722 -0.005594878 0.719309330 -0.000104881 0.999970675 0.007656570 -1.086561084 0.005595846 -0.007655863 0.999954998 36.224765778
0.999982357 -0.000214977 -0.005938664 0.697932899 0.000262297 0.999968231 0.007968460 -1.101359367 0.005936762 -0.007969878 0.999950647 36.726890564
0.999982178 -0.000563193 -0.005940095 0.702025414 0.000611434 0.999966860 0.008122470 -1.115423679 0.005935324 -0.008125958 0.999949396 37.273365021
0.999979138 -0.000246859 -0.006451618 0.753867745 0.000298981 0.999967396 0.008079195 -1.123654366 0.006449413 -0.008080956 0.999946535 37.761566162
0.999981940 0.000652424 -0.005978907 0.750635207 -0.000605183 0.999968648 0.007899678 -1.124957561 0.005983874 -0.007895918 0.999950886 38.254493713
0.999981701 0.000421857 -0.006035902 0.723629713 -0.000374154 0.999968767 0.007902114 -1.127516389 0.006039046 -0.007899711 0.999950528 38.713325500
0.999972522 -0.001004831 -0.007352632 0.772727013 0.001066055 0.999964774 0.008327626 -1.115054607 0.007344005 -0.008335235 0.999938250 39.297981262
0.999969780 -0.001805798 -0.007563086 0.811217070 0.001876031 0.999955058 0.009289523 -1.207208514 0.007545971 -0.009303430 0.999928176 39.901908875
0.999972880 -0.000962527 -0.007321654 0.823410869 0.001031600 0.999954879 0.009436020 -1.232069492 0.007312242 -0.009443315 0.999928594 40.415542603
0.999971986 -0.001486158 -0.007334040 0.816236973 0.001553132 0.999957085 0.009134641 -1.243243814 0.007320150 -0.009145776 0.999931395 40.931270599
0.999968410 -0.001516715 -0.007793723 0.829295516 0.001590304 0.999954104 0.009444606 -1.258778572 0.007779042 -0.009456703 0.999925017 41.437255859
0.999974489 -0.000908996 -0.007078597 0.804446697 0.000973008 0.999958634 0.009044791 -1.236754060 0.007070084 -0.009051449 0.999934018 41.850589752
0.999968588 -0.001495899 -0.007785494 0.832191348 0.001568421 0.999955356 0.009317272 -1.269487381 0.007771209 -0.009329190 0.999926269 42.518028259
0.999971569 -0.001032222 -0.007470573 0.851821542 0.001104780 0.999952137 0.009714904 -1.295643210 0.007460187 -0.009722880 0.999924898 43.018405914
0.999974012 -0.000474439 -0.007197216 0.840423465 0.000538791 0.999959886 0.008941866 -1.294297934 0.007192687 -0.008945513 0.999934137 43.510868073
0.999970794 -0.001031223 -0.007571383 0.850704074 0.001100459 0.999957502 0.009145922 -1.309967756 0.007561632 -0.009153985 0.999929488 44.068630219
0.999972224 0.000096920 -0.007455914 0.856403768 -0.000030431 0.999960244 0.008917233 -1.325593591 0.007456482 -0.008916758 0.999932468 44.597717285
0.999970138 -0.000138788 -0.007721171 0.863588452 0.000206314 0.999961734 0.008745472 -1.335312605 0.007719662 -0.008746805 0.999931931 45.116317749
0.999971747 0.000185293 -0.007519675 0.876690030 -0.000121753 0.999964297 0.008449358 -1.340771556 0.007520972 -0.008448204 0.999936044 45.681289673
0.999971867 0.000195025 -0.007494790 0.866065621 -0.000126891 0.999958634 0.009090233 -1.369824052 0.007496253 -0.009089025 0.999930620 46.073055267
0.999969840 0.000109647 -0.007775085 0.887664676 -0.000046350 0.999966860 0.008140704 -1.369557619 0.007775721 -0.008140098 0.999936640 46.750377655
0.999972761 -0.000282651 -0.007375237 0.863678217 0.000350473 0.999957621 0.009196139 -1.396564603 0.007372323 -0.009198475 0.999930501 47.108459473
0.999973416 -0.000284232 -0.007283195 0.871810973 0.000350909 0.999957979 0.009155253 -1.403828263 0.007280285 -0.009157564 0.999931574 47.622447968
0.999969900 0.000032445 -0.007755075 0.881804943 0.000038331 0.999958336 0.009126185 -1.419429064 0.007755048 -0.009126210 0.999928296 48.143768311
0.999969304 -0.000111393 -0.007834095 0.902877688 0.000184497 0.999956429 0.009331392 -1.433779478 0.007832714 -0.009332552 0.999925792 48.632991791
0.999967992 -0.000277158 -0.007987859 0.919491589 0.000351160 0.999957025 0.009264369 -1.440950036 0.007984947 -0.009266878 0.999925196 49.133743286
0.999973595 0.000333653 -0.007262258 0.897906780 -0.000264293 0.999954283 0.009549624 -1.466827273 0.007265115 -0.009547450 0.999928057 49.666393280
0.999971151 0.000117559 -0.007596536 0.904757023 -0.000041098 0.999949336 0.010064591 -1.475993037 0.007597336 -0.010063988 0.999920487 50.143314362
0.999975502 0.000569072 -0.006990413 0.908628285 -0.000500501 0.999951780 0.009807173 -1.482506752 0.006995660 -0.009803435 0.999927461 50.674358368
0.999977767 0.001308648 -0.006534761 0.910794616 -0.001244824 0.999951541 0.009761525 -1.496008873 0.006547220 -0.009753175 0.999930978 51.196445465
0.999975085 0.001009434 -0.006977826 0.926463127 -0.000941261 0.999951839 0.009766403 -1.504116774 0.006987349 -0.009759593 0.999927878 51.693737030
0.999978065 0.001626542 -0.006416589 0.913446963 -0.001563345 0.999950290 0.009841762 -1.519779921 0.006432280 -0.009831515 0.999930978 52.258014679
0.999973059 -0.000014543 -0.007340262 0.936973691 0.000090251 0.999946773 0.010313932 -1.540222168 0.007339722 -0.010314316 0.999919832 52.749607086
0.999978900 0.001170616 -0.006381141 0.910791278 -0.001105338 0.999947071 0.010223716 -1.546863079 0.006392772 -0.010216447 0.999927342 53.260105133
0.999975502 0.001168748 -0.006897882 0.949545622 -0.001098789 0.999948025 0.010137254 -1.572867393 0.006909371 -0.010129427 0.999924839 53.702285767
0.999975145 0.000913968 -0.006993768 0.960496426 -0.000842145 0.999946952 0.010265595 -1.580168962 0.007002780 -0.010259450 0.999922872 54.201187134
0.999976695 0.000654507 -0.006797515 0.967835963 -0.000583874 0.999945879 0.010387653 -1.589105129 0.006803946 -0.010383442 0.999922991 54.746036530
0.999975681 0.000541444 -0.006958266 0.967188656 -0.000467554 0.999943554 0.010616293 -1.604451180 0.006963622 -0.010612781 0.999919534 55.236667633
0.999974310 0.000941242 -0.007101104 1.013368607 -0.000867662 0.999945998 0.010357708 -1.609153748 0.007110470 -0.010351283 0.999921143 55.658901215
0.999976516 0.000823050 -0.006803303 1.006048083 -0.000754425 0.999948859 0.010083463 -1.602701902 0.006811255 -0.010078093 0.999926090 56.393005371
0.999974728 0.000373947 -0.007094803 1.010497332 -0.000301649 0.999948025 0.010188572 -1.636695623 0.007098244 -0.010186175 0.999922931 56.700851440
0.999976575 0.000614051 -0.006820682 1.018002987 -0.000543397 0.999946237 0.010355819 -1.646584749 0.006826674 -0.010351870 0.999923110 57.210269928
0.999974430 0.000470724 -0.007138857 1.025926471 -0.000398515 0.999948800 0.010113120 -1.653559208 0.007143253 -0.010110017 0.999923289 57.730361938
0.999977291 0.000802411 -0.006696782 1.030112624 -0.000730718 0.999942482 0.010701201 -1.669782519 0.006704985 -0.010696064 0.999920309 58.268383026
0.999973178 0.000299409 -0.007308942 1.058703780 -0.000221426 0.999943078 0.010668078 -1.681682110 0.007311720 -0.010666170 0.999916375 58.753559113
0.999979377 0.001221985 -0.006303982 1.062620997 -0.001156966 0.999946237 0.010307427 -1.690788984 0.006316238 -0.010299922 0.999926925 59.348331451
0.999975204 0.000847924 -0.006973498 1.086786509 -0.000777260 0.999948382 0.010129705 -1.702461243 0.006981727 -0.010124034 0.999924421 59.835273743
0.999970615 0.000948310 -0.007598868 1.129295826 -0.000868945 0.999945164 0.010440804 -1.724457741 0.007608352 -0.010433892 0.999916613 60.355506897
0.999972045 0.001156005 -0.007381867 1.121890545 -0.001077239 0.999942541 0.010665239 -1.717888594 0.007393773 -0.010656986 0.999915838 60.855659485
0.999966741 0.000888818 -0.008110424 1.152610064 -0.000800296 0.999940157 0.010911346 -1.736354589 0.008119637 -0.010904490 0.999907553 61.297431946
0.999963641 0.000552544 -0.008511398 1.180979967 -0.000460772 0.999941766 0.010780517 -1.741039276 0.008516861 -0.010776201 0.999905586 61.843955994
0.999969363 0.000777090 -0.007789264 1.145919085 -0.000690276 0.999937713 0.011141782 -1.767757654 0.007797436 -0.011136063 0.999907613 62.290195465
0.999969721 0.000754229 -0.007744186 1.147946596 -0.000668107 0.999938011 0.011117435 -1.775129080 0.007752090 -0.011111923 0.999908209 62.833003998
0.999973357 0.001185254 -0.007208098 1.143033504 -0.001106755 0.999940157 0.010884545 -1.789031506 0.007220568 -0.010876277 0.999914825 63.353225708
0.999973536 0.000941968 -0.007212601 1.152005196 -0.000866629 0.999945104 0.010441529 -1.780408621 0.007222040 -0.010435001 0.999919534 63.895164490
0.999971986 -0.000069366 -0.007487326 1.146706104 0.000151810 0.999939382 0.011011064 -1.767846465 0.007486109 -0.011011892 0.999911368 64.403381348
0.999969363 0.000847346 -0.007771620 1.192208529 -0.000755071 0.999929309 0.011868514 -1.833338261 0.007781127 -0.011862284 0.999899387 64.772621155
0.999970257 0.000744752 -0.007669328 1.203660965 -0.000650597 0.999924481 0.012272007 -1.847692609 0.007677888 -0.012266652 0.999895275 65.309143066
0.999971747 0.001139516 -0.007426162 1.221641541 -0.001053124 0.999931872 0.011626923 -1.853105783 0.007438906 -0.011618776 0.999904752 65.760734558
0.999971628 0.001828312 -0.007310065 1.233406782 -0.001744584 0.999933064 0.011443852 -1.871816278 0.007330499 -0.011430774 0.999907732 66.298385620
0.999969482 0.001273636 -0.007708540 1.242327690 -0.001183573 0.999931157 0.011676872 -1.879763365 0.007722881 -0.011667394 0.999902070 66.832756042
0.999971271 0.001371848 -0.007457154 1.253808498 -0.001282590 0.999927640 0.011961162 -1.892212152 0.007473022 -0.011951253 0.999900579 67.275444031
0.999967635 0.001018212 -0.007982865 1.281095266 -0.000922729 0.999928057 0.011955580 -1.903542399 0.007994464 -0.011947826 0.999896586 67.779617310
0.999965489 0.001019424 -0.008250794 1.288265705 -0.000919124 0.999925733 0.012151068 -1.912128687 0.008262569 -0.012143064 0.999892116 68.309364319
0.999968112 0.001358092 -0.007864214 1.300572991 -0.001260289 0.999921978 0.012428169 -1.937232018 0.007880478 -0.012417864 0.999891818 68.842948914
0.999967396 0.001540809 -0.007921895 1.315121055 -0.001439330 0.999917030 0.012799699 -1.953489065 0.007940959 -0.012787879 0.999886692 69.354698181
0.999966919 0.001313314 -0.008025939 1.323635817 -0.001212196 0.999919951 0.012590779 -1.964581728 0.008041834 -0.012580634 0.999888480 69.890998840
0.999967635 0.001944829 -0.007809780 1.337352037 -0.001844684 0.999916255 0.012809874 -1.985882521 0.007834037 -0.012795052 0.999887466 70.407554626
0.999968171 0.001837671 -0.007760049 1.347241998 -0.001737746 0.999915659 0.012864008 -1.993940473 0.007783036 -0.012850112 0.999887168 70.946159363
0.999969900 0.002174564 -0.007449629 1.354785919 -0.002077464 0.999913096 0.013017159 -2.008772612 0.007477289 -0.013001291 0.999887466 71.491508484
0.999971151 0.001747550 -0.007388770 1.365429640 -0.001652422 0.999915898 0.012861175 -2.019814491 0.007410623 -0.012848594 0.999889910 72.033538818
0.999969780 0.002170497 -0.007459364 1.368518114 -0.002074888 0.999915898 0.012801339 -2.033638000 0.007486519 -0.012785476 0.999890208 72.557479858
0.999970973 0.001779508 -0.007409289 1.384541750 -0.001683390 0.999914527 0.012958744 -2.049494267 0.007431715 -0.012945895 0.999888599 73.076553345
0.999970615 0.001461667 -0.007517963 1.410373688 -0.001363933 0.999914646 0.012988832 -2.066619873 0.007536306 -0.012978195 0.999887407 73.603271484
0.999971330 0.002140910 -0.007261754 1.403125405 -0.002045364 0.999911606 0.013139458 -2.078854322 0.007289244 -0.013124228 0.999887288 74.138183594
0.999968648 0.001872465 -0.007690301 1.413476706 -0.001771275 0.999912024 0.013143803 -2.081806183 0.007714236 -0.013129770 0.999884069 74.646331787
0.999971449 0.002788066 -0.007023972 1.418342829 -0.002693476 0.999906063 0.013440300 -2.102865696 0.007060788 -0.013420996 0.999884963 75.190498352
0.999970615 0.002796315 -0.007133326 1.434133291 -0.002703566 0.999912143 0.012978764 -2.113756657 0.007168992 -0.012959098 0.999890327 75.727157593
0.999972284 0.002437380 -0.007025881 1.450129986 -0.002344283 0.999909759 0.013228654 -2.130980015 0.007057489 -0.013211817 0.999887824 76.251495361
0.999970317 0.003314137 -0.006945307 1.454558253 -0.003220540 0.999904454 0.013444467 -2.139604807 0.006989202 -0.013421700 0.999885499 76.781852722
0.999970973 0.003638158 -0.006693460 1.469333172 -0.003550243 0.999907911 0.013099770 -2.151017666 0.006740503 -0.013075626 0.999891818 77.339645386
0.999979317 0.003300687 -0.005521315 1.488911390 -0.003226571 0.999905288 0.013379012 -2.165292263 0.005564952 -0.013360922 0.999895275 77.866455078
0.999986708 0.003152908 -0.004063220 1.500629187 -0.003098260 0.999905586 0.013386137 -2.180873156 0.004105042 -0.013373369 0.999902070 78.416488647
0.999988258 0.004026156 -0.002692471 1.520593524 -0.003989020 0.999898672 0.013658631 -2.202606678 0.002747189 -0.013647730 0.999903083 78.921150208
0.999992609 0.003365658 -0.001814713 1.528193235 -0.003340588 0.999901295 0.013645370 -2.207674265 0.001860460 -0.013639206 0.999905229 79.467018127
0.999990761 0.003897388 0.001813834 1.539338589 -0.003921103 0.999904394 0.013259454 -2.217824936 -0.001761983 -0.013266441 0.999910414 80.018806458
0.999984086 0.003339588 0.004540999 1.570401669 -0.003401963 0.999899030 0.013798246 -2.236772537 -0.004494461 -0.013813474 0.999894440 80.556632996
0.999971449 0.002472504 0.007138413 1.612722754 -0.002569001 0.999905050 0.013540548 -2.242514133 -0.007104257 -0.013558500 0.999882817 81.125755310
0.999930859 0.003389085 0.011255966 1.642088890 -0.003539442 0.999904454 0.013364964 -2.254745960 -0.011209596 -0.013403879 0.999847293 81.658454895
0.999853671 0.003102873 0.016819511 1.673050880 -0.003328378 0.999904811 0.013395978 -2.260614157 -0.016776342 -0.013450001 0.999768734 82.111289978
0.999731541 0.003178020 0.022951910 1.696603894 -0.003484660 0.999905050 0.013332499 -2.268887520 -0.022907360 -0.013408899 0.999647617 82.626701355
0.999602675 0.000734698 0.028181134 1.741174579 -0.001106124 0.999912679 0.013166659 -2.288250446 -0.028169002 -0.013192597 0.999516070 83.416320801
0.999347746 0.001823451 0.036065243 1.794157624 -0.002341052 0.999894857 0.014314760 -2.313750267 -0.036035344 -0.014389853 0.999246895 83.656913757
0.999010623 0.001187983 0.044456817 1.862299800 -0.001788551 0.999907672 0.013471675 -2.331886292 -0.044436708 -0.013537858 0.998920441 84.448425293
0.998668373 0.001040095 0.051578995 1.909279823 -0.001736526 0.999907911 0.013459255 -2.336457729 -0.051560238 -0.013530898 0.998578191 84.983779907
0.998141468 0.001571954 0.060919147 1.971812487 -0.002389953 0.999907911 0.013357085 -2.357807159 -0.060892534 -0.013477854 0.998053312 85.531089783
0.997471333 0.001337156 0.071056642 2.032641411 -0.002302542 0.999906123 0.013505983 -2.369078159 -0.071031913 -0.013635442 0.997380793 86.075218201
0.996825397 0.000720029 0.079615600 2.103396893 -0.001802483 0.999906838 0.013524970 -2.380721092 -0.079598442 -0.013625538 0.996734023 86.598846436
0.996174514 -0.000033395 0.087386459 2.178948879 -0.001112299 0.999914050 0.013061929 -2.388464451 -0.087379403 -0.013109162 0.996088862 87.137771606
0.995235801 -0.000542720 0.097495593 2.267984867 -0.000719573 0.999916315 0.012911553 -2.400122166 -0.097494453 -0.012920194 0.995152175 87.669151306
0.994128764 -0.000577644 0.108201429 2.347758770 -0.000854301 0.999912620 0.013187245 -2.414418221 -0.108199596 -0.013202257 0.994041502 88.226417542
0.993117154 -0.001375819 0.117117345 2.435914516 -0.000122963 0.999918163 0.012789087 -2.422502518 -0.117125347 -0.012715460 0.993035853 88.762664795
0.991765976 -0.001438013 0.128055289 2.529603958 -0.000238508 0.999914467 0.013075863 -2.432532549 -0.128063157 -0.012998741 0.991680741 89.307327271
0.990099013 -0.001085170 0.140367433 2.625247955 -0.000745593 0.999915481 0.012989396 -2.442203999 -0.140369669 -0.012965446 0.990014255 89.850776672
0.988481283 -0.001758509 0.151332840 2.733101845 -0.000178763 0.999918163 0.012786841 -2.454407930 -0.151342958 -0.012666604 0.988400161 90.397201538
0.986913979 -0.001746579 0.161238030 2.835269928 -0.000341318 0.999916494 0.012920555 -2.462391853 -0.161247134 -0.012806509 0.986830890 90.944213867
0.984865248 -0.001918021 0.173310518 2.956158638 -0.000256147 0.999921501 0.012521692 -2.470789194 -0.173320949 -0.012376572 0.984787643 91.477882385
0.982564151 -0.002044185 0.185911953 3.080158234 -0.000273911 0.999922574 0.012442247 -2.477043152 -0.185922980 -0.012276230 0.982487619 92.017486572
0.980499923 -0.002406772 0.196504459 3.212245941 -0.000033810 0.999922931 0.012415686 -2.485823631 -0.196519181 -0.012180224 0.980424345 92.554412842
0.977743208 -0.002453883 0.209790960 3.350393295 -0.000118717 0.999924958 0.012249214 -2.496953487 -0.209805235 -0.012001491 0.977669537 93.097679138
0.974843442 -0.003121255 0.222868934 3.504917145 0.000373643 0.999923408 0.012369473 -2.506085873 -0.222890511 -0.011975027 0.974769890 93.617515564
0.972324431 -0.003810526 0.233603686 3.662117004 0.000918509 0.999921560 0.012487554 -2.521105051 -0.233632952 -0.011927386 0.972251654 94.147575378
0.969103754 -0.003703748 0.246625602 3.836835861 0.000613808 0.999920368 0.012604567 -2.533929110 -0.246652663 -0.012063753 0.969028771 94.719711304
0.965577126 -0.004401500 0.260079771 4.008260727 0.001086461 0.999916375 0.012888622 -2.550926685 -0.260114759 -0.012162391 0.965501130 95.221908569
0.962108374 -0.004872102 0.272623837 4.186937332 0.001472395 0.999918699 0.012673512 -2.563047886 -0.272663414 -0.011791884 0.962037206 95.737205505
0.958863318 -0.005428762 0.283816338 4.370342255 0.001832757 0.999914646 0.012934193 -2.575612068 -0.283862263 -0.011881959 0.958791435 96.255516052
0.954590976 -0.004889247 0.297879338 4.560865402 0.001047992 0.999914229 0.013053689 -2.585103750 -0.297917634 -0.012148758 0.954514205 96.781799316
0.950178504 -0.005626434 0.311655611 4.764776230 0.001550283 0.999909997 0.013325230 -2.599125385 -0.311702490 -0.012178195 0.950101674 97.298248291
0.946291804 -0.005676348 0.323264003 4.966199875 0.001349388 0.999906480 0.013607770 -2.610447884 -0.323311001 -0.012440713 0.946210980 97.825515747
0.941958725 -0.005627825 0.335681319 5.179904938 0.000961023 0.999900579 0.014066976 -2.632094860 -0.335727155 -0.012927913 0.941870570 98.304901123
0.936799765 -0.005977088 0.349814802 5.396324158 0.001078635 0.999898672 0.014196132 -2.641412258 -0.349864125 -0.012921613 0.936711252 98.819488525
0.932368994 -0.007029688 0.361439556 5.626419067 0.001940078 0.999893844 0.014442450 -2.654782295 -0.361502618 -0.012764471 0.932283700 99.319869995
0.927721679 -0.007324332 0.373201072 5.848203659 0.002134338 0.999895215 0.014318000 -2.665711164 -0.373266906 -0.012486581 0.927639902 99.828498840
0.921993673 -0.007684942 0.387128651 6.089849472 0.002482053 0.999899745 0.013937835 -2.663649082 -0.387196988 -0.011889719 0.921920300 100.342971802
0.916736603 -0.009103104 0.399388760 6.341304779 0.003680357 0.999890327 0.014342391 -2.672401667 -0.399475545 -0.011678302 0.916669607 100.842819214
0.912239492 -0.009987428 0.409535617 6.594627380 0.004537404 0.999887705 0.014277411 -2.692122936 -0.409632206 -0.011166189 0.912182331 101.310981750
0.906687975 -0.010342151 0.421675086 6.858085632 0.004550856 0.999881029 0.014738157 -2.707791328 -0.421777397 -0.011443926 0.906627178 101.804496765
0.900289059 -0.010527089 0.435165018 7.124515533 0.004710293 0.999884605 0.014443365 -2.721860886 -0.435266912 -0.010953451 0.900234759 102.279533386
0.894527614 -0.010975760 0.446877956 7.403320312 0.005048091 0.999882817 0.014453201 -2.727321386 -0.446984231 -0.010672907 0.894478083 102.781738281
0.888804853 -0.011596606 0.458139062 7.678012848 0.005569782 0.999879301 0.014503801 -2.732254982 -0.458251953 -0.010339313 0.888762176 103.267044067
0.881786406 -0.011899691 0.471498787 7.966808319 0.005681453 0.999877095 0.014609584 -2.744399548 -0.471614718 -0.010203735 0.881745696 103.742355347
0.874727428 -0.012369604 0.484457374 8.259387970 0.005925550 0.999872446 0.014830583 -2.759407043 -0.484579027 -0.010102043 0.874689162 104.191757202
