1.000000000 0.000000000 0.000000000 0.000000000 0.000000000 1.000000000 0.000000000 0.000000000 0.000000000 0.000000000 1.000000000 0.000000000
1.000000000 0.000109492 -0.000103296 0.000744542 -0.000109494 1.000000000 -0.000013458 -0.000229763 0.000103295 0.000013469 1.000000000 -0.001791051
1.000000000 0.000152806 0.000112541 -0.000802603 -0.000152806 1.000000000 -0.000005687 -0.000031918 -0.000112542 0.000005670 1.000000000 -0.000841176
1.000000000 -0.000003611 -0.000144512 0.000956464 0.000003612 1.000000000 0.000008552 -0.000345452 0.000144512 -0.000008553 1.000000000 -0.003311873
0.999999940 -0.000193031 -0.000167398 0.001388657 0.000193010 1.000000000 -0.000126431 0.000113574 0.000167422 0.000126398 1.000000000 -0.001832144
1.000000000 0.000030695 0.000033664 0.000389641 -0.000030696 1.000000000 0.000023770 -0.000493360 -0.000033663 -0.000023771 1.000000000 -0.000512297
1.000000000 -0.000025232 0.000079628 0.000647650 0.000025230 1.000000000 0.000020225 0.000013618 -0.000079629 -0.000020223 1.000000000 -0.000355597
0.999999940 -0.000300634 0.000024805 0.001078323 0.000300634 0.999999940 0.000012844 0.000062305 -0.000024808 -0.000012837 1.000000000 -0.001089450
1.000000000 0.000109144 0.000090165 -0.000172044 -0.000109147 1.000000000 0.000030481 0.000936483 -0.000090161 -0.000030491 1.000000000 0.000642567
1.000000000 0.000011983 -0.000210203 0.002008305 -0.000011967 1.000000000 0.000073352 -0.000813150 0.000210204 -0.000073350 1.000000000 -0.002401562
1.000000000 -0.000094739 0.000015745 0.000511208 0.000094739 1.000000000 -0.000027304 0.000774293 -0.000015742 0.000027305 1.000000000 -0.000642537
1.000000000 -0.000155235 -0.000076636 0.000374433 0.000155250 0.999999940 0.000198609 -0.001254437 0.000076605 -0.000198621 1.000000000 -0.001389208
1.000000000 -0.000099141 0.000087184 -0.001050736 0.000099128 1.000000000 0.000146421 -0.000589030 -0.000087198 -0.000146413 1.000000000 0.000295439
1.000000000 -0.000156878 -0.000005842 0.000788638 0.000156879 0.999999940 0.000229364 -0.001165716 0.000005806 -0.000229365 1.000000000 -0.001968813
0.999999940 -0.000295350 -0.000081817 0.000854029 0.000295360 0.999999940 0.000123057 -0.001053406 0.000081781 -0.000123081 1.000000000 -0.002487305
1.000000000 0.000095440 0.000166254 -0.000559280 -0.000095453 1.000000000 0.000073860 0.000163811 -0.000166246 -0.000073876 1.000000000 -0.000174425
1.000000000 -0.000050256 -0.000106028 0.000841436 0.000050277 1.000000000 0.000204797 -0.000906282 0.000106018 -0.000204802 1.000000000 -0.001017407
1.000000000 -0.000011816 -0.000100351 0.000888339 0.000011828 1.000000000 0.000116616 -0.000846825 0.000100349 -0.000116617 1.000000000 -0.002158496
1.000000000 -0.000009718 0.000049826 -0.000390648 0.000009714 1.000000000 0.000079647 -0.000164583 -0.000049827 -0.000079647 1.000000000 -0.000276811
1.000000000 0.000043689 0.000108499 -0.000535953 -0.000043681 1.000000000 -0.000081218 0.000704387 -0.000108502 0.000081213 1.000000000 -0.000969472
1.000000000 0.000010540 -0.000039545 -0.000123028 -0.000010535 1.000000000 0.000130539 -0.000579008 0.000039546 -0.000130539 1.000000000 -0.000794540
1.000000000 -0.000036897 0.000123326 -0.000553910 0.000036875 1.000000000 0.000176260 -0.001134362 -0.000123333 -0.000176255 1.000000000 -0.000636948
1.000000000 0.000031404 0.000102714 -0.000644025 -0.000031421 1.000000000 0.000172350 0.000233499 -0.000102709 -0.000172353 1.000000000 -0.000235972
1.000000000 0.000206212 -0.000032540 0.000765067 -0.000206205 0.999999940 0.000213570 -0.001427152 0.000032584 -0.000213563 1.000000000 -0.002391234
1.000000000 -0.000010315 -0.000221201 0.001739686 0.000010331 1.000000000 0.000071624 -0.000185789 0.000221200 -0.000071627 1.000000000 -0.003024894
1.000000000 0.000193999 -0.000141429 0.000211438 -0.000194010 1.000000000 -0.000078138 0.000229911 0.000141414 0.000078166 1.000000000 -0.001550005
1.000000000 0.000210295 -0.000059577 -0.000485037 -0.000210293 1.000000000 0.000019772 -0.000102491 0.000059581 -0.000019759 1.000000000 -0.001144048
0.999999940 -0.000010035 -0.000261402 0.001273419 0.000010070 1.000000000 0.000132572 -0.000073904 0.000261401 -0.000132575 0.999999940 -0.000627355
1.000000000 0.000096695 -0.000097025 -0.000093426 -0.000096691 1.000000000 0.000036668 -0.000931035 0.000097029 -0.000036659 1.000000000 -0.002864365
0.999999940 0.000206794 -0.000153929 0.000631155 -0.000206763 0.999999940 0.000202606 -0.001329320 0.000153971 -0.000202574 0.999999940 -0.002874746
1.000000000 0.000133221 -0.000032314 -0.000541910 -0.000133217 1.000000000 0.000115315 -0.000427461 0.000032329 -0.000115311 1.000000000 0.000097904
1.000000000 0.000098524 -0.000077587 0.000822296 -0.000098518 1.000000000 0.000074232 -0.000194070 0.000077594 -0.000074225 1.000000000 -0.001139438
1.000000000 0.000099173 -0.000121987 0.000708689 -0.000099162 1.000000000 0.000086828 0.000379041 0.000121996 -0.000086816 1.000000000 0.001206639
1.000000000 0.000127898 -0.000037273 0.000526455 -0.000127897 1.000000000 0.000032801 0.000743320 0.000037277 -0.000032797 1.000000000 0.000379142
1.000000000 0.000017351 -0.000096817 0.001661432 -0.000017358 1.000000000 -0.000076622 0.001288442 0.000096816 0.000076623 1.000000000 -0.001435231
1.000000000 -0.000128853 -0.000066360 0.000172893 0.000128843 1.000000000 -0.000153646 0.002674768 0.000066379 0.000153637 1.000000000 0.002369478
1.000000000 -0.000202718 -0.000049590 0.001257273 0.000202719 1.000000000 0.000026162 0.000378744 0.000049585 -0.000026172 1.000000000 -0.001302295
1.000000000 -0.000174443 -0.000131390 0.001575532 0.000174436 1.000000000 -0.000050591 0.001110536 0.000131399 0.000050568 1.000000000 -0.000099545
1.000000000 -0.000054960 0.000115830 0.000309936 0.000054958 1.000000000 0.000023423 0.000532407 -0.000115832 -0.000023417 1.000000000 0.000882197
0.999999940 -0.000396605 0.000087731 0.002279257 0.000396659 0.999999762 -0.000615367 -0.002272892 -0.000087487 0.000615402 0.999999821 0.051031768
1.000000000 0.000145430 0.000041223 0.001842484 -0.000145382 0.999999285 -0.001174140 -0.005686518 -0.000041394 0.001174134 0.999999285 0.134140581
0.999999940 0.000186118 -0.000192875 0.005713822 -0.000186396 0.999998927 -0.001441886 -0.008174138 0.000192607 0.001441922 0.999998927 0.249933288
0.999999940 0.000339071 -0.000096775 0.006900204 -0.000339187 0.999999225 -0.001196795 -0.013914020 0.000096369 0.001196828 0.999999285 0.379004002
0.999999940 -0.000153275 -0.000319516 0.011189352 0.000152901 0.999999285 -0.001167603 -0.018239778 0.000319694 0.001167554 0.999999285 0.521277905
0.999999940 0.000112038 -0.000274572 0.015786007 -0.000112219 0.999999762 -0.000660712 -0.029210979 0.000274498 0.000660743 0.999999762 0.665543079
1.000000000 0.000199205 -0.000030782 0.020705288 -0.000199238 0.999999404 -0.001074636 -0.025680741 0.000030568 0.001074642 0.999999404 0.836201608
1.000000000 -0.000161925 0.000152692 0.019030645 0.000162061 0.999999583 -0.000893383 -0.027975263 -0.000152547 0.000893408 0.999999583 1.011868954
0.999998391 0.001779947 -0.000166790 0.025458734 -0.001779668 0.999997020 0.001660642 -0.065496840 0.000169745 -0.001660342 0.999998569 1.155468225
0.999998450 0.001709408 -0.000190521 0.031142773 -0.001709030 0.999996603 0.001967759 -0.071116716 0.000193884 -0.001967431 0.999997973 1.341058016
0.999998450 0.001760420 -0.000059542 0.035654280 -0.001760308 0.999996781 0.001837249 -0.075595967 0.000062776 -0.001837141 0.999998331 1.526912570
0.999998152 0.001933880 0.000096014 0.035220690 -0.001934039 0.999996662 0.001686131 -0.074723735 -0.000092752 -0.001686314 0.999998569 1.729286909
0.999998569 0.001551328 -0.000760275 0.049453642 -0.001549862 0.999996901 0.001925729 -0.082568005 0.000763260 -0.001924547 0.999997854 1.923451424
0.999997556 0.002211228 0.000107749 0.042227585 -0.002211463 0.999995172 0.002234303 -0.092944168 -0.000102808 -0.002234536 0.999997497 2.141849041
0.999998033 0.001996942 0.000137854 0.049620531 -0.001997221 0.999995947 0.002054738 -0.097378857 -0.000133751 -0.002055009 0.999997914 2.354614019
0.999997973 0.002022290 -0.000276654 0.058295511 -0.002021642 0.999995291 0.002322276 -0.105641626 0.000281349 -0.002321712 0.999997258 2.568792820
0.999996185 0.002684516 0.000482090 0.051418744 -0.002685402 0.999994576 0.001847328 -0.106493473 -0.000477128 -0.001848616 0.999998152 2.811182499
0.999997973 0.002015286 0.000044141 0.059530720 -0.002015398 0.999994397 0.002708831 -0.119117446 -0.000038682 -0.002708914 0.999996305 3.031428099
0.999997795 0.002096282 0.000099037 0.062089931 -0.002096482 0.999995589 0.002062636 -0.118248813 -0.000094713 -0.002062839 0.999997795 3.285122395
0.999998569 0.001690018 -0.000008050 0.070099756 -0.001689997 0.999996126 0.002179633 -0.127153903 0.000011734 -0.002179617 0.999997556 3.515945435
0.999997377 0.002335425 0.000049133 0.073203042 -0.002335552 0.999993443 0.002764635 -0.139502466 -0.000042677 -0.002764743 0.999996126 3.768205643
0.999997795 0.002075425 0.000298557 0.077195980 -0.002076267 0.999993742 0.002847726 -0.146374062 -0.000292645 -0.002848340 0.999995887 4.029609680
0.999996722 0.002558168 0.000233160 0.078169487 -0.002558897 0.999991596 0.003179727 -0.153009623 -0.000225023 -0.003180313 0.999994874 4.278833866
0.999997020 0.002411089 0.000241575 0.084087342 -0.002411797 0.999992609 0.002972662 -0.158702433 -0.000234406 -0.002973235 0.999995589 4.538288593
0.999997556 0.002192152 0.000253404 0.094703168 -0.002192909 0.999992967 0.003026517 -0.163889498 -0.000246767 -0.003027065 0.999995410 4.800200462
0.999997437 0.002221523 0.000204841 0.095190205 -0.002222037 0.999994218 0.002543967 -0.163870260 -0.000199188 -0.002544415 0.999996722 5.063195705
0.999998152 0.001887677 0.000329246 0.100883007 -0.001888560 0.999994516 0.002702793 -0.172671199 -0.000324143 -0.002703409 0.999996305 5.331587315
0.999997199 0.002333367 0.000471360 0.104578450 -0.002334388 0.999994874 0.002176799 -0.175788537 -0.000466278 -0.002177894 0.999997497 5.605670929
0.999998569 0.001663533 0.000214235 0.111418992 -0.001664212 0.999993443 0.003210897 -0.196743116 -0.000208892 -0.003211249 0.999994814 5.855284214
0.999999046 0.001344253 0.000159659 0.119447693 -0.001344768 0.999993801 0.003270469 -0.202965826 -0.000155262 -0.003270681 0.999994636 6.132231712
0.999997735 0.002134836 -0.000024940 0.125576898 -0.002134749 0.999992847 0.003101018 -0.209451973 0.000031560 -0.003100958 0.999995172 6.427028179
0.999998271 0.001852343 0.000231613 0.130001470 -0.001853076 0.999993086 0.003205577 -0.220648900 -0.000225673 -0.003206000 0.999994814 6.705738068
0.999997139 0.002325837 0.000371608 0.127750635 -0.002327065 0.999991655 0.003340428 -0.231370360 -0.000363836 -0.003341283 0.999994338 7.012022495
0.999997258 0.002289895 0.000271535 0.130287543 -0.002290823 0.999991298 0.003467851 -0.238748714 -0.000263591 -0.003468463 0.999993920 7.315682411
0.999996960 0.002386625 0.000658938 0.136886328 -0.002388794 0.999991715 0.003310947 -0.244785011 -0.000651030 -0.003312511 0.999994278 7.636141300
0.999997914 0.001941035 0.000477520 0.145277932 -0.001942793 0.999991238 0.003710130 -0.262505978 -0.000470314 -0.003711050 0.999993026 7.937446594
0.999996483 0.002524731 0.000693793 0.146953911 -0.002527195 0.999990404 0.003574036 -0.266172707 -0.000684763 -0.003575777 0.999993384 8.261711121
0.999997973 0.001923631 0.000542527 0.156767249 -0.001925666 0.999991000 0.003776290 -0.281453609 -0.000535258 -0.003777327 0.999992728 8.592887878
0.999997258 0.002065468 0.001104898 0.155481935 -0.002069706 0.999990404 0.003848799 -0.284763664 -0.001096938 -0.003851076 0.999991953 8.937886238
0.999998450 0.001710748 0.000383531 0.176184148 -0.001712461 0.999988377 0.004511871 -0.308062732 -0.000375808 -0.004512521 0.999989748 9.264101982
0.999997854 0.001996336 0.000465566 0.182675838 -0.001998614 0.999985814 0.004945823 -0.316018939 -0.000455686 -0.004946743 0.999987662 9.614696503
0.999998450 0.001725266 0.000307522 0.192807570 -0.001726747 0.999986589 0.004884215 -0.326639414 -0.000299091 -0.004884738 0.999987960 9.945524216
0.999997556 0.002107174 0.000661616 0.186268061 -0.002110365 0.999985993 0.004859645 -0.338613331 -0.000651367 -0.004861030 0.999987960 10.321681976
0.999995768 0.002736588 0.001030019 0.191737637 -0.002742094 0.999981761 0.005382636 -0.351881355 -0.001015270 -0.005385437 0.999984980 10.678777695
0.999996662 0.002412601 0.000863790 0.199051589 -0.002416607 0.999986172 0.004666545 -0.352232218 -0.000852520 -0.004668617 0.999988735 11.048683167
0.999996483 0.002471013 0.001032424 0.207074299 -0.002475633 0.999986827 0.004497827 -0.361551374 -0.001021296 -0.004500367 0.999989390 11.427197456
0.999997437 0.002077687 0.000926216 0.215770215 -0.002082186 0.999985933 0.004883541 -0.375117511 -0.000916057 -0.004885457 0.999987662 11.801684380
0.999998033 0.001751079 0.000969373 0.224363402 -0.001755724 0.999986887 0.004811682 -0.386832118 -0.000960935 -0.004813374 0.999987960 12.185656548
0.999997318 0.002193153 0.000633787 0.240749091 -0.002196025 0.999987185 0.004566770 -0.395709515 -0.000623763 -0.004568149 0.999989390 12.580627441
0.999997973 0.001818552 0.000781559 0.249076873 -0.001822324 0.999986589 0.004853985 -0.407063812 -0.000772721 -0.004855399 0.999987900 12.977850914
0.999997854 0.001786366 0.001071077 0.250189334 -0.001791602 0.999986351 0.004906862 -0.419245452 -0.001062297 -0.004908770 0.999987304 13.381082535
0.999998093 0.001754169 0.000910864 0.261268288 -0.001758628 0.999986351 0.004917387 -0.427877992 -0.000902226 -0.004918979 0.999987483 13.794319153
0.999996960 0.001834744 0.001608114 0.265056640 -0.001842799 0.999985635 0.005021679 -0.436247170 -0.001598877 -0.005024627 0.999986112 14.207018852
0.999996126 0.001962396 0.001949959 0.272936553 -0.001972279 0.999985099 0.005079228 -0.449557453 -0.001939963 -0.005083054 0.999985218 14.627913475
0.999996603 0.001673483 0.001970025 0.283602029 -0.001683877 0.999984622 0.005286160 -0.458992392 -0.001961149 -0.005289459 0.999984145 15.054110527
0.999993563 0.002423926 0.002656630 0.289546013 -0.002438122 0.999982715 0.005353577 -0.476263195 -0.002643608 -0.005360019 0.999982059 15.511438370
0.999994099 0.002134932 0.002736405 0.303301364 -0.002148564 0.999985278 0.004988680 -0.483263582 -0.002725715 -0.004994529 0.999983788 15.952684402
0.999993443 0.001959346 0.003067470 0.314994156 -0.001975189 0.999984682 0.005170300 -0.488445520 -0.003057292 -0.005176324 0.999981940 16.406675339
0.999994099 0.001665828 0.002994380 0.324132055 -0.001681353 0.999985218 0.005189617 -0.506003797 -0.002985691 -0.005194622 0.999982059 16.844636917
0.999991119 0.002373046 0.003463621 0.335236937 -0.002391377 0.999983132 0.005298157 -0.518296957 -0.003450989 -0.005306394 0.999979913 17.304254532
0.999986053 0.002675540 0.004549255 0.337410450 -0.002699890 0.999982059 0.005355036 -0.528403938 -0.004534846 -0.005367244 0.999975324 17.765405655
0.999987662 0.002677213 0.004190361 0.353093147 -0.002700211 0.999981284 0.005492299 -0.542146504 -0.004175577 -0.005503546 0.999976158 18.228956223
0.999985993 0.002920558 0.004418035 0.364338160 -0.002945774 0.999979377 0.005711663 -0.551339388 -0.004401261 -0.005724597 0.999973953 18.707801819
0.999985814 0.003165250 0.004306150 0.377209187 -0.003189184 0.999979496 0.005562361 -0.561892450 -0.004288455 -0.005576015 0.999975264 19.173742294
0.999986231 0.002659645 0.004527649 0.392486811 -0.002685718 0.999979794 0.005762170 -0.581828237 -0.004512233 -0.005774251 0.999973178 19.659582138
0.999986470 0.002463121 0.004598511 0.404530048 -0.002492326 0.999976814 0.006356250 -0.594414473 -0.004582749 -0.006367625 0.999969244 20.151859283
0.999988675 0.001941716 0.004352294 0.420208633 -0.001971341 0.999974787 0.006812776 -0.611973107 -0.004338956 -0.006821278 0.999967396 20.622669220
0.999988079 0.002405152 0.004233921 0.431432664 -0.002435559 0.999971151 0.007191266 -0.639502585 -0.004216503 -0.007201492 0.999965191 21.134372711
0.999987602 0.002893966 0.004029894 0.436284959 -0.002919783 0.999975145 0.006415199 -0.638610125 -0.004011228 -0.006426888 0.999971271 21.643579483
0.999983013 0.003651406 0.004536659 0.432761967 -0.003682260 0.999970019 0.006811496 -0.652619779 -0.004511652 -0.006828086 0.999966502 22.165891647
0.999990880 0.003242698 0.002774059 0.461662024 -0.003263405 0.999966621 0.007492788 -0.676175833 -0.002749669 -0.007501772 0.999968052 22.696193695
0.999991834 0.003291579 0.002347763 0.470252216 -0.003308065 0.999969661 0.007052887 -0.687004507 -0.002324477 -0.007060596 0.999972284 23.216762543
0.999994338 0.002894267 0.001702804 0.482127994 -0.002907184 0.999966621 0.007632939 -0.705077350 -0.001680655 -0.007637846 0.999969423 23.746166229
0.999997616 0.001860414 0.001163151 0.490832865 -0.001868541 0.999973536 0.007025806 -0.713636637 -0.001150049 -0.007027962 0.999974668 24.280918121
0.999995232 0.003076799 0.000467149 0.498444498 -0.003080166 0.999967933 0.007385744 -0.723434567 -0.000444409 -0.007387146 0.999972641 24.818298340
0.999993980 0.003454788 0.000295018 0.510930896 -0.003456961 0.999964237 0.007714949 -0.739277780 -0.000268355 -0.007715922 0.999970198 25.368343353
0.999993801 0.003505438 -0.000430307 0.521901309 -0.003501785 0.999960124 0.008212998 -0.751653314 0.000459080 -0.008211439 0.999966204 25.907184601
0.999994397 0.003339757 -0.000389707 0.521989882 -0.003336717 0.999965847 0.007554449 -0.755544782 0.000414924 -0.007553105 0.999971390 26.475280762
0.999992967 0.003644333 -0.000913142 0.530045748 -0.003636737 0.999959826 0.008186372 -0.778749168 0.000942940 -0.008182993 0.999966025 27.022951126
0.999991894 0.003986640 -0.000658685 0.531155229 -0.003980947 0.999956489 0.008430151 -0.790651262 0.000692265 -0.008427461 0.999964237 27.585767746
0.999989927 0.004299150 -0.001293764 0.540002644 -0.004288798 0.999959588 0.007900725 -0.803972721 0.001327678 -0.007895096 0.999967933 28.134326935
0.999990761 0.004022522 -0.001505392 0.547062755 -0.004009939 0.999957800 0.008270654 -0.813691258 0.001538598 -0.008264541 0.999964654 28.674142838
0.999989569 0.004016076 -0.002174276 0.564440846 -0.003995894 0.999949574 0.009208686 -0.839052558 0.002211149 -0.009199901 0.999955237 29.216865540
0.999989510 0.003997693 -0.002226311 0.574052393 -0.003977308 0.999950826 0.009086508 -0.848171115 0.002262527 -0.009077560 0.999956191 29.768693924
0.999988794 0.004037284 -0.002452168 0.577663362 -0.004016052 0.999954879 0.008602651 -0.853011608 0.002486789 -0.008592706 0.999960005 30.306085587
0.999987006 0.004419968 -0.002519568 0.592773676 -0.004397737 0.999951959 0.008761677 -0.868753731 0.002558173 -0.008750483 0.999958456 30.855079651
0.999985218 0.004454718 -0.003124213 0.597246468 -0.004426064 0.999948621 0.009119605 -0.881659389 0.003164678 -0.009105641 0.999953508 31.409421921
0.999985337 0.004297499 -0.003310875 0.608607829 -0.004266085 0.999946296 0.009437650 -0.891972721 0.003351255 -0.009423387 0.999949992 31.959074020
0.999986172 0.004202248 -0.003156147 0.611159801 -0.004173312 0.999949694 0.009119556 -0.904961705 0.003194311 -0.009106259 0.999953449 32.508548737
0.999983728 0.004559836 -0.003425735 0.617008388 -0.004528665 0.999948800 0.009052381 -0.911704779 0.003466836 -0.009036720 0.999953151 33.060718536
0.999983191 0.004730273 -0.003351727 0.619294941 -0.004699635 0.999947667 0.009090148 -0.924178600 0.003394550 -0.009074244 0.999953091 33.612701416
0.999982536 0.004594302 -0.003721115 0.633176148 -0.004561889 0.999951959 0.008672941 -0.929993153 0.003760782 -0.008655814 0.999955475 34.162139893
0.999983609 0.004210585 -0.003876785 0.642004550 -0.004173967 0.999947071 0.009405315 -0.946447670 0.003916182 -0.009388980 0.999948263 34.710716248
0.999982595 0.004674478 -0.003606695 0.645439744 -0.004640335 0.999944866 0.009417565 -0.957780659 0.003650518 -0.009400664 0.999949157 35.262741089
0.999983370 0.004674788 -0.003394362 0.654519737 -0.004643923 0.999948323 0.009044875 -0.965740144 0.003436470 -0.009028961 0.999953330 35.806159973
0.999985397 0.004025620 -0.003614990 0.667463422 -0.003993171 0.999952018 0.008939259 -0.982747674 0.003650803 -0.008924692 0.999953508 36.344635010
0.999981821 0.004861138 -0.003563899 0.662252605 -0.004829150 0.999948442 0.008930250 -0.985008359 0.003607126 -0.008912877 0.999953747 36.906745911
0.999983430 0.004880422 -0.003075814 0.665767193 -0.004851192 0.999943674 0.009440202 -0.997506440 0.003121713 -0.009425123 0.999950707 37.449043274
0.999981940 0.004719766 -0.003724535 0.671423316 -0.004686743 0.999950051 0.008825736 -1.006689906 0.003766004 -0.008808121 0.999954104 38.004627228
0.999983072 0.004637812 -0.003524830 0.675574124 -0.004607443 0.999952555 0.008575797 -1.013421774 0.003564436 -0.008559411 0.999956965 38.556331635
0.999983311 0.004708723 -0.003337280 0.681198001 -0.004678957 0.999949694 0.008871645 -1.031883001 0.003378886 -0.008855882 0.999955118 39.091819763
0.999981165 0.005002115 -0.003561319 0.689997733 -0.004971227 0.999950409 0.008630226 -1.038093805 0.003604312 -0.008612361 0.999956369 39.662212372
0.999982238 0.004813996 -0.003524348 0.704216301 -0.004780972 0.999945104 0.009319555 -1.054510832 0.003569019 -0.009302540 0.999950290 40.195465088
0.999981105 0.005130607 -0.003378253 0.718395591 -0.005099153 0.999944150 0.009254503 -1.068606615 0.003425546 -0.009237102 0.999951482 40.743206024
0.999979615 0.005552558 -0.003126783 0.700037837 -0.005526388 0.999950171 0.008316742 -1.061527729 0.003172806 -0.008299293 0.999960542 41.311256409
0.999977529 0.005888437 -0.003207066 0.711773396 -0.005862977 0.999951720 0.007891161 -1.064449549 0.003253378 -0.007872181 0.999963701 41.853981018
0.999979496 0.005268327 -0.003647953 0.729487419 -0.005236174 0.999947786 0.008768361 -1.087824583 0.003693957 -0.008749078 0.999954939 42.385044098
0.999977887 0.005727549 -0.003376883 0.723035157 -0.005699936 0.999950707 0.008130902 -1.085452795 0.003423288 -0.008111476 0.999961197 42.963485718
0.999978781 0.005393903 -0.003641437 0.735292017 -0.005364647 0.999953628 0.007996674 -1.096044540 0.003684402 -0.007976970 0.999961376 43.508155823
0.999975920 0.005971680 -0.003528018 0.740297496 -0.005942076 0.999947488 0.008342705 -1.112629652 0.003577653 -0.008321539 0.999958992 44.072795868
0.999980390 0.005173781 -0.003529188 0.749190986 -0.005144275 0.999952137 0.008319095 -1.123227835 0.003572061 -0.008300777 0.999959171 44.614616394
0.999977112 0.005753540 -0.003555262 0.752992809 -0.005724928 0.999951541 0.008006434 -1.126786470 0.003601156 -0.007985897 0.999961615 45.171508789
0.999972761 0.006755159 -0.002976406 0.755349159 -0.006730990 0.999944866 0.008056702 -1.135712624 0.003030666 -0.008036449 0.999963105 45.717056274
0.999976754 0.005955215 -0.003318931 0.771926761 -0.005927034 0.999946833 0.008436654 -1.152909636 0.003368997 -0.008416786 0.999958932 46.273147583
0.999977350 0.005792677 -0.003417321 0.790111184 -0.005763439 0.999947190 0.008504418 -1.169228077 0.003466404 -0.008484530 0.999958038 46.810379028
0.999978662 0.005744081 -0.003110619 0.779418588 -0.005720636 0.999955475 0.007494409 -1.155590653 0.003153530 -0.007476453 0.999967098 47.361431122
0.999982178 0.004937515 -0.003352265 0.788748622 -0.004911230 0.999957442 0.007804199 -1.164489746 0.003390656 -0.007787596 0.999963939 47.893989563
0.999983490 0.005287413 -0.002261841 0.781514764 -0.005271120 0.999960542 0.007150114 -1.169601202 0.002299557 -0.007138073 0.999971926 48.443420410
0.999983013 0.005100212 -0.002824861 0.801089406 -0.005079121 0.999959528 0.007423245 -1.184416771 0.002862606 -0.007408772 0.999968469 49.016151428
0.999986231 0.004260146 -0.003059805 0.814277053 -0.004239339 0.999968052 0.006774504 -1.193112373 0.003088568 -0.006761438 0.999972403 49.559768677
0.999985039 0.005004739 -0.002211580 0.820706487 -0.004989523 0.999964118 0.006833415 -1.203560114 0.002245700 -0.006822278 0.999974251 50.100307465
0.999984205 0.005064894 -0.002443553 0.821409464 -0.005047326 0.999961734 0.007143019 -1.215903044 0.002479638 -0.007130573 0.999971509 50.675319672
0.999983609 0.005034687 -0.002716244 0.828899086 -0.005016474 0.999965191 0.006671074 -1.224759579 0.002749736 -0.006657339 0.999974072 51.232089996
0.999983370 0.005405101 -0.001968367 0.832635045 -0.005391579 0.999962270 0.006810985 -1.239111543 0.002005106 -0.006800259 0.999974906 51.782699585
0.999981761 0.005219424 -0.003031232 0.852711320 -0.005198004 0.999961793 0.007031960 -1.250599861 0.003067819 -0.007016076 0.999970675 52.329124451
0.999984682 0.004885134 -0.002610823 0.857555687 -0.004867728 0.999966085 0.006631904 -1.261319995 0.002643131 -0.006619093 0.999974608 52.877216339
0.999984086 0.005153239 -0.002307182 0.859398127 -0.005137697 0.999964416 0.006692398 -1.268133759 0.002341588 -0.006680438 0.999974966 53.431316376
0.999984205 0.005065020 -0.002439688 0.868359804 -0.005049081 0.999966085 0.006495771 -1.280564427 0.002472508 -0.006483351 0.999975860 53.979598999
0.999985754 0.005038539 -0.001735792 0.874720156 -0.005026910 0.999965310 0.006639373 -1.292474985 0.001769185 -0.006630554 0.999976397 54.520763397
0.999983549 0.005371536 -0.001993042 0.881470442 -0.005358388 0.999964237 0.006544806 -1.306634545 0.002028127 -0.006534019 0.999976575 55.071804047
0.999983132 0.005429226 -0.002090505 0.889604807 -0.005415782 0.999964952 0.006383915 -1.317259312 0.002125092 -0.006372484 0.999977410 55.624954224
0.999980807 0.005917063 -0.001803233 0.896924496 -0.005905256 0.999961495 0.006484684 -1.323443413 0.001841534 -0.006473911 0.999977350 56.182785034
0.999980628 0.005763606 -0.002330085 0.908092260 -0.005749060 0.999964237 0.006202080 -1.330242038 0.002365748 -0.006188565 0.999978065 56.731670380
0.999984562 0.005316286 -0.001643695 0.926599264 -0.005306263 0.999967635 0.006042997 -1.352156281 0.001675768 -0.006034182 0.999980390 57.254753113
0.999980032 0.005963349 -0.002058319 0.933162570 -0.005950058 0.999961913 0.006403761 -1.355529547 0.002096428 -0.006391387 0.999977350 57.831439972
0.999980628 0.005770316 -0.002310382 0.943136156 -0.005756109 0.999964833 0.006109255 -1.367507696 0.002345552 -0.006095838 0.999978662 58.381385803
0.999980569 0.005922155 -0.002020067 0.948502243 -0.005910204 0.999965310 0.005871861 -1.379157186 0.002054771 -0.005859807 0.999980748 58.917388916
0.999979496 0.006312927 -0.001147779 0.949712694 -0.006306225 0.999963582 0.005751948 -1.384176850 0.001184049 -0.005744592 0.999982774 59.473342896
0.999982476 0.005615073 -0.001863697 0.959408283 -0.005605324 0.999970794 0.005196551 -1.391596794 0.001892822 -0.005186014 0.999984741 60.004726410
0.999984026 0.005484285 -0.001358453 0.971393645 -0.005477101 0.999971271 0.005237574 -1.404467702 0.001387139 -0.005230050 0.999985337 60.555427551
0.999982715 0.005391677 -0.002354465 0.981529832 -0.005377745 0.999968171 0.005884096 -1.419966102 0.002386116 -0.005871332 0.999979854 61.088615417
0.999982834 0.005470023 -0.002109668 0.994244456 -0.005457807 0.999968529 0.005752679 -1.434053898 0.002141070 -0.005741066 0.999981165 61.635280609
0.999981940 0.005632165 -0.002107610 1.004069805 -0.005619933 0.999967575 0.005765546 -1.445451021 0.002140014 -0.005753597 0.999981165 62.184413910
0.999982774 0.005520425 -0.001976402 1.005200624 -0.005510136 0.999971449 0.005174244 -1.445547581 0.002004910 -0.005163265 0.999984682 62.722534180
0.999981403 0.005790660 -0.001908634 1.016141176 -0.005780407 0.999969006 0.005334286 -1.462235212 0.001939464 -0.005323154 0.999983907 63.268974304
0.999981463 0.005931713 -0.001357847 1.019543767 -0.005924568 0.999968886 0.005206479 -1.468055606 0.001388688 -0.005198338 0.999985516 63.818401337
0.999979138 0.006135311 -0.002014007 1.033117890 -0.006124024 0.999965787 0.005563108 -1.487892151 0.002048069 -0.005550658 0.999982476 64.351348877
0.999980211 0.005068349 -0.003734304 1.047588348 -0.005049254 0.999974310 0.005105217 -1.495365143 0.003760083 -0.005086260 0.999979973 64.903984070
0.999979377 0.006145901 -0.001830371 1.058297992 -0.006135218 0.999964416 0.005785719 -1.512092233 0.001865864 -0.005774369 0.999981582 65.429794312
0.999981046 0.005810061 -0.002014888 1.063937068 -0.005799428 0.999969423 0.005242849 -1.521703482 0.002045288 -0.005231065 0.999984145 65.989906311
0.999978960 0.006088689 -0.002253971 1.077024937 -0.006077229 0.999968708 0.005056776 -1.529668331 0.002284690 -0.005042972 0.999984622 66.544570923
0.999981701 0.005760971 -0.001826651 1.080229402 -0.005752054 0.999971688 0.004849739 -1.535671353 0.001854538 -0.004839143 0.999986589 67.100997925
0.999979556 0.005937935 -0.002376111 1.099864244 -0.005925105 0.999967992 0.005370725 -1.561602473 0.002407926 -0.005356537 0.999982715 67.635078430
0.999978006 0.006213100 -0.002316118 1.104615688 -0.006199845 0.999964595 0.005686947 -1.573671579 0.002351370 -0.005672463 0.999981165 68.184349060
0.999976039 0.006637320 -0.001971937 1.113242745 -0.006625995 0.999961913 0.005694864 -1.594414353 0.002009660 -0.005681662 0.999981880 68.725936890
0.999976277 0.006561806 -0.002152021 1.126570106 -0.006549482 0.999962389 0.005685269 -1.603057027 0.002189246 -0.005671039 0.999981523 69.254463196
0.999976456 0.006443350 -0.002365963 1.140324831 -0.006431208 0.999966323 0.005104400 -1.605807185 0.002398772 -0.005089064 0.999984264 69.800987244
0.999977112 0.006387738 -0.002246962 1.147349954 -0.006377153 0.999968648 0.004687194 -1.615803957 0.002276832 -0.004672757 0.999986529 70.346969604
0.999982357 0.005806012 -0.001238289 1.125486612 -0.005800229 0.999972403 0.004623034 -1.625139952 0.001265097 -0.004615770 0.999988496 70.903350830
0.999981344 0.005857416 -0.001726707 1.147166252 -0.005849092 0.999971330 0.004787100 -1.642687917 0.001754698 -0.004776910 0.999987066 71.450645447
0.999975860 0.006686172 -0.001879281 1.159003258 -0.006676671 0.999965131 0.005017156 -1.660017729 0.001912761 -0.005004488 0.999985635 71.977912903
0.999975443 0.006650838 -0.002214639 1.171345353 -0.006638796 0.999963403 0.005400923 -1.673124075 0.002250478 -0.005386088 0.999982953 72.527091980
0.999976873 0.006324647 -0.002506295 1.180758476 -0.006311663 0.999966800 0.005155232 -1.691108346 0.002538817 -0.005139294 0.999983549 73.069702148
0.999972582 0.007189237 -0.001786817 1.183953404 -0.007180261 0.999961793 0.004980282 -1.697318196 0.001822553 -0.004967316 0.999985993 73.606353760
0.999971390 0.007215085 -0.002291627 1.195168734 -0.007204372 0.999963224 0.004648450 -1.708108306 0.002325082 -0.004631807 0.999986589 74.142135620
0.999966800 0.007799515 -0.002371434 1.205162048 -0.007787222 0.999956429 0.005149228 -1.724180698 0.002411493 -0.005130591 0.999983847 74.691162109
0.999968886 0.007547312 -0.002266381 1.217655063 -0.007534910 0.999956787 0.005432440 -1.736469984 0.002307284 -0.005415194 0.999982655 75.232711792
0.999970317 0.007348491 -0.002303356 1.227218509 -0.007335761 0.999957979 0.005487690 -1.748357415 0.002343585 -0.005470630 0.999982297 75.775390625
0.999972880 0.007009827 -0.002252220 1.238194942 -0.006997473 0.999960661 0.005447127 -1.766483307 0.002290315 -0.005431219 0.999982655 76.319969177
0.999972284 0.007026834 -0.002445101 1.249149561 -0.007013393 0.999960482 0.005462834 -1.778347492 0.002483391 -0.005445534 0.999982119 76.865562439
0.999974489 0.006866825 -0.001975168 1.253802299 -0.006857116 0.999964535 0.004880764 -1.785200953 0.002008612 -0.004867095 0.999986112 77.414093018
0.999976218 0.006604551 -0.001983583 1.265379310 -0.006595570 0.999968171 0.004500743 -1.792659402 0.002013246 -0.004487554 0.999987900 77.962348938
0.999975443 0.006536110 -0.002531184 1.278670073 -0.006522835 0.999965131 0.005217858 -1.811780095 0.002565201 -0.005201219 0.999983191 78.495040894
0.999975204 0.006736694 -0.002033094 1.285497904 -0.006726664 0.999965370 0.004900473 -1.823822260 0.002066037 -0.004886675 0.999985993 79.040657043
0.999975681 0.006591507 -0.002265373 1.297284007 -0.006580035 0.999965787 0.005034768 -1.831275105 0.002298482 -0.005019739 0.999984741 79.580917358
0.999977171 0.006485235 -0.001879180 1.301703215 -0.006476093 0.999967396 0.004830892 -1.841467619 0.001910448 -0.004818612 0.999986529 80.136436462
0.999971211 0.007069066 -0.002744754 1.319053292 -0.007056153 0.999964118 0.004685456 -1.857999086 0.002777777 -0.004665955 0.999985218 80.675369263
0.999974787 0.006939757 -0.001511315 1.329705119 -0.006931507 0.999961436 0.005397258 -1.875201225 0.001548713 -0.005386647 0.999984264 81.222251892
0.999975920 0.006928547 0.000218598 1.337337136 -0.006929516 0.999964535 0.004794601 -1.881926060 -0.000185371 -0.004796002 0.999988437 81.778709412
0.999974966 0.007011127 0.000971774 1.349625707 -0.007015623 0.999964356 0.004702819 -1.897220254 -0.000938767 -0.004709519 0.999988496 82.310066223
0.999973416 0.006711464 0.002838752 1.355982423 -0.006724988 0.999965906 0.004781542 -1.909190655 -0.002806564 -0.004800505 0.999984562 82.854469299
0.999960303 0.006813914 0.005745752 1.379521966 -0.006839132 0.999966979 0.004380904 -1.921334028 -0.005715712 -0.004420026 0.999973893 83.394714355
0.999926865 0.007307560 0.009634746 1.395091295 -0.007355858 0.999960482 0.004986905 -1.936657429 -0.009597925 -0.005057412 0.999941111 83.943450928
0.999896824 0.007207640 0.012427729 1.421431422 -0.007270768 0.999960840 0.005041941 -1.956448317 -0.012390901 -0.005131780 0.999910057 84.493942261
0.999821126 0.007416071 0.017398121 1.441791534 -0.007499687 0.999960601 0.004745715 -1.964876056 -0.017362243 -0.004875347 0.999837339 85.048614502
0.999700189 0.007576704 0.023283914 1.471228480 -0.007695386 0.999957860 0.005011830 -1.980301380 -0.023244958 -0.005189506 0.999716461 85.597366333
0.999558210 0.007303176 0.028809298 1.504433393 -0.007449219 0.999959946 0.004965241 -1.994326830 -0.028771879 -0.005177654 0.999572575 86.133567810
0.999391317 0.006889286 0.034200717 1.540293813 -0.007046288 0.999965131 0.004472160 -2.002669334 -0.034168717 -0.004710425 0.999404967 86.670410156
0.999060214 0.006774637 0.042811558 1.575490713 -0.006984637 0.999964297 0.004757530 -2.015928268 -0.042777799 -0.005052082 0.999071836 87.235855103
0.998713672 0.006789936 0.050249632 1.624350071 -0.007079540 0.999959409 0.005587557 -2.034799337 -0.050209656 -0.005936114 0.998721004 87.791625977
0.998294652 0.006696973 0.057989884 1.664800882 -0.006988564 0.999963880 0.004826962 -2.040834665 -0.057955470 -0.005223996 0.998305500 88.338821411
0.997702301 0.006777838 0.067410707 1.717524529 -0.007097978 0.999964595 0.004510697 -2.050111294 -0.067377731 -0.004978811 0.997715116 88.889152527
0.996964514 0.006916649 0.077549495 1.780327320 -0.007294564 0.999962807 0.004590995 -2.063391209 -0.077514850 -0.005142749 0.996977925 89.421798706
0.996316671 0.006174467 0.085527644 1.849699020 -0.006558857 0.999969602 0.004214084 -2.076767445 -0.085499026 -0.004759526 0.996326864 89.989097595
0.995599568 0.006116689 0.093509942 1.918469906 -0.006502421 0.999971569 0.003820904 -2.089454651 -0.093483903 -0.004412130 0.995611012 90.542472839
0.994515717 0.006004594 0.104414523 1.988108635 -0.006493386 0.999969482 0.004341968 -2.108277559 -0.104385279 -0.004996159 0.994524360 91.086456299
0.993333220 0.005811402 0.115131736 2.067023277 -0.006347216 0.999970615 0.004287862 -2.118038654 -0.115103446 -0.004990042 0.993340909 91.645889282
0.992269695 0.005302378 0.123986699 2.158319473 -0.005847266 0.999974787 0.004031245 -2.131272316 -0.123962194 -0.004725066 0.992275655 92.181945801
0.990788639 0.005263273 0.135315225 2.248886108 -0.005941341 0.999971747 0.004607671 -2.147726059 -0.135287181 -0.005369182 0.990791857 92.710876465
0.989145577 0.004893039 0.146857113 2.354827881 -0.005564510 0.999975860 0.004161805 -2.156922340 -0.146833211 -0.004933818 0.989149094 93.254753113
0.987469077 0.004545164 0.157747239 2.458957672 -0.005310040 0.999976099 0.004427618 -2.174914837 -0.157723367 -0.005209780 0.987469614 93.802986145
0.985724270 0.004389518 0.168310061 2.570870399 -0.005170057 0.999977767 0.004199571 -2.179261684 -0.168287888 -0.005009791 0.985725164 94.324592590
0.983505905 0.004217665 0.180826247 2.695018768 -0.005135499 0.999976218 0.004607901 -2.198949099 -0.180802494 -0.005460531 0.983504295 94.841194153
0.981040001 0.004241165 0.193759009 2.811340332 -0.005202854 0.999976516 0.004454726 -2.207406759 -0.193735570 -0.005378364 0.981039047 95.391685486
0.978987396 0.003983039 0.203882039 2.938550949 -0.004868163 0.999980748 0.003840004 -2.210823298 -0.203862816 -0.004751846 0.978987932 95.931686401
0.976243377 0.004239034 0.216635659 3.090787888 -0.005242003 0.999978065 0.004055336 -2.228143930 -0.216613695 -0.005094600 0.976244152 96.456275940
0.973092318 0.004753909 0.230366439 3.221210480 -0.005945967 0.999972284 0.004480679 -2.245532513 -0.230338722 -0.005729865 0.973093629 96.989440918
0.970257282 0.003902029 0.242044494 3.365850449 -0.005106328 0.999977529 0.004348415 -2.255262375 -0.242022052 -0.005455041 0.970255494 97.527420044
0.967256486 0.003862310 0.253771186 3.526950836 -0.005081757 0.999978483 0.004149947 -2.267217398 -0.253749698 -0.005303667 0.967255354 98.045883179
0.963441432 0.003845073 0.267891109 3.678972244 -0.005189006 0.999977231 0.004308912 -2.283978224 -0.267868370 -0.005541473 0.963439584 98.585853577
0.959974110 0.003526087 0.280066252 3.857154846 -0.004957879 0.999978006 0.004404055 -2.299496412 -0.280044585 -0.005616314 0.959970593 99.110466003
0.956695914 0.003566986 0.291067421 4.031219482 -0.005015088 0.999978423 0.004229277 -2.312630892 -0.291046053 -0.005505861 0.956693232 99.620452881
0.952229619 0.003489400 0.305362940 4.204721451 -0.005051175 0.999977887 0.004324544 -2.320877314 -0.305341125 -0.005660401 0.952226162 100.126388550
0.947911203 0.002530111 0.318524420 4.408832550 -0.004093578 0.999982655 0.004239181 -2.334436893 -0.318508178 -0.005322271 0.947905242 100.622413635
0.943925500 0.001839989 0.330153286 4.604848862 -0.003434438 0.999985099 0.004246186 -2.345312357 -0.330140531 -0.005141974 0.943917811 101.140502930
0.939195514 0.001717332 0.343378395 4.812658310 -0.003291382 0.999986589 0.004001247 -2.356527090 -0.343366981 -0.004888143 0.939188659 101.661918640
0.933984935 0.001587938 0.357308835 5.028110504 -0.003279144 0.999986112 0.004127398 -2.372725487 -0.357297301 -0.005026595 0.933977187 102.152992249
0.929310977 0.001325069 0.369295567 5.263553619 -0.003057657 0.999986887 0.004106366 -2.386274338 -0.369285256 -0.004945270 0.929302931 102.682525635
0.924642026 0.000524398 0.380836993 5.496694565 -0.001990251 0.999992013 0.003455221 -2.396475077 -0.380832225 -0.003952803 0.924635708 103.183776855
0.918727100 0.000316794 0.394892782 5.732845306 -0.002293113 0.999987066 0.004532763 -2.419509172 -0.394886225 -0.005069906 0.918716013 103.687759399
0.912832022 -0.000052279 0.408335268 5.969161987 -0.001787588 0.999989927 0.004124175 -2.427053928 -0.408331364 -0.004494614 0.912822723 104.179748535
0.907883108 -0.000130088 0.419223428 6.217384338 -0.001704940 0.999990582 0.004002575 -2.444637775 -0.419219971 -0.004348620 0.907874405 104.656173706
0.901628911 -0.000715233 0.432509869 6.480186462 -0.001196148 0.999990702 0.004147206 -2.460668564 -0.432508826 -0.004256587 0.901619613 105.140747070
0.894613326 -0.001898489 0.446837068 6.741710663 0.000036926 0.999991298 0.004174761 -2.470560074 -0.446841121 -0.003718297 0.894605637 105.653648376
0.888699472 -0.003233239 0.458478779 7.019096375 0.001367808 0.999989390 0.004400713 -2.490037441 -0.458488166 -0.003283801 0.888694525 106.118171692
0.882801592 -0.002860937 0.469737351 7.274696350 0.000867589 0.999989629 0.004459935 -2.497712612 -0.469745338 -0.003529698 0.882794976 106.596343994
0.875586689 -0.003020168 0.483051777 7.552463531 0.001231821 0.999991179 0.004019392 -2.507357597 -0.483059704 -0.002924292 0.875582576 107.080039978
0.868835926 -0.003488412 0.495087862 7.856227875 0.001827260 0.999991000 0.003839300 -2.519195318 -0.495096803 -0.002431067 0.868834496 107.541458130
0.862724125 -0.003608713 0.505661845 8.141796112 0.001854164 0.999990404 0.003973100 -2.526591539 -0.505671263 -0.002490109 0.862722635 108.020759583
