1.000000000 0.000000000 0.000000000 0.000000000 0.000000000 1.000000000 0.000000000 0.000000000 0.000000000 0.000000000 1.000000000 0.000000000
1.000000000 0.000115009 0.000039961 -0.001492641 -0.000115007 1.000000000 -0.000049723 0.001481978 -0.000039967 0.000049718 1.000000000 0.003454603
1.000000000 0.000106015 0.000005523 0.000474873 -0.000106015 1.000000000 -0.000000224 0.000720208 -0.000005523 0.000000223 1.000000000 0.003846994
0.999999940 0.000257841 0.000125994 -0.002357480 -0.000257842 0.999999940 0.000009111 0.000683342 -0.000125992 -0.000009144 1.000000000 -0.002558479
1.000000000 0.000128341 0.000043082 -0.000208225 -0.000128340 1.000000000 -0.000024523 0.000687135 -0.000043085 0.000024517 1.000000000 -0.001849605
1.000000000 0.000020997 -0.000004413 -0.000116298 -0.000020997 1.000000000 0.000027559 0.000593202 0.000004414 -0.000027558 1.000000000 0.000518630
1.000000000 -0.000010004 0.000038679 -0.001949841 0.000010006 1.000000000 -0.000039285 0.000953835 -0.000038678 0.000039285 1.000000000 0.000850996
1.000000000 0.000021952 0.000047479 -0.000206575 -0.000021955 1.000000000 0.000062867 0.000708890 -0.000047478 -0.000062868 1.000000000 -0.000143655
1.000000000 -0.000002150 0.000076481 -0.001730232 0.000002149 1.000000000 0.000015429 0.000795833 -0.000076481 -0.000015429 1.000000000 0.002343801
1.000000000 0.000159405 0.000094236 -0.000840047 -0.000159403 1.000000000 -0.000022145 0.000506318 -0.000094239 0.000022130 1.000000000 -0.001661783
1.000000000 0.000163366 0.000093146 -0.000447656 -0.000163370 1.000000000 0.000038601 0.000471112 -0.000093140 -0.000038617 1.000000000 -0.001076015
1.000000000 0.000031751 0.000038792 -0.001699946 -0.000031749 1.000000000 -0.000039671 0.000987327 -0.000038794 0.000039670 1.000000000 -0.002900944
1.000000000 0.000085760 0.000110046 -0.002014203 -0.000085764 1.000000000 0.000039915 0.000649576 -0.000110043 -0.000039924 1.000000000 -0.004314818
1.000000000 -0.000126722 0.000048076 -0.000984609 0.000126721 1.000000000 0.000021313 -0.000255304 -0.000048078 -0.000021306 1.000000000 -0.000577628
1.000000000 0.000065841 0.000059416 -0.000238866 -0.000065840 1.000000000 -0.000017705 0.000794395 -0.000059417 0.000017701 1.000000000 -0.002039614
1.000000000 -0.000002214 0.000042802 -0.000073670 0.000002213 1.000000000 0.000026404 0.000751559 -0.000042802 -0.000026404 1.000000000 -0.003245861
1.000000000 -0.000064444 0.000043661 -0.001748705 0.000064443 1.000000000 0.000033513 0.000236648 -0.000043663 -0.000033510 1.000000000 -0.002404191
1.000000000 0.000061712 0.000121791 -0.001663218 -0.000061720 1.000000000 0.000063881 -0.000900305 -0.000121787 -0.000063888 1.000000000 -0.004081328
1.000000000 0.000105382 0.000061564 -0.000131954 -0.000105386 1.000000000 0.000051942 0.001262206 -0.000061558 -0.000051949 1.000000000 -0.004592479
1.000000000 -0.000089919 -0.000002433 -0.000670352 0.000089919 1.000000000 0.000020131 0.000511906 0.000002431 -0.000020131 1.000000000 -0.005934809
1.000000000 0.000020614 0.000047922 -0.000463239 -0.000020615 1.000000000 0.000029295 0.000215784 -0.000047921 -0.000029296 1.000000000 -0.006619944
1.000000000 -0.000062481 0.000021834 -0.000244407 0.000062480 1.000000000 0.000043913 -0.001333926 -0.000021836 -0.000043911 1.000000000 -0.004332734
1.000000000 0.000106495 0.000161553 -0.004814490 -0.000106482 1.000000000 -0.000082343 0.002058327 -0.000161562 0.000082326 1.000000000 0.003122850
1.000000000 0.000015240 0.000041377 0.000150121 -0.000015241 1.000000000 0.000016142 -0.000353768 -0.000041377 -0.000016142 1.000000000 -0.000592655
1.000000000 -0.000044339 0.000073669 -0.002062490 0.000044338 1.000000000 0.000005432 0.000945855 -0.000073669 -0.000005429 1.000000000 0.000307448
1.000000000 -0.000046726 -0.000015573 0.000784689 0.000046726 1.000000000 -0.000002965 0.000886333 0.000015573 0.000002964 1.000000000 -0.003489590
1.000000000 -0.000132388 0.000076726 -0.002514211 0.000132392 1.000000000 -0.000046624 0.002075802 -0.000076720 0.000046634 1.000000000 0.000699110
1.000000000 0.000132136 0.000145070 -0.004265952 -0.000132127 1.000000000 -0.000062306 0.002126169 -0.000145078 0.000062287 1.000000000 0.000071588
1.000000000 -0.000087686 0.000063455 -0.001938581 0.000087681 1.000000000 0.000078931 0.000151080 -0.000063462 -0.000078925 1.000000000 -0.000084731
1.000000000 -0.000104545 0.000023490 -0.002484605 0.000104545 1.000000000 -0.000016562 0.001707756 -0.000023488 0.000016565 1.000000000 0.001146414
1.000000000 -0.000040144 0.000030049 -0.001759402 0.000040145 1.000000000 -0.000028787 0.000712258 -0.000030048 0.000028788 1.000000000 0.001645748
1.000000000 -0.000075885 0.000077537 -0.003288362 0.000075882 1.000000000 0.000039475 0.000626704 -0.000077540 -0.000039470 1.000000000 0.003084633
1.000000000 -0.000128208 0.000029212 -0.002591126 0.000128209 1.000000000 -0.000011446 0.000783967 -0.000029210 0.000011449 1.000000000 -0.000723454
1.000000000 -0.000014298 0.000035457 -0.000739527 0.000014297 1.000000000 0.000035470 -0.000764587 -0.000035457 -0.000035470 1.000000000 -0.001815932
0.999999940 0.000198287 0.000171970 -0.004206703 -0.000198281 1.000000000 -0.000033457 0.001072407 -0.000171977 0.000033423 1.000000000 0.000528252
1.000000000 -0.000009011 0.000022474 -0.000881758 0.000009010 1.000000000 0.000046720 0.000328228 -0.000022474 -0.000046719 1.000000000 -0.001558232
1.000000000 0.000023715 0.000031873 -0.002232920 -0.000023715 1.000000000 -0.000002560 0.001383196 -0.000031873 0.000002559 1.000000000 -0.002604686
1.000000000 -0.000082260 0.000025023 -0.000660579 0.000082262 1.000000000 -0.000080705 0.001189338 -0.000025016 0.000080707 1.000000000 -0.003043520
1.000000000 -0.000041034 0.000102774 -0.003289223 0.000041035 1.000000000 -0.000012269 0.000910861 -0.000102773 0.000012273 1.000000000 0.000752730
1.000000000 -0.000072699 -0.000000085 -0.000253570 0.000072699 1.000000000 0.000018843 0.000344654 0.000000084 -0.000018843 1.000000000 -0.001476966
1.000000000 -0.000159716 -0.000034863 0.001112344 0.000159719 1.000000000 0.000063409 -0.000929749 0.000034853 -0.000063414 1.000000000 -0.000844008
1.000000000 0.000029332 0.000105157 0.002375544 -0.000029287 0.999999881 -0.000428807 -0.005848799 -0.000105169 0.000428804 0.999999881 0.048355814
1.000000000 -0.000050033 0.000084030 0.002970240 0.000050135 0.999999285 -0.001213991 -0.002926948 -0.000083969 0.001213995 0.999999285 0.146775037
1.000000000 -0.000060738 -0.000008477 0.005778555 0.000060726 0.999998987 -0.001412239 -0.010600017 0.000008563 0.001412238 0.999998987 0.260811806
1.000000000 0.000049102 0.000144711 0.004004093 -0.000048914 0.999999166 -0.001302169 -0.015194561 -0.000144775 0.001302161 0.999999166 0.391303003
1.000000000 0.000138777 0.000048128 0.006676280 -0.000138731 0.999999523 -0.000952502 -0.023637345 -0.000048261 0.000952495 0.999999523 0.533314288
1.000000000 0.000153356 0.000044319 0.007416198 -0.000153322 0.999999702 -0.000770967 -0.031654205 -0.000044438 0.000770960 0.999999702 0.684671283
1.000000000 0.000042400 0.000070255 0.011917005 -0.000042361 0.999999821 -0.000550749 -0.037467409 -0.000070279 0.000550746 0.999999821 0.857748687
1.000000000 -0.000005438 -0.000123605 0.020467041 0.000005374 0.999999881 -0.000521143 -0.036947232 0.000123607 0.000521142 0.999999881 1.028548121
0.999999940 0.000257725 0.000197904 0.017402785 -0.000257611 0.999999821 -0.000574460 -0.037615500 -0.000198052 0.000574409 0.999999821 1.199926138
0.999999881 -0.000189294 -0.000170057 0.035152324 0.000189231 0.999999940 -0.000366148 -0.047083117 0.000170126 0.000366116 0.999999940 1.392436028
0.999999881 0.000476939 0.000245417 0.029963708 -0.000476922 0.999999881 -0.000066610 -0.054237582 -0.000245448 0.000066493 0.999999881 1.579121709
0.999999762 0.000546082 0.000591737 0.027468311 -0.000546031 0.999999821 -0.000085421 -0.056618076 -0.000591784 0.000085098 0.999999821 1.778148413
0.999999881 0.000369304 0.000385237 0.034561742 -0.000369407 1.000000000 0.000265738 -0.065310754 -0.000385138 -0.000265880 0.999999881 1.978092909
0.999999821 0.000324056 0.000337338 0.041224722 -0.000324048 0.999999881 -0.000022854 -0.069045767 -0.000337345 0.000022745 0.999999940 2.198695421
0.999999583 0.000564858 0.000634563 0.042284168 -0.000565338 0.999999583 0.000755933 -0.080231957 -0.000634136 -0.000756291 0.999999523 2.408838511
0.999999821 0.000440771 0.000444659 0.046047125 -0.000441140 0.999999583 0.000829437 -0.087131619 -0.000444293 -0.000829633 0.999999583 2.643173456
0.999999464 0.000761557 0.000673438 0.051819336 -0.000761995 0.999999464 0.000650138 -0.092834614 -0.000672943 -0.000650651 0.999999583 2.867979765
0.999999285 0.000895309 0.000733657 0.060288932 -0.000895840 0.999999344 0.000722608 -0.097987898 -0.000733009 -0.000723265 0.999999523 3.106817484
0.999999464 0.000836386 0.000627163 0.063555762 -0.000836692 0.999999464 0.000488271 -0.102165617 -0.000626754 -0.000488795 0.999999642 3.338613510
0.999999404 0.000909783 0.000532618 0.067656927 -0.000910121 0.999999344 0.000633526 -0.109178349 -0.000532041 -0.000634010 0.999999642 3.584831476
0.999999702 0.000666836 0.000434385 0.079562880 -0.000667158 0.999999464 0.000742358 -0.116711497 -0.000433890 -0.000742648 0.999999702 3.849226713
0.999999225 0.000883270 0.000876891 0.075487845 -0.000884009 0.999999166 0.000843510 -0.126211956 -0.000876145 -0.000844284 0.999999285 4.102702618
0.999999404 0.000850615 0.000666459 0.079943508 -0.000851335 0.999999046 0.001080991 -0.137497991 -0.000665539 -0.001081557 0.999999166 4.349007130
0.999999464 0.000766112 0.000576111 0.089776121 -0.000766808 0.999998987 0.001209465 -0.144929439 -0.000575184 -0.001209906 0.999999106 4.610465527
0.999999583 0.000523539 0.000741198 0.097952664 -0.000524333 0.999999285 0.001071136 -0.154697537 -0.000740636 -0.001071524 0.999999166 4.864994049
0.999999464 0.000653581 0.000812472 0.101000860 -0.000654403 0.999999285 0.001011590 -0.164729059 -0.000811810 -0.001012121 0.999999166 5.127941132
0.999999523 0.000580330 0.000809112 0.109203681 -0.000581098 0.999999404 0.000948798 -0.171493039 -0.000808561 -0.000949267 0.999999166 5.392120838
0.999999642 0.000414547 0.000781140 0.115573429 -0.000415229 0.999999583 0.000872960 -0.179357886 -0.000780777 -0.000873284 0.999999344 5.649632454
0.999999106 0.001064096 0.000786693 0.118739888 -0.001064990 0.999998808 0.001136394 -0.189728513 -0.000785483 -0.001137231 0.999999046 5.915197372
0.999999523 0.000642945 0.000777891 0.125681967 -0.000643922 0.999999106 0.001256698 -0.202743322 -0.000777083 -0.001257198 0.999998927 6.177466393
0.999998689 0.001177351 0.001119452 0.129710481 -0.001178614 0.999998808 0.001128442 -0.203692257 -0.001118122 -0.001129760 0.999998689 6.474141598
0.999999225 0.000868334 0.000919443 0.131791681 -0.000869563 0.999998748 0.001337576 -0.218288943 -0.000918280 -0.001338375 0.999998689 6.768370152
0.999999404 0.000563200 0.000918774 0.143006429 -0.000564359 0.999999046 0.001262200 -0.229766846 -0.000918062 -0.001262718 0.999998808 7.055058479
0.999999642 0.000376302 0.000678100 0.152040362 -0.000377273 0.999998927 0.001432339 -0.237265632 -0.000677561 -0.001432595 0.999998689 7.363483429
0.999999702 0.000326399 0.000650122 0.162650287 -0.000327310 0.999998987 0.001401170 -0.252014369 -0.000649664 -0.001401383 0.999998748 7.664876938
0.999999523 0.000576676 0.000780470 0.170098931 -0.000578018 0.999998331 0.001721026 -0.262146562 -0.000779477 -0.001721477 0.999998212 7.984634399
0.999999404 0.000870419 0.000701021 0.174242944 -0.000871520 0.999998391 0.001571899 -0.268132508 -0.000699652 -0.001572509 0.999998510 8.280085564
0.999999106 0.001017892 0.000758212 0.183007389 -0.001019132 0.999998152 0.001637994 -0.282314688 -0.000756543 -0.001638765 0.999998331 8.642024040
0.999999523 0.000625927 0.000688456 0.186034366 -0.000627229 0.999998033 0.001892247 -0.289212048 -0.000687270 -0.001892678 0.999997973 8.974923134
0.999999404 0.000441418 0.000967119 0.191652924 -0.000443045 0.999998569 0.001682928 -0.296743482 -0.000966374 -0.001683356 0.999998152 9.323372841
0.999999642 0.000231106 0.000829776 0.198512867 -0.000232886 0.999997675 0.002145935 -0.311398387 -0.000829278 -0.002146127 0.999997377 9.646758080
0.999999523 0.000557661 0.000882315 0.206061751 -0.000559680 0.999997258 0.002290321 -0.322470009 -0.000881035 -0.002290813 0.999997020 9.990619659
0.999999702 0.000275161 0.000725365 0.219258204 -0.000276692 0.999997854 0.002112116 -0.336196154 -0.000724782 -0.002112316 0.999997497 10.348935127
0.999999642 0.000600694 0.000675560 0.226115450 -0.000602224 0.999997258 0.002266909 -0.348268539 -0.000674197 -0.002267315 0.999997199 10.705975533
0.999999642 0.000618547 0.000716757 0.233214244 -0.000620143 0.999997318 0.002229244 -0.357018590 -0.000715376 -0.002229687 0.999997199 11.085765839
0.999999523 0.000652140 0.000731276 0.240330905 -0.000653741 0.999997377 0.002191729 -0.368331671 -0.000729845 -0.002192206 0.999997258 11.455782890
0.999999464 0.000589051 0.000857794 0.249029830 -0.000591176 0.999996722 0.002479994 -0.382171035 -0.000856330 -0.002480499 0.999996543 11.838972092
0.999998927 0.000767808 0.001278036 0.255567312 -0.000771047 0.999996483 0.002535691 -0.393471211 -0.001276085 -0.002536673 0.999996006 12.217906952
0.999998629 0.000697892 0.001481349 0.265642583 -0.000701886 0.999996066 0.002696881 -0.409254104 -0.001479461 -0.002697916 0.999995291 12.617340088
0.999998927 0.000784575 0.001265506 0.272118330 -0.000788001 0.999995947 0.002709543 -0.413530231 -0.001263375 -0.002710537 0.999995589 13.001812935
0.999999583 0.000505630 0.000772377 0.287406772 -0.000507865 0.999995649 0.002896381 -0.434910983 -0.000770908 -0.002896772 0.999995530 13.392002106
0.999998450 0.001148282 0.001384393 0.290225238 -0.001152750 0.999994159 0.003230560 -0.448490262 -0.001380675 -0.003232151 0.999993861 13.807337761
0.999998093 0.001438499 0.001306553 0.304227620 -0.001442755 0.999993622 0.003262856 -0.459957898 -0.001301851 -0.003264735 0.999993861 14.220767975
0.999999166 0.000071362 0.001296468 0.313432395 -0.000075854 0.999993920 0.003465011 -0.488301009 -0.001296213 -0.003465106 0.999993086 14.632884979
0.999999344 0.000098646 0.001160934 0.323733926 -0.000103026 0.999992847 0.003772672 -0.504650831 -0.001160553 -0.003772789 0.999992192 15.046747208
0.999998808 -0.000874236 0.001280010 0.334714770 0.000869423 0.999992549 0.003755937 -0.512503147 -0.001283285 -0.003754820 0.999992013 15.496599197
0.999998033 0.000164096 0.001961597 0.356227994 -0.000171933 0.999992013 0.003995812 -0.542298973 -0.001960925 -0.003996141 0.999990106 15.893423080
0.999997437 -0.000403952 0.002220082 0.367707819 0.000394563 0.999990940 0.004227829 -0.552663505 -0.002221770 -0.004226942 0.999988616 16.339649200
0.999997377 0.000154152 0.002259707 0.376564085 -0.000163931 0.999990642 0.004327929 -0.570345461 -0.002259018 -0.004328288 0.999988079 16.768829346
0.999995768 0.000650987 0.002836150 0.392869592 -0.000660791 0.999993801 0.003457212 -0.568010867 -0.002833882 -0.003459072 0.999989986 17.206918716
0.999996722 0.000185072 0.002559820 0.405416548 -0.000193904 0.999993920 0.003450673 -0.580684125 -0.002559166 -0.003451158 0.999990821 17.665481567
0.999995232 0.000082378 0.003134494 0.411667526 -0.000094174 0.999992907 0.003763632 -0.591193974 -0.003134162 -0.003763909 0.999988019 18.122838974
0.999995172 -0.000149179 0.003124748 0.427338451 0.000137806 0.999993384 0.003639486 -0.598274171 -0.003125271 -0.003639038 0.999988496 18.597858429
0.999993205 0.000068371 0.003680797 0.430101931 -0.000081862 0.999993265 0.003665255 -0.617264926 -0.003680522 -0.003665532 0.999986470 19.064182281
0.999994218 -0.000054705 0.003413014 0.454971194 0.000040016 0.999990702 0.004304014 -0.639269233 -0.003413218 -0.004303853 0.999984920 19.505014420
0.999993384 -0.000048633 0.003636533 0.468534410 0.000029981 0.999986768 0.005129125 -0.669106960 -0.003636735 -0.005128983 0.999980211 19.992853165
0.999994218 -0.000628594 0.003333522 0.483979881 0.000611329 0.999986410 0.005177702 -0.684500456 -0.003336731 -0.005175634 0.999980986 20.471963882
0.999990940 0.001207634 0.004076752 0.475973099 -0.001228492 0.999986112 0.005117893 -0.696815908 -0.004070515 -0.005122855 0.999978602 20.976560593
0.999994338 0.000940969 0.003248037 0.487951517 -0.000958168 0.999985516 0.005297690 -0.708539903 -0.003243005 -0.005300771 0.999980688 21.496038437
0.999996543 0.000937991 0.002474178 0.516301751 -0.000950698 0.999986410 0.005139922 -0.723056912 -0.002469323 -0.005142258 0.999983728 21.964382172
0.999997079 -0.000179721 0.002400833 0.519110680 0.000166060 0.999983728 0.005689387 -0.743071258 -0.002401817 -0.005688972 0.999980927 22.439504623
0.999998152 0.000505027 0.001821487 0.520296931 -0.000517262 0.999977171 0.006722849 -0.766950309 -0.001818051 -0.006723781 0.999975741 22.949859619
0.999999166 -0.001185438 0.000486429 0.544755936 0.001182714 0.999983847 0.005562535 -0.770063102 -0.000493015 -0.005561955 0.999984384 23.461832047
0.999997616 -0.002143704 0.000122726 0.553264260 0.002143002 0.999982834 0.005457986 -0.780967891 -0.000134424 -0.005457711 0.999985039 23.973068237
0.999999046 -0.001332232 -0.000427122 0.558639348 0.001334632 0.999983013 0.005669869 -0.793289661 0.000419561 -0.005670433 0.999983847 24.500900269
0.999998569 -0.001288597 -0.001085051 0.573033452 0.001294979 0.999981761 0.005901670 -0.805733442 0.001077426 -0.005903068 0.999981999 25.022861481
0.999998152 -0.000670451 -0.001795592 0.580023170 0.000680942 0.999982655 0.005848603 -0.813789189 0.001791640 -0.005849815 0.999981284 25.551551819
0.999998033 -0.000497092 -0.001931814 0.589461327 0.000508236 0.999983191 0.005772051 -0.831439912 0.001928913 -0.005773023 0.999981463 26.089044571
0.999995947 -0.001458589 -0.002446705 0.608953893 0.001474449 0.999977827 0.006493027 -0.844087422 0.002437180 -0.006496608 0.999975920 26.637153625
0.999994040 -0.001832838 -0.002935051 0.617916346 0.001852341 0.999976099 0.006656102 -0.864985287 0.002922782 -0.006661498 0.999973476 27.170724869
0.999994278 -0.001200318 -0.003154817 0.630010724 0.001220791 0.999978185 0.006495278 -0.880050719 0.003146951 -0.006499093 0.999973953 27.703432083
0.999991596 -0.001478734 -0.003828538 0.641207218 0.001505963 0.999973536 0.007119151 -0.896793962 0.003817909 -0.007124857 0.999967277 28.243343353
0.999987304 -0.002176991 -0.004546133 0.656708121 0.002209554 0.999971986 0.007170238 -0.913951576 0.004530396 -0.007180192 0.999963939 28.790578842
0.999986053 -0.002269997 -0.004783380 0.666691184 0.002305446 0.999969900 0.007418552 -0.927847207 0.004766397 -0.007429476 0.999961019 29.329206467
0.999985039 -0.001790398 -0.005173163 0.672509134 0.001827891 0.999972045 0.007251900 -0.939963460 0.005160036 -0.007261248 0.999960303 29.844850540
0.999986410 -0.001513444 -0.004990016 0.676156819 0.001549668 0.999972403 0.007263342 -0.957307398 0.004978885 -0.007270976 0.999961197 30.382175446
0.999982178 -0.001639488 -0.005726980 0.698829412 0.001682358 0.999970555 0.007488796 -0.970736623 0.005714533 -0.007498299 0.999955535 30.922725677
0.999982893 -0.001303047 -0.005687451 0.691479802 0.001345743 0.999970853 0.007509722 -0.981521249 0.005677500 -0.007517248 0.999955654 31.448688507
0.999982774 -0.001553889 -0.005659129 0.686743617 0.001595878 0.999971151 0.007422683 -0.999584198 0.005647432 -0.007431587 0.999956369 31.968313217
0.999981344 -0.001435168 -0.005946705 0.690412879 0.001477806 0.999973118 0.007171959 -1.000316858 0.005936253 -0.007180613 0.999956608 32.515430450
0.999981999 -0.000788888 -0.005932978 0.693250299 0.000829314 0.999976456 0.006814465 -1.013919473 0.005927463 -0.006819263 0.999959111 33.040462494
0.999981761 -0.000720234 -0.005993506 0.692746937 0.000759899 0.999977827 0.006618215 -1.016841888 0.005988607 -0.006622649 0.999960124 33.593112946
0.999980152 -0.001161781 -0.006188314 0.697605669 0.001206710 0.999972880 0.007261505 -1.035878420 0.006179709 -0.007268828 0.999954522 34.147907257
0.999976099 -0.001278688 -0.006791241 0.704908252 0.001325079 0.999975801 0.006830791 -1.049459219 0.006782342 -0.006839626 0.999953628 34.689758301
0.999971390 -0.001635035 -0.007385773 0.740666926 0.001689854 0.999970973 0.007422087 -1.077932000 0.007373424 -0.007434355 0.999945104 35.198951721
0.999970317 -0.001768232 -0.007493015 0.722716093 0.001821869 0.999972761 0.007157570 -1.084494710 0.007480154 -0.007171009 0.999946296 35.754581451
0.999970675 -0.001698246 -0.007465265 0.759777784 0.001753996 0.999970555 0.007467768 -1.095903397 0.007452363 -0.007480643 0.999944210 36.307800293
0.999963582 -0.002732799 -0.008087148 0.762326121 0.002793031 0.999968350 0.007445954 -1.105483770 0.008066544 -0.007468270 0.999939501 36.838836670
0.999963760 -0.002904039 -0.008004181 0.786627293 0.002968586 0.999963105 0.008064058 -1.124558449 0.007980467 -0.008087527 0.999935389 37.392436981
0.999969959 -0.000764883 -0.007706353 0.778946638 0.000819414 0.999974608 0.007075620 -1.109298229 0.007700746 -0.007081722 0.999945283 37.987789154
0.999955475 -0.003019548 -0.008944379 0.776359499 0.003089267 0.999964893 0.007791177 -1.141079426 0.008920540 -0.007818462 0.999929607 38.499515533
0.999945819 -0.003283961 -0.009882163 0.843690276 0.003363338 0.999962151 0.008026434 -1.173382044 0.009855431 -0.008059235 0.999918878 39.021610260
0.999959111 -0.003188676 -0.008464682 0.815088987 0.003259959 0.999959230 0.008420920 -1.157696724 0.008437485 -0.008448170 0.999928653 39.454879761
0.999941945 -0.004086880 -0.009971029 0.850643754 0.004185535 0.999942243 0.009893471 -1.232152700 0.009930018 -0.009934634 0.999901354 39.961967468
0.999953866 -0.003374884 -0.008995542 0.837372065 0.003460912 0.999948204 0.009565103 -1.249403238 0.008962795 -0.009595794 0.999913812 40.476676941
0.999953151 -0.003300892 -0.009090756 0.840008080 0.003386085 0.999950349 0.009372029 -1.254058361 0.009059368 -0.009402373 0.999914765 41.028923035
0.999958932 -0.002809071 -0.008612962 0.851989329 0.002889029 0.999952674 0.009285039 -1.266840577 0.008586474 -0.009309542 0.999919832 41.555316925
0.999953389 -0.003226515 -0.009102028 0.857643187 0.003312096 0.999950290 0.009403105 -1.280970812 0.009071237 -0.009432814 0.999914289 42.064994812
0.999951184 -0.003320830 -0.009302490 0.870177269 0.003411393 0.999946713 0.009736433 -1.294119835 0.009269661 -0.009767693 0.999909341 42.604267120
0.999955893 -0.002634373 -0.009017679 0.871805072 0.002716399 0.999954939 0.009096034 -1.296922326 0.008993311 -0.009120129 0.999917924 43.135345459
0.999958217 -0.002482925 -0.008808857 0.871106446 0.002560395 0.999958038 0.008794224 -1.305209875 0.008786652 -0.008816410 0.999922514 43.651847839
0.999951839 -0.003084137 -0.009318773 0.887692153 0.003167795 0.999954700 0.008975976 -1.314332724 0.009290667 -0.009005062 0.999916315 44.200241089
0.999956548 -0.002393325 -0.009007351 0.898064256 0.002469852 0.999960899 0.008494503 -1.325104713 0.008986668 -0.008516381 0.999923348 44.735496521
0.999954939 -0.002704887 -0.009114290 0.905651093 0.002783976 0.999958634 0.008675930 -1.336459517 0.009090446 -0.008700914 0.999920785 45.259323120
0.999954939 -0.002653952 -0.009117493 0.912683129 0.002732269 0.999959409 0.008587955 -1.349808216 0.009094331 -0.008612479 0.999921560 45.786544800
0.999956965 -0.002304388 -0.008987423 0.915438116 0.002387101 0.999954820 0.009203337 -1.367321610 0.008965810 -0.009224396 0.999917209 46.354385376
0.999951184 -0.002915912 -0.009432297 0.922080159 0.002998854 0.999956846 0.008791242 -1.364378691 0.009406257 -0.008819099 0.999916852 46.833198547
0.999952734 -0.002143526 -0.009492975 0.938472986 0.002223657 0.999961913 0.008438627 -1.374380827 0.009474525 -0.008459338 0.999919355 47.433368683
0.999952435 -0.002196941 -0.009497420 0.938732207 0.002279739 0.999959409 0.008715914 -1.385417342 0.009477885 -0.008737152 0.999916911 47.890377045
0.999947965 -0.002292064 -0.009934855 0.949632645 0.002380387 0.999957621 0.008887553 -1.398389339 0.009914062 -0.008910739 0.999911129 48.432537079
0.999953389 -0.001948029 -0.009455844 0.953992307 0.002032655 0.999957860 0.008948245 -1.417266726 0.009438014 -0.008967048 0.999915183 48.933712006
0.999953568 -0.001787899 -0.009460449 0.954966426 0.001871299 0.999959409 0.008814148 -1.423625946 0.009444304 -0.008831442 0.999916375 49.463981628
0.999955118 -0.001719476 -0.009315551 0.953580379 0.001804380 0.999956846 0.009113505 -1.440675735 0.009299478 -0.009129905 0.999915063 49.991039276
0.999953270 -0.001607168 -0.009534461 0.967607260 0.001693380 0.999957681 0.009041009 -1.445784211 0.009519528 -0.009056731 0.999913692 50.516143799
0.999955595 -0.001216881 -0.009346903 0.966300666 0.001300924 0.999958754 0.008990765 -1.452829242 0.009335577 -0.009002525 0.999915898 51.048446655
0.999958932 -0.001059355 -0.009003136 0.965315878 0.001142785 0.999956369 0.009266695 -1.470374823 0.008992926 -0.009276604 0.999916553 51.584892273
0.999952614 -0.001371026 -0.009633766 0.994044900 0.001455637 0.999960363 0.008781262 -1.472910881 0.009621346 -0.008794871 0.999915063 52.096542358
0.999959707 -0.000828658 -0.008945571 0.973067880 0.000913392 0.999954641 0.009472269 -1.495716333 0.008937316 -0.009480059 0.999915123 52.660057068
0.999941945 -0.002618281 -0.010450600 1.020227313 0.002708699 0.999958932 0.008647087 -1.502848148 0.010427531 -0.008674894 0.999908030 53.200054169
0.999958873 -0.001287345 -0.008975746 0.980918169 0.001369139 0.999957502 0.009112587 -1.512753010 0.008963636 -0.009124503 0.999918222 53.706222534
0.999957979 -0.000602608 -0.009147846 0.999192238 0.000681381 0.999962628 0.008610429 -1.528852463 0.009142316 -0.008616298 0.999921083 54.100860596
0.999952316 -0.000949007 -0.009717733 0.989885151 0.001024925 0.999968946 0.007810242 -1.500887036 0.009710018 -0.007819830 0.999922335 54.925605774
0.999952376 -0.000272682 -0.009752772 1.023839712 0.000364373 0.999955714 0.009401035 -1.549961567 0.009749776 -0.009404141 0.999908209 55.220180511
0.999963641 0.000290826 -0.008519622 1.017020464 -0.000214183 0.999959469 0.008995602 -1.566552401 0.008521893 -0.008993451 0.999923229 55.650775909
0.999959707 -0.000269452 -0.008975303 1.028769016 0.000355468 0.999954045 0.009583337 -1.582334399 0.008972308 -0.009586141 0.999913812 56.032371521
0.999957800 0.000115401 -0.009191862 1.035330176 -0.000027437 0.999954224 0.009569285 -1.597396612 0.009192545 -0.009568629 0.999912024 56.587341309
0.999962568 -0.000175677 -0.008648755 1.048733115 0.000257887 0.999954760 0.009505325 -1.612490177 0.008646694 -0.009507201 0.999917448 57.073802948
0.999962091 -0.000189024 -0.008698990 1.059307098 0.000271994 0.999954581 0.009537603 -1.621755838 0.008696790 -0.009539611 0.999916673 57.600887299
0.999961555 -0.000270128 -0.008763755 1.063360929 0.000353623 0.999954581 0.009527100 -1.628127933 0.008760784 -0.009529836 0.999916136 58.126178741
0.999966264 -0.000060841 -0.008213220 1.069539905 0.000139007 0.999954760 0.009516874 -1.642841339 0.008212269 -0.009517695 0.999920964 58.663894653
0.999962509 -0.000363837 -0.008651596 1.080350876 0.000448189 0.999952376 0.009749970 -1.651254416 0.008647637 -0.009753484 0.999915063 59.167434692
0.999967158 0.000777581 -0.008074647 1.110121727 -0.000696648 0.999949634 0.010020999 -1.686355829 0.008082031 -0.010015045 0.999917209 59.678783417
0.999959111 0.000599085 -0.009022283 1.165035367 -0.000504630 0.999945164 0.010467757 -1.705268741 0.009028059 -0.010462778 0.999904513 60.181682587
0.999954104 -0.000148637 -0.009571633 1.210351348 0.000249186 0.999944925 0.010504522 -1.726145029 0.009569544 -0.010506428 0.999899030 60.704753876
0.999953330 -0.000138309 -0.009656528 1.221219778 0.000233269 0.999951601 0.009833321 -1.691945314 0.009654702 -0.009835114 0.999905050 61.219184875
0.999960482 0.000534082 -0.008877053 1.181923389 -0.000442350 0.999946535 0.010332446 -1.710497141 0.008882098 -0.010328108 0.999907136 61.702598572
0.999956846 0.000318774 -0.009284112 1.197946310 -0.000226745 0.999950886 0.009911930 -1.728629589 0.009286816 -0.009909398 0.999907672 62.261039734
0.999963105 0.000496993 -0.008577322 1.178174138 -0.000408463 0.999946654 0.010320060 -1.749204516 0.008581994 -0.010316176 0.999909937 62.784599304
0.999960959 0.000137170 -0.008837464 1.200144410 -0.000040941 0.999940753 0.010888007 -1.765276432 0.008838436 -0.010887221 0.999901652 63.326423645
0.999958038 0.000624947 -0.009131793 1.236823797 -0.000530131 0.999945939 0.010381729 -1.760613918 0.009137787 -0.010376455 0.999904394 63.730079651
0.999954522 0.000536487 -0.009519839 1.261934042 -0.000434117 0.999942064 0.010752212 -1.770614505 0.009525056 -0.010747589 0.999896884 64.283714294
0.999955773 0.000045934 -0.009400228 1.254889369 0.000056899 0.999940157 0.010938892 -1.784540057 0.009400168 -0.010938944 0.999895990 64.803993225
0.999957442 0.000458139 -0.009210036 1.267831922 -0.000361396 0.999944746 0.010502988 -1.793989420 0.009214339 -0.010499211 0.999902427 65.259773254
0.999961674 0.000975770 -0.008696308 1.270645380 -0.000883068 0.999942839 0.010657426 -1.805960894 0.008706213 -0.010649338 0.999905348 65.805770874
0.999957144 0.000554732 -0.009242882 1.300485134 -0.000457794 0.999945045 0.010486632 -1.814094305 0.009248191 -0.010481952 0.999902308 66.282203674
0.999957383 0.000924217 -0.009194352 1.316531658 -0.000826531 0.999943256 0.010622684 -1.835216045 0.009203646 -0.010614632 0.999901354 66.811164856
0.999953687 0.000435303 -0.009617493 1.324163437 -0.000334072 0.999944568 0.010524834 -1.832079411 0.009621542 -0.010521132 0.999898374 67.374359131
0.999957561 0.000267801 -0.009208090 1.312383652 -0.000171916 0.999945700 0.010412351 -1.849447727 0.009210377 -0.010410327 0.999903381 67.807945251
0.999954224 0.000013085 -0.009563711 1.325690269 0.000086648 0.999945641 0.010427799 -1.862518787 0.009563329 -0.010428151 0.999899864 68.326576233
0.999950230 -0.000285052 -0.009974302 1.327528954 0.000390806 0.999943733 0.010602279 -1.869549990 0.009970720 -0.010605648 0.999894023 68.868499756
0.999952674 -0.000291729 -0.009722607 1.344399691 0.000390552 0.999948382 0.010163889 -1.886148930 0.009719139 -0.010167206 0.999900997 69.390907288
0.999953747 -0.000097000 -0.009611620 1.355482817 0.000198753 0.999944091 0.010586070 -1.901892066 0.009610055 -0.010587494 0.999897778 69.895912170
0.999953330 0.000058552 -0.009652916 1.359597325 0.000039343 0.999948502 0.010140972 -1.912333608 0.009653015 -0.010140880 0.999902010 70.430801392
0.999954581 0.000609377 -0.009506288 1.365298867 -0.000513246 0.999948621 0.010111423 -1.926766515 0.009511963 -0.010106083 0.999903679 70.978019714
0.999954939 0.000196925 -0.009488944 1.376460552 -0.000097250 0.999944806 0.010503616 -1.941925049 0.009490487 -0.010502218 0.999899805 71.468856812
0.999957085 0.000376235 -0.009257523 1.379318476 -0.000282875 0.999949098 0.010084022 -1.949021339 0.009260845 -0.010080972 0.999906242 72.007095337
0.999958813 0.000149740 -0.009073742 1.387265325 -0.000054175 0.999944448 0.010531393 -1.964219332 0.009074814 -0.010530468 0.999903381 72.560241699
0.999960184 0.001116583 -0.008852519 1.390047789 -0.001024821 0.999945760 0.010363352 -1.979134679 0.008863610 -0.010353868 0.999907136 73.102622986
0.999960244 0.000651790 -0.008893813 1.396799922 -0.000560636 0.999947250 0.010247732 -1.985061646 0.008900024 -0.010242338 0.999907911 73.651809692
0.999960899 0.000967166 -0.008792741 1.415947437 -0.000876537 0.999946415 0.010305294 -1.997440219 0.008802239 -0.010297182 0.999908209 74.172058105
0.999960721 0.000744493 -0.008825300 1.406168222 -0.000651744 0.999944568 0.010507601 -2.028819799 0.008832633 -0.010501438 0.999905825 74.698402405
0.999962330 0.001317150 -0.008581964 1.416703820 -0.001231309 0.999949217 0.010000111 -2.020543337 0.008594701 -0.009989166 0.999913096 75.207351685
0.999959350 0.001488437 -0.008894070 1.440129757 -0.001391490 0.999939620 0.010896415 -2.060739040 0.008909750 -0.010883595 0.999901056 75.717132568
0.999961555 0.002553534 -0.008389816 1.450478315 -0.002464016 0.999940097 0.010662920 -2.081132650 0.008416541 -0.010641837 0.999907970 76.268196106
0.999959111 0.002376082 -0.008732697 1.471658468 -0.002284436 0.999942362 0.010489475 -2.097107172 0.008757118 -0.010469098 0.999906898 76.783126831
0.999960661 0.001875187 -0.008670903 1.467783332 -0.001785020 0.999944508 0.010394849 -2.097503185 0.008689915 -0.010378964 0.999908388 77.302154541
0.999962687 0.002923576 -0.008131033 1.485761762 -0.002835906 0.999937952 0.010772915 -2.124601364 0.008162025 -0.010749452 0.999908924 77.843833923
0.999973178 0.003136338 -0.006614189 1.500473499 -0.003061166 0.999930978 0.011344983 -2.151715279 0.006649315 -0.011324433 0.999913692 78.371887207
0.999980211 0.003200257 -0.005419198 1.507704735 -0.003140588 0.999934733 0.010983526 -2.163850546 0.005453996 -0.010966288 0.999924958 78.940780640
0.999985635 0.003421563 -0.004128965 1.532519221 -0.003375889 0.999933720 0.011018563 -2.192075968 0.004166393 -0.011004466 0.999930680 79.473144531
0.999989212 0.003680161 -0.002844574 1.514426947 -0.003648429 0.999931931 0.011081286 -2.192629814 0.002885161 -0.011070788 0.999934554 80.017425537
0.999988675 0.004659222 0.001011534 1.522875786 -0.004670538 0.999923050 0.011489346 -2.210542440 -0.000957925 -0.011493939 0.999933481 80.561286926
0.999984205 0.004411187 0.003485983 1.602950335 -0.004451551 0.999922156 0.011657331 -2.239235878 -0.003434289 -0.011672665 0.999925971 81.061080933
0.999975383 0.003353518 0.006169493 1.611063480 -0.003423803 0.999928951 0.011417152 -2.248719215 -0.006130766 -0.011437994 0.999915779 81.648788452
0.999928892 0.004886228 0.010876968 1.638674736 -0.005005520 0.999927402 0.010967346 -2.239755630 -0.010822589 -0.011021012 0.999880731 82.117630005
0.999855042 0.004513743 0.016419373 1.670993328 -0.004704390 0.999921739 0.011590988 -2.261919260 -0.016365770 -0.011666551 0.999798000 82.682594299
0.999738514 0.004712754 0.022373602 1.703345180 -0.004975188 0.999919295 0.011688486 -2.287631273 -0.022316711 -0.011796743 0.999681354 83.147094727
0.999582946 0.004443340 0.028531976 1.695909977 -0.004784266 0.999917865 0.011891776 -2.317574739 -0.028476790 -0.012023323 0.999522150 83.798698425
0.999306321 0.006240820 0.036712579 1.812152147 -0.006714629 0.999895632 0.012796829 -2.374339104 -0.036628883 -0.013034464 0.999243915 83.995674133
0.998964489 0.004699640 0.045252707 1.783381701 -0.005256549 0.999911845 0.012195514 -2.356419563 -0.045191403 -0.012420757 0.998901129 84.847305298
0.998638988 0.004257033 0.051981550 1.845527172 -0.004863000 0.999921560 0.011536436 -2.354662418 -0.051928367 -0.011773523 0.998581350 85.383613586
0.998135865 0.004225238 0.060884900 1.901020288 -0.004916935 0.999924958 0.011215418 -2.367777586 -0.060832947 -0.011493877 0.998081803 85.909378052
0.997447968 0.004898468 0.071228810 1.960023880 -0.005732857 0.999917269 0.011514500 -2.389285803 -0.071166515 -0.011893461 0.997393548 86.430877686
0.996789038 0.004007726 0.079971716 2.017488956 -0.004918912 0.999925137 0.011200116 -2.399460316 -0.079920866 -0.011557530 0.996734142 86.960197449
0.996102631 0.004157839 0.088103861 2.089525223 -0.005152998 0.999925435 0.011070858 -2.409132957 -0.088051274 -0.011481707 0.996049762 87.493431091
0.995155156 0.003235165 0.098263435 2.174505234 -0.004355907 0.999927878 0.011193099 -2.425767899 -0.098220140 -0.011566899 0.995097458 88.030250549
0.994084656 0.002938375 0.108567998 2.269679546 -0.004197131 0.999926567 0.011367479 -2.439558983 -0.108526632 -0.011755912 0.994023979 88.568565369
0.993061066 0.002477054 0.117574573 2.353494644 -0.003777876 0.999934018 0.010842226 -2.451715231 -0.117539980 -0.011211174 0.993004858 89.091362000
0.991685212 0.002795287 0.128657043 2.447199821 -0.004216698 0.999933064 0.010776999 -2.459411144 -0.128618300 -0.011229899 0.991630614 89.633209229
0.990041673 0.002468751 0.140752867 2.545529366 -0.003973178 0.999937952 0.010408414 -2.465765238 -0.140718430 -0.010864001 0.989989996 90.190322876
0.988436103 0.002292848 0.151620716 2.653491974 -0.003908773 0.999938667 0.010360489 -2.479914188 -0.151587665 -0.010833331 0.988384426 90.742935181
0.986960948 0.001683224 0.160951883 2.767408371 -0.003387892 0.999941051 0.010317313 -2.486373425 -0.160925046 -0.010728071 0.986908317 91.287551880
0.984911501 0.001388225 0.173053071 2.885252953 -0.003161572 0.999945283 0.009972201 -2.497511148 -0.173029765 -0.010368854 0.984862030 91.813186646
0.982651174 0.001001846 0.185460582 3.012834549 -0.002872354 0.999947667 0.009817337 -2.507054806 -0.185441047 -0.010179726 0.982602656 92.351928711
0.980608940 0.000210040 0.195974410 3.145039558 -0.002125473 0.999952018 0.009563636 -2.513383389 -0.195962980 -0.009794726 0.980562389 92.889183044
0.977885783 0.000326543 0.209138989 3.285886765 -0.002348567 0.999952853 0.009420068 -2.526393414 -0.209126070 -0.009702928 0.977840543 93.419982910
0.974978507 -0.000499437 0.222298428 3.433345795 -0.001652671 0.999953568 0.009495039 -2.535977364 -0.222292840 -0.009624846 0.974932432 93.946044922
0.972315431 -0.000397162 0.233672425 3.586473465 -0.001859032 0.999953747 0.009435044 -2.552975178 -0.233665377 -0.009608243 0.972269654 94.477378845
0.969416916 -0.001533828 0.245414987 3.762088776 -0.000870238 0.999952674 0.009687179 -2.573686123 -0.245418251 -0.009604484 0.969369650 94.977859497
0.965775967 -0.001637521 0.259372473 3.936809540 -0.000898229 0.999953091 0.009657661 -2.590682983 -0.259376109 -0.009560115 0.965729058 95.495765686
0.962269247 -0.001911350 0.272092342 4.112148285 -0.000726878 0.999953628 0.009594955 -2.607942343 -0.272098035 -0.009430709 0.962223291 96.013862610
0.959142506 -0.002905111 0.282908529 4.301834106 0.000199281 0.999953985 0.009592633 -2.622240305 -0.282923430 -0.009144323 0.959098935 96.515098572
0.954770267 -0.001743013 0.297339350 4.483961105 -0.001128213 0.999954402 0.009484508 -2.629581928 -0.297342300 -0.009390988 0.954724729 97.039039612
0.950298846 -0.002256800 0.311330765 4.684099197 -0.000797761 0.999952793 0.009683607 -2.646967173 -0.311337948 -0.009450691 0.950252295 97.549301147
0.946472466 -0.002874416 0.322771698 4.887838364 -0.000316010 0.999951601 0.009831628 -2.658667326 -0.322784364 -0.009407367 0.946425736 98.071098328
0.942138255 -0.002885127 0.335212082 5.103532791 -0.000580847 0.999947429 0.010238931 -2.682901859 -0.335224062 -0.009841193 0.942087054 98.543334961
0.936996996 -0.003083871 0.349323839 5.320703506 -0.000559220 0.999946475 0.010327645 -2.691385746 -0.349337041 -0.009872318 0.936945081 99.054946899
0.932414591 -0.003814512 0.361370325 5.538631439 0.000060838 0.999945939 0.010398144 -2.705013275 -0.361390442 -0.009673395 0.932364404 99.545516968
0.927780449 -0.003963070 0.373105466 5.759168625 0.000118000 0.999946654 0.010327856 -2.721022606 -0.373126566 -0.009537959 0.927731454 100.052108765
0.922114491 -0.004645192 0.386889040 6.001291275 0.000784594 0.999948323 0.010135892 -2.723806858 -0.386916161 -0.009042903 0.922070563 100.557609558
0.916747272 -0.005160898 0.399434417 6.246572495 0.001128323 0.999945998 0.010330186 -2.736402512 -0.399466157 -0.009019481 0.916703582 101.050552368
0.912162244 -0.006190228 0.409782559 6.500961304 0.002211331 0.999945700 0.010182962 -2.750099659 -0.409823298 -0.008382346 0.912126422 101.541481018
0.906770706 -0.006756609 0.421570003 6.762195587 0.002587085 0.999941945 0.010461665 -2.765628576 -0.421616226 -0.008395693 0.906735480 102.019996643
0.900258124 -0.007001445 0.435300201 7.019306183 0.002700412 0.999941170 0.010498424 -2.777903080 -0.435348153 -0.008275802 0.900224090 102.499427795
0.894351482 -0.007235809 0.447306454 7.292984009 0.002791716 0.999939978 0.010593631 -2.786661625 -0.447356254 -0.008225678 0.894318044 102.995407104
0.888636053 -0.007685735 0.458548665 7.560508728 0.003316775 0.999941111 0.010332330 -2.793346405 -0.458601028 -0.007660779 0.888609231 103.470764160
0.881470859 -0.007703648 0.472175568 7.845817566 0.003199267 0.999941349 0.010341782 -2.807189226 -0.472227514 -0.007605364 0.881443858 103.951820374
