1.000000000 0.000000000 0.000000000 0.000000000 0.000000000 1.000000000 0.000000000 0.000000000 0.000000000 0.000000000 1.000000000 0.000000000
1.000000000 -0.000083812 -0.000035741 0.000557023 0.000083812 1.000000000 -0.000014130 0.000078628 0.000035742 0.000014127 1.000000000 0.000230574
1.000000000 -0.000103357 0.000013858 -0.000053384 0.000103358 1.000000000 -0.000055484 0.000406348 -0.000013853 0.000055485 1.000000000 -0.000046609
1.000000000 -0.000030571 0.000108484 -0.000829234 0.000030576 1.000000000 -0.000042819 0.000692188 -0.000108482 0.000042823 1.000000000 0.000576618
1.000000000 -0.000184525 -0.000015369 0.000317025 0.000184525 1.000000000 -0.000014979 0.000905862 0.000015372 0.000014976 1.000000000 0.000482802
1.000000000 0.000059345 0.000050312 -0.001085172 -0.000059346 1.000000000 0.000011516 0.000178958 -0.000050312 -0.000011519 1.000000000 -0.000788232
1.000000000 0.000004289 0.000040562 -0.001172900 -0.000004283 1.000000000 -0.000164711 0.001095957 -0.000040563 0.000164710 1.000000000 -0.000159329
1.000000000 0.000073655 0.000120515 -0.001024194 -0.000073657 1.000000000 0.000014225 -0.000382971 -0.000120514 -0.000014234 1.000000000 0.000033290
1.000000000 0.000204968 0.000113253 -0.001925664 -0.000204972 1.000000000 0.000036894 -0.000178017 -0.000113246 -0.000036917 1.000000000 -0.000068148
1.000000000 0.000164311 0.000112058 -0.000871120 -0.000164298 1.000000000 -0.000113490 0.001580100 -0.000112076 0.000113471 1.000000000 0.001103310
1.000000000 0.000205083 0.000070967 -0.001268934 -0.000205074 0.999999940 -0.000132874 0.000390321 -0.000070994 0.000132860 1.000000000 -0.000794468
1.000000000 0.000042522 0.000096024 -0.001377797 -0.000042518 1.000000000 -0.000045330 0.001074932 -0.000096026 0.000045326 1.000000000 0.000464906
1.000000000 0.000120863 0.000131759 -0.001601895 -0.000120848 1.000000000 -0.000112422 0.001825561 -0.000131773 0.000112406 1.000000000 0.001503476
1.000000000 0.000150595 0.000090994 -0.001017323 -0.000150591 1.000000000 -0.000042006 0.001236696 -0.000091001 0.000041992 1.000000000 0.000777613
0.999999940 0.000196756 0.000206791 -0.001693321 -0.000196724 0.999999940 -0.000156364 0.002127280 -0.000206822 0.000156323 0.999999940 0.001751086
0.999999940 0.000306616 0.000177309 -0.002424720 -0.000306586 0.999999940 -0.000173220 0.002208484 -0.000177362 0.000173166 0.999999940 0.001811852
0.999999940 0.000321656 0.000202822 -0.002180518 -0.000321620 0.999999940 -0.000176587 0.003119752 -0.000202879 0.000176522 0.999999940 0.003521293
0.999999940 0.000233264 0.000218734 -0.001819983 -0.000233231 0.999999940 -0.000148674 0.002340031 -0.000218768 0.000148623 0.999999940 0.002906365
0.999999940 0.000185369 0.000218723 -0.002071743 -0.000185357 1.000000000 -0.000056508 0.001976370 -0.000218734 0.000056467 1.000000000 0.002270619
0.999999940 0.000202238 0.000149898 -0.002086778 -0.000202236 1.000000000 -0.000012945 0.001849435 -0.000149901 0.000012914 1.000000000 0.002389523
0.999999940 0.000232542 0.000167135 -0.001550270 -0.000232528 0.999999940 -0.000086945 0.002187236 -0.000167156 0.000086906 1.000000000 0.002435224
0.999999940 0.000223546 0.000112383 -0.001773270 -0.000223535 0.999999940 -0.000105272 0.002091034 -0.000112407 0.000105247 1.000000000 0.002283889
0.999999881 0.000376334 0.000215992 -0.003005544 -0.000376309 0.999999940 -0.000114356 0.002318604 -0.000216035 0.000114274 0.999999940 0.003164907
0.999999940 0.000295432 0.000227609 -0.002221327 -0.000295406 0.999999940 -0.000113306 0.001860964 -0.000227642 0.000113239 0.999999940 0.002062777
0.999999940 0.000191808 0.000189417 -0.001496239 -0.000191792 1.000000000 -0.000084420 0.002904301 -0.000189433 0.000084384 1.000000000 0.004399949
0.999999940 0.000233962 0.000175885 -0.001623582 -0.000233955 1.000000000 -0.000040363 0.001448802 -0.000175894 0.000040321 1.000000000 0.001986328
1.000000000 0.000175338 0.000102267 -0.001119322 -0.000175332 1.000000000 -0.000059680 0.002094330 -0.000102278 0.000059662 1.000000000 0.002020736
1.000000000 0.000094171 0.000138341 -0.001547879 -0.000094153 1.000000000 -0.000130150 0.002428726 -0.000138353 0.000130137 1.000000000 0.002878247
0.999999940 0.000192800 0.000221717 -0.001518737 -0.000192782 1.000000000 -0.000082664 0.001863838 -0.000221733 0.000082621 1.000000000 0.002656424
0.999999940 0.000166038 0.000180818 -0.001541123 -0.000166014 1.000000000 -0.000135790 0.002291797 -0.000180841 0.000135760 1.000000000 0.002944220
0.999999940 0.000315186 0.000199266 -0.001992573 -0.000315156 0.999999940 -0.000149033 0.002647913 -0.000199313 0.000148971 0.999999940 0.003003368
0.999999940 0.000232969 0.000208317 -0.001748571 -0.000232957 1.000000000 -0.000059574 0.001357788 -0.000208331 0.000059525 1.000000000 0.001342018
0.999999940 0.000286533 0.000216677 -0.002673926 -0.000286496 0.999999940 -0.000171201 0.001868457 -0.000216726 0.000171139 0.999999940 0.001849141
0.999999940 0.000298434 0.000218086 -0.001291036 -0.000298399 0.999999940 -0.000157789 0.001679770 -0.000218133 0.000157724 0.999999940 0.001427539
0.999999940 0.000190825 0.000171133 -0.001629024 -0.000190807 1.000000000 -0.000101669 0.002125131 -0.000171153 0.000101636 1.000000000 0.002347671
1.000000000 0.000156902 0.000133505 -0.001419411 -0.000156882 1.000000000 -0.000150507 0.003141893 -0.000133528 0.000150486 1.000000000 0.003069808
0.999999881 0.000369262 0.000219425 -0.002249887 -0.000369249 0.999999940 -0.000059853 0.002085685 -0.000219447 0.000059772 1.000000000 0.002499260
0.999999940 0.000289695 0.000121110 -0.000395030 -0.000289683 0.999999940 -0.000099203 0.002661598 -0.000121139 0.000099168 1.000000000 0.001943265
0.999999940 0.000214492 0.000139558 -0.000943881 -0.000214474 0.999999940 -0.000132498 0.001830188 -0.000139586 0.000132468 1.000000000 0.003435832
0.999999881 0.000416730 0.000325144 -0.000642371 -0.000416508 0.999999702 -0.000684487 -0.001339904 -0.000325429 0.000684352 0.999999702 0.049763840
0.999999881 0.000441691 0.000227430 0.000720016 -0.000441423 0.999999225 -0.001177717 -0.003377580 -0.000227950 0.001177616 0.999999285 0.140576452
0.999999642 0.000868702 -0.000033085 0.002319392 -0.000868730 0.999999285 -0.000836304 -0.019385064 0.000032359 0.000836333 0.999999642 0.248488545
0.999999642 0.000884526 -0.000128947 0.006792204 -0.000884606 0.999999404 -0.000627065 -0.023714514 0.000128392 0.000627179 0.999999762 0.377760381
0.999999464 0.001011629 0.000018199 0.006902410 -0.001011621 0.999999344 -0.000446955 -0.026340459 -0.000018651 0.000446937 0.999999881 0.524569154
0.999999583 0.000937048 -0.000080425 0.013995458 -0.000937071 0.999999464 -0.000283193 -0.034299105 0.000080159 0.000283269 0.999999881 0.674183071
0.999999821 0.000670242 -0.000064163 0.018112952 -0.000670247 0.999999762 -0.000077500 -0.037425961 0.000064111 0.000077543 1.000000000 0.836932540
0.999999523 0.000977276 0.000038212 0.019503498 -0.000977277 0.999999464 0.000047693 -0.041279789 -0.000038165 -0.000047730 1.000000000 1.009676456
0.999999344 0.001121525 -0.000007652 0.018918380 -0.001121523 0.999999344 0.000277353 -0.049907010 0.000007963 -0.000277344 0.999999940 1.180239558
0.999999046 0.001317608 0.000215468 0.021224169 -0.001317772 0.999998868 0.000762090 -0.057702772 -0.000214463 -0.000762373 0.999999642 1.361693382
0.999998868 0.001475326 0.000107289 0.023651745 -0.001475374 0.999998748 0.000451704 -0.057581708 -0.000106623 -0.000451862 0.999999821 1.562839031
0.999999404 0.001053444 0.000142652 0.032944411 -0.001053519 0.999999225 0.000527314 -0.060113180 -0.000142096 -0.000527464 0.999999762 1.771627188
0.999999762 0.000626623 0.000230196 0.029214894 -0.000626902 0.999998987 0.001213867 -0.078525655 -0.000229435 -0.001214011 0.999999225 1.962797046
1.000000000 0.000057605 0.000028825 0.036761399 -0.000057641 0.999999225 0.001256493 -0.085382342 -0.000028753 -0.001256494 0.999999225 2.174052477
0.999999762 0.000556720 0.000251439 0.039289482 -0.000557069 0.999998808 0.001391136 -0.093679801 -0.000250664 -0.001391276 0.999998987 2.395246267
0.999999583 0.000863394 0.000187552 0.046335448 -0.000863618 0.999998868 0.001200507 -0.098947942 -0.000186515 -0.001200668 0.999999285 2.616323233
0.999999702 0.000629518 0.000456476 0.045550916 -0.000630126 0.999998868 0.001333825 -0.105556011 -0.000455636 -0.001334112 0.999998927 2.852117777
0.999999642 0.000522617 0.000698007 0.050831769 -0.000523658 0.999998748 0.001490982 -0.111058407 -0.000697227 -0.001491347 0.999998569 3.097031355
0.999999523 0.000903342 0.000463911 0.057018854 -0.000904100 0.999998271 0.001636017 -0.119965985 -0.000462432 -0.001636436 0.999998510 3.335502386
0.999999046 0.001048198 0.000924644 0.056895297 -0.001049742 0.999998033 0.001670971 -0.128174677 -0.000922891 -0.001671940 0.999998152 3.580816269
0.999999225 0.001056817 0.000744903 0.062622592 -0.001058128 0.999997854 0.001761682 -0.134959057 -0.000743040 -0.001762469 0.999998152 3.834883213
0.999998808 0.001126324 0.001052484 0.065197714 -0.001127903 0.999998152 0.001500588 -0.138286650 -0.001050792 -0.001501773 0.999998331 4.101152897
0.999997735 0.001552148 0.001444707 0.070443302 -0.001554232 0.999997616 0.001442047 -0.141145378 -0.001442466 -0.001444289 0.999997973 4.361031055
0.999997735 0.001530526 0.001437035 0.073363982 -0.001532627 0.999997675 0.001461675 -0.148905322 -0.001434794 -0.001463874 0.999997914 4.622024536
0.999998152 0.001367388 0.001366709 0.081908219 -0.001369600 0.999997675 0.001618862 -0.155912727 -0.001364493 -0.001620730 0.999997735 4.885659218
0.999997437 0.001795571 0.001376372 0.087204531 -0.001798015 0.999996781 0.001777204 -0.162534058 -0.001373176 -0.001779673 0.999997437 5.144157410
0.999996781 0.001922331 0.001654352 0.087063871 -0.001924881 0.999996901 0.001541464 -0.169823840 -0.001651384 -0.001544644 0.999997377 5.406251431
0.999995887 0.002100401 0.001944080 0.090279266 -0.002103640 0.999996364 0.001665418 -0.178267285 -0.001940575 -0.001669501 0.999996722 5.675863743
0.999996543 0.001919046 0.001803538 0.094335467 -0.001922232 0.999996543 0.001766247 -0.186663434 -0.001800142 -0.001769708 0.999996781 5.940091133
0.999995708 0.002044304 0.002109659 0.098789670 -0.002047998 0.999996364 0.001750607 -0.195390821 -0.002106073 -0.001754920 0.999996245 6.221141815
0.999994874 0.002451117 0.002064153 0.111037299 -0.002454153 0.999995947 0.001469246 -0.195111737 -0.002060543 -0.001474304 0.999996781 6.514153481
0.999996126 0.002074117 0.001847541 0.113086209 -0.002077202 0.999996424 0.001669737 -0.208349302 -0.001844071 -0.001673569 0.999996901 6.808318138
0.999996066 0.001955224 0.002000504 0.120498367 -0.001958054 0.999997079 0.001413383 -0.214078933 -0.001997734 -0.001417294 0.999997020 7.110888958
0.999994338 0.002445366 0.002315778 0.122978136 -0.002449879 0.999995112 0.001947700 -0.228583857 -0.002311004 -0.001953362 0.999995410 7.409908295
0.999995589 0.002024331 0.002191762 0.132162109 -0.002028424 0.999996245 0.001867028 -0.237200975 -0.002187974 -0.001871466 0.999995768 7.723086357
0.999995172 0.002244811 0.002165508 0.139851272 -0.002249342 0.999995232 0.002092063 -0.244981200 -0.002160801 -0.002096924 0.999995470 8.037837982
0.999992132 0.002806172 0.002803262 0.136627659 -0.002812250 0.999993801 0.002166881 -0.256929189 -0.002797163 -0.002174748 0.999993742 8.347491264
0.999992311 0.002873452 0.002682245 0.147210151 -0.002879248 0.999993503 0.002159560 -0.264199525 -0.002676023 -0.002167266 0.999994099 8.673695564
0.999992549 0.002678160 0.002789221 0.153666973 -0.002684203 0.999994040 0.002165313 -0.269286752 -0.002783406 -0.002172784 0.999993801 9.016847610
0.999991417 0.003216544 0.002606330 0.160275921 -0.003222367 0.999992311 0.002232789 -0.286935985 -0.002599128 -0.002241168 0.999994159 9.341856003
0.999990225 0.003479638 0.002736809 0.166248783 -0.003484410 0.999992430 0.001740691 -0.294797510 -0.002730731 -0.001750210 0.999994755 9.703124046
0.999992490 0.003014888 0.002444341 0.178019345 -0.003019802 0.999993503 0.002009589 -0.303822279 -0.002438266 -0.002016956 0.999994993 10.060445786
0.999991059 0.003310173 0.002667803 0.184239417 -0.003314656 0.999993026 0.001677921 -0.312005341 -0.002662230 -0.001686748 0.999995053 10.417329788
0.999991119 0.003266438 0.002635947 0.192705601 -0.003271077 0.999993086 0.001757579 -0.322970837 -0.002630189 -0.001766186 0.999994993 10.780694008
0.999991298 0.003342122 0.002488967 0.201869905 -0.003346486 0.999992847 0.001751472 -0.330547333 -0.002483095 -0.001759786 0.999995410 11.148359299
0.999992192 0.002921280 0.002652537 0.210573405 -0.002926329 0.999993861 0.001901626 -0.339889437 -0.002646966 -0.001909373 0.999994695 11.515831947
0.999988556 0.003821750 0.002860372 0.216895118 -0.003827286 0.999990880 0.001932639 -0.346598089 -0.002852960 -0.001943564 0.999994099 11.896117210
0.999989808 0.003384993 0.002967782 0.225947320 -0.003391352 0.999991894 0.002140357 -0.364433944 -0.002960513 -0.002150400 0.999993324 12.282475471
0.999990046 0.003296185 0.002990911 0.237874568 -0.003303120 0.999991834 0.002316881 -0.374517411 -0.002983249 -0.002326738 0.999992907 12.674645424
0.999988377 0.003612070 0.003198755 0.239328966 -0.003619614 0.999990702 0.002355834 -0.385619521 -0.003190215 -0.002367384 0.999992073 13.061378479
0.999988973 0.003410527 0.003243176 0.256241471 -0.003417949 0.999991596 0.002285867 -0.399244726 -0.003235352 -0.002296926 0.999992132 13.461278915
0.999987006 0.003756657 0.003448212 0.258948743 -0.003765696 0.999989510 0.002618581 -0.409959882 -0.003438339 -0.002631532 0.999990642 13.872148514
0.999985754 0.003850383 0.003684759 0.263798863 -0.003860513 0.999988735 0.002745793 -0.418687522 -0.003674145 -0.002759979 0.999989450 14.296930313
0.999983907 0.003987016 0.004042975 0.275603235 -0.003998137 0.999988198 0.002746228 -0.432890564 -0.004031978 -0.002762349 0.999988079 14.702528000
0.999984503 0.003758337 0.004110445 0.289454192 -0.003768444 0.999989867 0.002453560 -0.440436035 -0.004101182 -0.002469011 0.999988556 15.129125595
0.999986053 0.003285983 0.004163020 0.303775132 -0.003297690 0.999990642 0.002808305 -0.456605345 -0.004153753 -0.002821994 0.999987364 15.574785233
0.999984920 0.002891219 0.004677169 0.312580138 -0.002904107 0.999992073 0.002751100 -0.466520816 -0.004669177 -0.002764642 0.999985278 16.019853592
0.999976337 0.004292859 0.005377208 0.318836182 -0.004307882 0.999986827 0.002785454 -0.478650570 -0.005365181 -0.002808553 0.999981642 16.449920654
0.999973595 0.004660321 0.005570956 0.325552791 -0.004673542 0.999986351 0.002362555 -0.489878088 -0.005559871 -0.002388529 0.999981701 16.895832062
0.999972939 0.004191437 0.006043166 0.337760419 -0.004206089 0.999988258 0.002414013 -0.501219571 -0.006032977 -0.002439365 0.999978840 17.349561691
0.999967933 0.004702284 0.006483076 0.348598629 -0.004721483 0.999984562 0.002949428 -0.513135672 -0.006469107 -0.002979943 0.999974668 17.812459946
0.999963105 0.004894180 0.007056277 0.357760936 -0.004913516 0.999984205 0.002725446 -0.522812426 -0.007042828 -0.002760017 0.999971449 18.281375885
0.999967515 0.004055981 0.006952815 0.372052610 -0.004076359 0.999987423 0.002919361 -0.536994636 -0.006940886 -0.002947609 0.999971509 18.739032745
0.999966800 0.004129966 0.007022521 0.387726545 -0.004153238 0.999985933 0.003302495 -0.548370957 -0.007008784 -0.003331552 0.999969840 19.214689255
0.999955833 0.005161921 0.007850485 0.387277097 -0.005185543 0.999982059 0.002991555 -0.566688776 -0.007834903 -0.003032133 0.999964654 19.684000015
0.999956548 0.005293821 0.007668609 0.399514765 -0.005315601 0.999981880 0.002822612 -0.578447402 -0.007653528 -0.002863253 0.999966562 20.165191650
0.999956846 0.004936346 0.007865391 0.415406585 -0.004959218 0.999983490 0.002890994 -0.591257989 -0.007850990 -0.002929875 0.999964893 20.656848907
0.999953270 0.005404675 0.008015762 0.422074765 -0.005431118 0.999979854 0.003280919 -0.605890572 -0.007997869 -0.003324300 0.999962509 21.143884659
0.999959826 0.005140277 0.007345046 0.437356114 -0.005160990 0.999982715 0.002803915 -0.616459668 -0.007330506 -0.002841710 0.999969065 21.642547607
0.999954522 0.005944861 0.007452284 0.443584502 -0.005966647 0.999977946 0.002904467 -0.625490010 -0.007434852 -0.002948800 0.999968052 22.157752991
0.999956667 0.005939613 0.007171684 0.458853424 -0.005963277 0.999976754 0.003282717 -0.643434644 -0.007152019 -0.003325342 0.999968827 22.669206619
0.999958336 0.006241112 0.006664710 0.468582213 -0.006261529 0.999975681 0.003046857 -0.657293141 -0.006645532 -0.003088461 0.999973118 23.189300537
0.999961138 0.005982020 0.006479657 0.474429786 -0.006004988 0.999975741 0.003530980 -0.680153608 -0.006458377 -0.003569753 0.999972761 23.695621490
0.999972522 0.004617082 0.005795840 0.487876296 -0.004635057 0.999984562 0.003091743 -0.692587137 -0.005781475 -0.003118523 0.999978423 24.226482391
0.999978125 0.004341334 0.004994525 0.504963875 -0.004357585 0.999985218 0.003247313 -0.706269085 -0.004980353 -0.003269006 0.999982297 24.757362366
0.999965668 0.006677720 0.004908958 0.502602696 -0.006697022 0.999969840 0.003926172 -0.732171416 -0.004882593 -0.003958913 0.999980271 25.289270401
0.999959409 0.007626810 0.004812123 0.511883676 -0.007646536 0.999962389 0.004094360 -0.744838655 -0.004780716 -0.004130990 0.999980092 25.835943222
0.999971032 0.006613303 0.003772354 0.529211998 -0.006627472 0.999970973 0.003755937 -0.761173189 -0.003747405 -0.003780830 0.999985814 26.379322052
0.999981523 0.005439558 0.002737988 0.549458444 -0.005451465 0.999975622 0.004360427 -0.772693694 -0.002714203 -0.004375272 0.999986768 26.941581726
0.999981940 0.005677553 0.002004251 0.566119254 -0.005686703 0.999973297 0.004589277 -0.783050537 -0.001978142 -0.004600591 0.999987423 27.510496140
0.999975443 0.006620700 0.002345562 0.569316745 -0.006631320 0.999967635 0.004549514 -0.813510895 -0.002315366 -0.004564955 0.999986887 28.007209778
0.999972343 0.006982854 0.002562844 0.579085112 -0.006993546 0.999966800 0.004187028 -0.816955626 -0.002533521 -0.004204836 0.999987900 28.567028046
0.999970913 0.007307556 0.002158677 0.589637697 -0.007317546 0.999962389 0.004656850 -0.836366713 -0.002124565 -0.004672512 0.999986827 29.105190277
0.999971449 0.007381495 0.001607002 0.601107895 -0.007388155 0.999963999 0.004178495 -0.843652070 -0.001576101 -0.004190248 0.999989986 29.664678574
0.999970675 0.007464388 0.001729005 0.606904030 -0.007472007 0.999962211 0.004442201 -0.859290481 -0.001695781 -0.004454991 0.999988616 30.190052032
0.999970436 0.007438822 0.001911954 0.615736246 -0.007447304 0.999962270 0.004467492 -0.875842690 -0.001878649 -0.004481599 0.999988198 30.733884811
0.999971628 0.007351310 0.001599190 0.627067983 -0.007358525 0.999962568 0.004554778 -0.890701532 -0.001565646 -0.004566417 0.999988377 31.280956268
0.999962509 0.008527090 0.001493574 0.632713616 -0.008533929 0.999952793 0.004634267 -0.900432169 -0.001453987 -0.004646840 0.999988198 31.838129044
0.999966860 0.008030327 0.001304696 0.648556709 -0.008036170 0.999957383 0.004537067 -0.918020070 -0.001268206 -0.004547401 0.999988854 32.372097015
0.999966323 0.008134495 0.001120236 0.654400051 -0.008139652 0.999955952 0.004678761 -0.931854606 -0.001082127 -0.004687722 0.999988377 32.916370392
0.999971390 0.007503559 0.000892719 0.667878985 -0.007507611 0.999961138 0.004626779 -0.943647921 -0.000857966 -0.004633349 0.999988914 33.464244843
0.999968708 0.007905921 0.000294789 0.682724714 -0.007907335 0.999955416 0.005156429 -0.959579349 -0.000254009 -0.005158599 0.999986649 34.032360077
0.999968529 0.007928903 0.000011145 0.689389408 -0.007928861 0.999956250 0.004954516 -0.969620228 0.000028140 -0.004954449 0.999987781 34.562515259
0.999969423 0.007789169 0.000640287 0.695640564 -0.007792066 0.999958754 0.004654268 -0.985360563 -0.000604008 -0.004659115 0.999988973 35.055812836
0.999975860 0.006929373 -0.000335334 0.714637399 -0.006927740 0.999965191 0.004647154 -0.996032476 0.000367524 -0.004644719 0.999989152 35.631950378
0.999970078 0.007716564 0.000641908 0.720458686 -0.007718992 0.999962747 0.003869234 -1.007985115 -0.000612027 -0.003874073 0.999992311 36.149108887
0.999968946 0.007880144 0.000153012 0.743965387 -0.007880699 0.999960721 0.004057611 -1.027349234 -0.000121032 -0.004058691 0.999991775 36.658737183
0.999973059 0.007337221 -0.000140210 0.748411059 -0.007336458 0.999961436 0.004832066 -1.038217187 0.000175659 -0.004830906 0.999988317 37.208335876
0.999973118 0.007294846 -0.000700411 0.762704134 -0.007291241 0.999960780 0.005018549 -1.051737905 0.000736992 -0.005013306 0.999987245 37.762901306
0.999970794 0.007586302 -0.000887522 0.772923350 -0.007581952 0.999959767 0.004805170 -1.064059973 0.000923940 -0.004798300 0.999988019 38.312358856
0.999970376 0.007648521 -0.000829467 0.781832218 -0.007645089 0.999962628 0.004063174 -1.078014851 0.000860514 -0.004056713 0.999991417 38.844200134
0.999971271 0.007571686 -0.000292181 0.793976843 -0.007570308 0.999961376 0.004463850 -1.091496110 0.000325968 -0.004461510 0.999989986 39.383205414
0.999970138 0.007731647 -0.000111619 0.803047001 -0.007731085 0.999960482 0.004379899 -1.104383469 0.000145479 -0.004378906 0.999990344 39.936161041
0.999971926 0.007498208 -0.000439010 0.822551906 -0.007496056 0.999960780 0.004713562 -1.123309135 0.000474334 -0.004710139 0.999988794 40.449882507
0.999974191 0.007183976 -0.000476038 0.834450066 -0.007181794 0.999964416 0.004435118 -1.132554770 0.000507882 -0.004431585 0.999990046 40.999965668
0.999978721 0.006434011 -0.001174355 0.849830568 -0.006428250 0.999967635 0.004845367 -1.147063136 0.001205491 -0.004837715 0.999987543 41.550842285
0.999973476 0.007216695 -0.000963942 0.851800680 -0.007211843 0.999961853 0.004946151 -1.163717270 0.000999599 -0.004939069 0.999987304 42.049903870
0.999973714 0.007233095 -0.000521734 0.860718608 -0.007230457 0.999961853 0.004892598 -1.174703479 0.000557103 -0.004888697 0.999987960 42.604080200
0.999972999 0.007244176 -0.001240335 0.877350450 -0.007237436 0.999959409 0.005354736 -1.193315864 0.001279074 -0.005345614 0.999984920 43.140991211
0.999975026 0.006900416 -0.001519182 0.887375534 -0.006892915 0.999964237 0.004889260 -1.200578928 0.001552866 -0.004878667 0.999986887 43.687751770
0.999974012 0.007171149 -0.000622399 0.879755735 -0.007167833 0.999960899 0.005177360 -1.214326262 0.000659503 -0.005172764 0.999986410 44.184177399
0.999975562 0.006928350 -0.000866407 0.889146924 -0.006924080 0.999964356 0.004838324 -1.225129843 0.000899898 -0.004832206 0.999987900 44.738246918
0.999974608 0.007055892 -0.000906057 0.899501860 -0.007051177 0.999962091 0.005105042 -1.236780882 0.000942043 -0.005098524 0.999986529 45.288169861
0.999977589 0.006598269 -0.001092495 0.914267182 -0.006591335 0.999958873 0.006232973 -1.259074092 0.001133578 -0.006225632 0.999979973 45.807212830
0.999974430 0.007131366 -0.000505507 0.910284460 -0.007128682 0.999961436 0.005123939 -1.262145281 0.000542029 -0.005120203 0.999986768 46.307197571
0.999972641 0.007315311 -0.001109207 0.947466552 -0.007309745 0.999961078 0.004941255 -1.262215018 0.001145311 -0.004933012 0.999987125 46.912513733
0.999981046 0.006065831 -0.000967402 0.946221411 -0.006060883 0.999968886 0.005038273 -1.278197765 0.000997934 -0.005032314 0.999986887 47.438632965
0.999975264 0.006993241 -0.000750921 0.941031039 -0.006989125 0.999961257 0.005352546 -1.300407529 0.000788323 -0.005347166 0.999985397 47.908302307
0.999966979 0.008120832 0.000513900 0.919941187 -0.008123917 0.999947071 0.006318090 -1.321045160 -0.000462565 -0.006322057 0.999979854 48.527328491
0.999977052 0.006744749 -0.000705613 0.957980931 -0.006740682 0.999961555 0.005615461 -1.321625590 0.000743461 -0.005610576 0.999983966 49.004535675
0.999984324 0.005568026 -0.000491754 0.970668554 -0.005565262 0.999969661 0.005453146 -1.325725913 0.000522103 -0.005450324 0.999985039 49.569820404
0.999975741 0.006967849 -0.000097945 0.972304881 -0.006967239 0.999961913 0.005256468 -1.344609261 0.000134567 -0.005255660 0.999986172 50.054515839
0.999978960 0.006481890 0.000037206 0.980235755 -0.006481995 0.999964714 0.005345821 -1.359881878 -0.000002554 -0.005345951 0.999985695 50.583648682
0.999977827 0.006656480 -0.000252720 0.999508858 -0.006654998 0.999962807 0.005469952 -1.375598788 0.000289121 -0.005468149 0.999984980 51.109634399
0.999973297 0.007300183 -0.000242798 1.000981569 -0.007298884 0.999960959 0.004974129 -1.384346724 0.000279101 -0.004972224 0.999987602 51.653022766
0.999974847 0.007096108 -0.000005735 1.015794396 -0.007095981 0.999961197 0.005216524 -1.397516847 0.000042752 -0.005216353 0.999986410 52.176246643
0.999975324 0.007028408 0.000096228 1.023198247 -0.007028819 0.999961376 0.005278984 -1.406710982 -0.000059120 -0.005279529 0.999986053 52.716121674
0.999974906 0.007087883 0.000213243 1.033384204 -0.007088857 0.999962449 0.004981616 -1.420652390 -0.000177925 -0.004983002 0.999987543 53.257156372
0.999972999 0.007317700 0.000531672 1.037639022 -0.007320235 0.999960959 0.004934232 -1.434408307 -0.000495544 -0.004937989 0.999987662 53.780620575
0.999972224 0.007430457 0.000604890 1.044801235 -0.007433268 0.999960840 0.004785442 -1.444776773 -0.000569307 -0.004789805 0.999988377 54.316993713
0.999973357 0.007302915 0.000099157 1.058630466 -0.007303283 0.999963462 0.004445288 -1.456212997 -0.000066690 -0.004445894 0.999990106 54.867404938
0.999975860 0.006912810 0.000580845 1.070958734 -0.006915565 0.999964178 0.004886207 -1.468794703 -0.000547047 -0.004890106 0.999987900 55.387351990
0.999976039 0.006916239 -0.000260060 1.080960155 -0.006914774 0.999962211 0.005267829 -1.481347084 0.000296483 -0.005265905 0.999986053 55.930667877
0.999972999 0.007301430 0.000800472 1.081890702 -0.007305198 0.999961734 0.004810442 -1.493617415 -0.000765318 -0.004816161 0.999988079 56.466796875
0.999970734 0.007627984 0.000537464 1.096696496 -0.007630410 0.999960005 0.004665114 -1.507491946 -0.000501857 -0.004669079 0.999988914 57.001064301
0.999972224 0.007447871 0.000225161 1.114190221 -0.007448810 0.999962091 0.004507313 -1.521138906 -0.000191583 -0.004508865 0.999989808 57.556388855
0.999972165 0.007384742 0.001073230 1.113800645 -0.007389647 0.999961913 0.004640472 -1.528643608 -0.001038921 -0.004648274 0.999988616 58.063953400
0.999971926 0.007402725 0.001178626 1.117925644 -0.007407899 0.999962687 0.004448122 -1.539766669 -0.001145655 -0.004456729 0.999989450 58.598800659
0.999972105 0.007376377 0.001157132 1.131664753 -0.007381498 0.999962687 0.004485736 -1.553702116 -0.001124000 -0.004494152 0.999989271 59.122207642
0.999976873 0.006785255 -0.000402755 1.153678417 -0.006783152 0.999964416 0.005013117 -1.571032643 0.000436756 -0.005010270 0.999987364 59.661075592
0.999973059 0.007252886 0.001146549 1.162357807 -0.007257867 0.999963999 0.004401899 -1.569923639 -0.001114581 -0.004410102 0.999989629 60.285270691
0.999970853 0.007508313 0.001481390 1.157029629 -0.007514429 0.999963105 0.004166710 -1.583485365 -0.001450050 -0.004177720 0.999990225 60.731113434
0.999969482 0.007603502 0.001822353 1.172071218 -0.007610896 0.999962747 0.004084146 -1.595362186 -0.001791231 -0.004097891 0.999989986 61.271663666
0.999968112 0.007787642 0.001770614 1.176284790 -0.007794938 0.999961019 0.004151136 -1.607401729 -0.001738218 -0.004164805 0.999989808 61.788150787
0.999965370 0.008054290 0.002099799 1.185633540 -0.008062494 0.999959767 0.003929364 -1.618988276 -0.002068067 -0.003946157 0.999990046 62.320617676
0.999963582 0.008295721 0.001991265 1.200589895 -0.008303452 0.999957919 0.003906977 -1.627074003 -0.001958770 -0.003923370 0.999990344 62.854484558
0.999966919 0.007879573 0.002011221 1.209684730 -0.007886861 0.999962270 0.003642192 -1.642334700 -0.001982447 -0.003657934 0.999991357 63.384502411
0.999967933 0.007728964 0.002110103 1.221974015 -0.007736849 0.999963045 0.003754142 -1.656569242 -0.002081009 -0.003770347 0.999990702 63.908058167
0.999964774 0.008103278 0.002189458 1.228379369 -0.008111216 0.999960482 0.003640555 -1.665772676 -0.002159872 -0.003658186 0.999991000 64.443969727
0.999965429 0.007981231 0.002353673 1.241510153 -0.007989510 0.999961853 0.003528885 -1.677986503 -0.002325419 -0.003547567 0.999991059 64.991592407
0.999965072 0.007882112 0.002777667 1.246228814 -0.007892285 0.999962091 0.003670857 -1.692039728 -0.002748628 -0.003692651 0.999989390 65.495552063
0.999964178 0.007963802 0.002837858 1.258035898 -0.007973587 0.999962270 0.003454125 -1.703551650 -0.002810243 -0.003476630 0.999989927 66.036865234
0.999960780 0.008260409 0.003183655 1.267088532 -0.008269997 0.999961257 0.003010632 -1.718110323 -0.003158662 -0.003036843 0.999990344 66.580375671
0.999968112 0.007550875 0.002600403 1.284907699 -0.007559925 0.999965250 0.003488960 -1.731735229 -0.002573967 -0.003508507 0.999990523 67.100997925
0.999964356 0.007891727 0.003003120 1.291996002 -0.007900716 0.999964237 0.002993535 -1.745725870 -0.002979389 -0.003017155 0.999991000 67.635261536
0.999961019 0.008311754 0.002975905 1.307399392 -0.008321502 0.999960124 0.003278828 -1.761052847 -0.002948533 -0.003303464 0.999990225 68.176460266
0.999958694 0.008656862 0.002773198 1.318009138 -0.008665692 0.999957383 0.003188099 -1.774292946 -0.002745481 -0.003211999 0.999991119 68.725517273
0.999948680 0.009562661 0.003334290 1.322368860 -0.009574600 0.999947727 0.003583305 -1.792808414 -0.003299850 -0.003615046 0.999988019 69.284965515
0.999949992 0.009173844 0.003971665 1.331924915 -0.009186712 0.999952614 0.003233897 -1.803466916 -0.003941809 -0.003270223 0.999986947 69.837051392
0.999970973 0.007131266 0.002731954 1.353915334 -0.007139233 0.999970257 0.002917861 -1.809808493 -0.002711064 -0.002937280 0.999992013 70.291557312
0.999966264 0.007661642 0.002987540 1.362977386 -0.007667622 0.999968648 0.001995508 -1.818361163 -0.002972159 -0.002018348 0.999993563 70.840103149
0.999973238 0.006773490 0.002750018 1.377680063 -0.006781354 0.999972939 0.002860127 -1.834269404 -0.002730571 -0.002878700 0.999992132 71.363395691
0.999961257 0.008131699 0.003380636 1.378427744 -0.008141578 0.999962628 0.002918897 -1.846621513 -0.003356775 -0.002946307 0.999990046 71.910408020
0.999969900 0.007158893 0.002966701 1.400265813 -0.007167578 0.999970019 0.002927443 -1.864593863 -0.002945653 -0.002948619 0.999991298 72.423599243
0.999967277 0.007548627 0.002882793 1.405809402 -0.007557632 0.999966562 0.003125888 -1.876181006 -0.002859099 -0.003147573 0.999990940 72.978279114
0.999965549 0.007653592 0.003207978 1.426787257 -0.007662023 0.999967217 0.002624928 -1.890573263 -0.003187782 -0.002649417 0.999991357 73.487648010
0.999965668 0.007595289 0.003316096 1.436133623 -0.007603618 0.999967992 0.002506231 -1.895791769 -0.003296955 -0.002531359 0.999991357 74.039787292
0.999967396 0.007345605 0.003346895 1.450830460 -0.007355229 0.999968827 0.002872213 -1.915432930 -0.003325692 -0.002896737 0.999990284 74.563903809
0.999967754 0.007415792 0.003061827 1.463858008 -0.007422084 0.999970376 0.002048345 -1.923132181 -0.003046545 -0.002071004 0.999993324 75.109413147
0.999961436 0.008002280 0.003608675 1.469664335 -0.008011993 0.999964297 0.002685821 -1.942947626 -0.003587054 -0.002714631 0.999989808 75.615753174
0.999961019 0.007983976 0.003759489 1.482271314 -0.007993446 0.999964893 0.002511007 -1.955773115 -0.003739309 -0.002540960 0.999989808 76.148223877
0.999963105 0.007938631 0.003279341 1.500595331 -0.007947463 0.999964833 0.002688907 -1.970932484 -0.003257880 -0.002714870 0.999991059 76.688758850
0.999960840 0.008170183 0.003380918 1.509632707 -0.008179042 0.999963105 0.002614624 -1.982687593 -0.003359431 -0.002642174 0.999990880 77.191337585
0.999959469 0.008133804 0.003863744 1.523528576 -0.008142900 0.999964118 0.002343444 -1.998525143 -0.003844544 -0.002374811 0.999989808 77.717559814
0.999952734 0.008604876 0.004518696 1.535658479 -0.008614178 0.999960840 0.002042710 -2.008262157 -0.004500941 -0.002081538 0.999987721 78.264503479
0.999951780 0.009004414 0.003915276 1.555217624 -0.009013510 0.999956667 0.002311879 -2.015964031 -0.003894290 -0.002347058 0.999989688 78.820602417
0.999961853 0.007853799 0.003804981 1.566320896 -0.007863352 0.999965966 0.002501938 -2.044452667 -0.003785201 -0.002531763 0.999989629 79.302490234
0.999958098 0.007907394 0.004594590 1.579303741 -0.007917820 0.999966085 0.002255015 -2.054423332 -0.004576602 -0.002291300 0.999986887 79.845176697
0.999949515 0.007870135 0.006243296 1.594299316 -0.007882622 0.999966919 0.001977978 -2.067842722 -0.006227523 -0.002027091 0.999978542 80.391815186
0.999943793 0.007881773 0.007088007 1.610887289 -0.007899446 0.999965727 0.002468584 -2.088005781 -0.007068307 -0.002524437 0.999971807 80.895385742
0.999921441 0.008918960 0.008802381 1.616626501 -0.008941132 0.999956906 0.002482594 -2.102732897 -0.008779860 -0.002561103 0.999958158 81.437545776
0.999897778 0.008315852 0.011624251 1.647055864 -0.008343837 0.999962389 0.002360847 -2.113317728 -0.011604181 -0.002457597 0.999929667 81.995582581
0.999843240 0.008506642 0.015525473 1.664129019 -0.008543157 0.999960899 0.002287155 -2.122205257 -0.015505411 -0.002419434 0.999876857 82.553382874
0.999796748 0.007962551 0.018519549 1.693616867 -0.008010326 0.999964774 0.002506989 -2.138484716 -0.018498933 -0.002654827 0.999825358 83.050186157
0.999703884 0.007694206 0.023083923 1.717886806 -0.007741887 0.999968112 0.001976838 -2.145873547 -0.023067977 -0.002154966 0.999731660 83.602394104
0.999557376 0.007647019 0.028748155 1.747444153 -0.007713095 0.999967873 0.002188295 -2.158828020 -0.028730497 -0.002409064 0.999584258 84.139907837
0.999375582 0.007659109 0.034493707 1.785731196 -0.007730639 0.999968171 0.001940849 -2.174775839 -0.034477744 -0.002206295 0.999403059 84.674171448
0.999149442 0.007514035 0.040544398 1.821065784 -0.007602959 0.999969006 0.002039486 -2.185173750 -0.040527813 -0.002346009 0.999175668 85.221855164
0.998787344 0.007373397 0.048676684 1.865607262 -0.007485194 0.999969661 0.002114860 -2.204148054 -0.048659619 -0.002476650 0.998812318 85.758636475
0.998368323 0.006726671 0.056703411 1.921349525 -0.006811497 0.999975979 0.001302800 -2.211646795 -0.056693286 -0.001686910 0.998390138 86.313301086
0.997919381 0.006737480 0.064120911 1.971643209 -0.006848155 0.999975443 0.001506403 -2.224792004 -0.064109184 -0.001942380 0.997940958 86.864616394
0.997310400 0.006723076 0.072985038 2.024819851 -0.006861040 0.999975145 0.001639768 -2.239427090 -0.072972208 -0.002136111 0.997331679 87.386505127
0.996544898 0.006248503 0.082819968 2.088274002 -0.006374878 0.999978900 0.001261555 -2.250681639 -0.082810335 -0.001785164 0.996563673 87.913536072
0.995768785 0.005690556 0.091717161 2.165791035 -0.005748469 0.999983430 0.000367281 -2.249381304 -0.091713540 -0.000892960 0.995785058 88.471977234
0.995080769 0.005682963 0.098903857 2.237643719 -0.005821401 0.999982417 0.001111200 -2.278393030 -0.098895796 -0.001681493 0.995096326 89.032447815
0.994087219 0.005484502 0.108446017 2.319288731 -0.005592330 0.999984145 0.000690182 -2.292367220 -0.108440503 -0.001292567 0.994102120 89.576301575
0.992896199 0.005893471 0.118837662 2.406911850 -0.006000404 0.999981821 0.000542032 -2.301284075 -0.118832298 -0.001251255 0.992913544 90.128395081
0.991748154 0.004820258 0.128110304 2.508638382 -0.004945346 0.999987543 0.000658340 -2.322915077 -0.128105521 -0.001286457 0.991759717 90.680534363
0.990167737 0.005023913 0.139794707 2.600378990 -0.005173053 0.999986410 0.000703499 -2.335893631 -0.139789253 -0.001419748 0.990180314 91.213722229
0.988293171 0.004051480 0.152512997 2.702771187 -0.004193590 0.999991119 0.000610133 -2.351190805 -0.152509123 -0.001242567 0.988301277 91.786666870
0.986589968 0.003233308 0.163186222 2.812716484 -0.003266447 0.999994695 -0.000065236 -2.360664368 -0.163185552 -0.000468678 0.986595213 92.326385498
0.984725893 0.003936405 0.174067259 2.926259041 -0.004100268 0.999991417 0.000581779 -2.383557320 -0.174063474 -0.001286615 0.984733582 92.881805420
0.982373059 0.004088216 0.186886102 3.046688080 -0.004276312 0.999990642 0.000603340 -2.400075674 -0.186881885 -0.001391888 0.982381403 93.417251587
0.980070710 0.002943160 0.198626891 3.187865257 -0.003089772 0.999995112 0.000428186 -2.414997339 -0.198624685 -0.001033364 0.980075061 93.954368591
0.977983296 0.002530945 0.208668053 3.319446564 -0.002711953 0.999996185 0.000581352 -2.430172682 -0.208665788 -0.001134451 0.977986395 94.484260559
0.975086927 0.002499130 0.221809193 3.466997147 -0.002761033 0.999995768 0.000870692 -2.453739166 -0.221806049 -0.001461422 0.975089729 94.993911743
0.971988678 0.001101690 0.235025123 3.619262695 -0.001164534 0.999999285 0.000128600 -2.456589222 -0.235024795 -0.000398692 0.971989274 95.533523560
0.969179690 0.001020396 0.246352464 3.770027161 -0.001135284 0.999999225 0.000324324 -2.471302748 -0.246351972 -0.000594008 0.969180286 96.065589905
0.966255307 0.001969057 0.257579237 3.927782059 -0.002163728 0.999997497 0.000472326 -2.484311581 -0.257577688 -0.001013719 0.966257095 96.614715576
0.962624311 0.002062045 0.270832807 4.099538803 -0.002393776 0.999996722 0.000894531 -2.502861023 -0.270830095 -0.001509410 0.962626040 97.129859924
0.958953440 0.002369016 0.283553779 4.273361206 -0.002708080 0.999996006 0.000803782 -2.523917913 -0.283550739 -0.001538676 0.958955944 97.642730713
0.955369532 0.001879489 0.295407504 4.461698532 -0.002105233 0.999997675 0.000446133 -2.521394014 -0.295405924 -0.001048123 0.955371320 98.232612610
0.951080263 0.001766242 0.308939278 4.657651901 -0.002091572 0.999997556 0.000721874 -2.549054146 -0.308937281 -0.001332729 0.951081514 98.770622253
0.946446002 0.001001999 0.322860956 4.865407944 -0.001228204 0.999999166 0.000496905 -2.560756683 -0.322860211 -0.000866833 0.946446300 99.295837402
0.942469895 0.000673715 0.334290415 5.067615509 -0.000711846 0.999999762 -0.000008440 -2.566368580 -0.334290385 -0.000230010 0.942470074 99.798965454
0.937723041 0.000558858 0.347383499 5.271120071 -0.000869968 0.999999344 0.000739619 -2.586031437 -0.347382873 -0.000995770 0.937722921 100.320922852
0.932316065 -0.000515122 0.361644089 5.503625870 0.000403433 0.999999821 0.000384342 -2.604805946 -0.361644238 -0.000212429 0.932316124 100.857063293
0.927705646 -0.000945584 0.373311311 5.737962723 0.000883294 0.999999523 0.000337915 -2.620778322 -0.373311520 0.000016258 0.927706063 101.357261658
0.922826409 -0.001380686 0.385213464 5.961788177 0.001504208 0.999998927 -0.000019311 -2.630537033 -0.385213047 0.000597262 0.922827482 101.867370605
0.917190373 -0.002760170 0.398439646 6.214862823 0.002726367 0.999996006 0.000651444 -2.661469698 -0.398439884 0.000488795 0.917194247 102.275535583
0.910723627 -0.002472904 0.413008898 6.482173920 0.002856242 0.999995828 -0.000310775 -2.648325205 -0.413006425 0.001462684 0.910726964 102.951049805
0.905686796 -0.002476371 0.423940122 6.734836578 0.002752991 0.999996185 -0.000040067 -2.664973736 -0.423938394 0.001203391 0.905690253 103.436096191
0.899825156 -0.003050640 0.436239898 6.991809845 0.003319823 0.999994457 0.000145248 -2.681217194 -0.436237931 0.001317542 0.899830401 103.924423218
0.893388271 -0.002924818 0.449275851 7.271221161 0.003037285 0.999995291 0.000470378 -2.703286886 -0.449275166 0.000944349 0.893392980 104.421112061
0.887501955 -0.005354535 0.460772812 7.573589325 0.005891830 0.999982595 0.000272220 -2.721784353 -0.460766256 0.002473199 0.887518048 104.956802368
0.881700873 -0.005762676 0.471773505 7.854553223 0.006091187 0.999981105 0.000830827 -2.740006685 -0.471769363 0.002141120 0.881719351 105.440475464
0.874005198 -0.005159455 0.485889226 8.127361298 0.005447000 0.999984860 0.000820497 -2.757325888 -0.485886097 0.001929521 0.874019921 105.893547058
0.867048323 -0.006164814 0.498185873 8.425247192 0.006601552 0.999977767 0.000884837 -2.767688274 -0.498180270 0.002521603 0.867069840 106.341857910
0.860428691 -0.004707791 0.509548962 8.751415253 0.005361891 0.999985635 0.000184867 -2.767618179 -0.509542465 0.002573081 0.860441625 106.864631653
