1.000000000 0.000000000 0.000000000 0.000000000 0.000000000 1.000000000 0.000000000 0.000000000 0.000000000 0.000000000 1.000000000 0.000000000
1.000000000 0.000062255 -0.000049613 0.000092472 -0.000062260 1.000000000 -0.000102884 0.000446788 0.000049606 0.000102888 1.000000000 -0.000836341
1.000000000 0.000081096 -0.000008238 0.000439504 -0.000081096 1.000000000 0.000024857 -0.000314944 0.000008240 -0.000024856 1.000000000 -0.001436825
1.000000000 0.000057263 -0.000054238 0.000498312 -0.000057260 1.000000000 0.000056801 -0.000303611 0.000054241 -0.000056797 1.000000000 -0.002340178
1.000000000 0.000025972 -0.000026429 0.000285503 -0.000025974 1.000000000 -0.000085687 0.000947180 0.000026427 0.000085687 1.000000000 0.001050689
1.000000000 0.000078508 -0.000048792 0.001246563 -0.000078510 1.000000000 -0.000041549 -0.000052906 0.000048788 0.000041553 1.000000000 -0.000382629
1.000000000 0.000122510 0.000015458 0.000619647 -0.000122508 1.000000000 -0.000118839 0.000533532 -0.000015473 0.000118837 1.000000000 -0.000959870
1.000000000 -0.000043534 0.000016208 0.000708919 0.000043535 1.000000000 -0.000032128 0.000223330 -0.000016207 0.000032129 1.000000000 -0.000595705
1.000000000 -0.000121411 -0.000012511 0.000822735 0.000121410 1.000000000 -0.000147736 0.001812100 0.000012529 0.000147735 1.000000000 0.001407587
1.000000000 0.000117455 -0.000059311 0.001328146 -0.000117451 1.000000000 0.000064834 -0.000283334 0.000059318 -0.000064827 1.000000000 0.000012404
1.000000000 -0.000020317 -0.000051009 0.001670580 0.000020312 1.000000000 -0.000096294 0.000975939 0.000051011 0.000096293 1.000000000 -0.000417936
1.000000000 -0.000009638 -0.000029462 0.000428760 0.000009639 1.000000000 0.000014578 0.000236973 0.000029462 -0.000014578 1.000000000 0.000515939
1.000000000 -0.000113449 -0.000150912 0.001941190 0.000113474 1.000000000 0.000161459 -0.001003788 0.000150894 -0.000161476 1.000000000 -0.000603930
1.000000000 -0.000112387 -0.000128639 0.001554163 0.000112396 1.000000000 0.000070672 -0.000728491 0.000128631 -0.000070686 1.000000000 -0.001069479
1.000000000 -0.000193537 -0.000128618 0.000953300 0.000193547 1.000000000 0.000077826 -0.000761804 0.000128603 -0.000077851 1.000000000 -0.000736034
1.000000000 0.000163662 0.000114957 0.000374909 -0.000163667 1.000000000 0.000045091 0.000389735 -0.000114949 -0.000045109 1.000000000 0.001274562
1.000000000 0.000023722 -0.000064652 0.000727437 -0.000023724 1.000000000 -0.000025913 0.000791446 0.000064651 0.000025915 1.000000000 0.001225933
1.000000000 0.000002556 -0.000044524 0.000998511 -0.000002559 1.000000000 -0.000085312 0.001023826 0.000044524 0.000085312 1.000000000 0.000355841
1.000000000 0.000022222 0.000109701 -0.000039359 -0.000022223 1.000000000 0.000007933 0.000241954 -0.000109701 -0.000007935 1.000000000 0.000453253
1.000000000 0.000113876 0.000066760 0.000417416 -0.000113871 1.000000000 -0.000068210 0.000375535 -0.000066768 0.000068202 1.000000000 -0.000243360
1.000000000 0.000008206 -0.000051188 0.000693532 -0.000008200 1.000000000 0.000111884 -0.000167277 0.000051189 -0.000111884 1.000000000 0.000732532
0.999999940 -0.000301389 0.000014026 0.001356298 0.000301388 0.999999940 0.000069575 -0.000615597 -0.000014047 -0.000069571 1.000000000 -0.000369429
1.000000000 -0.000042260 0.000147757 0.000054797 0.000042261 1.000000000 -0.000008449 0.001611214 -0.000147756 0.000008455 1.000000000 -0.000255988
1.000000000 0.000046877 0.000031879 0.001088551 -0.000046880 1.000000000 0.000079136 -0.000099094 -0.000031875 -0.000079137 1.000000000 -0.000966939
1.000000000 0.000174023 0.000073169 0.000619141 -0.000174023 1.000000000 -0.000002351 0.000096641 -0.000073169 0.000002339 1.000000000 -0.001630550
1.000000000 -0.000003466 -0.000077470 0.001637904 0.000003456 1.000000000 -0.000133084 0.001036642 0.000077471 0.000133084 1.000000000 -0.000958673
1.000000000 0.000076706 0.000040902 -0.000256214 -0.000076702 1.000000000 -0.000104505 0.001005084 -0.000040910 0.000104502 1.000000000 0.000707468
1.000000000 -0.000067487 0.000065500 -0.000744138 0.000067486 1.000000000 0.000016198 0.001324454 -0.000065501 -0.000016194 1.000000000 0.001782223
1.000000000 0.000152520 0.000081603 -0.000016348 -0.000152517 1.000000000 -0.000034371 0.001518036 -0.000081608 0.000034358 1.000000000 0.001036645
1.000000000 0.000090485 0.000112122 0.000330836 -0.000090490 1.000000000 0.000047803 -0.000276820 -0.000112118 -0.000047813 1.000000000 -0.001861673
1.000000000 0.000165396 0.000105706 -0.000190901 -0.000165406 1.000000000 0.000091863 -0.000411073 -0.000105691 -0.000091880 1.000000000 -0.000984152
1.000000000 0.000094230 0.000053783 0.001042586 -0.000094231 1.000000000 0.000018136 0.000007599 -0.000053781 -0.000018141 1.000000000 -0.000692663
1.000000000 0.000002511 0.000089561 0.000161198 -0.000002514 1.000000000 0.000033597 0.000498246 -0.000089561 -0.000033597 1.000000000 0.000883033
1.000000000 0.000173923 0.000098509 0.000489932 -0.000173928 1.000000000 0.000046170 0.000156147 -0.000098501 -0.000046187 1.000000000 -0.000448285
1.000000000 0.000198265 0.000073430 0.000069017 -0.000198262 1.000000000 -0.000049648 0.001426241 -0.000073440 0.000049633 1.000000000 -0.000491040
1.000000000 -0.000099189 0.000048387 -0.000376269 0.000099195 1.000000000 -0.000130228 0.002471938 -0.000048374 0.000130233 1.000000000 0.002770014
1.000000000 0.000035631 0.000038989 0.000514348 -0.000035635 1.000000000 0.000095201 0.000023876 -0.000038985 -0.000095202 1.000000000 -0.000639499
1.000000000 -0.000057620 0.000008599 0.000657612 0.000057619 1.000000000 0.000079780 0.000501341 -0.000008603 -0.000079780 1.000000000 0.000286527
0.999999940 0.000070786 0.000302090 -0.000958217 -0.000070792 1.000000000 0.000018534 0.000793603 -0.000302088 -0.000018556 0.999999940 0.002384011
0.999999881 -0.000430490 0.000160451 0.001656643 0.000430595 0.999999702 -0.000656589 -0.002302469 -0.000160168 0.000656658 0.999999762 0.051266335
1.000000000 0.000067042 0.000200891 0.000955582 -0.000066806 0.999999285 -0.001174254 -0.006269396 -0.000200970 0.001174241 0.999999285 0.132188454
0.999999940 0.000370203 -0.000096137 0.005186904 -0.000370341 0.999998927 -0.001432551 -0.006580418 0.000095606 0.001432587 0.999998987 0.250732362
1.000000000 0.000230071 0.000039810 0.006004188 -0.000230028 0.999999404 -0.001091928 -0.014443948 -0.000040061 0.001091919 0.999999404 0.379827172
1.000000000 0.000158839 0.000097154 0.008450881 -0.000158731 0.999999404 -0.001106908 -0.016119562 -0.000097330 0.001106893 0.999999404 0.525247276
0.999999940 0.000319000 0.000089215 0.013022463 -0.000318884 0.999999106 -0.001303065 -0.019804249 -0.000089631 0.001303037 0.999999166 0.674010456
1.000000000 -0.000039516 0.000173861 0.018819133 0.000039720 0.999999285 -0.001172700 -0.023701366 -0.000173815 0.001172707 0.999999285 0.838680923
0.999999940 0.000098653 0.000319846 0.016857382 -0.000098349 0.999999523 -0.000949836 -0.026243020 -0.000319940 0.000949804 0.999999523 1.013591647
0.999999940 0.000253213 0.000299549 0.021078244 -0.000253044 0.999999821 -0.000563910 -0.036071334 -0.000299692 0.000563834 0.999999821 1.182022095
0.999999583 0.000695253 0.000628054 0.017560882 -0.000694730 0.999999404 -0.000833785 -0.037955482 -0.000628633 0.000833348 0.999999464 1.365702987
1.000000000 -0.000114347 0.000067393 0.035596550 0.000114376 0.999999881 -0.000429982 -0.052131243 -0.000067344 0.000429990 0.999999881 1.557430029
0.999999821 0.000527875 0.000322170 0.032369602 -0.000527699 0.999999702 -0.000545106 -0.049230069 -0.000322457 0.000544935 0.999999821 1.759649754
0.999999940 0.000134084 -0.000285581 0.044138033 -0.000134224 0.999999881 -0.000488979 -0.055564739 0.000285515 0.000489017 0.999999821 1.950944543
0.999999404 0.000579903 0.000898833 0.027715703 -0.000579586 0.999999762 -0.000352859 -0.060019236 -0.000899037 0.000352337 0.999999523 2.162026167
0.999998748 0.001558855 -0.000132413 0.054533657 -0.001558912 0.999998629 -0.000426418 -0.071765549 0.000131748 0.000426624 0.999999881 2.367753506
0.999998808 0.001159522 -0.000916250 0.070320658 -0.001159762 0.999999225 -0.000261810 -0.079389326 0.000915946 0.000262872 0.999999523 2.581357479
0.999998271 0.001809562 -0.000315754 0.070574887 -0.001809632 0.999998331 -0.000222048 -0.088501722 0.000315352 0.000222619 0.999999940 2.809211016
0.999998569 0.001514705 -0.000730123 0.082808748 -0.001514599 0.999998808 0.000145652 -0.098173708 0.000730343 -0.000144546 0.999999762 3.041163683
0.999998510 0.001538029 -0.000703439 0.082137316 -0.001538291 0.999998689 -0.000372194 -0.097696036 0.000702866 0.000373275 0.999999702 3.281682491
0.999998569 0.001530846 -0.000739067 0.089806862 -0.001530781 0.999998748 0.000087988 -0.109465480 0.000739201 -0.000086856 0.999999702 3.519945383
0.999998868 0.001232943 -0.000897322 0.095296927 -0.001233212 0.999999166 -0.000298888 -0.112504400 0.000896952 0.000299995 0.999999523 3.780277729
0.999998629 0.001395361 -0.000828191 0.099729657 -0.001395545 0.999998868 -0.000221774 -0.119234145 0.000827881 0.000222930 0.999999583 4.034084320
0.999998629 0.001414566 -0.000919685 0.105337180 -0.001414452 0.999998987 0.000123707 -0.128473431 0.000919859 -0.000122406 0.999999583 4.293155193
0.999998450 0.001680688 -0.000424547 0.102220193 -0.001680717 0.999998510 -0.000068096 -0.133063689 0.000424432 0.000068809 0.999999881 4.546710968
0.999998271 0.001781178 -0.000558864 0.111964516 -0.001781220 0.999998391 -0.000075064 -0.139924288 0.000558729 0.000076059 0.999999821 4.801840782
0.999998748 0.001512273 -0.000570037 0.117294192 -0.001512158 0.999998868 0.000201697 -0.149178028 0.000570342 -0.000200835 0.999999762 5.068483353
0.999998808 0.001392507 -0.000659933 0.121060684 -0.001392570 0.999999046 -0.000095669 -0.151757702 0.000659800 0.000096588 0.999999762 5.321546555
0.999997735 0.002112350 -0.000169929 0.122601390 -0.002112397 0.999997795 -0.000277588 -0.157943130 0.000169342 0.000277946 0.999999881 5.593068600
0.999998450 0.001708861 -0.000447992 0.131357744 -0.001708701 0.999998569 0.000357073 -0.170313239 0.000448601 -0.000356307 0.999999821 5.862490654
0.999998391 0.001476307 -0.001011195 0.141761824 -0.001475865 0.999998868 0.000437227 -0.180084258 0.001011839 -0.000435734 0.999999344 6.139860153
0.999998391 0.001714933 -0.000521300 0.140730321 -0.001714874 0.999998510 0.000112312 -0.190391317 0.000521492 -0.000111418 0.999999881 6.419123650
0.999998868 0.001416610 -0.000495170 0.145177364 -0.001416438 0.999998987 0.000346102 -0.199992985 0.000495660 -0.000345400 0.999999881 6.708471775
0.999997973 0.001934982 -0.000375071 0.146292090 -0.001935090 0.999998093 -0.000287000 -0.201091960 0.000374515 0.000287725 0.999999940 7.015182018
0.999998629 0.001516439 -0.000658261 0.159990102 -0.001516466 0.999998808 -0.000040374 -0.214281633 0.000658199 0.000041372 0.999999762 7.303625584
0.999998510 0.001633973 -0.000465779 0.167865619 -0.001633920 0.999998629 0.000113304 -0.228291288 0.000465963 -0.000112543 0.999999821 7.612694263
0.999998748 0.001521785 -0.000452071 0.176040635 -0.001521514 0.999998629 0.000599009 -0.242448345 0.000452982 -0.000598321 0.999999702 7.927383900
0.999998808 0.001490212 -0.000515979 0.177019507 -0.001490189 0.999998868 0.000044880 -0.241436169 0.000516045 -0.000044111 0.999999881 8.256179810
0.999998391 0.001829204 -0.000048926 0.183670446 -0.001829182 0.999998212 0.000441630 -0.259881824 0.000049733 -0.000441540 0.999999881 8.567389488
0.999998450 0.001737901 0.000235550 0.183003634 -0.001738011 0.999998331 0.000466899 -0.267022878 -0.000234738 -0.000467308 0.999999821 8.895470619
0.999998569 0.001595377 -0.000378489 0.196905360 -0.001595143 0.999998510 0.000618805 -0.281999886 0.000379476 -0.000618200 0.999999702 9.231060982
0.999998391 0.001788437 -0.000155286 0.199365675 -0.001788315 0.999998093 0.000782525 -0.291945308 0.000156685 -0.000782246 0.999999702 9.575756073
0.999998152 0.001900979 -0.000079764 0.210443854 -0.001900925 0.999997914 0.000678230 -0.301864713 0.000081053 -0.000678078 0.999999821 9.906086922
0.999998331 0.001829988 0.000054184 0.208550885 -0.001830052 0.999997556 0.001190694 -0.314564049 -0.000052005 -0.001190791 0.999999344 10.262452126
0.999998450 0.001713974 0.000365351 0.211526349 -0.001714474 0.999997616 0.001370783 -0.329499573 -0.000363001 -0.001371408 0.999998987 10.626376152
0.999998689 0.001504604 0.000573117 0.219075322 -0.001505242 0.999998271 0.001114054 -0.335233331 -0.000571440 -0.001114915 0.999999225 10.996323586
0.999998033 0.001924717 0.000594284 0.223248869 -0.001925054 0.999997973 0.000567447 -0.343086362 -0.000593191 -0.000568590 0.999999702 11.375935555
0.999998391 0.001722068 0.000442163 0.233576909 -0.001722742 0.999997377 0.001528459 -0.362129569 -0.000439529 -0.001529218 0.999998748 11.753695488
0.999998093 0.001923081 0.000215543 0.242941856 -0.001923382 0.999997139 0.001402833 -0.373444110 -0.000212844 -0.001403244 0.999999046 12.139822006
0.999997795 0.002044299 0.000446207 0.250620276 -0.002044735 0.999997377 0.000978344 -0.380680382 -0.000444205 -0.000979254 0.999999344 12.538048744
0.999998152 0.001800418 0.000524033 0.256681055 -0.001800904 0.999997914 0.000929969 -0.389699221 -0.000522357 -0.000930911 0.999999404 12.938138962
0.999997139 0.002304429 0.000670699 0.262382150 -0.002305134 0.999996722 0.001050715 -0.401506603 -0.000668275 -0.001052258 0.999999225 13.335555077
0.999997556 0.001981699 0.000948249 0.271289706 -0.001982915 0.999997139 0.001283813 -0.409912735 -0.000945702 -0.001285690 0.999998748 13.747444153
0.999996901 0.002115045 0.001292889 0.275972068 -0.002116625 0.999997020 0.001222141 -0.423622817 -0.001290299 -0.001224874 0.999998391 14.156029701
0.999996960 0.002046482 0.001442629 0.288589954 -0.002048578 0.999996841 0.001452747 -0.436817348 -0.001439652 -0.001455698 0.999997914 14.572751045
0.999997079 0.001954194 0.001426142 0.298640490 -0.001956496 0.999996722 0.001613856 -0.451836646 -0.001422983 -0.001616642 0.999997616 15.004790306
0.999996126 0.002207708 0.001708196 0.308524638 -0.002209899 0.999996722 0.001282343 -0.461664587 -0.001705359 -0.001286113 0.999997675 15.438208580
0.999996006 0.002037733 0.001962932 0.319553941 -0.002040078 0.999997199 0.001193427 -0.472040176 -0.001960495 -0.001197427 0.999997377 15.877628326
0.999996424 0.001730080 0.002013348 0.331350237 -0.001733123 0.999997377 0.001511029 -0.486088634 -0.002010729 -0.001514513 0.999996781 16.319057465
0.999994695 0.002132805 0.002450529 0.338520229 -0.002135949 0.999996901 0.001280996 -0.498140633 -0.002447789 -0.001286223 0.999996185 16.762607574
0.999994099 0.001960630 0.002827070 0.349346071 -0.001965642 0.999996483 0.001771513 -0.514344990 -0.002823587 -0.001777060 0.999994457 17.218313217
0.999992371 0.002248558 0.003194360 0.354471296 -0.002254068 0.999995947 0.001722488 -0.523441195 -0.003190474 -0.001729676 0.999993443 17.677583694
0.999992132 0.002016102 0.003414266 0.369094372 -0.002021611 0.999996662 0.001610848 -0.536612213 -0.003411007 -0.001617738 0.999992907 18.138078690
0.999991894 0.002200598 0.003414428 0.383708805 -0.002206723 0.999996066 0.001791020 -0.548081577 -0.003410473 -0.001798541 0.999992549 18.612520218
0.999992013 0.002050382 0.003455362 0.396413505 -0.002055801 0.999996722 0.001565769 -0.556916296 -0.003452141 -0.001572860 0.999992728 19.086174011
0.999993145 0.001335206 0.003469750 0.419755012 -0.001340933 0.999997735 0.001648901 -0.568978488 -0.003467540 -0.001653542 0.999992609 19.559045792
0.999991477 0.001680925 0.003778582 0.411385953 -0.001687035 0.999997258 0.001614250 -0.580697119 -0.003775859 -0.001620611 0.999991536 20.056879044
0.999991536 0.002039976 0.003592530 0.428448647 -0.002046530 0.999996185 0.001821444 -0.599336207 -0.003588801 -0.001828781 0.999991894 20.538526535
0.999991357 0.002208647 0.003517771 0.434699476 -0.002210488 0.999997437 0.000519510 -0.595175147 -0.003516614 -0.000527282 0.999993622 21.055446625
0.999994516 0.002148844 0.002565816 0.456381440 -0.002154283 0.999995410 0.002118614 -0.628683329 -0.002561253 -0.002124130 0.999994457 21.545757294
0.999993622 0.002471230 0.002557110 0.463205248 -0.002478225 0.999993145 0.002735887 -0.649266660 -0.002550331 -0.002742207 0.999992967 22.049236298
0.999993861 0.002648097 0.002302082 0.475974679 -0.002654870 0.999992132 0.002944405 -0.662777603 -0.002294267 -0.002950498 0.999993026 22.554206848
0.999996305 0.002407037 0.001232241 0.491172969 -0.002409889 0.999994338 0.002318150 -0.675920427 -0.001226654 -0.002321111 0.999996543 23.082681656
0.999998152 0.001877695 0.000308361 0.506625056 -0.001878465 0.999994934 0.002514943 -0.694171607 -0.000303638 -0.002515518 0.999996781 23.598331451
0.999999225 0.001261242 -0.000020072 0.509431303 -0.001261203 0.999997556 0.001825442 -0.704966486 0.000022374 -0.001825415 0.999998331 24.130920410
0.999998271 0.001822981 -0.000279611 0.513299882 -0.001822424 0.999996364 0.001976724 -0.714386702 0.000283214 -0.001976211 0.999997973 24.673391342
0.999995768 0.002464628 -0.001551408 0.533725262 -0.002460735 0.999993861 0.002506471 -0.734393120 0.001557576 -0.002502643 0.999995649 25.202709198
0.999995232 0.002103993 -0.002237115 0.543585241 -0.002098325 0.999994636 0.002533158 -0.745840132 0.002242432 -0.002528452 0.999994278 25.747993469
0.999994040 0.002332173 -0.002538698 0.546677947 -0.002326191 0.999994516 0.002356517 -0.760065675 0.002544180 -0.002350597 0.999993980 26.303190231
0.999992967 0.001472170 -0.003446667 0.560620129 -0.001460091 0.999992847 0.003504615 -0.777049303 0.003451801 -0.003499557 0.999987900 26.848907471
0.999993384 0.002283603 -0.002825790 0.554970503 -0.002274420 0.999992132 0.003248830 -0.786241591 0.002833186 -0.003242381 0.999990642 27.409585953
0.999991596 0.002440496 -0.003296982 0.559710622 -0.002430306 0.999992251 0.003091161 -0.805810511 0.003304501 -0.003083122 0.999989808 27.960691452
0.999990225 0.002735387 -0.003500846 0.565348983 -0.002723454 0.999990463 0.003408916 -0.819454551 0.003510138 -0.003399349 0.999988079 28.504682541
0.999990702 0.002424828 -0.003594823 0.576905727 -0.002413605 0.999992192 0.003123052 -0.830726087 0.003602368 -0.003114346 0.999988675 29.032608032
0.999985933 0.002941476 -0.004420079 0.591235578 -0.002927119 0.999990404 0.003251254 -0.849611282 0.004429601 -0.003238270 0.999984920 29.598068237
0.999983847 0.003225967 -0.004662951 0.595043302 -0.003210706 0.999989450 0.003276543 -0.861090302 0.004673472 -0.003261519 0.999983788 30.148233414
0.999985635 0.003055081 -0.004392115 0.603901923 -0.003038750 0.999988377 0.003719946 -0.880014837 0.004403429 -0.003706546 0.999983490 30.691228867
0.999981165 0.003166430 -0.005241942 0.615195513 -0.003148501 0.999989271 0.003424982 -0.894112349 0.005252730 -0.003408414 0.999980330 31.241214752
0.999979317 0.002932865 -0.005725775 0.625313997 -0.002912670 0.999989510 0.003532082 -0.906158090 0.005736074 -0.003515332 0.999977350 31.790624619
0.999977767 0.003003164 -0.005953756 0.639146507 -0.002981554 0.999988973 0.003635096 -0.924977601 0.005964607 -0.003617263 0.999975681 32.330448151
0.999977171 0.002949179 -0.006078869 0.640672088 -0.002928769 0.999990046 0.003363641 -0.930024147 0.006088729 -0.003345760 0.999975860 32.874191284
0.999976635 0.003116992 -0.006088363 0.643781662 -0.003099610 0.999991059 0.002862228 -0.944295883 0.006097231 -0.002843290 0.999977350 33.418510437
0.999975204 0.003063156 -0.006336592 0.652504683 -0.003043489 0.999990463 0.003111032 -0.954850256 0.006346061 -0.003091668 0.999975085 33.973842621
0.999974072 0.002461538 -0.006765112 0.659919739 -0.002442586 0.999993086 0.002808289 -0.968740523 0.006771978 -0.002791693 0.999973178 34.515403748
0.999973536 0.003065936 -0.006596414 0.664593875 -0.003045132 0.999990344 0.003161548 -0.983541608 0.006606043 -0.003141377 0.999973238 35.061767578
0.999974191 0.003102599 -0.006483256 0.667626560 -0.003082793 0.999990523 0.003062702 -0.998291731 0.006492698 -0.003042636 0.999974310 35.608337402
0.999973655 0.003329941 -0.006450853 0.682059526 -0.003304905 0.999986947 0.003887835 -1.025100470 0.006463714 -0.003866413 0.999971688 36.134716034
0.999967396 0.003515993 -0.007268477 0.690551639 -0.003492219 0.999988496 0.003281078 -1.028608441 0.007279930 -0.003255588 0.999968231 36.696186066
0.999967039 0.003925272 -0.007111443 0.695574403 -0.003905510 0.999988496 0.002790599 -1.038988352 0.007122315 -0.002762733 0.999970853 37.239879608
0.999966979 0.003454630 -0.007354771 0.699620247 -0.003432185 0.999989450 0.003062067 -1.055434704 0.007365272 -0.003036724 0.999968231 37.802032471
0.999969244 0.002993665 -0.007253766 0.704676628 -0.002971777 0.999991119 0.003026315 -1.067314625 0.007262761 -0.003004666 0.999969125 38.353103638
0.999968886 0.003500329 -0.007063006 0.708082557 -0.003478459 0.999989152 0.003106231 -1.084590793 0.007073802 -0.003081566 0.999970257 38.906833649
0.999961019 0.003692252 -0.008020734 0.723071933 -0.003668693 0.999988914 0.002950049 -1.094443917 0.008031538 -0.002920508 0.999963462 39.445022583
0.999961078 0.003668468 -0.008027913 0.736106634 -0.003641306 0.999987662 0.003395479 -1.111232877 0.008040270 -0.003366115 0.999961972 39.988590240
0.999957740 0.003863749 -0.008333957 0.751323581 -0.003831682 0.999985158 0.003860221 -1.135832429 0.008348748 -0.003828124 0.999957860 40.523937225
0.999954402 0.003506153 -0.008885188 0.757042050 -0.003477616 0.999988735 0.003225316 -1.141012669 0.008896396 -0.003194269 0.999955297 41.090576172
0.999951839 0.003734984 -0.009075698 0.767935753 -0.003701511 0.999986291 0.003702296 -1.155313969 0.009089402 -0.003668523 0.999951899 41.640346527
0.999949813 0.003854007 -0.009255694 0.787136316 -0.003820509 0.999986112 0.003634078 -1.175298691 0.009269572 -0.003598533 0.999950528 42.176139832
0.999951303 0.004158848 -0.008946485 0.774598598 -0.004131577 0.999986768 0.003064496 -1.177624226 0.008959112 -0.003027384 0.999955297 42.749664307
0.999952495 0.004226189 -0.008781238 0.782035947 -0.004193638 0.999984324 0.003721883 -1.195871949 0.008796830 -0.003684881 0.999954522 43.286224365
0.999951005 0.004716901 -0.008701175 0.789431036 -0.004692737 0.999985039 0.002795334 -1.204810619 0.008714231 -0.002754364 0.999958277 43.841690063
0.999955714 0.003820686 -0.008601583 0.781175315 -0.003790905 0.999986768 0.003475969 -1.222036481 0.008614751 -0.003443207 0.999956906 44.390670776
0.999955654 0.004118063 -0.008472853 0.789667964 -0.004091986 0.999986827 0.003092806 -1.232508898 0.008485478 -0.003057998 0.999959290 44.939537048
0.999956965 0.004475232 -0.008126732 0.797773957 -0.004450191 0.999985278 0.003096685 -1.239844680 0.008140472 -0.003060386 0.999962211 45.477424622
0.999956429 0.003681963 -0.008576427 0.801758885 -0.003649133 0.999985993 0.003840434 -1.267132044 0.008590447 -0.003808970 0.999955833 46.032703400
0.999953151 0.003430583 -0.009044557 0.815055907 -0.003397548 0.999987543 0.003665360 -1.280831575 0.009057016 -0.003634459 0.999952376 46.574134827
0.999953032 0.004068471 -0.008801283 0.826832294 -0.004034045 0.999984205 0.003925682 -1.300956130 0.008817117 -0.003889993 0.999953508 47.103866577
0.999956012 0.003066885 -0.008866412 0.815169990 -0.003039130 0.999990404 0.003142024 -1.296871424 0.008875963 -0.003114939 0.999955773 47.668807983
0.999956191 0.003934921 -0.008496734 0.815051377 -0.003909384 0.999987841 0.003019984 -1.307077050 0.008508515 -0.002986635 0.999959290 48.218082428
0.999957561 0.003637692 -0.008468512 0.831826210 -0.003611017 0.999988437 0.003163201 -1.324048877 0.008479922 -0.003132486 0.999959171 48.751644135
0.999957144 0.003452918 -0.008591948 0.820012391 -0.003426731 0.999989450 0.003060512 -1.330977082 0.008602425 -0.003030938 0.999958396 49.306999207
0.999956250 0.003669181 -0.008606354 0.833353162 -0.003643256 0.999988854 0.003026004 -1.346801519 0.008617360 -0.002994516 0.999958396 49.848487854
0.999956965 0.004224627 -0.008271886 0.836758912 -0.004193655 0.999984145 0.003758181 -1.366951466 0.008287632 -0.003723329 0.999958694 50.390995026
0.999957681 0.003499475 -0.008507066 0.844517112 -0.003473299 0.999989152 0.003089875 -1.377260685 0.008517788 -0.003060197 0.999959052 50.950447083
0.999961674 0.003733885 -0.007925401 0.847325921 -0.003709687 0.999988377 0.003065814 -1.388828039 0.007936758 -0.003036295 0.999963880 51.506053925
0.999955595 0.003481968 -0.008757338 0.869424224 -0.003453038 0.999988556 0.003316402 -1.405105472 0.008768787 -0.003286015 0.999956191 52.041961670
0.999951601 0.003118668 -0.009328876 0.878094316 -0.003089840 0.999990404 0.003102964 -1.419586182 0.009338463 -0.003073990 0.999951661 52.589527130
0.999955177 0.003356505 -0.008865518 0.877360344 -0.003329951 0.999989986 0.003008192 -1.430024147 0.008875526 -0.002978536 0.999956131 53.128753662
0.999953747 0.003108842 -0.009104013 0.883334458 -0.003079413 0.999989986 0.003244813 -1.444407463 0.009114010 -0.003216628 0.999953270 53.682350159
0.999955654 0.003023161 -0.008916474 0.894062281 -0.002997866 0.999991417 0.002848868 -1.455387831 0.008925010 -0.002822011 0.999956191 54.229721069
0.999958336 0.003091288 -0.008589777 0.892352402 -0.003066899 0.999991238 0.002850973 -1.466895103 0.008598515 -0.002824510 0.999959052 54.785846710
0.999952257 0.002922357 -0.009321677 0.908202648 -0.002895426 0.999991596 0.002901309 -1.483651519 0.009330077 -0.002874180 0.999952316 55.324005127
0.999952137 0.002741055 -0.009388804 0.914713085 -0.002713286 0.999991953 0.002969073 -1.497370362 0.009396868 -0.002943456 0.999951482 55.870254517
0.999947846 0.002918371 -0.009780118 0.915880024 -0.002889008 0.999991298 0.003015208 -1.509429574 0.009788834 -0.002986796 0.999947548 56.404460907
0.999954164 0.002977419 -0.009090478 0.926326454 -0.002950559 0.999991238 0.002966714 -1.523991942 0.009099232 -0.002939756 0.999954283 56.945808411
0.999952435 0.003421428 -0.009148361 0.923889756 -0.003395345 0.999990106 0.002865032 -1.534306884 0.009158074 -0.002833833 0.999954045 57.509937286
0.999950945 0.003458006 -0.009285230 0.930368543 -0.003433048 0.999990463 0.002702492 -1.550947666 0.009294487 -0.002670483 0.999953270 58.054134369
0.999953032 0.003525253 -0.009031882 0.937632978 -0.003502538 0.999990702 0.002529559 -1.562293649 0.009040714 -0.002497806 0.999956012 58.600151062
0.999952435 0.002970910 -0.009288850 0.944687903 -0.002950602 0.999993205 0.002199335 -1.567599893 0.009295322 -0.002171823 0.999954462 59.140617371
0.999948561 0.002907454 -0.009713564 0.956117868 -0.002882767 0.999992549 0.002554437 -1.585430145 0.009720920 -0.002526304 0.999949634 59.684040070
0.999951065 0.003325546 -0.009305340 0.961889505 -0.003304573 0.999991894 0.002268352 -1.593980789 0.009312809 -0.002237491 0.999954164 60.241661072
0.999950588 0.003445369 -0.009316595 0.955813766 -0.003427719 0.999992311 0.001909951 -1.603922129 0.009323103 -0.001877922 0.999954760 60.777446747
0.999953568 0.004056252 -0.008743010 0.960761845 -0.004038165 0.999989688 0.002085542 -1.621139526 0.008751380 -0.002050139 0.999959588 61.331302643
0.999946237 0.003575792 -0.009728950 0.975088358 -0.003557443 0.999991834 0.001902569 -1.632481098 0.009735675 -0.001867856 0.999950826 61.871944427
0.999949217 0.003488549 -0.009447393 0.975013018 -0.003472398 0.999992490 0.001725379 -1.645935059 0.009453340 -0.001692487 0.999953806 62.412845612
0.999947906 0.004342431 -0.009239116 0.979158759 -0.004324115 0.999988675 0.002001484 -1.664783120 0.009247702 -0.001961429 0.999955297 62.962612152
0.999951422 0.003948033 -0.009031772 0.978166819 -0.003927376 0.999989688 0.002303787 -1.678634644 0.009040773 -0.002268204 0.999956548 63.507400513
0.999950290 0.003905274 -0.009166774 0.987348139 -0.003888783 0.999990702 0.001816187 -1.686569929 0.009173782 -0.001780449 0.999956310 64.046859741
0.999956071 0.003410616 -0.008722978 0.985425353 -0.003395829 0.999992728 0.001709566 -1.699103475 0.008728744 -0.001679869 0.999960482 64.596359253
0.999952018 0.004393687 -0.008756894 0.992895424 -0.004377279 0.999988556 0.001891975 -1.711260796 0.008765106 -0.001853553 0.999959826 65.123229980
0.999955952 0.004123569 -0.008426734 0.991964936 -0.004110083 0.999990225 0.001617051 -1.721387863 0.008433320 -0.001582345 0.999963164 65.658142090
0.999949872 0.003897271 -0.009219361 1.008733034 -0.003877152 0.999990046 0.002199050 -1.745728374 0.009227840 -0.002163195 0.999954998 66.210250854
0.999951243 0.004427084 -0.008829018 1.008264303 -0.004409682 0.999988317 0.001989553 -1.756897449 0.008837722 -0.001950523 0.999958992 66.761726379
0.999948204 0.004005161 -0.009357232 1.021536112 -0.003987590 0.999990225 0.001895661 -1.775334477 0.009364733 -0.001858249 0.999954402 67.307243347
0.999943852 0.003933746 -0.009847635 1.044991732 -0.003910315 0.999989510 0.002397642 -1.792050958 0.009856964 -0.002359000 0.999948561 67.855949402
0.999947071 0.004590431 -0.009207264 1.023454785 -0.004567306 0.999986470 0.002531080 -1.811588049 0.009218757 -0.002488893 0.999954402 68.385360718
0.999948621 0.004648523 -0.009012077 1.021437168 -0.004630270 0.999987245 0.002045273 -1.823848128 0.009021470 -0.002003439 0.999957263 68.931060791
0.999946594 0.005041847 -0.009018898 1.032864571 -0.005018468 0.999983907 0.002613002 -1.841415048 0.009031928 -0.002567601 0.999955952 69.484939575
0.999948561 0.004742414 -0.008956000 1.037306070 -0.004723377 0.999986529 0.002145471 -1.844375491 0.008966054 -0.002103058 0.999957621 69.996345520
0.999951839 0.005178095 -0.008332441 1.036354542 -0.005161347 0.999984622 0.002030383 -1.855922461 0.008342826 -0.001987279 0.999963284 70.556503296
0.999948442 0.004666109 -0.009013391 1.047180891 -0.004648914 0.999987364 0.001927850 -1.867367744 0.009022271 -0.001885848 0.999957502 71.095336914
0.999944806 0.004595296 -0.009446439 1.063406944 -0.004581115 0.999988317 0.001522336 -1.878684282 0.009453326 -0.001478977 0.999954224 71.643997192
0.999947667 0.004868655 -0.008993107 1.064400196 -0.004851538 0.999986410 0.001924152 -1.896073222 0.009002351 -0.001880420 0.999957681 72.191474915
0.999946892 0.005347386 -0.008805181 1.058409452 -0.005328912 0.999983490 0.002120107 -1.916940689 0.008816374 -0.002073072 0.999958992 72.732818604
0.999952078 0.005102129 -0.008353425 1.064268589 -0.005085475 0.999985039 0.002013666 -1.934450865 0.008363574 -0.001971088 0.999963105 73.277801514
0.999947548 0.004826277 -0.009036683 1.072080135 -0.004807835 0.999986351 0.002061395 -1.947282314 0.009046508 -0.002017840 0.999957025 73.831069946
0.999948323 0.004691901 -0.009021317 1.077071667 -0.004670851 0.999986291 0.002352999 -1.959455848 0.009032233 -0.002310740 0.999956548 74.350059509
0.999946237 0.004527746 -0.009329825 1.087406874 -0.004504026 0.999986589 0.002561857 -1.973050356 0.009341300 -0.002519698 0.999953210 74.885841370
0.999945104 0.004475702 -0.009476088 1.091837883 -0.004448804 0.999985993 0.002857709 -1.990185142 0.009488747 -0.002815395 0.999951005 75.427047729
0.999949098 0.003845155 -0.009329861 1.103891134 -0.003822855 0.999989748 0.002406784 -2.003919601 0.009339021 -0.002370995 0.999953568 75.976158142
0.999943376 0.004221828 -0.009769578 1.110592604 -0.004200502 0.999988735 0.002202333 -2.017308474 0.009778765 -0.002161171 0.999949813 76.524116516
0.999948025 0.003793959 -0.009461262 1.117584229 -0.003773622 0.999990523 0.002166480 -2.031145811 0.009469392 -0.002130664 0.999952912 77.071060181
0.999943912 0.003368335 -0.010038225 1.129039288 -0.003348788 0.999992430 0.001963462 -2.043702841 0.010044764 -0.001929737 0.999947727 77.616844177
0.999939442 0.004018958 -0.010244452 1.134498835 -0.003994850 0.999989212 0.002372655 -2.056616306 0.010253877 -0.002331586 0.999944687 78.153068542
0.999939620 0.003814251 -0.010307484 1.144765139 -0.003796469 0.999991238 0.001744125 -2.067695618 0.010314048 -0.001704887 0.999945343 78.695571899
0.999947727 0.004118234 -0.009357374 1.138875008 -0.004098865 0.999989390 0.002088275 -2.081563950 0.009365876 -0.002049811 0.999953985 79.254043579
0.999946475 0.004702480 -0.009220957 1.142365932 -0.004682285 0.999986589 0.002210639 -2.096243620 0.009231228 -0.002167346 0.999955058 79.797737122
0.999942899 0.004591963 -0.009651772 1.149207592 -0.004573363 0.999987662 0.001948268 -2.109979868 0.009660599 -0.001904016 0.999951541 80.335639954
0.999954402 0.004478320 -0.008430935 1.154781103 -0.004460959 0.999987900 0.002076988 -2.123627663 0.008440133 -0.002039283 0.999962330 80.894042969
0.999963403 0.004396640 -0.007334204 1.161787748 -0.004380504 0.999987960 0.002214612 -2.140529156 0.007343851 -0.002182404 0.999970675 81.435264587
0.999966264 0.005047460 -0.006466690 1.174803972 -0.005033152 0.999984801 0.002226796 -2.157143831 0.006477831 -0.002194172 0.999976635 81.970062256
0.999978662 0.004292539 -0.004921097 1.184134364 -0.004281231 0.999988198 0.002306127 -2.173211098 0.004930938 -0.002285009 0.999985218 82.504547119
0.999989092 0.004127686 -0.002198444 1.201609612 -0.004123271 0.999989510 0.002008877 -2.185053349 0.002206713 -0.001999791 0.999995530 83.057624817
0.999990165 0.004249752 0.001231766 1.216953754 -0.004252930 0.999987602 0.002588339 -2.200717449 -0.001220751 -0.002593552 0.999995887 83.597610474
0.999974787 0.004700601 0.005318173 1.221214652 -0.004713023 0.999986172 0.002325692 -2.216629982 -0.005307168 -0.002350698 0.999983132 84.131278992
0.999932349 0.004857510 0.010569017 1.239531755 -0.004882802 0.999985218 0.002368508 -2.236287594 -0.010557357 -0.002419954 0.999941289 84.682273865
0.999867320 0.004331693 0.015697848 1.280544758 -0.004373420 0.999987006 0.002624829 -2.255447626 -0.015686275 -0.002693134 0.999873340 85.231704712
0.999771416 0.003661703 0.021065259 1.310936689 -0.003718508 0.999989569 0.002658064 -2.271862984 -0.021055309 -0.002735788 0.999774635 85.778244019
0.999634981 0.003846023 0.026742220 1.336617470 -0.003913615 0.999989271 0.002475644 -2.281216145 -0.026732411 -0.002579399 0.999639273 86.319656372
0.999388278 0.004181921 0.034721799 1.369936943 -0.004267009 0.999988139 0.002376847 -2.294947624 -0.034711450 -0.002523551 0.999394178 86.870452881
0.999072373 0.004002245 0.042877737 1.421127796 -0.004120247 0.999987900 0.002664028 -2.315350056 -0.042866562 -0.002838223 0.999076784 87.397140503
0.998732686 0.003539951 0.050203461 1.451578140 -0.003668261 0.999990225 0.002463877 -2.322120428 -0.050194249 -0.002644914 0.998735905 87.956977844
0.998258412 0.003302355 0.058899112 1.504883766 -0.003455425 0.999990880 0.002497192 -2.335654259 -0.058890335 -0.002696364 0.998260796 88.508659363
0.997611880 0.003464430 0.068982668 1.569472790 -0.003639196 0.999990404 0.002407969 -2.353680849 -0.068973668 -0.002653260 0.997614980 89.042564392
0.996958256 0.003814481 0.077843979 1.621449947 -0.004022492 0.999988735 0.002515518 -2.368384600 -0.077833526 -0.002820993 0.996962368 89.593025208
0.996343493 0.003246627 0.085375465 1.688197136 -0.003443980 0.999991715 0.002164421 -2.379236937 -0.085367747 -0.002450539 0.996346474 90.143600464
0.995330453 0.003453607 0.096464574 1.761218071 -0.003732641 0.999989390 0.002712304 -2.401870251 -0.096454173 -0.003059707 0.995332718 90.667869568
0.994221985 0.003409045 0.107290544 1.837119579 -0.003670414 0.999990702 0.002238698 -2.404823303 -0.107281953 -0.002619563 0.994225204 91.249526978
0.993221045 0.002810487 0.116207451 1.923819542 -0.003049950 0.999993503 0.001882885 -2.414330244 -0.116201401 -0.002224548 0.993223250 91.797393799
0.991847277 0.002980390 0.127396956 2.009460449 -0.003272889 0.999992430 0.002086695 -2.428248882 -0.127389759 -0.002486638 0.991849661 92.345214844
0.990245998 0.002205371 0.139311761 2.113262177 -0.002505955 0.999994874 0.001982266 -2.449561596 -0.139306694 -0.002312040 0.990246594 92.899070740
0.988595605 0.002265562 0.150577456 2.211450577 -0.002674701 0.999993205 0.002514658 -2.468203068 -0.150570750 -0.002888730 0.988595128 93.446250916
0.986979127 0.001991348 0.160835728 2.316715240 -0.002376257 0.999994755 0.002200874 -2.477916956 -0.160830483 -0.002554404 0.986978650 94.003738403
0.984802544 0.001767652 0.173669189 2.437419891 -0.002178184 0.999995291 0.002173314 -2.495037317 -0.173664540 -0.002518569 0.984801650 94.527923584
0.982543349 0.000933974 0.186031342 2.562747955 -0.001286568 0.999997616 0.001774629 -2.501460791 -0.186029226 -0.001982992 0.982542157 95.079101562
0.980458558 0.001410057 0.196720824 2.678028107 -0.001881622 0.999995768 0.002210243 -2.517370939 -0.196716875 -0.002537206 0.980457008 95.617294312
0.977752447 0.001624617 0.209755734 2.815063477 -0.002144118 0.999995112 0.002249321 -2.533010006 -0.209751084 -0.002649020 0.977751255 96.154136658
0.974880099 0.001004420 0.222728059 2.967075348 -0.001564879 0.999995947 0.002339862 -2.540280104 -0.222724825 -0.002629627 0.974877775 96.670379639
0.972196162 0.000705912 0.234166875 3.100370407 -0.001380147 0.999995351 0.002715434 -2.563340902 -0.234163910 -0.002963120 0.972192645 97.202972412
0.969219446 -0.000190913 0.246198282 3.261522293 -0.000499218 0.999996066 0.002740732 -2.583787441 -0.246197864 -0.002779278 0.969215691 97.725234985
0.965698123 0.000381607 0.259667367 3.431800842 -0.001190844 0.999994934 0.002959136 -2.599296570 -0.259664923 -0.003166856 0.965693653 98.251579285
0.962145388 0.000646283 0.272535950 3.594110489 -0.001378349 0.999995947 0.002494687 -2.603515625 -0.272533178 -0.002775902 0.962142348 98.779319763
0.959065676 -0.000148437 0.283184081 3.770845413 -0.000578824 0.999996781 0.002484485 -2.616371632 -0.283183515 -0.002546697 0.959062397 99.294250488
0.954734981 -0.000506028 0.297457248 3.956998825 -0.000297713 0.999996364 0.002656730 -2.629933119 -0.297457576 -0.002625030 0.954731345 99.829917908
0.950611472 -0.000492165 0.310382992 4.153577805 -0.000335241 0.999996543 0.002612408 -2.644747972 -0.310383260 -0.002587438 0.950607955 100.340225220
0.946544349 -0.000827002 0.322572738 4.341794968 0.000092533 0.999997377 0.002292236 -2.649625540 -0.322573781 -0.002139854 0.946541905 100.863090515
0.942068815 -0.001480668 0.335416496 4.550178528 0.000755575 0.999997139 0.002292255 -2.667125702 -0.335418910 -0.001906030 0.942067146 101.372436523
0.936826229 -0.001417051 0.349792391 4.760055542 0.000702993 0.999997497 0.002168330 -2.682218313 -0.349794477 -0.001785447 0.936824799 101.870689392
0.932206392 -0.001858945 0.361922264 4.980468750 0.001118774 0.999996841 0.002254659 -2.691621780 -0.361925364 -0.001696898 0.932205558 102.406211853
0.927658796 -0.002261010 0.373421967 5.211774826 0.001791020 0.999997139 0.001605550 -2.696942568 -0.373424530 -0.000820596 0.927660227 102.920616150
0.921609521 -0.002745821 0.388108641 5.432708740 0.002023942 0.999995351 0.002268758 -2.714389801 -0.388113141 -0.001305400 0.921610832 103.414329529
0.915918946 -0.003771270 0.401345402 5.671318054 0.003072388 0.999992371 0.002384935 -2.725211859 -0.401351392 -0.000951319 0.915923655 103.904525757
0.911081672 -0.004099188 0.412205338 5.918491364 0.003528432 0.999991477 0.002145688 -2.739495277 -0.412210643 -0.000500459 0.911088526 104.377052307
0.904703379 -0.004431625 0.426019013 6.169441223 0.003580322 0.999989688 0.002799050 -2.763500452 -0.426027000 -0.001007024 0.904709876 104.884902954
0.898548722 -0.005013159 0.438845128 6.440769196 0.004226952 0.999987245 0.002768567 -2.780876637 -0.438853383 -0.000632715 0.898558438 105.349517822
0.892383993 -0.004946913 0.451249689 6.711021423 0.003986985 0.999987245 0.003077961 -2.792880535 -0.451259166 -0.000947597 0.892392397 105.859237671
0.886825442 -0.005603455 0.462070763 6.949958801 0.004727458 0.999984145 0.003053508 -2.803998232 -0.462080508 -0.000523509 0.886837780 106.307868958
0.879450202 -0.005426926 0.475960016 7.244293213 0.004505255 0.999985099 0.003077356 -2.818729877 -0.475969642 -0.000562060 0.879461527 106.819747925
0.872664750 -0.005722844 0.488286257 7.535785675 0.004889660 0.999983609 0.002981277 -2.830523014 -0.488295376 -0.000214102 0.872678399 107.290420532
0.867002070 -0.005698591 0.498271942 7.831161499 0.004745340 0.999983728 0.003179546 -2.844863415 -0.498282045 -0.000392203 0.867014945 107.766281128
