1.000000000 0.000000000 0.000000000 0.000000000 0.000000000 1.000000000 0.000000000 0.000000000 0.000000000 0.000000000 1.000000000 0.000000000
0.999999940 -0.000323087 0.000043918 0.000289662 0.000323086 0.999999940 0.000010919 0.000298174 -0.000043922 -0.000010905 1.000000000 -0.000123114
1.000000000 -0.000123987 0.000142556 -0.000669567 0.000123963 1.000000000 0.000168725 -0.000366788 -0.000142577 -0.000168707 1.000000000 0.000319499
1.000000000 -0.000103250 0.000025463 0.000257997 0.000103247 1.000000000 0.000107660 0.000097526 -0.000025474 -0.000107657 1.000000000 0.000052871
1.000000000 -0.000007031 0.000064248 0.000163015 0.000007025 1.000000000 0.000084871 -0.000871808 -0.000064248 -0.000084870 1.000000000 -0.000575829
0.999999940 -0.000303141 0.000074387 0.000092234 0.000303140 0.999999940 0.000005040 0.000126577 -0.000074389 -0.000005017 1.000000000 -0.000799122
0.999999881 -0.000409736 0.000108284 -0.000230524 0.000409732 0.999999940 0.000037997 -0.000056282 -0.000108299 -0.000037953 1.000000000 0.000109258
0.999999940 -0.000318576 0.000097168 0.000503252 0.000318558 0.999999940 0.000180486 -0.000691833 -0.000097226 -0.000180455 1.000000000 0.001313218
1.000000000 -0.000114178 0.000115884 -0.000017335 0.000114180 1.000000000 -0.000010057 0.000828186 -0.000115883 0.000010070 1.000000000 0.000937287
1.000000000 -0.000018239 0.000138653 -0.000706178 0.000018238 1.000000000 0.000003895 -0.000051635 -0.000138653 -0.000003893 1.000000000 -0.000521463
1.000000000 -0.000185064 0.000069486 0.001077765 0.000185061 1.000000000 0.000046870 0.000403440 -0.000069495 -0.000046857 1.000000000 -0.000684228
1.000000000 -0.000055452 -0.000016293 0.001051624 0.000055451 1.000000000 -0.000019161 -0.000253368 0.000016294 0.000019160 1.000000000 -0.002173651
1.000000000 0.000012132 0.000067479 0.000559398 -0.000012124 1.000000000 -0.000128939 0.001973163 -0.000067481 0.000128938 1.000000000 0.000765741
1.000000000 -0.000065840 0.000071959 -0.000539281 0.000065838 1.000000000 0.000031004 0.000616264 -0.000071961 -0.000030999 1.000000000 -0.000052445
1.000000000 0.000115082 0.000127425 -0.000721254 -0.000115066 1.000000000 -0.000126374 0.001084428 -0.000127440 0.000126359 1.000000000 -0.000141125
1.000000000 -0.000095069 -0.000005911 0.000671633 0.000095070 1.000000000 0.000135226 0.000033415 0.000005898 -0.000135226 1.000000000 -0.000065929
0.999999940 -0.000348834 0.000020796 -0.000018652 0.000348832 0.999999940 0.000119865 -0.000216072 -0.000020838 -0.000119858 1.000000000 -0.000688099
0.999999940 -0.000306598 0.000022914 0.000273497 0.000306597 0.999999940 0.000072883 -0.000806727 -0.000022936 -0.000072876 1.000000000 -0.001675892
1.000000000 0.000055790 0.000126732 -0.000331458 -0.000055801 1.000000000 0.000088887 -0.000279629 -0.000126727 -0.000088894 1.000000000 -0.001140143
1.000000000 0.000233728 -0.000008490 -0.000177244 -0.000233727 0.999999940 0.000131748 -0.000177613 0.000008521 -0.000131746 1.000000000 -0.000397037
1.000000000 -0.000146005 -0.000040252 0.000726558 0.000146010 1.000000000 0.000122738 0.000179213 0.000040234 -0.000122744 1.000000000 -0.000640446
1.000000000 -0.000077794 0.000080700 -0.000213131 0.000077784 1.000000000 0.000126679 -0.000355732 -0.000080710 -0.000126673 1.000000000 -0.000846409
1.000000000 -0.000142063 0.000035320 0.000415571 0.000142057 1.000000000 0.000150247 -0.000516800 -0.000035341 -0.000150242 1.000000000 -0.001505329
1.000000000 -0.000216736 0.000084759 0.001130313 0.000216735 1.000000000 0.000013158 0.000814498 -0.000084762 -0.000013139 1.000000000 0.000769488
1.000000000 0.000130621 0.000133010 -0.000000533 -0.000130634 1.000000000 0.000098371 0.000306679 -0.000132997 -0.000098388 1.000000000 0.000561159
1.000000000 -0.000094522 0.000014326 0.001656662 0.000094521 1.000000000 0.000104295 0.000519373 -0.000014335 -0.000104293 1.000000000 -0.001162838
0.999999940 -0.000234239 0.000080984 0.000298856 0.000234236 1.000000000 0.000032839 0.000079807 -0.000080992 -0.000032820 1.000000000 -0.001997794
1.000000000 -0.000187950 0.000001898 -0.000111341 0.000187950 1.000000000 0.000038079 -0.000213799 -0.000001906 -0.000038079 1.000000000 -0.001932457
0.999999940 0.000227953 0.000168803 -0.001203415 -0.000227985 0.999999940 0.000185017 0.000168168 -0.000168761 -0.000185055 0.999999940 0.001154521
1.000000000 -0.000021975 -0.000011744 0.000492379 0.000021977 1.000000000 0.000172035 -0.000273061 0.000011741 -0.000172036 1.000000000 -0.000928442
0.999999940 -0.000239947 0.000203490 -0.000776276 0.000239944 1.000000000 0.000013036 0.000506218 -0.000203493 -0.000012987 1.000000000 -0.000176453
1.000000000 -0.000139118 0.000182251 -0.000973706 0.000139091 1.000000000 0.000152026 -0.000527217 -0.000182272 -0.000152001 1.000000000 -0.001122611
1.000000000 -0.000002084 0.000082243 -0.000330858 0.000002069 1.000000000 0.000183171 -0.001327682 -0.000082244 -0.000183171 1.000000000 -0.002121186
1.000000000 -0.000086801 0.000135460 -0.000273839 0.000086810 1.000000000 -0.000060780 0.000768103 -0.000135454 0.000060792 1.000000000 -0.001030141
1.000000000 -0.000144991 0.000111903 -0.000206344 0.000144990 1.000000000 0.000015139 0.000370072 -0.000111905 -0.000015123 1.000000000 -0.000723994
1.000000000 0.000103257 0.000096392 -0.000084611 -0.000103275 1.000000000 0.000183187 -0.000238617 -0.000096373 -0.000183197 1.000000000 -0.001559625
0.999999940 -0.000219413 0.000139407 0.000487365 0.000219416 1.000000000 -0.000019240 0.001656322 -0.000139402 0.000019270 1.000000000 -0.000110338
1.000000000 -0.000148541 0.000093243 -0.000353450 0.000148530 1.000000000 0.000116427 0.000912144 -0.000093260 -0.000116413 1.000000000 0.001009376
1.000000000 0.000011189 0.000123916 -0.000405892 -0.000011196 1.000000000 0.000058782 0.000154416 -0.000123915 -0.000058783 1.000000000 -0.000923287
1.000000000 0.000098492 0.000196926 -0.001072101 -0.000098514 1.000000000 0.000112097 -0.000104322 -0.000196915 -0.000112116 1.000000000 -0.000495195
0.999999940 0.000015621 0.000305495 -0.000835954 -0.000015571 1.000000000 -0.000164089 0.001387190 -0.000305498 0.000164084 0.999999940 0.002206328
1.000000000 -0.000096373 0.000153270 0.001003460 0.000096475 0.999999762 -0.000668935 -0.001334016 -0.000153206 0.000668950 0.999999762 0.051391475
1.000000000 -0.000066932 -0.000061616 0.003039827 0.000066854 0.999999166 -0.001264228 -0.003379111 0.000061701 0.001264223 0.999999225 0.139253527
1.000000000 0.000317973 -0.000092920 0.002944564 -0.000318115 0.999998689 -0.001532411 -0.005500689 0.000092433 0.001532440 0.999998808 0.257053047
0.999999881 -0.000106308 -0.000341124 0.012498910 0.000105871 0.999999106 -0.001278925 -0.012895960 0.000341260 0.001278889 0.999999106 0.383236647
0.999999940 0.000191364 -0.000269344 0.014712526 -0.000191705 0.999999166 -0.001266903 -0.017590553 0.000269101 0.001266954 0.999999106 0.521031201
0.999999940 0.000215006 -0.000377043 0.018072989 -0.000215532 0.999998927 -0.001397162 -0.020541651 0.000376742 0.001397243 0.999998868 0.675805449
0.999999881 -0.000501366 -0.000101397 0.017072771 0.000501271 0.999999404 -0.000936319 -0.024817348 0.000101866 0.000936268 0.999999523 0.841230333
0.999999940 -0.000123247 -0.000306595 0.021776572 0.000122879 0.999999285 -0.001201217 -0.021790080 0.000306743 0.001201179 0.999999166 1.015506148
0.999999940 -0.000112532 -0.000241625 0.026512902 0.000112235 0.999999225 -0.001229279 -0.027374927 0.000241763 0.001229251 0.999999225 1.191800117
0.999999762 -0.000335580 -0.000582428 0.036500379 0.000335758 0.999999881 0.000304393 -0.048259802 0.000582326 -0.000304589 0.999999762 1.378477335
0.999999881 -0.000032539 -0.000499197 0.038547106 0.000032587 1.000000000 0.000097144 -0.050442319 0.000499194 -0.000097160 0.999999821 1.574107170
0.999999881 0.000636919 -0.000131290 0.035693232 -0.000636927 0.999999821 -0.000057860 -0.055403404 0.000131253 0.000057943 0.999999940 1.773676395
0.999999583 0.000908761 -0.000310280 0.039704695 -0.000908762 0.999999583 -0.000003662 -0.060965676 0.000310277 0.000003944 0.999999940 1.975847006
0.999999940 -0.000376975 -0.000139252 0.047327381 0.000377022 0.999999821 0.000336911 -0.068950363 0.000139125 -0.000336964 0.999999940 2.194175482
0.999999881 -0.000201521 -0.000412641 0.049523860 0.000201509 1.000000000 -0.000027806 -0.070110619 0.000412647 0.000027723 0.999999940 2.415845633
0.999999940 -0.000247795 -0.000284827 0.054852344 0.000247814 1.000000000 0.000064594 -0.077107690 0.000284811 -0.000064665 1.000000000 2.635899305
0.999999940 -0.000247961 -0.000221644 0.059128568 0.000248102 0.999999762 0.000632738 -0.088691503 0.000221487 -0.000632793 0.999999762 2.868655205
1.000000000 -0.000091288 -0.000136092 0.063771531 0.000091327 1.000000000 0.000288664 -0.092635185 0.000136065 -0.000288677 0.999999940 3.102328062
0.999999881 -0.000242288 -0.000259305 0.070071973 0.000242408 0.999999881 0.000464571 -0.098688133 0.000259192 -0.000464634 0.999999821 3.353550673
0.999999940 -0.000321858 -0.000028583 0.068605907 0.000321884 0.999999523 0.000891385 -0.111005597 0.000028296 -0.000891394 0.999999583 3.593462229
0.999999702 -0.000663831 -0.000351456 0.074333951 0.000664109 0.999999404 0.000792833 -0.116268612 0.000350929 -0.000793066 0.999999583 3.843187094
0.999999821 0.000629670 0.000125868 0.070821851 -0.000629683 0.999999762 0.000102471 -0.118682235 -0.000125803 -0.000102550 1.000000000 4.114861488
1.000000000 0.000453942 -0.000060889 0.079957820 -0.000453881 0.999999404 0.001007788 -0.132805690 0.000061346 -0.001007760 0.999999404 4.365962029
0.999999940 0.000051476 0.000102203 0.084326521 -0.000051556 0.999999702 0.000788411 -0.140199885 -0.000102162 -0.000788416 0.999999583 4.612101555
0.999999940 -0.000022845 0.000312449 0.085931979 0.000022696 0.999999881 0.000475814 -0.137955457 -0.000312460 -0.000475807 0.999999821 4.881310940
0.999999464 0.000960922 0.000442488 0.092567667 -0.000961410 0.999998868 0.001103471 -0.153849334 -0.000441427 -0.001103895 0.999999225 5.141135693
0.999999762 0.000657134 0.000485767 0.098344445 -0.000657643 0.999999225 0.001048435 -0.158639520 -0.000485077 -0.001048755 0.999999285 5.405330658
0.999999762 0.000403453 0.000409679 0.102481097 -0.000403741 0.999999583 0.000704115 -0.160606101 -0.000409395 -0.000704281 0.999999642 5.666377068
0.999999821 0.000400558 0.000208343 0.108522348 -0.000400794 0.999999225 0.001134708 -0.171236575 -0.000207889 -0.001134791 0.999999285 5.936736584
0.999999821 0.000497470 0.000243107 0.118485384 -0.000497872 0.999998510 0.001653717 -0.189330488 -0.000242284 -0.001653837 0.999998629 6.220698357
0.999999762 0.000627827 0.000305928 0.120354816 -0.000628280 0.999998748 0.001481966 -0.191897511 -0.000304997 -0.001482158 0.999998927 6.507164955
0.999999940 0.000556988 -0.000086442 0.136898726 -0.000556820 0.999997973 0.001928529 -0.212892413 0.000087516 -0.001928481 0.999998093 6.808106422
0.999999940 -0.000034449 0.000501861 0.141742766 0.000033177 0.999996841 0.002534695 -0.227088273 -0.000501947 -0.002534678 0.999996662 7.100228786
0.999999940 0.000272871 0.000144691 0.152759150 -0.000273156 0.999997973 0.001973291 -0.229355186 -0.000144152 -0.001973330 0.999998033 7.404024601
0.999999940 0.000217674 0.000289819 0.154990315 -0.000218307 0.999997616 0.002184655 -0.241178140 -0.000289343 -0.002184718 0.999997556 7.702494144
0.999999821 0.000362784 0.000517934 0.164443642 -0.000363761 0.999998093 0.001887212 -0.247299403 -0.000517249 -0.001887400 0.999998093 8.026478767
0.999998868 0.000110483 0.001501863 0.154040694 -0.000112922 0.999998629 0.001623963 -0.257749230 -0.001501682 -0.001624131 0.999997497 8.333101273
0.999998391 -0.000113820 0.001764830 0.162437290 0.000112595 0.999999702 0.000694044 -0.261237711 -0.001764909 -0.000693844 0.999998212 8.659820557
0.999997556 -0.000593370 0.002128553 0.164408848 0.000590389 0.999998808 0.001401009 -0.273644596 -0.002129382 -0.001399749 0.999996781 8.997880936
0.999997497 -0.000739803 0.002088718 0.169216827 0.000735874 0.999997973 0.001881198 -0.285786659 -0.002090105 -0.001879656 0.999996006 9.330236435
0.999998510 -0.000188806 0.001719779 0.179013699 0.000186945 0.999999404 0.001082118 -0.288707137 -0.001719982 -0.001081795 0.999997854 9.685039520
0.999998748 -0.000484958 0.001489855 0.189733386 0.000482771 0.999998808 0.001468322 -0.301093847 -0.001490565 -0.001467601 0.999997735 10.035817146
0.999998450 -0.000494983 0.001703018 0.195214674 0.000492766 0.999999046 0.001301664 -0.310832947 -0.001703660 -0.001300822 0.999997675 10.393454552
0.999998510 -0.000385537 0.001698194 0.201666728 0.000382958 0.999998748 0.001518880 -0.325201422 -0.001698777 -0.001518227 0.999997377 10.759746552
0.999998629 -0.000502309 0.001580150 0.209814221 0.000499805 0.999998629 0.001585174 -0.331795812 -0.001580944 -0.001584382 0.999997497 11.135000229
0.999997616 -0.000250758 0.002133501 0.212227926 0.000247213 0.999998569 0.001661621 -0.344547749 -0.002133914 -0.001661090 0.999996364 11.524541855
0.999997854 -0.000557512 0.001996274 0.223540038 0.000554408 0.999998629 0.001555064 -0.352948129 -0.001997138 -0.001553954 0.999996722 11.903223991
0.999997675 -0.000416032 0.002117207 0.232728764 0.000413088 0.999998868 0.001390978 -0.360927403 -0.002117783 -0.001390100 0.999996781 12.289067268
0.999997795 -0.000659641 0.001949470 0.241275266 0.000655818 0.999997795 0.001960840 -0.378240526 -0.001950761 -0.001959557 0.999996185 12.681469917
0.999998093 -0.000450621 0.001866150 0.251948029 0.000446950 0.999997973 0.001967164 -0.383416146 -0.001867032 -0.001966326 0.999996305 13.075275421
0.999998033 -0.000434166 0.001939230 0.259540796 0.000430940 0.999998450 0.001663320 -0.393091470 -0.001939949 -0.001662481 0.999996662 13.475045204
0.999996066 -0.000995932 0.002626586 0.265078515 0.000990995 0.999997854 0.001880313 -0.407094896 -0.002628454 -0.001877703 0.999994695 13.883493423
0.999996185 -0.000649131 0.002689758 0.273105860 0.000644533 0.999998271 0.001709787 -0.414398193 -0.002690864 -0.001708046 0.999994934 14.294815063
0.999996543 -0.000498531 0.002568654 0.285215855 0.000494262 0.999998510 0.001662299 -0.429888636 -0.002569479 -0.001661023 0.999995291 14.697966576
0.999996662 -0.000388442 0.002554346 0.298684120 0.000382317 0.999997079 0.002397845 -0.446247995 -0.002555270 -0.002396860 0.999993861 15.112021446
0.999995649 -0.000390643 0.002909373 0.302842587 0.000383557 0.999996960 0.002435705 -0.457565278 -0.002910315 -0.002434578 0.999992788 15.548495293
0.999994218 0.000209433 0.003381061 0.311875582 -0.000216253 0.999997854 0.002016818 -0.468615800 -0.003380632 -0.002017537 0.999992251 15.984889030
0.999994040 -0.000178980 0.003443406 0.321504951 0.000172118 0.999997914 0.001993118 -0.476641774 -0.003443756 -0.001992513 0.999992073 16.433637619
0.999992907 -0.000629593 0.003708537 0.331436396 0.000621561 0.999997437 0.002166668 -0.492936075 -0.003709893 -0.002164348 0.999990761 16.871236801
0.999991179 -0.000526963 0.004192964 0.338752687 0.000518023 0.999997616 0.002132915 -0.506756783 -0.004194078 -0.002130724 0.999988914 17.327651978
0.999989986 -0.001209013 0.004302058 0.350365579 0.001196274 0.999994874 0.002962516 -0.522512197 -0.004305618 -0.002957340 0.999986351 17.781936646
0.999988854 -0.001072032 0.004593636 0.361876816 0.001059315 0.999995589 0.002769770 -0.534633100 -0.004596584 -0.002764873 0.999985635 18.255699158
0.999989808 -0.001623056 0.004204591 0.378542006 0.001611256 0.999994695 0.002808214 -0.543551624 -0.004209127 -0.002801410 0.999987245 18.710195541
0.999990463 -0.001577145 0.004081286 0.392217606 0.001563280 0.999992907 0.003397990 -0.561767578 -0.004086617 -0.003391578 0.999985933 19.178030014
0.999987781 -0.000588619 0.004914053 0.395021826 0.000575102 0.999996066 0.002751525 -0.566292942 -0.004915654 -0.002748665 0.999984145 19.658256531
0.999990284 -0.001414540 0.004176801 0.417522937 0.001402400 0.999994814 0.002907977 -0.583345294 -0.004180892 -0.002902092 0.999987006 20.143041611
0.999988914 -0.001220745 0.004568431 0.428297400 0.001206828 0.999994695 0.003048021 -0.595833659 -0.004572127 -0.003042473 0.999984980 20.640794754
0.999988496 -0.001282915 0.004619170 0.427531272 0.001267969 0.999993980 0.003237206 -0.616368771 -0.004623295 -0.003231311 0.999984086 21.128128052
0.999994397 -0.000663938 0.003289715 0.446184874 0.000654104 0.999995410 0.002989608 -0.621028185 -0.003291685 -0.002987439 0.999990046 21.631902695
0.999996006 -0.000735133 0.002714982 0.458327681 0.000724750 0.999992430 0.003823118 -0.642575622 -0.002717773 -0.003821135 0.999989033 22.143156052
0.999997079 -0.000825275 0.002232754 0.472599894 0.000817794 0.999993980 0.003349536 -0.645940065 -0.002235505 -0.003347701 0.999991834 22.669132233
0.999998510 -0.001182197 0.001250564 0.490815610 0.001178257 0.999994338 0.003146993 -0.664663553 -0.001254278 -0.003145515 0.999994218 23.181144714
0.999998748 -0.001412621 0.000741758 0.498746365 0.001410002 0.999992788 0.003518719 -0.677009940 -0.000746723 -0.003517669 0.999993563 23.714912415
0.999997616 -0.002233457 0.000260977 0.505641401 0.002232603 0.999992311 0.003227237 -0.691160440 -0.000268183 -0.003226646 0.999994695 24.232387543
0.999998808 -0.001406310 -0.000670098 0.516592801 0.001408320 0.999994397 0.003008453 -0.699126482 0.000665863 -0.003009393 0.999995172 24.762458801
0.999997556 -0.001523533 -0.001604771 0.529847145 0.001528765 0.999993503 0.003263737 -0.711813152 0.001599788 -0.003266183 0.999993384 25.287830353
0.999996245 -0.001720585 -0.002107064 0.533750772 0.001727050 0.999993801 0.003070122 -0.723358691 0.002101768 -0.003073751 0.999993026 25.835037231
0.999995530 -0.001548249 -0.002543282 0.536632538 0.001557284 0.999992490 0.003554712 -0.745821953 0.002537759 -0.003558656 0.999990463 26.380006790
0.999990523 -0.002604322 -0.003470658 0.547397494 0.002621023 0.999984980 0.004816351 -0.762094021 0.003458062 -0.004825402 0.999982357 26.932937622
0.999987423 -0.003174351 -0.003881563 0.565580845 0.003188591 0.999988139 0.003668000 -0.761052191 0.003869874 -0.003680331 0.999985754 27.491731644
0.999985754 -0.002558239 -0.004687258 0.573348641 0.002576825 0.999988794 0.003963364 -0.786746860 0.004677066 -0.003975386 0.999981165 28.007776260
0.999982417 -0.002385931 -0.005432183 0.590304911 0.002413994 0.999983728 0.005165298 -0.807887197 0.005419771 -0.005178321 0.999971867 28.630071640
0.999983430 -0.002397181 -0.005221944 0.595566630 0.002423148 0.999984682 0.004972163 -0.821370304 0.005209944 -0.004984735 0.999974012 29.158266068
0.999977171 -0.001861562 -0.006483828 0.613052726 0.001894215 0.999985516 0.005033577 -0.835030913 0.006474363 -0.005045744 0.999966323 29.711494446
0.999974549 -0.001632911 -0.006942875 0.614448428 0.001662818 0.999989331 0.004303895 -0.844573259 0.006935774 -0.004315331 0.999966562 30.270816803
0.999972582 -0.001550384 -0.007229856 0.623013854 0.001587100 0.999985874 0.005075367 -0.868302703 0.007221885 -0.005086704 0.999960959 30.822536469
0.999964774 -0.002490234 -0.008013805 0.632092953 0.002529223 0.999984980 0.004858744 -0.879072905 0.008001586 -0.004878842 0.999956012 31.368894577
0.999964118 -0.002598823 -0.008061926 0.634312153 0.002637379 0.999985099 0.004775637 -0.894648552 0.008049395 -0.004796728 0.999956071 31.910997391
0.999965727 -0.002306579 -0.007952392 0.636696577 0.002344063 0.999986172 0.004707485 -0.904026926 0.007941425 -0.004725964 0.999957263 32.465328217
0.999961019 -0.002131923 -0.008579907 0.644733787 0.002171378 0.999987066 0.004591842 -0.914183855 0.008570006 -0.004610292 0.999952674 32.993938446
0.999957263 -0.002572408 -0.008896306 0.645691752 0.002615067 0.999985039 0.004786792 -0.934728384 0.008883861 -0.004809849 0.999948978 33.545959473
0.999943972 -0.003356159 -0.010041245 0.663555384 0.003402875 0.999983370 0.004638904 -0.945114613 0.010025510 -0.004672813 0.999938846 34.106109619
0.999947846 -0.002798618 -0.009835420 0.663843572 0.002849601 0.999982536 0.005173321 -0.965765178 0.009820769 -0.005201077 0.999938190 34.628032684
0.999947429 -0.003145327 -0.009759010 0.667957425 0.003195216 0.999981880 0.005100696 -0.980117917 0.009742788 -0.005131609 0.999939382 35.177646637
0.999945521 -0.003335981 -0.009888646 0.675083399 0.003390573 0.999979079 0.005509065 -0.990406632 0.009870062 -0.005542293 0.999935925 35.723190308
0.999940574 -0.003441706 -0.010336119 0.679448545 0.003496476 0.999979913 0.005285483 -1.004895806 0.010317720 -0.005321309 0.999932587 36.278961182
0.999945819 -0.003332001 -0.009861288 0.680319786 0.003383015 0.999981105 0.005161092 -1.015919924 0.009843905 -0.005194175 0.999938071 36.827568054
0.999941707 -0.003149262 -0.010326746 0.687479734 0.003200278 0.999982655 0.004927357 -1.024219394 0.010311048 -0.004960118 0.999934554 37.363296509
0.999936998 -0.003263733 -0.010732864 0.692698598 0.003317744 0.999981880 0.005018420 -1.039938927 0.010716290 -0.005053713 0.999929786 37.928585052
0.999940515 -0.003186695 -0.010428158 0.689177573 0.003238345 0.999982655 0.004939864 -1.050944448 0.010412230 -0.004973340 0.999933362 38.469974518
0.999933124 -0.003299184 -0.011085189 0.700621367 0.003353985 0.999982238 0.004928650 -1.065406680 0.011068732 -0.004965500 0.999926388 39.015121460
0.999928355 -0.003034491 -0.011573596 0.707231164 0.003083302 0.999986351 0.004201946 -1.072904587 0.011560685 -0.004237330 0.999924183 39.542980194
0.999925435 -0.003653852 -0.011650063 0.717147112 0.003713571 0.999980032 0.005108598 -1.093468428 0.011631166 -0.005151481 0.999918997 40.083953857
0.999924421 -0.003823693 -0.011682108 0.714202285 0.003881447 0.999980271 0.004925076 -1.106793523 0.011663047 -0.004970047 0.999919653 40.629287720
0.999918759 -0.003513688 -0.012248902 0.723644316 0.003571405 0.999982595 0.004693304 -1.110513449 0.012232198 -0.004736669 0.999913931 41.180446625
0.999913573 -0.003725710 -0.012606971 0.728943229 0.003787434 0.999980927 0.004875641 -1.124584317 0.012588565 -0.004922968 0.999908626 41.724288940
0.999891341 -0.004928738 -0.013885082 0.734486759 0.004987719 0.999978662 0.004216394 -1.134570599 0.013864003 -0.004285192 0.999894619 42.279434204
0.999887109 -0.004597679 -0.014303760 0.740679979 0.004663080 0.999978960 0.004542367 -1.147854447 0.014282572 -0.004608554 0.999887407 42.842449188
0.999886632 -0.004077939 -0.014493778 0.741093874 0.004136130 0.999983490 0.003987167 -1.146012545 0.014477278 -0.004046663 0.999886930 43.405761719
0.999872208 -0.005140512 -0.015137576 0.744962394 0.005200521 0.999978781 0.003927532 -1.168004036 0.015117060 -0.004005753 0.999877691 43.925144196
0.999849617 -0.006332407 -0.016142149 0.753685236 0.006399629 0.999971032 0.004116130 -1.178186893 0.016115621 -0.004218815 0.999861181 44.457973480
0.999853194 -0.005742255 -0.016143695 0.754563808 0.005803701 0.999976218 0.003761953 -1.191303134 0.016121706 -0.003855095 0.999862611 45.007614136
0.999862790 -0.005174546 -0.015732102 0.750646532 0.005236230 0.999978781 0.003882257 -1.204560876 0.015711678 -0.003964101 0.999868631 45.557258606
0.999855161 -0.005661781 -0.016045585 0.760609090 0.005722293 0.999976695 0.003727909 -1.212527752 0.016024103 -0.003819188 0.999864280 46.111862183
0.999862969 -0.005711869 -0.015535140 0.749874592 0.005763169 0.999978065 0.003259521 -1.220485568 0.015516181 -0.003348606 0.999873996 46.646732330
0.999864399 -0.004983753 -0.015696730 0.758839250 0.005045633 0.999979675 0.003905089 -1.237543225 0.015676951 -0.003983759 0.999869108 47.194423676
0.999859631 -0.005421371 -0.015854174 0.760896146 0.005480669 0.999978065 0.003699198 -1.253511906 0.015833773 -0.003785570 0.999867499 47.741970062
0.999879956 -0.004217350 -0.014906604 0.752562165 0.004275080 0.999983430 0.003843045 -1.267566323 0.014890151 -0.003906311 0.999881506 48.281898499
0.999879658 -0.004223404 -0.014928742 0.765563190 0.004272339 0.999985695 0.003247549 -1.275704622 0.014914813 -0.003310939 0.999883294 48.831966400
0.999876738 -0.004474756 -0.015044305 0.767027736 0.004520043 0.999985337 0.002977611 -1.288020730 0.015030761 -0.003045246 0.999882400 49.388114929
0.999883533 -0.004316312 -0.014637727 0.777177513 0.004364235 0.999985218 0.003243560 -1.302357078 0.014623511 -0.003307065 0.999887586 49.925891876
0.999883175 -0.004748883 -0.014527181 0.780152798 0.004800841 0.999982178 0.003543882 -1.313705206 0.014510093 -0.003613211 0.999888182 50.467609406
0.999899805 -0.003855690 -0.013620898 0.771308839 0.003901732 0.999986768 0.003355280 -1.328703284 0.013607781 -0.003408089 0.999901593 51.008644104
0.999907136 -0.003360767 -0.013207335 0.772812545 0.003405775 0.999988377 0.003386755 -1.340888977 0.013195800 -0.003431421 0.999906957 51.553157806
0.999900997 -0.004038094 -0.013489978 0.778514087 0.004088825 0.999984682 0.003735119 -1.356130004 0.013474688 -0.003789907 0.999901950 52.091701508
0.999904454 -0.004179819 -0.013177964 0.784671247 0.004221394 0.999986291 0.003128685 -1.369678140 0.013164705 -0.003184015 0.999908268 52.629112244
0.999907613 -0.003400662 -0.013159971 0.793012202 0.003444474 0.999988556 0.003307946 -1.383966088 0.013148571 -0.003352971 0.999907911 53.151000977
0.999919891 -0.002827815 -0.012336177 0.784624517 0.002870322 0.999989986 0.003429262 -1.398519039 0.012326357 -0.003464397 0.999917984 53.694595337
0.999922931 -0.001973622 -0.012258068 0.787460387 0.002014275 0.999992490 0.003304937 -1.419205666 0.012251453 -0.003329374 0.999919415 54.228851318
0.999923766 -0.003030833 -0.011969847 0.789174616 0.003065669 0.999991119 0.002893057 -1.430274725 0.011960972 -0.002929531 0.999924183 54.765995026
0.999923050 -0.003482461 -0.011906818 0.800067961 0.003524915 0.999987483 0.003546370 -1.452395916 0.011894321 -0.003588068 0.999922812 55.324554443
0.999924779 -0.003446231 -0.011773112 0.798709750 0.003479606 0.999989927 0.002815528 -1.453557491 0.011763290 -0.002856281 0.999926746 55.868083954
0.999921501 -0.003600075 -0.011994774 0.802821100 0.003635101 0.999989212 0.002899528 -1.467885494 0.011984206 -0.002942904 0.999923825 56.419731140
0.999928713 -0.002563729 -0.011663171 0.805984020 0.002596030 0.999992847 0.002755238 -1.483884692 0.011656025 -0.002785319 0.999928117 56.975486755
0.999931633 -0.002832444 -0.011342098 0.808925927 0.002866436 0.999991417 0.002981809 -1.501573324 0.011333557 -0.003014117 0.999931157 57.522457123
0.999932230 -0.002614273 -0.011346784 0.815983415 0.002644094 0.999993086 0.002613928 -1.513777852 0.011339874 -0.002643753 0.999932230 58.073623657
0.999932468 -0.003198369 -0.011172831 0.815150380 0.003223947 0.999992251 0.002272056 -1.524070263 0.011165477 -0.002307923 0.999934971 58.623222351
0.999941289 -0.002771540 -0.010474203 0.813905299 0.002793476 0.999993920 0.002080207 -1.531131864 0.010468374 -0.002109344 0.999942958 59.180511475
0.999941707 -0.001507535 -0.010689910 0.819793105 0.001526289 0.999997318 0.001746426 -1.549407125 0.010687249 -0.001762640 0.999941289 59.732295990
0.999948084 -0.002234520 -0.009939263 0.826129377 0.002262304 0.999993563 0.002784947 -1.570513129 0.009932979 -0.002807288 0.999946654 60.264156342
0.999946117 -0.002324252 -0.010111182 0.834728062 0.002348361 0.999994397 0.002373126 -1.574522018 0.010105609 -0.002396743 0.999946058 60.826362610
0.999948978 -0.001605987 -0.009987682 0.842954755 0.001628490 0.999996126 0.002245372 -1.589221478 0.009984039 -0.002261522 0.999947608 61.375099182
0.999946415 -0.001962045 -0.010159918 0.851401031 0.001985867 0.999995232 0.002335089 -1.600209117 0.010155289 -0.002355141 0.999945641 61.931297302
0.999945462 -0.002372274 -0.010169717 0.858846724 0.002394601 0.999994755 0.002183795 -1.612784028 0.010164483 -0.002208028 0.999945879 62.493091583
0.999949872 -0.001552995 -0.009893177 0.861422956 0.001583586 0.999993980 0.003085063 -1.643933177 0.009888327 -0.003100575 0.999946296 63.021564484
0.999955356 -0.001419714 -0.009337608 0.858451605 0.001438878 0.999996901 0.002045973 -1.644628644 0.009334673 -0.002059317 0.999954283 63.569431305
0.999949098 -0.001276697 -0.010007893 0.863622546 0.001298721 0.999996722 0.002194488 -1.659901142 0.010005058 -0.002207374 0.999947488 64.123435974
0.999949098 -0.001531602 -0.009965550 0.871213555 0.001557570 0.999995410 0.002598630 -1.677793622 0.009961523 -0.002614020 0.999946952 64.657775879
0.999950588 -0.001475820 -0.009829624 0.877755463 0.001497319 0.999996483 0.002180071 -1.686248183 0.009826371 -0.002194682 0.999949336 65.197593689
0.999948025 -0.001921498 -0.010013087 0.884638906 0.001951064 0.999993742 0.002943861 -1.711828947 0.010007368 -0.002963244 0.999945521 65.749053955
0.999948025 -0.002434141 -0.009901479 0.881092072 0.002451791 0.999995530 0.001770837 -1.712413907 0.009897123 -0.001795021 0.999949396 66.294876099
0.999950171 -0.001772210 -0.009826420 0.882094204 0.001796794 0.999995291 0.002493517 -1.732719421 0.009821956 -0.002511049 0.999948561 66.838821411
0.999952376 -0.001251948 -0.009676410 0.891958535 0.001277637 0.999995649 0.002649014 -1.754116058 0.009673052 -0.002661251 0.999949634 67.382400513
0.999955475 -0.002027808 -0.009210153 0.893592417 0.002058864 0.999992251 0.003363753 -1.770147324 0.009203259 -0.003382566 0.999951899 67.927909851
0.999955237 -0.001895726 -0.009273025 0.895963550 0.001924763 0.999993384 0.003123510 -1.790524006 0.009267041 -0.003141219 0.999952137 68.489166260
0.999955833 -0.001362112 -0.009298551 0.895773530 0.001390019 0.999994576 0.002995396 -1.804370642 0.009294420 -0.003008190 0.999952197 69.041641235
0.999952734 -0.001233786 -0.009644322 0.904602706 0.001260034 0.999995530 0.002716039 -1.814390063 0.009640927 -0.002728063 0.999949813 69.570259094
0.999959230 -0.000616669 -0.009003247 0.904584050 0.000642437 0.999995649 0.002859542 -1.832286239 0.009001445 -0.002865210 0.999955297 70.117652893
0.999951601 -0.001890359 -0.009648804 0.916278601 0.001911676 0.999995768 0.002200638 -1.839895487 0.009644601 -0.002218977 0.999951005 70.664665222
0.999947548 -0.001552695 -0.010123033 0.930408776 0.001577292 0.999995768 0.002422159 -1.852860928 0.010119229 -0.002437998 0.999945819 71.212532043
0.999944508 -0.002237998 -0.010295670 0.942468822 0.002261940 0.999994755 0.002314364 -1.865585208 0.010290436 -0.002337524 0.999944270 71.759963989
0.999954164 -0.001244243 -0.009496073 0.940273941 0.001261985 0.999997497 0.001862567 -1.872833490 0.009493732 -0.001874465 0.999953091 72.311721802
0.999947429 -0.001067676 -0.010197933 0.954526722 0.001093343 0.999996245 0.002511668 -1.900133729 0.010195212 -0.002522685 0.999944866 72.851966858
0.999949515 -0.001507410 -0.009935335 0.953157485 0.001531652 0.999995828 0.002432820 -1.909239292 0.009931627 -0.002447914 0.999947667 73.393867493
0.999951541 -0.001268342 -0.009764969 0.950323999 0.001291327 0.999996364 0.002347904 -1.916305661 0.009761957 -0.002360400 0.999949574 73.954071045
0.999949455 -0.001717099 -0.009907228 0.966087461 0.001739978 0.999995947 0.002301252 -1.936610460 0.009903234 -0.002318375 0.999948204 74.489768982
0.999952257 -0.001425374 -0.009665131 0.970531702 0.001447273 0.999996424 0.002259223 -1.947273731 0.009661877 -0.002273104 0.999950707 75.016380310
0.999942660 -0.001701877 -0.010567819 0.982238770 0.001723142 0.999996483 0.002003442 -1.964534402 0.010564372 -0.002021537 0.999942064 75.554939270
0.999943197 -0.002397149 -0.010384885 0.991012216 0.002412307 0.999996066 0.001447346 -1.975166082 0.010381374 -0.001472315 0.999945045 76.097526550
0.999939680 -0.002059170 -0.010799675 0.998466372 0.002077199 0.999996483 0.001658365 -1.989010811 0.010796225 -0.001680698 0.999940276 76.646987915
0.999945402 -0.002352315 -0.010174596 0.991246045 0.002361601 0.999996901 0.000900754 -1.996166587 0.010172443 -0.000924733 0.999947846 77.209777832
0.999943376 -0.002622926 -0.010314117 1.005050659 0.002632908 0.999996066 0.000954355 -2.008420706 0.010311574 -0.000981457 0.999946356 77.732879639
0.999937892 -0.002398777 -0.010878663 1.010286570 0.002408302 0.999996841 0.000862565 -2.025903702 0.010876557 -0.000888710 0.999940455 78.276229858
0.999929786 -0.003552236 -0.011297945 1.025174856 0.003556086 0.999993622 0.000320677 -2.047025442 0.011296732 -0.000360831 0.999936104 78.823600769
0.999927700 -0.002490188 -0.011764085 1.046656728 0.002494693 0.999996781 0.000368240 -2.051609993 0.011763130 -0.000397562 0.999930739 79.380569458
0.999939680 -0.001924242 -0.010811765 1.036065936 0.001931605 0.999997914 0.000670619 -2.072081804 0.010810452 -0.000691462 0.999941349 79.938568115
0.999940157 -0.002608966 -0.010618558 1.043421268 0.002618345 0.999996305 0.000869535 -2.090641022 0.010616248 -0.000897287 0.999943256 80.481292725
0.999946356 -0.001829567 -0.010193900 1.056026936 0.001829026 0.999998271 -0.000062379 -2.078947067 0.010193997 0.000043730 0.999948025 81.055290222
0.999972939 -0.000830598 -0.007312356 1.038515568 0.000834096 0.999999523 0.000475432 -2.119933844 0.007311958 -0.000481519 0.999973178 81.595687866
0.999976218 -0.000760313 -0.006847039 1.066207767 0.000763091 0.999999642 0.000403099 -2.131203651 0.006846730 -0.000408314 0.999976397 82.141876221
0.999981999 -0.001471575 -0.005814946 1.081197023 0.001472969 0.999998868 0.000235524 -2.131142139 0.005814594 -0.000244085 0.999983013 82.718055725
0.999997735 -0.000558510 -0.002055487 1.090309620 0.000559542 0.999999642 0.000501683 -2.160480976 0.002055206 -0.000502832 0.999997735 83.271247864
0.999998093 -0.001033985 0.001650461 1.106976390 0.001032648 0.999999166 0.000810989 -2.171864510 -0.001651298 -0.000809283 0.999998331 83.806365967
0.999987900 -0.000083323 0.004923593 1.120298982 0.000081751 0.999999881 0.000319629 -2.190134287 -0.004923619 -0.000319223 0.999987781 84.395591736
0.999956965 -0.000471736 0.009266623 1.149422288 0.000474341 0.999999821 -0.000278872 -2.196246386 -0.009266490 0.000283255 0.999957025 84.872123718
0.999878764 -0.000227569 0.015570209 1.164217591 0.000226797 1.000000000 0.000051344 -2.218222618 -0.015570221 -0.000047806 0.999878764 85.405403137
0.999781847 -0.001041799 0.020859456 1.192210793 0.001036483 0.999999404 0.000265666 -2.232833624 -0.020859718 -0.000243988 0.999782503 85.957748413
0.999653220 -0.001694730 0.026279183 1.220780849 0.001706643 0.999998450 -0.000430876 -2.236904860 -0.026278412 0.000475576 0.999654531 86.514152527
0.999404311 -0.000952015 0.034498625 1.261157751 0.000963249 0.999999464 -0.000309015 -2.251019955 -0.034498323 0.000342062 0.999404609 87.052864075
0.999072254 -0.001354260 0.043043010 1.293220282 0.001371644 0.999998987 -0.000374346 -2.271648169 -0.043042455 0.000433039 0.999073148 87.608886719
0.998791397 -0.002645444 0.049077526 1.349880695 0.002688070 0.999996006 -0.000802574 -2.272674322 -0.049075201 0.000933529 0.998794615 88.172042847
0.998287678 -0.002199632 0.058453623 1.392376900 0.002238266 0.999997318 -0.000595471 -2.284133911 -0.058452148 0.000725286 0.998289943 88.733978271
0.997641206 -0.002258170 0.068606667 1.458127022 0.002321176 0.999996960 -0.000838662 -2.299331188 -0.068604551 0.000995932 0.997643530 89.270538330
0.997040689 -0.002691908 0.076828621 1.520334244 0.002745152 0.999996006 -0.000587416 -2.316565037 -0.076826744 0.000796584 0.997044086 89.821174622
0.996421576 -0.002900546 0.084472917 1.585958481 0.003001218 0.999994934 -0.001064804 -2.328012466 -0.084469393 0.001314515 0.996425152 90.376129150
0.995456934 -0.003295459 0.095155768 1.660126686 0.003386018 0.999993980 -0.000790243 -2.344416618 -0.095152587 0.001108852 0.995462060 90.909584045
0.994398177 -0.003563083 0.105638713 1.736652374 0.003697169 0.999992609 -0.001073480 -2.354961395 -0.105634116 0.001458031 0.994404018 91.461898804
0.993404865 -0.004387622 0.114575513 1.822783470 0.004525390 0.999989271 -0.000942335 -2.371412992 -0.114570141 0.001454619 0.993414044 92.002662659
0.992080510 -0.004021829 0.125538781 1.917084694 0.004150303 0.999991119 -0.000761851 -2.385638714 -0.125534624 0.001276842 0.992088377 92.529655457
0.990494728 -0.004225572 0.137485370 2.015481949 0.004429197 0.999989510 -0.001175181 -2.400446892 -0.137478948 0.001772961 0.990503073 93.069908142
0.988883972 -0.005094560 0.148601800 2.112314224 0.005293272 0.999985576 -0.000941749 -2.415771961 -0.148594871 0.001717870 0.988896608 93.612487793
0.987317264 -0.005481146 0.158664867 2.219914436 0.005696298 0.999983370 -0.000901262 -2.428777456 -0.158657268 0.001793633 0.987332046 94.146743774
0.985186398 -0.005405204 0.171401560 2.336567879 0.005604423 0.999984086 -0.000678429 -2.442745686 -0.171395153 0.001628986 0.985201001 94.681777954
0.982966244 -0.005943550 0.183689907 2.459815025 0.006144757 0.999980927 -0.000526165 -2.457646847 -0.183683291 0.001645932 0.982984126 95.207946777
0.980988443 -0.005993614 0.193973362 2.587451935 0.006237223 0.999980330 -0.000645184 -2.469665051 -0.193965673 0.001842773 0.981006563 95.734718323
0.978319645 -0.006079208 0.207011431 2.726482391 0.006285216 0.999980211 -0.000337482 -2.491365433 -0.207005307 0.001631276 0.978338480 96.275047302
0.975338697 -0.006044549 0.220630676 2.872434616 0.006229720 0.999980509 -0.000143476 -2.500434160 -0.220625579 0.001514405 0.975357354 96.817276001
0.972825110 -0.006605135 0.231446579 3.017034531 0.006774264 0.999977052 0.000063980 -2.520898104 -0.231441692 0.001505640 0.972847521 97.337982178
0.969910085 -0.007027643 0.243362084 3.173503876 0.007332742 0.999972999 -0.000347820 -2.525382757 -0.243353054 0.002121865 0.969935477 97.853065491
0.966233850 -0.006547604 0.257583678 3.332359314 0.006727856 0.999977350 0.000181587 -2.545874119 -0.257578969 0.001557530 0.966255963 98.391143799
0.962848842 -0.006938628 0.269951522 3.509817123 0.007239290 0.999973774 -0.000118155 -2.558281183 -0.269943595 0.002068023 0.962873876 98.919006348
0.959603965 -0.006942367 0.281268418 3.678096771 0.007148827 0.999974430 0.000292053 -2.574494362 -0.281263173 0.001730484 0.959629118 99.440383911
0.955612063 -0.007966477 0.294520050 3.870611191 0.008306940 0.999965429 0.000095042 -2.581778049 -0.294510722 0.002355737 0.955645263 99.960021973
0.951424837 -0.008529637 0.307762891 4.065786362 0.008963387 0.999959826 0.000004241 -2.594263554 -0.307750523 0.002754563 0.951463044 100.463226318
0.947708249 -0.008489157 0.319025159 4.255609512 0.008909708 0.999960303 0.000141107 -2.606462479 -0.319013625 0.002708694 0.947746217 100.954505920
0.943247139 -0.008237569 0.331989437 4.457759857 0.008884471 0.999960482 -0.000430762 -2.617300272 -0.331972748 0.003355865 0.943283081 101.476654053
0.938002825 -0.008914933 0.346512854 4.658630371 0.009388073 0.999955893 0.000313117 -2.637180090 -0.346500397 0.002959383 0.938045084 101.978889465
0.933463812 -0.008928004 0.358560383 4.880851746 0.009216070 0.999957144 0.000905711 -2.654211998 -0.358553082 0.002459069 0.933506072 102.492454529
0.928754807 -0.009867855 0.370563000 5.097152710 0.010508597 0.999944687 0.000289827 -2.664844513 -0.370545417 0.003624919 0.928807199 103.007110596
0.923287153 -0.010066008 0.383978426 5.333076477 0.010400137 0.999945164 0.001206169 -2.683629274 -0.383969575 0.002879788 0.923341215 103.481613159
0.917468429 -0.010245389 0.397676587 5.559810638 0.010439708 0.999944091 0.001676525 -2.697541714 -0.397671551 0.002613469 0.917524099 103.958045959
0.912968576 -0.011320491 0.407872915 5.814853668 0.011608503 0.999931037 0.001768966 -2.717825413 -0.407864749 0.003119783 0.913037002 104.441741943
0.906772435 -0.011365780 0.421467304 6.069671631 0.011618843 0.999930561 0.001967756 -2.728569508 -0.421460450 0.003112656 0.906841457 104.932647705
0.900064588 -0.011828651 0.435595900 6.326541901 0.011813412 0.999926448 0.002743244 -2.760994196 -0.435596287 0.002676777 0.900138080 105.420753479
0.894327641 -0.012038192 0.447250545 6.592754364 0.012240489 0.999922097 0.002437660 -2.770078897 -0.447245032 0.003294499 0.894405365 105.889686584
0.888994217 -0.012330565 0.457752228 6.861480713 0.012226427 0.999920189 0.003190278 -2.787923098 -0.457755029 0.002760536 0.889073968 106.360130310
0.882080853 -0.013040254 0.470917344 7.141429901 0.012988440 0.999909937 0.003359878 -2.801450968 -0.470918864 0.003152797 0.882170916 106.834579468
