1.000000000 0.000000000 0.000000000 0.000000000 0.000000000 1.000000000 0.000000000 0.000000000 0.000000000 0.000000000 1.000000000 0.000000000
1.000000000 0.000067728 0.000091535 -0.000808917 -0.000067739 1.000000000 0.000122620 -0.000412707 -0.000091527 -0.000122626 1.000000000 0.000292430
1.000000000 0.000027831 0.000123327 -0.001474071 -0.000027832 1.000000000 0.000003528 0.000366299 -0.000123327 -0.000003531 1.000000000 -0.000098421
1.000000000 0.000059142 0.000049669 -0.000742506 -0.000059144 1.000000000 0.000041313 -0.000656206 -0.000049667 -0.000041316 1.000000000 -0.000702796
1.000000000 0.000070604 0.000184211 -0.001975520 -0.000070618 1.000000000 0.000076937 -0.000553091 -0.000184206 -0.000076950 1.000000000 -0.000824900
1.000000000 -0.000123080 0.000007459 -0.000297703 0.000123080 1.000000000 -0.000005188 -0.000040155 -0.000007459 0.000005189 1.000000000 -0.000648414
1.000000000 0.000024182 0.000111362 -0.001897906 -0.000024188 1.000000000 0.000053506 -0.000780411 -0.000111360 -0.000053508 1.000000000 -0.001120345
1.000000000 0.000101970 0.000069357 -0.001401740 -0.000101966 1.000000000 -0.000045350 -0.000065089 -0.000069361 0.000045343 1.000000000 -0.000768521
1.000000000 0.000079741 0.000163533 -0.001285143 -0.000079744 1.000000000 0.000020077 -0.000938259 -0.000163531 -0.000020090 1.000000000 -0.000537438
1.000000000 0.000132767 0.000167126 -0.001791479 -0.000132787 1.000000000 0.000118137 -0.000777292 -0.000167110 -0.000118159 1.000000000 0.000517388
1.000000000 0.000065083 0.000168123 -0.001374294 -0.000065098 1.000000000 0.000086250 -0.000550026 -0.000168117 -0.000086261 1.000000000 0.000280908
1.000000000 0.000109817 0.000141455 -0.001308615 -0.000109825 1.000000000 0.000053349 -0.001087821 -0.000141449 -0.000053365 1.000000000 -0.000695927
1.000000000 0.000017892 0.000113919 -0.000760061 -0.000017894 1.000000000 0.000015821 -0.000037542 -0.000113918 -0.000015823 1.000000000 0.000197882
1.000000000 0.000156564 0.000127847 -0.001592731 -0.000156552 1.000000000 -0.000092134 0.000757602 -0.000127862 0.000092114 1.000000000 0.000480678
1.000000000 0.000122445 0.000138574 -0.001600906 -0.000122451 1.000000000 0.000046338 -0.000087248 -0.000138568 -0.000046355 1.000000000 -0.000046225
0.999999940 0.000250193 0.000190876 -0.002252831 -0.000250184 0.999999940 -0.000043709 0.001079096 -0.000190887 0.000043662 1.000000000 0.001098833
0.999999940 0.000359645 0.000216658 -0.002649025 -0.000359637 0.999999940 -0.000036410 0.000852617 -0.000216671 0.000036332 1.000000000 0.001889877
0.999999940 0.000210297 0.000241921 -0.002133320 -0.000210300 1.000000000 0.000013800 0.001237196 -0.000241918 -0.000013851 1.000000000 0.002008224
0.999999940 0.000200872 0.000269431 -0.002442851 -0.000200854 1.000000000 -0.000066347 0.000519828 -0.000269444 0.000066292 0.999999940 0.000711009
0.999999940 0.000178363 0.000215096 -0.002238053 -0.000178363 1.000000000 0.000000853 0.000282975 -0.000215096 -0.000000892 1.000000000 0.001463280
0.999999940 0.000293111 0.000203443 -0.002015230 -0.000293097 0.999999940 -0.000069050 0.001403602 -0.000203463 0.000068991 1.000000000 0.001353435
0.999999940 0.000235905 0.000189406 -0.002004948 -0.000235901 1.000000000 -0.000018554 0.000380257 -0.000189410 0.000018510 1.000000000 0.001685474
0.999999940 0.000187943 0.000212092 -0.002539928 -0.000187945 1.000000000 0.000010542 0.000497589 -0.000212090 -0.000010582 1.000000000 0.000842038
0.999999940 0.000348498 0.000185224 -0.002291743 -0.000348500 0.999999940 0.000008234 0.000931102 -0.000185221 -0.000008298 1.000000000 0.002475401
0.999999940 0.000288667 0.000251985 -0.001931354 -0.000288675 0.999999940 0.000032458 0.000689837 -0.000251975 -0.000032531 0.999999940 0.001247372
0.999999940 0.000252692 0.000236921 -0.001469898 -0.000252684 0.999999940 -0.000037830 0.001885951 -0.000236931 0.000037770 1.000000000 0.002559059
0.999999940 0.000318163 0.000239383 -0.002222233 -0.000318174 0.999999940 0.000042855 0.001071533 -0.000239369 -0.000042931 1.000000000 0.001964035
0.999999940 0.000340184 0.000142766 -0.002302971 -0.000340170 0.999999940 -0.000099501 0.001817302 -0.000142800 0.000099452 1.000000000 0.001004714
0.999999940 0.000295976 0.000138244 -0.001770695 -0.000295962 0.999999940 -0.000100578 0.001529618 -0.000138273 0.000100537 1.000000000 0.000400805
0.999999940 0.000329269 0.000250646 -0.002147581 -0.000329264 0.999999940 -0.000017475 -0.000026958 -0.000250652 0.000017393 0.999999940 0.000934760
0.999999940 0.000259759 0.000285505 -0.002973638 -0.000259761 0.999999940 0.000004752 0.000593217 -0.000285504 -0.000004826 0.999999940 0.001776354
0.999999940 0.000337419 0.000198662 -0.002231185 -0.000337405 0.999999940 -0.000071729 0.001346622 -0.000198687 0.000071662 1.000000000 0.002425726
0.999999881 0.000389764 0.000239380 -0.002043754 -0.000389761 0.999999940 -0.000013053 0.000289037 -0.000239385 0.000012960 1.000000000 -0.000039712
0.999999881 0.000436740 0.000326634 -0.003321381 -0.000436735 0.999999881 -0.000017549 0.000984639 -0.000326642 0.000017406 0.999999940 0.002330789
0.999999881 0.000389632 0.000257708 -0.001726113 -0.000389612 0.999999940 -0.000077743 0.000661539 -0.000257738 0.000077642 0.999999940 0.001015305
0.999999881 0.000359242 0.000243680 -0.003234981 -0.000359238 0.999999940 -0.000016463 0.001192829 -0.000243686 0.000016376 0.999999940 0.000751123
0.999999940 0.000314262 0.000164426 -0.002050200 -0.000314251 0.999999940 -0.000070920 0.001744710 -0.000164448 0.000070869 1.000000000 0.001161497
0.999999881 0.000358327 0.000276564 -0.002952431 -0.000358321 0.999999940 -0.000021743 0.000485547 -0.000276572 0.000021644 0.999999940 0.001298570
0.999999940 0.000343338 0.000186305 -0.001007668 -0.000343342 0.999999940 0.000021293 0.000630113 -0.000186297 -0.000021357 1.000000000 0.000309196
0.999999940 0.000217819 0.000183810 -0.001713617 -0.000217807 1.000000000 -0.000069454 0.000341361 -0.000183825 0.000069414 1.000000000 -0.000049958
0.999999642 0.000574448 0.000618311 -0.006922240 -0.000574601 0.999999821 0.000247353 -0.009852853 -0.000618168 -0.000247708 0.999999762 0.051093437
0.999999642 0.000595126 0.000649042 -0.005993933 -0.000594899 0.999999762 -0.000349620 -0.011027043 -0.000649250 0.000349234 0.999999702 0.141945839
0.999998450 0.001392605 0.001004379 -0.010397878 -0.001392042 0.999998808 -0.000561507 -0.017901672 -0.001005160 0.000560108 0.999999344 0.246029645
0.999998212 0.001527681 0.001100337 -0.008001532 -0.001527133 0.999998748 -0.000498527 -0.020624561 -0.001101097 0.000496845 0.999999285 0.378048301
0.999999523 0.000855366 0.000381849 0.004047031 -0.000855255 0.999999523 -0.000290059 -0.027749546 -0.000382097 0.000289732 0.999999881 0.522369742
0.999999523 0.000790824 0.000522533 0.006391606 -0.000790711 0.999999642 -0.000216662 -0.032954466 -0.000522705 0.000216249 0.999999821 0.674145401
0.999999285 0.001091211 0.000543358 0.008848294 -0.001091032 0.999999285 -0.000331370 -0.030457433 -0.000543720 0.000330777 0.999999762 0.844161928
0.999999106 0.001154733 0.000719270 0.008602845 -0.001154528 0.999999285 -0.000285912 -0.034387466 -0.000719600 0.000285081 0.999999762 1.015270114
0.999999046 0.001333915 0.000468175 0.013283923 -0.001333796 0.999999106 -0.000255378 -0.038202330 -0.000468516 0.000254754 0.999999881 1.184548855
0.999999106 0.001171561 0.000648647 0.014094432 -0.001171699 0.999999285 0.000212092 -0.046683956 -0.000648398 -0.000212852 0.999999762 1.371020555
0.999998391 0.001687251 0.000543945 0.017280348 -0.001687301 0.999998510 0.000092516 -0.049702384 -0.000543788 -0.000093434 0.999999881 1.561650753
0.999999404 0.000851110 0.000645807 0.021262219 -0.000851300 0.999999702 0.000293278 -0.056380529 -0.000645557 -0.000293827 0.999999762 1.763208866
0.999997735 0.002022568 0.000677957 0.024896929 -0.002023041 0.999997735 0.000697489 -0.062923282 -0.000676545 -0.000698859 0.999999523 1.956513762
0.999999762 0.000110658 0.000650749 0.032849219 -0.000111443 0.999999285 0.001206573 -0.077919528 -0.000650615 -0.001206645 0.999999046 2.156369686
0.999999762 0.000486043 0.000535259 0.037495844 -0.000486702 0.999999106 0.001232918 -0.080124661 -0.000534659 -0.001233179 0.999999106 2.395676613
0.999999464 0.000840698 0.000622693 0.041381635 -0.000841323 0.999999106 0.001004494 -0.084741466 -0.000621848 -0.001005017 0.999999344 2.620318174
0.999998331 0.001351582 0.001221717 0.043661986 -0.001353167 0.999998271 0.001297898 -0.096607007 -0.001219961 -0.001299550 0.999998391 2.831175327
0.999998331 0.001324720 0.001250325 0.049389087 -0.001326450 0.999998212 0.001384702 -0.099787034 -0.001248489 -0.001386358 0.999998271 3.075243235
0.999997616 0.001788985 0.001268801 0.050496336 -0.001790547 0.999997616 0.001231299 -0.103487082 -0.001266595 -0.001233568 0.999998391 3.307795525
0.999997437 0.001751806 0.001416159 0.054842126 -0.001753894 0.999997377 0.001474679 -0.112019517 -0.001413572 -0.001477160 0.999997854 3.568931341
0.999997199 0.001943796 0.001349025 0.064371675 -0.001945852 0.999996960 0.001524591 -0.118199565 -0.001346057 -0.001527212 0.999997914 3.811862946
0.999997139 0.001957448 0.001388814 0.069069535 -0.001959048 0.999997377 0.001151365 -0.120928884 -0.001386557 -0.001154082 0.999998391 4.089101791
0.999996066 0.002366184 0.001510360 0.075262628 -0.002367650 0.999996781 0.000969411 -0.124791861 -0.001508061 -0.000972984 0.999998450 4.345155239
0.999997377 0.001859188 0.001344608 0.080566600 -0.001860920 0.999997437 0.001288201 -0.138392851 -0.001342210 -0.001290700 0.999998271 4.590305805
0.999995947 0.002384307 0.001575152 0.084614441 -0.002386214 0.999996483 0.001209951 -0.144670337 -0.001572262 -0.001213705 0.999997973 4.849651814
0.999997079 0.002026100 0.001329437 0.093594983 -0.002027834 0.999997079 0.001304773 -0.143073976 -0.001326789 -0.001307465 0.999998271 5.114598274
0.999996901 0.002029042 0.001459573 0.094537407 -0.002031161 0.999996841 0.001451665 -0.156903788 -0.001456623 -0.001454625 0.999997795 5.375436306
0.999996543 0.002238035 0.001350427 0.100596301 -0.002239653 0.999996781 0.001197853 -0.157149523 -0.001347742 -0.001200874 0.999998391 5.640563488
0.999996781 0.002025480 0.001530200 0.100199297 -0.002027329 0.999997139 0.001207952 -0.166446313 -0.001527749 -0.001211050 0.999998093 5.900066376
0.999997139 0.001908974 0.001451436 0.113418229 -0.001910922 0.999997258 0.001342309 -0.177558914 -0.001448870 -0.001345078 0.999998033 6.187233925
0.999996483 0.002116482 0.001614287 0.119512349 -0.002118588 0.999996901 0.001304204 -0.182871103 -0.001611521 -0.001307619 0.999997854 6.476614952
0.999996722 0.001939380 0.001681893 0.116659217 -0.001942263 0.999996603 0.001713849 -0.196322158 -0.001678564 -0.001717110 0.999997139 6.766870499
0.999997675 0.001519598 0.001498504 0.125764832 -0.001521678 0.999997973 0.001387887 -0.202614069 -0.001496392 -0.001390164 0.999997914 7.057546139
0.999997199 0.001816676 0.001510762 0.132622689 -0.001819050 0.999997139 0.001571802 -0.212703571 -0.001507903 -0.001574546 0.999997616 7.339612484
0.999996841 0.001953346 0.001561722 0.136218116 -0.001955417 0.999997318 0.001326345 -0.216830760 -0.001559127 -0.001329395 0.999997914 7.649457455
0.999996543 0.002046345 0.001660276 0.144302413 -0.002048276 0.999997258 0.001162449 -0.221375048 -0.001657892 -0.001165845 0.999997973 7.968856335
0.999997437 0.001527884 0.001732155 0.142556518 -0.001531356 0.999996841 0.002004632 -0.246297538 -0.001729086 -0.002007280 0.999996424 8.273874283
0.999998033 0.001333719 0.001505890 0.153120086 -0.001336781 0.999997020 0.002033623 -0.255338967 -0.001503174 -0.002035632 0.999996781 8.590564728
0.999996305 0.001789745 0.002037237 0.154542640 -0.001792645 0.999997377 0.001422734 -0.251035154 -0.002034685 -0.001426381 0.999996901 8.930518150
0.999995828 0.002245925 0.001821953 0.159979939 -0.002249094 0.999995947 0.001739157 -0.271266788 -0.001818039 -0.001743247 0.999996841 9.270555496
0.999994755 0.002613298 0.001915639 0.169588760 -0.002616978 0.999994755 0.001921090 -0.283644468 -0.001910609 -0.001926093 0.999996364 9.608401299
0.999995649 0.002075743 0.002084179 0.172079176 -0.002079675 0.999996066 0.001886175 -0.290968776 -0.002080256 -0.001890501 0.999996066 9.956568718
0.999994755 0.002640035 0.001936701 0.177748650 -0.002643409 0.999994934 0.001741595 -0.303098112 -0.001932093 -0.001746705 0.999996603 10.314824104
0.999995112 0.002306899 0.002070365 0.187535778 -0.002311065 0.999995291 0.002012240 -0.313142151 -0.002065713 -0.002017015 0.999995768 10.667357445
0.999996066 0.002133159 0.001816507 0.198134363 -0.002136758 0.999995768 0.001981657 -0.322909743 -0.001812272 -0.001985531 0.999996364 11.041448593
0.999996126 0.002068373 0.001831750 0.207698986 -0.002072302 0.999995530 0.002145485 -0.335506350 -0.001827304 -0.002149272 0.999995947 11.420259476
0.999994695 0.002549039 0.002015913 0.215062365 -0.002553094 0.999994695 0.002011648 -0.345408171 -0.002010775 -0.002016784 0.999995947 11.792157173
0.999993861 0.002598665 0.002325211 0.219784230 -0.002604562 0.999993324 0.002536805 -0.360959411 -0.002318603 -0.002542845 0.999994099 12.175451279
0.999993026 0.002899196 0.002412818 0.227868855 -0.002904896 0.999992967 0.002361992 -0.373853922 -0.002405953 -0.002368984 0.999994278 12.557304382
0.999993384 0.002712468 0.002401731 0.232856214 -0.002718579 0.999993086 0.002545115 -0.381431520 -0.002394811 -0.002551627 0.999993861 12.956708908
0.999994695 0.002282670 0.002322274 0.247042254 -0.002288756 0.999993920 0.002621214 -0.395179987 -0.002316276 -0.002626515 0.999993861 13.349517822
0.999991775 0.002955776 0.002764138 0.250846773 -0.002962589 0.999992490 0.002463783 -0.403314054 -0.002756835 -0.002471951 0.999993145 13.754686356
0.999992609 0.002583342 0.002840012 0.261634499 -0.002591347 0.999992669 0.002818581 -0.413446307 -0.002832710 -0.002825920 0.999991953 14.168174744
0.999987245 0.003423351 0.003716811 0.263280064 -0.003433459 0.999990404 0.002716523 -0.427299052 -0.003707475 -0.002729250 0.999989390 14.583750725
0.999992371 0.002570116 0.002937648 0.289173901 -0.002578089 0.999992967 0.002713528 -0.440718055 -0.002930652 -0.002721081 0.999992013 15.020734787
0.999991655 0.002506715 0.003230173 0.298059881 -0.002515590 0.999993086 0.002746247 -0.453471571 -0.003223267 -0.002754349 0.999991000 15.461041451
0.999987483 0.002894689 0.004085868 0.300975442 -0.002905048 0.999992490 0.002531766 -0.463059127 -0.004078508 -0.002543603 0.999988437 15.895959854
0.999984860 0.003359194 0.004345508 0.309962392 -0.003371958 0.999989986 0.002933178 -0.477378368 -0.004335613 -0.002947786 0.999986231 16.329212189
0.999985993 0.003096645 0.004288665 0.322475791 -0.003108732 0.999991238 0.002814627 -0.490332901 -0.004279911 -0.002827920 0.999986827 16.775014877
0.999982893 0.003145087 0.004934658 0.328783303 -0.003160099 0.999990404 0.003037307 -0.505980313 -0.004925059 -0.003052849 0.999983191 17.220029831
0.999981701 0.003069528 0.005201316 0.335388005 -0.003087110 0.999989510 0.003375680 -0.521353543 -0.005190899 -0.003391675 0.999980688 17.682239532
0.999982774 0.002590107 0.005256532 0.351216674 -0.002607912 0.999990940 0.003383132 -0.533740401 -0.005247721 -0.003396783 0.999980390 18.149173737
0.999984443 0.001956503 0.005212657 0.369141340 -0.001972944 0.999993086 0.003150848 -0.542846680 -0.005206456 -0.003161084 0.999981403 18.625471115
0.999976277 0.003222576 0.006074429 0.369225502 -0.003241410 0.999989986 0.003093306 -0.559710264 -0.006064399 -0.003112922 0.999976754 19.084083557
0.999972284 0.003701511 0.006457221 0.381072104 -0.003722368 0.999987900 0.003221008 -0.572054088 -0.006445220 -0.003244954 0.999973953 19.559244156
0.999975145 0.003557405 0.006086697 0.392031431 -0.003580207 0.999986589 0.003739409 -0.585323751 -0.006073312 -0.003761107 0.999974489 20.047777176
0.999976933 0.002966823 0.006098877 0.409841299 -0.002986841 0.999990165 0.003275886 -0.599327385 -0.006089099 -0.003294027 0.999976039 20.529287338
0.999980450 0.003126872 0.005415067 0.424926460 -0.003146377 0.999988556 0.003597375 -0.615691483 -0.005403756 -0.003614342 0.999978840 21.031753540
0.999983668 0.003110259 0.004790177 0.434730798 -0.003126555 0.999989450 0.003398303 -0.623318970 -0.004779556 -0.003413225 0.999982774 21.548160553
0.999982655 0.003347613 0.004833927 0.443405211 -0.003363466 0.999988973 0.003275084 -0.637055457 -0.004822909 -0.003291286 0.999982953 22.060066223
0.999983132 0.003578546 0.004578511 0.453707993 -0.003594242 0.999987721 0.003424545 -0.649817824 -0.004566200 -0.003440943 0.999983728 22.564237595
0.999988914 0.002969631 0.003644992 0.466841787 -0.002982465 0.999989271 0.003520569 -0.667065561 -0.003634499 -0.003531401 0.999987125 23.074575424
0.999991894 0.002709902 0.002980389 0.484022915 -0.002721450 0.999988914 0.003877371 -0.684366763 -0.002969849 -0.003885451 0.999987960 23.600069046
0.999996245 0.001352474 0.002393909 0.491448164 -0.001361817 0.999991477 0.003905484 -0.700986743 -0.002388607 -0.003908729 0.999989390 24.123004913
0.999995053 0.002378196 0.002058628 0.497560322 -0.002386118 0.999989748 0.003854241 -0.712536931 -0.002049441 -0.003859134 0.999990463 24.657699585
0.999995053 0.002807522 0.001404292 0.510224819 -0.002813326 0.999987543 0.004148282 -0.723945081 -0.001392628 -0.004152212 0.999990404 25.202430725
0.999995947 0.002768196 0.000668992 0.524010003 -0.002771041 0.999987066 0.004289538 -0.739323735 -0.000657109 -0.004291375 0.999990582 25.746843338
0.999995708 0.002917604 0.000262510 0.534744322 -0.002918649 0.999987364 0.004071937 -0.752314866 -0.000250627 -0.004072686 0.999991655 26.302059174
0.999997556 0.002194908 -0.000168772 0.551501930 -0.002194151 0.999988079 0.004360729 -0.760072291 0.000178342 -0.004360348 0.999990404 26.864444733
0.999996781 0.002485867 -0.000552022 0.560573220 -0.002483305 0.999986351 0.004595011 -0.780393183 0.000563437 -0.004593626 0.999989212 27.415758133
0.999995649 0.002834473 -0.000708219 0.571182549 -0.002831377 0.999986589 0.004336363 -0.793279886 0.000720501 -0.004334339 0.999990284 27.974824905
0.999993563 0.003500847 -0.000752942 0.580405176 -0.003497471 0.999984026 0.004439549 -0.805099308 0.000768472 -0.004436886 0.999989867 28.521629333
0.999994159 0.003308368 -0.000813693 0.590569198 -0.003304624 0.999984086 0.004560555 -0.821149290 0.000828768 -0.004557840 0.999989212 29.073204041
0.999993563 0.003300331 -0.001376192 0.602967322 -0.003294410 0.999985337 0.004282088 -0.829407930 0.001390305 -0.004277526 0.999989808 29.617273331
0.999993384 0.003277745 -0.001589583 0.610881448 -0.003270730 0.999985099 0.004395091 -0.842531860 0.001603965 -0.004389863 0.999989092 30.164539337
0.999992371 0.003269433 -0.002135470 0.625308871 -0.003260032 0.999984980 0.004390984 -0.856226742 0.002149794 -0.004383988 0.999988079 30.715389252
0.999991477 0.003476054 -0.002190257 0.635679841 -0.003466382 0.999984264 0.004404160 -0.870451331 0.002205532 -0.004396530 0.999987900 31.255332947
0.999990404 0.003647005 -0.002438696 0.643800497 -0.003636316 0.999983788 0.004372969 -0.882598281 0.002454604 -0.004364059 0.999987423 31.812871933
0.999990225 0.003233991 -0.003009473 0.657432318 -0.003220442 0.999984801 0.004496352 -0.899023414 0.003023969 -0.004486617 0.999985337 32.357772827
0.999988437 0.003794767 -0.002951469 0.661168337 -0.003780977 0.999981940 0.004663900 -0.913094878 0.002969114 -0.004652687 0.999984741 32.899028778
0.999990165 0.002652394 -0.003549696 0.673288703 -0.002635636 0.999985397 0.004717482 -0.930769622 0.003562158 -0.004708080 0.999982595 33.410541534
0.999988854 0.003168431 -0.003508217 0.684094489 -0.003151479 0.999983370 0.004827019 -0.945707321 0.003523453 -0.004815909 0.999982178 33.955307007
0.999987185 0.003201096 -0.003915132 0.694079876 -0.003182669 0.999983847 0.004703962 -0.957350850 0.003930126 -0.004691441 0.999981225 34.501979828
0.999985695 0.002810585 -0.004555250 0.707971931 -0.002788541 0.999984443 0.004838631 -0.977967978 0.004568778 -0.004825859 0.999977887 35.026386261
0.999985635 0.002984689 -0.004432582 0.715596080 -0.002963656 0.999984324 0.004744029 -0.986085415 0.004446672 -0.004730825 0.999978840 35.571804047
0.999983907 0.003468553 -0.004485552 0.725766301 -0.003450668 0.999986112 0.003988679 -0.988985717 0.004499324 -0.003973137 0.999981999 36.148704529
0.999985754 0.002624024 -0.004643568 0.734209418 -0.002603146 0.999986529 0.004496431 -1.016430259 0.004655304 -0.004484279 0.999979138 36.686431885
0.999983966 0.002761529 -0.004932375 0.741084456 -0.002738809 0.999985576 0.004607292 -1.027868867 0.004945026 -0.004593709 0.999977171 37.235279083
0.999983430 0.002856043 -0.004996014 0.752981067 -0.002835826 0.999987781 0.004048871 -1.040014982 0.005007517 -0.004034637 0.999979317 37.792823792
0.999982238 0.002348196 -0.005477421 0.765308142 -0.002324312 0.999987781 0.004362796 -1.053536892 0.005487598 -0.004349987 0.999975443 38.346794128
0.999983728 0.002289895 -0.005224607 0.770391107 -0.002268954 0.999989390 0.004010423 -1.062791228 0.005233734 -0.003998503 0.999978304 38.895999908
0.999981225 0.002933915 -0.005375328 0.791866660 -0.002912460 0.999987721 0.003994697 -1.078864455 0.005386982 -0.003978966 0.999977589 39.445049286
0.999979734 0.003200451 -0.005505472 0.804056048 -0.003179257 0.999987662 0.003853980 -1.092082262 0.005517738 -0.003836398 0.999977410 39.997676849
0.999979019 0.002978009 -0.005757081 0.811667979 -0.002955823 0.999988198 0.003858559 -1.105383873 0.005768503 -0.003841461 0.999975979 40.546684265
0.999981821 0.002600741 -0.005442417 0.816421092 -0.002581332 0.999990404 0.003570263 -1.113245130 0.005451650 -0.003556150 0.999978840 41.109962463
0.999978602 0.003066582 -0.005781232 0.821633041 -0.003044561 0.999988019 0.003813943 -1.131569266 0.005792859 -0.003796259 0.999975979 41.631805420
0.999979258 0.003452055 -0.005441270 0.827477455 -0.003433926 0.999988496 0.003337380 -1.141231775 0.005452729 -0.003318626 0.999979615 42.186637878
0.999979377 0.002748950 -0.005801690 0.838773549 -0.002727600 0.999989510 0.003684912 -1.161257625 0.005811758 -0.003669012 0.999976397 42.739036560
0.999977708 0.002993813 -0.005972960 0.842487693 -0.002972357 0.999989092 0.003597859 -1.171296120 0.005983667 -0.003580024 0.999975681 43.293190002
0.999977052 0.003189347 -0.005972565 0.852665186 -0.003168929 0.999989033 0.003425031 -1.186304212 0.005983423 -0.003406025 0.999976218 43.849353790
0.999976456 0.002912500 -0.006209163 0.865711212 -0.002889740 0.999989092 0.003671280 -1.200279117 0.006219788 -0.003653250 0.999973953 44.398231506
0.999978364 0.002555526 -0.006053290 0.877052665 -0.002534084 0.999990642 0.003547435 -1.211747408 0.006062298 -0.003532019 0.999975383 44.943424225
0.999977231 0.002886966 -0.006089340 0.879318237 -0.002867356 0.999990642 0.003226479 -1.221982121 0.006098596 -0.003208945 0.999976277 45.508026123
0.999977171 0.003021095 -0.006046923 0.885238051 -0.003000283 0.999989629 0.003447833 -1.236255050 0.006057276 -0.003429611 0.999975741 46.057819366
0.999981642 0.003062374 -0.005226758 0.906597733 -0.003044339 0.999989510 0.003454933 -1.247638822 0.005237283 -0.003438957 0.999980390 46.614719391
0.999978900 0.003594619 -0.005407444 0.915342569 -0.003575093 0.999987066 0.003616254 -1.253731489 0.005420373 -0.003596846 0.999978840 47.174663544
0.999976337 0.003757621 -0.005758653 0.925143361 -0.003738428 0.999987423 0.003340059 -1.263039112 0.005771132 -0.003318452 0.999977767 47.739253998
0.999976516 0.003585101 -0.005832140 0.934567332 -0.003568049 0.999989450 0.002931670 -1.274395585 0.005842590 -0.002910792 0.999978721 48.285404205
0.999975920 0.003494506 -0.005983395 0.944520831 -0.003475817 0.999989033 0.003131357 -1.287252307 0.005994273 -0.003110485 0.999977171 48.830226898
0.999975920 0.003486034 -0.006002203 0.944472790 -0.003467931 0.999989390 0.003023736 -1.303497672 0.006012680 -0.003002848 0.999977410 49.374301910
0.999974608 0.003965093 -0.005906857 0.955896020 -0.003947461 0.999987662 0.002993690 -1.312746882 0.005918655 -0.002970297 0.999978065 49.922752380
0.999971569 0.004249479 -0.006250869 0.965629458 -0.004229628 0.999985993 0.003185483 -1.329851985 0.006264318 -0.003158953 0.999975383 50.448955536
0.999973476 0.004502965 -0.005745709 0.965358734 -0.004485515 0.999985397 0.003046395 -1.345803142 0.005759343 -0.003020541 0.999978840 50.977832794
0.999972939 0.004192987 -0.006047137 0.980511844 -0.004174620 0.999986649 0.003046513 -1.357203245 0.006059830 -0.003021187 0.999977052 51.527484894
0.999973416 0.004334139 -0.005861453 0.983770490 -0.004315613 0.999985635 0.003169619 -1.372133732 0.005875106 -0.003144239 0.999977827 52.071521759
0.999972999 0.004905853 -0.005458035 0.987284482 -0.004889943 0.999983788 0.002924732 -1.388767242 0.005472294 -0.002897964 0.999980807 52.607177734
0.999975383 0.004242164 -0.005579439 0.998394608 -0.004225738 0.999986708 0.002952441 -1.398678422 0.005591888 -0.002928791 0.999980092 53.155410767
0.999973476 0.004661703 -0.005596130 1.004112959 -0.004646810 0.999985635 0.002671266 -1.414026380 0.005608503 -0.002645191 0.999980688 53.699687958
0.999974966 0.004418247 -0.005526244 1.012707353 -0.004403240 0.999986589 0.002725183 -1.435859442 0.005538210 -0.002700781 0.999981046 54.242855072
0.999973297 0.004953871 -0.005390539 1.016186357 -0.004941090 0.999984980 0.002381934 -1.447040200 0.005402259 -0.002355234 0.999982655 54.789596558
0.999972701 0.004698011 -0.005703279 1.025421023 -0.004683164 0.999985635 0.002613700 -1.462304592 0.005715477 -0.002586920 0.999980330 55.337112427
0.999973476 0.004423015 -0.005790969 1.035514116 -0.004407655 0.999986768 0.002662508 -1.475177050 0.005802670 -0.002636913 0.999979615 55.886638641
0.999971032 0.004356668 -0.006239729 1.043193102 -0.004336591 0.999985397 0.003227344 -1.495662093 0.006253697 -0.003200191 0.999975264 56.430370331
0.999971211 0.004889069 -0.005798517 1.050580144 -0.004870750 0.999983132 0.003169382 -1.514049530 0.005813914 -0.003141047 0.999978185 56.977931976
0.999972403 0.005111419 -0.005386026 1.054346204 -0.005096061 0.999982893 0.002861360 -1.521908164 0.005400559 -0.002833834 0.999981403 57.522953033
0.999971032 0.004938234 -0.005796076 1.067371249 -0.004922150 0.999984026 0.002786141 -1.538986683 0.005809740 -0.002757530 0.999979317 58.065643311
0.999973893 0.004905315 -0.005310696 1.072430730 -0.004891272 0.999984503 0.002653990 -1.548111081 0.005323632 -0.002627945 0.999982357 58.612556458
0.999974370 0.004642055 -0.005452032 1.083393216 -0.004629490 0.999986589 0.002315134 -1.560679197 0.005462706 -0.002289835 0.999982476 59.148410797
0.999974906 0.005010603 -0.005012897 1.090683937 -0.004998233 0.999984443 0.002477300 -1.579501987 0.005025231 -0.002452183 0.999984324 59.687831879
0.999975502 0.004831225 -0.005062392 1.099179029 -0.004816576 0.999984205 0.002901433 -1.595201135 0.005076328 -0.002876978 0.999982893 60.228683472
0.999975085 0.004836761 -0.005143684 1.106835246 -0.004823247 0.999984920 0.002636533 -1.602774501 0.005156359 -0.002611658 0.999983311 60.795387268
0.999976635 0.005149526 -0.004487984 1.110587597 -0.005138217 0.999983609 0.002527559 -1.616728544 0.004500926 -0.002504440 0.999986708 61.340637207
0.999978662 0.004968241 -0.004242546 1.124439120 -0.004956832 0.999984026 0.002695753 -1.629731774 0.004255872 -0.002674666 0.999987304 61.891304016
0.999978185 0.005027521 -0.004287785 1.131764650 -0.005017006 0.999984384 0.002459586 -1.645487309 0.004300083 -0.002438020 0.999987781 62.432010651
0.999975324 0.005442954 -0.004426065 1.140832543 -0.005433453 0.999982893 0.002155830 -1.655052781 0.004437724 -0.002131728 0.999987841 62.991947174
0.999974847 0.005324523 -0.004673654 1.149330616 -0.005312534 0.999982715 0.002573964 -1.671920300 0.004687278 -0.002549070 0.999985754 63.524665833
0.999972880 0.005796750 -0.004531970 1.151100397 -0.005785841 0.999980450 0.002416286 -1.686600804 0.004545888 -0.002389999 0.999986827 64.062896729
0.999975979 0.005454218 -0.004281803 1.156122327 -0.005443442 0.999981999 0.002524388 -1.703189135 0.004295494 -0.002501020 0.999987662 64.585884094
0.999975681 0.005656417 -0.004080337 1.156994104 -0.005646651 0.999981165 0.002401011 -1.713271379 0.004093841 -0.002377912 0.999988794 65.122901917
0.999976993 0.005437896 -0.004056867 1.168955207 -0.005428547 0.999982595 0.002311772 -1.729023337 0.004069367 -0.002289696 0.999989092 65.644866943
0.999977112 0.005425441 -0.004027168 1.178893089 -0.005416418 0.999982774 0.002248069 -1.743054152 0.004039295 -0.002226206 0.999989271 66.188194275
0.999978900 0.005228360 -0.003859066 1.174891949 -0.005220157 0.999984205 0.002131997 -1.751619339 0.003870151 -0.002111807 0.999990284 66.732200623
0.999980152 0.004694958 -0.004217106 1.198154449 -0.004685451 0.999986470 0.002261098 -1.769118786 0.004227665 -0.002241294 0.999988556 67.306640625
0.999981701 0.004424773 -0.004123240 1.197657228 -0.004415287 0.999987602 0.002306874 -1.781971931 0.004133397 -0.002288627 0.999988794 67.807846069
0.999980330 0.004640180 -0.004209138 1.208016396 -0.004631969 0.999987304 0.001958760 -1.797427058 0.004218174 -0.001939224 0.999989152 68.344879150
0.999979079 0.004962549 -0.004153451 1.213259578 -0.004954466 0.999985814 0.001954133 -1.814442039 0.004163090 -0.001933514 0.999989450 68.874893188
0.999977529 0.005360049 -0.004030151 1.217250109 -0.005353127 0.999984324 0.001726150 -1.826206207 0.004039341 -0.001704538 0.999990404 69.401916504
0.999976814 0.005918782 -0.003372006 1.225128293 -0.005912998 0.999980986 0.001722959 -1.844754577 0.003382140 -0.001702980 0.999992788 69.936019897
0.999978900 0.005461874 -0.003509474 1.232550144 -0.005457043 0.999984086 0.001385135 -1.855009794 0.003516984 -0.001365955 0.999992907 70.478302002
0.999978065 0.005595054 -0.003522089 1.239758492 -0.005590280 0.999983370 0.001364402 -1.870854616 0.003529666 -0.001344683 0.999992907 71.028892517
0.999980628 0.005249445 -0.003343119 1.248410344 -0.005244411 0.999985099 0.001512792 -1.888697624 0.003351010 -0.001495230 0.999993265 71.542190552
0.999981165 0.004964093 -0.003595708 1.259470820 -0.004957915 0.999986231 0.001725079 -1.903508782 0.003604222 -0.001707219 0.999992073 72.071006775
0.999980509 0.005128171 -0.003566233 1.263554335 -0.005123714 0.999986112 0.001257438 -1.917348742 0.003572630 -0.001239141 0.999992847 72.617927551
0.999980450 0.005116729 -0.003577841 1.273700476 -0.005110680 0.999985516 0.001697818 -1.936050773 0.003586474 -0.001679500 0.999992073 73.145973206
0.999979556 0.005344995 -0.003510031 1.280241251 -0.005338428 0.999983966 0.001877285 -1.950295448 0.003520011 -0.001858509 0.999992073 73.688720703
0.999978244 0.005568015 -0.003515043 1.293691397 -0.005563450 0.999983668 0.001307366 -1.962716699 0.003522263 -0.001287782 0.999992967 74.226478577
0.999977946 0.005467356 -0.003748240 1.303809285 -0.005461307 0.999983907 0.001621989 -1.978649855 0.003757049 -0.001601483 0.999991596 74.762382507
0.999975801 0.006194232 -0.003158703 1.308435678 -0.006190871 0.999980211 0.001072507 -1.992169499 0.003165286 -0.001052926 0.999994457 75.308280945
0.999976933 0.006053200 -0.003068135 1.317762733 -0.006049617 0.999980927 0.001174868 -2.008517027 0.003075189 -0.001156280 0.999994576 75.848480225
0.999976039 0.006078616 -0.003300600 1.327844858 -0.006073726 0.999980450 0.001489396 -2.025536776 0.003309591 -0.001469314 0.999993443 76.387931824
0.999976695 0.005881226 -0.003468630 1.339174509 -0.005876619 0.999981761 0.001337153 -2.043431044 0.003476431 -0.001316738 0.999993086 76.930328369
0.999975860 0.005956690 -0.003561393 1.346414804 -0.005952047 0.999981344 0.001313062 -2.056738138 0.003569150 -0.001291833 0.999992788 77.470962524
0.999973953 0.006152863 -0.003775764 1.352565527 -0.006147277 0.999979913 0.001489534 -2.070436478 0.003784856 -0.001466285 0.999991775 78.001976013
0.999976277 0.006131844 -0.003132652 1.358293533 -0.006127458 0.999980211 0.001407922 -2.089444160 0.003141223 -0.001388694 0.999994099 78.529106140
0.999972284 0.007037241 -0.002428911 1.359871864 -0.007033957 0.999974310 0.001357668 -2.102186680 0.002438404 -0.001340545 0.999996126 79.070831299
0.999973953 0.006805257 -0.002395604 1.367548823 -0.006802374 0.999976158 0.001209535 -2.117000103 0.002403778 -0.001193208 0.999996424 79.609169006
0.999972165 0.007119183 -0.002241823 1.377307892 -0.007116301 0.999973834 0.001290197 -2.135039091 0.002250950 -0.001274207 0.999996662 80.142059326
0.999974191 0.007058655 -0.001301136 1.386832833 -0.007056639 0.999973893 0.001549464 -2.151228905 0.001312040 -0.001540243 0.999997973 80.694259644
0.999976039 0.006919146 0.000070722 1.396002293 -0.006919202 0.999975681 0.000839325 -2.162682772 -0.000064913 -0.000839794 0.999999642 81.241539001
0.999973536 0.007207032 0.000969788 1.414926052 -0.007207927 0.999973714 0.000924389 -2.175899029 -0.000963101 -0.000931355 0.999999106 81.816337585
0.999974787 0.006785039 0.002082215 1.425877810 -0.006786237 0.999976814 0.000568141 -2.186828375 -0.002078312 -0.000582257 0.999997675 82.380912781
0.999960661 0.007053426 0.005374276 1.441509962 -0.007056405 0.999974966 0.000535102 -2.204307079 -0.005370367 -0.000573004 0.999985397 82.949607849
0.999933183 0.007552048 0.008741869 1.466680765 -0.007562318 0.999970675 0.001142311 -2.223012686 -0.008732986 -0.001208343 0.999961078 83.534782410
0.999898791 0.007182098 0.012291429 1.487621307 -0.007189436 0.999973953 0.000552946 -2.235952377 -0.012287138 -0.000641258 0.999924302 84.116966248
0.999843419 0.006988720 0.016253337 1.519389272 -0.006998958 0.999975264 0.000573018 -2.249755144 -0.016248930 -0.000686685 0.999867737 84.712982178
0.999730825 0.007234761 0.022044934 1.550104380 -0.007256724 0.999973238 0.000916485 -2.273185730 -0.022037715 -0.001076213 0.999756575 85.281387329
0.999561787 0.007624913 0.028603081 1.580746889 -0.007626943 0.999970913 -0.000038117 -2.282617569 -0.028602535 -0.000180053 0.999590993 85.878257751
0.999376953 0.007482946 0.034490634 1.619927406 -0.007483532 0.999971986 -0.000112165 -2.297045708 -0.034490503 -0.000146016 0.999405026 86.469902039
0.999069154 0.006895863 0.042582054 1.668756008 -0.006895663 0.999976218 -0.000151549 -2.313879728 -0.042582091 -0.000142224 0.999092937 87.059852600
0.998701632 0.005852625 0.050604604 1.729785919 -0.005805133 0.999982536 -0.001085406 -2.325104475 -0.050610080 0.000790230 0.998718202 87.684982300
0.998289883 0.005690971 0.058179531 1.771681786 -0.005637277 0.999983549 -0.001086982 -2.337182760 -0.058184754 0.000757149 0.998305678 88.223091125
0.997736633 0.005240219 0.067038871 1.829395294 -0.005160104 0.999985695 -0.001368178 -2.349969625 -0.067045085 0.001019154 0.997749448 88.760879517
0.997017562 0.004868907 0.077022664 1.897590637 -0.004761130 0.999987423 -0.001582863 -2.368653774 -0.077029400 0.001211427 0.997028112 89.278205872
0.996301234 0.004643553 0.085803129 1.963385582 -0.004496433 0.999988079 -0.001907808 -2.376510859 -0.085810974 0.001514943 0.996310234 89.827728271
0.995637238 0.003993634 0.093223244 2.028914452 -0.003814643 0.999990463 -0.002098143 -2.395394087 -0.093230747 0.001733376 0.995643139 90.367980957
0.994603753 0.004590316 0.103645004 2.102929592 -0.004404816 0.999988258 -0.002018582 -2.411427259 -0.103653051 0.001551153 0.994612277 90.901039124
0.993475378 0.004187105 0.113970764 2.189129829 -0.003983130 0.999990165 -0.002017369 -2.427809238 -0.113978095 0.001550246 0.993482172 91.435775757
0.992282510 0.004802041 0.123904198 2.266649246 -0.004616408 0.999987721 -0.001785262 -2.449736834 -0.123911247 0.001199492 0.992292702 91.954666138
0.990850925 0.003776378 0.134907559 2.377928734 -0.003528776 0.999991596 -0.002074417 -2.457082748 -0.134914264 0.001579379 0.990855932 92.517189026
0.988964319 0.004184584 0.148094907 2.469797134 -0.003966264 0.999990582 -0.001769480 -2.484684467 -0.148100927 0.001162569 0.988971710 93.048194885
0.987365305 0.003267502 0.158426911 2.584005356 -0.002947422 0.999993086 -0.002255278 -2.500038624 -0.158433154 0.001759833 0.987368107 93.577575684
0.985643029 0.003229528 0.168811575 2.697194099 -0.002877671 0.999993145 -0.002328915 -2.513749599 -0.168817908 0.001809695 0.985645592 94.122650146
0.983337760 0.003019385 0.181762472 2.815947533 -0.002672099 0.999994099 -0.002155514 -2.532068968 -0.181767896 0.001633912 0.983340085 94.663208008
0.980902910 0.003785236 0.194460809 2.939604759 -0.003366378 0.999991238 -0.002484371 -2.546739578 -0.194468528 0.001782299 0.980907142 95.185768127
0.978793323 0.002594379 0.204833731 3.071111679 -0.002240893 0.999995589 -0.001957670 -2.564797640 -0.204837903 0.001457144 0.978794813 95.712783813
0.975904107 0.002524329 0.218184918 3.216272354 -0.002116811 0.999995589 -0.002101489 -2.580341101 -0.218189240 0.001588996 0.975905180 96.249694824
0.972847760 0.002301782 0.231434524 3.359920502 -0.001814881 0.999995589 -0.002316721 -2.596369743 -0.231438845 0.001833790 0.972847700 96.767921448
0.970042169 0.001852060 0.242929637 3.514827728 -0.001412890 0.999997079 -0.001982020 -2.616037369 -0.242932618 0.001579411 0.970041871 97.296150208
0.967432380 0.001136570 0.253127009 3.680408478 -0.000642256 0.999997735 -0.002035451 -2.638890743 -0.253128737 0.001806588 0.967430890 97.774879456
0.963690579 0.001148570 0.267019063 3.847814560 -0.000628237 0.999997675 -0.002034090 -2.656902075 -0.267020851 0.001792481 0.963689089 98.282066345
0.960210085 0.001099814 0.279276937 4.021366119 -0.000584647 0.999997973 -0.001927933 -2.676674128 -0.279278517 0.001687942 0.960208654 98.804885864
0.956711054 0.001172495 0.291037083 4.196563721 -0.000603497 0.999997735 -0.002044829 -2.694358826 -0.291038811 0.001780670 0.956709564 99.312461853
0.952487826 0.000753356 0.304575711 4.389060974 -0.000236949 0.999998450 -0.001732456 -2.712809563 -0.304576546 0.001577975 0.952486575 99.811492920
0.947889984 0.000219842 0.318597883 4.588405609 0.000290753 0.999998748 -0.001555074 -2.731936455 -0.318597764 0.001566672 0.947888732 100.310836792
0.943918645 -0.000144366 0.330178469 4.795503616 0.000730385 0.999998331 -0.001650796 -2.744851351 -0.330177695 0.001799375 0.943917096 100.829200745
0.939350009 -0.000045189 0.342959970 5.003087997 0.000538991 0.999998927 -0.001344508 -2.767678261 -0.342959493 0.001447816 0.939349055 101.296638489
0.934066296 -0.000221752 0.357099622 5.214574814 0.000789905 0.999998629 -0.001445179 -2.783504486 -0.357098877 0.001631968 0.934065163 101.800102234
0.929183543 -0.001253439 0.369616479 5.436445236 0.001888966 0.999997318 -0.001357518 -2.805896044 -0.369613796 0.001959577 0.929183364 102.277191162
0.924543262 -0.001554971 0.381073922 5.670829773 0.002096845 0.999997258 -0.001006778 -2.813367844 -0.381071299 0.001729863 0.924543977 102.816688538
0.918592453 -0.002518199 0.395198196 5.902206421 0.003343302 0.999993443 -0.001399167 -2.837683678 -0.395191997 0.002606531 0.918594778 103.248153687
0.912968576 -0.002600171 0.408021808 6.154792786 0.003403961 0.999993443 -0.001243938 -2.852945089 -0.408015937 0.002524567 0.912971318 103.747879028
0.908110380 -0.003558573 0.418715715 6.401226044 0.004498480 0.999989092 -0.001257613 -2.870759726 -0.418706566 0.003025636 0.908116579 104.227844238
0.902186573 -0.003295473 0.431333452 6.671543121 0.004222926 0.999990344 -0.001192640 -2.887246847 -0.431325406 0.002897473 0.902191699 104.755798340
0.895552158 -0.003193071 0.444945127 6.939220428 0.004092524 0.999991000 -0.001060862 -2.903334618 -0.444937736 0.002771006 0.895557165 105.232170105
0.889839530 -0.003900674 0.456256896 7.222599030 0.005009153 0.999986708 -0.001220192 -2.918734312 -0.456246018 0.003371236 0.889847279 105.745147705
0.884137154 -0.005252976 0.467197835 7.504158020 0.006326205 0.999979675 -0.000728523 -2.933235645 -0.467184484 0.003599703 0.884152532 106.219520569
0.876530588 -0.005100593 0.481319189 7.793640137 0.006152137 0.999980867 -0.000606749 -2.955243587 -0.481306881 0.003492975 0.876545191 106.720596313
0.869390070 -0.005327228 0.494097680 8.082675934 0.006409037 0.999979258 -0.000495520 -2.972757816 -0.494084865 0.003597490 0.869406223 107.178077698
