1.000000000 0.000000000 0.000000000 0.000000000 0.000000000 1.000000000 0.000000000 0.000000000 0.000000000 0.000000000 1.000000000 0.000000000
1.000000000 0.000073651 0.000049069 -0.000548625 -0.000073659 1.000000000 0.000149003 -0.000367312 -0.000049058 -0.000149007 1.000000000 0.000294086
1.000000000 0.000057075 0.000106180 -0.001219765 -0.000057075 1.000000000 0.000003401 0.000391063 -0.000106180 -0.000003407 1.000000000 0.000154143
1.000000000 0.000063574 0.000017625 -0.000505493 -0.000063575 1.000000000 0.000043282 -0.000616361 -0.000017623 -0.000043284 1.000000000 -0.000540683
1.000000000 0.000092354 0.000192700 -0.001413397 -0.000092365 1.000000000 0.000059152 -0.000217375 -0.000192695 -0.000059170 1.000000000 0.000533663
1.000000000 -0.000156372 -0.000023725 -0.000045288 0.000156372 1.000000000 0.000024318 -0.000180650 0.000023721 -0.000024322 1.000000000 -0.000237161
1.000000000 0.000094514 0.000121245 -0.001854951 -0.000094525 1.000000000 0.000090701 -0.000544193 -0.000121237 -0.000090712 1.000000000 -0.000884649
1.000000000 0.000021620 0.000093065 -0.001281161 -0.000021620 1.000000000 0.000000850 -0.000399609 -0.000093065 -0.000000852 1.000000000 -0.000826862
1.000000000 0.000073536 0.000178578 -0.001719526 -0.000073544 1.000000000 0.000042000 -0.000911039 -0.000178575 -0.000042013 1.000000000 -0.001508457
1.000000000 0.000138067 0.000183261 -0.002216191 -0.000138102 1.000000000 0.000192438 -0.001123232 -0.000183234 -0.000192463 0.999999940 0.000494678
1.000000000 0.000069200 0.000163517 -0.001277528 -0.000069222 1.000000000 0.000136550 -0.001112472 -0.000163507 -0.000136562 1.000000000 -0.000735118
1.000000000 0.000101735 0.000172647 -0.001608143 -0.000101749 1.000000000 0.000080493 -0.001025596 -0.000172639 -0.000080511 1.000000000 -0.000363889
1.000000000 0.000036595 0.000164574 -0.001280170 -0.000036606 1.000000000 0.000070201 0.000392398 -0.000164572 -0.000070207 1.000000000 0.000388388
1.000000000 0.000129865 0.000149516 -0.002037709 -0.000129851 1.000000000 -0.000090626 0.000866923 -0.000149528 0.000090607 1.000000000 -0.000170070
0.999999940 0.000268178 0.000145691 -0.001780942 -0.000268174 0.999999940 -0.000027251 0.001035638 -0.000145698 0.000027212 1.000000000 0.001368099
0.999999940 0.000250937 0.000205761 -0.002048406 -0.000250937 0.999999940 -0.000000772 0.000711983 -0.000205761 0.000000720 1.000000000 0.001434615
0.999999940 0.000322695 0.000229462 -0.002372623 -0.000322691 0.999999940 -0.000019314 0.000879611 -0.000229468 0.000019240 1.000000000 0.000797171
0.999999940 0.000205059 0.000238430 -0.002032168 -0.000205069 1.000000000 0.000041821 0.001165990 -0.000238422 -0.000041870 1.000000000 0.002171701
0.999999940 0.000210969 0.000279778 -0.002613570 -0.000210952 1.000000000 -0.000061388 0.001264468 -0.000279791 0.000061329 0.999999940 0.001498774
0.999999940 0.000222825 0.000244712 -0.002397128 -0.000222831 1.000000000 0.000026309 0.000962891 -0.000244706 -0.000026364 0.999999940 0.002174002
0.999999940 0.000270827 0.000210353 -0.002693797 -0.000270814 0.999999940 -0.000061963 0.001806190 -0.000210370 0.000061906 1.000000000 0.002363838
0.999999940 0.000302230 0.000196986 -0.002076551 -0.000302223 0.999999940 -0.000035230 0.001307269 -0.000196997 0.000035171 1.000000000 0.002246741
0.999999940 0.000306379 0.000199998 -0.002536915 -0.000306378 0.999999940 -0.000007435 0.001425146 -0.000200001 0.000007374 1.000000000 0.001589080
0.999999881 0.000400463 0.000199106 -0.002738532 -0.000400472 0.999999940 0.000047491 0.001215872 -0.000199087 -0.000047570 1.000000000 0.003020991
0.999999940 0.000276812 0.000234738 -0.001872032 -0.000276810 0.999999940 -0.000010560 0.001562826 -0.000234741 0.000010495 1.000000000 0.001592856
0.999999940 0.000249320 0.000220771 -0.002490405 -0.000249315 0.999999940 -0.000023115 0.002292867 -0.000220777 0.000023060 1.000000000 0.003590262
0.999999881 0.000359513 0.000260731 -0.002789116 -0.000359539 0.999999940 0.000100987 0.000697379 -0.000260695 -0.000101081 0.999999940 0.002191827
0.999999940 0.000345447 0.000149798 -0.002093241 -0.000345434 0.999999940 -0.000091704 0.001766743 -0.000149830 0.000091652 1.000000000 0.001345908
0.999999881 0.000413592 0.000203109 -0.002528189 -0.000413570 0.999999881 -0.000108140 0.002579797 -0.000203154 0.000108056 1.000000000 0.002432063
0.999999881 0.000367830 0.000225995 -0.001922862 -0.000367823 0.999999940 -0.000026945 0.001345425 -0.000226005 0.000026862 1.000000000 0.002374757
0.999999881 0.000314161 0.000380396 -0.003252496 -0.000314156 0.999999940 -0.000014635 0.001194240 -0.000380400 0.000014515 0.999999940 0.002335655
0.999999940 0.000355803 0.000215690 -0.001954436 -0.000355790 0.999999940 -0.000060254 0.001679455 -0.000215711 0.000060178 1.000000000 0.002660411
0.999999881 0.000392705 0.000270013 -0.001701775 -0.000392715 0.999999940 0.000036196 0.000414523 -0.000269999 -0.000036302 0.999999940 0.001020554
0.999999821 0.000519385 0.000367727 -0.003513732 -0.000519378 0.999999881 -0.000020992 0.000991279 -0.000367738 0.000020801 0.999999940 0.002198391
0.999999881 0.000420736 0.000226908 -0.001720465 -0.000420708 0.999999881 -0.000121780 0.001568393 -0.000226959 0.000121684 0.999999940 0.002347837
0.999999940 0.000321437 0.000214606 -0.002035545 -0.000321429 0.999999940 -0.000037532 0.001469864 -0.000214618 0.000037463 1.000000000 0.002539215
0.999999881 0.000427976 0.000234995 -0.003018142 -0.000427951 0.999999881 -0.000108220 0.002965991 -0.000235041 0.000108120 0.999999940 0.002824503
0.999999881 0.000445267 0.000312870 -0.002874837 -0.000445272 0.999999881 0.000017207 0.000881777 -0.000312862 -0.000017346 0.999999940 0.002489408
0.999999881 0.000385357 0.000213343 -0.001155405 -0.000385355 0.999999940 -0.000010606 0.001669919 -0.000213347 0.000010524 1.000000000 0.000642963
0.999999940 0.000226771 0.000215849 -0.001940943 -0.000226744 0.999999940 -0.000123752 0.001162653 -0.000215878 0.000123703 0.999999940 0.001462402
0.999999821 0.000443136 0.000365018 -0.002063799 -0.000442914 0.999999702 -0.000607887 -0.000988060 -0.000365287 0.000607726 0.999999762 0.048514538
0.999999821 0.000503955 0.000335814 -0.000904735 -0.000503520 0.999999046 -0.001295582 -0.002580473 -0.000336467 0.001295413 0.999999106 0.138101369
0.999999881 0.000441327 0.000274151 0.001857912 -0.000440922 0.999998808 -0.001475432 -0.006884979 -0.000274802 0.001475311 0.999998868 0.253083885
0.999999642 0.000773799 0.000315141 0.003713234 -0.000773443 0.999999046 -0.001125697 -0.012524616 -0.000316012 0.001125452 0.999999344 0.384698093
0.999999702 0.000661886 0.000455384 0.003050497 -0.000661481 0.999999404 -0.000889796 -0.014280262 -0.000455973 0.000889494 0.999999523 0.533017814
0.999999881 0.000350525 0.000318013 0.010270817 -0.000350227 0.999999523 -0.000938589 -0.017601421 -0.000318342 0.000938478 0.999999523 0.691024721
0.999999821 0.000462460 0.000355866 0.015842326 -0.000462214 0.999999642 -0.000691794 -0.021729875 -0.000356186 0.000691629 0.999999702 0.848458707
0.999999583 0.000597065 0.000659100 0.008818257 -0.000596492 0.999999464 -0.000869386 -0.024761256 -0.000659619 0.000868993 0.999999404 1.021895647
0.999999821 0.000470420 0.000392931 0.013547515 -0.000470027 0.999999404 -0.000999569 -0.025540285 -0.000393401 0.000999384 0.999999404 1.196753740
0.999999881 0.000413082 0.000347660 0.012904106 -0.000413076 0.999999940 -0.000017449 -0.047294218 -0.000347667 0.000017305 0.999999940 1.357752442
0.999998391 0.000565914 0.001666052 0.004497310 -0.000567626 0.999999225 0.001027517 -0.061248630 -0.001665469 -0.001028461 0.999998093 1.514571667
0.999997973 0.000214798 0.001986209 0.006961254 -0.000216879 0.999999344 0.001047757 -0.066936545 -0.001985983 -0.001048186 0.999997497 1.712468386
0.999998450 -0.000118930 0.001721940 0.014191367 0.000116012 0.999998569 0.001694540 -0.073712163 -0.001722139 -0.001694337 0.999997079 1.906453967
0.999998629 -0.000736164 0.001496690 0.022679482 0.000734193 0.999998868 0.001317502 -0.076605767 -0.001497658 -0.001316402 0.999997973 2.119846582
0.999998569 -0.000563254 0.001583864 0.024863280 0.000560337 0.999998152 0.001841097 -0.085132770 -0.001584898 -0.001840207 0.999997079 2.340149641
0.999999046 -0.000182337 0.001379536 0.026874244 0.000180186 0.999998748 0.001558949 -0.089234412 -0.001379818 -0.001558699 0.999997854 2.558675766
0.999998748 -0.000321726 0.001597541 0.030769330 0.000319182 0.999998689 0.001592878 -0.097475275 -0.001598052 -0.001592366 0.999997437 2.787699938
0.999998450 -0.000344268 0.001786123 0.034989946 0.000341619 0.999998808 0.001483037 -0.099643759 -0.001786632 -0.001482424 0.999997318 3.028345346
0.999998450 0.000043585 0.001793271 0.037212200 -0.000046606 0.999998629 0.001684305 -0.110406086 -0.001793195 -0.001684386 0.999996960 3.270301819
0.999997139 0.000112012 0.002399526 0.036626872 -0.000116285 0.999998391 0.001781013 -0.115693234 -0.002399323 -0.001781287 0.999995470 3.488787413
0.999996901 0.000564952 0.002417575 0.041264482 -0.000569769 0.999997854 0.001992092 -0.124715678 -0.002416445 -0.001993463 0.999995053 3.742808104
0.999995887 0.000881397 0.002733991 0.045687474 -0.000887489 0.999997139 0.002227860 -0.127320454 -0.002732019 -0.002230277 0.999993801 4.009448528
0.999996364 0.000467343 0.002638337 0.056637015 -0.000473648 0.999997020 0.002389787 -0.134169400 -0.002637211 -0.002391028 0.999993682 4.263996601
0.999997139 0.000329708 0.002367958 0.052965727 -0.000333746 0.999998510 0.001704633 -0.138319105 -0.002367393 -0.001705418 0.999995768 4.496764183
0.999996960 0.000481166 0.002411584 0.061620660 -0.000485154 0.999998510 0.001653534 -0.142224595 -0.002410785 -0.001654699 0.999995768 4.760478497
0.999996722 0.000681868 0.002471194 0.071272328 -0.000686239 0.999998271 0.001768317 -0.147072867 -0.002469983 -0.001770008 0.999995410 5.012709618
0.999996662 0.000388692 0.002541483 0.072811387 -0.000393228 0.999998391 0.001784424 -0.154669344 -0.002540785 -0.001785418 0.999995232 5.276124477
0.999996185 0.000321226 0.002712695 0.080167636 -0.000327186 0.999997556 0.002196813 -0.166968346 -0.002711983 -0.002197693 0.999993920 5.539018154
0.999996781 0.000152668 0.002527091 0.076059759 -0.000157861 0.999997854 0.002054639 -0.174903318 -0.002526772 -0.002055031 0.999994695 5.782016277
0.999995887 0.000185752 0.002865874 0.079349607 -0.000191199 0.999998152 0.001900522 -0.180591628 -0.002865515 -0.001901062 0.999994099 6.063005447
0.999995470 0.000692060 0.002929341 0.090768427 -0.000697390 0.999998152 0.001818920 -0.180277064 -0.002928077 -0.001820955 0.999994040 6.363491535
0.999995768 0.000085354 0.002908306 0.092358515 -0.000091676 0.999997616 0.002173447 -0.190294176 -0.002908114 -0.002173705 0.999993443 6.651762486
0.999995828 0.000671166 0.002818702 0.094647959 -0.000676304 0.999998033 0.001822533 -0.199728340 -0.002817473 -0.001824431 0.999994338 6.925179005
0.999996245 0.000452317 0.002709476 0.104310006 -0.000457508 0.999997973 0.001915350 -0.207352191 -0.002708604 -0.001916583 0.999994457 7.228674889
0.999996185 0.000184005 0.002760440 0.110276833 -0.000190421 0.999997318 0.002323897 -0.224625051 -0.002760005 -0.002324414 0.999993443 7.518300533
0.999995172 0.000970878 0.002993408 0.119051009 -0.000977699 0.999996960 0.002278107 -0.228265747 -0.002991187 -0.002281023 0.999992907 7.851795197
0.999993742 0.001282520 0.003307636 0.114753559 -0.001288863 0.999997318 0.001916155 -0.237064615 -0.003305169 -0.001920406 0.999992669 8.157728195
0.999994516 0.001237476 0.003117966 0.120624036 -0.001242901 0.999997675 0.001738689 -0.241293728 -0.003115807 -0.001742554 0.999993563 8.446184158
0.999993443 0.001286780 0.003385988 0.128520846 -0.001294033 0.999996901 0.002140544 -0.250737488 -0.003383223 -0.002144912 0.999991894 8.783972740
0.999993563 0.001683469 0.003170880 0.132186487 -0.001689968 0.999996483 0.002048139 -0.260023028 -0.003167421 -0.002053484 0.999992907 9.119371414
0.999991894 0.001853763 0.003580065 0.132328779 -0.001861364 0.999995947 0.002120629 -0.272587150 -0.003576120 -0.002127275 0.999991357 9.421197891
0.999993563 0.001498423 0.003263048 0.146128431 -0.001505403 0.999996483 0.002137615 -0.280459702 -0.003259834 -0.002142513 0.999992371 9.778431892
0.999993384 0.001584921 0.003271944 0.154773444 -0.001591164 0.999996901 0.001906168 -0.290157795 -0.003268913 -0.001911361 0.999992847 10.132159233
0.999993622 0.001567803 0.003231641 0.171184286 -0.001574206 0.999996781 0.001979605 -0.298941761 -0.003228527 -0.001984679 0.999992788 10.498120308
0.999995828 0.000628748 0.002820012 0.173322335 -0.000635670 0.999996781 0.002454121 -0.309487313 -0.002818460 -0.002455903 0.999993026 10.818710327
0.999994934 0.000878068 0.003055845 0.180353776 -0.000885400 0.999996603 0.002398940 -0.318177372 -0.003053729 -0.002401633 0.999992490 11.199689865
0.999993801 0.001479274 0.003201272 0.188329905 -0.001487365 0.999995708 0.002526417 -0.327107340 -0.003197521 -0.002531162 0.999991775 11.594470024
0.999989688 0.002085789 0.004018030 0.191209286 -0.002097378 0.999993622 0.002882297 -0.339818388 -0.004011992 -0.002890695 0.999987841 11.973650932
0.999992967 0.001022732 0.003608642 0.197668910 -0.001034663 0.999993980 0.003305808 -0.360897183 -0.003605240 -0.003309518 0.999988019 12.304306030
0.999992073 0.001406682 0.003711730 0.201152340 -0.001419471 0.999993026 0.003445248 -0.370111406 -0.003706858 -0.003450490 0.999987185 12.713374138
0.999991000 0.001436564 0.003991800 0.214070886 -0.001450913 0.999992430 0.003593914 -0.379745483 -0.003986607 -0.003599673 0.999985516 13.123011589
0.999991119 0.001652165 0.003870825 0.218297288 -0.001666092 0.999992073 0.003597541 -0.393217802 -0.003864850 -0.003603959 0.999985993 13.522530556
0.999994099 0.000911074 0.003317097 0.237158209 -0.000923417 0.999992669 0.003721286 -0.399328291 -0.003313683 -0.003724326 0.999987602 13.874728203
0.999989510 0.001324129 0.004398540 0.242031962 -0.001340261 0.999992430 0.003666805 -0.412832201 -0.004393651 -0.003672661 0.999983609 14.294049263
0.999991059 0.000838938 0.004144410 0.255965441 -0.000854028 0.999992967 0.003640679 -0.420344830 -0.004141327 -0.003644186 0.999984801 14.740071297
0.999991596 0.000216213 0.004100520 0.268546313 -0.000231848 0.999992669 0.003813051 -0.435701191 -0.004099666 -0.003813969 0.999984324 15.125415802
0.999989808 0.000103453 0.004512111 0.275753617 -0.000123332 0.999990284 0.004405699 -0.447798342 -0.004511613 -0.004406211 0.999980092 15.573382378
0.999987423 0.000920214 0.004930676 0.284606993 -0.000942515 0.999989390 0.004522556 -0.455418795 -0.004926462 -0.004527146 0.999977589 16.017251968
0.999985218 0.000380766 0.005428017 0.292085379 -0.000402058 0.999992251 0.003922067 -0.470797807 -0.005426481 -0.003924191 0.999977589 16.447261810
0.999985576 0.000061816 0.005373553 0.308189601 -0.000084383 0.999991179 0.004199616 -0.484000951 -0.005373246 -0.004200009 0.999976754 16.911224365
0.999982715 0.000689088 0.005841009 0.313890845 -0.000716810 0.999988496 0.004745353 -0.499343336 -0.005837672 -0.004749458 0.999971688 17.368791580
0.999979138 0.000522869 0.006424365 0.316976368 -0.000548568 0.999991953 0.003998977 -0.508586884 -0.006422221 -0.004002418 0.999971390 17.790391922
0.999976456 0.000811675 0.006801630 0.326196373 -0.000839497 0.999991238 0.004088462 -0.516953588 -0.006798251 -0.004094075 0.999968529 18.252197266
0.999977410 0.000434877 0.006716124 0.341665208 -0.000463089 0.999991119 0.004199701 -0.532279372 -0.006714237 -0.004202716 0.999968648 18.747245789
0.999976933 0.000709029 0.006757798 0.358357161 -0.000738334 0.999990463 0.004334988 -0.545417070 -0.006754659 -0.004339878 0.999967754 19.173883438
0.999977827 0.000704956 0.006622034 0.371035874 -0.000737431 0.999987781 0.004902905 -0.561025381 -0.006618496 -0.004907680 0.999966025 19.661018372
0.999978423 0.000298691 0.006560270 0.387471378 -0.000327878 0.999990046 0.004448628 -0.569121480 -0.006558875 -0.004450683 0.999968588 20.153385162
0.999981642 0.000020724 0.006056233 0.395112425 -0.000047920 0.999989927 0.004490489 -0.579635799 -0.006056080 -0.004490697 0.999971569 20.604393005
0.999984562 0.000436003 0.005538161 0.406831622 -0.000459246 0.999991119 0.004196088 -0.587858438 -0.005536283 -0.004198567 0.999975860 21.109283447
0.999984622 0.000490886 0.005528501 0.414712518 -0.000515607 0.999989867 0.004470861 -0.598739028 -0.005526250 -0.004473643 0.999974668 21.623752594
0.999987185 0.000359738 0.005034367 0.420784593 -0.000381438 0.999990642 0.004310082 -0.613294363 -0.005032770 -0.004311947 0.999978065 22.079597473
0.999989867 0.000428193 0.004490375 0.431833625 -0.000449738 0.999988437 0.004798015 -0.631035388 -0.004488268 -0.004799985 0.999978423 22.602546692
0.999989212 0.001478981 0.004399282 0.429193497 -0.001500387 0.999987066 0.004866427 -0.646263242 -0.004392027 -0.004872975 0.999978483 23.117504120
0.999993265 0.000289425 0.003658299 0.445344925 -0.000305844 0.999989867 0.004488443 -0.660698652 -0.003656962 -0.004489531 0.999983251 23.673322678
0.999994218 0.000602772 0.003339438 0.444317460 -0.000618729 0.999988377 0.004779485 -0.675828338 -0.003336519 -0.004781523 0.999983013 24.146345139
0.999994099 0.000969737 0.003263093 0.454561055 -0.000986103 0.999986887 0.005017652 -0.682255268 -0.003258184 -0.005020840 0.999982119 24.698623657
0.999996483 0.000985201 0.002447172 0.464120686 -0.000998375 0.999984920 0.005387977 -0.702900112 -0.002441827 -0.005390401 0.999982476 25.235202789
0.999997675 0.001063898 0.001873847 0.473434716 -0.001073906 0.999985099 0.005348252 -0.719116509 -0.001868130 -0.005350253 0.999983966 25.781389236
0.999998093 0.001301449 0.001436260 0.482609570 -0.001309320 0.999984086 0.005492853 -0.727007508 -0.001429089 -0.005494724 0.999983907 26.281019211
0.999999225 0.000813567 0.000917574 0.500047028 -0.000818500 0.999985218 0.005389648 -0.736521125 -0.000913176 -0.005390395 0.999985039 26.839506149
0.999996483 0.002482990 0.000834639 0.509240329 -0.002487314 0.999983311 0.005220950 -0.751878440 -0.000821662 -0.005223008 0.999986053 27.399888992
0.999996126 0.002689695 0.000681596 0.518224895 -0.002693146 0.999983370 0.005113794 -0.763780832 -0.000667830 -0.005115610 0.999986708 27.945676804
0.999997973 0.001971595 0.000400661 0.508225977 -0.001973698 0.999983907 0.005316752 -0.771133125 -0.000390172 -0.005317532 0.999985814 28.432752609
0.999996722 0.002525118 0.000442498 0.512743711 -0.002527502 0.999981761 0.005470152 -0.781370878 -0.000428677 -0.005471251 0.999984920 28.986524582
0.999995589 0.002974322 0.000130774 0.522589803 -0.002974927 0.999983549 0.004905818 -0.790745139 -0.000116180 -0.004906185 0.999987960 29.531871796
0.999991179 0.004153445 0.000543379 0.516707242 -0.004156210 0.999977827 0.005190034 -0.797903955 -0.000521810 -0.005192247 0.999986410 30.071325302
0.999996662 0.002619468 0.000029626 0.522491276 -0.002619584 0.999983728 0.005052311 -0.816917896 -0.000016391 -0.005052372 0.999987245 30.509632111
0.999997318 0.002305279 -0.000049463 0.533219516 -0.002305000 0.999984682 0.005024142 -0.827112973 0.000061044 -0.005024016 0.999987364 31.059507370
0.999995351 0.003039957 -0.000256892 0.536500275 -0.003038726 0.999984503 0.004665053 -0.836025953 0.000271069 -0.004664251 0.999989033 31.596158981
0.999993980 0.003443428 -0.000414987 0.539372146 -0.003441044 0.999978304 0.005615619 -0.855105758 0.000434315 -0.005614158 0.999984145 32.144042969
0.999992669 0.003812919 -0.000384520 0.550167024 -0.003810708 0.999977112 0.005594440 -0.870581388 0.000405842 -0.005592933 0.999984324 32.682525635
0.999995351 0.003038521 -0.000221230 0.548934698 -0.003037307 0.999981403 0.005292031 -0.877149284 0.000237305 -0.005291334 0.999985933 33.206455231
0.999995530 0.002885363 -0.000882700 0.562594652 -0.002880887 0.999983251 0.005030226 -0.888830423 0.000897199 -0.005027660 0.999987006 33.745475769
0.999994278 0.003270841 -0.000894119 0.569908798 -0.003265988 0.999980211 0.005376614 -0.909842372 0.000911688 -0.005373664 0.999985158 34.265071869
0.999994993 0.003052113 -0.000811728 0.585574746 -0.003047938 0.999982357 0.005094431 -0.912200212 0.000827262 -0.005091931 0.999986708 34.836277008
0.999994874 0.003043148 -0.000971109 0.575128973 -0.003037912 0.999981105 0.005348731 -0.927915990 0.000987367 -0.005345753 0.999985218 35.328727722
0.999994040 0.003344733 -0.000821913 0.583212256 -0.003340434 0.999981105 0.005177087 -0.938737690 0.000839214 -0.005174311 0.999986291 35.883071899
0.999994457 0.003286094 -0.000534303 0.587419033 -0.003283616 0.999984264 0.004574865 -0.947499037 0.000549328 -0.004573085 0.999989390 36.425937653
0.999993503 0.003427830 -0.001106329 0.598094404 -0.003421638 0.999978721 0.005550851 -0.970527411 0.001125333 -0.005547028 0.999983966 36.911575317
0.999991715 0.003829351 -0.001390673 0.607626081 -0.003821385 0.999976456 0.005687066 -0.983442307 0.001412418 -0.005681704 0.999982834 37.464061737
0.999993384 0.003521694 -0.000953579 0.616063476 -0.003517081 0.999982297 0.004795856 -0.987580776 0.000970452 -0.004792470 0.999988079 38.010398865
0.999994218 0.003168164 -0.001196742 0.621870339 -0.003162144 0.999982476 0.004998872 -0.994718909 0.001212558 -0.004995060 0.999986768 38.506500244
0.999993742 0.003282260 -0.001296973 0.633240104 -0.003276160 0.999983728 0.004678156 -1.007740974 0.001312306 -0.004673879 0.999988198 39.052101135
0.999995172 0.002427403 -0.001922480 0.654963732 -0.002417718 0.999984384 0.005024490 -1.024916530 0.001934647 -0.005019818 0.999985516 39.590854645
0.999994338 0.003173797 -0.001129139 0.637208879 -0.003168846 0.999985456 0.004359640 -1.028078914 0.001142959 -0.004356038 0.999989867 40.133758545
0.999989927 0.004389964 -0.000963904 0.646417379 -0.004385968 0.999981880 0.004109425 -1.033295155 0.000981926 -0.004105157 0.999991119 40.677974701
0.999992669 0.003466115 -0.001636614 0.667721510 -0.003460021 0.999987125 0.003711692 -1.048890352 0.001649457 -0.003706003 0.999991775 41.209342957
0.999994338 0.003058923 -0.001414625 0.662106931 -0.003052822 0.999986112 0.004295359 -1.060186863 0.001427745 -0.004291016 0.999989748 41.674011230
0.999993801 0.003313774 -0.001159168 0.667148292 -0.003308499 0.999984324 0.004523458 -1.070983887 0.001174139 -0.004519595 0.999989092 42.221076965
0.999994218 0.003148544 -0.001279672 0.684109032 -0.003142920 0.999985456 0.004373421 -1.086479664 0.001293424 -0.004369375 0.999989569 42.757202148
0.999992669 0.003581841 -0.001362863 0.684623539 -0.003576127 0.999984920 0.004172151 -1.093561053 0.001377786 -0.004167246 0.999990344 43.283798218
0.999991298 0.004076789 -0.000892737 0.690093040 -0.004073324 0.999984264 0.003848980 -1.103691936 0.000908414 -0.003845310 0.999992192 43.839988708
0.999989867 0.004479116 -0.000519133 0.698395610 -0.004476748 0.999979973 0.004475688 -1.123337507 0.000539170 -0.004473317 0.999989808 44.387695312
0.999989390 0.004499747 -0.000979120 0.697159290 -0.004496059 0.999982834 0.003737000 -1.126963139 0.000995919 -0.003732559 0.999992490 44.874305725
0.999990225 0.004383990 -0.000612530 0.702196360 -0.004381702 0.999983609 0.003689979 -1.141239405 0.000628696 -0.003687259 0.999993026 45.415706635
0.999988258 0.004749900 -0.000998388 0.722243190 -0.004746390 0.999982595 0.003490058 -1.151893020 0.001014948 -0.003485278 0.999993384 45.954986572
0.999990284 0.004324982 -0.000771072 0.709300280 -0.004322187 0.999984205 0.003594646 -1.156148195 0.000786607 -0.003591278 0.999993265 46.469200134
0.999991059 0.004170645 -0.000630645 0.717002869 -0.004168531 0.999985874 0.003317352 -1.166350722 0.000644472 -0.003314694 0.999994397 47.012634277
0.999991536 0.004092604 -0.000454512 0.730602682 -0.004090966 0.999985337 0.003548889 -1.182013035 0.000469030 -0.003547000 0.999993682 47.553421021
0.999992311 0.003825441 -0.000867132 0.726625383 -0.003822165 0.999985814 0.003748683 -1.194426894 0.000881461 -0.003745340 0.999992609 48.050354004
0.999988377 0.004794355 -0.000500524 0.736603379 -0.004792393 0.999981225 0.003848813 -1.207216024 0.000518967 -0.003846370 0.999992490 48.597805023
0.999987483 0.004995171 -0.000091451 0.738721251 -0.004994708 0.999977410 0.004506581 -1.221554875 0.000113961 -0.004506068 0.999989867 49.138545990
0.999991059 0.004185621 -0.000554196 0.744322419 -0.004183419 0.999983549 0.003919321 -1.234845400 0.000570591 -0.003916967 0.999992192 49.647033691
0.999989152 0.004645630 -0.000252776 0.750029445 -0.004644661 0.999982357 0.003712192 -1.244540572 0.000270017 -0.003710979 0.999993086 50.194202423
0.999986708 0.005115479 -0.000517784 0.763757765 -0.005113679 0.999981105 0.003419999 -1.255680919 0.000535270 -0.003417307 0.999994040 50.718750000
0.999984980 0.005477211 0.000143725 0.756357253 -0.005477691 0.999978542 0.003589198 -1.263339996 -0.000124064 -0.003589932 0.999993563 51.237998962
0.999986708 0.005153351 -0.000015150 0.767549932 -0.005153271 0.999981165 0.003325227 -1.269033074 0.000032286 -0.003325105 0.999994457 51.786090851
0.999979675 0.006354452 0.000452677 0.769811928 -0.006355988 0.999973714 0.003478177 -1.285819173 -0.000430563 -0.003480984 0.999993861 52.339561462
0.999985993 0.005296047 -0.000013954 0.787772357 -0.005295953 0.999978662 0.003828160 -1.302887082 0.000034228 -0.003828033 0.999992609 52.835796356
0.999985516 0.005386549 0.000005611 0.794014335 -0.005386529 0.999977648 0.003966156 -1.315106988 0.000015752 -0.003966128 0.999992132 53.375217438
0.999984443 0.005568800 -0.000239862 0.806715012 -0.005567866 0.999977529 0.003732139 -1.327008486 0.000260640 -0.003730745 0.999993026 53.938835144
0.999989331 0.004611601 -0.000288850 0.821251750 -0.004610502 0.999982536 0.003702509 -1.334354877 0.000305919 -0.003701137 0.999993145 54.485359192
0.999986291 0.005203132 0.000492910 0.798749506 -0.005204898 0.999979794 0.003654156 -1.352973580 -0.000473887 -0.003656672 0.999993145 54.990230560
0.999983430 0.005713785 0.000623086 0.809457541 -0.005715961 0.999977350 0.003548712 -1.366714120 -0.000602795 -0.003552215 0.999993443 55.541946411
0.999978304 0.006544601 0.000681041 0.820759773 -0.006546979 0.999972284 0.003549819 -1.377612591 -0.000657790 -0.003554201 0.999993443 56.085815430
0.999985516 0.005342172 0.000500901 0.816784441 -0.005343863 0.999979794 0.003436797 -1.389160037 -0.000482531 -0.003439425 0.999993980 56.613422394
0.999984503 0.005464402 0.001023066 0.829002678 -0.005467855 0.999979198 0.003403310 -1.400038362 -0.001004447 -0.003408851 0.999993742 57.159564972
0.999981225 0.006028451 0.001151879 0.831217170 -0.006032067 0.999976754 0.003162142 -1.409588814 -0.001132789 -0.003169030 0.999994278 57.712993622
0.999984086 0.005533345 0.001104632 0.853238881 -0.005536581 0.999980271 0.002948800 -1.422397375 -0.001088294 -0.002954869 0.999995112 58.225791931
0.999985099 0.005362336 0.000967134 0.841417253 -0.005364914 0.999981999 0.002681665 -1.438912392 -0.000952736 -0.002686813 0.999995947 58.733516693
0.999980271 0.006199036 0.000966979 0.854050636 -0.006201921 0.999976218 0.003010151 -1.446406841 -0.000948296 -0.003016089 0.999994993 59.302696228
0.999984324 0.005483347 0.001090574 0.867386580 -0.005486580 0.999980450 0.002982208 -1.464872718 -0.001074200 -0.002988145 0.999994934 59.838073730
0.999979377 0.006260418 0.001433174 0.866528749 -0.006264383 0.999976456 0.002777662 -1.470349312 -0.001415751 -0.002786583 0.999995112 60.367210388
0.999975562 0.006825263 0.001512787 0.873568416 -0.006829425 0.999972880 0.002763197 -1.486102104 -0.001493887 -0.002773461 0.999995053 60.910411835
0.999976218 0.006594210 0.002011582 0.885339320 -0.006599460 0.999974787 0.002613556 -1.500613332 -0.001994297 -0.002626769 0.999994576 61.457145691
0.999974728 0.006894952 0.001728813 0.885641932 -0.006899753 0.999972284 0.002786337 -1.512560368 -0.001709553 -0.002798195 0.999994636 61.978473663
0.999974966 0.006801537 0.001927500 0.897210717 -0.006806205 0.999973953 0.002425767 -1.529694676 -0.001910950 -0.002438825 0.999995172 62.531742096
0.999973774 0.007022921 0.001712586 0.912484169 -0.007027369 0.999971867 0.002604837 -1.544160366 -0.001694244 -0.002616804 0.999995172 63.062683105
0.999976873 0.006477456 0.002071216 0.897957683 -0.006482092 0.999976456 0.002240272 -1.547603130 -0.002056656 -0.002253646 0.999995351 63.573253632
0.999972403 0.006951320 0.002619531 0.904044032 -0.006958041 0.999972403 0.002565636 -1.566329956 -0.002601624 -0.002583792 0.999993324 64.108421326
0.999974847 0.006627440 0.002521962 0.915253937 -0.006634663 0.999973834 0.002866451 -1.582893014 -0.002502899 -0.002883111 0.999992728 64.644409180
0.999977171 0.006240321 0.002579982 0.916246951 -0.006246080 0.999978006 0.002230473 -1.581209540 -0.002566007 -0.002246536 0.999994159 65.174743652
0.999976277 0.006381050 0.002547654 0.927555919 -0.006385472 0.999978125 0.001731471 -1.594742179 -0.002536549 -0.001747698 0.999995232 65.723480225
0.999971151 0.007086515 0.002700982 0.940289855 -0.007092270 0.999972582 0.002127348 -1.613107800 -0.002685832 -0.002146443 0.999994040 66.242820740
0.999972343 0.006967694 0.002575194 0.961178124 -0.006972990 0.999973536 0.002053160 -1.628799200 -0.002560820 -0.002071060 0.999994516 66.772598267
0.999973953 0.006696939 0.002639182 0.945348263 -0.006703216 0.999974668 0.002377709 -1.641654134 -0.002623192 -0.002395339 0.999993682 67.291076660
0.999972165 0.006983281 0.002621945 0.955053151 -0.006988658 0.999973536 0.002047392 -1.652319789 -0.002607578 -0.002065660 0.999994457 67.840644836
0.999965549 0.007555363 0.003425716 0.970475256 -0.007564310 0.999967933 0.002606420 -1.683802724 -0.003405914 -0.002632244 0.999990702 68.366958618
0.999954224 0.008538371 0.004307178 0.964254618 -0.008552425 0.999958158 0.003255625 -1.700006008 -0.004279200 -0.003292313 0.999985397 68.882614136
0.999979377 0.005746123 0.002842645 0.980641246 -0.005752224 0.999981165 0.002142627 -1.695658565 -0.002830279 -0.002158934 0.999993682 69.366630554
0.999978900 0.005713603 0.003074120 0.989950240 -0.005720207 0.999981344 0.002143422 -1.711467028 -0.003061815 -0.002160962 0.999992967 69.914726257
0.999968529 0.006974407 0.003786099 0.999333143 -0.006981686 0.999973834 0.001913226 -1.719407558 -0.003772656 -0.001939600 0.999991000 70.476631165
0.999971569 0.006922590 0.002967955 1.009231210 -0.006929018 0.999973595 0.002161891 -1.737967730 -0.002952911 -0.002182394 0.999993265 71.013214111
0.999977291 0.006076762 0.002885704 1.027542830 -0.006082475 0.999979496 0.001974755 -1.753471613 -0.002873645 -0.001992262 0.999993920 71.551307678
0.999963522 0.007732274 0.003631141 1.024285078 -0.007742848 0.999965847 0.002906953 -1.773311377 -0.003608539 -0.002934962 0.999989212 72.105178833
0.999968052 0.007326200 0.003199217 1.042600155 -0.007332486 0.999971211 0.001957205 -1.775429010 -0.003184786 -0.001980601 0.999992907 72.582221985
0.999958038 0.008455751 0.003541986 1.051916242 -0.008463140 0.999962032 0.002075977 -1.779556394 -0.003524298 -0.002105866 0.999991596 73.143699646
0.999964297 0.007626498 0.003629887 1.068648100 -0.007633155 0.999969184 0.001824108 -1.803340793 -0.003615864 -0.001851751 0.999991775 73.663070679
0.999965131 0.007514142 0.003626721 1.069375038 -0.007521698 0.999969542 0.002074651 -1.811834574 -0.003611022 -0.002101858 0.999991298 74.145858765
0.999950707 0.009160377 0.003824358 1.077145576 -0.009166826 0.999956548 0.001672584 -1.824233294 -0.003808870 -0.001707559 0.999991357 74.688766479
0.999952555 0.008812464 0.004143755 1.090857267 -0.008818698 0.999959886 0.001488654 -1.834500194 -0.004130471 -0.001525126 0.999990404 75.246742249
0.999957621 0.008469239 0.003597295 1.113872886 -0.008471176 0.999963939 0.000523268 -1.843165755 -0.003592734 -0.000553719 0.999993443 75.771339417
0.999963522 0.007677921 0.003749605 1.102563620 -0.007686196 0.999968052 0.002198011 -1.870977879 -0.003732609 -0.002226751 0.999990582 76.267021179
0.999964356 0.007393808 0.004093389 1.117709041 -0.007402235 0.999970496 0.002047080 -1.885355473 -0.004078132 -0.002077307 0.999989510 76.811065674
0.999965847 0.007392874 0.003719911 1.132211685 -0.007400030 0.999970734 0.001913662 -1.895537972 -0.003705655 -0.001941124 0.999991238 77.373008728
0.999960601 0.007904104 0.004032383 1.132464290 -0.007910318 0.999967515 0.001527916 -1.912617445 -0.004020175 -0.001559753 0.999990702 77.882766724
0.999953747 0.008576653 0.004351974 1.144597173 -0.008583072 0.999962151 0.001458851 -1.928127408 -0.004339296 -0.001496137 0.999989510 78.425689697
0.999944031 0.008788147 0.005890545 1.146537185 -0.008797669 0.999960124 0.001592838 -1.938745618 -0.005876310 -0.001644572 0.999981403 78.957633972
0.999937713 0.008951669 0.006669316 1.150781155 -0.008959945 0.999959111 0.001212101 -1.948024511 -0.006658194 -0.001271782 0.999977052 79.497138977
0.999928355 0.008968339 0.007917522 1.164401412 -0.008978855 0.999958813 0.001293534 -1.962291598 -0.007905595 -0.001364532 0.999967873 80.052795410
0.999909461 0.009540454 0.009490320 1.175666213 -0.009550266 0.999953926 0.000988887 -1.984506488 -0.009480448 -0.001079433 0.999954581 80.578643799
0.999880612 0.009250930 0.012377076 1.202446103 -0.009269272 0.999956131 0.001425339 -1.995193481 -0.012363347 -0.001539895 0.999922395 81.102050781
0.999829054 0.009314436 0.015973888 1.224489927 -0.009342067 0.999955058 0.001655655 -2.009704828 -0.015957747 -0.001804602 0.999871075 81.644508362
0.999775946 0.008687395 0.019304218 1.252608776 -0.008722108 0.999960482 0.001714713 -2.034568548 -0.019288559 -0.001882703 0.999812126 82.170799255
0.999692678 0.008560701 0.023264697 1.264847279 -0.008595910 0.999962032 0.001413818 -2.030365944 -0.023251709 -0.001613365 0.999728262 82.709236145
0.999517024 0.009401134 0.029621679 1.291593075 -0.009442953 0.999954641 0.001272148 -2.041838169 -0.029608373 -0.001551249 0.999560297 83.258697510
0.999319136 0.009306462 0.035700142 1.326432228 -0.009351169 0.999955654 0.001085469 -2.057912827 -0.035688460 -0.001418568 0.999361932 83.790130615
0.999105930 0.008838867 0.041342307 1.364190102 -0.008884217 0.999960124 0.000913347 -2.062503338 -0.041332588 -0.001279824 0.999144614 84.345474243
0.998762667 0.008605182 0.048980486 1.411589384 -0.008648887 0.999962449 0.000680448 -2.075395823 -0.048972785 -0.001103233 0.998799503 84.887252808
0.998271227 0.008926511 0.058092535 1.456937075 -0.008974007 0.999959588 0.000556796 -2.086901426 -0.058085214 -0.001077156 0.998311043 85.442131042
0.997832656 0.008311764 0.065276518 1.508929729 -0.008355340 0.999965012 0.000394592 -2.096079588 -0.065270960 -0.000939144 0.997867107 86.000602722
0.997206211 0.008269464 0.074238569 1.567054749 -0.008307440 0.999965429 0.000202806 -2.116038322 -0.074234314 -0.000818972 0.997240484 86.533416748
0.996399105 0.008531290 0.084356032 1.632719040 -0.008554801 0.999963403 -0.000082771 -2.128566742 -0.084353648 -0.000639176 0.996435642 87.073127747
0.995604396 0.008313954 0.093288004 1.698924065 -0.008366006 0.999964952 0.000166913 -2.140795469 -0.093283333 -0.000946628 0.995639086 87.619239807
0.994907796 0.007448846 0.100513294 1.767379761 -0.007432906 0.999972284 -0.000533085 -2.153364897 -0.100514457 -0.000216735 0.994935572 88.178611755
0.993855000 0.007918037 0.110406168 1.848157883 -0.007917719 0.999968529 -0.000441311 -2.161839008 -0.110406175 -0.000435566 0.993886471 88.719528198
0.992641330 0.008672703 0.120780885 1.939373016 -0.008740045 0.999961793 0.000027806 -2.180502415 -0.120776027 -0.001083232 0.992679238 89.259735107
0.991344988 0.008050082 0.131035134 2.022181511 -0.008065348 0.999967337 -0.000414207 -2.192780495 -0.131034195 -0.000646222 0.991377652 89.823303223
0.989726484 0.008762367 0.142704532 2.114488602 -0.008838877 0.999960899 -0.000097780 -2.211990833 -0.142699808 -0.001164572 0.989765346 90.363662720
0.987973332 0.008004109 0.154416829 2.214580536 -0.008029706 0.999967635 -0.000457948 -2.217827797 -0.154415533 -0.000787481 0.988005638 90.896697998
0.986233890 0.007148318 0.165201694 2.325682640 -0.007145922 0.999974191 -0.000608857 -2.231533289 -0.165201783 -0.000580043 0.986259520 91.435035706
0.984476984 0.006964364 0.175375968 2.446809769 -0.006892963 0.999975681 -0.001016299 -2.244636536 -0.175378799 -0.000208337 0.984501064 91.987289429
0.982018352 0.006919200 0.188658640 2.562072754 -0.006927765 0.999975801 -0.000614020 -2.265237093 -0.188658327 -0.000704003 0.982042551 92.505287170
0.979586601 0.006431739 0.200919777 2.695264816 -0.006286000 0.999979317 -0.001363355 -2.276447535 -0.200924367 0.000072543 0.979606807 93.032440186
0.977512836 0.006143546 0.210786492 2.825780869 -0.006068739 0.999980986 -0.001001768 -2.293921709 -0.210788652 -0.000299967 0.977531672 93.564682007
0.974507928 0.005764663 0.224278703 2.958408356 -0.005602814 0.999983311 -0.001358041 -2.297764063 -0.224282801 0.000066830 0.974524021 94.100608826
0.971362650 0.005603424 0.237535805 3.111129761 -0.005369017 0.999984205 -0.001633747 -2.309298277 -0.237541199 0.000311627 0.971377432 94.635810852
0.968718469 0.004712780 0.248117700 3.268634796 -0.004437156 0.999988735 -0.001670063 -2.326858997 -0.248122782 0.000516883 0.968728423 95.152061462
0.966093004 0.003719328 0.258167773 3.444171906 -0.003413194 0.999992847 -0.001633972 -2.354059458 -0.258172005 0.000697393 0.966098726 95.642730713
0.962180376 0.004272144 0.272379458 3.598590851 -0.003990457 0.999990761 -0.001588092 -2.340257883 -0.272383720 0.000441112 0.962188542 96.108161926
0.958415210 0.004673179 0.285339206 3.774888992 -0.004299178 0.999988914 -0.001937093 -2.356426477 -0.285345078 0.000629816 0.958424628 96.637084961
0.954986334 0.003747697 0.296626091 3.962402344 -0.003275153 0.999992430 -0.002089978 -2.365966320 -0.296631664 0.001024404 0.954991460 97.184059143
0.950480878 0.003749815 0.310760319 4.141086578 -0.003411940 0.999992847 -0.001630854 -2.391718149 -0.310764283 0.000489800 0.950486898 97.677467346
0.945799291 0.002883024 0.324739039 4.348953247 -0.002376905 0.999995291 -0.001955216 -2.404526472 -0.324743122 0.001077368 0.945801616 98.200325012
0.941849113 0.002696940 0.336025268 4.562417984 -0.002075289 0.999995470 -0.002209120 -2.414482117 -0.336029768 0.001383309 0.941850364 98.707160950
0.936994970 0.003050119 0.349329710 4.776700974 -0.002422363 0.999994576 -0.002233882 -2.424533129 -0.349334657 0.001246932 0.936997235 99.253875732
0.931582689 0.002410891 0.363521427 4.964809418 -0.001853542 0.999996483 -0.001882023 -2.451950788 -0.363524795 0.001079457 0.931583881 99.732963562
0.926759005 0.001798508 0.375651926 5.196510315 -0.001059915 0.999997020 -0.002172802 -2.465567350 -0.375654787 0.001615505 0.926758289 100.239196777
0.921864331 0.001661914 0.387509465 5.434118271 -0.000998645 0.999997616 -0.001912973 -2.478224993 -0.387511760 0.001376517 0.921863735 100.767814636
0.915808856 0.001913680 0.401609719 5.671512604 -0.001149603 0.999996960 -0.002143514 -2.487936974 -0.401612639 0.001501358 0.915808439 101.266265869
0.909661889 0.001997267 0.415344954 5.892303467 -0.001246285 0.999997020 -0.002079148 -2.488704920 -0.415347904 0.001373683 0.909661531 101.754356384
0.904707730 0.001536552 0.426029891 6.144332886 -0.000661192 0.999997437 -0.002202573 -2.504688263 -0.426032156 0.001710997 0.904706299 102.234268188
0.898825109 0.001537123 0.438304782 6.405838013 -0.000727711 0.999997735 -0.002014659 -2.522890568 -0.438306868 0.001491867 0.898824096 102.724945068
0.892161846 0.001749655 0.451712489 6.681556702 -0.000900232 0.999997377 -0.002095354 -2.538180828 -0.451714933 0.001462749 0.892161071 103.231689453
0.886238217 0.001173922 0.463228166 6.973316193 -0.000022621 0.999996960 -0.002490933 -2.557396889 -0.463229656 0.002197081 0.886235535 103.718750000
0.879976869 0.001164266 0.475015014 7.189353943 -0.000113760 0.999997497 -0.002240259 -2.557559729 -0.475016385 0.001917338 0.879974842 104.134643555
0.872358263 0.001137185 0.488865733 7.482780457 -0.000346724 0.999998510 -0.001707456 -2.579394341 -0.488866866 0.001320012 0.872357428 104.605239868
0.864969671 0.001332726 0.501822352 7.775623322 -0.000136946 0.999997079 -0.002419715 -2.587846518 -0.501824081 0.002024258 0.864967287 105.079277039
