1.000000000 0.000000000 0.000000000 0.000000000 0.000000000 1.000000000 0.000000000 0.000000000 0.000000000 0.000000000 1.000000000 0.000000000
1.000000000 0.000014362 0.000031037 0.000330481 -0.000014366 1.000000000 0.000116296 -0.000703556 -0.000031035 -0.000116296 1.000000000 -0.000347659
1.000000000 0.000024083 -0.000131036 0.001177405 -0.000024075 1.000000000 0.000060607 -0.000627720 0.000131037 -0.000060604 1.000000000 -0.000697192
1.000000000 0.000006883 -0.000034904 0.000113948 -0.000006881 1.000000000 0.000040738 -0.000528239 0.000034904 -0.000040737 1.000000000 0.000328789
1.000000000 0.000007176 -0.000043320 -0.000278966 -0.000007176 1.000000000 0.000009711 -0.000000693 0.000043320 -0.000009711 1.000000000 -0.000356858
1.000000000 0.000038446 -0.000061114 -0.000152058 -0.000038447 1.000000000 -0.000021920 -0.000186118 0.000061113 0.000021923 1.000000000 -0.000534448
1.000000000 0.000091257 -0.000073499 0.000587303 -0.000091258 1.000000000 -0.000016288 -0.000616268 0.000073498 0.000016294 1.000000000 -0.001277412
1.000000000 -0.000022670 -0.000084971 0.001075915 0.000022665 1.000000000 -0.000061326 0.000188129 0.000084972 0.000061324 1.000000000 -0.000291345
1.000000000 -0.000118140 -0.000022412 0.000847439 0.000118140 1.000000000 -0.000019531 -0.000384157 0.000022415 0.000019529 1.000000000 -0.001265117
1.000000000 -0.000227742 -0.000058297 0.001130587 0.000227736 0.999999940 -0.000093595 0.001575093 0.000058318 0.000093582 1.000000000 0.002361531
1.000000000 -0.000096187 -0.000038264 0.000336142 0.000096187 1.000000000 -0.000004723 -0.000040107 0.000038265 0.000004719 1.000000000 0.001837568
1.000000000 -0.000037199 0.000060310 -0.000541190 0.000037210 1.000000000 -0.000186413 0.002033481 -0.000060303 0.000186415 1.000000000 0.002737617
1.000000000 -0.000136341 0.000008259 -0.000494674 0.000136341 1.000000000 0.000057739 0.000192919 -0.000008266 -0.000057738 1.000000000 0.001401090
1.000000000 -0.000096195 0.000000676 -0.000253502 0.000096195 1.000000000 0.000082368 0.000007117 -0.000000683 -0.000082368 1.000000000 0.001356716
1.000000000 -0.000113129 -0.000123113 0.000749450 0.000113138 1.000000000 0.000073330 -0.000713724 0.000123104 -0.000073344 1.000000000 0.000251190
1.000000000 0.000023260 -0.000032017 -0.000415965 -0.000023260 1.000000000 0.000007828 -0.000392974 0.000032018 -0.000007827 1.000000000 -0.000358607
1.000000000 0.000174494 0.000117071 -0.001648112 -0.000174502 1.000000000 0.000074581 -0.000075298 -0.000117058 -0.000074602 1.000000000 0.001272434
1.000000000 -0.000016468 -0.000174084 0.000544176 0.000016457 1.000000000 -0.000061576 0.000367507 0.000174085 0.000061573 1.000000000 0.000463251
1.000000000 -0.000132149 -0.000019808 0.000233160 0.000132150 1.000000000 0.000029840 -0.000458061 0.000019804 -0.000029843 1.000000000 0.000634713
1.000000000 0.000043024 0.000096595 -0.000242705 -0.000043025 1.000000000 0.000007294 -0.000112764 -0.000096594 -0.000007298 1.000000000 0.001047017
1.000000000 0.000099971 0.000027679 -0.001035357 -0.000099969 1.000000000 -0.000055051 0.000487381 -0.000027685 0.000055049 1.000000000 0.001772690
1.000000000 -0.000120049 -0.000071073 0.000222423 0.000120049 1.000000000 -0.000004246 0.000500713 0.000071073 0.000004238 1.000000000 0.000313631
1.000000000 -0.000087605 -0.000038266 0.001038208 0.000087607 1.000000000 0.000038373 0.000140985 0.000038263 -0.000038376 1.000000000 0.001609034
1.000000000 -0.000020813 0.000128413 -0.000348841 0.000020815 1.000000000 -0.000011337 0.000795381 -0.000128413 0.000011340 1.000000000 -0.000262535
1.000000000 -0.000143421 -0.000139509 0.001372341 0.000143422 1.000000000 0.000007143 0.000139766 0.000139508 -0.000007163 1.000000000 0.000793874
1.000000000 0.000065914 -0.000032649 -0.000168874 -0.000065918 1.000000000 -0.000108009 0.001009030 0.000032642 0.000108012 1.000000000 0.000089800
1.000000000 0.000033276 0.000075861 -0.000471096 -0.000033265 1.000000000 -0.000144307 0.000583268 -0.000075866 0.000144304 1.000000000 -0.000752775
1.000000000 -0.000024106 -0.000040798 0.000048569 0.000024103 1.000000000 -0.000078277 0.000391977 0.000040800 0.000078276 1.000000000 0.000098986
1.000000000 -0.000041020 -0.000029936 -0.000955315 0.000041020 1.000000000 -0.000014968 0.001458727 0.000029937 0.000014967 1.000000000 0.002477401
1.000000000 0.000054624 0.000166094 -0.001709928 -0.000054615 1.000000000 -0.000053200 0.001396560 -0.000166097 0.000053191 1.000000000 0.001529120
1.000000000 -0.000009942 -0.000020737 -0.000005698 0.000009943 1.000000000 0.000052285 0.000321313 0.000020736 -0.000052285 1.000000000 -0.000026571
1.000000000 0.000094531 0.000106051 -0.001741360 -0.000094538 1.000000000 0.000070566 0.000091750 -0.000106044 -0.000070576 1.000000000 0.001380922
1.000000000 -0.000053374 0.000079811 -0.001204823 0.000053374 1.000000000 -0.000009320 0.000105793 -0.000079810 0.000009325 1.000000000 0.001646377
1.000000000 -0.000062868 0.000005227 -0.000574430 0.000062868 1.000000000 -0.000000027 0.000986338 -0.000005227 0.000000027 1.000000000 0.001858599
1.000000000 0.000014007 0.000112000 -0.001437955 -0.000013998 1.000000000 -0.000079519 0.002173660 -0.000112002 0.000079517 1.000000000 0.003643674
1.000000000 0.000157605 0.000168925 -0.002510544 -0.000157597 1.000000000 -0.000046024 0.002387519 -0.000168932 0.000045998 1.000000000 0.003559968
1.000000000 -0.000170721 0.000006198 -0.000692994 0.000170721 1.000000000 0.000021227 0.000952196 -0.000006202 -0.000021226 1.000000000 0.002208444
1.000000000 -0.000049384 0.000056632 -0.001031215 0.000049380 1.000000000 0.000070685 0.000787694 -0.000056636 -0.000070682 1.000000000 0.001556995
1.000000000 -0.000139749 -0.000000670 -0.000411435 0.000139749 1.000000000 -0.000012400 0.001158587 0.000000671 0.000012400 1.000000000 0.001951470
1.000000000 -0.000004110 0.000242282 -0.001791818 0.000004109 1.000000000 0.000004558 -0.000319285 -0.000242282 -0.000004557 1.000000000 0.002008799
0.999999940 -0.000087120 0.000305961 -0.001228384 0.000087330 0.999999762 -0.000687857 -0.001744978 -0.000305901 0.000687884 0.999999702 0.051931951
0.999999940 0.000180095 0.000200745 -0.000003452 -0.000179837 0.999999166 -0.001287517 -0.004479527 -0.000200976 0.001287480 0.999999166 0.134317115
0.999999881 0.000470003 0.000003870 0.003337716 -0.000469997 0.999998808 -0.001459574 -0.004116707 -0.000004556 0.001459572 0.999998927 0.254384309
0.999999940 0.000273872 0.000044963 0.004329360 -0.000273816 0.999999225 -0.001236117 -0.013044009 -0.000045301 0.001236105 0.999999225 0.382801175
0.999999940 0.000397554 0.000092415 0.007560709 -0.000397455 0.999999344 -0.001063262 -0.016656950 -0.000092838 0.001063225 0.999999404 0.527526438
1.000000000 0.000127475 -0.000033138 0.014512487 -0.000127515 0.999999285 -0.001201374 -0.019909658 0.000032985 0.001201378 0.999999285 0.682238042
1.000000000 0.000148398 0.000176032 0.016239284 -0.000148215 0.999999464 -0.001035389 -0.021025401 -0.000176185 0.001035363 0.999999464 0.852840483
0.999999881 0.000489491 0.000129152 0.016503084 -0.000489392 0.999999583 -0.000765715 -0.027232792 -0.000129527 0.000765652 0.999999702 1.018134475
1.000000000 0.000155512 0.000127809 0.021303779 -0.000155504 1.000000000 -0.000066719 -0.037730135 -0.000127819 0.000066700 1.000000000 1.187509179
0.999999940 0.000330752 0.000090870 0.020318680 -0.000330696 0.999999762 -0.000605556 -0.035467878 -0.000091071 0.000605526 0.999999821 1.377170563
0.999999881 0.000468185 -0.000111509 0.030227052 -0.000468234 0.999999821 -0.000438968 -0.043213669 0.000111304 0.000439020 0.999999881 1.580867410
0.999998987 0.001220666 0.000728423 0.021786876 -0.001220385 0.999999166 -0.000385553 -0.048490934 -0.000728893 0.000384663 0.999999642 1.772902012
0.999999881 0.000337410 -0.000262741 0.043441378 -0.000337519 0.999999881 -0.000417302 -0.049848378 0.000262600 0.000417391 0.999999881 1.962527037
0.999999583 0.000547410 0.000702917 0.032788575 -0.000546996 0.999999702 -0.000588267 -0.054848690 -0.000703238 0.000587882 0.999999583 2.181789637
0.999999285 0.000801791 0.000866301 0.031269774 -0.000801273 0.999999523 -0.000598237 -0.063587971 -0.000866780 0.000597542 0.999999464 2.386880398
0.999999106 0.001166262 0.000613342 0.043563716 -0.001166136 0.999999285 -0.000205429 -0.076534100 -0.000613581 0.000204713 0.999999762 2.583371162
0.999999523 0.000501241 0.000811042 0.050942875 -0.000501534 0.999999821 0.000360810 -0.089845687 -0.000810861 -0.000361217 0.999999583 2.801453829
0.999998808 0.001373833 0.000676846 0.052239798 -0.001373850 0.999999046 0.000025419 -0.090493351 -0.000676811 -0.000026348 0.999999702 3.041002750
0.999999285 0.001075928 0.000379176 0.062634028 -0.001075793 0.999999344 -0.000356484 -0.093743138 -0.000379559 0.000356076 0.999999881 3.277099371
0.999999583 0.000657963 0.000569460 0.066884995 -0.000658068 0.999999702 0.000183512 -0.107546054 -0.000569339 -0.000183886 0.999999762 3.513178110
0.999999464 0.000847762 0.000624969 0.069061846 -0.000847717 0.999999583 -0.000072573 -0.108791612 -0.000625031 0.000072043 0.999999762 3.781956911
0.999999285 0.001021053 0.000691299 0.071767740 -0.001020908 0.999999464 -0.000210481 -0.115039855 -0.000691513 0.000209775 0.999999702 4.042055130
0.999998748 0.001331265 0.000875720 0.075349420 -0.001331386 0.999999106 0.000136824 -0.122631371 -0.000875538 -0.000137990 0.999999642 4.294333458
0.999999225 0.000866448 0.000968237 0.080670483 -0.000866550 0.999999583 0.000105082 -0.125939041 -0.000968145 -0.000105921 0.999999583 4.546549320
0.999998868 0.001331431 0.000703887 0.091542006 -0.001331347 0.999999106 -0.000120497 -0.131903633 -0.000704046 0.000119559 0.999999702 4.809775352
0.999998808 0.001343820 0.000757523 0.093821369 -0.001343632 0.999999106 -0.000248830 -0.134645760 -0.000757856 0.000247812 0.999999642 5.076049805
0.999997854 0.001833825 0.000986510 0.098767750 -0.001833404 0.999998212 -0.000428036 -0.145981178 -0.000987293 0.000426226 0.999999464 5.333160877
0.999998093 0.001704807 0.000928623 0.111174650 -0.001704637 0.999998629 -0.000183973 -0.151788682 -0.000928935 0.000182390 0.999999583 5.590818882
0.999998331 0.001411355 0.001140035 0.105379395 -0.001411491 0.999998987 0.000118489 -0.164309800 -0.001139867 -0.000120098 0.999999344 5.857435226
0.999999046 0.000952790 0.000974619 0.114145309 -0.000952906 0.999999523 0.000117975 -0.172789574 -0.000974506 -0.000118904 0.999999523 6.134346485
0.999997854 0.001544937 0.001367350 0.116571315 -0.001545580 0.999998689 0.000469086 -0.181372106 -0.001366624 -0.000471198 0.999998987 6.418446064
0.999998450 0.001205226 0.001293611 0.126585066 -0.001205676 0.999999285 0.000346604 -0.194109350 -0.001293192 -0.000348163 0.999999106 6.693276882
0.999997675 0.001726298 0.001291430 0.128581911 -0.001726532 0.999998629 0.000180207 -0.200345576 -0.001291118 -0.000182436 0.999999166 6.997901917
0.999997973 0.001382186 0.001414678 0.134570181 -0.001382138 0.999999106 -0.000034861 -0.205929324 -0.001414725 0.000032905 0.999999046 7.294506550
0.999997556 0.001528844 0.001590969 0.142199531 -0.001528572 0.999998808 -0.000172552 -0.215357855 -0.001591231 0.000170119 0.999998808 7.608705044
0.999997735 0.001551659 0.001462102 0.151629955 -0.001552156 0.999998808 0.000338670 -0.231517673 -0.001461575 -0.000340939 0.999998868 7.909938812
0.999997914 0.001494361 0.001364553 0.151603386 -0.001495028 0.999998748 0.000487596 -0.239306271 -0.001363822 -0.000489635 0.999998927 8.239321709
0.999997795 0.001585832 0.001393410 0.161837965 -0.001586781 0.999998510 0.000679992 -0.253830105 -0.001392330 -0.000682201 0.999998808 8.558337212
0.999997437 0.001114697 0.002029415 0.168377742 -0.001115992 0.999999225 0.000636910 -0.258851290 -0.002028703 -0.000639173 0.999997735 8.898436546
0.999997258 0.001583463 0.001770606 0.176382154 -0.001584980 0.999998391 0.000855962 -0.274944812 -0.001769248 -0.000858766 0.999998033 9.231564522
0.999997914 0.001587474 0.001304578 0.181468368 -0.001588123 0.999998748 0.000497195 -0.278051615 -0.001303787 -0.000499265 0.999999046 9.584336281
0.999999046 0.001121275 0.000860459 0.194015652 -0.001121776 0.999999225 0.000581667 -0.287404627 -0.000859806 -0.000582631 0.999999464 9.931189537
0.999998808 0.001257166 0.000876062 0.209520325 -0.001258102 0.999998689 0.001069413 -0.304760844 -0.000874716 -0.001070514 0.999999106 10.272991180
0.999997020 0.001572421 0.001870986 0.195317358 -0.001574254 0.999998271 0.000978463 -0.313012570 -0.001869444 -0.000981406 0.999997795 10.632116318
0.999998391 0.001337361 0.001180701 0.213564053 -0.001337958 0.999998987 0.000505020 -0.318383962 -0.001180025 -0.000506599 0.999999166 11.004823685
0.999997616 0.001742272 0.001300832 0.220110878 -0.001742417 0.999998510 0.000110942 -0.325996339 -0.001300637 -0.000113208 0.999999166 11.382435799
0.999997854 0.001591779 0.001230675 0.229883194 -0.001592570 0.999998510 0.000642049 -0.339416087 -0.001229651 -0.000644007 0.999999046 11.763501167
0.999998391 0.001066476 0.001445033 0.235175997 -0.001067136 0.999999344 0.000455798 -0.348111242 -0.001444545 -0.000457339 0.999998868 12.145517349
0.999998569 0.001132253 0.001282267 0.247145072 -0.001132781 0.999999285 0.000411125 -0.360048711 -0.001281801 -0.000412577 0.999999106 12.536671638
0.999997854 0.001654671 0.001272873 0.255069911 -0.001655452 0.999998450 0.000613354 -0.375221193 -0.001271856 -0.000615460 0.999999046 12.928032875
0.999998450 0.001041354 0.001358165 0.264177501 -0.001042382 0.999999166 0.000756441 -0.384398013 -0.001357376 -0.000757856 0.999998748 13.325620651
0.999997675 0.000766091 0.001988426 0.269631088 -0.000768017 0.999999225 0.000967919 -0.392587155 -0.001987683 -0.000969444 0.999997556 13.743309021
0.999997616 0.001037669 0.001921464 0.276922315 -0.001039331 0.999999225 0.000863820 -0.403004318 -0.001920566 -0.000865815 0.999997795 14.155660629
0.999996543 0.001410578 0.002217782 0.284931779 -0.001412251 0.999998868 0.000752586 -0.414580703 -0.002216717 -0.000755715 0.999997318 14.580510139
0.999997616 0.000993491 0.001929809 0.299962223 -0.000995802 0.999998808 0.001196968 -0.430423021 -0.001928618 -0.001198887 0.999997437 15.011096954
0.999996543 0.001266047 0.002279766 0.310104787 -0.001268264 0.999998689 0.000971451 -0.442135304 -0.002278533 -0.000974339 0.999996901 15.441720963
0.999995708 0.001100589 0.002734932 0.321137667 -0.001102400 0.999999166 0.000660767 -0.453680992 -0.002734202 -0.000663779 0.999996066 15.878440857
0.999995351 0.000916481 0.002910638 0.328980386 -0.000918279 0.999999404 0.000616494 -0.460673273 -0.002910071 -0.000619164 0.999995589 16.327655792
0.999993384 0.001500331 0.003316986 0.336437851 -0.001500964 0.999998808 0.000188124 -0.468739301 -0.003316700 -0.000193101 0.999994576 16.781524658
0.999994099 0.000750161 0.003350664 0.352462739 -0.000752741 0.999999344 0.000768887 -0.487063706 -0.003350085 -0.000771404 0.999994099 17.228563309
0.999993443 0.000993290 0.003484900 0.361972600 -0.000997715 0.999998629 0.001268322 -0.501100898 -0.003483636 -0.001271791 0.999993145 17.694168091
0.999991357 0.001040053 0.004029803 0.369222760 -0.001042607 0.999999285 0.000631690 -0.509752512 -0.004029143 -0.000635886 0.999991655 18.155683517
0.999991655 0.001012822 0.003959869 0.381540209 -0.001015909 0.999999166 0.000777566 -0.521115959 -0.003959078 -0.000781582 0.999991834 18.629335403
0.999991834 0.001179068 0.003862828 0.399311483 -0.001181795 0.999999046 0.000703594 -0.535703719 -0.003861995 -0.000708153 0.999992251 19.092628479
0.999989212 0.001323408 0.004448982 0.408497244 -0.001323578 0.999999166 0.000035124 -0.542672217 -0.004448933 -0.000041012 0.999990106 19.579780579
0.999991536 0.001018424 0.003993040 0.424025387 -0.001022556 0.999998927 0.001032884 -0.565902114 -0.003991985 -0.001036958 0.999991536 20.045093536
0.999992311 0.000931188 0.003801998 0.436325222 -0.000934015 0.999999285 0.000742008 -0.577781856 -0.003801305 -0.000745553 0.999992430 20.565475464
0.999993920 0.000733303 0.003417203 0.448010176 -0.000735169 0.999999583 0.000544694 -0.588783622 -0.003416802 -0.000547203 0.999993980 21.059940338
0.999992907 0.001140133 0.003571301 0.453324556 -0.001140959 0.999999285 0.000229174 -0.594686210 -0.003571037 -0.000233247 0.999993622 21.568857193
0.999995232 0.001278199 0.002813205 0.462944180 -0.001280978 0.999998808 0.000986377 -0.614074409 -0.002811940 -0.000989976 0.999995530 22.063564301
0.999996662 0.001056684 0.002380771 0.479988843 -0.001059538 0.999998808 0.001197870 -0.624163330 -0.002379502 -0.001200388 0.999996424 22.566089630
0.999995768 0.001701522 0.002374557 0.483012050 -0.001703658 0.999998152 0.000897991 -0.636272907 -0.002373024 -0.000902033 0.999996722 23.074342728
0.999998450 0.001440128 0.001028564 0.494431287 -0.001440468 0.999998927 0.000329331 -0.648247480 -0.001028089 -0.000330813 0.999999344 23.622804642
0.999999940 0.000329852 0.000348708 0.505132675 -0.000329757 0.999999940 -0.000273297 -0.657877624 -0.000348798 0.000273182 0.999999881 24.153816223
0.999998927 0.001555163 0.000074288 0.508566678 -0.001555184 0.999998689 0.000278274 -0.677036822 -0.000073855 -0.000278389 0.999999940 24.672054291
0.999998689 0.001569406 -0.000477415 0.517526984 -0.001569475 0.999998808 -0.000144714 -0.687242627 0.000477187 0.000145464 0.999999881 25.210289001
0.999998271 0.001790431 -0.000583360 0.522091985 -0.001790587 0.999998391 -0.000267133 -0.696736693 0.000582881 0.000268177 0.999999702 25.752220154
0.999996841 0.001910508 -0.001594115 0.538044393 -0.001909764 0.999998093 0.000468048 -0.722973764 0.001595006 -0.000465002 0.999998629 26.293214798
0.999996662 0.000907135 -0.002405639 0.552356601 -0.000904482 0.999999046 0.001103657 -0.738075376 0.002406638 -0.001101478 0.999996483 26.841871262
0.999995470 0.001023738 -0.002813857 0.563337207 -0.001020719 0.999998868 0.001074004 -0.757874548 0.002814954 -0.001071128 0.999995470 27.380554199
0.999993443 0.002304185 -0.002771572 0.560064316 -0.002301828 0.999996901 0.000853324 -0.772482336 0.002773530 -0.000846939 0.999995768 27.939226151
0.999992728 0.002921443 -0.002440823 0.561982989 -0.002918721 0.999994993 0.001118242 -0.787486672 0.002444077 -0.001111110 0.999996364 28.484384537
0.999993324 0.002571415 -0.002601801 0.574896038 -0.002568947 0.999996245 0.000951585 -0.800194740 0.002604238 -0.000944895 0.999996126 29.018463135
0.999994218 0.002647713 -0.002124362 0.564936161 -0.002646624 0.999996364 0.000515063 -0.811792493 0.002125718 -0.000509437 0.999997616 29.593765259
0.999988496 0.002436011 -0.004120084 0.591556311 -0.002429828 0.999995828 0.001504997 -0.837442875 0.004123732 -0.001494969 0.999990404 30.111030579
0.999987185 0.002928515 -0.004115993 0.601895750 -0.002923575 0.999994934 0.001205624 -0.853749216 0.004119503 -0.001193575 0.999990821 30.653682709
0.999985456 0.002577320 -0.004732281 0.607811809 -0.002570281 0.999995589 0.001493143 -0.870458841 0.004736109 -0.001480958 0.999987662 31.207660675
0.999983966 0.002310730 -0.005174745 0.619105577 -0.002302983 0.999996245 0.001502540 -0.883281469 0.005178198 -0.001490599 0.999985456 31.758863449
0.999982774 0.002643371 -0.005243206 0.632566392 -0.002634053 0.999994934 0.001783162 -0.908027709 0.005247894 -0.001769320 0.999984622 32.299285889
0.999982476 0.002794022 -0.005222954 0.641089261 -0.002784125 0.999994338 0.001901096 -0.921596169 0.005228236 -0.001886521 0.999984562 32.836944580
0.999979138 0.002654546 -0.005874286 0.642370343 -0.002645717 0.999995291 0.001510306 -0.927862704 0.005878267 -0.001494733 0.999981582 33.397052765
0.999982178 0.002557409 -0.005385518 0.644496620 -0.002550878 0.999995947 0.001219341 -0.938160658 0.005388614 -0.001205582 0.999984801 33.951976776
0.999979079 0.002371155 -0.006015229 0.656741858 -0.002361206 0.999995828 0.001660492 -0.956636906 0.006019141 -0.001646254 0.999980509 34.465213776
0.999979019 0.002042801 -0.006153238 0.668324172 -0.002031596 0.999996185 0.001826726 -0.973975718 0.006156947 -0.001814187 0.999979377 35.004726410
0.999977708 0.002189907 -0.006309136 0.672383428 -0.002180703 0.999996543 0.001465368 -0.982715905 0.006312324 -0.001451577 0.999979019 35.554801941
0.999976516 0.002991782 -0.006180950 0.676114321 -0.002981707 0.999994218 0.001638475 -0.997932732 0.006185817 -0.001620006 0.999979556 36.104759216
0.999974012 0.002988471 -0.006563831 0.687390864 -0.002980426 0.999994814 0.001234902 -1.009630919 0.006567487 -0.001215307 0.999977708 36.646026611
0.999973297 0.002969822 -0.006681775 0.694073379 -0.002961754 0.999994874 0.001216951 -1.021038771 0.006685355 -0.001197128 0.999976933 37.192626953
0.999971569 0.002883247 -0.006966860 0.700438142 -0.002876324 0.999995351 0.001003618 -1.035668850 0.006969722 -0.000983550 0.999975145 37.733295441
0.999972641 0.002450319 -0.006973200 0.707121253 -0.002445495 0.999996781 0.000700248 -1.048333764 0.006974893 -0.000683176 0.999975383 38.281311035
0.999973476 0.003051111 -0.006620135 0.711085439 -0.003047918 0.999995232 0.000492374 -1.061032653 0.006621606 -0.000472184 0.999977946 38.837478638
0.999970019 0.002899363 -0.007179273 0.715809762 -0.002891444 0.999995172 0.001113126 -1.081789255 0.007182465 -0.001092334 0.999973595 39.377197266
0.999972105 0.002421203 -0.007072748 0.728821099 -0.002410533 0.999995887 0.001516684 -1.098381400 0.007076392 -0.001499593 0.999973774 39.921184540
0.999971271 0.002411864 -0.007190830 0.745081306 -0.002398742 0.999995410 0.001832851 -1.122774363 0.007195218 -0.001815550 0.999972403 40.458404541
0.999967039 0.003210077 -0.007461641 0.754762292 -0.003201030 0.999994099 0.001223990 -1.130322218 0.007465526 -0.001200065 0.999971390 41.018138885
0.999967813 0.003203925 -0.007355229 0.739109397 -0.003195684 0.999994278 0.001131894 -1.131491303 0.007358813 -0.001108352 0.999972224 41.559753418
0.999965489 0.003277018 -0.007639661 0.746975183 -0.003271372 0.999994338 0.000751280 -1.145290136 0.007642081 -0.000726262 0.999970496 42.107635498
0.999963045 0.003046103 -0.008047873 0.766924798 -0.003036708 0.999994695 0.001179376 -1.163925290 0.008051421 -0.001154893 0.999966919 42.642211914
0.999961972 0.003164762 -0.008121242 0.776382089 -0.003153910 0.999994159 0.001348687 -1.175196528 0.008125463 -0.001323022 0.999966085 43.189319611
0.999965012 0.003489569 -0.007603423 0.761438012 -0.003480396 0.999993205 0.001219336 -1.193031430 0.007607626 -0.001192830 0.999970376 43.748809814
0.999967813 0.002973850 -0.007452442 0.767341077 -0.002963286 0.999994636 0.001428094 -1.209086418 0.007456649 -0.001405964 0.999971271 44.296817780
0.999965847 0.003078920 -0.007671923 0.768206596 -0.003063039 0.999993086 0.002080945 -1.229071498 0.007678279 -0.002057375 0.999968469 44.835136414
0.999964356 0.003649078 -0.007613130 0.779220700 -0.003638688 0.999992430 0.001378154 -1.234011412 0.007618102 -0.001350403 0.999970019 45.386066437
0.999966502 0.002957358 -0.007631740 0.790658414 -0.002946986 0.999994755 0.001369992 -1.248240829 0.007635751 -0.001347456 0.999969959 45.933860779
0.999964297 0.003209962 -0.007816891 0.793122530 -0.003200620 0.999994159 0.001207288 -1.262368441 0.007820721 -0.001182226 0.999968708 46.470783234
0.999960065 0.003734203 -0.008120516 0.808797598 -0.003720865 0.999991715 0.001656898 -1.281009793 0.008126636 -0.001626617 0.999965668 47.015911102
0.999967039 0.002841939 -0.007608140 0.797396779 -0.002833734 0.999995410 0.001089085 -1.284843206 0.007611201 -0.001067489 0.999970376 47.565090179
0.999966502 0.003580271 -0.007365171 0.805447459 -0.003572337 0.999993026 0.001090195 -1.300608039 0.007369023 -0.001063848 0.999972224 48.118606567
0.999964774 0.002574300 -0.007988167 0.820081115 -0.002563850 0.999995828 0.001318187 -1.313759565 0.007991527 -0.001297660 0.999967158 48.655239105
0.999963343 0.003140140 -0.007965405 0.818113446 -0.003129688 0.999994159 0.001324379 -1.328829408 0.007969518 -0.001299401 0.999967337 49.195991516
0.999966860 0.002984785 -0.007577437 0.826698899 -0.002975388 0.999994814 0.001251184 -1.342012286 0.007581131 -0.001228597 0.999970496 49.750968933
0.999964833 0.003162468 -0.007775216 0.837378860 -0.003154552 0.999994516 0.001030184 -1.359052658 0.007778431 -0.001005620 0.999969244 50.291858673
0.999961376 0.003306268 -0.008137134 0.837131441 -0.003296835 0.999993861 0.001172512 -1.373045802 0.008140960 -0.001145640 0.999966204 50.838497162
0.999962389 0.003219070 -0.008053846 0.846109211 -0.003209188 0.999994040 0.001239705 -1.388378739 0.008057788 -0.001213812 0.999966800 51.390407562
0.999960542 0.003046797 -0.008350442 0.853574157 -0.003036452 0.999994516 0.001251179 -1.404221892 0.008354210 -0.001225774 0.999964297 51.939517975
0.999958634 0.002604887 -0.008716526 0.868918777 -0.002596558 0.999996126 0.000966692 -1.416322708 0.008719011 -0.000944018 0.999961555 52.463298798
0.999961257 0.003110857 -0.008246537 0.866961658 -0.003101080 0.999994457 0.001198079 -1.430064201 0.008250219 -0.001172460 0.999965310 53.006977081
0.999961257 0.002435111 -0.008458272 0.878347397 -0.002428652 0.999996722 0.000773846 -1.443931580 0.008460128 -0.000753274 0.999963999 53.559436798
0.999962687 0.003339746 -0.007969171 0.872768879 -0.003328526 0.999993443 0.001420687 -1.466597557 0.007973865 -0.001394108 0.999967158 54.076725006
0.999958515 0.002343908 -0.008801014 0.892481089 -0.002329401 0.999995887 0.001658188 -1.484642506 0.008804865 -0.001637618 0.999959826 54.617771149
0.999961376 0.002748649 -0.008360358 0.894334793 -0.002738340 0.999995410 0.001244261 -1.493213415 0.008363740 -0.001221320 0.999964237 55.149921417
0.999958873 0.003706841 -0.008272485 0.893376231 -0.003692846 0.999991715 0.001706389 -1.517789125 0.008278742 -0.001675770 0.999964297 55.701240540
0.999958396 0.003542927 -0.008408361 0.898765087 -0.003529934 0.999992549 0.001559505 -1.528908491 0.008413823 -0.001529759 0.999963462 56.251811981
0.999963224 0.003466375 -0.007843495 0.914450347 -0.003455131 0.999992907 0.001446583 -1.547691584 0.007848455 -0.001419429 0.999968231 56.784152985
0.999959707 0.003942751 -0.008067775 0.916067839 -0.003930504 0.999991119 0.001533288 -1.557928443 0.008073748 -0.001501516 0.999966264 57.348396301
0.999956548 0.004273943 -0.008291450 0.922022820 -0.004258596 0.999989152 0.001867670 -1.577454329 0.008299345 -0.001832279 0.999963880 57.895275116
0.999959171 0.003608969 -0.008292402 0.934922218 -0.003596071 0.999992251 0.001569714 -1.590211511 0.008298001 -0.001539829 0.999964416 58.426483154
0.999961615 0.003569524 -0.007997270 0.927921116 -0.003562819 0.999993265 0.000852357 -1.591176629 0.008000258 -0.000823831 0.999967575 58.980804443
0.999960661 0.003450423 -0.008168074 0.938627124 -0.003446101 0.999993861 0.000543148 -1.606087327 0.008169899 -0.000514978 0.999966502 59.521480560
0.999960721 0.003730710 -0.008042946 0.943677187 -0.003724920 0.999992728 0.000734733 -1.617751479 0.008045628 -0.000704744 0.999967396 60.078052521
0.999955297 0.003859101 -0.008627400 0.955684006 -0.003854088 0.999992371 0.000597650 -1.632987976 0.008629640 -0.000564372 0.999962628 60.602241516
0.999954879 0.004707338 -0.008252015 0.964618862 -0.004698747 0.999988317 0.001060175 -1.656267166 0.008256910 -0.001021353 0.999965489 61.146682739
0.999954402 0.004315445 -0.008525877 0.969965160 -0.004312741 0.999990642 0.000335547 -1.659772635 0.008527246 -0.000298762 0.999963641 61.703884125
0.999950051 0.004427709 -0.008958419 0.979158700 -0.004423317 0.999990106 0.000510005 -1.680290580 0.008960590 -0.000470353 0.999959767 62.213474274
0.999948680 0.004661006 -0.008992512 0.986356676 -0.004656538 0.999989092 0.000517718 -1.699229598 0.008994827 -0.000475817 0.999959469 62.755558014
0.999950707 0.004527550 -0.008837438 0.990520656 -0.004519337 0.999989331 0.000948950 -1.716794610 0.008841640 -0.000908963 0.999960542 63.296340942
0.999951780 0.004472048 -0.008755328 0.993716955 -0.004464221 0.999989629 0.000913415 -1.725925684 0.008759324 -0.000874285 0.999961257 63.838539124
0.999953866 0.004195163 -0.008639044 0.994114518 -0.004186706 0.999990761 0.000996784 -1.740956545 0.008643145 -0.000960568 0.999962211 64.385803223
0.999951065 0.004577408 -0.008765520 1.005942345 -0.004567364 0.999988854 0.001165586 -1.753026724 0.008770759 -0.001125494 0.999960959 64.907142639
0.999952078 0.005018239 -0.008403503 0.998337388 -0.005011868 0.999987125 0.000779072 -1.759721756 0.008407306 -0.000736917 0.999964416 65.451332092
0.999952018 0.004813740 -0.008530319 1.013745070 -0.004806375 0.999988019 0.000883718 -1.782680631 0.008534472 -0.000842676 0.999963164 65.999763489
0.999953866 0.004823579 -0.008312185 1.014027357 -0.004821174 0.999988377 0.000309209 -1.789903998 0.008313579 -0.000269120 0.999965370 66.553962708
0.999950945 0.005156943 -0.008464092 1.025275826 -0.005156076 0.999986708 0.000124280 -1.812340260 0.008464621 -0.000080633 0.999964178 67.099037170
0.999946952 0.004850338 -0.009083552 1.054219842 -0.004842049 0.999987841 0.000934395 -1.835541248 0.009087975 -0.000890363 0.999958277 67.639183044
0.999950886 0.005506451 -0.008230710 1.027990460 -0.005497254 0.999984264 0.001139456 -1.845621347 0.008236854 -0.001094154 0.999965489 68.171447754
0.999951422 0.005343545 -0.008273013 1.030618668 -0.005337870 0.999985516 0.000707857 -1.856725931 0.008276675 -0.000663662 0.999965489 68.715263367
0.999952376 0.005430734 -0.008096470 1.049944878 -0.005418119 0.999984086 0.001579193 -1.881551862 0.008104917 -0.001535250 0.999965966 69.247619629
0.999950469 0.005919797 -0.008002688 1.045166016 -0.005914735 0.999982297 0.000655880 -1.878678799 0.008006428 -0.000608514 0.999967754 69.776649475
0.999954045 0.005712030 -0.007705221 1.047616959 -0.005709790 0.999983728 0.000312748 -1.889764428 0.007706882 -0.000268739 0.999970257 70.333839417
0.999948084 0.005805756 -0.008373624 1.060200214 -0.005797483 0.999982715 0.001011943 -1.910026312 0.008379353 -0.000963345 0.999964416 70.866592407
0.999945104 0.006168376 -0.008470896 1.066010356 -0.006161263 0.999980628 0.000865537 -1.924194336 0.008476071 -0.000813298 0.999963701 71.394950867
0.999943435 0.006285693 -0.008583167 1.077310920 -0.006276041 0.999979615 0.001150997 -1.943789005 0.008590226 -0.001097064 0.999962509 71.939102173
0.999937534 0.005209421 -0.009893430 1.100219488 -0.005199895 0.999985933 0.000988318 -1.961424232 0.009898440 -0.000936812 0.999950588 72.489524841
0.999946296 0.005934177 -0.008510765 1.077105284 -0.005926592 0.999981999 0.000916358 -1.971813798 0.008516049 -0.000865868 0.999963343 73.004302979
0.999944985 0.005792801 -0.008752298 1.082182884 -0.005786889 0.999983013 0.000700656 -1.982781172 0.008756207 -0.000649969 0.999961495 73.549453735
0.999939263 0.006231784 -0.009085901 1.092083454 -0.006222649 0.999980092 0.001033428 -2.004782438 0.009092161 -0.000976827 0.999958158 74.069274902
0.999943137 0.005961376 -0.008843212 1.096214414 -0.005950475 0.999981523 0.001258561 -2.015247822 0.008850552 -0.001205868 0.999960124 74.624099731
0.999940217 0.006389378 -0.008871578 1.099919438 -0.006378850 0.999978900 0.001214527 -2.029247999 0.008879151 -0.001157864 0.999959946 75.173446655
0.999941587 0.005469756 -0.009322381 1.116014242 -0.005458460 0.999984384 0.001236702 -2.049216986 0.009329000 -0.001185744 0.999955773 75.692825317
0.999941647 0.005716389 -0.009178366 1.118964434 -0.005706156 0.999983013 0.001140796 -2.057341337 0.009184731 -0.001088356 0.999957204 76.241912842
0.999946117 0.005703144 -0.008674908 1.122166157 -0.005698534 0.999983609 0.000556017 -2.069075108 0.008677936 -0.000506553 0.999962211 76.782630920
0.999947488 0.004751308 -0.009077617 1.134684801 -0.004746644 0.999988616 0.000535261 -2.081799984 0.009080056 -0.000492145 0.999958575 77.333602905
0.999941587 0.005165267 -0.009495288 1.140491724 -0.005156953 0.999986291 0.000899876 -2.102560997 0.009499804 -0.000850857 0.999954522 77.870231628
0.999939561 0.005248027 -0.009664890 1.148741841 -0.005242551 0.999986172 0.000591835 -2.113779068 0.009667861 -0.000541131 0.999953151 78.422966003
0.999940932 0.005652218 -0.009295457 1.152236581 -0.005644077 0.999983668 0.000901840 -2.130583763 0.009300403 -0.000849323 0.999956310 78.963699341
0.999940693 0.005678488 -0.009284355 1.158736944 -0.005671806 0.999983609 0.000745878 -2.144682646 0.009288438 -0.000693175 0.999956548 79.510665894
0.999937177 0.005835227 -0.009566563 1.167668581 -0.005828978 0.999982774 0.000680975 -2.160691977 0.009570372 -0.000625168 0.999953985 80.055297852
0.999948502 0.005533232 -0.008510249 1.176873922 -0.005525236 0.999984264 0.000962763 -2.176585674 0.008515442 -0.000915692 0.999963343 80.606674194
0.999958396 0.005400414 -0.007352347 1.182381392 -0.005396147 0.999985278 0.000600049 -2.189073563 0.007355479 -0.000560350 0.999972820 81.155593872
0.999963224 0.006128406 -0.005997121 1.192654133 -0.006123469 0.999980927 0.000841027 -2.206337452 0.006002162 -0.000804273 0.999981642 81.694564819
0.999970973 0.005937232 -0.004778099 1.202477932 -0.005936620 0.999982357 0.000142510 -2.215527058 0.004778861 -0.000114140 0.999988556 82.238395691
0.999979019 0.006249155 -0.001667844 1.222612381 -0.006248445 0.999980390 0.000430512 -2.234919786 0.001670502 -0.000420081 0.999998510 82.786918640
0.999981105 0.005914873 0.001626427 1.239178419 -0.005915016 0.999982417 0.000083814 -2.242761612 -0.001625903 -0.000093433 0.999998689 83.333419800
0.999967456 0.006026538 0.005362420 1.242332935 -0.006030969 0.999981403 0.000810542 -2.267940283 -0.005357436 -0.000842856 0.999985278 83.874946594
0.999935150 0.006008325 0.009677012 1.271628618 -0.006019008 0.999981284 0.001075287 -2.288441658 -0.009670369 -0.001133463 0.999952614 84.419075012
0.999855399 0.006388512 0.015758563 1.296254873 -0.006400673 0.999979258 0.000721446 -2.297596931 -0.015753627 -0.000822208 0.999875546 84.987266541
0.999751091 0.005780531 0.021550430 1.321239471 -0.005788830 0.999983191 0.000322754 -2.307810783 -0.021548202 -0.000447426 0.999767661 85.546615601
0.999622941 0.005732898 0.026854252 1.358003139 -0.005755253 0.999983251 0.000755251 -2.327687025 -0.026849471 -0.000909519 0.999639094 86.083938599
0.999371886 0.006183991 0.034893576 1.394802809 -0.006215863 0.999980390 0.000805018 -2.346509457 -0.034887917 -0.001021406 0.999390721 86.627700806
0.999051273 0.005514117 0.043199316 1.435453653 -0.005554739 0.999984264 0.000820334 -2.361139536 -0.043194111 -0.001059517 0.999066114 87.174270630
0.998731732 0.005065751 0.050092157 1.476528406 -0.005120287 0.999986470 0.000960441 -2.375912666 -0.050086606 -0.001215709 0.998744071 87.720008850
0.998241723 0.004795656 0.059078999 1.529155254 -0.004829303 0.999988258 0.000426743 -2.384890556 -0.059076261 -0.000711303 0.998253226 88.270606995
0.997578144 0.005091626 0.069367744 1.586795807 -0.005131911 0.999986827 0.000402541 -2.398768425 -0.069364771 -0.000757555 0.997591078 88.805572510
0.997004330 0.004230238 0.077229671 1.655424595 -0.004270988 0.999990821 0.000362477 -2.418153286 -0.077227421 -0.000691238 0.997013330 89.355827332
0.996319652 0.004425860 0.085601315 1.709493637 -0.004432925 0.999990165 -0.000107547 -2.424888372 -0.085600935 -0.000272313 0.996329486 89.918022156
0.995335042 0.004434983 0.096376874 1.788192272 -0.004438291 0.999990106 -0.000180052 -2.438083649 -0.096376725 -0.000248536 0.995344937 90.458480835
0.994279742 0.004525621 0.106711268 1.860995770 -0.004542568 0.999989688 -0.000084249 -2.450918198 -0.106710553 -0.000400976 0.994290054 90.998321533
0.993173122 0.004015598 0.116580583 1.940803528 -0.004056440 0.999991775 0.000113072 -2.468644381 -0.116579168 -0.000585203 0.993181229 91.574890137
0.991867781 0.003565792 0.127223238 2.029501915 -0.003584956 0.999993563 -0.000078343 -2.476401806 -0.127222702 -0.000378384 0.991874158 92.103927612
0.990196645 0.003214642 0.139643431 2.126331329 -0.003219814 0.999994814 -0.000188875 -2.494222403 -0.139643312 -0.000262602 0.990201831 92.683906555
0.988593161 0.003252806 0.150575608 2.228610992 -0.003264646 0.999994636 -0.000168568 -2.512096643 -0.150575340 -0.000324931 0.988598526 93.229331970
0.987030625 0.002489454 0.160512492 2.344697952 -0.002522370 0.999996841 0.000001309 -2.533131123 -0.160511985 -0.000406164 0.987033904 93.741012573
0.984767795 0.003263669 0.173843905 2.438272476 -0.003347994 0.999994397 0.000191815 -2.542421579 -0.173842311 -0.000770922 0.984773219 94.287712097
0.982467592 0.003069836 0.186408147 2.560759544 -0.003196429 0.999994814 0.000378567 -2.559249878 -0.186406046 -0.000967770 0.982472360 94.829559326
0.980508029 0.003096677 0.196454555 2.687202454 -0.003236866 0.999994695 0.000392520 -2.569774628 -0.196452290 -0.001020766 0.980512917 95.369789124
0.977701783 0.003002875 0.209977314 2.820503235 -0.003134604 0.999995053 0.000294540 -2.584913015 -0.209975407 -0.000946168 0.977706134 95.921981812
0.974808872 0.002572476 0.223027036 2.970045090 -0.002667746 0.999996483 0.000125883 -2.595929146 -0.223025933 -0.000717691 0.974812210 96.452384949
0.972245991 0.002586854 0.233946919 3.113470078 -0.002719240 0.999996245 0.000243324 -2.615772963 -0.233945444 -0.000872728 0.972249329 96.959571838
0.969217896 0.001553227 0.246199608 3.278129578 -0.001702590 0.999998391 0.000393810 -2.634718418 -0.246198624 -0.000800865 0.969219089 97.526176453
0.965597272 0.001597334 0.260037184 3.440347672 -0.001815631 0.999998093 0.000599285 -2.648195267 -0.260035723 -0.001050799 0.965598404 98.058059692
0.962163568 0.001298110 0.272469252 3.609663010 -0.001449867 0.999998868 0.000355640 -2.660398960 -0.272468477 -0.000737228 0.962164462 98.565673828
0.958953142 0.000838887 0.283563286 3.769302368 -0.000976986 0.999999404 0.000345592 -2.682258368 -0.283562869 -0.000608444 0.958953500 99.067817688
0.954527259 0.000875528 0.298122704 3.956621170 -0.001102606 0.999999225 0.000593512 -2.693215847 -0.298121959 -0.000895235 0.954527497 99.636520386
0.950222552 0.000695646 0.311571270 4.150772095 -0.000907715 0.999999464 0.000535629 -2.710099936 -0.311570644 -0.000791784 0.950222671 100.140869141
0.946576416 0.000625376 0.322478771 4.348293304 -0.000678326 0.999999821 0.000051824 -2.716099739 -0.322478682 -0.000267802 0.946576715 100.635978699
0.941790104 0.001249450 0.336198986 4.543727875 -0.001393018 0.999999106 0.000185848 -2.739149094 -0.336198419 -0.000643361 0.941790998 101.157623291
0.936496258 0.000030695 0.350677460 4.770915985 -0.000145729 0.999999881 0.000301643 -2.751002073 -0.350677401 -0.000333591 0.936496258 101.733825684
0.931922793 0.000024257 0.362656891 4.994388580 -0.000387511 0.999999404 0.000928905 -2.769855499 -0.362656653 -0.001006202 0.931922317 102.239776611
0.927066028 -0.000995247 0.374896795 5.206335068 0.000849662 0.999999464 0.000553629 -2.778109312 -0.374897122 -0.000194715 0.927066445 102.743217468
0.921217561 -0.000700892 0.389047265 5.440814972 0.000616875 0.999999702 0.000340871 -2.793206692 -0.389047474 -0.000074023 0.921217680 103.235015869
0.915620625 -0.001824672 0.402039200 5.694412231 0.001798169 0.999998271 0.000443309 -2.808860064 -0.402039319 0.000317032 0.915622354 103.750381470
0.910616636 -0.001765509 0.413248360 5.939731598 0.001320612 0.999998212 0.001362220 -2.833467007 -0.413249999 -0.000694720 0.910617292 104.231498718
0.904599428 -0.003379325 0.426249266 6.202243805 0.003345286 0.999994099 0.000828531 -2.841393471 -0.426249564 0.000676437 0.904605329 104.714996338
0.898275197 -0.003459259 0.439419866 6.474216461 0.003274174 0.999993920 0.001179119 -2.871376991 -0.439421266 0.000379564 0.898280978 105.190078735
0.891984522 -0.002992681 0.452056050 6.729167938 0.003126974 0.999994993 0.000450063 -2.862431049 -0.452055126 0.001012118 0.891989410 105.730667114
0.886368573 -0.003355696 0.462968260 7.001239777 0.003249729 0.999994159 0.001026461 -2.879881859 -0.462969005 0.000594698 0.886374295 106.214599609
0.879215419 -0.003676961 0.476410329 7.284271240 0.003869374 0.999992311 0.000577065 -2.890215874 -0.476408809 0.001336045 0.879222870 106.681961060
0.872575819 -0.004277898 0.488460034 7.565708160 0.004490942 0.999989629 0.000735302 -2.908589602 -0.488458127 0.001552039 0.872585952 107.128051758
