1.000000000 0.000000000 0.000000000 0.000000000 0.000000000 1.000000000 0.000000000 0.000000000 0.000000000 0.000000000 1.000000000 0.000000000
1.000000000 0.000045862 -0.000016275 0.000039925 -0.000045862 1.000000000 -0.000027165 0.000170284 0.000016274 0.000027166 1.000000000 -0.000734601
1.000000000 -0.000005803 -0.000002402 0.000165530 0.000005803 1.000000000 0.000087540 -0.001099513 0.000002402 -0.000087541 1.000000000 -0.000908120
1.000000000 -0.000072561 0.000102153 -0.000338607 0.000072563 1.000000000 -0.000015343 0.000410649 -0.000102151 0.000015350 1.000000000 0.000137194
1.000000000 -0.000082209 0.000039974 -0.000173655 0.000082207 1.000000000 0.000045706 -0.000517247 -0.000039978 -0.000045703 1.000000000 -0.000730189
1.000000000 0.000055454 0.000159603 -0.000633520 -0.000055444 1.000000000 -0.000060211 0.000881090 -0.000159607 0.000060202 1.000000000 0.000478907
1.000000000 -0.000087276 0.000080019 0.000108770 0.000087276 1.000000000 -0.000001880 0.000023447 -0.000080018 0.000001887 1.000000000 -0.000298700
1.000000000 0.000020174 0.000060773 -0.000255157 -0.000020182 1.000000000 0.000127407 -0.001170471 -0.000060771 -0.000127409 1.000000000 -0.000930610
1.000000000 -0.000021414 -0.000022616 -0.000359931 0.000021413 1.000000000 -0.000051805 -0.000497791 0.000022617 0.000051804 1.000000000 -0.001234118
1.000000000 -0.000045507 0.000046442 -0.000357884 0.000045504 1.000000000 0.000068505 -0.001436567 -0.000046445 -0.000068503 1.000000000 -0.001442273
1.000000000 0.000034827 0.000044510 -0.000559199 -0.000034831 1.000000000 0.000088640 -0.000961964 -0.000044507 -0.000088641 1.000000000 -0.000203908
1.000000000 -0.000010040 0.000057004 -0.000868214 0.000010037 1.000000000 0.000045042 -0.000594032 -0.000057004 -0.000045041 1.000000000 -0.001753918
1.000000000 0.000059690 0.000013547 -0.000723795 -0.000059689 1.000000000 -0.000058119 -0.000830541 -0.000013550 0.000058118 1.000000000 -0.001733007
1.000000000 0.000020493 0.000059696 -0.001163180 -0.000020493 1.000000000 -0.000003907 0.000752252 -0.000059696 0.000003906 1.000000000 0.000086957
1.000000000 -0.000044448 0.000029909 -0.001407121 0.000044451 1.000000000 -0.000106088 0.000653807 -0.000029905 0.000106090 1.000000000 -0.000599466
1.000000000 0.000127651 0.000001233 0.000129274 -0.000127651 1.000000000 -0.000120849 0.002063696 -0.000001248 0.000120849 1.000000000 0.001581231
1.000000000 0.000112544 0.000119664 -0.001193954 -0.000112526 1.000000000 -0.000146529 0.002314260 -0.000119681 0.000146515 1.000000000 0.002742396
1.000000000 0.000200216 0.000090091 -0.001328183 -0.000200205 1.000000000 -0.000120521 0.001369762 -0.000090115 0.000120503 1.000000000 0.000611318
0.999999940 0.000254178 0.000157417 -0.001860721 -0.000254159 0.999999940 -0.000118838 0.002038462 -0.000157447 0.000118798 1.000000000 0.002313358
1.000000000 0.000128962 0.000140340 -0.001372914 -0.000128944 1.000000000 -0.000131792 0.001870099 -0.000140357 0.000131774 1.000000000 0.001884011
1.000000000 0.000147863 0.000145026 -0.001535529 -0.000147851 1.000000000 -0.000087156 0.001438823 -0.000145039 0.000087135 1.000000000 0.001659079
1.000000000 0.000207584 0.000087969 -0.001830824 -0.000207575 1.000000000 -0.000107855 0.002095207 -0.000087991 0.000107837 1.000000000 0.001556479
1.000000000 0.000193442 0.000030858 -0.000722816 -0.000193438 1.000000000 -0.000116511 0.002063792 -0.000030881 0.000116505 1.000000000 0.002929740
1.000000000 0.000155562 0.000084855 -0.001226474 -0.000155557 1.000000000 -0.000051288 0.002530593 -0.000084863 0.000051275 1.000000000 0.003492626
0.999999881 0.000451965 0.000070434 -0.001596299 -0.000451960 0.999999881 -0.000073572 0.002743671 -0.000070467 0.000073540 1.000000000 0.003933656
0.999999940 0.000373452 0.000103296 -0.001678982 -0.000373446 0.999999940 -0.000057355 0.001848472 -0.000103318 0.000057317 1.000000000 0.001863932
1.000000000 0.000171812 0.000163795 -0.001864432 -0.000171803 1.000000000 -0.000056393 0.002680430 -0.000163804 0.000056365 1.000000000 0.003562398
0.999999940 0.000213554 0.000195058 -0.002251687 -0.000213556 1.000000000 0.000008485 0.001321520 -0.000195056 -0.000008526 1.000000000 0.002717140
1.000000000 0.000202582 0.000098402 -0.001650715 -0.000202577 1.000000000 -0.000054007 0.002147542 -0.000098413 0.000053987 1.000000000 0.002353887
0.999999940 0.000252243 0.000200279 -0.002486108 -0.000252214 0.999999940 -0.000149030 0.003113192 -0.000200317 0.000148979 0.999999940 0.003086156
0.999999940 0.000206709 0.000181445 -0.001362289 -0.000206708 1.000000000 -0.000005712 0.001807474 -0.000181446 0.000005675 1.000000000 0.003223092
0.999999940 0.000196893 0.000189972 -0.001276785 -0.000196871 1.000000000 -0.000115487 0.003731111 -0.000189995 0.000115450 1.000000000 0.004169326
0.999999940 0.000234018 0.000084138 -0.000692936 -0.000233999 0.999999940 -0.000225093 0.003951944 -0.000084191 0.000225073 1.000000000 0.003936241
0.999999940 0.000196013 0.000198624 -0.001287666 -0.000195999 1.000000000 -0.000071907 0.002004437 -0.000198638 0.000071868 1.000000000 0.001861226
0.999999881 0.000389269 0.000265309 -0.003083301 -0.000389233 0.999999940 -0.000137051 0.001976936 -0.000265363 0.000136947 0.999999940 0.001960813
0.999999940 0.000312315 0.000211302 -0.001770466 -0.000312282 0.999999940 -0.000156590 0.002485618 -0.000211351 0.000156524 0.999999940 0.002892297
0.999999940 0.000214232 0.000133764 -0.000948676 -0.000214224 1.000000000 -0.000060908 0.002136493 -0.000133777 0.000060880 1.000000000 0.002610798
0.999999940 0.000312993 0.000196867 -0.002662139 -0.000312976 0.999999940 -0.000086041 0.002979200 -0.000196894 0.000085980 1.000000000 0.003538643
0.999999940 0.000336129 0.000223805 -0.001968454 -0.000336117 0.999999940 -0.000054096 0.002229150 -0.000223823 0.000054021 1.000000000 0.002455641
0.999999940 0.000241801 0.000113448 -0.000561405 -0.000241789 0.999999940 -0.000108252 0.003635284 -0.000113475 0.000108224 1.000000000 0.003076357
1.000000000 0.000151854 0.000112555 -0.000566176 -0.000151841 1.000000000 -0.000115337 0.001482563 -0.000112573 0.000115319 1.000000000 0.004181597
0.999999881 0.000460169 0.000172556 0.000330758 -0.000460070 0.999999702 -0.000574089 -0.001410568 -0.000172821 0.000574010 0.999999821 0.052191477
0.999999940 0.000386185 0.000117836 0.000473739 -0.000386049 0.999999285 -0.001147824 -0.003514270 -0.000118279 0.001147778 0.999999344 0.137738258
1.000000000 0.000189854 0.000031039 0.004150092 -0.000189809 0.999998927 -0.001438199 -0.008061689 -0.000031312 0.001438193 0.999998987 0.254333824
0.999999881 0.000442678 0.000204839 0.006416260 -0.000442392 0.999998927 -0.001392864 -0.009114542 -0.000205456 0.001392773 0.999998987 0.389438421
0.999999940 0.000179962 0.000320280 0.007094881 -0.000179624 0.999999404 -0.001055011 -0.014266195 -0.000320470 0.001054953 0.999999404 0.535602868
0.999999940 -0.000325477 -0.000010162 0.013397120 0.000325464 0.999999225 -0.001205037 -0.019722000 0.000010555 0.001205033 0.999999285 0.683939099
1.000000000 -0.000003717 0.000156075 0.019695684 0.000003835 0.999999702 -0.000752695 -0.023348585 -0.000156072 0.000752696 0.999999702 0.846084952
0.999999881 0.000173880 0.000475442 0.009476495 -0.000173607 0.999999821 -0.000572586 -0.028016120 -0.000475542 0.000572504 0.999999702 1.022991419
0.999999940 0.000225954 0.000254839 0.019460356 -0.000225766 0.999999702 -0.000734417 -0.027405564 -0.000255005 0.000734359 0.999999702 1.207530499
0.999999404 0.000382432 0.001003912 0.009926358 -0.000382169 0.999999881 -0.000262755 -0.041192610 -0.001004013 0.000262371 0.999999464 1.382885337
0.999999225 -0.001209652 -0.000335666 0.037587639 0.001209867 0.999999046 0.000641177 -0.057974569 0.000334890 -0.000641582 0.999999762 1.606851816
0.999998331 -0.001747573 -0.000435504 0.044100896 0.001747881 0.999998152 0.000707551 -0.060411680 0.000434267 -0.000708311 0.999999642 1.809002995
0.999998331 -0.001770722 -0.000485631 0.047698785 0.001771265 0.999997735 0.001120152 -0.068835780 0.000483646 -0.001121010 0.999999225 2.007352829
0.999997318 -0.002249803 -0.000768213 0.052378085 0.002250572 0.999996960 0.001001635 -0.075809099 0.000765957 -0.001003361 0.999999225 2.220951080
0.999997079 -0.002368817 -0.000563576 0.055702344 0.002369502 0.999996364 0.001216988 -0.082012817 0.000560691 -0.001218320 0.999999106 2.437027216
0.999998450 -0.001632123 -0.000596501 0.059341788 0.001632529 0.999998391 0.000681182 -0.082296818 0.000595388 -0.000682154 0.999999583 2.671767473
0.999997675 -0.002112299 -0.000418681 0.067666709 0.002112825 0.999996960 0.001259442 -0.095333964 0.000416020 -0.001260324 0.999999106 2.892327070
0.999997675 -0.002071033 -0.000427949 0.070508428 0.002071605 0.999996901 0.001340677 -0.099893749 0.000425171 -0.001341561 0.999998927 3.130389214
0.999998033 -0.001979524 -0.000248293 0.071678944 0.001979802 0.999997437 0.001121438 -0.106104366 0.000246072 -0.001121928 0.999999285 3.375116587
0.999997377 -0.002287953 -0.000225337 0.075695977 0.002288274 0.999996364 0.001436142 -0.114355102 0.000222050 -0.001436653 0.999998927 3.623299122
0.999998093 -0.001987112 0.000144210 0.077305064 0.001986891 0.999996960 0.001518702 -0.118897066 -0.000147227 -0.001518413 0.999998808 3.888284922
0.999997973 -0.001996204 0.000086958 0.086457066 0.001996067 0.999996781 0.001553191 -0.125481293 -0.000090058 -0.001553014 0.999998808 4.142510414
0.999998391 -0.001761049 0.000111917 0.083990790 0.001760884 0.999997377 0.001456173 -0.130383253 -0.000114481 -0.001455974 0.999998927 4.412918091
0.999997675 -0.002147112 0.000289180 0.089224406 0.002146673 0.999996543 0.001511070 -0.137794659 -0.000292424 -0.001510446 0.999998748 4.673782825
0.999997973 -0.002009006 0.000236050 0.099600278 0.002008714 0.999997199 0.001233362 -0.141442701 -0.000238527 -0.001232886 0.999999166 4.930401325
0.999998271 -0.001834221 0.000308145 0.102736898 0.001833815 0.999997437 0.001313422 -0.145036295 -0.000310553 -0.001312855 0.999999046 5.195399284
0.999998331 -0.001815669 0.000315839 0.105443172 0.001815145 0.999997020 0.001650213 -0.161529988 -0.000318834 -0.001649637 0.999998569 5.445795059
0.999998391 -0.001758744 0.000419530 0.108637355 0.001758057 0.999997199 0.001632241 -0.169667915 -0.000422399 -0.001631501 0.999998569 5.714838505
0.999998152 -0.001871528 0.000278145 0.113620721 0.001871062 0.999996901 0.001666089 -0.175277874 -0.000281262 -0.001665566 0.999998569 5.993420124
0.999998808 -0.001516632 0.000466530 0.118262343 0.001515859 0.999997556 0.001653523 -0.185015112 -0.000469037 -0.001652813 0.999998510 6.268451214
0.999998152 -0.001897809 0.000342615 0.122912765 0.001897354 0.999997318 0.001326269 -0.187280908 -0.000345131 -0.001325617 0.999999046 6.542630196
0.999999225 -0.001252526 0.000310461 0.124846578 0.001252172 0.999998629 0.001140855 -0.192312390 -0.000311889 -0.001140465 0.999999285 6.841537476
0.999998808 -0.001519552 0.000210220 0.130516380 0.001519252 0.999997854 0.001422706 -0.204042390 -0.000212382 -0.001422385 0.999998987 7.133580208
0.999998808 -0.001562030 0.000100901 0.139498204 0.001561895 0.999997973 0.001328321 -0.205079347 -0.000102976 -0.001328162 0.999999046 7.439418793
0.999998212 -0.001839949 0.000419660 0.137273356 0.001839120 0.999996364 0.001966393 -0.229691714 -0.000423276 -0.001965618 0.999997973 7.732048035
0.999997914 -0.002047148 0.000320323 0.148669481 0.002046532 0.999996126 0.001913307 -0.232623845 -0.000324239 -0.001912647 0.999998093 8.058865547
0.999998033 -0.001981577 0.000308052 0.150299758 0.001980864 0.999995410 0.002297187 -0.247854292 -0.000312603 -0.002296572 0.999997318 8.362757683
0.999998093 -0.001934809 0.000313501 0.151964724 0.001934131 0.999995828 0.002151102 -0.254778743 -0.000317661 -0.002150491 0.999997675 8.678898811
0.999997795 -0.001984609 0.000640881 0.157278731 0.001983551 0.999996662 0.001646548 -0.257037401 -0.000644147 -0.001645273 0.999998450 9.036740303
0.999998868 -0.001374629 0.000674063 0.160346895 0.001373739 0.999998152 0.001319813 -0.268533081 -0.000675876 -0.001318886 0.999998927 9.378810883
0.999999166 -0.001104987 0.000735760 0.170619518 0.001103668 0.999997735 0.001791194 -0.284834325 -0.000737738 -0.001790380 0.999998152 9.708307266
0.999998689 -0.001403683 0.000808568 0.175597236 0.001402379 0.999997675 0.001611070 -0.287926227 -0.000810828 -0.001609934 0.999998391 10.064371109
0.999998271 -0.001634253 0.000856159 0.174877927 0.001632386 0.999996245 0.002176544 -0.306226194 -0.000859712 -0.002175143 0.999997258 10.415587425
0.999998569 -0.001442345 0.000772435 0.183912069 0.001440851 0.999997139 0.001930940 -0.314856291 -0.000775218 -0.001929825 0.999997854 10.777275085
0.999997854 -0.001968675 0.000680890 0.193155587 0.001967507 0.999996603 0.001710590 -0.320272028 -0.000684256 -0.001709247 0.999998331 11.141190529
0.999997139 -0.002242018 0.000813960 0.199908212 0.002240148 0.999994874 0.002290975 -0.332828492 -0.000819092 -0.002289145 0.999997020 11.532524109
0.999998271 -0.001653682 0.000871268 0.201441199 0.001651542 0.999995768 0.002450297 -0.343806654 -0.000875316 -0.002448855 0.999996543 11.871694565
0.999998331 -0.001570527 0.000924970 0.210773617 0.001567990 0.999995053 0.002736435 -0.357212812 -0.000929263 -0.002734981 0.999995768 12.259054184
0.999996305 -0.002606396 0.000814380 0.227607191 0.002604266 0.999993324 0.002605479 -0.367230713 -0.000821166 -0.002603348 0.999996245 12.641697884
0.999996066 -0.002758585 0.000534189 0.247460067 0.002757128 0.999992549 0.002707876 -0.377624512 -0.000541655 -0.002706392 0.999996185 13.034440041
0.999995828 -0.002839183 0.000718391 0.241834462 0.002837315 0.999992609 0.002589055 -0.390544713 -0.000725737 -0.002587004 0.999996364 13.426992416
0.999996483 -0.002454777 0.000996567 0.249695659 0.002452261 0.999993801 0.002518874 -0.399733990 -0.001002744 -0.002516422 0.999996364 13.846837997
0.999997675 -0.001848966 0.001127789 0.253095359 0.001846002 0.999994874 0.002623987 -0.408808231 -0.001132635 -0.002621899 0.999995947 14.268257141
0.999996841 -0.001891173 0.001664323 0.258078784 0.001886842 0.999994934 0.002599939 -0.420753509 -0.001669231 -0.002596790 0.999995172 14.660891533
0.999996483 -0.002126436 0.001629087 0.267486602 0.002121764 0.999993622 0.002864768 -0.433191657 -0.001635169 -0.002861300 0.999994516 15.089215279
0.999996364 -0.002188250 0.001556642 0.283537924 0.002182939 0.999991834 0.003405016 -0.451359600 -0.001564080 -0.003401606 0.999992967 15.513788223
0.999994338 -0.002253188 0.002484604 0.286067843 0.002244906 0.999991894 0.003330992 -0.457414836 -0.002492089 -0.003325395 0.999991357 15.971109390
0.999994457 -0.001296281 0.003066085 0.288703233 0.001285727 0.999993205 0.003441700 -0.479332536 -0.003070525 -0.003437739 0.999989390 16.403785706
0.999993742 -0.001314297 0.003308400 0.296926200 0.001303797 0.999994040 0.003174065 -0.490254343 -0.003312552 -0.003169731 0.999989510 16.852798462
0.999993265 -0.001624123 0.003331931 0.306045562 0.001613800 0.999993920 0.003098876 -0.502824426 -0.003336944 -0.003093477 0.999989629 17.295824051
0.999991119 -0.001753676 0.003813911 0.315377951 0.001742051 0.999993801 0.003049357 -0.512186110 -0.003819235 -0.003042687 0.999988079 17.762643814
0.999990880 -0.001685473 0.003930732 0.327991843 0.001674381 0.999994576 0.002823510 -0.518583655 -0.003935470 -0.002816902 0.999988258 18.230157852
0.999990880 -0.001248182 0.004068080 0.336943924 0.001235614 0.999994457 0.003090406 -0.531604588 -0.004071915 -0.003085350 0.999986947 18.688716888
0.999992073 -0.001676112 0.003605031 0.356624901 0.001665038 0.999993920 0.003072430 -0.541730046 -0.003610159 -0.003066403 0.999988854 19.172958374
0.999990523 -0.000484439 0.004322025 0.366546839 0.000473556 0.999996781 0.002518582 -0.551774204 -0.004323232 -0.002516511 0.999987483 19.665641785
0.999989688 -0.000903929 0.004454333 0.359768987 0.000890039 0.999994755 0.003119134 -0.566512287 -0.004457129 -0.003115137 0.999985158 20.118207932
0.999990761 -0.001314895 0.004102712 0.378290594 0.001302236 0.999994457 0.003086621 -0.579434872 -0.004106747 -0.003081250 0.999986768 20.609651566
0.999993563 -0.001566509 0.003232890 0.393562466 0.001557369 0.999994755 0.002827840 -0.586776376 -0.003237304 -0.002822787 0.999990761 21.123348236
0.999993622 -0.000688128 0.003499027 0.382579833 0.000677601 0.999995232 0.003008824 -0.602853894 -0.003501080 -0.003006434 0.999989271 21.591688156
0.999994755 -0.000222868 0.003205306 0.395267427 0.000212745 0.999994934 0.003158257 -0.613866448 -0.003205993 -0.003157559 0.999989867 22.110229492
0.999996424 -0.000090239 0.002670546 0.404631406 0.000081666 0.999994874 0.003209923 -0.624219179 -0.002670822 -0.003209694 0.999991179 22.631359100
0.999997258 -0.000679334 0.002241525 0.405648053 0.000673281 0.999996126 0.002700301 -0.636869431 -0.002243351 -0.002698785 0.999993801 23.138608932
0.999998271 -0.000694402 0.001721820 0.418858588 0.000689201 0.999995291 0.003019212 -0.652034521 -0.001723908 -0.003018020 0.999993980 23.669908524
0.999997556 -0.002039902 0.000812944 0.431948066 0.002037864 0.999994874 0.002499372 -0.663074791 -0.000818037 -0.002497709 0.999996543 24.197139740
0.999999046 -0.001124742 0.000741997 0.421132594 0.001122691 0.999995589 0.002758769 -0.682344437 -0.000745096 -0.002757934 0.999995947 24.689746857
0.999999821 -0.000435573 0.000234371 0.432830274 0.000434903 0.999995887 0.002847512 -0.690474808 -0.000235610 -0.002847410 0.999995947 25.236101151
0.999999762 -0.000192347 -0.000731206 0.445648044 0.000194779 0.999994576 0.003329045 -0.703329384 0.000730561 -0.003329187 0.999994218 25.789316177
0.999999046 -0.000686445 -0.001205910 0.455814540 0.000689830 0.999995828 0.002808518 -0.719601989 0.001203977 -0.002809347 0.999995351 26.309007645
0.999997020 -0.001481853 -0.001934833 0.471215218 0.001487407 0.999994814 0.002872049 -0.725400209 0.001930567 -0.002874918 0.999993980 26.871606827
0.999995649 -0.001472534 -0.002556866 0.477753937 0.001479645 0.999995053 0.002781407 -0.740315020 0.002552757 -0.002785177 0.999992907 27.430700302
0.999997854 -0.000143059 -0.002055566 0.474596828 0.000149770 0.999994636 0.003265622 -0.762805045 0.002055088 -0.003265922 0.999992549 27.952779770
0.999998152 0.000369367 -0.001868379 0.481366396 -0.000362866 0.999993861 0.003478328 -0.771260619 0.001869652 -0.003477642 0.999992251 28.513809204
0.999998391 0.000256914 -0.001800161 0.491862208 -0.000249748 0.999992073 0.003980484 -0.794160485 0.001801169 -0.003980028 0.999990523 29.043836594
0.999996603 0.000869697 -0.002418553 0.501630664 -0.000862350 0.999994993 0.003037798 -0.803587794 0.002421184 -0.003035702 0.999992430 29.593025208
0.999996066 0.000030751 -0.002811066 0.483235866 -0.000020974 0.999993980 0.003477721 -0.821860969 0.002811156 -0.003477648 0.999989927 30.100688934
0.999995887 0.000066283 -0.002883637 0.492919087 -0.000055964 0.999993622 0.003578596 -0.838057160 0.002883856 -0.003578419 0.999989450 30.654775620
0.999995112 -0.000416539 -0.003099640 0.502874196 0.000426090 0.999995232 0.003081261 -0.850381374 0.003098341 -0.003082568 0.999990463 31.183792114
0.999994755 0.000089879 -0.003235607 0.504705012 -0.000077891 0.999993145 0.003704657 -0.871975839 0.003235918 -0.003704386 0.999987900 31.714212418
0.999994457 0.000757120 -0.003249073 0.514976561 -0.000745677 0.999993503 0.003521540 -0.885538995 0.003251718 -0.003519097 0.999988556 32.261383057
0.999991536 0.000862633 -0.004027921 0.526517630 -0.000849378 0.999994218 0.003291314 -0.890271604 0.004030738 -0.003287865 0.999986470 32.824985504
0.999991715 -0.000176478 -0.004066349 0.518177629 0.000190618 0.999993920 0.003477310 -0.911087632 0.004065712 -0.003478056 0.999985695 33.346035004
0.999992371 0.000273054 -0.003912067 0.526882768 -0.000257922 0.999992430 0.003867828 -0.925288200 0.003913094 -0.003866789 0.999984920 33.900264740
0.999989986 0.000563911 -0.004453493 0.537496388 -0.000548355 0.999993682 0.003493199 -0.934651256 0.004455436 -0.003490722 0.999983966 34.436424255
0.999989748 0.000177346 -0.004521536 0.537046492 -0.000160750 0.999993265 0.003670525 -0.955418468 0.004522157 -0.003669761 0.999982953 34.957977295
0.999988019 0.000189443 -0.004895986 0.550085545 -0.000173923 0.999994993 0.003170253 -0.956327379 0.004896561 -0.003169363 0.999982893 35.511886597
0.999988854 0.000285679 -0.004716018 0.555380225 -0.000270080 0.999994516 0.003308013 -0.980854332 0.004716936 -0.003306703 0.999983430 36.045734406
0.999988973 0.000290359 -0.004681516 0.549258888 -0.000273611 0.999993563 0.003577507 -0.993362665 0.004682524 -0.003576187 0.999982655 36.583564758
0.999990761 0.000736166 -0.004231505 0.552097201 -0.000720189 0.999992669 0.003775924 -1.007464528 0.004234253 -0.003772841 0.999983847 37.134132385
0.999988556 0.000913198 -0.004696074 0.564094245 -0.000897559 0.999994040 0.003331251 -1.018086433 0.004699088 -0.003326997 0.999983430 37.689506531
0.999987125 0.000191373 -0.005061797 0.581811666 -0.000175320 0.999994934 0.003171630 -1.025257707 0.005062378 -0.003170702 0.999982119 38.217197418
0.999988914 0.000405299 -0.004697282 0.559769690 -0.000388702 0.999993682 0.003533863 -1.053956628 0.004698685 -0.003531997 0.999982655 38.753879547
0.999989092 0.000483135 -0.004649222 0.566967130 -0.000466633 0.999993563 0.003549806 -1.067166805 0.004650908 -0.003547597 0.999982893 39.302917480
0.999987543 -0.000296251 -0.004992860 0.579648852 0.000313235 0.999994159 0.003401250 -1.083130360 0.004991823 -0.003402771 0.999981821 39.871765137
0.999988079 0.000129020 -0.004891497 0.599299788 -0.000111511 0.999993563 0.003579525 -1.099619746 0.004891928 -0.003578937 0.999981642 40.427089691
0.999989092 0.000309750 -0.004656000 0.568696082 -0.000293819 0.999994040 0.003421806 -1.090949416 0.004657032 -0.003420400 0.999983311 40.911472321
0.999987900 0.000940709 -0.004833766 0.575727880 -0.000925482 0.999994576 0.003151260 -1.097963929 0.004836705 -0.003146748 0.999983370 41.463687897
0.999989986 0.000955429 -0.004376166 0.577584743 -0.000941240 0.999994278 0.003243185 -1.116810203 0.004379240 -0.003239033 0.999985158 42.005989075
0.999989271 0.001010435 -0.004526678 0.596246600 -0.000993609 0.999992609 0.003717822 -1.128841043 0.004530402 -0.003713285 0.999982834 42.504058838
0.999989212 0.000721499 -0.004585452 0.574851930 -0.000704136 0.999992609 0.003787208 -1.139557004 0.004588150 -0.003783940 0.999982297 42.996841431
0.999988198 0.000979453 -0.004753324 0.585361302 -0.000961679 0.999992609 0.003740245 -1.154790282 0.004756952 -0.003735630 0.999981701 43.546730042
0.999984980 -0.000418390 -0.005460084 0.608081996 0.000437680 0.999993622 0.003532227 -1.165278077 0.005458572 -0.003534564 0.999978900 44.087562561
0.999988854 0.000295838 -0.004703873 0.598963261 -0.000277793 0.999992609 0.003836304 -1.177860022 0.004704972 -0.003834956 0.999981582 44.584365845
0.999989092 0.000331232 -0.004650881 0.609585166 -0.000316390 0.999994934 0.003191484 -1.185904384 0.004651912 -0.003189978 0.999984086 45.138397217
0.999990463 0.001085391 -0.004227063 0.603204131 -0.001069879 0.999992669 0.003670004 -1.201663256 0.004231016 -0.003665446 0.999984324 45.661582947
0.999988079 0.000648825 -0.004832865 0.613518715 -0.000632544 0.999994159 0.003369469 -1.213806510 0.004835023 -0.003366372 0.999982715 46.205348969
0.999989152 0.001077276 -0.004534339 0.614874244 -0.001061514 0.999993324 0.003477083 -1.219265938 0.004538055 -0.003472232 0.999983668 46.720760345
0.999988258 0.000870040 -0.004768190 0.622824252 -0.000853748 0.999993742 0.003417498 -1.229140162 0.004771133 -0.003413387 0.999982834 47.275512695
0.999989510 -0.000042709 -0.004573469 0.627984047 0.000059604 0.999993205 0.003693942 -1.247243881 0.004573280 -0.003694176 0.999982715 47.796558380
0.999989510 0.000287674 -0.004572501 0.630156875 -0.000270612 0.999993086 0.003731630 -1.261562467 0.004573543 -0.003730353 0.999982595 48.329200745
0.999989092 0.000432918 -0.004653407 0.638360739 -0.000419095 0.999995410 0.002970860 -1.261503696 0.004654673 -0.002968877 0.999984741 48.869506836
0.999988377 0.000857653 -0.004757833 0.652805150 -0.000840318 0.999992907 0.003644388 -1.278813720 0.004760926 -0.003640347 0.999981999 49.412612915
0.999989331 0.000936504 -0.004512973 0.653428018 -0.000923796 0.999995470 0.002816838 -1.287557125 0.004515592 -0.002812639 0.999985874 49.942016602
0.999989331 0.000656718 -0.004562517 0.662433863 -0.000645485 0.999996662 0.002462818 -1.301174164 0.004564120 -0.002459847 0.999986649 50.469249725
0.999989867 0.000681645 -0.004444151 0.672001958 -0.000665634 0.999993145 0.003603033 -1.322157264 0.004446579 -0.003600038 0.999983668 50.987701416
0.999991953 0.000546511 -0.003957517 0.646720052 -0.000533255 0.999994218 0.003350503 -1.325625896 0.003959325 -0.003348366 0.999986529 51.527641296
0.999995053 0.000897163 -0.003008369 0.649038196 -0.000887560 0.999994516 0.003192296 -1.337924361 0.003011217 -0.003189610 0.999990404 52.086791992
0.999992371 -0.000421971 -0.003877761 0.660393834 0.000433342 0.999995589 0.002931640 -1.347610593 0.003876507 -0.002933299 0.999988198 52.619613647
0.999993503 0.000860642 -0.003504464 0.656404257 -0.000849447 0.999994516 0.003194923 -1.361167192 0.003507196 -0.003191925 0.999988735 53.143722534
0.999992371 0.001515491 -0.003599401 0.663809061 -0.001505690 0.999995172 0.002724296 -1.370827675 0.003603513 -0.002718856 0.999989867 53.681877136
0.999993920 0.001347341 -0.003213301 0.664980292 -0.001338313 0.999995172 0.002809911 -1.388904929 0.003217072 -0.002805594 0.999990880 54.215995789
0.999994636 0.001083594 -0.003092876 0.668079972 -0.001075237 0.999995708 0.002701994 -1.393054247 0.003095791 -0.002698654 0.999991596 54.732032776
0.999993563 0.000323475 -0.003566782 0.683903933 -0.000313874 0.999996305 0.002691693 -1.404853702 0.003567639 -0.002690556 0.999990046 55.275520325
0.999996185 0.000756500 -0.002652379 0.685854316 -0.000748406 0.999995053 0.003051460 -1.424160242 0.002654675 -0.003049463 0.999991894 55.797294617
0.999995530 0.001370508 -0.002666033 0.677476048 -0.001364802 0.999996781 0.002140329 -1.421804547 0.002668959 -0.002136680 0.999994159 56.329223633
0.999995947 0.001958261 -0.002067132 0.682887495 -0.001953737 0.999995708 0.002187780 -1.436020613 0.002071409 -0.002183732 0.999995470 56.866157532
0.999996781 0.001015934 -0.002315354 0.698278189 -0.001011060 0.999997258 0.002105383 -1.449719071 0.002317487 -0.002103036 0.999995112 57.426158905
0.999997497 0.001289850 -0.001805035 0.686717987 -0.001286330 0.999997258 0.001950202 -1.450340509 0.001807546 -0.001947876 0.999996483 57.916416168
0.999996722 0.002148496 -0.001342057 0.690371752 -0.002146007 0.999995887 0.001854512 -1.461976290 0.001346036 -0.001851627 0.999997377 58.464015961
0.999995768 0.002473912 -0.001469985 0.700563788 -0.002471346 0.999995410 0.001745368 -1.479584813 0.001474297 -0.001741728 0.999997437 59.007759094
0.999997020 0.001467772 -0.001939445 0.706664979 -0.001465326 0.999998152 0.001261863 -1.483598113 0.001941294 -0.001259017 0.999997318 59.503299713
0.999997318 0.000769803 -0.002166559 0.718396485 -0.000767070 0.999998868 0.001261455 -1.493564963 0.002167527 -0.001259790 0.999996901 60.060791016
0.999996364 0.001115824 -0.002438784 0.736483276 -0.001113184 0.999998868 0.001083931 -1.509760976 0.002439991 -0.001081212 0.999996483 60.600151062
0.999996245 0.002382445 -0.001361953 0.727995694 -0.002380771 0.999996424 0.001229582 -1.518740416 0.001364877 -0.001226335 0.999998331 61.099700928
0.999995053 0.002994324 -0.000994147 0.731723607 -0.002993423 0.999995232 0.000906609 -1.533503532 0.000996856 -0.000903628 0.999999106 61.644298553
0.999996245 0.002317657 -0.001437528 0.748767316 -0.002316343 0.999996901 0.000914883 -1.548381686 0.001439643 -0.000911550 0.999998569 62.188484192
0.999996901 0.002168250 -0.001222806 0.743441582 -0.002166562 0.999996722 0.001379566 -1.563476443 0.001225793 -0.001376913 0.999998212 62.696407318
0.999995172 0.003036782 -0.000602868 0.749256432 -0.003036031 0.999994576 0.001240217 -1.582983613 0.000606631 -0.001238380 0.999999046 63.248279572
0.999996245 0.002690692 -0.000534411 0.766049087 -0.002689786 0.999994993 0.001691396 -1.602755070 0.000538959 -0.001689952 0.999998450 63.786056519
0.999997199 0.002229904 -0.000769709 0.750927150 -0.002229119 0.999997020 0.001020028 -1.603028178 0.000771981 -0.001018309 0.999999166 64.284591675
0.999997258 0.002006216 -0.001178597 0.765191317 -0.002004420 0.999996781 0.001523645 -1.620199442 0.001181650 -0.001521278 0.999998152 64.819381714
0.999996543 0.002612095 -0.000280811 0.765017748 -0.002611603 0.999995112 0.001740798 -1.639344335 0.000285356 -0.001740058 0.999998450 65.354827881
0.999998868 0.001387475 -0.000572107 0.766012430 -0.001386930 0.999998569 0.000949601 -1.636482954 0.000573423 -0.000948807 0.999999404 65.885276794
0.999998331 0.001829074 0.000155909 0.770924807 -0.001829159 0.999998152 0.000553363 -1.652201176 -0.000154897 -0.000553647 0.999999821 66.434074402
0.999997318 0.002278111 -0.000387490 0.788142860 -0.002277790 0.999997079 0.000828868 -1.669206977 0.000389377 -0.000827983 0.999999642 66.966377258
0.999998331 0.001684847 -0.000691560 0.810034275 -0.001684241 0.999998152 0.000879922 -1.686398745 0.000693041 -0.000878756 0.999999344 67.492851257
0.999997497 0.002187436 0.000377626 0.768640697 -0.002187813 0.999997079 0.000997650 -1.697272778 -0.000375443 -0.000998472 0.999999344 67.997261047
0.999997139 0.002376413 -0.000135568 0.781639338 -0.002376393 0.999997139 0.000145915 -1.706784010 0.000135914 -0.000145593 1.000000000 68.547630310
0.999994218 0.003334117 0.000729687 0.786453724 -0.003334376 0.999994338 0.000352058 -1.730452776 -0.000728509 -0.000354489 0.999999642 69.094306946
0.999995649 0.002889392 0.000493932 0.786415219 -0.002889845 0.999995410 0.000918833 -1.736989260 -0.000491275 -0.000920256 0.999999464 69.575622559
0.999995708 0.002784666 0.000893167 0.793157399 -0.002785521 0.999995649 0.000956119 -1.753622890 -0.000890500 -0.000958603 0.999999166 70.129463196
0.999995530 0.002760990 0.001122334 0.804674089 -0.002762096 0.999995708 0.000985288 -1.773404479 -0.001119608 -0.000988383 0.999998927 70.645629883
0.999995351 0.002940847 0.000779223 0.809024632 -0.002941608 0.999995112 0.000976005 -1.785444021 -0.000776349 -0.000978293 0.999999225 71.188453674
0.999994576 0.003256026 0.000416686 0.822525561 -0.003256448 0.999994099 0.001014953 -1.802076459 -0.000413379 -0.001016304 0.999999404 71.743118286
0.999995291 0.003051550 0.000456766 0.836254895 -0.003052017 0.999994814 0.001023442 -1.817386508 -0.000453641 -0.001024831 0.999999344 72.276611328
0.999993324 0.003562237 0.000696212 0.833061635 -0.003563079 0.999992788 0.001210298 -1.828018069 -0.000691896 -0.001212771 0.999999046 72.831916809
0.999994040 0.003229844 0.001205980 0.836868405 -0.003230994 0.999994338 0.000952699 -1.838854790 -0.001202896 -0.000956590 0.999998808 73.310951233
0.999991715 0.003895917 0.001172437 0.846451759 -0.003897135 0.999991894 0.001036339 -1.845782518 -0.001168390 -0.001040900 0.999998748 73.872901917
0.999993026 0.003624655 0.000913208 0.863440037 -0.003625448 0.999993086 0.000867872 -1.865131378 -0.000910055 -0.000871177 0.999999225 74.408111572
0.999991179 0.003988071 0.001323384 0.868109584 -0.003989447 0.999991477 0.001038977 -1.882639170 -0.001319230 -0.001044248 0.999998569 74.900794983
0.999988735 0.004481496 0.001549064 0.874672055 -0.004482255 0.999989867 0.000486905 -1.892966747 -0.001546866 -0.000493843 0.999998689 75.445846558
0.999991059 0.004067724 0.001182679 0.890533686 -0.004068901 0.999991179 0.000994714 -1.911807299 -0.001178622 -0.000999517 0.999998808 76.006706238
0.999987841 0.004687291 0.001504561 0.899137855 -0.004688554 0.999988616 0.000837689 -1.924991369 -0.001500617 -0.000844733 0.999998510 76.527557373
0.999991894 0.003883594 0.001073141 0.916073322 -0.003884609 0.999992013 0.000945015 -1.937354922 -0.001069462 -0.000949176 0.999998987 77.092552185
0.999989092 0.004277070 0.001883282 0.919330001 -0.004278751 0.999990404 0.000889266 -1.953538060 -0.001879460 -0.000897314 0.999997854 77.617843628
0.999986231 0.004962238 0.001718602 0.926233351 -0.004963797 0.999987245 0.000904855 -1.966467738 -0.001714090 -0.000913374 0.999998093 78.135307312
0.999986410 0.004952374 0.001609398 0.937286913 -0.004953415 0.999987483 0.000642726 -1.981364369 -0.001606195 -0.000650690 0.999998510 78.692077637
0.999987543 0.004724040 0.001654082 0.954070449 -0.004724198 0.999988794 0.000090985 -1.998008132 -0.001653634 -0.000098799 0.999998569 79.249031067
0.999983132 0.005108246 0.002775079 0.954915643 -0.005109576 0.999986827 0.000473474 -2.005862951 -0.002772624 -0.000487647 0.999996066 79.768920898
0.999976873 0.005252201 0.004312808 0.966027200 -0.005252696 0.999986231 0.000104061 -2.021312475 -0.004312202 -0.000126712 0.999990702 80.315155029
0.999971926 0.004817220 0.005742669 0.980993867 -0.004817131 0.999988377 -0.000029241 -2.031818390 -0.005742743 0.000001577 0.999983609 80.873802185
0.999965072 0.005124258 0.006595949 0.987319231 -0.005123482 0.999986887 -0.000134446 -2.042094707 -0.006596551 0.000100646 0.999978244 81.398658752
0.999936163 0.005340284 0.009954097 1.006811142 -0.005338742 0.999985754 -0.000181586 -2.059357882 -0.009954926 0.000128432 0.999950469 81.957305908
0.999881327 0.005649896 0.014332829 1.027761459 -0.005654695 0.999984026 0.000294328 -2.069243908 -0.014330935 -0.000375342 0.999897301 82.509506226
0.999843776 0.005522427 0.016789781 1.044849157 -0.005526266 0.999984682 0.000182281 -2.091736078 -0.016788514 -0.000275038 0.999859035 83.016609192
0.999775708 0.004955930 0.020588338 1.075166464 -0.004952019 0.999987662 -0.000240882 -2.105010033 -0.020589277 0.000138874 0.999788046 83.566993713
0.999625564 0.005562281 0.026788190 1.101041794 -0.005555044 0.999984443 -0.000344559 -2.123792887 -0.026789691 0.000195621 0.999641120 84.109512329
0.999424934 0.005400702 0.033474863 1.105871558 -0.005392320 0.999985397 -0.000340649 -2.127584457 -0.033476207 0.000159946 0.999439478 84.680130005
0.999203980 0.005948348 0.039446246 1.140340090 -0.005951175 0.999982238 -0.000045751 -2.143597841 -0.039445817 -0.000189038 0.999221683 85.225402832
0.998814583 0.006457122 0.048246011 1.178301334 -0.006466681 0.999979019 0.000042034 -2.163816452 -0.048244718 -0.000353976 0.998835504 85.786804199
0.998408735 0.005190142 0.056152552 1.233104467 -0.005167944 0.999986470 -0.000540478 -2.171100616 -0.056154590 0.000249424 0.998422027 86.333236694
0.998006940 0.004771512 0.062925540 1.286479950 -0.004749579 0.999988616 -0.000498114 -2.183559895 -0.062927194 0.000198251 0.998018086 86.884750366
0.997337401 0.005656028 0.072705247 1.336364746 -0.005601342 0.999983847 -0.000956032 -2.198237181 -0.072709471 0.000546239 0.997353077 87.424507141
0.996566534 0.005462720 0.082615204 1.401364803 -0.005434672 0.999985099 -0.000564369 -2.219122887 -0.082617022 0.000113446 0.996581376 87.970901489
0.995783269 0.005279854 0.091585316 1.466856956 -0.005270925 0.999986053 -0.000339358 -2.228172064 -0.091585815 -0.000144813 0.995797157 88.519882202
0.995123208 0.004977386 0.098514020 1.537608624 -0.004909284 0.999987543 -0.000933666 -2.246085644 -0.098517455 0.000445479 0.995135188 89.067718506
0.994092822 0.004737000 0.108429916 1.625851631 -0.004661229 0.999988735 -0.000952222 -2.267564297 -0.108433209 0.000441180 0.994103670 89.589950562
0.992829680 0.005325746 0.119419068 1.693432808 -0.005251820 0.999985754 -0.000933759 -2.269982338 -0.119422354 0.000299897 0.992843509 90.169349670
0.991635323 0.004750715 0.128984198 1.782174110 -0.004628902 0.999988496 -0.001244172 -2.285144091 -0.128988624 0.000636709 0.991645873 90.717674255
0.990009308 0.004845666 0.140919000 1.877966881 -0.004730595 0.999988079 -0.001151541 -2.301767111 -0.140922919 0.000473405 0.990020454 91.265464783
0.988269150 0.004632583 0.152651817 1.987002373 -0.004508844 0.999989152 -0.001156764 -2.310260296 -0.152655497 0.000454911 0.988279283 91.801925659
0.986508250 0.004038971 0.163661554 2.097969055 -0.003904854 0.999991715 -0.001141186 -2.323512554 -0.163664788 0.000486715 0.986515880 92.350730896
0.984745860 0.003776279 0.173957422 2.215035439 -0.003569918 0.999992549 -0.001499160 -2.339697123 -0.173961774 0.000855279 0.984752059 92.893188477
0.982341290 0.003714784 0.187060744 2.334253311 -0.003538062 0.999992907 -0.001278579 -2.354991674 -0.187064126 0.000594169 0.982347548 93.417869568
0.980006993 0.002973482 0.198940530 2.469385147 -0.002728993 0.999995172 -0.001503142 -2.368498802 -0.198944017 0.000930182 0.980010450 93.940254211
0.977797985 0.003326454 0.209523529 2.594316483 -0.003171205 0.999994278 -0.001076903 -2.386242390 -0.209525928 0.000388552 0.977803051 94.479377747
0.974863708 0.003107773 0.222780496 2.730722427 -0.002861483 0.999994814 -0.001428302 -2.388266563 -0.222783774 0.000754917 0.974867582 95.036895752
0.971752703 0.002171000 0.235991642 2.883277893 -0.001722636 0.999996185 -0.002106077 -2.397289991 -0.235995322 0.001640058 0.971752822 95.570648193
0.969090700 0.001841660 0.246698201 3.036943436 -0.001385173 0.999997020 -0.002023916 -2.411228895 -0.246701226 0.001619638 0.969090223 96.088943481
0.966319442 0.001505419 0.257341266 3.211318970 -0.001101628 0.999997973 -0.001713250 -2.440865040 -0.257343322 0.001372052 0.966319025 96.581367493
0.962505639 0.002257371 0.271252364 3.359430313 -0.002051407 0.999997377 -0.001042836 -2.442530632 -0.271254003 0.000447286 0.962507665 97.040168762
0.958871722 0.001869638 0.283834100 3.537969589 -0.001414187 0.999997377 -0.001809543 -2.456300974 -0.283836752 0.001333725 0.958871722 97.564659119
0.955361605 0.002397109 0.295429409 3.718175888 -0.002007939 0.999996722 -0.001620668 -2.468173981 -0.295432270 0.000955119 0.955363214 98.098670959
0.950902522 0.001678517 0.309486061 3.891187668 -0.001434071 0.999998450 -0.001017341 -2.493777990 -0.309487283 0.000523567 0.950903416 98.581657410
0.946253717 0.000885592 0.323423982 4.098030090 -0.000626250 0.999999404 -0.000905932 -2.508410931 -0.323424608 0.000654698 0.946253717 99.104621887
0.942261040 0.001238100 0.334877163 4.305416107 -0.000940611 0.999999046 -0.001050527 -2.519497871 -0.334878117 0.000674882 0.942261219 99.613014221
0.937450111 0.001103341 0.348117799 4.505451202 -0.000757106 0.999999046 -0.001130630 -2.534050703 -0.348118782 0.000796347 0.937450111 100.136352539
0.932108641 0.001073267 0.362177223 4.725851059 -0.000756878 0.999999106 -0.001015452 -2.550695181 -0.362178028 0.000672388 0.932108700 100.642517090
0.927099764 0.000860268 0.374813616 4.953674316 -0.000355746 0.999998987 -0.001415251 -2.562137127 -0.374814391 0.001178741 0.927099109 101.164016724
0.922185898 0.000720008 0.386746049 5.186019897 -0.000158909 0.999998868 -0.001482788 -2.580613613 -0.386746734 0.001305949 0.922185063 101.664710999
0.916350722 -0.000117224 0.400376350 5.393093109 0.000545905 0.999999404 -0.000956643 -2.592574835 -0.400376052 0.001095188 0.916350305 102.092468262
0.910506248 -0.000539812 0.413494945 5.650058746 0.001128241 0.999998689 -0.001178876 -2.600730419 -0.413493752 0.001539896 0.910505712 102.596672058
0.905466080 -0.001064173 0.424417377 5.887107849 0.001647566 0.999998093 -0.001007603 -2.619534492 -0.424415559 0.001611606 0.905466139 103.063888550
0.899705768 -0.001791481 0.436493248 6.161994934 0.002494626 0.999996305 -0.001037710 -2.636427879 -0.436489880 0.002022520 0.899706960 103.563583374
0.893223822 -0.001185928 0.449610770 6.419685364 0.001820307 0.999997854 -0.000978662 -2.650168896 -0.449608624 0.001692594 0.893224120 104.062515259
0.886544704 -0.001154218 0.462641418 6.640121460 0.001910372 0.999997497 -0.001165946 -2.649261236 -0.462638855 0.001917481 0.886544764 104.505104065
0.880747795 -0.002096945 0.473581016 6.925529480 0.003042209 0.999994636 -0.001229959 -2.662888050 -0.473575860 0.002524016 0.880749404 104.989456177
0.873142421 -0.001626895 0.487462431 7.205497742 0.002446512 0.999996483 -0.001044725 -2.680898190 -0.487458974 0.002104777 0.873143315 105.461471558
