1.000000000 0.000000000 0.000000000 0.000000000 0.000000000 1.000000000 0.000000000 0.000000000 0.000000000 0.000000000 1.000000000 0.000000000
1.000000000 0.000022688 -0.000021277 0.000444024 -0.000022689 1.000000000 -0.000038032 0.000772561 0.000021276 0.000038033 1.000000000 0.000389112
1.000000000 0.000027604 0.000033132 -0.000056429 -0.000027606 1.000000000 0.000036469 0.000067035 -0.000033131 -0.000036470 1.000000000 0.000086181
1.000000000 -0.000132425 0.000062168 -0.000082445 0.000132427 1.000000000 -0.000023585 0.000769251 -0.000062165 0.000023594 1.000000000 0.000177602
1.000000000 -0.000138831 0.000039870 -0.000102070 0.000138830 1.000000000 0.000032379 -0.000134631 -0.000039875 -0.000032374 1.000000000 -0.000529931
1.000000000 0.000034348 0.000115851 -0.000462157 -0.000034345 1.000000000 -0.000025618 0.000819108 -0.000115852 0.000025614 1.000000000 0.000056895
1.000000000 -0.000095597 0.000070610 0.000161942 0.000095597 1.000000000 -0.000001181 0.000481055 -0.000070610 0.000001187 1.000000000 0.000257226
1.000000000 0.000030119 0.000047080 -0.000454223 -0.000030123 1.000000000 0.000085485 -0.000062925 -0.000047078 -0.000085486 1.000000000 -0.000109664
1.000000000 -0.000034838 -0.000001700 -0.000722254 0.000034838 1.000000000 -0.000083473 -0.000086000 0.000001703 0.000083473 1.000000000 -0.001089969
1.000000000 -0.000048535 0.000078809 -0.000086778 0.000048532 1.000000000 0.000040839 -0.000729292 -0.000078811 -0.000040835 1.000000000 -0.000421633
1.000000000 0.000072011 0.000053050 -0.000834891 -0.000072014 1.000000000 0.000056892 -0.000903909 -0.000053046 -0.000056895 1.000000000 -0.000640220
1.000000000 -0.000041401 0.000074231 -0.001104602 0.000041398 1.000000000 0.000035887 -0.000452371 -0.000074233 -0.000035884 1.000000000 -0.001062237
1.000000000 0.000053409 0.000033275 -0.000812226 -0.000053406 1.000000000 -0.000075491 -0.000338751 -0.000033279 0.000075489 1.000000000 -0.001540914
1.000000000 0.000045463 0.000071922 -0.000997487 -0.000045461 1.000000000 -0.000028257 0.000501680 -0.000071923 0.000028254 1.000000000 0.000307688
1.000000000 0.000029184 0.000047641 -0.000965635 -0.000029179 1.000000000 -0.000116307 0.001253321 -0.000047644 0.000116305 1.000000000 0.000890300
1.000000000 -0.000018173 -0.000039593 0.000386837 0.000018170 1.000000000 -0.000083793 0.001315626 0.000039595 0.000083792 1.000000000 0.001332848
1.000000000 0.000090002 0.000109252 -0.001020628 -0.000089984 1.000000000 -0.000159479 0.002324887 -0.000109266 0.000159469 1.000000000 0.002553023
1.000000000 0.000157633 0.000084065 -0.001339187 -0.000157619 1.000000000 -0.000162449 0.001899662 -0.000084090 0.000162436 1.000000000 0.001659440
1.000000000 0.000174160 0.000151457 -0.001492038 -0.000174145 1.000000000 -0.000097487 0.001936400 -0.000151474 0.000097461 1.000000000 0.002290750
1.000000000 0.000105169 0.000154057 -0.001438014 -0.000105154 1.000000000 -0.000096775 0.001005026 -0.000154068 0.000096758 1.000000000 0.001275605
1.000000000 0.000039400 0.000084424 -0.001138956 -0.000039397 1.000000000 -0.000036104 0.000384494 -0.000084425 0.000036101 1.000000000 0.000719433
1.000000000 0.000171953 0.000056042 -0.000831605 -0.000171952 1.000000000 -0.000032638 0.001312176 -0.000056048 0.000032628 1.000000000 0.000927363
1.000000000 0.000102816 0.000009888 -0.000554763 -0.000102815 1.000000000 -0.000074990 0.001427596 -0.000009896 0.000074989 1.000000000 0.002245703
1.000000000 0.000109142 0.000085822 -0.001261092 -0.000109136 1.000000000 -0.000069987 0.001715953 -0.000085830 0.000069977 1.000000000 0.002456849
0.999999940 0.000341866 0.000038324 -0.001063674 -0.000341864 0.999999940 -0.000056413 0.002434642 -0.000038344 0.000056400 1.000000000 0.003764975
0.999999940 0.000252519 0.000110012 -0.001512006 -0.000252512 0.999999940 -0.000060480 0.002312707 -0.000110027 0.000060453 1.000000000 0.001974030
1.000000000 0.000066219 0.000108925 -0.000494032 -0.000066211 1.000000000 -0.000066564 0.002540475 -0.000108929 0.000066557 1.000000000 0.003046813
1.000000000 0.000156619 0.000184171 -0.001783885 -0.000156612 1.000000000 -0.000038583 0.001710829 -0.000184177 0.000038555 1.000000000 0.002410185
1.000000000 0.000137759 0.000059636 -0.001167968 -0.000137754 1.000000000 -0.000075628 0.002461590 -0.000059646 0.000075620 1.000000000 0.002327883
1.000000000 0.000062901 0.000114075 -0.001668929 -0.000062894 1.000000000 -0.000064917 0.001185175 -0.000114079 0.000064910 1.000000000 0.001716494
0.999999940 0.000143971 0.000201945 -0.001859208 -0.000143970 1.000000000 -0.000006921 0.001096805 -0.000201946 0.000006892 1.000000000 0.002046577
1.000000000 0.000120937 0.000190321 -0.001380680 -0.000120924 1.000000000 -0.000069307 0.002216755 -0.000190330 0.000069284 1.000000000 0.003803678
1.000000000 0.000221151 0.000102117 -0.000878256 -0.000221129 0.999999940 -0.000208548 0.003464800 -0.000102163 0.000208525 1.000000000 0.003901205
1.000000000 0.000119912 0.000138047 -0.000902744 -0.000119897 1.000000000 -0.000104683 0.001826509 -0.000138060 0.000104667 1.000000000 0.001950246
0.999999940 0.000219105 0.000187916 -0.002487809 -0.000219077 0.999999940 -0.000148493 0.002225128 -0.000187948 0.000148452 1.000000000 0.002654118
1.000000000 0.000143645 0.000170244 -0.001669037 -0.000143631 1.000000000 -0.000082674 0.000957501 -0.000170256 0.000082650 1.000000000 0.001455962
1.000000000 0.000092858 0.000046826 -0.002068928 -0.000092859 1.000000000 0.000020088 0.000485047 -0.000046824 -0.000020093 1.000000000 0.000317957
1.000000000 0.000147796 0.000091111 -0.001551118 -0.000147792 1.000000000 -0.000035806 0.001971677 -0.000091116 0.000035793 1.000000000 0.002439516
0.999999940 0.000181959 0.000186298 -0.001928104 -0.000181947 1.000000000 -0.000063627 0.001842805 -0.000186309 0.000063593 1.000000000 0.001821471
0.999999940 0.000218936 0.000128122 -0.000916163 -0.000218923 1.000000000 -0.000099444 0.003015249 -0.000128144 0.000099416 1.000000000 0.003278024
1.000000000 0.000005669 0.000062705 0.000285087 -0.000005663 1.000000000 -0.000096441 0.000888748 -0.000062706 0.000096440 1.000000000 0.002580223
0.999999821 0.000511510 0.000163241 -0.000029023 -0.000511409 0.999999642 -0.000618876 -0.001680295 -0.000163557 0.000618792 0.999999821 0.052718934
0.999999881 0.000411226 0.000200622 0.001416159 -0.000410976 0.999999106 -0.001245740 -0.002522793 -0.000201134 0.001245658 0.999999225 0.142285004
0.999999702 0.000769917 0.000218465 0.002469478 -0.000769698 0.999999225 -0.001004045 -0.008844124 -0.000219238 0.001003876 0.999999404 0.255372733
0.999999702 0.000750866 0.000240907 0.005664345 -0.000750631 0.999999225 -0.000976529 -0.011756184 -0.000241640 0.000976347 0.999999464 0.387749344
0.999999702 0.000775466 0.000208075 0.006932911 -0.000775310 0.999999404 -0.000751326 -0.015049301 -0.000208658 0.000751165 0.999999702 0.532010019
0.999999762 0.000547752 0.000023630 0.013590588 -0.000547743 0.999999702 -0.000356128 -0.024631433 -0.000023825 0.000356115 0.999999940 0.682533145
0.999999940 0.000215127 0.000007433 0.019386563 -0.000215125 0.999999881 -0.000194942 -0.028319849 -0.000007475 0.000194941 0.999999940 0.843689561
0.999999881 0.000224617 0.000274928 0.018383285 -0.000224582 0.999999940 -0.000129946 -0.032578267 -0.000274957 0.000129884 0.999999940 1.016940594
0.999999940 0.000325179 0.000185366 0.023322098 -0.000325152 0.999999940 -0.000141231 -0.036269758 -0.000185412 0.000141171 0.999999940 1.193691969
0.999999821 0.000504101 0.000357296 0.026986536 -0.000504251 0.999999762 0.000420073 -0.044627994 -0.000357084 -0.000420253 0.999999821 1.376030445
0.999999821 0.000574785 0.000193705 0.031373385 -0.000574841 0.999999702 0.000286419 -0.046465080 -0.000193540 -0.000286530 0.999999881 1.570048690
0.999999642 0.000671007 0.000505530 0.031286884 -0.000671290 0.999999642 0.000561121 -0.055410761 -0.000505153 -0.000561460 0.999999642 1.764728069
0.999999642 0.000665329 0.000472645 0.035384577 -0.000665690 0.999999464 0.000764803 -0.062999986 -0.000472136 -0.000765117 0.999999523 1.960854530
1.000000000 0.000047536 0.000444553 0.039938983 -0.000047927 0.999999583 0.000879528 -0.070120633 -0.000444511 -0.000879549 0.999999523 2.176149368
0.999999940 0.000253635 0.000295626 0.045042206 -0.000253822 0.999999762 0.000631031 -0.072440445 -0.000295466 -0.000631106 0.999999702 2.389495850
0.999999821 0.000554530 0.000346529 0.049492378 -0.000554740 0.999999642 0.000606750 -0.077342190 -0.000346193 -0.000606943 0.999999762 2.615727663
0.999999821 0.000281635 0.000471070 0.057399631 -0.000282063 0.999999523 0.000907117 -0.089088708 -0.000470815 -0.000907249 0.999999464 2.840575457
0.999999762 0.000212947 0.000477636 0.061672781 -0.000213492 0.999999225 0.001140971 -0.094838798 -0.000477392 -0.001141072 0.999999225 3.085077286
0.999999404 0.000997123 0.000418474 0.065206110 -0.000997647 0.999998689 0.001253366 -0.103419267 -0.000417224 -0.001253783 0.999999106 3.318164587
0.999999523 0.000753553 0.000584069 0.069457352 -0.000754275 0.999998927 0.001237697 -0.111155011 -0.000583136 -0.001238137 0.999999046 3.562282085
0.999999285 0.000995447 0.000695082 0.072591856 -0.000996244 0.999998808 0.001146957 -0.117190517 -0.000693939 -0.001147649 0.999999106 3.819252491
0.999999642 0.000719432 0.000500017 0.079272650 -0.000719892 0.999999344 0.000920059 -0.119236365 -0.000499354 -0.000920419 0.999999464 4.088986397
0.999999583 0.000919853 0.000332169 0.086898394 -0.000920184 0.999999166 0.000999460 -0.124450669 -0.000331249 -0.000999765 0.999999464 4.348665237
0.999999583 0.000708492 0.000637839 0.087707035 -0.000709114 0.999999285 0.000974141 -0.132529289 -0.000637148 -0.000974593 0.999999344 4.605949402
0.999998868 0.001277885 0.000781571 0.092725344 -0.001278728 0.999998629 0.001078407 -0.137733176 -0.000780192 -0.001079405 0.999999106 4.857223511
0.999999166 0.001196119 0.000572837 0.102505118 -0.001196951 0.999998271 0.001454798 -0.145865113 -0.000571096 -0.001455482 0.999998808 5.117805958
0.999998391 0.001553192 0.000856580 0.105359644 -0.001554225 0.999998033 0.001206970 -0.153953746 -0.000854703 -0.001208299 0.999998927 5.380904198
0.999998808 0.001274020 0.000847992 0.111079760 -0.001274863 0.999998689 0.000994456 -0.161609724 -0.000846724 -0.000995536 0.999999166 5.649751186
0.999998868 0.001172824 0.000945527 0.111930810 -0.001174020 0.999998510 0.001265508 -0.171788901 -0.000944042 -0.001266617 0.999998748 5.907488346
0.999998271 0.001476216 0.001189046 0.113667496 -0.001477600 0.999998212 0.001163400 -0.181191355 -0.001187326 -0.001165155 0.999998629 6.185821056
0.999998748 0.001084425 0.001091307 0.128580466 -0.001085839 0.999998569 0.001295404 -0.185770109 -0.001089901 -0.001296587 0.999998569 6.480023384
0.999998152 0.001461052 0.001193307 0.130543530 -0.001462781 0.999997854 0.001449270 -0.193828285 -0.001191187 -0.001451013 0.999998271 6.770224571
0.999997795 0.001708894 0.001241668 0.135973006 -0.001710364 0.999997854 0.001183940 -0.202071860 -0.001239642 -0.001186061 0.999998510 7.076653957
0.999997139 0.001797331 0.001594145 0.138765067 -0.001799650 0.999997318 0.001454319 -0.216632456 -0.001591527 -0.001457184 0.999997675 7.375860691
0.999997139 0.001653589 0.001749511 0.142462358 -0.001656177 0.999997497 0.001478763 -0.227077901 -0.001747062 -0.001481656 0.999997377 7.682257175
0.999997497 0.001584013 0.001584756 0.155893609 -0.001586486 0.999997437 0.001560451 -0.236011565 -0.001582281 -0.001562961 0.999997497 8.007486343
0.999996841 0.001636614 0.001919669 0.150906071 -0.001639415 0.999997616 0.001458455 -0.243717209 -0.001917278 -0.001461597 0.999997079 8.316589355
0.999996722 0.001660834 0.001949395 0.158187211 -0.001663546 0.999997675 0.001390428 -0.253184289 -0.001947081 -0.001393667 0.999997139 8.636815071
0.999995470 0.001965628 0.002287868 0.171547756 -0.001968846 0.999997079 0.001405574 -0.261813998 -0.002285098 -0.001410072 0.999996424 8.966879845
0.999995053 0.002099143 0.002358059 0.179017603 -0.002103141 0.999996364 0.001694396 -0.278129607 -0.002354494 -0.001699347 0.999995768 9.299685478
0.999994278 0.002481545 0.002300451 0.184030980 -0.002484654 0.999995947 0.001349143 -0.279639035 -0.002297094 -0.001354851 0.999996424 9.644160271
0.999994636 0.002236753 0.002368169 0.192722186 -0.002241648 0.999995291 0.002066536 -0.293314070 -0.002363536 -0.002071834 0.999995053 9.995292664
0.999995351 0.002434054 0.001843092 0.205831468 -0.002436569 0.999996126 0.001363549 -0.295001835 -0.001839766 -0.001368034 0.999997377 10.352681160
0.999996006 0.002132210 0.001871412 0.214699641 -0.002134138 0.999997258 0.001029151 -0.303708255 -0.001869212 -0.001033141 0.999997735 10.714698792
0.999995351 0.002262038 0.002046534 0.220006302 -0.002265985 0.999995589 0.001928216 -0.324430645 -0.002042163 -0.001932845 0.999996066 11.079909325
0.999995291 0.002147698 0.002191020 0.229251415 -0.002152283 0.999995589 0.002092859 -0.334785759 -0.002186515 -0.002097565 0.999995410 11.456765175
0.999993980 0.002567967 0.002335958 0.235875070 -0.002572090 0.999995172 0.001763665 -0.340339333 -0.002331418 -0.001769664 0.999995708 11.838820457
0.999993742 0.002338197 0.002654620 0.235858276 -0.002343821 0.999994934 0.002117136 -0.358818173 -0.002649656 -0.002123345 0.999994218 12.229893684
0.999993205 0.002309447 0.002873580 0.244266212 -0.002316587 0.999994159 0.002483688 -0.373576343 -0.002867828 -0.002490328 0.999992788 12.623698235
0.999992549 0.002530219 0.002910889 0.251958579 -0.002537648 0.999993503 0.002551405 -0.383126318 -0.002904415 -0.002558773 0.999992490 13.012420654
0.999992669 0.002303516 0.003066971 0.265263796 -0.002309168 0.999995589 0.001840743 -0.391969711 -0.003062718 -0.001847811 0.999993622 13.404707909
0.999992907 0.002367377 0.002937637 0.278446555 -0.002374365 0.999994338 0.002377453 -0.404631168 -0.002931992 -0.002384411 0.999992847 13.843488693
0.999987841 0.003292756 0.003666523 0.271699280 -0.003303099 0.999990582 0.002818507 -0.417316765 -0.003657209 -0.002830584 0.999989331 14.267334938
0.999984920 0.003480244 0.004238816 0.279387325 -0.003490092 0.999991298 0.002318172 -0.428864568 -0.004230711 -0.002332931 0.999988317 14.687198639
0.999992788 0.002186330 0.003110222 0.308365285 -0.002194037 0.999994516 0.002476584 -0.436346918 -0.003104790 -0.002483390 0.999992073 15.092185974
0.999990046 0.002405668 0.003760967 0.313607693 -0.002414778 0.999994099 0.002419323 -0.451209009 -0.003755125 -0.002428380 0.999989927 15.521364212
0.999989986 0.002524729 0.003677396 0.326232195 -0.002531603 0.999994993 0.001865971 -0.457664669 -0.003672668 -0.001875262 0.999991477 15.970260620
0.999984086 0.003065564 0.004741411 0.332523316 -0.003078890 0.999991417 0.002806031 -0.475652993 -0.004732769 -0.002820585 0.999984801 16.406419754
0.999981582 0.003586394 0.004899366 0.341197908 -0.003599020 0.999990165 0.002570726 -0.491165698 -0.004890099 -0.002588311 0.999984741 16.843313217
0.999986529 0.002431923 0.004585501 0.362954974 -0.002443623 0.999993742 0.002547592 -0.501448870 -0.004579276 -0.002558763 0.999986231 17.303094864
0.999983668 0.002866402 0.004928953 0.359926701 -0.002881773 0.999990940 0.003114111 -0.520821035 -0.004919983 -0.003128264 0.999983013 17.787206650
0.999985158 0.002410667 0.004876356 0.376348525 -0.002423560 0.999993563 0.002639796 -0.531276107 -0.004869962 -0.002651575 0.999984622 18.252742767
0.999983668 0.002374394 0.005195968 0.391255349 -0.002386554 0.999994457 0.002335359 -0.538390756 -0.005190394 -0.002347722 0.999983788 18.728914261
0.999984741 0.003080357 0.004580057 0.450428843 -0.003089568 0.999993205 0.002005501 -0.536788523 -0.004573848 -0.002019621 0.999987483 19.175441742
0.999984086 0.002457077 0.005069700 0.453865647 -0.002469257 0.999994099 0.002397727 -0.560985267 -0.005063778 -0.002410208 0.999984264 19.661476135
0.999982178 0.003215590 0.005039070 0.457395464 -0.003228230 0.999991715 0.002502261 -0.573054075 -0.005030982 -0.002518484 0.999984145 20.153085709
0.999982119 0.003045821 0.005139167 0.472609043 -0.003056082 0.999993443 0.001990207 -0.581557930 -0.005133071 -0.002005877 0.999984801 20.644048691
0.999984026 0.003328348 0.004570532 0.483771026 -0.003339189 0.999991596 0.002366573 -0.606017649 -0.004562618 -0.002381796 0.999986708 21.146619797
0.999979913 0.004448755 0.004512063 0.491406977 -0.004462452 0.999985456 0.003030116 -0.629617572 -0.004498515 -0.003050190 0.999985218 21.646427155
0.999980330 0.004083723 0.004761484 0.487843752 -0.004095660 0.999988616 0.002500019 -0.618195772 -0.004751219 -0.002519471 0.999985516 22.166774750
0.999981880 0.004022041 0.004476107 0.503166437 -0.004032575 0.999989212 0.002347080 -0.631025195 -0.004466618 -0.002365088 0.999987185 22.678947449
0.999989390 0.002771403 0.003672291 0.528931022 -0.002783227 0.999990940 0.003218480 -0.662642300 -0.003663337 -0.003228666 0.999988079 23.170665741
0.999989271 0.003677204 0.002813521 0.526493549 -0.003686409 0.999987841 0.003273515 -0.709505856 -0.002801449 -0.003283851 0.999990702 23.674104691
0.999996126 0.001972098 0.001950158 0.536333561 -0.001978805 0.999992132 0.003443189 -0.728545308 -0.001943352 -0.003447035 0.999992192 24.197011948
0.999993265 0.003187972 0.001799377 0.570302904 -0.003192547 0.999991655 0.002545555 -0.723510087 -0.001791246 -0.002551283 0.999995112 24.758811951
0.999991536 0.003778457 0.001644442 0.573190093 -0.003783499 0.999988079 0.003073970 -0.672058463 -0.001632807 -0.003080165 0.999993920 25.263086319
0.999992192 0.003753345 0.001243728 0.581126571 -0.003757733 0.999986649 0.003545049 -0.708883882 -0.001230406 -0.003549695 0.999992967 25.782812119
0.999995768 0.002855043 0.000380404 0.616130054 -0.002856479 0.999988556 0.003827603 -0.781030655 -0.000369471 -0.003828675 0.999992549 26.388320923
0.999993205 0.003676492 -0.000262009 0.634954691 -0.003675575 0.999987364 0.003420039 -0.757795513 0.000274579 -0.003419052 0.999994040 26.988346100
0.999997437 0.002181076 -0.000595390 0.634662747 -0.002178985 0.999991477 0.003490341 -0.793695927 0.000602998 -0.003489035 0.999993742 27.533031464
0.999995112 0.003065926 -0.000580067 0.641407728 -0.003064091 0.999990463 0.003138486 -0.803659260 0.000589684 -0.003136694 0.999994934 28.093605042
0.999983788 0.005674538 -0.000295883 0.628762782 -0.005673432 0.999977410 0.003609905 -0.808974624 0.000316361 -0.003608168 0.999993443 28.596008301
0.999983013 0.005774394 -0.000754961 0.654874086 -0.005771964 0.999978244 0.003183207 -0.811602950 0.000773326 -0.003178794 0.999994636 29.157535553
0.999981821 0.006015442 -0.000604405 0.654752612 -0.006013624 0.999977469 0.002968029 -0.825370193 0.000622245 -0.002964340 0.999995410 29.701070786
0.999989331 0.004359975 -0.001468271 0.656151235 -0.004354972 0.999984682 0.003393737 -0.856052279 0.001483046 -0.003387307 0.999993086 30.218870163
0.999986470 0.005091958 -0.001088998 0.671183884 -0.005087441 0.999978602 0.004111873 -0.891955554 0.001109913 -0.004106278 0.999990940 30.782598495
0.999988377 0.004539745 -0.001631190 0.684949160 -0.004532844 0.999980867 0.004209490 -0.905629933 0.001650269 -0.004202046 0.999989808 31.328796387
0.999980330 0.006076016 -0.001570228 0.686673462 -0.006069459 0.999972999 0.004146307 -0.914194047 0.001595379 -0.004136695 0.999990165 31.883218765
0.999988198 0.004488660 -0.001846541 0.694096267 -0.004480868 0.999981046 0.004202427 -0.933960617 0.001865370 -0.004194104 0.999989450 32.402450562
0.999986589 0.004607752 -0.002376668 0.694009721 -0.004597898 0.999980867 0.004135175 -0.947876275 0.002395676 -0.004124192 0.999988616 32.944816589
0.999984562 0.005289810 -0.001662587 0.699587703 -0.005283103 0.999978006 0.004013001 -0.955707312 0.001683778 -0.004004156 0.999990523 33.490886688
0.999985993 0.004998660 -0.001734152 0.711401105 -0.004991055 0.999978006 0.004362336 -0.975865483 0.001755919 -0.004353620 0.999988973 34.028831482
0.999986947 0.004657292 -0.002111217 0.721316516 -0.004647965 0.999979496 0.004401500 -0.982227623 0.002131673 -0.004391629 0.999988079 34.568355560
0.999986649 0.004393191 -0.002757903 0.736342967 -0.004380193 0.999979317 0.004701276 -1.003670692 0.002778499 -0.004689132 0.999985158 35.092235565
0.999981403 0.005778978 -0.001935788 0.730046391 -0.005771032 0.999975026 0.004085747 -1.009841919 0.001959351 -0.004074500 0.999989808 35.638202667
0.999979854 0.005924113 -0.002260830 0.737484276 -0.005914173 0.999972939 0.004378190 -1.027040124 0.002286705 -0.004364731 0.999987841 36.187454224
0.999986172 0.004998622 -0.001634114 0.750719607 -0.004992183 0.999979854 0.003920711 -1.037891626 0.001653679 -0.003912500 0.999990940 36.736675262
0.999983907 0.005296810 -0.002030734 0.760623693 -0.005289188 0.999979019 0.003740505 -1.047322392 0.002050504 -0.003729704 0.999990940 37.277896881
0.999980509 0.006005023 -0.001718619 0.768127561 -0.005999553 0.999976993 0.003170807 -1.057953715 0.001737620 -0.003160434 0.999993443 37.824409485
0.999980807 0.005638764 -0.002588503 0.781762123 -0.005629637 0.999978065 0.003520313 -1.071614265 0.002608296 -0.003505673 0.999990463 38.378353119
0.999983132 0.005152885 -0.002684798 0.790817380 -0.005143529 0.999980748 0.003480101 -1.082482457 0.002702679 -0.003466233 0.999990344 38.931045532
0.999979317 0.005932791 -0.002473339 0.804067850 -0.005923553 0.999975502 0.003725749 -1.101873755 0.002495382 -0.003711021 0.999989927 39.432567596
0.999980569 0.005775506 -0.002336810 0.812756658 -0.005768063 0.999978304 0.003179857 -1.111774683 0.002355124 -0.003166317 0.999992132 39.984527588
0.999981225 0.005675619 -0.002319835 0.822204351 -0.005668015 0.999978602 0.003270990 -1.126932859 0.002338350 -0.003257780 0.999991953 40.522315979
0.999982595 0.005441116 -0.002295842 0.833027482 -0.005434822 0.999981463 0.002738507 -1.133612275 0.002310700 -0.002725982 0.999993563 41.082550049
0.999983191 0.005162402 -0.002639133 0.844265580 -0.005155263 0.999983072 0.002704507 -1.142305732 0.002653050 -0.002690857 0.999992847 41.604629517
0.999981880 0.005684538 -0.002012921 0.854452670 -0.005679574 0.999980867 0.002463884 -1.151324987 0.002026888 -0.002452406 0.999994993 42.162410736
0.999980748 0.005617911 -0.002619092 0.873754919 -0.005611787 0.999981582 0.002339842 -1.166535139 0.002632189 -0.002325100 0.999993801 42.681808472
0.999978662 0.005906207 -0.002786291 0.866410196 -0.005896713 0.999976814 0.003403646 -1.200674891 0.002806329 -0.003387143 0.999990344 43.214691162
0.999978781 0.005705709 -0.003139389 0.878546357 -0.005695959 0.999978900 0.003106240 -1.219438434 0.003157047 -0.003088292 0.999990225 43.759490967
0.999979675 0.005653168 -0.002957217 0.888278186 -0.005643769 0.999979019 0.003177240 -1.234335542 0.002975116 -0.003160486 0.999990523 44.298789978
0.999975920 0.006353274 -0.002775325 0.897927880 -0.006346309 0.999976695 0.002511187 -1.238183856 0.002791215 -0.002493514 0.999992967 44.821025848
0.999978364 0.006076108 -0.002519513 0.906121731 -0.006069447 0.999978065 0.002642327 -1.254805446 0.002535511 -0.002626978 0.999993324 45.367183685
0.999976933 0.006451666 -0.002151135 0.915778816 -0.006445816 0.999975502 0.002715690 -1.268830538 0.002168602 -0.002701761 0.999993980 45.908000946
0.999980152 0.005940109 -0.002072474 0.914628804 -0.005934841 0.999979138 0.002538630 -1.278710008 0.002087510 -0.002526280 0.999994636 46.448238373
0.999979436 0.006069621 -0.002051253 0.921640873 -0.006063630 0.999977350 0.002913587 -1.294560671 0.002068892 -0.002901090 0.999993622 46.997783661
0.999976754 0.006425848 -0.002282898 0.931142688 -0.006419900 0.999975979 0.002603897 -1.304605842 0.002299575 -0.002589181 0.999993980 47.549827576
0.999973655 0.006968515 -0.002032433 0.939501166 -0.006965478 0.999974608 0.001496701 -1.313364387 0.002042811 -0.001482504 0.999996781 48.091602325
0.999978364 0.006130406 -0.002365422 0.951191425 -0.006124944 0.999978542 0.002308971 -1.336002231 0.002379526 -0.002294433 0.999994516 48.636920929
0.999979258 0.006046499 -0.002209480 0.956629515 -0.006041639 0.999979317 0.002199975 -1.351472378 0.002222736 -0.002186580 0.999995112 49.172218323
0.999978065 0.006272543 -0.002131014 0.964546144 -0.006267080 0.999977112 0.002559876 -1.367232084 0.002147023 -0.002546464 0.999994397 49.723125458
0.999974430 0.006951001 -0.001648100 0.964485884 -0.006946960 0.999972820 0.002446103 -1.379949808 0.001665058 -0.002434591 0.999995649 50.270397186
0.999975860 0.006661049 -0.001986371 0.974543691 -0.006655665 0.999974132 0.002705742 -1.400339842 0.002004343 -0.002692456 0.999994338 50.795402527
0.999981880 0.005620343 -0.002146637 0.999486864 -0.005614844 0.999980927 0.002558736 -1.415010571 0.002160976 -0.002546636 0.999994338 51.370803833
0.999980032 0.005868895 -0.002333185 1.009797812 -0.005861672 0.999978006 0.003090587 -1.427080750 0.002351272 -0.003076849 0.999992490 51.925559998
0.999981523 0.005596308 -0.002358054 1.020219088 -0.005589778 0.999980569 0.002766859 -1.443560004 0.002373493 -0.002753627 0.999993324 52.474582672
0.999982178 0.005476838 -0.002371792 1.031219721 -0.005470466 0.999981403 0.002685109 -1.448711634 0.002386454 -0.002672086 0.999993563 53.037784576
0.999979854 0.005648348 -0.002888977 1.046410084 -0.005641722 0.999981403 0.002296312 -1.465823174 0.002901893 -0.002279967 0.999993205 53.583103180
0.999979436 0.005851727 -0.002595291 1.058022499 -0.005846601 0.999980927 0.001978044 -1.482382178 0.002606817 -0.001962830 0.999994695 54.134414673
0.999976575 0.006577552 -0.001884503 1.055110216 -0.006574250 0.999976814 0.001753203 -1.492585063 0.001895992 -0.001740773 0.999996603 54.672023773
0.999975860 0.006440327 -0.002574454 1.076945186 -0.006436646 0.999978185 0.001435513 -1.499881744 0.002583642 -0.001418908 0.999995649 55.233943939
0.999976337 0.006483638 -0.002348490 1.091830611 -0.006479276 0.999977231 0.001859286 -1.516126513 0.002360492 -0.001844025 0.999995530 55.779350281
0.999978304 0.006013950 -0.002684898 1.105165958 -0.006008754 0.999980092 0.001939085 -1.531863928 0.002696507 -0.001922910 0.999994516 56.329792023
0.999974787 0.006726177 -0.002257033 1.115137339 -0.006722546 0.999976099 0.001612488 -1.544329524 0.002267824 -0.001597275 0.999996126 56.884063721
0.999977767 0.006097485 -0.002697812 1.127214313 -0.006093806 0.999980509 0.001369787 -1.557811379 0.002706111 -0.001353316 0.999995410 57.415115356
0.999976337 0.006392310 -0.002531178 1.135565639 -0.006388600 0.999978483 0.001470976 -1.572887421 0.002540526 -0.001454771 0.999995708 57.945266724
0.999975681 0.006728433 -0.001820643 1.141950130 -0.006726169 0.999976575 0.001247373 -1.585217834 0.001828993 -0.001235097 0.999997556 58.487060547
0.999972343 0.007237616 -0.001717418 1.146970868 -0.007235436 0.999973118 0.001271841 -1.601801634 0.001726577 -0.001259379 0.999997735 59.011203766
0.999973118 0.007097594 -0.001827619 1.161755562 -0.007094431 0.999973357 0.001731109 -1.625573874 0.001839857 -0.001718097 0.999996841 59.539730072
0.999978423 0.005891745 -0.002878176 1.181010127 -0.005888500 0.999981999 0.001134284 -1.632112265 0.002884806 -0.001117312 0.999995232 60.101417542
0.999978721 0.005994030 -0.002570870 1.188369632 -0.005991026 0.999981344 0.001174372 -1.645417929 0.002577861 -0.001158945 0.999996006 60.650405884
0.999975562 0.006791187 -0.001675222 1.196049571 -0.006789042 0.999976158 0.001283124 -1.659712553 0.001683896 -0.001271720 0.999997735 61.197795868
0.999973297 0.007131368 -0.001607547 1.205272675 -0.007129841 0.999974132 0.000954158 -1.669566751 0.001614309 -0.000942671 0.999998212 61.762599945
0.999978244 0.006414484 -0.001497371 1.212747931 -0.006412696 0.999978721 0.001197571 -1.692104816 0.001505021 -0.001187943 0.999998093 62.293087006
0.999974847 0.007068042 -0.000580684 1.216358662 -0.007067456 0.999974489 0.001003669 -1.704827070 0.000587764 -0.000999539 0.999999344 62.833492279
0.999973476 0.007200717 -0.001032463 1.227105856 -0.007198912 0.999972582 0.001742415 -1.731318355 0.001044981 -0.001734936 0.999997973 63.373542786
0.999966741 0.008127277 -0.000549570 1.222525716 -0.008126618 0.999966264 0.001191060 -1.750326514 0.000559232 -0.001186554 0.999999166 63.917987823
0.999971688 0.007505904 -0.000495586 1.236517191 -0.007505296 0.999971092 0.001217677 -1.755836844 0.000504711 -0.001213924 0.999999166 64.439643860
0.999969900 0.007720505 -0.000783541 1.247678041 -0.007719660 0.999969542 0.001075411 -1.767022729 0.000791820 -0.001069330 0.999999106 64.992607117
0.999977469 0.006708983 -0.000512318 1.262791038 -0.006708591 0.999977112 0.000759422 -1.778718948 0.000517400 -0.000755968 0.999999583 65.524566650
0.999977410 0.006716392 -0.000177226 1.270246506 -0.006716283 0.999977231 0.000597657 -1.793832064 0.000181236 -0.000596454 0.999999821 66.062255859
0.999965429 0.008309850 -0.000168908 1.284618855 -0.008309617 0.999964595 0.001338394 -1.820270658 0.000180023 -0.001336944 0.999999046 66.610671997
0.999968529 0.007858593 -0.001047943 1.290589571 -0.007856368 0.999966919 0.002110383 -1.851545691 0.001064493 -0.002102084 0.999997199 67.122528076
0.999970019 0.007738637 -0.000106880 1.313679099 -0.007738534 0.999969602 0.000933373 -1.846001148 0.000114100 -0.000932518 0.999999583 67.692863464
0.999972641 0.007386905 0.000079129 1.321413875 -0.007386966 0.999972403 0.000777081 -1.867003202 -0.000073387 -0.000777645 0.999999702 68.235900879
0.999967396 0.008076037 0.000015822 1.326058626 -0.008076043 0.999967337 0.000397917 -1.874328017 -0.000012608 -0.000398032 0.999999881 68.766052246
0.999965668 0.008283990 -0.000018972 1.334401131 -0.008283975 0.999965429 0.000757368 -1.898212075 0.000025246 -0.000757185 0.999999702 69.269973755
0.999963284 0.008560779 0.000243932 1.350051403 -0.008560937 0.999963105 0.000655476 -1.918196559 -0.000238312 -0.000657540 0.999999702 69.808670044
0.999969184 0.007822775 0.000665424 1.355008245 -0.007823067 0.999969304 0.000437471 -1.940531492 -0.000661981 -0.000442663 0.999999702 70.353332520
0.999963045 0.008532606 0.001028094 1.359984398 -0.008533016 0.999963522 0.000395405 -1.956078768 -0.001024682 -0.000404163 0.999999404 70.907150269
0.999971092 0.007611658 0.000375262 1.383892298 -0.007611737 0.999971032 0.000203581 -1.967667460 -0.000373702 -0.000206431 0.999999821 71.484466553
0.999974966 0.007068230 0.000372536 1.397661567 -0.007068141 0.999974966 -0.000240038 -1.972344398 -0.000374224 0.000237399 0.999999881 72.049568176
0.999970376 0.007654947 0.000692737 1.400269866 -0.007654725 0.999970615 -0.000323430 -1.984689951 -0.000695193 0.000318117 0.999999642 72.606346130
0.999971926 0.007459935 0.000635581 1.426343679 -0.007459677 0.999972045 -0.000407375 -2.002874851 -0.000638601 0.000402623 0.999999702 73.140708923
0.999978185 0.006595077 0.000226259 1.436939359 -0.006595009 0.999978125 -0.000290501 -2.014288664 -0.000228169 0.000289002 0.999999940 73.687248230
0.999974430 0.007113130 0.000704911 1.444496036 -0.007112398 0.999974132 -0.001036154 -2.023769379 -0.000712263 0.001031114 0.999999225 74.232025146
0.999972105 0.007408921 0.000855855 1.459600687 -0.007408381 0.999972343 -0.000632352 -2.041589022 -0.000860516 0.000625994 0.999999404 74.759513855
0.999966621 0.008093385 0.001107366 1.470523357 -0.008092484 0.999966919 -0.000815476 -2.062460661 -0.001113929 0.000806487 0.999999046 75.321617126
0.999967754 0.007843096 0.001682369 1.468730807 -0.007841777 0.999968946 -0.000789332 -2.080072880 -0.001688508 0.000776113 0.999998271 75.837066650
0.999959886 0.008778569 0.001745974 1.485613346 -0.008776587 0.999960780 -0.001139763 -2.097809792 -0.001755911 0.001124393 0.999997854 76.386489868
0.999973059 0.007280590 0.000928727 1.513978004 -0.007279380 0.999972641 -0.001299200 -2.104974985 -0.000938161 0.001292404 0.999998689 76.952316284
0.999963403 0.008382106 0.001685864 1.514107227 -0.008378582 0.999962747 -0.002087303 -2.116812229 -0.001703297 0.002073101 0.999996424 77.488838196
0.999962866 0.008594174 0.000529733 1.521978498 -0.008593564 0.999962449 -0.001137770 -2.138899565 -0.000539491 0.001133176 0.999999225 78.020614624
0.999970198 0.007682385 0.000782389 1.539248705 -0.007681330 0.999969602 -0.001344782 -2.170280218 -0.000792696 0.001338733 0.999998808 78.550514221
0.999969423 0.007734615 0.001187356 1.550753474 -0.007732699 0.999968767 -0.001610125 -2.182924032 -0.001199773 0.001600894 0.999998033 79.097427368
0.999960721 0.008709515 0.001637084 1.554456830 -0.008707564 0.999961376 -0.001194418 -2.201665401 -0.001647424 0.001180116 0.999997973 79.699089050
0.999972939 0.007270240 0.001089586 1.556182981 -0.007269500 0.999973357 -0.000681034 -2.236509800 -0.001094508 0.000673095 0.999999106 80.243629456
0.999967396 0.007770531 0.002203006 1.573708415 -0.007768176 0.999969244 -0.001075562 -2.238960743 -0.002211295 0.001058414 0.999997020 80.806327820
0.999961019 0.008132467 0.003419789 1.600331545 -0.008128628 0.999966323 -0.001134575 -2.258500338 -0.003428901 0.001106732 0.999993503 81.334465027
0.999961317 0.007591767 0.004444324 1.609637260 -0.007585217 0.999970138 -0.001488863 -2.262794733 -0.004455495 0.001455094 0.999988973 81.886978149
0.999955714 0.007531431 0.005629749 1.621855974 -0.007521949 0.999970198 -0.001703127 -2.275688171 -0.005642408 0.001660705 0.999982715 82.437644958
0.999925971 0.008195293 0.008992883 1.643343687 -0.008182603 0.999965489 -0.001447051 -2.300683737 -0.009004433 0.001373358 0.999958456 82.964942932
0.999881744 0.007944960 0.013166515 1.652179241 -0.007919891 0.999966741 -0.001955197 -2.309419394 -0.013181612 0.001850689 0.999911368 83.530540466
0.999846339 0.007522474 0.015833285 1.679625630 -0.007499928 0.999970794 -0.001482925 -2.325562000 -0.015843976 0.001363948 0.999873519 84.030731201
0.999764383 0.008014612 0.020173918 1.704106450 -0.007983130 0.999966741 -0.001640511 -2.341121674 -0.020186398 0.001479073 0.999795079 84.578666687
0.999602973 0.008801193 0.026765376 1.727246046 -0.008762796 0.999960363 -0.001551497 -2.365222931 -0.026777972 0.001316342 0.999640524 85.110534668
0.999442577 0.008037954 0.032401554 1.761890888 -0.007976494 0.999966085 -0.002025626 -2.378049850 -0.032416739 0.001766046 0.999472857 85.647781372
0.999213517 0.007935011 0.038851485 1.791342258 -0.007863069 0.999967039 -0.002004145 -2.393674850 -0.038866110 0.001697076 0.999242961 86.186820984
0.998855770 0.008241994 0.047108371 1.834405422 -0.008160031 0.999964952 -0.001931948 -2.408205509 -0.047122639 0.001545332 0.998887897 86.738578796
0.998437524 0.007826214 0.055328373 1.883561850 -0.007695458 0.999967039 -0.002575949 -2.424317360 -0.055346701 0.002146147 0.998464882 87.271667480
0.998009205 0.007859810 0.062576942 1.931560278 -0.007705825 0.999966621 -0.002701677 -2.438521385 -0.062596098 0.002214091 0.998036444 87.813735962
0.997380257 0.007690031 0.071926437 1.989848137 -0.007521105 0.999968290 -0.002619104 -2.457580566 -0.071944304 0.002071277 0.997406483 88.334297180
0.996628046 0.007429272 0.081714779 2.062844753 -0.007222744 0.999969959 -0.002822756 -2.475871801 -0.081733294 0.002223032 0.996651769 88.875656128
0.995882750 0.007050805 0.090376303 2.129105568 -0.006804171 0.999972165 -0.003036797 -2.486334324 -0.090395205 0.002409358 0.995903075 89.412902832
0.995169580 0.006626377 0.097946391 2.196787834 -0.006319606 0.999974132 -0.003441957 -2.499786615 -0.097966671 0.002806349 0.995185733 89.936256409
0.994092584 0.006985858 0.108311400 2.266827106 -0.006661903 0.999972165 -0.003352533 -2.516240597 -0.108331822 0.002611168 0.994111359 90.451828003
0.992923915 0.007024381 0.118543811 2.359131813 -0.006663429 0.999971867 -0.003440972 -2.528098583 -0.118564643 0.002626716 0.992942870 90.981918335
0.991785049 0.006276718 0.127761140 2.459680557 -0.005865036 0.999976277 -0.003598233 -2.541821718 -0.127780676 0.002819350 0.991798460 91.507324219
0.990266204 0.005971538 0.139058322 2.557868958 -0.005551771 0.999978781 -0.003406338 -2.563183069 -0.139075682 0.002601162 0.990278363 92.039466858
0.988393426 0.006028865 0.151796192 2.663989067 -0.005481205 0.999976873 -0.004026035 -2.573554754 -0.151816949 0.003147281 0.988403618 92.567192078
0.986736000 0.005334843 0.162245587 2.774093628 -0.004760333 0.999980927 -0.003929525 -2.589576721 -0.162263438 0.003105061 0.986742675 93.109367371
0.984992325 0.005422200 0.172512800 2.898865700 -0.004888149 0.999981880 -0.003520375 -2.619011641 -0.172528759 0.002624274 0.985000968 93.642753601
0.982601643 0.005420689 0.185645744 3.017099380 -0.004831801 0.999981761 -0.003624403 -2.638717175 -0.185661957 0.002664342 0.982610047 94.161369324
0.980283916 0.004643585 0.197539434 3.156979561 -0.003976359 0.999984980 -0.003774208 -2.649232864 -0.197553992 0.002914307 0.980287671 94.702629089
0.978181005 0.003892453 0.207717985 3.283180237 -0.003180723 0.999987900 -0.003760297 -2.667057276 -0.207730100 0.003017557 0.978181541 95.226631165
0.975344479 0.004333753 0.220645502 3.429191589 -0.003612927 0.999986708 -0.003670355 -2.686429977 -0.220658481 0.002782683 0.975347161 95.768936157
0.972178459 0.003269503 0.234218672 3.581279755 -0.002253812 0.999986887 -0.004604043 -2.692591190 -0.234230667 0.003948065 0.972173035 96.295295715
0.969487190 0.002702639 0.245127276 3.740362167 -0.001657313 0.999988735 -0.004470599 -2.706539154 -0.245136604 0.003927936 0.969480515 96.817077637
0.966708601 0.002767584 0.255864918 3.912609100 -0.001745942 0.999989569 -0.004219951 -2.723946810 -0.255873948 0.003632738 0.966703296 97.341575623
0.963038862 0.002718857 0.269348711 4.082065582 -0.001772277 0.999991357 -0.003757444 -2.746504784 -0.269356579 0.003141203 0.963035524 97.846946716
0.959431767 0.002139514 0.281932771 4.257844925 -0.001068476 0.999991596 -0.003952596 -2.765888929 -0.281938851 0.003491008 0.959426045 98.374603271
0.955901206 0.002481779 0.293678343 4.439538956 -0.001232732 0.999989390 -0.004438130 -2.775882244 -0.293686271 0.003880386 0.955893993 98.898719788
0.951610088 0.001773900 0.307302505 4.630331039 -0.000472741 0.999990582 -0.004308518 -2.791617632 -0.307307363 0.003954754 0.951602101 99.398368835
0.947084367 0.000954813 0.320983261 4.841211319 0.000584958 0.999988794 -0.004700576 -2.806314468 -0.320984215 0.004639604 0.947073162 99.921127319
0.943179011 0.000824564 0.332284003 5.050498962 0.000803000 0.999988317 -0.004760765 -2.825418949 -0.332284063 0.004757078 0.943167329 100.424697876
0.938487828 0.000565310 0.345311701 5.265171051 0.001035403 0.999989569 -0.004451101 -2.841064930 -0.345310658 0.004534840 0.938477516 100.934364319
0.933082044 0.000300529 0.359663516 5.480981827 0.001416063 0.999988854 -0.004509293 -2.855791092 -0.359660834 0.004716845 0.933071256 101.439849854
0.928515077 0.000186380 0.371294767 5.726076126 0.001696589 0.999987304 -0.004744709 -2.867499113 -0.371290952 0.005035468 0.928502977 101.959228516
0.923609674 -0.001075803 0.383332759 5.930782318 0.002856712 0.999987602 -0.004076611 -2.908789873 -0.383323550 0.004860268 0.923601329 102.417251587
0.917457223 -0.000640494 0.397833705 6.165676117 0.002132160 0.999992251 -0.003307104 -2.927999496 -0.397828519 0.003882371 0.917451501 102.911483765
0.911594748 -0.001468742 0.411087275 6.441623688 0.003354391 0.999986887 -0.003865659 -2.935091257 -0.411076128 0.004902862 0.911587834 103.461700439
0.906682968 -0.001963758 0.421807885 6.692680359 0.003988330 0.999984384 -0.003917484 -2.948535442 -0.421793580 0.005234225 0.906676829 103.942207336
0.900923789 -0.002246911 0.433971494 6.938266754 0.004366403 0.999982893 -0.003887175 -2.975789070 -0.433955371 0.005396944 0.900918126 104.415267944
0.894037485 -0.001052581 0.447990924 7.201503754 0.003057361 0.999988198 -0.003751922 -2.986293554 -0.447981715 0.004724029 0.894030213 104.902252197
0.888174713 -0.002607794 0.459498495 7.490783691 0.005035869 0.999979019 -0.004058753 -3.006255150 -0.459478319 0.005918855 0.888169289 105.401847839
0.882239580 -0.003888173 0.470784903 7.768024445 0.006433539 0.999972045 -0.003797607 -3.018618584 -0.470757067 0.006379211 0.882239878 105.872505188
0.874486208 -0.003043430 0.485040873 8.047439575 0.005186867 0.999981761 -0.003076994 -3.049093008 -0.485022664 0.005206631 0.874486029 106.350250244
