1.000000000 0.000000000 0.000000000 0.000000000 0.000000000 1.000000000 0.000000000 0.000000000 0.000000000 0.000000000 1.000000000 0.000000000
1.000000000 0.000011540 0.000066097 -0.000384471 -0.000011546 1.000000000 0.000090923 -0.000132204 -0.000066096 -0.000090924 1.000000000 0.000219536
1.000000000 0.000012210 0.000125355 -0.001072652 -0.000012214 1.000000000 0.000033743 0.000272647 -0.000125355 -0.000033744 1.000000000 -0.000026009
1.000000000 0.000001043 0.000026621 -0.000353565 -0.000001045 1.000000000 0.000071395 -0.000725847 -0.000026620 -0.000071395 1.000000000 -0.000760716
1.000000000 -0.000007036 0.000165505 -0.001030009 0.000007021 1.000000000 0.000087808 -0.000355602 -0.000165506 -0.000087806 1.000000000 0.000365706
1.000000000 -0.000096867 0.000016462 -0.000265318 0.000096866 1.000000000 0.000064358 -0.000816852 -0.000016468 -0.000064357 1.000000000 -0.000038561
1.000000000 0.000052365 0.000092293 -0.000983161 -0.000052373 1.000000000 0.000083976 -0.000915082 -0.000092289 -0.000083981 1.000000000 -0.000980458
1.000000000 0.000039493 0.000047495 -0.000491687 -0.000039491 1.000000000 -0.000033275 -0.000016939 -0.000047496 0.000033273 1.000000000 -0.000183048
1.000000000 0.000076297 0.000181108 -0.000959804 -0.000076311 1.000000000 0.000076595 -0.001049367 -0.000181102 -0.000076609 1.000000000 -0.000229450
1.000000000 0.000170894 0.000149390 -0.001232022 -0.000170914 1.000000000 0.000132683 -0.000983048 -0.000149367 -0.000132708 1.000000000 0.000279335
1.000000000 -0.000020701 0.000140696 -0.000643450 0.000020689 1.000000000 0.000084802 -0.000539432 -0.000140698 -0.000084799 1.000000000 0.000048370
1.000000000 0.000064402 0.000180277 -0.001221452 -0.000064410 1.000000000 0.000045952 -0.000586618 -0.000180274 -0.000045964 1.000000000 0.000171401
1.000000000 -0.000020952 0.000086832 -0.000163533 0.000020945 1.000000000 0.000090594 -0.000616117 -0.000086834 -0.000090592 1.000000000 0.000236722
1.000000000 0.000022690 0.000143643 -0.001349009 -0.000022679 1.000000000 -0.000080750 0.000424546 -0.000143645 0.000080746 1.000000000 0.000101054
1.000000000 0.000053387 0.000120551 -0.001312722 -0.000053389 1.000000000 0.000020580 -0.000009326 -0.000120550 -0.000020587 1.000000000 0.000213688
0.999999940 0.000242202 0.000158267 -0.001816272 -0.000242198 1.000000000 -0.000029419 0.000516656 -0.000158274 0.000029381 1.000000000 0.001187684
0.999999940 0.000279451 0.000204254 -0.002487617 -0.000279450 0.999999940 -0.000006477 0.000187750 -0.000204256 0.000006420 1.000000000 0.000265130
0.999999940 0.000150172 0.000251714 -0.002272371 -0.000150182 1.000000000 0.000037474 0.000192816 -0.000251709 -0.000037511 0.999999940 0.001287271
0.999999940 0.000129778 0.000242025 -0.002115955 -0.000129760 1.000000000 -0.000073076 0.000864378 -0.000242034 0.000073045 0.999999940 0.000725202
1.000000000 0.000104010 0.000211578 -0.001638711 -0.000104032 1.000000000 0.000101026 -0.000540952 -0.000211567 -0.000101048 1.000000000 0.000623294
0.999999940 0.000245051 0.000149114 -0.001966998 -0.000245049 0.999999940 -0.000016608 0.000413653 -0.000149118 0.000016571 1.000000000 0.000450700
0.999999940 0.000177295 0.000176987 -0.001152419 -0.000177285 1.000000000 -0.000056588 0.000249208 -0.000176997 0.000056557 1.000000000 0.000178430
0.999999940 0.000210586 0.000164602 -0.001797671 -0.000210586 1.000000000 0.000001176 0.000509744 -0.000164602 -0.000001210 1.000000000 -0.000237000
0.999999940 0.000390627 0.000147860 -0.001704393 -0.000390628 0.999999940 0.000005709 0.001314410 -0.000147858 -0.000005767 1.000000000 0.001293899
0.999999940 0.000333943 0.000247597 -0.001724752 -0.000333951 0.999999940 0.000033032 0.000531391 -0.000247586 -0.000033115 0.999999940 0.000674095
0.999999940 0.000266314 0.000221297 -0.001468885 -0.000266306 0.999999940 -0.000035829 0.001847476 -0.000221306 0.000035770 1.000000000 0.001461479
0.999999940 0.000274941 0.000204247 -0.001852341 -0.000274959 0.999999940 0.000091775 -0.000202157 -0.000204222 -0.000091831 1.000000000 0.000875018
1.000000000 0.000218367 0.000071792 -0.000169709 -0.000218365 1.000000000 -0.000024208 0.000158594 -0.000071798 0.000024192 1.000000000 -0.000006187
0.999999940 0.000284232 0.000127668 -0.001082918 -0.000284221 0.999999940 -0.000090242 0.001593085 -0.000127694 0.000090206 1.000000000 0.001494164
0.999999940 0.000240056 0.000172875 -0.001105297 -0.000240052 1.000000000 -0.000021440 0.000604706 -0.000172880 0.000021399 1.000000000 0.000911667
0.999999940 0.000223206 0.000283853 -0.002274554 -0.000223203 1.000000000 -0.000009468 0.000773771 -0.000283855 0.000009405 0.999999940 0.001058829
0.999999940 0.000305513 0.000167933 -0.001232966 -0.000305507 0.999999940 -0.000039070 0.001448544 -0.000167944 0.000039019 1.000000000 0.001767599
0.999999940 0.000316498 0.000150658 -0.001283641 -0.000316501 0.999999940 0.000020821 0.000722169 -0.000150651 -0.000020868 1.000000000 0.001264681
0.999999881 0.000401240 0.000268801 -0.002732778 -0.000401252 0.999999940 0.000043079 0.000282965 -0.000268783 -0.000043187 0.999999940 0.001577330
0.999999940 0.000355473 0.000194836 -0.001720508 -0.000355453 0.999999940 -0.000102843 0.001262986 -0.000194873 0.000102774 1.000000000 0.001990348
0.999999940 0.000277846 0.000198197 -0.001322688 -0.000277843 0.999999940 -0.000013248 0.000925647 -0.000198200 0.000013193 1.000000000 0.001434701
0.999999940 0.000358617 0.000147881 -0.001584469 -0.000358614 0.999999940 -0.000021816 0.001673407 -0.000147888 0.000021763 1.000000000 0.001618404
0.999999940 0.000330608 0.000232820 -0.001827119 -0.000330609 0.999999940 0.000003232 0.000712886 -0.000232819 -0.000003309 1.000000000 0.000806306
0.999999881 0.000368933 0.000218731 -0.001632380 -0.000368928 0.999999940 -0.000024863 0.001801019 -0.000218741 0.000024782 1.000000000 0.001327102
1.000000000 0.000174742 0.000138483 -0.001051924 -0.000174728 1.000000000 -0.000101747 0.000317032 -0.000138501 0.000101723 1.000000000 0.001269251
0.999999940 0.000301321 0.000293355 -0.001146684 -0.000301169 0.999999821 -0.000517048 -0.002861115 -0.000293511 0.000516960 0.999999821 0.049050923
0.999999881 0.000438354 0.000268136 -0.000245254 -0.000438064 0.999999344 -0.001080673 -0.004269323 -0.000268610 0.001080555 0.999999404 0.138573438
0.999999940 0.000216318 -0.000299524 0.002465189 -0.000216656 0.999999344 -0.001130719 -0.004659860 0.000299279 0.001130784 0.999999344 0.256044686
0.999999702 0.000709690 -0.000228923 0.004717806 -0.000709898 0.999999344 -0.000912875 -0.009252759 0.000228275 0.000913037 0.999999583 0.387768984
0.999999762 0.000674000 -0.000300689 0.008445990 -0.000674212 0.999999523 -0.000706113 -0.013325799 0.000300213 0.000706316 0.999999762 0.531570673
0.999999762 -0.000434231 -0.000527350 0.014282230 0.000434277 0.999999881 0.000085889 -0.025794493 0.000527313 -0.000086118 0.999999821 0.683068275
0.999999702 -0.000638534 -0.000552981 0.018890625 0.000638808 0.999999702 0.000494899 -0.030041644 0.000552665 -0.000495252 0.999999762 0.844517291
0.999999583 -0.000672818 -0.000460158 0.017474562 0.000672845 0.999999762 0.000058250 -0.033389121 0.000460118 -0.000058560 0.999999881 1.013027906
0.999999702 -0.000549805 -0.000390449 0.020787181 0.000549805 0.999999821 -0.000000332 -0.035566386 0.000390450 0.000000118 0.999999940 1.192892551
0.999999881 -0.000315447 -0.000140599 0.020348087 0.000315524 0.999999821 0.000546392 -0.043744173 0.000140427 -0.000546437 0.999999821 1.377286673
1.000000000 0.000189162 -0.000258625 0.023054639 -0.000189042 0.999999940 0.000464179 -0.045762699 0.000258713 -0.000464130 0.999999821 1.568644166
0.999999881 -0.000486287 -0.000141558 0.027922789 0.000486375 0.999999702 0.000623079 -0.053996205 0.000141255 -0.000623148 0.999999702 1.769256473
0.999999881 -0.000349861 -0.000246234 0.034518749 0.000350102 0.999999404 0.000978557 -0.061192382 0.000245891 -0.000978643 0.999999464 1.967087269
0.999999344 -0.001055733 -0.000497137 0.042403504 0.001056222 0.999998927 0.000984361 -0.066986255 0.000496098 -0.000984886 0.999999344 2.180024624
0.999999702 -0.000736587 -0.000236686 0.045742434 0.000736811 0.999999285 0.000948718 -0.072092064 0.000235987 -0.000948893 0.999999464 2.404145002
0.999999881 -0.000455578 -0.000023196 0.050346684 0.000455597 0.999999523 0.000795918 -0.080364391 0.000022833 -0.000795928 0.999999702 2.621488810
0.999999940 -0.000361706 0.000084465 0.052478686 0.000361633 0.999999523 0.000868478 -0.087661773 -0.000084779 -0.000868447 0.999999642 2.851041555
0.999999821 -0.000599636 0.000022231 0.059560228 0.000599615 0.999999404 0.000940677 -0.090289272 -0.000022795 -0.000940664 0.999999523 3.089068890
0.999999821 -0.000462627 -0.000280570 0.066063739 0.000462922 0.999999344 0.001051519 -0.099165283 0.000280083 -0.001051649 0.999999404 3.332220554
0.999999762 -0.000590253 0.000301063 0.066967174 0.000589775 0.999998510 0.001583804 -0.110984489 -0.000301997 -0.001583626 0.999998629 3.582052231
0.999999702 -0.000733050 0.000281860 0.071083687 0.000732610 0.999998510 0.001557426 -0.116976105 -0.000283001 -0.001557219 0.999998748 3.836974859
0.999999940 -0.000393357 0.000148766 0.082537174 0.000393200 0.999999344 0.001059469 -0.117039651 -0.000149182 -0.001059410 0.999999404 4.102509975
0.999999881 -0.000386919 0.000392304 0.087158769 0.000386490 0.999999285 0.001092479 -0.120827034 -0.000392727 -0.001092328 0.999999285 4.361058235
0.999999881 -0.000117092 0.000523518 0.090620793 0.000116649 0.999999702 0.000845296 -0.126892820 -0.000523617 -0.000845235 0.999999464 4.624235630
0.999999940 0.000041194 0.000379579 0.097242385 -0.000041626 0.999999344 0.001137026 -0.134796783 -0.000379532 -0.001137041 0.999999285 4.881254673
0.999999702 0.000671850 0.000499845 0.099244535 -0.000672516 0.999998927 0.001333397 -0.141398340 -0.000498949 -0.001333732 0.999998987 5.141406059
0.999999642 0.000362249 0.000751309 0.098468639 -0.000363145 0.999999225 0.001192911 -0.150527507 -0.000750876 -0.001193183 0.999998987 5.408647060
0.999999702 0.000237862 0.000764523 0.102835648 -0.000238685 0.999999404 0.001076460 -0.155021220 -0.000764267 -0.001076643 0.999999106 5.672601223
0.999999464 0.000006165 0.000951402 0.103974879 -0.000007425 0.999999106 0.001325214 -0.168247059 -0.000951393 -0.001325221 0.999998689 5.936944008
0.999999285 0.000210275 0.001099423 0.108236425 -0.000211784 0.999999046 0.001372964 -0.176310360 -0.001099134 -0.001373196 0.999998510 6.212710381
0.999999404 0.000183452 0.001082984 0.116955377 -0.000184659 0.999999285 0.001114782 -0.179560229 -0.001082779 -0.001114981 0.999998808 6.519204617
0.999999702 0.000169525 0.000808619 0.121186517 -0.000170615 0.999999046 0.001348237 -0.187774107 -0.000808390 -0.001348374 0.999998808 6.811381817
0.999999404 0.000332585 0.001042057 0.126531422 -0.000333926 0.999999046 0.001286486 -0.197350651 -0.001041628 -0.001286833 0.999998629 7.114159107
0.999999225 0.000695546 0.001103324 0.129939914 -0.000697429 0.999998271 0.001707227 -0.208923727 -0.001102134 -0.001707995 0.999997973 7.409904957
0.999999046 0.000435928 0.001303209 0.135403156 -0.000438086 0.999998510 0.001656021 -0.226810738 -0.001302485 -0.001656591 0.999997735 7.719084740
0.999999046 0.000383046 0.001314656 0.146266282 -0.000385327 0.999998391 0.001735031 -0.233129323 -0.001313989 -0.001735536 0.999997675 8.039567947
0.999999106 -0.000068314 0.001333053 0.149714574 0.000065921 0.999998331 0.001795075 -0.243232906 -0.001333173 -0.001794986 0.999997497 8.353088379
0.999999166 -0.000277017 0.001306564 0.158496484 0.000274974 0.999998689 0.001564402 -0.249906749 -0.001306996 -0.001564042 0.999997973 8.677309036
0.999998689 0.000472248 0.001519482 0.164169520 -0.000474278 0.999998987 0.001335884 -0.252521515 -0.001518850 -0.001336603 0.999997973 9.029011726
0.999998629 0.000760995 0.001483478 0.170933396 -0.000763083 0.999998748 0.001406832 -0.265760988 -0.001482405 -0.001407962 0.999997914 9.370046616
0.999998033 0.000792874 0.001802920 0.170823038 -0.000795556 0.999998689 0.001487279 -0.279165268 -0.001801738 -0.001488711 0.999997258 9.695490837
0.999997914 0.000458520 0.001959763 0.178385720 -0.000462207 0.999998152 0.001881642 -0.289870232 -0.001958896 -0.001882544 0.999996305 10.050532341
0.999998510 0.000732252 0.001558888 0.192710757 -0.000735928 0.999996960 0.002358505 -0.307234377 -0.001557156 -0.002359649 0.999996006 10.418605804
0.999998868 0.000478925 0.001448355 0.202310145 -0.000482461 0.999996960 0.002442421 -0.317907900 -0.001447181 -0.002443117 0.999996006 10.781140327
0.999999046 -0.000075131 0.001375471 0.206758514 0.000073003 0.999998748 0.001547159 -0.318170071 -0.001375586 -0.001547057 0.999997854 11.150650024
0.999998629 0.000116859 0.001636907 0.213458210 -0.000119804 0.999998331 0.001799362 -0.327217638 -0.001636694 -0.001799556 0.999997020 11.538727760
0.999997854 0.001032595 0.001796155 0.215424493 -0.001036346 0.999997258 0.002089129 -0.344365478 -0.001793993 -0.002090986 0.999996185 11.908539772
0.999997199 0.001063814 0.002100047 0.220789090 -0.001068329 0.999997079 0.002149809 -0.356055081 -0.002097754 -0.002152047 0.999995530 12.298496246
0.999998152 0.000298757 0.001907779 0.236475050 -0.000303152 0.999997318 0.002303905 -0.370556831 -0.001907086 -0.002304479 0.999995470 12.675349236
0.999997079 0.000800988 0.002244882 0.248285890 -0.000806775 0.999996364 0.002577974 -0.379961759 -0.002242809 -0.002579778 0.999994159 13.096907616
0.999997139 0.000745287 0.002253743 0.261743724 -0.000750400 0.999997079 0.002268782 -0.388716489 -0.002252046 -0.002270467 0.999994934 13.490254402
0.999995649 0.001420848 0.002592781 0.262098670 -0.001428318 0.999994755 0.002881499 -0.404783636 -0.002588673 -0.002885190 0.999992490 13.901658058
0.999994993 0.001644345 0.002703450 0.270072043 -0.001652501 0.999994099 0.003017427 -0.414246321 -0.002698472 -0.003021879 0.999991834 14.319237709
0.999992311 0.002106205 0.003303279 0.278845638 -0.002116186 0.999993205 0.003021095 -0.428416997 -0.003296894 -0.003028062 0.999989986 14.742892265
0.999994457 0.001724239 0.002814966 0.289990872 -0.001732833 0.999993861 0.003053297 -0.438415617 -0.002809684 -0.003058159 0.999991357 15.177843094
0.999991596 0.001937569 0.003600099 0.300580174 -0.001949312 0.999992788 0.003261113 -0.456692994 -0.003593754 -0.003268104 0.999988198 15.606469154
0.999990582 0.001780855 0.003960398 0.306022644 -0.001793863 0.999993026 0.003283348 -0.466434777 -0.003954522 -0.003290421 0.999986768 16.059007645
0.999986768 0.002371574 0.004564687 0.318849981 -0.002386309 0.999991894 0.003225134 -0.476844132 -0.004557002 -0.003235985 0.999984324 16.487899780
0.999985099 0.002489249 0.004869150 0.327209115 -0.002502241 0.999993265 0.002664031 -0.486179978 -0.004862486 -0.002676175 0.999984562 16.935901642
0.999983788 0.002572178 0.005076112 0.341865718 -0.002589229 0.999991000 0.003355345 -0.506166458 -0.005067436 -0.003368434 0.999981463 17.392850876
0.999981940 0.002882441 0.005269252 0.352947533 -0.002899422 0.999990642 0.003217670 -0.514651299 -0.005259928 -0.003232889 0.999980927 17.853790283
0.999979794 0.002877946 0.005670907 0.365188003 -0.002896668 0.999990344 0.003296108 -0.530930817 -0.005661366 -0.003312468 0.999978483 18.323991776
0.999978304 0.002539142 0.006084728 0.371350169 -0.002559969 0.999990821 0.003417509 -0.541921377 -0.006075995 -0.003433012 0.999975622 18.783683777
0.999979317 0.002941679 0.005749200 0.391872406 -0.002959692 0.999990702 0.003127033 -0.551106811 -0.005739949 -0.003143984 0.999978602 19.276632309
0.999977469 0.002971456 0.006017016 0.404954374 -0.002991960 0.999989748 0.003401628 -0.565907478 -0.006006846 -0.003419555 0.999976039 19.762208939
0.999979734 0.003081830 0.005571890 0.416944444 -0.003103283 0.999987781 0.003845801 -0.581088305 -0.005559970 -0.003863014 0.999977112 20.248605728
0.999981284 0.002927167 0.005375762 0.434577614 -0.002947708 0.999988317 0.003817087 -0.595946074 -0.005364527 -0.003832861 0.999978244 20.736057281
0.999977529 0.003271250 0.005841532 0.451131105 -0.003294342 0.999986768 0.003947854 -0.619299889 -0.005828541 -0.003967009 0.999975145 21.198457718
0.999982119 0.003247582 0.005009488 0.465917379 -0.003266568 0.999987483 0.003786391 -0.629840791 -0.004997130 -0.003802688 0.999980271 21.703723907
0.999982536 0.003371572 0.004859369 0.471862912 -0.003388087 0.999988437 0.003394214 -0.639792562 -0.004847870 -0.003410618 0.999982417 22.223855972
0.999987841 0.002702976 0.004136072 0.486698031 -0.002716601 0.999990880 0.003292362 -0.653990984 -0.004127135 -0.003303557 0.999986053 22.722543716
0.999984562 0.003648057 0.004180791 0.492740840 -0.003663458 0.999986470 0.003682004 -0.672529757 -0.004167303 -0.003697264 0.999984443 23.228931427
0.999986827 0.003364009 0.003880469 0.497065425 -0.003379565 0.999986231 0.004009080 -0.690920234 -0.003866929 -0.004022142 0.999984384 23.757263184
0.999993265 0.001727872 0.003257417 0.508084297 -0.001740114 0.999991417 0.003759011 -0.707568288 -0.003250894 -0.003764654 0.999987602 24.275655746
0.999987483 0.003897019 0.003139052 0.515616357 -0.003909019 0.999985039 0.003825666 -0.718214989 -0.003124096 -0.003837889 0.999987721 24.800846100
0.999988496 0.004098727 0.002498572 0.526657283 -0.004109123 0.999982834 0.004169715 -0.738474488 -0.002481439 -0.004179934 0.999988198 25.336090088
0.999988794 0.004464837 0.001582228 0.539859831 -0.004471558 0.999980927 0.004269794 -0.748626232 -0.001563134 -0.004276821 0.999989629 25.882663727
0.999987483 0.004760848 0.001524895 0.546355963 -0.004767192 0.999979913 0.004183534 -0.765984058 -0.001504947 -0.004190752 0.999990106 26.431581497
0.999989450 0.004369487 0.001405880 0.559109271 -0.004375503 0.999981165 0.004304881 -0.774119318 -0.001387044 -0.004310987 0.999989748 26.984006882
0.999991715 0.003957546 0.000934036 0.572414398 -0.003961910 0.999981046 0.004716707 -0.795587420 -0.000915352 -0.004720368 0.999988437 27.543939590
0.999987304 0.005021803 0.000374331 0.583407104 -0.005023395 0.999977767 0.004377855 -0.807454884 -0.000352338 -0.004379679 0.999990344 28.088476181
0.999985754 0.005337972 0.000092279 0.590734661 -0.005338352 0.999974370 0.004799176 -0.822758317 -0.000066659 -0.004799601 0.999988496 28.632371902
0.999988079 0.004870323 -0.000313674 0.606550038 -0.004868693 0.999975622 0.005000958 -0.839224696 0.000338022 -0.004999372 0.999987423 29.174352646
0.999987364 0.004988507 -0.000559513 0.612587094 -0.004985692 0.999975324 0.004926531 -0.852520943 0.000584075 -0.004923680 0.999987662 29.723529816
0.999986529 0.005147964 -0.000634933 0.618552864 -0.005145019 0.999976397 0.004554341 -0.856073141 0.000658363 -0.004551013 0.999989450 30.269701004
0.999983668 0.005683816 -0.000615156 0.625666499 -0.005680837 0.999972641 0.004740047 -0.874000192 0.000642080 -0.004736475 0.999988616 30.804578781
0.999985874 0.005261837 -0.000780352 0.640481532 -0.005258128 0.999975145 0.004681849 -0.889018059 0.000804968 -0.004677679 0.999988735 31.352853775
0.999985993 0.005224900 -0.000858047 0.649818063 -0.005221155 0.999977052 0.004310482 -0.901169777 0.000880549 -0.004305942 0.999990344 31.893562317
0.999983847 0.005525315 -0.001352617 0.665274620 -0.005519174 0.999974608 0.004501839 -0.918478131 0.001377457 -0.004494302 0.999988914 32.441272736
0.999981582 0.005781375 -0.001818432 0.672975183 -0.005772710 0.999972105 0.004735161 -0.935241222 0.001845757 -0.004724576 0.999987125 32.979537964
0.999978065 0.006532008 -0.001122106 0.682181537 -0.006526697 0.999967754 0.004672794 -0.944349110 0.001152592 -0.004665368 0.999988437 33.552093506
0.999980509 0.006010691 -0.001648400 0.684481025 -0.006002753 0.999970555 0.004778714 -0.961800337 0.001677074 -0.004768726 0.999987245 34.076965332
0.999979198 0.006032208 -0.002252381 0.695981562 -0.006021037 0.999969661 0.004933559 -0.978120565 0.002282072 -0.004919895 0.999985278 34.615646362
0.999980330 0.005783861 -0.002416475 0.702870131 -0.005772441 0.999972284 0.004706143 -0.994006276 0.002443627 -0.004692102 0.999985993 35.140953064
0.999983490 0.004750089 -0.003206433 0.722739279 -0.004734472 0.999976993 0.004860453 -1.002700567 0.003229446 -0.004845192 0.999983072 35.691829681
0.999984145 0.004504289 -0.003372611 0.744931638 -0.004488805 0.999979436 0.004584435 -1.015748858 0.003393191 -0.004569223 0.999983847 36.232089996
0.999983907 0.005079643 -0.002522608 0.757681251 -0.005067749 0.999976099 0.004699062 -1.028852344 0.002546417 -0.004686202 0.999985754 36.767082214
0.999980032 0.005745020 -0.002606693 0.763471305 -0.005732850 0.999972761 0.004652289 -1.040104032 0.002633350 -0.004637253 0.999985695 37.304866791
0.999979496 0.005702328 -0.002911215 0.778078675 -0.005689474 0.999974072 0.004404787 -1.053580165 0.002936257 -0.004388134 0.999985993 37.855903625
0.999978542 0.005735089 -0.003149411 0.785176098 -0.005720492 0.999972880 0.004624890 -1.064043880 0.003175851 -0.004606774 0.999984264 38.413429260
0.999980688 0.005413089 -0.003034200 0.787244380 -0.005398617 0.999974191 0.004757650 -1.087463856 0.003059875 -0.004741178 0.999984026 38.945869446
0.999980152 0.005271350 -0.003449769 0.809438169 -0.005254622 0.999974489 0.004840123 -1.100154161 0.003475196 -0.004821898 0.999982357 39.420845032
0.999980390 0.005286167 -0.003372815 0.817499340 -0.005270925 0.999975979 0.004511958 -1.112856984 0.003396585 -0.004494090 0.999984205 39.973541260
0.999979258 0.005251708 -0.003727895 0.832678914 -0.005233928 0.999974906 0.004763707 -1.132851839 0.003752818 -0.004744096 0.999981642 40.502838135
0.999975741 0.006210224 -0.003143375 0.838962913 -0.006196266 0.999970973 0.004431227 -1.139967680 0.003170802 -0.004411643 0.999985218 41.059204102
0.999977112 0.005645649 -0.003716231 0.843009770 -0.005629639 0.999974906 0.004304424 -1.152144790 0.003740441 -0.004283404 0.999983847 41.591560364
0.999975860 0.005749313 -0.003901632 0.861204803 -0.005732999 0.999974847 0.004179663 -1.159826994 0.003925564 -0.004157193 0.999983668 42.150165558
0.999974608 0.005380295 -0.004668541 0.880000830 -0.005359506 0.999975741 0.004454306 -1.183279514 0.004692394 -0.004429172 0.999979198 42.664775848
0.999971747 0.006561839 -0.003655394 0.876967072 -0.006549081 0.999972463 0.003491284 -1.179904819 0.003678203 -0.003467246 0.999987245 43.190696716
0.999977946 0.004983454 -0.004388343 0.893469453 -0.004965030 0.999978840 0.004199287 -1.201696038 0.004409177 -0.004177406 0.999981582 43.758396149
0.999974847 0.005340718 -0.004670648 0.899437129 -0.005320931 0.999976754 0.004238413 -1.218126535 0.004693177 -0.004213455 0.999980092 44.288799286
0.999977350 0.005495451 -0.003880815 0.902595997 -0.005478987 0.999975979 0.004240201 -1.226675391 0.003904024 -0.004218843 0.999983490 44.837135315
0.999976516 0.005156243 -0.004526998 0.923566163 -0.005137738 0.999978423 0.004089667 -1.228354692 0.004547989 -0.004066311 0.999981403 45.401912689
0.999975383 0.005939822 -0.003738271 0.926437557 -0.005924758 0.999974310 0.004027954 -1.251344204 0.003762100 -0.004005707 0.999984860 45.919063568
0.999976993 0.005713024 -0.003659810 0.930452824 -0.005697096 0.999974310 0.004347509 -1.269660354 0.003684555 -0.004326559 0.999983847 46.450771332
0.999975622 0.005802442 -0.003900842 0.944645643 -0.005784053 0.999972224 0.004709066 -1.282231092 0.003928057 -0.004686389 0.999981344 46.997398376
0.999974310 0.005775565 -0.004259494 0.948398411 -0.005754319 0.999971032 0.004983418 -1.292641759 0.004288152 -0.004958780 0.999978483 47.558223724
0.999977648 0.005611631 -0.003633965 0.950272262 -0.005596638 0.999975860 0.004123142 -1.307559848 0.003657015 -0.004102710 0.999984920 48.079544067
0.999975085 0.006019736 -0.003666786 0.964270890 -0.006003687 0.999972403 0.004372492 -1.320282936 0.003693007 -0.004350369 0.999983728 48.618480682
0.999972343 0.006478334 -0.003641781 0.973935008 -0.006465463 0.999972820 0.003534860 -1.328645825 0.003664582 -0.003511217 0.999987185 49.168785095
0.999974132 0.006421697 -0.003234828 0.976969898 -0.006407666 0.999970078 0.004329213 -1.348399401 0.003262533 -0.004308372 0.999985397 49.710826874
0.999972761 0.006755461 -0.002945748 0.974132419 -0.006742932 0.999968290 0.004242815 -1.359653115 0.002974317 -0.004222838 0.999986589 50.252510071
0.999974191 0.006689105 -0.002608828 0.979120433 -0.006679351 0.999970734 0.003729742 -1.371954799 0.002633700 -0.003712221 0.999989569 50.786045074
0.999972582 0.006802293 -0.002971345 0.991671681 -0.006788882 0.999966800 0.004500641 -1.391842961 0.003001862 -0.004480344 0.999985456 51.318191528
0.999972463 0.006784632 -0.002994142 1.001690626 -0.006773517 0.999970198 0.003706590 -1.392009020 0.003019199 -0.003686208 0.999988616 51.869464874
0.999970675 0.007099143 -0.002878313 1.010912061 -0.007086203 0.999964833 0.004481143 -1.416577458 0.002910025 -0.004460616 0.999985754 52.397258759
0.999971986 0.006812179 -0.003106212 1.016102195 -0.006798103 0.999966681 0.004519686 -1.427937865 0.003136899 -0.004498443 0.999984980 52.941051483
0.999972224 0.006762818 -0.003141764 1.024756193 -0.006748556 0.999966979 0.004527892 -1.442900896 0.003172282 -0.004506563 0.999984801 53.481712341
0.999970913 0.007116511 -0.002740923 1.028714418 -0.007105360 0.999966502 0.004057045 -1.454339027 0.002769704 -0.004037451 0.999988019 54.022274017
0.999969542 0.007402102 -0.002479441 1.034440517 -0.007392199 0.999964774 0.003979395 -1.469876289 0.002508810 -0.003960945 0.999989033 54.550838470
0.999968052 0.007562148 -0.002606546 1.044657111 -0.007551904 0.999963760 0.003917692 -1.481095672 0.002636078 -0.003897882 0.999988973 55.104537964
0.999968827 0.007442084 -0.002631309 1.055145741 -0.007431542 0.999964416 0.003994066 -1.490370631 0.002660940 -0.003974387 0.999988496 55.644111633
0.999968469 0.007553245 -0.002415485 1.057114244 -0.007543284 0.999963105 0.004107196 -1.502694368 0.002446419 -0.004088847 0.999988616 56.190124512
0.999969423 0.007208703 -0.003031684 1.080232739 -0.007195140 0.999964178 0.004460804 -1.525555372 0.003063733 -0.004438853 0.999985456 56.717197418
0.999969661 0.007392101 -0.002485089 1.086339831 -0.007379830 0.999960721 0.004910973 -1.541753531 0.002521294 -0.004892484 0.999984801 57.253974915
0.999966800 0.007703674 -0.002655790 1.090167880 -0.007693672 0.999963343 0.003756325 -1.543607354 0.002684631 -0.003735769 0.999989390 57.797660828
0.999967933 0.007691914 -0.002229256 1.103233457 -0.007684575 0.999965072 0.003282224 -1.554105043 0.002254425 -0.003264989 0.999992073 58.332855225
0.999969006 0.007556911 -0.002221728 1.097868800 -0.007548816 0.999964952 0.003629817 -1.567046523 0.002249081 -0.003612934 0.999990880 58.871780396
0.999970257 0.007312315 -0.002456513 1.112542748 -0.007303325 0.999966621 0.003649064 -1.582118273 0.002483114 -0.003631015 0.999990344 59.393295288
0.999970675 0.007180003 -0.002666034 1.126681685 -0.007170831 0.999968350 0.003434676 -1.592720747 0.002690610 -0.003415458 0.999990463 59.937622070
0.999972403 0.006769581 -0.003059324 1.137716413 -0.006759277 0.999971449 0.003366008 -1.601760626 0.003082023 -0.003345236 0.999989569 60.492748260
0.999968171 0.007656349 -0.002251619 1.139302731 -0.007648696 0.999964952 0.003388483 -1.615600109 0.002277484 -0.003371153 0.999991715 61.037746429
0.999971509 0.007192133 -0.002305027 1.151840329 -0.007183608 0.999967396 0.003685568 -1.628790617 0.002331459 -0.003668905 0.999990463 61.580604553
0.999971151 0.007161571 -0.002514606 1.156483173 -0.007152645 0.999968171 0.003540623 -1.643463373 0.002539883 -0.003522535 0.999990582 62.114562988
0.999967217 0.007820335 -0.002087409 1.163576841 -0.007813158 0.999963582 0.003424465 -1.658818722 0.002114114 -0.003408044 0.999991894 62.652000427
0.999968529 0.007689044 -0.001937448 1.173276782 -0.007681915 0.999963820 0.003659747 -1.672111154 0.001965519 -0.003644749 0.999991417 63.191101074
0.999967992 0.007750520 -0.001982896 1.183761001 -0.007743051 0.999963045 0.003746735 -1.691853046 0.002011862 -0.003731261 0.999991000 63.740264893
0.999966323 0.008001524 -0.001828147 1.188329339 -0.007995618 0.999962866 0.003215679 -1.700138569 0.001853809 -0.003200953 0.999993145 64.247962952
0.999966502 0.007971711 -0.001826129 1.193825364 -0.007965601 0.999962747 0.003328501 -1.713083506 0.001852595 -0.003313843 0.999992788 64.787406921
0.999967515 0.007927474 -0.001396759 1.201919079 -0.007922722 0.999962926 0.003374996 -1.728212833 0.001423462 -0.003363820 0.999993265 65.311172485
0.999968350 0.007807240 -0.001499085 1.213579535 -0.007802283 0.999964118 0.003284437 -1.737730026 0.001524674 -0.003272637 0.999993443 65.858451843
0.999965906 0.008097813 -0.001620121 1.225052953 -0.008092950 0.999962807 0.002984689 -1.750421047 0.001644231 -0.002971475 0.999994218 66.395889282
0.999967515 0.007856147 -0.001817092 1.234545827 -0.007850481 0.999964356 0.003104528 -1.768272519 0.001841416 -0.003090162 0.999993503 66.938179016
0.999968886 0.007635959 -0.001964626 1.244458199 -0.007629554 0.999965608 0.003247124 -1.782640696 0.001989353 -0.003232034 0.999992788 67.473754883
0.999970138 0.007547461 -0.001645160 1.246077657 -0.007542465 0.999966919 0.003022179 -1.799351573 0.001667916 -0.003009679 0.999994099 68.009223938
0.999964356 0.008287925 -0.001592927 1.264097571 -0.008283176 0.999961257 0.002965485 -1.810697079 0.001617443 -0.002952185 0.999994338 68.536537170
0.999967337 0.007795231 -0.002129066 1.275628090 -0.007788167 0.999964237 0.003305680 -1.825162530 0.002154758 -0.003288990 0.999992251 69.066963196
0.999961495 0.008605143 -0.001716850 1.282678366 -0.008599955 0.999958515 0.003006563 -1.841909766 0.001742651 -0.002991683 0.999993980 69.587928772
0.999961972 0.008555906 -0.001633075 1.288996100 -0.008550962 0.999958873 0.003010642 -1.853484988 0.001658767 -0.002996564 0.999994099 70.149841309
0.999969125 0.007679623 -0.001723797 1.304334760 -0.007674213 0.999965668 0.003123905 -1.870188951 0.001747729 -0.003110579 0.999993622 70.653175354
0.999972820 0.007121432 -0.001895651 1.319286108 -0.007115916 0.999970436 0.002900486 -1.884637713 0.001916250 -0.002886918 0.999993980 71.188301086
0.999974966 0.006798054 -0.002034238 1.327705383 -0.006792140 0.999972701 0.002901296 -1.895061612 0.002053906 -0.002887407 0.999993682 71.723594666
0.999969542 0.007545834 -0.002005365 1.334327102 -0.007541240 0.999968946 0.002288524 -1.910051346 0.002022573 -0.002273332 0.999995351 72.274879456
0.999970615 0.007343491 -0.002164336 1.350559473 -0.007337934 0.999969780 0.002564281 -1.923775077 0.002183100 -0.002548325 0.999994397 72.808189392
0.999970317 0.007414319 -0.002063044 1.359603643 -0.007408720 0.999968886 0.002707803 -1.936934471 0.002083056 -0.002692438 0.999994218 73.339233398
0.999972761 0.007156911 -0.001789675 1.366305947 -0.007152109 0.999970794 0.002675506 -1.955301642 0.001808771 -0.002662633 0.999994814 73.879638672
0.999971271 0.007435649 -0.001473729 1.377791524 -0.007430926 0.999967277 0.003185546 -1.967837334 0.001497367 -0.003174504 0.999993861 74.428627014
0.999970496 0.007394183 -0.002072209 1.387044191 -0.007388445 0.999968827 0.002763591 -1.982133150 0.002092579 -0.002748200 0.999993980 74.953102112
0.999969423 0.007589993 -0.001872561 1.396124125 -0.007585697 0.999968588 0.002291152 -1.993775010 0.001889891 -0.002276877 0.999995649 75.488319397
0.999969840 0.007502017 -0.002019161 1.402736783 -0.007497248 0.999969065 0.002359056 -2.007217407 0.002036796 -0.002343846 0.999995172 76.029594421
0.999969959 0.007523017 -0.001847353 1.414085507 -0.007518465 0.999968827 0.002458458 -2.025893688 0.001865790 -0.002444495 0.999995291 76.562858582
0.999972463 0.007176292 -0.001887673 1.422846794 -0.007170910 0.999970257 0.002843019 -2.042807579 0.001908019 -0.002829405 0.999994218 77.108276367
0.999971211 0.007243498 -0.002228906 1.431051254 -0.007237349 0.999970019 0.002755411 -2.057503223 0.002248798 -0.002739201 0.999993742 77.611640930
0.999968827 0.007651834 -0.001948677 1.445476294 -0.007647512 0.999968231 0.002215786 -2.070570707 0.001965571 -0.002200814 0.999995649 78.153671265
0.999968231 0.007811509 -0.001617798 1.456515670 -0.007808995 0.999968231 0.001555281 -2.078350306 0.001629896 -0.001542598 0.999997437 78.704864502
0.999970436 0.007376423 -0.002166811 1.466521978 -0.007371669 0.999970436 0.002193629 -2.096714258 0.002182928 -0.002177591 0.999995172 79.215324402
0.999969840 0.007491912 -0.002054672 1.473515749 -0.007487420 0.999969542 0.002185620 -2.112115145 0.002070983 -0.002170171 0.999995470 79.740959167
0.999967933 0.007959154 -0.000956697 1.481256723 -0.007956993 0.999965847 0.002242885 -2.128129721 0.000974516 -0.002235201 0.999997079 80.287117004
0.999969661 0.007776783 0.000456699 1.494626760 -0.007777636 0.999967933 0.001893383 -2.134660721 -0.000441960 -0.001896878 0.999998093 80.829376221
0.999965608 0.008168142 0.001414948 1.512293935 -0.008170781 0.999965012 0.001870431 -2.152597904 -0.001399621 -0.001881929 0.999997199 81.368438721
0.999955654 0.008915535 0.003029910 1.515568852 -0.008922363 0.999957681 0.002247034 -2.170062780 -0.003009749 -0.002273967 0.999992907 81.908638000
0.999939561 0.008991065 0.006328376 1.537517309 -0.009003741 0.999957502 0.001977199 -2.178106308 -0.006310330 -0.002034059 0.999977946 82.442276001
0.999916255 0.008146866 0.010053431 1.556118488 -0.008171677 0.999963701 0.002429300 -2.190611601 -0.010033274 -0.002511250 0.999946415 82.992263794
0.999876261 0.008666379 0.013123585 1.582989693 -0.008689543 0.999960721 0.001709105 -2.204227448 -0.013108261 -0.001822932 0.999912441 83.506263733
0.999813795 0.008717335 0.017211854 1.609309196 -0.008744034 0.999960780 0.001476540 -2.216094017 -0.017198306 -0.001626766 0.999850690 84.046989441
0.999694049 0.008577762 0.023199182 1.636378169 -0.008617561 0.999961555 0.001616108 -2.229640007 -0.023184428 -0.001815533 0.999729574 84.583549500
0.999542356 0.008676721 0.028978193 1.666762829 -0.008723686 0.999960840 0.001494688 -2.245119810 -0.028964087 -0.001746801 0.999578893 85.121994019
0.999345779 0.008646206 0.035116412 1.698168516 -0.008707641 0.999960840 0.001596859 -2.258357525 -0.035101216 -0.001901595 0.999381959 85.662559509
0.999018610 0.008620298 0.043446101 1.736325979 -0.008698204 0.999960899 0.001604441 -2.270529747 -0.043430574 -0.001980770 0.999054492 86.207893372
0.998604834 0.008862019 0.052055936 1.777681351 -0.008940344 0.999959230 0.001271959 -2.286619425 -0.052042544 -0.001735583 0.998643339 86.746589661
0.998188734 0.008589437 0.059545193 1.826455832 -0.008660054 0.999962091 0.000927947 -2.296359301 -0.059534967 -0.001441931 0.998225152 87.305770874
0.997614980 0.008514862 0.068495989 1.875776768 -0.008626889 0.999962032 0.001339896 -2.313495398 -0.068481967 -0.001927607 0.997650445 87.828804016
0.996891499 0.008022740 0.078376561 1.944834709 -0.008128316 0.999966502 0.001028116 -2.328188419 -0.078365684 -0.001661989 0.996923327 88.333305359
0.996133029 0.008367800 0.087458439 2.000780582 -0.008495716 0.999963343 0.001090467 -2.342106104 -0.087446108 -0.001829272 0.996167600 88.931991577
0.995401561 0.008435791 0.095417134 2.065579891 -0.008543557 0.999963284 0.000720943 -2.355273962 -0.095407546 -0.001532830 0.995437145 89.462150574
0.994492650 0.008124441 0.104490899 2.152969837 -0.008267568 0.999965310 0.000936691 -2.374628544 -0.104479678 -0.001795418 0.994525313 90.008995056
0.993316531 0.009202976 0.115054347 2.230836868 -0.009384433 0.999955416 0.001035585 -2.386601925 -0.115039684 -0.002108384 0.993358612 90.561294556
0.992222726 0.007643079 0.124239594 2.321940422 -0.007757664 0.999969840 0.000438547 -2.404685974 -0.124232501 -0.001398946 0.992252171 91.080322266
0.990657747 0.007808224 0.136147320 2.409687996 -0.007946339 0.999968350 0.000471022 -2.416372061 -0.136139318 -0.001548495 0.990688503 91.610191345
0.988892674 0.007163111 0.148458496 2.515719414 -0.007421865 0.999971688 0.001189009 -2.446045637 -0.148445770 -0.002277641 0.988917887 92.155067444
0.987134576 0.007195214 0.159729838 2.620113373 -0.007442449 0.999971867 0.000949638 -2.458734751 -0.159718469 -0.002126202 0.987160325 92.689857483
0.985490143 0.006432488 0.169610456 2.736734390 -0.006720186 0.999976754 0.001122216 -2.474609852 -0.169599280 -0.002245747 0.985510528 93.242485046
0.983155072 0.006587860 0.182654545 2.857238770 -0.006847286 0.999976277 0.000789696 -2.484646082 -0.182644978 -0.002027082 0.983176768 93.779731750
0.980842710 0.006187341 0.194703162 2.981983185 -0.006474042 0.999978662 0.000836181 -2.504571676 -0.194693834 -0.002080679 0.980861843 94.304199219
0.978683352 0.006500061 0.205271900 3.106821060 -0.006864813 0.999975860 0.001064797 -2.519118071 -0.205260023 -0.002451252 0.978704393 94.840187073
0.975873530 0.005674812 0.218262777 3.256628036 -0.006067337 0.999980927 0.001128220 -2.536679506 -0.218252212 -0.002425273 0.975889385 95.363182068
0.972771764 0.005294720 0.231704623 3.384622574 -0.005525431 0.999984682 0.000346753 -2.541364908 -0.231699258 -0.001617580 0.972786069 95.918334961
0.970144510 0.005319095 0.242469370 3.539888382 -0.005511580 0.999984801 0.000115534 -2.553056479 -0.242465064 -0.001448474 0.970158994 96.438522339
0.967187345 0.005300964 0.254008919 3.694404602 -0.005641578 0.999983907 0.000612512 -2.580522776 -0.254001588 -0.002025425 0.967201650 96.937957764
0.963522136 0.005357777 0.267574906 3.862308502 -0.005848011 0.999982417 0.001035245 -2.599364758 -0.267564625 -0.002562263 0.963536441 97.452552795
0.960029185 0.005152288 0.279852509 4.039802551 -0.005591706 0.999984086 0.000771817 -2.615178823 -0.279844135 -0.002305820 0.960042655 97.979057312
0.956528187 0.004178502 0.291609675 4.215606689 -0.004532968 0.999989569 0.000539949 -2.630232096 -0.291604370 -0.001838334 0.956537187 98.515640259
0.952084243 0.004738335 0.305799037 4.399425507 -0.005207250 0.999986172 0.000717698 -2.641202450 -0.305791378 -0.002275681 0.952095807 99.047462463
0.947691083 0.004137332 0.319162160 4.615833282 -0.004571013 0.999989390 0.000609783 -2.666576624 -0.319156229 -0.002036781 0.947699904 99.561737061
0.943693876 0.003979951 0.330796003 4.814289093 -0.004222697 0.999991179 0.000015169 -2.673824787 -0.330793023 -0.001411166 0.943702221 100.079452515
0.938985765 0.004175197 0.343930632 5.028144836 -0.004867231 0.999987543 0.001148821 -2.707540274 -0.343921512 -0.002752716 0.938994408 100.556617737
0.933672071 0.003087066 0.358115762 5.260156631 -0.003397749 0.999994159 0.000238290 -2.715639830 -0.358112961 -0.001439272 0.933677137 101.146667480
0.929019690 0.002699633 0.370020658 5.491962433 -0.002828897 0.999995947 -0.000193291 -2.726927996 -0.370019764 -0.000867179 0.929023445 101.653305054
0.924090683 0.002788767 0.382163316 5.712903976 -0.002962038 0.999995589 -0.000134927 -2.736973763 -0.382162035 -0.001007296 0.924094796 102.162078857
0.918308318 0.001559821 0.395862997 5.950328827 -0.001358996 0.999998748 -0.000787752 -2.748500347 -0.395863801 0.000185423 0.918309271 102.626792908
0.912133276 0.001857219 0.409889549 6.208309174 -0.002180527 0.999997556 0.000321347 -2.786713123 -0.409887969 -0.001186887 0.912135124 103.189430237
0.908117592 -0.000414479 0.418715119 6.473735809 0.000342176 0.999999821 0.000247766 -2.797938585 -0.418715179 -0.000081726 0.908117592 103.667732239
0.901477516 0.000114607 0.432825893 6.731426239 -0.000222851 0.999999940 0.000199361 -2.821280003 -0.432825893 -0.000276175 0.901477516 104.190307617
0.894778252 -0.000054694 0.446510911 6.991882324 -0.000093939 0.999999940 0.000310740 -2.835209370 -0.446510911 -0.000319988 0.894778192 104.674507141
0.888885140 -0.000177981 0.458130151 7.270149231 0.000082871 0.999999940 0.000227704 -2.858456850 -0.458130121 -0.000164437 0.888885140 105.144805908
0.883176982 -0.000798484 0.469039351 7.541202545 0.000566565 0.999999583 0.000635569 -2.873585701 -0.469039679 -0.000295579 0.883177042 105.608123779
0.875673771 -0.001199402 0.482901633 7.835712433 0.000997771 0.999999225 0.000674423 -2.896653414 -0.482902050 -0.000108749 0.875674367 106.082099915
0.868611634 -0.001576675 0.495491028 8.119331360 0.001496967 0.999998748 0.000557810 -2.909973383 -0.495491296 0.000257214 0.868612885 106.534835815
