1.000000000 0.000000000 0.000000000 0.000000000 0.000000000 1.000000000 0.000000000 0.000000000 0.000000000 0.000000000 1.000000000 0.000000000
1.000000000 0.000188518 -0.000006960 -0.000043369 -0.000188519 1.000000000 -0.000142562 0.000873874 0.000006933 0.000142563 1.000000000 -0.000269508
1.000000000 0.000112124 0.000061539 -0.000332552 -0.000112123 1.000000000 -0.000021053 0.000420044 -0.000061541 0.000021046 1.000000000 0.001098793
1.000000000 -0.000091266 -0.000098355 0.000958121 0.000091262 1.000000000 -0.000047091 -0.000029526 0.000098359 0.000047082 1.000000000 -0.001904091
1.000000000 -0.000141541 -0.000158536 0.001031247 0.000141529 1.000000000 -0.000073252 0.000118677 0.000158546 0.000073229 1.000000000 -0.000924130
1.000000000 -0.000068249 0.000001260 0.000803192 0.000068249 1.000000000 -0.000155097 0.001099967 -0.000001250 0.000155097 1.000000000 0.000514019
1.000000000 0.000077912 0.000029373 0.000037577 -0.000077910 1.000000000 -0.000077729 0.000539051 -0.000029379 0.000077727 1.000000000 -0.000147484
0.999999940 -0.000252802 -0.000099205 0.001340770 0.000252807 0.999999940 0.000053467 -0.000336629 0.000099191 -0.000053492 1.000000000 -0.000991735
1.000000000 -0.000204313 -0.000018317 0.001334063 0.000204311 1.000000000 -0.000089729 0.001547233 0.000018335 0.000089726 1.000000000 0.001841933
1.000000000 0.000006243 -0.000205907 0.002458615 -0.000006233 1.000000000 0.000051513 -0.001166412 0.000205908 -0.000051512 1.000000000 -0.002893164
1.000000000 -0.000126775 -0.000028436 0.001286658 0.000126772 1.000000000 -0.000082422 0.001250459 0.000028446 0.000082418 1.000000000 0.000311971
1.000000000 -0.000004177 0.000044660 -0.000126962 0.000004173 1.000000000 0.000093450 -0.000433379 -0.000044660 -0.000093450 1.000000000 -0.000563164
1.000000000 -0.000089270 -0.000017648 0.000117995 0.000089271 1.000000000 0.000075472 0.000065670 0.000017642 -0.000075474 1.000000000 0.001283126
1.000000000 -0.000087616 -0.000095383 0.001572504 0.000087623 1.000000000 0.000067210 -0.000607268 0.000095377 -0.000067219 1.000000000 -0.001481330
0.999999940 -0.000297850 -0.000147603 0.001271054 0.000297855 0.999999940 0.000035269 -0.000798205 0.000147593 -0.000035313 1.000000000 -0.002569052
1.000000000 -0.000095790 0.000010628 0.000370835 0.000095790 1.000000000 0.000008715 0.000020972 -0.000010629 -0.000008714 1.000000000 0.000050106
1.000000000 0.000018110 -0.000029134 0.000061262 -0.000018109 1.000000000 0.000036520 0.000470016 0.000029134 -0.000036520 1.000000000 0.000963767
1.000000000 -0.000054290 -0.000011162 0.000399879 0.000054291 1.000000000 0.000056838 -0.000716616 0.000011159 -0.000056838 1.000000000 -0.001065195
1.000000000 -0.000195168 -0.000008920 0.000141744 0.000195168 1.000000000 0.000026678 0.000361813 0.000008915 -0.000026680 1.000000000 0.000839022
1.000000000 -0.000156908 -0.000090134 0.000992104 0.000156899 1.000000000 -0.000095051 0.000748354 0.000090149 0.000095037 1.000000000 -0.000135802
1.000000000 -0.000180430 -0.000103434 0.000475040 0.000180437 1.000000000 0.000062084 0.000316405 0.000103423 -0.000062103 1.000000000 0.000774867
0.999999940 -0.000257914 -0.000197338 0.002307934 0.000257919 0.999999940 0.000021484 0.000183610 0.000197333 -0.000021535 1.000000000 0.000733818
1.000000000 0.000039077 0.000042012 0.000377541 -0.000039080 1.000000000 0.000071410 0.001061579 -0.000042009 -0.000071412 1.000000000 0.000483559
1.000000000 -0.000042994 -0.000225085 0.002643540 0.000042997 1.000000000 0.000014045 -0.000271983 0.000225085 -0.000014054 1.000000000 -0.001783746
0.999999940 0.000058366 -0.000253939 0.001896326 -0.000058360 1.000000000 0.000021013 0.000281833 0.000253941 -0.000020998 0.999999940 -0.002655627
1.000000000 0.000020081 -0.000104971 0.000348905 -0.000020097 1.000000000 -0.000144717 0.001008613 0.000104968 0.000144719 1.000000000 -0.001275211
1.000000000 0.000081222 -0.000172955 0.000607377 -0.000081248 1.000000000 -0.000150730 0.001290160 0.000172943 0.000150744 1.000000000 0.000135617
1.000000000 0.000044350 -0.000009668 -0.000298748 -0.000044349 1.000000000 0.000068481 0.000272144 0.000009671 -0.000068480 1.000000000 0.000420552
1.000000000 0.000130510 -0.000092806 0.000944686 -0.000130519 1.000000000 -0.000094501 0.001146172 0.000092793 0.000094513 1.000000000 0.000169430
1.000000000 0.000074739 -0.000114976 0.001065743 -0.000074732 1.000000000 0.000059646 0.000188194 0.000114981 -0.000059637 1.000000000 -0.000968134
1.000000000 0.000154175 -0.000066586 0.000298716 -0.000154173 1.000000000 0.000022670 0.000282450 0.000066590 -0.000022660 1.000000000 0.000866308
1.000000000 -0.000061212 -0.000074378 0.001342951 0.000061210 1.000000000 -0.000020276 0.000610413 0.000074379 0.000020272 1.000000000 0.000352065
1.000000000 0.000037854 -0.000127475 0.000758450 -0.000037846 1.000000000 0.000061977 0.000459629 0.000127477 -0.000061972 1.000000000 0.001053050
1.000000000 0.000118211 -0.000012917 -0.000061489 -0.000118212 1.000000000 -0.000082815 0.001486620 0.000012907 0.000082816 1.000000000 0.001552746
1.000000000 -0.000112339 -0.000168406 0.001694333 0.000112322 1.000000000 -0.000100965 0.000977942 0.000168417 0.000100946 1.000000000 -0.001702533
1.000000000 -0.000140942 -0.000014273 0.000088077 0.000140940 1.000000000 -0.000085008 0.000954706 0.000014285 0.000085006 1.000000000 -0.000352402
1.000000000 -0.000200148 -0.000054816 0.000888718 0.000200142 1.000000000 -0.000108442 0.001940327 0.000054837 0.000108431 1.000000000 0.002020282
0.999999940 -0.000260386 -0.000079716 0.001425014 0.000260377 0.999999940 -0.000113891 0.001692741 0.000079746 0.000113870 1.000000000 -0.000030594
1.000000000 -0.000205980 0.000106869 0.000979807 0.000205986 1.000000000 -0.000055946 0.000905601 -0.000106857 0.000055968 1.000000000 0.002241167
0.999999940 -0.000327005 0.000032235 0.001819704 0.000327028 0.999999702 -0.000707237 -0.000994538 -0.000032004 0.000707248 0.999999762 0.049150370
1.000000000 -0.000014212 -0.000008280 0.003279545 0.000014201 0.999999106 -0.001343103 -0.003752999 0.000008299 0.001343103 0.999999106 0.136526302
0.999999940 0.000388963 -0.000133131 0.004520173 -0.000389140 0.999999046 -0.001334008 -0.007786236 0.000132612 0.001334060 0.999999106 0.252301037
0.999999940 0.000059274 -0.000344482 0.009673386 -0.000059645 0.999999404 -0.001076406 -0.013274568 0.000344418 0.001076426 0.999999344 0.383472025
0.999999464 0.001052780 -0.000149866 0.014575470 -0.001052935 0.999998868 -0.001038825 -0.016752239 0.000148773 0.001038982 0.999999464 0.523240447
0.999999523 0.000982806 -0.000189141 0.019141437 -0.000983052 0.999998629 -0.001304800 -0.020441685 0.000187858 0.001304985 0.999999166 0.672014654
0.999999106 0.001313858 -0.000143690 0.021625111 -0.001313994 0.999998689 -0.000950193 -0.026943171 0.000142441 0.000950381 0.999999523 0.826751232
0.999999285 0.001180158 -0.000247557 0.025935661 -0.001180323 0.999999106 -0.000666534 -0.034709081 0.000246770 0.000666826 0.999999702 0.996377409
0.999998987 0.001404875 -0.000025071 0.028386086 -0.001404891 0.999998808 -0.000659472 -0.039675135 0.000024144 0.000659507 0.999999762 1.171751618
0.999999464 0.001013289 0.000046570 0.034120206 -0.001013258 0.999999225 -0.000663054 -0.037988007 -0.000047241 0.000663007 0.999999762 1.352017522
0.999999225 0.001261742 0.000207797 0.036771119 -0.001261553 0.999998808 -0.000910065 -0.041279897 -0.000208945 0.000909802 0.999999523 1.537097096
0.999999404 0.001099979 -0.000184695 0.042676996 -0.001100163 0.999998808 -0.000999332 -0.045120470 0.000183596 0.000999535 0.999999404 1.743153214
0.999999464 0.000949867 -0.000525945 0.049629230 -0.000950160 0.999999344 -0.000556472 -0.055015713 0.000525416 0.000556971 0.999999642 1.939128995
0.999999404 0.001031852 -0.000278134 0.050613251 -0.001031970 0.999999344 -0.000425400 -0.059905529 0.000277695 0.000425687 0.999999821 2.153906345
0.999999285 0.001155893 -0.000336020 0.061868262 -0.001156077 0.999999166 -0.000547433 -0.068092808 0.000335387 0.000547821 0.999999762 2.359779119
0.999999702 0.000587569 -0.000505292 0.061251987 -0.000587734 0.999999762 -0.000324943 -0.078549646 0.000505101 0.000325240 0.999999821 2.591389656
0.999999225 0.001238933 -0.000234241 0.062080279 -0.001238894 0.999999225 0.000165704 -0.088932104 0.000234446 -0.000165414 0.999999940 2.820744038
0.999999523 0.000917462 -0.000255702 0.067088813 -0.000917490 0.999999523 -0.000111838 -0.092374191 0.000255600 0.000112073 0.999999940 3.061872482
0.999999642 0.000205777 -0.000839982 0.077373296 -0.000205617 0.999999940 0.000190057 -0.100899071 0.000840021 -0.000189884 0.999999642 3.268606663
0.999999464 0.000545964 -0.000900916 0.085611008 -0.000545634 0.999999762 0.000366380 -0.112688683 0.000901116 -0.000365888 0.999999583 3.511733055
0.999999344 0.000447201 -0.001085778 0.091772072 -0.000446780 0.999999821 0.000387731 -0.115731500 0.001085952 -0.000387246 0.999999404 3.769004107
0.999999523 0.000664452 -0.000626967 0.087477304 -0.000664282 0.999999762 0.000272074 -0.119472995 0.000627148 -0.000271658 0.999999821 4.026361942
0.999998689 0.001473087 -0.000662824 0.101181984 -0.001472887 0.999998868 0.000303192 -0.124545522 0.000663270 -0.000302215 0.999999762 4.276566982
0.999999046 0.001225170 -0.000660640 0.109076470 -0.001224957 0.999999225 0.000322714 -0.134772152 0.000661035 -0.000321905 0.999999762 4.531225204
0.999999344 0.000948630 -0.000587327 0.116445646 -0.000948389 0.999999464 0.000410987 -0.139514849 0.000587716 -0.000410430 0.999999762 4.795073986
0.999998868 0.001372430 -0.000474268 0.119938113 -0.001372225 0.999998868 0.000431489 -0.147138640 0.000474860 -0.000430837 0.999999762 5.056209087
0.999997675 0.002112628 0.000209285 0.092961229 -0.002112749 0.999997556 0.000580115 -0.178887218 -0.000208059 -0.000580556 0.999999821 5.313164234
0.999996483 0.002558514 0.000573013 0.095523670 -0.002558726 0.999996603 0.000370617 -0.183737814 -0.000572063 -0.000372082 0.999999762 5.582065105
0.999996662 0.002556810 0.000244825 0.105836309 -0.002556913 0.999996662 0.000420560 -0.191156179 -0.000243748 -0.000421185 0.999999881 5.854210377
0.999997318 0.002251309 0.000379412 0.115140632 -0.002251669 0.999997020 0.000950065 -0.205052629 -0.000377272 -0.000950917 0.999999523 6.130562305
0.999997973 0.001990215 -0.000054692 0.127104372 -0.001990177 0.999997735 0.000695265 -0.207866192 0.000056076 -0.000695154 0.999999762 6.429685593
0.999998331 0.001817139 -0.000184704 0.132730410 -0.001817066 0.999998331 0.000394692 -0.214888409 0.000185421 -0.000394356 0.999999940 6.718379974
0.999998093 0.001923817 0.000193549 0.132169053 -0.001923919 0.999997973 0.000527323 -0.224578351 -0.000192534 -0.000527694 0.999999821 7.031054020
0.999998271 0.001849106 -0.000091119 0.147622108 -0.001848991 0.999997556 0.001245901 -0.237606809 0.000093423 -0.001245731 0.999999285 7.309735298
0.999998510 0.001722887 -0.000066063 0.148540378 -0.001722857 0.999998391 0.000449358 -0.238677636 0.000066837 -0.000449244 0.999999821 7.632085323
0.999997616 0.002173877 0.000081462 0.152106240 -0.002173903 0.999997497 0.000322029 -0.245870724 -0.000080762 -0.000322205 0.999999881 7.956705570
0.999997199 0.002361814 0.000088778 0.159150094 -0.002361865 0.999997020 0.000575845 -0.255429268 -0.000087418 -0.000576053 0.999999821 8.274712563
0.999997973 0.002006025 0.000171772 0.163407922 -0.002006292 0.999996781 0.001564324 -0.289576560 -0.000168634 -0.001564665 0.999998689 8.567764282
0.999997973 0.001945943 0.000416431 0.165493861 -0.001946465 0.999997258 0.001255171 -0.291961908 -0.000413987 -0.001255979 0.999999046 8.915269852
0.999997973 0.001980711 0.000359702 0.171853408 -0.001981149 0.999997258 0.001220514 -0.304912329 -0.000357283 -0.001221224 0.999999106 9.243089676
0.999998152 0.001864884 0.000583436 0.178772017 -0.001865538 0.999997616 0.001122693 -0.313256294 -0.000581341 -0.001123779 0.999999225 9.592729568
0.999998271 0.001760912 0.000525065 0.185365066 -0.001761299 0.999998212 0.000738656 -0.316080928 -0.000523763 -0.000739580 0.999999583 9.938014984
0.999997973 0.001979770 0.000390600 0.194699541 -0.001980289 0.999997139 0.001333607 -0.333394796 -0.000387958 -0.001334378 0.999998987 10.280570030
0.999998033 0.001931123 0.000343751 0.200279385 -0.001931726 0.999996603 0.001764262 -0.346147418 -0.000340343 -0.001764922 0.999998391 10.647291183
0.999998152 0.001854055 0.000260294 0.209666371 -0.001854496 0.999996841 0.001705070 -0.355412900 -0.000257132 -0.001705549 0.999998510 11.010569572
0.999997020 0.002261265 0.000871901 0.208326757 -0.002262696 0.999996066 0.001643633 -0.367016792 -0.000868181 -0.001645601 0.999998271 11.384066582
0.999997020 0.002247032 0.000996317 0.216581970 -0.002248578 0.999996245 0.001552872 -0.373616010 -0.000992824 -0.001555108 0.999998331 11.764176369
0.999998152 0.001894892 0.000571698 0.231822163 -0.001895714 0.999997139 0.001441104 -0.387640268 -0.000568965 -0.001442185 0.999998808 12.146647453
0.999997556 0.002127961 0.000681414 0.242742285 -0.002129017 0.999996543 0.001551981 -0.399733454 -0.000678109 -0.001553428 0.999998569 12.532871246
0.999996603 0.002419344 0.000964601 0.240027577 -0.002420843 0.999995887 0.001556284 -0.409366786 -0.000960831 -0.001558614 0.999998331 12.919893265
0.999996662 0.002395064 0.000966761 0.250486910 -0.002396796 0.999995530 0.001794505 -0.423092961 -0.000962458 -0.001796816 0.999997914 13.326924324
0.999996781 0.002216847 0.001239956 0.260084242 -0.002219366 0.999995470 0.002033780 -0.433975786 -0.001235441 -0.002036525 0.999997139 13.733990669
0.999996066 0.002269141 0.001645781 0.260465503 -0.002272206 0.999995649 0.001862557 -0.445173353 -0.001641547 -0.001866289 0.999996901 14.142100334
0.999995649 0.002340359 0.001747256 0.271743000 -0.002343511 0.999995589 0.001803889 -0.456775576 -0.001743026 -0.001807976 0.999996841 14.568535805
0.999994457 0.002502984 0.002162381 0.279717922 -0.002507938 0.999994159 0.002291456 -0.473629981 -0.002156633 -0.002296866 0.999995053 14.986528397
0.999996781 0.001706984 0.001850570 0.295181751 -0.001710583 0.999996662 0.001944829 -0.478748739 -0.001847243 -0.001947988 0.999996424 15.434033394
0.999995112 0.002241095 0.002186478 0.303322256 -0.002245751 0.999995232 0.002128997 -0.495192438 -0.002181696 -0.002133897 0.999995351 15.861712456
0.999995053 0.001966450 0.002431683 0.314253271 -0.001972276 0.999995172 0.002396060 -0.508312762 -0.002426960 -0.002400844 0.999994159 16.303781509
0.999993980 0.001900880 0.002897189 0.320565134 -0.001906265 0.999996424 0.001856883 -0.514397681 -0.002893650 -0.001862395 0.999994040 16.757270813
0.999992490 0.002130005 0.003222327 0.331671506 -0.002137175 0.999995232 0.002223279 -0.528064847 -0.003217576 -0.002230149 0.999992311 17.206644058
0.999990761 0.002164897 0.003702275 0.335116535 -0.002172035 0.999995708 0.001925079 -0.535847187 -0.003698092 -0.001933103 0.999991238 17.670492172
0.999989152 0.002266010 0.004069988 0.345419824 -0.002273933 0.999995410 0.001943183 -0.548472762 -0.004065567 -0.001952417 0.999989808 18.137638092
0.999988317 0.002063241 0.004368791 0.359611094 -0.002074869 0.999994338 0.002658743 -0.568966091 -0.004363280 -0.002667777 0.999986947 18.593196869
0.999988377 0.002516635 0.004090733 0.374136448 -0.002527508 0.999993265 0.002655131 -0.585452318 -0.004084025 -0.002665440 0.999988139 19.057579041
0.999983490 0.002855885 0.004987242 0.374739826 -0.002868372 0.999992788 0.002498308 -0.596654117 -0.004980071 -0.002512572 0.999984443 19.544584274
0.999982655 0.003084252 0.005019602 0.386344194 -0.003096306 0.999992311 0.002395472 -0.610959649 -0.005012176 -0.002410972 0.999984562 20.000299454
0.999985814 0.002351512 0.004774779 0.401650131 -0.002364750 0.999993384 0.002768897 -0.628189266 -0.004768237 -0.002780149 0.999984741 20.532037735
0.999988198 0.002424832 0.004203937 0.416024178 -0.002437985 0.999992132 0.003126434 -0.645231366 -0.004196323 -0.003136646 0.999986231 21.017208099
0.999986351 0.003137128 0.004180664 0.422438830 -0.003148849 0.999991179 0.002800078 -0.652232289 -0.004171843 -0.002813203 0.999987304 21.518697739
0.999989510 0.002743721 0.003675039 0.430877924 -0.002755642 0.999990940 0.003242591 -0.674360871 -0.003666109 -0.003252684 0.999988019 22.036506653
0.999991834 0.002795964 0.002924905 0.445144713 -0.002806353 0.999989808 0.003553910 -0.685368359 -0.002914939 -0.003562090 0.999989450 22.549728394
0.999992251 0.002644573 0.002915162 0.444021702 -0.002652248 0.999993026 0.002631944 -0.693280041 -0.002908180 -0.002639656 0.999992311 23.061721802
0.999994516 0.002488555 0.002195699 0.453493118 -0.002494453 0.999993324 0.002687253 -0.705837607 -0.002188997 -0.002692715 0.999994040 23.588314056
0.999996364 0.001860339 0.001921483 0.461932957 -0.001865149 0.999995112 0.002504592 -0.729913056 -0.001916814 -0.002508167 0.999994934 24.103702545
0.999993443 0.003133610 0.001799148 0.464753121 -0.003139574 0.999989629 0.003321515 -0.743022680 -0.001788720 -0.003327142 0.999992847 24.633502960
0.999994457 0.003242263 0.000718226 0.485407859 -0.003244752 0.999988556 0.003491571 -0.759641767 -0.000706898 -0.003493882 0.999993622 25.175758362
0.999994814 0.003181924 0.000476397 0.494523078 -0.003183749 0.999987304 0.003880173 -0.772464871 -0.000464044 -0.003881669 0.999992311 25.717508316
0.999994159 0.003395067 0.000293662 0.491488069 -0.003395921 0.999989986 0.002962335 -0.781009674 -0.000283602 -0.002963315 0.999995589 26.282344818
0.999994159 0.003391834 0.000507750 0.497123867 -0.003393481 0.999988854 0.003278614 -0.790724993 -0.000496624 -0.003280318 0.999994516 26.835254669
0.999995351 0.003045772 -0.000095926 0.508859456 -0.003045411 0.999989092 0.003559229 -0.808380783 0.000106765 -0.003558921 0.999993682 27.403488159
0.999993145 0.003641664 -0.000644911 0.514806151 -0.003639059 0.999985337 0.003996081 -0.836551547 0.000659454 -0.003993707 0.999991834 27.928514481
0.999992490 0.003796318 -0.000788940 0.523784518 -0.003792763 0.999982834 0.004460109 -0.852805257 0.000805858 -0.004457083 0.999989808 28.468585968
0.999992967 0.003629230 -0.000942387 0.530361772 -0.003625228 0.999984562 0.004214599 -0.864926338 0.000957668 -0.004211153 0.999990642 29.013380051
0.999992549 0.003779487 -0.000757524 0.534136236 -0.003776583 0.999985635 0.003799068 -0.872229695 0.000771871 -0.003796179 0.999992490 29.559360504
0.999992013 0.003877737 -0.000968004 0.539867878 -0.003873892 0.999984860 0.003943630 -0.883462906 0.000983282 -0.003939849 0.999991775 30.104166031
0.999990404 0.004187444 -0.001298435 0.554359138 -0.004183098 0.999985695 0.003332555 -0.892857790 0.001312372 -0.003327091 0.999993622 30.662233353
0.999989390 0.004273758 -0.001789746 0.565442622 -0.004266541 0.999982834 0.004017433 -0.914139152 0.001806885 -0.004009753 0.999990344 31.201108932
0.999990106 0.003896391 -0.002144500 0.575834334 -0.003887224 0.999983370 0.004262560 -0.927545249 0.002161073 -0.004254182 0.999988556 31.747484207
0.999990821 0.003883615 -0.001802766 0.580897093 -0.003876856 0.999985456 0.003737706 -0.935483634 0.001817256 -0.003730683 0.999991417 32.302631378
0.999990523 0.003895649 -0.001929236 0.588081181 -0.003888490 0.999985576 0.003700293 -0.947159290 0.001943623 -0.003692756 0.999991238 32.847618103
0.999988616 0.004130119 -0.002410279 0.597537458 -0.004121991 0.999985814 0.003366946 -0.955921412 0.002424151 -0.003356972 0.999991417 33.392475128
0.999989033 0.003910626 -0.002576868 0.608400941 -0.003901657 0.999986351 0.003476449 -0.972407579 0.002590428 -0.003466357 0.999990642 33.943702698
0.999988019 0.004126684 -0.002629746 0.613330781 -0.004115911 0.999983191 0.004089115 -0.989215612 0.002646576 -0.004078242 0.999988198 34.482868195
0.999988973 0.004252666 -0.001994620 0.617366493 -0.004245380 0.999984324 0.003642998 -1.000000238 0.002010081 -0.003634490 0.999991357 35.029644012
0.999990821 0.003963235 -0.001653244 0.628948450 -0.003956798 0.999984741 0.003878782 -1.016669393 0.001668592 -0.003872204 0.999991119 35.573890686
0.999989152 0.004032868 -0.002303302 0.633875847 -0.004025057 0.999986291 0.003385472 -1.026139855 0.002316923 -0.003376164 0.999991596 36.108386993
0.999986589 0.004375336 -0.002765312 0.647370100 -0.004365735 0.999984443 0.003468598 -1.041057348 0.002780445 -0.003456479 0.999990165 36.656902313
0.999987721 0.004269157 -0.002525070 0.651372015 -0.004259694 0.999983907 0.003740799 -1.052608371 0.002541000 -0.003729997 0.999989808 37.189277649
0.999982536 0.005609001 -0.001896657 0.657494366 -0.005601287 0.999976039 0.004048151 -1.072671652 0.001919318 -0.004037457 0.999989986 37.733512878
0.999985754 0.004559656 -0.002821295 0.667918324 -0.004549961 0.999983728 0.003433296 -1.077381492 0.002836904 -0.003420410 0.999990046 38.264339447
0.999985993 0.004395900 -0.002952607 0.676814139 -0.004385051 0.999983668 0.003670844 -1.092079759 0.002968696 -0.003657845 0.999988854 38.800476074
0.999987841 0.004458139 -0.002108309 0.678811193 -0.004450474 0.999983490 0.003626724 -1.107519984 0.002124443 -0.003617298 0.999991179 39.348560333
0.999981940 0.005109498 -0.003171265 0.701712728 -0.005096080 0.999978065 0.004224768 -1.127307653 0.003192783 -0.004208532 0.999985993 39.898811340
0.999979138 0.004755847 -0.004380527 0.723420739 -0.004734820 0.999977231 0.004797978 -1.150444269 0.004403246 -0.004777137 0.999978900 40.426162720
0.999978781 0.004957294 -0.004240836 0.734467328 -0.004940272 0.999979734 0.004014940 -1.151160240 0.004260654 -0.003993904 0.999982893 40.979660034
0.999983728 0.005059007 -0.002603834 0.703792155 -0.005048854 0.999979615 0.003891556 -1.151907682 0.002623469 -0.003878346 0.999988973 41.490104675
0.999983668 0.004921047 -0.002911977 0.716281593 -0.004911065 0.999982178 0.003425464 -1.162901878 0.002928782 -0.003411108 0.999989927 42.045219421
0.999980867 0.005523641 -0.002773646 0.727979958 -0.005514139 0.999978900 0.003422100 -1.178326607 0.002792490 -0.003406741 0.999990284 42.601871490
0.999980628 0.005594426 -0.002713550 0.731412232 -0.005586913 0.999980688 0.002767908 -1.185725808 0.002728982 -0.002752694 0.999992430 43.124862671
0.999983072 0.005203960 -0.002593330 0.739051998 -0.005196822 0.999982774 0.002751858 -1.200447917 0.002607605 -0.002738334 0.999992847 43.661857605
0.999985158 0.004868919 -0.002461661 0.747318447 -0.004861448 0.999983609 0.003032222 -1.217084050 0.002476384 -0.003020209 0.999992371 44.207111359
0.999982059 0.005591642 -0.002153920 0.733065248 -0.005586175 0.999981165 0.002535331 -1.211358547 0.002168056 -0.002523253 0.999994457 44.738929749
0.999980152 0.006121080 -0.001500509 0.739997447 -0.006117211 0.999977887 0.002569588 -1.225638390 0.001516205 -0.002560358 0.999995530 45.287464142
0.999980569 0.005570183 -0.002791738 0.774937510 -0.005557550 0.999974370 0.004512533 -1.272388101 0.002816802 -0.004496931 0.999985874 45.807689667
0.999984086 0.004868998 -0.002835627 0.786582410 -0.004857183 0.999979556 0.004159010 -1.281592131 0.002855820 -0.004145171 0.999987364 46.352333069
0.999979734 0.005814628 -0.002560381 0.795423985 -0.005803745 0.999974191 0.004237469 -1.295625925 0.002584954 -0.004222523 0.999987721 46.892494202
0.999984026 0.005280591 -0.002005928 0.775430262 -0.005273140 0.999979258 0.003701584 -1.288133264 0.002025433 -0.003690947 0.999991119 47.425018311
0.999980032 0.005999021 -0.001939631 0.784519792 -0.005992200 0.999975920 0.003503592 -1.301243544 0.001960603 -0.003491901 0.999992013 47.973751068
0.999985814 0.005294596 -0.000608387 0.760583639 -0.005292413 0.999979734 0.003535156 -1.307026625 0.000627092 -0.003531886 0.999993563 48.518554688
0.999987900 0.004875319 -0.000583171 0.773484647 -0.004872971 0.999980271 0.003962761 -1.324848175 0.000602480 -0.003959872 0.999992013 49.054546356
0.999986649 0.005169906 -0.000219914 0.775190413 -0.005169273 0.999982715 0.002784423 -1.325225711 0.000234305 -0.002783250 0.999996066 49.624839783
0.999984622 0.005538016 -0.000223561 0.787183642 -0.005537080 0.999976695 0.003996808 -1.361615539 0.000245690 -0.003995507 0.999992013 50.134155273
0.999986708 0.005100818 -0.000757509 0.801718056 -0.005098206 0.999981165 0.003410012 -1.369384885 0.000774888 -0.003406104 0.999993920 50.685432434
0.999985278 0.005393628 -0.000540083 0.808463633 -0.005391693 0.999979198 0.003524067 -1.386515856 0.000559079 -0.003521104 0.999993622 51.232177734
0.999987066 0.005069331 -0.000361956 0.817218304 -0.005067935 0.999980092 0.003759240 -1.400926232 0.000381005 -0.003757358 0.999992847 51.769252777
0.999989748 0.004510354 -0.000353159 0.832541406 -0.004509051 0.999983311 0.003605588 -1.421558619 0.000369416 -0.003603959 0.999993384 52.305873871
0.999988973 0.004681359 -0.000167226 0.838143826 -0.004680763 0.999983191 0.003399858 -1.427747607 0.000183139 -0.003399038 0.999994218 52.848224640
0.999986470 0.005202166 0.000173066 0.840596616 -0.005202762 0.999979794 0.003646641 -1.442332983 -0.000154092 -0.003647492 0.999993265 53.382675171
0.999984384 0.005583609 0.000227621 0.851517022 -0.005584415 0.999977529 0.003704938 -1.457511902 -0.000206929 -0.003706151 0.999993026 53.921356201
0.999987483 0.005004785 -0.000128736 0.864088476 -0.005004230 0.999979377 0.004003656 -1.473137856 0.000148771 -0.004002961 0.999991953 54.451679230
0.999985576 0.005375088 0.000067621 0.873988807 -0.005375298 0.999978960 0.003632115 -1.488338709 -0.000048096 -0.003632426 0.999993324 54.988899231
0.999987423 0.005007185 0.000175280 0.882088602 -0.005007701 0.999982655 0.003080384 -1.492029071 -0.000159853 -0.003081223 0.999995232 55.540641785
0.999986231 0.005216527 0.000595593 0.882535756 -0.005218605 0.999980092 0.003542678 -1.502909541 -0.000577101 -0.003545737 0.999993563 56.076717377
0.999985635 0.005281853 0.000939781 0.903013468 -0.005285905 0.999976456 0.004361575 -1.528323054 -0.000916722 -0.004366479 0.999990106 56.616847992
0.999982476 0.005881799 0.000662588 0.903690159 -0.005884350 0.999975026 0.003917029 -1.538226366 -0.000639532 -0.003920860 0.999992132 57.177970886
0.999976218 0.006781131 0.001224676 0.906577945 -0.006785561 0.999970317 0.003649018 -1.548905253 -0.001199896 -0.003657243 0.999992609 57.712406158
0.999980628 0.006028298 0.001514169 0.924602985 -0.006033482 0.999975920 0.003442481 -1.562738776 -0.001493381 -0.003451550 0.999992967 58.243644714
0.999983072 0.005616162 0.001508664 0.934179187 -0.005621038 0.999978900 0.003247880 -1.570943117 -0.001490391 -0.003256305 0.999993563 58.798614502
0.999981761 0.005889983 0.001298189 0.940159559 -0.005893621 0.999978662 0.002817157 -1.575883746 -0.001281568 -0.002824757 0.999995112 59.378585815
0.999981999 0.005955513 0.000729399 0.961712182 -0.005957809 0.999977171 0.003187758 -1.597022176 -0.000710398 -0.003192046 0.999994636 59.897300720
0.999981642 0.006019472 0.000677398 0.970561922 -0.006022149 0.999973834 0.004019874 -1.615023971 -0.000653183 -0.004023878 0.999991655 60.452987671
0.999981761 0.005971191 0.000892985 0.982515454 -0.005974559 0.999974847 0.003819897 -1.628346801 -0.000870153 -0.003825163 0.999992311 60.982673645
0.999978662 0.006448796 0.001031538 0.998875320 -0.006451744 0.999975026 0.002879144 -1.632739544 -0.001012946 -0.002885739 0.999995351 61.526756287
0.999979913 0.006254275 0.001009927 1.010240436 -0.006257734 0.999974430 0.003459429 -1.647864819 -0.000988265 -0.003465679 0.999993503 62.071392059
0.999980628 0.006124467 0.001127331 1.012338161 -0.006127692 0.999977052 0.002880920 -1.655411839 -0.001109661 -0.002887772 0.999995232 62.635284424
0.999978304 0.006446049 0.001330164 1.022635579 -0.006449631 0.999975681 0.002706563 -1.662668705 -0.001312684 -0.002715082 0.999995470 63.181568146
0.999975562 0.006682958 0.002050054 1.019463420 -0.006688347 0.999974132 0.002632547 -1.675587177 -0.002032408 -0.002646193 0.999994397 63.723697662
0.999975383 0.006594182 0.002397409 1.026494503 -0.006600971 0.999974191 0.002835197 -1.690779328 -0.002378651 -0.002850953 0.999993026 64.262237549
0.999979258 0.006097734 0.002074986 1.040216446 -0.006102315 0.999978960 0.002208247 -1.691684484 -0.002061477 -0.002220863 0.999995410 64.817565918
0.999977767 0.006298258 0.002193706 1.049713492 -0.006302758 0.999978006 0.002050509 -1.705738664 -0.002180743 -0.002064290 0.999995470 65.357299805
0.999973476 0.006647788 0.002982385 1.050854683 -0.006653277 0.999976158 0.001834025 -1.714617252 -0.002970122 -0.001853819 0.999993861 65.914459229
0.999968171 0.007291245 0.003239106 1.057150245 -0.007297824 0.999971330 0.002023784 -1.729532719 -0.003224257 -0.002047358 0.999992728 66.446601868
0.999970496 0.007023672 0.003111735 1.076035023 -0.007029361 0.999973655 0.001820609 -1.741202354 -0.003098865 -0.001842429 0.999993503 66.989715576
0.999972224 0.006722818 0.003192305 1.083573341 -0.006728320 0.999975860 0.001716161 -1.752048254 -0.003180691 -0.001737593 0.999993443 67.534210205
0.999966681 0.007404771 0.003437262 1.098385692 -0.007411102 0.999970853 0.001832894 -1.775938034 -0.003423590 -0.001858307 0.999992371 68.065475464
0.999963820 0.007714722 0.003579458 1.105001926 -0.007721249 0.999968529 0.001813515 -1.787838101 -0.003565354 -0.001841087 0.999991953 68.615356445
0.999963582 0.007681819 0.003714788 1.113365412 -0.007684879 0.999970138 0.000809939 -1.785842776 -0.003708455 -0.000838457 0.999992788 69.172973633
0.999959111 0.008253274 0.003693041 1.135214806 -0.008260658 0.999963880 0.001989473 -1.812871099 -0.003676488 -0.002019898 0.999991179 69.683906555
0.999960721 0.008143341 0.003508039 1.151429057 -0.008151104 0.999964297 0.002204213 -1.828098297 -0.003489964 -0.002232721 0.999991417 70.235389709
0.999961615 0.007857008 0.003857943 1.147764564 -0.007865660 0.999966502 0.002232093 -1.843168259 -0.003840277 -0.002262353 0.999990046 70.777442932
0.999964595 0.007653345 0.003500900 1.164718151 -0.007659546 0.999969125 0.001761422 -1.855767727 -0.003487311 -0.001788174 0.999992251 71.333648682
0.999962032 0.007625886 0.004199519 1.174009562 -0.007631603 0.999969959 0.001346699 -1.863061905 -0.004189123 -0.001378697 0.999990284 71.885528564
0.999964237 0.007225464 0.004375527 1.183530569 -0.007230633 0.999973118 0.001166511 -1.878622174 -0.004366981 -0.001198108 0.999989748 72.431221008
0.999964893 0.006820897 0.004864320 1.191448927 -0.006827036 0.999975920 0.001246532 -1.896316767 -0.004855699 -0.001279697 0.999987364 72.939155579
0.999963403 0.007059654 0.004835398 1.195491433 -0.007066603 0.999974012 0.001421422 -1.912647128 -0.004825237 -0.001455540 0.999987304 73.474159241
0.999963045 0.007387759 0.004398149 1.225551009 -0.007395586 0.999971092 0.001765948 -1.931493163 -0.004384975 -0.001798410 0.999988794 74.029914856
0.999963522 0.006998248 0.004901261 1.231066108 -0.007008666 0.999973238 0.002111158 -1.942359209 -0.004886355 -0.002145433 0.999985754 74.558563232
0.999962568 0.007074537 0.004977172 1.241169691 -0.007085542 0.999972403 0.002196795 -1.960255384 -0.004961493 -0.002231978 0.999985218 75.096138000
0.999965787 0.006385791 0.005254340 1.259281635 -0.006395731 0.999977767 0.001877060 -1.969950914 -0.005242236 -0.001910601 0.999984443 75.655334473
0.999953985 0.007818264 0.005559753 1.262580276 -0.007827133 0.999968052 0.001575154 -1.979455948 -0.005547260 -0.001618598 0.999983251 76.188041687
0.999961019 0.006486771 0.005983743 1.272518158 -0.006493619 0.999978304 0.001125732 -1.986549616 -0.005976310 -0.001164544 0.999981463 76.743560791
0.999958336 0.007014461 0.005827289 1.288980484 -0.007022288 0.999974489 0.001323890 -2.004454613 -0.005817853 -0.001364756 0.999982059 77.265625000
0.999960542 0.006920020 0.005568109 1.302923679 -0.006928691 0.999974787 0.001539435 -2.019273043 -0.005557315 -0.001577954 0.999983311 77.803619385
0.999958098 0.006595733 0.006338103 1.310358047 -0.006603810 0.999977410 0.001253980 -2.031039000 -0.006329688 -0.001295783 0.999979138 78.380119324
0.999962926 0.006434886 0.005724660 1.331798911 -0.006441270 0.999978662 0.001097673 -2.047166586 -0.005717475 -0.001134506 0.999983013 78.900611877
0.999963284 0.005993278 0.006120421 1.333671331 -0.006000372 0.999981344 0.001141475 -2.059487820 -0.006113466 -0.001178157 0.999980569 79.450141907
0.999955475 0.007171121 0.006122133 1.352866888 -0.007177508 0.999973714 0.001021928 -2.079793692 -0.006114643 -0.001065823 0.999980748 79.970146179
0.999950647 0.006966947 0.007084954 1.366629124 -0.006974936 0.999975085 0.001103745 -2.086993456 -0.007077086 -0.001153109 0.999974310 80.535041809
0.999950767 0.006288648 0.007673841 1.392608881 -0.006294010 0.999979973 0.000674738 -2.098582268 -0.007669445 -0.000723003 0.999970317 81.072341919
0.999938250 0.006116654 0.009273705 1.407442093 -0.006124877 0.999980807 0.000858473 -2.117759228 -0.009268274 -0.000915220 0.999956608 81.610725403
0.999913096 0.007192444 0.011040861 1.417610049 -0.007201974 0.999973714 0.000823645 -2.129477024 -0.011034646 -0.000903089 0.999938726 82.144638062
0.999876261 0.006732774 0.014224963 1.441038609 -0.006742117 0.999977112 0.000608883 -2.138262987 -0.014220538 -0.000704714 0.999898553 82.691825867
0.999814749 0.006963452 0.017943013 1.461370945 -0.006978733 0.999975443 0.000789148 -2.152016640 -0.017937073 -0.000914221 0.999838829 83.251533508
0.999748230 0.006616222 0.021439608 1.475097060 -0.006630695 0.999977827 0.000604074 -2.164567232 -0.021435136 -0.000746082 0.999769986 83.807800293
0.999624014 0.006591184 0.026615970 1.499242306 -0.006622589 0.999977469 0.001091934 -2.193720102 -0.026608175 -0.001267790 0.999645054 84.324234009
0.999454319 0.006566907 0.032372490 1.540160179 -0.006605476 0.999977589 0.001084535 -2.210030556 -0.032364644 -0.001297779 0.999475300 84.882049561
0.999251425 0.006999707 0.038046528 1.578892827 -0.007035339 0.999974847 0.000802690 -2.225945950 -0.038039949 -0.001069760 0.999275744 85.441551208
0.999001026 0.006945807 0.044144634 1.607933283 -0.007006715 0.999974728 0.001225196 -2.238681555 -0.044135004 -0.001533281 0.999024391 85.987670898
0.998616815 0.005634333 0.052275494 1.654346704 -0.005689973 0.999983370 0.000915612 -2.252223969 -0.052269459 -0.001211791 0.998632312 86.540626526
0.998143673 0.005946947 0.060611989 1.705910444 -0.006017251 0.999981403 0.000977464 -2.267260551 -0.060605049 -0.001340367 0.998160899 87.091606140
0.997657955 0.005877183 0.068147093 1.750197411 -0.005955601 0.999981821 0.000947595 -2.281856537 -0.068140298 -0.001351232 0.997674823 87.640754700
0.997064829 0.006851925 0.076253965 1.854198456 -0.007088381 0.999970913 0.002830677 -2.336037397 -0.076232322 -0.003362885 0.997084558 88.178161621
0.996249259 0.006966833 0.086248189 1.917827129 -0.007245045 0.999969661 0.002913075 -2.345548153 -0.086225256 -0.003527021 0.996269464 88.726516724
0.995401263 0.004985052 0.095663302 1.950959206 -0.005057537 0.999987066 0.000515268 -2.315233946 -0.095659494 -0.000996719 0.995413601 89.296112061
0.994633734 0.004588787 0.103356995 2.030865669 -0.004639532 0.999989212 0.000250557 -2.332912207 -0.103354730 -0.000728741 0.994644284 89.842536926
0.993408680 0.005143180 0.114510730 2.113558769 -0.005190908 0.999986529 0.000118626 -2.345449448 -0.114508562 -0.000712259 0.993422031 90.386688232
0.992151320 0.005110859 0.124939531 2.201786995 -0.005239336 0.999986053 0.000699734 -2.365437508 -0.124934234 -0.001348841 0.992164075 90.933784485
0.990979970 0.004962810 0.133918136 2.294446945 -0.005012466 0.999987423 0.000033634 -2.374731779 -0.133916259 -0.000704590 0.990992427 91.470207214
0.989341676 0.005219510 0.145518959 2.391645432 -0.005376499 0.999985337 0.000685547 -2.391935349 -0.145513251 -0.001460623 0.989355206 92.035781860
0.987615049 0.004625066 0.156828359 2.506442070 -0.004711055 0.999988854 0.000176573 -2.407380104 -0.156825796 -0.000913213 0.987625837 92.566383362
0.985803485 0.004002491 0.167855561 2.617747307 -0.004077918 0.999991596 0.000104663 -2.421369553 -0.167853743 -0.000787678 0.985811591 93.107475281
0.983963430 0.004150302 0.178322047 2.733595848 -0.004208797 0.999991119 -0.000050262 -2.431776047 -0.178320706 -0.000701066 0.983972192 93.655708313
0.981583178 0.003710200 0.190999925 2.859458923 -0.003803117 0.999992788 0.000119889 -2.450231552 -0.190998107 -0.000844076 0.981590033 94.174499512
0.979068696 0.003676203 0.203496739 2.990066528 -0.003831008 0.999992609 0.000366809 -2.463875294 -0.203493923 -0.001138729 0.979075491 94.724639893
0.976822853 0.003631026 0.214018226 3.124000549 -0.003756034 0.999992967 0.000177466 -2.478320122 -0.214016080 -0.000977213 0.976829588 95.254737854
0.973916054 0.002954428 0.226889998 3.272506714 -0.003105517 0.999995053 0.000308946 -2.497301102 -0.226887986 -0.001005498 0.973920345 95.760375977
0.971229553 0.001276451 0.238142207 3.446872711 -0.001421548 0.999998808 0.000437549 -2.522072554 -0.238141373 -0.000763491 0.971230149 96.240531921
0.967977881 0.002922676 0.251018554 3.573488235 -0.003078244 0.999995232 0.000227118 -2.522273540 -0.251016647 -0.000992541 0.967982233 96.798118591
0.964689374 0.002168647 0.263381481 3.739707947 -0.002242772 0.999997437 -0.000019226 -2.538943529 -0.263380855 -0.000572157 0.964691699 97.323997498
0.961007237 0.002661909 0.276510388 3.923109055 -0.002732609 0.999996245 -0.000129622 -2.544999599 -0.276509762 -0.000631027 0.961010933 97.854370117
0.957181513 0.003106599 0.289471954 4.098424911 -0.003106404 0.999995053 -0.000460121 -2.555146217 -0.289471895 -0.000458797 0.957186460 98.374542236
0.953864396 0.002075906 0.300230592 4.277450562 -0.002143743 0.999997675 -0.000103454 -2.577410698 -0.300230116 -0.000544936 0.953866661 98.890197754
0.949578524 0.001465492 0.313525915 4.470165253 -0.001563496 0.999998748 0.000061148 -2.590265751 -0.313525438 -0.000548261 0.949579656 99.396041870
0.944857121 0.001132236 0.327480853 4.665838242 -0.001325590 0.999998987 0.000367222 -2.611310959 -0.327480108 -0.000781077 0.944857717 99.903686523
0.940810204 0.000712094 0.338933051 4.868732452 -0.000878485 0.999999583 0.000337509 -2.622136831 -0.338932663 -0.000615280 0.940810442 100.421356201
0.935755372 0.000374549 0.352649510 5.078592300 -0.000554195 0.999999821 0.000408455 -2.641318560 -0.352649271 -0.000577651 0.935755432 100.932060242
0.930514336 0.000298619 0.366255105 5.303926468 -0.000178447 0.999999940 -0.000361967 -2.639948130 -0.366255194 0.000271459 0.930514395 101.450607300
0.925636947 -0.000530564 0.378412127 5.523714066 0.000488564 0.999999881 0.000206999 -2.655490637 -0.378412127 -0.000006728 0.925637186 101.945198059
0.921115220 -0.001390978 0.389287561 5.773488998 0.001613451 0.999998629 -0.000244547 -2.663012505 -0.389286667 0.000853353 0.921116292 102.450408936
0.914888263 -0.000397793 0.403706729 6.044410706 0.000394150 0.999999940 0.000092121 -2.691574574 -0.403706759 0.000074840 0.914888442 102.961074829
0.909164906 -0.000989647 0.416435093 6.294097900 0.001187918 0.999999285 -0.000216998 -2.698951483 -0.416434526 0.000691978 0.909165382 103.451896667
0.904390156 -0.001285481 0.426704615 6.553863525 0.001687891 0.999998450 -0.000564871 -2.715789557 -0.426703185 0.001231095 0.904390812 103.931274414
0.898124814 -0.002507444 0.439733475 6.832534790 0.003262277 0.999994218 -0.000960812 -2.728506565 -0.439728439 0.002297461 0.898127794 104.424438477
0.891144633 -0.002610889 0.453711718 7.095554352 0.003169630 0.999994934 -0.000471057 -2.756760359 -0.453708172 0.001857879 0.891148388 104.881813049
0.884598017 -0.002905141 0.466345340 7.297870636 0.003310880 0.999994516 -0.000050762 -2.749670744 -0.466342568 0.001588918 0.884602785 105.340904236
0.878800094 -0.003204522 0.477179319 7.576194763 0.003683970 0.999993265 -0.000069102 -2.763512135 -0.477175802 0.001818641 0.878805995 105.811721802
0.871158719 -0.003957750 0.490985513 7.839511871 0.004437777 0.999990106 0.000186774 -2.786405087 -0.490981400 0.002016175 0.871167719 106.274818420
0.864296377 -0.004886550 0.502959132 8.140487671 0.005682048 0.999983788 -0.000048714 -2.796634912 -0.502950788 0.002899941 0.864310145 106.727958679
0.858042002 -0.004031468 0.513563633 8.459144592 0.004783136 0.999988556 -0.000141579 -2.808221102 -0.513557196 0.002577926 0.858051419 107.223899841
