1.000000000 0.000000000 0.000000000 0.000000000 0.000000000 1.000000000 0.000000000 0.000000000 0.000000000 0.000000000 1.000000000 0.000000000
1.000000000 0.000090558 0.000095955 -0.000860860 -0.000090568 1.000000000 0.000111810 -0.000108419 -0.000095945 -0.000111819 1.000000000 0.000361526
1.000000000 0.000050479 0.000134166 -0.001570936 -0.000050480 1.000000000 0.000005726 0.000290633 -0.000134165 -0.000005732 1.000000000 0.000246314
1.000000000 0.000019042 0.000041547 -0.000631483 -0.000019045 1.000000000 0.000064343 -0.000824718 -0.000041545 -0.000064343 1.000000000 -0.000723079
1.000000000 0.000082999 0.000173963 -0.001961787 -0.000083015 1.000000000 0.000090884 -0.000613069 -0.000173956 -0.000090899 1.000000000 -0.000770997
1.000000000 -0.000163741 -0.000017560 0.000216200 0.000163740 1.000000000 -0.000014210 0.000279399 0.000017563 0.000014207 1.000000000 -0.000262599
1.000000000 0.000066054 0.000123031 -0.001837804 -0.000066062 1.000000000 0.000067618 -0.000376388 -0.000123026 -0.000067626 1.000000000 -0.000345729
1.000000000 0.000056578 0.000087219 -0.001553374 -0.000056575 1.000000000 -0.000033171 -0.000081802 -0.000087221 0.000033166 1.000000000 -0.000638626
1.000000000 0.000077126 0.000152001 -0.001382988 -0.000077129 1.000000000 0.000020601 -0.000900210 -0.000152000 -0.000020613 1.000000000 -0.000708693
1.000000000 0.000128855 0.000145099 -0.001890223 -0.000128873 1.000000000 0.000121183 -0.000707191 -0.000145084 -0.000121202 1.000000000 0.000583714
1.000000000 0.000088707 0.000158050 -0.001655992 -0.000088719 1.000000000 0.000072786 -0.000587496 -0.000158043 -0.000072800 1.000000000 -0.000029124
1.000000000 0.000114219 0.000172382 -0.001693792 -0.000114232 1.000000000 0.000078761 -0.001341050 -0.000172373 -0.000078781 1.000000000 -0.001095475
1.000000000 0.000070051 0.000146411 -0.001083343 -0.000070058 1.000000000 0.000049166 0.000236072 -0.000146408 -0.000049176 1.000000000 0.000239101
1.000000000 0.000149913 0.000132089 -0.001711300 -0.000149901 1.000000000 -0.000089087 0.000828135 -0.000132102 0.000089068 1.000000000 0.000654549
1.000000000 0.000099584 0.000116506 -0.001564533 -0.000099589 1.000000000 0.000046139 -0.000190069 -0.000116502 -0.000046150 1.000000000 -0.000083893
0.999999940 0.000260843 0.000188749 -0.002194453 -0.000260831 0.999999940 -0.000064664 0.001507043 -0.000188766 0.000064615 1.000000000 0.001361203
0.999999940 0.000354753 0.000206341 -0.002723696 -0.000354748 0.999999940 -0.000023202 0.000920202 -0.000206349 0.000023129 1.000000000 0.001829942
0.999999940 0.000240856 0.000254838 -0.002424686 -0.000240855 1.000000000 -0.000005572 0.001337942 -0.000254840 0.000005510 0.999999940 0.002128204
0.999999940 0.000205482 0.000275346 -0.002529412 -0.000205464 1.000000000 -0.000066086 0.000447991 -0.000275359 0.000066029 0.999999940 0.000763247
0.999999940 0.000210390 0.000213207 -0.002507931 -0.000210403 1.000000000 0.000063996 -0.000084655 -0.000213193 -0.000064041 1.000000000 0.001651111
0.999999940 0.000305397 0.000172012 -0.001961630 -0.000305391 0.999999940 -0.000034762 0.001285473 -0.000172023 0.000034710 1.000000000 0.001587838
0.999999940 0.000271605 0.000185639 -0.002484182 -0.000271599 0.999999940 -0.000033072 0.000462412 -0.000185648 0.000033022 1.000000000 0.001718848
1.000000000 0.000158305 0.000175588 -0.002272229 -0.000158315 1.000000000 0.000060353 0.000113038 -0.000175578 -0.000060381 1.000000000 0.000925171
0.999999881 0.000408056 0.000190914 -0.002554303 -0.000408056 0.999999940 -0.000000814 0.001404733 -0.000190915 0.000000736 1.000000000 0.003029402
0.999999940 0.000296813 0.000244448 -0.002141676 -0.000296820 0.999999940 0.000026841 0.001344135 -0.000244440 -0.000026914 0.999999940 0.002002233
0.999999940 0.000215575 0.000204787 -0.001360937 -0.000215567 1.000000000 -0.000035449 0.002078221 -0.000204794 0.000035405 1.000000000 0.003242291
0.999999940 0.000339455 0.000237317 -0.002401692 -0.000339465 0.999999940 0.000044539 0.001204363 -0.000237302 -0.000044619 1.000000000 0.002313797
0.999999940 0.000341849 0.000122675 -0.002219348 -0.000341836 0.999999940 -0.000104242 0.001872772 -0.000122711 0.000104200 1.000000000 0.001019914
0.999999940 0.000315147 0.000132593 -0.002016594 -0.000315136 0.999999940 -0.000081589 0.001473339 -0.000132619 0.000081547 1.000000000 0.000930459
0.999999881 0.000370652 0.000264260 -0.002594058 -0.000370644 0.999999940 -0.000029149 0.000275795 -0.000264271 0.000029051 0.999999940 0.001000150
0.999999940 0.000204530 0.000286035 -0.002904624 -0.000204544 1.000000000 0.000050429 0.000128472 -0.000286025 -0.000050488 0.999999940 0.001852060
0.999999940 0.000314906 0.000189180 -0.002013345 -0.000314894 0.999999940 -0.000062650 0.001523171 -0.000189200 0.000062590 1.000000000 0.002429547
0.999999881 0.000389712 0.000239497 -0.002097298 -0.000389718 0.999999940 0.000025885 -0.000070001 -0.000239487 -0.000025978 1.000000000 -0.000055569
0.999999881 0.000443617 0.000309292 -0.003488843 -0.000443615 0.999999881 -0.000006231 0.000703910 -0.000309295 0.000006094 0.999999940 0.002718192
0.999999881 0.000402255 0.000244394 -0.001990116 -0.000402231 0.999999940 -0.000097363 0.000760162 -0.000244433 0.000097264 0.999999940 0.001492459
0.999999940 0.000341904 0.000218717 -0.003469101 -0.000341908 0.999999940 0.000018361 0.000589845 -0.000218710 -0.000018436 1.000000000 0.001153977
0.999999881 0.000413699 0.000212229 -0.002787920 -0.000413683 0.999999940 -0.000075027 0.002151410 -0.000212260 0.000074939 1.000000000 0.001316194
0.999999881 0.000400246 0.000302364 -0.003375343 -0.000400252 0.999999940 0.000021471 0.000820118 -0.000302355 -0.000021592 0.999999940 0.001927435
0.999999881 0.000386222 0.000184239 -0.001109184 -0.000386226 0.999999940 0.000024222 0.000700711 -0.000184229 -0.000024294 1.000000000 -0.000143884
0.999999940 0.000260266 0.000186764 -0.001930231 -0.000260251 0.999999940 -0.000078012 0.000563890 -0.000186785 0.000077963 1.000000000 0.000547681
0.999999881 0.000393111 0.000227578 -0.000619502 -0.000392990 0.999999762 -0.000528542 -0.002611879 -0.000227786 0.000528453 0.999999821 0.049492981
0.999999821 0.000495814 0.000407385 -0.002241038 -0.000495474 0.999999523 -0.000833993 -0.005420693 -0.000407799 0.000833791 0.999999583 0.141498446
0.999999702 0.000648633 0.000267651 -0.002659747 -0.000648385 0.999999344 -0.000926498 -0.009610102 -0.000268252 0.000926325 0.999999523 0.252832800
0.999999523 0.000930487 0.000372820 -0.000437442 -0.000930166 0.999999166 -0.000859446 -0.012004127 -0.000373620 0.000859099 0.999999583 0.384928375
0.999999821 0.000602433 0.000147482 0.004465578 -0.000602332 0.999999583 -0.000681296 -0.017047107 -0.000147892 0.000681207 0.999999702 0.524412215
0.999999940 -0.000031285 0.000383832 0.007387581 0.000031276 1.000000000 0.000022059 -0.028038120 -0.000383833 -0.000022047 0.999999940 0.678821146
0.999999940 -0.000114255 0.000399607 0.012741503 0.000114122 0.999999940 0.000333151 -0.031042324 -0.000399645 -0.000333105 0.999999881 0.841503143
1.000000000 0.000160948 0.000138596 0.015822552 -0.000160926 0.999999940 -0.000154495 -0.033976220 -0.000138621 0.000154473 1.000000000 1.015733719
1.000000000 0.000260384 0.000154408 0.018945020 -0.000260363 1.000000000 -0.000141727 -0.038600318 -0.000154445 0.000141686 1.000000000 1.190432072
0.999999821 0.000321344 0.000486405 0.017119382 -0.000321431 0.999999940 0.000180585 -0.044614125 -0.000486347 -0.000180742 0.999999881 1.381106734
0.999999821 0.000558098 0.000329175 0.021395128 -0.000558122 0.999999881 0.000071244 -0.046857428 -0.000329135 -0.000071427 1.000000000 1.573764801
0.999999881 -0.000105651 0.000467376 0.026188044 0.000105418 0.999999821 0.000497645 -0.057902187 -0.000467429 -0.000497596 0.999999762 1.768337727
0.999999881 0.000089389 0.000358686 0.032118406 -0.000089706 0.999999583 0.000883115 -0.061651144 -0.000358607 -0.000883147 0.999999523 1.976420999
0.999999702 -0.000629950 0.000435197 0.033639695 0.000629434 0.999999106 0.001183651 -0.076441094 -0.000435942 -0.001183377 0.999999225 2.174595833
0.999999881 -0.000357691 0.000279710 0.038440842 0.000357407 0.999999404 0.001014846 -0.078098387 -0.000280073 -0.001014746 0.999999464 2.398573160
0.999999881 -0.000051866 0.000453749 0.040988766 0.000051433 0.999999523 0.000953775 -0.083770946 -0.000453798 -0.000953752 0.999999464 2.622206211
0.999999642 -0.000560774 0.000568375 0.049511511 0.000560192 0.999999344 0.001022337 -0.091539167 -0.000568948 -0.001022018 0.999999344 2.856622219
0.999999583 -0.000501582 0.000782692 0.053115968 0.000500720 0.999999344 0.001100735 -0.094559669 -0.000783243 -0.001100342 0.999999166 3.104143143
0.999999762 -0.000002569 0.000570625 0.057424217 0.000002055 0.999999523 0.000901036 -0.101085678 -0.000570627 -0.000901035 0.999999404 3.340090990
0.999999642 0.000182840 0.000791449 0.060629684 -0.000183630 0.999999523 0.000997762 -0.107598662 -0.000791267 -0.000997907 0.999999166 3.590493441
0.999999940 -0.000114058 0.000198325 0.070327431 0.000113855 0.999999464 0.001020831 -0.115940250 -0.000198441 -0.001020809 0.999999464 3.848875999
0.999999881 -0.000423174 0.000232683 0.076742493 0.000422942 0.999999404 0.000999237 -0.121517025 -0.000233106 -0.000999138 0.999999464 4.101850986
0.999999940 0.000198829 0.000164094 0.087866046 -0.000198985 0.999999464 0.000948836 -0.122906841 -0.000163906 -0.000948868 0.999999464 4.370991230
0.999999642 0.000112376 0.000789905 0.086458892 -0.000113263 0.999999344 0.001123162 -0.131677479 -0.000789778 -0.001123251 0.999999046 4.629418373
0.999999642 0.000394897 0.000720713 0.087445974 -0.000395603 0.999999464 0.000978495 -0.138024703 -0.000720326 -0.000978780 0.999999285 4.890839577
0.999999464 0.000655545 0.000742742 0.093217134 -0.000656438 0.999999106 0.001202854 -0.143219903 -0.000741952 -0.001203341 0.999998987 5.156173229
0.999998808 0.001018194 0.001117319 0.096365750 -0.001019402 0.999998868 0.001081024 -0.152039796 -0.001116217 -0.001082162 0.999998808 5.416430950
0.999998808 0.000849043 0.001310570 0.096086703 -0.000851004 0.999998510 0.001496567 -0.162672400 -0.001309298 -0.001497680 0.999998033 5.681159019
0.999999404 0.000504625 0.000976244 0.096670896 -0.000505937 0.999999106 0.001343670 -0.169969350 -0.000975565 -0.001344163 0.999998569 5.953156948
0.999999225 0.000589611 0.001111722 0.106852166 -0.000590757 0.999999404 0.001030549 -0.173021942 -0.001111114 -0.001031205 0.999998808 6.237255096
0.999999464 0.000420528 0.000976628 0.117067009 -0.000421564 0.999999344 0.001060908 -0.177124396 -0.000976181 -0.001061319 0.999998927 6.531547546
0.999999046 0.000707838 0.001184543 0.114477016 -0.000709772 0.999998391 0.001633724 -0.193660393 -0.001183385 -0.001634563 0.999997973 6.812304020
0.999998689 0.001062141 0.001219969 0.125279859 -0.001063506 0.999998927 0.001118384 -0.201201916 -0.001218780 -0.001119680 0.999998629 7.110284805
0.999998987 0.000903246 0.001027367 0.133597985 -0.000904645 0.999998689 0.001362377 -0.204388797 -0.001026135 -0.001363305 0.999998510 7.418841362
0.999998868 0.001007637 0.001105033 0.137204334 -0.001009257 0.999998450 0.001466716 -0.214908525 -0.001103553 -0.001467830 0.999998331 7.722877026
0.999998808 0.000721572 0.001358805 0.139323846 -0.000723616 0.999998569 0.001504180 -0.224095196 -0.001357718 -0.001505162 0.999997914 8.045813560
0.999999464 -0.000153288 0.001104140 0.146570459 0.000152000 0.999999344 0.001166192 -0.229927182 -0.001104318 -0.001166023 0.999998689 8.372088432
0.999998987 0.000391438 0.001323308 0.154999256 -0.000392982 0.999999344 0.001166395 -0.241247907 -0.001322851 -0.001166914 0.999998391 8.689290047
0.999997973 0.001178386 0.001594216 0.159106404 -0.001180365 0.999998450 0.001240938 -0.249580920 -0.001592751 -0.001242817 0.999997914 9.040018082
0.999997497 0.001462736 0.001621649 0.166811794 -0.001464930 0.999997973 0.001352438 -0.261429161 -0.001619668 -0.001354811 0.999997795 9.381462097
0.999996483 0.001667017 0.002022799 0.162134349 -0.001670078 0.999997437 0.001512609 -0.284726769 -0.002020272 -0.001515982 0.999996722 9.709506989
0.999996424 0.001729850 0.002037764 0.170302436 -0.001733387 0.999996901 0.001735023 -0.296126515 -0.002034757 -0.001738549 0.999996364 10.080426216
0.999997556 0.001460178 0.001677189 0.185896352 -0.001463440 0.999997020 0.001945485 -0.300742537 -0.001674343 -0.001947935 0.999996722 10.418616295
0.999997795 0.001291033 0.001675916 0.195180610 -0.001294549 0.999996960 0.002098608 -0.309287310 -0.001673202 -0.002100773 0.999996424 10.782410622
0.999997616 0.001391645 0.001686322 0.207077295 -0.001395483 0.999996424 0.002277039 -0.326543510 -0.001683147 -0.002279387 0.999996006 11.139227867
0.999998093 0.001069629 0.001614617 0.215801299 -0.001072732 0.999997556 0.001922485 -0.330509037 -0.001612557 -0.001924213 0.999996781 11.518877029
0.999997854 0.001128689 0.001752855 0.222587034 -0.001131829 0.999997735 0.001791712 -0.339254707 -0.001750828 -0.001793692 0.999996781 11.898402214
0.999995291 0.002039569 0.002298767 0.218037754 -0.002045127 0.999994993 0.002418412 -0.360168904 -0.002293823 -0.002423102 0.999994457 12.278557777
0.999995291 0.002023711 0.002329856 0.229910448 -0.002029857 0.999994516 0.002638984 -0.371349722 -0.002324502 -0.002643701 0.999993861 12.669040680
0.999995589 0.001928099 0.002323018 0.241381541 -0.001933688 0.999995232 0.002406061 -0.381547511 -0.002318369 -0.002410542 0.999994338 13.059787750
0.999995708 0.001755081 0.002370809 0.256068200 -0.001759964 0.999996364 0.002059020 -0.391673058 -0.002367186 -0.002063184 0.999994993 13.459982872
0.999996066 0.001156981 0.002520499 0.254591733 -0.001162465 0.999996960 0.002175085 -0.403106034 -0.002517974 -0.002178007 0.999994397 13.873593330
0.999994278 0.002023141 0.002711426 0.263319403 -0.002029167 0.999995470 0.002221475 -0.409841448 -0.002706920 -0.002226965 0.999993861 14.283990860
0.999991715 0.002339221 0.003325455 0.268890560 -0.002346242 0.999994993 0.002108741 -0.424064457 -0.003320505 -0.002116526 0.999992251 14.704010010
0.999989748 0.002583717 0.003710207 0.269569427 -0.002592456 0.999993861 0.002352733 -0.424357951 -0.003704105 -0.002362328 0.999990344 15.075981140
0.999989450 0.002295831 0.003983188 0.288134694 -0.002305552 0.999994397 0.002437833 -0.444456100 -0.003977568 -0.002446991 0.999989092 15.548380852
0.999989152 0.002210934 0.004099253 0.299991190 -0.002219535 0.999995291 0.002094899 -0.452771425 -0.004094602 -0.002103975 0.999989390 15.994834900
0.999984324 0.003402587 0.004447480 0.306341738 -0.003418262 0.999987960 0.003521603 -0.507013202 -0.004435444 -0.003536751 0.999983907 16.389102936
0.999981344 0.003869174 0.004730346 0.311345875 -0.003884398 0.999987304 0.003213451 -0.518041551 -0.004717852 -0.003231766 0.999983609 16.840429306
0.999985039 0.002246775 0.004990313 0.331499308 -0.002260381 0.999993742 0.002722594 -0.502100229 -0.004984165 -0.002733833 0.999983788 17.291801453
0.999983728 0.002760257 0.004998604 0.343842506 -0.002775192 0.999991655 0.002983349 -0.514198422 -0.004990328 -0.002997173 0.999983013 17.757049561
0.999981701 0.002891361 0.005318889 0.363152862 -0.002908121 0.999990821 0.003145960 -0.517469823 -0.005309745 -0.003161370 0.999980927 18.242691040
0.999980032 0.002770097 0.005694607 0.372351378 -0.002788782 0.999990761 0.003275895 -0.528257966 -0.005685480 -0.003291710 0.999978483 18.711507797
0.999981821 0.002799460 0.005334677 0.392800212 -0.002817074 0.999990582 0.003297246 -0.539930940 -0.005325396 -0.003312214 0.999980390 19.202138901
0.999974966 0.002878051 0.006465333 0.369953752 -0.002898486 0.999990821 0.003153550 -0.513981044 -0.006456197 -0.003172211 0.999974132 19.633800507
0.999977469 0.002844943 0.006076261 0.379897863 -0.002863872 0.999991179 0.003108843 -0.528248549 -0.006067362 -0.003126175 0.999976754 20.118923187
0.999985337 0.001733452 0.005136065 0.450834066 -0.001752000 0.999991894 0.003608932 -0.591740012 -0.005129767 -0.003617877 0.999980271 20.571134567
0.999980927 0.002862353 0.005468563 0.425573170 -0.002882055 0.999989331 0.003598332 -0.587727904 -0.005458206 -0.003614024 0.999978602 21.060113907
0.999988139 0.003023711 0.003825069 0.465010583 -0.003038426 0.999987960 0.003846955 -0.613181710 -0.003813391 -0.003858531 0.999985278 21.590093613
0.999991477 0.002257244 0.003450951 0.491057307 -0.002270745 0.999989748 0.003913348 -0.650488257 -0.003442082 -0.003921150 0.999986410 22.092432022
0.999995172 0.001891939 0.002473369 0.509990990 -0.001902660 0.999988735 0.004339275 -0.666254103 -0.002465132 -0.004343961 0.999987602 22.603712082
0.999987543 0.003246037 0.003792800 0.469431669 -0.003259754 0.999988258 0.003616142 -0.652856827 -0.003781017 -0.003628461 0.999986291 23.073665619
0.999990404 0.002766740 0.003390449 0.471031696 -0.002780368 0.999987960 0.004021521 -0.675294518 -0.003379282 -0.004030909 0.999986172 23.581977844
0.999995351 0.001230745 0.002794902 0.481468499 -0.001242299 0.999990582 0.004136060 -0.692831755 -0.002789785 -0.004139513 0.999987543 24.108573914
0.999993861 0.002933587 0.001918096 0.507933915 -0.002940611 0.999988973 0.003669580 -0.706860304 -0.001907309 -0.003675198 0.999991357 24.643177032
0.999994040 0.003017684 0.001637977 0.509187341 -0.003025111 0.999985039 0.004550815 -0.729391992 -0.001624219 -0.004555743 0.999988258 25.203927994
0.999995649 0.002933479 0.000337022 0.532655001 -0.002935084 0.999983847 0.004863187 -0.739824831 -0.000322751 -0.004864155 0.999988139 25.747982025
0.999995708 0.002925130 0.000128792 0.541769445 -0.002925617 0.999987900 0.003961885 -0.750217378 -0.000117202 -0.003962245 0.999992132 26.289989471
0.999998212 0.001839967 -0.000463364 0.559962332 -0.001837958 0.999989092 0.004300545 -0.761221588 0.000471272 -0.004299685 0.999990642 26.845813751
0.999995887 0.002840068 -0.000351206 0.564511716 -0.002838461 0.999985874 0.004494115 -0.788521886 0.000363965 -0.004493100 0.999989867 27.376712799
0.999993086 0.003579367 -0.000951552 0.575666904 -0.003575676 0.999986172 0.003853330 -0.795745254 0.000965332 -0.003849901 0.999992132 27.935516357
0.999993622 0.003326972 -0.001236924 0.587390065 -0.003321795 0.999985754 0.004163090 -0.808883071 0.001250757 -0.004158955 0.999990523 28.466241837
0.999990880 0.004069190 -0.001309142 0.600277781 -0.004063517 0.999982417 0.004307626 -0.825779080 0.001326648 -0.004302266 0.999989867 29.023628235
0.999993026 0.002992433 -0.002232041 0.622432530 -0.002982635 0.999985933 0.004379882 -0.828617275 0.002245116 -0.004373194 0.999987900 29.572906494
0.999988139 0.004221851 -0.002394037 0.618853033 -0.004211406 0.999981642 0.004350617 -0.850792170 0.002412361 -0.004340483 0.999987662 30.104104996
0.999988973 0.003874879 -0.002645137 0.626131058 -0.003863774 0.999983728 0.004190948 -0.868794560 0.002661333 -0.004180682 0.999987721 30.615251541
0.999986649 0.004546147 -0.002427098 0.660637438 -0.004535925 0.999980867 0.004200534 -0.889790893 0.002446148 -0.004189468 0.999988258 31.257787704
0.999977946 0.006371629 -0.001866766 0.659520984 -0.006363930 0.999971330 0.004101692 -0.901579320 0.001892847 -0.004089721 0.999989927 31.804050446
0.999983549 0.004662821 -0.003331821 0.679255128 -0.004648893 0.999980450 0.004176092 -0.915225863 0.003351229 -0.004160534 0.999985695 32.375183105
0.999983013 0.004699499 -0.003429925 0.688704908 -0.004684564 0.999979675 0.004349286 -0.930501938 0.003450294 -0.004333145 0.999984682 32.932327271
0.999984682 0.004560683 -0.003142642 0.690841198 -0.004545743 0.999978423 0.004744748 -0.956120431 0.003164213 -0.004730389 0.999983728 33.514232635
0.999984205 0.004554024 -0.003289035 0.706801295 -0.004538225 0.999978185 0.004794625 -0.962365687 0.003310799 -0.004779622 0.999983072 34.039958954
0.999979615 0.005279485 -0.003596044 0.710836232 -0.005263399 0.999976158 0.004467924 -0.977547050 0.003619547 -0.004448906 0.999983490 34.596008301
0.999977946 0.005532244 -0.003701135 0.719076514 -0.005514576 0.999973476 0.004767130 -1.002725124 0.003727409 -0.004746615 0.999981761 35.111465454
0.999978542 0.005126868 -0.004070894 0.729984760 -0.005108915 0.999977231 0.004408161 -1.008592963 0.004093402 -0.004387269 0.999981999 35.667858124
0.999982297 0.004708315 -0.003627820 0.721722543 -0.004689889 0.999976277 0.005070906 -1.031544447 0.003651609 -0.005053802 0.999980569 36.246994019
0.999984503 0.003937232 -0.003940105 0.740613580 -0.003918127 0.999980569 0.004844741 -1.037303805 0.003959104 -0.004829228 0.999980509 36.806488037
0.999981821 0.004128162 -0.004392262 0.750876606 -0.004107617 0.999980569 0.004676357 -1.048071742 0.004411481 -0.004658229 0.999979436 37.356449127
0.999980688 0.004697329 -0.004072861 0.762538433 -0.004678737 0.999978662 0.004562366 -1.058877826 0.004094205 -0.004543222 0.999981284 37.901687622
0.999977589 0.004866296 -0.004611441 0.774515867 -0.004842885 0.999975443 0.005074229 -1.074947953 0.004636021 -0.005051783 0.999976456 38.446949005
0.999976814 0.005288284 -0.004289789 0.778307199 -0.005267713 0.999974608 0.004792776 -1.082251668 0.004315026 -0.004770068 0.999979317 39.002117157
0.999979675 0.004250593 -0.004749825 0.791846573 -0.004225952 0.999977589 0.005185950 -1.110442400 0.004771763 -0.005165772 0.999975204 39.560420990
0.999981105 0.003849128 -0.004797530 0.806990981 -0.003824911 0.999979973 0.005046736 -1.122042656 0.004816860 -0.005028289 0.999975741 40.119716644
0.999978960 0.004416273 -0.004780756 0.811134279 -0.004392453 0.999977887 0.004981666 -1.137113094 0.004802650 -0.004960561 0.999976158 40.654041290
0.999977827 0.004440294 -0.004963093 0.817370892 -0.004416953 0.999979138 0.004704212 -1.147954106 0.004983878 -0.004682186 0.999976695 41.200172424
0.999978125 0.004263285 -0.005055973 0.829237342 -0.004242019 0.999982119 0.004209320 -1.150186896 0.005073829 -0.004187779 0.999978364 41.744304657
0.999976695 0.005081123 -0.004553519 0.829389751 -0.005063851 0.999980032 0.003796712 -1.160712481 0.004572719 -0.003773565 0.999982476 42.289695740
0.999977291 0.004722243 -0.004795660 0.840405583 -0.004702392 0.999980390 0.004142156 -1.178130031 0.004815126 -0.004119510 0.999979913 42.804630280
0.999978364 0.004727309 -0.004565837 0.833975673 -0.004708701 0.999980628 0.004077602 -1.192215085 0.004585024 -0.004056016 0.999981225 43.376663208
0.999979496 0.004110177 -0.004904056 0.844573498 -0.004091068 0.999984026 0.003900232 -1.206441045 0.004920008 -0.003880090 0.999980330 43.932430267
0.999975085 0.005389377 -0.004556697 0.856412828 -0.005372889 0.999979019 0.003623056 -1.208277225 0.004576127 -0.003598484 0.999983013 44.461154938
0.999974906 0.005476055 -0.004483216 0.858976126 -0.005460560 0.999979138 0.003461070 -1.223271012 0.004502075 -0.003436503 0.999983907 45.005462646
0.999974728 0.005495423 -0.004491791 0.877685845 -0.005478622 0.999977946 0.003744182 -1.241675377 0.004512267 -0.003719479 0.999982893 45.552001953
0.999972701 0.006144162 -0.004082124 0.878550410 -0.006131412 0.999976277 0.003128549 -1.245764375 0.004101249 -0.003103435 0.999986768 46.101795197
0.999971807 0.006212457 -0.004212691 0.888336062 -0.006201266 0.999977171 0.002664371 -1.260249853 0.004229148 -0.002638172 0.999987602 46.622917175
0.999962986 0.007736458 -0.003765118 0.891687632 -0.007724443 0.999965012 0.003195282 -1.287079453 0.003789707 -0.003166080 0.999987781 47.167743683
0.999969602 0.006444489 -0.004391499 0.904587507 -0.006429717 0.999973655 0.003369707 -1.293697357 0.004413099 -0.003341369 0.999984682 47.694278717
0.999969840 0.006565106 -0.004148678 0.911496878 -0.006553357 0.999974489 0.002839308 -1.303608537 0.004167212 -0.002812034 0.999987423 48.242694855
0.999971271 0.006292801 -0.004250582 0.928982794 -0.006277612 0.999973893 0.003577163 -1.324090123 0.004272983 -0.003550377 0.999984562 48.781642914
0.999968767 0.006999643 -0.003657465 0.927707493 -0.006988249 0.999970734 0.003118807 -1.336781263 0.003679189 -0.003093151 0.999988437 49.325641632
0.999963582 0.007778967 -0.003489122 0.935506046 -0.007767329 0.999964237 0.003337085 -1.349257231 0.003514956 -0.003309862 0.999988258 49.875808716
0.999961495 0.008210616 -0.003094528 0.940055370 -0.008199607 0.999960065 0.003554201 -1.366588235 0.003123587 -0.003528690 0.999988914 50.399986267
0.999959946 0.008644574 -0.002325417 0.941166103 -0.008636996 0.999957442 0.003248957 -1.383942723 0.002353404 -0.003228742 0.999992013 50.921882629
0.999961495 0.008068174 -0.003455302 0.976346016 -0.008054751 0.999960005 0.003880500 -1.393803954 0.003486473 -0.003852519 0.999986529 51.483543396
0.999960005 0.008257583 -0.003465147 0.977689803 -0.008244889 0.999959290 0.003662047 -1.403680086 0.003495246 -0.003633330 0.999987304 52.018203735
0.999957085 0.008603258 -0.003416892 0.989341855 -0.008591881 0.999957561 0.003330348 -1.412029982 0.003445398 -0.003300847 0.999988616 52.570610046
0.999962807 0.007840712 -0.003576032 0.996220648 -0.007826402 0.999961376 0.003997805 -1.430634499 0.003607240 -0.003969668 0.999985635 53.112728119
0.999957144 0.008615245 -0.003378789 1.000930309 -0.008603520 0.999956965 0.003469313 -1.438809872 0.003408533 -0.003440095 0.999988258 53.660354614
0.999959052 0.008540208 -0.002990502 1.010406017 -0.008530167 0.999958098 0.003353915 -1.459305525 0.003019020 -0.003328268 0.999989867 54.197975159
0.999951303 0.009568234 -0.002408924 1.007289410 -0.009560747 0.999949515 0.003099649 -1.473188639 0.002438460 -0.003076467 0.999992311 54.745445251
0.999951124 0.009411477 -0.002994317 1.019683361 -0.009402412 0.999951243 0.003026845 -1.486387491 0.003022658 -0.002998544 0.999990940 55.296596527
0.999956846 0.008755938 -0.003103455 1.051281691 -0.008745586 0.999956191 0.003333490 -1.508339405 0.003132507 -0.003306205 0.999989629 55.888923645
0.999956608 0.008449913 -0.003907526 1.062563539 -0.008438926 0.999960423 0.002819614 -1.516068101 0.003931197 -0.002786517 0.999988377 56.417018890
0.999961317 0.008255176 -0.003028721 1.069086552 -0.008245694 0.999961019 0.003129944 -1.541468740 0.003054442 -0.003104849 0.999990523 56.954277039
0.999948680 0.009758001 -0.002719796 1.074811697 -0.009749239 0.999947309 0.003216336 -1.540699244 0.002751038 -0.003189655 0.999991119 57.505905151
0.999949813 0.009474875 -0.003229779 1.104853749 -0.009465501 0.999951005 0.002905240 -1.556344390 0.003257148 -0.002874522 0.999990582 58.033340454
0.999951065 0.009504525 -0.002748273 1.103654385 -0.009496647 0.999950826 0.002865082 -1.569630742 0.002775369 -0.002838842 0.999992132 58.563854218
0.999946475 0.009945843 -0.002847526 1.106238127 -0.009937587 0.999946415 0.002899820 -1.589863777 0.002876215 -0.002871368 0.999991715 59.122806549
0.999950349 0.009530269 -0.002906183 1.121855259 -0.009520438 0.999948978 0.003377944 -1.610420585 0.002938227 -0.003350108 0.999989986 59.652526855
0.999958515 0.008474196 -0.003332117 1.134888530 -0.008465173 0.999960482 0.002712764 -1.621874213 0.003354974 -0.002684444 0.999990761 60.190849304
0.999945700 0.009913029 -0.003213597 1.140185714 -0.009902138 0.999945164 0.003387448 -1.631771088 0.003247001 -0.003355443 0.999989033 60.758384705
0.999946177 0.009953645 -0.002918581 1.149023652 -0.009945788 0.999946833 0.002693748 -1.638948321 0.002945239 -0.002664576 0.999992073 61.305122375
0.999939740 0.010712131 -0.002406632 1.160142303 -0.010704564 0.999937773 0.003134926 -1.659156561 0.002440064 -0.003108975 0.999992132 61.838050842
0.999948442 0.009741373 -0.002849683 1.179899693 -0.009733003 0.999948323 0.002936992 -1.678234816 0.002878146 -0.002909104 0.999991655 62.364612579
0.999947071 0.009983558 -0.002487492 1.183821201 -0.009976101 0.999945700 0.002992727 -1.693324208 0.002517235 -0.002967753 0.999992430 62.895881653
0.999942958 0.010387046 -0.002462521 1.189653516 -0.010379813 0.999941766 0.002933256 -1.702441573 0.002492846 -0.002907528 0.999992609 63.450920105
0.999941051 0.010595029 -0.002357411 1.199872255 -0.010587377 0.999938726 0.003236018 -1.723644257 0.002391552 -0.003210868 0.999992013 63.969928741
0.999943852 0.010441327 -0.001800790 1.203391552 -0.010436388 0.999941826 0.002731113 -1.730676770 0.001829201 -0.002712167 0.999994636 64.509445190
0.999941707 0.010619525 -0.001944706 1.214877963 -0.010613242 0.999938488 0.003212372 -1.751622200 0.001978701 -0.003191545 0.999992967 65.043472290
0.999943972 0.010389409 -0.001988521 1.228688478 -0.010382590 0.999940276 0.003408843 -1.764662385 0.002023818 -0.003388006 0.999992192 65.576377869
0.999949753 0.009743144 -0.002365796 1.241365314 -0.009736357 0.999948502 0.002863408 -1.775434732 0.002393573 -0.002840229 0.999993086 66.106559753
0.999950051 0.009645039 -0.002631255 1.252244234 -0.009638900 0.999950826 0.002336246 -1.784883738 0.002653659 -0.002310767 0.999993801 66.653831482
0.999947548 0.010077430 -0.001815913 1.255864143 -0.010073349 0.999946713 0.002243088 -1.803653240 0.001838421 -0.002224679 0.999995828 67.196685791
0.999943435 0.010454373 -0.001944654 1.273530483 -0.010449240 0.999941945 0.002631686 -1.814466119 0.001972054 -0.002611217 0.999994636 67.734855652
0.999945700 0.010289581 -0.001651781 1.278992891 -0.010285528 0.999944091 0.002446416 -1.830997348 0.001676862 -0.002429294 0.999995649 68.286010742
0.999948263 0.009940200 -0.002151544 1.297206283 -0.009934685 0.999947369 0.002558386 -1.844434500 0.002176862 -0.002536878 0.999994397 68.831138611
0.999947309 0.009999149 -0.002321478 1.303365469 -0.009992990 0.999946535 0.002649493 -1.859952688 0.002347846 -0.002626155 0.999993742 69.342681885
0.999931753 0.011565820 -0.001633749 1.319512725 -0.011560307 0.999927580 0.003344412 -1.895617962 0.001672312 -0.003325297 0.999993086 69.887512207
0.999939680 0.010831519 -0.001830977 1.326658130 -0.010827500 0.999938965 0.002191397 -1.890235782 0.001854602 -0.002171439 0.999995947 70.433738708
0.999939442 0.010877597 -0.001662231 1.333962440 -0.010875216 0.999939740 0.001434555 -1.899104357 0.001677735 -0.001416391 0.999997616 70.979011536
0.999947369 0.010122038 -0.001681599 1.342223883 -0.010118954 0.999947071 0.001832993 -1.917745709 0.001700063 -0.001815880 0.999996901 71.583938599
0.999944866 0.010312237 -0.001990017 1.352189422 -0.010307773 0.999944329 0.002240636 -1.937143803 0.002013012 -0.002220000 0.999995530 72.139671326
0.999942482 0.010548498 -0.001995161 1.365726113 -0.010545291 0.999943018 0.001612237 -1.950445890 0.002012054 -0.001591105 0.999996722 72.692207336
0.999944925 0.010417054 -0.001270266 1.366707683 -0.010414597 0.999943912 0.001926275 -1.957743883 0.001290261 -0.001912940 0.999997318 73.242210388
0.999939919 0.010890017 -0.001255716 1.377460718 -0.010887191 0.999938250 0.002233754 -1.987029195 0.001279964 -0.002219949 0.999996722 73.792625427
0.999948621 0.009983491 -0.001770682 1.398167968 -0.009980751 0.999948978 0.001549866 -1.991281867 0.001786065 -0.001532113 0.999997258 74.372856140
0.999943495 0.010544590 -0.001367925 1.398752689 -0.010542034 0.999942720 0.001861928 -2.008885384 0.001387480 -0.001847402 0.999997318 74.897659302
0.999944627 0.010421207 -0.001476067 1.424964190 -0.010418721 0.999944270 0.001683584 -2.030436277 0.001493530 -0.001668112 0.999997437 75.466621399
0.999939561 0.010959450 -0.000870590 1.424644470 -0.010958137 0.999938846 0.001500696 -2.037549973 0.000886983 -0.001491065 0.999998510 75.986785889
0.999942780 0.010666595 -0.000847733 1.441372752 -0.010665253 0.999941885 0.001572744 -2.061420441 0.000864460 -0.001563613 0.999998331 76.546051025
0.999925911 0.012160685 -0.000535024 1.447402000 -0.012160006 0.999925256 0.001254288 -2.067495584 0.000550237 -0.001247689 0.999999046 77.081802368
0.999913871 0.013119117 -0.000356021 1.450118899 -0.013118632 0.999912977 0.001339067 -2.093501091 0.000373558 -0.001334281 0.999999046 77.595718384
0.999931276 0.011715602 -0.000234491 1.448628545 -0.011715273 0.999930441 0.001361435 -2.111588955 0.000250424 -0.001358594 0.999998987 78.133659363
0.999933779 0.011507326 -0.000249339 1.470079422 -0.011506988 0.999932945 0.001324594 -2.121234655 0.000264565 -0.001321637 0.999999046 78.683921814
0.999925971 0.012168468 0.000394161 1.479857922 -0.012168932 0.999925315 0.001199197 -2.134146452 -0.000379539 -0.001203905 0.999999166 79.228149414
0.999948859 0.010088852 -0.000595275 1.496549487 -0.010087987 0.999948084 0.001435856 -2.140166283 0.000609730 -0.001429778 0.999998808 79.798934937
0.999934912 0.011401533 -0.000202724 1.501111507 -0.011401433 0.999934852 0.000486205 -2.147492886 0.000208254 -0.000483862 0.999999821 80.296798706
0.999923706 0.012324758 0.000823183 1.509389520 -0.012325595 0.999923468 0.001018232 -2.158239603 -0.000810570 -0.001028300 0.999999166 80.779281616
0.999924123 0.012153469 0.001979315 1.533354759 -0.012155625 0.999925554 0.001081166 -2.168221712 -0.001966028 -0.001105144 0.999997437 81.305763245
0.999935985 0.011004464 0.002629243 1.549782515 -0.011005664 0.999939322 0.000443027 -2.169748068 -0.002624208 -0.000471935 0.999996424 81.822456360
0.999932230 0.011029751 0.003714105 1.555598021 -0.011030106 0.999939144 0.000074903 -2.181805134 -0.003713052 -0.000115865 0.999993026 82.351860046
0.999910474 0.011284436 0.007184740 1.571309924 -0.011286255 0.999936223 0.000212702 -2.201248407 -0.007181883 -0.000293772 0.999974132 82.900726318
0.999867141 0.011878250 0.011160323 1.584358931 -0.011877338 0.999929428 -0.000147746 -2.213916540 -0.011161293 0.000015172 0.999937713 83.428848267
0.999831617 0.011482325 0.014312367 1.606564403 -0.011488002 0.999933958 0.000314340 -2.232617855 -0.014307813 -0.000478708 0.999897540 83.957778931
0.999761224 0.012118901 0.018181449 1.630331397 -0.012126785 0.999926388 0.000323465 -2.252058506 -0.018176194 -0.000543870 0.999834597 84.499954224
0.999638021 0.011537755 0.024308966 1.658335567 -0.011549139 0.999933243 0.000327933 -2.268941879 -0.024303567 -0.000608562 0.999704361 85.041900635
0.999461710 0.012424113 0.030363249 1.692250013 -0.012430940 0.999922752 0.000036058 -2.280686855 -0.030360455 -0.000413482 0.999538958 85.584411621
0.999258995 0.012294380 0.036473297 1.722191811 -0.012301819 0.999924302 -0.000020455 -2.297569990 -0.036470786 -0.000428248 0.999334633 86.107254028
0.998937249 0.012255779 0.044431686 1.771275997 -0.012281988 0.999924541 0.000316892 -2.316166162 -0.044424444 -0.000862265 0.999012351 86.661399841
0.998544097 0.012145462 0.052555952 1.815579176 -0.012149028 0.999926150 -0.000251668 -2.329560757 -0.052555129 -0.000387202 0.998617887 87.189979553
0.998169959 0.011259982 0.059413444 1.868812561 -0.011262392 0.999936521 -0.000294325 -2.343780279 -0.059412982 -0.000375351 0.998233378 87.731254578
0.997557223 0.012469331 0.068732277 1.919486046 -0.012460186 0.999922216 -0.000561770 -2.357112885 -0.068733938 -0.000296019 0.997635007 88.283180237
0.996810675 0.011804122 0.078925036 1.988275528 -0.011785526 0.999930322 -0.000701470 -2.377904892 -0.078927815 -0.000230941 0.996880293 88.806632996
0.996105552 0.011448362 0.087423638 2.056670666 -0.011401294 0.999934435 -0.001037746 -2.384465218 -0.087429762 0.000036962 0.996170700 89.369613647
0.995411992 0.010534081 0.095099196 2.122292995 -0.010469032 0.999944508 -0.001182902 -2.402217865 -0.095106386 0.000181879 0.995467126 89.893707275
0.994391382 0.010805991 0.105209135 2.200115204 -0.010722635 0.999941587 -0.001357882 -2.414685488 -0.105217643 0.000222147 0.994449198 90.425819397
0.993293226 0.009950561 0.115193278 2.299232483 -0.009849120 0.999950469 -0.001449762 -2.430214882 -0.115201987 0.000305487 0.993342042 90.948883057
0.992218673 0.008942429 0.124186069 2.395675659 -0.008833562 0.999959886 -0.001427267 -2.459045887 -0.124193862 0.000319155 0.992257833 91.495803833
0.990639448 0.008936816 0.136211991 2.487189293 -0.008804407 0.999959946 -0.001574511 -2.473225832 -0.136220604 0.000360507 0.990678430 92.032035828
0.988889039 0.009523950 0.148350269 2.587309837 -0.009342215 0.999954462 -0.001921830 -2.490866661 -0.148361847 0.000514556 0.988933027 92.609191895
0.987315118 0.008642108 0.158537745 2.703001022 -0.008432546 0.999962449 -0.001994500 -2.501596451 -0.158549011 0.000632324 0.987350881 93.154197693
0.985550046 0.008280662 0.169181570 2.826233864 -0.008098254 0.999965668 -0.001768179 -2.529311895 -0.169190407 0.000372554 0.985583305 93.697967529
0.983294010 0.007815885 0.181856543 2.947687149 -0.007632530 0.999969423 -0.001708079 -2.545644999 -0.181864306 0.000291518 0.983323574 94.246315002
0.980968773 0.007615355 0.194016024 3.074658394 -0.007359294 0.999970853 -0.002040534 -2.559624434 -0.194025904 0.000573879 0.980996251 94.791702271
0.978928208 0.007180098 0.204078108 3.206895828 -0.006853117 0.999973953 -0.002308922 -2.577197552 -0.204089358 0.000861698 0.978951931 95.324134827
0.976189196 0.006472085 0.216824383 3.352680206 -0.006069145 0.999978423 -0.002524214 -2.591753006 -0.216836065 0.001148172 0.976207376 95.869522095
0.972914398 0.006644055 0.231070355 3.499881744 -0.006107946 0.999976814 -0.003035405 -2.598594189 -0.231085181 0.001541823 0.972932339 96.407745361
0.970435381 0.005126130 0.241306946 3.659496307 -0.004404432 0.999984145 -0.003530080 -2.609265566 -0.241321236 0.002362895 0.970442414 96.927246094
0.967861474 0.004264811 0.251447856 3.840938568 -0.003576057 0.999988496 -0.003196025 -2.643477440 -0.251458585 0.002194118 0.967865586 97.461830139
0.964358211 0.004277575 0.264565796 4.008962631 -0.003803766 0.999990165 -0.002303171 -2.668496370 -0.264573038 0.001214736 0.964364886 97.969963074
0.960612893 0.004607999 0.277851850 4.188489914 -0.003941552 0.999987960 -0.002957106 -2.682598591 -0.277862132 0.001745467 0.960619330 98.526161194
0.957255602 0.004518135 0.289207757 4.373979568 -0.004017198 0.999989212 -0.002325667 -2.708267450 -0.289215177 0.001064453 0.957263529 99.066040039
0.952740788 0.004583360 0.303749859 4.560501099 -0.003994996 0.999988854 -0.002558396 -2.720403194 -0.303758115 0.001224009 0.952748358 99.582015991
0.948238790 0.003590674 0.317537785 4.760278702 -0.002917222 0.999992311 -0.002596298 -2.738164902 -0.317544699 0.001535582 0.948242068 100.092613220
0.944465220 0.003010275 0.328597814 4.967527390 -0.002123976 0.999993086 -0.003056113 -2.751566887 -0.328604728 0.002188458 0.944464922 100.605758667
0.939683378 0.003748085 0.342025071 5.183841705 -0.003112432 0.999992192 -0.002407295 -2.778651237 -0.342031449 0.001197565 0.939687729 101.160514832
0.934295833 0.003302462 0.356483340 5.396615982 -0.002517070 0.999993205 -0.002667028 -2.792907238 -0.356489748 0.001594500 0.934297860 101.665725708
0.929568589 0.002541003 0.368640453 5.615600586 -0.001986442 0.999996185 -0.001883839 -2.820873737 -0.368643910 0.001018875 0.929570138 102.134963989
0.924691617 0.002659931 0.380707473 5.872314453 -0.002079799 0.999995887 -0.001935207 -2.856453896 -0.380711049 0.000997675 0.924693525 102.691841125
0.918895066 0.002934345 0.394490808 6.112052917 -0.002471416 0.999995470 -0.001681560 -2.872003317 -0.394493937 0.000570227 0.918898404 103.188522339
0.913203120 0.001836660 0.407500505 6.370075226 -0.001277666 0.999997973 -0.001643895 -2.888838768 -0.407502621 0.000980561 0.913203478 103.701530457
0.908356369 0.001201527 0.418195188 6.618236542 -0.000487404 0.999998271 -0.001814435 -2.905259132 -0.418196589 0.001444324 0.908355415 104.179275513
0.902452648 0.001331229 0.430786967 6.875972748 -0.000696641 0.999998391 -0.001630832 -2.925015211 -0.430788428 0.001171644 0.902452111 104.681427002
0.895750523 0.001440009 0.444554716 7.142906189 -0.000688791 0.999998033 -0.001851336 -2.937613249 -0.444556564 0.001352130 0.895749748 105.167846680
0.889991760 0.000707547 0.455976039 7.415660858 0.000069542 0.999998569 -0.001687453 -2.959345341 -0.455976486 0.001533528 0.889990449 105.648254395
0.884230852 0.000009507 0.467050076 7.695354462 0.000767916 0.999998629 -0.001474195 -2.976473570 -0.467049450 0.001662184 0.884229600 106.121498108
0.876517892 0.000119637 0.481369227 7.984069824 0.000622747 0.999998808 -0.001382485 -3.000310659 -0.481368870 0.001511544 0.876516759 106.620880127
0.869407356 0.000475126 0.494095683 8.270656586 0.000226459 0.999999046 -0.001360081 -3.019723654 -0.494095922 0.001294357 0.869406343 107.073936462
