1.000000000 0.000000000 0.000000000 0.000000000 0.000000000 1.000000000 0.000000000 0.000000000 0.000000000 0.000000000 1.000000000 0.000000000
1.000000000 0.000040622 -0.000024673 0.000500733 -0.000040622 1.000000000 0.000019783 -0.000440968 0.000024674 -0.000019782 1.000000000 0.001325142
1.000000000 0.000084430 0.000007105 0.001104471 -0.000084430 1.000000000 0.000040863 -0.000628851 -0.000007102 -0.000040864 1.000000000 0.001266733
1.000000000 0.000004381 -0.000051033 0.001980891 -0.000004383 1.000000000 -0.000041332 -0.000681994 0.000051033 0.000041333 1.000000000 -0.000388750
1.000000000 -0.000081968 -0.000107121 0.001858773 0.000081974 1.000000000 0.000058356 -0.000707282 0.000107117 -0.000058365 1.000000000 0.000016587
1.000000000 -0.000041049 -0.000084113 -0.000242945 0.000041045 1.000000000 -0.000045690 0.001333610 0.000084114 0.000045687 1.000000000 0.001947946
1.000000000 -0.000148679 -0.000106628 0.001695922 0.000148689 1.000000000 0.000101309 -0.000640821 0.000106613 -0.000101325 1.000000000 0.000334171
1.000000000 -0.000059891 -0.000028522 0.000215878 0.000059893 1.000000000 0.000069106 -0.001033873 0.000028518 -0.000069108 1.000000000 -0.000841578
1.000000000 0.000037109 -0.000069321 0.001631244 -0.000037104 1.000000000 0.000070372 -0.000679295 0.000069323 -0.000070370 1.000000000 -0.001650753
1.000000000 0.000065923 0.000000114 0.000153839 -0.000065923 1.000000000 0.000040661 0.000356320 -0.000000111 -0.000040661 1.000000000 0.002198741
1.000000000 0.000012444 -0.000022634 0.001095476 -0.000012443 1.000000000 0.000004411 -0.000626048 0.000022634 -0.000004411 1.000000000 0.001551870
1.000000000 -0.000096435 -0.000087894 0.001586172 0.000096445 1.000000000 0.000110247 -0.001379610 0.000087883 -0.000110255 1.000000000 -0.000093560
1.000000000 -0.000076090 -0.000063252 0.001181149 0.000076091 1.000000000 0.000019042 0.000263761 0.000063251 -0.000019047 1.000000000 0.001425198
1.000000000 -0.000182875 -0.000131132 0.001237443 0.000182890 1.000000000 0.000115731 -0.000104798 0.000131110 -0.000115755 1.000000000 -0.000044778
1.000000000 -0.000016530 -0.000110934 0.001853818 0.000016535 1.000000000 0.000042381 -0.000594083 0.000110933 -0.000042383 1.000000000 -0.003711332
1.000000000 -0.000025476 -0.000137698 0.003658319 0.000025488 1.000000000 0.000088062 -0.000718351 0.000137696 -0.000088065 1.000000000 -0.002158290
1.000000000 -0.000073806 -0.000104814 0.003152353 0.000073817 1.000000000 0.000105519 -0.001462157 0.000104806 -0.000105527 1.000000000 -0.002084484
1.000000000 -0.000076664 -0.000102461 0.003319070 0.000076670 1.000000000 0.000061066 -0.000710320 0.000102456 -0.000061073 1.000000000 -0.001075065
1.000000000 0.000019479 -0.000101407 0.002398402 -0.000019468 1.000000000 0.000112648 -0.001091473 0.000101410 -0.000112646 1.000000000 -0.002195307
1.000000000 -0.000094866 -0.000123098 0.003082735 0.000094876 1.000000000 0.000075560 -0.001825921 0.000123091 -0.000075571 1.000000000 -0.003816134
1.000000000 -0.000163737 -0.000123672 0.001919954 0.000163746 1.000000000 0.000067997 0.000096448 0.000123661 -0.000068017 1.000000000 0.001831472
1.000000000 -0.000130116 -0.000107285 0.001748760 0.000130128 1.000000000 0.000107705 -0.002012679 0.000107271 -0.000107719 1.000000000 -0.004519629
1.000000000 -0.000011725 -0.000133094 0.004224107 0.000011743 1.000000000 0.000135425 -0.001267497 0.000133092 -0.000135427 1.000000000 -0.001640905
1.000000000 -0.000082238 -0.000168387 0.003798896 0.000082251 1.000000000 0.000078970 -0.001215837 0.000168380 -0.000078984 1.000000000 -0.002640569
1.000000000 -0.000143602 -0.000137492 0.003067569 0.000143614 1.000000000 0.000083847 -0.001564641 0.000137480 -0.000083867 1.000000000 -0.003386449
1.000000000 -0.000022318 -0.000142381 0.003287966 0.000022329 1.000000000 0.000078595 -0.000356410 0.000142379 -0.000078598 1.000000000 -0.000760328
1.000000000 -0.000067371 -0.000105494 0.003765123 0.000067378 1.000000000 0.000061191 -0.000380835 0.000105490 -0.000061198 1.000000000 -0.001179281
1.000000000 -0.000122819 -0.000154124 0.002446096 0.000122839 1.000000000 0.000129253 -0.000596142 0.000154108 -0.000129272 1.000000000 -0.002932595
1.000000000 -0.000193871 -0.000114985 0.002263571 0.000193881 1.000000000 0.000083989 -0.001595749 0.000114969 -0.000084011 1.000000000 -0.001175769
1.000000000 -0.000064050 -0.000176231 0.004709423 0.000064084 1.000000000 0.000190321 -0.002579672 0.000176218 -0.000190332 0.999999940 -0.004929371
0.999999940 -0.000201500 -0.000193214 0.005152911 0.000201523 1.000000000 0.000118828 -0.001394929 0.000193190 -0.000118867 1.000000000 -0.002793158
1.000000000 -0.000089030 -0.000162142 0.004150882 0.000089046 1.000000000 0.000100046 -0.000880725 0.000162133 -0.000100060 1.000000000 -0.003937046
1.000000000 -0.000075723 -0.000134110 0.003327088 0.000075735 1.000000000 0.000091702 -0.000701334 0.000134103 -0.000091713 1.000000000 -0.003329358
1.000000000 -0.000026860 -0.000106036 0.003263771 0.000026868 1.000000000 0.000072687 -0.000662135 0.000106034 -0.000072690 1.000000000 -0.003110900
1.000000000 -0.000056640 -0.000118271 0.002673385 0.000056652 1.000000000 0.000101820 -0.000496625 0.000118265 -0.000101827 1.000000000 -0.001345033
1.000000000 -0.000180367 -0.000158133 0.003115039 0.000180391 1.000000000 0.000152811 -0.002703243 0.000158105 -0.000152840 1.000000000 -0.003581797
1.000000000 -0.000147130 -0.000162545 0.003501220 0.000147147 1.000000000 0.000099771 -0.000646893 0.000162530 -0.000099795 1.000000000 -0.002296823
1.000000000 -0.000075518 -0.000169651 0.005650870 0.000075547 1.000000000 0.000169138 -0.001412174 0.000169638 -0.000169151 1.000000000 -0.005354383
1.000000000 -0.000152068 -0.000115450 0.002093101 0.000152081 1.000000000 0.000119126 -0.001587413 0.000115432 -0.000119144 1.000000000 -0.002475186
1.000000000 -0.000153572 -0.000180300 0.003375233 0.000153605 1.000000000 0.000183967 -0.001786913 0.000180272 -0.000183995 0.999999940 -0.004443305
1.000000000 -0.000033616 -0.000204537 0.005013530 0.000033625 1.000000000 0.000042947 -0.001507299 0.000204536 -0.000042954 1.000000000 -0.001812059
0.999999940 -0.000264328 -0.000051294 0.002381136 0.000264303 0.999999821 -0.000486016 -0.003231900 0.000051422 0.000486003 0.999999881 0.050158154
1.000000000 0.000045747 -0.000110416 0.004292290 -0.000045871 0.999999344 -0.001119762 -0.005779129 0.000110364 0.001119767 0.999999344 0.137926146
1.000000000 -0.000021025 -0.000008976 0.005338176 0.000021012 0.999998987 -0.001428709 -0.009035216 0.000009006 0.001428709 0.999998987 0.255252391
1.000000000 0.000051888 -0.000008416 0.008430255 -0.000051900 0.999998987 -0.001426271 -0.011836646 0.000008342 0.001426271 0.999998987 0.388133705
1.000000000 0.000060803 -0.000021724 0.010860210 -0.000060828 0.999999285 -0.001177300 -0.016847473 0.000021652 0.001177302 0.999999285 0.527217269
1.000000000 0.000150313 0.000068898 0.015115869 -0.000150246 0.999999523 -0.000977729 -0.024057621 -0.000069045 0.000977719 0.999999523 0.680261374
1.000000000 0.000030415 0.000107776 0.015663978 -0.000030320 0.999999642 -0.000876720 -0.027808946 -0.000107803 0.000876716 0.999999583 0.844873190
0.999999881 0.000400258 0.000249191 0.014862607 -0.000400087 0.999999702 -0.000685854 -0.028068732 -0.000249466 0.000685754 0.999999762 1.021004438
0.999999940 0.000328983 0.000040724 0.024354475 -0.000328961 0.999999821 -0.000555705 -0.036298938 -0.000040907 0.000555691 0.999999821 1.188346744
0.999999940 -0.000356599 0.000100997 0.029047130 0.000356537 0.999999702 0.000611893 -0.053298816 -0.000101215 -0.000611857 0.999999821 1.365579367
1.000000000 -0.000204010 -0.000075642 0.034612186 0.000204053 0.999999881 0.000562784 -0.055098932 0.000075527 -0.000562800 0.999999881 1.556463003
0.999999940 -0.000055647 0.000289878 0.030748788 0.000055517 0.999999881 0.000449290 -0.066980623 -0.000289903 -0.000449274 0.999999881 1.768939137
1.000000000 0.000037282 0.000089397 0.040059350 -0.000037331 0.999999821 0.000550435 -0.073355496 -0.000089376 -0.000550438 0.999999881 1.970311522
0.999999940 -0.000006120 0.000339624 0.040140156 0.000005919 0.999999821 0.000591162 -0.078161836 -0.000339628 -0.000591160 0.999999821 2.184183359
0.999999881 0.000368812 0.000316210 0.043951131 -0.000369050 0.999999642 0.000750727 -0.086063981 -0.000315933 -0.000750844 0.999999762 2.399368286
0.999999881 0.000436762 0.000178631 0.049495500 -0.000436938 0.999999404 0.000985136 -0.094782844 -0.000178201 -0.000985214 0.999999523 2.634548426
1.000000000 -0.000041551 -0.000005104 0.053223245 0.000041556 0.999999523 0.000961580 -0.099553630 0.000005064 -0.000961580 0.999999583 2.866563320
1.000000000 -0.000044941 0.000251332 0.057713438 0.000044673 0.999999523 0.001068731 -0.105611466 -0.000251380 -0.001068720 0.999999404 3.094632626
0.999999940 -0.000114025 0.000134287 0.063780800 0.000113890 0.999999523 0.001010220 -0.114736788 -0.000134402 -0.001010205 0.999999523 3.337110996
0.999999940 0.000068586 0.000332809 0.066077963 -0.000069068 0.999998927 0.001448886 -0.129885286 -0.000332710 -0.001448909 0.999998808 3.561467171
0.999999881 0.000374024 0.000272374 0.071190104 -0.000374472 0.999998569 0.001643535 -0.135935679 -0.000271758 -0.001643637 0.999998629 3.811856031
0.999999821 -0.000160422 0.000426523 0.077630430 0.000159718 0.999998569 0.001650011 -0.146034583 -0.000426787 -0.001649943 0.999998569 4.068665981
0.999999583 0.000145728 0.000875374 0.077988163 -0.000147187 0.999998569 0.001667033 -0.145149678 -0.000875130 -0.001667161 0.999998152 4.336313248
0.999999583 0.000052320 0.000873119 0.081880875 -0.000053703 0.999998748 0.001583552 -0.152384579 -0.000873035 -0.001583598 0.999998331 4.595407486
0.999999523 -0.000009720 0.000949311 0.091984242 0.000007899 0.999998152 0.001918397 -0.160385147 -0.000949328 -0.001918388 0.999997675 4.846158981
0.999999404 -0.001011478 0.000357234 0.104596555 0.001010665 0.999996901 0.002270130 -0.174229607 -0.000359529 -0.002269768 0.999997377 5.095913887
0.999999583 -0.000822725 0.000212156 0.109214060 0.000822286 0.999997497 0.002060559 -0.177456111 -0.000213851 -0.002060383 0.999997854 5.364702225
0.999999821 -0.000372530 0.000387816 0.113711387 0.000371671 0.999997497 0.002212246 -0.185485065 -0.000388639 -0.002212102 0.999997497 5.635356903
0.999999702 -0.000641361 0.000312205 0.124303520 0.000640628 0.999997020 0.002342301 -0.198245570 -0.000313707 -0.002342100 0.999997258 5.907463551
0.999999821 -0.000260790 0.000454076 0.120974734 0.000259499 0.999995947 0.002841579 -0.219704732 -0.000454815 -0.002841461 0.999995887 6.167041779
0.999999821 0.000176093 0.000563002 0.125633344 -0.000177753 0.999995649 0.002949063 -0.228781387 -0.000562481 -0.002949162 0.999995470 6.451792717
0.999999583 0.000318059 0.000844071 0.130897686 -0.000320590 0.999995470 0.003000388 -0.236448497 -0.000843113 -0.003000658 0.999995172 6.737083912
0.999999821 -0.000077223 0.000624604 0.139520988 0.000075392 0.999995708 0.002931828 -0.242866531 -0.000624828 -0.002931780 0.999995470 7.042688370
0.999999881 -0.000022191 0.000541910 0.142637506 0.000020705 0.999996245 0.002741837 -0.248048499 -0.000541969 -0.002741826 0.999996066 7.347005844
0.999999881 -0.000015057 0.000549789 0.153648138 0.000013495 0.999995947 0.002842051 -0.260166109 -0.000549829 -0.002842044 0.999995828 7.655029774
0.999999702 -0.000537082 0.000485137 0.163326934 0.000535605 0.999995232 0.003038683 -0.273174614 -0.000486766 -0.003038422 0.999995291 7.972994328
0.999999642 -0.000456264 0.000856675 0.161353305 0.000453446 0.999994636 0.003287756 -0.285571545 -0.000858170 -0.003287366 0.999994218 8.296795845
0.999999464 -0.000399567 0.000913531 0.174822107 0.000396391 0.999993920 0.003474726 -0.296940506 -0.000914914 -0.003474362 0.999993563 8.613753319
0.999999285 0.000293107 0.001198458 0.175155669 -0.000297224 0.999994099 0.003437059 -0.304239988 -0.001197444 -0.003437413 0.999993384 8.952342987
0.999999046 0.000224107 0.001332552 0.176844388 -0.000228616 0.999994218 0.003384053 -0.313994825 -0.001331786 -0.003384354 0.999993384 9.304547310
0.999998748 0.001024962 0.001187417 0.179129392 -0.001029222 0.999993026 0.003592633 -0.324673325 -0.001183727 -0.003593851 0.999992847 9.630023956
0.999997854 0.001433344 0.001495733 0.184106559 -0.001438544 0.999992967 0.003481517 -0.331374466 -0.001490732 -0.003483661 0.999992788 9.977948189
0.999998212 0.001292477 0.001344637 0.191128716 -0.001297131 0.999993145 0.003465823 -0.343824863 -0.001340148 -0.003467561 0.999993086 10.334517479
0.999999225 0.000626046 0.001088972 0.206458032 -0.000629968 0.999993324 0.003605490 -0.349578798 -0.001086708 -0.003606173 0.999992907 10.714732170
0.999999285 0.000489234 0.001101773 0.214024678 -0.000493481 0.999992430 0.003857392 -0.360286087 -0.001099878 -0.003857933 0.999992013 11.076736450
0.999998450 0.000746943 0.001561302 0.222764507 -0.000752782 0.999992669 0.003742337 -0.372870296 -0.001558495 -0.003743507 0.999991775 11.464694023
0.999998212 0.001046831 0.001549120 0.230878934 -0.001052743 0.999992192 0.003820526 -0.381009072 -0.001545108 -0.003822151 0.999991477 11.842629433
0.999998748 0.000644595 0.001449729 0.246089652 -0.000650533 0.999991417 0.004099378 -0.397769421 -0.001447074 -0.004100316 0.999990523 12.229454041
0.999998033 0.001143364 0.001645178 0.255051255 -0.001150069 0.999991059 0.004080451 -0.405456901 -0.001640497 -0.004082335 0.999990344 12.614564896
0.999998450 0.000574952 0.001615552 0.257617503 -0.000581451 0.999991655 0.004025019 -0.415430963 -0.001613224 -0.004025952 0.999990523 13.004793167
0.999997675 0.001085148 0.001815722 0.270858258 -0.001092670 0.999990702 0.004146981 -0.427733749 -0.001811206 -0.004148955 0.999989688 13.409510612
0.999997675 0.000960175 0.001927902 0.281125844 -0.000968644 0.999989808 0.004396535 -0.439157635 -0.001923661 -0.004398393 0.999988377 13.814320564
0.999997675 0.000616886 0.002022521 0.290742874 -0.000626088 0.999989450 0.004552062 -0.471191823 -0.002019690 -0.004553318 0.999987602 14.205726624
0.999996960 0.000955511 0.002214098 0.300058007 -0.000965341 0.999989569 0.004442970 -0.483832479 -0.002209829 -0.004445094 0.999987721 14.630910873
0.999997139 0.000338737 0.002373730 0.312257677 -0.000349842 0.999988973 0.004679709 -0.493194848 -0.002372118 -0.004680526 0.999986231 15.058458328
0.999997556 -0.000187387 0.002184161 0.332569897 0.000176232 0.999986887 0.005106739 -0.525929570 -0.002185089 -0.005106341 0.999984562 15.462454796
0.999996424 0.000080184 0.002681377 0.339401901 -0.000093672 0.999987364 0.005030575 -0.535970688 -0.002680940 -0.005030808 0.999983728 15.905086517
0.999994457 0.000608958 0.003291433 0.349801719 -0.000626613 0.999985337 0.005365428 -0.547530532 -0.003288118 -0.005367459 0.999980152 16.354404449
0.999995708 -0.000280736 0.002913492 0.363353044 0.000264849 0.999985099 0.005451932 -0.573960602 -0.002914979 -0.005451137 0.999980867 16.781021118
0.999995291 -0.000408185 0.003037161 0.375473142 0.000391522 0.999984860 0.005484856 -0.584621906 -0.003039355 -0.005483641 0.999980330 17.242733002
0.999993622 -0.000420938 0.003557053 0.387110114 0.000400096 0.999982774 0.005858136 -0.595618784 -0.003559458 -0.005856676 0.999976516 17.704219818
0.999993563 -0.000358544 0.003560962 0.400933355 0.000337647 0.999982655 0.005867348 -0.615824819 -0.003563003 -0.005866108 0.999976456 18.127115250
0.999991298 0.000434011 0.004140736 0.407895088 -0.000458881 0.999981761 0.006007238 -0.624218464 -0.004138054 -0.006009086 0.999973416 18.601284027
0.999993622 -0.000249247 0.003570612 0.427588195 0.000227746 0.999981821 0.006020689 -0.638684452 -0.003572048 -0.006019838 0.999975502 19.070301056
0.999992251 -0.001261600 0.003721482 0.441600472 0.001237698 0.999978662 0.006417891 -0.671630263 -0.003729500 -0.006413234 0.999972463 19.557910919
0.999992728 -0.000873745 0.003708414 0.457623422 0.000849517 0.999978364 0.006529785 -0.684721947 -0.003714039 -0.006526587 0.999971807 20.035591125
0.999992669 -0.001424761 0.003563212 0.473475456 0.001400206 0.999975383 0.006884426 -0.699029624 -0.003572932 -0.006879386 0.999969959 20.517553329
0.999994099 -0.001208422 0.003254800 0.487827837 0.001186470 0.999976575 0.006738130 -0.725418091 -0.003262867 -0.006734226 0.999971986 21.032281876
0.999995470 -0.001268638 0.002732081 0.495797932 0.001250096 0.999976218 0.006777898 -0.731201351 -0.002740615 -0.006774452 0.999973297 21.546108246
0.999996364 -0.000685787 0.002618226 0.498959422 0.000667163 0.999974489 0.007107796 -0.750608444 -0.002623034 -0.007106023 0.999971271 22.052486420
0.999996126 -0.002030936 0.001917922 0.510056853 0.002016537 0.999970019 0.007479815 -0.780831456 -0.001933055 -0.007475919 0.999970198 22.547897339
0.999996662 -0.002274083 0.001277029 0.524223685 0.002264355 0.999968827 0.007568162 -0.789632142 -0.001294200 -0.007565245 0.999970555 23.064437866
0.999997616 -0.001971910 0.000943193 0.521099329 0.001964774 0.999969840 0.007508515 -0.808568835 -0.000957971 -0.007506645 0.999971390 23.564298630
0.999996066 -0.002709162 0.000663894 0.528460443 0.002704276 0.999970019 0.007252246 -0.824202716 -0.000683522 -0.007250423 0.999973476 24.078233719
0.999998331 -0.001794305 0.000181998 0.522221148 0.001792916 0.999971271 0.007360290 -0.825668812 -0.000195200 -0.007359951 0.999972880 24.610528946
0.999997258 -0.002216017 -0.000743651 0.540200055 0.002221653 0.999968112 0.007665382 -0.842445493 0.000726641 -0.007667013 0.999970317 25.144735336
0.999998152 -0.001295537 -0.001417910 0.545004725 0.001307168 0.999965250 0.008232464 -0.856548905 0.001407195 -0.008234303 0.999965072 25.657285690
0.999998152 -0.001398417 -0.001339073 0.550576925 0.001409352 0.999965489 0.008200594 -0.867088914 0.001327558 -0.008202465 0.999965489 26.204198837
0.999995291 -0.002244917 -0.002098575 0.552611470 0.002263753 0.999956787 0.009016752 -0.886629105 0.002078243 -0.009021459 0.999957144 26.740114212
0.999993622 -0.002174983 -0.002825525 0.572117686 0.002200228 0.999957442 0.008962343 -0.906394660 0.002805911 -0.008968502 0.999955893 27.288990021
0.999995351 -0.001358742 -0.002739715 0.564294755 0.001383056 0.999959528 0.008892485 -0.914056301 0.002727522 -0.008896233 0.999956727 27.803627014
0.999992669 -0.001504503 -0.003528682 0.574890018 0.001535752 0.999959469 0.008869631 -0.924041152 0.003515194 -0.008874984 0.999954462 28.347080231
0.999991894 -0.001641583 -0.003680294 0.584828854 0.001673975 0.999959767 0.008815485 -0.931586027 0.003665675 -0.008821575 0.999954283 28.881431580
0.999990523 -0.001883657 -0.003917329 0.594392896 0.001917650 0.999960363 0.008691953 -0.944984496 0.003900801 -0.008699383 0.999954522 29.418930054
0.999988556 -0.002067631 -0.004316160 0.603271961 0.002108612 0.999952495 0.009511737 -0.974264860 0.004296288 -0.009520729 0.999945462 29.933469772
0.999987602 -0.001955696 -0.004597231 0.616203070 0.001997732 0.999956131 0.009156929 -0.985773623 0.004579121 -0.009165999 0.999947488 30.487798691
0.999988973 -0.001435607 -0.004470915 0.611275434 0.001477869 0.999954045 0.009463564 -0.987823606 0.004457123 -0.009470068 0.999945223 31.019435883
0.999983490 -0.002111827 -0.005344568 0.636074424 0.002161915 0.999953568 0.009383393 -1.003747582 0.005324504 -0.009394796 0.999941707 31.558666229
0.999983132 -0.002022462 -0.005455992 0.649259686 0.002073383 0.999954164 0.009343646 -1.019576073 0.005436845 -0.009354802 0.999941468 32.093944550
0.999984801 -0.001735443 -0.005235077 0.627942801 0.001785911 0.999951839 0.009651107 -1.028279066 0.005218076 -0.009660310 0.999939680 32.612560272
0.999982834 -0.001908315 -0.005554528 0.638226986 0.001962611 0.999950171 0.009786126 -1.044723749 0.005535577 -0.009796858 0.999936700 33.151832581
0.999980211 -0.002346013 -0.005852539 0.643991292 0.002404183 0.999947667 0.009952107 -1.055767417 0.005828885 -0.009965979 0.999933362 33.691261292
0.999981165 -0.001811621 -0.005856367 0.647123158 0.001870444 0.999947727 0.010054464 -1.069973469 0.005837845 -0.010065228 0.999932289 34.229663849
0.999974549 -0.002716399 -0.006592351 0.672604024 0.002783902 0.999943614 0.010252216 -1.068441868 0.006564130 -0.010270309 0.999925733 34.816890717
0.999985754 -0.000954149 -0.005243388 0.652926803 0.001007859 0.999947011 0.010250289 -1.090104103 0.005233330 -0.010255428 0.999933660 35.337802887
0.999982476 -0.001687654 -0.005678260 0.671157479 0.001746603 0.999944508 0.010392557 -1.099987984 0.005660405 -0.010402292 0.999929786 35.867694855
0.999981880 -0.001405394 -0.005870205 0.660548508 0.001464739 0.999947667 0.010117566 -1.118395090 0.005855680 -0.010125982 0.999931514 36.368751526
0.999977410 -0.001870855 -0.006455602 0.667876601 0.001937474 0.999944746 0.010328686 -1.130510092 0.006435922 -0.010340959 0.999925852 36.906715393
0.999975145 -0.001661487 -0.006844833 0.678368807 0.001730842 0.999947071 0.010139054 -1.143975496 0.006827625 -0.010150650 0.999925077 37.452129364
0.999977708 -0.001640878 -0.006469497 0.679193437 0.001711361 0.999939024 0.010904304 -1.167508602 0.006451211 -0.010915132 0.999919593 37.978126526
0.999976635 -0.001386871 -0.006687252 0.701600015 0.001457966 0.999942243 0.010638331 -1.159289360 0.006672113 -0.010647832 0.999920964 38.582305908
0.999975860 -0.001814850 -0.006696706 0.703008056 0.001888484 0.999937594 0.011005707 -1.200632691 0.006676314 -0.011018089 0.999917030 39.073291779
0.999970436 -0.002124286 -0.007387555 0.718259096 0.002206910 0.999934912 0.011194156 -1.214804411 0.007363294 -0.011210129 0.999910116 39.614646912
0.999975860 -0.001516527 -0.006779687 0.725162387 0.001593855 0.999933541 0.011414981 -1.233088613 0.006761925 -0.011425513 0.999911904 40.168403625
0.999972939 -0.002119889 -0.007042776 0.735875130 0.002199136 0.999934137 0.011263736 -1.246943951 0.007018434 -0.011278919 0.999911726 40.715221405
0.999974132 -0.001600103 -0.007001033 0.752771139 0.001681862 0.999930382 0.011688020 -1.272162199 0.006981843 -0.011699492 0.999907136 41.240718842
0.999970913 -0.001808833 -0.007399619 0.767355204 0.001893316 0.999932945 0.011426233 -1.281699181 0.007378454 -0.011439911 0.999907315 41.790321350
0.999970317 -0.001463761 -0.007561455 0.780056179 0.001549531 0.999934375 0.011349688 -1.290916443 0.007544346 -0.011361068 0.999907017 42.322483063
0.999965310 -0.002105020 -0.008052134 0.789086580 0.002205812 0.999919116 0.012529065 -1.303703785 0.008025108 -0.012546394 0.999889135 42.855243683
0.999968290 -0.002186622 -0.007655933 0.798382282 0.002280045 0.999922752 0.012215316 -1.331370115 0.007628631 -0.012232384 0.999896109 43.395553589
0.999968469 -0.001864750 -0.007709853 0.820031404 0.001957206 0.999925971 0.012001838 -1.344104767 0.007686902 -0.012016551 0.999898255 43.957530975
0.999967337 -0.001825065 -0.007870693 0.824237704 0.001920239 0.999924958 0.012101600 -1.349833727 0.007848016 -0.012116319 0.999895751 44.480880737
0.999969244 -0.001379207 -0.007715534 0.828544497 0.001470395 0.999929011 0.011825590 -1.359370470 0.007698676 -0.011836572 0.999900341 45.031845093
0.999966919 -0.001653749 -0.007964741 0.841893613 0.001751287 0.999923348 0.012254879 -1.371533394 0.007943865 -0.012268424 0.999893188 45.556518555
0.999963045 -0.001848966 -0.008383148 0.858543754 0.001949411 0.999926209 0.011989393 -1.374534488 0.008360362 -0.012005293 0.999892950 46.095218658
0.999961436 -0.002161064 -0.008510605 0.868044615 0.002271015 0.999913812 0.012930813 -1.402436972 0.008481927 -0.012949643 0.999880195 46.634250641
0.999962866 -0.001919558 -0.008400911 0.876872063 0.002030622 0.999910414 0.013232040 -1.419635534 0.008374760 -0.013248610 0.999877214 47.160217285
0.999961793 -0.001684425 -0.008580430 0.894958079 0.001790780 0.999921620 0.012402471 -1.417805910 0.008558866 -0.012417365 0.999886274 47.704627991
0.999961197 -0.002041335 -0.008567723 0.904637814 0.002146914 0.999921679 0.012331776 -1.433384538 0.008541878 -0.012349694 0.999887228 48.250862122
0.999958932 -0.002311374 -0.008770383 0.911372542 0.002418291 0.999922633 0.012199630 -1.443271995 0.008741506 -0.012220337 0.999887109 48.801315308
0.999957144 -0.002223693 -0.008985859 0.929177403 0.002334332 0.999921381 0.012320898 -1.457142830 0.008957753 -0.012341348 0.999883711 49.359283447
0.999960065 -0.002119708 -0.008681038 0.929937840 0.002230974 0.999915242 0.012827600 -1.460472345 0.008653112 -0.012846457 0.999880016 49.878559113
0.999960661 -0.001972408 -0.008646754 0.927489400 0.002083042 0.999915838 0.012804657 -1.493770719 0.008620768 -0.012822165 0.999880612 50.401542664
0.999964356 -0.001263672 -0.008352703 0.926612318 0.001368817 0.999919713 0.012594433 -1.502059698 0.008336117 -0.012605418 0.999885798 50.946174622
0.999960423 -0.001558690 -0.008761273 0.945454836 0.001674921 0.999910414 0.013274837 -1.522846222 0.008739798 -0.013288986 0.999873459 51.499847412
0.999960363 -0.001521206 -0.008771776 0.945935130 0.001634428 0.999915183 0.012914812 -1.519757271 0.008751387 -0.012928639 0.999878109 52.047771454
0.999959528 -0.001666587 -0.008837898 0.954751730 0.001781717 0.999913454 0.013035008 -1.522066116 0.008815411 -0.013050226 0.999875963 52.548889160
0.999959767 -0.001507721 -0.008836947 0.960934043 0.001622825 0.999913812 0.013032621 -1.530678988 0.008816537 -0.013046437 0.999876022 53.101264954
0.999961436 -0.001574007 -0.008634062 0.964117169 0.001686334 0.999913812 0.013017956 -1.545863032 0.008612829 -0.013032016 0.999877930 53.638484955
0.999964654 -0.000540596 -0.008395787 0.975015998 0.000648346 0.999917448 0.012836434 -1.545080423 0.008388155 -0.012841424 0.999882281 54.201702118
0.999958992 -0.001529303 -0.008927807 0.991226017 0.001645258 0.999914169 0.012995246 -1.568580151 0.008907168 -0.013009400 0.999875665 54.713493347
0.999959767 -0.001766300 -0.008793673 0.986399829 0.001880842 0.999913275 0.013034340 -1.570059180 0.008769890 -0.013050353 0.999876380 55.243366241
0.999961615 -0.001289467 -0.008668103 0.990616798 0.001403206 0.999912858 0.013128233 -1.574684858 0.008650422 -0.013139891 0.999876201 55.791645050
0.999961019 -0.001835287 -0.008639093 1.001577854 0.001951579 0.999907315 0.013471875 -1.591263533 0.008613569 -0.013488208 0.999871969 56.336658478
0.999962151 -0.001454307 -0.008579975 1.015552282 0.001568904 0.999909401 0.013364743 -1.607582569 0.008559763 -0.013377697 0.999873877 56.853610992
0.999959409 -0.001913891 -0.008803965 1.008530140 0.002033538 0.999905407 0.013601402 -1.604422808 0.008777102 -0.013618753 0.999868691 57.454319000
0.999961078 -0.001815096 -0.008629682 1.027263165 0.001930325 0.999908864 0.013363084 -1.625496745 0.008604641 -0.013379223 0.999873459 57.947017670
0.999962330 -0.001690782 -0.008522213 1.033644080 0.001805953 0.999906957 0.013524651 -1.633533955 0.008498551 -0.013539530 0.999872208 58.501296997
0.999962926 -0.001332197 -0.008504625 1.042610168 0.001446273 0.999908805 0.013421432 -1.647593498 0.008485971 -0.013433235 0.999873698 59.006946564
0.999957681 -0.002058118 -0.008976069 1.055043459 0.002176432 0.999910593 0.013191232 -1.645499229 0.008948117 -0.013210208 0.999872684 59.590766907
0.999963939 -0.000955722 -0.008436404 1.041482091 0.001066790 0.999912679 0.013170621 -1.655393600 0.008423080 -0.013179148 0.999877632 60.120899200
0.999968767 -0.001106383 -0.007818546 1.033375740 0.001213668 0.999904990 0.013730492 -1.701410532 0.007802613 -0.013739551 0.999875188 60.608116150
0.999964416 -0.000849771 -0.008385506 1.082663059 0.000968289 0.999899566 0.014139769 -1.685027242 0.008372648 -0.014147388 0.999864817 61.180202484
0.999967158 -0.001268311 -0.008008713 1.062178254 0.001378995 0.999903381 0.013830075 -1.726092100 0.007990398 -0.013840665 0.999872327 61.686443329
0.999955773 -0.002661051 -0.009009087 1.081642509 0.002790066 0.999893308 0.014338512 -1.736811280 0.008969972 -0.014363014 0.999856651 62.228401184
0.999964118 -0.001923806 -0.008245095 1.108784914 0.002040682 0.999897182 0.014190231 -1.750205040 0.008216947 -0.014206547 0.999865353 62.750915527
0.999966621 -0.001822687 -0.007959482 1.073230624 0.001937506 0.999893785 0.014441601 -1.762468219 0.007932315 -0.014456541 0.999864042 63.376365662
0.999973059 -0.001267061 -0.007221723 1.015568614 0.001372921 0.999891400 0.014672475 -1.796784878 0.007202347 -0.014681996 0.999866307 63.947650909
0.999961317 -0.001554125 -0.008672030 1.081525087 0.001678942 0.999894857 0.014404330 -1.775828600 0.008648734 -0.014418332 0.999858558 64.321037292
0.999967635 -0.001916594 -0.007820561 0.996883869 0.002032729 0.999887347 0.014869118 -1.813588381 0.007791182 -0.014884532 0.999858916 65.024162292
0.999964356 -0.001239654 -0.008351880 1.090864182 0.001361091 0.999893188 0.014550206 -1.796506405 0.008332950 -0.014561052 0.999859214 65.409675598
0.999963939 -0.001144349 -0.008413203 1.095413685 0.001262280 0.999900818 0.014025387 -1.799530745 0.008396319 -0.014035502 0.999866247 65.967597961
0.999962449 -0.001096540 -0.008593959 1.104937553 0.001216692 0.999901354 0.013988282 -1.809936047 0.008577772 -0.013998211 0.999865234 66.498443604
0.999958158 -0.001873789 -0.008951764 1.121126175 0.002000974 0.999896884 0.014220044 -1.819674134 0.008924192 -0.014237364 0.999858797 67.038597107
0.999965847 -0.001083316 -0.008205649 1.117786884 0.001201198 0.999895930 0.014374679 -1.837083340 0.008189227 -0.014384045 0.999863029 67.604591370
0.999963164 -0.001617079 -0.008420070 1.120404243 0.001736504 0.999897718 0.014195362 -1.818937540 0.008396253 -0.014209464 0.999863744 68.195564270
0.999972105 -0.000341454 -0.007460048 1.130394697 0.000453208 0.999887586 0.014983735 -1.858835816 0.007454095 -0.014986699 0.999859929 68.702804565
0.999968350 -0.000867280 -0.007906875 1.150633812 0.000985372 0.999887824 0.014943752 -1.869582891 0.007893028 -0.014951070 0.999857128 69.265502930
0.999963701 -0.001233039 -0.008427520 1.146044016 0.001359390 0.999886513 0.015003357 -1.877129674 0.008408066 -0.015014270 0.999851942 69.767646790
0.999966919 -0.000791777 -0.008086529 1.129584074 0.000908056 0.999896109 0.014385804 -1.861390591 0.008074299 -0.014392673 0.999863863 70.329917908
0.999963045 -0.001627321 -0.008433309 1.167097569 0.001753781 0.999885738 0.015009676 -1.893866777 0.008407923 -0.015023911 0.999851823 70.840522766
0.999964714 -0.001146832 -0.008317409 1.159041643 0.001269680 0.999889910 0.014779797 -1.901968837 0.008299546 -0.014789835 0.999856114 71.403953552
0.999960423 -0.001711969 -0.008724038 1.179669976 0.001839859 0.999890625 0.014672545 -1.900354862 0.008697963 -0.014688015 0.999854267 71.903373718
0.999965906 -0.001123696 -0.008175030 1.159205437 0.001241680 0.999894977 0.014441414 -1.910182118 0.008157943 -0.014451073 0.999862254 72.529968262
0.999967575 -0.001196091 -0.007964240 1.178587675 0.001314007 0.999889374 0.014816987 -1.927838445 0.007945634 -0.014826974 0.999858499 73.064407349
0.999966741 -0.001317598 -0.008051112 1.185727596 0.001437683 0.999887526 0.014927689 -1.938086510 0.008030540 -0.014938767 0.999856174 73.616256714
0.999968946 -0.000840594 -0.007854218 1.188952804 0.000954138 0.999894917 0.014463937 -1.943960428 0.007841235 -0.014470980 0.999864519 74.165954590
0.999969721 -0.001077793 -0.007703047 1.196416616 0.001194230 0.999884844 0.015127013 -1.958383799 0.007685858 -0.015135756 0.999855936 74.691955566
0.999965966 -0.002089940 -0.007980250 1.205721498 0.002208866 0.999886215 0.014922898 -1.961852908 0.007948155 -0.014940019 0.999856830 75.247856140
0.999969304 -0.000914801 -0.007784390 1.220290422 0.001036332 0.999877393 0.015622462 -1.979399562 0.007769146 -0.015630050 0.999847651 75.762741089
0.999971807 -0.000470143 -0.007507811 1.212018371 0.000583149 0.999886453 0.015056594 -1.981351495 0.007499880 -0.015060546 0.999858379 76.329299927
0.999974191 -0.000596709 -0.007157136 1.225641966 0.000705508 0.999884069 0.015208615 -1.986156821 0.007147232 -0.015213273 0.999858737 76.874168396
0.999972105 -0.000599001 -0.007436355 1.214441538 0.000712386 0.999883413 0.015254036 -1.998884797 0.007426351 -0.015258907 0.999855936 77.422744751
0.999974608 -0.000885489 -0.007067062 1.220950127 0.000994239 0.999880970 0.015399595 -2.005715370 0.007052584 -0.015406230 0.999856412 77.969543457
0.999972761 -0.001204663 -0.007272189 1.228575706 0.001314383 0.999885023 0.015101750 -2.009235382 0.007253161 -0.015110898 0.999859452 78.522979736
0.999974847 -0.000716736 -0.007058676 1.238492966 0.000825052 0.999881744 0.015354226 -2.022801638 0.007046838 -0.015359664 0.999857187 79.067367554
0.999976516 -0.000357154 -0.006832780 1.239602327 0.000460887 0.999884605 0.015186146 -2.029541016 0.006826568 -0.015188939 0.999861360 79.619964600
0.999978960 -0.000534986 -0.006461052 1.246253848 0.000633284 0.999883950 0.015221431 -2.034647226 0.006452159 -0.015225201 0.999863267 80.182411194
0.999988079 0.000054437 -0.004864691 1.249568105 0.000018662 0.999887049 0.015025147 -2.038868189 0.004864959 -0.015025060 0.999875307 80.735977173
0.999993026 0.000352247 -0.003712398 1.258725405 -0.000296570 0.999887586 0.014987263 -2.046770096 0.003717261 -0.014986057 0.999880791 81.283287048
0.999997914 0.000097793 -0.002009850 1.272475123 -0.000067834 0.999888957 0.014900449 -2.054345608 0.002011084 -0.014900285 0.999886930 81.829788208
0.999998569 0.000500565 0.001626061 1.286987901 -0.000524485 0.999891162 0.014743054 -2.061570168 -0.001618504 -0.014743887 0.999889910 82.374450684
0.999986529 -0.000436648 0.005179512 1.309913635 0.000360157 0.999890924 0.014759627 -2.072935104 -0.005185393 -0.014757561 0.999877632 82.912338257
0.999963045 0.000396849 0.008587431 1.327193856 -0.000525892 0.999886870 0.015030026 -2.077185631 -0.008580496 -0.015033987 0.999850154 83.457771301
0.999918461 -0.000376020 0.012765419 1.365576625 0.000187899 0.999891400 0.014734765 -2.088143349 -0.012769572 -0.014731162 0.999809861 83.963615417
0.999814868 0.000491661 0.019234594 1.380145073 -0.000779990 0.999887347 0.014985493 -2.088786602 -0.019225059 -0.014997722 0.999702692 84.562759399
0.999686599 0.000747463 0.025022853 1.407687664 -0.001114627 0.999891818 0.014662422 -2.094610691 -0.025009189 -0.014685716 0.999579370 85.112037659
0.999531567 0.000700014 0.030596390 1.450895548 -0.001149639 0.999891520 0.014680221 -2.104210377 -0.030582793 -0.014708518 0.999423981 85.678222656
0.999262929 0.001027251 0.038373344 1.489646196 -0.001581987 0.999894679 0.014428720 -2.105525970 -0.038354471 -0.014478792 0.999159276 86.249359131
0.998935819 0.000702216 0.046116043 1.537557125 -0.001353962 0.999899685 0.014103028 -2.113579988 -0.046101511 -0.014150459 0.998836517 86.803634644
0.998575926 0.000056664 0.053349148 1.585895777 -0.000849727 0.999889493 0.014842942 -2.123565197 -0.053342402 -0.014867137 0.998465598 87.345039368
0.998076022 -0.000242168 0.062003445 1.640982389 -0.000651629 0.999896169 0.014394653 -2.124450207 -0.062000483 -0.014407360 0.997972131 87.885047913
0.997384906 -0.000073554 0.072271854 1.704574585 -0.000958227 0.999898076 0.014241610 -2.134504557 -0.072265528 -0.014273621 0.997283280 88.421249390
0.996712387 -0.000084028 0.081020758 1.767495632 -0.001098792 0.999893486 0.014554278 -2.147157431 -0.081013359 -0.014595453 0.996606171 88.958511353
0.996011376 0.000234323 0.089227222 1.821897507 -0.001527485 0.999894798 0.014424903 -2.144513130 -0.089214467 -0.014503658 0.995906830 89.536087036
0.995021343 0.000290797 0.099661678 1.899626732 -0.001737732 0.999894321 0.014431963 -2.149943113 -0.099646933 -0.014533296 0.994916737 90.075668335
0.993911803 -0.000396638 0.110177301 1.988324165 -0.001228287 0.999891460 0.014680008 -2.170290470 -0.110171176 -0.014725965 0.993803561 90.597312927
0.992879629 -0.000981137 0.119117737 2.076151848 -0.000727332 0.999897420 0.014298367 -2.171107769 -0.119119555 -0.014283195 0.992777169 91.146064758
0.991534948 -0.001374595 0.129832312 2.172267914 -0.000471970 0.999899209 0.014190862 -2.178425789 -0.129838705 -0.014132014 0.991434395 91.683876038
0.989888251 -0.001445790 0.141842097 2.276388168 -0.000609529 0.999895394 0.014445680 -2.192317963 -0.141848117 -0.014386065 0.989783883 92.215179443
0.988198996 -0.001451305 0.153168678 2.380907059 -0.000699912 0.999901891 0.013989908 -2.195088863 -0.153173938 -0.013932019 0.988100946 92.763656616
0.986580729 -0.001990755 0.163262054 2.492733002 -0.000334866 0.999898851 0.014215957 -2.204927683 -0.163273856 -0.014079859 0.986480296 93.291366577
0.984338105 -0.002179800 0.176277250 2.611030579 -0.000303270 0.999901116 0.014057995 -2.211661816 -0.176290467 -0.013891279 0.984240115 93.821022034
0.982039630 -0.002674541 0.188655689 2.732007027 0.000017089 0.999900699 0.014086471 -2.216571331 -0.188674659 -0.013830249 0.981942177 94.350372314
0.980093062 -0.003536569 0.198507220 2.866029739 0.000797839 0.999903440 0.013874914 -2.224083900 -0.198537081 -0.013440330 0.980001211 94.879859924
0.977304101 -0.003111489 0.211818561 2.999397278 0.000186183 0.999904454 0.013828975 -2.231822014 -0.211841345 -0.013475676 0.977211118 95.406295776
0.974438131 -0.003938127 0.224621162 3.154481888 0.000871974 0.999905050 0.013747902 -2.230633736 -0.224653974 -0.013200616 0.974349201 95.962570190
0.971809328 -0.004369293 0.235727713 3.304773331 0.001223671 0.999908268 0.013488943 -2.238973141 -0.235765025 -0.012820227 0.971725523 96.498992920
0.968765318 -0.004720613 0.247934505 3.466243744 0.001421363 0.999908090 0.013484255 -2.245866776 -0.247975335 -0.012710672 0.968682945 97.027763367
0.965088010 -0.004543002 0.261886179 3.634670258 0.001014076 0.999906898 0.013608611 -2.253745079 -0.261923581 -0.012867936 0.965002835 97.566947937
0.961744249 -0.004851718 0.273906082 3.809549332 0.001256662 0.999910772 0.013299073 -2.262590170 -0.273946166 -0.012446097 0.961664557 98.080322266
0.958401859 -0.005473794 0.285369486 3.986976624 0.001683851 0.999907076 0.013524498 -2.265448809 -0.285417020 -0.012481385 0.958322108 98.608161926
0.954091012 -0.004413533 0.299484253 4.183515549 0.000217355 0.999901354 0.014043215 -2.279550791 -0.299516648 -0.013333410 0.953997970 99.143379211
0.949624062 -0.005390562 0.313344777 4.373958588 0.001216862 0.999907970 0.013513882 -2.275849342 -0.313388824 -0.012451809 0.949543238 99.693161011
0.945717990 -0.005529864 0.324941367 4.568506241 0.001172535 0.999906778 0.013603874 -2.280642986 -0.324986249 -0.012484423 0.945636332 100.217559814
0.941403687 -0.006009174 0.337228805 4.785591125 0.001549535 0.999907792 0.013491975 -2.288058758 -0.337278813 -0.012178846 0.941326022 100.733810425
0.936279476 -0.006231611 0.351200551 5.001028061 0.001607471 0.999908090 0.013456687 -2.297313690 -0.351252288 -0.012034677 0.936203539 101.238227844
0.931617260 -0.006991646 0.363373697 5.225362778 0.002169958 0.999904156 0.013675746 -2.303456306 -0.363434464 -0.011952053 0.931543112 101.753967285
0.927350700 -0.007154968 0.374124885 5.449953079 0.002283295 0.999906719 0.013463113 -2.309101582 -0.374186397 -0.011630788 0.927280605 102.268226624
0.921764076 -0.007141587 0.387685478 5.683736801 0.002132761 0.999908566 0.013348530 -2.310113668 -0.387745410 -0.011477355 0.921695054 102.776023865
0.916172028 -0.007607067 0.400713116 5.927528381 0.002569931 0.999910831 0.013106362 -2.314526558 -0.400776953 -0.010977877 0.916109979 103.271255493
0.911336243 -0.008577602 0.411573321 6.182678223 0.003536188 0.999909103 0.013009023 -2.321020603 -0.411647618 -0.010400193 0.911283791 103.773689270
0.904791296 -0.008221940 0.425775826 6.436485291 0.002938091 0.999910295 0.013065193 -2.327470303 -0.425845087 -0.010570303 0.904734373 104.265441895
0.897967756 -0.008328659 0.439982325 6.706909180 0.002902470 0.999911189 0.013004148 -2.326065779 -0.440051556 -0.010400272 0.897912264 104.775634766
0.892207384 -0.009469975 0.451526523 6.985366821 0.003829127 0.999902844 0.013404926 -2.340480804 -0.451609612 -0.010231021 0.892157018 105.241371155
0.886487484 -0.009799558 0.462648720 7.266555786 0.004124394 0.999903321 0.013276568 -2.342625380 -0.462734073 -0.009861362 0.886442304 105.751640320
0.879195213 -0.010002181 0.476356566 7.551467896 0.004324069 0.999905884 0.013014493 -2.345639706 -0.476441950 -0.009382482 0.879155815 106.248146057
