1.000000000 0.000000000 0.000000000 0.000000000 0.000000000 1.000000000 0.000000000 0.000000000 0.000000000 0.000000000 1.000000000 0.000000000
1.000000000 0.000085633 0.000062099 -0.000584960 -0.000085641 1.000000000 0.000135180 -0.000334982 -0.000062087 -0.000135186 1.000000000 0.000106092
1.000000000 0.000064131 0.000095515 -0.001111486 -0.000064130 1.000000000 -0.000013647 0.000600368 -0.000095516 0.000013641 1.000000000 -0.000102046
1.000000000 0.000060351 0.000019448 -0.000309028 -0.000060352 1.000000000 0.000043985 -0.000503142 -0.000019446 -0.000043986 1.000000000 -0.000068802
1.000000000 0.000092148 0.000204235 -0.001306119 -0.000092155 1.000000000 0.000031407 0.000114788 -0.000204232 -0.000031426 1.000000000 0.000549704
1.000000000 -0.000140034 -0.000025157 0.000132676 0.000140034 1.000000000 0.000015245 -0.000034464 0.000025155 -0.000015248 1.000000000 0.000162908
1.000000000 0.000041731 0.000111653 -0.001435599 -0.000041743 1.000000000 0.000106122 -0.000612148 -0.000111648 -0.000106127 1.000000000 -0.000746557
1.000000000 0.000037999 0.000095598 -0.001080274 -0.000037999 1.000000000 0.000004060 -0.000098540 -0.000095598 -0.000004064 1.000000000 -0.000230648
1.000000000 0.000047447 0.000154890 -0.001354793 -0.000047455 1.000000000 0.000048366 -0.001085433 -0.000154887 -0.000048373 1.000000000 -0.000468689
1.000000000 0.000073082 0.000142074 -0.001939808 -0.000073108 1.000000000 0.000179021 -0.000948356 -0.000142061 -0.000179032 1.000000000 0.000630850
1.000000000 0.000064815 0.000134032 -0.001206399 -0.000064827 1.000000000 0.000088147 -0.000550769 -0.000134026 -0.000088155 1.000000000 -0.000418854
1.000000000 0.000098710 0.000157955 -0.001395103 -0.000098724 1.000000000 0.000091372 -0.001367726 -0.000157946 -0.000091387 1.000000000 -0.000408413
1.000000000 0.000009722 0.000140589 -0.001122553 -0.000009731 1.000000000 0.000062263 0.000607007 -0.000140588 -0.000062265 1.000000000 0.000423695
1.000000000 0.000096190 0.000128494 -0.001631950 -0.000096180 1.000000000 -0.000074570 0.000848981 -0.000128502 0.000074557 1.000000000 -0.000004847
1.000000000 0.000163676 0.000117081 -0.000722858 -0.000163674 1.000000000 -0.000014641 0.001417095 -0.000117083 0.000014622 1.000000000 0.001194529
0.999999940 0.000188924 0.000173559 -0.001429611 -0.000188923 1.000000000 -0.000010766 0.000785148 -0.000173561 0.000010733 1.000000000 0.001911265
0.999999940 0.000321077 0.000191160 -0.002144397 -0.000321081 0.999999940 0.000020447 0.000416498 -0.000191153 -0.000020509 1.000000000 0.001877244
0.999999940 0.000182806 0.000226639 -0.001559277 -0.000182810 1.000000000 0.000017653 0.000941372 -0.000226635 -0.000017694 1.000000000 0.002623709
0.999999940 0.000209482 0.000265648 -0.002387157 -0.000209459 1.000000000 -0.000083059 0.001668070 -0.000265665 0.000083003 0.999999940 0.001519248
0.999999940 0.000273472 0.000237499 -0.002644648 -0.000273480 0.999999940 0.000035434 0.000581733 -0.000237489 -0.000035499 1.000000000 0.002373806
0.999999940 0.000274636 0.000182812 -0.002525839 -0.000274624 0.999999940 -0.000063915 0.001797012 -0.000182830 0.000063865 1.000000000 0.002299489
0.999999940 0.000324812 0.000185307 -0.002229909 -0.000324802 0.999999940 -0.000056998 0.001622981 -0.000185325 0.000056938 1.000000000 0.002792072
0.999999940 0.000263597 0.000267144 -0.002857035 -0.000263603 0.999999940 0.000021505 0.001472171 -0.000267138 -0.000021575 0.999999940 0.002517657
0.999999881 0.000403890 0.000209952 -0.002641594 -0.000403890 0.999999940 -0.000000087 0.001765021 -0.000209952 0.000000002 1.000000000 0.003338272
0.999999940 0.000341701 0.000243082 -0.002261076 -0.000341708 0.999999940 0.000027326 0.000903631 -0.000243073 -0.000027409 0.999999940 0.002250900
0.999999940 0.000247335 0.000189558 -0.002152556 -0.000247327 0.999999940 -0.000040718 0.002527716 -0.000189568 0.000040671 1.000000000 0.003775515
0.999999881 0.000379922 0.000259746 -0.002825228 -0.000379945 0.999999940 0.000088669 0.000785281 -0.000259713 -0.000088768 0.999999940 0.002713216
0.999999940 0.000296469 0.000148806 -0.002178493 -0.000296462 0.999999940 -0.000048801 0.001668103 -0.000148820 0.000048757 1.000000000 0.001894200
0.999999881 0.000378050 0.000220099 -0.002775258 -0.000378015 0.999999940 -0.000161904 0.003147438 -0.000220160 0.000161821 0.999999940 0.002571609
0.999999940 0.000346983 0.000228254 -0.001847391 -0.000346967 0.999999940 -0.000071431 0.001746966 -0.000228279 0.000071352 1.000000000 0.002991800
0.999999881 0.000329455 0.000353553 -0.003050677 -0.000329432 0.999999940 -0.000064451 0.002356115 -0.000353574 0.000064334 0.999999940 0.002864517
0.999999881 0.000361015 0.000226747 -0.002178283 -0.000360993 0.999999940 -0.000098108 0.002179336 -0.000226782 0.000098026 0.999999940 0.002848003
0.999999881 0.000414576 0.000241839 -0.001891475 -0.000414581 0.999999940 0.000021513 0.000371241 -0.000241830 -0.000021613 1.000000000 0.001411536
0.999999821 0.000480676 0.000335516 -0.003319399 -0.000480670 0.999999881 -0.000017563 0.000992449 -0.000335525 0.000017401 0.999999940 0.002560920
0.999999881 0.000417313 0.000216592 -0.002028428 -0.000417284 0.999999881 -0.000133714 0.002120075 -0.000216648 0.000133624 0.999999940 0.002630786
0.999999940 0.000320338 0.000218086 -0.002313326 -0.000320325 0.999999940 -0.000058145 0.001564857 -0.000218105 0.000058075 1.000000000 0.003203484
0.999999881 0.000437545 0.000255976 -0.002994047 -0.000437526 0.999999881 -0.000075038 0.002766539 -0.000256009 0.000074926 0.999999940 0.003367315
0.999999821 0.000456981 0.000324191 -0.003303040 -0.000456968 0.999999881 -0.000039725 0.001593183 -0.000324209 0.000039577 0.999999940 0.002717026
0.999999881 0.000417506 0.000233892 -0.001688336 -0.000417499 0.999999940 -0.000031936 0.001980275 -0.000233905 0.000031838 1.000000000 0.001222358
0.999999940 0.000274723 0.000243116 -0.001744164 -0.000274691 0.999999940 -0.000131917 0.001553997 -0.000243152 0.000131850 0.999999940 0.001777169
0.999999881 0.000461888 0.000261098 0.000598020 -0.000461787 0.999999762 -0.000388026 -0.005981819 -0.000261277 0.000387905 0.999999881 0.049228325
0.999999881 0.000520817 0.000239789 0.001579259 -0.000520584 0.999999464 -0.000969071 -0.007691491 -0.000240293 0.000968946 0.999999523 0.139467120
0.999999821 0.000458849 0.000183383 0.004041964 -0.000458612 0.999999046 -0.001291993 -0.010918699 -0.000183976 0.001291909 0.999999106 0.253613472
0.999999583 0.000917287 0.000169298 0.007845041 -0.000917146 0.999999225 -0.000832364 -0.021543663 -0.000170061 0.000832208 0.999999642 0.382928491
0.999999464 0.000975797 0.000307673 0.007854613 -0.000975584 0.999999285 -0.000689481 -0.024135845 -0.000308346 0.000689180 0.999999762 0.526735783
0.999999464 0.000916792 0.000505716 0.012034135 -0.000916674 0.999999523 -0.000233393 -0.030472940 -0.000505929 0.000232929 0.999999821 0.678058863
0.999999166 0.001145388 0.000615627 0.010898049 -0.001145331 0.999999344 -0.000092697 -0.039347243 -0.000615733 0.000091992 0.999999821 0.837907135
0.999999046 0.001015572 0.000912255 0.010104336 -0.001015509 0.999999404 -0.000068779 -0.043110117 -0.000912324 0.000067853 0.999999642 1.009471059
0.999998927 0.001248099 0.000716676 0.014687439 -0.001248117 0.999999225 0.000025770 -0.046323787 -0.000716643 -0.000026664 0.999999762 1.184655070
0.999999464 0.000904932 0.000474646 0.026386589 -0.000905049 0.999999583 0.000246868 -0.049125403 -0.000474422 -0.000247297 0.999999881 1.381586790
0.999999404 0.001064064 0.000175427 0.032199554 -0.001064092 0.999999464 0.000159509 -0.053052653 -0.000175258 -0.000159696 1.000000000 1.575145125
0.999999762 0.000506974 0.000400661 0.034857623 -0.000507189 0.999999702 0.000536201 -0.060576372 -0.000400389 -0.000536404 0.999999762 1.777943134
0.999999762 0.000638803 0.000295305 0.038434394 -0.000639090 0.999999285 0.000972518 -0.068953760 -0.000294684 -0.000972706 0.999999404 1.972038746
0.999999881 0.000371726 0.000074605 0.047224283 -0.000371814 0.999999225 0.001184696 -0.081864044 -0.000074165 -0.001184723 0.999999285 2.181908369
0.999999762 0.000684279 0.000328351 0.050505877 -0.000684647 0.999999166 0.001119778 -0.084791027 -0.000327584 -0.001120002 0.999999344 2.401778936
0.999999702 0.000377166 0.000536069 0.052453309 -0.000377577 0.999999642 0.000766822 -0.085325181 -0.000535779 -0.000767024 0.999999583 2.625669241
0.999999702 0.000171336 0.000607580 0.059110478 -0.000171923 0.999999464 0.000965957 -0.093163490 -0.000607414 -0.000966062 0.999999404 2.854172707
0.999999583 0.000813827 0.000357137 0.059480317 -0.000814199 0.999999106 0.001041756 -0.100487202 -0.000356289 -0.001042046 0.999999404 3.082652807
0.999999523 0.000606488 0.000732999 0.063348502 -0.000607425 0.999998987 0.001279040 -0.109500781 -0.000732222 -0.001279484 0.999998927 3.321971416
0.999999464 0.000715378 0.000728101 0.066549018 -0.000716262 0.999998987 0.001214785 -0.116655037 -0.000727231 -0.001215306 0.999998987 3.571276188
0.999998987 0.000934210 0.001072234 0.068698294 -0.000935528 0.999998808 0.001229119 -0.120305806 -0.001071085 -0.001230121 0.999998689 3.833237648
0.999998927 0.001207902 0.000739111 0.072991520 -0.001208991 0.999998152 0.001474815 -0.127888396 -0.000737328 -0.001475707 0.999998569 4.085651398
0.999998808 0.001252853 0.000795588 0.080854796 -0.001253933 0.999998271 0.001359046 -0.131957740 -0.000793884 -0.001360042 0.999998689 4.341182709
0.999998331 0.001470722 0.001042746 0.084794015 -0.001472381 0.999997616 0.001592239 -0.142012417 -0.001040401 -0.001593772 0.999998152 4.593941689
0.999998271 0.001697662 0.000745777 0.094806336 -0.001698755 0.999997497 0.001467546 -0.147399962 -0.000743284 -0.001468810 0.999998629 4.849110126
0.999998748 0.001277574 0.000839973 0.095204964 -0.001279158 0.999997318 0.001888515 -0.156372875 -0.000837559 -0.001889587 0.999997854 5.108408928
0.999998152 0.001661480 0.000975191 0.098693684 -0.001662957 0.999997437 0.001515748 -0.161354452 -0.000972671 -0.001517367 0.999998391 5.372180939
0.999996901 0.002234098 0.001073094 0.101163357 -0.002235868 0.999996245 0.001651394 -0.168624863 -0.001069400 -0.001653788 0.999998033 5.645357132
0.999997497 0.002025831 0.000882970 0.102994055 -0.002027305 0.999996483 0.001671550 -0.172753125 -0.000879580 -0.001673336 0.999998212 5.913701057
0.999996305 0.002167206 0.001650769 0.102490999 -0.002169475 0.999996722 0.001374444 -0.184729740 -0.001647785 -0.001378021 0.999997675 6.196448326
0.999996841 0.002054640 0.001476415 0.107772760 -0.002056760 0.999996901 0.001436325 -0.191465810 -0.001473459 -0.001439357 0.999997854 6.487460613
0.999997616 0.001611550 0.001458169 0.121993735 -0.001613778 0.999997556 0.001528001 -0.200333923 -0.001455703 -0.001530350 0.999997795 6.758827209
0.999997437 0.001838722 0.001341555 0.127689585 -0.001841021 0.999996960 0.001714678 -0.211608216 -0.001338398 -0.001717143 0.999997616 7.062954903
0.999997556 0.001725075 0.001382682 0.136587024 -0.001727782 0.999996603 0.001959240 -0.226081043 -0.001379297 -0.001961624 0.999997139 7.349032879
0.999996841 0.001975866 0.001594346 0.139017180 -0.001978729 0.999996424 0.001796257 -0.235546350 -0.001590790 -0.001799406 0.999997079 7.648949146
0.999995053 0.002469266 0.001951581 0.142541349 -0.002473359 0.999994755 0.002097982 -0.246150002 -0.001946390 -0.002102799 0.999995887 7.974114895
0.999995470 0.002254609 0.001985717 0.155504018 -0.002258884 0.999995172 0.002153579 -0.251431644 -0.001980852 -0.002158055 0.999995708 8.312367439
0.999994278 0.002667464 0.002116800 0.153531730 -0.002672020 0.999994159 0.002152414 -0.264910460 -0.002111046 -0.002158058 0.999995410 8.618600845
0.999992967 0.002859242 0.002392751 0.152802557 -0.002863668 0.999994218 0.001848300 -0.269434690 -0.002387452 -0.001855139 0.999995351 8.955322266
0.999991775 0.003133312 0.002559096 0.156998158 -0.003138323 0.999993265 0.001956854 -0.281305999 -0.002552947 -0.001964869 0.999994755 9.297460556
0.999992073 0.003320308 0.002184258 0.173797101 -0.003325837 0.999991238 0.002532491 -0.298912793 -0.002175830 -0.002539735 0.999994397 9.626269341
0.999993086 0.003124770 0.001994119 0.182470143 -0.003129988 0.999991655 0.002618929 -0.309146941 -0.001985919 -0.002625153 0.999994576 9.974965096
0.999993742 0.002867590 0.002060432 0.192783937 -0.002872051 0.999993503 0.002165142 -0.313811004 -0.002054209 -0.002171047 0.999995530 10.333053589
0.999992847 0.003146195 0.002093109 0.199081138 -0.003151765 0.999991417 0.002662982 -0.325190425 -0.002084713 -0.002669560 0.999994218 10.700375557
0.999993980 0.003040222 0.001670543 0.210890561 -0.003044429 0.999992192 0.002521641 -0.332766742 -0.001662864 -0.002526711 0.999995410 11.064010620
0.999994338 0.002558028 0.002162650 0.215542078 -0.002563011 0.999993980 0.002304452 -0.340646625 -0.002156742 -0.002309982 0.999994993 11.448575020
0.999994159 0.002793517 0.001927759 0.227351412 -0.002798339 0.999992967 0.002503230 -0.350351423 -0.001920753 -0.002508610 0.999994993 11.826447487
0.999991894 0.003190863 0.002445884 0.226397663 -0.003198107 0.999990523 0.002963482 -0.367734462 -0.002436405 -0.002971280 0.999992609 12.208112717
0.999992311 0.003140348 0.002342935 0.239705220 -0.003147425 0.999990523 0.003023249 -0.380057871 -0.002333418 -0.003030600 0.999992669 12.592135429
0.999991536 0.003037663 0.002784815 0.245327786 -0.003045195 0.999991715 0.002704518 -0.382902563 -0.002776576 -0.002712976 0.999992490 12.992077827
0.999991298 0.003267830 0.002587435 0.255973518 -0.003275079 0.999990702 0.002802364 -0.396546274 -0.002578253 -0.002810813 0.999992728 13.392268181
0.999988437 0.003783439 0.002961083 0.260911524 -0.003792095 0.999988556 0.002923210 -0.406083792 -0.002949990 -0.002934405 0.999991357 13.804238319
0.999989152 0.003448347 0.003127710 0.273914933 -0.003457637 0.999989629 0.002969617 -0.417554706 -0.003117438 -0.002980399 0.999990702 14.202865601
0.999987304 0.003720137 0.003398669 0.281698555 -0.003729760 0.999989033 0.002829635 -0.431661278 -0.003388106 -0.002842275 0.999990225 14.619577408
0.999989688 0.003240646 0.003169440 0.297918737 -0.003249011 0.999991357 0.002637865 -0.438262463 -0.003160864 -0.002648135 0.999991477 15.052352905
0.999987245 0.003559436 0.003578053 0.308086991 -0.003568537 0.999990344 0.002540558 -0.447763413 -0.003568976 -0.002553294 0.999990344 15.502149582
0.999986112 0.003424010 0.004009955 0.317033887 -0.003433700 0.999991179 0.002411907 -0.458836108 -0.004001661 -0.002425642 0.999989033 15.940567970
0.999982953 0.003686365 0.004532299 0.320235729 -0.003699677 0.999988854 0.002932521 -0.475597769 -0.004521437 -0.002949239 0.999985456 16.367725372
0.999982595 0.003809204 0.004522977 0.328740388 -0.003820313 0.999989748 0.002449829 -0.487887293 -0.004513598 -0.002467065 0.999986768 16.806489944
0.999980986 0.003772104 0.004901644 0.348114222 -0.003784958 0.999989390 0.002615684 -0.499171138 -0.004891727 -0.002634187 0.999984562 17.256742477
0.999981284 0.003453796 0.005045387 0.359498203 -0.003471218 0.999987960 0.003448383 -0.515204489 -0.005033417 -0.003465833 0.999981403 17.721315384
0.999977410 0.003824493 0.005529825 0.369110495 -0.003841676 0.999987781 0.003099888 -0.528242111 -0.005517903 -0.003121062 0.999979913 18.183319092
0.999975145 0.003748782 0.005974056 0.371869385 -0.003770500 0.999986291 0.003628272 -0.542825878 -0.005960372 -0.003650707 0.999975622 18.631038666
0.999974728 0.004118522 0.005813702 0.387383372 -0.004140314 0.999984443 0.003741309 -0.563173950 -0.005798203 -0.003765284 0.999976099 19.136417389
0.999975920 0.003936575 0.005714810 0.407414407 -0.003953423 0.999987781 0.002939967 -0.566375077 -0.005703167 -0.002962489 0.999979377 19.622985840
0.999973834 0.003885485 0.006107044 0.414402008 -0.003906011 0.999986768 0.003352639 -0.579700530 -0.006093936 -0.003376405 0.999975801 20.110099792
0.999975860 0.003825430 0.005795519 0.432579041 -0.003850049 0.999983609 0.004242805 -0.612618089 -0.005779191 -0.004265016 0.999974191 20.573223114
0.999980628 0.003893257 0.004838444 0.448872089 -0.003916231 0.999981046 0.004747885 -0.629470408 -0.004819867 -0.004766742 0.999976993 21.066249847
0.999979019 0.003755560 0.005273122 0.461631089 -0.003777578 0.999984145 0.004171566 -0.640472412 -0.005257372 -0.004191398 0.999977410 21.573177338
0.999980330 0.004181147 0.004671989 0.476695359 -0.004199920 0.999983072 0.004015698 -0.650570095 -0.004655119 -0.004035241 0.999981046 22.088937759
0.999984562 0.003835629 0.004025549 0.490489244 -0.003851291 0.999984980 0.003889754 -0.663214743 -0.004010569 -0.003905197 0.999984264 22.593982697
0.999990940 0.002749458 0.003248866 0.503211915 -0.002761958 0.999988735 0.003849477 -0.679310083 -0.003238246 -0.003858415 0.999987304 23.123056412
0.999990344 0.003632041 0.002467315 0.523377955 -0.003641344 0.999986172 0.003776895 -0.689175785 -0.002453564 -0.003785843 0.999989808 23.651880264
0.999994636 0.002449434 0.002150347 0.528430760 -0.002457378 0.999990106 0.003699580 -0.707839787 -0.002141264 -0.003704845 0.999990821 24.175437927
0.999993682 0.003167982 0.001581759 0.536052942 -0.003173837 0.999988079 0.003713035 -0.719054580 -0.001569977 -0.003718032 0.999991775 24.716756821
0.999992967 0.003645329 0.000865396 0.550113678 -0.003648517 0.999986470 0.003710380 -0.734468579 -0.000851858 -0.003713512 0.999992728 25.266122818
0.999991775 0.004025245 0.000445253 0.555198193 -0.004026963 0.999984264 0.003930471 -0.744556904 -0.000429425 -0.003932233 0.999992192 25.805927277
0.999992192 0.003937604 0.000134519 0.563169599 -0.003938129 0.999983668 0.004167084 -0.764135361 -0.000118109 -0.004167582 0.999991238 26.348403931
0.999993563 0.003571218 0.000005594 0.570334494 -0.003571204 0.999982119 0.004778145 -0.781475067 0.000011471 -0.004778134 0.999988556 26.897706985
0.999994814 0.003116124 -0.000758851 0.581083179 -0.003112527 0.999984145 0.004696643 -0.792795241 0.000773475 -0.004694257 0.999988675 27.447477341
0.999990821 0.004159554 -0.001146124 0.592565417 -0.004154418 0.999981463 0.004449373 -0.804717720 0.001164610 -0.004444571 0.999989390 27.994201660
0.999990344 0.004214585 -0.001238913 0.600341976 -0.004208835 0.999980509 0.004607417 -0.813439965 0.001258307 -0.004602158 0.999988556 28.530138016
0.999990642 0.004048869 -0.001513063 0.608988106 -0.004041723 0.999980807 0.004696107 -0.829766154 0.001532049 -0.004689948 0.999987841 29.073986053
0.999989569 0.004073393 -0.002056394 0.615873158 -0.004064586 0.999982595 0.004268865 -0.833791435 0.002073748 -0.004260462 0.999988794 29.627262115
0.999988079 0.004467207 -0.001956894 0.621626139 -0.004458429 0.999980092 0.004467549 -0.854225993 0.001976811 -0.004458771 0.999988079 30.158435822
0.999986291 0.004814624 -0.002046395 0.637978375 -0.004806340 0.999980271 0.004034258 -0.860411048 0.002065778 -0.004024367 0.999989748 30.707429886
0.999983907 0.005012100 -0.002669195 0.657477379 -0.005000293 0.999977767 0.004411811 -0.878345728 0.002691249 -0.004398393 0.999986649 31.252122879
0.999979019 0.005964498 -0.002542157 0.661140442 -0.005953193 0.999972403 0.004431491 -0.892921329 0.002568519 -0.004416263 0.999986947 31.792078018
0.999981940 0.004978513 -0.003354949 0.676293194 -0.004964252 0.999978662 0.004246122 -0.907370269 0.003376017 -0.004229390 0.999985337 32.332286835
0.999980450 0.005162253 -0.003536906 0.673037767 -0.005145011 0.999974966 0.004866525 -0.927438557 0.003561939 -0.004848232 0.999981880 32.878211975
0.999979854 0.004635453 -0.004333430 0.709246099 -0.004616266 0.999979556 0.004427395 -0.936931789 0.004353865 -0.004407302 0.999980748 33.413356781
0.999978065 0.004350433 -0.004988022 0.720857143 -0.004327910 0.999980450 0.004517471 -0.950252175 0.005007578 -0.004495784 0.999977350 33.967254639
0.999979794 0.004824946 -0.004139833 0.709612727 -0.004807200 0.999979258 0.004285833 -0.954729319 0.004160426 -0.004265845 0.999982238 34.519081116
0.999978244 0.004513049 -0.004820431 0.722816050 -0.004490722 0.999979138 0.004632917 -0.980152845 0.004841239 -0.004611169 0.999977708 35.044742584
0.999978840 0.004215339 -0.004942156 0.735896707 -0.004192370 0.999980390 0.004648546 -0.988971114 0.004961655 -0.004627729 0.999976933 35.579254150
0.999974251 0.005348241 -0.004776828 0.740301073 -0.005327788 0.999976754 0.004284183 -0.994915009 0.004799629 -0.004258623 0.999979436 36.144252777
0.999972165 0.005617351 -0.004916031 0.748326600 -0.005597827 0.999976456 0.003976341 -1.007633448 0.004938251 -0.003948711 0.999980032 36.689125061
0.999972880 0.005018797 -0.005394345 0.751644611 -0.004996798 0.999979198 0.004083999 -1.022605658 0.005414728 -0.004056933 0.999977052 37.229316711
0.999970853 0.005002433 -0.005768530 0.764705300 -0.004980413 0.999980271 0.003825243 -1.038585663 0.005787552 -0.003796402 0.999975979 37.763244629
0.999969959 0.004737930 -0.006146132 0.769269586 -0.004712300 0.999980271 0.004177960 -1.049975276 0.006165805 -0.004148872 0.999972343 38.332340240
0.999976456 0.004790137 -0.004907677 0.765957057 -0.004769604 0.999979854 0.004187092 -1.068642378 0.004927634 -0.004163585 0.999979198 38.885814667
0.999972463 0.004589655 -0.005827198 0.786420345 -0.004570023 0.999983847 0.003377839 -1.073428035 0.005842607 -0.003351116 0.999977231 39.377941132
0.999966860 0.005746630 -0.005771973 0.790810347 -0.005731990 0.999980390 0.002549722 -1.082228780 0.005786512 -0.002516553 0.999980032 39.932762146
0.999972999 0.004132569 -0.006077305 0.812745571 -0.004111551 0.999985516 0.003466873 -1.107208490 0.006091545 -0.003441792 0.999975502 40.458923340
0.999974370 0.003675979 -0.006142794 0.823416233 -0.003655437 0.999987662 0.003352044 -1.119186044 0.006155041 -0.003329504 0.999975502 41.010452271
0.999973118 0.003903018 -0.006219743 0.827789545 -0.003884208 0.999987900 0.003033401 -1.128672361 0.006231507 -0.003009161 0.999976099 41.564262390
0.999972582 0.004563319 -0.005836635 0.816029072 -0.004544115 0.999984205 0.003299384 -1.151011944 0.005851599 -0.003272770 0.999977469 42.094299316
0.999971986 0.003893099 -0.006386742 0.830508590 -0.003870190 0.999986053 0.003595234 -1.164704919 0.006400649 -0.003570415 0.999973118 42.644153595
0.999970794 0.003969126 -0.006527791 0.842954278 -0.003943794 0.999984682 0.003889126 -1.187487483 0.006543129 -0.003863268 0.999971151 43.182125092
0.999969125 0.003795182 -0.006880043 0.860412359 -0.003772862 0.999987721 0.003254230 -1.197936654 0.006892306 -0.003228172 0.999970973 43.738998413
0.999965787 0.004062838 -0.007208865 0.866479039 -0.004039448 0.999986529 0.003256243 -1.212069750 0.007221999 -0.003227012 0.999968708 44.285022736
0.999965191 0.003802512 -0.007428269 0.872118235 -0.003777927 0.999987364 0.003320888 -1.227037430 0.007440801 -0.003292708 0.999966919 44.833660126
0.999967039 0.003729735 -0.007213311 0.882512450 -0.003708206 0.999988616 0.002995756 -1.238572359 0.007224402 -0.002968908 0.999969482 45.387630463
0.999966085 0.003678687 -0.007366109 0.889165282 -0.003656493 0.999988735 0.003024196 -1.253210425 0.007377153 -0.002997159 0.999968290 45.931072235
0.999964952 0.003867648 -0.007437570 0.889747322 -0.003843401 0.999987245 0.003271645 -1.269781828 0.007450128 -0.003242945 0.999966979 46.474246979
0.999964416 0.003779144 -0.007536403 0.897776783 -0.003755020 0.999987781 0.003212780 -1.282868505 0.007548452 -0.003184367 0.999966443 47.014533997
0.999963462 0.004539719 -0.007231832 0.899046779 -0.004514853 0.999983847 0.003451163 -1.293916464 0.007247384 -0.003418386 0.999967873 47.562248230
0.999965727 0.003948130 -0.007267947 0.904749990 -0.003927174 0.999988079 0.002895362 -1.305680394 0.007279291 -0.002866721 0.999969423 48.101257324
0.999962389 0.003275151 -0.008026891 0.918826222 -0.003248336 0.999989092 0.003351253 -1.322595835 0.008037778 -0.003325053 0.999962151 48.640571594
0.999967873 0.004391862 -0.006692534 0.907694697 -0.004372276 0.999986112 0.002938284 -1.333148599 0.006705345 -0.002908928 0.999973297 49.179019928
0.999967396 0.004642095 -0.006609377 0.914418876 -0.004622043 0.999984682 0.003045996 -1.346667051 0.006623414 -0.003015347 0.999973536 49.719539642
0.999964833 0.004999815 -0.006735693 0.918983459 -0.004980627 0.999983490 0.002862415 -1.357126713 0.006749893 -0.002828767 0.999973178 50.252033234
0.999965966 0.004859292 -0.006666586 0.924141169 -0.004841710 0.999984741 0.002650967 -1.370661139 0.006679366 -0.002618599 0.999974251 50.786445618
0.999965191 0.004985434 -0.006678247 0.929971099 -0.004965314 0.999983013 0.003026000 -1.388814926 0.006693219 -0.002992736 0.999973059 51.320941925
0.999963522 0.005361881 -0.006643306 0.931109309 -0.005339825 0.999980211 0.003333390 -1.402443767 0.006661047 -0.003297795 0.999972403 51.849872589
0.999963760 0.005489220 -0.006510813 0.940163612 -0.005470842 0.999980986 0.002837224 -1.413878918 0.006526263 -0.002801502 0.999974728 52.389636993
0.999964178 0.005478421 -0.006451583 0.944260836 -0.005459689 0.999980807 0.002917728 -1.427931666 0.006467444 -0.002882400 0.999974847 52.921215057
0.999965489 0.005202634 -0.006478332 0.951283932 -0.005183618 0.999982238 0.002948817 -1.445855618 0.006493557 -0.002915134 0.999974608 53.459522247
0.999965906 0.005455611 -0.006196667 0.954717278 -0.005436837 0.999980509 0.003042302 -1.462483168 0.006213144 -0.003008507 0.999976158 53.982559204
0.999963641 0.006178859 -0.005873397 0.952251315 -0.006162520 0.999977052 0.002795910 -1.475397110 0.005890539 -0.002759614 0.999978840 54.516319275
0.999962330 0.006141793 -0.006130117 0.960273802 -0.006124546 0.999977231 0.002828059 -1.490094066 0.006147346 -0.002790409 0.999977231 55.066497803
0.999964654 0.005655420 -0.006208653 0.974661291 -0.005638644 0.999980390 0.002716043 -1.503463268 0.006223891 -0.002680939 0.999977052 55.585159302
0.999963403 0.005775618 -0.006310164 0.981069684 -0.005756086 0.999978602 0.003109085 -1.519253492 0.006327984 -0.003072649 0.999975204 56.110836029
0.999966621 0.005410315 -0.006109119 0.994598508 -0.005391832 0.999980867 0.003038077 -1.534129381 0.006125440 -0.003005038 0.999976695 56.645320892
0.999965906 0.005591250 -0.006074370 0.993534088 -0.005575366 0.999980927 0.002628516 -1.541664481 0.006088952 -0.002594559 0.999978065 57.193386078
0.999963403 0.006257458 -0.005830283 0.995889008 -0.006242025 0.999977112 0.002661331 -1.556646585 0.005846801 -0.002624841 0.999979377 57.723175049
0.999967873 0.005697508 -0.005642780 1.002627373 -0.005683389 0.999980688 0.002515154 -1.570120096 0.005657000 -0.002483003 0.999980927 58.250102997
0.999965787 0.006059710 -0.005648111 1.007835507 -0.006046402 0.999978840 0.002370427 -1.579062939 0.005662357 -0.002336195 0.999981284 58.784286499
0.999966323 0.005783027 -0.005820156 1.017568469 -0.005769216 0.999980509 0.002386885 -1.596301198 0.005833847 -0.002353227 0.999980152 59.310585022
0.999966443 0.005609707 -0.005986949 1.025613546 -0.005595572 0.999981523 0.002375091 -1.611336231 0.006000162 -0.002341511 0.999979258 59.845565796
0.999968290 0.005180426 -0.006053743 1.034182668 -0.005168872 0.999984741 0.001922718 -1.618639350 0.006063613 -0.001891367 0.999979794 60.402484894
0.999964178 0.006210261 -0.005747657 1.035467982 -0.006196195 0.999977767 0.002462036 -1.638396740 0.005762822 -0.002426334 0.999980390 60.922542572
0.999966741 0.006015508 -0.005504022 1.045142174 -0.006001728 0.999978840 0.002516854 -1.649692655 0.005519046 -0.002483736 0.999981701 61.459209442
0.999963343 0.006444530 -0.005634010 1.050170898 -0.006431439 0.999976695 0.002338326 -1.665697575 0.005648949 -0.002302005 0.999981463 62.000221252
0.999963522 0.006644608 -0.005355319 1.050548196 -0.006632792 0.999975562 0.002221044 -1.678095937 0.005369944 -0.002185442 0.999983191 62.523803711
0.999962091 0.006625028 -0.005641159 1.058273077 -0.006614173 0.999976337 0.001940486 -1.690478921 0.005653881 -0.001903101 0.999982119 63.067687988
0.999960601 0.006846793 -0.005640497 1.063107729 -0.006838480 0.999975443 0.001491613 -1.705500603 0.005650573 -0.001452982 0.999982953 63.596797943
0.999962270 0.006744108 -0.005471846 1.071696758 -0.006733947 0.999975502 0.001873044 -1.720212936 0.005484345 -0.001836126 0.999983251 64.117553711
0.999962747 0.006689180 -0.005447553 1.077195644 -0.006681014 0.999976516 0.001515802 -1.730586648 0.005457565 -0.001479350 0.999984026 64.656066895
0.999963164 0.006860428 -0.005162027 1.079923272 -0.006850078 0.999974489 0.002020600 -1.751362085 0.005175758 -0.001985165 0.999984622 65.176704407
0.999961555 0.007162945 -0.005066666 1.088101387 -0.007154332 0.999972999 0.001715963 -1.762527108 0.005078819 -0.001679648 0.999985754 65.715400696
0.999964178 0.006869362 -0.004948577 1.092113256 -0.006862974 0.999975562 0.001306900 -1.772160530 0.004957434 -0.001272891 0.999986887 66.254478455
0.999964714 0.006678834 -0.005090154 1.105307817 -0.006671467 0.999976695 0.001462834 -1.791520596 0.005099806 -0.001428823 0.999985993 66.785804749
0.999965310 0.006575147 -0.005118408 1.114962697 -0.006568528 0.999977529 0.001308921 -1.802746892 0.005126899 -0.001275255 0.999986053 67.325325012
0.999963939 0.006821488 -0.005066341 1.121353626 -0.006818008 0.999976516 0.000703663 -1.816376686 0.005071022 -0.000669095 0.999986947 67.861633301
0.999964356 0.006451366 -0.005448354 1.130737066 -0.006443620 0.999978185 0.001438332 -1.835478544 0.005457514 -0.001403173 0.999984145 68.403572083
0.999961495 0.006737715 -0.005612191 1.135245204 -0.006728442 0.999975979 0.001669237 -1.850804925 0.005623302 -0.001631412 0.999982774 68.930648804
0.999964118 0.006583761 -0.005314393 1.147886872 -0.006577510 0.999977589 0.001192898 -1.867696762 0.005322127 -0.001157900 0.999985158 69.449111938
0.999968052 0.005730249 -0.005565375 1.158137083 -0.005723658 0.999982834 0.001199658 -1.880863309 0.005572154 -0.001167765 0.999983788 70.006965637
0.999965429 0.006538087 -0.005136133 1.156859040 -0.006531673 0.999977887 0.001264424 -1.893247008 0.005144286 -0.001230832 0.999985993 70.534431458
0.999967456 0.006278873 -0.005062410 1.161953688 -0.006272908 0.999979615 0.001193738 -1.906564832 0.005069802 -0.001161943 0.999986410 71.070640564
0.999967515 0.006325743 -0.004994505 1.168853283 -0.006320276 0.999979436 0.001109400 -1.921683311 0.005001421 -0.001077797 0.999986887 71.595993042
0.999966145 0.006565287 -0.004950136 1.174767375 -0.006559556 0.999977767 0.001172966 -1.938538194 0.004957727 -0.001140455 0.999987006 72.135818481
0.999966919 0.006343790 -0.005087404 1.184389114 -0.006339683 0.999979496 0.000823198 -1.949026823 0.005092522 -0.000790918 0.999986708 72.676116943
0.999964237 0.006776148 -0.005058189 1.187844276 -0.006769693 0.999976277 0.001292275 -1.963957667 0.005066826 -0.001257987 0.999986351 73.223754883
0.999969482 0.006167328 -0.004780210 1.196259737 -0.006162329 0.999980450 0.001059394 -1.980468512 0.004786649 -0.001029904 0.999988019 73.747901917
0.999967694 0.006544338 -0.004653262 1.202484608 -0.006540541 0.999978304 0.000830744 -1.988268614 0.004658598 -0.000800283 0.999988794 74.298164368
0.999964356 0.006960864 -0.004777318 1.211261988 -0.006954242 0.999974787 0.001401423 -2.013251305 0.004786953 -0.001368150 0.999987543 74.829223633
0.999966443 0.006639150 -0.004784901 1.221287847 -0.006633419 0.999977291 0.001212596 -2.030270100 0.004792843 -0.001180816 0.999987781 75.363891602
0.999962449 0.007446755 -0.004436485 1.221262455 -0.007441871 0.999971688 0.001116762 -2.046316385 0.004444676 -0.001083705 0.999989450 75.904739380
0.999961078 0.007659116 -0.004367416 1.230008364 -0.007654026 0.999970019 0.001181094 -2.064272881 0.004376333 -0.001147620 0.999989748 76.452415466
0.999960601 0.007812195 -0.004220862 1.237375975 -0.007808311 0.999969006 0.000935764 -2.078459263 0.004228042 -0.000902770 0.999990582 76.991226196
0.999962330 0.007453639 -0.004452475 1.243217587 -0.007447775 0.999971390 0.001332648 -2.091226101 0.004462281 -0.001299437 0.999989212 77.545982361
0.999962389 0.007413047 -0.004505800 1.256277561 -0.007407566 0.999971747 0.001231923 -2.110379934 0.004514806 -0.001198500 0.999989092 78.071502686
0.999960721 0.007914224 -0.003991348 1.263708830 -0.007910157 0.999968171 0.001033578 -2.120605469 0.003999401 -0.001001965 0.999991477 78.621505737
0.999959707 0.007868660 -0.004314339 1.271860600 -0.007863978 0.999968469 0.001100760 -2.140119553 0.004322865 -0.001066788 0.999990046 79.174331665
0.999961376 0.007641572 -0.004325447 1.283668876 -0.007636419 0.999970138 0.001206485 -2.156318665 0.004334536 -0.001173408 0.999989867 79.720520020
0.999965966 0.007466383 -0.003497595 1.290991306 -0.007463929 0.999971867 0.000714436 -2.166863203 0.003502831 -0.000688306 0.999993622 80.274681091
0.999971509 0.007099770 -0.002566307 1.301602840 -0.007098264 0.999974728 0.000596343 -2.180842876 0.002570477 -0.000578111 0.999996543 80.812934875
0.999975324 0.006840596 -0.001576506 1.323035479 -0.006839337 0.999976277 0.000802697 -2.197357416 0.001581960 -0.000791895 0.999998391 81.367713928
0.999971807 0.007515302 0.000143301 1.324237347 -0.007515421 0.999971390 0.000857584 -2.211147070 -0.000136852 -0.000858637 0.999999642 81.908828735
0.999972105 0.006913302 0.002835454 1.349792004 -0.006914157 0.999976039 0.000292267 -2.217977047 -0.002833365 -0.000311863 0.999995947 82.444641113
0.999952435 0.007028471 0.006763659 1.364555478 -0.007030966 0.999975145 0.000345233 -2.235086203 -0.006761065 -0.000392771 0.999977052 83.004524231
0.999925733 0.007132166 0.009878559 1.387016654 -0.007134229 0.999974549 0.000173652 -2.250284672 -0.009877068 -0.000244115 0.999951184 83.557182312
0.999880850 0.006785927 0.013866950 1.406926751 -0.006792091 0.999976873 0.000397392 -2.263344288 -0.013863932 -0.000491530 0.999903798 84.118728638
0.999770224 0.007374199 0.020127101 1.431228876 -0.007381110 0.999972641 0.000269126 -2.276270866 -0.020124568 -0.000417624 0.999797404 84.658172607
0.999634802 0.007400791 0.025990797 1.462931991 -0.007402756 0.999972522 -0.000020529 -2.292600632 -0.025990240 -0.000171882 0.999662161 85.210548401
0.999451816 0.007271766 0.032300286 1.491940618 -0.007283993 0.999973416 0.000260865 -2.310094833 -0.032297533 -0.000495997 0.999478161 85.752136230
0.999162197 0.007426776 0.040249351 1.537906766 -0.007429653 0.999972343 -0.000078104 -2.322032213 -0.040248826 -0.000221001 0.999189615 86.327659607
0.998800159 0.007198291 0.048438657 1.589688778 -0.007188785 0.999974072 -0.000370451 -2.337656498 -0.048440065 0.000021792 0.998826087 86.904411316
0.998434663 0.006896307 0.055503916 1.639852762 -0.006898236 0.999976277 -0.000156840 -2.354826927 -0.055503678 -0.000226284 0.998458385 87.446395874
0.997896433 0.007056655 0.064443514 1.684879303 -0.007024170 0.999975085 -0.000730629 -2.373438835 -0.064447060 0.000276430 0.997921109 88.021522522
0.997199237 0.006955678 0.074466959 1.755536079 -0.006928178 0.999975801 -0.000627609 -2.389791250 -0.074469537 0.000109931 0.997223258 88.532119751
0.996509731 0.006314784 0.083237164 1.814414024 -0.006244773 0.999979854 -0.001101435 -2.407658577 -0.083242461 0.000577794 0.996529162 89.145675659
0.995853305 0.006266625 0.090757728 1.875515461 -0.006161641 0.999980032 -0.001436880 -2.414254189 -0.090764917 0.000871705 0.995872021 89.689682007
0.994958580 0.005620677 0.100129217 1.968567848 -0.005551089 0.999984145 -0.000973600 -2.444532871 -0.100133106 0.000412865 0.994973898 90.241119385
0.993887424 0.005297606 0.110270821 2.053471565 -0.005190240 0.999985754 -0.001260670 -2.456135273 -0.110275932 0.000680632 0.993900776 90.783576965
0.992832065 0.005231214 0.119402960 2.143398285 -0.005106754 0.999986053 -0.001348312 -2.475839615 -0.119408354 0.000728886 0.992844880 91.311882019
0.991344213 0.005261285 0.131182700 2.232438087 -0.005121978 0.999985874 -0.001399324 -2.489585161 -0.131188229 0.000715297 0.991357148 91.846900940
0.989567280 0.004449525 0.144002557 2.328944206 -0.004318582 0.999989927 -0.001221877 -2.510542631 -0.144006550 0.000587242 0.989576578 92.418197632
0.988082767 0.003391831 0.153885677 2.446025848 -0.003233963 0.999993980 -0.001276188 -2.523772001 -0.153889090 0.000763319 0.988087952 92.961853027
0.986298442 0.003796771 0.164926752 2.561817169 -0.003586923 0.999992311 -0.001570188 -2.538090229 -0.164931431 0.000957095 0.986304581 93.554344177
0.984048486 0.003285146 0.177870288 2.679737091 -0.003133520 0.999994397 -0.001133367 -2.552821875 -0.177873030 0.000557928 0.984053254 94.092498779
0.981750906 0.002807086 0.190150619 2.808853149 -0.002580198 0.999995589 -0.001440761 -2.576679230 -0.190153837 0.000923842 0.981753886 94.642211914
0.979788244 0.002692446 0.200019002 2.941370964 -0.002519423 0.999996126 -0.001119564 -2.590817213 -0.200021252 0.000593003 0.979791403 95.177459717
0.977027237 0.001615360 0.213108316 3.083753586 -0.001365254 0.999998212 -0.001320768 -2.618553162 -0.213110074 0.000999479 0.977027714 95.732986450
0.973948598 0.002427034 0.226755977 3.230440140 -0.002297019 0.999997020 -0.000837232 -2.627273083 -0.226757348 0.000294558 0.973951280 96.271202087
0.971442282 0.001016486 0.237273812 3.385131836 -0.000694843 0.999998808 -0.001439205 -2.637346029 -0.237274960 0.001233236 0.971441865 96.792556763
0.968625367 0.000730187 0.248524383 3.561397552 -0.000558735 0.999999583 -0.000760415 -2.689814091 -0.248524860 0.000597698 0.968625367 97.347526550
0.965057731 0.000721308 0.262036085 3.726448059 -0.000568958 0.999999642 -0.000657277 -2.706214666 -0.262036443 0.000485223 0.965057850 97.864608765
0.961667299 0.000269996 0.274218827 3.918601990 0.000021179 0.999999464 -0.001058875 -2.722521782 -0.274218917 0.001024093 0.961666703 98.429161072
0.958284259 -0.000358812 0.285816669 4.098356247 0.000732696 0.999999046 -0.001201187 -2.734978199 -0.285815984 0.001360496 0.958283544 98.958549500
0.953963339 -0.000360602 0.299922973 4.296319962 0.000721029 0.999999106 -0.001091060 -2.757580996 -0.299922317 0.001257084 0.953962803 99.518218994
0.949492335 -0.000878890 0.313788593 4.501033783 0.001410250 0.999997914 -0.001466383 -2.771313429 -0.313786685 0.001834841 0.949491739 100.046287537
0.945695460 -0.001363356 0.325051010 4.705932617 0.001953681 0.999996960 -0.001489724 -2.784968138 -0.325048059 0.002043872 0.945695341 100.561187744
0.941187203 -0.001472563 0.337882310 4.916206360 0.001840226 0.999997973 -0.000767832 -2.816514015 -0.337880522 0.001344453 0.941188097 101.041679382
0.936061084 -0.003781420 0.351817131 5.167848587 0.004605825 0.999988198 -0.001506343 -2.825180054 -0.351807326 0.003030437 0.936067522 101.678680420
0.931222916 -0.003657597 0.364431679 5.391271591 0.004404676 0.999989569 -0.001218819 -2.840547323 -0.364423424 0.002740195 0.931229293 102.200698853
0.926687002 -0.004673186 0.375804931 5.625467300 0.005645889 0.999983013 -0.001487117 -2.850048780 -0.375791609 0.003499845 0.926697612 102.701347351
0.920948386 -0.004127282 0.389662743 5.872489929 0.004834959 0.999987960 -0.000835377 -2.887366772 -0.389654607 0.002653343 0.920957267 103.179702759
0.915208936 -0.004140195 0.402958304 6.116317749 0.004816796 0.999988139 -0.000665647 -2.901292562 -0.402950794 0.002550174 0.915218055 103.679222107
0.910369635 -0.004912704 0.413766712 6.369655609 0.005692043 0.999983609 -0.000650706 -2.919238091 -0.413756639 0.002947561 0.910382748 104.170852661
0.904716909 -0.005535603 0.425977290 6.629009247 0.006408250 0.999979258 -0.000615442 -2.930820227 -0.425965011 0.003286569 0.904733717 104.661872864
0.898341596 -0.006000171 0.439256579 6.907642365 0.006844393 0.999976516 -0.000338235 -2.949098825 -0.439244300 0.003310295 0.898361564 105.187362671
0.892290890 -0.005776731 0.451423675 7.177124023 0.006844114 0.999976337 -0.000731787 -2.957401991 -0.451408774 0.003742563 0.892309368 105.680541992
0.886703014 -0.006789102 0.462289482 7.462970734 0.007790689 0.999969542 -0.000257701 -2.974068880 -0.462273657 0.003830059 0.886729062 106.180267334
0.879144073 -0.006214586 0.476515472 7.749752045 0.007103004 0.999974787 -0.000063242 -2.996951103 -0.476503044 0.003440290 0.879166067 106.606109619
0.871938765 -0.006224974 0.489575624 8.029144287 0.007038344 0.999975204 0.000179373 -3.013794422 -0.489564598 0.003289399 0.871960819 107.062950134
