1.000000000 0.000000000 0.000000000 0.000000000 0.000000000 1.000000000 0.000000000 0.000000000 0.000000000 0.000000000 1.000000000 0.000000000
1.000000000 0.000033006 0.000139657 -0.000842421 -0.000033008 1.000000000 0.000018532 -0.000044615 -0.000139656 -0.000018536 1.000000000 -0.000168219
1.000000000 0.000104716 0.000171250 -0.001479110 -0.000104724 1.000000000 0.000046083 0.000850685 -0.000171246 -0.000046101 1.000000000 0.001604867
1.000000000 0.000198269 -0.000002277 0.000037578 -0.000198269 0.999999940 0.000157394 -0.001132319 0.000002308 -0.000157394 1.000000000 -0.000422917
0.999999940 0.000252333 0.000128178 -0.001251910 -0.000252343 0.999999940 0.000079622 0.000174936 -0.000128158 -0.000079654 1.000000000 0.000627317
1.000000000 0.000005872 0.000016507 -0.000693078 -0.000005873 1.000000000 0.000074102 -0.000126478 -0.000016507 -0.000074102 1.000000000 -0.000676836
1.000000000 0.000088474 0.000156557 -0.002376824 -0.000088472 1.000000000 -0.000014422 0.001270876 -0.000156558 0.000014408 1.000000000 0.003570821
1.000000000 -0.000047568 0.000185551 -0.001608031 0.000047551 1.000000000 0.000090226 0.000740069 -0.000185555 -0.000090217 1.000000000 0.003243685
1.000000000 0.000006805 0.000164679 -0.001421681 -0.000006797 1.000000000 -0.000045452 0.001168186 -0.000164680 0.000045451 1.000000000 0.002429310
1.000000000 0.000001027 0.000195079 -0.001165837 -0.000001029 1.000000000 0.000013693 0.000264389 -0.000195079 -0.000013693 1.000000000 0.000251836
1.000000000 -0.000125288 0.000191854 -0.000912387 0.000125288 1.000000000 -0.000001846 0.001454735 -0.000191854 0.000001870 1.000000000 0.002489617
1.000000000 0.000001704 0.000084574 -0.000422741 -0.000001710 1.000000000 0.000067401 -0.000150260 -0.000084574 -0.000067401 1.000000000 0.000433686
1.000000000 0.000003136 0.000145876 -0.001403889 -0.000003136 1.000000000 0.000005236 0.001546107 -0.000145876 -0.000005236 1.000000000 0.003948737
0.999999940 -0.000048032 0.000247536 -0.002351968 0.000047998 1.000000000 0.000135471 0.001040552 -0.000247543 -0.000135459 0.999999940 0.003887329
1.000000000 -0.000001566 0.000155671 -0.002105104 0.000001558 1.000000000 0.000050664 0.001256110 -0.000155671 -0.000050664 1.000000000 0.003511380
1.000000000 0.000041747 0.000058367 -0.000376054 -0.000041752 1.000000000 0.000084784 -0.000094342 -0.000058364 -0.000084786 1.000000000 0.000425879
1.000000000 -0.000032203 0.000083820 -0.001807291 0.000032199 1.000000000 0.000048764 0.000768604 -0.000083822 -0.000048761 1.000000000 0.003080794
0.999999940 0.000175714 0.000353243 -0.003368572 -0.000175736 1.000000000 0.000063382 0.001307313 -0.000353232 -0.000063444 0.999999940 0.004770902
0.999999940 0.000190767 0.000286651 -0.003252354 -0.000190785 1.000000000 0.000061837 0.000686511 -0.000286640 -0.000061892 0.999999940 0.003064206
0.999999940 0.000187312 0.000192776 -0.002192182 -0.000187327 1.000000000 0.000076158 0.000896316 -0.000192761 -0.000076194 1.000000000 0.003826623
0.999999881 0.000364922 0.000288253 -0.003047719 -0.000364976 0.999999940 0.000189476 0.000483708 -0.000288184 -0.000189581 0.999999940 0.003728543
0.999999762 0.000538097 0.000367106 -0.003330306 -0.000538141 0.999999821 0.000119155 -0.000030518 -0.000367042 -0.000119352 0.999999940 0.001592143
0.999999940 0.000097354 0.000244706 -0.002501913 -0.000097377 1.000000000 0.000097331 0.000593897 -0.000244697 -0.000097355 0.999999940 0.002730049
0.999999940 0.000081732 0.000326810 -0.001705194 -0.000081769 1.000000000 0.000114878 -0.000271591 -0.000326801 -0.000114905 0.999999940 0.001789902
0.999999940 0.000079600 0.000268943 -0.002241125 -0.000079608 1.000000000 0.000027807 0.000351337 -0.000268941 -0.000027828 0.999999940 0.000321534
0.999999940 0.000089402 0.000237145 -0.001257818 -0.000089393 1.000000000 -0.000035099 0.001219463 -0.000237148 0.000035077 1.000000000 0.001980659
0.999999940 0.000086142 0.000257763 -0.001600270 -0.000086171 1.000000000 0.000114094 -0.000274743 -0.000257753 -0.000114117 0.999999940 0.000579587
0.999999940 0.000063433 0.000256789 -0.001450881 -0.000063437 1.000000000 0.000014045 0.001001659 -0.000256788 -0.000014061 0.999999940 0.002197517
0.999999881 0.000266252 0.000342259 -0.003047979 -0.000266240 0.999999940 -0.000035828 0.001048415 -0.000342269 0.000035737 0.999999940 0.001245521
0.999999940 0.000141305 0.000323158 -0.003637227 -0.000141312 1.000000000 0.000021124 0.001748650 -0.000323155 -0.000021170 0.999999940 0.003607036
0.999999940 0.000181888 0.000330085 -0.003025280 -0.000181915 1.000000000 0.000080933 0.000976095 -0.000330070 -0.000080993 0.999999940 0.003040044
0.999999940 0.000095453 0.000290707 -0.002267124 -0.000095485 1.000000000 0.000107810 0.000477833 -0.000290696 -0.000107838 0.999999940 0.001654933
0.999999881 0.000222560 0.000359869 -0.003787305 -0.000222562 1.000000000 0.000007890 0.001831391 -0.000359867 -0.000007970 0.999999940 0.003847205
0.999999881 0.000244025 0.000436314 -0.002985952 -0.000244031 0.999999940 0.000013641 0.001498435 -0.000436311 -0.000013747 0.999999881 0.003366646
0.999999940 0.000153587 0.000243404 -0.000824877 -0.000153618 1.000000000 0.000129551 -0.000248766 -0.000243384 -0.000129589 0.999999940 0.000241604
0.999999940 0.000261930 0.000312133 -0.003009500 -0.000261915 0.999999940 -0.000046601 0.003159245 -0.000312146 0.000046519 0.999999940 0.006052631
0.999999940 0.000179377 0.000296286 -0.003312578 -0.000179365 1.000000000 -0.000042581 0.004237158 -0.000296293 0.000042528 0.999999940 0.007034959
0.999999940 -0.000138356 0.000233804 -0.001023963 0.000138341 1.000000000 0.000066551 0.001161190 -0.000233813 -0.000066519 1.000000000 0.002770822
0.999999940 0.000146412 0.000296189 -0.002829970 -0.000146436 1.000000000 0.000079873 0.001998130 -0.000296177 -0.000079917 0.999999940 0.004970369
1.000000000 -0.000039472 0.000228419 -0.001199902 0.000039456 1.000000000 0.000068379 0.001330853 -0.000228422 -0.000068370 1.000000000 0.002793705
0.999999881 0.000109026 0.000452743 -0.003084155 -0.000109015 1.000000000 -0.000024685 0.001710546 -0.000452745 0.000024636 0.999999881 0.004794094
0.999999940 -0.000163692 0.000258758 -0.000265435 0.000163916 0.999999583 -0.000866261 0.001331404 -0.000258616 0.000866303 0.999999583 0.055070173
0.999999881 0.000245589 0.000357994 -0.001426594 -0.000245202 0.999999404 -0.001080171 -0.006038933 -0.000358259 0.001080083 0.999999344 0.132878691
0.999999940 0.000223549 0.000100635 0.002837213 -0.000223377 0.999998510 -0.001707693 -0.002834133 -0.000101017 0.001707671 0.999998510 0.255932182
1.000000000 0.000193269 0.000050158 0.005264601 -0.000193207 0.999999225 -0.001230170 -0.011189192 -0.000050396 0.001230160 0.999999225 0.386234671
1.000000000 0.000162271 0.000137133 0.008641872 -0.000162132 0.999999464 -0.001017634 -0.016299909 -0.000137298 0.001017612 0.999999464 0.524412632
0.999999940 0.000348740 0.000067314 0.013152295 -0.000348680 0.999999523 -0.000888881 -0.024663791 -0.000067624 0.000888857 0.999999583 0.666519642
0.999999881 0.000355948 0.000337779 0.015960740 -0.000355612 0.999999464 -0.000994015 -0.024324365 -0.000338133 0.000993894 0.999999464 0.839746118
0.999999940 0.000302938 0.000180740 0.016737994 -0.000302809 0.999999702 -0.000715141 -0.027851930 -0.000180956 0.000715086 0.999999702 1.013657451
1.000000000 0.000105120 0.000024431 0.022429494 -0.000105111 0.999999940 -0.000365689 -0.033997055 -0.000024469 0.000365687 0.999999940 1.190520287
0.999999821 0.000476042 0.000383485 0.016271872 -0.000475739 0.999999583 -0.000788694 -0.032862723 -0.000383861 0.000788512 0.999999642 1.370329022
0.999999940 0.000348721 0.000145261 0.036320437 -0.000348735 0.999999940 0.000096300 -0.054081455 -0.000145227 -0.000096351 1.000000000 1.563863873
0.999999762 0.000560487 0.000402369 0.035843890 -0.000560445 0.999999821 -0.000104758 -0.052807514 -0.000402428 0.000104532 0.999999940 1.757369280
1.000000000 0.000134760 -0.000175635 0.043124299 -0.000134837 0.999999881 -0.000440328 -0.053193811 0.000175576 0.000440352 0.999999881 1.955921531
0.999999464 0.000853778 0.000607159 0.040187139 -0.000853709 0.999999642 -0.000113838 -0.067689896 -0.000607256 0.000113319 0.999999821 2.155738115
0.999998152 0.001648217 0.000979274 0.039400499 -0.001646937 0.999997795 -0.001306270 -0.059014481 -0.000981424 0.001304655 0.999998689 2.404292583
0.999997914 0.001924006 0.000691544 0.051576186 -0.001923342 0.999997735 -0.000959701 -0.069218777 -0.000693388 0.000958369 0.999999285 2.618162870
0.999997854 0.001966603 0.000590487 0.055541981 -0.001966247 0.999997854 -0.000603938 -0.080809452 -0.000591673 0.000602775 0.999999642 2.842572927
0.999998510 0.001728445 0.000179285 0.066577494 -0.001728403 0.999998569 -0.000232042 -0.089741342 -0.000179685 0.000231731 1.000000000 3.077250719
0.999998629 0.001651171 0.000297785 0.066017583 -0.001650931 0.999998331 -0.000803423 -0.088695727 -0.000299111 0.000802930 0.999999642 3.316765785
0.999997556 0.002121433 0.000529018 0.071154401 -0.002121081 0.999997556 -0.000665532 -0.095536955 -0.000530429 0.000664408 0.999999642 3.560691118
0.999998331 0.001825562 0.000236161 0.075529754 -0.001825288 0.999997795 -0.001154128 -0.095503911 -0.000238268 0.001153696 0.999999285 3.825956345
0.999998212 0.001878826 0.000434757 0.083705865 -0.001878374 0.999997735 -0.001037166 -0.105201051 -0.000436705 0.001036347 0.999999404 4.079900742
0.999997914 0.002009084 0.000435586 0.086486712 -0.002008794 0.999997795 -0.000665838 -0.115168199 -0.000436923 0.000664961 0.999999642 4.334394932
0.999998093 0.001848428 0.000648762 0.088512041 -0.001847950 0.999998033 -0.000735548 -0.120837957 -0.000650120 0.000734348 0.999999523 4.581957340
0.999997199 0.002250238 0.000760913 0.094593219 -0.002249833 0.999997377 -0.000533192 -0.130015790 -0.000762111 0.000531479 0.999999523 4.839533329
0.999998331 0.001722018 0.000572502 0.104662076 -0.001721833 0.999998450 -0.000322908 -0.139355406 -0.000573057 0.000321921 0.999999821 5.100721359
0.999997199 0.002136206 0.000999787 0.101772562 -0.002135629 0.999997616 -0.000577663 -0.144134820 -0.001001018 0.000575527 0.999999344 5.361008167
0.999997973 0.001805309 0.000806382 0.109105647 -0.001804729 0.999998033 -0.000719143 -0.148158327 -0.000807679 0.000717686 0.999999404 5.618758678
0.999998689 0.001561418 0.000531582 0.115505017 -0.001561141 0.999998569 -0.000519929 -0.156514257 -0.000532394 0.000519099 0.999999702 5.886222839
0.999998510 0.001549087 0.000826794 0.123031273 -0.001548772 0.999998689 -0.000381708 -0.167088732 -0.000827384 0.000380427 0.999999583 6.161670208
0.999996841 0.002431154 0.000654945 0.126729608 -0.002430907 0.999996901 -0.000379501 -0.174189821 -0.000655866 0.000377908 0.999999702 6.441248894
0.999998271 0.001697435 0.000708600 0.131992891 -0.001696855 0.999998152 -0.000817483 -0.184276193 -0.000709986 0.000816279 0.999999404 6.723263264
0.999997556 0.001952753 0.001056129 0.133263916 -0.001951604 0.999997497 -0.001087460 -0.186891526 -0.001058250 0.001085396 0.999998868 7.025761604
0.999997497 0.002029547 0.000936528 0.140304521 -0.002028465 0.999997318 -0.001155097 -0.194808275 -0.000938869 0.001153194 0.999998927 7.329981327
0.999997973 0.001675146 0.001144944 0.147486448 -0.001673645 0.999997675 -0.001310769 -0.203133643 -0.001147137 0.001308850 0.999998510 7.634811878
0.999997675 0.001942385 0.000947023 0.162037402 -0.001941519 0.999997675 -0.000914474 -0.216426268 -0.000948797 0.000912634 0.999999166 7.930495262
0.999997556 0.001804367 0.001269861 0.154271513 -0.001803923 0.999998331 -0.000350847 -0.237764001 -0.001270492 0.000348556 0.999999106 8.260349274
0.999997258 0.001827081 0.001467434 0.162753671 -0.001825951 0.999998093 -0.000771403 -0.245856449 -0.001468840 0.000768721 0.999998629 8.587135315
0.999996424 0.001784184 0.002029624 0.160940915 -0.001782545 0.999998093 -0.000809164 -0.249337882 -0.002031064 0.000805543 0.999997616 8.934151649
0.999996483 0.001915755 0.001852953 0.169123352 -0.001914456 0.999997973 -0.000702743 -0.264627218 -0.001854295 0.000699193 0.999998033 9.259877205
0.999995232 0.002260052 0.002103581 0.169300303 -0.002258743 0.999997258 -0.000624485 -0.270418108 -0.002104987 0.000619731 0.999997616 9.601069450
0.999999106 0.000946477 0.000920285 0.192689538 -0.000946959 0.999999404 0.000523295 -0.294971287 -0.000919789 -0.000524166 0.999999464 9.930818558
0.999997795 0.001734826 0.001125782 0.199264392 -0.001735639 0.999998212 0.000722235 -0.307049692 -0.001124527 -0.000724187 0.999999106 10.287148476
0.999998748 0.001119993 0.001084952 0.202594221 -0.001120673 0.999999106 0.000626063 -0.318837017 -0.001084250 -0.000627278 0.999999225 10.644011497
0.999998569 0.001106170 0.001232133 0.211693659 -0.001107013 0.999999106 0.000684442 -0.328107864 -0.001231375 -0.000685805 0.999999046 11.011361122
0.999997914 0.001288366 0.001576156 0.214758202 -0.001288277 0.999999106 -0.000057249 -0.333482355 -0.001576229 0.000055219 0.999998808 11.393244743
0.999999046 0.000959851 0.001012892 0.229337081 -0.000960672 0.999999225 0.000810267 -0.351201952 -0.001012113 -0.000811239 0.999999106 11.776294708
0.999998391 0.001482530 0.001054735 0.237027287 -0.001483062 0.999998808 0.000503912 -0.362079591 -0.001053987 -0.000505475 0.999999285 12.162779808
0.999998987 0.001018325 0.001002649 0.247520372 -0.001018485 0.999999464 0.000158759 -0.369033396 -0.001002487 -0.000159780 0.999999464 12.560406685
0.999997973 0.001737462 0.001064715 0.252302170 -0.001737938 0.999998391 0.000446021 -0.382722527 -0.001063939 -0.000447870 0.999999285 12.960208893
0.999998868 0.001195824 0.000927246 0.262941718 -0.001196381 0.999999106 0.000600240 -0.392460108 -0.000926527 -0.000601348 0.999999404 13.360281944
0.999998093 0.001319419 0.001520473 0.267272413 -0.001320318 0.999998987 0.000590751 -0.401255250 -0.001519691 -0.000592757 0.999998748 13.778669357
0.999998212 0.001001223 0.001618281 0.275162727 -0.001001763 0.999999464 0.000332623 -0.409850359 -0.001617947 -0.000334244 0.999998629 14.190376282
0.999997795 0.001176272 0.001783622 0.288815498 -0.001177139 0.999999166 0.000484820 -0.424390793 -0.001783051 -0.000486918 0.999998331 14.603061676
0.999998152 0.000919242 0.001707033 0.297122449 -0.000920447 0.999999344 0.000705188 -0.436146706 -0.001706384 -0.000706758 0.999998271 15.038973808
0.999997258 0.001393494 0.001877129 0.311410218 -0.001393441 0.999998987 -0.000029455 -0.440871000 -0.001877168 0.000026839 0.999998212 15.471089363
0.999997199 0.001032007 0.002141037 0.321950197 -0.001031384 0.999999404 -0.000292036 -0.451643586 -0.002141337 0.000289827 0.999997675 15.908914566
0.999996364 0.001205062 0.002376328 0.334034622 -0.001205015 0.999999225 -0.000021133 -0.467487097 -0.002376351 0.000018270 0.999997199 16.347946167
0.999994934 0.001414908 0.002841647 0.340238094 -0.001413897 0.999998927 -0.000357924 -0.476410717 -0.002842151 0.000353904 0.999995887 16.803262711
0.999994278 0.001278221 0.003115006 0.351244956 -0.001278630 0.999999106 0.000129399 -0.493221790 -0.003114837 -0.000133381 0.999995112 17.259000778
0.999993622 0.001246537 0.003337146 0.361156553 -0.001247115 0.999999225 0.000171343 -0.504247129 -0.003336930 -0.000175503 0.999994338 17.719400406
0.999992132 0.001244811 0.003759149 0.370527685 -0.001243333 0.999999166 -0.000395567 -0.511734426 -0.003759638 0.000390890 0.999992788 18.188737869
0.999993563 0.000900997 0.003481491 0.391770989 -0.000902103 0.999999523 0.000316148 -0.528883457 -0.003481205 -0.000319286 0.999993801 18.646305084
0.999990940 0.001441381 0.004023616 0.398739934 -0.001442845 0.999998927 0.000360954 -0.539414585 -0.004023091 -0.000366756 0.999991775 19.121023178
0.999991477 0.000884301 0.004045154 0.412266135 -0.000883724 0.999999583 -0.000144474 -0.545991242 -0.004045280 0.000140898 0.999991834 19.610601425
0.999991477 0.000561542 0.004078818 0.411727846 -0.000560044 0.999999762 -0.000368340 -0.557205558 -0.004079023 0.000366052 0.999991596 20.094783783
0.999991834 0.001477795 0.003773666 0.428081214 -0.001476199 0.999998868 -0.000425667 -0.572337210 -0.003774290 0.000420093 0.999992847 20.585334778
0.999993503 0.001472095 0.003292318 0.438283712 -0.001469241 0.999998569 -0.000868926 -0.577021420 -0.003293593 0.000864083 0.999994218 21.096868515
0.999995053 0.000997543 0.002980975 0.450464219 -0.000996949 0.999999464 -0.000200847 -0.599753618 -0.002981174 0.000197874 0.999995530 21.594560623
0.999995470 0.001145580 0.002788285 0.460919946 -0.001144829 0.999999285 -0.000270727 -0.616456509 -0.002788593 0.000267533 0.999996066 22.099832535
0.999996185 0.001345807 0.002410994 0.473262906 -0.001348301 0.999998569 0.001033156 -0.640159190 -0.002409600 -0.001036403 0.999996603 22.606019974
0.999997497 0.001607415 0.001571898 0.485734731 -0.001607814 0.999998629 0.000252429 -0.652089477 -0.001571490 -0.000254955 0.999998748 23.137559891
0.999997914 0.001583648 0.001298512 0.493243068 -0.001583550 0.999998689 -0.000076717 -0.666514158 -0.001298632 0.000074661 0.999999225 23.663869858
0.999999762 0.000520374 0.000257307 0.503747344 -0.000520310 0.999999821 -0.000246169 -0.686000109 -0.000257435 0.000246035 0.999999940 24.185001373
0.999999344 0.001091565 -0.000041720 0.509536386 -0.001091569 0.999999404 -0.000086949 -0.697064817 0.000041625 0.000086994 1.000000000 24.727010727
0.999997497 0.001790026 -0.001357245 0.526948690 -0.001789853 0.999998391 0.000128873 -0.714778423 0.001357474 -0.000126444 0.999999046 25.260370255
0.999996901 0.001516377 -0.001968724 0.536134243 -0.001515820 0.999998808 0.000284543 -0.728860199 0.001969153 -0.000281558 0.999997973 25.810487747
0.999996543 0.001062025 -0.002421427 0.545208275 -0.001060955 0.999999285 0.000443030 -0.747113049 0.002421896 -0.000440460 0.999996960 26.364456177
0.999995291 0.001004518 -0.002909122 0.552465439 -0.001002275 0.999999225 0.000772101 -0.758454204 0.002909895 -0.000769182 0.999995470 26.882648468
0.999995232 0.000431666 -0.003065790 0.559762418 -0.000430449 0.999999881 0.000397697 -0.773647368 0.003065961 -0.000396376 0.999995232 27.437414169
0.999992371 0.001938264 -0.003404681 0.564368486 -0.001937617 0.999998152 0.000193141 -0.789310277 0.003405049 -0.000186542 0.999994218 27.996826172
0.999992490 0.001938626 -0.003397631 0.566722274 -0.001935745 0.999997675 0.000851370 -0.806592941 0.003399275 -0.000844786 0.999993861 28.521732330
0.999992371 0.001511952 -0.003627155 0.575428486 -0.001510031 0.999998689 0.000532182 -0.817281246 0.003627955 -0.000526700 0.999993265 29.068408966
0.999988914 0.002071009 -0.004232007 0.587645411 -0.002066406 0.999997377 0.001091726 -0.837793410 0.004234256 -0.001082968 0.999990463 29.626905441
0.999987543 0.002089320 -0.004530635 0.590700150 -0.002085113 0.999997377 0.000933049 -0.848637938 0.004532572 -0.000923590 0.999989271 30.165773392
0.999985456 0.002058321 -0.004987679 0.602937400 -0.002054630 0.999997616 0.000745135 -0.863758028 0.004989201 -0.000734877 0.999987245 30.718658447
0.999983966 0.001930598 -0.005318127 0.613731980 -0.001926666 0.999997795 0.000744382 -0.879983425 0.005319553 -0.000734124 0.999985516 31.261993408
0.999981761 0.002185622 -0.005624057 0.620403945 -0.002180852 0.999997258 0.000854075 -0.895339251 0.005625909 -0.000841794 0.999983847 31.813199997
0.999980211 0.001887883 -0.006013760 0.630394340 -0.001882053 0.999997735 0.000974971 -0.911540687 0.006015587 -0.000963634 0.999981403 32.358924866
0.999980867 0.002141090 -0.005806098 0.632463157 -0.002135905 0.999997258 0.000899161 -0.920991957 0.005808007 -0.000886743 0.999982715 32.903076172
0.999977052 0.002359226 -0.006351369 0.642782748 -0.002355533 0.999997020 0.000588800 -0.937900901 0.006352739 -0.000573826 0.999979675 33.444736481
0.999978125 0.002311225 -0.006199945 0.649754643 -0.002306931 0.999997079 0.000699679 -0.951022625 0.006201543 -0.000685361 0.999980450 34.000045776
0.999975920 0.001588282 -0.006755915 0.661595941 -0.001579648 0.999997854 0.001283303 -0.973874450 0.006757939 -0.001272601 0.999976277 34.534034729
0.999975920 0.001997307 -0.006640318 0.663777649 -0.001992561 0.999997735 0.000721226 -0.980479121 0.006641744 -0.000707978 0.999977708 35.093166351
0.999976873 0.001887189 -0.006536359 0.669158936 -0.001883626 0.999998033 0.000551254 -0.996308267 0.006537386 -0.000538929 0.999978483 35.633831024
0.999972105 0.002422818 -0.007071998 0.680566072 -0.002415801 0.999996543 0.001000522 -1.020240664 0.007074399 -0.000983410 0.999974549 36.167839050
0.999970853 0.002162249 -0.007324234 0.690530539 -0.002156982 0.999997437 0.000726987 -1.024696112 0.007325787 -0.000711167 0.999972880 36.745616913
0.999972165 0.002069834 -0.007158823 0.698239446 -0.002065478 0.999997675 0.000615831 -1.037886739 0.007160081 -0.000601028 0.999974191 37.292133331
0.999967217 0.001998598 -0.007840129 0.704242289 -0.001995055 0.999997914 0.000459654 -1.054711342 0.007841031 -0.000443997 0.999969184 37.855434418
0.999969006 0.001934976 -0.007630225 0.706750035 -0.001933432 0.999998152 0.000209707 -1.068492413 0.007630617 -0.000194948 0.999970913 38.404396057
0.999964416 0.002203650 -0.008145175 0.716505766 -0.002197347 0.999997318 0.000782711 -1.087475657 0.008146876 -0.000764785 0.999966502 38.958850861
0.999962151 0.001956146 -0.008475674 0.726652205 -0.001949684 0.999997795 0.000770550 -1.101778269 0.008477164 -0.000753996 0.999963760 39.496929169
0.999961495 0.002350714 -0.008452119 0.738908529 -0.002340755 0.999996543 0.001188043 -1.121247530 0.008454884 -0.001168213 0.999963582 40.038799286
0.999955237 0.001868187 -0.009270173 0.758642495 -0.001852615 0.999996841 0.001688038 -1.144105315 0.009273300 -0.001670789 0.999955595 40.584560394
0.999954343 0.001701740 -0.009405776 0.758977294 -0.001695062 0.999998271 0.000717877 -1.147291541 0.009406981 -0.000701900 0.999955535 41.149677277
0.999950767 0.002021698 -0.009714733 0.769941449 -0.002008534 0.999997020 0.001364611 -1.163030505 0.009717462 -0.001345032 0.999951899 41.698749542
0.999948919 0.002310343 -0.009846667 0.784729481 -0.002298029 0.999996543 0.001261755 -1.182338476 0.009849550 -0.001239063 0.999950707 42.242393494
0.999950230 0.002404662 -0.009678523 0.775789380 -0.002396013 0.999996722 0.000905129 -1.189322114 0.009680665 -0.000881895 0.999952734 42.809398651
0.999946833 0.002079730 -0.010105326 0.787329733 -0.002067328 0.999997079 0.001237531 -1.207444310 0.010107869 -0.001216574 0.999948204 43.345226288
0.999947548 0.002739209 -0.009870450 0.792673469 -0.002733062 0.999996006 0.000636130 -1.219101906 0.009872152 -0.000609120 0.999951005 43.901580811
0.999948919 0.002032998 -0.009901449 0.790207505 -0.002017985 0.999996781 0.001525959 -1.241170526 0.009904520 -0.001505901 0.999949813 44.455383301
0.999950826 0.002334838 -0.009637161 0.795466661 -0.002328504 0.999997079 0.000668323 -1.247534871 0.009638691 -0.000645850 0.999953330 45.006866455
0.999946713 0.002652200 -0.009983671 0.806220412 -0.002642173 0.999995947 0.001017396 -1.258815169 0.009986329 -0.000990964 0.999949574 45.540019989
0.999949276 0.001897341 -0.009882712 0.810604632 -0.001878982 0.999996483 0.001866619 -1.290423870 0.009886218 -0.001847955 0.999949336 46.094779968
0.999945104 0.001387403 -0.010384574 0.820176542 -0.001376180 0.999998450 0.001087907 -1.302535295 0.010386067 -0.001073556 0.999945402 46.638267517
0.999946415 0.001875631 -0.010176834 0.826454818 -0.001857884 0.999996722 0.001753082 -1.317392826 0.010180089 -0.001734081 0.999946713 47.166225433
0.999948502 0.001238054 -0.010074748 0.819730341 -0.001220680 0.999997735 0.001730393 -1.331341386 0.010076868 -0.001718006 0.999947667 47.735000610
0.999944448 0.002161108 -0.010317744 0.821947336 -0.002140084 0.999995649 0.002048247 -1.347503066 0.010322125 -0.002026052 0.999944627 48.279453278
0.999936104 0.001249667 -0.011238351 0.845407128 -0.001221012 0.999996006 0.002556301 -1.364789009 0.011241500 -0.002542415 0.999933541 48.828269958
0.999949694 0.001616127 -0.009893415 0.826082349 -0.001598180 0.999997020 0.001821705 -1.372222066 0.009896331 -0.001805802 0.999949396 49.373661041
0.999947965 0.001562535 -0.010077836 0.837915540 -0.001550441 0.999998033 0.001207702 -1.382453322 0.010079703 -0.001192014 0.999948502 49.927875519
0.999945760 0.001902255 -0.010236125 0.846132815 -0.001884333 0.999996662 0.001760199 -1.404532313 0.010239438 -0.001740816 0.999946058 50.456317902
0.999950290 0.001317043 -0.009885728 0.840316772 -0.001299680 0.999997616 0.001762564 -1.419552088 0.009888026 -0.001749628 0.999949574 51.021720886
0.999949813 0.001290399 -0.009940019 0.849202991 -0.001268337 0.999996722 0.002225488 -1.438315034 0.009942857 -0.002212769 0.999948084 51.572986603
0.999938190 0.000882630 -0.011084359 0.873361111 -0.000859871 0.999997556 0.002057862 -1.450216651 0.011086148 -0.002048203 0.999936402 52.104286194
0.999944329 0.000726175 -0.010525553 0.867238522 -0.000710376 0.999998569 0.001504620 -1.464554548 0.010526631 -0.001497059 0.999943495 52.674976349
0.999943495 0.000581830 -0.010610487 0.870663524 -0.000565992 0.999998748 0.001495595 -1.477509141 0.010611343 -0.001489504 0.999942601 53.214115143
0.999947548 0.000944896 -0.010199478 0.871298492 -0.000926881 0.999997973 0.001770864 -1.493236303 0.010201128 -0.001761318 0.999946356 53.782081604
0.999950469 0.001051898 -0.009897010 0.881129026 -0.001038187 0.999998391 0.001390372 -1.505228877 0.009898457 -0.001380028 0.999950051 54.330902100
0.999951959 0.001155249 -0.009737586 0.873155177 -0.001137286 0.999997616 0.001850115 -1.516659617 0.009739702 -0.001838952 0.999950886 54.892280579
0.999945760 0.000959618 -0.010366206 0.892513394 -0.000943853 0.999998391 0.001525574 -1.537723184 0.010367651 -0.001515707 0.999945104 55.426494598
0.999945641 0.000871120 -0.010385320 0.898520470 -0.000856604 0.999998629 0.001402163 -1.550851226 0.010386526 -0.001393191 0.999945104 55.972122192
0.999945581 0.001338471 -0.010344852 0.897334874 -0.001321926 0.999997854 0.001606164 -1.562517166 0.010346980 -0.001592402 0.999945223 56.511241913
0.999949634 0.001105540 -0.009973064 0.910400331 -0.001090500 0.999998212 0.001513396 -1.579524994 0.009974721 -0.001502444 0.999949157 57.044944763
0.999945223 0.001354854 -0.010378471 0.915790617 -0.001339374 0.999997973 0.001498325 -1.590086579 0.010380481 -0.001484343 0.999945045 57.607212067
0.999945223 0.001276581 -0.010387084 0.920070410 -0.001257582 0.999997556 0.001835414 -1.610149384 0.010389400 -0.001822251 0.999944448 58.148925781
0.999945462 0.001432010 -0.010346533 0.927076876 -0.001418210 0.999998033 0.001340990 -1.618406296 0.010348433 -0.001326244 0.999945581 58.694839478
0.999948442 0.001296080 -0.010068458 0.927873671 -0.001285450 0.999998629 0.001062103 -1.626628280 0.010069819 -0.001049107 0.999948740 59.244510651
0.999951243 0.001143776 -0.009812947 0.929535925 -0.001135964 0.999999106 0.000801635 -1.642892838 0.009813855 -0.000790449 0.999951601 59.786762238
0.999943137 0.001667546 -0.010534676 0.942445099 -0.001656619 0.999998033 0.001045884 -1.656057477 0.010536400 -0.001028373 0.999943972 60.336986542
0.999944985 0.002088437 -0.010277792 0.942810118 -0.002077970 0.999997258 0.001028993 -1.666815519 0.010279913 -0.001007580 0.999946654 60.891956329
0.999944270 0.002310041 -0.010295925 0.956775188 -0.002297726 0.999996603 0.001207703 -1.684772611 0.010298680 -0.001183979 0.999946237 61.430912018
0.999944806 0.001850617 -0.010340840 0.954164445 -0.001840764 0.999997973 0.000962293 -1.694651723 0.010342599 -0.000943204 0.999945998 61.982612610
0.999942482 0.001582093 -0.010610119 0.959551513 -0.001576558 0.999998629 0.000530008 -1.706815720 0.010610943 -0.000513250 0.999943554 62.538101196
0.999948800 0.002417191 -0.009824203 0.956864297 -0.002410769 0.999996901 0.000665494 -1.722548246 0.009825782 -0.000641777 0.999951482 63.092720032
0.999949634 0.002416281 -0.009739152 0.958664298 -0.002406614 0.999996662 0.001004255 -1.738747954 0.009741546 -0.000980766 0.999952078 63.642585754
0.999946415 0.002108897 -0.010137834 0.963739216 -0.002099827 0.999997377 0.000905137 -1.755209565 0.010139716 -0.000883801 0.999948204 64.173744202
0.999951601 0.002295886 -0.009575185 0.961164773 -0.002288276 0.999997020 0.000805550 -1.769548178 0.009577007 -0.000783601 0.999953866 64.721427917
0.999947906 0.002896892 -0.009790186 0.970647573 -0.002885024 0.999995053 0.001226108 -1.781852841 0.009793689 -0.001197799 0.999951303 65.257507324
0.999949396 0.002357884 -0.009780723 0.967852294 -0.002350573 0.999996901 0.000758920 -1.790213585 0.009782483 -0.000735892 0.999951899 65.793708801
0.999946296 0.002108273 -0.010149419 0.988364100 -0.002099290 0.999997377 0.000895666 -1.812344670 0.010151281 -0.000874311 0.999948084 66.345123291
0.999948740 0.002150667 -0.009895430 0.987358272 -0.002147284 0.999997616 0.000352486 -1.819992900 0.009896164 -0.000331219 0.999950945 66.900749207
0.999941230 0.002658593 -0.010514985 1.002935052 -0.002650399 0.999996185 0.000793079 -1.844278455 0.010517054 -0.000765163 0.999944389 67.448402405
0.999942541 0.001921706 -0.010540904 1.010241032 -0.001911459 0.999997675 0.000982048 -1.857601404 0.010542767 -0.000961843 0.999943912 67.984535217
0.999942303 0.002866130 -0.010350871 1.018283129 -0.002850805 0.999994814 0.001495004 -1.879034758 0.010355103 -0.001465409 0.999945283 68.517852783
0.999942780 0.002814924 -0.010318353 1.022876620 -0.002803073 0.999995351 0.001162849 -1.894134521 0.010321578 -0.001133859 0.999946058 69.069435120
0.999942899 0.002495203 -0.010392079 1.016234279 -0.002482596 0.999996185 0.001225867 -1.905607104 0.010395098 -0.001199998 0.999945164 69.628311157
0.999947488 0.002038162 -0.010049086 1.021631002 -0.002030140 0.999997675 0.000808443 -1.914372802 0.010050709 -0.000787999 0.999949098 70.177543640
0.999947548 0.002034874 -0.010034523 1.028407097 -0.002026309 0.999997497 0.000863608 -1.935100555 0.010036256 -0.000843230 0.999949217 70.721572876
0.999948561 0.002061799 -0.009932346 1.021908760 -0.002060184 0.999997795 0.000172755 -1.935360670 0.009932681 -0.000152285 0.999950647 71.286666870
0.999945760 0.002216573 -0.010174910 1.036495447 -0.002219721 0.999997437 -0.000298027 -1.950395107 0.010174222 0.000320596 0.999948204 71.830001831
0.999945045 0.002535602 -0.010169134 1.040754080 -0.002529646 0.999996722 0.000598583 -1.969722152 0.010170616 -0.000572825 0.999948084 72.381004333
0.999947965 0.002659773 -0.009840854 1.039520264 -0.002652887 0.999996245 0.000712742 -1.990357876 0.009842712 -0.000686599 0.999951303 72.919120789
0.999950647 0.002162826 -0.009697348 1.047728539 -0.002154458 0.999997258 0.000873214 -2.008956432 0.009699210 -0.000852279 0.999952614 73.463455200
0.999947906 0.002080606 -0.009990472 1.050838470 -0.002068966 0.999997199 0.001175268 -2.026967764 0.009992890 -0.001154537 0.999949396 74.013961792
0.999945521 0.002390563 -0.010160177 1.056345701 -0.002384200 0.999996960 0.000638311 -2.031623840 0.010161672 -0.000614052 0.999948204 74.540695190
0.999944210 0.002123553 -0.010349115 1.067709923 -0.002112932 0.999997199 0.001037185 -2.048359871 0.010351290 -0.001015260 0.999945819 75.078361511
0.999943197 0.002301965 -0.010409437 1.071700096 -0.002288486 0.999996543 0.001306548 -2.066630363 0.010412408 -0.001282652 0.999944925 75.617424011
0.999946594 0.001809411 -0.010187937 1.077758193 -0.001802161 0.999998033 0.000720715 -2.079134703 0.010189221 -0.000702317 0.999947846 76.177886963
0.999930203 0.001853028 -0.011675561 1.088960409 -0.001843779 0.999997973 0.000802854 -2.094822645 0.011677024 -0.000781271 0.999931514 76.725013733
0.999945462 0.001503705 -0.010336368 1.089706898 -0.001495205 0.999998510 0.000829993 -2.110261440 0.010337601 -0.000814493 0.999946237 77.269309998
0.999943078 0.001329695 -0.010591238 1.097177625 -0.001321872 0.999998808 0.000745579 -2.122281075 0.010592218 -0.000731536 0.999943674 77.817054749
0.999941587 0.001505544 -0.010695781 1.098969698 -0.001496081 0.999998510 0.000892679 -2.136392117 0.010697109 -0.000876625 0.999942362 78.356002808
0.999947548 0.001978960 -0.010044402 1.103355646 -0.001973749 0.999997854 0.000528709 -2.148581266 0.010045427 -0.000508857 0.999949396 78.905754089
0.999946952 0.002155379 -0.010085418 1.106491685 -0.002145750 0.999997258 0.000965526 -2.167709112 0.010087473 -0.000943834 0.999948621 79.453323364
0.999946475 0.002448601 -0.010054212 1.110665321 -0.002439686 0.999996603 0.000898930 -2.182508945 0.010056381 -0.000874353 0.999948978 79.997016907
0.999945104 0.002118512 -0.010264053 1.122452021 -0.002111647 0.999997556 0.000679845 -2.195685625 0.010265468 -0.000658134 0.999947071 80.548362732
0.999956489 0.002165742 -0.009069378 1.126406670 -0.002160995 0.999997497 0.000533275 -2.208109140 0.009070509 -0.000513653 0.999958754 81.104347229
0.999965966 0.002239333 -0.007937427 1.132735133 -0.002233951 0.999997258 0.000686934 -2.223457336 0.007938944 -0.000669179 0.999968350 81.650871277
0.999972045 0.002820752 -0.006919271 1.143224955 -0.002814284 0.999995589 0.000944260 -2.244806767 0.006921904 -0.000924760 0.999975622 82.190559387
0.999981880 0.002687258 -0.005385248 1.149046540 -0.002683546 0.999996126 0.000696459 -2.257829428 0.005387099 -0.000681994 0.999985278 82.736656189
0.999990821 0.003413567 -0.002599838 1.163844585 -0.003411947 0.999994040 0.000627184 -2.272839069 0.002601963 -0.000618308 0.999996424 83.287727356
0.999994278 0.003158693 0.001230023 1.181376338 -0.003160057 0.999994457 0.001108648 -2.280336142 -0.001226515 -0.001112529 0.999998629 83.806465149
0.999982655 0.003570701 0.004685111 1.194087982 -0.003575524 0.999993026 0.001021266 -2.305176258 -0.004681432 -0.001038001 0.999988496 84.363655090
0.999946237 0.003334915 0.009814656 1.210975647 -0.003344050 0.999994040 0.000914481 -2.319771051 -0.009811547 -0.000947253 0.999951482 84.917991638
0.999870241 0.003472449 0.015730750 1.238289356 -0.003490422 0.999993265 0.001115178 -2.335782766 -0.015726771 -0.001169941 0.999875665 85.467208862
0.999782860 0.003333576 0.020569362 1.270310402 -0.003358406 0.999993622 0.001172675 -2.355741501 -0.020565324 -0.001241500 0.999787748 86.014724731
0.999660671 0.002264624 0.025948502 1.308331728 -0.002288478 0.999996960 0.000889598 -2.370084524 -0.025946412 -0.000948679 0.999662936 86.556640625
0.999399722 0.003053364 0.034509394 1.332141519 -0.003093516 0.999994516 0.001110171 -2.385940075 -0.034505818 -0.001216259 0.999403775 87.110023499
0.999099553 0.002948001 0.042323310 1.376206160 -0.002992343 0.999995053 0.000984387 -2.400249720 -0.042320199 -0.001110147 0.999103487 87.666358948
0.998757541 0.002878301 0.049749259 1.414395094 -0.002941763 0.999995053 0.001202432 -2.413733006 -0.049745545 -0.001347289 0.998761117 88.213340759
0.998289406 0.002301634 0.058420353 1.473144531 -0.002375692 0.999996483 0.001198237 -2.430621862 -0.058417387 -0.001334977 0.998291373 88.752357483
0.997638106 0.002733280 0.068634823 1.534161568 -0.002843480 0.999994814 0.001507942 -2.448214293 -0.068630345 -0.001699543 0.997640729 89.262672424
0.997006774 0.002339389 0.077279143 1.582908154 -0.002423920 0.999996543 0.001000057 -2.454797029 -0.077276535 -0.001184382 0.997008979 89.859367371
0.996350944 0.001926475 0.085329033 1.649800301 -0.001997747 0.999997795 0.000749887 -2.468222141 -0.085327387 -0.000917616 0.996352613 90.411720276
0.995325983 0.001984117 0.096551768 1.717835426 -0.002100307 0.999997199 0.001101769 -2.489323854 -0.096549317 -0.001299408 0.995327294 90.932540894
0.994272828 0.002029888 0.106851630 1.793534279 -0.002158528 0.999997079 0.001088280 -2.499522209 -0.106849127 -0.001312690 0.994274318 91.516090393
0.993300438 0.000977012 0.115556352 1.881920815 -0.001061394 0.999999225 0.000668696 -2.510439396 -0.115555622 -0.000786868 0.993300676 92.062042236
0.991892815 0.001411528 0.127069563 1.966858864 -0.001494682 0.999998689 0.000559048 -2.518718243 -0.127068624 -0.000744445 0.991893649 92.604690552
0.990263879 0.001232258 0.139197603 2.063555717 -0.001352774 0.999998808 0.000771180 -2.541018009 -0.139196455 -0.000951975 0.990264356 93.162666321
0.988648057 0.002236580 0.150233224 2.160976410 -0.002481324 0.999995887 0.001441656 -2.563071251 -0.150229365 -0.001798068 0.988649547 93.709991455
0.987052679 0.000695429 0.160394475 2.270237923 -0.000849907 0.999999225 0.000894514 -2.567299604 -0.160393715 -0.001019253 0.987052560 94.255371094
0.985003948 0.000324619 0.172530785 2.396450996 -0.000447596 0.999999642 0.000673884 -2.586050272 -0.172530487 -0.000741002 0.985003829 94.770523071
0.982648551 -0.000244959 0.185476661 2.515618324 0.000098488 0.999999642 0.000798909 -2.601987362 -0.185476810 -0.000766780 0.982648313 95.300979614
0.980580032 0.000166956 0.196118936 2.639401436 -0.000369290 0.999999464 0.000995124 -2.610790253 -0.196118683 -0.001048223 0.980579615 95.878883362
0.977827549 0.000459582 0.209411085 2.776720047 -0.000694905 0.999999225 0.001050161 -2.625871658 -0.209410444 -0.001172397 0.977827191 96.414093018
0.974933028 -0.000270209 0.222498327 2.927883148 0.000043868 0.999999523 0.001022213 -2.636452675 -0.222498462 -0.000986829 0.974932551 96.940834045
0.972384274 -0.000528232 0.233384848 3.066410065 0.000224057 0.999999106 0.001329831 -2.657036781 -0.233385339 -0.001240815 0.972383559 97.454948425
0.969445467 -0.000769000 0.245305404 3.226608276 0.000405896 0.999998748 0.001530765 -2.680544376 -0.245306283 -0.001384425 0.969444633 97.974479675
0.965881646 -0.000634755 0.258982897 3.396163940 0.000249467 0.999998808 0.001520557 -2.694008827 -0.258983582 -0.001404070 0.965880752 98.501121521
0.962366462 -0.000778174 0.271753937 3.565177917 0.000309675 0.999998391 0.001766867 -2.708285093 -0.271754891 -0.001616217 0.962365150 99.037345886
0.959312022 -0.001229810 0.282345295 3.740262985 0.000675639 0.999997675 0.002060096 -2.725374699 -0.282347172 -0.001785512 0.959310591 99.541366577
0.955100298 -0.001615851 0.296278328 3.924428940 0.001093771 0.999997497 0.001927870 -2.734911680 -0.296280712 -0.001517248 0.955099702 100.052856445
0.950719237 -0.001693249 0.310048461 4.114315033 0.001267757 0.999997914 0.001573832 -2.744136095 -0.310050547 -0.001103207 0.950719416 100.615905762
0.946839690 -0.002581678 0.321695387 4.310718536 0.002193772 0.999996364 0.001568310 -2.752564430 -0.321698248 -0.000779212 0.946841955 101.135894775
0.942123473 -0.002174906 0.335258782 4.503885269 0.001774386 0.999997258 0.001500957 -2.770760059 -0.335261136 -0.000819209 0.942124844 101.646835327
0.937109292 -0.002409503 0.349027961 4.730096817 0.002020519 0.999996841 0.001478529 -2.787040710 -0.349030524 -0.000680325 0.937111139 102.178833008
0.932409942 -0.002895046 0.361390710 4.948261261 0.002327680 0.999995291 0.002005255 -2.803587675 -0.361394823 -0.001028518 0.932412267 102.682891846
0.927856743 -0.003577015 0.372919351 5.170238495 0.003465674 0.999993503 0.000968956 -2.806797743 -0.372920424 0.000393364 0.927863300 103.192733765
0.922015607 -0.003442535 0.387137413 5.402362823 0.002915696 0.999993861 0.001948138 -2.829637527 -0.387141705 -0.000667439 0.922019958 103.686347961
0.916193306 -0.003965168 0.400716931 5.637790680 0.003422023 0.999992013 0.002071043 -2.840308189 -0.400721967 -0.000526213 0.916199565 104.182899475
0.911452293 -0.004850357 0.411377102 5.886650085 0.004344474 0.999988258 0.002164727 -2.859965563 -0.411382794 -0.000185828 0.911462665 104.643127441
0.905042946 -0.004028893 0.425301105 6.146068573 0.003456536 0.999991715 0.002117431 -2.871241093 -0.425306171 -0.000446298 0.905049384 105.194168091
0.898609102 -0.003773042 0.438733935 6.408164978 0.002791181 0.999991953 0.002882910 -2.898683310 -0.438741326 -0.001366023 0.898612380 105.655265808
0.892624855 -0.004609117 0.450776696 6.681388855 0.004125000 0.999989331 0.002056428 -2.899902821 -0.450781375 0.000023836 0.892634451 106.168830872
0.887020409 -0.005360428 0.461699098 6.943252563 0.004889206 0.999985576 0.002216868 -2.909266710 -0.461704314 0.000290935 0.887033820 106.652786255
0.879967213 -0.005326523 0.475004554 7.230751038 0.005039039 0.999985397 0.001878418 -2.922298431 -0.475007683 0.000740621 0.879981339 107.129425049
