1.000000000 0.000000000 0.000000000 0.000000000 0.000000000 1.000000000 0.000000000 0.000000000 0.000000000 0.000000000 1.000000000 0.000000000
1.000000000 0.000022688 -0.000021277 0.000444024 -0.000022689 1.000000000 -0.000038032 0.000772561 0.000021276 0.000038033 1.000000000 0.000389112
1.000000000 -0.000000051 0.000044741 -0.000089114 0.000000049 1.000000000 0.000043010 0.000027386 -0.000044741 -0.000043010 1.000000000 0.000100711
1.000000000 -0.000081453 0.000022910 0.000111374 0.000081454 1.000000000 -0.000026981 0.000740529 -0.000022908 0.000026983 1.000000000 0.000022870
1.000000000 -0.000109784 0.000048906 -0.000179893 0.000109781 1.000000000 0.000056322 -0.000261944 -0.000048912 -0.000056316 1.000000000 -0.000575205
1.000000000 0.000034275 0.000115873 -0.000461957 -0.000034272 1.000000000 -0.000025641 0.000819022 -0.000115873 0.000025637 1.000000000 0.000056400
1.000000000 -0.000080357 0.000070020 0.000144020 0.000080357 1.000000000 -0.000004606 0.000503312 -0.000070020 0.000004612 1.000000000 0.000251340
1.000000000 0.000007064 0.000065697 -0.000526356 -0.000007070 1.000000000 0.000092098 -0.000114685 -0.000065696 -0.000092098 1.000000000 -0.000116059
1.000000000 -0.000013060 -0.000005527 -0.000736166 0.000013059 1.000000000 -0.000061970 -0.000165455 0.000005528 0.000061970 1.000000000 -0.001093298
1.000000000 -0.000046238 0.000080952 -0.000088823 0.000046235 1.000000000 0.000040911 -0.000724685 -0.000080954 -0.000040908 1.000000000 -0.000410555
1.000000000 0.000071975 0.000053065 -0.000834888 -0.000071978 1.000000000 0.000056886 -0.000903989 -0.000053061 -0.000056889 1.000000000 -0.000640445
1.000000000 -0.000041376 0.000069060 -0.000945817 0.000041374 1.000000000 0.000033903 -0.000402333 -0.000069062 -0.000033900 1.000000000 -0.000941313
1.000000000 0.000053344 0.000033241 -0.000811609 -0.000053341 1.000000000 -0.000075468 -0.000338943 -0.000033245 0.000075466 1.000000000 -0.001540241
1.000000000 0.000042665 0.000067849 -0.000993630 -0.000042663 1.000000000 -0.000026016 0.000493401 -0.000067850 0.000026013 1.000000000 0.000289536
1.000000000 0.000029413 0.000047732 -0.000966583 -0.000029408 1.000000000 -0.000116081 0.001249619 -0.000047735 0.000116079 1.000000000 0.000885408
1.000000000 -0.000010796 -0.000031564 0.000329656 0.000010794 1.000000000 -0.000073888 0.001262627 0.000031565 0.000073888 1.000000000 0.001313561
1.000000000 0.000082597 0.000104379 -0.000979974 -0.000082581 1.000000000 -0.000153122 0.002292468 -0.000104392 0.000153113 1.000000000 0.002561469
1.000000000 0.000148162 0.000081409 -0.001310152 -0.000148149 1.000000000 -0.000159179 0.001884625 -0.000081433 0.000159167 1.000000000 0.001669352
1.000000000 0.000181690 0.000149959 -0.001447040 -0.000181676 1.000000000 -0.000097456 0.002082132 -0.000149977 0.000097428 1.000000000 0.002464201
1.000000000 0.000098427 0.000154273 -0.001431318 -0.000098412 1.000000000 -0.000095403 0.000996328 -0.000154282 0.000095388 1.000000000 0.001279294
1.000000000 0.000031527 0.000077577 -0.001075400 -0.000031525 1.000000000 -0.000027161 0.000311055 -0.000077578 0.000027158 1.000000000 0.000691337
1.000000000 0.000154526 0.000053958 -0.000775944 -0.000154524 1.000000000 -0.000026784 0.001316295 -0.000053962 0.000026775 1.000000000 0.000871404
1.000000000 0.000119149 0.000016984 -0.000620002 -0.000119148 1.000000000 -0.000079123 0.001451996 -0.000016993 0.000079121 1.000000000 0.002235876
1.000000000 0.000109163 0.000085836 -0.001261338 -0.000109157 1.000000000 -0.000069983 0.001715869 -0.000085844 0.000069974 1.000000000 0.002456695
0.999999940 0.000376033 0.000051640 -0.001205414 -0.000376030 0.999999940 -0.000066300 0.002475904 -0.000051665 0.000066281 1.000000000 0.003723842
0.999999940 0.000252537 0.000110022 -0.001512166 -0.000252530 0.999999940 -0.000060476 0.002312677 -0.000110037 0.000060449 1.000000000 0.001973987
1.000000000 0.000062733 0.000105035 -0.000469196 -0.000062726 1.000000000 -0.000067054 0.002544696 -0.000105040 0.000067047 1.000000000 0.003054291
1.000000000 0.000159881 0.000177401 -0.001730503 -0.000159878 1.000000000 -0.000018371 0.001604088 -0.000177404 0.000018342 1.000000000 0.002433868
1.000000000 0.000164518 0.000081029 -0.001305413 -0.000164513 1.000000000 -0.000067493 0.002355684 -0.000081040 0.000067480 1.000000000 0.002261799
1.000000000 0.000059562 0.000093639 -0.001541049 -0.000059555 1.000000000 -0.000079313 0.001244326 -0.000093644 0.000079307 1.000000000 0.001748787
0.999999940 0.000143672 0.000201659 -0.001857467 -0.000143671 1.000000000 -0.000006997 0.001095986 -0.000201660 0.000006968 1.000000000 0.002043773
1.000000000 0.000121094 0.000190409 -0.001380929 -0.000121081 1.000000000 -0.000069286 0.002215973 -0.000190417 0.000069263 1.000000000 0.003802263
1.000000000 0.000221152 0.000102119 -0.000878328 -0.000221131 0.999999940 -0.000208536 0.003464558 -0.000102165 0.000208514 1.000000000 0.003900916
1.000000000 0.000121542 0.000129070 -0.000848586 -0.000121531 1.000000000 -0.000085137 0.001719894 -0.000129081 0.000085121 1.000000000 0.001959230
0.999999940 0.000218453 0.000187664 -0.002486034 -0.000218425 0.999999940 -0.000148975 0.002224034 -0.000187697 0.000148934 1.000000000 0.002645618
1.000000000 0.000142425 0.000179843 -0.001727344 -0.000142406 1.000000000 -0.000102235 0.001067582 -0.000179857 0.000102209 1.000000000 0.001453343
1.000000000 0.000104000 0.000050351 -0.002020409 -0.000104001 1.000000000 0.000022117 0.000591315 -0.000050349 -0.000022122 1.000000000 0.000436143
1.000000000 0.000137860 0.000084323 -0.001438587 -0.000137857 1.000000000 -0.000034633 0.001905547 -0.000084328 0.000034622 1.000000000 0.002279544
0.999999940 0.000208237 0.000189175 -0.001989618 -0.000208223 1.000000000 -0.000074774 0.001886793 -0.000189191 0.000074735 1.000000000 0.001782854
1.000000000 0.000206820 0.000121609 -0.000926501 -0.000206808 1.000000000 -0.000099705 0.002924572 -0.000121630 0.000099679 1.000000000 0.003200053
1.000000000 0.000003722 0.000062905 0.000318410 -0.000003716 1.000000000 -0.000098404 0.000876520 -0.000062906 0.000098404 1.000000000 0.002599861
0.999999821 0.000528522 0.000144998 0.000011216 -0.000528431 0.999999642 -0.000621952 -0.001675259 -0.000145327 0.000621875 0.999999821 0.052721184
0.999999762 0.000635294 0.000067958 0.001699385 -0.000635217 0.999999106 -0.001134996 -0.002731137 -0.000068679 0.001134953 0.999999344 0.141294569
0.999999762 0.000712998 0.000004333 0.003728472 -0.000712991 0.999998868 -0.001367177 -0.007094119 -0.000005308 0.001367174 0.999999106 0.254218638
0.999999642 0.000833501 0.000061031 0.006570604 -0.000833421 0.999998808 -0.001299193 -0.010409680 -0.000062114 0.001299141 0.999999166 0.387012124
0.999999821 0.000560455 0.000231561 0.007415200 -0.000560230 0.999999285 -0.000971271 -0.016371103 -0.000232106 0.000971141 0.999999523 0.528989375
0.999999940 0.000116402 0.000152197 0.011984169 -0.000116276 0.999999583 -0.000826678 -0.021103209 -0.000152293 0.000826660 0.999999702 0.680632174
1.000000000 0.000168933 0.000278554 0.015746830 -0.000168769 0.999999821 -0.000588087 -0.024481853 -0.000278653 0.000588040 0.999999762 0.845747292
0.999999881 0.000451674 0.000301671 0.017208206 -0.000451520 0.999999762 -0.000512178 -0.027601773 -0.000301903 0.000512042 0.999999821 1.016475558
0.999999881 0.000473263 0.000110692 0.021560526 -0.000473203 0.999999762 -0.000541963 -0.032104522 -0.000110949 0.000541910 0.999999881 1.195289731
0.999999225 0.001157306 -0.000425358 0.024668461 -0.001157288 0.999999285 0.000041220 -0.043958865 0.000425405 -0.000040727 0.999999881 1.369052649
0.999998629 0.001483725 -0.000658785 0.029629614 -0.001483859 0.999998927 -0.000202383 -0.044799510 0.000658484 0.000203360 0.999999762 1.562212110
0.999999225 0.001080193 -0.000618769 0.032636199 -0.001080055 0.999999404 0.000222485 -0.053387888 0.000619009 -0.000221817 0.999999702 1.763760209
0.999998987 0.001368373 -0.000230316 0.031495437 -0.001368254 0.999998927 0.000516433 -0.062835939 0.000231022 -0.000516117 0.999999821 1.953561664
0.999999940 0.000342053 -0.000135265 0.040359143 -0.000341965 0.999999762 0.000647319 -0.068559073 0.000135486 -0.000647272 0.999999762 2.172531128
0.999999821 0.000580482 -0.000034658 0.044089276 -0.000580464 0.999999702 0.000528063 -0.072423406 0.000034964 -0.000528043 0.999999821 2.392366886
0.999999702 0.000614555 -0.000298346 0.049866758 -0.000614504 0.999999762 0.000171458 -0.076573312 0.000298452 -0.000171274 0.999999940 2.610115767
0.999999881 0.000521823 -0.000160894 0.054584932 -0.000521755 0.999999821 0.000421808 -0.084564298 0.000161114 -0.000421724 0.999999881 2.840283394
0.999999881 0.000277543 0.000327496 0.056039382 -0.000277665 0.999999821 0.000375139 -0.088180736 -0.000327392 -0.000375230 0.999999881 3.085831881
0.999999881 0.000411587 0.000208555 0.063139096 -0.000411664 0.999999821 0.000372092 -0.096124157 -0.000208402 -0.000372178 0.999999940 3.325812101
0.999999881 0.000268938 0.000060880 0.065786853 -0.000268991 0.999999583 0.000870505 -0.108134903 -0.000060646 -0.000870522 0.999999583 3.583214998
0.999999940 0.000293282 0.000098329 0.069460914 -0.000293360 0.999999642 0.000796286 -0.113245308 -0.000098096 -0.000796315 0.999999702 3.838675261
0.999999702 0.000746794 0.000266141 0.070197873 -0.000747022 0.999999344 0.000855148 -0.121346809 -0.000265502 -0.000855347 0.999999583 4.105958462
0.999999642 0.000772905 0.000427321 0.076277949 -0.000773248 0.999999404 0.000803872 -0.124732994 -0.000426699 -0.000804202 0.999999583 4.367407799
0.999999642 0.000743349 0.000384691 0.079742089 -0.000743562 0.999999523 0.000554601 -0.130937234 -0.000384279 -0.000554887 0.999999762 4.627019405
0.999999583 0.000676059 0.000589265 0.078868739 -0.000676412 0.999999583 0.000599702 -0.136260465 -0.000588860 -0.000600100 0.999999583 4.876935482
0.999999344 0.001056690 0.000468477 0.084083498 -0.001057001 0.999999225 0.000665763 -0.142866775 -0.000467773 -0.000666258 0.999999702 5.134839535
0.999999464 0.000902032 0.000382547 0.099492937 -0.000902426 0.999998987 0.001029888 -0.155395985 -0.000381617 -0.001030232 0.999999404 5.384305000
0.999999464 0.000766140 0.000738369 0.103018336 -0.000766964 0.999999106 0.001117018 -0.161699966 -0.000737512 -0.001117584 0.999999106 5.657605171
0.999998331 0.001398427 0.001158624 0.086715966 -0.001399667 0.999998391 0.001070060 -0.174861833 -0.001157126 -0.001071680 0.999998748 5.925904274
0.999997497 0.001766846 0.001375284 0.089214101 -0.001768104 0.999998033 0.000913947 -0.183618486 -0.001373667 -0.000916377 0.999998629 6.204665661
0.999999702 0.000307948 0.000701846 0.118447661 -0.000308703 0.999999285 0.001075372 -0.186239854 -0.000701515 -0.001075588 0.999999166 6.505263805
0.999999523 0.000786779 0.000651695 0.120196357 -0.000787529 0.999999046 0.001151075 -0.193340465 -0.000650789 -0.001151587 0.999999106 6.793430328
0.999999285 0.001002258 0.000630854 0.128517985 -0.001002896 0.999998987 0.001012550 -0.200878873 -0.000629839 -0.001013183 0.999999225 7.091588497
0.999999821 0.000517248 0.000316509 0.137837425 -0.000517664 0.999999046 0.001317612 -0.211176962 -0.000315827 -0.001317775 0.999999046 7.395772934
0.999998808 0.001062209 0.001122513 0.136373237 -0.001063764 0.999998450 0.001385326 -0.228113100 -0.001121040 -0.001386519 0.999998331 7.699308395
0.999998331 0.001366166 0.001307365 0.139974639 -0.001367914 0.999998212 0.001337610 -0.234988764 -0.001305535 -0.001339397 0.999998212 8.017728806
0.999998033 0.001391310 0.001393351 0.146245867 -0.001393155 0.999998152 0.001324715 -0.245010778 -0.001391506 -0.001326653 0.999998152 8.344095230
0.999998391 0.001201998 0.001297223 0.153592274 -0.001203494 0.999998629 0.001152997 -0.252498418 -0.001295835 -0.001154557 0.999998510 8.665804863
0.999997854 0.001442174 0.001467919 0.160330772 -0.001443831 0.999998331 0.001128823 -0.258588850 -0.001466288 -0.001130940 0.999998271 9.012808800
0.999997437 0.001842012 0.001325649 0.167264029 -0.001843584 0.999997616 0.001185482 -0.270421445 -0.001323462 -0.001187923 0.999998391 9.355154037
0.999998093 0.001390127 0.001349828 0.176236808 -0.001392249 0.999997795 0.001572561 -0.286435276 -0.001347639 -0.001574438 0.999997854 9.681740761
0.999998450 0.001089266 0.001386111 0.184008017 -0.001091653 0.999997914 0.001722611 -0.296726435 -0.001384232 -0.001724121 0.999997497 10.032040596
0.999997973 0.001628152 0.001176955 0.192655876 -0.001629927 0.999997675 0.001508705 -0.303169310 -0.001174495 -0.001510620 0.999998093 10.400436401
0.999997735 0.001708178 0.001293300 0.200136781 -0.001710065 0.999997616 0.001459538 -0.313483804 -0.001290803 -0.001461746 0.999998033 10.761311531
0.999998331 0.001515406 0.001003890 0.211846665 -0.001516855 0.999997735 0.001444566 -0.321361125 -0.001001699 -0.001446086 0.999998450 11.124247551
0.999998748 0.001194851 0.001043031 0.217758745 -0.001196519 0.999997973 0.001600079 -0.334557146 -0.001041117 -0.001601325 0.999998093 11.514167786
0.999998748 0.001283211 0.000912671 0.227843896 -0.001284765 0.999997735 0.001703907 -0.343342096 -0.000910482 -0.001705077 0.999998033 11.893981934
0.999998331 0.001286342 0.001292073 0.238273919 -0.001288803 0.999997318 0.001905650 -0.357175380 -0.001289618 -0.001907312 0.999997377 12.238394737
0.999998510 0.001046668 0.001316276 0.250030458 -0.001049464 0.999997199 0.002125501 -0.369909853 -0.001314048 -0.002126879 0.999996901 12.632103920
0.999995649 0.002398941 0.001719086 0.250236422 -0.002401665 0.999995887 0.001584832 -0.375291705 -0.001715277 -0.001588954 0.999997258 13.040602684
0.999995947 0.002158168 0.001878804 0.263899565 -0.002160366 0.999997020 0.001168717 -0.388804942 -0.001876276 -0.001172771 0.999997556 13.441043854
0.999996066 0.002061093 0.001906464 0.270647019 -0.002064761 0.999995947 0.001924450 -0.409814149 -0.001902490 -0.001928379 0.999996305 13.842897415
0.999995589 0.002113619 0.002089922 0.283031762 -0.002117419 0.999996066 0.001817637 -0.411054313 -0.002086072 -0.001822054 0.999996185 14.258760452
0.999994397 0.002285522 0.002470562 0.288632900 -0.002288452 0.999996662 0.001183581 -0.422266364 -0.002467849 -0.001189229 0.999996305 14.676292419
0.999993324 0.002315494 0.002828455 0.288672775 -0.002322940 0.999993861 0.002632021 -0.463800937 -0.002822343 -0.002638574 0.999992549 15.083869934
0.999993205 0.002114245 0.003006613 0.302638650 -0.002120645 0.999995410 0.002126924 -0.455832809 -0.003002102 -0.002133284 0.999993205 15.564106941
0.999992251 0.002287370 0.003218339 0.311660171 -0.002292699 0.999995947 0.001652933 -0.462249666 -0.003214545 -0.001660299 0.999993384 16.017328262
0.999991715 0.001984246 0.003593402 0.327509195 -0.001992682 0.999995232 0.002345462 -0.485191911 -0.003588730 -0.002352603 0.999990821 16.432872772
0.999990165 0.002351825 0.003771523 0.335421532 -0.002358914 0.999995470 0.001876416 -0.496241748 -0.003767093 -0.001885294 0.999991179 16.880098343
0.999988794 0.001891187 0.004333097 0.335016191 -0.001904540 0.999993384 0.003079434 -0.528963208 -0.004327244 -0.003087652 0.999985874 17.258813858
0.999986470 0.002402751 0.004605804 0.381603867 -0.002421312 0.999988973 0.004028611 -0.569820166 -0.004596073 -0.004039709 0.999981225 17.781906128
0.999985039 0.002086800 0.005063887 0.394363791 -0.002105386 0.999991119 0.003667812 -0.580220819 -0.005056188 -0.003678419 0.999980450 18.248533249
0.999982595 0.002085213 0.005521284 0.409244031 -0.002105788 0.999990940 0.003723325 -0.588581204 -0.005513470 -0.003734887 0.999977827 18.723707199
0.999985337 0.001853219 0.005088960 0.386832148 -0.001869720 0.999993026 0.003239878 -0.585955560 -0.005082920 -0.003249346 0.999981821 19.177402496
0.999988496 0.001407976 0.004586158 0.411400735 -0.001424663 0.999992371 0.003637369 -0.587046504 -0.004581002 -0.003643861 0.999982893 19.626920700
0.999989510 0.001441042 0.004346213 0.420309424 -0.001456321 0.999992788 0.003514373 -0.599568009 -0.004341117 -0.003520666 0.999984384 20.114891052
0.999980986 0.003218839 0.005249585 0.438778013 -0.003234283 0.999990463 0.002935990 -0.603979170 -0.005240085 -0.002952913 0.999981940 20.543264389
0.999987066 0.002664739 0.004326686 0.452942580 -0.002678699 0.999991238 0.003224120 -0.618766189 -0.004318056 -0.003235667 0.999985516 21.046005249
0.999993026 0.002033053 0.003124254 0.461180031 -0.002042359 0.999993503 0.002978467 -0.631994724 -0.003118178 -0.002984828 0.999990702 21.554502487
0.999994159 0.001986084 0.002777033 0.472774804 -0.001994327 0.999993622 0.002968727 -0.645586729 -0.002771120 -0.002974248 0.999991775 22.068775177
0.999995410 0.001445612 0.002644983 0.477810532 -0.001454746 0.999992967 0.003454779 -0.663931072 -0.002639970 -0.003458611 0.999990523 22.547817230
0.999993086 0.002046407 0.003097134 0.475351661 -0.002056961 0.999992073 0.003408279 -0.688011765 -0.003090134 -0.003414627 0.999989390 23.052764893
0.999997258 0.001075133 0.002078141 0.491155326 -0.001083519 0.999991179 0.004038515 -0.714597523 -0.002073781 -0.004040755 0.999989688 23.581256866
0.999998391 -0.000161762 0.001795401 0.497091353 0.000154625 0.999992013 0.003974213 -0.732304633 -0.001796030 -0.003973929 0.999990523 24.106182098
0.999999344 0.000588942 0.000931826 0.515168011 -0.000592329 0.999993205 0.003638262 -0.729358256 -0.000929677 -0.003638812 0.999992907 24.635665894
0.999995410 0.002820157 0.001121822 0.507174075 -0.002824276 0.999989212 0.003687692 -0.736401916 -0.001111410 -0.003690844 0.999992549 25.029556274
0.999998569 0.001638533 0.000262036 0.515195847 -0.001639552 0.999990880 0.003937030 -0.766638219 -0.000255583 -0.003937454 0.999992192 25.673152924
0.999998689 0.001230443 -0.000979022 0.548046589 -0.001226319 0.999990404 0.004202827 -0.794551611 0.000984184 -0.004201622 0.999990702 26.217668533
0.999998152 0.001873030 -0.000446346 0.527348936 -0.001871223 0.999990165 0.004015336 -0.791867852 0.000453863 -0.004014493 0.999991834 26.799411774
0.999996841 0.002278524 -0.000977140 0.542120636 -0.002274792 0.999990284 0.003803764 -0.810630560 0.000985797 -0.003801530 0.999992311 27.348602295
0.999995291 0.002859698 -0.001051664 0.549828231 -0.002856161 0.999990404 0.003349944 -0.820618451 0.001061233 -0.003346925 0.999993920 27.903392792
0.999995947 0.002328504 -0.001621107 0.563194811 -0.002322593 0.999990642 0.003638029 -0.824838579 0.001629564 -0.003634249 0.999992013 28.473800659
0.999995053 0.002629786 -0.001696259 0.563866854 -0.002622541 0.999987483 0.004259158 -0.870182276 0.001707439 -0.004254689 0.999989510 28.905956268
0.999994457 0.002293051 -0.002407674 0.572649539 -0.002283154 0.999988973 0.004105474 -0.883836567 0.002417061 -0.004099954 0.999988735 29.448945999
0.999995172 0.001344100 -0.002776838 0.593064666 -0.001332292 0.999990106 0.004249950 -0.883386016 0.002782523 -0.004246231 0.999987125 30.080902100
0.999992728 0.003639472 -0.001248094 0.494988620 -0.003635114 0.999987364 0.003476298 -0.884809852 0.001260729 -0.003471736 0.999993205 30.452377319
0.999987543 0.004818947 -0.001256744 0.521249950 -0.004813199 0.999978125 0.004537195 -0.937184095 0.001278581 -0.004531090 0.999988914 30.991819382
0.999981761 0.005814440 -0.001604583 0.529305696 -0.005807314 0.999973416 0.004410733 -0.948871791 0.001630186 -0.004401335 0.999988973 31.539924622
0.999991238 0.002137113 -0.003604773 0.625934124 -0.002122809 0.999989808 0.003967207 -0.923903227 0.003613216 -0.003959519 0.999985635 32.272468567
0.999988139 0.002665373 -0.004091517 0.625431180 -0.002649246 0.999988735 0.003942021 -0.936343968 0.004101978 -0.003931135 0.999983788 32.809795380
0.999991000 0.001419174 -0.003993262 0.638361990 -0.001400999 0.999988616 0.004550543 -0.972463906 0.003999674 -0.004544907 0.999981642 33.350177765
0.999986470 0.001637489 -0.004937667 0.655460358 -0.001613607 0.999987006 0.004836594 -0.981939852 0.004945522 -0.004828562 0.999976099 33.911056519
0.999984443 0.002795362 -0.004808496 0.647898912 -0.002772223 0.999984562 0.004812106 -1.006050467 0.004821873 -0.004798701 0.999976814 34.427196503
0.999982178 0.002878830 -0.005217173 0.656889141 -0.002853566 0.999984205 0.004843524 -1.027751207 0.005231035 -0.004828550 0.999974668 34.943668365
0.999983251 0.002532231 -0.005190132 0.667090476 -0.002508345 0.999986231 0.004603671 -1.032392144 0.005201717 -0.004590576 0.999975920 35.502838135
0.999985635 0.002053851 -0.004955614 0.686583400 -0.002030884 0.999987185 0.004635238 -1.043637514 0.004965070 -0.004625107 0.999976993 36.141532898
0.999985218 0.001628237 -0.005188419 0.696069777 -0.001605536 0.999989092 0.004376340 -1.055304289 0.005195488 -0.004367944 0.999976933 36.697109222
0.999983907 0.001910943 -0.005334250 0.704068601 -0.001885511 0.999986827 0.004768719 -1.068781853 0.005343292 -0.004758585 0.999974430 37.232051849
0.999982119 0.001858510 -0.005682954 0.715998709 -0.001834644 0.999989450 0.004202099 -1.077077627 0.005690703 -0.004191597 0.999975085 37.781757355
0.999982715 0.001614771 -0.005656253 0.716570139 -0.001594663 0.999992371 0.003557697 -1.096229434 0.005661953 -0.003548616 0.999977648 38.324581146
0.999981105 0.000929066 -0.006075498 0.725913882 -0.000906509 0.999992669 0.003714437 -1.107328892 0.006078904 -0.003708860 0.999974608 38.874496460
0.999982357 0.001291526 -0.005798511 0.726750374 -0.001263562 0.999987543 0.004823732 -1.128215313 0.005804669 -0.004816321 0.999971569 39.398567200
0.999982715 0.000449826 -0.005853737 0.731051207 -0.000421781 0.999988377 0.004791408 -1.147344232 0.005855825 -0.004788857 0.999971390 39.951801300
0.999981284 0.000425382 -0.006102959 0.741260469 -0.000394392 0.999987006 0.005078232 -1.164001226 0.006105040 -0.005075730 0.999968469 40.498767853
0.999982357 0.001868049 -0.005643357 0.749151111 -0.001842286 0.999987841 0.004567051 -1.168611050 0.005651820 -0.004556573 0.999973655 41.046897888
0.999982119 0.001979488 -0.005654000 0.753966630 -0.001952190 0.999986470 0.004829661 -1.179709196 0.005663483 -0.004818536 0.999972343 41.587528229
0.999983311 0.001905413 -0.005455127 0.755095959 -0.001882215 0.999989152 0.004254516 -1.200163960 0.005463175 -0.004244177 0.999976099 42.114379883
0.999983966 0.002127293 -0.005262712 0.761996031 -0.002103820 0.999987781 0.004461658 -1.212181687 0.005272140 -0.004450514 0.999976218 42.667556763
0.999983191 0.001667596 -0.005559339 0.776733458 -0.001637727 0.999984205 0.005373043 -1.241713881 0.005568212 -0.005363848 0.999970138 43.163963318
0.999983072 0.002625187 -0.005196961 0.775495827 -0.002604137 0.999988377 0.004052978 -1.233305573 0.005207540 -0.004039376 0.999978244 43.762783051
0.999984860 0.003029335 -0.004604063 0.779860973 -0.003010248 0.999986827 0.004147047 -1.246303558 0.004616566 -0.004133125 0.999980748 44.305755615
0.999981105 0.002413233 -0.005652905 0.803629696 -0.002392179 0.999990165 0.003728243 -1.261214972 0.005661847 -0.003714650 0.999976993 44.832775116
0.999983490 0.003194923 -0.004770800 0.810886383 -0.003176938 0.999987841 0.003772446 -1.278576016 0.004782795 -0.003757227 0.999981463 45.386043549
0.999985158 0.003838020 -0.003860295 0.811442077 -0.003824826 0.999986827 0.003419303 -1.286654234 0.003873368 -0.003404488 0.999986649 45.935054779
0.999985933 0.003933808 -0.003556332 0.794702172 -0.003922760 0.999987483 0.003108323 -1.298495054 0.003568515 -0.003094329 0.999988794 46.491401672
0.999980867 0.004750650 -0.003957561 0.838216543 -0.004738374 0.999983966 0.003105466 -1.307097435 0.003972251 -0.003086655 0.999987364 47.030887604
0.999979317 0.004422348 -0.004664865 0.837171018 -0.004409798 0.999986649 0.002697127 -1.313146830 0.004676731 -0.002676500 0.999985456 47.582920074
0.999980569 0.004435713 -0.004377862 0.855523825 -0.004424009 0.999986649 0.002679843 -1.331957579 0.004389689 -0.002660422 0.999986827 48.121673584
0.999981761 0.004096108 -0.004420543 0.863999128 -0.004080581 0.999985516 0.003515732 -1.351487160 0.004434880 -0.003497630 0.999984026 48.659473419
0.999981165 0.004016799 -0.004623118 0.871782601 -0.004002271 0.999987066 0.003147435 -1.362695217 0.004635701 -0.003128873 0.999984384 49.201446533
0.999976993 0.005560404 -0.003864558 0.879270315 -0.005548830 0.999980092 0.002999338 -1.371532202 0.003881158 -0.002977826 0.999988019 49.750408173
0.999974370 0.006133068 -0.003696676 0.876702607 -0.006122949 0.999977410 0.002742764 -1.373636484 0.003713414 -0.002720059 0.999989390 50.271526337
0.999973893 0.006048085 -0.003950058 0.883071363 -0.006037577 0.999978244 0.002666761 -1.390312076 0.003966100 -0.002642843 0.999988675 50.799709320
0.999974012 0.006046465 -0.003909925 0.892337143 -0.006036328 0.999978364 0.002599377 -1.405507445 0.003925558 -0.002575707 0.999988914 51.378032684
0.999975145 0.005688882 -0.004171984 0.893268585 -0.005675968 0.999979019 0.003100940 -1.417157412 0.004189537 -0.003077182 0.999986470 51.912155151
0.999970078 0.006544820 -0.004130213 0.903103769 -0.006533965 0.999975204 0.002636325 -1.431269526 0.004147364 -0.002609260 0.999988019 52.461780548
0.999975741 0.005374584 -0.004428141 0.916260839 -0.005360525 0.999980509 0.003180911 -1.446418166 0.004445150 -0.003157096 0.999985158 53.003402710
0.999975324 0.005578544 -0.004250208 0.925248384 -0.005567446 0.999981046 0.002618619 -1.463911653 0.004264736 -0.002594892 0.999987483 53.571002960
0.999973059 0.006210139 -0.003915731 0.934807837 -0.006199029 0.999976754 0.002843152 -1.486174345 0.003933297 -0.002818801 0.999988317 54.150741577
0.999974370 0.006005825 -0.003890161 0.935949564 -0.005993547 0.999977052 0.003160127 -1.504518151 0.003909051 -0.003136730 0.999987423 54.677982330
0.999972284 0.006028647 -0.004366801 0.946901560 -0.006015649 0.999977529 0.002983309 -1.516734362 0.004384688 -0.002956958 0.999985993 55.230499268
0.999974012 0.005904743 -0.004136386 0.966366529 -0.005894464 0.999979496 0.002492697 -1.515120506 0.004151019 -0.002468251 0.999988317 55.786102295
0.999971330 0.006600218 -0.003715103 0.976371050 -0.006586106 0.999971032 0.003797798 -1.551616907 0.003740062 -0.003773220 0.999985814 56.328174591
0.999974668 0.005832782 -0.004076333 0.976403415 -0.005822578 0.999980032 0.002511002 -1.551780701 0.004090899 -0.002487204 0.999988556 56.907840729
0.999971867 0.006075678 -0.004381816 0.993690014 -0.006063044 0.999977410 0.002890651 -1.578081489 0.004399280 -0.002864002 0.999986172 57.436702728
0.999970615 0.006383200 -0.004243822 1.008578777 -0.006372221 0.999976277 0.002595772 -1.590454578 0.004260291 -0.002568653 0.999987602 57.959621429
0.999976158 0.005717583 -0.003858135 1.017870784 -0.005707803 0.999980450 0.002541391 -1.599259377 0.003872590 -0.002519310 0.999989331 58.493553162
0.999966860 0.007101247 -0.003985666 1.019659162 -0.007091652 0.999971926 0.002416153 -1.616687417 0.004002711 -0.002387808 0.999989152 59.045436859
0.999970436 0.007133152 -0.002877095 1.026553273 -0.007126360 0.999971807 0.002364227 -1.629462719 0.002893878 -0.002343654 0.999993086 59.581798553
0.999973714 0.005935002 -0.004161603 1.039991856 -0.005925185 0.999979615 0.002367389 -1.647236347 0.004175567 -0.002342669 0.999988496 60.105312347
0.999971092 0.006631177 -0.003721114 1.041244268 -0.006622234 0.999975145 0.002410452 -1.653531790 0.003737006 -0.002385740 0.999990165 60.674709320
0.999972165 0.006667822 -0.003322760 1.045453668 -0.006660415 0.999975264 0.002234902 -1.665875435 0.003337579 -0.002212710 0.999991894 61.228401184
0.999970794 0.007000984 -0.003066040 1.055770397 -0.006993984 0.999972939 0.002287471 -1.676311255 0.003081972 -0.002265960 0.999992609 61.759937286
0.999975085 0.006278443 -0.003235004 1.062783837 -0.006270729 0.999977410 0.002389240 -1.700032115 0.003249932 -0.002368895 0.999991834 62.292255402
0.999972522 0.006752214 -0.003059331 1.069844604 -0.006745324 0.999974728 0.002256059 -1.717131734 0.003074487 -0.002235360 0.999992788 62.840362549
0.999962866 0.008060339 -0.003050879 1.082068443 -0.008055288 0.999966145 0.001664095 -1.723743200 0.003064189 -0.001639457 0.999993980 63.369400024
0.999965906 0.007957353 -0.002190983 1.082594037 -0.007955324 0.999967933 0.000932942 -1.733190298 0.002198337 -0.000915480 0.999997139 63.930873871
0.999969184 0.007418389 -0.002545386 1.095601797 -0.007413861 0.999970913 0.001784405 -1.760850906 0.002558549 -0.001765479 0.999995172 64.443809509
0.999971569 0.007026398 -0.002727120 1.096329451 -0.007021572 0.999973774 0.001775499 -1.774204493 0.002739524 -0.001756299 0.999994695 64.980064392
0.999975741 0.006381912 -0.002762953 1.110203862 -0.006376290 0.999977589 0.002038734 -1.787714720 0.002775902 -0.002021067 0.999994099 65.538597107
0.999978304 0.006126844 -0.002422379 1.118871689 -0.006121671 0.999978960 0.002137378 -1.801552892 0.002435423 -0.002122502 0.999994755 66.081306458
0.999969959 0.007340202 -0.002482164 1.127401114 -0.007336075 0.999971628 0.001667474 -1.821314096 0.002494334 -0.001649215 0.999995530 66.637802124
0.999974668 0.006407537 -0.003103193 1.142422915 -0.006402918 0.999978364 0.001496110 -1.832532644 0.003112712 -0.001476203 0.999994040 67.189537048
0.999971986 0.006927021 -0.002839877 1.153084636 -0.006921851 0.999974310 0.001826076 -1.858220220 0.002852454 -0.001806368 0.999994278 67.730865479
0.999972582 0.006941436 -0.002579471 1.156747699 -0.006938862 0.999975383 0.001005291 -1.866655707 0.002586386 -0.000987365 0.999996185 68.275421143
0.999974072 0.006655454 -0.002755456 1.164530516 -0.006652825 0.999977350 0.000962091 -1.875970483 0.002761797 -0.000943734 0.999995768 68.814315796
0.999970973 0.007366375 -0.001952540 1.119625688 -0.007366328 0.999972880 0.000030213 -1.901820779 0.001952711 -0.000015828 0.999998033 69.460182190
0.999972522 0.006652975 -0.003277746 1.191761494 -0.006650213 0.999977529 0.000853018 -1.913884759 0.003283348 -0.000831197 0.999994278 69.905708313
0.999971330 0.007024725 -0.002844780 1.195636988 -0.007023047 0.999975204 0.000598855 -1.928934336 0.002848917 -0.000578859 0.999995768 70.456665039
0.999975562 0.006457555 -0.002671025 1.202167273 -0.006454594 0.999978542 0.001116226 -1.956932664 0.002678176 -0.001098958 0.999995768 70.978660583
0.999975979 0.006232828 -0.003006813 1.217116714 -0.006229670 0.999979973 0.001058561 -1.964337230 0.003013351 -0.001039804 0.999994934 71.530677795
0.999974191 0.006758720 -0.002425574 1.221323490 -0.006756866 0.999976993 0.000771170 -1.979118347 0.002430729 -0.000754761 0.999996781 72.069488525
0.999974906 0.006465331 -0.002926688 1.227318048 -0.006463788 0.999978900 0.000536679 -1.993441224 0.002930097 -0.000517748 0.999995589 72.613426208
0.999978542 0.005689288 -0.003221794 1.240887642 -0.005688196 0.999983788 0.000347651 -2.009666681 0.003223720 -0.000329318 0.999994755 73.165908813
0.999970376 0.006907375 -0.003377534 1.245999932 -0.006904970 0.999975979 0.000723712 -2.026515007 0.003382452 -0.000700368 0.999994040 73.719779968
0.999971390 0.007243181 -0.002141163 1.253680468 -0.007242087 0.999973655 0.000518023 -2.035878658 0.002144858 -0.000502502 0.999997556 74.336791992
0.999966383 0.008127238 -0.001103460 1.267158389 -0.008126355 0.999966621 0.000801352 -2.050455570 0.001109936 -0.000792358 0.999999046 74.907501221
0.999964595 0.008217103 -0.001825007 1.266474485 -0.008215846 0.999965966 0.000696830 -2.082676888 0.001830671 -0.000681811 0.999998093 75.453880310
0.999967396 0.007959613 -0.001356263 1.273268938 -0.007959213 0.999968290 0.000299504 -2.081798077 0.001358603 -0.000288699 0.999999046 75.935310364
0.999967337 0.008004106 -0.001103649 1.277080297 -0.008004103 0.999967933 0.000008052 -2.096410036 0.001103679 0.000000782 0.999999404 76.539245605
0.999960005 0.008900859 -0.000852110 1.279033303 -0.008900932 0.999960363 -0.000079357 -2.110277653 0.000851370 0.000086938 0.999999642 77.085205078
0.999963045 0.008498004 -0.001311410 1.302484870 -0.008497211 0.999963641 0.000608273 -2.148476601 0.001316532 -0.000597107 0.999998868 77.618705750
0.999970376 0.007620704 -0.001074392 1.285083771 -0.007619583 0.999970436 0.001046267 -2.164349556 0.001082333 -0.001038050 0.999998868 78.146858215
0.999962032 0.008713541 -0.000251548 1.282613158 -0.008713593 0.999962032 -0.000215442 -2.127693415 0.000249661 0.000217625 0.999999940 78.705741882
0.999953032 0.009674616 0.000544976 1.289387345 -0.009674706 0.999953210 0.000160946 -2.142684937 -0.000543394 -0.000166211 0.999999821 79.257843018
0.999966323 0.008204686 0.000006381 1.310473919 -0.008204683 0.999966204 -0.000493471 -2.157664776 -0.000010430 0.000493402 0.999999821 79.806427002
0.999956727 0.009294856 -0.000431249 1.345621824 -0.009294929 0.999956787 -0.000168230 -2.192074299 0.000429667 0.000172231 0.999999881 80.271369934
0.999944389 0.010433497 0.001531990 1.324502587 -0.010431920 0.999945045 -0.001034435 -2.179112673 -0.001542699 0.001018396 0.999998212 80.859695435
0.999957144 0.009000624 0.002158682 1.344875813 -0.008999270 0.999959290 -0.000636156 -2.200214624 -0.002164320 0.000616702 0.999997497 81.387825012
0.999954343 0.008807952 0.003693135 1.348614812 -0.008802159 0.999959946 -0.001582941 -2.195711374 -0.003706929 0.001550362 0.999991894 81.940551758
0.999950171 0.008762719 0.004788579 1.358606458 -0.008754941 0.999960303 -0.001643293 -2.211325645 -0.004802789 0.001601288 0.999987125 82.479667664
0.999924004 0.009113679 0.008299044 1.380840778 -0.009100257 0.999957144 -0.001653466 -2.226680994 -0.008313758 0.001577817 0.999964178 83.011077881
0.999886155 0.008889180 0.012194349 1.397146106 -0.008869165 0.999959230 -0.001694427 -2.239399433 -0.012208914 0.001586080 0.999924183 83.554443359
0.999840379 0.009625767 0.015052137 1.418985963 -0.009601994 0.999952495 -0.001650873 -2.256330490 -0.015067312 0.001506079 0.999885261 84.074996948
0.999771595 0.009229141 0.019274352 1.443951368 -0.009195585 0.999956071 -0.001828851 -2.272070408 -0.019290389 0.001651195 0.999812543 84.604942322
0.999633133 0.010069089 0.025144257 1.474743962 -0.010038665 0.999948740 -0.001335917 -2.295432091 -0.025156420 0.001083012 0.999682903 85.103210449
0.999454081 0.009132174 0.031751662 1.499935269 -0.009080376 0.999957204 -0.001775178 -2.312604666 -0.031766515 0.001485892 0.999494195 85.653854370
0.999291241 0.007635614 0.036859661 1.533668756 -0.007569981 0.999969423 -0.001919887 -2.306587458 -0.036873199 0.001639500 0.999318600 86.111412048
0.998848557 0.011860953 0.046485364 1.561312675 -0.011812045 0.999929368 -0.001326669 -2.331270218 -0.046497818 0.000776054 0.998918116 86.719131470
0.998453200 0.009950357 0.054701027 1.622662544 -0.009823753 0.999948382 -0.002582881 -2.350668192 -0.054723904 0.002041516 0.998499453 87.261627197
0.998042345 0.009969443 0.061744373 1.668723822 -0.009839406 0.999948680 -0.002409768 -2.367130280 -0.061765231 0.001797523 0.998089075 87.790496826
0.997431159 0.010181664 0.070903927 1.723937988 -0.010034966 0.999946713 -0.002424886 -2.382477045 -0.070924841 0.001707138 0.997480154 88.326850891
0.996673942 0.009909154 0.080887266 1.793847561 -0.009704147 0.999948621 -0.002927230 -2.398610115 -0.080912113 0.002132552 0.996718943 88.842025757
0.995905161 0.009986196 0.089851066 1.853665352 -0.009757462 0.999947965 -0.002984595 -2.411316633 -0.089876190 0.002095655 0.995950758 89.370628357
0.995257735 0.008975578 0.096857734 1.926568031 -0.008700657 0.999956965 -0.003260365 -2.426422119 -0.096882820 0.002402178 0.995292902 89.898056030
0.994225383 0.009608804 0.106881246 2.000318050 -0.009343346 0.999951899 -0.002984179 -2.439411163 -0.106904790 0.001968319 0.994267225 90.371833801
0.993028045 0.009678806 0.117480502 2.088371277 -0.009367944 0.999951005 -0.003198003 -2.454816103 -0.117505684 0.002075156 0.993070066 90.896278381
0.991909444 0.008715522 0.126649022 2.178362846 -0.008345862 0.999959230 -0.003449127 -2.471773148 -0.126673967 0.002364226 0.991941571 91.423934937
0.990350723 0.008804068 0.138304621 2.273550987 -0.008375216 0.999958158 -0.003682431 -2.487134695 -0.138331279 0.002488567 0.990382850 91.949890137
0.988479376 0.009135538 0.151079357 2.373634338 -0.008621748 0.999954522 -0.004055515 -2.505136728 -0.151109546 0.002706225 0.988513410 92.489898682
0.986847341 0.008393398 0.161436737 2.483018875 -0.007793551 0.999960184 -0.004348570 -2.520931482 -0.161466777 0.003033210 0.986873507 93.026458740
0.984995842 0.009052244 0.172340542 2.589582443 -0.008442582 0.999955177 -0.004270222 -2.529781342 -0.172371477 0.002751152 0.985028148 93.579544067
0.982648492 0.008054036 0.185302719 2.707881927 -0.007393762 0.999963641 -0.004253975 -2.549998045 -0.185330257 0.002810078 0.982672215 94.090950012
0.980310917 0.007846594 0.197304457 2.843183517 -0.007140546 0.999965370 -0.004289651 -2.568382740 -0.197331280 0.002796330 0.980332851 94.611213684
0.978169501 0.007421457 0.207676068 2.965183258 -0.006728208 0.999969184 -0.004044286 -2.588128090 -0.207699656 0.002558710 0.978189290 95.105430603
0.975311577 0.007485648 0.220706686 3.115159988 -0.006763021 0.999969006 -0.004029617 -2.602846622 -0.220730022 0.002437488 0.975331903 95.636589050
0.972151518 0.006770386 0.234255701 3.261280060 -0.005935446 0.999973297 -0.004269066 -2.620517254 -0.234278321 0.002759766 0.972165704 96.153854370
0.969377518 0.006918975 0.245477691 3.420757294 -0.005887693 0.999970615 -0.004934753 -2.631667137 -0.245504633 0.003338342 0.969389677 96.754257202
0.966587961 0.006764956 0.256245822 3.587253571 -0.005721190 0.999971986 -0.004818549 -2.648181438 -0.256271303 0.003191521 0.966599643 97.293098450
0.962873816 0.006784433 0.269866407 3.756820679 -0.005747140 0.999972701 -0.004633685 -2.668961525 -0.269890398 0.002910693 0.962886631 97.813400269
0.959366024 0.006128636 0.282098174 3.932668686 -0.005048662 0.999976873 -0.004555082 -2.693765163 -0.282119572 0.002945772 0.959374666 98.335166931
0.955937266 0.005468187 0.293519944 4.125133514 -0.004323652 0.999980330 -0.004548029 -2.705463648 -0.293539017 0.003078552 0.955942154 98.887580872
0.951413751 0.005904930 0.307858795 4.318386078 -0.004648743 0.999977589 -0.004813639 -2.720850229 -0.307880342 0.003148606 0.951419890 99.413108826
0.946829498 0.005054792 0.321696103 4.528862000 -0.003672362 0.999981225 -0.004903990 -2.740689516 -0.321714848 0.003461858 0.946830273 99.938644409
0.943020523 0.004687000 0.332701653 4.740671158 -0.003140817 0.999981642 -0.005185001 -2.755168200 -0.332719803 0.003844607 0.943017960 100.453651428
0.938093960 0.005068181 0.346343666 4.960823059 -0.003480728 0.999980390 -0.005205325 -2.777734518 -0.346363246 0.003677557 0.938093185 100.992538452
0.932844520 0.004891865 0.360245943 5.179048538 -0.003259909 0.999981463 -0.005137563 -2.794009447 -0.360264421 0.003618179 0.932843149 101.496780396
0.928008378 0.004242370 0.372535199 5.407175064 -0.002553629 0.999984145 -0.005026407 -2.808929443 -0.372550607 0.003713231 0.928004503 102.009963989
0.923145831 0.004173744 0.384427309 5.660869598 -0.002547894 0.999985516 -0.004738491 -2.849346876 -0.384441525 0.003394837 0.923143089 102.550781250
0.916877985 0.004056103 0.399147123 5.898975372 -0.002434815 0.999986589 -0.004568793 -2.863735676 -0.399160326 0.003217175 0.916875482 103.049049377
0.911106288 0.004044624 0.412151664 6.166801453 -0.002227044 0.999985576 -0.004890169 -2.884298325 -0.412165463 0.003537584 0.911102057 103.600326538
0.906125247 0.004262700 0.422988236 6.421451569 -0.002350433 0.999984503 -0.005042335 -2.895525694 -0.423003197 0.003574781 0.906121135 104.090156555
0.900099158 0.004032239 0.435666382 6.682434082 -0.002085156 0.999985516 -0.004947213 -2.923038244 -0.435680091 0.003544549 0.900094628 104.595878601
0.893189192 0.004832448 0.449655116 6.949596405 -0.002873663 0.999983191 -0.005038621 -2.932141781 -0.449671865 0.003208285 0.893188119 105.082809448
0.887311220 0.003252274 0.461159617 7.232376099 -0.001133955 0.999987483 -0.004870467 -2.966115236 -0.461169749 0.003798686 0.887303829 105.575607300
0.881516576 0.002984620 0.472143739 7.512233734 -0.000821842 0.999988198 -0.004786928 -2.980756283 -0.472152501 0.003831728 0.881508529 106.044181824
0.873717785 0.002772199 0.486425221 7.811161041 -0.000770495 0.999990404 -0.004315105 -3.006599426 -0.486432523 0.003395396 0.873711526 106.554901123
