1.000000000 0.000000000 0.000000000 0.000000000 0.000000000 1.000000000 0.000000000 0.000000000 0.000000000 0.000000000 1.000000000 0.000000000
1.000000000 -0.000038402 -0.000035041 0.000524999 0.000038404 1.000000000 0.000051836 -0.001027834 0.000035039 -0.000051837 1.000000000 -0.001319484
1.000000000 -0.000064597 -0.000030134 0.001378323 0.000064597 1.000000000 0.000005143 -0.000744414 0.000030134 -0.000005145 1.000000000 -0.002083022
0.999999940 -0.000200179 -0.000145694 0.001982175 0.000200190 1.000000000 0.000076417 -0.001820796 0.000145679 -0.000076446 1.000000000 -0.004308902
1.000000000 -0.000161852 -0.000106927 -0.000004855 0.000161852 1.000000000 0.000005120 0.000223070 0.000106926 -0.000005138 1.000000000 -0.003156357
1.000000000 -0.000224340 -0.000089524 0.002093579 0.000224350 0.999999940 0.000105489 -0.001541705 0.000089501 -0.000105509 1.000000000 -0.003572360
1.000000000 -0.000149789 -0.000000672 -0.000304669 0.000149789 1.000000000 0.000000804 -0.000199330 0.000000672 -0.000000804 1.000000000 -0.003205648
1.000000000 -0.000104494 -0.000069999 0.000210409 0.000104497 1.000000000 0.000051733 0.000297995 0.000069993 -0.000051741 1.000000000 -0.004331730
1.000000000 -0.000102165 -0.000043048 0.000427690 0.000102165 1.000000000 0.000005040 0.000610575 0.000043048 -0.000005044 1.000000000 -0.000225861
1.000000000 -0.000093794 -0.000077589 -0.000445393 0.000093795 1.000000000 0.000012069 0.001107184 0.000077588 -0.000012076 1.000000000 -0.001745144
1.000000000 -0.000142445 -0.000132110 0.000929453 0.000142452 1.000000000 0.000053990 -0.000363903 0.000132103 -0.000054008 1.000000000 -0.002786667
1.000000000 -0.000206415 -0.000110255 0.000228929 0.000206419 1.000000000 0.000033652 0.000438167 0.000110248 -0.000033675 1.000000000 -0.000229500
0.999999940 -0.000258830 -0.000112355 0.000125784 0.000258838 0.999999940 0.000068758 0.000523797 0.000112338 -0.000068787 1.000000000 -0.001995255
1.000000000 -0.000162730 -0.000079491 0.000576673 0.000162733 1.000000000 0.000035777 -0.000196429 0.000079485 -0.000035790 1.000000000 -0.003581774
1.000000000 -0.000183247 -0.000082872 0.000849956 0.000183256 1.000000000 0.000107666 -0.000059058 0.000082852 -0.000107681 1.000000000 -0.002415336
1.000000000 -0.000094921 -0.000044661 0.001384852 0.000094925 1.000000000 0.000090249 -0.000949657 0.000044652 -0.000090253 1.000000000 -0.005248173
1.000000000 -0.000128395 -0.000080614 0.000648454 0.000128396 1.000000000 0.000021097 0.000956175 0.000080612 -0.000021107 1.000000000 -0.001568651
1.000000000 -0.000122059 -0.000099661 0.000787127 0.000122067 1.000000000 0.000084321 -0.000041041 0.000099650 -0.000084333 1.000000000 -0.003394213
0.999999940 -0.000243021 -0.000108191 0.000241153 0.000243027 0.999999940 0.000060867 -0.000155465 0.000108176 -0.000060893 1.000000000 -0.002029530
0.999999940 -0.000220869 -0.000110125 0.001032323 0.000220872 1.000000000 0.000024258 0.000564038 0.000110120 -0.000024282 1.000000000 -0.001549987
0.999999940 -0.000248896 -0.000074977 -0.000073276 0.000248899 0.999999940 0.000034603 -0.000426654 0.000074969 -0.000034622 1.000000000 -0.002597749
1.000000000 -0.000204692 -0.000112953 0.002878338 0.000204700 1.000000000 0.000067536 0.000107654 0.000112939 -0.000067560 1.000000000 -0.001589639
1.000000000 -0.000159069 -0.000105955 0.001843790 0.000159078 1.000000000 0.000090286 -0.000625211 0.000105940 -0.000090302 1.000000000 -0.003215492
0.999999940 -0.000228594 -0.000147841 0.001376047 0.000228607 1.000000000 0.000083017 -0.000570983 0.000147822 -0.000083050 1.000000000 -0.003868532
0.999999940 -0.000262006 -0.000189946 0.002761612 0.000262020 0.999999940 0.000076146 -0.000373988 0.000189926 -0.000076196 1.000000000 -0.002993659
0.999999940 -0.000265841 -0.000125392 0.001608154 0.000265851 0.999999940 0.000077171 0.000399380 0.000125371 -0.000077205 1.000000000 -0.002073923
0.999999940 -0.000286134 -0.000178121 0.002759816 0.000286147 0.999999940 0.000070593 -0.000100791 0.000178101 -0.000070644 1.000000000 -0.004577607
0.999999940 -0.000337686 -0.000120222 0.000333801 0.000337693 0.999999940 0.000054684 -0.000241508 0.000120204 -0.000054725 1.000000000 -0.003624351
0.999999940 -0.000204805 -0.000150098 0.001874345 0.000204818 1.000000000 0.000092787 0.000158024 0.000150079 -0.000092818 1.000000000 -0.002719251
1.000000000 -0.000188054 -0.000123331 0.002390181 0.000188066 1.000000000 0.000095100 -0.000817699 0.000123313 -0.000095123 1.000000000 -0.004080433
0.999999940 -0.000269628 -0.000156652 0.000391745 0.000269643 0.999999940 0.000097991 0.000867197 0.000156626 -0.000098033 1.000000000 -0.001440806
0.999999940 -0.000269137 -0.000132047 0.000698065 0.000269150 0.999999940 0.000101545 0.000296385 0.000132020 -0.000101581 1.000000000 -0.003352459
0.999999940 -0.000264889 -0.000152214 0.001693487 0.000264894 0.999999940 0.000037919 0.000428735 0.000152204 -0.000037960 1.000000000 -0.001312419
0.999999940 -0.000283598 -0.000148649 0.001108230 0.000283602 0.999999940 0.000027254 0.000333195 0.000148641 -0.000027296 1.000000000 -0.000805005
0.999999940 -0.000291246 -0.000128897 0.000823688 0.000291256 0.999999940 0.000080958 -0.000631616 0.000128874 -0.000080995 1.000000000 -0.004978112
0.999999940 -0.000289625 -0.000206100 0.003021948 0.000289634 0.999999940 0.000042653 0.000169358 0.000206088 -0.000042713 1.000000000 -0.003470006
0.999999940 -0.000188394 -0.000157795 0.002657451 0.000188412 1.000000000 0.000110203 -0.000224947 0.000157774 -0.000110233 1.000000000 -0.006624729
0.999999940 -0.000315425 -0.000163847 0.001170248 0.000315437 0.999999940 0.000071687 -0.000198783 0.000163824 -0.000071739 1.000000000 -0.003464370
0.999999940 -0.000204987 -0.000142253 0.000811498 0.000205003 1.000000000 0.000113506 -0.000275135 0.000142230 -0.000113535 1.000000000 -0.002078106
0.999999940 -0.000207362 -0.000132259 0.002195502 0.000207366 1.000000000 0.000026996 -0.000877810 0.000132254 -0.000027024 1.000000000 0.000921018
0.999999940 -0.000330764 -0.000116152 0.001693974 0.000330710 0.999999821 -0.000465175 -0.001650200 0.000116306 0.000465137 0.999999881 0.049099039
1.000000000 -0.000115359 -0.000141251 0.001838879 0.000115204 0.999999404 -0.001097584 -0.004376179 0.000141378 0.001097568 0.999999404 0.141477957
0.999999940 -0.000190570 -0.000193786 0.005573729 0.000190298 0.999998987 -0.001402061 -0.008361080 0.000194053 0.001402024 0.999998987 0.254696935
1.000000000 -0.000206722 -0.000110366 0.005715736 0.000206570 0.999999046 -0.001379655 -0.012412877 0.000110651 0.001379632 0.999999046 0.389026761
1.000000000 -0.000118221 -0.000208407 0.009211842 0.000117988 0.999999344 -0.001117767 -0.018259868 0.000208539 0.001117743 0.999999344 0.528185248
1.000000000 -0.000183358 -0.000103223 0.012695503 0.000183252 0.999999464 -0.001029004 -0.022568112 0.000103411 0.001028985 0.999999464 0.684037328
0.999999881 -0.000391582 -0.000222453 0.021378078 0.000391384 0.999999523 -0.000889651 -0.025531944 0.000222802 0.000889564 0.999999583 0.842758715
1.000000000 0.000172064 0.000047770 0.017617637 -0.000172029 0.999999702 -0.000745726 -0.025362123 -0.000047898 0.000745718 0.999999702 1.021423697
1.000000000 -0.000137356 -0.000169767 0.027464546 0.000137266 0.999999821 -0.000531557 -0.036211111 0.000169840 0.000531534 0.999999821 1.180127025
1.000000000 0.000000672 0.000005335 0.029457733 -0.000000671 0.999999940 -0.000337858 -0.040458683 -0.000005335 0.000337858 0.999999940 1.369835734
0.999999702 0.000676664 -0.000309483 0.026207471 -0.000676703 0.999999702 -0.000123759 -0.060050726 0.000309400 0.000123969 0.999999940 1.545633197
0.999999881 0.000523732 -0.000046794 0.025016159 -0.000523739 0.999999821 -0.000145326 -0.064129151 0.000046718 0.000145351 0.999999940 1.744916677
0.999999940 0.000073811 -0.000278670 0.036929823 -0.000073730 0.999999940 0.000288980 -0.072932214 0.000278691 -0.000288959 0.999999940 1.944847226
0.999999583 0.000838187 0.000248774 0.029339451 -0.000838222 0.999999642 0.000140465 -0.077556677 -0.000248656 -0.000140674 0.999999940 2.164194345
0.999999940 0.000330145 -0.000261855 0.036986705 -0.000330002 0.999999821 0.000545435 -0.089214064 0.000262035 -0.000545349 0.999999821 2.372668028
0.999999762 0.000455987 -0.000444488 0.044178829 -0.000455792 0.999999821 0.000438050 -0.094067469 0.000444688 -0.000437847 0.999999821 2.598855495
0.999999940 0.000265564 -0.000266746 0.047923911 -0.000265436 0.999999881 0.000478492 -0.101977617 0.000266873 -0.000478421 0.999999881 2.830491543
0.999999881 0.000463781 -0.000178978 0.053389560 -0.000463691 0.999999702 0.000502519 -0.106439777 0.000179211 -0.000502436 0.999999881 3.055373907
0.999999881 0.000466214 -0.000060386 0.051976733 -0.000466182 0.999999702 0.000526364 -0.114912771 0.000060632 -0.000526335 0.999999821 3.303839922
0.999999881 0.000512474 0.000045634 0.055714693 -0.000512500 0.999999702 0.000580861 -0.123109505 -0.000045337 -0.000580885 0.999999762 3.561654329
1.000000000 -0.000063202 -0.000189385 0.065941557 0.000063460 0.999998987 0.001362615 -0.139557853 0.000189299 -0.001362627 0.999999046 3.781308413
0.999999940 0.000248234 -0.000032723 0.070504308 -0.000248188 0.999998987 0.001392745 -0.145661891 0.000033069 -0.001392737 0.999998987 4.041591644
0.999999940 0.000445743 0.000140959 0.071537554 -0.000445999 0.999998212 0.001821982 -0.151786953 -0.000140147 -0.001822045 0.999998331 4.298428059
0.999999881 0.000318403 0.000157868 0.075388566 -0.000318681 0.999998391 0.001764826 -0.162950873 -0.000157306 -0.001764877 0.999998391 4.555563927
0.999999881 0.000254191 0.000375075 0.083645776 -0.000254901 0.999998152 0.001893134 -0.170406684 -0.000374593 -0.001893229 0.999998212 4.813777924
0.999999940 0.000096552 0.000182144 0.089478888 -0.000096944 0.999997675 0.002152456 -0.179575667 -0.000181936 -0.002152474 0.999997616 5.072000980
0.999999881 0.000219152 0.000544936 0.086257122 -0.000220256 0.999997914 0.002026940 -0.183167413 -0.000544491 -0.002027059 0.999997854 5.334019661
0.999999762 0.000488775 0.000459109 0.096894138 -0.000489771 0.999997497 0.002171667 -0.193196952 -0.000458046 -0.002171892 0.999997556 5.575942516
1.000000000 0.000023350 0.000024677 0.096150599 -0.000023405 0.999997497 0.002225275 -0.216068059 -0.000024625 -0.002225276 0.999997437 5.882376671
1.000000000 -0.000133303 0.000017092 0.104199022 0.000133262 0.999997139 0.002395712 -0.226536021 -0.000017411 -0.002395710 0.999997079 6.156983852
1.000000000 -0.000236241 0.000040337 0.105643623 0.000236142 0.999996960 0.002436171 -0.231916025 -0.000040913 -0.002436162 0.999996960 6.448445797
0.999999940 -0.000023844 0.000327514 0.109470628 0.000023058 0.999997020 0.002400090 -0.241047278 -0.000327570 -0.002400082 0.999997020 6.722752094
0.999999881 0.000311548 0.000377435 0.112083212 -0.000312458 0.999997020 0.002413132 -0.249701053 -0.000376682 -0.002413249 0.999997020 7.037895679
0.999999881 -0.000160784 0.000350842 0.128721714 0.000159891 0.999996662 0.002543770 -0.261993170 -0.000351250 -0.002543714 0.999996722 7.313863277
0.999999702 0.000504064 0.000601028 0.135558426 -0.000505736 0.999996006 0.002784674 -0.281921953 -0.000599621 -0.002784977 0.999995947 7.631348610
0.999999821 -0.000230766 0.000509979 0.145770907 0.000229296 0.999995887 0.002880314 -0.291104466 -0.000510642 -0.002880196 0.999995708 7.945885658
0.999999881 -0.000162367 0.000374907 0.152883768 0.000161248 0.999995589 0.002983471 -0.302421242 -0.000375390 -0.002983410 0.999995470 8.266034126
0.999999285 0.000766319 0.000889560 0.145562395 -0.000769022 0.999995053 0.003042039 -0.310530931 -0.000887225 -0.003042721 0.999994993 8.600251198
0.999999225 0.000876113 0.000866636 0.147786066 -0.000878649 0.999995351 0.002929452 -0.316703171 -0.000864066 -0.002930212 0.999995351 8.936446190
0.999998927 0.000992750 0.001036814 0.157254666 -0.000995906 0.999994874 0.003048171 -0.329896361 -0.001033783 -0.003049200 0.999994755 9.273289680
0.999999166 0.000896710 0.000881142 0.163563669 -0.000899446 0.999994695 0.003109445 -0.336505055 -0.000878349 -0.003110235 0.999994814 9.626666069
0.999999702 0.000326967 0.000684536 0.183558881 -0.000329230 0.999994457 0.003308497 -0.350056946 -0.000683450 -0.003308721 0.999994218 9.968537331
0.999999821 0.000071516 0.000497857 0.195807487 -0.000073154 0.999994576 0.003289891 -0.362041116 -0.000497619 -0.003289927 0.999994397 10.323885918
0.999999940 0.000035703 0.000466051 0.202588171 -0.000037343 0.999993801 0.003520174 -0.372155100 -0.000465922 -0.003520191 0.999993682 10.684633255
0.999999583 0.000044342 0.000895305 0.202298522 -0.000047541 0.999993622 0.003573666 -0.381378263 -0.000895140 -0.003573707 0.999993205 11.066916466
0.999999523 0.000242877 0.000989898 0.212397799 -0.000246549 0.999993086 0.003711235 -0.392691284 -0.000988990 -0.003711477 0.999992609 11.446086884
0.999999225 0.000456199 0.001144210 0.215668485 -0.000460312 0.999993503 0.003597072 -0.397256613 -0.001142561 -0.003597595 0.999992907 11.835350037
0.999999404 0.000254428 0.001006552 0.224848494 -0.000258411 0.999992192 0.003958392 -0.412713289 -0.001005537 -0.003958650 0.999991655 12.209233284
0.999998868 0.000870938 0.001189617 0.237760335 -0.000875750 0.999991417 0.004050731 -0.426525563 -0.001186079 -0.004051768 0.999991059 12.590070724
0.999998689 0.000970666 0.001321059 0.242884129 -0.000976458 0.999989927 0.004391032 -0.438792259 -0.001316783 -0.004392315 0.999989450 12.997347832
0.999999225 0.000745111 0.001042699 0.259009480 -0.000749746 0.999989867 0.004451534 -0.453678191 -0.001039372 -0.004452312 0.999989510 13.397637367
0.999998689 0.000932734 0.001358829 0.266348362 -0.000938814 0.999989569 0.004480515 -0.463455379 -0.001354635 -0.004481784 0.999988973 13.794962883
0.999998152 0.001238252 0.001483841 0.277792692 -0.001245339 0.999987841 0.004784909 -0.471800536 -0.001477898 -0.004786747 0.999987423 14.209706306
0.999998927 -0.000449748 0.001377598 0.277534515 0.000442637 0.999986529 0.005158378 -0.517958105 -0.001379900 -0.005157763 0.999985754 14.592350960
0.999998271 -0.001061634 0.001538449 0.284850478 0.001052985 0.999983668 0.005611608 -0.529800594 -0.001544381 -0.005609978 0.999983072 15.019974709
0.999998271 -0.001051625 0.001536417 0.297663778 0.001042601 0.999982297 0.005862123 -0.542089939 -0.001542554 -0.005860511 0.999981582 15.454277039
0.999997377 -0.000701910 0.002233718 0.311422676 0.000688839 0.999982655 0.005847247 -0.562033534 -0.002237783 -0.005845693 0.999980390 15.895995140
0.999996781 -0.000890199 0.002403172 0.324450523 0.000875768 0.999981642 0.005999290 -0.574013472 -0.002408469 -0.005997167 0.999979138 16.337228775
0.999996483 -0.000196662 0.002642967 0.333908260 0.000180396 0.999980986 0.006153139 -0.593576849 -0.002644127 -0.006152641 0.999977589 16.777793884
0.999995828 0.000273837 0.002889128 0.343195051 -0.000292017 0.999980032 0.006293954 -0.605614007 -0.002887347 -0.006294771 0.999976039 17.239557266
0.999994695 -0.000204269 0.003253875 0.353246838 0.000183517 0.999979675 0.006376650 -0.612321794 -0.003255111 -0.006376018 0.999974370 17.679918289
0.999993026 -0.000638049 0.003697927 0.368303567 0.000614515 0.999979675 0.006361724 -0.627519906 -0.003701911 -0.006359407 0.999972880 18.129283905
0.999991477 -0.000635188 0.004091709 0.379795015 0.000609069 0.999979556 0.006381491 -0.639179707 -0.004095678 -0.006378944 0.999971330 18.603969574
0.999992728 -0.000311070 0.003779400 0.390582740 0.000287114 0.999979854 0.006337449 -0.658541203 -0.003781295 -0.006336318 0.999972761 19.077932358
0.999991715 0.000326907 0.004048423 0.403498352 -0.000353374 0.999978542 0.006538693 -0.670309365 -0.004046200 -0.006540070 0.999970436 19.546272278
0.999991536 0.000370377 0.004113473 0.413914949 -0.000398434 0.999976635 0.006822047 -0.681878686 -0.004110850 -0.006823627 0.999968231 20.028831482
0.999992788 -0.000045032 0.003782799 0.429346204 0.000019336 0.999976933 0.006792584 -0.691946268 -0.003783017 -0.006792462 0.999969721 20.529672623
0.999995351 -0.001268099 0.002783778 0.467461944 0.001247193 0.999971032 0.007499168 -0.733345866 -0.002793207 -0.007495660 0.999967933 20.987026215
0.999996245 -0.001257597 0.002438128 0.477190793 0.001239591 0.999972045 0.007372791 -0.745141625 -0.002447331 -0.007369741 0.999969840 21.485723495
0.999997497 -0.000659188 0.002157496 0.478147656 0.000643278 0.999972641 0.007366901 -0.757614791 -0.002162294 -0.007365494 0.999970496 21.983108521
0.999997318 -0.000762458 0.002213661 0.487657368 0.000745947 0.999971986 0.007449819 -0.762123942 -0.002219279 -0.007448147 0.999969780 22.492805481
0.999997795 -0.001229239 0.001655308 0.491684198 0.001215655 0.999965727 0.008181988 -0.794319749 -0.001665309 -0.008179958 0.999965131 22.964195251
0.999997020 -0.002369940 0.000506742 0.508119404 0.002365952 0.999967337 0.007730815 -0.807645023 -0.000525047 -0.007729594 0.999969959 23.487297058
0.999996722 -0.002516741 0.000324617 0.516403615 0.002514063 0.999964774 0.008002093 -0.820467472 -0.000344745 -0.008001251 0.999967873 24.014007568
0.999998331 -0.001814956 -0.000269087 0.517782629 0.001817048 0.999966443 0.007990004 -0.836321473 0.000254576 -0.007990479 0.999968052 24.496498108
0.999998748 -0.001325023 -0.000950395 0.526329458 0.001332818 0.999965131 0.008248253 -0.845181942 0.000939433 -0.008249509 0.999965549 25.039003372
0.999997258 -0.001525907 -0.001797995 0.538896084 0.001541578 0.999960601 0.008746724 -0.858991742 0.001784578 -0.008749470 0.999960184 25.557470322
0.999995172 -0.002068216 -0.002288931 0.542899966 0.002086720 0.999964952 0.008111245 -0.869299114 0.002272075 -0.008115984 0.999964476 26.099697113
0.999993145 -0.002697609 -0.002531101 0.549373984 0.002720242 0.999956012 0.008981314 -0.882908225 0.002506762 -0.008988139 0.999956429 26.649068832
0.999987721 -0.003394986 -0.003618550 0.574921906 0.003428545 0.999950707 0.009308441 -0.901369095 0.003586771 -0.009320731 0.999950171 27.201110840
0.999988854 -0.002726473 -0.003862869 0.579796910 0.002761392 0.999955177 0.009063383 -0.919484079 0.003837985 -0.009073948 0.999951482 27.716886520
0.999987185 -0.002674457 -0.004291596 0.569569826 0.002713270 0.999955177 0.009063539 -0.924823999 0.004267164 -0.009075065 0.999949694 28.228164673
0.999982536 -0.003054507 -0.005059887 0.576948166 0.003101878 0.999951124 0.009380761 -0.938973546 0.005030986 -0.009396291 0.999943137 28.777915955
0.999984801 -0.002263051 -0.005028039 0.581947863 0.002308879 0.999955714 0.009127242 -0.951348186 0.005007161 -0.009138713 0.999945641 29.326778412
0.999983490 -0.002469831 -0.005188477 0.595291018 0.002519966 0.999949992 0.009678627 -0.970789194 0.005164312 -0.009691545 0.999939620 29.805545807
0.999983490 -0.002224175 -0.005293426 0.601368845 0.002275374 0.999950528 0.009685888 -0.981713891 0.005271621 -0.009697773 0.999939084 30.361381531
0.999981999 -0.002125805 -0.005603511 0.614961982 0.002178744 0.999952972 0.009458455 -0.992952585 0.005583139 -0.009470494 0.999939561 30.894248962
0.999980092 -0.002203662 -0.005923231 0.641125679 0.002256249 0.999957860 0.008886021 -1.001881719 0.005903400 -0.008899206 0.999942958 31.429580688
0.999972999 -0.003644355 -0.006377362 0.640590012 0.003707926 0.999943197 0.009984990 -1.036189437 0.006340612 -0.010008367 0.999929726 31.950942993
0.999975145 -0.003430174 -0.006150200 0.654782534 0.003491271 0.999944329 0.009951002 -1.042642832 0.006115724 -0.009972229 0.999931514 32.484390259
0.999968112 -0.003764699 -0.007053507 0.659963846 0.003834451 0.999943674 0.009901701 -1.051396847 0.007015834 -0.009928429 0.999926031 33.055290222
0.999969780 -0.003419708 -0.006986083 0.654609203 0.003484283 0.999951124 0.009252145 -1.056065440 0.006954102 -0.009276206 0.999932826 33.589363098
0.999966323 -0.003452413 -0.007444012 0.665323734 0.003527756 0.999942422 0.010132012 -1.084710836 0.007408604 -0.010157930 0.999920964 34.093551636
0.999961793 -0.003634420 -0.007959333 0.679028034 0.003712994 0.999944329 0.009879491 -1.088238955 0.007922985 -0.009908666 0.999919534 34.642723083
0.999959648 -0.003796394 -0.008144397 0.689353287 0.003878439 0.999941647 0.010081739 -1.097596049 0.008105648 -0.010112919 0.999916017 35.195266724
0.999956787 -0.004012464 -0.008390328 0.696801305 0.004095166 0.999943018 0.009863012 -1.106570244 0.008350275 -0.009896945 0.999916196 35.754646301
0.999967217 -0.002705875 -0.007634053 0.678828001 0.002778620 0.999950647 0.009534689 -1.114659071 0.007607876 -0.009555589 0.999925435 36.213562012
0.999957740 -0.004280444 -0.008150696 0.683649004 0.004364531 0.999937117 0.010326765 -1.136505365 0.008105980 -0.010361899 0.999913454 36.728752136
0.999952018 -0.004770041 -0.008561681 0.692949891 0.004858245 0.999934971 0.010311142 -1.146704197 0.008511940 -0.010352239 0.999910176 37.277694702
0.999944329 -0.005408014 -0.009063664 0.708665073 0.005501131 0.999931991 0.010280315 -1.147604227 0.009007452 -0.010329603 0.999906063 37.844924927
0.999953389 -0.004201964 -0.008692509 0.698513269 0.004288679 0.999940932 0.009981389 -1.170530200 0.008650053 -0.010018203 0.999912441 38.380226135
0.999952078 -0.004220565 -0.008840159 0.711181402 0.004308746 0.999940991 0.009979761 -1.184508324 0.008797516 -0.010017371 0.999911129 38.912776947
0.999955177 -0.003788820 -0.008692264 0.696899414 0.003875868 0.999942303 0.010019470 -1.197246313 0.008653801 -0.010052709 0.999912024 39.397052765
0.999953330 -0.003648789 -0.008955169 0.712972105 0.003741801 0.999939024 0.010391690 -1.216729760 0.008916706 -0.010424712 0.999905884 39.922565460
0.999950230 -0.004315416 -0.008994235 0.712394357 0.004408538 0.999936700 0.010359528 -1.225979090 0.008948958 -0.010398665 0.999905884 40.506580353
0.999955177 -0.003695833 -0.008719573 0.710631728 0.003787688 0.999937236 0.010541471 -1.233087420 0.008680067 -0.010574026 0.999906361 41.045642853
0.999954760 -0.003470965 -0.008859564 0.721567869 0.003556409 0.999947250 0.009646829 -1.226902485 0.008825613 -0.009677898 0.999914229 41.613349915
0.999941111 -0.005094337 -0.009580489 0.728468597 0.005202368 0.999922812 0.011285299 -1.281238317 0.009522259 -0.011334475 0.999890447 42.080722809
0.999938607 -0.005293913 -0.009738717 0.734506965 0.005407785 0.999916911 0.011703760 -1.290690422 0.009675952 -0.011755708 0.999884129 42.636169434
0.999933362 -0.005335985 -0.010233788 0.740692616 0.005453771 0.999918878 0.011516348 -1.300613165 0.010171508 -0.011571392 0.999881387 43.184253693
0.999939919 -0.005393023 -0.009543238 0.732776046 0.005500698 0.999921083 0.011292837 -1.309458494 0.009481583 -0.011344651 0.999890685 43.668106079
0.999939859 -0.005135965 -0.009688056 0.740237772 0.005246711 0.999920845 0.011440698 -1.320619583 0.009628529 -0.011490840 0.999887586 44.210700989
0.999942839 -0.004848062 -0.009521283 0.744058490 0.004954981 0.999924541 0.011238226 -1.334005713 0.009466078 -0.011284761 0.999891520 44.738662720
0.999940395 -0.005004868 -0.009698031 0.755985260 0.005113517 0.999924064 0.011211044 -1.342785478 0.009641185 -0.011259967 0.999890149 45.299324036
0.999941111 -0.005146300 -0.009552350 0.754015923 0.005255908 0.999920189 0.011485165 -1.361034632 0.009492482 -0.011534696 0.999888361 45.793071747
0.999941468 -0.004805207 -0.009691530 0.767040074 0.004914005 0.999924839 0.011233710 -1.368138790 0.009636821 -0.011280675 0.999889970 46.319152832
0.999938488 -0.004919929 -0.009935598 0.771692276 0.005029155 0.999926865 0.010998525 -1.368265629 0.009880760 -0.011047817 0.999890149 46.881938934
0.999941826 -0.005082675 -0.009512907 0.763045371 0.005197187 0.999913871 0.012051748 -1.405773878 0.009450832 -0.012100487 0.999882102 47.320045471
0.999943078 -0.004940832 -0.009457671 0.773000479 0.005053404 0.999916196 0.011915991 -1.413572788 0.009398003 -0.011963105 0.999884248 47.864280701
0.999935746 -0.005653643 -0.009829486 0.780885875 0.005773727 0.999908507 0.012231644 -1.424837112 0.009759434 -0.012287610 0.999876857 48.405475616
0.999937773 -0.005343173 -0.009795929 0.779124856 0.005462458 0.999910772 0.012190958 -1.440985203 0.009729917 -0.012243710 0.999877691 48.888256073
0.999943435 -0.004669098 -0.009558037 0.782920539 0.004779096 0.999922276 0.011518127 -1.420989633 0.009503514 -0.011563152 0.999887943 49.491283417
0.999940276 -0.005182150 -0.009623789 0.780436277 0.005297817 0.999913633 0.012032554 -1.462910771 0.009560604 -0.012082822 0.999881268 49.973449707
0.999939501 -0.005274993 -0.009643552 0.786341131 0.005397061 0.999905109 0.012676162 -1.480042696 0.009575769 -0.012727444 0.999873102 50.422470093
0.999938905 -0.005176312 -0.009768107 0.786778569 0.005298157 0.999907970 0.012489302 -1.488345623 0.009702560 -0.012540292 0.999874294 50.962669373
0.999943018 -0.005038190 -0.009412196 0.779032946 0.005157876 0.999905586 0.012735396 -1.500399113 0.009347143 -0.012783216 0.999874532 51.465492249
0.999943197 -0.004842337 -0.009502743 0.786979079 0.004962324 0.999907732 0.012643817 -1.504502535 0.009440642 -0.012690253 0.999874830 52.004550934
0.999945045 -0.004782754 -0.009323280 0.795303285 0.004899745 0.999909043 0.012566037 -1.513753653 0.009262331 -0.012611030 0.999877572 52.523067474
0.999941647 -0.005007957 -0.009573427 0.802882135 0.005129161 0.999906421 0.012678088 -1.523273349 0.009509041 -0.012726450 0.999873757 53.070941925
0.999939084 -0.005064671 -0.009811664 0.817768276 0.005188946 0.999906182 0.012682289 -1.531246543 0.009746511 -0.012732428 0.999871433 53.583923340
0.999945402 -0.004731140 -0.009318629 0.802835822 0.004845129 0.999913216 0.012247956 -1.538175702 0.009259875 -0.012292435 0.999881506 54.074848175
0.999943435 -0.004852263 -0.009457533 0.807678699 0.004966730 0.999914229 0.012117526 -1.544774532 0.009397924 -0.012163814 0.999881804 54.621498108
0.999942839 -0.004782768 -0.009559175 0.813796759 0.004900364 0.999912202 0.012316532 -1.556172848 0.009499428 -0.012362673 0.999878407 55.172836304
0.999944448 -0.004766979 -0.009391536 0.825463474 0.004882866 0.999911726 0.012355502 -1.564910412 0.009331807 -0.012400675 0.999879539 55.638092041
0.999944746 -0.004841783 -0.009319725 0.831808686 0.004956455 0.999911785 0.012320799 -1.571859002 0.009259247 -0.012366313 0.999880612 56.180995941
0.999946594 -0.004963671 -0.009057219 0.837986946 0.005075718 0.999910355 0.012390235 -1.590833902 0.008994907 -0.012435547 0.999882102 56.708053589
0.999948502 -0.004607754 -0.009035215 0.847736716 0.004715018 0.999918282 0.011886611 -1.587534308 0.008979704 -0.011928602 0.999888480 57.275894165
0.999943674 -0.005222240 -0.009240357 0.849011838 0.005335848 0.999909937 0.012313080 -1.593359470 0.009175223 -0.012361693 0.999881506 57.704429626
0.999939978 -0.005349637 -0.009559864 0.858076036 0.005466866 0.999909639 0.012278805 -1.606931686 0.009493312 -0.012330329 0.999878943 58.243125916
0.999947011 -0.004999094 -0.008998974 0.864597142 0.005110709 0.999909759 0.012423019 -1.616115332 0.008936057 -0.012468351 0.999882340 58.792972565
0.999945700 -0.005130982 -0.009071657 0.860199690 0.005242886 0.999909937 0.012355151 -1.615012050 0.009007446 -0.012402041 0.999882519 59.263820648
0.999952197 -0.004327843 -0.008768978 0.910885096 0.004430420 0.999921679 0.011712326 -1.603996277 0.008717603 -0.011750616 0.999892890 60.004116058
0.999944448 -0.005039186 -0.009265679 0.888313353 0.005155758 0.999907315 0.012600450 -1.632944345 0.009201325 -0.012647521 0.999877691 60.375507355
0.999955595 -0.004072850 -0.008501117 0.888064265 0.004179163 0.999912798 0.012525707 -1.641964197 0.008449362 -0.012560676 0.999885380 60.915019989
0.999946833 -0.004855013 -0.009097598 0.883577585 0.004962273 0.999918044 0.011804835 -1.648360729 0.009039539 -0.011849352 0.999888897 61.447723389
0.999942720 -0.004983869 -0.009469268 0.919959426 0.005097475 0.999914885 0.012011428 -1.658919811 0.009408598 -0.012059009 0.999883056 61.954166412
0.999951184 -0.004052370 -0.009008304 0.923590660 0.004166143 0.999911368 0.012647022 -1.707295179 0.008956254 -0.012683935 0.999879420 62.399055481
0.999953032 -0.003887163 -0.008868847 0.921511889 0.003999727 0.999911249 0.012709797 -1.713851213 0.008818656 -0.012744674 0.999879837 62.938793182
0.999952793 -0.003832238 -0.008923999 0.922339678 0.003945305 0.999911726 0.012687057 -1.724097729 0.008874591 -0.012721666 0.999879658 63.479438782
0.999960661 -0.003147524 -0.008290270 0.912713826 0.003249196 0.999919355 0.012279249 -1.730348587 0.008250952 -0.012305701 0.999890268 64.025382996
0.999962270 -0.002827189 -0.008211823 0.929978371 0.002927303 0.999921203 0.012205109 -1.739963055 0.008176669 -0.012228688 0.999891758 64.493125916
0.999965489 -0.002773277 -0.007824850 0.933601499 0.002866403 0.999924898 0.011915296 -1.745258093 0.007791218 -0.011937315 0.999898434 65.048759460
0.999965608 -0.002586753 -0.007889257 0.943336546 0.002680917 0.999925017 0.011948545 -1.752919912 0.007857759 -0.011969285 0.999897480 65.589431763
0.999960542 -0.003317828 -0.008247426 0.957848668 0.003418502 0.999919415 0.012222712 -1.768623352 0.008206209 -0.012250423 0.999891222 66.110198975
0.999966264 -0.002134466 -0.007927505 0.942847252 0.002234748 0.999917328 0.012662661 -1.803993940 0.007899822 -0.012679950 0.999888361 66.544334412
0.999969661 -0.001777135 -0.007582827 0.953879714 0.001874214 0.999916077 0.012814624 -1.814585567 0.007559418 -0.012828448 0.999889195 67.078498840
0.999966025 -0.002215869 -0.007936070 0.960406482 0.002317174 0.999915659 0.012778738 -1.817858219 0.007907083 -0.012796694 0.999886811 67.635635376
0.999970019 -0.001148698 -0.007646215 0.962428391 0.001241144 0.999926090 0.012096773 -1.819637299 0.007631756 -0.012105905 0.999897599 68.143684387
0.999969304 -0.001418089 -0.007712293 0.968865514 0.001511205 0.999925852 0.012081324 -1.833429098 0.007694589 -0.012092609 0.999897301 68.678169250
0.999967217 -0.002096070 -0.007819405 0.960031390 0.002195983 0.999915779 0.012790999 -1.851807833 0.007791935 -0.012807753 0.999887645 69.163070679
0.999962687 -0.002986826 -0.008095674 0.970635116 0.003091166 0.999911964 0.012906680 -1.862986326 0.008056411 -0.012931225 0.999883950 69.709060669
0.999963343 -0.002657811 -0.008138226 0.981779099 0.002760537 0.999916375 0.012637564 -1.868341208 0.008103956 -0.012659567 0.999887049 70.243598938
0.999967575 -0.002065958 -0.007772474 0.979313731 0.002166240 0.999914229 0.012916142 -1.885029078 0.007745123 -0.012932562 0.999886334 70.752510071
0.999966323 -0.002153443 -0.007918663 0.991571486 0.002251443 0.999920666 0.012387753 -1.886888504 0.007891359 -0.012405165 0.999891996 71.290740967
0.999972403 -0.001538494 -0.007270421 0.981520474 0.001632069 0.999915659 0.012882267 -1.910277843 0.007249990 -0.012893776 0.999890506 71.801933289
0.999974132 -0.001362781 -0.007066109 0.991668880 0.001455377 0.999912977 0.013115620 -1.922096252 0.007047619 -0.013125566 0.999888957 72.358901978
0.999971092 -0.002098582 -0.007311651 1.010767341 0.002195283 0.999909937 0.013242872 -1.943956733 0.007283201 -0.013258542 0.999885499 72.874153137
0.999968171 -0.002248137 -0.007654446 1.016489029 0.002348265 0.999911487 0.013097323 -1.942152262 0.007624324 -0.013114884 0.999884903 73.359741211
0.999976933 -0.001121121 -0.006699305 0.998741746 0.001207682 0.999915659 0.012930753 -1.955593824 0.006684244 -0.012938543 0.999893963 73.903289795
0.999975204 -0.001001303 -0.006967536 1.006826639 0.001092320 0.999913931 0.013071429 -1.962197185 0.006953848 -0.013078716 0.999890327 74.437461853
0.999977469 -0.000656741 -0.006685781 1.014441729 0.000741703 0.999918878 0.012713273 -1.963500500 0.006676890 -0.012717946 0.999896884 74.996528625
0.999975979 -0.001079938 -0.006838117 1.008914351 0.001167627 0.999916971 0.012832623 -1.977960706 0.006823690 -0.012840299 0.999894321 75.548004150
0.999974132 -0.001299283 -0.007073601 1.013717413 0.001390192 0.999916315 0.012862178 -1.989324927 0.007056299 -0.012871679 0.999892235 76.095268250
0.999979734 -0.000857208 -0.006309755 1.010511398 0.000937630 0.999918222 0.012753849 -2.002427816 0.006298307 -0.012759508 0.999898732 76.579612732
0.999982655 -0.000440122 -0.005878929 1.014541268 0.000516635 0.999915063 0.013019616 -2.011141777 0.005872700 -0.013022427 0.999897957 77.119819641
0.999982059 -0.000531948 -0.005970390 1.017910480 0.000609343 0.999915719 0.012968831 -2.022954464 0.005962989 -0.012972238 0.999898076 77.641242981
0.999981701 -0.000338979 -0.006042184 1.024401426 0.000415424 0.999919772 0.012655231 -2.028455734 0.006037409 -0.012657509 0.999901652 78.184394836
0.999983966 -0.000569447 -0.005632373 1.027658939 0.000641700 0.999917448 0.012834694 -2.032436371 0.005624599 -0.012838101 0.999901772 78.714530945
0.999989092 -0.000510753 -0.004640997 1.036900997 0.000569361 0.999920011 0.012635730 -2.038789988 0.004634172 -0.012638233 0.999909401 79.261123657
0.999995112 -0.000337460 -0.003104603 1.042102814 0.000376350 0.999921381 0.012534630 -2.057403564 0.003100130 -0.012535737 0.999916613 79.804481506
0.999997914 -0.000992607 -0.001758734 1.060296059 0.001014345 0.999922574 0.012402074 -2.062675476 0.001746287 -0.012403834 0.999921560 80.351318359
0.999997616 0.000388849 0.002161339 1.079846501 -0.000416140 0.999920011 0.012640775 -2.072389603 -0.002156251 -0.012641644 0.999917746 80.875358582
0.999983907 -0.000778538 0.005623402 1.091884851 0.000708035 0.999921322 0.012528466 -2.080875635 -0.005632715 -0.012524283 0.999905705 81.431701660
0.999961734 -0.000655277 0.008720960 1.105935812 0.000547164 0.999922991 0.012393517 -2.086439610 -0.008728410 -0.012388270 0.999885142 81.973388672
0.999909341 -0.000500537 0.013458804 1.132053733 0.000337564 0.999926627 0.012108576 -2.093057156 -0.013463878 -0.012102935 0.999836087 82.529777527
0.999805570 -0.000062524 0.019715717 1.160409570 -0.000180127 0.999924242 0.012305435 -2.098766327 -0.019714994 -0.012306594 0.999729872 83.043960571
0.999683082 -0.000495250 0.025168318 1.197009563 0.000180360 0.999921679 0.012512098 -2.113044262 -0.025172547 -0.012503593 0.999604881 83.584510803
0.999527276 -0.000352519 0.030742887 1.238076568 -0.000022618 0.999925554 0.012201198 -2.116772652 -0.030744897 -0.012196126 0.999452770 84.140937805
0.999246180 -0.000112687 0.038819477 1.275614977 -0.000358736 0.999926329 0.012136783 -2.118937492 -0.038817987 -0.012141560 0.999172449 84.705551147
0.998910844 -0.000543904 0.046655919 1.317427874 -0.000021068 0.999926627 0.012107985 -2.128367186 -0.046659075 -0.012095780 0.998837650 85.183036804
0.998590112 -0.001226994 0.053067841 1.372116327 0.000614448 0.999932945 0.011557468 -2.132216692 -0.053078461 -0.011508566 0.998523951 85.727645874
0.998051822 -0.000835198 0.062385015 1.410629272 0.000100108 0.999930501 0.011785317 -2.135290623 -0.062390525 -0.011756113 0.997982562 86.279991150
0.997383714 -0.001413639 0.072274685 1.488737106 0.000562416 0.999930203 0.011796597 -2.147566319 -0.072286315 -0.011725087 0.997314990 86.832679749
0.996732712 -0.001525853 0.080757171 1.555679798 0.000588508 0.999932170 0.011629480 -2.157567501 -0.080769442 -0.011543955 0.996666014 87.366897583
0.996051848 -0.001747096 0.088755891 1.621438503 0.000710904 0.999931216 0.011704900 -2.167569637 -0.088770241 -0.011595593 0.995984614 87.930221558
0.995049357 -0.001393053 0.099371508 1.695532322 0.000233589 0.999931753 0.011678645 -2.175711632 -0.099381000 -0.011597618 0.994981885 88.473365784
0.993977606 -0.002569264 0.109553404 1.787781715 0.001299529 0.999931157 0.011659920 -2.188041210 -0.109575838 -0.011447332 0.993912518 88.986816406
0.992896438 -0.002361222 0.118958592 1.867148399 0.000980639 0.999931514 0.011662771 -2.194421291 -0.118977979 -0.011463269 0.992830694 89.550643921
0.991585195 -0.002970037 0.129421532 1.964300156 0.001494457 0.999932826 0.011496970 -2.202725887 -0.129446998 -0.011206813 0.991523087 90.082641602
0.989881992 -0.002772375 0.141865939 2.067044258 0.001165977 0.999934256 0.011405228 -2.206523895 -0.141888276 -0.011124420 0.989820123 90.642013550
0.988259137 -0.003157294 0.152754202 2.172758102 0.001414952 0.999932766 0.011513540 -2.223115921 -0.152780294 -0.011162223 0.988197029 91.166320801
0.986646175 -0.003716025 0.162835971 2.290878296 0.001922310 0.999935746 0.011171651 -2.226892948 -0.162867025 -0.010709443 0.986589909 91.757308960
0.984469354 -0.004080295 0.175509691 2.416893959 0.002156350 0.999935508 0.011151358 -2.237790585 -0.175543889 -0.010599708 0.984414577 92.280830383
0.982179642 -0.004322339 0.187895447 2.542695999 0.002234328 0.999933422 0.011322996 -2.247124195 -0.187931910 -0.010701395 0.982123792 92.845024109
0.980172098 -0.005105518 0.198082313 2.674039841 0.002971326 0.999934316 0.011069999 -2.251132250 -0.198125809 -0.010261935 0.980122864 93.392959595
0.977464914 -0.005247246 0.211032659 2.815755844 0.003007966 0.999935687 0.010930669 -2.259306192 -0.211076424 -0.010049567 0.977417946 93.918380737
0.974348724 -0.004573639 0.224997118 2.961259842 0.002054685 0.999932587 0.011428380 -2.269566059 -0.225034222 -0.010672928 0.974292397 94.489692688
0.971675277 -0.004979967 0.236267462 3.107044220 0.002390785 0.999934018 0.011243916 -2.281154156 -0.236307845 -0.010360572 0.971623063 95.021232605
0.968700886 -0.005085410 0.248178899 3.281637192 0.002376973 0.999934256 0.011211668 -2.287811279 -0.248219579 -0.010270837 0.968649328 95.553680420
0.965220690 -0.005778174 0.261372805 3.455860138 0.002892254 0.999930561 0.011424712 -2.302524090 -0.261420667 -0.010271410 0.965170324 96.053733826
0.961656928 -0.005304498 0.274203897 3.623580933 0.002185607 0.999929368 0.011678605 -2.312486649 -0.274246454 -0.010631508 0.961600661 96.599716187
0.958239913 -0.005277333 0.285916805 3.816993713 0.001985741 0.999928415 0.011801116 -2.305870056 -0.285958678 -0.010740545 0.958181739 97.192810059
0.953903913 -0.005199895 0.300066948 4.001359940 0.001807865 0.999931335 0.011580775 -2.316104889 -0.300106555 -0.010504466 0.953847885 97.716926575
0.949606657 -0.006255944 0.313381553 4.218313217 0.002832403 0.999931276 0.011378608 -2.307437658 -0.313431174 -0.009917579 0.949559033 98.253875732
0.945899546 -0.006648521 0.324391633 4.417953491 0.003103547 0.999929845 0.011444224 -2.316556454 -0.324444860 -0.009818322 0.945853591 98.763351440
0.941523194 -0.007080822 0.336873770 4.635005951 0.003300147 0.999925017 0.011794111 -2.329597950 -0.336932033 -0.009992694 0.941475868 99.274612427
0.936189771 -0.007086285 0.351423442 4.848026276 0.003163312 0.999926150 0.011735984 -2.334614277 -0.351480663 -0.009875449 0.936142981 99.800148010
0.931549191 -0.007467862 0.363538533 5.077779770 0.003386289 0.999923885 0.011863382 -2.343376160 -0.363599539 -0.009820280 0.931503534 100.327499390
0.927407980 -0.008492000 0.373954982 5.309104919 0.004522587 0.999923706 0.011490870 -2.350197315 -0.374024093 -0.008965483 0.927375674 100.844207764
0.921847224 -0.008512223 0.387459606 5.547260284 0.004309624 0.999922097 0.011714105 -2.357997894 -0.387529105 -0.009128813 0.921812177 101.348342896
0.916158140 -0.008251604 0.400732100 5.788482666 0.003849944 0.999923050 0.011787959 -2.367053032 -0.400798559 -0.009256836 0.916119456 101.844375610
0.911224663 -0.008641881 0.411818981 6.039131165 0.004232654 0.999923587 0.011617537 -2.377743721 -0.411887884 -0.008843100 0.911191642 102.340431213
0.904857874 -0.009025190 0.425618112 6.311702728 0.004558138 0.999923289 0.011512741 -2.376277924 -0.425689310 -0.008477368 0.904829681 102.852912903
0.898187160 -0.009795486 0.439504117 6.585327148 0.005172741 0.999917924 0.011714555 -2.387307167 -0.439582765 -0.008248421 0.898164213 103.344413757
0.892362535 -0.010508084 0.451196998 6.857303619 0.005703769 0.999911547 0.012006565 -2.401072502 -0.451283276 -0.008140685 0.892343700 103.809532166
0.886345863 -0.009973811 0.462916315 7.136943817 0.005075980 0.999917209 0.011824837 -2.397265911 -0.462996036 -0.008131139 0.886323035 104.336555481
0.879364073 -0.010469427 0.476034999 7.422180176 0.005666950 0.999917567 0.011522795 -2.402495861 -0.476116389 -0.007435064 0.879350901 104.805999756
0.872266829 -0.010544474 0.488916606 7.704307556 0.005415787 0.999914467 0.011902977 -2.416520357 -0.489000261 -0.007734702 0.872249305 105.266502380
