1.000000000 0.000000000 0.000000000 0.000000000 0.000000000 1.000000000 0.000000000 0.000000000 0.000000000 0.000000000 1.000000000 0.000000000
0.999999940 -0.000320646 0.000046041 0.000275422 0.000320645 0.999999940 0.000013104 0.000293404 -0.000046045 -0.000013089 1.000000000 -0.000108954
1.000000000 -0.000124963 0.000139656 -0.000649452 0.000124939 1.000000000 0.000169018 -0.000372081 -0.000139677 -0.000169001 1.000000000 0.000311992
1.000000000 -0.000111222 0.000034635 0.000224405 0.000111218 1.000000000 0.000110344 0.000085797 -0.000034648 -0.000110340 1.000000000 0.000078890
1.000000000 -0.000015035 0.000079135 0.000112514 0.000015027 1.000000000 0.000091620 -0.000875236 -0.000079136 -0.000091619 1.000000000 -0.000487927
0.999999940 -0.000290665 0.000049717 0.000248748 0.000290665 0.999999940 -0.000004125 0.000153809 -0.000049716 0.000004139 1.000000000 -0.000846563
0.999999940 -0.000389157 0.000125386 -0.000672076 0.000389155 0.999999940 0.000018467 -0.000049791 -0.000125393 -0.000018418 1.000000000 0.000560494
0.999999940 -0.000307112 0.000086340 0.000555799 0.000307100 0.999999940 0.000136946 -0.000439816 -0.000086382 -0.000136919 1.000000000 0.001298364
1.000000000 -0.000122929 0.000119003 -0.000022083 0.000122930 1.000000000 -0.000007655 0.000815908 -0.000119002 0.000007670 1.000000000 0.000945080
1.000000000 -0.000009927 0.000148647 -0.000770944 0.000009925 1.000000000 0.000013057 -0.000118980 -0.000148647 -0.000013055 1.000000000 -0.000489395
1.000000000 -0.000171878 0.000049755 0.001199326 0.000171876 1.000000000 0.000043101 0.000422143 -0.000049762 -0.000043093 1.000000000 -0.000771919
1.000000000 -0.000043943 -0.000029581 0.001131699 0.000043943 1.000000000 -0.000021105 -0.000244567 0.000029582 0.000021103 1.000000000 -0.002217138
1.000000000 0.000023025 0.000065820 0.000593066 -0.000023016 1.000000000 -0.000134220 0.002008372 -0.000065823 0.000134218 1.000000000 0.000732593
1.000000000 -0.000067668 0.000076228 -0.000562525 0.000067666 1.000000000 0.000026065 0.000639877 -0.000076230 -0.000026060 1.000000000 -0.000063532
1.000000000 0.000108606 0.000121608 -0.000677115 -0.000108591 1.000000000 -0.000124827 0.001069419 -0.000121622 0.000124814 1.000000000 -0.000160068
1.000000000 -0.000136865 0.000020647 0.000547018 0.000136863 1.000000000 0.000112074 0.000152480 -0.000020662 -0.000112072 1.000000000 -0.000135846
0.999999940 -0.000401402 0.000010504 0.000120873 0.000401400 0.999999881 0.000155008 -0.000370713 -0.000010566 -0.000155003 1.000000000 -0.000713440
0.999999940 -0.000288297 0.000023433 0.000240788 0.000288295 0.999999940 0.000080266 -0.000849782 -0.000023456 -0.000080259 1.000000000 -0.001670870
1.000000000 0.000064801 0.000111537 -0.000253669 -0.000064809 1.000000000 0.000074340 -0.000217560 -0.000111532 -0.000074347 1.000000000 -0.001196825
0.999999940 0.000250697 -0.000003746 -0.000240634 -0.000250697 0.999999940 0.000131180 -0.000178075 0.000003779 -0.000131179 1.000000000 -0.000412764
1.000000000 -0.000138178 -0.000035687 0.000684240 0.000138182 1.000000000 0.000124552 0.000168139 0.000035670 -0.000124557 1.000000000 -0.000633475
1.000000000 0.000002414 0.000072734 -0.000361840 -0.000002424 1.000000000 0.000130333 -0.000346945 -0.000072733 -0.000130333 1.000000000 -0.000716089
1.000000000 -0.000120033 0.000039988 0.000351067 0.000120027 1.000000000 0.000147715 -0.000507358 -0.000040006 -0.000147710 1.000000000 -0.001487821
1.000000000 -0.000204422 0.000104649 0.000725993 0.000204422 1.000000000 -0.000001137 0.000881897 -0.000104649 0.000001159 1.000000000 0.000733087
1.000000000 0.000155592 0.000137942 -0.000072876 -0.000155608 1.000000000 0.000115095 0.000223843 -0.000137925 -0.000115117 1.000000000 0.000575887
1.000000000 -0.000084231 0.000004122 0.001775399 0.000084230 1.000000000 0.000114545 0.000479035 -0.000004131 -0.000114544 1.000000000 -0.001276128
0.999999940 -0.000233293 0.000082611 0.000217641 0.000233290 1.000000000 0.000035757 0.000034284 -0.000082619 -0.000035738 1.000000000 -0.002112815
1.000000000 -0.000207995 0.000012003 -0.000148840 0.000207994 1.000000000 0.000095286 -0.000565870 -0.000012022 -0.000095283 1.000000000 -0.001947707
0.999999940 0.000227924 0.000171916 -0.001210996 -0.000227955 0.999999940 0.000181836 0.000196860 -0.000171874 -0.000181876 0.999999940 0.001193695
1.000000000 -0.000008829 -0.000001200 0.000403496 0.000008829 1.000000000 0.000162522 -0.000227024 0.000001199 -0.000162522 1.000000000 -0.000958609
0.999999940 -0.000242410 0.000203869 -0.000782780 0.000242407 1.000000000 0.000015630 0.000482432 -0.000203872 -0.000015581 1.000000000 -0.000202075
1.000000000 -0.000121038 0.000177364 -0.000954516 0.000121015 1.000000000 0.000130111 -0.000375198 -0.000177380 -0.000130089 1.000000000 -0.001121870
1.000000000 -0.000013212 0.000081492 -0.000250515 0.000013195 1.000000000 0.000202189 -0.001396859 -0.000081495 -0.000202188 1.000000000 -0.002009867
1.000000000 -0.000102661 0.000118220 -0.000143642 0.000102666 1.000000000 -0.000039468 0.000637955 -0.000118216 0.000039480 1.000000000 -0.001027986
1.000000000 -0.000145115 0.000111655 -0.000201583 0.000145113 1.000000000 0.000015092 0.000370705 -0.000111657 -0.000015075 1.000000000 -0.000721845
1.000000000 0.000091371 0.000084411 0.000190929 -0.000091383 1.000000000 0.000148342 0.000122010 -0.000084398 -0.000148350 1.000000000 -0.001056281
0.999999940 -0.000217076 0.000131851 0.000597245 0.000217081 1.000000000 -0.000038329 0.001777414 -0.000131843 0.000038358 1.000000000 -0.000047244
1.000000000 -0.000128307 0.000094381 -0.000392178 0.000128294 1.000000000 0.000134843 0.000799993 -0.000094398 -0.000134831 1.000000000 0.000990183
1.000000000 0.000005349 0.000143089 -0.000417391 -0.000005357 1.000000000 0.000061036 0.000174620 -0.000143088 -0.000061037 1.000000000 -0.000823278
1.000000000 0.000076229 0.000189407 -0.001069752 -0.000076245 1.000000000 0.000085605 0.000136148 -0.000189400 -0.000085619 1.000000000 -0.000402723
0.999999940 0.000007252 0.000305511 -0.000791253 -0.000007198 1.000000000 -0.000174051 0.001408903 -0.000305512 0.000174049 0.999999940 0.002260143
1.000000000 -0.000094271 0.000156439 0.000993233 0.000094375 0.999999762 -0.000670823 -0.001326075 -0.000156376 0.000670838 0.999999762 0.051396582
1.000000000 -0.000018897 -0.000031733 0.002837650 0.000018857 0.999999166 -0.001253279 -0.003534723 0.000031757 0.001253279 0.999999225 0.138934240
1.000000000 0.000302752 -0.000099543 0.002989484 -0.000302901 0.999998868 -0.001505499 -0.005663355 0.000099088 0.001505530 0.999998868 0.257173598
0.999999940 0.000391930 -0.000075866 0.004214312 -0.000392030 0.999999166 -0.001324121 -0.015045840 0.000075347 0.001324151 0.999999106 0.382387847
0.999999762 0.000692562 -0.000011533 0.005933158 -0.000692577 0.999998808 -0.001357376 -0.018909097 0.000010593 0.001357384 0.999999046 0.522806644
0.999999702 0.000813589 -0.000140353 0.009201263 -0.000813787 0.999998748 -0.001414524 -0.022037201 0.000139202 0.001414637 0.999998987 0.676849961
1.000000000 -0.000079318 -0.000044980 0.013537199 0.000079259 0.999999166 -0.001299368 -0.020038653 0.000045083 0.001299365 0.999999166 0.851835072
0.999999940 0.000241297 -0.000157506 0.021836042 -0.000241529 0.999998808 -0.001475592 -0.022594973 0.000157150 0.001475630 0.999998927 1.014171004
0.999999821 -0.000439233 -0.000328415 0.023110149 0.000439007 0.999999642 -0.000690138 -0.032656804 0.000328718 0.000689994 0.999999702 1.179778934
0.999999464 -0.000917791 -0.000370859 0.029715084 0.000917636 0.999999404 -0.000418416 -0.038936578 0.000371243 0.000418075 0.999999881 1.362735152
0.999999881 -0.000186450 -0.000415208 0.035478730 0.000186662 0.999999881 0.000509630 -0.074828230 0.000415113 -0.000509708 0.999999762 1.561351895
0.999999762 -0.000372697 -0.000450115 0.041127741 0.000372979 0.999999702 0.000626343 -0.077103473 0.000449882 -0.000626511 0.999999702 1.762616873
0.999999821 -0.000289692 -0.000389891 0.041729245 0.000289844 0.999999881 0.000391891 -0.076922610 0.000389777 -0.000392004 0.999999762 1.949689269
0.999999881 -0.000542963 0.000166132 0.043517396 0.000542872 0.999999702 0.000546985 -0.085497655 -0.000166429 -0.000546895 0.999999821 2.153096914
0.999999940 -0.000364644 -0.000021119 0.039171543 0.000364643 0.999999881 -0.000081418 -0.075727247 0.000021149 0.000081410 1.000000000 2.408376217
0.999999642 -0.000807190 -0.000056256 0.045399699 0.000807199 0.999999583 0.000162317 -0.082207486 0.000056125 -0.000162362 1.000000000 2.632861614
0.999999702 0.000732430 0.000340512 0.045816861 -0.000732777 0.999999166 0.001020328 -0.105437674 -0.000339764 -0.001020577 0.999999404 2.861515999
0.999999344 0.001018440 0.000486154 0.050862614 -0.001018879 0.999998987 0.000903229 -0.111911140 -0.000485234 -0.000903723 0.999999464 3.094213724
0.999999940 0.000013620 -0.000068371 0.068932459 -0.000013594 0.999999940 0.000385017 -0.109915078 0.000068376 -0.000385016 0.999999940 3.315409660
0.999999881 -0.000153155 0.000504128 0.074364737 0.000152906 0.999999821 0.000493621 -0.114368483 -0.000504204 -0.000493544 0.999999702 3.565023422
0.999999821 -0.000392527 0.000511783 0.077651449 0.000392325 0.999999881 0.000395422 -0.120887026 -0.000511938 -0.000395221 0.999999821 3.816246748
0.999999940 -0.000285013 -0.000059175 0.068612725 0.000285080 0.999999344 0.001134329 -0.141734272 0.000058852 -0.001134346 0.999999344 4.097907543
0.999999642 0.000756183 0.000387192 0.074877992 -0.000756916 0.999997854 0.001898195 -0.148700401 -0.000385756 -0.001898488 0.999998093 4.333968163
0.999999464 0.000804924 0.000666191 0.080220222 -0.000805935 0.999998510 0.001518856 -0.152761966 -0.000664967 -0.001519392 0.999998629 4.590097904
0.999999881 0.000446477 0.000159039 0.094450444 -0.000446600 0.999999583 0.000775869 -0.148825884 -0.000158692 -0.000775940 0.999999702 4.864095688
0.999999225 0.000931473 0.000776635 0.090950184 -0.000932454 0.999998748 0.001264450 -0.159900278 -0.000775456 -0.001265173 0.999998868 5.119616032
0.999999404 0.000699486 0.000820828 0.096440151 -0.000700295 0.999999285 0.000985848 -0.163813993 -0.000820138 -0.000986423 0.999999166 5.384318829
0.999999642 0.000675537 0.000314802 0.106865600 -0.000675865 0.999999166 0.001043788 -0.176568687 -0.000314096 -0.001044001 0.999999404 5.649760246
0.999999940 -0.000043318 0.000117678 0.113524392 0.000043128 0.999998629 0.001613304 -0.189671412 -0.000117747 -0.001613299 0.999998689 5.916763783
0.999999523 0.000520545 0.000790214 0.116120055 -0.000521441 0.999999225 0.001134033 -0.189356163 -0.000789623 -0.001134444 0.999999046 6.205920696
0.999998331 0.001323394 0.001264883 0.114229262 -0.001324511 0.999998808 0.000882497 -0.191928402 -0.001263714 -0.000884171 0.999998808 6.486975193
0.999999225 0.000513931 0.001092852 0.120436825 -0.000515586 0.999998689 0.001514454 -0.214044511 -0.001092073 -0.001515016 0.999998212 6.773458958
0.999999344 0.000479724 0.000985079 0.137709856 -0.000481258 0.999998689 0.001557664 -0.226682201 -0.000984331 -0.001558137 0.999998271 7.073029995
0.999999523 0.000614706 0.000789771 0.139446333 -0.000615551 0.999999225 0.001070415 -0.222939178 -0.000789112 -0.001070901 0.999999106 7.376629829
0.999999225 0.000607735 0.001064460 0.142061934 -0.000608913 0.999999166 0.001106501 -0.230485529 -0.001063786 -0.001107149 0.999998748 7.682501316
0.999999344 0.000202402 0.001140047 0.150757045 -0.000204418 0.999998510 0.001768837 -0.250728667 -0.001139687 -0.001769069 0.999997735 7.993213654
0.999998629 0.000837789 0.001415632 0.155633241 -0.000839616 0.999998808 0.001290230 -0.250561982 -0.001414549 -0.001291417 0.999998152 8.321743965
0.999997675 0.001363339 0.001661859 0.161527768 -0.001365169 0.999998450 0.001100346 -0.264186889 -0.001660357 -0.001102612 0.999997973 8.633894920
0.999998093 0.000653745 0.001836116 0.165447593 -0.000656041 0.999998987 0.001250163 -0.269396633 -0.001835297 -0.001251365 0.999997497 8.972153664
0.999997616 0.000970772 0.001958691 0.169251755 -0.000973521 0.999998569 0.001402784 -0.282657117 -0.001957327 -0.001404688 0.999997079 9.309403419
0.999997258 0.001244330 0.001975130 0.174619585 -0.001246978 0.999998331 0.001340149 -0.293086886 -0.001973459 -0.001342608 0.999997139 9.659819603
0.999997675 0.001138423 0.001831034 0.184617698 -0.001139966 0.999998987 0.000842361 -0.298174351 -0.001830073 -0.000844446 0.999997973 10.003102303
0.999996185 0.001375788 0.002372721 0.189313889 -0.001380081 0.999997437 0.001808608 -0.319015384 -0.002370226 -0.001811876 0.999995530 10.364660263
0.999995887 0.001637176 0.002336650 0.192848265 -0.001641947 0.999996543 0.002041327 -0.331492066 -0.002333300 -0.002045155 0.999995172 10.728538513
0.999997020 0.001373725 0.002022757 0.213753939 -0.001377422 0.999997377 0.001827625 -0.338477701 -0.002020241 -0.001830406 0.999996305 11.096158981
0.999995530 0.001582663 0.002505052 0.214029193 -0.001586674 0.999997437 0.001600038 -0.346045941 -0.002502513 -0.001604006 0.999995530 11.468753815
0.999995410 0.001684913 0.002525568 0.221575156 -0.001690356 0.999996245 0.002154456 -0.356790006 -0.002521929 -0.002158715 0.999994516 11.848062515
0.999996185 0.001033958 0.002563811 0.231590927 -0.001038415 0.999997973 0.001737755 -0.364370227 -0.002562009 -0.001740411 0.999995232 12.221681595
0.999994040 0.001024461 0.003301070 0.238930896 -0.001029141 0.999998450 0.001416275 -0.372325689 -0.003299615 -0.001419664 0.999993503 12.616206169
0.999993443 0.001973993 0.003043488 0.250267088 -0.001979274 0.999996543 0.001733065 -0.384784967 -0.003040057 -0.001739077 0.999993861 12.995940208
0.999994040 0.001567172 0.003080484 0.259875000 -0.001571984 0.999997556 0.001560297 -0.395433307 -0.003078031 -0.001565131 0.999994040 13.410955429
0.999993503 0.001416486 0.003298094 0.272227049 -0.001421221 0.999997914 0.001433825 -0.406981051 -0.003296056 -0.001438503 0.999993563 13.810581207
0.999995172 0.000696164 0.003002219 0.281751662 -0.000701238 0.999998331 0.001689209 -0.417293519 -0.003001039 -0.001691306 0.999994040 14.244251251
0.999992967 0.001378781 0.003470053 0.288308531 -0.001383155 0.999998271 0.001258688 -0.422818542 -0.003468311 -0.001263479 0.999993145 14.677599907
0.999990106 0.002030919 0.003941993 0.292848617 -0.002037117 0.999996662 0.001569183 -0.441259831 -0.003938794 -0.001577198 0.999991000 15.081732750
0.999990523 0.001747880 0.003972854 0.312736422 -0.001753532 0.999997437 0.001419498 -0.446183294 -0.003970363 -0.001426451 0.999991119 15.534667015
0.999989033 0.002379570 0.004027074 0.324934185 -0.002384265 0.999996483 0.001161465 -0.459752381 -0.004024297 -0.001171054 0.999991238 15.967193604
0.999992073 0.000871310 0.003889035 0.343535185 -0.000878612 0.999997854 0.001876327 -0.474566817 -0.003887392 -0.001879729 0.999990702 16.412582397
0.999989510 0.001341784 0.004382797 0.345806718 -0.001346505 0.999998510 0.001074565 -0.480610311 -0.004381349 -0.001080456 0.999989748 16.864397049
0.999987781 0.001726224 0.004613590 0.356036216 -0.001733639 0.999997199 0.001603744 -0.495896220 -0.004610809 -0.001611723 0.999988019 17.318418503
0.999986172 0.002196708 0.004783374 0.365575999 -0.002203698 0.999996483 0.001456669 -0.507403910 -0.004780158 -0.001467190 0.999987483 17.768081665
0.999986351 0.002170474 0.004756500 0.380176127 -0.002178328 0.999996245 0.001646602 -0.524589598 -0.004752908 -0.001656941 0.999987304 18.236436844
0.999986053 0.000804045 0.005217920 0.385297656 -0.000814731 0.999997556 0.002046140 -0.536956370 -0.005216260 -0.002050363 0.999984264 18.693716049
0.999982536 0.001334730 0.005756227 0.393349677 -0.001351674 0.999994755 0.002940782 -0.557097137 -0.005752272 -0.002948512 0.999979079 19.166084290
0.999979973 0.001973022 0.006016694 0.403439105 -0.001976670 0.999997795 0.000600339 -0.546603858 -0.006015496 -0.000612220 0.999981701 19.658622742
0.999982595 0.001735637 0.005643343 0.420740008 -0.001743509 0.999997437 0.001390197 -0.567288458 -0.005640916 -0.001400012 0.999983072 20.136844635
0.999983132 0.001910289 0.005480742 0.431576371 -0.001917170 0.999997377 0.001250440 -0.577098548 -0.005478340 -0.001260926 0.999984205 20.623828888
0.999985099 0.001824063 0.005148491 0.450409144 -0.001831696 0.999997199 0.001478261 -0.593984246 -0.005145779 -0.001487669 0.999985635 21.109420776
0.999988735 0.001544512 0.004492222 0.459849179 -0.001550447 0.999997914 0.001318124 -0.601781547 -0.004490177 -0.001325074 0.999989033 21.616949081
0.999991000 0.001603735 0.003929894 0.474137276 -0.001608226 0.999998033 0.001139802 -0.615755916 -0.003928059 -0.001146112 0.999991655 22.124284744
0.999989688 0.002386335 0.003856518 0.481156796 -0.002391143 0.999996364 0.001242755 -0.627433479 -0.003853539 -0.001251964 0.999991715 22.637763977
0.999994636 0.001262598 0.003002116 0.492550433 -0.001267131 0.999998033 0.001508475 -0.650788069 -0.003000206 -0.001512271 0.999994278 23.139394760
0.999994934 0.001956908 0.002500807 0.507329524 -0.001959808 0.999997437 0.001157762 -0.656445324 -0.002498535 -0.001162657 0.999996185 23.652620316
0.999997318 0.001187335 0.001988445 0.512918830 -0.001189046 0.999998868 0.000859632 -0.675159991 -0.001987423 -0.000861994 0.999997616 24.173143387
0.999997139 0.001896127 0.001406222 0.523102999 -0.001897758 0.999997556 0.001159268 -0.686742127 -0.001404020 -0.001161934 0.999998331 24.698667526
0.999998569 0.001529764 0.000728024 0.534472585 -0.001530319 0.999998450 0.000761606 -0.699369073 -0.000726858 -0.000762719 0.999999464 25.225606918
0.999998510 0.001628262 0.000522508 0.539488196 -0.001628703 0.999998331 0.000844609 -0.712725222 -0.000521132 -0.000845459 0.999999523 25.756275177
0.999997556 0.002192126 0.000145591 0.545506656 -0.002192271 0.999997199 0.001005908 -0.726115644 -0.000143386 -0.001006224 0.999999464 26.306156158
0.999998927 0.001413815 -0.000618252 0.561408162 -0.001412895 0.999997914 0.001485031 -0.745155275 0.000620351 -0.001484156 0.999998629 26.858489990
0.999999344 0.000806616 -0.000812391 0.562595069 -0.000805568 0.999998868 0.001290594 -0.764480233 0.000813432 -0.001289938 0.999998808 27.406564713
0.999997139 0.002043826 -0.001194022 0.575236619 -0.002042961 0.999997616 0.000725433 -0.782659233 0.001195501 -0.000722991 0.999999046 27.919265747
0.999996543 0.001817624 -0.001855812 0.584441066 -0.001813915 0.999996364 0.001997866 -0.801113427 0.001859437 -0.001994493 0.999996305 28.491617203
0.999996364 0.001131606 -0.002456796 0.596536160 -0.001127131 0.999997616 0.001822062 -0.816392899 0.002458852 -0.001819286 0.999995351 29.032726288
0.999994218 0.001643358 -0.002967491 0.606172144 -0.001640134 0.999997973 0.001088595 -0.819550395 0.002969275 -0.001083722 0.999994993 29.579523087
0.999993920 0.001737936 -0.003015154 0.610575497 -0.001733776 0.999997556 0.001381512 -0.838600338 0.003017547 -0.001376276 0.999994516 30.120405197
0.999993742 0.002155677 -0.002791453 0.617421806 -0.002152321 0.999996960 0.001204726 -0.856386721 0.002794042 -0.001198710 0.999995351 30.656105042
0.999991000 0.002072741 -0.003705166 0.634455979 -0.002070345 0.999997616 0.000650506 -0.864882648 0.003706506 -0.000642829 0.999992907 31.207492828
0.999989212 0.001996446 -0.004205406 0.640526533 -0.001992472 0.999997556 0.000949115 -0.880310059 0.004207290 -0.000940726 0.999990702 31.753818512
0.999993324 0.001515797 -0.003325705 0.643578291 -0.001513014 0.999998510 0.000839382 -0.901887715 0.003326972 -0.000834344 0.999994040 32.299221039
0.999989569 0.001163018 -0.004421256 0.655456543 -0.001159443 0.999998927 0.000811120 -0.914839208 0.004422195 -0.000805985 0.999989927 32.842468262
0.999989152 0.001034977 -0.004542011 0.658462286 -0.001028088 0.999998331 0.001518975 -0.936073303 0.004543575 -0.001514288 0.999988556 33.397140503
0.999987841 0.001707700 -0.004628253 0.667752981 -0.001701930 0.999997795 0.001250400 -0.951783657 0.004630379 -0.001242508 0.999988496 33.939048767
0.999987602 0.001356047 -0.004793694 0.670523942 -0.001350333 0.999998331 0.001195121 -0.967354834 0.004795307 -0.001188633 0.999987721 34.477882385
0.999984980 0.001776295 -0.005190769 0.685020566 -0.001769224 0.999997437 0.001366575 -0.982112765 0.005193185 -0.001357371 0.999985576 35.038890839
0.999986887 0.001109203 -0.005002948 0.692905784 -0.001104215 0.999998868 0.000999726 -0.991084695 0.005004052 -0.000994189 0.999987006 35.596218109
0.999986708 0.001115292 -0.005025783 0.701983869 -0.001107536 0.999998212 0.001545686 -1.019175887 0.005027497 -0.001540099 0.999986172 36.127407074
0.999987423 0.001627892 -0.004740208 0.707432806 -0.001623773 0.999998212 0.000872794 -1.023903847 0.004741621 -0.000865086 0.999988377 36.700607300
0.999984384 0.001628006 -0.005349046 0.715031385 -0.001625373 0.999998569 0.000496665 -1.032868743 0.005349847 -0.000487963 0.999985576 37.251590729
0.999986410 0.002269597 -0.004694871 0.717419028 -0.002268105 0.999997318 0.000323315 -1.042129636 0.004695593 -0.000312662 0.999988854 37.808395386
0.999987900 0.002518145 -0.004226527 0.721948028 -0.002517839 0.999996781 0.000077675 -1.055419445 0.004226709 -0.000067032 0.999991059 38.350837708
0.999986708 0.002431249 -0.004545503 0.730428815 -0.002429945 0.999997020 0.000292208 -1.072647572 0.004546201 -0.000281158 0.999989629 38.892997742
0.999982953 0.003376583 -0.004755567 0.731367946 -0.003375256 0.999994278 0.000286917 -1.089082599 0.004756508 -0.000270861 0.999988675 39.451919556
0.999985635 0.002758170 -0.004589673 0.748003006 -0.002755440 0.999996006 0.000601055 -1.109089136 0.004591312 -0.000588399 0.999989271 39.971443176
0.999986351 0.003202684 -0.004123957 0.747877181 -0.003202226 0.999994814 0.000117689 -1.111585140 0.004124314 -0.000104481 0.999991417 40.524353027
0.999982893 0.002786771 -0.005144570 0.759596169 -0.002786873 0.999996126 -0.000012652 -1.128953099 0.005144515 0.000026989 0.999986768 41.069618225
0.999984801 0.002880569 -0.004704026 0.765290082 -0.002879145 0.999995828 0.000309502 -1.146509886 0.004704897 -0.000295954 0.999988914 41.618583679
0.999983668 0.002509661 -0.005129190 0.773336828 -0.002515180 0.999996245 -0.001069779 -1.145719528 0.005126486 0.001082662 0.999986231 42.171264648
0.999982297 0.003085136 -0.005089291 0.775648355 -0.003090212 0.999994755 -0.000989843 -1.154958606 0.005086211 0.001005552 0.999986589 42.715793610
0.999977708 0.003647177 -0.005584001 0.790237963 -0.003651074 0.999993205 -0.000687985 -1.172867656 0.005581453 0.000708358 0.999984145 43.269172668
0.999980569 0.003325547 -0.005277197 0.794965506 -0.003330190 0.999994040 -0.000871257 -1.186603546 0.005274269 0.000888815 0.999985695 43.810184479
0.999982178 0.002879977 -0.005230808 0.800472319 -0.002882350 0.999995708 -0.000446067 -1.204408646 0.005229500 0.000461136 0.999986231 44.339359283
0.999982178 0.003471824 -0.004878223 0.800323606 -0.003474527 0.999993742 -0.000545586 -1.219481468 0.004876300 0.000562526 0.999987900 44.879013062
0.999979794 0.004015582 -0.004926813 0.817787290 -0.004019630 0.999991596 -0.000811931 -1.232650757 0.004923510 0.000831719 0.999987543 45.437976837
0.999980807 0.003785633 -0.004893089 0.836295784 -0.003789398 0.999992549 -0.000760413 -1.252949119 0.004890174 0.000778941 0.999987721 45.994888306
0.999979913 0.004023397 -0.004891110 0.842462540 -0.004028569 0.999991357 -0.001048255 -1.269299030 0.004886849 0.001067938 0.999987483 46.545154572
0.999980628 0.004255122 -0.004543559 0.844341338 -0.004257967 0.999990761 -0.000616613 -1.285746932 0.004540892 0.000635947 0.999989510 47.097942352
0.999980748 0.004087919 -0.004667409 0.853795528 -0.004090304 0.999991477 -0.000501500 -1.303893566 0.004665319 0.000520581 0.999988973 47.647399902
0.999979377 0.004399409 -0.004677478 0.861666858 -0.004399985 0.999990284 -0.000112867 -1.324388146 0.004676936 0.000133445 0.999989033 48.180637360
0.999980450 0.004471864 -0.004370851 0.873296440 -0.004472895 0.999989986 -0.000226009 -1.336447954 0.004369796 0.000245555 0.999990404 48.732204437
0.999981821 0.004885573 -0.003530182 0.872992218 -0.004886812 0.999987960 -0.000342223 -1.354418755 0.003528468 0.000359468 0.999993682 49.282165527
0.999980509 0.005227168 -0.003407949 0.888013840 -0.005230382 0.999985874 -0.000934525 -1.365513325 0.003403016 0.000952332 0.999993742 49.828392029
0.999979734 0.005218994 -0.003648497 0.898071408 -0.005218870 0.999986410 0.000043889 -1.389466643 0.003648677 -0.000024847 0.999993324 50.349731445
0.999982953 0.005163210 -0.002731049 0.901307106 -0.005163858 0.999986649 -0.000230581 -1.405047774 0.002729822 0.000244680 0.999996245 50.892452240
0.999979794 0.005807773 -0.002581544 0.919863284 -0.005808282 0.999983072 -0.000189654 -1.421560168 0.002580399 0.000204644 0.999996662 51.443721771
0.999982536 0.005053175 -0.003067622 0.934100747 -0.005053558 0.999987245 -0.000116979 -1.437077522 0.003066992 0.000132480 0.999995291 51.992336273
0.999983132 0.004864124 -0.003175734 0.944844842 -0.004865441 0.999988198 -0.000407139 -1.454596639 0.003173716 0.000422583 0.999994874 52.548118591
0.999979854 0.005715776 -0.002769802 0.947602749 -0.005717927 0.999983370 -0.000769062 -1.466822267 0.002765361 0.000784884 0.999995887 53.080013275
0.999980748 0.005725850 -0.002390033 0.946402669 -0.005727461 0.999983370 -0.000668110 -1.487449646 0.002386169 0.000681786 0.999996901 53.616394043
0.999977469 0.006281249 -0.002359517 0.955646038 -0.006282541 0.999980032 -0.000540890 -1.504023314 0.002356073 0.000555701 0.999997079 54.155612946
0.999981880 0.005630918 -0.002122747 0.961011052 -0.005631618 0.999984086 -0.000324054 -1.525592327 0.002120888 0.000336003 0.999997675 54.687465668
0.999982655 0.005574473 -0.001911772 0.970879912 -0.005575716 0.999984205 -0.000645402 -1.539986253 0.001908144 0.000656050 0.999997973 55.239627838
0.999980330 0.006032678 -0.001720899 0.976840258 -0.006034060 0.999981403 -0.000798783 -1.551423311 0.001716049 0.000809151 0.999998152 55.772624969
0.999982595 0.005421488 -0.002387047 0.987602413 -0.005425168 0.999984086 -0.001538674 -1.555629015 0.002378668 0.001551597 0.999995887 56.329254150
0.999977827 0.006221089 -0.002380861 1.001406908 -0.006225301 0.999979198 -0.001766203 -1.571258545 0.002369823 0.001780985 0.999995589 56.875389099
0.999978364 0.005986032 -0.002727014 1.011496782 -0.005990455 0.999980748 -0.001616393 -1.582355499 0.002717286 0.001632694 0.999994993 57.420600891
0.999980152 0.005854637 -0.002340281 1.010546565 -0.005858636 0.999981403 -0.001705752 -1.600564122 0.002330251 0.001719429 0.999995828 57.954967499
0.999978542 0.006088949 -0.002422725 1.026278257 -0.006093413 0.999979734 -0.001839121 -1.610548854 0.002411478 0.001853844 0.999995351 58.521865845
0.999980688 0.005686888 -0.002544237 1.035664558 -0.005691284 0.999982297 -0.001723832 -1.627527475 0.002534389 0.001738279 0.999995232 59.061378479
0.999981046 0.005665527 -0.002398647 1.041742206 -0.005670583 0.999981701 -0.002106503 -1.642285109 0.002386668 0.002120065 0.999994934 59.601688385
0.999980092 0.005862430 -0.002381342 1.054187775 -0.005867071 0.999980867 -0.001946467 -1.655713677 0.002369885 0.001960400 0.999995291 60.152313232
0.999980628 0.005717415 -0.002519612 1.063009858 -0.005722095 0.999981880 -0.001854098 -1.670721889 0.002508966 0.001868479 0.999995112 60.703601837
0.999977708 0.006254194 -0.002401019 1.071130276 -0.006259433 0.999978006 -0.002180746 -1.688890815 0.002387327 0.002195726 0.999994755 61.252632141
0.999976099 0.006307473 -0.002869908 1.088881731 -0.006312544 0.999978542 -0.001760614 -1.708027005 0.002858741 0.001778688 0.999994338 61.804981232
0.999977350 0.006252356 -0.002490016 1.091932058 -0.006258077 0.999977767 -0.002296295 -1.719470382 0.002475604 0.002311826 0.999994218 62.353313446
0.999976814 0.006401378 -0.002320581 1.101703048 -0.006406260 0.999977291 -0.002102771 -1.742756963 0.002307067 0.002117588 0.999995112 62.900646210
0.999979973 0.005939208 -0.002178126 1.106338263 -0.005944608 0.999979198 -0.002481007 -1.754103422 0.002163346 0.002493906 0.999994516 63.447422028
0.999976158 0.006500782 -0.002329540 1.112440944 -0.006506299 0.999976039 -0.002369363 -1.774490714 0.002314081 0.002384464 0.999994457 63.996101379
0.999976635 0.006611507 -0.001743762 1.117237806 -0.006614395 0.999976754 -0.001655507 -1.801936984 0.001732776 0.001667002 0.999997139 64.530647278
0.999976397 0.006562777 -0.002046022 1.127717972 -0.006566702 0.999976575 -0.001917517 -1.809200048 0.002033390 0.001930907 0.999996066 65.087104797
0.999979198 0.006226332 -0.001657236 1.134670973 -0.006229798 0.999978364 -0.002094761 -1.824654818 0.001644157 0.002105042 0.999996424 65.637680054
0.999982059 0.005820299 -0.001431346 1.136445284 -0.005823506 0.999980450 -0.002246781 -1.836253881 0.001418241 0.002255076 0.999996364 66.190933228
0.999981046 0.005953521 -0.001557934 1.140561104 -0.005957094 0.999979615 -0.002299400 -1.850486517 0.001544213 0.002308637 0.999996126 66.732788086
0.999977887 0.006511529 -0.001290138 1.152964592 -0.006514496 0.999976099 -0.002309615 -1.869741678 0.001275068 0.002317969 0.999996483 67.275428772
0.999979615 0.006283430 -0.001150318 1.152809858 -0.006285807 0.999978065 -0.002074567 -1.884988666 0.001137258 0.002081756 0.999997199 67.824935913
0.999975801 0.006864802 -0.001125024 1.160307050 -0.006867392 0.999973714 -0.002315402 -1.901890278 0.001109099 0.002323072 0.999996662 68.379234314
0.999973297 0.007242844 -0.000985526 1.166076183 -0.007245003 0.999971271 -0.002204628 -1.917968273 0.000969530 0.002211709 0.999997079 68.925209045
0.999976456 0.006740084 -0.001256236 1.173115373 -0.006743613 0.999973357 -0.002826627 -1.928509355 0.001237151 0.002835033 0.999995232 69.469245911
0.999973774 0.007190992 -0.000848358 1.176085830 -0.007193266 0.999970555 -0.002711113 -1.948076010 0.000828837 0.002717145 0.999995947 70.016029358
0.999975741 0.006903538 -0.000934221 1.182482958 -0.006906000 0.999972582 -0.002658807 -1.961365223 0.000915841 0.002665195 0.999995947 70.557556152
0.999975741 0.006860748 -0.001149121 1.191226006 -0.006863883 0.999972641 -0.002745663 -1.977103233 0.001130252 0.002753483 0.999995589 71.105903625
0.999976575 0.006777557 -0.000981333 1.199402452 -0.006780417 0.999972701 -0.002939227 -1.995237350 0.000961385 0.002945811 0.999995172 71.656723022
0.999972999 0.007316091 -0.000731378 1.202838898 -0.007317887 0.999970078 -0.002482269 -2.012348413 0.000713196 0.002487554 0.999996603 72.203094482
0.999969959 0.007693408 -0.000910100 1.204865694 -0.007695760 0.999966979 -0.002608475 -2.032313347 0.000890002 0.002615401 0.999996126 72.732894897
0.999974728 0.007078898 -0.000548898 1.218411565 -0.007080405 0.999970973 -0.002790775 -2.045149565 0.000529126 0.002794591 0.999995887 73.308746338
0.999973834 0.007188303 -0.000754308 1.224627376 -0.007190236 0.999970913 -0.002596517 -2.061529398 0.000735621 0.002601873 0.999996364 73.854682922
0.999970853 0.007578015 -0.000852347 1.233655572 -0.007580161 0.999968171 -0.002543858 -2.082045794 0.000833042 0.002550246 0.999996424 74.406417847
0.999971747 0.007499948 -0.000443251 1.243231416 -0.007501078 0.999968469 -0.002603912 -2.094344616 0.000423708 0.002607163 0.999996483 74.976272583
0.999969065 0.007834104 -0.000613956 1.250981450 -0.007835788 0.999965429 -0.002791764 -2.109965324 0.000592064 0.002796489 0.999995887 75.528251648
0.999970555 0.007651415 -0.000602186 1.264850020 -0.007653124 0.999966502 -0.002889160 -2.126201153 0.000580059 0.002893683 0.999995649 76.077705383
0.999969244 0.007808563 -0.000602781 1.269929528 -0.007810235 0.999965489 -0.002827727 -2.143534660 0.000580679 0.002832347 0.999995828 76.631713867
0.999966800 0.008140082 -0.000251333 1.278300285 -0.008140823 0.999961972 -0.003119275 -2.157804251 0.000225933 0.003121217 0.999995112 77.186424255
0.999972165 0.007443836 -0.000370210 1.292107701 -0.007444869 0.999968171 -0.002872844 -2.176446199 0.000348813 0.002875520 0.999995828 77.730140686
0.999971628 0.007520140 -0.000445105 1.293870330 -0.007521440 0.999967158 -0.002996856 -2.190571308 0.000422554 0.003000119 0.999995410 78.274978638
0.999963641 0.008527365 0.000223161 1.289274096 -0.008526700 0.999959648 -0.002836286 -2.210595369 -0.000247338 0.002834280 0.999995887 78.809547424
0.999963045 0.008547126 0.000940113 1.292921424 -0.008544578 0.999959826 -0.002680864 -2.224277973 -0.000962989 0.002672732 0.999995887 79.366958618
0.999963343 0.008515269 0.000915088 1.300847292 -0.008512734 0.999959946 -0.002738052 -2.243949890 -0.000938366 0.002730162 0.999995828 79.919601440
0.999967277 0.008077131 0.000487814 1.327659965 -0.008075913 0.999964416 -0.002450535 -2.268175364 -0.000507589 0.002446515 0.999996841 80.460884094
0.999963164 0.008425857 0.001623476 1.342307091 -0.008421096 0.999960303 -0.002916600 -2.279348135 -0.001647987 0.002902821 0.999994457 81.022193909
0.999961615 0.008436002 0.002378851 1.358250856 -0.008428741 0.999959767 -0.003045383 -2.294162273 -0.002404446 0.003025215 0.999992549 81.593101501
0.999956429 0.008597524 0.003640596 1.376841307 -0.008587745 0.999959409 -0.002692952 -2.315919638 -0.003663601 0.002661570 0.999989748 82.139122009
0.999934375 0.010166801 0.005284466 1.399010181 -0.010158474 0.999947131 -0.001600693 -2.342090845 -0.005300461 0.001546906 0.999984682 82.654609680
0.999933302 0.008444066 0.007880140 1.426393390 -0.008420843 0.999960065 -0.002975735 -2.340417385 -0.007904954 0.002909179 0.999964476 83.217948914
0.999888957 0.009196581 0.011725374 1.445369840 -0.009163013 0.999953747 -0.002913393 -2.357922554 -0.011751627 0.002805629 0.999926984 83.745445251
0.999866903 0.007121605 0.014673215 1.472806334 -0.007070764 0.999968767 -0.003513873 -2.377040386 -0.014697779 0.003409655 0.999886155 84.298889160
0.999810755 0.006928999 0.018184494 1.572767973 -0.006875526 0.999971867 -0.003001496 -2.421499014 -0.018204780 0.002875899 0.999830127 84.724487305
0.999668896 0.007548585 0.024604078 1.594385386 -0.007495296 0.999969363 -0.002257334 -2.440630436 -0.024620367 0.002072172 0.999694824 85.255584717
0.999508560 0.007539289 0.030426230 1.620394707 -0.007454130 0.999967933 -0.002911288 -2.451056004 -0.030447206 0.002683056 0.999532759 85.826911926
0.999285996 0.007973336 0.036931112 1.651619315 -0.007873419 0.999965072 -0.002850119 -2.472205877 -0.036952548 0.002557310 0.999313712 86.352798462
0.998925030 0.008247131 0.045615170 1.686616898 -0.008122265 0.999962747 -0.002922054 -2.490036249 -0.045637563 0.002548414 0.998954833 86.909156799
0.998533726 0.007558790 0.053603049 1.737556696 -0.007404938 0.999967873 -0.003068245 -2.500944138 -0.053624533 0.002666818 0.998557568 87.444946289
0.998047948 0.007181000 0.062038444 1.714659452 -0.007022859 0.999971449 -0.002766774 -2.527098417 -0.062056545 0.002325685 0.998069942 88.035835266
0.997512817 0.007647416 0.070068657 1.841991425 -0.007447306 0.999967337 -0.003116746 -2.525177240 -0.070090190 0.002587172 0.997537255 88.557739258
0.996736050 0.006953468 0.080430783 1.874695778 -0.006744848 0.999973178 -0.002865191 -2.572783470 -0.080448553 0.002313345 0.996756077 89.096130371
0.995986104 0.006350972 0.089282461 1.945454121 -0.006066834 0.999975622 -0.003453464 -2.570298195 -0.089302219 0.002897940 0.996000350 89.640609741
0.995270550 0.006697833 0.096910000 2.029341698 -0.006327506 0.999971449 -0.004128174 -2.582262516 -0.096934862 0.003495452 0.995284617 90.209449768
0.994131684 0.006914026 0.107955508 2.098726749 -0.006555341 0.999971747 -0.003677055 -2.600449085 -0.107977897 0.002947792 0.994148910 90.728942871
0.992869496 0.007427365 0.118974879 2.179921150 -0.006972104 0.999966681 -0.004242310 -2.610294580 -0.119002432 0.003382555 0.992888212 91.298233032
0.991822898 0.006549007 0.127453223 2.276494980 -0.006010849 0.999971330 -0.004606558 -2.630778313 -0.127479732 0.003802788 0.991833806 91.847442627
0.990288079 0.007001435 0.138854325 2.364064217 -0.006583870 0.999972343 -0.003466312 -2.654779434 -0.138874754 0.002518449 0.990306735 92.387725830
0.988688469 0.005388188 0.149886936 2.492907524 -0.004651662 0.999975443 -0.005264041 -2.651403189 -0.149911597 0.004507273 0.988689125 92.919593811
0.986817241 0.005338207 0.161750510 2.584991455 -0.004623923 0.999977827 -0.004792086 -2.681696177 -0.161772504 0.003980991 0.986820042 93.483184814
0.985119522 0.005003420 0.171797648 2.698964119 -0.004300364 0.999980807 -0.004464272 -2.695698500 -0.171816722 0.003659050 0.985122144 94.009857178
0.982795835 0.004859557 0.184631035 2.820226669 -0.004082365 0.999981165 -0.004589337 -2.710416317 -0.184649870 0.003756650 0.982797205 94.533355713
0.980382085 0.004664491 0.197051197 2.947402954 -0.003829685 0.999981999 -0.004617334 -2.728058577 -0.197069168 0.003772107 0.980382323 95.070045471
0.978178620 0.004442407 0.207718179 3.070098877 -0.003539192 0.999982595 -0.004719697 -2.745413065 -0.207735538 0.003881552 0.978177309 95.595497131
0.975392580 0.004411609 0.220431030 3.217727661 -0.003391474 0.999981701 -0.005006138 -2.759526014 -0.220449105 0.004135365 0.975389719 96.123359680
0.972235143 0.004609616 0.233960509 3.363937378 -0.003516905 0.999980867 -0.005087477 -2.768060923 -0.233979493 0.004123406 0.972232759 96.647140503
0.969467402 0.003687983 0.245192394 3.502490997 -0.002537877 0.999984264 -0.005006418 -2.791248322 -0.245206997 0.004231291 0.969461501 97.151046753
0.966426194 0.003138594 0.256925166 3.670522690 -0.001838579 0.999984205 -0.005299957 -2.802420139 -0.256937772 0.004649639 0.966416776 97.683029175
0.962607324 0.003685037 0.270875692 3.837516785 -0.002395467 0.999984145 -0.005091211 -2.819552898 -0.270890087 0.004251963 0.962600887 98.209884644
0.958861530 0.004058660 0.283845276 4.007047653 -0.002538669 0.999980330 -0.005722652 -2.830200434 -0.283862948 0.004766643 0.958853006 98.720710754
0.955606639 0.003144146 0.294628710 4.185825348 -0.001645868 0.999984443 -0.005333135 -2.853335381 -0.294640869 0.004611460 0.955596924 99.241981506
0.951291382 0.002572046 0.308282286 4.372478485 -0.000941126 0.999984741 -0.005438915 -2.865970612 -0.308291674 0.004883860 0.951279342 99.754554749
0.946759760 0.002592080 0.321930379 4.573183060 -0.000992107 0.999986291 -0.005133896 -2.887984037 -0.321939379 0.004541178 0.946749330 100.255783081
0.942878723 0.002141523 0.333129585 4.767963409 -0.000259181 0.999983728 -0.005694814 -2.898867607 -0.333136469 0.005283178 0.942863822 100.758026123
0.938092589 0.002539507 0.346375406 4.978166580 -0.000244188 0.999977708 -0.006670159 -2.911324501 -0.346384674 0.006172646 0.938072324 101.283195496
0.932762563 0.001740568 0.360487103 5.205385208 0.000238898 0.999985158 -0.005446453 -2.937983513 -0.360491335 0.005166368 0.932748199 101.778068542
0.928018391 0.001590977 0.372530848 5.423177719 0.000593370 0.999983311 -0.005748810 -2.952677488 -0.372533679 0.005556051 0.928002000 102.286628723
0.923321486 0.000888513 0.384026915 5.645675659 0.001466403 0.999981880 -0.005839325 -2.974154949 -0.384025156 0.005954713 0.923303425 102.763031006
0.917246342 0.001059256 0.398318976 5.875034332 0.001335416 0.999982595 -0.005734457 -2.988045454 -0.398318172 0.005791831 0.917228937 103.258323669
0.911460161 0.000139703 0.411388427 6.115482330 0.002498486 0.999979615 -0.005875157 -3.000226974 -0.411380798 0.006382820 0.911441207 103.745285034
0.906416357 0.000047583 0.422385335 6.360561371 0.002731564 0.999978423 -0.005974443 -3.023097038 -0.422376484 0.006569106 0.906396687 104.213439941
0.900192440 -0.000852876 0.435491532 6.604698181 0.003497842 0.999979973 -0.005271908 -3.046035767 -0.435478330 0.006269012 0.900177419 104.677551270
0.893369436 -0.001121735 0.449321419 6.875473022 0.004157902 0.999974728 -0.005770559 -3.050333023 -0.449303538 0.007023477 0.893351555 105.180778503
0.887402058 -0.001013243 0.460995167 7.140647888 0.003781362 0.999979913 -0.005081107 -3.076071739 -0.460980773 0.006252175 0.887388110 105.633636475
0.881700337 -0.000617266 0.471809477 7.414520264 0.003280294 0.999983013 -0.004821823 -3.095229864 -0.471798450 0.005799077 0.881687343 106.106437683
0.874869585 -0.002010051 0.484354347 7.723072052 0.005142647 0.999973536 -0.005139103 -3.126100779 -0.484331280 0.006986909 0.874856830 106.563125610
