1.000000000 0.000000000 0.000000000 0.000000000 0.000000000 1.000000000 0.000000000 0.000000000 0.000000000 0.000000000 1.000000000 0.000000000
1.000000000 0.000036527 0.000004084 0.000452699 -0.000036528 1.000000000 0.000130176 -0.000631062 -0.000004079 -0.000130176 1.000000000 0.000197550
1.000000000 0.000058613 -0.000181161 0.001589790 -0.000058606 1.000000000 0.000041726 0.000048747 0.000181163 -0.000041715 1.000000000 -0.000224962
1.000000000 0.000096134 -0.000034406 0.000414918 -0.000096132 1.000000000 0.000055336 -0.000718269 0.000034411 -0.000055333 1.000000000 0.000135833
1.000000000 0.000238136 -0.000034749 -0.000723578 -0.000238134 1.000000000 0.000052897 -0.000363413 0.000034762 -0.000052889 1.000000000 -0.000580355
1.000000000 0.000075797 -0.000036671 -0.000415309 -0.000075796 1.000000000 0.000038165 -0.000806144 0.000036674 -0.000038163 1.000000000 -0.000071642
1.000000000 -0.000083289 0.000010191 0.000429496 0.000083289 1.000000000 0.000022654 -0.000383219 -0.000010193 -0.000022653 1.000000000 -0.000212242
1.000000000 -0.000009746 -0.000042926 0.001669983 0.000009750 1.000000000 0.000095684 -0.000987104 0.000042926 -0.000095684 1.000000000 -0.000511673
1.000000000 -0.000148075 0.000071722 0.000079455 0.000148073 1.000000000 0.000025675 -0.000206300 -0.000071726 -0.000025664 1.000000000 -0.000040565
1.000000000 -0.000148233 -0.000011968 0.001388421 0.000148233 1.000000000 0.000031815 0.000681320 0.000011963 -0.000031816 1.000000000 0.001366340
1.000000000 -0.000114058 -0.000121885 0.001204971 0.000114064 1.000000000 0.000053271 -0.000858919 0.000121879 -0.000053285 1.000000000 0.000097590
1.000000000 0.000139485 0.000098602 -0.001044306 -0.000139468 1.000000000 -0.000172294 0.001657172 -0.000098626 0.000172280 1.000000000 0.001905242
1.000000000 -0.000237295 0.000028692 -0.000104752 0.000237291 0.999999940 0.000149654 -0.000741291 -0.000028727 -0.000149647 1.000000000 0.000569004
1.000000000 0.000001951 0.000118819 -0.001184580 -0.000001962 1.000000000 0.000088779 -0.000237161 -0.000118819 -0.000088779 1.000000000 0.001353121
1.000000000 0.000121872 -0.000001521 -0.000395213 -0.000121872 1.000000000 0.000191106 -0.001140900 0.000001544 -0.000191106 1.000000000 0.000123366
1.000000000 0.000093114 -0.000027018 -0.000258666 -0.000093115 1.000000000 -0.000031060 0.000319041 0.000027015 0.000031062 1.000000000 0.000818104
0.999999940 0.000278997 0.000268318 -0.002376489 -0.000279012 0.999999940 0.000054617 0.000338313 -0.000268303 -0.000054692 0.999999940 0.001888280
1.000000000 0.000065463 -0.000049360 -0.000076217 -0.000065463 1.000000000 0.000002100 -0.000153959 0.000049360 -0.000002097 1.000000000 0.001441023
1.000000000 -0.000062712 -0.000044272 0.000404192 0.000062720 1.000000000 0.000176438 -0.001597506 0.000044260 -0.000176441 1.000000000 0.000272196
1.000000000 0.000024702 -0.000019690 0.000010351 -0.000024701 1.000000000 0.000010776 0.000061594 0.000019690 -0.000010775 1.000000000 0.001206234
1.000000000 0.000237246 0.000027652 -0.001154879 -0.000237246 1.000000000 0.000023292 -0.000170060 -0.000027646 -0.000023299 1.000000000 0.001151060
1.000000000 0.000028304 -0.000094250 0.000059185 -0.000028303 1.000000000 0.000011265 0.000411518 0.000094250 -0.000011262 1.000000000 0.000191002
1.000000000 0.000078753 -0.000004476 0.000313858 -0.000078753 1.000000000 0.000095875 -0.000443053 0.000004484 -0.000095875 1.000000000 0.002339478
0.999999940 0.000231504 0.000154771 -0.000338980 -0.000231518 0.999999940 0.000091453 -0.000086812 -0.000154749 -0.000091489 1.000000000 -0.000198965
1.000000000 0.000040998 -0.000011373 0.000193108 -0.000040997 1.000000000 0.000107773 0.000208236 0.000011377 -0.000107773 1.000000000 0.001030188
1.000000000 0.000141607 0.000067789 -0.001009093 -0.000141600 1.000000000 -0.000101452 0.001411859 -0.000067804 0.000101443 1.000000000 0.000374173
1.000000000 0.000170712 0.000073917 -0.000850548 -0.000170705 1.000000000 -0.000096221 0.000184123 -0.000073933 0.000096208 1.000000000 -0.001406595
1.000000000 0.000207109 0.000074317 -0.000840204 -0.000207104 1.000000000 -0.000071786 0.000566498 -0.000074332 0.000071770 1.000000000 0.002123789
1.000000000 0.000028672 0.000014611 -0.001558551 -0.000028672 1.000000000 0.000014668 0.001399011 -0.000014611 -0.000014668 1.000000000 0.004266892
1.000000000 0.000079000 -0.000020214 -0.000539950 -0.000079004 1.000000000 -0.000195870 0.001961232 0.000020199 0.000195872 1.000000000 0.001732052
1.000000000 0.000193417 -0.000071894 0.000238180 -0.000193411 1.000000000 0.000085716 0.000353223 0.000071910 -0.000085702 1.000000000 -0.000035834
1.000000000 0.000049501 -0.000018868 -0.000645908 -0.000049502 1.000000000 -0.000033504 0.000774580 0.000018867 0.000033505 1.000000000 0.001149669
1.000000000 0.000006727 0.000033971 -0.000032655 -0.000006728 1.000000000 0.000031852 -0.000268673 -0.000033971 -0.000031852 1.000000000 0.000526414
1.000000000 0.000085491 -0.000005035 -0.000562063 -0.000085490 1.000000000 0.000162013 -0.000165658 0.000005049 -0.000162013 1.000000000 0.001295200
1.000000000 0.000042975 0.000049771 -0.001000493 -0.000042974 1.000000000 -0.000003456 0.001261050 -0.000049771 0.000003454 1.000000000 0.002898551
0.999999940 0.000196598 0.000169604 -0.002198945 -0.000196594 1.000000000 -0.000022578 0.002577962 -0.000169608 0.000022544 1.000000000 0.003749563
1.000000000 -0.000085213 0.000054609 -0.000742536 0.000085205 1.000000000 0.000129873 0.000296900 -0.000054620 -0.000129868 1.000000000 0.002107045
1.000000000 -0.000183191 0.000065058 -0.001153045 0.000183180 0.999999940 0.000174302 0.000444872 -0.000065090 -0.000174290 1.000000000 0.002059025
1.000000000 -0.000058671 0.000132539 -0.000953209 0.000058663 1.000000000 0.000056950 0.000447488 -0.000132543 -0.000056942 1.000000000 0.001029761
1.000000000 -0.000008895 0.000146401 0.000332057 0.000008872 1.000000000 0.000154601 -0.002153875 -0.000146403 -0.000154600 1.000000000 -0.000453633
0.999999940 0.000003176 0.000354476 -0.001823307 -0.000002980 0.999999821 -0.000553483 -0.002689773 -0.000354478 0.000553482 0.999999762 0.052789211
0.999999940 0.000281173 0.000154579 -0.000464665 -0.000280989 0.999999285 -0.001187800 -0.005633485 -0.000154913 0.001187756 0.999999285 0.136619791
0.999999583 0.000916154 -0.000054838 0.001984845 -0.000916234 0.999998510 -0.001475680 -0.004965713 0.000053486 0.001475729 0.999998927 0.258275181
0.999999583 0.000926407 0.000123893 0.002444069 -0.000926293 0.999999166 -0.000922749 -0.014638645 -0.000124748 0.000922634 0.999999583 0.385582089
0.999999881 0.000497198 -0.000039919 0.007239238 -0.000497232 0.999999523 -0.000870934 -0.018863084 0.000039486 0.000870954 0.999999642 0.526585698
0.999999762 0.000678162 0.000069393 0.012825777 -0.000678106 0.999999464 -0.000810815 -0.023644613 -0.000069943 0.000810768 0.999999642 0.681342065
0.999999762 0.000648095 0.000224634 0.017379779 -0.000647910 0.999999464 -0.000821479 -0.022133097 -0.000225166 0.000821333 0.999999642 0.850750387
0.999999583 0.000722578 0.000525429 0.013360932 -0.000722188 0.999999464 -0.000741415 -0.027128601 -0.000525964 0.000741036 0.999999583 1.017253041
0.999999881 0.000347799 0.000296303 0.016674997 -0.000347796 0.999999940 -0.000012884 -0.037519526 -0.000296308 0.000012781 0.999999940 1.187723637
0.999999881 0.000305811 0.000354420 0.021308910 -0.000305880 0.999999940 0.000194088 -0.041768946 -0.000354361 -0.000194196 0.999999940 1.378517389
0.999999762 0.000512968 0.000397994 0.031640708 -0.000512748 0.999999702 -0.000552012 -0.044468924 -0.000398278 0.000551808 0.999999762 1.568835020
0.999999702 0.000638503 0.000496009 0.028276373 -0.000638474 0.999999821 -0.000059978 -0.054962344 -0.000496047 0.000059662 0.999999881 1.756462574
0.999999583 0.000067973 -0.000886254 0.053962402 -0.000068290 0.999999881 -0.000358585 -0.058284633 0.000886229 0.000358646 0.999999464 1.956836581
1.000000000 0.000206343 -0.000148145 0.051846310 -0.000206428 0.999999821 -0.000577870 -0.061392702 0.000148026 0.000577901 0.999999821 2.164942503
0.999999940 0.000092245 -0.000381034 0.060119286 -0.000092634 0.999999464 -0.001020664 -0.065037280 0.000380940 0.001020699 0.999999404 2.382636070
0.999999821 0.000317402 -0.000525476 0.063685268 -0.000317624 0.999999881 -0.000423189 -0.074932657 0.000525342 0.000423356 0.999999702 2.602561235
0.999999762 0.000715620 -0.000322021 0.064653516 -0.000715706 0.999999762 -0.000266850 -0.083323628 0.000321830 0.000267081 0.999999940 2.833213091
0.999999821 -0.000068008 -0.000676390 0.070796169 0.000068033 1.000000000 0.000037164 -0.091122039 0.000676388 -0.000037210 0.999999762 3.070269823
1.000000000 -0.000015974 -0.000299396 0.078576110 0.000015791 0.999999881 -0.000609943 -0.091998793 0.000299406 0.000609939 0.999999821 3.310829163
0.999999940 0.000108191 -0.000274590 0.075231157 -0.000108174 0.999999940 0.000065077 -0.105920695 0.000274597 -0.000065047 0.999999940 3.537321806
0.999999940 0.000168513 -0.000249361 0.081393942 -0.000168528 0.999999940 -0.000059150 -0.111767963 0.000249351 0.000059192 0.999999940 3.792676926
1.000000000 -0.000213877 -0.000191025 0.087574124 0.000213779 0.999999881 -0.000515350 -0.116719261 0.000191135 0.000515310 0.999999881 4.048391819
1.000000000 0.000033308 0.000183146 0.086361788 -0.000033334 1.000000000 0.000140867 -0.124397144 -0.000183141 -0.000140874 1.000000000 4.296925545
0.999999940 0.000173159 -0.000237449 0.092329070 -0.000173173 1.000000000 -0.000061254 -0.128445745 0.000237438 0.000061295 0.999999940 4.561702251
1.000000000 0.000133725 -0.000111850 0.100059330 -0.000133721 1.000000000 0.000036629 -0.137161314 0.000111855 -0.000036614 1.000000000 4.817578316
0.999999940 0.000113131 -0.000017321 0.103756644 -0.000113130 0.999999940 0.000039386 -0.142995059 0.000017325 -0.000039384 1.000000000 5.080140591
0.999999940 -0.000326457 -0.000182713 0.111037537 0.000326448 0.999999940 -0.000046014 -0.150135204 0.000182728 0.000045954 0.999999940 5.342334747
1.000000000 0.000102528 0.000249959 0.111799650 -0.000102494 1.000000000 -0.000136707 -0.155318141 -0.000249973 0.000136682 0.999999940 5.617818832
0.999999702 -0.000730724 -0.000247398 0.119456552 0.000730792 0.999999702 0.000275523 -0.168826222 0.000247197 -0.000275704 0.999999940 5.882470608
0.999999642 -0.000795854 -0.000271100 0.126089320 0.000795934 0.999999642 0.000292978 -0.176851079 0.000270867 -0.000293194 0.999999940 6.174331188
0.999999642 -0.000623673 -0.000475229 0.134308442 0.000623781 0.999999762 0.000227233 -0.183328196 0.000475087 -0.000227530 0.999999881 6.453136921
1.000000000 -0.000096995 0.000184985 0.131367877 0.000096967 1.000000000 0.000155821 -0.194380894 -0.000185001 -0.000155803 1.000000000 6.722277641
1.000000000 -0.000135043 -0.000042250 0.139432073 0.000135061 0.999999881 0.000415662 -0.206156731 0.000042193 -0.000415668 0.999999940 7.019554138
0.999999940 -0.000048022 0.000198489 0.147824779 0.000047964 0.999999940 0.000290339 -0.212487072 -0.000198503 -0.000290329 1.000000000 7.311937809
0.999999940 -0.000182401 0.000095508 0.150807172 0.000182423 1.000000000 -0.000229005 -0.214702561 -0.000095466 0.000229022 1.000000000 7.628278255
0.999999821 0.000043174 0.000474721 0.152718335 -0.000043278 1.000000000 0.000220886 -0.227900907 -0.000474712 -0.000220907 0.999999881 7.933126926
0.999999762 -0.000296126 0.000609084 0.155826658 0.000296305 0.999999940 -0.000293464 -0.230283916 -0.000608997 0.000293644 0.999999762 8.257618904
0.999999881 -0.000126495 0.000474497 0.163710415 0.000126453 1.000000119 0.000089955 -0.246859089 -0.000474508 -0.000089895 0.999999881 8.582054138
0.999999464 0.000021293 0.000962346 0.164649367 -0.000021336 0.999999940 0.000045316 -0.252457082 -0.000962345 -0.000045337 0.999999523 8.921330452
0.999999762 -0.000102070 0.000713939 0.175980240 0.000101801 1.000000000 0.000377033 -0.266742915 -0.000713977 -0.000376960 0.999999642 9.247905731
0.999999583 -0.000315141 0.000814716 0.179244757 0.000314088 0.999999046 0.001292191 -0.288239360 -0.000815123 -0.001291935 0.999998808 9.588570595
0.999999881 0.000050207 0.000542585 0.196199387 -0.000050703 0.999999583 0.000914196 -0.297110915 -0.000542539 -0.000914224 0.999999404 9.928236008
0.999999702 0.000091035 0.000780122 0.190930575 -0.000091703 0.999999583 0.000857109 -0.304769367 -0.000780044 -0.000857180 0.999999344 10.290830612
0.999999344 0.000147682 0.001062078 0.197138965 -0.000148507 0.999999702 0.000777568 -0.314272553 -0.001061962 -0.000777726 0.999999106 10.648041725
0.999999225 0.000037457 0.001222229 0.199985027 -0.000038544 0.999999583 0.000889423 -0.322630882 -0.001222196 -0.000889470 0.999998868 11.015536308
0.999998629 0.000167354 0.001592452 0.206582621 -0.000169443 0.999999106 0.001312092 -0.336473197 -0.001592231 -0.001312360 0.999997854 11.390728951
0.999998927 -0.000312060 0.001386807 0.216146573 0.000310662 0.999999464 0.001008013 -0.344521195 -0.001387121 -0.001007581 0.999998510 11.768256187
0.999998629 -0.000056332 0.001643953 0.223393187 0.000054871 0.999999583 0.000888433 -0.354630619 -0.001644002 -0.000888341 0.999998212 12.146019936
0.999998629 -0.000037263 0.001633380 0.233771876 0.000036573 0.999999881 0.000422538 -0.362089097 -0.001633395 -0.000422478 0.999998569 12.542892456
0.999998093 -0.000450450 0.001867975 0.235874385 0.000448795 0.999999464 0.000886151 -0.375143766 -0.001868373 -0.000885311 0.999997854 12.931859016
0.999998391 -0.000415002 0.001722126 0.245934620 0.000413973 0.999999702 0.000597997 -0.386057138 -0.001722374 -0.000597283 0.999998331 13.326932907
0.999997556 -0.000523419 0.002160575 0.252805412 0.000521731 0.999999583 0.000781551 -0.398435235 -0.002160983 -0.000780422 0.999997377 13.738284111
0.999996006 -0.000206614 0.002816392 0.253223121 0.000204456 0.999999702 0.000766794 -0.407145143 -0.002816550 -0.000766215 0.999995768 14.161985397
0.999995291 -0.000235363 0.003043056 0.266304463 0.000233313 0.999999762 0.000674075 -0.418336004 -0.003043214 -0.000673362 0.999995172 14.575770378
0.999995053 -0.000137071 0.003144046 0.274284631 0.000132539 0.999998927 0.001441783 -0.435580254 -0.003144241 -0.001441360 0.999994040 15.006532669
0.999994576 -0.000423976 0.003262751 0.287188649 0.000419777 0.999999106 0.001287465 -0.447763085 -0.003263294 -0.001286088 0.999993861 15.437337875
0.999993145 -0.000074092 0.003694087 0.297420323 0.000070447 0.999999523 0.000986693 -0.459137678 -0.003694159 -0.000986426 0.999992669 15.877758980
0.999993145 -0.000393126 0.003715080 0.311273366 0.000388809 0.999999225 0.001162706 -0.469396114 -0.003715534 -0.001161254 0.999992430 16.325668335
0.999990702 -0.000112468 0.004330386 0.320789516 0.000107812 0.999999404 0.001075446 -0.482157826 -0.004330504 -0.001074969 0.999990046 16.773466110
0.999989450 0.000454224 0.004572374 0.328980863 -0.000459229 0.999999285 0.001093670 -0.495917618 -0.004571874 -0.001095758 0.999988914 17.230714798
0.999988377 0.000614052 0.004767894 0.337426335 -0.000620243 0.999998987 0.001297118 -0.508928955 -0.004767093 -0.001300061 0.999987721 17.696325302
0.999985397 0.000312007 0.005390262 0.346987724 -0.000317560 0.999999464 0.001029263 -0.519553423 -0.005389938 -0.001030959 0.999984920 18.159910202
0.999986231 0.000001342 0.005226619 0.369077981 -0.000006792 0.999999464 0.001042770 -0.528338850 -0.005226615 -0.001042791 0.999985754 18.625818253
0.999982893 0.001239228 0.005717336 0.374665439 -0.001244298 0.999998808 0.000883341 -0.546614945 -0.005716233 -0.000890439 0.999983251 19.091932297
0.999982536 0.000921119 0.005849515 0.389719993 -0.000924049 0.999999523 0.000498235 -0.555343032 -0.005849052 -0.000503631 0.999982774 19.577100754
0.999984205 -0.000044580 0.005622927 0.401950747 0.000037981 0.999999344 0.001173791 -0.569868684 -0.005622976 -0.001173559 0.999983549 20.071807861
0.999984920 0.000274741 0.005482007 0.418437988 -0.000283193 0.999998689 0.001540923 -0.594521523 -0.005481576 -0.001542452 0.999983728 20.553930283
0.999981880 0.000862195 0.005954552 0.423317313 -0.000870346 0.999998629 0.001366441 -0.601747692 -0.005953367 -0.001371598 0.999981344 21.061143875
0.999985516 0.000196811 0.005374573 0.431576669 -0.000201758 0.999999464 0.000920088 -0.603261948 -0.005374389 -0.000921159 0.999985099 21.578414917
0.999988973 0.000584224 0.004657853 0.443347216 -0.000591234 0.999998689 0.001503627 -0.632749677 -0.004656970 -0.001506364 0.999987960 22.066688538
0.999991834 0.000591915 0.003990989 0.461439967 -0.000599903 0.999997795 0.002000625 -0.644800782 -0.003989798 -0.002003002 0.999989986 22.571025848
0.999992907 0.000308547 0.003747550 0.462686181 -0.000314694 0.999998748 0.001639623 -0.659570992 -0.003747040 -0.001640791 0.999991655 23.103096008
0.999994457 0.000448181 0.003280797 0.472799420 -0.000453246 0.999998748 0.001543221 -0.675619006 -0.003280101 -0.001544700 0.999993443 23.626192093
0.999996722 -0.000440374 0.002526207 0.486212164 0.000437518 0.999999285 0.001131217 -0.687693357 -0.002526703 -0.001130108 0.999996185 24.151607513
0.999998391 0.000526621 0.001731894 0.500506520 -0.000530018 0.999997973 0.001961502 -0.705505908 -0.001730857 -0.001962416 0.999996603 24.680448532
0.999998689 0.001127413 0.001262535 0.506034374 -0.001129647 0.999997735 0.001769555 -0.716886818 -0.001260536 -0.001770978 0.999997616 25.227163315
0.999998391 0.001373254 0.001157064 0.511772275 -0.001375432 0.999997258 0.001883961 -0.728193402 -0.001154474 -0.001885550 0.999997556 25.770381927
0.999999523 0.000821291 0.000631977 0.529021561 -0.000822610 0.999997437 0.002090696 -0.748576403 -0.000630258 -0.002091216 0.999997616 26.322637558
0.999999762 0.000605512 0.000291074 0.524916649 -0.000605996 0.999998391 0.001666784 -0.753998697 -0.000290065 -0.001666960 0.999998569 26.871997833
0.999999821 0.000482249 0.000321849 0.533016741 -0.000482938 0.999997616 0.002141379 -0.772775948 -0.000320816 -0.002141534 0.999997735 27.422895432
0.999998748 0.001528887 0.000211193 0.541016698 -0.001529235 0.999997437 0.001658380 -0.786770999 -0.000208656 -0.001658701 0.999998569 27.977231979
0.999998331 0.001829652 0.000122002 0.537256300 -0.001829929 0.999995649 0.002311457 -0.811605692 -0.000117773 -0.002311677 0.999997318 28.517566681
0.999998450 0.001786894 -0.000124551 0.549136162 -0.001786630 0.999996245 0.002090314 -0.825902820 0.000128286 -0.002090088 0.999997795 29.057975769
0.999997735 0.001828079 -0.001022896 0.570569992 -0.001825591 0.999995410 0.002428088 -0.839959145 0.001027330 -0.002426215 0.999996543 29.598447800
0.999997675 0.001804032 -0.001196602 0.575846553 -0.001801270 0.999995708 0.002305090 -0.848932981 0.001200756 -0.002302929 0.999996603 30.138116837
0.999997735 0.001655210 -0.001390778 0.590185523 -0.001652098 0.999996066 0.002235721 -0.865823269 0.001394473 -0.002233418 0.999996543 30.681289673
0.999996126 0.001928013 -0.001998480 0.599359214 -0.001923529 0.999995589 0.002243078 -0.879292607 0.002002796 -0.002239225 0.999995470 31.225000381
0.999995470 0.001985919 -0.002272608 0.611336529 -0.001980553 0.999995351 0.002361030 -0.892826080 0.002277286 -0.002356518 0.999994636 31.777967453
0.999994993 0.001811918 -0.002580151 0.623855710 -0.001806091 0.999995828 0.002258680 -0.909281373 0.002584233 -0.002254009 0.999994099 32.328384399
0.999994755 0.001744841 -0.002726641 0.630062103 -0.001737822 0.999995291 0.002574648 -0.923961937 0.002731120 -0.002569896 0.999992907 32.862972260
0.999993503 0.001762605 -0.003149868 0.643033206 -0.001755075 0.999995530 0.002391550 -0.939624548 0.003154069 -0.002386007 0.999992192 33.409690857
0.999993324 0.002031720 -0.003046466 0.645811498 -0.002024418 0.999994993 0.002398399 -0.949199677 0.003051324 -0.002392216 0.999992430 33.963588715
0.999993443 0.001001194 -0.003475645 0.660236001 -0.000991509 0.999995649 0.002786986 -0.967148900 0.003478420 -0.002783521 0.999990106 34.501686096
0.999993503 0.001252463 -0.003378812 0.664780319 -0.001243569 0.999995708 0.002632985 -0.978459358 0.003382096 -0.002628766 0.999990821 35.055191040
0.999992490 0.001357113 -0.003638258 0.683448911 -0.001346619 0.999994934 0.002885455 -0.999546349 0.003642156 -0.002880534 0.999989212 35.581420898
0.999991238 0.001477347 -0.003909616 0.686213493 -0.001466533 0.999995112 0.002767383 -1.008978486 0.003913685 -0.002761625 0.999988556 36.137573242
0.999992251 0.001227216 -0.003721922 0.696209311 -0.001217037 0.999995530 0.002735692 -1.023687601 0.003725262 -0.002731141 0.999989390 36.687328339
0.999991834 0.001126115 -0.003880983 0.697393179 -0.001115442 0.999995589 0.002750987 -1.039431930 0.003884064 -0.002746636 0.999988675 37.230140686
0.999991834 0.002161769 -0.003414084 0.702733159 -0.002153748 0.999994934 0.002351532 -1.052613378 0.003419151 -0.002344159 0.999991417 37.779792786
0.999992549 0.001366242 -0.003593261 0.706472158 -0.001358813 0.999996841 0.002069114 -1.061511517 0.003596076 -0.002064216 0.999991417 38.330120087
0.999991357 0.001694170 -0.003801974 0.710589647 -0.001681958 0.999993443 0.003213142 -1.087700605 0.003807393 -0.003206720 0.999987602 38.882728577
0.999989450 0.002047397 -0.004122843 0.721879780 -0.002035230 0.999993563 0.002953168 -1.103027225 0.004128863 -0.002944746 0.999987185 39.425373077
0.999987125 0.002350519 -0.004510206 0.744869769 -0.002333470 0.999990165 0.003781617 -1.128869891 0.004519051 -0.003771044 0.999982655 39.941497803
0.999990523 0.001643440 -0.004060742 0.741551399 -0.001632249 0.999994874 0.002757650 -1.122901917 0.004065254 -0.002750996 0.999987900 40.525772095
0.999992251 0.002053263 -0.003349305 0.745112658 -0.002044447 0.999994516 0.002633618 -1.130514503 0.003354694 -0.002626750 0.999990940 41.080921173
0.999991119 0.001741571 -0.003836891 0.752024829 -0.001732683 0.999995768 0.002318529 -1.136295199 0.003840913 -0.002311860 0.999989927 41.600818634
0.999986470 0.001724441 -0.004898916 0.773119569 -0.001709044 0.999993742 0.003145413 -1.165640235 0.004904308 -0.003136999 0.999983072 42.153526306
0.999986708 0.002399515 -0.004553838 0.778484464 -0.002387128 0.999993503 0.002723689 -1.171198130 0.004560343 -0.002712782 0.999985933 42.702560425
0.999983430 0.003110890 -0.004832383 0.795951962 -0.003094378 0.999989331 0.003420610 -1.191990614 0.004842973 -0.003405600 0.999982476 43.242820740
0.999986410 0.002076435 -0.004778971 0.788621962 -0.002060938 0.999992609 0.003245441 -1.201936841 0.004785675 -0.003235548 0.999983311 43.814205170
0.999987185 0.001804786 -0.004726509 0.796577990 -0.001787490 0.999991715 0.003661021 -1.218641520 0.004733077 -0.003652526 0.999982119 44.357002258
0.999984920 0.002143654 -0.005058714 0.807569742 -0.002126011 0.999991715 0.003490297 -1.228704691 0.005066155 -0.003479490 0.999981105 44.906250000
0.999988079 0.001893661 -0.004492030 0.807785809 -0.001878758 0.999992847 0.003319573 -1.238144875 0.004498283 -0.003311095 0.999984384 45.463592529
0.999989390 0.001951091 -0.004155441 0.810564458 -0.001937592 0.999992847 0.003249899 -1.244477987 0.004161752 -0.003241814 0.999986053 46.031421661
0.999987423 0.001348310 -0.004825929 0.824641943 -0.001333095 0.999994159 0.003154588 -1.264104366 0.004830154 -0.003148115 0.999983370 46.562450409
0.999986291 0.001709062 -0.004945442 0.837347567 -0.001691895 0.999992609 0.003473395 -1.280737162 0.004951341 -0.003464980 0.999981701 47.120891571
0.999985993 0.000960017 -0.005208297 0.843383431 -0.000943335 0.999994397 0.003204585 -1.287075520 0.005211345 -0.003199626 0.999981284 47.660606384
0.999983191 0.000890291 -0.005731252 0.860755324 -0.000871281 0.999994099 0.003318553 -1.303891897 0.005734172 -0.003313503 0.999978065 48.207218170
0.999987185 0.001409734 -0.004880212 0.862382293 -0.001395051 0.999994457 0.003010744 -1.306721091 0.004884430 -0.003003897 0.999983549 48.761497498
0.999986947 0.000974734 -0.005017312 0.864181399 -0.000957556 0.999993622 0.003425010 -1.327693343 0.005020619 -0.003420161 0.999981463 49.310619354
0.999987483 0.001302452 -0.004854519 0.877503932 -0.001285794 0.999993324 0.003432954 -1.338969469 0.004858958 -0.003426670 0.999982238 49.855464935
0.999989450 0.001056226 -0.004469269 0.881749928 -0.001040269 0.999993145 0.003571181 -1.353193641 0.004473010 -0.003566494 0.999983668 50.411350250
0.999987543 0.001431469 -0.004776073 0.879409730 -0.001418148 0.999995112 0.002791171 -1.361876965 0.004780045 -0.002784363 0.999984682 50.955112457
0.999989390 0.001308058 -0.004417343 0.888449311 -0.001296024 0.999995410 0.002726059 -1.376598120 0.004420889 -0.002720305 0.999986589 51.511066437
0.999984503 0.000828035 -0.005502203 0.908813119 -0.000810314 0.999994457 0.003222243 -1.395650148 0.005504841 -0.003217735 0.999979675 52.054924011
0.999987245 0.000932087 -0.004965749 0.910127521 -0.000918188 0.999995589 0.002800441 -1.407710075 0.004968338 -0.002795846 0.999983728 52.608814240
0.999987662 0.000588448 -0.004926485 0.917325854 -0.000572706 0.999994755 0.003196036 -1.423656106 0.004928339 -0.003193175 0.999982774 53.160064697
0.999987483 0.000899233 -0.004904431 0.923968434 -0.000883895 0.999994814 0.003128876 -1.437433004 0.004907219 -0.003124503 0.999983013 53.704093933
0.999989331 0.001071632 -0.004465903 0.932722092 -0.001058158 0.999994874 0.003018403 -1.450389266 0.004469114 -0.003013646 0.999985456 54.250492096
0.999988735 0.000803823 -0.004669753 0.937199116 -0.000789644 0.999995053 0.003037315 -1.464061260 0.004672172 -0.003033593 0.999984503 54.803421021
0.999987066 0.000867430 -0.004995382 0.945381463 -0.000853165 0.999995530 0.002857138 -1.480406404 0.004997839 -0.002852840 0.999983430 55.349090576
0.999988973 0.000565719 -0.004633769 0.946734071 -0.000551679 0.999995291 0.003030563 -1.492780685 0.004635463 -0.003027973 0.999984682 55.891735077
0.999987543 0.000785164 -0.004930778 0.955840111 -0.000769972 0.999994874 0.003082025 -1.508024812 0.004933174 -0.003078190 0.999983072 56.447658539
0.999989033 0.000630314 -0.004626329 0.975285292 -0.000613652 0.999993324 0.003602053 -1.529388547 0.004628568 -0.003599175 0.999982774 56.973995209
0.999987662 0.001332124 -0.004790054 0.980579674 -0.001318207 0.999994874 0.002907158 -1.531963706 0.004793901 -0.002900807 0.999984324 57.548065186
0.999986053 0.000857330 -0.005225234 0.991687536 -0.000843304 0.999996066 0.002685940 -1.545809388 0.005227515 -0.002681496 0.999982774 58.096950531
0.999986947 0.000657810 -0.005069212 1.006913900 -0.000644897 0.999996662 0.002548454 -1.560401320 0.005070871 -0.002545152 0.999983907 58.626499176
0.999988914 0.001594438 -0.004424156 0.992600799 -0.001584336 0.999996126 0.002285946 -1.565105438 0.004427784 -0.002278912 0.999987543 59.177833557
0.999989510 0.001334334 -0.004365112 1.003844976 -0.001326090 0.999997318 0.001890664 -1.578752279 0.004367623 -0.001884856 0.999988675 59.718925476
0.999988258 0.001573457 -0.004589714 1.008386135 -0.001564630 0.999996901 0.001926398 -1.588605523 0.004592731 -0.001919194 0.999987602 60.260997772
0.999986410 0.001574007 -0.004967029 1.020534992 -0.001564316 0.999996841 0.001954390 -1.601139069 0.004970090 -0.001946593 0.999985754 60.802936554
0.999986172 0.001653187 -0.004990282 1.028169155 -0.001641248 0.999995768 0.002395444 -1.619058013 0.004994221 -0.002387220 0.999984682 61.345176697
0.999986768 0.001966262 -0.004759172 1.040495872 -0.001954140 0.999994814 0.002550162 -1.633721352 0.004764162 -0.002540828 0.999985456 61.895683289
0.999985814 0.002047074 -0.004919478 1.042513132 -0.002037834 0.999996126 0.001882399 -1.636992931 0.004923313 -0.001872347 0.999986112 62.450046539
0.999988496 0.002104176 -0.004320889 1.045203209 -0.002096072 0.999996006 0.001879191 -1.653194904 0.004324826 -0.001870113 0.999988914 63.000000000
0.999985337 0.002237386 -0.004914627 1.062858820 -0.002226299 0.999994993 0.002260264 -1.667588711 0.004919661 -0.002249289 0.999985337 63.549049377
0.999985635 0.002473155 -0.004740175 1.068258047 -0.002462123 0.999994278 0.002331643 -1.684812188 0.004745914 -0.002319939 0.999986053 64.109138489
0.999986053 0.002176611 -0.004812643 1.078298807 -0.002171304 0.999997020 0.001107687 -1.669044375 0.004815040 -0.001097222 0.999987781 64.639335632
0.999981940 0.002035835 -0.005652844 1.099955797 -0.002026392 0.999996483 0.001675732 -1.687983632 0.005656237 -0.001664246 0.999982595 65.171913147
0.999983549 0.001823642 -0.005433108 1.110667944 -0.001814998 0.999997079 0.001595490 -1.703151941 0.005436001 -0.001585603 0.999983907 65.717773438
0.999985993 0.001829765 -0.004971070 1.110083103 -0.001824623 0.999997735 0.001038672 -1.708490252 0.004972960 -0.001029587 0.999987125 66.283370972
0.999989390 0.002109024 -0.004083912 1.109668493 -0.002106103 0.999997556 0.000719520 -1.716902256 0.004085420 -0.000710912 0.999991417 66.836067200
0.999984980 0.002332602 -0.004966408 1.125096679 -0.002327635 0.999996841 0.001005540 -1.736748219 0.004968739 -0.000993965 0.999987125 67.386764526
0.999986529 0.002247904 -0.004699620 1.127868772 -0.002243019 0.999996960 0.001044668 -1.748969316 0.004701953 -0.001034112 0.999988437 67.927154541
0.999984920 0.002351489 -0.004962206 1.143226743 -0.002344636 0.999996364 0.001386405 -1.770533919 0.004965446 -0.001374750 0.999986708 68.450706482
0.999983311 0.002945508 -0.004949441 1.148442626 -0.002940065 0.999995112 0.001106628 -1.786915898 0.004952676 -0.001092058 0.999987185 68.999794006
0.999985337 0.002919093 -0.004545966 1.137201905 -0.002914304 0.999995172 0.001059613 -1.799082756 0.004549037 -0.001046350 0.999989092 69.563468933
0.999987602 0.002552103 -0.004266252 1.149736643 -0.002547896 0.999996245 0.000991346 -1.810865760 0.004268766 -0.000980464 0.999990404 70.108489990
0.999987304 0.003372512 -0.003747367 1.148408532 -0.003369147 0.999993920 0.000903831 -1.822194219 0.003750392 -0.000891194 0.999992549 70.661483765
0.999986053 0.002505126 -0.004675562 1.171179891 -0.002499722 0.999996185 0.001161455 -1.845568061 0.004678454 -0.001149751 0.999988377 71.203651428
0.999982655 0.003016818 -0.005064108 1.186009049 -0.003011980 0.999994993 0.000962592 -1.859338522 0.005066987 -0.000947323 0.999986649 71.754516602
0.999985337 0.002626718 -0.004737529 1.183755040 -0.002620829 0.999995768 0.001248921 -1.872970343 0.004740789 -0.001236486 0.999988019 72.309616089
0.999984562 0.002163160 -0.005115167 1.197648644 -0.002157330 0.999997020 0.001144932 -1.889710069 0.005117629 -0.001133880 0.999986291 72.852790833
0.999986291 0.002832237 -0.004401166 1.195648193 -0.002825600 0.999994814 0.001513330 -1.909670472 0.004405430 -0.001500874 0.999989092 73.393447876
0.999985814 0.003163989 -0.004294790 1.200315833 -0.003159472 0.999994457 0.001057933 -1.921356320 0.004298114 -0.001044349 0.999990165 73.938117981
0.999986231 0.002725720 -0.004481826 1.211161017 -0.002718534 0.999994934 0.001608826 -1.941651821 0.004486190 -0.001596620 0.999988616 74.480888367
0.999985993 0.002444102 -0.004698241 1.226266861 -0.002435465 0.999995291 0.001843254 -1.955679655 0.004702724 -0.001831786 0.999987245 75.022010803
0.999987543 0.001799954 -0.004661652 1.232374191 -0.001791223 0.999996603 0.001876556 -1.962968826 0.004665014 -0.001868183 0.999987364 75.584846497
0.999986947 0.001812798 -0.004774001 1.243155360 -0.001803888 0.999996603 0.001870094 -1.988142490 0.004777376 -0.001861458 0.999986827 76.107505798
0.999984145 0.002597993 -0.004983641 1.250018954 -0.002588380 0.999994755 0.001934418 -2.002024889 0.004988641 -0.001921488 0.999985635 76.652412415
0.999985695 0.002285842 -0.004833109 1.258805633 -0.002277543 0.999995947 0.001721938 -2.016868353 0.004837025 -0.001710906 0.999986768 77.207923889
0.999985456 0.001681972 -0.005118321 1.271234751 -0.001674643 0.999997616 0.001435953 -2.025046825 0.005120723 -0.001427361 0.999985814 77.759223938
0.999984264 0.002077371 -0.005209988 1.269970894 -0.002068314 0.999996364 0.001743164 -2.043202639 0.005213590 -0.001732360 0.999984920 78.282112122
0.999985099 0.001728647 -0.005180160 1.285362601 -0.001723352 0.999998033 0.001026319 -2.054929733 0.005181923 -0.001017377 0.999986053 78.825164795
0.999986410 0.002564819 -0.004543701 1.287225604 -0.002557035 0.999995172 0.001718129 -2.072688818 0.004548087 -0.001706487 0.999988139 79.367507935
0.999985039 0.002726334 -0.004730529 1.297162056 -0.002718245 0.999994814 0.001715487 -2.086965322 0.004735181 -0.001702602 0.999987364 79.920043945
0.999985814 0.002316207 -0.004799144 1.307910442 -0.002308395 0.999996006 0.001632722 -2.100194693 0.004802906 -0.001621621 0.999987125 80.461441040
0.999988258 0.002937038 -0.003879975 1.314714432 -0.002930030 0.999993980 0.001811197 -2.114289761 0.003885271 -0.001799808 0.999990761 81.013954163
0.999992073 0.003211437 -0.002371884 1.325547576 -0.003206455 0.999992669 0.002101503 -2.132135391 0.002378615 -0.002093881 0.999994934 81.554443359
0.999994695 0.002869818 -0.001520265 1.330688357 -0.002867133 0.999994338 0.001765584 -2.143556356 0.001525324 -0.001761216 0.999997258 82.093338013
0.999995947 0.002833080 -0.000102767 1.342682242 -0.002832896 0.999994397 0.001754514 -2.157840967 0.000107738 -0.001754216 0.999998450 82.633338928
0.999992788 0.002707064 0.002666711 1.364228845 -0.002710069 0.999995649 0.001124045 -2.166633606 -0.002663657 -0.001131264 0.999995828 83.189422607
0.999974191 0.002344778 0.006792990 1.378261805 -0.002354205 0.999996424 0.001380214 -2.182650566 -0.006789729 -0.001396170 0.999975920 83.730155945
0.999946117 0.002933697 0.009955073 1.389234781 -0.002949596 0.999994397 0.001582853 -2.201352835 -0.009950374 -0.001612131 0.999949157 84.277732849
0.999884605 0.002901413 0.014911826 1.410575986 -0.002924825 0.999994457 0.001548437 -2.214030027 -0.014907251 -0.001591872 0.999887586 84.824851990
0.999786556 0.002953807 0.020444993 1.441320419 -0.002990294 0.999993980 0.001754311 -2.231951952 -0.020439684 -0.001815073 0.999789357 85.376853943
0.999657929 0.002349725 0.026048148 1.474932194 -0.002393136 0.999995768 0.001635522 -2.249442816 -0.026044196 -0.001697300 0.999659359 85.930809021
0.999487221 0.002063808 0.031956453 1.506249428 -0.002107098 0.999996960 0.001321014 -2.258460283 -0.031953625 -0.001387672 0.999488413 86.473411560
0.999204934 0.002281538 0.039803348 1.543942809 -0.002357252 0.999995530 0.001855376 -2.280350208 -0.039798930 -0.001947727 0.999205828 87.044181824
0.998847842 0.002151815 0.047940612 1.590291500 -0.002243682 0.999995768 0.001862539 -2.295527220 -0.047936395 -0.001967956 0.998848379 87.602348328
0.998474836 0.002133557 0.055168483 1.631616831 -0.002233917 0.999996006 0.001757550 -2.307249308 -0.055164512 -0.001878112 0.998475432 88.149322510
0.997941136 0.002426850 0.064089872 1.681320429 -0.002534649 0.999995530 0.001600750 -2.321401358 -0.064085700 -0.001759900 0.997942805 88.693458557
0.997187436 0.002314864 0.074912921 1.741765499 -0.002446709 0.999995649 0.001668249 -2.336263895 -0.074908733 -0.001846847 0.997188747 89.225830078
0.996558666 0.001934859 0.082867771 1.811328888 -0.002087865 0.999996245 0.001759776 -2.354107380 -0.082864046 -0.001926736 0.996559024 89.773765564
0.995851636 0.001791370 0.090974554 1.866895199 -0.001915197 0.999997377 0.001273832 -2.363980770 -0.090972029 -0.001442782 0.995852411 90.344024658
0.994856775 0.001595041 0.101280063 1.950139999 -0.001742862 0.999997616 0.001371052 -2.373326302 -0.101277627 -0.001540517 0.994857073 90.892150879
0.993616223 0.002134347 0.112793073 2.014508247 -0.002345343 0.999995768 0.001737986 -2.394687653 -0.112788871 -0.001991430 0.993616939 91.437370300
0.992513239 0.001303225 0.122130595 2.099224091 -0.001521642 0.999997437 0.001695138 -2.414498568 -0.122128077 -0.001868285 0.992512584 91.983840942
0.991128981 0.001702329 0.132892638 2.197356224 -0.001979873 0.999996126 0.001956369 -2.425621033 -0.132888824 -0.002202124 0.991128504 92.539642334
0.989480913 0.001206607 0.144658238 2.301229477 -0.001472691 0.999997437 0.001732330 -2.439527512 -0.144655764 -0.001927144 0.989480138 93.085433960
0.987868130 0.000608301 0.155293778 2.409717560 -0.000943146 0.999997377 0.002082533 -2.457154512 -0.155292079 -0.002203732 0.987866163 93.623908997
0.986191452 0.000283621 0.165608853 2.519989967 -0.000576636 0.999998271 0.001721244 -2.470694542 -0.165608078 -0.001792972 0.986190021 94.161109924
0.983841777 0.000925549 0.179037526 2.628312111 -0.001318980 0.999997079 0.002078459 -2.482528448 -0.179035068 -0.002281022 0.983840048 94.711738586
0.981555343 0.000346184 0.191178471 2.752679825 -0.000723333 0.999998033 0.001902977 -2.491803646 -0.191177398 -0.002006163 0.981553495 95.248092651
0.979392409 0.000131069 0.201966614 2.872655869 -0.000600571 0.999997258 0.002263373 -2.512862682 -0.201965779 -0.002338026 0.979389727 95.776123047
0.976522803 0.000011406 0.215414286 3.010417938 -0.000604384 0.999996185 0.002686866 -2.528438807 -0.215413436 -0.002753979 0.976519048 96.316848755
0.973350286 0.000042045 0.229323700 3.151945114 -0.000688432 0.999995947 0.002738666 -2.543859959 -0.229322672 -0.002823555 0.973346353 96.850318909
0.970840335 -0.000628007 0.239726081 3.305742264 0.000080945 0.999997377 0.002291872 -2.556223869 -0.239726886 -0.002205638 0.970837772 97.391769409
0.967818618 -0.000755229 0.251647413 3.472726822 0.000229245 0.999997795 0.002119474 -2.573470831 -0.251648426 -0.001993578 0.967816651 97.920387268
0.964167178 -0.000674592 0.265294641 3.636028290 -0.000012406 0.999996662 0.002587884 -2.589513063 -0.265295416 -0.002498444 0.964163899 98.460006714
0.960549235 -0.001170099 0.278107524 3.801811218 0.000646886 0.999997854 0.001973088 -2.596467018 -0.278109223 -0.001715345 0.960547864 98.985656738
0.957484305 -0.001472711 0.288481444 3.995773315 0.000906936 0.999997318 0.002094866 -2.610702276 -0.288483709 -0.001744167 0.957483172 99.511352539
0.952945828 -0.002253582 0.303132176 4.163269043 0.001562909 0.999995589 0.002521027 -2.632144928 -0.303136557 -0.001928635 0.952945113 100.034133911
0.948626399 -0.002711289 0.316386700 4.363941193 0.001817517 0.999993443 0.003119997 -2.654122353 -0.316393077 -0.002384673 0.948625207 100.530212402
0.944623172 -0.003417522 0.328139275 4.559129715 0.002564743 0.999992132 0.003031578 -2.661576033 -0.328147113 -0.002022106 0.944624484 101.060676575
0.939968050 -0.003242861 0.341246963 4.768857956 0.002608675 0.999993980 0.002317295 -2.670200825 -0.341252416 -0.001287981 0.939970851 101.583282471
0.934736788 -0.003633693 0.355322272 4.988241196 0.002856948 0.999992251 0.002710693 -2.688350916 -0.355329365 -0.001518647 0.934739947 102.095764160
0.930070400 -0.004019994 0.367359400 5.210695267 0.002916572 0.999989450 0.003558734 -2.709929228 -0.367369831 -0.002238443 0.930072308 102.596908569
0.925221324 -0.004766281 0.379397899 5.433158875 0.003991590 0.999987960 0.002828483 -2.713495970 -0.379406899 -0.001102571 0.925229251 103.118492126
0.919276893 -0.004932566 0.393580437 5.668758392 0.004064545 0.999987066 0.003038922 -2.725989342 -0.393590331 -0.001193886 0.919285178 103.608047485
0.913482249 -0.005649142 0.406839281 5.909786224 0.004797509 0.999983609 0.003113295 -2.738097668 -0.406850278 -0.000892125 0.913494408 104.100311279
0.908576667 -0.006381817 0.417669177 6.160259247 0.005640936 0.999979556 0.003008272 -2.752495766 -0.417679816 -0.000377201 0.908594251 104.581260681
0.902685225 -0.006925522 0.430245668 6.441795349 0.006319098 0.999976039 0.002838376 -2.764271259 -0.430255026 0.000156604 0.902707279 105.083877563
0.895581424 -0.007022068 0.444842041 6.691417694 0.006209887 0.999975324 0.003283042 -2.780577421 -0.444854110 -0.000177813 0.895602942 105.567596436
0.889612913 -0.007353400 0.456656337 6.959007263 0.006584544 0.999972939 0.003274909 -2.789835215 -0.456668079 0.000093472 0.889637172 106.070327759
0.884066939 -0.007342421 0.467302531 7.233448029 0.006502183 0.999973059 0.003410763 -2.801335335 -0.467314959 0.000023143 0.884090900 106.549224854
0.876904130 -0.008139886 0.480596304 7.525550842 0.007473659 0.999966562 0.003299925 -2.813220739 -0.480607152 0.000698095 0.876935780 107.015594482
0.869647205 -0.008432058 0.493601739 7.793266296 0.007787256 0.999963999 0.003362207 -2.825961828 -0.493612319 0.000919869 0.869681597 107.486122131
