1.000000000 0.000000000 0.000000000 0.000000000 0.000000000 1.000000000 0.000000000 0.000000000 0.000000000 0.000000000 1.000000000 0.000000000
1.000000000 0.000132259 0.000015669 -0.000054627 -0.000132258 1.000000000 -0.000033518 0.000417316 -0.000015674 0.000033516 1.000000000 0.000207609
1.000000000 0.000089100 0.000078197 -0.000666493 -0.000089104 1.000000000 0.000055255 -0.000414865 -0.000078192 -0.000055262 1.000000000 -0.000265900
1.000000000 -0.000083857 0.000093066 -0.000248348 0.000083861 1.000000000 -0.000046967 0.000600113 -0.000093062 0.000046975 1.000000000 0.000370111
1.000000000 -0.000134284 0.000048696 -0.000203380 0.000134287 1.000000000 -0.000055197 0.000239828 -0.000048688 0.000055203 1.000000000 -0.000589723
1.000000000 0.000047424 0.000163172 -0.001353653 -0.000047423 1.000000000 -0.000005896 0.000636844 -0.000163172 0.000005888 1.000000000 0.000010135
1.000000000 -0.000065894 0.000094131 -0.000649977 0.000065896 1.000000000 -0.000019415 0.000208029 -0.000094129 0.000019421 1.000000000 -0.000235718
1.000000000 0.000028449 0.000092739 -0.000668449 -0.000028456 1.000000000 0.000070326 -0.000635087 -0.000092737 -0.000070329 1.000000000 -0.000621005
1.000000000 -0.000010972 0.000011955 -0.000739060 0.000010972 1.000000000 -0.000076383 0.000097691 -0.000011954 0.000076383 1.000000000 -0.000204521
1.000000000 -0.000036558 0.000063944 -0.000066757 0.000036555 1.000000000 0.000045334 -0.001312320 -0.000063945 -0.000045332 1.000000000 -0.000281252
1.000000000 0.000085481 0.000100133 -0.000999518 -0.000085489 1.000000000 0.000077339 -0.000922903 -0.000100127 -0.000077348 1.000000000 -0.000070932
1.000000000 0.000032362 0.000102770 -0.000726078 -0.000032360 1.000000000 -0.000020479 0.000037720 -0.000102771 0.000020476 1.000000000 -0.000396266
1.000000000 0.000082650 0.000047880 -0.000775161 -0.000082647 1.000000000 -0.000054683 -0.000789781 -0.000047885 0.000054679 1.000000000 -0.001286408
1.000000000 0.000061713 0.000084441 -0.001173579 -0.000061710 1.000000000 -0.000038030 0.000971714 -0.000084444 0.000038025 1.000000000 0.000536701
1.000000000 0.000025364 0.000101415 -0.001696708 -0.000025354 1.000000000 -0.000101165 0.001170322 -0.000101418 0.000101162 1.000000000 0.000564476
1.000000000 0.000080526 0.000036089 -0.000152250 -0.000080522 1.000000000 -0.000090197 0.001981088 -0.000036096 0.000090194 1.000000000 0.001984422
1.000000000 0.000111710 0.000135496 -0.001315498 -0.000111695 1.000000000 -0.000109948 0.001606593 -0.000135509 0.000109932 1.000000000 0.002440809
1.000000000 0.000129978 0.000115124 -0.001592913 -0.000129965 1.000000000 -0.000115906 0.001174772 -0.000115139 0.000115891 1.000000000 0.001213941
0.999999940 0.000229629 0.000187973 -0.002295953 -0.000229611 0.999999940 -0.000099574 0.002074818 -0.000187996 0.000099531 1.000000000 0.002527307
1.000000000 0.000166123 0.000161603 -0.001533778 -0.000166103 1.000000000 -0.000123344 0.001896898 -0.000161623 0.000123317 1.000000000 0.002175417
1.000000000 0.000140254 0.000188892 -0.002277495 -0.000140238 1.000000000 -0.000085675 0.001443628 -0.000188904 0.000085649 1.000000000 0.002206190
1.000000000 0.000117521 0.000113859 -0.001839482 -0.000117510 1.000000000 -0.000095566 0.001829137 -0.000113870 0.000095553 1.000000000 0.001793616
1.000000000 0.000112676 0.000089649 -0.000884566 -0.000112664 1.000000000 -0.000137684 0.002489518 -0.000089664 0.000137674 1.000000000 0.003172420
1.000000000 0.000116175 0.000108115 -0.001590124 -0.000116161 1.000000000 -0.000129843 0.002773712 -0.000108130 0.000129831 1.000000000 0.003428121
0.999999940 0.000288605 0.000086175 -0.001767761 -0.000288597 0.999999940 -0.000096471 0.002693027 -0.000086203 0.000096446 1.000000000 0.003816027
0.999999940 0.000324330 0.000149744 -0.002048903 -0.000324326 0.999999940 -0.000027654 0.001480340 -0.000149753 0.000027606 1.000000000 0.001943186
1.000000000 0.000135911 0.000190479 -0.002115302 -0.000135898 1.000000000 -0.000068863 0.003054078 -0.000190489 0.000068837 1.000000000 0.003338823
0.999999940 0.000165903 0.000181468 -0.001887091 -0.000165899 1.000000000 -0.000019515 0.001455531 -0.000181471 0.000019485 1.000000000 0.002551338
1.000000000 0.000143396 0.000108123 -0.001661286 -0.000143388 1.000000000 -0.000068462 0.002583636 -0.000108133 0.000068447 1.000000000 0.002628364
1.000000000 0.000159212 0.000166613 -0.002332686 -0.000159194 1.000000000 -0.000112962 0.002743519 -0.000166631 0.000112936 1.000000000 0.003144813
0.999999940 0.000143460 0.000211923 -0.001499247 -0.000143451 1.000000000 -0.000043596 0.001555732 -0.000211929 0.000043565 1.000000000 0.002859154
1.000000000 0.000034213 0.000195314 -0.001068025 -0.000034186 1.000000000 -0.000140010 0.003450703 -0.000195319 0.000140003 1.000000000 0.003918185
1.000000000 0.000148154 0.000067929 -0.000301441 -0.000148138 0.999999940 -0.000221369 0.003823252 -0.000067961 0.000221359 1.000000000 0.003706127
1.000000000 0.000147589 0.000157807 -0.001207359 -0.000147575 1.000000000 -0.000085820 0.001855155 -0.000157820 0.000085797 1.000000000 0.002164518
0.999999940 0.000255961 0.000218016 -0.002737856 -0.000255934 0.999999940 -0.000123225 0.002002445 -0.000218048 0.000123169 0.999999940 0.001722845
0.999999940 0.000269141 0.000215744 -0.001501202 -0.000269117 0.999999940 -0.000111434 0.001917859 -0.000215774 0.000111376 1.000000000 0.001774929
1.000000000 0.000099371 0.000138270 -0.001361561 -0.000099363 1.000000000 -0.000058260 0.002091457 -0.000138276 0.000058247 1.000000000 0.001879049
0.999999940 0.000233986 0.000166994 -0.002156609 -0.000233970 0.999999940 -0.000096662 0.003073774 -0.000167016 0.000096623 1.000000000 0.003534911
0.999999940 0.000228253 0.000216073 -0.001872733 -0.000228227 0.999999940 -0.000120329 0.002972231 -0.000216100 0.000120280 0.999999940 0.002201932
1.000000000 0.000155926 0.000108364 -0.000608845 -0.000155913 1.000000000 -0.000124991 0.003813127 -0.000108384 0.000124974 1.000000000 0.003186734
1.000000000 0.000050809 0.000108940 -0.000286726 -0.000050791 1.000000000 -0.000160493 0.002022410 -0.000108948 0.000160488 1.000000000 0.003871259
0.999999881 0.000402938 0.000188579 0.000628646 -0.000402811 0.999999702 -0.000673588 -0.001293335 -0.000188851 0.000673512 0.999999762 0.051740676
0.999999940 0.000261645 0.000070054 0.002472511 -0.000261562 0.999999285 -0.001179168 -0.003264622 -0.000070363 0.001179150 0.999999285 0.141025513
0.999999166 0.001179642 0.000510804 -0.005432041 -0.001179042 0.999998629 -0.001171919 -0.012543620 -0.000512185 0.001171315 0.999999166 0.246636704
0.999998629 0.001526664 0.000579430 -0.002718650 -0.001526087 0.999998331 -0.000995089 -0.015983513 -0.000580948 0.000994203 0.999999344 0.377653837
0.999999106 0.001196270 0.000563107 0.001487248 -0.001195731 0.999998808 -0.000956629 -0.020929556 -0.000564251 0.000955955 0.999999344 0.519517601
0.999999642 0.000765148 0.000472523 0.006622308 -0.000764798 0.999999404 -0.000740138 -0.027065093 -0.000473089 0.000739776 0.999999583 0.670803785
0.999999464 0.000841452 0.000511526 0.011613977 -0.000841159 0.999999464 -0.000573956 -0.029499657 -0.000512009 0.000573525 0.999999762 0.836147308
0.999999523 0.000682777 0.000687709 0.012696952 -0.000682427 0.999999642 -0.000508174 -0.032463353 -0.000688056 0.000507705 0.999999642 1.005830884
0.999999762 0.000425713 0.000547483 0.016642870 -0.000425326 0.999999702 -0.000707412 -0.034242205 -0.000547784 0.000707179 0.999999642 1.185251355
0.999999762 0.000307518 0.000576962 0.023514545 -0.000307395 1.000000000 -0.000214177 -0.041391194 -0.000577028 0.000214000 0.999999821 1.369257450
0.999998987 0.001132546 0.000871785 0.018811824 -0.001132368 0.999999344 -0.000204496 -0.046822321 -0.000872016 0.000203509 0.999999583 1.558229923
0.999998569 0.001267173 0.001173109 0.021833809 -0.001267019 0.999999166 -0.000132008 -0.052693829 -0.001173275 0.000130521 0.999999285 1.757091880
0.999998629 0.001258345 0.001049640 0.027352044 -0.001258400 0.999999225 0.000052038 -0.059945654 -0.001049574 -0.000053359 0.999999404 1.963968635
0.999999583 0.000464267 0.000837311 0.034455828 -0.000464429 0.999999881 0.000192804 -0.068153955 -0.000837221 -0.000193193 0.999999642 2.175665855
0.999998689 0.001106938 0.001205046 0.032254949 -0.001107387 0.999999344 0.000372180 -0.076341152 -0.001204634 -0.000373514 0.999999225 2.385451555
0.999998152 0.001432535 0.001322206 0.038734555 -0.001432796 0.999998987 0.000196229 -0.083405197 -0.001321923 -0.000198123 0.999999166 2.608077765
0.999997735 0.001542981 0.001501577 0.040411212 -0.001543716 0.999998689 0.000488420 -0.089591704 -0.001500821 -0.000490737 0.999998748 2.839529276
0.999998212 0.001354312 0.001330662 0.046777830 -0.001354835 0.999998987 0.000392381 -0.094037749 -0.001330129 -0.000394183 0.999998987 3.086119890
0.999997854 0.001423044 0.001468323 0.050670367 -0.001424266 0.999998629 0.000831824 -0.108994134 -0.001467137 -0.000833913 0.999998510 3.321188211
0.999997973 0.001229736 0.001637337 0.054023840 -0.001231287 0.999998808 0.000947132 -0.116461225 -0.001636170 -0.000949146 0.999998152 3.574061155
0.999997854 0.001317439 0.001611048 0.057727821 -0.001319014 0.999998629 0.000976720 -0.121916056 -0.001609759 -0.000978843 0.999998152 3.834097624
0.999996543 0.001724728 0.001984569 0.057693288 -0.001726161 0.999998271 0.000720654 -0.125677943 -0.001983323 -0.000724077 0.999997795 4.092315674
0.999996424 0.001588241 0.002131099 0.066507332 -0.001589482 0.999998569 0.000580798 -0.129136428 -0.002130173 -0.000584183 0.999997556 4.351119995
0.999996126 0.001597536 0.002287274 0.068169765 -0.001598891 0.999998629 0.000590842 -0.136633337 -0.002286326 -0.000594497 0.999997199 4.611902237
0.999997199 0.001183246 0.002017017 0.079317406 -0.001184791 0.999998987 0.000764916 -0.145058900 -0.002016110 -0.000767304 0.999997616 4.862612724
0.999995887 0.001732555 0.002278125 0.083778746 -0.001734418 0.999998152 0.000816196 -0.152038872 -0.002276707 -0.000820143 0.999997079 5.121579647
0.999996662 0.001236517 0.002272897 0.090997539 -0.001238182 0.999998927 0.000731250 -0.158357278 -0.002271990 -0.000734062 0.999997199 5.385670185
0.999995232 0.001851344 0.002460426 0.091386274 -0.001853268 0.999997914 0.000780004 -0.169613138 -0.002458977 -0.000784560 0.999996662 5.654980183
0.999994576 0.001941963 0.002632637 0.094835192 -0.001943458 0.999997973 0.000565293 -0.175866798 -0.002631533 -0.000570406 0.999996364 5.925677299
0.999994278 0.001839240 0.002832042 0.098349467 -0.001840966 0.999998033 0.000606816 -0.186286911 -0.002830920 -0.000612027 0.999995768 6.206330776
0.999994218 0.001946536 0.002785499 0.107638359 -0.001948750 0.999997795 0.000792548 -0.190592989 -0.002783950 -0.000797971 0.999995768 6.500032425
0.999994934 0.001965169 0.002498668 0.112700321 -0.001967488 0.999997616 0.000926023 -0.200304404 -0.002496843 -0.000930935 0.999996424 6.793632507
0.999994040 0.002282983 0.002595814 0.118890077 -0.002284813 0.999997199 0.000702396 -0.205729052 -0.002594203 -0.000708323 0.999996305 7.097161293
0.999995887 0.001925161 0.002111036 0.125964373 -0.001927683 0.999997377 0.001193083 -0.219231203 -0.002108733 -0.001197148 0.999997020 7.388443947
0.999994218 0.002183784 0.002595187 0.130608693 -0.002186321 0.999997139 0.000975080 -0.229519650 -0.002593050 -0.000980749 0.999996185 7.708970547
0.999993563 0.002584772 0.002475052 0.141676962 -0.002586936 0.999996305 0.000871511 -0.232752979 -0.002472790 -0.000877908 0.999996603 8.033864021
0.999993086 0.002518740 0.002722663 0.141520426 -0.002521564 0.999996305 0.001034351 -0.242701024 -0.002720048 -0.001041209 0.999995768 8.353614807
0.999992907 0.002458811 0.002876359 0.147785246 -0.002461412 0.999996543 0.000901168 -0.254267395 -0.002874133 -0.000908241 0.999995470 8.662838936
0.999993682 0.002013086 0.002928082 0.154448777 -0.002014345 0.999997795 0.000427232 -0.255201995 -0.002927216 -0.000433128 0.999995649 9.020135880
0.999993026 0.002324949 0.002898662 0.160788268 -0.002326358 0.999997139 0.000482995 -0.267088115 -0.002897530 -0.000489735 0.999995708 9.364922523
0.999992013 0.002643261 0.002978993 0.173292652 -0.002644217 0.999996424 0.000316860 -0.277849436 -0.002978144 -0.000324735 0.999995530 9.697210312
0.999993026 0.002374641 0.002897420 0.173782423 -0.002377653 0.999996662 0.001036514 -0.292333484 -0.002894949 -0.001043396 0.999995291 10.046231270
0.999992549 0.002701572 0.002805816 0.183597252 -0.002703228 0.999996185 0.000586535 -0.299380094 -0.002804221 -0.000594116 0.999995887 10.400615692
0.999992549 0.002574895 0.002892974 0.192268088 -0.002575981 0.999996662 0.000371975 -0.308796555 -0.002892007 -0.000379424 0.999995708 10.764613152
0.999993503 0.002355815 0.002735756 0.202783763 -0.002356756 0.999997199 0.000341079 -0.315764874 -0.002734945 -0.000347524 0.999996185 11.132125854
0.999995112 0.001742011 0.002601785 0.212507680 -0.001742841 0.999998510 0.000316708 -0.324028909 -0.002601229 -0.000321241 0.999996483 11.517180443
0.999991655 0.002675510 0.003094764 0.218383729 -0.002677186 0.999996245 0.000537593 -0.336849689 -0.003093314 -0.000545873 0.999995053 11.891857147
0.999992013 0.002670098 0.002970604 0.227350324 -0.002671815 0.999996245 0.000573989 -0.348556638 -0.002969060 -0.000581922 0.999995410 12.280388832
0.999992251 0.002664185 0.002882777 0.239050478 -0.002666062 0.999996185 0.000647642 -0.359340966 -0.002881041 -0.000655323 0.999995649 12.667158127
0.999990344 0.002665676 0.003488269 0.238282353 -0.002668784 0.999996066 0.000886759 -0.373917818 -0.003485891 -0.000896059 0.999993503 13.063899994
0.999990761 0.002449393 0.003519610 0.254303306 -0.002451828 0.999996722 0.000687764 -0.385582745 -0.003517914 -0.000696387 0.999993563 13.463527679
0.999988794 0.002784149 0.003832803 0.259255320 -0.002787355 0.999995828 0.000831453 -0.396989286 -0.003830472 -0.000842127 0.999992371 13.873004913
0.999988317 0.002768280 0.003968982 0.267504573 -0.002773832 0.999995172 0.001394150 -0.411948711 -0.003965104 -0.001405143 0.999991179 14.288125992
0.999987841 0.002633175 0.004182404 0.275197834 -0.002636166 0.999996185 0.000709731 -0.423714876 -0.004180520 -0.000720748 0.999991059 14.708608627
0.999986470 0.003064733 0.004200281 0.288106382 -0.003070055 0.999994457 0.001261147 -0.432418615 -0.004196392 -0.001274025 0.999990463 15.155863762
0.999986708 0.002431879 0.004540143 0.298558265 -0.002437407 0.999996245 0.001212309 -0.449224502 -0.004537178 -0.001223359 0.999988914 15.574401855
0.999987185 0.001846168 0.004696518 0.308346361 -0.001852112 0.999997497 0.001261517 -0.460923314 -0.004694177 -0.001270200 0.999988139 16.022766113
0.999979675 0.003207577 0.005513547 0.318116844 -0.003215715 0.999993682 0.001467689 -0.472231090 -0.005508806 -0.001485390 0.999983728 16.468435287
0.999976873 0.003613160 0.005762940 0.325825304 -0.003619375 0.999992847 0.001068467 -0.484807462 -0.005759039 -0.001089301 0.999982893 16.920011520
0.999976993 0.003159754 0.006006994 0.337133378 -0.003168785 0.999993861 0.001494461 -0.497561604 -0.006002235 -0.001513461 0.999980867 17.359613419
0.999977171 0.003181516 0.005964030 0.352769613 -0.003190025 0.999993920 0.001417604 -0.506847322 -0.005959483 -0.001436597 0.999981225 17.826099396
0.999972761 0.003278808 0.006625810 0.360577494 -0.003286738 0.999993920 0.001186323 -0.516497314 -0.006621880 -0.001208068 0.999977350 18.294969559
0.999971926 0.003185436 0.006780367 0.373944312 -0.003196240 0.999993622 0.001583247 -0.535588801 -0.006775280 -0.001604874 0.999975741 18.760196686
0.999972105 0.002674477 0.006960630 0.391478181 -0.002683329 0.999995708 0.001262723 -0.544065952 -0.006957222 -0.001281365 0.999974966 19.244651794
0.999970317 0.003572816 0.006828689 0.400864005 -0.003581727 0.999992728 0.001293251 -0.558418691 -0.006824019 -0.001317672 0.999975860 19.720043182
0.999966621 0.003981953 0.007137904 0.408022821 -0.003992511 0.999990880 0.001465577 -0.571044445 -0.007132004 -0.001494026 0.999973476 20.207489014
0.999969661 0.003687655 0.006864882 0.427646995 -0.003700607 0.999991357 0.001875014 -0.588684916 -0.006857908 -0.001900362 0.999974668 20.692729950
0.999971569 0.003213013 0.006821734 0.429724753 -0.003227380 0.999992609 0.002096025 -0.603282273 -0.006814949 -0.002117981 0.999974549 21.178064346
0.999978602 0.002679741 0.005969749 0.444277883 -0.002690414 0.999994814 0.001780376 -0.612851918 -0.005964947 -0.001796399 0.999980628 21.682107925
0.999976456 0.003447102 0.005942110 0.450089961 -0.003456285 0.999992907 0.001535805 -0.620745122 -0.005936773 -0.001556307 0.999981165 22.197139740
0.999976277 0.003065247 0.006164115 0.459437907 -0.003079533 0.999992609 0.002309327 -0.645268381 -0.006156990 -0.002328255 0.999978364 22.702667236
0.999977648 0.003260893 0.005834819 0.469761580 -0.003274755 0.999991894 0.002367712 -0.661141515 -0.005827051 -0.002386767 0.999980211 23.220905304
0.999980152 0.003213008 0.005423264 0.473597050 -0.003223234 0.999993026 0.001878013 -0.669939756 -0.005417192 -0.001895456 0.999983549 23.735990524
0.999988377 0.001581005 0.004568811 0.486593127 -0.001588788 0.999997318 0.001700512 -0.684908092 -0.004566111 -0.001707751 0.999988079 24.264190674
0.999990582 0.001543546 0.004067317 0.499871165 -0.001550841 0.999997199 0.001791074 -0.698276341 -0.004064542 -0.001797365 0.999990106 24.797803879
0.999993205 0.002135145 0.002996818 0.517129004 -0.002142128 0.999994993 0.002328743 -0.726894498 -0.002991831 -0.002335147 0.999992728 25.334665298
0.999990523 0.003416948 0.002696667 0.524031997 -0.003423495 0.999991238 0.002426965 -0.739505291 -0.002688351 -0.002436175 0.999993384 25.879390717
0.999989331 0.003657414 0.002803212 0.528497040 -0.003663519 0.999990880 0.002175696 -0.752851665 -0.002795229 -0.002185942 0.999993682 26.429830551
0.999994814 0.002551046 0.001924613 0.546214104 -0.002555914 0.999993503 0.002531178 -0.770606279 -0.001918144 -0.002536084 0.999994934 26.971448898
0.999995112 0.002888963 0.001190317 0.563213944 -0.002892285 0.999991834 0.002798558 -0.787246704 -0.001182222 -0.002801987 0.999995351 27.522094727
0.999993622 0.003360896 0.001142298 0.567449391 -0.003363862 0.999990880 0.002604497 -0.803137422 -0.001133534 -0.002608323 0.999995947 28.064300537
0.999991059 0.004089237 0.001029319 0.577674806 -0.004091905 0.999988258 0.002603354 -0.811061502 -0.001018661 -0.002607543 0.999996066 28.641895294
0.999991059 0.004068924 0.001152639 0.577284455 -0.004072243 0.999987543 0.002891939 -0.833925009 -0.001140858 -0.002896607 0.999995112 29.152858734
0.999986589 0.004896422 0.001658402 0.577991843 -0.004901793 0.999982715 0.003250039 -0.848540783 -0.001642460 -0.003258125 0.999993324 29.703022003
0.999987662 0.004894226 0.000840258 0.594629943 -0.004896751 0.999983370 0.003029327 -0.861664176 -0.000825418 -0.003033405 0.999995053 30.251323700
0.999992490 0.003827295 0.000482300 0.599767268 -0.003828598 0.999988914 0.002729948 -0.874418378 -0.000471847 -0.002731774 0.999996126 30.793603897
0.999991775 0.004019623 0.000581321 0.607012272 -0.004021080 0.999988735 0.002527470 -0.883214533 -0.000571155 -0.002529787 0.999996603 31.347160339
0.999990106 0.004457298 0.000021267 0.619960725 -0.004457335 0.999987662 0.002218512 -0.893878102 -0.000011378 -0.002218585 0.999997556 31.904338837
0.999990165 0.004422193 0.000024168 0.631663561 -0.004422241 0.999986589 0.002700585 -0.915106773 -0.000012225 -0.002700666 0.999996305 32.423568726
0.999989212 0.004633411 -0.000036344 0.635930717 -0.004633281 0.999984741 0.002990156 -0.930197895 0.000050198 -0.002989956 0.999995530 32.967323303
0.999986708 0.005141927 -0.000498182 0.650593281 -0.005140651 0.999983609 0.002528893 -0.950252950 0.000511178 -0.002526298 0.999996662 33.514255524
0.999992728 0.003735220 -0.000772766 0.658610463 -0.003732856 0.999988437 0.003037428 -0.963196754 0.000784102 -0.003034522 0.999995053 34.043506622
0.999990106 0.004355669 -0.000962250 0.665123940 -0.004353049 0.999986887 0.002708317 -0.972656965 0.000974034 -0.002704101 0.999995828 34.591903687
0.999990702 0.004094753 -0.001314700 0.675776005 -0.004091040 0.999987602 0.002814592 -0.994206309 0.001326209 -0.002809187 0.999995172 35.112472534
0.999993145 0.003342008 -0.001595509 0.694061875 -0.003337703 0.999990880 0.002693113 -0.998650491 0.001604495 -0.002687769 0.999995112 35.678249359
0.999991119 0.003882878 -0.001639283 0.697320700 -0.003878705 0.999989271 0.002541139 -1.012282133 0.001649133 -0.002534758 0.999995410 36.214168549
0.999991655 0.003852341 -0.001345143 0.704772115 -0.003848701 0.999988973 0.002698305 -1.026408195 0.001355523 -0.002693105 0.999995410 36.768814087
0.999989450 0.004408110 -0.001273525 0.709414661 -0.004404622 0.999986649 0.002729132 -1.039921522 0.001285538 -0.002723494 0.999995410 37.313476562
0.999993682 0.003243531 -0.001397804 0.723292410 -0.003239967 0.999991536 0.002544661 -1.055344105 0.001406047 -0.002540115 0.999995768 37.859069824
0.999993265 0.003153300 -0.001851205 0.735530257 -0.003149427 0.999992907 0.002091367 -1.065714002 0.001857787 -0.002085523 0.999996126 38.409671783
0.999992847 0.003329186 -0.001749307 0.744571745 -0.003325723 0.999992490 0.001978612 -1.073290229 0.001755881 -0.001972780 0.999996483 38.968120575
0.999993801 0.002996061 -0.001802723 0.749832153 -0.002990533 0.999990761 0.003061491 -1.099390626 0.001811877 -0.003056080 0.999993682 39.484935760
0.999992311 0.003573755 -0.001603504 0.756842911 -0.003569186 0.999989569 0.002843082 -1.113162756 0.001613648 -0.002837337 0.999994695 40.035171509
0.999992371 0.003393006 -0.001908164 0.777713001 -0.003386799 0.999989033 0.003245953 -1.134691000 0.001919157 -0.003239466 0.999992907 40.569202423
0.999994457 0.002866719 -0.001775506 0.780980468 -0.002861779 0.999992073 0.002778733 -1.142183781 0.001783458 -0.002773636 0.999994576 41.137619019
0.999992073 0.003406167 -0.002076405 0.789612174 -0.003400447 0.999990463 0.002751992 -1.151381612 0.002085759 -0.002744909 0.999994040 41.683197021
0.999991953 0.003471655 -0.002038830 0.800120771 -0.003466802 0.999991238 0.002379213 -1.168472290 0.002047072 -0.002372125 0.999995112 42.244625092
0.999993205 0.003128209 -0.001955003 0.809884667 -0.003123473 0.999992251 0.002420938 -1.176015735 0.001962561 -0.002414815 0.999995172 42.755813599
0.999993801 0.003214367 -0.001450346 0.809833646 -0.003210364 0.999991059 0.002753701 -1.190819740 0.001459184 -0.002749028 0.999995112 43.277618408
0.999994040 0.003169843 -0.001377330 0.822313905 -0.003166028 0.999991179 0.002762837 -1.209146857 0.001386075 -0.002758460 0.999995232 43.824195862
0.999995530 0.002436005 -0.001720138 0.844075382 -0.002431215 0.999993145 0.002781015 -1.221864820 0.001726901 -0.002776820 0.999994576 44.364967346
0.999993086 0.003433684 -0.001413954 0.831688404 -0.003430268 0.999991179 0.002411142 -1.233210206 0.001422221 -0.002406275 0.999996006 44.904155731
0.999992609 0.003533771 -0.001447441 0.842408419 -0.003530073 0.999990523 0.002549462 -1.244572163 0.001456437 -0.002544334 0.999995649 45.461952209
0.999990106 0.004266513 -0.001227491 0.854578078 -0.004263480 0.999987900 0.002463044 -1.261553407 0.001237985 -0.002457786 0.999996126 46.010871887
0.999993622 0.003542451 -0.000667947 0.835160851 -0.003540980 0.999991357 0.002192071 -1.280704260 0.000675706 -0.002189691 0.999997377 46.515220642
0.999990344 0.004309480 -0.000858339 0.850225925 -0.004307596 0.999988377 0.002184222 -1.290770531 0.000867743 -0.002180504 0.999997258 47.061584473
0.999993801 0.003415244 -0.000936533 0.859160304 -0.003413041 0.999991477 0.002344375 -1.306188107 0.000944531 -0.002341164 0.999996781 47.609004974
0.999993980 0.003393605 -0.000838412 0.858377576 -0.003392155 0.999992728 0.001724549 -1.317205787 0.000844259 -0.001721695 0.999998152 48.109844208
0.999991477 0.004105385 -0.000343374 0.861778378 -0.004104610 0.999989152 0.002230417 -1.335096478 0.000352526 -0.002228989 0.999997437 48.652782440
0.999992609 0.003735911 -0.000913027 0.874649704 -0.003734137 0.999991179 0.001935824 -1.346659303 0.000920251 -0.001932401 0.999997735 49.196659088
0.999992967 0.003680398 -0.000625608 0.885609329 -0.003678799 0.999990046 0.002536500 -1.362257957 0.000634937 -0.002534181 0.999996603 49.712905884
0.999992251 0.003860810 -0.000806595 0.891818821 -0.003859047 0.999990225 0.002176656 -1.368931413 0.000814990 -0.002173526 0.999997318 50.270099640
0.999990284 0.004380003 -0.000439030 0.900788903 -0.004379007 0.999987900 0.002242330 -1.388984323 0.000448847 -0.002240386 0.999997377 50.791954041
0.999992549 0.003824376 -0.000514332 0.910046637 -0.003823118 0.999989748 0.002426255 -1.407389522 0.000523604 -0.002424270 0.999996901 51.297386169
0.999989569 0.004493493 -0.000794981 0.917333543 -0.004491512 0.999986827 0.002476715 -1.421262026 0.000806100 -0.002473119 0.999996603 51.843338013
0.999991417 0.004137409 -0.000304905 0.925597548 -0.004136689 0.999988735 0.002326075 -1.430717468 0.000314526 -0.002324794 0.999997199 52.377407074
0.999992609 0.003812965 -0.000576920 0.940649927 -0.003811640 0.999990165 0.002280802 -1.443627715 0.000585611 -0.002278585 0.999997199 52.922966003
0.999991715 0.004055321 -0.000332556 0.946551740 -0.004054478 0.999988616 0.002496855 -1.458503604 0.000342677 -0.002495486 0.999996841 53.444667816
0.999991536 0.004106346 -0.000020193 0.954742730 -0.004106289 0.999989033 0.002299565 -1.475180387 0.000029635 -0.002299463 0.999997318 53.975997925
0.999988854 0.004697373 0.000261071 0.958563805 -0.004697971 0.999986172 0.002336499 -1.489545584 -0.000250093 -0.002337699 0.999997199 54.507827759
0.999989629 0.004547755 -0.000156767 0.971875072 -0.004547469 0.999988079 0.001780551 -1.502125263 0.000164863 -0.001779819 0.999998450 55.054088593
0.999991775 0.004053360 0.000115232 0.983145595 -0.004053609 0.999989271 0.002230499 -1.515400052 -0.000106189 -0.002230948 0.999997497 55.574378967
0.999992609 0.003831384 0.000127183 0.990302980 -0.003831705 0.999989212 0.002629105 -1.531785369 -0.000117109 -0.002629573 0.999996603 56.118263245
0.999991238 0.004182205 -0.000063562 1.002698541 -0.004182057 0.999988914 0.002177223 -1.544369936 0.000072666 -0.002176938 0.999997616 56.646011353
0.999988675 0.004741766 0.000471084 1.011942625 -0.004742754 0.999986589 0.002117578 -1.559166312 -0.000461037 -0.002119788 0.999997675 57.181522369
0.999991238 0.004184342 0.000207197 1.027292609 -0.004184667 0.999989986 0.001592365 -1.570703983 -0.000200533 -0.001593218 0.999998689 57.734592438
0.999991536 0.004093101 0.000383338 1.040387154 -0.004093919 0.999989331 0.002158113 -1.589581728 -0.000374502 -0.002159665 0.999997556 58.274185181
0.999991059 0.004208466 0.000447078 1.040106058 -0.004209395 0.999988914 0.002099559 -1.591854334 -0.000438238 -0.002101422 0.999997616 58.748794556
0.999989092 0.004623151 0.000728109 1.052064657 -0.004624311 0.999988019 0.001600571 -1.609154105 -0.000720700 -0.001603921 0.999998391 59.289485931
0.999990165 0.004421727 0.000291474 1.074180841 -0.004422179 0.999989033 0.001572226 -1.623020530 -0.000284518 -0.001573500 0.999998689 59.846477509
0.999991357 0.004137879 0.000464542 1.069786906 -0.004138762 0.999989629 0.001914436 -1.632313609 -0.000456616 -0.001916342 0.999998033 60.347835541
0.999988973 0.004689452 0.000425262 1.081061363 -0.004690292 0.999987125 0.001997113 -1.646773219 -0.000415892 -0.001999085 0.999997914 60.896930695
0.999992430 0.003866677 0.000444040 1.094423532 -0.003867473 0.999990880 0.001806432 -1.657893062 -0.000437050 -0.001808136 0.999998271 61.410369873
0.999993801 0.003530452 0.000259612 1.105226874 -0.003530890 0.999992311 0.001707676 -1.673328757 -0.000253582 -0.001708582 0.999998510 61.958637238
0.999989688 0.004433268 0.000889134 1.110322833 -0.004434858 0.999988496 0.001795208 -1.689774036 -0.000881165 -0.001799133 0.999997914 62.472625732
0.999986827 0.005039764 0.000953163 1.119972825 -0.005041288 0.999985993 0.001601373 -1.699425101 -0.000945080 -0.001606157 0.999998271 63.004917145
0.999987662 0.004860099 0.000985809 1.127048373 -0.004861656 0.999986947 0.001582228 -1.718036890 -0.000978106 -0.001587001 0.999998271 63.532672882
0.999986291 0.005120008 0.001071124 1.137526274 -0.005121746 0.999985576 0.001626115 -1.732164383 -0.001062783 -0.001631579 0.999998033 64.054237366
0.999983609 0.005615253 0.000987340 1.148409247 -0.005616610 0.999983311 0.001377432 -1.743146658 -0.000979590 -0.001382956 0.999998510 64.601509094
0.999985695 0.005146281 0.001409684 1.152270079 -0.005148168 0.999985814 0.001337396 -1.757674575 -0.001402779 -0.001344635 0.999998093 65.109779358
0.999984622 0.005378889 0.001337818 1.157288790 -0.005380751 0.999984622 0.001391042 -1.779102921 -0.001330314 -0.001398219 0.999998093 65.643630981
0.999986768 0.004907129 0.001560063 1.173613906 -0.004908978 0.999987364 0.001183540 -1.781416774 -0.001554236 -0.001191183 0.999998033 66.180732727
0.999984682 0.005146814 0.002059871 1.173166513 -0.005150246 0.999985278 0.001664663 -1.805756807 -0.002051274 -0.001675247 0.999996483 66.721214294
0.999985337 0.005108152 0.001812865 1.194196582 -0.005110933 0.999985754 0.001532939 -1.813395858 -0.001805009 -0.001542181 0.999997139 67.232803345
0.999982655 0.005526359 0.002036770 1.201177955 -0.005529643 0.999983430 0.001609870 -1.830164075 -0.002027839 -0.001621105 0.999996603 67.768424988
0.999982178 0.005631494 0.001980575 1.214988947 -0.005633776 0.999983490 0.001147697 -1.842833042 -0.001974079 -0.001158835 0.999997377 68.307968140
0.999983907 0.005465135 0.001570304 1.227232575 -0.005467601 0.999983788 0.001570548 -1.861952543 -0.001561696 -0.001579108 0.999997497 68.847488403
0.999978065 0.006177985 0.002366949 1.235878348 -0.006182271 0.999979198 0.001807912 -1.880851030 -0.002355731 -0.001822505 0.999995589 69.402862549
0.999983430 0.005333101 0.002161081 1.244636297 -0.005335816 0.999984980 0.001251368 -1.889318109 -0.002154375 -0.001262878 0.999996901 69.894256592
0.999985635 0.004967955 0.002030970 1.256004572 -0.004970095 0.999987066 0.001050154 -1.903530359 -0.002025726 -0.001060233 0.999997437 70.449127197
0.999980927 0.005623641 0.002575967 1.267422795 -0.005625491 0.999983847 0.000711166 -1.917149186 -0.002571926 -0.000725643 0.999996424 70.977928162
0.999985814 0.004909063 0.002075206 1.278670311 -0.004911479 0.999987245 0.001160768 -1.932494164 -0.002069482 -0.001170943 0.999997199 71.477912903
0.999982178 0.005339201 0.002671303 1.285325646 -0.005343702 0.999984264 0.001680710 -1.951471448 -0.002662288 -0.001694955 0.999995053 72.031730652
0.999985456 0.004887932 0.002301314 1.295251250 -0.004891709 0.999986708 0.001638629 -1.970985651 -0.002293274 -0.001649863 0.999996066 72.592834473
0.999985278 0.004961346 0.002179293 1.311601758 -0.004964012 0.999987066 0.001220058 -1.973253012 -0.002173212 -0.001230858 0.999996901 73.067871094
0.999983788 0.005272211 0.002148142 1.324667096 -0.005274016 0.999985754 0.000834716 -1.987491369 -0.002143712 -0.000846032 0.999997258 73.598243713
0.999982953 0.005343420 0.002354889 1.338740230 -0.005346335 0.999984920 0.001233424 -1.997133255 -0.002348262 -0.001245993 0.999996424 74.164047241
0.999983430 0.005217733 0.002424043 1.347014427 -0.005219954 0.999985933 0.000910434 -2.011407614 -0.002419259 -0.000923072 0.999996662 74.670318604
0.999982417 0.005516944 0.002176855 1.360865831 -0.005517611 0.999984741 0.000300380 -2.020347595 -0.002175165 -0.000312385 0.999997556 75.217933655
0.999982774 0.005397480 0.002302775 1.371336818 -0.005399384 0.999985039 0.000821565 -2.040198088 -0.002298306 -0.000833985 0.999997020 75.734474182
0.999982834 0.005347535 0.002408396 1.388371229 -0.005349090 0.999985516 0.000639535 -2.056616068 -0.002404941 -0.000652406 0.999996841 76.274276733
0.999974847 0.006544215 0.002743643 1.407574415 -0.006545708 0.999978423 0.000535595 -2.079457045 -0.002740079 -0.000553541 0.999996066 76.818931580
0.999983609 0.005204812 0.002391000 1.406873703 -0.005207104 0.999985993 0.000952918 -2.086398363 -0.002386007 -0.000965352 0.999996603 77.331634521
0.999984682 0.005222597 0.001898964 1.424201727 -0.005223570 0.999986291 0.000507324 -2.100822926 -0.001896289 -0.000517236 0.999998033 77.875312805
0.999984562 0.004952495 0.002526683 1.435173035 -0.004953683 0.999987543 0.000464110 -2.107780933 -0.002524353 -0.000476619 0.999996722 78.414718628
0.999986351 0.004692059 0.002315810 1.449678063 -0.004693457 0.999988735 0.000598116 -2.122774363 -0.002312977 -0.000608977 0.999997139 78.966506958
0.999987662 0.004526406 0.002054895 1.467298031 -0.004527446 0.999989629 0.000501702 -2.141682148 -0.002052602 -0.000511000 0.999997735 79.472587585
0.999977589 0.005815657 0.003318612 1.474253178 -0.005818620 0.999982774 0.000883573 -2.154887676 -0.003313416 -0.000902863 0.999994099 80.023109436
0.999981999 0.004206600 0.004310631 1.495603204 -0.004207616 0.999991119 0.000227020 -2.166792154 -0.004309638 -0.000245153 0.999990702 80.558181763
0.999970615 0.005023340 0.005787046 1.497959971 -0.005026236 0.999987185 0.000485819 -2.186264038 -0.005784532 -0.000514892 0.999983132 81.099662781
0.999951780 0.006121051 0.007685080 1.504064798 -0.006125653 0.999981105 0.000575442 -2.194324017 -0.007681413 -0.000622490 0.999970317 81.664825439
0.999937594 0.004811274 0.010080814 1.542604208 -0.004813607 0.999988377 0.000207255 -2.211534739 -0.010079700 -0.000255767 0.999949157 82.154960632
0.999899626 0.004490158 0.013436285 1.563238263 -0.004488077 0.999989867 -0.000184920 -2.221333265 -0.013436981 0.000124598 0.999909699 82.709945679
0.999838531 0.004768616 0.017325535 1.587975383 -0.004771574 0.999988556 0.000129445 -2.245988369 -0.017324721 -0.000212094 0.999849856 83.244659424
0.999770761 0.004329458 0.020969631 1.619438410 -0.004334885 0.999990523 0.000213313 -2.255995274 -0.020968512 -0.000304165 0.999780059 83.760765076
0.999619246 0.005068277 0.027124131 1.644216537 -0.005076077 0.999987125 0.000218728 -2.269449949 -0.027122673 -0.000356329 0.999632120 84.309715271
0.999419808 0.005092644 0.033675298 1.676769495 -0.005083686 0.999986947 -0.000351625 -2.281504869 -0.033676650 0.000180227 0.999432743 84.849525452
0.999223173 0.004685291 0.039130013 1.714128613 -0.004693168 0.999988973 0.000109504 -2.291802168 -0.039129071 -0.000293063 0.999234140 85.387893677
0.998883903 0.004601513 0.047009677 1.760125399 -0.004596553 0.999989331 -0.000213565 -2.303920984 -0.047010165 -0.000002756 0.998894393 85.940299988
0.998422861 0.004807283 0.055934813 1.802931070 -0.004792725 0.999988437 -0.000394405 -2.316754818 -0.055936057 0.000125702 0.998434305 86.480804443
0.997989595 0.004564465 0.063214704 1.853432894 -0.004547691 0.999989569 -0.000409258 -2.327734470 -0.063215911 0.000120955 0.997999847 87.042320251
0.997390032 0.004515420 0.072060637 1.904573917 -0.004499220 0.999989808 -0.000387152 -2.344578743 -0.072061650 0.000061925 0.997400165 87.566566467
0.996630013 0.003845439 0.081938513 1.977732658 -0.003777352 0.999992430 -0.000985946 -2.358747959 -0.081941672 0.000673113 0.996636927 88.077072144
0.995883048 0.003217238 0.090589724 2.053695202 -0.003100024 0.999994218 -0.001434578 -2.360013008 -0.090593807 0.001147841 0.995887280 88.647750854
0.995093882 0.002531553 0.098902233 2.116941452 -0.002350942 0.999995351 -0.001942656 -2.376237869 -0.098906681 0.001700612 0.995095253 89.242752075
0.994163215 0.002291027 0.107862413 2.203039169 -0.002108304 0.999996066 -0.001808053 -2.387029409 -0.107866138 0.001570093 0.994164169 89.758483887
0.992944658 0.003775493 0.118517913 2.286931038 -0.003638758 0.999992371 -0.001370078 -2.400131941 -0.118522182 0.000929154 0.992950976 90.311874390
0.991829634 0.002155134 0.127550885 2.379673958 -0.001871981 0.999995470 -0.002339745 -2.414656401 -0.127555355 0.002081856 0.991829276 90.836334229
0.990219593 0.001574005 0.139508635 2.479479790 -0.001368565 0.999997854 -0.001568532 -2.434417725 -0.139510810 0.001362265 0.990219533 91.370567322
0.988426089 0.001813699 0.151692435 2.562008858 -0.001575973 0.999997318 -0.001687364 -2.453474998 -0.151695088 0.001428771 0.988426328 91.884315491
0.986688614 0.002057093 0.162608385 2.674064636 -0.001833745 0.999997199 -0.001523612 -2.469532490 -0.162611067 0.001205148 0.986689568 92.426300049
0.984883010 0.001626165 0.173212886 2.780605316 -0.001361610 0.999997735 -0.001646166 -2.480263233 -0.173215196 0.001385433 0.984883010 92.969299316
0.982527316 0.001349691 0.186113849 2.905414581 -0.001087373 0.999998271 -0.001511527 -2.496003866 -0.186115593 0.001282742 0.982527018 93.508171082
0.980068624 0.001256078 0.198654950 3.039469719 -0.001043758 0.999998808 -0.001173501 -2.517532110 -0.198656216 0.000942764 0.980068803 94.027549744
0.978044987 0.000760505 0.208392590 3.154750824 -0.000425063 0.999998569 -0.001654441 -2.524076462 -0.208393589 0.001529538 0.978043854 94.532943726
0.975271940 -0.000748482 0.221007377 3.307201385 0.001285927 0.999996603 -0.002287928 -2.537496805 -0.221004948 0.002515551 0.975269437 95.067276001
0.972081184 -0.001069422 0.234642267 3.453758240 0.001653828 0.999996066 -0.002293864 -2.553253889 -0.234638900 0.002617880 0.972079158 95.579704285
0.969277501 -0.000277235 0.245969653 3.603733063 0.000757866 0.999998093 -0.001859364 -2.565181017 -0.245968640 0.001988652 0.969275713 96.108673096
0.966409028 -0.000479562 0.257008404 3.760091782 0.000896066 0.999998450 -0.001503471 -2.588087797 -0.257007301 0.001683265 0.966408014 96.668136597
0.962806821 -0.000305350 0.270190299 3.933637619 0.000659975 0.999999046 -0.001221655 -2.608778954 -0.270189613 0.001354537 0.962806225 97.185394287
0.959025443 0.000130425 0.283320040 4.105379105 0.000179302 0.999999404 -0.001067271 -2.633775473 -0.283320069 0.001074339 0.959024847 97.688888550
0.955727160 -0.000938830 0.294252783 4.298383713 0.001424039 0.999997914 -0.001434700 -2.636257172 -0.294250816 0.001790209 0.955726564 98.246482849
0.951335192 -0.001465457 0.308154285 4.491941452 0.002019666 0.999996781 -0.001479543 -2.649201870 -0.308151066 0.002029910 0.951335192 98.765594482
0.946819484 -0.002386035 0.321756124 4.693067551 0.003028416 0.999994278 -0.001495985 -2.661055565 -0.321750760 0.002390840 0.946821392 99.288139343
0.942554414 -0.001949196 0.334047049 4.888174057 0.002607673 0.999995410 -0.001522796 -2.680109262 -0.334042490 0.002306404 0.942555249 99.804298401
0.937826157 -0.001778606 0.347101092 5.098707199 0.002320335 0.999996662 -0.001145114 -2.707192659 -0.347097874 0.001879309 0.937827051 100.330253601
0.932505310 -0.001881705 0.361151218 5.317745209 0.002435044 0.999996483 -0.001077092 -2.721848249 -0.361147910 0.001883813 0.932506621 100.836860657
0.927657664 -0.002046716 0.373425901 5.543327332 0.002680941 0.999995708 -0.001179054 -2.734032631 -0.373421818 0.002094892 0.927659273 101.342063904
0.922698557 -0.002550303 0.385513663 5.773086548 0.003125044 0.999994814 -0.000864261 -2.756251097 -0.385509461 0.002002200 0.922701776 101.845893860
0.916762531 -0.002363371 0.399425954 6.013835907 0.002857474 0.999995708 -0.000641578 -2.776209593 -0.399422795 0.001729524 0.916765213 102.322288513
0.910893440 -0.002514765 0.412633955 6.263290405 0.002803457 0.999996066 -0.000094261 -2.792130232 -0.412632108 0.001242663 0.910896957 102.816879272
0.905897498 -0.003574618 0.423481911 6.504089355 0.004062731 0.999991775 -0.000249904 -2.809114933 -0.423477501 0.001946881 0.905904531 103.284515381
0.900020063 -0.003914663 0.435831070 6.785736084 0.004607945 0.999989271 -0.000533744 -2.818513632 -0.435824305 0.002488666 0.900028348 103.810287476
0.893576026 -0.003952759 0.448894531 7.029998779 0.004448708 0.999990106 -0.000050208 -2.847918987 -0.448889881 0.002041866 0.893584728 104.261421204
0.887473643 -0.004523788 0.460836202 7.306804657 0.005379172 0.999985397 -0.000542818 -2.856062889 -0.460826993 0.002960654 0.887485087 104.745796204
0.881595612 -0.004032907 0.471988171 7.596786499 0.004775502 0.999988556 -0.000375434 -2.863706589 -0.471981257 0.002584961 0.881604671 105.273818970
0.874518692 -0.004920564 0.484966755 7.886562347 0.005629953 0.999984145 -0.000006213 -2.894293547 -0.484958977 0.002735774 0.874532640 105.650848389
