1.000000000 0.000000000 0.000000000 0.000000000 0.000000000 1.000000000 0.000000000 0.000000000 0.000000000 0.000000000 1.000000000 0.000000000
1.000000000 0.000058895 0.000120992 -0.001070471 -0.000058899 1.000000000 0.000037286 0.000302859 -0.000120990 -0.000037293 1.000000000 0.000833080
0.999999940 0.000215187 0.000176730 -0.001767140 -0.000215196 1.000000000 0.000050165 0.000700476 -0.000176719 -0.000050203 1.000000000 0.001795285
1.000000000 0.000176555 -0.000008548 0.000292083 -0.000176554 1.000000000 0.000161607 -0.001099747 0.000008577 -0.000161605 1.000000000 -0.000328125
0.999999940 0.000251045 0.000168048 -0.001321959 -0.000251056 0.999999940 0.000065010 0.000464134 -0.000168032 -0.000065052 1.000000000 0.000415298
1.000000000 0.000088173 0.000005401 -0.000413312 -0.000088174 1.000000000 0.000086275 -0.000233528 -0.000005394 -0.000086276 1.000000000 -0.000372026
1.000000000 0.000070352 0.000143638 -0.002320691 -0.000070337 1.000000000 -0.000101567 0.001849160 -0.000143645 0.000101557 1.000000000 0.003563554
1.000000000 -0.000082698 0.000166043 -0.001260330 0.000082668 1.000000000 0.000179009 0.000471574 -0.000166058 -0.000178995 0.999999940 0.003074208
1.000000000 0.000078408 0.000163862 -0.001525588 -0.000078398 1.000000000 -0.000064420 0.001585234 -0.000163868 0.000064407 1.000000000 0.002574342
1.000000000 0.000023906 0.000203843 -0.001422103 -0.000023900 1.000000000 -0.000026093 0.000723136 -0.000203844 0.000026088 1.000000000 0.000698090
1.000000000 -0.000061052 0.000219874 -0.001406273 0.000061065 1.000000000 -0.000057139 0.001872092 -0.000219871 0.000057152 1.000000000 0.002321151
1.000000000 0.000058848 0.000091195 -0.000497395 -0.000058851 1.000000000 0.000033123 0.000032305 -0.000091193 -0.000033129 1.000000000 0.000656316
1.000000000 0.000031946 0.000159041 -0.001307567 -0.000031944 1.000000000 -0.000012697 0.001648360 -0.000159042 0.000012692 1.000000000 0.004081226
0.999999940 -0.000026600 0.000271730 -0.002650369 0.000026548 1.000000000 0.000192505 0.000655948 -0.000271735 -0.000192497 0.999999940 0.003831329
1.000000000 0.000025261 0.000160418 -0.001974751 -0.000025270 1.000000000 0.000057065 0.000995887 -0.000160416 -0.000057069 1.000000000 0.002972134
1.000000000 0.000106504 0.000102475 -0.000917318 -0.000106516 1.000000000 0.000123822 -0.000397122 -0.000102462 -0.000123833 1.000000000 0.001003582
1.000000000 -0.000077741 0.000093087 -0.001896165 0.000077734 1.000000000 0.000077685 0.000842844 -0.000093093 -0.000077678 1.000000000 0.003300354
0.999999881 0.000201848 0.000390265 -0.003317967 -0.000201863 1.000000000 0.000037565 0.001289464 -0.000390258 -0.000037644 0.999999940 0.004079247
0.999999940 0.000245626 0.000282899 -0.003056939 -0.000245639 0.999999940 0.000045538 0.000688692 -0.000282888 -0.000045608 0.999999940 0.003123188
0.999999940 0.000242091 0.000258053 -0.002471726 -0.000242118 0.999999940 0.000102283 0.000447053 -0.000258028 -0.000102346 0.999999940 0.003257480
0.999999940 0.000292322 0.000289495 -0.002838143 -0.000292371 0.999999940 0.000166845 0.000519841 -0.000289446 -0.000166930 0.999999940 0.003729234
0.999999881 0.000425235 0.000327781 -0.003388124 -0.000425257 0.999999881 0.000068894 0.000726633 -0.000327751 -0.000069034 0.999999940 0.003736100
1.000000000 0.000071908 0.000219531 -0.002278384 -0.000071929 1.000000000 0.000098205 0.000872850 -0.000219524 -0.000098221 1.000000000 0.002809494
0.999999940 0.000099021 0.000311574 -0.001587806 -0.000099043 1.000000000 0.000069431 0.000137769 -0.000311567 -0.000069462 0.999999940 0.002065712
0.999999940 0.000169979 0.000288166 -0.002499008 -0.000169953 1.000000000 -0.000090348 0.001264960 -0.000288181 0.000090299 0.999999940 0.001100348
0.999999940 0.000127129 0.000226288 -0.001472102 -0.000127112 1.000000000 -0.000075214 0.002168323 -0.000226298 0.000075185 1.000000000 0.003296894
1.000000000 -0.000004430 0.000184389 -0.001760506 0.000004431 1.000000000 -0.000003977 0.001497421 -0.000184389 0.000003978 1.000000000 0.002758977
0.999999940 0.000191108 0.000266004 -0.002561349 -0.000191079 1.000000000 -0.000111010 0.002193160 -0.000266026 0.000110959 0.999999940 0.004252696
0.999999881 0.000285812 0.000382555 -0.004212538 -0.000285761 0.999999940 -0.000133727 0.002608565 -0.000382593 0.000133618 0.999999940 0.003446755
0.999999940 0.000207681 0.000337740 -0.003509610 -0.000207712 1.000000000 0.000092272 0.000947716 -0.000337721 -0.000092342 0.999999940 0.002301709
0.999999881 0.000277376 0.000321363 -0.003558310 -0.000277420 0.999999940 0.000138759 0.000196429 -0.000321324 -0.000138848 0.999999940 0.002871746
0.999999940 0.000092251 0.000240389 -0.001484176 -0.000092275 1.000000000 0.000099773 0.000684386 -0.000240380 -0.000099795 0.999999940 0.001758194
0.999999881 0.000358031 0.000371717 -0.004035766 -0.000358041 0.999999940 0.000028190 0.002029630 -0.000371707 -0.000028323 0.999999940 0.004396698
0.999999881 0.000280578 0.000429671 -0.003806841 -0.000280589 0.999999940 0.000025132 0.001836964 -0.000429664 -0.000025253 0.999999881 0.004408129
0.999999940 0.000221353 0.000247347 -0.001195970 -0.000221385 0.999999940 0.000131208 0.000241785 -0.000247318 -0.000131263 0.999999940 0.001606679
0.999999881 0.000324467 0.000353353 -0.002174546 -0.000324515 0.999999940 0.000135977 0.000838870 -0.000353309 -0.000136092 0.999999940 0.002181100
0.999999881 0.000290289 0.000344209 -0.003341411 -0.000290286 0.999999940 -0.000010533 0.003705538 -0.000344212 0.000010433 0.999999940 0.006270888
0.999999940 -0.000091645 0.000254687 -0.002405923 0.000091647 1.000000000 -0.000006863 0.002729950 -0.000254687 0.000006887 0.999999940 0.006126858
0.999999881 0.000216043 0.000370604 -0.003760921 -0.000216069 1.000000000 0.000069454 0.002448542 -0.000370589 -0.000069535 0.999999940 0.006402780
0.999999940 0.000076545 0.000280316 -0.001796528 -0.000076550 1.000000000 0.000018246 0.001924907 -0.000280314 -0.000018268 0.999999940 0.003182522
0.999999881 0.000148812 0.000460521 -0.003140233 -0.000148811 1.000000000 -0.000002840 0.001799804 -0.000460522 0.000002771 0.999999881 0.005538623
0.999999940 -0.000066123 0.000288599 -0.000412519 0.000066365 0.999999642 -0.000838257 0.000912766 -0.000288543 0.000838276 0.999999583 0.052958492
0.999999881 0.000252937 0.000439145 -0.001907717 -0.000252440 0.999999344 -0.001133092 -0.005815242 -0.000439431 0.001132981 0.999999285 0.130832881
0.999999940 0.000322506 0.000112269 0.002302948 -0.000322319 0.999998569 -0.001662826 -0.002916114 -0.000112805 0.001662790 0.999998629 0.256394386
0.999999940 0.000358234 0.000145731 0.005422571 -0.000358052 0.999999166 -0.001243718 -0.012313797 -0.000146176 0.001243666 0.999999225 0.385282487
1.000000000 0.000086533 0.000157057 0.008940399 -0.000086371 0.999999464 -0.001028250 -0.017211847 -0.000157146 0.001028237 0.999999464 0.524469197
0.999999940 0.000373946 0.000135205 0.012897154 -0.000373833 0.999999583 -0.000837443 -0.025613112 -0.000135518 0.000837392 0.999999642 0.667941093
0.999999821 0.000440041 0.000373017 0.016014174 -0.000439741 0.999999583 -0.000804600 -0.027406482 -0.000373371 0.000804436 0.999999583 0.834826648
0.999998987 0.001405112 0.000064030 0.017565578 -0.001405039 0.999998391 -0.001123842 -0.027669523 -0.000065609 0.001123751 0.999999344 1.006504059
0.999999046 0.001380917 -0.000047528 0.022126801 -0.001380957 0.999998689 -0.000844032 -0.033675153 0.000046363 0.000844097 0.999999583 1.185477734
0.999998391 0.001758823 0.000321047 0.023109997 -0.001758468 0.999997854 -0.001102476 -0.036299881 -0.000322986 0.001101910 0.999999344 1.371322036
0.999998033 0.001934915 0.000254268 0.027845604 -0.001934640 0.999997497 -0.001077807 -0.040529214 -0.000256353 0.001077313 0.999999404 1.559414625
0.999998808 0.001540565 0.000105065 0.031749222 -0.001540480 0.999998510 -0.000800436 -0.046369947 -0.000106298 0.000800273 0.999999642 1.761525154
0.999998033 0.001919146 0.000275681 0.038138248 -0.001918928 0.999997854 -0.000788110 -0.054595187 -0.000277193 0.000787579 0.999999642 1.959116936
0.999998748 0.001583600 -0.000133550 0.043033052 -0.001583702 0.999998450 -0.000762088 -0.058464691 0.000132343 0.000762298 0.999999702 2.167992115
0.999998331 0.001801540 0.000205838 0.044488989 -0.001801403 0.999998093 -0.000662634 -0.065642811 -0.000207031 0.000662262 0.999999762 2.383503199
0.999998152 0.001932219 0.000000610 0.049663518 -0.001932218 0.999997854 -0.000732230 -0.071457133 -0.000002025 0.000732228 0.999999762 2.611408710
0.999997795 0.002083831 0.000071012 0.052283634 -0.002083781 0.999997616 -0.000691099 -0.075193025 -0.000072452 0.000690949 0.999999762 2.840010643
0.999998987 0.001378961 -0.000245197 0.061448090 -0.001379112 0.999998868 -0.000616970 -0.087585077 0.000244346 0.000617308 0.999999762 3.073992968
0.999998748 0.001283237 -0.000946430 0.074688017 -0.001284011 0.999998868 -0.000817783 -0.092667982 0.000945380 0.000818997 0.999999225 3.315427780
0.999998808 0.001496418 -0.000230001 0.070875481 -0.001496562 0.999998689 -0.000625403 -0.100938059 0.000229065 0.000625747 0.999999702 3.558108568
0.999999225 0.001127381 -0.000621600 0.084653214 -0.001127837 0.999999166 -0.000733420 -0.108916633 0.000620772 0.000734121 0.999999523 3.817501783
0.999999106 0.001283390 -0.000429266 0.081959650 -0.001283473 0.999999166 -0.000192654 -0.122847244 0.000429018 0.000193205 0.999999881 4.089417458
0.999998450 0.001744000 -0.000230356 0.086086385 -0.001743985 0.999998510 0.000067228 -0.129409537 0.000230473 -0.000066826 1.000000000 4.347660065
0.999998927 0.001226107 -0.000809818 0.098205924 -0.001225850 0.999999166 0.000317653 -0.140913665 0.000810207 -0.000316660 0.999999583 4.599084377
0.999998629 0.001639490 -0.000315787 0.105157040 -0.001639355 0.999998510 0.000428521 -0.149899632 0.000316489 -0.000428003 0.999999821 4.860633850
0.999999285 0.001191889 0.000019811 0.097214386 -0.001191887 0.999999285 -0.000094552 -0.148932979 -0.000019924 0.000094528 0.999999940 5.113565922
0.999999225 0.001250897 0.000184719 0.102258325 -0.001250865 0.999999225 -0.000174974 -0.155895323 -0.000184938 0.000174743 1.000000000 5.378562450
0.999998391 0.001725096 0.000570549 0.101116762 -0.001725084 0.999998510 -0.000022007 -0.164812207 -0.000570586 0.000021023 0.999999881 5.646624565
0.999999166 0.001250103 -0.000245067 0.122540534 -0.001249960 0.999998987 0.000583003 -0.185381934 0.000245795 -0.000582696 0.999999762 5.915596008
0.999999404 0.000968622 -0.000458951 0.129479364 -0.000968286 0.999999285 0.000730341 -0.195407718 0.000459658 -0.000729896 0.999999642 6.191197872
0.999999225 0.001033252 -0.000692041 0.139729276 -0.001032736 0.999999166 0.000745635 -0.199172705 0.000692811 -0.000744920 0.999999464 6.477187634
0.999999106 0.001299483 -0.000196536 0.138401225 -0.001299330 0.999998868 0.000778809 -0.211218759 0.000197547 -0.000778553 0.999999702 6.766803265
0.999998689 0.001509997 0.000430386 0.129583031 -0.001510215 0.999998748 0.000506964 -0.220650882 -0.000429620 -0.000507613 0.999999762 7.061521053
0.999998569 0.001475432 0.000776606 0.133007854 -0.001475686 0.999998927 0.000326351 -0.227204278 -0.000776123 -0.000327496 0.999999583 7.358692646
0.999998748 0.001403328 0.000746810 0.144318461 -0.001403782 0.999998868 0.000607312 -0.237977505 -0.000745957 -0.000608359 0.999999583 7.673168659
0.999998808 0.001477800 0.000446447 0.150233552 -0.001478145 0.999998629 0.000774310 -0.246544331 -0.000445302 -0.000774969 0.999999642 7.989922047
0.999999642 0.000835997 0.000182387 0.161334082 -0.000836147 0.999999285 0.000823884 -0.256842077 -0.000181698 -0.000824036 0.999999642 8.301144600
0.999999106 0.001337164 0.000335391 0.170397267 -0.001337532 0.999998510 0.001100543 -0.272949964 -0.000333919 -0.001100991 0.999999344 8.617095947
0.999999821 0.000441630 0.000445252 0.179740310 -0.000442060 0.999999464 0.000965023 -0.278809071 -0.000444826 -0.000965220 0.999999404 8.960449219
0.999999285 0.001104857 0.000479616 0.180918217 -0.001105319 0.999998927 0.000963349 -0.288843483 -0.000478551 -0.000963879 0.999999404 9.287574768
0.999998987 0.001121899 0.000879338 0.176817745 -0.001122806 0.999998808 0.001032040 -0.300631493 -0.000878180 -0.001033026 0.999999046 9.627679825
0.999999583 0.000588283 0.000736108 0.188039154 -0.000589230 0.999999046 0.001287856 -0.309881657 -0.000735349 -0.001288289 0.999998927 9.980370522
0.999998987 0.001129615 0.000867900 0.194993585 -0.001130713 0.999998569 0.001266145 -0.322732359 -0.000866468 -0.001267125 0.999998808 10.333895683
0.999999285 0.001105099 0.000401354 0.202022344 -0.001105701 0.999998212 0.001501649 -0.335841477 -0.000399694 -0.001502092 0.999998808 10.698843002
0.999999583 0.000777339 0.000533187 0.208178937 -0.000778117 0.999998629 0.001460829 -0.341404289 -0.000532051 -0.001461243 0.999998808 11.073270798
0.999999225 0.001157307 0.000463286 0.218662009 -0.001157959 0.999998331 0.001410299 -0.355842710 -0.000461653 -0.001410834 0.999998927 11.439855576
0.999999523 0.000913491 0.000384271 0.228311956 -0.000914073 0.999998450 0.001517026 -0.364199877 -0.000382885 -0.001517377 0.999998808 11.821117401
0.999999106 0.001251318 0.000500303 0.236395091 -0.001251786 0.999998808 0.000936262 -0.372105807 -0.000499131 -0.000936888 0.999999464 12.203178406
0.999999285 0.000959583 0.000723180 0.244067967 -0.000960316 0.999999046 0.001013663 -0.383607507 -0.000722206 -0.001014357 0.999999225 12.598669052
0.999999344 0.000968792 0.000651297 0.253993720 -0.000969681 0.999998629 0.001365957 -0.395662636 -0.000649973 -0.001366587 0.999998868 12.996324539
0.999999166 0.001011016 0.000750995 0.260074466 -0.001011838 0.999998868 0.001094570 -0.407507926 -0.000749888 -0.001095330 0.999999106 13.399246216
0.999998391 0.001075587 0.001422791 0.266003460 -0.001077087 0.999998808 0.001053237 -0.416754752 -0.001421657 -0.001054768 0.999998450 13.809301376
0.999998868 0.001038018 0.001035428 0.275717765 -0.001039130 0.999998868 0.001074176 -0.427369893 -0.001034312 -0.001075251 0.999998868 14.235885620
0.999998808 0.000804241 0.001303839 0.287439644 -0.000805871 0.999998868 0.001249869 -0.442298412 -0.001302832 -0.001250918 0.999998391 14.655740738
0.999998450 0.000669522 0.001626721 0.294857502 -0.000671846 0.999998748 0.001428741 -0.453094423 -0.001625762 -0.001429832 0.999997675 15.087240219
0.999998450 0.000736900 0.001615174 0.309198618 -0.000739203 0.999998689 0.001425853 -0.466841847 -0.001614121 -0.001427044 0.999997616 15.522802353
0.999997079 0.001183850 0.002095187 0.315184265 -0.001186085 0.999998748 0.001065781 -0.476137042 -0.002093923 -0.001068263 0.999997258 15.967029572
0.999997556 0.000835480 0.002033315 0.329171598 -0.000838243 0.999998689 0.001358661 -0.489056528 -0.002032178 -0.001360362 0.999996960 16.410634995
0.999996543 0.000897625 0.002451241 0.336645991 -0.000900568 0.999998808 0.001199506 -0.500502586 -0.002450162 -0.001201710 0.999996305 16.862363815
0.999995112 0.001303687 0.002891214 0.344887346 -0.001307079 0.999998569 0.001171692 -0.512989104 -0.002889682 -0.001175465 0.999995112 17.320207596
0.999993801 0.001510181 0.003161347 0.353555739 -0.001514471 0.999997914 0.001354840 -0.526380956 -0.003159295 -0.001359619 0.999994040 17.781833649
0.999993443 0.001081797 0.003449304 0.366780102 -0.001085844 0.999998689 0.001171764 -0.536332548 -0.003448032 -0.001175502 0.999993384 18.243471146
0.999994457 0.000338461 0.003303669 0.386638045 -0.000343291 0.999998868 0.001461389 -0.548269212 -0.003303170 -0.001462515 0.999993503 18.710800171
0.999991298 0.001336917 0.003950579 0.383972585 -0.001342761 0.999998033 0.001477103 -0.563403547 -0.003948596 -0.001482395 0.999991059 19.194925308
0.999991179 0.001123314 0.004060439 0.401205420 -0.001127864 0.999998748 0.001118567 -0.574858069 -0.004059177 -0.001123136 0.999991119 19.672256470
0.999991357 0.001238146 0.003971339 0.407585591 -0.001244330 0.999998033 0.001554893 -0.591793239 -0.003969406 -0.001559822 0.999990880 20.162490845
0.999992251 0.001744210 0.003539233 0.422836125 -0.001750053 0.999997139 0.001648556 -0.605812430 -0.003536347 -0.001654737 0.999992371 20.658227921
0.999991775 0.001763024 0.003656205 0.431699842 -0.001767263 0.999997735 0.001156332 -0.608986795 -0.003654157 -0.001162784 0.999992609 21.161165237
0.999996603 0.001421570 0.002183716 0.461929560 -0.001424882 0.999997973 0.001516250 -0.627838612 -0.002181555 -0.001519356 0.999996483 21.670875549
0.999995112 0.001758011 0.002591036 0.462933332 -0.001763395 0.999996364 0.002077143 -0.647598267 -0.002587375 -0.002081702 0.999994516 22.182352066
0.999996185 0.001908488 0.001983044 0.482811540 -0.001913163 0.999995410 0.002358070 -0.663318813 -0.001978535 -0.002361855 0.999995291 22.679199219
0.999997675 0.001741912 0.001266691 0.484801471 -0.001744476 0.999996364 0.002025842 -0.676186025 -0.001263158 -0.002028047 0.999997139 23.218153000
0.999998987 0.001403983 0.000392941 0.498300910 -0.001404670 0.999997437 0.001753266 -0.691533983 -0.000390478 -0.001753816 0.999998391 23.740222931
0.999999762 0.000558135 0.000276152 0.499860197 -0.000558553 0.999998689 0.001516758 -0.706158459 -0.000275305 -0.001516911 0.999998808 24.270454407
0.999997914 0.002000727 0.000243024 0.504684925 -0.002001158 0.999996364 0.001786544 -0.720167041 -0.000239448 -0.001787027 0.999998391 24.819173813
0.999997318 0.001986185 -0.001123975 0.520602882 -0.001983912 0.999995947 0.002019423 -0.735515535 0.001127981 -0.002017187 0.999997318 25.340299606
0.999996066 0.002425340 -0.001350772 0.521896958 -0.002423457 0.999996006 0.001393941 -0.744639754 0.001354148 -0.001390662 0.999998152 25.894723892
0.999996305 0.001927962 -0.001906537 0.531620860 -0.001924101 0.999996066 0.002025152 -0.761904597 0.001910434 -0.002021476 0.999996066 26.440090179
0.999996722 0.001539635 -0.002046254 0.542522371 -0.001533845 0.999994874 0.002828271 -0.776977777 0.002050597 -0.002825123 0.999993861 26.982442856
0.999995947 0.001761516 -0.002198908 0.545328975 -0.001755697 0.999994934 0.002645551 -0.790887177 0.002203557 -0.002641679 0.999994099 27.543605804
0.999994516 0.001708297 -0.002836835 0.553185523 -0.001700421 0.999994695 0.002776443 -0.810221791 0.002841563 -0.002771604 0.999992132 28.075792313
0.999994040 0.001546891 -0.003096121 0.561654627 -0.001537222 0.999993920 0.003123023 -0.823981583 0.003100934 -0.003118245 0.999990404 28.614395142
0.999992073 0.001830334 -0.003533985 0.575028539 -0.001820652 0.999994636 0.002741149 -0.837060392 0.003538983 -0.002734693 0.999989986 29.154266357
0.999989510 0.002211149 -0.004004876 0.583100796 -0.002197829 0.999992073 0.003327238 -0.857949615 0.004012201 -0.003318401 0.999986470 29.720195770
0.999989033 0.002177760 -0.004143659 0.586259723 -0.002164089 0.999992192 0.003300861 -0.869094551 0.004150815 -0.003291858 0.999985993 30.269016266
0.999987364 0.002502460 -0.004365975 0.595956266 -0.002487526 0.999991000 0.003422840 -0.885104835 0.004374501 -0.003411935 0.999984622 30.821268082
0.999986708 0.002264657 -0.004628045 0.604810178 -0.002249430 0.999992013 0.003292731 -0.897296488 0.004635464 -0.003282277 0.999983847 31.372573853
0.999984086 0.002491366 -0.005058485 0.613546550 -0.002474736 0.999991536 0.003291275 -0.909919381 0.005066643 -0.003278704 0.999981701 31.917795181
0.999986768 0.002149220 -0.004664457 0.617943048 -0.002134133 0.999992549 0.003237047 -0.921261132 0.004671380 -0.003227050 0.999983847 32.470233917
0.999982476 0.002496532 -0.005373047 0.630230665 -0.002477811 0.999990821 0.003488072 -0.938520432 0.005381706 -0.003474697 0.999979496 33.016834259
0.999982417 0.002950824 -0.005152179 0.634174228 -0.002934083 0.999990404 0.003253884 -0.953819513 0.005161732 -0.003238710 0.999981463 33.561420441
0.999979317 0.002936024 -0.005720339 0.646775663 -0.002916496 0.999989867 0.003419222 -0.966726542 0.005730320 -0.003402468 0.999977767 34.113101959
0.999981344 0.002300417 -0.005646695 0.649299443 -0.002280460 0.999991179 0.003537981 -0.982691407 0.005654784 -0.003525037 0.999977767 34.656150818
0.999980688 0.002342600 -0.005752286 0.657030046 -0.002323064 0.999991477 0.003400675 -0.992980242 0.005760204 -0.003387247 0.999977648 35.208400726
0.999981165 0.002668993 -0.005520643 0.659631610 -0.002650103 0.999990642 0.003426214 -1.007277489 0.005529735 -0.003411520 0.999978900 35.755226135
0.999976993 0.002534145 -0.006293885 0.677575529 -0.002513393 0.999991357 0.003302977 -1.018644214 0.006302201 -0.003287084 0.999974728 36.292823792
0.999976635 0.002896857 -0.006192937 0.681939542 -0.002878915 0.999991655 0.002904091 -1.027658939 0.006201298 -0.002886194 0.999976635 36.846260071
0.999975204 0.002676499 -0.006513065 0.692925155 -0.002654993 0.999991000 0.003308509 -1.043355823 0.006521862 -0.003291135 0.999973297 37.370933533
0.999972165 0.002946806 -0.006853260 0.701177239 -0.002928114 0.999992013 0.002735962 -1.053499818 0.006861267 -0.002715819 0.999972820 37.919708252
0.999974787 0.002217405 -0.006735385 0.705565214 -0.002197946 0.999993384 0.002895144 -1.068729281 0.006741760 -0.002880268 0.999973118 38.479263306
0.999974549 0.003203563 -0.006371088 0.704837263 -0.003184484 0.999990463 0.003002444 -1.081762075 0.006380646 -0.002982080 0.999975264 39.023071289
0.999976695 0.003069292 -0.006086755 0.716942251 -0.003051823 0.999991238 0.002877075 -1.097864628 0.006095531 -0.002858432 0.999977350 39.572307587
0.999975979 0.003108854 -0.006187224 0.735473633 -0.003088457 0.999989748 0.003303308 -1.114078641 0.006197430 -0.003284120 0.999975383 40.104515076
0.999970794 0.002848665 -0.007091237 0.732988358 -0.002824271 0.999989986 0.003447681 -1.126751304 0.007100988 -0.003427553 0.999968886 40.671287537
0.999970257 0.002475596 -0.007302987 0.744900584 -0.002450437 0.999991000 0.003451962 -1.139525294 0.007311468 -0.003433964 0.999967337 41.216526031
0.999974489 0.002922555 -0.006520132 0.750063777 -0.002898346 0.999988854 0.003719269 -1.155014753 0.006530929 -0.003700276 0.999971747 41.769451141
0.999966025 0.003225951 -0.007582419 0.754024148 -0.003200156 0.999989033 0.003411672 -1.162770748 0.007593342 -0.003387291 0.999965429 42.311630249
0.999970794 0.003146042 -0.006963885 0.757641315 -0.003126064 0.999990940 0.002877846 -1.168371558 0.006972876 -0.002855992 0.999971569 42.866844177
0.999972463 0.003445798 -0.006565628 0.765246689 -0.003425880 0.999989510 0.003042654 -1.181407928 0.006576043 -0.003020078 0.999973774 43.405002594
0.999967456 0.003459013 -0.007285934 0.764932156 -0.003433582 0.999987900 0.003500087 -1.197965145 0.007297954 -0.003474957 0.999967337 43.955986023
0.999970138 0.002865638 -0.007181013 0.773796916 -0.002842744 0.999990761 0.003196287 -1.210332632 0.007190107 -0.003175778 0.999969184 44.496891022
0.999967396 0.004111487 -0.006953910 0.774653316 -0.004086166 0.999984920 0.003651598 -1.227096319 0.006968819 -0.003623064 0.999969184 45.040893555
0.999964833 0.003615009 -0.007583969 0.786455572 -0.003591289 0.999988556 0.003139147 -1.230294347 0.007595231 -0.003111800 0.999966323 45.610221863
0.999970078 0.003648577 -0.006830882 0.793481588 -0.003628493 0.999989033 0.002950349 -1.243066311 0.006841572 -0.002925475 0.999972343 46.150409698
0.999968886 0.002837071 -0.007359910 0.808434606 -0.002814274 0.999991179 0.003105907 -1.262468457 0.007368657 -0.003085098 0.999968112 46.674560547
0.999962270 0.003071612 -0.008127585 0.815103292 -0.003043748 0.999989450 0.003438473 -1.272987604 0.008138062 -0.003413605 0.999961078 47.249813080
0.999964237 0.002721508 -0.008017497 0.820974588 -0.002693932 0.999990463 0.003448292 -1.284835935 0.008026806 -0.003426570 0.999961913 47.798366547
0.999962687 0.003134805 -0.008041598 0.819656432 -0.003107322 0.999989271 0.003427835 -1.297895074 0.008052257 -0.003402720 0.999961793 48.351436615
0.999964178 0.002876610 -0.007958428 0.829281747 -0.002847210 0.999989092 0.003703032 -1.310756922 0.007968994 -0.003680241 0.999961495 48.897148132
0.999961734 0.002551268 -0.008373019 0.847087026 -0.002522268 0.999990642 0.003472187 -1.322052956 0.008381802 -0.003450934 0.999958932 49.437847137
0.999963939 0.002757408 -0.008029980 0.838809490 -0.002730735 0.999990702 0.003330670 -1.338237047 0.008039089 -0.003308622 0.999962211 49.997344971
0.999966443 0.002869922 -0.007669011 0.843651056 -0.002841134 0.999988914 0.003762017 -1.352264643 0.007679721 -0.003740102 0.999963582 50.537284851
0.999971688 0.003796550 -0.006503810 0.833263993 -0.003776588 0.999988079 0.003078843 -1.358045936 0.006515421 -0.003054194 0.999974132 51.079463959
0.999963224 0.003117024 -0.007991503 0.851891160 -0.003091782 0.999990165 0.003169066 -1.376224279 0.008001302 -0.003144242 0.999963045 51.645370483
0.999963224 0.002653531 -0.008155370 0.862662435 -0.002629283 0.999992132 0.002982606 -1.389330864 0.008163220 -0.002961054 0.999962270 52.183841705
0.999961138 0.002757857 -0.008367534 0.869384468 -0.002733264 0.999991834 0.002949125 -1.403516054 0.008375598 -0.002926140 0.999960661 52.735488892
0.999966085 0.002623959 -0.007802282 0.868505478 -0.002599663 0.999991655 0.003122518 -1.415863276 0.007810411 -0.003102129 0.999964714 53.282157898
0.999963164 0.002597768 -0.008177483 0.875392854 -0.002573135 0.999992073 0.003021412 -1.430193305 0.008185267 -0.003000259 0.999961972 53.843036652
0.999963999 0.002810968 -0.008004392 0.884125590 -0.002787086 0.999991596 0.002993339 -1.443460345 0.008012740 -0.002970923 0.999963462 54.397148132
0.999964774 0.002883137 -0.007885277 0.883470774 -0.002861797 0.999992192 0.002716197 -1.453470230 0.007893046 -0.002693535 0.999965250 54.936592102
0.999969244 0.002805842 -0.007325987 0.878495932 -0.002787891 0.999993086 0.002459266 -1.466988564 0.007332836 -0.002438766 0.999970198 55.489669800
0.999965429 0.002754127 -0.007846829 0.891554117 -0.002732894 0.999992609 0.002715275 -1.479192257 0.007854248 -0.002693737 0.999965549 56.028087616
0.999964237 0.002287615 -0.008140015 0.898090959 -0.002265628 0.999993861 0.002709220 -1.492766380 0.008146163 -0.002690681 0.999963164 56.571983337
0.999965549 0.002793727 -0.007821823 0.909275293 -0.002773528 0.999992788 0.002592086 -1.507452250 0.007829009 -0.002570303 0.999966025 57.115573883
0.999964654 0.002791583 -0.007928041 0.911682844 -0.002769634 0.999992430 0.002778178 -1.519955635 0.007935736 -0.002756122 0.999964654 57.680316925
0.999966025 0.003082017 -0.007632453 0.915808558 -0.003061011 0.999991536 0.002762329 -1.537130713 0.007640902 -0.002738873 0.999967039 58.219635010
0.999969125 0.002981683 -0.007269991 0.929977357 -0.002963766 0.999992609 0.002474105 -1.552993774 0.007277314 -0.002452482 0.999970496 58.751689911
0.999967515 0.002821048 -0.007550864 0.925932884 -0.002803558 0.999993384 0.002325735 -1.559613943 0.007557375 -0.002304490 0.999968767 59.311748505
0.999965608 0.002638338 -0.007861109 0.937047184 -0.002620845 0.999994159 0.002234628 -1.576086164 0.007866957 -0.002213948 0.999966562 59.855125427
0.999968708 0.002595596 -0.007473274 0.941143751 -0.002577769 0.999993861 0.002394021 -1.588802338 0.007479442 -0.002374682 0.999969184 60.402797699
0.999963641 0.002949428 -0.008001733 0.944880247 -0.002934172 0.999993861 0.001917476 -1.593371272 0.008007339 -0.001893928 0.999966145 60.941726685
0.999966204 0.003125475 -0.007603024 0.953016877 -0.003110738 0.999993205 0.001949412 -1.612259150 0.007609067 -0.001925695 0.999969184 61.489692688
0.999968171 0.002765551 -0.007489519 0.959302068 -0.002753138 0.999994874 0.001667223 -1.616302609 0.007494092 -0.001646550 0.999970555 62.045574188
0.999962747 0.002958550 -0.008107525 0.967252254 -0.002944562 0.999994159 0.001736748 -1.632076025 0.008112617 -0.001712810 0.999965549 62.571983337
0.999963939 0.003375852 -0.007781240 0.973480523 -0.003362270 0.999992788 0.001758000 -1.649715662 0.007787118 -0.001731774 0.999968171 63.117042542
0.999970019 0.003298164 -0.006997727 0.972371936 -0.003285214 0.999992847 0.001861342 -1.660953760 0.007003816 -0.001838298 0.999973714 63.659042358
0.999962151 0.003253537 -0.008071441 0.984280825 -0.003238875 0.999993026 0.001828845 -1.676922202 0.008077336 -0.001802634 0.999965668 64.204589844
0.999966264 0.003056740 -0.007629703 0.984367371 -0.003045761 0.999994338 0.001450295 -1.686735630 0.007634094 -0.001427008 0.999969780 64.754226685
0.999964058 0.003429773 -0.007762369 0.996302128 -0.003414064 0.999992132 0.002035978 -1.701693892 0.007769291 -0.002009403 0.999967754 65.284698486
0.999960184 0.003077260 -0.008371809 1.009306312 -0.003062377 0.999993801 0.001790001 -1.712192178 0.008377264 -0.001764292 0.999963284 65.822120667
0.999963343 0.003288301 -0.007910912 1.014844537 -0.003277652 0.999993742 0.001358819 -1.723426700 0.007915331 -0.001332840 0.999967813 66.374778748
0.999962807 0.003083408 -0.008069633 1.018609524 -0.003072491 0.999994338 0.001364900 -1.736079097 0.008073796 -0.001340055 0.999966502 66.929908752
0.999957740 0.003414379 -0.008526950 1.028202415 -0.003398395 0.999992430 0.001888212 -1.758416653 0.008533332 -0.001859154 0.999961853 67.464004517
0.999959886 0.003026260 -0.008425519 1.033018589 -0.003013159 0.999994159 0.001567101 -1.768786430 0.008430212 -0.001541650 0.999963343 68.010810852
0.999957144 0.003531656 -0.008548846 1.036788225 -0.003514194 0.999991655 0.002056847 -1.790473223 0.008556040 -0.002026716 0.999961257 68.543838501
0.999958932 0.003795353 -0.008221948 1.036033630 -0.003782672 0.999991596 0.001557468 -1.800308824 0.008227791 -0.001526303 0.999964952 69.093566895
0.999954879 0.003453807 -0.008846482 1.052630901 -0.003435614 0.999991953 0.002070955 -1.817000985 0.008853563 -0.002040469 0.999958754 69.617935181
0.999954641 0.003567761 -0.008831112 1.064542651 -0.003553509 0.999992371 0.001628904 -1.829360366 0.008836856 -0.001597449 0.999959767 70.157592773
0.999957740 0.003339589 -0.008567342 1.056752205 -0.003323543 0.999992609 0.001886478 -1.840893507 0.008573579 -0.001857925 0.999961495 70.703056335
0.999953508 0.003488859 -0.008989220 1.068737268 -0.003472376 0.999992192 0.001848619 -1.856106997 0.008995601 -0.001817319 0.999957919 71.251747131
0.999964952 0.003951351 -0.007395343 1.047912836 -0.003940604 0.999991179 0.001467153 -1.860293984 0.007401075 -0.001437960 0.999971569 71.785072327
0.999952376 0.003468678 -0.009121465 1.080061197 -0.003451728 0.999992311 0.001873344 -1.885541797 0.009127893 -0.001841770 0.999956667 72.328628540
0.999948859 0.003669470 -0.009422668 1.090914011 -0.003649885 0.999991179 0.002094929 -1.905564547 0.009430273 -0.002060430 0.999953389 72.869804382
0.999955058 0.003691806 -0.008733328 1.090628147 -0.003675215 0.999991417 0.001915024 -1.917920113 0.008740324 -0.001882841 0.999960005 73.415657043
0.999929905 0.003142443 -0.011413247 1.104464293 -0.003120315 0.999993205 0.001956116 -1.934810519 0.011419319 -0.001920366 0.999932945 73.940414429
0.999953806 0.003278347 -0.009036611 1.104074121 -0.003261755 0.999993086 0.001850190 -1.946040630 0.009042614 -0.001820629 0.999957383 74.495018005
0.999951959 0.003214937 -0.009261686 1.114680052 -0.003195526 0.999992609 0.002109805 -1.960616469 0.009268402 -0.002080108 0.999954879 75.033477783
0.999954224 0.003006651 -0.009087983 1.117772341 -0.002986884 0.999993086 0.002187765 -1.976531148 0.009094499 -0.002160519 0.999956310 75.577301025
0.999952435 0.002858770 -0.009320234 1.125707150 -0.002841451 0.999994218 0.001870974 -1.989047527 0.009325528 -0.001844402 0.999954820 76.128433228
0.999951065 0.003509837 -0.009251937 1.129660726 -0.003492145 0.999992073 0.001927654 -2.001608372 0.009258630 -0.001895250 0.999955356 76.681610107
0.999949634 0.003220362 -0.009503561 1.142288923 -0.003200201 0.999992669 0.002135969 -2.024026871 0.009510370 -0.002105448 0.999952555 77.212570190
0.999952078 0.002366645 -0.009502228 1.142758846 -0.002353304 0.999996245 0.001414944 -2.025630236 0.009505542 -0.001392515 0.999953866 77.762191772
0.999949932 0.002860650 -0.009590316 1.147697926 -0.002835471 0.999992549 0.002638033 -2.052209139 0.009597790 -0.002610708 0.999950588 78.303764343
0.999951124 0.003211511 -0.009357970 1.150579214 -0.003192904 0.999992907 0.002002469 -2.061876535 0.009364335 -0.001972492 0.999954224 78.853935242
0.999952972 0.002875934 -0.009257338 1.155495167 -0.002858522 0.999994099 0.001893492 -2.071834326 0.009262729 -0.001866941 0.999955356 79.378662109
0.999949813 0.003692487 -0.009311601 1.157996774 -0.003677203 0.999991894 0.001657957 -2.086918831 0.009317646 -0.001623633 0.999955297 79.930030823
0.999953568 0.003056399 -0.009140132 1.166914701 -0.003043173 0.999994278 0.001460578 -2.098292828 0.009144545 -0.001432695 0.999957144 80.471336365
0.999963522 0.002984745 -0.007996726 1.173992157 -0.002971651 0.999994159 0.001648783 -2.111641645 0.008001599 -0.001624960 0.999966681 81.017967224
0.999971688 0.003471885 -0.006676807 1.178660154 -0.003461757 0.999992847 0.001527901 -2.126516581 0.006682062 -0.001504744 0.999976516 81.564910889
0.999976814 0.003439057 -0.005874490 1.192273259 -0.003430063 0.999992907 0.001540644 -2.142040253 0.005879747 -0.001520458 0.999981582 82.106781006
0.999984562 0.003465653 -0.004371183 1.201807737 -0.003458887 0.999992907 0.001554233 -2.156311512 0.004376538 -0.001539089 0.999989212 82.647689819
0.999993265 0.003546199 -0.000999352 1.215477705 -0.003544600 0.999992430 0.001597756 -2.170249462 0.001005011 -0.001594203 0.999998152 83.201232910
0.999993742 0.002925268 0.001971817 1.232732296 -0.002928156 0.999994636 0.001462885 -2.179923534 -0.001967527 -0.001468649 0.999997020 83.742050171
0.999976635 0.003927183 0.005587155 1.244637489 -0.003934513 0.999991417 0.001301650 -2.198218107 -0.005581995 -0.001323603 0.999983490 84.291763306
0.999942958 0.003396202 0.010129243 1.270091057 -0.003408409 0.999993503 0.001188054 -2.214760542 -0.010125142 -0.001222511 0.999947965 84.840591431
0.999845684 0.004363437 0.017017968 1.288828492 -0.004389059 0.999989271 0.001468558 -2.230699062 -0.017011378 -0.001543024 0.999854147 85.396728516
0.999758065 0.003470647 0.021716576 1.315620422 -0.003496377 0.999993205 0.001146940 -2.243502855 -0.021712443 -0.001222591 0.999763489 85.925910950
0.999622881 0.003115276 0.027281547 1.351107240 -0.003153864 0.999994040 0.001371531 -2.257873297 -0.027277112 -0.001457056 0.999626815 86.467002869
0.999358177 0.002980430 0.035698302 1.375103474 -0.003025888 0.999994695 0.001219435 -2.270945549 -0.035694476 -0.001326671 0.999361873 87.015968323
0.999027431 0.003167672 0.043979034 1.418076277 -0.003220804 0.999994218 0.001137291 -2.282444239 -0.043975174 -0.001277833 0.999031782 87.569854736
0.998701930 0.002720545 0.050863232 1.460241318 -0.002798160 0.999995053 0.001454811 -2.300540924 -0.050859023 -0.001595246 0.998704553 88.107040405
0.998191178 0.002703362 0.060059719 1.513621807 -0.002795322 0.999995112 0.001447173 -2.315572977 -0.060055509 -0.001612441 0.998193741 88.644721985
0.997557282 0.002792163 0.069797188 1.579176426 -0.002923318 0.999994218 0.001777024 -2.334516525 -0.069791809 -0.001976722 0.997559667 89.165084839
0.996921420 0.002259327 0.078373589 1.628719330 -0.002347504 0.999996662 0.001032974 -2.339915752 -0.078370988 -0.001213776 0.996923506 89.743797302
0.996267378 0.001948613 0.086298704 1.694092751 -0.002027213 0.999997616 0.000823167 -2.352725744 -0.086296886 -0.000995040 0.996268928 90.291099548
0.995281458 0.001761828 0.097013526 1.765861034 -0.001859903 0.999997854 0.000920508 -2.364380121 -0.097011700 -0.001096600 0.995282710 90.826705933
0.994215429 0.001956941 0.107386023 1.839453697 -0.002100034 0.999997079 0.001219438 -2.382715464 -0.107383318 -0.001437899 0.994216681 91.358764648
0.993187964 0.001557377 0.116513073 1.921501160 -0.001675707 0.999998212 0.000917648 -2.394600153 -0.116511434 -0.001106639 0.993188739 91.917755127
0.991814256 0.001380244 0.127681360 2.031423569 -0.001551640 0.999997973 0.001242913 -2.408952475 -0.127679363 -0.001430854 0.991814435 92.482315063
0.990188897 0.000954150 0.139731392 2.132149696 -0.001119669 0.999998748 0.001105945 -2.421247959 -0.139730170 -0.001251547 0.990188837 93.034568787
0.988637269 0.000785290 0.150318593 2.234480858 -0.000976903 0.999998748 0.001200873 -2.437685013 -0.150317475 -0.001334075 0.988636911 93.579612732
0.986994863 0.000330115 0.160751179 2.346158981 -0.000553896 0.999998927 0.001347286 -2.453124285 -0.160750583 -0.001418803 0.986994028 94.106994629
0.984792411 0.000419632 0.173734546 2.462455750 -0.000622678 0.999999166 0.001114206 -2.465147972 -0.173733935 -0.001205442 0.984791875 94.633926392
0.982496500 0.000132382 0.186281040 2.580321312 -0.000332505 0.999999404 0.001043063 -2.475980997 -0.186280787 -0.001086746 0.982495964 95.189064026
0.980526388 0.000437737 0.196387172 2.702367783 -0.000598184 0.999999642 0.000757678 -2.487433910 -0.196386740 -0.000860399 0.980526149 95.719650269
0.977789819 0.000607290 0.209586784 2.842372894 -0.000832329 0.999999166 0.000985527 -2.509206772 -0.209586009 -0.001138084 0.977789521 96.250022888
0.974871278 -0.000310524 0.222768873 2.998472214 0.000114234 0.999999583 0.000894025 -2.526735306 -0.222769022 -0.000846112 0.974870920 96.771003723
0.972141564 -0.000922734 0.234392673 3.119478226 0.000657937 0.999999046 0.001207906 -2.529849291 -0.234393567 -0.001020040 0.972141266 97.330451965
0.969109416 -0.001106390 0.246628821 3.276306152 0.000824409 0.999998868 0.001246596 -2.551251411 -0.246629909 -0.001004765 0.969109237 97.853408813
0.965718985 -0.001439684 0.259585768 3.454219818 0.001135151 0.999998510 0.001323048 -2.562210560 -0.259587318 -0.000983023 0.965719163 98.379669189
0.962073803 -0.001021638 0.272787482 3.622568130 0.000736674 0.999999046 0.001147056 -2.571081877 -0.272788405 -0.000902597 0.962073624 98.919609070
0.959007144 -0.001496432 0.283378273 3.799562454 0.001140034 0.999998331 0.001422581 -2.586991549 -0.283379912 -0.001041204 0.959007204 99.434249878
0.954800963 -0.002005955 0.297239184 3.981666565 0.001665285 0.999997616 0.001399327 -2.598380327 -0.297241271 -0.000841091 0.954801977 99.933158875
0.950479984 -0.002102733 0.310778588 4.184700012 0.001792092 0.999997556 0.001285096 -2.613287449 -0.310780525 -0.000664513 0.950481474 100.481185913
0.946716905 -0.002744428 0.322055280 4.382345200 0.002640751 0.999996185 0.000758798 -2.617382050 -0.322056115 0.000132101 0.946720541 101.004028320
0.942122817 -0.003354454 0.335251570 4.584867477 0.003086182 0.999994278 0.001332950 -2.641725779 -0.335254163 -0.000221155 0.942127705 101.515670776
0.936929405 -0.002885190 0.349506885 4.800216675 0.002621536 0.999995768 0.001227397 -2.654589891 -0.349508971 -0.000233740 0.936932981 102.029922485
0.932259321 -0.003539091 0.361773521 5.015613556 0.003254733 0.999993682 0.001395387 -2.665017128 -0.361776203 -0.000123386 0.932264984 102.544555664
0.927586794 -0.003935338 0.373587042 5.233127594 0.003815080 0.999992192 0.001061305 -2.679866791 -0.373588264 0.000440812 0.927594543 103.026580811
0.921859920 -0.004321169 0.387499273 5.483791351 0.004105825 0.999990582 0.001383572 -2.696416140 -0.387501568 0.000315545 0.921868980 103.537086487
0.916123986 -0.004750718 0.400866985 5.724166870 0.004541503 0.999988616 0.001472024 -2.709090233 -0.400869340 0.000471982 0.916135073 104.042213440
0.911440372 -0.004797233 0.411404222 5.972705841 0.004692429 0.999988198 0.001264710 -2.726854801 -0.411405414 0.000777777 0.911452115 104.517257690
0.905021846 -0.005166821 0.425333738 6.237869263 0.005073227 0.999986231 0.001352747 -2.735841990 -0.425334841 0.000933549 0.905035496 105.014579773
0.898608804 -0.006169655 0.438707471 6.493713379 0.006092675 0.999980211 0.001583295 -2.760405540 -0.438708454 0.001250139 0.898628592 105.468307495
0.892694473 -0.006673878 0.450612903 6.767505646 0.006600809 0.999976695 0.001733675 -2.767997980 -0.450614035 0.001426767 0.892717779 106.002136230
0.887148082 -0.007025409 0.461431324 7.038906097 0.006827265 0.999974430 0.002098765 -2.779779673 -0.461434305 0.001288399 0.887173533 106.496170044
0.880278409 -0.007194218 0.474402994 7.324146271 0.007091309 0.999972880 0.002006093 -2.796365261 -0.474404514 0.001598218 0.880305588 106.944763184
