1.000000000 0.000000000 0.000000000 0.000000000 0.000000000 1.000000000 0.000000000 0.000000000 0.000000000 0.000000000 1.000000000 0.000000000
1.000000000 0.000030240 0.000136604 -0.003409314 -0.000030212 1.000000000 -0.000206512 0.004508641 -0.000136610 0.000206508 0.999999940 0.004256548
1.000000000 0.000040911 0.000068629 -0.002292445 -0.000040902 1.000000000 -0.000136753 0.002323152 -0.000068634 0.000136750 1.000000000 0.000700019
0.999999940 0.000309652 0.000113740 -0.000010619 -0.000309634 0.999999940 -0.000157037 0.003713508 -0.000113788 0.000157001 1.000000000 -0.001936418
1.000000000 0.000231968 0.000047299 0.002529635 -0.000231964 0.999999940 -0.000081287 0.002035600 -0.000047318 0.000081276 1.000000000 -0.001367412
1.000000000 0.000145647 0.000062149 0.000218856 -0.000145644 1.000000000 -0.000063300 0.002181297 -0.000062158 0.000063291 1.000000000 -0.001244114
1.000000000 0.000125313 0.000132164 -0.002311375 -0.000125300 1.000000000 -0.000096385 0.002296562 -0.000132176 0.000096369 1.000000000 -0.000836971
1.000000000 0.000031804 0.000000795 0.001000064 -0.000031804 1.000000000 -0.000024069 0.001656791 -0.000000796 0.000024069 1.000000000 -0.002582827
1.000000000 0.000049357 0.000142894 -0.005183687 -0.000049329 1.000000000 -0.000191143 0.004056063 -0.000142903 0.000191136 1.000000000 0.004338488
0.999999940 0.000198784 0.000225924 -0.004719176 -0.000198754 1.000000000 -0.000134672 0.002235985 -0.000225951 0.000134627 0.999999940 -0.001378134
0.999999940 0.000208473 0.000212267 -0.003963437 -0.000208440 0.999999940 -0.000155393 0.002209829 -0.000212300 0.000155349 0.999999940 -0.000650296
1.000000000 0.000162261 0.000083600 0.000162161 -0.000162254 1.000000000 -0.000079379 0.002340550 -0.000083613 0.000079365 1.000000000 -0.004796081
1.000000000 0.000105061 0.000192518 -0.005499372 -0.000105053 1.000000000 -0.000042979 0.000518210 -0.000192523 0.000042958 1.000000000 -0.003047373
1.000000000 -0.000015156 0.000105944 -0.003042039 0.000015166 1.000000000 -0.000092004 0.000618056 -0.000105942 0.000092006 1.000000000 -0.001816027
1.000000000 0.000099045 0.000158938 -0.003480890 -0.000099021 1.000000000 -0.000156042 0.003233218 -0.000158953 0.000156026 1.000000000 -0.001304989
1.000000000 -0.000158677 0.000009853 -0.002609986 0.000158678 1.000000000 -0.000114377 0.002848381 -0.000009835 0.000114379 1.000000000 -0.000774222
1.000000000 -0.000230239 0.000011961 -0.002209618 0.000230240 0.999999940 -0.000107882 0.000373026 -0.000011936 0.000107884 1.000000000 -0.004606134
1.000000000 -0.000078642 0.000043093 0.000206733 0.000078644 1.000000000 -0.000036245 0.000367171 -0.000043090 0.000036248 1.000000000 -0.006689000
1.000000000 0.000115895 0.000007322 0.000151780 -0.000115895 1.000000000 0.000003234 0.002378151 -0.000007322 -0.000003234 1.000000000 -0.007831466
1.000000000 -0.000081410 -0.000002843 -0.001775155 0.000081409 1.000000000 -0.000033410 -0.000340330 0.000002846 0.000033409 1.000000000 -0.007370097
1.000000000 0.000003372 0.000070186 -0.001044784 -0.000003366 1.000000000 -0.000080181 0.001087699 -0.000070186 0.000080180 1.000000000 -0.007609745
1.000000000 -0.000130899 0.000020670 0.000201430 0.000130899 1.000000000 -0.000022195 -0.000498093 -0.000020667 0.000022198 1.000000000 -0.004081619
1.000000000 0.000136162 0.000171109 -0.006298229 -0.000136126 0.999999940 -0.000206589 0.003489670 -0.000171137 0.000206566 0.999999940 0.003656506
1.000000000 -0.000095630 -0.000084902 0.000662766 0.000095621 1.000000000 -0.000111011 0.000750904 0.000084913 0.000111003 1.000000000 0.000492830
1.000000000 -0.000075771 0.000016891 -0.000923887 0.000075771 1.000000000 -0.000013209 0.002264214 -0.000016890 0.000013210 1.000000000 0.000143208
1.000000000 0.000010994 -0.000047692 0.002331649 -0.000011001 1.000000000 -0.000141496 0.003468164 0.000047691 0.000141497 1.000000000 -0.006810190
1.000000000 -0.000064074 0.000112234 -0.003140584 0.000064093 1.000000000 -0.000161676 0.003469819 -0.000112224 0.000161683 1.000000000 -0.001107920
0.999999940 0.000270225 0.000219432 -0.005422030 -0.000270182 0.999999940 -0.000197103 0.003146178 -0.000219485 0.000197043 0.999999940 0.000102388
1.000000000 0.000030593 0.000119740 -0.003655877 -0.000030589 1.000000000 -0.000031751 0.002290973 -0.000119741 0.000031747 1.000000000 -0.000800655
1.000000000 -0.000189677 0.000029440 -0.004798713 0.000189682 0.999999940 -0.000160991 0.006089256 -0.000029410 0.000160996 1.000000000 0.002616659
1.000000000 -0.000075774 0.000038278 -0.003623221 0.000075778 1.000000000 -0.000092167 0.002511428 -0.000038271 0.000092170 1.000000000 0.000859492
1.000000000 -0.000120589 0.000125041 -0.003875518 0.000120586 1.000000000 0.000019206 0.001349672 -0.000125043 -0.000019190 1.000000000 0.000959989
1.000000000 -0.000179016 0.000083727 -0.004998464 0.000179018 1.000000000 -0.000019887 0.001968943 -0.000083723 0.000019902 1.000000000 -0.001342857
1.000000000 -0.000110169 0.000014625 -0.002775360 0.000110170 1.000000000 -0.000002910 0.001851635 -0.000014624 0.000002912 1.000000000 -0.002809471
1.000000000 0.000083313 0.000059049 -0.003770579 -0.000083305 1.000000000 -0.000142288 0.001459416 -0.000059061 0.000142283 1.000000000 -0.000287908
1.000000000 0.000058576 0.000101035 -0.004570962 -0.000058566 1.000000000 -0.000093381 0.002662447 -0.000101041 0.000093375 1.000000000 0.000077946
1.000000000 -0.000159795 -0.000179970 0.003288697 0.000159817 1.000000000 0.000123761 -0.000439576 0.000179950 -0.000123790 1.000000000 -0.012977744
1.000000000 -0.000015362 0.000064436 -0.003737358 0.000015380 0.999999940 -0.000273184 0.004622214 -0.000064431 0.000273185 0.999999940 0.000842381
1.000000000 -0.000183676 0.000063169 -0.002940964 0.000183677 1.000000000 -0.000022997 0.001830248 -0.000063165 0.000023009 1.000000000 -0.000714026
1.000000000 -0.000026894 -0.000038522 0.000900464 0.000026900 1.000000000 0.000173288 -0.001131190 0.000038517 -0.000173289 1.000000000 -0.008580822
0.999999940 -0.000254493 -0.000131891 0.000128617 0.000254493 0.999999940 0.000006422 -0.000965503 0.000131889 -0.000006455 1.000000000 -0.000597560
1.000000000 0.000056766 0.000087113 0.001972483 -0.000056713 0.999999821 -0.000611656 -0.003939403 -0.000087147 0.000611651 0.999999821 0.049031083
1.000000000 0.000051965 -0.000016045 0.000259995 -0.000051990 0.999998808 -0.001548946 0.001069529 0.000015964 0.001548947 0.999998808 0.148364678
1.000000000 -0.000051225 -0.000078170 0.004928353 0.000051103 0.999998808 -0.001556004 -0.007694098 0.000078250 0.001556000 0.999998808 0.264144987
1.000000000 -0.000200034 0.000018669 0.003234518 0.000200059 0.999999046 -0.001379132 -0.012514528 -0.000018393 0.001379135 0.999999046 0.393544018
1.000000000 0.000015698 -0.000101886 0.004632296 -0.000015819 0.999999285 -0.001180761 -0.017651876 0.000101867 0.001180763 0.999999285 0.537609100
1.000000000 -0.000014416 0.000154218 0.006290758 0.000014564 0.999999523 -0.000959464 -0.031551275 -0.000154204 0.000959466 0.999999523 0.680312991
0.999999881 -0.000450436 -0.000039811 0.019154685 0.000450413 0.999999702 -0.000591824 -0.031276647 0.000040077 0.000591806 0.999999821 0.850033045
0.999999940 -0.000185509 -0.000177548 0.023480756 0.000185407 0.999999821 -0.000572617 -0.037092701 0.000177654 0.000572584 0.999999821 1.030864477
0.999999940 -0.000083624 0.000267557 0.013997965 0.000083816 0.999999762 -0.000715465 -0.038033940 -0.000267497 0.000715487 0.999999702 1.211931348
1.000000000 -0.000176484 -0.000024108 0.030140502 0.000176468 0.999999762 -0.000646880 -0.046637826 0.000024222 0.000646876 0.999999762 1.415998101
0.999999583 -0.000556765 -0.000752100 0.043575674 0.000556550 0.999999821 -0.000286395 -0.057071991 0.000752259 0.000285976 0.999999702 1.611419678
0.999999225 -0.000863022 0.000885974 0.017586553 0.000861607 0.999998331 0.001595418 -0.089230396 -0.000887350 -0.001594653 0.999998271 1.684463143
0.999998808 -0.001193935 0.000969300 0.023348760 0.001192244 0.999997735 0.001744182 -0.094081491 -0.000971381 -0.001743025 0.999997973 1.891863942
0.999999583 -0.000518971 0.000741136 0.028263707 0.000517760 0.999998450 0.001633532 -0.104688682 -0.000741982 -0.001633148 0.999998391 2.078019619
0.999999821 -0.000274022 0.000579395 0.034990475 0.000272977 0.999998331 0.001802316 -0.110344075 -0.000579888 -0.001802157 0.999998212 2.297406435
0.999999702 -0.000000029 0.000846452 0.029416367 -0.000001560 0.999998271 0.001877510 -0.116882250 -0.000846450 -0.001877511 0.999997914 2.531159878
0.999998987 0.000530482 0.001331196 0.030703437 -0.000533177 0.999997735 0.002024575 -0.125025213 -0.001330120 -0.002025283 0.999997079 2.763434887
0.999999285 -0.000031201 0.001129230 0.041060191 0.000028839 0.999997735 0.002091326 -0.137611374 -0.001129293 -0.002091292 0.999997199 3.002262831
0.999999404 -0.000331137 0.001024212 0.043949384 0.000328850 0.999997437 0.002232126 -0.140519127 -0.001024949 -0.002231788 0.999996960 3.194010735
0.999999464 -0.000221310 0.001033672 0.054303929 0.000218980 0.999997437 0.002253426 -0.146793783 -0.001034168 -0.002253199 0.999996901 3.456974983
0.999999106 0.000366300 0.001243709 0.054924916 -0.000368971 0.999997556 0.002147915 -0.151032299 -0.001242920 -0.002148372 0.999996901 3.709127903
0.999998868 0.000198067 0.001477944 0.060908750 -0.000201888 0.999996603 0.002585411 -0.161900982 -0.001477427 -0.002585707 0.999995530 3.991091967
0.999998868 0.000845711 0.001272426 0.058883630 -0.000849081 0.999996006 0.002650415 -0.155835688 -0.001270179 -0.002651492 0.999995708 4.211162090
0.999999106 -0.000306607 0.001280344 0.058718584 0.000302943 0.999995887 0.002861228 -0.188912094 -0.001281216 -0.002860838 0.999995112 4.423767567
0.999998927 -0.000117598 0.001481927 0.063694797 0.000113104 0.999995410 0.003031829 -0.197398588 -0.001482277 -0.003031658 0.999994278 4.677639484
0.999998927 -0.000247057 0.001419515 0.069764122 0.000243061 0.999996006 0.002814536 -0.197535411 -0.001420204 -0.002814188 0.999995053 4.933970451
0.999998987 -0.001171971 0.000800318 0.076718673 0.001169754 0.999995530 0.002764161 -0.203902140 -0.000803554 -0.002763222 0.999995887 5.209543705
0.999998510 -0.000294642 0.001698296 0.066056512 0.000289259 0.999994934 0.003168689 -0.235279232 -0.001699221 -0.003168193 0.999993563 5.433191299
0.999998569 -0.000356094 0.001672764 0.071552314 0.000350729 0.999994814 0.003206428 -0.242069453 -0.001673898 -0.003205837 0.999993443 5.704011440
0.999998331 0.000044712 0.001809400 0.080014020 -0.000050660 0.999994636 0.003287411 -0.251284897 -0.001809243 -0.003287497 0.999993026 5.973113537
0.999996960 0.000034213 0.002461399 0.076871626 -0.000042756 0.999993980 0.003470878 -0.259960413 -0.002461266 -0.003470972 0.999990940 6.262307167
0.999997854 -0.000540877 0.001966809 0.084883094 0.000533975 0.999993742 0.003507608 -0.279378057 -0.001968693 -0.003506551 0.999991894 6.556268215
0.999998450 0.000069647 0.001747924 0.098445825 -0.000075229 0.999994814 0.003193622 -0.277970076 -0.001747692 -0.003193748 0.999993384 6.825379848
0.999998748 -0.000018072 0.001589116 0.113888934 0.000012463 0.999993742 0.003529180 -0.296722054 -0.001589169 -0.003529155 0.999992549 7.119059563
0.999998987 -0.000264871 0.001353510 0.127159849 0.000260027 0.999993443 0.003577642 -0.311184138 -0.001354448 -0.003577286 0.999992669 7.427924156
0.999998331 0.000390268 0.001790993 0.127766818 -0.000397355 0.999992073 0.003958241 -0.313050210 -0.001789434 -0.003958946 0.999990582 7.751889706
0.999998391 0.000046446 0.001770204 0.126520306 -0.000052979 0.999993145 0.003690347 -0.306489944 -0.001770021 -0.003690435 0.999991655 8.063080788
0.999998510 -0.000292071 0.001704507 0.123852707 0.000284992 0.999991357 0.004152138 -0.341433555 -0.001705704 -0.004151647 0.999989927 8.333374023
0.999998033 -0.000547211 0.001918690 0.125387192 0.000539245 0.999991298 0.004149616 -0.346667498 -0.001920944 -0.004148574 0.999989569 8.666836739
0.999998033 -0.000118388 0.001982125 0.139050066 0.000109834 0.999990761 0.004315055 -0.361968249 -0.001982617 -0.004314829 0.999988735 8.995215416
0.999998271 -0.001001941 0.001558270 0.155450195 0.000995228 0.999990284 0.004302777 -0.369744152 -0.001562565 -0.004301219 0.999989569 9.338119507
0.999998808 -0.000300148 0.001478863 0.160638452 0.000293490 0.999989927 0.004500122 -0.375160336 -0.001480199 -0.004499684 0.999988735 9.673678398
0.999998927 -0.000502639 0.001399959 0.179062322 0.000496277 0.999989629 0.004540729 -0.382028759 -0.001402227 -0.004540029 0.999988735 9.994383812
0.999998450 -0.000919408 0.001446861 0.168395713 0.000912997 0.999989808 0.004425311 -0.403207541 -0.001450915 -0.004423983 0.999989092 10.344466209
0.999997497 -0.001507827 0.001627147 0.174052298 0.001500515 0.999988794 0.004485506 -0.410893679 -0.001633892 -0.004483053 0.999988556 10.719499588
0.999998093 -0.001299044 0.001458291 0.178311020 0.001292040 0.999987662 0.004793905 -0.422356904 -0.001464501 -0.004792012 0.999987423 11.106447220
0.999996662 -0.001955686 0.001660774 0.196030200 0.001948333 0.999988317 0.004417446 -0.427268267 -0.001669394 -0.004414196 0.999988794 11.476044655
0.999998271 -0.001333552 0.001239834 0.203074351 0.001327516 0.999987304 0.004856595 -0.436708391 -0.001246295 -0.004854941 0.999987423 11.852509499
0.999998569 -0.000651616 0.001549156 0.204292551 0.000643416 0.999985814 0.005287462 -0.455054790 -0.001552580 -0.005286458 0.999984801 12.206266403
0.999997377 -0.002001671 0.001080594 0.226803422 0.001996373 0.999986112 0.004881548 -0.454237342 -0.001090350 -0.004879378 0.999987483 12.639604568
0.999997020 -0.002231635 0.000943774 0.231225207 0.002226355 0.999982059 0.005559887 -0.499753892 -0.000956164 -0.005557770 0.999984086 12.926463127
0.999998033 -0.000951257 0.001747021 0.231745958 0.000941159 0.999982893 0.005771886 -0.512540340 -0.001752482 -0.005770231 0.999981880 13.339860916
0.999997675 -0.001461085 0.001550188 0.243885517 0.001451882 0.999981403 0.005920983 -0.517518997 -0.001558810 -0.005918720 0.999981284 13.765136719
0.999996483 -0.002282758 0.001300173 0.258053333 0.002274465 0.999977291 0.006344412 -0.547198236 -0.001314626 -0.006341432 0.999979019 14.168716431
0.999996960 -0.001964767 0.001523461 0.268490463 0.001954464 0.999975443 0.006734508 -0.559391260 -0.001536656 -0.006731510 0.999976158 14.543220520
0.999994874 -0.002906720 0.001404857 0.291797280 0.002896355 0.999969006 0.007324590 -0.576407194 -0.001426104 -0.007320483 0.999972165 15.047721863
0.999991536 -0.003841763 0.001421992 0.310963631 0.003830572 0.999962330 0.007790376 -0.665384173 -0.001451867 -0.007784864 0.999968588 15.378770828
0.999990106 -0.004165436 0.001537371 0.325989485 0.004153009 0.999959409 0.007999922 -0.673691750 -0.001570632 -0.007993460 0.999966800 15.824250221
0.999985695 -0.005210177 0.001196700 0.339640379 0.005200527 0.999955058 0.007930296 -0.683261871 -0.001237964 -0.007923959 0.999967813 16.279479980
0.999988258 -0.004625240 0.001485783 0.347290814 0.004613940 0.999961078 0.007521555 -0.685727060 -0.001520514 -0.007514610 0.999970615 16.749521255
0.999991894 -0.003272198 0.002360960 0.342285842 0.003252655 0.999960780 0.008234816 -0.703394473 -0.002387813 -0.008227069 0.999963284 17.219213486
0.999990702 -0.003274814 0.002808924 0.355928957 0.003250556 0.999957800 0.008597814 -0.709331036 -0.002836961 -0.008588604 0.999959052 17.650987625
0.999989271 -0.003658611 0.002886816 0.361092210 0.003631442 0.999949574 0.009361423 -0.757899880 -0.002920920 -0.009350838 0.999952018 18.029972076
0.999988675 -0.003914187 0.002726667 0.379014224 0.003888580 0.999948859 0.009334239 -0.766343176 -0.002763064 -0.009323530 0.999952734 18.499940872
0.999985397 -0.004818446 0.002451309 0.403740615 0.004794403 0.999941230 0.009721320 -0.774138689 -0.002498007 -0.009709427 0.999949753 18.976465225
0.999991000 -0.003113724 0.002910361 0.394177318 0.003085153 0.999947488 0.009770498 -0.789358854 -0.002940631 -0.009761431 0.999948025 19.459732056
0.999991536 -0.002828249 0.002958654 0.404173702 0.002798916 0.999947429 0.009871817 -0.795814872 -0.002986418 -0.009863455 0.999946892 19.939565659
0.999991238 -0.003024079 0.002908346 0.421871752 0.002993140 0.999939501 0.010584020 -0.830799341 -0.002940177 -0.010575221 0.999939799 20.453966141
0.999991596 -0.003187477 0.002561787 0.417814016 0.003160548 0.999940336 0.010448004 -0.855644703 -0.002594937 -0.010439819 0.999942124 20.843746185
0.999992609 -0.003154861 0.002204769 0.429378599 0.003131478 0.999939620 0.010529691 -0.865105629 -0.002237855 -0.010522708 0.999942124 21.366203308
0.999990582 -0.003878675 0.001952255 0.429656982 0.003856846 0.999931276 0.011063685 -0.883612335 -0.001995033 -0.011056053 0.999936819 21.882541656
0.999992192 -0.003469157 0.001880141 0.423901737 0.003447928 0.999931514 0.011179310 -0.892639518 -0.001918796 -0.011172740 0.999935687 22.407558441
0.999987900 -0.004894458 0.000517093 0.431650370 0.004888002 0.999918163 0.011825219 -0.912072659 -0.000574928 -0.011822548 0.999929905 22.979980469
0.999983132 -0.005790231 -0.000432722 0.465015441 0.005794778 0.999918461 0.011372432 -0.926257730 0.000366838 -0.011374747 0.999935210 23.375448227
0.999983788 -0.005567484 -0.001241545 0.474920124 0.005580908 0.999922931 0.011084472 -0.928150058 0.001179737 -0.011091221 0.999937773 23.913156509
0.999980390 -0.006108714 -0.001342811 0.494758874 0.006125003 0.999903321 0.012480235 -0.947001934 0.001266443 -0.012488215 0.999921143 24.444128036
0.999990582 -0.004157703 -0.001215962 0.467169344 0.004172422 0.999914765 0.012363361 -0.973333418 0.001164455 -0.012368320 0.999922752 24.952581406
0.999978781 -0.006114585 -0.002252687 0.445672542 0.006142519 0.999901652 0.012609679 -1.015856266 0.002175363 -0.012623249 0.999917984 25.485113144
0.999981999 -0.005502747 -0.002413589 0.446414083 0.005534651 0.999894679 0.013416701 -1.022895575 0.002339506 -0.013429819 0.999907076 26.017082214
0.999973238 -0.006569355 -0.003205970 0.471702337 0.006613398 0.999881148 0.013926251 -1.051559925 0.003114102 -0.013947083 0.999897897 26.561073303
0.999975979 -0.005980035 -0.003495943 0.508277237 0.006028666 0.999882936 0.014069530 -1.060073137 0.003411397 -0.014090268 0.999894977 27.095035553
0.999966502 -0.006852864 -0.004482820 0.526701987 0.006914912 0.999878466 0.013975396 -1.060372829 0.004386503 -0.014005926 0.999892354 27.592617035
0.999970257 -0.006032541 -0.004788483 0.506235361 0.006098216 0.999885917 0.013821026 -1.082717299 0.004704560 -0.013849817 0.999893010 28.107297897
0.999969661 -0.006051796 -0.004886591 0.517800331 0.006119174 0.999884784 0.013893480 -1.094480157 0.004801948 -0.013922961 0.999891460 28.654485703
0.999969065 -0.005822312 -0.005279366 0.523983419 0.005899064 0.999875426 0.014641192 -1.102118254 0.005193461 -0.014671884 0.999878883 29.201330185
0.999957204 -0.006605261 -0.006467186 0.586010933 0.006700243 0.999868333 0.014776888 -1.133537173 0.006368730 -0.014819587 0.999869883 29.777940750
0.999972582 -0.005072853 -0.005396720 0.530483842 0.005159283 0.999856651 0.016123639 -1.194444776 0.005314153 -0.016151041 0.999855459 30.358583450
0.999967277 -0.005506162 -0.005930441 0.517147183 0.005596444 0.999867022 0.015316039 -1.185769439 0.005845319 -0.015348729 0.999865115 30.741371155
0.999961793 -0.006112988 -0.006250516 0.527495146 0.006208104 0.999863446 0.015312771 -1.197740674 0.006156055 -0.015350989 0.999863207 31.275476456
0.999962032 -0.006230892 -0.006103127 0.530665994 0.006321725 0.999867797 0.014978630 -1.194117665 0.006008990 -0.015016643 0.999869168 31.790443420
0.999978542 -0.004110249 -0.005104200 0.505650938 0.004189134 0.999870420 0.015541626 -1.219788074 0.005039658 -0.015562674 0.999866188 32.297359467
0.999968469 -0.005065374 -0.006127690 0.519416809 0.005160661 0.999864459 0.015635848 -1.217534065 0.006047658 -0.015666977 0.999858975 32.907245636
0.999946773 -0.007281206 -0.007316295 0.550348282 0.007399623 0.999839902 0.016290937 -1.242194176 0.007196506 -0.016344206 0.999840558 33.479663849
0.999935865 -0.008234818 -0.007763882 0.511338115 0.008354519 0.999844670 0.015513479 -1.226958752 0.007634925 -0.015577350 0.999849498 34.020336151
0.999931455 -0.008403863 -0.008155486 0.522880673 0.008529532 0.999843419 0.015498642 -1.227703333 0.008023961 -0.015567143 0.999846578 34.563243866
0.999930441 -0.008615264 -0.008055094 0.520281434 0.008743329 0.999833703 0.016000848 -1.246841192 0.007915903 -0.016070165 0.999839485 35.104965210
0.999940813 -0.007676926 -0.007704227 0.519755960 0.007806263 0.999826670 0.016900565 -1.260747194 0.007573148 -0.016959706 0.999827504 35.653610229
0.999947429 -0.006897318 -0.007587517 0.514213085 0.007024814 0.999832392 0.016906768 -1.276164412 0.007469635 -0.016959179 0.999828219 36.129673004
0.999926567 -0.008993093 -0.008128431 0.533312201 0.009127675 0.999819279 0.016674343 -1.275162935 0.007977009 -0.016747313 0.999827862 36.764671326
0.999927402 -0.008570101 -0.008461807 0.534415603 0.008716647 0.999809921 0.017436126 -1.310410023 0.008310771 -0.017508620 0.999812186 37.318901062
0.999877870 -0.012188908 -0.009783456 0.506736338 0.012373625 0.999742031 0.019047536 -1.350067616 0.009548764 -0.019166265 0.999770701 37.760303497
0.999873936 -0.011418542 -0.011036688 0.556741059 0.011622057 0.999760330 0.018555131 -1.367319345 0.010822168 -0.018681059 0.999767005 38.346157074
0.999887407 -0.011005764 -0.010201506 0.521325588 0.011197206 0.999758661 0.018903058 -1.363115311 0.009991003 -0.019015156 0.999769270 38.836730957
0.999882460 -0.011450350 -0.010201270 0.540905297 0.011642003 0.999753118 0.018930141 -1.378991485 0.009981995 -0.019046679 0.999768734 39.416114807
0.999865949 -0.012702566 -0.010333553 0.518971443 0.012906609 0.999718189 0.019924579 -1.413594484 0.010077546 -0.020055275 0.999748111 39.933601379
0.999864638 -0.012273180 -0.010961698 0.565540195 0.012492523 0.999718487 0.020170877 -1.417490602 0.010711052 -0.020305084 0.999736428 40.552146912
0.999858916 -0.012754780 -0.010938147 0.564983368 0.012974028 0.999711573 0.020213209 -1.428089738 0.010677176 -0.020352265 0.999735892 41.103763580
0.999856055 -0.012628955 -0.011327175 0.567461371 0.012860967 0.999704123 0.020649454 -1.426858425 0.011063043 -0.020792160 0.999722660 41.655509949
0.999843895 -0.013580947 -0.011299179 0.576246023 0.013814963 0.999686182 0.020897424 -1.416375160 0.011011826 -0.021050259 0.999717832 42.169731140
0.999831498 -0.014095766 -0.011760774 0.554438174 0.014342325 0.999673545 0.021150339 -1.466172218 0.011458801 -0.021315450 0.999707103 42.510318756
0.999817729 -0.014820805 -0.012037148 0.556883991 0.015076840 0.999656022 0.021465626 -1.475462198 0.011714869 -0.021643197 0.999697149 43.050121307
0.999810219 -0.015170030 -0.012217021 0.565650344 0.015427808 0.999654353 0.021289708 -1.471975565 0.011889832 -0.021474153 0.999698639 43.601039886
0.999792337 -0.015713634 -0.012969108 0.579588890 0.015989130 0.999642789 0.021419534 -1.472414970 0.012627894 -0.021622457 0.999686420 44.132095337
0.999770284 -0.016593525 -0.013564922 0.608889282 0.016881028 0.999629259 0.021362297 -1.461335182 0.013205417 -0.021586377 0.999679744 44.693679810
0.999809444 -0.015282819 -0.012139171 0.555603147 0.015558908 0.999614775 0.022984246 -1.530924797 0.011783230 -0.023168735 0.999662101 45.151985168
0.999824762 -0.014786408 -0.011472968 0.544420481 0.015050521 0.999615610 0.023285978 -1.537323356 0.011124242 -0.023454573 0.999662995 45.706726074
0.999808848 -0.015419194 -0.012015043 0.542759180 0.015696844 0.999603689 0.023367675 -1.540649414 0.011649970 -0.023551807 0.999654710 46.263858795
0.999822557 -0.014933793 -0.011476880 0.534479082 0.015207540 0.999592721 0.024146924 -1.559871078 0.011111601 -0.024317171 0.999642491 46.783733368
0.999805331 -0.015702330 -0.011943569 0.553469837 0.015986836 0.999581516 0.024110552 -1.561887145 0.011559977 -0.024296798 0.999637902 47.308895111
0.999796093 -0.016119998 -0.012173531 0.533026457 0.016420117 0.999553382 0.024969423 -1.602135539 0.011765589 -0.025164220 0.999614060 47.793430328
0.999790192 -0.016357422 -0.012332964 0.542904139 0.016659314 0.999554038 0.024786534 -1.602102160 0.011922020 -0.024986792 0.999616683 48.344455719
0.999764025 -0.017337600 -0.013094600 0.557969809 0.017649902 0.999553204 0.024123237 -1.599779487 0.012670510 -0.024348659 0.999623239 48.896484375
0.999768376 -0.017165132 -0.012982209 0.564426720 0.017470915 0.999563575 0.023819445 -1.593013763 0.012567679 -0.024040736 0.999632061 49.470359802
0.999788225 -0.016304430 -0.012557966 0.543985188 0.016623288 0.999530971 0.025719525 -1.626283765 0.012132733 -0.025922837 0.999590337 49.845619202
0.999782383 -0.016570706 -0.012675151 0.537062287 0.016888730 0.999534488 0.025408961 -1.623437881 0.012248206 -0.025617497 0.999596834 50.388195038
0.999785960 -0.016372122 -0.012651503 0.544511974 0.016688241 0.999540627 0.025298638 -1.625522017 0.012231498 -0.025504349 0.999599934 50.940307617
0.999773979 -0.017260283 -0.012412593 0.584795594 0.017570324 0.999524951 0.025318392 -1.604967475 0.011969693 -0.025530763 0.999602497 51.467559814
0.999807417 -0.015461466 -0.012088249 0.536286294 0.015768239 0.999545217 0.025708411 -1.644126892 0.011685262 -0.025894072 0.999596357 51.922039032
0.999821126 -0.015035238 -0.011474467 0.544934690 0.015327819 0.999548256 0.025851311 -1.642759085 0.011080603 -0.026022566 0.999599934 52.457111359
0.999814749 -0.015266340 -0.011728960 0.534175038 0.015566886 0.999541283 0.025975205 -1.650821686 0.011327036 -0.026152970 0.999593854 52.982551575
0.999799073 -0.015911624 -0.012191837 0.570297897 0.016224304 0.999530435 0.025991963 -1.654347420 0.011772539 -0.026184542 0.999587893 53.553604126
0.999811292 -0.015361279 -0.011896275 0.549469292 0.015667373 0.999537051 0.026079254 -1.650094867 0.011490159 -0.026260713 0.999589145 54.016689301
0.999818444 -0.015674572 -0.010834562 0.506738424 0.015962536 0.999507248 0.027023148 -1.689603925 0.010405649 -0.027191184 0.999576151 54.457843781
0.999826491 -0.015096841 -0.010912226 0.486310720 0.015387706 0.999514818 0.027081305 -1.715262175 0.010498092 -0.027244519 0.999573588 54.973808289
0.999830067 -0.015201637 -0.010429882 0.488278449 0.015481608 0.999507189 0.027309228 -1.715490460 0.010009598 -0.027466059 0.999572575 55.509162903
0.999829173 -0.015056744 -0.010718947 0.499346673 0.015341591 0.999517560 0.027007280 -1.720393896 0.010307134 -0.027167115 0.999577761 56.083480835
0.999828100 -0.015306290 -0.010463122 0.506007135 0.015589759 0.999498367 0.027569983 -1.728366971 0.010035879 -0.027728362 0.999565065 56.645462036
0.999833941 -0.014920698 -0.010459497 0.509018540 0.015201064 0.999512911 0.027258577 -1.714837909 0.010047683 -0.027413046 0.999573708 57.185073853
0.999846339 -0.014647668 -0.009634079 0.459877908 0.014904547 0.999520123 0.027155118 -1.722001076 0.009231697 -0.027294533 0.999584854 57.626148224
0.999836862 -0.014951843 -0.010129457 0.485960841 0.015229708 0.999493778 0.027933259 -1.741803885 0.009706673 -0.028082972 0.999558449 58.025112152
0.999832869 -0.014872710 -0.010626295 0.494727969 0.015171093 0.999476612 0.028573791 -1.741834998 0.010195763 -0.028730230 0.999535203 58.587154388
0.999833107 -0.015152942 -0.010207398 0.495762885 0.015432826 0.999490976 0.027923057 -1.745482683 0.009779085 -0.028075930 0.999557912 59.109283447
0.999821782 -0.015006700 -0.011453408 0.562225759 0.015324966 0.999484122 0.028225491 -1.754424453 0.011023927 -0.028395984 0.999535918 59.572238922
0.999830782 -0.014986259 -0.010665442 0.535793960 0.015282776 0.999483049 0.028285701 -1.761299729 0.010236032 -0.028443916 0.999542952 60.160224915
0.999825299 -0.015363024 -0.010648531 0.521337748 0.015659327 0.999476135 0.028324639 -1.753550529 0.010207800 -0.028486434 0.999542058 60.568859100
0.999823630 -0.015461802 -0.010659239 0.522234976 0.015758546 0.999474108 0.028341359 -1.753972530 0.010215424 -0.028504333 0.999541461 61.093021393
0.999815643 -0.015861813 -0.010821838 0.523838878 0.016161336 0.999472260 0.028176073 -1.757756948 0.010369204 -0.028345769 0.999544382 61.638946533
0.999837935 -0.014692539 -0.010396942 0.511287928 0.014983712 0.999481380 0.028505279 -1.762314439 0.009972734 -0.028656445 0.999539495 62.179546356
0.999798179 -0.016196724 -0.011880997 0.571706355 0.016523857 0.999472022 0.027973101 -1.728569388 0.011421649 -0.028163772 0.999538004 62.653011322
0.999840915 -0.014364799 -0.010574421 0.531507075 0.014669344 0.999462724 0.029309342 -1.801847458 0.010147721 -0.029459802 0.999514461 63.138469696
0.999845684 -0.014417155 -0.010036363 0.540123105 0.014702480 0.999472380 0.028960995 -1.798042417 0.009613534 -0.029104086 0.999530196 63.673065186
0.999845266 -0.014220199 -0.010358789 0.580510795 0.014512064 0.999483645 0.028667461 -1.760905266 0.009945784 -0.028813349 0.999535382 64.174285889
0.999836266 -0.014927906 -0.010224505 0.566188753 0.015213772 0.999478757 0.028476650 -1.770159483 0.009794078 -0.028627545 0.999542177 64.719383240
0.999840915 -0.014494193 -0.010391811 0.530125439 0.014797330 0.999448955 0.029712563 -1.814947844 0.009955422 -0.029861605 0.999504447 65.205429077
0.999841154 -0.014421471 -0.010469098 0.535752833 0.014725046 0.999455690 0.029523844 -1.812192798 0.010037619 -0.029673314 0.999509275 65.758949280
0.999835968 -0.014889549 -0.010316610 0.568856478 0.015177631 0.999480546 0.028432416 -1.783247113 0.009887906 -0.028584333 0.999542475 66.280105591
0.999843478 -0.014460016 -0.010199132 0.561419904 0.014752588 0.999464214 0.029219285 -1.803912878 0.009771156 -0.029365173 0.999521077 66.848075867
0.999855757 -0.013543990 -0.010249864 0.534657538 0.013845074 0.999457181 0.029897232 -1.823675871 0.009839370 -0.030034833 0.999500394 67.255287170
0.999853492 -0.013616347 -0.010377014 0.537898302 0.013920425 0.999458373 0.029817073 -1.826096296 0.009965395 -0.029957155 0.999501407 67.814834595
0.999843478 -0.013990976 -0.010832957 0.557810545 0.014306502 0.999458909 0.029618775 -1.822445869 0.010412700 -0.029769123 0.999502540 68.376655579
0.999857724 -0.013536295 -0.010066045 0.566397667 0.013831336 0.999458909 0.029842701 -1.827861547 0.009656640 -0.029977681 0.999503911 68.843589783
0.999875844 -0.012624631 -0.009429697 0.543588579 0.012907884 0.999448061 0.030607184 -1.854749918 0.009038088 -0.030725099 0.999487102 69.300331116
0.999874771 -0.012766026 -0.009345889 0.550677717 0.013045819 0.999449134 0.030515043 -1.856006861 0.008951184 -0.030633150 0.999490619 69.848693848
0.999872983 -0.012645434 -0.009702540 0.557293057 0.012930907 0.999467850 0.029946828 -1.852973223 0.009318685 -0.030068485 0.999504387 70.420478821
0.999879479 -0.012345797 -0.009411525 0.550807178 0.012621900 0.999474287 0.029864671 -1.843066931 0.009037873 -0.029979864 0.999509573 70.966140747
0.999886811 -0.012001781 -0.009068533 0.564354122 0.012277232 0.999445379 0.030955356 -1.853870630 0.008691981 -0.031063195 0.999479592 71.419952393
0.999870598 -0.013115653 -0.009310590 0.574305415 0.013398714 0.999428868 0.031020621 -1.854622602 0.008898416 -0.031141357 0.999475360 71.979705811
0.999874890 -0.012850099 -0.009231903 0.573653400 0.013123066 0.999459505 0.030142423 -1.839714289 0.008839579 -0.030259805 0.999503076 72.456932068
0.999879956 -0.012401350 -0.009292235 0.585985184 0.012681854 0.999446332 0.030762268 -1.852589369 0.008905594 -0.030876419 0.999483585 72.921485901
0.999874294 -0.012655822 -0.009553596 0.604782522 0.012947610 0.999431670 0.031124810 -1.861345530 0.009154256 -0.031244589 0.999469876 73.477157593
0.999871790 -0.012791483 -0.009635578 0.608648777 0.013080609 0.999447227 0.030566029 -1.854343891 0.009239265 -0.030688150 0.999486327 74.027503967
0.999849558 -0.013952557 -0.010305468 0.627299786 0.014255758 0.999449551 0.029958723 -1.842835188 0.009881793 -0.030101126 0.999498069 74.582489014
0.999862552 -0.013243129 -0.009974076 0.626469076 0.013544851 0.999433339 0.030816656 -1.860794544 0.009560313 -0.030947514 0.999475300 75.114456177
0.999885798 -0.012194733 -0.008929181 0.569622159 0.012463977 0.999449551 0.030745521 -1.846102238 0.008549333 -0.030853301 0.999487340 75.609870911
0.999881566 -0.012517558 -0.008959912 0.579996228 0.012783980 0.999458432 0.030322390 -1.839252710 0.008575498 -0.030433338 0.999500036 76.148658752
0.999867618 -0.013175915 -0.009546098 0.585172534 0.013460845 0.999446392 0.030425336 -1.838222027 0.009139930 -0.030549806 0.999491453 76.676589966
0.999869049 -0.013145397 -0.009436917 0.591684759 0.013421486 0.999465406 0.029814839 -1.826548100 0.009039944 -0.029937590 0.999510884 77.214683533
0.999903500 -0.011889927 -0.007181337 0.589664578 0.012103970 0.999460399 0.030536199 -1.837913513 0.006814387 -0.030620176 0.999507844 77.712493896
0.999916494 -0.011815431 -0.005233744 0.581935167 0.011968777 0.999468923 0.030307183 -1.841148615 0.004872872 -0.030367292 0.999526918 78.277633667
0.999905050 -0.012675856 -0.005405680 0.617580771 0.012832819 0.999465644 0.030064140 -1.841877460 0.005021702 -0.030130655 0.999533296 78.830505371
0.999916315 -0.012315580 -0.003964758 0.619801223 0.012432801 0.999440789 0.031040307 -1.841471910 0.003580261 -0.031087002 0.999510288 79.318740845
0.999926627 -0.012052048 -0.001260299 0.635811150 0.012085166 0.999452055 0.030813053 -1.846672297 0.000888249 -0.030826021 0.999524415 79.861259460
0.999923944 -0.012091266 0.002420251 0.655291557 0.012009519 0.999436736 0.031338762 -1.851952314 -0.002797813 -0.031307314 0.999505877 80.444824219
0.999906421 -0.012717951 0.005045751 0.674034834 0.012556363 0.999444842 0.030858530 -1.815281630 -0.005435408 -0.030792283 0.999511063 80.987922668
0.999879420 -0.012565656 0.009123362 0.685697496 0.012277908 0.999445856 0.030938720 -1.816860437 -0.009507071 -0.030822976 0.999479651 81.457405090
0.999803364 -0.011998664 0.015790796 0.694406211 0.011508566 0.999460161 0.030770183 -1.809768677 -0.016151475 -0.030582400 0.999401748 82.026329041
0.999698937 -0.013190642 0.020683050 0.762315631 0.012553570 0.999451756 0.030634644 -1.798390627 -0.021075802 -0.030365780 0.999316573 82.524604797
0.999547005 -0.013489401 0.026905019 0.771801710 0.012655953 0.999442041 0.030910715 -1.785159588 -0.027306974 -0.030556208 0.999159932 83.116958618
0.999295354 -0.013133442 0.035160501 0.795749664 0.012049137 0.999450564 0.030875005 -1.779326439 -0.035546683 -0.030429596 0.998904645 83.606231689
0.998982131 -0.012759851 0.043264899 0.816286087 0.011415514 0.999448657 0.031178197 -1.799517393 -0.043638881 -0.030652571 0.998576999 84.156364441
0.998644352 -0.011413408 0.050785813 0.857929707 0.009800415 0.999443114 0.031897195 -1.805188894 -0.051121589 -0.031356230 0.998200119 84.706329346
0.998151243 -0.012498624 0.059480194 0.917658329 0.010662278 0.999459684 0.031091113 -1.799300432 -0.059836641 -0.030399438 0.997745156 85.220535278
0.997539997 -0.013357420 0.068816014 0.982137203 0.011269039 0.999466717 0.030646663 -1.784933805 -0.069188669 -0.029795773 0.997158587 85.828018188
0.996910512 -0.014454083 0.077204682 1.049339294 0.012103701 0.999451458 0.030825187 -1.814911127 -0.077607878 -0.029795488 0.996538699 86.359794617
0.996214330 -0.013050939 0.085945055 1.105635166 0.010364918 0.999446034 0.031625189 -1.814008474 -0.086310163 -0.030614650 0.995797932 86.899742126
0.995175719 -0.012786755 0.097272597 1.176057816 0.009778555 0.999460936 0.031339590 -1.803856373 -0.097620912 -0.030237211 0.994764268 87.452117920
0.994169354 -0.013420369 0.106991045 1.257919312 0.010053931 0.999439120 0.031942207 -1.806407452 -0.107359692 -0.030680286 0.993746817 87.996185303
0.993116140 -0.013272096 0.116380207 1.334508896 0.009618340 0.999444723 0.031900607 -1.797269821 -0.116738960 -0.030561619 0.992692292 88.569602966
0.991886616 -0.015388541 0.126190275 1.450428963 0.011517280 0.999441981 0.031350438 -1.795247793 -0.126602292 -0.029642714 0.991510451 89.094772339
0.990101337 -0.013429735 0.139710158 1.491302490 0.009036122 0.999445915 0.032035008 -1.782543421 -0.140062973 -0.030455468 0.989674091 89.769744873
0.988523543 -0.014047991 0.150412142 1.601915359 0.009383126 0.999454081 0.031678818 -1.777973652 -0.150775060 -0.029903922 0.988115668 90.317794800
0.987001240 -0.014036936 0.160098195 1.713419914 0.008952506 0.999433696 0.032435432 -1.779076099 -0.160462826 -0.030580528 0.986568034 90.863365173
0.984851062 -0.014286045 0.172812834 1.826441765 0.008818704 0.999437213 0.032363903 -1.768347025 -0.173177958 -0.030349636 0.984422803 91.429115295
0.982542932 -0.014040940 0.185504988 1.947334290 0.008028069 0.999418914 0.033125024 -1.770742655 -0.185862303 -0.031057516 0.982084870 91.998092651
0.980602145 -0.015347751 0.195406556 2.084196091 0.009215763 0.999437273 0.032251295 -1.755550385 -0.195791572 -0.029824873 0.980191827 92.517250061
0.977928877 -0.014932673 0.208403900 2.219232559 0.008499171 0.999460280 0.031731788 -1.750860691 -0.208765268 -0.029260172 0.977527857 93.067375183
0.974950016 -0.016909905 0.221779972 2.387428284 0.010111403 0.999444604 0.031753991 -1.736648083 -0.222193718 -0.028716052 0.974579632 93.608909607
0.972217202 -0.016115354 0.233525410 2.544218063 0.008498710 0.999399722 0.033585593 -1.776268244 -0.233926445 -0.030667827 0.971770585 94.073799133
0.968985677 -0.014582350 0.246686235 2.689718246 0.006678713 0.999438047 0.032845687 -1.722445726 -0.247026578 -0.030179454 0.968538582 94.800056458
0.965320826 -0.014522685 0.260662198 2.857036591 0.006163776 0.999441087 0.032856893 -1.720765114 -0.260993689 -0.030110776 0.964870811 95.323318481
0.961598992 -0.014363744 0.274082005 3.029384613 0.005681925 0.999457479 0.032443650 -1.702178955 -0.274399281 -0.029640466 0.961158931 95.868530273
0.958638906 -0.016098354 0.284169227 3.236478806 0.007256893 0.999457121 0.032138851 -1.703814745 -0.284532309 -0.028747367 0.958235383 96.407440186
0.954256058 -0.015629767 0.298581421 3.447338104 0.005934578 0.999426186 0.033349995 -1.708048582 -0.298931330 -0.030052483 0.953801334 96.986404419
0.949796677 -0.015686078 0.312474072 3.604188919 0.005377748 0.999413252 0.033823960 -1.711130142 -0.312821358 -0.030445486 0.949323893 97.492034912
0.946141303 -0.016155230 0.323350728 3.821189880 0.005320809 0.999395251 0.034362752 -1.709448338 -0.323710352 -0.030791532 0.945655107 98.009140015
0.941526473 -0.016165368 0.336550951 4.003589630 0.005080550 0.999415994 0.033791184 -1.703252554 -0.336900741 -0.030105434 0.941058755 98.516250610
0.936421335 -0.016694622 0.350480139 4.239128113 0.004992758 0.999400258 0.034265250 -1.705026388 -0.350841999 -0.030336851 0.935943127 99.047256470
0.931975663 -0.017773220 0.362084717 4.461555481 0.005758863 0.999397218 0.034233391 -1.710776091 -0.362474889 -0.029819492 0.931516409 99.606475830
0.927238405 -0.017203886 0.374076217 4.687412262 0.004766248 0.999405444 0.034148686 -1.694655180 -0.374441266 -0.029881034 0.926769018 100.085929871
0.921139002 -0.016931385 0.388865322 4.942110062 0.003866217 0.999402165 0.034356210 -1.675586939 -0.389214516 -0.030143410 0.920653760 100.657653809
0.915476084 -0.016619576 0.402029008 5.185310364 0.003140053 0.999411285 0.034164574 -1.673439264 -0.402360201 -0.030014459 0.914989293 101.154006958
0.911016226 -0.018167432 0.411970049 5.433761597 0.004249486 0.999389529 0.034674842 -1.671001911 -0.412348568 -0.029838674 0.910537422 101.638015747
0.905667782 -0.019730635 0.423528790 5.687644958 0.005668673 0.999390721 0.034436099 -1.662927151 -0.423950225 -0.028786814 0.905227840 102.131553650
0.898696840 -0.019018475 0.438157737 5.926788330 0.004364763 0.999397635 0.034426924 -1.661940575 -0.438548535 -0.029026913 0.898238540 102.632606506
0.893030822 -0.019617070 0.449567854 6.201919556 0.004918483 0.999415159 0.033839699 -1.638006449 -0.449968755 -0.028008701 0.892604947 103.132659912
0.886924386 -0.019262539 0.461512864 6.511386871 0.003582066 0.999386847 0.034828302 -1.640866518 -0.461900800 -0.029236900 0.886449575 103.716583252
0.879355550 -0.018890681 0.475790739 6.794601440 0.002488288 0.999381363 0.035080336 -1.639227390 -0.476159155 -0.029664192 0.878858626 104.205635071
