1.000000000 0.000000000 0.000000000 0.000000000 0.000000000 1.000000000 0.000000000 0.000000000 0.000000000 0.000000000 1.000000000 0.000000000
1.000000000 0.000135284 0.000016712 -0.001214939 -0.000135283 1.000000000 -0.000052830 0.001158618 -0.000016719 0.000052827 1.000000000 0.003595470
1.000000000 0.000093143 0.000018519 -0.000075842 -0.000093143 1.000000000 0.000001508 0.000682487 -0.000018519 -0.000001510 1.000000000 0.003499472
1.000000000 0.000216791 0.000078814 -0.000710979 -0.000216791 1.000000000 -0.000002164 0.000607919 -0.000078815 0.000002147 1.000000000 -0.001553564
1.000000000 0.000091602 0.000000133 0.000744901 -0.000091602 1.000000000 -0.000062861 0.000698271 -0.000000139 0.000062861 1.000000000 -0.000091303
1.000000000 0.000029557 0.000010891 -0.000365407 -0.000029557 1.000000000 0.000020818 0.000404000 -0.000010890 -0.000020819 1.000000000 0.000453290
1.000000000 0.000019601 0.000054692 -0.002119943 -0.000019599 1.000000000 -0.000037268 0.000627707 -0.000054693 0.000037267 1.000000000 0.001394850
1.000000000 0.000041078 0.000048594 -0.000145372 -0.000041080 1.000000000 0.000045026 0.000760118 -0.000048592 -0.000045028 1.000000000 -0.000197844
1.000000000 -0.000037148 0.000053955 -0.001531654 0.000037149 1.000000000 -0.000014981 0.001213637 -0.000053954 0.000014983 1.000000000 0.002627020
1.000000000 0.000139023 0.000095048 -0.001101731 -0.000139020 1.000000000 -0.000030456 0.000408743 -0.000095052 0.000030443 1.000000000 -0.001864324
1.000000000 0.000182157 0.000101426 -0.000607862 -0.000182161 1.000000000 0.000040413 0.000575624 -0.000101419 -0.000040431 1.000000000 -0.001345960
1.000000000 0.000040556 0.000043228 -0.001515561 -0.000040554 1.000000000 -0.000053654 0.001011664 -0.000043231 0.000053652 1.000000000 -0.002300020
1.000000000 0.000086557 0.000098147 -0.001853713 -0.000086559 1.000000000 0.000017206 0.000431022 -0.000098145 -0.000017215 1.000000000 -0.003667313
1.000000000 -0.000093311 0.000055929 -0.001097196 0.000093310 1.000000000 0.000016819 -0.000142573 -0.000055931 -0.000016814 1.000000000 -0.000003977
1.000000000 0.000031279 0.000051583 0.000062524 -0.000031278 1.000000000 -0.000025166 0.000441339 -0.000051584 0.000025164 1.000000000 -0.001567447
1.000000000 -0.000028019 0.000032724 0.000027428 0.000028018 1.000000000 0.000017191 0.000356881 -0.000032725 -0.000017190 1.000000000 -0.001998575
1.000000000 -0.000045771 0.000053110 -0.001659505 0.000045769 1.000000000 0.000040687 -0.000000414 -0.000053112 -0.000040684 1.000000000 -0.002512973
1.000000000 0.000018972 0.000097020 -0.001397951 -0.000018979 1.000000000 0.000071857 -0.000953847 -0.000097019 -0.000071859 1.000000000 -0.004350962
1.000000000 0.000089222 0.000051453 0.000290886 -0.000089224 1.000000000 0.000051885 0.000330242 -0.000051449 -0.000051890 1.000000000 -0.004406331
1.000000000 -0.000119861 -0.000025430 -0.000159472 0.000119861 1.000000000 -0.000006617 0.000063926 0.000025431 0.000006614 1.000000000 -0.005454803
1.000000000 0.000022558 0.000063929 -0.000419003 -0.000022558 1.000000000 -0.000006244 0.000307691 -0.000063929 0.000006242 1.000000000 -0.006518777
1.000000000 -0.000090188 0.000006558 0.000661218 0.000090188 1.000000000 0.000040107 -0.001779820 -0.000006562 -0.000040106 1.000000000 -0.003541296
1.000000000 0.000070003 0.000133028 -0.004892016 -0.000069988 1.000000000 -0.000117206 0.002466767 -0.000133036 0.000117197 1.000000000 0.004008038
1.000000000 -0.000026525 0.000013692 0.000381134 0.000026525 1.000000000 -0.000002085 -0.000032611 -0.000013692 0.000002085 1.000000000 -0.000501860
1.000000000 -0.000062961 0.000065963 -0.001704339 0.000062961 1.000000000 0.000005711 0.001009328 -0.000065963 -0.000005707 1.000000000 0.000218410
1.000000000 -0.000039043 -0.000002532 0.000887794 0.000039043 1.000000000 -0.000007330 0.000726184 0.000002532 0.000007330 1.000000000 -0.002918299
1.000000000 -0.000107901 0.000063718 -0.001996018 0.000107904 1.000000000 -0.000038335 0.001733287 -0.000063714 0.000038342 1.000000000 0.001036852
1.000000000 0.000008639 0.000071797 -0.001374382 -0.000008636 1.000000000 -0.000040244 0.000883702 -0.000071797 0.000040243 1.000000000 -0.002291942
1.000000000 -0.000084005 0.000052477 -0.001557563 0.000084001 1.000000000 0.000072829 -0.000196287 -0.000052483 -0.000072825 1.000000000 0.000177050
1.000000000 -0.000047409 0.000096972 -0.005538494 0.000047415 1.000000000 -0.000062299 0.003465557 -0.000096969 0.000062304 1.000000000 0.001502814
1.000000000 -0.000054793 0.000027298 -0.001737140 0.000054794 1.000000000 -0.000028418 0.000664439 -0.000027296 0.000028420 1.000000000 0.002495005
1.000000000 -0.000078619 0.000107902 -0.004236500 0.000078615 1.000000000 0.000041656 0.000261157 -0.000107906 -0.000041647 1.000000000 0.003093731
1.000000000 -0.000161307 -0.000013745 -0.002998783 0.000161306 1.000000000 -0.000055337 0.001496313 0.000013754 0.000055334 1.000000000 0.000522456
1.000000000 -0.000023029 0.000043871 -0.001445805 0.000023028 1.000000000 0.000019109 -0.000721707 -0.000043871 -0.000019108 1.000000000 -0.002543241
1.000000000 0.000181755 0.000143138 -0.003682608 -0.000181747 1.000000000 -0.000056471 0.001145765 -0.000143148 0.000056445 1.000000000 0.000315755
1.000000000 -0.000081704 0.000011682 -0.000781885 0.000081703 1.000000000 0.000029365 0.000422027 -0.000011684 -0.000029364 1.000000000 -0.001643330
1.000000000 -0.000028396 0.000079846 -0.005064509 0.000028401 1.000000000 -0.000071577 0.002502888 -0.000079844 0.000071579 1.000000000 0.000860962
1.000000000 -0.000110894 -0.000023914 -0.000018639 0.000110893 1.000000000 -0.000070338 0.000320004 0.000023921 0.000070335 1.000000000 -0.002732157
1.000000000 -0.000072782 0.000061391 -0.001696740 0.000072780 1.000000000 0.000028709 -0.000045669 -0.000061393 -0.000028705 1.000000000 0.000033845
1.000000000 -0.000030513 0.000003532 0.000285128 0.000030513 1.000000000 0.000021021 0.000817894 -0.000003533 -0.000021020 1.000000000 -0.002578842
1.000000000 -0.000195862 -0.000039693 0.000975276 0.000195863 1.000000000 0.000025694 -0.000632356 0.000039688 -0.000025701 1.000000000 -0.000337780
1.000000000 -0.000064084 0.000081616 0.002707625 0.000064123 0.999999881 -0.000486414 -0.005128674 -0.000081585 0.000486419 0.999999881 0.048572909
1.000000000 -0.000087243 0.000105081 0.003704748 0.000087367 0.999999285 -0.001184045 -0.003579502 -0.000104977 0.001184054 0.999999285 0.146045819
1.000000000 -0.000062404 -0.000017076 0.005576442 0.000062380 0.999999046 -0.001396341 -0.011323233 0.000017163 0.001396340 0.999999046 0.260180473
1.000000000 0.000077694 0.000156319 0.004382113 -0.000077493 0.999999166 -0.001289895 -0.015710514 -0.000156419 0.001289883 0.999999166 0.389758587
1.000000000 0.000086285 -0.000004605 0.007941883 -0.000086290 0.999999523 -0.000969070 -0.023384025 0.000004521 0.000969070 0.999999523 0.533844352
1.000000000 0.000185187 -0.000091013 0.013346392 -0.000185268 0.999999523 -0.000883756 -0.027822122 0.000090849 0.000883773 0.999999523 0.689448655
1.000000000 0.000093278 -0.000133750 0.022104388 -0.000093368 0.999999702 -0.000670973 -0.034118716 0.000133687 0.000670986 0.999999702 0.853928983
0.999999940 -0.000203800 -0.000218807 0.008988462 0.000203797 1.000000000 -0.000015180 -0.043497831 0.000218810 0.000015136 1.000000000 1.006722450
1.000000000 -0.000059511 -0.000052644 0.011714464 0.000059511 1.000000000 -0.000005871 -0.050135214 0.000052645 0.000005868 1.000000000 1.177930117
1.000000000 -0.000159248 0.000157221 0.013879254 0.000159157 0.999999762 0.000577629 -0.062019829 -0.000157313 -0.000577604 0.999999762 1.376795292
1.000000000 0.000116604 -0.000026884 0.020932971 -0.000116583 0.999999642 0.000751086 -0.069485873 0.000026971 -0.000751083 0.999999702 1.572482347
1.000000000 0.000336011 0.000087773 0.025772875 -0.000336060 0.999999762 0.000558504 -0.072691090 -0.000087586 -0.000558533 0.999999762 1.771947026
1.000000000 0.000145801 -0.000144870 0.032154929 -0.000145661 0.999999523 0.000964402 -0.081944145 0.000145010 -0.000964381 0.999999523 1.982557297
0.999999702 0.000586182 0.000280556 0.024928465 -0.000586517 0.999999106 0.001197914 -0.092563994 -0.000279854 -0.001198078 0.999999225 2.196533680
0.999999523 0.000897262 0.000392799 0.032969907 -0.000897669 0.999999046 0.001036491 -0.095334060 -0.000391869 -0.001036844 0.999999404 2.415278673
0.999999881 0.000253995 0.000337964 0.040843330 -0.000254460 0.999998987 0.001375813 -0.104623333 -0.000337614 -0.001375899 0.999998987 2.639407396
0.999999821 -0.000314279 0.000436764 0.046743099 0.000313673 0.999998987 0.001385531 -0.109451018 -0.000437199 -0.001385394 0.999998927 2.876851797
0.999999762 -0.000468231 0.000574533 0.047656097 0.000467353 0.999998689 0.001528185 -0.115539864 -0.000575247 -0.001527916 0.999998689 3.118875265
0.999999762 0.000420880 0.000400723 0.055187400 -0.000421399 0.999999046 0.001295478 -0.126795694 -0.000400178 -0.001295647 0.999999106 3.357417107
0.999999821 0.000448030 0.000393940 0.056862336 -0.000448630 0.999998748 0.001524417 -0.136765718 -0.000393256 -0.001524593 0.999998748 3.598353624
0.999999881 0.000371763 0.000295827 0.066434138 -0.000372247 0.999998510 0.001638452 -0.143233269 -0.000295218 -0.001638562 0.999998629 3.865309000
0.999999821 0.000400084 0.000489140 0.068839058 -0.000400927 0.999998450 0.001726139 -0.150592327 -0.000488448 -0.001726335 0.999998331 4.118278027
0.999999821 0.000489201 0.000397075 0.075856678 -0.000489982 0.999997914 0.001968618 -0.160040826 -0.000396112 -0.001968812 0.999997973 4.370742321
0.999999702 0.000669481 0.000360520 0.082487017 -0.000670138 0.999998093 0.001826499 -0.165124044 -0.000359296 -0.001826740 0.999998271 4.632602692
0.999999762 0.000135592 0.000574811 0.088333055 -0.000136745 0.999997973 0.002006071 -0.172056273 -0.000574537 -0.002006150 0.999997795 4.884346008
0.999999821 0.000382848 0.000422426 0.094788574 -0.000383762 0.999997675 0.002164359 -0.182900861 -0.000421596 -0.002164521 0.999997497 5.134065151
0.999999821 0.000353058 0.000513434 0.101826854 -0.000354115 0.999997735 0.002060881 -0.192245245 -0.000512706 -0.002061062 0.999997735 5.402717590
0.999999821 -0.000101335 0.000435818 0.101448655 0.000100317 0.999997258 0.002334946 -0.207627252 -0.000436054 -0.002334902 0.999997139 5.668897629
1.000000000 0.000339290 0.000425186 0.115058973 -0.000340149 0.999998033 0.002022902 -0.214948267 -0.000424499 -0.002023046 0.999997854 5.944933414
0.999999881 -0.000014142 0.000598549 0.119462125 0.000012841 0.999997675 0.002172976 -0.221929803 -0.000598578 -0.002172968 0.999997497 6.212525368
0.999999106 0.001205088 0.000588317 0.121994950 -0.001206386 0.999996841 0.002210703 -0.234330595 -0.000585651 -0.002211410 0.999997318 6.504529953
0.999998927 0.001317363 0.000680114 0.127022400 -0.001318919 0.999996543 0.002293877 -0.247893482 -0.000677090 -0.002294771 0.999997139 6.780336857
0.999998808 0.001314068 0.000843517 0.129261568 -0.001315932 0.999996722 0.002212307 -0.250714511 -0.000840607 -0.002213414 0.999997139 7.081725597
0.999999881 -0.000086107 0.000377538 0.140445992 0.000085344 0.999997973 0.002019262 -0.253261268 -0.000377711 -0.002019230 0.999997854 7.374816418
1.000000000 -0.000099817 0.000265015 0.147570714 0.000099277 0.999997914 0.002037960 -0.263887912 -0.000265218 -0.002037934 0.999997914 7.678081512
0.999999821 0.000325250 0.000547552 0.152083129 -0.000326603 0.999996901 0.002472770 -0.271593034 -0.000546746 -0.002472949 0.999996781 7.997022152
1.000000000 0.000414971 0.000230884 0.166548535 -0.000415602 0.999996126 0.002740081 -0.285725981 -0.000229746 -0.002740177 0.999996245 8.301329613
0.999999940 0.000143298 0.000267770 0.178230181 -0.000143970 0.999996841 0.002512114 -0.291498601 -0.000267409 -0.002512152 0.999996722 8.643135071
0.999999881 -0.000080927 0.000459565 0.183487669 0.000079766 0.999996781 0.002527107 -0.300406545 -0.000459768 -0.002527070 0.999996662 8.977355957
0.999999702 -0.000327708 0.000702622 0.188296974 0.000325797 0.999996245 0.002718885 -0.308942378 -0.000703511 -0.002718656 0.999996006 9.316952705
0.999999702 -0.000127211 0.000731714 0.180151567 0.000125504 0.999997199 0.002332694 -0.328697592 -0.000732009 -0.002332602 0.999997020 9.681052208
0.999999702 0.000006427 0.000755176 0.188210756 -0.000008461 0.999996305 0.002693633 -0.341857195 -0.000755156 -0.002693639 0.999996126 10.022420883
0.999999881 -0.000453781 0.000229271 0.206735685 0.000453197 0.999996662 0.002539784 -0.349777758 -0.000230423 -0.002539680 0.999996722 10.373510361
0.999999881 -0.000503111 0.000233952 0.216871038 0.000502475 0.999996245 0.002708784 -0.361142963 -0.000235314 -0.002708666 0.999996305 10.734189034
0.999999881 -0.000215902 0.000393632 0.213221163 0.000214898 0.999996722 0.002549304 -0.375150234 -0.000394181 -0.002549220 0.999996662 11.130148888
0.999999762 -0.000498887 0.000510829 0.228366554 0.000497559 0.999996483 0.002594834 -0.389748394 -0.000512122 -0.002594579 0.999996483 11.486875534
0.999999821 -0.000458007 0.000356323 0.238747880 0.000457021 0.999996066 0.002760268 -0.397742122 -0.000357586 -0.002760104 0.999996126 11.873726845
0.999999642 0.000420397 0.000627938 0.241752341 -0.000421983 0.999996722 0.002528596 -0.401203573 -0.000626873 -0.002528861 0.999996603 12.247569084
0.999999702 -0.000227511 0.000766385 0.253553778 0.000225153 0.999995291 0.003075985 -0.417421520 -0.000767081 -0.003075811 0.999994993 12.640294075
0.999999344 0.000459579 0.000969404 0.260224789 -0.000462441 0.999995470 0.002954287 -0.426301271 -0.000968042 -0.002954733 0.999995172 13.005871773
0.999999702 0.000007039 0.000762082 0.265971363 -0.000009482 0.999994874 0.003204996 -0.448612064 -0.000762056 -0.003205003 0.999994576 13.434297562
0.999999166 0.000586439 0.001171133 0.277186662 -0.000589687 0.999996006 0.002775085 -0.438441426 -0.001169501 -0.002775774 0.999995470 13.846931458
0.999998450 0.000391043 0.001739404 0.269682586 -0.000397105 0.999993861 0.003486371 -0.474986702 -0.001738030 -0.003487056 0.999992430 14.267761230
0.999999285 -0.000148149 0.001160020 0.292142659 0.000144558 0.999995172 0.003095089 -0.475046009 -0.001160473 -0.003094920 0.999994457 14.704574585
0.999999464 -0.000149216 0.001075380 0.305883110 0.000145579 0.999994218 0.003382062 -0.490224063 -0.001075878 -0.003381903 0.999993622 15.109232903
0.999998093 0.000128865 0.001978701 0.310390055 -0.000135422 0.999994516 0.003314169 -0.493910551 -0.001978262 -0.003314430 0.999992549 15.549213409
0.999998629 0.000011532 0.001657299 0.342491865 -0.000016231 0.999995947 0.002835292 -0.512842774 -0.001657259 -0.002835315 0.999994636 16.001781464
0.999998271 0.000102953 0.001856040 0.353928536 -0.000108962 0.999994755 0.003237997 -0.529461384 -0.001855697 -0.003238193 0.999993026 16.438404083
0.999997556 0.000353765 0.002181494 0.362819672 -0.000360962 0.999994516 0.003299372 -0.540387154 -0.002180315 -0.003300152 0.999992192 16.883783340
0.999996722 0.000373314 0.002526262 0.374339253 -0.000383053 0.999992490 0.003855929 -0.560074091 -0.002524803 -0.003856885 0.999989390 17.344264984
0.999995410 0.000380380 0.003013198 0.380752951 -0.000391582 0.999992967 0.003717735 -0.569156468 -0.003011763 -0.003718898 0.999988556 17.805944443
0.999994755 -0.000067971 0.003242810 0.393925518 0.000056375 0.999993563 0.003575886 -0.581341982 -0.003243032 -0.003575684 0.999988317 18.274948120
0.999992192 0.000720478 0.003881707 0.397859186 -0.000735324 0.999992430 0.003824580 -0.589767039 -0.003878922 -0.003827404 0.999985158 18.758911133
0.999991894 0.000514010 0.003992864 0.411580652 -0.000528865 0.999992907 0.003720058 -0.605970740 -0.003990924 -0.003722140 0.999985099 19.211776733
0.999995232 0.000242867 0.003086618 0.439818084 -0.000253975 0.999993443 0.003598875 -0.621218324 -0.003085724 -0.003599642 0.999988735 19.705900192
0.999993026 0.001085513 0.003582758 0.443469644 -0.001100352 0.999990761 0.004142315 -0.636355579 -0.003578228 -0.004146229 0.999984920 20.189189911
0.999994814 -0.000314984 0.003203376 0.476205111 0.000301780 0.999991477 0.004121379 -0.654177845 -0.003204647 -0.004120391 0.999986351 20.669475555
0.999996126 -0.000651603 0.002694104 0.487379640 0.000640552 0.999991417 0.004100672 -0.665679753 -0.002696753 -0.004098931 0.999987960 21.164651871
0.999997675 -0.000040990 0.002202942 0.504501522 0.000030248 0.999988139 0.004875981 -0.696780205 -0.002203117 -0.004875902 0.999985695 21.647663116
0.999998212 -0.001117800 0.001504293 0.524960995 0.001111205 0.999989808 0.004377359 -0.702264071 -0.001509171 -0.004375680 0.999989212 22.170698166
0.999998808 -0.000577121 0.001448191 0.534017265 0.000570144 0.999988317 0.004813295 -0.723305583 -0.001450952 -0.004812463 0.999987423 22.638549805
0.999995708 0.001363411 0.002577956 0.520514011 -0.001374498 0.999989927 0.004303678 -0.734933972 -0.002572062 -0.004307203 0.999987423 23.107475281
0.999999702 0.000098994 0.000763783 0.545716166 -0.000101545 0.999994457 0.003341554 -0.729140639 -0.000763447 -0.003341630 0.999994218 23.727972031
0.999999344 -0.001046545 0.000195543 0.545243263 0.001045758 0.999991536 0.003982137 -0.766373158 -0.000199709 -0.003981931 0.999992013 24.185918808
1.000000000 0.000196926 0.000047043 0.550512254 -0.000197133 0.999990106 0.004445237 -0.777695477 -0.000046167 -0.004445245 0.999990106 24.715637207
0.999999881 0.000170321 -0.000450130 0.559695721 -0.000168314 0.999990046 0.004453895 -0.789187312 0.000450885 -0.004453819 0.999989986 25.233900070
0.999999106 -0.000043226 -0.001337105 0.568029523 0.000049642 0.999988496 0.004798394 -0.802523553 0.001336882 -0.004798456 0.999987602 25.763381958
0.999998808 0.000726283 -0.001354612 0.577530563 -0.000719828 0.999988437 0.004759671 -0.821549058 0.001358053 -0.004758690 0.999987721 26.281221390
0.999998510 0.000058281 -0.001673986 0.589895189 -0.000049616 0.999986589 0.005175672 -0.827344418 0.001674266 -0.005175582 0.999985218 26.838735580
0.999998033 0.000132052 -0.002028956 0.600076497 -0.000120898 0.999984801 0.005496663 -0.846992373 0.002029651 -0.005496406 0.999982834 27.365404129
0.999997318 0.000636713 -0.002237600 0.612695515 -0.000625489 0.999987364 0.005013053 -0.863643646 0.002240763 -0.005011640 0.999984920 27.896728516
0.999995053 0.000375620 -0.003114683 0.629504561 -0.000358390 0.999984622 0.005530542 -0.881374896 0.003116713 -0.005529398 0.999979854 28.420555115
0.999994993 0.000204961 -0.003166772 0.640729308 -0.000187303 0.999984443 0.005575211 -0.893287003 0.003167865 -0.005574590 0.999979436 28.958320618
0.999992430 -0.000024869 -0.003902791 0.651552975 0.000044671 0.999987185 0.005073902 -0.902761579 0.003902615 -0.005074038 0.999979496 29.506731033
0.999992073 0.000822292 -0.003883343 0.656093776 -0.000799344 0.999982238 0.005907235 -0.924583375 0.003888131 -0.005904085 0.999975026 30.015947342
0.999991477 0.000389617 -0.004110186 0.667304397 -0.000365077 0.999982119 0.005969658 -0.939901590 0.004112440 -0.005968106 0.999973714 30.551391602
0.999991417 0.001306671 -0.003928348 0.675988734 -0.001285617 0.999984801 0.005357059 -0.949498653 0.003935289 -0.005351963 0.999977887 31.091087341
0.999989748 0.000918008 -0.004432137 0.692310035 -0.000891527 0.999981761 0.005972879 -0.973500371 0.004437539 -0.005968866 0.999972343 31.607551575
0.999988556 0.000642977 -0.004726419 0.708752513 -0.000614436 0.999981582 0.006037682 -0.985838592 0.004730214 -0.006034710 0.999970615 32.150856018
0.999986649 0.001282103 -0.004990490 0.698843896 -0.001255001 0.999984443 0.005430138 -0.986082375 0.004997374 -0.005423803 0.999972820 32.662227631
0.999987364 0.000429843 -0.005024744 0.698856592 -0.000397754 0.999979556 0.006385482 -1.014568329 0.005027385 -0.006383402 0.999967039 33.176151276
0.999986529 0.001022793 -0.005072486 0.694163740 -0.000995971 0.999985516 0.005287353 -1.009383678 0.005077819 -0.005282230 0.999973178 33.711547852
0.999986887 0.001710405 -0.004818470 0.692058742 -0.001683697 0.999983191 0.005541443 -1.029787302 0.004827867 -0.005533258 0.999973059 34.254596710
0.999989212 0.001434962 -0.004390940 0.686327577 -0.001412394 0.999985814 0.005138718 -1.030583262 0.004398250 -0.005132461 0.999977171 34.770175934
0.999983788 0.000853524 -0.005631496 0.715355635 -0.000820747 0.999982715 0.005820140 -1.071881413 0.005636366 -0.005815424 0.999967217 35.239025116
0.999983311 0.000690738 -0.005753420 0.722648263 -0.000657553 0.999983132 0.005767626 -1.089574099 0.005757307 -0.005763747 0.999966741 35.770069122
0.999982417 0.001141136 -0.005820497 0.736591697 -0.001109137 0.999984264 0.005497933 -1.103856325 0.005826680 -0.005491381 0.999967933 36.313697815
0.999980748 0.001583301 -0.006009658 0.747425437 -0.001551509 0.999984741 0.005291297 -1.113661289 0.006017944 -0.005281870 0.999967873 36.832950592
0.999978304 0.000832585 -0.006534659 0.759133816 -0.000793271 0.999981523 0.006016558 -1.122881889 0.006539548 -0.006011243 0.999960482 37.249931335
0.999982417 0.000626783 -0.005901758 0.750838041 -0.000591387 0.999981761 0.005997244 -1.135560274 0.005905411 -0.005993648 0.999964535 37.822956085
0.999981284 0.001041085 -0.006038458 0.750674725 -0.001008123 0.999984562 0.005459117 -1.114148021 0.006044048 -0.005452927 0.999966860 38.358108521
0.999983370 0.000495421 -0.005754537 0.739337742 -0.000458658 0.999979436 0.006387949 -1.179125428 0.005757584 -0.006385203 0.999962986 38.833003998
0.999978065 0.000024118 -0.006624658 0.769381404 0.000020677 0.999977112 0.006761652 -1.188298702 0.006624670 -0.006761639 0.999955177 39.355548859
0.999984562 -0.000429360 -0.005538682 0.724551678 0.000466787 0.999976993 0.006757865 -1.186733365 0.005535654 -0.006760345 0.999961793 39.794059753
0.999976218 0.000077606 -0.006894044 0.793270409 -0.000032468 0.999978483 0.006547129 -1.211471796 0.006894404 -0.006546750 0.999954820 40.394317627
0.999974847 -0.000099036 -0.007090830 0.793760896 0.000145721 0.999978304 0.006583725 -1.222400427 0.007090025 -0.006584594 0.999953151 40.922874451
0.999971867 -0.000192153 -0.007493004 0.800940871 0.000238769 0.999980569 0.006220798 -1.229117751 0.007491664 -0.006222412 0.999952555 41.459636688
0.999975562 0.000599970 -0.006957519 0.814462900 -0.000556976 0.999980748 0.006179750 -1.240313053 0.006961092 -0.006175724 0.999956727 41.951442719
0.999975502 0.000558890 -0.006978315 0.818029165 -0.000513556 0.999978781 0.006496508 -1.258591890 0.006981798 -0.006492766 0.999954522 42.481143951
0.999975920 0.000957524 -0.006869844 0.821885347 -0.000916969 0.999982297 0.005904036 -1.265115261 0.006875371 -0.005897595 0.999958992 43.008537292
0.999974191 0.000052525 -0.007183786 0.833476722 -0.000007104 0.999980032 0.006322591 -1.281567097 0.007183973 -0.006322376 0.999954164 43.525207520
0.999975622 0.001002359 -0.006907510 0.832585812 -0.000961072 0.999981642 0.005977747 -1.290832281 0.006913377 -0.005970964 0.999958277 44.043415070
0.999974728 0.000740279 -0.007071495 0.841312766 -0.000697267 0.999981284 0.006083011 -1.303679109 0.007075865 -0.006077926 0.999956489 44.573932648
0.999974310 0.000966200 -0.007101511 0.845183492 -0.000923677 0.999981582 0.005988702 -1.317167282 0.007107166 -0.005981988 0.999956787 45.097171783
0.999974251 0.001174791 -0.007077080 0.852276266 -0.001133474 0.999982238 0.005839324 -1.327985764 0.007083814 -0.005831151 0.999957919 45.617324829
0.999974191 0.001830302 -0.006953502 0.864593387 -0.001790643 0.999982119 0.005705430 -1.345301747 0.006963820 -0.005692832 0.999959528 46.148723602
0.999974072 0.001028721 -0.007123211 0.859466612 -0.000986495 0.999981940 0.005928966 -1.349391103 0.007129182 -0.005921785 0.999957025 46.638320923
0.999975622 0.001776429 -0.006753083 0.884024024 -0.001736337 0.999980807 0.005938023 -1.363631010 0.006763502 -0.005926153 0.999959588 47.222206116
0.999974191 0.001195290 -0.007085539 0.878007114 -0.001151915 0.999980509 0.006122466 -1.375941038 0.007092720 -0.006114145 0.999956131 47.670013428
0.999972522 0.000964370 -0.007367914 0.893802702 -0.000919778 0.999981225 0.006053192 -1.390494347 0.007373614 -0.006046247 0.999954522 48.179851532
0.999972045 0.001055566 -0.007405609 0.902151048 -0.001010428 0.999980927 0.006096135 -1.403020144 0.007411904 -0.006088482 0.999953985 48.702465057
0.999972522 0.001006486 -0.007344575 0.901124239 -0.000963430 0.999982357 0.005863565 -1.412253022 0.007350347 -0.005856329 0.999955773 49.208110809
0.999973297 0.001184937 -0.007225139 0.905990183 -0.001141621 0.999981344 0.005996406 -1.429196358 0.007232109 -0.005987996 0.999955893 49.723979950
0.999972343 0.001358724 -0.007307630 0.914473176 -0.001317069 0.999982893 0.005702064 -1.435397983 0.007315252 -0.005692283 0.999956965 50.226337433
0.999974132 0.001361350 -0.007063348 0.912167668 -0.001318310 0.999980509 0.006094499 -1.448952675 0.007071509 -0.006085029 0.999956429 50.739185333
0.999972761 0.001827848 -0.007154896 0.921063900 -0.001784367 0.999979913 0.006078683 -1.460399151 0.007165862 -0.006065750 0.999955893 51.247154236
0.999974251 0.001536388 -0.007003590 0.934237123 -0.001494420 0.999980867 0.005993637 -1.470127344 0.007012665 -0.005983017 0.999957442 51.764915466
0.999973595 0.000838371 -0.007223099 0.939763308 -0.000796792 0.999983013 0.005757379 -1.483703971 0.007227806 -0.005751472 0.999957263 52.311847687
0.999979794 0.001419671 -0.006195807 0.937452316 -0.001380312 0.999978840 0.006352183 -1.502692580 0.006204694 -0.006343502 0.999960601 52.844123840
0.999980390 0.002368598 -0.005807561 0.905151010 -0.002329016 0.999974072 0.006812886 -1.521462917 0.005823547 -0.006799226 0.999959946 53.316444397
0.999978006 0.002337606 -0.006206464 0.957261324 -0.002299007 0.999978006 0.006218813 -1.533043146 0.006220864 -0.006204407 0.999961376 53.727527618
0.999977469 0.003593455 -0.005677541 0.942854166 -0.003562672 0.999978960 0.005422708 -1.519891262 0.005696908 -0.005402359 0.999969125 54.446163177
0.999975026 0.002010674 -0.006775424 0.969873786 -0.001970202 0.999980211 0.005974772 -1.558020353 0.006787304 -0.005961273 0.999959111 54.818435669
0.999974966 0.002370166 -0.006668197 1.002880335 -0.002334085 0.999982595 0.005413568 -1.553871155 0.006680911 -0.005397867 0.999963045 55.316749573
0.999976993 0.002502714 -0.006302629 0.991757214 -0.002460554 0.999974549 0.006688145 -1.592177987 0.006319208 -0.006672483 0.999957800 55.693447113
0.999970913 0.003314634 -0.006867480 1.007992506 -0.003276320 0.999979079 0.005582686 -1.573773265 0.006885841 -0.005560024 0.999960840 56.401473999
0.999978244 0.002458191 -0.006118561 0.994770885 -0.002417706 0.999975145 0.006615417 -1.617781520 0.006134670 -0.006600479 0.999959350 56.699024200
0.999978483 0.002048813 -0.006220910 1.005574822 -0.002006735 0.999975145 0.006762549 -1.632284999 0.006234610 -0.006749920 0.999957740 57.208572388
0.999976993 0.002203475 -0.006415857 1.016345620 -0.002159481 0.999974191 0.006855828 -1.645904660 0.006430799 -0.006841815 0.999955893 57.714523315
0.999978662 0.001975485 -0.006213818 1.025853753 -0.001931741 0.999973357 0.007037923 -1.662268281 0.006227558 -0.007025770 0.999955952 58.214637756
0.999977291 0.001847925 -0.006485279 1.031234741 -0.001803817 0.999975264 0.006800602 -1.669360399 0.006497686 -0.006788749 0.999955833 58.756294250
0.999977767 0.002081875 -0.006335159 1.041690111 -0.002038962 0.999975026 0.006772742 -1.684904575 0.006349100 -0.006759675 0.999957025 59.308258057
0.999977589 0.002116164 -0.006349717 1.058950663 -0.002071186 0.999972880 0.007081636 -1.699378371 0.006364531 -0.007068326 0.999954760 59.835002899
0.999978006 0.002038967 -0.006306617 1.078878164 -0.001993719 0.999972343 0.007172674 -1.717189431 0.006321066 -0.007159944 0.999954343 60.354824066
0.999978662 0.002195461 -0.006152598 1.079282403 -0.002153438 0.999974430 0.006828418 -1.728144646 0.006167431 -0.006815023 0.999957740 60.889171600
0.999972522 0.002613076 -0.006918881 1.135885477 -0.002561135 0.999968529 0.007505497 -1.727002978 0.006938277 -0.007487572 0.999947906 61.360641479
0.999974430 0.003258999 -0.006350460 1.137807608 -0.003210072 0.999965250 0.007699379 -1.798915505 0.006375331 -0.007678797 0.999950171 61.925788879
0.999969840 0.002297508 -0.007410278 1.225585341 -0.002239288 0.999966681 0.007855514 -1.761521220 0.007428078 -0.007838683 0.999941707 62.349910736
0.999967694 0.003280998 -0.007335532 1.316141486 -0.003220553 0.999960899 0.008236689 -1.756384611 0.007362271 -0.008212799 0.999939203 62.738105774
0.999969780 0.002592517 -0.007332928 1.290320039 -0.002539395 0.999970615 0.007244512 -1.715925694 0.007351494 -0.007225672 0.999946892 63.197463989
0.999970496 0.003248062 -0.006978087 1.192859292 -0.003186774 0.999956429 0.008776169 -1.800625324 0.007006289 -0.008753671 0.999937177 63.832115173
0.999971747 0.002632677 -0.007043371 1.233652234 -0.002581346 0.999970078 0.007287005 -1.826547623 0.007062343 -0.007268618 0.999948621 64.192329407
0.999973357 0.002877294 -0.006714929 1.240136147 -0.002831081 0.999972284 0.006881397 -1.832255125 0.006734542 -0.006862203 0.999953747 64.745101929
0.999973357 0.003898572 -0.006183760 1.236769199 -0.003857372 0.999970317 0.006660585 -1.841366529 0.006209544 -0.006636554 0.999958634 65.306335449
0.999972224 0.003589155 -0.006536522 1.250778198 -0.003539833 0.999965310 0.007541908 -1.878815293 0.006563365 -0.007518560 0.999950111 65.739036560
0.999971211 0.005613218 -0.005114498 1.226378798 -0.005577307 0.999959886 0.007008932 -1.887284279 0.005153634 -0.006980204 0.999962330 66.410743713
0.999971390 0.004433235 -0.006126871 1.255527616 -0.004386277 0.999961078 0.007656447 -1.909709454 0.006160575 -0.007629354 0.999951899 66.804779053
0.999971747 0.003881859 -0.006424249 1.272657514 -0.003832997 0.999963760 0.007600697 -1.926066637 0.006453522 -0.007575858 0.999950469 67.339157104
0.999973536 0.004160279 -0.005969870 1.272807240 -0.004115508 0.999963403 0.007492426 -1.929241896 0.006000821 -0.007467659 0.999954104 67.861831665
0.999971747 0.005362547 -0.005261316 1.268620968 -0.005323924 0.999958992 0.007327789 -1.932828784 0.005300396 -0.007299571 0.999959290 68.449203491
0.999973834 0.003585769 -0.006281533 1.305234075 -0.003539131 0.999966323 0.007419925 -1.964750648 0.006307926 -0.007397501 0.999952734 68.918525696
0.999974251 0.004062003 -0.005906643 1.311063051 -0.004016744 0.999962568 0.007654170 -1.983887911 0.005937513 -0.007630249 0.999953270 69.436019897
0.999973178 0.004396105 -0.005855715 1.319885731 -0.004352684 0.999963045 0.007407456 -1.998474836 0.005888063 -0.007381768 0.999955416 69.971397400
0.999971926 0.004760524 -0.005783244 1.330746889 -0.004716052 0.999959409 0.007679224 -2.015854597 0.005819567 -0.007651733 0.999953747 70.521018982
0.999972701 0.004738186 -0.005673257 1.335941195 -0.004695956 0.999961317 0.007434083 -2.024709940 0.005708261 -0.007407238 0.999956250 71.038200378
0.999973118 0.004868380 -0.005476046 1.341932893 -0.004826984 0.999959886 0.007547262 -2.037332058 0.005512569 -0.007520627 0.999956489 71.575927734
0.999973238 0.005066779 -0.005297638 1.351712108 -0.005026813 0.999959052 0.007530334 -2.050591707 0.005335575 -0.007503501 0.999957681 72.148078918
0.999974489 0.005013096 -0.005083404 1.349812031 -0.004974506 0.999958873 0.007575617 -2.063754797 0.005121173 -0.007550137 0.999958336 72.658935547
0.999974906 0.004707534 -0.005298534 1.368011475 -0.004666710 0.999959469 0.007690933 -2.078623295 0.005334525 -0.007666013 0.999956369 73.177536011
0.999973774 0.005216202 -0.005036479 1.384275913 -0.005178475 0.999958634 0.007474993 -2.088349819 0.005075262 -0.007448716 0.999959409 73.709922791
0.999974847 0.004295890 -0.005647530 1.404084802 -0.004252912 0.999962091 0.007600076 -2.106743336 0.005679965 -0.007575866 0.999955177 74.221595764
0.999972641 0.004946908 -0.005496464 1.426717401 -0.004904255 0.999957919 0.007746541 -2.119504690 0.005534554 -0.007719373 0.999954879 74.824501038
0.999968290 0.005538805 -0.005726417 1.435102582 -0.005493680 0.999953985 0.007866252 -2.137130737 0.005769724 -0.007834543 0.999952674 75.204841614
0.999969423 0.005728215 -0.005317141 1.451119065 -0.005686575 0.999953330 0.007813677 -2.154804945 0.005361650 -0.007783202 0.999955297 75.725914001
0.999969542 0.005743685 -0.005279775 1.464851856 -0.005700387 0.999950290 0.008179676 -2.167994738 0.005326494 -0.008149331 0.999952614 76.229690552
0.999967217 0.006018909 -0.005401283 1.472674727 -0.005975088 0.999949336 0.008092653 -2.182619810 0.005449717 -0.008060114 0.999952674 76.750236511
0.999967873 0.006173105 -0.005115652 1.482847810 -0.006133404 0.999951184 0.007740293 -2.189044237 0.005163183 -0.007708669 0.999956906 77.295341492
0.999975741 0.005576857 -0.004162658 1.503388405 -0.005544449 0.999954522 0.007756809 -2.204245806 0.004205726 -0.007733542 0.999961197 77.812263489
0.999978542 0.006108998 -0.002359139 1.515334487 -0.006090261 0.999950469 0.007869845 -2.222908735 0.002407099 -0.007855309 0.999966204 78.349876404
0.999979377 0.006309923 -0.001176257 1.532846332 -0.006300543 0.999949634 0.007816074 -2.242399216 0.001225516 -0.007808502 0.999968767 78.871498108
0.999981940 0.006007779 -0.000217365 1.538136244 -0.006005832 0.999949396 0.008067966 -2.252741814 0.000265824 -0.008066515 0.999967456 79.416343689
0.999970138 0.006844205 0.003588793 1.544218898 -0.006873379 0.999942839 0.008180762 -2.269393682 -0.003532598 -0.008205183 0.999960124 79.953880310
0.999956965 0.006631355 0.006487745 1.586690187 -0.006685507 0.999942720 0.008361205 -2.285926104 -0.006431928 -0.008404217 0.999943972 80.482704163
0.999935806 0.006290258 0.009421062 1.605947137 -0.006367034 0.999946594 0.008141961 -2.298574924 -0.009369344 -0.008201424 0.999922395 81.006248474
0.999883711 0.006760772 0.013671154 1.631217718 -0.006868938 0.999945402 0.007880552 -2.311529398 -0.013617130 -0.007973542 0.999875486 81.549049377
0.999783337 0.007513960 0.019410357 1.682535529 -0.007676227 0.999936104 0.008298940 -2.331328869 -0.019346755 -0.008446140 0.999777079 82.078208923
0.999668479 0.006074307 0.025020301 1.709194899 -0.006268983 0.999950647 0.007709667 -2.317766190 -0.024972234 -0.007863963 0.999657154 82.591949463
0.999471366 0.006743612 0.031807415 1.706120968 -0.007013187 0.999940395 0.008371286 -2.354119778 -0.031749066 -0.008589934 0.999458969 83.292236328
0.999153495 0.007960679 0.040357959 1.720895290 -0.008279794 0.999935746 0.007746113 -2.341389179 -0.040293694 -0.008073710 0.999155223 83.797882080
0.998815417 0.006878036 0.048171118 1.797755957 -0.007300322 0.999936342 0.008595938 -2.392979145 -0.048108924 -0.008937419 0.998802245 84.383262634
0.998459220 0.006632417 0.055093143 1.851690531 -0.007114755 0.999938011 0.008563402 -2.406128168 -0.055032928 -0.008942180 0.998444438 84.933883667
0.997919142 0.006493724 0.064148806 1.908801556 -0.007048939 0.999939620 0.008432609 -2.418233395 -0.064090170 -0.008867243 0.997904718 85.470481873
0.997223914 0.006584219 0.074168719 1.978285789 -0.007229595 0.999938250 0.008436351 -2.438783407 -0.074108571 -0.008949141 0.997210026 86.009910583
0.996538997 0.006344627 0.082883433 2.038781643 -0.007060624 0.999940217 0.008348338 -2.446602345 -0.082825489 -0.008904655 0.996524274 86.566352844
0.995833993 0.006053654 0.090983883 2.109801292 -0.006816079 0.999944210 0.008071393 -2.458420992 -0.090929940 -0.008657918 0.995819628 87.121116638
0.994833648 0.005769480 0.101354197 2.193554878 -0.006625132 0.999945164 0.008107628 -2.473568916 -0.101301856 -0.008737225 0.994817317 87.660690308
0.993726075 0.005432272 0.111709557 2.278594971 -0.006379802 0.999946654 0.008126356 -2.486999512 -0.111659445 -0.008788059 0.993707657 88.211708069
0.992641032 0.005304269 0.120977744 2.364905357 -0.006325508 0.999947548 0.008059072 -2.501804113 -0.120928638 -0.008765011 0.992622495 88.755653381
0.991234064 0.005308842 0.132010266 2.458950996 -0.006439578 0.999946058 0.008140067 -2.515838385 -0.131959975 -0.008918802 0.991214871 89.311798096
0.989548147 0.005133737 0.144111082 2.562480927 -0.006292684 0.999951422 0.007587388 -2.526730776 -0.144065142 -0.008414931 0.989532411 89.864105225
0.987924993 0.004674235 0.154862538 2.672232628 -0.005918333 0.999953747 0.007573494 -2.543602467 -0.154819980 -0.008398571 0.987906992 90.411422729
0.986419559 0.004249359 0.164189979 2.780807495 -0.005581123 0.999955177 0.007650658 -2.552456379 -0.164150089 -0.008463124 0.986399055 90.962516785
0.984342039 0.003552604 0.176232725 2.906225204 -0.004903225 0.999961853 0.007228981 -2.564159155 -0.176200271 -0.007979899 0.984322011 91.504486084
0.981996357 0.003564894 0.188866034 3.031835556 -0.005053377 0.999959826 0.007400203 -2.578437567 -0.188832045 -0.008221384 0.981974959 92.036445618
0.979867935 0.003664586 0.199612767 3.163249969 -0.005251409 0.999958694 0.007420641 -2.593304157 -0.199577317 -0.008319498 0.979846776 92.565979004
0.977059245 0.003573832 0.212937787 3.305976868 -0.005209154 0.999961078 0.007119261 -2.607341766 -0.212904096 -0.008065166 0.977039754 93.106178284
0.974150121 0.002351858 0.225889429 3.461944580 -0.004189656 0.999961913 0.007656782 -2.623382568 -0.225862831 -0.008405255 0.974122822 93.624412537
0.971476912 0.002676025 0.237118974 3.618471146 -0.004505140 0.999964118 0.007172396 -2.638493538 -0.237091288 -0.008036071 0.971454144 94.151786804
0.968380570 0.001712259 0.249471813 3.789754868 -0.003630247 0.999967217 0.007228306 -2.658070087 -0.249451280 -0.007905394 0.968355060 94.696922302
0.964779615 0.001334036 0.263055980 3.969633102 -0.003492315 0.999963939 0.007737231 -2.685400963 -0.263036191 -0.008383398 0.964749455 95.184043884
0.961178243 0.000975147 0.275926471 4.148714066 -0.003244987 0.999964535 0.007769818 -2.704256058 -0.275909156 -0.008363556 0.961147249 95.695945740
0.957857728 0.000860935 0.287242174 4.334230423 -0.003330106 0.999961615 0.008107672 -2.724460363 -0.287224144 -0.008722542 0.957823694 96.215675354
0.953537226 0.001087095 0.301273316 4.526302338 -0.003613485 0.999962807 0.007828570 -2.732645750 -0.301253617 -0.008553480 0.953505695 96.753013611
0.949102581 0.000741489 0.314966261 4.733400345 -0.003340845 0.999964774 0.007713029 -2.747991800 -0.314949363 -0.008372708 0.949071527 97.272079468
0.945269942 -0.000097604 0.326289386 4.940092087 -0.002645046 0.999964774 0.007961903 -2.760330915 -0.326278627 -0.008389199 0.945236385 97.797340393
0.940752447 0.000270950 0.339093834 5.146701813 -0.003117674 0.999964297 0.007850393 -2.774412632 -0.339079559 -0.008442459 0.940719783 98.311927795
0.935573697 -0.000052197 0.353131533 5.371118546 -0.002977149 0.999963284 0.008035356 -2.787469864 -0.353118986 -0.008568995 0.935539186 98.831039429
0.930916607 -0.000947965 0.365230620 5.593311310 -0.002172423 0.999964595 0.008132602 -2.803935528 -0.365225405 -0.008364208 0.930881500 99.341926575
0.926158190 -0.000880637 0.377134234 5.816711426 -0.002297883 0.999965549 0.007978084 -2.823119640 -0.377128273 -0.008255580 0.926124275 99.842811584
0.920382142 -0.001878194 0.391015589 6.071964264 -0.001245688 0.999969304 0.007735360 -2.821805239 -0.391018063 -0.007606571 0.920351565 100.381668091
0.914972901 -0.002794544 0.403505534 6.324581146 -0.000467646 0.999967992 0.007985855 -2.833228111 -0.403514981 -0.007495540 0.914942265 100.884391785
0.910440922 -0.003777035 0.413621873 6.587547302 0.000740336 0.999971509 0.007501771 -2.844771862 -0.413638473 -0.006523699 0.910417855 101.397689819
0.904769421 -0.004135007 0.425881654 6.851238251 0.000778540 0.999967277 0.008054988 -2.862626076 -0.425901055 -0.006956342 0.904742956 101.893005371
0.898162484 -0.004183329 0.439643830 7.117401123 0.000770262 0.999968290 0.007941370 -2.878207445 -0.439663053 -0.006794001 0.898137093 102.381996155
0.892294288 -0.004518372 0.451431692 7.394840240 0.001129154 0.999969244 0.007776802 -2.886226416 -0.451452821 -0.006429460 0.892271817 102.875701904
0.886586547 -0.005255076 0.462532878 7.674201965 0.001853426 0.999967813 0.007808492 -2.894659758 -0.462558955 -0.006065634 0.886567771 103.364959717
0.879493773 -0.005199242 0.475881934 7.966575623 0.001727429 0.999968588 0.007732623 -2.911975622 -0.475907266 -0.005978742 0.879475176 103.836448669
