1.000000000 0.000000000 0.000000000 0.000000000 0.000000000 1.000000000 0.000000000 0.000000000 0.000000000 0.000000000 1.000000000 0.000000000
1.000000000 0.000022688 -0.000021277 0.000444024 -0.000022689 1.000000000 -0.000038032 0.000772561 0.000021276 0.000038033 1.000000000 0.000389112
1.000000000 0.000027604 0.000033132 -0.000056429 -0.000027606 1.000000000 0.000036469 0.000067035 -0.000033131 -0.000036470 1.000000000 0.000086181
1.000000000 -0.000129087 0.000060230 -0.000078364 0.000129089 1.000000000 -0.000024186 0.000755801 -0.000060227 0.000024194 1.000000000 0.000120168
1.000000000 -0.000141477 0.000029591 -0.000050321 0.000141476 1.000000000 0.000030844 -0.000129489 -0.000029595 -0.000030840 1.000000000 -0.000537428
1.000000000 0.000034554 0.000116232 -0.000464094 -0.000034551 1.000000000 -0.000025598 0.000819447 -0.000116232 0.000025594 1.000000000 0.000058106
1.000000000 -0.000080358 0.000070020 0.000144021 0.000080358 1.000000000 -0.000004604 0.000503308 -0.000070020 0.000004610 1.000000000 0.000251342
1.000000000 -0.000009079 0.000065797 -0.000491294 0.000009072 1.000000000 0.000096637 -0.000129685 -0.000065798 -0.000096636 1.000000000 -0.000106726
1.000000000 -0.000013029 -0.000005224 -0.000737897 0.000013029 1.000000000 -0.000061936 -0.000165836 0.000005225 0.000061936 1.000000000 -0.001094312
1.000000000 -0.000046214 0.000080987 -0.000088754 0.000046211 1.000000000 0.000040928 -0.000724893 -0.000080989 -0.000040925 1.000000000 -0.000410948
1.000000000 0.000072012 0.000053050 -0.000834898 -0.000072015 1.000000000 0.000056892 -0.000903906 -0.000053046 -0.000056896 1.000000000 -0.000640208
1.000000000 -0.000032581 0.000069709 -0.000916956 0.000032579 1.000000000 0.000039504 -0.000330978 -0.000069711 -0.000039502 1.000000000 -0.000863464
1.000000000 0.000053409 0.000033275 -0.000812227 -0.000053406 1.000000000 -0.000075491 -0.000338751 -0.000033279 0.000075489 1.000000000 -0.001540917
1.000000000 0.000045481 0.000071927 -0.000997534 -0.000045479 1.000000000 -0.000028268 0.000501681 -0.000071929 0.000028265 1.000000000 0.000307618
1.000000000 0.000029417 0.000047734 -0.000966592 -0.000029411 1.000000000 -0.000116080 0.001249689 -0.000047738 0.000116078 1.000000000 0.000885492
1.000000000 -0.000010795 -0.000031565 0.000329648 0.000010793 1.000000000 -0.000073886 0.001262623 0.000031565 0.000073886 1.000000000 0.001313552
1.000000000 0.000078106 0.000104417 -0.000974392 -0.000078090 1.000000000 -0.000154783 0.002300282 -0.000104429 0.000154775 1.000000000 0.002561428
1.000000000 0.000147391 0.000081251 -0.001307873 -0.000147378 1.000000000 -0.000159420 0.001886280 -0.000081274 0.000159408 1.000000000 0.001669778
1.000000000 0.000165447 0.000149687 -0.001409390 -0.000165433 1.000000000 -0.000092878 0.002069748 -0.000149703 0.000092853 1.000000000 0.002473402
1.000000000 0.000099767 0.000151894 -0.001416538 -0.000099752 1.000000000 -0.000095033 0.000993662 -0.000151903 0.000095018 1.000000000 0.001275785
1.000000000 0.000022207 0.000069945 -0.001030756 -0.000022205 1.000000000 -0.000027113 0.000352140 -0.000069946 0.000027111 1.000000000 0.000755049
1.000000000 0.000143873 0.000043398 -0.000742002 -0.000143872 1.000000000 -0.000022431 0.001261911 -0.000043401 0.000022425 1.000000000 0.000928273
1.000000000 0.000106147 0.000016639 -0.000651767 -0.000106146 1.000000000 -0.000082533 0.001354048 -0.000016648 0.000082532 1.000000000 0.002141150
1.000000000 0.000106594 0.000085837 -0.001224851 -0.000106588 1.000000000 -0.000071700 0.001698248 -0.000085844 0.000071691 1.000000000 0.002474175
0.999999940 0.000328413 0.000034981 -0.001074541 -0.000328411 0.999999940 -0.000060665 0.002323632 -0.000035001 0.000060654 1.000000000 0.003684818
0.999999940 0.000238259 0.000106141 -0.001519076 -0.000238252 0.999999940 -0.000065250 0.002204137 -0.000106157 0.000065224 1.000000000 0.001894693
1.000000000 0.000049013 0.000101310 -0.000475762 -0.000049005 1.000000000 -0.000071629 0.002441189 -0.000101313 0.000071624 1.000000000 0.002976455
1.000000000 0.000123592 0.000184478 -0.001806111 -0.000123585 1.000000000 -0.000037350 0.001569804 -0.000184482 0.000037327 1.000000000 0.002313640
1.000000000 0.000120717 0.000050386 -0.001134089 -0.000120713 1.000000000 -0.000071144 0.002307185 -0.000050395 0.000071138 1.000000000 0.002234751
1.000000000 0.000067648 0.000089032 -0.001614756 -0.000067643 1.000000000 -0.000057497 0.001004256 -0.000089036 0.000057491 1.000000000 0.001643583
1.000000000 0.000129372 0.000199190 -0.001887277 -0.000129371 1.000000000 -0.000008306 0.000970845 -0.000199191 0.000008280 1.000000000 0.001920092
1.000000000 0.000097255 0.000195097 -0.001355867 -0.000097244 1.000000000 -0.000058990 0.002215056 -0.000195103 0.000058971 1.000000000 0.003828602
1.000000000 0.000206933 0.000098743 -0.000893651 -0.000206912 0.999999940 -0.000211689 0.003331045 -0.000098787 0.000211668 1.000000000 0.003801954
1.000000000 0.000106510 0.000134597 -0.000913434 -0.000106495 1.000000000 -0.000108825 0.001714881 -0.000134609 0.000108811 1.000000000 0.001870498
0.999999940 0.000204183 0.000184834 -0.002502147 -0.000204155 0.999999940 -0.000152414 0.002099673 -0.000184865 0.000152376 1.000000000 0.002563782
1.000000000 0.000150077 0.000178887 -0.001730186 -0.000150062 1.000000000 -0.000083012 0.000968785 -0.000178900 0.000082985 1.000000000 0.001473182
1.000000000 0.000110315 0.000046591 -0.002107697 -0.000110316 1.000000000 0.000014860 0.000503686 -0.000046589 -0.000014865 1.000000000 0.000316550
1.000000000 0.000137347 0.000083224 -0.001431459 -0.000137344 1.000000000 -0.000034541 0.001905362 -0.000083229 0.000034529 1.000000000 0.002281606
1.000000000 0.000128386 0.000153606 -0.001946379 -0.000128380 1.000000000 -0.000038688 0.001533596 -0.000153611 0.000038668 1.000000000 0.001330243
1.000000000 0.000185756 0.000123326 -0.000875436 -0.000185744 1.000000000 -0.000095950 0.002899757 -0.000123344 0.000095928 1.000000000 0.003222652
1.000000000 -0.000004865 0.000057420 0.000284882 0.000004870 1.000000000 -0.000099640 0.000792951 -0.000057420 0.000099640 1.000000000 0.002519620
0.999999821 0.000531729 0.000145127 0.000002568 -0.000531638 0.999999642 -0.000621694 -0.001669650 -0.000145457 0.000621617 0.999999821 0.052738696
0.999999881 0.000418477 0.000150684 0.001819180 -0.000418295 0.999999166 -0.001205763 -0.002716635 -0.000151188 0.001205700 0.999999285 0.141252279
1.000000000 0.000155191 0.000025345 0.004250193 -0.000155155 0.999998927 -0.001437728 -0.007622553 -0.000025569 0.001437724 0.999998987 0.253706247
0.999999940 0.000354228 0.000129100 0.006610251 -0.000354057 0.999999046 -0.001318128 -0.010893953 -0.000129567 0.001318082 0.999999106 0.388295501
1.000000000 0.000055923 0.000153059 0.008806356 -0.000055758 0.999999404 -0.001074940 -0.014948103 -0.000153119 0.001074931 0.999999404 0.535147429
0.999999881 -0.000421945 -0.000084717 0.015161074 0.000421858 0.999999404 -0.001024057 -0.021291291 0.000085149 0.001024021 0.999999464 0.684202194
1.000000000 0.000063112 0.000192483 0.018022541 -0.000062953 0.999999642 -0.000827436 -0.022788847 -0.000192535 0.000827424 0.999999642 0.849313796
0.999999881 0.000088920 0.000449126 0.012813034 -0.000088609 0.999999762 -0.000691667 -0.028262245 -0.000449188 0.000691627 0.999999642 1.018397570
0.999999881 0.000365801 0.000266978 0.023079256 -0.000365601 0.999999642 -0.000751108 -0.027974105 -0.000267253 0.000751010 0.999999702 1.205390930
0.999999940 -0.000155676 0.000327615 0.028366530 0.000155711 1.000000000 -0.000106583 -0.047817662 -0.000327598 0.000106634 0.999999940 1.382756829
0.999997735 -0.000166671 0.002126592 -0.003299201 0.000163780 0.999999046 0.001359587 -0.072848484 -0.002126816 -0.001359236 0.999996841 1.554627419
0.999997318 -0.000184405 0.002315856 0.000434029 0.000181104 0.999998987 0.001425764 -0.076594412 -0.002316117 -0.001425340 0.999996305 1.752810597
0.999997020 -0.000240288 0.002443050 0.002781199 0.000235683 0.999998271 0.001885107 -0.087467998 -0.002443499 -0.001884525 0.999995232 1.948419690
0.999997318 -0.000734508 0.002188762 0.006776412 0.000730110 0.999997735 0.002009125 -0.094913200 -0.002190233 -0.002007522 0.999995589 2.161126852
0.999997199 -0.000462907 0.002319649 0.010281638 0.000458339 0.999997914 0.001969169 -0.099115446 -0.002320556 -0.001968100 0.999995410 2.378943682
0.999997199 -0.000037768 0.002388880 0.015957098 0.000034059 0.999998808 0.001552585 -0.100487687 -0.002388936 -0.001552500 0.999996006 2.610238314
0.999996901 -0.000468750 0.002420681 0.022747349 0.000463730 0.999997735 0.002073850 -0.113470443 -0.002421647 -0.002072721 0.999994934 2.838265657
0.999996781 -0.000856278 0.002382180 0.028623043 0.000850950 0.999997139 0.002236807 -0.116795175 -0.002384088 -0.002234773 0.999994695 3.076877594
0.999997199 -0.000448467 0.002334895 0.033985488 0.000443870 0.999997973 0.001969086 -0.121267267 -0.002335774 -0.001968044 0.999995351 3.327351570
0.999996662 -0.000578947 0.002527094 0.037447359 0.000573615 0.999997556 0.002109928 -0.128621906 -0.002528309 -0.002108471 0.999994576 3.575879812
0.999996305 -0.000536725 0.002704768 0.042169310 0.000530233 0.999996960 0.002400354 -0.135855705 -0.002706048 -0.002398911 0.999993443 3.837353230
0.999996126 -0.000745496 0.002688954 0.052368842 0.000739062 0.999996841 0.002392905 -0.142114803 -0.002690729 -0.002390909 0.999993503 4.089490414
0.999996364 -0.000243214 0.002684547 0.055506017 0.000236415 0.999996781 0.002532864 -0.146592036 -0.002685155 -0.002532220 0.999993205 4.333687782
0.999995470 -0.000747687 0.002924234 0.060231537 0.000740251 0.999996483 0.002543163 -0.152416602 -0.002926126 -0.002540987 0.999992490 4.597292900
0.999996126 -0.000961123 0.002618843 0.073375002 0.000955248 0.999997020 0.002243661 -0.157602489 -0.002620992 -0.002241151 0.999994040 4.855839729
0.999995947 -0.000599967 0.002803262 0.080730744 0.000593499 0.999997199 0.002307340 -0.161068827 -0.002804639 -0.002305667 0.999993443 5.112161636
0.999995530 -0.000137922 0.003019298 0.076670147 0.000130878 0.999997258 0.002333277 -0.174893752 -0.003019612 -0.002332872 0.999992728 5.365760803
0.999994814 -0.000336858 0.003218554 0.082056843 0.000329283 0.999997199 0.002353665 -0.183024123 -0.003219338 -0.002352593 0.999992073 5.635330677
0.999995112 -0.000293306 0.003093178 0.085199177 0.000286320 0.999997437 0.002258748 -0.189056605 -0.003093833 -0.002257852 0.999992669 5.909728527
0.999993205 -0.000068583 0.003669492 0.085689649 0.000060643 0.999997675 0.002164126 -0.192666620 -0.003669632 -0.002163890 0.999990940 6.197226048
0.999994993 -0.000288958 0.003151274 0.098249570 0.000280899 0.999996662 0.002557600 -0.207457587 -0.003152003 -0.002556702 0.999991775 6.472799778
0.999995053 0.000184316 0.003139583 0.102520533 -0.000191504 0.999997318 0.002289468 -0.213825166 -0.003139153 -0.002290058 0.999992430 6.766865730
0.999995828 0.000245256 0.002881682 0.109811887 -0.000252140 0.999997079 0.002388516 -0.218579993 -0.002881088 -0.002389233 0.999993086 7.072192669
0.999995947 0.000119770 0.002844272 0.117402807 -0.000126917 0.999996781 0.002512672 -0.230858684 -0.002843962 -0.002513023 0.999992847 7.357336044
0.999994695 -0.000321365 0.003245427 0.114354759 0.000312297 0.999996066 0.002794035 -0.243141860 -0.003246312 -0.002793007 0.999990821 7.669975758
0.999994218 -0.000170033 0.003396461 0.124092579 0.000160238 0.999995887 0.002883924 -0.246468008 -0.003396937 -0.002883363 0.999990106 7.997194290
0.999993920 -0.000014394 0.003477225 0.126582712 0.000003235 0.999994934 0.003209129 -0.261076719 -0.003477253 -0.003209099 0.999988794 8.301788330
0.999994576 -0.000281192 0.003276853 0.137774199 0.000271936 0.999996006 0.002824811 -0.269223601 -0.003277634 -0.002823905 0.999990642 8.619621277
0.999994695 -0.000394972 0.003219942 0.141608790 0.000386492 0.999996483 0.002633559 -0.270906687 -0.003220971 -0.002632301 0.999991298 8.975147247
0.999995172 0.000215337 0.003104187 0.148592785 -0.000223790 0.999996364 0.002722806 -0.283970386 -0.003103589 -0.002723488 0.999991417 9.316091537
0.999993443 0.000907903 0.003514674 0.157858536 -0.000917864 0.999995589 0.002833372 -0.293694407 -0.003512087 -0.002836580 0.999989748 9.655878067
0.999992967 0.000406878 0.003721856 0.159639642 -0.000417676 0.999995649 0.002900944 -0.305993855 -0.003720660 -0.002902479 0.999988794 9.992053986
0.999994814 0.000129754 0.003224807 0.163130224 -0.000138987 0.999995887 0.002862917 -0.316612393 -0.003224423 -0.002863351 0.999990702 10.350611687
0.999995589 0.000105817 0.002975054 0.173965424 -0.000113845 0.999996364 0.002698499 -0.324724197 -0.002974757 -0.002698826 0.999991894 10.713684082
0.999995112 -0.000247266 0.003138236 0.182787120 0.000238621 0.999996126 0.002754701 -0.332512856 -0.003138905 -0.002753938 0.999991238 11.069238663
0.999995887 -0.000393583 0.002813301 0.195450187 0.000385568 0.999995887 0.002848691 -0.341024578 -0.002814410 -0.002847595 0.999991953 11.447225571
0.999995530 -0.000023374 0.002953065 0.204338595 0.000015858 0.999996781 0.002545104 -0.346058726 -0.002953115 -0.002545046 0.999992430 11.823660851
0.999994993 -0.000456145 0.003124179 0.214701146 0.000447074 0.999995649 0.002903436 -0.360344946 -0.003125490 -0.002902025 0.999990940 12.206159592
0.999995470 -0.000653669 0.002923718 0.227433145 0.000643759 0.999994040 0.003388930 -0.374788582 -0.002925916 -0.003387033 0.999989986 12.575494766
0.999994576 -0.000420987 0.003266086 0.227096915 0.000409431 0.999993682 0.003537990 -0.392498225 -0.003267554 -0.003536634 0.999988437 12.978439331
0.999994159 -0.000614799 0.003377767 0.243733436 0.000603038 0.999993801 0.003481883 -0.403121710 -0.003379886 -0.003479826 0.999988258 13.379550934
0.999993086 -0.000289292 0.003711086 0.244375408 0.000276282 0.999993861 0.003505668 -0.414413303 -0.003712077 -0.003504619 0.999987006 13.787281990
0.999993205 -0.000155212 0.003686375 0.251529753 0.000141503 0.999993145 0.003718952 -0.423756272 -0.003686927 -0.003718405 0.999986291 14.218560219
0.999991894 -0.000065730 0.004018214 0.258868694 0.000050534 0.999992847 0.003781784 -0.435479611 -0.004018433 -0.003781551 0.999984801 14.628616333
0.999993384 0.000331383 0.003620139 0.269659460 -0.000345463 0.999992371 0.003889649 -0.446262717 -0.003618822 -0.003890874 0.999985933 15.060011864
0.999992311 -0.000101306 0.003935107 0.283333570 0.000086853 0.999993205 0.003673005 -0.460523009 -0.003935452 -0.003672634 0.999985576 15.483952522
0.999989092 -0.000375780 0.004656189 0.290504456 0.000355349 0.999990284 0.004387909 -0.475197256 -0.004657792 -0.004386206 0.999979556 15.936984062
0.999988437 0.000082435 0.004805922 0.300255805 -0.000105938 0.999988079 0.004890237 -0.489165783 -0.004805460 -0.004890690 0.999976516 16.375494003
0.999986410 0.000044249 0.005236968 0.310611874 -0.000068375 0.999989390 0.004606813 -0.499662727 -0.005236709 -0.004607107 0.999975681 16.819406509
0.999984801 -0.000176808 0.005513821 0.313841820 0.000150243 0.999988496 0.004817996 -0.521284997 -0.005514609 -0.004817094 0.999973178 17.279144287
0.999981642 -0.000399760 0.006041511 0.326218784 0.000366801 0.999985039 0.005455470 -0.535129249 -0.006043602 -0.005453154 0.999966860 17.744598389
0.999980628 -0.000201901 0.006228916 0.336235881 0.000170304 0.999987125 0.005072680 -0.539451182 -0.006229860 -0.005071521 0.999967754 18.215496063
0.999980450 -0.000599769 0.006224781 0.348032117 0.000571217 0.999989271 0.004587453 -0.550304413 -0.006227467 -0.004583807 0.999970078 18.669919968
0.999980927 -0.000436256 0.006171956 0.360880673 0.000407801 0.999989331 0.004610770 -0.558226287 -0.006173902 -0.004608165 0.999970317 19.148014069
0.999978423 0.000231675 0.006556614 0.371559501 -0.000261266 0.999989867 0.004512613 -0.570793271 -0.006555501 -0.004514230 0.999968290 19.633258820
0.999978662 0.000235892 0.006523930 0.385490090 -0.000271298 0.999985337 0.005426706 -0.597457767 -0.006522554 -0.005428361 0.999963939 20.094114304
0.999979556 0.000013493 0.006382910 0.401586533 -0.000044765 0.999988019 0.004899143 -0.605436087 -0.006382768 -0.004899330 0.999967635 20.588487625
0.999984562 -0.000465544 0.005528738 0.415934205 0.000438328 0.999987781 0.004922931 -0.613609672 -0.005530963 -0.004920432 0.999972582 21.104646683
0.999983609 0.000534028 0.005700987 0.411249340 -0.000563582 0.999986410 0.005183686 -0.631292939 -0.005698141 -0.005186814 0.999970317 21.587404251
0.999987006 0.000393950 0.005073583 0.427087039 -0.000419945 0.999986768 0.005123592 -0.640629947 -0.005071497 -0.005125656 0.999974072 22.102464676
0.999987543 0.000151070 0.005003390 0.437122971 -0.000175375 0.999988198 0.004857776 -0.649281979 -0.005002597 -0.004858592 0.999975681 22.629697800
0.999989629 0.000440521 0.004530765 0.435315818 -0.000463850 0.999986649 0.005149090 -0.665666580 -0.004528437 -0.005151138 0.999976456 23.121417999
0.999992609 0.000800404 0.003754663 0.450348735 -0.000818812 0.999987602 0.004903879 -0.675973117 -0.003750692 -0.004906917 0.999980927 23.652416229
0.999994218 -0.000891979 0.003282395 0.452811390 0.000875117 0.999986529 0.005134989 -0.696692884 -0.003286931 -0.005132088 0.999981403 24.170703888
0.999995291 -0.000129846 0.003069848 0.463347495 0.000114693 0.999987781 0.004935709 -0.702616572 -0.003070452 -0.004935334 0.999983072 24.714696884
0.999996960 0.000483230 0.002423072 0.471276402 -0.000496332 0.999985158 0.005409189 -0.721550524 -0.002420423 -0.005410375 0.999982417 25.227834702
0.999997556 0.000537390 0.002147385 0.477993667 -0.000549497 0.999983907 0.005641378 -0.728538990 -0.002144319 -0.005642544 0.999981761 25.784799576
0.999997556 0.001333848 0.001744884 0.481921792 -0.001343485 0.999983788 0.005532996 -0.749409080 -0.001737475 -0.005535326 0.999983191 26.332834244
0.999998748 0.000664753 0.001425766 0.494490534 -0.000672968 0.999983191 0.005769348 -0.757833123 -0.001421906 -0.005770300 0.999982357 26.888374329
0.999998868 0.001043650 0.001086158 0.503491580 -0.001049715 0.999983847 0.005597975 -0.766955912 -0.001080298 -0.005599109 0.999983788 27.457057953
0.999998808 0.001469948 0.000494711 0.521007538 -0.001472782 0.999982178 0.005779294 -0.795232415 -0.000486207 -0.005780015 0.999983191 27.984359741
0.999998212 0.001874194 0.000256848 0.531858444 -0.001875685 0.999980569 0.005932238 -0.801026285 -0.000245725 -0.005932708 0.999982357 28.540191650
0.999996245 0.002541968 0.001089215 0.536262810 -0.002549046 0.999975383 0.006546309 -0.823089480 -0.001072548 -0.006549061 0.999978006 29.083307266
0.999999046 0.001355903 -0.000247931 0.544829726 -0.001354333 0.999979675 0.006223449 -0.837087274 0.000256364 -0.006223108 0.999980628 29.621404648
0.999998987 0.001284107 -0.000771672 0.554993987 -0.001279422 0.999980986 0.006041046 -0.846641064 0.000779415 -0.006040053 0.999981523 30.171869278
0.999998391 0.001614771 -0.000795462 0.557785094 -0.001609647 0.999978244 0.006400009 -0.862885773 0.000805779 -0.006398718 0.999979258 30.727291107
0.999998271 0.001727145 -0.000667518 0.565485358 -0.001722746 0.999977171 0.006535538 -0.873923600 0.000678791 -0.006534376 0.999978423 31.246446609
0.999996364 0.002576666 -0.000771761 0.572966397 -0.002571784 0.999977052 0.006261132 -0.880602479 0.000787876 -0.006259123 0.999980152 31.799007416
0.999997139 0.001845222 -0.001528371 0.584152877 -0.001835551 0.999978542 0.006305045 -0.897349358 0.001539972 -0.006302222 0.999978960 32.337284088
0.999996483 0.001065715 -0.002407984 0.595352829 -0.001050172 0.999978662 0.006446478 -0.910286725 0.002414803 -0.006443927 0.999976337 32.879123688
0.999996305 0.001784598 -0.002053515 0.600456834 -0.001771479 0.999978065 0.006372511 -0.921868086 0.002064843 -0.006368849 0.999977529 33.427715302
0.999996364 0.001713156 -0.002085641 0.610750139 -0.001699445 0.999976993 0.006558063 -0.933846116 0.002096828 -0.006554495 0.999976277 33.982612610
0.999994397 0.001902665 -0.002742789 0.622380078 -0.001886570 0.999981046 0.005858724 -0.940722048 0.002753885 -0.005853517 0.999979079 34.527168274
0.999995053 0.001961507 -0.002447541 0.621148705 -0.001945497 0.999976814 0.006526583 -0.959041476 0.002460286 -0.006521789 0.999975622 35.046211243
0.999994814 0.001651481 -0.002758562 0.636602938 -0.001633378 0.999977171 0.006551917 -0.970030546 0.002769320 -0.006547377 0.999974668 35.590866089
0.999994576 0.001419022 -0.002960422 0.642621577 -0.001399304 0.999976873 0.006651923 -0.987419188 0.002969793 -0.006647744 0.999973416 36.129444122
0.999995112 0.001322914 -0.002823364 0.645875037 -0.001305310 0.999979734 0.006228218 -0.991929412 0.002831546 -0.006224503 0.999976575 36.690170288
0.999994278 0.001436313 -0.003028888 0.653228700 -0.001417341 0.999979436 0.006256576 -1.004014850 0.003037812 -0.006252249 0.999975801 37.240417480
0.999994099 0.001315903 -0.003165283 0.662238240 -0.001297344 0.999981999 0.005858356 -1.010274768 0.003172936 -0.005854216 0.999977767 37.794410706
0.999993503 0.001629251 -0.003211462 0.669988215 -0.001609314 0.999979496 0.006201130 -1.025444031 0.003221500 -0.006195921 0.999975622 38.321269989
0.999993503 0.002142680 -0.002897303 0.679492891 -0.002127064 0.999983311 0.005382308 -1.028405190 0.002908787 -0.005376110 0.999981344 38.875278473
0.999993503 0.001146233 -0.003421673 0.701858819 -0.001126251 0.999982357 0.005835992 -1.047358155 0.003428303 -0.005832101 0.999977171 39.407642365
0.999993086 0.001518122 -0.003432094 0.693294108 -0.001497271 0.999980450 0.006069581 -1.056005359 0.003441242 -0.006064400 0.999975681 39.959926605
0.999993324 0.001573418 -0.003309255 0.702847481 -0.001552137 0.999978185 0.006423306 -1.071513653 0.003319289 -0.006418126 0.999973953 40.507671356
0.999993086 0.001838195 -0.003253197 0.711375415 -0.001818854 0.999980688 0.005938217 -1.074956656 0.003264049 -0.005932257 0.999977112 41.059841156
0.999992073 0.001657299 -0.003615523 0.706851780 -0.001634691 0.999979079 0.006247187 -1.095007420 0.003625802 -0.006241227 0.999973953 41.570827484
0.999992430 0.002307099 -0.003136140 0.709999800 -0.002288235 0.999979258 0.006005346 -1.104097009 0.003149931 -0.005998125 0.999977052 42.125087738
0.999992907 0.001495589 -0.003465862 0.729515433 -0.001472389 0.999976516 0.006686637 -1.122449398 0.003475782 -0.006681486 0.999971628 42.661266327
0.999990702 0.001354120 -0.004094036 0.737189651 -0.001329605 0.999981225 0.005984784 -1.115464926 0.004102063 -0.005979285 0.999973655 43.201477051
0.999991357 0.001286711 -0.003951402 0.747186422 -0.001263529 0.999981999 0.005863353 -1.130346537 0.003958876 -0.005858310 0.999974966 43.752544403
0.999991536 0.001656357 -0.003779555 0.749936819 -0.001634180 0.999981463 0.005863207 -1.142333746 0.003789197 -0.005856982 0.999975681 44.311347961
0.999990761 0.001062824 -0.004156537 0.755967915 -0.001037769 0.999981284 0.006025345 -1.150143147 0.004162863 -0.006020977 0.999973178 44.802421570
0.999989688 0.001425540 -0.004314564 0.764924288 -0.001401338 0.999983251 0.005607351 -1.156880379 0.004322486 -0.005601247 0.999974906 45.363693237
0.999989629 0.002161358 -0.003995337 0.770085454 -0.002140966 0.999984682 0.005100783 -1.170930505 0.004006301 -0.005092176 0.999979079 45.912055969
0.999991536 0.001519240 -0.003826899 0.765938044 -0.001497008 0.999981999 0.005805385 -1.185600519 0.003835650 -0.005799607 0.999975801 46.436405182
0.999989569 0.001905816 -0.004158644 0.780126035 -0.001881741 0.999981463 0.005785273 -1.193781137 0.004169592 -0.005777387 0.999974608 46.981967926
0.999990165 0.001771676 -0.004079242 0.787959874 -0.001746769 0.999979913 0.006101102 -1.210122347 0.004089970 -0.006093916 0.999973118 47.532344818
0.999990642 0.001025438 -0.004235581 0.792459965 -0.001001200 0.999983132 0.005720665 -1.216127992 0.004241376 -0.005716370 0.999974668 48.072975159
0.999990404 0.001984167 -0.003929324 0.797989190 -0.001960610 0.999980092 0.005989979 -1.227317333 0.003941132 -0.005982218 0.999974370 48.624343872
0.999990761 0.001206117 -0.004144181 0.802659333 -0.001183294 0.999984145 0.005505272 -1.235508204 0.004150757 -0.005500317 0.999976218 49.166362762
0.999991477 0.001579427 -0.003817706 0.811984181 -0.001555259 0.999978781 0.006325342 -1.254714251 0.003827616 -0.006319351 0.999972701 49.670589447
0.999990821 0.002501525 -0.003489126 0.810908973 -0.002479495 0.999977052 0.006304089 -1.262026668 0.003504815 -0.006295379 0.999974012 50.226482391
0.999989033 0.002003709 -0.004239939 0.825283468 -0.001978343 0.999980211 0.005978565 -1.278564453 0.004251834 -0.005970112 0.999973178 50.743579865
0.999990404 0.001928546 -0.003922846 0.836224735 -0.001903820 0.999978364 0.006297024 -1.288630486 0.003934905 -0.006289495 0.999972463 51.293819427
0.999989510 0.002506096 -0.003845169 0.838078141 -0.002482840 0.999978662 0.006040990 -1.296512365 0.003860227 -0.006031380 0.999974310 51.843807220
0.999990880 0.002317397 -0.003586047 0.848554254 -0.002296951 0.999981165 0.005694931 -1.313280463 0.003599177 -0.005686643 0.999977350 52.382598877
0.999992311 0.001888868 -0.003429052 0.852096319 -0.001866755 0.999977529 0.006440564 -1.323689103 0.003441141 -0.006434112 0.999973357 52.913856506
0.999991357 0.001945431 -0.003680421 0.866511464 -0.001921130 0.999976397 0.006594862 -1.336508989 0.003693163 -0.006587733 0.999971449 53.459831238
0.999991000 0.002192702 -0.003596189 0.881152809 -0.002171284 0.999979913 0.005948690 -1.352243185 0.003609161 -0.005940830 0.999975860 54.004642487
0.999991357 0.002995648 -0.002876573 0.858346879 -0.002977986 0.999976814 0.006124646 -1.360597610 0.002894854 -0.006116027 0.999977052 54.535945892
0.999990165 0.003497320 -0.002707487 0.865966439 -0.003481766 0.999977589 0.005728179 -1.371993065 0.002727459 -0.005718695 0.999979913 55.084552765
0.999992609 0.002625964 -0.002795312 0.878024101 -0.002609622 0.999979556 0.005833946 -1.377484918 0.002810575 -0.005826608 0.999979019 55.627666473
0.999992013 0.002919966 -0.002720177 0.881066442 -0.002905103 0.999980867 0.005451781 -1.383598447 0.002736045 -0.005443835 0.999981403 56.182552338
0.999992490 0.002969133 -0.002504340 0.896308959 -0.002953651 0.999976575 0.006163310 -1.408931851 0.002522581 -0.006155866 0.999977827 56.710899353
0.999992549 0.002978898 -0.002451731 0.887319446 -0.002964823 0.999979198 0.005724167 -1.409023285 0.002468731 -0.005716855 0.999980628 57.251792908
0.999992907 0.003021722 -0.002269819 0.894714534 -0.003009164 0.999980271 0.005515758 -1.421811581 0.002286441 -0.005508889 0.999982178 57.793952942
0.999990940 0.003528406 -0.002392198 0.905924678 -0.003515241 0.999978721 0.005484944 -1.427643895 0.002411501 -0.005476485 0.999982119 58.363658905
0.999993742 0.002845374 -0.002086549 0.902895510 -0.002833720 0.999980509 0.005567203 -1.436938167 0.002102348 -0.005561254 0.999982297 58.854499817
0.999994397 0.002749501 -0.001923534 0.913498521 -0.002739292 0.999982297 0.005289924 -1.452613592 0.001938044 -0.005284624 0.999984205 59.396903992
0.999991357 0.003778588 -0.001733686 0.925435841 -0.003769993 0.999980807 0.004934454 -1.459518194 0.001752297 -0.004927876 0.999986291 59.967193604
0.999991834 0.003520128 -0.001993535 0.922295213 -0.003508600 0.999977291 0.005757007 -1.475258827 0.002013755 -0.005749966 0.999981403 60.481086731
0.999989808 0.003955498 -0.002165093 0.935198426 -0.003942756 0.999975026 0.005857835 -1.487014055 0.002188210 -0.005849241 0.999980509 61.031734467
0.999993801 0.002957880 -0.001904744 0.953982830 -0.002947165 0.999979973 0.005603984 -1.495247364 0.001921282 -0.005598336 0.999982536 61.591125488
0.999993980 0.002994653 -0.001765529 0.944798231 -0.002985057 0.999980927 0.005412269 -1.517323256 0.001781703 -0.005406966 0.999983788 62.105983734
0.999990642 0.003925193 -0.001841595 0.956012309 -0.003916227 0.999980628 0.004847425 -1.524264574 0.001860586 -0.004840168 0.999986589 62.658332825
0.999990582 0.004071789 -0.001532155 0.969415009 -0.004063920 0.999978781 0.005104924 -1.535416961 0.001552909 -0.005098649 0.999985814 63.202167511
0.999991953 0.003644967 -0.001737350 0.971702516 -0.003635604 0.999979019 0.005361462 -1.559561849 0.001756856 -0.005355102 0.999984145 63.732601166
0.999988973 0.004260251 -0.001964489 0.981682062 -0.004250249 0.999978065 0.005067441 -1.570382357 0.001986035 -0.005059036 0.999985278 64.282150269
0.999990225 0.004214194 -0.001283165 0.981240749 -0.004207858 0.999979079 0.004901756 -1.580447316 0.001303795 -0.004896310 0.999987245 64.821350098
0.999993443 0.003508198 -0.000810091 0.980986595 -0.003503901 0.999980092 0.005246844 -1.590531945 0.000828482 -0.005243972 0.999985874 65.319557190
0.999990702 0.004232923 -0.000838850 0.992138445 -0.004228345 0.999976516 0.005384944 -1.599823952 0.000861624 -0.005381348 0.999985099 65.872116089
0.999990761 0.004291323 -0.000285315 0.996434569 -0.004289933 0.999979675 0.004710579 -1.607930660 0.000305523 -0.004709311 0.999988914 66.431877136
0.999989033 0.004672724 0.000082122 0.988210440 -0.004673055 0.999978304 0.004644975 -1.619024038 -0.000060416 -0.004645308 0.999989152 66.928985596
0.999989688 0.004548911 0.000151737 0.999506295 -0.004549576 0.999978542 0.004717951 -1.630564451 -0.000130273 -0.004718592 0.999988794 67.479148865
0.999989390 0.004611771 0.000383337 1.013713837 -0.004613434 0.999979436 0.004457910 -1.643773556 -0.000362770 -0.004459631 0.999989986 68.033226013
0.999989331 0.004608487 0.000370561 1.015391588 -0.004609987 0.999980867 0.004150799 -1.650109768 -0.000351425 -0.004152462 0.999991298 68.560539246
0.999989033 0.004670310 0.000364118 1.025722742 -0.004671700 0.999981463 0.003913811 -1.660510421 -0.000345832 -0.003915469 0.999992311 69.109466553
0.999982715 0.005656546 0.001590609 1.024898648 -0.005662352 0.999977171 0.003669579 -1.674956799 -0.001569816 -0.003678523 0.999992013 69.661674500
0.999985754 0.005222559 0.001127930 1.027018785 -0.005227321 0.999977291 0.004260105 -1.685243964 -0.001105656 -0.004265940 0.999990284 70.157890320
0.999988675 0.004685297 0.000826576 1.040250421 -0.004688190 0.999982774 0.003532844 -1.695296168 -0.000810009 -0.003536678 0.999993443 70.711715698
0.999983370 0.005405822 0.002020644 1.044520736 -0.005412251 0.999980271 0.003190177 -1.709126830 -0.002003358 -0.003201060 0.999992907 71.237365723
0.999984205 0.005404906 0.001521377 1.055391788 -0.005410257 0.999979138 0.003535905 -1.720609903 -0.001502234 -0.003544081 0.999992609 71.780731201
0.999979079 0.006142135 0.002047801 1.062239051 -0.006150438 0.999972820 0.004072921 -1.736842513 -0.002022729 -0.004085431 0.999989688 72.340171814
0.999983430 0.005388565 0.001983739 1.074854970 -0.005395766 0.999978781 0.003643597 -1.749345660 -0.001964063 -0.003654242 0.999991417 72.909835815
0.999983668 0.005402353 0.001835241 1.078243256 -0.005409183 0.999978304 0.003738528 -1.756368876 -0.001815004 -0.003748394 0.999991298 73.397415161
0.999985516 0.005050878 0.001862906 1.093999743 -0.005057776 0.999980211 0.003717405 -1.768484116 -0.001844093 -0.003726772 0.999991357 73.960159302
0.999974847 0.006644594 0.002476845 1.096638083 -0.006652334 0.999972939 0.003129607 -1.773179770 -0.002455983 -0.003146005 0.999992073 74.527343750
0.999980211 0.005894619 0.002201502 1.109375715 -0.005902044 0.999976873 0.003381575 -1.787849545 -0.002181518 -0.003394502 0.999991834 75.011413574
0.999979854 0.005973168 0.002135252 1.123695135 -0.005979570 0.999977589 0.003004754 -1.797240853 -0.002117256 -0.003017461 0.999993145 75.562721252
0.999974847 0.006662290 0.002438954 1.129495740 -0.006669367 0.999973536 0.002905250 -1.811955333 -0.002419533 -0.002921443 0.999992788 76.075386047
0.999973953 0.006665492 0.002782073 1.143242955 -0.006670596 0.999976039 0.001828751 -1.822150826 -0.002769816 -0.001847262 0.999994457 76.623443604
0.999969065 0.007291138 0.002955494 1.146083951 -0.007298501 0.999970257 0.002488142 -1.834342122 -0.002937264 -0.002509635 0.999992549 77.140968323
0.999973118 0.006734233 0.002894969 1.156482816 -0.006741760 0.999973893 0.002597650 -1.847629070 -0.002877401 -0.002617098 0.999992430 77.698478699
0.999967337 0.007448095 0.003120259 1.166790247 -0.007456085 0.999968946 0.002557235 -1.861657977 -0.003101116 -0.002580416 0.999991834 78.186767578
0.999962986 0.008063713 0.002961739 1.179986835 -0.008071290 0.999964178 0.002555195 -1.871795297 -0.002941028 -0.002579006 0.999992311 78.737693787
0.999968827 0.007280083 0.003051263 1.192085505 -0.007287343 0.999970615 0.002375076 -1.886493802 -0.003033883 -0.002397237 0.999992490 79.284019470
0.999962986 0.007947556 0.003284750 1.202712417 -0.007955521 0.999965370 0.002418591 -1.900545835 -0.003265415 -0.002444634 0.999991655 79.835670471
0.999959052 0.007763074 0.004646853 1.207935572 -0.007772882 0.999967515 0.002096381 -1.912404656 -0.004630428 -0.002132414 0.999987006 80.368835449
0.999950171 0.008048120 0.005895117 1.222866297 -0.008058657 0.999965966 0.001765359 -1.926898241 -0.005880708 -0.001812778 0.999981046 80.916618347
0.999951601 0.007313317 0.006569257 1.242518306 -0.007325386 0.999971509 0.001815371 -1.936493754 -0.006555792 -0.001863405 0.999976754 81.443519592
0.999931097 0.008219219 0.008375300 1.249534965 -0.008235993 0.999964178 0.001970381 -1.952134728 -0.008358805 -0.002039224 0.999962986 81.995780945
0.999903321 0.008108016 0.011294394 1.270375729 -0.008127804 0.999965489 0.001706993 -1.964814425 -0.011280166 -0.001798627 0.999934733 82.542137146
0.999861419 0.007522085 0.014846664 1.293178678 -0.007546478 0.999970257 0.001587538 -1.980207324 -0.014834280 -0.001699358 0.999888480 83.083496094
0.999800205 0.007721183 0.018437328 1.308430076 -0.007755511 0.999968350 0.001790998 -1.987238407 -0.018422915 -0.001933631 0.999828398 83.620910645
0.999700844 0.008302254 0.023008225 1.335102797 -0.008336838 0.999964297 0.001407585 -1.996355057 -0.022995718 -0.001598980 0.999734282 84.176582336
0.999556482 0.007985556 0.028688204 1.355703235 -0.008030104 0.999966741 0.001437855 -2.009379148 -0.028675765 -0.001667587 0.999587297 84.727676392
0.999361217 0.008424639 0.034728251 1.390360594 -0.008470366 0.999963462 0.001169771 -2.020874262 -0.034717124 -0.001463185 0.999396026 85.281372070
0.999129593 0.008363951 0.040866643 1.424419403 -0.008408939 0.999964237 0.000929053 -2.035616398 -0.040857408 -0.001271889 0.999164164 85.822494507
0.998759866 0.008388667 0.049075160 1.461277485 -0.008460891 0.999963403 0.001264188 -2.048814058 -0.049062762 -0.001677840 0.998794317 86.334144592
0.998326659 0.007963385 0.057276268 1.517079592 -0.008004403 0.999967813 0.000486735 -2.054826021 -0.057270546 -0.000944383 0.998358309 86.895889282
0.997867882 0.008148012 0.064756878 1.565297604 -0.008223336 0.999965787 0.000896709 -2.071007729 -0.064747356 -0.001427314 0.997900724 87.456291199
0.997193933 0.008861757 0.074334748 1.601433754 -0.008967764 0.999959111 0.001092424 -2.089831114 -0.074322045 -0.001755975 0.997232735 87.959899902
0.996431053 0.008674022 0.083964527 1.675530434 -0.008765263 0.999961257 0.000718095 -2.104517221 -0.083955064 -0.001451503 0.996468484 88.485496521
0.995635867 0.008295481 0.092953324 1.752842903 -0.008375392 0.999964833 0.000469649 -2.114348412 -0.092946172 -0.001246121 0.995670319 89.031265259
0.994923055 0.008450812 0.100282803 1.804119110 -0.008503314 0.999963760 0.000096094 -2.118665218 -0.100278363 -0.000948343 0.994958937 89.597244263
0.993845403 0.009004535 0.110409416 1.886359215 -0.009062202 0.999958873 0.000020480 -2.129172802 -0.110404693 -0.001020906 0.993886173 90.141891479
0.992605925 0.008802678 0.121062063 1.967472076 -0.008857816 0.999960721 -0.000082712 -2.138672590 -0.121058039 -0.000990245 0.992644906 90.701217651
0.991467655 0.007994143 0.130107105 2.059042931 -0.008034562 0.999967694 -0.000214248 -2.150859118 -0.130104631 -0.000832933 0.991499901 91.170845032
0.989871502 0.008296974 0.141723678 2.152627945 -0.008368695 0.999964952 -0.000089967 -2.167083263 -0.141719460 -0.001096987 0.989906251 91.704078674
0.987973213 0.008121100 0.154411644 2.247665405 -0.008154247 0.999966621 -0.000418707 -2.187474251 -0.154409900 -0.000845440 0.988006473 92.225112915
0.986190975 0.007590590 0.165438175 2.348740578 -0.007617479 0.999970853 -0.000471960 -2.199032307 -0.165436938 -0.000794779 0.986220002 92.763565063
0.984427273 0.007713539 0.175623104 2.459724426 -0.007756855 0.999969840 -0.000439824 -2.202993631 -0.175621197 -0.000929309 0.984457374 93.280021667
0.982038200 0.006936891 0.188554600 2.578921318 -0.006930198 0.999975741 -0.000694757 -2.219232321 -0.188554838 -0.000624444 0.982062459 93.814338684
0.979588926 0.006870250 0.200894117 2.719954491 -0.006823226 0.999976277 -0.000926510 -2.233664751 -0.200895727 -0.000463148 0.979612470 94.345031738
0.977530897 0.005735922 0.210713893 2.832080841 -0.005642381 0.999983549 -0.001045144 -2.238988161 -0.210716397 -0.000167267 0.977547228 94.811401367
0.974616945 0.005972684 0.223799139 2.976743698 -0.005940956 0.999982059 -0.000815105 -2.262273788 -0.223799959 -0.000535166 0.974634945 95.331809998
0.971592903 0.004740847 0.236610785 3.135536194 -0.004476346 0.999988616 -0.001655069 -2.270339966 -0.236615911 0.000548902 0.971603155 95.858093262
0.968701124 0.005412674 0.248170778 3.270982742 -0.005328150 0.999985218 -0.001012246 -2.284395218 -0.248172626 -0.000341727 0.968715787 96.375717163
0.965774059 0.005478404 0.259326637 3.437131882 -0.005415576 0.999984801 -0.000956706 -2.299835443 -0.259327948 -0.000480440 0.965789199 96.900535583
0.962034643 0.005488742 0.272872418 3.603313446 -0.005396140 0.999984860 -0.001089831 -2.312725544 -0.272874326 -0.000424002 0.962049663 97.421211243
0.958376706 0.005309083 0.285457343 3.760330200 -0.005132841 0.999985874 -0.001365571 -2.319737911 -0.285460562 -0.000156476 0.958390415 97.918861389
0.954954207 0.004504763 0.296719044 3.947996140 -0.004181772 0.999989688 -0.001723232 -2.334831476 -0.296723813 0.000404797 0.954963267 98.434082031
0.950547159 0.004878007 0.310541868 4.138767242 -0.004640115 0.999988139 -0.001504791 -2.353883505 -0.310545534 -0.000010576 0.950558424 98.920898438
0.945732534 0.004347662 0.324916929 4.321859360 -0.004246878 0.999990463 -0.001019367 -2.365531445 -0.324918270 -0.000415835 0.945741951 99.438285828
0.941762328 0.004961643 0.336242676 4.526517868 -0.004841056 0.999987602 -0.001196924 -2.382787228 -0.336244404 -0.000500552 0.941774666 99.941459656
0.936884999 0.005556149 0.349593580 4.741012573 -0.005634998 0.999983847 -0.000791530 -2.401644230 -0.349592268 -0.001228386 0.936901152 100.449348450
0.931484938 0.003676730 0.363761306 4.934167862 -0.003260345 0.999993265 -0.001758685 -2.407206059 -0.363765329 0.000452201 0.931490541 100.935264587
0.926483274 0.003360003 0.376320839 5.163028717 -0.003039933 0.999994338 -0.001444344 -2.424464226 -0.376323521 0.000194170 0.926488340 101.436630249
0.921670139 0.003552686 0.387958169 5.387434006 -0.003346016 0.999993682 -0.001208224 -2.445662022 -0.387960017 -0.000184530 0.921676219 101.920288086
0.915498376 0.003598578 0.402305394 5.605575562 -0.003368368 0.999993503 -0.001279673 -2.448400974 -0.402307451 -0.000183573 0.915504575 102.415573120
0.909624994 0.003785853 0.415413111 5.858512878 -0.003621463 0.999992788 -0.001183529 -2.464464426 -0.415414542 -0.000427835 0.909632087 102.906372070
0.904506862 0.003173552 0.426447213 6.101783752 -0.003045984 0.999994874 -0.000981180 -2.486045361 -0.426448137 -0.000411467 0.904511929 103.374336243
0.898675263 0.003151318 0.438603252 6.347560883 -0.002741357 0.999994993 -0.001567960 -2.491378784 -0.438605934 0.000206719 0.898679435 103.858871460
0.892104566 0.002438242 0.451822340 6.616619110 -0.001871729 0.999996781 -0.001700791 -2.507162571 -0.451824993 0.000671595 0.892106235 104.341430664
0.885988235 0.003160852 0.463696718 6.893833160 -0.002386680 0.999994576 -0.002256354 -2.520082474 -0.463701397 0.000892408 0.885991096 104.825218201
0.879813373 0.002648083 0.475311905 7.141048431 -0.001984647 0.999996245 -0.001897605 -2.523253918 -0.475315154 0.000726212 0.879815340 105.288467407
0.872350335 0.002388468 0.488875479 7.433052063 -0.001418811 0.999996185 -0.002353889 -2.534927130 -0.488879263 0.001359793 0.872350454 105.768066406
