1.000000000 0.000000000 0.000000000 0.000000000 0.000000000 1.000000000 0.000000000 0.000000000 0.000000000 0.000000000 1.000000000 0.000000000
1.000000000 -0.000040475 -0.000012478 0.000451569 0.000040476 1.000000000 0.000023472 -0.000198442 0.000012477 -0.000023472 1.000000000 -0.003270441
1.000000000 0.000207570 0.000058899 0.002159923 -0.000207567 1.000000000 -0.000039345 0.000380666 -0.000058908 0.000039333 1.000000000 -0.005021720
1.000000000 0.000166912 0.000069303 0.000705072 -0.000166916 1.000000000 0.000057894 -0.001561407 -0.000069293 -0.000057905 1.000000000 -0.007086867
1.000000000 0.000050753 0.000039406 0.000100883 -0.000050753 1.000000000 -0.000011523 0.000160283 -0.000039406 0.000011521 1.000000000 -0.002780262
0.999999940 -0.000311218 -0.000092720 0.005452053 0.000311222 0.999999940 0.000038501 -0.000578775 0.000092708 -0.000038529 1.000000000 -0.006441914
1.000000000 -0.000023086 0.000011192 0.001319691 0.000023086 1.000000000 -0.000038953 0.001352531 -0.000011191 0.000038953 1.000000000 -0.002774703
1.000000000 -0.000027558 -0.000006645 0.000644431 0.000027558 1.000000000 0.000008276 -0.001043185 0.000006645 -0.000008276 1.000000000 -0.006561426
1.000000000 -0.000022836 0.000028709 -0.000485551 0.000022836 1.000000000 0.000014284 0.000181429 -0.000028709 -0.000014283 1.000000000 -0.003108557
1.000000000 0.000016415 0.000085334 -0.001842918 -0.000016411 1.000000000 -0.000046323 0.001831831 -0.000085335 0.000046322 1.000000000 -0.003651542
1.000000000 0.000146905 0.000116465 -0.002379228 -0.000146908 1.000000000 0.000022856 0.000529748 -0.000116462 -0.000022873 1.000000000 -0.004185555
1.000000000 0.000018226 -0.000012504 0.001264976 -0.000018226 1.000000000 0.000042540 -0.001442624 0.000012505 -0.000042539 1.000000000 -0.007369794
1.000000000 -0.000105820 -0.000077680 0.000957288 0.000105819 1.000000000 -0.000016062 0.003626949 0.000077682 0.000016054 1.000000000 -0.006221171
1.000000000 0.000059490 0.000007764 0.000055007 -0.000059490 1.000000000 -0.000018631 -0.000905420 -0.000007765 0.000018630 1.000000000 -0.002095345
1.000000000 -0.000011812 0.000009907 -0.002198944 0.000011812 1.000000000 0.000010192 -0.000137726 -0.000009907 -0.000010192 1.000000000 -0.000346197
1.000000000 -0.000127847 0.000052314 -0.002194127 0.000127848 1.000000000 -0.000032568 0.000666536 -0.000052310 0.000032575 1.000000000 0.000109250
1.000000000 -0.000073113 -0.000004842 0.000024677 0.000073113 1.000000000 -0.000005638 0.001111321 0.000004843 0.000005637 1.000000000 -0.003151557
1.000000000 -0.000040396 0.000079671 -0.004469514 0.000040388 1.000000000 0.000098164 0.001128057 -0.000079674 -0.000098161 1.000000000 -0.003873412
1.000000000 -0.000090274 0.000000086 -0.001998126 0.000090274 1.000000000 -0.000091014 0.000810599 -0.000000078 0.000091014 1.000000000 0.001594751
1.000000000 0.000048349 0.000000417 0.001353167 -0.000048349 1.000000000 -0.000010529 0.001866522 -0.000000418 0.000010529 1.000000000 -0.005911526
1.000000000 0.000177756 -0.000014854 0.002605894 -0.000177757 1.000000000 -0.000039984 0.001058139 0.000014847 0.000039986 1.000000000 -0.004334699
1.000000000 0.000090404 0.000043674 -0.001374967 -0.000090403 1.000000000 -0.000025750 0.001265203 -0.000043677 0.000025746 1.000000000 -0.003754717
1.000000000 -0.000140332 -0.000084773 0.001964905 0.000140338 1.000000000 0.000062339 0.001148603 0.000084765 -0.000062351 1.000000000 -0.001480322
1.000000000 0.000000400 -0.000030580 -0.002600842 -0.000000399 1.000000000 0.000011619 -0.000825964 0.000030580 -0.000011619 1.000000000 -0.004817691
1.000000000 -0.000056219 -0.000005575 -0.001093288 0.000056220 1.000000000 0.000084805 0.000471932 0.000005570 -0.000084806 1.000000000 0.000488946
1.000000000 0.000010128 0.000000808 -0.000127133 -0.000010128 1.000000000 0.000000438 0.000971250 -0.000000808 -0.000000438 1.000000000 -0.000849538
1.000000000 -0.000103085 0.000013855 -0.002500994 0.000103084 1.000000000 0.000071252 0.000586857 -0.000013863 -0.000071250 1.000000000 -0.010053718
1.000000000 -0.000054367 0.000031640 0.000394917 0.000054366 1.000000000 0.000053315 -0.001188598 -0.000031643 -0.000053313 1.000000000 -0.004215645
1.000000000 -0.000002558 0.000030427 -0.000251900 0.000002555 1.000000000 0.000100067 0.000245133 -0.000030427 -0.000100067 1.000000000 -0.004539223
1.000000000 0.000012900 0.000043405 0.001065379 -0.000012904 1.000000000 0.000092250 0.000183122 -0.000043404 -0.000092251 1.000000000 -0.000322256
1.000000000 0.000017062 0.000038197 -0.001016032 -0.000017066 1.000000000 0.000117447 0.001634557 -0.000038195 -0.000117448 1.000000000 -0.004235181
1.000000000 -0.000020358 -0.000051013 0.000949709 0.000020365 1.000000000 0.000138532 -0.002157714 0.000051010 -0.000138533 1.000000000 -0.007618758
1.000000000 0.000106413 0.000065210 -0.002058819 -0.000106415 1.000000000 0.000025450 0.001767011 -0.000065208 -0.000025457 1.000000000 -0.000210455
0.999999940 -0.000252261 -0.000061433 -0.002082062 0.000252272 0.999999940 0.000167018 -0.003137561 0.000061391 -0.000167034 1.000000000 -0.004565015
1.000000000 0.000022828 0.000007874 0.000303252 -0.000022828 1.000000000 0.000054449 0.001442218 -0.000007873 -0.000054449 1.000000000 -0.007753535
0.999999940 0.000192955 0.000152080 -0.002079068 -0.000192970 1.000000000 0.000097701 -0.000971202 -0.000152062 -0.000097730 1.000000000 -0.006783091
1.000000000 -0.000001537 0.000091906 -0.002629280 0.000001536 1.000000000 0.000014885 0.001065418 -0.000091906 -0.000014885 1.000000000 -0.002673086
1.000000000 -0.000018161 0.000065951 -0.002620465 0.000018158 1.000000000 0.000040080 0.001160536 -0.000065952 -0.000040079 1.000000000 -0.006150805
1.000000000 -0.000074082 -0.000008822 -0.002667107 0.000074082 1.000000000 0.000072282 0.001353215 0.000008817 -0.000072282 1.000000000 -0.002626073
1.000000000 0.000049861 0.000030467 -0.001921380 -0.000049860 1.000000000 -0.000029037 0.003220275 -0.000030468 0.000029035 1.000000000 0.001062237
1.000000000 -0.000195144 -0.000143279 0.000850657 0.000195147 1.000000000 0.000021053 0.000676814 0.000143275 -0.000021081 1.000000000 -0.006073910
1.000000000 -0.000230427 -0.000077938 -0.002016846 0.000230428 1.000000000 0.000005651 0.001431116 0.000077937 -0.000005669 1.000000000 0.003696946
0.999999940 -0.000291338 -0.000035077 -0.000272938 0.000291323 0.999999881 -0.000421442 -0.006087577 0.000035199 0.000421431 0.999999881 0.052080452
0.999999940 -0.000365383 0.000042057 0.000764377 0.000365434 0.999999225 -0.001205554 -0.004956230 -0.000041616 0.001205569 0.999999285 0.150812447
0.999999940 -0.000403935 -0.000116442 0.004496638 0.000403770 0.999998927 -0.001411983 -0.015083155 0.000117012 0.001411936 0.999998987 0.255505294
1.000000000 -0.000148746 0.000163044 -0.001223630 0.000148990 0.999998868 -0.001500810 -0.016351907 -0.000162821 0.001500835 0.999998868 0.391782403
1.000000000 -0.000196297 -0.000062649 0.008184411 0.000196219 0.999999225 -0.001245960 -0.020976238 0.000062894 0.001245947 0.999999225 0.531371593
0.999999940 0.000127746 0.000243982 0.000859262 -0.000127493 0.999999464 -0.001033661 -0.030600419 -0.000244114 0.001033630 0.999999464 0.686828494
0.999999940 -0.000277338 -0.000065993 0.025998786 0.000277276 0.999999523 -0.000927812 -0.034868874 0.000066251 0.000927793 0.999999583 0.852206469
0.999999940 -0.000356083 0.000163029 0.022493044 0.000356211 0.999999642 -0.000784600 -0.038616627 -0.000162749 0.000784658 0.999999702 1.028713346
0.999999940 0.000078866 0.000368974 0.019939831 -0.000078673 0.999999881 -0.000523114 -0.044265270 -0.000369015 0.000523085 0.999999821 1.212410688
0.999999940 -0.000386566 0.000081643 0.016551740 0.000386603 0.999999821 -0.000454937 -0.049363740 -0.000081468 0.000454969 0.999999881 1.403416872
1.000000000 -0.000027061 0.000073536 0.038172256 0.000027091 0.999999940 -0.000419079 -0.050959505 -0.000073525 0.000419081 0.999999881 1.585095286
0.999999940 -0.000365680 0.000080436 0.038872764 0.000365697 0.999999940 -0.000209025 -0.064461716 -0.000080359 0.000209054 1.000000000 1.779473782
0.999999523 -0.000971911 -0.000108152 0.027930243 0.000971937 0.999999523 0.000235746 -0.077361554 0.000107923 -0.000235851 0.999999940 2.005778074
0.999999821 0.000359388 0.000453113 0.021489242 -0.000359452 0.999999940 0.000140552 -0.085384771 -0.000453063 -0.000140715 0.999999881 2.223497868
0.999999940 -0.000205589 0.000332578 0.032890100 0.000205521 0.999999940 0.000204672 -0.083211862 -0.000332620 -0.000204604 0.999999940 2.436844826
0.999999166 -0.001205528 0.000426541 0.022028001 0.001204913 0.999998212 0.001440208 -0.109834716 -0.000428277 -0.001439693 0.999998868 2.470748425
0.999999404 -0.001038351 0.000268449 0.030421458 0.001037979 0.999998450 0.001380600 -0.117671125 -0.000269882 -0.001380321 0.999999046 2.702142954
0.999999583 -0.000840326 0.000316024 0.030278370 0.000839831 0.999998391 0.001564109 -0.120687470 -0.000317338 -0.001563843 0.999998748 2.939907074
0.999999404 -0.000598008 0.000886509 0.016720824 0.000596773 0.999998868 0.001392909 -0.131734341 -0.000887341 -0.001392379 0.999998569 3.154054165
0.999999166 -0.001080180 0.000614122 0.031259142 0.001079318 0.999998450 0.001401987 -0.140640169 -0.000615635 -0.001401324 0.999998868 3.413128138
0.999999166 -0.001132309 0.000591736 0.039170720 0.001131410 0.999998212 0.001518238 -0.150616586 -0.000593454 -0.001517568 0.999998689 3.658422470
0.999998868 -0.001288937 0.000780531 0.031471886 0.001287525 0.999997497 0.001806410 -0.155697450 -0.000782857 -0.001805403 0.999998093 3.921573400
0.999998868 -0.001379597 0.000603718 0.032235950 0.001378199 0.999996364 0.002308662 -0.177958384 -0.000606901 -0.002307828 0.999997139 4.157978535
0.999998927 -0.001321582 0.000459216 0.044544406 0.001320384 0.999995708 0.002598793 -0.187372938 -0.000462648 -0.002598184 0.999996483 4.420485497
0.999999106 -0.001067328 0.000792227 0.046923753 0.001065322 0.999996245 0.002528006 -0.195081651 -0.000794922 -0.002527159 0.999996543 4.683384895
0.999998689 -0.001562471 0.000548506 0.048480328 0.001561028 0.999995351 0.002621309 -0.201583311 -0.000552599 -0.002620449 0.999996364 4.915177822
0.999998808 -0.001347429 0.000799821 0.047900457 0.001345270 0.999995530 0.002694484 -0.214369431 -0.000803448 -0.002693405 0.999996006 5.223748207
0.999997675 -0.001860028 0.001090645 0.034908596 0.001856719 0.999993622 0.003027524 -0.236445025 -0.001096270 -0.003025492 0.999994755 5.420289993
0.999997497 -0.002075563 0.000748325 0.036329273 0.002073323 0.999993324 0.002981654 -0.245750964 -0.000754509 -0.002980095 0.999995291 5.693258286
0.999997437 -0.002186128 0.000704701 0.047106940 0.002183873 0.999992609 0.003185296 -0.251748532 -0.000711659 -0.003183748 0.999994695 5.971486092
0.999996781 -0.002363264 0.000851618 0.055119831 0.002360508 0.999991953 0.003222825 -0.258497119 -0.000859227 -0.003220805 0.999994397 6.259447098
0.999999106 -0.001105916 0.000837613 0.052486461 0.001102948 0.999993145 0.003535788 -0.277042627 -0.000841517 -0.003534860 0.999993443 6.545054436
0.999998212 -0.001675931 0.000875702 0.069703922 0.001672995 0.999993026 0.003343362 -0.286889285 -0.000881300 -0.003341891 0.999994040 6.869731426
0.999998868 -0.000727366 0.001248784 0.035527240 0.000723417 0.999994695 0.003159849 -0.286454111 -0.001251075 -0.003158941 0.999994218 7.165610790
0.999998212 -0.001243307 0.001393359 0.047062963 0.001238972 0.999994457 0.003107587 -0.299004763 -0.001397215 -0.003105855 0.999994218 7.462940693
0.999998569 -0.000870449 0.001390906 0.048441678 0.000866176 0.999994934 0.003069897 -0.303179801 -0.001393571 -0.003068688 0.999994338 7.787220478
0.999998450 -0.001190794 0.001267668 0.052359566 0.001186734 0.999994218 0.003198152 -0.313431919 -0.001271469 -0.003196643 0.999994099 8.123646736
0.999998868 -0.000020508 0.001477533 0.054841507 0.000015702 0.999994695 0.003252331 -0.310470372 -0.001477591 -0.003252304 0.999993622 8.446263313
0.999998808 -0.000429356 0.001454921 0.056152377 0.000424566 0.999994516 0.003291202 -0.325286627 -0.001456326 -0.003290580 0.999993563 8.788258553
0.999998152 0.000422371 0.001890591 0.053925499 -0.000428954 0.999993920 0.003482693 -0.339295983 -0.001889108 -0.003483497 0.999992073 9.134984016
0.999997556 -0.001335649 0.001757457 0.017541356 0.001327756 0.999989092 0.004484588 -0.405009270 -0.001763428 -0.004482244 0.999988377 9.424768448
0.999997616 -0.001624779 0.001476604 0.025951143 0.001618228 0.999988973 0.004427074 -0.414770454 -0.001483781 -0.004424674 0.999989092 9.777135849
0.999997616 -0.001303830 0.001773393 0.030868404 0.001295767 0.999988914 0.004540213 -0.426313549 -0.001779293 -0.004537904 0.999988079 10.141743660
0.999997318 -0.001203744 0.002009399 0.044531994 0.001193832 0.999987185 0.004926736 -0.436224967 -0.002015304 -0.004924323 0.999985814 10.510544777
0.999997139 -0.000119052 0.002405090 0.035747945 0.000106400 0.999986231 0.005260048 -0.446483165 -0.002405683 -0.005259777 0.999983311 10.888606071
0.999997318 -0.001384803 0.001857964 0.058557093 0.001375465 0.999986470 0.005017858 -0.460196733 -0.001864888 -0.005015288 0.999985695 11.236621857
0.999994338 -0.003120346 0.001259511 0.042607047 0.003113822 0.999981880 0.005149272 -0.490714431 -0.001275556 -0.005145321 0.999985933 11.597948074
0.999995351 -0.002829471 0.001149986 0.049979910 0.002823330 0.999981880 0.005307568 -0.504756927 -0.001164983 -0.005304297 0.999985278 11.973836899
0.999996543 -0.002213023 0.001443005 0.064401999 0.002205134 0.999982715 0.005445688 -0.514971733 -0.001455031 -0.005442486 0.999984145 12.359336853
0.999993563 -0.003442571 0.001009894 0.087916739 0.003436978 0.999979019 0.005489337 -0.514703333 -0.001028771 -0.005485831 0.999984384 12.774477959
0.999994516 -0.003166234 0.000951802 0.090721220 0.003160794 0.999979019 0.005663116 -0.530343354 -0.000969713 -0.005660078 0.999983490 13.155343056
0.999992013 -0.003828179 0.001106684 0.104112774 0.003821820 0.999976456 0.005692491 -0.535507321 -0.001128449 -0.005688217 0.999983132 13.560635567
0.999994099 -0.002877778 0.001862655 0.072733410 0.002866424 0.999977469 0.006069771 -0.576484680 -0.001880081 -0.006064396 0.999979854 14.018961906
0.999991477 -0.003672078 0.001882167 0.086249545 0.003660255 0.999973774 0.006247072 -0.591081619 -0.001905058 -0.006240129 0.999978662 14.438803673
0.999991000 -0.003888488 0.001701946 0.096401781 0.003877803 0.999972999 0.006237470 -0.595120847 -0.001726154 -0.006230814 0.999979138 14.859885216
0.999987602 -0.004586612 0.001910034 0.103811234 0.004573817 0.999967396 0.006649867 -0.615986168 -0.001940472 -0.006641048 0.999976099 15.249650955
0.999988914 -0.003985620 0.002507192 0.108584732 0.003968538 0.999969125 0.006781511 -0.639080763 -0.002534144 -0.006771486 0.999973834 15.692691803
0.999985874 -0.004499846 0.002805403 0.104916245 0.004479487 0.999963820 0.007221503 -0.659802258 -0.002837798 -0.007208835 0.999970019 16.080068588
0.999984622 -0.004884495 0.002600393 0.121448018 0.004865582 0.999962032 0.007230327 -0.691731632 -0.002635610 -0.007217565 0.999970496 16.658914566
0.999980509 -0.005785557 0.002322347 0.139843360 0.005768905 0.999957979 0.007113887 -0.701401889 -0.002363408 -0.007100351 0.999971986 17.124074936
0.999980271 -0.005661610 0.002719183 0.151683033 0.005641533 0.999957144 0.007335211 -0.709844470 -0.002760596 -0.007319726 0.999969363 17.586444855
0.999980211 -0.005456985 0.003101203 0.168275967 0.005433125 0.999955952 0.007650310 -0.723509133 -0.003142814 -0.007633309 0.999965966 18.049699783
0.999977708 -0.005910670 0.003112059 0.186827421 0.005886878 0.999953866 0.007599360 -0.730807543 -0.003156832 -0.007580871 0.999966323 18.509637833
0.999980092 -0.005439068 0.003228660 0.163839176 0.005411784 0.999950171 0.008399789 -0.763293445 -0.003274186 -0.008382150 0.999959528 19.027057648
0.999979794 -0.005530903 0.003130299 0.175486431 0.005504897 0.999950767 0.008255970 -0.777235389 -0.003175808 -0.008238571 0.999961078 19.499433517
0.999980450 -0.005324809 0.003283296 0.187425643 0.005295977 0.999947786 0.008728666 -0.787000358 -0.003329604 -0.008711108 0.999956608 20.014858246
0.999977291 -0.006056213 0.002943831 0.212637931 0.006030808 0.999945104 0.008563442 -0.806875587 -0.002995532 -0.008545495 0.999958992 20.470426559
0.999979258 -0.005938342 0.002460184 0.196195200 0.005916708 0.999944568 0.008709309 -0.829841793 -0.002511767 -0.008694573 0.999959052 20.983253479
0.999980807 -0.005849225 0.002022987 0.206486285 0.005831539 0.999945641 0.008640653 -0.837922931 -0.002073418 -0.008628691 0.999960601 21.489324570
0.999981880 -0.005671110 0.002003090 0.191924930 0.005653648 0.999946952 0.008617914 -0.855900526 -0.002051857 -0.008606434 0.999960899 21.965953827
0.999979615 -0.006140404 0.001742932 0.196700603 0.006123455 0.999935567 0.009568444 -0.881062508 -0.001801574 -0.009557577 0.999952674 22.469465256
0.999983549 -0.005498081 0.001623073 0.195992857 0.005482006 0.999937415 0.009747294 -0.890716732 -0.001676563 -0.009738236 0.999951184 22.983919144
0.999977589 -0.006641703 0.000726055 0.206763014 0.006634458 0.999932170 0.009561194 -0.903407216 -0.000789508 -0.009556165 0.999953985 23.522836685
0.999972582 -0.007401951 0.000189954 0.209583595 0.007399702 0.999923348 0.009927106 -0.927083433 -0.000263419 -0.009925428 0.999950647 23.988430023
0.999984384 -0.005599311 0.000179914 0.212038144 0.005597282 0.999936461 0.009790338 -0.931902587 -0.000234722 -0.009789177 0.999952078 24.520643234
0.999982178 -0.005944068 -0.000534610 0.224919215 0.005948932 0.999936104 0.009608271 -0.935812473 0.000477464 -0.009611280 0.999953628 25.075958252
0.999987066 -0.004973649 -0.001057588 0.222404242 0.004984005 0.999937296 0.010026401 -0.958069861 0.001007654 -0.010031542 0.999949157 25.508235931
0.999983072 -0.005589422 -0.001631681 0.236424953 0.005605290 0.999935448 0.009888412 -0.965622306 0.001576305 -0.009897390 0.999949753 26.069139481
0.999978721 -0.006151607 -0.002169403 0.254842997 0.006174529 0.999923408 0.010722794 -0.970650673 0.002103274 -0.010735960 0.999940157 26.618057251
0.999977291 -0.006309176 -0.002344347 0.267913133 0.006334891 0.999917984 0.011128424 -1.014130354 0.002273944 -0.011143020 0.999935329 27.134769440
0.999989867 -0.003864391 -0.002303250 0.250817955 0.003888284 0.999937773 0.010461067 -1.025304198 0.002262681 -0.010469916 0.999942601 27.794422150
0.999977231 -0.006059153 -0.002963815 0.255209625 0.006091316 0.999921322 0.010966167 -1.028973818 0.002897135 -0.010983971 0.999935448 28.173810959
0.999975920 -0.006011001 -0.003464999 0.269005269 0.006047669 0.999924839 0.010671213 -1.037792087 0.003400594 -0.010691911 0.999937057 28.714584351
0.999980927 -0.005335936 -0.003106242 0.258081675 0.005370383 0.999922991 0.011188678 -1.040952921 0.003046300 -0.011205148 0.999932528 29.306612015
0.999973476 -0.006180833 -0.003848053 0.279344290 0.006222405 0.999921441 0.010886661 -1.047731996 0.003780462 -0.010910315 0.999933302 29.876472473
0.999965549 -0.006970933 -0.004510792 0.273519814 0.007022721 0.999908447 0.011568587 -1.076959014 0.004429736 -0.011599865 0.999922872 30.250158310
0.999970078 -0.006251021 -0.004556533 0.287222087 0.006303485 0.999912977 0.011592094 -1.081431866 0.004483674 -0.011620468 0.999922395 30.805667877
0.999975443 -0.005516935 -0.004322804 0.274752855 0.005567353 0.999915659 0.011739496 -1.100171924 0.004257673 -0.011763274 0.999921739 31.365680695
0.999965608 -0.006836933 -0.004693367 0.259624720 0.006893164 0.999903321 0.012071318 -1.126119018 0.004610382 -0.012103254 0.999916136 31.803442001
0.999969900 -0.006071567 -0.004826854 0.268180132 0.006129417 0.999908447 0.012061825 -1.133609533 0.004753178 -0.012091047 0.999915600 32.349536896
0.999969006 -0.006139954 -0.004929340 0.281721741 0.006200595 0.999904096 0.012382642 -1.160058618 0.004852837 -0.012412824 0.999911129 32.925037384
0.999967039 -0.006107705 -0.005354190 0.332773328 0.006172329 0.999907315 0.012137596 -1.154541135 0.005279561 -0.012170243 0.999912024 33.380130768
0.999960005 -0.006942596 -0.005631419 0.293285489 0.007012831 0.999896646 0.012549563 -1.164972901 0.005543711 -0.012588555 0.999905348 33.868858337
0.999955058 -0.007311651 -0.006036648 0.297682881 0.007389697 0.999888062 0.013009365 -1.182894111 0.005940851 -0.013053388 0.999897182 34.393531799
0.999962091 -0.006557638 -0.005727599 0.301784098 0.006631585 0.999893606 0.012988524 -1.185338736 0.005641816 -0.013026015 0.999899209 34.910503387
0.999959528 -0.006770327 -0.005933759 0.326158881 0.006846921 0.999892294 0.012984341 -1.183780432 0.005845211 -0.013024443 0.999898076 35.433792114
0.999951243 -0.007739333 -0.006135269 0.312942475 0.007821551 0.999878347 0.013492064 -1.204366446 0.006030103 -0.013539394 0.999890149 35.925857544
0.999942243 -0.008398496 -0.006704207 0.315877110 0.008488757 0.999872148 0.013550439 -1.217957020 0.006589546 -0.013606567 0.999885738 36.468418121
0.999942958 -0.008034699 -0.007044066 0.335252047 0.008128708 0.999876916 0.013420441 -1.219901681 0.006935370 -0.013476934 0.999885201 37.016555786
0.999951839 -0.006684176 -0.007196351 0.362636983 0.006775544 0.999895871 0.012747698 -1.211178422 0.007110394 -0.012795842 0.999892831 37.625064850
0.999952257 -0.007014469 -0.006804368 0.331021667 0.007098879 0.999897242 0.012461448 -1.222569585 0.006716258 -0.012509158 0.999899149 38.177822113
0.999938548 -0.008482224 -0.007138939 0.322399169 0.008579256 0.999869704 0.013672714 -1.250985622 0.007022035 -0.013733121 0.999880970 38.510429382
0.999940217 -0.008313641 -0.007108695 0.340220183 0.008411089 0.999869525 0.013789867 -1.261698246 0.006993125 -0.013848834 0.999879599 39.067146301
0.999941528 -0.008197185 -0.007052968 0.345042974 0.008290716 0.999876678 0.013335743 -1.260879397 0.006942783 -0.013393437 0.999886215 39.636600494
0.999943733 -0.007557338 -0.007458657 0.353529721 0.007649678 0.999893427 0.012430107 -1.253731370 0.007363926 -0.012486461 0.999894917 40.198650360
0.999957204 -0.005933429 -0.007095794 0.369807035 0.006018559 0.999909401 0.012036590 -1.253479719 0.007023734 -0.012078780 0.999902368 40.731857300
0.999951363 -0.006720128 -0.007216888 0.366613150 0.006798175 0.999918163 0.010845124 -1.230813146 0.007143416 -0.010893658 0.999915123 41.297378540
0.999939620 -0.007938727 -0.007586643 0.348772645 0.008040985 0.999875963 0.013544694 -1.275403261 0.007478173 -0.013604881 0.999879420 41.632835388
0.999940336 -0.007773745 -0.007666066 0.361558944 0.007876676 0.999877989 0.013489339 -1.279348135 0.007560268 -0.013548918 0.999879539 42.179553986
0.999941647 -0.007399504 -0.007859706 0.363281727 0.007506673 0.999878168 0.013694427 -1.291588187 0.007757415 -0.013752630 0.999875247 42.699390411
0.999948859 -0.006778620 -0.007500254 0.387567014 0.006874704 0.999893725 0.012860010 -1.277903557 0.007412283 -0.012910916 0.999889135 43.254730225
0.999951959 -0.006353754 -0.007450317 0.402258843 0.006445688 0.999902666 0.012381190 -1.268967748 0.007370924 -0.012428619 0.999895513 43.798538208
0.999947548 -0.007087115 -0.007383170 0.362460285 0.007183098 0.999888957 0.013055955 -1.302087307 0.007289821 -0.013108304 0.999887526 44.171924591
0.999941111 -0.007604695 -0.007729121 0.380241752 0.007706914 0.999882042 0.013282473 -1.308076859 0.007627201 -0.013341258 0.999881983 44.735183716
0.999948442 -0.006979792 -0.007368707 0.382526636 0.007073718 0.999893010 0.012798361 -1.313141465 0.007278590 -0.012849825 0.999890924 45.275485992
0.999946713 -0.007181939 -0.007405378 0.397692531 0.007277521 0.999889553 0.012962008 -1.312895179 0.007311468 -0.013015212 0.999888599 45.790920258
0.999947608 -0.006954202 -0.007501753 0.371452749 0.007050301 0.999892414 0.012860826 -1.321877241 0.007411508 -0.012913041 0.999889135 46.273452759
0.999945939 -0.007306912 -0.007390131 0.386660337 0.007403254 0.999886870 0.013094441 -1.332246542 0.007293615 -0.013148446 0.999886930 46.804676056
0.999943435 -0.007370692 -0.007660019 0.393988907 0.007467341 0.999891937 0.012666425 -1.334897280 0.007565830 -0.012722909 0.999890387 47.377796173
0.999938965 -0.007835118 -0.007793600 0.395648688 0.007928992 0.999895453 0.012087881 -1.339794397 0.007698075 -0.012148938 0.999896526 47.935703278
0.999953449 -0.006185591 -0.007402861 0.389047652 0.006282389 0.999894142 0.013124730 -1.355611563 0.007320893 -0.013170628 0.999886394 48.266323090
0.999959469 -0.005594562 -0.007057069 0.384408116 0.005685788 0.999899685 0.012973721 -1.359522581 0.006983779 -0.013013320 0.999890924 48.810791016
0.999960363 -0.005584094 -0.006929630 0.387399614 0.005671257 0.999904275 0.012623007 -1.364732504 0.006858479 -0.012661807 0.999896228 49.364055634
0.999950469 -0.006391290 -0.007621261 0.404694915 0.006483581 0.999905169 0.012146977 -1.373610497 0.007542904 -0.012195788 0.999897122 49.911010742
0.999955773 -0.006362652 -0.006921802 0.393772036 0.006452643 0.999893844 0.013057394 -1.383741856 0.006837989 -0.013101478 0.999890804 50.248512268
0.999958694 -0.005991112 -0.006844763 0.397905380 0.006078859 0.999898612 0.012871398 -1.390221596 0.006766956 -0.012912472 0.999893785 50.803619385
0.999963343 -0.005426986 -0.006609304 0.399237245 0.005509175 0.999906957 0.012481498 -1.393951654 0.006540952 -0.012517452 0.999900222 51.350418091
0.999962926 -0.005110491 -0.006924872 0.406232357 0.005191747 0.999917269 0.011767301 -1.398446441 0.006864162 -0.011802816 0.999906719 51.895454407
0.999963045 -0.005016273 -0.006968415 0.408475906 0.005100258 0.999913871 0.012087340 -1.403704882 0.006907181 -0.012122434 0.999902666 52.349586487
0.999956906 -0.005985396 -0.007089576 0.410001516 0.006075484 0.999900222 0.012754473 -1.415083647 0.007012528 -0.012796997 0.999893486 52.693405151
0.999961972 -0.005448950 -0.006810022 0.408920795 0.005530792 0.999912024 0.012057464 -1.423491240 0.006743722 -0.012094671 0.999904096 53.241432190
0.999964118 -0.005269805 -0.006626408 0.412635207 0.005348510 0.999914765 0.011916251 -1.424686193 0.006563046 -0.011951266 0.999906957 53.779464722
0.999967277 -0.005008207 -0.006354610 0.418364525 0.005082314 0.999918640 0.011699869 -1.425485730 0.006295498 -0.011731781 0.999911368 54.300983429
0.999963164 -0.005355860 -0.006703747 0.426387936 0.005436756 0.999911904 0.012107800 -1.449430108 0.006638309 -0.012143801 0.999904215 54.693840027
0.999965847 -0.005156205 -0.006462771 0.435393482 0.005232467 0.999916196 0.011839294 -1.455087185 0.006401184 -0.011872705 0.999909043 55.228096008
0.999971211 -0.004571540 -0.006056209 0.439342588 0.004641538 0.999922037 0.011594813 -1.456660748 0.006002730 -0.011622590 0.999914408 55.808509827
0.999965250 -0.005222179 -0.006486308 0.435634911 0.005296987 0.999919057 0.011570193 -1.469749212 0.006425362 -0.011604150 0.999912024 56.351100922
0.999961674 -0.005432625 -0.006869561 0.456225008 0.005516992 0.999908805 0.012322519 -1.478516102 0.006801991 -0.012359946 0.999900460 56.636726379
0.999960184 -0.005422744 -0.007093211 0.460996509 0.005507698 0.999912620 0.012012468 -1.485110521 0.007027451 -0.012051054 0.999902666 57.183521271
0.999962866 -0.005343295 -0.006762884 0.471872389 0.005425625 0.999910593 0.012214636 -1.507856369 0.006697014 -0.012250877 0.999902546 57.710216522
0.999961972 -0.005159895 -0.007035167 0.485835642 0.005241759 0.999918163 0.011668027 -1.485119104 0.006974386 -0.011704459 0.999907136 58.247760773
0.999965966 -0.004269179 -0.007064103 0.534216285 0.004345219 0.999932408 0.010784056 -1.473974466 0.007017587 -0.010814384 0.999916852 58.794773102
0.999964535 -0.005106263 -0.006701765 0.465677619 0.005183380 0.999919951 0.011540469 -1.483687401 0.006642301 -0.011574797 0.999910951 59.058147430
0.999966264 -0.005062627 -0.006479198 0.467228174 0.005135216 0.999923706 0.011236235 -1.493170261 0.006421818 -0.011269129 0.999915898 59.590904236
0.999967396 -0.005103369 -0.006263485 0.481076568 0.005171478 0.999927163 0.010906404 -1.502379656 0.006207368 -0.010938440 0.999920905 60.122859955
0.999970853 -0.004007080 -0.006506436 0.524006128 0.004072649 0.999940753 0.010095866 -1.470992804 0.006465595 -0.010122071 0.999927938 60.629722595
0.999965191 -0.004971026 -0.006697278 0.512642264 0.005037884 0.999937296 0.010003196 -1.494611263 0.006647129 -0.010036588 0.999927580 61.120201111
0.999972761 -0.003937457 -0.006235080 0.474301338 0.004002542 0.999937296 0.010460768 -1.502067089 0.006193500 -0.010485440 0.999925792 61.465579987
0.999972105 -0.004056016 -0.006266785 0.475374103 0.004121492 0.999936700 0.010470692 -1.512664318 0.006223921 -0.010496229 0.999925494 62.017322540
0.999979198 -0.003315934 -0.005526244 0.470664084 0.003372824 0.999941170 0.010317059 -1.523257017 0.005491709 -0.010335485 0.999931455 62.544406891
0.999980986 -0.003189562 -0.005275548 0.467904389 0.003242250 0.999944687 0.010008977 -1.527814627 0.005243333 -0.010025891 0.999935985 63.095829010
0.999972403 -0.003896656 -0.006334630 0.495914727 0.003947287 0.999960244 0.008000022 -1.484493136 0.006303205 -0.008024805 0.999947906 63.626087189
0.999975502 -0.003736638 -0.005917018 0.464589119 0.003795509 0.999943078 0.009969828 -1.543841958 0.005879428 -0.009992042 0.999932766 63.891796112
0.999970913 -0.004419064 -0.006216686 0.473974198 0.004477936 0.999944985 0.009488238 -1.546211839 0.006174415 -0.009515801 0.999935627 64.445190430
0.999977052 -0.003694686 -0.005686768 0.465338081 0.003749889 0.999945641 0.009727309 -1.566773415 0.005650520 -0.009748410 0.999936461 64.914764404
0.999970973 -0.004246733 -0.006333401 0.475074828 0.004300965 0.999954045 0.008574196 -1.564784765 0.006296699 -0.008601187 0.999943137 65.520164490
0.999961793 -0.004599284 -0.007429706 0.630970836 0.004667603 0.999946713 0.009204294 -1.515618801 0.007386977 -0.009238622 0.999929965 65.784095764
0.999968171 -0.004748047 -0.006415082 0.490661621 0.004806084 0.999947309 0.009061738 -1.554509878 0.006371719 -0.009092281 0.999938369 66.136184692
0.999965370 -0.005053485 -0.006614924 0.494759381 0.005112032 0.999947608 0.008864034 -1.565896392 0.006569784 -0.008897544 0.999938846 66.687683105
0.999972939 -0.004545170 -0.005789658 0.504799843 0.004593612 0.999954343 0.008381224 -1.560646057 0.005751300 -0.008407595 0.999948084 67.222808838
0.999975324 -0.004667687 -0.005260105 0.470578760 0.004710947 0.999954820 0.008241815 -1.560225964 0.005221398 -0.008266391 0.999952197 67.875404358
0.999982178 -0.003141350 -0.005081929 0.532531202 0.003181954 0.999962866 0.008001239 -1.571624756 0.005056607 -0.008017267 0.999955118 68.299774170
0.999980271 -0.003493825 -0.005219446 0.487535417 0.003540054 0.999954343 0.008874328 -1.596900940 0.005188200 -0.008892631 0.999946952 68.414619446
0.999982715 -0.003183602 -0.004935227 0.493884206 0.003225009 0.999959528 0.008405136 -1.602782726 0.004908268 -0.008420908 0.999952495 68.980438232
0.999986827 -0.001887158 -0.004761392 0.501599312 0.001927279 0.999962568 0.008435935 -1.619516850 0.004745292 -0.008445002 0.999953032 69.506774902
0.999984801 -0.002596991 -0.004871205 0.525910378 0.002638315 0.999960363 0.008496023 -1.637272596 0.004848946 -0.008508745 0.999952078 70.023582458
0.999990046 -0.000486701 -0.004442646 0.554494977 0.000516320 0.999977589 0.006668109 -1.639845252 0.004439300 -0.006670337 0.999967933 70.537559509
0.999990106 0.000729819 -0.004384933 0.601156473 -0.000697311 0.999972284 0.007410427 -1.701051474 0.004390219 -0.007407296 0.999962986 70.978187561
0.999986351 -0.002749116 -0.004449446 0.485574394 0.002783969 0.999965489 0.007845787 -1.617410898 0.004427721 -0.007858069 0.999959290 71.144523621
0.999984622 -0.002841486 -0.004779567 0.504043579 0.002878054 0.999966502 0.007661263 -1.627528906 0.004757637 -0.007674899 0.999959290 71.692382812
0.999988794 -0.002417659 -0.004074827 0.502378285 0.002448029 0.999969244 0.007464554 -1.651474476 0.004056653 -0.007474446 0.999963820 72.254745483
0.999995530 0.000283573 -0.003002658 0.504184246 -0.000263184 0.999976993 0.006788399 -1.659550667 0.003004513 -0.006787577 0.999972463 72.703025818
0.999995410 0.002119933 -0.002202066 0.505528927 -0.002105756 0.999977291 0.006420492 -1.671241999 0.002215626 -0.006415825 0.999976933 73.168418884
0.999989331 -0.002930533 -0.003563993 0.400297582 0.002954855 0.999972224 0.006837649 -1.637132406 0.003543857 -0.006848107 0.999970198 73.589324951
0.999989390 -0.003106331 -0.003383751 0.417271823 0.003128330 0.999973893 0.006514814 -1.641023636 0.003363427 -0.006525331 0.999973059 74.127113342
0.999986231 -0.003947168 -0.003465806 0.428341419 0.003969002 0.999972224 0.006315547 -1.644583225 0.003440781 -0.006329216 0.999974012 74.658454895
0.999996841 -0.000542373 -0.002426591 0.444497585 0.000557917 0.999979258 0.006409270 -1.675938725 0.002423063 -0.006410603 0.999976456 75.151206970
0.999997258 0.000829720 -0.002204560 0.637228429 -0.000818947 0.999987841 0.004883023 -1.721101165 0.002208585 -0.004881203 0.999985695 75.897201538
0.999998152 -0.001903677 0.000343221 0.352839261 0.001901452 0.999977887 0.006370760 -1.662866592 -0.000355341 -0.006370096 0.999979615 75.939575195
0.999997437 -0.001459484 0.001730678 0.367898732 0.001448951 0.999980509 0.006070972 -1.677877545 -0.001739505 -0.006068449 0.999980092 76.486228943
0.999995112 -0.000984613 0.002959811 0.374867499 0.000968453 0.999984622 0.005456285 -1.665950298 -0.002965138 -0.005453392 0.999980807 77.037384033
0.999977052 -0.000155751 0.006784460 0.387163252 0.000120891 0.999986768 0.005138401 -1.680209160 -0.006785171 -0.005137462 0.999963820 77.587142944
0.999945998 -0.000861183 0.010351234 0.366104186 0.000797102 0.999980509 0.006193110 -1.703007221 -0.010356365 -0.006184524 0.999927223 77.805252075
0.999911964 -0.000654849 0.013254944 0.400272071 0.000573410 0.999980986 0.006146920 -1.719669342 -0.013258717 -0.006138777 0.999893248 78.364730835
0.999827743 0.000241934 0.018561168 0.408748507 -0.000340235 0.999985933 0.005293078 -1.701074839 -0.018559627 -0.005298480 0.999813676 78.880065918
0.999681532 0.000695750 0.025225926 0.434595942 -0.000850385 0.999980867 0.006119828 -1.743174672 -0.025221184 -0.006139331 0.999662995 79.375442505
0.999546170 -0.000866332 0.030111015 0.405192614 0.000680928 0.999980688 0.006167024 -1.744712114 -0.030115778 -0.006143721 0.999527514 79.639343262
0.999372542 -0.000823240 0.035410065 0.472002268 0.000614177 0.999982238 0.005914528 -1.752180815 -0.035414308 -0.005889069 0.999355376 80.190078735
0.999006689 -0.000496758 0.044558574 0.483239889 0.000234882 0.999982655 0.005882139 -1.761804461 -0.044560723 -0.005865830 0.998989463 80.715202332
0.998638928 -0.001033923 0.052147299 0.542173147 0.000744590 0.999984145 0.005567505 -1.773893237 -0.052152231 -0.005521098 0.998623908 81.228919983
0.998174369 0.000488274 0.060398273 0.597797394 -0.000870492 0.999979794 0.006302155 -1.796503544 -0.060393974 -0.006343225 0.998154461 81.753578186
0.997684360 -0.001067268 0.068004899 0.553628445 0.000634893 0.999979436 0.006379243 -1.768220186 -0.068010315 -0.006321296 0.997664511 82.018310547
0.996996164 -0.001302991 0.077439673 0.632933617 0.000797616 0.999978244 0.006556595 -1.795087337 -0.077446543 -0.006475133 0.996975482 82.496681213
0.996212721 -0.000962370 0.086944602 0.682948112 0.000425378 0.999980688 0.006194557 -1.805139303 -0.086948901 -0.006134111 0.996193826 83.013771057
0.995438993 0.000531319 0.095398374 0.742469311 -0.001068045 0.999983907 0.005575158 -1.795905352 -0.095393881 -0.005651619 0.995423496 83.642433167
0.994407356 -0.000778690 0.105609320 0.778680801 0.000119078 0.999980450 0.006251870 -1.805600524 -0.105612122 -0.006204329 0.994387984 83.974723816
0.993266284 -0.001333146 0.115845740 0.884949684 0.000638184 0.999981582 0.006035890 -1.830180526 -0.115851641 -0.005921316 0.993248880 84.457550049
0.992187977 -0.001833397 0.124738514 0.980463982 0.001108312 0.999982119 0.005881976 -1.839131117 -0.124747068 -0.005697777 0.992172182 85.012947083
0.990559936 -0.000705349 0.137078643 1.004026413 -0.000103554 0.999982595 0.005893801 -1.819247246 -0.137080401 -0.005852357 0.990542769 85.509338379
0.988759160 -0.000223758 0.149517298 1.109356880 -0.000648567 0.999983013 0.005785492 -1.832664371 -0.149516016 -0.005817429 0.988742292 86.054557800
0.986977756 0.000407557 0.160856500 1.205667496 -0.001347756 0.999982655 0.005735900 -1.850298762 -0.160851359 -0.005878001 0.986961186 86.584396362
0.985421598 -0.000769464 0.170128629 1.348162651 -0.000232095 0.999982774 0.005867108 -1.887124300 -0.170130223 -0.005821060 0.985404432 87.006958008
0.983097374 -0.000986916 0.183080733 1.392946243 -0.000068299 0.999983430 0.005757262 -1.858901501 -0.183083400 -0.005672454 0.983081043 87.427963257
0.980685532 -0.001444492 0.195585698 1.523859978 0.000275821 0.999981880 0.006002342 -1.873750687 -0.195590869 -0.005832464 0.980668187 87.950187683
0.978578627 -0.001759265 0.205866098 1.653230667 0.000545384 0.999982178 0.005953054 -1.892271876 -0.205872893 -0.005713255 0.978562117 88.489730835
0.975979924 -0.001625744 0.217854396 1.810693741 0.000312420 0.999981582 0.006062754 -1.923785448 -0.217860296 -0.005849064 0.975962460 88.967315674
0.972833574 -0.001157533 0.231502563 1.839385986 -0.000216571 0.999982536 0.005910079 -1.870321989 -0.231505379 -0.005799660 0.972816348 89.393150330
0.970090389 -0.001576315 0.242738828 2.001749039 0.000238639 0.999984622 0.005540060 -1.883597016 -0.242743894 -0.005316432 0.970075846 89.929290771
0.967289388 -0.002910095 0.253658503 2.177795410 0.001534665 0.999983072 0.005620073 -1.923971772 -0.253670573 -0.005046956 0.967277586 90.373031616
0.963304400 -0.002257412 0.268401682 2.484106064 0.000624413 0.999980748 0.006169365 -1.979583025 -0.268410444 -0.005775382 0.963287354 90.912475586
0.959350348 -0.002543342 0.282206506 2.376987457 0.001039468 0.999984384 0.005478571 -1.862832308 -0.282215983 -0.004962523 0.959338069 91.155433655
0.955784559 -0.001815159 0.294062287 2.547286987 0.000340299 0.999987066 0.005066557 -1.866285920 -0.294067681 -0.004742468 0.955772817 91.713676453
0.951406419 -0.001590635 0.307934016 2.751255035 0.000054202 0.999987483 0.004997975 -1.871588230 -0.307938069 -0.004738414 0.951394618 92.253700256
0.946781933 -0.001797145 0.321870714 2.957561493 0.000267032 0.999988437 0.004797896 -1.883216143 -0.321875572 -0.004456611 0.946771502 92.797210693
0.943075776 -0.002991450 0.332564533 3.117509842 0.001283162 0.999984860 0.005356209 -1.899921894 -0.332575500 -0.004624577 0.943065286 93.104904175
0.938288033 -0.002780748 0.345843911 3.313312531 0.001011166 0.999985456 0.005297020 -1.921562314 -0.345853627 -0.004620424 0.938277066 93.585594177
0.932874322 -0.002956996 0.360189974 3.531900406 0.001154272 0.999985754 0.005219916 -1.921566725 -0.360200256 -0.004453769 0.932864368 94.075073242
0.928513706 -0.004557636 0.371270239 3.760427475 0.002785319 0.999982059 0.005309737 -1.942668915 -0.371287823 -0.003896058 0.928509712 94.490585327
0.924124420 -0.004144641 0.382069200 3.915851593 0.002293345 0.999983251 0.005300702 -1.929996490 -0.382084727 -0.004022290 0.924118519 94.894180298
0.918294072 -0.003948807 0.395879239 4.143390656 0.001898402 0.999982715 0.005571009 -1.944231749 -0.395894349 -0.004364287 0.918285668 95.391670227
0.912561655 -0.003717700 0.408922195 4.394958496 0.001765521 0.999985158 0.005151342 -1.939712048 -0.408935279 -0.003978956 0.912554681 95.912361145
0.907483757 -0.003907124 0.420068800 4.622100830 0.001954427 0.999985158 0.005078822 -1.967712760 -0.420082390 -0.003787955 0.907478034 96.323150635
0.901657164 -0.006344588 0.432405055 4.866580963 0.004217785 0.999973834 0.005877418 -1.999024630 -0.432431012 -0.003475625 0.901660323 96.644340515
0.894070387 -0.004753548 0.447901279 5.024456024 0.002708266 0.999982774 0.005206697 -1.951652050 -0.447918326 -0.003442117 0.894067883 97.093063354
0.888242543 -0.005665068 0.459339857 5.303047180 0.003834719 0.999980509 0.004917488 -1.958632708 -0.459358722 -0.002606482 0.888247013 97.568611145
0.882407546 -0.005911373 0.470448703 5.577327728 0.003851116 0.999978304 0.005341690 -1.980492234 -0.470470071 -0.002901795 0.882411242 98.018463135
