1.000000000 0.000000000 0.000000000 0.000000000 0.000000000 1.000000000 0.000000000 0.000000000 0.000000000 0.000000000 1.000000000 0.000000000
1.000000000 -0.000081244 -0.000211481 0.003680915 0.000081273 1.000000000 0.000138686 -0.003176902 0.000211470 -0.000138703 0.999999940 -0.002287776
1.000000000 0.000036311 0.000004860 0.000663818 -0.000036312 1.000000000 0.000071918 -0.002747794 -0.000004857 -0.000071918 1.000000000 -0.003171084
1.000000000 -0.000109250 -0.000149501 0.006436437 0.000109278 1.000000000 0.000186280 -0.003010983 0.000149481 -0.000186296 1.000000000 -0.004516449
1.000000000 -0.000042703 -0.000052908 0.000907675 0.000042705 1.000000000 0.000041408 -0.000471806 0.000052906 -0.000041410 1.000000000 0.000132445
1.000000000 -0.000029152 0.000064142 -0.000679759 0.000029152 1.000000000 0.000007348 -0.001642828 -0.000064142 -0.000007346 1.000000000 -0.001521464
1.000000000 -0.000088674 -0.000133554 0.004893200 0.000088697 1.000000000 0.000175023 -0.003238665 0.000133538 -0.000175035 1.000000000 -0.007150173
1.000000000 -0.000127601 -0.000047117 -0.000554468 0.000127604 1.000000000 0.000053917 0.000063574 0.000047110 -0.000053923 1.000000000 0.000692048
1.000000000 0.000007010 -0.000086619 0.002565697 -0.000007002 1.000000000 0.000090825 -0.003429581 0.000086619 -0.000090824 1.000000000 -0.009063723
1.000000000 0.000028168 0.000041294 0.000611922 -0.000028172 1.000000000 0.000102784 -0.002680052 -0.000041291 -0.000102785 1.000000000 -0.005687411
1.000000000 0.000117636 0.000088676 -0.001165567 -0.000117640 1.000000000 0.000047554 -0.000962268 -0.000088671 -0.000047565 1.000000000 -0.005089506
1.000000000 -0.000107084 -0.000024133 -0.000484811 0.000107086 1.000000000 0.000090640 -0.003843043 0.000024123 -0.000090642 1.000000000 -0.008585051
1.000000000 -0.000066490 -0.000006668 0.000305625 0.000066491 1.000000000 0.000061113 -0.001836867 0.000006664 -0.000061114 1.000000000 -0.006262594
1.000000000 -0.000062777 -0.000017365 0.000557728 0.000062779 1.000000000 0.000090177 -0.001805024 0.000017360 -0.000090178 1.000000000 -0.005922277
1.000000000 -0.000227171 -0.000082043 0.001116830 0.000227186 0.999999940 0.000188380 -0.002300036 0.000082000 -0.000188399 1.000000000 -0.008361692
0.999999940 -0.000252425 -0.000120362 -0.000747005 0.000252440 0.999999940 0.000126758 -0.002714850 0.000120330 -0.000126789 1.000000000 -0.009398161
1.000000000 -0.000166974 0.000025193 0.000002169 0.000166973 1.000000000 0.000052266 -0.001154117 -0.000025202 -0.000052262 1.000000000 -0.008020137
1.000000000 0.000056240 0.000003416 0.002001404 -0.000056241 1.000000000 0.000182419 -0.003548531 -0.000003406 -0.000182420 1.000000000 -0.011572123
0.999999940 -0.000240097 -0.000072707 0.001463357 0.000240104 0.999999940 0.000106285 -0.003782572 0.000072681 -0.000106302 1.000000000 -0.008663336
0.999999940 -0.000272013 -0.000079815 0.004083691 0.000272026 0.999999940 0.000166063 -0.005516386 0.000079770 -0.000166085 1.000000000 -0.016075691
1.000000000 -0.000045180 -0.000021307 0.001857351 0.000045185 1.000000000 0.000216335 -0.005281007 0.000021297 -0.000216336 1.000000000 -0.011718375
1.000000000 0.000024593 0.000046297 -0.000347807 -0.000024598 1.000000000 0.000119472 -0.001188635 -0.000046294 -0.000119473 1.000000000 -0.007276517
0.999999940 -0.000244720 -0.000179880 0.006017354 0.000244755 0.999999940 0.000196638 -0.003677111 0.000179832 -0.000196682 0.999999940 -0.015766483
1.000000000 -0.000213723 -0.000083991 0.001826869 0.000213741 0.999999940 0.000220503 -0.003410075 0.000083944 -0.000220521 1.000000000 -0.007294567
1.000000000 -0.000068381 -0.000133618 0.005974226 0.000068408 1.000000000 0.000202656 -0.003507989 0.000133604 -0.000202665 1.000000000 -0.015817091
1.000000000 -0.000083097 -0.000043632 0.000922194 0.000083106 1.000000000 0.000208736 -0.003076709 0.000043615 -0.000208740 1.000000000 -0.013752564
1.000000000 -0.000087474 -0.000019092 -0.001548317 0.000087478 1.000000000 0.000206154 -0.004860878 0.000019074 -0.000206155 1.000000000 -0.015328049
1.000000000 -0.000077553 -0.000002245 -0.001210112 0.000077553 1.000000000 0.000193435 -0.003255959 0.000002230 -0.000193435 1.000000000 -0.009565366
0.999999940 -0.000249031 -0.000152812 -0.000149686 0.000249051 0.999999940 0.000135006 0.000310407 0.000152779 -0.000135044 1.000000000 -0.007398194
1.000000000 -0.000131009 -0.000108537 0.001751287 0.000131031 1.000000000 0.000201232 -0.002468518 0.000108510 -0.000201246 1.000000000 -0.009577231
1.000000000 -0.000139894 0.000022754 -0.001272979 0.000139892 1.000000000 0.000123882 -0.001623736 -0.000022771 -0.000123879 1.000000000 -0.003078269
0.999999940 -0.000233340 -0.000089371 -0.001596113 0.000233361 0.999999940 0.000229661 -0.002696404 0.000089317 -0.000229682 0.999999940 -0.009492870
0.999999940 -0.000192120 -0.000155892 0.002229103 0.000192161 0.999999940 0.000261027 -0.003619110 0.000155842 -0.000261057 0.999999940 -0.014225817
1.000000000 -0.000022151 -0.000119527 -0.000243634 0.000022161 1.000000000 0.000087271 -0.001159132 0.000119525 -0.000087274 1.000000000 -0.005680088
1.000000000 -0.000095298 -0.000067163 -0.001095224 0.000095304 1.000000000 0.000081125 -0.000758350 0.000067155 -0.000081132 1.000000000 -0.007077701
1.000000000 -0.000187292 -0.000065803 -0.001779866 0.000187292 1.000000000 -0.000012312 0.000383106 0.000065805 0.000012299 1.000000000 -0.010848034
0.999999940 -0.000269059 -0.000212205 0.003703532 0.000269074 0.999999940 0.000072146 -0.001136475 0.000212186 -0.000072204 1.000000000 -0.009893576
1.000000000 -0.000199101 -0.000035201 0.000635360 0.000199102 1.000000000 0.000038968 0.000193303 0.000035193 -0.000038975 1.000000000 -0.008372257
1.000000000 -0.000028757 -0.000055561 -0.000617791 0.000028772 0.999999940 0.000281858 -0.002583929 0.000055553 -0.000281860 0.999999940 -0.012019405
0.999999940 -0.000229997 -0.000251593 0.005098189 0.000230038 0.999999940 0.000162223 -0.005778341 0.000251555 -0.000162281 0.999999940 -0.006829001
1.000000000 0.000007062 -0.000169118 0.008217985 -0.000007133 0.999999940 -0.000414784 -0.008779528 0.000169115 0.000414785 0.999999881 0.042099711
1.000000000 -0.000036233 -0.000186800 0.008140584 0.000035987 0.999999106 -0.001317291 -0.003201186 0.000186848 0.001317284 0.999999106 0.144050881
1.000000000 -0.000065331 -0.000056335 0.004754301 0.000065252 0.999998987 -0.001408366 -0.010355740 0.000056427 0.001408362 0.999998987 0.263898581
0.999999940 -0.000293978 0.000210467 0.001647294 0.000294239 0.999999166 -0.001241566 -0.016396426 -0.000210102 0.001241627 0.999999225 0.384770542
1.000000000 0.000160830 -0.000016138 0.005604149 -0.000160848 0.999999344 -0.001129712 -0.022143319 0.000015956 0.001129715 0.999999344 0.534793317
1.000000000 0.000108557 0.000035579 0.016855026 -0.000108516 0.999999344 -0.001163855 -0.026011689 -0.000035705 0.001163851 0.999999344 0.681283593
1.000000000 0.000052025 0.000152272 0.031495161 -0.000051918 0.999999762 -0.000707325 -0.039371908 -0.000152309 0.000707318 0.999999762 0.857873738
1.000000000 -0.000057690 0.000151881 0.023811035 0.000057776 0.999999821 -0.000565541 -0.038334124 -0.000151848 0.000565549 0.999999821 1.022642851
0.999999762 0.000207100 0.000627184 0.008705038 -0.000206695 0.999999762 -0.000645777 -0.039770372 -0.000627318 0.000645647 0.999999583 1.195373297
0.999999940 0.000133251 0.000298433 0.032128159 -0.000133130 0.999999881 -0.000404207 -0.053944513 -0.000298487 0.000404167 0.999999881 1.418015361
0.999999821 0.000341849 0.000505076 0.029636845 -0.000341562 0.999999762 -0.000568762 -0.058296464 -0.000505270 0.000568590 0.999999702 1.608108640
0.999999464 0.000633198 0.000791912 0.034327336 -0.000633038 0.999999762 -0.000201458 -0.068774015 -0.000792040 0.000200957 0.999999642 1.804055214
0.999999106 -0.001190881 0.000506446 0.009166735 0.001189860 0.999997258 0.002012754 -0.094160356 -0.000508842 -0.002012150 0.999997854 2.056018829
0.999999225 -0.000953230 0.000893955 0.014491660 0.000951488 0.999997675 0.001946967 -0.100218646 -0.000895809 -0.001946115 0.999997735 2.281729698
0.999999404 -0.000112782 0.001107443 0.011427143 0.000110616 0.999998093 0.001955589 -0.101222910 -0.001107661 -0.001955465 0.999997497 2.492010832
0.999999523 -0.000802411 0.000476010 0.021383788 0.000801493 0.999997854 0.001925482 -0.116889030 -0.000477554 -0.001925100 0.999998033 2.781325817
0.999999642 -0.000684919 0.000647869 0.026279427 0.000683507 0.999997437 0.002177366 -0.121755466 -0.000649359 -0.002176922 0.999997377 3.014253378
0.999999642 -0.000510073 0.000691947 0.031570509 0.000508665 0.999997795 0.002032998 -0.125788793 -0.000692983 -0.002032645 0.999997735 3.249524355
0.999999344 -0.000886788 0.000767838 0.024609581 0.000885182 0.999997437 0.002088344 -0.132347614 -0.000769688 -0.002087663 0.999997497 3.480115414
0.999998987 -0.001384264 0.000379932 0.043000009 0.001383435 0.999996603 0.002172970 -0.147958562 -0.000382938 -0.002172442 0.999997556 3.794455051
0.999999404 -0.001068298 0.000347571 0.047367740 0.001067537 0.999997079 0.002184242 -0.152133018 -0.000349904 -0.002183869 0.999997556 4.042348385
0.999998748 -0.001600451 0.000167888 0.059365112 0.001600054 0.999996006 0.002340495 -0.160191014 -0.000171633 -0.002340224 0.999997199 4.319540501
0.999999642 -0.000641392 0.000613894 0.051418953 0.000639816 0.999996483 0.002564203 -0.167939365 -0.000615536 -0.002563809 0.999996543 4.572037697
0.999999166 -0.001262263 0.000406227 0.065121964 0.001261211 0.999995828 0.002579083 -0.179541126 -0.000409481 -0.002578569 0.999996543 4.826761723
0.999997973 -0.002007699 0.000176525 0.053628001 0.002007101 0.999992609 0.003322065 -0.210373491 -0.000183193 -0.003321704 0.999994457 5.132127285
0.999997079 -0.002429704 0.000315228 0.060043193 0.002428700 0.999992192 0.003147598 -0.218555510 -0.000322873 -0.003146823 0.999994993 5.386380672
0.999998212 -0.001872928 0.000192385 0.066654257 0.001872299 0.999993145 0.003217489 -0.221269041 -0.000198410 -0.003217123 0.999994755 5.658909321
0.999997258 -0.002269973 0.000523022 0.066839114 0.002268230 0.999992013 0.003308009 -0.231407285 -0.000530526 -0.003306814 0.999994397 5.906867981
0.999997377 -0.002252039 0.000513238 0.076279581 0.002250281 0.999991775 0.003400747 -0.242289245 -0.000520893 -0.003399583 0.999994099 6.194972038
0.999997199 -0.002284563 0.000586042 0.073779091 0.002282553 0.999991596 0.003407678 -0.257523507 -0.000593822 -0.003406331 0.999994040 6.497150421
0.999997079 -0.002357479 0.000526980 0.077070050 0.002355688 0.999991536 0.003373287 -0.261044562 -0.000534928 -0.003372035 0.999994218 6.774733067
0.999996781 -0.002475946 0.000542369 0.087267011 0.002474143 0.999991477 0.003302379 -0.272536665 -0.000550541 -0.003301026 0.999994397 7.067747116
0.999995589 -0.002868563 0.000815740 0.095381998 0.002865744 0.999990046 0.003436212 -0.274481535 -0.000825589 -0.003433860 0.999993801 7.374790668
0.999996603 -0.002519047 0.000673221 0.107277080 0.002516796 0.999991357 0.003324638 -0.289967835 -0.000681590 -0.003322932 0.999994278 7.672330379
0.999995470 -0.002968286 0.000407767 0.112521984 0.002966982 0.999990523 0.003161995 -0.309624255 -0.000417149 -0.003160771 0.999994934 8.023922920
0.999996841 -0.002458223 0.000576205 0.124121010 0.002455951 0.999989271 0.003910631 -0.323616296 -0.000585812 -0.003909203 0.999992192 8.340331078
0.999994874 -0.003161809 0.000391711 0.122255556 0.003160323 0.999987960 0.003736251 -0.329890192 -0.000403520 -0.003734994 0.999992967 8.655689240
0.999995351 -0.003057021 0.000275581 0.136812076 0.003056009 0.999988854 0.003603477 -0.337891042 -0.000286593 -0.003602618 0.999993443 8.991792679
0.999995768 -0.002830362 0.000761996 0.122691400 0.002827630 0.999989629 0.003563407 -0.336344004 -0.000772074 -0.003561237 0.999993324 9.354177475
0.999996603 -0.002386414 0.001071743 0.151598692 0.002382620 0.999990880 0.003527353 -0.349142373 -0.001080150 -0.003524787 0.999993205 9.691272736
0.999993801 -0.003502519 0.000395195 0.142836943 0.003500835 0.999985039 0.004183559 -0.381183982 -0.000409842 -0.004182150 0.999991119 10.090579987
0.999993920 -0.003509614 0.000005455 0.155502498 0.003509561 0.999985158 0.004159394 -0.391578794 -0.000020053 -0.004159349 0.999991357 10.439236641
0.999996185 -0.002724354 0.000483296 0.147836283 0.002722326 0.999987662 0.004149473 -0.403865159 -0.000494595 -0.004148141 0.999991298 10.811665535
0.999994874 -0.003133994 0.000629904 0.157269910 0.003131184 0.999985397 0.004412821 -0.411410183 -0.000643725 -0.004410826 0.999990106 11.178698540
0.999994874 -0.003204202 0.000205094 0.174434975 0.003203335 0.999986470 0.004094886 -0.405358523 -0.000218212 -0.004094208 0.999991596 11.593049049
0.999994457 -0.003309633 0.000269286 0.180501893 0.003308376 0.999984145 0.004540749 -0.424305677 -0.000284311 -0.004539833 0.999989688 11.949289322
0.999992549 -0.003846458 0.000384295 0.171881750 0.003844535 0.999980807 0.004883274 -0.470523775 -0.000403071 -0.004881760 0.999988019 12.387049675
0.999992073 -0.003989074 0.000200266 0.185522407 0.003988023 0.999979615 0.004998379 -0.480528772 -0.000220201 -0.004997541 0.999987483 12.772115707
0.999993682 -0.003503595 0.000589256 0.194827005 0.003500457 0.999980032 0.005245751 -0.492773414 -0.000607623 -0.005243655 0.999986053 13.154312134
0.999989748 -0.004521482 -0.000015706 0.215633258 0.004521499 0.999973774 0.005641088 -0.500622094 -0.000009801 -0.005641101 0.999984086 13.561587334
0.999990404 -0.004390364 -0.000053336 0.223780081 0.004390585 0.999976218 0.005303743 -0.510803580 0.000030050 -0.005303926 0.999985933 13.934743881
0.999995887 -0.002819388 0.000586988 0.231632024 0.002815952 0.999979377 0.005774275 -0.515051842 -0.000603256 -0.005772598 0.999983191 14.359715462
0.999993742 -0.003514190 0.000341880 0.224386886 0.003512040 0.999975204 0.006097977 -0.556808114 -0.000363301 -0.006096738 0.999981284 14.837961197
0.999987543 -0.005004782 0.000057881 0.240834177 0.005004351 0.999969840 0.005936478 -0.567279816 -0.000087591 -0.005936114 0.999982297 15.272674561
0.999988914 -0.004682821 0.000449256 0.249841526 0.004679980 0.999970376 0.006127724 -0.570390880 -0.000477937 -0.006125554 0.999981105 15.715956688
0.999988854 -0.004577807 0.001093810 0.257707715 0.004570547 0.999968112 0.006549099 -0.578190088 -0.001123756 -0.006544027 0.999978006 16.159740448
0.999988973 -0.004571618 0.001065284 0.278042287 0.004564146 0.999965727 0.006914117 -0.604642034 -0.001096857 -0.006909179 0.999975562 16.535604477
0.999994099 -0.003035269 0.001599185 0.265057534 0.003024475 0.999972939 0.006709372 -0.627874553 -0.001619506 -0.006704497 0.999976218 17.126531601
0.999993324 -0.003152303 0.001841023 0.276240319 0.003141320 0.999977469 0.005938682 -0.628371656 -0.001859701 -0.005932859 0.999980628 17.592500687
0.999991894 -0.003024113 0.002662466 0.285243273 0.003007625 0.999976397 0.006175256 -0.639895439 -0.002681079 -0.006167197 0.999977410 18.042446136
0.999992788 -0.002913136 0.002433647 0.294075936 0.002896992 0.999973953 0.006610917 -0.659633219 -0.002452842 -0.006603818 0.999975204 18.505048752
0.999989569 -0.003872285 0.002413755 0.321344167 0.003856757 0.999972105 0.006404676 -0.644350946 -0.002438488 -0.006395299 0.999976516 18.993680954
0.999988198 -0.003646715 0.003220167 0.317140341 0.003624538 0.999969840 0.006866019 -0.664129555 -0.003245108 -0.006854266 0.999971211 19.494119644
0.999990165 -0.003430780 0.002804993 0.324128449 0.003410110 0.999967158 0.007340753 -0.706489205 -0.002830086 -0.007331117 0.999969065 20.029401779
0.999983191 -0.005274618 0.002427662 0.339645624 0.005257138 0.999960482 0.007151534 -0.716453671 -0.002465289 -0.007138652 0.999971449 20.501762390
0.999991298 -0.002931085 0.002958532 0.348500252 0.002909161 0.999968469 0.007387808 -0.727794349 -0.002980093 -0.007379137 0.999968290 21.002666473
0.999989033 -0.003955294 0.002504585 0.349653661 0.003935902 0.999962628 0.007700780 -0.740785480 -0.002534951 -0.007690839 0.999967158 21.521965027
0.999989271 -0.003709266 0.002785331 0.355704993 0.003686676 0.999960601 0.008072271 -0.774835706 -0.002815163 -0.008061916 0.999963522 22.038049698
0.999992788 -0.003187058 0.002067493 0.373508275 0.003171677 0.999967575 0.007400386 -0.772631407 -0.002091012 -0.007393774 0.999970496 22.566947937
0.999992192 -0.003636949 0.001585099 0.388344467 0.003625291 0.999966860 0.007296344 -0.781494796 -0.001611583 -0.007290540 0.999972165 23.093109131
0.999992013 -0.003761583 0.001364125 0.389398813 0.003750872 0.999962747 0.007771609 -0.805279851 -0.001393307 -0.007766431 0.999968886 23.603521347
0.999991894 -0.003975782 0.000716794 0.383765757 0.003970033 0.999961197 0.007852308 -0.812290251 -0.000747985 -0.007849397 0.999968946 24.126243591
0.999992132 -0.003964942 0.000138256 0.401354969 0.003963749 0.999961972 0.007765130 -0.828120947 -0.000169039 -0.007764522 0.999969840 24.725505829
0.999988556 -0.004735720 -0.000643968 0.407963187 0.004740500 0.999959588 0.007634813 -0.842363775 0.000607786 -0.007637779 0.999970615 25.263271332
0.999990880 -0.004077335 -0.001286647 0.409481227 0.004087364 0.999960542 0.007890681 -0.856882811 0.001254423 -0.007895866 0.999968052 25.793285370
0.999991119 -0.003750232 -0.001938306 0.427575409 0.003766044 0.999959111 0.008219223 -0.865972638 0.001907402 -0.008226451 0.999964356 26.350002289
0.999989152 -0.004202207 -0.001984963 0.390714914 0.004218771 0.999955714 0.008415808 -0.923277974 0.001949510 -0.008424091 0.999962628 26.967336655
0.999986827 -0.004347955 -0.002728551 0.401692092 0.004369734 0.999958217 0.008027639 -0.930713415 0.002693533 -0.008039456 0.999964058 27.521808624
0.999976635 -0.005731439 -0.003720046 0.422570467 0.005764246 0.999944091 0.008869083 -0.932660103 0.003669005 -0.008890319 0.999953747 28.080898285
0.999977350 -0.005755148 -0.003486193 0.413601428 0.005788878 0.999935746 0.009743652 -0.979184270 0.003429893 -0.009763613 0.999946535 28.654859543
0.999983191 -0.004352667 -0.003831944 0.416276634 0.004388801 0.999945521 0.009472178 -0.994184136 0.003790506 -0.009488836 0.999947786 29.241333008
0.999979615 -0.004774145 -0.004233390 0.420958966 0.004813903 0.999943852 0.009431598 -1.006610990 0.004188125 -0.009451786 0.999946535 29.799104691
0.999974251 -0.005126746 -0.005023093 0.430236101 0.005176694 0.999936759 0.009981670 -1.027408719 0.004971602 -0.010007420 0.999937534 30.352857590
0.999964237 -0.006289402 -0.005648747 0.433125436 0.006347882 0.999925792 0.010395199 -1.050058484 0.005582949 -0.010430687 0.999929965 30.923234940
0.999967039 -0.005895903 -0.005588619 0.432049453 0.005952809 0.999929965 0.010220835 -1.048419476 0.005527967 -0.010253765 0.999932170 31.454629898
0.999935865 -0.008432137 -0.007556879 0.501356125 0.008515109 0.999903083 0.011015601 -1.067392349 0.007463261 -0.011079241 0.999910772 32.052165985
0.999971092 -0.004581106 -0.006060439 0.417494297 0.004646981 0.999929726 0.010900575 -1.128040671 0.006010076 -0.010928419 0.999922216 32.611698151
0.999974132 -0.004174854 -0.005856439 0.423571795 0.004241367 0.999926090 0.011391187 -1.146408558 0.005808450 -0.011415730 0.999917984 33.149986267
0.999965608 -0.005366093 -0.006330213 0.446212858 0.005436591 0.999922812 0.011172656 -1.164007783 0.006269770 -0.011206685 0.999917567 33.719551086
0.999967337 -0.005173590 -0.006202476 0.424117506 0.005240013 0.999928594 0.010740986 -1.148137569 0.006146464 -0.010773136 0.999923050 34.248500824
0.999971151 -0.004170847 -0.006341752 0.425730824 0.004239134 0.999932826 0.010792622 -1.166211486 0.006296312 -0.010819196 0.999921620 34.786361694
0.999972343 -0.004826664 -0.005659395 0.413967937 0.004894304 0.999915957 0.011999382 -1.183354855 0.005601002 -0.012026749 0.999912024 35.258998871
0.999955893 -0.006038401 -0.007197400 0.411628813 0.006135913 0.999888659 0.013604085 -1.273577929 0.007114451 -0.013647650 0.999881506 35.951778412
0.999949217 -0.006629014 -0.007603164 0.416967869 0.006727355 0.999893129 0.012982202 -1.275129080 0.007516292 -0.013032692 0.999886811 36.459564209
0.999941409 -0.006685349 -0.008517662 0.431716412 0.006804339 0.999878585 0.014018264 -1.301076889 0.008422911 -0.014075399 0.999865472 36.992256165
0.999958992 -0.005160863 -0.007450636 0.416147947 0.005264945 0.999887884 0.014018199 -1.315963626 0.007377455 -0.014056850 0.999874055 37.552116394
0.999959052 -0.005602969 -0.007120057 0.393661976 0.005703859 0.999882460 0.014229413 -1.332087755 0.007039492 -0.014269441 0.999873459 38.165969849
0.999958634 -0.005034273 -0.007582649 0.420086712 0.005143186 0.999882936 0.014413031 -1.340469718 0.007509202 -0.014451434 0.999867439 38.687568665
0.999963403 -0.005623927 -0.006449044 0.389596462 0.005716811 0.999878943 0.014475930 -1.347065806 0.006366852 -0.014512271 0.999874413 39.257514954
0.999946475 -0.006319585 -0.008192888 0.449407667 0.006441571 0.999867558 0.014949460 -1.398846149 0.008097326 -0.015001435 0.999854743 39.823081970
0.999943912 -0.007373129 -0.007603595 0.385387391 0.007482938 0.999866664 0.014515671 -1.386460781 0.007495556 -0.014571755 0.999865651 40.333477020
0.999938011 -0.007451052 -0.008270277 0.416292489 0.007574625 0.999858677 0.015012253 -1.423073769 0.008157250 -0.015073969 0.999853015 40.897491455
0.999949753 -0.006304973 -0.007802737 0.391670108 0.006412007 0.999884665 0.013769350 -1.387002707 0.007715022 -0.013818688 0.999874651 41.431243896
0.999942899 -0.006912996 -0.008148234 0.425449520 0.007031305 0.999869049 0.014581679 -1.422327518 0.008046363 -0.014638140 0.999860406 42.004020691
0.999929428 -0.007985194 -0.008801518 0.417237163 0.008113353 0.999860227 0.014622720 -1.450957537 0.008683523 -0.014693098 0.999854267 42.574966431
0.999934256 -0.006874105 -0.009171682 0.468030930 0.007010519 0.999864042 0.014925005 -1.449072123 0.009067839 -0.014988321 0.999846458 43.139682770
0.999932647 -0.007466133 -0.008883334 0.467331886 0.007586743 0.999878407 0.013621777 -1.445883751 0.008780551 -0.013688255 0.999867678 43.690864563
0.999930024 -0.008112554 -0.008613836 0.442691624 0.008244677 0.999847174 0.015415474 -1.468230724 0.008487461 -0.015485413 0.999844015 44.239749908
0.999919772 -0.008531011 -0.009362165 0.471918494 0.008679840 0.999834657 0.015973117 -1.477916002 0.009224351 -0.016053097 0.999828517 44.778087616
0.999931157 -0.008137008 -0.008460260 0.445760608 0.008266520 0.999847472 0.015387776 -1.488927007 0.008333758 -0.015456651 0.999845743 45.334175110
0.999923825 -0.008368193 -0.009067571 0.386577487 0.008510773 0.999838889 0.015801128 -1.530541420 0.008933884 -0.015877094 0.999834061 45.857227325
0.999919474 -0.008722105 -0.009214513 0.398904264 0.008868393 0.999833345 0.015956009 -1.531829476 0.009073809 -0.016036440 0.999830306 46.420486450
0.999924302 -0.008344210 -0.009062550 0.407429874 0.008478390 0.999853492 0.014869803 -1.526788235 0.008937147 -0.014945509 0.999848366 46.968517303
0.999901414 -0.010235824 -0.009611218 0.439101368 0.010391201 0.999813855 0.016257843 -1.535647869 0.009443015 -0.016356109 0.999821663 47.506134033
0.999900281 -0.010303223 -0.009663850 0.441881031 0.010465113 0.999803126 0.016853834 -1.552610993 0.009488299 -0.016953288 0.999811232 48.048240662
0.999924064 -0.008603614 -0.008822146 0.408257216 0.008746980 0.999828160 0.016342968 -1.561904073 0.008680020 -0.016418900 0.999827564 48.632705688
0.999909759 -0.009862725 -0.009123523 0.414538175 0.010017531 0.999803901 0.017080581 -1.584517360 0.008953271 -0.017170433 0.999812484 49.168251038
0.999944210 -0.006533182 -0.008303218 0.360720932 0.006670538 0.999839544 0.016623918 -1.614355087 0.008193279 -0.016678378 0.999827325 49.620094299
0.999942601 -0.006683060 -0.008379288 0.370676130 0.006822725 0.999836385 0.016751513 -1.627687812 0.008265967 -0.016807718 0.999824584 50.158306122
0.999951601 -0.006342489 -0.007511337 0.366109610 0.006475896 0.999819279 0.017871805 -1.644903421 0.007396630 -0.017919587 0.999812067 50.704895020
0.999934494 -0.007182968 -0.008903937 0.391496450 0.007329976 0.999835491 0.016589290 -1.633717060 0.008783313 -0.016653471 0.999822795 51.265365601
0.999935985 -0.007317395 -0.008621034 0.376254737 0.007465095 0.999823749 0.017226841 -1.656948805 0.008493461 -0.017290097 0.999814510 51.831100464
0.999936461 -0.007241511 -0.008638556 0.364363939 0.007392173 0.999818921 0.017538177 -1.666147709 0.008509989 -0.017600924 0.999808848 52.381633759
0.999930680 -0.007194303 -0.009317625 0.412866324 0.007341438 0.999847353 0.015854204 -1.645977855 0.009202143 -0.015921511 0.999830902 52.653793335
0.999928653 -0.007251943 -0.009488042 0.416126728 0.007407994 0.999836087 0.016516590 -1.656726837 0.009366710 -0.016585700 0.999818623 53.206260681
0.999930322 -0.007330616 -0.009250229 0.417065173 0.007471539 0.999855101 0.015293052 -1.654855967 0.009136780 -0.015361100 0.999840319 53.741634369
0.999919355 -0.008056396 -0.009813382 0.434956968 0.008205000 0.999850810 0.015197964 -1.655164242 0.009689478 -0.015277257 0.999836326 54.302101135
0.999925554 -0.007549318 -0.009583880 0.429382801 0.007699710 0.999846160 0.015753461 -1.671428204 0.009463480 -0.015826082 0.999829888 54.625312805
0.999930143 -0.007082860 -0.009452235 0.442249358 0.007230447 0.999850988 0.015672313 -1.671829700 0.009339824 -0.015739564 0.999832451 55.166759491
0.999929190 -0.007331665 -0.009371281 0.413784087 0.007477660 0.999849737 0.015640061 -1.682972193 0.009255206 -0.015709028 0.999833763 55.686298370
0.999922156 -0.007547907 -0.009930409 0.467130601 0.007695593 0.999859154 0.014918971 -1.681604266 0.009816404 -0.014994230 0.999839365 56.256267548
0.999931455 -0.006661403 -0.009623853 0.456943393 0.006802777 0.999868393 0.014732793 -1.671226740 0.009524447 -0.014797254 0.999845088 56.789157867
0.999931455 -0.007335097 -0.009120582 0.417235851 0.007471541 0.999859333 0.015017163 -1.695266247 0.009009145 -0.015084280 0.999845624 57.222816467
0.999936640 -0.007128336 -0.008705520 0.405071557 0.007268979 0.999841809 0.016232247 -1.734116554 0.008588435 -0.016294500 0.999830365 57.508518219
0.999936044 -0.007192249 -0.008728801 0.415521264 0.007327204 0.999852598 0.015528577 -1.726904392 0.008615829 -0.015591542 0.999841332 58.041610718
0.999939084 -0.007277589 -0.008305120 0.420680970 0.007404958 0.999853849 0.015409824 -1.739748836 0.008191761 -0.015470385 0.999846756 58.630779266
0.999940932 -0.007149525 -0.008196305 0.420563340 0.007273166 0.999858677 0.015155623 -1.743771791 0.008086792 -0.015214340 0.999851584 59.179237366
0.999923646 -0.008037554 -0.009394223 0.463607788 0.008170049 0.999866486 0.014151450 -1.723019481 0.009279227 -0.014227121 0.999855697 59.649364471
0.999935269 -0.007344377 -0.008690378 0.403097093 0.007466436 0.999872804 0.014097138 -1.737598777 0.008585738 -0.014161116 0.999862909 60.165538788
0.999935508 -0.007692951 -0.008355400 0.416381061 0.007811253 0.999868393 0.014219562 -1.745610714 0.008244910 -0.014283911 0.999863982 60.663818359
0.999923646 -0.008227060 -0.009217155 0.429111242 0.008381456 0.999823093 0.016839588 -1.782234669 0.009076985 -0.016915554 0.999815702 60.839851379
0.999930024 -0.007906524 -0.008798640 0.437406838 0.008048093 0.999836802 0.016172381 -1.790231228 0.008669338 -0.016242061 0.999830425 61.388275146
0.999911427 -0.008229141 -0.010459054 0.502535343 0.008400708 0.999829054 0.016467011 -1.815450072 0.010321757 -0.016553417 0.999809682 61.883842468
0.999921799 -0.007771641 -0.009804675 0.487270832 0.007927847 0.999840617 0.015994718 -1.808579922 0.009678807 -0.016071200 0.999823928 62.421718597
0.999923050 -0.008294483 -0.009228229 0.442025363 0.008437653 0.999842942 0.015585066 -1.804297447 0.009097508 -0.015661733 0.999835908 62.936115265
0.999917507 -0.008530921 -0.009604789 0.455973566 0.008691791 0.999820530 0.016833371 -1.808474064 0.009459459 -0.016915467 0.999812186 63.243686676
0.999920249 -0.008304391 -0.009520862 0.459151268 0.008461083 0.999827445 0.016537085 -1.817232609 0.009381888 -0.016616322 0.999817967 63.789573669
0.999929428 -0.007687091 -0.009059867 0.447700262 0.007832908 0.999838531 0.016170833 -1.818364501 0.008934097 -0.016240660 0.999828219 64.333747864
0.999928892 -0.007862751 -0.008973696 0.455549955 0.008006630 0.999838114 0.016111625 -1.831900835 0.008845562 -0.016182330 0.999829948 64.876731873
0.999920487 -0.007877252 -0.009853050 0.480532229 0.008034064 0.999840021 0.015977792 -1.828948259 0.009725615 -0.016055679 0.999823809 65.451057434
0.999914289 -0.008853221 -0.009642947 0.462508023 0.009017542 0.999812543 0.017132465 -1.850324392 0.009489464 -0.017217953 0.999806643 65.664497375
0.999907672 -0.009058393 -0.010132086 0.511949658 0.009224457 0.999821961 0.016465178 -1.845630527 0.009981134 -0.016557120 0.999813020 66.229652405
0.999921560 -0.008633982 -0.009065832 0.467463732 0.008780368 0.999829650 0.016233232 -1.854092956 0.008924129 -0.016311558 0.999827087 66.746505737
0.999901235 -0.009878938 -0.009988733 0.483541846 0.010044538 0.999810576 0.016666662 -1.868041635 0.009822193 -0.016765343 0.999811172 67.236526489
0.999896049 -0.009982416 -0.010400810 0.494946301 0.010149692 0.999817967 0.016156366 -1.847989917 0.010237636 -0.016260250 0.999815404 67.746772766
0.999909878 -0.008851471 -0.010085243 0.492681563 0.009024577 0.999810457 0.017250190 -1.889934421 0.009930641 -0.017339651 0.999800324 68.076202393
0.999917865 -0.008478192 -0.009604183 0.479698002 0.008636837 0.999824941 0.016599245 -1.893005848 0.009461772 -0.016680827 0.999816179 68.637947083
0.999921381 -0.007572491 -0.009993592 0.517741799 0.007740158 0.999828100 0.016846908 -1.913630962 0.009864301 -0.016922936 0.999808133 69.119186401
0.999896049 -0.009275053 -0.011042561 0.541483700 0.009454696 0.999821901 0.016328756 -1.903158665 0.010889146 -0.016431458 0.999805748 69.654075623
0.999913812 -0.008507751 -0.009993779 0.518570662 0.008679466 0.999813259 0.017266549 -1.928277850 0.009845013 -0.017351804 0.999800920 70.011207581
0.999900639 -0.009255243 -0.010638881 0.544706881 0.009442726 0.999798536 0.017709270 -1.944159627 0.010472834 -0.017807966 0.999786615 70.552833557
0.999914229 -0.008229520 -0.010191870 0.533966720 0.008396618 0.999829233 0.016462626 -1.933333874 0.010054652 -0.016546790 0.999812543 71.117294312
0.999875188 -0.010807205 -0.011517179 0.589029133 0.010990853 0.999811471 0.016003491 -1.925317407 0.011342054 -0.016128078 0.999805570 71.661491394
0.999866784 -0.011736596 -0.011345001 0.543530703 0.011926173 0.999787867 0.016789563 -1.924851418 0.011145542 -0.016922625 0.999794722 72.175331116
0.999888003 -0.010448361 -0.010708485 0.544029713 0.010628669 0.999800265 0.016921541 -1.937628150 0.010529543 -0.017033463 0.999799490 72.508636475
0.999875009 -0.011244770 -0.011112829 0.550352097 0.011435592 0.999785602 0.017259650 -1.948228240 0.010916364 -0.017384576 0.999789298 73.057937622
0.999862015 -0.012171841 -0.011305797 0.553082466 0.012359521 0.999784410 0.016681511 -1.949688315 0.011100317 -0.016818946 0.999796927 73.642066956
0.999876201 -0.011023587 -0.011218811 0.568401039 0.011207430 0.999801695 0.016458411 -1.952672720 0.011035156 -0.016582107 0.999801636 74.093750000
0.999894559 -0.009833544 -0.010681583 0.554402053 0.010020822 0.999794483 0.017622998 -1.970720172 0.010506091 -0.017728178 0.999787748 74.416648865
0.999884963 -0.010585210 -0.010862608 0.571093321 0.010768379 0.999798417 0.016944623 -1.972167969 0.010681057 -0.017059647 0.999797463 74.949783325
0.999875188 -0.011111262 -0.011233903 0.599135041 0.011296279 0.999799371 0.016542390 -1.983833432 0.011047839 -0.016667226 0.999800086 75.525100708
0.999863565 -0.011986291 -0.011365196 0.602773249 0.012163457 0.999803603 0.015649633 -1.960317492 0.011175381 -0.015785735 0.999812901 76.087516785
0.999867380 -0.011331510 -0.011699587 0.619415700 0.011520508 0.999802232 0.016215296 -1.969008207 0.011513529 -0.016347935 0.999800026 76.549560547
0.999877155 -0.011702930 -0.010429142 0.527503550 0.011870026 0.999799788 0.016106974 -1.936319590 0.010238554 -0.016228788 0.999816000 76.854690552
0.999867737 -0.012360784 -0.010571534 0.533416986 0.012527387 0.999795973 0.015841205 -1.934069037 0.010373567 -0.015971540 0.999818683 77.405509949
0.999858022 -0.012853927 -0.010895294 0.537518501 0.013023588 0.999792814 0.015646633 -1.938600063 0.010691916 -0.015786307 0.999818265 77.925170898
0.999869287 -0.012338798 -0.010446219 0.539141297 0.012494883 0.999809325 0.015010792 -1.939834356 0.010259012 -0.015139355 0.999832749 78.446449280
0.999898434 -0.011316330 -0.008659763 0.528845370 0.011452827 0.999808252 0.015878312 -1.938674569 0.008478420 -0.015975878 0.999836445 78.821159363
0.999922752 -0.010575680 -0.006532548 0.522971690 0.010676200 0.999822080 0.015549542 -1.950624585 0.006366940 -0.015618086 0.999857783 79.383476257
0.999922335 -0.010915736 -0.006010892 0.544885159 0.011006199 0.999823511 0.015228262 -1.956691980 0.005843604 -0.015293237 0.999865949 79.938011169
0.999944210 -0.009735905 -0.004115936 0.523478150 0.009796626 0.999839485 0.014999360 -1.943229795 0.003969244 -0.015038843 0.999879003 80.478599548
0.999935925 -0.011083821 -0.002296996 0.563225746 0.011118425 0.999815762 0.015643207 -1.968313456 0.002123186 -0.015667742 0.999875009 80.787307739
0.999936819 -0.011164442 0.001315223 0.579602182 0.011141898 0.999809027 0.016054694 -1.983745456 -0.001494214 -0.016039027 0.999870241 81.329925537
0.999934733 -0.010340565 0.004861612 0.598047972 0.010266455 0.999834359 0.015029148 -1.967121720 -0.005016216 -0.014978255 0.999875188 81.870796204
0.999898791 -0.011099048 0.008894073 0.627551138 0.010970280 0.999836147 0.014398234 -1.957609653 -0.009052423 -0.014299208 0.999856770 82.401588440
0.999848068 -0.008841014 0.015019892 0.661352277 0.008609571 0.999844193 0.015404522 -2.010575294 -0.015153744 -0.015272864 0.999768436 82.869277954
0.999726951 -0.011049394 0.020591103 0.638374209 0.010717005 0.999811590 0.016183503 -2.009716511 -0.020766040 -0.015958408 0.999656916 83.208145142
0.999591708 -0.010830705 0.026441408 0.674795866 0.010390232 0.999805868 0.016739387 -2.021128178 -0.026617577 -0.016457818 0.999510169 83.724464417
0.999296904 -0.010355379 0.036035273 0.674359322 0.009791385 0.999827385 0.015792582 -1.993474007 -0.036192589 -0.015428639 0.999225795 84.340530396
0.998987198 -0.010705208 0.043704048 0.748926878 0.009999827 0.999816716 0.016326817 -2.026021957 -0.043870822 -0.015873246 0.998911142 84.845855713
0.998640060 -0.011143911 0.050929770 0.781519175 0.010316853 0.999811053 0.016473332 -2.021899223 -0.051103726 -0.015925495 0.998566449 85.375595093
0.998182714 -0.011561082 0.059140272 0.855123043 0.010650120 0.999820054 0.015695529 -2.041878462 -0.059311092 -0.015037154 0.998126209 85.905883789
0.997563779 -0.011088776 0.068873167 0.894897461 0.009949237 0.999808252 0.016866527 -2.039299488 -0.069046997 -0.016140204 0.997482777 86.138648987
0.996915638 -0.011111850 0.077688970 0.955436230 0.009858490 0.999815285 0.016498007 -2.036917686 -0.077857941 -0.015681228 0.996841133 86.696105957
0.996228814 -0.011396499 0.086013526 0.995544434 0.010046766 0.999819756 0.016108725 -2.037325859 -0.086181596 -0.015183818 0.996163726 87.297828674
0.995280325 -0.010883130 0.096429564 1.100691319 0.009382770 0.999827921 0.015998961 -2.061336040 -0.096587092 -0.015018675 0.995211244 87.834945679
0.994273007 -0.012181043 0.106173635 1.165167809 0.010562742 0.999819458 0.015791070 -2.038304329 -0.106346801 -0.014579153 0.994222224 88.291053772
0.993266284 -0.012525890 0.115174145 1.236413002 0.010704442 0.999807775 0.016419675 -2.059224129 -0.115357682 -0.015076238 0.993209660 88.656311035
0.991976082 -0.013501951 0.125702813 1.319489479 0.011451336 0.999789536 0.017021576 -2.096219540 -0.125906199 -0.015445533 0.991921961 89.162559509
0.990173757 -0.011399607 0.139377981 1.350081444 0.009135918 0.999815941 0.016870419 -2.013832569 -0.139544666 -0.015431298 0.990095496 89.774497986
0.988535225 -0.011305329 0.150567144 1.455316544 0.008888483 0.999820828 0.016714966 -2.019678593 -0.150729135 -0.015185015 0.988458514 90.325157166
0.987054884 -0.011899672 0.159941018 1.568840027 0.009449909 0.999826252 0.016068591 -2.017640352 -0.160104424 -0.014349151 0.986995757 90.870445251
0.984949887 -0.012017892 0.172421917 1.685494423 0.009384504 0.999826610 0.016079992 -2.018656254 -0.172585264 -0.014219890 0.984892011 91.431579590
0.982654810 -0.011056515 0.185114086 1.805746078 0.008126322 0.999829471 0.016580369 -2.032492638 -0.185265809 -0.014788482 0.982577145 91.996177673
0.980776012 -0.012888976 0.194710821 1.997243881 0.010024443 0.999826550 0.015689988 -2.028296471 -0.194879293 -0.013436494 0.980735242 92.537330627
0.977994144 -0.012344716 0.208266512 2.052572250 0.008942456 0.999810994 0.017269736 -2.025849819 -0.208440334 -0.015027291 0.977919579 92.850593567
0.974874496 -0.011935098 0.222434714 2.194965363 0.008254839 0.999813437 0.017467760 -2.028008938 -0.222601697 -0.015192715 0.974791050 93.380607605
0.972254097 -0.013632721 0.233529568 2.338054657 0.009911260 0.999804735 0.017101886 -2.034071922 -0.233717069 -0.014312810 0.972199321 93.897071838
0.969202399 -0.013257386 0.245908141 2.490079880 0.009370302 0.999812067 0.016970459 -2.028559446 -0.246086895 -0.014143580 0.969144642 94.416671753
0.965650678 -0.013697264 0.259482533 2.690755844 0.009402052 0.999797583 0.017786920 -2.058121681 -0.259673595 -0.014736282 0.965584040 94.951797485
0.961987913 -0.013129455 0.272776246 2.801202774 0.008622174 0.999805868 0.017715905 -2.032132626 -0.272955954 -0.014690560 0.961914361 95.458740234
0.959063828 -0.015164367 0.282783568 2.996620178 0.010674751 0.999791384 0.017410617 -2.036789417 -0.282988578 -0.013679247 0.959025741 95.965293884
0.954544842 -0.014488161 0.297715336 3.175329208 0.009733713 0.999800444 0.017446207 -2.033495665 -0.297908694 -0.013755308 0.954495311 96.529754639
0.950343311 -0.015046310 0.310839474 3.396860123 0.010074798 0.999794483 0.017593326 -2.035223484 -0.311040312 -0.013588052 0.950299621 97.067649841
0.946214437 -0.014561693 0.323212564 3.578199387 0.009422850 0.999803185 0.017458454 -2.041614532 -0.323403209 -0.013473853 0.946165323 97.610931396
0.941884995 -0.015156060 0.335593402 3.723272324 0.009495250 0.999783635 0.018502595 -2.058968544 -0.335801274 -0.014240772 0.941825211 97.933868408
0.936614811 -0.014582470 0.350057274 3.941705704 0.008600888 0.999789298 0.018636039 -2.058918476 -0.350255281 -0.014443988 0.936542928 98.458915710
0.932146430 -0.015850199 0.361734658 4.168058395 0.009659898 0.999774396 0.018914929 -2.071706772 -0.361952901 -0.014137162 0.932089150 98.958816528
0.927446425 -0.015417812 0.373638004 4.387807846 0.009088427 0.999783933 0.018695774 -2.073491573 -0.373845547 -0.013943546 0.927386165 99.456878662
0.922098756 -0.016216032 0.386614859 4.642341614 0.009572638 0.999771655 0.019102765 -2.093769073 -0.386836380 -0.013913711 0.922043443 99.928512573
0.916577101 -0.016887501 0.399501145 4.881088257 0.009983064 0.999762774 0.019357260 -2.114556551 -0.399733275 -0.013754176 0.916528225 100.388259888
0.911831379 -0.017075522 0.410209745 5.162418365 0.010016792 0.999762595 0.019350691 -2.115847111 -0.410442829 -0.013535581 0.911785901 100.942642212
0.906606197 -0.017873552 0.421599001 5.441555023 0.010439470 0.999746740 0.019934908 -2.149833202 -0.421848595 -0.013671841 0.906563222 101.414146423
0.899204075 -0.015701694 0.437247545 5.570285797 0.008084063 0.999781489 0.019277506 -2.052346230 -0.437454730 -0.013799673 0.899134576 101.881355286
0.893394291 -0.016699532 0.448963076 5.840534210 0.009182465 0.999778926 0.018915316 -2.052294731 -0.449179709 -0.012776246 0.893350065 102.363319397
0.887638748 -0.017402265 0.460211396 6.110912323 0.009558028 0.999766707 0.019369636 -2.060676575 -0.460441083 -0.012794529 0.887598097 102.845748901
0.880030334 -0.015529314 0.474663496 6.386276245 0.007446794 0.999793649 0.018903287 -2.055178881 -0.474859059 -0.013100743 0.879964411 103.343635559
0.872684836 -0.016101565 0.488018274 6.629085541 0.007698145 0.999785662 0.019220708 -2.073816776 -0.488223135 -0.013016788 0.872621775 103.794021606
