1.000000000 0.000000000 0.000000000 0.000000000 0.000000000 1.000000000 0.000000000 0.000000000 0.000000000 0.000000000 1.000000000 0.000000000
1.000000000 -0.000051861 -0.000010790 0.000155104 0.000051861 1.000000000 -0.000035288 0.000240620 0.000010792 0.000035287 1.000000000 0.000229292
1.000000000 0.000021898 0.000006029 0.000064737 -0.000021898 1.000000000 -0.000032391 0.000539477 -0.000006029 0.000032391 1.000000000 0.000454947
1.000000000 0.000020227 0.000099295 -0.000704180 -0.000020225 1.000000000 -0.000018413 0.000706152 -0.000099295 0.000018411 1.000000000 0.000390029
1.000000000 -0.000051169 0.000013056 0.000322442 0.000051169 1.000000000 -0.000013390 0.000326458 -0.000013055 0.000013391 1.000000000 0.000342852
1.000000000 0.000061633 0.000011912 0.000137141 -0.000061633 1.000000000 0.000019901 0.000460674 -0.000011911 -0.000019902 1.000000000 -0.000085040
1.000000000 0.000035740 -0.000017241 0.000355685 -0.000035742 1.000000000 -0.000170682 0.001167463 0.000017235 0.000170683 1.000000000 -0.000552437
1.000000000 0.000067101 0.000063070 -0.000285222 -0.000067097 1.000000000 -0.000063614 0.000235468 -0.000063075 0.000063610 1.000000000 -0.000067742
1.000000000 0.000168501 0.000029034 -0.000802245 -0.000168501 1.000000000 -0.000026029 0.000572539 -0.000029039 0.000026024 1.000000000 -0.000549538
1.000000000 0.000199671 0.000061528 -0.000347168 -0.000199663 1.000000000 -0.000140268 0.001895455 -0.000061556 0.000140256 1.000000000 0.001590095
1.000000000 0.000215645 0.000023136 -0.000994844 -0.000215643 0.999999940 -0.000121141 0.000368123 -0.000023162 0.000121136 1.000000000 -0.000731090
1.000000000 0.000084038 0.000037198 -0.000844271 -0.000084034 1.000000000 -0.000085196 0.000907161 -0.000037205 0.000085193 1.000000000 -0.000016246
1.000000000 0.000166754 0.000107504 -0.001565475 -0.000166744 1.000000000 -0.000093935 0.001380158 -0.000107520 0.000093917 1.000000000 0.000387144
1.000000000 0.000170013 0.000042327 -0.000035099 -0.000170012 1.000000000 -0.000032960 0.000782607 -0.000042333 0.000032953 1.000000000 0.000404805
0.999999940 0.000206675 0.000168377 -0.001592985 -0.000206658 1.000000000 -0.000104641 0.001491833 -0.000168399 0.000104606 1.000000000 0.001383830
0.999999940 0.000262245 0.000136703 -0.001638999 -0.000262222 0.999999940 -0.000165804 0.002232231 -0.000136747 0.000165768 1.000000000 0.001982295
0.999999940 0.000248204 0.000153308 -0.001887222 -0.000248179 0.999999940 -0.000161780 0.002724330 -0.000153348 0.000161742 1.000000000 0.002378056
0.999999940 0.000195535 0.000156235 -0.001338681 -0.000195508 0.999999940 -0.000169934 0.002388897 -0.000156268 0.000169903 1.000000000 0.002721649
0.999999940 0.000257824 0.000180865 -0.002078990 -0.000257813 0.999999940 -0.000059845 0.001740811 -0.000180881 0.000059798 1.000000000 0.001834745
1.000000000 0.000198106 0.000100218 -0.001314280 -0.000198101 1.000000000 -0.000049499 0.002002732 -0.000100228 0.000049479 1.000000000 0.001775223
0.999999940 0.000260802 0.000137070 -0.001543889 -0.000260776 0.999999940 -0.000187260 0.002513254 -0.000137119 0.000187224 1.000000000 0.002058391
1.000000000 0.000211062 0.000089906 -0.001329232 -0.000211054 1.000000000 -0.000092737 0.001725398 -0.000089926 0.000092718 1.000000000 0.001803348
0.999999940 0.000363661 0.000149111 -0.002071732 -0.000363637 0.999999940 -0.000166231 0.003160445 -0.000149171 0.000166176 1.000000000 0.002489917
0.999999940 0.000306264 0.000182315 -0.001735924 -0.000306239 0.999999940 -0.000135921 0.002352503 -0.000182356 0.000135865 1.000000000 0.002027683
1.000000000 0.000142534 0.000123748 -0.000689212 -0.000142520 1.000000000 -0.000115509 0.002669085 -0.000123765 0.000115491 1.000000000 0.002707424
0.999999940 0.000277391 0.000164500 -0.001406402 -0.000277374 0.999999940 -0.000099813 0.002025581 -0.000164528 0.000099767 1.000000000 0.002131749
0.999999940 0.000218911 0.000116406 -0.001196531 -0.000218894 0.999999940 -0.000143199 0.002449678 -0.000116438 0.000143173 1.000000000 0.001903244
1.000000000 0.000210530 0.000098052 -0.001148753 -0.000210520 1.000000000 -0.000092153 0.002073521 -0.000098072 0.000092132 1.000000000 0.001724854
0.999999940 0.000264427 0.000188985 -0.001320164 -0.000264411 0.999999940 -0.000080834 0.001500752 -0.000189006 0.000080784 1.000000000 0.002290207
1.000000000 0.000139050 0.000196557 -0.001332355 -0.000139024 1.000000000 -0.000130462 0.001985600 -0.000196576 0.000130434 1.000000000 0.002461237
0.999999940 0.000266489 0.000136813 -0.001247091 -0.000266470 0.999999940 -0.000134854 0.002054674 -0.000136849 0.000134817 1.000000000 0.002510896
0.999999940 0.000198344 0.000179686 -0.001550196 -0.000198330 1.000000000 -0.000074768 0.001491953 -0.000179701 0.000074733 1.000000000 0.001494414
0.999999940 0.000263730 0.000173939 -0.001775275 -0.000263704 0.999999940 -0.000151186 0.001835839 -0.000173979 0.000151140 1.000000000 0.001679275
0.999999940 0.000282198 0.000177813 -0.000882613 -0.000282170 0.999999940 -0.000153985 0.001535224 -0.000177857 0.000153935 1.000000000 0.001258496
0.999999940 0.000227796 0.000196692 -0.001568371 -0.000227768 0.999999940 -0.000140665 0.002143087 -0.000196724 0.000140620 1.000000000 0.002485322
1.000000000 0.000175239 0.000092973 -0.000859562 -0.000175225 1.000000000 -0.000154659 0.002941459 -0.000093000 0.000154643 1.000000000 0.002842240
0.999999881 0.000382573 0.000200601 -0.001932939 -0.000382545 0.999999940 -0.000138302 0.002400273 -0.000200654 0.000138226 1.000000000 0.002239668
0.999999940 0.000291271 0.000099238 -0.000092814 -0.000291257 0.999999940 -0.000134168 0.002536226 -0.000099277 0.000134139 1.000000000 0.001675712
1.000000000 0.000136719 0.000092844 -0.000069812 -0.000136701 1.000000000 -0.000197848 0.002121209 -0.000092871 0.000197835 1.000000000 0.002801705
0.999999881 0.000449161 0.000213582 -0.000403652 -0.000449006 0.999999642 -0.000727598 -0.001237918 -0.000213909 0.000727502 0.999999702 0.049902949
0.999999940 0.000285751 0.000126083 0.001327807 -0.000285585 0.999999106 -0.001320266 -0.002891663 -0.000126460 0.001320230 0.999999106 0.139456347
1.000000000 -0.000003761 0.000018850 0.005633919 0.000003788 0.999998987 -0.001422067 -0.007924763 -0.000018845 0.001422067 0.999998987 0.255781621
1.000000000 0.000146777 0.000061398 0.007186052 -0.000146699 0.999999166 -0.001266542 -0.010723667 -0.000061584 0.001266533 0.999999225 0.386949897
1.000000000 -0.000092740 0.000145788 0.006589177 0.000092918 0.999999225 -0.001225604 -0.013202380 -0.000145674 0.001225618 0.999999225 0.528528631
0.999999940 -0.000292961 0.000179820 0.011953732 0.000293164 0.999999344 -0.001133258 -0.019450715 -0.000179488 0.001133310 0.999999344 0.687107503
0.999999940 0.000200974 0.000157671 0.018674621 -0.000200839 0.999999642 -0.000851348 -0.022733890 -0.000157842 0.000851316 0.999999642 0.851038516
0.999999881 0.000268508 0.000410114 0.017772410 -0.000268215 0.999999702 -0.000715465 -0.028255325 -0.000410306 0.000715355 0.999999642 1.020597577
1.000000000 0.000076088 0.000062079 0.027828809 -0.000076035 0.999999642 -0.000842982 -0.027390501 -0.000062143 0.000842977 0.999999642 1.207019567
0.999999642 0.000535496 0.000657581 0.021272672 -0.000535184 0.999999762 -0.000473973 -0.037117478 -0.000657835 0.000473621 0.999999642 1.384683490
0.999999881 0.000305107 0.000419822 0.024135306 -0.000304976 0.999999881 -0.000312387 -0.046234950 -0.000419917 0.000312259 0.999999881 1.585062146
0.999999285 -0.001048967 -0.000623753 0.041086696 0.001049373 0.999999166 0.000650155 -0.068823367 0.000623071 -0.000650809 0.999999523 1.722558975
0.999999940 -0.000356519 -0.000198473 0.040283188 0.000356733 0.999999285 0.001081925 -0.077332973 0.000198087 -0.001081995 0.999999404 1.927504301
0.999998987 -0.001097520 -0.000854398 0.051195618 0.001098189 0.999999106 0.000782378 -0.081437074 0.000853539 -0.000783316 0.999999344 2.125223398
0.999999464 -0.000923877 -0.000607217 0.054559834 0.000924325 0.999999344 0.000738190 -0.084267043 0.000606535 -0.000738751 0.999999523 2.345976114
0.999999821 -0.000415030 -0.000431018 0.057132032 0.000415339 0.999999702 0.000717661 -0.090148173 0.000430720 -0.000717840 0.999999702 2.572337389
0.999999702 -0.000698332 -0.000202366 0.060950350 0.000698479 0.999999464 0.000727462 -0.095648073 0.000201858 -0.000727603 0.999999702 2.808208942
0.999998808 -0.001423600 -0.000606071 0.066810697 0.001424244 0.999998391 0.001063840 -0.106685370 0.000604556 -0.001064702 0.999999225 3.015028954
0.999998927 -0.001402212 -0.000534641 0.071260028 0.001402908 0.999998212 0.001303888 -0.114664540 0.000532812 -0.001304636 0.999998927 3.257426977
0.999999523 -0.000955280 -0.000101469 0.071708702 0.000955393 0.999998868 0.001119955 -0.121879645 0.000100399 -0.001120051 0.999999344 3.506430864
0.999999821 -0.000658060 -0.000105239 0.075239331 0.000658183 0.999999106 0.001166426 -0.128339246 0.000104471 -0.001166495 0.999999285 3.757585526
0.999999046 -0.001281614 -0.000473600 0.081070110 0.001282292 0.999998152 0.001432914 -0.137872413 0.000471763 -0.001433520 0.999998868 4.003844261
0.999998868 -0.001392720 -0.000540324 0.088802941 0.001393513 0.999997973 0.001470900 -0.140360981 0.000538274 -0.001471652 0.999998748 4.265992165
0.999999404 -0.001033030 -0.000256387 0.089905925 0.001033392 0.999998391 0.001415258 -0.147758290 0.000254925 -0.001415522 0.999998927 4.525066376
0.999999166 -0.001222360 -0.000211629 0.099945083 0.001222632 0.999998391 0.001286376 -0.152897865 0.000210057 -0.001286634 0.999999106 4.790134430
0.999999106 -0.001281164 -0.000380344 0.101579033 0.001281763 0.999997914 0.001576931 -0.160712883 0.000378322 -0.001577417 0.999998689 5.015957355
0.999999225 -0.001244729 -0.000256665 0.105549708 0.001245038 0.999998450 0.001207366 -0.165366784 0.000255162 -0.001207684 0.999999225 5.283200264
0.999999106 -0.001337557 -0.000170421 0.112552665 0.001337830 0.999997735 0.001611613 -0.176634207 0.000168265 -0.001611839 0.999998629 5.549955845
0.999998391 -0.001770813 -0.000254553 0.120766662 0.001771178 0.999997377 0.001442590 -0.183236107 0.000251997 -0.001443038 0.999998868 5.830614567
0.999999166 -0.001286133 -0.000158904 0.116113938 0.001286366 0.999998093 0.001473624 -0.193033069 0.000157008 -0.001473828 0.999998927 6.079860687
0.999999762 -0.000693609 0.000020498 0.119410694 0.000693573 0.999998331 0.001704835 -0.202620566 -0.000021681 -0.001704821 0.999998569 6.361678600
0.999999583 -0.000966363 -0.000044991 0.125101313 0.000966445 0.999997795 0.001858440 -0.212622404 0.000043195 -0.001858483 0.999998271 6.651860714
0.999999821 -0.000597932 -0.000120013 0.129966795 0.000598119 0.999998629 0.001562711 -0.219285265 0.000119079 -0.001562783 0.999998808 6.954705715
0.999999046 -0.001224956 -0.000500272 0.140504301 0.001225868 0.999997497 0.001825114 -0.226927668 0.000498035 -0.001825725 0.999998212 7.231668472
0.999998331 -0.001709608 -0.000639112 0.146828458 0.001710755 0.999996901 0.001798496 -0.237367705 0.000636036 -0.001799587 0.999998212 7.537735462
0.999999225 -0.001156577 -0.000430664 0.154053181 0.001157314 0.999997795 0.001714834 -0.240009502 0.000428680 -0.001715331 0.999998450 7.861264706
0.999999702 -0.000629926 -0.000087086 0.152040169 0.000630079 0.999998212 0.001775478 -0.253656268 0.000085967 -0.001775532 0.999998391 8.180335045
0.999999344 -0.001092707 -0.000330400 0.157743916 0.001093226 0.999998152 0.001575518 -0.263300478 0.000328677 -0.001575878 0.999998689 8.477939606
0.999999404 -0.001065098 -0.000067307 0.164449111 0.001065207 0.999998093 0.001643796 -0.271873236 0.000065556 -0.001643867 0.999998689 8.814799309
0.999999762 -0.000576402 0.000277610 0.162443802 0.000575893 0.999998152 0.001831617 -0.282552689 -0.000278665 -0.001831457 0.999998271 9.150116920
0.999999881 0.000201676 0.000407546 0.165599287 -0.000202295 0.999998868 0.001519265 -0.292484552 -0.000407240 -0.001519347 0.999998808 9.482360840
0.999999702 -0.000654514 -0.000283675 0.176620781 0.000655067 0.999997854 0.001958195 -0.308471590 0.000282393 -0.001958380 0.999998033 9.814988136
0.999999821 -0.000548195 -0.000361099 0.185115159 0.000548811 0.999998391 0.001708280 -0.317231655 0.000360162 -0.001708478 0.999998510 10.174115181
1.000000000 -0.000285846 0.000137134 0.193049103 0.000285599 0.999998331 0.001795795 -0.326276124 -0.000137647 -0.001795756 0.999998391 10.533154488
0.999999583 -0.000775281 -0.000310142 0.201015323 0.000775956 0.999997258 0.002183921 -0.338666081 0.000308447 -0.002184161 0.999997556 10.882894516
0.999999583 -0.000725195 -0.000467619 0.212102935 0.000726192 0.999997437 0.002135521 -0.346744835 0.000466070 -0.002135859 0.999997616 11.257438660
0.999999762 -0.000630838 -0.000190580 0.218943015 0.000631227 0.999997675 0.002046860 -0.355574310 0.000189288 -0.002046979 0.999997914 11.657780647
0.999999940 -0.000321725 0.000232283 0.226641476 0.000321169 0.999997020 0.002391164 -0.369649947 -0.000233051 -0.002391089 0.999997079 12.035748482
0.999999642 -0.000848131 -0.000207206 0.225334972 0.000848688 0.999996006 0.002704768 -0.389659226 0.000204912 -0.002704943 0.999996305 12.392879486
0.999999821 -0.000708033 -0.000058553 0.228851661 0.000708208 0.999995232 0.003035279 -0.399380207 0.000056404 -0.003035320 0.999995410 12.802318573
0.999999583 -0.000936073 0.000150021 0.238940120 0.000935666 0.999996006 0.002687517 -0.409884810 -0.000152536 -0.002687375 0.999996305 13.204210281
0.999999464 -0.000596380 0.000809184 0.230580986 0.000594137 0.999995947 0.002769878 -0.420157492 -0.000810833 -0.002769395 0.999995828 13.582235336
0.999999523 -0.000393923 0.000913974 0.236927688 0.000391247 0.999995649 0.002926848 -0.430471182 -0.000915123 -0.002926489 0.999995291 14.001628876
0.999998510 -0.000108910 0.001734170 0.242647871 0.000103898 0.999995768 0.002889877 -0.444163501 -0.001734477 -0.002889692 0.999994338 14.404141426
0.999998868 -0.000173116 0.001455249 0.250981003 0.000168550 0.999994993 0.003137383 -0.456038058 -0.001455784 -0.003137134 0.999994040 14.805405617
0.999998450 -0.000676597 0.001638021 0.263697267 0.000671608 0.999995112 0.003044337 -0.468173385 -0.001640073 -0.003043232 0.999994040 15.240490913
0.999998152 -0.000611818 0.001807756 0.276461214 0.000605779 0.999994218 0.003338796 -0.481037766 -0.001809788 -0.003337695 0.999992847 15.694810867
0.999995887 0.000219396 0.002829347 0.266773790 -0.000228828 0.999994338 0.003334046 -0.491973668 -0.002828600 -0.003334680 0.999990463 16.102590561
0.999994814 -0.000165161 0.003192123 0.274667501 0.000154483 0.999994278 0.003345113 -0.505192518 -0.003192657 -0.003344603 0.999989390 16.549831390
0.999995112 0.000124942 0.003103847 0.290837973 -0.000133927 0.999995768 0.002895075 -0.510922015 -0.003103473 -0.002895477 0.999991059 17.008588791
0.999994040 -0.000490215 0.003421399 0.288553745 0.000477746 0.999993265 0.003644275 -0.534494042 -0.003423162 -0.003642619 0.999987483 17.429294586
0.999992669 0.000001752 0.003819696 0.300047219 -0.000014703 0.999994338 0.003390552 -0.545500517 -0.003819668 -0.003390583 0.999986947 17.898111343
0.999991477 -0.000274972 0.004126047 0.319306523 0.000260316 0.999993742 0.003552104 -0.552935660 -0.004126999 -0.003550999 0.999985158 18.361516953
0.999991894 -0.000463790 0.003993398 0.317872018 0.000448459 0.999992549 0.003839171 -0.574158549 -0.003995148 -0.003837349 0.999984682 18.806865692
0.999991477 -0.000552822 0.004087569 0.332514286 0.000537136 0.999992490 0.003837624 -0.584929109 -0.004089661 -0.003835395 0.999984324 19.291313171
0.999990821 -0.000179145 0.004261746 0.334071785 0.000161498 0.999991477 0.004140734 -0.594125032 -0.004262451 -0.004140008 0.999982417 19.787130356
0.999989271 -0.000381673 0.004615679 0.341488093 0.000362142 0.999991119 0.004231477 -0.613903761 -0.004617254 -0.004229761 0.999980390 20.209861755
0.999992728 -0.000182662 0.003800405 0.355713010 0.000167554 0.999992132 0.003975135 -0.619973361 -0.003801101 -0.003974470 0.999984860 20.715213776
0.999993980 -0.001391892 0.003179817 0.370009303 0.001377796 0.999989331 0.004430756 -0.633612394 -0.003185950 -0.004426348 0.999985158 21.218194962
0.999994874 -0.000440402 0.003172521 0.382719249 0.000426932 0.999990940 0.004245457 -0.648219347 -0.003174362 -0.004244081 0.999985933 21.702716827
0.999994218 -0.000071527 0.003401909 0.369294047 0.000056399 0.999990046 0.004446742 -0.665916324 -0.003402194 -0.004446524 0.999984264 22.186170578
0.999995232 0.000908982 0.002987834 0.380042791 -0.000923083 0.999988437 0.004721569 -0.684793711 -0.002983508 -0.004724304 0.999984384 22.704462051
0.999995291 0.001483265 0.002689583 0.377345324 -0.001495949 0.999987721 0.004720457 -0.697782099 -0.002682548 -0.004724459 0.999985218 23.219209671
0.999997914 0.000639412 0.001941585 0.390230536 -0.000646907 0.999992311 0.003862235 -0.708317637 -0.001939100 -0.003863482 0.999990642 23.780750275
0.999998868 -0.000400749 0.001441047 0.397572100 0.000394152 0.999989450 0.004574892 -0.726431906 -0.001442865 -0.004574319 0.999988496 24.233858109
0.999999046 -0.000902164 0.001027655 0.408624232 0.000897418 0.999988973 0.004608894 -0.733107388 -0.001031802 -0.004607968 0.999988794 24.779296875
0.999999821 -0.000620473 0.000210807 0.424795926 0.000619446 0.999988139 0.004837045 -0.752406061 -0.000213806 -0.004836914 0.999988258 25.319601059
1.000000000 -0.000174426 0.000036232 0.420193166 0.000174232 0.999985993 0.005288410 -0.773096800 -0.000037154 -0.005288404 0.999985993 25.825353622
0.999999940 -0.000379141 -0.000162345 0.430862218 0.000380074 0.999983132 0.005787949 -0.779887676 0.000160148 -0.005788011 0.999983251 26.389564514
0.999999881 -0.000025194 -0.000488351 0.440048873 0.000028010 0.999983311 0.005766911 -0.791157186 0.000488198 -0.005766924 0.999983251 26.948472977
0.999999464 -0.000029634 -0.001028421 0.439246953 0.000035602 0.999983191 0.005802936 -0.814986110 0.001028231 -0.005802969 0.999982655 27.409700394
0.999998868 0.000934430 -0.001148000 0.448431969 -0.000927915 0.999983668 0.005662078 -0.822576642 0.001153272 -0.005661007 0.999983370 27.964351654
0.999998987 0.000935817 -0.001004311 0.456038058 -0.000929856 0.999982178 0.005919422 -0.840534329 0.001009833 -0.005918483 0.999981999 28.501804352
0.999999046 0.000890812 -0.001010516 0.446380734 -0.000884665 0.999981225 0.006066813 -0.861733973 0.001015902 -0.006065914 0.999981046 28.991374969
0.999998629 0.000427985 -0.001606871 0.456754118 -0.000418482 0.999982417 0.005909451 -0.871153951 0.001609372 -0.005908770 0.999981284 29.545549393
0.999998271 0.001173162 -0.001439783 0.462140620 -0.001164451 0.999981105 0.006035507 -0.888705850 0.001446836 -0.006033819 0.999980748 30.068845749
0.999998152 0.001067020 -0.001602407 0.474147052 -0.001057679 0.999982476 0.005818722 -0.906235933 0.001608588 -0.005817016 0.999981821 30.617759705
0.999997914 0.000446278 -0.001994738 0.473247409 -0.000433966 0.999980867 0.006167976 -0.917557418 0.001997453 -0.006167097 0.999978900 31.118598938
0.999997199 0.000788043 -0.002237979 0.484457791 -0.000774308 0.999980927 0.006131552 -0.930388391 0.002242768 -0.006129802 0.999978662 31.662244797
0.999997437 0.000380196 -0.002242577 0.494007707 -0.000365745 0.999979198 0.006440755 -0.938925982 0.002244979 -0.006439919 0.999976695 32.224189758
0.999995768 0.000086926 -0.002923471 0.514352322 -0.000067680 0.999978364 0.006582862 -0.962366462 0.002923980 -0.006582636 0.999974012 32.760269165
0.999997437 0.000247477 -0.002212947 0.483406425 -0.000233018 0.999978602 0.006531794 -0.972219586 0.002214516 -0.006531262 0.999976218 33.224887848
0.999996543 0.000589517 -0.002554804 0.491491079 -0.000573708 0.999980688 0.006184146 -0.980328321 0.002558400 -0.006182660 0.999977589 33.767875671
0.999996066 0.001315971 -0.002455711 0.493871033 -0.001300692 0.999979854 0.006212969 -0.998487890 0.002463838 -0.006209751 0.999977648 34.289688110
0.999996185 0.000412026 -0.002718550 0.501301706 -0.000393682 0.999977112 0.006744732 -1.009608746 0.002721267 -0.006743636 0.999973536 34.805503845
0.999993682 0.000440985 -0.003521687 0.513410330 -0.000417948 0.999978483 0.006539407 -1.019044161 0.003524495 -0.006537893 0.999972463 35.360694885
0.999994040 0.000572830 -0.003426117 0.521247983 -0.000550730 0.999979019 0.006447853 -1.034316540 0.003429739 -0.006445926 0.999973357 35.923198700
0.999995053 0.000599121 -0.003096295 0.530314088 -0.000578295 0.999977231 0.006722729 -1.045868278 0.003100252 -0.006720904 0.999972641 36.440395355
0.999996603 0.000327309 -0.002593471 0.502164423 -0.000309654 0.999976814 0.006805114 -1.070797920 0.002595639 -0.006804288 0.999973416 36.921939850
0.999995947 0.000244077 -0.002850654 0.511732340 -0.000223764 0.999974608 0.007123902 -1.085511327 0.002852321 -0.007123235 0.999970555 37.468311310
0.999995708 0.000494785 -0.002903369 0.522828043 -0.000475458 0.999977708 0.006653485 -1.090407133 0.002906597 -0.006652077 0.999973595 38.022876740
0.999995887 0.000813487 -0.002726450 0.527308106 -0.000795187 0.999977171 0.006706618 -1.105446339 0.002731844 -0.006704423 0.999973774 38.556728363
0.999996722 -0.000001133 -0.002567394 0.512184858 0.000019356 0.999974787 0.007097236 -1.121027946 0.002567320 -0.007097262 0.999971509 39.034816742
0.999997318 0.000170574 -0.002343213 0.522103965 -0.000153725 0.999974072 0.007188648 -1.136386752 0.002344378 -0.007188268 0.999971390 39.582279205
0.999997020 0.000552196 -0.002411676 0.532817900 -0.000535221 0.999975085 0.007033344 -1.141656876 0.002415500 -0.007032031 0.999972343 40.141235352
0.999996722 0.000375546 -0.002520336 0.537516892 -0.000357039 0.999972939 0.007339502 -1.155116558 0.002523024 -0.007338578 0.999969840 40.658100128
0.999997616 0.000064116 -0.002156676 0.510955811 -0.000048478 0.999973714 0.007249991 -1.178485751 0.002157084 -0.007249870 0.999971330 41.151260376
0.999997914 -0.000015408 -0.002015168 0.521667659 0.000029537 0.999975443 0.007011873 -1.188238621 0.002015010 -0.007011919 0.999973357 41.701602936
0.999997139 0.000063907 -0.002394060 0.536487103 -0.000045459 0.999970376 0.007705342 -1.208530784 0.002394481 -0.007705212 0.999967456 42.233291626
0.999998271 0.000139881 -0.001859872 0.541758120 -0.000125057 0.999968290 0.007968788 -1.217800140 0.001860928 -0.007968541 0.999966502 42.752574921
0.999998093 0.000463427 -0.001943690 0.549535811 -0.000448599 0.999970853 0.007621800 -1.219704390 0.001947165 -0.007620913 0.999969065 43.274871826
0.999998629 0.000007712 -0.001632767 0.512562871 0.000005208 0.999968708 0.007912793 -1.242236853 0.001632776 -0.007912791 0.999967337 43.774074554
0.999998629 -0.000052176 -0.001673629 0.525759220 0.000064356 0.999973536 0.007278465 -1.248966336 0.001673205 -0.007278563 0.999972045 44.328723907
0.999998689 0.000802449 -0.001398292 0.534755945 -0.000792798 0.999975979 0.006889750 -1.259191275 0.001403787 -0.006888634 0.999975264 44.879051208
0.999999106 0.000254325 -0.001315288 0.534102798 -0.000245375 0.999976933 0.006800023 -1.263363600 0.001316987 -0.006799695 0.999975920 45.432441711
0.999999583 0.000294064 -0.000861112 0.510521650 -0.000287403 0.999970138 0.007725891 -1.285500169 0.000863358 -0.007725641 0.999969780 45.878498077
0.999998748 0.000013619 -0.001589486 0.525655806 -0.000001015 0.999968588 0.007928916 -1.296216249 0.001589544 -0.007928904 0.999967277 46.436149597
0.999998629 0.001053347 -0.001287014 0.530229270 -0.001044060 0.999973595 0.007195367 -1.303497910 0.001294559 -0.007194013 0.999973357 46.987716675
0.999998689 0.001505607 -0.000577130 0.533650279 -0.001501170 0.999969959 0.007612627 -1.323957801 0.000588574 -0.007611750 0.999970853 47.496803284
0.999999642 0.000081264 -0.000863316 0.528246403 -0.000074553 0.999969721 0.007770022 -1.323809505 0.000863921 -0.007769954 0.999969423 47.978725433
0.999999285 0.001157817 -0.000525688 0.537558138 -0.001153877 0.999971628 0.007432953 -1.334805131 0.000534279 -0.007432340 0.999972284 48.521877289
0.999999642 0.000494254 -0.000626481 0.546912372 -0.000489367 0.999969542 0.007775532 -1.340072751 0.000630306 -0.007775222 0.999969602 49.074462891
0.999999523 -0.000012221 -0.000963059 0.556797564 0.000019877 0.999968350 0.007950456 -1.353899002 0.000962932 -0.007950471 0.999967933 49.598628998
0.999999464 0.000042763 -0.001016071 0.553404987 -0.000034321 0.999965429 0.008307269 -1.383552551 0.001016391 -0.008307228 0.999964952 50.094882965
0.999999642 0.000709849 -0.000486616 0.562390268 -0.000705896 0.999967098 0.008077264 -1.390962839 0.000492334 -0.008076916 0.999967277 50.650024414
0.999999464 0.000465591 -0.000911676 0.576073050 -0.000458679 0.999971271 0.007567643 -1.405254602 0.000915173 -0.007567219 0.999970973 51.182899475
0.999999523 0.000249544 -0.000922309 0.586144805 -0.000242035 0.999966860 0.008132834 -1.416852832 0.000924308 -0.008132606 0.999966502 51.718833923
0.999999523 0.000636310 -0.000722225 0.587735355 -0.000630851 0.999971449 0.007534225 -1.411027193 0.000726998 -0.007533764 0.999971390 52.272651672
0.999999642 0.000830005 0.000143684 0.564620376 -0.000831228 0.999961436 0.008740954 -1.448374987 -0.000136424 -0.008741071 0.999961734 52.699783325
0.999999642 0.000839044 0.000111942 0.571883857 -0.000839972 0.999962986 0.008566764 -1.458493710 -0.000104750 -0.008566855 0.999963343 53.248104095
0.999999881 0.000406448 0.000202720 0.583000481 -0.000408050 0.999968231 0.007965506 -1.462140799 -0.000199475 -0.007965588 0.999968231 53.807403564
0.999999821 0.000173974 0.000512683 0.606961071 -0.000178185 0.999966204 0.008225324 -1.479391098 -0.000511235 -0.008225415 0.999966025 54.314098358
0.999998808 0.001210193 0.000905869 0.568595231 -0.001218257 0.999959171 0.008955158 -1.494660139 -0.000894995 -0.008956253 0.999959409 54.788959503
0.999997377 0.001901237 0.001219582 0.576519072 -0.001911650 0.999961257 0.008594947 -1.502702951 -0.001203194 -0.008597257 0.999962270 55.339305878
0.999995530 0.002486549 0.001644986 0.588620842 -0.002500202 0.999962032 0.008350234 -1.510101795 -0.001624160 -0.008354311 0.999963760 55.886573792
0.999997914 0.001592687 0.001273204 0.608967483 -0.001603321 0.999963462 0.008395465 -1.523327589 -0.001259785 -0.008397489 0.999963939 56.466213226
0.999996781 0.001300120 0.002173058 0.573710144 -0.001320456 0.999955058 0.009383438 -1.562323570 -0.002160761 -0.009386277 0.999953628 56.890556335
0.999994934 0.002162845 0.002325678 0.583290696 -0.002183705 0.999957085 0.009004792 -1.566941261 -0.002306102 -0.009009825 0.999956787 57.438976288
0.999996006 0.001861747 0.002121018 0.599719644 -0.001880312 0.999959648 0.008785100 -1.581483364 -0.002104576 -0.008789052 0.999959111 57.987064362
0.999996066 0.002003744 0.001964718 0.617556691 -0.002020911 0.999959469 0.008775294 -1.590035200 -0.001947054 -0.008779230 0.999959528 58.523483276
0.999993622 0.002254189 0.002770692 0.598041177 -0.002280748 0.999951124 0.009620524 -1.610589027 -0.002748870 -0.009626782 0.999949872 58.961616516
0.999993622 0.002164997 0.002837284 0.612028420 -0.002192040 0.999951839 0.009563042 -1.617867231 -0.002816443 -0.009569202 0.999950230 59.512062073
0.999992847 0.002529105 0.002845555 0.632499456 -0.002556346 0.999950588 0.009610877 -1.627008677 -0.002821107 -0.009618083 0.999949753 60.067726135
0.999990702 0.003103983 0.003019152 0.636742294 -0.003134542 0.999943316 0.010170056 -1.642872334 -0.002987413 -0.010179425 0.999943733 60.587409973
0.999990284 0.002480863 0.003640786 0.616431892 -0.002513201 0.999957204 0.008905359 -1.644037962 -0.003618537 -0.008914422 0.999953747 61.064037323
0.999989510 0.002456168 0.003863981 0.627628803 -0.002491570 0.999954641 0.009184244 -1.652012348 -0.003841248 -0.009193774 0.999950409 61.614654541
0.999984741 0.003226079 0.004496846 0.631730318 -0.003264994 0.999957085 0.008673745 -1.658472300 -0.004468671 -0.008688293 0.999952316 62.177013397
0.999987304 0.002615150 0.004290744 0.635055721 -0.002651810 0.999959767 0.008560760 -1.666360259 -0.004268184 -0.008572029 0.999954224 62.716274261
0.999981523 0.003746897 0.004785960 0.605652094 -0.003792738 0.999946594 0.009605548 -1.719805956 -0.004749714 -0.009623523 0.999942362 63.185878754
0.999981165 0.003259013 0.005212201 0.620552301 -0.003309164 0.999948025 0.009642255 -1.730659127 -0.005180506 -0.009659322 0.999939919 63.731033325
0.999979734 0.003739259 0.005164086 0.640520573 -0.003788004 0.999948084 0.009461813 -1.736476660 -0.005128438 -0.009481182 0.999941885 64.279121399
0.999981284 0.003231820 0.005215567 0.633397341 -0.003280551 0.999950767 0.009361754 -1.741252661 -0.005185055 -0.009378687 0.999942601 64.759994507
0.999980688 0.003428502 0.005183878 0.648531437 -0.003477087 0.999949813 0.009392610 -1.752196074 -0.005151415 -0.009410454 0.999942482 65.320121765
0.999982476 0.003096839 0.005038389 0.669134855 -0.003143632 0.999951720 0.009305972 -1.761879921 -0.005009327 -0.009321649 0.999943972 65.843902588
0.999979079 0.003738972 0.005282681 0.683308840 -0.003786718 0.999951839 0.009057085 -1.768661380 -0.005248563 -0.009076901 0.999945045 66.381660461
0.999974310 0.004260174 0.005765253 0.672460437 -0.004311009 0.999951661 0.008833932 -1.779128194 -0.005727340 -0.008858559 0.999944389 66.822189331
0.999974847 0.004575648 0.005417646 0.686179042 -0.004623102 0.999950707 0.008779312 -1.787103891 -0.005377208 -0.008804136 0.999946892 67.371261597
0.999973834 0.004688540 0.005509385 0.706002653 -0.004735469 0.999952316 0.008536499 -1.805545688 -0.005469099 -0.008562365 0.999948442 67.903671265
0.999969542 0.004496739 0.006381868 0.692895770 -0.004557411 0.999944270 0.009524453 -1.822730660 -0.006338684 -0.009553247 0.999934256 68.379020691
0.999971449 0.004016489 0.006397705 0.707725942 -0.004074856 0.999949992 0.009136118 -1.833281040 -0.006360690 -0.009161927 0.999937773 68.925582886
0.999958932 0.005806809 0.006964258 0.716737688 -0.005867851 0.999944270 0.008776568 -1.841141701 -0.006912907 -0.008817071 0.999937236 69.455177307
0.999964654 0.005025491 0.006730130 0.720856726 -0.005089390 0.999941945 0.009511272 -1.855281949 -0.006681940 -0.009545190 0.999932110 69.957954407
0.999957979 0.005973723 0.006939098 0.734266520 -0.006036332 0.999940932 0.009037116 -1.861655951 -0.006884703 -0.009078624 0.999935091 70.509056091
0.999959230 0.005546045 0.007136391 0.754955173 -0.005608223 0.999946237 0.008722614 -1.870652199 -0.007087631 -0.008762281 0.999936521 71.057128906
0.999959350 0.005533036 0.007114291 0.762085557 -0.005594342 0.999947190 0.008626414 -1.878309131 -0.007066186 -0.008665864 0.999937475 71.629692078
0.999957383 0.005822382 0.007161788 0.753366768 -0.005889091 0.999939144 0.009329175 -1.898294210 -0.007107034 -0.009370954 0.999930859 72.011184692
0.999960005 0.005878560 0.006738120 0.771271229 -0.005940587 0.999939859 0.009222508 -1.904529095 -0.006683499 -0.009262168 0.999934852 72.558090210
0.999959111 0.005767921 0.006959901 0.787779987 -0.005832504 0.999939799 0.009294938 -1.917279243 -0.006905869 -0.009335152 0.999932647 73.106819153
0.999957621 0.005656687 0.007255915 0.792892516 -0.005721895 0.999943078 0.008997788 -1.926898003 -0.007204604 -0.009038924 0.999933183 73.601509094
0.999958396 0.005857188 0.006985475 0.808081329 -0.005920706 0.999940932 0.009107028 -1.933891416 -0.006931721 -0.009148009 0.999934077 74.148422241
0.999965549 0.004985462 0.006633555 0.829323649 -0.005046883 0.999944270 0.009274628 -1.949796915 -0.006586947 -0.009307790 0.999934971 74.697677612
0.999966323 0.005704473 0.005907973 0.884050250 -0.005757038 0.999943614 0.008918764 -1.934390783 -0.005856764 -0.008952477 0.999942780 75.184753418
0.999947369 0.006525873 0.007918761 0.815986812 -0.006602233 0.999931574 0.009655585 -1.975599527 -0.007855210 -0.009707359 0.999921978 75.642059326
0.999951124 0.005867705 0.007957579 0.832694292 -0.005944860 0.999935210 0.009707213 -1.990068793 -0.007900105 -0.009754047 0.999921143 76.190650940
0.999949694 0.005959955 0.008073968 0.849188805 -0.006035559 0.999937892 0.009372070 -1.990405917 -0.008017611 -0.009420331 0.999923468 76.737869263
0.999948144 0.006597252 0.007757664 0.858991146 -0.006669564 0.999934196 0.009332584 -2.003513098 -0.007695584 -0.009383841 0.999926269 77.213905334
0.999941945 0.006937701 0.008246202 0.875952482 -0.007011533 0.999935269 0.008958595 -2.013078690 -0.008183517 -0.009015894 0.999925792 77.763160706
0.999945223 0.005819913 0.008704495 0.898386717 -0.005896507 0.999943912 0.008799627 -2.017346144 -0.008652793 -0.008850472 0.999923348 78.295257568
0.999929905 0.005958365 0.010228712 0.904743969 -0.006048859 0.999942660 0.008839205 -2.036325455 -0.010175458 -0.008900459 0.999908626 78.795791626
0.999919415 0.005966241 0.011201615 0.925514996 -0.006063667 0.999943852 0.008683554 -2.031319618 -0.011149177 -0.008750776 0.999899566 79.316154480
0.999896765 0.006796135 0.012659609 0.937455773 -0.006911594 0.999934673 0.009098936 -2.043774843 -0.012596946 -0.009185495 0.999878466 79.864112854
0.999844551 0.007192390 0.016099127 0.955774784 -0.007339149 0.999931872 0.009075567 -2.069906235 -0.016032752 -0.009192308 0.999829233 80.380149841
0.999790430 0.006364641 0.019458223 0.971771777 -0.006529621 0.999943197 0.008426942 -2.046996355 -0.019403482 -0.008552231 0.999775171 80.855674744
0.999726951 0.005921170 0.022598924 1.001500607 -0.006112657 0.999945998 0.008413647 -2.058751822 -0.022547882 -0.008549492 0.999709189 81.404792786
0.999645829 0.005110092 0.026116278 1.036250234 -0.005308938 0.999957383 0.007550205 -2.064078331 -0.026076583 -0.007686181 0.999630392 81.941581726
0.999447048 0.006408677 0.032626297 1.053951263 -0.006675701 0.999945045 0.008082033 -2.071115971 -0.032572709 -0.008295368 0.999434948 82.430213928
0.999233007 0.005804793 0.038726527 1.089391708 -0.006107992 0.999951601 0.007715522 -2.079513311 -0.038679861 -0.007946146 0.999220073 82.979812622
0.998968899 0.006225102 0.044971988 1.124988794 -0.006585224 0.999947429 0.007864016 -2.092339516 -0.044920664 -0.008152057 0.998957396 83.525085449
0.998582959 0.006100191 0.052866135 1.157797337 -0.006524055 0.999947906 0.007848843 -2.091167450 -0.052815501 -0.008182623 0.998570740 84.002014160
0.998078465 0.006083590 0.061662085 1.207933903 -0.006549026 0.999951482 0.007348883 -2.099880219 -0.061614390 -0.007738590 0.998070061 84.552398682
0.997627854 0.005332032 0.068631321 1.267040730 -0.005851689 0.999955714 0.007372916 -2.106899023 -0.068588957 -0.007757036 0.997614861 85.119346619
0.996966541 0.005917469 0.077606052 1.333729267 -0.006495346 0.999953032 0.007195987 -2.113705397 -0.077559836 -0.007678236 0.996958137 85.622451782
0.996164501 0.005246931 0.087342829 1.381623268 -0.005900559 0.999956608 0.007226983 -2.128101349 -0.087301113 -0.007714636 0.996152103 86.078933716
0.995326579 0.005248640 0.096423917 1.447801590 -0.005973236 0.999956012 0.007227578 -2.133556366 -0.096381746 -0.007769764 0.995314121 86.630233765
0.994580507 0.004780786 0.103859097 1.524978161 -0.005530729 0.999960721 0.006933985 -2.149359941 -0.103821874 -0.007470823 0.994567811 87.170532227
0.993521869 0.004777147 0.113540053 1.588328362 -0.005590272 0.999961078 0.006844234 -2.156034470 -0.113502912 -0.007434617 0.993509829 87.641769409
0.992258608 0.005033974 0.124086879 1.679559708 -0.005965832 0.999956787 0.007139289 -2.165791035 -0.124045558 -0.007824303 0.992245674 88.177589417
0.991048634 0.004148621 0.133436531 1.769760132 -0.005088959 0.999964595 0.006706804 -2.181453228 -0.133403987 -0.007325822 0.991034627 88.692451477
0.989507437 0.003594544 0.144437179 1.876852989 -0.004627620 0.999966085 0.006817095 -2.193675518 -0.144407764 -0.007413966 0.989490509 89.226562500
0.987575352 0.003647926 0.157103896 1.978494644 -0.004757836 0.999966383 0.006689313 -2.207157612 -0.157074198 -0.007353675 0.987559438 89.758529663
0.985761583 0.003755319 0.168107033 2.086786270 -0.004973779 0.999964356 0.006827643 -2.218626499 -0.168075383 -0.007566555 0.985745192 90.285636902
0.983924806 0.003700575 0.178544998 2.187363625 -0.004955266 0.999966085 0.006581864 -2.224827290 -0.178514555 -0.007360797 0.983909726 90.841423035
0.981443286 0.003704452 0.191716641 2.307684898 -0.005052084 0.999965847 0.006540935 -2.237504005 -0.191685885 -0.007388126 0.981428444 91.377731323
0.979008079 0.003634856 0.203789040 2.449162483 -0.005071114 0.999965847 0.006526001 -2.251202822 -0.203758374 -0.007422445 0.978992999 91.900619507
0.976890087 0.002891632 0.213722721 2.575344086 -0.004385945 0.999969125 0.006517995 -2.263086796 -0.213697270 -0.007304741 0.976872623 92.368400574
0.973948777 0.002440305 0.226754904 2.724056244 -0.003964080 0.999972463 0.006264795 -2.278126717 -0.226733387 -0.007000464 0.973931730 92.893135071
0.970771968 0.001690499 0.239997745 2.878610611 -0.003323749 0.999974012 0.006400676 -2.287845850 -0.239980698 -0.007011289 0.970752299 93.415237427
0.967980087 0.001482908 0.251022488 3.042718887 -0.002990311 0.999979675 0.005623736 -2.291610718 -0.251009017 -0.006194300 0.967964947 93.942237854
0.965017617 0.001097764 0.262182623 3.161727905 -0.002771988 0.999978065 0.006015954 -2.295535088 -0.262170255 -0.006532269 0.964999497 94.395179749
0.961261570 0.002045637 0.275630206 3.333608627 -0.003951112 0.999971926 0.006358058 -2.309738636 -0.275609493 -0.007200803 0.961242616 94.910392761
0.957574606 0.001635461 0.288180739 3.510654449 -0.003567631 0.999974549 0.006179642 -2.319551945 -0.288163275 -0.006945591 0.957556069 95.449356079
0.954032004 0.001490561 0.299701065 3.706077576 -0.003408848 0.999976993 0.005877933 -2.328496456 -0.299685329 -0.006629371 0.954015076 95.978614807
0.949615240 0.000899073 0.313416809 3.858474731 -0.003067064 0.999974668 0.006424291 -2.348168373 -0.313403070 -0.007061874 0.949593842 96.363113403
0.944936156 0.000230085 0.327254891 4.067810059 -0.002303140 0.999979675 0.005947168 -2.355312824 -0.327246875 -0.006373408 0.944917321 96.886154175
0.941094100 -0.000008194 0.338144720 4.273151398 -0.002023011 0.999981940 0.005654495 -2.358631611 -0.338138640 -0.006005484 0.941077054 97.383827209
0.936367989 -0.000654477 0.351019353 4.479309082 -0.001409113 0.999983251 0.005623378 -2.374423981 -0.351017147 -0.005760177 0.936351240 97.851249695
0.930696547 -0.000635044 0.365791440 4.679882050 -0.001664311 0.999980748 0.005970620 -2.391342402 -0.365788162 -0.006165626 0.930677712 98.351791382
0.925721049 -0.000320917 0.378206879 4.909492493 -0.002265089 0.999976993 0.006392668 -2.404010296 -0.378200203 -0.006774500 0.925698996 98.856101990
0.920749128 -0.000749877 0.390154302 5.134403229 -0.001889283 0.999977767 0.006380593 -2.415076256 -0.390150458 -0.006612038 0.920727432 99.351768494
0.914957583 -0.001143121 0.403548479 5.358657837 -0.001550809 0.999978602 0.006348733 -2.421008348 -0.403547108 -0.006434647 0.914936244 99.784484863
0.909004271 -0.001153739 0.416785210 5.608783722 -0.001734547 0.999977052 0.006551153 -2.431615114 -0.416783154 -0.006677960 0.908981383 100.274879456
0.903995395 -0.001780207 0.427538753 5.851623535 -0.001084271 0.999978602 0.006456362 -2.446748734 -0.427541018 -0.006300089 0.903973937 100.737884521
0.898193717 -0.002562361 0.439592540 6.123153687 -0.000136580 0.999981344 0.006107903 -2.457051277 -0.439599991 -0.005546119 0.898176551 101.230331421
0.891380548 -0.002383004 0.453249395 6.359794617 -0.000407520 0.999981582 0.006058950 -2.453685760 -0.453255534 -0.005585539 0.891363144 101.713653564
0.885143697 -0.002494664 0.465311110 6.635944366 -0.000068951 0.999984980 0.005492365 -2.458268642 -0.465317756 -0.004893616 0.885130227 102.195404053
0.879428625 -0.002419188 0.476024747 6.921821594 -0.000341469 0.999983549 0.005712826 -2.476036787 -0.476030767 -0.005186570 0.879413366 102.660293579
0.871965766 -0.002792904 0.489558846 7.206203461 0.000040896 0.999984145 0.005632008 -2.486187935 -0.489566833 -0.004890897 0.871952116 103.124954224
0.864606142 -0.003485692 0.502437890 7.450767517 0.000740919 0.999983668 0.005662453 -2.481631756 -0.502449512 -0.004523526 0.864594758 103.513526917
0.858298182 -0.003882909 0.513136506 7.743331909 0.001099555 0.999983013 0.005727709 -2.497432709 -0.513150036 -0.004351860 0.858287871 103.964645386
