1.000000000 0.000000000 0.000000000 0.000000000 0.000000000 1.000000000 0.000000000 0.000000000 0.000000000 0.000000000 1.000000000 0.000000000
1.000000000 0.000080130 0.000043222 -0.000331483 -0.000080130 1.000000000 -0.000001047 -0.000813057 -0.000043222 0.000001044 1.000000000 -0.000768235
1.000000000 0.000147594 0.000042858 0.001826436 -0.000147595 1.000000000 0.000026374 0.000510113 -0.000042854 -0.000026380 1.000000000 -0.001672348
1.000000000 0.000030425 0.000004057 -0.000251830 -0.000030425 1.000000000 0.000033539 0.000867580 -0.000004056 -0.000033539 1.000000000 0.002236078
1.000000000 -0.000018709 0.000035194 -0.000305074 0.000018708 1.000000000 0.000025647 0.000656922 -0.000035194 -0.000025646 1.000000000 0.001531276
1.000000000 0.000023912 0.000080251 -0.000370860 -0.000023921 1.000000000 0.000114668 -0.000063510 -0.000080248 -0.000114670 1.000000000 -0.003744772
1.000000000 -0.000084786 0.000085549 -0.001371997 0.000084781 1.000000000 0.000058405 0.000429878 -0.000085554 -0.000058398 1.000000000 -0.002071257
1.000000000 0.000087750 0.000067695 0.000078564 -0.000087750 1.000000000 0.000000833 -0.000101782 -0.000067695 -0.000000839 1.000000000 -0.000511265
1.000000000 -0.000003748 0.000071470 0.000053213 0.000003747 1.000000000 0.000019165 -0.000028292 -0.000071470 -0.000019165 1.000000000 -0.000677248
1.000000000 0.000019830 -0.000016112 -0.000273735 -0.000019829 1.000000000 0.000039079 0.000197141 0.000016113 -0.000039079 1.000000000 -0.003630936
1.000000000 -0.000084225 0.000021434 0.000349691 0.000084225 1.000000000 0.000010627 -0.000247613 -0.000021434 -0.000010625 1.000000000 0.000645447
1.000000000 -0.000197679 0.000000331 0.000074700 0.000197679 1.000000000 0.000067946 -0.000590309 -0.000000344 -0.000067946 1.000000000 -0.001068286
1.000000000 -0.000032025 0.000090939 0.000465177 0.000032025 1.000000000 0.000007867 -0.000082314 -0.000090939 -0.000007864 1.000000000 -0.001004420
0.999999940 -0.000267465 -0.000004699 0.000000311 0.000267465 0.999999940 0.000134867 0.000113307 0.000004663 -0.000134868 1.000000000 -0.002490832
1.000000000 -0.000177752 0.000021706 -0.000273710 0.000177751 1.000000000 0.000022695 -0.000118248 -0.000021710 -0.000022691 1.000000000 -0.001086159
1.000000000 -0.000164989 0.000046072 -0.000989041 0.000164987 1.000000000 0.000039974 -0.000797380 -0.000046079 -0.000039966 1.000000000 -0.001802957
1.000000000 -0.000036964 0.000003164 -0.000885146 0.000036963 1.000000000 0.000074958 -0.000187546 -0.000003167 -0.000074957 1.000000000 -0.005055592
1.000000000 -0.000206004 -0.000009357 0.000586277 0.000206005 1.000000000 0.000058973 -0.000641130 0.000009345 -0.000058975 1.000000000 -0.002667030
1.000000000 -0.000116948 -0.000026036 0.000892035 0.000116949 1.000000000 0.000032804 -0.000266224 0.000026032 -0.000032807 1.000000000 -0.007055847
1.000000000 -0.000191642 -0.000055147 0.002374258 0.000191648 1.000000000 0.000109095 -0.002773832 0.000055126 -0.000109106 1.000000000 -0.006018022
1.000000000 -0.000065239 0.000082296 -0.000831655 0.000065232 1.000000000 0.000085379 -0.002198909 -0.000082301 -0.000085373 1.000000000 -0.002256265
1.000000000 -0.000019881 0.000091205 -0.000983227 0.000019866 1.000000000 0.000170381 -0.002486377 -0.000091208 -0.000170379 1.000000000 -0.005277363
1.000000000 -0.000168611 0.000051256 -0.000088395 0.000168610 1.000000000 0.000022855 0.001422694 -0.000051260 -0.000022847 1.000000000 -0.006485655
1.000000000 -0.000101518 0.000026289 0.001202528 0.000101516 1.000000000 0.000090627 -0.000473696 -0.000026298 -0.000090624 1.000000000 -0.006534043
1.000000000 -0.000101075 0.000003771 0.000684625 0.000101074 1.000000000 0.000136746 -0.001712056 -0.000003784 -0.000136746 1.000000000 -0.003628092
1.000000000 -0.000047338 0.000077070 -0.002630152 0.000047336 1.000000000 0.000031812 -0.000666765 -0.000077072 -0.000031808 1.000000000 -0.002207081
1.000000000 -0.000194312 0.000017147 -0.002008589 0.000194311 1.000000000 0.000061021 0.000291122 -0.000017159 -0.000061017 1.000000000 -0.001232268
1.000000000 -0.000190619 -0.000043682 -0.001526664 0.000190623 1.000000000 0.000082474 0.001781141 0.000043666 -0.000082482 1.000000000 -0.002085656
1.000000000 -0.000138975 -0.000006491 0.000842083 0.000138975 1.000000000 0.000094428 -0.001234521 0.000006478 -0.000094429 1.000000000 0.000222588
1.000000000 -0.000171079 0.000012279 -0.001227143 0.000171077 1.000000000 0.000121173 -0.001720235 -0.000012300 -0.000121171 1.000000000 -0.000357017
0.999999940 -0.000255577 0.000051264 -0.002789431 0.000255570 0.999999940 0.000136401 -0.001842755 -0.000051299 -0.000136388 1.000000000 -0.002636969
1.000000000 -0.000122754 0.000063616 -0.000014349 0.000122746 1.000000000 0.000126099 -0.002104277 -0.000063631 -0.000126091 1.000000000 -0.003597662
1.000000000 -0.000006265 0.000053209 -0.003627810 0.000006263 1.000000000 0.000037696 -0.000193410 -0.000053209 -0.000037696 1.000000000 -0.004402699
1.000000000 -0.000070138 -0.000010790 -0.001568726 0.000070138 1.000000000 -0.000007200 0.002616201 0.000010790 0.000007199 1.000000000 -0.005889073
1.000000000 -0.000122537 0.000009755 -0.002498199 0.000122537 1.000000000 -0.000026899 0.001629142 -0.000009752 0.000026900 1.000000000 -0.000930870
1.000000000 -0.000079240 0.000069311 -0.001589645 0.000079238 1.000000000 0.000027097 -0.000336559 -0.000069313 -0.000027092 1.000000000 -0.003337350
1.000000000 -0.000228668 0.000059176 -0.003412753 0.000228663 1.000000000 0.000076042 -0.002399940 -0.000059193 -0.000076029 1.000000000 -0.001238837
1.000000000 -0.000141150 0.000033762 -0.000677576 0.000141149 1.000000000 0.000034895 -0.000328092 -0.000033767 -0.000034891 1.000000000 -0.000239027
0.999999940 -0.000357328 -0.000043517 0.000233361 0.000357335 0.999999940 0.000145918 -0.002081539 0.000043465 -0.000145934 1.000000000 0.000442213
1.000000000 -0.000137348 0.000047368 0.002156916 0.000137376 0.999999821 -0.000588011 -0.005133785 -0.000047287 0.000588018 0.999999821 0.048111748
1.000000000 -0.000080249 0.000042066 0.002873376 0.000080297 0.999999344 -0.001136995 -0.004683139 -0.000041974 0.001136998 0.999999344 0.139437303
0.999999940 -0.000274977 -0.000100186 0.008232387 0.000274833 0.999998927 -0.001430687 -0.011746367 0.000100579 0.001430659 0.999998987 0.255243748
1.000000000 -0.000098260 0.000158675 0.003317457 0.000098450 0.999999285 -0.001197286 -0.018273685 -0.000158557 0.001197302 0.999999285 0.386136979
1.000000000 0.000079707 0.000027854 0.008380235 -0.000079678 0.999999404 -0.001067132 -0.021814777 -0.000027939 0.001067129 0.999999404 0.533129752
0.999999881 0.000360455 0.000226626 0.008893441 -0.000360232 0.999999464 -0.000985374 -0.024295308 -0.000226981 0.000985292 0.999999464 0.695125818
1.000000000 -0.000004878 0.000145964 0.014973614 0.000004998 0.999999642 -0.000820112 -0.030110653 -0.000145960 0.000820112 0.999999642 0.869768739
0.999999940 0.000064833 -0.000262003 0.018407427 -0.000064979 0.999999821 -0.000557504 -0.033372078 0.000261966 0.000557521 0.999999821 1.049494386
0.999999940 0.000155806 0.000030128 0.017030882 -0.000155791 0.999999881 -0.000476061 -0.038607381 -0.000030202 0.000476056 0.999999940 1.232052207
0.999999940 0.000159117 -0.000149450 0.025494667 -0.000159138 0.999999940 -0.000142465 -0.047416799 0.000149428 0.000142489 0.999999940 1.424981952
0.999999881 0.000140864 -0.000373755 0.032390427 -0.000140946 0.999999940 -0.000219404 -0.056100655 0.000373724 0.000219456 0.999999821 1.615593195
1.000000000 0.000022161 -0.000278613 0.044704922 -0.000022171 1.000000000 -0.000037254 -0.061224218 0.000278612 0.000037260 0.999999940 1.803406358
1.000000000 0.000154841 0.000004747 0.035539769 -0.000154840 1.000000000 -0.000122315 -0.066137701 -0.000004766 0.000122315 1.000000000 2.020596266
0.999999940 0.000399745 0.000065014 0.041102581 -0.000399727 0.999999940 -0.000269322 -0.069808692 -0.000065121 0.000269296 1.000000000 2.245024681
1.000000000 0.000147137 -0.000051752 0.050571781 -0.000147123 0.999999940 0.000269040 -0.082919344 0.000051792 -0.000269032 0.999999940 2.441332579
1.000000000 0.000275400 -0.000117611 0.054615688 -0.000275353 0.999999881 0.000397917 -0.091156036 0.000117720 -0.000397884 0.999999881 2.673465490
1.000000000 0.000048630 -0.000062029 0.063217506 -0.000048603 0.999999881 0.000450091 -0.096237533 0.000062051 -0.000450088 0.999999881 2.911096334
0.999999940 0.000145372 0.000141089 0.068245523 -0.000145416 0.999999940 0.000310596 -0.102659419 -0.000141044 -0.000310616 0.999999940 3.141938210
0.999999881 0.000394099 0.000023072 0.075811073 -0.000394103 0.999999940 0.000151229 -0.109333158 -0.000023012 -0.000151238 1.000000000 3.397331476
0.999999762 0.000535248 0.000380594 0.071497671 -0.000535402 0.999999762 0.000403736 -0.118723810 -0.000380378 -0.000403940 0.999999821 3.635122299
0.999999642 0.000740518 0.000444363 0.078559317 -0.000740762 0.999999523 0.000549427 -0.130491182 -0.000443956 -0.000549756 0.999999762 3.884198666
0.999999821 0.000445376 0.000216758 0.083337434 -0.000445489 0.999999762 0.000519578 -0.135646686 -0.000216527 -0.000519675 0.999999821 4.149199963
0.999999464 0.000865631 0.000430644 0.086427063 -0.000865988 0.999999285 0.000830811 -0.145644978 -0.000429924 -0.000831184 0.999999583 4.402272224
0.999999940 0.000040992 0.000110449 0.098060682 -0.000041084 0.999999583 0.000835844 -0.150811553 -0.000110415 -0.000835848 0.999999583 4.669668674
0.999999821 0.000313531 0.000681347 0.099910066 -0.000314309 0.999999285 0.001142971 -0.159636661 -0.000680988 -0.001143184 0.999999106 4.925452232
0.999999404 0.000771758 0.000834556 0.098817885 -0.000772717 0.999999106 0.001149647 -0.171046212 -0.000833667 -0.001150291 0.999998987 5.174011230
0.999999821 0.000255573 0.000560875 0.105922833 -0.000256323 0.999999046 0.001337528 -0.178554669 -0.000560533 -0.001337671 0.999998927 5.462283611
0.999999821 -0.000412564 0.000507158 0.114359386 0.000411915 0.999999046 0.001278413 -0.189578637 -0.000507684 -0.001278203 0.999999046 5.719101906
0.999999762 0.000503843 0.000266036 0.120678931 -0.000504195 0.999998987 0.001325121 -0.200036526 -0.000265368 -0.001325255 0.999999106 5.991979122
0.999999285 0.001094385 0.000415377 0.123980395 -0.001094919 0.999998569 0.001287214 -0.212727085 -0.000413968 -0.001287668 0.999999106 6.254553795
0.999999702 0.000532484 0.000454169 0.129761294 -0.000533130 0.999998808 0.001422525 -0.216122523 -0.000453411 -0.001422766 0.999998868 6.542129040
0.999999344 0.000607994 0.000886256 0.127403811 -0.000609110 0.999998987 0.001259844 -0.225118324 -0.000885489 -0.001260383 0.999998808 6.845955849
0.999999642 0.000134387 0.000848150 0.135997787 -0.000135589 0.999998987 0.001417135 -0.233836114 -0.000847959 -0.001417249 0.999998629 7.142821789
0.999999762 -0.000044629 0.000750764 0.148068234 0.000043237 0.999998271 0.001854088 -0.248107120 -0.000750845 -0.001854055 0.999997973 7.429335117
0.999999702 0.000376324 0.000626910 0.161218360 -0.000377405 0.999998391 0.001725474 -0.262074828 -0.000626259 -0.001725710 0.999998331 7.740147114
0.999999881 0.000276106 0.000537216 0.171420708 -0.000277215 0.999997854 0.002065174 -0.276448488 -0.000536645 -0.002065323 0.999997735 8.055234909
0.999999344 0.000589762 0.001017745 0.167381495 -0.000591667 0.999998152 0.001872088 -0.280557126 -0.001016639 -0.001872689 0.999997735 8.373718262
0.999999583 0.000355197 0.000775631 0.172238275 -0.000356664 0.999998152 0.001891382 -0.292646825 -0.000774958 -0.001891658 0.999997854 8.702705383
0.999999821 0.000039319 0.000620595 0.179940134 -0.000040640 0.999997735 0.002128210 -0.302891940 -0.000620510 -0.002128235 0.999997556 9.036625862
0.999999523 0.000192868 0.000947437 0.186238557 -0.000195404 0.999996364 0.002677113 -0.315116853 -0.000946917 -0.002677297 0.999995947 9.375365257
0.999999702 0.000238307 0.000730000 0.194951683 -0.000239859 0.999997675 0.002126474 -0.321121067 -0.000729492 -0.002126649 0.999997437 9.703011513
0.999999642 -0.000109892 0.000815629 0.203223601 0.000108218 0.999997914 0.002052123 -0.329502672 -0.000815852 -0.002052034 0.999997556 10.048887253
0.999999523 0.000125419 0.000948258 0.215152860 -0.000127687 0.999997139 0.002391978 -0.344646007 -0.000947955 -0.002392098 0.999996722 10.389618874
0.999999404 0.000527931 0.000901342 0.220159620 -0.000530199 0.999996662 0.002517889 -0.358761966 -0.000900010 -0.002518365 0.999996364 10.787387848
0.999998927 0.000724825 0.001239004 0.225274920 -0.000728001 0.999996424 0.002564962 -0.369012415 -0.001237141 -0.002565861 0.999995887 11.170224190
0.999999642 0.000398760 0.000717708 0.236395612 -0.000400464 0.999997079 0.002376165 -0.383477658 -0.000716758 -0.002376453 0.999996901 11.533182144
0.999999821 -0.000160664 0.000616627 0.247907966 0.000159144 0.999996901 0.002465577 -0.393169433 -0.000617022 -0.002465478 0.999996781 11.913974762
0.999999464 0.000438323 0.000928970 0.250217527 -0.000440863 0.999996126 0.002735059 -0.403510302 -0.000927767 -0.002735467 0.999995768 12.283282280
0.999999523 -0.000092921 0.001014479 0.258753866 0.000090173 0.999996305 0.002708607 -0.416753173 -0.001014727 -0.002708514 0.999995828 12.680419922
0.999999344 0.000361034 0.001131012 0.268795997 -0.000364652 0.999994874 0.003200862 -0.432144970 -0.001129850 -0.003201272 0.999994218 13.060563087
0.999999821 -0.000354984 0.000461354 0.281883746 0.000353302 0.999993324 0.003638905 -0.459649354 -0.000462643 -0.003638741 0.999993265 13.435933113
0.999999404 0.000071482 0.001135502 0.285733014 -0.000075940 0.999992311 0.003926708 -0.473969519 -0.001135212 -0.003926792 0.999991655 13.851752281
0.999999225 0.000421024 0.001183779 0.293881178 -0.000425882 0.999991477 0.004106237 -0.482624888 -0.001182041 -0.004106737 0.999990880 14.266089439
0.999998629 0.000323023 0.001571808 0.292497784 -0.000328801 0.999993205 0.003677864 -0.498008549 -0.001570609 -0.003678376 0.999991953 14.693301201
0.999998748 0.000118015 0.001569265 0.307162493 -0.000123958 0.999992847 0.003787735 -0.510035157 -0.001568807 -0.003787925 0.999991596 15.108960152
0.999997973 -0.000416787 0.001931830 0.318075955 0.000408217 0.999990106 0.004434457 -0.523976386 -0.001933658 -0.004433660 0.999988317 15.538680077
0.999997139 -0.000129797 0.002374188 0.331344515 0.000118879 0.999989569 0.004598015 -0.561926544 -0.002374760 -0.004597721 0.999986589 15.942008018
0.999996841 -0.000237286 0.002510194 0.345373631 0.000226853 0.999991417 0.004155686 -0.567473590 -0.002511158 -0.004155104 0.999988258 16.389467239
0.999996066 0.000229726 0.002811171 0.354811490 -0.000241579 0.999991119 0.004216831 -0.582362294 -0.002810177 -0.004217494 0.999987185 16.820747375
0.999995887 -0.000398477 0.002848684 0.363037527 0.000383817 0.999986708 0.005144794 -0.606338739 -0.002850697 -0.005143680 0.999982715 17.272525787
0.999995649 -0.000351265 0.002928165 0.372767478 0.000336139 0.999986589 0.005164599 -0.616386950 -0.002929940 -0.005163591 0.999982357 17.730113983
0.999993682 0.000402068 0.003539934 0.383269906 -0.000421039 0.999985576 0.005359902 -0.629393637 -0.003537727 -0.005361358 0.999979377 18.187770844
0.999993622 0.000068546 0.003580883 0.396659702 -0.000088173 0.999984980 0.005481237 -0.633796632 -0.003580453 -0.005481517 0.999978602 18.662729263
0.999993324 -0.000239625 0.003652222 0.406192094 0.000220486 0.999986351 0.005239667 -0.651285052 -0.003653427 -0.005238827 0.999979615 19.131584167
0.999993563 -0.000608196 0.003526663 0.431437045 0.000588320 0.999983907 0.005634367 -0.675210118 -0.003530033 -0.005632256 0.999977946 19.583040237
0.999993265 -0.000294964 0.003650699 0.430400699 0.000274291 0.999983907 0.005661910 -0.684251130 -0.003652311 -0.005660871 0.999977291 20.085578918
0.999994576 -0.001005274 0.003104947 0.448704571 0.000987610 0.999983370 0.005685238 -0.701140761 -0.003110610 -0.005682141 0.999978960 20.560995102
0.999993443 -0.000722574 0.003551971 0.447220206 0.000700235 0.999980032 0.006286381 -0.720051289 -0.003556442 -0.006283853 0.999973953 21.075063705
0.999996185 -0.000306585 0.002721240 0.456225246 0.000290497 0.999982417 0.005910398 -0.733772516 -0.002723004 -0.005909586 0.999978781 21.599121094
0.999996662 -0.000806328 0.002450260 0.463556290 0.000791263 0.999980927 0.006143253 -0.762377977 -0.002455166 -0.006141295 0.999978125 22.065256119
0.999996483 -0.001105523 0.002400201 0.473712385 0.001090082 0.999978721 0.006425187 -0.774338365 -0.002407253 -0.006422548 0.999976516 22.592643738
0.999996126 -0.000423696 0.002749807 0.465033501 0.000405562 0.999978244 0.006592020 -0.789194763 -0.002752540 -0.006590879 0.999974489 23.123138428
0.999997973 -0.000048010 0.001998795 0.460369170 0.000035123 0.999979258 0.006447016 -0.805004001 -0.001999063 -0.006446933 0.999977231 23.651243210
0.999996305 -0.002694280 0.000349248 0.495018840 0.002692044 0.999976814 0.006253492 -0.815066516 -0.000366089 -0.006252530 0.999980390 24.116394043
0.999998450 -0.001725671 -0.000189201 0.501910090 0.001726881 0.999976754 0.006592809 -0.827451408 0.000177820 -0.006593126 0.999978244 24.647050858
0.999998808 -0.001298381 -0.000804779 0.511031389 0.001303774 0.999976456 0.006736615 -0.839569211 0.000796013 -0.006737658 0.999976993 25.170532227
0.999998152 -0.001254981 -0.001420340 0.515631080 0.001264448 0.999976873 0.006684649 -0.848796844 0.001411918 -0.006686432 0.999976635 25.695079803
0.999998212 -0.000957645 -0.001637959 0.524842501 0.000968807 0.999976218 0.006827303 -0.862914026 0.001631382 -0.006828878 0.999975264 26.233644485
0.999996483 -0.001695082 -0.002011070 0.534096003 0.001710315 0.999969602 0.007597065 -0.876707375 0.001998131 -0.007600478 0.999969125 26.765449524
0.999995530 -0.001639863 -0.002497757 0.544579148 0.001659019 0.999969065 0.007686574 -0.893709421 0.002485074 -0.007690684 0.999967337 27.299671173
0.999993682 -0.001704374 -0.003125905 0.563908458 0.001728892 0.999967575 0.007857606 -0.910578489 0.003112411 -0.007862960 0.999964297 27.843416214
0.999994576 -0.001115078 -0.003079919 0.569053888 0.001139341 0.999968231 0.007887461 -0.921426654 0.003071025 -0.007890927 0.999964118 28.368341446
0.999993324 -0.001463184 -0.003356528 0.579150498 0.001490271 0.999966204 0.008081566 -0.938576162 0.003344590 -0.008086513 0.999961674 28.905046463
0.999991238 -0.001390989 -0.003939414 0.590288341 0.001421718 0.999968529 0.007808350 -0.942847371 0.003928429 -0.007813883 0.999961674 29.430034637
0.999989986 -0.001336108 -0.004265501 0.597780943 0.001370251 0.999966919 0.008011617 -0.955166161 0.004254656 -0.008017382 0.999958754 29.969385147
0.999989569 -0.001162527 -0.004403443 0.605246663 0.001197312 0.999968052 0.007905122 -0.967694163 0.004394112 -0.007910313 0.999958992 30.505760193
0.999989092 -0.001137990 -0.004530509 0.615494847 0.001174122 0.999967456 0.007980759 -0.979927182 0.004521280 -0.007985991 0.999957919 31.048557281
0.999989450 -0.000453338 -0.004574579 0.607324004 0.000488463 0.999970496 0.007680091 -0.992725551 0.004570961 -0.007682245 0.999960065 31.591112137
0.999989390 -0.000496996 -0.004588422 0.616843700 0.000532201 0.999970436 0.007674341 -1.003232479 0.004584472 -0.007676701 0.999960065 32.143524170
0.999985993 -0.000783140 -0.005243057 0.624113500 0.000825779 0.999966562 0.008135241 -1.013573289 0.005236512 -0.008139456 0.999953210 32.655143738
0.999986529 -0.001082969 -0.005061136 0.612613320 0.001125865 0.999963343 0.008480416 -1.045192957 0.005051767 -0.008485999 0.999951243 33.184761047
0.999985635 -0.001101191 -0.005241855 0.626633763 0.001146073 0.999962568 0.008566945 -1.058807135 0.005232225 -0.008572829 0.999949574 33.745471954
0.999981940 -0.001327092 -0.005860712 0.634236634 0.001379887 0.999958396 0.009013533 -1.085201502 0.005848506 -0.009021458 0.999942183 34.277542114
0.999983370 -0.001180681 -0.005651094 0.641600490 0.001229127 0.999962389 0.008577183 -1.094558001 0.005640754 -0.008583988 0.999947309 34.818237305
0.999985516 -0.000626175 -0.005329739 0.638548136 0.000669641 0.999966502 0.008157481 -1.082192421 0.005324452 -0.008160930 0.999952495 35.308948517
0.999984622 -0.000764013 -0.005486732 0.638115168 0.000809897 0.999964714 0.008365341 -1.098641157 0.005480147 -0.008369654 0.999949992 35.867366791
0.999987721 0.000157966 -0.004938420 0.649966896 -0.000117472 0.999966443 0.008199165 -1.109231591 0.004939549 -0.008198484 0.999954104 36.421245575
0.999982297 -0.000950210 -0.005862256 0.645856023 0.000999003 0.999964893 0.008325940 -1.109948754 0.005854138 -0.008331650 0.999948084 36.979206085
0.999980688 -0.001673635 -0.005978581 0.653648496 0.001724776 0.999961853 0.008559014 -1.124478698 0.005964028 -0.008569160 0.999945462 37.551662445
0.999980330 -0.001820851 -0.005990273 0.641390979 0.001883386 0.999943614 0.010450406 -1.197574019 0.005970906 -0.010461482 0.999927402 38.004905701
0.999979138 -0.001447743 -0.006291809 0.667242646 0.001508129 0.999952674 0.009603487 -1.180690169 0.006277608 -0.009612776 0.999934137 38.532566071
0.999972939 -0.002212295 -0.007016416 0.707931638 0.002284195 0.999944806 0.010255935 -1.232391953 0.006993339 -0.010271684 0.999922812 39.061496735
0.999969363 -0.002732435 -0.007337531 0.732897162 0.002812776 0.999935985 0.010961408 -1.249979258 0.007307109 -0.010981712 0.999913037 39.603496552
0.999970734 -0.003228724 -0.006942974 0.707670569 0.003303982 0.999935687 0.010855460 -1.259100914 0.006907479 -0.010878082 0.999916971 40.104129791
0.999974728 -0.002126720 -0.006785679 0.731906652 0.002198657 0.999941230 0.010611591 -1.270342588 0.006762713 -0.010626242 0.999920607 40.680179596
0.999979734 -0.001126313 -0.006265879 0.727145195 0.001185070 0.999955237 0.009381441 -1.270462155 0.006255033 -0.009388677 0.999936283 41.211524963
0.999973059 -0.001912976 -0.007089374 0.745879769 0.001985548 0.999945581 0.010243835 -1.281487942 0.007069392 -0.010257634 0.999922395 41.759403229
0.999973953 -0.001249258 -0.007112239 0.758456230 0.001320291 0.999949217 0.009991515 -1.290192604 0.007099396 -0.010000646 0.999924719 42.268672943
0.999973238 -0.001260247 -0.007225283 0.766486347 0.001335229 0.999945223 0.010382328 -1.307202816 0.007211802 -0.010391698 0.999920011 42.810417175
0.999975562 -0.000946375 -0.006930317 0.770469308 0.001014716 0.999950826 0.009864350 -1.313740730 0.006920641 -0.009871138 0.999927282 43.341991425
0.999974847 -0.001262226 -0.006969589 0.779532552 0.001331167 0.999950171 0.009895937 -1.322235465 0.006956751 -0.009904965 0.999926686 43.865253448
0.999974549 -0.001062604 -0.007053676 0.785244584 0.001130687 0.999952734 0.009655205 -1.330953002 0.007043084 -0.009662935 0.999928534 44.399444580
0.999975860 -0.001029444 -0.006875391 0.789331317 0.001095599 0.999953091 0.009625276 -1.345553637 0.006865160 -0.009632576 0.999930024 44.930374146
0.999975681 -0.001163000 -0.006880530 0.795448661 0.001228363 0.999954045 0.009503100 -1.350988388 0.006869162 -0.009511321 0.999931097 45.455894470
0.999975085 -0.001101281 -0.006965775 0.804884553 0.001166799 0.999954998 0.009408605 -1.365568638 0.006955101 -0.009416498 0.999931455 45.992782593
0.999976695 -0.001112118 -0.006739036 0.809180737 0.001177945 0.999951601 0.009771962 -1.382076502 0.006727843 -0.009779672 0.999929547 46.558567047
0.999975622 -0.001324990 -0.006852453 0.817712307 0.001392679 0.999950171 0.009882764 -1.387294650 0.006839017 -0.009892065 0.999927640 47.088413239
0.999972701 -0.001440523 -0.007246084 0.825878620 0.001511264 0.999951184 0.009766624 -1.404454231 0.007231659 -0.009777308 0.999926031 47.590240479
0.999971926 -0.001262585 -0.007387558 0.879622996 0.001326977 0.999961138 0.008717902 -1.382776022 0.007376263 -0.008727461 0.999934673 48.204048157
0.999969542 -0.002039644 -0.007531000 0.846215129 0.002115067 0.999947548 0.010020596 -1.432373643 0.007510168 -0.010036220 0.999921441 48.661758423
0.999971449 -0.001509119 -0.007396481 0.854469299 0.001587190 0.999943018 0.010560771 -1.447421432 0.007380120 -0.010572209 0.999916852 49.218811035
0.999974966 -0.000974744 -0.007009457 0.849801540 0.001045411 0.999948621 0.010085164 -1.447247863 0.006999265 -0.010092239 0.999924600 49.727180481
0.999975622 -0.000844426 -0.006928481 0.856347919 0.000913268 0.999950290 0.009939081 -1.460614443 0.006919744 -0.009945164 0.999926567 50.255538940
0.999973118 -0.001212586 -0.007228219 0.870882154 0.001283511 0.999950945 0.009815767 -1.469949484 0.007215963 -0.009824781 0.999925673 50.777721405
0.999974430 -0.001224309 -0.007049997 0.870018244 0.001292531 0.999952316 0.009680409 -1.477250457 0.007037810 -0.009689273 0.999928296 51.333187103
0.999974430 -0.001279699 -0.007033891 0.875348449 0.001348624 0.999951065 0.009802995 -1.491978526 0.007021003 -0.009812231 0.999927223 51.856452942
0.999979198 -0.000606046 -0.006409510 0.873126745 0.000667245 0.999954164 0.009550330 -1.493704438 0.006403429 -0.009554409 0.999933839 52.403190613
0.999975622 -0.001078121 -0.006888673 0.879287958 0.001149625 0.999945402 0.010384355 -1.526051164 0.006877101 -0.010392020 0.999922335 52.875141144
0.999982595 0.000269688 -0.005900309 0.897823691 -0.000212759 0.999953389 0.009646871 -1.500306606 0.005902636 -0.009645447 0.999936044 53.520790100
0.999975502 -0.000414486 -0.006983151 0.892728031 0.000488152 0.999944210 0.010550715 -1.553031564 0.006978389 -0.010553864 0.999919951 53.965465546
0.999977708 -0.000633551 -0.006649327 0.896127939 0.000704161 0.999943256 0.010622092 -1.562411666 0.006642222 -0.010626538 0.999921501 54.411148071
0.999975026 0.000229857 -0.007059169 0.923664689 -0.000151912 0.999939024 0.011040223 -1.579752445 0.007061278 -0.011038874 0.999914050 55.023605347
0.999976695 -0.000384385 -0.006831015 0.906556249 0.000462258 0.999934852 0.011401864 -1.590399027 0.006826188 -0.011404755 0.999911666 55.510215759
0.999971449 -0.001101934 -0.007484637 0.946946561 0.001184893 0.999937773 0.011088428 -1.593061090 0.007471954 -0.011096979 0.999910593 56.004875183
0.999971628 -0.001054139 -0.007465404 0.973627329 0.001134965 0.999940634 0.010830814 -1.589478970 0.007453544 -0.010838978 0.999913514 56.542526245
0.999974549 -0.000168723 -0.007135707 0.932452559 0.000251865 0.999931991 0.011652329 -1.628738403 0.007133256 -0.011653829 0.999906659 57.043857574
0.999978244 -0.001023302 -0.006506345 0.925500154 0.001096213 0.999936521 0.011212571 -1.637025356 0.006494460 -0.011219460 0.999915957 57.482749939
0.999978960 -0.000854613 -0.006430728 0.928628266 0.000923633 0.999941945 0.010737397 -1.642288446 0.006421179 -0.010743110 0.999921679 58.008903503
0.999979615 -0.000774214 -0.006339125 0.932439625 0.000842350 0.999941826 0.010752861 -1.650192976 0.006330431 -0.010757982 0.999922097 58.528190613
0.999984145 -0.000110792 -0.005645988 0.937707365 0.000175171 0.999934971 0.011403454 -1.666726589 0.005644357 -0.011404260 0.999919057 59.071514130
0.999978423 -0.001076920 -0.006469834 0.961178124 0.001151311 0.999933124 0.011505426 -1.678624153 0.006457012 -0.011512628 0.999912858 59.583160400
0.999980509 -0.000782166 -0.006194606 0.978697121 0.000851769 0.999936461 0.011241445 -1.688938379 0.006185419 -0.011246501 0.999917567 60.151973724
0.999977052 -0.001346860 -0.006633522 0.991107941 0.001422236 0.999934375 0.011371333 -1.699257612 0.006617770 -0.011380509 0.999913335 60.676700592
0.999973536 -0.001409377 -0.007136036 1.043489099 0.001492629 0.999930739 0.011674592 -1.736612439 0.007119087 -0.011684936 0.999906421 61.191116333
0.999974072 -0.000707059 -0.007168590 1.084982753 0.000786200 0.999938726 0.011043155 -1.690343857 0.007160344 -0.011048503 0.999913275 61.576759338
0.999962211 -0.001764548 -0.008512843 1.139232159 0.001861037 0.999933958 0.011339955 -1.718228459 0.008492271 -0.011355368 0.999899447 61.925090790
0.999974072 -0.000112143 -0.007190201 1.108165622 0.000195699 0.999932528 0.011621153 -1.735081911 0.007188412 -0.011622260 0.999906600 62.356723785
0.999971867 0.000440092 -0.007487449 1.115730762 -0.000349438 0.999926627 0.012104484 -1.756437063 0.007492228 -0.012101529 0.999898672 62.895099640
0.999975204 -0.000847417 -0.006979622 1.072619200 0.000930633 0.999928415 0.011928137 -1.774436593 0.006969016 -0.011934338 0.999904513 63.625804901
0.999976099 -0.000902050 -0.006846948 1.084481239 0.000984723 0.999926567 0.012080601 -1.789160490 0.006835546 -0.012087055 0.999903619 64.163185120
0.999974370 -0.000904271 -0.007090170 1.099446654 0.000992274 0.999922395 0.012418296 -1.801355600 0.007078392 -0.012425016 0.999897778 64.726257324
0.999975860 -0.000647828 -0.006915627 1.122743368 0.000731558 0.999926388 0.012111599 -1.781418562 0.006907273 -0.012116366 0.999902785 65.226600647
0.999978364 -0.000615779 -0.006542259 1.134444237 0.000696551 0.999923408 0.012351119 -1.831286550 0.006534153 -0.012355409 0.999902308 65.645530701
0.999977231 0.000493937 -0.006725297 1.149916530 -0.000419464 0.999938667 0.011070464 -1.786511660 0.006730352 -0.011067390 0.999916077 66.347900391
0.999981284 0.000918649 -0.006049083 1.159759283 -0.000844428 0.999924481 0.012260962 -1.857016802 0.006059891 -0.012255627 0.999906540 66.661041260
0.999980509 0.000807138 -0.006201402 1.175624013 -0.000731861 0.999926209 0.012131332 -1.873352289 0.006210737 -0.012126555 0.999907196 67.206878662
0.999979556 0.000616155 -0.006367017 1.190663099 -0.000536123 0.999920905 0.012563871 -1.869913816 0.006374253 -0.012560201 0.999900758 67.746574402
0.999980628 -0.000688808 -0.006188955 1.203322411 0.000762023 0.999929726 0.011835304 -1.858209133 0.006180367 -0.011839792 0.999910772 68.270706177
0.999980688 0.000535029 -0.006194119 1.196070910 -0.000456748 0.999920070 0.012632527 -1.888051987 0.006200385 -0.012629455 0.999900997 68.650032043
0.999978483 -0.000210083 -0.006560990 1.208455086 0.000291095 0.999923706 0.012348909 -1.899517536 0.006557897 -0.012350554 0.999902189 69.163810730
0.999979973 -0.000372116 -0.006317980 1.224148631 0.000448610 0.999926567 0.012110272 -1.913737416 0.006313009 -0.012112865 0.999906659 69.699562073
0.999978602 -0.000266177 -0.006553126 1.226895928 0.000349457 0.999919176 0.012710630 -1.922412395 0.006549216 -0.012712649 0.999897718 70.155532837
0.999982178 -0.000144980 -0.005973565 1.234537125 0.000216124 0.999929070 0.011910748 -1.927626371 0.005971413 -0.011911824 0.999911249 70.769485474
0.999982059 0.000331023 -0.005989916 1.249147296 -0.000254163 0.999917686 0.012827783 -1.949981213 0.005993670 -0.012826032 0.999899805 71.233314514
0.999980688 0.000042355 -0.006210378 1.237615585 0.000036375 0.999919653 0.012676626 -1.957611561 0.006210417 -0.012676608 0.999900281 71.646804810
0.999980688 -0.000555080 -0.006208058 1.243399620 0.000631806 0.999923348 0.012363913 -1.964153171 0.006200720 -0.012367596 0.999904275 72.178039551
0.999982595 -0.000256027 -0.005900145 1.252977371 0.000331041 0.999919057 0.012716413 -1.981209755 0.005896412 -0.012718145 0.999901712 72.723037720
0.999981582 -0.000091741 -0.006071407 1.266923904 0.000167547 0.999922037 0.012486412 -1.990680456 0.006069787 -0.012487199 0.999903560 73.177970886
0.999982893 -0.000291745 -0.005832925 1.270493150 0.000359921 0.999931574 0.011690495 -1.986558199 0.005829116 -0.011692394 0.999914646 73.827789307
0.999984324 0.000407966 -0.005598371 1.303303123 -0.000336502 0.999918520 0.012760176 -2.021154642 0.005603119 -0.012758093 0.999902904 74.240013123
0.999981165 0.000573860 -0.006096473 1.318705320 -0.000495379 0.999917090 0.012866963 -2.052910566 0.006103352 -0.012863701 0.999898612 74.785377502
0.999982715 0.001757589 -0.005606474 1.330206871 -0.001685531 0.999916196 0.012831667 -2.066851616 0.005628556 -0.012821997 0.999901950 75.328956604
0.999980509 0.000669672 -0.006207166 1.352329135 -0.000589029 0.999915540 0.012984627 -2.067901611 0.006215338 -0.012980719 0.999896348 75.820388794
0.999980390 0.000427741 -0.006263359 1.375050306 -0.000346266 0.999915361 0.013003666 -2.086287022 0.006268393 -0.013001239 0.999895811 76.363334656
0.999975145 -0.000300727 -0.007047579 1.394534349 0.000390695 0.999918342 0.012767859 -2.091010809 0.007043166 -0.012770294 0.999893665 76.896614075
0.999980807 0.001011193 -0.006109927 1.387276530 -0.000933168 0.999918163 0.012759666 -2.097720623 0.006122332 -0.012753719 0.999899924 77.423133850
0.999978364 0.000313903 -0.006564267 1.401542544 -0.000229675 0.999917686 0.012828089 -2.104774475 0.006567753 -0.012826306 0.999896169 78.008964539
0.999988794 0.001143839 -0.004587923 1.408754468 -0.001083898 0.999914229 0.013046045 -2.123786211 0.004602455 -0.013040925 0.999904394 78.497169495
0.999993920 0.001125858 -0.003293982 1.429888606 -0.001082808 0.999914348 0.013041927 -2.140130997 0.003308384 -0.013038282 0.999909520 79.038650513
0.999996185 0.001854721 -0.002009769 1.438989043 -0.001828476 0.999914050 0.012982765 -2.151133299 0.002033676 -0.012979042 0.999913692 79.558479309
0.999998689 0.001070995 -0.001194625 1.449676394 -0.001054833 0.999908984 0.013447894 -2.159254551 0.001208919 -0.013446619 0.999908864 80.106903076
0.999995291 0.001808238 0.002498610 1.463494062 -0.001842275 0.999904573 0.013687723 -2.173527241 -0.002473621 -0.013692262 0.999903262 80.661582947
0.999984145 0.001661910 0.005380077 1.497844934 -0.001736652 0.999901652 0.013917779 -2.191195488 -0.005356418 -0.013926903 0.999888718 81.175079346
0.999965549 0.001169636 0.008205786 1.511349440 -0.001283786 0.999902308 0.013919376 -2.192029476 -0.008188706 -0.013929434 0.999869525 81.676521301
0.999931335 0.000270048 0.011714393 1.541085124 -0.000429046 0.999907792 0.013572515 -2.210084200 -0.011709651 -0.013576609 0.999839246 82.188682556
0.999839008 0.001773750 0.017857663 1.572043896 -0.002030881 0.999894440 0.014391052 -2.235349178 -0.017830253 -0.014425001 0.999737024 82.644653320
0.999716163 0.000862299 0.023807965 1.614599466 -0.001188459 0.999905527 0.013688879 -2.239509344 -0.023793915 -0.013713287 0.999622762 83.386672974
0.999538839 0.001811638 0.030311719 1.641300917 -0.002246278 0.999895036 0.014311116 -2.254384041 -0.030282615 -0.014372605 0.999437988 83.920280457
0.999237537 0.002628039 0.038953654 1.675734401 -0.003181333 0.999894857 0.014148715 -2.253670692 -0.038912378 -0.014261851 0.999140859 84.499961853
0.998895168 0.001373932 0.046973795 1.724196672 -0.002021588 0.999903440 0.013742872 -2.268675804 -0.046950385 -0.013822651 0.998801589 85.031349182
0.998529673 0.001268268 0.054191619 1.771144867 -0.002021853 0.999902010 0.013853388 -2.274191141 -0.054168731 -0.013942586 0.998434365 85.584892273
0.998016596 0.001127810 0.062940307 1.827755213 -0.001974680 0.999908268 0.013394540 -2.285691738 -0.062919430 -0.013492263 0.997927368 86.128273010
0.997297764 0.001716658 0.073445015 1.888226032 -0.002730602 0.999902248 0.013707311 -2.306371450 -0.073414303 -0.013870819 0.997205019 86.664070129
0.996630371 0.001144299 0.082016073 1.954428196 -0.002276977 0.999903321 0.013718235 -2.319633007 -0.081992447 -0.013858758 0.996536613 87.204505920
0.995949686 0.000717668 0.089909263 2.029387474 -0.001916086 0.999910414 0.013243590 -2.328299046 -0.089891717 -0.013362223 0.995861888 87.748306274
0.994988918 -0.000019039 0.099984966 2.119687080 -0.001349796 0.999906301 0.013622741 -2.343508244 -0.099975854 -0.013689437 0.994895637 88.286033630
0.993889570 -0.000137440 0.110380113 2.208077908 -0.001343421 0.999910116 0.013341527 -2.351862431 -0.110372037 -0.013408287 0.993799925 88.839225769
0.992838860 -0.000573073 0.119459607 2.300418854 -0.001072611 0.999905348 0.013711323 -2.376256704 -0.119456165 -0.013741268 0.992744327 89.353347778
0.991417706 -0.000323528 0.130732074 2.393377304 -0.001482829 0.999904752 0.013719660 -2.381855011 -0.130724043 -0.013795766 0.991322756 89.908340454
0.989793658 -0.000872105 0.142505482 2.501129150 -0.001051770 0.999909341 0.013424474 -2.392668247 -0.142504260 -0.013437344 0.989703000 90.455513000
0.988119960 -0.000827288 0.153683171 2.604365349 -0.001224877 0.999911308 0.013258054 -2.402045727 -0.153680518 -0.013288788 0.988031209 91.014106750
0.986633062 -0.001475895 0.162950903 2.723021507 -0.000708990 0.999910653 0.013349273 -2.409847736 -0.162956074 -0.013286365 0.986543894 91.557579041
0.984550893 -0.001868057 0.175088584 2.847099304 -0.000450811 0.999912858 0.013203257 -2.422655106 -0.175097972 -0.013078212 0.984464169 92.112991333
0.982276201 -0.002135564 0.187427029 2.979294777 -0.000348153 0.999912500 0.013217729 -2.432229996 -0.187438905 -0.013048715 0.982189596 92.651214600
0.980146945 -0.002251631 0.198260188 3.108697891 -0.000377016 0.999912560 0.013219820 -2.441052437 -0.198272660 -0.013032110 0.980060220 93.189552307
0.977530360 -0.003131486 0.210771158 3.255821228 0.000348266 0.999912322 0.013240770 -2.454742670 -0.210794091 -0.012869849 0.977445722 93.714279175
0.974359393 -0.002863044 0.224979058 3.411741257 -0.000023080 0.999917746 0.012824734 -2.452763557 -0.224997282 -0.012501093 0.974279106 94.281913757
0.971526384 -0.002739274 0.236915737 3.554542542 -0.000279668 0.999919236 0.012708137 -2.464460850 -0.236931399 -0.012412547 0.971447051 94.795471191
0.968661308 -0.003835345 0.248355806 3.750349045 0.000579058 0.999912858 0.013183104 -2.485700130 -0.248384774 -0.012626149 0.968579173 95.342742920
0.965169847 -0.004723312 0.261581481 3.933042526 0.001294971 0.999910951 0.013277032 -2.503093958 -0.261620909 -0.012475850 0.965090096 95.833541870
0.961579442 -0.004839194 0.274484009 4.110996246 0.001278615 0.999912739 0.013149337 -2.519838810 -0.274523675 -0.012293172 0.961501777 96.360214233
0.958473086 -0.005675753 0.285126418 4.297548294 0.001884598 0.999906123 0.013569012 -2.538139820 -0.285176665 -0.012468186 0.958393872 96.854667664
0.954129457 -0.005479649 0.299344629 4.496614456 0.001539369 0.999909043 0.013397248 -2.532633305 -0.299390852 -0.012321905 0.954051018 97.409889221
0.949822724 -0.005631608 0.312737793 4.707078934 0.001434283 0.999905825 0.013649656 -2.549723148 -0.312785149 -0.012516201 0.949741364 97.938156128
0.945946515 -0.006537798 0.324256748 4.915237427 0.002274642 0.999905944 0.013524755 -2.550120831 -0.324314624 -0.012056127 0.945872426 98.466850281
0.941395640 -0.006356414 0.337244511 5.133850098 0.001848738 0.999904633 0.013685660 -2.564287424 -0.337299347 -0.012260144 0.941317618 98.998703003
0.936266720 -0.006803447 0.351224065 5.352558136 0.001983012 0.999898791 0.014082552 -2.569800377 -0.351284385 -0.012488542 0.936185479 99.528381348
0.931666493 -0.007075198 0.363245726 5.593597412 0.002191885 0.999901593 0.013853966 -2.581756353 -0.363308072 -0.012111083 0.931590378 100.049392700
0.926862180 -0.008709942 0.375300795 5.830575943 0.003507928 0.999888062 0.014541944 -2.609790564 -0.375385404 -0.012161846 0.926788986 100.605834961
0.921271920 -0.008011132 0.388836384 6.072721481 0.002812902 0.999898851 0.013936133 -2.601030588 -0.388908744 -0.011745209 0.921201408 101.061523438
0.915807545 -0.009395925 0.401507467 6.321285248 0.004054228 0.999891579 0.014151707 -2.609218597 -0.401596904 -0.011332436 0.915746510 101.555160522
0.910668850 -0.009840909 0.413019896 6.562339783 0.004348494 0.999889195 0.014236073 -2.618534327 -0.413114220 -0.011168334 0.910610735 102.088218689
0.905451775 -0.009937207 0.424332857 6.818145752 0.004075785 0.999883294 0.014718688 -2.642722368 -0.424429566 -0.011597574 0.905386686 102.542984009
0.898992240 -0.009773885 0.437855452 7.083282471 0.003846088 0.999888539 0.014423008 -2.649758339 -0.437947690 -0.011282140 0.898929656 103.019790649
0.893153846 -0.010478231 0.449629128 7.347209930 0.004470804 0.999886036 0.014420595 -2.657104015 -0.449729055 -0.010869607 0.893098891 103.496032715
0.887629807 -0.011987141 0.460401624 7.635208130 0.005610601 0.999868512 0.015215909 -2.667782307 -0.460523486 -0.010922965 0.887580335 103.988723755
0.880163133 -0.010983896 0.474544108 7.899734497 0.004526207 0.999880970 0.014748444 -2.681874275 -0.474649668 -0.010833150 0.880108118 104.431953430
0.873612881 -0.012699268 0.486455679 8.217155457 0.006033908 0.999865234 0.015266050 -2.697249889 -0.486583978 -0.010401390 0.873571873 104.889137268
0.868068516 -0.013510399 0.496260524 8.513351440 0.006705186 0.999857426 0.015491686 -2.711444616 -0.496399164 -0.010120326 0.868035436 105.336662292
