1.000000000 0.000000000 0.000000000 0.000000000 0.000000000 1.000000000 0.000000000 0.000000000 0.000000000 0.000000000 1.000000000 0.000000000
1.000000000 0.000162725 0.000124923 -0.003259495 -0.000162709 1.000000000 -0.000126538 0.002935326 -0.000124944 0.000126517 1.000000000 0.004470577
1.000000000 0.000113330 0.000048825 -0.000122099 -0.000113327 1.000000000 -0.000058921 0.001739094 -0.000048832 0.000058915 1.000000000 0.004471552
0.999999940 0.000280438 0.000095427 -0.000071299 -0.000280436 0.999999940 -0.000029977 0.001499375 -0.000095435 0.000029950 1.000000000 -0.001499517
1.000000000 0.000191338 -0.000012266 0.003336299 -0.000191339 1.000000000 -0.000015540 0.000940105 0.000012263 0.000015542 1.000000000 -0.000734234
1.000000000 0.000032928 -0.000095733 0.003275929 -0.000032927 1.000000000 0.000010037 -0.000025617 0.000095734 -0.000010034 1.000000000 0.000228410
1.000000000 0.000156657 0.000101788 -0.002625037 -0.000156648 1.000000000 -0.000091405 0.001812466 -0.000101802 0.000091389 1.000000000 -0.000053297
1.000000000 0.000047507 -0.000009756 0.000515520 -0.000047507 1.000000000 0.000013029 0.000882750 0.000009756 -0.000013028 1.000000000 -0.001767225
1.000000000 0.000072355 0.000170482 -0.005338958 -0.000072345 1.000000000 -0.000059625 0.001911121 -0.000170486 0.000059612 1.000000000 0.005136724
0.999999940 0.000214025 0.000223201 -0.004320791 -0.000213998 0.999999940 -0.000120515 0.001039358 -0.000223227 0.000120467 0.999999940 0.000376022
1.000000000 0.000198834 0.000070046 0.000548783 -0.000198835 1.000000000 0.000013956 0.001161633 -0.000070043 -0.000013970 1.000000000 -0.002461410
1.000000000 0.000115371 0.000141743 -0.002934909 -0.000115362 1.000000000 -0.000064814 0.001218501 -0.000141750 0.000064798 1.000000000 -0.002769462
1.000000000 0.000047384 0.000078643 -0.003235226 -0.000047383 1.000000000 -0.000008018 0.000578277 -0.000078644 0.000008014 1.000000000 -0.004781953
1.000000000 -0.000023295 0.000138339 -0.002491355 0.000023297 1.000000000 -0.000009654 -0.000498214 -0.000138339 0.000009657 1.000000000 0.000183815
1.000000000 0.000090161 0.000087669 -0.000334936 -0.000090157 1.000000000 -0.000043242 0.000497146 -0.000087673 0.000043234 1.000000000 -0.002710406
1.000000000 -0.000160435 -0.000116060 0.002168621 0.000160429 1.000000000 -0.000047473 0.000289791 0.000116068 0.000047455 1.000000000 -0.005642573
1.000000000 -0.000004100 0.000042443 -0.002486766 0.000004102 1.000000000 -0.000047203 0.000280689 -0.000042443 0.000047204 1.000000000 -0.002538420
1.000000000 0.000046503 0.000211958 -0.004220747 -0.000046524 1.000000000 0.000097290 -0.002062308 -0.000211953 -0.000097299 1.000000000 -0.003447228
1.000000000 0.000073538 0.000000032 0.000574277 -0.000073538 1.000000000 0.000045774 0.000689421 -0.000000028 -0.000045774 1.000000000 -0.006001423
1.000000000 -0.000071842 0.000031548 -0.001237987 0.000071841 1.000000000 0.000032146 -0.001080865 -0.000031550 -0.000032144 1.000000000 -0.006892640
1.000000000 0.000056123 0.000071881 -0.000885244 -0.000056124 1.000000000 0.000011955 -0.000379341 -0.000071880 -0.000011959 1.000000000 -0.006913786
1.000000000 -0.000089093 0.000040823 -0.000268223 0.000089090 1.000000000 0.000062086 -0.001774268 -0.000040828 -0.000062082 1.000000000 -0.004522888
1.000000000 0.000152428 0.000122109 -0.003323114 -0.000152423 1.000000000 -0.000039891 0.000331623 -0.000122115 0.000039873 1.000000000 0.000476119
1.000000000 -0.000033620 -0.000034828 0.001397907 0.000033619 1.000000000 -0.000012569 -0.000230556 0.000034828 0.000012567 1.000000000 -0.001371819
1.000000000 0.000008908 0.000068330 -0.002957855 -0.000008913 1.000000000 0.000066119 0.000358903 -0.000068329 -0.000066119 1.000000000 -0.000449573
1.000000000 -0.000055208 -0.000078236 0.003729569 0.000055200 1.000000000 -0.000097661 0.001963279 0.000078242 0.000097657 1.000000000 -0.006688895
1.000000000 -0.000054361 0.000062728 -0.002864280 0.000054368 1.000000000 -0.000103820 0.002499654 -0.000062723 0.000103824 1.000000000 0.000029973
0.999999940 0.000304091 0.000178330 -0.004727378 -0.000304068 0.999999940 -0.000129766 0.002083655 -0.000178370 0.000129712 1.000000000 -0.000691599
1.000000000 0.000030910 0.000092499 -0.002961253 -0.000030911 1.000000000 0.000007140 0.000950294 -0.000092499 -0.000007143 1.000000000 0.000162463
1.000000000 -0.000034405 0.000014032 -0.003890785 0.000034406 1.000000000 -0.000054014 0.002884280 -0.000014030 0.000054015 1.000000000 -0.001417229
1.000000000 -0.000007714 0.000061161 -0.003469388 0.000007715 1.000000000 -0.000025649 0.000790957 -0.000061160 0.000025649 1.000000000 -0.000392122
1.000000000 -0.000047466 0.000064530 -0.003266869 0.000047458 1.000000000 0.000120588 0.000251359 -0.000064536 -0.000120584 1.000000000 0.002229261
1.000000000 -0.000187699 0.000019841 -0.003537823 0.000187699 1.000000000 0.000009309 0.000029464 -0.000019843 -0.000009306 1.000000000 -0.004949407
1.000000000 -0.000082318 -0.000010711 -0.001868522 0.000082319 1.000000000 0.000058021 0.000145465 0.000010707 -0.000058022 1.000000000 -0.006694654
0.999999940 0.000213208 0.000152913 -0.004296056 -0.000213209 1.000000000 0.000004693 0.000694135 -0.000152912 -0.000004726 1.000000000 -0.001901050
1.000000000 0.000070489 0.000158028 -0.004232761 -0.000070491 1.000000000 0.000013302 0.001035007 -0.000158027 -0.000013313 1.000000000 0.000029572
1.000000000 0.000075136 0.000064106 -0.005296579 -0.000075134 1.000000000 -0.000032564 0.001887672 -0.000064109 0.000032560 1.000000000 -0.000930588
1.000000000 0.000079985 0.000050779 -0.004024814 -0.000079979 1.000000000 -0.000111599 0.002610453 -0.000050788 0.000111595 1.000000000 -0.001466600
1.000000000 -0.000119723 0.000018287 -0.002091779 0.000119722 1.000000000 0.000071252 0.000625771 -0.000018296 -0.000071250 1.000000000 -0.001124785
1.000000000 -0.000076466 -0.000009285 -0.000368438 0.000076467 1.000000000 0.000104294 -0.000482723 0.000009277 -0.000104295 1.000000000 -0.006014045
1.000000000 -0.000202504 -0.000045908 -0.001834237 0.000202506 1.000000000 0.000048729 -0.001025829 0.000045898 -0.000048738 1.000000000 -0.002779147
1.000000000 0.000117449 0.000072003 0.002487313 -0.000117412 0.999999881 -0.000508736 -0.005450058 -0.000072063 0.000508728 0.999999881 0.050290797
1.000000000 0.000061430 0.000034198 0.001506937 -0.000061386 0.999999225 -0.001262134 -0.003433080 -0.000034276 0.001262132 0.999999225 0.147275418
1.000000000 0.000019853 -0.000077963 0.004868572 -0.000019970 0.999998868 -0.001504127 -0.010311654 0.000077933 0.001504128 0.999998868 0.261087567
1.000000000 0.000011412 0.000086183 0.002240370 -0.000011292 0.999999046 -0.001392275 -0.016049594 -0.000086199 0.001392274 0.999999046 0.391762525
1.000000000 -0.000003090 -0.000148545 0.005572653 0.000002923 0.999999344 -0.001129050 -0.020445224 0.000148548 0.001129050 0.999999344 0.533328176
0.999999940 -0.000136731 -0.000295778 0.017794682 0.000136437 0.999999523 -0.000995231 -0.028183680 0.000295914 0.000995190 0.999999464 0.689814210
0.999999881 -0.000492402 -0.000172930 0.022219570 0.000492310 0.999999762 -0.000532594 -0.032787066 0.000173192 0.000532509 0.999999821 0.850373149
0.999999940 -0.000150008 -0.000373106 0.028503636 0.000149784 0.999999821 -0.000600513 -0.038128585 0.000373196 0.000600457 0.999999762 1.035001636
1.000000000 -0.000000633 0.000100502 0.015333792 0.000000694 0.999999821 -0.000609370 -0.044161689 -0.000100501 0.000609370 0.999999821 1.210800171
0.999999821 -0.000465708 -0.000330651 0.038105860 0.000465566 0.999999821 -0.000426428 -0.049930885 0.000330849 0.000426274 0.999999881 1.421235204
0.999999464 -0.000614653 -0.000849831 0.045541529 0.000614626 0.999999821 -0.000031324 -0.061259072 0.000849850 0.000030802 0.999999642 1.606934309
0.999999821 0.000070126 0.000562796 0.029289324 -0.000070168 1.000000000 0.000075439 -0.069610059 -0.000562791 -0.000075479 0.999999821 1.814186096
0.999999762 -0.000085641 0.000683821 0.040275808 0.000085406 0.999999940 0.000342906 -0.079728872 -0.000683850 -0.000342848 0.999999702 2.014726400
0.999999642 0.000361654 0.000685206 0.034085847 -0.000361713 0.999999940 0.000086954 -0.086210899 -0.000685174 -0.000087202 0.999999762 2.234543562
0.999999523 0.000504552 0.000802205 0.041478582 -0.000504770 0.999999881 0.000272298 -0.092987612 -0.000802067 -0.000272703 0.999999583 2.446316242
0.999998987 0.001212387 0.000780890 0.040857024 -0.001212606 0.999999285 0.000279867 -0.094785944 -0.000780550 -0.000280814 0.999999642 2.695720434
0.999998808 0.000779694 0.001318311 0.041024316 -0.000780684 0.999999404 0.000750122 -0.111844122 -0.001317726 -0.000751150 0.999998808 2.906316042
0.999999642 0.000555157 0.000670967 0.055146679 -0.000555389 0.999999702 0.000345265 -0.114083737 -0.000670775 -0.000345638 0.999999702 3.148046017
0.999999166 0.000940204 0.000873498 0.058636997 -0.000940377 0.999999523 0.000197672 -0.118709862 -0.000873312 -0.000198493 0.999999642 3.399323702
0.999999523 0.000583806 0.000811314 0.061677922 -0.000584216 0.999999702 0.000505203 -0.129587591 -0.000811019 -0.000505677 0.999999523 3.646067858
0.999999046 0.000754718 0.001154768 0.057178430 -0.000755811 0.999999225 0.000946598 -0.150412515 -0.001154053 -0.000947470 0.999998808 3.871719837
0.999999285 0.000147742 0.001260507 0.066380836 -0.000149140 0.999999404 0.001108953 -0.158680603 -0.001260343 -0.001109141 0.999998510 4.147227287
0.999998808 0.000695466 0.001345920 0.065192066 -0.000697012 0.999999106 0.001149013 -0.161064699 -0.001345119 -0.001149950 0.999998450 4.411997318
0.999998987 0.000759004 0.001159134 0.076417074 -0.000760185 0.999999225 0.001018327 -0.166849494 -0.001158360 -0.001019208 0.999998868 4.678134441
0.999998748 0.000456933 0.001511324 0.079235494 -0.000458604 0.999999344 0.001105586 -0.172984317 -0.001510818 -0.001106278 0.999998271 4.952101231
0.999998629 0.000970711 0.001353759 0.095192336 -0.000972172 0.999998927 0.001078933 -0.180772796 -0.001352710 -0.001080248 0.999998510 5.218411922
0.999998450 0.000559044 0.001659390 0.083517440 -0.000561483 0.999998868 0.001470331 -0.198429585 -0.001658565 -0.001471261 0.999997556 5.460483074
0.999998152 0.000263204 0.001914795 0.086847506 -0.000265775 0.999999106 0.001342742 -0.205024615 -0.001914439 -0.001343249 0.999997258 5.724226475
0.999997258 0.000872483 0.002172428 0.078266442 -0.000875699 0.999998510 0.001479741 -0.212611988 -0.002171134 -0.001481640 0.999996543 6.000241280
0.999997258 0.000772880 0.002182803 0.091933548 -0.000775397 0.999999046 0.001152325 -0.223437339 -0.002181910 -0.001154014 0.999996960 6.266549110
0.999997437 0.000989375 0.001997193 0.099463731 -0.000991628 0.999998868 0.001127123 -0.230023786 -0.001996076 -0.001129100 0.999997377 6.540485382
0.999996662 0.001113428 0.002296814 0.097679533 -0.001115758 0.999998868 0.001013508 -0.234761581 -0.002295683 -0.001016068 0.999996901 6.837872028
0.999997377 0.000761961 0.002134414 0.107965022 -0.000764406 0.999999046 0.001145114 -0.247431651 -0.002133540 -0.001146743 0.999997020 7.135871887
0.999998093 0.000729060 0.001787842 0.121793412 -0.000731224 0.999998927 0.001210120 -0.256556302 -0.001786959 -0.001211424 0.999997616 7.433137894
0.999998689 0.000268797 0.001589580 0.142116293 -0.000271594 0.999998391 0.001759463 -0.283359617 -0.001589104 -0.001759893 0.999997199 7.752359867
0.999998868 0.000563612 0.001412993 0.155636936 -0.000566991 0.999997020 0.002392024 -0.302175701 -0.001411641 -0.002392822 0.999996126 8.068138123
0.999998510 0.000277149 0.001704542 0.149736792 -0.000279869 0.999998689 0.001595536 -0.299167275 -0.001704097 -0.001596011 0.999997318 8.385663033
0.999994993 0.001778645 0.002618581 0.153018698 -0.001783048 0.999996960 0.001679730 -0.301472962 -0.002615585 -0.001684391 0.999995172 8.738874435
0.999997497 0.000668749 0.002096827 0.158681855 -0.000671810 0.999998629 0.001459695 -0.310156971 -0.002095848 -0.001461100 0.999996722 9.048976898
0.999997377 0.000105545 0.002278141 0.166289002 -0.000108860 0.999998868 0.001455090 -0.316749156 -0.002277985 -0.001455334 0.999996305 9.393735886
0.999997675 -0.000268804 0.002115306 0.185506105 0.000265618 0.999998808 0.001505904 -0.333959371 -0.002115709 -0.001505338 0.999996603 9.729937553
0.999997437 0.000331229 0.002242582 0.189984441 -0.000334533 0.999998868 0.001473193 -0.340319127 -0.002242091 -0.001473940 0.999996424 10.076527596
0.999997973 0.000198626 0.002015114 0.194990605 -0.000202034 0.999998569 0.001690923 -0.359352589 -0.002014775 -0.001691326 0.999996543 10.424357414
0.999997795 0.000785234 0.001994126 0.204721734 -0.000789354 0.999997556 0.002065971 -0.368967801 -0.001992499 -0.002067540 0.999995828 10.788666725
0.999998033 0.000416374 0.001960837 0.209771216 -0.000419976 0.999998271 0.001836871 -0.376093090 -0.001960068 -0.001837691 0.999996424 11.177007675
0.999997735 0.000121930 0.002120615 0.216145113 -0.000126324 0.999997795 0.002072446 -0.388459533 -0.002120358 -0.002072709 0.999995589 11.558110237
0.999997556 0.000292721 0.002193583 0.230498269 -0.000297718 0.999997377 0.002277801 -0.411987692 -0.002192911 -0.002278448 0.999994993 11.908614159
0.999996901 0.000516715 0.002433876 0.235604331 -0.000521347 0.999998093 0.001902974 -0.420214474 -0.002432888 -0.001904237 0.999995232 12.294028282
0.999996364 0.000527855 0.002653591 0.245118588 -0.000533905 0.999997258 0.002279775 -0.435291141 -0.002652381 -0.002281184 0.999993861 12.686862946
0.999996185 0.000639275 0.002675113 0.263369024 -0.000644630 0.999997854 0.002001449 -0.436888129 -0.002673827 -0.002003166 0.999994397 13.091591835
0.999997437 -0.000046041 0.002290898 0.284917921 0.000040513 0.999997139 0.002413024 -0.452996403 -0.002291002 -0.002412925 0.999994397 13.458336830
0.999993443 0.001266881 0.003376789 0.287606150 -0.001274631 0.999996543 0.002294194 -0.457266957 -0.003373872 -0.002298483 0.999991655 13.868816376
0.999993622 0.001123561 0.003388828 0.282040298 -0.001133414 0.999995112 0.002907045 -0.498447657 -0.003385545 -0.002910868 0.999990046 14.266445160
0.999994099 0.001403546 0.003138332 0.295680255 -0.001413978 0.999993503 0.003324118 -0.519365251 -0.003133646 -0.003328536 0.999989569 14.683091164
0.999993265 0.000707697 0.003592188 0.304246515 -0.000720032 0.999993861 0.003433669 -0.524368525 -0.003589736 -0.003436232 0.999987662 15.138716698
0.999990523 0.000763158 0.004292429 0.321535140 -0.000778513 0.999993265 0.003576771 -0.542905986 -0.004289672 -0.003580078 0.999984384 15.596023560
0.999993742 -0.000098420 0.003533514 0.350691348 0.000086076 0.999993920 0.003493344 -0.569892168 -0.003533837 -0.003493018 0.999987662 15.947865486
0.999995291 -0.000625022 0.003015232 0.371322870 0.000612721 0.999991536 0.004078673 -0.584267080 -0.003017755 -0.004076805 0.999987125 16.388469696
0.999993443 -0.000496787 0.003591984 0.376268148 0.000484911 0.999994397 0.003306386 -0.592468381 -0.003593607 -0.003304623 0.999988079 16.827140808
0.999990225 -0.000133941 0.004428783 0.379392922 0.000115484 0.999991357 0.004167598 -0.604056180 -0.004429302 -0.004167046 0.999981463 17.299949646
0.999988317 0.000485480 0.004810511 0.379621655 -0.000504006 0.999992430 0.003850736 -0.624681115 -0.004808606 -0.003853115 0.999980986 17.746114731
0.999986231 0.000635645 0.005212370 0.387793511 -0.000655495 0.999992549 0.003807368 -0.633970320 -0.005209912 -0.003810733 0.999979079 18.225143433
0.999979675 0.000224362 0.006374810 0.397456855 -0.000251186 0.999991119 0.004207288 -0.647645295 -0.006373811 -0.004208804 0.999970853 18.684453964
0.999981165 0.000200090 0.006138816 0.409078985 -0.000226331 0.999990880 0.004274159 -0.659720004 -0.006137904 -0.004275467 0.999971986 19.158252716
0.999984264 0.000375802 0.005582241 0.427712917 -0.000396193 0.999993265 0.003652270 -0.675625920 -0.005580830 -0.003654425 0.999977767 19.649160385
0.999984145 0.000743132 0.005570185 0.438617051 -0.000765828 0.999991417 0.004073624 -0.693150103 -0.005567110 -0.004077826 0.999976218 20.123964310
0.999982178 0.001377825 0.005822710 0.451254368 -0.001400679 0.999991298 0.003922698 -0.708553016 -0.005817255 -0.003930783 0.999975383 20.617206573
0.999984622 -0.000409195 0.005531135 0.455048710 0.000381215 0.999987125 0.005058707 -0.752244711 -0.005533135 -0.005056521 0.999971867 21.130556107
0.999987662 -0.000283352 0.004956188 0.461226135 0.000260660 0.999989510 0.004578544 -0.745618463 -0.004957432 -0.004577197 0.999977231 21.655918121
0.999986589 0.000062637 0.005178951 0.469723165 -0.000090040 0.999985993 0.005291029 -0.783277214 -0.005178547 -0.005291425 0.999972582 22.140541077
0.999988079 0.000387673 0.004877831 0.486155152 -0.000415446 0.999983668 0.005693987 -0.793329597 -0.004875545 -0.005695946 0.999971926 22.648519516
0.999992132 -0.000828747 0.003871950 0.496264517 0.000804841 0.999980569 0.006171717 -0.822609186 -0.003876990 -0.006168553 0.999973476 23.138971329
0.999993026 -0.001276406 0.003498483 0.501167238 0.001253698 0.999978125 0.006485345 -0.844410062 -0.003506684 -0.006480914 0.999972880 23.679536819
0.999994278 -0.001923430 0.002785414 0.516493559 0.001907086 0.999981046 0.005858604 -0.851392746 -0.002796631 -0.005853257 0.999978960 24.187566757
0.999996662 -0.001135204 0.002328427 0.525257826 0.001121175 0.999981284 0.006017711 -0.859344661 -0.002335215 -0.006015080 0.999979198 24.710294724
0.999998331 -0.000627726 0.001711711 0.537184000 0.000617318 0.999981344 0.006074533 -0.873346925 -0.001715492 -0.006073467 0.999980092 25.239225388
0.999998689 -0.000505308 0.001506854 0.543604374 0.000495779 0.999979854 0.006317033 -0.885489941 -0.001510015 -0.006316277 0.999978900 25.753259659
0.999999285 -0.000864948 0.000804875 0.551587224 0.000859777 0.999979079 0.006402823 -0.901600122 -0.000810396 -0.006402127 0.999979138 26.301904678
0.999999225 -0.000933941 0.000813687 0.562084794 0.000928208 0.999974966 0.007017804 -0.914158225 -0.000820221 -0.007017043 0.999975085 26.844089508
0.999999404 -0.001064123 0.000210675 0.573077321 0.001062566 0.999973059 0.007257597 -0.930817008 -0.000218393 -0.007257369 0.999973655 27.391422272
0.999999940 0.000032505 0.000552380 0.580745637 -0.000036463 0.999974370 0.007166640 -0.945365787 -0.000552133 -0.007166659 0.999974191 27.947984695
0.999999821 -0.000479214 0.000322849 0.582721412 0.000476916 0.999974847 0.007078784 -0.952957630 -0.000326233 -0.007078629 0.999974847 28.471942902
0.999999821 -0.000234633 -0.000401163 0.601315022 0.000237688 0.999970853 0.007633368 -0.974216700 0.000399360 -0.007633461 0.999970734 28.994663239
0.999999464 -0.000827094 -0.000750751 0.616567254 0.000833021 0.999968290 0.007928774 -0.992433786 0.000744169 -0.007929393 0.999968290 29.542318344
0.999999642 0.000140726 -0.000842505 0.619308174 -0.000133976 0.999967873 0.008007125 -1.003522396 0.000843605 -0.008007009 0.999967575 30.064851761
0.999999523 -0.000413787 -0.000918551 0.632580638 0.000421148 0.999967635 0.008028071 -1.020596504 0.000915199 -0.008028453 0.999967337 30.604257584
0.999999642 -0.000185301 -0.000840488 0.627977133 0.000192491 0.999963343 0.008562323 -1.044262052 0.000838871 -0.008562482 0.999962986 31.125616074
0.999999464 0.000366469 -0.001079135 0.644523561 -0.000357469 0.999965310 0.008327676 -1.060613871 0.001082150 -0.008327285 0.999964714 31.668462753
0.999998927 -0.000196071 -0.001458745 0.677032709 0.000208521 0.999963522 0.008539557 -1.078019977 0.001457018 -0.008539852 0.999962509 32.216152191
0.999999166 0.000194846 -0.001367553 0.661691248 -0.000182983 0.999962389 0.008669621 -1.078787446 0.001369191 -0.008669361 0.999961495 32.733524323
0.999998927 0.000865109 -0.001239527 0.652074277 -0.000854690 0.999964535 0.008382353 -1.092037797 0.001246735 -0.008381284 0.999964178 33.274559021
0.999998391 -0.000415712 -0.001742185 0.661822736 0.000432100 0.999955595 0.009416808 -1.123012304 0.001738193 -0.009417545 0.999954224 33.804855347
0.999998748 0.000308476 -0.001522510 0.679642856 -0.000294264 0.999956489 0.009326063 -1.122242212 0.001525321 -0.009325603 0.999955356 34.343307495
0.999997199 -0.000758926 -0.002231514 0.705383718 0.000780338 0.999953508 0.009610140 -1.152465463 0.002224117 -0.009611852 0.999951303 34.931171417
0.999996483 -0.000673072 -0.002560950 0.720117152 0.000698131 0.999951780 0.009797038 -1.161529660 0.002554232 -0.009798789 0.999948680 35.463794708
0.999995947 -0.000519564 -0.002759634 0.731595576 0.000545931 0.999954164 0.009562211 -1.176407576 0.002754540 -0.009563680 0.999950409 36.018325806
0.999997556 0.000384307 -0.002171929 0.725944698 -0.000364672 0.999959111 0.009033008 -1.187719345 0.002175312 -0.009032193 0.999956846 36.565395355
0.999997497 0.000663488 -0.002104992 0.729843676 -0.000644181 0.999957860 0.009159546 -1.205023646 0.002110980 -0.009158169 0.999955833 37.125411987
0.999997556 -0.000034807 -0.002232837 0.744834542 0.000054954 0.999959230 0.009023901 -1.205235481 0.002232432 -0.009024001 0.999956787 37.661476135
0.999996424 -0.000178476 -0.002682892 0.764143288 0.000203346 0.999956906 0.009272343 -1.231362224 0.002681121 -0.009272856 0.999953449 38.207981110
0.999996722 0.000343429 -0.002529520 0.771539807 -0.000321085 0.999960899 0.008828605 -1.227745533 0.002532453 -0.008827763 0.999957860 38.743686676
0.999995112 -0.000005797 -0.003131999 0.796070278 0.000034613 0.999957621 0.009200275 -1.240162373 0.003131813 -0.009200338 0.999952853 39.320659637
0.999994814 0.000190315 -0.003223987 0.835191250 -0.000158948 0.999952674 0.009726604 -1.249951482 0.003225685 -0.009726044 0.999947548 39.878063202
0.999993563 -0.000843307 -0.003475820 0.809351981 0.000879080 0.999946535 0.010303265 -1.292132139 0.003466945 -0.010306257 0.999940872 40.355888367
0.999992728 -0.001069390 -0.003659570 0.816657007 0.001108624 0.999941766 0.010735788 -1.316441059 0.003647875 -0.010739767 0.999935687 40.915546417
0.999993682 -0.000109766 -0.003551564 0.833671451 0.000147300 0.999944150 0.010569762 -1.311044455 0.003550205 -0.010570220 0.999937832 41.491828918
0.999993503 -0.000509286 -0.003571820 0.842295289 0.000548513 0.999939382 0.010990046 -1.333616138 0.003566008 -0.010991932 0.999933243 42.023292542
0.999993622 -0.000792326 -0.003474050 0.843267322 0.000830400 0.999939442 0.010971786 -1.345563173 0.003465147 -0.010974600 0.999933720 42.530223846
0.999993742 -0.001050777 -0.003377805 0.856776118 0.001089145 0.999934614 0.011377243 -1.357100606 0.003365629 -0.011380851 0.999929547 43.083084106
0.999993622 -0.000715364 -0.003480451 0.858069718 0.000754150 0.999937415 0.011155576 -1.368618011 0.003472253 -0.011158130 0.999931693 43.618061066
0.999994040 -0.000715592 -0.003355849 0.865347505 0.000752933 0.999937594 0.011139400 -1.376286149 0.003347668 -0.011141864 0.999932349 44.155090332
0.999994218 -0.000773095 -0.003343850 0.879349232 0.000809113 0.999941528 0.010783656 -1.381215453 0.003335317 -0.010786298 0.999936283 44.698345184
0.999994338 -0.000855361 -0.003249794 0.888851702 0.000889841 0.999943197 0.010623571 -1.393685102 0.003240522 -0.010626402 0.999938309 45.243896484
0.999994755 -0.000941369 -0.003108206 0.891429424 0.000975000 0.999940872 0.010836339 -1.401694536 0.003097821 -0.010839313 0.999936461 45.768959045
0.999995172 -0.000509355 -0.003060245 0.912704229 0.000542287 0.999941826 0.010769937 -1.416602612 0.003054582 -0.010771545 0.999937296 46.320865631
0.999994338 -0.000235652 -0.003351150 0.934226215 0.000272007 0.999940991 0.010852290 -1.436044216 0.003348395 -0.010853141 0.999935448 46.857166290
0.999991953 -0.000516335 -0.003977453 0.943821073 0.000559752 0.999940157 0.010922447 -1.441703558 0.003971576 -0.010924585 0.999932408 47.442119598
0.999992192 0.000760187 -0.003879975 0.978950679 -0.000721665 0.999950588 0.009920232 -1.427033424 0.003887325 -0.009917356 0.999943256 48.008731842
0.999994278 -0.000842155 -0.003271832 0.946472287 0.000877233 0.999942005 0.010734382 -1.463439703 0.003262603 -0.010737191 0.999937057 48.494472504
0.999994993 -0.000406416 -0.003127217 0.961196661 0.000439285 0.999944568 0.010517202 -1.474048972 0.003122770 -0.010518524 0.999939799 49.042804718
0.999993682 -0.000991542 -0.003400153 0.976777732 0.001030120 0.999934971 0.011363328 -1.493847609 0.003388663 -0.011366758 0.999929726 49.571098328
0.999993205 -0.000908050 -0.003573522 0.978905380 0.000948452 0.999935448 0.011320422 -1.501502991 0.003563012 -0.011323736 0.999929547 50.117084503
0.999994338 0.000276552 -0.003351871 0.983970702 -0.000239491 0.999938846 0.011051957 -1.510139227 0.003354723 -0.011051091 0.999933302 50.653469086
0.999994397 -0.000164729 -0.003346452 0.986977816 0.000203797 0.999931812 0.011676979 -1.524243593 0.003344300 -0.011677594 0.999926209 51.192298889
0.999993384 -0.000696273 -0.003584356 0.992907882 0.000737505 0.999933422 0.011514806 -1.532525063 0.003576100 -0.011517373 0.999927223 51.735462189
0.999993145 -0.000526717 -0.003654774 1.013013005 0.000566753 0.999939799 0.010962127 -1.537535191 0.003648780 -0.010964124 0.999933243 52.269584656
0.999996364 0.000245041 -0.002662061 1.010603905 -0.000213206 0.999928474 0.011952819 -1.555043936 0.002664799 -0.011952208 0.999925017 52.806716919
0.999996126 0.000186473 -0.002783271 1.019636750 -0.000153846 0.999931335 0.011718056 -1.560399413 0.002785265 -0.011717584 0.999927461 53.358261108
0.999996305 0.000532396 -0.002671505 1.040596366 -0.000503075 0.999939680 0.010964241 -1.563446045 0.002677181 -0.010962857 0.999936342 53.904361725
0.999997675 0.001703322 -0.001349663 0.995102108 -0.001687697 0.999932468 0.011494933 -1.584622383 0.001369151 -0.011492629 0.999932945 54.386638641
0.999996543 0.000655573 -0.002540987 1.048925877 -0.000626570 0.999934852 0.011397774 -1.603346944 0.002548294 -0.011396143 0.999931812 54.938026428
0.999996722 0.000731258 -0.002439402 1.056694865 -0.000703130 0.999933422 0.011511744 -1.609796524 0.002447658 -0.011509992 0.999930799 55.483379364
0.999997258 0.000855976 -0.002162534 1.061984897 -0.000830912 0.999932706 0.011565003 -1.622389317 0.002172288 -0.011563174 0.999930799 56.033561707
0.999997735 0.000484504 -0.002060730 1.091435909 -0.000461120 0.999935627 0.011332670 -1.623179078 0.002066088 -0.011331692 0.999933660 56.542362213
0.999996781 0.000390339 -0.002515960 1.103394270 -0.000359673 0.999925792 0.012177777 -1.649331093 0.002520526 -0.012176829 0.999922633 57.014801025
0.999996781 0.000139023 -0.002561250 1.113644958 -0.000108996 0.999931395 0.011719844 -1.664894581 0.002562704 -0.011719527 0.999928057 57.594043732
0.999998152 0.000885225 -0.001755679 1.127810836 -0.000865352 0.999935925 0.011288079 -1.660213709 0.001765559 -0.011286537 0.999934733 58.121891022
0.999996066 -0.000054663 -0.002810216 1.141392112 0.000088323 0.999928236 0.011978839 -1.678077817 0.002809359 -0.011979038 0.999924302 58.629165649
0.999996424 0.000048565 -0.002683401 1.149749517 -0.000015864 0.999925733 0.012185013 -1.691822886 0.002683795 -0.012184926 0.999922156 59.163394928
0.999996424 -0.000086187 -0.002681383 1.166761637 0.000119629 0.999922156 0.012474580 -1.709575415 0.002680099 -0.012474855 0.999918640 59.704368591
0.999996901 0.000176685 -0.002475400 1.166372418 -0.000146021 0.999923348 0.012382172 -1.705365658 0.002477398 -0.012381773 0.999920249 60.230545044
0.999997199 0.000523699 -0.002303271 1.187223315 -0.000495790 0.999926627 0.012101131 -1.723462701 0.002309439 -0.012099954 0.999924123 60.766620636
0.999996960 0.000458845 -0.002398529 1.196767926 -0.000429046 0.999922931 0.012409698 -1.728962779 0.002404037 -0.012408633 0.999920130 61.271095276
0.999997795 0.000570180 -0.002035056 1.205390334 -0.000544874 0.999922812 0.012414220 -1.747707486 0.002041977 -0.012413085 0.999920905 61.809192657
0.999997735 0.000431342 -0.002102563 1.229415178 -0.000406230 0.999928772 0.011929519 -1.746875286 0.002107558 -0.011928637 0.999926627 62.342777252
0.999996662 0.000340358 -0.002556627 1.240977883 -0.000309385 0.999926627 0.012105326 -1.744615197 0.002560560 -0.012104496 0.999923468 62.864334106
0.999996543 0.000116526 -0.002619909 1.257606626 -0.000085704 0.999930859 0.011761416 -1.758175373 0.002621098 -0.011761152 0.999927402 63.415233612
0.999995828 0.000429788 -0.002854810 1.257911682 -0.000397825 0.999937415 0.011186992 -1.745433807 0.002859439 -0.011185810 0.999933362 63.954017639
0.999996245 -0.000093155 -0.002746100 1.253594160 0.000127387 0.999922156 0.012468050 -1.781587124 0.002744725 -0.012468354 0.999918520 64.448524475
0.999997139 0.000182008 -0.002378585 1.265658379 -0.000151728 0.999919057 0.012723839 -1.811006784 0.002380709 -0.012723439 0.999916196 64.984573364
0.999997139 -0.000232611 -0.002372637 1.281508565 0.000262765 0.999919116 0.012716893 -1.819381952 0.002369486 -0.012717480 0.999916315 65.517845154
0.999997973 0.000367454 -0.001967806 1.283310533 -0.000341993 0.999916434 0.012922827 -1.834369183 0.001972391 -0.012922128 0.999914527 66.052062988
0.999997556 -0.000195490 -0.002211727 1.300270915 0.000223413 0.999920189 0.012631899 -1.831137657 0.002209082 -0.012632362 0.999917746 66.554756165
0.999997795 0.000833048 -0.001931472 1.302664161 -0.000807861 0.999915123 0.013004602 -1.845206261 0.001942141 -0.013003014 0.999913514 67.107711792
0.999997914 0.000392895 -0.002014406 1.316148520 -0.000367006 0.999917567 0.012836092 -1.857740998 0.002019283 -0.012835325 0.999915540 67.617561340
0.999998212 0.001572848 -0.001115656 1.330929279 -0.001558602 0.999918699 0.012657110 -1.869603634 0.001135473 -0.012655349 0.999919176 68.132369995
0.999998271 0.001078050 -0.001522777 1.335057735 -0.001059136 0.999922931 0.012366286 -1.871957064 0.001535990 -0.012364651 0.999922335 68.676094055
0.999997854 0.000423935 -0.002055367 1.344250679 -0.000399455 0.999929190 0.011895944 -1.870509386 0.002060265 -0.011895098 0.999927104 69.249740601
0.999997854 0.001548345 -0.001383275 1.366570950 -0.001531971 0.999929667 0.011761256 -1.881681442 0.001401388 -0.011759111 0.999929845 69.759963989
0.999998510 0.001680228 -0.000435265 1.357583046 -0.001674822 0.999924958 0.012135124 -1.905313849 0.000455622 -0.012134372 0.999926269 70.271957397
0.999998391 0.001588577 -0.000966771 1.380255580 -0.001577238 0.999931216 0.011618729 -1.906906128 0.000985161 -0.011617181 0.999931991 70.816909790
0.999994993 0.003119582 -0.000379591 1.381385922 -0.003114540 0.999915481 0.012627794 -1.943361282 0.000418953 -0.012626548 0.999920189 71.334030151
0.999997318 0.002319318 -0.000428975 1.384846449 -0.002313972 0.999924481 0.012067507 -1.941263676 0.000456931 -0.012066482 0.999927104 71.860939026
0.999996543 0.002522110 -0.000698102 1.393542528 -0.002513475 0.999923587 0.012105167 -1.953489304 0.000728579 -0.012103372 0.999926448 72.417022705
0.999991477 0.004066689 0.000640822 1.394620538 -0.004074115 0.999918997 0.012047332 -1.959235549 -0.000591777 -0.012049840 0.999927223 72.954788208
0.999995470 0.003054618 0.000092124 1.417387605 -0.003055486 0.999926865 0.011696792 -1.966386676 -0.000056388 -0.011697020 0.999931574 73.423728943
0.999995530 0.003005776 0.000125388 1.428760409 -0.003007075 0.999921918 0.012130477 -1.982323885 -0.000088916 -0.012130799 0.999926388 73.974830627
0.999993503 0.003551760 0.000703111 1.434099436 -0.003559595 0.999927759 0.011473637 -1.973281980 -0.000662309 -0.011476065 0.999933898 74.504081726
0.999993443 0.003581393 0.000530549 1.437357426 -0.003587401 0.999924004 0.011791793 -1.996193647 -0.000488278 -0.011793619 0.999930263 75.046615601
0.999995291 0.003057987 0.000216935 1.460003972 -0.003060316 0.999926805 0.011705741 -2.003412008 -0.000181123 -0.011706354 0.999931395 75.579582214
0.999995053 0.003128188 0.000444498 1.476303339 -0.003133111 0.999928474 0.011544584 -2.005493402 -0.000408353 -0.011545922 0.999933243 76.142738342
0.999994993 0.003122427 0.000381851 1.480307341 -0.003126692 0.999926269 0.011731911 -2.020437479 -0.000345192 -0.011733048 0.999931097 76.648216248
0.999993920 0.003456346 0.000440036 1.487821102 -0.003461307 0.999924064 0.011821975 -2.025371313 -0.000399142 -0.011823428 0.999930024 77.218414307
0.999993682 0.003419019 0.000997823 1.487294436 -0.003430221 0.999928534 0.011450220 -2.039534569 -0.000958604 -0.011453572 0.999933898 77.711410522
0.999993742 0.003429896 0.000860179 1.501824141 -0.003440101 0.999920130 0.012156225 -2.048060656 -0.000818416 -0.012159108 0.999925733 78.253677368
0.999989808 0.004405722 0.000995586 1.516739964 -0.004416990 0.999922812 0.011614646 -2.060724735 -0.000944337 -0.011618927 0.999932051 78.758216858
0.999987662 0.004802401 0.001267051 1.530299783 -0.004816440 0.999924362 0.011321167 -2.066489935 -0.001212587 -0.011327132 0.999935150 79.319969177
0.999989152 0.003917512 0.002527343 1.534626722 -0.003945660 0.999929130 0.011230583 -2.072605371 -0.002483168 -0.011240431 0.999933720 79.836563110
0.999978244 0.004706706 0.004617171 1.531459093 -0.004758994 0.999923944 0.011379958 -2.084360600 -0.004563257 -0.011401682 0.999924600 80.395545959
0.999970794 0.005197981 0.005602425 1.560470104 -0.005258801 0.999926805 0.010896437 -2.093569517 -0.005545376 -0.010925583 0.999924958 80.923904419
0.999964416 0.005176764 0.006654582 1.568536878 -0.005250180 0.999925077 0.011062636 -2.098376751 -0.006596814 -0.011097181 0.999916673 81.484245300
0.999936581 0.005461043 0.009857551 1.588019013 -0.005566086 0.999927759 0.010660385 -2.116668224 -0.009798622 -0.010714575 0.999894559 82.027557373
0.999878228 0.006775925 0.014055413 1.607732892 -0.006929939 0.999916196 0.010938001 -2.147970676 -0.013980120 -0.011034071 0.999841392 82.587409973
0.999833941 0.006530522 0.017011721 1.609870315 -0.006731113 0.999908209 0.011761042 -2.160371780 -0.016933354 -0.011873599 0.999786079 83.042724609
0.999740183 0.006890168 0.021726996 1.638538361 -0.007156952 0.999899685 0.012225173 -2.183594704 -0.021640580 -0.012377497 0.999689162 83.593742371
0.999591649 0.007093464 0.027684024 1.664855242 -0.007424348 0.999902010 0.011867756 -2.185151339 -0.027597126 -0.012068445 0.999546289 84.129013062
0.999421239 0.006593962 0.033369921 1.709628344 -0.006975003 0.999911666 0.011315212 -2.178234577 -0.033292353 -0.011541421 0.999379039 84.651885986
0.999235809 0.006246292 0.038585350 1.751388669 -0.006713935 0.999905348 0.012002026 -2.218092918 -0.038506739 -0.012251914 0.999183178 85.205490112
0.998904169 0.006048478 0.046409927 1.813064337 -0.006612058 0.999906063 0.011999652 -2.224210739 -0.046332996 -0.012293367 0.998850346 85.758491516
0.998432636 0.007055222 0.055520903 1.848266840 -0.007731302 0.999898374 0.011971662 -2.247690916 -0.055430800 -0.012382145 0.998385727 86.285255432
0.997979641 0.007502693 0.063091993 1.901508808 -0.008287351 0.999891400 0.012184202 -2.259712219 -0.062993735 -0.012682450 0.997933328 86.843055725
0.997470200 0.005472823 0.070874557 1.939847946 -0.006289797 0.999916255 0.011309030 -2.261723995 -0.070806719 -0.011726207 0.997421086 87.329505920
0.996682405 0.005722413 0.081187122 2.005419254 -0.006683717 0.999910653 0.011573789 -2.275341749 -0.081113622 -0.012078023 0.996631682 87.874328613
0.995849550 0.005621296 0.090841204 2.038034916 -0.006664509 0.999915183 0.011184670 -2.279178381 -0.090770632 -0.011743657 0.995802641 88.392761230
0.995111406 0.005312505 0.098615222 2.122218609 -0.006462216 0.999914646 0.011342802 -2.297597408 -0.098546550 -0.011924625 0.995060980 88.913902283
0.994004965 0.006243445 0.109156199 2.207588196 -0.007520103 0.999907911 0.011287952 -2.311337709 -0.109075673 -0.012041148 0.993960559 89.442749023
0.992843568 0.005158672 0.119311646 2.300502777 -0.006562305 0.999913692 0.011374538 -2.328179359 -0.119242705 -0.012076094 0.992791712 89.972923279
0.991693974 0.005329302 0.128509283 2.410785675 -0.006873012 0.999909341 0.011571963 -2.359767199 -0.128435954 -0.012359090 0.991640925 90.379455566
0.990173280 0.005337667 0.139743745 2.508459091 -0.006989233 0.999911308 0.011330441 -2.359413147 -0.139670894 -0.012195800 0.990122855 90.933845520
0.988336205 0.006283313 0.152158022 2.616758347 -0.008075273 0.999905229 0.011161880 -2.369402170 -0.152073443 -0.012260409 0.988293171 91.505210876
0.986525178 0.006017374 0.163499191 2.727098465 -0.007861414 0.999912560 0.010633901 -2.376904964 -0.163420901 -0.011775943 0.986486137 92.047576904
0.985057235 0.004603378 0.172165468 2.875768661 -0.006710437 0.999909520 0.011658581 -2.432882786 -0.172096208 -0.012639672 0.984999061 92.500938416
0.982921302 0.003488962 0.183993056 3.007585526 -0.005667278 0.999919891 0.011314597 -2.441404819 -0.183938831 -0.012164096 0.982862473 93.034080505
0.980375528 0.005039410 0.197074965 3.127916336 -0.007428574 0.999907494 0.011385761 -2.458298683 -0.196999386 -0.012626305 0.980322361 93.559448242
0.978244185 0.004281795 0.207412601 3.267500877 -0.006809955 0.999910891 0.011476574 -2.465117931 -0.207344964 -0.012639361 0.978186250 94.064338684
0.975364506 0.004911922 0.220544606 3.409294128 -0.007574603 0.999908209 0.011229148 -2.472120285 -0.220469221 -0.012623048 0.975312293 94.614204407
0.972072721 0.004434531 0.234637961 3.582317352 -0.007212378 0.999913692 0.010982058 -2.494798899 -0.234569013 -0.012367658 0.972020805 95.150650024
0.969130218 0.004914850 0.246500671 3.734743118 -0.008047657 0.999899209 0.011703304 -2.510623455 -0.246418297 -0.013325778 0.969071984 95.693252563
0.966046274 0.003421587 0.258346826 3.897441864 -0.006686109 0.999908507 0.011758680 -2.557513475 -0.258283019 -0.013086764 0.965980589 96.181449890
0.962535918 0.002539174 0.271142185 4.085517883 -0.005894425 0.999915779 0.011560852 -2.566378117 -0.271090031 -0.012725960 0.962469816 96.666442871
0.958247304 0.005454595 0.285888702 4.222774506 -0.008958275 0.999899924 0.010948996 -2.542921543 -0.285800368 -0.013052915 0.958200276 97.261466980
0.955062091 0.004246002 0.296375483 4.421350479 -0.007743213 0.999913633 0.010627110 -2.556332588 -0.296304733 -0.012444446 0.955012381 97.770668030
0.950397730 0.004871793 0.310999304 4.612422943 -0.008526473 0.999909639 0.010392911 -2.558475494 -0.310920537 -0.012529125 0.950353265 98.310234070
0.946443141 -0.003572020 0.322850883 4.849636078 0.000279777 0.999947488 0.010243253 -2.568473101 -0.322870463 -0.009604326 0.946394444 98.837051392
0.942578197 -0.003796666 0.333964050 5.061792374 0.000310091 0.999944925 0.010492663 -2.578604221 -0.333985478 -0.009786597 0.942527413 99.365203857
0.938149154 -0.004407722 0.346203297 5.270631790 0.001038155 0.999950290 0.009917755 -2.586312771 -0.346229821 -0.008944918 0.938107073 99.853424072
0.933075368 -0.005488411 0.359639049 5.495716095 0.001751465 0.999941051 0.010715849 -2.610970974 -0.359676749 -0.009368797 0.933030069 100.320457458
0.927433550 -0.004566019 0.373960137 5.625778198 0.000642756 0.999943435 0.010615163 -2.618538857 -0.373987406 -0.009604494 0.927384019 100.781745911
0.922584057 -0.003992751 0.385775626 5.852239609 -0.000165739 0.999942243 0.010745696 -2.634506941 -0.385796279 -0.009977748 0.922529995 101.271980286
0.916759551 -0.004556656 0.399413556 6.109386444 0.000458696 0.999946237 0.010354925 -2.638262272 -0.399439275 -0.009309767 0.916712523 101.760086060
0.911080956 -0.005447207 0.412191272 6.364452362 0.001419391 0.999948204 0.010077227 -2.649895430 -0.412224829 -0.008596113 0.911041737 102.246444702
0.905960441 -0.005674433 0.423324287 6.610492706 0.001651502 0.999949932 0.009869395 -2.654795647 -0.423359066 -0.008242162 0.905924499 102.733398438
0.900224149 -0.005054906 0.435397536 6.804428101 0.000451844 0.999942839 0.010674979 -2.667037487 -0.435426503 -0.009413142 0.900175035 103.180953979
0.893512011 -0.005396180 0.449006945 7.075798035 0.000777890 0.999944866 0.010469390 -2.677967548 -0.449038684 -0.009005249 0.893467009 103.662818909
0.887999177 -0.007554856 0.459782958 7.391941071 0.002610456 0.999931753 0.011388543 -2.736963749 -0.459837615 -0.008912777 0.887958288 104.128204346
0.882086992 -0.007894919 0.471020401 7.667774200 0.002701554 0.999927938 0.011700860 -2.751753330 -0.471078902 -0.009048690 0.882044673 104.588043213
0.874487340 -0.007406545 0.484991789 7.940963745 0.001972850 0.999929428 0.011713170 -2.776779175 -0.485044330 -0.009286201 0.874440253 104.997367859
