1.000000000 0.000000000 0.000000000 0.000000000 0.000000000 1.000000000 0.000000000 0.000000000 0.000000000 0.000000000 1.000000000 0.000000000
0.999999940 -0.000323764 0.000046564 0.000277313 0.000323763 0.999999940 0.000013132 0.000292679 -0.000046568 -0.000013117 1.000000000 -0.000109577
1.000000000 -0.000098651 0.000129416 -0.000626434 0.000098626 1.000000000 0.000195117 -0.000525170 -0.000129435 -0.000195104 1.000000000 0.000288861
1.000000000 -0.000104951 0.000026680 0.000255063 0.000104948 1.000000000 0.000108369 0.000094256 -0.000026691 -0.000108366 1.000000000 0.000050268
1.000000000 -0.000034569 0.000040908 0.000336865 0.000034567 1.000000000 0.000060292 -0.000889008 -0.000040910 -0.000060290 1.000000000 -0.000780048
0.999999940 -0.000286758 0.000052924 0.000175037 0.000286758 0.999999940 -0.000009506 0.000169794 -0.000052921 0.000009521 1.000000000 -0.000917372
0.999999940 -0.000403353 0.000108811 -0.000268735 0.000403350 0.999999940 0.000026569 0.000000073 -0.000108822 -0.000026525 1.000000000 0.000096073
0.999999940 -0.000317728 0.000094359 0.000517782 0.000317711 0.999999940 0.000180129 -0.000693933 -0.000094416 -0.000180099 1.000000000 0.001303904
1.000000000 -0.000112467 0.000115072 -0.000014239 0.000112469 1.000000000 -0.000010258 0.000830233 -0.000115071 0.000010271 1.000000000 0.000939821
1.000000000 -0.000012367 0.000146742 -0.000757530 0.000012365 1.000000000 0.000010640 -0.000110030 -0.000146742 -0.000010638 1.000000000 -0.000498551
1.000000000 -0.000151063 0.000051687 0.001121728 0.000151061 1.000000000 0.000026866 0.000514258 -0.000051691 -0.000026858 1.000000000 -0.000738468
1.000000000 -0.000046541 -0.000031795 0.001177515 0.000046540 1.000000000 -0.000022107 -0.000250041 0.000031797 0.000022106 1.000000000 -0.002177190
1.000000000 0.000017572 0.000057993 0.000637641 -0.000017564 1.000000000 -0.000133672 0.002004573 -0.000057995 0.000133671 1.000000000 0.000776626
1.000000000 -0.000065698 0.000071476 -0.000537817 0.000065696 1.000000000 0.000030574 0.000618835 -0.000071478 -0.000030569 1.000000000 -0.000054860
1.000000000 0.000146146 0.000095555 -0.000575335 -0.000146136 1.000000000 -0.000105413 0.000991121 -0.000095570 0.000105399 1.000000000 -0.000124684
1.000000000 -0.000126798 0.000019812 0.000569381 0.000126796 1.000000000 0.000120638 0.000104421 -0.000019827 -0.000120635 1.000000000 -0.000078797
0.999999940 -0.000399204 0.000008840 0.000126506 0.000399203 0.999999881 0.000157045 -0.000382992 -0.000008903 -0.000157042 1.000000000 -0.000717690
0.999999940 -0.000294473 0.000041247 0.000127034 0.000294469 0.999999940 0.000107702 -0.001010047 -0.000041279 -0.000107690 1.000000000 -0.001671382
1.000000000 0.000044587 0.000117182 -0.000250811 -0.000044595 1.000000000 0.000066490 -0.000173914 -0.000117180 -0.000066496 1.000000000 -0.001211493
1.000000000 0.000240855 -0.000005109 -0.000214307 -0.000240855 0.999999940 0.000137334 -0.000198818 0.000005142 -0.000137333 1.000000000 -0.000399922
1.000000000 -0.000149614 -0.000035588 0.000701975 0.000149619 1.000000000 0.000128864 0.000152495 0.000035569 -0.000128869 1.000000000 -0.000628954
1.000000000 -0.000125125 0.000090426 -0.000197320 0.000125114 1.000000000 0.000116361 -0.000312035 -0.000090441 -0.000116350 1.000000000 -0.000833065
1.000000000 -0.000152385 0.000029425 0.000453788 0.000152380 1.000000000 0.000151389 -0.000501219 -0.000029448 -0.000151385 1.000000000 -0.001472914
0.999999940 -0.000235891 0.000095317 0.000831992 0.000235891 1.000000000 0.000004056 0.000880902 -0.000095318 -0.000004033 1.000000000 0.000765713
1.000000000 0.000090890 0.000131076 0.000058550 -0.000090901 1.000000000 0.000080769 0.000419602 -0.000131069 -0.000080781 1.000000000 0.000580799
1.000000000 -0.000101719 0.000005030 0.001782317 0.000101719 1.000000000 0.000103534 0.000460687 -0.000005040 -0.000103533 1.000000000 -0.001334868
1.000000000 -0.000222572 0.000070860 0.000404107 0.000222570 1.000000000 0.000035837 0.000088313 -0.000070868 -0.000035822 1.000000000 -0.001959771
1.000000000 -0.000210338 0.000008533 -0.000187071 0.000210337 1.000000000 0.000065901 -0.000437795 -0.000008547 -0.000065899 1.000000000 -0.002074907
0.999999940 0.000223571 0.000165137 -0.001176991 -0.000223601 0.999999940 0.000180660 0.000184707 -0.000165096 -0.000180697 0.999999940 0.001138589
1.000000000 -0.000011973 0.000003881 0.000421702 0.000011973 1.000000000 0.000161643 -0.000231200 -0.000003883 -0.000161643 1.000000000 -0.000911126
0.999999940 -0.000245051 0.000194186 -0.000702918 0.000245048 0.999999940 0.000014278 0.000495330 -0.000194190 -0.000014230 1.000000000 -0.000164735
1.000000000 -0.000128482 0.000181028 -0.000950954 0.000128455 1.000000000 0.000150293 -0.000504683 -0.000181047 -0.000150270 1.000000000 -0.000979315
1.000000000 -0.000004675 0.000087788 -0.000320360 0.000004658 1.000000000 0.000188125 -0.001388615 -0.000087789 -0.000188124 1.000000000 -0.002042215
1.000000000 -0.000085122 0.000138570 -0.000290857 0.000085129 1.000000000 -0.000045481 0.000688292 -0.000138566 0.000045493 1.000000000 -0.001006357
1.000000000 -0.000144822 0.000111716 -0.000202480 0.000144821 1.000000000 0.000014919 0.000373394 -0.000111719 -0.000014903 1.000000000 -0.000719064
1.000000000 0.000104698 0.000094487 -0.000075632 -0.000104715 1.000000000 0.000185713 -0.000253730 -0.000094468 -0.000185723 1.000000000 -0.001568679
0.999999940 -0.000218363 0.000138487 0.000492353 0.000218366 1.000000000 -0.000016563 0.001644374 -0.000138483 0.000016593 1.000000000 -0.000108482
1.000000000 -0.000123630 0.000096314 -0.000410280 0.000123617 1.000000000 0.000134290 0.000807352 -0.000096331 -0.000134278 1.000000000 0.000995341
1.000000000 0.000000458 0.000132800 -0.000430310 -0.000000466 1.000000000 0.000058516 0.000193750 -0.000132800 -0.000058517 1.000000000 -0.000929395
1.000000000 0.000082822 0.000181582 -0.001015303 -0.000082831 1.000000000 0.000048646 0.000381295 -0.000181578 -0.000048662 1.000000000 -0.000415483
0.999999940 0.000015412 0.000307883 -0.000831735 -0.000015361 1.000000000 -0.000167039 0.001451902 -0.000307885 0.000167034 0.999999940 0.002215421
0.999979854 0.006303407 0.000784972 -0.021161499 -0.006307025 0.999969065 0.004694806 -0.138632178 -0.000755355 -0.004699662 0.999988675 -0.025110317
0.999979794 0.006344874 0.000546747 -0.018926032 -0.006347066 0.999971449 0.004103636 -0.140194684 -0.000520694 -0.004107023 0.999991477 0.062897861
0.999977291 0.006732050 0.000530384 -0.019161895 -0.006734048 0.999969900 0.003860706 -0.141925052 -0.000504377 -0.003864189 0.999992430 0.180465415
0.999971747 0.007315359 0.001715190 -0.034942511 -0.007322453 0.999964535 0.004166867 -0.147162735 -0.001684647 -0.004179308 0.999989867 0.261345595
0.999968946 0.007680845 0.001762146 -0.032928862 -0.007688031 0.999962032 0.004108247 -0.150070623 -0.001730524 -0.004121667 0.999990046 0.400620013
0.999969125 0.007663300 0.001712636 -0.029284129 -0.007670083 0.999962628 0.003989849 -0.152763456 -0.001681997 -0.004002861 0.999990582 0.554036915
0.999985039 0.005472155 0.000151337 0.019866275 -0.005472699 0.999977529 0.003857933 -0.143863842 -0.000130222 -0.003858703 0.999992490 0.755518973
0.999980152 0.006282084 -0.000385024 0.032815807 -0.006280370 0.999971032 0.004301307 -0.152605116 0.000412034 -0.004298804 0.999990642 0.931962371
0.999980390 0.006258260 -0.000413779 0.039428774 -0.006256412 0.999971092 0.004326337 -0.157495946 0.000440842 -0.004323663 0.999990582 1.106335044
0.999974906 0.007076092 -0.000290627 0.037300628 -0.007075184 0.999970436 0.003015938 -0.152019724 0.000311959 -0.003013806 0.999995410 1.315724969
0.999972105 0.007466607 -0.000204449 0.039232630 -0.007466001 0.999968171 0.002820638 -0.155109704 0.000225503 -0.002819033 0.999995947 1.509254098
0.999973893 0.007206698 0.000490004 0.032644913 -0.007208645 0.999965608 0.004095884 -0.171253368 -0.000460469 -0.004099309 0.999991477 1.708089590
0.999972999 0.007341691 0.000355081 0.037376631 -0.007343077 0.999964714 0.004076905 -0.174560085 -0.000325138 -0.004079402 0.999991536 1.911273599
0.999969959 0.007598388 0.001537066 0.018699968 -0.007604639 0.999962687 0.004102385 -0.184305161 -0.001505837 -0.004113951 0.999990344 2.107003927
0.999972463 0.007227773 0.001698290 0.013325837 -0.007232815 0.999969423 0.002981861 -0.161252320 -0.001676686 -0.002994062 0.999994099 2.317240238
0.999978304 0.006567152 0.000524303 0.034204457 -0.006568950 0.999972224 0.003504316 -0.183430076 -0.000501276 -0.003507684 0.999993682 2.525221109
0.999975979 0.006905619 0.000628408 0.037201710 -0.006907955 0.999968946 0.003794798 -0.189846754 -0.000602183 -0.003799047 0.999992609 2.756800652
0.999962628 0.008625109 0.000637533 0.067782916 -0.008626801 0.999959171 0.002700598 -0.166285396 -0.000614214 -0.002705997 0.999996126 3.001873255
0.999960303 0.008898389 0.000277905 0.062070549 -0.008899242 0.999955177 0.003236860 -0.190213665 -0.000249090 -0.003239205 0.999994636 3.281312704
0.999965370 0.008303953 0.000699988 0.078390308 -0.008306056 0.999960840 0.003055211 -0.191950724 -0.000674590 -0.003060919 0.999995053 3.460345745
0.999970198 0.007707432 0.000154050 0.084441096 -0.007707854 0.999965906 0.002957718 -0.196899921 -0.000131249 -0.002958817 0.999995589 3.712014198
0.999961674 0.008703722 0.000854738 0.069474041 -0.008706252 0.999957561 0.003003697 -0.195181236 -0.000828558 -0.003011024 0.999995112 4.004482746
0.999962747 0.008628087 0.000172227 0.089068815 -0.008628628 0.999956846 0.003441262 -0.210277364 -0.000142528 -0.003442620 0.999993980 4.240270138
0.999966204 0.008181832 0.000834306 0.088105254 -0.008183896 0.999963403 0.002501853 -0.212424293 -0.000813806 -0.002508596 0.999996543 4.494927406
0.999970257 0.007672954 0.000869083 0.094198205 -0.007675359 0.999966681 0.002799838 -0.221046105 -0.000847571 -0.002806426 0.999995708 4.750524521
0.999961019 0.008814651 0.000356653 0.101277173 -0.008816171 0.999950945 0.004515664 -0.253421634 -0.000316831 -0.004518632 0.999989748 5.037151337
0.999965847 0.008268263 0.000045932 0.111868508 -0.008268382 0.999956608 0.004302566 -0.257600069 -0.000010356 -0.004302799 0.999990761 5.310198784
0.999969363 0.007805028 0.000550738 0.114951201 -0.007807456 0.999959171 0.004551922 -0.264160842 -0.000515187 -0.004556083 0.999989510 5.548899174
0.999971271 0.007574905 0.000161528 0.120997816 -0.007575628 0.999958396 0.005079315 -0.277213037 -0.000123046 -0.005080393 0.999987066 5.822743893
0.999957621 0.009149805 0.001030093 0.103038602 -0.009152803 0.999953806 0.002944455 -0.255972415 -0.001003104 -0.002953759 0.999995112 6.114791393
0.999957681 0.009130525 0.001131920 0.105854176 -0.009133424 0.999954998 0.002582428 -0.258500338 -0.001108290 -0.002592657 0.999996006 6.395127773
0.999965131 0.008280755 0.001054079 0.119596928 -0.008284355 0.999959707 0.003457373 -0.276949048 -0.001025407 -0.003465985 0.999993384 6.662617207
0.999956787 0.009195348 0.001386795 0.114147283 -0.009199494 0.999953091 0.003013096 -0.276807129 -0.001359024 -0.003025723 0.999994516 6.973145962
0.999960482 0.008617870 0.002189828 0.112302944 -0.008625580 0.999956548 0.003536297 -0.291934073 -0.002159258 -0.003555047 0.999991298 7.250446320
0.999951959 0.009550096 0.002204558 0.120010585 -0.009556212 0.999950469 0.002780466 -0.289812654 -0.002177895 -0.002801400 0.999993682 7.575087070
0.999949396 0.009756318 0.002459034 0.122052379 -0.009763021 0.999948561 0.002728447 -0.289348245 -0.002432288 -0.002752317 0.999993265 7.901614189
0.999956667 0.009133935 0.001772563 0.137101620 -0.009139469 0.999953270 0.003139691 -0.309395552 -0.001743803 -0.003155755 0.999993503 8.208313942
0.999961555 0.008651936 0.001431098 0.151338160 -0.008655054 0.999960124 0.002186899 -0.302381039 -0.001412120 -0.002199201 0.999996603 8.561316490
0.999960482 0.008543460 0.002440086 0.144296125 -0.008549651 0.999960184 0.002538369 -0.317930758 -0.002418302 -0.002559131 0.999993801 8.906301498
0.999951005 0.009599584 0.002404894 0.154881850 -0.009605634 0.999950826 0.002517279 -0.324697822 -0.002380611 -0.002540257 0.999993861 9.221147537
0.999962866 0.008473887 0.001643828 0.168247938 -0.008476858 0.999962449 0.001807817 -0.322654307 -0.001628447 -0.001821685 0.999996960 9.568880081
0.999957323 0.009061419 0.001780330 0.181152195 -0.009066158 0.999955356 0.002672589 -0.349413157 -0.001756033 -0.002688615 0.999994814 9.884384155
0.999956846 0.009153156 0.001553719 0.190788761 -0.009157448 0.999954224 0.002779280 -0.357384086 -0.001528209 -0.002793388 0.999994934 10.246513367
0.999948621 0.009950564 0.001891660 0.192198351 -0.009956419 0.999945581 0.003111531 -0.371166408 -0.001860596 -0.003130206 0.999993384 10.608557701
0.999954879 0.009352283 0.001683180 0.199241102 -0.009357559 0.999951243 0.003154947 -0.376535147 -0.001653593 -0.003170555 0.999993622 10.970008850
0.999960899 0.008636183 0.001867150 0.216131344 -0.008642789 0.999956250 0.003558906 -0.391516417 -0.001836333 -0.003574905 0.999991894 11.322269440
0.999952078 0.009676727 0.001432790 0.231708840 -0.009680091 0.999950290 0.002360560 -0.385231733 -0.001409877 -0.002374317 0.999996185 11.759143829
0.999953747 0.009320109 0.002348941 0.221286878 -0.009326817 0.999952376 0.002861175 -0.402353227 -0.002322163 -0.002882951 0.999993145 12.117198944
0.999952435 0.009520872 0.002105647 0.237537086 -0.009527262 0.999949932 0.003045647 -0.412068397 -0.002076544 -0.003065563 0.999993145 12.534152985
0.999960065 0.008861890 0.001171804 0.261874676 -0.008866066 0.999954104 0.003607035 -0.439190775 -0.001139785 -0.003617280 0.999992728 12.877969742
0.999955237 0.009251106 0.001987631 0.260411710 -0.009257723 0.999951482 0.003345892 -0.444509059 -0.001956581 -0.003364142 0.999992430 13.285571098
0.999964774 0.008230677 0.001662045 0.273538053 -0.008236066 0.999960780 0.003262545 -0.447888225 -0.001635127 -0.003276119 0.999993265 13.685682297
0.999945104 0.010126013 0.002690830 0.269995272 -0.010134365 0.999943793 0.003108572 -0.460031033 -0.002659201 -0.003135671 0.999991536 14.107405663
0.999950707 0.009491950 0.002913390 0.277549386 -0.009503285 0.999947250 0.003901825 -0.477322966 -0.002876200 -0.003929320 0.999988139 14.508620262
0.999949515 0.009377440 0.003605299 0.288049668 -0.009390313 0.999949515 0.003570708 -0.485931486 -0.003571634 -0.003604383 0.999987125 14.909550667
0.999942958 0.010181151 0.003225456 0.306933910 -0.010191849 0.999942541 0.003317871 -0.490413666 -0.003191491 -0.003350555 0.999989212 15.364541054
0.999946296 0.009699654 0.003647768 0.316587925 -0.009713841 0.999945343 0.003892036 -0.508992136 -0.003609818 -0.003927262 0.999985754 15.784001350
0.999951422 0.009155381 0.003657555 0.326650232 -0.009170346 0.999949515 0.004095466 -0.522702396 -0.003619876 -0.004128807 0.999984920 16.239212036
0.999941647 0.009799231 0.004548453 0.325032473 -0.009819223 0.999942064 0.004393730 -0.540632010 -0.004505135 -0.004438136 0.999979973 16.675477982
0.999942601 0.009664562 0.004647596 0.344368160 -0.009684427 0.999943972 0.004270695 -0.550379694 -0.004606061 -0.004315459 0.999980092 17.130355835
0.999954104 0.008583095 0.004259891 0.359860092 -0.008602447 0.999952793 0.004545719 -0.561467350 -0.004220673 -0.004582157 0.999980509 17.589096069
0.999950230 0.009115742 0.004077909 0.372553170 -0.009131934 0.999950409 0.003970038 -0.571448207 -0.004041517 -0.004007079 0.999983728 18.060504913
0.999947727 0.009237198 0.004384927 0.402628869 -0.009258155 0.999945700 0.004783222 -0.593773246 -0.004340505 -0.004823568 0.999978960 18.491491318
0.999952078 0.008922133 0.004042832 0.417697370 -0.008943906 0.999945462 0.005399986 -0.614391327 -0.003994432 -0.005435886 0.999977291 18.950302124
0.999946177 0.009203766 0.004787588 0.420403719 -0.009230264 0.999942064 0.005542496 -0.630205512 -0.004736300 -0.005586389 0.999973178 19.405439377
0.999947727 0.008990403 0.004875083 0.426897079 -0.009017793 0.999943495 0.005625833 -0.636164069 -0.004824228 -0.005669503 0.999972224 19.905088425
0.999941409 0.009712293 0.004780289 0.437719196 -0.009740837 0.999934673 0.005984591 -0.651698112 -0.004721853 -0.006030805 0.999970615 20.410949707
0.999939084 0.010097693 0.004451955 0.449167252 -0.010123233 0.999932230 0.005752369 -0.658090472 -0.004393568 -0.005797087 0.999973536 20.905197144
0.999951363 0.009161890 0.003653570 0.462892711 -0.009184191 0.999939024 0.006134524 -0.672008216 -0.003597142 -0.006167781 0.999974489 21.405160904
0.999948025 0.009466277 0.003792430 0.467806250 -0.009492320 0.999931097 0.006909054 -0.690733552 -0.003726764 -0.006944693 0.999968886 21.903953552
0.999946952 0.009723129 0.003397487 0.483322859 -0.009745318 0.999930859 0.006576474 -0.697466373 -0.003333308 -0.006609234 0.999972582 22.410881042
0.999952018 0.009446021 0.002591543 0.498599738 -0.009461578 0.999936998 0.006058357 -0.709518194 -0.002534151 -0.006082587 0.999978304 22.924961090
0.999959171 0.008863258 0.001775874 0.512003720 -0.008874888 0.999938428 0.006650471 -0.726306558 -0.001716820 -0.006665960 0.999976337 23.446008682
0.999965966 0.008148069 0.001394422 0.515455723 -0.008156077 0.999949634 0.005835376 -0.733678043 -0.001346805 -0.005846549 0.999981999 23.979833603
0.999957919 0.009144200 0.000632810 0.528100729 -0.009148050 0.999937773 0.006374638 -0.743307471 -0.000574480 -0.006380158 0.999979496 24.505071640
0.999960423 0.008884560 0.000414075 0.529803157 -0.008887062 0.999939442 0.006490574 -0.762229800 -0.000356385 -0.006493997 0.999978840 25.017393112
0.999958694 0.009080817 -0.000089304 0.544349253 -0.009079977 0.999934673 0.006945738 -0.791681051 0.000152371 -0.006944641 0.999975801 25.580804825
0.999959707 0.008968386 -0.000204297 0.538299441 -0.008966746 0.999935567 0.006958697 -0.794923902 0.000266692 -0.006956586 0.999975681 26.106084824
0.999963284 0.008527722 -0.000771702 0.548887670 -0.008521575 0.999934375 0.007645933 -0.806366980 0.000836854 -0.007639076 0.999970436 26.654195786
0.999960482 0.008735417 -0.001651805 0.574155092 -0.008722905 0.999934316 0.007436309 -0.820713460 0.001716656 -0.007421607 0.999970973 27.214107513
0.999960065 0.008706346 -0.001996873 0.578377306 -0.008689990 0.999929786 0.008058038 -0.842135549 0.002066889 -0.008040364 0.999965549 27.750658035
0.999962509 0.008361245 -0.002263997 0.583068490 -0.008342672 0.999932587 0.008091799 -0.852268696 0.002331502 -0.008072608 0.999964714 28.296171188
0.999959230 0.008703810 -0.002401872 0.594371021 -0.008683565 0.999927759 0.008314354 -0.867442310 0.002474065 -0.008293158 0.999962568 28.828758240
0.999953747 0.009268049 -0.002535918 0.605461895 -0.009247508 0.999925256 0.007995063 -0.877978921 0.002609827 -0.007971243 0.999964833 29.364093781
0.999952435 0.009221547 -0.003172772 0.610722363 -0.009195390 0.999924421 0.008162441 -0.888609231 0.003247802 -0.008132878 0.999961674 29.903886795
0.999947608 0.009868688 -0.002717665 0.613233984 -0.009846187 0.999918103 0.008171991 -0.904946864 0.002798090 -0.008144805 0.999962866 30.445369720
0.999944270 0.010048991 -0.003230393 0.626036763 -0.010022383 0.999916553 0.008150280 -0.909599066 0.003312025 -0.008117449 0.999961555 30.995592117
0.999943376 0.009930152 -0.003821189 0.641154528 -0.009900690 0.999921620 0.007653443 -0.917594373 0.003896890 -0.007615176 0.999963343 31.544219971
0.999949992 0.009041247 -0.004271395 0.657636166 -0.009008749 0.999930799 0.007567164 -0.929909885 0.004339516 -0.007528306 0.999962211 32.062545776
0.999947071 0.009181514 -0.004648953 0.659190714 -0.009145213 0.999927998 0.007770524 -0.940780699 0.004719964 -0.007727597 0.999958992 32.618782043
0.999945223 0.009046681 -0.005252185 0.669625044 -0.009004368 0.999927282 0.008024488 -0.955320299 0.005324397 -0.007976755 0.999953985 33.162231445
0.999945223 0.008549598 -0.006038137 0.684792340 -0.008503727 0.999935091 0.007582194 -0.960831523 0.006102569 -0.007530432 0.999953032 33.700496674
0.999938071 0.009908085 -0.005052886 0.680257201 -0.009865724 0.999916494 0.008340530 -0.972872078 0.005135104 -0.008290164 0.999952376 34.219444275
0.999942243 0.008956166 -0.005944332 0.701799989 -0.008908166 0.999927998 0.008052730 -0.986177266 0.006016025 -0.007999313 0.999949932 34.779987335
0.999949634 0.008744127 -0.004917833 0.698629141 -0.008705325 0.999931216 0.007856606 -1.000918388 0.004986192 -0.007813399 0.999957025 35.315818787
0.999947608 0.008617553 -0.005519817 0.704398274 -0.008572827 0.999930620 0.008075835 -1.010317087 0.005589027 -0.008028093 0.999952078 35.865512848
0.999951601 0.008309674 -0.005269451 0.711863637 -0.008264185 0.999928892 0.008596484 -1.031409144 0.005340509 -0.008552521 0.999949098 36.420181274
0.999945521 0.008878889 -0.005489396 0.713312209 -0.008834358 0.999928296 0.008083791 -1.030117273 0.005560778 -0.008034855 0.999952257 36.943145752
0.999940693 0.009069384 -0.006020165 0.728896141 -0.009021876 0.999928296 0.007872092 -1.038649321 0.006091128 -0.007817312 0.999950886 37.501949310
0.999944389 0.008934006 -0.005592973 0.728664041 -0.008891450 0.999931693 0.007587718 -1.042558670 0.005660379 -0.007537566 0.999955595 38.044021606
0.999940813 0.009478394 -0.005343907 0.729561627 -0.009434967 0.999922752 0.008093955 -1.060075641 0.005420213 -0.008043055 0.999952972 38.566455841
0.999944687 0.008769244 -0.005810097 0.737833261 -0.008723726 0.999931335 0.007814147 -1.061481476 0.005878222 -0.007763029 0.999952614 39.116432190
0.999950469 0.008192237 -0.005655843 0.741672039 -0.008144292 0.999931157 0.008448576 -1.077421904 0.005724666 -0.008402093 0.999948323 39.624828339
0.999946713 0.008140807 -0.006338389 0.752667308 -0.008091270 0.999936819 0.007802082 -1.084340692 0.006401503 -0.007750381 0.999949455 40.174160004
0.999940217 0.009241470 -0.005841982 0.747361481 -0.009190610 0.999920070 0.008673863 -1.114998579 0.005921674 -0.008619652 0.999945343 40.694793701
0.999931157 0.008864119 -0.007684544 0.794783354 -0.008805382 0.999931991 0.007643822 -1.092615247 0.007751776 -0.007575630 0.999941170 41.240371704
0.999925077 0.010535592 -0.006232996 0.777342379 -0.010495138 0.999923885 0.006487832 -1.090260029 0.006300875 -0.006421931 0.999959469 41.821094513
0.999927282 0.009654409 -0.007230083 0.803185105 -0.009606915 0.999932230 0.006575136 -1.100045681 0.007293074 -0.006505200 0.999952197 42.383384705
0.999925256 0.009267461 -0.007973098 0.810593843 -0.009208212 0.999929965 0.007436153 -1.120727897 0.008041454 -0.007362181 0.999940574 42.933532715
0.999936163 0.008364309 -0.007592098 0.806180775 -0.008303097 0.999933004 0.008058446 -1.148921728 0.007658993 -0.007994893 0.999938726 43.471317291
0.999943912 0.006584243 -0.008285639 0.821432889 -0.006515287 0.999944150 0.008321949 -1.164820671 0.008339969 -0.008267500 0.999931037 43.999500275
0.999930024 0.008674039 -0.008047738 0.819429755 -0.008615837 0.999936700 0.007238652 -1.155751228 0.008110018 -0.007168808 0.999941409 44.548965454
0.999933720 0.008923789 -0.007271139 0.815651238 -0.008872367 0.999935627 0.007074011 -1.170263767 0.007333798 -0.007009031 0.999948561 45.101642609
0.999936521 0.009067167 -0.006692263 0.812041044 -0.009019589 0.999934077 0.007105564 -1.182605267 0.006756250 -0.007044751 0.999952316 45.658065796
0.999935031 0.009315572 -0.006573700 0.813570619 -0.009265753 0.999928415 0.007568541 -1.203088045 0.006643734 -0.007507140 0.999949753 46.173755646
0.999937594 0.009296996 -0.006193724 0.817497909 -0.009250342 0.999928892 0.007519044 -1.209181309 0.006263188 -0.007461280 0.999952555 46.734149933
0.999937057 0.009241309 -0.006362854 0.823306322 -0.009192380 0.999928296 0.007676468 -1.221998930 0.006433338 -0.007617495 0.999950290 47.277793884
0.999931514 0.009791618 -0.006407126 0.829943419 -0.009742110 0.999922812 0.007713258 -1.232274055 0.006482156 -0.007650311 0.999949753 47.816024780
0.999935389 0.009797806 -0.005789453 0.835017443 -0.009755775 0.999926150 0.007244213 -1.236043453 0.005860004 -0.007187264 0.999956965 48.348339081
0.999926805 0.010730114 -0.005593592 0.835586190 -0.010691447 0.999919057 0.006897485 -1.246304035 0.005667149 -0.006837177 0.999960542 48.903884888
0.999925077 0.010933102 -0.005493131 0.848937988 -0.010895917 0.999917924 0.006754007 -1.258006454 0.005566522 -0.006693650 0.999962091 49.455455780
0.999935806 0.010226076 -0.004882967 0.847312093 -0.010192136 0.999924004 0.006925782 -1.267548203 0.004953420 -0.006875568 0.999964118 49.988697052
0.999931455 0.010581339 -0.005015492 0.859200239 -0.010548512 0.999923050 0.006526913 -1.274216890 0.005084170 -0.006473560 0.999966145 50.536487579
0.999934673 0.010356690 -0.004824759 0.864513397 -0.010326009 0.999926686 0.006340808 -1.288517237 0.004890074 -0.006290574 0.999968231 51.071479797
0.999933779 0.010563914 -0.004568656 0.863398314 -0.010531735 0.999919951 0.007011181 -1.299830437 0.004642356 -0.006962601 0.999965012 51.611976624
0.999941289 0.010074899 -0.003983597 0.865410447 -0.010053499 0.999935091 0.005356024 -1.297659755 0.004037300 -0.005315661 0.999977648 52.162521362
0.999935925 0.010497381 -0.004238733 0.880563200 -0.010471520 0.999926627 0.006078100 -1.310936213 0.004302226 -0.006033323 0.999972522 52.692203522
0.999923468 0.011812592 -0.003683928 0.870657921 -0.011792546 0.999915719 0.005416704 -1.317856789 0.003747603 -0.005372846 0.999978542 53.220642090
0.999926031 0.011665424 -0.003442787 0.879357219 -0.011647298 0.999918461 0.005239602 -1.333920121 0.003503629 -0.005199115 0.999980271 53.789138794
0.999932647 0.011046452 -0.003560704 0.890767992 -0.011026410 0.999923527 0.005599793 -1.346862435 0.003622290 -0.005560155 0.999977946 54.324581146
0.999930620 0.011314174 -0.003272599 0.896256566 -0.011295575 0.999920249 0.005647009 -1.362300873 0.003336229 -0.005609652 0.999978662 54.881202698
0.999930739 0.011255162 -0.003438131 0.907616615 -0.011235988 0.999921501 0.005546193 -1.372463584 0.003500285 -0.005507178 0.999978721 55.423458099
0.999937296 0.010637228 -0.003493370 0.908051610 -0.010618553 0.999929488 0.005321750 -1.371773958 0.003549732 -0.005284323 0.999979675 55.983535767
0.999921799 0.011751782 -0.004275387 0.933487058 -0.011731284 0.999919713 0.004788442 -1.382826328 0.004331316 -0.004737912 0.999979377 56.514766693
0.999938428 0.010268713 -0.004203779 0.940755963 -0.010249818 0.999937296 0.004492315 -1.391346455 0.004249646 -0.004448950 0.999981046 57.073162079
0.999932528 0.010913088 -0.004003482 0.945510209 -0.010890812 0.999925256 0.005544383 -1.415716767 0.004063690 -0.005500406 0.999976635 57.605854034
0.999928415 0.011388144 -0.003649966 0.944368422 -0.011373457 0.999927163 0.004019559 -1.407940984 0.003695476 -0.003977758 0.999985278 58.174888611
0.999939561 0.010115427 -0.004304972 0.956338227 -0.010097659 0.999940515 0.004129016 -1.423960090 0.004346483 -0.004085297 0.999982178 58.709197998
0.999930620 0.010909333 -0.004445097 0.970697761 -0.010892104 0.999933124 0.003881785 -1.435551643 0.004487148 -0.003833099 0.999982536 59.253444672
0.999934852 0.010682688 -0.004016131 0.974620044 -0.010668691 0.999936998 0.003490438 -1.440083742 0.004053165 -0.003447364 0.999985814 59.805774689
0.999932230 0.011062347 -0.003604130 0.984577298 -0.011048815 0.999931931 0.003753012 -1.460550904 0.003645401 -0.003712936 0.999986470 60.339649200
0.999930322 0.011411967 -0.003008604 0.965022802 -0.011406424 0.999933243 0.001852653 -1.438431025 0.003029545 -0.001818207 0.999993742 60.926319122
0.999929786 0.011480673 -0.002921890 0.987197042 -0.011469553 0.999927163 0.003794575 -1.488662004 0.002965241 -0.003760797 0.999988496 61.437942505
0.999934912 0.010779995 -0.003731617 1.003226757 -0.010765401 0.999934435 0.003909232 -1.498614550 0.003773514 -0.003868805 0.999985337 61.991310120
0.999931455 0.011264584 -0.003195434 1.007305741 -0.011253640 0.999930799 0.003422501 -1.508693814 0.003233766 -0.003386306 0.999989033 62.546543121
0.999931037 0.011382104 -0.002876692 1.015907764 -0.011373341 0.999930620 0.003044316 -1.517200828 0.002911144 -0.003011389 0.999991179 63.098812103
0.999922991 0.012042340 -0.002991657 1.016498685 -0.012034686 0.999924242 0.002563554 -1.529523253 0.003022302 -0.002527353 0.999992251 63.622268677
0.999931753 0.011241454 -0.003169642 1.035944939 -0.011230576 0.999931037 0.003428703 -1.549572468 0.003207967 -0.003392873 0.999989092 64.185241699
0.999929190 0.011486813 -0.003093380 1.048062921 -0.011474431 0.999926209 0.003991191 -1.570474148 0.003138997 -0.003955414 0.999987245 64.737419128
0.999921978 0.011940956 -0.003662113 1.067848682 -0.011926796 0.999921381 0.003864483 -1.585767388 0.003707970 -0.003820504 0.999985814 65.285140991
0.999927104 0.011542800 -0.003550804 1.071143627 -0.011531244 0.999928176 0.003258376 -1.597360492 0.003588160 -0.003217193 0.999988377 65.837280273
0.999921203 0.012157031 -0.003168087 1.070842028 -0.012145597 0.999919772 0.003604056 -1.610294461 0.003211647 -0.003565293 0.999988496 66.394660950
0.999930620 0.011515193 -0.002487199 1.070368528 -0.011506320 0.999927461 0.003552617 -1.625709414 0.002527928 -0.003523753 0.999990523 66.930908203
0.999934435 0.011306479 -0.001829854 1.070008516 -0.011299476 0.999928892 0.003793433 -1.632007360 0.001872614 -0.003772507 0.999991119 67.478965759
0.999935329 0.010956890 -0.003054142 1.099068880 -0.010947119 0.999934912 0.003197924 -1.647147894 0.003088983 -0.003164284 0.999990225 68.028160095
0.999918282 0.012386246 -0.003159102 1.102205873 -0.012375822 0.999917984 0.003297920 -1.662592411 0.003199692 -0.003258555 0.999989510 68.570396423
0.999932349 0.011211442 -0.003102224 1.103921533 -0.011202084 0.999932706 0.003018487 -1.657752633 0.003135857 -0.002983532 0.999990642 69.143402100
0.999922931 0.012228981 -0.002154704 1.099213958 -0.012222944 0.999921322 0.002792592 -1.676894546 0.002188686 -0.002766040 0.999993801 69.691390991
0.999927878 0.011803230 -0.002185376 1.107887626 -0.011796345 0.999925435 0.003137229 -1.690485358 0.002222242 -0.003111223 0.999992669 70.240699768
0.999945104 0.010044570 -0.002975849 1.132289052 -0.010036216 0.999945700 0.002809738 -1.700686574 0.003003910 -0.002779717 0.999991596 70.784492493
0.999930263 0.011573997 -0.002320200 1.136843085 -0.011568212 0.999930084 0.002490734 -1.717183471 0.002348865 -0.002463719 0.999994218 71.332473755
0.999928415 0.011754399 -0.002232280 1.142957926 -0.011748393 0.999927402 0.002685900 -1.731873512 0.002263689 -0.002659483 0.999993920 71.888252258
0.999928951 0.011758634 -0.002014782 1.144043207 -0.011753833 0.999928117 0.002379854 -1.745227098 0.002042621 -0.002356004 0.999995172 72.447357178
0.999929845 0.011562491 -0.002557869 1.160822392 -0.011554257 0.999928117 0.003210865 -1.763063431 0.002594810 -0.003181086 0.999991596 72.976127625
0.999934554 0.011241010 -0.002097020 1.167549849 -0.011233622 0.999930739 0.003502657 -1.778108001 0.002136249 -0.003478871 0.999991596 73.501167297
0.999938369 0.010696443 -0.002972323 1.176510811 -0.010687886 0.999938726 0.002880624 -1.791321278 0.003002953 -0.002848678 0.999991417 74.032844543
0.999934196 0.011248475 -0.002246158 1.184907675 -0.011241572 0.999932110 0.003063062 -1.808169127 0.002280461 -0.003037610 0.999992728 74.609756470
0.999942303 0.010412408 -0.002626479 1.198451042 -0.010405003 0.999941826 0.002817557 -1.819563270 0.002655664 -0.002790066 0.999992609 75.155113220
0.999951482 0.009595701 -0.002190440 1.199537396 -0.009592337 0.999952734 0.001541577 -1.820090532 0.002205129 -0.001520491 0.999996424 75.707221985
0.999941587 0.010573426 -0.002244359 1.210393071 -0.010568989 0.999942183 0.001980890 -1.841658592 0.002265174 -0.001957053 0.999995530 76.240287781
0.999945581 0.010197506 -0.002264925 1.221986055 -0.010193475 0.999946475 0.001784611 -1.853278875 0.002283003 -0.001761427 0.999995768 76.799827576
0.999938130 0.010895367 -0.002234312 1.223374844 -0.010890394 0.999938369 0.002225792 -1.878261209 0.002258425 -0.002201322 0.999994993 77.329223633
0.999945760 0.010120117 -0.002456469 1.234493852 -0.010113155 0.999944866 0.002829123 -1.894694090 0.002484965 -0.002804127 0.999992907 77.853149414
0.999934375 0.011320439 -0.001745237 1.239822388 -0.011317234 0.999934256 0.001836871 -1.900321722 0.001765917 -0.001816999 0.999996781 78.416374207
0.999943614 0.010540376 -0.001307556 1.250310898 -0.010538175 0.999943078 0.001680798 -1.908894300 0.001325198 -0.001666923 0.999997735 78.985580444
0.999932110 0.011507688 -0.001832857 1.259088159 -0.011504721 0.999932528 0.001619934 -1.922411680 0.001851375 -0.001598737 0.999997020 79.560081482
0.999939978 0.010803611 -0.001899659 1.269994378 -0.010798981 0.999938726 0.002431939 -1.943501711 0.001925817 -0.002411278 0.999995232 80.137313843
0.999942303 0.010698093 0.000986212 1.247147441 -0.010700059 0.999940753 0.002010340 -1.944767714 -0.000964647 -0.002020777 0.999997497 80.687301636
0.999937654 0.011071196 0.001440848 1.269181609 -0.011074565 0.999935925 0.002351794 -1.968061328 -0.001414719 -0.002367604 0.999996185 81.194137573
0.999936759 0.010842635 0.002963755 1.280266047 -0.010848687 0.999939024 0.002032740 -1.976572037 -0.002941534 -0.002064765 0.999993563 81.715950012
0.999933362 0.010722418 0.004274700 1.287082434 -0.010732247 0.999939799 0.002283714 -1.995082855 -0.004249956 -0.002329439 0.999988198 82.257316589
0.999910116 0.010934846 0.007757947 1.307117581 -0.010950661 0.999938071 0.001999035 -2.006381273 -0.007735607 -0.002083810 0.999967933 82.786979675
0.999869764 0.010998876 0.011812185 1.322921872 -0.011030020 0.999935865 0.002574704 -2.023630381 -0.011783108 -0.002704657 0.999926925 83.321060181
0.999822199 0.010974783 0.015334696 1.340488315 -0.010994498 0.999938846 0.001201778 -2.026852369 -0.015320573 -0.001370162 0.999881625 83.863929749
0.999715209 0.012579693 0.020280559 1.357880592 -0.012618398 0.999918818 0.001781627 -2.045972824 -0.020256499 -0.002037027 0.999792755 84.420486450
0.999570251 0.011897354 0.026788203 1.387799144 -0.011946242 0.999927282 0.001665704 -2.056724072 -0.026766438 -0.001985006 0.999639750 84.969673157
0.999386847 0.011845148 0.032948792 1.412960768 -0.011879771 0.999929070 0.000855106 -2.060286045 -0.032936335 -0.001246006 0.999456704 85.540153503
0.999181628 0.012169585 0.038573809 1.453541636 -0.012242027 0.999923706 0.001642325 -2.089586020 -0.038550884 -0.002113203 0.999254346 86.050247192
0.998834729 0.012014351 0.046742085 1.486198664 -0.012065303 0.999926865 0.000808034 -2.090471983 -0.046728969 -0.001371050 0.998906672 86.611785889
0.998416662 0.012140744 0.054925323 1.537364721 -0.012174773 0.999925792 0.000284986 -2.101274729 -0.054917801 -0.000953239 0.998490393 87.174926758
0.997988939 0.011212349 0.062389255 1.575242281 -0.011256047 0.999936581 0.000348969 -2.114578485 -0.062381390 -0.001050523 0.998051763 87.706886292
0.997392535 0.011214039 0.071291089 1.627012730 -0.011277555 0.999936223 0.000488456 -2.130062342 -0.071281061 -0.001291172 0.997455418 88.260086060
0.996669352 0.009681275 0.080972210 1.698539257 -0.009682272 0.999953032 -0.000380341 -2.139739990 -0.080972075 -0.000404921 0.996716261 88.792510986
0.995901585 0.010979670 0.089774318 1.750962734 -0.011083588 0.999938369 0.000659089 -2.176479578 -0.089761563 -0.001651409 0.995961905 89.344879150
0.995206952 0.009849581 0.097294025 1.830775261 -0.009934069 0.999950588 0.000383981 -2.191104650 -0.097285420 -0.001348666 0.995255589 89.892250061
0.994058132 0.009985423 0.108391054 1.904708862 -0.010076839 0.999949157 0.000295688 -2.206084728 -0.108382583 -0.001386170 0.994108319 90.433456421
0.992893517 0.009513708 0.118625037 1.987883568 -0.009643925 0.999953270 0.000523714 -2.216635466 -0.118614554 -0.001664003 0.992938995 90.989295959
0.991776824 0.009500617 0.127626449 2.084747314 -0.009517865 0.999954581 -0.000474728 -2.225053549 -0.127625182 -0.000743907 0.991822183 91.548789978
0.990303695 0.009799251 0.138573125 2.187333107 -0.009977427 0.999950051 0.000591153 -2.248812199 -0.138560414 -0.001968024 0.990352035 92.073600769
0.988613546 0.008981803 0.150208518 2.296052933 -0.009109647 0.999958515 0.000163046 -2.261512995 -0.150200799 -0.001529537 0.988654435 92.634559631
0.986970127 0.007370715 0.160734549 2.415048599 -0.007367231 0.999972582 -0.000617641 -2.261501551 -0.160734728 -0.000574576 0.986997604 93.226722717
0.985242784 0.007305878 0.171007365 2.528882027 -0.007314739 0.999973059 -0.000578283 -2.280327797 -0.171007007 -0.000681124 0.985269606 93.767654419
0.982977986 0.007529222 0.183568895 2.638246536 -0.007750810 0.999969780 0.000489626 -2.312695026 -0.183559641 -0.001904099 0.983006716 94.233993530
0.980425179 0.007649662 0.196743488 2.767588615 -0.007758827 0.999969900 -0.000215932 -2.311105251 -0.196739182 -0.001314793 0.980455101 94.815963745
0.978336751 0.007092206 0.206898242 2.896827698 -0.007211196 0.999974012 -0.000179042 -2.336900234 -0.206894130 -0.001316820 0.978362441 95.339462280
0.975348949 0.007378614 0.220544830 3.021537781 -0.007526294 0.999971688 -0.000170677 -2.352365017 -0.220539838 -0.001493416 0.975376844 95.852462769
0.972262442 0.007025997 0.233786657 3.176029205 -0.007076786 0.999974787 -0.000621615 -2.359681606 -0.233785123 -0.001050085 0.972287655 96.392135620
0.969470918 0.007414339 0.245094106 3.323530197 -0.007557745 0.999971390 -0.000355424 -2.380235195 -0.245089754 -0.001507785 0.969499230 96.944572449
0.966525197 0.006995511 0.256476372 3.503383636 -0.007202408 0.999974072 -0.000132649 -2.401110649 -0.256470591 -0.001719038 0.966550529 97.446907043
0.962939560 0.006893029 0.269629240 3.690010071 -0.007058559 0.999975026 -0.000355640 -2.413463116 -0.269624978 -0.001560735 0.962964118 97.992691040
0.959264040 0.007084137 0.282422096 3.867486954 -0.007105800 0.999974251 -0.000947575 -2.418493748 -0.282421529 -0.001097860 0.959289789 98.522041321
0.956040800 0.005989881 0.293172479 4.052003860 -0.005880145 0.999981940 -0.001255621 -2.431360960 -0.293174714 -0.000523472 0.956058741 99.056762695
0.951689839 0.005617524 0.307009608 4.226697922 -0.005664987 0.999983668 -0.000736533 -2.451188087 -0.307008743 -0.001038254 0.951706052 99.556472778
0.947281539 0.005373524 0.320357293 4.439287186 -0.005361667 0.999985158 -0.000919093 -2.470213890 -0.320357502 -0.000847010 0.947296321 100.088195801
0.943602204 0.004191676 0.331054777 4.651493073 -0.004190020 0.999990940 -0.000718692 -2.487625837 -0.331054837 -0.000708967 0.943611264 100.591278076
0.939042687 0.003727054 0.343780637 4.870174408 -0.003716951 0.999992847 -0.000688384 -2.503917933 -0.343780696 -0.000631394 0.939049780 101.123275757
0.933638871 0.004032400 0.358192950 5.099832535 -0.003677359 0.999991834 -0.001672399 -2.515443325 -0.358196795 0.000244211 0.933646202 101.637603760
0.928834915 0.004376054 0.370468080 5.313421249 -0.004268449 0.999990284 -0.001110290 -2.540343761 -0.370469272 -0.000550048 0.928844571 102.149955750
0.923912764 0.003269859 0.382589251 5.536760330 -0.003135079 0.999994576 -0.000975725 -2.550193787 -0.382590413 -0.000297963 0.923917949 102.670661926
0.918167412 0.002940904 0.396181971 5.776992798 -0.002806647 0.999995649 -0.000918568 -2.568882704 -0.396183014 -0.000268544 0.918171525 103.156150818
0.912501454 0.002063767 0.409068137 6.029651642 -0.002089050 0.999997675 -0.000385022 -2.579941988 -0.409067988 -0.000503231 0.912503779 103.650154114
0.907051742 0.003116921 0.421007603 6.245529175 -0.003231417 0.999994695 -0.000441421 -2.602962255 -0.421006650 -0.000960060 0.907056928 104.093139648
0.901157260 0.001788724 0.433488846 6.526966095 -0.001293714 0.999998093 -0.001436902 -2.602303982 -0.433490664 0.000734063 0.901157796 104.593589783
0.894436657 0.002193840 0.447189271 6.807586670 -0.001821022 0.999997497 -0.001263548 -2.634416580 -0.447191060 0.000315822 0.894438446 105.092048645
0.888582170 0.000230130 0.458717465 7.086277008 0.000165363 0.999999642 -0.000822005 -2.651801109 -0.458717495 0.000806274 0.888581812 105.574645996
0.882893562 0.000092237 0.469573140 7.361621857 0.000511949 0.999999166 -0.001158996 -2.659664631 -0.469572842 0.001263668 0.882892787 106.060287476
0.875300467 -0.000528451 0.483579189 7.607963562 0.001379612 0.999997973 -0.001404371 -2.663461924 -0.483577490 0.001896398 0.875299454 106.489044189
