1.000000000 0.000000000 0.000000000 0.000000000 0.000000000 1.000000000 0.000000000 0.000000000 0.000000000 0.000000000 1.000000000 0.000000000
1.000000000 0.000090224 0.000095996 -0.000860551 -0.000090235 1.000000000 0.000111979 -0.000109365 -0.000095986 -0.000111987 1.000000000 0.000361667
1.000000000 0.000050409 0.000134163 -0.001570943 -0.000050410 1.000000000 0.000005749 0.000290835 -0.000134163 -0.000005756 1.000000000 0.000246411
1.000000000 0.000044515 0.000044952 -0.000702541 -0.000044518 1.000000000 0.000052311 -0.000753507 -0.000044950 -0.000052313 1.000000000 -0.000733838
1.000000000 0.000087696 0.000169908 -0.001975800 -0.000087711 1.000000000 0.000086298 -0.000588304 -0.000169901 -0.000086313 1.000000000 -0.000697474
1.000000000 -0.000132214 -0.000013095 0.000139720 0.000132214 1.000000000 -0.000027096 0.000351472 0.000013098 0.000027095 1.000000000 -0.000274283
1.000000000 0.000063290 0.000125113 -0.001838608 -0.000063298 1.000000000 0.000064952 -0.000366469 -0.000125109 -0.000064960 1.000000000 -0.000356125
1.000000000 0.000056756 0.000087355 -0.001554597 -0.000056753 1.000000000 -0.000033323 -0.000080869 -0.000087357 0.000033318 1.000000000 -0.000638504
1.000000000 0.000081274 0.000153053 -0.001395472 -0.000081276 1.000000000 0.000013315 -0.000855355 -0.000153052 -0.000013327 1.000000000 -0.000711223
1.000000000 0.000128623 0.000145078 -0.001889162 -0.000128640 1.000000000 0.000121190 -0.000707059 -0.000145063 -0.000121208 1.000000000 0.000584728
1.000000000 0.000083304 0.000142250 -0.001560008 -0.000083314 1.000000000 0.000069244 -0.000575789 -0.000142244 -0.000069256 1.000000000 -0.000034199
1.000000000 0.000135781 0.000161976 -0.001609794 -0.000135785 1.000000000 0.000026421 -0.000972053 -0.000161972 -0.000026443 1.000000000 -0.000940005
1.000000000 0.000073608 0.000144677 -0.001098859 -0.000073613 1.000000000 0.000038540 0.000257961 -0.000144674 -0.000038550 1.000000000 0.000208980
1.000000000 0.000152555 0.000122012 -0.001644292 -0.000152543 1.000000000 -0.000096963 0.000872604 -0.000122027 0.000096945 1.000000000 0.000641181
1.000000000 0.000099281 0.000116088 -0.001555948 -0.000099287 1.000000000 0.000046351 -0.000194837 -0.000116083 -0.000046362 1.000000000 -0.000096733
0.999999940 0.000255786 0.000178708 -0.002197603 -0.000255776 0.999999940 -0.000057949 0.001393682 -0.000178723 0.000057903 1.000000000 0.001153143
0.999999940 0.000360699 0.000209723 -0.002754125 -0.000360690 0.999999940 -0.000043412 0.001050534 -0.000209738 0.000043336 1.000000000 0.001834324
0.999999940 0.000240475 0.000253975 -0.002418126 -0.000240473 1.000000000 -0.000005575 0.001338569 -0.000253976 0.000005514 0.999999940 0.002127527
0.999999940 0.000205483 0.000275346 -0.002529413 -0.000205464 1.000000000 -0.000066085 0.000447992 -0.000275359 0.000066029 0.999999940 0.000763273
0.999999940 0.000212534 0.000216217 -0.002528406 -0.000212549 1.000000000 0.000070361 -0.000117644 -0.000216202 -0.000070407 1.000000000 0.001665463
0.999999940 0.000300190 0.000166815 -0.001941207 -0.000300185 0.999999940 -0.000029088 0.001292643 -0.000166823 0.000029038 1.000000000 0.001573930
0.999999940 0.000271544 0.000185736 -0.002484760 -0.000271538 0.999999940 -0.000033189 0.000463058 -0.000185745 0.000033139 1.000000000 0.001718868
1.000000000 0.000149811 0.000163680 -0.002205809 -0.000149821 1.000000000 0.000062707 0.000097196 -0.000163671 -0.000062731 1.000000000 0.000892629
0.999999881 0.000407618 0.000190161 -0.002547368 -0.000407617 0.999999940 -0.000001128 0.001408935 -0.000190161 0.000001051 1.000000000 0.003033038
0.999999940 0.000296716 0.000243643 -0.002122944 -0.000296723 0.999999940 0.000027544 0.001325807 -0.000243635 -0.000027616 0.999999940 0.001974885
0.999999940 0.000217596 0.000209114 -0.001451503 -0.000217587 1.000000000 -0.000042052 0.002068125 -0.000209123 0.000042006 1.000000000 0.003092547
0.999999940 0.000339202 0.000236520 -0.002380436 -0.000339213 0.999999940 0.000044964 0.001190622 -0.000236505 -0.000045045 1.000000000 0.002279603
0.999999940 0.000340418 0.000124127 -0.002252898 -0.000340405 0.999999940 -0.000103286 0.001844082 -0.000124163 0.000103244 1.000000000 0.001003698
0.999999940 0.000322366 0.000130484 -0.001985885 -0.000322354 0.999999940 -0.000090280 0.001517687 -0.000130513 0.000090238 1.000000000 0.000838081
0.999999881 0.000345524 0.000263354 -0.002537403 -0.000345520 0.999999940 -0.000017030 0.000212465 -0.000263360 0.000016939 0.999999940 0.001009883
0.999999940 0.000195899 0.000286475 -0.002937753 -0.000195913 1.000000000 0.000047584 0.000048758 -0.000286465 -0.000047640 0.999999940 0.001794136
0.999999940 0.000314088 0.000186942 -0.001997231 -0.000314076 0.999999940 -0.000062176 0.001518754 -0.000186961 0.000062117 1.000000000 0.002426049
0.999999881 0.000416432 0.000241941 -0.002166003 -0.000416436 0.999999940 0.000013229 -0.000004773 -0.000241936 -0.000013330 1.000000000 -0.000065717
0.999999881 0.000389171 0.000298810 -0.003173974 -0.000389174 0.999999940 0.000008718 0.000668768 -0.000298807 -0.000008834 0.999999940 0.002333682
0.999999881 0.000381914 0.000245666 -0.001767967 -0.000381898 0.999999940 -0.000065501 0.000308640 -0.000245691 0.000065407 0.999999940 0.001059563
0.999999940 0.000346099 0.000218989 -0.003366608 -0.000346102 0.999999940 0.000012477 0.000579031 -0.000218984 -0.000012553 1.000000000 0.000744531
0.999999881 0.000409289 0.000208301 -0.002715928 -0.000409272 0.999999940 -0.000083310 0.002246768 -0.000208335 0.000083225 1.000000000 0.001358388
0.999999881 0.000403115 0.000306230 -0.003406096 -0.000403119 0.999999940 0.000011378 0.000883746 -0.000306225 -0.000011501 0.999999940 0.001929088
0.999999881 0.000386221 0.000184239 -0.001109182 -0.000386226 0.999999940 0.000024223 0.000700708 -0.000184229 -0.000024294 1.000000000 -0.000143882
0.999999940 0.000251076 0.000191945 -0.001770144 -0.000251063 0.999999940 -0.000071332 0.000467912 -0.000191962 0.000071284 1.000000000 0.000024469
0.999999762 0.000581565 0.000173093 -0.001021273 -0.000581465 0.999999642 -0.000576872 -0.002156214 -0.000173429 0.000576771 0.999999821 0.049712963
0.999999821 0.000439135 0.000185725 0.000310490 -0.000438923 0.999999225 -0.001137605 -0.004032569 -0.000186224 0.001137523 0.999999344 0.140508905
0.999999523 0.000894537 0.000459855 0.000177148 -0.000894020 0.999998987 -0.001123570 -0.010453415 -0.000460860 0.001123158 0.999999285 0.249620661
0.999999344 0.001031912 0.000544765 0.002540561 -0.001031319 0.999998927 -0.001087844 -0.012947605 -0.000545887 0.001087282 0.999999285 0.381710351
0.999999404 0.000995046 0.000408186 0.005227448 -0.000994703 0.999999106 -0.000837353 -0.017090987 -0.000409019 0.000836947 0.999999642 0.525951624
0.999999583 0.000721033 0.000744482 0.008215514 -0.000720763 0.999999702 -0.000362788 -0.026874255 -0.000744743 0.000362251 0.999999642 0.683798194
0.999999702 0.000418376 0.000694365 0.014127273 -0.000418261 0.999999940 -0.000165691 -0.029672222 -0.000694434 0.000165400 0.999999702 0.844023049
0.999999762 0.000372352 0.000596348 0.017528482 -0.000372243 1.000000000 -0.000182478 -0.032679867 -0.000596416 0.000182256 0.999999821 1.020663142
0.999999523 0.000802276 0.000582331 0.021621700 -0.000802252 0.999999702 -0.000042540 -0.037929978 -0.000582365 0.000042073 0.999999881 1.195250034
0.999999344 0.000928264 0.000682200 0.022449547 -0.000928425 0.999999464 0.000236637 -0.046340831 -0.000681981 -0.000237270 0.999999762 1.375533104
0.999999523 0.000988066 0.000338589 0.026770355 -0.000988083 0.999999523 0.000049157 -0.047787238 -0.000338540 -0.000049491 0.999999940 1.570226192
0.999999523 0.000648717 0.000694847 0.028872795 -0.000649073 0.999999642 0.000511581 -0.059102107 -0.000694515 -0.000512032 0.999999642 1.768274546
0.999999225 0.000824207 0.000894573 0.031844910 -0.000825003 0.999999285 0.000889952 -0.065256916 -0.000893838 -0.000890689 0.999999225 1.965019464
0.999999821 0.000212627 0.000607419 0.039397202 -0.000213268 0.999999404 0.001055442 -0.075001903 -0.000607194 -0.001055571 0.999999285 2.177164078
0.999999642 0.000385991 0.000702339 0.041293222 -0.000386594 0.999999583 0.000859279 -0.076113746 -0.000702006 -0.000859550 0.999999404 2.398126364
0.999999464 0.000699218 0.000752593 0.046086159 -0.000699866 0.999999464 0.000861097 -0.081372410 -0.000751990 -0.000861624 0.999999344 2.623923540
0.999999225 0.000863035 0.000921602 0.053188156 -0.000863820 0.999999225 0.000851245 -0.089032166 -0.000920866 -0.000852041 0.999999166 2.854128361
0.999999046 0.000927238 0.001075282 0.055220135 -0.000928221 0.999999166 0.000913571 -0.093311496 -0.001074435 -0.000914568 0.999998987 3.096134901
0.999999166 0.000990868 0.000835395 0.062259175 -0.000991650 0.999998987 0.000935667 -0.102664091 -0.000834467 -0.000936495 0.999999225 3.333518028
0.999999464 0.000356506 0.000958935 0.070398487 -0.000357655 0.999999225 0.001197888 -0.110769868 -0.000958507 -0.001198230 0.999998808 3.581377506
0.999999464 0.000510249 0.000859150 0.077404656 -0.000511226 0.999999166 0.001137391 -0.119273663 -0.000858569 -0.001137830 0.999998987 3.823667765
0.999999404 0.000423035 0.000996151 0.080723345 -0.000424191 0.999999225 0.001160863 -0.122873217 -0.000995660 -0.001161285 0.999998808 4.100499630
0.999999583 0.000448159 0.000778454 0.088971406 -0.000449172 0.999999046 0.001301888 -0.128565371 -0.000777869 -0.001302238 0.999998808 4.359620094
0.999999106 0.000502807 0.001261960 0.088889562 -0.000504198 0.999999225 0.001102502 -0.135362506 -0.001261404 -0.001103137 0.999998629 4.615677357
0.999998331 0.001153593 0.001432376 0.089394301 -0.001155337 0.999998569 0.001217193 -0.143287823 -0.001430970 -0.001218846 0.999998212 4.871992588
0.999998152 0.001453709 0.001257625 0.097844489 -0.001455554 0.999997854 0.001467544 -0.151123837 -0.001255489 -0.001469372 0.999998093 5.133092403
0.999998093 0.001064671 0.001618682 0.097412542 -0.001066362 0.999998868 0.001044477 -0.157223701 -0.001617568 -0.001046201 0.999998152 5.398216248
0.999998868 0.000699852 0.001293617 0.105366223 -0.000701541 0.999998868 0.001306281 -0.166718632 -0.001292701 -0.001307187 0.999998331 5.663735390
0.999998271 0.000973181 0.001598946 0.102742754 -0.000975309 0.999998748 0.001330826 -0.174751461 -0.001597648 -0.001332384 0.999997854 5.926327705
0.999997795 0.001089640 0.001805551 0.106825605 -0.001092174 0.999998391 0.001402977 -0.183835983 -0.001804019 -0.001404946 0.999997377 6.208325386
0.999997556 0.001265642 0.001832761 0.115823396 -0.001268320 0.999998152 0.001460636 -0.187719524 -0.001830909 -0.001462957 0.999997258 6.503256321
0.999998033 0.001062746 0.001684883 0.120753475 -0.001065111 0.999998391 0.001403626 -0.197984591 -0.001683388 -0.001405418 0.999997616 6.782887459
0.999998033 0.000771646 0.001777843 0.128025398 -0.000774153 0.999998689 0.001410221 -0.205990732 -0.001776753 -0.001411595 0.999997377 7.080529213
0.999997973 0.000823636 0.001834628 0.131367654 -0.000826530 0.999998391 0.001577433 -0.216330990 -0.001833326 -0.001578946 0.999997079 7.377722740
0.999997616 0.001069496 0.001930903 0.134046465 -0.001072295 0.999998391 0.001449214 -0.225605279 -0.001929350 -0.001451281 0.999997079 7.681569099
0.999998152 0.000895312 0.001704896 0.147315413 -0.000898213 0.999998152 0.001701656 -0.238404855 -0.001703369 -0.001703185 0.999997020 7.998486519
0.999996901 0.001389529 0.002092144 0.149183273 -0.001392932 0.999997795 0.001625856 -0.246140897 -0.002089880 -0.001628765 0.999996424 8.316620827
0.999997973 0.000899198 0.001778564 0.162889943 -0.000902432 0.999997973 0.001818227 -0.257837921 -0.001776926 -0.001819828 0.999996781 8.636307716
0.999996841 0.001450096 0.002050182 0.161255777 -0.001453459 0.999997616 0.001639429 -0.264015853 -0.002047800 -0.001642404 0.999996543 8.986303329
0.999995708 0.002079013 0.002072541 0.167771488 -0.002082797 0.999996185 0.001825349 -0.277256161 -0.002068738 -0.001829658 0.999996185 9.324614525
0.999996245 0.001893889 0.001992165 0.177931279 -0.001897261 0.999996901 0.001692383 -0.285228997 -0.001988953 -0.001696156 0.999996543 9.657801628
0.999996364 0.001827779 0.002003546 0.184570089 -0.001832065 0.999996006 0.002139496 -0.298149496 -0.001999628 -0.002143159 0.999995649 10.008255959
0.999995947 0.001843122 0.002172526 0.186736763 -0.001847383 0.999996483 0.001961556 -0.309134305 -0.002168903 -0.001965562 0.999995708 10.373522758
0.999996603 0.001580031 0.002056461 0.197372884 -0.001583891 0.999997020 0.001877087 -0.317155898 -0.002053489 -0.001880338 0.999996126 10.736793518
0.999997735 0.001501330 0.001510797 0.208879381 -0.001504270 0.999996960 0.001946593 -0.327049136 -0.001507870 -0.001948861 0.999996960 11.085180283
0.999998391 0.001172647 0.001343407 0.220946446 -0.001175120 0.999997556 0.001841589 -0.334647894 -0.001341244 -0.001843165 0.999997437 11.460362434
0.999996483 0.002028441 0.001711810 0.225983024 -0.002031856 0.999995947 0.001995585 -0.346103191 -0.001707755 -0.001999056 0.999996543 11.847229004
0.999997735 0.001532452 0.001555233 0.233787015 -0.001536248 0.999995828 0.002442414 -0.363755643 -0.001551484 -0.002444797 0.999995828 12.229502678
0.999997795 0.001359083 0.001597923 0.247183010 -0.001363522 0.999995172 0.002780303 -0.378956974 -0.001594136 -0.002782475 0.999994874 12.614454269
0.999995172 0.002238150 0.002163253 0.244263843 -0.002243863 0.999993980 0.002642105 -0.385773480 -0.002157326 -0.002646946 0.999994099 13.010303497
0.999996603 0.001573428 0.002090953 0.256628573 -0.001578650 0.999995649 0.002498091 -0.394867241 -0.002087013 -0.002501383 0.999994695 13.418592453
0.999995708 0.001766296 0.002348702 0.262472123 -0.001773528 0.999993682 0.003080556 -0.411076039 -0.002343246 -0.003084708 0.999992490 13.816992760
0.999995530 0.001883605 0.002321018 0.275867760 -0.001890656 0.999993622 0.003039311 -0.420515805 -0.002315279 -0.003043686 0.999992669 14.234184265
0.999995649 0.001627942 0.002479659 0.286620647 -0.001635197 0.999994397 0.002926532 -0.433637828 -0.002474881 -0.002930574 0.999992609 14.652174950
0.999995530 0.001607870 0.002513950 0.300267458 -0.001615112 0.999994516 0.002881726 -0.440959990 -0.002509303 -0.002885774 0.999992669 15.092630386
0.999994159 0.001959319 0.002836817 0.305914760 -0.001968142 0.999993205 0.003110874 -0.457874149 -0.002830703 -0.003116439 0.999991119 15.531783104
0.999993265 0.001566963 0.003326177 0.314292282 -0.001576049 0.999995053 0.002730830 -0.463762313 -0.003321882 -0.002736054 0.999990702 15.973232269
0.999991715 0.001824499 0.003633021 0.319768578 -0.001834131 0.999994934 0.002649686 -0.475525558 -0.003628168 -0.002656327 0.999989867 16.406671524
0.999991715 0.001282841 0.003860433 0.330597907 -0.001291449 0.999996781 0.002228120 -0.487167746 -0.003857562 -0.002233087 0.999990046 16.849082947
0.999988019 0.002464798 0.004256977 0.335543901 -0.002477366 0.999992609 0.002949412 -0.509398937 -0.004249676 -0.002959923 0.999986589 17.302562714
0.999988258 0.002165471 0.004336272 0.348474056 -0.002180748 0.999991417 0.003521230 -0.524220169 -0.004328610 -0.003530645 0.999984443 17.766305923
0.999988198 0.001665172 0.004564696 0.365165502 -0.001679424 0.999993742 0.003120346 -0.531491339 -0.004559470 -0.003127975 0.999984682 18.242254257
0.999988437 0.001633851 0.004521326 0.378423780 -0.001647660 0.999994040 0.003052129 -0.539617836 -0.004516311 -0.003059543 0.999985158 18.716350555
0.999986708 0.002338638 0.004590509 0.389209151 -0.002352728 0.999992549 0.003066512 -0.553931594 -0.004583303 -0.003077272 0.999984741 19.206220627
0.999987066 0.001830291 0.004748704 0.398266256 -0.001846624 0.999992371 0.003437173 -0.581858039 -0.004742378 -0.003445897 0.999982774 19.667312622
0.999988854 0.001434221 0.004497973 0.408616364 -0.001452870 0.999990344 0.004145630 -0.595770836 -0.004491983 -0.004152119 0.999981284 20.154003143
0.999989152 0.000969724 0.004555473 0.427225322 -0.000985424 0.999993563 0.003445412 -0.602619052 -0.004552103 -0.003449864 0.999983668 20.643836975
0.999993086 0.000716043 0.003656523 0.447733581 -0.000728622 0.999993801 0.003440018 -0.609764099 -0.003654037 -0.003442658 0.999987423 21.164398193
0.999990880 0.001687044 0.003952646 0.438149452 -0.001701561 0.999991775 0.003672265 -0.628947139 -0.003946419 -0.003678956 0.999985397 21.657203674
0.999993205 0.001336671 0.003410619 0.450686753 -0.001348385 0.999993324 0.003434503 -0.642147899 -0.003406005 -0.003439080 0.999988258 22.156845093
0.999994516 0.000938218 0.003173682 0.465224296 -0.000948157 0.999994695 0.003131771 -0.653791249 -0.003170727 -0.003134763 0.999990046 22.670949936
0.999997199 0.001095265 0.002112335 0.471639127 -0.001101734 0.999994695 0.003063887 -0.665076554 -0.002108968 -0.003066205 0.999993086 23.184919357
0.999998212 0.000838766 0.001682668 0.474253088 -0.000844554 0.999993742 0.003442165 -0.685846388 -0.001679770 -0.003443580 0.999992669 23.699419022
0.999999285 -0.000613533 0.000925218 0.483261049 0.000610425 0.999994218 0.003356522 -0.704204321 -0.000927271 -0.003355955 0.999993920 24.225494385
0.999999821 0.000297326 0.000330217 0.494123250 -0.000298387 0.999994755 0.003217861 -0.714945674 -0.000329259 -0.003217959 0.999994755 24.742462158
0.999999642 0.000728464 -0.000252726 0.502660394 -0.000727596 0.999993861 0.003417625 -0.725895882 0.000255214 -0.003417441 0.999994099 25.285636902
0.999998868 0.000897166 -0.001149687 0.504853725 -0.000893443 0.999994397 0.003234417 -0.736573637 0.001152582 -0.003233387 0.999994099 25.816431046
0.999998212 0.001056151 -0.001538374 0.514531612 -0.001051314 0.999994516 0.003141986 -0.751747727 0.001541684 -0.003140364 0.999993801 26.367780685
0.999998391 0.000939487 -0.001608017 0.520681620 -0.000934188 0.999994099 0.003293108 -0.759126306 0.001611102 -0.003291601 0.999993265 26.917268753
0.999997020 0.000364804 -0.002455573 0.539814234 -0.000356202 0.999993801 0.003502334 -0.775538325 0.002456835 -0.003501449 0.999990821 27.467811584
0.999996662 0.001202954 -0.002299390 0.538879037 -0.001195670 0.999994397 0.003166521 -0.788982034 0.002303186 -0.003163761 0.999992371 28.014070511
0.999995232 0.001512480 -0.002693523 0.546150446 -0.001503847 0.999993742 0.003203942 -0.801863849 0.002698352 -0.003199876 0.999991179 28.566762924
0.999993920 0.001292665 -0.003232344 0.559751928 -0.001281195 0.999992907 0.003547957 -0.818960011 0.003236907 -0.003543794 0.999988496 29.120357513
0.999993086 0.001195027 -0.003520017 0.560436904 -0.001183435 0.999993861 0.003293404 -0.830063999 0.003523931 -0.003289215 0.999988377 29.671728134
0.999991179 0.001634515 -0.003874458 0.566167295 -0.001622302 0.999993682 0.003153253 -0.840607643 0.003879588 -0.003146939 0.999987543 30.216768265
0.999989986 0.001355886 -0.004256885 0.576612711 -0.001342326 0.999994040 0.003186707 -0.854100585 0.004261179 -0.003180961 0.999985874 30.772113800
0.999989212 0.001206423 -0.004479843 0.586525142 -0.001190875 0.999993265 0.003471685 -0.871829093 0.004484002 -0.003466313 0.999983966 31.319049835
0.999985695 0.002867292 -0.004504541 0.588292241 -0.002851036 0.999989390 0.003610998 -0.884026349 0.004514847 -0.003598104 0.999983370 31.866449356
0.999986827 0.001386930 -0.004928530 0.602381349 -0.001371822 0.999994338 0.003067572 -0.894892693 0.004932756 -0.003060770 0.999983072 32.446903229
0.999984741 0.001429605 -0.005335552 0.608776927 -0.001410372 0.999992430 0.003606556 -0.909192920 0.005340667 -0.003598975 0.999979198 32.999530792
0.999984622 0.001195941 -0.005418985 0.613661766 -0.001176363 0.999992788 0.003614540 -0.927833676 0.005423268 -0.003608111 0.999978721 33.538356781
0.999982178 0.001427063 -0.005792314 0.624838293 -0.001406807 0.999992907 0.003499530 -0.941009462 0.005797268 -0.003491319 0.999977112 34.086795807
0.999981582 0.001791616 -0.005814487 0.627236128 -0.001772592 0.999993086 0.003275354 -0.948865235 0.005820313 -0.003264987 0.999977648 34.645362854
0.999978781 0.001555292 -0.006324812 0.639910758 -0.001533443 0.999992847 0.003457916 -0.968836010 0.006330145 -0.003448144 0.999974012 35.173744202
0.999979615 0.001596304 -0.006201319 0.649847448 -0.001574343 0.999992430 0.003544652 -0.979455233 0.006206932 -0.003534817 0.999974489 35.723529816
0.999979138 0.001449015 -0.006301563 0.653362751 -0.001428313 0.999993563 0.003288569 -0.989873290 0.006306289 -0.003279499 0.999974787 36.273506165
0.999979973 0.001603884 -0.006120202 0.662144899 -0.001582509 0.999992549 0.003495618 -1.015155196 0.006125763 -0.003485862 0.999975145 36.850131989
0.999976218 0.002036262 -0.006593294 0.668876350 -0.002013412 0.999991953 0.003470438 -1.026326895 0.006600308 -0.003457080 0.999972165 37.399707794
0.999975204 0.001693913 -0.006850059 0.677298307 -0.001671993 0.999993503 0.003204334 -1.038508773 0.006855442 -0.003192801 0.999971390 37.945091248
0.999975562 0.001957717 -0.006703877 0.686876893 -0.001935346 0.999992549 0.003341846 -1.057343125 0.006710370 -0.003328790 0.999971926 38.482215881
0.999975920 0.001479671 -0.006788438 0.691324234 -0.001458573 0.999994099 0.003111886 -1.066189528 0.006793003 -0.003101910 0.999972105 39.036575317
0.999969959 0.002145009 -0.007445979 0.707987547 -0.002123888 0.999993682 0.002843382 -1.076314926 0.007452033 -0.002827482 0.999968231 39.571403503
0.999971867 0.002268318 -0.007151648 0.713762701 -0.002245369 0.999992311 0.003215362 -1.095261574 0.007158887 -0.003199214 0.999969184 40.139530182
0.999971390 0.001724446 -0.007366440 0.724957466 -0.001700346 0.999993145 0.003276619 -1.109743118 0.007372040 -0.003263999 0.999967515 40.688571930
0.999971867 0.001767029 -0.007297848 0.733153224 -0.001744113 0.999993503 0.003145302 -1.121294022 0.007303359 -0.003132485 0.999968469 41.240402222
0.999972224 0.002249331 -0.007103273 0.738052368 -0.002224882 0.999991715 0.003447942 -1.136761069 0.007110967 -0.003432042 0.999968827 41.794609070
0.999972939 0.002962289 -0.006732991 0.743443608 -0.002941456 0.999990880 0.003101928 -1.147619963 0.006742119 -0.003082040 0.999972522 42.348846436
0.999970257 0.002323943 -0.007352696 0.760100186 -0.002295426 0.999989867 0.003884483 -1.173536301 0.007361650 -0.003867490 0.999965370 42.856719971
0.999967873 0.002221655 -0.007698942 0.760992289 -0.002195034 0.999991596 0.003464470 -1.176546812 0.007706572 -0.003447461 0.999964356 43.418857574
0.999967456 0.002022035 -0.007809207 0.771211743 -0.001996359 0.999992549 0.003294340 -1.191408873 0.007815810 -0.003278643 0.999964118 43.972030640
0.999969542 0.002833985 -0.007262990 0.765964270 -0.002810161 0.999990582 0.003288348 -1.202392459 0.007272243 -0.003267838 0.999968231 44.494068146
0.999967635 0.001654003 -0.007872694 0.790667176 -0.001627024 0.999992847 0.003431974 -1.215482235 0.007878315 -0.003419054 0.999963045 45.064441681
0.999968410 0.002822597 -0.007429630 0.790008605 -0.002800358 0.999991596 0.003001917 -1.226827145 0.007438042 -0.002981016 0.999967813 45.580787659
0.999972045 0.002414876 -0.007067990 0.796929002 -0.002394924 0.999993205 0.002829939 -1.236315250 0.007074777 -0.002812932 0.999971032 46.124710083
0.999968886 0.002494454 -0.007482405 0.806659937 -0.002473906 0.999993145 0.002754133 -1.251983762 0.007489223 -0.002735537 0.999968231 46.687805176
0.999965549 0.003373517 -0.007575056 0.816118956 -0.003351973 0.999990404 0.002854976 -1.264565706 0.007584615 -0.002829487 0.999967158 47.232631683
0.999963820 0.002871745 -0.008009375 0.827669382 -0.002848503 0.999991715 0.002911642 -1.276492238 0.008017669 -0.002888722 0.999963701 47.789283752
0.999967337 0.003182299 -0.007426974 0.828882098 -0.003160375 0.999990582 0.002961914 -1.294696093 0.007436327 -0.002938345 0.999967992 48.329620361
0.999964416 0.002723622 -0.008000975 0.841991246 -0.002699914 0.999991953 0.002972417 -1.309918046 0.008009004 -0.002950709 0.999963582 48.862102509
0.999966681 0.003303528 -0.007464831 0.840475023 -0.003281165 0.999990106 0.003005942 -1.323127270 0.007474687 -0.002981348 0.999967635 49.408023834
0.999965429 0.003644073 -0.007477715 0.857687950 -0.003622639 0.999989271 0.002877935 -1.337775350 0.007488121 -0.002850747 0.999967813 49.949550629
0.999966860 0.003991158 -0.007099328 0.854707718 -0.003968606 0.999987006 0.003187757 -1.353607416 0.007111959 -0.003159477 0.999969721 50.478923798
0.999965608 0.003657712 -0.007432810 0.865172744 -0.003633372 0.999988019 0.003285712 -1.372130632 0.007444739 -0.003258594 0.999966979 51.009967804
0.999965191 0.003342828 -0.007639412 0.878194392 -0.003316826 0.999988675 0.003413862 -1.384424090 0.007650737 -0.003388404 0.999965012 51.556896210
0.999961734 0.003640834 -0.007956538 0.881080031 -0.003610619 0.999986172 0.003808794 -1.398708940 0.007970292 -0.003779920 0.999961078 52.086990356
0.999963462 0.004246139 -0.007419677 0.881977201 -0.004221248 0.999985337 0.003367410 -1.412169695 0.007433867 -0.003335967 0.999966800 52.625644684
0.999963164 0.003596418 -0.007793491 0.891782820 -0.003568972 0.999987364 0.003532614 -1.422407866 0.007806098 -0.003504670 0.999963403 53.161968231
0.999960423 0.004536763 -0.007652401 0.896117449 -0.004512491 0.999984741 0.003186169 -1.433957100 0.007666739 -0.003151512 0.999965668 53.704433441
0.999963045 0.004280604 -0.007449331 0.904162705 -0.004256859 0.999985754 0.003200468 -1.455522060 0.007462925 -0.003168639 0.999967158 54.238658905
0.999963641 0.004685505 -0.007117834 0.904730678 -0.004663392 0.999984264 0.003120043 -1.466391087 0.007132342 -0.003086736 0.999969721 54.784732819
0.999961436 0.004829527 -0.007332617 0.912506104 -0.004806923 0.999983668 0.003097075 -1.478854895 0.007347455 -0.003061708 0.999968350 55.336814880
0.999963164 0.004104338 -0.007534298 0.926899672 -0.004085620 0.999988675 0.002498064 -1.490926027 0.007544465 -0.002467191 0.999968410 55.910167694
0.999962032 0.004533615 -0.007441826 0.933716476 -0.004511372 0.999985456 0.003003020 -1.510286093 0.007455331 -0.002969333 0.999967754 56.448451996
0.999962986 0.004834531 -0.007115959 0.941500664 -0.004812812 0.999983847 0.003066065 -1.527455807 0.007130666 -0.003031703 0.999969959 56.997791290
0.999962986 0.005408033 -0.006686985 0.943686128 -0.005388251 0.999981046 0.002972827 -1.539695978 0.006702935 -0.002936686 0.999973238 57.544967651
0.999967217 0.005199194 -0.006208728 0.950427532 -0.005183497 0.999983251 0.002541847 -1.548748732 0.006221841 -0.002509580 0.999977469 58.092670441
0.999970138 0.005547499 -0.005383261 0.959087610 -0.005534296 0.999981642 0.002464467 -1.562987328 0.005396835 -0.002434601 0.999982476 58.629787445
0.999967396 0.005249480 -0.006132564 0.974629164 -0.005234212 0.999983132 0.002503065 -1.577457428 0.006145600 -0.002470884 0.999978006 59.166774750
0.999966681 0.005039610 -0.006421869 0.987864614 -0.005022258 0.999983728 0.002715165 -1.596291900 0.006435449 -0.002682823 0.999975681 59.703937531
0.999963403 0.004769022 -0.007103048 0.998727024 -0.004751644 0.999985695 0.002461341 -1.607910156 0.007114685 -0.002427500 0.999971688 60.249446869
0.999962747 0.004846596 -0.007144379 1.002436638 -0.004827422 0.999984682 0.002698426 -1.620323896 0.007157348 -0.002663837 0.999970794 60.810298920
0.999963760 0.004967001 -0.006916048 1.011483431 -0.004949474 0.999984443 0.002549096 -1.638445377 0.006928603 -0.002514773 0.999972820 61.353195190
0.999965250 0.004947183 -0.006712093 1.020306468 -0.004929004 0.999984264 0.002722318 -1.651534796 0.006725455 -0.002689139 0.999973714 61.904880524
0.999964833 0.005428217 -0.006395734 1.024752617 -0.005413283 0.999982715 0.002350120 -1.669029832 0.006408380 -0.002315416 0.999976814 62.449542999
0.999966085 0.005655506 -0.005990415 1.030353069 -0.005640657 0.999980927 0.002492768 -1.688353419 0.006004399 -0.002458894 0.999978960 62.996330261
0.999964774 0.005764870 -0.006104374 1.037528753 -0.005749630 0.999980271 0.002511021 -1.700863957 0.006118728 -0.002475834 0.999978244 63.540893555
0.999963045 0.006445866 -0.005683776 1.039398432 -0.006432937 0.999976695 0.002289806 -1.717407465 0.005698403 -0.002253159 0.999981225 64.084403992
0.999965549 0.005953539 -0.005784433 1.048080683 -0.005941013 0.999979913 0.002180445 -1.733242869 0.005797299 -0.002146005 0.999980867 64.607841492
0.999965310 0.006308430 -0.005441300 1.047684431 -0.006298242 0.999978304 0.001887550 -1.748140335 0.005453090 -0.001853213 0.999983370 65.145393372
0.999963403 0.006321725 -0.005763793 1.062636971 -0.006310135 0.999978065 0.002026665 -1.762231350 0.005776478 -0.001990221 0.999981344 65.672470093
0.999966919 0.005845081 -0.005657571 1.072086930 -0.005833937 0.999980986 0.001984170 -1.775169373 0.005669062 -0.001951099 0.999982059 66.216331482
0.999963999 0.006059201 -0.005932942 1.072140336 -0.006048520 0.999979973 0.001816130 -1.797610521 0.005943828 -0.001780179 0.999980748 66.776504517
0.999962270 0.006055569 -0.006235281 1.086538792 -0.006045554 0.999980450 0.001623861 -1.799113274 0.006244991 -0.001586104 0.999979198 67.342765808
0.999963820 0.005837998 -0.006181789 1.086499214 -0.005822405 0.999979854 0.002537330 -1.853049517 0.006196477 -0.002501246 0.999977589 67.847412109
0.999961674 0.006565926 -0.005786979 1.081197500 -0.006549544 0.999974489 0.002845293 -1.877643347 0.005805514 -0.002807281 0.999979138 68.385757446
0.999959528 0.006939178 -0.005716294 1.081188083 -0.006925893 0.999973297 0.002340492 -1.896874785 0.005732383 -0.002300807 0.999980867 68.927062988
0.999955297 0.007483638 -0.005778848 1.082372904 -0.007469978 0.999969244 0.002381609 -1.909645319 0.005796493 -0.002338334 0.999980450 69.459548950
0.999957502 0.007227171 -0.005721444 1.097810745 -0.007212041 0.999970436 0.002660651 -1.935570478 0.005740505 -0.002619274 0.999980092 69.986343384
0.999961019 0.007135318 -0.005214584 1.103499889 -0.007120581 0.999970615 0.002839234 -1.951309562 0.005234689 -0.002801992 0.999982417 70.535491943
0.999961197 0.006863121 -0.005517877 1.109567881 -0.006850101 0.999973714 0.002374792 -1.971545100 0.005534030 -0.002336902 0.999981880 71.088157654
0.999961674 0.006509788 -0.005849256 1.116497517 -0.006495925 0.999976039 0.002385979 -1.991788745 0.005864649 -0.002347891 0.999980032 71.632614136
0.999963582 0.006528962 -0.005494819 1.119363904 -0.006516119 0.999975979 0.002351935 -2.007552862 0.005510042 -0.002316045 0.999982119 72.166336060
0.999957442 0.007406597 -0.005498889 1.124045610 -0.007392394 0.999969304 0.002599053 -2.030126810 0.005517972 -0.002558292 0.999981523 72.714035034
0.999959409 0.007349160 -0.005207357 1.131396055 -0.007337215 0.999970376 0.002309380 -2.043686628 0.005224175 -0.002271078 0.999983728 73.252822876
0.999955058 0.008100327 -0.004908801 1.131675243 -0.008088432 0.999964237 0.002438137 -2.062625408 0.004928375 -0.002398323 0.999984980 73.805061340
0.999956369 0.007833936 -0.005072443 1.142891645 -0.007820624 0.999965906 0.002638976 -2.087926149 0.005092944 -0.002599191 0.999983609 74.351524353
0.999954760 0.008291136 -0.004668310 1.147552729 -0.008276590 0.999960840 0.003126539 -2.104215860 0.004694050 -0.003087760 0.999984145 74.885169983
0.999951541 0.008881952 -0.004242356 1.151004076 -0.008867736 0.999955058 0.003357855 -2.124769688 0.004271990 -0.003320072 0.999985337 75.431442261
0.999947727 0.009147235 -0.004550998 1.163182497 -0.009133685 0.999953926 0.002989021 -2.138229370 0.004578129 -0.002947298 0.999985158 75.976776123
0.999945998 0.009480539 -0.004255261 1.163916826 -0.009468589 0.999951184 0.002819998 -2.152657986 0.004281788 -0.002779554 0.999986947 76.510963440
0.999944329 0.009718915 -0.004090296 1.170120478 -0.009706697 0.999948382 0.002996334 -2.172061205 0.004119205 -0.002956464 0.999987125 77.060302734
0.999941409 0.010004714 -0.004134149 1.175849795 -0.009993254 0.999946117 0.002783725 -2.185152054 0.004161777 -0.002742248 0.999987602 77.593788147
0.999939203 0.010062275 -0.004493446 1.183727503 -0.010048737 0.999944925 0.003025005 -2.200991869 0.004523637 -0.002979669 0.999985278 78.120941162
0.999946058 0.009625208 -0.003898702 1.188759923 -0.009613109 0.999948978 0.003109736 -2.218345404 0.003928436 -0.003072090 0.999987543 78.651855469
0.999938786 0.010484584 -0.003524497 1.195428610 -0.010473769 0.999940395 0.003073046 -2.231058836 0.003556506 -0.003035943 0.999989092 79.184043884
0.999942064 0.010138571 -0.003621142 1.206688404 -0.010126852 0.999943435 0.003240870 -2.246064663 0.003653793 -0.003204011 0.999988198 79.735237122
0.999942899 0.010169592 -0.003265114 1.217180133 -0.010160311 0.999944270 0.002846434 -2.256861448 0.003293879 -0.002813097 0.999990642 80.279945374
0.999943674 0.010361221 -0.002312074 1.228902936 -0.010354617 0.999942243 0.002849796 -2.271283627 0.002341469 -0.002825694 0.999993205 80.827911377
0.999946237 0.010329729 -0.000908955 1.238913298 -0.010327240 0.999943018 0.002702747 -2.286388636 0.000936821 -0.002693214 0.999995947 81.367599487
0.999951839 0.009804879 -0.000279713 1.253147483 -0.009804275 0.999949753 0.002082001 -2.289624929 0.000300113 -0.002079158 0.999997795 81.927581787
0.999949455 0.009985361 0.001196360 1.265688777 -0.009987879 0.999947906 0.002118039 -2.303664207 -0.001175149 -0.002129881 0.999997020 82.478141785
0.999937654 0.010327859 0.004228801 1.290626287 -0.010336192 0.999944687 0.001953680 -2.312395096 -0.004208390 -0.001997268 0.999989152 83.057090759
0.999924064 0.009725361 0.007567095 1.315520525 -0.009741530 0.999950349 0.002102706 -2.319560528 -0.007546270 -0.002176262 0.999969184 83.622657776
0.999899983 0.009458008 0.010508316 1.341155887 -0.009473152 0.999954104 0.001392310 -2.331791639 -0.010494666 -0.001491717 0.999943793 84.163368225
0.999855638 0.009115471 0.014340121 1.372243166 -0.009135983 0.999957442 0.001365780 -2.345772505 -0.014327059 -0.001496594 0.999896228 84.726150513
0.999754310 0.008991765 0.020259850 1.411502123 -0.009013836 0.999958873 0.000998249 -2.350853920 -0.020250043 -0.001180623 0.999794245 85.285614014
0.999610424 0.009378003 0.026286568 1.446218133 -0.009400749 0.999955535 0.000741945 -2.361287594 -0.026278440 -0.000988770 0.999654174 85.848587036
0.999446929 0.008149534 0.032240015 1.482029676 -0.008183607 0.999966025 0.000925030 -2.376322508 -0.032231383 -0.001188358 0.999479711 86.400276184
0.999169827 0.007676691 0.040008791 1.525154471 -0.007680218 0.999970496 -0.000065527 -2.378422022 -0.040008105 -0.000241804 0.999199331 86.985740662
0.998849750 0.005349757 0.047650095 1.592891693 -0.005215855 0.999982238 -0.002933988 -2.359742165 -0.047664937 0.002682077 0.998859763 87.574760437
0.998451769 0.007106818 0.055167165 1.626698732 -0.007067667 0.999974549 -0.000904740 -2.404363632 -0.055172190 0.000513436 0.998476863 88.097091675
0.997900486 0.007382905 0.064343289 1.678240776 -0.007328643 0.999972582 -0.001079330 -2.418524742 -0.064349502 0.000605515 0.997927248 88.647796631
0.997214377 0.006882422 0.074270114 1.743846416 -0.006816425 0.999976218 -0.001142049 -2.440517664 -0.074276194 0.000632611 0.997237504 89.160064697
0.996512830 0.006728783 0.083167218 1.803340435 -0.006622192 0.999976873 -0.001557429 -2.446463823 -0.083175763 0.001001248 0.996534407 89.700828552
0.995871246 0.006257179 0.090560764 1.871918678 -0.006098717 0.999979377 -0.002026385 -2.456637144 -0.090571567 0.001465714 0.995888829 90.243469238
0.994919240 0.006408127 0.100471891 1.946307659 -0.006231310 0.999978423 -0.002073593 -2.476306677 -0.100483015 0.001436986 0.994937718 90.758651733
0.993816078 0.006282623 0.110860936 2.027515411 -0.006107090 0.999979615 -0.001922856 -2.496568441 -0.110870741 0.001233927 0.993834078 91.281974792
0.992754042 0.005120434 0.120054349 2.123673439 -0.004938224 0.999986172 -0.001815191 -2.517076492 -0.120061994 0.001209183 0.992765665 91.836013794
0.991306067 0.005283555 0.131469876 2.216097832 -0.005077505 0.999985278 -0.001902456 -2.533303261 -0.131477997 0.001218377 0.991318345 92.354110718
0.989590347 0.004628500 0.143838599 2.316536903 -0.004334210 0.999987781 -0.002359248 -2.544828176 -0.143847749 0.001711262 0.989598453 92.887802124
0.988012969 0.004019255 0.154318973 2.421597481 -0.003692984 0.999990344 -0.002400873 -2.559779644 -0.154327139 0.001802196 0.988018215 93.426109314
0.986270428 0.002526520 0.165118709 2.535588264 -0.001941791 0.999991238 -0.003702587 -2.558664799 -0.165126637 0.003331125 0.986266732 93.974967957
0.983869731 0.003919048 0.178842992 2.642348289 -0.003649151 0.999991715 -0.001838063 -2.607915163 -0.178848714 0.001155790 0.983875871 94.498886108
0.981666863 0.004377979 0.190554261 2.776579857 -0.003993475 0.999989152 -0.002401779 -2.609392166 -0.190562695 0.001596773 0.981673717 95.039642334
0.979552507 0.003823117 0.201152027 2.902194977 -0.003424914 0.999991417 -0.002327595 -2.627703905 -0.201159209 0.001591073 0.979557216 95.569519043
0.976802886 0.003631220 0.214109525 3.044967651 -0.003291178 0.999992728 -0.001944616 -2.649597645 -0.214115024 0.001194834 0.976807714 96.101692200
0.973738492 0.003094293 0.227648854 3.199655533 -0.002572009 0.999993324 -0.002590868 -2.651381493 -0.227655381 0.001937314 0.973739862 96.646934509
0.971111536 0.002047564 0.238616809 3.358345032 -0.001416654 0.999994993 -0.002815495 -2.659063578 -0.238621384 0.002396123 0.971109748 97.206153870
0.968420982 0.002192914 0.249310851 3.508466721 -0.001569175 0.999995112 -0.002700571 -2.691673994 -0.249315530 0.002224077 0.968419850 97.636322021
0.964990675 0.002409621 0.262273222 3.687574387 -0.001978095 0.999996245 -0.001909341 -2.713604212 -0.262276769 0.001323695 0.964991808 98.171974182
0.961397409 0.000959848 0.275161922 3.849185944 -0.000190955 0.999996006 -0.002821104 -2.724283934 -0.275163472 0.002659659 0.961393774 98.669448853
0.958028793 0.001079102 0.286669999 4.023984909 -0.000395111 0.999996960 -0.002443825 -2.745614767 -0.286671698 0.002227988 0.958026290 99.184761047
0.953806102 0.000221428 0.300423265 4.218200684 0.000629468 0.999996006 -0.002735531 -2.759282351 -0.300422698 0.002798273 0.953802049 99.692428589
0.949529886 -0.002239567 0.313668340 4.425128937 0.003695329 0.999984980 -0.004046607 -2.763517618 -0.313654542 0.005001483 0.949523985 100.204147339
0.945584059 -0.002042802 0.325371444 4.626686096 0.003765831 0.999981999 -0.004665884 -2.773530960 -0.325356036 0.005637279 0.945574880 100.725959778
0.940886974 0.000391046 0.338720530 4.821338654 0.000521506 0.999996483 -0.002603100 -2.809777260 -0.338720351 0.002625868 0.940883458 101.216674805
0.936033130 -0.000958126 0.351910472 5.044206619 0.002078955 0.999993980 -0.002807107 -2.827084541 -0.351905674 0.003359151 0.936029494 101.721450806
0.931016624 -0.000283979 0.364976674 5.269186020 0.001405498 0.999995112 -0.002807204 -2.836287975 -0.364974111 0.003126528 0.931012511 102.238883972
0.926272213 -0.002924197 0.376843691 5.481700897 0.004592572 0.999983251 -0.003528846 -2.861686707 -0.376827151 0.004999354 0.926270068 102.716392517
0.920305490 -0.002457200 0.391192704 5.719486237 0.003881994 0.999988496 -0.002851407 -2.873469830 -0.391181201 0.004142773 0.920304298 103.220489502
0.914860249 -0.003948888 0.403751343 5.983806610 0.005706574 0.999978781 -0.003150241 -2.892131329 -0.403730273 0.005186067 0.914863348 103.718688965
0.910058856 -0.003993005 0.414459795 6.230369568 0.005801698 0.999978364 -0.003105170 -2.907667160 -0.414438456 0.005230458 0.910062313 104.194488525
0.904300690 -0.004766057 0.426869512 6.474018097 0.006854966 0.999970853 -0.003357073 -2.931297541 -0.426841080 0.005961979 0.904307008 104.679641724
0.897693336 -0.004189796 0.440600783 6.735862732 0.006171123 0.999976218 -0.003064180 -2.948630571 -0.440577447 0.005469695 0.897697985 105.168914795
0.891845047 -0.005291204 0.452309877 7.011646271 0.007546232 0.999966443 -0.003181543 -2.971723080 -0.452277869 0.006250681 0.891855121 105.654342651
0.885887206 -0.005430650 0.463869035 7.290355682 0.007433586 0.999969304 -0.002489574 -2.984670401 -0.463841289 0.005653692 0.885900259 106.155822754
0.878814995 -0.005913090 0.477126032 7.596775055 0.007893758 0.999966562 -0.002146729 -3.011852741 -0.477097303 0.005652895 0.878832281 106.622116089
0.871773541 -0.006048849 0.489871830 7.880821228 0.008075352 0.999965370 -0.002023463 -3.028965473 -0.489842623 0.005719888 0.871792138 107.076583862
