1.000000000 0.000000000 0.000000000 0.000000000 0.000000000 1.000000000 0.000000000 0.000000000 0.000000000 0.000000000 1.000000000 0.000000000
0.999999940 -0.000091771 -0.000250053 0.005219050 0.000091811 1.000000000 0.000159926 -0.003768881 0.000250038 -0.000159949 0.999999940 -0.003373966
1.000000000 0.000048374 0.000007697 0.000608913 -0.000048375 1.000000000 0.000087314 -0.002830479 -0.000007693 -0.000087315 1.000000000 -0.003169710
1.000000000 -0.000115355 -0.000154217 0.006636686 0.000115384 1.000000000 0.000190715 -0.003270567 0.000154195 -0.000190732 0.999999940 -0.004462008
1.000000000 -0.000016679 -0.000048482 0.000839859 0.000016682 1.000000000 0.000057433 -0.000558722 0.000048481 -0.000057434 1.000000000 0.000120447
1.000000000 -0.000027796 0.000060485 -0.000660059 0.000027795 1.000000000 0.000014527 -0.001696906 -0.000060486 -0.000014525 1.000000000 -0.001540233
1.000000000 -0.000100097 -0.000146248 0.004985461 0.000100124 1.000000000 0.000183038 -0.003323927 0.000146230 -0.000183052 1.000000000 -0.007240102
1.000000000 -0.000131358 -0.000064880 -0.000383338 0.000131360 1.000000000 0.000045340 -0.000082716 0.000064875 -0.000045349 1.000000000 0.000426561
1.000000000 0.000012755 -0.000082670 0.002551029 -0.000012747 1.000000000 0.000093025 -0.003458996 0.000082672 -0.000093024 1.000000000 -0.009116432
1.000000000 0.000024400 0.000034701 0.000675310 -0.000024403 1.000000000 0.000100332 -0.002676480 -0.000034699 -0.000100332 1.000000000 -0.005675294
1.000000000 0.000110944 0.000086791 -0.001091703 -0.000110948 1.000000000 0.000049972 -0.001210574 -0.000086785 -0.000049982 1.000000000 -0.005086288
1.000000000 -0.000107015 -0.000024204 -0.000476888 0.000107017 1.000000000 0.000091316 -0.003860004 0.000024194 -0.000091319 1.000000000 -0.008610549
1.000000000 -0.000066457 -0.000006924 0.000308690 0.000066458 1.000000000 0.000061627 -0.001842603 0.000006920 -0.000061628 1.000000000 -0.006265057
1.000000000 -0.000068644 -0.000019646 0.000637915 0.000068646 1.000000000 0.000092871 -0.002045658 0.000019639 -0.000092873 1.000000000 -0.005946685
0.999999940 -0.000234239 -0.000085024 0.001253069 0.000234255 0.999999940 0.000191057 -0.002554463 0.000084979 -0.000191077 1.000000000 -0.008365921
0.999999940 -0.000252846 -0.000120575 -0.000738842 0.000252861 0.999999940 0.000127453 -0.002730180 0.000120543 -0.000127483 1.000000000 -0.009420905
1.000000000 -0.000167113 0.000025192 0.000005154 0.000167112 1.000000000 0.000052088 -0.001147580 -0.000025201 -0.000052083 1.000000000 -0.008012811
1.000000000 0.000051119 0.000002284 0.002017555 -0.000051119 1.000000000 0.000184440 -0.003742221 -0.000002275 -0.000184441 1.000000000 -0.011607276
1.000000000 -0.000231036 -0.000074431 0.001916692 0.000231047 0.999999940 0.000149314 -0.004768900 0.000074397 -0.000149331 1.000000000 -0.010244998
1.000000000 -0.000221705 -0.000048060 0.002402983 0.000221711 0.999999940 0.000129828 -0.005597634 0.000048032 -0.000129839 1.000000000 -0.012352522
1.000000000 -0.000056264 -0.000033323 0.002938916 0.000056272 0.999999940 0.000244829 -0.005767922 0.000033309 -0.000244831 0.999999940 -0.014028033
1.000000000 0.000031494 0.000051996 -0.000524364 -0.000031500 1.000000000 0.000115570 -0.001159550 -0.000051992 -0.000115572 1.000000000 -0.006916432
0.999999940 -0.000211727 -0.000154065 0.004708615 0.000211753 0.999999940 0.000168362 -0.003487715 0.000154030 -0.000168395 1.000000000 -0.012798424
1.000000000 -0.000203437 -0.000098846 0.003079677 0.000203463 0.999999940 0.000263543 -0.004588332 0.000098792 -0.000263563 0.999999940 -0.010454965
1.000000000 -0.000078322 -0.000137062 0.006055056 0.000078350 1.000000000 0.000205219 -0.003678256 0.000137046 -0.000205230 0.999999940 -0.015930194
1.000000000 -0.000082748 -0.000044656 0.000854317 0.000082757 1.000000000 0.000204291 -0.003216103 0.000044639 -0.000204295 1.000000000 -0.013727458
1.000000000 -0.000082548 -0.000013490 -0.001579964 0.000082551 1.000000000 0.000205541 -0.004855582 0.000013473 -0.000205543 1.000000000 -0.015354543
1.000000000 -0.000065911 -0.000000130 -0.001227704 0.000065911 1.000000000 0.000197033 -0.003492868 0.000000117 -0.000197033 1.000000000 -0.009578097
0.999999940 -0.000236006 -0.000150054 -0.000164357 0.000236027 0.999999940 0.000139748 0.000048926 0.000150021 -0.000139783 1.000000000 -0.007448763
1.000000000 -0.000116277 -0.000105108 0.001724284 0.000116299 1.000000000 0.000205654 -0.002767771 0.000105084 -0.000205666 1.000000000 -0.009627929
1.000000000 -0.000141231 0.000026603 -0.001301697 0.000141227 1.000000000 0.000128845 -0.001662067 -0.000026621 -0.000128841 1.000000000 -0.003042674
0.999999940 -0.000237716 -0.000105268 -0.001562544 0.000237740 0.999999940 0.000235874 -0.003005890 0.000105212 -0.000235899 0.999999940 -0.009703802
0.999999940 -0.000195450 -0.000153631 0.002151442 0.000195491 0.999999940 0.000266901 -0.003891624 0.000153579 -0.000266931 0.999999940 -0.014376896
1.000000000 0.000003256 -0.000077963 -0.000416250 -0.000003250 1.000000000 0.000088094 -0.001017081 0.000077964 -0.000088094 1.000000000 -0.006062172
1.000000000 -0.000113752 -0.000111728 -0.000784523 0.000113760 1.000000000 0.000075752 -0.000606834 0.000111720 -0.000075764 1.000000000 -0.006573154
1.000000000 -0.000181649 -0.000068077 -0.001739984 0.000181648 1.000000000 -0.000023569 0.000502535 0.000068081 0.000023556 1.000000000 -0.010819657
0.999999940 -0.000291705 -0.000230334 0.004702361 0.000291728 0.999999940 0.000096769 -0.001330662 0.000230306 -0.000096836 0.999999940 -0.012102750
1.000000000 -0.000206532 -0.000040133 0.000500429 0.000206533 1.000000000 0.000028303 0.000300008 0.000040128 -0.000028311 1.000000000 -0.007916971
1.000000000 -0.000024830 -0.000064358 -0.000453745 0.000024848 0.999999940 0.000281273 -0.002624272 0.000064351 -0.000281274 0.999999940 -0.012222792
0.999999940 -0.000238964 -0.000252467 0.004926604 0.000239006 0.999999940 0.000165150 -0.006042503 0.000252428 -0.000165210 0.999999940 -0.006926764
1.000000000 -0.000058442 -0.000178486 0.008501960 0.000058366 0.999999881 -0.000424695 -0.008922603 0.000178511 0.000424685 0.999999881 0.041528691
1.000000000 -0.000024137 -0.000184562 0.008121025 0.000023900 0.999999166 -0.001279509 -0.003565209 0.000184592 0.001279505 0.999999166 0.143852949
1.000000000 -0.000034060 -0.000030951 0.004504001 0.000034016 0.999998987 -0.001402919 -0.010344258 0.000030998 0.001402918 0.999998987 0.263913542
0.999999940 -0.000293179 0.000213722 0.001692120 0.000293431 0.999999285 -0.001177183 -0.016983800 -0.000213377 0.001177246 0.999999285 0.384630591
1.000000000 0.000134015 -0.000015322 0.005766308 -0.000134032 0.999999344 -0.001123350 -0.021740753 0.000015172 0.001123352 0.999999344 0.534378588
1.000000000 0.000086462 0.000035433 0.016251016 -0.000086422 0.999999344 -0.001149441 -0.026727485 -0.000035533 0.001149438 0.999999344 0.681242704
1.000000000 0.000061564 0.000182891 0.031285189 -0.000061438 0.999999762 -0.000687971 -0.039677832 -0.000182933 0.000687960 0.999999762 0.857122838
1.000000000 -0.000074980 0.000129772 0.024187390 0.000075055 0.999999821 -0.000579253 -0.038161177 -0.000129729 0.000579262 0.999999821 1.022663355
0.999999821 0.000191844 0.000598888 0.009463508 -0.000191447 0.999999762 -0.000662991 -0.039190952 -0.000599015 0.000662876 0.999999583 1.193897605
0.999999940 0.000107261 0.000310851 0.031823073 -0.000107135 0.999999940 -0.000406893 -0.054041360 -0.000310894 0.000406859 0.999999881 1.417931676
0.999999881 0.000186692 0.000461466 0.025737433 -0.000186388 0.999999762 -0.000658119 -0.055862799 -0.000461589 0.000658033 0.999999702 1.618546009
0.999999642 0.000481476 0.000734765 0.024641369 -0.000481457 0.999999881 -0.000026044 -0.069058873 -0.000734778 0.000025690 0.999999702 1.784849167
0.999994993 0.000212655 0.003163465 -0.016820522 -0.000216367 0.999999285 0.001172922 -0.080818757 -0.003163214 -0.001173600 0.999994278 1.854955435
0.999994278 0.000340225 0.003388760 -0.010269104 -0.000344008 0.999999344 0.001115980 -0.087747410 -0.003388379 -0.001117139 0.999993622 2.075717926
0.999992311 0.001239986 0.003721260 -0.012816460 -0.001244295 0.999998569 0.001155857 -0.088620670 -0.003719822 -0.001160478 0.999992430 2.289520741
0.999996424 -0.000055639 0.002681526 0.000269521 0.000051725 0.999998927 0.001459618 -0.106256649 -0.002681605 -0.001459474 0.999995351 2.552193880
0.999995947 0.000087395 0.002848287 0.005544927 -0.000092243 0.999998510 0.001702000 -0.110673085 -0.002848134 -0.001702255 0.999994516 2.784896612
0.999995768 0.000326243 0.002904405 0.010527409 -0.000330500 0.999998868 0.001465313 -0.113169014 -0.002903924 -0.001466266 0.999994695 3.025582790
0.999995708 -0.000142199 0.002935208 0.009400643 0.000137810 0.999998808 0.001495692 -0.119464658 -0.002935417 -0.001495280 0.999994636 3.262797832
0.999998391 -0.001336524 0.001306144 0.038828127 0.001333836 0.999996960 0.002056957 -0.140211597 -0.001308890 -0.002055211 0.999997020 3.522060633
0.999998808 -0.000968529 0.001227037 0.046205126 0.000966076 0.999997556 0.001998912 -0.142997354 -0.001228971 -0.001997724 0.999997258 3.775235653
0.999997973 -0.001696092 0.001098151 0.056638245 0.001693628 0.999996126 0.002241400 -0.153863713 -0.001101949 -0.002239536 0.999996901 4.049316406
0.999998569 -0.000413278 0.001608169 0.048389107 0.000409286 0.999996841 0.002481422 -0.161433414 -0.001609189 -0.002480761 0.999995649 4.301969528
0.999995053 -0.003182966 0.000067896 0.069347665 0.003182741 0.999990106 0.003104037 -0.186195552 -0.000077775 -0.003103806 0.999995172 4.574619293
0.999995291 -0.003047376 0.000409426 0.073597021 0.003045935 0.999989331 0.003476073 -0.195599064 -0.000420014 -0.003474810 0.999993861 4.835058212
0.999995410 -0.002940763 0.000713442 0.067392036 0.002938657 0.999991417 0.002935521 -0.193341345 -0.000722069 -0.002933411 0.999995410 5.082498074
0.999995112 -0.003060992 0.000583388 0.072124489 0.003059036 0.999989867 0.003325106 -0.206721410 -0.000593561 -0.003323306 0.999994278 5.372864246
0.999996662 -0.002254314 0.001280674 0.061082143 0.002250012 0.999991834 0.003351337 -0.233390689 -0.001288218 -0.003348445 0.999993563 5.652636051
0.999997258 -0.001858286 0.001462844 0.067289099 0.001853317 0.999992549 0.003391156 -0.241454139 -0.001469135 -0.003388435 0.999993205 5.920442104
0.999997258 -0.001497540 0.001859663 0.068078876 0.001491382 0.999993443 0.003308244 -0.248754650 -0.001864605 -0.003305461 0.999992788 6.202232361
0.999996305 -0.001974385 0.001873116 0.075671270 0.001968310 0.999992847 0.003239378 -0.259600103 -0.001879498 -0.003235680 0.999992967 6.473539829
0.999996245 -0.002145791 0.001683653 0.084199101 0.002139929 0.999991655 0.003475765 -0.273124248 -0.001691097 -0.003472149 0.999992490 6.771103859
0.999994934 -0.003073897 0.000859550 0.099874303 0.003070928 0.999989390 0.003433558 -0.283607870 -0.000870095 -0.003430901 0.999993682 7.102020264
0.999995112 -0.003023040 0.000762798 0.112315126 0.003020281 0.999989033 0.003592102 -0.298638225 -0.000773648 -0.003589781 0.999993205 7.404891014
0.999994755 -0.003155282 0.000782722 0.119734265 0.003152343 0.999988139 0.003727582 -0.311601311 -0.000794475 -0.003725095 0.999992728 7.723081112
0.999995530 -0.002897785 0.000727587 0.134604469 0.002894684 0.999986887 0.004227134 -0.317702115 -0.000739827 -0.004225009 0.999990761 8.038239479
0.999995530 -0.002802585 0.001075313 0.121903598 0.002798238 0.999988019 0.004023334 -0.311034679 -0.001086576 -0.004020307 0.999991357 8.345783234
0.999991596 -0.004023543 0.000823358 0.117631450 0.004019573 0.999980509 0.004768039 -0.348764569 -0.000842526 -0.004764690 0.999988258 8.712756157
0.999989450 -0.004572495 0.000687261 0.122876167 0.004569216 0.999978483 0.004699274 -0.354180425 -0.000708734 -0.004696084 0.999988735 9.046446800
0.999991238 -0.004099830 0.000926707 0.134833515 0.004095057 0.999978662 0.005094205 -0.368605286 -0.000947572 -0.005090365 0.999986589 9.373992920
0.999990761 -0.004198416 0.000939191 0.141824067 0.004193613 0.999978364 0.005058581 -0.377913207 -0.000960409 -0.005054596 0.999986768 9.733572006
0.999992311 -0.003826489 0.000880023 0.153493971 0.003821906 0.999979377 0.005152454 -0.379871100 -0.000899721 -0.005149052 0.999986351 10.069333076
0.999991059 -0.004187156 0.000668180 0.167606860 0.004183269 0.999974906 0.005715033 -0.393773884 -0.000692093 -0.005712186 0.999983430 10.398881912
0.999990702 -0.004289586 0.000463663 0.152525425 0.004286951 0.999975443 0.005540181 -0.419770420 -0.000487417 -0.005538142 0.999984562 10.856310844
0.999987245 -0.005027676 0.000438692 0.159285411 0.005025267 0.999973118 0.005330825 -0.424454600 -0.000465482 -0.005328552 0.999985754 11.236991882
0.999990404 -0.004390142 0.000252591 0.161507219 0.004388754 0.999976575 0.005254245 -0.433839887 -0.000275652 -0.005253086 0.999986112 11.629645348
0.999985099 -0.005438436 0.000472391 0.170746490 0.005435954 0.999972165 0.005105210 -0.438640535 -0.000500142 -0.005102566 0.999986827 12.034087181
0.999989510 -0.004572019 0.000502161 0.190776929 0.004568974 0.999972165 0.005904145 -0.447926015 -0.000529141 -0.005901788 0.999982417 12.399689674
0.999991357 -0.004120939 0.000530806 0.195418805 0.004117611 0.999972701 0.006125076 -0.487624615 -0.000556033 -0.006122837 0.999981105 12.754179955
0.999988556 -0.004759873 0.000380551 0.206271917 0.004757388 0.999968946 0.006281924 -0.496157467 -0.000410440 -0.006280042 0.999980152 13.147029877
0.999990523 -0.004316871 -0.000083249 0.226487458 0.004317304 0.999971449 0.006201169 -0.504364729 0.000056477 -0.006201471 0.999980807 13.561419487
0.999992490 -0.003816896 0.000640214 0.234182552 0.003812614 0.999971151 0.006559736 -0.514386714 -0.000665233 -0.006557246 0.999978244 13.993793488
0.999990046 -0.004379523 0.000698733 0.239068598 0.004374554 0.999966204 0.006959917 -0.530798912 -0.000729191 -0.006956793 0.999975562 14.426073074
0.999990106 -0.004245742 0.001317129 0.241056681 0.004235991 0.999964237 0.007319945 -0.576147139 -0.001348160 -0.007314294 0.999972343 14.850665092
0.999989927 -0.004171935 0.001629634 0.249853447 0.004159243 0.999961555 0.007715712 -0.587978244 -0.001661761 -0.007708856 0.999968886 15.270648956
0.999985635 -0.005226293 0.001181673 0.266906917 0.005216832 0.999955416 0.007872148 -0.600159943 -0.001222762 -0.007865871 0.999968350 15.681116104
0.999990404 -0.003362595 0.002808729 0.269959331 0.003339195 0.999960065 0.008294602 -0.618140757 -0.002836508 -0.008285143 0.999961674 16.151401520
0.999990106 -0.003368064 0.002896587 0.255731791 0.003343323 0.999958217 0.008504454 -0.637214303 -0.002925110 -0.008494686 0.999959648 16.610412598
0.999987006 -0.004176613 0.002911378 0.277681291 0.004151348 0.999954164 0.008630863 -0.650477946 -0.002947291 -0.008618666 0.999958515 17.119625092
0.999982715 -0.005310967 0.002520735 0.301987022 0.005290272 0.999952734 0.008146885 -0.672392547 -0.002563884 -0.008133408 0.999963641 17.454553604
0.999981344 -0.005653827 0.002319803 0.315962881 0.005634437 0.999949813 0.008281473 -0.682477176 -0.002366509 -0.008268247 0.999963045 17.912374496
0.999984086 -0.004719725 0.003085454 0.317734838 0.004691997 0.999949098 0.008932793 -0.692576468 -0.003127458 -0.008918175 0.999955356 18.397621155
0.999981523 -0.004965915 0.003510807 0.335649818 0.004934109 0.999947250 0.009011027 -0.701536655 -0.003555370 -0.008993539 0.999953210 18.851814270
0.999982357 -0.005235918 0.002794277 0.357436180 0.005209799 0.999943435 0.009274187 -0.719566822 -0.002842678 -0.009259464 0.999953032 19.309772491
0.999979675 -0.005549507 0.003147911 0.368009180 0.005520082 0.999941707 0.009280184 -0.721923113 -0.003199228 -0.009262618 0.999952018 19.834941864
0.999983490 -0.004792328 0.003176172 0.373229831 0.004761197 0.999941170 0.009737735 -0.764973700 -0.003222652 -0.009722451 0.999947488 20.306844711
0.999980688 -0.005264569 0.003315283 0.375047803 0.005232762 0.999940813 0.009530804 -0.773026705 -0.003365263 -0.009513272 0.999949038 20.809434891
0.999983609 -0.004233127 0.003866088 0.376402438 0.004193652 0.999939561 0.010162009 -0.790155172 -0.003908871 -0.010145629 0.999940932 21.321805954
0.999986589 -0.004471885 0.002633936 0.399521023 0.004444831 0.999938250 0.010188993 -0.815101564 -0.002679338 -0.010177148 0.999944627 21.850212097
0.999983430 -0.005274855 0.002303485 0.393922001 0.005251190 0.999934554 0.010161697 -0.818718195 -0.002356936 -0.010149432 0.999945700 22.342792511
0.999988496 -0.004454311 0.001785582 0.449479640 0.004434578 0.999930620 0.010907009 -0.850730598 -0.001834042 -0.010898966 0.999938846 22.843687057
0.999979079 -0.006324537 0.001293736 0.414217412 0.006310041 0.999920487 0.010917094 -0.855424583 -0.001362678 -0.010908702 0.999939561 23.259876251
0.999984086 -0.005576748 0.000750210 0.422879159 0.005568153 0.999923944 0.011008583 -0.869514108 -0.000811545 -0.011004233 0.999939144 23.796751022
0.999980927 -0.006171252 0.000109059 0.428672671 0.006169777 0.999926507 0.010436612 -0.878147960 -0.000173458 -0.010435740 0.999945521 24.344938278
0.999992847 -0.003790040 -0.000076974 0.428087741 0.003790677 0.999926031 0.011551858 -0.892169118 0.000033187 -0.011552067 0.999933243 24.910596848
0.999983668 -0.005580451 -0.001251057 0.455439240 0.005594412 0.999918759 0.011448132 -0.908325553 0.001187070 -0.011454943 0.999933660 25.351881027
0.999979496 -0.006202956 -0.001623988 0.459634811 0.006221588 0.999911845 0.011731198 -0.915262938 0.001551077 -0.011741062 0.999929845 25.895248413
0.999973714 -0.006930252 -0.002150443 0.471191764 0.006955070 0.999906719 0.011756843 -0.924913108 0.002068765 -0.011771490 0.999928594 26.421257019
0.999972761 -0.006852121 -0.002725069 0.504926801 0.006885666 0.999898255 0.012497338 -0.923844934 0.002639159 -0.012515763 0.999918222 26.976316452
0.999967515 -0.007323205 -0.003351213 0.482769012 0.007365273 0.999891996 0.012717935 -0.971717119 0.003257715 -0.012742207 0.999913514 27.512815475
0.999971032 -0.006808117 -0.003396229 0.490495265 0.006852125 0.999890447 0.013119227 -0.988752544 0.003306539 -0.013142120 0.999908209 28.066492081
0.999976754 -0.005985876 -0.003288260 0.498538792 0.006028271 0.999896824 0.013037841 -0.985374987 0.003209878 -0.013057359 0.999909580 28.629119873
0.999965250 -0.007175250 -0.004253583 0.518436253 0.007230881 0.999886453 0.013210657 -0.999430895 0.004158312 -0.013240955 0.999903679 29.163400650
0.999969602 -0.006541789 -0.004254340 0.526486516 0.006599538 0.999884248 0.013704729 -1.005446076 0.004164194 -0.013732387 0.999897063 29.730485916
0.999956787 -0.007398458 -0.005630204 0.548850656 0.007473127 0.999882817 0.013358816 -1.016522884 0.005530711 -0.013400313 0.999894917 30.168483734
0.999955952 -0.007280440 -0.005922353 0.564322352 0.007358729 0.999884367 0.013306724 -1.032360792 0.005824790 -0.013349719 0.999893904 30.703683853
0.999949038 -0.007734955 -0.006490969 0.570916116 0.007820640 0.999881148 0.013280634 -1.041956902 0.006387474 -0.013330719 0.999890685 31.273338318
0.999944031 -0.008133915 -0.006758823 0.593143702 0.008231437 0.999860585 0.014528658 -1.085229874 0.006639704 -0.014583481 0.999871612 31.754089355
0.999944270 -0.007870106 -0.007043419 0.601146340 0.007970739 0.999864936 0.014375328 -1.092753887 0.006929333 -0.014430666 0.999871850 32.287200928
0.999938488 -0.008389478 -0.007245297 0.605963826 0.008491076 0.999864459 0.014107730 -1.092419624 0.007125958 -0.014168384 0.999874234 32.801975250
0.999951780 -0.007113156 -0.006771750 0.583779812 0.007213122 0.999863684 0.014854201 -1.125069976 0.006665167 -0.014902331 0.999866724 33.300510406
0.999933183 -0.008702070 -0.007618844 0.597226918 0.008816852 0.999846101 0.015163848 -1.122498989 0.007485715 -0.015230007 0.999855995 33.930580139
0.999939740 -0.007871133 -0.007649096 0.594583392 0.007988570 0.999848783 0.015445734 -1.146947384 0.007526364 -0.015505909 0.999851465 34.415042877
0.999935567 -0.008351589 -0.007688026 0.590209723 0.008473489 0.999836683 0.015962353 -1.159295559 0.007553459 -0.016026471 0.999843061 34.924640656
0.999928474 -0.008330530 -0.008573530 0.609114289 0.008469113 0.999831975 0.016256813 -1.174925327 0.008436662 -0.016328260 0.999831080 35.463520050
0.999930918 -0.008071960 -0.008531868 0.606893539 0.008213067 0.999827862 0.016635291 -1.200736761 0.008396119 -0.016704217 0.999825239 36.022949219
0.999941289 -0.007797719 -0.007525182 0.561345637 0.007916072 0.999843419 0.015828008 -1.199165583 0.007400581 -0.015886651 0.999846339 36.552551270
0.999934852 -0.008197171 -0.007953022 0.566217840 0.008323841 0.999836981 0.016027041 -1.210849762 0.007820348 -0.016092196 0.999839902 37.111301422
0.999932647 -0.008664452 -0.007721135 0.560450315 0.008792752 0.999821186 0.016740600 -1.227923036 0.007574708 -0.016807362 0.999830067 37.624195099
0.999926031 -0.008832809 -0.008365523 0.573803425 0.008972534 0.999818385 0.016814871 -1.242290258 0.008215482 -0.016888689 0.999823570 38.169185638
0.999909341 -0.010631533 -0.008267347 0.572086692 0.010773513 0.999791861 0.017322859 -1.259732366 0.008081458 -0.017410357 0.999815762 38.700267792
0.999908447 -0.010824833 -0.008123519 0.552340031 0.010974498 0.999766529 0.018610884 -1.292654276 0.007920163 -0.018698333 0.999793768 39.209442139
0.999908090 -0.010027805 -0.009121009 0.601427674 0.010191769 0.999783993 0.018111292 -1.296771288 0.008937424 -0.018202584 0.999794364 39.747081757
0.999920964 -0.009562321 -0.008163344 0.591202617 0.009706783 0.999793589 0.017843986 -1.309655905 0.007991030 -0.017921817 0.999807477 40.266468048
0.999910116 -0.010240829 -0.008654967 0.593158960 0.010401119 0.999771416 0.018682688 -1.333694339 0.008461661 -0.018771026 0.999788046 40.868984222
0.999914527 -0.009512155 -0.008973075 0.609889388 0.009663376 0.999809444 0.016962456 -1.297724962 0.008810018 -0.017047716 0.999815822 41.428153992
0.999902070 -0.010365549 -0.009406216 0.604653597 0.010536938 0.999776006 0.018357940 -1.324861526 0.009213819 -0.018455252 0.999787271 41.960769653
0.999887049 -0.010967139 -0.010278856 0.628947020 0.011162124 0.999755144 0.019108126 -1.355692863 0.010066777 -0.019220702 0.999764621 42.570384979
0.999885142 -0.011451222 -0.009934327 0.610352278 0.011643155 0.999742389 0.019482287 -1.351439953 0.009708674 -0.019595718 0.999760866 43.141242981
0.999891341 -0.011086152 -0.009713740 0.608468950 0.011277574 0.999738812 0.019878514 -1.388606071 0.009490825 -0.019985903 0.999755204 43.546016693
0.999883115 -0.011832829 -0.009679392 0.607456505 0.012032840 0.999709725 0.020873517 -1.405581713 0.009429589 -0.020987552 0.999735236 44.087455750
0.999875784 -0.012184153 -0.009992533 0.622234881 0.012383319 0.999720991 0.020118108 -1.397590637 0.009744622 -0.020239351 0.999747753 44.636604309
0.999885082 -0.011546983 -0.009823857 0.633551598 0.011741694 0.999731064 0.019999003 -1.392483354 0.009590287 -0.020112058 0.999751747 45.164218903
0.999870360 -0.012503596 -0.010142631 0.648839474 0.012721293 0.999683797 0.021690816 -1.423566341 0.009868209 -0.021817034 0.999713302 45.646362305
0.999881446 -0.011966814 -0.009688844 0.627332866 0.012164251 0.999714196 0.020581864 -1.444570303 0.009439775 -0.020697284 0.999741137 46.224788666
0.999890924 -0.011305092 -0.009503360 0.624278247 0.011494984 0.999730587 0.020170296 -1.446209669 0.009272772 -0.020277338 0.999751389 46.779399872
0.999881506 -0.011840486 -0.009832216 0.631317973 0.012037095 0.999723911 0.020184202 -1.444062829 0.009590509 -0.020300161 0.999747872 47.328098297
0.999881387 -0.012074146 -0.009558439 0.631029844 0.012262913 0.999725878 0.019942805 -1.450067163 0.009315025 -0.020057656 0.999755442 47.870517731
0.999882638 -0.012096005 -0.009390946 0.645120978 0.012290740 0.999704719 0.020963402 -1.464404225 0.009134598 -0.021076364 0.999736130 48.373279572
0.999878883 -0.012292452 -0.009547056 0.667134166 0.012493958 0.999694169 0.021341568 -1.474362493 0.009281796 -0.021458264 0.999726653 48.942417145
0.999876797 -0.012514056 -0.009476759 0.654072702 0.012716127 0.999686420 0.021571547 -1.493058920 0.009203841 -0.021689396 0.999722362 49.357631683
0.999862134 -0.012918128 -0.010435835 0.665589869 0.013134075 0.999695301 0.020896317 -1.493185639 0.010162715 -0.021030499 0.999727130 49.898937225
0.999890566 -0.011635968 -0.009134185 0.645678103 0.011828966 0.999701738 0.021367803 -1.500526071 0.008882826 -0.021473516 0.999729931 50.450557709
0.999881864 -0.012222682 -0.009328721 0.661926627 0.012426574 0.999678135 0.022120811 -1.505844712 0.009055343 -0.022234121 0.999711692 51.000740051
0.999881506 -0.012213308 -0.009374886 0.666308999 0.012421034 0.999671280 0.022428866 -1.506820321 0.009097874 -0.022542654 0.999704480 51.525112152
0.999858558 -0.013452464 -0.010086776 0.648975849 0.013681891 0.999641120 0.023032309 -1.560800314 0.009773316 -0.023167061 0.999683857 51.938282013
0.999845684 -0.014263167 -0.010242342 0.661992371 0.014495142 0.999631643 0.022943409 -1.555484772 0.009911327 -0.023088338 0.999684274 52.483844757
0.999860704 -0.013543367 -0.009747349 0.640972316 0.013767201 0.999634385 0.023275010 -1.569022417 0.009428562 -0.023405965 0.999681592 53.041683197
0.999855936 -0.013853688 -0.009807949 0.645728588 0.014082971 0.999619782 0.023707651 -1.589133143 0.009475782 -0.023842363 0.999670804 53.578960419
0.999839723 -0.014384516 -0.010660701 0.695144176 0.014631648 0.999617279 0.023477996 -1.583747268 0.010318902 -0.023630219 0.999667525 54.072769165
0.999841511 -0.014121007 -0.010838501 0.703217566 0.014373536 0.999618411 0.023586212 -1.586808920 0.010501304 -0.023738261 0.999663055 54.633548737
0.999833345 -0.014465094 -0.011133663 0.710087001 0.014714506 0.999635041 0.022655617 -1.578740954 0.010801883 -0.022815669 0.999681294 55.186744690
0.999815047 -0.015058966 -0.011957659 0.752477229 0.015333256 0.999613523 0.023187958 -1.578365564 0.011603851 -0.023367021 0.999659538 55.732578278
0.999832630 -0.014657861 -0.010946074 0.790699303 0.014901009 0.999636352 0.022472385 -1.577641249 0.010612697 -0.022631731 0.999687493 56.220569611
0.999848425 -0.013808290 -0.010603178 0.742319942 0.014060933 0.999609768 0.024134185 -1.623868346 0.010265790 -0.024279615 0.999652505 56.691684723
0.999857187 -0.013090632 -0.010691906 0.748958528 0.013343610 0.999624193 0.023942279 -1.628686070 0.010374470 -0.024081524 0.999656200 57.259601593
0.999842644 -0.013988501 -0.010910495 0.764846325 0.014240078 0.999626219 0.023331648 -1.618418217 0.010580043 -0.023483342 0.999668300 57.827327728
0.999841034 -0.014013847 -0.011031419 0.767028987 0.014267371 0.999627888 0.023248922 -1.619752884 0.010701506 -0.023402613 0.999668896 58.419742584
0.999811053 -0.015509430 -0.011714098 0.795990467 0.015769726 0.999623239 0.022465158 -1.596631765 0.011361262 -0.022645639 0.999678969 58.940845490
0.999831080 -0.014901324 -0.010758649 0.729690850 0.015156320 0.999596477 0.024022253 -1.649206758 0.010396345 -0.024181256 0.999653518 59.359542847
0.999835134 -0.014637864 -0.010742882 0.734457552 0.014889128 0.999608338 0.023693820 -1.644984126 0.010391848 -0.023849867 0.999661505 59.926715851
0.999823928 -0.015292848 -0.010872141 0.737930775 0.015546891 0.999598682 0.023678923 -1.653020620 0.010505660 -0.023843780 0.999660492 60.446926117
0.999819577 -0.015256991 -0.011313928 0.788650513 0.015526535 0.999588192 0.024131680 -1.662653685 0.010941092 -0.024302995 0.999644816 60.919479370
0.999792874 -0.016679095 -0.011663671 0.742580891 0.016951805 0.999575734 0.023686696 -1.650606036 0.011263648 -0.023879509 0.999651432 61.553905487
0.999807656 -0.016039805 -0.011285360 0.728005409 0.016304951 0.999583602 0.023808606 -1.670749426 0.010898774 -0.023988033 0.999652803 62.079917908
0.999818742 -0.015327284 -0.011294355 0.765488088 0.015600590 0.999577701 0.024521349 -1.661159754 0.010913738 -0.024693102 0.999635518 62.555007935
0.999814332 -0.015877258 -0.010918420 0.768644691 0.016135313 0.999582589 0.023967540 -1.665724635 0.010533322 -0.024139263 0.999653101 63.097328186
0.999822497 -0.015518590 -0.010681835 0.754830003 0.015776683 0.999574959 0.024517376 -1.689486980 0.010296818 -0.024681550 0.999642432 63.646137238
0.999821246 -0.015528614 -0.010781900 0.759710371 0.015788719 0.999575794 0.024473473 -1.693643808 0.010397286 -0.024639335 0.999642372 64.181098938
0.999824047 -0.015150229 -0.011063374 0.790293694 0.015413645 0.999590158 0.024126049 -1.675226331 0.010693322 -0.024292329 0.999647737 64.744850159
0.999814808 -0.015630897 -0.011226229 0.812212110 0.015898464 0.999581933 0.024154168 -1.644585490 0.010843983 -0.024328174 0.999645293 65.240112305
0.999791503 -0.016973311 -0.011351923 0.768500507 0.017253017 0.999538243 0.025013277 -1.697689533 0.010922122 -0.025203917 0.999622643 65.703865051
0.999787986 -0.017111463 -0.011454509 0.772557199 0.017389007 0.999546528 0.024585379 -1.698893070 0.011028622 -0.024779351 0.999632120 66.258895874
0.999816537 -0.015794046 -0.010840307 0.768892646 0.016057303 0.999567389 0.024643391 -1.703026295 0.010446399 -0.024812941 0.999637544 66.797859192
0.999805629 -0.016196491 -0.011244416 0.772864580 0.016471166 0.999557197 0.024780435 -1.716614008 0.010838082 -0.024960829 0.999629676 67.333488464
0.999770522 -0.017870542 -0.011807361 0.801691830 0.018158861 0.999527991 0.024780249 -1.696717381 0.011358950 -0.024988975 0.999623179 67.887184143
0.999809980 -0.016069172 -0.011033106 0.764313042 0.016350938 0.999529719 0.025941530 -1.740811348 0.010611057 -0.026117004 0.999602497 68.330635071
0.999828458 -0.015072595 -0.010763387 0.777020514 0.015339568 0.999565601 0.025167687 -1.737611055 0.010379368 -0.025328478 0.999625266 68.866065979
0.999830186 -0.015063391 -0.010618127 0.789063752 0.015325111 0.999569654 0.025013717 -1.743733883 0.010236766 -0.025172193 0.999630690 69.396583557
0.999812186 -0.015895223 -0.011089562 0.829556763 0.016168132 0.999557495 0.024969943 -1.725601435 0.010687754 -0.025144553 0.999626696 69.878013611
0.999815702 -0.015851486 -0.010834175 0.794787169 0.016120685 0.999551713 0.025228508 -1.738560915 0.010429409 -0.025398513 0.999622941 70.453651428
0.999791026 -0.017123064 -0.011166267 0.778690636 0.017410075 0.999506831 0.026133800 -1.756064653 0.010713270 -0.026322741 0.999596059 70.926383972
0.999794781 -0.017018558 -0.010989498 0.783963799 0.017300759 0.999509215 0.026116243 -1.763553381 0.010539643 -0.026301006 0.999598503 71.471839905
0.999773860 -0.017748175 -0.011712084 0.798828840 0.018046584 0.999502003 0.025884882 -1.756424308 0.011246840 -0.026090393 0.999596298 72.042388916
0.999762833 -0.018621940 -0.011296115 0.794788599 0.018905558 0.999494970 0.025543137 -1.746078610 0.010814748 -0.025750637 0.999609888 72.613113403
0.999784589 -0.017584180 -0.011027777 0.816239834 0.017860990 0.999514580 0.025525944 -1.747840405 0.010573572 -0.025717409 0.999613285 73.192138672
0.999784052 -0.017765604 -0.010794166 0.793169558 0.018039122 0.999504507 0.025793970 -1.745778561 0.010330572 -0.025983110 0.999608994 73.571113586
0.999795675 -0.017190797 -0.010628045 0.796147346 0.017454678 0.999528587 0.025255801 -1.743362546 0.010188865 -0.025436150 0.999624550 74.119544983
0.999798119 -0.016815843 -0.010991644 0.779557765 0.017091945 0.999527991 0.025527440 -1.741862655 0.010557187 -0.025710158 0.999613702 74.655364990
0.999798238 -0.017126340 -0.010495726 0.771828651 0.017387390 0.999528527 0.025307262 -1.734824777 0.010057353 -0.025484649 0.999624670 75.213829041
0.999804616 -0.016774215 -0.010451227 0.813890040 0.017034246 0.999534547 0.025309220 -1.755047202 0.010021819 -0.025482306 0.999625027 75.701896667
0.999765217 -0.018332342 -0.011544086 0.841580987 0.018623773 0.999497116 0.025665144 -1.768231630 0.011067775 -0.025874119 0.999603927 76.209007263
0.999768972 -0.017943397 -0.011827611 0.845463097 0.018245319 0.999497175 0.025933336 -1.763743043 0.011356329 -0.026143147 0.999593675 76.770790100
0.999763310 -0.018373437 -0.011646727 0.829247296 0.018655330 0.999523878 0.024575630 -1.747375131 0.011189643 -0.024787089 0.999630094 77.358787537
0.999745131 -0.019208750 -0.011859111 0.873337984 0.019503092 0.999491632 0.025224203 -1.743293643 0.011368552 -0.025449065 0.999611497 77.833465576
0.999776602 -0.018012248 -0.011056361 0.800927818 0.018286163 0.999515355 0.025194762 -1.728576303 0.010597188 -0.025391316 0.999621391 78.496917725
0.999775350 -0.018132921 -0.010969671 0.803725123 0.018405955 0.999509871 0.025323570 -1.750000954 0.010505104 -0.025519785 0.999619067 78.939712524
0.999794364 -0.017862402 -0.009593992 0.808402002 0.018098297 0.999521375 0.025091600 -1.739885211 0.009141206 -0.025260078 0.999639094 79.486778259
0.999797285 -0.018374022 -0.008239029 0.813374341 0.018574562 0.999515831 0.024963107 -1.749376893 0.007776367 -0.025111079 0.999654472 80.058258057
0.999823272 -0.017652107 -0.006461068 0.815677464 0.017810065 0.999522090 0.025266834 -1.752236843 0.006011966 -0.025377439 0.999659896 80.644195557
0.999829888 -0.017589428 -0.005536695 0.821891844 0.017725101 0.999517858 0.025491742 -1.750078917 0.005085641 -0.025585547 0.999659717 81.095626831
0.999863207 -0.016330525 -0.002611756 0.837446988 0.016391465 0.999545038 0.025319204 -1.755136251 0.002197091 -0.025358548 0.999676049 81.648597717
0.999859691 -0.016707934 0.001191082 0.855714440 0.016671436 0.999524593 0.025935566 -1.762155533 -0.001623846 -0.025912071 0.999662936 82.233406067
0.999842525 -0.017234635 0.004220796 0.849914074 0.017121321 0.999526858 0.025552513 -1.743299246 -0.004659187 -0.025476228 0.999664545 82.772109985
0.999819279 -0.017048968 0.008411866 0.879736960 0.016831275 0.999538124 0.025304573 -1.742084980 -0.008839397 -0.025158415 0.999644339 83.318359375
0.999758840 -0.016392587 0.014613053 0.891320527 0.016013555 0.999541819 0.025688039 -1.750446081 -0.015027449 -0.025447844 0.999563098 83.865493774
0.999658883 -0.016313737 0.020395929 0.945004284 0.015788831 0.999546647 0.025637263 -1.756201267 -0.020804923 -0.025306487 0.999463201 84.390541077
0.999525607 -0.016558221 0.025967279 0.959131241 0.015879905 0.999532819 0.026114067 -1.766948462 -0.026387548 -0.025689326 0.999321640 84.917434692
0.999264002 -0.016574651 0.034592252 1.007646799 0.015668333 0.999531031 0.026308654 -1.766712666 -0.035012085 -0.025747290 0.999055147 85.461158752
0.998934448 -0.015109500 0.043608736 1.044601202 0.013946212 0.999541998 0.026857665 -1.780468702 -0.043994568 -0.026220871 0.998687625 85.992912292
0.998617411 -0.015630545 0.050188452 1.071955681 0.014312381 0.999545991 0.026517123 -1.767265081 -0.050580136 -0.025762146 0.998387635 86.594482422
0.998100936 -0.016228287 0.059422351 1.109830379 0.014711588 0.999557078 0.025873173 -1.754813671 -0.059815906 -0.024949843 0.997897565 87.179290771
0.997505903 -0.016905718 0.068527877 1.198243141 0.015087620 0.999522567 0.026962081 -1.776718616 -0.068950981 -0.025860917 0.997284830 87.719741821
0.996883392 -0.017161014 0.077000931 1.262563229 0.015119731 0.999520600 0.027015002 -1.768824339 -0.077427633 -0.025766572 0.996665061 88.281829834
0.996131837 -0.016315082 0.086344071 1.300676823 0.014024184 0.999535084 0.027072638 -1.767986536 -0.086745620 -0.025757009 0.995897472 88.905059814
0.995216191 -0.015965797 0.096384034 1.409285069 0.013317857 0.999517679 0.028053900 -1.802718639 -0.096785441 -0.026636068 0.994948745 89.437477112
0.994156420 -0.016632397 0.106659584 1.464109421 0.013735777 0.999518156 0.027835013 -1.780951023 -0.107071169 -0.026207307 0.993905902 89.925170898
0.993119895 -0.017503683 0.115786433 1.552845955 0.014414915 0.999518931 0.027460247 -1.774475813 -0.116211385 -0.025602266 0.992894411 90.457435608
0.991788626 -0.017213717 0.126723692 1.642391205 0.013765448 0.999512076 0.028036617 -1.772701025 -0.127144486 -0.026061991 0.991541803 91.012435913
0.990077138 -0.015604355 0.139655739 1.723915100 0.011761214 0.999530256 0.028301856 -1.791333437 -0.140031770 -0.026378501 0.989795566 91.552070618
0.988547325 -0.017042452 0.149945900 1.817624092 0.013003969 0.999526918 0.027872393 -1.762778044 -0.150349990 -0.025603285 0.988301158 92.138206482
0.987041235 -0.016529046 0.159613296 1.927850723 0.012177052 0.999527991 0.028205618 -1.764236927 -0.160004199 -0.025896490 0.986776471 92.682518005
0.985035419 -0.018077374 0.171401635 2.038612366 0.013432273 0.999511480 0.028221887 -1.763466358 -0.171828061 -0.025497243 0.984796941 93.218063354
0.982715487 -0.017694047 0.184274912 2.161678314 0.012596201 0.999505937 0.028798398 -1.772920370 -0.184693411 -0.025979470 0.982452691 93.741378784
0.980747223 -0.018684324 0.194386348 2.307271957 0.013457498 0.999512434 0.028174888 -1.745054245 -0.194818020 -0.025016485 0.980520308 94.374771118
0.977888703 -0.017874794 0.208360612 2.441173553 0.012214649 0.999521434 0.028420316 -1.743321657 -0.208768904 -0.025246851 0.977638960 94.970077515
0.974928379 -0.019205380 0.221688449 2.587123871 0.013155524 0.999500513 0.028734438 -1.742956400 -0.222129554 -0.025097590 0.974694073 95.445106506
0.972317338 -0.019480169 0.232850850 2.767103195 0.012885227 0.999472499 0.029810339 -1.770632267 -0.233308733 -0.025984770 0.972055435 95.945007324
0.969079316 -0.017616933 0.246119559 2.913209915 0.010890632 0.999529779 0.028663974 -1.708987236 -0.246508777 -0.025097270 0.968815506 96.657135010
0.965537846 -0.018105481 0.259632170 3.088432312 0.010910919 0.999516189 0.029125124 -1.711357594 -0.260033906 -0.025288582 0.965268314 97.184570312
0.961786509 -0.017501453 0.273240834 3.257455826 0.009959905 0.999530852 0.028963236 -1.702223539 -0.273619533 -0.025134994 0.961509466 97.712211609
0.958682060 -0.019174783 0.283832818 3.440536499 0.011249716 0.999500632 0.029525509 -1.713605642 -0.284257233 -0.025112538 0.958419085 98.295738220
0.954206765 -0.019114172 0.298536688 3.618724823 0.010658057 0.999495208 0.029927753 -1.712754250 -0.298958033 -0.025375443 0.953928769 98.834800720
0.949735343 -0.018687062 0.312495828 3.802915573 0.009850883 0.999506414 0.029831145 -1.705731869 -0.312899023 -0.025253331 0.949450493 99.376388550
0.945910573 -0.019355578 0.323849618 3.999607086 0.010068424 0.999489307 0.030328473 -1.710344076 -0.324271232 -0.025427369 0.945622265 99.874061584
0.941295981 -0.019027144 0.337045878 4.204706192 0.009398909 0.999500394 0.030175380 -1.702978849 -0.337451637 -0.025236100 0.941004515 100.405754089
0.936699331 -0.019739268 0.349577904 4.495361328 0.009530804 0.999477088 0.030898539 -1.721822739 -0.350005090 -0.025610879 0.936397672 100.974853516
0.932133377 -0.020538090 0.361532182 4.730884552 0.010128060 0.999478400 0.030665787 -1.707716942 -0.361973405 -0.024922987 0.931855142 101.514633179
0.927581489 -0.020393630 0.373063773 4.960927963 0.009664115 0.999484718 0.030608350 -1.708728075 -0.373495758 -0.024786407 0.927300692 102.030334473
0.921871543 -0.021288702 0.386910498 5.182067871 0.010046329 0.999467015 0.031056101 -1.705119133 -0.387365520 -0.024742702 0.921594203 102.499794006
0.916120768 -0.020660536 0.400369644 5.468254089 0.008962023 0.999477029 0.031069867 -1.693309307 -0.400802195 -0.024875626 0.915826857 103.110809326
0.911229432 -0.021296814 0.411348403 5.717113495 0.009396259 0.999477327 0.030931292 -1.683434010 -0.411792129 -0.024320364 0.910953283 103.626464844
0.906075001 -0.022570962 0.422514707 5.981250763 0.010462393 0.999466002 0.030955609 -1.677829266 -0.422987849 -0.023627583 0.905827284 104.131210327
0.899119973 -0.021667944 0.437165588 6.250328064 0.009042001 0.999480307 0.030942135 -1.682214260 -0.437608868 -0.023867838 0.898848653 104.645645142
0.893146396 -0.021933241 0.449230969 6.501613617 0.009094380 0.999486744 0.030717757 -1.670573235 -0.449674129 -0.023349980 0.892887354 105.147392273
0.887146056 -0.021649081 0.460980624 6.797916412 0.008297720 0.999485850 0.030970190 -1.663881302 -0.461414158 -0.023649992 0.886869550 105.658630371
0.880126595 -0.021995397 0.474229217 7.058902740 0.008061884 0.999474466 0.031394862 -1.650354862 -0.474670589 -0.023808271 0.879841387 106.144721985
0.873514712 -0.022601215 0.486272901 7.362140656 0.008662202 0.999485135 0.030894218 -1.643686056 -0.486720741 -0.022774355 0.873260677 106.614608765
