1.000000000 0.000000000 0.000000000 0.000000000 0.000000000 1.000000000 0.000000000 0.000000000 0.000000000 0.000000000 1.000000000 0.000000000
1.000000000 0.000025995 -0.000028039 0.003202865 -0.000025992 1.000000000 0.000097680 0.000199717 0.000028041 -0.000097679 1.000000000 0.000471487
1.000000000 -0.000075983 -0.000045724 0.001320149 0.000075987 1.000000000 0.000090852 -0.000022298 0.000045717 -0.000090856 1.000000000 -0.000334907
1.000000000 -0.000090224 -0.000120969 0.005025774 0.000090217 1.000000000 -0.000055165 0.001511915 0.000120974 0.000055154 1.000000000 0.005202409
1.000000000 0.000010000 -0.000027150 0.001893338 -0.000009998 1.000000000 0.000076969 0.000579760 0.000027150 -0.000076969 1.000000000 -0.005290411
1.000000000 -0.000183467 -0.000072925 0.000373016 0.000183471 1.000000000 0.000054505 0.000162359 0.000072915 -0.000054518 1.000000000 -0.004233426
1.000000000 -0.000175141 -0.000133214 0.003221129 0.000175138 1.000000000 -0.000025512 0.000070610 0.000133219 0.000025489 1.000000000 0.001302368
1.000000000 -0.000068537 -0.000038049 0.001840202 0.000068536 1.000000000 -0.000022532 0.000079127 0.000038050 0.000022530 1.000000000 0.002633164
1.000000000 -0.000092540 -0.000008914 0.000417687 0.000092541 1.000000000 0.000058557 0.000142876 0.000008909 -0.000058558 1.000000000 -0.005307216
1.000000000 -0.000024652 -0.000079765 0.003274182 0.000024663 1.000000000 0.000144372 -0.001127093 0.000079761 -0.000144374 1.000000000 -0.000367631
0.999999940 -0.000241512 -0.000217667 0.008007023 0.000241509 1.000000000 -0.000017256 0.000329594 0.000217671 0.000017203 1.000000000 0.000620086
1.000000000 -0.000099471 -0.000123819 0.004089376 0.000099472 1.000000000 0.000005858 -0.000062590 0.000123818 -0.000005870 1.000000000 0.003174350
0.999999940 -0.000328376 -0.000107187 0.002018636 0.000328391 0.999999940 0.000145615 -0.002596647 0.000107139 -0.000145650 1.000000000 -0.008384078
0.999999940 -0.000364260 -0.000203694 0.005715802 0.000364270 0.999999940 0.000048624 -0.001069375 0.000203676 -0.000048698 1.000000000 -0.000515833
1.000000000 -0.000046737 -0.000051602 0.002270538 0.000046734 1.000000000 -0.000056863 0.001683784 0.000051605 0.000056860 1.000000000 0.004282731
1.000000000 0.000143015 0.000001082 0.002056549 -0.000143015 1.000000000 0.000003361 0.001706331 -0.000001081 -0.000003362 1.000000000 -0.007536902
1.000000000 -0.000144293 -0.000022469 0.000823555 0.000144292 1.000000000 -0.000024073 0.001936505 0.000022473 0.000024070 1.000000000 -0.004251796
1.000000000 -0.000153187 -0.000148516 0.002525841 0.000153191 1.000000000 0.000030283 -0.000735415 0.000148511 -0.000030306 1.000000000 -0.006904476
0.999999940 -0.000236141 -0.000168349 0.003880118 0.000236151 0.999999940 0.000064077 -0.001232491 0.000168334 -0.000064117 1.000000000 -0.003148417
1.000000000 -0.000115649 -0.000158337 0.006567630 0.000115658 1.000000000 0.000059512 -0.001766324 0.000158330 -0.000059530 1.000000000 0.000641686
0.999999881 -0.000384683 -0.000206975 0.006997784 0.000384683 0.999999940 -0.000002629 0.000088263 0.000206976 0.000002549 1.000000000 0.001619811
1.000000000 -0.000200515 -0.000068653 0.000925712 0.000200517 1.000000000 0.000030477 0.002754719 0.000068647 -0.000030491 1.000000000 -0.005615909
0.999999940 -0.000205340 -0.000154537 0.008795012 0.000205345 1.000000000 0.000032432 -0.000946171 0.000154530 -0.000032463 1.000000000 -0.001007434
1.000000000 -0.000031854 0.000037982 0.000108390 0.000031853 1.000000000 0.000037643 0.001172911 -0.000037983 -0.000037642 1.000000000 -0.006733178
1.000000000 0.000035467 0.000098093 -0.005114057 -0.000035464 1.000000000 -0.000024030 -0.000683029 -0.000098094 0.000024026 1.000000000 -0.005955695
0.999999940 -0.000233090 -0.000128586 0.003439145 0.000233107 0.999999940 0.000132145 -0.000399110 0.000128556 -0.000132175 1.000000000 0.003043399
0.999999881 -0.000366047 -0.000222300 0.006622299 0.000366064 0.999999940 0.000075880 0.001308742 0.000222273 -0.000075961 1.000000000 0.000777596
0.999999940 -0.000268079 -0.000168130 0.004585406 0.000268087 0.999999940 0.000050121 0.000185177 0.000168117 -0.000050166 1.000000000 0.002540787
0.999999940 -0.000317186 -0.000145025 0.003333683 0.000317207 0.999999940 0.000142953 0.000293117 0.000144980 -0.000142999 1.000000000 0.004671419
0.999999940 -0.000299741 -0.000143724 0.000963130 0.000299755 0.999999940 0.000094997 0.001702406 0.000143695 -0.000095040 1.000000000 0.005009924
0.999999940 -0.000301985 -0.000109367 0.001573975 0.000302004 0.999999940 0.000170767 -0.001701919 0.000109316 -0.000170800 1.000000000 -0.005613206
1.000000000 -0.000164296 -0.000099584 0.002893179 0.000164295 1.000000000 -0.000009946 0.001065024 0.000099586 0.000009929 1.000000000 -0.005344857
1.000000000 -0.000160701 -0.000123372 0.001937212 0.000160693 1.000000000 -0.000061948 0.004544649 0.000123382 0.000061929 1.000000000 0.004621290
1.000000000 -0.000206583 -0.000124300 0.002022192 0.000206584 1.000000000 0.000009269 0.002433983 0.000124299 -0.000009295 1.000000000 0.004504592
0.999999940 -0.000283441 -0.000178583 0.003156709 0.000283447 0.999999940 0.000034043 0.001754857 0.000178573 -0.000034093 1.000000000 0.004064767
1.000000000 -0.000194755 -0.000082748 0.004004380 0.000194758 1.000000000 0.000035031 0.001808525 0.000082741 -0.000035047 1.000000000 0.004562620
1.000000000 -0.000165460 -0.000075151 -0.000485924 0.000165469 1.000000000 0.000120498 0.002741165 0.000075131 -0.000120511 1.000000000 -0.006223984
0.999999940 -0.000331867 -0.000171677 0.000364494 0.000331874 0.999999940 0.000040014 0.000253452 0.000171664 -0.000040071 1.000000000 -0.000738007
0.999999940 -0.000229232 -0.000167650 0.006033314 0.000229149 0.999999881 -0.000494433 -0.005494461 0.000167764 0.000494395 0.999999881 0.042158756
0.999999940 -0.000225442 -0.000244907 0.008919491 0.000225154 0.999999285 -0.001173775 -0.003969863 0.000245172 0.001173720 0.999999285 0.138914227
0.999999940 -0.000203518 -0.000160639 0.009320238 0.000203319 0.999999225 -0.001238382 -0.013936660 0.000160891 0.001238349 0.999999225 0.259407163
0.999999940 -0.000294117 -0.000058596 0.005563357 0.000294051 0.999999344 -0.001116304 -0.018746268 0.000058924 0.001116287 0.999999404 0.380677909
0.999999940 -0.000103619 -0.000226551 0.009324625 0.000103408 0.999999583 -0.000930072 -0.026743973 0.000226648 0.000930049 0.999999523 0.545914769
1.000000000 -0.000188155 -0.000033911 0.017989136 0.000188120 0.999999464 -0.001026786 -0.024322500 0.000034104 0.001026779 0.999999464 0.686772823
0.999999881 -0.000434818 0.000029527 0.023773745 0.000434840 0.999999642 -0.000762207 -0.032572843 -0.000029195 0.000762219 0.999999702 0.858451247
1.000000000 -0.000034570 0.000121700 0.021503102 0.000034666 0.999999702 -0.000787968 -0.029245008 -0.000121673 0.000787972 0.999999702 1.032048821
0.999999762 0.000398587 0.000555231 0.001077064 -0.000398171 0.999999642 -0.000747977 -0.038606033 -0.000555529 0.000747756 0.999999583 1.223464012
0.999999940 0.000226028 0.000188555 0.029338984 -0.000225922 0.999999821 -0.000565675 -0.045646932 -0.000188682 0.000565632 0.999999821 1.409273624
0.999999940 0.000176220 -0.000344953 0.050792310 -0.000176322 0.999999940 -0.000294829 -0.064574644 0.000344901 0.000294890 0.999999881 1.603388429
0.999999940 0.000155278 0.000255422 0.031856418 -0.000155181 0.999999940 -0.000377802 -0.061150454 -0.000255481 0.000377763 0.999999881 1.798922658
0.999999940 0.000229413 0.000300691 0.044468593 -0.000229395 1.000000000 -0.000060063 -0.056181043 -0.000300705 0.000059994 0.999999940 1.977528214
0.999996424 -0.000401810 0.002648097 -0.019935345 0.000400751 0.999999821 0.000400585 -0.080545977 -0.002648258 -0.000399522 0.999996424 2.057810783
0.999996781 -0.000222886 0.002529228 -0.016862934 0.000220857 0.999999642 0.000802466 -0.089829579 -0.002529406 -0.000801905 0.999996543 2.290313721
0.999996245 0.000264035 0.002734046 -0.015200365 -0.000266420 0.999999583 0.000872016 -0.097366139 -0.002733815 -0.000872741 0.999995887 2.511901140
0.999995232 -0.000935807 0.002948300 -0.012640517 0.000933201 0.999999285 0.000885098 -0.109445609 -0.002949126 -0.000882343 0.999995291 2.695967913
0.999995589 -0.001324594 0.002641355 0.005494131 0.001322525 0.999998808 0.000785002 -0.114522032 -0.002642391 -0.000781505 0.999996305 2.939556837
0.999995589 -0.001134532 0.002754911 0.003460607 0.001132200 0.999999046 0.000847788 -0.122364499 -0.002755870 -0.000844665 0.999995887 3.183244467
0.999994993 -0.001102802 0.002950456 0.005388609 0.001100236 0.999998987 0.000871315 -0.125727698 -0.002951413 -0.000868065 0.999995291 3.446542025
0.999995530 -0.000561697 0.002943301 0.009207456 0.000558183 0.999999166 0.001194429 -0.136174411 -0.002943970 -0.001192781 0.999994993 3.678853989
0.999995470 -0.002113828 0.002138269 0.025102397 0.002109948 0.999996066 0.001815743 -0.157918587 -0.002142099 -0.001811223 0.999996006 3.907691002
0.999995828 -0.001915462 0.002128339 0.029611660 0.001910941 0.999995947 0.002124133 -0.164822474 -0.002132399 -0.002120057 0.999995470 4.155363560
0.999995291 -0.002074067 0.002246842 0.034975030 0.002069383 0.999995649 0.002085319 -0.175808534 -0.002251157 -0.002080660 0.999995351 4.412445545
0.999995351 -0.001950250 0.002365578 0.037613809 0.001944930 0.999995589 0.002249295 -0.175747380 -0.002369954 -0.002244683 0.999994695 4.657562256
0.999994457 -0.001629960 0.002903419 0.032168344 0.001622536 0.999995351 0.002557909 -0.195997894 -0.002907575 -0.002553184 0.999992549 4.921019077
0.999995232 -0.002618992 0.001654066 0.043232761 0.002614907 0.999993563 0.002466842 -0.199493453 -0.001660516 -0.002462505 0.999995589 5.203623772
0.999996841 -0.001957325 0.001634476 0.048850607 0.001953691 0.999995649 0.002222681 -0.204736054 -0.001638820 -0.002219480 0.999996245 5.460556507
0.999996543 -0.001895922 0.001829207 0.055905633 0.001891427 0.999995232 0.002456361 -0.221257448 -0.001833856 -0.002452893 0.999995291 5.726413727
0.999995708 -0.002273217 0.001864002 0.062986985 0.002268394 0.999994159 0.002585311 -0.220287457 -0.001869868 -0.002581072 0.999994874 6.011597157
0.999996305 -0.001452188 0.002304419 0.065101355 0.001446315 0.999995768 0.002548055 -0.231061518 -0.002308110 -0.002544713 0.999994099 6.298361778
0.999995053 -0.001074981 0.002961975 0.041962512 0.001066120 0.999994934 0.002991304 -0.270078480 -0.002965175 -0.002988132 0.999991119 6.549393177
0.999995708 -0.001249836 0.002631610 0.060772732 0.001242076 0.999994814 0.002948259 -0.279847801 -0.002635282 -0.002944978 0.999992192 6.839179039
0.999995112 -0.001573068 0.002702458 0.072927311 0.001564202 0.999993443 0.003279817 -0.290545464 -0.002707599 -0.003275573 0.999990940 7.125519753
0.999995649 -0.001759978 0.002374128 0.078193910 0.001752564 0.999993503 0.003121576 -0.307198375 -0.002379606 -0.003117402 0.999992251 7.431551456
0.999994457 -0.002259885 0.002428897 0.095082380 0.002251552 0.999991596 0.003428044 -0.310910016 -0.002436623 -0.003422557 0.999991179 7.760097504
0.999995172 -0.001774301 0.002538222 0.084327042 0.001765922 0.999992967 0.003299695 -0.318775475 -0.002544059 -0.003295197 0.999991357 8.032996178
0.999993622 -0.002207341 0.002801083 0.078375608 0.002196642 0.999990284 0.003817123 -0.337801725 -0.002809481 -0.003810945 0.999988794 8.355031967
0.999993324 -0.002393298 0.002741776 0.087490775 0.002383412 0.999990702 0.003603325 -0.347798228 -0.002750374 -0.003596767 0.999989688 8.680841446
0.999993026 -0.002054972 0.003133759 0.092586517 0.002042970 0.999990523 0.003828562 -0.357195109 -0.003141596 -0.003822133 0.999987781 9.024234772
0.999993205 -0.002352384 0.002850217 0.110806510 0.002341249 0.999989569 0.003903975 -0.361776084 -0.002859371 -0.003897275 0.999988317 9.367420197
0.999993145 -0.001702452 0.003299504 0.106942326 0.001689492 0.999990880 0.003926672 -0.368947893 -0.003306158 -0.003921071 0.999986887 9.712553024
0.999992967 -0.001901740 0.003230033 0.124685526 0.001887983 0.999989092 0.004257083 -0.374817312 -0.003238094 -0.004250955 0.999985695 10.045670509
0.999992788 -0.001583569 0.003437957 0.135061681 0.001567639 0.999988019 0.004631532 -0.391363084 -0.003445250 -0.004626109 0.999983311 10.383646011
0.999993265 -0.002496537 0.002690224 0.120346367 0.002484829 0.999987483 0.004346645 -0.411407202 -0.002701042 -0.004339932 0.999986887 10.735668182
0.999994159 -0.002046061 0.002750340 0.121717170 0.002033312 0.999987245 0.004630245 -0.425034016 -0.002759779 -0.004624626 0.999985516 11.115409851
0.999993742 -0.002297938 0.002695238 0.132965982 0.002286087 0.999987781 0.004392134 -0.428214580 -0.002705297 -0.004385946 0.999986708 11.507575035
0.999991715 -0.002822136 0.002929214 0.148674563 0.002808025 0.999984503 0.004810315 -0.442874879 -0.002942744 -0.004802051 0.999984086 11.864758492
0.999992788 -0.002190094 0.003115624 0.152818412 0.002174986 0.999985933 0.004844460 -0.453567773 -0.003126190 -0.004837648 0.999983370 12.236653328
0.999993086 -0.002243036 0.002971513 0.167444617 0.002227853 0.999984503 0.005103061 -0.464047790 -0.002982914 -0.005096406 0.999982595 12.661715508
0.999990225 -0.003534193 0.002665892 0.158081144 0.003520697 0.999981046 0.005050117 -0.493758917 -0.002683689 -0.005040681 0.999983668 12.963856697
0.999991357 -0.002323169 0.003454741 0.161328375 0.002306141 0.999985218 0.004924846 -0.506516457 -0.003466131 -0.004916836 0.999981880 13.378478050
0.999991953 -0.002144164 0.003428693 0.175750822 0.002125321 0.999982655 0.005489932 -0.516721129 -0.003440405 -0.005482601 0.999979079 13.802938461
0.999984443 -0.004715933 0.002983065 0.192008808 0.004698306 0.999971628 0.005888454 -0.548735857 -0.003010750 -0.005874347 0.999978185 14.192578316
0.999987721 -0.003810335 0.003167701 0.213853657 0.003791526 0.999975264 0.005922448 -0.550947547 -0.003190190 -0.005910364 0.999977469 14.592804909
0.999984443 -0.004132318 0.003766772 0.211324975 0.004109226 0.999972880 0.006117849 -0.565518320 -0.003791951 -0.006102275 0.999974132 15.003411293
0.999980927 -0.004758305 0.003935696 0.198578238 0.004733923 0.999969780 0.006181473 -0.586552978 -0.003964989 -0.006162725 0.999973178 15.358735085
0.999978483 -0.005248700 0.003932261 0.215978712 0.005222776 0.999964714 0.006574232 -0.597643495 -0.003966628 -0.006553554 0.999970675 15.803561211
0.999980688 -0.004846692 0.003889482 0.220448747 0.004820452 0.999965727 0.006727680 -0.607106745 -0.003921955 -0.006708801 0.999969840 16.268178940
0.999979556 -0.003658828 0.005245078 0.222768471 0.003623358 0.999970615 0.006756248 -0.620523095 -0.005269644 -0.006737105 0.999963462 16.706924438
0.999978781 -0.004035343 0.005105224 0.235616282 0.003998300 0.999965727 0.007245515 -0.631502509 -0.005134288 -0.007224950 0.999960721 17.145526886
0.999975324 -0.004869056 0.005064998 0.236886919 0.004832354 0.999962151 0.007233253 -0.649797618 -0.005100027 -0.007208600 0.999960959 17.522174835
0.999972522 -0.005027271 0.005437861 0.251196891 0.004987072 0.999960184 0.007380889 -0.658657551 -0.005474752 -0.007353568 0.999957919 17.998184204
0.999973059 -0.004852513 0.005511481 0.256851256 0.004810759 0.999959767 0.007563883 -0.678097665 -0.005547962 -0.007537165 0.999956191 18.466676712
0.999973774 -0.004452080 0.005712994 0.275298655 0.004407736 0.999960184 0.007751211 -0.688948214 -0.005747276 -0.007725826 0.999953687 18.954046249
0.999975324 -0.003710277 0.005977218 0.281677008 0.003664538 0.999963999 0.007645167 -0.704281926 -0.006005369 -0.007623075 0.999952912 19.419544220
0.999973357 -0.004609094 0.005654771 0.288232803 0.004563222 0.999956787 0.008098459 -0.718390107 -0.005691852 -0.008072441 0.999951243 19.796709061
0.999975324 -0.004262362 0.005590351 0.297968566 0.004215119 0.999955535 0.008435586 -0.728624701 -0.005626057 -0.008411814 0.999948859 20.303297043
0.999979019 -0.003568216 0.005411680 0.312005609 0.003524376 0.999961078 0.008089242 -0.738170147 -0.005440334 -0.008069999 0.999952614 20.831262589
0.999979377 -0.004709255 0.004367542 0.328772902 0.004673046 0.999954879 0.008264162 -0.756095231 -0.004406263 -0.008243581 0.999956369 21.319133759
0.999981880 -0.004541747 0.003978160 0.379901290 0.004505689 0.999949098 0.009026725 -0.777015865 -0.004018955 -0.009008637 0.999951363 21.826992035
0.999977827 -0.005741586 0.003355836 0.333052069 0.005713223 0.999948382 0.008401347 -0.774837971 -0.003403900 -0.008381989 0.999959052 22.181295395
0.999977946 -0.006253927 0.002253882 0.349032253 0.006234903 0.999945641 0.008351464 -0.789391756 -0.002305989 -0.008337227 0.999962509 22.702096939
0.999975920 -0.006610170 0.002088568 0.348768860 0.006593059 0.999945521 0.008096228 -0.803862095 -0.002141972 -0.008082264 0.999964952 23.252227783
0.999982059 -0.005854266 0.001308783 0.353824973 0.005842507 0.999944031 0.008815080 -0.813439369 -0.001360317 -0.008807274 0.999960244 23.834470749
0.999977410 -0.006658570 0.000876234 0.351998180 0.006650168 0.999934971 0.009265136 -0.851399362 -0.000937870 -0.009259101 0.999956608 24.205461502
0.999975324 -0.007010226 0.000233603 0.360083908 0.007007746 0.999932110 0.009312390 -0.861399055 -0.000298869 -0.009310524 0.999956548 24.732851028
0.999977708 -0.006684340 -0.000167734 0.368221372 0.006685588 0.999936521 0.009074755 -0.869771063 0.000107064 -0.009075673 0.999958813 25.288373947
0.999964416 -0.008323210 -0.001417686 0.411867499 0.008337131 0.999914110 0.010113895 -0.877259552 0.001333384 -0.010125356 0.999947846 25.825462341
0.999969840 -0.007629687 -0.001460140 0.363843292 0.007643964 0.999920428 0.010036222 -0.912494659 0.001383451 -0.010047080 0.999948561 26.497972488
0.999976993 -0.006646536 -0.001432089 0.393642485 0.006661046 0.999924064 0.010378059 -0.927796960 0.001363002 -0.010387359 0.999945104 26.814151764
0.999978006 -0.006464260 -0.001479347 0.402545005 0.006479867 0.999920607 0.010800526 -0.939880311 0.001409412 -0.010809874 0.999940574 27.373001099
0.999974072 -0.006919919 -0.001979548 0.402685434 0.006940740 0.999918520 0.010711950 -0.952679753 0.001905260 -0.010725413 0.999940634 27.957197189
0.999971330 -0.007149273 -0.002481045 0.412934184 0.007176979 0.999909937 0.011343752 -0.974823415 0.002399723 -0.011361233 0.999932587 28.521858215
0.999975741 -0.006350757 -0.002832425 0.423926562 0.006382100 0.999916911 0.011197628 -0.987739205 0.002761076 -0.011215433 0.999933243 28.899679184
0.999980450 -0.005598037 -0.002752272 0.432898670 0.005628111 0.999923170 0.011043509 -1.001542211 0.002690238 -0.011058783 0.999935210 29.437204361
0.999966681 -0.007209768 -0.003814841 0.458360493 0.007251279 0.999913394 0.010981874 -1.005918503 0.003735334 -0.011009171 0.999932408 30.011257172
0.999971151 -0.006589525 -0.003765992 0.467198938 0.006632692 0.999911129 0.011566875 -1.051761150 0.003689437 -0.011591521 0.999925971 30.463163376
0.999972343 -0.006472306 -0.003676346 0.465592891 0.006514620 0.999911308 0.011616737 -1.061937332 0.003600833 -0.011640363 0.999925792 31.011390686
0.999969184 -0.006713517 -0.004069147 0.482927352 0.006760040 0.999910712 0.011529354 -1.068122029 0.003991382 -0.011556507 0.999925256 31.564147949
0.999969840 -0.006444523 -0.004355154 0.489658535 0.006494055 0.999913335 0.011456531 -1.078627825 0.004280943 -0.011484466 0.999924898 32.112644196
0.999968648 -0.006565417 -0.004432926 0.496680975 0.006618335 0.999905705 0.012030168 -1.082600236 0.004353525 -0.012059129 0.999917865 32.643928528
0.999964237 -0.006889946 -0.004894335 0.488716900 0.006949643 0.999900341 0.012286755 -1.115977883 0.004809192 -0.012320330 0.999912560 33.085872650
0.999953449 -0.007922902 -0.005490480 0.499931514 0.007993248 0.999884665 0.012911508 -1.132189155 0.005387551 -0.012954796 0.999901593 33.593750000
0.999955177 -0.007681716 -0.005532951 0.506747305 0.007754714 0.999881506 0.013294919 -1.148387790 0.005430168 -0.013337229 0.999896348 34.137409210
0.999947548 -0.008211380 -0.006117103 0.513925791 0.008293439 0.999874294 0.013512257 -1.168086529 0.006005380 -0.013562283 0.999890029 34.694522858
0.999961197 -0.007244425 -0.005006723 0.486812711 0.007309942 0.999886155 0.013193606 -1.167092800 0.004910573 -0.013229690 0.999900401 35.136898041
0.999960780 -0.007112162 -0.005267571 0.495149851 0.007180473 0.999888837 0.013064999 -1.179429770 0.005174065 -0.013102310 0.999900758 35.688747406
0.999959707 -0.007120583 -0.005464402 0.497800052 0.007192271 0.999886811 0.013213513 -1.184758782 0.005369696 -0.013252284 0.999897659 36.225124359
0.999952197 -0.008208117 -0.005296948 0.485195190 0.008281712 0.999867260 0.014024766 -1.212811708 0.005181128 -0.014067966 0.999887586 36.721664429
0.999938369 -0.009478629 -0.005767144 0.481920183 0.009563540 0.999843538 0.014878256 -1.236539841 0.005625216 -0.014932494 0.999872625 37.249904633
0.999949574 -0.008413509 -0.005475836 0.499603391 0.008493149 0.999856114 0.014686846 -1.244441032 0.005351480 -0.014732614 0.999877095 37.797943115
0.999938488 -0.009181607 -0.006218302 0.517751575 0.009276768 0.999837577 0.015451624 -1.266402364 0.006075422 -0.015508360 0.999861300 38.222610474
0.999950051 -0.008363340 -0.005460910 0.519138098 0.008443039 0.999855697 0.014738376 -1.273980141 0.005336859 -0.014783747 0.999876499 38.733825684
0.999940932 -0.008960367 -0.006158983 0.542517722 0.009056951 0.999833465 0.015836718 -1.287407398 0.006016056 -0.015891561 0.999855638 39.311355591
0.999930799 -0.009688457 -0.006667049 0.562100589 0.009791169 0.999831080 0.015549776 -1.291725874 0.006515269 -0.015613981 0.999856889 39.882442474
0.999941945 -0.008935310 -0.006010947 0.545874000 0.009030682 0.999830663 0.016030893 -1.307824135 0.005866689 -0.016084246 0.999853432 40.407821655
0.999933660 -0.009339086 -0.006732910 0.577174664 0.009448536 0.999820650 0.016411811 -1.320211291 0.006578432 -0.016474342 0.999842644 40.965255737
0.999925315 -0.010077897 -0.006903598 0.576896191 0.010189453 0.999814868 0.016319215 -1.317187309 0.006737856 -0.016388342 0.999843061 41.477771759
0.999932230 -0.009429569 -0.006819821 0.585044622 0.009540685 0.999819100 0.016448108 -1.328897834 0.006663488 -0.016512061 0.999841511 42.040794373
0.999931335 -0.009547135 -0.006790438 0.603853166 0.009659092 0.999814749 0.016650455 -1.359449863 0.006630217 -0.016714903 0.999838293 42.597991943
0.999924421 -0.009937118 -0.007232816 0.614124000 0.010061863 0.999797583 0.017420093 -1.381499529 0.007058245 -0.017491553 0.999822021 42.847492218
0.999930739 -0.009274469 -0.007249900 0.623864532 0.009397921 0.999808133 0.017183831 -1.382884860 0.007089138 -0.017250778 0.999826014 43.401184082
0.999923825 -0.009596073 -0.007766055 0.638631463 0.009734900 0.999789834 0.018040137 -1.389840364 0.007591310 -0.018114364 0.999807060 43.929779053
0.999919891 -0.010138969 -0.007582537 0.649340391 0.010273874 0.999785662 0.017969314 -1.388432503 0.007398722 -0.018045774 0.999809742 44.478309631
0.999920666 -0.010326487 -0.007210187 0.617477119 0.010455945 0.999780536 0.018154114 -1.415015936 0.007021135 -0.018228063 0.999809206 44.908519745
0.999915302 -0.010855867 -0.007190034 0.622955620 0.010986987 0.999769330 0.018454954 -1.424644709 0.006988033 -0.018532388 0.999803841 45.444835663
0.999925077 -0.010091403 -0.006921027 0.612312257 0.010218248 0.999775827 0.018543702 -1.427771091 0.006732344 -0.018613033 0.999804080 46.007682800
0.999909699 -0.011136397 -0.007524468 0.640704393 0.011276301 0.999759436 0.018813850 -1.436184883 0.007313142 -0.018897003 0.999794662 46.588279724
0.999913216 -0.011089385 -0.007106134 0.625171781 0.011226065 0.999746919 0.019491728 -1.456725121 0.006888185 -0.019569809 0.999784768 47.134597778
0.999905884 -0.011297193 -0.007784572 0.652497590 0.011440932 0.999760091 0.018674212 -1.455999017 0.007571739 -0.018761516 0.999795318 47.496334076
0.999892890 -0.012156914 -0.008153267 0.661487341 0.012307675 0.999749362 0.018703103 -1.462838411 0.007923853 -0.018801447 0.999791861 48.040309906
0.999901056 -0.011633228 -0.007916071 0.657965064 0.011781658 0.999750555 0.018969556 -1.468848467 0.007693420 -0.019060941 0.999788702 48.595035553
0.999898791 -0.011529106 -0.008342681 0.673725545 0.011685619 0.999751925 0.018961476 -1.478195429 0.008122004 -0.019057043 0.999785423 49.147808075
0.999898255 -0.011741562 -0.008099717 0.663252831 0.011897087 0.999740601 0.019428337 -1.484471798 0.007869499 -0.019522723 0.999778390 49.553520203
0.999890983 -0.011937832 -0.008694228 0.676126003 0.012103077 0.999742270 0.019208614 -1.495283842 0.008462677 -0.019311743 0.999777675 50.093776703
0.999881029 -0.012760451 -0.008671516 0.704716206 0.012928457 0.999724329 0.019602578 -1.485107183 0.008418987 -0.019712351 0.999770224 50.623573303
0.999900281 -0.011593165 -0.008063319 0.675472856 0.011752075 0.999732018 0.019947877 -1.516895056 0.007829898 -0.020040656 0.999768496 51.178600311
0.999898255 -0.012029407 -0.007662477 0.676289499 0.012179682 0.999728322 0.019876819 -1.529024720 0.007421287 -0.019968120 0.999773026 51.753021240
0.999905884 -0.011339581 -0.007722545 0.692708135 0.011489886 0.999739766 0.019705024 -1.519239068 0.007497088 -0.019791897 0.999776006 52.063869476
0.999916196 -0.010690366 -0.007312485 0.694915652 0.010831260 0.999751031 0.019507311 -1.524191022 0.007102124 -0.019584876 0.999782979 52.620285034
0.999906242 -0.011379789 -0.007615339 0.706476569 0.011524059 0.999749780 0.019176716 -1.527480960 0.007395205 -0.019262677 0.999787152 53.161735535
0.999915719 -0.010960247 -0.006952538 0.697693467 0.011091953 0.999754190 0.019196332 -1.525919914 0.006740434 -0.019271834 0.999791563 53.660575867
0.999896348 -0.012040940 -0.007910881 0.745286226 0.012194772 0.999731719 0.019693907 -1.548187971 0.007671625 -0.019788334 0.999774754 54.225315094
0.999908984 -0.011275932 -0.007400506 0.701178074 0.011428929 0.999714792 0.020968089 -1.569536328 0.007161960 -0.021050766 0.999752760 54.565700531
0.999919832 -0.010283029 -0.007385416 0.705363095 0.010436464 0.999723971 0.021046607 -1.580679536 0.007166955 -0.021121999 0.999751210 55.134639740
0.999926567 -0.010164831 -0.006602397 0.716095448 0.010296866 0.999741316 0.020282002 -1.568189979 0.006394526 -0.020348502 0.999772489 55.697799683
0.999930799 -0.009808317 -0.006484008 0.716286838 0.009940739 0.999736011 0.020716494 -1.581528664 0.006279102 -0.020779518 0.999764323 56.292209625
0.999912918 -0.010946421 -0.007367742 0.744953394 0.011097752 0.999721587 0.020822641 -1.572898746 0.007137758 -0.020902596 0.999755979 56.798187256
0.999908030 -0.011542415 -0.007122772 0.680540800 0.011693846 0.999698341 0.021597888 -1.609237909 0.006871333 -0.021679197 0.999741316 57.087280273
0.999912620 -0.010737093 -0.007717057 0.690160036 0.010899733 0.999712646 0.021351766 -1.611190319 0.007485582 -0.021434015 0.999742270 57.649353027
0.999908626 -0.011332657 -0.007374564 0.701479673 0.011490180 0.999698937 0.021680737 -1.621058345 0.007126644 -0.021763491 0.999737799 58.185623169
0.999917626 -0.010775973 -0.006971078 0.734762073 0.010931222 0.999684155 0.022629652 -1.640839100 0.006725020 -0.022703988 0.999719620 58.656154633
0.999927163 -0.010200047 -0.006457577 0.686980128 0.010342130 0.999696314 0.022365393 -1.662510514 0.006227489 -0.022430550 0.999729037 59.269149780
0.999899209 -0.012098342 -0.007429553 0.683389306 0.012261655 0.999675155 0.022344192 -1.649078846 0.007156812 -0.022433043 0.999722719 59.626716614
0.999890387 -0.012744716 -0.007529989 0.693897903 0.012913865 0.999655306 0.022858948 -1.659588575 0.007236064 -0.022953685 0.999710262 60.134643555
0.999896169 -0.012530793 -0.007109988 0.688339949 0.012688410 0.999664724 0.022574278 -1.660064101 0.006824730 -0.022662150 0.999719858 60.698719025
0.999888361 -0.013001829 -0.007364308 0.698570728 0.013165541 0.999657094 0.022636088 -1.654356241 0.007067470 -0.022730514 0.999716640 61.267353058
0.999879777 -0.013253751 -0.008052790 0.750018954 0.013429940 0.999662519 0.022233935 -1.637041569 0.007755389 -0.022339405 0.999720395 61.797447205
0.999886811 -0.012746491 -0.007999955 0.770540953 0.012920890 0.999671400 0.022140644 -1.631408334 0.007715111 -0.022241503 0.999722779 62.331699371
0.999908626 -0.011702043 -0.006768222 0.642584085 0.011861275 0.999641895 0.023985267 -1.744025350 0.006485121 -0.024063351 0.999689341 62.720512390
0.999906778 -0.011693249 -0.007052436 0.683408380 0.011859393 0.999641716 0.023995712 -1.751847625 0.006769319 -0.024077116 0.999687135 63.269947052
0.999915004 -0.011282547 -0.006536564 0.665472031 0.011434448 0.999653995 0.023687128 -1.737075686 0.006267051 -0.023759857 0.999697983 63.834991455
0.999914885 -0.011511669 -0.006137803 0.672267616 0.011655327 0.999646246 0.023907395 -1.753408074 0.005860418 -0.023976900 0.999695361 64.354316711
0.999923110 -0.010942700 -0.005819384 0.675060511 0.011077905 0.999656916 0.023732604 -1.752829552 0.005557689 -0.023795249 0.999701381 64.913818359
0.999924481 -0.010805004 -0.005852221 0.669720888 0.010942861 0.999650598 0.024060307 -1.768567324 0.005590204 -0.024122531 0.999693334 65.468383789
0.999917269 -0.011119873 -0.006467899 0.651934564 0.011279245 0.999620080 0.025149547 -1.796266198 0.006185782 -0.025220422 0.999662757 65.747428894
0.999929190 -0.010078482 -0.006332136 0.678663731 0.010235676 0.999627471 0.025303176 -1.807240367 0.006074760 -0.025366196 0.999659777 66.267120361
0.999918640 -0.010936737 -0.006557352 0.671949625 0.011092744 0.999644458 0.024246428 -1.784765840 0.006289845 -0.024317190 0.999684453 66.835960388
0.999927640 -0.010300385 -0.006218880 0.691951275 0.010453949 0.999628067 0.025187528 -1.806705117 0.005957128 -0.025250714 0.999663413 67.339355469
0.999926150 -0.010458480 -0.006191440 0.693887115 0.010608058 0.999640048 0.024640277 -1.797971010 0.005931512 -0.024704132 0.999677181 67.883781433
0.999901772 -0.012287361 -0.006745041 0.684500456 0.012448372 0.999625504 0.024372138 -1.791762352 0.006443046 -0.024453711 0.999680221 68.452629089
0.999924004 -0.010677958 -0.006148397 0.683164120 0.010834649 0.999602139 0.026042325 -1.877651215 0.005867871 -0.026106963 0.999641955 68.798675537
0.999931455 -0.010022182 -0.006032468 0.692224920 0.010176180 0.999608457 0.026063567 -1.881397128 0.005768892 -0.026123172 0.999642134 69.349296570
0.999953508 -0.008040217 -0.005322066 0.687469482 0.008176409 0.999626279 0.026082816 -1.885496736 0.005110366 -0.026125116 0.999645710 69.894371033
0.999936283 -0.009653045 -0.005846345 0.698560476 0.009801103 0.999617934 0.025849527 -1.867659450 0.005594583 -0.025905181 0.999648809 70.464324951
0.999924839 -0.010568919 -0.006206621 0.727462590 0.010728503 0.999597430 0.026267927 -1.887482524 0.005926499 -0.026332539 0.999635696 70.968643188
0.999929965 -0.010013727 -0.006294202 0.723036051 0.010173705 0.999612331 0.025920697 -1.889078021 0.006032200 -0.025982918 0.999644220 71.539222717
0.999926627 -0.010409574 -0.006184360 0.738367677 0.010573980 0.999574780 0.027174577 -1.932033181 0.005898854 -0.027237982 0.999611557 71.965744019
0.999936819 -0.009583754 -0.005863139 0.745554328 0.009740335 0.999580145 0.027287440 -1.935466766 0.005599163 -0.027342830 0.999610484 72.501182556
0.999932289 -0.010087079 -0.005795996 0.772807717 0.010239399 0.999586284 0.026880817 -1.946323037 0.005522449 -0.026938347 0.999621809 73.067008972
0.999924481 -0.010759030 -0.005938210 0.762405455 0.010912772 0.999589384 0.026495790 -1.932211041 0.005650702 -0.026558589 0.999631286 73.646530151
0.999928355 -0.010350609 -0.006012339 0.737560511 0.010512758 0.999564052 0.027594963 -1.937441349 0.005724091 -0.027656198 0.999601066 74.084800720
0.999928713 -0.010415862 -0.005841054 0.753519535 0.010569504 0.999581754 0.026920529 -1.937043428 0.005558209 -0.026980346 0.999620557 74.629364014
0.999907851 -0.011886041 -0.006553477 0.776445448 0.012057839 0.999567330 0.026830245 -1.933464527 0.006231736 -0.026906796 0.999618530 75.166450500
0.999914765 -0.011295255 -0.006547939 0.791221380 0.011470752 0.999558389 0.027414765 -1.932761908 0.006235390 -0.027487535 0.999602735 75.674873352
0.999918461 -0.011193812 -0.006132439 0.792271495 0.011356836 0.999564707 0.027227897 -1.952976227 0.005824987 -0.027295325 0.999610424 76.177947998
0.999933958 -0.010635416 -0.004345131 0.747331500 0.010753257 0.999548256 0.028062016 -1.958652258 0.004044717 -0.028106889 0.999596655 76.788742065
0.999945164 -0.010113708 -0.002691131 0.742513895 0.010184976 0.999557793 0.027937343 -1.963649988 0.002407392 -0.027963227 0.999605954 77.330108643
0.999948621 -0.009940519 -0.001969227 0.768313885 0.009992005 0.999554217 0.028135629 -1.971658707 0.001688668 -0.028153861 0.999602139 77.926834106
0.999951243 -0.009878741 -0.000336577 0.737602592 0.009884310 0.999550939 0.028286979 -1.947997570 0.000056984 -0.028288923 0.999599755 78.438667297
0.999948204 -0.009819142 0.002688364 0.756179035 0.009739561 0.999555826 0.028166726 -1.954799652 -0.002963743 -0.028139085 0.999599636 78.995239258
0.999933004 -0.009855178 0.006057279 0.780028045 0.009676953 0.999538958 0.028779862 -1.965151310 -0.006338118 -0.028719317 0.999567449 79.565246582
0.999915719 -0.009560947 0.008777203 0.800905883 0.009308876 0.999555469 0.028323894 -1.940595627 -0.009044104 -0.028239802 0.999560237 80.156654358
0.999860168 -0.009355054 0.013860398 0.754298806 0.008952290 0.999543846 0.028841216 -1.959703684 -0.014123888 -0.028713098 0.999487877 80.640151978
0.999756932 -0.008804725 0.020210749 0.771399260 0.008222735 0.999554217 0.028700793 -1.955912590 -0.020454444 -0.028527625 0.999383688 81.201126099
0.999627471 -0.009479918 0.025593743 0.825707078 0.008749370 0.999555290 0.028506692 -1.945584297 -0.025852602 -0.028272144 0.999265850 81.737365723
0.999457121 -0.009650797 0.031498544 0.851072431 0.008749384 0.999551773 0.028630989 -1.942233801 -0.031760737 -0.028339852 0.999093533 82.282836914
0.999176323 -0.009396197 0.039475199 0.909538984 0.008272115 0.999558330 0.028543152 -1.924161911 -0.039725956 -0.028193096 0.998812795 82.845176697
0.998798966 -0.009151951 0.048133925 0.933302164 0.007739019 0.999535978 0.029459063 -1.959643364 -0.048381198 -0.029051172 0.998406291 83.336364746
0.998437166 -0.008656722 0.055212907 0.986594200 0.007018617 0.999531329 0.029794086 -1.958611012 -0.055444956 -0.029359998 0.998030007 83.862510681
0.997885227 -0.008981034 0.064377554 1.036709785 0.007105084 0.999545157 0.029309757 -1.953677654 -0.064611502 -0.028790366 0.997495115 84.410957336
0.997185469 -0.009410598 0.074382074 1.097803116 0.007254995 0.999547243 0.029197423 -1.948863745 -0.074623168 -0.028575599 0.996802211 85.030548096
0.996437907 -0.009200136 0.083826967 1.151579857 0.006757225 0.999545395 0.029379593 -1.946963310 -0.084059164 -0.028708497 0.996047139 85.616874695
0.995803237 -0.009542740 0.091021106 1.304169178 0.006872756 0.999538064 0.029602155 -1.964350224 -0.091261551 -0.028852355 0.995408893 86.218643188
0.994736016 -0.009404338 0.102038220 1.215645313 0.006386094 0.999533534 0.029865995 -1.937802553 -0.102271490 -0.029057156 0.994332075 86.641487122
0.993612051 -0.009232317 0.112471335 1.303848267 0.005887147 0.999531388 0.030038340 -1.938444138 -0.112695962 -0.029184321 0.993200839 87.180305481
0.992500961 -0.009333315 0.121880144 1.398985863 0.005682475 0.999525785 0.030267637 -1.951229095 -0.122104824 -0.029348079 0.992083251 87.692878723
0.991144776 -0.010535284 0.132367089 1.506114006 0.006566070 0.999516726 0.030387182 -1.946287870 -0.132623255 -0.029248968 0.990734875 88.274871826
0.989409029 -0.010175542 0.144796938 1.589603424 0.005849426 0.999524653 0.030271558 -1.950456619 -0.145036116 -0.029103978 0.988998234 88.873695374
0.987678587 -0.009536189 0.156205311 1.680237770 0.004937562 0.999543607 0.029801244 -1.898721218 -0.156418249 -0.028662778 0.987274945 89.568527222
0.986088574 -0.009954524 0.165922523 1.793460846 0.005056816 0.999539733 0.029914407 -1.894885302 -0.166143939 -0.028659215 0.985684991 90.117523193
0.983952105 -0.009816027 0.178162411 1.898629189 0.004507809 0.999534488 0.030174652 -1.900846720 -0.178375676 -0.028887291 0.983538389 90.639739990
0.981679499 -0.010635808 0.190242678 2.030147552 0.004963734 0.999529481 0.030266646 -1.901837826 -0.190475106 -0.028767830 0.981270432 91.170265198
0.979589820 -0.011499668 0.200678051 2.191404343 0.005554254 0.999529541 0.030164581 -1.920310020 -0.200930536 -0.028434299 0.979192734 91.738868713
0.976385832 -0.009146276 0.215840325 2.225654602 0.002731279 0.999546170 0.030000612 -1.840407133 -0.216016769 -0.028702654 0.975967646 92.387008667
0.973372877 -0.009996855 0.229009166 2.374746323 0.003185017 0.999541998 0.030095162 -1.836471558 -0.229205132 -0.028564416 0.972958982 92.910491943
0.970580459 -0.010812799 0.240534008 2.528993607 0.003655054 0.999537706 0.030183991 -1.838415384 -0.240749151 -0.028416827 0.970171332 93.440666199
0.967381001 -0.009837831 0.253134966 2.694892883 0.002212877 0.999535680 0.030389192 -1.848171234 -0.253316402 -0.028837768 0.966953635 93.987754822
0.963925302 -0.011501191 0.265924513 2.880180359 0.003472866 0.999524415 0.030640790 -1.870779037 -0.266150475 -0.028611911 0.963506818 94.404731750
0.959806919 -0.009251161 0.280508637 2.975133896 0.000893204 0.999552190 0.029908931 -1.782894135 -0.280659795 -0.028456245 0.959385395 95.227966309
0.956713796 -0.010789042 0.290830523 3.175312042 0.002106744 0.999543190 0.030150075 -1.793818235 -0.291022927 -0.028232286 0.956299424 95.719810486
0.952430248 -0.010433467 0.304578096 3.377275467 0.001297041 0.999543548 0.030183932 -1.785867453 -0.304753989 -0.028353041 0.952009082 96.310974121
0.947834790 -0.009847399 0.318609834 3.588439941 0.000087928 0.999530792 0.030631306 -1.781385660 -0.318762004 -0.029005405 0.947390914 96.825119019
0.943777978 -0.009587538 0.330440730 3.779279709 -0.000394344 0.999545991 0.030127520 -1.781176090 -0.330579519 -0.028563999 0.943345785 97.374847412
0.939302385 -0.009584244 0.342956424 3.968626022 -0.001021884 0.999527156 0.030731525 -1.789793253 -0.343088776 -0.029216658 0.938848495 97.868499756
0.933945417 -0.009304121 0.357294440 4.250917435 -0.001768855 0.999528527 0.030651882 -1.794628382 -0.357411206 -0.029259192 0.933488667 98.435195923
0.929032624 -0.010355150 0.369852871 4.483768463 -0.001083371 0.999527872 0.030706126 -1.790545464 -0.369996250 -0.028927682 0.928582728 99.145576477
0.924261868 -0.010340815 0.381619155 4.718587875 -0.001437811 0.999531746 0.030566834 -1.791867018 -0.381756485 -0.028800452 0.923814178 99.649185181
0.918586016 -0.010627240 0.395078242 4.963455200 -0.001783969 0.999516785 0.031033939 -1.787570953 -0.395217121 -0.029212143 0.918123186 100.152732849
0.912614405 -0.010982418 0.408673793 5.181648254 -0.001895803 0.999514639 0.031093808 -1.785391808 -0.408816934 -0.029151421 0.912150621 100.666648865
0.907714665 -0.011129850 0.419440269 5.437770844 -0.002238853 0.999505460 0.031367011 -1.804556847 -0.419581980 -0.029411361 0.907240868 101.107788086
0.901919246 -0.009994469 0.431789100 5.679782867 -0.004090065 0.999489665 0.031678144 -1.810834408 -0.431885362 -0.030337172 0.901418149 101.627426147
0.894939780 -0.010311545 0.446067810 5.993782043 -0.003460357 0.999542475 0.030048437 -1.728039026 -0.446173549 -0.028435096 0.894494593 102.348670959
0.888899207 -0.011300053 0.457963556 6.267375946 -0.002854835 0.999539733 0.030204399 -1.726682425 -0.458094031 -0.028156074 0.888457716 102.831809998
0.883126438 -0.011475743 0.468994766 6.545707703 -0.003131595 0.999534309 0.030354273 -1.728404045 -0.469124705 -0.028275352 0.882679224 103.311691284
0.875201881 -0.010089248 0.483652771 6.827648163 -0.005026243 0.999538898 0.029946228 -1.714971304 -0.483731836 -0.028639948 0.874747515 103.819892883
0.868493557 -0.010643537 0.495586246 7.136383057 -0.004929212 0.999534607 0.030104902 -1.726411343 -0.495675951 -0.028588759 0.868036926 104.281570435
0.862024069 -0.010345722 0.506761789 7.519180298 -0.005572639 0.999537826 0.029885229 -1.705018520 -0.506836712 -0.028585782 0.861567974 104.959175110
0.854457915 -0.009780832 0.519428551 7.835708618 -0.006306631 0.999553859 0.029195964 -1.697977543 -0.519482374 -0.028222565 0.854014993 105.441612244
