1.000000000 0.000000000 0.000000000 0.000000000 0.000000000 1.000000000 0.000000000 0.000000000 0.000000000 0.000000000 1.000000000 0.000000000
1.000000000 -0.000074136 -0.000019667 0.000027019 0.000074135 1.000000000 -0.000049941 0.000246841 0.000019671 0.000049939 1.000000000 0.000013477
1.000000000 -0.000090192 -0.000009339 -0.000082012 0.000090192 1.000000000 -0.000015286 0.000214338 0.000009340 0.000015285 1.000000000 0.000220206
1.000000000 -0.000021232 0.000089658 -0.000887380 0.000021241 1.000000000 -0.000092938 0.001332135 -0.000089656 0.000092940 1.000000000 0.000790756
1.000000000 -0.000151820 -0.000046109 0.000850082 0.000151819 1.000000000 -0.000030173 0.000687111 0.000046113 0.000030166 1.000000000 0.000597625
1.000000000 -0.000003906 0.000048288 -0.001006616 0.000003904 1.000000000 0.000029482 -0.000308372 -0.000048288 -0.000029482 1.000000000 -0.000938369
1.000000000 0.000017073 0.000038595 -0.000956192 -0.000017067 1.000000000 -0.000155389 0.000653963 -0.000038598 0.000155388 1.000000000 -0.000513141
1.000000000 0.000007069 0.000103120 -0.001006660 -0.000007065 1.000000000 -0.000039067 -0.000352770 -0.000103121 0.000039067 1.000000000 -0.000314886
1.000000000 0.000175858 0.000103389 -0.002078123 -0.000175862 1.000000000 0.000034580 -0.000275779 -0.000103383 -0.000034598 1.000000000 -0.000467941
1.000000000 0.000041795 0.000122164 -0.001365751 -0.000041779 1.000000000 -0.000128746 0.000781582 -0.000122169 0.000128740 1.000000000 -0.000269228
0.999999940 0.000233554 0.000084797 -0.001473873 -0.000233543 0.999999940 -0.000128725 0.000122125 -0.000084828 0.000128705 1.000000000 -0.000638679
1.000000000 0.000013719 0.000086687 -0.001172221 -0.000013718 1.000000000 -0.000013559 0.000369475 -0.000086687 0.000013558 1.000000000 -0.000093361
1.000000000 0.000151170 0.000095322 -0.001696201 -0.000151156 1.000000000 -0.000150786 0.001144295 -0.000095345 0.000150771 1.000000000 0.000546049
1.000000000 0.000178082 0.000058068 -0.000550507 -0.000178077 1.000000000 -0.000093873 0.001122950 -0.000058085 0.000093863 1.000000000 0.000619483
0.999999940 0.000185090 0.000196080 -0.001936752 -0.000185059 1.000000000 -0.000156571 0.001474888 -0.000196109 0.000156535 0.999999940 0.001563236
0.999999940 0.000342941 0.000135442 -0.001775160 -0.000342922 0.999999940 -0.000143241 0.001278554 -0.000135491 0.000143194 1.000000000 0.001430689
0.999999940 0.000330271 0.000204769 -0.001806149 -0.000330245 0.999999940 -0.000126819 0.002135104 -0.000204811 0.000126751 1.000000000 0.002677603
0.999999940 0.000265895 0.000202525 -0.002131541 -0.000265863 0.999999940 -0.000158581 0.001637555 -0.000202567 0.000158527 0.999999940 0.001512726
0.999999940 0.000235005 0.000247637 -0.002495436 -0.000234985 0.999999940 -0.000079229 0.001779755 -0.000247656 0.000079171 0.999999940 0.002276384
0.999999940 0.000213969 0.000149302 -0.001843660 -0.000213957 1.000000000 -0.000082295 0.001917187 -0.000149320 0.000082263 1.000000000 0.002353840
0.999999940 0.000278418 0.000137133 -0.001593521 -0.000278409 0.999999940 -0.000061511 0.001492835 -0.000137150 0.000061473 1.000000000 0.002346738
0.999999940 0.000252417 0.000097586 -0.001481177 -0.000252407 0.999999940 -0.000108140 0.001955921 -0.000097613 0.000108115 1.000000000 0.002544063
0.999999881 0.000420775 0.000201865 -0.002735286 -0.000420750 0.999999881 -0.000124195 0.002453195 -0.000201918 0.000124110 1.000000000 0.003016086
0.999999940 0.000292104 0.000199231 -0.001614874 -0.000292084 0.999999940 -0.000101326 0.001535549 -0.000199260 0.000101268 1.000000000 0.001922567
0.999999940 0.000241251 0.000179794 -0.001078812 -0.000241227 0.999999940 -0.000133894 0.002731274 -0.000179826 0.000133850 1.000000000 0.004259119
0.999999940 0.000290734 0.000209409 -0.002282279 -0.000290726 0.999999940 -0.000038224 0.001151529 -0.000209420 0.000038163 1.000000000 0.002252517
0.999999940 0.000247958 0.000142508 -0.001681113 -0.000247944 0.999999940 -0.000097724 0.002039195 -0.000142532 0.000097688 1.000000000 0.002058110
0.999999940 0.000224859 0.000145818 -0.001276337 -0.000224839 0.999999940 -0.000135653 0.002603546 -0.000145848 0.000135621 1.000000000 0.003455680
0.999999940 0.000269264 0.000205193 -0.001190896 -0.000269241 0.999999940 -0.000111979 0.001846583 -0.000205223 0.000111924 1.000000000 0.002978931
0.999999940 0.000264850 0.000184326 -0.002099920 -0.000264824 0.999999940 -0.000142897 0.002044124 -0.000184363 0.000142848 1.000000000 0.002133200
0.999999940 0.000357628 0.000178005 -0.001502490 -0.000357598 0.999999940 -0.000168084 0.002777895 -0.000178065 0.000168021 0.999999940 0.003486403
0.999999940 0.000261837 0.000259612 -0.001625733 -0.000261809 0.999999940 -0.000107744 0.001124162 -0.000259640 0.000107676 0.999999940 0.001401353
0.999999881 0.000405740 0.000237515 -0.002959726 -0.000405704 0.999999881 -0.000149325 0.001307454 -0.000237576 0.000149228 0.999999940 0.001780378
0.999999940 0.000329097 0.000189881 -0.001878666 -0.000329060 0.999999940 -0.000194090 0.001876196 -0.000189945 0.000194027 0.999999940 0.002228961
0.999999940 0.000238128 0.000193856 -0.001897231 -0.000238097 0.999999940 -0.000161660 0.002288270 -0.000193895 0.000161614 0.999999940 0.002867222
0.999999940 0.000254434 0.000132432 -0.001342345 -0.000254422 0.999999940 -0.000090066 0.002626875 -0.000132455 0.000090032 1.000000000 0.003538978
0.999999881 0.000383293 0.000186137 -0.001781732 -0.000383282 0.999999940 -0.000063295 0.001370934 -0.000186161 0.000063223 1.000000000 0.002399039
0.999999940 0.000389854 0.000141994 -0.001104431 -0.000389844 0.999999940 -0.000064831 0.001969553 -0.000142019 0.000064775 1.000000000 0.001444511
0.999999940 0.000305845 0.000154061 -0.001123531 -0.000305824 0.999999940 -0.000133747 0.001293037 -0.000154102 0.000133699 1.000000000 0.002677451
0.999999881 0.000414266 0.000342895 -0.001927061 -0.000414023 0.999999642 -0.000706443 -0.000253364 -0.000343187 0.000706301 0.999999702 0.050161008
0.999999821 0.000509708 0.000317705 -0.001851067 -0.000509382 0.999999344 -0.001024065 -0.005409005 -0.000318227 0.001023903 0.999999404 0.136035010
0.999998510 0.001705502 0.000190583 -0.005786772 -0.001705210 0.999997377 -0.001523029 -0.007831526 -0.000193180 0.001522702 0.999998808 0.258277923
0.999998569 0.001668284 0.000063345 -0.001660439 -0.001668198 0.999997735 -0.001337705 -0.011839706 -0.000065577 0.001337597 0.999999106 0.389716744
0.999998212 0.001873415 0.000298101 0.000081076 -0.001873050 0.999997497 -0.001221579 -0.015650302 -0.000300389 0.001221019 0.999999225 0.535297155
0.999999166 0.001319319 0.000336213 0.003929489 -0.001318944 0.999998450 -0.001114312 -0.020443555 -0.000337683 0.001113868 0.999999285 0.686282754
0.999999046 0.001383851 0.000102506 0.010738452 -0.001383788 0.999998808 -0.000610895 -0.025505187 -0.000103351 0.000610753 0.999999762 0.849054277
0.999998927 0.001412071 0.000272954 0.010287489 -0.001411852 0.999998689 -0.000799108 -0.028143264 -0.000274082 0.000798722 0.999999642 1.028686166
0.999999285 0.001198942 0.000173275 0.013570130 -0.001198795 0.999998927 -0.000843361 -0.031000935 -0.000174286 0.000843153 0.999999642 1.203491092
0.999998450 0.001765864 0.000493575 0.015679009 -0.001765714 0.999998391 -0.000304384 -0.039605338 -0.000494111 0.000303512 0.999999821 1.396048546
0.999997675 0.002134111 0.000391716 0.017723950 -0.002133966 0.999997675 -0.000369991 -0.042275682 -0.000392505 0.000369154 0.999999881 1.585261106
0.999998927 0.001378889 0.000444185 0.025001969 -0.001378823 0.999999046 -0.000148653 -0.050031986 -0.000444389 0.000148041 0.999999821 1.789685011
0.999998808 0.001537367 0.000405188 0.026096342 -0.001537358 0.999998808 -0.000021304 -0.057908319 -0.000405220 0.000020682 0.999999881 1.985190868
0.999999285 0.001164624 0.000516195 0.030341413 -0.001164724 0.999999285 0.000194332 -0.067603916 -0.000515968 -0.000194933 0.999999821 2.200196028
0.999999166 0.001135479 0.000604276 0.033432472 -0.001135511 0.999999344 0.000052096 -0.070904791 -0.000604217 -0.000052782 0.999999821 2.419809103
0.999997854 0.001873311 0.000784182 0.034759365 -0.001873236 0.999998271 -0.000096170 -0.075458154 -0.000784360 0.000094701 0.999999702 2.645361662
0.999999046 0.001209761 0.000687242 0.046137094 -0.001210072 0.999999166 0.000452642 -0.089229085 -0.000686694 -0.000453473 0.999999642 2.879330873
0.999998868 0.001362156 0.000702022 0.050709829 -0.001362394 0.999999046 0.000338792 -0.091910392 -0.000701560 -0.000339748 0.999999642 3.118860006
0.999998569 0.001518250 0.000710772 0.053819597 -0.001518504 0.999998748 0.000356578 -0.098157175 -0.000710230 -0.000357657 0.999999702 3.369820118
0.999998271 0.001571665 0.000952274 0.055414371 -0.001572143 0.999998689 0.000501461 -0.107456155 -0.000951485 -0.000502958 0.999999404 3.618385315
0.999997437 0.001978217 0.001081460 0.061313629 -0.001978789 0.999997914 0.000527590 -0.111040682 -0.001080414 -0.000529729 0.999999285 3.883984804
0.999998271 0.001631826 0.000879151 0.066172235 -0.001632295 0.999998510 0.000533131 -0.121549748 -0.000878280 -0.000534565 0.999999464 4.138119221
0.999997795 0.001866131 0.001011359 0.071264319 -0.001866519 0.999998152 0.000381998 -0.124300241 -0.001010645 -0.000383885 0.999999344 4.398416996
0.999996960 0.001967107 0.001492762 0.073093399 -0.001967736 0.999997973 0.000419556 -0.131611183 -0.001491934 -0.000422492 0.999998808 4.661671638
0.999998271 0.001430024 0.001183133 0.084281161 -0.001430801 0.999998748 0.000656076 -0.140194952 -0.001182193 -0.000657768 0.999999106 4.918423653
0.999996841 0.001929531 0.001569641 0.086429946 -0.001930636 0.999997854 0.000702478 -0.147440135 -0.001568282 -0.000705506 0.999998569 5.178620815
0.999997616 0.001530744 0.001571428 0.092485607 -0.001531291 0.999998808 0.000346860 -0.152464896 -0.001570895 -0.000349265 0.999998748 5.446584225
0.999997139 0.001946585 0.001410457 0.095731035 -0.001947735 0.999997795 0.000814166 -0.168440089 -0.001408869 -0.000816910 0.999998689 5.706637383
0.999997795 0.001643353 0.001307878 0.099503458 -0.001644371 0.999998331 0.000777873 -0.173541576 -0.001306597 -0.000780022 0.999998868 5.981050014
0.999995887 0.002102918 0.001953470 0.101301663 -0.002104152 0.999997616 0.000630089 -0.179898933 -0.001952140 -0.000634197 0.999997973 6.266315460
0.999995232 0.002366573 0.001993447 0.112477370 -0.002367845 0.999997020 0.000636154 -0.183415353 -0.001991935 -0.000640871 0.999997854 6.562849045
0.999996185 0.002067795 0.001832653 0.111875221 -0.002068824 0.999997675 0.000559947 -0.194329560 -0.001831491 -0.000563736 0.999998152 6.874315739
0.999995232 0.002554075 0.001697451 0.116860919 -0.002554394 0.999996662 0.000185611 -0.199132651 -0.001696972 -0.000189946 0.999998569 7.177606106
0.999995589 0.002550443 0.001486545 0.123647302 -0.002551081 0.999996603 0.000427555 -0.211284652 -0.001485450 -0.000431346 0.999998808 7.469769955
0.999996006 0.002309257 0.001596591 0.132955551 -0.002309880 0.999997258 0.000388433 -0.222910613 -0.001595690 -0.000392119 0.999998569 7.791435719
0.999995232 0.002561369 0.001715493 0.142392755 -0.002561900 0.999996662 0.000307981 -0.226247028 -0.001714698 -0.000312375 0.999998391 8.115887642
0.999994516 0.002675365 0.001981539 0.144340262 -0.002676820 0.999996185 0.000731925 -0.246390998 -0.001979573 -0.000737225 0.999997675 8.414915085
0.999994993 0.002561712 0.001864823 0.147201240 -0.002563014 0.999996483 0.000696299 -0.254476964 -0.001863033 -0.000701075 0.999998033 8.760289192
0.999994814 0.002545889 0.001990811 0.153686360 -0.002547335 0.999996543 0.000724484 -0.260995179 -0.001988960 -0.000729551 0.999997795 9.102365494
0.999992251 0.003291012 0.002175360 0.153600469 -0.003292442 0.999994397 0.000654335 -0.270221531 -0.002173194 -0.000661493 0.999997497 9.440507889
0.999992073 0.003248000 0.002309073 0.158406407 -0.003249394 0.999994516 0.000600390 -0.285697967 -0.002307111 -0.000607888 0.999997079 9.790356636
0.999992788 0.002909311 0.002430046 0.167476520 -0.002911423 0.999995291 0.000865878 -0.297824413 -0.002427517 -0.000872947 0.999996662 10.141857147
0.999993443 0.003030814 0.001966907 0.174029931 -0.003031824 0.999995291 0.000510904 -0.302265316 -0.001965349 -0.000516864 0.999997914 10.517212868
0.999992251 0.003286538 0.002162336 0.179381415 -0.003286977 0.999994636 0.000199633 -0.310931772 -0.002161668 -0.000206739 0.999997616 10.879970551
0.999994338 0.002797661 0.001853449 0.192425758 -0.002798287 0.999996066 0.000335376 -0.320003927 -0.001852503 -0.000340561 0.999998212 11.241744041
0.999993205 0.002946402 0.002191600 0.204174697 -0.002948457 0.999995232 0.000935030 -0.340886265 -0.002188834 -0.000941486 0.999997139 11.627189636
0.999991715 0.003454395 0.002129935 0.211916536 -0.003457142 0.999993205 0.001287308 -0.349034250 -0.002125474 -0.001294661 0.999996901 12.011199951
0.999991834 0.003134340 0.002530301 0.214712322 -0.003137936 0.999994040 0.001418676 -0.366867244 -0.002525839 -0.001426604 0.999995768 12.403287888
0.999993265 0.002972365 0.002143245 0.227303118 -0.002975621 0.999994457 0.001517349 -0.377950847 -0.002138722 -0.001523716 0.999996483 12.790025711
0.999990821 0.003258027 0.002751853 0.229600072 -0.003263457 0.999992728 0.001971167 -0.391079992 -0.002745411 -0.001980130 0.999994218 13.203583717
0.999991477 0.003142064 0.002660810 0.241941869 -0.003146543 0.999993563 0.001681078 -0.401525795 -0.002655511 -0.001689436 0.999995053 13.602858543
0.999988556 0.003519079 0.003247086 0.247347981 -0.003524316 0.999992490 0.001608461 -0.411818057 -0.003241401 -0.001619886 0.999993443 14.013597488
0.999987841 0.003761285 0.003161768 0.255018294 -0.003767452 0.999991119 0.001946847 -0.421314836 -0.003154417 -0.001958736 0.999993086 14.437827110
0.999986768 0.003853909 0.003396339 0.262003005 -0.003859867 0.999991000 0.001749315 -0.434969723 -0.003389567 -0.001762401 0.999992669 14.858261108
0.999988794 0.003307014 0.003363851 0.277951032 -0.003313222 0.999992728 0.001841587 -0.447080642 -0.003357737 -0.001852713 0.999992669 15.296478271
0.999989808 0.003086306 0.003269938 0.293061405 -0.003092362 0.999993443 0.001848412 -0.459385514 -0.003264212 -0.001858506 0.999992967 15.732305527
0.999985158 0.003568609 0.004117425 0.294095337 -0.003576692 0.999991715 0.001957324 -0.471448511 -0.004110406 -0.001972021 0.999989629 16.180200577
0.999981523 0.004032287 0.004553621 0.298581958 -0.004041915 0.999989569 0.002107052 -0.483925164 -0.004545077 -0.002125418 0.999987483 16.608621597
0.999982953 0.003826043 0.004431183 0.314736784 -0.003833282 0.999991357 0.001626328 -0.495214820 -0.004424923 -0.001643286 0.999988854 17.054265976
0.999983490 0.003548546 0.004520638 0.327597857 -0.003558269 0.999991298 0.002144468 -0.517503738 -0.004512989 -0.002160519 0.999987483 17.537338257
0.999980450 0.003648083 0.005068965 0.336978495 -0.003659967 0.999990582 0.002337216 -0.531001925 -0.005060390 -0.002355723 0.999984384 18.003711700
0.999982536 0.003169369 0.004983261 0.349845588 -0.003178407 0.999993384 0.001806947 -0.535045624 -0.004977501 -0.001822754 0.999985874 18.477764130
0.999976873 0.003495051 0.005837082 0.355714947 -0.003507558 0.999991715 0.002133857 -0.551982284 -0.005829576 -0.002154281 0.999980688 18.956491470
0.999979377 0.003733273 0.005234919 0.373603761 -0.003743702 0.999991059 0.001983813 -0.560072184 -0.005227465 -0.002003370 0.999984324 19.435100555
0.999972999 0.004219278 0.006025350 0.386134744 -0.004232147 0.999988854 0.002124556 -0.576948464 -0.006016318 -0.002149998 0.999979615 19.925472260
0.999972463 0.004053454 0.006216406 0.384425640 -0.004069758 0.999988317 0.002612277 -0.601142049 -0.006205744 -0.002637505 0.999977291 20.411123276
0.999975801 0.003776486 0.005842496 0.403083622 -0.003789798 0.999990225 0.002269079 -0.612276614 -0.005833868 -0.002291166 0.999980450 20.904203415
0.999980032 0.003615751 0.005175937 0.416971713 -0.003625541 0.999991715 0.001883130 -0.618778229 -0.005169084 -0.001901859 0.999984801 21.415710449
0.999979377 0.003854083 0.005141995 0.420677751 -0.003865879 0.999990046 0.002286274 -0.643860281 -0.005133132 -0.002306106 0.999984145 21.897796631
0.999980211 0.003895456 0.004945994 0.434955746 -0.003907660 0.999989331 0.002460366 -0.656789660 -0.004936357 -0.002479644 0.999984741 22.416250229
0.999982059 0.004440799 0.004033062 0.445048064 -0.004449441 0.999987841 0.002136316 -0.666972935 -0.004023525 -0.002154222 0.999989510 22.927217484
0.999986053 0.003443585 0.003997735 0.449294925 -0.003452735 0.999991417 0.002284060 -0.687587380 -0.003989835 -0.002297832 0.999989331 23.433219910
0.999988735 0.003426884 0.003279520 0.461540341 -0.003435448 0.999990702 0.002609328 -0.702696979 -0.003270547 -0.002620565 0.999991179 23.964017868
0.999993801 0.002295089 0.002653789 0.470121324 -0.002300550 0.999995291 0.002056213 -0.718747914 -0.002649056 -0.002062305 0.999994338 24.474151611
0.999989688 0.003532653 0.002854967 0.467009187 -0.003540971 0.999989450 0.002913854 -0.740500212 -0.002844643 -0.002923932 0.999991655 24.994895935
0.999989808 0.003974615 0.002144324 0.482083768 -0.003980319 0.999988556 0.002662744 -0.747048140 -0.002133716 -0.002671252 0.999994099 25.519546509
0.999990523 0.004050829 0.001589640 0.485694140 -0.004055985 0.999986470 0.003254368 -0.774579525 -0.001576436 -0.003260785 0.999993384 26.069229126
0.999984086 0.005421571 0.001570981 0.491542608 -0.005427041 0.999979258 0.003498545 -0.790145278 -0.001551980 -0.003507015 0.999992609 26.617778778
0.999993920 0.003403235 0.000877741 0.511151314 -0.003406144 0.999988616 0.003333482 -0.798531175 -0.000866387 -0.003336451 0.999993980 27.172527313
0.999994755 0.003211244 0.000410760 0.523685157 -0.003212553 0.999989569 0.003227311 -0.811699748 -0.000400392 -0.003228613 0.999994695 27.718181610
0.999990880 0.004239380 0.000490093 0.530753672 -0.004240911 0.999985993 0.003164951 -0.828878701 -0.000476669 -0.003167000 0.999994814 28.251213074
0.999990225 0.004399111 0.000459960 0.538520634 -0.004400533 0.999985337 0.003137921 -0.839731216 -0.000446149 -0.003139914 0.999994993 28.797525406
0.999991536 0.004096349 -0.000297951 0.553324282 -0.004095317 0.999985874 0.003385202 -0.854098797 0.000311814 -0.003383953 0.999994159 29.341617584
0.999988377 0.004771105 -0.000695822 0.562250197 -0.004769268 0.999985218 0.002618407 -0.859863877 0.000708304 -0.002615058 0.999996305 29.897529602
0.999990523 0.004220017 -0.001070433 0.572323442 -0.004216975 0.999987245 0.002827488 -0.872146249 0.001082352 -0.002822948 0.999995410 30.416900635
0.999990702 0.004211451 -0.000961319 0.581430674 -0.004208680 0.999987066 0.002866397 -0.889209092 0.000973378 -0.002862324 0.999995410 30.963216782
0.999990225 0.004288350 -0.001071589 0.587681115 -0.004285313 0.999986827 0.002821770 -0.900997996 0.001083675 -0.002817150 0.999995470 31.488462448
0.999985218 0.005389421 -0.000714155 0.591201723 -0.005387580 0.999982297 0.002554299 -0.911507607 0.000727909 -0.002550414 0.999996543 32.040924072
0.999986351 0.005122203 -0.001042104 0.604811788 -0.005119411 0.999983311 0.002665848 -0.930490613 0.001055742 -0.002660477 0.999995887 32.567173004
0.999986470 0.004978392 -0.001513618 0.612293720 -0.004973830 0.999983072 0.003002962 -0.945912719 0.001528543 -0.002995393 0.999994397 33.113445282
0.999987721 0.004669426 -0.001694323 0.621782660 -0.004663499 0.999983072 0.003485926 -0.966921091 0.001710571 -0.003477981 0.999992490 33.663082123
0.999985754 0.004893707 -0.002133731 0.637215078 -0.004887142 0.999983370 0.003071270 -0.973523319 0.002148725 -0.003060799 0.999993026 34.167892456
0.999986112 0.004390096 -0.002917856 0.649580538 -0.004380221 0.999984741 0.003382010 -0.989336967 0.002932659 -0.003369182 0.999990106 34.709068298
0.999983668 0.004651060 -0.003332288 0.656217456 -0.004640837 0.999984562 0.003068825 -1.006652594 0.003346510 -0.003053310 0.999989748 35.228031158
0.999987066 0.003683316 -0.003503187 0.667967081 -0.003674772 0.999990344 0.002442251 -1.010669947 0.003512149 -0.002429346 0.999990880 35.794017792
0.999987245 0.004078018 -0.003015488 0.675006926 -0.004071316 0.999989271 0.002225513 -1.022396684 0.003024531 -0.002213208 0.999992967 36.358062744
0.999985158 0.004610648 -0.002891021 0.692893386 -0.004601810 0.999984682 0.003056379 -1.040428400 0.002905068 -0.003043029 0.999991179 36.834098816
0.999981225 0.005261566 -0.003153205 0.699983358 -0.005253047 0.999982536 0.002703956 -1.051103950 0.003167377 -0.002687341 0.999991417 37.385124207
0.999981523 0.004909056 -0.003585108 0.715435982 -0.004900294 0.999984980 0.002448619 -1.062565565 0.003597074 -0.002431006 0.999990582 37.933883667
0.999983191 0.004791913 -0.003266666 0.720255613 -0.004783495 0.999985158 0.002579640 -1.076432467 0.003278979 -0.002563971 0.999991357 38.451774597
0.999984920 0.004105916 -0.003647528 0.735326886 -0.004097144 0.999988616 0.002409097 -1.086345553 0.003657378 -0.002394116 0.999990463 38.998870850
0.999984622 0.004571622 -0.003142648 0.737310946 -0.004562425 0.999985218 0.002927598 -1.106001496 0.003155987 -0.002913214 0.999990761 39.507923126
0.999984801 0.004398992 -0.003320466 0.745356500 -0.004390961 0.999987364 0.002422350 -1.117933273 0.003331080 -0.002407732 0.999991477 40.054477692
0.999985158 0.004074000 -0.003609988 0.754406333 -0.004064665 0.999988317 0.002589477 -1.134025812 0.003620496 -0.002574765 0.999990106 40.581428528
0.999986351 0.003303333 -0.004062285 0.770621777 -0.003293953 0.999991834 0.002313846 -1.148255944 0.004069895 -0.002300433 0.999989033 41.123710632
0.999985099 0.003661609 -0.004036807 0.779036403 -0.003652454 0.999990702 0.002272933 -1.157950640 0.004045091 -0.002258155 0.999989271 41.684680939
0.999983728 0.003982801 -0.004080026 0.799312770 -0.003972053 0.999988616 0.002639082 -1.181910157 0.004090490 -0.002622833 0.999988198 42.200588226
0.999981523 0.004199447 -0.004392232 0.811400533 -0.004190529 0.999989152 0.002037280 -1.190104485 0.004400739 -0.002018837 0.999988258 42.750106812
0.999978721 0.004652136 -0.004576530 0.823618710 -0.004639590 0.999985397 0.002748225 -1.212177396 0.004589248 -0.002726933 0.999985754 43.270591736
0.999982536 0.004266953 -0.004076690 0.811536014 -0.004256225 0.999987483 0.002636345 -1.224127531 0.004087888 -0.002618947 0.999988198 43.810253143
0.999982715 0.004273483 -0.004039146 0.818275213 -0.004264016 0.999988139 0.002349677 -1.234420538 0.004049139 -0.002332413 0.999989092 44.346378326
0.999983609 0.003974672 -0.004154114 0.824818492 -0.003961887 0.999987423 0.003081370 -1.245157480 0.004166310 -0.003064861 0.999986649 44.885547638
0.999983728 0.004144472 -0.003938758 0.833943844 -0.004134902 0.999988496 0.002434428 -1.254486561 0.003948802 -0.002418101 0.999989271 45.443069458
0.999983251 0.004743906 -0.003359298 0.837620318 -0.004735197 0.999985516 0.002595630 -1.270483971 0.003371564 -0.002579679 0.999991059 45.990200043
0.999984801 0.003999665 -0.003786193 0.837916672 -0.003990922 0.999989331 0.002313661 -1.278587580 0.003795407 -0.002298515 0.999990165 46.495517731
0.999982953 0.003931368 -0.004324212 0.852708995 -0.003920486 0.999989152 0.002522191 -1.286797643 0.004334082 -0.002505195 0.999987483 47.048179626
0.999985099 0.003806685 -0.003916629 0.851113260 -0.003797039 0.999989748 0.002467155 -1.303270340 0.003925981 -0.002452247 0.999989271 47.583202362
0.999985456 0.004148692 -0.003453377 0.858486652 -0.004140671 0.999988735 0.002326543 -1.317630172 0.003462990 -0.002312210 0.999991298 48.120464325
0.999987423 0.003101508 -0.003936596 0.872857928 -0.003090873 0.999991536 0.002704906 -1.332610130 0.003944951 -0.002692704 0.999988616 48.658668518
0.999988794 0.002665332 -0.003927773 0.879083216 -0.002655516 0.999993324 0.002502150 -1.343919635 0.003934415 -0.002491692 0.999989212 49.199146271
0.999987602 0.003320990 -0.003726825 0.895123959 -0.003310671 0.999990642 0.002771656 -1.359607935 0.003735995 -0.002759283 0.999989212 49.733261108
0.999988198 0.003239889 -0.003625770 0.894996107 -0.003231479 0.999992013 0.002323235 -1.364781022 0.003633268 -0.002311491 0.999990702 50.274719238
0.999990225 0.002693731 -0.003522580 0.906393230 -0.002686329 0.999994218 0.002104386 -1.380919099 0.003528229 -0.002094902 0.999991596 50.806987762
0.999987662 0.002980483 -0.003970549 0.917102456 -0.002971561 0.999993026 0.002251066 -1.392487764 0.003977231 -0.002239239 0.999989569 51.345066071
0.999984443 0.002313263 -0.005067753 0.932964146 -0.002299476 0.999993563 0.002724563 -1.411546946 0.005074022 -0.002712868 0.999983430 51.883163452
0.999988616 0.003107159 -0.003605240 0.924111247 -0.003100651 0.999993563 0.001809207 -1.412526608 0.003610838 -0.001798008 0.999991894 52.420215607
0.999988019 0.003200759 -0.003738130 0.935566247 -0.003195045 0.999993682 0.001533462 -1.422550201 0.003743015 -0.001521499 0.999991834 52.966476440
0.999986112 0.003521415 -0.003934010 0.946452975 -0.003515308 0.999992549 0.001558066 -1.441186070 0.003939467 -0.001544215 0.999991059 53.514308929
0.999986708 0.003786319 -0.003505509 0.948457181 -0.003780440 0.999991417 0.001682206 -1.457557201 0.003511848 -0.001668932 0.999992430 54.024211884
0.999986649 0.004071464 -0.003155048 0.950968266 -0.004066957 0.999990702 0.001433702 -1.470482111 0.003160856 -0.001420852 0.999993920 54.548179626
0.999985754 0.004145296 -0.003340536 0.961557031 -0.004139945 0.999990165 0.001607192 -1.486152530 0.003347167 -0.001593340 0.999993086 55.096878052
0.999988675 0.003267688 -0.003467677 0.975562632 -0.003263285 0.999993861 0.001274825 -1.498390794 0.003471823 -0.001263494 0.999993145 55.617115021
0.999986649 0.004080673 -0.003179304 0.978670716 -0.004074305 0.999989688 0.002006639 -1.518943548 0.003187459 -0.001993658 0.999992907 56.152446747
0.999986410 0.003739412 -0.003633437 0.991983771 -0.003733776 0.999991834 0.001556571 -1.530433655 0.003639227 -0.001542984 0.999992192 56.690189362
0.999984682 0.004275459 -0.003503684 1.002011061 -0.004270347 0.999989808 0.001464923 -1.546475649 0.003509911 -0.001449939 0.999992788 57.223628998
0.999986768 0.003774643 -0.003502048 1.006982923 -0.003769038 0.999991536 0.001605886 -1.559402347 0.003508080 -0.001592666 0.999992490 57.748779297
0.999985397 0.004222017 -0.003355236 1.012529135 -0.004217422 0.999990165 0.001375210 -1.572253942 0.003361009 -0.001361040 0.999993443 58.272171021
0.999984682 0.004094913 -0.003714411 1.020152807 -0.004091724 0.999991298 0.000865724 -1.580965281 0.003717924 -0.000850512 0.999992788 58.810691833
0.999987006 0.003826409 -0.003374344 1.030846119 -0.003820673 0.999991238 0.001704913 -1.599416971 0.003380836 -0.001691998 0.999992847 59.329452515
0.999984384 0.004171103 -0.003722557 1.040211678 -0.004166491 0.999990582 0.001245917 -1.610628605 0.003727717 -0.001230388 0.999992251 59.867584229
0.999984801 0.003927426 -0.003874895 1.050268769 -0.003921926 0.999991298 0.001426309 -1.618907213 0.003880461 -0.001411090 0.999991477 60.399185181
0.999985278 0.003936367 -0.003733178 1.054573774 -0.003931734 0.999991477 0.001247684 -1.637309194 0.003738058 -0.001232987 0.999992251 60.926387787
0.999985874 0.003828759 -0.003689877 1.065126419 -0.003823702 0.999991655 0.001376401 -1.649826407 0.003695115 -0.001362273 0.999992251 61.468334198
0.999986291 0.004039763 -0.003324205 1.066394925 -0.004036225 0.999991238 0.001070426 -1.666077375 0.003328499 -0.001056994 0.999993920 62.003059387
0.999987900 0.003759974 -0.003170726 1.075140238 -0.003757889 0.999992669 0.000662875 -1.672208786 0.003173196 -0.000650951 0.999994695 62.531539917
0.999985337 0.004305542 -0.003290141 1.081945419 -0.004301949 0.999990165 0.001098567 -1.688015580 0.003294839 -0.001084397 0.999993980 63.064826965
0.999985695 0.004505418 -0.002906604 1.092082858 -0.004502431 0.999989331 0.001033439 -1.709833026 0.002911229 -0.001020337 0.999995232 63.612861633
0.999986053 0.004198685 -0.003196395 1.098262072 -0.004196094 0.999990880 0.000817216 -1.720456600 0.003199797 -0.000803792 0.999994516 64.114517212
0.999985993 0.004244505 -0.003190195 1.097013593 -0.004242033 0.999990702 0.000781202 -1.731444597 0.003193480 -0.000767658 0.999994636 64.655914307
0.999987602 0.003794938 -0.003216754 1.110933065 -0.003792637 0.999992549 0.000720800 -1.744366646 0.003219465 -0.000708591 0.999994576 65.197723389
0.999987900 0.003960063 -0.002925534 1.109895110 -0.003957390 0.999991775 0.000919149 -1.763412237 0.002929148 -0.000907561 0.999995291 65.717201233
0.999987543 0.004300597 -0.002526167 1.109702587 -0.004298707 0.999990463 0.000752803 -1.777008772 0.002529380 -0.000741935 0.999996543 66.255996704
0.999985635 0.004827971 -0.002310168 1.118144274 -0.004828519 0.999988258 -0.000231868 -1.788214207 0.002309021 0.000243020 0.999997318 66.806472778
0.999987006 0.004450031 -0.002494326 1.130017400 -0.004447804 0.999989688 0.000897182 -1.808763623 0.002498293 -0.000886076 0.999996483 67.320625305
0.999989748 0.003664837 -0.002678991 1.138696551 -0.003663985 0.999993205 0.000322815 -1.818100929 0.002680156 -0.000312996 0.999996364 67.857521057
0.999986053 0.004671289 -0.002465451 1.145592928 -0.004669560 0.999988854 0.000706587 -1.842555642 0.002468723 -0.000695065 0.999996722 68.387184143
0.999985337 0.004694316 -0.002680596 1.151292801 -0.004691651 0.999988556 0.000999305 -1.856409550 0.002685256 -0.000986714 0.999995947 68.930511475
0.999984801 0.004935456 -0.002462926 1.159268379 -0.004934397 0.999987721 0.000435428 -1.873281479 0.002465045 -0.000423268 0.999996901 69.452011108
0.999986053 0.004880894 -0.002027392 1.164101124 -0.004880818 0.999988019 0.000042241 -1.882277250 0.002027574 -0.000032345 0.999997973 70.009056091
0.999988973 0.003984496 -0.002488489 1.172076225 -0.003982146 0.999991596 0.000948639 -1.907118320 0.002492247 -0.000938719 0.999996483 70.511199951
0.999991477 0.003275770 -0.002518451 1.182628155 -0.003273410 0.999994159 0.000940278 -1.920488119 0.002521516 -0.000932026 0.999996424 71.056076050
0.999988496 0.004110004 -0.002463437 1.193052888 -0.004107635 0.999991119 0.000966076 -1.937966585 0.002467386 -0.000955947 0.999996424 71.574836731
0.999987900 0.004330740 -0.002307692 1.201086402 -0.004328944 0.999990344 0.000782994 -1.954926014 0.002311060 -0.000772995 0.999997020 72.109451294
0.999987364 0.004485715 -0.002265441 1.212534189 -0.004483272 0.999989450 0.001082507 -1.969066381 0.002270272 -0.001072337 0.999996841 72.668060303
0.999985993 0.004825917 -0.002180710 1.213353276 -0.004823971 0.999987960 0.000896822 -1.979567647 0.002185012 -0.000886290 0.999997139 73.173706055
0.999987066 0.004605835 -0.002146608 1.226799965 -0.004604624 0.999989212 0.000568754 -1.994790792 0.002149206 -0.000558862 0.999997497 73.707069397
0.999986768 0.004667378 -0.002104531 1.237942934 -0.004665323 0.999988616 0.000980187 -2.007322073 0.002109082 -0.000970356 0.999997377 74.261207581
0.999986827 0.004618323 -0.002239734 1.247642636 -0.004616624 0.999988973 0.000763195 -2.026757240 0.002243233 -0.000752845 0.999997199 74.761802673
0.999986053 0.004798836 -0.002206837 1.259433508 -0.004797556 0.999988258 0.000585079 -2.044225931 0.002209620 -0.000574483 0.999997377 75.288063049
0.999982178 0.005624176 -0.002015242 1.260641336 -0.005622930 0.999984026 0.000623141 -2.058676004 0.002018715 -0.000611798 0.999997795 75.822067261
0.999986291 0.004831653 -0.002076494 1.273854613 -0.004830308 0.999988139 0.000652508 -2.074965239 0.002079621 -0.000642469 0.999997556 76.357719421
0.999983251 0.005350688 -0.002181576 1.285303593 -0.005349863 0.999985635 0.000383527 -2.088856936 0.002183597 -0.000371849 0.999997437 76.902976990
0.999984682 0.005055288 -0.002254676 1.288371205 -0.005053042 0.999986827 0.001000701 -2.107527018 0.002259703 -0.000989292 0.999996960 77.417060852
0.999984622 0.005091121 -0.002201663 1.299661636 -0.005089762 0.999986827 0.000623185 -2.124758244 0.002204806 -0.000611970 0.999997377 77.936752319
0.999983191 0.005400725 -0.002135638 1.308258057 -0.005399991 0.999985397 0.000349684 -2.134538412 0.002137495 -0.000338146 0.999997616 78.489685059
0.999981344 0.005506545 -0.002641223 1.323288918 -0.005506226 0.999984741 0.000127979 -2.150002956 0.002641887 -0.000113433 0.999996483 79.044265747
0.999984503 0.005115644 -0.002200045 1.326753616 -0.005113688 0.999986529 0.000892901 -2.170661926 0.002204583 -0.000881637 0.999997139 79.527580261
0.999985397 0.005254908 -0.001220301 1.340351939 -0.005253994 0.999985874 0.000751008 -2.183682919 0.001224231 -0.000744586 0.999998987 80.054016113
0.999983013 0.005799610 0.000629826 1.348222494 -0.005800019 0.999982893 0.000650149 -2.201022148 -0.000626045 -0.000653791 0.999999583 80.602600098
0.999991000 0.004177134 0.000677522 1.370788693 -0.004177449 0.999991179 0.000466400 -2.210142136 -0.000675568 -0.000469226 0.999999642 81.129623413
0.999986589 0.004672172 0.002245088 1.377434611 -0.004673704 0.999988854 0.000677693 -2.225821495 -0.002241896 -0.000688177 0.999997258 81.673156738
0.999975383 0.004726749 0.005174736 1.399815679 -0.004728873 0.999988735 0.000398347 -2.240365267 -0.005172795 -0.000422808 0.999986470 82.198410034
0.999953926 0.004296174 0.008584210 1.420472145 -0.004304400 0.999990284 0.000940081 -2.259930849 -0.008580087 -0.000976987 0.999962628 82.735511780
0.999918044 0.004518435 0.011972613 1.433939099 -0.004521956 0.999989748 0.000266985 -2.262462378 -0.011971283 -0.000321103 0.999928296 83.284156799
0.999868751 0.004480309 0.015566641 1.460089922 -0.004487503 0.999989867 0.000427280 -2.274228334 -0.015564568 -0.000497080 0.999878705 83.835716248
0.999744892 0.004914060 0.022043182 1.481195688 -0.004925502 0.999987781 0.000464821 -2.292449474 -0.022040624 -0.000573276 0.999756873 84.357650757
0.999594569 0.004878392 0.028049961 1.511273146 -0.004889620 0.999988019 0.000331748 -2.306629419 -0.028048011 -0.000468767 0.999606431 84.904251099
0.999408722 0.004894304 0.034031603 1.543434978 -0.004917237 0.999987781 0.000590200 -2.323670387 -0.034028299 -0.000757192 0.999420583 85.449050903
0.999107897 0.004180979 0.042023364 1.593053579 -0.004220058 0.999990761 0.000841239 -2.342075109 -0.042019460 -0.001017830 0.999116302 85.997642517
0.998703063 0.004416370 0.050721474 1.635479212 -0.004425885 0.999990165 0.000075260 -2.357723951 -0.050720658 -0.000299650 0.998712778 86.556922913
0.998298168 0.004492916 0.058143876 1.680940390 -0.004526174 0.999989688 0.000440307 -2.373591423 -0.058141299 -0.000702727 0.998308122 87.107872009
0.997777939 0.003724183 0.066523328 1.736259937 -0.003732785 0.999992967 0.000005023 -2.384241104 -0.066522852 -0.000253330 0.997784853 87.664535522
0.997064888 0.003819049 0.076466486 1.801090717 -0.003838051 0.999992609 0.000101543 -2.401610136 -0.076465532 -0.000394727 0.997072160 88.175430298
0.996336579 0.003452414 0.085448474 1.869692326 -0.003463942 0.999993980 -0.000013342 -2.410396576 -0.085448004 -0.000282695 0.996342659 88.751846313
0.995703876 0.003646444 0.092522457 1.931773663 -0.003661810 0.999993324 -0.000003685 -2.427963257 -0.092521854 -0.000335131 0.995710552 89.341598511
0.994675696 0.004324142 0.102963731 2.004846573 -0.004342785 0.999990582 -0.000043110 -2.439108849 -0.102962956 -0.000404269 0.994685113 89.879798889
0.993601918 0.003153593 0.112895153 2.107048988 -0.003139969 0.999995053 -0.000298484 -2.459934235 -0.112895519 -0.000057913 0.993606985 90.449859619
0.992510796 0.002503041 0.122131728 2.189995766 -0.002492384 0.999996841 -0.000240032 -2.477993488 -0.122131951 -0.000066165 0.992513895 90.984466553
0.991017044 0.002848401 0.133705944 2.290925026 -0.002855970 0.999996006 -0.000135181 -2.489689827 -0.133705795 -0.000247894 0.991021037 91.537284851
0.989330471 0.002302195 0.145670488 2.396482468 -0.002252095 0.999997318 -0.000508838 -2.505856514 -0.145671278 0.000175345 0.989333034 92.095283508
0.987737894 0.001678611 0.156112075 2.508419037 -0.001643887 0.999998569 -0.000351536 -2.518177271 -0.156112447 0.000090595 0.987739265 92.643272400
0.985964596 0.000922976 0.166951999 2.622193336 -0.000832297 0.999999464 -0.000613115 -2.536793470 -0.166952491 0.000465556 0.985964775 93.210449219
0.983666837 0.000577384 0.179997981 2.741169930 -0.000558505 0.999999881 -0.000155565 -2.554381609 -0.179998085 0.000052494 0.983667016 93.748558044
0.981377721 0.000102411 0.192087680 2.877102852 -0.000052913 0.999999940 -0.000262817 -2.574717760 -0.192087680 0.000247759 0.981377721 94.296661377
0.979308248 -0.000238205 0.202374205 3.003671646 0.000303960 0.999999881 -0.000293841 -2.589714527 -0.202374101 0.000349275 0.979308248 94.833679199
0.976515591 -0.000320288 0.215446472 3.153255463 0.000301797 0.999999940 0.000118724 -2.607275248 -0.215446487 -0.000050915 0.976515591 95.363586426
0.973446250 -0.000928440 0.228913590 3.292201996 0.000967015 0.999999523 -0.000056345 -2.618780613 -0.228913441 0.000276212 0.973446727 95.895286560
0.971081614 -0.002359236 0.238736182 3.453191757 0.002674255 0.999995887 -0.000995630 -2.626031637 -0.238732874 0.001605280 0.971083939 96.424530029
0.967985809 -0.001134270 0.251002282 3.599079132 0.001358053 0.999998808 -0.000718345 -2.649810791 -0.251001179 0.001036222 0.967986226 97.013702393
0.964302838 -0.000458930 0.264801413 3.764009476 0.000421918 0.999999881 0.000196651 -2.669764757 -0.264801502 -0.000077906 0.964302957 97.532295227
0.960809767 -0.000769799 0.277207255 3.934082031 0.000953960 0.999999464 -0.000529481 -2.680564642 -0.277206659 0.000773175 0.960809946 98.066024780
0.957455397 -0.001459135 0.288577437 4.124813080 0.001605797 0.999998748 -0.000271489 -2.696442604 -0.288576663 0.000723335 0.957456470 98.603927612
0.953024030 -0.002889067 0.302880943 4.349069595 0.003044467 0.999995351 -0.000040929 -2.720877647 -0.302879423 0.000961118 0.953028381 99.201194763
0.948543072 -0.003901460 0.316624105 4.553607941 0.004033363 0.999991775 0.000238800 -2.735261202 -0.316622436 0.001050548 0.948551059 99.726425171
0.944527447 -0.003546847 0.328413427 4.760580063 0.003691279 0.999993205 0.000183637 -2.743504286 -0.328411847 0.001038815 0.944534063 100.244026184
0.940033793 -0.004452742 0.341052383 4.976655960 0.004593562 0.999989271 0.000394632 -2.759641886 -0.341050535 0.001195678 0.940044224 100.770599365
0.934528410 -0.003522094 0.355871022 5.166404724 0.003734978 0.999992967 0.000088870 -2.795526028 -0.355868816 0.001246119 0.934535086 101.312530518
0.929712057 -0.004011294 0.368265420 5.393236160 0.004314547 0.999990702 -0.000000079 -2.810109854 -0.368262023 0.001588972 0.929720640 101.821044922
0.924851954 -0.004271182 0.380303353 5.616125107 0.004506486 0.999989808 0.000271642 -2.820547819 -0.380300611 0.001462604 0.924861789 102.328666687
0.918928802 -0.004148256 0.394401699 5.833919525 0.004445480 0.999990046 0.000160081 -2.833797216 -0.394398451 0.001606202 0.918938160 102.821472168
0.913357615 -0.005177727 0.407125384 6.127975464 0.005186404 0.999985993 0.001082253 -2.863048792 -0.407125294 0.001123033 0.913371563 103.384338379
0.908338785 -0.004924899 0.418206125 6.373939514 0.004915868 0.999987364 0.001098891 -2.879788637 -0.418206185 0.001057681 0.908351481 103.866333008
0.902922153 -0.006660840 0.429752469 6.639694214 0.006808862 0.999976099 0.001193267 -2.891887188 -0.429750174 0.001848698 0.902945876 104.363418579
0.896218479 -0.006027579 0.443572044 6.906352997 0.006036674 0.999980807 0.001391624 -2.908064365 -0.443571925 0.001430501 0.896237671 104.868934631
0.890589833 -0.007968480 0.454737604 7.206996918 0.008182583 0.999965370 0.001497300 -2.929392338 -0.454733759 0.002387448 0.890624166 105.388061523
0.884697139 -0.008199209 0.466094226 7.483161926 0.008304039 0.999963820 0.001828715 -2.944106817 -0.466092348 0.002252606 0.884733200 105.874237061
0.877359331 -0.008531619 0.479758114 7.766658783 0.008639422 0.999960721 0.001983095 -2.961560249 -0.479756236 0.002404946 0.877398551 106.340141296
0.870290875 -0.009047189 0.492455095 8.073822021 0.009269892 0.999955058 0.001988568 -2.969230413 -0.492450893 0.002834375 0.870335579 106.814895630
0.864160895 -0.009282531 0.503129959 8.370712280 0.009566059 0.999952197 0.002018313 -2.982002735 -0.503124714 0.003068825 0.864208281 107.278091431
