1.000000000 0.000000000 0.000000000 0.000000000 0.000000000 1.000000000 0.000000000 0.000000000 0.000000000 0.000000000 1.000000000 0.000000000
1.000000000 0.000021706 -0.000021929 0.000423870 -0.000021707 1.000000000 -0.000039858 0.000811043 0.000021929 0.000039859 1.000000000 0.000480076
1.000000000 0.000027247 0.000033093 -0.000054498 -0.000027248 1.000000000 0.000036588 0.000067569 -0.000033092 -0.000036589 1.000000000 0.000081295
1.000000000 -0.000138051 0.000052623 -0.000102295 0.000138053 1.000000000 -0.000029124 0.000850526 -0.000052619 0.000029132 1.000000000 0.000353136
1.000000000 -0.000142002 0.000029655 -0.000050222 0.000142001 1.000000000 0.000031103 -0.000129984 -0.000029659 -0.000031099 1.000000000 -0.000536889
1.000000000 0.000024750 0.000116431 -0.000456595 -0.000024747 1.000000000 -0.000028833 0.000835018 -0.000116432 0.000028830 1.000000000 0.000080868
1.000000000 -0.000094040 0.000058637 0.000223639 0.000094041 1.000000000 -0.000003123 0.000479004 -0.000058636 0.000003128 1.000000000 0.000220654
1.000000000 0.000009386 0.000047916 -0.000406657 -0.000009390 1.000000000 0.000095110 -0.000111528 -0.000047916 -0.000095111 1.000000000 -0.000124354
1.000000000 -0.000047846 -0.000006462 -0.000773987 0.000047845 1.000000000 -0.000091082 0.000032292 0.000006467 0.000091082 1.000000000 -0.000821606
1.000000000 -0.000054502 0.000078221 -0.000130140 0.000054499 1.000000000 0.000036702 -0.000654101 -0.000078223 -0.000036698 1.000000000 -0.000246449
1.000000000 0.000071647 0.000053158 -0.000837953 -0.000071650 1.000000000 0.000056662 -0.000895474 -0.000053154 -0.000056666 1.000000000 -0.000628407
1.000000000 -0.000041866 0.000071279 -0.001124309 0.000041864 1.000000000 0.000039440 -0.000460203 -0.000071280 -0.000039437 1.000000000 -0.001071889
1.000000000 0.000049521 0.000031894 -0.000851557 -0.000049519 1.000000000 -0.000071387 -0.000314216 -0.000031898 0.000071386 1.000000000 -0.001390749
1.000000000 0.000042968 0.000065740 -0.001125454 -0.000042967 1.000000000 -0.000022709 0.000596088 -0.000065741 0.000022706 1.000000000 0.000649538
1.000000000 0.000034429 0.000050397 -0.001002907 -0.000034423 1.000000000 -0.000121678 0.001327896 -0.000050401 0.000121676 1.000000000 0.000940392
1.000000000 0.000010009 -0.000026938 0.000305220 -0.000010011 1.000000000 -0.000079097 0.001261616 0.000026937 0.000079097 1.000000000 0.001227750
1.000000000 0.000098947 0.000112188 -0.001051336 -0.000098928 1.000000000 -0.000161537 0.002334363 -0.000112204 0.000161526 1.000000000 0.002544862
1.000000000 0.000185788 0.000086430 -0.001360632 -0.000185774 0.999999940 -0.000171398 0.001884744 -0.000086462 0.000171382 1.000000000 0.001544696
1.000000000 0.000185599 0.000154877 -0.001532170 -0.000185583 1.000000000 -0.000101568 0.001958599 -0.000154896 0.000101540 1.000000000 0.002283937
1.000000000 0.000090850 0.000150161 -0.001386883 -0.000090836 1.000000000 -0.000091792 0.000972612 -0.000150170 0.000091778 1.000000000 0.001259386
1.000000000 0.000025544 0.000087990 -0.001205632 -0.000025541 1.000000000 -0.000030766 0.000382633 -0.000087991 0.000030764 1.000000000 0.000768155
1.000000000 0.000161048 0.000053560 -0.000799429 -0.000161047 1.000000000 -0.000025340 0.001270060 -0.000053564 0.000025332 1.000000000 0.000926457
1.000000000 0.000107573 0.000012675 -0.000691484 -0.000107572 1.000000000 -0.000086140 0.001449625 -0.000012684 0.000086138 1.000000000 0.002340965
1.000000000 0.000089368 0.000080320 -0.001165817 -0.000089362 1.000000000 -0.000075395 0.001815448 -0.000080326 0.000075388 1.000000000 0.002470196
0.999999940 0.000361851 0.000028100 -0.001056447 -0.000361849 0.999999940 -0.000071613 0.002336198 -0.000028126 0.000071603 1.000000000 0.003527809
0.999999940 0.000247709 0.000103014 -0.001400521 -0.000247703 0.999999940 -0.000054850 0.001959613 -0.000103028 0.000054825 1.000000000 0.001560561
1.000000000 0.000046790 0.000098482 -0.000453757 -0.000046784 1.000000000 -0.000062865 0.002386940 -0.000098485 0.000062861 1.000000000 0.002974122
1.000000000 0.000133503 0.000165805 -0.001738641 -0.000133500 1.000000000 -0.000021377 0.001473633 -0.000165808 0.000021354 1.000000000 0.002311066
1.000000000 0.000099421 0.000053844 -0.001150552 -0.000099416 1.000000000 -0.000098218 0.002438716 -0.000053854 0.000098213 1.000000000 0.002312966
1.000000000 0.000030385 0.000092478 -0.001563237 -0.000030378 1.000000000 -0.000070850 0.001058811 -0.000092480 0.000070847 1.000000000 0.001640495
1.000000000 0.000125504 0.000198999 -0.001989090 -0.000125501 1.000000000 -0.000014825 0.001049669 -0.000199001 0.000014800 1.000000000 0.002110880
1.000000000 0.000114372 0.000187992 -0.001387810 -0.000114359 1.000000000 -0.000066978 0.002184808 -0.000187999 0.000066956 1.000000000 0.003819196
1.000000000 0.000194244 0.000089899 -0.000853693 -0.000194225 0.999999940 -0.000213435 0.003365498 -0.000089941 0.000213417 1.000000000 0.003868480
1.000000000 0.000092588 0.000137549 -0.000849489 -0.000092576 1.000000000 -0.000091618 0.001588758 -0.000137558 0.000091606 1.000000000 0.001764280
0.999999940 0.000235450 0.000177185 -0.002464096 -0.000235421 0.999999940 -0.000162835 0.002085073 -0.000177224 0.000162793 1.000000000 0.002344646
1.000000000 0.000137790 0.000173700 -0.001700945 -0.000137776 1.000000000 -0.000082013 0.000977207 -0.000173712 0.000081989 1.000000000 0.001496055
1.000000000 0.000101859 0.000026838 -0.001898778 -0.000101860 1.000000000 0.000011585 0.000453688 -0.000026837 -0.000011588 1.000000000 0.000123958
1.000000000 0.000126144 0.000069837 -0.001318449 -0.000126142 1.000000000 -0.000028632 0.001704641 -0.000069840 0.000028623 1.000000000 0.002055868
1.000000000 0.000145443 0.000140743 -0.001849742 -0.000145436 1.000000000 -0.000043199 0.001529345 -0.000140749 0.000043178 1.000000000 0.001310300
1.000000000 0.000212887 0.000111134 -0.000749560 -0.000212877 1.000000000 -0.000088168 0.002883260 -0.000111153 0.000088144 1.000000000 0.003074207
1.000000000 -0.000020656 0.000020893 0.000466355 0.000020658 1.000000000 -0.000098711 0.000979772 -0.000020891 0.000098711 1.000000000 0.002823024
0.999999821 0.000601696 0.000023439 0.000045062 -0.000601682 0.999999642 -0.000594906 -0.001431795 -0.000023797 0.000594892 0.999999821 0.053094592
0.999999940 0.000451849 0.000041920 0.001721453 -0.000451799 0.999999285 -0.001185797 -0.002537330 -0.000042455 0.001185778 0.999999344 0.142632619
0.999999523 0.000850237 0.000514183 -0.000050237 -0.000849572 0.999998927 -0.001292435 -0.007073546 -0.000515281 0.001291997 0.999998987 0.257440716
0.999999523 0.000816853 0.000528185 0.003255766 -0.000816177 0.999998808 -0.001278162 -0.009857617 -0.000529229 0.001277730 0.999999046 0.389751971
0.999999523 0.000845047 0.000496103 0.004655027 -0.000844525 0.999999046 -0.001052250 -0.013333600 -0.000496991 0.001051830 0.999999344 0.533852339
0.999999940 0.000289818 0.000183384 0.016156569 -0.000289759 0.999999881 -0.000319783 -0.023965551 -0.000183477 0.000319730 0.999999881 0.681766450
1.000000000 -0.000041268 0.000177799 0.021770034 0.000041296 1.000000000 -0.000155938 -0.027802601 -0.000177793 0.000155945 1.000000000 0.843039036
0.999999762 0.000430997 0.000350910 0.016714146 -0.000430945 0.999999881 -0.000148885 -0.031134918 -0.000350974 0.000148734 0.999999881 1.016278148
0.999999702 0.000570548 0.000301504 0.021558721 -0.000570557 0.999999762 0.000030930 -0.036473155 -0.000301486 -0.000031102 1.000000000 1.191904306
0.999999762 0.000639839 0.000316634 0.025789935 -0.000639883 0.999999762 0.000139597 -0.041274510 -0.000316544 -0.000139799 0.999999940 1.370630860
0.999999762 0.000724070 0.000111613 0.030228898 -0.000724076 0.999999702 0.000058028 -0.043635607 -0.000111571 -0.000058109 0.999999940 1.564679146
0.999999762 0.000541757 0.000361503 0.031335890 -0.000541952 0.999999642 0.000539424 -0.052762713 -0.000361210 -0.000539620 0.999999702 1.763344646
0.999999583 0.000697971 0.000512161 0.032875292 -0.000698286 0.999999583 0.000616262 -0.061400075 -0.000511731 -0.000616619 0.999999642 1.968576312
0.999999881 0.000270088 0.000282389 0.040420599 -0.000270382 0.999999404 0.001041286 -0.071364433 -0.000282108 -0.001041362 0.999999404 2.177434444
0.999999642 0.000587465 0.000645024 0.037638929 -0.000588071 0.999999404 0.000940425 -0.074025288 -0.000644471 -0.000940803 0.999999344 2.394994020
0.999999583 0.000713677 0.000558878 0.044253677 -0.000714035 0.999999523 0.000642291 -0.078112945 -0.000558419 -0.000642690 0.999999642 2.627315760
0.999999702 0.000196245 0.000718837 0.047039218 -0.000196876 0.999999583 0.000878478 -0.086220831 -0.000718664 -0.000878619 0.999999344 2.853465319
0.999999583 0.000162938 0.000848340 0.052266367 -0.000163672 0.999999583 0.000865530 -0.090236962 -0.000848198 -0.000865669 0.999999285 3.096449137
0.999999404 0.001044334 0.000114997 0.062887400 -0.001044434 0.999999046 0.000870339 -0.096503116 -0.000114088 -0.000870459 0.999999583 3.333135128
0.999999523 0.000700749 0.000681467 0.063299619 -0.000701393 0.999999285 0.000945348 -0.104009390 -0.000680804 -0.000945825 0.999999285 3.587128639
0.999999225 0.000918883 0.000737895 0.064810805 -0.000919474 0.999999166 0.000801247 -0.109987624 -0.000737159 -0.000801925 0.999999464 3.841657400
0.999999583 0.000443062 0.000698146 0.070316441 -0.000443954 0.999999106 0.001279032 -0.119688235 -0.000697578 -0.001279341 0.999998868 4.095987320
0.999999523 0.000703365 0.000641599 0.076205686 -0.000704210 0.999998927 0.001318514 -0.124174669 -0.000640671 -0.001318965 0.999998927 4.354109287
0.999999464 0.000343037 0.000976929 0.080280490 -0.000344307 0.999999166 0.001299911 -0.133566499 -0.000976482 -0.001300246 0.999998629 4.608504295
0.999999285 0.000645174 0.001027728 0.080526598 -0.000646118 0.999999344 0.000919131 -0.136723816 -0.001027134 -0.000919795 0.999999046 4.868194580
0.999999583 0.000629102 0.000730065 0.088921390 -0.000630093 0.999998808 0.001358249 -0.145348400 -0.000729210 -0.001358709 0.999998808 5.127346992
0.999998033 0.001395469 0.001416038 0.085342102 -0.001397223 0.999998271 0.001238771 -0.152772367 -0.001414307 -0.001240747 0.999998152 5.390089035
0.999998569 0.001154728 0.001168188 0.094814911 -0.001156679 0.999997914 0.001670670 -0.163743988 -0.001166257 -0.001672019 0.999997854 5.660677433
0.999998629 0.001245649 0.001074395 0.095986143 -0.001247337 0.999997973 0.001571987 -0.170615017 -0.001072435 -0.001573325 0.999998212 5.922461510
0.999997854 0.001561854 0.001343014 0.101730675 -0.001563787 0.999997675 0.001439441 -0.176700160 -0.001340763 -0.001441538 0.999998033 6.206880569
0.999997795 0.001617861 0.001323712 0.108540207 -0.001620007 0.999997437 0.001621608 -0.182201996 -0.001321085 -0.001623749 0.999997795 6.498589993
0.999997735 0.001499823 0.001497146 0.112146325 -0.001502124 0.999997675 0.001537075 -0.188950360 -0.001494837 -0.001539321 0.999997675 6.783284187
0.999998689 0.001073516 0.001236725 0.121938162 -0.001075241 0.999998450 0.001394929 -0.196282074 -0.001235226 -0.001396257 0.999998271 7.082048893
0.999998808 0.001050188 0.001150963 0.129471183 -0.001052212 0.999997854 0.001759027 -0.208396345 -0.001149113 -0.001760236 0.999997795 7.381426811
0.999998987 0.000964783 0.001101417 0.134819686 -0.000966435 0.999998450 0.001500147 -0.214850932 -0.001099968 -0.001501210 0.999998331 7.688642979
0.999999046 0.000972191 0.000935324 0.142820641 -0.000973434 0.999998629 0.001329386 -0.221508235 -0.000934030 -0.001330295 0.999998689 8.010522842
0.999996841 0.001714997 0.001826825 0.134558916 -0.001718314 0.999996841 0.001815355 -0.238734424 -0.001823706 -0.001818488 0.999996603 8.333395958
0.999998212 0.001030122 0.001596576 0.144121483 -0.001032936 0.999997973 0.001762711 -0.247251242 -0.001594758 -0.001764357 0.999997199 8.654442787
0.999997675 0.001268215 0.001701102 0.149523899 -0.001270449 0.999998331 0.001313283 -0.250198901 -0.001699433 -0.001315441 0.999997675 9.007863045
0.999997199 0.001683484 0.001683102 0.157047898 -0.001686021 0.999997437 0.001506587 -0.262962222 -0.001680561 -0.001509421 0.999997437 9.346425056
0.999996305 0.002188846 0.001608367 0.161462367 -0.002191178 0.999996543 0.001449910 -0.276571572 -0.001605188 -0.001453429 0.999997675 9.686560631
0.999997199 0.001756049 0.001586055 0.170867652 -0.001758798 0.999996960 0.001733708 -0.286371469 -0.001583006 -0.001736493 0.999997258 10.038855553
0.999997377 0.001650936 0.001578633 0.179859951 -0.001653900 0.999996781 0.001878118 -0.305334896 -0.001575528 -0.001880724 0.999997020 10.405522346
0.999996901 0.001964273 0.001477057 0.188106731 -0.001967354 0.999995887 0.002087214 -0.313169837 -0.001472951 -0.002090113 0.999996722 10.760207176
0.999997616 0.001735041 0.001310985 0.195655316 -0.001737749 0.999996424 0.002067061 -0.321074873 -0.001307393 -0.002069334 0.999997020 11.129873276
0.999996543 0.002093969 0.001585846 0.196065530 -0.002096927 0.999996006 0.001865680 -0.332159102 -0.001581933 -0.001868999 0.999996960 11.514460564
0.999996781 0.001907058 0.001668885 0.204657912 -0.001910148 0.999996424 0.001851786 -0.342966169 -0.001665347 -0.001854968 0.999996901 11.891407967
0.999995530 0.002034534 0.002158452 0.202108517 -0.002039125 0.999995649 0.002126710 -0.354948789 -0.002154115 -0.002131102 0.999995351 12.285315514
0.999995828 0.001705227 0.002309900 0.214104682 -0.001711299 0.999995053 0.002629016 -0.372397661 -0.002305406 -0.002632958 0.999993861 12.669834137
0.999995947 0.002063551 0.001954887 0.231147110 -0.002067848 0.999995410 0.002198640 -0.375055403 -0.001950341 -0.002202673 0.999995649 13.090962410
0.999995351 0.002122201 0.002157554 0.237511337 -0.002126511 0.999995708 0.001997364 -0.387488246 -0.002153306 -0.002001942 0.999995649 13.489287376
0.999997258 0.001473343 0.001886259 0.252397686 -0.001477817 0.999996066 0.002372585 -0.398881853 -0.001882756 -0.002375365 0.999995410 13.904150009
0.999994814 0.002268597 0.002281976 0.261082411 -0.002274163 0.999994457 0.002439531 -0.407769352 -0.002276430 -0.002444707 0.999994338 14.323868752
0.999993086 0.002622280 0.002641623 0.269099236 -0.002628583 0.999993742 0.002385026 -0.421122462 -0.002635353 -0.002391953 0.999993563 14.741646767
0.999992132 0.002641822 0.002967647 0.269745767 -0.002649426 0.999993205 0.002561599 -0.439097613 -0.002960860 -0.002569442 0.999992311 15.156233788
0.999989331 0.003233378 0.003306394 0.272302061 -0.003241357 0.999991834 0.002410816 -0.451821715 -0.003298573 -0.002421508 0.999991655 15.588899612
0.999989629 0.002811634 0.003588390 0.280798703 -0.002821073 0.999992549 0.002628024 -0.468917280 -0.003580974 -0.002638120 0.999990106 16.001102448
0.999986231 0.003229580 0.004137451 0.292700142 -0.003241692 0.999990463 0.002924185 -0.482219696 -0.004127967 -0.002937557 0.999987125 16.443304062
0.999986708 0.003009869 0.004196461 0.305742949 -0.003019967 0.999992609 0.002402039 -0.491036057 -0.004189200 -0.002414680 0.999988377 16.892251968
0.999986768 0.002494059 0.004501219 0.310770571 -0.002508508 0.999991715 0.003207332 -0.514157295 -0.004493183 -0.003218581 0.999984741 17.366565704
0.999984682 0.002446349 0.004963208 0.322081268 -0.002462112 0.999991953 0.003172405 -0.523708880 -0.004955407 -0.003184576 0.999982655 17.825839996
0.999982655 0.002332933 0.005406887 0.335435331 -0.002348523 0.999993145 0.002878893 -0.533201158 -0.005400134 -0.002891541 0.999981225 18.294685364
0.999985456 0.001944515 0.005029169 0.354597121 -0.001958183 0.999994397 0.002714301 -0.539890528 -0.005023864 -0.002724110 0.999983668 18.773021698
0.999977648 0.003355731 0.005784151 0.362880230 -0.003373191 0.999989748 0.003011431 -0.562238097 -0.005773985 -0.003030875 0.999978721 19.244022369
0.999976337 0.003537608 0.005899680 0.373776317 -0.003556325 0.999988794 0.003165099 -0.573749840 -0.005888415 -0.003186006 0.999977589 19.718515396
0.999974966 0.003727896 0.006025714 0.379365057 -0.003747019 0.999988019 0.003165506 -0.585042000 -0.006013840 -0.003188005 0.999976873 20.212497711
0.999981046 0.002910257 0.005426320 0.405570477 -0.002926041 0.999991477 0.002903171 -0.604045987 -0.005417825 -0.002918994 0.999981046 20.673967361
0.999984443 0.002773630 0.004854539 0.416008770 -0.002788165 0.999991655 0.002989791 -0.617015779 -0.004846205 -0.003003279 0.999983728 21.188123703
0.999981463 0.003842301 0.004716018 0.429413736 -0.003858554 0.999986768 0.003442177 -0.633981109 -0.004702728 -0.003460310 0.999982953 21.670660019
0.999985695 0.003057919 0.004394405 0.431494117 -0.003071607 0.999990404 0.003111480 -0.641484320 -0.004384849 -0.003124933 0.999985456 22.188831329
0.999988735 0.002929599 0.003739293 0.446137488 -0.002940822 0.999991238 0.002999580 -0.652875543 -0.003730473 -0.003010542 0.999988496 22.706615448
0.999986887 0.003536138 0.003696496 0.455186307 -0.003549564 0.999987066 0.003631956 -0.676144958 -0.003683606 -0.003645029 0.999986589 23.223711014
0.999991179 0.003190248 0.002728587 0.469391286 -0.003199293 0.999989331 0.003317069 -0.686095178 -0.002717976 -0.003325770 0.999990761 23.751020432
0.999995649 0.001723912 0.002427341 0.475966692 -0.001731362 0.999993861 0.003070627 -0.703489900 -0.002422032 -0.003074816 0.999992371 24.276096344
0.999993503 0.003062560 0.001865769 0.490823716 -0.003067909 0.999991179 0.002870775 -0.710546672 -0.001856961 -0.002876480 0.999994159 24.822883606
0.999994755 0.003014628 0.001175561 0.503748894 -0.003018764 0.999989212 0.003532634 -0.729350448 -0.001164899 -0.003536164 0.999993086 25.369457245
0.999994755 0.003236168 0.000181663 0.513173223 -0.003236794 0.999988437 0.003558022 -0.742381752 -0.000170147 -0.003558590 0.999993682 25.914575577
0.999994636 0.003230876 0.000365550 0.516559005 -0.003231981 0.999990106 0.003061976 -0.752353191 -0.000355653 -0.003063141 0.999995232 26.471698761
0.999995351 0.003044786 0.000099636 0.528975248 -0.003045134 0.999988556 0.003693925 -0.767230153 -0.000088387 -0.003694211 0.999993145 27.031244278
0.999992490 0.003873342 -0.000380330 0.545183420 -0.003871716 0.999983847 0.004187066 -0.785319746 0.000396542 -0.004185562 0.999991119 27.550659180
0.999989510 0.004525248 -0.000702056 0.554348886 -0.004522582 0.999982953 0.003754196 -0.793801188 0.000719032 -0.003750982 0.999992609 28.115009308
0.999993622 0.003304625 -0.001321397 0.563224316 -0.003300039 0.999988556 0.003458482 -0.813723564 0.001332811 -0.003454099 0.999993145 28.663507462
0.999993205 0.003372152 -0.001478181 0.569492340 -0.003366700 0.999987543 0.003675714 -0.831971645 0.001490558 -0.003670712 0.999992132 29.207820892
0.999991059 0.003918675 -0.001602950 0.583905220 -0.003912546 0.999985099 0.003808888 -0.846120656 0.001617852 -0.003802581 0.999991477 29.740169525
0.999990940 0.003564764 -0.002319510 0.592209280 -0.003555994 0.999986529 0.003774353 -0.857016146 0.002332931 -0.003766071 0.999990165 30.292654037
0.999990523 0.003365444 -0.002771168 0.605444133 -0.003354463 0.999986529 0.003957508 -0.873257458 0.002784449 -0.003948175 0.999988258 30.827405930
0.999990404 0.003280726 -0.002893129 0.618821681 -0.003269625 0.999987304 0.003833732 -0.890136540 0.002905671 -0.003824236 0.999988437 31.372562408
0.999984145 0.004675284 -0.003149173 0.623559415 -0.004663595 0.999982238 0.003709017 -0.902339280 0.003166459 -0.003694271 0.999988139 31.917076111
0.999987602 0.003656814 -0.003373533 0.634492874 -0.003642930 0.999984860 0.004112686 -0.920179427 0.003388521 -0.004100346 0.999985874 32.479751587
0.999983788 0.004338819 -0.003688815 0.634779990 -0.004322408 0.999980748 0.004445124 -0.939251721 0.003708031 -0.004429108 0.999983370 33.020641327
0.999986291 0.003313786 -0.004050852 0.655842304 -0.003296369 0.999985337 0.004298746 -0.949910283 0.004065038 -0.004285334 0.999982536 33.578338623
0.999984920 0.003615838 -0.004126390 0.662367284 -0.003598861 0.999984980 0.004114334 -0.963048875 0.004141205 -0.004099421 0.999983013 34.125732422
0.999983430 0.003511155 -0.004566414 0.668971419 -0.003493061 0.999986053 0.003964290 -0.971360743 0.004580270 -0.003948274 0.999981701 34.674953461
0.999981284 0.003709108 -0.004865161 0.682168961 -0.003689750 0.999985278 0.003981859 -0.994401932 0.004879857 -0.003963834 0.999980271 35.188812256
0.999983251 0.003484211 -0.004624879 0.688649535 -0.003464689 0.999985039 0.004222715 -1.003871083 0.004639522 -0.004206621 0.999980330 35.744228363
0.999981523 0.003778503 -0.004778877 0.711184144 -0.003760789 0.999986053 0.003710280 -1.001928806 0.004792830 -0.003692239 0.999981701 36.329799652
0.999980927 0.003683365 -0.004949834 0.702325463 -0.003663593 0.999985218 0.003997588 -1.027126789 0.004964486 -0.003979377 0.999979734 36.854640961
0.999979675 0.003400936 -0.005390290 0.708476067 -0.003381677 0.999987900 0.003577974 -1.039725304 0.005402393 -0.003559673 0.999979079 37.392742157
0.999978721 0.003788912 -0.005296523 0.729433835 -0.003769556 0.999986172 0.003659759 -1.053594232 0.005310317 -0.003639715 0.999979258 37.929035187
0.999975681 0.003907888 -0.005767801 0.738735616 -0.003887160 0.999985933 0.003600793 -1.065224648 0.005781793 -0.003578285 0.999976873 38.478717804
0.999977291 0.004154106 -0.005313208 0.745061100 -0.004136689 0.999986112 0.003284859 -1.072856426 0.005326780 -0.003262806 0.999980450 39.030467987
0.999976397 0.003094975 -0.006135388 0.764999390 -0.003071466 0.999987900 0.003837446 -1.097084403 0.006147190 -0.003818511 0.999973774 39.574211121
0.999976575 0.003239139 -0.006026716 0.774109840 -0.003220755 0.999990165 0.003057614 -1.106654167 0.006036561 -0.003038132 0.999977171 40.126220703
0.999972880 0.003669371 -0.006381436 0.779821992 -0.003648666 0.999988019 0.003253293 -1.120737195 0.006393296 -0.003229922 0.999974310 40.664337158
0.999974132 0.003677466 -0.006178990 0.786167383 -0.003661849 0.999990046 0.002536874 -1.127653480 0.006188258 -0.002514182 0.999977708 41.224361420
0.999971211 0.003133038 -0.006902771 0.803743005 -0.003111747 0.999990404 0.003092851 -1.148607850 0.006912396 -0.003071282 0.999971390 41.741985321
0.999972343 0.004016363 -0.006259867 0.798043668 -0.003997130 0.999987304 0.003081908 -1.162246704 0.006272167 -0.003056802 0.999975622 42.282104492
0.999971807 0.003627360 -0.006566306 0.780200481 -0.003608607 0.999989450 0.002865687 -1.171835184 0.006576631 -0.002841911 0.999974310 42.760818481
0.999967754 0.004663762 -0.006538865 0.812706709 -0.004647541 0.999986112 0.002493591 -1.179182172 0.006550403 -0.002463121 0.999975502 43.339847565
0.999964535 0.005447455 -0.006422024 0.820227027 -0.005432045 0.999982357 0.002414490 -1.196077943 0.006435064 -0.002379519 0.999976456 43.893894196
0.999963403 0.006035792 -0.006069907 0.828179359 -0.006020406 0.999978542 0.002550052 -1.209594369 0.006085170 -0.002513415 0.999978304 44.439414978
0.999965131 0.005287154 -0.006461342 0.835794330 -0.005271827 0.999983251 0.002386548 -1.229124784 0.006473851 -0.002352402 0.999976218 44.948951721
0.999967098 0.005296039 -0.006130330 0.841156662 -0.005284386 0.999984324 0.001915631 -1.238418460 0.006140379 -0.001883174 0.999979377 45.523269653
0.999965727 0.005754306 -0.005950194 0.849122584 -0.005744124 0.999981999 0.001726918 -1.250560999 0.005960025 -0.001692680 0.999980867 46.071739197
0.999967396 0.005675057 -0.005742460 0.853679717 -0.005662985 0.999981701 0.002116298 -1.271670938 0.005754366 -0.002083710 0.999981225 46.606292725
0.999963582 0.005687757 -0.006352349 0.866522908 -0.005676845 0.999982297 0.001734540 -1.280115962 0.006362103 -0.001698416 0.999978304 47.155441284
0.999964893 0.005144077 -0.006616177 0.866423607 -0.005131964 0.999985099 0.001846609 -1.292436242 0.006625578 -0.001812590 0.999976397 47.703987122
0.999967873 0.005511094 -0.005807697 0.868117869 -0.005505805 0.999984562 0.000926499 -1.300094724 0.005812713 -0.000894493 0.999982715 48.250885010
0.999962330 0.006440273 -0.005819985 0.878512681 -0.006429367 0.999977529 0.001890357 -1.321740031 0.005832029 -0.001852867 0.999981225 48.781848907
0.999962032 0.006110846 -0.006214411 0.887209952 -0.006103315 0.999980628 0.001229932 -1.332302690 0.006221807 -0.001191956 0.999979854 49.322696686
0.999959767 0.006689061 -0.005977800 0.897966027 -0.006680295 0.999976575 0.001485095 -1.351244688 0.005987592 -0.001445101 0.999981046 49.868892670
0.999959528 0.006968380 -0.005693373 0.902748823 -0.006958901 0.999974370 0.001682891 -1.368894458 0.005704955 -0.001643203 0.999982357 50.402748108
0.999961138 0.006783485 -0.005623964 0.903495073 -0.006772094 0.999974966 0.002042116 -1.390268445 0.005637676 -0.002003951 0.999982119 50.930553436
0.999958158 0.006964018 -0.005928208 0.920879960 -0.006954195 0.999974549 0.001675886 -1.400775313 0.005939727 -0.001634591 0.999980986 51.493560791
0.999956310 0.006556273 -0.006657683 0.931166172 -0.006546432 0.999977469 0.001498868 -1.411378860 0.006667360 -0.001455219 0.999976695 52.033123016
0.999957085 0.007218618 -0.005795876 0.934334695 -0.007210692 0.999972999 0.001387017 -1.427971125 0.005805732 -0.001345165 0.999982238 52.572052002
0.999958456 0.006961759 -0.005888658 0.942834139 -0.006952090 0.999974430 0.001660996 -1.445366979 0.005900073 -0.001619989 0.999981284 53.112239838
0.999956131 0.007313858 -0.005849497 0.952064157 -0.007304263 0.999971867 0.001660157 -1.462861896 0.005861476 -0.001617357 0.999981523 53.647346497
0.999953330 0.007908654 -0.005545459 0.957729101 -0.007901534 0.999967873 0.001304971 -1.479484081 0.005555601 -0.001261092 0.999983788 54.184631348
0.999953508 0.008097759 -0.005233413 0.962113857 -0.008092085 0.999966621 0.001104385 -1.490828514 0.005242182 -0.001061985 0.999985635 54.724121094
0.999955177 0.007674824 -0.005549237 0.975412011 -0.007666813 0.999969542 0.001463506 -1.512584925 0.005560300 -0.001420896 0.999983549 55.267265320
0.999954760 0.007741988 -0.005523330 0.989569604 -0.007734698 0.999969184 0.001339898 -1.525426269 0.005533531 -0.001297116 0.999983847 55.810119629
0.999952555 0.007728954 -0.005914961 1.002451062 -0.007720033 0.999969006 0.001529651 -1.546444058 0.005926600 -0.001483914 0.999981344 56.341182709
0.999955058 0.007523529 -0.005763739 1.019105554 -0.007514955 0.999970615 0.001507800 -1.566370487 0.005774914 -0.001464418 0.999982178 56.880435944
0.999951839 0.007968084 -0.005730117 1.024094224 -0.007960776 0.999967456 0.001296917 -1.575976014 0.005740263 -0.001251239 0.999982715 57.417209625
0.999952018 0.007888277 -0.005805732 1.035748839 -0.007878565 0.999967515 0.001693835 -1.605323911 0.005818904 -0.001648013 0.999981701 57.949287415
0.999953330 0.007676249 -0.005871266 1.046685457 -0.007667958 0.999969602 0.001433326 -1.611791968 0.005882090 -0.001388239 0.999981701 58.504981995
0.999951661 0.007870054 -0.005889483 1.054652452 -0.007861607 0.999968052 0.001455593 -1.625452042 0.005900749 -0.001409222 0.999981523 59.035781860
0.999958634 0.007520491 -0.005113595 1.059883356 -0.007515076 0.999971211 0.001077466 -1.642362237 0.005121550 -0.001038992 0.999986291 59.583995819
0.999952555 0.007622025 -0.006068776 1.073291540 -0.007613636 0.999970019 0.001404215 -1.661659360 0.006079298 -0.001357942 0.999980628 60.123188019
0.999951065 0.008132729 -0.005632581 1.070983529 -0.008125789 0.999966204 0.001254039 -1.668205976 0.005642589 -0.001208208 0.999983370 60.676013947
0.999949634 0.008164840 -0.005839976 1.084377050 -0.008158172 0.999966025 0.001164524 -1.686560631 0.005849286 -0.001116822 0.999982238 61.213027954
0.999951839 0.008167134 -0.005443031 1.089750290 -0.008160510 0.999965906 0.001238285 -1.697526217 0.005452958 -0.001193808 0.999984384 61.765003204
0.999951303 0.008129721 -0.005598352 1.095565081 -0.008123592 0.999966383 0.001116478 -1.713961482 0.005607241 -0.001070945 0.999983728 62.304107666
0.999947786 0.008789010 -0.005213349 1.098625898 -0.008785560 0.999961197 0.000684362 -1.727808595 0.005219162 -0.000638524 0.999986112 62.841892242
0.999944627 0.009125639 -0.005244836 1.104618311 -0.009121455 0.999958038 0.000821348 -1.741359949 0.005252112 -0.000773462 0.999985933 63.390480042
0.999944985 0.008914879 -0.005527562 1.112790823 -0.008912182 0.999960184 0.000511872 -1.759033084 0.005531904 -0.000462581 0.999984562 63.934673309
0.999945462 0.008930577 -0.005405583 1.120420456 -0.008929259 0.999960124 0.000267798 -1.770088434 0.005407759 -0.000219515 0.999985337 64.469047546
0.999949515 0.008528688 -0.005309314 1.123128772 -0.008527616 0.999963760 0.000224376 -1.783915520 0.005311034 -0.000179088 0.999985874 65.006385803
0.999952137 0.008248587 -0.005264579 1.132232904 -0.008245382 0.999965787 0.000630359 -1.802866697 0.005269598 -0.000586921 0.999985933 65.535919189
0.999952972 0.008450706 -0.004765570 1.137447238 -0.008446681 0.999963880 0.000864067 -1.818729639 0.004772700 -0.000823773 0.999988258 66.078338623
0.999949336 0.008546099 -0.005305833 1.149999857 -0.008543962 0.999963343 0.000425434 -1.834858537 0.005309275 -0.000380080 0.999985754 66.609214783
0.999947369 0.008874134 -0.005144170 1.154910803 -0.008871946 0.999960542 0.000448156 -1.855251908 0.005147945 -0.000402493 0.999986589 67.139343262
0.999947071 0.008900567 -0.005144773 1.165722609 -0.008899282 0.999960482 0.000272271 -1.866524220 0.005146991 -0.000226472 0.999986708 67.687316895
0.999950349 0.008674427 -0.004895582 1.172383785 -0.008673707 0.999962330 0.000168302 -1.883656979 0.004896857 -0.000125831 0.999988019 68.226081848
0.999951124 0.008570625 -0.004931325 1.179726243 -0.008571454 0.999963164 -0.000147407 -1.896083713 0.004929880 0.000189668 0.999987841 68.756233215
0.999945700 0.009050481 -0.005154361 1.185474157 -0.009049240 0.999958932 0.000263490 -1.916413426 0.005156534 -0.000216832 0.999986708 69.278007507
0.999949455 0.008687214 -0.005066733 1.198728800 -0.008687383 0.999962389 -0.000011936 -1.938406467 0.005066439 0.000055952 0.999987185 69.804649353
0.999953508 0.008294883 -0.004921526 1.206332684 -0.008292570 0.999965549 0.000490525 -1.957569718 0.004925424 -0.000449690 0.999987781 70.354110718
0.999946237 0.009033062 -0.005096189 1.208854914 -0.009032341 0.999959171 0.000164093 -1.974483490 0.005097463 -0.000118054 0.999987006 70.877838135
0.999949217 0.008820400 -0.004872647 1.213559270 -0.008820832 0.999961078 -0.000067294 -1.987889051 0.004871863 0.000110272 0.999988139 71.417373657
0.999948919 0.008904385 -0.004787923 1.217892766 -0.008903689 0.999960303 0.000166894 -2.007774353 0.004789220 -0.000124255 0.999988496 71.949310303
0.999945521 0.009213301 -0.004907017 1.225916624 -0.009211995 0.999957502 0.000288514 -2.024719000 0.004909467 -0.000243295 0.999987900 72.503845215
0.999946892 0.009279360 -0.004484686 1.226357937 -0.009278957 0.999956906 0.000110524 -2.040828466 0.004485518 -0.000068905 0.999989867 73.017448425
0.999941647 0.009893882 -0.004330392 1.224892497 -0.009892486 0.999951005 0.000343613 -2.061655998 0.004333578 -0.000300754 0.999990582 73.561393738
0.999945700 0.009548312 -0.004176971 1.233783484 -0.009548591 0.999954402 -0.000046655 -2.071110249 0.004176336 0.000086537 0.999991238 74.084716797
0.999940634 0.010076497 -0.004135346 1.238938808 -0.010074642 0.999949157 0.000469276 -2.097337723 0.004139865 -0.000427586 0.999991357 74.612747192
0.999938726 0.010375645 -0.003841274 1.236825347 -0.010375617 0.999946177 0.000027452 -2.108883858 0.003841353 0.000012405 0.999992609 75.150093079
0.999936283 0.010740404 -0.003482068 1.242571831 -0.010742056 0.999942183 -0.000456213 -2.117110252 0.003476967 0.000493589 0.999993861 75.676849365
0.999935091 0.010840124 -0.003485308 1.243001819 -0.010840863 0.999941230 -0.000193588 -2.138410807 0.003483005 0.000231359 0.999993920 76.239204407
0.999937594 0.010623639 -0.003435289 1.252728224 -0.010625083 0.999943495 -0.000403086 -2.150505066 0.003430813 0.000439561 0.999994040 76.773262024
0.999937177 0.010661525 -0.003455973 1.263357759 -0.010663644 0.999942958 -0.000595581 -2.164264441 0.003449426 0.000632397 0.999993861 77.324058533
0.999934614 0.010889761 -0.003495640 1.265890598 -0.010890299 0.999940693 -0.000134798 -2.182291508 0.003493964 0.000172858 0.999993861 77.850944519
0.999936461 0.010749588 -0.003385368 1.278310418 -0.010751338 0.999942005 -0.000499541 -2.199069500 0.003379802 0.000535906 0.999994159 78.396125793
0.999934793 0.011036689 -0.002941995 1.281968236 -0.011038763 0.999938846 -0.000690174 -2.207641363 0.002934198 0.000722605 0.999995351 78.945159912
0.999931633 0.011340845 -0.002829928 1.288846135 -0.011342012 0.999935627 -0.000396131 -2.231875181 0.002825255 0.000428201 0.999995947 79.473419189
0.999930561 0.011393423 -0.003010615 1.303374648 -0.011394322 0.999935031 -0.000281441 -2.250160217 0.003007213 0.000315726 0.999995351 79.994163513
0.999943376 0.010389362 -0.002312270 1.316168785 -0.010391230 0.999945641 -0.000797090 -2.254377842 0.002303863 0.000821073 0.999996960 80.531806946
0.999941349 0.010781424 -0.000981335 1.321992397 -0.010781977 0.999941707 -0.000560594 -2.270597458 0.000975233 0.000571142 0.999999344 81.061485291
0.999944925 0.010507968 0.000032582 1.338385344 -0.010507928 0.999944210 -0.001077888 -2.287306547 -0.000043907 0.001077486 0.999999404 81.625427246
0.999939680 0.010888462 0.001445112 1.348284364 -0.010886944 0.999940157 -0.001054285 -2.305673122 -0.001456506 0.001038488 0.999998331 82.147506714
0.999922156 0.011539496 0.004743987 1.361941338 -0.011534745 0.999932945 -0.001027808 -2.322566271 -0.004755530 0.000973008 0.999988139 82.684417725
0.999910951 0.010390528 0.008377258 1.377774596 -0.010388886 0.999945998 -0.000239711 -2.348088264 -0.008379296 0.000152659 0.999964893 83.175613403
0.999879897 0.010771490 0.011130170 1.401193142 -0.010766919 0.999941945 -0.000470407 -2.363970041 -0.011134593 0.000350514 0.999937892 83.753639221
0.999817669 0.011149975 0.015497935 1.426858306 -0.011148877 0.999937832 -0.000157396 -2.385958195 -0.015498726 -0.000015418 0.999879897 84.304412842
0.999710083 0.011169172 0.021331428 1.449828029 -0.011151053 0.999937356 -0.000968061 -2.385680676 -0.021340907 0.000729913 0.999772012 84.850852966
0.999579549 0.010988980 0.026832206 1.494520903 -0.010957721 0.999939084 -0.001311651 -2.407052279 -0.026844990 0.001017079 0.999639094 85.421241760
0.999391973 0.010884606 0.033124536 1.522158027 -0.010861737 0.999940634 -0.000870220 -2.429824352 -0.033132043 0.000509901 0.999450803 85.971763611
0.999031246 0.012152198 0.042295001 1.558665752 -0.012104038 0.999925733 -0.001394582 -2.440254211 -0.042308804 0.000881291 0.999104202 86.564704895
0.998665512 0.011498814 0.050348140 1.607921839 -0.011407322 0.999932647 -0.002104200 -2.450072527 -0.050368939 0.001527054 0.998729646 87.138519287
0.998331964 0.009998562 0.056862280 1.660412312 -0.009954847 0.999949872 -0.001051991 -2.478391171 -0.056869946 0.000484181 0.998381436 87.707412720
0.997732818 0.010903297 0.066409566 1.709866047 -0.010749397 0.999938667 -0.002674352 -2.484233618 -0.066434644 0.001954426 0.997788846 88.270782471
0.996971428 0.011554748 0.076906703 1.763082504 -0.011411275 0.999932170 -0.002304785 -2.508479834 -0.076928116 0.001420201 0.997035623 88.831161499
0.996285558 0.009471545 0.085588418 1.832861423 -0.009287236 0.999953568 -0.002551347 -2.523805380 -0.085608594 0.001746991 0.996327341 89.403953552
0.995593488 0.009894876 0.093250893 1.885289192 -0.009599345 0.999947369 -0.003617255 -2.520817518 -0.093281776 0.002706170 0.995636046 89.949279785
0.994646192 0.007851200 0.103040315 1.992167473 -0.007427271 0.999962330 -0.004497230 -2.544758558 -0.103071749 0.003707844 0.994666934 90.495307922
0.993466973 0.009216878 0.113747269 2.066286087 -0.008935459 0.999955654 -0.002983689 -2.578202963 -0.113769725 0.001947811 0.993505239 91.022201538
0.992413759 0.007348326 0.122722939 2.162039757 -0.006800963 0.999964952 -0.004878456 -2.586835146 -0.122754484 0.004006813 0.992428958 91.571998596
0.990905881 0.007980070 0.134319797 2.257089615 -0.007506627 0.999963701 -0.004030825 -2.610552788 -0.134347096 0.002985880 0.990929842 92.104835510
0.989161789 0.007093684 0.146657884 2.359658241 -0.006494673 0.999968529 -0.004562844 -2.626914740 -0.146685615 0.003560896 0.989176750 92.636894226
0.987601519 0.006225451 0.156858176 2.470816612 -0.005527748 0.999972761 -0.004883835 -2.642409086 -0.156884298 0.003956210 0.987609088 93.179450989
0.985799551 0.006840948 0.167786822 2.585899353 -0.006078229 0.999968648 -0.005058913 -2.661883116 -0.167816177 0.003967227 0.985810339 93.736770630
0.983499408 0.006750380 0.180785045 2.702076912 -0.005978729 0.999970496 -0.004812918 -2.680992365 -0.180812210 0.003652637 0.983510792 94.276298523
0.981255651 0.006096838 0.192613691 2.835744858 -0.005211503 0.999973416 -0.005102743 -2.699365139 -0.192639679 0.004003290 0.981261373 94.794525146
0.979259312 0.006868802 0.202495098 2.964231491 -0.006120487 0.999971926 -0.004321421 -2.724385262 -0.202519134 0.002992422 0.979273736 95.316619873
0.976541936 0.006513963 0.215229154 3.108806610 -0.005737842 0.999974608 -0.004230634 -2.742818832 -0.215251267 0.002896440 0.976554334 95.842559814
0.973394096 0.004892524 0.229084849 3.291994095 -0.003994739 0.999982417 -0.004382578 -2.774823904 -0.229102254 0.003350841 0.973396599 96.357009888
0.970729709 0.004894324 0.240125000 3.444513321 -0.003877372 0.999981403 -0.004707351 -2.788799047 -0.240143597 0.003638511 0.970730543 96.883308411
0.967974842 0.003967380 0.251015306 3.583267212 -0.002820412 0.999983788 -0.004928893 -2.802392721 -0.251030803 0.004063079 0.967970550 97.434707642
0.964346647 0.004332880 0.264606893 3.740694046 -0.003300400 0.999985099 -0.004346392 -2.825114965 -0.264621794 0.003318119 0.964346588 97.931488037
0.960932493 0.003355631 0.276762426 3.925893784 -0.002215713 0.999987721 -0.004431376 -2.849436522 -0.276773930 0.003645028 0.960928082 98.442024231
0.957668126 0.003239300 0.287856221 4.107944489 -0.002051731 0.999988079 -0.004427155 -2.865064144 -0.287867159 0.003649142 0.957663298 98.962097168
0.953073561 0.003564927 0.302717805 4.274744034 -0.002221310 0.999986112 -0.004782687 -2.870205879 -0.302730650 0.003885823 0.953068256 99.493698120
0.948594272 0.005061938 0.316454202 4.472137451 -0.004521488 0.999986768 -0.002442101 -2.925697088 -0.316462398 0.000885719 0.948604643 99.951690674
0.944727957 0.004885608 0.327818930 4.677345276 -0.004283091 0.999987543 -0.002559924 -2.940543413 -0.327827424 0.001014353 0.944737136 100.471298218
0.940172434 0.004846862 0.340664506 4.891426086 -0.004233664 0.999987781 -0.002543345 -2.963446856 -0.340672731 0.000948923 0.940181434 100.961502075
0.934665382 0.002511609 0.355519831 5.087982178 -0.000999651 0.999989688 -0.004436444 -2.947281361 -0.355527282 0.003791195 0.934658170 101.541320801
0.930192113 0.001684432 0.367069304 5.319152832 -0.000324892 0.999992907 -0.003765522 -2.964313984 -0.367073029 0.003383400 0.930185914 102.048416138
0.925157487 0.001830476 0.379579186 5.560997009 -0.000149353 0.999990046 -0.004458313 -2.982279539 -0.379583448 0.004067950 0.925148666 102.579864502
0.919354498 0.001368336 0.393427879 5.799541473 0.000314634 0.999991059 -0.004213181 -2.999449968 -0.393430173 0.003997193 0.919345856 103.077697754
0.913458765 0.001529200 0.406928360 6.055942535 0.000171429 0.999991417 -0.004142695 -3.008708239 -0.406931192 0.003853940 0.913450658 103.591636658
0.908560812 0.000604224 0.417752147 6.296726227 0.001273410 0.999990344 -0.004215870 -3.024366140 -0.417750657 0.004362344 0.908551216 104.064666748
0.902242303 0.001381974 0.431227207 6.532394409 0.000483720 0.999991119 -0.004216789 -3.039686680 -0.431229144 0.004013159 0.902233541 104.596382141
0.895651162 0.001229215 0.444755435 6.790931702 0.000673750 0.999991298 -0.004120577 -3.054672480 -0.444756657 0.003990254 0.895642579 105.078926086
0.890112996 0.000882656 0.455739111 7.095149994 0.001450997 0.999987483 -0.004770704 -3.081187725 -0.455737650 0.004907741 0.890100598 105.528778076
0.884507000 0.000203075 0.466526836 7.366760254 0.002048831 0.999988556 -0.004319747 -3.105337620 -0.466522425 0.004776681 0.884496510 105.988693237
0.877288163 -0.000043621 0.479963988 7.651908875 0.002156361 0.999990284 -0.003850558 -3.125337601 -0.479959160 0.004413024 0.877279758 106.438385010
