1.000000000 0.000000000 0.000000000 0.000000000 0.000000000 1.000000000 0.000000000 0.000000000 0.000000000 0.000000000 1.000000000 0.000000000
1.000000000 0.000010768 -0.000005664 0.000483584 -0.000010768 1.000000000 -0.000019152 0.000024747 0.000005664 0.000019152 1.000000000 0.000475641
1.000000000 0.000041454 0.000036547 0.000132876 -0.000041454 1.000000000 0.000012413 -0.000175325 -0.000036546 -0.000012414 1.000000000 0.000191823
1.000000000 -0.000088547 0.000010965 0.000817248 0.000088548 1.000000000 -0.000050942 0.001265764 -0.000010961 0.000050943 1.000000000 0.001025721
1.000000000 -0.000106485 0.000015909 0.000294194 0.000106484 1.000000000 0.000056801 -0.000507127 -0.000015915 -0.000056799 1.000000000 -0.000982101
1.000000000 -0.000018069 0.000114401 0.000339242 0.000018076 1.000000000 -0.000061120 0.000916506 -0.000114400 0.000061122 1.000000000 0.000417083
1.000000000 -0.000156410 0.000057906 0.001092893 0.000156411 1.000000000 -0.000006618 -0.000040067 -0.000057905 0.000006627 1.000000000 0.000006881
1.000000000 -0.000007187 0.000057714 0.000456807 0.000007182 1.000000000 0.000093721 -0.000663468 -0.000057715 -0.000093721 1.000000000 -0.000450288
1.000000000 -0.000076638 -0.000044733 0.000554398 0.000076637 1.000000000 -0.000026495 -0.000811055 0.000044735 0.000026492 1.000000000 -0.001456765
1.000000000 -0.000047908 0.000048637 0.000440362 0.000047905 1.000000000 0.000068914 -0.000745863 -0.000048641 -0.000068912 1.000000000 -0.000266534
1.000000000 -0.000085565 0.000016963 0.000277027 0.000085562 1.000000000 0.000149890 -0.001137522 -0.000016976 -0.000149888 1.000000000 -0.000591171
1.000000000 -0.000067642 0.000063239 0.000303822 0.000067637 1.000000000 0.000082683 -0.000726126 -0.000063245 -0.000082679 1.000000000 -0.000221461
1.000000000 -0.000022255 0.000006489 0.000061984 0.000022256 1.000000000 -0.000002269 -0.000457152 -0.000006489 0.000002269 1.000000000 -0.001066223
1.000000000 0.000041628 0.000040972 -0.000114115 -0.000041631 1.000000000 0.000067672 0.000317756 -0.000040969 -0.000067674 1.000000000 0.000558015
1.000000000 -0.000046330 0.000002486 0.000279592 0.000046330 1.000000000 -0.000062450 0.001044601 -0.000002483 0.000062450 1.000000000 -0.000002208
1.000000000 -0.000073007 -0.000001088 0.001023798 0.000073006 1.000000000 -0.000059630 0.001662639 0.000001093 0.000059630 1.000000000 0.001453211
1.000000000 0.000095750 0.000071767 0.000082885 -0.000095746 1.000000000 -0.000050006 0.002097554 -0.000071772 0.000049999 1.000000000 0.002277893
1.000000000 0.000116337 0.000066362 -0.000641062 -0.000116334 1.000000000 -0.000049695 0.001030393 -0.000066368 0.000049687 1.000000000 -0.000008310
1.000000000 0.000129229 0.000119773 -0.001135009 -0.000129223 1.000000000 -0.000050689 0.001287745 -0.000119780 0.000050674 1.000000000 0.001359372
1.000000000 0.000044317 0.000118819 -0.000707792 -0.000044311 1.000000000 -0.000051096 0.000965464 -0.000118821 0.000051091 1.000000000 0.001230341
1.000000000 -0.000014809 0.000085872 -0.000249229 0.000014811 1.000000000 -0.000021490 0.000766265 -0.000085871 0.000021491 1.000000000 0.000847591
1.000000000 0.000068295 0.000032524 -0.000581076 -0.000068294 1.000000000 -0.000030970 0.001297724 -0.000032526 0.000030967 1.000000000 0.001119258
1.000000000 0.000037650 -0.000029719 0.000579453 -0.000037650 1.000000000 -0.000001791 0.000672291 0.000029719 0.000001792 1.000000000 0.001237434
1.000000000 0.000064875 -0.000000472 0.000250315 -0.000064875 1.000000000 -0.000015181 0.001678776 0.000000471 0.000015181 1.000000000 0.001551831
0.999999940 0.000321929 -0.000021852 -0.000103891 -0.000321929 0.999999940 0.000007277 0.001787171 0.000021854 -0.000007270 1.000000000 0.002709491
0.999999940 0.000250069 0.000046571 -0.000754186 -0.000250069 0.999999940 -0.000006934 0.002099699 -0.000046573 0.000006922 1.000000000 0.001388820
1.000000000 0.000112111 0.000062076 -0.000205291 -0.000112111 1.000000000 -0.000004925 0.002010841 -0.000062077 0.000004918 1.000000000 0.002515569
1.000000000 0.000138350 0.000111593 -0.000731290 -0.000138358 1.000000000 0.000077081 0.000466620 -0.000111582 -0.000077096 1.000000000 0.001539794
1.000000000 0.000100813 0.000049031 0.000162707 -0.000100812 1.000000000 -0.000013112 0.001583796 -0.000049032 0.000013107 1.000000000 0.001199164
1.000000000 0.000074100 0.000104176 -0.000517662 -0.000074100 1.000000000 -0.000006748 0.001046143 -0.000104176 0.000006740 1.000000000 0.001868106
1.000000000 0.000039643 0.000086552 -0.000301105 -0.000039642 1.000000000 -0.000002539 0.000771236 -0.000086553 0.000002536 1.000000000 0.001263687
1.000000000 -0.000032671 0.000055340 0.000336274 0.000032672 1.000000000 -0.000017311 0.001278110 -0.000055340 0.000017312 1.000000000 0.002409331
1.000000000 0.000124075 0.000053613 0.000144585 -0.000124069 1.000000000 -0.000113535 0.002197846 -0.000053627 0.000113528 1.000000000 0.002967671
1.000000000 0.000173685 0.000118845 -0.000605338 -0.000173681 1.000000000 -0.000033144 0.001689717 -0.000118851 0.000033124 1.000000000 0.002032826
1.000000000 0.000181523 0.000128831 -0.001048234 -0.000181517 1.000000000 -0.000045984 0.001501048 -0.000128840 0.000045961 1.000000000 0.001596681
1.000000000 0.000158088 0.000106641 -0.000521459 -0.000158083 1.000000000 -0.000044666 0.000674089 -0.000106648 0.000044649 1.000000000 0.001552988
1.000000000 0.000047870 0.000057088 -0.000100309 -0.000047871 1.000000000 0.000015703 0.000934928 -0.000057088 -0.000015705 1.000000000 0.001077339
1.000000000 0.000088310 0.000102294 -0.000945171 -0.000088313 1.000000000 0.000033007 0.001640530 -0.000102291 -0.000033016 1.000000000 0.001565982
1.000000000 0.000181343 0.000097773 -0.000616212 -0.000181342 1.000000000 -0.000004681 0.001347061 -0.000097774 0.000004663 1.000000000 0.000797518
1.000000000 0.000117895 0.000080857 0.000048678 -0.000117892 1.000000000 -0.000025610 0.002547407 -0.000080860 0.000025600 1.000000000 0.002805020
0.999996781 0.002321597 -0.001031400 0.003099357 -0.002321612 0.999997318 -0.000013192 -0.002249435 0.001031366 0.000015586 0.999999464 0.000883888
0.999996722 0.002365890 -0.000997637 0.005264220 -0.002366400 0.999997079 -0.000510821 -0.005114203 0.000996426 0.000513180 0.999999344 0.046072174
0.999996185 0.002569038 -0.001037894 0.004380768 -0.002570322 0.999996066 -0.001238211 -0.005029212 0.001034708 0.001240874 0.999998689 0.135548845
0.999996066 0.002659102 -0.000922948 0.005504410 -0.002660516 0.999995291 -0.001535176 -0.007770775 0.000918861 0.001537626 0.999998391 0.251457661
0.999995649 0.002791630 -0.000952083 0.008342791 -0.002792896 0.999995232 -0.001331061 -0.013185187 0.000948362 0.001333714 0.999998629 0.381572366
0.999996781 0.002336511 -0.001018194 0.011396440 -0.002337605 0.999996662 -0.001074769 -0.017649570 0.001015680 0.001077146 0.999998868 0.521084309
0.999996603 0.002412293 -0.001059254 0.014757140 -0.002413477 0.999996483 -0.001118407 -0.021216590 0.001056553 0.001120960 0.999998808 0.675821424
0.999994516 0.003211461 -0.000835234 0.017314956 -0.003212114 0.999994457 -0.000780926 -0.025857240 0.000832721 0.000783605 0.999999285 0.832738519
0.999994755 0.003136311 -0.000799608 0.018361235 -0.003136815 0.999994874 -0.000629875 -0.030900896 0.000797628 0.000632379 0.999999464 1.004629493
0.999994576 0.003130220 -0.001013793 0.025950225 -0.003130948 0.999994814 -0.000717087 -0.034147069 0.001011543 0.000720257 0.999999225 1.181538939
0.999995291 0.002933463 -0.000917961 0.028467864 -0.002933553 0.999995649 -0.000096344 -0.046370123 0.000917674 0.000099037 0.999999523 1.361899734
0.999994338 0.003188638 -0.001040658 0.031503245 -0.003188761 0.999994874 -0.000116015 -0.049522355 0.001040282 0.000119332 0.999999464 1.558139443
0.999995768 0.002800049 -0.000844797 0.035698771 -0.002799998 0.999996066 0.000062235 -0.054701176 0.000844968 -0.000059869 0.999999583 1.754703641
0.999995530 0.002842675 -0.000898392 0.038205080 -0.002842289 0.999995828 0.000431133 -0.065744475 0.000899614 -0.000428577 0.999999523 1.939888954
0.999996126 0.002689730 -0.000613856 0.042638265 -0.002689275 0.999996066 0.000741364 -0.078515664 0.000615847 -0.000739710 0.999999523 2.167656660
0.999995351 0.003037909 -0.000241962 0.044873804 -0.003037716 0.999995053 0.000798080 -0.082235053 0.000244385 -0.000797341 0.999999642 2.388744593
0.999994993 0.003118080 -0.000547785 0.054769415 -0.003117764 0.999994993 0.000576386 -0.087200291 0.000549579 -0.000574676 0.999999642 2.617155313
0.999996185 0.002657581 -0.000738366 0.064400449 -0.002656902 0.999996066 0.000918834 -0.098745562 0.000740804 -0.000916869 0.999999285 2.840800285
0.999996543 0.002591621 -0.000506628 0.065185085 -0.002591237 0.999996364 0.000756549 -0.100540556 0.000508587 -0.000755234 0.999999583 3.080507278
0.999996483 0.002558965 -0.000687083 0.072155990 -0.002558234 0.999996185 0.001061906 -0.112933412 0.000689798 -0.001060144 0.999999166 3.324522018
0.999996424 0.002622208 -0.000531281 0.074400380 -0.002621461 0.999995530 0.001401916 -0.121061087 0.000534955 -0.001400519 0.999998927 3.574954033
0.999995172 0.003140765 -0.000259388 0.075241931 -0.003140512 0.999994576 0.000970150 -0.125210345 0.000262434 -0.000969330 0.999999523 3.838102579
0.999996066 0.002808756 -0.000326962 0.084245302 -0.002808303 0.999994993 0.001378251 -0.132998556 0.000330832 -0.001377328 0.999999046 4.090877056
0.999995708 0.002934815 -0.000161735 0.090820812 -0.002934618 0.999994993 0.001204488 -0.136704609 0.000165269 -0.001204008 0.999999344 4.346887589
0.999994934 0.003166479 -0.000053299 0.092896439 -0.003166424 0.999994457 0.001002474 -0.143327415 0.000056473 -0.001002300 0.999999464 4.614181995
0.999994040 0.003456202 0.000140876 0.096039005 -0.003456336 0.999993563 0.000965965 -0.150948882 -0.000137536 -0.000966446 0.999999523 4.872706413
0.999993324 0.003669382 0.000078691 0.103684478 -0.003669472 0.999992609 0.001178841 -0.158595011 -0.000074364 -0.001179122 0.999999285 5.134128094
0.999993622 0.003552885 0.000130435 0.107621804 -0.003553022 0.999993086 0.001063150 -0.165418029 -0.000126657 -0.001063606 0.999999404 5.404735088
0.999992907 0.003752503 0.000352118 0.110262692 -0.003752969 0.999992073 0.001333478 -0.174804702 -0.000347112 -0.001334790 0.999999046 5.671869278
0.999992967 0.003706623 0.000424644 0.111630879 -0.003707142 0.999992371 0.001228145 -0.182055816 -0.000420088 -0.001229711 0.999999106 5.943570137
0.999992847 0.003739759 0.000624517 0.117729008 -0.003740519 0.999992251 0.001218844 -0.191063762 -0.000619954 -0.001221171 0.999999106 6.219367504
0.999991715 0.004005354 0.000641912 0.123087190 -0.004006217 0.999991059 0.001348346 -0.197014630 -0.000636506 -0.001350907 0.999998868 6.510442257
0.999991536 0.004052038 0.000743117 0.129043639 -0.004052970 0.999991000 0.001257173 -0.204759240 -0.000738016 -0.001260174 0.999998868 6.812058926
0.999990582 0.004249580 0.000934442 0.133544996 -0.004250779 0.999990165 0.001284954 -0.212047830 -0.000928973 -0.001288914 0.999998689 7.110858917
0.999991179 0.004126912 0.000753178 0.140409216 -0.004127845 0.999990642 0.001240855 -0.220304683 -0.000748050 -0.001243953 0.999998927 7.429372311
0.999993563 0.003507558 0.000784149 0.148608372 -0.003508623 0.999992907 0.001359357 -0.234437495 -0.000779375 -0.001362099 0.999998748 7.734996796
0.999991000 0.004142614 0.000880155 0.154371142 -0.004143541 0.999990821 0.001053351 -0.235711351 -0.000875784 -0.001056989 0.999999046 8.065261841
0.999989748 0.004331233 0.001340052 0.154063329 -0.004333112 0.999989629 0.001402581 -0.252215683 -0.001333963 -0.001408373 0.999998093 8.378164291
0.999989927 0.004276705 0.001407292 0.163385779 -0.004278863 0.999989688 0.001533254 -0.267555416 -0.001400720 -0.001539259 0.999997795 8.694486618
0.999989212 0.004389187 0.001517359 0.170456871 -0.004391281 0.999989390 0.001379059 -0.270841032 -0.001511290 -0.001385707 0.999997914 9.040780067
0.999990404 0.004238247 0.001149467 0.180078998 -0.004239820 0.999990106 0.001368965 -0.282440931 -0.001143653 -0.001373826 0.999998331 9.372568130
0.999983370 0.005334772 0.002196449 0.169009089 -0.005338285 0.999984503 0.001596575 -0.296081185 -0.002187898 -0.001608274 0.999996305 9.734563828
0.999987006 0.004671011 0.002045057 0.183275074 -0.004674609 0.999987543 0.001758284 -0.307029903 -0.002036819 -0.001767821 0.999996364 10.084064484
0.999986708 0.004826638 0.001803030 0.188276410 -0.004829613 0.999987006 0.001649253 -0.316010892 -0.001795046 -0.001657939 0.999996960 10.459844589
0.999985754 0.005087394 0.001620802 0.195746794 -0.005090700 0.999984980 0.002042719 -0.329967976 -0.001610385 -0.002050941 0.999996603 10.817209244
0.999989927 0.004256336 0.001407065 0.213868767 -0.004259209 0.999988854 0.002044297 -0.336816400 -0.001398348 -0.002050269 0.999996901 11.173845291
0.999986947 0.004630544 0.002145747 0.215430096 -0.004634477 0.999987602 0.001831907 -0.347134501 -0.002137238 -0.001841827 0.999996006 11.573499680
0.999986947 0.004673411 0.002076954 0.226530612 -0.004678144 0.999986529 0.002280280 -0.359169662 -0.002066269 -0.002289967 0.999995232 11.957319260
0.999984562 0.004944940 0.002535107 0.234380528 -0.004950560 0.999985218 0.002215272 -0.372321993 -0.002524115 -0.002227788 0.999994278 12.331926346
0.999984920 0.004856786 0.002531701 0.240470901 -0.004862740 0.999985397 0.002351004 -0.386019468 -0.002520245 -0.002363280 0.999993980 12.725966454
0.999980390 0.005379375 0.003160212 0.239654243 -0.005387248 0.999982357 0.002488532 -0.394237310 -0.003146770 -0.002505508 0.999991894 13.130237579
0.999982297 0.005099506 0.003051678 0.250816733 -0.005108069 0.999982953 0.002804809 -0.410082638 -0.003037323 -0.002820348 0.999991417 13.517464638
0.999983370 0.004999819 0.002846576 0.259451032 -0.005006666 0.999984562 0.002403513 -0.417041093 -0.002834514 -0.002417725 0.999993086 13.946210861
0.999984086 0.004869259 0.002841561 0.269516200 -0.004876599 0.999984801 0.002581871 -0.425139725 -0.002828946 -0.002595688 0.999992669 14.359745979
0.999981999 0.004878643 0.003478220 0.278117865 -0.004886604 0.999985397 0.002284311 -0.437523782 -0.003467026 -0.002301267 0.999991417 14.774897575
0.999982297 0.004915437 0.003354572 0.290835559 -0.004922865 0.999985456 0.002209663 -0.450585932 -0.003343661 -0.002226138 0.999991953 15.214890480
0.999976218 0.005702459 0.003895273 0.293728590 -0.005710621 0.999981523 0.002087195 -0.458854258 -0.003883299 -0.002109390 0.999990284 15.664228439
0.999978542 0.004994953 0.004241752 0.306565434 -0.005003431 0.999985516 0.001990527 -0.468866944 -0.004231747 -0.002011708 0.999989033 16.111625671
0.999970734 0.005923654 0.004838089 0.317567974 -0.005936160 0.999979019 0.002574751 -0.487657785 -0.004822736 -0.002603394 0.999984980 16.560972214
0.999969244 0.005980257 0.005066413 0.326071262 -0.005991971 0.999979377 0.002299978 -0.501012564 -0.005052553 -0.002330265 0.999984443 17.003107071
0.999969721 0.005780462 0.005209234 0.336693496 -0.005793147 0.999980271 0.002423245 -0.510455132 -0.005195124 -0.002453350 0.999983490 17.479410172
0.999964654 0.006225951 0.005643602 0.346944004 -0.006240618 0.999977171 0.002585017 -0.522055686 -0.005627379 -0.002620146 0.999980688 17.946905136
0.999964356 0.006123932 0.005827110 0.357925057 -0.006136527 0.999978840 0.002146010 -0.531660080 -0.005813845 -0.002181691 0.999980748 18.412168503
0.999964654 0.005709758 0.006169435 0.375229418 -0.005722261 0.999981582 0.002010735 -0.540116012 -0.006157840 -0.002045967 0.999978960 18.901124954
0.999964178 0.005828214 0.006136308 0.389821827 -0.005838191 0.999981701 0.001609075 -0.547738910 -0.006126817 -0.001644842 0.999979913 19.391128540
0.999952912 0.006817867 0.006902516 0.392721564 -0.006829943 0.999975204 0.001727335 -0.568268716 -0.006890567 -0.001774397 0.999974668 19.871637344
0.999958694 0.006172198 0.006681770 0.405100882 -0.006186883 0.999978542 0.002179436 -0.583445430 -0.006668175 -0.002220685 0.999975204 20.360164642
0.999955893 0.006115786 0.007120469 0.419207394 -0.006132751 0.999978423 0.002363268 -0.602244616 -0.007105861 -0.002406832 0.999971807 20.845163345
0.999953628 0.006700694 0.006920090 0.429136753 -0.006718136 0.999974370 0.002500402 -0.612099469 -0.006903158 -0.002546776 0.999972939 21.346965790
0.999958992 0.006743050 0.006044367 0.448104203 -0.006759435 0.999973536 0.002694548 -0.628133357 -0.006026038 -0.002735294 0.999978065 21.844955444
0.999963343 0.006236602 0.005871223 0.453276157 -0.006251086 0.999977469 0.002451760 -0.641388357 -0.005855800 -0.002488372 0.999979734 22.366676331
0.999971449 0.005715641 0.004951000 0.472616732 -0.005726978 0.999980986 0.002278758 -0.652880490 -0.004937882 -0.002307046 0.999985158 22.884208679
0.999969482 0.006032937 0.004953886 0.478464514 -0.006044908 0.999978840 0.002405275 -0.668367982 -0.004939270 -0.002435148 0.999984860 23.387504578
0.999973297 0.006024286 0.004138919 0.492443740 -0.006036611 0.999977410 0.002972142 -0.686284244 -0.004120919 -0.002997049 0.999987006 23.918270111
0.999976456 0.005543380 0.004052119 0.497393131 -0.005551627 0.999982476 0.002026902 -0.693598628 -0.004040813 -0.002049350 0.999989688 24.466402054
0.999976397 0.005917836 0.003528382 0.509764433 -0.005925101 0.999980330 0.002051739 -0.709023952 -0.003516172 -0.002072597 0.999991655 24.989238739
0.999977529 0.006035354 0.002922711 0.528787553 -0.006043268 0.999978125 0.002706690 -0.721446157 -0.002906311 -0.002724292 0.999992073 25.523326874
0.999976933 0.006352423 0.002408576 0.529256642 -0.006357661 0.999977410 0.002172971 -0.737035632 -0.002394719 -0.002188235 0.999994695 26.079267502
0.999974430 0.006820161 0.002149520 0.542155087 -0.006825382 0.999973774 0.002430840 -0.752795339 -0.002132885 -0.002445450 0.999994755 26.630907059
0.999972105 0.007057262 0.002451735 0.550148368 -0.007063761 0.999971569 0.002652235 -0.763539612 -0.002432948 -0.002669479 0.999993503 27.173637390
0.999976039 0.006704373 0.001696173 0.554439604 -0.006709037 0.999973655 0.002758677 -0.789086580 -0.001677633 -0.002769992 0.999994755 27.739694595
0.999973953 0.007079454 0.001395543 0.566426933 -0.007083576 0.999970555 0.002971434 -0.805724204 -0.001374465 -0.002981242 0.999994636 28.285535812
0.999969125 0.007755770 0.001192990 0.578982949 -0.007759050 0.999966085 0.002769051 -0.820671737 -0.001171473 -0.002778222 0.999995470 28.835966110
0.999966085 0.008161147 0.001041537 0.588573933 -0.008163800 0.999963343 0.002568666 -0.832520366 -0.001020535 -0.002577082 0.999996185 29.396953583
0.999970078 0.007679382 0.000842667 0.597937286 -0.007681673 0.999966681 0.002751538 -0.849417746 -0.000821509 -0.002757929 0.999995828 29.924182892
0.999966145 0.008183926 0.000744404 0.600527644 -0.008185930 0.999962687 0.002728842 -0.862302065 -0.000722044 -0.002734843 0.999995947 30.472940445
0.999966025 0.008218549 0.000535977 0.610508919 -0.008220281 0.999960601 0.003310761 -0.885823369 -0.000508746 -0.003315055 0.999994397 31.011222839
0.999969304 0.007825459 0.000380068 0.625006258 -0.007826588 0.999964595 0.003062184 -0.894235373 -0.000356092 -0.003065065 0.999995232 31.545145035
0.999971569 0.007541277 -0.000151783 0.638386428 -0.007540823 0.999967575 0.002796166 -0.902972877 0.000172864 -0.002794941 0.999996126 32.096923828
0.999969244 0.007822873 0.000500720 0.639978051 -0.007824082 0.999966264 0.002458453 -0.916553319 -0.000481471 -0.002462295 0.999996841 32.658103943
0.999964178 0.008474187 0.000264029 0.639100850 -0.008474927 0.999959767 0.002940515 -0.928743362 -0.000239100 -0.002942647 0.999995649 33.181785583
0.999970913 0.007624048 -0.000348762 0.656583905 -0.007622766 0.999964714 0.003537345 -0.953928590 0.000375718 -0.003534583 0.999993682 33.707225800
0.999964714 0.008403741 0.000031736 0.655411482 -0.008403798 0.999959826 0.003097077 -0.959671915 -0.000005708 -0.003097234 0.999995172 34.266853333
0.999962807 0.008620513 0.000058170 0.663800240 -0.008620651 0.999957979 0.003088701 -0.969479263 -0.000031542 -0.003089087 0.999995172 34.811832428
0.999960244 0.008920894 -0.000085846 0.673320055 -0.008920567 0.999954820 0.003264799 -0.994787633 0.000114967 -0.003263904 0.999994695 35.327812195
0.999968469 0.007893341 -0.000789180 0.698987722 -0.007890698 0.999963403 0.003297050 -1.002776384 0.000815175 -0.003290720 0.999994278 35.866638184
0.999966323 0.008194404 -0.000219073 0.684419692 -0.008193732 0.999962211 0.002902080 -1.010028481 0.000242845 -0.002900188 0.999995768 36.414699554
0.999966443 0.008174120 -0.000371372 0.692904770 -0.008173012 0.999962449 0.002892424 -1.025246143 0.000395001 -0.002889292 0.999995768 36.972728729
0.999966085 0.008233798 -0.000252772 0.706301868 -0.008233018 0.999961793 0.002943564 -1.037469864 0.000276998 -0.002941384 0.999995649 37.485984802
0.999962151 0.008696131 -0.000163211 0.724269867 -0.008695661 0.999958515 0.002693454 -1.055763602 0.000186627 -0.002691933 0.999996364 38.031974792
0.999962330 0.008673928 -0.000406557 0.732262969 -0.008672743 0.999958396 0.002831120 -1.065748811 0.000431097 -0.002827487 0.999995947 38.590702057
0.999965787 0.008285148 0.000111287 0.722847641 -0.008285448 0.999961078 0.003028252 -1.089642882 -0.000086194 -0.003029070 0.999995410 39.099071503
0.999968827 0.007889874 -0.000093103 0.739822149 -0.007889494 0.999962568 0.003554041 -1.103378534 0.000121141 -0.003553196 0.999993742 39.643970490
0.999973595 0.007258793 -0.000321427 0.750593543 -0.007257629 0.999967635 0.003480805 -1.122504950 0.000346683 -0.003478380 0.999993920 40.164798737
0.999965847 0.008251540 0.000363911 0.741258442 -0.008252691 0.999960542 0.003285649 -1.133910179 -0.000336786 -0.003288541 0.999994516 40.709629059
0.999961495 0.008735270 0.000864516 0.748693347 -0.008738137 0.999956131 0.003367757 -1.146533251 -0.000835059 -0.003375181 0.999993920 41.268405914
0.999959111 0.009034218 0.000358213 0.763241351 -0.009035311 0.999954164 0.003170040 -1.158474922 -0.000329558 -0.003173148 0.999994874 41.820915222
0.999960423 0.008874307 0.000595303 0.766328454 -0.008876205 0.999955237 0.003262695 -1.174692392 -0.000566322 -0.003267851 0.999994457 42.327369690
0.999963880 0.008459964 0.000813478 0.776591420 -0.008462746 0.999958158 0.003479340 -1.190395951 -0.000784009 -0.003486098 0.999993622 42.875068665
0.999962389 0.008667190 0.000277476 0.797450483 -0.008668221 0.999954641 0.003955492 -1.209608674 -0.000243180 -0.003957748 0.999992192 43.413383484
0.999959052 0.009025926 0.000693894 0.789422095 -0.009027764 0.999955654 0.002689783 -1.206443191 -0.000669586 -0.002695937 0.999996126 43.945411682
0.999961317 0.008773415 0.000616626 0.799351573 -0.008775447 0.999955833 0.003372188 -1.224132299 -0.000587013 -0.003377469 0.999994099 44.485801697
0.999957144 0.009191949 0.001082541 0.799953043 -0.009194987 0.999953687 0.002836116 -1.231329203 -0.001056421 -0.002845949 0.999995410 45.014072418
0.999954343 0.009459053 0.001313661 0.809890747 -0.009462602 0.999951482 0.002722589 -1.247271657 -0.001287844 -0.002734896 0.999995410 45.566383362
0.999959946 0.008875010 0.001165998 0.822595656 -0.008878526 0.999955952 0.003047259 -1.263351202 -0.001138902 -0.003057489 0.999994636 46.109245300
0.999949455 0.009897588 0.001736617 0.826674938 -0.009902742 0.999946475 0.002983988 -1.270442843 -0.001706989 -0.003001034 0.999994040 46.669189453
0.999951065 0.009753837 0.001630969 0.837479174 -0.009759030 0.999947250 0.003207281 -1.294714570 -0.001599600 -0.003223041 0.999993503 47.172821045
0.999954760 0.009437134 0.001187503 0.850521445 -0.009440633 0.999951065 0.002977607 -1.302077413 -0.001159345 -0.002988682 0.999994755 47.725833893
0.999953449 0.009430032 0.002028349 0.845379591 -0.009435029 0.999952495 0.002467850 -1.307463408 -0.002004980 -0.002486873 0.999994874 48.248374939
0.999958217 0.008869684 0.002225250 0.858131111 -0.008876675 0.999955654 0.003151286 -1.331573009 -0.002197200 -0.003170907 0.999992549 48.797412872
0.999964297 0.008335273 0.001478638 0.873895526 -0.008339768 0.999960542 0.003059984 -1.341922402 -0.001453074 -0.003072206 0.999994218 49.338165283
0.999953091 0.009450267 0.002124910 0.878232598 -0.009457627 0.999949217 0.003480701 -1.363654852 -0.002091909 -0.003500633 0.999991655 49.869304657
0.999949396 0.009890020 0.001848118 0.888454497 -0.009895187 0.999947011 0.002807667 -1.370473027 -0.001820252 -0.002825812 0.999994338 50.415500641
0.999950409 0.009696824 0.002237824 0.893264413 -0.009703950 0.999947786 0.003195997 -1.390537381 -0.002206716 -0.003217555 0.999992311 50.941867828
0.999953628 0.009329359 0.002390398 0.904608428 -0.009337034 0.999951243 0.003220010 -1.406922817 -0.002360241 -0.003242179 0.999991953 51.481460571
0.999956310 0.009186286 0.001710189 0.919242263 -0.009191789 0.999952495 0.003238241 -1.417873859 -0.001680360 -0.003253818 0.999993265 52.020198822
0.999953508 0.009262178 0.002688132 0.919981718 -0.009270160 0.999952614 0.002972516 -1.428015828 -0.002660472 -0.002997297 0.999991953 52.560909271
0.999955356 0.008998187 0.002875409 0.930825233 -0.009007227 0.999954462 0.003146490 -1.440910578 -0.002846965 -0.003172249 0.999990940 53.099338531
0.999953687 0.009247956 0.002663470 0.943499327 -0.009256661 0.999951780 0.003274664 -1.458004951 -0.002633058 -0.003299167 0.999991059 53.642238617
0.999949813 0.009531130 0.003067798 0.950842679 -0.009540178 0.999950111 0.002949039 -1.471611738 -0.003039537 -0.002978158 0.999990940 54.184528351
0.999947429 0.009802368 0.002990974 0.957784891 -0.009810954 0.999947727 0.002869674 -1.482407212 -0.002962688 -0.002898867 0.999991357 54.702213287
0.999950051 0.009604566 0.002772412 0.971870899 -0.009611862 0.999950349 0.002629798 -1.493155122 -0.002747016 -0.002656315 0.999992728 55.257171631
0.999955177 0.008947587 0.003094839 0.987511218 -0.008956110 0.999956250 0.002751414 -1.507598162 -0.003070085 -0.002779009 0.999991417 55.771572113
0.999939024 0.010502128 0.003415102 0.984497070 -0.010512134 0.999940455 0.002924993 -1.519767642 -0.003384180 -0.002960715 0.999989867 56.317367554
0.999951661 0.009267962 0.003286112 1.002159238 -0.009277526 0.999952674 0.002907171 -1.537767649 -0.003259013 -0.002937517 0.999990344 56.838291168
0.999948382 0.009681308 0.003112828 1.011646748 -0.009691007 0.999948144 0.003116032 -1.552862883 -0.003082500 -0.003146038 0.999990284 57.366664886
0.999951899 0.009301900 0.003124711 1.010209203 -0.009311827 0.999951601 0.003177863 -1.570530057 -0.003095000 -0.003206806 0.999990046 57.905822754
0.999951601 0.009042329 0.003881565 1.024177909 -0.009054000 0.999954462 0.003000024 -1.579434633 -0.003854262 -0.003035023 0.999987900 58.426910400
0.999945581 0.009385365 0.004536105 1.034734488 -0.009395830 0.999953151 0.002291302 -1.586484790 -0.004514387 -0.002333798 0.999987066 58.975032806
0.999953806 0.008919077 0.003570691 1.053182960 -0.008929632 0.999955773 0.002951445 -1.606074572 -0.003544208 -0.002983194 0.999989271 59.460235596
0.999954522 0.008895815 0.003430224 1.069163084 -0.008906205 0.999955654 0.003025427 -1.622899532 -0.003403158 -0.003055840 0.999989569 60.001079559
0.999946773 0.009555358 0.003905714 1.077601433 -0.009568357 0.999948621 0.003323380 -1.637243986 -0.003873757 -0.003360575 0.999986887 60.555416107
0.999940395 0.010096686 0.004137418 1.079059005 -0.010108395 0.999944866 0.002818978 -1.646579742 -0.004108727 -0.002860633 0.999987483 61.055416107
0.999936402 0.010252714 0.004672793 1.096877098 -0.010266385 0.999942958 0.002910906 -1.660350919 -0.004642682 -0.002958694 0.999984860 61.595504761
0.999946833 0.009442333 0.004133510 1.107905149 -0.009454240 0.999951184 0.002870270 -1.674465656 -0.004106206 -0.002909197 0.999987364 62.115673065
0.999942482 0.009795371 0.004359133 1.115585685 -0.009806026 0.999948978 0.002429444 -1.683836222 -0.004335112 -0.002472050 0.999987602 62.671348572
0.999941051 0.010008432 0.004201984 1.129174709 -0.010020464 0.999945700 0.002852072 -1.698730826 -0.004173210 -0.002894009 0.999987125 63.190292358
0.999940217 0.010090777 0.004200446 1.141807318 -0.010101940 0.999945462 0.002645375 -1.716984987 -0.004173522 -0.002687649 0.999987662 63.711277008
0.999942422 0.009875780 0.004190852 1.156481504 -0.009885794 0.999948323 0.002375499 -1.724454284 -0.004167176 -0.002416792 0.999988377 64.239135742
0.999944150 0.009648161 0.004316339 1.170711994 -0.009658497 0.999950588 0.002380117 -1.739122748 -0.004293162 -0.002421673 0.999987841 64.793357849
0.999946892 0.009339904 0.004340988 1.176775455 -0.009349674 0.999953806 0.002235862 -1.750163555 -0.004319904 -0.002276330 0.999988019 65.295104980
0.999946177 0.009424344 0.004326422 1.184855461 -0.009433305 0.999953449 0.002055916 -1.763759375 -0.004306844 -0.002096618 0.999988496 65.829498291
0.999951780 0.009063093 0.003780067 1.210759163 -0.009071580 0.999956369 0.002234038 -1.780632496 -0.003759655 -0.002268222 0.999990344 66.345741272
0.999935448 0.010382023 0.004611785 1.209820509 -0.010389998 0.999944568 0.001708546 -1.789082170 -0.004593791 -0.001756352 0.999987900 66.892395020
0.999950886 0.009162677 0.003776360 1.237892389 -0.009169999 0.999956071 0.001925484 -1.803049922 -0.003758551 -0.001960019 0.999991000 67.423225403
0.999943435 0.009836939 0.004036041 1.246776462 -0.009844667 0.999949694 0.001899434 -1.817477584 -0.004017154 -0.001939060 0.999990046 67.962028503
0.999944985 0.009567320 0.004293295 1.258113384 -0.009575007 0.999952614 0.001773665 -1.832752705 -0.004276121 -0.001814676 0.999989212 68.478591919
0.999945164 0.009754966 0.003806347 1.272977591 -0.009762052 0.999950767 0.001847046 -1.845419049 -0.003788142 -0.001884103 0.999991059 68.990562439
0.999935746 0.010485594 0.004307206 1.284664631 -0.010492499 0.999943674 0.001584220 -1.863343000 -0.004290352 -0.001629312 0.999989450 69.512542725
0.999946654 0.009453549 0.004154340 1.301421762 -0.009459377 0.999954283 0.001385956 -1.875526547 -0.004141049 -0.001425180 0.999990344 70.061920166
0.999950707 0.009244923 0.003606340 1.311383963 -0.009252060 0.999955237 0.001967627 -1.900822997 -0.003587988 -0.002000896 0.999991536 70.557327271
0.999947548 0.009276993 0.004334013 1.320128918 -0.009283722 0.999955833 0.001535207 -1.900010467 -0.004319579 -0.001575362 0.999989450 71.095115662
0.999949574 0.009043444 0.004357961 1.331241846 -0.009054741 0.999955714 0.002579892 -1.919088364 -0.004334437 -0.002619222 0.999987185 71.642845154
0.999950647 0.008882360 0.004445621 1.345009446 -0.008887597 0.999959826 0.001159799 -1.925348282 -0.004435140 -0.001199253 0.999989450 72.147804260
0.999947727 0.009142633 0.004573768 1.356842875 -0.009148414 0.999957383 0.001244753 -1.939803243 -0.004562194 -0.001286531 0.999988735 72.688941956
0.999948442 0.009121927 0.004451641 1.366408110 -0.009129679 0.999956787 0.001724434 -1.955993652 -0.004435719 -0.001764987 0.999988556 73.226608276
0.999951303 0.008848710 0.004367927 1.384283066 -0.008853646 0.999960184 0.001112307 -1.968837142 -0.004357910 -0.001150925 0.999989867 73.775817871
0.999945462 0.009293217 0.004754428 1.392427087 -0.009300402 0.999955654 0.001491509 -1.980945826 -0.004740356 -0.001535646 0.999987543 74.284118652
0.999940157 0.009848337 0.004761913 1.404249787 -0.009852367 0.999951184 0.000823495 -1.989977121 -0.004753570 -0.000870362 0.999988317 74.839996338
0.999949038 0.008922238 0.004727960 1.422969222 -0.008928816 0.999959171 0.001372502 -2.011190891 -0.004715522 -0.001414647 0.999987841 75.337921143
0.999935806 0.009950220 0.005424185 1.427166343 -0.009953190 0.999950290 0.000520964 -2.019564152 -0.005418732 -0.000574919 0.999985099 75.878791809
0.999943078 0.009483100 0.004893371 1.445829391 -0.009487846 0.999954522 0.000947481 -2.040518284 -0.004884163 -0.000993855 0.999987602 76.415687561
0.999938130 0.009799125 0.005264224 1.454020143 -0.009803526 0.999951541 0.000810901 -2.053756714 -0.005256023 -0.000862459 0.999985874 76.956466675
0.999938786 0.009855610 0.005025086 1.470571995 -0.009862365 0.999950409 0.001320883 -2.069815636 -0.005011820 -0.001370362 0.999986529 77.475936890
0.999940038 0.009607069 0.005243079 1.481712103 -0.009610742 0.999953508 0.000675837 -2.079040766 -0.005236343 -0.000726187 0.999986053 78.012100220
0.999940813 0.009667744 0.004985116 1.499693632 -0.009673154 0.999952614 0.001062337 -2.094237804 -0.004974609 -0.001110496 0.999987006 78.553825378
0.999937534 0.009914045 0.005156020 1.504560232 -0.009917449 0.999950647 0.000634975 -2.104896307 -0.005149470 -0.000686070 0.999986529 79.093070984
0.999932230 0.010322109 0.005370508 1.523401737 -0.010325908 0.999946475 0.000680048 -2.121285439 -0.005363201 -0.000735457 0.999985397 79.633209229
0.999927521 0.010283711 0.006258682 1.536500931 -0.010288164 0.999946833 0.000679635 -2.134631157 -0.006251360 -0.000743976 0.999980211 80.169952393
0.999925494 0.009607641 0.007532492 1.556898594 -0.009608759 0.999953806 0.000112222 -2.143943548 -0.007531066 -0.000184591 0.999971628 80.704757690
0.999917805 0.009650162 0.008442588 1.580923557 -0.009653169 0.999953330 0.000315625 -2.160487890 -0.008439148 -0.000397097 0.999964297 81.261978149
0.999894917 0.010390241 0.010112690 1.586956263 -0.010390839 0.999946058 0.000006599 -2.173119783 -0.010112074 -0.000111677 0.999948859 81.802665710
0.999864936 0.010198893 0.012888657 1.618056297 -0.010199179 0.999947965 -0.000043674 -2.190163374 -0.012888432 -0.000087785 0.999916852 82.345626831
0.999805748 0.010428584 0.016725026 1.637834907 -0.010428361 0.999945581 -0.000100643 -2.204255342 -0.016725164 -0.000073791 0.999860108 82.890266418
0.999763370 0.009661921 0.019485967 1.669333816 -0.009663564 0.999953330 -0.000009825 -2.216398478 -0.019485151 -0.000178482 0.999810100 83.428276062
0.999672294 0.009483245 0.023778051 1.698874235 -0.009493666 0.999954879 0.000325392 -2.237889051 -0.023773894 -0.000551026 0.999717176 83.975929260
0.999493897 0.010212987 0.030129133 1.728173733 -0.010220617 0.999947727 0.000099248 -2.252273083 -0.030126542 -0.000407136 0.999546051 84.514427185
0.999322832 0.009806333 0.035466921 1.773852587 -0.009812000 0.999951780 -0.000014263 -2.264174223 -0.035465360 -0.000333748 0.999370813 85.050460815
0.999106288 0.009128287 0.041269872 1.817546964 -0.009117318 0.999958277 -0.000453994 -2.266970396 -0.041272298 0.000077318 0.999147892 85.596511841
0.998654544 0.010484081 0.050784562 1.847307920 -0.010520730 0.999944568 0.000454411 -2.293424845 -0.050776973 -0.000988090 0.998709500 86.139869690
0.998295903 0.008657664 0.057708256 1.921914339 -0.008629652 0.999962509 -0.000734587 -2.296389341 -0.057712451 0.000235333 0.998333216 86.736305237
0.997870326 0.008700730 0.064646699 1.974019527 -0.008727954 0.999961972 0.000138699 -2.316337347 -0.064643033 -0.000702637 0.997908294 87.284095764
0.997208893 0.009192600 0.074093878 2.024292469 -0.009161770 0.999957740 -0.000755968 -2.323418140 -0.074097678 0.000075027 0.997250974 87.855186462
0.996434867 0.008890801 0.083894871 2.098685741 -0.008844716 0.999960423 -0.000920985 -2.341714859 -0.083899729 0.000175675 0.996474147 88.362876892
0.995637774 0.008735330 0.092892870 2.165041447 -0.008692370 0.999961853 -0.000867054 -2.353609324 -0.092896901 0.000055812 0.995675743 88.957313538
0.994902015 0.008120982 0.100518689 2.232103825 -0.008023559 0.999966919 -0.001373450 -2.362423182 -0.100526512 0.000559930 0.994934261 89.502792358
0.993851125 0.008139131 0.110425204 2.314948559 -0.008064728 0.999966860 -0.001120409 -2.387583256 -0.110430665 0.000222971 0.993883789 90.065567017
0.992666423 0.008531973 0.120584711 2.400972366 -0.008456973 0.999963582 -0.001133715 -2.395799398 -0.120590001 0.000105619 0.992702305 90.617202759
0.991477191 0.007233692 0.130079478 2.504191399 -0.007044784 0.999973357 -0.001912336 -2.408815145 -0.130089849 0.000979655 0.991501749 91.167366028
0.989854515 0.007376756 0.141893506 2.595388412 -0.007236909 0.999972641 -0.001501598 -2.421895027 -0.141900703 0.000459493 0.989880800 91.699974060
0.988070667 0.006628559 0.153857902 2.710306168 -0.006402601 0.999977529 -0.001964075 -2.443505526 -0.153867483 0.000955555 0.988091052 92.270195007
0.986389279 0.006890359 0.164281502 2.823766708 -0.006701465 0.999976099 -0.001704027 -2.456931353 -0.164289311 0.000579907 0.986412108 92.815261841
0.984605372 0.006283873 0.174679026 2.942306519 -0.006003399 0.999979675 -0.002134014 -2.475765467 -0.174688891 0.001052494 0.984623194 93.343505859
0.982163906 0.006029232 0.187930137 3.066369057 -0.005754407 0.999981523 -0.002007917 -2.496780396 -0.187938735 0.000890677 0.982180357 93.871726990
0.979805708 0.005789206 0.199868262 3.201361656 -0.005531041 0.999982953 -0.001850031 -2.516174078 -0.199875548 0.000707192 0.979821026 94.407035828
0.977713048 0.005001510 0.209885836 3.327386856 -0.004726391 0.999987185 -0.001812369 -2.531519651 -0.209892213 0.000779974 0.977724195 94.934280396
0.974776626 0.004726980 0.223132595 3.481874466 -0.004355742 0.999988198 -0.002155892 -2.542663097 -0.223140150 0.001129605 0.974785745 95.495223999
0.971584260 0.004239948 0.236655831 3.634162903 -0.003704381 0.999989510 -0.002707671 -2.552548170 -0.236664802 0.001754066 0.971589804 96.030624390
0.968834400 0.004772371 0.247663572 3.785062790 -0.004480324 0.999988496 -0.001742787 -2.575882912 -0.247669026 0.000578859 0.968844533 96.552108765
0.965924382 0.003886770 0.258794934 3.953824997 -0.003357915 0.999991298 -0.002485537 -2.596050501 -0.258802325 0.001531829 0.965929091 97.090629578
0.962110341 0.004191586 0.272628129 4.123037338 -0.003802546 0.999990821 -0.001955336 -2.620955706 -0.272633851 0.000844568 0.962117493 97.614700317
0.958490908 0.003722706 0.285098702 4.310440063 -0.003213672 0.999992371 -0.002253259 -2.635841131 -0.285104901 0.001243514 0.958495557 98.132232666
0.955153704 0.003221342 0.296092927 4.510189056 -0.002631111 0.999993622 -0.002391837 -2.651211500 -0.296098769 0.001505519 0.955156147 98.719619751
0.950683475 0.003765001 0.310139924 4.701713562 -0.003285588 0.999992490 -0.002068160 -2.670137882 -0.310145408 0.000947173 0.950688660 99.251701355
0.946150661 0.002413339 0.323717862 4.913724899 -0.001753465 0.999995768 -0.002330075 -2.684574366 -0.323722064 0.001636974 0.946150780 99.760253906
0.942054927 0.002725102 0.335447580 5.130733490 -0.002233097 0.999995708 -0.001852422 -2.713971853 -0.335451156 0.000995997 0.942057073 100.316658020
0.937277973 0.002772874 0.348571897 5.334028244 -0.002356656 0.999995887 -0.001618090 -2.734919786 -0.348574936 0.000695136 0.937280655 100.800224304
0.931928098 0.002178735 0.362636507 5.555240631 -0.001616590 0.999996901 -0.001853597 -2.751430511 -0.362639457 0.001141184 0.931928873 101.307044983
0.926858902 0.001874809 0.375405133 5.805240631 -0.001580455 0.999998271 -0.001092011 -2.777368546 -0.375406533 0.000418829 0.926860154 101.889816284
0.922082961 0.001900565 0.386987627 6.038717270 -0.001636995 0.999998152 -0.001010667 -2.791427851 -0.386988848 0.000298422 0.922084332 102.400642395
0.916032076 0.001215228 0.401102990 6.274646759 -0.000836298 0.999999046 -0.001119788 -2.801807165 -0.401103973 0.000690321 0.916032255 102.863044739
0.910189807 0.000565181 0.414190859 6.548187256 0.000174490 0.999998450 -0.001747983 -2.815455198 -0.414191186 0.001663268 0.910188377 103.405899048
0.905384064 -0.000019769 0.424593478 6.803321838 0.000778499 0.999998450 -0.001613477 -2.835057259 -0.424592763 0.001791362 0.905382633 103.877838135
0.899397612 0.000210699 0.437131226 7.058006287 0.000412568 0.999998987 -0.001330863 -2.859089136 -0.437131077 0.001377322 0.899396658 104.352783203
0.893213987 -0.001307229 0.449629873 7.337181091 0.002448337 0.999995053 -0.001956426 -2.875972033 -0.449625075 0.002848353 0.893212795 104.802978516
0.887113810 -0.000599781 0.461550534 7.606513977 0.001698749 0.999996603 -0.001965557 -2.892664671 -0.461547792 0.002527731 0.887111723 105.278877258
0.880917788 -0.000774996 0.473268777 7.900093079 0.001753511 0.999997139 -0.001626359 -2.903112411 -0.473266095 0.002262570 0.880916595 105.856613159
0.873235226 -0.000553211 0.487298757 8.193187714 0.001515580 0.999997675 -0.001580648 -2.921070814 -0.487296700 0.002118817 0.873233914 106.337074280
