1.000000000 0.000000000 0.000000000 0.000000000 0.000000000 1.000000000 0.000000000 0.000000000 0.000000000 0.000000000 1.000000000 0.000000000
1.000000000 0.000023292 0.000036866 0.000293777 -0.000023296 1.000000000 0.000109159 -0.000550199 -0.000036864 -0.000109160 1.000000000 -0.000311897
1.000000000 0.000066774 -0.000130292 0.001103958 -0.000066770 1.000000000 0.000028627 -0.000484902 0.000130294 -0.000028618 1.000000000 -0.000773484
1.000000000 0.000018270 -0.000030491 0.000039690 -0.000018269 1.000000000 0.000043281 -0.000517454 0.000030491 -0.000043281 1.000000000 0.000336462
1.000000000 0.000094894 -0.000026496 -0.000485246 -0.000094894 1.000000000 0.000007352 -0.000089232 0.000026497 -0.000007349 1.000000000 -0.000504433
1.000000000 0.000076602 -0.000073660 -0.000178260 -0.000076604 1.000000000 -0.000032852 -0.000093456 0.000073658 0.000032858 1.000000000 -0.000407336
1.000000000 0.000077434 -0.000096365 0.000749107 -0.000077437 1.000000000 -0.000035387 -0.000532876 0.000096363 0.000035394 1.000000000 -0.001415797
1.000000000 -0.000019200 -0.000077772 0.001049857 0.000019195 1.000000000 -0.000061893 0.000230816 0.000077773 0.000061891 1.000000000 -0.000342277
1.000000000 -0.000101265 0.000060721 0.000560424 0.000101265 1.000000000 -0.000009159 -0.000648521 -0.000060720 0.000009165 1.000000000 -0.002147366
1.000000000 -0.000211775 -0.000048162 0.000981709 0.000211768 0.999999940 -0.000131271 0.001755666 0.000048190 0.000131261 1.000000000 0.002445597
1.000000000 -0.000157155 -0.000100028 0.000877622 0.000157156 1.000000000 0.000005204 -0.000250323 0.000100027 -0.000005220 1.000000000 0.001294604
1.000000000 -0.000100513 0.000047625 -0.000427750 0.000100522 1.000000000 -0.000194367 0.002039303 -0.000047606 0.000194372 1.000000000 0.002759197
1.000000000 -0.000148696 0.000010153 -0.000510452 0.000148696 1.000000000 0.000055209 0.000275225 -0.000010161 -0.000055207 1.000000000 0.001582726
1.000000000 -0.000100859 0.000008544 -0.000249522 0.000100859 1.000000000 0.000078855 0.000061328 -0.000008552 -0.000078854 1.000000000 0.001268457
1.000000000 -0.000130637 -0.000140275 0.000904136 0.000130646 1.000000000 0.000067440 -0.000678000 0.000140266 -0.000067459 1.000000000 0.000247648
1.000000000 -0.000072992 -0.000019881 -0.000358331 0.000072992 1.000000000 0.000017137 -0.000460539 0.000019880 -0.000017139 1.000000000 -0.000419513
0.999999940 0.000213781 0.000173663 -0.001925342 -0.000213798 1.000000000 0.000096081 -0.000569696 -0.000173642 -0.000096118 1.000000000 0.000090572
1.000000000 -0.000011470 -0.000130761 0.000231504 0.000011455 1.000000000 -0.000112548 0.000733248 0.000130762 0.000112547 1.000000000 0.000678600
1.000000000 -0.000186890 -0.000013029 0.000260914 0.000186890 1.000000000 0.000009203 -0.000305541 0.000013027 -0.000009205 1.000000000 0.000723866
1.000000000 0.000002680 0.000137796 -0.000453520 -0.000002681 1.000000000 0.000006387 -0.000088671 -0.000137796 -0.000006387 1.000000000 0.001105400
1.000000000 0.000021150 0.000019974 -0.000863828 -0.000021148 1.000000000 -0.000083738 0.000695491 -0.000019976 0.000083737 1.000000000 0.001629990
1.000000000 -0.000116428 -0.000088674 0.000299279 0.000116423 1.000000000 -0.000049612 0.000806637 0.000088679 0.000049601 1.000000000 0.000220006
1.000000000 -0.000069076 -0.000046149 0.001045030 0.000069078 1.000000000 0.000028208 0.000198576 0.000046147 -0.000028211 1.000000000 0.001549121
1.000000000 0.000009672 0.000172526 -0.000677663 -0.000009669 1.000000000 -0.000020205 0.000906325 -0.000172526 0.000020204 1.000000000 -0.000139169
1.000000000 -0.000026190 -0.000043591 0.000684508 0.000026190 1.000000000 -0.000008924 0.000723998 0.000043592 0.000008923 1.000000000 0.001241565
1.000000000 0.000073295 0.000018949 -0.000402984 -0.000073292 1.000000000 -0.000147081 0.001319114 -0.000018960 0.000147079 1.000000000 0.000613256
1.000000000 0.000011322 0.000058834 -0.000347679 -0.000011312 1.000000000 -0.000167238 0.000377079 -0.000058836 0.000167238 1.000000000 -0.000832116
1.000000000 -0.000050759 -0.000064325 0.000200460 0.000050750 1.000000000 -0.000154672 0.000842046 0.000064333 0.000154668 1.000000000 0.000174087
1.000000000 -0.000050817 -0.000025552 -0.000992298 0.000050816 1.000000000 -0.000041054 0.001630684 0.000025554 0.000041052 1.000000000 0.002564395
1.000000000 0.000014714 0.000178642 -0.001782160 -0.000014700 1.000000000 -0.000078935 0.001352787 -0.000178643 0.000078932 1.000000000 0.001675134
1.000000000 -0.000100107 -0.000079730 0.000285946 0.000100103 1.000000000 -0.000047418 0.001092515 0.000079735 0.000047410 1.000000000 0.000449754
1.000000000 0.000033455 0.000083116 -0.001679741 -0.000033456 1.000000000 0.000008627 0.000649433 -0.000083116 -0.000008629 1.000000000 0.001983839
1.000000000 0.000004011 0.000138709 -0.001464142 -0.000004004 1.000000000 -0.000051113 0.000049210 -0.000138709 0.000051113 1.000000000 0.000851609
1.000000000 -0.000056269 0.000024635 -0.000728562 0.000056270 1.000000000 -0.000039867 0.001228989 -0.000024632 0.000039868 1.000000000 0.002001634
1.000000000 -0.000034547 0.000126941 -0.001484791 0.000034557 1.000000000 -0.000081502 0.002199243 -0.000126938 0.000081506 1.000000000 0.003800120
1.000000000 0.000095186 0.000166946 -0.002405073 -0.000095172 1.000000000 -0.000088050 0.002547743 -0.000166955 0.000088034 1.000000000 0.003462459
1.000000000 -0.000209010 0.000049454 -0.000789287 0.000209009 1.000000000 0.000032277 0.000769714 -0.000049460 -0.000032266 1.000000000 0.001894772
1.000000000 -0.000049338 0.000086637 -0.001220901 0.000049333 1.000000000 0.000056558 0.000848216 -0.000086639 -0.000056554 1.000000000 0.001503038
1.000000000 -0.000121290 0.000019096 -0.000569090 0.000121291 1.000000000 -0.000029479 0.001269371 -0.000019092 0.000029482 1.000000000 0.002001946
0.999999940 -0.000013779 0.000265385 -0.001926489 0.000013774 1.000000000 0.000015364 -0.000336604 -0.000265385 -0.000015360 0.999999940 0.002135467
0.999999940 -0.000101905 0.000324749 -0.001488865 0.000102130 0.999999762 -0.000692542 -0.001687325 -0.000324678 0.000692575 0.999999702 0.052489180
0.999999940 0.000175269 0.000227487 -0.000293487 -0.000174980 0.999999166 -0.001272027 -0.004523298 -0.000227710 0.001271987 0.999999166 0.134357974
0.999999881 0.000465399 0.000018295 0.003114647 -0.000465372 0.999998748 -0.001498265 -0.003734460 -0.000018992 0.001498257 0.999998868 0.254717141
0.999999940 0.000321103 0.000059532 0.004140089 -0.000321030 0.999999225 -0.001220897 -0.013404042 -0.000059924 0.001220878 0.999999225 0.382479519
0.999999940 0.000347851 0.000132248 0.007447465 -0.000347708 0.999999344 -0.001080232 -0.016771335 -0.000132623 0.001080186 0.999999404 0.527244031
1.000000000 0.000106733 -0.000011524 0.014646444 -0.000106747 0.999999285 -0.001173740 -0.019265447 0.000011399 0.001173741 0.999999285 0.682807446
1.000000000 -0.000051786 0.000231819 0.016724810 0.000052025 0.999999464 -0.001033823 -0.020445716 -0.000231766 0.001033835 0.999999464 0.853644073
0.999999940 0.000289651 0.000142452 0.016198849 -0.000289545 0.999999702 -0.000741877 -0.027000235 -0.000142667 0.000741835 0.999999702 1.018076897
1.000000000 0.000096012 0.000200089 0.018516891 -0.000095966 0.999999940 -0.000229909 -0.034527492 -0.000200111 0.000229890 0.999999940 1.189554453
0.999999881 0.000405124 0.000162600 0.019280020 -0.000405011 0.999999702 -0.000692654 -0.034290601 -0.000162880 0.000692588 0.999999762 1.377404690
0.999999821 0.000561363 0.000005499 0.029067487 -0.000561360 0.999999702 -0.000513901 -0.042335555 -0.000005788 0.000513898 0.999999881 1.579571605
0.999999225 0.000970934 0.000781537 0.023862360 -0.000970539 0.999999404 -0.000505900 -0.046624746 -0.000782028 0.000505141 0.999999583 1.769446850
1.000000000 0.000128291 -0.000120752 0.044085503 -0.000128355 0.999999881 -0.000526341 -0.047677014 0.000120684 0.000526356 0.999999881 1.964852333
0.999999583 0.000443070 0.000804381 0.030811535 -0.000442448 0.999999583 -0.000772694 -0.052171890 -0.000804723 0.000772338 0.999999404 2.185539961
0.999999285 0.000721016 0.000976815 0.027013993 -0.000720275 0.999999464 -0.000759206 -0.062239584 -0.000977362 0.000758502 0.999999225 2.396534443
0.999998927 0.001264088 -0.000625701 0.064012542 -0.001264495 0.999998987 -0.000649879 -0.071932569 0.000624879 0.000650670 0.999999583 2.616676807
0.999999702 0.000633873 -0.000268522 0.068671472 -0.000633971 0.999999702 -0.000362686 -0.082508914 0.000268292 0.000362856 0.999999940 2.838548660
0.999998808 0.001319860 -0.000764862 0.073611692 -0.001320335 0.999998868 -0.000621050 -0.083069175 0.000764041 0.000622059 0.999999523 3.080102921
0.999998868 0.000969104 -0.001143073 0.084692828 -0.000969969 0.999999285 -0.000756570 -0.087561965 0.001142339 0.000757677 0.999999106 3.314605236
0.999999285 0.000735832 -0.000833714 0.087496288 -0.000736141 0.999999642 -0.000369739 -0.101292893 0.000833442 0.000370352 0.999999583 3.552834749
0.999998808 0.001327574 -0.000787374 0.090648599 -0.001328245 0.999998748 -0.000852457 -0.098813824 0.000786241 0.000853501 0.999999344 3.819587469
0.999998748 0.001480894 -0.000621350 0.092309676 -0.001481632 0.999998271 -0.001189236 -0.104496785 0.000619587 0.001190156 0.999999166 4.081669331
0.999998569 0.001630888 -0.000510470 0.095794648 -0.001631190 0.999998510 -0.000592101 -0.114205420 0.000509504 0.000592933 0.999999642 4.331432343
0.999999046 0.001267919 -0.000538179 0.102993965 -0.001268267 0.999998987 -0.000647009 -0.118076362 0.000537358 0.000647691 0.999999642 4.579272270
0.999998748 0.001538395 -0.000374900 0.104572527 -0.001538751 0.999998391 -0.000950489 -0.120627694 0.000373437 0.000951065 0.999999464 4.847033024
0.999999166 0.001174140 -0.000472813 0.110080667 -0.001174719 0.999998569 -0.001226218 -0.123968735 0.000471373 0.001226772 0.999999166 5.110609055
0.999998629 0.001636668 -0.000268713 0.114976384 -0.001637005 0.999997795 -0.001258321 -0.136036634 0.000266653 0.001258759 0.999999166 5.367414951
0.999999046 0.001361293 -0.000148068 0.117441259 -0.001361439 0.999998569 -0.000989657 -0.140383512 0.000146721 0.000989857 0.999999523 5.633734703
0.999998689 0.001612885 0.000060921 0.119494058 -0.001612814 0.999998093 -0.001135585 -0.149015650 -0.000062752 0.001135486 0.999999344 5.901396751
0.999999106 0.001320558 -0.000067623 0.129156172 -0.001320633 0.999998510 -0.001120569 -0.155641094 0.000066143 0.001120658 0.999999344 6.177644730
0.999998450 0.001768473 0.000206231 0.131043196 -0.001768356 0.999998271 -0.000566700 -0.170729637 -0.000207232 0.000566334 0.999999821 6.450991631
0.999998510 0.001720737 -0.000230487 0.139259577 -0.001720807 0.999998391 -0.000303148 -0.184941843 0.000229965 0.000303544 0.999999940 6.729106426
0.999997735 0.002138297 -0.000060611 0.143194020 -0.002138336 0.999997377 -0.000647926 -0.189285547 0.000059225 0.000648054 0.999999762 7.028994083
0.999998331 0.001819800 -0.000176513 0.150021479 -0.001819888 0.999998212 -0.000499866 -0.199387938 0.000175603 0.000500186 0.999999881 7.327499866
0.999998927 0.001487928 0.000053813 0.157126591 -0.001487861 0.999998152 -0.001213363 -0.201887384 -0.000055618 0.001213282 0.999999285 7.642455101
0.999998391 0.001801476 0.000289625 0.163871616 -0.001801352 0.999998271 -0.000425338 -0.218163013 -0.000290391 0.000424816 0.999999881 7.929773331
0.999999166 0.001275304 -0.000174636 0.172907114 -0.001275270 0.999999106 0.000192289 -0.238750264 0.000174881 -0.000192066 0.999999881 8.254317284
0.999998868 0.001489880 -0.000159414 0.180857837 -0.001489871 0.999998808 0.000055116 -0.249092087 0.000159496 -0.000054878 0.999999881 8.582167625
0.999998450 0.001672492 0.000547596 0.177925915 -0.001672412 0.999998569 -0.000146489 -0.252379388 -0.000547840 0.000145573 0.999999762 8.927901268
0.999999166 0.001270830 0.000055039 0.190203026 -0.001270841 0.999999166 0.000190711 -0.266892493 -0.000054797 -0.000190780 1.000000000 9.255039215
0.999998689 0.001484442 0.000575344 0.187501654 -0.001484567 0.999998868 0.000217345 -0.273026615 -0.000575021 -0.000218199 0.999999762 9.611243248
0.999998808 0.001559394 -0.000101937 0.197404400 -0.001559361 0.999998689 0.000322020 -0.286212265 0.000102439 -0.000321861 0.999999881 9.945586205
0.999998331 0.001854565 -0.000015791 0.204339355 -0.001854562 0.999998271 0.000135570 -0.294784725 0.000016042 -0.000135540 0.999999940 10.304457664
0.999998927 0.001437280 0.000286780 0.209355652 -0.001437350 0.999998927 0.000246518 -0.305813253 -0.000286425 -0.000246930 0.999999940 10.659240723
0.999998927 0.001389358 0.000432581 0.218295306 -0.001389403 0.999999046 0.000102566 -0.312979877 -0.000432438 -0.000103167 0.999999940 11.028995514
0.999998510 0.001442891 0.000976688 0.219459534 -0.001442842 0.999998927 -0.000050734 -0.321168274 -0.000976761 0.000049324 0.999999523 11.410188675
0.999998748 0.001556264 0.000285545 0.234385356 -0.001556414 0.999998629 0.000526103 -0.338353574 -0.000284726 -0.000526547 0.999999821 11.765051842
0.999998391 0.001738001 0.000438836 0.241628170 -0.001738093 0.999998510 0.000210334 -0.347879380 -0.000438470 -0.000211096 0.999999881 12.152869225
0.999998510 0.001647449 0.000448966 0.252397597 -0.001647372 0.999998629 -0.000171789 -0.355764091 -0.000449248 0.000171049 0.999999881 12.541826248
0.999998271 0.001779623 0.000524776 0.257056594 -0.001779621 0.999998391 -0.000004255 -0.365552545 -0.000524782 0.000003321 0.999999821 12.944586754
0.999997795 0.002040474 0.000440368 0.265413761 -0.002040428 0.999997854 -0.000103848 -0.378306866 -0.000440579 0.000102949 0.999999881 13.336676598
0.999997020 0.002233007 0.000991176 0.269504339 -0.002233041 0.999997437 0.000032941 -0.386089623 -0.000991100 -0.000035154 0.999999464 13.755884171
0.999997914 0.001807397 0.000969599 0.277509660 -0.001807353 0.999998331 -0.000046982 -0.398405433 -0.000969683 0.000045229 0.999999523 14.157515526
0.999997437 0.002100826 0.000926636 0.290223062 -0.002100781 0.999997795 -0.000049106 -0.412194043 -0.000926737 0.000047159 0.999999583 14.574172974
0.999998331 0.001459758 0.001182478 0.300245255 -0.001459894 0.999998987 0.000113907 -0.422498494 -0.001182310 -0.000115634 0.999999344 15.005860329
0.999997318 0.001873149 0.001381951 0.309137106 -0.001872960 0.999998212 -0.000137967 -0.433652461 -0.001382207 0.000135379 0.999998987 15.435871124
0.999996722 0.001916543 0.001681188 0.319189787 -0.001916165 0.999998152 -0.000226055 -0.445859194 -0.001681618 0.000222832 0.999998569 15.874000549
0.999996424 0.001920265 0.001863758 0.328508437 -0.001919819 0.999998152 -0.000241010 -0.455256402 -0.001864218 0.000237431 0.999998212 16.314990997
0.999994934 0.002183045 0.002288682 0.335793793 -0.002182667 0.999997556 -0.000167793 -0.469905704 -0.002289043 0.000162797 0.999997377 16.759185791
0.999994695 0.002015620 0.002552863 0.346348375 -0.002015436 0.999997973 -0.000074907 -0.484118104 -0.002553008 0.000069762 0.999996722 17.209270477
0.999992847 0.002286873 0.003007081 0.352002352 -0.002287392 0.999997377 0.000168943 -0.495159298 -0.003006687 -0.000175820 0.999995410 17.670665741
0.999990940 0.002301171 0.003604406 0.360418469 -0.002300308 0.999997258 -0.000243691 -0.503967762 -0.003604957 0.000235397 0.999993443 18.141551971
0.999993026 0.002003001 0.003151299 0.381002516 -0.002002625 0.999997973 -0.000122553 -0.515418112 -0.003151537 0.000116241 0.999994993 18.600801468
0.999992490 0.002165259 0.003221153 0.392362982 -0.002164916 0.999997675 -0.000110044 -0.527883291 -0.003221384 0.000103069 0.999994814 19.071659088
0.999991536 0.001766859 0.003717514 0.401713729 -0.001765232 0.999998271 -0.000440916 -0.535369456 -0.003718287 0.000434350 0.999993026 19.560459137
0.999991417 0.001915360 0.003660610 0.405610919 -0.001912477 0.999997854 -0.000790688 -0.543925524 -0.003662116 0.000783680 0.999992967 20.046842575
0.999990582 0.002346947 0.003666480 0.419284701 -0.002345711 0.999997199 -0.000341679 -0.562945247 -0.003667272 0.000333075 0.999993205 20.535615921
0.999988914 0.003124064 0.003510059 0.428954959 -0.003121671 0.999994874 -0.000687036 -0.569499552 -0.003512187 0.000676072 0.999993622 21.046518326
0.999993861 0.002414014 0.002540408 0.445418417 -0.002412615 0.999996960 -0.000553620 -0.590138853 -0.002541736 0.000547488 0.999996603 21.542284012
0.999993026 0.002520274 0.002763459 0.448818535 -0.002519467 0.999996781 -0.000295295 -0.607677221 -0.002764195 0.000288330 0.999996126 22.052049637
0.999995410 0.002326411 0.001952399 0.469355643 -0.002325374 0.999997139 -0.000533476 -0.620784283 -0.001953634 0.000528933 0.999997914 22.554811478
0.999996126 0.002588645 0.001049692 0.478119373 -0.002588118 0.999996543 -0.000502652 -0.636252284 -0.001050989 0.000499933 0.999999285 23.075473785
0.999996901 0.002483027 0.000407168 0.492849290 -0.002482845 0.999996841 -0.000448989 -0.656070650 -0.000408282 0.000447977 0.999999881 23.589712143
0.999998510 0.001727262 -0.000073601 0.494239539 -0.001727347 0.999997795 -0.001165423 -0.663053334 0.000071588 0.001165548 0.999999344 24.129274368
0.999996543 0.002550902 -0.000577007 0.503785729 -0.002551259 0.999996543 -0.000618708 -0.678949058 0.000575427 0.000620178 0.999999642 24.663026810
0.999994695 0.002876983 -0.001520115 0.517579973 -0.002877774 0.999995708 -0.000518515 -0.697538257 0.001518617 0.000522887 0.999998629 25.198339462
0.999991179 0.003518054 -0.002284298 0.524603248 -0.003519684 0.999993503 -0.000709806 -0.711247742 0.002281787 0.000717840 0.999997139 25.745035172
0.999994099 0.002107022 -0.002708434 0.540354669 -0.002108345 0.999997556 -0.000485838 -0.729768455 0.002707404 0.000491545 0.999996185 26.296745300
0.999993324 0.002161483 -0.002950963 0.535501838 -0.002161416 0.999997675 0.000025780 -0.742113650 0.002951012 -0.000019402 0.999995649 26.842012405
0.999992490 0.001825809 -0.003439375 0.548050284 -0.001825778 0.999998391 0.000012007 -0.760963798 0.003439391 -0.000005728 0.999994099 27.396120071
0.999988675 0.003148908 -0.003587979 0.555160820 -0.003150710 0.999994934 -0.000496532 -0.774905264 0.003586397 0.000507831 0.999993503 27.949672699
0.999988258 0.003236848 -0.003595615 0.553891718 -0.003235854 0.999994695 0.000282163 -0.796381176 0.003596508 -0.000270525 0.999993503 28.481567383
0.999987960 0.003001212 -0.003878157 0.563403726 -0.003000674 0.999995470 0.000144410 -0.811292827 0.003878573 -0.000132771 0.999992549 29.019983292
0.999986947 0.002851027 -0.004254307 0.569808781 -0.002850108 0.999995828 0.000222174 -0.825536370 0.004254923 -0.000210045 0.999990940 29.578201294
0.999983549 0.003345245 -0.004651176 0.577091813 -0.003342989 0.999994278 0.000492655 -0.841604710 0.004652797 -0.000477098 0.999988973 30.098873138
0.999982178 0.003226172 -0.005018569 0.590905666 -0.003222258 0.999994576 0.000787776 -0.861162364 0.005021083 -0.000771591 0.999987066 30.642927170
0.999979019 0.003664929 -0.005340397 0.595458448 -0.003662205 0.999993086 0.000519767 -0.874230087 0.005342266 -0.000500199 0.999985576 31.193574905
0.999977589 0.003661493 -0.005594830 0.604745150 -0.003658831 0.999993205 0.000486026 -0.887634456 0.005596572 -0.000465545 0.999984205 31.746068954
0.999975920 0.003885021 -0.005729467 0.613302112 -0.003881412 0.999992311 0.000640864 -0.906300247 0.005731912 -0.000618610 0.999983370 32.293334961
0.999976039 0.003655811 -0.005863605 0.618775785 -0.003651511 0.999993086 0.000744024 -0.918112934 0.005866284 -0.000722595 0.999982476 32.836414337
0.999973118 0.003613659 -0.006369388 0.628733754 -0.003614179 0.999993443 -0.000070090 -0.933996022 0.006369093 0.000093108 0.999979675 33.374717712
0.999972999 0.003919571 -0.006217726 0.630930543 -0.003917641 0.999992251 0.000322413 -0.945752919 0.006218942 -0.000298045 0.999980569 33.931308746
0.999971986 0.003417797 -0.006669366 0.639344096 -0.003413129 0.999993920 0.000711214 -0.966491044 0.006671757 -0.000688431 0.999977529 34.475364685
0.999971747 0.003644272 -0.006568114 0.648599088 -0.003641187 0.999993205 0.000481510 -0.980917215 0.006569825 -0.000457581 0.999978304 35.021739960
0.999974489 0.003626909 -0.006149641 0.652562797 -0.003623692 0.999993265 0.000534123 -0.992954731 0.006151538 -0.000511825 0.999980927 35.572528839
0.999968588 0.003793182 -0.006954644 0.662878990 -0.003790980 0.999992728 0.000329938 -1.008176208 0.006955845 -0.000303563 0.999975741 36.107841492
0.999969363 0.004042575 -0.006699074 0.667317152 -0.004044785 0.999991775 -0.000316205 -1.017393112 0.006697740 0.000343291 0.999977469 36.662422180
0.999969006 0.003715474 -0.006937807 0.669646561 -0.003712816 0.999993026 0.000396017 -1.044221520 0.006939230 -0.000370246 0.999975860 37.199527740
0.999969602 0.004317131 -0.006472583 0.676036775 -0.004318088 0.999990702 -0.000133823 -1.059180856 0.006471945 0.000161768 0.999979079 37.744297028
0.999971867 0.003843713 -0.006443833 0.680283487 -0.003845420 0.999992549 -0.000252533 -1.074371099 0.006442815 0.000277306 0.999979198 38.287837982
0.999965727 0.004293832 -0.007067677 0.678173065 -0.004289230 0.999990582 0.000665993 -1.091981173 0.007070469 -0.000635656 0.999974787 38.834201813
0.999966443 0.004241984 -0.007013100 0.687334061 -0.004239201 0.999990940 0.000411771 -1.107980728 0.007014784 -0.000382027 0.999975264 39.372344971
0.999965668 0.004385552 -0.007029623 0.703909159 -0.004378565 0.999989867 0.001009043 -1.130979538 0.007033977 -0.000978229 0.999974787 39.912590027
0.999964058 0.004025700 -0.007458169 0.705480218 -0.004021621 0.999991775 0.000561977 -1.139347076 0.007460369 -0.000531963 0.999972045 40.466987610
0.999964178 0.003946066 -0.007480198 0.715166211 -0.003944987 0.999992251 0.000159043 -1.148699045 0.007480767 -0.000129528 0.999971986 41.013545990
0.999967158 0.004261861 -0.006884065 0.719131529 -0.004261308 0.999991000 0.000094969 -1.157357693 0.006884407 -0.000065631 0.999976277 41.539916992
0.999957740 0.004539784 -0.007995858 0.728525758 -0.004537169 0.999989569 0.000345187 -1.177576661 0.007997343 -0.000308894 0.999967933 42.106189728
0.999958992 0.005252936 -0.007379187 0.729657114 -0.005251546 0.999986231 0.000207708 -1.192810059 0.007380177 -0.000168948 0.999972761 42.654083252
0.999960005 0.004953940 -0.007449202 0.740281343 -0.004952317 0.999987662 0.000236270 -1.204016328 0.007450282 -0.000199369 0.999972224 43.196971893
0.999954939 0.005297575 -0.007879211 0.754969239 -0.005294756 0.999985874 0.000378533 -1.223720193 0.007881104 -0.000336797 0.999968886 43.736080170
0.999958813 0.004546678 -0.007853936 0.744860053 -0.004538242 0.999989033 0.001091902 -1.243173599 0.007858816 -0.001056213 0.999968588 44.287391663
0.999956846 0.004895952 -0.007890772 0.752219558 -0.004888872 0.999987543 0.000916305 -1.254095912 0.007895160 -0.000877688 0.999968469 44.845111847
0.999960363 0.005318056 -0.007141510 0.752265811 -0.005314223 0.999985754 0.000555545 -1.257458091 0.007144362 -0.000517571 0.999974430 45.376392365
0.999959528 0.005827854 -0.006853241 0.759570122 -0.005820014 0.999982357 0.001163504 -1.288161874 0.006859901 -0.001123570 0.999975920 45.915843964
0.999957263 0.004682863 -0.007987810 0.769350171 -0.004675711 0.999988675 0.000914057 -1.302186370 0.007992001 -0.000876669 0.999967694 46.470958710
0.999954343 0.005034929 -0.008128125 0.782456756 -0.005024276 0.999986589 0.001330616 -1.324942827 0.008134715 -0.001289717 0.999966145 47.014999390
0.999961138 0.005019587 -0.007253021 0.770378292 -0.005016292 0.999987304 0.000472688 -1.322462559 0.007255301 -0.000436287 0.999973595 47.554523468
0.999955356 0.004991396 -0.008021289 0.783987284 -0.004984885 0.999987185 0.000831459 -1.340054750 0.008025337 -0.000791437 0.999967456 48.102066040
0.999956191 0.004709742 -0.008090374 0.795511901 -0.004703351 0.999988616 0.000808863 -1.352339029 0.008094091 -0.000770776 0.999966919 48.646331787
0.999954104 0.004800414 -0.008284094 0.807120264 -0.004788973 0.999987543 0.001400310 -1.375774741 0.008290713 -0.001360573 0.999964714 49.176494598
0.999955475 0.004675208 -0.008196733 0.809990704 -0.004666484 0.999988496 0.001083000 -1.389052272 0.008201702 -0.001044702 0.999965847 49.738456726
0.999956965 0.004953531 -0.007835953 0.812717736 -0.004942503 0.999986768 0.001426108 -1.404757977 0.007842914 -0.001387317 0.999968290 50.272979736
0.999958277 0.005851175 -0.007020547 0.806649446 -0.005844406 0.999982417 0.000984149 -1.414346337 0.007026182 -0.000943077 0.999974906 50.809265137
0.999954939 0.004785184 -0.008189183 0.822722793 -0.004777048 0.999988079 0.001012771 -1.433313012 0.008193931 -0.000973606 0.999965966 51.367206573
0.999951720 0.005256570 -0.008298471 0.830361724 -0.005250478 0.999985933 0.000755741 -1.447076559 0.008302327 -0.000712134 0.999965310 51.900127411
0.999954581 0.005261603 -0.007945438 0.839787245 -0.005257469 0.999986053 0.000541158 -1.462393999 0.007948175 -0.000499361 0.999968350 52.441684723
0.999960184 0.005041583 -0.007354264 0.821018219 -0.005035105 0.999986947 0.000899168 -1.483179569 0.007358701 -0.000862103 0.999972641 52.985385895
0.999955595 0.004792770 -0.008111505 0.832033515 -0.004782075 0.999987662 0.001337408 -1.504346013 0.008117815 -0.001298559 0.999966145 53.550792694
0.999959648 0.004579742 -0.007718655 0.840332031 -0.004569648 0.999988616 0.001324989 -1.520075321 0.007724636 -0.001289664 0.999969304 54.099971771
0.999957025 0.005117016 -0.007729634 0.845742464 -0.005109006 0.999986351 0.001055718 -1.529942513 0.007734930 -0.001016182 0.999969542 54.640705109
0.999951899 0.005087395 -0.008388505 0.856625915 -0.005077941 0.999986470 0.001147769 -1.551412582 0.008394231 -0.001105118 0.999964118 55.183811188
0.999954104 0.005114209 -0.008102112 0.860457659 -0.005105246 0.999986291 0.001126357 -1.564601660 0.008107760 -0.001084942 0.999966562 55.732830048
0.999950469 0.005381270 -0.008372071 0.862292171 -0.005372986 0.999985039 0.001011495 -1.575740218 0.008377390 -0.000966462 0.999964356 56.267677307
0.999955833 0.004751631 -0.008108544 0.879067063 -0.004742784 0.999988079 0.001109722 -1.593214989 0.008113721 -0.001071216 0.999966443 56.803417206
0.999953628 0.005060786 -0.008191618 0.879577041 -0.005052023 0.999986649 0.001090122 -1.606532335 0.008197026 -0.001048687 0.999965847 57.365062714
0.999952734 0.005236561 -0.008190207 0.884289324 -0.005226335 0.999985516 0.001269393 -1.626437783 0.008196736 -0.001226528 0.999965668 57.906574249
0.999953568 0.005231171 -0.008090040 0.889195800 -0.005222964 0.999985754 0.001035180 -1.634305835 0.008095340 -0.000992878 0.999966741 58.442916870
0.999955833 0.005524445 -0.007599899 0.887806416 -0.005517267 0.999984324 0.000965092 -1.642954350 0.007605110 -0.000923119 0.999970675 58.995952606
0.999958336 0.005697782 -0.007121898 0.892575026 -0.005689596 0.999983132 0.001169183 -1.664976358 0.007128439 -0.001128614 0.999973953 59.528903961
0.999955058 0.005039136 -0.008043611 0.904468179 -0.005033264 0.999987006 0.000750105 -1.673906207 0.008047288 -0.000709586 0.999967396 60.079498291
0.999957263 0.004869439 -0.007862671 0.907943249 -0.004864675 0.999988019 0.000624926 -1.684613705 0.007865620 -0.000586650 0.999968946 60.633380890
0.999957621 0.005534771 -0.007352394 0.915403426 -0.005530770 0.999984503 0.000564427 -1.700546980 0.007355405 -0.000523738 0.999972880 61.181724548
0.999951363 0.005390576 -0.008248714 0.923957705 -0.005386556 0.999985278 0.000509488 -1.711031079 0.008251338 -0.000465031 0.999965847 61.720161438
0.999952078 0.005256678 -0.008252552 0.928512335 -0.005253716 0.999986053 0.000380620 -1.726342201 0.008254438 -0.000337245 0.999965906 62.273719788
0.999956131 0.005844453 -0.007318386 0.926478148 -0.005842524 0.999982893 0.000284937 -1.741891742 0.007319924 -0.000242167 0.999973238 62.820579529
0.999953985 0.005650849 -0.007747738 0.938498855 -0.005646134 0.999983907 0.000630153 -1.754494786 0.007751173 -0.000586380 0.999969780 63.362567902
0.999946833 0.005871303 -0.008475600 0.958884239 -0.005861327 0.999982119 0.001201482 -1.789135575 0.008482503 -0.001151740 0.999963284 63.880458832
0.999949932 0.005764110 -0.008184118 0.959166706 -0.005756418 0.999982953 0.000963298 -1.801440597 0.008189531 -0.000916139 0.999965966 64.430168152
0.999947846 0.006522339 -0.007848779 0.960271716 -0.006510340 0.999977648 0.001553399 -1.814479828 0.007858736 -0.001502220 0.999967933 64.962562561
0.999948621 0.006258540 -0.007976834 0.962174416 -0.006250969 0.999980032 0.000973744 -1.824396491 0.007982767 -0.000923831 0.999967754 65.494903564
0.999945998 0.005858631 -0.008582818 0.981760919 -0.005848353 0.999982119 0.001222123 -1.846561313 0.008589825 -0.001171862 0.999962449 66.060226440
0.999947727 0.006065966 -0.008222663 0.982530892 -0.006059666 0.999981284 0.000790879 -1.856435895 0.008227305 -0.000741011 0.999965966 66.610252380
0.999942183 0.006164041 -0.008811568 0.995899975 -0.006155653 0.999980569 0.000978597 -1.877376795 0.008817428 -0.000924299 0.999960780 67.156417847
0.999942005 0.006047480 -0.008909646 1.007164359 -0.006034710 0.999980688 0.001459498 -1.892411470 0.008918301 -0.001405646 0.999959230 67.696876526
0.999937475 0.006748213 -0.008921606 1.017570853 -0.006729271 0.999975026 0.002151631 -1.914940000 0.008935903 -0.002091461 0.999957860 68.225372314
0.999938607 0.007021099 -0.008574571 1.023161888 -0.007007398 0.999974132 0.001627001 -1.928641200 0.008585772 -0.001566816 0.999961913 68.776412964
0.999942780 0.006842212 -0.008224535 1.007800102 -0.006832179 0.999975801 0.001247494 -1.931956768 0.008232872 -0.001191231 0.999965429 69.308868408
0.999948621 0.006251941 -0.007989377 1.016626954 -0.006244229 0.999979913 0.000989645 -1.941201925 0.007995404 -0.000939707 0.999967635 69.860084534
0.999946237 0.006971530 -0.007668567 1.019996405 -0.006963111 0.999975026 0.001124084 -1.962366700 0.007676213 -0.001070626 0.999970019 70.398002625
0.999945581 0.006682372 -0.008007099 1.020683169 -0.006680228 0.999977648 0.000294413 -1.964185476 0.008008887 -0.000240907 0.999967813 70.943351746
0.999942660 0.006963836 -0.008135568 1.035992384 -0.006961965 0.999975622 0.000258275 -1.982051969 0.008137169 -0.000201620 0.999966800 71.483520508
0.999946773 0.007125377 -0.007460792 1.033282757 -0.007124754 0.999974608 0.000110040 -1.993993878 0.007461386 -0.000056877 0.999972105 72.043502808
0.999940872 0.007302056 -0.008048397 1.042920828 -0.007296758 0.999973059 0.000687405 -2.015363455 0.008053199 -0.000628638 0.999967396 72.561866760
0.999948859 0.006324457 -0.007894085 1.052668095 -0.006319242 0.999979794 0.000685488 -2.032639742 0.007898261 -0.000635568 0.999968648 73.108650208
0.999945581 0.006667938 -0.008021126 1.054442883 -0.006658985 0.999977171 0.001142454 -2.052794695 0.008028558 -0.001088979 0.999967217 73.654312134
0.999942124 0.007161465 -0.008029310 1.057938576 -0.007155315 0.999974072 0.000794450 -2.060317039 0.008034793 -0.000736952 0.999967396 74.179634094
0.999940991 0.006784495 -0.008499077 1.072257757 -0.006774510 0.999976337 0.001203104 -2.078019619 0.008507038 -0.001145456 0.999963164 74.715438843
0.999941051 0.006956483 -0.008340094 1.074243307 -0.006943008 0.999974549 0.001643382 -2.095078707 0.008351313 -0.001585380 0.999963880 75.258735657
0.999942243 0.006933795 -0.008212186 1.081733942 -0.006924969 0.999975443 0.001102694 -2.110542059 0.008219630 -0.001045761 0.999965668 75.800498962
0.999932826 0.007790592 -0.008588695 1.088178635 -0.007777977 0.999968648 0.001501199 -2.132081747 0.008600121 -0.001434295 0.999961972 76.339218140
0.999942780 0.006771799 -0.008277739 1.096581697 -0.006763691 0.999976635 0.001006890 -2.141149044 0.008284364 -0.000950844 0.999965250 76.899230957
0.999945581 0.006386862 -0.008253107 1.103426337 -0.006380058 0.999979317 0.000850500 -2.151744843 0.008258367 -0.000797798 0.999965608 77.455650330
0.999944031 0.006410449 -0.008406250 1.114110470 -0.006402577 0.999979079 0.000962967 -2.167709589 0.008412246 -0.000909091 0.999964237 77.989257812
0.999936283 0.007203717 -0.008694001 1.119193077 -0.007197922 0.999973834 0.000697837 -2.181305885 0.008698801 -0.000635214 0.999961972 78.527954102
0.999936998 0.007018420 -0.008765093 1.133919597 -0.007013283 0.999975204 0.000616830 -2.197057962 0.008769205 -0.000555319 0.999961436 79.070167542
0.999942422 0.006965711 -0.008165563 1.131315708 -0.006964888 0.999975741 0.000129472 -2.207466841 0.008166266 -0.000072593 0.999966741 79.624542236
0.999935448 0.007358027 -0.008657979 1.141949773 -0.007353469 0.999972939 0.000558017 -2.226846218 0.008661849 -0.000494315 0.999962389 80.169845581
0.999943256 0.007595459 -0.007467521 1.147356987 -0.007591623 0.999971032 0.000541888 -2.241368771 0.007471421 -0.000485167 0.999971926 80.719261169
0.999951899 0.007443078 -0.006391582 1.154481411 -0.007440931 0.999972224 0.000359725 -2.254611492 0.006394083 -0.000312149 0.999979496 81.262916565
0.999955773 0.007656282 -0.005466149 1.162521958 -0.007651992 0.999970317 0.000805410 -2.274647236 0.005472154 -0.000763547 0.999984741 81.783500671
0.999959707 0.008087346 -0.003901588 1.168627858 -0.008084263 0.999966919 0.000805734 -2.288281441 0.003907976 -0.000774160 0.999992073 82.329666138
0.999970853 0.007561318 -0.000994613 1.187565327 -0.007560902 0.999971271 0.000421400 -2.302078962 0.000997771 -0.000413867 0.999999404 82.877761841
0.999963403 0.007946718 0.003199311 1.193886757 -0.007948639 0.999968231 0.000588074 -2.316226244 -0.003194536 -0.000613483 0.999994695 83.407623291
0.999943495 0.008294143 0.006654561 1.207026124 -0.008298303 0.999965429 0.000597870 -2.332057714 -0.006649372 -0.000653058 0.999977648 83.957641602
0.999911427 0.007952116 0.010668498 1.245766282 -0.007961150 0.999967992 0.000804804 -2.355914354 -0.010661756 -0.000889666 0.999942780 84.509994507
0.999834478 0.007990468 0.016340341 1.268656969 -0.007996035 0.999968112 0.000275503 -2.366824865 -0.016337615 -0.000406116 0.999866486 85.063377380
0.999730110 0.007643891 0.021941034 1.297882080 -0.007669851 0.999969959 0.001099226 -2.390462160 -0.021931972 -0.001267213 0.999758661 85.585372925
0.999582469 0.007734900 0.027838388 1.330718637 -0.007759020 0.999969542 0.000758517 -2.404660463 -0.027831675 -0.000974199 0.999612093 86.134414673
0.999326169 0.007638299 0.035900708 1.366729259 -0.007673538 0.999970138 0.000843905 -2.420259714 -0.035893187 -0.001118822 0.999355018 86.685173035
0.998987436 0.008485837 0.044182800 1.403501272 -0.008533548 0.999963164 0.000891353 -2.435840368 -0.044173606 -0.001267487 0.999023080 87.235519409
0.998661518 0.007140376 0.051226351 1.442056894 -0.007189592 0.999973834 0.000776578 -2.453473806 -0.051219467 -0.001143834 0.998686790 87.772689819
0.998164296 0.006958894 0.060162798 1.494328976 -0.006990240 0.999975443 0.000310572 -2.465216875 -0.060159158 -0.000730554 0.998188615 88.326766968
0.997486353 0.007579281 0.070452556 1.553791523 -0.007627442 0.999970853 0.000414591 -2.481567860 -0.070447363 -0.000950922 0.997515082 88.851013184
0.996843100 0.007495830 0.079041436 1.604737282 -0.007552244 0.999971390 0.000414793 -2.498288870 -0.079036079 -0.001010424 0.996871173 89.418434143
0.996159971 0.007220945 0.087253243 1.672311306 -0.007274574 0.999973536 0.000296674 -2.514864922 -0.087248787 -0.000930265 0.996186078 89.960105896
0.995208085 0.006923519 0.097533837 1.748303890 -0.006979418 0.999975622 0.000231965 -2.532093525 -0.097529866 -0.000911584 0.995232224 90.491813660
0.994065702 0.007224480 0.108540945 1.818694115 -0.007338950 0.999972820 0.000655189 -2.552594423 -0.108533271 -0.001447878 0.994091690 91.058898926
0.993062615 0.006387023 0.117412567 1.904456139 -0.006462690 0.999979079 0.000263747 -2.563198328 -0.117408425 -0.001020718 0.993083179 91.607872009
0.991662085 0.007066614 0.128671214 1.988902092 -0.007191740 0.999974072 0.000507860 -2.575319052 -0.128664285 -0.001428995 0.991687119 92.162307739
0.990044355 0.006119973 0.140622750 2.096854210 -0.006266828 0.999980211 0.000601507 -2.602340698 -0.140616313 -0.001476777 0.990063071 92.697662354
0.988447011 0.006101871 0.151444092 2.198826790 -0.006301784 0.999979794 0.000840129 -2.622325420 -0.151435956 -0.001784791 0.988465488 93.240333557
0.986798942 0.005523873 0.161855906 2.305940628 -0.005728270 0.999983251 0.000796207 -2.629613400 -0.161848828 -0.001712850 0.986814022 93.791381836
0.984636486 0.004827233 0.174549922 2.424810410 -0.005025132 0.999987125 0.000691821 -2.645475388 -0.174544349 -0.001558328 0.984647989 94.316390991
0.982286274 0.005074045 0.187318370 2.544804573 -0.005277299 0.999985814 0.000586406 -2.659079552 -0.187312797 -0.001564554 0.982299089 94.859359741
0.980345666 0.005080959 0.197222009 2.672578812 -0.005315454 0.999985635 0.000659648 -2.674349785 -0.197215825 -0.001695007 0.980358660 95.388244629
0.977567196 0.004575881 0.210574120 2.814987183 -0.004745572 0.999988675 0.000300538 -2.685925007 -0.210570365 -0.001293090 0.977577865 95.936912537
0.974622607 0.004255345 0.223814145 2.964227676 -0.004501268 0.999989688 0.000588591 -2.702658176 -0.223809347 -0.001581101 0.974631727 96.469902039
0.971966028 0.003831898 0.235090196 3.104515076 -0.004056861 0.999991655 0.000473282 -2.720259190 -0.235086411 -0.001413742 0.971973419 97.000259399
0.969149947 0.003229867 0.246450782 3.269390106 -0.003554379 0.999993265 0.000871899 -2.744320154 -0.246446311 -0.001720980 0.969154835 97.517135620
0.965385795 0.003602145 0.260801107 3.423002243 -0.003844532 0.999992490 0.000419244 -2.749803782 -0.260797620 -0.001407391 0.965392470 98.059097290
0.961856306 0.003549982 0.273532391 3.583757401 -0.003821319 0.999992609 0.000459195 -2.760340929 -0.273528695 -0.001486934 0.961862683 98.590736389
0.958781600 0.002965531 0.284128696 3.764980316 -0.003302393 0.999994278 0.000706576 -2.778031349 -0.284125030 -0.001615756 0.958785951 99.090629578
0.954374850 0.002300970 0.298602313 3.946729660 -0.002716770 0.999995828 0.000977409 -2.801054001 -0.298598796 -0.001744049 0.954377115 99.648872375
0.950101733 0.002367863 0.311931282 4.142255783 -0.002712231 0.999996126 0.000670155 -2.816023588 -0.311928511 -0.001482745 0.950104415 100.151153564
0.946117640 0.001815743 0.323818088 4.342540741 -0.002104300 0.999997616 0.000540970 -2.821725607 -0.323816329 -0.001193231 0.946119189 100.691261292
0.941516578 0.001435937 0.336963594 4.548814774 -0.001687690 0.999998450 0.000454210 -2.840636969 -0.336962372 -0.000996337 0.941517591 101.206954956
0.936449945 0.001447961 0.350798190 4.763807297 -0.001717370 0.999998391 0.000456880 -2.857701302 -0.350796998 -0.001030295 0.936450899 101.695549011
0.931731105 0.001083716 0.363147289 4.985301971 -0.001388772 0.999998868 0.000578958 -2.872338295 -0.363146245 -0.001043762 0.931731582 102.236076355
0.927109599 0.000351508 0.374790162 5.215370178 -0.000367163 1.000000000 -0.000029637 -2.881058455 -0.374790132 -0.000110132 0.927109718 102.749893188
0.921213746 0.000154932 0.389056802 5.443748474 -0.000351276 0.999999821 0.000433532 -2.899019480 -0.389056683 -0.000536042 0.921213686 103.238029480
0.915698826 -0.001117282 0.401863575 5.686443329 0.001185895 0.999999285 0.000078032 -2.909601212 -0.401863426 0.000405115 0.915699601 103.723602295
0.910671532 -0.000875947 0.413130432 5.923259735 0.000697078 0.999999523 0.000583683 -2.933894396 -0.413130730 -0.000243560 0.910671651 104.195602417
0.904448688 -0.001667805 0.426579237 6.198135376 0.001476631 0.999998629 0.000778907 -2.954084635 -0.426579922 -0.000074581 0.904449880 104.723464966
0.898203075 -0.002229263 0.439575195 6.467475891 0.001888147 0.999997497 0.001213257 -2.977806807 -0.439576715 -0.000259769 0.898205101 105.184745789
0.891840339 -0.002453883 0.452343702 6.738826752 0.002314247 0.999997020 0.000862037 -2.981485367 -0.452344418 0.000278035 0.891843259 105.713203430
0.886375189 -0.002623101 0.462960154 6.988063812 0.002358315 0.999996483 0.001150726 -3.000699997 -0.462961584 0.000071831 0.886378348 106.169097900
0.879152596 -0.002641108 0.476533175 7.273178101 0.002437213 0.999996483 0.001045923 -3.011717319 -0.476534277 0.000241887 0.879155874 106.655609131
0.872249484 -0.002746113 0.489053398 7.555801392 0.002514029 0.999996245 0.001131250 -3.030508995 -0.489054590 0.000242762 0.872253180 107.109481812
