1.000000000 0.000000000 0.000000000 0.000000000 0.000000000 1.000000000 0.000000000 0.000000000 0.000000000 0.000000000 1.000000000 0.000000000
1.000000000 0.000060723 0.000085995 -0.000578332 -0.000060735 1.000000000 0.000144733 -0.000476682 -0.000085986 -0.000144738 1.000000000 0.000429084
1.000000000 0.000046257 0.000153983 -0.001107722 -0.000046256 1.000000000 -0.000003926 0.000295918 -0.000153983 0.000003919 1.000000000 0.000198498
1.000000000 0.000060212 0.000056359 -0.000610022 -0.000060214 1.000000000 0.000041246 -0.000541524 -0.000056356 -0.000041249 1.000000000 -0.000455868
1.000000000 0.000043976 0.000171900 -0.001200836 -0.000043991 1.000000000 0.000085090 -0.000291429 -0.000171896 -0.000085098 1.000000000 0.000383926
1.000000000 -0.000088859 0.000043281 -0.000593165 0.000088857 1.000000000 0.000058584 -0.000771977 -0.000043286 -0.000058580 1.000000000 -0.000158857
1.000000000 0.000034186 0.000085154 -0.000877385 -0.000034194 1.000000000 0.000091143 -0.001025720 -0.000085151 -0.000091146 1.000000000 -0.001034731
1.000000000 0.000113695 0.000040272 -0.000633535 -0.000113693 1.000000000 -0.000050654 0.000171898 -0.000040278 0.000050650 1.000000000 -0.000348859
1.000000000 0.000138331 0.000154803 -0.000934532 -0.000138335 1.000000000 0.000022998 -0.000997424 -0.000154799 -0.000023020 1.000000000 -0.000477925
1.000000000 0.000143601 0.000126863 -0.001072220 -0.000143618 1.000000000 0.000130372 -0.001131592 -0.000126845 -0.000130390 1.000000000 0.000060948
1.000000000 0.000058786 0.000119867 -0.000636545 -0.000058794 1.000000000 0.000066577 -0.000658324 -0.000119863 -0.000066584 1.000000000 -0.000277220
1.000000000 0.000079463 0.000121478 -0.000941526 -0.000079470 1.000000000 0.000053548 -0.000762797 -0.000121473 -0.000053558 1.000000000 -0.000311418
1.000000000 0.000071275 0.000087075 -0.000506848 -0.000071280 1.000000000 0.000050300 0.000092296 -0.000087071 -0.000050306 1.000000000 0.000547082
1.000000000 0.000140239 0.000147174 -0.001596282 -0.000140228 1.000000000 -0.000077146 0.000924341 -0.000147185 0.000077126 1.000000000 0.000317343
1.000000000 0.000096084 0.000142570 -0.001360116 -0.000096088 1.000000000 0.000028263 0.000449450 -0.000142567 -0.000028277 1.000000000 0.000470977
0.999999940 0.000259352 0.000153881 -0.002108527 -0.000259350 0.999999940 -0.000010877 0.000626231 -0.000153884 0.000010837 1.000000000 0.001032790
0.999999940 0.000319991 0.000197857 -0.002597788 -0.000319990 0.999999940 -0.000003023 0.000187267 -0.000197858 0.000002960 1.000000000 0.000782227
0.999999940 0.000261364 0.000221771 -0.002332248 -0.000261363 0.999999940 -0.000004328 0.000614957 -0.000221772 0.000004270 1.000000000 0.000994849
0.999999940 0.000315973 0.000063534 -0.002028594 -0.000315967 0.999999881 -0.000090979 0.001159825 -0.000063562 0.000090959 0.999999940 0.000878408
0.999999940 0.000244046 0.000055894 -0.002206346 -0.000244049 0.999999940 0.000047700 -0.000181617 -0.000055883 -0.000047713 1.000000000 0.000676353
0.999999940 0.000340557 0.000011748 -0.002377620 -0.000340557 0.999999881 0.000010298 0.000462575 -0.000011745 -0.000010302 1.000000000 0.000704619
0.999999940 0.000306798 0.000041414 -0.001668249 -0.000306796 0.999999940 -0.000052412 0.000740165 -0.000041430 0.000052400 1.000000000 0.000887381
0.999999940 0.000302471 0.000084252 -0.001903158 -0.000302476 0.999999940 0.000054544 0.000542761 -0.000084236 -0.000054569 0.999999940 0.000987857
0.999999881 0.000448251 0.000008774 -0.002094831 -0.000448251 0.999999821 0.000017388 0.000766538 -0.000008766 -0.000017392 1.000000000 0.001020208
0.999999821 0.000472078 0.000110980 -0.002307809 -0.000472082 0.999999821 0.000036594 0.000176560 -0.000110963 -0.000036647 0.999999940 0.000644135
0.999999940 0.000395934 0.000081194 -0.001521932 -0.000395933 0.999999881 -0.000018992 0.001274585 -0.000081202 0.000018959 0.999999940 0.001440435
0.999999940 0.000373860 0.000075168 -0.001668731 -0.000373865 0.999999881 0.000056390 0.000641456 -0.000075147 -0.000056418 0.999999940 0.000908115
0.999999940 0.000385731 -0.000015822 -0.001586872 -0.000385732 0.999999881 -0.000072299 0.001108503 0.000015794 0.000072305 1.000000000 0.000157055
0.999999881 0.000416244 0.000001177 -0.001907764 -0.000416244 0.999999821 -0.000017277 0.000724137 -0.000001184 0.000017277 1.000000000 -0.000066228
0.999999821 0.000446530 0.000096492 -0.002017816 -0.000446529 0.999999821 -0.000010963 0.000818397 -0.000096497 0.000010920 0.999999940 0.001192637
0.999999940 0.000358124 0.000097156 -0.001968833 -0.000358125 0.999999881 0.000013674 0.000995296 -0.000097151 -0.000013708 0.999999940 0.001645511
0.999999881 0.000421351 0.000048112 -0.001912871 -0.000421349 0.999999821 -0.000025996 0.001154994 -0.000048123 0.000025976 1.000000000 0.001382967
0.999999881 0.000490448 0.000067614 -0.002111372 -0.000490452 0.999999881 0.000056003 0.000126450 -0.000067586 -0.000056036 1.000000000 0.000522538
0.999999821 0.000470074 0.000136288 -0.002843365 -0.000470078 0.999999821 0.000033780 0.000084665 -0.000136272 -0.000033844 0.999999940 0.000575792
0.999999881 0.000425596 0.000050401 -0.002045845 -0.000425593 0.999999821 -0.000065903 0.000464178 -0.000050429 0.000065882 1.000000000 0.000185635
0.999999881 0.000415645 0.000046382 -0.001893461 -0.000415647 0.999999821 0.000029864 0.000141745 -0.000046370 -0.000029883 1.000000000 -0.000000680
0.999999881 0.000511012 0.000038724 -0.002383152 -0.000511010 0.999999821 -0.000046311 0.000891622 -0.000038747 0.000046292 1.000000000 0.000222230
0.999999821 0.000470383 0.000091283 -0.002469283 -0.000470384 0.999999821 0.000016260 0.000633478 -0.000091275 -0.000016303 0.999999940 0.000218893
0.999999821 0.000472811 0.000083139 -0.001860348 -0.000472808 0.999999821 -0.000031291 0.001724590 -0.000083153 0.000031251 0.999999940 0.001423438
0.999999940 0.000365319 0.000063358 -0.001643709 -0.000365314 0.999999881 -0.000090385 0.000970361 -0.000063391 0.000090362 0.999999940 0.001034581
0.999999821 0.000544617 0.000133558 -0.001507380 -0.000544542 0.999999702 -0.000560880 -0.002660891 -0.000133863 0.000560807 0.999999821 0.047524624
0.999999762 0.000462163 0.000343309 -0.001867636 -0.000461842 0.999999464 -0.000934360 -0.005255422 -0.000343741 0.000934201 0.999999523 0.137947753
0.999999821 0.000421704 0.000368791 -0.000264253 -0.000421235 0.999999166 -0.001270033 -0.008538312 -0.000369326 0.001269877 0.999999166 0.253256291
0.999999642 0.000683056 0.000323151 0.004159932 -0.000682646 0.999998987 -0.001268132 -0.011718434 -0.000324017 0.001267911 0.999999166 0.384877861
0.999999821 0.000571048 0.000180227 0.005604441 -0.000570863 0.999999344 -0.001024732 -0.017407142 -0.000180812 0.001024629 0.999999464 0.524176896
0.999999881 0.000064430 0.000344791 0.010807769 -0.000064240 0.999999821 -0.000550765 -0.024197064 -0.000344826 0.000550743 0.999999702 0.673130572
0.999999881 0.000009454 0.000373688 0.014899784 -0.000009390 0.999999940 -0.000173124 -0.029718529 -0.000373690 0.000173120 0.999999881 0.835527599
1.000000000 -0.000043350 0.000214694 0.018044394 0.000043380 1.000000000 -0.000139737 -0.036896903 -0.000214688 0.000139746 0.999999881 1.002445459
1.000000000 -0.000006401 0.000188492 0.022152001 0.000006441 1.000000000 -0.000213569 -0.040149447 -0.000188490 0.000213571 0.999999881 1.177924156
0.999999940 0.000006527 0.000359301 0.024534583 -0.000006551 1.000000000 0.000067165 -0.044934828 -0.000359300 -0.000067167 0.999999940 1.369299889
0.999999881 0.000395444 0.000379082 0.026699496 -0.000395409 0.999999881 -0.000091446 -0.047092684 -0.000379118 0.000091296 0.999999940 1.560170770
0.999999881 0.000038981 0.000428486 0.031996280 -0.000039137 1.000000000 0.000363031 -0.057034742 -0.000428472 -0.000363048 0.999999821 1.755597115
0.999999583 0.000612783 0.000631036 0.033449013 -0.000613092 0.999999702 0.000490666 -0.061214618 -0.000630735 -0.000491052 0.999999702 1.962076187
0.999999762 -0.000427809 0.000506486 0.040596213 0.000427467 0.999999702 0.000674220 -0.070386507 -0.000506775 -0.000674003 0.999999642 2.162997007
0.999999881 -0.000187295 0.000489255 0.046570987 0.000187007 0.999999821 0.000589501 -0.073739804 -0.000489365 -0.000589409 0.999999702 2.382225752
0.999999821 0.000121842 0.000546213 0.052103654 -0.000122203 0.999999702 0.000659513 -0.082443908 -0.000546132 -0.000659580 0.999999642 2.597940683
0.999999881 -0.000120038 0.000514805 0.059121784 0.000119683 0.999999762 0.000690516 -0.090417303 -0.000514888 -0.000690454 0.999999642 2.829800129
0.999999881 -0.000306999 0.000556795 0.066254497 0.000306538 0.999999583 0.000827194 -0.097019598 -0.000557049 -0.000827023 0.999999523 3.071644306
0.999999702 0.000107505 0.000801703 0.066241771 -0.000108294 0.999999523 0.000984756 -0.103111848 -0.000801596 -0.000984843 0.999999166 3.298107386
0.999999583 0.000236622 0.000786956 0.070185363 -0.000237314 0.999999523 0.000879236 -0.109074242 -0.000786748 -0.000879423 0.999999285 3.546648979
0.999999642 0.000201489 0.000852592 0.074642785 -0.000202254 0.999999583 0.000897221 -0.114983581 -0.000852411 -0.000897393 0.999999225 3.799214125
0.999999583 0.000122766 0.000952629 0.080480188 -0.000123962 0.999999225 0.001255521 -0.121433772 -0.000952474 -0.001255639 0.999998748 4.057881355
0.999999344 0.000360274 0.001064933 0.083435766 -0.000361143 0.999999583 0.000816321 -0.122413337 -0.001064639 -0.000816705 0.999999046 4.313830853
0.999999225 0.000442619 0.001144283 0.088590011 -0.000443573 0.999999583 0.000833785 -0.130486891 -0.001143913 -0.000834292 0.999998987 4.571483612
0.999999285 0.000395999 0.001124068 0.097773381 -0.000396874 0.999999762 0.000777801 -0.138670415 -0.001123760 -0.000778246 0.999999046 4.827142715
0.999999404 0.000452953 0.001042609 0.105566993 -0.000453808 0.999999583 0.000820644 -0.144821867 -0.001042238 -0.000821117 0.999999046 5.091010571
0.999998212 0.001154045 0.001482167 0.103125937 -0.001155418 0.999998868 0.000926096 -0.154824063 -0.001481097 -0.000927807 0.999998391 5.343914986
0.999997914 0.001271047 0.001603343 0.107231729 -0.001272891 0.999998510 0.001149301 -0.162683040 -0.001601880 -0.001151339 0.999997973 5.607209206
0.999997973 0.001109000 0.001680042 0.110798292 -0.001111338 0.999998391 0.001391140 -0.171622828 -0.001678497 -0.001393004 0.999997616 5.875459671
0.999998391 0.000788569 0.001592143 0.116914786 -0.000790416 0.999998987 0.001159642 -0.178624898 -0.001591227 -0.001160899 0.999998033 6.155821800
0.999997973 0.001038117 0.001744658 0.124289818 -0.001040293 0.999998629 0.001247024 -0.184918046 -0.001743361 -0.001248837 0.999997675 6.442901134
0.999997914 0.001120485 0.001714653 0.131716326 -0.001122431 0.999998748 0.001134492 -0.187157616 -0.001713380 -0.001136414 0.999997914 6.736109734
0.999997616 0.001301379 0.001769901 0.138275295 -0.001303335 0.999998569 0.001104322 -0.195735946 -0.001768462 -0.001106626 0.999997854 7.031206131
0.999997795 0.001034839 0.001813836 0.143793404 -0.001037056 0.999998689 0.001221497 -0.211764872 -0.001812569 -0.001223376 0.999997616 7.334300995
0.999996901 0.001306459 0.002098357 0.145571440 -0.001309558 0.999997973 0.001475967 -0.226382047 -0.002096425 -0.001478711 0.999996662 7.630380154
0.999997854 0.000975456 0.001824492 0.159854472 -0.000978094 0.999998450 0.001445428 -0.232644841 -0.001823080 -0.001447209 0.999997318 7.954041004
0.999996245 0.001578027 0.002221807 0.158439323 -0.001581453 0.999997556 0.001541396 -0.242370039 -0.002219369 -0.001544904 0.999996424 8.267359734
0.999997437 0.001052071 0.002008578 0.169842333 -0.001055061 0.999998331 0.001487975 -0.251707047 -0.002007009 -0.001490090 0.999996901 8.589152336
0.999995589 0.001824363 0.002348205 0.173720300 -0.001828261 0.999996960 0.001658878 -0.261919141 -0.002345171 -0.001663164 0.999995887 8.933553696
0.999994278 0.002518719 0.002278668 0.182479292 -0.002521930 0.999995887 0.001407529 -0.273580909 -0.002275113 -0.001413268 0.999996483 9.274950027
0.999995768 0.001749985 0.002314123 0.192290336 -0.001753564 0.999997199 0.001545335 -0.284083605 -0.002311413 -0.001549387 0.999996126 9.607116699
0.999995947 0.001400984 0.002478631 0.200832203 -0.001405398 0.999997437 0.001780248 -0.291045785 -0.002476131 -0.001783723 0.999995410 9.947707176
0.999995589 0.001904747 0.002241522 0.209872767 -0.001908387 0.999996781 0.001622975 -0.304155529 -0.002238424 -0.001627245 0.999996185 10.319025040
0.999995947 0.001811592 0.002201437 0.218042344 -0.001815311 0.999996841 0.001688017 -0.316158146 -0.002198373 -0.001692006 0.999996185 10.674925804
0.999996603 0.001608884 0.002007393 0.231801242 -0.001613060 0.999996543 0.002080572 -0.326759160 -0.002004039 -0.002083804 0.999995828 11.026903152
0.999995887 0.001840513 0.002176903 0.240659043 -0.001845037 0.999996185 0.002078026 -0.334484488 -0.002173070 -0.002082034 0.999995470 11.401508331
0.999996245 0.001677910 0.002162262 0.245514929 -0.001682235 0.999996543 0.001999989 -0.346814930 -0.002158899 -0.002003619 0.999995589 11.798321724
0.999995291 0.002033982 0.002307426 0.254665703 -0.002039001 0.999995530 0.002174683 -0.359383494 -0.002302993 -0.002179377 0.999994993 12.188673019
0.999996066 0.001755590 0.002212984 0.268633246 -0.001761044 0.999995351 0.002464838 -0.374965101 -0.002208647 -0.002468725 0.999994516 12.568031311
0.999994993 0.001702387 0.002648796 0.269266963 -0.001709085 0.999995291 0.002528433 -0.382097691 -0.002644479 -0.002532947 0.999993324 12.959002495
0.999995410 0.001613245 0.002555817 0.284289658 -0.001619212 0.999995947 0.002334589 -0.392654657 -0.002552040 -0.002338717 0.999993980 13.361253738
0.999995828 0.001219952 0.002610914 0.295731843 -0.001226970 0.999995649 0.002687863 -0.407647729 -0.002607624 -0.002691055 0.999992967 13.774743080
0.999994695 0.001639104 0.002799673 0.303713381 -0.001646292 0.999995351 0.002567103 -0.418441117 -0.002795452 -0.002571699 0.999992788 14.188144684
0.999992728 0.002157871 0.003153378 0.310959280 -0.002164941 0.999995291 0.002240177 -0.424920976 -0.003148529 -0.002246988 0.999992490 14.625169754
0.999991655 0.002554585 0.003205784 0.318213433 -0.002562076 0.999994040 0.002334688 -0.438087910 -0.003199801 -0.002342882 0.999992132 15.059843063
0.999992490 0.002005470 0.003343604 0.334351540 -0.002013907 0.999994755 0.002522024 -0.451703519 -0.003338529 -0.002528738 0.999991238 15.473884583
0.999990821 0.001739131 0.003911524 0.339013308 -0.001748633 0.999995530 0.002426906 -0.459155500 -0.003907286 -0.002433724 0.999989331 15.920049667
0.999988079 0.002126269 0.004383776 0.347101569 -0.002136509 0.999994993 0.002332602 -0.468406618 -0.004378794 -0.002341940 0.999987662 16.354036331
0.999984086 0.002806610 0.004901829 0.356226146 -0.002816112 0.999994218 0.001932719 -0.479485065 -0.004896376 -0.001946492 0.999986172 16.798938751
0.999983788 0.002651352 0.005031984 0.366691768 -0.002666676 0.999991775 0.003041126 -0.508913100 -0.005023880 -0.003054495 0.999982715 17.255388260
0.999981284 0.002937690 0.005368949 0.376198828 -0.002953821 0.999991119 0.002998990 -0.519949377 -0.005360091 -0.003014792 0.999981165 17.718570709
0.999983013 0.002165262 0.005407842 0.397229254 -0.002182144 0.999992788 0.003117837 -0.531566083 -0.005401053 -0.003129585 0.999980509 18.190172195
0.999985874 0.001696346 0.005038139 0.415806413 -0.001713183 0.999992907 0.003339526 -0.542821646 -0.005032439 -0.003348110 0.999981701 18.657825470
0.999983072 0.002181765 0.005389563 0.424520671 -0.002197650 0.999993205 0.002943123 -0.550997436 -0.005383106 -0.002954918 0.999981165 19.148277283
0.999980569 0.002273441 0.005803156 0.438542545 -0.002289982 0.999993324 0.002845253 -0.570082486 -0.005796649 -0.002858487 0.999979138 19.630037308
0.999986768 0.002267766 0.004609468 0.463247865 -0.002282985 0.999992013 0.003299244 -0.571280122 -0.004601950 -0.003309724 0.999983907 20.128503799
0.999978721 0.002493142 0.006032012 0.462373018 -0.002515274 0.999990106 0.003664228 -0.606500030 -0.006022818 -0.003679323 0.999975026 20.596654892
0.999984086 0.002134769 0.005236101 0.478894651 -0.002154622 0.999990463 0.003788774 -0.620993555 -0.005227964 -0.003799996 0.999979079 21.088151932
0.999985635 0.002052279 0.004945653 0.492001921 -0.002067749 0.999992967 0.003124917 -0.625856817 -0.004939206 -0.003135099 0.999982834 21.606758118
0.999986529 0.002348099 0.004622801 0.505441487 -0.002361362 0.999993145 0.002865696 -0.636845529 -0.004616040 -0.002876573 0.999985158 22.120851517
0.999984205 0.002566617 0.005002547 0.509731114 -0.002582621 0.999991536 0.003195468 -0.651474416 -0.004994303 -0.003208338 0.999982357 22.626163483
0.999988735 0.001974575 0.004325215 0.525138617 -0.001989297 0.999992192 0.003402119 -0.669218779 -0.004318464 -0.003410685 0.999984860 23.148233414
0.999985516 0.003028574 0.004448629 0.525021434 -0.003043978 0.999989390 0.003459961 -0.684634209 -0.004438103 -0.003473453 0.999984086 23.655075073
0.999990880 0.001989049 0.003789551 0.539449871 -0.001999427 0.999994218 0.002736873 -0.698762655 -0.003784086 -0.002744425 0.999989092 24.183305740
0.999992073 0.002307734 0.003235891 0.552583933 -0.002318708 0.999991477 0.003391615 -0.714341640 -0.003228036 -0.003399092 0.999988973 24.722290039
0.999994874 0.002309993 0.002220452 0.570433438 -0.002318863 0.999989271 0.003999971 -0.730140567 -0.002211188 -0.004005100 0.999989450 25.256912231
0.999994814 0.002685548 0.001768954 0.580421746 -0.002692533 0.999988556 0.003958370 -0.740554571 -0.001758303 -0.003963113 0.999990523 25.798542023
0.999995589 0.002670096 0.001289325 0.594168663 -0.002674613 0.999990225 0.003514798 -0.752543330 -0.001279928 -0.003518231 0.999992967 26.347288132
0.999997079 0.002171130 0.001058134 0.606395602 -0.002175455 0.999989212 0.004103641 -0.765221000 -0.001049214 -0.004105932 0.999990940 26.906938553
0.999997318 0.002263219 0.000417158 0.621726453 -0.002264848 0.999989629 0.003947502 -0.781618595 -0.000408220 -0.003948437 0.999992132 27.448207855
0.999995947 0.002844987 -0.000016018 0.632404387 -0.002844905 0.999988556 0.003823134 -0.796602130 0.000026895 -0.003823073 0.999992609 27.999418259
0.999995708 0.002906244 -0.000294628 0.644644439 -0.002905052 0.999987900 0.003968424 -0.807437479 0.000306158 -0.003967551 0.999992073 28.555335999
0.999995649 0.002911963 -0.000446776 0.655089736 -0.002910180 0.999988019 0.003940293 -0.822414994 0.000458245 -0.003938975 0.999992132 29.102352142
0.999996066 0.002641643 -0.000930071 0.664480507 -0.002638048 0.999989092 0.003845362 -0.832767427 0.000940219 -0.003842893 0.999992132 29.650648117
0.999994755 0.002904186 -0.001383914 0.674263835 -0.002898767 0.999988139 0.003901529 -0.842727423 0.001395228 -0.003897497 0.999991357 30.197278976
0.999994457 0.002851505 -0.001738825 0.689185202 -0.002844994 0.999989033 0.003735691 -0.853148520 0.001749458 -0.003730724 0.999991477 30.747488022
0.999994218 0.003041391 -0.001535269 0.691193283 -0.003035283 0.999987662 0.003964673 -0.876722574 0.001547308 -0.003959991 0.999990940 31.281440735
0.999993443 0.003069310 -0.001937099 0.709498465 -0.003062793 0.999989748 0.003358362 -0.865382433 0.001947387 -0.003352407 0.999992490 31.870405197
0.999992251 0.003381116 -0.002012088 0.707162440 -0.003373381 0.999986947 0.003835398 -0.903552830 0.002025030 -0.003828580 0.999990642 32.369808197
0.999992669 0.003125504 -0.002212456 0.714943945 -0.003116558 0.999986947 0.004035417 -0.918131888 0.002225040 -0.004028492 0.999989331 32.912364960
0.999994397 0.002799505 -0.001834010 0.711835027 -0.002791614 0.999986887 0.004291017 -0.937443495 0.001845998 -0.004285873 0.999989092 33.452274323
0.999991953 0.003146720 -0.002460889 0.731010079 -0.003135692 0.999985099 0.004472365 -0.951995969 0.002474925 -0.004464613 0.999986887 33.965065002
0.999987960 0.004312897 -0.002327077 0.740615785 -0.004301216 0.999978304 0.005001541 -0.959554434 0.002348598 -0.004991472 0.999984801 34.544826508
0.999991596 0.003109748 -0.002656187 0.741712928 -0.003097609 0.999984801 0.004561749 -0.983721793 0.002670331 -0.004553482 0.999985993 35.043140411
0.999990225 0.002571115 -0.003580319 0.765135646 -0.002554401 0.999985814 0.004665133 -0.998771727 0.003592263 -0.004655942 0.999982655 35.581024170
0.999990046 0.003367873 -0.002925920 0.757322311 -0.003353715 0.999982834 0.004829790 -1.016350985 0.002942136 -0.004819929 0.999983966 36.133403778
0.999992013 0.002752534 -0.002897904 0.771649837 -0.002738963 0.999985337 0.004676649 -1.026959896 0.002910735 -0.004668675 0.999984860 36.660270691
0.999990284 0.003413972 -0.002769442 0.773679495 -0.003402085 0.999985099 0.004285465 -1.038582921 0.002784032 -0.004276002 0.999987006 37.209514618
0.999990702 0.002378778 -0.003600717 0.791849732 -0.002362125 0.999986529 0.004621847 -1.059784412 0.003611662 -0.004613299 0.999982834 37.755867004
0.999988616 0.002732550 -0.003916069 0.808130860 -0.002718157 0.999989629 0.003676116 -1.051944017 0.003926073 -0.003665430 0.999985576 38.329162598
0.999988914 0.002685851 -0.003877755 0.806536794 -0.002668501 0.999986529 0.004472443 -1.083825827 0.003889715 -0.004462046 0.999982536 38.842449188
0.999989986 0.002130036 -0.003938773 0.824429035 -0.002112072 0.999987304 0.004559345 -1.097307324 0.003948436 -0.004550980 0.999981821 39.368484497
0.999993265 0.001576262 -0.003332007 0.830211282 -0.001559028 0.999985456 0.005168600 -1.115408897 0.003340106 -0.005163372 0.999980986 39.920452118
0.999989331 0.002313711 -0.003995899 0.848694444 -0.002295947 0.999987483 0.004444345 -1.119437933 0.004006132 -0.004435123 0.999982119 40.463260651
0.999988437 0.002345770 -0.004208255 0.856592476 -0.002327175 0.999987543 0.004418094 -1.132232308 0.004218566 -0.004408249 0.999981403 41.017959595
0.999990225 0.002029089 -0.003925479 0.862227559 -0.002011156 0.999987543 0.004566950 -1.147521257 0.003934695 -0.004559011 0.999981880 41.536617279
0.999988675 0.002501928 -0.004040767 0.872421861 -0.002485687 0.999988914 0.004019121 -1.155150652 0.004050778 -0.004009032 0.999983728 42.092365265
0.999988139 0.002105522 -0.004373432 0.889503598 -0.002085288 0.999987125 0.004626071 -1.177012444 0.004383116 -0.004616897 0.999979734 42.626567841
0.999987066 0.002051732 -0.004647884 0.899193764 -0.002028094 0.999984980 0.005084888 -1.195237517 0.004658247 -0.005075396 0.999976337 43.172069550
0.999988437 0.002646660 -0.004040501 0.891272426 -0.002629193 0.999987304 0.004322154 -1.205621481 0.004051889 -0.004311480 0.999982476 43.735755920
0.999988437 0.003011876 -0.003765444 0.893576026 -0.002993380 0.999983490 0.004907785 -1.222930193 0.003780164 -0.004896457 0.999980867 44.267383575
0.999988735 0.002145461 -0.004228531 0.904943883 -0.002127431 0.999988675 0.004263769 -1.224615812 0.004237631 -0.004254725 0.999981999 44.833271027
0.999988198 0.002598103 -0.004084600 0.913669705 -0.002581468 0.999988377 0.004072641 -1.238403797 0.004095133 -0.004062049 0.999983370 45.391895294
0.999989390 0.002755533 -0.003672452 0.917687654 -0.002741859 0.999989390 0.003723493 -1.248007059 0.003682673 -0.003713384 0.999986351 45.934150696
0.999987185 0.003700293 -0.003462734 0.910193443 -0.003686705 0.999985456 0.003922320 -1.261401892 0.003477197 -0.003909504 0.999986291 46.437179565
0.999987006 0.003706318 -0.003518965 0.922669649 -0.003690710 0.999983370 0.004431779 -1.271865368 0.003535332 -0.004418734 0.999983966 46.989299774
0.999986768 0.003626167 -0.003656101 0.923649251 -0.003610787 0.999984562 0.004204496 -1.281388998 0.003671290 -0.004191239 0.999984443 47.555164337
0.999985158 0.004205888 -0.003462908 0.923325241 -0.004191716 0.999982834 0.004089675 -1.303696513 0.003480051 -0.004075099 0.999985635 48.042003632
0.999985576 0.004143517 -0.003421661 0.925550222 -0.004129601 0.999983132 0.004064157 -1.316790700 0.003438444 -0.004049969 0.999985814 48.562923431
0.999985278 0.004265120 -0.003374265 0.936186433 -0.004251982 0.999983370 0.003891207 -1.326586008 0.003390805 -0.003876803 0.999986708 49.118907928
0.999983847 0.004864028 -0.002975951 0.928489864 -0.004852659 0.999980927 0.003815596 -1.338741541 0.002994452 -0.003801092 0.999988258 49.649894714
0.999982774 0.005014207 -0.003052311 0.926846445 -0.005001780 0.999979138 0.004065529 -1.353310823 0.003072633 -0.004050192 0.999987006 50.179828644
0.999983609 0.004842829 -0.003059635 0.937163413 -0.004830645 0.999980330 0.003977335 -1.368667364 0.003078836 -0.003962489 0.999987364 50.708724976
0.999982238 0.005069273 -0.003110100 0.937940478 -0.005056216 0.999978423 0.004191596 -1.381902218 0.003131281 -0.004175797 0.999986291 51.260005951
0.999981701 0.004931176 -0.003502095 0.944942534 -0.004915441 0.999977767 0.004487839 -1.396456480 0.003524146 -0.004470543 0.999983788 51.801959991
0.999979556 0.005574036 -0.003134960 0.946778417 -0.005561502 0.999976575 0.003992390 -1.410835505 0.003157140 -0.003974874 0.999987125 52.335468292
0.999984503 0.004167553 -0.003682692 0.956331611 -0.004152180 0.999982595 0.004172418 -1.423817396 0.003700016 -0.004157062 0.999984503 52.882610321
0.999984264 0.004502795 -0.003345957 0.958191514 -0.004489220 0.999981701 0.004053954 -1.440250158 0.003364150 -0.004038869 0.999986172 53.409458160
0.999984205 0.004348560 -0.003566943 0.968174458 -0.004335429 0.999983847 0.003680920 -1.451995730 0.003582893 -0.003665398 0.999986827 53.957530975
0.999982893 0.004747354 -0.003416019 0.967987537 -0.004735029 0.999982297 0.003606922 -1.461686730 0.003433082 -0.003590686 0.999987662 54.487255096
0.999983370 0.004349387 -0.003797930 0.979211330 -0.004336977 0.999985337 0.003269573 -1.472451806 0.003812095 -0.003253046 0.999987483 55.039131165
0.999987662 0.003827612 -0.003150773 0.973352849 -0.003814374 0.999983907 0.004197084 -1.508934259 0.003166789 -0.004185015 0.999986231 55.613697052
0.999987185 0.004225291 -0.002765061 0.963090003 -0.004214167 0.999983072 0.004016506 -1.515579104 0.002781986 -0.004004802 0.999988139 56.138889313
0.999985516 0.004565357 -0.002850082 0.962985933 -0.004554073 0.999981940 0.003952816 -1.523268223 0.002868076 -0.003939779 0.999988139 56.662734985
0.999984980 0.005066245 -0.002080923 0.944797218 -0.005058548 0.999980390 0.003688093 -1.515213966 0.002099567 -0.003677512 0.999991059 57.212852478
0.999985278 0.004876478 -0.002357114 0.956162393 -0.004866340 0.999978900 0.004287857 -1.534770250 0.002377974 -0.004276323 0.999988019 57.760292053
0.999988616 0.004457884 -0.001718094 0.929882586 -0.004451889 0.999984026 0.003477511 -1.543143630 0.001733569 -0.003469823 0.999992490 58.271125793
0.999984086 0.005342199 -0.001827977 0.983975649 -0.005334581 0.999977171 0.004147820 -1.548052788 0.001850094 -0.004138002 0.999989688 58.871677399
0.999988973 0.004450054 -0.001440064 0.924662709 -0.004444572 0.999983072 0.003787407 -1.568814516 0.001456894 -0.003780965 0.999991775 59.306457520
0.999988854 0.004509095 -0.001370162 0.931701005 -0.004504538 0.999984384 0.003311235 -1.576557398 0.001385072 -0.003305027 0.999993563 59.847167969
0.999987066 0.004819803 -0.001625208 0.941808105 -0.004813750 0.999981582 0.003708185 -1.586766005 0.001643051 -0.003700313 0.999991775 60.406719208
0.999983609 0.005715699 -0.000333661 0.924224794 -0.005714573 0.999978304 0.003285132 -1.588861585 0.000352431 -0.003283172 0.999994576 60.916870117
0.999983072 0.005808044 -0.000325618 0.935009599 -0.005806913 0.999977469 0.003373463 -1.599369526 0.000345204 -0.003371515 0.999994278 61.449005127
0.999979615 0.006383386 -0.000120105 0.923533142 -0.006383014 0.999975502 0.002879090 -1.598552346 0.000138480 -0.002878265 0.999995828 62.015655518
0.999971986 0.007420091 0.000973686 0.925734222 -0.007423013 0.999967813 0.003032923 -1.623933673 -0.000951150 -0.003040066 0.999994874 62.543529510
0.999982655 0.005907868 0.000077058 0.952323794 -0.005908085 0.999977410 0.003213094 -1.645843506 -0.000058073 -0.003213494 0.999994814 63.060775757
0.999978483 0.006544057 0.000399531 0.959583402 -0.006545231 0.999974132 0.003014385 -1.661086559 -0.000379795 -0.003016936 0.999995351 63.611286163
0.999986291 0.005211935 -0.000490475 0.989720166 -0.005210153 0.999980092 0.003566990 -1.689719319 0.000509056 -0.003564385 0.999993503 64.089752197
0.999982715 0.005866943 -0.000349767 0.994616270 -0.005865790 0.999977589 0.003213778 -1.701054454 0.000368615 -0.003211671 0.999994755 64.606994629
0.999983370 0.005739325 -0.000397782 1.007651329 -0.005738014 0.999978304 0.003223295 -1.716271400 0.000416275 -0.003220959 0.999994755 65.122421265
0.999979973 0.006319577 -0.000169082 1.016749382 -0.006319001 0.999974787 0.003214107 -1.728523254 0.000189391 -0.003212974 0.999994874 65.663467407
0.999981761 0.006039253 0.000223506 1.020159125 -0.006039973 0.999975979 0.003374335 -1.748736501 -0.000203122 -0.003375623 0.999994278 66.135925293
0.999984384 0.005566479 -0.000384630 1.042849779 -0.005565259 0.999979794 0.003102853 -1.751336575 0.000401894 -0.003100665 0.999995172 66.785926819
0.999983549 0.005710976 -0.000339943 1.047671437 -0.005709715 0.999977350 0.003600895 -1.779984236 0.000360499 -0.003598895 0.999993443 67.155815125
0.999983788 0.005690650 -0.000018229 1.057090521 -0.005690547 0.999977291 0.003607827 -1.794484496 0.000038759 -0.003607664 0.999993503 67.672241211
0.999978900 0.006489767 0.000183145 1.062566996 -0.006490361 0.999972939 0.003453984 -1.809391975 -0.000160724 -0.003455100 0.999994040 68.184417725
0.999980092 0.006310997 0.000027490 1.072603226 -0.006311055 0.999973178 0.003698962 -1.825052261 -0.000004146 -0.003699062 0.999993145 68.698982239
0.999975622 0.006970018 0.000377547 1.081598163 -0.006971411 0.999968410 0.003820478 -1.846019745 -0.000350906 -0.003823017 0.999992609 69.205352783
0.999972343 0.007317061 0.001336518 1.088195562 -0.007322188 0.999965727 0.003871497 -1.860107064 -0.001308144 -0.003881176 0.999991596 69.752433777
0.999981165 0.006130097 0.000109210 1.105635166 -0.006130446 0.999974906 0.003545342 -1.868556142 -0.000087475 -0.003545945 0.999993682 70.267364502
0.999981999 0.005996892 -0.000198170 1.116477251 -0.005996168 0.999975920 0.003474202 -1.882965446 0.000219000 -0.003472951 0.999993920 70.805130005
0.999984920 0.005481201 -0.000176013 1.125962257 -0.005480529 0.999978483 0.003612707 -1.899100065 0.000195812 -0.003611688 0.999993443 71.332084656
0.999980927 0.006168800 0.000326872 1.126624227 -0.006169804 0.999975979 0.003162101 -1.909488082 -0.000307358 -0.003164058 0.999994874 71.853187561
0.999980867 0.006182716 0.000177398 1.142333627 -0.006183323 0.999974251 0.003649268 -1.928209305 -0.000154830 -0.003650295 0.999993324 72.379981995
0.999982476 0.005920607 0.000012885 1.150408268 -0.005920615 0.999976277 0.003527185 -1.941835880 0.000007998 -0.003527200 0.999993801 72.914337158
0.999977648 0.006677031 0.000391327 1.157793283 -0.006678399 0.999971211 0.003605254 -1.957242250 -0.000367243 -0.003607786 0.999993384 73.440910339
0.999977887 0.006651824 0.000104166 1.170911551 -0.006652165 0.999970913 0.003724061 -1.971239567 -0.000079390 -0.003724672 0.999993086 73.960662842
0.999976814 0.006804891 0.000217389 1.178519368 -0.006805648 0.999970019 0.003700671 -1.984900117 -0.000192200 -0.003702065 0.999993145 74.502441406
0.999976337 0.006876245 0.000212228 1.190262198 -0.006876964 0.999969900 0.003592647 -2.002595663 -0.000187517 -0.003594022 0.999993503 75.023315430
0.999974847 0.007081555 0.000302979 1.194215417 -0.007082543 0.999969125 0.003400259 -2.015014410 -0.000278890 -0.003402319 0.999994159 75.565200806
0.999981403 0.006090569 0.000017113 1.208321095 -0.006090593 0.999975622 0.003409163 -2.031232595 0.000003651 -0.003409204 0.999994218 76.094367981
0.999980450 0.006245115 -0.000006901 1.216709852 -0.006245033 0.999972045 0.004100425 -2.049268961 0.000032508 -0.004100302 0.999991596 76.640579224
0.999977648 0.006680145 0.000148549 1.220174909 -0.006680681 0.999969840 0.003964161 -2.067019224 -0.000122065 -0.003965065 0.999992073 77.152648926
0.999980450 0.006245289 0.000304028 1.234594703 -0.006246359 0.999973774 0.003661986 -2.081233740 -0.000281151 -0.003663813 0.999993265 77.688171387
0.999980211 0.006283025 -0.000329670 1.250561953 -0.006281743 0.999973238 0.003753157 -2.095336437 0.000353242 -0.003751012 0.999992907 78.232383728
0.999976575 0.006834929 0.000421239 1.253192306 -0.006836453 0.999969661 0.003730318 -2.109153271 -0.000395729 -0.003733111 0.999992967 78.769897461
0.999977410 0.006706023 0.000466391 1.267287970 -0.006707767 0.999970257 0.003843209 -2.125669479 -0.000440604 -0.003846251 0.999992490 79.316368103
0.999975145 0.006892392 0.001494290 1.280025601 -0.006898191 0.999968529 0.003910741 -2.143240690 -0.001467288 -0.003920951 0.999991238 79.862693787
0.999975562 0.006403395 0.002822970 1.290226817 -0.006413653 0.999972880 0.003640177 -2.155802488 -0.002799584 -0.003658194 0.999989390 80.410942078
0.999976337 0.006128477 0.003098916 1.325002193 -0.006140259 0.999973893 0.003806442 -2.166625977 -0.003075507 -0.003825380 0.999987960 80.948089600
0.999974787 0.005998835 0.003819169 1.325004101 -0.006014897 0.999973059 0.004208018 -2.182274580 -0.003793823 -0.004230883 0.999983847 81.518898010
0.999950290 0.006487443 0.007571994 1.356726885 -0.006515194 0.999972105 0.003646057 -2.190454483 -0.007548130 -0.003695209 0.999964714 82.026016235
0.999916613 0.006345829 0.011248386 1.376223326 -0.006387494 0.999972880 0.003672051 -2.199198723 -0.011224778 -0.003743594 0.999929905 82.578605652
0.999879718 0.006348708 0.014152709 1.403414488 -0.006402487 0.999972463 0.003757776 -2.219439507 -0.014128462 -0.003847936 0.999892771 83.104476929
0.999814868 0.006077189 0.018257873 1.430672050 -0.006145514 0.999974310 0.003688483 -2.232408047 -0.018234985 -0.003800005 0.999826491 83.652343750
0.999691606 0.006197062 0.024045480 1.460145235 -0.006283120 0.999974132 0.003505068 -2.244205713 -0.024023134 -0.003655068 0.999704719 84.204544067
0.999539793 0.005684256 0.029796749 1.495433450 -0.005775764 0.999978840 0.002985921 -2.254044056 -0.029779147 -0.003156646 0.999551475 84.751121521
0.999342203 0.005746242 0.035806276 1.527318597 -0.005861995 0.999977946 0.003128588 -2.268555641 -0.035787512 -0.003336427 0.999353766 85.288742065
0.999018431 0.005804777 0.043912843 1.571554899 -0.005954846 0.999976814 0.003287397 -2.283244133 -0.043892741 -0.003545664 0.999029934 85.847579956
0.998624265 0.005402841 0.052156623 1.626965523 -0.005556577 0.999980628 0.002803047 -2.296635628 -0.052140467 -0.003089003 0.998634994 86.401863098
0.998268127 0.004409357 0.058664504 1.685160637 -0.004570974 0.999986112 0.002621026 -2.306368351 -0.058652140 -0.002884641 0.998274267 86.951469421
0.997664809 0.004840476 0.068128221 1.726034641 -0.005039168 0.999983549 0.002744862 -2.323465824 -0.068113819 -0.003081761 0.997672796 87.489273071
0.996982813 0.004314080 0.077503309 1.801126003 -0.004487228 0.999987900 0.002060053 -2.323166847 -0.077493489 -0.002401613 0.996989906 88.058570862
0.996240437 0.004324621 0.086522892 1.867792606 -0.004560798 0.999986351 0.002532155 -2.347580194 -0.086510770 -0.002917248 0.996246636 88.616828918
0.995572627 0.004042118 0.093908578 1.938211441 -0.004293013 0.999987721 0.002469827 -2.365437984 -0.093897440 -0.002862043 0.995577753 89.179443359
0.994574308 0.004131088 0.103947304 2.019802570 -0.004433662 0.999986589 0.002679950 -2.382199764 -0.103934832 -0.003126276 0.994579256 89.708587646
0.993430912 0.003662073 0.114375122 2.108319283 -0.003967061 0.999989152 0.002439063 -2.393056393 -0.114364952 -0.002876774 0.993434668 90.282714844
0.992366970 0.002724566 0.123289846 2.205941200 -0.002998730 0.999993443 0.002038223 -2.400100708 -0.123283491 -0.002392378 0.992368579 90.847763062
0.990802467 0.003094999 0.135280818 2.295219421 -0.003376653 0.999992609 0.001852587 -2.415011883 -0.135274082 -0.002292344 0.990805566 91.379470825
0.989085555 0.002515727 0.147320375 2.409943581 -0.002870732 0.999993384 0.002197176 -2.434143782 -0.147313848 -0.002596112 0.989086509 91.968673706
0.987499177 0.001619614 0.157615528 2.523584366 -0.002021177 0.999995053 0.002387488 -2.450756311 -0.157610878 -0.002676211 0.987497628 92.501922607
0.985644639 0.002664883 0.168812022 2.627676964 -0.003073387 0.999992967 0.002158632 -2.462434053 -0.168805122 -0.002646469 0.985645890 93.095237732
0.983203948 0.002449525 0.182493448 2.738790512 -0.002869931 0.999993801 0.002039626 -2.474845648 -0.182487309 -0.002529112 0.983204901 93.609016418
0.981020451 0.001932269 0.193894506 2.893563271 -0.002442123 0.999994159 0.002390551 -2.495004892 -0.193888769 -0.002818694 0.981019437 94.193168640
0.978830516 0.002114329 0.204661250 3.001821518 -0.002660694 0.999993682 0.002394465 -2.502134800 -0.204654902 -0.002888316 0.978829980 94.722511292
0.976073205 0.002003830 0.217432708 3.163341522 -0.002749895 0.999991417 0.003128723 -2.531465530 -0.217424572 -0.003651780 0.976070225 95.250930786
0.973012149 0.000926353 0.230752051 3.334974289 -0.001404509 0.999997199 0.001907910 -2.532439232 -0.230749607 -0.002180513 0.973010719 95.876823425
0.970325053 0.001263227 0.241800830 3.487625122 -0.001967144 0.999994516 0.002669752 -2.546390057 -0.241796121 -0.003066185 0.970322192 96.394950867
0.967634022 0.000213878 0.252357602 3.690475464 -0.000828046 0.999996960 0.002327523 -2.580309868 -0.252356350 -0.002461154 0.967631221 96.909248352
0.963947952 0.000671104 0.266089946 3.857954025 -0.001381200 0.999995947 0.002481505 -2.597187757 -0.266087264 -0.002759566 0.963944972 97.426208496
0.960661471 -0.000200827 0.277722001 4.069431305 -0.000447225 0.999997318 0.002270103 -2.616062164 -0.277721703 -0.002305005 0.960658789 97.991729736
0.956822038 0.000545956 0.290673614 4.216808319 -0.001299497 0.999996305 0.002399370 -2.622490168 -0.290671259 -0.002673500 0.956819236 98.496078491
0.953468263 -0.002118359 0.301485956 4.526134491 0.001438931 0.999995887 0.002475656 -2.650728703 -0.301489890 -0.001926642 0.953467429 99.097076416
0.948641419 -0.001655615 0.316349149 4.662700653 0.000822056 0.999995768 0.002768369 -2.657612801 -0.316352397 -0.002366133 0.948638737 99.559860229
0.944839060 -0.002156994 0.327527910 4.922164917 0.001493054 0.999996305 0.002278555 -2.670806170 -0.327531576 -0.001663851 0.944838762 100.129455566
0.940186143 -0.002067498 0.340654939 5.124118805 0.001091514 0.999994755 0.003056642 -2.697757244 -0.340659350 -0.002501983 0.940183461 100.617523193
0.935581267 -0.004360533 0.353084713 5.358854294 0.003487594 0.999989152 0.003108484 -2.708508253 -0.353094369 -0.001676824 0.935586154 101.100395203
0.929627180 -0.001443350 0.368498653 5.551643372 0.000719154 0.999997556 0.002102589 -2.736751318 -0.368500769 -0.001689616 0.929625928 101.786254883
0.925016940 -0.001970592 0.379920900 5.778112411 0.001076703 0.999996066 0.002565314 -2.753326178 -0.379924506 -0.001963897 0.925015450 102.284904480
0.919012666 -0.002389677 0.394220740 6.033237457 0.001419395 0.999995172 0.002752833 -2.773358583 -0.394225448 -0.001970334 0.919011652 102.842506409
0.913118839 -0.002229514 0.407687306 6.280452728 0.001101501 0.999994934 0.003001566 -2.784877777 -0.407691956 -0.002291718 0.913116693 103.343208313
0.908256114 -0.002982138 0.418403953 6.547096252 0.002144104 0.999994636 0.002473033 -2.801419497 -0.418409109 -0.001349046 0.908257604 103.881530762
0.902363420 -0.003162848 0.430964351 6.803215027 0.002215240 0.999993920 0.002700634 -2.818377495 -0.430970252 -0.001482264 0.902364910 104.369934082
0.895857632 -0.003337235 0.444328636 7.065956116 0.002365583 0.999993503 0.002741186 -2.832267761 -0.444334865 -0.001404616 0.895859659 104.856201172
0.890133917 -0.004311898 0.455678552 7.372951508 0.003460298 0.999990344 0.002703064 -2.862083197 -0.455685735 -0.000829306 0.890140295 105.391662598
0.884443760 -0.004910490 0.466620833 7.649013519 0.003850307 0.999987364 0.003225418 -2.881219387 -0.466630846 -0.001056068 0.884451568 105.865707397
0.876645207 -0.004122199 0.481119603 7.950855255 0.003050629 0.999990761 0.003009320 -2.892138720 -0.481127620 -0.001170389 0.876649797 106.429756165
0.869283319 -0.004843322 0.494290560 8.232929230 0.003776530 0.999987781 0.003156828 -2.909271717 -0.494299829 -0.000877475 0.869291008 106.887100220
