1.000000000 0.000000000 0.000000000 0.000000000 0.000000000 1.000000000 0.000000000 0.000000000 0.000000000 0.000000000 1.000000000 0.000000000
1.000000000 0.000050065 -0.000025391 0.000065396 -0.000050066 1.000000000 -0.000033141 0.000219432 0.000025389 0.000033142 1.000000000 -0.000645857
1.000000000 0.000077442 0.000050191 -0.000400380 -0.000077444 1.000000000 0.000057742 -0.000339892 -0.000050186 -0.000057746 1.000000000 -0.000178638
1.000000000 -0.000068554 0.000097952 -0.000329353 0.000068556 1.000000000 -0.000021938 0.000444820 -0.000097951 0.000021944 1.000000000 0.000168165
1.000000000 -0.000075762 0.000045825 -0.000169065 0.000075761 1.000000000 0.000040743 -0.000515481 -0.000045828 -0.000040739 1.000000000 -0.000934683
1.000000000 0.000011166 0.000138946 -0.000726495 -0.000011169 1.000000000 0.000023403 -0.000028494 -0.000138946 -0.000023405 1.000000000 -0.000315602
1.000000000 -0.000124790 0.000080024 0.000298755 0.000124792 1.000000000 -0.000033725 0.000221117 -0.000080020 0.000033735 1.000000000 -0.000084504
1.000000000 0.000004194 0.000074760 -0.000528583 -0.000004202 1.000000000 0.000112301 -0.000641903 -0.000074760 -0.000112301 1.000000000 -0.000687930
1.000000000 -0.000009107 0.000008522 -0.000324486 0.000009107 1.000000000 -0.000044750 0.000017312 -0.000008522 0.000044750 1.000000000 -0.000035390
1.000000000 -0.000126221 0.000036393 0.000033699 0.000126218 1.000000000 0.000087750 -0.001776266 -0.000036404 -0.000087746 1.000000000 -0.001423029
1.000000000 0.000028228 0.000050321 -0.000939516 -0.000028233 1.000000000 0.000083826 -0.000955528 -0.000050319 -0.000083827 1.000000000 -0.000413511
1.000000000 -0.000036415 0.000059682 -0.000709857 0.000036412 1.000000000 0.000046080 -0.000367233 -0.000059684 -0.000046078 1.000000000 -0.001594273
1.000000000 0.000013632 -0.000006455 -0.000342305 -0.000013632 1.000000000 -0.000016837 -0.001038780 0.000006455 0.000016837 1.000000000 -0.001210247
1.000000000 -0.000001213 0.000084728 -0.001371398 0.000001214 1.000000000 -0.000011197 0.000988120 -0.000084728 0.000011197 1.000000000 0.000720476
1.000000000 -0.000055240 0.000064871 -0.001682234 0.000055246 1.000000000 -0.000085625 0.000725819 -0.000064866 0.000085628 1.000000000 -0.000612390
1.000000000 0.000052575 -0.000000635 0.000034405 -0.000052575 1.000000000 -0.000104349 0.002223191 0.000000629 0.000104349 1.000000000 0.002006205
1.000000000 0.000052628 0.000109038 -0.001060599 -0.000052614 1.000000000 -0.000128797 0.002431450 -0.000109045 0.000128792 1.000000000 0.003141611
1.000000000 0.000107486 0.000114551 -0.001619518 -0.000107472 1.000000000 -0.000119176 0.001632543 -0.000114564 0.000119164 1.000000000 0.001349609
1.000000000 0.000150617 0.000134742 -0.001630227 -0.000150606 1.000000000 -0.000082379 0.002224609 -0.000134755 0.000082359 1.000000000 0.002720929
1.000000000 0.000056261 0.000134820 -0.001143166 -0.000056250 1.000000000 -0.000087097 0.001905431 -0.000134825 0.000087089 1.000000000 0.002242036
1.000000000 0.000106085 0.000163169 -0.001781737 -0.000106070 1.000000000 -0.000093496 0.001774296 -0.000163179 0.000093479 1.000000000 0.002123134
1.000000000 0.000147872 0.000093187 -0.001553705 -0.000147865 1.000000000 -0.000076368 0.002250995 -0.000093199 0.000076354 1.000000000 0.002125519
1.000000000 0.000138700 0.000041591 -0.000624329 -0.000138697 1.000000000 -0.000079713 0.002269149 -0.000041602 0.000079708 1.000000000 0.003492664
1.000000000 0.000047490 0.000041917 -0.000991606 -0.000047485 1.000000000 -0.000114980 0.002768631 -0.000041922 0.000114978 1.000000000 0.003648566
0.999999940 0.000359999 0.000030577 -0.001383495 -0.000359997 0.999999940 -0.000077514 0.003166812 -0.000030605 0.000077503 1.000000000 0.004307760
0.999999940 0.000248056 0.000072843 -0.001286002 -0.000248052 0.999999940 -0.000053231 0.002149832 -0.000072856 0.000053213 1.000000000 0.002019174
1.000000000 0.000103169 0.000138372 -0.001717136 -0.000103162 1.000000000 -0.000054478 0.003039263 -0.000138378 0.000054464 1.000000000 0.003939542
1.000000000 0.000141358 0.000154964 -0.001815018 -0.000141359 1.000000000 0.000006281 0.001678601 -0.000154963 -0.000006302 1.000000000 0.003069606
1.000000000 0.000123288 0.000094767 -0.001417385 -0.000123278 1.000000000 -0.000104769 0.002795272 -0.000094780 0.000104757 1.000000000 0.002938215
1.000000000 0.000139382 0.000150395 -0.001928744 -0.000139368 1.000000000 -0.000092291 0.002596628 -0.000150408 0.000092270 1.000000000 0.003451459
0.999999940 0.000119636 0.000218377 -0.001608486 -0.000119626 1.000000000 -0.000045712 0.001953167 -0.000218382 0.000045686 1.000000000 0.003578263
1.000000000 0.000097116 0.000177219 -0.001033442 -0.000097103 1.000000000 -0.000075622 0.003276964 -0.000177227 0.000075605 1.000000000 0.004209770
1.000000000 0.000145998 0.000060125 -0.000299865 -0.000145986 0.999999940 -0.000209214 0.004267807 -0.000060156 0.000209205 1.000000000 0.004333837
1.000000000 0.000089008 0.000136017 -0.000771960 -0.000088999 1.000000000 -0.000072381 0.001966478 -0.000136023 0.000072369 1.000000000 0.002379130
0.999999940 0.000203481 0.000153920 -0.002147520 -0.000203464 1.000000000 -0.000108786 0.002069844 -0.000153942 0.000108755 1.000000000 0.002393558
0.999999940 0.000183247 0.000174079 -0.001380038 -0.000183227 1.000000000 -0.000115239 0.002269815 -0.000174100 0.000115207 1.000000000 0.002460421
1.000000000 0.000155350 0.000113464 -0.001249524 -0.000155342 1.000000000 -0.000063427 0.002124836 -0.000113474 0.000063410 1.000000000 0.002394326
1.000000000 0.000164350 0.000099401 -0.001532782 -0.000164346 1.000000000 -0.000037036 0.002848495 -0.000099408 0.000037020 1.000000000 0.004060376
0.999999940 0.000239897 0.000195921 -0.001633586 -0.000239881 0.999999940 -0.000082831 0.002907160 -0.000195941 0.000082784 1.000000000 0.002575357
1.000000000 0.000155843 0.000098356 -0.000424322 -0.000155830 1.000000000 -0.000138899 0.004123312 -0.000098378 0.000138883 1.000000000 0.003691792
1.000000000 0.000080695 0.000118382 -0.000321139 -0.000080682 1.000000000 -0.000105018 0.001851616 -0.000118390 0.000105008 1.000000000 0.004221178
0.999999881 0.000470764 0.000178981 0.000587619 -0.000470665 0.999999762 -0.000550959 -0.001649289 -0.000179240 0.000550874 0.999999821 0.051639043
0.999999940 0.000386008 0.000115702 0.001882015 -0.000385877 0.999999285 -0.001126042 -0.003760367 -0.000116137 0.001125997 0.999999344 0.138945088
1.000000000 0.000163226 -0.000014444 0.004921662 -0.000163247 0.999998987 -0.001432238 -0.008174120 0.000014211 0.001432240 0.999998987 0.254449457
0.999999940 0.000231939 0.000089030 0.007801268 -0.000231823 0.999999166 -0.001293349 -0.010105012 -0.000089330 0.001293329 0.999999166 0.388643205
1.000000000 0.000064945 0.000160516 0.007918021 -0.000064774 0.999999404 -0.001064052 -0.013667407 -0.000160585 0.001064041 0.999999404 0.536311507
0.999999940 -0.000298758 -0.000095285 0.014617850 0.000298662 0.999999464 -0.001010699 -0.021171544 0.000095587 0.001010670 0.999999464 0.683086634
1.000000000 0.000036973 0.000107014 0.020402534 -0.000036901 0.999999762 -0.000671458 -0.025038797 -0.000107039 0.000671454 0.999999762 0.843293965
0.999999881 0.000152321 0.000504066 0.012557371 -0.000151986 0.999999762 -0.000663573 -0.027848639 -0.000504167 0.000663496 0.999999642 1.020454764
1.000000000 -0.000174413 -0.000099309 0.030413572 0.000174339 0.999999702 -0.000744268 -0.030359732 0.000099439 0.000744250 0.999999702 1.221292496
0.999999821 0.000065131 0.000638066 0.018080590 -0.000065020 1.000000000 -0.000173542 -0.043552041 -0.000638077 0.000173500 0.999999762 1.382232428
0.999999046 -0.000706387 0.001126349 0.010024923 0.000706058 0.999999702 0.000292529 -0.051447641 -0.001126555 -0.000291734 0.999999285 1.534294367
0.999998748 -0.000849800 0.001296511 0.014649363 0.000849235 0.999999464 0.000435948 -0.055313118 -0.001296881 -0.000434847 0.999999046 1.734065890
0.999999046 -0.000874220 0.001080493 0.019272720 0.000873466 0.999999404 0.000698117 -0.063322209 -0.001081102 -0.000697172 0.999999166 1.932290912
0.999998391 -0.001639728 0.000847662 0.028287034 0.001639116 0.999998450 0.000722226 -0.069526091 -0.000848845 -0.000720836 0.999999344 2.143048048
0.999998271 -0.001539162 0.001059830 0.029758018 0.001538133 0.999998391 0.000971131 -0.075000696 -0.001061323 -0.000969499 0.999998927 2.364297867
0.999998450 -0.001119677 0.001361061 0.028705509 0.001118592 0.999999046 0.000797317 -0.080956221 -0.001361952 -0.000795793 0.999998748 2.586265087
0.999998093 -0.001354849 0.001460985 0.035229061 0.001353576 0.999998748 0.000871704 -0.088534772 -0.001462164 -0.000869724 0.999998569 2.817803860
0.999997675 -0.001257572 0.001767952 0.038201183 0.001256070 0.999998808 0.000850606 -0.091424093 -0.001769020 -0.000848383 0.999998093 3.058628559
0.999998391 -0.000976126 0.001500110 0.041507792 0.000974407 0.999998868 0.001146084 -0.103286885 -0.001501227 -0.001144621 0.999998212 3.290454865
0.999997973 -0.001122471 0.001712847 0.044743329 0.001120622 0.999998808 0.001079885 -0.110139981 -0.001714058 -0.001077964 0.999997973 3.543270350
0.999997854 -0.000941804 0.001855267 0.048660934 0.000939514 0.999998808 0.001234558 -0.117813595 -0.001856428 -0.001232812 0.999997556 3.804471493
0.999997616 -0.000583394 0.002082778 0.053154398 0.000580142 0.999998569 0.001561923 -0.124504089 -0.002083686 -0.001560711 0.999996603 4.066148758
0.999997735 -0.000602194 0.002017401 0.057099819 0.000599100 0.999998629 0.001533732 -0.128791109 -0.002018322 -0.001532520 0.999996781 4.293677330
0.999997318 -0.000780496 0.002153510 0.062545910 0.000777561 0.999998748 0.001363138 -0.135235623 -0.002154571 -0.001361460 0.999996781 4.555034637
0.999997139 -0.000945664 0.002183438 0.072887436 0.000942271 0.999998331 0.001554735 -0.139317498 -0.002184905 -0.001552673 0.999996424 4.813991070
0.999997497 -0.000388008 0.002190407 0.079014577 0.000384499 0.999998629 0.001602149 -0.146886110 -0.002191025 -0.001601303 0.999996305 5.072985649
0.999997377 -0.001060273 0.002028647 0.082210943 0.001057568 0.999998569 0.001334300 -0.155612275 -0.002030059 -0.001332151 0.999997020 5.319325447
0.999997258 -0.001022393 0.002124350 0.086528681 0.001019280 0.999998450 0.001466150 -0.164806962 -0.002125846 -0.001463981 0.999996722 5.586169720
0.999997199 -0.001032283 0.002119480 0.091049105 0.001029555 0.999998748 0.001287593 -0.169841006 -0.002120806 -0.001285407 0.999996960 5.859991550
0.999996424 -0.001114973 0.002439700 0.095912829 0.001111916 0.999998629 0.001254167 -0.178662539 -0.002441095 -0.001251449 0.999996305 6.143375397
0.999996185 -0.000691283 0.002702673 0.104017027 0.000687056 0.999998569 0.001564920 -0.184572548 -0.002703751 -0.001563057 0.999995172 6.427157879
0.999996722 -0.001428265 0.002106100 0.109084897 0.001425302 0.999997973 0.001407283 -0.187330633 -0.002108106 -0.001404276 0.999996781 6.701593399
0.999996960 -0.001199307 0.002146191 0.115325809 0.001196682 0.999998510 0.001224076 -0.194451600 -0.002147655 -0.001221504 0.999996960 7.002112865
0.999996960 -0.001051458 0.002233627 0.121750668 0.001048359 0.999998450 0.001388260 -0.200456247 -0.002235084 -0.001385914 0.999996543 7.306324482
0.999996185 -0.001449752 0.002353114 0.125722766 0.001446076 0.999997616 0.001563259 -0.216022789 -0.002355374 -0.001559851 0.999996066 7.607666492
0.999996603 -0.001148107 0.002401594 0.129706115 0.001143720 0.999997675 0.001827230 -0.231546864 -0.002403686 -0.001824477 0.999995470 7.916649342
0.999995887 -0.000464487 0.002836274 0.127491146 0.000459447 0.999998331 0.001777412 -0.238995209 -0.002837094 -0.001776101 0.999994397 8.232594490
0.999995410 -0.000728994 0.002947244 0.134490997 0.000723799 0.999998212 0.001763562 -0.248922735 -0.002948524 -0.001761421 0.999994159 8.561057091
0.999994218 -0.000057803 0.003424443 0.135696799 0.000051582 0.999998271 0.001816795 -0.255118847 -0.003424542 -0.001816608 0.999992490 8.901677132
0.999996126 -0.000830997 0.002665905 0.150537476 0.000826343 0.999998152 0.001746259 -0.265723050 -0.002667351 -0.001744049 0.999994934 9.216585159
0.999995887 -0.000116994 0.002900415 0.155218810 0.000113087 0.999999166 0.001347336 -0.274882972 -0.002900570 -0.001347002 0.999994874 9.558885574
0.999995291 -0.000449416 0.003043614 0.161682814 0.000444409 0.999998510 0.001645777 -0.283343464 -0.003044349 -0.001644417 0.999994040 9.909051895
0.999996543 -0.001047059 0.002401410 0.176755056 0.001043354 0.999998271 0.001543747 -0.291510880 -0.002403022 -0.001541236 0.999995947 10.264522552
0.999996662 -0.001093602 0.002338693 0.185533985 0.001090049 0.999998271 0.001520015 -0.302473843 -0.002340352 -0.001517461 0.999996126 10.625699043
0.999996305 -0.001052887 0.002490865 0.192230284 0.001049147 0.999998331 0.001502477 -0.308123201 -0.002492443 -0.001499858 0.999995768 10.992670059
0.999996006 -0.001568555 0.002348391 0.201748371 0.001564592 0.999997377 0.001688235 -0.320665479 -0.002351033 -0.001684554 0.999995828 11.359326363
0.999996006 -0.000993566 0.002658766 0.210302562 0.000988659 0.999997854 0.001846525 -0.327729344 -0.002660595 -0.001843889 0.999994755 11.742136002
0.999995410 -0.001105423 0.002802895 0.218633786 0.001100241 0.999997675 0.001849478 -0.340524256 -0.002804933 -0.001846386 0.999994397 12.121470451
0.999994934 -0.001444664 0.002821297 0.226151109 0.001438707 0.999996722 0.002112395 -0.353026062 -0.002824340 -0.002108326 0.999993742 12.520268440
0.999994934 -0.001477641 0.002823725 0.233432919 0.001470693 0.999995887 0.002460778 -0.368580788 -0.002827350 -0.002456613 0.999992967 12.882028580
0.999995172 -0.001066839 0.002937340 0.246718749 0.001059303 0.999996126 0.002565783 -0.381262153 -0.002940066 -0.002562659 0.999992311 13.272093773
0.999994993 -0.001027102 0.003003405 0.252921462 0.001019505 0.999996305 0.002529849 -0.391754776 -0.003005993 -0.002526774 0.999992311 13.694081306
0.999994755 -0.000219208 0.003248130 0.256458461 0.000210386 0.999996245 0.002716307 -0.400286883 -0.003248713 -0.002715609 0.999991000 14.131809235
0.999992907 -0.001173310 0.003574738 0.263968289 0.001163931 0.999995828 0.002624638 -0.412001789 -0.003577803 -0.002620458 0.999990165 14.528671265
0.999994338 -0.000635716 0.003300369 0.273442835 0.000625955 0.999995410 0.002957816 -0.425463945 -0.003302234 -0.002955733 0.999990225 14.956089020
0.999992013 -0.001700789 0.003607350 0.292830855 0.001690245 0.999994338 0.002923826 -0.442958355 -0.003612302 -0.002917706 0.999989212 15.356377602
0.999990702 -0.001503615 0.004044359 0.305245399 0.001492211 0.999994934 0.002821108 -0.452227235 -0.004048581 -0.002815046 0.999987841 15.820290565
0.999989808 -0.001420483 0.004282245 0.300107151 0.001406624 0.999993742 0.003237581 -0.466544122 -0.004286817 -0.003231525 0.999985516 16.202747345
0.999989629 -0.001199627 0.004400181 0.307043016 0.001187056 0.999995172 0.002858308 -0.476745307 -0.004403589 -0.002853055 0.999986172 16.653274536
0.999988675 -0.001247829 0.004587957 0.322247922 0.001235345 0.999995470 0.002722914 -0.488068193 -0.004591334 -0.002717215 0.999985695 17.117048264
0.999985754 -0.001761742 0.005058692 0.324056923 0.001744153 0.999992371 0.003479314 -0.503129125 -0.005064784 -0.003470441 0.999981105 17.546554565
0.999983966 -0.002441866 0.005108651 0.340854108 0.002425520 0.999991953 0.003203299 -0.514178574 -0.005116431 -0.003190857 0.999981821 18.011833191
0.999984920 -0.002107078 0.005069544 0.356823027 0.002091007 0.999992788 0.003173204 -0.520910263 -0.005076194 -0.003162556 0.999982119 18.484312057
0.999982417 -0.001648850 0.005697234 0.352547020 0.001630021 0.999993145 0.003308224 -0.539601028 -0.005702650 -0.003298881 0.999978244 18.932741165
0.999980569 -0.001239609 0.006109138 0.369418889 0.001220988 0.999994576 0.003050914 -0.545658708 -0.006112888 -0.003043396 0.999976635 19.419734955
0.999979854 -0.001034848 0.006257987 0.372874469 0.001013098 0.999993384 0.003477871 -0.559074521 -0.006261545 -0.003471461 0.999974370 19.916563034
0.999981165 -0.001495651 0.005948082 0.381901354 0.001476158 0.999993503 0.003280103 -0.574419618 -0.005952950 -0.003271261 0.999976933 20.362491608
0.999985635 -0.001783044 0.005056826 0.395327717 0.001766905 0.999993324 0.003194242 -0.582629561 -0.005062488 -0.003185261 0.999982178 20.867326736
0.999986112 -0.001445506 0.005054218 0.402657270 0.001428479 0.999993265 0.003370789 -0.595587015 -0.005059057 -0.003363523 0.999981523 21.364606857
0.999988198 -0.001755422 0.004516071 0.419376522 0.001741410 0.999993742 0.003104855 -0.606693089 -0.004521493 -0.003096954 0.999984980 21.878719330
0.999989033 -0.001632490 0.004376947 0.428389430 0.001617209 0.999992549 0.003492375 -0.622814536 -0.004382615 -0.003485258 0.999984324 22.366714478
0.999992013 -0.001480052 0.003725077 0.439008683 0.001466917 0.999992728 0.003526124 -0.637973607 -0.003730269 -0.003520631 0.999986827 22.890052795
0.999993920 -0.001624543 0.003096944 0.441873699 0.001613168 0.999991953 0.003671783 -0.651654303 -0.003102884 -0.003666765 0.999988437 23.386878967
0.999992013 -0.003125831 0.002489516 0.453595489 0.003117422 0.999989450 0.003374439 -0.668501616 -0.002500037 -0.003366651 0.999991179 23.930500031
0.999995410 -0.001878137 0.002362689 0.463153660 0.001869816 0.999992132 0.003518947 -0.676507294 -0.002369279 -0.003514513 0.999991000 24.480373383
0.999997616 -0.001332557 0.001725410 0.471014887 0.001325655 0.999991179 0.003995330 -0.694946110 -0.001730719 -0.003993033 0.999990523 24.990947723
0.999998033 -0.000654657 0.001852223 0.451250196 0.000646826 0.999990880 0.004225054 -0.716169238 -0.001854972 -0.004223848 0.999989271 25.510705948
0.999998868 -0.000993733 0.001134256 0.465136290 0.000989246 0.999991715 0.003948589 -0.723913312 -0.001138171 -0.003947463 0.999991536 26.082042694
0.999998927 -0.000373107 0.001439810 0.467809558 0.000366825 0.999990404 0.004361186 -0.738392532 -0.001441424 -0.004360653 0.999989450 26.634899139
0.999999046 -0.001101922 0.000858763 0.474528432 0.001098426 0.999991119 0.004061014 -0.744406939 -0.000863231 -0.004060068 0.999991417 27.212314606
0.999999702 -0.000364240 0.000549161 0.484585851 0.000361797 0.999990046 0.004443488 -0.766259193 -0.000550774 -0.004443287 0.999989927 27.679235458
0.999999881 -0.000167006 0.000337703 0.496300012 0.000165582 0.999991059 0.004209611 -0.771447957 -0.000338403 -0.004209554 0.999991059 28.236028671
0.999999702 -0.000283224 0.000519357 0.504698336 0.000280588 0.999987066 0.005068022 -0.794719815 -0.000520786 -0.005067875 0.999987066 28.776739120
0.999999583 -0.000860800 -0.000288965 0.520990789 0.000862222 0.999987364 0.004957138 -0.810275555 0.000284694 -0.004957385 0.999987662 29.340780258
0.999999940 -0.000097940 -0.000318593 0.499150127 0.000099442 0.999988854 0.004714351 -0.821635604 0.000318128 -0.004714383 0.999988854 29.834150314
0.999999940 0.000396200 -0.000186468 0.508782983 -0.000395332 0.999989212 0.004629947 -0.835262537 0.000188300 -0.004629873 0.999989212 30.391765594
0.999999642 0.000725647 -0.000341244 0.522467196 -0.000724067 0.999989033 0.004608570 -0.848073006 0.000344585 -0.004608322 0.999989331 30.933212280
0.999999762 0.000469992 -0.000466722 0.523843586 -0.000467798 0.999988854 0.004688631 -0.862669408 0.000468920 -0.004688411 0.999988914 31.475179672
0.999999344 0.000518142 -0.001053196 0.538822889 -0.000513506 0.999990225 0.004396451 -0.873224616 0.001055464 -0.004395906 0.999989808 32.024387360
0.999998629 0.001415024 -0.000876183 0.546692073 -0.001411045 0.999988854 0.004527316 -0.881921411 0.000882580 -0.004526074 0.999989331 32.582439423
0.999999225 0.000195956 -0.001183276 0.535341620 -0.000190378 0.999988854 0.004712715 -0.896378458 0.001184186 -0.004712487 0.999988139 33.089336395
0.999999344 0.000443373 -0.001006165 0.545499742 -0.000438550 0.999988437 0.004788868 -0.908652306 0.001008276 -0.004788424 0.999988019 33.644523621
0.999997795 0.000951814 -0.001884413 0.560903251 -0.000942534 0.999987423 0.004919769 -0.921695828 0.001889072 -0.004917982 0.999986112 34.176372528
0.999998927 0.000210611 -0.001449955 0.551540494 -0.000203896 0.999989271 0.004630225 -0.934455991 0.001450914 -0.004629924 0.999988258 34.683067322
0.999998450 -0.000509578 -0.001726028 0.566016018 0.000517452 0.999989450 0.004564891 -0.943365157 0.001723684 -0.004565778 0.999988079 35.242950439
0.999997973 -0.000484104 -0.001923384 0.577438474 0.000493168 0.999988735 0.004714233 -0.962803245 0.001921080 -0.004715172 0.999987066 35.777126312
0.999998689 0.000051923 -0.001635213 0.568707168 -0.000044366 0.999989271 0.004619595 -0.969881415 0.001635436 -0.004619517 0.999988019 36.294059753
0.999998868 0.000343938 -0.001535406 0.574490249 -0.000336007 0.999986589 0.005162424 -0.983997285 0.001537161 -0.005161902 0.999985576 36.843479156
0.999998748 0.000472615 -0.001519028 0.577393055 -0.000466188 0.999990880 0.004228601 -0.990939260 0.001521013 -0.004227888 0.999989927 37.372577667
0.999997854 0.000198773 -0.002075856 0.591439962 -0.000189550 0.999990046 0.004441812 -1.004947186 0.002076718 -0.004441409 0.999988019 37.920791626
0.999998331 0.001038958 -0.001467042 0.589080989 -0.001033229 0.999991834 0.003900892 -1.008443236 0.001471082 -0.003899370 0.999991238 38.451965332
0.999998093 0.000683022 -0.001823173 0.603397787 -0.000675720 0.999991655 0.004002386 -1.021435499 0.001825892 -0.004001146 0.999990284 39.000045776
0.999998629 0.000332170 -0.001600979 0.604868472 -0.000325366 0.999990940 0.004248177 -1.039127827 0.001602376 -0.004247651 0.999989688 39.522060394
0.999998450 0.000647173 -0.001634731 0.616761923 -0.000640234 0.999990761 0.004241912 -1.054422021 0.001637461 -0.004240858 0.999989688 40.067741394
0.999998689 0.000681560 -0.001453406 0.618915498 -0.000675880 0.999992132 0.003905884 -1.058344245 0.001456056 -0.003904897 0.999991238 40.601078033
0.999998689 0.000747858 -0.001424713 0.625489831 -0.000742365 0.999992251 0.003852586 -1.066231847 0.001427583 -0.003851523 0.999991477 41.150146484
0.999998868 0.001041447 -0.001081393 0.621260881 -0.001037297 0.999992073 0.003829734 -1.083147526 0.001085372 -0.003828608 0.999992073 41.663238525
0.999998748 0.000958248 -0.001230111 0.638197660 -0.000953639 0.999992549 0.003741309 -1.092911124 0.001233687 -0.003740131 0.999992251 42.216503143
0.999998212 0.001213982 -0.001470735 0.649564207 -0.001208305 0.999991775 0.003854550 -1.107907176 0.001475402 -0.003852766 0.999991417 42.765686035
0.999998510 0.001095579 -0.001336118 0.644512534 -0.001090036 0.999990821 0.004141496 -1.123294353 0.001340644 -0.004140034 0.999990523 43.256050110
0.999998510 0.001222833 -0.001215554 0.651678979 -0.001217835 0.999990880 0.004104186 -1.136958003 0.001220562 -0.004102700 0.999990821 43.792758942
0.999999166 0.000182887 -0.001352544 0.661938310 -0.000176964 0.999990463 0.004377791 -1.149027944 0.001353332 -0.004377548 0.999989450 44.336513519
0.999998629 0.001134965 -0.001180946 0.662713289 -0.001130243 0.999991417 0.003989898 -1.152162313 0.001185465 -0.003988557 0.999991357 44.845024109
0.999998152 0.001802557 -0.000592880 0.669687867 -0.001800378 0.999991655 0.003653174 -1.161604524 0.000599460 -0.003652099 0.999993145 45.393699646
0.999998450 0.000802069 -0.001547417 0.692100763 -0.000796661 0.999993563 0.003492747 -1.175207376 0.001550209 -0.003491508 0.999992728 45.942108154
0.999999046 0.000876142 -0.001094396 0.673264205 -0.000872210 0.999993145 0.003589767 -1.180781841 0.001097533 -0.003588810 0.999992967 46.447399139
0.999997735 0.000839465 -0.001978633 0.690161109 -0.000832109 0.999992788 0.003715572 -1.193221807 0.001981738 -0.003713917 0.999991119 47.005481720
0.999998510 0.001117197 -0.001311539 0.693727911 -0.001113054 0.999994338 0.003155423 -1.204562664 0.001315057 -0.003153958 0.999994099 47.559787750
0.999999523 -0.000114851 -0.000957196 0.694032550 0.000118300 0.999993443 0.003601592 -1.215264559 0.000956776 -0.003601704 0.999993086 48.049133301
0.999999404 -0.000366804 -0.000997505 0.706693709 0.000370998 0.999991000 0.004207421 -1.229412317 0.000995952 -0.004207789 0.999990761 48.605144501
0.999999464 0.000403105 -0.000942681 0.719928384 -0.000399184 0.999991179 0.004156222 -1.241966963 0.000944348 -0.004155843 0.999990940 49.143455505
0.999999285 0.001015730 -0.000524404 0.716157019 -0.001013426 0.999989867 0.004375222 -1.252554536 0.000528843 -0.004374688 0.999990284 49.699558258
0.999999940 0.000236084 -0.000329109 0.706281245 -0.000234863 0.999993086 0.003706626 -1.268110752 0.000329981 -0.003706549 0.999993086 50.151706696
0.999999881 0.000516810 -0.000335339 0.721417725 -0.000515506 0.999992311 0.003879956 -1.281553626 0.000337341 -0.003879783 0.999992371 50.698390961
0.999999821 0.000589294 -0.000386209 0.735878110 -0.000587913 0.999993443 0.003568977 -1.283933878 0.000388310 -0.003568748 0.999993563 51.239372253
0.999999583 0.000933989 -0.000129757 0.732026517 -0.000933496 0.999992549 0.003738865 -1.301296473 0.000133248 -0.003738742 0.999993026 51.730587006
0.999999285 0.001284900 0.000110849 0.742924094 -0.001285318 0.999991715 0.003864328 -1.310317397 -0.000105883 -0.003864467 0.999992609 52.278060913
0.999998569 0.001677309 0.000179713 0.757517874 -0.001677936 0.999992311 0.003542793 -1.322605848 -0.000173769 -0.003543089 0.999993742 52.839061737
0.999999642 0.000837525 -0.000096134 0.762928307 -0.000837168 0.999992967 0.003656856 -1.339241505 0.000099196 -0.003656776 0.999993324 53.313194275
0.999999344 0.001100169 0.000346004 0.768063724 -0.001101563 0.999991119 0.004054563 -1.351271987 -0.000341540 -0.004054942 0.999991775 53.860168457
0.999998271 0.001826813 0.000152644 0.778790951 -0.001827379 0.999991119 0.003803708 -1.362896681 -0.000145694 -0.003803981 0.999992788 54.424949646
0.999999404 0.001095733 -0.000060502 0.793195903 -0.001095531 0.999994040 0.003265211 -1.368806124 0.000064079 -0.003265142 0.999994695 54.927471161
0.999999583 0.000917833 -0.000012483 0.798781872 -0.000917788 0.999994338 0.003224041 -1.379626274 0.000015442 -0.003224029 0.999994814 55.475749969
0.999999046 0.001367749 0.000002485 0.804719567 -0.001367750 0.999994576 0.003001262 -1.389116883 0.000001620 -0.003001263 0.999995470 56.008846283
0.999998093 0.001915359 0.000015281 0.817310989 -0.001915396 0.999993443 0.003070731 -1.404112935 -0.000009399 -0.003070755 0.999995291 56.544391632
0.999998868 0.001446381 0.000117977 0.821329176 -0.001446740 0.999994099 0.003097463 -1.415639281 -0.000113495 -0.003097630 0.999995112 57.059776306
0.999998450 0.001649457 0.000460813 0.834461272 -0.001650980 0.999993026 0.003324246 -1.429216981 -0.000455327 -0.003325001 0.999994338 57.600208282
0.999998629 0.001542870 0.000458865 0.835290730 -0.001544163 0.999994934 0.002830316 -1.432876229 -0.000454496 -0.002831021 0.999995828 58.104286194
0.999998748 0.001387240 0.000744550 0.847796500 -0.001389244 0.999995410 0.002699729 -1.451618433 -0.000740801 -0.002700760 0.999996066 58.651184082
0.999998868 0.001473981 0.000356215 0.860390306 -0.001474891 0.999995649 0.002562108 -1.462022185 -0.000352437 -0.002562630 0.999996722 59.207790375
0.999998569 0.001546499 0.000668692 0.855737805 -0.001548544 0.999994099 0.003064656 -1.475105286 -0.000663949 -0.003065689 0.999995053 59.692222595
0.999997377 0.002137237 0.000778788 0.867822111 -0.002139317 0.999994159 0.002678317 -1.484990835 -0.000773059 -0.002679976 0.999996126 60.240253448
0.999996603 0.002018413 0.001631058 0.877254903 -0.002023916 0.999992251 0.003379543 -1.502428770 -0.001624224 -0.003382833 0.999992907 60.789367676
0.999998748 0.001193680 0.000988825 0.879602969 -0.001196640 0.999994814 0.002999222 -1.521951437 -0.000985239 -0.003000401 0.999994993 61.281761169
0.999997675 0.001831068 0.001083964 0.892911255 -0.001834288 0.999993861 0.002977569 -1.533587098 -0.001078505 -0.002979551 0.999994993 61.833873749
0.999997139 0.002022217 0.001279810 0.907429814 -0.002025790 0.999993980 0.002797120 -1.545166850 -0.001274146 -0.002799704 0.999995172 62.378807068
0.999996722 0.002094792 0.001475106 0.900333107 -0.002098742 0.999994218 0.002680141 -1.564752579 -0.001469483 -0.002683228 0.999995232 62.897590637
0.999996483 0.002396594 0.001166830 0.909453750 -0.002399800 0.999993324 0.002753677 -1.579925537 -0.001160223 -0.002756467 0.999995470 63.442081451
0.999992549 0.003229249 0.002135413 0.908774734 -0.003233531 0.999992788 0.002004136 -1.584970951 -0.002128926 -0.002011026 0.999995649 63.973670959
0.999995768 0.002010122 0.002102142 0.915713668 -0.002015275 0.999994934 0.002452666 -1.597607374 -0.002097202 -0.002456891 0.999994695 64.460144043
0.999990165 0.003384267 0.002872497 0.921093225 -0.003390928 0.999991536 0.002317523 -1.609664559 -0.002864629 -0.002327240 0.999993086 65.007385254
0.999995708 0.001925535 0.002194191 0.934535980 -0.001929689 0.999996364 0.001891099 -1.618543625 -0.002190541 -0.001895326 0.999995828 65.532524109
0.999992847 0.002410905 0.002911295 0.938406646 -0.002415707 0.999995768 0.001646996 -1.632377744 -0.002907312 -0.001654017 0.999994397 66.076843262
0.999994218 0.002259839 0.002545504 0.958865583 -0.002264715 0.999995589 0.001914209 -1.646899700 -0.002541167 -0.001919962 0.999994934 66.617446899
0.999992728 0.002450786 0.002909969 0.960390210 -0.002456725 0.999994874 0.002039019 -1.663433790 -0.002904957 -0.002046153 0.999993682 67.109489441
0.999989152 0.003177914 0.003392898 0.966919720 -0.003183659 0.999993443 0.001688906 -1.675510287 -0.003387509 -0.001699690 0.999992788 67.658180237
0.999991834 0.002985960 0.002720685 0.980060101 -0.002991325 0.999993503 0.001970592 -1.687484980 -0.002714784 -0.001978714 0.999994338 68.170341492
0.999987900 0.003805003 0.003113741 0.991559982 -0.003810250 0.999991298 0.001681286 -1.697517395 -0.003107316 -0.001693130 0.999993742 68.726570129
0.999989331 0.003138987 0.003376448 1.001869321 -0.003143891 0.999993980 0.001448494 -1.710420489 -0.003371881 -0.001459094 0.999993265 69.228866577
0.999988198 0.003417804 0.003450477 1.009185433 -0.003421956 0.999993384 0.001197465 -1.724419117 -0.003446362 -0.001209258 0.999993324 69.775329590
0.999989033 0.002990791 0.003620874 1.027158856 -0.002991825 0.999995410 0.000280255 -1.735249043 -0.003620020 -0.000291085 0.999993443 70.304672241
0.999990761 0.002903002 0.003164712 1.037804484 -0.002907497 0.999994695 0.001416574 -1.748381019 -0.003160583 -0.001425761 0.999993980 70.843673706
0.999991059 0.002785523 0.003186040 1.050308466 -0.002791961 0.999994099 0.002017636 -1.767735958 -0.003180401 -0.002026513 0.999992907 71.398071289
0.999990940 0.002910792 0.003087570 1.058035851 -0.002915866 0.999994457 0.001640069 -1.780511022 -0.003082779 -0.001649057 0.999993861 71.959632874
0.999991238 0.002524992 0.003333666 1.067451000 -0.002529894 0.999995708 0.001466861 -1.786150098 -0.003329948 -0.001475282 0.999993384 72.444282532
0.999988496 0.002768143 0.003914773 1.078941107 -0.002772972 0.999995410 0.001228425 -1.800052643 -0.003911355 -0.001239267 0.999991596 73.000404358
0.999986112 0.003512485 0.003902340 1.090181828 -0.003516894 0.999993145 0.001123822 -1.806425691 -0.003898366 -0.001137531 0.999991834 73.568992615
0.999981880 0.004198580 0.004302144 1.101768136 -0.004203713 0.999990463 0.001184613 -1.823409796 -0.004297129 -0.001202676 0.999990106 74.101036072
0.999990344 0.002758724 0.003417178 1.116675377 -0.002763591 0.999995172 0.001419720 -1.838758945 -0.003413244 -0.001429150 0.999993145 74.586303711
0.999987900 0.003696971 0.003242990 1.125187874 -0.003700727 0.999992490 0.001153200 -1.849726796 -0.003238702 -0.001165187 0.999994040 75.131187439
0.999989808 0.003052771 0.003335890 1.144329786 -0.003056042 0.999994814 0.000975669 -1.863037944 -0.003332894 -0.000985853 0.999993920 75.682929993
0.999985397 0.003995602 0.003636372 1.146655083 -0.003998455 0.999991655 0.000777920 -1.872440696 -0.003633233 -0.000792449 0.999993086 76.217086792
0.999985754 0.003961463 0.003569136 1.158610702 -0.003963337 0.999991953 0.000517859 -1.884370089 -0.003567056 -0.000531997 0.999993443 76.775352478
0.999989152 0.003288984 0.003291951 1.171918035 -0.003293081 0.999993801 0.001239229 -1.905654788 -0.003287855 -0.001250056 0.999993801 77.295501709
0.999984503 0.003938848 0.003938472 1.181073785 -0.003940920 0.999992013 0.000518352 -1.911260605 -0.003936399 -0.000533865 0.999992132 77.793388367
0.999984980 0.003934977 0.003815505 1.194931746 -0.003936607 0.999992073 0.000419764 -1.926786900 -0.003813824 -0.000434778 0.999992609 78.348533630
0.999981642 0.004191454 0.004371297 1.209696770 -0.004193096 0.999991119 0.000366631 -1.943368196 -0.004369722 -0.000384953 0.999990404 78.911148071
0.999978662 0.004080412 0.005092656 1.219488621 -0.004082514 0.999991596 0.000402874 -1.955855250 -0.005090969 -0.000423656 0.999986947 79.416320801
0.999967635 0.004240220 0.006841092 1.229086041 -0.004241648 0.999990940 0.000194001 -1.973341227 -0.006840209 -0.000223012 0.999976575 79.966346741
0.999963045 0.003614650 0.007789191 1.250339985 -0.003615063 0.999993443 0.000038647 -1.981688499 -0.007789000 -0.000066804 0.999969602 80.500350952
0.999942601 0.004600314 0.009665805 1.257588744 -0.004603385 0.999989331 0.000295183 -2.000043869 -0.009664344 -0.000339661 0.999953210 81.050369263
0.999912918 0.004683655 0.012337498 1.265147686 -0.004683226 0.999988973 -0.000063576 -2.007804155 -0.012337661 0.000005790 0.999923885 81.582183838
0.999860108 0.004212255 0.016187610 1.287299871 -0.004211910 0.999991059 -0.000055398 -2.020035505 -0.016187701 -0.000012790 0.999868989 82.126205444
0.999800503 0.004514201 0.019456826 1.306910276 -0.004517198 0.999989808 0.000110126 -2.033663988 -0.019456131 -0.000197994 0.999810696 82.654731750
0.999699593 0.004912026 0.024009844 1.334395647 -0.004915780 0.999987960 0.000097244 -2.043679714 -0.024009079 -0.000215242 0.999711752 83.212333679
0.999532342 0.004804528 0.030199494 1.360265017 -0.004810372 0.999988437 0.000120790 -2.060140371 -0.030198567 -0.000266004 0.999543846 83.754608154
0.999353528 0.004533267 0.035664164 1.385981321 -0.004522683 0.999989688 -0.000377420 -2.073314905 -0.035665512 0.000215878 0.999363780 84.290336609
0.999101579 0.004829758 0.042102687 1.420000315 -0.004826536 0.999988317 -0.000178165 -2.088437319 -0.042103052 -0.000025205 0.999113262 84.838912964
0.998727143 0.004967032 0.050193153 1.467116594 -0.004988616 0.999987423 0.000304728 -2.113601923 -0.050191008 -0.000554735 0.998739541 85.374908447
0.998290181 0.005232762 0.058218170 1.515635014 -0.005216080 0.999986291 -0.000438508 -2.111995697 -0.058219668 0.000134088 0.998303771 85.927467346
0.997865975 0.004773534 0.065120988 1.569044590 -0.004753254 0.999988616 -0.000466360 -2.124308348 -0.065122470 0.000155828 0.997877300 86.480239868
0.997190118 0.004681834 0.074766554 1.623166084 -0.004658303 0.999988973 -0.000489120 -2.140798092 -0.074768029 0.000139460 0.997200906 87.023529053
0.996430874 0.004312580 0.084302157 1.699152470 -0.004233498 0.999990463 -0.001116816 -2.148272276 -0.084306166 0.000755937 0.996439636 87.582168579
0.995633006 0.004749756 0.093232960 1.750621319 -0.004706474 0.999988616 -0.000684125 -2.169540167 -0.093235157 0.000242339 0.995644093 88.060974121
0.994889915 0.004369704 0.100871183 1.825271606 -0.004256866 0.999990046 -0.001333862 -2.179081202 -0.100876026 0.000897651 0.994898617 88.610809326
0.993833065 0.004174209 0.110808060 1.901691437 -0.004042072 0.999990821 -0.001417099 -2.199087143 -0.110812962 0.000960466 0.993840814 89.129653931
0.992651224 0.004635763 0.120921314 1.975357056 -0.004580926 0.999989152 -0.000731483 -2.187992096 -0.120923392 0.000172176 0.992661834 89.600852966
0.991479933 0.003519280 0.130211890 2.068442345 -0.003392411 0.999993443 -0.001196132 -2.199756861 -0.130215243 0.000744209 0.991485476 90.152626038
0.989824891 0.004475585 0.142220259 2.161170006 -0.004444998 0.999989986 -0.000532772 -2.218904734 -0.142221212 -0.000104818 0.989834785 90.688896179
0.987910926 0.004481563 0.154957741 2.253473282 -0.004387738 0.999989927 -0.000947503 -2.241144419 -0.154960424 0.000256135 0.987920642 91.208580017
0.986239791 0.003730709 0.165278584 2.360900879 -0.003608276 0.999992967 -0.001041014 -2.236737251 -0.165281340 0.000430319 0.986246347 91.735069275
0.984378397 0.003844850 0.176023781 2.476601601 -0.003699959 0.999992549 -0.001151317 -2.247288704 -0.176026896 0.000482051 0.984385252 92.279785156
0.982023597 0.003537126 0.188725099 2.600072861 -0.003332322 0.999993563 -0.001402483 -2.263650656 -0.188728809 0.000748379 0.982028902 92.806915283
0.979635000 0.002701214 0.200768217 2.732368469 -0.002503892 0.999996126 -0.001236770 -2.278357029 -0.200770766 0.000708881 0.979637921 93.341949463
0.977500558 0.001879976 0.210924357 2.865123749 -0.001710743 0.999998152 -0.000984807 -2.298562288 -0.210925788 0.000601812 0.977501810 93.871261597
0.974430323 0.002591813 0.224674642 3.005405426 -0.002492137 0.999996662 -0.000727226 -2.318351269 -0.224675760 0.000148712 0.974433541 94.397346497
0.971328974 0.002262763 0.237728655 3.143531799 -0.002019214 0.999997139 -0.001267981 -2.315424681 -0.237730846 0.000751601 0.971330762 94.950912476
0.968596816 0.002394274 0.248624727 3.299652100 -0.002090083 0.999996662 -0.001487458 -2.328198195 -0.248627469 0.000921101 0.968598723 95.473220825
0.965752602 0.001686363 0.259458929 3.477088928 -0.001385546 0.999998033 -0.001342279 -2.350458145 -0.259460688 0.000936818 0.965753198 95.968490601
0.962094009 0.001619670 0.272713184 3.637567520 -0.001336097 0.999998271 -0.001225527 -2.353652477 -0.272714734 0.000814701 0.962094605 96.456169128
0.958538234 0.000472797 0.284963459 3.819282532 0.000013041 0.999998510 -0.001703013 -2.368833780 -0.284963846 0.001636120 0.958536863 96.979232788
0.954984248 0.001124058 0.296654314 4.010093689 -0.000707371 0.999998569 -0.001511957 -2.378268719 -0.296655655 0.001234051 0.954983711 97.523551941
0.950413048 0.000647006 0.310989767 4.176103592 -0.000192217 0.999998868 -0.001493041 -2.395019531 -0.310990304 0.001359228 0.950412095 98.028938293
0.945730031 -0.000070807 0.324953377 4.384000778 0.000595196 0.999998629 -0.001514332 -2.409262896 -0.324952841 0.001625561 0.945728779 98.552261353
0.941805780 0.000327375 0.336157352 4.592182159 0.000208575 0.999998689 -0.001558234 -2.421322346 -0.336157441 0.001537667 0.941804588 99.060745239
0.937035918 0.000142116 0.349232882 4.798122406 0.000441792 0.999998629 -0.001592322 -2.432077408 -0.349232674 0.001646352 0.937034547 99.585136414
0.931549072 -0.000393584 0.363615334 5.017860413 0.000913674 0.999998808 -0.001258331 -2.448575735 -0.363614321 0.001504423 0.931548297 100.093223572
0.926679850 -0.000953279 0.375850528 5.245563507 0.001674791 0.999997377 -0.001592969 -2.462048292 -0.375848085 0.002105644 0.926678956 100.604194641
0.921846688 -0.000713482 0.387553990 5.437030792 0.001275898 0.999998450 -0.001193903 -2.477095842 -0.387552500 0.001595075 0.921846211 101.024223328
0.915801704 -0.001029163 0.401629329 5.681816101 0.001595479 0.999998152 -0.001075574 -2.492578983 -0.401627421 0.001625804 0.915801704 101.521842957
0.909815490 -0.000887471 0.415011853 5.927524567 0.001455965 0.999998391 -0.001053444 -2.504346371 -0.415010273 0.001562683 0.909815311 102.015274048
0.904959917 -0.002402112 0.425490171 6.190082550 0.003153729 0.999994457 -0.001062069 -2.520051718 -0.425485253 0.002303011 0.904962361 102.500717163
0.898671210 -0.000639855 0.438622683 6.422481537 0.001299708 0.999998569 -0.001204126 -2.529703856 -0.438621283 0.001652195 0.898670495 103.012184143
0.891840518 -0.000927536 0.452349067 6.690647125 0.001639337 0.999998033 -0.001181594 -2.544456959 -0.452347040 0.001795346 0.891840160 103.500259399
0.885982752 -0.001921458 0.463714033 6.947528839 0.002852504 0.999994993 -0.001306455 -2.558882475 -0.463709265 0.002480243 0.885983944 103.941200256
0.880057156 -0.002199472 0.474862635 7.229625702 0.003035767 0.999994874 -0.000994366 -2.577470779 -0.474857986 0.002316671 0.880059361 104.418579102
0.872430563 -0.002266547 0.488732755 7.511631012 0.003008729 0.999995232 -0.000733266 -2.599047422 -0.488728672 0.002110188 0.872433245 104.873397827
