1.000000000 0.000000000 0.000000000 0.000000000 0.000000000 1.000000000 0.000000000 0.000000000 0.000000000 0.000000000 1.000000000 0.000000000
0.999999940 -0.000257511 0.000037668 0.000347432 0.000257510 0.999999940 0.000025260 0.000339049 -0.000037675 -0.000025250 1.000000000 0.000063840
1.000000000 -0.000102556 0.000181900 -0.000941932 0.000102525 1.000000000 0.000172573 -0.000527104 -0.000181918 -0.000172554 0.999999940 0.000043877
1.000000000 0.000049089 0.000067437 -0.000144442 -0.000049094 1.000000000 0.000082045 -0.000054760 -0.000067433 -0.000082049 1.000000000 0.000014299
1.000000000 0.000005020 0.000080413 -0.000208242 -0.000005029 1.000000000 0.000108260 -0.000884461 -0.000080412 -0.000108261 1.000000000 -0.000073243
0.999999940 -0.000251526 0.000093291 -0.000054297 0.000251523 0.999999940 0.000023715 -0.000046131 -0.000093297 -0.000023691 1.000000000 -0.001013124
0.999999881 -0.000421074 0.000113357 -0.000375616 0.000421070 0.999999940 0.000029303 0.000161389 -0.000113369 -0.000029255 1.000000000 0.000975767
0.999999940 -0.000291347 0.000086985 0.000695073 0.000291336 0.999999940 0.000134220 -0.000362553 -0.000087024 -0.000134194 1.000000000 0.001188102
1.000000000 -0.000134840 0.000089630 0.000119400 0.000134839 1.000000000 0.000016211 0.000819629 -0.000089632 -0.000016199 1.000000000 0.001034295
1.000000000 0.000061520 0.000170388 -0.000959385 -0.000061515 1.000000000 -0.000029221 -0.000020929 -0.000170390 0.000029211 1.000000000 -0.000773232
1.000000000 -0.000210791 0.000091792 0.001411524 0.000210791 1.000000000 -0.000003539 0.000541548 -0.000091792 0.000003559 1.000000000 0.000283728
1.000000000 -0.000091658 -0.000012741 0.001511391 0.000091658 1.000000000 -0.000000781 -0.000649459 0.000012741 0.000000780 1.000000000 -0.001140249
1.000000000 -0.000133698 0.000040659 0.000994512 0.000133701 1.000000000 -0.000068024 0.000963939 -0.000040650 0.000068029 1.000000000 0.001043903
1.000000000 -0.000178083 0.000066024 -0.000143963 0.000178081 1.000000000 0.000036934 0.000653282 -0.000066031 -0.000036922 1.000000000 0.000180522
1.000000000 0.000159764 0.000115716 -0.000523893 -0.000159747 1.000000000 -0.000146081 0.001337731 -0.000115739 0.000146063 1.000000000 0.000661846
1.000000000 -0.000203646 -0.000001270 0.001020406 0.000203646 0.999999940 0.000166170 0.000074004 0.000001236 -0.000166171 1.000000000 0.000381835
0.999999940 -0.000414176 -0.000008164 0.000391344 0.000414177 0.999999881 0.000179220 -0.000365178 0.000008089 -0.000179224 1.000000000 -0.000439764
0.999999940 -0.000264037 0.000084968 0.000173149 0.000264027 0.999999940 0.000120749 -0.000931277 -0.000084999 -0.000120727 1.000000000 -0.001292893
1.000000000 0.000050203 0.000097368 -0.000038628 -0.000050209 1.000000000 0.000061706 -0.000098836 -0.000097365 -0.000061711 1.000000000 -0.001000486
0.999999940 0.000261718 -0.000017702 0.000069661 -0.000261715 0.999999940 0.000136684 -0.000473386 0.000017737 -0.000136680 1.000000000 -0.000472129
1.000000000 -0.000148941 -0.000065256 0.001091192 0.000148952 1.000000000 0.000155101 -0.000140988 0.000065233 -0.000155111 1.000000000 -0.000522013
1.000000000 0.000009241 0.000043229 -0.000042821 -0.000009247 1.000000000 0.000139444 -0.000519013 -0.000043227 -0.000139444 1.000000000 -0.000269187
1.000000000 -0.000135371 0.000030043 0.000588248 0.000135366 1.000000000 0.000147975 -0.000601669 -0.000030063 -0.000147971 1.000000000 -0.001214492
1.000000000 -0.000164290 0.000068158 0.000942311 0.000164289 1.000000000 0.000017320 0.000632945 -0.000068161 -0.000017309 1.000000000 0.001008405
1.000000000 0.000095234 0.000107332 -0.000448600 -0.000095245 1.000000000 0.000105343 0.000058646 -0.000107322 -0.000105353 1.000000000 0.000720726
1.000000000 -0.000097402 -0.000012145 0.001825884 0.000097403 1.000000000 0.000099749 0.000309161 0.000012135 -0.000099750 1.000000000 -0.001103693
0.999999940 -0.000287489 0.000062238 0.000702756 0.000287484 0.999999940 0.000075919 -0.000698688 -0.000062260 -0.000075901 1.000000000 -0.001404769
0.999999940 -0.000273381 -0.000028288 0.000287145 0.000273383 0.999999940 0.000079565 -0.001118757 0.000028266 -0.000079573 1.000000000 -0.001900524
0.999999940 0.000189465 0.000156125 -0.000574220 -0.000189503 0.999999940 0.000242609 -0.000628250 -0.000156079 -0.000242639 0.999999940 0.001283795
1.000000000 -0.000119782 -0.000015743 0.000881860 0.000119785 1.000000000 0.000184778 -0.000941309 0.000015721 -0.000184780 1.000000000 -0.000499335
0.999999940 -0.000310713 0.000161948 -0.000090066 0.000310698 0.999999940 0.000093112 -0.000800045 -0.000161977 -0.000093062 1.000000000 -0.000527802
0.999999940 -0.000283322 0.000077786 0.000049277 0.000283311 0.999999940 0.000141158 -0.001038852 -0.000077826 -0.000141135 1.000000000 -0.000493987
1.000000000 0.000067603 0.000046308 -0.000008110 -0.000067609 1.000000000 0.000134845 -0.001287604 -0.000046299 -0.000134848 1.000000000 -0.002269709
1.000000000 -0.000054501 0.000121694 -0.000140074 0.000054507 1.000000000 -0.000052714 -0.000042333 -0.000121691 0.000052721 1.000000000 -0.001140764
1.000000000 -0.000203556 0.000044045 0.000616589 0.000203557 1.000000000 -0.000013216 0.000134259 -0.000044042 0.000013225 1.000000000 -0.001263192
1.000000000 0.000051161 0.000086673 -0.000676360 -0.000051170 1.000000000 0.000097669 -0.000228467 -0.000086668 -0.000097673 1.000000000 -0.001244854
0.999999940 -0.000211784 0.000134253 -0.000253929 0.000211785 1.000000000 -0.000010044 0.000942037 -0.000134250 0.000010073 1.000000000 -0.000561957
1.000000000 -0.000205626 0.000049935 0.000372794 0.000205618 0.999999940 0.000152548 -0.000100529 -0.000049966 -0.000152537 1.000000000 0.000936232
1.000000000 -0.000085694 0.000102056 -0.000118689 0.000085674 1.000000000 0.000192168 -0.001735877 -0.000102072 -0.000192160 1.000000000 -0.001605609
1.000000000 0.000058416 0.000165095 -0.001093905 -0.000058438 1.000000000 0.000132047 -0.000393272 -0.000165088 -0.000132057 1.000000000 -0.000898670
0.999999940 0.000060176 0.000247256 -0.000517972 -0.000060125 1.000000000 -0.000206154 0.001336601 -0.000247269 0.000206139 0.999999940 0.001757791
1.000000000 -0.000019712 0.000146690 0.001168918 0.000019797 0.999999821 -0.000585409 -0.001955274 -0.000146678 0.000585412 0.999999821 0.050848521
1.000000000 -0.000258654 -0.000057008 0.003267022 0.000258590 0.999999344 -0.001125827 -0.004359491 0.000057299 0.001125813 0.999999344 0.139294222
0.999999881 0.000447409 -0.000092518 0.003241770 -0.000447552 0.999998629 -0.001550849 -0.006445196 0.000091824 0.001550891 0.999998748 0.249443591
1.000000000 0.000102338 0.000053758 0.005634638 -0.000102285 0.999999464 -0.000995242 -0.016192304 -0.000053860 0.000995237 0.999999464 0.371923953
1.000000000 0.000049131 0.000129250 0.008054513 -0.000048992 0.999999464 -0.001073975 -0.019254236 -0.000129302 0.001073968 0.999999464 0.509501755
1.000000000 0.000152061 0.000118975 0.010098065 -0.000151916 0.999999225 -0.001217557 -0.024162984 -0.000119160 0.001217539 0.999999225 0.657945633
0.999999940 -0.000242028 -0.000130033 0.019203654 0.000241890 0.999999404 -0.001065836 -0.024768177 0.000130291 0.001065805 0.999999404 0.838194907
0.999999940 -0.000130175 -0.000091315 0.021376809 0.000130080 0.999999404 -0.001043088 -0.028330257 0.000091451 0.001043075 0.999999404 1.006738067
0.999999881 0.000477608 0.000054618 0.027707860 -0.000477591 0.999999821 -0.000294484 -0.038341619 -0.000054758 0.000294457 0.999999940 1.179596663
1.000000000 0.000206778 0.000146461 0.031777769 -0.000206750 1.000000000 -0.000192257 -0.042481296 -0.000146500 0.000192227 0.999999940 1.366821527
0.999999881 -0.000454429 -0.000295585 0.036501758 0.000454323 0.999999821 -0.000359690 -0.044119854 0.000295749 0.000359555 0.999999821 1.557071567
0.999999881 0.000217317 0.000480632 0.018599462 -0.000217296 0.999999940 -0.000044265 -0.055056322 -0.000480642 0.000044160 0.999999881 1.780945659
0.999999762 0.000543973 0.000428628 0.023153529 -0.000544021 0.999999821 0.000111157 -0.061154723 -0.000428567 -0.000111390 0.999999940 1.977542996
0.999999762 0.000242439 0.000652616 0.028096793 -0.000242631 0.999999940 0.000294187 -0.067277066 -0.000652545 -0.000294345 0.999999762 2.173585653
0.999999762 0.000179303 0.000684439 0.035114944 -0.000179587 0.999999881 0.000414898 -0.079888739 -0.000684365 -0.000415021 0.999999702 2.387453318
0.999999642 0.000030144 0.000846614 0.041133218 -0.000030356 0.999999940 0.000250313 -0.085877679 -0.000846606 -0.000250338 0.999999642 2.609342575
0.999998629 0.001480262 0.000740862 0.039132085 -0.001480684 0.999998748 0.000568973 -0.095486186 -0.000740019 -0.000570069 0.999999583 2.845477104
0.999998689 0.001389603 0.000825899 0.045326754 -0.001389935 0.999998987 0.000401315 -0.101113059 -0.000825340 -0.000402462 0.999999642 3.074729681
0.999998391 0.001422275 0.001082724 0.045003273 -0.001422776 0.999998868 0.000462152 -0.103715077 -0.001082065 -0.000463692 0.999999225 3.320005894
0.999999046 0.000662663 0.001214774 0.052031122 -0.000663255 0.999999642 0.000487078 -0.112823911 -0.001214451 -0.000487884 0.999999166 3.573365211
0.999999762 -0.000084083 0.000727129 0.060538013 0.000083740 0.999999881 0.000471853 -0.118715167 -0.000727169 -0.000471792 0.999999642 3.825421572
0.999999702 0.000272695 0.000712011 0.069302395 -0.000273177 0.999999702 0.000676987 -0.127125904 -0.000711826 -0.000677181 0.999999523 4.085242748
0.999999404 0.000864176 0.000637889 0.072021417 -0.000864897 0.999998987 0.001130945 -0.146408051 -0.000636910 -0.001131496 0.999999166 4.328856468
0.999999166 0.001004801 0.000806395 0.076029934 -0.001005386 0.999999344 0.000725594 -0.150002763 -0.000805666 -0.000726404 0.999999404 4.590460777
0.999999642 0.000221396 0.000690188 0.085449509 -0.000221857 0.999999762 0.000667958 -0.156051680 -0.000690040 -0.000668111 0.999999523 4.842663288
0.999999106 0.000756045 0.001062162 0.094488382 -0.000757556 0.999998689 0.001423006 -0.157029495 -0.001061085 -0.001423809 0.999998391 5.119690418
0.999999106 0.000297992 0.001317852 0.097027905 -0.000299748 0.999999046 0.001332528 -0.161832243 -0.001317454 -0.001332922 0.999998271 5.386099815
0.999999464 0.000396756 0.000986097 0.104962885 -0.000398096 0.999998987 0.001358696 -0.169308379 -0.000985557 -0.001359088 0.999998569 5.642687798
0.999999225 0.000818055 0.000939487 0.109942086 -0.000819571 0.999998271 0.001614455 -0.177559704 -0.000938165 -0.001615224 0.999998271 5.916075230
0.999998868 0.001131192 0.001021977 0.119974107 -0.001132335 0.999998748 0.001118513 -0.184755370 -0.001020711 -0.001119669 0.999998808 6.180101871
0.999998569 0.001344350 0.001012082 0.123075336 -0.001345310 0.999998629 0.000947959 -0.189964548 -0.001010807 -0.000949320 0.999998987 6.458256721
0.999997973 0.001585186 0.001232047 0.125199020 -0.001586954 0.999997735 0.001435700 -0.206178650 -0.001229768 -0.001437653 0.999998212 6.757116795
0.999997258 0.001651276 0.001688254 0.129687995 -0.001654556 0.999996781 0.001943722 -0.219349638 -0.001685039 -0.001946510 0.999996662 7.050398350
0.999999106 0.001014478 0.000822880 0.145615578 -0.001015861 0.999998093 0.001681938 -0.225377709 -0.000821172 -0.001682772 0.999998212 7.338234901
0.999997914 0.001305384 0.001571819 0.146096826 -0.001307725 0.999998033 0.001489106 -0.233628169 -0.001569872 -0.001491159 0.999997616 7.652312279
0.999997973 0.001417342 0.001414905 0.154846698 -0.001419255 0.999998212 0.001352240 -0.240512460 -0.001412985 -0.001354246 0.999998093 7.967609882
0.999997199 0.001374540 0.001942112 0.156012103 -0.001377932 0.999997497 0.001746573 -0.253485829 -0.001939706 -0.001749244 0.999996603 8.266912460
0.999997020 0.001445038 0.001926461 0.169369936 -0.001447673 0.999998033 0.001366848 -0.264072031 -0.001924482 -0.001369633 0.999997199 8.589182854
0.999996305 0.001609492 0.002188296 0.168482050 -0.001612714 0.999997616 0.001471353 -0.267238438 -0.002185923 -0.001474877 0.999996483 8.918563843
0.999995649 0.001951196 0.002223461 0.172878176 -0.001954663 0.999996901 0.001558170 -0.279347807 -0.002220414 -0.001562510 0.999996305 9.263827324
0.999995589 0.002056479 0.002115773 0.179194093 -0.002060849 0.999995768 0.002065301 -0.294037789 -0.002111516 -0.002069652 0.999995649 9.610822678
0.999996424 0.001866164 0.001918222 0.186917886 -0.001869125 0.999997079 0.001542713 -0.295559615 -0.001915338 -0.001546293 0.999996960 9.972949982
0.999995053 0.002133428 0.002278056 0.201124728 -0.002136423 0.999996841 0.001313042 -0.306276798 -0.002275248 -0.001317902 0.999996483 10.326173782
0.999995947 0.001600860 0.002350762 0.206253067 -0.001606087 0.999996364 0.002223476 -0.326942682 -0.002347194 -0.002227243 0.999994695 10.698025703
0.999993384 0.002300371 0.002787607 0.201454386 -0.002305143 0.999995828 0.001709884 -0.330876082 -0.002783662 -0.001716298 0.999994636 11.079664230
0.999993265 0.002342434 0.002824338 0.216024801 -0.002347050 0.999995887 0.001632468 -0.340193510 -0.002820503 -0.001639086 0.999994695 11.453892708
0.999996126 0.001883524 0.002028453 0.235694528 -0.001887164 0.999996603 0.001794564 -0.349876583 -0.002025065 -0.001798385 0.999996305 11.828978539
0.999996841 0.001922119 0.001630437 0.247771993 -0.001924310 0.999997258 0.001343329 -0.358467013 -0.001627851 -0.001346462 0.999997735 12.198356628
0.999994099 0.002533338 0.002369780 0.254788578 -0.002536674 0.999995887 0.001406059 -0.375061959 -0.002366208 -0.001412062 0.999996185 12.571064949
0.999994099 0.002803278 0.001950715 0.264675707 -0.002806018 0.999994993 0.001403262 -0.383254260 -0.001946772 -0.001408727 0.999997139 12.980650902
0.999995410 0.002151302 0.002096754 0.272004068 -0.002154539 0.999996483 0.001543012 -0.394621611 -0.002093427 -0.001547522 0.999996543 13.390114784
0.999996483 0.001390109 0.002258949 0.285023987 -0.001395084 0.999996543 0.002202122 -0.412384719 -0.002255880 -0.002205265 0.999995053 13.784675598
0.999991417 0.002952096 0.002889979 0.279848814 -0.002958742 0.999992967 0.002298078 -0.419501066 -0.002883176 -0.002306609 0.999993145 14.204823494
0.999992669 0.002149564 0.003151835 0.291867733 -0.002157594 0.999994457 0.002546630 -0.438772261 -0.003146344 -0.002553412 0.999991715 14.619565964
0.999988914 0.002898307 0.003717921 0.305613041 -0.002905925 0.999993682 0.002045303 -0.439653546 -0.003711970 -0.002056084 0.999990940 15.056322098
0.999989212 0.002709633 0.003761236 0.316869497 -0.002718284 0.999993622 0.002297114 -0.452620536 -0.003754987 -0.002307313 0.999990284 15.482846260
0.999988854 0.002448160 0.004042414 0.329410881 -0.002458163 0.999993920 0.002471227 -0.471609443 -0.004036341 -0.002481136 0.999988794 15.919468880
0.999991715 0.001758342 0.003673821 0.343276799 -0.001768561 0.999994576 0.002779985 -0.482196093 -0.003668913 -0.002786459 0.999989390 16.373609543
0.999987543 0.002343628 0.004392786 0.348995894 -0.002352798 0.999995053 0.002083417 -0.492682934 -0.004387882 -0.002093727 0.999988198 16.823884964
0.999986351 0.002546651 0.004584044 0.360240519 -0.002557687 0.999993861 0.002402883 -0.506052375 -0.004577897 -0.002414575 0.999986529 17.278612137
0.999984801 0.002587397 0.004871468 0.373618484 -0.002600105 0.999993205 0.002604178 -0.520644784 -0.004864697 -0.002616804 0.999984741 17.745983124
0.999979556 0.002686707 0.005809337 0.382710487 -0.002701823 0.999992967 0.002595695 -0.535087228 -0.005802323 -0.002611338 0.999979794 18.217365265
0.999982715 0.002311844 0.005401961 0.401530564 -0.002326184 0.999993801 0.002649820 -0.544274867 -0.005395802 -0.002662340 0.999981880 18.682258606
0.999977350 0.003100805 0.005965323 0.409853995 -0.003123087 0.999988198 0.003729743 -0.567394435 -0.005953687 -0.003748289 0.999975264 19.137998581
0.999981880 0.001962747 0.005690160 0.421810865 -0.001980567 0.999993145 0.003127796 -0.577182531 -0.005683983 -0.003139009 0.999978840 19.659440994
0.999981940 0.002248974 0.005568597 0.434356630 -0.002267445 0.999991953 0.003312745 -0.590655863 -0.005561101 -0.003325312 0.999979019 20.139741898
0.999981582 0.002600561 0.005475802 0.448573828 -0.002617626 0.999991715 0.003111708 -0.600233197 -0.005467664 -0.003125985 0.999980152 20.645027161
0.999982715 0.002565551 0.005286976 0.459549248 -0.002582103 0.999991775 0.003126337 -0.615217507 -0.005278912 -0.003139935 0.999981165 21.133941650
0.999987245 0.002745607 0.004235865 0.475640267 -0.002757305 0.999992311 0.002758306 -0.621351659 -0.004228260 -0.002769951 0.999987245 21.645952225
0.999984801 0.002944590 0.004682118 0.477440923 -0.002959216 0.999990761 0.003119838 -0.643206298 -0.004672888 -0.003133646 0.999984145 22.150970459
0.999989927 0.002575621 0.003682624 0.497438371 -0.002586096 0.999992609 0.002842416 -0.643900454 -0.003675276 -0.002851911 0.999989152 22.675148010
0.999986649 0.003494464 0.003792852 0.502364695 -0.003506429 0.999988794 0.003152527 -0.666245997 -0.003781793 -0.003165784 0.999987841 23.178915024
0.999989569 0.003502398 0.002929972 0.518022954 -0.003511973 0.999988496 0.003269111 -0.673091412 -0.002918489 -0.003279367 0.999990344 23.697401047
0.999994397 0.002734593 0.001933915 0.539607108 -0.002741608 0.999989569 0.003633853 -0.697069466 -0.001923959 -0.003639134 0.999991536 24.201597214
0.999988317 0.004279013 0.002224019 0.531894505 -0.004285948 0.999985933 0.003123301 -0.702424645 -0.002210622 -0.003132797 0.999992669 24.728132248
0.999987304 0.004724853 0.001744847 0.555052221 -0.004730281 0.999983966 0.003120037 -0.712345898 -0.001730077 -0.003128252 0.999993622 25.190977097
0.999985814 0.004965639 0.001909696 0.561908424 -0.004970490 0.999984384 0.002544331 -0.720780134 -0.001897032 -0.002553787 0.999994993 25.735382080
0.999985158 0.005188137 0.001652593 0.539784610 -0.005193522 0.999981165 0.003270484 -0.740267038 -0.001635595 -0.003279018 0.999993265 26.326883316
0.999989450 0.004441804 0.001123772 0.549793482 -0.004447387 0.999977469 0.005015458 -0.763260961 -0.001101469 -0.005020403 0.999986768 26.868198395
0.999994159 0.003255098 -0.001034347 0.595777333 -0.003250947 0.999986768 0.003989930 -0.775767624 0.001047321 -0.003986544 0.999991417 27.396507263
0.999993861 0.003210033 -0.001370904 0.596223056 -0.003205377 0.999989152 0.003384503 -0.790534139 0.001381754 -0.003380088 0.999993324 27.940359116
0.999981225 0.006100158 -0.000471859 0.611541212 -0.006097415 0.999965608 0.005612954 -0.839445412 0.000506083 -0.005609973 0.999984145 28.426477432
0.999987364 0.005027991 -0.000196750 0.610463977 -0.005026733 0.999969721 0.005941964 -0.854295194 0.000226621 -0.005940900 0.999982238 28.952667236
0.999986768 0.005120227 -0.000490417 0.626688063 -0.005117486 0.999972165 0.005433826 -0.858725071 0.000518225 -0.005431245 0.999985099 29.531270981
0.999987304 0.004775277 -0.001611638 0.650529265 -0.004765526 0.999970615 0.006000791 -0.870598614 0.001640246 -0.005993035 0.999980688 30.171697617
0.999988616 0.004462399 -0.001681528 0.660461724 -0.004455647 0.999982059 0.003998954 -0.873187721 0.001699342 -0.003991416 0.999990582 30.720300674
0.999989510 0.003972060 -0.002284141 0.672875285 -0.003961510 0.999981523 0.004605076 -0.882462800 0.002302391 -0.004595979 0.999986768 31.288204193
0.999992371 0.003299717 -0.002088092 0.684243202 -0.003290341 0.999984503 0.004477547 -0.895551562 0.002102835 -0.004470642 0.999987721 31.830707550
0.999989450 0.003629787 -0.002809413 0.701836824 -0.003620159 0.999987602 0.003424635 -0.896791101 0.002821809 -0.003414428 0.999990165 32.366695404
0.999987960 0.003991535 -0.002847449 0.705465198 -0.003978934 0.999982476 0.004417324 -0.920328140 0.002865031 -0.004405942 0.999986172 32.904289246
0.999986291 0.004885114 -0.001872791 0.692970037 -0.004877117 0.999979019 0.004251149 -0.931049943 0.001893519 -0.004241957 0.999989152 33.469230652
0.999987841 0.003419690 -0.003537383 0.717747986 -0.003408998 0.999989629 0.003023893 -0.938035011 0.003547688 -0.003011797 0.999989152 34.009029388
0.999987066 0.003843408 -0.003305651 0.722702265 -0.003830686 0.999985278 0.003846092 -0.956092834 0.003320385 -0.003833380 0.999987125 34.547275543
0.999989450 0.003568727 -0.002900636 0.728632212 -0.003559096 0.999988079 0.003318711 -0.964709997 0.002912445 -0.003308352 0.999990284 35.119495392
0.999991715 0.002963841 -0.002785312 0.741648555 -0.002953928 0.999989331 0.003556399 -0.980387986 0.002795823 -0.003548142 0.999989748 35.653621674
0.999988377 0.003837035 -0.002921656 0.754444242 -0.003827514 0.999987364 0.003257184 -0.987116218 0.002934118 -0.003245964 0.999990404 36.219398499
0.999988139 0.003908960 -0.002912121 0.762022555 -0.003898603 0.999986053 0.003553583 -1.005887270 0.002925972 -0.003542188 0.999989450 36.750774384
0.999989748 0.003513027 -0.002866019 0.774384081 -0.003503781 0.999988675 0.003224591 -1.014971375 0.002877314 -0.003214516 0.999990702 37.285804749
0.999987066 0.004309573 -0.002697607 0.775828362 -0.004301501 0.999986291 0.002991412 -1.040976882 0.002710462 -0.002979770 0.999991834 37.831996918
0.999988019 0.003793017 -0.003086114 0.785572827 -0.003782246 0.999986768 0.003488527 -1.057422400 0.003099305 -0.003476813 0.999989092 38.367504120
0.999985218 0.005016789 -0.002092762 0.792727828 -0.005009986 0.999982119 0.003243779 -1.067967892 0.002108998 -0.003233246 0.999992549 38.930385590
0.999989092 0.004040033 -0.002339021 0.803872585 -0.004031368 0.999985158 0.003697224 -1.093581676 0.002353923 -0.003687755 0.999990404 39.469711304
0.999988079 0.004252530 -0.002387177 0.812987626 -0.004242434 0.999982119 0.004218522 -1.108798027 0.002405073 -0.004208345 0.999988258 40.020816803
0.999986947 0.004352821 -0.002665863 0.819785416 -0.004343323 0.999984205 0.003557995 -1.120478749 0.002681309 -0.003546370 0.999990106 40.558990479
0.999985099 0.004788064 -0.002607202 0.832630455 -0.004779794 0.999983668 0.003168629 -1.130574584 0.002622331 -0.003156120 0.999991596 41.096153259
0.999984980 0.004320096 -0.003351975 0.853242576 -0.004307036 0.999983072 0.003893746 -1.149802327 0.003368740 -0.003879251 0.999986768 41.630622864
0.999985278 0.003747981 -0.003903704 0.854927719 -0.003736042 0.999988258 0.003061194 -1.155169129 0.003915132 -0.003046565 0.999987721 42.171516418
0.999983788 0.004095810 -0.003948793 0.865747392 -0.004082028 0.999985576 0.003491792 -1.177565098 0.003963037 -0.003475616 0.999986112 42.719058990
0.999982238 0.003739708 -0.004637915 0.878221989 -0.003724202 0.999987423 0.003347608 -1.185466766 0.004650375 -0.003330277 0.999983668 43.280021667
0.999978840 0.004784955 -0.004410565 0.889898658 -0.004769850 0.999982774 0.003428969 -1.201610446 0.004426897 -0.003407858 0.999984384 43.835403442
0.999982834 0.003935101 -0.004339816 0.888720870 -0.003922046 0.999987781 0.003012556 -1.205669284 0.004351616 -0.002995483 0.999986053 44.360923767
0.999983907 0.003568493 -0.004397832 0.891453266 -0.003553415 0.999987781 0.003431429 -1.220669627 0.004410023 -0.003415746 0.999984384 44.899188995
0.999984622 0.003767776 -0.004066703 0.893865585 -0.003754654 0.999987662 0.003229147 -1.242498040 0.004078821 -0.003213828 0.999986529 45.456779480
0.999983251 0.003846684 -0.004317283 0.916629732 -0.003833866 0.999988198 0.002973381 -1.244607687 0.004328671 -0.002956779 0.999986231 45.985809326
0.999986887 0.003149613 -0.004029424 0.915972769 -0.003138113 0.999991000 0.002857160 -1.260279417 0.004038386 -0.002844478 0.999987781 46.538776398
0.999984205 0.003257601 -0.004579509 0.934229076 -0.003243570 0.999990046 0.003067827 -1.282370567 0.004589456 -0.003052925 0.999984801 47.097385406
0.999984622 0.004024475 -0.003820613 0.930724025 -0.004009738 0.999984503 0.003857178 -1.303333879 0.003836076 -0.003841799 0.999985218 47.635070801
0.999984980 0.003996901 -0.003750860 0.935476303 -0.003986292 0.999988019 0.002831629 -1.302012920 0.003762133 -0.002816635 0.999988914 48.199531555
0.999982834 0.004428484 -0.003814451 0.952097058 -0.004416982 0.999985695 0.003018808 -1.321711063 0.003827765 -0.003001908 0.999988139 48.739131927
0.999977410 0.005958723 -0.003092865 0.951123953 -0.005951762 0.999979675 0.002255203 -1.324654102 0.003106241 -0.002236744 0.999992669 49.270839691
0.999980688 0.005317220 -0.003194931 0.963914096 -0.005310007 0.999983490 0.002261529 -1.341896534 0.003206903 -0.002244521 0.999992311 49.829944611
0.999980628 0.005375079 -0.003130548 0.974615395 -0.005367537 0.999982655 0.002412688 -1.354381084 0.003143462 -0.002395837 0.999992192 50.374240875
0.999982655 0.004841211 -0.003361363 0.996108532 -0.004833053 0.999985278 0.002431148 -1.368654490 0.003373084 -0.002414861 0.999991357 50.905620575
0.999981105 0.005387364 -0.002939310 1.009432435 -0.005378721 0.999981225 0.002940496 -1.385522604 0.002955097 -0.002924631 0.999991357 51.455226898
0.999979436 0.005812908 -0.002700483 1.013739586 -0.005807419 0.999981046 0.002036100 -1.388746142 0.002712267 -0.002020376 0.999994218 52.002372742
0.999984145 0.004949314 -0.002690193 1.023947001 -0.004944651 0.999986231 0.001737463 -1.412265897 0.002698756 -0.001724133 0.999994874 52.552234650
0.999980330 0.005807661 -0.002344120 1.032263160 -0.005802647 0.999980807 0.002140109 -1.429238796 0.002356503 -0.002126465 0.999994874 53.088512421
0.999984264 0.005058742 -0.002420548 1.031135321 -0.005054058 0.999985278 0.001937851 -1.434981585 0.002430315 -0.001925587 0.999995172 53.637203217
0.999979556 0.005927276 -0.002399880 1.050627470 -0.005922711 0.999980628 0.001904621 -1.450108051 0.002411123 -0.001890368 0.999995291 54.192367554
0.999980748 0.005775574 -0.002278595 1.058286071 -0.005771108 0.999981403 0.001962232 -1.465703130 0.002289885 -0.001949045 0.999995410 54.732265472
0.999983728 0.005178397 -0.002400240 1.084250212 -0.005174280 0.999985158 0.001718163 -1.478696346 0.002409102 -0.001705715 0.999995649 55.282436371
0.999981403 0.005592884 -0.002430259 1.080600977 -0.005588182 0.999982536 0.001936801 -1.487870455 0.002441048 -0.001923184 0.999995172 55.833164215
0.999985278 0.005211206 -0.001464320 1.087451696 -0.005208428 0.999984562 0.001894913 -1.513894677 0.001474172 -0.001887259 0.999997139 56.390987396
0.999979377 0.006335482 -0.001057852 1.082704306 -0.006334065 0.999978960 0.001337920 -1.518147230 0.001066306 -0.001331192 0.999998569 56.934162140
0.999980688 0.005929901 -0.001824749 1.104077458 -0.005928005 0.999981880 0.001043380 -1.517308474 0.001830903 -0.001032543 0.999997795 57.493736267
0.999979675 0.006141449 -0.001727838 1.114158988 -0.006139098 0.999980211 0.001361360 -1.542589188 0.001736164 -0.001350725 0.999997497 58.038467407
0.999979436 0.006330025 -0.001048268 1.122272253 -0.006328970 0.999979377 0.001006202 -1.555965900 0.001054616 -0.000999547 0.999998868 58.579803467
0.999980867 0.006028477 -0.001359963 1.135653019 -0.006027903 0.999981761 0.000425417 -1.563940048 0.001362503 -0.000417211 0.999998927 59.137111664
0.999979138 0.006349546 -0.001181433 1.130181670 -0.006348600 0.999979496 0.000802949 -1.590843558 0.001186507 -0.000795431 0.999998987 59.674610138
0.999979973 0.006210052 -0.001210802 1.152786136 -0.006209580 0.999980628 0.000393370 -1.589282513 0.001213221 -0.000385844 0.999999166 60.230457306
0.999973595 0.007164466 -0.001201872 1.166127920 -0.007163581 0.999974072 0.000739129 -1.606686473 0.001207136 -0.000730500 0.999998987 60.786376953
0.999976516 0.006616497 -0.001794246 1.186285496 -0.006615784 0.999978006 0.000403101 -1.624674916 0.001796873 -0.000391221 0.999998331 61.338779449
0.999972761 0.007274516 -0.001217621 1.191092730 -0.007273478 0.999973178 0.000854967 -1.641674042 0.001223808 -0.000846087 0.999998808 61.892475128
0.999972880 0.007301459 -0.000917667 1.196948647 -0.007300676 0.999972999 0.000853626 -1.659046769 0.000923875 -0.000846904 0.999999225 62.432334900
0.999973297 0.007216839 -0.001097585 1.212765694 -0.007216011 0.999973655 0.000756851 -1.676264644 0.001103018 -0.000748910 0.999999106 62.967556000
0.999969780 0.007753690 -0.000604238 1.215343714 -0.007753253 0.999969661 0.000721466 -1.688329816 0.000609813 -0.000716760 0.999999583 63.513381958
0.999975204 0.006902200 -0.001347520 1.228455663 -0.006901941 0.999976158 0.000195012 -1.699216366 0.001348833 -0.000185707 0.999998987 64.067207336
0.999975026 0.006987017 -0.001081896 1.243638635 -0.006986285 0.999975383 0.000678834 -1.716032386 0.001086612 -0.000671259 0.999999166 64.618331909
0.999972999 0.007313489 -0.000734170 1.247906327 -0.007313163 0.999973178 0.000445635 -1.726304412 0.000737409 -0.000440254 0.999999642 65.160911560
0.999974072 0.007172011 -0.000833924 1.258993864 -0.007171219 0.999973834 0.000951290 -1.746938229 0.000840725 -0.000945285 0.999999225 65.697822571
0.999972761 0.007347942 -0.000684569 1.263160467 -0.007347366 0.999972641 0.000841069 -1.761916280 0.000690731 -0.000836016 0.999999404 66.243629456
0.999976158 0.006891110 -0.000406783 1.270485163 -0.006890948 0.999976158 0.000393723 -1.769031763 0.000409487 -0.000390911 0.999999821 66.800025940
0.999969244 0.007829701 0.000267833 1.278543949 -0.007829879 0.999969125 0.000667004 -1.790405154 -0.000262602 -0.000669080 0.999999702 67.343704224
0.999969482 0.007748340 0.000913693 1.282101989 -0.007748935 0.999969900 0.000651645 -1.805137515 -0.000908616 -0.000658705 0.999999344 67.898849487
0.999967158 0.008059248 0.000822351 1.293144107 -0.008059468 0.999967515 0.000263953 -1.819865108 -0.000820197 -0.000270572 0.999999642 68.442901611
0.999960661 0.008814529 0.000996654 1.300593138 -0.008814704 0.999961138 0.000170889 -1.836298943 -0.000995109 -0.000179668 0.999999464 68.987251282
0.999965966 0.008213577 0.000753439 1.317878723 -0.008213337 0.999966204 -0.000322011 -1.842452407 -0.000756058 0.000315812 0.999999642 69.541656494
0.999965131 0.008284515 0.001064225 1.320963621 -0.008284335 0.999965608 -0.000173884 -1.856844544 -0.001065629 0.000165061 0.999999344 70.087684631
0.999972999 0.007341909 0.000361787 1.340002656 -0.007341860 0.999973059 -0.000130847 -1.873924494 -0.000362738 0.000128188 0.999999940 70.634658813
0.999969959 0.007736168 0.000310904 1.349983096 -0.007735934 0.999969721 -0.000743832 -1.881023645 -0.000316649 0.000741405 0.999999702 71.187423706
0.999966979 0.008061156 0.001008020 1.356354356 -0.008060839 0.999967456 -0.000316408 -1.902776480 -0.001010538 0.000308272 0.999999464 71.733825684
0.999966800 0.008125669 0.000656388 1.368218184 -0.008125256 0.999966741 -0.000634688 -1.912720323 -0.000661523 0.000629333 0.999999583 72.284057617
0.999961138 0.008800107 0.000523774 1.383076787 -0.008799937 0.999961197 -0.000326656 -1.931579471 -0.000526628 0.000322034 0.999999821 72.830497742
0.999962091 0.008684254 0.000768320 1.396268487 -0.008684364 0.999962211 0.000136918 -1.956715703 -0.000767102 -0.000143585 0.999999642 73.364189148
0.999966264 0.008113656 0.001301581 1.400068641 -0.008113109 0.999966919 -0.000426087 -1.963001132 -0.001304995 0.000415513 0.999999046 73.930137634
0.999948144 0.010030603 0.001761653 1.405523300 -0.010030407 0.999949694 -0.000118759 -1.983288527 -0.001762756 0.000101082 0.999998450 74.485847473
0.999956489 0.009256629 0.001114014 1.427529216 -0.009256105 0.999957025 -0.000474549 -1.995367765 -0.001118359 0.000464217 0.999999225 75.008262634
0.999965131 0.008333231 0.000553235 1.447974443 -0.008332626 0.999964714 -0.001085126 -2.005784273 -0.000562258 0.001080478 0.999999225 75.555931091
0.999968052 0.007987866 0.000016876 1.464061856 -0.007987843 0.999967515 -0.001076472 -2.023026466 -0.000025474 0.001076303 0.999999344 76.083099365
0.999968052 0.007985462 0.000352947 1.467768312 -0.007985067 0.999967515 -0.001101360 -2.041347265 -0.000361730 0.001098506 0.999999344 76.630523682
0.999970853 0.007619097 0.000322052 1.492769718 -0.007618906 0.999970794 -0.000592301 -2.067688704 -0.000326555 0.000589830 0.999999762 77.177749634
0.999938309 0.010896840 0.002116082 1.476182461 -0.010896032 0.999940574 -0.000392651 -2.082629681 -0.002120234 0.000369570 0.999997675 77.736602783
0.999966979 0.008045902 0.001115797 1.496187568 -0.008044311 0.999966562 -0.001422893 -2.091536522 -0.001127208 0.001413870 0.999998331 78.254714966
0.999956608 0.009179972 0.001572700 1.502582550 -0.009178563 0.999957442 -0.000902327 -2.110736847 -0.001580916 0.000887853 0.999998331 78.803825378
0.999944627 0.010254470 0.002354005 1.509196997 -0.010252729 0.999947071 -0.000750212 -2.121257782 -0.002361573 0.000726036 0.999996960 79.366119385
0.999961138 0.008715458 0.001349861 1.532027721 -0.008713392 0.999960840 -0.001528996 -2.133402348 -0.001363134 0.001517175 0.999997854 79.887451172
0.999961853 0.008658197 0.001266066 1.554075480 -0.008656371 0.999961495 -0.001439037 -2.160972357 -0.001278477 0.001428022 0.999998093 80.441299438
0.999957740 0.008933075 0.002151839 1.570405841 -0.008930570 0.999959409 -0.001170820 -2.173061371 -0.002162211 0.001151553 0.999996960 80.988601685
0.999935567 0.010326361 0.004715492 1.565036297 -0.010322871 0.999946356 -0.000763669 -2.193612337 -0.004723125 0.000714943 0.999988616 81.546531677
0.999947786 0.008721114 0.005329651 1.586140990 -0.008713001 0.999960840 -0.001543407 -2.206797361 -0.005342903 0.001496889 0.999984622 82.082824707
0.999939382 0.008828325 0.006567577 1.600184679 -0.008817502 0.999959707 -0.001674858 -2.223752022 -0.006582098 0.001616847 0.999977052 82.631271362
0.999895930 0.009880336 0.010512798 1.612090111 -0.009863641 0.999950111 -0.001638680 -2.239415884 -0.010528465 0.001534815 0.999943376 83.180923462
0.999858081 0.009798237 0.013698102 1.643896699 -0.009794620 0.999951899 -0.000331113 -2.265629530 -0.013700687 0.000196899 0.999906123 83.702003479
0.999828219 0.008486941 0.016475741 1.671429753 -0.008461244 0.999962866 -0.001628835 -2.277569532 -0.016488954 0.001489150 0.999862850 84.239906311
0.999715924 0.009379402 0.021912307 1.690101504 -0.009353124 0.999955416 -0.001301523 -2.298409939 -0.021923538 0.001096205 0.999759078 84.785591125
0.999577224 0.009102938 0.027613070 1.722952366 -0.009057304 0.999957502 -0.001777215 -2.311009407 -0.027628072 0.001526364 0.999617100 85.331115723
0.999364495 0.009595567 0.034329876 1.742369533 -0.009537760 0.999952734 -0.001847229 -2.326954126 -0.034345992 0.001518625 0.999408782 85.878875732
0.999156535 0.009300672 0.039996095 1.786054850 -0.009213205 0.999954760 -0.002370632 -2.341750383 -0.040016331 0.002000140 0.999197125 86.420806885
0.998758674 0.009330161 0.048927873 1.817527294 -0.009217541 0.999954283 -0.002526881 -2.353496075 -0.048949212 0.002072750 0.998799145 86.981483459
0.998346329 0.009434842 0.056705896 1.867070913 -0.009287110 0.999952734 -0.002868179 -2.366624117 -0.056730274 0.002336802 0.998386741 87.517936707
0.997887909 0.009181135 0.064307310 1.911816835 -0.009010564 0.999955058 -0.002941972 -2.381373644 -0.064331420 0.002356313 0.997925758 88.050704956
0.997271299 0.008769202 0.073300064 1.970506191 -0.008572546 0.999958754 -0.002997089 -2.395067692 -0.073323309 0.002360542 0.997305572 88.585624695
0.996478260 0.008804344 0.083388075 2.033747673 -0.008561431 0.999957979 -0.003270145 -2.411989927 -0.083413355 0.002544707 0.996511757 89.114616394
0.995727301 0.008327239 0.091965683 2.103526115 -0.008033558 0.999961376 -0.003563110 -2.426054716 -0.091991805 0.002809074 0.995755732 89.647636414
0.994968414 0.008671838 0.099813126 2.171799660 -0.008364609 0.999958932 -0.003496139 -2.444298267 -0.099839345 0.002643650 0.995000064 90.189750671
0.993823588 0.008357471 0.110655636 2.249722958 -0.007956311 0.999960005 -0.004066369 -2.453066111 -0.110685185 0.003160842 0.993850589 90.728836060
0.992573440 0.008588880 0.121343344 2.336737633 -0.008182593 0.999959111 -0.003846156 -2.472093582 -0.121371403 0.002824688 0.992603242 91.269378662
0.991479218 0.008160412 0.130008921 2.428756714 -0.007700858 0.999962211 -0.004037134 -2.489404917 -0.130036950 0.003001555 0.991504610 91.814918518
0.989941359 0.008298752 0.141234756 2.525122643 -0.007787304 0.999960959 -0.004173559 -2.503072023 -0.141263887 0.003031741 0.989967346 92.353942871
0.988203347 0.007825864 0.152947381 2.639639854 -0.007248028 0.999964356 -0.004335231 -2.518587112 -0.152975827 0.003175524 0.988224745 92.912712097
0.986409247 0.007559975 0.164133132 2.741964340 -0.007002139 0.999967515 -0.003976974 -2.540752888 -0.164157897 0.002773640 0.986430168 93.442802429
0.984690964 0.007224704 0.174159512 2.855745316 -0.006634666 0.999970257 -0.003969885 -2.556390285 -0.174182996 0.002753621 0.984709442 93.964607239
0.982326567 0.007087974 0.187040970 2.979635239 -0.006376229 0.999969959 -0.004406644 -2.573389053 -0.187066615 0.003136148 0.982342243 94.487724304
0.979963005 0.006717352 0.199066058 3.119964600 -0.005938498 0.999972165 -0.004509349 -2.583768606 -0.199090809 0.003236842 0.979975700 95.030525208
0.977761447 0.006467939 0.209620491 3.245262146 -0.005660427 0.999974072 -0.004451978 -2.602256060 -0.209643841 0.003166431 0.977772713 95.565200806
0.974779129 0.007069073 0.223059699 3.386608124 -0.006294079 0.999971449 -0.004185133 -2.630175114 -0.223082900 0.002675625 0.974795818 96.091278076
0.971579313 0.006718795 0.236618832 3.535865784 -0.005887477 0.999973774 -0.004219729 -2.641998768 -0.236640990 0.002706713 0.971593320 96.622192383
0.968842804 0.006729656 0.247584864 3.687631607 -0.005989506 0.999975145 -0.003742546 -2.667691708 -0.247603878 0.002143027 0.968858957 97.145317078
0.965717137 0.006129925 0.259523988 3.855566025 -0.005386718 0.999979079 -0.003574820 -2.686326742 -0.259540528 0.002054282 0.965729952 97.643646240
0.962112069 0.006217530 0.272583395 4.037071228 -0.005284962 0.999977410 -0.004155288 -2.699238062 -0.272603065 0.002557260 0.962123096 98.170692444
0.958275020 0.006136423 0.285782307 4.192178726 -0.005164877 0.999978065 -0.004153220 -2.722267151 -0.285801470 0.002503897 0.958285570 98.675056458
0.954895377 0.005860308 0.296884567 4.381172180 -0.004718669 0.999978483 -0.004561865 -2.728314161 -0.296904892 0.002955205 0.954902470 99.194000244
0.950477540 0.004901768 0.310754657 4.565958023 -0.003872949 0.999984801 -0.003927670 -2.757781267 -0.310769200 0.002529625 0.950482070 99.702018738
0.946022689 0.006015359 0.324044645 4.769702911 -0.004787420 0.999977946 -0.004586466 -2.764301300 -0.324065119 0.002787562 0.946030676 100.211936951
0.941875517 0.005593779 0.335915297 4.959390640 -0.004394892 0.999980986 -0.004329159 -2.784923077 -0.335933179 0.002601217 0.941882193 100.722068787
0.936962962 0.005959319 0.349377692 5.170690536 -0.004437107 0.999976873 -0.005157101 -2.797023058 -0.349400312 0.003281786 0.936967790 101.242797852
0.931992948 0.004618707 0.362446964 5.395393372 -0.003025892 0.999983251 -0.004962158 -2.815602303 -0.362463772 0.003527971 0.931991160 101.730506897
0.927041292 0.004662729 0.374930143 5.608564377 -0.003365823 0.999985874 -0.004113850 -2.847695827 -0.374943942 0.002551761 0.927043974 102.202743530
0.922204435 0.004474222 0.386676669 5.837625504 -0.002696216 0.999983132 -0.005140429 -2.855669022 -0.386693120 0.003697963 0.922201037 102.712554932
0.916544795 0.003858831 0.399913698 6.081005096 -0.002149213 0.999986529 -0.004723343 -2.870530844 -0.399926603 0.003469654 0.916540623 103.183746338
0.910638928 0.003633833 0.413187057 6.324268341 -0.001942137 0.999987900 -0.004514187 -2.885799646 -0.413198471 0.003308328 0.910634995 103.670333862
0.905739605 0.002229144 0.423828781 6.581932068 -0.000131814 0.999987602 -0.004977783 -2.891309023 -0.423834652 0.004452709 0.905728638 104.157318115
0.899439633 0.002215168 0.437039316 6.843524933 -0.000024746 0.999987423 -0.005017587 -2.912307262 -0.437044948 0.004502202 0.899428368 104.650108337
0.892611325 0.002529724 0.450819939 7.109035492 -0.000508610 0.999989271 -0.004604290 -2.951815367 -0.450826794 0.003880549 0.892603040 105.089416504
0.886662483 0.002006035 0.462412804 7.398296356 -0.000039349 0.999990940 -0.004262700 -2.972807884 -0.462417156 0.003761380 0.886654496 105.597778320
0.881252706 0.001992123 0.472641200 7.676849365 0.000239637 0.999989092 -0.004661638 -2.988752842 -0.472645342 0.004221343 0.881242633 106.063865662
0.873719633 0.001145243 0.486428529 7.964210510 0.001008406 0.999990761 -0.004165662 -3.013632774 -0.486428827 0.004130138 0.873710454 106.528015137
