1.000000000 0.000000000 0.000000000 0.000000000 0.000000000 1.000000000 0.000000000 0.000000000 0.000000000 0.000000000 1.000000000 0.000000000
1.000000000 0.000126018 0.000102368 -0.003003454 -0.000126006 1.000000000 -0.000109315 0.003211926 -0.000102381 0.000109302 1.000000000 0.005007113
1.000000000 0.000138154 0.000050843 -0.002110668 -0.000138150 1.000000000 -0.000082036 0.001689622 -0.000050855 0.000082029 1.000000000 0.001256807
0.999999940 0.000336244 0.000097040 -0.000376331 -0.000336236 0.999999940 -0.000082502 0.002520939 -0.000097068 0.000082469 1.000000000 -0.002127352
1.000000000 0.000109349 -0.000007624 0.002910269 -0.000109349 1.000000000 -0.000082832 0.001902121 0.000007615 0.000082833 1.000000000 -0.001810619
1.000000000 0.000034047 -0.000075220 0.001707418 -0.000034046 1.000000000 0.000012396 0.001601546 0.000075220 -0.000012393 1.000000000 -0.003363344
1.000000000 0.000125939 0.000067209 -0.001756965 -0.000125932 1.000000000 -0.000106284 0.002493119 -0.000067222 0.000106275 1.000000000 -0.001002586
1.000000000 0.000026658 -0.000028407 0.000197413 -0.000026659 1.000000000 -0.000018921 0.002083913 0.000028406 0.000018922 1.000000000 -0.002485247
1.000000000 0.000114741 0.000141180 -0.005580054 -0.000114726 1.000000000 -0.000110105 0.003274741 -0.000141192 0.000110089 1.000000000 0.003318120
0.999999940 0.000240936 0.000193973 -0.004594581 -0.000240906 0.999999940 -0.000151234 0.002329328 -0.000194009 0.000151187 0.999999940 -0.000739994
0.999999940 0.000236449 0.000105671 -0.000139946 -0.000236441 0.999999940 -0.000073244 0.001694661 -0.000105688 0.000073219 1.000000000 -0.004664312
1.000000000 0.000120071 0.000073466 -0.001695119 -0.000120067 1.000000000 -0.000051990 0.002123207 -0.000073473 0.000051982 1.000000000 -0.002522271
1.000000000 0.000045538 0.000047595 -0.004343452 -0.000045535 1.000000000 -0.000062075 0.000244390 -0.000047598 0.000062073 1.000000000 -0.003487200
1.000000000 0.000006558 0.000084520 -0.003228421 -0.000006551 1.000000000 -0.000074600 0.000312948 -0.000084521 0.000074600 1.000000000 -0.001832988
1.000000000 0.000077998 0.000033346 -0.000331732 -0.000077995 1.000000000 -0.000076768 0.001418474 -0.000033352 0.000076766 1.000000000 -0.004170368
1.000000000 -0.000168080 -0.000156230 0.002501767 0.000168081 1.000000000 0.000003669 0.000843073 0.000156229 -0.000003695 1.000000000 -0.006794988
1.000000000 -0.000037124 0.000027477 -0.002629679 0.000037127 1.000000000 -0.000132066 0.001141715 -0.000027472 0.000132067 1.000000000 -0.004553866
1.000000000 -0.000051907 0.000041923 -0.000266148 0.000051907 1.000000000 0.000006508 0.000048756 -0.000041924 -0.000006506 1.000000000 -0.006133687
1.000000000 -0.000029287 -0.000046590 0.000490339 0.000029287 1.000000000 -0.000006270 0.001472996 0.000046590 0.000006268 1.000000000 -0.006946601
1.000000000 -0.000134005 -0.000038346 -0.001168219 0.000134005 1.000000000 0.000009509 -0.000624109 0.000038344 -0.000009514 1.000000000 -0.007473164
1.000000000 -0.000057712 -0.000013369 -0.000221639 0.000057712 1.000000000 -0.000025851 0.000573077 0.000013371 0.000025850 1.000000000 -0.008235548
1.000000000 -0.000163622 -0.000039426 0.000863995 0.000163623 1.000000000 0.000031621 -0.000870180 0.000039421 -0.000031628 1.000000000 -0.004539623
1.000000000 0.000132027 0.000111985 -0.005446064 -0.000132009 1.000000000 -0.000161168 0.002335463 -0.000112006 0.000161153 1.000000000 0.002806972
1.000000000 -0.000103983 -0.000057685 0.001132109 0.000103978 1.000000000 -0.000087975 0.000448054 0.000057694 0.000087969 1.000000000 -0.001972339
1.000000000 -0.000006380 0.000018864 -0.001522974 0.000006380 1.000000000 -0.000041672 0.002024061 -0.000018863 0.000041672 1.000000000 0.000807228
1.000000000 0.000003845 -0.000047718 0.002362663 -0.000003851 1.000000000 -0.000115275 0.003516418 0.000047717 0.000115275 1.000000000 -0.006794985
1.000000000 -0.000093879 0.000052838 -0.002063025 0.000093883 1.000000000 -0.000088619 0.002634356 -0.000052830 0.000088624 1.000000000 -0.003947624
1.000000000 0.000165245 0.000159994 -0.003973367 -0.000165215 0.999999940 -0.000191335 0.002684651 -0.000160026 0.000191309 0.999999940 -0.001537278
1.000000000 0.000060117 0.000099399 -0.003919983 -0.000060114 1.000000000 -0.000029338 0.002132059 -0.000099401 0.000029332 1.000000000 0.000318147
1.000000000 -0.000200106 0.000008045 -0.003989496 0.000200106 1.000000000 -0.000069325 0.004938652 -0.000008032 0.000069326 1.000000000 0.001915234
1.000000000 0.000059422 0.000061031 -0.004125137 -0.000059420 1.000000000 -0.000036936 0.002121779 -0.000061033 0.000036932 1.000000000 0.000663133
1.000000000 0.000007348 0.000067856 -0.003792869 -0.000007353 1.000000000 0.000077923 0.001048573 -0.000067855 -0.000077923 1.000000000 0.000847127
1.000000000 -0.000183072 0.000046882 -0.004356651 0.000183073 1.000000000 -0.000017103 0.001695086 -0.000046879 0.000017112 1.000000000 -0.001891957
1.000000000 -0.000176066 -0.000003280 -0.002483893 0.000176066 1.000000000 0.000017050 0.002216488 0.000003277 -0.000017051 1.000000000 -0.003335756
1.000000000 0.000095782 0.000029828 -0.002957722 -0.000095779 1.000000000 -0.000089025 0.001141524 -0.000029836 0.000089023 1.000000000 -0.000070748
1.000000000 0.000077836 0.000164681 -0.004602919 -0.000077827 1.000000000 -0.000051996 0.001871403 -0.000164685 0.000051984 1.000000000 0.000393673
1.000000000 -0.000101398 -0.000116846 0.002498284 0.000101406 1.000000000 0.000065687 -0.000376096 0.000116840 -0.000065698 1.000000000 -0.011358424
1.000000000 -0.000012282 -0.000094397 0.000127468 0.000012265 1.000000000 -0.000178218 0.003630012 0.000094399 0.000178217 1.000000000 -0.002633776
1.000000000 -0.000071212 0.000066754 -0.003368531 0.000071212 1.000000000 -0.000000042 0.002074139 -0.000066754 0.000000046 1.000000000 -0.000376136
1.000000000 -0.000032265 -0.000091979 0.001068596 0.000032273 1.000000000 0.000083172 0.000278414 0.000091976 -0.000083175 1.000000000 -0.007922528
0.999999940 -0.000241346 -0.000138124 0.000660860 0.000241343 1.000000000 -0.000023132 -0.000417107 0.000138129 0.000023098 1.000000000 -0.001887949
1.000000000 -0.000082819 -0.000022652 0.002157854 0.000082805 0.999999821 -0.000605020 -0.004762317 0.000022702 0.000605018 0.999999821 0.049598698
1.000000000 0.000039633 0.000031499 0.000472098 -0.000039589 0.999999046 -0.001398513 -0.000968516 -0.000031554 0.001398511 0.999999046 0.147870228
1.000000000 -0.000080926 -0.000084866 0.005075729 0.000080802 0.999998927 -0.001463219 -0.009310973 0.000084984 0.001463213 0.999998927 0.262890875
0.999999940 -0.000262861 0.000015270 0.003937090 0.000262881 0.999999106 -0.001327820 -0.014221846 -0.000014921 0.001327824 0.999999106 0.393977255
1.000000000 -0.000099107 -0.000123996 0.006595921 0.000098966 0.999999344 -0.001137248 -0.018290225 0.000124109 0.001137236 0.999999344 0.535360396
0.999999940 -0.000186557 0.000218469 -0.001152050 0.000186774 0.999999464 -0.000993639 -0.032114606 -0.000218283 0.000993680 0.999999464 0.693794072
0.999999940 -0.000384265 -0.000107561 0.019304773 0.000384188 0.999999642 -0.000713149 -0.031779490 0.000107835 0.000713108 0.999999762 0.851050258
0.999999881 -0.000316947 -0.000321899 0.025276452 0.000316773 0.999999821 -0.000540155 -0.037887625 0.000322070 0.000540053 0.999999821 1.033466220
0.999999940 -0.000282196 0.000028446 0.014966607 0.000282212 0.999999762 -0.000586293 -0.042642709 -0.000028280 0.000586301 0.999999821 1.217712879
0.999999881 -0.000363848 -0.000281100 0.036641300 0.000363732 0.999999821 -0.000412477 -0.048152264 0.000281250 0.000412375 0.999999881 1.420335531
0.999999285 -0.000658676 -0.000975122 0.049649309 0.000658829 0.999999762 0.000156903 -0.067313164 0.000975018 -0.000157545 0.999999523 1.589281321
0.999999046 -0.001137551 -0.000764124 0.049455959 0.001137803 0.999999285 0.000328791 -0.068583570 0.000763750 -0.000329660 0.999999642 1.794348598
0.999989450 0.000130705 0.004596445 -0.047228638 -0.000135105 0.999999523 0.000956992 -0.085555986 -0.004596318 -0.000957603 0.999988914 1.881908417
0.999988496 0.000500230 0.004775299 -0.042034775 -0.000502863 0.999999762 0.000550219 -0.090354934 -0.004775022 -0.000552614 0.999988437 2.106979609
0.999988437 0.000284444 0.004796894 -0.034122936 -0.000289323 0.999999583 0.001016479 -0.100632578 -0.004796602 -0.001017855 0.999987900 2.311865330
0.999988079 0.000539129 0.004843626 -0.027662609 -0.000544592 0.999999225 0.001126609 -0.112930872 -0.004843014 -0.001129233 0.999987602 2.536075354
0.999985933 0.000609473 0.005251055 -0.025412966 -0.000615385 0.999999106 0.001124192 -0.116200224 -0.005250365 -0.001127408 0.999985576 2.769506693
0.999986887 0.000465696 0.005097099 -0.016028136 -0.000472487 0.999998927 0.001331323 -0.121574834 -0.005096473 -0.001333713 0.999986112 2.997714520
0.999986291 0.000838114 0.005166090 -0.006952647 -0.000844449 0.999998868 0.001224223 -0.126822069 -0.005165058 -0.001228568 0.999985874 3.249002934
0.999984026 0.001195077 0.005521350 -0.010791924 -0.001202624 0.999998331 0.001363871 -0.135132328 -0.005519710 -0.001370489 0.999983788 3.487633228
0.999984443 0.001030845 0.005482658 -0.000851464 -0.001038951 0.999998450 0.001475780 -0.143687308 -0.005481128 -0.001481453 0.999983847 3.742330551
0.999986589 0.000300348 0.005165466 0.008914531 -0.000309291 0.999998450 0.001730689 -0.158858865 -0.005164939 -0.001732264 0.999985099 3.982153177
0.999986470 0.000352732 0.005184719 0.014345828 -0.000364159 0.999997497 0.002203284 -0.169106230 -0.005183929 -0.002205142 0.999984145 4.231125832
0.999986470 0.000252941 0.005186584 0.026446432 -0.000263970 0.999997735 0.002126004 -0.175499111 -0.005186035 -0.002127344 0.999984324 4.504839420
0.999986470 0.000030104 0.005205463 0.033393200 -0.000041158 0.999997735 0.002123441 -0.182045475 -0.005205388 -0.002123626 0.999984205 4.749978065
0.999983490 0.000497889 0.005713136 0.030100046 -0.000509811 0.999997675 0.002085588 -0.194245949 -0.005712085 -0.002088466 0.999981463 5.001162529
0.999984801 0.000542596 0.005483538 0.033248208 -0.000556885 0.999996483 0.002604559 -0.208483577 -0.005482106 -0.002607574 0.999981582 5.270217419
0.999982655 0.000461617 0.005865698 0.032646451 -0.000475875 0.999996901 0.002429502 -0.213669628 -0.005864559 -0.002432251 0.999979854 5.503672600
0.999984145 0.000522369 0.005613781 0.045189269 -0.000537822 0.999996066 0.002751532 -0.228147671 -0.005612321 -0.002754508 0.999980450 5.781895161
0.999984324 -0.000122237 0.005596205 0.051479015 0.000107964 0.999996722 0.002550745 -0.234068900 -0.005596498 -0.002550101 0.999981105 6.046591282
0.999983132 0.000080033 0.005813833 0.055703484 -0.000096361 0.999996006 0.002808273 -0.244082749 -0.005813586 -0.002808786 0.999979198 6.325315475
0.999983609 -0.000086776 0.005723306 0.064714357 0.000071613 0.999996483 0.002649590 -0.252977788 -0.005723516 -0.002649137 0.999980152 6.613516808
0.999985516 -0.000426631 0.005364824 0.075809389 0.000411895 0.999996185 0.002747640 -0.254708827 -0.005365976 -0.002745391 0.999981880 6.910136700
0.999984205 -0.000752961 0.005573947 0.089688212 0.000736331 0.999995232 0.002984930 -0.268959492 -0.005576169 -0.002980779 0.999980092 7.207690239
0.999985576 -0.000217389 0.005370601 0.092222214 0.000201627 0.999995649 0.002935268 -0.292335987 -0.005371216 -0.002934143 0.999981284 7.531036377
0.999986351 -0.000179580 0.005222735 0.107793488 0.000162332 0.999994516 0.003302641 -0.305919796 -0.005223300 -0.003301748 0.999980867 7.851351261
0.999985397 -0.000595642 0.005369989 0.102849737 0.000578611 0.999994755 0.003172514 -0.314258009 -0.005371850 -0.003169361 0.999980569 8.173647881
0.999987006 -0.001117253 0.004997005 0.120005712 0.001101053 0.999994159 0.003243563 -0.319931746 -0.005000600 -0.003238018 0.999982178 8.503072739
0.999982297 0.000184405 0.005937037 0.103561148 -0.000202542 0.999995291 0.003054431 -0.319778264 -0.005936446 -0.003055579 0.999977708 8.862292290
0.999984384 -0.000690916 0.005536231 0.135258332 0.000672923 0.999994397 0.003251339 -0.331915826 -0.005538447 -0.003247563 0.999979377 9.173010826
0.999983668 -0.001146168 0.005602580 0.138982683 0.001128371 0.999994338 0.003178853 -0.349108309 -0.005606192 -0.003172479 0.999979258 9.516036034
0.999984622 -0.000731765 0.005493804 0.151651293 0.000714563 0.999994814 0.003132477 -0.361770213 -0.005496068 -0.003128503 0.999979973 9.859789848
0.999982417 -0.000150734 0.005938192 0.146323830 0.000131527 0.999994814 0.003234767 -0.375018716 -0.005938649 -0.003233929 0.999977112 10.230431557
0.999985218 -0.001095446 0.005331228 0.165373281 0.001077865 0.999994040 0.003299615 -0.380287766 -0.005334811 -0.003293819 0.999980390 10.611423492
0.999985218 -0.000647668 0.005415081 0.174947679 0.000629289 0.999993980 0.003395159 -0.384555668 -0.005417248 -0.003391701 0.999979556 11.007658958
0.999980032 -0.000182902 0.006315536 0.167194143 0.000156669 0.999991357 0.004153870 -0.432090819 -0.006316242 -0.004152797 0.999971449 11.319744110
0.999981701 -0.000988856 0.005963964 0.181637138 0.000965149 0.999991655 0.003976724 -0.438156694 -0.005967847 -0.003970895 0.999974370 11.712105751
0.999980807 -0.000390825 0.006181549 0.199042648 0.000365516 0.999991536 0.004094922 -0.451010466 -0.006183098 -0.004092584 0.999972522 12.072535515
0.999976695 0.000101208 0.006829164 0.186553165 -0.000132011 0.999989927 0.004510249 -0.463632375 -0.006828639 -0.004511046 0.999966502 12.445554733
0.999975920 0.000349220 0.006925176 0.214764655 -0.000381801 0.999988854 0.004703976 -0.472080618 -0.006923456 -0.004706507 0.999964952 12.863705635
0.999977648 0.000089298 0.006684541 0.226340875 -0.000122427 0.999987721 0.004955847 -0.484696448 -0.006684017 -0.004956554 0.999965370 13.246711731
0.999973476 0.000618415 0.007247559 0.226805404 -0.000655612 0.999986649 0.005131092 -0.528988957 -0.007244288 -0.005135708 0.999960601 13.634744644
0.999973655 0.000362088 0.007243585 0.240278065 -0.000401086 0.999985516 0.005382966 -0.539074957 -0.007241530 -0.005385729 0.999959350 14.050316811
0.999972999 0.000088391 0.007346139 0.252144009 -0.000129107 0.999984682 0.005542157 -0.556653976 -0.007345536 -0.005542956 0.999957681 14.485218048
0.999971151 0.000006085 0.007585707 0.259630471 -0.000054530 0.999979615 0.006386074 -0.569971979 -0.007585513 -0.006386304 0.999950826 14.883025169
0.999966443 -0.000108052 0.008181465 0.271754861 0.000056785 0.999980390 0.006266177 -0.580137253 -0.008181982 -0.006265502 0.999946892 15.292009354
0.999964595 -0.000553821 0.008397171 0.304517448 0.000495576 0.999975801 0.006936799 -0.643482506 -0.008400810 -0.006932391 0.999940693 15.738456726
0.999965072 -0.000899428 0.008316693 0.324371427 0.000839961 0.999974132 0.007150996 -0.651405096 -0.008322909 -0.007143761 0.999939859 16.179836273
0.999963403 -0.000766164 0.008519298 0.330570281 0.000703689 0.999972880 0.007333958 -0.667804003 -0.008524685 -0.007327693 0.999936879 16.606107712
0.999959469 -0.000622598 0.008981968 0.340632558 0.000556047 0.999972403 0.007409947 -0.675909400 -0.008986333 -0.007404652 0.999932230 17.079771042
0.999956965 -0.000545382 0.009260749 0.354881883 0.000478180 0.999973536 0.007257330 -0.680173159 -0.009264463 -0.007252589 0.999930799 17.523717880
0.999948084 0.000312613 0.010182294 0.360756725 -0.000389425 0.999971390 0.007542517 -0.709309101 -0.010179645 -0.007546091 0.999919713 17.930335999
0.999947786 -0.000537650 0.010199357 0.382008433 0.000463693 0.999973595 0.007252125 -0.716702700 -0.010202985 -0.007247017 0.999921679 18.403408051
0.999948561 -0.000315876 0.010129585 0.400826156 0.000236932 0.999969542 0.007793667 -0.730310142 -0.010131738 -0.007790867 0.999918342 18.873209000
0.999947011 -0.000187835 0.010290583 0.413638055 0.000103516 0.999966383 0.008193664 -0.744433105 -0.010291777 -0.008192164 0.999913454 19.332916260
0.999940038 0.000942929 0.010908606 0.414488554 -0.001034574 0.999964178 0.008398572 -0.768025219 -0.010900296 -0.008409355 0.999905229 19.815340042
0.999946177 0.000463495 0.010364913 0.445975274 -0.000551138 0.999964118 0.008454543 -0.791320920 -0.010360624 -0.008459801 0.999910474 20.281017303
0.999948919 0.000387182 0.010102238 0.459784716 -0.000470848 0.999965668 0.008280884 -0.802635908 -0.010098684 -0.008285219 0.999914646 20.783075333
0.999955177 0.000654040 0.009445000 0.489560992 -0.000736024 0.999961972 0.008679290 -0.828758478 -0.009438965 -0.008685852 0.999917686 21.295627594
0.999956071 0.000336014 0.009372134 0.500390410 -0.000414839 0.999964535 0.008409861 -0.834619999 -0.009368978 -0.008413378 0.999920666 21.804027557
0.999962270 -0.000360208 0.008678057 0.539960384 0.000283428 0.999960959 0.008847173 -0.860708952 -0.008680903 -0.008844379 0.999923229 22.229007721
0.999964714 -0.000405542 0.008397500 0.541503727 0.000333225 0.999962926 0.008611323 -0.867589712 -0.008400680 -0.008608220 0.999927700 22.743907928
0.999966145 -0.000395274 0.008218297 0.551553905 0.000328149 0.999966562 0.008167546 -0.875446141 -0.008221249 -0.008164573 0.999932885 23.294420242
0.999969125 -0.001269069 0.007744356 0.560005188 0.001207457 0.999967694 0.007955205 -0.886567056 -0.007754200 -0.007945610 0.999938369 23.844976425
0.999977589 0.000038680 0.006696280 0.575097263 -0.000094720 0.999964952 0.008368783 -0.901013374 -0.006695722 -0.008369231 0.999942482 24.290239334
0.999980688 -0.000306464 0.006206139 0.588119149 0.000251284 0.999960423 0.008890016 -0.908725500 -0.006208617 -0.008888286 0.999941170 24.835365295
0.999988079 -0.000273894 0.004883767 0.601867318 0.000229401 0.999958396 0.009108741 -0.915254772 -0.004886059 -0.009107511 0.999946594 25.394466400
0.999988198 -0.000386417 0.004841516 0.606017709 0.000342248 0.999958336 0.009120489 -0.928091645 -0.004844839 -0.009118726 0.999946654 25.932287216
0.999985814 -0.000726763 0.005274488 0.608850956 0.000677326 0.999956012 0.009368629 -0.952110887 -0.005281064 -0.009364927 0.999942183 26.458938599
0.999986708 -0.000896201 0.005071672 0.620186627 0.000846255 0.999951243 0.009841530 -0.972457469 -0.005080244 -0.009837109 0.999938786 26.998800278
0.999987543 0.000626816 0.004957503 0.626206875 -0.000675797 0.999950945 0.009884533 -0.987443566 -0.004951064 -0.009887761 0.999938846 27.569396973
0.999991834 -0.000765488 0.003991270 0.643372297 0.000728631 0.999957144 0.009227799 -0.986324668 -0.003998163 -0.009224815 0.999949396 28.104173660
0.999991000 -0.000526482 0.004210383 0.663785100 0.000482968 0.999946475 0.010329346 -1.014321923 -0.004215596 -0.010327221 0.999937773 28.583496094
0.999992490 -0.000642682 0.003832517 0.680962443 0.000603088 0.999946475 0.010323470 -1.027419806 -0.003838947 -0.010321082 0.999939382 29.131399155
0.999994636 -0.000043245 0.003285887 0.701046288 0.000010346 0.999949872 0.010011799 -1.029195070 -0.003286156 -0.010011709 0.999944448 29.691232681
0.999996424 0.000202190 0.002686669 0.738529623 -0.000231340 0.999941111 0.010853830 -1.068000317 -0.002684317 -0.010854412 0.999937475 30.225336075
0.999995708 0.000440387 0.002895673 0.757094085 -0.000473238 0.999935508 0.011353745 -1.086140275 -0.002890485 -0.011355066 0.999931335 30.801385880
0.999996364 0.000506126 0.002653397 0.735257447 -0.000536571 0.999933898 0.011485705 -1.138632894 -0.002647408 -0.011487087 0.999930501 31.312282562
0.999996245 0.000560805 0.002694609 0.748566985 -0.000592214 0.999931812 0.011669638 -1.153880239 -0.002687880 -0.011671191 0.999928296 31.850107193
0.999997377 0.000141351 0.002290303 0.761584640 -0.000167998 0.999932230 0.011638534 -1.159447432 -0.002288503 -0.011638890 0.999929667 32.369609833
0.999995589 0.001290385 0.002687495 0.751408994 -0.001321295 0.999932587 0.011531374 -1.175664544 -0.002672434 -0.011534875 0.999929905 32.907028198
0.999996245 0.000114408 0.002728557 0.774001539 -0.000146875 0.999929190 0.011901714 -1.190810084 -0.002727002 -0.011902071 0.999925375 33.392238617
0.999995410 0.000877177 0.002895875 0.786708176 -0.000913014 0.999922752 0.012397310 -1.203747511 -0.002884777 -0.012399896 0.999918938 33.933197021
0.999996483 0.000535481 0.002594708 0.788058877 -0.000566095 0.999930084 0.011812090 -1.210415244 -0.002588202 -0.011813516 0.999926805 34.425796509
0.999997377 -0.000080831 0.002240724 0.806498408 0.000053729 0.999926865 0.012092736 -1.228142381 -0.002241538 -0.012092585 0.999924302 35.027511597
0.999998033 -0.000315438 0.001970615 0.806542873 0.000290528 0.999920249 0.012627958 -1.252720356 -0.001974441 -0.012627361 0.999918342 35.579715729
0.999996901 0.000180723 0.002488880 0.829386950 -0.000212628 0.999917746 0.012824853 -1.268554449 -0.002486356 -0.012825342 0.999914646 36.060977936
0.999997318 0.000173904 0.002331500 0.844457924 -0.000203830 0.999917507 0.012841648 -1.278943300 -0.002329074 -0.012842089 0.999914825 36.625255585
0.999997735 -0.000096506 0.002140667 0.863604248 0.000069468 0.999920309 0.012626959 -1.277615428 -0.002141715 -0.012626781 0.999917984 37.168163300
0.999998271 -0.000276500 0.001821371 0.879720867 0.000253458 0.999920130 0.012639028 -1.287654161 -0.001824720 -0.012638545 0.999918461 37.712261200
0.999997675 -0.000905522 0.001966594 0.877926826 0.000879423 0.999912024 0.013232099 -1.307730317 -0.001978402 -0.013230338 0.999910474 38.245506287
0.999998510 -0.001216113 0.001187136 0.898061574 0.001199538 0.999903142 0.013863865 -1.332406521 -0.001203880 -0.013862422 0.999903142 38.792499542
0.999997318 -0.002103390 0.001063782 0.954668939 0.002086943 0.999881744 0.015233781 -1.410833478 -0.001095700 -0.015231518 0.999883413 39.292690277
0.999995232 -0.002893808 0.001061925 0.967756510 0.002876829 0.999873221 0.015656170 -1.428368568 -0.001107097 -0.015653040 0.999876916 39.839302063
0.999998391 -0.001593974 0.000782479 0.987662852 0.001582130 0.999887645 0.014909088 -1.422882318 -0.000806155 -0.014907828 0.999888539 40.387783051
0.999998450 -0.001585173 0.000811620 1.001737833 0.001572954 0.999888599 0.014840734 -1.428214073 -0.000835056 -0.014839433 0.999889553 40.940052032
0.999997199 -0.002168976 0.000974193 1.010584712 0.002154504 0.999890804 0.014618118 -1.435151815 -0.001005793 -0.014615980 0.999892652 41.475246429
0.999996960 -0.002163379 0.001105602 1.031342387 0.002146498 0.999884486 0.015048007 -1.444521189 -0.001138029 -0.015045589 0.999886155 42.041973114
0.999999106 -0.000786133 0.001066189 1.034399629 0.000770536 0.999893785 0.014551488 -1.424820542 -0.001077515 -0.014550653 0.999893486 42.579860687
0.999999166 -0.000774590 0.000995169 1.045315027 0.000759665 0.999888539 0.014911759 -1.453409672 -0.001006609 -0.014910990 0.999888361 43.131160736
0.999998093 -0.001470048 0.001248831 1.052192330 0.001449886 0.999871016 0.015994303 -1.480711222 -0.001272183 -0.015992463 0.999871314 43.613666534
0.999997675 -0.001759019 0.001266533 1.068257570 0.001738698 0.999872446 0.015871361 -1.480093002 -0.001294289 -0.015869122 0.999873221 44.178771973
0.999998271 -0.001685117 0.000837380 1.107758164 0.001672454 0.999887526 0.014900713 -1.469698668 -0.000862394 -0.014899286 0.999888659 44.753540039
0.999997735 -0.001712688 0.001207318 1.089687228 0.001693710 0.999877691 0.015548815 -1.500066161 -0.001233801 -0.015546737 0.999878347 45.277774811
0.999998093 -0.001584488 0.001118053 1.107116103 0.001567283 0.999882936 0.015224543 -1.504640460 -0.001142046 -0.015222762 0.999883473 45.830566406
0.999998093 -0.001129646 0.001574079 1.103086591 0.001105235 0.999880433 0.015424154 -1.518661737 -0.001591315 -0.015422385 0.999879777 46.391357422
0.999998391 -0.001070506 0.001389873 1.112915874 0.001048638 0.999877095 0.015640672 -1.528585672 -0.001406446 -0.015639191 0.999876738 46.928909302
0.999998569 -0.001193950 0.001169930 1.143989682 0.001175088 0.999871373 0.015991487 -1.549627781 -0.001188874 -0.015990088 0.999871433 47.453983307
0.999998510 -0.001200455 0.001276439 1.158288956 0.001180060 0.999873459 0.015860604 -1.560329437 -0.001295318 -0.015859075 0.999873340 48.000190735
0.999998450 -0.001405115 0.001127657 1.170458078 0.001386601 0.999866903 0.016253365 -1.571424484 -0.001150345 -0.016251776 0.999867260 48.539325714
0.999998808 -0.000404692 0.001533349 1.179847360 0.000379728 0.999867976 0.016246889 -1.574104071 -0.001539721 -0.016246285 0.999866843 49.113410950
0.999997675 -0.000699351 0.002056813 1.176861525 0.000665157 0.999862373 0.016578648 -1.583745241 -0.002068123 -0.016577240 0.999860466 49.680271149
0.999997914 -0.000889721 0.001848239 1.185650826 0.000859387 0.999865949 0.016349375 -1.593805671 -0.001862537 -0.016347751 0.999864757 50.192276001
0.999998212 -0.000614238 0.001792100 1.203626156 0.000585646 0.999873221 0.015911838 -1.596661091 -0.001801645 -0.015910763 0.999871850 50.736930847
0.999998510 -0.001334669 0.001112302 1.227945685 0.001316497 0.999868214 0.016181586 -1.604380369 -0.001133753 -0.016180100 0.999868512 51.280643463
0.999998271 -0.001274111 0.001391813 1.242929339 0.001251275 0.999866486 0.016287081 -1.608894348 -0.001412379 -0.016285311 0.999866426 51.821586609
0.999997854 -0.001047458 0.001781693 1.226587772 0.001017357 0.999858141 0.016812507 -1.635221243 -0.001799049 -0.016810657 0.999857068 52.355770111
0.999997616 -0.000699867 0.002050668 1.230629206 0.000664958 0.999855638 0.016974531 -1.645551324 -0.002062251 -0.016973125 0.999853849 52.897708893
0.999997735 -0.001232820 0.001710834 1.241225839 0.001203455 0.999853790 0.017060451 -1.667084813 -0.001731616 -0.017058352 0.999853015 53.442459106
0.999998212 -0.000979022 0.001585880 1.253490925 0.000952634 0.999862492 0.016555497 -1.652913094 -0.001601870 -0.016553961 0.999861658 53.979930878
0.999996662 -0.001261092 0.002238670 1.255412817 0.001223704 0.999861062 0.016624479 -1.675368309 -0.002259324 -0.016621683 0.999859273 54.514274597
0.999997556 -0.001074852 0.001922493 1.281481743 0.001041958 0.999854386 0.017029777 -1.680304170 -0.001940518 -0.017027736 0.999853134 55.063091278
0.999998093 -0.000909213 0.001718342 1.294812560 0.000880023 0.999856532 0.016912647 -1.685388565 -0.001733473 -0.016911101 0.999855518 55.619945526
0.999996662 -0.000677738 0.002472056 1.300557375 0.000635174 0.999852240 0.017178658 -1.696062326 -0.002483333 -0.017177032 0.999849439 56.159767151
0.999997079 -0.000883901 0.002246137 1.324844360 0.000845798 0.999856651 0.016907992 -1.692124844 -0.002260761 -0.016906044 0.999854505 56.718379974
0.999996960 -0.000979873 0.002278184 1.326528072 0.000940862 0.999854028 0.017062403 -1.707304597 -0.002294571 -0.017060211 0.999851823 57.225791931
0.999995351 -0.002090164 0.002217531 1.331183076 0.002049706 0.999834239 0.018092418 -1.756972194 -0.002254979 -0.018087789 0.999833882 57.771709442
0.999995947 -0.001810948 0.002194637 1.344304442 0.001769936 0.999826491 0.018547611 -1.762288332 -0.002227844 -0.018543653 0.999825656 58.315620422
0.999995947 -0.002330626 0.001649483 1.359252453 0.002300988 0.999839902 0.017747438 -1.764563560 -0.001690582 -0.017743569 0.999841154 58.849414825
0.999992728 -0.003311823 0.001885312 1.375403523 0.003276872 0.999828100 0.018249340 -1.769693851 -0.001945427 -0.018243028 0.999831676 59.379234314
0.999996006 -0.001992731 0.002007507 1.386107683 0.001955977 0.999833524 0.018147210 -1.781805992 -0.002043333 -0.018143209 0.999833286 59.964778900
0.999994814 -0.002063387 0.002489309 1.400422215 0.002019638 0.999845743 0.017451268 -1.791085958 -0.002524934 -0.017446145 0.999844611 60.510868073
0.999995172 -0.002489198 0.001874787 1.419173241 0.002455909 0.999842882 0.017554661 -1.789910913 -0.001918189 -0.017549969 0.999844193 61.068099976
0.999995947 -0.002314229 0.001617467 1.430866599 0.002284046 0.999827743 0.018419838 -1.819244981 -0.001659816 -0.018416069 0.999829054 61.632957458
0.999992192 -0.003003162 0.002562315 1.427441597 0.002954470 0.999818921 0.018799784 -1.855419874 -0.002618312 -0.018792069 0.999819994 62.220474243
0.999992788 -0.002631287 0.002757712 1.438260317 0.002577829 0.999812067 0.019212132 -1.864631057 -0.002807749 -0.019204885 0.999811709 62.738204956
0.999991298 -0.003570283 0.002133156 1.446555853 0.003529442 0.999816120 0.018852429 -1.869538307 -0.002200072 -0.018844740 0.999820054 63.300640106
0.999990165 -0.003682517 0.002463978 1.469476938 0.003634325 0.999807417 0.019285452 -1.892490864 -0.002534521 -0.019276308 0.999810994 63.871665955
0.999989867 -0.003610283 0.002706741 1.465793014 0.003556774 0.999803126 0.019519418 -1.901061654 -0.002776679 -0.019509595 0.999805808 64.405052185
0.999990880 -0.003371341 0.002605299 1.491944909 0.003320301 0.999807119 0.019352658 -1.904539824 -0.002670038 -0.019343831 0.999809325 64.963409424
0.999991000 -0.002969444 0.003022259 1.528213978 0.002909650 0.999803662 0.019600114 -1.912183881 -0.003079865 -0.019591141 0.999803364 65.521560669
0.999987006 -0.003985073 0.003180928 1.504894614 0.003921243 0.999795854 0.019826230 -1.929008484 -0.003259287 -0.019813498 0.999798298 66.048385620
0.999989569 -0.003182829 0.003265938 1.511919975 0.003117906 0.999801219 0.019695282 -1.939622402 -0.003327976 -0.019684898 0.999800622 66.592666626
0.999988496 -0.003738401 0.002986702 1.530283689 0.003679105 0.999800682 0.019617822 -1.939653635 -0.003059449 -0.019606607 0.999803007 67.143699646
0.999989927 -0.002929423 0.003400345 1.529655218 0.002862196 0.999803543 0.019610006 -1.956629753 -0.003457125 -0.019600077 0.999801874 67.637321472
0.999979138 -0.005416421 0.003493787 1.541857958 0.005347868 0.999798656 0.019341091 -1.961134672 -0.003597843 -0.019322008 0.999806762 68.228057861
0.999981105 -0.004348375 0.004331208 1.529794693 0.004261154 0.999791920 0.019947471 -1.975566030 -0.004417044 -0.019928642 0.999791622 68.787460327
0.999983191 -0.004480181 0.003665190 1.572037935 0.004410832 0.999815106 0.018715141 -1.965154529 -0.003748359 -0.018698663 0.999818087 69.288314819
0.999983013 -0.004645396 0.003518968 1.588313341 0.004579290 0.999817133 0.018566318 -1.976307154 -0.003604572 -0.018549889 0.999821365 69.819679260
0.999979377 -0.004760238 0.004316741 1.581191540 0.004676589 0.999805033 0.019185038 -1.998554826 -0.004407224 -0.019164454 0.999806643 70.389274597
0.999980748 -0.004857400 0.003877898 1.614310980 0.004781574 0.999801755 0.019328937 -2.014692783 -0.003971018 -0.019310020 0.999805629 70.921852112
0.999980867 -0.004832190 0.003855236 1.628032327 0.004758397 0.999809623 0.018925903 -1.997616291 -0.003945954 -0.018907197 0.999813497 71.446563721
0.999979079 -0.005367721 0.003601063 1.647067547 0.005299687 0.999812186 0.018643597 -2.007542133 -0.003700461 -0.018624123 0.999819756 72.043113708
0.999974847 -0.006453614 0.002953995 1.665721178 0.006395611 0.999794483 0.019240908 -2.020116806 -0.003077561 -0.019221531 0.999810517 72.487953186
0.999970138 -0.006392901 0.004330760 1.641959429 0.006311864 0.999809384 0.018474305 -2.031354427 -0.004448039 -0.018446418 0.999819875 73.107666016
0.999970138 -0.006767740 0.003729424 1.660451531 0.006698407 0.999810100 0.018299920 -2.036804676 -0.003852566 -0.018274389 0.999825597 73.656509399
0.999963820 -0.007699248 0.003598922 1.681971788 0.007631626 0.999800861 0.018439731 -2.045216084 -0.003740176 -0.018411603 0.999823511 74.210868835
0.999971867 -0.005775191 0.004781584 1.683051705 0.005686326 0.999814570 0.018394429 -2.049095631 -0.004886927 -0.018366722 0.999819338 74.695465088
0.999963164 -0.007859282 0.003446284 1.706604481 0.007795541 0.999805152 0.018134996 -2.050796032 -0.003588140 -0.018107465 0.999829531 75.187240601
0.999950767 -0.008474423 0.005157567 1.655103445 0.008374156 0.999781311 0.019161148 -2.132940292 -0.005318821 -0.019117011 0.999803126 75.865623474
0.999950528 -0.008594159 0.005012361 1.671826482 0.008497856 0.999784708 0.018927736 -2.135647774 -0.005173950 -0.018884204 0.999808371 76.414924622
0.999947131 -0.009133182 0.004723226 1.703319788 0.009043700 0.999785423 0.018631399 -2.148311377 -0.004892378 -0.018587699 0.999815285 76.928443909
0.999944508 -0.009724157 0.004040411 1.726327896 0.009644086 0.999765456 0.019385591 -2.164024353 -0.004227972 -0.019345552 0.999804020 77.420997620
0.999922037 -0.009708796 0.007853341 1.668179274 0.009564726 0.999789000 0.018179154 -2.141718864 -0.008028185 -0.018102620 0.999803841 78.083328247
0.999924183 -0.009360587 0.007995747 1.681235552 0.009216610 0.999798000 0.017857635 -2.137823105 -0.008161291 -0.017782589 0.999808490 78.630393982
0.999933541 -0.007567122 0.008703021 1.684953213 0.007403652 0.999798417 0.018664263 -2.159568310 -0.008842501 -0.018598590 0.999787927 79.138832092
0.999923289 -0.009681098 0.007722241 1.710229158 0.009537385 0.999784648 0.018434972 -2.156324863 -0.007899047 -0.018359911 0.999800265 79.709548950
0.999837756 -0.015543143 0.009102560 1.642371058 0.015374711 0.999714494 0.018290389 -2.114557743 -0.009384250 -0.018147467 0.999791384 80.440986633
0.999827921 -0.015415872 0.010314877 1.656014919 0.015224986 0.999715984 0.018335357 -2.131308556 -0.010594602 -0.018175159 0.999778688 81.002975464
0.999810338 -0.015548274 0.011722891 1.661289930 0.015328626 0.999709427 0.018599294 -2.147673607 -0.012008671 -0.018416068 0.999758303 81.547393799
0.999800622 -0.015992139 0.011955512 1.677598238 0.015776042 0.999714255 0.017955977 -2.120885849 -0.012239251 -0.017763786 0.999767303 82.095565796
0.999715388 -0.016185967 0.017526651 1.739771605 0.015876267 0.999718010 0.017667366 -2.149508476 -0.017807672 -0.017384080 0.999690235 82.556205750
0.999660611 -0.015593432 0.020872008 1.768164754 0.015222358 0.999725401 0.017820908 -2.152946711 -0.021144165 -0.017497141 0.999623239 83.091590881
0.999586761 -0.016254812 0.023709819 1.799218655 0.015828615 0.999711812 0.018053817 -2.156964779 -0.023996446 -0.017671062 0.999555886 83.646682739
0.999477923 -0.016462171 0.027799284 1.825987816 0.015971346 0.999714315 0.017786667 -2.160497665 -0.028084146 -0.017333390 0.999455273 84.161315918
0.999312341 -0.014938394 0.033938054 1.878742456 0.014328736 0.999732852 0.018136622 -2.200828075 -0.034199920 -0.017637856 0.999259353 84.669937134
0.999076247 -0.015661212 0.040016130 1.902959228 0.014954377 0.999727964 0.017902410 -2.189699173 -0.040285610 -0.017287459 0.999038637 85.163101196
0.998726308 -0.016167102 0.047797531 1.954292297 0.015293268 0.999710202 0.018591577 -2.235156775 -0.048084259 -0.017836912 0.998683989 85.742950439
0.998279452 -0.016918080 0.056141756 2.014111280 0.015917189 0.999707162 0.018227492 -2.232396603 -0.056433693 -0.017302511 0.998256385 86.279533386
0.997783899 -0.016574724 0.064440861 2.071836710 0.015396030 0.999705732 0.018744906 -2.243364334 -0.064732596 -0.017711235 0.997745454 86.824340820
0.997318685 -0.016831411 0.071218170 2.121475220 0.015523514 0.999701202 0.018878521 -2.243722916 -0.071514644 -0.017722346 0.997282088 87.376548767
0.996675313 -0.017265122 0.079626247 2.196494579 0.015799632 0.999694705 0.018998094 -2.257623196 -0.079929940 -0.017676866 0.996643722 87.940719604
0.995816410 -0.018330513 0.089519329 2.292934418 0.016694607 0.999680281 0.018989066 -2.214012623 -0.089838788 -0.017415132 0.995804012 88.340568542
0.994918048 -0.017638035 0.099130444 2.329597950 0.015710093 0.999672592 0.020195670 -2.284616232 -0.099454194 -0.018535690 0.994869471 88.940269470
0.994101465 -0.018103918 0.106932051 2.410993099 0.016089963 0.999677062 0.019666841 -2.277275324 -0.107253581 -0.017830305 0.994071782 89.453285217
0.992685556 -0.018073497 0.119367659 2.563293457 0.015980694 0.999701679 0.018466504 -2.301568747 -0.119665809 -0.016423849 0.992678344 90.224166870
0.991416335 -0.018026147 0.129493341 2.665021896 0.015813036 0.999711156 0.018098539 -2.301645279 -0.129782170 -0.015895506 0.991415083 90.768287659
0.990118086 -0.018662628 0.138988987 2.752238274 0.016189450 0.999690175 0.018903524 -2.315070391 -0.139298707 -0.016466567 0.990113497 91.296257019
0.988549054 -0.017897576 0.149835050 2.860936165 0.015117231 0.999692142 0.019674610 -2.320895672 -0.150141045 -0.017184224 0.988515139 91.843795776
0.986397862 -0.018305300 0.163352624 2.966000557 0.015368462 0.999697208 0.019224275 -2.328938007 -0.163655058 -0.016452311 0.986380398 92.475036621
0.984519064 -0.018142674 0.174335837 3.085628510 0.015018596 0.999702454 0.019222550 -2.333599567 -0.174632698 -0.016306691 0.984498620 93.020500183
0.982811272 -0.019111872 0.183621317 3.210044861 0.015810393 0.999686301 0.019427175 -2.339178324 -0.183935001 -0.016190115 0.982805073 93.554977417
0.980406821 -0.019552587 0.196010903 3.332970619 0.015960189 0.999674797 0.019890482 -2.339498997 -0.196336061 -0.016372386 0.980399907 94.105926514
0.977911115 -0.019900985 0.208071575 3.480310440 0.016129252 0.999673784 0.019808155 -2.344643831 -0.208397865 -0.016014570 0.977912962 94.675910950
0.975574851 -0.020327367 0.218724757 3.612262726 0.016330985 0.999665439 0.020063864 -2.346066952 -0.219059393 -0.016001808 0.975580394 95.137626648
0.972287238 -0.018145353 0.233084664 3.745563507 0.013676913 0.999690652 0.020772953 -2.347243786 -0.233389497 -0.017009396 0.972234607 95.718315125
0.969157517 -0.020053584 0.245624810 3.934385300 0.015396411 0.999663711 0.020866346 -2.353259563 -0.245960668 -0.016441038 0.969140351 96.238235474
0.966091216 -0.018767372 0.257517785 4.087371826 0.013540071 0.999664962 0.022057265 -2.367315292 -0.257845461 -0.017822525 0.966021717 96.764427185
0.962524414 -0.019427095 0.270498335 4.252271652 0.014164664 0.999670804 0.021393346 -2.375753403 -0.270824909 -0.016760096 0.962482691 97.384399414
0.958783209 -0.020589378 0.283391744 4.442148209 0.015103728 0.999654114 0.021528700 -2.387247086 -0.283737004 -0.016361084 0.958762527 97.866424561
0.954806864 -0.019691326 0.296574056 4.620119095 0.013866293 0.999667704 0.021732006 -2.381333590 -0.296903461 -0.016637484 0.954762518 98.429878235
0.951637447 -0.021639341 0.306460112 4.832193375 0.015717680 0.999639213 0.021777727 -2.388054609 -0.306820780 -0.015907655 0.951634288 98.901039124
0.946629822 -0.021047797 0.321634680 5.053863525 0.014598538 0.999641359 0.022450430 -2.399610281 -0.321991771 -0.016556852 0.946597636 99.502944946
0.941802263 -0.021235963 0.335495740 5.269891739 0.014433320 0.999636769 0.022757120 -2.407332182 -0.335857123 -0.016590385 0.941766739 99.984313965
0.937574625 -0.021539776 0.347116500 5.474214554 0.014569582 0.999636650 0.022677919 -2.405943155 -0.347478837 -0.016204894 0.937547803 100.521202087
0.933165193 -0.021745089 0.358789444 5.678014755 0.014318632 0.999624908 0.023343172 -2.419232845 -0.359162480 -0.016645661 0.933126509 101.007255554
0.927560568 -0.021817729 0.373035550 5.922906876 0.013985876 0.999621511 0.023688698 -2.418098211 -0.373411238 -0.016755471 0.927514493 101.553077698
0.922360837 -0.022456784 0.385676026 6.194953918 0.014530655 0.999619424 0.023454204 -2.411496639 -0.386055857 -0.016029114 0.922336102 102.148063660
0.917603612 -0.022491593 0.396859765 6.438348770 0.014211454 0.999615908 0.023792963 -2.417351961 -0.397242427 -0.016192554 0.917570770 102.643417358
0.911151767 -0.021809975 0.411493182 6.672740936 0.012982140 0.999621987 0.024236199 -2.414233446 -0.411866188 -0.016740791 0.911090553 103.165245056
0.905190349 -0.023296140 0.424367487 6.919345856 0.014417413 0.999605119 0.024121633 -2.414725304 -0.424761832 -0.015716385 0.905168712 103.658157349
0.899990678 -0.023867615 0.435255319 7.228469849 0.014504863 0.999586701 0.024821086 -2.429665804 -0.435667783 -0.016025430 0.899964869 104.183929443
0.894162178 -0.024333701 0.447081566 7.492324829 0.014618476 0.999576449 0.025167895 -2.434033155 -0.447504640 -0.015968526 0.894139051 104.658432007
0.886912227 -0.023066277 0.461361825 7.767314911 0.012738036 0.999594033 0.025488436 -2.431377888 -0.461762428 -0.016729159 0.886845946 105.183959961
0.881013811 -0.024101460 0.472476363 8.043590546 0.013789739 0.999585390 0.025276445 -2.428173542 -0.472889662 -0.015753567 0.880980849 105.645332336
0.874631166 -0.024080247 0.484190494 8.352264404 0.013420722 0.999585450 0.025469486 -2.427353382 -0.484603137 -0.015778221 0.874591827 106.176078796
0.867111564 -0.024520108 0.497509986 8.652145386 0.013573027 0.999579966 0.025608480 -2.436314106 -0.497928947 -0.015452693 0.867080152 106.641288757
