1.000000000 0.000000000 0.000000000 0.000000000 0.000000000 1.000000000 0.000000000 0.000000000 0.000000000 0.000000000 1.000000000 0.000000000
1.000000000 0.000044315 0.000000324 0.000281510 -0.000044315 1.000000000 0.000035188 -0.000638743 -0.000000322 -0.000035188 1.000000000 -0.001393800
1.000000000 -0.000010813 -0.000014612 0.001223459 0.000010813 1.000000000 -0.000002234 -0.000352157 0.000014612 0.000002234 1.000000000 -0.001642778
1.000000000 -0.000091683 -0.000108794 0.001928868 0.000091685 1.000000000 0.000019849 -0.001172886 0.000108792 -0.000019859 1.000000000 -0.003951652
1.000000000 -0.000180599 -0.000135264 0.000442330 0.000180601 1.000000000 0.000020157 0.000245619 0.000135261 -0.000020182 1.000000000 -0.002649114
1.000000000 -0.000143995 -0.000037573 0.001061779 0.000143996 1.000000000 0.000044097 -0.000444755 0.000037567 -0.000044103 1.000000000 -0.000457371
1.000000000 -0.000147320 -0.000010306 0.000496659 0.000147321 1.000000000 0.000041235 -0.000881892 0.000010300 -0.000041236 1.000000000 -0.003379189
1.000000000 -0.000027200 -0.000074287 0.001153608 0.000027201 1.000000000 0.000016853 -0.000009549 0.000074286 -0.000016855 1.000000000 -0.003130860
1.000000000 -0.000085805 -0.000024013 0.000362415 0.000085806 1.000000000 0.000018407 0.000371789 0.000024011 -0.000018409 1.000000000 -0.000468382
1.000000000 0.000016575 -0.000011327 -0.000578991 -0.000016575 1.000000000 0.000000111 0.000992500 0.000011327 -0.000000111 1.000000000 0.000184904
1.000000000 -0.000084547 -0.000123783 0.001396106 0.000084551 1.000000000 0.000031296 -0.000509959 0.000123780 -0.000031307 1.000000000 -0.002092755
1.000000000 -0.000105579 -0.000068544 0.001013533 0.000105576 1.000000000 -0.000040283 0.000377869 0.000068548 0.000040276 1.000000000 -0.000052745
1.000000000 -0.000165549 -0.000054834 -0.000505784 0.000165550 1.000000000 0.000014916 0.001035543 0.000054832 -0.000014926 1.000000000 0.000553249
1.000000000 -0.000144962 -0.000029188 0.000458882 0.000144962 1.000000000 0.000015706 0.000244313 0.000029186 -0.000015710 1.000000000 -0.003264224
1.000000000 -0.000044766 -0.000059679 0.002328883 0.000044770 1.000000000 0.000066291 -0.000871838 0.000059676 -0.000066293 1.000000000 -0.002687474
1.000000000 -0.000070664 -0.000059139 0.002766662 0.000070671 1.000000000 0.000114681 -0.001385059 0.000059131 -0.000114686 1.000000000 -0.004561796
1.000000000 -0.000105808 -0.000071125 0.002087204 0.000105810 1.000000000 0.000026451 0.000500398 0.000071122 -0.000026458 1.000000000 -0.002063618
1.000000000 -0.000021588 -0.000079414 0.001922263 0.000021594 1.000000000 0.000066886 -0.000189565 0.000079412 -0.000066888 1.000000000 -0.002873857
1.000000000 -0.000171311 -0.000131722 0.002491235 0.000171314 1.000000000 0.000025800 -0.000987634 0.000131718 -0.000025823 1.000000000 -0.002311955
1.000000000 -0.000175606 -0.000097938 0.001575018 0.000175607 1.000000000 0.000001380 0.000593785 0.000097938 -0.000001397 1.000000000 0.000397238
1.000000000 -0.000195483 -0.000082221 0.000859058 0.000195488 1.000000000 0.000065122 -0.001113640 0.000082208 -0.000065138 1.000000000 -0.006303281
1.000000000 -0.000090696 -0.000091484 0.004039912 0.000090700 1.000000000 0.000048657 -0.000380656 0.000091480 -0.000048666 1.000000000 -0.002218447
1.000000000 -0.000133243 -0.000130970 0.002900967 0.000133250 1.000000000 0.000053065 -0.000825802 0.000130963 -0.000053083 1.000000000 -0.002363479
1.000000000 -0.000192806 -0.000123121 0.001600187 0.000192812 1.000000000 0.000048277 -0.000060492 0.000123111 -0.000048301 1.000000000 -0.002723682
1.000000000 -0.000162600 -0.000148339 0.003674538 0.000162605 1.000000000 0.000035848 0.000019445 0.000148333 -0.000035873 1.000000000 -0.001617207
1.000000000 -0.000196554 -0.000105671 0.002397164 0.000196557 1.000000000 0.000031876 0.000392648 0.000105665 -0.000031897 1.000000000 -0.001084929
0.999999940 -0.000274600 -0.000189729 0.002562760 0.000274621 0.999999940 0.000109288 -0.000932127 0.000189699 -0.000109340 1.000000000 -0.005862982
0.999999940 -0.000334584 -0.000096589 0.001957827 0.000334590 0.999999940 0.000064675 -0.000919695 0.000096567 -0.000064708 1.000000000 -0.002956233
1.000000000 -0.000088131 -0.000116467 0.002228492 0.000088140 1.000000000 0.000073214 -0.001025137 0.000116461 -0.000073224 1.000000000 -0.003662156
0.999999940 -0.000235327 -0.000153443 0.003313131 0.000235342 0.999999940 0.000094664 -0.001255450 0.000153421 -0.000094700 1.000000000 -0.003518758
0.999999940 -0.000234885 -0.000148902 0.001396079 0.000234893 1.000000000 0.000058461 -0.000434966 0.000148888 -0.000058496 1.000000000 -0.001921055
0.999999940 -0.000288280 -0.000143826 0.001472636 0.000288294 0.999999940 0.000102194 -0.000917242 0.000143797 -0.000102236 1.000000000 -0.003038255
0.999999940 -0.000222178 -0.000132188 0.001794160 0.000222182 1.000000000 0.000030932 -0.000231937 0.000132181 -0.000030961 1.000000000 -0.001870967
1.000000000 -0.000172685 -0.000095849 0.000591676 0.000172686 1.000000000 0.000016124 0.000157618 0.000095846 -0.000016140 1.000000000 -0.001078969
0.999999940 -0.000323023 -0.000138020 0.002193396 0.000323038 0.999999940 0.000106688 -0.001404544 0.000137986 -0.000106733 1.000000000 -0.005214349
0.999999940 -0.000218060 -0.000173584 0.003354197 0.000218063 1.000000000 0.000016076 -0.000646022 0.000173580 -0.000016114 1.000000000 -0.004226124
1.000000000 -0.000160331 -0.000134506 0.003790981 0.000160347 1.000000000 0.000118574 -0.001165243 0.000134487 -0.000118595 1.000000000 -0.005329695
0.999999940 -0.000276198 -0.000137025 0.001593073 0.000276206 0.999999940 0.000055092 -0.000494860 0.000137010 -0.000055129 1.000000000 -0.004012323
0.999999940 -0.000220630 -0.000142056 0.001713441 0.000220645 0.999999940 0.000107405 -0.000975928 0.000142032 -0.000107436 1.000000000 -0.002946391
0.999999940 -0.000174729 -0.000191275 0.003605281 0.000174732 1.000000000 0.000014220 -0.001140696 0.000191273 -0.000014253 1.000000000 -0.001943083
0.999999940 -0.000232102 -0.000097173 0.001900072 0.000232047 0.999999821 -0.000562288 -0.001043605 0.000097304 0.000562266 0.999999821 0.045885812
1.000000000 -0.000096049 -0.000195451 0.003610333 0.000095833 0.999999404 -0.001108077 -0.004655764 0.000195558 0.001108058 0.999999344 0.136780977
1.000000000 -0.000208348 -0.000117687 0.005680521 0.000208178 0.999998927 -0.001445759 -0.006777484 0.000117988 0.001445735 0.999998927 0.253078878
1.000000000 -0.000191676 -0.000057232 0.006586474 0.000191592 0.999998927 -0.001454077 -0.011576635 0.000057510 0.001454066 0.999998927 0.387065828
1.000000000 -0.000048861 -0.000112605 0.011411306 0.000048726 0.999999285 -0.001199331 -0.017340528 0.000112663 0.001199325 0.999999285 0.524252713
1.000000000 -0.000154754 0.000056213 0.014128199 0.000154811 0.999999464 -0.001015403 -0.022592150 -0.000056056 0.001015412 0.999999464 0.678306758
0.999999940 -0.000267396 -0.000091858 0.020051481 0.000267310 0.999999523 -0.000934618 -0.025483670 0.000092108 0.000934593 0.999999583 0.843079031
1.000000000 0.000180308 0.000157588 0.019168658 -0.000180177 0.999999642 -0.000830036 -0.024625167 -0.000157737 0.000830008 0.999999642 1.022140861
1.000000000 0.000091556 -0.000129545 0.028272394 -0.000091648 0.999999762 -0.000711080 -0.033456217 0.000129480 0.000711092 0.999999762 1.189757943
0.999999940 0.000256264 0.000259702 0.020976581 -0.000256300 0.999999940 0.000139028 -0.054524060 -0.000259666 -0.000139095 0.999999940 1.361158013
0.999999881 0.000393536 0.000160743 0.025644479 -0.000393559 0.999999881 0.000144001 -0.057940058 -0.000160686 -0.000144064 0.999999940 1.552789569
0.999999881 -0.000030799 0.000439397 0.028155496 0.000030653 0.999999940 0.000331958 -0.068110503 -0.000439407 -0.000331944 0.999999821 1.749553204
0.999999940 -0.000222300 0.000338461 0.031539746 0.000222124 0.999999821 0.000518606 -0.070863865 -0.000338577 -0.000518530 0.999999821 1.961917043
0.999999821 -0.000076128 0.000559977 0.033663847 0.000075957 0.999999940 0.000304549 -0.078505315 -0.000560000 -0.000304506 0.999999762 2.168890953
0.999999821 0.000108023 0.000563774 0.040122367 -0.000108308 0.999999821 0.000506206 -0.083102770 -0.000563720 -0.000506266 0.999999762 2.380403280
0.999999881 -0.000061321 0.000443214 0.051768374 0.000061069 0.999999881 0.000569895 -0.088593706 -0.000443249 -0.000569868 0.999999762 2.604418278
0.999999940 0.000112292 0.000565306 0.051239368 -0.000112483 0.999999940 0.000337139 -0.096381590 -0.000565268 -0.000337203 0.999999762 2.844323397
0.999999881 -0.000024280 0.000490665 0.057062779 0.000024032 0.999999821 0.000506393 -0.101705752 -0.000490677 -0.000506382 0.999999762 3.084402561
0.999999940 -0.000082931 0.000374498 0.060915835 0.000082765 0.999999881 0.000441637 -0.108372897 -0.000374535 -0.000441606 0.999999821 3.314548969
0.999999583 0.000108514 0.000860355 0.062787928 -0.000109457 0.999999404 0.001095802 -0.125171974 -0.000860236 -0.001095896 0.999999046 3.549603462
0.999999702 0.000220935 0.000810774 0.067520611 -0.000221871 0.999999344 0.001154870 -0.131862402 -0.000810519 -0.001155050 0.999998987 3.800807476
0.999999583 0.000237831 0.000919732 0.075954385 -0.000239076 0.999999106 0.001353693 -0.141596988 -0.000919409 -0.001353913 0.999998629 4.059788227
0.999998808 0.000810725 0.001343083 0.070258401 -0.000812608 0.999998689 0.001401312 -0.143042564 -0.001341945 -0.001402402 0.999998093 4.328436852
0.999999166 0.000186888 0.001275649 0.080931649 -0.000189028 0.999998510 0.001677549 -0.156408817 -0.001275334 -0.001677789 0.999997735 4.572418213
0.999998987 0.000207241 0.001422385 0.087853454 -0.000209965 0.999998093 0.001915388 -0.166703299 -0.001421985 -0.001915685 0.999997139 4.832859039
0.999999344 -0.000116896 0.001122498 0.095206447 0.000114881 0.999998331 0.001794356 -0.175162584 -0.001122706 -0.001794225 0.999997735 5.082164764
0.999999106 -0.000183993 0.001295548 0.098099612 0.000181824 0.999998569 0.001673853 -0.180961415 -0.001295854 -0.001673616 0.999997735 5.354603291
0.999999285 0.000022148 0.001131188 0.105854303 -0.000024170 0.999998331 0.001786710 -0.190668941 -0.001131146 -0.001786736 0.999997735 5.617238045
0.999999583 0.000151031 0.000868880 0.114554748 -0.000152760 0.999997973 0.001989899 -0.204478532 -0.000868578 -0.001990031 0.999997556 5.881483078
0.999999523 -0.000348993 0.000872081 0.126419961 0.000347077 0.999997497 0.002196575 -0.217644483 -0.000872845 -0.002196271 0.999997199 6.148750305
0.999999464 0.000204028 0.001023077 0.122267298 -0.000206302 0.999997556 0.002223304 -0.223193780 -0.001022621 -0.002223514 0.999996960 6.442832947
0.999999166 0.000494226 0.001169088 0.127766475 -0.000496579 0.999997914 0.002012702 -0.227954045 -0.001168090 -0.002013281 0.999997258 6.725081444
0.999998987 0.000289838 0.001410937 0.136430040 -0.000292775 0.999997795 0.002081898 -0.237888545 -0.001410330 -0.002082309 0.999996841 7.010381699
0.999998808 0.000450402 0.001433464 0.141059265 -0.000453340 0.999997795 0.002049834 -0.243387669 -0.001432537 -0.002050481 0.999996901 7.315685749
0.999998748 0.000528655 0.001543840 0.153285459 -0.000531911 0.999997675 0.002109117 -0.254516989 -0.001542721 -0.002109935 0.999996603 7.626832008
0.999998748 0.000294364 0.001595014 0.160170719 -0.000298063 0.999997318 0.002319201 -0.267611772 -0.001594327 -0.002319673 0.999996006 7.945234299
0.999998569 0.000117801 0.001670100 0.157367334 -0.000122689 0.999995708 0.002927182 -0.284259260 -0.001669748 -0.002927383 0.999994338 8.249713898
0.999998808 -0.000117835 0.001486184 0.175295442 0.000113244 0.999995172 0.003088859 -0.297964841 -0.001486541 -0.003088688 0.999994099 8.561618805
0.999998629 0.000300333 0.001625234 0.172157258 -0.000305105 0.999995649 0.002936666 -0.299784273 -0.001624345 -0.002937158 0.999994397 8.911600113
0.999998510 -0.000002272 0.001715166 0.184936762 -0.000003211 0.999994934 0.003196445 -0.315487117 -0.001715165 -0.003196446 0.999993503 9.260065079
0.999997795 0.001019761 0.001844799 0.188213482 -0.001024603 0.999995947 0.002625668 -0.322360486 -0.001842114 -0.002627553 0.999994874 9.594554901
0.999996960 0.001385316 0.002045342 0.195788324 -0.001390788 0.999995470 0.002676400 -0.330133140 -0.002041625 -0.002679236 0.999994397 9.939826012
0.999997318 0.001066188 0.002039594 0.203362346 -0.001071752 0.999995649 0.002728536 -0.343662053 -0.002036676 -0.002730716 0.999994218 10.305590630
0.999997854 0.000958034 0.001798664 0.219852969 -0.000963239 0.999995291 0.002895439 -0.359200120 -0.001795882 -0.002897165 0.999994218 10.662817001
0.999997795 0.000715084 0.001963848 0.228428081 -0.000720987 0.999995291 0.003006469 -0.367940336 -0.001961689 -0.003007879 0.999993622 11.027866364
0.999997497 0.000936936 0.001983531 0.236682266 -0.000942728 0.999995291 0.002921301 -0.379053265 -0.001980785 -0.002923164 0.999993742 11.404443741
0.999997318 0.001130970 0.002001483 0.241341382 -0.001138005 0.999993086 0.003516950 -0.390138745 -0.001997492 -0.003519218 0.999991834 11.770511627
0.999997139 0.001202401 0.002059472 0.251110673 -0.001210221 0.999992073 0.003800167 -0.403955370 -0.002054886 -0.003802649 0.999990702 12.157953262
0.999996305 0.001493580 0.002231817 0.261640102 -0.001502025 0.999991655 0.003787216 -0.410491556 -0.002226142 -0.003790556 0.999990344 12.552019119
0.999997199 0.001126157 0.002104069 0.273513436 -0.001134601 0.999991357 0.004016374 -0.426627815 -0.002099527 -0.004018751 0.999989748 12.913143158
0.999997139 0.001038902 0.002156577 0.270807683 -0.001048097 0.999990463 0.004266863 -0.449604243 -0.002152123 -0.004269111 0.999988556 13.286994934
0.999996543 0.000740921 0.002511421 0.281997293 -0.000751405 0.999990940 0.004175858 -0.456979245 -0.002508305 -0.004177731 0.999988139 13.700400352
0.999995530 0.001218603 0.002726847 0.290039420 -0.001231433 0.999988198 0.004708527 -0.468920767 -0.002721077 -0.004711864 0.999985158 14.117926598
0.999993622 0.001686889 0.003158915 0.303747565 -0.001701575 0.999987781 0.004652307 -0.479395330 -0.003151029 -0.004657652 0.999984145 14.528349876
0.999995172 0.001236229 0.002852619 0.312093437 -0.001248284 0.999990284 0.004227752 -0.495214403 -0.002847364 -0.004231292 0.999987006 14.973556519
0.999994397 0.001065359 0.003177487 0.323135495 -0.001079197 0.999989867 0.004356319 -0.507977426 -0.003172814 -0.004359723 0.999985456 15.397628784
0.999992967 0.001305300 0.003516261 0.333044976 -0.001321182 0.999988914 0.004518387 -0.520880640 -0.003510324 -0.004523001 0.999983609 15.836316109
0.999991715 0.001418879 0.003815360 0.342195630 -0.001437712 0.999986768 0.004937948 -0.533601284 -0.003808302 -0.004943392 0.999980509 16.282407761
0.999992371 0.001067348 0.003734066 0.356823593 -0.001084370 0.999989152 0.004559531 -0.549445093 -0.003729158 -0.004563546 0.999982655 16.725057602
0.999991655 0.001072974 0.003921535 0.369249612 -0.001091099 0.999988735 0.004622823 -0.561838627 -0.003916531 -0.004627064 0.999981582 17.181758881
0.999990761 0.000915973 0.004203699 0.383527815 -0.000936752 0.999987423 0.004943875 -0.573289216 -0.004199117 -0.004947767 0.999978960 17.646408081
0.999988616 0.000930165 0.004664286 0.393974841 -0.000954783 0.999985635 0.005278641 -0.595081568 -0.004659309 -0.005283036 0.999975145 18.081783295
0.999987066 0.001040205 0.004976247 0.405040979 -0.001066868 0.999985099 0.005358472 -0.602392137 -0.004970599 -0.005363712 0.999973297 18.555280685
0.999987841 0.000871516 0.004856696 0.421694785 -0.000897916 0.999984801 0.005436137 -0.618757308 -0.004851886 -0.005440432 0.999973416 19.026668549
0.999986351 0.001032624 0.005123740 0.437848479 -0.001061174 0.999983907 0.005572440 -0.636100650 -0.005117903 -0.005577801 0.999971390 19.486698151
0.999987483 0.000653194 0.004958328 0.457001060 -0.000681707 0.999983191 0.005751048 -0.664986014 -0.004954488 -0.005754357 0.999971151 19.993371964
0.999987125 0.000747860 0.005005095 0.470079780 -0.000777951 0.999981701 0.006012871 -0.678092837 -0.005000506 -0.006016688 0.999969363 20.488161087
0.999989510 0.000858934 0.004492223 0.477872401 -0.000884653 0.999983191 0.005726483 -0.684394062 -0.004487228 -0.005730397 0.999973476 20.989887238
0.999993801 0.000331449 0.003538244 0.509017229 -0.000353193 0.999980986 0.006146600 -0.717256963 -0.003536140 -0.006147810 0.999974847 21.480110168
0.999995947 0.000084000 0.002840921 0.519295335 -0.000100417 0.999983251 0.005778999 -0.730995893 -0.002840389 -0.005779261 0.999979258 21.976573944
0.999994993 0.000196124 0.003164302 0.523027658 -0.000216677 0.999978900 0.006496321 -0.749931633 -0.003162961 -0.006496975 0.999973893 22.465272903
0.999995232 0.000870364 0.002996544 0.529104352 -0.000888988 0.999980271 0.006219621 -0.758628309 -0.002991072 -0.006222254 0.999976218 22.992488861
0.999998271 -0.000262744 0.001841178 0.550379217 0.000250607 0.999978185 0.006589349 -0.778087437 -0.001842869 -0.006588876 0.999976575 23.477416992
0.999998271 -0.001509711 0.001069406 0.562818706 0.001502498 0.999976277 0.006713342 -0.796199322 -0.001079516 -0.006711724 0.999976873 23.996850967
0.999998927 0.000941417 0.001131456 0.557894647 -0.000948532 0.999979675 0.006304075 -0.793672085 -0.001125498 -0.006305142 0.999979496 24.520399094
0.999999821 0.000558763 0.000290892 0.577709079 -0.000560755 0.999976099 0.006892758 -0.810895562 -0.000287034 -0.006892920 0.999976218 25.044170380
0.999999583 0.000833890 -0.000379290 0.580222905 -0.000831310 0.999976873 0.006751184 -0.820438445 0.000384911 -0.006750865 0.999977112 25.570379257
0.999999762 0.000368065 -0.000621140 0.592760324 -0.000364038 0.999979019 0.006471645 -0.833102822 0.000623509 -0.006471419 0.999978781 26.118074417
0.999999106 -0.000066231 -0.001270609 0.600019038 0.000075500 0.999973297 0.007296012 -0.845356226 0.001270092 -0.007296101 0.999972582 26.666873932
0.999998212 -0.000194763 -0.001818336 0.617868721 0.000208150 0.999972820 0.007364714 -0.864315987 0.001816852 -0.007365080 0.999971271 27.213460922
0.999997854 0.000817979 -0.001876045 0.603134513 -0.000803563 0.999970257 0.007672346 -0.875282288 0.001882265 -0.007670823 0.999968767 27.709604263
0.999996781 0.000978586 -0.002354790 0.615179896 -0.000960475 0.999970078 0.007680142 -0.886259913 0.002362235 -0.007677856 0.999967694 28.251279831
0.999995649 0.001302566 -0.002648115 0.628275514 -0.001281174 0.999966681 0.008064317 -0.908374786 0.002658531 -0.008060888 0.999963939 28.798889160
0.999993920 0.000168171 -0.003479737 0.656528294 -0.000140018 0.999967277 0.008089111 -0.919021368 0.003480984 -0.008088575 0.999961257 29.322202682
0.999992967 0.000229481 -0.003730936 0.662160397 -0.000198823 0.999966145 0.008215404 -0.928278506 0.003732695 -0.008214604 0.999959290 29.836496353
0.999991179 0.000458754 -0.004155276 0.675943971 -0.000424203 0.999965370 0.008311922 -0.942546785 0.004158945 -0.008310087 0.999956846 30.385835648
0.999992251 0.000572060 -0.003926003 0.678006113 -0.000540645 0.999967813 0.007998222 -0.951156855 0.003930453 -0.007996036 0.999960303 30.921197891
0.999990702 0.000221638 -0.004300673 0.695556521 -0.000185619 0.999964893 0.008373676 -0.977675259 0.004302379 -0.008372799 0.999955714 31.445257187
0.999985814 0.000039779 -0.005322598 0.713397801 0.000005472 0.999963820 0.008501285 -0.993857622 0.005322744 -0.008501193 0.999949694 32.001636505
0.999988437 0.000248006 -0.004791690 0.681351125 -0.000208012 0.999965072 0.008345367 -0.981457889 0.004793592 -0.008344274 0.999953687 32.501335144
0.999985039 0.000035627 -0.005481414 0.691865504 0.000012563 0.999961376 0.008791232 -0.999465227 0.005481515 -0.008791170 0.999946356 33.046184540
0.999985814 0.000604311 -0.005289836 0.688107312 -0.000557173 0.999960124 0.008907928 -1.004345417 0.005295008 -0.008904854 0.999946356 33.602657318
0.999985397 -0.000091101 -0.005396524 0.707405150 0.000138897 0.999960721 0.008857057 -1.017251134 0.005395506 -0.008857678 0.999946177 34.132701874
0.999986827 0.000378717 -0.005109149 0.717850983 -0.000332225 0.999958515 0.009097474 -1.032954097 0.005112382 -0.009095657 0.999945521 34.678638458
0.999985754 0.000906973 -0.005269055 0.714046597 -0.000860767 0.999961138 0.008765112 -1.042200685 0.005276801 -0.008760453 0.999947727 35.205692291
0.999985158 0.000268991 -0.005441475 0.702098489 -0.000221442 0.999961793 0.008736921 -1.072752118 0.005443618 -0.008735586 0.999946952 35.710227966
0.999983788 0.000365514 -0.005695812 0.715883255 -0.000315377 0.999961257 0.008800759 -1.083912849 0.005698808 -0.008798818 0.999944985 36.256179810
0.999985576 0.000770534 -0.005313545 0.670649052 -0.000721962 0.999957979 0.009136956 -1.115144014 0.005320362 -0.009132991 0.999944150 36.733333588
0.999984443 0.000848496 -0.005509054 0.681280673 -0.000798066 0.999957800 0.009149818 -1.129443645 0.005516584 -0.009145280 0.999943018 37.273303986
0.999982357 0.000594368 -0.005908560 0.700050294 -0.000540336 0.999958038 0.009141977 -1.134038687 0.005913746 -0.009138624 0.999940813 37.838848114
0.999982119 0.000289491 -0.005972621 0.689994752 -0.000234709 0.999957919 0.009170881 -1.148628354 0.005975025 -0.009169316 0.999940097 38.401172638
0.999980330 0.000033775 -0.006265462 0.702295005 0.000020312 0.999962747 0.008632223 -1.156283736 0.006265520 -0.008632183 0.999943137 38.941253662
0.999978065 -0.000032014 -0.006623496 0.709999859 0.000092532 0.999958277 0.009136752 -1.173241615 0.006622926 -0.009137165 0.999936342 39.485824585
0.999981165 0.000362388 -0.006136412 0.708888233 -0.000306654 0.999958754 0.009080961 -1.180903554 0.006139450 -0.009078910 0.999939919 40.032356262
0.999980569 0.000573082 -0.006208009 0.720855951 -0.000519833 0.999963164 0.008575781 -1.186269999 0.006212695 -0.008572388 0.999943972 40.576560974
0.999979258 0.000566727 -0.006418312 0.727322638 -0.000508009 0.999957979 0.009146488 -1.211673260 0.006423226 -0.009143037 0.999937594 41.164440155
0.999976099 0.000601783 -0.006897718 0.744770586 -0.000538478 0.999957800 0.009175791 -1.225665808 0.006902949 -0.009171857 0.999934137 41.707767487
0.999976337 0.000529558 -0.006853027 0.755916119 -0.000465447 0.999956071 0.009353398 -1.235816717 0.006857679 -0.009349986 0.999932766 42.252021790
0.999975979 0.000337398 -0.006931271 0.755859375 -0.000274858 0.999959171 0.009021734 -1.238965631 0.006934032 -0.009019610 0.999935329 42.791622162
0.999970615 -0.000708042 -0.007636691 0.764966130 0.000782370 0.999952316 0.009734465 -1.272641659 0.007629434 -0.009740153 0.999923468 43.358894348
0.999972105 -0.000841701 -0.007418195 0.764049053 0.000914121 0.999951899 0.009764547 -1.280831099 0.007409620 -0.009771056 0.999924839 43.900608063
0.999973595 -0.000341010 -0.007272730 0.768140912 0.000410464 0.999954283 0.009550542 -1.289350748 0.007269141 -0.009553274 0.999927938 44.400012970
0.999974668 0.000272076 -0.007113429 0.772924304 -0.000206424 0.999957383 0.009228433 -1.300362349 0.007115637 -0.009226734 0.999932110 44.948398590
0.999970615 -0.000898724 -0.007616183 0.790186286 0.000972969 0.999951959 0.009750104 -1.311056852 0.007607055 -0.009757226 0.999923468 45.478149414
0.999969840 -0.000837927 -0.007716022 0.809244871 0.000912064 0.999953389 0.009609727 -1.319985747 0.007707610 -0.009616476 0.999924004 46.001380920
0.999971211 -0.000415995 -0.007566452 0.819039702 0.000490936 0.999950767 0.009905204 -1.336866140 0.007561961 -0.009908634 0.999922276 46.559986115
0.999967933 -0.001215160 -0.007905442 0.799317718 0.001298482 0.999943554 0.010543245 -1.350359082 0.007892184 -0.010553173 0.999913156 47.053524017
0.999968052 -0.000863705 -0.007943101 0.832682133 0.000944782 0.999947548 0.010209129 -1.360221744 0.007933866 -0.010216308 0.999916315 47.637313843
0.999967098 -0.001366996 -0.007999380 0.803761899 0.001452230 0.999942124 0.010658914 -1.371143222 0.007984347 -0.010670180 0.999911189 48.114780426
0.999967813 -0.001330228 -0.007919517 0.814099729 0.001413988 0.999943018 0.010580294 -1.383550167 0.007904992 -0.010591151 0.999912679 48.660251617
0.999964654 -0.001910730 -0.008184453 0.817678690 0.002002674 0.999934793 0.011240595 -1.432410359 0.008162441 -0.011256589 0.999903321 49.209926605
0.999967456 -0.001097659 -0.007992052 0.831072748 0.001184028 0.999940872 0.010810094 -1.401464343 0.007979712 -0.010819208 0.999909639 49.751388550
0.999964893 -0.001499056 -0.008247439 0.828132272 0.001589801 0.999938130 0.011007302 -1.450006962 0.008230427 -0.011020027 0.999905407 50.270931244
0.999966919 -0.001458874 -0.008015110 0.832688391 0.001547259 0.999937952 0.011032042 -1.457118988 0.007998519 -0.011044078 0.999907017 50.845874786
0.999971509 -0.000993173 -0.007487569 0.829695463 0.001077505 0.999935985 0.011267336 -1.466368794 0.007475898 -0.011275086 0.999908447 51.397594452
0.999967098 -0.001088234 -0.008052283 0.839948297 0.001179803 0.999934614 0.011375799 -1.486269236 0.008039378 -0.011384924 0.999902844 51.910736084
0.999966145 -0.001410870 -0.008107550 0.844292045 0.001501908 0.999935746 0.011233758 -1.483789921 0.008091181 -0.011245554 0.999904037 52.463390350
0.999964714 -0.001363014 -0.008292199 0.852118909 0.001454165 0.999938488 0.010996355 -1.491344094 0.008276702 -0.011008025 0.999905169 53.016017914
0.999967039 -0.001209388 -0.008022710 0.855862677 0.001298899 0.999936879 0.011161487 -1.503623247 0.008008705 -0.011171541 0.999905467 53.531810760
0.999973059 0.000000343 -0.007332855 0.863842010 0.000083755 0.999934196 0.011468290 -1.515598774 0.007332377 -0.011468595 0.999907315 54.110141754
0.999967694 -0.001091524 -0.007963934 0.863030195 0.001181106 0.999935925 0.011252290 -1.519216299 0.007951142 -0.011261332 0.999904990 54.619060516
0.999967277 -0.001206834 -0.007997933 0.871284008 0.001299479 0.999931991 0.011588583 -1.530522704 0.007983404 -0.011598594 0.999900877 55.149608612
0.999967873 -0.001135951 -0.007927649 0.879605532 0.001230011 0.999928772 0.011870058 -1.537616253 0.007913602 -0.011879428 0.999898136 55.694316864
0.999967098 -0.001433883 -0.007986495 0.886608243 0.001531007 0.999924839 0.012168274 -1.555758476 0.007968449 -0.012180100 0.999894083 56.249561310
0.999967754 -0.001177626 -0.007945598 0.887646317 0.001270769 0.999930441 0.011727820 -1.567523122 0.007931234 -0.011737539 0.999899685 56.797473907
0.999969125 -0.001313960 -0.007748507 0.889417410 0.001405246 0.999929547 0.011787498 -1.576782703 0.007732473 -0.011798025 0.999900520 57.340961456
0.999966681 -0.001625611 -0.008011942 0.903487086 0.001721424 0.999926984 0.011966530 -1.588824272 0.007991904 -0.011979925 0.999896288 57.876831055
0.999968529 -0.001418915 -0.007795124 0.912723184 0.001511168 0.999928713 0.011841591 -1.594540238 0.007777766 -0.011852996 0.999899507 58.420753479
0.999973357 -0.000782393 -0.007274587 0.918909073 0.000870970 0.999925375 0.012181077 -1.607011437 0.007264515 -0.012187088 0.999899328 58.979015350
0.999969661 -0.001221351 -0.007681733 0.928714871 0.001314127 0.999926150 0.012084100 -1.625653267 0.007666405 -0.012093831 0.999897480 59.504459381
0.999968708 -0.001219455 -0.007816555 0.936023474 0.001316832 0.999921501 0.012464746 -1.631275177 0.007800740 -0.012474648 0.999891758 60.065078735
0.999968588 -0.001289802 -0.007818899 0.948573589 0.001384351 0.999925792 0.012098973 -1.645433664 0.007802714 -0.012109417 0.999896228 60.619930267
0.999967039 -0.001289482 -0.008009331 0.972606301 0.001392506 0.999916136 0.012870775 -1.658724427 0.007992064 -0.012881503 0.999885082 61.140880585
0.999962568 -0.002072271 -0.008389501 0.978704035 0.002179374 0.999916017 0.012777447 -1.671230555 0.008362317 -0.012795253 0.999883175 61.672485352
0.999971390 -0.000882643 -0.007510961 0.963746011 0.000978418 0.999918222 0.012757364 -1.679195046 0.007499086 -0.012764348 0.999890447 62.212711334
0.999952495 -0.002789537 -0.009336125 0.982897818 0.002907406 0.999915957 0.012635380 -1.695429325 0.009300094 -0.012661923 0.999876559 62.740123749
0.999965131 -0.001064268 -0.008271940 0.989744544 0.001171160 0.999915659 0.012928154 -1.702589035 0.008257484 -0.012937393 0.999882162 63.301017761
0.999965131 -0.001319767 -0.008260084 0.982558668 0.001424256 0.999918878 0.012656723 -1.707177043 0.008242711 -0.012668045 0.999885798 63.831840515
0.999961495 -0.001244020 -0.008694733 0.993887782 0.001354862 0.999917746 0.012753967 -1.719685197 0.008678153 -0.012765256 0.999880850 64.364227295
0.999967754 -0.000770533 -0.007992113 0.998732388 0.000872156 0.999918759 0.012719789 -1.727581620 0.007981664 -0.012726350 0.999887168 64.917160034
0.999966800 -0.001163342 -0.008068424 0.995887578 0.001263914 0.999921381 0.012471003 -1.727450132 0.008053284 -0.012480788 0.999889612 65.420959473
0.999960423 -0.002124675 -0.008644484 1.017382741 0.002236850 0.999913156 0.012987535 -1.730611324 0.008616140 -0.013006357 0.999878287 66.056343079
0.999970555 -0.000862515 -0.007636138 1.005878329 0.000957713 0.999921739 0.012471798 -1.748745680 0.007624784 -0.012478745 0.999893010 66.508018494
0.999970794 -0.001113936 -0.007562850 1.018165827 0.001207114 0.999923289 0.012327089 -1.756767988 0.007548540 -0.012335859 0.999895394 67.045410156
0.999972701 0.001013801 -0.007317556 1.033537149 -0.000919339 0.999916315 0.012900771 -1.785294771 0.007330022 -0.012893690 0.999890029 67.505126953
0.999971151 -0.000022082 -0.007594214 1.069305182 0.000115199 0.999924779 0.012261322 -1.765139818 0.007593372 -0.012261841 0.999895930 68.130661011
0.999970675 0.000322349 -0.007649838 1.048320532 -0.000221505 0.999913156 0.013179630 -1.799357295 0.007653422 -0.013177549 0.999883890 68.608062744
0.999968529 -0.000192218 -0.007927253 1.070507765 0.000292058 0.999920666 0.012595399 -1.799643159 0.007924202 -0.012597319 0.999889255 69.118591309
0.999971151 0.000278928 -0.007582652 1.066589832 -0.000176586 0.999908924 0.013494292 -1.821203470 0.007585726 -0.013492565 0.999880135 69.449394226
0.999967456 -0.000380424 -0.008051900 1.081633568 0.000487121 0.999912024 0.013253404 -1.818483829 0.008046150 -0.013256896 0.999879718 69.905952454
0.999965191 -0.000963969 -0.008278148 1.093755722 0.001073786 0.999911308 0.013271672 -1.827442408 0.008264621 -0.013280101 0.999877632 70.473930359
0.999965787 -0.000782225 -0.008229889 1.103094220 0.000894331 0.999906778 0.013626924 -1.843771458 0.008218464 -0.013633817 0.999873281 70.982666016
0.999967813 -0.000297926 -0.008014751 1.101375103 0.000403036 0.999913931 0.013116119 -1.854960084 0.008010153 -0.013118929 0.999881864 71.624870300
0.999965131 -0.001239153 -0.008256474 1.095266819 0.001352038 0.999905646 0.013680735 -1.887227058 0.008238743 -0.013691423 0.999872327 71.832298279
0.999961436 -0.000742269 -0.008753094 1.157768250 0.000853244 0.999919236 0.012681480 -1.849248886 0.008742973 -0.012688462 0.999881268 72.735839844
0.999964058 -0.001558218 -0.008328169 1.107698441 0.001675572 0.999899089 0.014102837 -1.914691091 0.008305353 -0.014116284 0.999865830 72.977035522
0.999964356 -0.001253876 -0.008357736 1.114239812 0.001369062 0.999903977 0.013790509 -1.918275118 0.008339643 -0.013801459 0.999869943 73.519668579
0.999969006 -0.000506355 -0.007853662 1.117798448 0.000613438 0.999906778 0.013638381 -1.951162338 0.007846026 -0.013642776 0.999876142 74.189300537
0.999964535 -0.001220927 -0.008331720 1.136832714 0.001331329 0.999911189 0.013258241 -1.936915278 0.008314793 -0.013268862 0.999877393 74.572494507
0.999969363 -0.000141087 -0.007821933 1.136685371 0.000246189 0.999909699 0.013437412 -1.966560721 0.007819330 -0.013438926 0.999879122 75.246032715
0.999970734 -0.000595428 -0.007630883 1.125748634 0.000696185 0.999912441 0.013208058 -1.968709707 0.007622351 -0.013212985 0.999883592 75.869567871
0.999962568 -0.001317869 -0.008549633 1.173665285 0.001426975 0.999917448 0.012767990 -1.981433034 0.008532101 -0.012779714 0.999881864 76.316169739
0.999970138 -0.000192011 -0.007714919 1.142563581 0.000295207 0.999910474 0.013377285 -2.002783298 0.007711661 -0.013379166 0.999880731 76.944602966
0.999969900 -0.000983130 -0.007680258 1.153667331 0.001084951 0.999911368 0.013264599 -2.009160042 0.007666538 -0.013272535 0.999882519 77.490623474
0.999971986 -0.000343805 -0.007473551 1.177578449 0.000443178 0.999911427 0.013299136 -2.029139280 0.007468319 -0.013302075 0.999883652 78.047348022
0.999973476 -0.000110497 -0.007277637 1.180931926 0.000206572 0.999912798 0.013202010 -2.030630827 0.007275542 -0.013203165 0.999886334 78.613037109
0.999973714 -0.000339197 -0.007240822 1.188025236 0.000433010 0.999915898 0.012958612 -2.039969921 0.007235818 -0.012961408 0.999889791 79.150650024
0.999974668 -0.000831105 -0.007067902 1.197412968 0.000921731 0.999917269 0.012828646 -2.042250633 0.007056656 -0.012834837 0.999892712 79.697662354
0.999982774 -0.000860142 -0.005800881 1.204368591 0.000933680 0.999919057 0.012686368 -2.049431562 0.005789500 -0.012691567 0.999902725 80.238914490
0.999989450 -0.000727942 -0.004535589 1.215807319 0.000785261 0.999919713 0.012648609 -2.056200027 0.004526017 -0.012652038 0.999909639 80.788368225
0.999994099 -0.001024674 -0.003284244 1.230318069 0.001066107 0.999919534 0.012638862 -2.062459469 0.003271029 -0.012642290 0.999914706 81.333145142
0.999999702 -0.000760174 0.000245124 1.240639329 0.000756996 0.999918878 0.012713795 -2.071880579 -0.000254769 -0.012713606 0.999919176 81.877616882
0.999991834 -0.002332074 0.003297864 1.268416166 0.002290772 0.999919534 0.012472753 -2.071696281 -0.003326687 -0.012465099 0.999916732 82.443946838
0.999979794 -0.001812776 0.006089124 1.297967553 0.001736546 0.999920249 0.012500975 -2.083383083 -0.006111301 -0.012490148 0.999903321 82.969276428
0.999936640 -0.002345072 0.011007131 1.318316817 0.002208269 0.999920368 0.012424245 -2.087034941 -0.011035392 -0.012399153 0.999862254 83.535408020
0.999855995 -0.002072415 0.016844779 1.351451993 0.001861864 0.999920070 0.012505569 -2.097760201 -0.016869349 -0.012472403 0.999779880 84.077209473
0.999745607 -0.002042968 0.022462312 1.383037686 0.001765366 0.999921918 0.012371455 -2.109042645 -0.022485830 -0.012328654 0.999671102 84.617713928
0.999611914 -0.003006304 0.027692987 1.438909531 0.002674944 0.999924481 0.011994765 -2.106377125 -0.027726956 -0.011916034 0.999544442 85.200080872
0.999363661 -0.002997136 0.035543557 1.484530210 0.002592301 0.999931335 0.011430431 -2.087791443 -0.035575382 -0.011331018 0.999302745 85.828598022
0.999057770 -0.002702376 0.043315552 1.499276638 0.002219466 0.999934912 0.011192876 -2.119790077 -0.043342981 -0.011086192 0.998998642 86.291130066
0.998746812 -0.004605369 0.049835850 1.574763298 0.004044663 0.999927461 0.011346061 -2.104086876 -0.049884487 -0.011130272 0.998692989 86.920761108
0.998276114 -0.005036955 0.058478177 1.630553722 0.004381187 0.999926150 0.011336708 -2.109694242 -0.058530960 -0.011060959 0.998224318 87.442413330
0.997645676 -0.005250148 0.068376996 1.690405369 0.004488036 0.999926150 0.011294610 -2.121652842 -0.068431236 -0.010961141 0.997595608 87.987838745
0.997020721 -0.005404895 0.076944962 1.747166157 0.004557434 0.999927044 0.011185206 -2.122981310 -0.076999806 -0.010801213 0.996972620 88.550132751
0.996361256 -0.005972707 0.085021228 1.814785004 0.005070424 0.999928594 0.010824416 -2.134282351 -0.085079804 -0.010353936 0.996320367 89.093635559
0.995427191 -0.005556671 0.095361531 1.900410652 0.004532037 0.999929667 0.010957952 -2.141263485 -0.095415719 -0.010475663 0.995382309 89.689270020
0.994367063 -0.006514968 0.105790675 1.983493328 0.005424909 0.999929249 0.010588419 -2.147063971 -0.105852172 -0.009954869 0.994332016 90.233787537
0.993340492 -0.006916418 0.115007930 2.078784943 0.005732302 0.999927163 0.010623498 -2.153835773 -0.115073025 -0.009893491 0.993307769 90.786834717
0.992021084 -0.006949977 0.125880167 2.170346260 0.005648994 0.999926925 0.010689110 -2.161100864 -0.125945270 -0.009892730 0.991987824 91.336288452
0.990411937 -0.007054829 0.137964338 2.277508736 0.005614997 0.999925673 0.010822674 -2.176949024 -0.138030455 -0.009944240 0.990378082 91.873283386
0.988874078 -0.007543194 0.148563087 2.386734962 0.006019740 0.999924600 0.010701574 -2.182400227 -0.148632601 -0.009688197 0.988845050 92.437606812
0.987293363 -0.007969838 0.158708394 2.499475479 0.006323979 0.999920845 0.010872685 -2.191289902 -0.158782467 -0.009730861 0.987265646 92.977790833
0.985090435 -0.008244246 0.171839565 2.621150970 0.006494678 0.999921203 0.010741130 -2.201166868 -0.171914577 -0.009464943 0.985066414 93.509918213
0.982870817 -0.008630441 0.184093222 2.738019943 0.006743063 0.999918103 0.010875858 -2.210216761 -0.184172004 -0.009448214 0.982848644 94.048812866
0.980902910 -0.008984889 0.194290057 2.869062424 0.007047703 0.999918342 0.010659534 -2.214509964 -0.194369972 -0.009086669 0.980886161 94.592155457
0.978207350 -0.008917771 0.207438588 2.998571396 0.006810036 0.999917626 0.010872662 -2.225369692 -0.207518458 -0.009223055 0.978187621 95.127388000
0.975256920 -0.009139683 0.220885545 3.142827988 0.006846488 0.999914467 0.011145219 -2.234565735 -0.220968485 -0.009357163 0.975236058 95.659347534
0.972676516 -0.009711654 0.231961459 3.293807983 0.007337312 0.999911487 0.011096514 -2.242376328 -0.232048705 -0.009091347 0.972661674 96.202491760
0.969760776 -0.010195100 0.243844211 3.454696655 0.007778194 0.999910653 0.010872517 -2.248913288 -0.243933275 -0.008647075 0.969753444 96.728599548
0.966147363 -0.010107951 0.257792830 3.623136520 0.007403927 0.999906957 0.011457753 -2.260892391 -0.257884681 -0.009161199 0.966132224 97.250831604
0.962845266 -0.010787724 0.269838125 3.806255341 0.008094350 0.999905705 0.011092203 -2.268930435 -0.269932389 -0.008495911 0.962841749 97.773300171
0.959678650 -0.011858841 0.280849069 3.989536285 0.009044820 0.999895036 0.011313817 -2.276150703 -0.280953795 -0.008317399 0.959685266 98.298767090
0.955528498 -0.012279887 0.294642895 4.176265717 0.009288720 0.999890149 0.011549238 -2.282877207 -0.294752359 -0.008298771 0.955537677 98.829139709
0.951124609 -0.012181085 0.308567137 4.368524551 0.008994723 0.999890566 0.011746715 -2.294578075 -0.308676422 -0.008397114 0.951130152 99.339569092
0.947240710 -0.013140989 0.320253670 4.560256958 0.009896502 0.999881804 0.011756516 -2.294535637 -0.320370376 -0.007966857 0.947258830 99.861335754
0.942996681 -0.013225934 0.332539231 4.769676208 0.009793756 0.999880075 0.011995185 -2.310610056 -0.332657933 -0.008054614 0.943013132 100.357681274
0.937970102 -0.013176871 0.346465617 4.982858658 0.009633949 0.999882221 0.011946240 -2.315474510 -0.346582323 -0.007867385 0.937986493 100.866287231
0.933403850 -0.013709364 0.358565539 5.202289581 0.010027191 0.999876201 0.012126786 -2.323830605 -0.358687431 -0.007723784 0.933425725 101.386222839
0.929323435 -0.014076770 0.368998438 5.426422119 0.010358606 0.999873698 0.012055603 -2.332118511 -0.369121522 -0.007381245 0.929351807 101.864723206
0.923847854 -0.014186717 0.382496893 5.661653519 0.010338098 0.999873161 0.012115357 -2.336940765 -0.382620245 -0.007238456 0.923877358 102.371261597
0.918218076 -0.014497823 0.395809710 5.895298004 0.010390582 0.999867678 0.012518850 -2.346373796 -0.395938903 -0.007382341 0.918247223 102.859428406
0.913687110 -0.015589008 0.406119436 6.147418976 0.011469551 0.999855161 0.012575537 -2.355142593 -0.406256676 -0.006832098 0.913733542 103.352447510
0.907006025 -0.015180746 0.420843929 6.404865265 0.010891031 0.999861360 0.012594718 -2.359585047 -0.420976728 -0.006840063 0.907045662 103.850784302
0.900420964 -0.015655316 0.434737742 6.672374725 0.011230009 0.999855697 0.012746356 -2.369152069 -0.434874654 -0.006594979 0.900466800 104.332870483
0.894623041 -0.016807247 0.446505368 6.945209503 0.012375915 0.999841034 0.012839257 -2.377027988 -0.446650237 -0.005960382 0.894688845 104.814285278
0.889147580 -0.016831014 0.457310975 7.218513489 0.012178905 0.999839783 0.013119023 -2.382524014 -0.457458496 -0.006095198 0.889210105 105.297286987
0.882122874 -0.017472843 0.470695227 7.503028870 0.012731297 0.999831080 0.013255551 -2.390509129 -0.470847279 -0.005700462 0.882196426 105.776672363
0.875238776 -0.017788259 0.483364105 7.791660309 0.012970760 0.999827266 0.013308147 -2.394213200 -0.483517349 -0.005378205 0.875318289 106.247642517
