1.000000000 0.000000000 0.000000000 0.000000000 0.000000000 1.000000000 0.000000000 0.000000000 0.000000000 0.000000000 1.000000000 0.000000000
1.000000000 -0.000062286 -0.000206403 0.004837826 0.000062318 1.000000000 0.000155212 -0.003738867 0.000206393 -0.000155225 0.999999940 -0.003891994
1.000000000 0.000037069 0.000005419 0.000649960 -0.000037069 1.000000000 0.000071345 -0.002730579 -0.000005417 -0.000071345 1.000000000 -0.003163296
1.000000000 -0.000109399 -0.000149585 0.006437873 0.000109427 1.000000000 0.000186376 -0.003011777 0.000149564 -0.000186392 1.000000000 -0.004515766
1.000000000 -0.000042581 -0.000052872 0.000907162 0.000042583 1.000000000 0.000041281 -0.000470305 0.000052871 -0.000041283 1.000000000 0.000132867
1.000000000 -0.000032152 0.000062448 -0.000669185 0.000032151 1.000000000 0.000006933 -0.001636317 -0.000062449 -0.000006931 1.000000000 -0.001502518
1.000000000 -0.000088942 -0.000134001 0.004898409 0.000088965 1.000000000 0.000174801 -0.003236745 0.000133985 -0.000174813 1.000000000 -0.007151247
1.000000000 -0.000123658 -0.000056971 -0.000419721 0.000123660 1.000000000 0.000041677 0.000210794 0.000056966 -0.000041684 1.000000000 0.000704766
1.000000000 0.000007014 -0.000086617 0.002565711 -0.000007006 1.000000000 0.000090802 -0.003428848 0.000086617 -0.000090801 1.000000000 -0.009062951
1.000000000 0.000020969 0.000039133 0.000618547 -0.000020973 1.000000000 0.000107810 -0.002584647 -0.000039131 -0.000107811 1.000000000 -0.005674474
1.000000000 0.000117449 0.000088556 -0.001164839 -0.000117453 1.000000000 0.000047869 -0.000972487 -0.000088550 -0.000047879 1.000000000 -0.005116197
1.000000000 -0.000106766 -0.000023574 -0.000490503 0.000106768 1.000000000 0.000090871 -0.003843207 0.000023564 -0.000090874 1.000000000 -0.008579927
1.000000000 -0.000066458 -0.000006925 0.000308680 0.000066458 1.000000000 0.000061627 -0.001842600 0.000006921 -0.000061627 1.000000000 -0.006265113
1.000000000 -0.000072768 -0.000014376 0.000531720 0.000072770 1.000000000 0.000099760 -0.002146620 0.000014369 -0.000099761 1.000000000 -0.005967301
0.999999940 -0.000231334 -0.000079882 0.001430638 0.000231349 0.999999940 0.000195016 -0.002571043 0.000079837 -0.000195035 1.000000000 -0.008127208
0.999999940 -0.000265829 -0.000106857 -0.000705511 0.000265843 0.999999940 0.000134011 -0.002934760 0.000106821 -0.000134039 1.000000000 -0.009045819
1.000000000 -0.000158490 0.000029137 0.000063544 0.000158488 1.000000000 0.000052868 -0.001171809 -0.000029146 -0.000052863 1.000000000 -0.008063998
1.000000000 0.000054827 0.000003027 0.001984591 -0.000054828 1.000000000 0.000184459 -0.003559577 -0.000003017 -0.000184459 1.000000000 -0.011532655
1.000000000 -0.000227113 -0.000071374 0.001924234 0.000227124 0.999999940 0.000149311 -0.004765638 0.000071340 -0.000149327 1.000000000 -0.010242799
1.000000000 -0.000216858 -0.000046447 0.002363743 0.000216864 0.999999940 0.000127880 -0.005384461 0.000046419 -0.000127890 1.000000000 -0.012277906
1.000000000 -0.000056833 -0.000033135 0.002934773 0.000056841 0.999999940 0.000243146 -0.005752811 0.000033121 -0.000243148 0.999999940 -0.014018897
1.000000000 0.000022656 0.000047386 -0.000634649 -0.000022662 1.000000000 0.000112457 -0.001087557 -0.000047384 -0.000112458 1.000000000 -0.006677074
0.999999940 -0.000213935 -0.000155653 0.004677386 0.000213962 0.999999940 0.000171944 -0.003552909 0.000155616 -0.000171977 1.000000000 -0.012899730
1.000000000 -0.000198251 -0.000094213 0.003128439 0.000198276 0.999999940 0.000268168 -0.004520511 0.000094160 -0.000268187 0.999999940 -0.010469689
1.000000000 -0.000073826 -0.000135387 0.005984760 0.000073853 1.000000000 0.000201226 -0.003421563 0.000135372 -0.000201236 1.000000000 -0.015794074
1.000000000 -0.000083097 -0.000043632 0.000922193 0.000083106 1.000000000 0.000208737 -0.003076718 0.000043614 -0.000208740 1.000000000 -0.013752573
1.000000000 -0.000084158 -0.000013835 -0.001586330 0.000084161 1.000000000 0.000205429 -0.004851254 0.000013817 -0.000205430 1.000000000 -0.015332672
1.000000000 -0.000077807 -0.000002476 -0.001204899 0.000077807 1.000000000 0.000192364 -0.003240895 0.000002461 -0.000192365 1.000000000 -0.009567583
0.999999940 -0.000249099 -0.000152593 -0.000152013 0.000249119 0.999999940 0.000135202 0.000309177 0.000152560 -0.000135240 1.000000000 -0.007396533
1.000000000 -0.000131035 -0.000108619 0.001752931 0.000131057 1.000000000 0.000201364 -0.002470141 0.000108592 -0.000201378 1.000000000 -0.009578598
1.000000000 -0.000137188 0.000024138 -0.001247775 0.000137185 1.000000000 0.000124029 -0.001629920 -0.000024155 -0.000124026 1.000000000 -0.003102992
0.999999940 -0.000233879 -0.000090355 -0.001591868 0.000233900 0.999999940 0.000229609 -0.002700514 0.000090301 -0.000229630 0.999999940 -0.009506293
0.999999940 -0.000191668 -0.000157105 0.002241200 0.000191709 0.999999940 0.000260921 -0.003619274 0.000157055 -0.000260951 0.999999940 -0.014236164
1.000000000 -0.000023885 -0.000121188 -0.000086518 0.000023896 1.000000000 0.000088959 -0.000997997 0.000121186 -0.000088962 1.000000000 -0.005734474
1.000000000 -0.000094652 -0.000072464 -0.001038818 0.000094657 1.000000000 0.000071981 -0.000657879 0.000072457 -0.000071988 1.000000000 -0.007062800
1.000000000 -0.000184330 -0.000068548 -0.001747069 0.000184329 1.000000000 -0.000012813 0.000390467 0.000068550 0.000012800 1.000000000 -0.010855503
0.999999940 -0.000263643 -0.000203978 0.003649081 0.000263658 0.999999940 0.000071291 -0.001095101 0.000203959 -0.000071344 1.000000000 -0.009750502
1.000000000 -0.000199101 -0.000035201 0.000635360 0.000199102 1.000000000 0.000038968 0.000193302 0.000035193 -0.000038975 1.000000000 -0.008372288
1.000000000 -0.000070837 -0.000112000 0.002308849 0.000070877 0.999999940 0.000360001 -0.003581984 0.000111974 -0.000360009 0.999999940 -0.018581582
0.999999940 -0.000268654 -0.000241672 0.004863336 0.000268694 0.999999940 0.000166616 -0.005724931 0.000241627 -0.000166681 0.999999940 -0.006384396
1.000000000 -0.000056018 -0.000181805 0.008561846 0.000055941 0.999999881 -0.000424242 -0.008915520 0.000181828 0.000424232 0.999999881 0.041542280
1.000000000 -0.000036233 -0.000186800 0.008140583 0.000035987 0.999999106 -0.001317289 -0.003201236 0.000186848 0.001317282 0.999999106 0.144050866
1.000000000 -0.000057546 -0.000046194 0.004534042 0.000057480 0.999998987 -0.001433089 -0.010046916 0.000046276 0.001433087 0.999998987 0.263704479
0.999999940 -0.000309870 0.000204080 0.001649779 0.000310120 0.999999225 -0.001225709 -0.016503708 -0.000203700 0.001225772 0.999999225 0.384455025
1.000000000 0.000145097 -0.000011223 0.005961846 -0.000145110 0.999999344 -0.001126204 -0.021718353 0.000011060 0.001126205 0.999999344 0.534490585
1.000000000 0.000138167 0.000034497 0.017314535 -0.000138126 0.999999285 -0.001180423 -0.026142804 -0.000034660 0.001180418 0.999999285 0.681320906
1.000000000 0.000038037 0.000149471 0.031764403 -0.000037928 0.999999762 -0.000729870 -0.039138053 -0.000149499 0.000729864 0.999999702 0.857179105
1.000000000 -0.000094754 0.000127960 0.024169132 0.000094824 0.999999821 -0.000553561 -0.038429685 -0.000127908 0.000553573 0.999999821 1.022635102
0.999999821 0.000235548 0.000577797 0.011557635 -0.000235134 0.999999702 -0.000718091 -0.039247040 -0.000577966 0.000717955 0.999999583 1.204857111
0.999999940 0.000134893 0.000305929 0.032170739 -0.000134757 0.999999881 -0.000444740 -0.053632297 -0.000305989 0.000444699 0.999999881 1.420008183
0.999999821 0.000353201 0.000502723 0.031475458 -0.000352899 0.999999762 -0.000600057 -0.057734940 -0.000502935 0.000599879 0.999999702 1.611208081
0.999999523 0.000651405 0.000756478 0.038073517 -0.000651234 0.999999762 -0.000225708 -0.068920814 -0.000756625 0.000225216 0.999999702 1.810516000
0.999999166 -0.000455293 0.001206746 0.012662305 0.000451719 0.999995530 0.002960109 -0.097333148 -0.001208089 -0.002959561 0.999994874 1.880022764
0.999998569 -0.000038572 0.001691516 0.016605878 0.000033833 0.999996066 0.002801694 -0.102503471 -0.001691617 -0.002801633 0.999994636 2.104221821
0.999998331 0.000483736 0.001754979 0.014587581 -0.000488769 0.999995828 0.002868352 -0.104518130 -0.001753584 -0.002869205 0.999994338 2.314520836
0.999998748 -0.000245276 0.001511858 0.023424946 0.000240787 0.999995530 0.002968877 -0.117899813 -0.001512580 -0.002968510 0.999994457 2.549377680
0.999998629 -0.000111864 0.001678207 0.028068881 0.000106329 0.999994636 0.003298088 -0.123172864 -0.001678567 -0.003297905 0.999993145 2.780392408
0.999998629 -0.000066197 0.001675623 0.034150012 0.000060993 0.999995172 0.003105296 -0.127009809 -0.001675820 -0.003105189 0.999993801 3.024589062
0.999998331 -0.000508117 0.001788936 0.028451717 0.000502432 0.999994874 0.003176865 -0.132721245 -0.001790541 -0.003175960 0.999993384 3.248528242
0.999998927 -0.000258062 0.001459601 0.044718642 0.000253460 0.999994934 0.003151941 -0.144932210 -0.001460407 -0.003151567 0.999993980 3.490742207
0.999998987 0.000082027 0.001422648 0.049302969 -0.000086527 0.999994993 0.003163549 -0.149021819 -0.001422382 -0.003163669 0.999993980 3.739564896
0.999999225 -0.000491055 0.001227933 0.061631821 0.000486928 0.999994278 0.003359248 -0.156412587 -0.001229576 -0.003358648 0.999993622 4.017103195
0.999998510 0.000480341 0.001674500 0.055530366 -0.000486259 0.999993622 0.003535470 -0.163970754 -0.001672791 -0.003536278 0.999992371 4.272302151
0.999999344 -0.000584646 0.000969904 0.068468295 0.000581366 0.999994099 0.003378809 -0.176816165 -0.000971873 -0.003378243 0.999993801 4.502034187
0.999999285 -0.000306641 0.001209188 0.078405596 0.000301977 0.999992549 0.003855650 -0.187394544 -0.001210362 -0.003855282 0.999991834 4.761159897
0.999998987 -0.000551283 0.001295867 0.083217703 0.000547032 0.999994457 0.003278451 -0.186791524 -0.001297668 -0.003277739 0.999993742 5.021159649
0.999998808 -0.000396152 0.001458330 0.073623121 0.000391078 0.999993861 0.003477442 -0.194974884 -0.001459699 -0.003476868 0.999992788 5.299959660
0.999998212 -0.000629860 0.001772454 0.073647909 0.000623317 0.999993026 0.003689614 -0.217683047 -0.001774766 -0.003688503 0.999991536 5.553252220
0.999998271 -0.000235728 0.001836976 0.082125999 0.000228969 0.999993205 0.003678797 -0.224393919 -0.001837831 -0.003678370 0.999991477 5.827962875
0.999997675 -0.000184856 0.002152006 0.084478520 0.000176804 0.999993026 0.003741186 -0.233079940 -0.002152683 -0.003740797 0.999990642 6.100208282
0.999997675 -0.000723600 0.002009565 0.093313791 0.000716175 0.999992967 0.003692988 -0.243828282 -0.002012223 -0.003691540 0.999991119 6.368628502
0.999997854 -0.000856901 0.001866827 0.102131039 0.000849824 0.999992549 0.003788269 -0.258009374 -0.001870059 -0.003786675 0.999991059 6.666018963
0.999997258 -0.000880332 0.002127416 0.117594577 0.000872018 0.999992073 0.003906024 -0.256249070 -0.002130838 -0.003904159 0.999990046 6.982962608
0.999998331 -0.001317932 0.001252123 0.130299240 0.001312405 0.999989450 0.004405166 -0.286772490 -0.001257915 -0.004403516 0.999989510 7.322564125
0.999998033 -0.001370651 0.001442345 0.139203772 0.001364276 0.999989390 0.004412014 -0.296832949 -0.001448377 -0.004410038 0.999989212 7.632009506
0.999999046 -0.000881397 0.001092346 0.154289544 0.000875897 0.999987006 0.005025865 -0.313275039 -0.001096761 -0.005024903 0.999986708 7.946022987
0.999998629 -0.001114541 0.001260769 0.145275027 0.001108800 0.999989033 0.004545237 -0.304097623 -0.001265822 -0.004543833 0.999988854 8.284425735
0.999998152 -0.001140995 0.001564130 0.146128803 0.001133458 0.999987841 0.004811218 -0.316359937 -0.001569601 -0.004809436 0.999987185 8.599051476
0.999998033 -0.001352302 0.001456524 0.137233689 0.001344768 0.999985814 0.005161160 -0.330804110 -0.001463482 -0.005159192 0.999985635 8.931263924
0.999997795 -0.001651069 0.001299635 0.143598914 0.001644765 0.999987066 0.004836931 -0.339178503 -0.001307604 -0.004834783 0.999987483 9.307917595
0.999996722 -0.002282473 0.001162069 0.156095982 0.002277099 0.999986887 0.004605035 -0.343415618 -0.001172565 -0.004602375 0.999988735 9.652547836
0.999996841 -0.002400066 0.000647772 0.173994943 0.002396914 0.999985456 0.004823168 -0.351419061 -0.000659339 -0.004821601 0.999988198 10.008283615
0.999997079 -0.002036069 0.001302265 0.170240715 0.002029520 0.999985397 0.005010272 -0.363475472 -0.001312447 -0.005007615 0.999986649 10.359298706
0.999997735 -0.001917380 0.000864947 0.184600055 0.001912759 0.999984086 0.005312852 -0.372101992 -0.000875120 -0.005311186 0.999985576 10.744112015
0.999996662 -0.002528263 0.000589778 0.213720933 0.002525180 0.999983490 0.005170749 -0.367909163 -0.000602842 -0.005169244 0.999986470 11.140249252
0.999996781 -0.002348134 0.000865246 0.205247045 0.002343164 0.999980986 0.005700933 -0.422318161 -0.000878616 -0.005698888 0.999983370 11.473545074
0.999996305 -0.002583046 0.000800551 0.215314969 0.002578627 0.999981701 0.005473008 -0.424106985 -0.000814674 -0.005470924 0.999984682 11.860888481
0.999995768 -0.002817597 0.000756338 0.230354354 0.002813075 0.999978602 0.005914777 -0.436452985 -0.000772987 -0.005912624 0.999982238 12.255146027
0.999997914 -0.001236971 0.001653665 0.218498260 0.001226874 0.999980688 0.006093154 -0.445919991 -0.001661170 -0.006091112 0.999980092 12.600516319
0.999996722 -0.002266088 0.001112249 0.242498696 0.002259272 0.999978840 0.006090793 -0.449748337 -0.001126028 -0.006088261 0.999980867 13.013412476
0.999995470 -0.002862196 0.000866220 0.237670124 0.002856934 0.999977827 0.006016205 -0.487192988 -0.000883421 -0.006013703 0.999981523 13.433694839
0.999997437 -0.001708566 0.001462959 0.239097103 0.001698844 0.999976635 0.006621648 -0.501177430 -0.001474238 -0.006619145 0.999976993 13.851556778
0.999996960 -0.001966182 0.001486738 0.249449298 0.001955824 0.999974012 0.006936680 -0.503619909 -0.001500338 -0.006933751 0.999974787 14.283624649
0.999995232 -0.002707193 0.001481117 0.269514382 0.002697363 0.999974549 0.006598723 -0.522317231 -0.001498943 -0.006594697 0.999977112 14.703378677
0.999994099 -0.002991619 0.001677797 0.270368546 0.002980522 0.999973953 0.006578095 -0.527468204 -0.001697432 -0.006573055 0.999976873 15.152731895
0.999990225 -0.004161232 0.001445159 0.287266642 0.004150325 0.999963462 0.007469778 -0.572327495 -0.001476190 -0.007463707 0.999971032 15.588672638
0.999992430 -0.002967290 0.002486476 0.294065386 0.002948993 0.999968767 0.007330088 -0.578519046 -0.002508149 -0.007322701 0.999970019 16.026166916
0.999987543 -0.004720436 0.001589675 0.308092475 0.004707584 0.999956906 0.007993896 -0.601952851 -0.001627342 -0.007986313 0.999966800 16.453714371
0.999988079 -0.004243420 0.002395890 0.310955852 0.004225533 0.999963462 0.007421995 -0.598496258 -0.002427297 -0.007411782 0.999969602 16.907489777
0.999989688 -0.003838830 0.002413713 0.335630655 0.003821171 0.999966145 0.007278471 -0.612325609 -0.002441572 -0.007269173 0.999970555 17.385902405
0.999991119 -0.003453592 0.002384895 0.332136869 0.003436606 0.999968886 0.007090086 -0.615838230 -0.002409308 -0.007081828 0.999971986 17.896347046
0.999988019 -0.003929427 0.002911185 0.340152860 0.003903872 0.999954224 0.008732623 -0.672291279 -0.002945366 -0.008721154 0.999957621 18.370738983
0.999985039 -0.004338540 0.003319776 0.356781751 0.004309917 0.999953806 0.008580916 -0.678199828 -0.003356851 -0.008566479 0.999957681 18.840826035
0.999985754 -0.004644850 0.002605309 0.371336728 0.004621649 0.999950171 0.008841685 -0.692547202 -0.002646248 -0.008829518 0.999957502 19.308303833
0.999985218 -0.004257516 0.003370282 0.371526569 0.004229100 0.999955773 0.008394251 -0.698690116 -0.003405872 -0.008379872 0.999959111 19.842323303
0.999988973 -0.003172787 0.003443514 0.386288434 0.003143391 0.999958813 0.008508765 -0.710063338 -0.003470368 -0.008497848 0.999957860 20.317136765
0.999984741 -0.004622046 0.003015986 0.395322233 0.004594747 0.999948978 0.008996425 -0.737296343 -0.003057414 -0.008982431 0.999954998 20.819862366
0.999983966 -0.004936867 0.002759896 0.405994952 0.004910086 0.999941647 0.009627528 -0.756224632 -0.002807264 -0.009613825 0.999949872 21.317077637
0.999988437 -0.004333594 0.002071562 0.425195277 0.004313450 0.999944329 0.009631325 -0.775948763 -0.002113185 -0.009622279 0.999951482 21.833677292
0.999989212 -0.004076886 0.002179069 0.433843285 0.004055091 0.999942601 0.009914855 -0.782435596 -0.002219365 -0.009905913 0.999948561 22.340518951
0.999981105 -0.006041034 0.001048777 0.465245366 0.006030270 0.999932051 0.009979410 -0.793636560 -0.001108992 -0.009972900 0.999949634 22.810123444
0.999972939 -0.007374667 -0.000116305 0.490543514 0.007375440 0.999927640 0.009495984 -0.807984293 0.000046266 -0.009496583 0.999954879 23.337581635
0.999972582 -0.007372970 -0.000766954 0.495440722 0.007380220 0.999923408 0.009922946 -0.824006438 0.000693734 -0.009928334 0.999950469 23.863151550
0.999972045 -0.007395402 -0.001098227 0.499512941 0.007405275 0.999929488 0.009277557 -0.835150599 0.001029538 -0.009285429 0.999956310 24.412019730
0.999976516 -0.006563483 -0.001983711 0.507197082 0.006582010 0.999933302 0.009481320 -0.842934728 0.001921348 -0.009494154 0.999953091 24.993423462
0.999975204 -0.006580147 -0.002517357 0.514523268 0.006604624 0.999929786 0.009841536 -0.864829123 0.002452421 -0.009857918 0.999948382 25.520830154
0.999966800 -0.007527247 -0.003135704 0.522212029 0.007557651 0.999923408 0.009799586 -0.868824363 0.003061700 -0.009822959 0.999947071 26.063390732
0.999962747 -0.007705500 -0.003918088 0.533140540 0.007742452 0.999924839 0.009504869 -0.875373244 0.003844553 -0.009534849 0.999947131 26.611568451
0.999956787 -0.008163583 -0.004477005 0.566184700 0.008211398 0.999908268 0.010767684 -0.888781667 0.004388690 -0.010803981 0.999931991 27.159118652
0.999952734 -0.008501461 -0.004740227 0.551087081 0.008552320 0.999904931 0.010814022 -0.925428510 0.004647842 -0.010854051 0.999930203 27.708185196
0.999955237 -0.007976446 -0.005091960 0.561750233 0.008033155 0.999904811 0.011215406 -0.943599701 0.005002016 -0.011255809 0.999924123 28.255407333
0.999957621 -0.007768433 -0.004940496 0.562397838 0.007824040 0.999905109 0.011337365 -0.950053453 0.004851954 -0.011375539 0.999923408 28.814737320
0.999955356 -0.007827316 -0.005282973 0.574191809 0.007890278 0.999896824 0.012004077 -0.964119613 0.005188467 -0.012045226 0.999913931 29.353950500
0.999946058 -0.008158219 -0.006421785 0.600845337 0.008236919 0.999890029 0.012325601 -0.972621083 0.006320524 -0.012377828 0.999903321 29.889854431
0.999934971 -0.008972544 -0.007037330 0.590847373 0.009055768 0.999888361 0.011884680 -0.989075661 0.006929909 -0.011947638 0.999904573 30.297491074
0.999935269 -0.008721435 -0.007306808 0.607071400 0.008808432 0.999889612 0.011960045 -1.005783319 0.007201693 -0.012023633 0.999901772 30.842483521
0.999923348 -0.009320318 -0.008144269 0.615396619 0.009415005 0.999887586 0.011666187 -1.013048172 0.008034620 -0.011741971 0.999898791 31.406869888
0.999924541 -0.009467836 -0.007824060 0.604745865 0.009570307 0.999867558 0.013165005 -1.064912319 0.007698379 -0.013238892 0.999882698 31.832216263
0.999917030 -0.009850941 -0.008288177 0.616172791 0.009959211 0.999864280 0.013124857 -1.075481176 0.008157758 -0.013206312 0.999879479 32.357978821
0.999910951 -0.010310273 -0.008476006 0.618189573 0.010419238 0.999862373 0.012913733 -1.075589180 0.008341695 -0.013000894 0.999880672 32.883182526
0.999930322 -0.008705991 -0.007967412 0.595664024 0.008809959 0.999875307 0.013108517 -1.102542758 0.007852296 -0.013177796 0.999882340 33.384670258
0.999910712 -0.009940743 -0.008920627 0.611479700 0.010053785 0.999868572 0.012717883 -1.093707204 0.008793029 -0.012806435 0.999879301 34.013977051
0.999913037 -0.009997133 -0.008605015 0.602291882 0.010110838 0.999860823 0.013273340 -1.114948511 0.008471123 -0.013359188 0.999874890 34.542713165
0.999917805 -0.009635528 -0.008455245 0.597669959 0.009759249 0.999844074 0.014715385 -1.181746483 0.008312134 -0.014796692 0.999855995 34.938346863
0.999913692 -0.009748913 -0.008803406 0.608371377 0.009873386 0.999850273 0.014208151 -1.176697016 0.008663572 -0.014293845 0.999860287 35.483459473
0.999914527 -0.009607113 -0.008866531 0.607659817 0.009735798 0.999846220 0.014586245 -1.199091911 0.008725035 -0.014671320 0.999854386 36.022121429
0.999922812 -0.009185310 -0.008362356 0.593604326 0.009302269 0.999857903 0.014056544 -1.195694804 0.008232055 -0.014133248 0.999866247 36.569141388
0.999926388 -0.008510309 -0.008640833 0.622422457 0.008638467 0.999851584 0.014904247 -1.218322515 0.008512713 -0.014977794 0.999851584 37.089977264
0.999896228 -0.010995151 -0.009301965 0.627729714 0.011132931 0.999827087 0.014892068 -1.220161676 0.009136615 -0.014994082 0.999845803 37.675338745
0.999911308 -0.009372822 -0.009457233 0.624881089 0.009519940 0.999832451 0.015633035 -1.248352766 0.009309124 -0.015721681 0.999833047 38.168781281
0.999892652 -0.011741603 -0.008768145 0.588617623 0.011884946 0.999793530 0.016479263 -1.266769528 0.008572844 -0.016581701 0.999825716 38.706806183
0.999886334 -0.011722995 -0.009478374 0.601415813 0.011884226 0.999782443 0.017137103 -1.300716400 0.009275417 -0.017247800 0.999808252 39.164169312
0.999894559 -0.010640385 -0.009881820 0.630278826 0.010806743 0.999798179 0.016936962 -1.302904487 0.009699612 -0.017041966 0.999807656 39.629669189
0.999906123 -0.010369441 -0.008954939 0.622527540 0.010519186 0.999802828 0.016840201 -1.318186045 0.008778553 -0.016932813 0.999818027 40.152862549
0.999902129 -0.010000109 -0.009784284 0.653835595 0.010155958 0.999820232 0.016010419 -1.309044123 0.009622421 -0.016108217 0.999823928 40.709228516
0.999913156 -0.009333615 -0.009308852 0.648551941 0.009483216 0.999824464 0.016158253 -1.320835948 0.009156404 -0.016245125 0.999826014 41.267620087
0.999915898 -0.009270324 -0.009059420 0.635970950 0.009422029 0.999813616 0.016848890 -1.341743469 0.008901538 -0.016932832 0.999816895 41.798912048
0.999874890 -0.010900127 -0.011463169 0.701961398 0.011091711 0.999797583 0.016784437 -1.345755577 0.011277896 -0.016909482 0.999793351 42.364795685
0.999861717 -0.012450622 -0.011025140 0.658865213 0.012652347 0.999750257 0.018419942 -1.361296535 0.010793047 -0.018556884 0.999769568 42.857650757
0.999882758 -0.011188793 -0.010460569 0.687983692 0.011368062 0.999786794 0.017238045 -1.363078117 0.010265466 -0.017354937 0.999796629 43.458824158
0.999885142 -0.010903386 -0.010520703 0.667830944 0.011085819 0.999786317 0.017440770 -1.368456602 0.010328292 -0.017555399 0.999792516 43.832130432
0.999878407 -0.011451822 -0.010579201 0.675695658 0.011632559 0.999784589 0.017183576 -1.370229125 0.010380139 -0.017304549 0.999796391 44.387966156
0.999883950 -0.010960744 -0.010576342 0.688178897 0.011135394 0.999800205 0.016598228 -1.366603136 0.010392303 -0.016714074 0.999806285 44.941295624
0.999861062 -0.012302251 -0.011244376 0.717752159 0.012495033 0.999773383 0.017238472 -1.367242336 0.011029756 -0.017376574 0.999788105 45.472633362
0.999853909 -0.012572196 -0.011584343 0.732453883 0.012773620 0.999765575 0.017480705 -1.375764608 0.011361857 -0.017626125 0.999780059 46.007549286
0.999905527 -0.009581466 -0.009857823 0.677991509 0.009755530 0.999794602 0.017763574 -1.415905714 0.009685596 -0.017858064 0.999793530 46.444278717
0.999892950 -0.009890305 -0.010786787 0.693661332 0.010077938 0.999796391 0.017481312 -1.418074608 0.010611694 -0.017588146 0.999788940 46.987308502
0.999903321 -0.009666806 -0.009993687 0.682614684 0.009842445 0.999795258 0.017677799 -1.424974680 0.009820757 -0.017774452 0.999793708 47.550445557
0.999909580 -0.009663173 -0.009352448 0.668457091 0.009826488 0.999797165 0.017576609 -1.431550980 0.009180707 -0.017666919 0.999801695 48.079910278
0.999921441 -0.008764605 -0.008965803 0.664440155 0.008929397 0.999788821 0.018508133 -1.451107383 0.008801693 -0.018586736 0.999788404 48.627353668
0.999908507 -0.009274684 -0.009845197 0.700880051 0.009458584 0.999778509 0.018799940 -1.466665506 0.009668655 -0.018891344 0.999774754 49.024837494
0.999901652 -0.009591307 -0.010231060 0.706581414 0.009786924 0.999766946 0.019244390 -1.476046324 0.010044098 -0.019342629 0.999762416 49.568870544
0.999921799 -0.008484486 -0.009188269 0.690318108 0.008663200 0.999770582 0.019588342 -1.484595537 0.009019963 -0.019666411 0.999765992 50.116256714
0.999918103 -0.008617346 -0.009465748 0.703083515 0.008795878 0.999781013 0.018984031 -1.482402563 0.009300086 -0.019065736 0.999775052 50.653751373
0.999911129 -0.008784746 -0.010024729 0.707861125 0.008981627 0.999764204 0.019766586 -1.495680690 0.009848720 -0.019854866 0.999754369 51.099700928
0.999913752 -0.008435437 -0.010071828 0.722958028 0.008632744 0.999768436 0.019710073 -1.504061580 0.009903233 -0.019795317 0.999755025 51.636486053
0.999904573 -0.009183275 -0.010328266 0.741400599 0.009384082 0.999764562 0.019564949 -1.498929262 0.010146165 -0.019660000 0.999755263 52.176128387
0.999921262 -0.008307844 -0.009413531 0.704771161 0.008491226 0.999771595 0.019611048 -1.516107798 0.009248456 -0.019689435 0.999763370 52.710903168
0.999920487 -0.008479062 -0.009331086 0.695670962 0.008670096 0.999749601 0.020626474 -1.544139385 0.009153857 -0.020705730 0.999743700 53.152996063
0.999927759 -0.007894295 -0.009062222 0.697848022 0.008078476 0.999757886 0.020470917 -1.541980386 0.008898424 -0.020542650 0.999749422 53.714008331
0.999924660 -0.008145563 -0.009178703 0.707108140 0.008328140 0.999764621 0.020031877 -1.548971534 0.009013372 -0.020106811 0.999757230 54.270469666
0.999924660 -0.008068792 -0.009251724 0.723233581 0.008250050 0.999771535 0.019724127 -1.538186669 0.009090460 -0.019798970 0.999762654 54.812946320
0.999929309 -0.007805484 -0.008966859 0.729764223 0.007984300 0.999766469 0.020082414 -1.545769095 0.008808011 -0.020152589 0.999758065 55.318267822
0.999926627 -0.008241668 -0.008873935 0.774286449 0.008419317 0.999761105 0.020171467 -1.566693783 0.008705569 -0.020244701 0.999757171 55.880519867
0.999924660 -0.007867326 -0.009423286 0.731057465 0.008071850 0.999728322 0.021866443 -1.599947095 0.009248695 -0.021940859 0.999716461 56.245140076
0.999931872 -0.007252895 -0.009156681 0.736276925 0.007448005 0.999742091 0.021456910 -1.605683923 0.008998693 -0.021523643 0.999727786 56.817886353
0.999926627 -0.007838789 -0.009237226 0.754257143 0.008031196 0.999747694 0.020979874 -1.597858787 0.009070440 -0.021052523 0.999737203 57.380691528
0.999928892 -0.007276907 -0.009458619 0.758021295 0.007476578 0.999746323 0.021249099 -1.599431992 0.009301593 -0.021318303 0.999729455 57.951923370
0.999913514 -0.008433067 -0.010097755 0.756262660 0.008647399 0.999734223 0.021373602 -1.606332660 0.009914826 -0.021459075 0.999720514 58.426933289
0.999918699 -0.008100111 -0.009854691 0.756300747 0.008315730 0.999722540 0.022039380 -1.622243881 0.009673436 -0.022119533 0.999708474 58.921375275
0.999919653 -0.008263405 -0.009613542 0.740970731 0.008483755 0.999696910 0.023110358 -1.656659365 0.009419656 -0.023190061 0.999686658 59.348907471
0.999930382 -0.007713366 -0.008939425 0.745032549 0.007915464 0.999708831 0.022797013 -1.666769147 0.008760979 -0.022866184 0.999700129 59.893814087
0.999920070 -0.008065012 -0.009737623 0.806539953 0.008291966 0.999689519 0.023495983 -1.696427584 0.009545104 -0.023574848 0.999676526 60.384967804
0.999928534 -0.007760739 -0.009098628 0.807417810 0.007972864 0.999691725 0.023513980 -1.693253279 0.008913336 -0.023584843 0.999682188 60.854999542
0.999928057 -0.007816494 -0.009103205 0.800807118 0.008028354 0.999692261 0.023473941 -1.685978889 0.008916919 -0.023545334 0.999683022 61.388141632
0.999931097 -0.007452873 -0.009070184 0.765126944 0.007666579 0.999688268 0.023759183 -1.694904447 0.008890283 -0.023827085 0.999676585 61.917358398
0.999932230 -0.007627686 -0.008798834 0.767045915 0.007829927 0.999700487 0.023184109 -1.692923665 0.008619358 -0.023251433 0.999692500 62.471607208
0.999934256 -0.007425336 -0.008739076 0.750286639 0.007634159 0.999680161 0.024109652 -1.728743196 0.008557259 -0.024174782 0.999671102 62.999069214
0.999937117 -0.007088060 -0.008689508 0.766419947 0.007295121 0.999684513 0.024033392 -1.725462317 0.008516417 -0.024095275 0.999673426 63.541866302
0.999943912 -0.006233073 -0.008561974 0.769593716 0.006431764 0.999706030 0.023378167 -1.720561147 0.008413741 -0.023431927 0.999689996 64.117736816
0.999937117 -0.007307189 -0.008508744 0.784954429 0.007503755 0.999700248 0.023303671 -1.694637895 0.008335910 -0.023366055 0.999692202 64.611404419
0.999941766 -0.006596199 -0.008539193 0.782268584 0.006805233 0.999672055 0.024686301 -1.745868087 0.008373558 -0.024742976 0.999658763 65.076736450
0.999942243 -0.006428879 -0.008605747 0.786502302 0.006637243 0.999679983 0.024406746 -1.749207139 0.008446086 -0.024462456 0.999665082 65.622352600
0.999948919 -0.005480931 -0.008490033 0.797794819 0.005695280 0.999660254 0.025432264 -1.766705990 0.008347757 -0.025479319 0.999640405 66.153427124
0.999947488 -0.005813729 -0.008431557 0.783580959 0.006027359 0.999655724 0.025536895 -1.774745464 0.008280189 -0.025586378 0.999638259 66.627677917
0.999948204 -0.006112564 -0.008139940 0.789419532 0.006319315 0.999651790 0.025620708 -1.773483515 0.007980496 -0.025670821 0.999638557 67.174072266
0.999952197 -0.005460326 -0.008111009 0.800514340 0.005667226 0.999653459 0.025708433 -1.787547350 0.007967821 -0.025753172 0.999636531 67.719902039
0.999954104 -0.005097549 -0.008120779 0.808223844 0.005302264 0.999663651 0.025390027 -1.771346331 0.007988619 -0.025431924 0.999644578 68.234512329
0.999953270 -0.005346178 -0.008054159 0.813386440 0.005554366 0.999645174 0.026051823 -1.798784733 0.007912025 -0.026095340 0.999628127 68.720497131
0.999954700 -0.004793650 -0.008227665 0.822073162 0.005009190 0.999639452 0.026379483 -1.805799484 0.008098247 -0.026419498 0.999618113 69.278045654
0.999955297 -0.004516006 -0.008309494 0.831237614 0.004733409 0.999642015 0.026332267 -1.811131477 0.008187603 -0.026370417 0.999618649 69.829910278
0.999955416 -0.004605173 -0.008249124 0.852958858 0.004820213 0.999643981 0.026240781 -1.809895754 0.008125344 -0.026279373 0.999621570 70.358581543
0.999946833 -0.005231156 -0.008887113 0.905462742 0.005468889 0.999622107 0.026940020 -1.838376045 0.008742826 -0.026987191 0.999597549 70.805068970
0.999959469 -0.004249681 -0.007937185 0.844187737 0.004462580 0.999625444 0.027000731 -1.845949531 0.007819469 -0.027035059 0.999603868 71.327735901
0.999961674 -0.004009835 -0.007775908 0.850304902 0.004217306 0.999630511 0.026850909 -1.841713071 0.007665367 -0.026882678 0.999609232 71.887718201
0.999960065 -0.004207570 -0.007884096 0.861744761 0.004416220 0.999635398 0.026636953 -1.845246196 0.007769146 -0.026670707 0.999614179 72.444282532
0.999951780 -0.005426730 -0.008179589 0.883861184 0.005641494 0.999633789 0.026465891 -1.848127007 0.008032970 -0.026510760 0.999616325 73.015235901
0.999953568 -0.004336364 -0.008608006 0.929569244 0.004569525 0.999618113 0.027254181 -1.876968145 0.008486534 -0.027292248 0.999591529 73.453086853
0.999937713 -0.005793354 -0.009546543 0.958764970 0.006054614 0.999601543 0.027569083 -1.870303631 0.009383023 -0.027625170 0.999574363 73.969856262
0.999951065 -0.005277591 -0.008362819 0.906053007 0.005507940 0.999599278 0.027765172 -1.878672123 0.008212934 -0.027809875 0.999579489 74.486000061
0.999941766 -0.006317301 -0.008746956 0.915962756 0.006557402 0.999594808 0.027698711 -1.877674818 0.008568430 -0.027754456 0.999578059 75.036941528
0.999949455 -0.005670028 -0.008310760 0.920539618 0.005896187 0.999605894 0.027445698 -1.874959946 0.008151868 -0.027493311 0.999588728 75.591323853
0.999940753 -0.006052373 -0.009050194 0.938291013 0.006309018 0.999570906 0.028603682 -1.898818970 0.008873193 -0.028659087 0.999549866 76.073745728
0.999954045 -0.004566140 -0.008422962 0.934593558 0.004802171 0.999590218 0.028218314 -1.896541834 0.008290662 -0.028257469 0.999566317 76.607368469
0.999952614 -0.004756808 -0.008493657 0.943959951 0.004994139 0.999591410 0.028143127 -1.894300222 0.008356316 -0.028184211 0.999567866 77.145042419
0.999956608 -0.004533326 -0.008132760 0.938949466 0.004761529 0.999589145 0.028263362 -1.893729925 0.008001292 -0.028300861 0.999567449 77.687934875
0.999963820 -0.002665617 -0.008076303 0.977777243 0.002895943 0.999585629 0.028642613 -1.938810110 0.007996604 -0.028664965 0.999557137 78.221237183
0.999967635 -0.004282660 -0.006810896 0.939672947 0.004478759 0.999568284 0.029042298 -1.899112701 0.006683577 -0.029071866 0.999554932 78.689796448
0.999984026 -0.003444345 -0.004482965 0.933774769 0.003571841 0.999580264 0.028749889 -1.902572155 0.004382059 -0.028765442 0.999576569 79.255424500
0.999983728 -0.003967439 -0.004106166 0.948595524 0.004084252 0.999575615 0.028842039 -1.903966427 0.003989995 -0.028858343 0.999575496 79.824493408
0.999987900 -0.003919709 -0.002966665 0.936576366 0.004004139 0.999571145 0.029009657 -1.888320923 0.002851684 -0.029021183 0.999574721 80.350517273
0.999991536 -0.003912056 -0.001250820 1.031589866 0.003946777 0.999569297 0.029079130 -1.928578377 0.001136524 -0.029083824 0.999576330 80.809524536
0.999988317 -0.003684333 0.003134993 1.006589413 0.003590591 0.999561310 0.029399566 -1.918132067 -0.003241936 -0.029387968 0.999562740 81.364982605
0.999973595 -0.003755258 0.006230826 1.039149046 0.003569814 0.999558091 0.029511191 -1.921104431 -0.006338893 -0.029488167 0.999544978 81.927200317
0.999943376 -0.003586450 0.010016835 1.063934684 0.003293108 0.999569654 0.029149339 -1.913728237 -0.010117067 -0.029114699 0.999524832 82.459854126
0.999864161 -0.002868410 0.016234659 1.068703890 0.002383238 0.999552250 0.029825822 -1.930389404 -0.016312940 -0.029783076 0.999423265 83.024795532
0.999751031 -0.003916044 0.021967780 1.119261026 0.003265759 0.999557674 0.029559916 -1.914558649 -0.022073822 -0.029480817 0.999321520 83.526092529
0.999582827 -0.002590406 0.028763834 1.070081353 0.001735446 0.999557078 0.029708702 -1.937556744 -0.028828051 -0.029646389 0.999144673 84.057960510
0.999303877 -0.002474782 0.037224688 1.112622023 0.001375814 0.999563217 0.029519262 -1.931639671 -0.037281483 -0.029447498 0.998870850 84.611099243
0.998947859 -0.001578952 0.045833722 1.158372641 0.000197080 0.999545693 0.030138548 -1.946210861 -0.045860484 -0.030097809 0.998494327 85.133949280
0.998605371 -0.002691351 0.052727282 1.197368860 0.001135105 0.999563456 0.029522730 -1.931348085 -0.052783728 -0.029421704 0.998172402 85.696388245
0.998112917 -0.002928528 0.061335526 1.251444340 0.001130268 0.999569058 0.029332617 -1.932530165 -0.061394989 -0.029207939 0.997686148 86.265136719
0.997454464 -0.003193251 0.071233086 1.311097145 0.001060574 0.999550581 0.029957168 -1.936717272 -0.071296737 -0.029805366 0.997009754 86.768608093
0.996734679 -0.002627584 0.080703668 1.364378452 0.000153128 0.999530137 0.030651908 -1.992038488 -0.080746286 -0.030539470 0.996266723 87.348152161
0.996000111 -0.001684994 0.089336365 1.427453041 -0.001081165 0.999521673 0.030905992 -2.002456903 -0.089345694 -0.030878955 0.995521963 87.875495911
0.995037794 -0.002139462 0.099475011 1.513397217 -0.000921392 0.999527872 0.030713951 -1.989058256 -0.099493757 -0.030653199 0.994565845 88.428749084
0.993966043 -0.001992924 0.109669641 1.613453865 -0.001432765 0.999513865 0.031148778 -2.013065577 -0.109678388 -0.031117961 0.993479967 88.917648315
0.992841899 -0.002853344 0.119402058 1.674647331 -0.000905362 0.999505997 0.031413335 -2.004694462 -0.119432703 -0.031296577 0.992348909 89.562698364
0.991436243 -0.001906920 0.130578071 1.762907028 -0.002168603 0.999514997 0.031062091 -1.997823238 -0.130573973 -0.031079249 0.990951300 90.119178772
0.989671290 -0.001735351 0.143344373 1.853948593 -0.002777105 0.999507010 0.031273760 -1.996445894 -0.143327981 -0.031348821 0.989178598 90.649780273
0.988177955 -0.002812322 0.153284520 1.977585793 -0.001883212 0.999533594 0.030479008 -1.996652126 -0.153298765 -0.030407352 0.987711966 91.177978516
0.986573696 -0.001871643 0.163306266 2.075316429 -0.003373975 0.999487281 0.031838078 -2.008161068 -0.163282156 -0.031961598 0.986061454 91.701622009
0.984407127 -0.001578754 0.175897986 2.178555489 -0.004066484 0.999488294 0.031728733 -2.007402658 -0.175858080 -0.031949278 0.983896911 92.184135437
0.982195556 -0.002474070 0.187844977 2.299049377 -0.003569423 0.999486923 0.031827684 -1.990829468 -0.187827379 -0.031931505 0.981682897 92.766998291
0.980278254 -0.004228232 0.197576582 2.440849304 -0.001991440 0.999508977 0.031270515 -1.986782312 -0.197611764 -0.031047273 0.979788601 93.296813965
0.977353811 -0.002956290 0.211591020 2.570363998 -0.003839537 0.999490082 0.031699680 -1.984269619 -0.211576849 -0.031794216 0.976844072 93.838523865
0.974192977 -0.003055504 0.225696430 2.705003738 -0.004067169 0.999508321 0.031086935 -1.978755474 -0.225680441 -0.031202612 0.973701537 94.336914062
0.971434236 -0.002678509 0.237293869 2.860383987 -0.005029062 0.999479413 0.031869829 -1.998299360 -0.237255722 -0.032152813 0.970915079 94.879875183
0.968191683 -0.002714688 0.250194699 2.979419708 -0.005445613 0.999475658 0.031917796 -1.977509260 -0.250150144 -0.032265007 0.967669308 95.414443970
0.964419663 -0.002245103 0.264366686 3.147193909 -0.006523249 0.999457419 0.032284822 -1.979635715 -0.264295787 -0.032860644 0.963881671 95.945747375
0.960846305 -0.002725700 0.277068436 3.316780090 -0.006204857 0.999489188 0.031350456 -1.966896534 -0.277012408 -0.031842139 0.960338593 96.458534241
0.957840204 -0.004018860 0.287273258 3.502006531 -0.005206569 0.999495089 0.031342603 -1.960149765 -0.287254244 -0.031516913 0.957335711 96.947204590
0.953348041 -0.004700379 0.301836938 3.699453354 -0.004998665 0.999495864 0.031352941 -1.975732088 -0.301832169 -0.031399041 0.952843904 97.501029968
0.948906898 -0.004405919 0.315525264 3.913824081 -0.005768770 0.999493122 0.031305619 -1.973038435 -0.315503299 -0.031526305 0.948400676 98.001853943
0.944999874 -0.004664623 0.327037215 4.066690445 -0.005845251 0.999497712 0.031146437 -1.971071959 -0.327018261 -0.031344987 0.944498003 98.476959229
0.940324426 -0.004301781 0.340251982 4.335515976 -0.006766067 0.999485970 0.031335212 -1.961019754 -0.340211987 -0.031767428 0.939811945 99.203163147
0.935052991 -0.003945573 0.354485989 4.557235718 -0.007576743 0.999487281 0.031110415 -1.954768419 -0.354427010 -0.031775732 0.934543610 99.723136902
0.930610120 -0.006670950 0.365951300 4.787422180 -0.005274453 0.999485612 0.031632561 -1.964118481 -0.365974158 -0.031367771 0.930096209 100.219940186
0.925788879 -0.005883430 0.377995253 5.019790649 -0.006292541 0.999500573 0.030968796 -1.957190752 -0.377988666 -0.031049110 0.925289452 100.762413025
0.920382500 -0.006575210 0.390964121 5.270135880 -0.006474559 0.999465287 0.032050937 -1.982230425 -0.390965849 -0.032030437 0.919847727 101.179244995
0.914981961 -0.007661201 0.403421938 5.510299683 -0.005864487 0.999461591 0.032281283 -2.004277945 -0.403452039 -0.031902652 0.914444387 101.622940063
0.909970284 -0.005781298 0.414633214 5.782649994 -0.008338029 0.999445558 0.032234393 -1.994621515 -0.414589703 -0.032789558 0.909417450 102.153915405
0.904999971 -0.008655592 0.425323606 6.085956573 -0.005603471 0.999463677 0.032262716 -2.054394960 -0.425374717 -0.031581040 0.904466093 102.608879089
0.897289038 -0.004868306 0.441416651 6.229553223 -0.009976041 0.999460220 0.031301655 -1.976500511 -0.441330761 -0.032490220 0.896756113 103.066444397
0.890833855 -0.004106265 0.454310685 6.502811432 -0.010884148 0.999479294 0.030375890 -1.894697189 -0.454198867 -0.032004666 0.890325248 103.780281067
0.885270178 -0.005209580 0.465048164 6.779190063 -0.009823195 0.999504745 0.029896203 -1.892132759 -0.464973658 -0.031034475 0.884780347 104.249679565
0.877753198 -0.004493377 0.479091883 7.059352875 -0.011117070 0.999495745 0.029742008 -1.889578819 -0.478983998 -0.031432249 0.877260625 104.737243652
0.870453060 -0.004361919 0.492232174 7.366050720 -0.011609621 0.999500632 0.029387292 -1.884153843 -0.492114604 -0.031294890 0.869967699 105.234527588
