1.000000000 0.000000000 0.000000000 0.000000000 0.000000000 1.000000000 0.000000000 0.000000000 0.000000000 0.000000000 1.000000000 0.000000000
1.000000000 0.000086141 -0.000096961 0.003123591 -0.000086137 1.000000000 0.000041646 -0.000189094 0.000096965 -0.000041638 1.000000000 -0.000770817
1.000000000 0.000097011 0.000002029 0.000605654 -0.000097011 1.000000000 0.000002218 -0.000140503 -0.000002029 -0.000002218 1.000000000 -0.002705086
1.000000000 -0.000095238 -0.000126046 0.006084925 0.000095245 1.000000000 0.000059812 -0.001525371 0.000126040 -0.000059824 1.000000000 -0.002937051
1.000000000 -0.000108249 -0.000126217 0.003771721 0.000108255 1.000000000 0.000043984 -0.000650224 0.000126212 -0.000043998 1.000000000 -0.002851959
1.000000000 0.000062653 0.000010291 -0.000744035 -0.000062653 1.000000000 -0.000021946 0.000030388 -0.000010292 0.000021945 1.000000000 -0.001267955
1.000000000 -0.000062747 -0.000121556 0.003482923 0.000062765 1.000000000 0.000150136 -0.001980390 0.000121546 -0.000150143 1.000000000 -0.005439508
1.000000000 0.000006265 0.000020404 -0.001353001 -0.000006266 1.000000000 0.000028636 0.001001065 -0.000020404 -0.000028636 1.000000000 0.003878334
1.000000000 0.000077312 -0.000036749 0.001571816 -0.000077311 1.000000000 0.000030908 -0.002401132 0.000036751 -0.000030905 1.000000000 -0.006021095
1.000000000 -0.000005846 0.000009459 0.001094861 0.000005846 1.000000000 0.000078025 -0.000368434 -0.000009459 -0.000078025 1.000000000 -0.005515752
1.000000000 0.000068767 0.000058040 -0.000618657 -0.000068768 1.000000000 0.000010375 -0.000334749 -0.000058040 -0.000010379 1.000000000 -0.001318880
1.000000000 -0.000153849 -0.000066677 0.000560717 0.000153853 1.000000000 0.000059514 -0.002294454 0.000066668 -0.000059524 1.000000000 -0.007241203
1.000000000 -0.000000032 -0.000006762 0.000737437 0.000000033 1.000000000 0.000057332 -0.001659311 0.000006762 -0.000057332 1.000000000 -0.004477177
1.000000000 -0.000007634 -0.000033425 0.001811313 0.000007638 1.000000000 0.000114103 -0.002257752 0.000033424 -0.000114104 1.000000000 -0.006914265
1.000000000 -0.000130916 -0.000088730 0.001913130 0.000130924 1.000000000 0.000092382 -0.001471686 0.000088718 -0.000092394 1.000000000 -0.006245360
1.000000000 -0.000156484 -0.000125850 -0.000328485 0.000156494 1.000000000 0.000085811 -0.000694659 0.000125837 -0.000085831 1.000000000 -0.004267487
1.000000000 -0.000240756 -0.000019543 0.000783985 0.000240757 0.999999940 0.000066550 -0.001374669 0.000019527 -0.000066555 1.000000000 -0.007150849
1.000000000 -0.000026336 -0.000048067 0.002414176 0.000026345 1.000000000 0.000181646 -0.003313253 0.000048062 -0.000181647 1.000000000 -0.009612919
0.999999940 -0.000244812 -0.000022435 0.002578251 0.000244816 0.999999940 0.000178771 -0.003878865 0.000022392 -0.000178777 1.000000000 -0.008718417
1.000000000 -0.000131343 -0.000076124 0.001728012 0.000131351 1.000000000 0.000107874 -0.003634222 0.000076110 -0.000107884 1.000000000 -0.006030768
1.000000000 -0.000101414 -0.000039418 0.003335484 0.000101422 1.000000000 0.000199002 -0.005031062 0.000039398 -0.000199006 1.000000000 -0.008220728
1.000000000 -0.000002146 0.000056676 0.000432920 0.000002143 1.000000000 0.000055480 0.000257246 -0.000056676 -0.000055480 1.000000000 -0.004011881
0.999999940 -0.000194156 -0.000210383 0.005890105 0.000194210 0.999999940 0.000256092 -0.003215968 0.000210333 -0.000256132 0.999999940 -0.013649185
1.000000000 -0.000227746 -0.000075909 0.000679036 0.000227759 0.999999940 0.000171561 -0.002943179 0.000075870 -0.000171578 1.000000000 -0.006946067
1.000000000 -0.000087009 -0.000118706 0.005069520 0.000087032 1.000000000 0.000193457 -0.003016487 0.000118690 -0.000193467 1.000000000 -0.011929571
1.000000000 -0.000177133 -0.000059114 0.003313107 0.000177145 0.999999940 0.000196604 -0.003071941 0.000059079 -0.000196614 1.000000000 -0.009582593
1.000000000 -0.000079507 -0.000112521 0.001918545 0.000079526 1.000000000 0.000175876 -0.004841866 0.000112507 -0.000175885 1.000000000 -0.011185933
1.000000000 -0.000099693 -0.000070288 0.001018947 0.000099711 0.999999940 0.000253550 -0.004489864 0.000070263 -0.000253557 0.999999940 -0.008782662
0.999999940 -0.000240804 -0.000094569 -0.000238338 0.000240817 0.999999940 0.000131752 0.000176619 0.000094537 -0.000131774 1.000000000 -0.006799787
1.000000000 -0.000117020 -0.000038621 -0.000893112 0.000117024 1.000000000 0.000110238 -0.000712478 0.000038608 -0.000110243 1.000000000 -0.003253284
1.000000000 -0.000129388 0.000013179 -0.001557721 0.000129387 1.000000000 0.000116930 -0.000168016 -0.000013194 -0.000116928 1.000000000 -0.001897094
1.000000000 -0.000119290 -0.000042067 -0.003542775 0.000119295 1.000000000 0.000115024 -0.000084033 0.000042053 -0.000115029 1.000000000 -0.006001312
0.999999940 -0.000369368 -0.000167458 0.002541060 0.000369411 0.999999881 0.000256338 -0.004463124 0.000167364 -0.000256400 0.999999940 -0.009473080
1.000000000 -0.000084758 -0.000094147 -0.000362459 0.000084770 1.000000000 0.000130793 -0.001833130 0.000094136 -0.000130801 1.000000000 -0.004004027
1.000000000 -0.000134902 -0.000076441 0.000877217 0.000134907 1.000000000 0.000065446 -0.002073660 0.000076432 -0.000065457 1.000000000 -0.003405270
1.000000000 -0.000180302 -0.000065531 -0.001749869 0.000180302 1.000000000 -0.000011225 -0.000058578 0.000065533 0.000011213 1.000000000 -0.002719245
0.999999940 -0.000221101 -0.000140171 0.003347106 0.000221115 1.000000000 0.000096017 -0.001315982 0.000140150 -0.000096048 1.000000000 -0.008662582
0.999999940 -0.000240756 -0.000151022 0.001404892 0.000240772 0.999999940 0.000103177 -0.001054044 0.000150997 -0.000103214 1.000000000 -0.008223744
1.000000000 -0.000083546 -0.000088897 -0.000277284 0.000083562 1.000000000 0.000180585 -0.001639765 0.000088882 -0.000180592 1.000000000 -0.008581565
0.999999940 -0.000255231 -0.000155656 0.003539871 0.000255266 0.999999940 0.000223581 -0.005581135 0.000155599 -0.000223621 0.999999940 -0.009761333
1.000000000 -0.000167149 -0.000159079 0.007970599 0.000167088 0.999999940 -0.000384427 -0.009384386 0.000159143 0.000384400 0.999999940 0.043715797
0.999999940 -0.000238388 -0.000221136 0.007140482 0.000238138 0.999999344 -0.001127644 -0.006790486 0.000221405 0.001127592 0.999999344 0.139989018
1.000000000 -0.000156772 -0.000070380 0.003499042 0.000156682 0.999999166 -0.001290115 -0.012933303 0.000070582 0.001290104 0.999999166 0.261682451
0.999999940 -0.000268661 0.000094012 0.001169675 0.000268779 0.999999166 -0.001261970 -0.019263210 -0.000093673 0.001261995 0.999999225 0.395048052
1.000000000 -0.000064012 -0.000165756 0.013684505 0.000063836 0.999999464 -0.001060763 -0.022469481 0.000165824 0.001060752 0.999999404 0.531705260
1.000000000 -0.000078680 -0.000065987 0.015708854 0.000078614 0.999999523 -0.000995551 -0.026837716 0.000066065 0.000995546 0.999999523 0.689621329
0.999999940 -0.000088640 0.000411716 0.006957023 0.000089027 0.999999583 -0.000939538 -0.030023765 -0.000411633 0.000939575 0.999999464 0.873900950
0.999999940 -0.000292585 -0.000159725 0.027885193 0.000292494 0.999999821 -0.000571890 -0.038457688 0.000159892 0.000571843 0.999999821 1.026996851
0.999999940 -0.000014825 0.000369353 0.018388687 0.000015053 0.999999821 -0.000616477 -0.038273763 -0.000369344 0.000616483 0.999999762 1.195810795
0.999999940 -0.000252113 -0.000114319 0.042631254 0.000252090 0.999999940 -0.000204777 -0.055185903 0.000114370 0.000204748 1.000000000 1.403856397
0.999999940 -0.000242490 0.000072145 0.043992303 0.000242521 0.999999881 -0.000434305 -0.062776424 -0.000072040 0.000434323 0.999999881 1.605504155
0.999999940 -0.000322739 0.000239949 0.044205956 0.000322670 0.999999881 0.000285136 -0.071287356 -0.000240041 -0.000285059 0.999999940 1.804963470
0.999998629 0.000493513 0.001572356 0.019890215 -0.000493994 0.999999821 0.000305143 -0.076440625 -0.001572205 -0.000305919 0.999998689 2.048752546
0.999997199 0.001074225 0.002111613 0.020996040 -0.001074369 0.999999404 0.000066907 -0.080480561 -0.002111540 -0.000069176 0.999997795 2.276629210
0.999996066 0.001534471 0.002332937 0.021596551 -0.001534799 0.999998748 0.000138778 -0.081835017 -0.002332721 -0.000142358 0.999997318 2.479354858
0.999997497 0.001392297 0.001756202 0.037810840 -0.001392235 0.999999046 -0.000036293 -0.094823360 -0.001756251 0.000033848 0.999998391 2.731433630
0.999996722 0.001377149 0.002128902 0.041172192 -0.001377037 0.999999046 -0.000053858 -0.101836517 -0.002128974 0.000050927 0.999997735 2.966238022
0.999997437 0.001336449 0.001826274 0.051496305 -0.001336679 0.999999106 0.000124275 -0.107408039 -0.001826106 -0.000126716 0.999998331 3.215659618
0.999996543 0.001402233 0.002228321 0.051406719 -0.001402633 0.999998987 0.000177936 -0.112171836 -0.002228069 -0.000181061 0.999997497 3.448886871
0.999998033 0.000642829 0.001877810 0.054327697 -0.000643824 0.999999642 0.000529002 -0.131166935 -0.001877469 -0.000530210 0.999998093 3.703958273
0.999997854 0.000826720 0.001918301 0.062119991 -0.000828114 0.999999404 0.000726228 -0.140837044 -0.001917699 -0.000727815 0.999997914 3.949928522
0.999997973 0.000629204 0.001896971 0.067943811 -0.000630438 0.999999583 0.000650097 -0.142101854 -0.001896561 -0.000651291 0.999997973 4.225555897
0.999996424 0.001336076 0.002320338 0.059266716 -0.001338123 0.999998689 0.000880632 -0.153820470 -0.002319158 -0.000883734 0.999996901 4.489146233
0.999997556 0.001027726 0.001955452 0.072743438 -0.001029274 0.999999106 0.000790899 -0.162420869 -0.001954637 -0.000792910 0.999997795 4.750709057
0.999997258 0.000687202 0.002240561 0.076619849 -0.000689012 0.999999404 0.000806880 -0.168833509 -0.002240006 -0.000808422 0.999997139 5.021512985
0.999996901 0.000970567 0.002277256 0.092401147 -0.000972180 0.999999225 0.000707129 -0.177497074 -0.002276568 -0.000709341 0.999997139 5.296382904
0.999997199 0.000290853 0.002344550 0.074302509 -0.000293884 0.999999106 0.001292809 -0.196792662 -0.002344172 -0.001293495 0.999996424 5.556598186
0.999996185 0.000328051 0.002730241 0.070557751 -0.000331770 0.999998927 0.001361847 -0.207643241 -0.002729791 -0.001362748 0.999995351 5.805266857
0.999996126 0.000224915 0.002757553 0.079038113 -0.000229246 0.999998689 0.001570491 -0.216656983 -0.002757196 -0.001571117 0.999994993 6.073439121
0.999994695 0.001337695 0.002983126 0.090633333 -0.001341653 0.999998212 0.001325275 -0.223997951 -0.002981349 -0.001329270 0.999994695 6.365046024
0.999995708 0.000987441 0.002761184 0.095171094 -0.000990942 0.999998629 0.001266748 -0.232488692 -0.002759929 -0.001269479 0.999995410 6.671204090
0.999995291 0.001133520 0.002860023 0.096228406 -0.001136441 0.999998868 0.001019714 -0.236696392 -0.002858864 -0.001022959 0.999995470 6.968214035
0.999995708 0.000324467 0.002896854 0.103455573 -0.000328521 0.999998927 0.001399312 -0.248523951 -0.002896397 -0.001400258 0.999994814 7.268033981
0.999996424 0.000705251 0.002595046 0.117543377 -0.000708690 0.999998927 0.001324663 -0.256246209 -0.002594109 -0.001326497 0.999995708 7.570528507
0.999995291 0.000525844 0.003028132 0.118268631 -0.000530364 0.999998689 0.001492150 -0.279945284 -0.003027344 -0.001493749 0.999994218 7.880287170
0.999995947 0.000634221 0.002788176 0.134505779 -0.000639623 0.999997914 0.001936936 -0.294691741 -0.002786942 -0.001938711 0.999994218 8.195062637
0.999995172 0.000471675 0.003066906 0.129191354 -0.000476337 0.999998629 0.001519786 -0.296014309 -0.003066186 -0.001521240 0.999994040 8.520109177
0.999996185 0.000310050 0.002729593 0.141845301 -0.000314365 0.999998629 0.001580655 -0.314105749 -0.002729099 -0.001581507 0.999995053 8.845991135
0.999997258 -0.000376614 0.002320881 0.151197076 0.000372281 0.999998093 0.001867021 -0.324681699 -0.002321580 -0.001866152 0.999995589 9.182455063
0.999996483 -0.000510745 0.002569017 0.161439404 0.000505049 0.999997377 0.002217276 -0.337110162 -0.002570143 -0.002215971 0.999994278 9.513768196
0.999997199 -0.000689778 0.002270346 0.168121889 0.000685869 0.999998271 0.001722293 -0.339691043 -0.002271530 -0.001720731 0.999996006 9.870240211
0.999997079 -0.000349991 0.002412485 0.172873423 0.000345041 0.999997795 0.002052216 -0.346147150 -0.002413198 -0.002051377 0.999995053 10.222917557
0.999995589 -0.000694030 0.002863520 0.172129214 0.000688135 0.999997556 0.002059136 -0.376675665 -0.002864942 -0.002057157 0.999993801 10.594954491
0.999994576 -0.000341021 0.003259501 0.179837465 0.000331964 0.999996006 0.002778803 -0.387130648 -0.003260435 -0.002777706 0.999990880 10.963935852
0.999994397 -0.000395501 0.003326889 0.182872802 0.000387015 0.999996603 0.002550958 -0.395959109 -0.003327887 -0.002549656 0.999991238 11.348122597
0.999993742 -0.000604391 0.003493666 0.194236442 0.000595220 0.999996305 0.002625702 -0.404024363 -0.003495240 -0.002623606 0.999990404 11.729453087
0.999993801 -0.000961377 0.003429459 0.188696802 0.000952549 0.999996245 0.002574924 -0.434904963 -0.003431922 -0.002571641 0.999990761 12.103085518
0.999992430 0.000413285 0.003874070 0.192010999 -0.000424206 0.999995947 0.002818438 -0.448833823 -0.003872890 -0.002820060 0.999988556 12.490020752
0.999991953 0.000048194 0.004009293 0.203010798 -0.000058539 0.999996722 0.002580206 -0.459124058 -0.004009156 -0.002580420 0.999988616 12.878630638
0.999992251 -0.000196456 0.003941755 0.215220362 0.000186561 0.999996901 0.002510567 -0.456968784 -0.003942236 -0.002509812 0.999989033 13.275356293
0.999993503 -0.000201587 0.003609666 0.234841585 0.000191706 0.999996245 0.002737602 -0.480041564 -0.003610204 -0.002736892 0.999989748 13.665141106
0.999991477 0.000190492 0.004145737 0.253767192 -0.000202721 0.999995649 0.002949589 -0.489177406 -0.004145158 -0.002950404 0.999987066 14.079903603
0.999992490 -0.000271374 0.003853846 0.277200729 0.000258263 0.999994159 0.003402182 -0.530661821 -0.003854746 -0.003401161 0.999986768 14.499670029
0.999992609 -0.000219346 0.003835699 0.292761594 0.000207369 0.999995053 0.003122464 -0.547604680 -0.003836365 -0.003121645 0.999987781 14.912158966
0.999991834 -0.001162581 0.003880404 0.298643231 0.001149344 0.999993443 0.003411566 -0.549380720 -0.003884345 -0.003407078 0.999986589 15.358269691
0.999988019 -0.000487268 0.004870165 0.306575894 0.000466153 0.999990463 0.004335734 -0.576550722 -0.004872231 -0.004333411 0.999978662 15.746493340
0.999989271 -0.001679204 0.004307428 0.331236333 0.001660498 0.999989212 0.004342607 -0.616030753 -0.004314674 -0.004335408 0.999981225 16.192995071
0.999990344 -0.001681080 0.004078561 0.349516988 0.001664600 0.999990523 0.004040659 -0.620293975 -0.004085314 -0.004033831 0.999983490 16.646461487
0.999988973 -0.002223155 0.004146437 0.362360626 0.002207593 0.999990642 0.003753767 -0.626942933 -0.004154743 -0.003744572 0.999984324 17.094881058
0.999984384 -0.000779454 0.005524161 0.375247151 0.000758049 0.999992251 0.003875937 -0.633071065 -0.005527140 -0.003871690 0.999977171 17.578786850
0.999982476 -0.000697043 0.005874076 0.356123656 0.000672582 0.999991119 0.004165262 -0.664437234 -0.005876927 -0.004161238 0.999974072 18.020118713
0.999979973 -0.000860285 0.006262377 0.366673708 0.000832215 0.999989629 0.004483514 -0.676884949 -0.006266169 -0.004478212 0.999970317 18.494411469
0.999976814 -0.001761333 0.006577333 0.381755173 0.001734967 0.999990463 0.004012120 -0.684051394 -0.006584337 -0.004000616 0.999970257 18.960472107
0.999979496 -0.001008206 0.006318459 0.397054762 0.000981678 0.999990761 0.004200093 -0.692277193 -0.006322636 -0.004193804 0.999971211 19.438947678
0.999978065 -0.001175856 0.006516312 0.403952181 0.001144774 0.999987960 0.004771536 -0.720932603 -0.006521846 -0.004763972 0.999967396 19.910600662
0.999978065 -0.000509351 0.006599729 0.413157761 0.000475872 0.999987066 0.005073270 -0.733193219 -0.006602229 -0.005070020 0.999965370 20.395154953
0.999976218 -0.000072556 0.006905024 0.424295157 0.000039914 0.999988794 0.004727303 -0.741934419 -0.006905291 -0.004726914 0.999965012 20.890218735
0.999979019 -0.000673594 0.006431769 0.442104787 0.000639441 0.999985635 0.005310664 -0.784797490 -0.006435254 -0.005306440 0.999965191 21.391183853
0.999982476 -0.000848140 0.005857088 0.453891486 0.000819791 0.999987900 0.004840894 -0.778628886 -0.005861123 -0.004836007 0.999971151 21.910739899
0.999982953 -0.000451413 0.005819716 0.458056867 0.000419286 0.999984682 0.005520451 -0.814530551 -0.005822118 -0.005517916 0.999967754 22.405622482
0.999984086 -0.001061006 0.005532464 0.479936421 0.001029180 0.999983013 0.005752118 -0.818119109 -0.005538473 -0.005746332 0.999968112 22.907094955
0.999988019 -0.001196397 0.004742522 0.482603788 0.001170034 0.999983966 0.005557645 -0.837751806 -0.004749096 -0.005552030 0.999973297 23.370683670
0.999990880 -0.000813285 0.004186950 0.490027666 0.000789319 0.999983370 0.005722503 -0.855945110 -0.004191534 -0.005719146 0.999974906 23.904447556
0.999991834 -0.002183167 0.003376552 0.502924025 0.002164268 0.999982059 0.005590755 -0.872430980 -0.003388696 -0.005583402 0.999978662 24.392000198
0.999994993 -0.001200307 0.002936118 0.513100982 0.001183255 0.999982476 0.005802473 -0.884078443 -0.002943031 -0.005798969 0.999978840 24.922128677
0.999996722 -0.001057652 0.002342690 0.520867586 0.001044259 0.999983132 0.005710597 -0.894226074 -0.002348691 -0.005708132 0.999980986 25.455751419
0.999997854 -0.001336919 0.001599875 0.536198616 0.001327491 0.999981821 0.005879790 -0.905165911 -0.001607707 -0.005877653 0.999981463 25.986042023
0.999997318 -0.001714400 0.001616231 0.547111094 0.001705360 0.999983013 0.005578377 -0.917147279 -0.001625767 -0.005575605 0.999983191 26.531513214
0.999998331 -0.001571784 0.000940756 0.563762486 0.001565774 0.999978602 0.006356069 -0.926025629 -0.000950726 -0.006354584 0.999979377 27.077772141
0.999999106 -0.001053532 0.000864181 0.573229849 0.001047893 0.999978483 0.006499134 -0.944342852 -0.000871010 -0.006498223 0.999978542 27.608699799
0.999999762 -0.000169017 0.000625485 0.580613017 0.000165182 0.999981165 0.006127088 -0.961823106 -0.000626508 -0.006126984 0.999980986 28.179634094
0.999999523 -0.001035216 0.000277446 0.577282131 0.001033333 0.999976993 0.006703870 -0.973531842 -0.000284380 -0.006703580 0.999977469 28.657875061
0.999999702 -0.000663376 -0.000355656 0.591766119 0.000665841 0.999975383 0.006975010 -0.991684675 0.000351020 -0.006975245 0.999975562 29.201387405
0.999999881 -0.000419560 -0.000026805 0.581200659 0.000419739 0.999974847 0.007083279 -1.005182862 0.000023832 -0.007083290 0.999974966 29.780187607
0.999999285 -0.000911677 -0.000790660 0.608074069 0.000917076 0.999976039 0.006854797 -1.010479689 0.000784391 -0.006855517 0.999976158 30.277128220
0.999999166 -0.000910482 -0.000851016 0.621798098 0.000916521 0.999974132 0.007122894 -1.028576136 0.000844508 -0.007123667 0.999974251 30.822635651
0.999999225 -0.000870175 -0.000947767 0.635277748 0.000876769 0.999975324 0.006979152 -1.042446852 0.000941671 -0.006979978 0.999975264 31.376331329
0.999999106 -0.000708745 -0.001135726 0.624969363 0.000717199 0.999971926 0.007460264 -1.072474480 0.001130407 -0.007461071 0.999971509 31.907703400
0.999998391 -0.000901423 -0.001554704 0.644622028 0.000912889 0.999972343 0.007390209 -1.085754037 0.001548000 -0.007391616 0.999971449 32.450958252
0.999999404 0.000293184 -0.001140279 0.645922005 -0.000285067 0.999974668 0.007112681 -1.086412430 0.001142335 -0.007112351 0.999974012 32.974716187
0.999999166 0.000059139 -0.001222957 0.632066488 -0.000050259 0.999973595 0.007260187 -1.117448807 0.001223354 -0.007260120 0.999972880 33.487136841
0.999999642 0.000299790 -0.000767566 0.630094171 -0.000294388 0.999975264 0.007028821 -1.126512885 0.000769654 -0.007028594 0.999975026 34.047756195
0.999999404 -0.000001394 -0.001061708 0.641808093 0.000009383 0.999971747 0.007525359 -1.142965794 0.001061667 -0.007525366 0.999971092 34.583969116
0.999996960 -0.000544594 -0.002393438 0.690200031 0.000563508 0.999968588 0.007908666 -1.162988544 0.002389056 -0.007909991 0.999965787 35.104591370
0.999997020 -0.000516734 -0.002375179 0.703142881 0.000534666 0.999971330 0.007555369 -1.166983485 0.002371206 -0.007556616 0.999968648 35.645927429
0.999996126 -0.000077025 -0.002771140 0.713074803 0.000098479 0.999970019 0.007742704 -1.186740398 0.002770460 -0.007742948 0.999966204 36.188755035
0.999996781 0.000485672 -0.002475221 0.731607199 -0.000466297 0.999969363 0.007821896 -1.208210945 0.002478943 -0.007820716 0.999966323 36.760242462
0.999996901 0.000110495 -0.002475325 0.726983964 -0.000090444 0.999967217 0.008099052 -1.221451402 0.002476140 -0.008098804 0.999964058 37.273391724
0.999996662 -0.000325670 -0.002543031 0.742076993 0.000345540 0.999969423 0.007817190 -1.229668260 0.002540408 -0.007818044 0.999966145 37.833621979
0.999995768 -0.000607337 -0.002812173 0.748069346 0.000630569 0.999965668 0.008267598 -1.252731800 0.002807056 -0.008269338 0.999961853 38.385513306
0.999995351 -0.000655110 -0.002949290 0.750396550 0.000678554 0.999968171 0.007955082 -1.259346128 0.002943985 -0.007957048 0.999963999 38.902591705
0.999996006 0.000049522 -0.002780836 0.761634469 -0.000028363 0.999971092 0.007608266 -1.259656549 0.002781131 -0.007608159 0.999967217 39.430549622
0.999995410 -0.000721281 -0.002922294 0.784204245 0.000746062 0.999963701 0.008487985 -1.275254369 0.002916066 -0.008490127 0.999959767 39.963085175
0.999993145 -0.000948016 -0.003580114 0.804319918 0.000982084 0.999954164 0.009526052 -1.327968001 0.003570918 -0.009529505 0.999948144 40.527179718
0.999991536 -0.001334179 -0.003903609 0.816785455 0.001371306 0.999953687 0.009523805 -1.349716425 0.003890722 -0.009529079 0.999947011 41.073589325
0.999991238 -0.001124831 -0.004039124 0.827541590 0.001159999 0.999961376 0.008714860 -1.338408113 0.004029165 -0.008719468 0.999953806 41.635425568
0.999992609 -0.000843517 -0.003766361 0.825728595 0.000876413 0.999961436 0.008741028 -1.355556250 0.003758843 -0.008744264 0.999954641 42.181217194
0.999993801 -0.000737776 -0.003442824 0.832322538 0.000771549 0.999951482 0.009818558 -1.382437229 0.003435413 -0.009821155 0.999945879 42.686210632
0.999992609 -0.001076856 -0.003710750 0.847566247 0.001114468 0.999947906 0.010148946 -1.393506169 0.003699627 -0.010153008 0.999941587 43.247509003
0.999994338 -0.000625438 -0.003315159 0.841989875 0.000657982 0.999951482 0.009824599 -1.407089710 0.003308855 -0.009826727 0.999946237 43.765174866
0.999994040 -0.000720590 -0.003372365 0.847824574 0.000753444 0.999952197 0.009750796 -1.418977499 0.003365177 -0.009753278 0.999946773 44.301143646
0.999993742 -0.000790017 -0.003442651 0.861848056 0.000822138 0.999956071 0.009338820 -1.422746181 0.003435121 -0.009341590 0.999950469 44.847389221
0.999993503 -0.000838254 -0.003471053 0.877459764 0.000870921 0.999955237 0.009420292 -1.433500886 0.003463001 -0.009423255 0.999949634 45.404453278
0.999995172 -0.000442296 -0.003112195 0.878742754 0.000471458 0.999955952 0.009375575 -1.446348548 0.003107910 -0.009376995 0.999951124 45.925853729
0.999990463 -0.001249490 -0.004185637 0.902267098 0.001290416 0.999951243 0.009789119 -1.466419339 0.004173202 -0.009794427 0.999943256 46.464626312
0.999995410 0.000420227 -0.002983057 0.903802395 -0.000393072 0.999958575 0.009097863 -1.475876331 0.002986756 -0.009096651 0.999954164 47.014854431
0.999995172 -0.000697317 -0.003026806 0.897700250 0.000725832 0.999955297 0.009429973 -1.484323978 0.003020095 -0.009432122 0.999950945 47.544990540
0.999994814 -0.000287480 -0.003219163 0.910649955 0.000317267 0.999957144 0.009256141 -1.492594481 0.003216363 -0.009257115 0.999951959 48.098430634
0.999995708 -0.000620796 -0.002863652 0.918066800 0.000646030 0.999960899 0.008819208 -1.506554961 0.002858066 -0.008821020 0.999957025 48.629650116
0.999994576 -0.001043919 -0.003158471 0.921318471 0.001074187 0.999953330 0.009596729 -1.523357987 0.003148307 -0.009600070 0.999948919 49.152126312
0.999995351 -0.000370945 -0.003036572 0.931150436 0.000401829 0.999948084 0.010176508 -1.537840128 0.003032638 -0.010177681 0.999943614 49.695434570
0.999992371 -0.001241756 -0.003685691 0.953714848 0.001277397 0.999952257 0.009683258 -1.545957327 0.003673492 -0.009687891 0.999946356 50.235427856
0.999995470 -0.000344915 -0.002988109 0.943176985 0.000375716 0.999946654 0.010313641 -1.562963486 0.002984393 -0.010314718 0.999942303 50.770999908
0.999993920 -0.000225310 -0.003493417 0.960760891 0.000261544 0.999946058 0.010375233 -1.572964430 0.003490892 -0.010376082 0.999940038 51.313049316
0.999993622 -0.000283391 -0.003549314 0.974350095 0.000322378 0.999939561 0.010988657 -1.582827091 0.003545987 -0.010989731 0.999933362 51.822593689
0.999995530 -0.000588597 -0.002932016 0.966449440 0.000622108 0.999934316 0.011441741 -1.618866801 0.002925089 -0.011443513 0.999930322 52.349250793
0.999994695 -0.000940220 -0.003122400 0.979320586 0.000974066 0.999940574 0.010855930 -1.614322186 0.003112008 -0.010858913 0.999936223 52.883621216
0.999996126 -0.000516466 -0.002738710 0.982732534 0.000544795 0.999946296 0.010353261 -1.619527102 0.002733215 -0.010354714 0.999942660 53.428661346
0.999993622 -0.001048660 -0.003420716 1.003475547 0.001082938 0.999949098 0.010034424 -1.632455349 0.003410018 -0.010038064 0.999943852 53.990566254
0.999995708 -0.000630464 -0.002871285 0.993529558 0.000659679 0.999947906 0.010185115 -1.633683205 0.002864713 -0.010186963 0.999944031 54.530456543
0.999995053 -0.000742095 -0.003051333 0.997958004 0.000771986 0.999951661 0.009806481 -1.649192810 0.003043907 -0.009808789 0.999947309 55.092197418
0.999994814 -0.000732184 -0.003107844 1.018779159 0.000766376 0.999939024 0.011014801 -1.676996231 0.003099588 -0.011017125 0.999934435 55.543231964
0.999994397 -0.000957138 -0.003187694 1.017566204 0.000992006 0.999939442 0.010954528 -1.687351227 0.003177016 -0.010957628 0.999934912 56.078823090
0.999993145 -0.001264390 -0.003446147 1.036873221 0.001301848 0.999939799 0.010888790 -1.696057081 0.003432172 -0.010893201 0.999934733 56.617996216
0.999995768 -0.000878479 -0.002766249 1.024077892 0.000911226 0.999929249 0.011859324 -1.719176054 0.002755632 -0.011861795 0.999925852 57.166828156
0.999995887 -0.001311658 -0.002606366 1.036838293 0.001342715 0.999927819 0.011950288 -1.748936057 0.002590503 -0.011953739 0.999925137 57.629558563
0.999995291 -0.001702112 -0.002538743 1.047196150 0.001733000 0.999923944 0.012214709 -1.764659405 0.002517759 -0.012219052 0.999922156 58.164016724
0.999995887 -0.001378341 -0.002520023 1.061620712 0.001408758 0.999925733 0.012108021 -1.766162634 0.002503147 -0.012111519 0.999923527 58.675392151
0.999994338 -0.001703666 -0.002906896 1.075434327 0.001739860 0.999920428 0.012494245 -1.782029748 0.002885379 -0.012499231 0.999917746 59.214859009
0.999994218 -0.001826983 -0.002880935 1.092352629 0.001863225 0.999918461 0.012627712 -1.796416759 0.002857631 -0.012633004 0.999916077 59.744899750
0.999996901 -0.000999989 -0.002268999 1.078128338 0.001027768 0.999924064 0.012274844 -1.803388596 0.002256552 -0.012277139 0.999922097 60.260540009
0.999995887 -0.001021227 -0.002695860 1.095848083 0.001053653 0.999926746 0.012053999 -1.814437866 0.002683353 -0.012056789 0.999923706 60.813156128
0.999995887 -0.000914539 -0.002706760 1.121364951 0.000948099 0.999922335 0.012423508 -1.835263968 0.002695188 -0.012426026 0.999919176 61.337661743
0.999994218 -0.001371536 -0.003114838 1.133735061 0.001410634 0.999919832 0.012584646 -1.849959850 0.003097326 -0.012588969 0.999915898 61.881080627
0.999995232 -0.001903209 -0.002407871 1.138496876 0.001932729 0.999922216 0.012317230 -1.852683544 0.002384240 -0.012321826 0.999921262 62.373027802
0.999995410 -0.001514850 -0.002607124 1.144122601 0.001547868 0.999918044 0.012709482 -1.865936875 0.002587657 -0.012713459 0.999915838 62.913558960
0.999992669 -0.002144177 -0.003156360 1.158658504 0.002182004 0.999925256 0.012029923 -1.869486332 0.003130330 -0.012036722 0.999922693 63.454952240
0.999995589 -0.001751826 -0.002400166 1.141585946 0.001781983 0.999918759 0.012620806 -1.892779946 0.002377863 -0.012625027 0.999917507 63.991786957
0.999995112 -0.001951875 -0.002441649 1.149885178 0.001983063 0.999915659 0.012837007 -1.907438517 0.002416387 -0.012841786 0.999914587 64.496269226
0.999996781 -0.001074109 -0.002319749 1.163097978 0.001105555 0.999906957 0.013597623 -1.929486156 0.002304926 -0.013600145 0.999904811 65.036445618
0.999994695 -0.002515483 -0.002087893 1.172561884 0.002544180 0.999900699 0.013857401 -1.943265915 0.002052828 -0.013862640 0.999901831 65.579467773
0.999995828 -0.002021504 -0.002072725 1.193485141 0.002048430 0.999912381 0.013071583 -1.930825710 0.002046121 -0.013075777 0.999912381 66.051101685
0.999994934 -0.002371388 -0.002117664 1.201701522 0.002398306 0.999915123 0.012800300 -1.939643621 0.002087129 -0.012805315 0.999915838 66.595710754
0.999997020 -0.001247694 -0.002109384 1.231024265 0.001275020 0.999914646 0.013003252 -1.962723255 0.002092979 -0.013005903 0.999913275 67.104087830
0.999996185 -0.001872314 -0.002027973 1.205704808 0.001898056 0.999916732 0.012766562 -1.956259966 0.002003901 -0.012770364 0.999916375 67.597618103
0.999995172 -0.002298767 -0.002123378 1.216646552 0.002325441 0.999917328 0.012646195 -1.966142297 0.002094132 -0.012651071 0.999917746 68.135414124
0.999996543 -0.001576505 -0.002119349 1.224459171 0.001603464 0.999916971 0.012779164 -1.983170509 0.002099027 -0.012782517 0.999916017 68.666931152
0.999997437 -0.001901236 -0.001315320 1.225721717 0.001918083 0.999914587 0.012927528 -1.984095097 0.001290630 -0.012930018 0.999915540 69.149971008
0.999995291 -0.002496772 -0.001764687 1.250432491 0.002519571 0.999911785 0.013037665 -1.997064590 0.001731979 -0.013042053 0.999913454 69.690666199
0.999997556 -0.001863849 -0.001168481 1.252230883 0.001878990 0.999912500 0.013092695 -2.017192364 0.001143978 -0.013094859 0.999913573 70.221145630
0.999997437 -0.001958979 -0.001100346 1.255241275 0.001973177 0.999912858 0.013053605 -2.016588211 0.001074677 -0.013055745 0.999914110 70.685432434
0.999996305 -0.002391051 -0.001342343 1.280736089 0.002408598 0.999909639 0.013226110 -2.033435583 0.001310597 -0.013229290 0.999911606 71.198249817
0.999993742 -0.003012209 -0.001840546 1.301968813 0.003035374 0.999914527 0.012715310 -2.041024208 0.001802089 -0.012720820 0.999917388 71.733947754
0.999996364 -0.002130903 -0.001610838 1.307707310 0.002151366 0.999915600 0.012810216 -2.044060946 0.001583405 -0.012813636 0.999916613 72.199722290
0.999995291 -0.002620079 -0.001572911 1.318792105 0.002639216 0.999920964 0.012290924 -2.045615673 0.001540584 -0.012295019 0.999923229 72.752479553
0.999997735 -0.001780336 -0.001197334 1.322867751 0.001794907 0.999923050 0.012281106 -2.062543154 0.001175379 -0.012283226 0.999923885 73.317771912
0.999997735 -0.001781327 -0.001115820 1.341349006 0.001796229 0.999907255 0.013499929 -2.087705135 0.001091669 -0.013501899 0.999908268 73.785934448
0.999994397 -0.002893911 -0.001677738 1.362871766 0.002914569 0.999918342 0.012444247 -2.083831072 0.001641587 -0.012449067 0.999921143 74.329139709
0.999997199 -0.002213604 -0.000816739 1.354237914 0.002223882 0.999915481 0.012805874 -2.103132248 0.000788323 -0.012807655 0.999917746 74.884468079
0.999998331 -0.001605776 -0.000902741 1.406954288 0.001617959 0.999905348 0.013659659 -2.135486126 0.000880719 -0.013661091 0.999906301 75.284339905
0.999997497 -0.001972959 -0.001071034 1.421274662 0.001986949 0.999910593 0.013222504 -2.142483711 0.001044850 -0.013224600 0.999912024 75.839782715
0.999998331 -0.001575653 -0.000992814 1.432601213 0.001588518 0.999912977 0.013093999 -2.155493259 0.000972097 -0.013095555 0.999913812 76.338562012
0.999998510 -0.001348345 -0.001082920 1.456919789 0.001363123 0.999904335 0.013763562 -2.179619551 0.001064259 -0.013765015 0.999904692 76.866729736
0.999999166 -0.001255913 -0.000338550 1.440726519 0.001260414 0.999906123 0.013641152 -2.174748421 0.000321386 -0.013641568 0.999907017 77.350784302
0.999998271 -0.001735172 -0.000608301 1.453184724 0.001743224 0.999907434 0.013497472 -2.177534103 0.000584824 -0.013498509 0.999908745 77.895637512
0.999998093 -0.001830205 -0.000713428 1.460521817 0.001839621 0.999908149 0.013427637 -2.186568975 0.000688787 -0.013428919 0.999909580 78.391387939
0.999997497 -0.002230635 -0.000497277 1.471291900 0.002237182 0.999905288 0.013579095 -2.193706751 0.000466941 -0.013580167 0.999907672 78.944503784
0.999995291 -0.003023938 0.000442215 1.489871621 0.003017564 0.999900699 0.013766496 -2.202268600 -0.000483800 -0.013765099 0.999905109 79.486122131
0.999994755 -0.002587375 0.001904364 1.505725622 0.002560502 0.999898911 0.013981089 -2.226529837 -0.001940345 -0.013976141 0.999900460 80.007774353
0.999992549 -0.001551597 0.003553506 1.496538520 0.001500981 0.999898016 0.014202558 -2.243214130 -0.003575181 -0.014197118 0.999892831 80.570701599
0.999987423 -0.002288297 0.004456345 1.518017530 0.002226127 0.999900818 0.013906475 -2.248096228 -0.004487725 -0.013896377 0.999893367 81.008880615
0.999969959 -0.002752915 0.007235302 1.538234353 0.002653564 0.999902606 0.013705345 -2.260840416 -0.007272326 -0.013685737 0.999879897 81.549911499
0.999940038 -0.001972186 0.010769235 1.551853895 0.001815678 0.999892890 0.014523424 -2.283975601 -0.010796726 -0.014502998 0.999836504 82.106651306
0.999897242 -0.002529711 0.014106819 1.572611213 0.002328172 0.999895155 0.014284800 -2.280715942 -0.014141478 -0.014250492 0.999798477 82.607315063
0.999837637 -0.002986165 0.017765531 1.614048839 0.002738143 0.999898672 0.013968803 -2.290988922 -0.017805444 -0.013917892 0.999744654 83.137191772
0.999707043 -0.002005698 0.024119359 1.634800434 0.001671397 0.999902427 0.013872477 -2.286023617 -0.024144828 -0.013828096 0.999612868 83.666442871
0.999546349 -0.003069130 0.029960589 1.679226160 0.002669363 0.999907017 0.013373998 -2.275889874 -0.029998846 -0.013287957 0.999461651 84.210266113
0.999321342 -0.002906692 0.036721114 1.632589698 0.002390715 0.999897838 0.014087332 -2.349479198 -0.036758319 -0.013989982 0.999226213 84.778938293
0.998989761 -0.002496754 0.044869587 1.685566902 0.001853467 0.999894917 0.014372717 -2.360760927 -0.044900760 -0.014275030 0.998889506 85.334159851
0.998560548 -0.002301317 0.053586915 1.732970953 0.001513187 0.999890089 0.014743442 -2.382655382 -0.053614959 -0.014641131 0.998454332 85.816284180
0.998190224 -0.002261815 0.060092926 1.789241314 0.001399166 0.999895334 0.014393457 -2.383824348 -0.060119197 -0.014283330 0.998089015 86.406059265
0.997630179 -0.002815738 0.068746299 1.851992130 0.001846256 0.999897957 0.014161786 -2.392158270 -0.068779178 -0.014001301 0.997533739 86.970832825
0.996834040 -0.005178371 0.079341836 1.911930084 0.004085176 0.999894559 0.013934415 -2.404694080 -0.079405628 -0.013566173 0.996750057 87.431007385
0.996097863 -0.005403538 0.088090494 1.976164341 0.004208174 0.999896586 0.013749806 -2.408805370 -0.088155679 -0.013325450 0.996017516 87.979980469
0.995376289 -0.006171162 0.095852911 2.053529263 0.004945583 0.999903023 0.013018353 -2.405138969 -0.095923945 -0.012484112 0.995310426 88.544570923
0.994369984 -0.006514477 0.105763629 2.138952732 0.005072058 0.999890506 0.013901397 -2.421701193 -0.105842605 -0.013286692 0.994294107 89.019767761
0.993194222 -0.006669005 0.116279483 2.222421646 0.005089654 0.999890804 0.013874010 -2.425548553 -0.116359308 -0.013187763 0.993119597 89.573577881
0.992049396 -0.006177115 0.125697091 2.305334091 0.004466176 0.999893486 0.013888882 -2.434037924 -0.125769466 -0.013217069 0.991971552 90.087348938
0.990608573 -0.006342520 0.136581168 2.401661873 0.004511096 0.999895692 0.013714413 -2.432138443 -0.136653870 -0.012969482 0.990533948 90.631050110
0.988854468 -0.007975806 0.148671329 2.505883217 0.005977303 0.999885678 0.013884399 -2.452445030 -0.148765042 -0.012840993 0.988789201 91.184440613
0.987131298 -0.008480086 0.159687445 2.616754532 0.006370089 0.999885499 0.013720565 -2.462416649 -0.159785494 -0.012526775 0.987072289 91.730461121
0.985505760 -0.007324957 0.169483885 2.713867188 0.005013046 0.999888480 0.014064785 -2.465782166 -0.169568047 -0.013011295 0.985432565 92.249557495
0.983454168 -0.008304551 0.180966884 2.849403381 0.005886584 0.999886155 0.013894372 -2.474105358 -0.181061655 -0.012599201 0.983390987 92.780845642
0.980968535 -0.007899022 0.194006413 2.966267586 0.005303023 0.999889433 0.013896706 -2.483146429 -0.194094747 -0.012603411 0.980901778 93.314239502
0.978849649 -0.011777244 0.204241529 3.109651566 0.009227902 0.999867260 0.013429937 -2.481185913 -0.204372585 -0.011261168 0.978828371 93.853233337
0.975861251 -0.011296907 0.218098730 3.250696182 0.008590001 0.999873996 0.013355570 -2.489841938 -0.218222097 -0.011159715 0.975835323 94.406623840
0.972795486 -0.010879480 0.231409609 3.400960922 0.007876335 0.999872327 0.013897558 -2.496801853 -0.231531307 -0.011696821 0.972757161 94.912132263
0.970000148 -0.011670275 0.242823839 3.556205750 0.008490686 0.999863982 0.014136667 -2.510036945 -0.242955804 -0.011650829 0.969967484 95.445510864
0.966756523 -0.010968493 0.255463094 3.724525452 0.007722506 0.999876201 0.013705903 -2.515335083 -0.255581826 -0.011277456 0.966721654 95.986267090
0.963008225 -0.011988913 0.269204974 3.883932114 0.008500688 0.999864042 0.014119549 -2.512694359 -0.269337654 -0.011308814 0.962979376 96.484855652
0.959351897 -0.012001235 0.281957209 4.065948486 0.008327362 0.999864161 0.014224615 -2.521537781 -0.282089621 -0.011298452 0.959321558 97.004470825
0.956037164 -0.012520722 0.292978168 4.258062363 0.008754502 0.999861360 0.014162680 -2.532589436 -0.293114841 -0.010975172 0.956014216 97.528717041
0.951575935 -0.011714008 0.307190329 4.435186386 0.007435096 0.999858320 0.015095823 -2.537288666 -0.307323605 -0.012080831 0.951528490 98.068016052
0.947085321 -0.012317147 0.320745349 4.640522003 0.007839376 0.999853015 0.015248165 -2.546435833 -0.320885986 -0.011926872 0.947042763 98.577896118
0.942795873 -0.011099066 0.333185583 4.831153870 0.006487354 0.999867201 0.014950649 -2.548352718 -0.333307266 -0.011933920 0.942742765 99.099029541
0.938235164 -0.010972828 0.345824093 5.032234192 0.005852761 0.999857247 0.015846193 -2.569333553 -0.345948547 -0.012843430 0.938165605 99.589920044
0.933315337 -0.011258129 0.358881235 5.294912338 0.005983538 0.999857306 0.015804656 -2.564695835 -0.359007865 -0.012603350 0.933249414 100.096725464
0.928408146 -0.011941054 0.371370167 5.523303986 0.006531035 0.999853551 0.015822059 -2.566469193 -0.371504635 -0.012263896 0.928350031 100.630981445
0.923658788 -0.011527291 0.383042723 5.754867554 0.005750353 0.999851882 0.016223311 -2.583029270 -0.383173048 -0.012782169 0.923588097 101.128860474
0.917945564 -0.013957337 0.396460712 5.960191727 0.008418042 0.999841154 0.015708532 -2.570236206 -0.396616995 -0.011082154 0.917917311 101.569503784
0.912548721 -0.014636367 0.408705860 6.215248108 0.009121072 0.999839187 0.015440423 -2.572261810 -0.408866137 -0.010362304 0.912535489 102.038871765
0.907463372 -0.015119859 0.419858992 6.451007843 0.008957663 0.999821305 0.016644647 -2.595004559 -0.420035630 -0.011343453 0.907436669 102.532546997
0.901987016 -0.015404605 0.431488186 6.710563660 0.009259275 0.999823570 0.016339131 -2.598755121 -0.431663811 -0.010742415 0.901970625 103.010345459
0.895143449 -0.016237058 0.445482373 6.975330353 0.009952245 0.999815285 0.016443688 -2.624979496 -0.445667028 -0.010285909 0.895139694 103.511932373
0.889300883 -0.016891526 0.457010269 7.249984741 0.010510284 0.999808609 0.016501794 -2.626534462 -0.457201540 -0.009871756 0.889308333 103.998229980
0.883145928 -0.016641390 0.468802959 7.519481659 0.010133452 0.999814153 0.016401302 -2.630330086 -0.468988687 -0.009734153 0.883150518 104.487091064
0.875757992 -0.016624551 0.482463866 7.804977417 0.010046282 0.999818146 0.016215537 -2.634711742 -0.482645661 -0.009353921 0.875765741 104.963699341
0.868636012 -0.016546298 0.495174378 8.094707489 0.009298016 0.999810517 0.017098166 -2.651885271 -0.495363504 -0.010247944 0.868625343 105.391555786
