1.000000000 0.000000000 0.000000000 0.000000000 0.000000000 1.000000000 0.000000000 0.000000000 0.000000000 0.000000000 1.000000000 0.000000000
1.000000000 0.000040196 -0.000044027 -0.000150765 -0.000040192 1.000000000 0.000074817 -0.002344593 0.000044030 -0.000074815 1.000000000 -0.001973941
1.000000000 0.000165708 0.000046449 -0.001621996 -0.000165707 1.000000000 -0.000023953 0.000150860 -0.000046452 0.000023945 1.000000000 -0.001607470
1.000000000 -0.000137536 -0.000135041 0.006179951 0.000137558 1.000000000 0.000163055 -0.002485591 0.000135019 -0.000163074 1.000000000 -0.004287655
1.000000000 0.000106035 -0.000036558 0.001896125 -0.000106033 1.000000000 0.000028948 -0.000434694 0.000036561 -0.000028945 1.000000000 -0.000543127
1.000000000 0.000110034 0.000041456 -0.001282333 -0.000110032 1.000000000 -0.000037071 -0.000661873 -0.000041460 0.000037066 1.000000000 -0.002672120
1.000000000 0.000004902 -0.000065273 0.003822001 -0.000004898 1.000000000 0.000062377 -0.001147989 0.000065273 -0.000062377 1.000000000 -0.005563417
1.000000000 0.000035259 0.000151224 -0.008691007 -0.000035265 1.000000000 0.000038370 0.000921309 -0.000151223 -0.000038376 1.000000000 -0.007160819
1.000000000 -0.000001443 -0.000047482 0.001924360 0.000001444 1.000000000 0.000025705 -0.001254104 0.000047482 -0.000025705 1.000000000 -0.007033984
1.000000000 0.000046962 0.000015258 0.000304254 -0.000046962 1.000000000 0.000003404 -0.001063043 -0.000015258 -0.000003405 1.000000000 -0.005409036
1.000000000 0.000006960 -0.000031924 0.000123815 -0.000006958 1.000000000 0.000073691 -0.001817011 0.000031925 -0.000073690 1.000000000 -0.006610421
1.000000000 0.000019579 -0.000005372 -0.001273907 -0.000019578 1.000000000 0.000081016 -0.003853429 0.000005374 -0.000081016 1.000000000 -0.004817558
1.000000000 -0.000068709 0.000071829 0.000786610 0.000068703 1.000000000 0.000073044 -0.002777817 -0.000071834 -0.000073039 1.000000000 -0.004761606
1.000000000 0.000075271 -0.000025547 0.000500883 -0.000075269 1.000000000 0.000043277 -0.001145123 0.000025550 -0.000043275 1.000000000 -0.006237019
1.000000000 -0.000097025 -0.000000704 -0.000516042 0.000097025 1.000000000 0.000069224 0.000174752 0.000000698 -0.000069224 1.000000000 -0.003227137
1.000000000 -0.000100061 0.000032377 -0.002462454 0.000100062 1.000000000 -0.000039008 -0.000389959 -0.000032373 0.000039011 1.000000000 -0.004005706
1.000000000 -0.000074354 0.000120883 -0.003838801 0.000074364 1.000000000 -0.000088689 0.001433828 -0.000120876 0.000088698 1.000000000 0.000091200
1.000000000 0.000095123 -0.000031344 0.001714385 -0.000095119 1.000000000 0.000116531 -0.002666096 0.000031355 -0.000116528 1.000000000 -0.009606934
1.000000000 0.000039395 -0.000015251 0.000606541 -0.000039395 1.000000000 0.000000886 -0.002012323 0.000015251 -0.000000885 1.000000000 -0.006211288
1.000000000 -0.000117822 0.000004417 0.000516165 0.000117822 1.000000000 0.000032538 -0.002788594 -0.000004421 -0.000032537 1.000000000 -0.007772672
1.000000000 -0.000006906 0.000152418 -0.004304652 0.000006903 1.000000000 0.000021097 -0.001109219 -0.000152419 -0.000021096 1.000000000 0.000985941
1.000000000 0.000104789 0.000100236 -0.003212882 -0.000104791 1.000000000 0.000021387 -0.000186784 -0.000100234 -0.000021398 1.000000000 -0.004172614
1.000000000 -0.000088803 -0.000012045 0.001151393 0.000088804 1.000000000 0.000033678 -0.002193066 0.000012042 -0.000033679 1.000000000 -0.008717042
1.000000000 -0.000131615 -0.000021694 0.000475423 0.000131618 1.000000000 0.000127895 -0.002597733 0.000021677 -0.000127898 1.000000000 -0.008104103
1.000000000 -0.000018843 -0.000059897 0.002288982 0.000018851 1.000000000 0.000123518 -0.002491048 0.000059895 -0.000123519 1.000000000 -0.009376206
1.000000000 -0.000015975 0.000007785 -0.002322308 0.000015974 1.000000000 0.000161855 -0.002165458 -0.000007788 -0.000161855 1.000000000 -0.005211450
1.000000000 0.000008260 0.000005939 -0.002651099 -0.000008260 1.000000000 0.000067695 -0.002425663 -0.000005939 -0.000067696 1.000000000 -0.009353616
1.000000000 0.000028374 0.000018934 -0.000294625 -0.000028376 1.000000000 0.000127895 -0.001055808 -0.000018930 -0.000127896 1.000000000 -0.002088896
1.000000000 -0.000195143 -0.000097541 -0.001525689 0.000195151 1.000000000 0.000087348 0.001703681 0.000097524 -0.000087368 1.000000000 -0.005047558
1.000000000 -0.000083985 0.000085723 -0.002906775 0.000083980 1.000000000 0.000060480 0.000377134 -0.000085728 -0.000060473 1.000000000 -0.002444269
1.000000000 -0.000060537 0.000002154 -0.001203676 0.000060536 1.000000000 0.000141811 -0.001243890 -0.000002162 -0.000141811 1.000000000 -0.003793644
1.000000000 -0.000112024 -0.000056574 -0.003649840 0.000112029 1.000000000 0.000087959 0.000612883 0.000056564 -0.000087965 1.000000000 -0.003361952
1.000000000 -0.000032917 -0.000060030 0.001175809 0.000032923 1.000000000 0.000093728 -0.000186406 0.000060026 -0.000093730 1.000000000 -0.005971267
1.000000000 0.000058508 -0.000048721 0.000650155 -0.000058504 1.000000000 0.000082681 -0.001762532 0.000048726 -0.000082678 1.000000000 -0.006304373
1.000000000 -0.000113119 -0.000077012 -0.000737692 0.000113123 1.000000000 0.000046936 0.000154243 0.000077006 -0.000046945 1.000000000 -0.000311457
1.000000000 -0.000073352 -0.000092104 -0.000768539 0.000073353 1.000000000 0.000006898 0.001208496 0.000092103 -0.000006905 1.000000000 -0.004404655
1.000000000 -0.000217715 -0.000072010 0.000994154 0.000217720 1.000000000 0.000068382 -0.000478890 0.000071995 -0.000068398 1.000000000 -0.006873447
1.000000000 -0.000032173 0.000061522 -0.001865678 0.000032173 1.000000000 0.000005296 0.001117318 -0.000061522 -0.000005294 1.000000000 -0.005069405
1.000000000 -0.000044910 -0.000041796 -0.001532430 0.000044916 1.000000000 0.000141463 -0.000249962 0.000041790 -0.000141465 1.000000000 -0.006621172
1.000000000 -0.000133199 -0.000074105 -0.000579489 0.000133203 1.000000000 0.000061907 -0.001079699 0.000074096 -0.000061917 1.000000000 0.002797260
1.000000000 -0.000069282 -0.000152267 0.006368846 0.000069206 0.999999881 -0.000499368 -0.007412190 0.000152301 0.000499358 0.999999881 0.042122971
0.999999940 -0.000240154 -0.000153467 0.003528544 0.000239980 0.999999344 -0.001129347 -0.005163879 0.000153739 0.001129310 0.999999344 0.143466279
1.000000000 -0.000060473 -0.000013397 0.004009150 0.000060455 0.999999106 -0.001342956 -0.012261285 0.000013478 0.001342955 0.999999106 0.262910694
0.999999940 -0.000253693 0.000027690 0.007275135 0.000253725 0.999999285 -0.001170243 -0.018769711 -0.000027393 0.001170250 0.999999344 0.389993161
0.999999940 0.000297288 -0.000094311 0.013080876 -0.000297387 0.999999404 -0.001053426 -0.023156326 0.000093998 0.001053454 0.999999464 0.538646638
1.000000000 0.000034355 -0.000020175 0.019119421 -0.000034377 0.999999464 -0.001055611 -0.026009532 0.000020138 0.001055611 0.999999464 0.691752791
1.000000000 0.000106355 0.000158158 0.020097200 -0.000106256 0.999999821 -0.000626293 -0.039086498 -0.000158225 0.000626276 0.999999762 0.856801629
1.000000000 0.000106946 -0.000028934 0.025369739 -0.000106960 0.999999881 -0.000495326 -0.044339061 0.000028881 0.000495329 0.999999881 1.029060841
0.999999523 0.000713167 0.000691405 0.000339318 -0.000712752 0.999999583 -0.000599393 -0.043867547 -0.000691832 0.000598900 0.999999583 1.212234497
1.000000000 -0.000026096 0.000028509 0.030590924 0.000026107 0.999999940 -0.000357510 -0.051841058 -0.000028500 0.000357510 0.999999940 1.417832851
1.000000000 0.000189098 0.000080701 0.036855575 -0.000189077 0.999999940 -0.000262808 -0.069459759 -0.000080750 0.000262792 0.999999940 1.613658309
0.999999642 0.000583446 0.000644823 0.033916526 -0.000583417 0.999999821 -0.000045202 -0.071691245 -0.000644849 0.000044826 0.999999762 1.796555877
0.999999464 0.000735369 0.000754996 0.026286328 -0.000735539 0.999999702 0.000224659 -0.076447189 -0.000754830 -0.000225214 0.999999702 2.013257504
0.999998093 0.001501278 0.001241554 0.027051900 -0.001501404 0.999998868 0.000100817 -0.081265919 -0.001241402 -0.000102681 0.999999225 2.235948324
0.999998629 -0.000450047 0.001573944 0.005347975 0.000448214 0.999999225 0.001164306 -0.103018530 -0.001574467 -0.001163599 0.999998033 2.362132549
0.999998689 -0.000393361 0.001526683 0.013395062 0.000391176 0.999998927 0.001431432 -0.111993007 -0.001527245 -0.001430833 0.999997795 2.588552237
0.999998450 -0.000498646 0.001699120 0.013251320 0.000496448 0.999999046 0.001293624 -0.115919530 -0.001699764 -0.001292778 0.999997735 2.823397636
0.999998391 -0.000889823 0.001504572 0.025714723 0.000887579 0.999998510 0.001491334 -0.123498067 -0.001505897 -0.001489996 0.999997735 3.048669338
0.999998510 -0.000270194 0.001669657 0.023287972 0.000267856 0.999998927 0.001399901 -0.130238026 -0.001670034 -0.001399451 0.999997556 3.285583019
0.999998391 -0.000669607 0.001635205 0.030096864 0.000666999 0.999998391 0.001595203 -0.137821883 -0.001636270 -0.001594110 0.999997318 3.529839993
0.999998748 -0.000877392 0.001323901 0.043213043 0.000875018 0.999997973 0.001792575 -0.148358852 -0.001325472 -0.001791415 0.999997497 3.782634735
0.999997854 -0.001288664 0.001579390 0.051566031 0.001285685 0.999997377 0.001885933 -0.157071233 -0.001581816 -0.001883899 0.999996901 4.034396172
0.999997854 -0.000966409 0.001828882 0.032582503 0.000961665 0.999996185 0.002593084 -0.183578998 -0.001831382 -0.002591319 0.999994993 4.274668217
0.999997377 -0.001774104 0.001441355 0.047036890 0.001770556 0.999995410 0.002459026 -0.188175410 -0.001445711 -0.002456468 0.999995947 4.537895203
0.999997735 -0.001345397 0.001650011 0.057034642 0.001340836 0.999995291 0.002762052 -0.197485209 -0.001653719 -0.002759834 0.999994814 4.794942856
0.999997675 -0.000728761 0.002014701 0.062677100 0.000723860 0.999996841 0.002432090 -0.203634039 -0.002016467 -0.002430627 0.999994993 5.070538998
0.999997318 -0.001543650 0.001737861 0.052887268 0.001538579 0.999994576 0.002915306 -0.217811659 -0.001742352 -0.002912624 0.999994278 5.321977615
0.999997258 -0.001061684 0.002092528 0.040841013 0.001055453 0.999994934 0.002976581 -0.234600946 -0.002095678 -0.002974364 0.999993384 5.573530197
0.999997675 -0.000928646 0.001937040 0.052789006 0.000922756 0.999994874 0.003039566 -0.239875823 -0.001939853 -0.003037771 0.999993503 5.841596603
0.999997079 -0.000689050 0.002339762 0.051492840 0.000682007 0.999995232 0.003009570 -0.254485220 -0.002341824 -0.003007965 0.999992788 6.122965336
0.999996662 -0.000011347 0.002602931 0.058094259 0.000002653 0.999994457 0.003340035 -0.260279387 -0.002602955 -0.003340017 0.999991059 6.397866249
0.999997139 -0.000518507 0.002344870 0.056403227 0.000511055 0.999994874 0.003177362 -0.268308312 -0.002346506 -0.003176154 0.999992192 6.706775665
0.999996841 -0.001921233 0.001619773 0.059035763 0.001915177 0.999991179 0.003732131 -0.301338673 -0.001626929 -0.003729017 0.999991715 7.071994305
0.999997377 -0.001554578 0.001665541 0.071147643 0.001547849 0.999990642 0.004034061 -0.317854077 -0.001671797 -0.004031472 0.999990463 7.361210823
0.999996483 -0.002114409 0.001630514 0.080948360 0.002107700 0.999989390 0.004105503 -0.330607474 -0.001639177 -0.004102051 0.999990225 7.675210476
0.999996722 -0.002184951 0.001393730 0.090710953 0.002179154 0.999988973 0.004147605 -0.336125195 -0.001402777 -0.004144554 0.999990463 7.997736931
0.999997497 -0.000774682 0.002117882 0.087098375 0.000765349 0.999989986 0.004404166 -0.337308615 -0.002121273 -0.004402534 0.999988019 8.307888031
0.999996126 -0.001641931 0.002246991 0.065541863 0.001633408 0.999991477 0.003789829 -0.358258724 -0.002253194 -0.003786144 0.999990284 8.670451164
0.999996185 -0.001608248 0.002251320 0.070360914 0.001599534 0.999991238 0.003867169 -0.366499901 -0.002257520 -0.003863553 0.999989986 8.995354652
0.999996603 -0.001093181 0.002368263 0.080365241 0.001083604 0.999991179 0.004041375 -0.381293774 -0.002372660 -0.004038794 0.999989033 9.330614090
0.999995470 -0.001586748 0.002560165 0.089947335 0.001576192 0.999990225 0.004119945 -0.390306652 -0.002566678 -0.004115890 0.999988258 9.668810844
0.999994457 -0.001315717 0.003034053 0.094570324 0.001301996 0.999988973 0.004519925 -0.395292222 -0.003039966 -0.004515951 0.999985218 10.011751175
0.999994516 -0.001285184 0.003044690 0.110612951 0.001271284 0.999988794 0.004562921 -0.403237015 -0.003050520 -0.004559025 0.999984980 10.347553253
0.999994278 -0.002287327 0.002460561 0.066296950 0.002274848 0.999984622 0.005062551 -0.456909031 -0.002472103 -0.005056925 0.999984145 10.785038948
0.999993443 -0.002895895 0.002204655 0.076535113 0.002886408 0.999986649 0.004294342 -0.455790102 -0.002217062 -0.004287950 0.999988377 11.174952507
0.999994695 -0.001846712 0.002678679 0.073808096 0.001833494 0.999986172 0.004928487 -0.475961119 -0.002687743 -0.004923550 0.999984205 11.550776482
0.999992311 -0.003155130 0.002313634 0.097078048 0.003144760 0.999985099 0.004472086 -0.475451261 -0.002327710 -0.004464775 0.999987304 11.922734261
0.999993980 -0.002221117 0.002688979 0.102102958 0.002207168 0.999984205 0.005179325 -0.489175439 -0.002700441 -0.005173359 0.999982953 12.286011696
0.999994040 -0.001354330 0.003174833 0.101029634 0.001338027 0.999985993 0.005131830 -0.504283488 -0.003181739 -0.005127552 0.999981821 12.628114700
0.999994576 -0.002294888 0.002364910 0.144677684 0.002281580 0.999981642 0.005615048 -0.507701159 -0.002377752 -0.005609622 0.999981403 13.055532455
0.999991894 -0.003292576 0.002324828 0.115965210 0.003278365 0.999976039 0.006090447 -0.568335474 -0.002344826 -0.006082776 0.999978662 13.456488609
0.999993265 -0.002144299 0.002969258 0.119032294 0.002126487 0.999979854 0.005988878 -0.580496132 -0.002982040 -0.005982524 0.999977589 13.867831230
0.999991596 -0.002697552 0.003081625 0.133916497 0.002676346 0.999972880 0.006865082 -0.590864778 -0.003100060 -0.006856777 0.999971628 14.292194366
0.999989688 -0.003395873 0.003005111 0.142374635 0.003375353 0.999971092 0.006807392 -0.606307030 -0.003028141 -0.006797179 0.999972224 14.724179268
0.999989390 -0.002943028 0.003547289 0.157239318 0.002917504 0.999969959 0.007179015 -0.623316288 -0.003568310 -0.007168588 0.999967873 15.106004715
0.999982834 -0.005108959 0.002872734 0.157109141 0.005086865 0.999957800 0.007646305 -0.664184034 -0.002911678 -0.007631561 0.999966621 15.507315636
0.999984264 -0.004671954 0.003116973 0.170134127 0.004649139 0.999962568 0.007287022 -0.669417322 -0.003150902 -0.007272415 0.999968588 15.945197105
0.999978006 -0.005695490 0.003419769 0.173673972 0.005668670 0.999953449 0.007801888 -0.690911293 -0.003464045 -0.007782330 0.999963760 16.371246338
0.999980509 -0.005001151 0.003742580 0.182306290 0.004971615 0.999956667 0.007860209 -0.694837332 -0.003781728 -0.007841448 0.999962091 16.841947556
0.999979019 -0.005166748 0.003908718 0.192112237 0.005135259 0.999954641 0.008023724 -0.722017646 -0.003949998 -0.008003484 0.999960184 17.266427994
0.999979973 -0.004855209 0.004078791 0.201496661 0.004821897 0.999955356 0.008137569 -0.732392192 -0.004118118 -0.008117739 0.999958575 17.717761993
0.999976218 -0.005429556 0.004242187 0.209898949 0.005394265 0.999951124 0.008286707 -0.742969632 -0.004286973 -0.008263627 0.999956727 18.199346542
0.999974310 -0.005251322 0.004873245 0.226625919 0.005210445 0.999951541 0.008363035 -0.752483845 -0.004916925 -0.008337429 0.999953210 18.660270691
0.999974787 -0.004918259 0.005119191 0.225725830 0.004873864 0.999950767 0.008648925 -0.771466315 -0.005161476 -0.008623756 0.999949515 19.086795807
0.999974489 -0.005145071 0.004954625 0.235285074 0.005100048 0.999945998 0.009057268 -0.794373035 -0.005000957 -0.009031768 0.999946713 19.552743912
0.999976218 -0.004951263 0.004795168 0.254377693 0.004904903 0.999941647 0.009631922 -0.810790777 -0.004842577 -0.009608174 0.999942064 20.017665863
0.999976039 -0.004895662 0.004901250 0.258211702 0.004851213 0.999947429 0.009040174 -0.815043449 -0.004945250 -0.009016180 0.999947131 20.508281708
0.999975383 -0.005225712 0.004681372 0.269165426 0.005178604 0.999936402 0.010019000 -0.844046533 -0.004733429 -0.009994510 0.999938846 20.976520538
0.999977231 -0.005556693 0.003844701 0.278779685 0.005520740 0.999941528 0.009299576 -0.839023590 -0.003896152 -0.009278138 0.999949336 21.488874435
0.999977708 -0.005622517 0.003570708 0.294230521 0.005586854 0.999935150 0.009920279 -0.870381653 -0.003626253 -0.009900110 0.999944448 22.013679504
0.999976873 -0.005975845 0.003246865 0.307681650 0.005943655 0.999934018 0.009834938 -0.874981642 -0.003305423 -0.009815413 0.999946356 22.510206223
0.999977112 -0.005976607 0.003206223 0.271788925 0.005942497 0.999926686 0.010544863 -0.898323059 -0.003269012 -0.010525567 0.999939263 22.918655396
0.999977112 -0.006457224 0.002030817 0.283630550 0.006436271 0.999927700 0.010159973 -0.910000741 -0.002096275 -0.010146669 0.999946296 23.445980072
0.999970317 -0.007452402 0.001919174 0.283738047 0.007432622 0.999921203 0.010115120 -0.917700469 -0.001994404 -0.010100557 0.999946952 24.021675110
0.999983728 -0.005440777 0.001738100 0.269106954 0.005422133 0.999929547 0.010557334 -0.937558293 -0.001795419 -0.010547739 0.999942720 24.517168045
0.999984503 -0.005440013 0.001132410 0.278940558 0.005427684 0.999928832 0.010619670 -0.949012995 -0.001190100 -0.010613357 0.999942958 24.897590637
0.999984741 -0.005518323 0.000305141 0.288120091 0.005514751 0.999927819 0.010677096 -0.954836369 -0.000364039 -0.010675248 0.999942958 25.439657211
0.999984026 -0.005649017 -0.000093666 0.295733839 0.005649690 0.999928892 0.010502263 -0.963557422 0.000034332 -0.010502625 0.999944806 25.983800888
0.999984741 -0.005483015 -0.000631039 0.332021832 0.005489716 0.999922752 0.011159200 -0.971172452 0.000569804 -0.011162492 0.999937534 26.508895874
0.999988139 -0.004803880 -0.000762347 0.281022042 0.004812021 0.999927223 0.011063974 -1.012671709 0.000709142 -0.011067512 0.999938488 27.168479919
0.999988019 -0.004816115 -0.000871715 0.313787878 0.004825993 0.999919772 0.011707957 -1.032473803 0.000815259 -0.011712023 0.999931097 27.443399429
0.999985516 -0.005215998 -0.001357966 0.323149651 0.005231828 0.999915183 0.011926590 -1.039877892 0.001295642 -0.011933520 0.999927998 27.994440079
0.999987066 -0.004779371 -0.001739326 0.326676607 0.004799000 0.999922812 0.011461890 -1.051715612 0.001684411 -0.011470090 0.999932826 28.582593918
0.999986112 -0.004842448 -0.002051371 0.330249637 0.004866801 0.999915659 0.012038151 -1.066887140 0.001992904 -0.012047969 0.999925375 29.012611389
0.999985397 -0.004628368 -0.002764191 0.344924212 0.004660599 0.999919951 0.011769610 -1.067705631 0.002709495 -0.011782323 0.999926925 29.564716339
0.999985576 -0.004654731 -0.002670638 0.350076377 0.004685231 0.999922574 0.011530439 -1.086362839 0.002616760 -0.011542785 0.999929965 30.114814758
0.999980807 -0.005271127 -0.003248324 0.371596754 0.005309933 0.999913216 0.012055891 -1.097097278 0.003184494 -0.012072907 0.999922037 30.613206863
0.999985337 -0.004522537 -0.002973694 0.349803090 0.004560758 0.999905348 0.012974410 -1.136408806 0.002914736 -0.012987784 0.999911368 31.025520325
0.999981999 -0.005104120 -0.003156586 0.360836923 0.005144669 0.999902546 0.012973811 -1.154199600 0.003090059 -0.012989817 0.999910831 31.561281204
0.999984503 -0.004464234 -0.003327449 0.359014302 0.004506292 0.999908686 0.012741419 -1.148938537 0.003270265 -0.012756216 0.999913335 32.085479736
0.999983430 -0.004635691 -0.003394253 0.339622766 0.004679772 0.999903262 0.013096365 -1.171368480 0.003333215 -0.013112033 0.999908447 32.601074219
0.999981761 -0.004749840 -0.003728898 0.378022254 0.004797564 0.999905348 0.012895606 -1.174577713 0.003667292 -0.012913262 0.999909878 33.155200958
0.999983072 -0.004365642 -0.003846499 0.363489091 0.004418055 0.999896049 0.013724713 -1.196179867 0.003786183 -0.013741473 0.999898434 33.561325073
0.999979854 -0.004902378 -0.004048608 0.371979773 0.004957567 0.999893308 0.013736043 -1.202145100 0.003980837 -0.013755836 0.999897480 34.077098846
0.999979973 -0.004501160 -0.004447525 0.381628186 0.004562115 0.999894500 0.013791818 -1.215229750 0.004384976 -0.013811832 0.999895036 34.607486725
0.999983251 -0.004170875 -0.003995348 0.371465027 0.004225628 0.999895930 0.013795662 -1.235766530 0.003937392 -0.013812315 0.999896884 35.176460266
0.999981821 -0.004468449 -0.004052961 0.359664917 0.004525654 0.999888718 0.014216717 -1.253036499 0.003988984 -0.014234799 0.999890745 35.610069275
0.999975801 -0.005308840 -0.004499588 0.369940519 0.005371894 0.999885857 0.014119003 -1.262881279 0.004424119 -0.014142832 0.999890208 36.161563873
0.999974966 -0.005392764 -0.004580811 0.367448390 0.005458009 0.999882162 0.014352296 -1.274631977 0.004502872 -0.014376938 0.999886572 36.687118530
0.999974370 -0.005379624 -0.004724369 0.356569529 0.005445869 0.999885559 0.014122839 -1.281615496 0.004647852 -0.014148207 0.999889135 37.199634552
0.999974489 -0.005615466 -0.004415298 0.368951768 0.005681506 0.999870002 0.015089627 -1.304414988 0.004329989 -0.015114326 0.999876380 37.631435394
0.999970198 -0.006083774 -0.004759069 0.372519612 0.006155931 0.999864042 0.015297141 -1.319892883 0.004665357 -0.015325982 0.999871671 38.134323120
0.999969661 -0.006065267 -0.004889871 0.386927307 0.006139575 0.999863684 0.015327360 -1.315970421 0.004796240 -0.015356917 0.999870598 38.715972900
0.999970317 -0.005849727 -0.005018894 0.423045754 0.005924934 0.999868453 0.015103027 -1.325054646 0.004929885 -0.015132316 0.999873281 39.211372375
0.999970019 -0.005507928 -0.005449434 0.440951914 0.005589364 0.999871194 0.015043277 -1.344017386 0.005365876 -0.015073284 0.999871969 39.758445740
0.999971569 -0.005067689 -0.005586515 0.472862035 0.005150930 0.999874413 0.014988210 -1.339247227 0.005509858 -0.015016559 0.999872029 40.322223663
0.999978006 -0.004220254 -0.005114501 0.477782607 0.004295307 0.999881864 0.014753609 -1.355683923 0.005051633 -0.014775253 0.999877989 40.867778778
0.999977946 -0.004750349 -0.004626377 0.417822897 0.004820180 0.999872804 0.015201727 -1.361431718 0.004553575 -0.015223694 0.999873757 41.182220459
0.999979317 -0.004277400 -0.004810932 0.428894162 0.004349835 0.999875724 0.015148031 -1.366801858 0.004745540 -0.015168642 0.999873698 41.737125397
0.999978900 -0.003981730 -0.005111887 0.441759914 0.004059050 0.999876142 0.015205154 -1.370841384 0.005050710 -0.015225584 0.999871314 42.258689880
0.999982297 -0.003468931 -0.004847297 0.462656319 0.003536565 0.999895513 0.014014628 -1.354360700 0.004798174 -0.014031522 0.999890089 42.826625824
0.999976456 -0.004795318 -0.004910187 0.432532430 0.004868016 0.999877036 0.014902121 -1.390224695 0.004838123 -0.014925671 0.999876916 43.242618561
0.999972343 -0.005073747 -0.005443571 0.456404269 0.005150841 0.999885321 0.014243288 -1.388340235 0.005370680 -0.014270933 0.999883771 43.797771454
0.999963105 -0.006623107 -0.005477593 0.477952480 0.006703844 0.999867141 0.014854713 -1.390352130 0.005378481 -0.014890886 0.999874711 44.293769836
0.999976218 -0.004741795 -0.005019831 0.481638670 0.004812873 0.999887049 0.014243095 -1.400920868 0.004951727 -0.014266916 0.999885976 44.796775818
0.999976575 -0.004679851 -0.004997952 0.470640898 0.004754960 0.999874294 0.015123182 -1.430542469 0.004926550 -0.015146594 0.999873161 45.255683899
0.999975562 -0.004574753 -0.005287066 0.476592213 0.004653016 0.999878347 0.014886372 -1.431334496 0.005218321 -0.014910609 0.999875247 45.793655396
0.999977231 -0.004463582 -0.005063287 0.477472514 0.004537763 0.999881029 0.014734996 -1.434642553 0.004996914 -0.014757637 0.999878645 46.353286743
0.999974012 -0.004942962 -0.005253696 0.484446108 0.005016147 0.999889255 0.014009603 -1.434969187 0.005183865 -0.014035590 0.999888122 46.896415710
0.999969721 -0.005093057 -0.005867910 0.503438950 0.005171068 0.999897480 0.013356886 -1.429612994 0.005799280 -0.013386826 0.999893546 47.460170746
0.999976218 -0.004414961 -0.005299629 0.499952823 0.004490491 0.999887288 0.014325836 -1.454610467 0.005235783 -0.014349295 0.999883354 47.788993835
0.999973834 -0.004791954 -0.005433981 0.506778121 0.004869263 0.999885857 0.014304006 -1.460500956 0.005364817 -0.014330091 0.999882936 48.329730988
0.999975562 -0.004680651 -0.005201829 0.506231308 0.004755907 0.999882817 0.014550251 -1.473883152 0.005133114 -0.014574633 0.999880672 48.877685547
0.999977946 -0.004252361 -0.005108818 0.508476734 0.004322573 0.999895215 0.013811676 -1.475173712 0.005049551 -0.013833456 0.999891579 49.422439575
0.999974012 -0.004538185 -0.005597644 0.509626627 0.004620679 0.999879599 0.014813319 -1.479268432 0.005529745 -0.014838802 0.999874532 49.830474854
0.999978840 -0.003617602 -0.005404151 0.516938090 0.003698138 0.999881148 0.014967726 -1.489710093 0.005349361 -0.014987393 0.999873340 50.373352051
0.999976754 -0.004002706 -0.005525297 0.539084077 0.004085214 0.999879062 0.015003196 -1.496141195 0.005464577 -0.015025418 0.999872208 50.884174347
0.999974847 -0.004539238 -0.005444942 0.542235672 0.004615872 0.999889255 0.014145349 -1.505215406 0.005380131 -0.014170126 0.999885082 51.422206879
0.999980211 -0.003924162 -0.004910809 0.514095724 0.003998554 0.999875963 0.015231636 -1.527022004 0.004850429 -0.015250971 0.999871910 51.845096588
0.999977648 -0.004314470 -0.005107830 0.519778311 0.004391863 0.999874234 0.015238831 -1.534992695 0.005041441 -0.015260923 0.999870777 52.388607025
0.999977589 -0.004327094 -0.005118429 0.529300988 0.004402275 0.999881268 0.014769346 -1.538904905 0.005053914 -0.014791547 0.999877810 52.950710297
0.999977827 -0.004085667 -0.005268306 0.557159364 0.004157041 0.999898732 0.013608681 -1.516272902 0.005212171 -0.013630277 0.999893427 53.489540100
0.999980628 -0.003556285 -0.005123854 0.557145715 0.003624778 0.999903321 0.013420817 -1.509653926 0.005075631 -0.013439127 0.999896765 53.987758636
0.999977827 -0.004120025 -0.005219578 0.532989264 0.004195222 0.999886394 0.014478561 -1.546324253 0.005159333 -0.014500136 0.999881566 54.365715027
0.999976099 -0.004424272 -0.005312079 0.547910213 0.004500730 0.999885201 0.014468770 -1.551303387 0.005247456 -0.014492331 0.999881208 54.909267426
0.999979734 -0.004027477 -0.004926901 0.547013283 0.004098634 0.999886215 0.014518813 -1.564499021 0.004867868 -0.014538714 0.999882460 55.459327698
0.999974310 -0.004164710 -0.005847819 0.560633183 0.004248235 0.999888062 0.014343967 -1.565486908 0.005787427 -0.014368440 0.999880016 56.041767120
0.999975801 -0.004491803 -0.005310179 0.566954494 0.004569328 0.999881804 0.014678467 -1.573492289 0.005243619 -0.014702378 0.999878168 56.352573395
0.999976814 -0.004375387 -0.005211974 0.571353614 0.004450510 0.999885082 0.014490523 -1.581199050 0.005147972 -0.014513384 0.999881446 56.896549225
0.999980390 -0.003964771 -0.004834483 0.583113670 0.004033085 0.999890924 0.014203907 -1.592180490 0.004777640 -0.014223128 0.999887347 57.431373596
0.999973297 -0.004750814 -0.005538263 0.584393322 0.004832862 0.999877334 0.014896763 -1.598512411 0.005466812 -0.014923130 0.999873698 57.855300903
0.999974906 -0.004677375 -0.005313039 0.595776200 0.004753640 0.999884486 0.014433715 -1.609048605 0.005244914 -0.014458609 0.999881744 58.399814606
0.999970496 -0.004707810 -0.006061971 0.661428273 0.004799904 0.999871790 0.015268409 -1.646996856 0.005989315 -0.015297056 0.999865055 58.877185822
0.999971628 -0.004744261 -0.005848048 0.653941870 0.004829847 0.999880135 0.014708694 -1.627525091 0.005777565 -0.014736519 0.999874711 59.386775970
0.999971032 -0.005232999 -0.005530415 0.624368429 0.005312962 0.999880075 0.014544347 -1.617533684 0.005453643 -0.014573308 0.999878943 59.814708710
0.999974906 -0.004569353 -0.005406816 0.625094891 0.004648966 0.999879658 0.014804725 -1.629424095 0.005338516 -0.014829491 0.999875784 60.336463928
0.999973416 -0.004851635 -0.005446020 0.639044762 0.004929285 0.999885082 0.014336530 -1.640772939 0.005375837 -0.014362994 0.999882400 60.870853424
0.999976575 -0.004674204 -0.004986587 0.620108783 0.004745746 0.999884605 0.014432919 -1.649136305 0.004918548 -0.014456247 0.999883473 61.420669556
0.999972820 -0.004985788 -0.005427910 0.627263308 0.005066965 0.999873936 0.015045911 -1.652186871 0.005352210 -0.015073007 0.999872088 61.838466644
0.999972761 -0.004850642 -0.005556824 0.642646313 0.004932076 0.999879241 0.014736029 -1.666273117 0.005484674 -0.014763036 0.999875963 62.367618561
0.999972582 -0.005204928 -0.005257994 0.629752040 0.005283325 0.999873340 0.015007898 -1.685362101 0.005179214 -0.015035265 0.999873579 62.874549866
0.999973834 -0.005174885 -0.005042058 0.637079358 0.005248726 0.999877453 0.014743518 -1.678217411 0.004965144 -0.014769597 0.999878585 63.316463470
0.999977469 -0.004463104 -0.005002286 0.646556377 0.004533869 0.999888539 0.014225708 -1.684854507 0.004938237 -0.014248068 0.999886274 63.868999481
0.999976516 -0.004844803 -0.004839624 0.652100325 0.004911777 0.999890924 0.013923803 -1.685328484 0.004771640 -0.013947248 0.999891341 64.399429321
0.999975860 -0.004995394 -0.004835438 0.627704859 0.005066536 0.999877453 0.014813896 -1.705934525 0.004760844 -0.014838037 0.999878585 64.830070496
0.999974906 -0.004931318 -0.005094471 0.643232822 0.005006185 0.999878109 0.014789114 -1.719608665 0.005020920 -0.014814246 0.999877632 65.370605469
0.999971926 -0.005237154 -0.005363014 0.653785467 0.005312109 0.999887109 0.014058840 -1.711512804 0.005288781 -0.014086934 0.999886751 65.915313721
0.999970257 -0.005557728 -0.005359571 0.659398794 0.005630831 0.999890029 0.013722560 -1.717162371 0.005282714 -0.013752329 0.999891460 66.455543518
0.999972522 -0.005395454 -0.005080734 0.655096173 0.005468143 0.999881327 0.014403120 -1.725247860 0.005002420 -0.014430505 0.999883294 66.824234009
0.999971449 -0.005327300 -0.005347112 0.666292191 0.005403428 0.999882758 0.014325047 -1.732009888 0.005270172 -0.014353530 0.999883056 67.382980347
0.999964833 -0.006117019 -0.005739100 0.684199750 0.006198449 0.999878883 0.014279679 -1.738907337 0.005651056 -0.014314751 0.999881566 67.931686401
0.999977171 -0.004405766 -0.005132247 0.698584259 0.004478048 0.999889791 0.014158613 -1.753980637 0.005069300 -0.014181272 0.999886632 68.441505432
0.999967873 -0.005881066 -0.005441043 0.687034488 0.005958864 0.999878645 0.014394487 -1.741252899 0.005355729 -0.014426447 0.999881566 68.848976135
0.999972701 -0.005215323 -0.005238613 0.696682215 0.005289780 0.999883831 0.014301270 -1.750329256 0.005163420 -0.014328591 0.999884009 69.388870239
0.999972045 -0.005331976 -0.005251454 0.699163437 0.005405951 0.999884963 0.014174440 -1.751271844 0.005175271 -0.014202430 0.999885738 69.953369141
0.999968767 -0.005830258 -0.005340864 0.714208961 0.005903968 0.999886096 0.013891046 -1.756270885 0.005259268 -0.013922144 0.999889255 70.496925354
0.999966145 -0.006257268 -0.005356559 0.730001986 0.006331454 0.999882698 0.013946313 -1.767964363 0.005268662 -0.013979754 0.999888361 71.019248962
0.999960721 -0.006845243 -0.005631969 0.706269681 0.006923424 0.999878228 0.013981105 -1.760952711 0.005535579 -0.014019549 0.999886394 71.405250549
0.999946654 -0.007898337 -0.006660434 0.731706142 0.007992451 0.999866843 0.014224049 -1.771787286 0.006547200 -0.014276521 0.999876678 71.946037292
0.999953032 -0.007498766 -0.006134694 0.734691381 0.007581737 0.999878466 0.013615312 -1.772261143 0.006031853 -0.013661183 0.999888480 72.465370178
0.999954760 -0.007648665 -0.005650057 0.718353748 0.007722818 0.999882758 0.013221256 -1.766548872 0.005548271 -0.013264292 0.999896646 72.882957458
0.999954343 -0.007516494 -0.005896016 0.730428874 0.007593872 0.999883831 0.013213215 -1.775267839 0.005796014 -0.013257384 0.999895334 73.429298401
0.999953508 -0.007927170 -0.005474834 0.722309709 0.007997374 0.999884546 0.012922547 -1.772857904 0.005371762 -0.012965732 0.999901533 73.990646362
0.999951482 -0.007892496 -0.005870483 0.745312035 0.007964295 0.999892533 0.012309727 -1.789814472 0.005772698 -0.012355885 0.999907017 74.504898071
0.999960542 -0.007188819 -0.005223260 0.697013319 0.007256030 0.999889612 0.012964603 -1.770236969 0.005129484 -0.013001991 0.999902248 74.905372620
0.999964654 -0.006729151 -0.005048880 0.701372147 0.006793715 0.999893904 0.012881412 -1.780179501 0.004961662 -0.012915256 0.999904215 75.464019775
0.999953926 -0.007799604 -0.005612892 0.740055084 0.007869303 0.999890804 0.012504483 -1.789304614 0.005514747 -0.012548073 0.999906063 76.013511658
0.999967217 -0.007136925 -0.003829714 0.713550687 0.007184178 0.999896407 0.012469851 -1.782961965 0.003740323 -0.012496958 0.999914944 76.436347961
0.999975920 -0.006658893 -0.001962743 0.712713242 0.006682342 0.999903381 0.012192831 -1.790735722 0.001881362 -0.012205656 0.999923766 77.000190735
0.999973893 -0.007145552 -0.001079617 0.714287400 0.007157927 0.999903202 0.011930459 -1.803105116 0.000994264 -0.011937876 0.999928296 77.520736694
0.999972403 -0.007425771 0.000155487 0.715760350 0.007423332 0.999898672 0.012152924 -1.809264183 -0.000245715 -0.012151436 0.999926150 78.047401428
0.999974012 -0.006405503 0.003306686 0.713223338 0.006362083 0.999895513 0.012978407 -1.836246848 -0.003389474 -0.012957032 0.999910295 78.434082031
0.999956489 -0.006467454 0.006721248 0.731408715 0.006379503 0.999894798 0.013025478 -1.839411974 -0.006804782 -0.012982034 0.999892533 78.968589783
0.999931097 -0.006216877 0.009954145 0.748971760 0.006093243 0.999904513 0.012402793 -1.838182449 -0.010030301 -0.012341288 0.999873459 79.493034363
0.999881446 -0.005080206 0.014535365 0.773483992 0.004893029 0.999905050 0.012884042 -1.848164439 -0.014599437 -0.012811393 0.999811292 80.021873474
0.999782205 -0.006084715 0.019963115 0.780912340 0.005825583 0.999898314 0.013013140 -1.853206873 -0.020040268 -0.012894006 0.999716043 80.491439819
0.999646068 -0.006573508 0.025777457 0.808323026 0.006248813 0.999900341 0.012656497 -1.854596019 -0.025858091 -0.012490937 0.999587595 81.061454773
0.999464214 -0.006329820 0.032111488 0.843830466 0.005904018 0.999893606 0.013337674 -1.874381065 -0.032192498 -0.013140939 0.999395251 81.584236145
0.999183476 -0.006369438 0.039896689 0.886321783 0.005849609 0.999896646 0.013132610 -1.877002239 -0.039976217 -0.012888507 0.999117494 82.118118286
0.998818874 -0.006391871 0.048165485 0.938194275 0.005770631 0.999898553 0.013026062 -1.886356115 -0.048243858 -0.012732733 0.998754442 82.654426575
0.998421609 -0.006108538 0.055830143 0.934960127 0.005379006 0.999898314 0.013207931 -1.883586168 -0.055905145 -0.012886774 0.998352945 83.066780090
0.997870088 -0.006086167 0.064948566 0.995965481 0.005239106 0.999899149 0.013204393 -1.897186995 -0.065022379 -0.012835997 0.997801244 83.602775574
0.997206271 -0.006344818 0.074427277 1.060519218 0.005386977 0.999900162 0.013063175 -1.911133289 -0.074502721 -0.012625744 0.997140884 84.162376404
0.996426940 -0.005879765 0.084255226 1.123388767 0.004778469 0.999900579 0.013266657 -1.935303092 -0.084324852 -0.012816642 0.996355891 84.679542542
0.995755315 -0.006943173 0.091777191 1.183278561 0.005785455 0.999900401 0.012874471 -1.915078163 -0.091857433 -0.012288853 0.995696306 85.298927307
0.994771361 -0.005943239 0.101953603 1.313983917 0.004603992 0.999900103 0.013366139 -1.946699262 -0.102022856 -0.012826859 0.994699419 85.713020325
0.993662119 -0.008117009 0.112114541 1.303477287 0.006656719 0.999888241 0.013393172 -1.933955789 -0.112210713 -0.012561977 0.993605018 86.185722351
0.992592573 -0.008186219 0.121213697 1.386213303 0.006605958 0.999887943 0.013433107 -1.945246696 -0.121310063 -0.012532871 0.992535591 86.727340698
0.991155267 -0.008042292 0.132462859 1.481362343 0.006327927 0.999890745 0.013358118 -1.947994232 -0.132555813 -0.012401754 0.991097987 87.281311035
0.989446044 -0.008102254 0.144674763 1.581761360 0.006236096 0.999891400 0.013347821 -1.960400581 -0.144767210 -0.012304745 0.989389181 87.815170288
0.987857997 -0.009197219 0.155087218 1.688454628 0.007252227 0.999887824 0.013102427 -1.971694946 -0.155190319 -0.011818611 0.987813890 88.330413818
0.986382544 -0.009156215 0.164212108 1.773975372 0.007032991 0.999884069 0.013506514 -1.970406055 -0.164316744 -0.012167687 0.986332595 88.838226318
0.984215140 -0.008636964 0.176765427 1.890421867 0.006317632 0.999886513 0.013679556 -1.980008245 -0.176863551 -0.012346886 0.984157979 89.380203247
0.981955290 -0.009358200 0.188881144 2.022816658 0.006884893 0.999881804 0.013746404 -1.988584518 -0.188987494 -0.012197927 0.981903732 89.918121338
0.979963064 -0.010302364 0.198912784 2.178350449 0.007672780 0.999872744 0.013986097 -2.018892288 -0.199031562 -0.012179642 0.979917407 90.416587830
0.977264047 -0.010671207 0.211757258 2.342691422 0.007839900 0.999868333 0.014205661 -2.048917770 -0.211880982 -0.012222524 0.977219045 90.917129517
0.973735392 -0.009377372 0.227489367 2.380289078 0.006422024 0.999885082 0.013727870 -1.970253706 -0.227591947 -0.011906369 0.973683894 91.580940247
0.970891178 -0.009174032 0.239345297 2.528766632 0.005952241 0.999881685 0.014180219 -1.981592059 -0.239447102 -0.012342809 0.970830917 92.120513916
0.967798412 -0.009843445 0.251534104 2.705987930 0.006701664 0.999888480 0.013344074 -1.981459260 -0.251637399 -0.011228677 0.967756391 92.657897949
0.964388311 -0.010865215 0.264267206 2.889389038 0.007752066 0.999887764 0.012820333 -1.984429836 -0.264376819 -0.010315164 0.964364290 93.172943115
0.960368872 -0.009217109 0.278579831 2.975713730 0.005742991 0.999895215 0.013284362 -1.943344712 -0.278673023 -0.011158005 0.960321188 93.759513855
0.957189679 -0.010494761 0.289271414 3.169122696 0.006913763 0.999886274 0.013398440 -1.954620123 -0.289379120 -0.010824894 0.957153261 94.273750305
0.952614903 -0.008920321 0.304048330 3.342716217 0.005046011 0.999895751 0.013525764 -1.953178406 -0.304137260 -0.011350612 0.952560544 94.816085815
0.948221266 -0.009912500 0.317455888 3.561622620 0.005971564 0.999892592 0.013384763 -1.955493093 -0.317554474 -0.010796010 0.948178470 95.352775574
0.943929374 -0.008731039 0.330032080 3.754312515 0.004518713 0.999898255 0.013528396 -1.969047070 -0.330116630 -0.011278532 0.943872690 95.921768188
0.939842820 -0.010386413 0.341449171 3.944986343 0.006035511 0.999886513 0.013802353 -1.971014142 -0.341553777 -0.010911224 0.939798892 96.351600647
0.934609115 -0.010532066 0.355520487 4.166316986 0.005990465 0.999885857 0.013872957 -1.975595236 -0.355626047 -0.010836059 0.934565604 96.871879578
0.929742455 -0.010768495 0.368053049 4.397562027 0.006117961 0.999885976 0.013800022 -1.991917372 -0.368159711 -0.010578732 0.929702401 97.371246338
0.925194860 -0.010759126 0.379339635 4.637109756 0.005850655 0.999883592 0.014089950 -2.003291607 -0.379447132 -0.010816566 0.925150156 97.897140503
0.919773042 -0.012473810 0.392252535 4.892156601 0.007468913 0.999870121 0.014282852 -2.018934011 -0.392379761 -0.010207283 0.919746697 98.348533630
0.913388371 -0.010413676 0.406956017 5.089469910 0.005009647 0.999884605 0.014342386 -1.995036960 -0.407058418 -0.011061463 0.913335145 98.909431458
0.908786654 -0.011135763 0.417112499 5.343570709 0.005698540 0.999881864 0.014278379 -1.997307897 -0.417222202 -0.010599067 0.908742666 99.388137817
0.902969539 -0.010758862 0.429569721 5.601192474 0.005121541 0.999884963 0.014277143 -2.008496523 -0.429673970 -0.010691767 0.902920842 99.891395569
0.896215677 -0.010661038 0.443490535 5.873825073 0.004903986 0.999888182 0.014126156 -2.028971195 -0.443591505 -0.010485211 0.896167815 100.378089905
0.890410900 -0.011381841 0.455015332 6.138721466 0.005412926 0.999881446 0.014418771 -2.045917511 -0.455125481 -0.010375666 0.890366852 100.858718872
0.884285867 -0.010230551 0.466833889 6.410346985 0.003931991 0.999887645 0.014464238 -2.043430090 -0.466929466 -0.010954935 0.884226739 101.313972473
0.876699090 -0.011510425 0.480901301 6.652404785 0.005305626 0.999884188 0.014260005 -2.000330925 -0.481009811 -0.009950250 0.876658738 101.872283936
0.870079756 -0.013112133 0.492736548 6.959709167 0.007038637 0.999874771 0.014178600 -2.010445356 -0.492860734 -0.008868320 0.870063007 102.326469421
