1.000000000 0.000000000 0.000000000 0.000000000 0.000000000 1.000000000 0.000000000 0.000000000 0.000000000 0.000000000 1.000000000 0.000000000
1.000000000 0.000042293 -0.000049873 0.000538713 -0.000042283 1.000000000 0.000185586 -0.000619700 0.000049881 -0.000185584 1.000000000 0.000050609
1.000000000 0.000106034 -0.000128708 0.001094633 -0.000106024 1.000000000 0.000076066 -0.000045843 0.000128716 -0.000076052 1.000000000 0.000065425
0.999999940 0.000251691 -0.000036927 0.000126722 -0.000251687 0.999999940 0.000103814 -0.000452466 0.000036953 -0.000103804 1.000000000 0.000518529
1.000000000 0.000030081 -0.000031773 -0.000207281 -0.000030080 1.000000000 0.000043851 -0.000191127 0.000031775 -0.000043850 1.000000000 -0.000345572
1.000000000 -0.000026940 -0.000038043 -0.000078649 0.000026942 1.000000000 0.000052367 -0.000313418 0.000038042 -0.000052368 1.000000000 -0.001306617
1.000000000 -0.000081933 -0.000087381 0.001592474 0.000081938 1.000000000 0.000050428 -0.000418068 0.000087377 -0.000050435 1.000000000 -0.000789230
1.000000000 0.000139277 0.000034961 0.000723615 -0.000139279 1.000000000 0.000058977 0.000434958 -0.000034952 -0.000058982 1.000000000 0.001811116
0.999999940 0.000245509 0.000016539 0.000686747 -0.000245509 0.999999940 -0.000004644 0.000392583 -0.000016540 0.000004640 1.000000000 -0.000809762
1.000000000 0.000010062 -0.000032450 0.000912861 -0.000010062 1.000000000 0.000014195 0.000855381 0.000032450 -0.000014195 1.000000000 0.000677182
1.000000000 0.000141875 -0.000151207 0.001448176 -0.000141870 1.000000000 0.000032619 -0.000681837 0.000151212 -0.000032598 1.000000000 -0.001494510
1.000000000 0.000192699 -0.000037760 0.000778223 -0.000192700 1.000000000 -0.000028073 0.000886678 0.000037755 0.000028080 1.000000000 0.000332972
1.000000000 -0.000154851 -0.000094467 0.001180686 0.000154855 1.000000000 0.000037231 -0.000259673 0.000094461 -0.000037246 1.000000000 -0.000513500
1.000000000 0.000027871 -0.000054923 0.001283802 -0.000027873 1.000000000 -0.000044402 0.000209314 0.000054922 0.000044403 1.000000000 -0.002304871
1.000000000 -0.000016959 -0.000037233 0.000355270 0.000016962 1.000000000 0.000093662 0.000024495 0.000037231 -0.000093663 1.000000000 0.000073458
1.000000000 -0.000084389 -0.000151218 0.001194928 0.000084406 1.000000000 0.000112062 -0.000799479 0.000151209 -0.000112075 1.000000000 -0.001696022
1.000000000 -0.000029784 0.000028823 0.000131453 0.000029781 1.000000000 0.000129155 -0.000536955 -0.000028827 -0.000129154 1.000000000 -0.000217009
1.000000000 0.000066350 -0.000113552 0.001138116 -0.000066344 1.000000000 0.000052099 -0.000115668 0.000113556 -0.000052091 1.000000000 0.000105793
1.000000000 0.000085968 0.000001615 0.000370934 -0.000085968 1.000000000 0.000035371 0.000078149 -0.000001612 -0.000035371 1.000000000 -0.000379290
1.000000000 -0.000128019 -0.000067756 0.001188805 0.000128026 1.000000000 0.000102437 -0.000712082 0.000067743 -0.000102446 1.000000000 -0.000726044
1.000000000 0.000146458 -0.000030320 0.000870042 -0.000146457 1.000000000 0.000034862 -0.000955956 0.000030325 -0.000034858 1.000000000 -0.002001658
1.000000000 0.000078052 -0.000088389 0.000897244 -0.000078051 1.000000000 0.000010152 0.000649395 0.000088390 -0.000010145 1.000000000 -0.000628901
1.000000000 -0.000030551 0.000112214 0.000483384 0.000030534 1.000000000 0.000146840 -0.000671347 -0.000112219 -0.000146837 1.000000000 0.000400312
0.999999940 0.000309528 -0.000064186 0.001614733 -0.000309523 0.999999940 0.000090651 0.000252666 0.000064214 -0.000090631 1.000000000 0.000232322
1.000000000 0.000158284 -0.000035320 0.001248846 -0.000158284 1.000000000 0.000007296 0.000288030 0.000035321 -0.000007291 1.000000000 -0.001095912
1.000000000 0.000158342 -0.000060565 0.000911796 -0.000158355 0.999999940 -0.000206014 0.001334487 0.000060532 0.000206023 1.000000000 -0.002683112
1.000000000 0.000164359 -0.000026161 0.000242645 -0.000164361 1.000000000 -0.000075871 0.000578451 0.000026148 0.000075876 1.000000000 -0.001612126
1.000000000 0.000035485 0.000022145 0.000662909 -0.000035489 1.000000000 0.000163387 -0.000158904 -0.000022139 -0.000163387 1.000000000 0.001416418
1.000000000 0.000148122 -0.000017461 -0.000052193 -0.000148118 0.999999940 0.000246648 -0.000931397 0.000017498 -0.000246645 0.999999940 0.000396322
1.000000000 -0.000094054 -0.000064487 0.001093042 0.000094062 1.000000000 0.000117439 0.000518412 0.000064476 -0.000117445 1.000000000 0.001531578
1.000000000 0.000072079 0.000007234 -0.000117531 -0.000072080 1.000000000 0.000145663 0.000412681 -0.000007224 -0.000145663 1.000000000 0.000149592
1.000000000 -0.000004650 -0.000023602 0.000625718 0.000004652 1.000000000 0.000053513 0.000046886 0.000023602 -0.000053513 1.000000000 -0.000681897
1.000000000 -0.000133016 -0.000024447 0.000419152 0.000133019 1.000000000 0.000103670 -0.000346086 0.000024433 -0.000103674 1.000000000 0.000122878
1.000000000 -0.000055937 -0.000051236 0.000918729 0.000055943 1.000000000 0.000108213 -0.000070681 0.000051230 -0.000108216 1.000000000 -0.000286639
1.000000000 0.000175957 0.000029326 -0.000066842 -0.000175959 1.000000000 0.000067709 0.000020649 -0.000029314 -0.000067714 1.000000000 -0.001004990
1.000000000 0.000217984 -0.000024968 -0.000162732 -0.000217981 0.999999940 0.000132703 0.000342777 0.000024997 -0.000132697 1.000000000 0.002168602
1.000000000 -0.000129229 -0.000082173 0.001661210 0.000129235 1.000000000 0.000072395 0.000370459 0.000082164 -0.000072405 1.000000000 0.001055101
1.000000000 0.000021542 -0.000016534 0.000260699 -0.000021539 1.000000000 0.000151538 -0.000216411 0.000016537 -0.000151537 1.000000000 -0.000252654
1.000000000 -0.000110829 -0.000014978 0.001080225 0.000110829 1.000000000 0.000017664 0.000479688 0.000014976 -0.000017665 1.000000000 -0.000121631
1.000000000 -0.000164217 0.000080812 0.000479589 0.000164226 1.000000000 -0.000108225 0.001032116 -0.000080794 0.000108238 1.000000000 0.002507520
1.000000000 -0.000106592 0.000093592 0.000098796 0.000106648 0.999999821 -0.000603611 -0.001725434 -0.000093527 0.000603621 0.999999821 0.051488075
0.999999940 0.000378656 0.000043902 0.001727464 -0.000378610 0.999999404 -0.001049434 -0.003847014 -0.000044299 0.001049417 0.999999464 0.138950586
0.999999940 0.000301622 -0.000123816 0.004604171 -0.000301783 0.999999106 -0.001305477 -0.008307269 0.000123422 0.001305514 0.999999166 0.254059792
0.999998629 0.000765262 -0.001458768 0.012756311 -0.000766906 0.999999166 -0.001126639 -0.013543003 0.001457905 0.001127757 0.999998331 0.418026417
0.999998569 0.001157713 -0.001263515 0.011840589 -0.001159195 0.999998629 -0.001172698 -0.016756512 0.001262156 0.001174160 0.999998569 0.562046766
0.999998569 0.000787532 -0.001505401 0.015413563 -0.000788979 0.999999225 -0.000961301 -0.022630569 0.001504643 0.000962487 0.999998391 0.718136609
0.999998927 0.000486073 -0.001390287 0.019514341 -0.000486880 0.999999702 -0.000580200 -0.026293548 0.001390005 0.000580876 0.999998868 0.883571565
0.999999106 0.000436456 -0.001264828 0.021377796 -0.000437028 0.999999762 -0.000452246 -0.031444658 0.001264630 0.000452798 0.999999106 1.052328229
0.999998212 0.001363046 -0.001307780 0.021507310 -0.001362933 0.999999046 0.000087549 -0.043079849 0.001307898 -0.000085766 0.999999166 1.232222915
0.999998271 0.001294034 -0.001358762 0.025599431 -0.001293851 0.999999166 0.000135434 -0.045948770 0.001358937 -0.000133675 0.999999106 1.423716426
0.999998212 0.001298289 -0.001364762 0.030015063 -0.001298169 0.999999106 0.000088201 -0.052201111 0.001364875 -0.000086429 0.999999106 1.613625526
0.999997973 0.001469415 -0.001395726 0.030681981 -0.001469612 0.999998927 -0.000140440 -0.054159328 0.001395518 0.000142491 0.999998987 1.822882295
0.999997616 0.001600827 -0.001536362 0.032998331 -0.001601290 0.999998748 -0.000300235 -0.058954474 0.001535880 0.000302694 0.999998748 2.023062229
0.999997914 0.001577704 -0.001257482 0.034836326 -0.001577416 0.999998689 0.000230101 -0.068256237 0.001257844 -0.000228117 0.999999166 2.241107225
0.999998450 0.001520386 -0.000891809 0.034321062 -0.001520159 0.999998808 0.000255276 -0.078907527 0.000892196 -0.000253920 0.999999583 2.457617521
0.999998271 0.001730453 -0.000753730 0.041680951 -0.001730545 0.999998569 -0.000122310 -0.081597596 0.000753517 0.000123614 0.999999762 2.676909208
0.999998569 0.001416336 -0.000895966 0.042223819 -0.001415982 0.999998927 0.000394990 -0.089975081 0.000896525 -0.000393721 0.999999523 2.909088612
0.999997973 0.001902091 -0.000627841 0.047910597 -0.001902210 0.999998152 -0.000190815 -0.090751521 0.000627476 0.000192009 0.999999821 3.157704592
0.999998927 0.001002512 -0.001073252 0.053430658 -0.001001948 0.999999344 0.000525573 -0.108334810 0.001073778 -0.000524497 0.999999285 3.393362522
0.999999166 0.000919209 -0.000907823 0.060446661 -0.000918231 0.999998987 0.001076726 -0.118966356 0.000908812 -0.001075892 0.999998987 3.638893843
0.999999404 0.000718016 -0.000707496 0.060456611 -0.000717676 0.999999642 0.000479617 -0.123623215 0.000707840 -0.000479109 0.999999642 3.891438723
0.999999464 0.000721770 -0.000632846 0.063958995 -0.000721550 0.999999702 0.000347990 -0.128046811 0.000633097 -0.000347533 0.999999762 4.155144215
0.999998510 0.001583047 -0.000704231 0.065776251 -0.001582467 0.999998391 0.000824114 -0.137857690 0.000705535 -0.000822998 0.999999404 4.405529022
0.999998927 0.001334991 -0.000735856 0.072209872 -0.001334765 0.999999046 0.000306481 -0.140409857 0.000736264 -0.000305499 0.999999702 4.665597916
0.999999523 0.000647786 -0.000656450 0.072899833 -0.000647131 0.999999285 0.000996633 -0.153640807 0.000657095 -0.000996208 0.999999285 4.913133144
0.999999762 0.000291138 -0.000654275 0.079015426 -0.000290458 0.999999404 0.001038714 -0.160585538 0.000654577 -0.001038524 0.999999225 5.173792362
0.999999762 0.000655251 -0.000419096 0.082330473 -0.000655011 0.999999642 0.000573324 -0.162020937 0.000419472 -0.000573050 0.999999821 5.446997643
0.999999583 0.000712584 -0.000563403 0.086248897 -0.000711687 0.999998629 0.001589680 -0.189897880 0.000564535 -0.001589279 0.999998510 5.704547882
0.999999583 -0.000271800 -0.000881789 0.093976580 0.000273521 0.999998093 0.001952005 -0.201203734 0.000881257 -0.001952245 0.999997675 5.969965935
0.999999642 -0.000305139 -0.000753356 0.101619221 0.000306557 0.999998212 0.001883965 -0.205485702 0.000752780 -0.001884195 0.999997914 6.257236004
0.999999762 0.000469694 -0.000288686 0.100381367 -0.000469322 0.999999046 0.001286666 -0.212062597 0.000289290 -0.001286530 0.999999046 6.540485859
0.999999583 0.000359160 -0.000832336 0.111372419 -0.000357793 0.999998569 0.001641667 -0.222081572 0.000832925 -0.001641368 0.999998271 6.826830387
0.999999881 0.000359703 0.000133933 0.113096096 -0.000359904 0.999998808 0.001500446 -0.227258667 -0.000133393 -0.001500494 0.999998808 7.125544548
0.999999344 0.001123455 -0.000215981 0.109132402 -0.001123065 0.999997735 0.001795877 -0.252172858 0.000217998 -0.001795633 0.999998391 7.461500168
0.999999225 0.001195772 -0.000140798 0.117684573 -0.001195494 0.999997377 0.001959099 -0.261117816 0.000143141 -0.001958929 0.999998093 7.774214745
0.999999642 0.000770234 0.000259978 0.115565285 -0.000770819 0.999997139 0.002257136 -0.273109525 -0.000258238 -0.002257336 0.999997437 8.074920654
0.999999464 0.001099902 0.000237619 0.119984552 -0.001100424 0.999997079 0.002209274 -0.280167669 -0.000235188 -0.002209535 0.999997556 8.394588470
0.999999642 0.000687509 0.000284906 0.127894834 -0.000688147 0.999997258 0.002244843 -0.292201161 -0.000283361 -0.002245039 0.999997437 8.715734482
0.999999404 0.000805986 0.000726074 0.131064534 -0.000807740 0.999996722 0.002419727 -0.299940705 -0.000724121 -0.002420312 0.999996781 9.056122780
0.999999464 0.000808673 0.000605181 0.140008494 -0.000809937 0.999997497 0.002092262 -0.309365213 -0.000603488 -0.002092752 0.999997616 9.390539169
0.999999344 0.000751581 0.000894721 0.141390234 -0.000753668 0.999996960 0.002335416 -0.319008350 -0.000892963 -0.002336089 0.999996841 9.743463516
0.999998689 0.000964947 0.001337184 0.144932449 -0.000968644 0.999995649 0.002766266 -0.331589252 -0.001334509 -0.002767557 0.999995232 10.087084770
0.999999404 0.000815296 0.000714743 0.160298377 -0.000817154 0.999996305 0.002603620 -0.340255737 -0.000712617 -0.002604202 0.999996364 10.442523003
0.999999642 0.000193628 0.000829764 0.167379394 -0.000195869 0.999996305 0.002701367 -0.349380881 -0.000829238 -0.002701529 0.999996006 10.794605255
0.999998987 0.000794487 0.001217383 0.167588010 -0.000797122 0.999997318 0.002165980 -0.353351146 -0.001215659 -0.002166949 0.999996901 11.166671753
0.999998450 0.001099802 0.001385345 0.171856895 -0.001103324 0.999996126 0.002544022 -0.368998647 -0.001382542 -0.002545547 0.999995768 11.544253349
0.999999046 0.000511099 0.001294794 0.183727771 -0.000515073 0.999995172 0.003070808 -0.383659214 -0.001293218 -0.003071473 0.999994397 11.915018082
0.999999166 0.000632546 0.001053886 0.194915161 -0.000635662 0.999995410 0.002958972 -0.393450975 -0.001052009 -0.002959640 0.999994993 12.303998947
0.999998808 0.000128823 0.001476563 0.203812957 -0.000133067 0.999995828 0.002874531 -0.406154603 -0.001476187 -0.002874725 0.999994755 12.695882797
0.999999583 0.000119027 0.000879725 0.212470666 -0.000121708 0.999995351 0.003047746 -0.413021535 -0.000879358 -0.003047852 0.999994993 13.093236923
0.999999404 0.000078253 0.001073993 0.220208794 -0.000081637 0.999994993 0.003151512 -0.427685767 -0.001073741 -0.003151598 0.999994397 13.487787247
0.999999046 0.000210518 0.001335230 0.228087246 -0.000214721 0.999994993 0.003147725 -0.436787158 -0.001334560 -0.003148009 0.999994099 13.906376839
0.999997795 0.000913009 0.001857334 0.229401872 -0.000918487 0.999995232 0.002950723 -0.442826062 -0.001854631 -0.002952423 0.999993920 14.322587013
0.999996722 0.001286152 0.002201378 0.237615108 -0.001291626 0.999996066 0.002487227 -0.452121437 -0.002198170 -0.002490062 0.999994516 14.756202698
0.999997139 0.000779476 0.002261528 0.252027273 -0.000786524 0.999994814 0.003117333 -0.465967655 -0.002259087 -0.003119104 0.999992609 15.172740936
0.999997139 0.000798244 0.002233670 0.262263983 -0.000805704 0.999994040 0.003340675 -0.477891266 -0.002230989 -0.003342466 0.999991953 15.614414215
0.999996364 0.000519838 0.002656087 0.272034585 -0.000528258 0.999994814 0.003170235 -0.489286870 -0.002654426 -0.003171627 0.999991477 16.049770355
0.999994755 0.000550025 0.003185448 0.283924997 -0.000560388 0.999994576 0.003253315 -0.501137018 -0.003183641 -0.003255083 0.999989629 16.496387482
0.999994338 0.000947408 0.003201095 0.292833596 -0.000957097 0.999994934 0.003026580 -0.512691438 -0.003198212 -0.003029627 0.999990344 16.940477371
0.999991834 0.000951428 0.003929848 0.297655255 -0.000965563 0.999993086 0.003596438 -0.526405931 -0.003926400 -0.003600204 0.999985754 17.403995514
0.999991655 0.000865682 0.003997453 0.303746164 -0.000879276 0.999993861 0.003400118 -0.538349867 -0.003994485 -0.003403604 0.999986231 17.858552933
0.999987304 0.001554940 0.004783820 0.309077471 -0.001571722 0.999992609 0.003506477 -0.551966786 -0.004778333 -0.003513952 0.999982417 18.326568604
0.999988735 0.000212107 0.004742833 0.323137939 -0.000231665 0.999991477 0.004123617 -0.563803375 -0.004741918 -0.004124668 0.999980271 18.799291611
0.999984145 0.001436362 0.005429580 0.332036406 -0.001461381 0.999988317 0.004606726 -0.591504514 -0.005422900 -0.004614588 0.999974668 19.255619049
0.999984443 0.001528930 0.005365344 0.348292440 -0.001550217 0.999991000 0.003965591 -0.597609937 -0.005359232 -0.003973847 0.999977708 19.737232208
0.999984145 0.001791490 0.005319659 0.357081413 -0.001813687 0.999989569 0.004170572 -0.602800846 -0.005312133 -0.004180155 0.999977171 20.238214493
0.999987245 0.000793867 0.004978292 0.375740230 -0.000816967 0.999988914 0.004639735 -0.632655382 -0.004974552 -0.004643744 0.999976814 20.717435837
0.999987781 0.000437076 0.004933998 0.386841863 -0.000461933 0.999987245 0.005037791 -0.642922521 -0.004931733 -0.005040009 0.999975145 21.227958679
0.999991179 0.000481410 0.004175375 0.403470159 -0.000502217 0.999987423 0.004983739 -0.655728579 -0.004172924 -0.004985791 0.999978840 21.714477539
0.999990582 0.001149818 0.004197592 0.411704332 -0.001172845 0.999984264 0.005487318 -0.673661411 -0.004191217 -0.005492189 0.999976099 22.221677780
0.999994159 0.000623880 0.003344813 0.424027741 -0.000640273 0.999987721 0.004902189 -0.678207755 -0.003341713 -0.004904302 0.999982417 22.728078842
0.999996603 -0.000389812 0.002602566 0.438969553 0.000374995 0.999983728 0.005691264 -0.702045381 -0.002604743 -0.005690268 0.999980509 23.237659454
0.999997497 0.000974089 0.002075314 0.445110649 -0.000984134 0.999987781 0.004844912 -0.705908358 -0.002070569 -0.004846942 0.999986112 23.762454987
0.999998927 -0.000618829 0.001324529 0.457312733 0.000613448 0.999991596 0.004059370 -0.713073134 -0.001327030 -0.004058553 0.999990821 24.294910431
0.999999464 0.000662437 0.000788771 0.465218186 -0.000666149 0.999988675 0.004714066 -0.729353011 -0.000785640 -0.004714589 0.999988556 24.825292587
0.999999702 0.000595678 0.000418229 0.475702226 -0.000597523 0.999989986 0.004424938 -0.738329649 -0.000415589 -0.004425186 0.999990106 25.367713928
0.999999166 0.001257824 0.000187440 0.484244376 -0.001258797 0.999985218 0.005282965 -0.751633048 -0.000180792 -0.005283196 0.999986053 25.912528992
0.999998808 0.001539923 -0.000165077 0.488680065 -0.001539031 0.999984920 0.005273124 -0.763850093 0.000173194 -0.005272863 0.999986053 26.456523895
0.999998868 -0.000304690 -0.001469319 0.503139198 0.000312424 0.999986112 0.005266410 -0.783079684 0.001467694 -0.005266864 0.999985039 27.001733780
0.999998510 -0.000470382 -0.001681986 0.513965011 0.000478454 0.999988377 0.004802169 -0.788461566 0.001679708 -0.004802966 0.999987066 27.556606293
0.999997437 -0.000132231 -0.002227673 0.533662200 0.000144290 0.999985397 0.005413791 -0.818639278 0.002226924 -0.005414099 0.999982834 28.069698334
0.999996603 0.000308448 -0.002584741 0.527550459 -0.000294349 0.999985039 0.005453504 -0.825927258 0.002586385 -0.005452725 0.999981701 28.649908066
0.999995410 -0.000111392 -0.003036701 0.540998161 0.000128930 0.999983251 0.005775867 -0.839965701 0.003036007 -0.005776233 0.999978662 29.195575714
0.999992549 -0.000032309 -0.003885404 0.557179689 0.000053226 0.999985456 0.005383423 -0.846425533 0.003885174 -0.005383589 0.999977946 29.745689392
0.999995112 0.000356500 -0.003103500 0.545584023 -0.000338605 0.999983430 0.005764564 -0.865777671 0.003105504 -0.005763486 0.999978542 30.285303116
0.999992847 0.000509396 -0.003753212 0.564244270 -0.000489387 0.999985695 0.005330343 -0.876528859 0.003755874 -0.005328469 0.999978721 30.828332901
0.999991179 0.000412729 -0.004175478 0.575299144 -0.000389167 0.999983966 0.005642213 -0.890119672 0.004177740 -0.005640539 0.999975383 31.370321274
0.999990761 0.000827026 -0.004223397 0.575855434 -0.000802165 0.999982297 0.005884846 -0.901778519 0.004228190 -0.005881403 0.999973834 31.917768478
0.999989390 -0.000114094 -0.004606830 0.594883680 0.000138318 0.999986172 0.005258177 -0.907203734 0.004606166 -0.005258758 0.999975562 32.474094391
0.999988377 0.000232878 -0.004807183 0.602583885 -0.000206354 0.999984741 0.005517405 -0.920392156 0.004808394 -0.005516349 0.999973178 33.012649536
0.999987781 0.000339736 -0.004929448 0.610355854 -0.000310932 0.999982893 0.005842880 -0.938150823 0.004931348 -0.005841276 0.999970794 33.543472290
0.999985814 -0.000080172 -0.005330558 0.620208502 0.000109497 0.999984860 0.005501197 -0.945620060 0.005330036 -0.005501702 0.999970675 34.106868744
0.999986172 0.000126910 -0.005260582 0.622767389 -0.000097647 0.999984503 0.005562556 -0.957465291 0.005261206 -0.005561966 0.999970675 34.649997711
0.999984860 0.000173671 -0.005501951 0.636960208 -0.000144606 0.999986053 0.005282567 -0.964200437 0.005502790 -0.005281691 0.999970913 35.209320068
0.999985397 0.000182600 -0.005397331 0.640462697 -0.000154385 0.999986470 0.005227632 -0.978966892 0.005398211 -0.005226723 0.999971688 35.742767334
0.999982238 0.000051507 -0.005945873 0.650046170 -0.000019116 0.999985158 0.005447654 -0.994665027 0.005946064 -0.005447444 0.999967456 36.295845032
0.999981403 -0.000281400 -0.006090355 0.666311681 0.000312132 0.999987245 0.005045690 -1.001387358 0.006088857 -0.005047497 0.999968708 36.849384308
0.999981582 -0.000654862 -0.006031516 0.678427517 0.000682536 0.999989271 0.004587281 -1.009648204 0.006028448 -0.004591312 0.999971271 37.380001068
0.999979556 0.000321943 -0.006388097 0.679596841 -0.000289032 0.999986649 0.005152174 -1.028223157 0.006389670 -0.005150222 0.999966264 37.934783936
0.999980986 0.000128878 -0.006177686 0.684752226 -0.000097815 0.999987364 0.005028275 -1.039263844 0.006178255 -0.005027575 0.999968231 38.483257294
0.999975383 -0.000519895 -0.007012688 0.704944432 0.000554628 0.999987721 0.004951742 -1.051170111 0.007010027 -0.004955511 0.999963164 39.042350769
0.999974310 0.000099336 -0.007160658 0.708848953 -0.000063625 0.999987543 0.004987108 -1.063521385 0.007161064 -0.004986524 0.999961913 39.590427399
0.999974906 -0.000395935 -0.007076716 0.718748808 0.000434082 0.999985397 0.005389728 -1.080631137 0.007074479 -0.005392665 0.999960363 40.133613586
0.999973834 -0.000071430 -0.007230413 0.722041130 0.000107746 0.999987364 0.005022471 -1.087231755 0.007229965 -0.005023119 0.999961257 40.675422668
0.999973118 -0.000425028 -0.007321225 0.722079754 0.000463665 0.999985933 0.005276518 -1.103326321 0.007318879 -0.005279770 0.999959290 41.225906372
0.999967575 -0.000737590 -0.008024432 0.731030464 0.000776521 0.999987960 0.004849448 -1.108016014 0.008020758 -0.004855522 0.999956071 41.778816223
0.999967694 -0.000681019 -0.008004865 0.732373953 0.000720735 0.999987423 0.004959567 -1.126377702 0.008001388 -0.004965176 0.999955654 42.317787170
0.999969900 0.000067049 -0.007761493 0.744540155 -0.000025898 0.999985933 0.005301975 -1.139620662 0.007761740 -0.005301614 0.999955833 42.868667603
0.999968946 -0.000011562 -0.007887698 0.749775529 0.000047287 0.999989748 0.004528989 -1.144253373 0.007887565 -0.004529222 0.999958575 43.431579590
0.999972522 -0.000020544 -0.007409437 0.750367463 0.000055031 0.999989092 0.004654378 -1.157492280 0.007409262 -0.004654657 0.999961734 43.970455170
0.999968231 -0.000733227 -0.007939423 0.766042471 0.000769230 0.999989450 0.004532577 -1.168395162 0.007936018 -0.004538541 0.999958217 44.504421234
0.999967873 -0.000874120 -0.007966796 0.773512125 0.000914388 0.999986827 0.005052302 -1.191929698 0.007962275 -0.005059425 0.999955535 45.030319214
0.999970257 -0.001063480 -0.007640265 0.775935650 0.001098325 0.999989033 0.004557960 -1.187901974 0.007635334 -0.004566215 0.999960423 45.589031219
0.999970973 -0.000616058 -0.007596410 0.785398006 0.000652038 0.999988556 0.004734832 -1.197167635 0.007593405 -0.004739647 0.999959946 46.146041870
0.999968171 -0.001038152 -0.007911579 0.791947126 0.001075201 0.999988496 0.004679967 -1.215146065 0.007906629 -0.004688324 0.999957740 46.685523987
0.999970138 -0.000393588 -0.007718653 0.794054747 0.000430691 0.999988317 0.004805807 -1.226066828 0.007716672 -0.004808988 0.999958634 47.237384796
0.999968708 -0.000924509 -0.007854990 0.807098150 0.000961591 0.999988317 0.004718362 -1.237928629 0.007850536 -0.004725767 0.999958038 47.791282654
0.999966741 -0.001477535 -0.008024510 0.809978247 0.001514373 0.999988258 0.004586568 -1.247177005 0.008017640 -0.004598567 0.999957263 48.338275909
0.999971569 -0.001090827 -0.007467370 0.816926956 0.001128618 0.999986589 0.005058473 -1.262585759 0.007461750 -0.005066758 0.999959290 48.877506256
0.999964535 -0.002103163 -0.008161833 0.833686948 0.002143303 0.999985576 0.004912387 -1.276222110 0.008151384 -0.004929705 0.999954581 49.402034760
0.999966741 -0.001427533 -0.008026916 0.839244902 0.001465908 0.999987543 0.004776862 -1.286925554 0.008019999 -0.004788471 0.999956310 49.973255157
0.999967337 -0.001547611 -0.007933695 0.841347635 0.001582791 0.999989033 0.004429934 -1.290851593 0.007926754 -0.004442347 0.999958634 50.521133423
0.999970496 -0.000980251 -0.007614844 0.841397166 0.001016504 0.999988139 0.004758432 -1.310023546 0.007610090 -0.004766033 0.999959707 51.061119080
0.999967217 -0.001346119 -0.007998331 0.857127070 0.001384288 0.999987662 0.004768418 -1.323390603 0.007991815 -0.004779334 0.999956667 51.600944519
0.999965787 -0.001283507 -0.008175042 0.866770983 0.001322101 0.999987960 0.004717332 -1.331432581 0.008168889 -0.004727977 0.999955416 52.145179749
0.999966860 -0.001479540 -0.008004564 0.878220797 0.001516512 0.999988258 0.004614776 -1.344843030 0.007997641 -0.004626762 0.999957263 52.693817139
0.999969304 -0.000892839 -0.007779122 0.868816793 0.000925947 0.999990523 0.004253509 -1.355321884 0.007775248 -0.004260581 0.999960721 53.232791901
0.999969006 -0.001263260 -0.007762718 0.879863381 0.001296733 0.999989867 0.004308555 -1.371208072 0.007757198 -0.004318488 0.999960601 53.780097961
0.999967277 -0.001319349 -0.007977911 0.890067935 0.001353671 0.999989867 0.004298310 -1.382700324 0.007972160 -0.004308970 0.999958873 54.328125000
0.999968827 -0.001325646 -0.007775444 0.894418478 0.001361641 0.999988377 0.004625907 -1.404443264 0.007769221 -0.004636351 0.999959052 54.860305786
0.999966741 -0.001670912 -0.007983632 0.904065251 0.001703844 0.999990046 0.004119948 -1.410742879 0.007976669 -0.004133414 0.999959648 55.407882690
0.999965608 -0.001813324 -0.008089649 0.915107727 0.001844579 0.999990821 0.003857824 -1.416174412 0.008082579 -0.003872614 0.999959826 55.965614319
0.999958217 -0.002138961 -0.008882551 0.923838019 0.002173677 0.999990046 0.003900542 -1.428156734 0.008874118 -0.003919687 0.999952912 56.502670288
0.999962389 -0.001753443 -0.008491524 0.930359542 0.001782824 0.999992430 0.003453646 -1.440939903 0.008485405 -0.003468655 0.999957979 57.046852112
0.999961674 -0.001579479 -0.008608423 0.939452648 0.001613491 0.999990940 0.003945531 -1.452277899 0.008602113 -0.003959270 0.999955177 57.606540680
0.999961555 -0.001587538 -0.008619554 0.945883036 0.001618709 0.999992192 0.003610520 -1.468032360 0.008613756 -0.003624334 0.999956310 58.147907257
0.999960780 -0.001849309 -0.008657998 0.953446925 0.001877835 0.999992847 0.003287879 -1.479267478 0.008651857 -0.003304008 0.999957025 58.700820923
0.999963045 -0.002104807 -0.008332246 0.951861203 0.002134877 0.999991238 0.003601709 -1.492775679 0.008324591 -0.003619364 0.999958754 59.250736237
0.999965012 -0.001428586 -0.008243926 0.955478430 0.001451412 0.999995112 0.002763438 -1.499707937 0.008239940 -0.002775306 0.999962211 59.776214600
0.999965131 -0.001653181 -0.008183158 0.967482209 0.001673494 0.999995530 0.002476114 -1.509376049 0.008179030 -0.002489722 0.999963462 60.333408356
0.999963462 -0.001951029 -0.008321544 0.976282775 0.001975585 0.999993742 0.002943728 -1.526562452 0.008315749 -0.002960060 0.999961078 60.872886658
0.999965608 -0.000639706 -0.008269700 0.966733754 0.000660704 0.999996543 0.002536765 -1.534496188 0.008268051 -0.002542142 0.999962568 61.427345276
0.999965489 -0.000498664 -0.008292386 0.968034744 0.000517303 0.999997318 0.002245791 -1.540916920 0.008291241 -0.002250002 0.999963045 61.962665558
0.999963284 -0.001010934 -0.008500254 0.983123600 0.001031508 0.999996483 0.002416420 -1.562083125 0.008497783 -0.002425100 0.999960959 62.500598907
0.999969006 -0.000807719 -0.007822223 0.984461010 0.000826857 0.999996662 0.002443813 -1.579803348 0.007820223 -0.002450205 0.999966443 63.037044525
0.999963343 -0.001233334 -0.008485140 0.988597572 0.001251471 0.999996960 0.002132490 -1.577888846 0.008482485 -0.002143031 0.999961734 63.591148376
0.999967515 -0.000568343 -0.008058037 0.987168610 0.000580474 0.999998689 0.001503291 -1.589484930 0.008057171 -0.001507919 0.999966383 64.141304016
0.999963105 -0.001011989 -0.008527015 1.002496600 0.001023145 0.999998629 0.001304049 -1.600989461 0.008525684 -0.001312726 0.999962807 64.676651001
0.999964476 -0.000957251 -0.008373803 1.007840395 0.000971641 0.999997973 0.001714537 -1.616664886 0.008372145 -0.001722613 0.999963462 65.216667175
0.999961674 -0.001133394 -0.008682287 1.015680075 0.001150753 0.999997377 0.001994668 -1.634991884 0.008680004 -0.002004582 0.999960303 65.746498108
0.999969840 -0.000700938 -0.007741208 1.017127514 0.000712121 0.999998748 0.001442075 -1.644530058 0.007740190 -0.001447544 0.999969006 66.275955200
0.999963164 -0.001142269 -0.008502286 1.030239940 0.001155759 0.999998093 0.001581912 -1.656277895 0.008500461 -0.001591680 0.999962628 66.832466125
0.999966979 -0.001261734 -0.008027520 1.029874325 0.001274649 0.999997914 0.001603995 -1.671357274 0.008025478 -0.001614174 0.999966502 67.377449036
0.999967217 -0.000959371 -0.008035106 1.038322449 0.000974814 0.999997616 0.001918197 -1.683841348 0.008033246 -0.001925966 0.999965906 67.908523560
0.999969840 -0.000391424 -0.007754038 1.040449142 0.000403865 0.999998629 0.001602954 -1.700563788 0.007753401 -0.001606038 0.999968588 68.460922241
0.999963522 -0.000295709 -0.008534177 1.056512594 0.000309065 0.999998748 0.001563684 -1.710132599 0.008533706 -0.001566265 0.999962389 68.997474670
0.999965429 -0.000594336 -0.008297191 1.055801153 0.000606539 0.999998748 0.001468320 -1.724095345 0.008296306 -0.001473302 0.999964476 69.533218384
0.999966025 -0.000575572 -0.008221058 1.064989328 0.000588189 0.999998629 0.001532361 -1.737074375 0.008220165 -0.001537144 0.999965012 70.077674866
0.999962807 -0.000996401 -0.008568455 1.076050043 0.001005103 0.999998987 0.001011325 -1.747307181 0.008567438 -0.001019900 0.999962807 70.624114990
0.999966800 -0.000544082 -0.008139096 1.078883529 0.000551154 0.999999464 0.000866662 -1.761443019 0.008138621 -0.000871119 0.999966502 71.168258667
0.999965131 -0.000617386 -0.008327401 1.089178801 0.000628090 0.999998987 0.001282818 -1.782981634 0.008326599 -0.001288004 0.999964416 71.701522827
0.999966860 -0.000446250 -0.008118252 1.087692976 0.000458809 0.999998629 0.001545260 -1.795050263 0.008117553 -0.001548934 0.999965847 72.243003845
0.999966443 -0.000472039 -0.008177932 1.089308023 0.000482642 0.999999046 0.001294552 -1.810034275 0.008177312 -0.001298456 0.999965727 72.788047791
0.999967337 -0.000975623 -0.008023550 1.100158930 0.000988846 0.999998152 0.001644286 -1.826310396 0.008021933 -0.001652166 0.999966443 73.328804016
0.999966383 -0.000675840 -0.008170223 1.102818847 0.000684611 0.999999225 0.001070809 -1.838039041 0.008169494 -0.001076367 0.999966025 73.878822327
0.999965191 -0.001456528 -0.008213446 1.114630580 0.001466525 0.999998212 0.001211239 -1.847308755 0.008211667 -0.001223242 0.999965549 74.409049988
0.999960721 -0.001909787 -0.008656909 1.129570365 0.001921123 0.999997318 0.001301293 -1.862208843 0.008654399 -0.001317873 0.999961674 74.951660156
0.999960899 -0.002207098 -0.008555654 1.133879781 0.002217589 0.999996781 0.001216888 -1.877791166 0.008552940 -0.001235814 0.999962687 75.489402771
0.999958098 -0.002292664 -0.008853914 1.148829222 0.002300601 0.999996960 0.000886347 -1.888498545 0.008851853 -0.000906679 0.999960423 76.025047302
0.999959111 -0.002496774 -0.008683578 1.156093121 0.002503063 0.999996603 0.000713385 -1.897271991 0.008681767 -0.000735091 0.999962032 76.567810059
0.999959111 -0.002006153 -0.008810967 1.161558867 0.002009007 0.999997854 0.000315025 -1.907528281 0.008810316 -0.000332713 0.999961138 77.114257812
0.999957263 -0.002263053 -0.008956463 1.173030972 0.002264786 0.999997377 0.000183341 -1.921927691 0.008956026 -0.000203618 0.999959886 77.659172058
0.999954820 -0.001946210 -0.009304430 1.184953451 0.001952820 0.999997854 0.000701420 -1.943134308 0.009303045 -0.000719558 0.999956489 78.184295654
0.999958158 -0.001595567 -0.009009704 1.183701515 0.001603076 0.999998331 0.000826329 -1.963500381 0.009008368 -0.000840737 0.999959052 78.724601746
0.999959290 -0.002059605 -0.008777624 1.191197395 0.002065336 0.999997616 0.000643829 -1.968767166 0.008776278 -0.000661931 0.999961257 79.281562805
0.999964297 -0.001280607 -0.008346546 1.191180825 0.001281248 0.999999106 0.000071396 -1.978327632 0.008346446 -0.000082088 0.999965191 79.838569641
0.999965012 -0.001551665 -0.008219615 1.195666313 0.001547541 0.999998689 -0.000508018 -1.992046714 0.008220391 0.000495280 0.999966145 80.376274109
0.999972701 -0.001691583 -0.007190699 1.203969121 0.001697491 0.999998212 0.000815594 -2.016322851 0.007189306 -0.000827778 0.999973834 80.918891907
0.999975801 -0.001679384 -0.006740831 1.219970703 0.001682102 0.999998510 0.000397638 -2.027708054 0.006740154 -0.000408967 0.999977231 81.469154358
0.999982536 -0.001706457 -0.005662384 1.239343643 0.001710914 0.999998152 0.000782334 -2.048820257 0.005661039 -0.000792009 0.999983609 82.013160706
0.999986708 -0.002299232 -0.004610558 1.249498963 0.002304069 0.999996781 0.001044039 -2.072475195 0.004608143 -0.001054648 0.999988854 82.537475586
0.999999642 -0.000645167 -0.000489352 1.251789570 0.000645422 0.999999642 0.000519838 -2.075791121 0.000489016 -0.000520153 0.999999762 83.081069946
0.999993920 -0.001711790 0.003039334 1.275170326 0.001709382 0.999998212 0.000794934 -2.092671633 -0.003040689 -0.000789734 0.999995053 83.612602234
0.999983609 -0.000258515 0.005722094 1.296260595 0.000250771 0.999998987 0.001354062 -2.118092299 -0.005722438 -0.001352605 0.999982715 84.149566650
0.999941826 0.000293890 0.010784457 1.313159585 -0.000313752 0.999998212 0.001840123 -2.128904819 -0.010783899 -0.001843399 0.999940097 84.699928284
0.999865711 -0.000013608 0.016383927 1.341415286 -0.000006248 0.999999285 0.001211854 -2.137896061 -0.016383929 -0.001211794 0.999865055 85.246902466
0.999752522 -0.000276272 0.022250723 1.366910696 0.000246996 0.999999106 0.001318440 -2.155037880 -0.022251066 -0.001312618 0.999751568 85.780860901
0.999615312 -0.000119109 0.027733721 1.397389531 0.000095201 0.999999642 0.000863364 -2.159612179 -0.027733816 -0.000860391 0.999614894 86.332427979
0.999364734 -0.000632415 0.035633121 1.431530833 0.000607199 0.999999583 0.000718471 -2.169510841 -0.035633560 -0.000696378 0.999364674 86.882438660
0.999027014 -0.001148532 0.044087376 1.479404211 0.001108229 0.999998927 0.000938592 -2.184765339 -0.044088412 -0.000888820 0.999027193 87.430892944
0.998720884 -0.001918164 0.050525475 1.528239012 0.001860350 0.999997556 0.001191259 -2.201966524 -0.050527632 -0.001095740 0.998722076 87.966064453
0.998234093 -0.001696997 0.059378523 1.578309059 0.001605018 0.999997497 0.001596676 -2.215754986 -0.059381079 -0.001498553 0.998234272 88.513832092
0.997560740 -0.002131866 0.069771171 1.631994247 0.002088332 0.999997556 0.000696889 -2.222991705 -0.069772489 -0.000549484 0.997562766 89.047424316
0.996910870 -0.002052085 0.078514546 1.686178207 0.001961274 0.999997318 0.001233712 -2.239035845 -0.078516878 -0.001075913 0.996912181 89.590103149
0.996253669 -0.000663930 0.086476304 1.749446392 0.000549505 0.999998868 0.001346990 -2.256345987 -0.086477123 -0.001294424 0.996253014 90.152053833
0.995359004 -0.002344351 0.096202053 1.853137970 0.002250405 0.999996901 0.001085039 -2.272563219 -0.096204288 -0.000863510 0.995361209 90.686714172
0.994251430 -0.003136646 0.107024617 1.926481724 0.003124576 0.999995172 0.000280464 -2.283228874 -0.107024975 0.000055555 0.994256318 91.240287781
0.993231893 -0.003965517 0.116079770 2.006420135 0.003960928 0.999992132 0.000270196 -2.299183369 -0.116079904 0.000191416 0.993239880 91.777473450
0.991810858 -0.002506140 0.127690807 2.093428612 0.002405352 0.999996662 0.000943503 -2.312003136 -0.127692729 -0.000628635 0.991813719 92.333305359
0.990167320 -0.002744281 0.139861360 2.194172859 0.002636136 0.999996066 0.000958482 -2.327911377 -0.139863461 -0.000580363 0.990170598 92.881454468
0.988650203 -0.003446205 0.150196105 2.301833153 0.003317400 0.999993861 0.001108124 -2.345293522 -0.150199041 -0.000597286 0.988655567 93.427375793
0.987005234 -0.003496581 0.160650194 2.407207489 0.003337148 0.999993563 0.001262224 -2.357030153 -0.160653606 -0.000709708 0.987010717 93.976127625
0.984774470 -0.003243393 0.173806682 2.519195557 0.003143759 0.999994695 0.000848544 -2.367484570 -0.173808470 -0.000289218 0.984779358 94.498519897
0.982474029 -0.003782448 0.186361551 2.640017509 0.003648169 0.999992847 0.001063470 -2.384181261 -0.186364204 -0.000364953 0.982480645 95.027107239
0.980731308 -0.004381657 0.195312649 2.771814346 0.004173391 0.999990165 0.001477834 -2.398824215 -0.195317209 -0.000634242 0.980739892 95.555137634
0.977791905 -0.004405659 0.209531888 2.891981125 0.004187816 0.999990106 0.001483322 -2.410495520 -0.209536344 -0.000572899 0.977800667 96.077758789
0.974909544 -0.004015982 0.222565293 3.048980713 0.003771373 0.999991715 0.001524055 -2.422374964 -0.222569570 -0.000646439 0.974916577 96.603988647
0.972386003 -0.003567118 0.233350977 3.186178207 0.003094694 0.999992371 0.002390620 -2.445854664 -0.233357698 -0.001602456 0.972389579 97.119949341
0.969419479 -0.005734206 0.245342582 3.354438782 0.005598289 0.999983549 0.001251399 -2.450314522 -0.245345712 0.000160368 0.969435632 97.633560181
0.965793669 -0.004882429 0.259265780 3.524106979 0.004713842 0.999988079 0.001271947 -2.462790489 -0.259268910 -0.000006300 0.965805173 98.182434082
0.962395191 -0.005274241 0.271601677 3.688955307 0.005118675 0.999986053 0.001281212 -2.482619047 -0.271604657 0.000157209 0.962408900 98.691711426
0.959183276 -0.005791718 0.282725841 3.847463608 0.005640250 0.999983132 0.001349671 -2.493333578 -0.282728910 0.000300063 0.959199786 99.167930603
0.955011547 -0.006427767 0.296498954 4.057407379 0.006247433 0.999979258 0.001555699 -2.508024693 -0.296502829 0.000366646 0.955031931 99.754920959
0.950691223 -0.007087577 0.310058206 4.254220963 0.006961303 0.999974668 0.001513744 -2.525722504 -0.310061187 0.000719305 0.950716317 100.267234802
0.946764529 -0.007228517 0.321845770 4.441202164 0.007046467 0.999973655 0.001730583 -2.532965660 -0.321849763 0.000629422 0.946790516 100.777809143
0.942170560 -0.007153893 0.335057139 4.639709473 0.007005680 0.999974012 0.001650947 -2.548765421 -0.335060298 0.000791830 0.942196369 101.292030334
0.937016010 -0.007632470 0.349202991 4.858697891 0.007564896 0.999970138 0.001557303 -2.557728291 -0.349204540 0.001182467 0.937045813 101.820495605
0.932486355 -0.007343000 0.361130685 5.080038071 0.007321476 0.999972224 0.001427796 -2.568380117 -0.361131132 0.001312609 0.932514131 102.324676514
0.927583992 -0.008647472 0.373514622 5.302846909 0.008664944 0.999961138 0.001632259 -2.583034277 -0.373514265 0.001722426 0.927622795 102.850891113
0.921680987 -0.009314896 0.387836874 5.527263641 0.009335293 0.999954820 0.001831470 -2.593805552 -0.387836397 0.001932540 0.921726227 103.331108093
0.916037858 -0.008842980 0.400994062 5.766227722 0.008686190 0.999959826 0.002208871 -2.607965469 -0.400997519 0.001459701 0.916077852 103.824821472
0.911278129 -0.009186006 0.411688954 6.017303467 0.009282677 0.999955356 0.001764675 -2.621169090 -0.411686778 0.002213466 0.911322653 104.307556152
0.905000985 -0.009758284 0.425297499 6.269474030 0.009625955 0.999950647 0.002460172 -2.632198095 -0.425300509 0.001867436 0.905050278 104.803947449
0.898586929 -0.009808644 0.438685805 6.532505035 0.009411287 0.999950945 0.003080343 -2.649860382 -0.438694566 0.001360642 0.898635209 105.298843384
0.892555535 -0.010231892 0.450821370 6.789440155 0.010086149 0.999945402 0.002725879 -2.656685114 -0.450824648 0.002114053 0.892610013 105.759605408
0.886956632 -0.010107898 0.461742133 7.058357239 0.009817231 0.999947190 0.003031792 -2.668979406 -0.461748391 0.001843962 0.887009025 106.237274170
0.879830718 -0.010771137 0.475165099 7.334632874 0.010561062 0.999939382 0.003111627 -2.685264349 -0.475169778 0.002280543 0.879891157 106.703971863
0.873019695 -0.010752152 0.487566352 7.627689362 0.010623372 0.999939024 0.003029499 -2.699041367 -0.487569213 0.002534786 0.873080611 107.171600342
0.867052972 -0.011680479 0.498079062 7.908248901 0.011668096 0.999926925 0.003137599 -2.701654434 -0.498079330 0.003091169 0.867125869 107.637657166
