1.000000000 0.000000000 0.000000000 0.000000000 0.000000000 1.000000000 0.000000000 0.000000000 0.000000000 0.000000000 1.000000000 0.000000000
1.000000000 0.000025606 -0.000023502 0.000370969 -0.000025606 1.000000000 0.000029822 -0.001022142 0.000023503 -0.000029821 1.000000000 -0.001623975
1.000000000 -0.000042675 -0.000010714 0.000995227 0.000042675 1.000000000 -0.000010626 -0.000414768 0.000010715 0.000010626 1.000000000 -0.002538311
1.000000000 -0.000152645 -0.000115265 0.001858444 0.000152652 1.000000000 0.000059194 -0.001821799 0.000115256 -0.000059212 1.000000000 -0.004373281
1.000000000 -0.000110701 -0.000071350 -0.000427771 0.000110700 1.000000000 -0.000013073 0.000135368 0.000071351 0.000013065 1.000000000 -0.003130150
1.000000000 -0.000162813 -0.000044059 0.000834556 0.000162816 1.000000000 0.000062659 -0.000700941 0.000044048 -0.000062666 1.000000000 -0.001349653
1.000000000 -0.000211388 -0.000017794 0.000134314 0.000211388 1.000000000 0.000035447 -0.000603322 0.000017786 -0.000035451 1.000000000 -0.003761527
1.000000000 -0.000095115 -0.000051509 0.000128916 0.000095117 1.000000000 0.000038286 0.000432387 0.000051505 -0.000038291 1.000000000 -0.003892040
1.000000000 -0.000085183 -0.000043414 0.000431078 0.000085183 1.000000000 -0.000015790 0.000613677 0.000043415 0.000015787 1.000000000 -0.000285263
1.000000000 -0.000062921 -0.000067277 -0.000304685 0.000062921 1.000000000 -0.000002150 0.001178734 0.000067277 0.000002146 1.000000000 -0.001731295
1.000000000 -0.000143116 -0.000126090 0.000877882 0.000143121 1.000000000 0.000039203 -0.000396315 0.000126084 -0.000039221 1.000000000 -0.002783396
1.000000000 -0.000139907 -0.000065363 -0.000202106 0.000139906 1.000000000 -0.000017352 0.000545808 0.000065365 0.000017343 1.000000000 -0.000245006
1.000000000 -0.000204524 -0.000058991 -0.000759285 0.000204527 1.000000000 0.000040293 0.000900815 0.000058983 -0.000040305 1.000000000 -0.000863748
1.000000000 -0.000179356 -0.000056865 0.000427062 0.000179358 1.000000000 0.000036678 -0.000161770 0.000056858 -0.000036689 1.000000000 -0.003581172
1.000000000 -0.000120918 -0.000079048 0.001296015 0.000120927 1.000000000 0.000121385 -0.000649261 0.000079034 -0.000121395 1.000000000 -0.004136400
1.000000000 -0.000107388 -0.000045709 0.002117669 0.000107394 1.000000000 0.000118416 -0.001428632 0.000045696 -0.000118421 1.000000000 -0.007350845
1.000000000 -0.000134173 -0.000086539 0.001203788 0.000134175 1.000000000 0.000023568 0.000556754 0.000086536 -0.000023580 1.000000000 -0.002676405
1.000000000 -0.000103861 -0.000103228 0.001204964 0.000103869 1.000000000 0.000073520 -0.000365260 0.000103221 -0.000073531 1.000000000 -0.004729954
0.999999940 -0.000244686 -0.000107890 0.000740928 0.000244693 0.999999940 0.000058765 -0.000511143 0.000107876 -0.000058791 1.000000000 -0.003671654
0.999999940 -0.000266680 -0.000099203 0.000745399 0.000266684 0.999999940 0.000040576 0.000776286 0.000099192 -0.000040602 1.000000000 -0.000072385
0.999999940 -0.000254811 -0.000096532 0.000094887 0.000254816 0.999999940 0.000055655 -0.000749111 0.000096517 -0.000055679 1.000000000 -0.003148688
1.000000000 -0.000128160 -0.000104231 0.002544161 0.000128167 1.000000000 0.000063050 0.000288100 0.000104223 -0.000063063 1.000000000 -0.001201612
1.000000000 -0.000158395 -0.000119097 0.002537343 0.000158404 1.000000000 0.000072437 -0.000881085 0.000119086 -0.000072456 1.000000000 -0.002330174
0.999999940 -0.000228844 -0.000152887 0.001531990 0.000228858 0.999999940 0.000095111 -0.000677405 0.000152865 -0.000095146 1.000000000 -0.004540762
0.999999940 -0.000235123 -0.000196037 0.002708020 0.000235139 0.999999940 0.000082530 -0.000662949 0.000196018 -0.000082576 1.000000000 -0.004139291
0.999999940 -0.000281585 -0.000145221 0.001639413 0.000281597 0.999999940 0.000080118 0.000353740 0.000145198 -0.000080159 1.000000000 -0.003123781
0.999999940 -0.000296556 -0.000186774 0.002909792 0.000296570 0.999999940 0.000073831 -0.000317177 0.000186752 -0.000073887 1.000000000 -0.004372184
0.999999940 -0.000395393 -0.000138908 0.000811812 0.000395404 0.999999940 0.000078516 -0.000696863 0.000138877 -0.000078571 1.000000000 -0.005266930
0.999999940 -0.000248145 -0.000163929 0.001928443 0.000248162 0.999999940 0.000104149 -0.000169361 0.000163904 -0.000104189 1.000000000 -0.002145267
1.000000000 -0.000200903 -0.000134122 0.002732110 0.000200918 1.000000000 0.000112351 -0.001178795 0.000134100 -0.000112378 1.000000000 -0.004259469
0.999999940 -0.000267776 -0.000163483 0.000755242 0.000267787 0.999999940 0.000068489 0.000736668 0.000163465 -0.000068533 1.000000000 -0.001114368
0.999999940 -0.000301798 -0.000173552 0.000656695 0.000301818 0.999999940 0.000111798 0.000216019 0.000173519 -0.000111850 1.000000000 -0.003480333
0.999999940 -0.000228207 -0.000142357 0.001348173 0.000228210 1.000000000 0.000022546 0.000279788 0.000142352 -0.000022579 1.000000000 -0.001675224
0.999999940 -0.000301485 -0.000158731 0.001938775 0.000301492 0.999999940 0.000045941 0.000084893 0.000158717 -0.000045989 1.000000000 -0.001564594
0.999999940 -0.000300650 -0.000105183 0.000923547 0.000300660 0.999999940 0.000101599 -0.000881494 0.000105152 -0.000101631 1.000000000 -0.005717922
0.999999940 -0.000316911 -0.000194072 0.002862661 0.000316918 0.999999940 0.000036019 0.000350741 0.000194060 -0.000036081 1.000000000 -0.002869820
0.999999940 -0.000197340 -0.000149684 0.002839389 0.000197358 1.000000000 0.000120610 -0.000405911 0.000149660 -0.000120640 1.000000000 -0.006575717
0.999999940 -0.000351393 -0.000158717 0.000716134 0.000351404 0.999999940 0.000070246 0.000009100 0.000158692 -0.000070301 1.000000000 -0.004333777
0.999999940 -0.000247053 -0.000159812 0.001421674 0.000247074 0.999999940 0.000129215 -0.000550073 0.000159780 -0.000129255 1.000000000 -0.003900628
0.999999940 -0.000304182 -0.000182515 0.002800155 0.000304189 0.999999940 0.000039172 -0.001154756 0.000182503 -0.000039227 1.000000000 0.000004109
0.999999940 -0.000259755 -0.000106324 0.001682149 0.000259697 0.999999821 -0.000538909 -0.000782407 0.000106464 0.000538881 0.999999821 0.048778579
1.000000000 -0.000117588 -0.000153671 0.001949128 0.000117418 0.999999404 -0.001108923 -0.003647669 0.000153801 0.001108905 0.999999344 0.140638769
0.999999940 -0.000203156 -0.000152192 0.005326763 0.000202941 0.999998987 -0.001410644 -0.007606902 0.000152478 0.001410613 0.999998987 0.253957182
1.000000000 -0.000210939 -0.000085137 0.006100778 0.000210820 0.999998987 -0.001399872 -0.012554440 0.000085432 0.001399854 0.999999046 0.389460385
1.000000000 -0.000116881 -0.000198176 0.011055146 0.000116655 0.999999344 -0.001136778 -0.019161392 0.000198308 0.001136755 0.999999344 0.524423301
1.000000000 -0.000154030 -0.000086149 0.012388255 0.000153938 0.999999404 -0.001062639 -0.022135228 0.000086312 0.001062626 0.999999404 0.684968889
1.000000000 -0.000135881 -0.000129725 0.019827744 0.000135758 0.999999523 -0.000946803 -0.025678875 0.000129854 0.000946785 0.999999523 0.844403923
0.999999940 0.000321047 0.000064024 0.016494833 -0.000320996 0.999999642 -0.000797973 -0.025658678 -0.000064280 0.000797952 0.999999702 1.018121004
1.000000000 -0.000051832 -0.000179569 0.027594719 0.000051726 0.999999821 -0.000590768 -0.036528300 0.000179599 0.000590759 0.999999821 1.178965688
1.000000000 0.000072146 -0.000003352 0.030605733 -0.000072147 0.999999940 -0.000307654 -0.041734401 0.000003330 0.000307655 0.999999940 1.369161487
0.999999762 -0.000683208 -0.000169987 0.048894655 0.000683231 0.999999702 0.000137676 -0.047620110 0.000169893 -0.000137792 1.000000000 1.590554953
0.999999583 -0.000918886 0.000111651 0.049829856 0.000918871 0.999999523 0.000140148 -0.052012354 -0.000111780 -0.000140046 1.000000000 1.786828995
0.999999166 -0.001250904 -0.000153755 0.059171647 0.001250993 0.999998987 0.000577438 -0.060204580 0.000153033 -0.000577630 0.999999881 1.989856362
0.999999821 -0.000511164 0.000313938 0.054167479 0.000511002 0.999999762 0.000515175 -0.065196261 -0.000314201 -0.000515014 0.999999881 2.208756685
0.999999821 0.000525911 0.000240897 0.056951627 -0.000526018 0.999999702 0.000443954 -0.068078935 -0.000240663 -0.000444080 0.999999881 2.420969725
0.999999642 0.000768767 0.000055174 0.064745538 -0.000768784 0.999999702 0.000311844 -0.074301109 -0.000054935 -0.000311887 0.999999940 2.643838406
0.999999762 0.000541949 0.000214098 0.070931673 -0.000542027 0.999999821 0.000364994 -0.082792446 -0.000213900 -0.000365110 0.999999940 2.874278545
0.999999583 0.000744022 0.000413488 0.074172482 -0.000744174 0.999999642 0.000366530 -0.085320570 -0.000413215 -0.000366837 0.999999821 3.104190588
0.999999762 0.000472457 0.000282981 0.078473382 -0.000472545 0.999999821 0.000312105 -0.092497535 -0.000282834 -0.000312238 0.999999940 3.342085361
0.999999583 0.000796768 0.000515906 0.081747025 -0.000797041 0.999999523 0.000527935 -0.103825875 -0.000515485 -0.000528346 0.999999702 3.602308035
0.999999821 -0.000260054 0.000389493 0.090453058 0.000259647 0.999999404 0.001043912 -0.115788318 -0.000389765 -0.001043810 0.999999404 3.821349144
0.999999881 -0.000034638 0.000391849 0.097333170 0.000034217 0.999999404 0.001074549 -0.122368343 -0.000391886 -0.001074535 0.999999344 4.082615376
0.999999106 0.000790269 0.000994629 0.094485842 -0.000791551 0.999998808 0.001288762 -0.126865566 -0.000993609 -0.001289548 0.999998689 4.348011494
0.999999523 0.000456042 0.000821043 0.102431320 -0.000457173 0.999998987 0.001378119 -0.136057511 -0.000820413 -0.001378494 0.999998689 4.602750778
0.999999583 0.000127389 0.000897595 0.109782740 -0.000128743 0.999998868 0.001509428 -0.141592100 -0.000897402 -0.001509543 0.999998510 4.861912251
0.999999404 0.000240537 0.001018251 0.109379984 -0.000242317 0.999998450 0.001748740 -0.152806386 -0.001017829 -0.001748986 0.999997973 5.131844997
0.999999940 -0.000096687 0.000376929 0.124676555 0.000096054 0.999998569 0.001680398 -0.158385977 -0.000377091 -0.001680362 0.999998450 5.374501705
0.999999940 -0.000100644 0.000337732 0.130811259 0.000100059 0.999998510 0.001731381 -0.165700540 -0.000337906 -0.001731347 0.999998391 5.645425320
1.000000000 -0.000117112 0.000077800 0.135774031 0.000116982 0.999998569 0.001668283 -0.171946645 -0.000077996 -0.001668274 0.999998569 5.922428608
0.999999940 -0.000278347 0.000256322 0.140057757 0.000277896 0.999998391 0.001758168 -0.184796348 -0.000256811 -0.001758096 0.999998450 6.198833466
0.999999821 0.000178791 0.000611237 0.138335198 -0.000180116 0.999997556 0.002168786 -0.198381692 -0.000610847 -0.002168895 0.999997437 6.435622215
0.999999762 0.000217418 0.000684000 0.142735779 -0.000218779 0.999997914 0.001990813 -0.208186924 -0.000683566 -0.001990961 0.999997795 6.723033905
0.999999881 0.000090528 0.000469272 0.163521200 -0.000091639 0.999997139 0.002367360 -0.227005690 -0.000469057 -0.002367403 0.999997079 6.996179104
0.999999821 0.000211392 0.000613748 0.162831590 -0.000212788 0.999997377 0.002274947 -0.228598818 -0.000613265 -0.002275077 0.999997199 7.295589447
0.999999583 0.000392981 0.000837550 0.167878032 -0.000394888 0.999997258 0.002277604 -0.241189018 -0.000836652 -0.002277933 0.999997079 7.599417210
0.999999642 0.000342089 0.000748054 0.178576455 -0.000343910 0.999996960 0.002435875 -0.256535590 -0.000747218 -0.002436132 0.999996781 7.945311546
0.999999583 0.000463110 0.000757704 0.187159717 -0.000465003 0.999996722 0.002500005 -0.265546888 -0.000756543 -0.002500356 0.999996603 8.258501053
0.999999642 0.000278480 0.000779607 0.192580760 -0.000280416 0.999996841 0.002483411 -0.272143900 -0.000778913 -0.002483628 0.999996662 8.593442917
0.999999166 0.000846975 0.000970389 0.188518777 -0.000849348 0.999996662 0.002447364 -0.281918913 -0.000968313 -0.002448187 0.999996543 8.935778618
0.999998927 0.000874613 0.001178449 0.193850785 -0.000877761 0.999996006 0.002672930 -0.294394672 -0.001176107 -0.002673962 0.999995708 9.279391289
0.999998927 0.000699739 0.001224505 0.193618253 -0.000702873 0.999996424 0.002560754 -0.305028200 -0.001222709 -0.002561611 0.999995947 9.608037949
0.999998391 0.001154884 0.001341918 0.202070907 -0.001158515 0.999995649 0.002708112 -0.313406229 -0.001338784 -0.002709662 0.999995410 9.952664375
0.999998569 0.000942131 0.001380801 0.202707887 -0.000946005 0.999995530 0.002807855 -0.322557956 -0.001378149 -0.002809158 0.999995053 10.329348564
0.999998808 0.000765623 0.001326819 0.219313458 -0.000769258 0.999995947 0.002740756 -0.333734781 -0.001324715 -0.002741774 0.999995351 10.677682877
0.999999464 0.000157236 0.001046259 0.224665761 -0.000160246 0.999995768 0.002877441 -0.347015321 -0.001045803 -0.002877606 0.999995291 11.018432617
0.999999523 0.000203954 0.001014758 0.233819604 -0.000206897 0.999995708 0.002900373 -0.357290268 -0.001014162 -0.002900581 0.999995232 11.396273613
0.999999404 0.000320131 0.001047818 0.241033033 -0.000323190 0.999995708 0.002920739 -0.365545928 -0.001046879 -0.002921076 0.999995172 11.789249420
0.999999762 -0.000191755 0.000706877 0.253079295 0.000189496 0.999994814 0.003194076 -0.379949659 -0.000707486 -0.003193941 0.999994636 12.159569740
0.999998689 0.000537140 0.001536206 0.261334151 -0.000542170 0.999994516 0.003275715 -0.393802643 -0.001534438 -0.003276544 0.999993384 12.545102119
0.999998033 0.000741800 0.001846612 0.265390486 -0.000748020 0.999994099 0.003370052 -0.403342545 -0.001844101 -0.003371427 0.999992549 12.951616287
0.999998629 0.000705336 0.001494776 0.282618135 -0.000710604 0.999993563 0.003526501 -0.419891179 -0.001492278 -0.003527559 0.999992609 13.347146034
0.999998391 0.000658787 0.001656721 0.288302034 -0.000664564 0.999993682 0.003489281 -0.425804317 -0.001654412 -0.003490376 0.999992549 13.760313988
0.999998033 0.000849552 0.001771830 0.303753555 -0.000856180 0.999992549 0.003743613 -0.441272706 -0.001768636 -0.003745123 0.999991417 14.162477493
0.999998808 0.000112485 0.001513730 0.311483711 -0.000118374 0.999992430 0.003891324 -0.458822846 -0.001513281 -0.003891499 0.999991298 14.535951614
0.999998689 -0.000368704 0.001561292 0.323118567 0.000362070 0.999990940 0.004247306 -0.471551239 -0.001562843 -0.004246735 0.999989808 14.952470779
0.999998271 -0.000403238 0.001792614 0.337387651 0.000395019 0.999989510 0.004582900 -0.487978160 -0.001794443 -0.004582184 0.999987900 15.378159523
0.999997377 0.000133038 0.002295446 0.338040054 -0.000143203 0.999990165 0.004428675 -0.500154972 -0.002294834 -0.004428992 0.999987543 15.824454308
0.999997139 0.000120061 0.002394686 0.350791484 -0.000130888 0.999989748 0.004521383 -0.512140453 -0.002394119 -0.004521684 0.999986887 16.271686554
0.999997020 -0.000253893 0.002392630 0.366401941 0.000243022 0.999989629 0.004542740 -0.527057767 -0.002393758 -0.004542145 0.999986827 16.705875397
0.999995589 0.000089166 0.002962406 0.366637647 -0.000103251 0.999988616 0.004754781 -0.541982412 -0.002961949 -0.004755067 0.999984324 17.162351608
0.999994218 0.000227533 0.003411170 0.375443995 -0.000244348 0.999987781 0.004929735 -0.552054703 -0.003410007 -0.004930540 0.999982119 17.631343842
0.999993622 -0.000144198 0.003571482 0.391843796 0.000127106 0.999988556 0.004785386 -0.563916326 -0.003572132 -0.004784902 0.999982178 18.089212418
0.999992073 0.000141893 0.003975547 0.402451992 -0.000160200 0.999989390 0.004605096 -0.572134674 -0.003974851 -0.004605697 0.999981582 18.568696976
0.999993443 0.000029879 0.003623581 0.411503971 -0.000049182 0.999985814 0.005327082 -0.601526022 -0.003623370 -0.005327226 0.999979258 18.963064194
0.999994993 -0.000263872 0.003180756 0.429187655 0.000245705 0.999983668 0.005710582 -0.613168895 -0.003182211 -0.005709772 0.999978662 19.445842743
0.999994218 0.000602680 0.003340743 0.438571870 -0.000621098 0.999984562 0.005514833 -0.622261465 -0.003337368 -0.005516876 0.999979198 19.925636292
0.999993384 0.000130642 0.003627011 0.447524488 -0.000150661 0.999984741 0.005519781 -0.632191658 -0.003626234 -0.005520290 0.999978244 20.425914764
0.999995589 0.000068165 0.002945172 0.458770305 -0.000085646 0.999982357 0.005935653 -0.668476522 -0.002944716 -0.005935878 0.999978006 20.893064499
0.999996781 0.000303094 0.002520735 0.466376305 -0.000317586 0.999983370 0.005750623 -0.676154435 -0.002518950 -0.005751405 0.999980271 21.400886536
0.999997914 0.000112124 0.002038684 0.465642869 -0.000124518 0.999981463 0.006080157 -0.690724373 -0.002037964 -0.006080397 0.999979436 21.906974792
0.999998510 -0.000327729 0.001706106 0.489446700 0.000316639 0.999978781 0.006496146 -0.718593538 -0.001708198 -0.006495596 0.999977469 22.396177292
0.999999225 -0.000479188 0.001181731 0.501327634 0.000471510 0.999978781 0.006488870 -0.728706002 -0.001184816 -0.006488306 0.999978244 22.914583206
0.999999344 -0.001126779 0.000382139 0.513396144 0.001124447 0.999981046 0.006050955 -0.742251992 -0.000388950 -0.006050521 0.999981642 23.438762665
0.999998450 -0.001740962 0.000209269 0.507772326 0.001739531 0.999976277 0.006654201 -0.762904942 -0.000220849 -0.006653826 0.999977767 23.905073166
1.000000000 -0.000077383 0.000180668 0.509092093 0.000076210 0.999978960 0.006484807 -0.763946056 -0.000181166 -0.006484793 0.999978960 24.437255859
0.999999642 -0.000369164 -0.000896443 0.526557148 0.000375148 0.999977589 0.006683446 -0.778171062 0.000893956 -0.006683779 0.999977291 24.967657089
0.999998569 0.000135361 -0.001693003 0.535353482 -0.000124132 0.999977946 0.006630850 -0.784923315 0.001693863 -0.006630630 0.999976575 25.489597321
0.999998093 0.000373552 -0.001919304 0.548162758 -0.000360213 0.999975920 0.006945570 -0.809145391 0.001921852 -0.006944867 0.999974012 26.026973724
0.999997377 -0.000661141 -0.002200244 0.556407809 0.000678622 0.999968171 0.007953927 -0.824455559 0.002194915 -0.007955399 0.999965906 26.579568863
0.999993980 -0.000847742 -0.003388656 0.579894543 0.000875201 0.999966681 0.008109936 -0.839971066 0.003381668 -0.008112852 0.999961317 27.134485245
0.999993742 -0.000082799 -0.003534988 0.574770749 0.000109790 0.999970853 0.007635869 -0.861415446 0.003534252 -0.007636209 0.999964535 27.616310120
0.999993920 -0.000002535 -0.003486953 0.577786088 0.000029499 0.999970138 0.007732749 -0.870979130 0.003486829 -0.007732805 0.999963939 28.160848618
0.999991953 0.000089589 -0.004002357 0.591990411 -0.000058126 0.999969125 0.007860655 -0.890511870 0.004002937 -0.007860360 0.999961019 28.708621979
0.999990165 -0.000328557 -0.004417335 0.600378990 0.000364525 0.999966741 0.008144166 -0.907136619 0.004414512 -0.008145696 0.999957085 29.227066040
0.999988973 -0.000215798 -0.004690501 0.606647730 0.000255122 0.999964833 0.008384859 -0.923663080 0.004688527 -0.008385963 0.999953866 29.759817123
0.999987960 0.000019489 -0.004936815 0.614742458 0.000019380 0.999968946 0.007873000 -0.939865947 0.004936816 -0.007872999 0.999956846 30.343963623
0.999987662 -0.000009706 -0.004974469 0.624524057 0.000050094 0.999967039 0.008118943 -0.950731218 0.004974226 -0.008119091 0.999954700 30.893869400
0.999982655 -0.000605030 -0.005870969 0.652071118 0.000653762 0.999965310 0.008302082 -0.971854329 0.005865742 -0.008305776 0.999948323 31.423578262
0.999981761 -0.000286730 -0.006040411 0.658820748 0.000333654 0.999969721 0.007768769 -0.984178305 0.006038000 -0.007770644 0.999951541 31.979261398
0.999978721 -0.001291970 -0.006390134 0.675164700 0.001350362 0.999957263 0.009141951 -1.019964695 0.006378050 -0.009150387 0.999937773 32.414772034
0.999976337 -0.001278123 -0.006757131 0.679361582 0.001341771 0.999954700 0.009423254 -1.030632019 0.006744782 -0.009432094 0.999932766 32.965167999
0.999975741 -0.000959261 -0.006893182 0.683754325 0.001021479 0.999958754 0.009028117 -1.034421086 0.006884237 -0.009034939 0.999935448 33.495571136
0.999974310 -0.000809076 -0.007109762 0.693000853 0.000876607 0.999954462 0.009500363 -1.046537519 0.007101752 -0.009506354 0.999929547 34.036689758
0.999974847 -0.001166368 -0.006989376 0.672296464 0.001233334 0.999953270 0.009584486 -1.090701342 0.006977871 -0.009592865 0.999929667 34.561771393
0.999973595 -0.001203584 -0.007162837 0.677973747 0.001272024 0.999953449 0.009557981 -1.098408937 0.007151000 -0.009566839 0.999928713 35.112571716
0.999971569 -0.001635234 -0.007365468 0.685948730 0.001706003 0.999952316 0.009612209 -1.108916283 0.007349399 -0.009624501 0.999926627 35.672683716
0.999968469 -0.001243792 -0.007854222 0.696765125 0.001317699 0.999954820 0.009411669 -1.123821020 0.007842162 -0.009421718 0.999924839 36.228427887
0.999972761 -0.000434804 -0.007368530 0.699657559 0.000504913 0.999954581 0.009515465 -1.140388727 0.007364058 -0.009518928 0.999927521 36.723804474
0.999969900 -0.000970084 -0.007702919 0.710096300 0.001041643 0.999956250 0.009291409 -1.147077560 0.007693570 -0.009299151 0.999927104 37.271549225
0.999969304 -0.001020362 -0.007766242 0.707710862 0.001095910 0.999952078 0.009729699 -1.163567781 0.007755941 -0.009737912 0.999922514 37.788265228
0.999973357 -0.000048595 -0.007303363 0.702157140 0.000119561 0.999952734 0.009716768 -1.183257818 0.007302547 -0.009717381 0.999926090 38.335548401
0.999969602 0.000082890 -0.007797354 0.736667633 -0.000012824 0.999959588 0.008985503 -1.179141521 0.007797785 -0.008985129 0.999929249 38.877506256
0.999968529 -0.000669986 -0.007905588 0.723420560 0.000745081 0.999954522 0.009499826 -1.202697635 0.007898865 -0.009505414 0.999923646 39.414608002
0.999969780 -0.000279607 -0.007762752 0.738501012 0.000355958 0.999951541 0.009835933 -1.222612619 0.007759627 -0.009838399 0.999921501 39.937664032
0.999972105 -0.000823596 -0.007414451 0.732394457 0.000896313 0.999951422 0.009809534 -1.226066232 0.007406014 -0.009815907 0.999924421 40.527572632
0.999969602 -0.000478912 -0.007779821 0.743078172 0.000556447 0.999950171 0.009967125 -1.238641143 0.007774662 -0.009971151 0.999920011 41.079048157
0.999967337 -0.000427420 -0.008078152 0.757185876 0.000501037 0.999958336 0.009113213 -1.242347121 0.008073921 -0.009116963 0.999925852 41.627521515
0.999964297 -0.000444346 -0.008438823 0.760898113 0.000527789 0.999950886 0.009888322 -1.273850679 0.008434016 -0.009892425 0.999915481 42.123283386
0.999963105 -0.000576188 -0.008567221 0.769905448 0.000659277 0.999952734 0.009698785 -1.281243682 0.008561227 -0.009704076 0.999916255 42.672691345
0.999960780 -0.000810983 -0.008822999 0.779937267 0.000896849 0.999952197 0.009732361 -1.297748327 0.008814686 -0.009739892 0.999913692 43.214473724
0.999963045 -0.000268376 -0.008590098 0.783231974 0.000350536 0.999954224 0.009564480 -1.304828286 0.008587138 -0.009567138 0.999917388 43.744003296
0.999961793 -0.000288597 -0.008736228 0.791346550 0.000372673 0.999953628 0.009623750 -1.313827872 0.008733046 -0.009626639 0.999915481 44.275135040
0.999961495 -0.000015261 -0.008774010 0.796346068 0.000098074 0.999955475 0.009438084 -1.326654196 0.008773476 -0.009438583 0.999916911 44.826389313
0.999961257 -0.000119316 -0.008807501 0.812922835 0.000202649 0.999955177 0.009461328 -1.338943362 0.008805978 -0.009462746 0.999916434 45.337718964
0.999958336 -0.000201767 -0.009124809 0.813763738 0.000290059 0.999953210 0.009675840 -1.348875284 0.009122429 -0.009678084 0.999911606 45.880676270
0.999960303 -0.000017816 -0.008910513 0.826838493 0.000107044 0.999949872 0.010013419 -1.363494992 0.008909888 -0.010013976 0.999910176 46.401485443
0.999958396 -0.000146919 -0.009115755 0.830431104 0.000236620 0.999951541 0.009839893 -1.376682997 0.009113868 -0.009841640 0.999910057 46.961269379
0.999958932 -0.000100301 -0.009065798 0.835906625 0.000187835 0.999953330 0.009655029 -1.382107258 0.009064406 -0.009656335 0.999912262 47.506294250
0.999957502 -0.000331880 -0.009213259 0.846026421 0.000423634 0.999950469 0.009958788 -1.400053740 0.009209498 -0.009962266 0.999907970 48.020366669
0.999957442 -0.000041737 -0.009235000 0.853315234 0.000131071 0.999953330 0.009673022 -1.412366509 0.009234164 -0.009673818 0.999910593 48.568916321
0.999956429 -0.000518436 -0.009319121 0.861047506 0.000611687 0.999949694 0.010006385 -1.423843265 0.009313465 -0.010011649 0.999906480 49.085174561
0.999960244 0.000427758 -0.008900840 0.854622364 -0.000343600 0.999955237 0.009454373 -1.423034191 0.008904484 -0.009450939 0.999915719 49.669715881
0.999954998 -0.000454442 -0.009477396 0.871727228 0.000547380 0.999951780 0.009806055 -1.442132950 0.009472484 -0.009810803 0.999906957 50.134609222
0.999959707 -0.000012405 -0.008978248 0.873054981 0.000101326 0.999951005 0.009903619 -1.449016571 0.008977685 -0.009904128 0.999910653 50.687816620
0.999956429 -0.000189628 -0.009333813 0.875772476 0.000283821 0.999949038 0.010091307 -1.459846735 0.009331424 -0.010093516 0.999905527 51.200283051
0.999955177 -0.000200345 -0.009466542 0.884684145 0.000294375 0.999950647 0.009932608 -1.470785379 0.009464084 -0.009934950 0.999905884 51.736595154
0.999956489 -0.000009174 -0.009323077 0.891171098 0.000102513 0.999949872 0.010011130 -1.481254339 0.009322516 -0.010011651 0.999906421 52.266094208
0.999954998 -0.000327789 -0.009480051 0.897185266 0.000422754 0.999949694 0.010017088 -1.494078159 0.009476290 -0.010020644 0.999904871 52.807102203
0.999955118 -0.000290987 -0.009467371 0.906901419 0.000388677 0.999946654 0.010318420 -1.517762661 0.009463864 -0.010321636 0.999901950 53.336875916
0.999956429 0.000201568 -0.009332742 0.903531790 -0.000108850 0.999950588 0.009934143 -1.510266542 0.009334285 -0.009932696 0.999907017 53.868522644
0.999958515 0.000485356 -0.009093412 0.912602007 -0.000398607 0.999954343 0.009539142 -1.510461450 0.009097628 -0.009535120 0.999913156 54.488452911
0.999955535 0.000072246 -0.009425445 0.919175148 0.000021417 0.999950767 0.009936716 -1.529847383 0.009425697 -0.009936479 0.999906123 54.914669037
0.999957442 0.000105217 -0.009224074 0.928340495 -0.000011812 0.999948740 0.010125761 -1.538264990 0.009224664 -0.010125221 0.999906123 55.460056305
0.999956906 -0.000144555 -0.009281768 0.927381039 0.000240216 0.999946892 0.010306066 -1.553384423 0.009279784 -0.010307853 0.999903738 56.006103516
0.999959886 0.000041154 -0.008956403 0.927405298 0.000044934 0.999953806 0.009611445 -1.556115150 0.008956385 -0.009611463 0.999913633 56.565227509
0.999960721 0.000137442 -0.008861628 0.952845573 -0.000047879 0.999948919 0.010106307 -1.576585531 0.008862566 -0.010105484 0.999909639 57.103191376
0.999952674 -0.000589187 -0.009711659 0.963070750 0.000686337 0.999949694 0.010003151 -1.586903214 0.009705276 -0.010009340 0.999902785 57.590900421
0.999937654 -0.001240387 -0.011096153 1.043268323 0.001335256 0.999962628 0.008546374 -1.552920580 0.011085140 -0.008560656 0.999901891 58.608589172
0.999941826 -0.001106663 -0.010731436 0.988715589 0.001214157 0.999949098 0.010015409 -1.609901071 0.010719806 -0.010027854 0.999892294 58.650295258
0.999952495 -0.000604498 -0.009727318 0.981954277 0.000700300 0.999951184 0.009848291 -1.610867977 0.009720888 -0.009854632 0.999904156 59.282272339
0.999941230 -0.001313423 -0.010760522 1.022350073 0.001410941 0.999958038 0.009059940 -1.581907153 0.010748169 -0.009074589 0.999900997 60.099964142
0.999953806 -0.000499659 -0.009594516 0.997575998 0.000591668 0.999953806 0.009589314 -1.630512953 0.009589279 -0.009594548 0.999907911 60.377521515
0.999948859 -0.000806172 -0.010077683 0.998991072 0.000907646 0.999948919 0.010068673 -1.630667806 0.010069049 -0.010077304 0.999898434 60.960212708
0.999949336 -0.000937330 -0.010025022 1.005201340 0.001043499 0.999943316 0.010590404 -1.681499004 0.010014525 -0.010600328 0.999893606 61.369380951
0.999949515 -0.000738967 -0.010026084 1.002265573 0.000832025 0.999956548 0.009280571 -1.662286758 0.010018789 -0.009288441 0.999906659 62.050216675
0.999952078 -0.000598589 -0.009774406 1.022501230 0.000699280 0.999946713 0.010301332 -1.686629057 0.009767719 -0.010307673 0.999899089 62.408412933
0.999952316 0.000369469 -0.009763342 1.029850245 -0.000271305 0.999949396 0.010053746 -1.698054790 0.009766564 -0.010050618 0.999901772 62.954395294
0.999949098 -0.000027568 -0.010100292 1.046424627 0.000133107 0.999945462 0.010448646 -1.710492373 0.010099453 -0.010449457 0.999894321 63.464542389
0.999943852 -0.000252843 -0.010599853 1.049502373 0.000364386 0.999944568 0.010522404 -1.713259220 0.010596606 -0.010525675 0.999888361 64.047943115
0.999946177 -0.000533594 -0.010374077 1.053911328 0.000640633 0.999946594 0.010317381 -1.720988274 0.010368018 -0.010323470 0.999892890 64.603279114
0.999953985 -0.000071823 -0.009594328 1.057770848 0.000172034 0.999945462 0.010444388 -1.746884584 0.009593055 -0.010445558 0.999899447 65.083877563
0.999958098 0.000159435 -0.009157841 1.056706667 -0.000062073 0.999943554 0.010630796 -1.754906416 0.009159019 -0.010629781 0.999901593 65.639739990
0.999955058 0.000208783 -0.009484679 1.064670444 -0.000105747 0.999941051 0.010862625 -1.766533256 0.009486387 -0.010861132 0.999895990 66.177124023
0.999952137 -0.000438562 -0.009780506 1.075946808 0.000546064 0.999939442 0.010991422 -1.779083967 0.009775092 -0.010996236 0.999891758 66.705482483
0.999945581 -0.001939752 -0.010252787 1.111211538 0.002052547 0.999937475 0.011002303 -1.788728118 0.010230802 -0.011022748 0.999886930 67.195396423
0.999955833 -0.000523142 -0.009384340 1.057024598 0.000616759 0.999950111 0.009975780 -1.793496370 0.009378654 -0.009981128 0.999906242 67.788864136
0.999950767 -0.000278964 -0.009921246 1.094632030 0.000386135 0.999941587 0.010801807 -1.814218998 0.009917652 -0.010805105 0.999892354 68.253036499
0.999952555 0.000554254 -0.009727630 1.098822594 -0.000452881 0.999945641 0.010420227 -1.825732231 0.009732875 -0.010415326 0.999898314 68.784614563
0.999947071 -0.000543423 -0.010282656 1.112195730 0.000650662 0.999945462 0.010428626 -1.830661416 0.010276427 -0.010434764 0.999892652 69.325683594
0.999950290 -0.000778132 -0.009942786 1.122444868 0.000882543 0.999944508 0.010501110 -1.842486858 0.009934061 -0.010509362 0.999895394 69.886543274
0.999952376 -0.000462234 -0.009744888 1.123734236 0.000568869 0.999939978 0.010942726 -1.852109194 0.009739244 -0.010947749 0.999892592 70.424224854
0.999945700 -0.001125376 -0.010358330 1.128001213 0.001230617 0.999947667 0.010159266 -1.851553202 0.010346356 -0.010171461 0.999894738 70.993713379
0.999952555 -0.000064162 -0.009739032 1.116956472 0.000166844 0.999944389 0.010542937 -1.877182364 0.009737815 -0.010544062 0.999897003 71.438148499
0.999954939 -0.000192880 -0.009493718 1.119577765 0.000289513 0.999948204 0.010178295 -1.881387472 0.009491264 -0.010180583 0.999903142 71.995918274
0.999954283 0.000563362 -0.009540422 1.124020696 -0.000463407 0.999945045 0.010476023 -1.892682433 0.009545798 -0.010471122 0.999899626 72.544815063
0.999953449 -0.000292561 -0.009641825 1.135534763 0.000394151 0.999944389 0.010536144 -1.908529758 0.009638209 -0.010539454 0.999898016 73.071929932
0.999956131 0.000791077 -0.009327369 1.128291488 -0.000700514 0.999952555 0.009708575 -1.880883098 0.009334608 -0.009701614 0.999909401 73.689781189
0.999956310 -0.000231451 -0.009343651 1.126091242 0.000322618 0.999952316 0.009756704 -1.926926851 0.009340950 -0.009759292 0.999908805 74.144142151
0.999953866 0.000009969 -0.009596801 1.157424688 0.000090133 0.999945581 0.010430269 -1.937507749 0.009596385 -0.010430656 0.999899507 74.638481140
0.999956548 0.000048385 -0.009322240 1.140936613 0.000042048 0.999952912 0.009700293 -1.931269646 0.009322270 -0.009700265 0.999909461 75.178962708
0.999953091 0.000275039 -0.009678089 1.172651768 -0.000178342 0.999950051 0.009990753 -1.953767538 0.009680352 -0.009988559 0.999903262 75.719856262
0.999954224 -0.000117569 -0.009567796 1.175438523 0.000217364 0.999945581 0.010429949 -1.972068787 0.009566051 -0.010431552 0.999899805 76.246307373
0.999953091 -0.000152727 -0.009685507 1.177373767 0.000257161 0.999941766 0.010782275 -1.984185696 0.009683297 -0.010784259 0.999894977 76.785728455
0.999947727 -0.001204296 -0.010153157 1.204568148 0.001301577 0.999953270 0.009580170 -1.966765881 0.010141145 -0.009592883 0.999902546 77.357681274
0.999954581 -0.000495062 -0.009516261 1.186126471 0.000594318 0.999945343 0.010430238 -1.996139050 0.009510578 -0.010435419 0.999900341 77.861358643
0.999954045 -0.000472377 -0.009573281 1.190118313 0.000570598 0.999947190 0.010259814 -2.010201216 0.009567930 -0.010264807 0.999901474 78.401046753
0.999954820 -0.000088409 -0.009506386 1.200372219 0.000185494 0.999947846 0.010212195 -2.020257235 0.009504987 -0.010213496 0.999902666 78.946800232
0.999957800 -0.000354379 -0.009178066 1.201951265 0.000445054 0.999951124 0.009879411 -2.023628950 0.009174116 -0.009883079 0.999909103 79.471244812
0.999968946 -0.000528300 -0.007850439 1.208630562 0.000603875 0.999953508 0.009627548 -2.030753136 0.007844989 -0.009631989 0.999922872 80.019683838
0.999978483 -0.000070403 -0.006555698 1.216591239 0.000135132 0.999951243 0.009873771 -2.042678595 0.006554683 -0.009874444 0.999929786 80.555770874
0.999986589 -0.000428970 -0.005153011 1.232702494 0.000478633 0.999953330 0.009640319 -2.050202370 0.005148635 -0.009642658 0.999940276 81.090835571
0.999999106 0.000082406 -0.001287053 1.248960614 -0.000069726 0.999951482 0.009849181 -2.062650204 0.001287802 -0.009849084 0.999950647 81.633087158
0.999996543 -0.000401913 0.002593932 1.266773701 0.000376521 0.999952078 0.009782081 -2.073539257 -0.002597740 -0.009781071 0.999948800 82.180946350
0.999985576 -0.000443667 0.005347429 1.283249140 0.000392898 0.999954820 0.009491272 -2.078735828 -0.005351398 -0.009489034 0.999940634 82.729171753
0.999935806 0.000812285 0.011302084 1.295973182 -0.000920201 0.999953926 0.009546485 -2.080842733 -0.011293809 -0.009556272 0.999890566 83.331077576
0.999869823 -0.000082809 0.016136061 1.332700849 -0.000068313 0.999956131 0.009364683 -2.099583387 -0.016136130 -0.009364566 0.999825895 83.840988159
0.999767065 -0.000519325 0.021577263 1.364724755 0.000310535 0.999953091 0.009678602 -2.113713264 -0.021581277 -0.009669647 0.999720335 84.391616821
0.999627054 -0.000172458 0.027306924 1.402665734 -0.000087829 0.999954581 0.009530434 -2.119543076 -0.027307332 -0.009529277 0.999581635 84.915290833
0.999372661 0.000145010 0.035415284 1.431213975 -0.000478267 0.999955654 0.009401687 -2.128087759 -0.035412356 -0.009412725 0.999328494 85.498100281
0.999077916 -0.000910630 0.042924266 1.482045650 0.000518255 0.999957979 0.009151340 -2.138630867 -0.042930789 -0.009120656 0.999036431 86.041275024
0.998759747 -0.001017196 0.049778916 1.520708323 0.000561015 0.999957740 0.009177258 -2.140246868 -0.049786150 -0.009137948 0.998718023 86.600830078
0.998273969 -0.000888584 0.058720805 1.575019598 0.000352780 0.999958158 0.009134342 -2.154434681 -0.058726460 -0.009097858 0.998232603 87.146697998
0.997626841 -0.001359442 0.068838127 1.634630680 0.000720957 0.999956429 0.009299153 -2.165160179 -0.068847761 -0.009227457 0.997584641 87.704261780
0.997010529 -0.001609762 0.077248320 1.701546192 0.000884448 0.999955237 0.009422669 -2.176425219 -0.077260025 -0.009326177 0.996967375 88.261428833
0.996320546 -0.000803271 0.085701555 1.761955261 0.000000362 0.999956131 0.009368268 -2.188780069 -0.085705318 -0.009333767 0.996276796 88.806198120
0.995337069 -0.000154349 0.096457906 1.831717491 -0.000754572 0.999955654 0.009386441 -2.197650671 -0.096455067 -0.009415457 0.995292842 89.347305298
0.994298756 -0.001346662 0.106621459 1.932988644 0.000353752 0.999956369 0.009330851 -2.214049816 -0.106629372 -0.009239934 0.994255841 89.893974304
0.993289769 -0.001862082 0.115636937 2.022416115 0.000784443 0.999955833 0.009363965 -2.229026079 -0.115649275 -0.009210423 0.993247390 90.435806274
0.991922379 -0.002079658 0.126829132 2.110022545 0.000904603 0.999956131 0.009321763 -2.236078978 -0.126842946 -0.009131733 0.991880774 90.989540100
0.990328610 -0.002294095 0.138722792 2.209476471 0.000989468 0.999954581 0.009472792 -2.251156330 -0.138738230 -0.009243913 0.990285933 91.527755737
0.988809586 -0.003097790 0.149150401 2.319663048 0.001709190 0.999953985 0.009437345 -2.262488604 -0.149172783 -0.009076811 0.988769472 92.070724487
0.987188756 -0.003425220 0.159519866 2.438625336 0.001976097 0.999955356 0.009242014 -2.269475937 -0.159544393 -0.008808386 0.987151444 92.615249634
0.985057592 -0.003994273 0.172178894 2.562717438 0.002427883 0.999953747 0.009307096 -2.281726837 -0.172208086 -0.008749994 0.985021710 93.144767761
0.982744098 -0.003546050 0.184937119 2.676203728 0.001814591 0.999952912 0.009530837 -2.295418501 -0.184962198 -0.009030787 0.982704163 93.702766418
0.980822146 -0.004496032 0.194852993 2.803196907 0.002711811 0.999951899 0.009422548 -2.299094200 -0.194885984 -0.008713442 0.980787158 94.240188599
0.978106558 -0.004653342 0.208052233 2.942378998 0.002738660 0.999951184 0.009489994 -2.310904980 -0.208086237 -0.008712443 0.978071630 94.768989563
0.975146055 -0.004210150 0.221523449 3.089195251 0.002015076 0.999946594 0.010134053 -2.330733776 -0.221554354 -0.009435795 0.975102305 95.316955566
0.972384989 -0.004264261 0.233343497 3.230844498 0.001977875 0.999947667 0.010031486 -2.327457905 -0.233374074 -0.009292943 0.972342551 95.853416443
0.969441533 -0.004218290 0.245286003 3.396238327 0.001907769 0.999951482 0.009656546 -2.346142769 -0.245314837 -0.008893507 0.969402671 96.399414062
0.965834796 -0.004622683 0.259117216 3.563602448 0.002208984 0.999951422 0.009605482 -2.353464603 -0.259149015 -0.008704924 0.965798140 96.924072266
0.962365925 -0.004766034 0.271715105 3.737937927 0.002080982 0.999946117 0.010169151 -2.371145248 -0.271748930 -0.009221011 0.962324023 97.449920654
0.958966494 -0.003882489 0.283492565 3.911293030 0.000981882 0.999945760 0.010373065 -2.378270149 -0.283517450 -0.009669065 0.958918333 97.982933044
0.954896927 -0.005245557 0.296891212 4.106708527 0.002251158 0.999943018 0.010426830 -2.393004656 -0.296929032 -0.009288197 0.954854369 98.502906799
0.950681746 -0.006020539 0.310109943 4.317014694 0.002873926 0.999939620 0.010602647 -2.407453060 -0.310155153 -0.009188509 0.950641572 99.010375977
0.946907580 -0.006857175 0.321432829 4.515949249 0.003594914 0.999935806 0.010741540 -2.416072369 -0.321485817 -0.009015721 0.946871459 99.526687622
0.942469120 -0.007028845 0.334219217 4.719261169 0.003577004 0.999933720 0.010942409 -2.430937767 -0.334273934 -0.009117379 0.942431867 100.033370972
0.937446356 -0.007342991 0.348052114 4.939203262 0.003851419 0.999935091 0.010722578 -2.437909603 -0.348108232 -0.008711347 0.937413871 100.546920776
0.932844520 -0.007871609 0.360193163 5.160488129 0.004363481 0.999934793 0.010551688 -2.442991734 -0.360252738 -0.008271389 0.932818055 101.054832458
0.928688884 -0.008458228 0.370763630 5.382135391 0.004909137 0.999932647 0.010515048 -2.450488091 -0.370827585 -0.007945076 0.928667724 101.553817749
0.922978520 -0.008080022 0.384766877 5.604278564 0.004299577 0.999933660 0.010684568 -2.456641674 -0.384827793 -0.008207292 0.922951877 102.055747986
0.917511702 -0.008461496 0.397618741 5.844726562 0.004686087 0.999934196 0.010465804 -2.462775707 -0.397681177 -0.007739223 0.917490959 102.547958374
0.912448049 -0.009076111 0.409091800 6.093833923 0.005370652 0.999933422 0.010205695 -2.470635414 -0.409157217 -0.007115078 0.912436068 103.048225403
0.906206846 -0.009168550 0.422735274 6.354614258 0.005151546 0.999930203 0.010643877 -2.480920315 -0.422803313 -0.007467815 0.906190693 103.543426514
0.899559617 -0.009734077 0.436689526 6.629402161 0.005604014 0.999926567 0.010744975 -2.491263866 -0.436762005 -0.007218532 0.899548113 104.038169861
0.893742621 -0.010387057 0.448459893 6.900943756 0.006389113 0.999925256 0.010426928 -2.494212151 -0.448534667 -0.006453730 0.893742144 104.522392273
0.888272047 -0.010926340 0.459187806 7.171031952 0.006675978 0.999918461 0.010878700 -2.506104469 -0.459269196 -0.006597715 0.888272643 104.991714478
0.881297350 -0.011147772 0.472430646 7.458614349 0.007112951 0.999921381 0.010325895 -2.509037971 -0.472508609 -0.005739809 0.881307364 105.471145630
0.874270439 -0.011427285 0.485304534 7.745704651 0.007339956 0.999919772 0.010321893 -2.508459806 -0.485383511 -0.005462013 0.874284267 105.968200684
