1.000000000 0.000000000 0.000000000 0.000000000 0.000000000 1.000000000 0.000000000 0.000000000 0.000000000 0.000000000 1.000000000 0.000000000
1.000000000 0.000115625 0.000040142 -0.001494520 -0.000115623 1.000000000 -0.000049500 0.001481288 -0.000040148 0.000049495 1.000000000 0.003456443
1.000000000 0.000120673 0.000026079 -0.000181551 -0.000120673 1.000000000 0.000001645 0.000573967 -0.000026079 -0.000001648 1.000000000 0.003617125
0.999999940 0.000265600 0.000096270 -0.000885540 -0.000265600 0.999999940 -0.000003385 0.001069671 -0.000096271 0.000003360 1.000000000 -0.001214893
1.000000000 0.000141716 0.000027428 0.000720258 -0.000141715 1.000000000 -0.000021951 0.000778555 -0.000027431 0.000021948 1.000000000 -0.000533364
1.000000000 0.000030152 -0.000013212 0.000477748 -0.000030152 1.000000000 0.000007233 0.001548571 0.000013212 -0.000007232 1.000000000 0.000123870
1.000000000 0.000032114 0.000024558 -0.000705194 -0.000032114 1.000000000 -0.000022189 0.000838863 -0.000024559 0.000022188 1.000000000 -0.001867220
1.000000000 0.000031558 0.000048214 0.000183492 -0.000031561 1.000000000 0.000055086 0.000798328 -0.000048213 -0.000055088 1.000000000 -0.000670604
1.000000000 -0.000031198 0.000076868 -0.001631688 0.000031198 1.000000000 0.000000898 0.000821962 -0.000076868 -0.000000895 1.000000000 0.002494114
1.000000000 0.000121283 0.000097584 -0.001749485 -0.000121278 1.000000000 -0.000043531 0.000721488 -0.000097589 0.000043519 1.000000000 -0.000325842
1.000000000 0.000174962 0.000094181 -0.000127796 -0.000174966 1.000000000 0.000040429 0.000826004 -0.000094173 -0.000040446 1.000000000 -0.001422825
1.000000000 0.000045565 0.000036243 -0.001117338 -0.000045563 1.000000000 -0.000048056 0.001114492 -0.000036246 0.000048055 1.000000000 -0.002977635
1.000000000 0.000098541 0.000102711 -0.001812957 -0.000098544 1.000000000 0.000029503 0.000747518 -0.000102708 -0.000029513 1.000000000 -0.004185716
1.000000000 -0.000103797 0.000065686 -0.000868660 0.000103796 1.000000000 0.000019674 -0.000148392 -0.000065688 -0.000019667 1.000000000 -0.000032864
1.000000000 0.000074728 0.000067182 -0.000157622 -0.000074727 1.000000000 -0.000015597 0.000758138 -0.000067183 0.000015592 1.000000000 -0.002005781
1.000000000 -0.000001742 0.000045421 -0.000029634 0.000001741 1.000000000 0.000021433 0.000717513 -0.000045421 -0.000021433 1.000000000 -0.003273842
1.000000000 -0.000059813 0.000049605 -0.001770441 0.000059811 1.000000000 0.000038970 0.000207779 -0.000049608 -0.000038967 1.000000000 -0.002257882
1.000000000 0.000063269 0.000119682 -0.001646059 -0.000063276 1.000000000 0.000063898 -0.000903743 -0.000119678 -0.000063906 1.000000000 -0.004081909
1.000000000 0.000096367 0.000058249 -0.000083000 -0.000096370 1.000000000 0.000052769 0.001191508 -0.000058244 -0.000052775 1.000000000 -0.004638522
1.000000000 -0.000097333 0.000004897 -0.000738411 0.000097332 1.000000000 0.000015304 0.000576700 -0.000004898 -0.000015303 1.000000000 -0.005834156
1.000000000 0.000063490 0.000066146 -0.000574283 -0.000063491 1.000000000 0.000014602 0.000308362 -0.000066145 -0.000014606 1.000000000 -0.006670783
1.000000000 -0.000055898 0.000020310 -0.000215965 0.000055897 1.000000000 0.000034259 -0.001329133 -0.000020312 -0.000034258 1.000000000 -0.004410286
1.000000000 0.000095709 0.000147601 -0.005409497 -0.000095695 1.000000000 -0.000098255 0.002405816 -0.000147611 0.000098241 1.000000000 0.004364734
1.000000000 -0.000017085 0.000017826 0.000559574 0.000017085 1.000000000 0.000014255 -0.000173164 -0.000017826 -0.000014255 1.000000000 -0.000830846
1.000000000 -0.000051367 0.000074863 -0.002038517 0.000051365 1.000000000 0.000019882 0.000914119 -0.000074864 -0.000019878 1.000000000 0.000232484
1.000000000 -0.000044747 -0.000009349 0.000685602 0.000044747 1.000000000 -0.000001274 0.000851684 0.000009349 0.000001274 1.000000000 -0.003368288
1.000000000 -0.000112352 0.000087491 -0.002575372 0.000112357 1.000000000 -0.000046598 0.002119543 -0.000087486 0.000046608 1.000000000 0.000824385
1.000000000 0.000115652 0.000135849 -0.004233161 -0.000115644 1.000000000 -0.000062579 0.002079606 -0.000135856 0.000062564 1.000000000 0.000042355
1.000000000 -0.000086950 0.000059011 -0.001920988 0.000086946 1.000000000 0.000076556 0.000152238 -0.000059017 -0.000076551 1.000000000 -0.000067163
1.000000000 -0.000096792 -0.000025677 -0.000338849 0.000096792 1.000000000 0.000014894 0.001419634 0.000025675 -0.000014896 1.000000000 -0.002448646
1.000000000 -0.000033590 0.000040838 -0.001956383 0.000033591 1.000000000 -0.000044891 0.000649264 -0.000040836 0.000044892 1.000000000 0.001666994
1.000000000 -0.000067346 0.000066395 -0.003060865 0.000067345 1.000000000 0.000018975 0.000948441 -0.000066396 -0.000018970 1.000000000 0.002981424
1.000000000 -0.000125805 0.000041981 -0.003266560 0.000125806 1.000000000 -0.000022328 0.001128362 -0.000041978 0.000022334 1.000000000 -0.000421588
1.000000000 -0.000013448 0.000013617 -0.000687690 0.000013448 1.000000000 0.000032051 -0.000760571 -0.000013617 -0.000032051 1.000000000 -0.002043873
0.999999940 0.000192341 0.000171810 -0.004180764 -0.000192338 1.000000000 -0.000015388 0.000928841 -0.000171813 0.000015355 1.000000000 0.000477434
1.000000000 -0.000001260 0.000016221 -0.000875183 0.000001259 1.000000000 0.000038209 0.000409652 -0.000016221 -0.000038209 1.000000000 -0.001527299
1.000000000 0.000013816 0.000003049 -0.001923592 -0.000013816 1.000000000 0.000006515 0.001220929 -0.000003049 -0.000006515 1.000000000 -0.003079071
1.000000000 -0.000060809 0.000031833 -0.000642508 0.000060811 1.000000000 -0.000078438 0.001190172 -0.000031829 0.000078440 1.000000000 -0.003089012
1.000000000 -0.000049760 0.000123490 -0.003803721 0.000049761 1.000000000 -0.000010192 0.000866504 -0.000123490 0.000010198 1.000000000 0.000515835
1.000000000 -0.000044409 0.000004574 -0.000293126 0.000044409 1.000000000 0.000037620 0.000212317 -0.000004576 -0.000037620 1.000000000 -0.001955129
1.000000000 -0.000119664 0.000020967 -0.000842325 0.000119663 1.000000000 0.000072875 -0.000674042 -0.000020975 -0.000072873 1.000000000 -0.002775635
1.000000000 0.000036443 0.000103550 0.002396823 -0.000036398 0.999999881 -0.000428988 -0.005832025 -0.000103566 0.000428984 0.999999881 0.048233878
1.000000000 -0.000024565 0.000094435 0.002791366 0.000024679 0.999999285 -0.001208172 -0.002944734 -0.000094406 0.001208175 0.999999285 0.146692261
1.000000000 -0.000052035 0.000009880 0.005503456 0.000052048 0.999998987 -0.001414903 -0.010637172 -0.000009807 0.001414903 0.999998987 0.260769129
1.000000000 0.000078118 0.000155230 0.003944187 -0.000077916 0.999999166 -0.001302391 -0.015046883 -0.000155332 0.001302379 0.999999166 0.391356111
1.000000000 0.000138888 0.000059469 0.006512850 -0.000138831 0.999999523 -0.000969942 -0.023572762 -0.000059603 0.000969934 0.999999523 0.533327758
1.000000000 0.000128227 0.000049685 0.007452745 -0.000128189 0.999999702 -0.000778232 -0.031680364 -0.000049785 0.000778225 0.999999702 0.684891164
1.000000000 0.000025868 0.000064623 0.011987736 -0.000025832 0.999999821 -0.000556992 -0.037533168 -0.000064637 0.000556990 0.999999821 0.857406318
1.000000000 -0.000023614 -0.000129178 0.020562999 0.000023545 0.999999881 -0.000529699 -0.036949057 0.000129190 0.000529696 0.999999881 1.028570652
0.999999940 0.000194198 0.000238755 0.017184412 -0.000194055 0.999999821 -0.000595362 -0.037353154 -0.000238870 0.000595316 0.999999821 1.200175524
0.999999881 -0.000251609 -0.000109266 0.032918662 0.000251572 0.999999881 -0.000342205 -0.047328956 0.000109353 0.000342177 1.000000000 1.390060067
0.999999881 0.000466367 0.000270712 0.029631620 -0.000466310 0.999999881 -0.000210160 -0.054765519 -0.000270810 0.000210033 0.999999940 1.578928471
0.999999702 0.000542526 0.000589581 0.027916195 -0.000542358 0.999999821 -0.000284742 -0.056317218 -0.000589735 0.000284422 0.999999762 1.775375009
0.999999702 0.000476700 0.000446411 0.036946684 -0.000476870 0.999999821 0.000381081 -0.068625331 -0.000446230 -0.000381294 0.999999821 1.978085756
0.999999821 0.000406916 0.000429135 0.041887540 -0.000406951 1.000000000 0.000083156 -0.071811855 -0.000429101 -0.000083330 0.999999881 2.198764324
0.999999881 0.000393495 0.000534364 0.043134663 -0.000393784 0.999999762 0.000540797 -0.082634293 -0.000534151 -0.000541007 0.999999702 2.402664423
0.999999523 0.000725947 0.000665247 0.045380868 -0.000726301 0.999999583 0.000531805 -0.091140859 -0.000664861 -0.000532288 0.999999642 2.632584095
0.999999821 0.000341092 0.000554069 0.059304573 -0.000341393 0.999999821 0.000543411 -0.098910809 -0.000553884 -0.000543600 0.999999642 2.872847080
0.999999702 0.000480913 0.000593272 0.058976036 -0.000481438 0.999999464 0.000886211 -0.108662292 -0.000592846 -0.000886497 0.999999404 3.098124266
0.999999642 0.000607876 0.000621732 0.064486578 -0.000608365 0.999999464 0.000786014 -0.112539083 -0.000621254 -0.000786392 0.999999464 3.348809004
0.999999404 0.000806173 0.000772547 0.069286764 -0.000806845 0.999999285 0.000870048 -0.121562459 -0.000771846 -0.000870671 0.999999344 3.590142965
0.999999464 0.000719183 0.000732391 0.074921645 -0.000720003 0.999999046 0.001119419 -0.131566972 -0.000731585 -0.001119946 0.999999106 3.830415487
0.999999344 0.000563179 0.000935484 0.076939739 -0.000564156 0.999999225 0.001043600 -0.140698448 -0.000934896 -0.001044127 0.999999046 4.099655151
0.999999344 0.000664073 0.000954438 0.080838673 -0.000665351 0.999998868 0.001339318 -0.149015471 -0.000953547 -0.001339952 0.999998629 4.347395420
0.999999464 0.000653603 0.000838139 0.092195004 -0.000654580 0.999999106 0.001165581 -0.156304002 -0.000837377 -0.001166129 0.999998987 4.612356186
0.999998927 0.000797246 0.001218601 0.095731832 -0.000799278 0.999998212 0.001667337 -0.168705717 -0.001217269 -0.001668309 0.999997795 4.873055458
0.999998808 0.000893933 0.001272863 0.091681547 -0.000896184 0.999998033 0.001769690 -0.179302290 -0.001271279 -0.001770828 0.999997616 5.124019146
0.999999166 0.000762932 0.001043984 0.103983767 -0.000764477 0.999998569 0.001480538 -0.179791480 -0.001042853 -0.001481335 0.999998271 5.393642426
0.999999523 0.000373476 0.000951965 0.116633095 -0.000374879 0.999998808 0.001474435 -0.187795967 -0.000951413 -0.001474791 0.999998391 5.641074181
0.999999344 0.000155695 0.001145391 0.109309956 -0.000157456 0.999998808 0.001537538 -0.199453324 -0.001145151 -0.001537717 0.999998152 5.946452141
0.999999464 0.000079141 0.001062696 0.116309866 -0.000080779 0.999998808 0.001541899 -0.212347418 -0.001062572 -0.001541984 0.999998152 6.205304146
0.999999225 0.000312895 0.001255161 0.120167777 -0.000314888 0.999998748 0.001588567 -0.216547117 -0.001254662 -0.001588961 0.999997973 6.501467705
0.999998987 0.000677241 0.001232390 0.126657546 -0.000679386 0.999998271 0.001740759 -0.227969557 -0.001231209 -0.001741594 0.999997675 6.773674488
0.999999404 -0.000062949 0.001039237 0.140168875 0.000061162 0.999998510 0.001718890 -0.237984776 -0.001039344 -0.001718826 0.999997973 7.062163353
0.999999046 0.000592415 0.001210532 0.143427894 -0.000594660 0.999998033 0.001855108 -0.245887846 -0.001209431 -0.001855826 0.999997556 7.362761974
0.999999166 0.000350372 0.001279227 0.152348563 -0.000352707 0.999998212 0.001825455 -0.257120460 -0.001278586 -0.001825905 0.999997556 7.665721893
0.999999464 0.000103775 0.001119087 0.163318902 -0.000105943 0.999998093 0.001937383 -0.265538752 -0.001118884 -0.001937501 0.999997497 7.987172604
0.999998808 0.000826324 0.001281773 0.167933002 -0.000828671 0.999997914 0.001831762 -0.274080366 -0.001280257 -0.001832822 0.999997497 8.300172806
0.999998868 0.000833304 0.001259192 0.173086673 -0.000835768 0.999997735 0.001957331 -0.284895778 -0.001257558 -0.001958382 0.999997318 8.645685196
0.999999106 0.000529362 0.001206260 0.176165491 -0.000531687 0.999997973 0.001927677 -0.292273611 -0.001205237 -0.001928317 0.999997437 8.976329803
0.999999404 -0.000026951 0.001140798 0.183019578 0.000024828 0.999998212 0.001860970 -0.298985898 -0.001140846 -0.001860940 0.999997675 9.323457718
0.999999285 0.000263528 0.001125789 0.194598109 -0.000265889 0.999997675 0.002097549 -0.312038004 -0.001125233 -0.002097847 0.999997139 9.653220177
0.999999166 0.000531180 0.001176142 0.204797894 -0.000533486 0.999997914 0.001961082 -0.323246598 -0.001175098 -0.001961708 0.999997377 9.988084793
0.999999583 0.000132760 0.000930119 0.213762730 -0.000134704 0.999997795 0.002090478 -0.335350186 -0.000929840 -0.002090603 0.999997377 10.360430717
0.999999702 0.000270951 0.000743944 0.217172161 -0.000272745 0.999997079 0.002412693 -0.346520901 -0.000743288 -0.002412895 0.999996841 10.716702461
0.999999702 0.000215887 0.000911933 0.229965910 -0.000218026 0.999997139 0.002345037 -0.356157035 -0.000911424 -0.002345235 0.999996841 11.103990555
0.999999404 0.000205990 0.001078430 0.237758130 -0.000208731 0.999996662 0.002541761 -0.371628314 -0.001077903 -0.002541985 0.999996185 11.480285645
0.999999285 0.000198097 0.001150404 0.245062247 -0.000201119 0.999996424 0.002627380 -0.380462706 -0.001149879 -0.002627610 0.999995828 11.861405373
0.999999166 0.000479580 0.001197163 0.263137847 -0.000482715 0.999996424 0.002619368 -0.393463522 -0.001195903 -0.002619945 0.999995828 12.236599922
0.999999285 0.000102355 0.001171229 0.262142241 -0.000105695 0.999995887 0.002851885 -0.405337483 -0.001170932 -0.002852008 0.999995232 12.627145767
0.999999285 0.000085747 0.001197340 0.263331532 -0.000089424 0.999995232 0.003071439 -0.415143192 -0.001197071 -0.003071543 0.999994576 12.992621422
0.999999106 -0.000081051 0.001278291 0.272804558 0.000076713 0.999994159 0.003393374 -0.441151023 -0.001278558 -0.003393273 0.999993443 13.408133507
0.999998331 0.000602994 0.001716559 0.278228968 -0.000609164 0.999993265 0.003595929 -0.455584913 -0.001714379 -0.003596969 0.999992013 13.823981285
0.999997854 0.000906363 0.001814764 0.290758014 -0.000912838 0.999993145 0.003570484 -0.465207130 -0.001811516 -0.003572133 0.999991953 14.242428780
0.999998569 0.000450186 0.001714181 0.301175982 -0.000456003 0.999994159 0.003394516 -0.487687945 -0.001712643 -0.003395292 0.999992788 14.669712067
0.999998093 0.000561973 0.001872362 0.315888882 -0.000568861 0.999993086 0.003680204 -0.504304290 -0.001870280 -0.003681262 0.999991477 15.070137024
0.999997735 0.000022032 0.002171973 0.324457526 -0.000030095 0.999993145 0.003712290 -0.511304140 -0.002171877 -0.003712346 0.999990761 15.507124901
0.999997497 -0.000053735 0.002229836 0.346972048 0.000045593 0.999993324 0.003651309 -0.536899984 -0.002230018 -0.003651199 0.999990761 15.942611694
0.999996066 -0.000284903 0.002781914 0.359132737 0.000274403 0.999992788 0.003773985 -0.546659052 -0.002782970 -0.003773207 0.999988973 16.390815735
0.999997318 -0.000589553 0.002257676 0.372551084 0.000580949 0.999992609 0.003809545 -0.561706543 -0.002259905 -0.003808223 0.999990106 16.829839706
0.999994755 0.000394433 0.003216452 0.382629573 -0.000408340 0.999990523 0.004324233 -0.583035290 -0.003214716 -0.004325523 0.999985397 17.276929855
0.999995172 0.000161045 0.003103033 0.396550715 -0.000174616 0.999990404 0.004373857 -0.592955410 -0.003102299 -0.004374377 0.999985576 17.745931625
0.999993742 -0.000753849 0.003457045 0.410095096 0.000736897 0.999987721 0.004902401 -0.625507653 -0.003460698 -0.004899823 0.999981999 18.193817139
0.999992251 -0.000210033 0.003946705 0.422790438 0.000191190 0.999988675 0.004774122 -0.632306516 -0.003947663 -0.004773330 0.999980807 18.667383194
0.999992907 -0.000618939 0.003710420 0.436402738 0.000601409 0.999988675 0.004723744 -0.647561669 -0.003713302 -0.004721480 0.999981999 19.131820679
0.999993920 -0.000743002 0.003402571 0.454931259 0.000725731 0.999986827 0.005074388 -0.666017890 -0.003406296 -0.005071887 0.999981344 19.579481125
0.999992073 -0.000522600 0.003939219 0.456541538 0.000502438 0.999986768 0.005117474 -0.668212473 -0.003941841 -0.005115455 0.999979079 20.071269989
0.999993443 -0.000580295 0.003571549 0.470617592 0.000561707 0.999986351 0.005203162 -0.685897827 -0.003574519 -0.005201120 0.999980092 20.555986404
0.999991655 -0.000314854 0.004078239 0.469211847 0.000293238 0.999985933 0.005299947 -0.701673806 -0.004079849 -0.005298707 0.999977648 21.052467346
0.999994099 -0.000181022 0.003437175 0.477113515 0.000162947 0.999986231 0.005258406 -0.704437315 -0.003438080 -0.005257816 0.999980271 21.573709488
0.999995470 -0.000071498 0.003016871 0.498701602 0.000055132 0.999985337 0.005424547 -0.727002978 -0.003017216 -0.005424357 0.999980748 22.061676025
0.999995828 -0.000231993 0.002874690 0.514708221 0.000214729 0.999981880 0.006004215 -0.747111797 -0.002876032 -0.006003574 0.999977827 22.563587189
0.999995887 0.000647851 0.002783458 0.507661223 -0.000664166 0.999982655 0.005864577 -0.747107208 -0.002779610 -0.005866401 0.999978900 23.097566605
0.999998450 -0.000465396 0.001688205 0.528742373 0.000455243 0.999981761 0.006009268 -0.780070603 -0.001690971 -0.006008489 0.999980509 23.575445175
0.999998033 -0.001733774 0.000963828 0.544779778 0.001728337 0.999982715 0.005613466 -0.789907217 -0.000973544 -0.005611788 0.999983728 24.099927902
0.999999702 -0.000504023 0.000458017 0.553858340 0.000501318 0.999982536 0.005885288 -0.803716898 -0.000460975 -0.005885057 0.999982536 24.628236771
0.999999881 -0.000354145 -0.000346936 0.569256246 0.000356157 0.999982953 0.005816121 -0.814466238 0.000344870 -0.005816243 0.999983013 25.167585373
0.999999106 -0.000554120 -0.001195111 0.572149813 0.000560913 0.999983668 0.005691859 -0.823740840 0.001191938 -0.005692525 0.999983072 25.700447083
0.999999404 -0.000031227 -0.001082599 0.579224646 0.000037643 0.999982357 0.005926909 -0.841336250 0.001082395 -0.005926947 0.999981761 26.239410400
0.999998689 -0.000570853 -0.001518158 0.590319872 0.000580849 0.999978125 0.006592351 -0.852468491 0.001514361 -0.006593224 0.999977112 26.788532257
0.999998152 -0.000621875 -0.001812337 0.597094357 0.000633482 0.999979198 0.006410809 -0.865056276 0.001808313 -0.006411945 0.999977827 27.329553604
0.999997318 -0.000117358 -0.002304289 0.612460256 0.000132430 0.999978602 0.006542109 -0.883284569 0.002303472 -0.006542397 0.999975920 27.868667603
0.999997139 0.000042168 -0.002400771 0.615001321 -0.000025916 0.999977112 0.006769027 -0.897331715 0.002401002 -0.006768946 0.999974191 28.407348633
0.999994516 -0.000393507 -0.003293087 0.633772671 0.000416153 0.999976277 0.006878949 -0.912501395 0.003290302 -0.006880282 0.999970913 28.945745468
0.999992371 -0.000767000 -0.003850635 0.646154344 0.000794006 0.999975026 0.007016615 -0.924501121 0.003845157 -0.007019618 0.999967933 29.488769531
0.999991775 -0.000229736 -0.004077876 0.652612269 0.000257330 0.999977052 0.006767474 -0.933734000 0.004076228 -0.006768467 0.999968767 30.017173767
0.999991298 -0.000497101 -0.004146714 0.662387550 0.000524615 0.999977827 0.006636650 -0.945859134 0.004143323 -0.006638767 0.999969304 30.558357239
0.999990940 -0.000288699 -0.004242645 0.673267126 0.000317896 0.999976218 0.006882830 -0.961496115 0.004240558 -0.006884116 0.999967277 31.098524094
0.999990463 -0.000151295 -0.004345402 0.680597305 0.000182280 0.999974549 0.007131039 -0.978601396 0.004344213 -0.007131762 0.999965131 31.615163803
0.999989390 -0.000190465 -0.004598440 0.694411099 0.000222165 0.999976218 0.006894174 -0.990020931 0.004597018 -0.006895124 0.999965668 32.142948151
0.999988019 0.000003385 -0.004899424 0.696656466 0.000031259 0.999975085 0.007070812 -0.996599197 0.004899326 -0.007070880 0.999962986 32.680538177
0.999990225 0.000054083 -0.004417024 0.686977327 -0.000022051 0.999973655 0.007251810 -1.023645401 0.004417300 -0.007251642 0.999963939 33.181083679
0.999987304 -0.000113709 -0.005038433 0.705026865 0.000151769 0.999971449 0.007554070 -1.045304060 0.005037431 -0.007554739 0.999958754 33.733253479
0.999987841 0.000470227 -0.004906715 0.706075370 -0.000431615 0.999968886 0.007867355 -1.064637423 0.004910263 -0.007865142 0.999956965 34.277584076
0.999984264 -0.000475715 -0.005581281 0.720716894 0.000519802 0.999968648 0.007900222 -1.082573533 0.005577347 -0.007903000 0.999953151 34.802509308
0.999987602 0.000298512 -0.004966538 0.713838339 -0.000259916 0.999969721 0.007770013 -1.086973190 0.004968707 -0.007768626 0.999957502 35.306732178
0.999981284 -0.000712823 -0.006083650 0.730950475 0.000762779 0.999965966 0.008213221 -1.109459996 0.006077588 -0.008217708 0.999947667 35.901191711
0.999990940 0.000871406 -0.004178585 0.714119792 -0.000837346 0.999966502 0.008146038 -1.119091511 0.004185543 -0.008142466 0.999958158 36.374015808
0.999987125 -0.000224616 -0.005066881 0.711593270 0.000265758 0.999966979 0.008120589 -1.123083830 0.005064890 -0.008121831 0.999954224 36.914138794
0.999989450 0.000091205 -0.004596101 0.701770008 -0.000053344 0.999966025 0.008237036 -1.153835773 0.004596697 -0.008236704 0.999955475 37.501747131
0.999988496 0.000438118 -0.004757667 0.733992815 -0.000396281 0.999961197 0.008791046 -1.161202431 0.004761334 -0.008789061 0.999950051 38.022384644
0.999979198 -0.001556657 -0.006258703 0.770677447 0.001615522 0.999954402 0.009411329 -1.192657709 0.006243768 -0.009421246 0.999936104 38.508327484
0.999983609 -0.000802358 -0.005674674 0.773828745 0.000859340 0.999949098 0.010046214 -1.199358463 0.005666325 -0.010050926 0.999933481 38.979557037
0.999973774 -0.002741295 -0.006695448 0.814526141 0.002816370 0.999933064 0.011229371 -1.257811666 0.006664216 -0.011247937 0.999914467 39.573925018
0.999974847 -0.001399077 -0.006944154 0.806288481 0.001463133 0.999956369 0.009228024 -1.243409395 0.006930940 -0.009237953 0.999933243 40.114528656
0.999976933 -0.001224769 -0.006701408 0.807828665 0.001286012 0.999957383 0.009142162 -1.263190746 0.006689926 -0.009150568 0.999935746 40.632045746
0.999974847 -0.001594735 -0.006911555 0.812493324 0.001658421 0.999956071 0.009218430 -1.274414539 0.006896552 -0.009229661 0.999933600 41.176582336
0.999974430 -0.001434428 -0.007011139 0.822934270 0.001502158 0.999952137 0.009664699 -1.296121120 0.006996940 -0.009674983 0.999928653 41.676071167
0.999978542 -0.000714857 -0.006512704 0.822641134 0.000776007 0.999955595 0.009391623 -1.299009800 0.006505700 -0.009396474 0.999934614 42.220840454
0.999975860 -0.001386338 -0.006800066 0.834712744 0.001456704 0.999945343 0.010353913 -1.324567199 0.006785339 -0.010363569 0.999923229 42.760379791
0.999977529 -0.001135572 -0.006593804 0.839518428 0.001201982 0.999948502 0.010076498 -1.331052184 0.006582022 -0.010084198 0.999927461 43.279457092
0.999976099 -0.001332591 -0.006780806 0.847078145 0.001398464 0.999951780 0.009719164 -1.335926533 0.006767528 -0.009728416 0.999929726 43.802299500
0.999976635 -0.001193493 -0.006727404 0.856127501 0.001258960 0.999951839 0.009735660 -1.345464706 0.006715461 -0.009743902 0.999929965 44.339054108
0.999977529 -0.001023300 -0.006627291 0.864499986 0.001086333 0.999954164 0.009514587 -1.356975436 0.006617250 -0.009521574 0.999932706 44.875057220
0.999975026 -0.001035933 -0.006988484 0.874958038 0.001103589 0.999952495 0.009684319 -1.364867926 0.006978119 -0.009691790 0.999928713 45.409000397
0.999973476 -0.001384333 -0.007139081 0.886265397 0.001452167 0.999953687 0.009505308 -1.377831697 0.007125591 -0.009515423 0.999929368 45.941791534
0.999974668 -0.001286414 -0.006989927 0.891706824 0.001355638 0.999949932 0.009907705 -1.393884182 0.006976833 -0.009916931 0.999926507 46.504318237
0.999972999 -0.001370382 -0.007221792 0.892981231 0.001440008 0.999952435 0.009644763 -1.394545317 0.007208233 -0.009654901 0.999927402 47.017295837
0.999971449 -0.000951261 -0.007484060 0.915749490 0.001023122 0.999953330 0.009603879 -1.404748678 0.007474574 -0.009611265 0.999925911 47.579025269
0.999975026 -0.000967297 -0.007001966 0.904629529 0.001034125 0.999953866 0.009546923 -1.417867303 0.006992409 -0.009553925 0.999929845 48.076976776
0.999971092 -0.001171179 -0.007513328 0.922116280 0.001242833 0.999953687 0.009539341 -1.431910753 0.007501808 -0.009548401 0.999926269 48.602920532
0.999973297 -0.000844696 -0.007247171 0.930703104 0.000914637 0.999952972 0.009652996 -1.443233013 0.007238678 -0.009659366 0.999927163 49.140972137
0.999971092 -0.001048679 -0.007534537 0.939689457 0.001121101 0.999953151 0.009614305 -1.452290177 0.007524104 -0.009622472 0.999925315 49.667579651
0.999972701 -0.000783945 -0.007349508 0.943389297 0.000853663 0.999954581 0.009487676 -1.465006232 0.007341737 -0.009493692 0.999927998 50.193763733
0.999972761 -0.000823524 -0.007330774 0.948763609 0.000893518 0.999953985 0.009549905 -1.473426342 0.007322574 -0.009556194 0.999927521 50.722881317
0.999974251 -0.000570615 -0.007150341 0.953117073 0.000640735 0.999951720 0.009808054 -1.485020876 0.007144399 -0.009812386 0.999926269 51.263057709
0.999974847 -0.000209077 -0.007081226 0.955875158 0.000279547 0.999950409 0.009952055 -1.497667193 0.007078795 -0.009953788 0.999925375 51.791561127
0.999973297 -0.000614333 -0.007283205 0.968963206 0.000684245 0.999953628 0.009600502 -1.506987095 0.007276970 -0.009605230 0.999927342 52.303958893
0.999979794 -0.000267833 -0.006348182 0.951155543 0.000331483 0.999949694 0.010027532 -1.518810391 0.006345177 -0.010029433 0.999929547 52.861976624
0.999974668 -0.001007132 -0.007042573 0.968474150 0.001077338 0.999949634 0.009972185 -1.547706366 0.007032176 -0.009979519 0.999925494 53.343383789
0.999976695 -0.000496092 -0.006805502 0.931893587 0.000565034 0.999948442 0.010132166 -1.566858053 0.006800126 -0.010135775 0.999925494 53.837162018
0.999977291 -0.000099341 -0.006739531 0.980251670 0.000165809 0.999951363 0.009862641 -1.580532193 0.006738224 -0.009863535 0.999928653 54.368091583
0.999977112 -0.000216967 -0.006752401 0.987229466 0.000282814 0.999952435 0.009752136 -1.588765502 0.006749963 -0.009753823 0.999929667 54.907875061
0.999975860 -0.000337018 -0.006939250 0.998059034 0.000404482 0.999952614 0.009722861 -1.596009254 0.006935644 -0.009725433 0.999928713 55.458477020
0.999980748 -0.000061564 -0.006201529 0.982385159 0.000120156 0.999955475 0.009448125 -1.611329436 0.006200671 -0.009448689 0.999936163 55.932308197
0.999978006 0.000022618 -0.006632489 1.019087315 0.000043241 0.999950826 0.009929474 -1.618597865 0.006632387 -0.009929543 0.999928713 56.457080841
0.999971151 -0.000299993 -0.007601643 1.025788784 0.000368369 0.999959528 0.008995067 -1.616881371 0.007598636 -0.008997608 0.999930620 57.071926117
0.999977767 -0.000479427 -0.006649939 1.034421802 0.000545028 0.999951124 0.009866659 -1.648070455 0.006644884 -0.009870064 0.999929190 57.518581390
0.999974728 -0.000881076 -0.007049879 1.049009323 0.000951552 0.999949574 0.009999510 -1.655562758 0.007040713 -0.010005967 0.999925077 58.042392731
0.999974489 -0.000752627 -0.007106005 1.057143688 0.000822557 0.999951243 0.009843099 -1.663589597 0.007098250 -0.009848692 0.999926329 58.581130981
0.999978125 -0.000488944 -0.006604207 1.061141372 0.000558253 0.999944806 0.010496895 -1.680207014 0.006598709 -0.010500351 0.999923110 59.126037598
0.999978065 0.000332957 -0.006603692 1.075144053 -0.000265039 0.999947071 0.010283147 -1.683542490 0.006606766 -0.010281174 0.999925315 59.615249634
0.999982476 0.000286083 -0.005922162 1.094696283 -0.000223414 0.999943972 0.010580121 -1.699646950 0.005924857 -0.010578611 0.999926507 60.212783813
0.999978840 0.001529387 -0.006319012 1.118911386 -0.001459953 0.999938726 0.010978200 -1.723697424 0.006335416 -0.010968743 0.999919832 60.671581268
0.999975801 0.000868183 -0.006894062 1.135499358 -0.000793237 0.999940634 0.010866332 -1.734640718 0.006903087 -0.010860601 0.999917209 61.202796936
0.999973536 0.000665820 -0.007231258 1.188991427 -0.000587596 0.999941349 0.010814155 -1.755389929 0.007238035 -0.010809620 0.999915361 61.755317688
0.999969959 0.000423012 -0.007741596 1.192882776 -0.000336811 0.999937952 0.011132745 -1.777342796 0.007745827 -0.011129803 0.999908030 62.125427246
0.999970496 0.002134310 -0.007378191 1.244572639 -0.002054182 0.999939024 0.010850725 -1.768821120 0.007400901 -0.010835252 0.999913931 62.687076569
0.999967754 0.001601962 -0.007864608 1.267609358 -0.001513543 0.999935687 0.011235822 -1.769472003 0.007882103 -0.011223556 0.999905944 63.213783264
0.999965250 0.001826136 -0.008126185 1.277192116 -0.001729375 0.999927700 0.011898403 -1.794588804 0.008147326 -0.011883937 0.999896228 63.648223877
0.999971807 0.002254327 -0.007149227 1.275992274 -0.002177864 0.999940515 0.010685178 -1.746696949 0.007172890 -0.010669309 0.999917328 64.330581665
0.999978065 0.002014486 -0.006309006 1.225034475 -0.001941328 0.999931157 0.011580477 -1.840078115 0.006331900 -0.011567975 0.999913037 64.756301880
0.999975860 0.001403207 -0.006808389 1.237583876 -0.001327464 0.999937296 0.011116785 -1.847387314 0.006823563 -0.011107478 0.999915004 65.291320801
0.999977231 0.001354287 -0.006610647 1.229633331 -0.001289260 0.999950826 0.009830971 -1.848846674 0.006623636 -0.009822225 0.999929845 65.828849792
0.999977291 0.001313730 -0.006613069 1.262362957 -0.001234145 0.999926925 0.012024195 -1.879010797 0.006628379 -0.012015763 0.999905765 66.297172546
0.999977827 0.002235439 -0.006287367 1.266678214 -0.002161332 0.999928415 0.011768818 -1.891373038 0.006313226 -0.011754969 0.999910891 66.809722900
0.999978483 0.002699025 -0.005981911 1.278235197 -0.002627691 0.999925733 0.011900916 -1.911030054 0.006013587 -0.011884940 0.999911249 67.348320007
0.999978542 0.002511229 -0.006047741 1.284773827 -0.002441068 0.999929905 0.011580754 -1.917150378 0.006076398 -0.011565741 0.999914587 67.886390686
0.999976873 0.002753637 -0.006208997 1.291788936 -0.002675712 0.999917984 0.012523764 -1.943261623 0.006242975 -0.012506863 0.999902308 68.225318909
0.999977708 0.002663097 -0.006123056 1.306788921 -0.002585946 0.999917626 0.012573658 -1.952551842 0.006156037 -0.012557545 0.999902189 68.736061096
0.999976337 0.002179706 -0.006536942 1.311589003 -0.002098478 0.999920905 0.012407118 -1.956164598 0.006563468 -0.012393110 0.999901652 69.282447815
0.999976754 0.002268005 -0.006433187 1.334419489 -0.002185659 0.999915957 0.012778562 -1.977942705 0.006461628 -0.012764206 0.999897599 69.745422363
0.999975622 0.002179649 -0.006637600 1.352382183 -0.002091710 0.999910295 0.013227073 -1.998284101 0.006665837 -0.013212864 0.999890506 70.233879089
0.999976516 0.002398574 -0.006429476 1.357363105 -0.002314454 0.999912024 0.013059191 -2.010443687 0.006460235 -0.013044004 0.999894083 70.774597168
0.999973238 0.002886782 -0.006711248 1.396974802 -0.002796977 0.999906957 0.013352267 -2.046437502 0.006749170 -0.013333142 0.999888361 71.219490051
0.999975562 0.002602140 -0.006475656 1.406677127 -0.002514634 0.999905884 0.013484803 -2.059621572 0.006510138 -0.013468190 0.999888122 71.746551514
0.999974728 0.002313281 -0.006720188 1.427055597 -0.002222224 0.999906003 0.013525834 -2.072495222 0.006750847 -0.013510559 0.999885917 72.288856506
0.999974549 0.001855859 -0.006889226 1.443796396 -0.001761407 0.999904871 0.013690799 -2.088509083 0.006913979 -0.013678319 0.999882460 72.832664490
0.999975622 0.002614404 -0.006461141 1.434689999 -0.002525907 0.999903381 0.013667279 -2.101617813 0.006496247 -0.013650626 0.999885678 73.357147217
0.999975801 0.002249484 -0.006578788 1.448642612 -0.002158802 0.999903023 0.013758843 -2.109909534 0.006609100 -0.013744309 0.999883711 73.889045715
0.999974549 0.001769202 -0.006916704 1.471748114 -0.001670852 0.999897778 0.014199301 -2.123107910 0.006941119 -0.014187380 0.999875307 74.428306580
0.999976397 0.002880848 -0.006235436 1.435469627 -0.002793489 0.999898434 0.013973868 -2.138694763 0.006275057 -0.013956120 0.999882936 74.862586975
0.999975443 0.002654189 -0.006478637 1.459202647 -0.002562635 0.999897301 0.014099271 -2.142925262 0.006515393 -0.014082324 0.999879539 75.434196472
0.999975026 0.003063488 -0.006371673 1.478516579 -0.002972496 0.999894142 0.014241333 -2.157436848 0.006414627 -0.014222039 0.999878228 75.886215210
0.999974251 0.003749403 -0.006118943 1.487640023 -0.003664298 0.999897242 0.013860984 -2.169851065 0.006170287 -0.013838203 0.999885201 76.424636841
0.999975920 0.002954014 -0.006282281 1.503336787 -0.002865715 0.999897599 0.014018099 -2.178977013 0.006323049 -0.013999759 0.999881983 76.945724487
0.999974310 0.003779204 -0.006086063 1.514009356 -0.003693884 0.999895573 0.013969682 -2.193300247 0.006138220 -0.013946845 0.999883831 77.474060059
0.999976158 0.004017669 -0.005636046 1.524624467 -0.003939404 0.999896586 0.013829513 -2.200349808 0.005691026 -0.013806980 0.999888480 78.024299622
0.999982774 0.003518158 -0.004700075 1.545645118 -0.003453220 0.999899447 0.013753690 -2.211223364 0.004747990 -0.013737220 0.999894381 78.539237976
0.999987006 0.003630715 -0.003570565 1.564399838 -0.003581219 0.999898672 0.013772254 -2.227131128 0.003620207 -0.013759287 0.999898732 79.056732178
0.999988914 0.004068690 -0.002378837 1.579633832 -0.004035633 0.999897480 0.013739677 -2.237837791 0.002434494 -0.013729924 0.999902785 79.567230225
0.999991894 0.003867053 -0.001136047 1.585617781 -0.003850854 0.999895573 0.013930089 -2.242903709 0.001189797 -0.013925604 0.999902248 80.111763000
0.999987245 0.004456223 0.002390381 1.597918510 -0.004489342 0.999891460 0.014033759 -2.256278038 -0.002327584 -0.014044310 0.999898612 80.659019470
0.999978364 0.003688418 0.005449379 1.624541402 -0.003763561 0.999897063 0.013843816 -2.265348196 -0.005397757 -0.013864024 0.999889255 81.168624878
0.999961078 0.003345920 0.008159620 1.654375553 -0.003457885 0.999899507 0.013746536 -2.279061794 -0.008112806 -0.013774214 0.999872208 81.744812012
0.999917269 0.004045945 0.012205891 1.684125423 -0.004206877 0.999904215 0.013187998 -2.269206524 -0.012151362 -0.013238258 0.999838471 82.237442017
0.999828398 0.004185614 0.018045910 1.714401960 -0.004447432 0.999885082 0.014492755 -2.310723543 -0.017983174 -0.014570525 0.999732077 82.683410645
0.999728441 0.003165504 0.023087827 1.755006194 -0.003488058 0.999896705 0.013943811 -2.325730085 -0.023041302 -0.014020556 0.999636114 83.118270874
0.999525070 0.004194020 0.030527394 1.771676540 -0.004630468 0.999887884 0.014240329 -2.305028439 -0.030464245 -0.014374923 0.999432504 83.888839722
0.999220014 0.005146519 0.039150555 1.833608389 -0.005694300 0.999887228 0.013893043 -2.311590672 -0.039074637 -0.014105142 0.999136686 84.281135559
0.998919189 0.003902070 0.046315130 1.879476309 -0.004559718 0.999890149 0.014102275 -2.327982426 -0.046255011 -0.014298222 0.998827338 84.950958252
0.998578787 0.003438597 0.053184681 1.934178829 -0.004189665 0.999892950 0.014016849 -2.339325905 -0.053130791 -0.014219756 0.998486340 85.476264954
0.998075962 0.003599571 0.061897881 1.998233080 -0.004451603 0.999897182 0.013632738 -2.343765736 -0.061842438 -0.013882049 0.997989476 86.011695862
0.997395217 0.003377642 0.072050869 2.065337181 -0.004359036 0.999899745 0.013467967 -2.346171141 -0.071998149 -0.013746959 0.997310042 86.538459778
0.996700346 0.003020862 0.081112534 2.114717484 -0.004098225 0.999905527 0.013119129 -2.337633133 -0.081065230 -0.013408258 0.996618629 87.113525391
0.996029913 0.002846204 0.088973649 2.190907001 -0.004028333 0.999905944 0.013109538 -2.357479572 -0.088927954 -0.013415908 0.995947719 87.632209778
0.995049000 0.002614619 0.099351265 2.276699066 -0.003957618 0.999903381 0.013322989 -2.375845909 -0.099306844 -0.013650222 0.994963229 88.163459778
0.993930876 0.002279904 0.109982356 2.361517906 -0.003783052 0.999902189 0.013460444 -2.385425568 -0.109940909 -0.013794820 0.993842363 88.719429016
0.992854178 0.001972225 0.119317681 2.447229385 -0.003567515 0.999907076 0.013157981 -2.400554180 -0.119280659 -0.013489624 0.992768943 89.246086121
0.991473854 0.002564818 0.130280077 2.542727470 -0.004333797 0.999902189 0.013296583 -2.411135197 -0.130233213 -0.013747822 0.991388083 89.796012878
0.989825308 0.002422173 0.142267287 2.645360947 -0.004335855 0.999904215 0.013142843 -2.425554752 -0.142221853 -0.013625967 0.989740968 90.331703186
0.988199174 0.001752717 0.153164178 2.752740860 -0.003780128 0.999909043 0.012946635 -2.436691284 -0.153127536 -0.013372835 0.988115907 90.885559082
0.986670852 0.001426398 0.162721902 2.861898422 -0.003565880 0.999911010 0.012856774 -2.441811562 -0.162689105 -0.013265653 0.986588180 91.429054260
0.984590411 0.001278582 0.174872354 2.984892845 -0.003549274 0.999913394 0.012672726 -2.454540730 -0.174841017 -0.013098110 0.984509528 91.967803955
0.982356489 0.000516514 0.187017038 3.112336159 -0.002886769 0.999918878 0.012401886 -2.461265564 -0.186995491 -0.012722949 0.982278407 92.496513367
0.980187178 0.000625972 0.198072046 3.241597176 -0.003167409 0.999916673 0.012514299 -2.472406149 -0.198047727 -0.012893733 0.980107486 93.024436951
0.977536857 -0.000154098 0.210764453 3.385782242 -0.002454370 0.999923587 0.012114582 -2.480133057 -0.210750252 -0.012359744 0.977461815 93.569358826
0.974487126 -0.000145971 0.224443361 3.531776428 -0.002644926 0.999922812 0.012134043 -2.491101742 -0.224427819 -0.012418105 0.974411607 94.102531433
0.971661389 0.000346738 0.236376792 3.682989120 -0.003356438 0.999918282 0.012330359 -2.505843163 -0.236353233 -0.012774318 0.971583188 94.631919861
0.968804240 -0.001094673 0.247824803 3.869506836 -0.002106215 0.999917746 0.012650437 -2.524692059 -0.247818291 -0.012777769 0.968722284 95.179580688
0.965214789 -0.001609825 0.261453331 4.046888351 -0.001794761 0.999916673 0.012782478 -2.538558006 -0.261452079 -0.012807082 0.965131462 95.698547363
0.961694241 -0.001492202 0.274120331 4.225122452 -0.002116432 0.999914944 0.012868199 -2.556536198 -0.274116278 -0.012955430 0.961609304 96.225563049
0.958470285 -0.001877911 0.285186023 4.413806915 -0.001901555 0.999913931 0.012975163 -2.573357105 -0.285185784 -0.012978605 0.958384395 96.740837097
0.954306185 -0.002123651 0.298823059 4.609439850 -0.001814383 0.999915123 0.012900441 -2.578746319 -0.298825055 -0.012853150 0.954221487 97.268623352
0.949907303 -0.002547726 0.312521279 4.812419891 -0.001634722 0.999912620 0.013120186 -2.595285416 -0.312527299 -0.012973846 0.949820161 97.766265869
0.946076810 -0.003370121 0.323924601 5.019943237 -0.000954893 0.999912500 0.013192048 -2.604981899 -0.323940754 -0.012790005 0.945990920 98.304489136
0.941560149 -0.003002150 0.336831272 5.227209091 -0.001584481 0.999909759 0.013341284 -2.618959427 -0.336840957 -0.013095326 0.941470504 98.824913025
0.936494768 -0.003685813 0.350662202 5.454814911 -0.001068144 0.999910116 0.013362698 -2.627028704 -0.350679874 -0.012888655 0.936406672 99.343818665
0.931747019 -0.004324957 0.363082379 5.678197861 -0.000688855 0.999906123 0.013678410 -2.640728474 -0.363107502 -0.012994930 0.931656659 99.858985901
0.927004218 -0.004156417 0.375027835 5.899164200 -0.000966928 0.999908805 0.013472022 -2.653923512 -0.375049621 -0.012851248 0.926915646 100.362762451
0.921272993 -0.004669900 0.388888359 6.144504547 -0.000585642 0.999910116 0.013394631 -2.657876968 -0.388915956 -0.012567859 0.921187460 100.875358582
0.915937662 -0.005397637 0.401284307 6.398345947 0.000094369 0.999912381 0.013234330 -2.664854050 -0.401320606 -0.012083951 0.915857911 101.376541138
0.911250830 -0.006118423 0.411806315 6.653812408 0.000779860 0.999913514 0.013130551 -2.678464890 -0.411851078 -0.011644077 0.911176801 101.876579285
0.905825138 -0.007018257 0.423593611 6.920661926 0.001481102 0.999909043 0.013399637 -2.692302227 -0.423649162 -0.011510342 0.905753195 102.365226746
0.899378479 -0.007228267 0.437111020 7.183914185 0.001533897 0.999909341 0.013378881 -2.705510139 -0.437168151 -0.011362197 0.899308026 102.844924927
0.893659055 -0.007899446 0.448677063 7.467796326 0.002181562 0.999909699 0.013259338 -2.712261438 -0.448741257 -0.010870514 0.893595517 103.346298218
0.887986660 -0.008633371 0.459788173 7.742424011 0.002879022 0.999908447 0.013214888 -2.718631744 -0.459860206 -0.010410903 0.887930274 103.832008362
0.881065547 -0.008855923 0.472911239 8.038944244 0.003041841 0.999910116 0.013057558 -2.732301235 -0.472984374 -0.010066045 0.881013334 104.305152893
