1.000000000 0.000000000 0.000000000 0.000000000 0.000000000 1.000000000 0.000000000 0.000000000 0.000000000 0.000000000 1.000000000 0.000000000
1.000000000 -0.000005193 -0.000036160 -0.000092273 0.000005189 1.000000000 -0.000095396 0.001167725 0.000036161 0.000095396 1.000000000 0.000681366
1.000000000 -0.000115756 -0.000057992 -0.000047949 0.000115756 1.000000000 0.000011913 0.000232479 0.000057990 -0.000011920 1.000000000 0.001254223
1.000000000 -0.000096800 -0.000087503 -0.001325324 0.000096800 1.000000000 0.000002939 0.000552085 0.000087503 -0.000002947 1.000000000 -0.000521264
1.000000000 -0.000002995 -0.000000395 -0.000971063 0.000002995 1.000000000 0.000002469 0.000312903 0.000000395 -0.000002469 1.000000000 0.000127143
1.000000000 -0.000150038 -0.000013770 -0.000371923 0.000150038 1.000000000 -0.000039865 0.000371017 0.000013776 0.000039863 1.000000000 -0.000724875
1.000000000 0.000005907 -0.000077467 0.000326454 -0.000005910 1.000000000 -0.000038573 0.000784966 0.000077466 0.000038574 1.000000000 -0.002413447
1.000000000 0.000001650 0.000009551 -0.000364587 -0.000001650 1.000000000 -0.000041528 0.001356231 -0.000009551 0.000041528 1.000000000 0.001880634
1.000000000 0.000052701 0.000017768 -0.001229390 -0.000052700 1.000000000 -0.000045109 0.002021746 -0.000017770 0.000045108 1.000000000 0.001665843
1.000000000 -0.000049990 -0.000060353 -0.000667179 0.000049991 1.000000000 0.000004656 0.001267031 0.000060353 -0.000004659 1.000000000 0.001756506
1.000000000 -0.000027535 -0.000047073 -0.001118583 0.000027532 1.000000000 -0.000052650 0.001723277 0.000047075 0.000052649 1.000000000 0.001889383
1.000000000 -0.000028301 -0.000033007 -0.001712429 0.000028301 1.000000000 0.000014490 0.001516947 0.000033006 -0.000014491 1.000000000 0.001793001
1.000000000 -0.000095827 -0.000062462 -0.000460474 0.000095825 1.000000000 -0.000032703 0.001426380 0.000062465 0.000032697 1.000000000 0.000254990
1.000000000 -0.000088808 -0.000085844 0.000826617 0.000088811 1.000000000 0.000037882 0.000471192 0.000085840 -0.000037890 1.000000000 -0.002410277
1.000000000 -0.000094885 -0.000050431 0.000564561 0.000094886 1.000000000 0.000016805 0.000902522 0.000050430 -0.000016810 1.000000000 -0.001532402
1.000000000 -0.000000416 -0.000048668 0.000165278 0.000000414 1.000000000 -0.000029659 0.001955586 0.000048668 0.000029659 1.000000000 0.001097517
1.000000000 -0.000091641 -0.000078360 0.000265841 0.000091643 1.000000000 0.000030341 0.000899245 0.000078357 -0.000030348 1.000000000 -0.001106455
1.000000000 -0.000095776 -0.000078245 -0.000458011 0.000095773 1.000000000 -0.000027584 0.001030844 0.000078247 0.000027577 1.000000000 -0.001147918
1.000000000 -0.000114610 -0.000069397 -0.000670567 0.000114610 1.000000000 0.000007643 0.001548594 0.000069397 -0.000007650 1.000000000 0.002545808
1.000000000 -0.000130367 -0.000034892 -0.001928075 0.000130367 1.000000000 0.000015844 0.000725728 0.000034890 -0.000015848 1.000000000 0.001136301
1.000000000 -0.000156593 -0.000121724 0.001333832 0.000156600 1.000000000 0.000054720 0.000335898 0.000121715 -0.000054739 1.000000000 -0.000725706
1.000000000 -0.000037502 -0.000044278 0.000199446 0.000037503 1.000000000 0.000020215 0.000738684 0.000044278 -0.000020217 1.000000000 -0.000276980
1.000000000 -0.000164069 -0.000115654 0.000084398 0.000164073 1.000000000 0.000032958 0.000754424 0.000115649 -0.000032977 1.000000000 -0.001228420
0.999999940 -0.000202284 -0.000144339 0.001381938 0.000202289 1.000000000 0.000034600 0.000853482 0.000144332 -0.000034629 1.000000000 -0.001738839
1.000000000 -0.000206725 -0.000095565 0.000745270 0.000206725 1.000000000 -0.000003222 0.002014131 0.000095566 0.000003202 1.000000000 0.000534987
1.000000000 -0.000173485 -0.000097873 0.001107878 0.000173489 1.000000000 0.000036344 0.000888372 0.000097866 -0.000036361 1.000000000 -0.001571692
0.999999940 -0.000274200 -0.000074865 -0.000884540 0.000274201 0.999999940 0.000011693 0.001171032 0.000074861 -0.000011713 1.000000000 -0.000677294
0.999999940 -0.000167890 -0.000180893 0.001662883 0.000167903 1.000000000 0.000075020 0.000570228 0.000180881 -0.000075051 1.000000000 -0.002429779
1.000000000 -0.000173747 -0.000138355 0.001877354 0.000173755 1.000000000 0.000058539 0.000699869 0.000138344 -0.000058563 1.000000000 -0.001528841
0.999999940 -0.000212449 -0.000151635 0.000750131 0.000212452 1.000000000 0.000023288 0.001459758 0.000151630 -0.000023320 1.000000000 -0.000474678
1.000000000 -0.000169461 -0.000123448 0.000630313 0.000169466 1.000000000 0.000048315 0.000830044 0.000123440 -0.000048336 1.000000000 -0.002404756
1.000000000 -0.000180111 -0.000124347 0.001270310 0.000180108 1.000000000 -0.000019854 0.000788932 0.000124350 0.000019832 1.000000000 -0.002739012
1.000000000 -0.000077793 -0.000050918 -0.000458972 0.000077795 1.000000000 0.000022990 0.000954921 0.000050916 -0.000022994 1.000000000 0.000199914
1.000000000 -0.000174829 -0.000100772 0.000730657 0.000174832 1.000000000 0.000028410 0.000001089 0.000100767 -0.000028428 1.000000000 -0.002277499
0.999999940 -0.000217761 -0.000154898 0.001431840 0.000217759 1.000000000 -0.000013618 0.001143023 0.000154901 0.000013584 1.000000000 -0.002578496
0.999999940 -0.000217838 -0.000134808 0.002196985 0.000217857 0.999999940 0.000139740 0.000295049 0.000134778 -0.000139770 1.000000000 -0.002493956
1.000000000 -0.000183284 -0.000117807 0.000315860 0.000183290 1.000000000 0.000044688 0.000500174 0.000117799 -0.000044709 1.000000000 -0.001662540
0.999999940 -0.000228486 -0.000144023 0.000897551 0.000228492 1.000000000 0.000047289 0.000418772 0.000144012 -0.000047322 1.000000000 -0.001998226
0.999999940 -0.000229887 -0.000195154 0.001912674 0.000229882 1.000000000 -0.000027197 0.000242210 0.000195160 0.000027152 1.000000000 0.001416877
0.999999940 -0.000240524 -0.000079164 0.001316754 0.000240481 0.999999821 -0.000546593 -0.001948458 0.000079295 0.000546573 0.999999821 0.051404756
1.000000000 -0.000106254 -0.000096185 0.001368191 0.000106142 0.999999285 -0.001168534 -0.002468081 0.000096310 0.001168524 0.999999285 0.143955886
1.000000000 -0.000181463 -0.000069925 0.002786374 0.000181357 0.999998808 -0.001517126 -0.006668482 0.000070200 0.001517113 0.999998868 0.259856403
1.000000000 -0.000147948 -0.000069795 0.004455356 0.000147850 0.999998987 -0.001401055 -0.010738648 0.000070003 0.001401045 0.999998987 0.394235015
1.000000000 -0.000084754 -0.000164021 0.009067968 0.000084564 0.999999344 -0.001157202 -0.016886735 0.000164119 0.001157188 0.999999344 0.529768050
1.000000000 -0.000003736 -0.000049756 0.011545919 0.000003682 0.999999404 -0.001095489 -0.020123627 0.000049760 0.001095489 0.999999404 0.690353990
1.000000000 0.000170549 -0.000054371 0.018795589 -0.000170603 0.999999464 -0.001000113 -0.024368824 0.000054201 0.001000123 0.999999523 0.845541358
0.999999940 0.000358844 0.000040745 0.015904024 -0.000358809 0.999999583 -0.000841788 -0.024701640 -0.000041047 0.000841774 0.999999642 1.023319840
1.000000000 -0.000044755 -0.000208842 0.027593458 0.000044623 0.999999821 -0.000633879 -0.031078795 0.000208870 0.000633870 0.999999762 1.194316030
1.000000000 -0.000015925 -0.000046260 0.026745623 0.000015912 0.999999940 -0.000297676 -0.035622649 0.000046265 0.000297675 0.999999940 1.387202382
0.999997497 0.002019528 -0.000982460 0.023649884 -0.002019608 0.999997973 -0.000080994 -0.083825164 0.000982295 0.000082977 0.999999523 1.554941058
0.999997735 0.001958178 -0.000836596 0.023266084 -0.001958260 0.999998093 -0.000097303 -0.086731501 0.000836403 0.000098941 0.999999642 1.755203724
0.999998093 0.001709706 -0.000993900 0.033868439 -0.001709450 0.999998510 0.000258615 -0.095896445 0.000994340 -0.000256915 0.999999464 1.956373334
0.999997556 0.002153127 -0.000572365 0.027911894 -0.002152980 0.999997616 0.000258754 -0.101919942 0.000572921 -0.000257521 0.999999762 2.174435854
0.999997020 0.002407233 -0.000405870 0.021311654 -0.002407186 0.999997079 0.000117343 -0.109613732 0.000406151 -0.000116366 0.999999940 2.377294540
0.999997020 0.002356683 -0.000620198 0.028874390 -0.002356643 0.999997139 0.000066033 -0.114571638 0.000620352 -0.000064571 0.999999821 2.601674080
0.999997139 0.002367883 -0.000390058 0.032026969 -0.002367868 0.999997139 0.000040520 -0.123604953 0.000390153 -0.000039596 0.999999940 2.834342718
0.999997079 0.002386677 -0.000355088 0.036865428 -0.002386627 0.999997139 0.000140626 -0.127089828 0.000355423 -0.000139778 0.999999940 3.061610937
0.999997735 0.002122641 -0.000296574 0.038419075 -0.002122619 0.999997675 0.000075286 -0.135706618 0.000296733 -0.000074657 0.999999940 3.310091734
0.999998868 0.001489095 -0.000279227 0.047715396 -0.001488843 0.999998450 0.000901201 -0.154320374 0.000280568 -0.000900784 0.999999583 3.552407265
0.999998689 0.001578743 -0.000434783 0.054400321 -0.001578243 0.999998033 0.001148449 -0.161847666 0.000436595 -0.001147762 0.999999285 3.797767639
0.999998629 0.001708609 -0.000089246 0.053003397 -0.001708511 0.999997973 0.001084001 -0.169073865 0.000091098 -0.001083846 0.999999464 4.069443226
0.999998927 0.001474776 0.000055444 0.061798457 -0.001474856 0.999997795 0.001472652 -0.181898117 -0.000053272 -0.001472732 0.999998868 4.312827110
0.999999464 0.001044945 -0.000223134 0.069975287 -0.001044589 0.999998212 0.001589831 -0.190756902 0.000224795 -0.001589597 0.999998689 4.564549446
0.999999046 0.001399461 0.000095089 0.072954535 -0.001399632 0.999997437 0.001816762 -0.196445450 -0.000092546 -0.001816894 0.999998271 4.830770493
0.999999285 0.001237906 0.000078554 0.080808856 -0.001238062 0.999997318 0.002014522 -0.206765518 -0.000076060 -0.002014617 0.999997973 5.088890076
0.999998868 0.001465398 0.000278054 0.063453019 -0.001465843 0.999997616 0.001607313 -0.215545744 -0.000275698 -0.001607718 0.999998689 5.341433048
0.999998808 0.001515708 0.000130065 0.070812985 -0.001515922 0.999997497 0.001662181 -0.225441799 -0.000127546 -0.001662376 0.999998629 5.607024670
0.999998510 0.001728493 0.000100149 0.075149700 -0.001728655 0.999997079 0.001634610 -0.229773030 -0.000097323 -0.001634781 0.999998629 5.885060310
0.999999166 0.001252063 -0.000055037 0.080042236 -0.001251979 0.999998033 0.001504673 -0.241921499 0.000056920 -0.001504603 0.999998808 6.162902355
0.999998033 0.001892402 0.000532305 0.081273369 -0.001893378 0.999996483 0.001839976 -0.250093639 -0.000528821 -0.001840980 0.999998212 6.447097301
0.999997914 0.002006940 0.000403124 0.086405709 -0.002007895 0.999995172 0.002381457 -0.281035244 -0.000398343 -0.002382262 0.999997079 6.696077347
0.999997973 0.001949665 0.000357123 0.095450386 -0.001950570 0.999994874 0.002552694 -0.290556610 -0.000352144 -0.002553386 0.999996662 6.991075039
0.999998689 0.001592151 0.000101296 0.105499126 -0.001592402 0.999995530 0.002535793 -0.300081342 -0.000097259 -0.002535951 0.999996781 7.279736042
0.999998152 0.001886245 0.000340049 0.112486213 -0.001887103 0.999995053 0.002538467 -0.309707224 -0.000335259 -0.002539104 0.999996722 7.591856956
0.999998152 0.001852894 0.000469808 0.121800430 -0.001854380 0.999993205 0.003183747 -0.328471959 -0.000463906 -0.003184612 0.999994755 7.912669659
0.999997973 0.001872744 0.000643331 0.145715415 -0.001875110 0.999991357 0.003697508 -0.344453961 -0.000636401 -0.003698707 0.999992967 8.183843613
0.999998212 0.001799940 0.000575580 0.158204213 -0.001802022 0.999991775 0.003636149 -0.353934407 -0.000569030 -0.003637179 0.999993265 8.505771637
0.999998093 0.001945698 0.000593234 0.163487300 -0.001947913 0.999991000 0.003756232 -0.360311836 -0.000585920 -0.003757379 0.999992788 8.839043617
0.999998033 0.001809285 0.000793574 0.168450713 -0.001812399 0.999990582 0.003940474 -0.372794032 -0.000786438 -0.003941905 0.999991953 9.174141884
0.999995828 0.002573577 0.001315694 0.169925407 -0.002577859 0.999991357 0.003263336 -0.391227901 -0.001307284 -0.003266714 0.999993801 9.516389847
0.999995053 0.002891467 0.001242980 0.183511019 -0.002895718 0.999989867 0.003432357 -0.403094769 -0.001233043 -0.003435938 0.999993324 9.856026649
0.999996424 0.002414309 0.001194179 0.184995741 -0.002418279 0.999991536 0.003335006 -0.411744237 -0.001186117 -0.003337882 0.999993742 10.229553223
0.999996543 0.002308122 0.001288129 0.198407590 -0.002312609 0.999991179 0.003493098 -0.420525253 -0.001280055 -0.003496064 0.999993026 10.590342522
0.999996483 0.002013650 0.001737834 0.174542412 -0.002020951 0.999989212 0.004209939 -0.446470618 -0.001729338 -0.004213437 0.999989629 10.941117287
0.999996543 0.001935864 0.001802633 0.186356455 -0.001943733 0.999988556 0.004373600 -0.458169013 -0.001794145 -0.004377088 0.999988854 11.315550804
0.999995828 0.002218865 0.001883945 0.193351969 -0.002227138 0.999987900 0.004400355 -0.465581656 -0.001874158 -0.004404533 0.999988496 11.707631111
0.999996126 0.002144446 0.001822883 0.204258859 -0.002153183 0.999986172 0.004804295 -0.480432868 -0.001812555 -0.004808201 0.999986827 12.070813179
0.999997377 0.001681164 0.001558210 0.218600675 -0.001687959 0.999988973 0.004369739 -0.500010371 -0.001550847 -0.004372358 0.999989212 12.423802376
0.999996960 0.001801797 0.001717831 0.224164426 -0.001809328 0.999988735 0.004392616 -0.508823216 -0.001709898 -0.004395711 0.999988854 12.828068733
0.999998152 0.001395676 0.001320156 0.239842191 -0.001401591 0.999988854 0.004490585 -0.526003599 -0.001313874 -0.004492428 0.999988973 13.216363907
0.999995947 0.002018991 0.001993436 0.242800832 -0.002028137 0.999987364 0.004596696 -0.531270087 -0.001984130 -0.004600720 0.999987423 13.636624336
0.999996126 0.001911482 0.002034298 0.259434819 -0.001921346 0.999986291 0.004858512 -0.561163723 -0.002024982 -0.004862401 0.999986112 13.968202591
0.999997258 0.001530381 0.001843848 0.277594775 -0.001539479 0.999986529 0.004943096 -0.576608300 -0.001836258 -0.004945920 0.999986112 14.382825851
0.999995708 0.001698381 0.002393268 0.282997042 -0.001710349 0.999985993 0.005007710 -0.586932302 -0.002384729 -0.005011782 0.999984622 14.817935944
0.999996662 0.001612641 0.001995096 0.304825932 -0.001623029 0.999985099 0.005215780 -0.605497122 -0.001986655 -0.005219001 0.999984384 15.158980370
0.999995232 0.001892889 0.002435408 0.315040469 -0.001905915 0.999983847 0.005357333 -0.613356292 -0.002425229 -0.005361948 0.999982715 15.602979660
0.999994159 0.001938864 0.002863512 0.322121441 -0.001955131 0.999981880 0.005688791 -0.634693980 -0.002852431 -0.005694356 0.999979734 15.993837357
0.999995172 0.001030961 0.002962591 0.333686650 -0.001047916 0.999983013 0.005727478 -0.646046638 -0.002956636 -0.005730554 0.999979258 16.436733246
0.999993920 0.001664546 0.003064806 0.337125748 -0.001681051 0.999984086 0.005390617 -0.654137075 -0.003055784 -0.005395735 0.999980748 16.864652634
0.999993801 0.001177449 0.003321671 0.346429288 -0.001196125 0.999983609 0.005626190 -0.663813174 -0.003314991 -0.005630129 0.999978602 17.331445694
0.999994159 0.000728085 0.003350868 0.365918159 -0.000745906 0.999985576 0.005320174 -0.674508214 -0.003346946 -0.005322642 0.999980211 17.802825928
0.999991059 0.001412114 0.003982912 0.373499781 -0.001434070 0.999983847 0.005515157 -0.688550830 -0.003975059 -0.005520819 0.999976873 18.280139923
0.999990880 0.001476426 0.004007554 0.373463452 -0.001499246 0.999982655 0.005697106 -0.701014817 -0.003999074 -0.005703062 0.999975681 18.657800674
0.999990404 0.001634203 0.004059273 0.390324950 -0.001657379 0.999982357 0.005712556 -0.713574886 -0.004049866 -0.005719229 0.999975443 19.135000229
0.999987483 0.002573681 0.004285128 0.405255765 -0.002599305 0.999978721 0.005984840 -0.729633927 -0.004269633 -0.005995904 0.999972880 19.599657059
0.999988973 0.002014372 0.004250696 0.415405154 -0.002038609 0.999981642 0.005705309 -0.732900918 -0.004239126 -0.005713911 0.999974728 20.105373383
0.999992907 0.001863546 0.003259435 0.428575277 -0.001883995 0.999978423 0.006281925 -0.765743315 -0.003247659 -0.006288021 0.999974966 20.518712997
0.999994576 0.001800756 0.002769008 0.435570061 -0.001817650 0.999979615 0.006110623 -0.770584464 -0.002757948 -0.006115622 0.999977529 21.031173706
0.999994993 0.001747640 0.002665934 0.438052386 -0.001764032 0.999979496 0.006158771 -0.788398027 -0.002655116 -0.006163443 0.999977469 21.515712738
0.999996722 0.001178708 0.002290513 0.446646571 -0.001193376 0.999978662 0.006412791 -0.793022931 -0.002282906 -0.006415504 0.999976814 22.036378860
0.999998569 0.000467993 0.001621090 0.462564319 -0.000479925 0.999972761 0.007367387 -0.843241274 -0.001617598 -0.007368155 0.999971509 22.415195465
0.999999344 0.000623952 0.000963802 0.471975386 -0.000631039 0.999972701 0.007371002 -0.859291792 -0.000959177 -0.007371607 0.999972343 22.943614960
0.999999702 -0.000119746 0.000671456 0.481078625 0.000114849 0.999973416 0.007287922 -0.869800329 -0.000672311 -0.007287844 0.999973238 23.419345856
0.999999821 0.000524371 0.000225891 0.490147263 -0.000526071 0.999971032 0.007592683 -0.882788837 -0.000221903 -0.007592801 0.999971151 23.937782288
0.999999464 0.000206405 -0.001006771 0.508351207 -0.000198475 0.999969006 0.007869892 -0.894695044 0.001008364 -0.007869688 0.999968529 24.464622498
0.999998510 0.000222753 -0.001715636 0.520845234 -0.000208709 0.999966562 0.008181938 -0.900953412 0.001717401 -0.008181568 0.999965012 24.991281509
0.999998569 0.000930785 -0.001354546 0.511616647 -0.000919913 0.999967515 0.008004796 -0.917785108 0.001361953 -0.008003539 0.999966979 25.479188919
0.999998510 0.000635300 -0.001568094 0.514067233 -0.000621363 0.999960482 0.008872572 -0.932058334 0.001573669 -0.008871585 0.999959409 26.030788422
0.999996960 0.000863536 -0.002290511 0.537881613 -0.000844088 0.999963701 0.008477889 -0.942248225 0.002297748 -0.008475929 0.999961376 26.581565857
0.999995410 0.001304469 -0.002740886 0.535227478 -0.001281508 0.999964237 0.008362329 -0.967666447 0.002751696 -0.008358778 0.999961257 27.071540833
0.999995053 0.001680453 -0.002658751 0.538683891 -0.001657891 0.999962807 0.008465631 -0.979137421 0.002672878 -0.008461182 0.999960542 27.613056183
0.999994040 0.001216227 -0.003234705 0.551445723 -0.001187838 0.999960899 0.008764057 -0.996191859 0.003245237 -0.008760163 0.999956369 28.163965225
0.999992132 0.000395925 -0.003969023 0.547714889 -0.000358593 0.999955893 0.009402219 -1.037830114 0.003972571 -0.009400721 0.999947965 28.690654755
0.999989927 -0.000017795 -0.004517102 0.559371471 0.000060842 0.999954641 0.009529994 -1.051921129 0.004516728 -0.009530170 0.999944448 29.219812393
0.999989808 0.000422727 -0.004478464 0.570463955 -0.000382430 0.999959469 0.008994860 -1.045215249 0.004482085 -0.008993056 0.999949455 29.727151871
0.999990046 0.000358070 -0.004434812 0.577461660 -0.000318970 0.999961078 0.008814098 -1.052944183 0.004437795 -0.008812595 0.999951363 30.273660660
0.999987364 0.000063674 -0.005022329 0.594134450 -0.000018680 0.999959886 0.008958308 -1.068957329 0.005022698 -0.008958100 0.999947250 30.816129684
0.999985695 0.001163787 -0.005207711 0.610460341 -0.001115486 0.999956310 0.009268406 -1.104309440 0.005218269 -0.009262462 0.999943435 31.394744873
0.999984562 0.000480760 -0.005512143 0.632696569 -0.000428027 0.999954104 0.009563897 -1.118840575 0.005516486 -0.009561391 0.999939024 31.916492462
0.999984264 0.000804020 -0.005547976 0.636733532 -0.000751447 0.999954760 0.009471572 -1.126628399 0.005555340 -0.009467253 0.999939680 32.487266541
0.999981761 0.001049316 -0.005941408 0.650486112 -0.000993767 0.999955773 0.009344574 -1.133943558 0.005950950 -0.009338499 0.999938607 33.012279510
0.999980688 -0.000097739 -0.006212927 0.622221291 0.000162348 0.999945939 0.010399358 -1.167224646 0.006211575 -0.010400168 0.999926567 33.422828674
0.999979913 -0.000155029 -0.006338422 0.633099437 0.000221500 0.999945045 0.010487702 -1.175878048 0.006336447 -0.010488895 0.999924958 33.968204498
0.999980569 -0.000197854 -0.006232020 0.645091355 0.000263533 0.999944448 0.010539966 -1.184035778 0.006229586 -0.010541404 0.999925017 34.518554688
0.999980152 -0.000205825 -0.006295758 0.657980621 0.000270003 0.999948025 0.010194614 -1.188832760 0.006293333 -0.010196111 0.999928176 35.050357819
0.999982357 0.001054886 -0.005848287 0.642473936 -0.000993254 0.999944091 0.010531391 -1.212644577 0.005859069 -0.010525397 0.999927461 35.552417755
0.999980152 0.000869963 -0.006242926 0.623693764 -0.000802228 0.999940991 0.010844226 -1.256632090 0.006251991 -0.010839005 0.999921739 36.028759003
0.999978602 0.000393348 -0.006535342 0.633813620 -0.000321562 0.999939620 0.010981681 -1.267331481 0.006539267 -0.010979345 0.999918342 36.572883606
0.999977469 0.000664688 -0.006686081 0.654274523 -0.000593165 0.999942660 0.010693613 -1.270090342 0.006692805 -0.010689408 0.999920487 37.132415771
0.999978423 0.000814216 -0.006517621 0.643990755 -0.000743529 0.999940991 0.010840612 -1.291877985 0.006526063 -0.010835532 0.999920011 37.662181854
0.999979079 0.001516072 -0.006295856 0.656211615 -0.001450459 0.999944627 0.010413175 -1.303021789 0.006311296 -0.010403824 0.999925971 38.189041138
0.999972522 -0.000460274 -0.007401338 0.652568221 0.000549311 0.999927461 0.012032428 -1.362184286 0.007395263 -0.012036162 0.999900222 38.670860291
0.999970496 -0.000655828 -0.007650425 0.672703564 0.000752875 0.999919176 0.012689210 -1.382208943 0.007641485 -0.012694597 0.999890149 39.190078735
0.999973297 -0.000655764 -0.007280315 0.663594961 0.000744676 0.999925137 0.012216776 -1.382118940 0.007271758 -0.012221870 0.999898911 39.780803680
0.999970257 -0.000760608 -0.007674333 0.676054120 0.000857233 0.999920249 0.012595278 -1.399491072 0.007664141 -0.012601482 0.999891162 40.321861267
0.999968231 0.000020762 -0.007971428 0.686344028 0.000069989 0.999935150 0.011384128 -1.391182661 0.007971148 -0.011384322 0.999903440 40.892429352
0.999969125 -0.000363937 -0.007848753 0.691700041 0.000454810 0.999932766 0.011579419 -1.397281885 0.007844012 -0.011582632 0.999902189 41.416778564
0.999969542 -0.000814402 -0.007759798 0.687528372 0.000913042 0.999918818 0.012716559 -1.430106521 0.007748811 -0.012723259 0.999889016 41.840923309
0.999966562 -0.000969120 -0.008116588 0.697652817 0.001072269 0.999918640 0.012713727 -1.442564011 0.008103605 -0.012722006 0.999886215 42.396228790
0.999969482 -0.000796747 -0.007768799 0.699206173 0.000895972 0.999917924 0.012777111 -1.453129768 0.007757981 -0.012783678 0.999888182 42.898979187
0.999967933 -0.000751645 -0.007968947 0.710004926 0.000853221 0.999918342 0.012750741 -1.464426160 0.007958713 -0.012757131 0.999886870 43.433753967
0.999969304 -0.000431783 -0.007825479 0.716422200 0.000529905 0.999921262 0.012541071 -1.473123193 0.007819448 -0.012544831 0.999890685 43.989776611
0.999968588 -0.000280229 -0.007919496 0.733301401 0.000379497 0.999921441 0.012535987 -1.481925964 0.007915361 -0.012538600 0.999890029 44.502666473
0.999967873 -0.000296662 -0.008015036 0.736606240 0.000397154 0.999921322 0.012539239 -1.492030382 0.008010686 -0.012542019 0.999889195 45.029468536
0.999968767 -0.000020239 -0.007900804 0.755109668 0.000123987 0.999913752 0.013131160 -1.512331486 0.007899857 -0.013131731 0.999882519 45.539108276
0.999967754 -0.000724590 -0.007999297 0.728230894 0.000830735 0.999911487 0.013273888 -1.527689099 0.007988972 -0.013280103 0.999879897 46.062839508
0.999969065 -0.000696946 -0.007836896 0.734703541 0.000798680 0.999915302 0.012985853 -1.532456875 0.007827182 -0.012991710 0.999884963 46.607421875
0.999969125 -0.000956769 -0.007797369 0.743184865 0.001060998 0.999909997 0.013374026 -1.545023918 0.007783872 -0.013381886 0.999880135 47.097412109
0.999965668 -0.001811386 -0.008077879 0.759373188 0.001919828 0.999907970 0.013437039 -1.556114912 0.008052794 -0.013452088 0.999877036 47.641960144
0.999967337 -0.000965789 -0.008018298 0.757145047 0.001073557 0.999909103 0.013446913 -1.566013694 0.008004581 -0.013455085 0.999877453 48.140995026
0.999968469 -0.000384497 -0.007928347 0.758250117 0.000491561 0.999908686 0.013506545 -1.573005438 0.007922430 -0.013510017 0.999877393 48.678421021
0.999968886 -0.000670692 -0.007862939 0.756847084 0.000776284 0.999909461 0.013433656 -1.581712961 0.007853217 -0.013439341 0.999878824 49.180320740
0.999968350 -0.000838426 -0.007918593 0.767239332 0.000945749 0.999907672 0.013559287 -1.590940118 0.007906493 -0.013566346 0.999876678 49.719432831
0.999970198 -0.000624109 -0.007693528 0.764047980 0.000729235 0.999906301 0.013669008 -1.600221038 0.007684277 -0.013674210 0.999876976 50.228042603
0.999970853 -0.000420755 -0.007621418 0.768685818 0.000524714 0.999906778 0.013643433 -1.609168053 0.007614968 -0.013647036 0.999877810 50.751358032
0.999969661 -0.000499950 -0.007776519 0.776459098 0.000607629 0.999903858 0.013850532 -1.619639993 0.007768847 -0.013854838 0.999873817 51.279235840
0.999969244 -0.000674152 -0.007811166 0.786028266 0.000781116 0.999905825 0.013698735 -1.629402757 0.007801196 -0.013704415 0.999875665 51.827636719
0.999968350 -0.000398415 -0.007943950 0.788836002 0.000508422 0.999903917 0.013850683 -1.642239571 0.007937668 -0.013854285 0.999872506 52.403263092
0.999969184 -0.000157389 -0.007841966 0.789030671 0.000268093 0.999900281 0.014117819 -1.649839282 0.007838962 -0.014119486 0.999869525 52.834320068
0.999968290 -0.000208575 -0.007958308 0.814121604 0.000316722 0.999907613 0.013590211 -1.640546083 0.007954738 -0.013592301 0.999875963 53.477897644
0.999971271 -0.000055019 -0.007582496 0.806936622 0.000161616 0.999901175 0.014058346 -1.667252421 0.007580974 -0.014059168 0.999872386 53.863269806
0.999970138 -0.000205162 -0.007735138 0.818341374 0.000314980 0.999899209 0.014198671 -1.671401739 0.007731445 -0.014200685 0.999869227 54.411598206
0.999972284 -0.000291320 -0.007446920 0.820792794 0.000396721 0.999899745 0.014156093 -1.686363220 0.007442050 -0.014158659 0.999872029 54.952888489
0.999972820 -0.000368888 -0.007362420 0.824992061 0.000473498 0.999898911 0.014211915 -1.692094326 0.007356432 -0.014215015 0.999871910 55.508331299
0.999977052 0.000428330 -0.006755914 0.816503882 -0.000329754 0.999893606 0.014585365 -1.700268507 0.006761442 -0.014582803 0.999870837 56.062137604
0.999968231 -0.000627409 -0.007946166 0.852770567 0.000742462 0.999894738 0.014484294 -1.711498022 0.007936245 -0.014489735 0.999863505 56.423217773
0.999969125 0.000796368 -0.007821909 0.886178732 -0.000697021 0.999919116 0.012695602 -1.675250053 0.007831387 -0.012689758 0.999888778 57.407390594
0.999971867 0.000222598 -0.007494706 0.853592515 -0.000112741 0.999892592 0.014655293 -1.735986590 0.007497164 -0.014654035 0.999864459 57.463344574
0.999966621 -0.001324422 -0.008068106 0.881662786 0.001443945 0.999888957 0.014826537 -1.744766951 0.008047575 -0.014837695 0.999857545 58.020503998
0.999971092 -0.000028949 -0.007607308 0.871102750 0.000142904 0.999887764 0.014979450 -1.755146980 0.007606022 -0.014980105 0.999858797 58.535472870
0.999963939 -0.000835546 -0.008452219 0.909741282 0.000962981 0.999885798 0.015084299 -1.772410393 0.008438651 -0.015091893 0.999850452 59.032691956
0.999963760 -0.000707217 -0.008485216 0.910789013 0.000837469 0.999881744 0.015356825 -1.783260584 0.008473352 -0.015363375 0.999846041 59.534748077
0.999967873 -0.000856800 -0.007966817 0.814872503 0.000979214 0.999881327 0.015374329 -1.803783894 0.007952699 -0.015381635 0.999850035 59.940807343
0.999970257 0.000056933 -0.007710468 0.920286059 0.000060334 0.999884367 0.015207767 -1.807448149 0.007710443 -0.015207778 0.999854565 60.577606201
0.999968767 -0.000316980 -0.007888607 0.924172521 0.000437777 0.999882579 0.015315788 -1.810505152 0.007882825 -0.015318763 0.999851525 61.139213562
0.999970317 0.000156450 -0.007695003 0.925768137 -0.000035530 0.999876618 0.015711648 -1.824003696 0.007696511 -0.015710911 0.999846935 61.694927216
0.999972761 0.000783589 -0.007328821 0.911366463 -0.000667246 0.999873996 0.015863737 -1.838687658 0.007340328 -0.015858414 0.999847293 62.219867706
0.999969840 0.000142850 -0.007763296 0.920876026 -0.000021047 0.999876857 0.015687348 -1.853785038 0.007764582 -0.015686711 0.999846816 62.693687439
0.999969363 0.000579496 -0.007799573 0.928905845 -0.000459352 0.999881327 0.015396900 -1.860992908 0.007807570 -0.015392847 0.999851048 63.239849091
0.999969363 0.000336293 -0.007818496 0.932755232 -0.000214681 0.999879062 0.015550021 -1.866502285 0.007822780 -0.015547868 0.999848545 63.789588928
0.999969304 0.000295760 -0.007834571 0.945306659 -0.000174752 0.999880731 0.015441567 -1.875673532 0.007838205 -0.015439725 0.999850035 64.302139282
0.999972403 0.000691189 -0.007392264 0.933189929 -0.000575439 0.999877334 0.015649037 -1.895969152 0.007402173 -0.015644351 0.999850214 64.775825500
0.999970555 0.000353285 -0.007677454 0.939083755 -0.000234508 0.999880373 0.015466163 -1.894676805 0.007681999 -0.015463905 0.999850929 65.319717407
0.999971032 0.000640057 -0.007583889 0.943629265 -0.000525138 0.999885142 0.015145298 -1.901619196 0.007592711 -0.015140880 0.999856532 65.843452454
0.999971271 0.000102977 -0.007574541 0.953830361 0.000012779 0.999883235 0.015280621 -1.907272339 0.007575230 -0.015280280 0.999854505 66.377380371
0.999968171 -0.000306803 -0.007975590 0.954120934 0.000422825 0.999894142 0.014549591 -1.900101662 0.007970283 -0.014552500 0.999862254 66.964027405
0.999975801 0.001809184 -0.006718515 0.944932044 -0.001700548 0.999868274 0.016140349 -1.955908298 0.006746832 -0.016128536 0.999847114 67.381118774
0.999973834 0.001358714 -0.007100277 0.953149438 -0.001243824 0.999868691 0.016160486 -1.962679505 0.007121303 -0.016151233 0.999844193 67.928527832
0.999975383 0.001972227 -0.006723830 0.961592317 -0.001863215 0.999867320 0.016180735 -1.966174126 0.006754851 -0.016167810 0.999846399 68.458419800
0.999977112 0.001305420 -0.006625390 0.956211507 -0.001197796 0.999867678 0.016222307 -1.975649476 0.006645690 -0.016214004 0.999846458 68.980957031
0.999975741 0.001347646 -0.006836729 0.965919018 -0.001238154 0.999871254 0.015994376 -1.984021306 0.006857404 -0.015985522 0.999848664 69.507186890
0.999976814 0.001772176 -0.006578966 0.965585589 -0.001666619 0.999870300 0.016015600 -1.990482569 0.006606495 -0.016004266 0.999850094 70.060401917
0.999979556 0.002271969 -0.005977676 0.960121751 -0.002176746 0.999871373 0.015888451 -1.999786854 0.006013006 -0.015875112 0.999855876 70.616607666
0.999975562 0.001627794 -0.006794641 0.990907669 -0.001516807 0.999865830 0.016307849 -2.009366989 0.006820275 -0.016297145 0.999843895 71.109542847
0.999979317 0.001752860 -0.006185712 0.994198561 -0.001648699 0.999857426 0.016804064 -2.024339676 0.006214284 -0.016793516 0.999839664 71.651672363
0.999976277 0.000491809 -0.006853329 1.001014709 -0.000378099 0.999862432 0.016583322 -2.028301239 0.006860543 -0.016580338 0.999838948 72.178810120
0.999976277 0.001626712 -0.006681172 0.997449160 -0.001517748 0.999866307 0.016282031 -2.033543348 0.006706764 -0.016271506 0.999845088 72.700912476
0.999974430 0.001200236 -0.007049426 1.011823893 -0.001087064 0.999870837 0.016035970 -2.040593147 0.007067760 -0.016027898 0.999846578 73.234657288
0.999973953 0.001698918 -0.007009050 1.014900208 -0.001586050 0.999869525 0.016077377 -2.046855927 0.007035449 -0.016065842 0.999846160 73.781219482
0.999975145 0.001784118 -0.006815246 1.020031214 -0.001674975 0.999870837 0.015986774 -2.050333738 0.006842889 -0.015974961 0.999848962 74.326705933
0.999978781 0.002715434 -0.005913970 0.972752452 -0.002619175 0.999864936 0.016223883 -2.061446667 0.005957225 -0.016208049 0.999850869 74.840354919
0.999976873 0.001661413 -0.006598754 1.024941325 -0.001551754 0.999861121 0.016588619 -2.077905178 0.006625399 -0.016577996 0.999840558 75.325332642
0.999975622 0.000866570 -0.006922398 1.038584352 -0.000754509 0.999868870 0.016174383 -2.083004475 0.006935506 -0.016168768 0.999845147 75.869659424
0.999978840 0.001203330 -0.006391397 1.039127111 -0.001097028 0.999861419 0.016609702 -2.094842434 0.006410498 -0.016602339 0.999841630 76.394668579
0.999978781 0.001642635 -0.006303638 1.041052222 -0.001540723 0.999868572 0.016138121 -2.095774174 0.006329319 -0.016128069 0.999849856 76.933853149
0.999979615 0.002005926 -0.006066706 1.044115067 -0.001908060 0.999868631 0.016094686 -2.105931282 0.006098194 -0.016082780 0.999852061 77.477806091
0.999981940 0.001301843 -0.005866436 1.058246851 -0.001207726 0.999870956 0.016018329 -2.108249664 0.005886532 -0.016010955 0.999854505 78.003929138
0.999987900 0.002079662 -0.004459625 1.068669915 -0.002007987 0.999869704 0.016016610 -2.116749763 0.004492352 -0.016007464 0.999861777 78.533172607
0.999992669 0.001939308 -0.003327725 1.084346533 -0.001885718 0.999869704 0.016032310 -2.122970581 0.003358382 -0.016025916 0.999865949 79.084907532
0.999997437 0.001543984 -0.001659084 1.087124944 -0.001517681 0.999874949 0.015739704 -2.117684364 0.001683179 -0.015737146 0.999874771 79.612220764
0.999996245 0.002221236 0.001640116 1.117530584 -0.002247505 0.999866307 0.016192434 -2.139763355 -0.001603930 -0.016196055 0.999867499 80.166534424
0.999985695 0.001245790 0.005200666 1.121361256 -0.001327918 0.999873996 0.015818192 -2.137296200 -0.005180304 -0.015824871 0.999861360 80.712882996
0.999965906 0.001249228 0.008158405 1.143178225 -0.001377514 0.999875188 0.015737725 -2.145773888 -0.008137726 -0.015748426 0.999842823 81.253578186
0.999908268 0.001800206 0.013421473 1.160021663 -0.002005374 0.999881089 0.015288817 -2.136039734 -0.013392353 -0.015314329 0.999793053 81.794853210
0.999807239 0.001621806 0.019567465 1.184320092 -0.001920065 0.999882042 0.015233444 -2.139658928 -0.019540453 -0.015268076 0.999692440 82.380592346
0.999688208 0.001432855 0.024929235 1.211064577 -0.001817394 0.999879599 0.015409428 -2.156041384 -0.024904158 -0.015449929 0.999570429 82.843971252
0.999527097 0.001370283 0.030720726 1.244237781 -0.001845289 0.999879062 0.015439031 -2.161994934 -0.030695856 -0.015488418 0.999408782 83.391410828
0.999249578 0.001817757 0.038690090 1.279980421 -0.002419197 0.999876857 0.015503920 -2.167660713 -0.038657151 -0.015585885 0.999130905 83.965446472
0.998885810 0.001679569 0.047161512 1.323004246 -0.002396720 0.999882221 0.015153833 -2.173974514 -0.047130510 -0.015249982 0.998772264 84.520156860
0.998549938 0.001812626 0.053803161 1.364075899 -0.002643576 0.999878228 0.015377115 -2.180260420 -0.053768735 -0.015497047 0.998433173 85.043922424
0.998037696 0.001885354 0.062587507 1.411149979 -0.002854061 0.999877393 0.015391847 -2.190728664 -0.062550820 -0.015540272 0.997920752 85.587196350
0.997356534 0.001384204 0.072649479 1.469166756 -0.002509117 0.999878347 0.015395145 -2.197555542 -0.072619334 -0.015536735 0.997238696 86.139404297
0.996700287 0.000852547 0.081164747 1.537906647 -0.002099748 0.999881029 0.015282178 -2.202811480 -0.081142053 -0.015402177 0.996583521 86.680519104
0.996006608 0.001419443 0.089268424 1.606759548 -0.002837613 0.999871671 0.015761679 -2.224374771 -0.089234605 -0.015952045 0.995882809 87.234161377
0.995000601 0.001535558 0.099857114 1.681985855 -0.003166639 0.999864042 0.016177701 -2.232266426 -0.099818699 -0.016413031 0.994870245 87.770835876
0.993929029 -0.000064082 0.110022329 1.773802757 -0.001637311 0.999880493 0.015373658 -2.233034134 -0.110010155 -0.015460468 0.993810177 88.338928223
0.992869198 0.000175869 0.119208716 1.857156754 -0.002031783 0.999878764 0.015447254 -2.250432968 -0.119191520 -0.015579310 0.992748976 88.875656128
0.991468906 0.000425428 0.130342841 1.951022148 -0.002446694 0.999879301 0.015347561 -2.254579782 -0.130320564 -0.015535537 0.991350174 89.422851562
0.989895284 -0.001056902 0.141796336 2.067394257 -0.001166587 0.999877632 0.015596817 -2.274378777 -0.141795501 -0.015604632 0.989772975 89.965362549
0.988255799 -0.001556395 0.152801275 2.169353485 -0.000833694 0.999878347 0.015576493 -2.283907413 -0.152806923 -0.015520947 0.988134205 90.496765137
0.986595988 -0.000907674 0.163179293 2.307488441 -0.001562301 0.999886155 0.015007605 -2.277883768 -0.163174346 -0.015061379 0.986482263 91.123352051
0.984437525 -0.001375021 0.175729424 2.433260918 -0.001239366 0.999890149 0.014766725 -2.284392118 -0.175730452 -0.014754710 0.984327674 91.649093628
0.982113659 -0.001572426 0.188283116 2.568283081 -0.001385327 0.999877691 0.015576450 -2.303604603 -0.188284636 -0.015558675 0.981991172 92.223281860
0.980080545 -0.001596280 0.198594004 2.685831070 -0.001465150 0.999882281 0.015267620 -2.296534061 -0.198595002 -0.015254467 0.979962885 92.749931335
0.977386415 -0.002008462 0.211451635 2.828689575 -0.001247103 0.999882698 0.015261774 -2.304196596 -0.211457491 -0.015180352 0.977269292 93.275390625
0.974359572 -0.001923273 0.224988267 2.984046936 -0.001577160 0.999880493 0.015377528 -2.303251266 -0.224990964 -0.015338085 0.974240124 93.808280945
0.971497715 -0.001505603 0.237044036 3.121261597 -0.002133272 0.999883771 0.015093804 -2.314991951 -0.237039208 -0.015169277 0.971381664 94.344360352
0.968656838 -0.002616145 0.248389050 3.294807434 -0.001106281 0.999889195 0.014845504 -2.313138962 -0.248400390 -0.014654989 0.968546569 94.870491028
0.965079069 -0.002929281 0.261942565 3.467134476 -0.000969087 0.999890625 0.014752110 -2.322958469 -0.261957139 -0.014490797 0.964970708 95.376380920
0.961636484 -0.002555653 0.274315476 3.637828827 -0.001598698 0.999887347 0.014919796 -2.329287529 -0.274322718 -0.014785965 0.961524069 95.924797058
0.958271801 -0.003026101 0.285842508 3.837707520 -0.001285132 0.999888241 0.014893751 -2.325785637 -0.285855681 -0.014639607 0.958160877 96.512916565
0.954014599 -0.002926728 0.299745977 4.009498596 -0.001698748 0.999883533 0.015169573 -2.325130939 -0.299755424 -0.014981185 0.953898430 97.020820618
0.949544549 -0.003504186 0.313612431 4.233444214 -0.001124721 0.999893129 0.014577815 -2.330699444 -0.313630015 -0.014195012 0.949439168 97.588417053
0.945763886 -0.003666259 0.324834138 4.431005478 -0.001187878 0.999890625 0.014743862 -2.337505817 -0.324852616 -0.014330077 0.945656002 98.107963562
0.941341639 -0.004039260 0.337430745 4.640932083 -0.001049289 0.999888420 0.014896531 -2.348436832 -0.337453336 -0.014376788 0.941232443 98.612266541
0.936110258 -0.004245157 0.351680964 4.843513489 -0.001029261 0.999889910 0.014809417 -2.353921413 -0.351705104 -0.014225221 0.936002672 99.111343384
0.931485474 -0.004924974 0.363745183 5.078430176 -0.000593646 0.999886394 0.015058309 -2.362839222 -0.363778025 -0.014242533 0.931376755 99.628784180
0.927381158 -0.005582685 0.374076068 5.305513382 0.000065757 0.999891043 0.014759282 -2.367403984 -0.374117732 -0.013662880 0.927280545 100.136352539
0.921776533 -0.005251037 0.387686044 5.540615082 -0.000497350 0.999891400 0.014725612 -2.369346142 -0.387721300 -0.013766539 0.921673834 100.637237549
0.916203618 -0.006055824 0.400667548 5.790279388 0.000092207 0.999888957 0.014901805 -2.373342991 -0.400713354 -0.013616143 0.916102290 101.148460388
0.911230266 -0.006528663 0.411845505 6.045845032 0.000615573 0.999894798 0.014488556 -2.380815029 -0.411896735 -0.012948890 0.911138475 101.647811890
0.904900610 -0.006502114 0.425573051 6.316169739 0.000354144 0.999894440 0.014523854 -2.384634733 -0.425622612 -0.012991932 0.904807508 102.156616211
0.898153543 -0.006864416 0.439628601 6.585632324 0.000535881 0.999894440 0.014517684 -2.393973351 -0.439681888 -0.012803518 0.898062289 102.649871826
0.892195880 -0.007401473 0.451588243 6.857280731 0.000755568 0.999888718 0.014895288 -2.407313824 -0.451648235 -0.012948307 0.892102182 103.116210938
0.886575162 -0.007895171 0.462517083 7.136188507 0.001375924 0.999894857 0.014430779 -2.401829243 -0.462582380 -0.012157582 0.886492908 103.630729675
0.879161060 -0.007471546 0.476466358 7.410057068 0.000495157 0.999890804 0.014765804 -2.414579153 -0.476524621 -0.012745592 0.879068851 104.083534241
0.872343004 -0.008318002 0.488823563 7.718425751 0.001230113 0.999889433 0.014819254 -2.418033123 -0.488892794 -0.012326164 0.872256815 104.588623047
0.866468072 -0.009234980 0.499146998 8.019920349 0.002041078 0.999885976 0.014956310 -2.424652576 -0.499228299 -0.011940369 0.866388142 105.063140869
