1.000000000 0.000000000 0.000000000 0.000000000 0.000000000 1.000000000 0.000000000 0.000000000 0.000000000 0.000000000 1.000000000 0.000000000
1.000000000 0.000114175 0.000050543 0.000918784 -0.000114180 1.000000000 0.000109208 -0.001716866 -0.000050531 -0.000109214 1.000000000 -0.002950546
0.999999940 0.000208010 0.000144244 -0.002281738 -0.000208014 1.000000000 0.000027881 0.001059238 -0.000144238 -0.000027911 1.000000000 0.002474685
1.000000000 0.000093608 0.000007826 0.000042576 -0.000093608 1.000000000 0.000076659 -0.000836969 -0.000007818 -0.000076660 1.000000000 -0.001015995
1.000000000 0.000205320 0.000049060 -0.000062331 -0.000205325 1.000000000 0.000099084 -0.001057743 -0.000049039 -0.000099094 1.000000000 -0.001031501
1.000000000 0.000049465 0.000014049 -0.000334736 -0.000049467 1.000000000 0.000181587 -0.001083113 -0.000014040 -0.000181588 1.000000000 -0.000314272
1.000000000 0.000074126 0.000099543 -0.001304408 -0.000074136 1.000000000 0.000099515 -0.000378613 -0.000099535 -0.000099523 1.000000000 0.001003828
1.000000000 -0.000034878 0.000116197 -0.000220025 0.000034854 1.000000000 0.000203219 -0.000631830 -0.000116204 -0.000203215 1.000000000 0.000418977
1.000000000 0.000010407 0.000028572 0.000093058 -0.000010410 1.000000000 0.000095809 0.000005292 -0.000028571 -0.000095809 1.000000000 0.001224437
1.000000000 -0.000071416 0.000047085 0.000473614 0.000071413 1.000000000 0.000060497 -0.000466695 -0.000047089 -0.000060493 1.000000000 -0.000652407
1.000000000 0.000004421 0.000137685 0.000108690 -0.000004445 1.000000000 0.000174084 -0.000870952 -0.000137685 -0.000174085 1.000000000 -0.000374946
1.000000000 -0.000121206 -0.000024375 0.000774954 0.000121210 1.000000000 0.000180524 -0.001416493 0.000024353 -0.000180527 1.000000000 -0.002196487
1.000000000 0.000100451 0.000018895 0.000967784 -0.000100455 1.000000000 0.000199534 -0.000787839 -0.000018875 -0.000199536 1.000000000 -0.000460861
1.000000000 0.000030642 0.000191344 -0.002285130 -0.000030687 1.000000000 0.000232073 -0.000282370 -0.000191336 -0.000232078 0.999999940 0.002820181
1.000000000 0.000048338 0.000130313 -0.001587386 -0.000048358 1.000000000 0.000151772 0.000015737 -0.000130306 -0.000151778 1.000000000 0.002515337
0.999999940 0.000271436 0.000053328 0.000068735 -0.000271458 0.999999881 0.000405947 -0.003106730 -0.000053218 -0.000405961 0.999999940 -0.002492235
1.000000000 0.000096720 0.000145610 -0.002369798 -0.000096756 0.999999940 0.000241698 -0.000884299 -0.000145587 -0.000241712 0.999999940 0.002521277
0.999999940 0.000208550 0.000299166 -0.003422560 -0.000208556 1.000000000 0.000018512 0.001798496 -0.000299162 -0.000018574 0.999999940 0.005212092
1.000000000 0.000027088 0.000042377 -0.001148944 -0.000027093 1.000000000 0.000112434 0.000573613 -0.000042374 -0.000112436 1.000000000 0.002454341
1.000000000 0.000177218 0.000078134 -0.001631807 -0.000177232 0.999999940 0.000180078 -0.000317618 -0.000078102 -0.000180092 1.000000000 0.002184899
0.999999940 0.000209895 0.000211662 -0.002517265 -0.000209937 0.999999940 0.000199783 0.000181680 -0.000211620 -0.000199828 0.999999940 0.003980787
1.000000000 0.000179839 0.000111909 -0.002288851 -0.000179853 1.000000000 0.000124509 0.000380912 -0.000111887 -0.000124529 1.000000000 0.003239279
1.000000000 0.000179203 0.000120862 -0.000387449 -0.000179231 0.999999940 0.000225456 -0.001216038 -0.000120822 -0.000225477 0.999999940 -0.001729743
0.999999940 0.000141316 0.000222882 -0.001103713 -0.000141395 0.999999940 0.000351562 -0.002333923 -0.000222833 -0.000351594 0.999999940 0.001122685
1.000000000 0.000081091 0.000212128 -0.002846620 -0.000081092 1.000000000 0.000003133 0.001885493 -0.000212128 -0.000003150 1.000000000 0.005222444
1.000000000 0.000058462 0.000048157 0.000280326 -0.000058468 1.000000000 0.000124368 0.000357204 -0.000048150 -0.000124371 1.000000000 0.001246255
1.000000000 -0.000001276 0.000137286 0.000152856 0.000001253 1.000000000 0.000167182 -0.000591508 -0.000137286 -0.000167182 1.000000000 -0.000888403
1.000000000 0.000090145 0.000183751 -0.001178680 -0.000090138 1.000000000 -0.000036487 0.000554411 -0.000183754 0.000036470 1.000000000 0.001456707
0.999999881 0.000291646 0.000373479 -0.003376300 -0.000291631 0.999999940 -0.000038427 0.000957212 -0.000373490 0.000038318 0.999999940 0.002612724
1.000000000 0.000048797 0.000229040 -0.003477651 -0.000048820 1.000000000 0.000100960 0.001787116 -0.000229035 -0.000100971 0.999999940 0.005272795
1.000000000 -0.000047597 0.000135751 -0.001780956 0.000047587 1.000000000 0.000078754 0.000572599 -0.000135755 -0.000078747 1.000000000 0.003490821
1.000000000 -0.000039005 0.000087207 -0.001315511 0.000038992 1.000000000 0.000151248 -0.000173524 -0.000087213 -0.000151245 1.000000000 0.002921084
1.000000000 0.000024123 0.000192453 -0.001836787 -0.000024135 1.000000000 0.000063369 0.001060935 -0.000192451 -0.000063374 1.000000000 0.003659148
0.999999940 0.000118250 0.000291709 -0.001404121 -0.000118260 1.000000000 0.000033785 0.000959708 -0.000291705 -0.000033819 0.999999940 0.001989760
0.999999940 0.000024228 0.000242978 -0.001470784 -0.000024247 1.000000000 0.000078602 0.000631979 -0.000242976 -0.000078608 0.999999940 0.003801302
0.999999940 0.000160559 0.000233026 -0.002775386 -0.000160559 1.000000000 0.000001523 0.002477497 -0.000233026 -0.000001560 1.000000000 0.005801811
0.999999940 0.000221190 0.000314020 -0.003364805 -0.000221194 1.000000000 0.000011462 0.004160367 -0.000314018 -0.000011531 0.999999940 0.008178882
0.999999940 -0.000036635 0.000283463 -0.001970431 0.000036564 0.999999940 0.000249783 0.000056021 -0.000283472 -0.000249772 0.999999940 0.003575276
1.000000000 -0.000051799 0.000231589 -0.003169679 0.000051768 1.000000000 0.000133378 0.001566964 -0.000231596 -0.000133366 0.999999940 0.005754718
1.000000000 -0.000023096 0.000146277 -0.000681653 0.000023069 1.000000000 0.000184002 -0.000117995 -0.000146281 -0.000183998 1.000000000 0.000556942
0.999999940 0.000069251 0.000238846 -0.000681682 -0.000069295 1.000000000 0.000186841 -0.000592874 -0.000238833 -0.000186858 0.999999940 0.002445962
0.999999940 -0.000209696 0.000174079 0.001522305 0.000209819 0.999999702 -0.000705983 -0.000096532 -0.000173930 0.000706019 0.999999762 0.050114848
0.999999881 0.000252467 0.000413268 -0.002035849 -0.000252009 0.999999344 -0.001106750 -0.006395910 -0.000413547 0.001106645 0.999999285 0.130634815
1.000000000 0.000227196 -0.000051326 0.003244004 -0.000227282 0.999998569 -0.001671242 -0.003144884 0.000050946 0.001671254 0.999998629 0.256748974
1.000000000 0.000221075 -0.000003310 0.006452403 -0.000221079 0.999999166 -0.001268993 -0.011634166 0.000003029 0.001268994 0.999999166 0.387608618
0.999999940 0.000244133 0.000013999 0.010161333 -0.000244114 0.999999106 -0.001301429 -0.015857525 -0.000014317 0.001301425 0.999999166 0.525293529
1.000000000 -0.000011117 0.000106888 0.013502796 0.000011212 0.999999583 -0.000883289 -0.025267705 -0.000106878 0.000883290 0.999999583 0.671421170
0.999999762 0.000549874 0.000341851 0.016617853 -0.000549623 0.999999583 -0.000734332 -0.026938017 -0.000342255 0.000734144 0.999999642 0.838183880
0.999999940 0.000285129 0.000068081 0.019149598 -0.000285073 0.999999642 -0.000812850 -0.026562816 -0.000068313 0.000812830 0.999999642 1.015737414
0.999999940 0.000250029 0.000086900 0.022653533 -0.000249970 0.999999762 -0.000684395 -0.032800015 -0.000087072 0.000684374 0.999999762 1.192556024
0.999999881 0.000334290 0.000393605 0.022189364 -0.000333989 0.999999642 -0.000763908 -0.033651117 -0.000393860 0.000763776 0.999999642 1.378078699
1.000000000 -0.000083464 0.000177498 0.033499181 0.000083537 0.999999940 -0.000412527 -0.048316725 -0.000177464 0.000412542 0.999999881 1.573647738
0.999999821 0.000465581 0.000316071 0.037625749 -0.000465480 0.999999821 -0.000318050 -0.054965451 -0.000316219 0.000317903 0.999999881 1.755310655
0.999999940 0.000365285 -0.000061797 0.040312905 -0.000365322 0.999999762 -0.000595055 -0.055190176 0.000061580 0.000595078 0.999999821 1.945178866
0.999999881 0.000309884 0.000348091 0.044612285 -0.000309794 0.999999940 -0.000260485 -0.065108791 -0.000348172 0.000260377 0.999999881 2.163536787
0.999998808 0.001370845 0.000714967 0.037780613 -0.001370379 0.999998987 -0.000652053 -0.063086458 -0.000715860 0.000651073 0.999999523 2.375292063
0.999999344 0.000917570 0.000670249 0.045599505 -0.000917246 0.999999464 -0.000484393 -0.069160312 -0.000670693 0.000483778 0.999999583 2.599132538
0.999998868 0.001049087 0.001076938 0.044154823 -0.001048312 0.999999166 -0.000719949 -0.072136953 -0.001077693 0.000718819 0.999999166 2.832154989
0.999999046 0.001337043 0.000395516 0.058308214 -0.001336905 0.999998987 -0.000349048 -0.084051259 -0.000395983 0.000348519 0.999999881 3.063457489
0.999999344 0.001179563 0.000101760 0.064164534 -0.001179521 0.999999285 -0.000410411 -0.090556562 -0.000102244 0.000410290 0.999999940 3.301362276
0.999999344 0.001119406 0.000184973 0.071195796 -0.001119351 0.999999285 -0.000297894 -0.099131741 -0.000185307 0.000297687 1.000000000 3.549657106
0.999999344 0.001172694 0.000237988 0.075232558 -0.001172526 0.999999106 -0.000707621 -0.102212593 -0.000238818 0.000707341 0.999999702 3.809601545
0.999998927 0.001343376 0.000578373 0.074047633 -0.001342826 0.999998629 -0.000950568 -0.104419082 -0.000579650 0.000949790 0.999999404 4.070490360
0.999998987 0.001305761 0.000504361 0.083443545 -0.001305559 0.999999046 -0.000400127 -0.113744318 -0.000504883 0.000399468 0.999999762 4.324934483
0.999998808 0.001300314 0.000796294 0.083390534 -0.001299708 0.999998808 -0.000761349 -0.115734793 -0.000797283 0.000760313 0.999999404 4.582826614
0.999998868 0.001385228 0.000610572 0.093221590 -0.001384902 0.999998868 -0.000533749 -0.127966821 -0.000611310 0.000532903 0.999999642 4.846843719
0.999999464 0.001038501 0.000316063 0.104736194 -0.001038406 0.999999344 -0.000300540 -0.137980416 -0.000316375 0.000300212 0.999999881 5.110623837
0.999998808 0.001389524 0.000634980 0.100113854 -0.001389255 0.999998927 -0.000422875 -0.142553791 -0.000635567 0.000421993 0.999999702 5.366715431
0.999998808 0.001240232 0.000833809 0.104819819 -0.001239843 0.999999046 -0.000467209 -0.146973938 -0.000834387 0.000466175 0.999999523 5.638597012
0.999998987 0.001170517 0.000741294 0.110436343 -0.001170517 0.999999225 -0.000001343 -0.158697858 -0.000741296 0.000000475 0.999999702 5.909130096
0.999998808 0.001402177 0.000619317 0.119975843 -0.001402043 0.999998927 -0.000217528 -0.169559196 -0.000619621 0.000216659 0.999999762 6.181698799
0.999998331 0.001582027 0.000904684 0.123839639 -0.001581828 0.999998689 -0.000220632 -0.177220255 -0.000905032 0.000219200 0.999999583 6.457003117
0.999997258 0.001912043 0.001323032 0.115508422 -0.001911566 0.999998033 -0.000361906 -0.185437724 -0.001323721 0.000359376 0.999999046 6.753264427
0.999996901 0.001912292 0.001555965 0.117729612 -0.001911345 0.999997973 -0.000609791 -0.189442888 -0.001557128 0.000606815 0.999998629 7.057595730
0.999997556 0.001549119 0.001588375 0.131310299 -0.001549024 0.999998868 -0.000061284 -0.204842880 -0.001588468 0.000058823 0.999998748 7.340213299
0.999998689 0.001223850 0.001010953 0.143640354 -0.001223714 0.999999225 -0.000135440 -0.215930104 -0.001011118 0.000134203 0.999999464 7.662968636
0.999998391 0.001370990 0.001208554 0.155325502 -0.001370965 0.999999106 -0.000021133 -0.222753823 -0.001208582 0.000019476 0.999999285 7.963262558
0.999997914 0.001509499 0.001449352 0.150308251 -0.001509393 0.999998868 -0.000074155 -0.234516934 -0.001449463 0.000071967 0.999998868 8.296667099
0.999997616 0.001597708 0.001509431 0.156164795 -0.001597200 0.999998689 -0.000338144 -0.240312085 -0.001509970 0.000335733 0.999998748 8.628355980
0.999998093 0.001138134 0.001561627 0.165645301 -0.001137811 0.999999344 -0.000207729 -0.250578523 -0.001561863 0.000205952 0.999998748 8.963110924
0.999996841 0.001639609 0.001921105 0.169847563 -0.001639290 0.999998689 -0.000167413 -0.265164196 -0.001921377 0.000164263 0.999998152 9.289400101
0.999996901 0.001442667 0.002032167 0.169305652 -0.001442799 0.999998927 0.000063452 -0.278353959 -0.002032073 -0.000066384 0.999997914 9.638000488
0.999997497 0.001407082 0.001774403 0.183485597 -0.001407628 0.999998987 0.000306389 -0.289450973 -0.001773970 -0.000308886 0.999998391 9.985192299
0.999995589 0.002124444 0.002092781 0.186348259 -0.002125539 0.999997616 0.000521210 -0.305170566 -0.002091669 -0.000525656 0.999997616 10.340859413
0.999995768 0.001569121 0.002443943 0.182701781 -0.001569984 0.999998689 0.000350952 -0.310411006 -0.002443389 -0.000354788 0.999996960 10.700600624
0.999995649 0.001414671 0.002598000 0.189630389 -0.001415680 0.999998927 0.000386369 -0.318497539 -0.002597451 -0.000390046 0.999996543 11.070981979
0.999995410 0.001584259 0.002566017 0.199769661 -0.001585387 0.999998569 0.000437868 -0.332364142 -0.002565320 -0.000441934 0.999996603 11.447439194
0.999995649 0.001499859 0.002548832 0.209471896 -0.001501259 0.999998689 0.000547529 -0.343287379 -0.002548008 -0.000551353 0.999996603 11.830862999
0.999996126 0.001459241 0.002374635 0.218392089 -0.001459676 0.999998927 0.000181517 -0.352558553 -0.002374368 -0.000184982 0.999997139 12.216450691
0.999995768 0.001426020 0.002507750 0.229855642 -0.001426839 0.999998927 0.000324833 -0.362451166 -0.002507285 -0.000328410 0.999996781 12.613108635
0.999996781 0.000885616 0.002375015 0.242552564 -0.000887133 0.999999404 0.000637889 -0.372018695 -0.002374448 -0.000639994 0.999996960 13.008821487
0.999996126 0.001145872 0.002503952 0.248120517 -0.001146111 0.999999344 0.000094276 -0.379351914 -0.002503842 -0.000097146 0.999996781 13.423363686
0.999995887 0.000568244 0.002780557 0.261579543 -0.000569487 0.999999762 0.000446082 -0.394903779 -0.002780302 -0.000447664 0.999996006 13.817683220
0.999994159 0.000905945 0.003272163 0.264308900 -0.000906293 0.999999642 0.000104988 -0.402744174 -0.003272066 -0.000107953 0.999994636 14.235959053
0.999990523 0.001811574 0.003932377 0.267018408 -0.001812930 0.999998271 0.000341261 -0.416171372 -0.003931752 -0.000348387 0.999992192 14.650716782
0.999994695 0.000749781 0.003160628 0.287876666 -0.000751391 0.999999523 0.000508172 -0.430102527 -0.003160246 -0.000510544 0.999994874 15.081228256
0.999991655 0.001580261 0.003780803 0.297451794 -0.001583815 0.999998271 0.000937263 -0.448617131 -0.003779316 -0.000943243 0.999992371 15.508827209
0.999987662 0.001906517 0.004581108 0.303538829 -0.001906746 0.999998152 0.000045636 -0.450624973 -0.004581012 -0.000054371 0.999989510 15.953773499
0.999989569 0.001252353 0.004422414 0.314295143 -0.001253990 0.999999166 0.000367446 -0.459771693 -0.004421951 -0.000372987 0.999990165 16.395042419
0.999988496 0.001563521 0.004536897 0.325312674 -0.001566118 0.999998629 0.000569094 -0.473773509 -0.004536002 -0.000576193 0.999989510 16.838500977
0.999985456 0.001218118 0.005243570 0.331844389 -0.001219582 0.999999225 0.000275988 -0.486038715 -0.005243229 -0.000282379 0.999986172 17.286720276
0.999983490 0.001442294 0.005562786 0.340769440 -0.001444870 0.999998868 0.000459256 -0.499279320 -0.005562117 -0.000467286 0.999984443 17.745721817
0.999980748 0.001271980 0.006077238 0.354526758 -0.001272192 0.999999225 0.000030986 -0.509254992 -0.006077193 -0.000038717 0.999981582 18.208101273
0.999980152 0.001246313 0.006171533 0.365970820 -0.001248440 0.999999166 0.000340741 -0.520077288 -0.006171105 -0.000348439 0.999980867 18.666440964
0.999979019 0.001220639 0.006360966 0.378400147 -0.001223117 0.999999225 0.000385747 -0.531771004 -0.006360491 -0.000393520 0.999979675 19.143150330
0.999977410 0.000969953 0.006646803 0.397751927 -0.000972281 0.999999523 0.000346900 -0.543725014 -0.006646465 -0.000353355 0.999977887 19.621377945
0.999976099 0.001284534 0.006790921 0.400312662 -0.001285302 0.999999166 0.000108670 -0.558114529 -0.006790774 -0.000117396 0.999976933 20.108510971
0.999974132 0.001749494 0.006974391 0.412069798 -0.001747256 0.999998510 -0.000327006 -0.570375025 -0.006974952 0.000314811 0.999975622 20.608949661
0.999976337 0.001496216 0.006706641 0.434908271 -0.001500520 0.999998629 0.000636638 -0.582966566 -0.006705679 -0.000646686 0.999977350 21.098926544
0.999983191 0.001687921 0.005542300 0.446992695 -0.001688473 0.999998510 0.000094791 -0.594646513 -0.005542130 -0.000104148 0.999984622 21.610433578
0.999978483 0.002068878 0.006221066 0.449842602 -0.002073626 0.999997556 0.000756900 -0.616222143 -0.006219484 -0.000769784 0.999980330 22.115560532
0.999976099 0.002720298 0.006359681 0.456341118 -0.002721348 0.999996305 0.000156308 -0.617439926 -0.006359232 -0.000173611 0.999979734 22.633985519
0.999989569 0.001932509 0.004117145 0.482398748 -0.001933177 0.999998093 0.000158192 -0.637452841 -0.004116832 -0.000166149 0.999991477 23.155073166
0.999994934 0.001145173 0.002949153 0.507091701 -0.001144214 0.999999225 -0.000326968 -0.655233026 -0.002949525 0.000323592 0.999995649 23.666841507
0.999990761 0.001033181 0.004142285 0.493319392 -0.001030583 0.999999225 -0.000629255 -0.664973676 -0.004142933 0.000624981 0.999991238 24.213426590
0.999997377 0.001355071 0.001807410 0.522263706 -0.001355078 0.999999046 0.000002835 -0.681852400 -0.001807402 -0.000005284 0.999998391 24.741529465
0.999997139 0.001832975 0.001471734 0.530688822 -0.001833419 0.999998271 0.000300607 -0.697030008 -0.001471181 -0.000303305 0.999998868 25.269958496
0.999997258 0.001766011 0.001550337 0.536270499 -0.001766610 0.999998391 0.000384646 -0.713430345 -0.001549654 -0.000387384 0.999998748 25.817060471
0.999997735 0.001998231 0.000712164 0.542670131 -0.001998007 0.999997973 -0.000314378 -0.721743166 -0.000712789 0.000312954 0.999999702 26.378803253
0.999998033 0.001826513 0.000822997 0.552555025 -0.001826818 0.999998331 0.000369343 -0.734597802 -0.000822322 -0.000370846 0.999999583 26.931728363
0.999999166 0.001063912 0.000604554 0.559614897 -0.001063984 0.999999344 0.000117613 -0.749491572 -0.000604428 -0.000118256 0.999999821 27.477083206
0.999998629 0.001578097 -0.000502019 0.572019577 -0.001577936 0.999998689 0.000320937 -0.775757194 0.000502526 -0.000320144 0.999999762 28.027296066
0.999997139 0.002362409 0.000029286 0.569710135 -0.002362414 0.999997199 0.000185508 -0.787158847 -0.000028847 -0.000185577 0.999999940 28.574472427
0.999999166 0.001289619 -0.000330734 0.590204358 -0.001289483 0.999999106 0.000412254 -0.802718163 0.000331265 -0.000411827 0.999999881 29.103620529
0.999997377 0.001824617 -0.001324185 0.607034624 -0.001823864 0.999998093 0.000570417 -0.821205616 0.001325224 -0.000568001 0.999998987 29.667428970
0.999995887 0.002245424 -0.001768860 0.610034108 -0.002243793 0.999997020 0.000923359 -0.836733699 0.001770928 -0.000919387 0.999998033 30.213718414
0.999996781 0.002040751 -0.001472357 0.620894432 -0.002039226 0.999997377 0.001036479 -0.855640948 0.001474468 -0.001033474 0.999998391 30.755052567
0.999995470 0.002134965 -0.002093727 0.636273742 -0.002133932 0.999997616 0.000495521 -0.869037509 0.002094779 -0.000491051 0.999997675 31.302768707
0.999994993 0.001953618 -0.002445906 0.649013698 -0.001952922 0.999998033 0.000286852 -0.881357849 0.002446461 -0.000282074 0.999996960 31.854413986
0.999995470 0.001692794 -0.002464103 0.658152759 -0.001690968 0.999998271 0.000743204 -0.902584732 0.002465357 -0.000739034 0.999996603 32.408950806
0.999995530 0.001891285 -0.002299499 0.664887309 -0.001889367 0.999997795 0.000835860 -0.917165518 0.002301074 -0.000831512 0.999997020 32.949081421
0.999994397 0.001498461 -0.003000296 0.677897334 -0.001496464 0.999998629 0.000668159 -0.932265282 0.003001294 -0.000663665 0.999995291 33.499248505
0.999993384 0.002218234 -0.002879682 0.682252288 -0.002215786 0.999997139 0.000852827 -0.946053803 0.002881565 -0.000846441 0.999995470 34.058792114
0.999993742 0.001301778 -0.003331308 0.693183899 -0.001299184 0.999998868 0.000780737 -0.960794091 0.003332321 -0.000776404 0.999994159 34.582550049
0.999994218 0.002251021 -0.002581856 0.689660788 -0.002249500 0.999997258 0.000591750 -0.972545683 0.002583182 -0.000585939 0.999996424 35.146343231
0.999993443 0.001933603 -0.003093739 0.703748167 -0.001932343 0.999998033 0.000410226 -0.982504904 0.003094526 -0.000404245 0.999995112 35.670085907
0.999992430 0.002181076 -0.003223856 0.713573754 -0.002179867 0.999997497 0.000378346 -0.996617317 0.003224674 -0.000371315 0.999994695 36.225105286
0.999994278 0.001769926 -0.002889528 0.726095796 -0.001769944 0.999998450 -0.000003489 -1.011011600 0.002889518 0.000008603 0.999995828 36.779541016
0.999992669 0.001703416 -0.003422984 0.730975091 -0.001703085 0.999998569 0.000099524 -1.019581914 0.003423149 -0.000093694 0.999994159 37.297393799
0.999992907 0.002322472 -0.002928849 0.737545013 -0.002322802 0.999997258 -0.000109465 -1.033457398 0.002928587 0.000116268 0.999995768 37.850448608
0.999994695 0.001749252 -0.002745141 0.734224081 -0.001749819 0.999998569 -0.000204146 -1.050063372 0.002744779 0.000208948 0.999996185 38.399608612
0.999992013 0.001876741 -0.003505726 0.751771152 -0.001876029 0.999998152 0.000206168 -1.070827007 0.003506107 -0.000199590 0.999993861 38.954631805
0.999991596 0.002026188 -0.003552888 0.762795269 -0.002024656 0.999997854 0.000434839 -1.089718103 0.003553761 -0.000427642 0.999993563 39.490734100
0.999989808 0.002672645 -0.003646083 0.780405939 -0.002670400 0.999996245 0.000620633 -1.106663704 0.003647728 -0.000610890 0.999993205 40.021205902
0.999989510 0.001683890 -0.004253473 0.791799784 -0.001683702 0.999998569 0.000047656 -1.118018508 0.004253547 -0.000040494 0.999990940 40.600269318
0.999990523 0.001388016 -0.004116241 0.802414298 -0.001390251 0.999998868 -0.000540248 -1.129806876 0.004115487 0.000545966 0.999991357 41.147632599
0.999988019 0.002750417 -0.004044921 0.817111254 -0.002750230 0.999996245 0.000051822 -1.140790343 0.004045048 -0.000040697 0.999991834 41.686496735
0.999987066 0.001663035 -0.004797462 0.824129820 -0.001657675 0.999997973 0.001120868 -1.180283904 0.004799316 -0.001112901 0.999987841 42.228645325
0.999985933 0.002158123 -0.004838263 0.839740872 -0.002151547 0.999996662 0.001363950 -1.194853783 0.004841189 -0.001353521 0.999987364 42.778530121
0.999984384 0.002698371 -0.004883878 0.848650992 -0.002693728 0.999995887 0.000956946 -1.197036505 0.004886440 -0.000943775 0.999987602 43.320186615
0.999987304 0.002994232 -0.004054345 0.847543597 -0.002989528 0.999994814 0.001165897 -1.215739727 0.004057815 -0.001153762 0.999991059 43.865550995
0.999989510 0.001904794 -0.004156784 0.837476730 -0.001899473 0.999997377 0.001283606 -1.232877254 0.004159217 -0.001275697 0.999990523 44.416488647
0.999989867 0.002417935 -0.003780104 0.845037520 -0.002417512 0.999997079 0.000116263 -1.238781691 0.003780373 -0.000107124 0.999992847 44.972885132
0.999991894 0.002168376 -0.003406774 0.852572560 -0.002169212 0.999997616 -0.000241497 -1.248657465 0.003406242 0.000248885 0.999994099 45.511718750
0.999989688 0.002176029 -0.003970874 0.859005213 -0.002172437 0.999997199 0.000908785 -1.273335218 0.003972840 -0.000900150 0.999991715 46.058444977
0.999990404 0.001560893 -0.004082264 0.869692028 -0.001557542 0.999998391 0.000823957 -1.288993001 0.004083544 -0.000817591 0.999991357 46.599910736
0.999988735 0.002493320 -0.004036590 0.890199363 -0.002483770 0.999994099 0.002369136 -1.323555231 0.004042473 -0.002359083 0.999989092 47.124221802
0.999989986 0.001572184 -0.004171247 0.880480409 -0.001568403 0.999998271 0.000909558 -1.315756679 0.004172669 -0.000903006 0.999990880 47.691169739
0.999989033 0.002371290 -0.004027753 0.890926003 -0.002367506 0.999996662 0.000943967 -1.333346486 0.004029979 -0.000934421 0.999991477 48.228912354
0.999989748 0.001991583 -0.004052811 0.908054233 -0.001985541 0.999996841 0.001494347 -1.351048470 0.004055775 -0.001486285 0.999990642 48.767749786
0.999988437 0.001996327 -0.004378207 0.910122931 -0.001991118 0.999997318 0.001193949 -1.362191916 0.004380579 -0.001185218 0.999989688 49.328716278
0.999989510 0.001704677 -0.004251475 0.917073369 -0.001702917 0.999998569 0.000417645 -1.373547912 0.004252180 -0.000410401 0.999990880 49.882534027
0.999990880 0.002394392 -0.003546668 0.920870721 -0.002390054 0.999996424 0.001226879 -1.393248916 0.003549593 -0.001218391 0.999992907 50.417144775
0.999990642 0.002107161 -0.003807660 0.929431975 -0.002104755 0.999997556 0.000635846 -1.402061462 0.003808991 -0.000627826 0.999992549 50.972320557
0.999991715 0.001911951 -0.003587560 0.939793468 -0.001910455 0.999998033 0.000420438 -1.415610194 0.003588357 -0.000413580 0.999993503 51.526443481
0.999991834 0.001932190 -0.003544083 0.948461771 -0.001932821 0.999998152 -0.000174744 -1.427251816 0.003543738 0.000181592 0.999993682 52.078056335
0.999990046 0.002031259 -0.003974684 0.959948123 -0.002028673 0.999997675 0.000654689 -1.449940085 0.003976004 -0.000646619 0.999991894 52.608131409
0.999993503 0.002254651 -0.002798770 0.958973765 -0.002251902 0.999996960 0.000985062 -1.465025902 0.002800982 -0.000978753 0.999995649 53.144950867
0.999990880 0.003237862 -0.002788819 0.965587676 -0.003234774 0.999994159 0.001111040 -1.475316048 0.002792400 -0.001102009 0.999995470 53.706459045
0.999990582 0.002378689 -0.003632105 0.981058240 -0.002375701 0.999996781 0.000826828 -1.497561932 0.003634060 -0.000818191 0.999993086 54.245155334
0.999991477 0.001667773 -0.003783287 0.993325114 -0.001665542 0.999998391 0.000592891 -1.507869959 0.003784270 -0.000586585 0.999992728 54.800411224
0.999993145 0.002478815 -0.002726364 0.985304236 -0.002477732 0.999996841 0.000400552 -1.524253964 0.002727348 -0.000393793 0.999996245 55.362743378
0.999990940 0.002688317 -0.003278450 0.996156633 -0.002684764 0.999995828 0.001087982 -1.543335676 0.003281361 -0.001079170 0.999994040 55.882812500
0.999992967 0.001942453 -0.003201280 1.004252553 -0.001940711 0.999998093 0.000547535 -1.552980781 0.003202337 -0.000541318 0.999994695 56.434490204
0.999991536 0.002487946 -0.003276584 1.011547565 -0.002484866 0.999996483 0.000943773 -1.577280879 0.003278921 -0.000935623 0.999994099 56.974872589
0.999990404 0.003120894 -0.003081915 1.024542689 -0.003118277 0.999994814 0.000853413 -1.589177012 0.003084563 -0.000843795 0.999994814 57.524078369
0.999991357 0.002790441 -0.003088690 1.024690866 -0.002787910 0.999995768 0.000823155 -1.606058359 0.003090973 -0.000814537 0.999994874 58.061569214
0.999992430 0.002287211 -0.003170654 1.041147828 -0.002284153 0.999996960 0.000967661 -1.624179840 0.003172857 -0.000960412 0.999994516 58.597183228
0.999991953 0.003084156 -0.002567647 1.039008498 -0.003083849 0.999995291 0.000123568 -1.624441028 0.002568016 -0.000115649 0.999996722 59.141349792
0.999991655 0.003090095 -0.002676741 1.048290372 -0.003089970 0.999995172 0.000050736 -1.637252569 0.002676886 -0.000042465 0.999996424 59.691703796
0.999992907 0.003160494 -0.002053338 1.055402875 -0.003160167 0.999994993 0.000162039 -1.652349114 0.002053840 -0.000155549 0.999997854 60.238117218
0.999992073 0.003280079 -0.002253517 1.067892790 -0.003278570 0.999994397 0.000672451 -1.670086861 0.002255709 -0.000665057 0.999997258 60.785614014
0.999990761 0.003338433 -0.002713722 1.078822732 -0.003337772 0.999994397 0.000248362 -1.684342623 0.002714536 -0.000239302 0.999996305 61.314613342
0.999990880 0.003497551 -0.002449536 1.089754581 -0.003496118 0.999993742 0.000588978 -1.701552033 0.002451580 -0.000580409 0.999996841 61.859584808
0.999989927 0.003788541 -0.002405655 1.105009794 -0.003786883 0.999992609 0.000693072 -1.721595764 0.002408263 -0.000683955 0.999996901 62.393558502
0.999989212 0.003793519 -0.002661636 1.112172604 -0.003792093 0.999992669 0.000540849 -1.734684944 0.002663667 -0.000530750 0.999996305 62.929347992
0.999989927 0.003851173 -0.002297747 1.119985819 -0.003849837 0.999992430 0.000585079 -1.746862888 0.002299983 -0.000576227 0.999997199 63.482463837
0.999988556 0.004410162 -0.001855957 1.121426940 -0.004408467 0.999989867 0.000915958 -1.767433882 0.001859978 -0.000907766 0.999997854 64.031394958
0.999987721 0.004329199 -0.002382478 1.128484964 -0.004329128 0.999990642 0.000035115 -1.773675323 0.002382606 -0.000024801 0.999997139 64.561706543
0.999985635 0.005060846 -0.001761277 1.134107590 -0.005060360 0.999987185 0.000280594 -1.789251804 0.001762673 -0.000271677 0.999998391 65.106925964
0.999988317 0.004569404 -0.001546888 1.147176981 -0.004570099 0.999989390 -0.000445457 -1.800814152 0.001544835 0.000452521 0.999998689 65.671066284
0.999988019 0.004234319 -0.002454567 1.157473922 -0.004233330 0.999990940 0.000408091 -1.825238466 0.002456272 -0.000397695 0.999996901 66.174957275
0.999987423 0.004569298 -0.002092900 1.165491223 -0.004568852 0.999989510 0.000218382 -1.838564992 0.002093876 -0.000208817 0.999997795 66.729080200
0.999985158 0.005073409 -0.001961498 1.179450035 -0.005071954 0.999986887 0.000745679 -1.863167644 0.001965255 -0.000735719 0.999997854 67.275680542
0.999985039 0.004843712 -0.002530875 1.189187527 -0.004841414 0.999987841 0.000912970 -1.876595140 0.002535267 -0.000900703 0.999996364 67.784851074
0.999983728 0.005225411 -0.002280518 1.199892879 -0.005224110 0.999986172 0.000576179 -1.891961336 0.002283497 -0.000564256 0.999997199 68.314613342
0.999982178 0.005644567 -0.001949686 1.208191514 -0.005642683 0.999983609 0.000970145 -1.910152555 0.001955130 -0.000959126 0.999997616 68.869728088
0.999985814 0.004861901 -0.002158482 1.203187466 -0.004860830 0.999988019 0.000500975 -1.916899443 0.002160890 -0.000490476 0.999997556 69.413574219
0.999986529 0.004798244 -0.001963332 1.216782570 -0.004796864 0.999988139 0.000706706 -1.932407022 0.001966699 -0.000697278 0.999997854 69.960594177
0.999989390 0.004433012 -0.001280414 1.227188706 -0.004431921 0.999989808 0.000854608 -1.952649832 0.001284190 -0.000848924 0.999998808 70.518653870
0.999986470 0.004860719 -0.001856752 1.228996992 -0.004860430 0.999988198 0.000160337 -1.957285285 0.001857509 -0.000151310 0.999998271 71.036804199
0.999983907 0.005384034 -0.001753345 1.242216825 -0.005383479 0.999985516 0.000320656 -1.977192521 0.001755045 -0.000311212 0.999998450 71.586097717
0.999987185 0.004995118 -0.000846672 1.248069525 -0.004995380 0.999987483 -0.000308131 -1.980738640 0.000845122 0.000312356 0.999999583 72.122688293
0.999983490 0.005544799 -0.001527098 1.252540231 -0.005543537 0.999984264 0.000830121 -2.012062550 0.001531678 -0.000821642 0.999998510 72.645652771
0.999983907 0.005560911 -0.001156151 1.262224078 -0.005560305 0.999984324 0.000526210 -2.026691675 0.001159060 -0.000519773 0.999999166 73.196029663
0.999986589 0.005171918 -0.000475573 1.265649676 -0.005171597 0.999986410 0.000674785 -2.039549351 0.000479057 -0.000672316 0.999999702 73.742767334
0.999983668 0.005512542 -0.001522220 1.275994420 -0.005510607 0.999983966 0.001271567 -2.060342789 0.001529205 -0.001263158 0.999998033 74.241821289
0.999982715 0.005747623 -0.001263442 1.288158059 -0.005746175 0.999982834 0.001147728 -2.073880196 0.001270017 -0.001140448 0.999998510 74.789787292
0.999983728 0.005677062 -0.000570186 1.287719846 -0.005676418 0.999983311 0.001126089 -2.084345818 0.000576570 -0.001122835 0.999999166 75.331672668
0.999983668 0.005447720 -0.001726073 1.309900403 -0.005445041 0.999983966 0.001553251 -2.106566191 0.001734507 -0.001543827 0.999997258 75.857452393
0.999982119 0.005912508 -0.000935736 1.312878728 -0.005910960 0.999981165 0.001648209 -2.122355938 0.000945463 -0.001642648 0.999998212 76.399475098
0.999979258 0.006419469 -0.000467177 1.326113224 -0.006418872 0.999978542 0.001267652 -2.136611700 0.000475304 -0.001264627 0.999999106 76.952293396
0.999983966 0.005491850 -0.001363616 1.332330823 -0.005490252 0.999984264 0.001174116 -2.148873329 0.001370042 -0.001166611 0.999998391 77.488304138
0.999983013 0.005553300 -0.001757466 1.346844912 -0.005549975 0.999982834 0.001891693 -2.171370029 0.001767941 -0.001881907 0.999996722 78.018699646
0.999979436 0.006398600 -0.000050370 1.340978980 -0.006398522 0.999978542 0.001430477 -2.179308414 0.000059522 -0.001430126 0.999999046 78.581802368
0.999983907 0.005455900 -0.001562392 1.368221045 -0.005453454 0.999983907 0.001565212 -2.194865942 0.001570906 -0.001556666 0.999997556 79.110366821
0.999982715 0.005790538 -0.001045513 1.372183681 -0.005789233 0.999982417 0.001247302 -2.207355976 0.001052717 -0.001241227 0.999998689 79.660522461
0.999985278 0.005232059 -0.001403479 1.385220885 -0.005230699 0.999985814 0.000970312 -2.218415022 0.001408537 -0.000962956 0.999998569 80.187301636
0.999987304 0.005002109 0.000520957 1.389880300 -0.005002482 0.999987245 0.000715637 -2.229082346 -0.000517372 -0.000718234 0.999999642 80.740776062
0.999984682 0.005477797 0.000798542 1.405764580 -0.005478500 0.999984741 0.000882374 -2.245630264 -0.000793696 -0.000886735 0.999999225 81.271972656
0.999983191 0.005374048 0.002143645 1.419596195 -0.005376540 0.999984980 0.001158439 -2.265028954 -0.002137388 -0.001169945 0.999997020 81.811447144
0.999980032 0.005349298 0.003342867 1.429988384 -0.005352598 0.999985218 0.000978880 -2.275236368 -0.003337582 -0.000996754 0.999993920 82.347457886
0.999962747 0.005074113 0.006977194 1.447179079 -0.005080046 0.999986768 0.000832923 -2.291200161 -0.006972876 -0.000868336 0.999975324 82.896461487
0.999931335 0.005177188 0.010510387 1.467071056 -0.005186660 0.999986172 0.000874161 -2.304096222 -0.010505713 -0.000928615 0.999944329 83.425857544
0.999875486 0.006107917 0.014546833 1.479315996 -0.006120810 0.999980927 0.000841952 -2.319102526 -0.014541412 -0.000930886 0.999893844 83.974899292
0.999809265 0.006214842 0.018512104 1.509668946 -0.006230799 0.999980271 0.000804445 -2.333981514 -0.018506737 -0.000919637 0.999828339 84.517593384
0.999675155 0.005969728 0.024779376 1.534551859 -0.005984659 0.999981999 0.000528435 -2.349811077 -0.024775773 -0.000676559 0.999692917 85.069847107
0.999515116 0.005918093 0.030568836 1.571768403 -0.005954199 0.999981582 0.001090238 -2.369634151 -0.030561823 -0.001271722 0.999532104 85.600479126
0.999350309 0.005741314 0.035583716 1.603866696 -0.005780777 0.999982715 0.001006224 -2.388876200 -0.035577327 -0.001211271 0.999366105 86.132499695
0.999001741 0.006103382 0.044251665 1.635112762 -0.006147738 0.999980628 0.000866313 -2.399258614 -0.044245526 -0.001137496 0.999019980 86.692596436
0.998623669 0.005724739 0.052132763 1.686174870 -0.005784700 0.999982715 0.000999344 -2.418412209 -0.052126147 -0.001299541 0.998639584 87.236648560
0.998234570 0.005344535 0.059154008 1.727061033 -0.005427123 0.999984503 0.001235601 -2.429778814 -0.059146471 -0.001554455 0.998248100 87.765724182
0.997673869 0.004651812 0.068009861 1.788937092 -0.004747759 0.999987960 0.001249210 -2.443461180 -0.068003222 -0.001569198 0.997683883 88.313507080
0.996890187 0.005465866 0.078614548 1.850262165 -0.005605166 0.999983132 0.001551396 -2.462668180 -0.078604728 -0.001987219 0.996903956 88.844100952
0.996224165 0.004912467 0.086678617 1.915983677 -0.004983795 0.999987423 0.000606523 -2.472269058 -0.086674534 -0.001036221 0.996236145 89.388504028
0.995503485 0.004413463 0.094622321 1.990140438 -0.004488926 0.999989808 0.000584683 -2.488670111 -0.094618767 -0.001006807 0.995513141 89.932647705
0.994408488 0.004330938 0.105513081 2.061177254 -0.004438531 0.999989867 0.000784914 -2.504951477 -0.105508611 -0.001248848 0.994417608 90.468551636
0.993150830 0.004998334 0.116732225 2.129289627 -0.005094429 0.999986947 0.000524864 -2.516486406 -0.116728075 -0.001115953 0.993163347 91.017608643
0.992086828 0.004144578 0.125485450 2.226171494 -0.004244130 0.999990880 0.000526000 -2.531145334 -0.125482082 -0.001054414 0.992095351 91.563011169
0.990630329 0.004288279 0.136503741 2.313803673 -0.004452267 0.999989688 0.000896057 -2.543376207 -0.136498466 -0.001495412 0.990639210 92.091499329
0.988799036 0.003885164 0.149202704 2.415188789 -0.004073263 0.999991298 0.000955128 -2.563230038 -0.149197653 -0.001552171 0.988806188 92.641281128
0.987285495 0.003330833 0.158922151 2.530692101 -0.003542227 0.999993145 0.001046921 -2.583475590 -0.158917576 -0.001596549 0.987290561 93.141250610
0.985503137 0.003440929 0.169622362 2.642425537 -0.003712916 0.999992311 0.001286316 -2.602328777 -0.169616640 -0.001897462 0.985508323 93.673271179
0.983121812 0.003044336 0.182926446 2.742146492 -0.003343320 0.999993563 0.001326081 -2.619599581 -0.182921231 -0.001915281 0.983125687 94.181869507
0.980798602 0.002453145 0.195007518 2.888564110 -0.002683722 0.999996006 0.000918202 -2.622598886 -0.195004493 -0.001423917 0.980801344 94.753738403
0.978639722 0.001776622 0.205574811 3.017267227 -0.002080195 0.999997079 0.001260590 -2.640623808 -0.205571964 -0.001661299 0.978640616 95.276893616
0.975829780 0.002092845 0.218521997 3.164140701 -0.002360725 0.999996781 0.000964787 -2.652286768 -0.218519285 -0.001457338 0.975831628 95.809104919
0.972762406 0.002241486 0.231793582 3.298583984 -0.002420120 0.999996960 0.000486305 -2.656134844 -0.231791750 -0.001034027 0.972764850 96.342750549
0.970026553 0.001664108 0.242993221 3.448200226 -0.001891480 0.999997914 0.000702410 -2.674528122 -0.242991552 -0.001140973 0.970027685 96.874176025
0.966891408 0.002107674 0.255179197 3.605714798 -0.002419746 0.999996603 0.000909027 -2.685763836 -0.255176455 -0.001496400 0.966893375 97.393646240
0.963147640 0.001382102 0.268969655 3.765726089 -0.001633623 0.999998331 0.000711310 -2.702231407 -0.268968225 -0.001124492 0.963148355 97.912490845
0.959626317 0.000487484 0.281277508 3.944169998 -0.000622637 0.999999702 0.000391128 -2.716918707 -0.281277210 -0.000550470 0.959626436 98.433120728
0.956225872 0.000348546 0.292629302 4.127195358 -0.000640016 0.999999404 0.000900301 -2.731408834 -0.292628795 -0.001048179 0.956225574 98.965118408
0.951862931 0.000646034 0.306523234 4.291936874 -0.001165212 0.999998152 0.001510780 -2.760951519 -0.306521773 -0.001795220 0.951861978 99.449363708
0.947444022 0.000408511 0.319921255 4.490570068 -0.001048043 0.999997795 0.001826865 -2.776865959 -0.319919765 -0.002066144 0.947442353 99.953544617
0.943644941 -0.000514777 0.330959380 4.690959930 0.000149167 0.999999344 0.001130097 -2.780241489 -0.330959737 -0.001017042 0.943644285 100.447731018
0.938793421 -0.000775975 0.344479680 4.897935867 0.000288570 0.999998868 0.001466172 -2.804193020 -0.344480395 -0.001277026 0.938792646 100.976058960
0.933528483 -0.000788684 0.358502448 5.119682312 0.000435711 0.999999344 0.001065363 -2.818318367 -0.358503014 -0.000838344 0.933528185 101.479209900
0.928808749 -0.000942868 0.370558590 5.341777802 0.000324449 0.999998450 0.001731214 -2.836001873 -0.370559633 -0.001487739 0.928807378 101.979560852
0.924022615 -0.002034976 0.382332683 5.561368942 0.001589512 0.999997616 0.001480981 -2.845796108 -0.382334858 -0.000760737 0.924023569 102.475852966
0.918011129 -0.001809186 0.396550596 5.801883698 0.001263227 0.999997914 0.001637941 -2.865099907 -0.396552712 -0.001002714 0.918011427 102.958984375
0.912170649 -0.002110970 0.409805268 6.039554596 0.001631986 0.999997497 0.001518563 -2.878117800 -0.409807473 -0.000716392 0.912171781 103.432815552
0.907180727 -0.002541465 0.420733482 6.282184601 0.002080107 0.999996543 0.001555434 -2.885917425 -0.420736074 -0.000535889 0.907182932 103.937873840
0.900850356 -0.003105678 0.434118867 6.539508820 0.002651529 0.999995053 0.001651697 -2.903283834 -0.434121847 -0.000336853 0.900854170 104.413482666
0.894115508 -0.003201920 0.447824955 6.805854797 0.002736103 0.999994755 0.001687068 -2.919129848 -0.447828054 -0.000283138 0.894119680 104.888488770
0.888190210 -0.003899555 0.459459424 7.060375214 0.003375667 0.999992311 0.001961634 -2.927212000 -0.459463567 -0.000191322 0.888196588 105.357154846
0.882290065 -0.004449574 0.470685124 7.334136963 0.004046432 0.999990106 0.001868347 -2.936602831 -0.470688790 0.000256172 0.882299304 105.834991455
0.875090539 -0.004684361 0.483936638 7.621299744 0.004287122 0.999988914 0.001927297 -2.952898979 -0.483940333 0.000388136 0.875100911 106.299850464
