1.000000000 0.000000000 0.000000000 0.000000000 0.000000000 1.000000000 0.000000000 0.000000000 0.000000000 0.000000000 1.000000000 0.000000000
1.000000000 0.000086339 0.000018794 -0.001311533 -0.000086338 1.000000000 -0.000063679 0.001389043 -0.000018800 0.000063677 1.000000000 0.003056986
1.000000000 0.000077245 -0.000021652 0.000894784 -0.000077246 1.000000000 -0.000020239 0.000827693 0.000021650 0.000020241 1.000000000 0.003150249
1.000000000 0.000214496 0.000066281 -0.000096989 -0.000214497 1.000000000 0.000006138 0.000644270 -0.000066279 -0.000006153 1.000000000 -0.002931243
1.000000000 0.000080208 -0.000026860 0.003343308 -0.000080210 1.000000000 -0.000083483 0.002000917 0.000026853 0.000083486 1.000000000 -0.001243768
1.000000000 0.000000681 -0.000016541 0.001238010 -0.000000680 1.000000000 0.000019741 0.000586743 0.000016541 -0.000019741 1.000000000 0.000244893
1.000000000 0.000089663 0.000017872 -0.000453462 -0.000089663 1.000000000 -0.000030001 0.001244397 -0.000017875 0.000030000 1.000000000 -0.001774448
1.000000000 0.000053583 0.000031891 0.000111800 -0.000053584 1.000000000 0.000039497 0.000970322 -0.000031889 -0.000039498 1.000000000 -0.000403850
1.000000000 0.000012348 0.000146875 -0.004423664 -0.000012336 1.000000000 -0.000081931 0.002905146 -0.000146876 0.000081929 1.000000000 0.004177001
1.000000000 0.000103437 0.000094853 -0.001562249 -0.000103434 1.000000000 -0.000035601 0.000624170 -0.000094857 0.000035591 1.000000000 -0.001211300
1.000000000 0.000171225 0.000066919 0.000287331 -0.000171227 1.000000000 0.000023343 0.001713653 -0.000066915 -0.000023354 1.000000000 -0.002154907
1.000000000 0.000073803 0.000017310 0.000082565 -0.000073803 1.000000000 -0.000010210 0.000795621 -0.000017311 0.000010209 1.000000000 -0.006249443
1.000000000 0.000124843 0.000152755 -0.003685537 -0.000124841 1.000000000 -0.000010275 0.001809206 -0.000152756 0.000010256 1.000000000 -0.003465659
1.000000000 -0.000105339 0.000063223 -0.000829680 0.000105338 1.000000000 0.000012602 -0.000214084 -0.000063224 -0.000012595 1.000000000 -0.000332060
1.000000000 0.000055708 0.000055062 -0.000011005 -0.000055709 1.000000000 0.000015134 0.000725129 -0.000055061 -0.000015137 1.000000000 -0.002459844
1.000000000 -0.000002482 0.000002017 0.000723834 0.000002482 1.000000000 0.000026601 0.000650627 -0.000002017 -0.000026601 1.000000000 -0.003155424
1.000000000 -0.000064749 -0.000023111 0.000813536 0.000064749 1.000000000 0.000013820 0.000329823 0.000023110 -0.000013822 1.000000000 -0.005255123
1.000000000 0.000039386 0.000051048 -0.000623336 -0.000039387 1.000000000 0.000020186 -0.000516518 -0.000051048 -0.000020188 1.000000000 -0.003515753
1.000000000 0.000035673 -0.000010754 0.000711435 -0.000035673 1.000000000 0.000020139 0.000916474 0.000010755 -0.000020139 1.000000000 -0.005351879
1.000000000 -0.000060707 -0.000008951 -0.000846918 0.000060707 1.000000000 0.000010958 0.000340065 0.000008951 -0.000010958 1.000000000 -0.005438752
1.000000000 0.000062864 0.000060418 -0.000571491 -0.000062867 1.000000000 0.000046523 -0.000530143 -0.000060416 -0.000046527 1.000000000 -0.007215671
1.000000000 -0.000044387 0.000017904 -0.000088780 0.000044387 1.000000000 0.000017968 -0.001065403 -0.000017905 -0.000017968 1.000000000 -0.004548681
1.000000000 0.000093155 0.000146213 -0.004980123 -0.000093135 1.000000000 -0.000135503 0.002655606 -0.000146226 0.000135489 1.000000000 0.002497503
1.000000000 -0.000038903 -0.000004524 0.000875136 0.000038903 1.000000000 -0.000020862 0.000026938 0.000004525 0.000020862 1.000000000 -0.001795067
1.000000000 -0.000060815 0.000047947 -0.001744087 0.000060815 1.000000000 0.000004243 0.001184402 -0.000047947 -0.000004240 1.000000000 0.000213842
1.000000000 -0.000011960 -0.000024184 0.001121147 0.000011959 1.000000000 -0.000021415 0.000938322 0.000024185 0.000021415 1.000000000 -0.005294459
1.000000000 -0.000119637 0.000042464 -0.001780853 0.000119639 1.000000000 -0.000033141 0.002277053 -0.000042460 0.000033146 1.000000000 -0.001564831
1.000000000 0.000074527 0.000054847 -0.000496627 -0.000074525 1.000000000 -0.000026596 0.000534662 -0.000054849 0.000026592 1.000000000 -0.005476043
1.000000000 -0.000090427 0.000046761 -0.001990789 0.000090423 1.000000000 0.000072521 -0.000075377 -0.000046768 -0.000072517 1.000000000 -0.002049808
1.000000000 -0.000063067 0.000071270 -0.004383395 0.000063072 1.000000000 -0.000079333 0.004052600 -0.000071265 0.000079338 1.000000000 0.001661005
1.000000000 -0.000082741 0.000045120 -0.001605689 0.000082743 1.000000000 -0.000028908 0.001074319 -0.000045117 0.000028911 1.000000000 0.000085717
1.000000000 0.000011179 0.000081019 -0.002670646 -0.000011183 1.000000000 0.000052226 0.000400840 -0.000081018 -0.000052227 1.000000000 0.000507749
1.000000000 -0.000114253 0.000048824 -0.003336124 0.000114252 1.000000000 0.000030336 0.000974581 -0.000048828 -0.000030331 1.000000000 -0.000966584
1.000000000 -0.000022642 0.000033482 -0.000719679 0.000022640 1.000000000 0.000052766 -0.000808251 -0.000033483 -0.000052765 1.000000000 -0.003498645
0.999999940 0.000245001 0.000135101 -0.003091786 -0.000244997 0.999999940 -0.000024990 0.000694557 -0.000135107 0.000024957 1.000000000 -0.000602875
1.000000000 0.000019417 0.000051658 -0.001070945 -0.000019418 1.000000000 0.000033784 0.000452616 -0.000051657 -0.000033785 1.000000000 -0.001384982
1.000000000 -0.000006176 -0.000024974 0.000461384 0.000006178 1.000000000 0.000089484 -0.000120563 0.000024974 -0.000089484 1.000000000 -0.007215349
1.000000000 0.000022072 0.000024698 -0.000723104 -0.000022070 1.000000000 -0.000100038 0.002069633 -0.000024701 0.000100037 1.000000000 -0.002830088
1.000000000 -0.000044617 -0.000020556 0.001054815 0.000044619 1.000000000 0.000072012 -0.000486514 0.000020553 -0.000072012 1.000000000 -0.004377254
1.000000000 -0.000017855 0.000014125 0.000255246 0.000017854 1.000000000 0.000048610 0.000806084 -0.000014125 -0.000048609 1.000000000 -0.003037959
1.000000000 -0.000211368 -0.000007276 0.001048006 0.000211368 1.000000000 0.000064815 -0.000685863 0.000007262 -0.000064817 1.000000000 -0.001592982
1.000000000 -0.000077524 0.000045279 0.002552638 0.000077544 0.999999881 -0.000457773 -0.005388198 -0.000045243 0.000457776 0.999999881 0.048967455
1.000000000 -0.000022508 0.000062124 0.004081308 0.000022584 0.999999285 -0.001209965 -0.003209787 -0.000062097 0.001209966 0.999999285 0.144845784
1.000000000 -0.000079040 -0.000007095 0.006021803 0.000079030 0.999999046 -0.001397796 -0.011413294 0.000007206 0.001397796 0.999999046 0.258458108
1.000000000 -0.000066459 0.000122805 0.004827008 0.000066625 0.999999106 -0.001352328 -0.015589111 -0.000122715 0.001352336 0.999999106 0.386506140
1.000000000 0.000049111 -0.000026658 0.007637105 -0.000049137 0.999999523 -0.001003848 -0.023097308 0.000026609 0.001003850 0.999999523 0.531307101
1.000000000 0.000099109 0.000075386 0.007330616 -0.000099048 0.999999642 -0.000821129 -0.032251101 -0.000075468 0.000821122 0.999999642 0.682464898
1.000000000 -0.000101593 0.000029347 0.011801045 0.000101611 0.999999821 -0.000603642 -0.035855964 -0.000029285 0.000603645 0.999999821 0.856936753
1.000000000 -0.000005356 -0.000134241 0.024915216 0.000005279 0.999999821 -0.000571830 -0.035606578 0.000134244 0.000571830 0.999999821 1.028094888
0.999999762 0.000604180 0.000408442 -0.001019641 -0.000603927 0.999999642 -0.000618253 -0.036289230 -0.000408815 0.000618006 0.999999702 1.199094296
0.999999940 0.000370339 0.000061868 0.016875675 -0.000370316 0.999999881 -0.000373735 -0.039517269 -0.000062006 0.000373712 0.999999940 1.380922437
0.999999821 0.000397591 0.000412015 0.010932919 -0.000397429 0.999999821 -0.000394981 -0.052092575 -0.000412172 0.000394818 0.999999821 1.570858002
0.999999583 0.000575639 0.000695254 0.012504070 -0.000575366 0.999999702 -0.000392932 -0.056900568 -0.000695480 0.000392532 0.999999702 1.768439293
0.999999344 0.000668451 0.000839823 0.010241270 -0.000668552 0.999999702 0.000119231 -0.069315009 -0.000839743 -0.000119793 0.999999583 1.966469169
0.999999464 0.000520052 0.000870893 0.015445946 -0.000520148 0.999999881 0.000109251 -0.072849870 -0.000870837 -0.000109704 0.999999642 2.189338446
0.999999344 0.000750525 0.000831049 0.020693220 -0.000750776 0.999999642 0.000301987 -0.080864884 -0.000830822 -0.000302611 0.999999583 2.398487091
0.999999106 0.001087649 0.000801899 0.025863569 -0.001088006 0.999999285 0.000445556 -0.089031093 -0.000801414 -0.000446428 0.999999583 2.621951818
0.999999404 0.000573405 0.000871414 0.030742200 -0.000573930 0.999999642 0.000602912 -0.097262301 -0.000871068 -0.000603412 0.999999404 2.856718302
0.999999464 0.000697159 0.000762162 0.043601755 -0.000697596 0.999999583 0.000573432 -0.103451744 -0.000761762 -0.000573964 0.999999523 3.093194723
0.999999523 0.000322998 0.000834901 0.047450978 -0.000323412 0.999999762 0.000495708 -0.111472815 -0.000834741 -0.000495978 0.999999523 3.347902775
0.999999404 0.000754487 0.000812652 0.053548742 -0.000754814 0.999999642 0.000402624 -0.117978156 -0.000812348 -0.000403237 0.999999583 3.586887598
0.999999404 0.000889242 0.000649934 0.060030248 -0.000889512 0.999999523 0.000414840 -0.126766101 -0.000649565 -0.000415418 0.999999642 3.832531929
0.999999404 0.000670959 0.000876535 0.062141739 -0.000671761 0.999999344 0.000914497 -0.136413887 -0.000875920 -0.000915085 0.999999225 4.095002174
0.999999106 0.000932897 0.000926083 0.067209579 -0.000933992 0.999998868 0.001182252 -0.146323338 -0.000924979 -0.001183116 0.999998868 4.349213123
0.999999523 0.000604865 0.000653168 0.077782653 -0.000605642 0.999999106 0.001190173 -0.153633848 -0.000652447 -0.001190568 0.999999106 4.615097046
0.999999166 0.000811366 0.001013890 0.082223333 -0.000812463 0.999999106 0.001082634 -0.156310990 -0.001013011 -0.001083457 0.999998927 4.873280048
0.999998748 0.001109250 0.001213102 0.078615203 -0.001110699 0.999998689 0.001194028 -0.168714076 -0.001211776 -0.001195373 0.999998629 5.125611782
0.999998868 0.000829289 0.001268108 0.083834454 -0.000831096 0.999998569 0.001424797 -0.180729344 -0.001266924 -0.001425849 0.999998152 5.389718533
0.999999106 0.000620585 0.001235056 0.090649486 -0.000622473 0.999998569 0.001528941 -0.189985424 -0.001234105 -0.001529708 0.999998033 5.653781414
0.999999046 0.000644536 0.001158431 0.096126318 -0.000646322 0.999998629 0.001541975 -0.201570377 -0.001157436 -0.001542723 0.999998093 5.923667908
0.999998927 0.000718320 0.001206504 0.100763343 -0.000720331 0.999998391 0.001667497 -0.214843541 -0.001205304 -0.001668365 0.999997854 6.185576439
0.999998152 0.000876706 0.001667136 0.104238026 -0.000879775 0.999997854 0.001841229 -0.224780172 -0.001665518 -0.001842693 0.999996901 6.469477177
0.999997854 0.001326367 0.001607404 0.116916478 -0.001328940 0.999997854 0.001600684 -0.229043588 -0.001605278 -0.001602817 0.999997437 6.759055138
0.999998510 0.000776892 0.001509362 0.117026240 -0.000779060 0.999998629 0.001435952 -0.235429659 -0.001508245 -0.001437126 0.999997854 7.066721916
0.999999344 0.000344517 0.001134096 0.132462725 -0.000346494 0.999998510 0.001743997 -0.250187814 -0.001133493 -0.001744389 0.999997854 7.356842041
0.999999285 0.000192168 0.001192495 0.135793418 -0.000194301 0.999998391 0.001788744 -0.259953201 -0.001192149 -0.001788974 0.999997735 7.670878887
0.999998748 0.000727050 0.001388860 0.138149425 -0.000729470 0.999998331 0.001742606 -0.266220540 -0.001387591 -0.001743617 0.999997437 7.991291046
0.999999344 0.000342545 0.001075462 0.154119477 -0.000344496 0.999998391 0.001814441 -0.276617795 -0.001074838 -0.001814810 0.999997735 8.297869682
0.999998391 0.001110429 0.001380316 0.157301381 -0.001112573 0.999998152 0.001553663 -0.281067371 -0.001378588 -0.001555196 0.999997854 8.628840446
0.999997377 0.001431304 0.001765357 0.154654115 -0.001434627 0.999997139 0.001882819 -0.289487928 -0.001762657 -0.001885347 0.999996722 8.967150688
0.999998093 0.000892698 0.001770693 0.167110324 -0.000895474 0.999998391 0.001567144 -0.297937781 -0.001769292 -0.001568726 0.999997258 9.310503960
0.999999285 0.000139497 0.001196489 0.181754678 -0.000141877 0.999998033 0.001988773 -0.314109683 -0.001196209 -0.001988941 0.999997318 9.635421753
0.999999285 0.000174662 0.001210312 0.191794634 -0.000177165 0.999997854 0.002067902 -0.325520515 -0.001209948 -0.002068115 0.999997139 9.977035522
0.999998987 0.000475128 0.001321621 0.201968804 -0.000477761 0.999997973 0.001992663 -0.334985286 -0.001320671 -0.001993292 0.999997139 10.325643539
0.999999166 0.000537359 0.001105093 0.204020157 -0.000539672 0.999997675 0.002094259 -0.351172864 -0.001103965 -0.002094855 0.999997139 10.703066826
0.999999583 0.000111208 0.000957317 0.215379357 -0.000113478 0.999997199 0.002371358 -0.361561447 -0.000957050 -0.002371466 0.999996722 11.079631805
0.999999166 0.000453074 0.001228561 0.217740223 -0.000455529 0.999997914 0.001999130 -0.370408654 -0.001227653 -0.001999688 0.999997258 11.456068993
0.999999583 -0.000081489 0.000901305 0.229373872 0.000079619 0.999997854 0.002075295 -0.378657728 -0.000901472 -0.002075223 0.999997437 11.838202477
0.999999523 -0.000213863 0.000968185 0.247354344 0.000211712 0.999997616 0.002220850 -0.389998615 -0.000968657 -0.002220643 0.999997079 12.212310791
0.999998748 0.000458572 0.001531344 0.233671561 -0.000463086 0.999995649 0.002948655 -0.417785108 -0.001529985 -0.002949361 0.999994457 12.576609612
0.999998808 0.000615445 0.001411618 0.244462326 -0.000619385 0.999995887 0.002792903 -0.424574077 -0.001409893 -0.002793774 0.999995112 12.983939171
0.999999404 0.000349582 0.001058308 0.267376840 -0.000352979 0.999994814 0.003210921 -0.445118546 -0.001057180 -0.003211292 0.999994278 13.381337166
0.999998808 0.000165951 0.001602647 0.272057801 -0.000171421 0.999994159 0.003413602 -0.468776792 -0.001602072 -0.003413872 0.999992907 13.782850266
0.999998629 0.000061419 0.001653613 0.281958401 -0.000067252 0.999993682 0.003527781 -0.477522641 -0.001653386 -0.003527887 0.999992430 14.207061768
0.999998450 0.000458631 0.001696256 0.292095989 -0.000465163 0.999992609 0.003852674 -0.499353915 -0.001694476 -0.003853458 0.999991059 14.613053322
0.999998212 0.000383160 0.001820404 0.300382435 -0.000390390 0.999992073 0.003973194 -0.514693737 -0.001818867 -0.003973898 0.999990404 15.018849373
0.999997556 0.000448728 0.002177135 0.311203182 -0.000457963 0.999990880 0.004242790 -0.525513709 -0.002175211 -0.004243777 0.999988556 15.442109108
0.999996603 0.000145895 0.002606052 0.323617816 -0.000155184 0.999993622 0.003564689 -0.540924549 -0.002605516 -0.003565081 0.999990225 15.892420769
0.999995947 -0.000123743 0.002825440 0.338816375 0.000113344 0.999993265 0.003680230 -0.552959204 -0.002825877 -0.003679895 0.999989212 16.334276199
0.999995887 0.000036940 0.002852649 0.348683953 -0.000047570 0.999993026 0.003726216 -0.567099214 -0.002852492 -0.003726337 0.999989033 16.767257690
0.999994636 0.000576185 0.003233223 0.362735510 -0.000589369 0.999991477 0.004077941 -0.594222844 -0.003230846 -0.004079824 0.999986470 17.226484299
0.999994695 0.000447476 0.003229813 0.373325199 -0.000459600 0.999992788 0.003754086 -0.601387382 -0.003228111 -0.003755550 0.999987721 17.684272766
0.999992847 0.000291763 0.003778231 0.388491094 -0.000305856 0.999993026 0.003730193 -0.619279683 -0.003777116 -0.003731322 0.999985933 18.159923553
0.999992669 -0.000201327 0.003820928 0.394692987 0.000183629 0.999989271 0.004631652 -0.636473000 -0.003821820 -0.004630916 0.999981999 18.624975204
0.999993384 -0.000249680 0.003640903 0.409365803 0.000233779 0.999990523 0.004367331 -0.645330608 -0.003641959 -0.004366451 0.999983907 19.096275330
0.999993503 -0.000878245 0.003485718 0.429525495 0.000862604 0.999989629 0.004486054 -0.657682896 -0.003489621 -0.004483018 0.999983907 19.569923401
0.999993324 -0.000664525 0.003584507 0.433712184 0.000647927 0.999989152 0.004629886 -0.667039454 -0.003587544 -0.004627533 0.999982893 20.061243057
0.999990880 0.000374935 0.004247244 0.431136012 -0.000397394 0.999986053 0.005288214 -0.709040165 -0.004245203 -0.005289855 0.999976993 20.490955353
0.999993086 -0.000539690 0.003690111 0.448146760 0.000518714 0.999983668 0.005682918 -0.725096583 -0.003693118 -0.005680965 0.999977052 20.985433578
0.999995589 -0.000706900 0.002883194 0.451665014 0.000690941 0.999984443 0.005532382 -0.740183890 -0.002887061 -0.005530367 0.999980569 21.516136169
0.999995887 -0.000676554 0.002778531 0.460318804 0.000661954 0.999985993 0.005252270 -0.754633367 -0.002782045 -0.005250411 0.999982357 21.964649200
0.999995768 -0.000804953 0.002806262 0.472155005 0.000789126 0.999983847 0.005636261 -0.768845320 -0.002810754 -0.005634022 0.999980152 22.495552063
0.999997377 -0.000836784 0.002117415 0.479800940 0.000824201 0.999981999 0.005936679 -0.784738779 -0.002122345 -0.005934919 0.999980211 22.993715286
0.999998391 -0.000787232 0.001558949 0.477684259 0.000777982 0.999982119 0.005924760 -0.800498545 -0.001563585 -0.005923538 0.999981225 23.450996399
0.999998331 -0.001482990 0.001058240 0.487224400 0.001476746 0.999981642 0.005876481 -0.816456616 -0.001066935 -0.005874908 0.999982119 23.962661743
0.999999642 -0.000629086 0.000529003 0.496045232 0.000625878 0.999981463 0.006042748 -0.828747034 -0.000532795 -0.006042414 0.999981582 24.473007202
0.999999464 -0.000911116 -0.000277613 0.511438608 0.000912873 0.999979138 0.006399047 -0.841489553 0.000271777 -0.006399297 0.999979496 25.008003235
0.999999583 -0.000523104 -0.000723360 0.512771606 0.000527934 0.999977469 0.006693503 -0.856076062 0.000719842 -0.006693882 0.999977350 25.523735046
0.999999642 -0.000260981 -0.000834917 0.520280719 0.000266541 0.999977767 0.006666188 -0.869495690 0.000833158 -0.006666408 0.999977410 26.057846069
0.999998689 -0.000952301 -0.001329848 0.536205292 0.000961737 0.999974251 0.007112730 -0.877369583 0.001323041 -0.007114000 0.999973774 26.598239899
0.999998033 -0.000856668 -0.001762958 0.546942115 0.000869572 0.999972761 0.007332210 -0.895946980 0.001756629 -0.007333730 0.999971569 27.113842010
0.999997437 -0.000647929 -0.002159922 0.563277543 0.000663707 0.999973059 0.007312458 -0.912482321 0.002155126 -0.007313872 0.999970913 27.641551971
0.999996006 -0.000850342 -0.002693422 0.569463551 0.000870956 0.999970198 0.007661579 -0.930101395 0.002686828 -0.007663894 0.999967039 28.182683945
0.999993563 -0.000723405 -0.003505259 0.585874438 0.000750240 0.999970376 0.007660462 -0.946462035 0.003499613 -0.007663043 0.999964476 28.722190857
0.999992073 -0.001328680 -0.003746264 0.588182092 0.001356878 0.999970675 0.007534559 -0.955303252 0.003736142 -0.007539582 0.999964595 29.265989304
0.999993026 -0.000767566 -0.003651377 0.587709665 0.000796542 0.999968112 0.007940811 -0.971626282 0.003645164 -0.007943663 0.999961793 29.787689209
0.999991596 -0.000845091 -0.003998055 0.596446991 0.000875453 0.999970734 0.007598589 -0.981854975 0.003991516 -0.007602025 0.999963164 30.328937531
0.999990940 -0.000697360 -0.004196278 0.604983926 0.000731660 0.999966264 0.008177914 -1.003877640 0.004190433 -0.008180911 0.999957681 30.868299484
0.999989688 -0.000802161 -0.004474631 0.612677753 0.000840445 0.999962926 0.008560518 -1.020167828 0.004467598 -0.008564189 0.999953330 31.396095276
0.999991000 -0.000555685 -0.004210175 0.617286325 0.000591722 0.999963105 0.008563039 -1.034633636 0.004205262 -0.008565452 0.999954462 31.940149307
0.999989092 -0.000536022 -0.004657680 0.622700214 0.000574968 0.999964774 0.008364377 -1.031388760 0.004653033 -0.008366962 0.999954164 32.492599487
0.999989212 -0.000735658 -0.004589938 0.605160356 0.000774773 0.999963343 0.008525866 -1.068673134 0.004583496 -0.008529331 0.999953032 32.957736969
0.999986887 -0.000404348 -0.005099476 0.621441424 0.000445178 0.999967813 0.008008073 -1.045139074 0.005096073 -0.008010238 0.999954879 33.587657928
0.999987304 -0.000042333 -0.005028320 0.624355316 0.000087361 0.999959886 0.008955085 -1.099790454 0.005027738 -0.008955411 0.999947250 34.027767181
0.999985218 -0.000358744 -0.005416032 0.643194437 0.000406764 0.999960601 0.008867693 -1.110986114 0.005412636 -0.008869764 0.999945939 34.557582855
0.999983966 -0.000954743 -0.005576901 0.643299222 0.001005341 0.999958277 0.009076995 -1.126235843 0.005568002 -0.009082456 0.999943256 35.082286835
0.999985278 -0.000503099 -0.005393798 0.645672798 0.000550227 0.999961615 0.008739453 -1.130350232 0.005389195 -0.008742293 0.999947250 35.640098572
0.999984920 -0.000364522 -0.005478553 0.659878075 0.000411247 0.999963522 0.008530032 -1.143711805 0.005475244 -0.008532157 0.999948621 36.204452515
0.999982655 -0.000664959 -0.005843541 0.662985384 0.000712974 0.999965906 0.008218506 -1.155675173 0.005837876 -0.008222530 0.999949157 36.734260559
0.999979973 -0.000463274 -0.006324358 0.695464790 0.000518743 0.999961317 0.008771882 -1.174540043 0.006320051 -0.008774986 0.999941528 37.248775482
0.999982476 -0.000504981 -0.005893794 0.693539560 0.000558750 0.999958217 0.009124801 -1.182722330 0.005888940 -0.009127933 0.999940991 37.752361298
0.999980569 0.000149926 -0.006231515 0.702359200 -0.000095846 0.999962330 0.008677905 -1.189075351 0.006232581 -0.008677139 0.999942899 38.296520233
0.999979973 0.000526129 -0.006290941 0.718129277 -0.000467253 0.999956131 0.009356750 -1.233965397 0.006295586 -0.009353625 0.999936461 38.849620819
0.999971747 -0.002380913 -0.007130214 0.725811720 0.002457198 0.999939620 0.010709330 -1.255872250 0.007104286 -0.010726549 0.999917150 39.287975311
0.999969304 -0.002283677 -0.007493693 0.740362525 0.002360700 0.999944270 0.010285657 -1.264091969 0.007469787 -0.010303032 0.999918997 39.837779999
0.999974549 -0.001311922 -0.007016791 0.739050388 0.001381584 0.999949753 0.009932266 -1.273917556 0.007003407 -0.009941706 0.999926031 40.371185303
0.999977171 -0.000404027 -0.006746926 0.729416370 0.000470355 0.999951541 0.009832279 -1.285732031 0.006742627 -0.009835227 0.999928892 40.876388550
0.999972105 -0.001619232 -0.007284847 0.763561726 0.001696106 0.999942780 0.010558848 -1.306562662 0.007267333 -0.010570910 0.999917686 41.459529877
0.999977231 -0.000332630 -0.006737238 0.741664708 0.000399873 0.999950111 0.009981947 -1.313755035 0.006733580 -0.009984414 0.999927461 41.926460266
0.999979138 -0.000239975 -0.006455620 0.736011267 0.000305475 0.999948382 0.010147007 -1.324887991 0.006452852 -0.010148766 0.999927700 42.445499420
0.999979496 -0.000585413 -0.006380945 0.737906575 0.000650270 0.999948084 0.010166851 -1.338205218 0.006374661 -0.010170793 0.999927938 42.972187042
0.999979436 -0.000657447 -0.006366787 0.739910066 0.000722800 0.999947011 0.010267791 -1.351135492 0.006359698 -0.010272183 0.999927044 43.501811981
0.999976397 -0.000703201 -0.006838807 0.759293795 0.000772870 0.999947727 0.010190055 -1.359402657 0.006831284 -0.010195100 0.999924719 44.045314789
0.999978542 -0.000260699 -0.006543504 0.765742540 0.000325141 0.999951422 0.009849084 -1.371670246 0.006540618 -0.009851000 0.999930084 44.581249237
0.999977589 -0.000654586 -0.006648733 0.771790147 0.000719821 0.999951541 0.009814047 -1.378250360 0.006641986 -0.009818616 0.999929667 45.111888885
0.999975681 -0.000550985 -0.006950402 0.787908435 0.000619482 0.999951184 0.009856869 -1.389048338 0.006944632 -0.009860935 0.999927282 45.634269714
0.999977112 0.000293856 -0.006751495 0.792178035 -0.000228598 0.999953330 0.009664482 -1.403536201 0.006754020 -0.009662719 0.999930501 46.172256470
0.999975502 -0.000731377 -0.006954367 0.791493177 0.000800705 0.999949932 0.009971409 -1.408667207 0.006946724 -0.009976733 0.999926031 46.684455872
0.999972522 -0.000530928 -0.007383504 0.805577040 0.000602615 0.999952674 0.009710196 -1.416153193 0.007377999 -0.009714379 0.999925554 47.230705261
0.999977112 -0.000706407 -0.006730460 0.804611742 0.000775792 0.999946535 0.010312097 -1.434617519 0.006722815 -0.010317081 0.999924183 47.717685699
0.999967039 -0.001384478 -0.007998160 0.836563051 0.001467628 0.999944806 0.010399600 -1.446738362 0.007983321 -0.010410994 0.999913931 48.306278229
0.999974608 -0.000930695 -0.007055204 0.825779438 0.001005996 0.999942482 0.010677114 -1.459592581 0.007044861 -0.010683940 0.999918103 48.740177155
0.999975145 -0.000906159 -0.006986290 0.827659845 0.000979166 0.999944806 0.010453694 -1.465985775 0.006976431 -0.010460274 0.999920964 49.266262054
0.999975145 -0.001090853 -0.006962315 0.830748737 0.001164072 0.999943972 0.010520989 -1.480780840 0.006950448 -0.010528835 0.999920428 49.779331207
0.999976516 -0.000552808 -0.006832880 0.838294625 0.000623165 0.999946773 0.010298966 -1.482185245 0.006826825 -0.010302982 0.999923646 50.301147461
0.999975979 -0.000805626 -0.006885734 0.844286144 0.000879006 0.999942780 0.010660430 -1.493496299 0.006876750 -0.010666227 0.999919474 50.820926666
0.999977410 -0.000681250 -0.006699648 0.853608370 0.000753180 0.999942064 0.010739760 -1.508417964 0.006691943 -0.010744562 0.999919891 51.331230164
0.999981463 0.000431667 -0.006079447 0.840665579 -0.000364252 0.999938428 0.011085724 -1.517225504 0.006083859 -0.011083304 0.999920070 51.882144928
0.999986410 0.000687497 -0.005174204 0.829327583 -0.000630793 0.999939799 0.010952621 -1.537971258 0.005181424 -0.010949207 0.999926627 52.416988373
0.999982834 0.000864836 -0.005796023 0.869723439 -0.000794635 0.999926388 0.012103298 -1.573861599 0.005806064 -0.012098484 0.999909997 52.863491058
0.999976456 0.001021335 -0.006796513 0.969956994 -0.000934788 0.999918580 0.012724990 -1.601536155 0.006808956 -0.012718337 0.999895990 53.283458710
0.999979019 0.000642171 -0.006461657 0.978064716 -0.000564346 0.999927342 0.012038622 -1.639881492 0.006468919 -0.012034721 0.999906659 53.656841278
0.999971390 0.000786545 -0.007526916 1.065303326 -0.000700703 0.999934733 0.011400538 -1.584272861 0.007535392 -0.011394936 0.999906659 54.490306854
0.999981403 0.002086021 -0.005721438 0.977368712 -0.002019334 0.999930203 0.011636804 -1.649927855 0.005745313 -0.011625034 0.999915898 54.750446320
0.999978900 0.001218833 -0.006375202 1.004041076 -0.001144599 0.999931693 0.011634978 -1.656769514 0.006388945 -0.011627436 0.999911964 55.248893738
0.999981284 0.001168421 -0.006001627 0.996576667 -0.001094394 0.999923408 0.012323111 -1.671481013 0.006015567 -0.012316312 0.999906063 55.636859894
0.999975741 0.001327610 -0.006841251 1.070547342 -0.001242952 0.999922812 0.012364141 -1.668589115 0.006857138 -0.012355335 0.999900103 56.413616180
0.999981999 0.000607966 -0.005970183 1.018356919 -0.000534268 0.999923706 0.012338143 -1.697312117 0.005977231 -0.012334730 0.999906063 56.651351929
0.999980927 0.000634717 -0.006148430 1.029137373 -0.000558312 0.999922633 0.012420376 -1.702001572 0.006155840 -0.012416706 0.999903977 57.173480988
0.999981821 0.000929758 -0.005955288 1.033910275 -0.000856153 0.999923348 0.012350207 -1.711625576 0.005966314 -0.012344884 0.999906003 57.697071075
0.999982715 0.001044388 -0.005771058 1.037722826 -0.000970057 0.999916732 0.012867799 -1.726256847 0.005784015 -0.012861979 0.999900520 58.244590759
0.999981880 0.000604867 -0.005988452 1.057201385 -0.000530413 0.999922633 0.012426748 -1.732150078 0.005995505 -0.012423346 0.999904811 58.701892853
0.999983251 0.001637974 -0.005547384 1.074162602 -0.001567483 0.999918282 0.012687741 -1.740434885 0.005567714 -0.012678834 0.999904156 59.349933624
0.999983668 0.001576931 -0.005490325 1.075941324 -0.001507519 0.999919116 0.012623866 -1.754762888 0.005509788 -0.012615384 0.999905229 59.798210144
0.999979377 0.000668825 -0.006375899 1.112764239 -0.000587440 0.999918461 0.012757684 -1.775698185 0.006383911 -0.012753677 0.999898255 60.296054840
0.999980986 0.000979359 -0.006076809 1.085633516 -0.000904313 0.999923468 0.012339981 -1.783520937 0.006088428 -0.012334251 0.999905348 60.787532806
0.999978900 0.000709761 -0.006463094 1.096313477 -0.000624563 0.999912977 0.013174703 -1.785794497 0.006471882 -0.013170389 0.999892354 61.283142090
0.999979258 0.001474011 -0.006266768 1.107553720 -0.001395420 0.999920487 0.012526801 -1.791606903 0.006284737 -0.012517796 0.999901891 61.721607208
0.999979317 0.002329536 -0.005985618 1.180662632 -0.002252778 0.999915481 0.012798565 -1.783589959 0.006014928 -0.012784817 0.999900162 62.474441528
0.999977767 0.000680332 -0.006623587 1.163366914 -0.000587574 0.999901831 0.013996171 -1.839508295 0.006632459 -0.013991969 0.999880075 62.680923462
0.999980211 0.001135413 -0.006196125 1.173756123 -0.001052546 0.999910116 0.013360987 -1.845081806 0.006210740 -0.013354201 0.999891520 63.216136932
0.999979615 0.000304227 -0.006375220 1.177466989 -0.000211373 0.999894083 0.014560312 -1.872154593 0.006378973 -0.014558668 0.999873638 63.730461121
0.999976218 0.000941805 -0.006827422 1.189287663 -0.000850651 0.999910653 0.013341750 -1.844301701 0.006839376 -0.013335627 0.999887705 64.236213684
0.999977648 0.000456392 -0.006667022 1.194192410 -0.000375599 0.999926567 0.012114665 -1.825342298 0.006672062 -0.012111889 0.999904394 64.784393311
0.999980509 0.002150435 -0.005851565 1.216121674 -0.002065496 0.999892950 0.014483199 -1.898510695 0.005882085 -0.014470829 0.999877989 65.146377563
0.999977291 0.001403857 -0.006583526 1.227674246 -0.001307997 0.999893427 0.014542393 -1.905802369 0.006603240 -0.014533454 0.999872565 65.695304871
0.999980032 0.002829336 -0.005642646 1.232636452 -0.002748120 0.999893129 0.014349374 -1.905391574 0.005682642 -0.014333581 0.999881148 66.194198608
0.999979913 0.003004954 -0.005571839 1.220041513 -0.002918681 0.999876678 0.015427785 -1.936739802 0.005617513 -0.015411213 0.999865472 66.818199158
0.999980569 0.002853056 -0.005549502 1.236684561 -0.002769374 0.999883235 0.015028990 -1.930125833 0.005591733 -0.015013327 0.999871671 67.306953430
0.999978662 0.002687313 -0.005956082 1.293948174 -0.002599871 0.999889374 0.014640507 -1.962377071 0.005994768 -0.014624709 0.999875009 67.611175537
0.999979019 0.003090520 -0.005695776 1.290201783 -0.003009461 0.999894798 0.014185471 -1.959607601 0.005739019 -0.014168032 0.999883115 68.161048889
0.999979377 0.001901727 -0.006135871 1.316932201 -0.001814334 0.999897301 0.014217203 -1.981374025 0.006162279 -0.014205778 0.999880016 68.655189514
0.999976218 0.002145872 -0.006565408 1.335954666 -0.002051808 0.999895632 0.014300545 -1.995123863 0.006595409 -0.014286733 0.999876142 69.180000305
0.999978006 0.002408728 -0.006169759 1.341939211 -0.002319624 0.999893486 0.014408678 -2.015651703 0.006203808 -0.014394050 0.999877095 69.697280884
0.999977469 0.003379474 -0.005800357 1.352819800 -0.003293890 0.999886513 0.014701697 -2.033481598 0.005849383 -0.014682262 0.999875009 70.238265991
0.999977767 0.002392889 -0.006224281 1.360153198 -0.002302303 0.999891877 0.014520367 -2.040131330 0.006258356 -0.014505714 0.999875188 70.777145386
0.999979019 0.002829674 -0.005826006 1.360682845 -0.002745384 0.999892175 0.014425327 -2.047542095 0.005866197 -0.014409028 0.999879003 71.307830811
0.999980330 0.002842958 -0.005583091 1.365486979 -0.002761084 0.999889314 0.014618039 -2.059630394 0.005624030 -0.014602336 0.999877572 71.854766846
0.999981046 0.003258594 -0.005223190 1.364087582 -0.003182219 0.999888837 0.014564508 -2.066077232 0.005270069 -0.014547612 0.999880314 72.365386963
0.999980211 0.002778873 -0.005632662 1.382488489 -0.002696962 0.999891281 0.014498026 -2.079952002 0.005672337 -0.014482550 0.999879062 72.913856506
0.999978065 0.003699512 -0.005498366 1.425205469 -0.003613211 0.999871433 0.015623548 -2.121685266 0.005555459 -0.015603338 0.999862850 73.362701416
0.999979496 0.003584313 -0.005293349 1.414076924 -0.003506983 0.999888003 0.014546627 -2.128219604 0.005344896 -0.014527767 0.999880195 73.959297180
0.999978483 0.003665776 -0.005443595 1.430731535 -0.003586597 0.999888599 0.014484568 -2.137244225 0.005496086 -0.014464733 0.999880314 74.503219604
0.999979377 0.002937273 -0.005701249 1.429930687 -0.002852205 0.999885440 0.014872008 -2.157855511 0.005744280 -0.014855443 0.999873161 74.984855652
0.999979377 0.003696503 -0.005275093 1.430648923 -0.003617860 0.999883294 0.014840921 -2.181768179 0.005329337 -0.014821529 0.999875963 75.558502197
0.999978960 0.003765559 -0.005287799 1.441202402 -0.003685769 0.999880373 0.015019170 -2.192136765 0.005343723 -0.014999363 0.999873221 76.098434448
0.999977648 0.003299569 -0.005810183 1.466698408 -0.003208959 0.999874175 0.015536002 -2.217514992 0.005860714 -0.015517011 0.999862432 76.617919922
0.999979138 0.003524561 -0.005416122 1.479063630 -0.003440729 0.999875247 0.015410393 -2.222097397 0.005469762 -0.015391435 0.999866605 77.175376892
0.999985695 0.003700432 -0.003846362 1.479248285 -0.003641378 0.999877036 0.015248376 -2.220342159 0.003902314 -0.015234153 0.999876261 77.718528748
0.999987841 0.004282620 -0.002450719 1.485651493 -0.004244693 0.999874294 0.015277112 -2.232420206 0.002515838 -0.015266523 0.999880314 78.249786377
0.999989688 0.004340990 -0.001405797 1.509900451 -0.004318870 0.999872506 0.015373242 -2.241632223 0.001472353 -0.015367011 0.999880850 78.743499756
0.999992192 0.003923710 -0.000210602 1.508929491 -0.003920039 0.999875844 0.015256421 -2.245704651 0.000270438 -0.015255478 0.999883592 79.295883179
0.999982893 0.004747600 0.003425624 1.522553205 -0.004798677 0.999875009 0.015059381 -2.259066820 -0.003353701 -0.015075561 0.999880731 79.831062317
0.999971271 0.004376094 0.006191870 1.576105595 -0.004470053 0.999873817 0.015242922 -2.270991325 -0.006124385 -0.015270160 0.999864638 80.432052612
0.999948084 0.004301856 0.009235934 1.574824810 -0.004442148 0.999874234 0.015223432 -2.272633076 -0.009169284 -0.015263669 0.999841452 80.963447571
0.999911368 0.004155770 0.012647947 1.640447855 -0.004340542 0.999883711 0.014616678 -2.279395580 -0.012585734 -0.014670281 0.999813139 81.536392212
0.999805152 0.004775852 0.019153217 1.660701036 -0.005067639 0.999871373 0.015214832 -2.302131653 -0.019078091 -0.015308926 0.999700785 82.054740906
0.999693394 0.003912780 0.024450423 1.741298914 -0.004271280 0.999883831 0.014627324 -2.276924610 -0.024390353 -0.014727272 0.999594033 82.611473083
0.999494851 0.004884873 0.031403486 1.708944559 -0.005348820 0.999877512 0.014706819 -2.312916517 -0.031327795 -0.014867360 0.999398530 83.113212585
0.999173641 0.006018861 0.040197343 1.801965833 -0.006646145 0.999857962 0.015489748 -2.395582676 -0.040098406 -0.015744105 0.999071658 83.981269836
0.998834670 0.005609880 0.047933992 1.853305340 -0.006353532 0.999861598 0.015375844 -2.406892061 -0.047841109 -0.015662478 0.998732150 84.492034912
0.998482764 0.005018620 0.054835506 1.906686068 -0.005877881 0.999862254 0.015519777 -2.416123152 -0.054750066 -0.015818549 0.998374760 85.027542114
0.997970581 0.004955446 0.063483514 1.966686249 -0.005918807 0.999870002 0.014995896 -2.421712160 -0.063400947 -0.015341211 0.997870207 85.560012817
0.997277856 0.004739651 0.073582008 2.028758526 -0.005874861 0.999866903 0.015219066 -2.440001011 -0.073500074 -0.015609922 0.997173011 86.081176758
0.996553719 0.004801194 0.082809947 2.080089569 -0.006090760 0.999863923 0.015327012 -2.450172424 -0.082725093 -0.015778568 0.996447504 86.617813110
0.995886326 0.004460300 0.090501495 2.162240982 -0.005853388 0.999868333 0.015133409 -2.466646194 -0.090422079 -0.015600894 0.995781302 87.141189575
0.994899452 0.004132629 0.100786790 2.246749401 -0.005685200 0.999869466 0.015122148 -2.475409508 -0.100711145 -0.015618010 0.994793117 87.678352356
0.993768215 0.004099483 0.111391820 2.334043503 -0.005836917 0.999866247 0.015275880 -2.487350941 -0.111314282 -0.015830863 0.993659258 88.230476379
0.992730200 0.003131828 0.120320365 2.422964096 -0.004980365 0.999874115 0.015065817 -2.497190475 -0.120258033 -0.015555529 0.992620766 88.770507812
0.991329372 0.003715229 0.131347820 2.519022942 -0.005771932 0.999866605 0.015281207 -2.506467104 -0.131273493 -0.015906839 0.991218567 89.320640564
0.989643812 0.003560621 0.143500581 2.621323586 -0.005766846 0.999871433 0.014961338 -2.515507221 -0.143428877 -0.015633941 0.989537060 89.865203857
0.987975419 0.003409861 0.154573262 2.731138229 -0.005765472 0.999873877 0.014793717 -2.527688503 -0.154503360 -0.015507018 0.987870574 90.417884827
0.986393571 0.003397938 0.164366066 2.837918282 -0.005940970 0.999870062 0.014982643 -2.534355164 -0.164293781 -0.015755275 0.986285627 90.969268799
0.984288573 0.003134458 0.176540092 2.959688187 -0.005834080 0.999873757 0.014774862 -2.543821335 -0.176471531 -0.015572675 0.984182477 91.522033691
0.981964707 0.002997837 0.189040482 3.084627151 -0.005902903 0.999872983 0.014806276 -2.552302361 -0.188972086 -0.015655130 0.981857657 92.062080383
0.979875565 0.002611293 0.199592069 3.219276428 -0.005641798 0.999877274 0.014616245 -2.560790062 -0.199529424 -0.015448163 0.979770005 92.593894958
0.977058828 0.002741339 0.212952062 3.359645844 -0.005955384 0.999877751 0.014452810 -2.571984291 -0.212886423 -0.015389457 0.976955771 93.134124756
0.974026620 0.001854978 0.226425856 3.507314682 -0.005264378 0.999881625 0.014454558 -2.578319788 -0.226372257 -0.015271116 0.973921120 93.667938232
0.971333206 0.002054960 0.237713501 3.662441254 -0.005694501 0.999876797 0.014624958 -2.593376160 -0.237654179 -0.015559367 0.971225142 94.197731018
0.968338847 0.001434749 0.249635324 3.836713791 -0.005253628 0.999879062 0.014632209 -2.603298664 -0.249584198 -0.015480431 0.968229353 94.741058350
0.964575410 0.001356171 0.263803750 4.012294769 -0.005432914 0.999876797 0.014724774 -2.619671583 -0.263751298 -0.015636379 0.964463949 95.262924194
0.961099088 0.000802231 0.276202589 4.191532135 -0.005049282 0.999879658 0.014665775 -2.631176949 -0.276157618 -0.015489888 0.960987508 95.786933899
0.957727194 0.000679317 0.287677199 4.376663208 -0.005114921 0.999879241 0.014667355 -2.642545223 -0.287632495 -0.015518770 0.957615256 96.322479248
0.953361034 0.001150521 0.301830053 4.568071365 -0.005828702 0.999876380 0.014599205 -2.649564743 -0.301776022 -0.015677588 0.953249931 96.857810974
0.948850095 0.000644170 0.315726191 4.771667480 -0.005415574 0.999884009 0.014235350 -2.655323982 -0.315680414 -0.015217051 0.948743522 97.380386353
0.944938242 0.000357725 0.327248603 4.977027893 -0.005270073 0.999886334 0.014124459 -2.661637068 -0.327206343 -0.015071367 0.944832742 97.908203125
0.940382659 0.000726215 0.340117544 5.182458878 -0.005922257 0.999880970 0.014239373 -2.674549103 -0.340066761 -0.015404720 0.940275073 98.419097900
0.935210586 0.000791472 0.354091406 5.401515961 -0.006407910 0.999871552 0.014689355 -2.684153318 -0.354034305 -0.016006624 0.935095429 98.931999207
0.930569887 -0.000141919 0.366114259 5.629579544 -0.005407075 0.999885559 0.014131014 -2.688044071 -0.366074353 -0.015129502 0.930462599 99.434806824
0.925754845 -0.000016948 0.378124326 5.850736618 -0.005657226 0.999887466 0.013895297 -2.696969271 -0.378082007 -0.015002774 0.925650537 99.933639526
0.919923484 -0.000327635 0.392097801 6.095541000 -0.005458780 0.999892056 0.013642664 -2.703478813 -0.392059922 -0.014690585 0.919822395 100.444030762
0.914445400 -0.001185120 0.404707611 6.347957611 -0.004738939 0.999895751 0.013635767 -2.712177992 -0.404681593 -0.014387050 0.914344490 100.941940308
0.909576952 -0.001390150 0.415533125 6.596477509 -0.004626975 0.999898553 0.013473288 -2.722908020 -0.415509790 -0.014177655 0.909478188 101.442016602
0.904196143 -0.001932758 0.427112937 6.855690002 -0.004207043 0.999900997 0.013431013 -2.737571716 -0.427096575 -0.013941153 0.904098511 101.908966064
0.897555351 -0.002133535 0.440896690 7.130237579 -0.004287170 0.999898791 0.013566195 -2.753917933 -0.440880984 -0.014066611 0.897455335 102.399330139
0.891595542 -0.002472182 0.452825904 7.405334473 -0.004069008 0.999900937 0.013470623 -2.762544632 -0.452814311 -0.013852899 0.891497195 102.887115479
0.886051297 -0.003677157 0.463572502 7.681129456 -0.002949693 0.999903500 0.013569361 -2.776856899 -0.463577658 -0.013390546 0.885955095 103.340057373
0.878886819 -0.003617571 0.477016568 7.974029541 -0.003146398 0.999905527 0.013380159 -2.789133549 -0.477019936 -0.013260530 0.878792405 103.818275452
