1.000000000 0.000000000 0.000000000 0.000000000 0.000000000 1.000000000 0.000000000 0.000000000 0.000000000 0.000000000 1.000000000 0.000000000
1.000000000 -0.000151612 -0.000009936 0.000444562 0.000151612 1.000000000 -0.000039649 0.000322600 0.000009942 0.000039647 1.000000000 0.000262084
1.000000000 -0.000086757 0.000013548 -0.000489329 0.000086757 1.000000000 0.000006105 -0.000036650 -0.000013549 -0.000006104 1.000000000 -0.000760272
1.000000000 -0.000086140 0.000076205 -0.000395578 0.000086143 1.000000000 -0.000034814 0.000550447 -0.000076202 0.000034820 1.000000000 0.000224672
1.000000000 -0.000161257 0.000019021 0.000003704 0.000161257 1.000000000 -0.000007855 0.000501111 -0.000019020 0.000007858 1.000000000 0.000684656
1.000000000 0.000003702 0.000062175 -0.001047551 -0.000003702 1.000000000 -0.000005292 0.000081285 -0.000062175 0.000005291 1.000000000 -0.000591749
1.000000000 0.000003817 0.000021576 -0.000877444 -0.000003813 1.000000000 -0.000176324 0.000661112 -0.000021577 0.000176324 1.000000000 0.000052714
1.000000000 0.000076078 0.000085332 -0.000775499 -0.000076076 1.000000000 -0.000014525 -0.000281263 -0.000085333 0.000014519 1.000000000 -0.000085004
1.000000000 0.000191969 0.000079063 -0.001758642 -0.000191969 1.000000000 0.000003468 -0.000225630 -0.000079062 -0.000003484 1.000000000 -0.000326947
1.000000000 0.000089310 0.000118403 -0.001462899 -0.000089300 1.000000000 -0.000083741 0.000558328 -0.000118410 0.000083730 1.000000000 0.000598602
1.000000000 0.000155146 0.000061298 -0.001147183 -0.000155141 1.000000000 -0.000083737 0.000156972 -0.000061311 0.000083727 1.000000000 -0.000755854
1.000000000 0.000035119 0.000101066 -0.001471074 -0.000035115 1.000000000 -0.000040141 0.001177358 -0.000101067 0.000040137 1.000000000 0.000892522
1.000000000 0.000169041 0.000128942 -0.001581187 -0.000169014 0.999999940 -0.000213602 0.002622627 -0.000128978 0.000213580 0.999999940 0.002381844
1.000000000 0.000102080 0.000050179 -0.001012047 -0.000102075 1.000000000 -0.000091013 0.000807769 -0.000050188 0.000091008 1.000000000 0.000219835
0.999999940 0.000162240 0.000220528 -0.002613772 -0.000162203 1.000000000 -0.000169669 0.001604340 -0.000220555 0.000169634 0.999999940 0.002266257
0.999999940 0.000320600 0.000155118 -0.002227513 -0.000320578 0.999999940 -0.000143246 0.001498887 -0.000155164 0.000143196 1.000000000 0.002077105
0.999999940 0.000256476 0.000191779 -0.001905676 -0.000256445 0.999999940 -0.000160302 0.002474365 -0.000191820 0.000160253 0.999999940 0.003716171
1.000000000 0.000095718 0.000180829 -0.001687599 -0.000095692 1.000000000 -0.000144461 0.001065954 -0.000180843 0.000144444 1.000000000 0.001910616
0.999999940 0.000147069 0.000233483 -0.002930077 -0.000147063 1.000000000 -0.000026927 0.001259788 -0.000233487 0.000026892 1.000000000 0.002360989
1.000000000 0.000172692 0.000131815 -0.001783534 -0.000172686 1.000000000 -0.000046677 0.001966655 -0.000131823 0.000046654 1.000000000 0.001752737
1.000000000 0.000191285 0.000127208 -0.002024934 -0.000191278 1.000000000 -0.000050906 0.001025862 -0.000127218 0.000050882 1.000000000 0.002275990
1.000000000 0.000179085 0.000066415 -0.001645031 -0.000179082 1.000000000 -0.000058502 0.001301402 -0.000066426 0.000058490 1.000000000 0.002052410
0.999999881 0.000381143 0.000203190 -0.002761750 -0.000381112 0.999999940 -0.000153209 0.002392443 -0.000203249 0.000153132 0.999999940 0.003483657
0.999999940 0.000281500 0.000197405 -0.002014846 -0.000281470 0.999999940 -0.000152024 0.002195765 -0.000197448 0.000151969 0.999999940 0.002292453
0.999999940 0.000157162 0.000226451 -0.002186776 -0.000157136 1.000000000 -0.000116343 0.002963849 -0.000226469 0.000116308 0.999999940 0.004031496
0.999999940 0.000250614 0.000231918 -0.002547222 -0.000250603 0.999999940 -0.000049137 0.001299854 -0.000231931 0.000049079 1.000000000 0.002785102
1.000000000 0.000156543 0.000094858 -0.001457824 -0.000156531 1.000000000 -0.000124465 0.002210606 -0.000094878 0.000124450 1.000000000 0.002097828
1.000000000 0.000169397 0.000174579 -0.002499030 -0.000169383 1.000000000 -0.000079310 0.001837892 -0.000174593 0.000079281 1.000000000 0.002451851
0.999999940 0.000167170 0.000207251 -0.001845416 -0.000167152 1.000000000 -0.000085159 0.001326261 -0.000207265 0.000085124 1.000000000 0.002594626
0.999999940 0.000187704 0.000194229 -0.002481530 -0.000187672 0.999999940 -0.000162430 0.001789117 -0.000194260 0.000162394 0.999999940 0.001885316
0.999999940 0.000284976 0.000223039 -0.002699662 -0.000284942 0.999999940 -0.000152996 0.002212749 -0.000223083 0.000152932 0.999999940 0.002819952
0.999999940 0.000297161 0.000229242 -0.001882760 -0.000297150 0.999999940 -0.000048119 0.001343147 -0.000229256 0.000048051 1.000000000 0.001110147
0.999999940 0.000351559 0.000229413 -0.002844874 -0.000351523 0.999999940 -0.000157868 0.001936519 -0.000229469 0.000157787 0.999999940 0.002103307
0.999999940 0.000279087 0.000246221 -0.002357546 -0.000279041 0.999999940 -0.000186920 0.002054678 -0.000246273 0.000186851 0.999999940 0.001672611
0.999999940 0.000269994 0.000167630 -0.002492487 -0.000269994 0.999999940 -0.000004934 0.000825976 -0.000167631 0.000004889 1.000000000 0.001622808
1.000000000 0.000164677 0.000160981 -0.001653818 -0.000164669 1.000000000 -0.000052172 0.001666803 -0.000160990 0.000052145 1.000000000 0.003043706
0.999999940 0.000297849 0.000222534 -0.002581363 -0.000297843 0.999999940 -0.000025243 0.001161886 -0.000222541 0.000025176 1.000000000 0.002336185
0.999999940 0.000363590 0.000155087 -0.001456604 -0.000363582 0.999999940 -0.000050646 0.001381201 -0.000155105 0.000050590 1.000000000 0.001232378
1.000000000 0.000160481 0.000139467 -0.001758935 -0.000160463 1.000000000 -0.000133803 0.000930938 -0.000139489 0.000133781 1.000000000 0.002535284
0.999999523 0.000916916 0.000265660 -0.004373750 -0.000916843 0.999999464 -0.000273187 -0.003319996 -0.000265911 0.000272944 0.999999881 0.050918374
0.999999642 0.000787213 0.000215853 -0.002474532 -0.000787043 0.999999404 -0.000787028 -0.006073078 -0.000216472 0.000786857 0.999999642 0.139846861
0.999999344 0.001067756 0.000458303 -0.001889273 -0.001067163 0.999998510 -0.001291848 -0.008625497 -0.000459681 0.001291358 0.999999046 0.255639941
0.999999523 0.000926896 0.000370624 0.001936222 -0.000926438 0.999998748 -0.001235653 -0.011732911 -0.000371769 0.001235308 0.999999166 0.387652427
0.999999583 0.000898595 0.000291020 0.003992040 -0.000898306 0.999999106 -0.000991458 -0.016074663 -0.000291911 0.000991196 0.999999464 0.531772137
0.999999702 0.000653698 0.000470385 0.007919087 -0.000653452 0.999999762 -0.000521730 -0.023460478 -0.000470726 0.000521422 0.999999702 0.681630373
0.999999881 0.000266783 0.000417098 0.014137078 -0.000266652 0.999999881 -0.000314114 -0.027502898 -0.000417182 0.000314002 0.999999821 0.842856288
0.999999702 0.000506331 0.000489851 0.015775461 -0.000506257 0.999999881 -0.000151055 -0.034363829 -0.000489927 0.000150806 0.999999821 1.019281030
0.999999583 0.000760227 0.000502658 0.019997858 -0.000760209 0.999999762 -0.000035375 -0.038547028 -0.000502685 0.000034993 0.999999821 1.197391510
0.999999404 0.000792500 0.000651251 0.021598568 -0.000792575 0.999999642 0.000115794 -0.044975508 -0.000651159 -0.000116310 0.999999762 1.376241207
0.999999404 0.000978180 0.000434479 0.025812127 -0.000978189 0.999999583 0.000020197 -0.047529832 -0.000434459 -0.000020622 0.999999881 1.570119739
0.999999642 0.000521923 0.000589155 0.026634682 -0.000522305 0.999999642 0.000647890 -0.058332652 -0.000588816 -0.000648197 0.999999642 1.773148417
0.999999404 0.000785649 0.000792509 0.030039083 -0.000786288 0.999999344 0.000806064 -0.064228147 -0.000791875 -0.000806686 0.999999344 1.970168710
0.999999821 0.000123293 0.000607831 0.036390334 -0.000123752 0.999999702 0.000754748 -0.070559524 -0.000607738 -0.000754824 0.999999523 2.181566477
0.999999583 0.000575821 0.000704077 0.040071577 -0.000576404 0.999999464 0.000827839 -0.074771114 -0.000703600 -0.000828244 0.999999404 2.407593012
0.999999285 0.000932480 0.000787961 0.044020984 -0.000932971 0.999999285 0.000623555 -0.078946829 -0.000787379 -0.000624289 0.999999464 2.634148121
0.999999225 0.001164612 0.000467835 0.054700546 -0.001164962 0.999999046 0.000748123 -0.087162569 -0.000466963 -0.000748667 0.999999583 2.852444649
0.999998987 0.001274074 0.000635242 0.058858570 -0.001274577 0.999998868 0.000792221 -0.090327092 -0.000634231 -0.000793030 0.999999404 3.099007845
0.999999285 0.001170556 -0.000230352 0.071247630 -0.001170368 0.999998987 0.000811482 -0.100425981 0.000231301 -0.000811212 0.999999642 3.322967768
0.999999702 0.000510782 -0.000448798 0.081083544 -0.000510329 0.999999285 0.001009067 -0.108448341 0.000449313 -0.001008837 0.999999404 3.574325562
0.999999404 0.000967684 -0.000391124 0.085274830 -0.000967311 0.999998987 0.000954658 -0.114601709 0.000392048 -0.000954280 0.999999464 3.836210251
0.999999583 0.000760343 -0.000456487 0.088699222 -0.000760093 0.999999583 0.000547448 -0.114752568 0.000456903 -0.000547100 0.999999762 4.095096588
0.999999404 0.000905010 -0.000540878 0.095196277 -0.000904761 0.999999523 0.000460036 -0.119022503 0.000541294 -0.000459546 0.999999762 4.353369236
0.999999821 0.000434368 -0.000296061 0.096938737 -0.000434213 0.999999821 0.000525695 -0.125592589 0.000296289 -0.000525566 0.999999821 4.615701199
0.999997973 0.001991296 0.000214520 0.096381359 -0.001991460 0.999997675 0.000762899 -0.130221024 -0.000213001 -0.000763325 0.999999702 4.874732971
0.999997377 0.002250299 0.000235448 0.102359936 -0.002250576 0.999996722 0.001181653 -0.138658732 -0.000232788 -0.001182180 0.999999344 5.134888649
0.999999046 0.001246522 0.000558961 0.105994850 -0.001247077 0.999998748 0.000992604 -0.152453557 -0.000557723 -0.000993300 0.999999285 5.400367260
0.999999046 0.001305506 0.000498787 0.105048694 -0.001306048 0.999998510 0.001086503 -0.163803905 -0.000497368 -0.001087154 0.999999285 5.657225132
0.999998808 0.001431924 0.000570734 0.107504703 -0.001432454 0.999998510 0.000928510 -0.169367611 -0.000569403 -0.000929326 0.999999404 5.924957752
0.999998271 0.001757598 0.000719895 0.109792560 -0.001758225 0.999998093 0.000870687 -0.178401038 -0.000718363 -0.000871952 0.999999344 6.205116749
0.999998868 0.001406076 0.000517464 0.128234997 -0.001406522 0.999998629 0.000863625 -0.178749904 -0.000516249 -0.000864351 0.999999464 6.501914024
0.999998868 0.001478064 0.000294616 0.130443618 -0.001478391 0.999998212 0.001114187 -0.188510090 -0.000292969 -0.001114621 0.999999285 6.793200970
0.999998927 0.001323694 0.000602310 0.139943913 -0.001324321 0.999998569 0.001041465 -0.188996464 -0.000600930 -0.001042262 0.999999285 7.095134735
0.999998331 0.001653110 0.000787912 0.144708604 -0.001654301 0.999997497 0.001512998 -0.212662712 -0.000785409 -0.001514299 0.999998569 7.388587952
0.999998689 0.001506209 0.000659580 0.149502248 -0.001507129 0.999997914 0.001395716 -0.221531987 -0.000657476 -0.001396709 0.999998868 7.696050167
0.999999166 0.000903012 0.000892001 0.155445606 -0.000904373 0.999998391 0.001525832 -0.232319206 -0.000890622 -0.001526638 0.999998450 8.015712738
0.999997437 0.001835145 0.001257389 0.158189297 -0.001836976 0.999997258 0.001456772 -0.244215041 -0.001254712 -0.001459078 0.999998152 8.333981514
0.999997735 0.001709330 0.001204964 0.167181253 -0.001710897 0.999997735 0.001300434 -0.252382576 -0.001202738 -0.001302493 0.999998450 8.658992767
0.999998212 0.001063070 0.001534555 0.164656296 -0.001065720 0.999997914 0.001727429 -0.263562828 -0.001532715 -0.001729061 0.999997258 8.998051643
0.999998569 0.001029695 0.001368413 0.174212188 -0.001032732 0.999997020 0.002221045 -0.279331386 -0.001366122 -0.002222455 0.999996543 9.335255623
0.999995112 0.002583557 0.001766980 0.173302785 -0.002586291 0.999995410 0.001546353 -0.285614371 -0.001762977 -0.001550916 0.999997258 9.672775269
0.999995112 0.002422237 0.001937331 0.178194925 -0.002425969 0.999995172 0.001926245 -0.297106326 -0.001932656 -0.001930936 0.999996305 10.025756836
0.999996483 0.001981288 0.001777858 0.189905480 -0.001984722 0.999996126 0.001932142 -0.306745261 -0.001774024 -0.001935663 0.999996543 10.391220093
0.999997318 0.001675331 0.001617063 0.198363870 -0.001678064 0.999997139 0.001690448 -0.315823466 -0.001614226 -0.001693157 0.999997318 10.752928734
0.999997437 0.001732067 0.001417004 0.209788352 -0.001734626 0.999996781 0.001806539 -0.321811736 -0.001413871 -0.001808992 0.999997377 11.127365112
0.999997675 0.001470323 0.001568889 0.213586122 -0.001473249 0.999997139 0.001865075 -0.333753884 -0.001566143 -0.001867382 0.999997020 11.502357483
0.999997497 0.001551571 0.001595726 0.221385494 -0.001554201 0.999997437 0.001648648 -0.340781063 -0.001593163 -0.001651124 0.999997377 11.882821083
0.999996781 0.001771289 0.001809778 0.232897401 -0.001775443 0.999995768 0.002296739 -0.360416085 -0.001805702 -0.002299944 0.999995708 12.257126808
0.999997437 0.001401025 0.001785563 0.242232576 -0.001405802 0.999995410 0.002676872 -0.373809576 -0.001781805 -0.002679376 0.999994814 12.645999908
0.999995768 0.002077159 0.001995235 0.250509232 -0.002080927 0.999996066 0.001888296 -0.376865655 -0.001991305 -0.001892440 0.999996185 13.054618835
0.999995291 0.002166908 0.002138287 0.262445033 -0.002170606 0.999996185 0.001728771 -0.390069127 -0.002134532 -0.001733405 0.999996185 13.445334435
0.999997020 0.001203244 0.002129263 0.269841135 -0.001208467 0.999996245 0.002453307 -0.409446567 -0.002126304 -0.002455874 0.999994695 13.867788315
0.999993920 0.002259383 0.002632951 0.271300733 -0.002266098 0.999994159 0.002550285 -0.414071143 -0.002627173 -0.002556236 0.999993265 14.281099319
0.999992132 0.002432902 0.003124754 0.278505117 -0.002439444 0.999994814 0.002091313 -0.425838172 -0.003119650 -0.002098919 0.999992907 14.699100494
0.999995887 0.001418483 0.002543728 0.306622237 -0.001425502 0.999995172 0.002759549 -0.447165877 -0.002539801 -0.002763164 0.999992967 15.137887001
0.999993742 0.001806059 0.003047729 0.310636580 -0.001814206 0.999994814 0.002672287 -0.459097832 -0.003042887 -0.002677799 0.999991834 15.575188637
0.999993443 0.002003500 0.003009931 0.323523879 -0.002012531 0.999993503 0.003000082 -0.476532221 -0.003003901 -0.003006120 0.999990880 15.999559402
0.999986470 0.002740386 0.004447384 0.297636390 -0.002756690 0.999989510 0.003663956 -0.510063767 -0.004437298 -0.003676167 0.999983311 16.418031693
0.999984682 0.002957171 0.004685544 0.310062170 -0.002972042 0.999990582 0.003170162 -0.519726455 -0.004676126 -0.003184039 0.999983966 16.861797333
0.999985695 0.002392459 0.004769455 0.329090714 -0.002408186 0.999991655 0.003294650 -0.523031950 -0.004761533 -0.003306089 0.999983191 17.331047058
0.999983549 0.002589672 0.005115611 0.339608163 -0.002608163 0.999990046 0.003611243 -0.536617875 -0.005106209 -0.003624526 0.999980390 17.800153732
0.999983788 0.002298135 0.005201308 0.367508292 -0.002315356 0.999991834 0.003307574 -0.536824584 -0.005193664 -0.003319563 0.999980986 18.290424347
0.999985158 0.001387143 0.005268594 0.382456392 -0.001404948 0.999993205 0.003377348 -0.550030231 -0.005263873 -0.003384700 0.999980390 18.758634567
0.999987006 0.001670972 0.004827948 0.400000572 -0.001686711 0.999993205 0.003257763 -0.561734796 -0.004822473 -0.003265864 0.999983013 19.245517731
0.999977648 0.002966294 0.005996771 0.375152051 -0.002983075 0.999991655 0.002791452 -0.574466050 -0.005988441 -0.002809278 0.999978125 19.682939529
0.999980450 0.002810247 0.005586100 0.385449290 -0.002827070 0.999991536 0.003005887 -0.588856697 -0.005577605 -0.003021621 0.999979854 20.170091629
0.999983490 0.002108127 0.005358432 0.406680107 -0.002120870 0.999994993 0.002373610 -0.597441435 -0.005353401 -0.002384936 0.999982834 20.658866882
0.999986231 0.001093729 0.005138075 0.429229558 -0.001106244 0.999996364 0.002433621 -0.601416051 -0.005135394 -0.002439271 0.999983847 21.115009308
0.999984086 0.002454548 0.005065673 0.432396442 -0.002469854 0.999992371 0.003017530 -0.617545485 -0.005058229 -0.003029994 0.999982595 21.618757248
0.999985099 0.002753674 0.004701919 0.443950057 -0.002765767 0.999992907 0.002567414 -0.624964833 -0.004694816 -0.002580381 0.999985635 22.135198593
0.999980450 0.002929938 0.005519546 0.442350715 -0.002945488 0.999991715 0.002811315 -0.642341316 -0.005511263 -0.002827518 0.999980807 22.637020111
0.999984145 0.002958674 0.004795096 0.458774209 -0.002972227 0.999991536 0.002821567 -0.657483935 -0.004786707 -0.002835774 0.999984503 23.143987656
0.999987602 0.002981383 0.003983179 0.459668458 -0.002995045 0.999989569 0.003428561 -0.693020701 -0.003972916 -0.003440449 0.999986172 23.639984131
0.999992371 0.001686204 0.003512737 0.469089419 -0.001697997 0.999992907 0.003357085 -0.711204886 -0.003507051 -0.003363025 0.999988198 24.164644241
0.999987721 0.003403432 0.003607389 0.448586047 -0.003415986 0.999988139 0.003479720 -0.724887192 -0.003595504 -0.003492000 0.999987423 24.683080673
0.999987841 0.003498741 0.003454494 0.460060567 -0.003511132 0.999987543 0.003587284 -0.735479772 -0.003441899 -0.003599370 0.999987602 25.245336533
0.999990582 0.003460300 0.002627676 0.470850796 -0.003469560 0.999987781 0.003527863 -0.752846062 -0.002615436 -0.003536946 0.999990344 25.782022476
0.999990821 0.003753236 0.002062014 0.483310193 -0.003759601 0.999988139 0.003091658 -0.762438297 -0.002050386 -0.003099382 0.999993026 26.346746445
0.999994040 0.002861991 0.001923740 0.489675999 -0.002868991 0.999989212 0.003645740 -0.772559941 -0.001913285 -0.003651238 0.999991477 26.899471283
0.999994159 0.003139734 0.001337563 0.504446685 -0.003144657 0.999988198 0.003694894 -0.793853641 -0.001325946 -0.003699079 0.999992192 27.432382584
0.999992251 0.003717132 0.001301075 0.512330949 -0.003721493 0.999987423 0.003365519 -0.803745270 -0.001288548 -0.003370335 0.999993443 27.990322113
0.999994159 0.003389249 0.000479581 0.526443660 -0.003390912 0.999988079 0.003514007 -0.821341336 -0.000467665 -0.003515613 0.999993622 28.516767502
0.999991834 0.003976433 0.000728472 0.537093341 -0.003979311 0.999984086 0.003992621 -0.839047909 -0.000712584 -0.003995488 0.999991715 29.056184769
0.999993563 0.003589173 0.000199884 0.544128180 -0.003589926 0.999985874 0.003908964 -0.855661094 -0.000185851 -0.003909657 0.999992311 29.594038010
0.999994755 0.003239440 -0.000208079 0.554473281 -0.003238646 0.999987841 0.003708245 -0.856871605 0.000220089 -0.003707552 0.999993026 30.155132294
0.999990463 0.004332523 -0.000380798 0.581140876 -0.004331109 0.999984026 0.003636417 -0.882115126 0.000396546 -0.003634734 0.999993324 30.671663284
0.999991000 0.004217819 -0.000486514 0.592269778 -0.004215668 0.999981642 0.004338457 -0.900167584 0.000504804 -0.004336366 0.999990463 31.201992035
0.999988139 0.004808285 -0.000724978 0.599658370 -0.004805303 0.999980211 0.004059929 -0.909799218 0.000744485 -0.004056397 0.999991477 31.748149872
0.999992251 0.003751427 -0.001215339 0.628354192 -0.003746945 0.999986231 0.003669717 -0.917009950 0.001229089 -0.003665135 0.999992549 32.332267761
0.999990225 0.004059518 -0.001804157 0.633349180 -0.004052589 0.999984443 0.003828170 -0.934633374 0.001819670 -0.003820822 0.999991059 32.872997284
0.999993622 0.002023743 -0.002920478 0.666136801 -0.002011968 0.999989867 0.004029376 -0.954052806 0.002928603 -0.004023475 0.999987602 33.424137115
0.999991238 0.003428960 -0.002381698 0.668766737 -0.003419732 0.999986649 0.003867197 -0.965123832 0.002394927 -0.003859019 0.999989688 33.972251892
0.999993503 0.002043950 -0.002961307 0.681689441 -0.002031745 0.999989390 0.004118508 -0.978311956 0.002969694 -0.004112464 0.999987125 34.514789581
0.999991655 0.001889045 -0.003613304 0.696601927 -0.001873469 0.999988914 0.004309212 -0.999555945 0.003621405 -0.004302406 0.999984145 35.033531189
0.999991596 0.001613453 -0.003769379 0.712295473 -0.001597795 0.999990106 0.004153354 -1.001629591 0.003776043 -0.004147297 0.999984205 35.607280731
0.999989212 0.001758145 -0.004296430 0.721287370 -0.001740089 0.999989629 0.004202616 -1.014847279 0.004303774 -0.004195094 0.999981940 36.147979736
0.999989986 0.001750613 -0.004111950 0.740260243 -0.001734116 0.999990463 0.004011867 -1.033342481 0.004118935 -0.004004696 0.999983490 36.701221466
0.999986827 0.001318475 -0.004948102 0.751530528 -0.001299769 0.999991953 0.003781996 -1.043051958 0.004953050 -0.003775515 0.999980628 37.243614197
0.999985933 0.001609173 -0.005055799 0.760631859 -0.001592877 0.999993503 0.003225637 -1.050755978 0.005060957 -0.003217538 0.999981999 37.798698425
0.999985158 0.002472086 -0.004860038 0.771281600 -0.002457329 0.999992311 0.003039880 -1.058423281 0.004867516 -0.003027892 0.999983490 38.336917877
0.999985993 0.001628802 -0.005049811 0.777935624 -0.001613333 0.999993980 0.003065783 -1.071832895 0.005054774 -0.003057593 0.999982536 38.882217407
0.999985337 0.002791675 -0.004644226 0.775093079 -0.002779325 0.999992609 0.002663580 -1.082779527 0.004651628 -0.002650633 0.999985695 39.407722473
0.999985218 0.002278443 -0.004941146 0.794550121 -0.002264519 0.999993443 0.002821942 -1.099020243 0.004947543 -0.002810711 0.999983788 39.962238312
0.999984741 0.002281860 -0.005030456 0.801921725 -0.002267199 0.999993145 0.002918503 -1.113352776 0.005037082 -0.002907054 0.999983013 40.497577667
0.999983311 0.002714703 -0.005103422 0.807454050 -0.002702300 0.999993384 0.002435904 -1.122236967 0.005110002 -0.002422072 0.999983966 41.054096222
0.999985933 0.001966627 -0.004919865 0.803998768 -0.001949717 0.999992132 0.003439591 -1.149008512 0.004926591 -0.003429951 0.999981940 41.568202972
0.999987006 0.002238869 -0.004584451 0.806404412 -0.002226546 0.999993920 0.002691221 -1.159139752 0.004590448 -0.002680979 0.999985874 42.114704132
0.999988019 0.002114195 -0.004405311 0.805483282 -0.002098704 0.999991536 0.003518079 -1.182070971 0.004412713 -0.003508792 0.999984086 42.642486572
0.999985993 0.003167939 -0.004242261 0.820087731 -0.003156180 0.999991179 0.002775726 -1.181058764 0.004251018 -0.002762298 0.999987125 43.218601227
0.999984205 0.003203067 -0.004625507 0.833448648 -0.003191650 0.999991894 0.002473576 -1.195582390 0.004633393 -0.002458774 0.999986231 43.768695831
0.999984026 0.002343556 -0.005143533 0.857985914 -0.002328350 0.999992847 0.002960303 -1.226819992 0.005150435 -0.002948280 0.999982417 44.358745575
0.999979794 0.003104242 -0.005542319 0.880278349 -0.003089735 0.999991775 0.002624248 -1.225935578 0.005550419 -0.002607071 0.999981225 44.875381470
0.999983072 0.003095835 -0.004921881 0.865375638 -0.003084922 0.999992788 0.002223270 -1.232796311 0.004928729 -0.002208049 0.999985397 45.416984558
0.999981940 0.003441958 -0.004929410 0.868424952 -0.003433649 0.999992669 0.001693044 -1.243867874 0.004935201 -0.001676087 0.999986410 45.985023499
0.999983072 0.003466996 -0.004675600 0.861892521 -0.003460138 0.999992907 0.001473916 -1.257835150 0.004680678 -0.001457713 0.999987960 46.521022797
0.999981105 0.004505441 -0.004183413 0.860931098 -0.004498986 0.999988675 0.001551247 -1.275271535 0.004190355 -0.001532396 0.999990046 47.082210541
0.999981225 0.003559379 -0.004994012 0.873373568 -0.003550492 0.999992073 0.001787483 -1.289242029 0.005000336 -0.001769718 0.999985933 47.622077942
0.999982715 0.002883351 -0.005125927 0.884507775 -0.002875783 0.999994695 0.001483124 -1.303841114 0.005130176 -0.001468357 0.999985754 48.159694672
0.999983430 0.003440832 -0.004616816 0.889301062 -0.003433465 0.999992788 0.001602832 -1.314917088 0.004622297 -0.001586954 0.999988079 48.697509766
0.999983013 0.003613754 -0.004570927 0.895278752 -0.003607871 0.999992669 0.001294624 -1.325633407 0.004575572 -0.001278111 0.999988735 49.244956970
0.999982119 0.003703352 -0.004698071 0.906043470 -0.003694830 0.999991536 0.001821350 -1.346971989 0.004704776 -0.001803960 0.999987304 49.783184052
0.999984205 0.003286820 -0.004559097 0.915202737 -0.003278559 0.999992967 0.001817922 -1.364103198 0.004565039 -0.001802946 0.999987900 50.315616608
0.999981284 0.003906192 -0.004707359 0.924271703 -0.003898524 0.999991000 0.001636955 -1.377281547 0.004713711 -0.001618573 0.999987543 50.845783234
0.999979794 0.003947986 -0.004984288 0.938079238 -0.003937836 0.999990165 0.002044700 -1.398834586 0.004992311 -0.002025031 0.999985516 51.390354156
0.999980986 0.003033401 -0.005373165 0.942766428 -0.003021128 0.999992788 0.002290891 -1.412393212 0.005380078 -0.002274615 0.999982953 51.932727814
0.999979913 0.003984907 -0.004924309 0.950726211 -0.003974253 0.999989748 0.002171646 -1.427737713 0.004932911 -0.002152032 0.999985516 52.479907990
0.999981284 0.003402896 -0.005072210 0.965174675 -0.003393280 0.999992430 0.001903192 -1.441547751 0.005078648 -0.001885945 0.999985278 53.026229858
0.999978542 0.003718621 -0.005384562 0.971242309 -0.003707238 0.999990880 0.002122494 -1.455995798 0.005392405 -0.002102487 0.999983251 53.591918945
0.999979436 0.003851702 -0.005131996 0.982265174 -0.003840274 0.999990106 0.002234974 -1.479990721 0.005140553 -0.002215220 0.999984264 54.108291626
0.999980330 0.004216782 -0.004626034 0.981143117 -0.004206289 0.999988556 0.002275395 -1.494050026 0.004635575 -0.002255893 0.999986708 54.658142090
0.999979734 0.003583634 -0.005264179 0.998756766 -0.003573447 0.999991655 0.001943320 -1.506626964 0.005271100 -0.001924469 0.999984205 55.201686859
0.999980211 0.003689093 -0.005098631 1.008313298 -0.003678405 0.999991000 0.002104030 -1.525793433 0.005106348 -0.002085233 0.999984741 55.742843628
0.999981165 0.003513013 -0.005033656 1.021808267 -0.003502061 0.999991417 0.002182913 -1.541409492 0.005041281 -0.002165244 0.999984920 56.288639069
0.999980032 0.003404286 -0.005311957 1.034411788 -0.003393346 0.999992073 0.002067166 -1.560747266 0.005318952 -0.002049099 0.999983728 56.833518982
0.999978483 0.003962122 -0.005226502 1.043636322 -0.003952658 0.999990523 0.001819894 -1.566678524 0.005233663 -0.001799196 0.999984682 57.376136780
0.999978602 0.003796111 -0.005354935 1.054885030 -0.003785085 0.999990702 0.002067602 -1.585410476 0.005362734 -0.002047289 0.999983490 57.899963379
0.999978542 0.003807464 -0.005324759 1.069041967 -0.003798353 0.999991238 0.001720169 -1.592707038 0.005331261 -0.001699906 0.999984324 58.437686920
0.999978900 0.003796763 -0.005273125 1.073942423 -0.003786852 0.999991059 0.001888579 -1.607542157 0.005280249 -0.001868570 0.999984264 58.968326569
0.999977529 0.003810783 -0.005500214 1.086435318 -0.003800819 0.999991119 0.001821017 -1.627684593 0.005507103 -0.001800071 0.999983132 59.509754181
0.999980569 0.003501957 -0.005156093 1.092099905 -0.003491719 0.999991834 0.001993247 -1.645402670 0.005163030 -0.001975204 0.999984741 60.048286438
0.999977291 0.003941879 -0.005460078 1.101112366 -0.003933772 0.999991119 0.001494547 -1.652623057 0.005465921 -0.001473034 0.999983966 60.602188110
0.999978483 0.004085481 -0.005161451 1.098244071 -0.004075817 0.999989867 0.001881870 -1.674066067 0.005169087 -0.001860792 0.999984920 61.130039215
0.999981701 0.003402133 -0.005001528 1.119103670 -0.003390926 0.999991715 0.002247392 -1.689990044 0.005009132 -0.002230392 0.999984980 61.699436188
0.999980927 0.003625974 -0.004989206 1.131889820 -0.003615616 0.999991298 0.002083665 -1.706006289 0.004996717 -0.002065587 0.999985397 62.225624084
0.999982536 0.003599929 -0.004689224 1.141508341 -0.003591161 0.999991775 0.001876924 -1.730507612 0.004695942 -0.001860052 0.999987245 62.757930756
0.999984264 0.003674765 -0.004227065 1.138379812 -0.003667529 0.999991775 0.001718364 -1.731472731 0.004233344 -0.001702834 0.999989510 63.319793701
0.999979377 0.004369336 -0.004704067 1.151299119 -0.004359763 0.999988556 0.002043541 -1.749898911 0.004712942 -0.002022990 0.999986827 63.869468689
0.999982655 0.003477790 -0.004755570 1.162386894 -0.003470399 0.999992788 0.001561547 -1.756630778 0.004760965 -0.001545016 0.999987423 64.400085449
0.999981105 0.003933340 -0.004716245 1.160685897 -0.003927442 0.999991477 0.001259057 -1.766055703 0.004721158 -0.001240510 0.999988019 64.929679871
0.999981999 0.003260214 -0.005034694 1.182862401 -0.003252745 0.999993622 0.001491388 -1.781415105 0.005039525 -0.001474985 0.999986172 65.464042664
0.999981165 0.003780692 -0.004829954 1.190330625 -0.003773909 0.999991953 0.001412808 -1.793427348 0.004835257 -0.001394553 0.999987304 66.009757996
0.999978483 0.004935124 -0.004317269 1.192451000 -0.004927240 0.999986172 0.001834879 -1.820604444 0.004326266 -0.001813567 0.999988914 66.594154358
0.999982536 0.004073201 -0.004279267 1.197036743 -0.004066646 0.999990523 0.001539399 -1.832695246 0.004285498 -0.001521970 0.999989688 67.135192871
0.999983490 0.003444006 -0.004606056 1.209652424 -0.003438833 0.999993443 0.001130663 -1.842976213 0.004609919 -0.001114805 0.999988735 67.702926636
0.999980927 0.004309554 -0.004422856 1.215962052 -0.004303858 0.999989927 0.001296603 -1.865249395 0.004428399 -0.001277543 0.999989390 68.243392944
0.999983251 0.002801995 -0.005064978 1.234799266 -0.002797320 0.999995589 0.000929868 -1.883710384 0.005067561 -0.000915684 0.999986768 68.760269165
0.999981701 0.003309629 -0.005068335 1.238153815 -0.003303882 0.999993861 0.001142143 -1.900663614 0.005072085 -0.001125377 0.999986529 69.307884216
0.999981463 0.003207228 -0.005161823 1.253361940 -0.003205115 0.999994874 0.000417636 -1.916080117 0.005163135 -0.000401084 0.999986589 69.860809326
0.999981523 0.003142971 -0.005194531 1.262112975 -0.003137869 0.999994576 0.000990053 -1.934867024 0.005197615 -0.000973735 0.999985993 70.405525208
0.999983251 0.003041147 -0.004922800 1.271563292 -0.003038110 0.999995291 0.000624304 -1.949761391 0.004924674 -0.000609338 0.999987662 70.965141296
0.999983609 0.002746745 -0.005027301 1.281339765 -0.002743624 0.999996066 0.000627784 -1.967494607 0.005029005 -0.000613981 0.999987125 71.504302979
0.999983251 0.002574034 -0.005167464 1.288685441 -0.002569357 0.999996305 0.000911471 -1.984725356 0.005169793 -0.000898179 0.999986231 72.051887512
0.999982595 0.003497934 -0.004725821 1.290480733 -0.003495312 0.999993742 0.000562890 -1.999894381 0.004727760 -0.000546362 0.999988735 72.601860046
0.999983251 0.002852330 -0.005039566 1.309853315 -0.002850331 0.999995768 0.000403705 -2.013474941 0.005040697 -0.000389334 0.999987245 73.163619995
0.999983013 0.003508192 -0.004654166 1.309908867 -0.003504223 0.999993503 0.000860684 -2.028915405 0.004657154 -0.000844360 0.999988735 73.720054626
0.999984026 0.003307202 -0.004584182 1.321688056 -0.003304029 0.999994278 0.000699601 -2.048294783 0.004586468 -0.000684443 0.999989212 74.270576477
0.999981701 0.004202126 -0.004337742 1.332500815 -0.004196379 0.999990284 0.001332907 -2.066978693 0.004343302 -0.001314680 0.999989629 74.818786621
0.999984443 0.003244352 -0.004531109 1.338815212 -0.003239855 0.999994278 0.000999475 -2.077387571 0.004534325 -0.000984778 0.999989212 75.386413574
0.999983430 0.003907828 -0.004224390 1.345576048 -0.003906420 0.999992311 0.000341499 -2.085823059 0.004225693 -0.000324992 0.999991000 75.954826355
0.999978840 0.004522833 -0.004662947 1.355404735 -0.004521025 0.999989688 0.000398382 -2.099193096 0.004664700 -0.000377292 0.999989033 76.427787781
0.999979317 0.004864883 -0.004203524 1.359038591 -0.004863697 0.999988139 0.000292427 -2.113891125 0.004204896 -0.000271976 0.999991059 76.873207092
0.999977708 0.004617366 -0.004809038 1.368857026 -0.004618551 0.999989450 -0.000235330 -2.125192165 0.004807900 0.000257536 0.999988377 77.397605896
0.999979317 0.004679162 -0.004433594 1.372686982 -0.004676352 0.999988794 0.000643952 -2.142641068 0.004436558 -0.000623206 0.999989986 77.948661804
0.999983013 0.003918611 -0.004303497 1.397680402 -0.003916848 0.999992251 0.000418261 -2.161387205 0.004305102 -0.000401398 0.999990582 78.465560913
0.999981582 0.004786840 -0.003733925 1.396875024 -0.004784960 0.999988437 0.000512346 -2.170868635 0.003736334 -0.000494470 0.999992907 79.008560181
0.999983132 0.004062262 -0.004142273 1.409944654 -0.004058683 0.999991357 0.000871807 -2.189695835 0.004145777 -0.000854980 0.999991000 79.495368958
0.999977946 0.005058148 -0.004300576 1.422795415 -0.005056687 0.999987125 0.000350468 -2.200341702 0.004302294 -0.000328714 0.999990702 80.009269714
0.999984086 0.004538390 -0.003351703 1.435674667 -0.004533934 0.999988794 0.001336095 -2.224944115 0.003357730 -0.001320878 0.999993503 80.510673523
0.999989510 0.004245862 -0.001702459 1.437862635 -0.004245097 0.999990880 0.000452519 -2.231190443 0.001704365 -0.000445287 0.999998450 81.054534912
0.999993742 0.003493011 -0.000373118 1.443702698 -0.003492824 0.999993801 0.000498072 -2.238426924 0.000374855 -0.000496765 0.999999821 81.619468689
0.999993980 0.003370189 0.000800102 1.451474190 -0.003369769 0.999994099 -0.000527547 -2.248826027 -0.000801875 0.000524848 0.999999464 82.153610229
0.999980032 0.004683547 0.004230062 1.465897560 -0.004685535 0.999988914 0.000460184 -2.275006056 -0.004227860 -0.000479995 0.999990940 82.699401855
0.999960005 0.004650036 0.007639566 1.495646238 -0.004651974 0.999989271 0.000235855 -2.283542633 -0.007638386 -0.000271384 0.999970734 83.276733398
0.999931574 0.004229720 0.010906902 1.517382622 -0.004226069 0.999991000 -0.000357711 -2.298566580 -0.010908317 0.000311594 0.999940455 83.808746338
0.999877155 0.004412714 0.015039044 1.539663076 -0.004416360 0.999990225 0.000209266 -2.317220449 -0.015037976 -0.000275658 0.999886870 84.352783203
0.999767363 0.004567843 0.021080719 1.571790218 -0.004563833 0.999989569 -0.000238251 -2.328036785 -0.021081591 0.000141986 0.999777734 84.893966675
0.999614060 0.004643665 0.027385939 1.600521326 -0.004632419 0.999989152 -0.000474084 -2.339394331 -0.027387841 0.000347038 0.999624848 85.453025818
0.999430954 0.004799437 0.033386141 1.626766682 -0.004786927 0.999988437 -0.000454644 -2.352487564 -0.033387933 0.000294568 0.999442399 86.021286011
0.999123514 0.005081491 0.041549355 1.664998889 -0.005062753 0.999987006 -0.000556199 -2.367453098 -0.041551653 0.000345358 0.999136209 86.574607849
0.998746276 0.004629095 0.049844597 1.712158203 -0.004588443 0.999989033 -0.000929981 -2.382228136 -0.049848355 0.000700107 0.998756528 87.120941162
0.998383284 0.004295861 0.056678098 1.759927750 -0.004234535 0.999990404 -0.001202072 -2.392132759 -0.056682706 0.000960123 0.998391807 87.687416077
0.997826695 0.003573792 0.065795884 1.811563015 -0.003495996 0.999992967 -0.001297479 -2.409953117 -0.065800078 0.001064637 0.997832239 88.229362488
0.997078121 0.004352111 0.076264605 1.876148224 -0.004247198 0.999989808 -0.001537781 -2.428224087 -0.076270528 0.001209377 0.997086346 88.735687256
0.996396422 0.003598236 0.084742106 1.942975998 -0.003497301 0.999992967 -0.001339505 -2.438089132 -0.084746338 0.001038309 0.996402025 89.283439636
0.995735407 0.003545190 0.092186749 2.003106594 -0.003393555 0.999992609 -0.001801579 -2.452548027 -0.092192456 0.001481055 0.995740056 89.816757202
0.994744718 0.003206993 0.102335453 2.085251808 -0.003024767 0.999993503 -0.001935813 -2.458910704 -0.102341019 0.001616099 0.994747996 90.342933655
0.993609786 0.003317484 0.112821162 2.171171188 -0.003111721 0.999993145 -0.001999837 -2.472736359 -0.112827033 0.001635990 0.993613243 90.884101868
0.992547691 0.002865398 0.121823229 2.260704041 -0.002587682 0.999993622 -0.002437805 -2.488471985 -0.121829428 0.002104397 0.992548823 91.413925171
0.991015673 0.002631034 0.133719802 2.351288795 -0.002368673 0.999995053 -0.002121067 -2.505188704 -0.133724719 0.001785273 0.991016924 91.929359436
0.989187241 0.002497604 0.146636307 2.445724487 -0.002166516 0.999994695 -0.002417555 -2.519897938 -0.146641582 0.002073725 0.989187539 92.452285767
0.987555027 0.001800028 0.157263875 2.555474281 -0.001360412 0.999994874 -0.002902999 -2.532246113 -0.157268256 0.002652928 0.987552464 93.003593445
0.985883832 0.001835131 0.167420194 2.662837029 -0.001470911 0.999996245 -0.002299463 -2.556442499 -0.167423785 0.002020743 0.985882878 93.541595459
0.983566880 0.001444497 0.180538461 2.781117439 -0.001070190 0.999997020 -0.002170678 -2.574736357 -0.180541098 0.001941796 0.983565509 94.063110352
0.981295049 0.000754565 0.192509025 2.914896965 -0.000375701 0.999997854 -0.002004529 -2.591491222 -0.192510173 0.001894708 0.981293261 94.597274780
0.979306459 -0.000119481 0.202383488 3.044664383 0.000664667 0.999996305 -0.002625864 -2.603199720 -0.202382475 0.002706042 0.979302764 95.132942200
0.976473868 0.000772833 0.215634450 3.185865402 -0.000310800 0.999997497 -0.002176570 -2.620798588 -0.215635613 0.002058344 0.976471722 95.677909851
0.973461509 -0.000707315 0.228849381 3.337247849 0.001257597 0.999996662 -0.002258729 -2.644280195 -0.228847012 0.002486586 0.973459184 96.190155029
0.970769048 -0.000652136 0.240014508 3.485935211 0.001250213 0.999996483 -0.002339587 -2.655416489 -0.240012139 0.002571268 0.970766485 96.719482422
0.968044758 -0.001105428 0.250774980 3.656250000 0.001763035 0.999995589 -0.002397664 -2.680499077 -0.250771224 0.002763172 0.968042433 97.237991333
0.964518309 -0.000448551 0.264015645 3.825735092 0.000872207 0.999998510 -0.001487446 -2.697829247 -0.264014602 0.001664945 0.964517295 97.759880066
0.961026311 -0.001788164 0.276451081 4.002758026 0.002525191 0.999994159 -0.002310072 -2.714018345 -0.276445359 0.002918132 0.961025178 98.277336121
0.957758427 -0.002405247 0.287563682 4.187108994 0.003040493 0.999993861 -0.001762481 -2.722512007 -0.287557662 0.002562367 0.957759917 98.797142029
0.953233540 -0.002395118 0.302225262 4.367694855 0.003150731 0.999992967 -0.002012673 -2.744429588 -0.302218318 0.002870778 0.953234434 99.297660828
0.948855877 -0.002670106 0.315698326 4.574279785 0.003510007 0.999991655 -0.002091893 -2.761155605 -0.315690100 0.003093008 0.948857307 99.807731628
0.944993019 -0.002820286 0.327078491 4.778461456 0.003799188 0.999990046 -0.002354016 -2.774655581 -0.327068627 0.003467161 0.944994271 100.322036743
0.940288901 -0.002208749 0.340370327 4.983432770 0.003089459 0.999993205 -0.002045566 -2.792218685 -0.340363473 0.002974983 0.940289259 100.858215332
0.934951961 -0.003242671 0.354759455 5.209197998 0.004095852 0.999990225 -0.001654041 -2.823652983 -0.354750633 0.002999491 0.934956133 101.388229370
0.929750741 -0.003382680 0.368174046 5.429256439 0.003803152 0.999992728 -0.000416456 -2.843853474 -0.368169934 0.001787423 0.929756820 101.902664185
0.925271749 -0.003077548 0.379292488 5.679748535 0.003823571 0.999991953 -0.001213628 -2.855299950 -0.379285574 0.002573187 0.925276220 102.452278137
0.919613302 -0.003287555 0.392811269 5.923492432 0.004119214 0.999990761 -0.001274302 -2.867183208 -0.392803341 0.002789938 0.919618309 102.948036194
0.913444638 -0.003719720 0.406946063 6.173225403 0.004538639 0.999989092 -0.001047106 -2.882852793 -0.406937748 0.002803454 0.913451612 103.457427979
0.908707559 -0.003764104 0.417416394 6.426822662 0.004559663 0.999989212 -0.000908773 -2.894749403 -0.417408466 0.002729087 0.908714950 103.946640015
0.902680516 -0.003671559 0.430295706 6.684524536 0.004716311 0.999987900 -0.001361407 -2.911286354 -0.430285543 0.003258323 0.902687073 104.462013245
0.895912528 -0.003808067 0.444214314 6.952011108 0.004895212 0.999987125 -0.001300416 -2.922994614 -0.444203675 0.003339582 0.895919681 104.948196411
0.890210509 -0.004390645 0.455528289 7.224388123 0.005588418 0.999983549 -0.001282677 -2.951977253 -0.455515116 0.003687535 0.890220404 105.413650513
0.884463787 -0.004124316 0.466590583 7.502632141 0.005001335 0.999987245 -0.000641324 -2.971125126 -0.466582000 0.002900804 0.884473145 105.889495850
0.876816213 -0.004753923 0.480802089 7.777557373 0.005744343 0.999983311 -0.000588369 -2.986562967 -0.480791390 0.003277784 0.876828849 106.363769531
0.869609356 -0.005125835 0.493713677 8.068714142 0.006151753 0.999980927 -0.000453472 -3.000409603 -0.493701994 0.003431549 0.869624317 106.824989319
0.863366246 -0.005207105 0.504551113 8.355884552 0.006393467 0.999979377 -0.000620165 -3.010649920 -0.504537344 0.003761260 0.863381565 107.282127380
