1.000000000 0.000000000 0.000000000 0.000000000 0.000000000 1.000000000 0.000000000 0.000000000 0.000000000 0.000000000 1.000000000 0.000000000
1.000000000 -0.000059641 -0.000059745 0.000556311 0.000059645 1.000000000 0.000071415 -0.000904802 0.000059741 -0.000071418 1.000000000 -0.000011225
1.000000000 -0.000090124 -0.000044085 -0.001072063 0.000090124 1.000000000 0.000001302 0.001249232 0.000044085 -0.000001306 1.000000000 -0.001091507
1.000000000 0.000071803 0.000009413 0.000251075 -0.000071803 1.000000000 0.000013965 0.000373844 -0.000009412 -0.000013966 1.000000000 -0.000116479
1.000000000 -0.000131042 0.000055362 -0.000256039 0.000131041 1.000000000 0.000026322 0.000554917 -0.000055366 -0.000026315 1.000000000 0.000402527
1.000000000 -0.000096150 0.000010317 0.000679902 0.000096149 1.000000000 0.000055391 0.001112923 -0.000010322 -0.000055390 1.000000000 0.000780085
1.000000000 0.000000031 0.000032280 -0.000254407 -0.000000032 1.000000000 0.000037849 0.000705453 -0.000032280 -0.000037849 1.000000000 0.002979812
1.000000000 -0.000030325 0.000016199 -0.001153277 0.000030324 1.000000000 0.000028619 0.000467961 -0.000016200 -0.000028619 1.000000000 0.000683428
1.000000000 -0.000056205 -0.000037570 0.000997477 0.000056206 1.000000000 0.000013983 0.000914802 0.000037570 -0.000013985 1.000000000 0.002510441
1.000000000 -0.000106082 -0.000059033 -0.000725844 0.000106081 1.000000000 -0.000025020 0.001470288 0.000059035 0.000025014 1.000000000 0.000112774
1.000000000 0.000082301 -0.000044033 -0.000377963 -0.000082297 1.000000000 0.000103210 0.001491539 0.000044041 -0.000103206 1.000000000 0.000944486
1.000000000 -0.000092937 -0.000054659 0.000423116 0.000092937 1.000000000 -0.000006938 0.001739020 0.000054660 0.000006933 1.000000000 0.001121983
1.000000000 0.000031017 0.000042125 -0.000638505 -0.000031019 1.000000000 0.000035503 0.000264189 -0.000042124 -0.000035505 1.000000000 -0.001445017
1.000000000 -0.000164988 -0.000046702 0.000398981 0.000164992 1.000000000 0.000097628 -0.000308192 0.000046686 -0.000097635 1.000000000 -0.001398497
1.000000000 0.000067678 0.000088380 -0.001394958 -0.000067680 1.000000000 0.000027380 0.000674606 -0.000088378 -0.000027386 1.000000000 0.002308147
1.000000000 0.000114879 0.000051085 -0.001115947 -0.000114885 1.000000000 0.000118395 0.000052712 -0.000051072 -0.000118401 1.000000000 0.002853446
1.000000000 -0.000041672 0.000014720 -0.001142293 0.000041673 1.000000000 -0.000044816 0.002058236 -0.000014718 0.000044817 1.000000000 0.000642255
1.000000000 0.000016396 -0.000050357 0.002207500 -0.000016393 1.000000000 0.000049343 0.001313115 0.000050358 -0.000049342 1.000000000 0.002916930
1.000000000 -0.000208158 -0.000051957 -0.000345736 0.000208164 0.999999940 0.000128326 -0.001775216 0.000051930 -0.000128337 1.000000000 0.001854050
1.000000000 0.000041069 -0.000002788 -0.000496209 -0.000041069 1.000000000 0.000044555 0.001184887 0.000002790 -0.000044554 1.000000000 -0.000518551
1.000000000 -0.000120310 -0.000053061 0.000241945 0.000120313 1.000000000 0.000059098 0.000622532 0.000053054 -0.000059104 1.000000000 0.000856043
1.000000000 -0.000166506 0.000015956 -0.000737818 0.000166504 1.000000000 0.000098404 0.000539390 -0.000015973 -0.000098401 1.000000000 0.002524860
1.000000000 -0.000002174 0.000009056 -0.000646715 0.000002173 1.000000000 0.000127551 0.000583028 -0.000009056 -0.000127551 1.000000000 0.002014966
1.000000000 -0.000106349 -0.000011706 0.000104304 0.000106349 1.000000000 0.000018030 0.002751601 0.000011704 -0.000018031 1.000000000 0.001170219
1.000000000 -0.000126669 -0.000110776 0.002697269 0.000126681 1.000000000 0.000112967 0.000725394 0.000110762 -0.000112981 1.000000000 0.000395211
1.000000000 -0.000222235 -0.000086937 0.001157310 0.000222242 1.000000000 0.000082140 -0.000291837 0.000086918 -0.000082159 1.000000000 -0.001898798
1.000000000 -0.000023951 -0.000004516 0.001258007 0.000023952 1.000000000 0.000048593 0.001149602 0.000004515 -0.000048593 1.000000000 -0.001499742
1.000000000 -0.000158271 -0.000097142 0.000723059 0.000158278 1.000000000 0.000074688 0.000423546 0.000097130 -0.000074703 1.000000000 0.000198194
1.000000000 -0.000084320 0.000009461 -0.001273514 0.000084319 1.000000000 0.000091206 0.000428156 -0.000009468 -0.000091205 1.000000000 -0.001747060
1.000000000 -0.000206114 -0.000056787 -0.000454796 0.000206120 1.000000000 0.000101287 0.000338595 0.000056766 -0.000101299 1.000000000 -0.001240100
1.000000000 -0.000088340 -0.000005362 0.000468393 0.000088340 1.000000000 0.000009081 0.002551385 0.000005362 -0.000009081 1.000000000 0.000549114
1.000000000 0.000032026 -0.000008716 -0.000635067 -0.000032025 1.000000000 0.000067100 0.001222317 0.000008719 -0.000067100 1.000000000 -0.000580276
0.999999881 -0.000388636 -0.000236133 0.003779681 0.000388662 0.999999940 0.000111793 -0.000653069 0.000236089 -0.000111885 0.999999940 -0.004033924
1.000000000 -0.000134898 -0.000020833 0.001540318 0.000134899 1.000000000 0.000034261 0.001280048 0.000020829 -0.000034264 1.000000000 -0.002051000
0.999999940 -0.000258398 -0.000148478 0.001415644 0.000258429 0.999999940 0.000206640 -0.000909472 0.000148425 -0.000206678 0.999999940 -0.003045977
0.999999940 -0.000241414 -0.000089926 -0.000336272 0.000241425 0.999999940 0.000122603 -0.001534391 0.000089896 -0.000122625 1.000000000 -0.002869345
0.999999940 -0.000273039 -0.000157069 0.001184212 0.000273064 0.999999940 0.000154899 -0.001080226 0.000157027 -0.000154941 1.000000000 -0.003356229
1.000000000 -0.000146542 -0.000044047 0.001060189 0.000146543 1.000000000 0.000006861 0.000857395 0.000044046 -0.000006868 1.000000000 0.002507429
0.999999881 -0.000486299 -0.000094425 0.003354894 0.000486270 0.999999821 -0.000311738 -0.005591117 0.000094576 0.000311692 0.999999940 0.047779433
1.000000000 -0.000009581 -0.000041032 0.002802209 0.000009539 0.999999464 -0.001021805 -0.005446547 0.000041041 0.001021805 0.999999464 0.141215384
0.999999940 -0.000384909 -0.000096898 0.005780756 0.000384785 0.999999106 -0.001271917 -0.008390604 0.000097388 0.001271880 0.999999166 0.258445621
0.999999881 -0.000432251 -0.000201271 0.008840328 0.000431992 0.999999046 -0.001288959 -0.014494815 0.000201828 0.001288872 0.999999166 0.381079674
1.000000000 -0.000170669 -0.000066123 0.005657059 0.000170601 0.999999464 -0.001023809 -0.018707702 0.000066298 0.001023798 0.999999464 0.525946140
1.000000000 -0.000039583 0.000093894 0.007761552 0.000039665 0.999999642 -0.000873483 -0.024114592 -0.000093859 0.000873487 0.999999642 0.686013937
1.000000000 -0.000201862 0.000072089 0.016397867 0.000201916 0.999999702 -0.000748150 -0.028465455 -0.000071938 0.000748164 0.999999702 0.851149082
1.000000000 0.000005173 0.000071639 0.014282975 -0.000005132 0.999999821 -0.000566918 -0.027273163 -0.000071642 0.000566918 0.999999821 1.019266725
0.999999940 0.000290602 0.000144259 0.019320965 -0.000290551 0.999999881 -0.000350414 -0.040486768 -0.000144361 0.000350372 0.999999940 1.207095623
1.000000000 -0.000012925 0.000174801 0.025065685 0.000012931 1.000000000 -0.000031860 -0.047095049 -0.000174801 0.000031862 1.000000000 1.376315475
1.000000000 -0.000088115 -0.000056637 0.031808749 0.000088122 1.000000000 0.000122444 -0.048342835 0.000056626 -0.000122449 1.000000000 1.583879232
1.000000000 0.000123628 0.000138242 0.032856867 -0.000123630 1.000000000 0.000009401 -0.054478899 -0.000138241 -0.000009418 1.000000000 1.779438734
1.000000000 0.000030393 0.000108070 0.039151236 -0.000030407 1.000000000 0.000127207 -0.055564683 -0.000108066 -0.000127210 1.000000000 1.988193631
0.999999821 0.000254365 0.000489931 0.032831404 -0.000254340 0.999999940 -0.000051424 -0.059726194 -0.000489944 0.000051300 0.999999881 2.204518557
0.999998033 -0.000045740 0.001982205 0.010306306 0.000044086 0.999999642 0.000834631 -0.080579616 -0.001982243 -0.000834542 0.999997675 2.400069714
0.999997556 -0.000308090 0.002190875 0.020287827 0.000305946 0.999999523 0.000979085 -0.087760404 -0.002191175 -0.000978412 0.999997139 2.619419813
0.999997437 -0.000228978 0.002241005 0.025227670 0.000226895 0.999999464 0.000929801 -0.093922704 -0.002241217 -0.000929290 0.999997079 2.834851503
0.999997735 -0.000365925 0.002068723 0.032146424 0.000363463 0.999999166 0.001190198 -0.100547910 -0.002069157 -0.001189444 0.999997139 3.069453716
0.999997556 0.000189097 0.002224506 0.035162605 -0.000191359 0.999999464 0.001016611 -0.106878936 -0.002224312 -0.001017034 0.999997020 3.306103468
0.999997258 -0.000644681 0.002227109 0.041089896 0.000641937 0.999999046 0.001232726 -0.119581908 -0.002227901 -0.001231294 0.999996722 3.536805391
0.999997795 -0.000649069 0.002023438 0.047609895 0.000646438 0.999998987 0.001300649 -0.123703808 -0.002024280 -0.001299338 0.999997139 3.787162781
0.999996960 -0.000771580 0.002368491 0.050151274 0.000768043 0.999998689 0.001494039 -0.133715838 -0.002369641 -0.001492215 0.999996066 4.051300526
0.999996662 -0.000382553 0.002576971 0.050625585 0.000378153 0.999998510 0.001707602 -0.136378437 -0.002577621 -0.001706622 0.999995232 4.310890675
0.999997079 -0.000743893 0.002294750 0.055104807 0.000739263 0.999997675 0.002017750 -0.150015488 -0.002296245 -0.002016048 0.999995351 4.546523571
0.999996781 -0.001041122 0.002310254 0.068472236 0.001035736 0.999996662 0.002331762 -0.160741746 -0.002312674 -0.002329362 0.999994636 4.807573318
0.999996543 -0.000697824 0.002556146 0.066966467 0.000692198 0.999997377 0.002201050 -0.164605841 -0.002557675 -0.002199272 0.999994397 5.077697277
0.999996543 -0.000551634 0.002563081 0.068251759 0.000546294 0.999997675 0.002083830 -0.173302516 -0.002564225 -0.002082423 0.999994516 5.330687046
0.999996245 -0.000720869 0.002635865 0.074814811 0.000714851 0.999997139 0.002283104 -0.183808699 -0.002637503 -0.002281212 0.999993920 5.577455521
0.999996662 -0.000496279 0.002532951 0.078504458 0.000490197 0.999997020 0.002401272 -0.192937195 -0.002534135 -0.002400022 0.999993920 5.834885120
0.999996245 -0.000996658 0.002560170 0.079848327 0.000990876 0.999996901 0.002259024 -0.201627389 -0.002562414 -0.002256479 0.999994099 6.112216949
0.999995947 -0.000289448 0.002809029 0.084052272 0.000282567 0.999996960 0.002449618 -0.205779001 -0.002809730 -0.002448814 0.999993026 6.409739494
0.999995649 -0.000253115 0.002919879 0.089365952 0.000246121 0.999997139 0.002395353 -0.216894507 -0.002920477 -0.002394624 0.999992847 6.687226295
0.999995530 -0.000993539 0.002827443 0.097594284 0.000985942 0.999995887 0.002687150 -0.230371282 -0.002830102 -0.002684350 0.999992371 6.954415321
0.999995947 -0.000792110 0.002753511 0.107578881 0.000784817 0.999996185 0.002648893 -0.238898307 -0.002755599 -0.002646721 0.999992669 7.249725819
0.999995112 -0.000255205 0.003114598 0.112608843 0.000246583 0.999996126 0.002768342 -0.249348789 -0.003115293 -0.002767560 0.999991357 7.568904877
0.999995291 -0.001053096 0.002880621 0.120057374 0.001044247 0.999994755 0.003071559 -0.263322651 -0.002883841 -0.003068536 0.999991119 7.877858162
0.999996126 -0.001118377 0.002570260 0.125650823 0.001110461 0.999994636 0.003079014 -0.266605675 -0.002573690 -0.003076147 0.999991953 8.196816444
0.999995649 -0.001498790 0.002529610 0.134571612 0.001491641 0.999994874 0.002825425 -0.273645520 -0.002533832 -0.002821639 0.999992788 8.460922241
0.999996185 -0.001198231 0.002495856 0.134482145 0.001191394 0.999995530 0.002738997 -0.275110543 -0.002499126 -0.002736013 0.999993145 8.807243347
0.999995530 -0.001199668 0.002738984 0.139663100 0.001191853 0.999995172 0.002853428 -0.287717700 -0.002742394 -0.002850151 0.999992132 9.142324448
0.999995410 -0.001418223 0.002668167 0.151073381 0.001410095 0.999994397 0.003045992 -0.300309658 -0.002672472 -0.003042215 0.999991775 9.502346039
0.999995232 -0.001345070 0.002788610 0.157130793 0.001336175 0.999994099 0.003189491 -0.307944447 -0.002792884 -0.003185750 0.999991059 9.813248634
0.999995053 -0.001492031 0.002759713 0.162534833 0.001482979 0.999993503 0.003279136 -0.329989433 -0.002764587 -0.003275028 0.999990821 10.135266304
0.999994695 -0.000921816 0.003099871 0.166273326 0.000910405 0.999992728 0.003680634 -0.342504442 -0.003103242 -0.003677793 0.999988437 10.487377167
0.999994755 -0.001230353 0.003003440 0.174839914 0.001218969 0.999992073 0.003789159 -0.350363344 -0.003008079 -0.003785478 0.999988317 10.863958359
0.999994338 -0.001286471 0.003097531 0.182416528 0.001275131 0.999992430 0.003660355 -0.362781912 -0.003102217 -0.003656385 0.999988437 11.230013847
0.999994576 -0.001188018 0.003061696 0.197291642 0.001175739 0.999991238 0.004008920 -0.369343877 -0.003066432 -0.004005299 0.999987245 11.609866142
0.999994576 -0.001575122 0.002877334 0.206197962 0.001562914 0.999989748 0.004239968 -0.387431741 -0.002883983 -0.004235448 0.999986887 11.928361893
0.999994993 -0.001590683 0.002731550 0.216373622 0.001578854 0.999989450 0.004327236 -0.399719715 -0.002738405 -0.004322901 0.999986947 12.305191994
0.999993920 -0.001990299 0.002856248 0.225572467 0.001977904 0.999988616 0.004335731 -0.404428959 -0.002864845 -0.004330055 0.999986529 12.716721535
0.999993563 -0.002419741 0.002652105 0.241098464 0.002407416 0.999986291 0.004640762 -0.419087708 -0.002663298 -0.004634347 0.999985695 13.072242737
0.999993622 -0.002123441 0.002883633 0.260100245 0.002109690 0.999986529 0.004763274 -0.431023747 -0.002893708 -0.004757159 0.999984503 13.489451408
0.999993563 -0.001479123 0.003243177 0.255889356 0.001463720 0.999987781 0.004746201 -0.447713107 -0.003250157 -0.004741426 0.999983490 13.841780663
0.999992549 -0.001526446 0.003531800 0.264562428 0.001509952 0.999987960 0.004668068 -0.460612178 -0.003538883 -0.004662701 0.999982893 14.265724182
0.999991357 -0.001159717 0.003973203 0.272421122 0.001139599 0.999986529 0.005061749 -0.472351134 -0.003979019 -0.005057178 0.999979258 14.699009895
0.999991179 -0.002377541 0.003469786 0.287679821 0.002361033 0.999985933 0.004754123 -0.484087288 -0.003481040 -0.004745889 0.999982655 15.095376968
0.999991059 -0.001673005 0.003873669 0.297377467 0.001654221 0.999986947 0.004847200 -0.495094776 -0.003881728 -0.004840750 0.999980748 15.536479950
0.999987900 -0.001204410 0.004775904 0.303431392 0.001179355 0.999985635 0.005245410 -0.505461335 -0.004782152 -0.005239713 0.999974787 15.994295120
0.999987841 -0.001565591 0.004682015 0.316369712 0.001541758 0.999985814 0.005089585 -0.515513659 -0.004689917 -0.005082305 0.999976039 16.428415298
0.999986947 -0.002152088 0.004621594 0.322775573 0.002125919 0.999981642 0.005659784 -0.543477535 -0.004633688 -0.005649886 0.999973297 16.808998108
0.999983370 -0.002264027 0.005302443 0.333049566 0.002234327 0.999981821 0.005600600 -0.552490175 -0.005315027 -0.005588658 0.999970317 17.273174286
0.999982595 -0.002168248 0.005500235 0.346104831 0.002134476 0.999978960 0.006138659 -0.570416689 -0.005513428 -0.006126813 0.999965966 17.743358612
0.999980330 -0.002592892 0.005715256 0.359773427 0.002557773 0.999977827 0.006143618 -0.578607976 -0.005731058 -0.006128879 0.999964714 18.211818695
0.999981463 -0.002254214 0.005650325 0.371831059 0.002220063 0.999979258 0.006042992 -0.597722530 -0.005663829 -0.006030336 0.999965787 18.674011230
0.999980152 -0.002485712 0.005787069 0.372331440 0.002448037 0.999975741 0.006508255 -0.611815691 -0.005803108 -0.006493960 0.999962091 19.064603806
0.999980271 -0.002438327 0.005790283 0.386354923 0.002398842 0.999973834 0.006816479 -0.625442326 -0.005806753 -0.006802455 0.999960065 19.545715332
0.999979734 -0.003008943 0.005602556 0.407431901 0.002970903 0.999972582 0.006785624 -0.639770746 -0.005622821 -0.006768842 0.999961317 20.019662857
0.999983907 -0.002777009 0.004930076 0.412474751 0.002744342 0.999974310 0.006620528 -0.646955311 -0.004948335 -0.006606893 0.999965966 20.531557083
0.999984622 -0.002989335 0.004654921 0.412597626 0.002958211 0.999973297 0.006678870 -0.650714457 -0.004674762 -0.006664998 0.999966860 21.066825867
0.999985695 -0.003464376 0.004076040 0.391788781 0.003435083 0.999968350 0.007171926 -0.689684093 -0.004100758 -0.007157822 0.999965966 21.414133072
0.999987185 -0.003174754 0.003959919 0.399809241 0.003147363 0.999971211 0.006904426 -0.691488206 -0.003981725 -0.006891874 0.999968290 21.925708771
0.999990463 -0.002573296 0.003555390 0.404875517 0.002550168 0.999975622 0.006494586 -0.699157238 -0.003572016 -0.006485457 0.999972641 22.455516815
0.999989569 -0.003571321 0.002838804 0.420323551 0.003549903 0.999965489 0.007514402 -0.734135509 -0.002865543 -0.007504246 0.999967694 22.866357803
0.999985278 -0.005089655 0.001881005 0.431389004 0.005075446 0.999959171 0.007482895 -0.752482116 -0.001919013 -0.007473238 0.999970198 23.384613037
0.999993026 -0.003321129 0.001714562 0.440879196 0.003308109 0.999966085 0.007542043 -0.753535867 -0.001739551 -0.007536318 0.999970138 23.937738419
0.999991179 -0.004130468 0.000812900 0.459382564 0.004123995 0.999961078 0.007809518 -0.771407127 -0.000845126 -0.007806096 0.999969184 24.444629669
0.999992788 -0.003767251 0.000411888 0.450770468 0.003763794 0.999960124 0.008095680 -0.783630788 -0.000442370 -0.008094071 0.999967158 24.869838715
0.999991298 -0.004174743 0.000151513 0.464074910 0.004173407 0.999959648 0.007949953 -0.794386089 -0.000184696 -0.007949252 0.999968410 25.417034149
0.999991655 -0.004076164 -0.000061656 0.468973666 0.004076530 0.999958754 0.008105862 -0.803128541 0.000028613 -0.008106046 0.999967158 25.962968826
0.999984503 -0.005319689 -0.001667534 0.511078238 0.005333787 0.999949038 0.008567638 -0.825189352 0.001621872 -0.008576400 0.999961913 26.515325546
0.999989927 -0.004228182 -0.001586147 0.506211281 0.004241405 0.999955416 0.008427410 -0.840160549 0.001550443 -0.008434052 0.999963284 27.069492340
0.999988914 -0.004377019 -0.001745299 0.478131056 0.004391816 0.999953687 0.008566669 -0.845033824 0.001707722 -0.008574241 0.999961734 27.480005264
0.999994636 -0.002787609 -0.001736080 0.475609392 0.002801492 0.999963760 0.008046558 -0.853523135 0.001713587 -0.008051380 0.999966085 28.033292770
0.999994695 -0.002688064 -0.001818031 0.483154833 0.002702147 0.999966085 0.007788830 -0.859026790 0.001797033 -0.007793701 0.999967992 28.575700760
0.999989748 -0.003856819 -0.002361402 0.483703732 0.003877645 0.999953091 0.008879006 -0.887897968 0.002327046 -0.008888071 0.999957800 28.993297577
0.999988675 -0.004098996 -0.002386880 0.499013841 0.004119632 0.999953628 0.008706100 -0.899719000 0.002351083 -0.008715834 0.999959290 29.546369553
0.999987960 -0.003725302 -0.003181429 0.505494058 0.003751553 0.999958754 0.008285794 -0.910943508 0.003150430 -0.008297631 0.999960661 30.093568802
0.999985337 -0.003974213 -0.003660472 0.525199890 0.004003765 0.999959230 0.008101661 -0.919157445 0.003628124 -0.008116199 0.999960482 30.636665344
0.999985516 -0.004228029 -0.003327078 0.509666204 0.004256510 0.999953985 0.008599830 -0.934687734 0.003290563 -0.008613867 0.999957502 31.070592880
0.999981284 -0.004726653 -0.003903993 0.521112800 0.004760771 0.999950171 0.008776549 -0.941209435 0.003862316 -0.008794970 0.999953926 31.594348907
0.999984920 -0.003799144 -0.003950787 0.525364339 0.003832216 0.999957442 0.008397398 -0.955265164 0.003918716 -0.008412412 0.999956906 32.150226593
0.999985695 -0.003659269 -0.003888055 0.524071097 0.003691294 0.999959052 0.008261652 -0.966998458 0.003857664 -0.008275886 0.999958277 32.656253815
0.999986291 -0.003177128 -0.004169845 0.524527788 0.003211851 0.999960065 0.008347007 -0.969952166 0.004143159 -0.008360285 0.999956489 33.280162811
0.999984980 -0.003553540 -0.004163886 0.520775676 0.003590547 0.999953747 0.008914139 -0.995454550 0.004132017 -0.008928956 0.999951601 33.663600922
0.999986351 -0.003219374 -0.004124818 0.527117550 0.003256935 0.999952912 0.009132109 -1.003493309 0.004095224 -0.009145418 0.999949813 34.216045380
0.999986887 -0.002974647 -0.004182781 0.532923579 0.003008914 0.999961734 0.008210037 -1.012164831 0.004158199 -0.008222515 0.999957561 34.746723175
0.999985039 -0.003153003 -0.004479421 0.550896347 0.003193590 0.999953687 0.009082613 -1.032424212 0.004450576 -0.009096782 0.999948740 35.318180084
0.999980390 -0.003961549 -0.004846171 0.553295970 0.004008645 0.999944448 0.009747488 -1.045285702 0.004807286 -0.009766724 0.999940753 35.727836609
0.999980211 -0.003621176 -0.005149057 0.561535776 0.003669641 0.999948740 0.009434235 -1.052494645 0.005114630 -0.009452942 0.999942243 36.272567749
0.999972224 -0.004525282 -0.005916504 0.572535813 0.004578468 0.999948919 0.009006838 -1.063266516 0.005875443 -0.009033679 0.999941885 36.837413788
0.999973655 -0.004227333 -0.005902579 0.579474568 0.004281649 0.999948382 0.009219966 -1.075566530 0.005863298 -0.009244998 0.999940097 37.364040375
0.999973118 -0.004532732 -0.005754173 0.581496418 0.004586658 0.999945343 0.009393238 -1.088189721 0.005711283 -0.009419377 0.999939322 37.907649994
0.999975622 -0.004535683 -0.005293352 0.558357716 0.004590312 0.999935865 0.010354375 -1.111275434 0.005246049 -0.010378421 0.999932408 38.299419403
0.999973238 -0.004660553 -0.005636694 0.575752556 0.004718195 0.999936283 0.010256410 -1.123815179 0.005588533 -0.010282733 0.999931574 38.820877075
0.999969780 -0.005332544 -0.005655635 0.579124629 0.005386187 0.999940217 0.009512497 -1.126121283 0.005604572 -0.009542672 0.999938786 39.403312683
0.999975502 -0.004191541 -0.005606547 0.585322142 0.004244039 0.999946892 0.009384805 -1.119600654 0.005566912 -0.009408367 0.999940336 39.944133759
0.999979079 -0.003862716 -0.005200409 0.572920620 0.003909465 0.999951720 0.009009476 -1.130145073 0.005165358 -0.009029618 0.999945939 40.492191315
0.999967575 -0.005059824 -0.006253566 0.598156810 0.005116608 0.999945462 0.009097693 -1.148266077 0.006207193 -0.009129396 0.999939084 41.043556213
0.999967635 -0.005376807 -0.005986892 0.587658286 0.005441499 0.999926388 0.010842147 -1.181529164 0.005928154 -0.010874373 0.999923229 41.470539093
0.999964178 -0.005539057 -0.006401591 0.596998334 0.005607106 0.999927402 0.010661365 -1.192239046 0.006342073 -0.010696877 0.999922633 42.021110535
0.999969006 -0.005017603 -0.006071164 0.600866616 0.005077084 0.999938846 0.009821917 -1.200706363 0.006021511 -0.009852437 0.999933302 42.557659149
0.999963880 -0.005315170 -0.006621212 0.618352175 0.005381553 0.999935031 0.010048724 -1.206517577 0.006567371 -0.010083995 0.999927640 43.075088501
0.999970555 -0.004906421 -0.005903807 0.602864861 0.004969898 0.999929488 0.010785667 -1.227027178 0.005850472 -0.010814691 0.999924421 43.535377502
0.999973536 -0.004589870 -0.005639249 0.611904979 0.004652202 0.999927640 0.011090235 -1.233539820 0.005587939 -0.011116177 0.999922633 44.081573486
0.999977291 -0.003616508 -0.005695210 0.617369652 0.003678233 0.999934256 0.010865205 -1.242917776 0.005655541 -0.010885907 0.999924779 44.615657806
0.999976397 -0.003908122 -0.005654251 0.608734488 0.003963914 0.999943256 0.009889940 -1.244781017 0.005615280 -0.009912120 0.999935150 45.174098969
0.999980152 -0.003685217 -0.005112079 0.615618289 0.003738237 0.999938905 0.010400951 -1.262971878 0.005073438 -0.010419855 0.999932885 45.689430237
0.999979913 -0.003913349 -0.005009335 0.599298179 0.003966458 0.999935508 0.010636016 -1.278815866 0.004967389 -0.010655669 0.999930859 45.996055603
0.999978065 -0.004361663 -0.005001650 0.608030915 0.004413615 0.999935925 0.010423423 -1.285918117 0.004955866 -0.010445269 0.999933183 46.551025391
0.999980688 -0.003573279 -0.005073878 0.615164161 0.003625742 0.999939680 0.010368566 -1.295550585 0.005036523 -0.010386764 0.999933362 47.076564789
0.999982715 -0.003025761 -0.005046549 0.622467816 0.003077327 0.999942839 0.010241595 -1.305992365 0.005015272 -0.010256949 0.999934852 47.627597809
0.999986291 -0.002206853 -0.004740828 0.615113676 0.002253233 0.999949455 0.009800066 -1.310464859 0.004718962 -0.009810614 0.999940813 48.174091339
0.999976933 -0.004189967 -0.005332750 0.618698835 0.004247739 0.999931931 0.010868767 -1.325316906 0.005286846 -0.010891167 0.999926686 48.480297089
0.999979377 -0.003688888 -0.005266287 0.628662705 0.003744914 0.999936044 0.010668859 -1.329135776 0.005226593 -0.010688360 0.999929190 49.033329010
0.999984264 -0.002827777 -0.004827492 0.627879143 0.002881271 0.999934137 0.011110455 -1.341415644 0.004795757 -0.011124187 0.999926627 49.585323334
0.999974251 -0.004218322 -0.005797721 0.642659664 0.004277287 0.999938905 0.010195919 -1.347005248 0.005754357 -0.010220458 0.999931157 50.098411560
0.999980032 -0.003203388 -0.005451095 0.648082733 0.003257215 0.999945760 0.009894338 -1.360176325 0.005419104 -0.009911896 0.999936163 50.633460999
0.999976337 -0.003886950 -0.005677786 0.648215890 0.003945698 0.999938428 0.010372717 -1.372313023 0.005637116 -0.010394875 0.999930024 51.038387299
0.999977708 -0.003716428 -0.005554751 0.653646469 0.003773106 0.999940574 0.010228100 -1.380743265 0.005516409 -0.010248831 0.999932289 51.588665009
0.999980628 -0.003444726 -0.005187959 0.652725160 0.003497319 0.999942243 0.010162718 -1.387250185 0.005152650 -0.010180664 0.999934852 52.137611389
0.999976873 -0.003719962 -0.005687730 0.672477245 0.003772798 0.999949515 0.009307133 -1.400553226 0.005652819 -0.009328377 0.999940515 52.687870026
0.999968231 -0.004903320 -0.006281245 0.693370283 0.004960639 0.999945939 0.009142592 -1.407434344 0.006236074 -0.009173460 0.999938488 53.206008911
0.999978721 -0.003877508 -0.005264009 0.671510696 0.003931431 0.999939442 0.010272162 -1.410588145 0.005223860 -0.010292638 0.999933362 53.543220520
0.999981701 -0.003432647 -0.004991878 0.673938274 0.003483384 0.999941945 0.010191044 -1.421721458 0.004956605 -0.010208245 0.999935567 54.083621979
0.999976277 -0.004278105 -0.005406968 0.690487921 0.004331196 0.999942064 0.009845525 -1.422786951 0.005364535 -0.009868708 0.999936879 54.639308929
0.999978542 -0.004093063 -0.005105667 0.694429457 0.004140927 0.999947250 0.009399766 -1.435776234 0.005066923 -0.009420708 0.999942720 55.187419891
0.999980569 -0.003833202 -0.004913082 0.689315379 0.003882140 0.999942660 0.009990547 -1.442510009 0.004874505 -0.010009429 0.999938011 55.556140900
0.999982238 -0.003433139 -0.004871850 0.696776986 0.003481755 0.999943852 0.010005891 -1.449982405 0.004837225 -0.010022677 0.999938071 56.102741241
0.999974847 -0.004373474 -0.005575936 0.716574848 0.004428881 0.999940574 0.009963601 -1.462696671 0.005532030 -0.009988048 0.999934852 56.611865997
0.999975920 -0.004516856 -0.005275624 0.730052590 0.004565633 0.999946535 0.009270386 -1.468539953 0.005233470 -0.009294249 0.999943078 57.148323059
0.999978006 -0.004205984 -0.005123325 0.716607451 0.004257643 0.999939799 0.010114404 -1.469580412 0.005080473 -0.010135995 0.999935746 57.574401855
0.999976754 -0.004533987 -0.005088147 0.726794124 0.004582918 0.999943018 0.009646685 -1.476332664 0.005044118 -0.009669779 0.999940574 58.131984711
0.999979973 -0.004035872 -0.004862856 0.736252487 0.004082679 0.999945045 0.009654299 -1.490817308 0.004823623 -0.009673959 0.999941587 58.640441895
0.999976873 -0.004500039 -0.005100501 0.725673318 0.004549852 0.999941647 0.009797108 -1.495996118 0.005056114 -0.009820089 0.999939024 59.067092896
0.999977827 -0.004554221 -0.004854560 0.738105774 0.004600486 0.999943674 0.009562017 -1.505779743 0.004810739 -0.009584138 0.999942541 59.602901459
0.999978542 -0.004227565 -0.005001195 0.739652097 0.004270259 0.999954224 0.008557277 -1.504931211 0.004964790 -0.008578450 0.999950945 60.163242340
0.999974072 -0.004717256 -0.005443970 0.752724290 0.004769498 0.999942243 0.009623457 -1.520470500 0.005398260 -0.009649171 0.999938846 60.609729767
0.999977112 -0.004475289 -0.005079030 0.754848182 0.004524524 0.999942362 0.009724071 -1.532982349 0.005035220 -0.009746831 0.999939740 61.140518188
0.999978960 -0.004208053 -0.004947051 0.756349325 0.004251545 0.999952078 0.008814103 -1.528862715 0.004909724 -0.008834949 0.999948919 61.684284210
0.999978542 -0.004042374 -0.005164928 0.768808961 0.004087126 0.999953866 0.008683664 -1.543229342 0.005129588 -0.008704587 0.999948919 62.206855774
0.999977112 -0.004475085 -0.005068917 0.764912367 0.004523845 0.999943197 0.009649161 -1.549706459 0.005025449 -0.009671872 0.999940515 62.609840393
0.999977589 -0.004393275 -0.005038788 0.769393325 0.004439777 0.999947250 0.009254983 -1.554882050 0.004997863 -0.009277147 0.999944389 63.177791595
0.999978244 -0.004192655 -0.005078213 0.784080505 0.004237734 0.999951363 0.008899060 -1.565184832 0.005040655 -0.008920386 0.999947488 63.703079224
0.999980986 -0.003861262 -0.004797680 0.765087247 0.003903744 0.999952972 0.008877219 -1.573673368 0.004763175 -0.008895779 0.999949038 64.192825317
0.999976814 -0.004679661 -0.004949088 0.775209069 0.004723718 0.999948978 0.008928241 -1.571276665 0.004907052 -0.008951413 0.999947906 64.629852295
0.999979794 -0.004261735 -0.004716379 0.778205276 0.004301270 0.999955416 0.008404196 -1.577576160 0.004680354 -0.008424313 0.999953568 65.196769714
0.999976397 -0.004534550 -0.005152784 0.791029871 0.004580162 0.999950171 0.008874927 -1.593160510 0.005112284 -0.008898318 0.999947369 65.742706299
0.999980628 -0.003976570 -0.004774690 0.794660211 0.004015420 0.999958694 0.008154780 -1.595865488 0.004742063 -0.008173794 0.999955297 66.267959595
0.999974132 -0.005128297 -0.005030290 0.794631839 0.005173743 0.999945641 0.009063776 -1.607442379 0.004983534 -0.009089567 0.999946296 66.655342102
0.999977231 -0.004296793 -0.005191040 0.800004125 0.004339771 0.999956250 0.008296662 -1.606325388 0.005155165 -0.008319003 0.999952137 67.212295532
0.999976397 -0.004641332 -0.005070501 0.806310475 0.004678693 0.999961734 0.007381101 -1.601771355 0.005036049 -0.007404649 0.999959886 67.766319275
0.999984622 -0.003465671 -0.004330175 0.824343443 0.003500320 0.999961674 0.008019808 -1.638373613 0.004302214 -0.008034841 0.999958456 68.289260864
0.999969482 -0.005746845 -0.005303585 0.845235884 0.005792443 0.999945939 0.008622662 -1.654571891 0.005253745 -0.008653119 0.999948800 68.828170776
0.999983191 -0.004039867 -0.004139225 0.818129599 0.004076526 0.999952137 0.008886668 -1.668240786 0.004103126 -0.008903393 0.999951959 69.219161987
0.999986172 -0.003259460 -0.004122283 0.824062526 0.003297224 0.999952257 0.009187577 -1.674329042 0.004092140 -0.009201043 0.999949276 69.780860901
0.999988735 -0.002466075 -0.004052332 0.832068324 0.002499624 0.999962449 0.008294847 -1.679929495 0.004031723 -0.008304884 0.999957383 70.321907043
0.999980927 -0.004231475 -0.004488657 0.851418614 0.004267106 0.999959171 0.007958267 -1.691942453 0.004454797 -0.007977271 0.999958277 70.834701538
0.999990046 -0.002705690 -0.003524178 0.826748550 0.002731334 0.999969661 0.007292404 -1.689502716 0.003504340 -0.007301961 0.999967217 71.385231018
0.999992549 -0.002458432 -0.002956240 0.824673891 0.002482173 0.999964476 0.008053751 -1.707841516 0.002936336 -0.008061032 0.999963224 71.893302917
0.999983549 -0.004417823 -0.003657507 0.829983830 0.004449915 0.999951243 0.008813169 -1.722868800 0.003618395 -0.008829300 0.999954462 72.267433167
0.999983132 -0.004530410 -0.003647376 0.836848199 0.004562615 0.999950290 0.008870217 -1.730619192 0.003607007 -0.008886709 0.999953985 72.832145691
0.999977112 -0.005171008 -0.004354058 0.855374217 0.005209767 0.999946475 0.008938165 -1.748379707 0.004307606 -0.008960645 0.999950588 73.376846313
0.999977827 -0.004865970 -0.004559083 0.863171101 0.004904739 0.999951541 0.008531348 -1.754018188 0.004517349 -0.008553520 0.999953151 73.943923950
0.999981582 -0.004605016 -0.003943412 0.876832962 0.004637795 0.999954402 0.008343948 -1.762786388 0.003904807 -0.008362085 0.999957383 74.481109619
0.999989271 -0.003473929 -0.003056379 0.841686845 0.003500454 0.999955893 0.008716685 -1.773707151 0.003025963 -0.008727291 0.999957323 74.898437500
0.999988019 -0.003712525 -0.003178274 0.854924321 0.003740970 0.999952614 0.008991329 -1.790735245 0.003144742 -0.009003111 0.999954581 75.437850952
0.999988496 -0.003361985 -0.003421339 0.872957706 0.003391213 0.999957561 0.008573123 -1.800902843 0.003392372 -0.008584628 0.999957383 76.013702393
0.999991477 -0.003325025 -0.002457479 0.865058661 0.003345756 0.999958456 0.008480502 -1.798042536 0.002429178 -0.008488653 0.999961019 76.490768433
0.999992013 -0.003633458 -0.001679847 0.879626393 0.003647106 0.999959826 0.008194785 -1.808900356 0.001650003 -0.008200846 0.999965072 77.044326782
0.999995410 -0.003014266 -0.000315941 0.895336092 0.003016774 0.999961317 0.008261180 -1.816907167 0.000291027 -0.008262096 0.999965847 77.586799622
0.999994576 -0.002900905 0.001618964 0.906593204 0.002886580 0.999957323 0.008781116 -1.832219481 -0.001644369 -0.008776395 0.999960124 78.118347168
0.999983132 -0.002118504 0.005394476 0.898681164 0.002074016 0.999963880 0.008239059 -1.842616439 -0.005411735 -0.008227732 0.999951482 78.602020264
0.999954581 -0.002465807 0.009200104 0.918632388 0.002386276 0.999959767 0.008645563 -1.853730559 -0.009221052 -0.008623218 0.999920249 79.152145386
0.999923050 -0.003062975 0.012017841 0.944143891 0.002961200 0.999959648 0.008477342 -1.862964869 -0.012043322 -0.008441105 0.999891818 79.707946777
0.999850631 -0.002701860 0.017078821 0.956613600 0.002560396 0.999962270 0.008299449 -1.866983414 -0.017100602 -0.008254480 0.999819696 80.174797058
0.999719739 -0.002097904 0.023579512 0.979012668 0.001905376 0.999964714 0.008184570 -1.876722097 -0.023595847 -0.008137347 0.999688447 80.709739685
0.999557912 -0.002144879 0.029653085 1.006385088 0.001895522 0.999962687 0.008434677 -1.886055470 -0.029670067 -0.008374740 0.999524653 81.268333435
0.999372363 -0.001559221 0.035388712 1.038967013 0.001259456 0.999963105 0.008491362 -1.901739478 -0.035400648 -0.008441461 0.999337554 81.794609070
0.999091983 -0.002840928 0.042510182 1.074454069 0.002497907 0.999963939 0.008120098 -1.904057980 -0.042531714 -0.008006539 0.999062955 82.384941101
0.998705029 -0.003227615 0.050774004 1.122177839 0.002811719 0.999961913 0.008260418 -1.916022420 -0.050798729 -0.008106958 0.998675942 82.936439514
0.998341322 -0.002841104 0.057503060 1.169175863 0.002370056 0.999963105 0.008258249 -1.920105338 -0.057524398 -0.008108266 0.998311162 83.490379333
0.997790694 -0.003026381 0.066367291 1.222416401 0.002451802 0.999958813 0.008737305 -1.938627243 -0.066391006 -0.008555281 0.997756958 84.028266907
0.997056127 -0.002991129 0.076616712 1.260379314 0.002358074 0.999962330 0.008351754 -1.946871042 -0.076638803 -0.008146499 0.997025669 84.505668640
0.996329129 -0.002220949 0.085576445 1.323873043 0.001508670 0.999963701 0.008387072 -1.956879139 -0.085591957 -0.008227176 0.996296346 85.052566528
0.995613456 -0.003164914 0.093507685 1.395610809 0.002418889 0.999964356 0.008090473 -1.966062546 -0.093529947 -0.007828798 0.995585799 85.620246887
0.994591594 -0.002921259 0.103822045 1.457317352 0.002070540 0.999963403 0.008300841 -1.973070502 -0.103842504 -0.008040980 0.994561195 86.104080200
0.993390799 -0.002933156 0.114743851 1.539456367 0.001966163 0.999961615 0.008539680 -1.986534238 -0.114764482 -0.008257635 0.993358433 86.660911560
0.992296338 -0.002723062 0.123857543 1.622650146 0.001656124 0.999960601 0.008716380 -1.994962454 -0.123876415 -0.008444107 0.992261767 87.209960938
0.990865827 -0.003428613 0.134807631 1.716108322 0.002303827 0.999961257 0.008498750 -1.999115944 -0.134831548 -0.008110548 0.990835309 87.750663757
0.989090681 -0.002678910 0.147283822 1.814963341 0.001470531 0.999964416 0.008312698 -2.007466316 -0.147300810 -0.008005426 0.989059389 88.307250977
0.987519026 -0.003054552 0.157470092 1.920910835 0.001734486 0.999962211 0.008519706 -2.021432877 -0.157490149 -0.008140241 0.987487018 88.827774048
0.985827744 -0.003904345 0.167714819 2.026928902 0.002585194 0.999963999 0.008083061 -2.021156788 -0.167740285 -0.007534929 0.985802412 89.376083374
0.983537555 -0.003992695 0.180659741 2.154068947 0.002606114 0.999965370 0.007911810 -2.033975124 -0.180685043 -0.007310740 0.983513832 89.903587341
0.981197655 -0.004508481 0.192952707 2.278470039 0.003009415 0.999963105 0.008061479 -2.045086145 -0.192981929 -0.007329230 0.981174827 90.440605164
0.979034007 -0.004918744 0.203637600 2.386878967 0.003244449 0.999958158 0.008554964 -2.055346966 -0.203671157 -0.007714909 0.979008973 90.974845886
0.976233244 -0.005115020 0.216662392 2.533576965 0.003276014 0.999955595 0.008846195 -2.063309669 -0.216698021 -0.007926160 0.976206481 91.522148132
0.973116040 -0.004832093 0.230264604 2.685176849 0.002869875 0.999956667 0.008855730 -2.074686527 -0.230297402 -0.007956823 0.973087788 92.064430237
0.970508695 -0.006061889 0.240989998 2.855438232 0.004031239 0.999952137 0.008918408 -2.088497162 -0.241032511 -0.007683904 0.970486641 92.583938599
0.967202902 -0.005144194 0.253952980 2.957422256 0.003039964 0.999957740 0.008677647 -2.086726904 -0.253986895 -0.007621039 0.967177570 93.071243286
0.963427305 -0.004721198 0.267928571 3.127862930 0.002495999 0.999959469 0.008645191 -2.096901894 -0.267958522 -0.007660263 0.963399947 93.598022461
0.959791124 -0.004445930 0.280680150 3.294450760 0.002092090 0.999960065 0.008685273 -2.098370314 -0.280707568 -0.007748839 0.959762037 94.150787354
0.956455469 -0.005261521 0.291831046 3.481292725 0.002727444 0.999955058 0.009089525 -2.117310524 -0.291865736 -0.007897773 0.956426740 94.666236877
0.952423215 -0.006544347 0.304708272 3.667446136 0.003993141 0.999951541 0.008995064 -2.119734287 -0.304752380 -0.007350365 0.952403247 95.134338379
0.948000491 -0.007259893 0.318185985 3.866945267 0.004752158 0.999951184 0.008656858 -2.126415253 -0.318233281 -0.006694636 0.947988689 95.650726318
0.943906963 -0.006909899 0.330139071 4.063014984 0.004337446 0.999954224 0.008528034 -2.134835005 -0.330182910 -0.006617710 0.943893731 96.178916931
0.939636171 -0.007848385 0.342085183 4.261886597 0.005065905 0.999946475 0.009026575 -2.155550241 -0.342137724 -0.006748723 0.939625561 96.648101807
0.934379995 -0.008539893 0.356175423 4.482566833 0.005636015 0.999941885 0.009189894 -2.155595779 -0.356233239 -0.006579445 0.934373915 97.183387756
0.929642498 -0.009125939 0.368349761 4.705005646 0.005999111 0.999935627 0.009633022 -2.162548542 -0.368413955 -0.006745496 0.929637372 97.691650391
0.925364077 -0.008678485 0.378980368 4.927341461 0.005348985 0.999937236 0.009837408 -2.181331635 -0.379042000 -0.007076023 0.925352395 98.202781677
0.920455217 -0.011107809 0.390690267 5.175493240 0.007732739 0.999917924 0.010210793 -2.205318451 -0.390771568 -0.006377472 0.920465648 98.619064331
0.913940012 -0.008536831 0.405759484 5.395927429 0.005149876 0.999942183 0.009438252 -2.179146051 -0.405816585 -0.006536386 0.913931131 99.194404602
0.908895195 -0.008972917 0.416928083 5.645637512 0.005595111 0.999940872 0.009322994 -2.186104298 -0.416987121 -0.006140865 0.908891559 99.694923401
0.902542114 -0.009216794 0.430502892 5.912117004 0.005655869 0.999938369 0.009550614 -2.196496487 -0.430564374 -0.006184962 0.902538657 100.183502197
0.895384789 -0.010015971 0.445180416 6.147426605 0.006588508 0.999935567 0.009245861 -2.188625097 -0.445244193 -0.005345531 0.895393193 100.648651123
0.889284492 -0.010477195 0.457234293 6.421310425 0.007013876 0.999932408 0.009271299 -2.197931767 -0.457300484 -0.005037839 0.889298022 101.133216858
0.883570075 -0.011142713 0.468166292 6.695018768 0.007555814 0.999925911 0.009538911 -2.211380005 -0.468237966 -0.004890919 0.883588970 101.598709106
0.876205921 -0.011084549 0.481809318 6.996410370 0.007686252 0.999929726 0.009026455 -2.207707644 -0.481875479 -0.004205726 0.876229703 102.102485657
0.868910670 -0.011017777 0.494846255 7.232612610 0.007203588 0.999927759 0.009614518 -2.213795424 -0.494916528 -0.004789488 0.868927360 102.549468994
0.862985969 -0.011774670 0.505090654 7.535617828 0.008069244 0.999922037 0.009523259 -2.221846819 -0.505163491 -0.004142737 0.863013744 103.002716064
0.855292916 -0.011617715 0.518014491 7.839221954 0.007842357 0.999924302 0.009477194 -2.232560158 -0.518085361 -0.004043322 0.855319381 103.462989807
