1.000000000 0.000000000 0.000000000 0.000000000 0.000000000 1.000000000 0.000000000 0.000000000 0.000000000 0.000000000 1.000000000 0.000000000
1.000000000 -0.000085997 0.000085145 -0.000709907 0.000086000 1.000000000 -0.000044880 0.001034150 -0.000085142 0.000044887 1.000000000 0.001596489
1.000000000 0.000139198 0.000122360 -0.001752475 -0.000139203 1.000000000 0.000036623 0.001241973 -0.000122355 -0.000036640 1.000000000 0.002595037
1.000000000 0.000143580 -0.000078382 0.000280937 -0.000143571 1.000000000 0.000108359 -0.000353841 0.000078398 -0.000108347 1.000000000 0.000536570
1.000000000 0.000085322 0.000078996 -0.000989341 -0.000085322 1.000000000 -0.000005481 -0.000171090 -0.000078996 0.000005475 1.000000000 0.001186003
1.000000000 -0.000118073 -0.000028392 -0.000343339 0.000118075 1.000000000 0.000070937 -0.000931148 0.000028384 -0.000070941 1.000000000 -0.000517025
1.000000000 -0.000166966 0.000094665 -0.001840082 0.000166981 1.000000000 -0.000156136 0.000988417 -0.000094639 0.000156152 1.000000000 0.003024924
1.000000000 -0.000130344 0.000160339 -0.001644202 0.000130343 1.000000000 0.000005391 0.001142840 -0.000160339 -0.000005370 1.000000000 0.004619007
1.000000000 0.000055453 0.000166006 -0.001691500 -0.000055443 1.000000000 -0.000055352 0.002016249 -0.000166009 0.000055342 1.000000000 0.004250401
1.000000000 -0.000137977 0.000132547 -0.000487591 0.000137978 1.000000000 -0.000006272 0.000444899 -0.000132546 0.000006291 1.000000000 0.002365679
0.999999940 -0.000149392 0.000207111 -0.001261458 0.000149396 1.000000000 -0.000023497 0.001442703 -0.000207107 0.000023528 1.000000000 0.003859481
1.000000000 0.000088552 0.000090046 -0.000637769 -0.000088567 1.000000000 0.000165006 -0.001091905 -0.000090032 -0.000165014 1.000000000 0.001221545
1.000000000 0.000017296 0.000223111 -0.001668514 -0.000017306 1.000000000 0.000042428 0.000550396 -0.000223110 -0.000042432 1.000000000 0.003630481
1.000000000 -0.000099629 0.000137377 -0.001848327 0.000099614 1.000000000 0.000107574 0.001309478 -0.000137388 -0.000107560 1.000000000 0.003362337
1.000000000 0.000055639 0.000203655 -0.002321246 -0.000055673 1.000000000 0.000166851 -0.000012683 -0.000203645 -0.000166862 0.999999940 0.002820265
1.000000000 -0.000042251 0.000065096 -0.001167898 0.000042238 1.000000000 0.000195632 -0.000400260 -0.000065105 -0.000195630 1.000000000 0.001521152
1.000000000 -0.000078312 0.000081097 -0.002050565 0.000078303 1.000000000 0.000115125 0.000269985 -0.000081106 -0.000115119 1.000000000 0.002754497
0.999999940 0.000115810 0.000266720 -0.003095750 -0.000115850 1.000000000 0.000149261 0.000248656 -0.000266703 -0.000149292 0.999999940 0.003340995
1.000000000 0.000051593 0.000190597 -0.002214423 -0.000051632 1.000000000 0.000201662 -0.000596574 -0.000190587 -0.000201672 0.999999940 0.002754223
0.999999940 0.000236548 0.000101201 -0.002036738 -0.000236559 0.999999940 0.000104916 0.000882170 -0.000101176 -0.000104940 1.000000000 0.003311081
1.000000000 0.000191694 0.000151111 -0.002284557 -0.000191726 0.999999940 0.000209431 -0.000370756 -0.000151070 -0.000209460 0.999999940 0.004085517
0.999999940 0.000281402 0.000139627 -0.002279994 -0.000281419 0.999999940 0.000126842 0.000314264 -0.000139591 -0.000126882 1.000000000 0.004238350
1.000000000 -0.000013004 0.000131309 -0.002140266 0.000012982 1.000000000 0.000166593 0.000388294 -0.000131311 -0.000166591 1.000000000 0.003624757
1.000000000 0.000107688 0.000140989 -0.002026733 -0.000107712 1.000000000 0.000169784 0.000692042 -0.000140971 -0.000169799 1.000000000 0.005112970
1.000000000 0.000075225 0.000200030 -0.002997937 -0.000075241 1.000000000 0.000079029 0.001134061 -0.000200024 -0.000079044 1.000000000 0.004118032
1.000000000 0.000018439 0.000173325 -0.001759896 -0.000018448 1.000000000 0.000055156 0.000801057 -0.000173324 -0.000055159 1.000000000 0.004320581
1.000000000 -0.000167393 0.000095895 -0.000996844 0.000167393 1.000000000 0.000007653 0.000468433 -0.000095896 -0.000007637 1.000000000 0.002129927
1.000000000 0.000114460 0.000199635 -0.000948314 -0.000114477 1.000000000 0.000085730 -0.000668809 -0.000199625 -0.000085753 1.000000000 0.001767148
0.999999940 0.000258547 0.000177817 -0.002879715 -0.000258555 0.999999940 0.000046489 0.001017023 -0.000177805 -0.000046535 1.000000000 0.005150234
1.000000000 -0.000010071 0.000206551 -0.003170772 0.000010026 1.000000000 0.000218608 -0.000442797 -0.000206553 -0.000218606 0.999999940 0.003175410
1.000000000 0.000058589 0.000173204 -0.002031139 -0.000058613 1.000000000 0.000139141 -0.000376514 -0.000173196 -0.000139151 1.000000000 0.002312023
1.000000000 -0.000005059 0.000189786 -0.002168881 0.000005029 1.000000000 0.000157932 0.000257668 -0.000189787 -0.000157931 0.999999940 0.004197965
0.999999940 0.000118496 0.000232632 -0.003575055 -0.000118518 1.000000000 0.000094501 0.001148165 -0.000232621 -0.000094529 0.999999940 0.004210406
0.999999940 -0.000029284 0.000348328 -0.002601925 0.000029282 1.000000000 0.000005636 0.001666374 -0.000348328 -0.000005625 0.999999940 0.005226056
1.000000000 0.000009639 0.000216986 -0.001352552 -0.000009673 1.000000000 0.000159623 -0.000555452 -0.000216985 -0.000159625 0.999999940 0.001865336
0.999999940 0.000337300 0.000168445 -0.001292551 -0.000337319 0.999999940 0.000116579 0.000558699 -0.000168405 -0.000116635 1.000000000 0.001280422
0.999999940 0.000158659 0.000191884 -0.002350327 -0.000158668 1.000000000 0.000050848 0.002257510 -0.000191876 -0.000050878 1.000000000 0.004170541
1.000000000 -0.000040820 0.000159733 -0.002578056 0.000040802 1.000000000 0.000112752 0.001252918 -0.000159738 -0.000112745 1.000000000 0.005618347
0.999999940 0.000187642 0.000307279 -0.003428892 -0.000187702 0.999999940 0.000194035 0.000809632 -0.000307243 -0.000194093 0.999999940 0.005035582
1.000000000 0.000017168 0.000182551 -0.001102679 -0.000017202 1.000000000 0.000182079 -0.000033113 -0.000182548 -0.000182082 0.999999940 0.002471544
0.999999940 -0.000056763 0.000340211 -0.002444250 0.000056760 1.000000000 0.000009552 0.001594004 -0.000340211 -0.000009533 0.999999940 0.004829134
0.999999940 -0.000048445 0.000301338 0.000035062 0.000048615 0.999999821 -0.000565858 0.000365267 -0.000301310 0.000565873 0.999999821 0.052163318
0.999999940 0.000283780 0.000176980 0.001021593 -0.000283601 0.999999464 -0.001013676 -0.006774961 -0.000177268 0.001013626 0.999999464 0.133943409
0.999999881 0.000401718 0.000141118 0.001678011 -0.000401522 0.999998927 -0.001387690 -0.005713521 -0.000141675 0.001387633 0.999999046 0.253906429
1.000000000 0.000085606 -0.000043681 0.006509442 -0.000085655 0.999999344 -0.001134134 -0.012720447 0.000043584 0.001134138 0.999999344 0.386628509
1.000000000 0.000146029 0.000103337 0.007352562 -0.000145934 0.999999583 -0.000916753 -0.019323962 -0.000103470 0.000916738 0.999999583 0.523389518
0.999999940 0.000361785 0.000086496 0.010747888 -0.000361710 0.999999583 -0.000866981 -0.026207810 -0.000086810 0.000866950 0.999999642 0.669906974
1.000000000 0.000135768 0.000131101 0.017383058 -0.000135620 0.999999344 -0.001127383 -0.023012973 -0.000131254 0.001127366 0.999999344 0.839338362
0.999998927 0.001374779 0.000452996 0.012513434 -0.001374774 0.999999046 -0.000011680 -0.039990205 -0.000453012 0.000011057 0.999999881 0.993952572
0.999998212 0.001856612 0.000287266 0.016878538 -0.001856743 0.999998152 0.000456722 -0.046281733 -0.000286417 -0.000457255 0.999999762 1.171329498
0.999999106 0.001285132 0.000420030 0.019661669 -0.001285269 0.999999106 0.000325511 -0.051735390 -0.000419611 -0.000326051 0.999999881 1.354638338
0.999998868 0.001453848 0.000462312 0.024602307 -0.001454016 0.999998808 0.000364075 -0.058305692 -0.000461782 -0.000364747 0.999999821 1.537865877
0.999999225 0.001174102 0.000478585 0.028151613 -0.001174339 0.999999106 0.000494998 -0.060049303 -0.000478003 -0.000495560 0.999999762 1.740201831
0.999998927 0.001427576 0.000362605 0.032215383 -0.001427774 0.999998808 0.000545250 -0.066437617 -0.000361826 -0.000545767 0.999999762 1.940681100
0.999998450 0.001579128 0.000803519 0.029144026 -0.001579430 0.999998689 0.000376160 -0.070784979 -0.000802924 -0.000377428 0.999999583 2.149044275
0.999997973 0.001818906 0.000971530 0.034674250 -0.001819382 0.999998271 0.000489442 -0.079748295 -0.000970638 -0.000491209 0.999999404 2.362714052
0.999998689 0.001524861 0.000597568 0.042723879 -0.001525156 0.999998689 0.000492773 -0.085254051 -0.000596815 -0.000493683 0.999999702 2.583841562
0.999997556 0.001992085 0.000966330 0.044463292 -0.001992838 0.999997675 0.000779220 -0.092570961 -0.000964775 -0.000781144 0.999999225 2.811943531
0.999998510 0.001597789 0.000618243 0.046626981 -0.001598336 0.999998271 0.000885050 -0.100190997 -0.000616828 -0.000886037 0.999999344 3.043941975
0.999999285 0.001162779 0.000271788 0.055709079 -0.001162890 0.999999225 0.000408495 -0.100245550 -0.000271313 -0.000408811 0.999999881 3.290169954
0.999999225 0.001260720 0.000157760 0.066783071 -0.001260877 0.999998689 0.000998703 -0.116170958 -0.000156500 -0.000998901 0.999999464 3.524034739
0.999998689 0.001603633 0.000080157 0.073217981 -0.001603693 0.999998391 0.000755846 -0.116529122 -0.000078945 -0.000755973 0.999999702 3.790688038
0.999998569 0.001480479 0.000810432 0.065744847 -0.001480894 0.999998748 0.000512089 -0.122882791 -0.000809673 -0.000513288 0.999999523 4.048481941
0.999998093 0.001774720 0.000832382 0.072209917 -0.001775459 0.999998033 0.000888614 -0.131192267 -0.000830803 -0.000890090 0.999999166 4.301849842
0.999997318 0.001940030 0.001244326 0.070641823 -0.001940973 0.999997795 0.000757595 -0.134270102 -0.001242854 -0.000760008 0.999998927 4.562223911
0.999998331 0.001457868 0.001089897 0.083080165 -0.001458765 0.999998569 0.000822158 -0.143443644 -0.001088696 -0.000823747 0.999999046 4.824388981
0.999997497 0.001930839 0.001104904 0.082454965 -0.001931703 0.999997854 0.000781125 -0.147446245 -0.001103393 -0.000783258 0.999999106 5.072421074
0.999997914 0.001737325 0.001035465 0.089406520 -0.001738395 0.999998033 0.001033643 -0.159226567 -0.001033667 -0.001035441 0.999998927 5.335175514
0.999996722 0.002277587 0.001155257 0.090656519 -0.002278106 0.999997318 0.000448356 -0.160004541 -0.001154233 -0.000450986 0.999999225 5.610170364
0.999998689 0.001384356 0.000806675 0.111601941 -0.001385326 0.999998391 0.001203415 -0.175610200 -0.000805008 -0.001204531 0.999998987 5.869437695
0.999998033 0.001524536 0.001246369 0.100796692 -0.001525629 0.999998450 0.000876234 -0.183721393 -0.001245032 -0.000878133 0.999998808 6.143674374
0.999997318 0.001797720 0.001485082 0.104836836 -0.001798844 0.999998093 0.000756396 -0.189952448 -0.001483720 -0.000759065 0.999998629 6.427332878
0.999997973 0.001530689 0.001286325 0.116771005 -0.001532243 0.999998093 0.001208478 -0.202467978 -0.001284473 -0.001210447 0.999998450 6.700763702
0.999998391 0.001059990 0.001374795 0.127205074 -0.001061617 0.999998629 0.001183274 -0.211750120 -0.001373539 -0.001184731 0.999998391 7.012238503
0.999999285 0.000575434 0.001017783 0.137755811 -0.000576860 0.999998748 0.001401505 -0.217206791 -0.001016976 -0.001402091 0.999998510 7.291872501
0.999998450 0.001210005 0.001244074 0.134505913 -0.001211812 0.999998212 0.001452872 -0.235147700 -0.001242314 -0.001454377 0.999998093 7.617017746
0.999997139 0.001829739 0.001554804 0.137009650 -0.001832265 0.999997020 0.001624580 -0.245080277 -0.001551827 -0.001627424 0.999997377 7.924744606
0.999997437 0.001570114 0.001639641 0.145914659 -0.001573225 0.999996960 0.001897628 -0.253617615 -0.001636656 -0.001900203 0.999996841 8.247953415
0.999998391 0.001337458 0.001219813 0.158926293 -0.001339362 0.999997914 0.001561305 -0.261058271 -0.001217723 -0.001562937 0.999998033 8.556491852
0.999997079 0.001720352 0.001701313 0.158775389 -0.001722790 0.999997497 0.001432210 -0.265270025 -0.001698845 -0.001435137 0.999997556 8.904967308
0.999997139 0.001571121 0.001821960 0.164841145 -0.001574308 0.999997258 0.001749144 -0.278214723 -0.001819207 -0.001752007 0.999996781 9.230545044
0.999998033 0.001137379 0.001613447 0.172278643 -0.001140302 0.999997735 0.001811525 -0.292159051 -0.001611383 -0.001813361 0.999997079 9.580533981
0.999997377 0.001431432 0.001762158 0.181040287 -0.001434855 0.999997079 0.001942699 -0.302894294 -0.001759372 -0.001945222 0.999996603 9.924792290
0.999998212 0.000853188 0.001636751 0.191869378 -0.000856533 0.999997556 0.002044503 -0.317629874 -0.001635003 -0.002045901 0.999996543 10.278055191
0.999998093 0.001050709 0.001651355 0.196767330 -0.001054459 0.999996841 0.002271850 -0.328912228 -0.001648963 -0.002273587 0.999996066 10.631491661
0.999997854 0.001068021 0.001788534 0.203200608 -0.001072035 0.999996901 0.002244920 -0.334467083 -0.001786130 -0.002246832 0.999995887 11.001493454
0.999997735 0.001348232 0.001664142 0.211970627 -0.001351935 0.999996603 0.002226526 -0.348546773 -0.001661134 -0.002228771 0.999996126 11.385771751
0.999997735 0.001277699 0.001704977 0.222466677 -0.001281707 0.999996364 0.002351846 -0.357953072 -0.001701966 -0.002354026 0.999995768 11.758038521
0.999998569 0.000907112 0.001379013 0.236210093 -0.000910526 0.999996483 0.002476845 -0.373594105 -0.001376761 -0.002478098 0.999995947 12.139614105
0.999997735 0.001134845 0.001872382 0.238631114 -0.001138896 0.999997020 0.002164306 -0.379208654 -0.001869921 -0.002166433 0.999995828 12.528264046
0.999997497 0.001289498 0.001812482 0.244752780 -0.001293408 0.999996960 0.002158214 -0.387162507 -0.001809694 -0.002160553 0.999996006 12.925471306
0.999997795 0.001228771 0.001675778 0.252826095 -0.001232442 0.999996841 0.002191702 -0.400115252 -0.001673080 -0.002193763 0.999996126 13.323286057
0.999997795 0.000985235 0.001847949 0.263715059 -0.000988989 0.999997437 0.002031703 -0.408700585 -0.001845942 -0.002033525 0.999996245 13.727871895
0.999996364 0.001420518 0.002297960 0.272412688 -0.001425496 0.999996662 0.002165973 -0.418781519 -0.002294875 -0.002169241 0.999994934 14.144865036
0.999996483 0.001179892 0.002360000 0.282650083 -0.001185164 0.999996781 0.002234095 -0.432750434 -0.002357356 -0.002236885 0.999994695 14.564662933
0.999996245 0.001296848 0.002425908 0.292374372 -0.001303280 0.999995589 0.002651555 -0.443978965 -0.002422458 -0.002654706 0.999993563 14.990539551
0.999995649 0.001307700 0.002652160 0.302255690 -0.001314033 0.999996305 0.002387455 -0.453198701 -0.002649029 -0.002390929 0.999993622 15.428727150
0.999993920 0.001549889 0.003109543 0.312092781 -0.001557222 0.999996006 0.002357343 -0.465407163 -0.003105877 -0.002362171 0.999992371 15.864476204
0.999995172 0.001057871 0.002934346 0.326764911 -0.001065633 0.999995947 0.002645002 -0.475195616 -0.002931535 -0.002648116 0.999992192 16.310392380
0.999992311 0.001187306 0.003732908 0.332227826 -0.001196388 0.999996305 0.002431655 -0.489160269 -0.003730007 -0.002436103 0.999990046 16.746780396
0.999990463 0.001421081 0.004123403 0.342035264 -0.001431285 0.999995947 0.002472856 -0.501320601 -0.004119871 -0.002478735 0.999988437 17.201757431
0.999988437 0.001755721 0.004476439 0.349459499 -0.001768531 0.999994397 0.002859350 -0.514403820 -0.004471393 -0.002867233 0.999985933 17.667863846
0.999987960 0.001156205 0.004758295 0.364478052 -0.001169988 0.999995112 0.002894887 -0.528313696 -0.004754924 -0.002900419 0.999984562 18.132526398
0.999989033 0.001131563 0.004545077 0.382259130 -0.001144653 0.999995112 0.002878617 -0.537520528 -0.004541798 -0.002883788 0.999985516 18.586788177
0.999987602 0.001526448 0.004740621 0.395150810 -0.001539881 0.999994755 0.002831157 -0.547502458 -0.004736274 -0.002838421 0.999984741 19.063138962
0.999988019 0.000666775 0.004852849 0.415844679 -0.000679586 0.999996245 0.002638865 -0.562057674 -0.004851071 -0.002642131 0.999984741 19.534345627
0.999987662 0.001530976 0.004710305 0.416876256 -0.001545115 0.999994278 0.002999590 -0.578684449 -0.004705686 -0.003006831 0.999984384 20.020706177
0.999988616 0.001525198 0.004510637 0.428957850 -0.001536728 0.999995470 0.002553656 -0.585482657 -0.004506723 -0.002560558 0.999986529 20.520225525
0.999988735 0.001293666 0.004571537 0.440706968 -0.001302973 0.999997020 0.002033454 -0.590285182 -0.004568894 -0.002039388 0.999987483 21.028142929
0.999990821 0.001715521 0.003929225 0.449245036 -0.001728777 0.999992788 0.003372767 -0.621862352 -0.003923410 -0.003379529 0.999986589 21.518728256
0.999993086 0.001930043 0.003222984 0.461222470 -0.001941547 0.999991775 0.003569925 -0.639226258 -0.003216068 -0.003576157 0.999988377 22.025724411
0.999991357 0.002633208 0.003225150 0.472838581 -0.002645558 0.999989152 0.003830900 -0.651651442 -0.003215027 -0.003839399 0.999987423 22.530174255
0.999994099 0.002210698 0.002633511 0.476581693 -0.002219052 0.999992490 0.003173433 -0.659013450 -0.002626475 -0.003179258 0.999991477 23.059391022
0.999997258 0.001610581 0.001677740 0.496608585 -0.001615919 0.999993563 0.003184737 -0.679741621 -0.001672599 -0.003187439 0.999993503 23.566286087
0.999997675 0.001570972 0.001450449 0.496135056 -0.001575192 0.999994516 0.002912540 -0.689472198 -0.001445865 -0.002914818 0.999994695 24.103479385
0.999997318 0.002107459 0.000943159 0.506962836 -0.002110791 0.999991477 0.003546038 -0.703224659 -0.000935678 -0.003548019 0.999993265 24.638559341
0.999995351 0.003040196 0.000255709 0.515829802 -0.003040967 0.999990582 0.003071064 -0.711255193 -0.000246370 -0.003071828 0.999995232 25.176065445
0.999995351 0.003047102 -0.000283393 0.524423242 -0.003046184 0.999990284 0.003185653 -0.724406600 0.000293097 -0.003184775 0.999994874 25.713476181
0.999995351 0.002984538 -0.000636317 0.532458425 -0.002982403 0.999989986 0.003330299 -0.738870502 0.000646250 -0.003328386 0.999994278 26.270042419
0.999996126 0.002422212 -0.001363303 0.546510339 -0.002417627 0.999991417 0.003355095 -0.748117447 0.001371418 -0.003351786 0.999993443 26.816778183
0.999996603 0.001837009 -0.001840951 0.557226062 -0.001829268 0.999989510 0.004197757 -0.767603040 0.001848643 -0.004194375 0.999989510 27.378847122
0.999993145 0.003358379 -0.001561419 0.550033212 -0.003354041 0.999990523 0.002772718 -0.763696492 0.001570716 -0.002767463 0.999994934 27.933986664
0.999993920 0.003025252 -0.001806954 0.561755419 -0.003017533 0.999986351 0.004259297 -0.803096175 0.001819815 -0.004253818 0.999989271 28.459131241
0.999990463 0.003923828 -0.001893712 0.567971230 -0.003915370 0.999982417 0.004450150 -0.819281578 0.001911141 -0.004442694 0.999988258 29.002267838
0.999992609 0.003047400 -0.002353827 0.580268025 -0.003037661 0.999986827 0.004130356 -0.829423428 0.002366383 -0.004123176 0.999988616 29.557882309
0.999991834 0.002966652 -0.002725489 0.586015224 -0.002955406 0.999987125 0.004121030 -0.839109063 0.002737679 -0.004112943 0.999987781 30.098386765
0.999991834 0.002965317 -0.002735998 0.598360837 -0.002953638 0.999986470 0.004262896 -0.856829286 0.002748602 -0.004254780 0.999987185 30.640331268
0.999989450 0.003462845 -0.003019984 0.602829874 -0.003450040 0.999985039 0.004234881 -0.868262172 0.003034604 -0.004224416 0.999986470 31.191329956
0.999989033 0.003409577 -0.003204755 0.612986207 -0.003396033 0.999985337 0.004222202 -0.880786240 0.003219105 -0.004211273 0.999985874 31.734481812
0.999989569 0.003041944 -0.003391482 0.622297585 -0.003027506 0.999986351 0.004254344 -0.893387735 0.003404377 -0.004244032 0.999985218 32.281936646
0.999987900 0.002975081 -0.003921282 0.632869124 -0.002958543 0.999986649 0.004216541 -0.904786468 0.003933774 -0.004204888 0.999983430 32.817550659
0.999987125 0.003526699 -0.003652227 0.639257133 -0.003510784 0.999984384 0.004354722 -0.920184672 0.003667528 -0.004341844 0.999983907 33.350017548
0.999985456 0.003185517 -0.004347324 0.651999235 -0.003168626 0.999987364 0.003886784 -0.926802993 0.004359651 -0.003872952 0.999983013 33.917083740
0.999985516 0.002986145 -0.004478666 0.657951593 -0.002968840 0.999988139 0.003865338 -0.941056132 0.004490155 -0.003851985 0.999982476 34.458400726
0.999986589 0.002259690 -0.004663735 0.663183093 -0.002242560 0.999990761 0.003674894 -0.950126290 0.004671996 -0.003664386 0.999982297 35.017494202
0.999984443 0.003272119 -0.004522794 0.670706391 -0.003256621 0.999988794 0.003429742 -0.959145248 0.004533967 -0.003414960 0.999983847 35.545188904
0.999984145 0.003594182 -0.004336381 0.674981236 -0.003580926 0.999988854 0.003060854 -0.970418394 0.004347335 -0.003045278 0.999985874 36.094081879
0.999981582 0.003221348 -0.005138127 0.697850406 -0.003203817 0.999988973 0.003416749 -0.984907150 0.005149077 -0.003400225 0.999980986 36.626834869
0.999982655 0.003270570 -0.004876983 0.700643778 -0.003253426 0.999988437 0.003519145 -0.994770885 0.004888436 -0.003503217 0.999981999 37.185230255
0.999978364 0.004717998 -0.004595628 0.709507704 -0.004700540 0.999981761 0.003802109 -1.009374022 0.004613482 -0.003780424 0.999982297 37.719635010
0.999981046 0.003419714 -0.005116483 0.708648860 -0.003402092 0.999988377 0.003448845 -1.023076773 0.005128216 -0.003431374 0.999980986 38.252410889
0.999981105 0.003046781 -0.005324381 0.718055308 -0.003028102 0.999989212 0.003512892 -1.036750197 0.005335026 -0.003496703 0.999979675 38.796051025
0.999980807 0.004041139 -0.004704429 0.714892507 -0.004027209 0.999987483 0.002966790 -1.047092795 0.004716359 -0.002947788 0.999984562 39.356174469
0.999975801 0.003788988 -0.005834194 0.745098472 -0.003766262 0.999985278 0.003901459 -1.072429895 0.005848891 -0.003879391 0.999975383 39.884311676
0.999977052 0.003720454 -0.005665039 0.759780705 -0.003695363 0.999983370 0.004433184 -1.094757557 0.005681438 -0.004412148 0.999974191 40.411151886
0.999973476 0.004401817 -0.005813862 0.779893875 -0.004380994 0.999983966 0.003589415 -1.091815472 0.005829569 -0.003563850 0.999976695 40.948516846
0.999977529 0.004092277 -0.005293313 0.761887252 -0.004077541 0.999987662 0.002791881 -1.082470059 0.005304674 -0.002770234 0.999982119 41.485744476
0.999970973 0.004017657 -0.006465623 0.774819314 -0.003995202 0.999985933 0.003481981 -1.122493863 0.006479521 -0.003456049 0.999972999 42.051429749
0.999971986 0.003631287 -0.006538673 0.782365620 -0.003609136 0.999987662 0.003396165 -1.131351948 0.006550925 -0.003372471 0.999972820 42.598716736
0.999974072 0.003887787 -0.006052081 0.787151694 -0.003870789 0.999988496 0.002817824 -1.138938785 0.006062966 -0.002794324 0.999977767 43.152812958
0.999974608 0.003992537 -0.005897284 0.803738713 -0.003975418 0.999987841 0.002911598 -1.152438402 0.005908837 -0.002888081 0.999978423 43.698230743
0.999971986 0.004270943 -0.006146444 0.795940161 -0.004245705 0.999982536 0.004113351 -1.173610330 0.006163905 -0.004087140 0.999972582 44.233757019
0.999969900 0.004840908 -0.006063499 0.806044698 -0.004817501 0.999980927 0.003869045 -1.185852647 0.006082112 -0.003839717 0.999974072 44.784996033
0.999968469 0.005799945 -0.005410417 0.808019817 -0.005779827 0.999976397 0.003726683 -1.195882320 0.005431904 -0.003695295 0.999978423 45.333683014
0.999970853 0.004639252 -0.006053077 0.810403407 -0.004616641 0.999982357 0.003743980 -1.207075000 0.006070339 -0.003715926 0.999974668 45.860889435
0.999973238 0.003843057 -0.006221994 0.822264075 -0.003822364 0.999987185 0.003334235 -1.215340137 0.006234727 -0.003310363 0.999975145 46.401985168
0.999967754 0.004720929 -0.006498178 0.826902807 -0.004698086 0.999982774 0.003526299 -1.226615429 0.006514714 -0.003495657 0.999972641 46.944515228
0.999965668 0.004847928 -0.006716803 0.834523380 -0.004822626 0.999981225 0.003777988 -1.245105624 0.006734991 -0.003745466 0.999970257 47.477622986
0.999970257 0.004761850 -0.006081949 0.835017025 -0.004743748 0.999984264 0.002987086 -1.247642040 0.006096078 -0.002958146 0.999976993 48.024826050
0.999968708 0.004219582 -0.006689480 0.848846674 -0.004197477 0.999985635 0.003315153 -1.260645986 0.006703373 -0.003286971 0.999972045 48.569152832
0.999970913 0.004102367 -0.006429732 0.854269445 -0.004081420 0.999986351 0.003267716 -1.274771690 0.006443050 -0.003241379 0.999973953 49.114036560
0.999972165 0.004173373 -0.006178710 0.853789091 -0.004155617 0.999987125 0.002883785 -1.283111334 0.006190666 -0.002858028 0.999976754 49.659862518
0.999974430 0.003571663 -0.006183406 0.859730005 -0.003551323 0.999988198 0.003297365 -1.299230337 0.006195110 -0.003275322 0.999975443 50.184700012
0.999970853 0.004135656 -0.006414908 0.864121795 -0.004113748 0.999985695 0.003424510 -1.319955945 0.006428979 -0.003398021 0.999973536 50.730979919
0.999972522 0.003879269 -0.006319041 0.878423035 -0.003857988 0.999986887 0.003376552 -1.333678484 0.006332058 -0.003352080 0.999974310 51.279338837
0.999968648 0.004063193 -0.006800943 0.886054993 -0.004039523 0.999985754 0.003490485 -1.350041866 0.006815029 -0.003462903 0.999970734 51.820232391
0.999972284 0.003845178 -0.006379566 0.889750361 -0.003824044 0.999987125 0.003321606 -1.364186406 0.006392257 -0.003297118 0.999974072 52.361549377
0.999972284 0.003724797 -0.006446694 0.897280335 -0.003702143 0.999986887 0.003522601 -1.373700500 0.006459731 -0.003498637 0.999972999 52.909088135
0.999971092 0.004159622 -0.006371549 0.897272348 -0.004137031 0.999985099 0.003554622 -1.389947414 0.006386240 -0.003528160 0.999973297 53.463241577
0.999970794 0.004043394 -0.006483715 0.906174541 -0.004022474 0.999986649 0.003236336 -1.399284482 0.006496714 -0.003210161 0.999973714 53.983829498
0.999971211 0.003188812 -0.006884373 0.919096112 -0.003163335 0.999988079 0.003708440 -1.414876580 0.006896116 -0.003686556 0.999969423 54.518840790
0.999972403 0.003640111 -0.006479883 0.921306491 -0.003618757 0.999988019 0.003304156 -1.430949688 0.006491833 -0.003280616 0.999973476 55.068504333
0.999974191 0.004024141 -0.005950102 0.922452569 -0.004004849 0.999986649 0.003250665 -1.439748168 0.005963105 -0.003226752 0.999976933 55.618354797
0.999973357 0.003620853 -0.006334409 0.929494977 -0.003600817 0.999988496 0.003171755 -1.452399850 0.006345821 -0.003148862 0.999974906 56.158401489
0.999971509 0.003924592 -0.006443769 0.947377205 -0.003904148 0.999987304 0.003182336 -1.471619725 0.006456176 -0.003157088 0.999974191 56.688930511
0.999973774 0.004263775 -0.005855270 0.937778354 -0.004244031 0.999985278 0.003380256 -1.479082227 0.005869596 -0.003355317 0.999977171 57.249893188
0.999977827 0.003453528 -0.005691455 0.945089102 -0.003433496 0.999987900 0.003525673 -1.496393085 0.005703562 -0.003506053 0.999977648 57.798568726
0.999974370 0.003827197 -0.006055533 0.958566666 -0.003809000 0.999988198 0.003013683 -1.508852124 0.006066996 -0.002990541 0.999977052 58.327495575
0.999976814 0.004151896 -0.005400699 0.957980037 -0.004136834 0.999987543 0.002797173 -1.513419867 0.005412246 -0.002774766 0.999981403 58.877117157
0.999974370 0.003811913 -0.006064312 0.963568807 -0.003794590 0.999988616 0.002865620 -1.530217052 0.006075167 -0.002842535 0.999977529 59.404426575
0.999974668 0.004360794 -0.005628418 0.970100045 -0.004345251 0.999986589 0.002770784 -1.541839242 0.005640426 -0.002746257 0.999980390 59.945594788
0.999975145 0.003903680 -0.005860290 0.975874782 -0.003886251 0.999988019 0.002982756 -1.558908820 0.005871863 -0.002959907 0.999978304 60.492420197
0.999975383 0.004016133 -0.005751439 0.987439871 -0.003998695 0.999987304 0.003040218 -1.574676991 0.005763576 -0.003017145 0.999978840 61.030529022
0.999976099 0.003743008 -0.005800239 1.000091791 -0.003727410 0.999989331 0.002697602 -1.585736513 0.005810275 -0.002675917 0.999979556 61.575096130
0.999972582 0.004283576 -0.006029983 1.003660798 -0.004266343 0.999986768 0.002868355 -1.598420501 0.006042189 -0.002842551 0.999977708 62.104049683
0.999973357 0.004704002 -0.005572347 1.011730909 -0.004686095 0.999983847 0.003222500 -1.621242285 0.005587414 -0.003196302 0.999979258 62.625946045
0.999972641 0.005764400 -0.004641768 0.998448014 -0.005751807 0.999979734 0.002721919 -1.618564129 0.004657364 -0.002695145 0.999985576 63.182762146
0.999972999 0.004306548 -0.005958549 1.021068096 -0.004285975 0.999984801 0.003461027 -1.661440969 0.005973363 -0.003435395 0.999976277 63.732311249
0.999977410 0.004394355 -0.005098363 1.022108912 -0.004378845 0.999985754 0.003049317 -1.670403004 0.005111690 -0.003026923 0.999982417 64.294624329
0.999972463 0.004655469 -0.005780921 1.040506005 -0.004636663 0.999983966 0.003262022 -1.681137800 0.005796014 -0.003235128 0.999977946 64.808586121
0.999976158 0.004817938 -0.004933449 1.024990916 -0.004798926 0.999981046 0.003858466 -1.705991268 0.004951945 -0.003834699 0.999980390 65.348495483
0.999977827 0.004903457 -0.004505006 1.028424859 -0.004887174 0.999981523 0.003618304 -1.715394735 0.004522665 -0.003596207 0.999983251 65.902511597
0.999976099 0.005320207 -0.004390804 1.034243584 -0.005303873 0.999979079 0.003723104 -1.728006601 0.004410519 -0.003699727 0.999983430 66.453651428
0.999974489 0.005089133 -0.004996950 1.043941259 -0.005068531 0.999978662 0.004126853 -1.749271870 0.005017845 -0.004101422 0.999978960 66.972618103
0.999976695 0.005133262 -0.004465381 1.048344731 -0.005113802 0.999977410 0.004358422 -1.761034489 0.004487651 -0.004335486 0.999980569 67.521591187
0.999974430 0.005170193 -0.004937358 1.049664736 -0.005151459 0.999979496 0.003799393 -1.777052402 0.004956900 -0.003773861 0.999980569 68.063125610
0.999975681 0.005823716 -0.003840180 1.039350748 -0.005810235 0.999976933 0.003512609 -1.787961006 0.003860548 -0.003490211 0.999986470 68.619934082
0.999972284 0.005798686 -0.004665441 1.059858561 -0.005780914 0.999976039 0.003813867 -1.801812172 0.004687445 -0.003786791 0.999981821 69.143379211
0.999973476 0.006014470 -0.004123121 1.064382672 -0.006000267 0.999976099 0.003448525 -1.812790036 0.004143763 -0.003423693 0.999985576 69.677261353
0.999975562 0.005910443 -0.003727106 1.069432616 -0.005895279 0.999974370 0.004066306 -1.829815865 0.003751043 -0.004044234 0.999984801 70.212112427
0.999974906 0.005407073 -0.004572508 1.075048208 -0.005391007 0.999979258 0.003518630 -1.836886883 0.004591439 -0.003493891 0.999983370 70.758705139
0.999979556 0.004797279 -0.004207954 1.083218813 -0.004783774 0.999983370 0.003213585 -1.850330114 0.004223301 -0.003193389 0.999985993 71.301658630
0.999974012 0.005633451 -0.004493955 1.092304111 -0.005613373 0.999974191 0.004468300 -1.874629974 0.004519011 -0.004442958 0.999979913 71.831748962
0.999972105 0.006483646 -0.003715732 1.104536533 -0.006466086 0.999967933 0.004718811 -1.898581028 0.003746209 -0.004694653 0.999981940 72.365463257
0.999977767 0.005465668 -0.003812197 1.101734042 -0.005449079 0.999975622 0.004348480 -1.903422594 0.003835872 -0.004327610 0.999983251 72.923881531
0.999973357 0.005925035 -0.004269208 1.113546133 -0.005908407 0.999974966 0.003896925 -1.912791252 0.004292190 -0.003871597 0.999983311 73.471565247
0.999975502 0.005401015 -0.004442327 1.119660378 -0.005381558 0.999975920 0.004380777 -1.932495356 0.004465880 -0.004356763 0.999980509 74.004600525
0.999976456 0.005439346 -0.004207055 1.131565571 -0.005420681 0.999975443 0.004435521 -1.944123030 0.004231079 -0.004412611 0.999981284 74.546104431
0.999977171 0.005403755 -0.004080643 1.136208057 -0.005384568 0.999974489 0.004698769 -1.959085464 0.004105931 -0.004676689 0.999980569 75.089645386
0.999980092 0.004669788 -0.004238158 1.148519158 -0.004651339 0.999979734 0.004352111 -1.970655560 0.004258395 -0.004332312 0.999981523 75.626960754
0.999982655 0.004560362 -0.003701380 1.151414156 -0.004545838 0.999981999 0.003922607 -1.982103586 0.003719202 -0.003905713 0.999985456 76.177673340
0.999982536 0.004418439 -0.003929881 1.168133259 -0.004403257 0.999982834 0.003863231 -1.994252682 0.003946883 -0.003845859 0.999984801 76.728973389
0.999976635 0.004574585 -0.005080093 1.193572998 -0.004548673 0.999976575 0.005100599 -2.018903255 0.005103307 -0.005077372 0.999974072 77.248588562
0.999980450 0.004946582 -0.003810936 1.174701691 -0.004930769 0.999979198 0.004147973 -2.018119097 0.003831374 -0.004129101 0.999984145 77.794784546
0.999981999 0.004757083 -0.003659595 1.183576822 -0.004743840 0.999982178 0.003620202 -2.029596806 0.003676751 -0.003602776 0.999986768 78.335105896
0.999984205 0.004588328 -0.003228785 1.190956235 -0.004576392 0.999982595 0.003695138 -2.041403770 0.003245683 -0.003680303 0.999987960 78.891204834
0.999982953 0.004728115 -0.003409271 1.202031374 -0.004716530 0.999983072 0.003397624 -2.053404808 0.003425277 -0.003381487 0.999988377 79.428672791
0.999984026 0.004339606 -0.003628981 1.215547204 -0.004325829 0.999983430 0.003795095 -2.071344852 0.003645389 -0.003779336 0.999986231 79.965950012
0.999983132 0.005402497 -0.002201276 1.219614506 -0.005394072 0.999978185 0.003815698 -2.082866907 0.002221843 -0.003803759 0.999990284 80.510589600
0.999984860 0.005430332 -0.000873257 1.229598999 -0.005427110 0.999978602 0.003653222 -2.094450712 0.000893077 -0.003648427 0.999992967 81.057388306
0.999986351 0.005212917 0.000287064 1.242173910 -0.005213957 0.999979377 0.003752484 -2.111203671 -0.000267496 -0.003753929 0.999992907 81.598381042
0.999983251 0.005511701 0.001716260 1.252508998 -0.005518181 0.999977529 0.003793160 -2.123546600 -0.001695316 -0.003802567 0.999991357 82.133163452
0.999973297 0.005149662 0.005168907 1.268109322 -0.005165994 0.999981642 0.003151125 -2.127840519 -0.005152587 -0.003177744 0.999981701 82.688667297
0.999948800 0.005441096 0.008521117 1.295047879 -0.005475454 0.999976873 0.004014089 -2.147813797 -0.008499079 -0.004060541 0.999955714 83.222267151
0.999916255 0.004492067 0.012140891 1.305056334 -0.004539835 0.999982059 0.003909825 -2.159448624 -0.012123113 -0.003964615 0.999918640 83.790725708
0.999826491 0.005848555 0.017682482 1.307243109 -0.005919528 0.999974608 0.003964051 -2.167230844 -0.017658848 -0.004068036 0.999835789 84.265708923
0.999726295 0.004233335 0.023008633 1.352810860 -0.004317202 0.999984145 0.003596602 -2.186828852 -0.022993045 -0.003694951 0.999728799 84.819824219
0.999584913 0.004071009 0.028519502 1.387586474 -0.004184761 0.999983490 0.003930029 -2.203873873 -0.028503034 -0.004047745 0.999585509 85.370315552
0.999404132 0.003794669 0.034307566 1.417688012 -0.003921004 0.999985754 0.003615911 -2.215200663 -0.034293346 -0.003748276 0.999404907 85.909873962
0.999086797 0.003900679 0.042547841 1.452809572 -0.004043813 0.999986470 0.003278557 -2.224477530 -0.042534474 -0.003447618 0.999089003 86.462165833
0.998685181 0.003983866 0.051107943 1.500904560 -0.004163481 0.999985576 0.003408448 -2.241800308 -0.051093627 -0.003616754 0.998687327 87.010490417
0.998309076 0.003886137 0.057997882 1.537303448 -0.004095105 0.999985456 0.003484600 -2.253107309 -0.057983499 -0.003716215 0.998310626 87.539611816
0.997736096 0.004041172 0.067128621 1.594655514 -0.004265553 0.999985754 0.003199556 -2.264542103 -0.067114741 -0.003478653 0.997739136 88.086364746
0.996997058 0.004178129 0.077325344 1.655254364 -0.004424225 0.999985695 0.003011568 -2.277201414 -0.077311665 -0.003344630 0.997001290 88.628578186
0.996283293 0.003992998 0.086044498 1.710299492 -0.004272409 0.999986172 0.003063381 -2.289894104 -0.086031079 -0.003419613 0.996286571 89.171051025
0.995563984 0.004014769 0.094001397 1.770847321 -0.004290379 0.999987066 0.002730059 -2.301643372 -0.093989238 -0.003121251 0.995568275 89.719284058
0.994510293 0.003304570 0.104587764 1.854593277 -0.003647474 0.999988675 0.003087526 -2.318969250 -0.104576349 -0.003452057 0.994510889 90.245353699
0.993263721 0.004072272 0.115804978 1.921865463 -0.004465116 0.999985099 0.003133081 -2.327739477 -0.115790494 -0.003629057 0.993267059 90.799942017
0.992183089 0.003493891 0.124741882 2.015438080 -0.003909490 0.999987602 0.003087034 -2.347210884 -0.124729522 -0.003550579 0.992184401 91.342056274
0.990730941 0.003094411 0.135803148 2.108366013 -0.003587326 0.999987841 0.003385055 -2.360552788 -0.135791034 -0.003840849 0.990730047 91.882591248
0.989024997 0.002274907 0.147730798 2.209027290 -0.002751797 0.999991596 0.003023794 -2.375341654 -0.147722691 -0.003397133 0.989022970 92.408294678
0.987310052 0.002491920 0.158785045 2.309745789 -0.003076063 0.999989271 0.003433163 -2.393262386 -0.158774808 -0.003878029 0.987307250 92.963806152
0.985608459 0.001930751 0.169033155 2.425452232 -0.002522828 0.999991417 0.003288033 -2.400917530 -0.169025362 -0.003667155 0.985604882 93.470367432
0.983305812 0.001418587 0.181955278 2.552959442 -0.002074008 0.999992013 0.003411872 -2.424062729 -0.181949005 -0.003732290 0.983300865 93.993270874
0.980974078 0.001677939 0.194131553 2.669717789 -0.002382576 0.999991417 0.003396255 -2.429766893 -0.194124177 -0.003794171 0.980969608 94.506355286
0.978845239 0.001264658 0.204598203 2.796224594 -0.002015391 0.999992013 0.003460967 -2.441718578 -0.204592198 -0.003800096 0.978839815 95.043563843
0.976127267 0.001692095 0.217192382 2.937871933 -0.002624345 0.999988616 0.004003911 -2.466022015 -0.217183098 -0.004478315 0.976120591 95.552970886
0.972955585 0.000614493 0.230990887 3.100429535 -0.001499729 0.999992192 0.003656775 -2.474406719 -0.230986819 -0.003904304 0.972949028 96.088226318
0.970204532 0.001384627 0.242283404 3.216745377 -0.002343983 0.999990523 0.003671441 -2.482362032 -0.242276013 -0.004129958 0.970198572 96.595245361
0.967074037 0.001340399 0.254491836 3.377265930 -0.002337691 0.999990702 0.003616360 -2.499149799 -0.254484624 -0.004092211 0.967068195 97.132240295
0.963461101 0.001717634 0.267843157 3.552829742 -0.002869024 0.999988258 0.003907435 -2.517647505 -0.267833292 -0.004533111 0.963454545 97.654258728
0.959791183 0.000931884 0.280713439 3.699312210 -0.002046487 0.999991119 0.003677502 -2.520381212 -0.280707508 -0.004104110 0.959784567 98.127128601
0.956554711 0.000596575 0.291552544 3.884037018 -0.001861783 0.999989986 0.004062140 -2.532285213 -0.291547209 -0.004428466 0.956546128 98.648139954
0.952214956 0.000043221 0.305428475 4.059015274 -0.001190838 0.999992907 0.003571091 -2.542624235 -0.305426121 -0.003764162 0.952208340 99.145652771
0.947741926 -0.000501046 0.319037586 4.252874374 -0.000690770 0.999993145 0.003622500 -2.556354523 -0.319037259 -0.003653576 0.947735071 99.644180298
0.943720698 -0.000989954 0.330741912 4.444065094 -0.000226869 0.999993265 0.003640450 -2.564733505 -0.330743313 -0.003510603 0.943714201 100.148017883
0.939049184 -0.001596155 0.343779325 4.655408859 0.000434494 0.999993920 0.003456096 -2.579956055 -0.343782723 -0.003096073 0.939044178 100.651031494
0.933840930 -0.001257663 0.357686341 4.867816925 0.000043485 0.999994218 0.003402555 -2.593248129 -0.357688516 -0.003161892 0.933835506 101.157112122
0.929386795 -0.002739246 0.369097024 5.100671768 0.001350202 0.999991000 0.004021603 -2.610637188 -0.369104832 -0.003239270 0.929382086 101.651466370
0.924524248 -0.002762869 0.381113291 5.324886322 0.001439131 0.999991953 0.003758292 -2.615803480 -0.381120563 -0.002926161 0.924520671 102.150512695
0.918094397 -0.002598720 0.396353126 5.539531708 0.001245658 0.999992490 0.003671142 -2.630166531 -0.396359652 -0.002876734 0.918090820 102.640617371
0.912515402 -0.002643820 0.409033746 5.782363892 0.001156175 0.999991834 0.003884203 -2.647596359 -0.409040660 -0.003071481 0.912510991 103.131752014
0.907504618 -0.003969725 0.420023143 6.023944855 0.002459578 0.999988437 0.004136916 -2.663506031 -0.420034617 -0.002721191 0.907503963 103.596565247
0.900794446 -0.004566751 0.434221625 6.302074432 0.003413276 0.999988258 0.003436119 -2.674650431 -0.434232175 -0.001613119 0.900799572 104.093833923
0.894450605 -0.003905932 0.447149664 6.528175354 0.002520387 0.999989927 0.003693465 -2.675291300 -0.447159618 -0.002176631 0.894451559 104.546997070
0.888690531 -0.004182661 0.458488345 6.801456451 0.002633520 0.999988437 0.004018048 -2.699570894 -0.458499908 -0.002363363 0.888691306 104.999481201
0.883262813 -0.005374577 0.468847454 7.073348999 0.003976475 0.999984145 0.003971912 -2.706074476 -0.468861371 -0.001643881 0.883270323 105.472145081
0.875567794 -0.005479281 0.483064204 7.341514587 0.004087689 0.999983847 0.003933524 -2.716757536 -0.483077973 -0.001469450 0.875576079 105.951332092
