1.000000000 0.000000000 0.000000000 0.000000000 0.000000000 1.000000000 0.000000000 0.000000000 0.000000000 0.000000000 1.000000000 0.000000000
1.000000000 -0.000061362 -0.000026152 0.000189909 0.000061361 1.000000000 -0.000033094 0.000068294 0.000026154 0.000033092 1.000000000 0.000019923
1.000000000 0.000012186 -0.000000076 -0.000414740 -0.000012186 1.000000000 0.000033973 -0.000187060 0.000000077 -0.000033973 1.000000000 -0.000403382
1.000000000 -0.000061842 0.000097638 -0.000838594 0.000061846 1.000000000 -0.000040552 0.000446677 -0.000097636 0.000040558 1.000000000 -0.000120280
1.000000000 -0.000177572 0.000008920 0.000297486 0.000177572 1.000000000 0.000021154 -0.000222621 -0.000008923 -0.000021152 1.000000000 -0.000252112
1.000000000 0.000002549 0.000044325 -0.000342894 -0.000002549 1.000000000 0.000008515 -0.000257733 -0.000044325 -0.000008516 1.000000000 -0.000653339
1.000000000 -0.000019270 -0.000007678 -0.000163672 0.000019269 1.000000000 -0.000164569 0.000773889 0.000007682 0.000164569 1.000000000 -0.000336251
1.000000000 -0.000007708 0.000077192 -0.000131387 0.000007707 1.000000000 0.000017402 -0.000546239 -0.000077192 -0.000017402 1.000000000 -0.000163321
1.000000000 0.000121708 0.000098652 -0.001416027 -0.000121713 1.000000000 0.000052179 -0.000416568 -0.000098646 -0.000052191 1.000000000 -0.000315783
1.000000000 -0.000006240 0.000096786 -0.000811147 0.000006249 1.000000000 -0.000098911 0.000626078 -0.000096785 0.000098912 1.000000000 -0.000527810
1.000000000 0.000137874 0.000051897 -0.000749781 -0.000137867 1.000000000 -0.000134741 0.000431031 -0.000051916 0.000134734 1.000000000 -0.000629990
1.000000000 0.000018014 0.000013659 -0.000167482 -0.000018014 1.000000000 -0.000004226 0.000521529 -0.000013659 0.000004225 1.000000000 0.000015956
1.000000000 0.000118947 0.000081243 -0.000864687 -0.000118938 1.000000000 -0.000110008 0.001377780 -0.000081256 0.000109998 1.000000000 0.000353363
1.000000000 0.000097612 0.000053711 -0.000525780 -0.000097609 1.000000000 -0.000057224 0.000962438 -0.000053717 0.000057219 1.000000000 0.000226618
1.000000000 0.000088860 0.000131949 -0.001359183 -0.000088846 1.000000000 -0.000108030 0.001266539 -0.000131959 0.000108018 1.000000000 0.001102323
0.999999940 0.000227080 0.000132078 -0.001911401 -0.000227069 1.000000000 -0.000089440 0.000924459 -0.000132099 0.000089410 1.000000000 0.000467631
0.999999940 0.000244673 0.000155353 -0.002035715 -0.000244651 0.999999940 -0.000142457 0.001689105 -0.000155388 0.000142419 1.000000000 0.001636476
0.999999940 0.000267745 0.000067772 -0.001602334 -0.000267735 0.999999940 -0.000134352 0.001146778 -0.000067808 0.000134333 1.000000000 0.000191159
0.999999940 0.000243415 0.000098041 -0.002054858 -0.000243410 0.999999940 -0.000045320 0.000373340 -0.000098052 0.000045296 1.000000000 0.000468875
0.999999940 0.000258281 0.000020269 -0.001768765 -0.000258281 0.999999940 0.000003419 0.000402673 -0.000020268 -0.000003425 1.000000000 0.000291393
0.999999940 0.000302203 0.000057652 -0.001286739 -0.000302197 0.999999940 -0.000106341 0.000938056 -0.000057685 0.000106324 1.000000000 0.000657743
0.999999940 0.000232407 -0.000000815 -0.000837235 -0.000232407 0.999999940 -0.000081720 0.000666932 0.000000796 0.000081721 1.000000000 -0.000226660
0.999999881 0.000439162 0.000058915 -0.002147333 -0.000439156 0.999999881 -0.000104353 0.001290608 -0.000058960 0.000104327 1.000000000 0.000209010
0.999999881 0.000425648 0.000114125 -0.001985628 -0.000425635 0.999999881 -0.000117830 0.000736385 -0.000114175 0.000117782 1.000000000 0.000204941
0.999999940 0.000271964 0.000078286 -0.001285828 -0.000271958 0.999999940 -0.000075453 0.001274785 -0.000078307 0.000075432 1.000000000 0.000891532
0.999999940 0.000308066 0.000076014 -0.001314365 -0.000308061 0.999999940 -0.000063367 0.000928066 -0.000076034 0.000063344 1.000000000 0.000181881
0.999999940 0.000300404 0.000022608 -0.001369215 -0.000300403 0.999999940 -0.000079249 0.000852881 -0.000022632 0.000079243 1.000000000 -0.000175883
0.999999940 0.000259350 0.000007366 -0.001352907 -0.000259349 0.999999940 -0.000038744 0.000662017 -0.000007376 0.000038742 1.000000000 -0.000256572
0.999999940 0.000247511 0.000062068 -0.001115940 -0.000247507 0.999999940 -0.000074755 0.001051888 -0.000062086 0.000074740 1.000000000 0.000926732
0.999999940 0.000200781 0.000032532 -0.001011223 -0.000200778 0.999999940 -0.000097244 0.001252117 -0.000032551 0.000097237 1.000000000 0.001078488
0.999999940 0.000351410 0.000053299 -0.001597852 -0.000351401 0.999999940 -0.000154211 0.001460512 -0.000053353 0.000154192 1.000000000 0.000806456
0.999999940 0.000361330 0.000127192 -0.001829870 -0.000361322 0.999999940 -0.000059417 0.000467843 -0.000127213 0.000059371 1.000000000 0.000332613
0.999999940 0.000346127 0.000096583 -0.002071222 -0.000346116 0.999999940 -0.000111733 0.000114814 -0.000096621 0.000111699 1.000000000 -0.000349894
0.999999940 0.000333674 0.000090227 -0.001891576 -0.000333659 0.999999940 -0.000162905 0.000539153 -0.000090282 0.000162874 1.000000000 -0.000162281
0.999999940 0.000306989 0.000034779 -0.001306510 -0.000306988 0.999999940 -0.000011497 -0.000036215 -0.000034783 0.000011487 1.000000000 -0.000301470
0.999999940 0.000237720 0.000009009 -0.001566991 -0.000237719 0.999999940 -0.000082840 0.000313025 -0.000009029 0.000082838 1.000000000 -0.000147846
0.999999881 0.000414602 0.000089538 -0.002093646 -0.000414594 0.999999881 -0.000090199 0.000628812 -0.000089576 0.000090162 1.000000000 -0.000216699
0.999999940 0.000335451 0.000023106 -0.000955113 -0.000335448 0.999999940 -0.000097693 0.001276188 -0.000023139 0.000097685 1.000000000 0.000683193
0.999999940 0.000220266 -0.000009084 -0.000587213 -0.000220267 0.999999940 -0.000112982 0.000281455 0.000009059 0.000112984 1.000000000 0.000777712
0.999999881 0.000479810 0.000220508 -0.001389813 -0.000479656 0.999999702 -0.000694197 -0.002165636 -0.000220841 0.000694091 0.999999762 0.047164466
0.999999702 0.000640457 0.000312150 -0.001579674 -0.000640147 0.999999285 -0.000992048 -0.004918791 -0.000312785 0.000991848 0.999999464 0.137828693
0.999999642 0.000751443 0.000385167 -0.000212401 -0.000750960 0.999998927 -0.001254835 -0.007314001 -0.000386109 0.001254545 0.999999106 0.254446059
0.999999642 0.000785861 0.000130894 0.006041784 -0.000785703 0.999998868 -0.001202674 -0.011402656 -0.000131839 0.001202571 0.999999225 0.384666651
0.999999881 0.000464710 0.000073789 0.007543025 -0.000464640 0.999999464 -0.000947161 -0.018398892 -0.000074229 0.000947127 0.999999583 0.523890197
0.999999881 0.000416818 0.000156005 0.012006539 -0.000416706 0.999999642 -0.000718215 -0.022309577 -0.000156304 0.000718150 0.999999642 0.677302480
0.999999881 0.000467468 0.000178167 0.016747985 -0.000467418 0.999999881 -0.000276728 -0.027886963 -0.000178296 0.000276645 0.999999821 0.838484466
0.999999940 0.000256421 0.000180540 0.018227352 -0.000256352 0.999999881 -0.000382099 -0.032969940 -0.000180638 0.000382053 0.999999940 1.006018877
0.999999881 0.000285931 0.000197672 0.021679152 -0.000285856 0.999999881 -0.000380725 -0.036332130 -0.000197781 0.000380668 0.999999940 1.183850408
0.999999702 0.000641506 0.000358870 0.023543261 -0.000641404 0.999999762 -0.000284772 -0.040197548 -0.000359052 0.000284542 0.999999881 1.377042174
0.999999523 0.000885387 0.000366658 0.026209358 -0.000885235 0.999999523 -0.000414024 -0.042604130 -0.000367024 0.000413699 0.999999821 1.568351507
0.999999762 0.000586266 0.000323118 0.030885961 -0.000586250 0.999999821 -0.000049807 -0.053035218 -0.000323147 0.000049618 0.999999940 1.769293666
0.999999464 0.000925036 0.000526038 0.032579400 -0.000925105 0.999999523 0.000130818 -0.058204237 -0.000525917 -0.000131304 0.999999821 1.970246077
0.999999940 0.000092736 0.000386453 0.039157260 -0.000092865 0.999999940 0.000335121 -0.065925635 -0.000386422 -0.000335157 0.999999881 2.184709787
0.999999940 0.000371400 0.000455410 0.043746833 -0.000371479 0.999999940 0.000172870 -0.070883878 -0.000455346 -0.000173039 0.999999881 2.401347399
0.999999702 0.000637228 0.000477342 0.048927218 -0.000637239 0.999999821 0.000022088 -0.077812694 -0.000477328 -0.000022392 0.999999881 2.620823860
0.999999762 0.000474637 0.000493024 0.055496775 -0.000474812 0.999999762 0.000353378 -0.087865688 -0.000492856 -0.000353612 0.999999821 2.852734566
0.999999583 0.000586384 0.000773233 0.055811603 -0.000586746 0.999999642 0.000467813 -0.096359357 -0.000772959 -0.000468267 0.999999583 3.087452650
0.999999464 0.000777924 0.000709904 0.062608816 -0.000778387 0.999999464 0.000652196 -0.100256421 -0.000709397 -0.000652748 0.999999523 3.326132774
0.999999404 0.000742539 0.000706326 0.067678854 -0.000742871 0.999999583 0.000471087 -0.105279908 -0.000705976 -0.000471611 0.999999642 3.583805084
0.999999464 0.000775203 0.000672306 0.072992608 -0.000775514 0.999999583 0.000461511 -0.114416644 -0.000671948 -0.000462032 0.999999642 3.831423759
0.999999464 0.000680288 0.000666921 0.077621497 -0.000680820 0.999999404 0.000798112 -0.120382927 -0.000666378 -0.000798566 0.999999404 4.094945431
0.999999166 0.000969596 0.000832369 0.080680236 -0.000970115 0.999999344 0.000623469 -0.125237375 -0.000831764 -0.000624276 0.999999464 4.350282669
0.999998987 0.001050323 0.000955394 0.084580354 -0.001050875 0.999999285 0.000577935 -0.132503688 -0.000954786 -0.000578939 0.999999404 4.608314514
0.999999225 0.000826329 0.000937344 0.096406534 -0.000826844 0.999999523 0.000548276 -0.138038769 -0.000936890 -0.000549051 0.999999344 4.869619370
0.999998927 0.001121257 0.000940295 0.102882631 -0.001121855 0.999999166 0.000635704 -0.144152358 -0.000939582 -0.000636758 0.999999344 5.135211468
0.999997973 0.001553007 0.001301304 0.101498984 -0.001553858 0.999998569 0.000652758 -0.154485807 -0.001300289 -0.000654779 0.999998927 5.392523766
0.999998093 0.001394191 0.001336657 0.106411979 -0.001395433 0.999998569 0.000928932 -0.162893608 -0.001335360 -0.000930795 0.999998689 5.657524586
0.999998212 0.001322134 0.001303186 0.110334046 -0.001323295 0.999998748 0.000890644 -0.170212671 -0.001302007 -0.000892367 0.999998689 5.929277897
0.999998510 0.001160847 0.001221065 0.117508598 -0.001161659 0.999999106 0.000664258 -0.175577283 -0.001220293 -0.000665676 0.999999046 6.215268135
0.999997556 0.001616446 0.001510510 0.123056076 -0.001617278 0.999998569 0.000549910 -0.180009589 -0.001509620 -0.000552352 0.999998689 6.503738403
0.999998152 0.001272045 0.001381157 0.127977341 -0.001272991 0.999998868 0.000684047 -0.189141035 -0.001380285 -0.000685804 0.999998808 6.798789501
0.999997795 0.001466003 0.001488560 0.133967131 -0.001466966 0.999998629 0.000645871 -0.198177129 -0.001487611 -0.000648053 0.999998689 7.096462250
0.999998689 0.001002700 0.001347300 0.144035667 -0.001003689 0.999999225 0.000733634 -0.209911406 -0.001346564 -0.000734986 0.999998808 7.393649578
0.999997914 0.001280001 0.001573898 0.146560505 -0.001281492 0.999998689 0.000946867 -0.224399090 -0.001572685 -0.000948881 0.999998271 7.693573475
0.999998152 0.001255973 0.001454557 0.159014821 -0.001257526 0.999998629 0.001067251 -0.230519772 -0.001453215 -0.001069078 0.999998391 8.018746376
0.999996781 0.001757948 0.001818536 0.158122122 -0.001759986 0.999997854 0.001119303 -0.239954859 -0.001816565 -0.001122500 0.999997735 8.334836960
0.999997556 0.001498246 0.001602912 0.168807775 -0.001499926 0.999998331 0.001047195 -0.247725591 -0.001601340 -0.001049597 0.999998212 8.661402702
0.999996960 0.001834113 0.001621340 0.177253366 -0.001835797 0.999997735 0.001037936 -0.258125782 -0.001619433 -0.001040909 0.999998152 9.005462646
0.999995708 0.002385272 0.001712069 0.185966596 -0.002386707 0.999996841 0.000836369 -0.269078761 -0.001710068 -0.000840452 0.999998212 9.351088524
0.999995589 0.002406705 0.001724695 0.191763267 -0.002408446 0.999996603 0.001007789 -0.282524347 -0.001722264 -0.001011938 0.999997973 9.683064461
0.999995768 0.002217585 0.001860905 0.197938338 -0.002219620 0.999997020 0.001092023 -0.290241867 -0.001858477 -0.001096149 0.999997735 10.035675049
0.999995291 0.002581086 0.001716002 0.207503736 -0.002583079 0.999995947 0.001160178 -0.302206814 -0.001713001 -0.001164604 0.999997854 10.399292946
0.999995887 0.002183915 0.001853638 0.217636108 -0.002186308 0.999996722 0.001290372 -0.314757735 -0.001850814 -0.001294420 0.999997497 10.762413979
0.999996245 0.002158911 0.001657310 0.227397054 -0.002161071 0.999996841 0.001302870 -0.321820855 -0.001654492 -0.001306447 0.999997795 11.110828400
0.999996901 0.001972896 0.001518299 0.240152121 -0.001975142 0.999996960 0.001478711 -0.333591282 -0.001515377 -0.001481705 0.999997735 11.485640526
0.999994636 0.002406699 0.002232112 0.241644382 -0.002409561 0.999996305 0.001280663 -0.342787683 -0.002229021 -0.001286034 0.999996603 11.872862816
0.999995470 0.002233084 0.002032075 0.250696152 -0.002236230 0.999996305 0.001547153 -0.357284844 -0.002028613 -0.001551690 0.999996722 12.260765076
0.999995649 0.002049454 0.002146192 0.262752026 -0.002053381 0.999996185 0.001829025 -0.372180879 -0.002142435 -0.001833424 0.999996006 12.641779900
0.999993742 0.002567837 0.002445366 0.268213958 -0.002572749 0.999994695 0.002007328 -0.380488127 -0.002440199 -0.002013607 0.999994993 13.038913727
0.999995410 0.002257555 0.002085967 0.285297334 -0.002261112 0.999996006 0.001704149 -0.390388578 -0.002082112 -0.001708857 0.999996364 13.444632530
0.999993682 0.002463180 0.002572715 0.293453634 -0.002467958 0.999995351 0.001855871 -0.404357940 -0.002568132 -0.001862208 0.999994993 13.848876953
0.999991477 0.002917162 0.002953747 0.301521271 -0.002923535 0.999993443 0.002155813 -0.417185098 -0.002947439 -0.002164430 0.999993265 14.264949799
0.999991417 0.002656644 0.003187011 0.315515965 -0.002662975 0.999994576 0.001984120 -0.427140445 -0.003181723 -0.001992590 0.999992967 14.685247421
0.999993026 0.002477269 0.002804914 0.325627804 -0.002482051 0.999995410 0.001702878 -0.439019322 -0.002800683 -0.001709828 0.999994695 15.115436554
0.999988973 0.003048101 0.003607381 0.330892563 -0.003056649 0.999992549 0.002366157 -0.455287337 -0.003600142 -0.002377157 0.999990702 15.558739662
0.999988317 0.002697826 0.004017274 0.339928746 -0.002707070 0.999993742 0.002297642 -0.466542214 -0.004011050 -0.002308490 0.999989331 16.004262924
0.999983966 0.003353958 0.004543940 0.348691404 -0.003365557 0.999991119 0.002547544 -0.478627324 -0.004535355 -0.002562796 0.999986351 16.449266434
0.999982059 0.003451555 0.004896104 0.354738027 -0.003463056 0.999991238 0.002342363 -0.488873452 -0.004887976 -0.002359277 0.999985278 16.898508072
0.999981761 0.003390918 0.004998532 0.368361890 -0.003402259 0.999991655 0.002261862 -0.496421784 -0.004990820 -0.002278828 0.999984980 17.363273621
0.999978542 0.003504836 0.005558507 0.375942081 -0.003518675 0.999990702 0.002481883 -0.512949586 -0.005549756 -0.002501388 0.999981463 17.815452576
0.999976933 0.003620294 0.005747293 0.387031049 -0.003629945 0.999991953 0.001669629 -0.519033313 -0.005741202 -0.001690453 0.999982059 18.285928726
0.999978423 0.003336477 0.005657523 0.408741653 -0.003349419 0.999991775 0.002279910 -0.535971344 -0.005649871 -0.002298810 0.999981403 18.767604828
0.999977887 0.003691850 0.005531195 0.425022304 -0.003703408 0.999990940 0.002080950 -0.545047283 -0.005523462 -0.002101388 0.999982595 19.252481461
0.999976695 0.003665923 0.005758763 0.436040312 -0.003679910 0.999990225 0.002420046 -0.563745618 -0.005749837 -0.002441182 0.999980509 19.737455368
0.999975562 0.003824466 0.005855982 0.444242120 -0.003841329 0.999988496 0.002870914 -0.578430295 -0.005844936 -0.002893339 0.999978781 20.226160049
0.999974608 0.003224612 0.006371836 0.455772787 -0.003243744 0.999990284 0.002994547 -0.599310756 -0.006362119 -0.003015139 0.999975204 20.714708328
0.999977529 0.003573558 0.005676157 0.475156009 -0.003587012 0.999990761 0.002361928 -0.598416567 -0.005667665 -0.002382235 0.999981105 21.226387024
0.999981225 0.003608116 0.004958294 0.489720792 -0.003621324 0.999989927 0.002657452 -0.622619271 -0.004948656 -0.002675358 0.999984205 21.720952988
0.999980092 0.004233725 0.004676613 0.496096849 -0.004241962 0.999989510 0.001753139 -0.618657351 -0.004669141 -0.001772942 0.999987602 22.240867615
0.999979734 0.004151832 0.004831797 0.510524333 -0.004162383 0.999988914 0.002175456 -0.640852928 -0.004822711 -0.002195524 0.999985933 22.771324158
0.999987423 0.003676339 0.003427892 0.528659284 -0.003684130 0.999990642 0.002269604 -0.660877645 -0.003419516 -0.002282204 0.999991655 23.265789032
0.999985099 0.003811195 0.003913819 0.531789064 -0.003822085 0.999988854 0.002778931 -0.682618678 -0.003903185 -0.002793849 0.999988437 23.792972565
0.999989331 0.003050901 0.003450782 0.544154048 -0.003059885 0.999991953 0.002601472 -0.702106118 -0.003442816 -0.002612004 0.999990642 24.306659698
0.999988735 0.003758666 0.002889629 0.558590055 -0.003766032 0.999989688 0.002548220 -0.712499917 -0.002880022 -0.002559074 0.999992549 24.851551056
0.999987543 0.004225081 0.002658300 0.565911293 -0.004233679 0.999985814 0.003237209 -0.735385954 -0.002644585 -0.003248423 0.999991238 25.378389359
0.999985158 0.004757047 0.002651743 0.574083149 -0.004765413 0.999983668 0.003157635 -0.747519433 -0.002636678 -0.003170225 0.999991477 25.921365738
0.999988854 0.004447068 0.001551125 0.591597676 -0.004451524 0.999985933 0.002881066 -0.757941961 -0.001538291 -0.002887939 0.999994636 26.481159210
0.999990404 0.004171251 0.001331784 0.601486266 -0.004176055 0.999984682 0.003625011 -0.772112012 -0.001316643 -0.003630538 0.999992549 27.046861649
0.999988616 0.004680209 0.001041759 0.613547444 -0.004683826 0.999982834 0.003496584 -0.788185179 -0.001025376 -0.003501422 0.999993324 27.604291916
0.999985397 0.005292029 0.001096102 0.620372593 -0.005295710 0.999980271 0.003382681 -0.803101838 -0.001078179 -0.003388436 0.999993682 28.155302048
0.999984443 0.005501035 0.000882526 0.632042170 -0.005503953 0.999979317 0.003339003 -0.811593175 -0.000864139 -0.003343808 0.999994040 28.720245361
0.999981821 0.005980917 0.000739742 0.643858254 -0.005983553 0.999975562 0.003615431 -0.833888471 -0.000718101 -0.003619792 0.999993205 29.269830704
0.999986172 0.005226389 -0.000611214 0.658691823 -0.005224315 0.999980807 0.003346750 -0.835262716 0.000628694 -0.003343511 0.999994218 29.823528290
0.999984562 0.005543061 -0.000288932 0.666784048 -0.005542026 0.999978542 0.003470051 -0.856268287 0.000308160 -0.003468397 0.999993920 30.363950729
0.999983191 0.005787678 0.000323609 0.667141259 -0.005788722 0.999977648 0.003323500 -0.869895339 -0.000304366 -0.003325317 0.999994397 30.913377762
0.999984026 0.005656164 -0.000015838 0.683306575 -0.005656084 0.999978960 0.003180597 -0.880510390 0.000033827 -0.003180457 0.999994934 31.462459564
0.999983013 0.005825106 -0.000340310 0.692751884 -0.005824231 0.999979913 0.002516258 -0.888127625 0.000354961 -0.002514234 0.999996722 32.022380829
0.999979377 0.006398825 -0.000567714 0.710801601 -0.006396942 0.999974191 0.003257937 -0.919027746 0.000588546 -0.003254239 0.999994516 32.545066833
0.999979019 0.006453398 -0.000680620 0.710984707 -0.006451959 0.999976993 0.002094828 -0.913959503 0.000694123 -0.002090393 0.999997616 33.105239868
0.999984741 0.005460343 -0.000836633 0.735203803 -0.005457251 0.999978423 0.003654151 -0.953294456 0.000856568 -0.003649529 0.999992967 33.629673004
0.999983370 0.005655073 -0.001153926 0.750408530 -0.005650919 0.999977589 0.003572300 -0.961442828 0.001174102 -0.003565719 0.999992967 34.173553467
0.999978900 0.006163708 -0.002098162 0.759502053 -0.006155460 0.999973416 0.003914651 -0.976881623 0.002122235 -0.003901653 0.999990165 34.718036652
0.999974906 0.006842314 -0.001828241 0.765313625 -0.006835685 0.999970078 0.003607798 -0.990262508 0.001852872 -0.003595210 0.999991834 35.244651794
0.999978840 0.006207251 -0.001963372 0.784847081 -0.006198902 0.999971807 0.004230549 -1.005511165 0.001989577 -0.004218288 0.999989152 35.754169464
0.999981582 0.005864507 -0.001573164 0.790903091 -0.005858836 0.999976337 0.003584485 -1.017116785 0.001594148 -0.003575201 0.999992251 36.326759338
0.999981880 0.005839941 -0.001409333 0.801196277 -0.005835502 0.999978065 0.003132591 -1.024629712 0.001427597 -0.003124310 0.999994099 36.886032104
0.999976814 0.006591903 -0.001680842 0.809292078 -0.006587062 0.999974191 0.002869869 -1.035370350 0.001699717 -0.002858731 0.999994457 37.434497833
0.999979436 0.006296528 -0.001236297 0.829828262 -0.006292038 0.999973714 0.003603053 -1.062890172 0.001258951 -0.003595200 0.999992728 37.949592590
0.999981046 0.005868110 -0.001826725 0.846023023 -0.005862424 0.999977946 0.003103300 -1.061834097 0.001844895 -0.003092533 0.999993503 38.502079010
0.999979615 0.006174659 -0.001633172 0.850502670 -0.006168835 0.999974668 0.003547820 -1.086353660 0.001655036 -0.003537673 0.999992311 39.056781769
0.999980390 0.006014992 -0.001698015 0.866334975 -0.006010001 0.999977589 0.002929877 -1.090988994 0.001715600 -0.002919614 0.999994278 39.570400238
0.999982297 0.005705283 -0.001662657 0.876920760 -0.005700212 0.999979138 0.003038852 -1.109171271 0.001679959 -0.003029321 0.999993980 40.114189148
0.999981761 0.005816544 -0.001598179 0.894812524 -0.005811252 0.999977589 0.003295620 -1.132611752 0.001617312 -0.003286273 0.999993324 40.642997742
0.999979138 0.006334687 -0.001267251 0.906143427 -0.006331047 0.999975860 0.002855963 -1.141014934 0.001285312 -0.002847881 0.999995112 41.188816071
0.999980927 0.006086138 -0.001076823 0.901798666 -0.006082531 0.999975979 0.003320844 -1.150202274 0.001097008 -0.003314231 0.999993920 41.714611053
0.999975681 0.006945567 -0.000627540 0.908380032 -0.006943693 0.999971569 0.002938733 -1.162019730 0.000647934 -0.002934305 0.999995530 42.267856598
0.999976635 0.006766761 -0.000994893 0.928609431 -0.006763158 0.999970675 0.003580904 -1.184940934 0.001019095 -0.003574091 0.999993145 42.805007935
0.999971151 0.007567683 -0.000718372 0.936613023 -0.007565114 0.999965250 0.003513272 -1.197911739 0.000744935 -0.003507735 0.999993622 43.324211121
0.999975204 0.006934191 -0.001218643 0.964746237 -0.006930939 0.999972403 0.002651024 -1.199828625 0.001236992 -0.002642512 0.999995768 43.856006622
0.999976575 0.006554666 -0.001975277 0.976037681 -0.006549518 0.999975145 0.002601972 -1.216075182 0.001992282 -0.002588973 0.999994695 44.388881683
0.999979675 0.006295386 -0.000963935 0.980101347 -0.006292351 0.999975324 0.003120306 -1.228056192 0.000983555 -0.003114177 0.999994636 44.934497833
0.999974549 0.007134371 -0.000150971 0.984302104 -0.007134003 0.999971867 0.002321018 -1.235867381 0.000167526 -0.002319882 0.999997318 45.488136292
0.999972939 0.007370268 0.000139007 0.991431594 -0.007370548 0.999970555 0.002140111 -1.246310830 -0.000123230 -0.002141078 0.999997795 46.031227112
0.999976277 0.006889376 -0.000085813 1.008844256 -0.006889204 0.999974668 0.001865611 -1.260243535 0.000098664 -0.001864976 0.999998212 46.576309204
0.999973893 0.007223118 -0.000193318 1.028958440 -0.007222659 0.999971330 0.002271984 -1.266018033 0.000209723 -0.002270529 0.999997377 47.142021179
0.999978185 0.006572803 -0.000560966 1.040554404 -0.006571583 0.999976099 0.002147010 -1.284806728 0.000575064 -0.002143277 0.999997556 47.690982819
0.999980390 0.006257211 -0.000407015 1.058008194 -0.006256517 0.999979079 0.001681378 -1.299310684 0.000417527 -0.001678799 0.999998450 48.237995148
0.999978244 0.006583240 -0.000301304 1.063966393 -0.006582460 0.999975145 0.002514591 -1.319427967 0.000317850 -0.002512553 0.999996781 48.774005890
0.999976337 0.006879406 -0.000148159 1.073274612 -0.006879035 0.999973476 0.002371890 -1.331625819 0.000164472 -0.002370815 0.999997199 49.327522278
0.999975145 0.006984242 -0.000978442 1.095865369 -0.006981803 0.999972522 0.002473808 -1.343354821 0.000995692 -0.002466915 0.999996483 49.806293488
0.999959350 0.009012582 0.000265107 1.087057471 -0.009013159 0.999956787 0.002264882 -1.357207775 -0.000244683 -0.002267180 0.999997377 50.357479095
0.999956131 0.009365141 0.000189285 1.095322728 -0.009365615 0.999952555 0.002681619 -1.376000881 -0.000164163 -0.002683274 0.999996364 50.895198822
0.999970734 0.007644544 -0.000340028 1.117163420 -0.007643852 0.999968767 0.001995014 -1.383433342 0.000355268 -0.001992356 0.999997973 51.476814270
0.999970794 0.007607109 -0.000721733 1.122893095 -0.007605433 0.999968410 0.002297632 -1.406131864 0.000739189 -0.002292075 0.999997139 52.009319305
0.999971986 0.007477140 -0.000195053 1.145578027 -0.007476797 0.999970615 0.001704331 -1.414493084 0.000207791 -0.001702825 0.999998510 52.604206085
0.999974728 0.007099768 -0.000363120 1.157958388 -0.007099042 0.999972820 0.001963346 -1.426117897 0.000377049 -0.001960718 0.999998033 53.152442932
0.999970019 0.007736789 -0.000131969 1.170490026 -0.007736532 0.999968290 0.001841367 -1.442647219 0.000146210 -0.001840291 0.999998271 53.708248138
0.999967992 0.007995225 -0.000202790 1.180330753 -0.007995022 0.999967575 0.000988160 -1.449629188 0.000210684 -0.000986507 0.999999464 54.259483337
0.999968350 0.007937664 0.000394136 1.183325887 -0.007938296 0.999967158 0.001624495 -1.471759796 -0.000381229 -0.001627573 0.999998629 54.799674988
0.999971449 0.007557024 -0.000300732 1.197575569 -0.007556624 0.999970615 0.001311599 -1.483886600 0.000310635 -0.001309289 0.999999166 55.349288940
0.999972284 0.007446453 -0.000042005 1.218850136 -0.007446398 0.999971569 0.001179948 -1.493856192 0.000050790 -0.001179602 0.999999285 55.883625031
0.999970675 0.007660887 -0.000020507 1.224398851 -0.007660850 0.999969542 0.001479267 -1.508511662 0.000031838 -0.001479066 0.999998927 56.435218811
0.999970913 0.007601934 0.000456407 1.241395473 -0.007602460 0.999970436 0.001162075 -1.524448872 -0.000447559 -0.001165511 0.999999166 56.969642639
0.999965906 0.008214670 0.000850732 1.246492147 -0.008215372 0.999965906 0.000824298 -1.531697392 -0.000843932 -0.000831259 0.999999285 57.525901794
0.999968529 0.007906289 0.000633325 1.261170387 -0.007906935 0.999968171 0.001023360 -1.551828504 -0.000625214 -0.001028336 0.999999225 58.071128845
0.999967635 0.008009407 0.000721977 1.272918582 -0.008009797 0.999967754 0.000540112 -1.565303445 -0.000717628 -0.000545877 0.999999583 58.630592346
0.999966800 0.008007726 0.001496818 1.281088352 -0.008009642 0.999967098 0.001278171 -1.566473007 -0.001486534 -0.001290118 0.999998093 59.196643829
0.999969542 0.007750959 0.000925333 1.292731524 -0.007751317 0.999970019 0.000386257 -1.596751451 -0.000922312 -0.000393418 0.999999523 59.706150055
0.999967515 0.007987389 0.001015358 1.303608656 -0.007987630 0.999968052 0.000232965 -1.605852962 -0.001013464 -0.000241068 0.999999464 60.256420135
0.999971330 0.007519546 0.000859566 1.315222502 -0.007520006 0.999971628 0.000532306 -1.618324399 -0.000855539 -0.000538755 0.999999464 60.814044952
0.999958575 0.008953876 0.001630386 1.327418923 -0.008953712 0.999959886 -0.000108073 -1.628334165 -0.001631289 0.000093470 0.999998689 61.372112274
0.999960601 0.008650259 0.001982866 1.341720462 -0.008650597 0.999962568 0.000162199 -1.641643643 -0.001981389 -0.000179346 0.999997973 61.919818878
0.999964297 0.008290758 0.001643286 1.354825020 -0.008290413 0.999965608 -0.000217052 -1.658670306 -0.001645029 0.000203421 0.999998629 62.463119507
0.999959290 0.008719150 0.002325260 1.359909296 -0.008717990 0.999961853 -0.000508137 -1.671853065 -0.002329601 0.000487845 0.999997199 63.014461517
0.999951005 0.009638638 0.002217132 1.381417274 -0.009638501 0.999953508 -0.000072550 -1.689122200 -0.002217728 0.000051176 0.999997556 63.557159424
0.999951839 0.009393022 0.002838452 1.386084199 -0.009393249 0.999955893 0.000066172 -1.705054641 -0.002837705 -0.000092831 0.999995947 64.126609802
0.999955714 0.009140993 0.002233251 1.415561676 -0.009139924 0.999958098 -0.000488145 -1.724805713 -0.002237619 0.000467712 0.999997377 64.647697449
0.999951720 0.009519999 0.002443220 1.422466278 -0.009517934 0.999954343 -0.000855430 -1.736200809 -0.002451253 0.000832134 0.999996662 65.201049805
0.999954104 0.009159773 0.002810481 1.435896754 -0.009156582 0.999957442 -0.001146549 -1.750118494 -0.002820864 0.001120762 0.999995410 65.743095398
0.999952197 0.009334608 0.002895410 1.445680141 -0.009330424 0.999955356 -0.001454818 -1.763785243 -0.002908861 0.001427733 0.999994814 66.282989502
0.999946892 0.009699898 0.003459345 1.449422359 -0.009696861 0.999952614 -0.000893764 -1.779755354 -0.003467850 0.000860172 0.999993563 66.824584961
0.999940574 0.009957775 0.004446007 1.456165075 -0.009954895 0.999950349 -0.000669169 -1.801985621 -0.004452449 0.000624869 0.999989867 67.366912842
0.999950886 0.009387676 0.003174247 1.487732530 -0.009383446 0.999954998 -0.001345780 -1.810057282 -0.003186738 0.001315929 0.999993980 67.932136536
0.999949217 0.009731528 0.002614808 1.500111818 -0.009727862 0.999951601 -0.001412268 -1.826208711 -0.002628425 0.001386759 0.999995530 68.473991394
0.999942958 0.010176416 0.003236137 1.515226245 -0.010173026 0.999947667 -0.001061861 -1.846270561 -0.003246773 0.001028879 0.999994159 68.933067322
0.999939561 0.010416583 0.003511625 1.515932798 -0.010413848 0.999945581 -0.000796112 -1.859739065 -0.003519726 0.000759494 0.999993503 69.452888489
0.999938607 0.010652297 0.003046511 1.535063386 -0.010649168 0.999942899 -0.001040970 -1.879504681 -0.003057425 0.001008463 0.999994814 69.963447571
0.999936938 0.010699928 0.003391651 1.542892098 -0.010696403 0.999942243 -0.001055070 -1.894778371 -0.003402743 0.001018725 0.999993742 70.521286011
0.999951303 0.009498524 0.002675673 1.562295556 -0.009495881 0.999954343 -0.000998672 -1.906953931 -0.002685037 0.000973216 0.999995887 70.995208740
0.999946177 0.009890459 0.003124433 1.561519265 -0.009886315 0.999950230 -0.001338941 -1.917803764 -0.003137520 0.001307980 0.999994218 71.520034790
0.999954700 0.009175171 0.002505093 1.580889463 -0.009172113 0.999957144 -0.001229628 -1.931171417 -0.002516268 0.001206596 0.999996126 72.027809143
0.999948382 0.009830914 0.002573637 1.587761164 -0.009827357 0.999950767 -0.001391288 -1.945869565 -0.002587188 0.001365924 0.999995708 72.531333923
0.999953687 0.009380213 0.002156290 1.606992722 -0.009378208 0.999955535 -0.000937698 -1.962308645 -0.002164990 0.000917432 0.999997258 73.056358337
0.999951541 0.009596687 0.002201290 1.610358596 -0.009595466 0.999953806 -0.000565308 -1.982292533 -0.002206613 0.000544158 0.999997437 73.577133179
0.999952316 0.009240373 0.003167122 1.608136058 -0.009236145 0.999956369 -0.001346796 -1.996245980 -0.003179429 0.001317480 0.999994099 74.093147278
0.999951780 0.009357594 0.002993213 1.622394204 -0.009354326 0.999955595 -0.001104287 -2.008596897 -0.003003414 0.001076235 0.999994934 74.640876770
0.999945283 0.009881637 0.003432172 1.614508033 -0.009877244 0.999950349 -0.001294315 -2.020591497 -0.003444792 0.001260343 0.999993265 75.136444092
0.999942958 0.010145897 0.003333675 1.623938322 -0.010139713 0.999946833 -0.001866462 -2.036934853 -0.003352435 0.001832553 0.999992728 75.661804199
0.999935508 0.010888879 0.003224162 1.633262753 -0.010884080 0.999939620 -0.001502263 -2.054456472 -0.003240326 0.001467074 0.999993622 76.212059021
0.999936998 0.010665457 0.003534919 1.642749190 -0.010660991 0.999942303 -0.001279703 -2.077726841 -0.003548365 0.001241937 0.999992847 76.733909607
0.999939501 0.010514532 0.003228408 1.655259371 -0.010509570 0.999943495 -0.001549653 -2.092547178 -0.003244520 0.001515630 0.999993503 77.276489258
0.999934733 0.010766777 0.003801837 1.661813498 -0.010761539 0.999941111 -0.001395789 -2.112888813 -0.003816641 0.001354784 0.999991775 77.769958496
0.999942124 0.010141093 0.003570374 1.681362391 -0.010135304 0.999947429 -0.001635953 -2.125701427 -0.003586776 0.001599671 0.999992311 78.309921265
0.999929667 0.011176428 0.003950947 1.689359903 -0.011168893 0.999935627 -0.001923504 -2.140040159 -0.003972190 0.001879242 0.999990344 78.865707397
0.999936938 0.010588415 0.003738636 1.703231096 -0.010580981 0.999942005 -0.002003070 -2.155500889 -0.003759629 0.001963385 0.999991000 79.404640198
0.999920845 0.011657570 0.004743934 1.711058736 -0.011646049 0.999929070 -0.002449018 -2.171950817 -0.004772148 0.002393576 0.999985754 79.946823120
0.999935627 0.010269083 0.004830095 1.734062791 -0.010259624 0.999945402 -0.001978733 -2.191261053 -0.004850152 0.001929051 0.999986291 80.482048035
0.999911547 0.011242626 0.007106724 1.734992385 -0.011224167 0.999933541 -0.002631827 -2.207749128 -0.007135840 0.002551827 0.999971330 81.048362732
0.999921620 0.010412189 0.006942218 1.767584801 -0.010394704 0.999942660 -0.002550072 -2.221407652 -0.006968372 0.002477710 0.999972582 81.560646057
0.999899209 0.011263249 0.008642745 1.763511419 -0.011244049 0.999934256 -0.002266795 -2.241238594 -0.008667707 0.002169388 0.999960005 82.125350952
0.999863505 0.011494556 0.011867031 1.798875690 -0.011464175 0.999930859 -0.002624821 -2.255384922 -0.011896382 0.002488417 0.999926090 82.676628113
0.999824584 0.010796209 0.015305204 1.832281709 -0.010756044 0.999938428 -0.002704270 -2.266335011 -0.015333460 0.002539172 0.999879181 83.250587463
0.999773920 0.010499037 0.018488783 1.854015827 -0.010457790 0.999942541 -0.002326163 -2.291031837 -0.018512145 0.002132286 0.999826372 83.746047974
0.999691129 0.010170865 0.022675239 1.883435249 -0.010117213 0.999945760 -0.002479615 -2.306047916 -0.022699228 0.002249439 0.999739826 84.298599243
0.999539316 0.010256743 0.028564736 1.913271666 -0.010188391 0.999944866 -0.002537359 -2.322677374 -0.028589187 0.002245162 0.999588728 84.843574524
0.999350250 0.010342929 0.034524456 1.948046446 -0.010251862 0.999943435 -0.002813715 -2.337857246 -0.034551598 0.002457947 0.999399841 85.380287170
0.999132812 0.009854636 0.040454105 1.987413526 -0.009750875 0.999948561 -0.002761401 -2.354964256 -0.040479247 0.002364543 0.999177516 85.930870056
0.998760343 0.010054071 0.048750859 2.026579380 -0.009923643 0.999946535 -0.002916669 -2.370022535 -0.048777580 0.002429267 0.998806715 86.493476868
0.998322606 0.009726024 0.057073228 2.079600096 -0.009548469 0.999948680 -0.003382913 -2.388146639 -0.057103198 0.002832276 0.998364210 87.042457581
0.997910738 0.008956879 0.063984141 2.137506008 -0.008759649 0.999955952 -0.003362379 -2.403736591 -0.064011440 0.002794875 0.997945309 87.588836670
0.997275412 0.009227761 0.073188417 2.188493729 -0.009008556 0.999953866 -0.003324635 -2.427534342 -0.073215701 0.002656256 0.997312605 88.140769958
0.996505737 0.008734313 0.083066113 2.256063461 -0.008437245 0.999956667 -0.003926666 -2.439333916 -0.083096817 0.003212098 0.996536314 88.705924988
0.995758593 0.009143995 0.091549419 2.324218750 -0.008827397 0.999953508 -0.003862565 -2.452478886 -0.091580495 0.003038039 0.995793045 89.259651184
0.995049894 0.008306329 0.099028729 2.400567532 -0.007914705 0.999959171 -0.004346869 -2.471430302 -0.099060804 0.003541569 0.995075047 89.838462830
0.993957758 0.008364274 0.109444872 2.481613636 -0.007929597 0.999958873 -0.004406287 -2.487326622 -0.109477215 0.003511810 0.993983150 90.376678467
0.992812037 0.007874195 0.119424604 2.586998940 -0.007423296 0.999963522 -0.004219997 -2.510650396 -0.119453475 0.003303139 0.992834330 90.951820374
0.991634130 0.007529952 0.128860816 2.679581642 -0.007014911 0.999965489 -0.004450277 -2.525675058 -0.128889874 0.003509099 0.991652727 91.508453369
0.990009546 0.007414013 0.140805811 2.772792816 -0.006878914 0.999967158 -0.004286608 -2.543241501 -0.140832931 0.003275192 0.990027964 92.044082642
0.988255620 0.006943102 0.152651817 2.904361725 -0.006332163 0.999969900 -0.004487975 -2.564799070 -0.152678370 0.003468650 0.988269866 92.595046997
0.986561000 0.006157244 0.163277104 3.019178391 -0.005430765 0.999973297 -0.004895346 -2.579378843 -0.163302854 0.003942838 0.986568153 93.126457214
0.984716356 0.006881871 0.174029276 3.142663002 -0.006153494 0.999969900 -0.004724598 -2.604223967 -0.174056515 0.003581502 0.984729290 93.756301880
0.982294261 0.007130071 0.187208921 3.264336586 -0.006338760 0.999968290 -0.004825174 -2.622070789 -0.187237337 0.003553069 0.982308328 94.295509338
0.979977667 0.005552315 0.199029773 3.419260025 -0.004646009 0.999976575 -0.005020356 -2.642829180 -0.199052989 0.003995142 0.979980528 94.878364563
0.977906406 0.004835597 0.208986774 3.552782059 -0.003906806 0.999980569 -0.004856831 -2.661208630 -0.209006175 0.003933056 0.977906406 95.406463623
0.975037396 0.005178644 0.221980289 3.700023651 -0.004207481 0.999979377 -0.004847679 -2.681162834 -0.222000793 0.003792691 0.975039184 95.934387207
0.971783817 0.003357174 0.235849455 3.841901779 -0.002092786 0.999982178 -0.005611116 -2.692702293 -0.235864088 0.004959210 0.971773326 96.526481628
0.969221473 0.002204019 0.246180519 4.008348465 -0.000784470 0.999982476 -0.005864216 -2.702909470 -0.246189132 0.005490602 0.969206274 97.044937134
0.966226816 0.003597080 0.257667810 4.172574997 -0.002385962 0.999984503 -0.005012826 -2.735111237 -0.257681876 0.004228741 0.966220498 97.540710449
0.962685883 0.003334981 0.270600498 4.349861145 -0.002101991 0.999985993 -0.004846173 -2.756890297 -0.270612895 0.004096543 0.962679505 98.057182312
0.959045529 0.003304384 0.283233076 4.524671555 -0.001882679 0.999984205 -0.005291600 -2.771545887 -0.283246070 0.004541649 0.959036529 98.580444336
0.955636859 0.002426554 0.294537574 4.713750839 -0.000983533 0.999986768 -0.005047304 -2.790449858 -0.294545978 0.004533702 0.955626607 99.096763611
0.951188803 0.002162903 0.308601856 4.900743484 -0.000623075 0.999986827 -0.005088151 -2.811305285 -0.308608770 0.004647510 0.951177716 99.620063782
0.946680546 0.001428827 0.322170585 5.110240936 0.000452723 0.999983311 -0.005765228 -2.823900700 -0.322173417 0.005603684 0.946664214 100.140419006
0.942578495 0.002003741 0.333978593 5.308275223 -0.000086223 0.999983430 -0.005756165 -2.837123632 -0.333984554 0.005396841 0.942563176 100.642745972
0.937935889 0.001666487 0.346805006 5.523427963 0.000069870 0.999987543 -0.004994162 -2.871198654 -0.346809030 0.004708435 0.937924027 101.130447388
0.932946682 0.000017543 0.360014558 5.752620697 0.002048132 0.999983609 -0.005356287 -2.872639894 -0.360008717 0.005734487 0.932931364 101.614402771
0.927816689 -0.000086826 0.373036504 5.949752808 0.002191055 0.999983966 -0.005216845 -2.891105413 -0.373030066 0.005657619 0.927802026 102.072166443
0.923102677 -0.000461489 0.384553134 6.176300049 0.002853053 0.999979913 -0.005648586 -2.906026840 -0.384542823 0.006311374 0.923085570 102.567207336
0.917110980 -0.000991963 0.398630738 6.417278290 0.003248085 0.999982297 -0.004984335 -2.925189972 -0.398618698 0.005865975 0.917097986 103.049484253
0.911206424 -0.000699486 0.411949486 6.665725708 0.002933043 0.999984205 -0.004789744 -2.941013575 -0.411939561 0.005572710 0.911194146 103.547996521
0.906297922 -0.001291754 0.422637433 6.909366608 0.003768765 0.999980271 -0.005025335 -2.965467453 -0.422622621 0.006147272 0.906284869 104.003028870
0.900421321 -0.001580211 0.435016006 7.166545868 0.003943522 0.999981940 -0.004530059 -2.981891870 -0.435000956 0.005794458 0.900411308 104.495712280
0.893864214 -0.001895441 0.448333621 7.434825897 0.004490027 0.999978781 -0.004724326 -2.995135546 -0.448315173 0.006235937 0.893853784 104.984939575
0.887833416 -0.001653016 0.460162193 7.707744598 0.004302491 0.999979556 -0.004709018 -3.013714075 -0.460145056 0.006160667 0.887822390 105.463294983
0.881879866 -0.002276284 0.471468598 7.976131439 0.004599869 0.999982297 -0.003776049 -3.045868397 -0.471451640 0.005498716 0.881874740 105.898551941
0.874347627 -0.002398269 0.485294223 8.265056610 0.004772451 0.999981880 -0.003656659 -3.060078859 -0.485276699 0.005513234 0.874343276 106.385551453
0.867055476 -0.002867873 0.498203188 8.551193237 0.005387674 0.999978900 -0.003620210 -3.078804493 -0.498182356 0.005823079 0.867052794 106.841125488
0.861003757 -0.003484467 0.508586705 8.857028961 0.006311435 0.999972761 -0.003833754 -3.087842226 -0.508559525 0.006510790 0.861002266 107.303314209
