1.000000000 0.000000000 0.000000000 0.000000000 0.000000000 1.000000000 0.000000000 0.000000000 0.000000000 0.000000000 1.000000000 0.000000000
1.000000000 0.000078420 0.000108657 -0.000616951 -0.000078420 1.000000000 0.000003101 -0.001029048 -0.000108657 -0.000003109 1.000000000 0.000387255
1.000000000 0.000060563 0.000035864 0.004230930 -0.000060565 1.000000000 0.000061619 0.000026770 -0.000035860 -0.000061621 1.000000000 -0.004743550
1.000000000 0.000033497 0.000004410 0.000212910 -0.000033497 1.000000000 -0.000090767 0.002648923 -0.000004413 0.000090767 1.000000000 0.002632492
1.000000000 0.000007662 0.000145143 -0.002379765 -0.000007656 1.000000000 -0.000039207 0.001859863 -0.000145143 0.000039206 1.000000000 0.000381147
1.000000000 0.000084946 0.000050415 -0.002818750 -0.000084947 1.000000000 0.000008404 0.004947297 -0.000050414 -0.000008409 1.000000000 -0.006689555
1.000000000 -0.000064297 0.000053546 -0.003038805 0.000064291 1.000000000 0.000109373 0.001428184 -0.000053553 -0.000109370 1.000000000 -0.003982583
1.000000000 0.000049017 -0.000043288 0.002817669 -0.000049017 1.000000000 -0.000006258 -0.000911221 0.000043287 0.000006260 1.000000000 -0.008857393
1.000000000 0.000027348 0.000065688 0.000194406 -0.000027347 1.000000000 -0.000015649 -0.000017705 -0.000065689 0.000015647 1.000000000 -0.000953455
1.000000000 0.000098253 0.000134772 -0.003648997 -0.000098249 1.000000000 -0.000028845 0.001542631 -0.000134775 0.000028832 1.000000000 -0.000990375
1.000000000 -0.000193771 0.000035273 -0.000035262 0.000193774 1.000000000 -0.000081768 -0.000661186 -0.000035257 0.000081775 1.000000000 0.002133374
1.000000000 -0.000142999 -0.000019557 -0.000019524 0.000142998 1.000000000 -0.000060176 -0.000636683 0.000019565 0.000060173 1.000000000 -0.002386582
1.000000000 -0.000012128 0.000094866 -0.000110949 0.000012125 1.000000000 0.000026026 0.000187526 -0.000094866 -0.000026025 1.000000000 -0.002653115
0.999999940 -0.000268204 -0.000036979 -0.000869030 0.000268210 0.999999940 0.000144181 0.000925474 0.000036941 -0.000144191 1.000000000 -0.004865197
0.999999940 -0.000393455 -0.000046331 -0.000219924 0.000393458 0.999999940 0.000057187 -0.001393992 0.000046309 -0.000057205 1.000000000 -0.001738871
0.999999940 -0.000269231 -0.000008281 0.000885570 0.000269232 0.999999940 0.000043094 -0.001713166 0.000008269 -0.000043096 1.000000000 -0.002779495
1.000000000 0.000064303 0.000094644 -0.001176315 -0.000064310 1.000000000 0.000079384 -0.000694102 -0.000094639 -0.000079390 1.000000000 -0.008996642
0.999999940 -0.000260195 -0.000038773 0.000913524 0.000260195 0.999999940 -0.000003925 -0.000135655 0.000038774 0.000003915 1.000000000 -0.004459962
1.000000000 -0.000071596 -0.000001347 0.000648828 0.000071596 1.000000000 -0.000075995 -0.000043178 0.000001353 0.000075995 1.000000000 -0.010167284
1.000000000 -0.000133904 0.000015104 0.000892991 0.000133903 1.000000000 0.000019942 -0.001065752 -0.000015106 -0.000019940 1.000000000 -0.009634117
1.000000000 -0.000032936 0.000125557 -0.001544988 0.000032928 1.000000000 0.000068308 -0.002506703 -0.000125560 -0.000068304 1.000000000 -0.005111877
1.000000000 -0.000197773 0.000025439 0.000758783 0.000197772 1.000000000 0.000028203 -0.001638081 -0.000025445 -0.000028198 1.000000000 -0.009834833
0.999999940 -0.000316123 -0.000044230 0.001401716 0.000316130 0.999999940 0.000173364 -0.002337091 0.000044176 -0.000173378 1.000000000 -0.010404850
1.000000000 -0.000044781 -0.000090963 0.006452082 0.000044790 1.000000000 0.000099032 -0.002235565 0.000090958 -0.000099036 1.000000000 -0.011702158
1.000000000 -0.000113104 0.000015758 0.001651682 0.000113103 1.000000000 0.000050465 -0.001098735 -0.000015764 -0.000050464 1.000000000 -0.004557254
1.000000000 0.000092409 0.000183047 -0.005623524 -0.000092391 1.000000000 -0.000098132 0.000338371 -0.000183056 0.000098115 1.000000000 -0.005696794
1.000000000 -0.000030206 0.000143574 -0.006641828 0.000030190 1.000000000 0.000113992 -0.000256869 -0.000143578 -0.000113988 1.000000000 -0.008129380
0.999999940 -0.000355233 -0.000032632 -0.004198109 0.000355237 0.999999940 0.000109436 0.001619178 0.000032593 -0.000109448 1.000000000 -0.008124118
0.999999940 -0.000276862 -0.000030823 -0.001102010 0.000276865 0.999999940 0.000106179 -0.002970398 0.000030794 -0.000106187 1.000000000 -0.003132012
1.000000000 -0.000196492 0.000064713 -0.002456606 0.000196488 1.000000000 0.000053869 0.001623277 -0.000064724 -0.000053857 1.000000000 -0.001485623
0.999999940 -0.000237318 0.000095727 -0.005138179 0.000237301 0.999999940 0.000181488 -0.001173491 -0.000095770 -0.000181466 1.000000000 -0.006657280
0.999999940 -0.000266515 -0.000083783 0.001881996 0.000266520 0.999999940 0.000059061 0.000277464 0.000083767 -0.000059083 1.000000000 -0.003070914
1.000000000 -0.000119195 0.000003227 -0.003428611 0.000119195 1.000000000 -0.000099020 0.000827868 -0.000003215 0.000099020 1.000000000 -0.002303728
1.000000000 -0.000037516 0.000006746 -0.000733453 0.000037517 1.000000000 -0.000106511 0.004919683 -0.000006742 0.000106511 1.000000000 0.000840356
0.999999940 -0.000263880 -0.000033527 -0.003432542 0.000263876 0.999999940 -0.000100993 0.002352579 0.000033554 0.000100984 1.000000000 -0.005477689
0.999999940 -0.000256568 -0.000103568 0.000536024 0.000256564 0.999999940 -0.000035527 -0.000429978 0.000103577 0.000035500 1.000000000 -0.004202781
0.999999940 -0.000253827 -0.000009502 -0.000069699 0.000253828 0.999999940 0.000155853 -0.001468316 0.000009463 -0.000155855 1.000000000 -0.000847682
1.000000000 -0.000048592 0.000040867 -0.002056044 0.000048584 1.000000000 0.000207290 -0.002449449 -0.000040877 -0.000207288 1.000000000 -0.007318086
0.999999881 -0.000420625 -0.000154645 0.001912939 0.000420642 0.999999881 0.000115633 -0.003073228 0.000154596 -0.000115698 1.000000000 -0.000613709
1.000000000 -0.000007181 0.000058177 0.000435019 0.000007217 0.999999821 -0.000623349 -0.004896835 -0.000058173 0.000623349 0.999999821 0.048156910
1.000000000 -0.000051035 -0.000104360 0.005463253 0.000050908 0.999999225 -0.001219944 -0.003671570 0.000104423 0.001219939 0.999999225 0.143496886
0.999999940 -0.000143908 -0.000229887 0.009166132 0.000143619 0.999999225 -0.001258462 -0.013013523 0.000230068 0.001258429 0.999999166 0.261849403
1.000000000 -0.000162700 -0.000055576 0.004972762 0.000162640 0.999999404 -0.001079574 -0.018593054 0.000055752 0.001079565 0.999999404 0.385848999
0.999999940 -0.000022235 -0.000265140 0.011833899 0.000021911 0.999999285 -0.001219920 -0.017217556 0.000265167 0.001219915 0.999999225 0.534954846
0.999999940 0.000331849 0.000211978 0.005618150 -0.000331583 0.999999166 -0.001253537 -0.027343884 -0.000212394 0.001253467 0.999999166 0.686251760
0.999999940 -0.000414002 -0.000045948 0.028930413 0.000413969 0.999999642 -0.000720191 -0.026896996 0.000046247 0.000720172 0.999999762 0.864116788
1.000000000 0.000168675 -0.000103697 0.026150204 -0.000168759 0.999999642 -0.000810030 -0.022940980 0.000103560 0.000810047 0.999999642 1.040071011
0.999999940 -0.000135479 0.000267126 0.016916888 0.000135683 0.999999702 -0.000762593 -0.043621454 -0.000267023 0.000762629 0.999999702 1.232411504
0.999999881 -0.000353628 -0.000406971 0.044861730 0.000353375 0.999999762 -0.000623353 -0.045742787 0.000407191 0.000623209 0.999999702 1.436332107
0.999999821 -0.000238274 -0.000574418 0.047219429 0.000238002 0.999999881 -0.000474170 -0.051105440 0.000574531 0.000474033 0.999999702 1.650247455
0.999999762 -0.000694558 -0.000181483 0.048626125 0.000694550 0.999999762 -0.000044501 -0.062414449 0.000181514 0.000044375 1.000000000 1.827686548
0.999991953 0.001506737 0.003701685 -0.029832279 -0.001510813 0.999998212 0.001098720 -0.085113436 -0.003700023 -0.001104304 0.999992549 1.823549390
0.999991477 0.001579360 0.003801917 -0.025243549 -0.001582715 0.999998331 0.000879564 -0.089884214 -0.003800522 -0.000885573 0.999992371 2.052642345
0.999987781 0.002293435 0.004364834 -0.025963187 -0.002297405 0.999996960 0.000904763 -0.093046024 -0.004362746 -0.000914780 0.999990046 2.257289648
0.999992728 0.001377214 0.003531563 -0.011007060 -0.001381780 0.999998152 0.001290588 -0.109291904 -0.003529779 -0.001295459 0.999992907 2.474457741
0.999991238 0.001674671 0.003831646 -0.008401998 -0.001680455 0.999997437 0.001506893 -0.114739984 -0.003829113 -0.001513319 0.999991477 2.707182169
0.999992609 0.001433477 0.003541474 0.002492575 -0.001438964 0.999997735 0.001547466 -0.121190287 -0.003539248 -0.001552550 0.999992490 2.942622900
0.999992788 0.001141856 0.003621860 0.006387629 -0.001146759 0.999998450 0.001352042 -0.129152566 -0.003620310 -0.001356185 0.999992549 3.174301624
0.999992549 0.001196655 0.003675789 0.014753910 -0.001202307 0.999998152 0.001535660 -0.138668299 -0.003673945 -0.001540068 0.999992132 3.436512470
0.999991953 0.001668524 0.003662293 0.013916073 -0.001674378 0.999997318 0.001596002 -0.141184196 -0.003659620 -0.001602121 0.999992013 3.677971125
0.999990404 0.001537873 0.004102921 0.013640990 -0.001544613 0.999997437 0.001640104 -0.152085289 -0.004100388 -0.001646426 0.999990225 3.941635847
0.999997854 -0.000225925 0.002053933 0.046264302 0.000220613 0.999996603 0.002586170 -0.177538663 -0.002054510 -0.002585711 0.999994576 4.194697857
0.999998391 -0.000258795 0.001775808 0.059959225 0.000254365 0.999996841 0.002494438 -0.181651235 -0.001776448 -0.002493982 0.999995351 4.458408356
0.999997735 -0.000745000 0.001995778 0.066106111 0.000739397 0.999995768 0.002806578 -0.197334528 -0.001997861 -0.002805096 0.999994040 4.728908539
0.999997556 -0.000545431 0.002129655 0.084299117 0.000539831 0.999996364 0.002629255 -0.204011500 -0.002131082 -0.002628099 0.999994278 4.998510838
0.999996841 -0.001251395 0.002176104 0.070488818 0.001244593 0.999994338 0.003124453 -0.207287773 -0.002180002 -0.003121735 0.999992728 5.260104656
0.999997139 -0.001102972 0.002095438 0.066184223 0.001096608 0.999994814 0.003035807 -0.229873121 -0.002098775 -0.003033500 0.999993145 5.521920681
0.999997735 -0.000873847 0.001918097 0.076009594 0.000867741 0.999994576 0.003182052 -0.235290617 -0.001920867 -0.003180381 0.999993145 5.783136845
0.999997199 -0.000445786 0.002336136 0.077642299 0.000437890 0.999994159 0.003379541 -0.246769249 -0.002337629 -0.003378508 0.999991596 6.073202610
0.999996901 -0.000868183 0.002330395 0.088192292 0.000859736 0.999993086 0.003623320 -0.257296771 -0.002333525 -0.003621305 0.999990761 6.347997189
0.999997973 -0.000972238 0.001750433 0.090270765 0.000965248 0.999991596 0.003989703 -0.282940865 -0.001754298 -0.003988005 0.999990523 6.686001778
0.999997079 -0.001073057 0.002118316 0.099188387 0.001064382 0.999991059 0.004091895 -0.286183774 -0.002122688 -0.004089629 0.999989390 6.990410328
0.999997556 -0.000564301 0.002120242 0.105219513 0.000555681 0.999991596 0.004064119 -0.295634598 -0.002122517 -0.004062932 0.999989510 7.284319401
0.999997795 -0.001176441 0.001750684 0.120311134 0.001168863 0.999990046 0.004323571 -0.308367968 -0.001755752 -0.004321514 0.999989212 7.584506512
0.999997914 -0.000757308 0.001915273 0.128457218 0.000748906 0.999990165 0.004383453 -0.314945251 -0.001918574 -0.004382009 0.999988616 7.918169975
0.999997616 -0.000637253 0.002090440 0.113762215 0.000628921 0.999991834 0.003983630 -0.313156933 -0.002092962 -0.003982306 0.999989867 8.227781296
0.999995351 -0.002507808 0.001682515 0.111745216 0.002500420 0.999987245 0.004378566 -0.359483004 -0.001693474 -0.004374339 0.999988973 8.611467361
0.999995589 -0.002137097 0.002023338 0.113053039 0.002127693 0.999987006 0.004638239 -0.368285298 -0.002033224 -0.004633914 0.999987125 8.947903633
0.999996245 -0.001829953 0.002007249 0.127067715 0.001819211 0.999984086 0.005340472 -0.384264380 -0.002016990 -0.005336801 0.999983668 9.269461632
0.999994993 -0.002697633 0.001594123 0.137213245 0.002689810 0.999984443 0.004889000 -0.388963193 -0.001607287 -0.004884689 0.999986708 9.616920471
0.999996305 -0.001626494 0.002139405 0.146500960 0.001615450 0.999985456 0.005153595 -0.391451985 -0.002147756 -0.005150121 0.999984384 9.956664085
0.999995470 -0.002127057 0.002112784 0.163043708 0.002115653 0.999983251 0.005385519 -0.399228930 -0.002124204 -0.005381024 0.999983251 10.284564018
0.999995470 -0.002243858 0.001996375 0.165766314 0.002233420 0.999983966 0.005215404 -0.398427844 -0.002008046 -0.005210922 0.999984384 10.719329834
0.999994755 -0.003087131 0.001000667 0.157478228 0.003081269 0.999978304 0.005808341 -0.453377187 -0.001018576 -0.005805227 0.999982655 11.140181541
0.999995530 -0.002703624 0.001289329 0.160983458 0.002695936 0.999978721 0.005928086 -0.465253443 -0.001305329 -0.005924583 0.999981642 11.527482033
0.999994218 -0.003025835 0.001564868 0.167588040 0.003016753 0.999978721 0.005774183 -0.467295051 -0.001582306 -0.005769428 0.999982178 11.923096657
0.999994695 -0.003171687 0.000789887 0.182121560 0.003166611 0.999974847 0.006346221 -0.481615186 -0.000809995 -0.006343685 0.999979615 12.267101288
0.999996543 -0.001113182 0.002396619 0.177921966 0.001098449 0.999980509 0.006140072 -0.492948234 -0.002403407 -0.006137419 0.999978304 12.645695686
0.999996662 -0.001993103 0.001663206 0.192534551 0.001982755 0.999978840 0.006200272 -0.500037253 -0.001675529 -0.006196953 0.999979436 13.053714752
0.999995112 -0.003010775 0.000840950 0.194381148 0.003005228 0.999974191 0.006521376 -0.527632833 -0.000860562 -0.006518817 0.999978423 13.375026703
0.999988198 -0.004751107 0.001010256 0.204992160 0.004744724 0.999969304 0.006229730 -0.544251144 -0.001039823 -0.006224863 0.999980092 13.907216072
0.999989986 -0.004202297 0.001512533 0.212251514 0.004191990 0.999968410 0.006754095 -0.553842664 -0.001540868 -0.006747687 0.999976099 14.316797256
0.999989748 -0.004080934 0.001952951 0.219244391 0.004067962 0.999969959 0.006600630 -0.568353176 -0.001979829 -0.006592619 0.999976218 14.757996559
0.999983013 -0.005688135 0.001242157 0.231040597 0.005679326 0.999959409 0.006983265 -0.576056838 -0.001281829 -0.006976092 0.999974847 15.153298378
0.999984086 -0.005359892 0.001799915 0.240058810 0.005346702 0.999959350 0.007255131 -0.585588813 -0.001838729 -0.007245391 0.999972045 15.564697266
0.999988258 -0.004296313 0.002262973 0.259391457 0.004279247 0.999962807 0.007493114 -0.591353297 -0.002295081 -0.007483343 0.999969363 16.009592056
0.999986649 -0.004424864 0.002679640 0.240031421 0.004404489 0.999961674 0.007562486 -0.625037014 -0.002713000 -0.007550582 0.999967754 16.433158875
0.999979734 -0.005758783 0.002701181 0.248037472 0.005737355 0.999952555 0.007874708 -0.699928641 -0.002746401 -0.007859052 0.999965310 17.022476196
0.999980986 -0.004963828 0.003678184 0.254127711 0.004936414 0.999960244 0.007424964 -0.706429601 -0.003714894 -0.007406666 0.999965668 17.486179352
0.999983907 -0.004706935 0.003184239 0.270494878 0.004682533 0.999959946 0.007628130 -0.715583324 -0.003220016 -0.007613096 0.999965906 17.952510834
0.999977887 -0.005431385 0.003839948 0.284368634 0.005398915 0.999950051 0.008415920 -0.732835412 -0.003885466 -0.008395003 0.999957263 18.404619217
0.999975443 -0.005821936 0.003915990 0.303930879 0.005786621 0.999943018 0.008969636 -0.749195755 -0.003967988 -0.008946754 0.999952137 18.892200470
0.999974906 -0.006155248 0.003519231 0.325028479 0.006125305 0.999945521 0.008456839 -0.743333936 -0.003571094 -0.008435071 0.999958098 19.362257004
0.999976754 -0.005721136 0.003716400 0.349022985 0.005688963 0.999946833 0.008610571 -0.756580949 -0.003765465 -0.008589229 0.999956071 19.847055435
0.999978125 -0.005404250 0.003813491 0.327167332 0.005370138 0.999945998 0.008899280 -0.795506537 -0.003861379 -0.008878606 0.999953151 20.461317062
0.999976397 -0.005698851 0.003830197 0.333612233 0.005665516 0.999946475 0.008658172 -0.804841101 -0.003879334 -0.008636268 0.999955237 20.955696106
0.999979556 -0.005004602 0.003980791 0.330869675 0.004968007 0.999945879 0.009150318 -0.822463095 -0.004026368 -0.009130354 0.999950230 21.467636108
0.999980032 -0.005545489 0.003006086 0.361707270 0.005516955 0.999940395 0.009418635 -0.843370199 -0.003058138 -0.009401863 0.999951124 22.010805130
0.999977350 -0.005953829 0.003117224 0.341828316 0.005923438 0.999935687 0.009669460 -0.852291822 -0.003174594 -0.009650777 0.999948442 22.486089706
0.999972761 -0.007062708 0.002154126 0.354623258 0.007040576 0.999924064 0.010114259 -0.911721468 -0.002225396 -0.010098818 0.999946535 23.064666748
0.999971211 -0.007447100 0.001398781 0.355455399 0.007433066 0.999924541 0.009783103 -0.919694543 -0.001471531 -0.009772426 0.999951184 23.581529617
0.999978483 -0.006418122 0.001399738 0.363166362 0.006405295 0.999939144 0.008983662 -0.917990863 -0.001457311 -0.008974503 0.999958694 24.136007309
0.999965072 -0.008335590 0.000594029 0.369355708 0.008329817 0.999923587 0.009134544 -0.929234862 -0.000670125 -0.009129277 0.999958158 24.671749115
0.999965489 -0.008301225 -0.000347200 0.386858135 0.008304256 0.999916553 0.009904900 -0.955015898 0.000264948 -0.009907442 0.999950886 25.222196579
0.999967694 -0.007981497 -0.000952979 0.399386853 0.007990233 0.999922574 0.009544144 -0.953349650 0.000876729 -0.009551451 0.999953985 25.767484665
0.999974728 -0.006955829 -0.001457876 0.398501784 0.006971080 0.999918103 0.010731334 -0.966206908 0.001383111 -0.010741225 0.999941349 26.328807831
0.999968648 -0.007802680 -0.001305602 0.401112944 0.007816520 0.999909341 0.010954511 -0.989208102 0.001220010 -0.010964372 0.999939203 26.845085144
0.999961615 -0.008552948 -0.001976185 0.387406051 0.008575603 0.999894261 0.011755055 -1.041271687 0.001875436 -0.011771549 0.999928951 27.517429352
0.999956191 -0.008996161 -0.002595664 0.395399064 0.009026931 0.999886215 0.012096694 -1.057310343 0.002486545 -0.012119595 0.999923468 28.061996460
0.999969602 -0.007346475 -0.002608947 0.388618648 0.007376881 0.999902725 0.011842658 -1.062032700 0.002521691 -0.011861546 0.999926448 28.653820038
0.999967098 -0.007484693 -0.003108185 0.394807875 0.007519704 0.999906659 0.011410417 -1.065147638 0.003022491 -0.011433417 0.999930024 29.213323593
0.999962389 -0.007781688 -0.003827250 0.439077735 0.007829399 0.999889851 0.012613270 -1.086694837 0.003728676 -0.012642761 0.999913096 29.841835022
0.999963641 -0.007658465 -0.003737576 0.411624253 0.007706035 0.999887288 0.012883449 -1.138394237 0.003638487 -0.012911783 0.999909997 30.242259979
0.999964356 -0.007331115 -0.004173680 0.426558793 0.007382251 0.999896228 0.012371446 -1.135848522 0.004082550 -0.012401816 0.999914706 30.798303604
0.999955356 -0.008147027 -0.004785102 0.422572941 0.008203560 0.999895334 0.011915835 -1.147214413 0.004687523 -0.011954558 0.999917507 31.386411667
0.999963880 -0.007404310 -0.004167917 0.411416531 0.007463534 0.999868751 0.014377884 -1.237909436 0.004060911 -0.014408470 0.999887943 31.802923203
0.999969304 -0.006512235 -0.004348720 0.423236549 0.006575248 0.999871314 0.014636620 -1.249751806 0.004252842 -0.014664765 0.999883473 32.341709137
0.999964833 -0.007270220 -0.004165519 0.436589301 0.007331637 0.999861717 0.014923709 -1.265545845 0.004056445 -0.014953724 0.999879956 32.919960022
0.999972463 -0.006320306 -0.003876624 0.423707008 0.006376421 0.999872565 0.014638163 -1.249497175 0.003783613 -0.014662480 0.999885380 33.463634491
0.999974430 -0.005841264 -0.004109933 0.372317195 0.005901068 0.999874651 0.014692696 -1.297496080 0.004023594 -0.014716573 0.999883533 34.044765472
0.999973953 -0.006049462 -0.003943069 0.370578796 0.006105534 0.999878168 0.014366827 -1.301632166 0.003855677 -0.014390525 0.999889016 34.611629486
0.999977708 -0.005333315 -0.004008756 0.386337519 0.005392354 0.999874949 0.014863702 -1.315390348 0.003928982 -0.014884988 0.999881506 35.167911530
0.999971390 -0.006218078 -0.004296321 0.384022832 0.006281011 0.999870837 0.014793428 -1.329199553 0.004203779 -0.014819988 0.999881327 35.703269958
0.999960303 -0.006895585 -0.005665557 0.414945424 0.006984359 0.999850750 0.015801271 -1.369282484 0.005555751 -0.015840212 0.999859095 36.350765228
0.999961197 -0.006918597 -0.005453976 0.409865677 0.007005689 0.999845624 0.016114647 -1.382496834 0.005341644 -0.016152231 0.999855220 36.907211304
0.999969840 -0.005639180 -0.005335084 0.412775457 0.005722055 0.999861181 0.015648577 -1.377802849 0.005246097 -0.015678635 0.999863267 37.458084106
0.999965370 -0.006322114 -0.005418716 0.415247321 0.006411908 0.999839723 0.016716998 -1.393760443 0.005312161 -0.016751163 0.999845564 37.958175659
0.999965370 -0.006446060 -0.005270694 0.426953018 0.006532364 0.999842107 0.016524289 -1.396011829 0.005163345 -0.016558146 0.999849558 38.550060272
0.999968767 -0.005523584 -0.005642496 0.463407218 0.005615155 0.999850631 0.016344070 -1.396844625 0.005551376 -0.016375246 0.999850452 39.158210754
0.999947190 -0.008190935 -0.006202890 0.417720795 0.008298639 0.999811709 0.017541625 -1.474098563 0.006058040 -0.017592177 0.999826849 39.623958588
0.999945998 -0.007950753 -0.006692384 0.440047622 0.008075237 0.999790907 0.018784117 -1.508972168 0.006541638 -0.018837145 0.999801159 40.139949799
0.999938965 -0.008644228 -0.006878296 0.470220089 0.008776763 0.999771714 0.019477442 -1.533400774 0.006708358 -0.019536627 0.999786675 40.714927673
0.999929368 -0.009436432 -0.007220826 0.481692344 0.009573144 0.999770939 0.019138483 -1.535876393 0.007038574 -0.019206261 0.999790728 41.292198181
0.999938965 -0.008454739 -0.007116673 0.468905240 0.008583558 0.999796212 0.018269440 -1.538421631 0.006960760 -0.018329414 0.999807835 41.858776093
0.999940097 -0.008203166 -0.007247866 0.495904326 0.008334885 0.999797165 0.018334324 -1.550297260 0.007095996 -0.018393638 0.999805689 42.405754089
0.999944508 -0.007729574 -0.007153472 0.499525219 0.007857026 0.999807835 0.017963456 -1.548138499 0.007013247 -0.018018667 0.999813080 42.984302521
0.999941230 -0.008060100 -0.007241982 0.500561893 0.008190719 0.999800980 0.018191475 -1.549185991 0.007093915 -0.018249726 0.999808371 43.542224884
0.999933243 -0.008968383 -0.007277205 0.476951003 0.009106089 0.999775946 0.019116033 -1.560040712 0.007104133 -0.019181028 0.999790788 44.081039429
0.999932289 -0.009018334 -0.007351452 0.476447463 0.009164103 0.999757230 0.020042427 -1.569634795 0.007168917 -0.020108439 0.999772131 44.616352081
0.999919474 -0.009887000 -0.007952278 0.491175115 0.010041716 0.999756396 0.019656932 -1.576393366 0.007755994 -0.019735204 0.999775171 45.158382416
0.999929726 -0.009396945 -0.007221135 0.495585293 0.009534974 0.999767780 0.019324016 -1.570425034 0.007037871 -0.019391514 0.999787211 45.714729309
0.999956727 -0.006927199 -0.006200125 0.476313323 0.007043902 0.999794543 0.019002926 -1.600978136 0.006067215 -0.019045776 0.999800205 46.285736084
0.999959648 -0.006740047 -0.005940277 0.477614760 0.006850526 0.999800146 0.018778317 -1.605491638 0.005812523 -0.018818254 0.999806046 46.818466187
0.999957263 -0.006805940 -0.006249952 0.500798345 0.006920488 0.999805093 0.018492782 -1.603133678 0.006122873 -0.018535249 0.999809444 47.403255463
0.999953091 -0.006644598 -0.007049749 0.548930407 0.006775450 0.999802113 0.018702552 -1.600877643 0.006924083 -0.018749440 0.999800265 47.934879303
0.999956310 -0.006640292 -0.006585749 0.523874760 0.006761433 0.999805152 0.018545939 -1.611723661 0.006461315 -0.018589659 0.999806345 48.512046814
0.999953508 -0.006302743 -0.007306279 0.565313876 0.006439782 0.999800861 0.018886963 -1.627849579 0.007185784 -0.018933136 0.999794960 49.070369720
0.999964893 -0.005575036 -0.006245174 0.568758726 0.005697160 0.999789417 0.019711064 -1.650156021 0.006133968 -0.019745952 0.999786198 49.482223511
0.999959469 -0.005696783 -0.006962585 0.589995503 0.005835591 0.999781251 0.020081364 -1.659013391 0.006846664 -0.020121183 0.999774098 50.024093628
0.999956369 -0.006273413 -0.006905897 0.615066946 0.006404100 0.999797642 0.019067580 -1.650451183 0.006784880 -0.019110978 0.999794304 50.595672607
0.999951780 -0.006606118 -0.007263493 0.625154853 0.006743275 0.999796271 0.019023523 -1.655566692 0.007136342 -0.019071586 0.999792576 51.148246765
0.999966562 -0.005241884 -0.006265319 0.606312633 0.005360053 0.999805152 0.018995091 -1.656535745 0.006164529 -0.019028038 0.999799907 51.712612152
0.999972343 -0.005118586 -0.005396206 0.587614536 0.005225905 0.999784887 0.020064941 -1.676813364 0.005292342 -0.020092584 0.999784052 52.253864288
0.999965966 -0.005091572 -0.006488003 0.621768117 0.005218867 0.999791145 0.019756706 -1.680744767 0.006386056 -0.019789893 0.999783754 52.713375092
0.999971449 -0.004689017 -0.005926151 0.628745794 0.004802269 0.999803305 0.019243006 -1.683847547 0.005834755 -0.019270916 0.999797165 53.261676788
0.999967039 -0.005130908 -0.006282255 0.656928182 0.005248229 0.999809384 0.018803088 -1.667409182 0.006184580 -0.018835440 0.999803424 53.801204681
0.999972880 -0.005051011 -0.005360594 0.605508566 0.005155262 0.999794304 0.019615229 -1.704694986 0.005260414 -0.019642333 0.999793172 54.356430054
0.999963582 -0.006321546 -0.005730589 0.573540092 0.006445601 0.999739528 0.021894282 -1.793372750 0.005590692 -0.021930426 0.999743879 54.698280334
0.999967515 -0.005757828 -0.005637892 0.576559305 0.005879191 0.999746144 0.021751795 -1.791654706 0.005511217 -0.021784237 0.999747515 55.238201141
0.999967873 -0.005738929 -0.005584636 0.585384548 0.005854050 0.999766231 0.020820908 -1.789722204 0.005463839 -0.020852935 0.999767601 55.802391052
0.999963105 -0.006465837 -0.005647590 0.608917236 0.006582720 0.999759376 0.020928903 -1.773311257 0.005510907 -0.020965308 0.999765038 56.342342377
0.999968886 -0.005716888 -0.005437376 0.619724870 0.005830400 0.999760568 0.021094901 -1.779605508 0.005315476 -0.021125944 0.999762714 56.860122681
0.999964237 -0.005863283 -0.006091895 0.670466721 0.005989862 0.999762177 0.020972041 -1.804772496 0.005967481 -0.021007786 0.999761462 57.464149475
0.999968052 -0.005701062 -0.005602308 0.617516160 0.005823339 0.999739766 0.022057803 -1.796549320 0.005475096 -0.022089723 0.999741018 57.758682251
0.999971807 -0.005448947 -0.005166041 0.627579272 0.005560387 0.999746799 0.021808721 -1.806277871 0.005045897 -0.021836832 0.999748826 58.325225830
0.999968171 -0.005922628 -0.005348095 0.647161424 0.006029281 0.999778748 0.020151298 -1.785668850 0.005227562 -0.020182902 0.999782681 58.886005402
0.999974072 -0.004937136 -0.005245635 0.643018484 0.005045873 0.999768436 0.020922013 -1.798104405 0.005141125 -0.020947933 0.999767363 59.461238861
0.999966502 -0.005774318 -0.005797119 0.647024751 0.005898381 0.999749005 0.021616982 -1.799436569 0.005670840 -0.021650450 0.999749541 59.911697388
0.999965966 -0.005851505 -0.005817608 0.642490983 0.005974775 0.999753118 0.021402430 -1.811016202 0.005690935 -0.021436460 0.999754012 60.352867126
0.999955654 -0.006521433 -0.006800774 0.663618267 0.006666034 0.999747515 0.021461226 -1.810660362 0.006659099 -0.021505605 0.999746561 60.931133270
0.999961317 -0.006463910 -0.005956759 0.656939328 0.006585595 0.999765337 0.020640051 -1.810082197 0.005821946 -0.020678485 0.999769211 61.439479828
0.999963880 -0.005764650 -0.006242584 0.701671064 0.005895813 0.999757886 0.021200469 -1.825545192 0.006118859 -0.021236507 0.999755740 61.912445068
0.999956667 -0.006237480 -0.006917846 0.698913515 0.006385547 0.999746442 0.021592135 -1.839628816 0.006781411 -0.021635372 0.999742925 62.478523254
0.999967873 -0.005330045 -0.005993169 0.708187819 0.005454168 0.999767005 0.020888926 -1.827513576 0.005880433 -0.020920943 0.999763787 62.983585358
0.999957502 -0.006044708 -0.006961762 0.743556142 0.006189807 0.999759972 0.021012869 -1.801448822 0.006833074 -0.021055065 0.999754965 63.495231628
0.999958575 -0.006182196 -0.006689303 0.747875273 0.006318657 0.999768317 0.020574627 -1.812627673 0.006560558 -0.020616043 0.999765873 64.035064697
0.999963403 -0.005703045 -0.006378445 0.739761591 0.005830310 0.999780595 0.020114914 -1.803432107 0.006262329 -0.020151364 0.999777436 64.571495056
0.999951899 -0.006111108 -0.007678621 0.806553185 0.006267642 0.999769568 0.020529540 -1.810719490 0.007551393 -0.020576676 0.999759793 65.122131348
0.999952197 -0.006118905 -0.007618499 0.828943372 0.006276527 0.999763012 0.020840405 -1.814332008 0.007489173 -0.020887226 0.999753773 65.603706360
0.999948502 -0.006701089 -0.007622307 0.799787283 0.006859904 0.999755859 0.021003690 -1.833747029 0.007479699 -0.021054894 0.999750316 66.097045898
0.999951422 -0.006424519 -0.007481574 0.815957308 0.006581029 0.999755979 0.021086179 -1.847289562 0.007344280 -0.021134390 0.999749660 66.625579834
0.999953330 -0.006350255 -0.007280051 0.813403726 0.006497735 0.999770403 0.020416707 -1.836020350 0.007148728 -0.020463061 0.999764979 67.178375244
0.999957144 -0.006733819 -0.006362322 0.820132673 0.006858422 0.999781013 0.019770158 -1.807893276 0.006227801 -0.019812949 0.999784231 67.734413147
0.999952257 -0.006680085 -0.007130715 0.845859408 0.006820498 0.999779582 0.019852202 -1.819466710 0.006996529 -0.019899890 0.999777436 68.283027649
0.999940991 -0.007183793 -0.008151642 0.851652980 0.007352013 0.999756694 0.020797571 -1.838517904 0.008000256 -0.020856274 0.999750495 68.663398743
0.999953508 -0.006445609 -0.007176729 0.827140927 0.006588987 0.999775529 0.020137146 -1.835342765 0.007045322 -0.020183498 0.999771416 69.218093872
0.999953032 -0.005613513 -0.007901206 0.862218082 0.005770909 0.999782503 0.020040633 -1.849078894 0.007786990 -0.020085290 0.999767900 69.734336853
0.999937475 -0.007423418 -0.008362001 0.870731652 0.007579698 0.999794185 0.018815354 -1.819140792 0.008220606 -0.018877558 0.999787986 70.281250000
0.999933720 -0.007545845 -0.008693628 0.882230520 0.007711770 0.999785662 0.019213215 -1.823991776 0.008546786 -0.019278985 0.999777615 70.793739319
0.999942601 -0.006995050 -0.008113990 0.899138808 0.007159808 0.999765038 0.020457219 -1.855552554 0.007968985 -0.020514138 0.999757826 71.185470581
0.999941587 -0.007218002 -0.008050323 0.920643568 0.007380794 0.999765038 0.020378679 -1.855994701 0.007901340 -0.020436905 0.999759912 71.705612183
0.999927998 -0.008680758 -0.008284467 0.929831147 0.008842465 0.999767065 0.019686483 -1.855924368 0.008111645 -0.019758323 0.999771833 72.233551025
0.999951243 -0.005891430 -0.007927371 0.958554029 0.006052089 0.999773681 0.020397335 -1.886348486 0.007805406 -0.020444319 0.999760509 72.764846802
0.999929726 -0.007474300 -0.009195993 0.997607946 0.007649424 0.999787211 0.019157970 -1.864504457 0.009050842 -0.019226966 0.999774218 73.311103821
0.999922216 -0.008896962 -0.008730841 0.935010552 0.009071568 0.999755442 0.020167056 -1.849870563 0.008549280 -0.020244692 0.999758482 73.748756409
0.999920666 -0.009154835 -0.008637073 0.940229475 0.009327983 0.999751925 0.020224314 -1.856047869 0.008449778 -0.020303277 0.999758124 74.306678772
0.999938071 -0.007877057 -0.007851679 0.938930869 0.008024678 0.999788225 0.018950263 -1.831026077 0.007700744 -0.019012097 0.999789596 74.814529419
0.999938667 -0.007561963 -0.008084754 0.945822179 0.007721765 0.999771655 0.019920848 -1.867692351 0.007932267 -0.019982055 0.999768853 75.322746277
0.999927878 -0.008855440 -0.008126306 0.937982678 0.009017049 0.999757826 0.020070825 -1.860675335 0.007946603 -0.020142650 0.999765456 75.750724792
0.999915898 -0.009680575 -0.008631284 0.946642041 0.009849882 0.999755502 0.019793674 -1.861155033 0.008437561 -0.019877026 0.999766707 76.294982910
0.999907076 -0.010224892 -0.009025598 0.960740030 0.010399077 0.999756455 0.019467870 -1.870082736 0.008824342 -0.019559918 0.999769688 76.792640686
0.999909222 -0.010169336 -0.008836349 0.970479608 0.010342496 0.999751031 0.019776892 -1.874668241 0.008633031 -0.019866491 0.999765396 77.256607056
0.999926865 -0.009161248 -0.007898378 0.930508733 0.009315548 0.999762058 0.019725265 -1.860114098 0.007715789 -0.019797400 0.999774218 77.809196472
0.999916375 -0.009842926 -0.008389269 0.942202687 0.010007656 0.999753356 0.019825356 -1.860889673 0.008192061 -0.019907655 0.999768257 78.351348877
0.999918222 -0.009793677 -0.008224024 0.940788925 0.009950729 0.999764740 0.019278126 -1.861768842 0.008033283 -0.019358383 0.999780357 78.875289917
0.999921739 -0.009681796 -0.007927109 0.946131885 0.009831268 0.999770403 0.019039076 -1.860952735 0.007740956 -0.019115517 0.999787271 79.394645691
0.999943554 -0.008752036 -0.006016969 0.937001467 0.008868361 0.999768853 0.019585721 -1.863463879 0.005844160 -0.019637980 0.999790072 79.836853027
0.999955952 -0.008342972 -0.004302169 0.931884646 0.008424828 0.999776900 0.019373102 -1.875553846 0.004139578 -0.019408492 0.999803126 80.380401611
0.999959409 -0.008341691 -0.003417388 0.949319899 0.008405183 0.999784112 0.019007001 -1.883556008 0.003258100 -0.019034956 0.999813497 80.962493896
0.999966741 -0.007734038 -0.002574790 0.939420223 0.007782186 0.999784529 0.019247821 -1.893518329 0.002425372 -0.019267218 0.999811411 81.484008789
0.999972820 -0.007304861 0.000968805 0.958885550 0.007284271 0.999777794 0.019780081 -1.900353789 -0.001113080 -0.019772485 0.999803841 81.858703613
0.999958754 -0.007824711 0.004610724 0.981689811 0.007732996 0.999778211 0.019584559 -1.889835119 -0.004762946 -0.019548096 0.999797583 82.405860901
0.999946654 -0.007524799 0.007072313 1.016292572 0.007385926 0.999783337 0.019461311 -1.898086071 -0.007217224 -0.019408038 0.999785602 82.930297852
0.999907732 -0.007428605 0.011368403 1.040355563 0.007214261 0.999797583 0.018780723 -1.887946844 -0.011505618 -0.018696977 0.999758959 83.467453003
0.999824107 -0.006130099 0.017722132 1.068615437 0.005774668 0.999782503 0.020037869 -1.929039955 -0.017841112 -0.019932004 0.999642193 83.973655701
0.999695063 -0.007149582 0.023639882 1.049713135 0.006670712 0.999772310 0.020274041 -1.950090170 -0.023779452 -0.020110166 0.999514937 84.437881470
0.999541044 -0.006705441 0.029543336 1.088798761 0.006096407 0.999768138 0.020656999 -1.961562753 -0.029674999 -0.020467412 0.999350011 84.951553345
0.999236226 -0.006363831 0.038555287 1.092867851 0.005598269 0.999785721 0.019931715 -1.939763546 -0.038673867 -0.019700650 0.999057710 85.560615540
0.998902798 -0.006297101 0.046406411 1.169830799 0.005364754 0.999781847 0.020188119 -1.955764771 -0.046523415 -0.019917013 0.998718560 86.050559998
0.998517752 -0.007564878 0.053897306 1.208201408 0.006474959 0.999771535 0.020368151 -1.954134464 -0.054039080 -0.019988980 0.998338699 86.569175720
0.997995913 -0.006977171 0.062892400 1.276814461 0.005737325 0.999786019 0.019872846 -1.964990258 -0.063017592 -0.019472186 0.997822464 87.112846375
0.997408748 -0.007496110 0.071551710 1.387720585 0.006113264 0.999790609 0.019525990 -1.912328482 -0.071683109 -0.019037979 0.997245669 87.612106323
0.996667147 -0.006476788 0.081318118 1.361500263 0.004754138 0.999760687 0.021359855 -2.002305746 -0.081436992 -0.020902071 0.996459246 88.095550537
0.995898128 -0.005807676 0.090295605 1.416025162 0.003928375 0.999772310 0.020976568 -2.009043694 -0.090396859 -0.020535810 0.995694101 88.638496399
0.994918764 -0.006461250 0.100473240 1.508507729 0.004358088 0.999767125 0.021137990 -2.011543036 -0.100586407 -0.020592714 0.994715214 89.171485901
0.993907690 -0.006609576 0.110017970 1.615116119 0.004220365 0.999750495 0.021935290 -2.045401096 -0.110135488 -0.021337332 0.993687570 89.602210999
0.992817998 -0.007508350 0.119398966 1.676806450 0.004920897 0.999746978 0.021950744 -2.048544407 -0.119533554 -0.021205539 0.992603719 90.125045776
0.991464376 -0.007129145 0.130183160 1.795681000 0.004323968 0.999752700 0.021817880 -2.029754639 -0.130306512 -0.021068741 0.991249919 90.775932312
0.989684105 -0.005969007 0.143142253 1.828206062 0.002857899 0.999755442 0.021930128 -2.009521008 -0.143238172 -0.021294817 0.989459097 91.184944153
0.988023520 -0.005912656 0.154189587 1.933895111 0.002579488 0.999758840 0.021808447 -2.014438629 -0.154281348 -0.021149529 0.987800598 91.731719971
0.986509264 -0.006566223 0.163573682 2.051298141 0.003053924 0.999759555 0.021714494 -2.013694763 -0.163676932 -0.020922007 0.986292124 92.276260376
0.984280527 -0.006570613 0.176489636 2.166651726 0.002911684 0.999775648 0.020982666 -2.007721424 -0.176587880 -0.020138951 0.984078765 92.835327148
0.982019722 -0.006029616 0.188681960 2.293303490 0.002050329 0.999771535 0.021277994 -2.014394045 -0.188767135 -0.020508552 0.981807709 93.402885437
0.980030060 -0.007251495 0.198716566 2.466912270 0.003182010 0.999778867 0.020790545 -2.014209747 -0.198823363 -0.019743046 0.979836404 93.944671631
0.977119386 -0.006181733 0.212601587 2.496219635 0.001514941 0.999754608 0.022106765 -2.004998446 -0.212686107 -0.021278879 0.976888835 94.245498657
0.974026084 -0.005999752 0.226356030 2.642080307 0.000980067 0.999751329 0.022281922 -2.006859541 -0.226433441 -0.021481331 0.973789811 94.766242981
0.971255243 -0.007151685 0.237932861 2.796575546 0.001975020 0.999756336 0.021988107 -2.006298304 -0.238032147 -0.020886142 0.971032679 95.312820435
0.968381763 -0.007588526 0.249357462 2.979442596 0.002300791 0.999766409 0.021490077 -1.988887787 -0.249462277 -0.020236876 0.968173146 95.872161865
0.964595914 -0.007546295 0.263624310 3.143013000 0.001827633 0.999757826 0.021930981 -2.016215324 -0.263725966 -0.020672724 0.964376032 96.384750366
0.960908175 -0.008171328 0.276746571 3.298017502 0.002266577 0.999763131 0.021649478 -2.002156019 -0.276857942 -0.020175897 0.960699022 96.965690613
0.957514524 -0.008549682 0.288258284 3.435274124 0.002254909 0.999751866 0.022162246 -2.008066654 -0.288376242 -0.020570680 0.957296193 97.380935669
0.953177333 -0.008592013 0.302289963 3.622762680 0.001859535 0.999743998 0.022552345 -2.013759851 -0.302406281 -0.020934265 0.952949226 97.916145325
0.948444486 -0.008572854 0.316827178 3.807731628 0.001552262 0.999747813 0.022404822 -2.016280651 -0.316939324 -0.020757938 0.948218584 98.450737000
0.944472134 -0.009083905 0.328465849 4.000814438 0.001920932 0.999753356 0.022125276 -2.019904613 -0.328585833 -0.020265751 0.944256663 98.957466125
0.940010250 -0.008095908 0.341049850 4.200202942 0.000344687 0.999740422 0.022781998 -2.038211823 -0.341145724 -0.021297760 0.939769208 99.482879639
0.934940636 -0.008705654 0.354697198 4.420597076 0.000926561 0.999755502 0.022095587 -2.022674561 -0.354802847 -0.020329420 0.934720099 99.890487671
0.930653751 -0.010746767 0.365743160 4.652101517 0.002794879 0.999748230 0.022264244 -2.011237144 -0.365890354 -0.019698096 0.930449426 100.429824829
0.926105559 -0.010201641 0.377126515 4.885021210 0.002193389 0.999763072 0.021658279 -2.015477419 -0.377258122 -0.019230669 0.925908446 100.937446594
0.920131505 -0.010868047 0.391458541 5.129631042 0.002427162 0.999754012 0.022051025 -2.023857355 -0.391601890 -0.019339712 0.919931471 101.422966003
0.914603889 -0.010797999 0.404206932 5.396526337 0.002204425 0.999761701 0.021719692 -2.037970066 -0.404345095 -0.018973868 0.914409637 101.913948059
0.909767687 -0.012673395 0.414924234 5.581298828 0.004092220 0.999759138 0.021563869 -2.016659260 -0.415097594 -0.017920151 0.909600377 102.359611511
0.903407037 -0.009261397 0.428683996 5.773208618 -0.000101691 0.999762058 0.021813409 -2.002054691 -0.428783953 -0.019749984 0.903191149 102.867706299
0.896931469 -0.009712959 0.442063123 6.041805267 0.000224648 0.999768615 0.021511002 -2.004827976 -0.442169726 -0.019194579 0.896725953 103.347244263
0.891189814 -0.011665145 0.453480303 6.320133209 0.002202991 0.999768794 0.021388283 -2.009601355 -0.453624994 -0.018062009 0.891009688 103.845481873
0.885256946 -0.010900438 0.464974433 6.592021942 0.001108338 0.999771953 0.021327598 -2.011673689 -0.465100825 -0.018365055 0.885067225 104.329330444
0.878042638 -0.011437718 0.478445679 6.852516174 0.001672791 0.999781609 0.020830868 -2.001827717 -0.478579432 -0.017490054 0.877870083 104.781410217
0.871244669 -0.013351973 0.490667313 7.108787537 0.002983894 0.999755502 0.021906912 -2.030407429 -0.490839928 -0.017622182 0.871071577 105.172721863
0.865200520 -0.013874806 0.501233935 7.402362823 0.003270233 0.999751985 0.022029543 -2.027753592 -0.501415253 -0.017420823 0.865031362 105.648704529
