1.000000000 0.000000000 0.000000000 0.000000000 0.000000000 1.000000000 0.000000000 0.000000000 0.000000000 0.000000000 1.000000000 0.000000000
0.999999940 -0.000323705 0.000046599 0.000276993 0.000323704 0.999999940 0.000013066 0.000293108 -0.000046603 -0.000013051 1.000000000 -0.000109394
1.000000000 -0.000117790 0.000143336 -0.000683418 0.000117765 1.000000000 0.000175237 -0.000402327 -0.000143357 -0.000175220 1.000000000 0.000320310
1.000000000 -0.000110885 0.000019184 0.000297424 0.000110883 1.000000000 0.000106454 0.000095958 -0.000019195 -0.000106452 1.000000000 0.000034613
1.000000000 -0.000048325 0.000057491 0.000296135 0.000048321 1.000000000 0.000066378 -0.000853734 -0.000057494 -0.000066375 1.000000000 -0.000691086
0.999999940 -0.000295795 0.000040638 0.000408934 0.000295793 0.999999940 0.000041625 -0.000095084 -0.000040650 -0.000041613 1.000000000 -0.000193225
0.999999881 -0.000431860 0.000068709 0.000935159 0.000431854 0.999999881 0.000083321 -0.000506315 -0.000068744 -0.000083292 1.000000000 0.000235904
0.999999940 -0.000287149 0.000049474 0.001132241 0.000287143 0.999999940 0.000121927 -0.000727757 -0.000049509 -0.000121912 1.000000000 0.000168179
1.000000000 -0.000090023 0.000123516 0.000094456 0.000090023 1.000000000 0.000003688 0.000731302 -0.000123517 -0.000003677 1.000000000 0.000953621
1.000000000 -0.000033620 0.000112841 -0.000161054 0.000033619 1.000000000 0.000011743 -0.000112837 -0.000112842 -0.000011739 1.000000000 -0.000355978
1.000000000 -0.000092281 0.000064113 0.001036765 0.000092279 1.000000000 0.000042448 0.000295966 -0.000064117 -0.000042442 1.000000000 -0.000327321
1.000000000 -0.000032388 -0.000003670 0.000952162 0.000032388 1.000000000 0.000025228 -0.000548522 0.000003669 -0.000025228 1.000000000 -0.001969234
1.000000000 0.000001675 0.000107682 0.000385829 -0.000001673 1.000000000 -0.000017142 0.000593423 -0.000107683 0.000017142 1.000000000 0.000233929
1.000000000 -0.000090823 0.000032374 0.000013599 0.000090820 1.000000000 0.000093818 0.000037051 -0.000032383 -0.000093815 1.000000000 0.000278431
1.000000000 0.000030253 0.000129400 -0.000339689 -0.000030246 1.000000000 -0.000048285 0.000622289 -0.000129402 0.000048281 1.000000000 -0.000505588
1.000000000 -0.000006764 0.000026281 0.000536536 0.000006761 1.000000000 0.000130903 -0.000060558 -0.000026282 -0.000130903 1.000000000 0.000211436
0.999999940 -0.000321768 -0.000000122 0.000589012 0.000321768 0.999999940 0.000179597 -0.001054825 0.000000064 -0.000179597 1.000000000 -0.000673917
1.000000000 -0.000214545 0.000055382 0.000228179 0.000214538 0.999999940 0.000127250 -0.001309107 -0.000055409 -0.000127238 1.000000000 -0.001592725
1.000000000 -0.000007511 0.000146518 -0.000517935 0.000007497 1.000000000 0.000095691 -0.000162796 -0.000146519 -0.000095690 1.000000000 -0.000450152
1.000000000 0.000111547 -0.000030472 0.000559972 -0.000111542 1.000000000 0.000151525 -0.000692149 0.000030489 -0.000151521 1.000000000 -0.000448578
1.000000000 -0.000158482 -0.000075402 0.001339382 0.000158496 1.000000000 0.000176761 -0.000695796 0.000075374 -0.000176773 1.000000000 -0.001333834
1.000000000 -0.000043616 0.000065989 0.000159607 0.000043609 1.000000000 0.000108220 -0.000587501 -0.000065993 -0.000108217 1.000000000 -0.001412236
1.000000000 -0.000077939 0.000040829 0.000079300 0.000077932 1.000000000 0.000173059 -0.000550366 -0.000040842 -0.000173056 1.000000000 -0.000977761
1.000000000 -0.000228098 0.000092911 0.001139458 0.000228100 1.000000000 -0.000026778 0.000769878 -0.000092905 0.000026800 1.000000000 -0.000117748
1.000000000 0.000123679 0.000150022 0.000118638 -0.000123701 1.000000000 0.000145493 -0.000222064 -0.000150004 -0.000145511 1.000000000 0.000678852
1.000000000 -0.000108434 0.000038089 0.001648781 0.000108431 1.000000000 0.000082117 0.000389540 -0.000038098 -0.000082113 1.000000000 -0.001221061
1.000000000 -0.000193711 0.000111963 0.000277652 0.000193706 1.000000000 0.000038421 -0.000412574 -0.000111970 -0.000038399 1.000000000 -0.001490868
0.999999940 -0.000263610 0.000015069 0.000318663 0.000263609 0.999999940 0.000051223 -0.000284400 -0.000015082 -0.000051219 1.000000000 -0.000750702
1.000000000 0.000122480 0.000166182 -0.000901473 -0.000122515 0.999999940 0.000214257 -0.000718409 -0.000166156 -0.000214277 0.999999940 0.000334549
1.000000000 -0.000024246 0.000027138 0.000138926 0.000024243 1.000000000 0.000142974 -0.000346856 -0.000027142 -0.000142974 1.000000000 -0.000514688
0.999999940 -0.000249684 0.000204557 -0.000522191 0.000249679 0.999999940 0.000024190 0.000281538 -0.000204563 -0.000024139 1.000000000 0.000226833
1.000000000 -0.000148274 0.000150257 -0.000371948 0.000148251 1.000000000 0.000149429 -0.000773666 -0.000150279 -0.000149406 1.000000000 -0.001486390
1.000000000 0.000004024 0.000131003 -0.000484506 -0.000004048 1.000000000 0.000183268 -0.001276473 -0.000131002 -0.000183269 1.000000000 -0.000902375
1.000000000 -0.000079109 0.000163562 -0.000187105 0.000079113 1.000000000 -0.000023835 0.000205401 -0.000163560 0.000023848 1.000000000 -0.001190317
1.000000000 -0.000137831 0.000141180 -0.000216991 0.000137825 1.000000000 0.000036729 0.000072239 -0.000141186 -0.000036709 1.000000000 -0.001325193
1.000000000 0.000098833 0.000097607 -0.000253069 -0.000098844 1.000000000 0.000116740 -0.000004260 -0.000097596 -0.000116749 1.000000000 -0.000369649
1.000000000 -0.000124112 0.000155293 0.000194108 0.000124104 1.000000000 0.000050974 0.000167977 -0.000155299 -0.000050955 1.000000000 -0.000644444
1.000000000 -0.000029393 0.000032100 0.000185017 0.000029389 1.000000000 0.000119015 0.000313952 -0.000032103 -0.000119014 1.000000000 -0.000138349
1.000000000 -0.000011235 0.000089587 -0.000146902 0.000011223 1.000000000 0.000136767 -0.000854332 -0.000089589 -0.000136766 1.000000000 -0.001931253
1.000000000 0.000007724 0.000124842 0.000236147 -0.000007739 1.000000000 0.000117948 -0.000372676 -0.000124841 -0.000117949 1.000000000 -0.001871299
0.999999940 -0.000104474 0.000263869 0.000123326 0.000104513 1.000000000 -0.000149285 0.000911444 -0.000263854 0.000149313 0.999999940 0.000952303
1.000000000 -0.000223611 0.000101952 0.002202936 0.000223680 0.999999762 -0.000683660 -0.001384591 -0.000101799 0.000683683 0.999999762 0.050755113
1.000000000 0.000055479 0.000092970 0.003289527 -0.000055316 0.999998450 -0.001759362 0.000966493 -0.000093067 0.001759357 0.999998450 0.137599289
0.999999940 0.000329013 -0.000110570 0.005984915 -0.000329244 0.999997735 -0.002093658 -0.001922013 0.000109881 0.002093694 0.999997735 0.250827610
0.999999940 -0.000268829 0.000027079 0.009062602 0.000268874 0.999998510 -0.001685823 -0.008800685 -0.000026626 0.001685830 0.999998569 0.379615843
0.999999881 -0.000452632 0.000100322 0.011983368 0.000452790 0.999998629 -0.001581118 -0.013874876 -0.000099606 0.001581163 0.999998748 0.514769793
1.000000000 -0.000217983 0.000059156 0.013968935 0.000218073 0.999998868 -0.001521667 -0.019507777 -0.000058824 0.001521680 0.999998868 0.662332356
1.000000000 -0.000113870 0.000184957 0.019031998 0.000114124 0.999999046 -0.001373405 -0.022117551 -0.000184801 0.001373426 0.999999046 0.830703676
0.999998212 0.001867639 0.000130142 0.018446848 -0.001867380 0.999996245 -0.001963372 -0.026268944 -0.000133809 0.001963125 0.999998093 1.003606558
0.999996662 0.002542642 0.000405528 0.020397976 -0.002541962 0.999995351 -0.001668063 -0.031707454 -0.000409767 0.001667026 0.999998569 1.184781313
0.999997139 0.002418604 0.000189832 0.027757853 -0.002418324 0.999996006 -0.001461976 -0.038516942 -0.000193367 0.001461512 0.999998868 1.362380743
0.999997795 0.002127989 0.000142789 0.027710499 -0.002127728 0.999996066 -0.001801730 -0.038001817 -0.000146623 0.001801422 0.999998391 1.562235355
0.999999344 0.001061541 0.000228353 0.032000873 -0.001061226 0.999998510 -0.001373378 -0.048265081 -0.000229810 0.001373135 0.999999046 1.755421281
0.999999464 0.000972799 -0.000114061 0.036665741 -0.000972934 0.999998808 -0.001196634 -0.053621933 0.000112897 0.001196744 0.999999285 1.955758691
0.999999166 0.001255035 0.000403982 0.040145636 -0.001254563 0.999998629 -0.001166907 -0.063074358 -0.000405446 0.001166399 0.999999225 2.166136742
0.999998510 0.001569642 0.000710677 0.042377133 -0.001568808 0.999998152 -0.001173759 -0.072594926 -0.000712518 0.001172642 0.999999106 2.380989075
0.999998391 0.001719431 0.000561570 0.041203462 -0.001718611 0.999997437 -0.001456921 -0.075545579 -0.000564074 0.001455953 0.999998808 2.601629496
0.999998569 0.001536495 0.000622175 0.047532115 -0.001536069 0.999998510 -0.000683664 -0.084685609 -0.000623225 0.000682707 0.999999642 2.833519936
0.999996603 0.002308115 0.001246741 0.041653853 -0.002306408 0.999996364 -0.001368814 -0.088304967 -0.001249896 0.001365934 0.999998331 3.065118790
0.999998987 0.001179624 0.000741998 0.054995522 -0.001179072 0.999999046 -0.000744428 -0.103372417 -0.000742876 0.000743552 0.999999464 3.317013025
0.999998808 0.001181407 0.000964405 0.061276037 -0.001180588 0.999998987 -0.000849034 -0.107885949 -0.000965407 0.000847895 0.999999225 3.571758747
0.999998987 0.001005551 0.000994761 0.064691059 -0.001004925 0.999999285 -0.000629758 -0.115641743 -0.000995394 0.000628758 0.999999344 3.823009968
0.999999464 0.000895908 0.000369364 0.071236186 -0.000895743 0.999999523 -0.000447292 -0.128193691 -0.000369765 0.000446961 0.999999762 4.087665081
0.999998927 0.001332879 0.000569839 0.075728543 -0.001332976 0.999999166 0.000169548 -0.139337406 -0.000569613 -0.000170307 0.999999821 4.342891216
0.999999046 0.001148450 0.000680806 0.080890067 -0.001148335 0.999999344 -0.000168563 -0.142096117 -0.000680999 0.000167781 0.999999762 4.599049568
0.999999583 0.000518266 0.000828068 0.088787578 -0.000518070 0.999999940 -0.000237569 -0.148455262 -0.000828191 0.000237140 0.999999702 4.863156796
0.999998450 0.001613328 0.000593562 0.093424916 -0.001613363 0.999998689 0.000058484 -0.167102709 -0.000593467 -0.000059442 0.999999821 5.120472431
0.999998808 0.001505989 0.000430914 0.099446185 -0.001506014 0.999998868 0.000058781 -0.173800156 -0.000430825 -0.000059430 0.999999940 5.389255047
0.999998510 0.001589213 0.000658643 0.104555316 -0.001589447 0.999998629 0.000354577 -0.186079815 -0.000658079 -0.000355624 0.999999762 5.642351627
0.999999344 0.000972905 0.000593218 0.109520108 -0.000973257 0.999999285 0.000592109 -0.197950646 -0.000592641 -0.000592686 0.999999642 5.910219669
0.999997973 0.001726555 0.001051004 0.100005031 -0.001725699 0.999998152 -0.000814205 -0.193647385 -0.001052408 0.000812390 0.999999106 6.207870007
0.999997973 0.001684609 0.001123713 0.104127541 -0.001683612 0.999998152 -0.000887024 -0.200849965 -0.001125205 0.000885130 0.999998987 6.493516922
0.999997199 0.002063642 0.001138278 0.108304948 -0.002062463 0.999997318 -0.001035720 -0.208886147 -0.001140412 0.001033369 0.999998748 6.782972336
0.999997973 0.001474685 0.001389476 0.114262998 -0.001473708 0.999998689 -0.000704242 -0.222005919 -0.001390513 0.000702193 0.999998808 7.078876495
0.999997020 0.002276790 0.000848286 0.122873649 -0.002277080 0.999997377 0.000341403 -0.250642836 -0.000847506 -0.000343334 0.999999583 7.373332500
0.999997437 0.001948142 0.001114800 0.123984598 -0.001948322 0.999998033 0.000160365 -0.255975991 -0.001114485 -0.000162537 0.999999344 7.672984600
0.999996960 0.002102105 0.001256969 0.129255354 -0.002102023 0.999997795 -0.000066068 -0.262924761 -0.001257105 0.000063426 0.999999225 7.987957478
0.999997675 0.001786626 0.001135656 0.134195596 -0.001787697 0.999997914 0.000942496 -0.284538269 -0.001133970 -0.000944524 0.999998927 8.303459167
0.999998391 0.001487588 0.001032084 0.147363365 -0.001488175 0.999998689 0.000568211 -0.288929075 -0.001031237 -0.000569746 0.999999285 8.618771553
0.999998271 0.001349655 0.001260983 0.154005051 -0.001350524 0.999998808 0.000688516 -0.297307849 -0.001260053 -0.000690218 0.999998987 8.959645271
0.999998629 0.001071954 0.001271941 0.159463122 -0.001072663 0.999999285 0.000556196 -0.305779099 -0.001271343 -0.000557560 0.999999046 9.297444344
0.999998450 0.001538154 0.000840205 0.167352378 -0.001539061 0.999998212 0.001080225 -0.321072519 -0.000838542 -0.001081517 0.999998987 9.639321327
0.999997914 0.001570142 0.001239987 0.172436297 -0.001571546 0.999998093 0.001132246 -0.334482074 -0.001238207 -0.001134193 0.999998569 9.982480049
0.999998808 0.001278099 0.000820156 0.179478228 -0.001278600 0.999998987 0.000609771 -0.338173926 -0.000819376 -0.000610819 0.999999404 10.336398125
0.999998212 0.001405179 0.001237234 0.186642721 -0.001406456 0.999998450 0.001031764 -0.349533468 -0.001235783 -0.001033502 0.999998689 10.694457054
0.999997258 0.001898296 0.001389046 0.193452522 -0.001900194 0.999997199 0.001366169 -0.360076547 -0.001386448 -0.001368805 0.999998093 11.055187225
0.999998331 0.001130975 0.001444779 0.199401960 -0.001132558 0.999998748 0.001095519 -0.366565377 -0.001443538 -0.001097154 0.999998331 11.429882050
0.999999046 0.001060709 0.000896781 0.216804132 -0.001061822 0.999998689 0.001241835 -0.383706242 -0.000895463 -0.001242786 0.999998808 11.813073158
0.999998927 0.001020594 0.001054061 0.226329416 -0.001021975 0.999998629 0.001311201 -0.398059666 -0.001052721 -0.001312277 0.999998569 12.194611549
0.999998629 0.001160432 0.001231498 0.235613868 -0.001161924 0.999998629 0.001210948 -0.408430696 -0.001230090 -0.001212377 0.999998510 12.588796616
0.999998868 0.001141025 0.000938642 0.240195602 -0.001142468 0.999998152 0.001538230 -0.419601709 -0.000936885 -0.001539301 0.999998331 12.985932350
0.999998569 0.000964178 0.001376705 0.245917782 -0.000965984 0.999998629 0.001311589 -0.431778222 -0.001375439 -0.001312917 0.999998212 13.381488800
0.999998450 0.000869168 0.001532583 0.255218595 -0.000871270 0.999998629 0.001371399 -0.442187816 -0.001531388 -0.001372732 0.999997854 13.792412758
0.999997556 0.001364507 0.001723048 0.262059003 -0.001367007 0.999998033 0.001450199 -0.450802743 -0.001721065 -0.001452551 0.999997377 14.210680962
0.999996603 0.001563782 0.002085877 0.267149359 -0.001565838 0.999998271 0.000984536 -0.460380554 -0.002084334 -0.000987799 0.999997318 14.637897491
0.999997377 0.000953884 0.002126958 0.281902611 -0.000956618 0.999998689 0.001284465 -0.471840739 -0.002125730 -0.001286496 0.999996901 15.061103821
0.999995708 0.001336009 0.002617251 0.291345984 -0.001340145 0.999997854 0.001579322 -0.485781133 -0.002615136 -0.001582823 0.999995291 15.492569923
0.999995172 0.001210017 0.002872220 0.299334019 -0.001213921 0.999998331 0.001358113 -0.497458696 -0.002870572 -0.001361593 0.999994934 15.932850838
0.999994040 0.001106835 0.003277744 0.307819068 -0.001112566 0.999997795 0.001747031 -0.510983050 -0.003275803 -0.001750667 0.999993086 16.373626709
0.999993563 0.000901856 0.003492502 0.320808828 -0.000907709 0.999998212 0.001674738 -0.522801042 -0.003490986 -0.001677897 0.999992490 16.818878174
0.999990284 0.001534433 0.004126070 0.328366041 -0.001541394 0.999997377 0.001684529 -0.538727045 -0.004123475 -0.001690873 0.999990046 17.269821167
0.999987423 0.002179390 0.004519301 0.336430311 -0.002187498 0.999996006 0.001789900 -0.552135944 -0.004515383 -0.001799763 0.999988139 17.728143692
0.999983788 0.002617839 0.005055501 0.344955742 -0.002628565 0.999994397 0.002115956 -0.571378052 -0.005049933 -0.002129210 0.999984920 18.201087952
0.999990225 0.001042063 0.004298523 0.368263274 -0.001050300 0.999997616 0.001914331 -0.577798367 -0.004296518 -0.001918827 0.999988854 18.650663376
0.999991477 0.000977004 0.004027937 0.383075833 -0.000986152 0.999996960 0.002269741 -0.593567193 -0.004025707 -0.002273694 0.999989271 19.121784210
0.999991000 0.000507837 0.004210211 0.398752123 -0.000515497 0.999998212 0.001818487 -0.597730756 -0.004209280 -0.001820641 0.999989450 19.616268158
0.999988377 0.001124791 0.004693339 0.397413671 -0.001135379 0.999996841 0.002253951 -0.620838404 -0.004690788 -0.002259254 0.999986470 20.103227615
0.999987960 0.001482637 0.004679335 0.407697588 -0.001494997 0.999995410 0.002639097 -0.634668231 -0.004675400 -0.002646061 0.999985576 20.601192474
0.999989629 0.001533155 0.004298362 0.420165271 -0.001546295 0.999994159 0.003055328 -0.650408745 -0.004293652 -0.003061942 0.999986112 21.100702286
0.999992609 0.001213496 0.003645159 0.434734702 -0.001222646 0.999996066 0.002508967 -0.664410114 -0.003642100 -0.002513405 0.999990225 21.587759018
0.999993861 0.001163237 0.003306278 0.440268308 -0.001171045 0.999996543 0.002360626 -0.680405796 -0.003303521 -0.002364483 0.999991775 22.101140976
0.999995589 0.001196514 0.002712451 0.454178244 -0.001202629 0.999996662 0.002253994 -0.688483238 -0.002709745 -0.002257246 0.999993801 22.613092422
0.999995887 0.001618764 0.002353552 0.464878559 -0.001623895 0.999996245 0.002179724 -0.709390521 -0.002350015 -0.002183537 0.999994874 23.119947433
0.999998391 0.001174073 0.001425611 0.473967373 -0.001176949 0.999997258 0.002017724 -0.723652959 -0.001423238 -0.002019399 0.999996901 23.657014847
0.999999404 0.000648014 0.000829194 0.481766254 -0.000649503 0.999998152 0.001796527 -0.738383651 -0.000828029 -0.001797064 0.999998033 24.185979843
0.999998748 0.001477577 0.000408051 0.494303286 -0.001478451 0.999996543 0.002150204 -0.747112274 -0.000404873 -0.002150805 0.999997616 24.716669083
0.999998510 0.001719192 -0.000101111 0.501776516 -0.001719012 0.999996960 0.001754039 -0.758214951 0.000104126 -0.001753862 0.999998391 25.247009277
0.999997556 0.002220884 0.000271742 0.501815438 -0.002221383 0.999995828 0.001849933 -0.773870707 -0.000267632 -0.001850532 0.999998212 25.791215897
0.999997973 0.001915840 -0.000554562 0.512458444 -0.001914647 0.999995887 0.002143762 -0.786729276 0.000558667 -0.002142696 0.999997556 26.334024429
0.999997556 0.001013959 -0.001965418 0.533913136 -0.001008575 0.999995768 0.002738447 -0.810802996 0.001968187 -0.002736458 0.999994338 26.886323929
0.999997199 0.000855128 -0.002200300 0.540910125 -0.000848465 0.999995112 0.003027120 -0.824958801 0.002202878 -0.003025244 0.999993026 27.444221497
0.999996603 0.001413352 -0.002178410 0.545539320 -0.001407944 0.999995947 0.002482164 -0.837707043 0.002181909 -0.002479089 0.999994576 28.012834549
0.999995291 0.001279975 -0.002788377 0.556142211 -0.001270739 0.999993622 0.003311449 -0.862846911 0.002792598 -0.003307890 0.999990642 28.507053375
0.999993980 0.001387532 -0.003199631 0.563786983 -0.001378897 0.999995410 0.002699473 -0.873090506 0.003203362 -0.002695045 0.999991238 29.059432983
0.999990821 0.001733392 -0.003914747 0.578423917 -0.001724493 0.999995887 0.002275180 -0.879087389 0.003918675 -0.002268408 0.999989748 29.618001938
0.999990761 0.001929875 -0.003845832 0.580427825 -0.001916250 0.999991894 0.003543463 -0.905527532 0.003852639 -0.003536060 0.999986291 30.117303848
0.999988377 0.002026140 -0.004375718 0.594264627 -0.002012025 0.999992788 0.003227687 -0.918535233 0.004382227 -0.003218845 0.999985218 30.670549393
0.999986768 0.002439735 -0.004539248 0.606308281 -0.002428222 0.999993861 0.002540207 -0.924295306 0.004545418 -0.002529151 0.999986470 31.219900131
0.999987125 0.002245984 -0.004550491 0.604273319 -0.002231869 0.999992728 0.003104548 -0.937248349 0.004557431 -0.003094351 0.999984860 31.753236771
0.999988317 0.001771258 -0.004498300 0.617201984 -0.001756403 0.999993026 0.003304345 -0.964300156 0.004504121 -0.003296406 0.999984443 32.292400360
0.999983013 0.002007045 -0.005462581 0.622453690 -0.001988981 0.999992549 0.003310333 -0.973299444 0.005469185 -0.003299412 0.999979615 32.848114014
0.999985337 0.001688621 -0.005164002 0.629670084 -0.001668101 0.999990642 0.003975352 -0.996576369 0.005170668 -0.003966678 0.999978781 33.371494293
0.999984503 0.001225644 -0.005426599 0.640225053 -0.001206007 0.999992847 0.003620531 -1.009208560 0.005430997 -0.003613931 0.999978721 33.920345306
0.999984145 0.001780620 -0.005339347 0.637998581 -0.001759466 0.999990702 0.003963973 -1.024892211 0.005346355 -0.003954516 0.999977887 34.455348969
0.999981940 0.001886740 -0.005697821 0.653184295 -0.001862598 0.999989271 0.004239519 -1.044289589 0.005705758 -0.004228830 0.999974787 34.995811462
0.999982953 0.001586339 -0.005604783 0.660956860 -0.001563779 0.999990642 0.004027173 -1.057920694 0.005611119 -0.004018340 0.999976218 35.540313721
0.999981403 0.001975847 -0.005774437 0.667789340 -0.001951372 0.999989092 0.004241177 -1.070451617 0.005782755 -0.004229831 0.999974310 36.073806763
0.999976933 0.001383384 -0.006663112 0.676197231 -0.001354565 0.999989688 0.004327902 -1.085941195 0.006669031 -0.004318777 0.999968469 36.618873596
0.999973893 0.001082679 -0.007150408 0.681390226 -0.001054497 0.999991596 0.003943976 -1.094695330 0.007154618 -0.003936334 0.999966681 37.151607513
0.999981582 0.002514858 -0.005528914 0.683391094 -0.002494019 0.999989748 0.003772623 -1.112292767 0.005538344 -0.003758765 0.999977589 37.711704254
0.999980628 0.002309812 -0.005784817 0.691061735 -0.002289407 0.999991119 0.003531555 -1.126378059 0.005792923 -0.003518243 0.999977052 38.249725342
0.999976695 0.002258108 -0.006441943 0.707774997 -0.002229729 0.999987781 0.004409154 -1.141202688 0.006451821 -0.004394687 0.999969542 38.794395447
0.999975979 0.002429758 -0.006478998 0.715141177 -0.002402597 0.999988317 0.004196607 -1.154346347 0.006489119 -0.004180939 0.999970257 39.334503174
0.999976575 0.002206322 -0.006475393 0.722444177 -0.002180264 0.999989510 0.004028474 -1.169897079 0.006484214 -0.004014261 0.999970973 39.884620667
0.999975622 0.003329706 -0.006138718 0.722038090 -0.003303022 0.999985099 0.004351961 -1.178415537 0.006153117 -0.004331579 0.999971688 40.409446716
0.999972641 0.002634377 -0.006908440 0.737215936 -0.002610179 0.999990404 0.003509328 -1.189028978 0.006917620 -0.003491200 0.999969959 40.952472687
0.999974608 0.002443508 -0.006692861 0.740579247 -0.002418419 0.999990046 0.003754131 -1.199111700 0.006701968 -0.003737849 0.999970555 41.509449005
0.999974430 0.002476707 -0.006701836 0.739155293 -0.002452737 0.999990582 0.003582569 -1.218098998 0.006710646 -0.003566040 0.999971092 42.043045044
0.999972820 0.002637655 -0.006880723 0.755356312 -0.002612900 0.999990106 0.003604310 -1.226546049 0.006890163 -0.003586234 0.999969780 42.593261719
0.999975324 0.002741266 -0.006452979 0.757962346 -0.002717440 0.999989450 0.003698208 -1.237087488 0.006463049 -0.003680582 0.999972343 43.149520874
0.999972165 0.002067907 -0.007172925 0.766044736 -0.002035997 0.999988019 0.004453125 -1.268067956 0.007182048 -0.004438397 0.999964356 43.677829742
0.999973953 0.002313817 -0.006836132 0.770094037 -0.002278832 0.999984324 0.005121025 -1.282967925 0.006847874 -0.005105313 0.999963522 44.217094421
0.999971747 0.002235552 -0.007177856 0.779946685 -0.002199928 0.999985218 0.004967036 -1.301036954 0.007188855 -0.004951104 0.999961913 44.749767303
0.999975443 0.001469282 -0.006841416 0.784777224 -0.001436672 0.999987602 0.004769012 -1.306421757 0.006848338 -0.004759067 0.999965250 45.304523468
0.999977827 0.001823671 -0.006388019 0.790287793 -0.001796385 0.999989271 0.004274471 -1.317270279 0.006395746 -0.004262900 0.999970496 45.856166840
0.999978483 0.001195283 -0.006451664 0.799542189 -0.001162834 0.999986768 0.005031059 -1.336775780 0.006457592 -0.005023448 0.999966562 46.376445770
0.999975979 0.003217164 -0.006139704 0.799079299 -0.003184749 0.999980986 0.005282017 -1.363434792 0.006156581 -0.005262337 0.999967217 46.911128998
0.999974728 0.003751671 -0.006041474 0.804684520 -0.003718253 0.999977827 0.005533113 -1.381607533 0.006062099 -0.005510509 0.999966443 47.450191498
0.999973953 0.004166967 -0.005894041 0.811418772 -0.004133311 0.999975145 0.005710784 -1.395607948 0.005917692 -0.005686273 0.999966323 47.994850159
0.999979138 0.001773331 -0.006201288 0.812865138 -0.001732761 0.999977052 0.006541491 -1.418210745 0.006212745 -0.006530609 0.999959350 48.530006409
0.999979198 0.001422792 -0.006277444 0.820253849 -0.001381244 0.999977171 0.006617839 -1.434843659 0.006286716 -0.006609031 0.999958396 49.068572998
0.999982357 0.001223920 -0.005804035 0.829098463 -0.001184384 0.999976039 0.006810407 -1.445400238 0.005812232 -0.006803413 0.999960065 49.618408203
0.999980628 0.002719020 -0.005602904 0.821560264 -0.002686823 0.999979854 0.005745932 -1.449868083 0.005618415 -0.005730767 0.999967813 50.145366669
0.999979019 0.003014351 -0.005733069 0.832333803 -0.002983166 0.999980748 0.005440411 -1.462812185 0.005749358 -0.005423194 0.999968708 50.689327240
0.999982238 0.003670560 -0.004690430 0.831830144 -0.003644120 0.999977469 0.005633197 -1.477203369 0.004711000 -0.005616004 0.999973118 51.242717743
0.999979973 0.002897867 -0.005614289 0.842328548 -0.002864963 0.999978662 0.005859851 -1.492294192 0.005631150 -0.005843649 0.999967039 51.774700165
0.999984920 0.002853244 -0.004689183 0.849849999 -0.002828678 0.999982297 0.005237217 -1.502906799 0.004704043 -0.005223874 0.999975264 52.322818756
0.999983609 0.003568294 -0.004472635 0.842386246 -0.003541668 0.999976039 0.005946886 -1.523448229 0.004493748 -0.005930949 0.999972343 52.835166931
0.999980986 0.003093891 -0.005338656 0.857959032 -0.003062804 0.999978483 0.005821251 -1.532590628 0.005356551 -0.005804790 0.999968827 53.378547668
0.999980867 0.003735573 -0.004930282 0.862099111 -0.003707381 0.999976933 0.005714868 -1.546006083 0.004951516 -0.005696480 0.999971509 53.922721863
0.999983132 0.003365127 -0.004740563 0.868743479 -0.003340760 0.999981225 0.005138772 -1.554493427 0.004757767 -0.005122848 0.999975502 54.462562561
0.999984324 0.002908651 -0.004786779 0.880850971 -0.002881317 0.999979556 0.005707253 -1.575458646 0.004803282 -0.005693371 0.999972284 54.984622955
0.999982536 0.003465777 -0.004780328 0.885192037 -0.003440377 0.999980092 0.005311340 -1.579946041 0.004798640 -0.005294802 0.999974489 55.527034760
0.999984264 0.002850214 -0.004832039 0.887679040 -0.002822206 0.999979258 0.005793139 -1.597548366 0.004848450 -0.005779411 0.999971569 56.069717407
0.999984980 0.003667953 -0.004063123 0.897013247 -0.003643885 0.999975920 0.005915038 -1.614330053 0.004084721 -0.005900144 0.999974251 56.605964661
0.999983907 0.003688615 -0.004314011 0.903013110 -0.003663375 0.999976158 0.005844311 -1.624270558 0.004335466 -0.005828413 0.999973595 57.154834747
0.999985218 0.003469953 -0.004183762 0.908537149 -0.003444668 0.999975860 0.006035836 -1.640744925 0.004204605 -0.006021335 0.999973059 57.696487427
0.999983191 0.003104856 -0.004898311 0.919200122 -0.003077775 0.999980032 0.005526267 -1.644005299 0.004915371 -0.005511099 0.999972761 58.263313293
0.999987721 0.003379291 -0.003611987 0.909356654 -0.003360889 0.999981344 0.005089166 -1.653586626 0.003629118 -0.005076963 0.999980509 58.775615692
0.999989927 0.002585921 -0.003664497 0.919394553 -0.002567472 0.999984086 0.005030334 -1.670924664 0.003677446 -0.005020875 0.999980628 59.316928864
0.999989748 0.002209381 -0.003939391 0.930406988 -0.002188916 0.999984086 0.005192118 -1.686102033 0.003950799 -0.005183442 0.999978721 59.851558685
0.999986172 0.004055506 -0.003340047 0.924273491 -0.004037119 0.999976695 0.005492992 -1.692561507 0.003362247 -0.005479432 0.999979258 60.387416840
0.999983430 0.004174780 -0.003960764 0.944672287 -0.004151808 0.999974608 0.005790352 -1.714223146 0.003984836 -0.005773813 0.999975383 60.940902710
0.999985278 0.004391828 -0.003182822 0.939970315 -0.004373701 0.999974251 0.005679976 -1.723601580 0.003207686 -0.005665972 0.999978721 61.446880341
0.999985337 0.004677245 -0.002719496 0.936315119 -0.004662151 0.999973774 0.005530771 -1.735882401 0.002745294 -0.005518011 0.999980927 61.998756409
0.999987543 0.004522828 -0.002163105 0.944537044 -0.004511155 0.999975383 0.005371413 -1.747762203 0.002187346 -0.005361587 0.999983251 62.545394897
0.999987602 0.004433042 -0.002229456 0.949720860 -0.004421535 0.999976933 0.005140239 -1.753419161 0.002252191 -0.005130318 0.999984264 63.086776733
0.999987662 0.004547136 -0.002071296 0.954303741 -0.004537212 0.999978304 0.004771436 -1.767650127 0.002092948 -0.004761979 0.999986470 63.631267548
0.999988437 0.004328348 -0.002106523 0.965919733 -0.004318375 0.999979556 0.004716093 -1.778831363 0.002126893 -0.004706942 0.999986589 64.171424866
0.999988019 0.004661912 -0.001518510 0.972897172 -0.004655249 0.999979675 0.004361794 -1.784165144 0.001538813 -0.004354673 0.999989271 64.710311890
0.999987543 0.004752256 -0.001607154 0.977719486 -0.004743812 0.999975145 0.005217934 -1.806120634 0.001631912 -0.005210245 0.999985099 65.249572754
0.999988794 0.004502791 -0.001451002 0.980534196 -0.004495306 0.999976814 0.005120695 -1.816417694 0.001474025 -0.005114115 0.999985814 65.784385681
0.999989212 0.004461004 -0.001274504 0.989067852 -0.004454561 0.999977648 0.005014780 -1.826317430 0.001296846 -0.005009049 0.999986589 66.339469910
0.999987662 0.004793243 -0.001238714 0.999149442 -0.004786650 0.999974668 0.005271547 -1.841937304 0.001263951 -0.005265553 0.999985278 66.864967346
0.999989867 0.004411977 -0.000833805 1.002297163 -0.004407817 0.999978185 0.004925244 -1.846501231 0.000855517 -0.004921520 0.999987483 67.416595459
0.999989629 0.004454814 -0.000953808 1.012341976 -0.004450690 0.999980986 0.004283796 -1.859490395 0.000972873 -0.004279507 0.999990344 67.961448669
0.999987483 0.004854483 -0.001195829 1.027328968 -0.004848437 0.999975681 0.005008570 -1.878034115 0.001220114 -0.005002710 0.999986768 68.489303589
0.999987781 0.004714903 -0.001492125 1.035964370 -0.004707603 0.999977052 0.004859786 -1.888610601 0.001515004 -0.004852702 0.999987006 69.028182983
0.999987960 0.004854139 -0.000674086 1.035959363 -0.004851248 0.999979317 0.004226918 -1.893938303 0.000694591 -0.004223597 0.999990821 69.571998596
0.999988794 0.004749477 -0.000277190 1.042014360 -0.004748152 0.999978065 0.004598804 -1.908534288 0.000299026 -0.004597436 0.999989331 70.110542297
0.999989212 0.004630673 -0.000389290 1.054323196 -0.004629041 0.999980867 0.004097830 -1.918333411 0.000408259 -0.004095983 0.999991536 70.646743774
0.999989450 0.004581970 -0.000294937 1.063579202 -0.004580734 0.999981165 0.004064282 -1.931898236 0.000313554 -0.004062888 0.999991715 71.189971924
0.999987364 0.005013896 -0.000004462 1.068836331 -0.005013828 0.999978006 0.004340726 -1.943953872 0.000026226 -0.004340649 0.999990582 71.732673645
0.999989867 0.004396430 -0.000939762 1.089538574 -0.004392396 0.999981344 0.004252107 -1.961002350 0.000958438 -0.004247935 0.999990523 72.273887634
0.999987304 0.005011700 0.000333918 1.089321852 -0.005013201 0.999976575 0.004656840 -1.978259325 -0.000310571 -0.004658455 0.999989092 72.796478271
0.999989390 0.004605615 -0.000138795 1.100994706 -0.004604937 0.999979079 0.004547151 -1.985332966 0.000159734 -0.004546463 0.999989629 73.344474792
0.999988914 0.004670466 0.000502728 1.106984496 -0.004672805 0.999977767 0.004757646 -2.003580809 -0.000480496 -0.004759943 0.999988556 73.870918274
0.999988496 0.004794185 0.000063397 1.119728327 -0.004794444 0.999975681 0.005070252 -2.016373634 -0.000039088 -0.005070498 0.999987125 74.400978088
0.999989927 0.004491448 -0.000039249 1.129455566 -0.004491207 0.999978244 0.004827415 -2.026504517 0.000060931 -0.004827191 0.999988258 74.940429688
0.999992013 0.003999979 -0.000002449 1.145731926 -0.003999928 0.999981761 0.004519197 -2.039132595 0.000020526 -0.004519152 0.999989748 75.469055176
0.999989688 0.004537641 -0.000111693 1.154929042 -0.004537109 0.999980152 0.004377376 -2.049427986 0.000131554 -0.004376824 0.999990404 75.999191284
0.999988079 0.004868948 0.000387942 1.163257957 -0.004870645 0.999978006 0.004499922 -2.064319849 -0.000366024 -0.004501758 0.999989808 76.544853210
0.999992311 0.003931580 0.000212368 1.179091573 -0.003932376 0.999984682 0.003885595 -2.072314262 -0.000197088 -0.003886400 0.999992490 77.091560364
0.999992132 0.003950262 -0.000305356 1.189321518 -0.003948900 0.999982774 0.004341642 -2.088816643 0.000322502 -0.004340402 0.999990523 77.617683411
0.999989271 0.004617232 -0.000079580 1.196028471 -0.004616825 0.999979079 0.004526075 -2.104734421 0.000100476 -0.004525659 0.999989748 78.146476746
0.999989569 0.004565421 0.000057165 1.205856442 -0.004565630 0.999979854 0.004409797 -2.113600254 -0.000037031 -0.004410013 0.999990225 78.690444946
0.999990404 0.004369495 -0.000250439 1.212536573 -0.004368463 0.999982595 0.003984331 -2.119166851 0.000267844 -0.003983198 0.999992073 79.251167297
0.999989927 0.004470393 0.000395631 1.225141764 -0.004471925 0.999982178 0.003957909 -2.139141798 -0.000377931 -0.003959638 0.999992073 79.776451111
0.999989629 0.004389167 0.001236183 1.242018938 -0.004394552 0.999980748 0.004387368 -2.152867794 -0.001216902 -0.004392755 0.999989569 80.314704895
0.999986768 0.004545879 0.002380445 1.251393318 -0.004555844 0.999980748 0.004197706 -2.165172815 -0.002361317 -0.004208496 0.999988317 80.853027344
0.999978960 0.005202311 0.003872050 1.254830241 -0.005218273 0.999977827 0.004123570 -2.179893494 -0.003850511 -0.004143688 0.999984026 81.386116028
0.999967039 0.005964567 0.005499513 1.257064581 -0.005989111 0.999972105 0.004457300 -2.196320534 -0.005472775 -0.004490090 0.999974966 81.921241760
0.999950290 0.004757138 0.008763093 1.287172556 -0.004793582 0.999979913 0.004142556 -2.204440355 -0.008743208 -0.004184357 0.999953032 82.478134155
0.999914706 0.004410081 0.012286398 1.316109180 -0.004465163 0.999980092 0.004459515 -2.221605778 -0.012266487 -0.004513996 0.999914587 83.004013062
0.999861181 0.004704048 0.015978308 1.332617283 -0.004767491 0.999980927 0.003934830 -2.237282038 -0.015959492 -0.004010461 0.999864638 83.547607422
0.999765873 0.005649216 0.020884724 1.350039244 -0.005747358 0.999972641 0.004642225 -2.245856285 -0.020857928 -0.004761172 0.999771118 84.090553284
0.999645770 0.004462980 0.026236072 1.391882181 -0.004583867 0.999979258 0.004549266 -2.258445740 -0.026215222 -0.004667918 0.999645352 84.628273010
0.999447167 0.004208051 0.032979235 1.417271256 -0.004358175 0.999980509 0.004481463 -2.275840282 -0.032959729 -0.004622714 0.999446034 85.181098938
0.999302626 0.004080463 0.037116610 1.465892792 -0.004239066 0.999982238 0.004195399 -2.285418034 -0.037098832 -0.004349812 0.999302149 85.710739136
0.998934209 0.005439968 0.045835510 1.499974489 -0.005634175 0.999975622 0.004108915 -2.297278881 -0.045812048 -0.004362781 0.998940468 86.263793945
0.998546600 0.004196972 0.053731550 1.551439285 -0.004411015 0.999982715 0.003865588 -2.306027651 -0.053714406 -0.004096980 0.998547852 86.827003479
0.998139918 0.004539250 0.060795262 1.595870972 -0.004793555 0.999980330 0.004037769 -2.319300175 -0.060775757 -0.004321684 0.998142064 87.365142822
0.997530401 0.004123005 0.070114851 1.649258137 -0.004425437 0.999981523 0.004158588 -2.329302311 -0.070096433 -0.004458607 0.997530222 87.916786194
0.996793211 0.004679685 0.079883069 1.717961788 -0.005024498 0.999978900 0.004116006 -2.344130993 -0.079862140 -0.004504180 0.996795714 88.454345703
0.996064842 0.003981824 0.088537745 1.782634258 -0.004314167 0.999984264 0.003562655 -2.349368811 -0.088522188 -0.003930603 0.996066451 89.008422852
0.995332599 0.003694497 0.096433066 1.849653244 -0.004031024 0.999986470 0.003295164 -2.362832308 -0.096419588 -0.003668508 0.995334029 89.558776855
0.994146109 0.004631153 0.107943788 1.918328285 -0.005053530 0.999980688 0.003639712 -2.376752377 -0.107924849 -0.004163903 0.994150341 90.091735840
0.992960334 0.003578702 0.118393108 2.015970230 -0.003988495 0.999986827 0.003224542 -2.385813951 -0.118380010 -0.003674053 0.992961586 90.685531616
0.991867065 0.003183034 0.127238438 2.101428032 -0.003608811 0.999988616 0.003115909 -2.399718523 -0.127227053 -0.003549746 0.991867363 91.228965759
0.990369678 0.003456978 0.138405010 2.195931435 -0.003977611 0.999985993 0.003485242 -2.413919926 -0.138391048 -0.004002199 0.990369558 91.781074524
0.988576114 0.003509543 0.150681540 2.298326492 -0.004086384 0.999985456 0.003518748 -2.429461718 -0.150667012 -0.004094292 0.988576114 92.326141357
0.986838281 0.002996501 0.161681950 2.404962540 -0.003647885 0.999986351 0.003732090 -2.445271492 -0.161668554 -0.004272767 0.986835837 92.875984192
0.985114872 0.002885511 0.171873137 2.520112038 -0.003572783 0.999986827 0.003689521 -2.457584620 -0.171860203 -0.004248668 0.985112190 93.417243958
0.982676268 0.003950923 0.185287774 2.634798050 -0.004841418 0.999978900 0.004353808 -2.474538326 -0.185266688 -0.005175440 0.982674658 93.955146790
0.980357707 0.002607291 0.197210565 2.772671700 -0.003381037 0.999987781 0.003586863 -2.480900288 -0.197198823 -0.004183185 0.980354548 94.486900330
0.978116930 0.003136605 0.208032534 2.895696640 -0.003995380 0.999985039 0.003708031 -2.497411728 -0.208017781 -0.004458056 0.978114843 95.019149780
0.975023687 0.003985538 0.222064987 3.023445129 -0.005065220 0.999977946 0.004292703 -2.525048256 -0.222042933 -0.005310294 0.975022435 95.520011902
0.972216129 0.002587101 0.234070495 3.179826736 -0.003645313 0.999984980 0.004088382 -2.523238420 -0.234056398 -0.004828051 0.972211003 96.053581238
0.969364583 0.002142349 0.245616928 3.336589813 -0.003106682 0.999988914 0.003538771 -2.537993193 -0.245606646 -0.004193413 0.969360530 96.599945068
0.966264307 0.001829896 0.257546157 3.483118057 -0.002864346 0.999989271 0.003641442 -2.547790051 -0.257536709 -0.004256297 0.966259122 97.080200195
0.962607503 0.002902535 0.270884365 3.676500320 -0.004132532 0.999983609 0.003970394 -2.571945667 -0.270868391 -0.004941370 0.962603688 97.644157410
0.958883047 0.002827518 0.283787400 3.846330643 -0.004102228 0.999984026 0.003897581 -2.585976124 -0.283771813 -0.004901485 0.958879352 98.170944214
0.955498993 0.003090277 0.294978321 4.026527405 -0.004507560 0.999981284 0.004124878 -2.599522829 -0.294960082 -0.005270950 0.955495059 98.697410583
0.951169193 0.001644228 0.308665574 4.208267212 -0.003118506 0.999985933 0.004283023 -2.614579678 -0.308654189 -0.005036456 0.951160967 99.210273743
0.946911156 0.001034023 0.321493447 4.413354874 -0.002616553 0.999986529 0.004490403 -2.630280018 -0.321484447 -0.005093218 0.946901143 99.721511841
0.942714036 0.000401456 0.333601654 4.609678268 -0.001775719 0.999991119 0.003814558 -2.632874012 -0.333597153 -0.004188420 0.942706525 100.239021301
0.937961221 0.000634542 0.346739650 4.819322586 -0.002125897 0.999989927 0.003920731 -2.645311594 -0.346733689 -0.004414626 0.937953234 100.759452820
0.932708800 -0.000425272 0.360630065 5.046792984 -0.001018851 0.999992192 0.003814323 -2.661116600 -0.360628963 -0.003925081 0.932701051 101.272834778
0.927800894 -0.000177046 0.373075664 5.268873215 -0.001323752 0.999992013 0.003766591 -2.674197435 -0.373073369 -0.003988506 0.927793145 101.772384644
0.923108339 -0.001008944 0.384538889 5.503616333 -0.000300907 0.999994278 0.003346107 -2.684030056 -0.384540141 -0.003204529 0.923102736 102.292564392
0.917121649 -0.001407591 0.398605138 5.743625641 -0.000169771 0.999992311 0.003921880 -2.699033737 -0.398607582 -0.003664513 0.917114258 102.789039612
0.911344349 -0.001691507 0.411641240 5.998008728 0.000276816 0.999993861 0.003496301 -2.709926128 -0.411644727 -0.003072385 0.911339164 103.299926758
0.906413198 -0.002194687 0.422386318 6.254512787 0.000821976 0.999993682 0.003431983 -2.724533796 -0.422391266 -0.002763603 0.906409383 103.781112671
0.900078297 -0.002573556 0.435720593 6.517646790 0.001219155 0.999993503 0.003387960 -2.734697342 -0.435726464 -0.002518218 0.900075614 104.267166138
0.893387258 -0.002580389 0.449280083 6.785598755 0.001089859 0.999992967 0.003576178 -2.751883745 -0.449286103 -0.002705260 0.893383861 104.757118225
0.887265384 -0.003844563 0.461243212 7.048728943 0.002426806 0.999990284 0.003666840 -2.767313719 -0.461252779 -0.002134112 0.887266219 105.219825745
0.881689847 -0.004048019 0.471812040 7.315349579 0.002718115 0.999990165 0.003500218 -2.774483442 -0.471821576 -0.001803667 0.881692171 105.682510376
0.874321043 -0.003831832 0.485332847 7.606037140 0.002282291 0.999990165 0.003783670 -2.788184643 -0.485342622 -0.002200471 0.874321222 106.155899048
