1.000000000 0.000000000 0.000000000 0.000000000 0.000000000 1.000000000 0.000000000 0.000000000 0.000000000 0.000000000 1.000000000 0.000000000
1.000000000 0.000022688 -0.000021277 0.000444024 -0.000022689 1.000000000 -0.000038032 0.000772561 0.000021276 0.000038033 1.000000000 0.000389112
1.000000000 0.000027604 0.000033132 -0.000056429 -0.000027606 1.000000000 0.000036469 0.000067035 -0.000033131 -0.000036470 1.000000000 0.000086181
1.000000000 -0.000132608 0.000062149 -0.000081782 0.000132609 1.000000000 -0.000023533 0.000768631 -0.000062146 0.000023541 1.000000000 0.000177008
1.000000000 -0.000139309 0.000039910 -0.000099527 0.000139307 1.000000000 0.000032629 -0.000131781 -0.000039915 -0.000032623 1.000000000 -0.000531083
1.000000000 0.000034263 0.000115886 -0.000462049 -0.000034260 1.000000000 -0.000025635 0.000818979 -0.000115887 0.000025631 1.000000000 0.000056463
1.000000000 -0.000095737 0.000070598 0.000162351 0.000095737 1.000000000 -0.000001159 0.000480868 -0.000070598 0.000001166 1.000000000 0.000256959
1.000000000 0.000030119 0.000047080 -0.000454222 -0.000030123 1.000000000 0.000085485 -0.000062925 -0.000047078 -0.000085486 1.000000000 -0.000109661
1.000000000 -0.000034968 -0.000002034 -0.000720105 0.000034968 1.000000000 -0.000083498 -0.000085472 0.000002036 0.000083498 1.000000000 -0.001089251
1.000000000 -0.000046214 0.000080987 -0.000088753 0.000046211 1.000000000 0.000040928 -0.000724890 -0.000080988 -0.000040925 1.000000000 -0.000410946
1.000000000 0.000071977 0.000053067 -0.000834888 -0.000071980 1.000000000 0.000056887 -0.000904001 -0.000053063 -0.000056891 1.000000000 -0.000640437
1.000000000 -0.000041219 0.000074257 -0.001116239 0.000041216 1.000000000 0.000035490 -0.000443882 -0.000074258 -0.000035487 1.000000000 -0.001057945
1.000000000 0.000053409 0.000033275 -0.000812227 -0.000053406 1.000000000 -0.000075491 -0.000338751 -0.000033279 0.000075489 1.000000000 -0.001540915
1.000000000 0.000042661 0.000067846 -0.000993591 -0.000042660 1.000000000 -0.000026014 0.000493375 -0.000067847 0.000026011 1.000000000 0.000289528
1.000000000 0.000034687 0.000051664 -0.001029528 -0.000034681 1.000000000 -0.000121960 0.001343730 -0.000051669 0.000121958 1.000000000 0.000973471
1.000000000 0.000002042 -0.000033916 0.000322185 -0.000002045 1.000000000 -0.000082173 0.001308987 0.000033915 0.000082173 1.000000000 0.001318753
1.000000000 0.000099479 0.000112204 -0.001050969 -0.000099461 1.000000000 -0.000160935 0.002330356 -0.000112220 0.000160924 1.000000000 0.002542094
1.000000000 0.000186309 0.000087053 -0.001376956 -0.000186294 0.999999940 -0.000170703 0.001893939 -0.000087085 0.000170687 1.000000000 0.001580143
0.999999940 0.000209099 0.000165375 -0.001566009 -0.000209081 1.000000000 -0.000105889 0.002138241 -0.000165397 0.000105854 1.000000000 0.002442572
1.000000000 0.000124745 0.000160882 -0.001507872 -0.000124728 1.000000000 -0.000102489 0.001032136 -0.000160895 0.000102469 1.000000000 0.001264047
1.000000000 0.000039295 0.000084429 -0.001138673 -0.000039292 1.000000000 -0.000036019 0.000382835 -0.000084430 0.000036015 1.000000000 0.000718044
1.000000000 0.000172120 0.000056296 -0.000832894 -0.000172118 1.000000000 -0.000032678 0.001314796 -0.000056301 0.000032669 1.000000000 0.000932847
1.000000000 0.000092214 0.000007074 -0.000567153 -0.000092213 1.000000000 -0.000078033 0.001344099 -0.000007081 0.000078032 1.000000000 0.002182149
1.000000000 0.000097409 0.000079190 -0.001193575 -0.000097404 1.000000000 -0.000062923 0.001646830 -0.000079196 0.000062915 1.000000000 0.002454421
0.999999940 0.000336129 0.000037767 -0.001103090 -0.000336126 0.999999940 -0.000067384 0.002369544 -0.000037790 0.000067371 1.000000000 0.003688075
0.999999940 0.000238260 0.000106141 -0.001519082 -0.000238253 0.999999940 -0.000065249 0.002204130 -0.000106156 0.000065224 1.000000000 0.001894691
1.000000000 0.000052497 0.000105205 -0.000500696 -0.000052489 1.000000000 -0.000071114 0.002436577 -0.000105209 0.000071109 1.000000000 0.002968488
1.000000000 0.000141945 0.000170704 -0.001772527 -0.000141942 1.000000000 -0.000022029 0.001465588 -0.000170707 0.000022004 1.000000000 0.002297297
1.000000000 0.000151169 0.000064456 -0.001241119 -0.000151164 1.000000000 -0.000082923 0.002302157 -0.000064468 0.000082913 1.000000000 0.002134876
1.000000000 0.000067277 0.000088700 -0.001612601 -0.000067272 1.000000000 -0.000057683 0.001005524 -0.000088704 0.000057677 1.000000000 0.001644795
1.000000000 0.000129295 0.000199117 -0.001886719 -0.000129293 1.000000000 -0.000008292 0.000970717 -0.000199118 0.000008266 1.000000000 0.001920054
1.000000000 0.000082845 0.000191049 -0.001375825 -0.000082833 1.000000000 -0.000062519 0.002146134 -0.000191054 0.000062503 1.000000000 0.003753613
1.000000000 0.000206757 0.000098585 -0.000893251 -0.000206736 0.999999940 -0.000211718 0.003331125 -0.000098628 0.000211698 1.000000000 0.003801472
1.000000000 0.000084422 0.000130123 -0.000838996 -0.000084410 1.000000000 -0.000095042 0.001646959 -0.000130131 0.000095031 1.000000000 0.001878591
0.999999940 0.000230226 0.000187196 -0.002571311 -0.000230195 0.999999940 -0.000163763 0.002159135 -0.000187234 0.000163720 0.999999940 0.002559762
0.999999940 0.000165742 0.000187272 -0.001818104 -0.000165722 1.000000000 -0.000107767 0.001092079 -0.000187289 0.000107736 1.000000000 0.001458092
1.000000000 0.000096503 0.000048063 -0.001994984 -0.000096504 1.000000000 0.000028386 0.000548411 -0.000048061 -0.000028390 1.000000000 0.000434399
1.000000000 0.000147046 0.000090864 -0.001548692 -0.000147043 1.000000000 -0.000035868 0.001971527 -0.000090869 0.000035855 1.000000000 0.002438982
1.000000000 0.000128374 0.000153318 -0.001936168 -0.000128368 1.000000000 -0.000038069 0.001520162 -0.000153323 0.000038049 1.000000000 0.001302146
1.000000000 0.000185901 0.000123404 -0.000875162 -0.000185889 1.000000000 -0.000095870 0.002897571 -0.000123422 0.000095847 1.000000000 0.003219366
1.000000000 0.000004043 0.000063139 0.000315196 -0.000004036 1.000000000 -0.000098462 0.000878590 -0.000063139 0.000098461 1.000000000 0.002603067
0.999999642 0.000766566 -0.000062885 -0.000056265 -0.000766605 0.999999523 -0.000617670 -0.001364895 0.000062411 0.000617718 0.999999821 0.052705802
0.999999702 0.000650389 -0.000024356 0.001536512 -0.000650419 0.999998927 -0.001258409 -0.002258069 0.000023538 0.001258424 0.999999225 0.142442137
0.999999583 0.000836520 0.000361640 0.000618736 -0.000836135 0.999999106 -0.001062981 -0.008880392 -0.000362529 0.001062678 0.999999285 0.258082807
0.999999583 0.000814211 0.000381349 0.003808117 -0.000813814 0.999999106 -0.001038085 -0.011708493 -0.000382194 0.001037774 0.999999344 0.390478015
0.999999583 0.000844166 0.000359832 0.004989290 -0.000843873 0.999999344 -0.000812403 -0.015075379 -0.000360517 0.000812099 0.999999583 0.534684479
0.999999821 0.000534355 0.000288624 0.011678655 -0.000534250 0.999999762 -0.000365599 -0.024404287 -0.000288820 0.000365444 0.999999881 0.688110411
0.999999940 0.000208301 0.000263318 0.017530505 -0.000208247 0.999999940 -0.000205218 -0.028238228 -0.000263360 0.000205163 0.999999940 0.849602103
0.999999762 0.000388657 0.000444473 0.017368104 -0.000388545 0.999999881 -0.000250651 -0.032083157 -0.000444570 0.000250478 0.999999881 1.023810387
0.999999821 0.000512043 0.000345788 0.023051159 -0.000511946 0.999999821 -0.000281410 -0.036445722 -0.000345932 0.000281233 0.999999940 1.198776484
0.999999642 0.000667284 0.000531459 0.024671679 -0.000667401 0.999999762 0.000221494 -0.044335157 -0.000531311 -0.000221848 0.999999821 1.386920333
0.999999702 0.000650441 0.000282194 0.030447436 -0.000650490 0.999999762 0.000173433 -0.046837769 -0.000282081 -0.000173616 0.999999881 1.581127405
0.999999702 0.000541967 0.000538862 0.032022964 -0.000542176 0.999999762 0.000388592 -0.054916210 -0.000538651 -0.000388884 0.999999762 1.782324791
0.999999642 0.000635593 0.000701351 0.033291034 -0.000636040 0.999999583 0.000638172 -0.062000789 -0.000700945 -0.000638618 0.999999464 1.980907440
0.999999702 0.000210842 0.000673323 0.039479692 -0.000211371 0.999999642 0.000784764 -0.070809186 -0.000673158 -0.000784906 0.999999404 2.190475464
0.999999762 0.000385200 0.000602325 0.043316431 -0.000385609 0.999999702 0.000680297 -0.074216470 -0.000602063 -0.000680529 0.999999583 2.409326077
0.999999642 0.000638377 0.000638527 0.047114257 -0.000638790 0.999999583 0.000645785 -0.079759389 -0.000638115 -0.000646192 0.999999583 2.630087614
0.999999762 0.000327768 0.000613511 0.055881083 -0.000328289 0.999999583 0.000849049 -0.087387815 -0.000613232 -0.000849250 0.999999464 2.861783266
0.999999702 0.000377455 0.000682277 0.060269833 -0.000378187 0.999999404 0.001073675 -0.092473030 -0.000681871 -0.001073932 0.999999225 3.108161688
0.999999464 0.000703363 0.000793178 0.063803852 -0.000704133 0.999999285 0.000970049 -0.100373276 -0.000792495 -0.000970607 0.999999225 3.343539476
0.999999642 0.000419067 0.000760433 0.068814091 -0.000419771 0.999999464 0.000926487 -0.106655605 -0.000760045 -0.000926806 0.999999285 3.594946623
0.999999404 0.000748647 0.000842065 0.073740162 -0.000749394 0.999999344 0.000887088 -0.112602182 -0.000841401 -0.000887718 0.999999285 3.857784510
0.999999344 0.000679046 0.000952564 0.076950893 -0.000679684 0.999999464 0.000670042 -0.117407776 -0.000952108 -0.000670689 0.999999344 4.111046791
0.999998868 0.001135517 0.001038749 0.081230186 -0.001136200 0.999999106 0.000657192 -0.122198060 -0.001038002 -0.000658372 0.999999285 4.368249416
0.999999285 0.000568978 0.001098743 0.085510716 -0.000569687 0.999999583 0.000645062 -0.129041061 -0.001098375 -0.000645687 0.999999225 4.631836414
0.999998689 0.001074017 0.001302723 0.090689570 -0.001075274 0.999998987 0.000964286 -0.140526190 -0.001301686 -0.000965686 0.999998689 4.888074398
0.999998450 0.001321853 0.001195887 0.097593337 -0.001323415 0.999998331 0.001306360 -0.148496002 -0.001194158 -0.001307940 0.999998450 5.147320747
0.999998569 0.001012425 0.001371652 0.099425614 -0.001013888 0.999998927 0.001066561 -0.156360716 -0.001370570 -0.001067950 0.999998510 5.411105156
0.999998271 0.001082479 0.001481267 0.102208070 -0.001084112 0.999998808 0.001102179 -0.163783714 -0.001480073 -0.001103783 0.999998271 5.680002213
0.999998331 0.000952265 0.001508790 0.103397630 -0.000954173 0.999998748 0.001264161 -0.173136637 -0.001507584 -0.001265598 0.999998033 5.950047016
0.999997854 0.001122088 0.001718911 0.107375607 -0.001124516 0.999998391 0.001412313 -0.182967365 -0.001717324 -0.001414243 0.999997556 6.229403973
0.999998450 0.000796969 0.001515916 0.121011987 -0.000798552 0.999999106 0.001043969 -0.183850154 -0.001515083 -0.001045178 0.999998331 6.522683144
0.999998391 0.000976636 0.001481847 0.124252819 -0.000978332 0.999998927 0.001144055 -0.192088082 -0.001480728 -0.001145503 0.999998271 6.815028667
0.999996960 0.001616331 0.001831639 0.131171390 -0.001618301 0.999998093 0.001074962 -0.199112266 -0.001829898 -0.001077923 0.999997735 7.110490799
0.999997139 0.001296996 0.001999788 0.136258438 -0.001300001 0.999998033 0.001502068 -0.216459677 -0.001997836 -0.001504663 0.999996901 7.404958725
0.999997258 0.001121832 0.002062381 0.139566883 -0.001124832 0.999998331 0.001453875 -0.227189898 -0.002060747 -0.001456191 0.999996841 7.705719471
0.999997377 0.001181922 0.001955744 0.150711387 -0.001184534 0.999998391 0.001334792 -0.233330831 -0.001954163 -0.001337105 0.999997199 8.043236732
0.999995589 0.001713284 0.002426783 0.152287051 -0.001715929 0.999997973 0.001088100 -0.239768296 -0.002424914 -0.001092260 0.999996483 8.364727020
0.999996960 0.001115415 0.002187455 0.165361837 -0.001118058 0.999998629 0.001207867 -0.250206828 -0.002186104 -0.001210309 0.999996901 8.688657761
0.999996424 0.001336304 0.002295183 0.167141855 -0.001339136 0.999998271 0.001232896 -0.258390337 -0.002293531 -0.001235965 0.999996603 9.023570061
0.999996662 0.001473025 0.002109459 0.175605237 -0.001475850 0.999997973 0.001338323 -0.272110611 -0.002107483 -0.001341432 0.999996901 9.362715721
0.999993920 0.002079330 0.002799664 0.181081936 -0.002083136 0.999997020 0.001357344 -0.285913885 -0.002796833 -0.001363168 0.999995172 9.702975273
0.999992847 0.002173574 0.003091513 0.185495764 -0.002178430 0.999996424 0.001568484 -0.295072913 -0.003088092 -0.001575208 0.999993980 10.055567741
0.999990106 0.003382456 0.002891065 0.195289478 -0.003387838 0.999992549 0.001858644 -0.312029392 -0.002884756 -0.001868420 0.999994099 10.404202461
0.999991119 0.003122707 0.002856740 0.203404784 -0.003127929 0.999993503 0.001825087 -0.320561141 -0.002851022 -0.001834007 0.999994278 10.769520760
0.999992907 0.002524412 0.002788954 0.209325209 -0.002529994 0.999994755 0.001999757 -0.329012990 -0.002783892 -0.002006799 0.999994099 11.135507584
0.999992251 0.002814929 0.002745048 0.224579617 -0.002820367 0.999994040 0.001978984 -0.334142148 -0.002739461 -0.001986711 0.999994278 11.511508942
0.999992788 0.002662399 0.002671375 0.235520244 -0.002667265 0.999994695 0.001819811 -0.341559529 -0.002666515 -0.001826923 0.999994814 11.890332222
0.999990463 0.003028143 0.003146585 0.236170977 -0.003035606 0.999992609 0.002369351 -0.365957379 -0.003139387 -0.002378881 0.999992251 12.270992279
0.999991059 0.002889507 0.003076108 0.248888135 -0.002898243 0.999991834 0.002839227 -0.380675822 -0.003067879 -0.002848117 0.999991238 12.660554886
0.999990523 0.002634482 0.003467458 0.256458521 -0.002642914 0.999993563 0.002429454 -0.385570884 -0.003461035 -0.002438595 0.999991059 13.042777061
0.999992132 0.002106027 0.003371394 0.270350277 -0.002112781 0.999995768 0.002000896 -0.397331536 -0.003367166 -0.002008004 0.999992311 13.438798904
0.999990761 0.002720287 0.003319944 0.281359553 -0.002728451 0.999993265 0.002456887 -0.406128407 -0.003313238 -0.002465923 0.999991417 13.863620758
0.999991298 0.002721107 0.003170461 0.287483037 -0.002730381 0.999992013 0.002924303 -0.415384382 -0.003162479 -0.002932935 0.999990642 14.281098366
0.999989212 0.002894587 0.003637872 0.294148356 -0.002902567 0.999993443 0.002189931 -0.425654352 -0.003631509 -0.002200467 0.999990940 14.697005272
0.999987483 0.003188771 0.003861326 0.312394768 -0.003198724 0.999991596 0.002574090 -0.444289625 -0.003853086 -0.002586409 0.999989152 15.125019073
0.999989688 0.002434704 0.003839712 0.332319319 -0.002445832 0.999992788 0.002896157 -0.455846131 -0.003832633 -0.002905518 0.999988437 15.561096191
0.999990225 0.002245335 0.003816917 0.344821751 -0.002254754 0.999994397 0.002465260 -0.462120175 -0.003811361 -0.002473842 0.999989688 16.011230469
0.999983966 0.002940896 0.004831189 0.349484026 -0.002955424 0.999991119 0.003002578 -0.487607777 -0.004822316 -0.003016808 0.999983847 16.436555862
0.999981582 0.003274403 0.005117844 0.356625855 -0.003288051 0.999991059 0.002660643 -0.499870330 -0.005109086 -0.002677421 0.999983430 16.881013870
0.999980807 0.003140417 0.005336179 0.362562597 -0.003157942 0.999989629 0.003278738 -0.518594801 -0.005325827 -0.003295527 0.999980390 17.359653473
0.999979973 0.003079280 0.005555861 0.373441339 -0.003097002 0.999990165 0.003183780 -0.526458025 -0.005546002 -0.003200922 0.999979496 17.809967041
0.999978840 0.002677094 0.005935960 0.387169302 -0.002694036 0.999992371 0.002847970 -0.537301958 -0.005928289 -0.002863902 0.999978304 18.277379990
0.999971509 0.003312158 0.006783013 0.399473786 -0.003330553 0.999990821 0.002702415 -0.544331491 -0.006774000 -0.002724929 0.999973297 18.755428314
0.999977827 0.002562978 0.006148411 0.428940713 -0.002579964 0.999992847 0.002756437 -0.559655607 -0.006141302 -0.002772238 0.999977291 19.206548691
0.999972105 0.003541378 0.006590319 0.415111482 -0.003559092 0.999990106 0.002678136 -0.571533203 -0.006580771 -0.002701516 0.999974608 19.718420029
0.999973953 0.003753671 0.006156713 0.425507724 -0.003770131 0.999989390 0.002664081 -0.583734512 -0.006146649 -0.002687223 0.999977469 20.207349777
0.999974847 0.003036841 0.006408771 0.463713646 -0.003055078 0.999991298 0.002837846 -0.595302224 -0.006400097 -0.002857354 0.999975383 20.673463821
0.999980450 0.003018585 0.005479755 0.475072026 -0.003034811 0.999991000 0.002955103 -0.607035935 -0.005470786 -0.002971675 0.999980569 21.188558578
0.999978662 0.003502480 0.005518760 0.491406381 -0.003519001 0.999989271 0.002986663 -0.623323798 -0.005508240 -0.003006020 0.999980330 21.692438126
0.999982715 0.003035592 0.005040552 0.511822104 -0.003048498 0.999992013 0.002554826 -0.633512735 -0.005032757 -0.002570148 0.999984026 22.208946228
0.999985516 0.002904066 0.004528333 0.528145373 -0.002916334 0.999992073 0.002704850 -0.649081588 -0.004520442 -0.002718017 0.999986112 22.720016479
0.999983668 0.003374353 0.004615216 0.534835458 -0.003386227 0.999991000 0.002567238 -0.653798103 -0.004606512 -0.002582824 0.999985993 23.245157242
0.999988675 0.003103307 0.003592977 0.550246119 -0.003112866 0.999991596 0.002658117 -0.671374738 -0.003584699 -0.002669271 0.999989986 23.763204575
0.999995291 0.001189968 0.002821474 0.560602188 -0.001196918 0.999996305 0.002462658 -0.690129757 -0.002818533 -0.002466023 0.999992967 24.285892487
0.999993563 0.002780509 0.002266676 0.597687900 -0.002787804 0.999990880 0.003221253 -0.707246900 -0.002257699 -0.003227551 0.999992251 24.819049835
0.999992311 0.003404889 0.001957765 0.603461027 -0.003411971 0.999987602 0.003626186 -0.729902089 -0.001945394 -0.003632838 0.999991536 25.356996536
0.999994040 0.003144237 0.001425358 0.617571652 -0.003149040 0.999989450 0.003379940 -0.732330918 -0.001414716 -0.003384409 0.999993265 25.876811981
0.999993980 0.003294981 0.001090107 0.629785597 -0.003298637 0.999988794 0.003369239 -0.752346992 -0.001078994 -0.003372814 0.999993682 26.444320679
0.999995589 0.002903170 0.000668442 0.645471096 -0.002905492 0.999989569 0.003499600 -0.754513323 -0.000658275 -0.003501526 0.999993682 27.004817963
0.999995291 0.003056252 -0.000247462 0.660271466 -0.003055313 0.999988437 0.003711066 -0.773063421 0.000258802 -0.003710292 0.999993086 27.554058075
0.999993801 0.003494674 -0.000500558 0.669987619 -0.003492968 0.999988198 0.003368377 -0.783226907 0.000512323 -0.003366608 0.999994159 28.114620209
0.999993324 0.003587418 -0.000606393 0.674301326 -0.003585400 0.999988079 0.003295773 -0.800000608 0.000618209 -0.003293577 0.999994397 28.668817520
0.999992251 0.003852952 -0.000826836 0.686162651 -0.003849978 0.999986172 0.003567402 -0.817401171 0.000840570 -0.003564190 0.999993324 29.199592590
0.999992967 0.003593006 -0.001081639 0.690038800 -0.003589261 0.999987543 0.003444779 -0.829347730 0.001094002 -0.003440872 0.999993503 29.732059479
0.999992251 0.003622320 -0.001519834 0.696192384 -0.003616417 0.999985993 0.003867967 -0.845461071 0.001533823 -0.003862441 0.999991357 30.275716782
0.999991715 0.003764724 -0.001531511 0.713293552 -0.003759518 0.999987185 0.003388330 -0.854460239 0.001544247 -0.003382544 0.999993086 30.826377869
0.999990165 0.004137377 -0.001615002 0.718469024 -0.004131936 0.999985814 0.003357950 -0.866263032 0.001628872 -0.003351243 0.999993086 31.374021530
0.999985993 0.004863657 -0.002137209 0.728384674 -0.004856907 0.999983251 0.003152482 -0.875993848 0.002152505 -0.003142057 0.999992788 31.919847488
0.999987066 0.004549265 -0.002242335 0.746898592 -0.004541610 0.999983907 0.003407453 -0.898531079 0.002257800 -0.003397225 0.999991655 32.478282928
0.999983609 0.005228518 -0.002287789 0.745798230 -0.005220659 0.999980509 0.003427612 -0.920669258 0.002305665 -0.003415613 0.999991417 33.013477325
0.999989867 0.003837397 -0.002345650 0.754838943 -0.003829694 0.999987304 0.003279854 -0.923899889 0.002358207 -0.003270838 0.999991834 33.580448151
0.999988258 0.003996824 -0.002726451 0.769164801 -0.003987273 0.999985933 0.003499645 -0.940765679 0.002740400 -0.003488733 0.999990165 34.107936859
0.999985576 0.004710658 -0.002585715 0.779578924 -0.004700697 0.999981523 0.003844539 -0.959021211 0.002603778 -0.003832328 0.999989271 34.642242432
0.999984086 0.004735880 -0.003070793 0.794910014 -0.004724443 0.999981940 0.003721093 -0.979253292 0.003088359 -0.003706527 0.999988377 35.167171478
0.999986231 0.004051898 -0.003342464 0.795983076 -0.004041806 0.999987185 0.003020291 -0.974698186 0.003354659 -0.003006740 0.999989867 35.738193512
0.999984145 0.004091151 -0.003867078 0.806936204 -0.004079268 0.999986887 0.003075456 -0.984425902 0.003879610 -0.003059632 0.999987841 36.287593842
0.999989212 0.003309737 -0.003254659 0.816217780 -0.003298664 0.999988735 0.003401604 -1.016826987 0.003265880 -0.003390830 0.999988914 36.829750061
0.999986827 0.003593465 -0.003658807 0.831507564 -0.003579196 0.999985933 0.003899264 -1.028546453 0.003672769 -0.003886117 0.999985695 37.366168976
0.999985993 0.003833996 -0.003625261 0.839922190 -0.003820003 0.999985337 0.003858825 -1.039468408 0.003640002 -0.003844923 0.999985993 37.920124054
0.999984086 0.004174829 -0.003823108 0.858535111 -0.004162483 0.999986112 0.003231650 -1.058360219 0.003836547 -0.003215684 0.999987483 38.479099274
0.999985874 0.004056530 -0.003420367 0.864006400 -0.004046609 0.999987602 0.002902651 -1.068871975 0.003432099 -0.002888769 0.999989986 39.022090912
0.999986708 0.003860164 -0.003424088 0.861531079 -0.003850101 0.999988258 0.002940489 -1.096577525 0.003435399 -0.002927267 0.999989808 39.560649872
0.999989867 0.002590967 -0.003682680 0.875196636 -0.002580066 0.999992251 0.002962052 -1.102800012 0.003690326 -0.002952521 0.999988854 40.134029388
0.999990404 0.003041224 -0.003149152 0.874581575 -0.003031375 0.999990523 0.003127795 -1.124165058 0.003158634 -0.003118219 0.999990165 40.670421600
0.999989033 0.003223384 -0.003400744 0.888008475 -0.003212864 0.999990106 0.003094421 -1.137261868 0.003410685 -0.003083461 0.999989390 41.217094421
0.999991179 0.003260871 -0.002616702 0.881289959 -0.003251476 0.999988198 0.003586387 -1.152829170 0.002628366 -0.003577847 0.999990165 41.768497467
0.999990225 0.003776332 -0.002266458 0.885083735 -0.003768491 0.999986887 0.003453873 -1.163497925 0.002279471 -0.003445299 0.999991477 42.318061829
0.999992073 0.003365108 -0.002099640 0.893658519 -0.003356847 0.999986589 0.003925530 -1.180808544 0.002112821 -0.003918450 0.999990106 42.840019226
0.999991477 0.003002881 -0.002831515 0.906111479 -0.002994479 0.999991238 0.002967179 -1.186479926 0.002840400 -0.002958674 0.999991536 43.412296295
0.999991715 0.003100242 -0.002601658 0.917089105 -0.003092550 0.999990821 0.002955644 -1.203231692 0.002610798 -0.002947575 0.999992251 43.950862885
0.999991715 0.003433060 -0.002173114 0.926395416 -0.003427150 0.999990463 0.002717648 -1.212837219 0.002182422 -0.002710178 0.999993980 44.502933502
0.999984443 0.003919058 -0.003966756 0.954825997 -0.003906120 0.999987006 0.003264363 -1.248034954 0.003979499 -0.003248817 0.999986768 45.038578033
0.999983609 0.004154803 -0.003923578 0.972608864 -0.004142871 0.999986708 0.003044383 -1.267207503 0.003936173 -0.003028078 0.999987662 45.590896606
0.999982536 0.004561265 -0.003753605 0.983787656 -0.004549910 0.999985039 0.003028406 -1.280175328 0.003767363 -0.003011275 0.999988317 46.127708435
0.999982715 0.004574514 -0.003731487 0.986690104 -0.004563281 0.999985039 0.003013311 -1.297749400 0.003745216 -0.002996231 0.999988496 46.678108215
0.999979436 0.004998926 -0.004014143 1.002721429 -0.004987139 0.999983370 0.002941083 -1.311510801 0.004028777 -0.002921003 0.999987602 47.237804413
0.999988973 0.004068430 -0.002344385 0.960615635 -0.004062267 0.999988258 0.002627335 -1.315839410 0.002355047 -0.002617782 0.999993742 47.800617218
0.999983490 0.004280550 -0.003834087 1.012834311 -0.004268655 0.999986053 0.003105045 -1.345180869 0.003847324 -0.003088627 0.999987841 48.330940247
0.999983013 0.004566988 -0.003615354 1.022852302 -0.004556276 0.999985158 0.002965171 -1.349647999 0.003628844 -0.002948648 0.999989092 48.869338989
0.999983907 0.004383170 -0.003586492 1.006176591 -0.004374530 0.999987543 0.002412807 -1.362308860 0.003597023 -0.002397079 0.999990642 49.396030426
0.999981940 0.004556034 -0.003899716 1.055178761 -0.004545697 0.999986172 0.002655587 -1.382031918 0.003911762 -0.002637813 0.999988854 49.935913086
0.999981463 0.004510525 -0.004094233 1.065832138 -0.004498182 0.999985337 0.003018887 -1.400614977 0.004107791 -0.003000414 0.999987066 50.460929871
0.999984503 0.004271594 -0.003580989 1.067914844 -0.004260475 0.999986112 0.003107391 -1.418556094 0.003594212 -0.003092085 0.999988794 50.985008240
0.999980688 0.004523412 -0.004267558 1.089648962 -0.004511448 0.999985993 0.002808796 -1.427289605 0.004280204 -0.002789489 0.999986947 51.525264740
0.999978006 0.005056540 -0.004271058 1.095052958 -0.005043030 0.999982357 0.003167862 -1.439747334 0.004287002 -0.003146254 0.999985874 52.054344177
0.999979973 0.005022638 -0.003837751 1.102726579 -0.005012254 0.999983907 0.002710908 -1.453508258 0.003851305 -0.002691617 0.999988973 52.585506439
0.999979615 0.004904104 -0.004116054 1.112970114 -0.004892038 0.999983728 0.002936385 -1.466830969 0.004130385 -0.002916188 0.999987245 53.112506866
0.999978662 0.005071184 -0.004117903 1.126601338 -0.005060062 0.999983490 0.002706958 -1.478462219 0.004131563 -0.002686064 0.999987841 53.646373749
0.999979615 0.005239768 -0.003641189 1.128881454 -0.005230823 0.999983251 0.002461438 -1.495556831 0.003654025 -0.002442342 0.999990344 54.174804688
0.999979258 0.005598668 -0.003181833 1.128333449 -0.005590656 0.999981165 0.002521647 -1.511946201 0.003195891 -0.002503806 0.999991715 54.683994293
0.999979377 0.005345748 -0.003543366 1.142745495 -0.005336942 0.999982595 0.002490319 -1.524688840 0.003556617 -0.002471357 0.999990642 55.217155457
0.999978840 0.005575453 -0.003394001 1.152979136 -0.005567892 0.999981940 0.002233015 -1.532972813 0.003406391 -0.002214070 0.999991715 55.734203339
0.999978960 0.005311359 -0.003719617 1.167544127 -0.005302272 0.999982953 0.002448744 -1.547588110 0.003732561 -0.002428970 0.999990106 56.251655579
0.999976158 0.005889757 -0.003603688 1.182755232 -0.005881967 0.999980330 0.002168230 -1.561606169 0.003616388 -0.002146982 0.999991179 56.786502838
0.999977589 0.005637141 -0.003607995 1.191632271 -0.005630651 0.999982536 0.001806818 -1.568077803 0.003618117 -0.001786462 0.999991834 57.311058044
0.999976456 0.006092943 -0.003154874 1.194951534 -0.006086599 0.999979436 0.002016492 -1.585730433 0.003167096 -0.001997243 0.999992907 57.822685242
0.999977469 0.005942193 -0.003102707 1.211431742 -0.005936710 0.999980807 0.001773885 -1.597110271 0.003113188 -0.001755425 0.999993622 58.346309662
0.999975681 0.006051816 -0.003466608 1.222281337 -0.006045587 0.999980032 0.001804378 -1.610215187 0.003477459 -0.001783376 0.999992371 58.861625671
0.999975324 0.006340897 -0.003030606 1.229217291 -0.006335532 0.999978304 0.001776387 -1.625473738 0.003041804 -0.001757142 0.999993742 59.375736237
0.999977410 0.005826106 -0.003348324 1.246381521 -0.005820028 0.999981344 0.001822711 -1.640287876 0.003358881 -0.001803183 0.999992669 59.898563385
0.999974847 0.006285010 -0.003267127 1.254524469 -0.006280246 0.999979198 0.001466640 -1.646077752 0.003276277 -0.001446085 0.999993563 60.434452057
0.999974787 0.006395592 -0.003067790 1.261786342 -0.006390886 0.999978364 0.001541604 -1.666691661 0.003077584 -0.001521959 0.999994099 60.946949005
0.999974608 0.006545560 -0.002816346 1.276263952 -0.006540366 0.999976873 0.001849381 -1.681096435 0.002828386 -0.001830914 0.999994278 61.464969635
0.999974489 0.006564563 -0.002817450 1.284976244 -0.006560176 0.999977231 0.001563846 -1.694249272 0.002827653 -0.001545323 0.999994814 61.974826813
0.999971688 0.007183593 -0.002240437 1.295097828 -0.007180009 0.999972939 0.001605278 -1.711543441 0.002251908 -0.001589146 0.999996185 62.489627838
0.999971926 0.007023986 -0.002577705 1.311605215 -0.007020011 0.999974132 0.001548190 -1.723149538 0.002588513 -0.001530051 0.999995470 63.009853363
0.999966979 0.007764081 -0.002389609 1.318187237 -0.007761261 0.999969125 0.001186678 -1.742709279 0.002398748 -0.001168093 0.999996424 63.530063629
0.999966741 0.007774837 -0.002459378 1.335595965 -0.007771030 0.999968529 0.001553858 -1.758139133 0.002471381 -0.001534694 0.999995768 64.025955200
0.999964952 0.008017276 -0.002383076 1.343700647 -0.008014230 0.999966979 0.001286157 -1.773025751 0.002393309 -0.001267014 0.999996305 64.551063538
0.999969304 0.007384475 -0.002625632 1.363489032 -0.007380923 0.999971747 0.001359417 -1.788793087 0.002635597 -0.001339995 0.999995649 65.062240601
0.999969482 0.007465677 -0.002328336 1.372309566 -0.007462912 0.999971390 0.001193690 -1.805393934 0.002337181 -0.001176278 0.999996603 65.599052429
0.999969304 0.007363705 -0.002679869 1.386076450 -0.007360942 0.999972343 0.001039327 -1.816358566 0.002687449 -0.001019569 0.999995828 66.112808228
0.999968827 0.007360654 -0.002863629 1.404249072 -0.007358911 0.999972761 0.000619190 -1.829437017 0.002868108 -0.000598097 0.999995708 66.635437012
0.999966025 0.007845457 -0.002533121 1.411868334 -0.007843870 0.999969006 0.000636597 -1.841944337 0.002538037 -0.000616706 0.999996603 67.169685364
0.999964178 0.008217583 -0.002037962 1.417312980 -0.008216409 0.999966085 0.000584981 -1.862220168 0.002042700 -0.000568215 0.999997675 67.694732666
0.999959290 0.008830708 -0.001810216 1.428010345 -0.008829331 0.999960721 0.000765669 -1.881079912 0.001816906 -0.000749655 0.999998093 68.217948914
0.999961436 0.008536939 -0.002047589 1.437897325 -0.008535596 0.999963343 0.000663965 -1.893534780 0.002053183 -0.000646462 0.999997675 68.717224121
0.999965310 0.008034721 -0.002200594 1.463201880 -0.008033141 0.999967456 0.000725467 -1.913549423 0.002206351 -0.000707764 0.999997258 69.232757568
0.999966621 0.007930486 -0.001951350 1.470571160 -0.007928590 0.999968052 0.000976887 -1.928424954 0.001959034 -0.000961383 0.999997616 69.788253784
0.999968588 0.007705366 -0.001872781 1.484860539 -0.007703466 0.999969780 0.001019166 -1.942976594 0.001880577 -0.001004707 0.999997735 70.297294617
0.999969482 0.007620198 -0.001699656 1.497951031 -0.007619524 0.999970913 0.000402563 -1.949527621 0.001702674 -0.000389600 0.999998450 70.835205078
0.999969840 0.007571635 -0.001716800 1.517309546 -0.007570673 0.999971211 0.000566221 -1.967355013 0.001721039 -0.000553207 0.999998391 71.353775024
0.999969065 0.007651104 -0.001839288 1.533164740 -0.007650918 0.999970734 0.000107335 -1.980972290 0.001840056 -0.000093259 0.999998271 71.888992310
0.999967575 0.007834242 -0.001860609 1.549921274 -0.007833808 0.999969304 0.000240465 -1.995124102 0.001862435 -0.000225882 0.999998212 72.423065186
0.999960423 0.008727136 -0.001769586 1.552309155 -0.008726154 0.999961793 0.000561858 -2.011097431 0.001774421 -0.000546394 0.999998271 72.976013184
0.999969304 0.007637761 -0.001732008 1.589998603 -0.007638155 0.999970794 -0.000221250 -2.019139051 0.001730268 0.000234473 0.999998450 73.496765137
0.999972045 0.007061254 -0.002457398 1.630192161 -0.007060803 0.999975026 0.000192162 -2.039745331 0.002458694 -0.000174806 0.999996960 74.021087646
0.999978960 0.004122799 -0.005012271 1.715981960 -0.004125400 0.999991357 -0.000508979 -2.044613838 0.005010129 0.000529646 0.999987304 74.589569092
0.999976814 0.005910026 -0.003420796 1.684306979 -0.005912090 0.999982297 -0.000593027 -2.062130213 0.003417231 0.000613237 0.999993980 75.157806396
0.999968946 0.007387715 -0.002742077 1.680786967 -0.007390167 0.999972224 -0.000885154 -2.081773281 0.002735461 0.000905391 0.999995828 75.691909790
0.999972105 0.006960885 -0.002704509 1.694940686 -0.006962705 0.999975681 -0.000663877 -2.100578308 0.002699822 0.000682689 0.999996126 76.219444275
0.999969125 0.007510246 -0.002319634 1.696631551 -0.007511634 0.999971628 -0.000590914 -2.116352081 0.002315129 0.000608320 0.999997139 76.752830505
0.999967635 0.007597384 -0.002632253 1.697666526 -0.007598205 0.999971032 -0.000302606 -2.136137486 0.002629877 0.000322596 0.999996483 77.273216248
0.999971688 0.007085597 -0.002505445 1.708976746 -0.007086968 0.999974728 -0.000538412 -2.154917717 0.002501567 0.000556153 0.999996662 77.790672302
0.999966443 0.007931492 -0.002008876 1.711171150 -0.007932985 0.999968231 -0.000736596 -2.166342497 0.002002970 0.000752508 0.999997735 78.318595886
0.999969423 0.007496094 -0.002215929 1.721930385 -0.007497740 0.999971569 -0.000736505 -2.181386948 0.002210345 0.000753097 0.999997258 78.846908569
0.999966741 0.007810539 -0.002321294 1.734279633 -0.007813201 0.999968767 -0.001141038 -2.195178986 0.002312309 0.001159137 0.999996662 79.374382019
0.999968648 0.007828969 -0.001161039 1.735104084 -0.007830076 0.999968827 -0.000952176 -2.208989143 0.001153548 0.000961237 0.999998868 79.900421143
0.999967754 0.008026712 0.000226686 1.749598503 -0.008026462 0.999967158 -0.001086281 -2.228088140 -0.000235397 0.001084427 0.999999404 80.430603027
0.999969900 0.007693944 0.001022074 1.764505863 -0.007693063 0.999970019 -0.000862060 -2.248658180 -0.001028676 0.000854171 0.999999106 80.940879822
0.999969184 0.007475969 0.002365862 1.754693508 -0.007473445 0.999971509 -0.001074034 -2.255181313 -0.002373823 0.001056320 0.999996603 81.472251892
0.999947429 0.008399766 0.005865761 1.767292976 -0.008393943 0.999964237 -0.001016288 -2.278234243 -0.005874088 0.000966997 0.999982238 81.996833801
0.999920070 0.008118046 0.009690657 1.781026125 -0.008112034 0.999966800 -0.000659651 -2.292173862 -0.009695689 0.000580987 0.999952853 82.521331787
0.999888480 0.008225028 0.012466824 1.812086821 -0.008221449 0.999966145 -0.000338360 -2.314824820 -0.012469185 0.000235827 0.999922216 83.043052673
0.999819219 0.008641453 0.016933242 1.830409288 -0.008640029 0.999962687 -0.000157193 -2.333942175 -0.016933968 0.000010860 0.999856532 83.567527771
0.999692082 0.008693592 0.023246769 1.839001894 -0.008682480 0.999962151 -0.000578863 -2.343008995 -0.023250919 0.000376846 0.999729574 84.116127014
0.999537468 0.008873891 0.029092696 1.863446474 -0.008843611 0.999960124 -0.001169467 -2.358919144 -0.029101916 0.000911641 0.999576032 84.639167786
0.999331594 0.009214368 0.035380211 1.891700149 -0.009187660 0.999957383 -0.000917464 -2.378536224 -0.035387155 0.000591789 0.999373496 85.170036316
0.999025941 0.009050680 0.043188665 1.936029077 -0.009022791 0.999958932 -0.000840674 -2.395163774 -0.043194499 0.000450173 0.999066591 85.701721191
0.998638570 0.008114608 0.051527821 1.983361006 -0.008053179 0.999966621 -0.001399678 -2.407383442 -0.051537454 0.000982809 0.998670518 86.252059937
0.998246491 0.008299937 0.058608994 2.020864725 -0.008228261 0.999965072 -0.001464180 -2.424625158 -0.058619093 0.000979362 0.998280048 86.765640259
0.997653365 0.009040468 0.067867570 2.067975044 -0.008976547 0.999958873 -0.001246776 -2.445899963 -0.067876063 0.000634634 0.997693479 87.294288635
0.996929169 0.008521335 0.077843934 2.128791809 -0.008414020 0.999963105 -0.001706502 -2.464653015 -0.077855587 0.001046282 0.996964097 87.791007996
0.996246457 0.008112282 0.086181454 2.190705776 -0.007987854 0.999966502 -0.001788549 -2.474852324 -0.086193092 0.001093430 0.996277869 88.320106506
0.995636165 0.007064369 0.093051970 2.250758648 -0.006896266 0.999973953 -0.002127985 -2.496695042 -0.093064569 0.001476987 0.995658934 88.824951172
0.994573474 0.007459516 0.103768244 2.315312862 -0.007283406 0.999971330 -0.002075937 -2.511290073 -0.103780761 0.001308886 0.994599342 89.339187622
0.993488252 0.007278616 0.113701418 2.399663448 -0.007057993 0.999972343 -0.002342830 -2.528736115 -0.113715321 0.001525072 0.993512213 89.849655151
0.992387712 0.005755996 0.123018354 2.480647087 -0.005488423 0.999981701 -0.002513837 -2.549570560 -0.123030581 0.001819525 0.992401183 90.363227844
0.990858376 0.006034506 0.134770557 2.562903404 -0.005795951 0.999980867 -0.002162394 -2.568616867 -0.134780988 0.001361503 0.990874469 90.861572266
0.988976717 0.006458301 0.147930071 2.647260666 -0.006235660 0.999978542 -0.001968780 -2.601325512 -0.147939622 0.001024637 0.988995850 91.377220154
0.987372756 0.005428396 0.158321038 2.756752014 -0.005198919 0.999984682 -0.001863566 -2.617177010 -0.158328742 0.001016936 0.987385929 91.920516968
0.985610425 0.006443869 0.168909460 2.852119446 -0.006179220 0.999978662 -0.002092403 -2.633442640 -0.168919370 0.001018565 0.985629320 92.414558411
0.983421803 0.005926448 0.181235969 2.966790199 -0.005688599 0.999982119 -0.001832152 -2.658316612 -0.181243613 0.000770800 0.983437955 92.911689758
0.981092989 0.004867683 0.193475619 3.090262413 -0.004561508 0.999987543 -0.002027946 -2.673725843 -0.193483084 0.001107063 0.981103003 93.417907715
0.979107320 0.004308685 0.203298658 3.217697144 -0.003901342 0.999989629 -0.002404388 -2.691666126 -0.203306884 0.001561017 0.979113817 93.929695129
0.976329267 0.004675652 0.216238946 3.361721039 -0.004307796 0.999988437 -0.002172464 -2.712782860 -0.216246590 0.001189527 0.976338089 94.463409424
0.973296463 0.003852557 0.229519427 3.463245392 -0.003540039 0.999992132 -0.001773353 -2.740747213 -0.229524478 0.000913490 0.973302484 94.889953613
0.970445335 0.004092683 0.241286501 3.610164642 -0.003822928 0.999991477 -0.001586101 -2.751042128 -0.241290927 0.000616803 0.970452666 95.418067932
0.967680812 0.003614351 0.252152294 3.726184845 -0.003379568 0.999993384 -0.001364192 -2.800698280 -0.252155572 0.000467937 0.967686594 95.858055115
0.964098930 0.003860850 0.265515149 3.875482559 -0.003876286 0.999992371 -0.000465882 -2.824673414 -0.265515000 -0.000580056 0.964106500 96.348106384
0.960617900 0.003082110 0.277855247 4.050275803 -0.003086566 0.999995112 -0.000421387 -2.845745564 -0.277855188 -0.000452826 0.960622847 96.869873047
0.957211316 0.002319644 0.289380670 4.194650650 -0.002353910 0.999997199 -0.000229627 -2.867503405 -0.289380372 -0.000461374 0.957213998 97.251678467
0.952873588 0.002260500 0.303359270 4.365516663 -0.002323848 0.999997318 -0.000152170 -2.882651091 -0.303358793 -0.000559961 0.952876270 97.737716675
0.948376954 0.001390076 0.317142636 4.546579361 -0.001347653 0.999999046 -0.000353127 -2.902055502 -0.317142785 -0.000092502 0.948377788 98.220939636
0.944360375 0.001451963 0.328909516 4.750129700 -0.001415016 0.999998927 -0.000351700 -2.917295218 -0.328909636 -0.000133281 0.944361448 98.733085632
0.940085769 -0.001546230 0.340934515 4.863206863 0.001751219 0.999998450 -0.000293512 -2.957497597 -0.340933412 0.000872978 0.940087020 98.971931458
0.934903562 -0.002213405 0.354894966 5.082311630 0.002518444 0.999996841 -0.000397593 -2.969969273 -0.354892910 0.001265494 0.934906065 99.478439331
0.930141807 -0.002623125 0.367191195 5.318790436 0.002992982 0.999995410 -0.000437876 -2.982515574 -0.367188364 0.001506283 0.930145323 99.994956970
0.924842536 -0.001487313 0.380347311 5.750968933 0.001843319 0.999998152 -0.000571764 -3.064008236 -0.380345762 0.001229893 0.924843550 101.176124573
0.918768227 -0.001202648 0.394795567 5.986921310 0.001465538 0.999998868 -0.000364349 -3.080476761 -0.394794673 0.000913340 0.918768942 101.676605225
0.911158025 -0.000772494 0.412056446 6.554580688 0.002527562 0.999989927 -0.003714351 -3.049916029 -0.412049413 0.004425860 0.911150753 103.621017456
0.906204343 -0.002417729 0.422833234 6.807609558 0.004354685 0.999983966 -0.003615001 -3.070273161 -0.422817618 0.005117235 0.906200349 104.091957092
0.900459886 -0.001501479 0.434936523 7.061222076 0.003534713 0.999986291 -0.003865870 -3.088985443 -0.434924752 0.005018436 0.900452793 104.580238342
0.893634439 -0.001323831 0.448793769 7.331699371 0.003503167 0.999985814 -0.004025764 -3.104619741 -0.448782027 0.005169760 0.893626273 105.073379517
0.888002694 -0.002670839 0.459830552 7.629787445 0.005012738 0.999979913 -0.003872167 -3.129772663 -0.459810913 0.005743504 0.887998283 105.560195923
0.882269323 -0.003502084 0.470731974 7.913120270 0.005465885 0.999981105 -0.002804919 -3.152081966 -0.470713198 0.005047660 0.882271826 106.040740967
0.874366820 -0.003029885 0.485256255 8.171085358 0.005001664 0.999983668 -0.002768544 -3.178449631 -0.485239804 0.004847812 0.874367774 106.472763062
