1.000000000 0.000000000 0.000000000 0.000000000 0.000000000 1.000000000 0.000000000 0.000000000 0.000000000 0.000000000 1.000000000 0.000000000
1.000000000 0.000042411 -0.000013299 0.000297671 -0.000042411 1.000000000 0.000026482 -0.000912732 0.000013300 -0.000026481 1.000000000 -0.001570799
1.000000000 -0.000056674 -0.000020358 0.001104647 0.000056674 1.000000000 -0.000001332 -0.000159787 0.000020358 0.000001330 1.000000000 -0.002691438
1.000000000 -0.000155419 -0.000107615 0.001909697 0.000155426 1.000000000 0.000063574 -0.001497427 0.000107605 -0.000063591 1.000000000 -0.004319869
1.000000000 -0.000141128 -0.000086196 -0.000147808 0.000141127 1.000000000 -0.000008651 0.000544509 0.000086197 0.000008639 1.000000000 -0.002894942
1.000000000 -0.000181166 -0.000034381 0.000918355 0.000181168 1.000000000 0.000054839 -0.000662085 0.000034371 -0.000054846 1.000000000 -0.001708168
1.000000000 -0.000179812 0.000001186 0.000086729 0.000179811 1.000000000 0.000030627 -0.000820649 -0.000001191 -0.000030627 1.000000000 -0.004221003
1.000000000 -0.000024770 -0.000041979 -0.000152680 0.000024770 1.000000000 0.000002247 0.000235885 0.000041979 -0.000002248 1.000000000 -0.004285865
1.000000000 -0.000035914 -0.000019777 0.000280560 0.000035914 1.000000000 -0.000014640 0.000608405 0.000019777 0.000014639 1.000000000 -0.000504422
1.000000000 0.000010077 -0.000042375 -0.000715674 -0.000010078 1.000000000 -0.000020351 0.001433025 0.000042375 0.000020351 1.000000000 -0.001667068
1.000000000 -0.000108568 -0.000099152 0.000585517 0.000108571 1.000000000 0.000031737 -0.000336093 0.000099148 -0.000031748 1.000000000 -0.002730285
1.000000000 -0.000163160 -0.000085413 -0.000267008 0.000163157 1.000000000 -0.000026124 0.001080604 0.000085418 0.000026110 1.000000000 -0.000718081
1.000000000 -0.000127029 -0.000031265 -0.001426531 0.000127029 1.000000000 0.000010996 0.001539814 0.000031264 -0.000011000 1.000000000 -0.001073051
1.000000000 -0.000132551 -0.000031999 0.000163388 0.000132551 1.000000000 0.000004772 0.000345098 0.000031998 -0.000004776 1.000000000 -0.004492992
1.000000000 -0.000070021 -0.000046940 0.000864406 0.000070023 1.000000000 0.000047018 0.000023744 0.000046937 -0.000047021 1.000000000 -0.004687921
1.000000000 -0.000106657 -0.000050174 0.001699370 0.000106662 1.000000000 0.000105802 -0.000931389 0.000050163 -0.000105807 1.000000000 -0.007282887
1.000000000 -0.000052966 -0.000057397 0.000659302 0.000052965 1.000000000 -0.000014151 0.001039524 0.000057398 0.000014148 1.000000000 -0.003676618
1.000000000 -0.000016737 -0.000038108 0.000198369 0.000016739 1.000000000 0.000070526 0.000189029 0.000038106 -0.000070526 1.000000000 -0.004705615
1.000000000 -0.000193168 -0.000109942 0.000482772 0.000193171 1.000000000 0.000027339 -0.000354333 0.000109936 -0.000027360 1.000000000 -0.004475610
1.000000000 -0.000177476 -0.000080720 0.000086530 0.000177476 1.000000000 0.000007118 0.001062217 0.000080718 -0.000007132 1.000000000 -0.001251647
1.000000000 -0.000224449 -0.000084987 0.000309278 0.000224452 1.000000000 0.000037709 -0.000550354 0.000084979 -0.000037728 1.000000000 -0.005574775
1.000000000 -0.000090665 -0.000069502 0.002277822 0.000090667 1.000000000 0.000036380 0.000490005 0.000069499 -0.000036386 1.000000000 -0.003163645
1.000000000 -0.000090293 -0.000082006 0.002001055 0.000090296 1.000000000 0.000041814 -0.000501861 0.000082002 -0.000041822 1.000000000 -0.002509671
1.000000000 -0.000177291 -0.000110734 0.000638120 0.000177296 1.000000000 0.000043256 0.000208788 0.000110727 -0.000043276 1.000000000 -0.004858575
1.000000000 -0.000161966 -0.000123478 0.001804402 0.000161973 1.000000000 0.000049289 0.000237426 0.000123470 -0.000049309 1.000000000 -0.004178433
0.999999940 -0.000249921 -0.000085318 0.000571388 0.000249924 0.999999940 0.000027515 0.001345727 0.000085311 -0.000027537 1.000000000 -0.002375801
0.999999940 -0.000266069 -0.000177361 0.002602576 0.000266082 0.999999940 0.000071578 -0.000188865 0.000177342 -0.000071625 1.000000000 -0.005563985
0.999999940 -0.000383173 -0.000110918 0.000705239 0.000383180 0.999999940 0.000057937 -0.000346114 0.000110896 -0.000057980 1.000000000 -0.004526514
1.000000000 -0.000137308 -0.000109757 0.001182809 0.000137314 1.000000000 0.000055041 0.000469701 0.000109750 -0.000055056 1.000000000 -0.003553440
1.000000000 -0.000195589 -0.000093168 0.002057183 0.000195597 1.000000000 0.000092857 -0.000647459 0.000093150 -0.000092875 1.000000000 -0.004995790
0.999999940 -0.000259385 -0.000121251 -0.000197770 0.000259390 0.999999940 0.000040792 0.001447384 0.000121240 -0.000040824 1.000000000 -0.002308400
0.999999940 -0.000273184 -0.000122363 0.000092046 0.000273194 0.999999940 0.000076684 0.000767399 0.000122342 -0.000076718 1.000000000 -0.003110753
0.999999940 -0.000253385 -0.000134385 0.001499923 0.000253386 0.999999940 0.000001332 0.000567808 0.000134384 -0.000001367 1.000000000 -0.001461807
0.999999940 -0.000240806 -0.000115263 0.001105200 0.000240806 1.000000000 0.000002068 0.000447488 0.000115263 -0.000002096 1.000000000 -0.000734501
0.999999940 -0.000301471 -0.000097006 0.000349253 0.000301480 0.999999940 0.000095804 -0.000121383 0.000096978 -0.000095834 1.000000000 -0.005412603
0.999999940 -0.000284948 -0.000147352 0.002601474 0.000284951 0.999999940 0.000017376 0.000497935 0.000147347 -0.000017418 1.000000000 -0.004231945
1.000000000 -0.000184157 -0.000124792 0.002084794 0.000184168 1.000000000 0.000087486 0.000571037 0.000124776 -0.000087509 1.000000000 -0.005415902
0.999999940 -0.000300491 -0.000118268 0.000299592 0.000300497 0.999999940 0.000052902 0.000242527 0.000118252 -0.000052937 1.000000000 -0.004584410
1.000000000 -0.000212034 -0.000115908 0.000127544 0.000212044 1.000000000 0.000087936 0.000483334 0.000115889 -0.000087961 1.000000000 -0.002450194
0.999999940 -0.000253830 -0.000137203 0.002718719 0.000253833 0.999999940 0.000021302 -0.000845073 0.000137197 -0.000021337 1.000000000 -0.000330692
0.999999940 -0.000278734 -0.000097929 0.001812791 0.000278682 0.999999821 -0.000535616 -0.001097806 0.000098078 0.000535589 0.999999881 0.047508880
1.000000000 -0.000133175 -0.000176180 0.002955344 0.000132982 0.999999404 -0.001098141 -0.004218639 0.000176326 0.001098118 0.999999404 0.139344871
1.000000000 -0.000176606 -0.000094672 0.005267391 0.000176470 0.999998927 -0.001436137 -0.007710476 0.000094926 0.001436121 0.999998987 0.253107309
1.000000000 -0.000193733 -0.000091804 0.007156975 0.000193602 0.999998987 -0.001430213 -0.012368998 0.000092081 0.001430195 0.999998987 0.389526606
1.000000000 -0.000080452 -0.000131993 0.010515740 0.000080302 0.999999344 -0.001132225 -0.019912394 0.000132084 0.001132214 0.999999344 0.524684846
1.000000000 -0.000094183 -0.000017809 0.013057490 0.000094164 0.999999464 -0.001048717 -0.023138903 0.000017908 0.001048715 0.999999464 0.683850944
1.000000000 -0.000145714 -0.000067164 0.017838895 0.000145649 0.999999523 -0.000956687 -0.024474002 0.000067303 0.000956677 0.999999523 0.844544768
0.999999940 0.000315028 0.000137429 0.016525798 -0.000314919 0.999999642 -0.000793930 -0.025602315 -0.000137679 0.000793887 0.999999702 1.021986723
1.000000000 0.000016557 -0.000120667 0.027223047 -0.000016637 0.999999762 -0.000659200 -0.036678866 0.000120656 0.000659202 0.999999762 1.186012626
1.000000000 0.000043450 -0.000011659 0.028560599 -0.000043454 0.999999940 -0.000356649 -0.041962989 0.000011643 0.000356649 0.999999940 1.364330888
1.000000000 0.000012318 0.000179039 0.031577200 -0.000012348 0.999999940 0.000168643 -0.058093023 -0.000179037 -0.000168645 0.999999940 1.518358946
1.000000000 -0.000263596 0.000316052 0.033068851 0.000263540 0.999999940 0.000175160 -0.062189553 -0.000316098 -0.000175077 0.999999940 1.716446161
0.999999821 -0.000618233 0.000085454 0.044606887 0.000618183 0.999999642 0.000580161 -0.069182351 -0.000085812 -0.000580108 0.999999821 1.920528054
0.999999881 -0.000132605 0.000483928 0.039027322 0.000132377 0.999999881 0.000470076 -0.073293932 -0.000483990 -0.000470012 0.999999762 2.135650873
1.000000000 0.000033010 0.000192859 0.047769882 -0.000033125 0.999999821 0.000596332 -0.080544718 -0.000192840 -0.000596339 0.999999821 2.335710764
1.000000000 -0.000112237 -0.000069875 0.056840468 0.000112272 0.999999821 0.000496819 -0.085040621 0.000069819 -0.000496827 0.999999881 2.559167862
1.000000000 -0.000158625 0.000106273 0.060478352 0.000158570 0.999999881 0.000516808 -0.093065217 -0.000106355 -0.000516791 0.999999881 2.794987202
1.000000000 -0.000035988 0.000241132 0.064935192 0.000035844 0.999999821 0.000599574 -0.098424986 -0.000241153 -0.000599566 0.999999821 3.017815113
1.000000000 -0.000222098 0.000130080 0.066206142 0.000222030 0.999999881 0.000517541 -0.103207834 -0.000130195 -0.000517513 0.999999881 3.256978035
1.000000000 -0.000072954 0.000322426 0.073424511 0.000072719 0.999999762 0.000729158 -0.115537621 -0.000322480 -0.000729134 0.999999702 3.488793135
0.999999821 -0.000591038 -0.000068942 0.088114366 0.000591162 0.999998212 0.001800479 -0.135503143 0.000067877 -0.001800519 0.999998391 3.721193552
0.999999821 -0.000629127 -0.000045341 0.094989441 0.000629209 0.999998212 0.001815804 -0.143676162 0.000044198 -0.001815832 0.999998391 3.976331472
0.999999881 -0.000243890 0.000251735 0.093381912 0.000243371 0.999997854 0.002059099 -0.146370277 -0.000252236 -0.002059038 0.999997854 4.240684032
0.999999881 -0.000031546 0.000292482 0.091583483 0.000031138 0.999999046 0.001397504 -0.143725932 -0.000292526 -0.001397495 0.999998987 4.491340160
0.999999881 -0.000022870 0.000510535 0.096928403 0.000022121 0.999998927 0.001468294 -0.152111247 -0.000510568 -0.001468283 0.999998808 4.744378090
0.999999881 -0.000227386 0.000376960 0.104846403 0.000226706 0.999998331 0.001803552 -0.162031278 -0.000377369 -0.001803466 0.999998271 5.010735989
0.999999464 -0.001049617 0.000052208 0.112127542 0.001049517 0.999997675 0.001892896 -0.169326603 -0.000054195 -0.001892840 0.999998152 5.263606548
0.999999464 -0.001042513 -0.000148100 0.123412997 0.001042793 0.999997675 0.001904860 -0.179366082 0.000146114 -0.001905013 0.999998152 5.528078556
0.999999344 -0.001146133 -0.000028230 0.122429274 0.001146185 0.999997497 0.001914364 -0.185174882 0.000026036 -0.001914395 0.999998093 5.803264141
0.999999285 -0.001224500 -0.000063667 0.127205312 0.001224627 0.999997199 0.002051285 -0.196609959 0.000061156 -0.002051361 0.999997854 6.076855659
0.999999702 -0.000396933 0.000621331 0.119744554 0.000395244 0.999996245 0.002715889 -0.221733987 -0.000622407 -0.002715643 0.999996066 6.337800980
0.999999642 -0.000181888 0.000783589 0.125765145 0.000179684 0.999996066 0.002811811 -0.232085332 -0.000784097 -0.002811670 0.999995708 6.624736309
0.999999702 -0.000409152 0.000581855 0.136741668 0.000407566 0.999996245 0.002723229 -0.243079394 -0.000582967 -0.002722991 0.999996066 6.917852879
0.999999583 -0.000276079 0.000804965 0.139425397 0.000273973 0.999996603 0.002615053 -0.248072416 -0.000805684 -0.002614832 0.999996245 7.211132526
0.999999583 0.000061011 0.000837017 0.152573451 -0.000063325 0.999996185 0.002764682 -0.261730611 -0.000836845 -0.002764734 0.999995887 7.490457535
0.999999762 -0.000431390 0.000393803 0.159565806 0.000430288 0.999996006 0.002793601 -0.275942713 -0.000395007 -0.002793432 0.999996006 7.814901829
0.999999821 -0.000345744 0.000333119 0.163776934 0.000344732 0.999995351 0.003035320 -0.282281727 -0.000334167 -0.003035204 0.999995351 8.134613991
0.999999642 -0.000758090 0.000462581 0.168751732 0.000756817 0.999995947 0.002747496 -0.288168788 -0.000464662 -0.002747145 0.999996126 8.470774651
0.999999821 -0.000030894 0.000566416 0.169820547 0.000029242 0.999995708 0.002917114 -0.297343999 -0.000566504 -0.002917097 0.999995589 8.801048279
0.999999762 -0.000183295 0.000667564 0.174799651 0.000181245 0.999995291 0.003068764 -0.311639488 -0.000668123 -0.003068642 0.999995053 9.132965088
0.999999166 -0.000448325 0.001156458 0.174119473 0.000444440 0.999994278 0.003357551 -0.328975767 -0.001157957 -0.003357035 0.999993682 9.463292122
0.999999166 0.000020599 0.001298593 0.179190800 -0.000025164 0.999993861 0.003515625 -0.335732460 -0.001298513 -0.003515655 0.999992907 9.810400009
0.999999225 -0.000478358 0.001106385 0.186403826 0.000474457 0.999993861 0.003523153 -0.344333053 -0.001108063 -0.003522626 0.999993205 10.180120468
0.999999762 -0.000256583 0.000659245 0.193191558 0.000254127 0.999993026 0.003722839 -0.355919361 -0.000660195 -0.003722670 0.999992847 10.517514229
0.999999642 -0.000312851 0.000842514 0.198168799 0.000309670 0.999992847 0.003773704 -0.363025427 -0.000843689 -0.003773441 0.999992549 10.887908936
0.999999583 -0.000205641 0.000809037 0.210401967 0.000202461 0.999992192 0.003929747 -0.375806510 -0.000809838 -0.003929582 0.999991894 11.255754471
0.999999404 -0.000561144 0.000879215 0.213071525 0.000557483 0.999991179 0.004158717 -0.413052589 -0.000881541 -0.004158225 0.999990880 11.647979736
0.999999464 -0.000637352 0.000718407 0.223590896 0.000634322 0.999990880 0.004210122 -0.424408019 -0.000721084 -0.004209665 0.999990880 12.032850266
0.999999285 -0.000140341 0.001142695 0.228102148 0.000135327 0.999990344 0.004386249 -0.434926510 -0.001143299 -0.004386091 0.999989688 12.425974846
0.999999821 -0.000219281 0.000606218 0.254513562 0.000216393 0.999988616 0.004761231 -0.454596698 -0.000607255 -0.004761099 0.999988437 12.777735710
0.999999940 -0.000320187 0.000231934 0.272571385 0.000319087 0.999988735 0.004726202 -0.465549856 -0.000233444 -0.004726127 0.999988794 13.182225227
0.999999762 -0.000233052 0.000578737 0.273623228 0.000230187 0.999987662 0.004944551 -0.476427823 -0.000579882 -0.004944417 0.999987602 13.584434509
0.999999583 0.000166045 0.000887412 0.280981272 -0.000170662 0.999986410 0.005205225 -0.489553303 -0.000886536 -0.005205374 0.999986112 14.003567696
0.999998808 -0.000643674 0.001410167 0.285776347 0.000636140 0.999985516 0.005336792 -0.531904995 -0.001413581 -0.005335888 0.999984682 14.437204361
0.999998033 -0.001009677 0.001738924 0.292824090 0.001000174 0.999984622 0.005456628 -0.539549470 -0.001744407 -0.005454877 0.999983490 14.870106697
0.999997616 -0.001311143 0.001748830 0.306013554 0.001301235 0.999983191 0.005655204 -0.554389238 -0.001756215 -0.005652915 0.999982417 15.300164223
0.999997675 -0.000586991 0.002080787 0.313633323 0.000575020 0.999983251 0.005749230 -0.564469874 -0.002084127 -0.005748020 0.999981284 15.713715553
0.999997497 -0.000711908 0.002144761 0.325463831 0.000698869 0.999981284 0.006074070 -0.577443838 -0.002149045 -0.006072557 0.999979198 16.154720306
0.999997020 -0.001356133 0.001995874 0.339389712 0.001344719 0.999982774 0.005708697 -0.592745245 -0.002003581 -0.005705996 0.999981701 16.598096848
0.999996364 -0.001391446 0.002296304 0.361601174 0.001378321 0.999982715 0.005707701 -0.603214979 -0.002304207 -0.005704515 0.999981046 17.023929596
0.999995589 -0.001639137 0.002513692 0.369487137 0.001624419 0.999981642 0.005846077 -0.616270244 -0.002523229 -0.005841967 0.999979734 17.517520905
0.999995172 -0.001677704 0.002614290 0.387400687 0.001663121 0.999983072 0.005570595 -0.627658188 -0.002623592 -0.005566219 0.999981105 17.981321335
0.999994338 -0.001293766 0.003110461 0.382388592 0.001274655 0.999980271 0.006138481 -0.641070962 -0.003118341 -0.006134481 0.999976337 18.470046997
0.999994397 -0.001311899 0.003075075 0.396272957 0.001292827 0.999979973 0.006195886 -0.654045701 -0.003083141 -0.006191876 0.999976099 18.930143356
0.999994218 -0.001709038 0.002928773 0.417395622 0.001690207 0.999977946 0.006420163 -0.664714038 -0.002939681 -0.006415176 0.999975085 19.416110992
0.999994576 -0.001082608 0.003138924 0.422777086 0.001063537 0.999981046 0.006071121 -0.674325407 -0.003145437 -0.006067749 0.999976635 19.909795761
0.999994338 -0.002278191 0.002465124 0.447710693 0.002262585 0.999977529 0.006315098 -0.705985904 -0.002479456 -0.006309484 0.999976993 20.339139938
0.999994814 -0.002308082 0.002224076 0.458421171 0.002293298 0.999975443 0.006627046 -0.722785771 -0.002239317 -0.006621911 0.999975562 20.823360443
0.999995649 -0.002541305 0.001469613 0.471577436 0.002531909 0.999976635 0.006360422 -0.727704704 -0.001485742 -0.006356674 0.999978662 21.331068039
0.999997139 -0.002043506 0.001227692 0.476256520 0.002035489 0.999976933 0.006496397 -0.743696570 -0.001240939 -0.006493880 0.999978125 21.825429916
0.999998093 -0.001620960 0.001087362 0.477514058 0.001613272 0.999973953 0.007033714 -0.767790258 -0.001098735 -0.007031948 0.999974608 22.262395859
0.999997973 -0.001916201 0.000631597 0.489984512 0.001911917 0.999975562 0.006715966 -0.775706172 -0.000644451 -0.006714745 0.999977231 22.780340195
0.999997079 -0.002407610 0.000039714 0.499849141 0.002407257 0.999970555 0.007282982 -0.793033838 -0.000057248 -0.007282866 0.999973476 23.314548492
0.999994934 -0.003115913 -0.000643237 0.509893775 0.003120498 0.999968827 0.007253666 -0.824099362 0.000620615 -0.007255638 0.999973416 23.791072845
0.999998748 -0.001385406 -0.000730478 0.514981747 0.001390562 0.999973834 0.007106159 -0.833263040 0.000720614 -0.007107167 0.999974430 24.323854446
0.999996662 -0.001923579 -0.001699314 0.531994820 0.001936082 0.999970794 0.007387001 -0.845444143 0.001685055 -0.007390267 0.999971271 24.834365845
0.999995768 -0.001763573 -0.002286607 0.537829518 0.001780565 0.999970675 0.007450845 -0.850857675 0.002273400 -0.007454886 0.999969602 25.377719879
0.999995530 -0.001304313 -0.002672197 0.542219043 0.001323237 0.999973893 0.007092421 -0.863539159 0.002662877 -0.007095926 0.999971271 25.937162399
0.999990463 -0.003026309 -0.003157244 0.547927082 0.003052711 0.999960124 0.008391054 -0.890809655 0.003131724 -0.008400613 0.999959826 26.444669724
0.999987364 -0.002942769 -0.004090186 0.572593212 0.002976951 0.999960482 0.008376474 -0.906699181 0.004065374 -0.008388544 0.999956667 26.991378784
0.999988556 -0.002165451 -0.004279377 0.576016545 0.002201028 0.999962926 0.008326553 -0.923668981 0.004261188 -0.008335877 0.999956250 27.510692596
0.999988914 -0.001956417 -0.004283094 0.575221241 0.001992998 0.999961495 0.008553214 -0.933014333 0.004266195 -0.008561655 0.999954343 28.095769882
0.999988914 -0.001572916 -0.004437147 0.576540649 0.001611092 0.999961615 0.008613341 -0.933834732 0.004423428 -0.008620393 0.999953032 28.524856567
0.999986768 -0.001781216 -0.004821936 0.589232743 0.001822423 0.999961734 0.008554946 -0.944779158 0.004806513 -0.008563619 0.999951780 29.069145203
0.999984682 -0.001910797 -0.005194842 0.584857702 0.001958284 0.999956191 0.009151500 -0.957889616 0.005177128 -0.009161533 0.999944627 29.578552246
0.999983966 -0.001843460 -0.005359474 0.593267560 0.001892373 0.999956429 0.009135654 -0.973374367 0.005342399 -0.009145649 0.999943912 30.125789642
0.999980748 -0.002235765 -0.005790956 0.608276963 0.002289819 0.999953687 0.009344405 -0.982673883 0.005769797 -0.009357484 0.999939561 30.656667709
0.999976933 -0.002286260 -0.006392060 0.621256590 0.002343829 0.999956667 0.009013367 -0.995100975 0.006371176 -0.009028140 0.999938905 31.190761566
0.999971986 -0.002653827 -0.006992805 0.640305877 0.002719716 0.999951899 0.009429839 -1.019948483 0.006967442 -0.009448593 0.999931097 31.725282669
0.999972045 -0.002577678 -0.007011371 0.659951746 0.002643369 0.999952555 0.009376264 -1.023840904 0.006986869 -0.009394538 0.999931395 32.261310577
0.999976575 -0.001763656 -0.006617975 0.613990545 0.001827677 0.999951482 0.009680310 -1.028571606 0.006600582 -0.009692179 0.999931216 32.646415710
0.999977171 -0.001358102 -0.006616143 0.614497423 0.001416644 0.999959886 0.008851765 -1.030161858 0.006603855 -0.008860937 0.999938905 33.209381104
0.999977231 -0.001224907 -0.006632460 0.624496579 0.001287922 0.999954045 0.009505094 -1.050531626 0.006620512 -0.009513418 0.999932826 33.719581604
0.999972284 -0.002164897 -0.007134918 0.635778308 0.002235010 0.999949098 0.009833338 -1.061903715 0.007113267 -0.009849012 0.999926150 34.253223419
0.999976039 -0.001388812 -0.006780488 0.644306302 0.001454692 0.999951601 0.009720937 -1.064698458 0.006766661 -0.009730569 0.999929667 34.796848297
0.999966383 -0.002844801 -0.007688277 0.658397198 0.002920865 0.999946713 0.009900396 -1.122104049 0.007659703 -0.009922521 0.999921381 35.300495148
0.999969304 -0.002107843 -0.007540519 0.664770603 0.002179604 0.999952316 0.009521198 -1.129279137 0.007520089 -0.009537342 0.999926209 35.851966858
0.999968231 -0.001889679 -0.007748638 0.678482831 0.001965763 0.999949872 0.009823087 -1.145524263 0.007729688 -0.009838008 0.999921679 36.395038605
0.999965131 -0.002132190 -0.008072073 0.685518205 0.002213349 0.999947011 0.010058734 -1.161522985 0.008050198 -0.010076249 0.999916792 36.932624817
0.999957800 -0.002803473 -0.008743753 0.690385759 0.002893014 0.999943376 0.010244805 -1.167015672 0.008714536 -0.010269670 0.999909282 37.502170563
0.999968469 -0.001373104 -0.007815596 0.646007061 0.001451663 0.999948382 0.010054810 -1.169105411 0.007801386 -0.010065840 0.999918818 37.891841888
0.999961615 -0.001954563 -0.008544331 0.662628412 0.002038922 0.999949157 0.009875543 -1.179883242 0.008524595 -0.009892584 0.999914706 38.437206268
0.999967217 -0.001454513 -0.007957760 0.663215458 0.001532701 0.999950528 0.009828130 -1.196588278 0.007943072 -0.009840006 0.999920011 38.987102509
0.999963820 -0.001488183 -0.008371419 0.680579424 0.001571340 0.999949396 0.009935627 -1.204710722 0.008356211 -0.009948420 0.999915540 39.535057068
0.999960899 -0.002235527 -0.008556024 0.674520254 0.002320966 0.999947429 0.009988891 -1.217175007 0.008533245 -0.010008357 0.999913454 40.043048859
0.999961734 -0.001882049 -0.008538155 0.665247619 0.001973670 0.999940395 0.010735071 -1.219472647 0.008517441 -0.010751511 0.999905944 40.541957855
0.999960780 -0.001675222 -0.008705353 0.678639770 0.001765746 0.999944329 0.010401404 -1.229465723 0.008687444 -0.010416366 0.999908030 41.087680817
0.999953330 -0.002449278 -0.009344347 0.694942355 0.002550814 0.999937654 0.010869659 -1.238750696 0.009317143 -0.010892988 0.999897301 41.632736206
0.999953687 -0.002462409 -0.009304580 0.693263352 0.002563599 0.999937594 0.010879061 -1.240806937 0.009277210 -0.010902409 0.999897540 42.157211304
0.999956548 -0.002367215 -0.009018548 0.684850931 0.002465968 0.999936879 0.010954627 -1.270716906 0.008992049 -0.010976392 0.999899268 42.620117188
0.999959826 -0.001976504 -0.008738928 0.683246613 0.002074836 0.999934494 0.011257415 -1.287389278 0.008716105 -0.011275096 0.999898374 43.127120972
0.999962151 -0.001619718 -0.008547324 0.686820507 0.001714239 0.999937356 0.011062883 -1.301828027 0.008528871 -0.011077114 0.999902248 43.650123596
0.999956489 -0.002126168 -0.009081676 0.710879326 0.002229008 0.999933362 0.011328889 -1.322795153 0.009056983 -0.011348639 0.999894500 44.174346924
0.999953568 -0.002492903 -0.009308996 0.725721478 0.002602875 0.999926746 0.011820140 -1.337789893 0.009278849 -0.011843819 0.999886751 44.694374084
0.999956548 -0.001982462 -0.009109952 0.723531842 0.002087350 0.999931455 0.011518487 -1.347514987 0.009086493 -0.011537003 0.999892116 45.211055756
0.999955893 -0.002156407 -0.009143065 0.732303977 0.002263178 0.999929190 0.011683604 -1.357135415 0.009117222 -0.011703782 0.999889910 45.766094208
0.999955297 -0.002100039 -0.009225122 0.734796047 0.002210216 0.999926150 0.011949199 -1.367788792 0.009199347 -0.011969055 0.999886036 46.330150604
0.999957740 -0.002046089 -0.008965923 0.747861743 0.002153832 0.999925435 0.012023740 -1.388184428 0.008940652 -0.012042544 0.999887526 46.817085266
0.999949455 -0.003004439 -0.009587696 0.730513752 0.003122844 0.999918699 0.012358715 -1.415718317 0.009549786 -0.012388030 0.999877632 47.204090118
0.999950051 -0.002864386 -0.009577090 0.762389719 0.002980349 0.999922097 0.012116055 -1.397018433 0.009541640 -0.012143994 0.999880731 47.898677826
0.999947786 -0.003252210 -0.009689751 0.744306207 0.003377716 0.999910235 0.012964404 -1.479456902 0.009646719 -0.012996455 0.999868929 48.067085266
0.999950767 -0.002853230 -0.009515045 0.745057702 0.002978499 0.999908745 0.013177298 -1.488671660 0.009476581 -0.013204988 0.999867857 48.603206635
0.999949455 -0.002861800 -0.009629786 0.750666618 0.002984481 0.999914289 0.012749600 -1.448491335 0.009592474 -0.012777697 0.999872267 49.171081543
0.999954581 -0.002854771 -0.009101408 0.759386361 0.002975954 0.999906719 0.013329198 -1.506387472 0.009062507 -0.013355675 0.999869764 49.678188324
0.999947548 -0.003195989 -0.009730595 0.751008689 0.003321795 0.999910772 0.012940311 -1.482357264 0.009688367 -0.012971954 0.999868870 50.243900299
0.999943495 -0.003670540 -0.009973010 0.759337902 0.003796621 0.999912739 0.012652886 -1.490521669 0.009925696 -0.012690036 0.999870181 50.796150208
0.999953210 -0.002497609 -0.009336994 0.741628408 0.002624812 0.999903500 0.013636206 -1.522185802 0.009302035 -0.013660076 0.999863446 51.252414703
0.999953449 -0.002684311 -0.009258362 0.748252928 0.002811954 0.999900758 0.013801456 -1.533230305 0.009220397 -0.013826850 0.999861896 51.792713165
0.999956310 -0.002435913 -0.009023127 0.754367530 0.002561800 0.999899209 0.013966365 -1.545867205 0.008988198 -0.013988870 0.999861777 52.362552643
0.999951303 -0.002624771 -0.009506419 0.769912660 0.002754070 0.999903560 0.013613869 -1.556085944 0.009469770 -0.013639389 0.999862134 52.855773926
0.999955416 -0.002192318 -0.009182774 0.776748419 0.002313217 0.999910474 0.013176030 -1.539826274 0.009153066 -0.013196683 0.999871075 53.459041595
0.999952257 -0.002693861 -0.009408746 0.779560924 0.002819555 0.999906600 0.013371603 -1.568230867 0.009371847 -0.013397491 0.999866307 53.919742584
0.999952614 -0.002708528 -0.009353353 0.785643160 0.002834843 0.999904573 0.013517978 -1.574354291 0.009315846 -0.013543853 0.999864817 54.461357117
0.999953389 -0.002684457 -0.009278167 0.790568233 0.002809246 0.999905407 0.013463007 -1.587270498 0.009241148 -0.013488445 0.999866247 55.007919312
0.999955297 -0.002265938 -0.009178204 0.801677883 0.002387864 0.999908745 0.013295196 -1.600355148 0.009147241 -0.013316520 0.999869466 55.531478882
0.999963820 -0.001356044 -0.008398653 0.799173117 0.001468918 0.999908447 0.013448025 -1.608010411 0.008379648 -0.013459875 0.999874294 56.069805145
0.999950945 -0.002621116 -0.009551687 0.829889596 0.002753205 0.999900401 0.013842063 -1.633274794 0.009514456 -0.013867683 0.999858499 56.480854034
0.999949872 -0.002594368 -0.009664973 0.836948335 0.002730562 0.999896765 0.014105022 -1.641463757 0.009627382 -0.014130706 0.999853790 57.030269623
0.999950230 -0.002411846 -0.009682301 0.847333431 0.002543561 0.999904096 0.013614515 -1.645415545 0.009648536 -0.013638463 0.999860466 57.568988800
0.999948323 -0.003096368 -0.009683337 0.852107227 0.003231917 0.999896646 0.014013985 -1.657710195 0.009638944 -0.014044555 0.999854922 58.110797882
0.999951363 -0.002727310 -0.009480856 0.859341800 0.002860977 0.999896288 0.014113793 -1.666866779 0.009441384 -0.014140231 0.999855399 58.633140564
0.999948680 -0.002878052 -0.009720688 0.871977925 0.003005589 0.999909222 0.013131150 -1.662338734 0.009682015 -0.013159693 0.999866545 59.214035034
0.999947011 -0.002698925 -0.009933815 0.883209705 0.002837062 0.999899089 0.013918033 -1.687598705 0.009895252 -0.013945479 0.999853730 59.680957794
0.999944746 -0.003047669 -0.010063417 0.886333942 0.003184038 0.999903023 0.013562845 -1.692155957 0.010021107 -0.013594138 0.999857366 60.268669128
0.999940515 -0.003613905 -0.010289684 0.889650702 0.003756981 0.999896049 0.013919626 -1.712762952 0.010238312 -0.013957457 0.999850154 60.797435760
0.999945819 -0.003143433 -0.009924690 0.911185801 0.003286659 0.999890208 0.014448193 -1.734064817 0.009878184 -0.014480029 0.999846339 61.249980927
0.999947548 -0.002878514 -0.009834574 0.922844827 0.003021411 0.999889672 0.014546266 -1.749371529 0.009791618 -0.014575217 0.999845803 61.787639618
0.999948502 -0.002532999 -0.009826674 0.926574171 0.002677587 0.999888003 0.014728676 -1.755154610 0.009788267 -0.014754230 0.999843240 62.333900452
0.999943078 -0.002989909 -0.010247475 0.929482937 0.003132285 0.999898374 0.013906033 -1.747812271 0.010204855 -0.013937338 0.999850810 62.897022247
0.999948502 -0.002773799 -0.009762252 0.935387552 0.002912720 0.999894202 0.014245155 -1.760114551 0.009721706 -0.014272857 0.999850810 63.463897705
0.999944270 -0.002918058 -0.010138904 0.945338070 0.003065249 0.999889612 0.014532427 -1.781517506 0.010095378 -0.014562697 0.999842942 63.917556763
0.999946892 -0.002397631 -0.010023692 0.946918905 0.002541243 0.999893904 0.014339129 -1.786210299 0.009988247 -0.014363840 0.999846935 64.471824646
0.999943614 -0.002683235 -0.010274963 0.954360187 0.002828605 0.999895692 0.014159664 -1.794529915 0.010235897 -0.014187928 0.999846995 65.004959106
0.999939144 -0.003421917 -0.010482328 0.961602569 0.003571299 0.999891818 0.014265389 -1.798539400 0.010432379 -0.014301958 0.999843299 65.522270203
0.999937117 -0.003854776 -0.010537091 0.956786096 0.003998775 0.999898434 0.013679093 -1.802374840 0.010483292 -0.013720368 0.999850929 66.094909668
0.999948323 -0.002501637 -0.009852378 0.934327424 0.002648957 0.999884427 0.014968156 -1.849198580 0.009813793 -0.014993479 0.999839425 66.594223022
0.999943376 -0.003317465 -0.010111268 0.950376153 0.003469403 0.999880791 0.015046295 -1.854857683 0.010060146 -0.015080521 0.999835670 67.140609741
0.999942541 -0.002951557 -0.010306908 0.958914280 0.003106978 0.999881208 0.015096053 -1.871659994 0.010261127 -0.015127208 0.999832928 67.676231384
0.999942005 -0.003462055 -0.010204913 0.960530162 0.003616279 0.999878883 0.015133210 -1.869545341 0.010151286 -0.015169234 0.999833345 68.196235657
0.999946058 -0.002748855 -0.010011367 0.973537147 0.002892342 0.999892890 0.014346237 -1.850020647 0.009970858 -0.014374421 0.999846935 68.764282227
0.999953568 -0.001955752 -0.009435057 0.956518233 0.002099012 0.999882281 0.015197833 -1.927891731 0.009404225 -0.015216933 0.999839902 69.335830688
0.999953210 -0.001923545 -0.009473337 0.963429630 0.002065929 0.999884665 0.015043270 -1.932443261 0.009443305 -0.015062138 0.999841869 69.881057739
0.999961019 -0.000536021 -0.008809191 0.964871526 0.000667133 0.999888897 0.014887383 -1.942386508 0.008800233 -0.014892680 0.999850273 70.433517456
0.999954998 -0.001949282 -0.009279194 0.982653856 0.002086489 0.999888241 0.014799866 -1.957333326 0.009249309 -0.014818560 0.999847293 70.929801941
0.999954522 -0.002092301 -0.009301594 0.956542790 0.002233861 0.999881446 0.015234556 -1.965769410 0.009268615 -0.015254643 0.999840617 71.505889893
0.999951005 -0.002528317 -0.009567994 0.967919111 0.002670794 0.999885321 0.014907666 -1.972062111 0.009529203 -0.014932491 0.999843061 72.055603027
0.999962330 -0.001121686 -0.008598298 0.961844444 0.001251911 0.999884367 0.015154997 -1.991150379 0.008580303 -0.015165192 0.999848187 72.646797180
0.999962866 -0.001012813 -0.008559952 0.968860388 0.001143392 0.999882817 0.015263576 -2.001012087 0.008543490 -0.015272799 0.999846876 73.199447632
0.999960482 -0.001246843 -0.008805402 0.985781670 0.001378912 0.999886334 0.015008505 -2.014364243 0.008785687 -0.015020056 0.999848604 73.705581665
0.999964058 -0.001242053 -0.008377991 0.972147167 0.001366034 0.999889433 0.014808903 -2.020220280 0.008358670 -0.014819817 0.999855161 74.269271851
0.999958992 -0.002025112 -0.008824136 0.974113941 0.002145816 0.999903977 0.013690916 -1.993158221 0.008795563 -0.013709290 0.999867320 74.766181946
0.999967098 -0.000698338 -0.008073529 0.994886398 0.000820096 0.999885857 0.015087740 -2.053508282 0.008062070 -0.015093867 0.999853551 75.317245483
0.999959469 -0.001413163 -0.008891321 0.990346670 0.001544899 0.999888897 0.014826791 -2.034599543 0.008869378 -0.014839927 0.999850571 75.896583557
0.999959409 -0.001841434 -0.008825130 1.003143668 0.001967200 0.999896288 0.014263454 -2.046861887 0.008797950 -0.014280235 0.999859273 76.481513977
0.999964535 -0.001320112 -0.008317616 1.002878189 0.001443106 0.999889374 0.014798634 -2.050435066 0.008297162 -0.014810112 0.999855816 76.962799072
0.999960780 -0.001612429 -0.008700263 1.026569605 0.001739901 0.999890983 0.014663818 -2.063419580 0.008675672 -0.014678383 0.999854565 77.551704407
0.999961972 -0.001324026 -0.008618348 1.034070730 0.001449957 0.999891996 0.014622177 -2.076976776 0.008598059 -0.014634117 0.999855936 78.108085632
0.999964237 -0.001615377 -0.008301505 1.032392025 0.001737586 0.999889910 0.014735267 -2.081300735 0.008276789 -0.014749165 0.999856889 78.637809753
0.999973238 -0.001648890 -0.007117804 1.056866884 0.001749835 0.999897659 0.014199196 -2.076601267 0.007093662 -0.014211272 0.999873817 79.206626892
0.999984503 -0.001174776 -0.005433462 1.051463842 0.001252394 0.999896884 0.014303826 -2.098732471 0.005416098 -0.014310410 0.999882877 79.747871399
0.999989808 -0.001649331 -0.004202383 1.072450876 0.001708059 0.999900401 0.014009888 -2.109011650 0.004178858 -0.014016925 0.999893010 80.298988342
0.999998808 -0.001455248 -0.000366230 1.088769436 0.001460167 0.999903500 0.013810644 -2.114992619 0.000346097 -0.013811164 0.999904573 80.852989197
0.999992967 -0.001547968 0.003437030 1.111093044 0.001498630 0.999896467 0.014311053 -2.132907391 -0.003458827 -0.014305801 0.999891698 81.375442505
0.999981284 -0.002713196 0.005478987 1.155328155 0.002637837 0.999902487 0.013714881 -2.111986399 -0.005515665 -0.013700174 0.999890864 81.993751526
0.999949276 -0.002804001 0.009672917 1.191172004 0.002675051 0.999907732 0.013318270 -2.109799862 -0.009709368 -0.013291719 0.999864519 82.600799561
0.999862790 -0.001833939 0.016461106 1.207125902 0.001603955 0.999901056 0.013973691 -2.129243374 -0.016485102 -0.013945371 0.999766886 83.075752258
0.999751687 -0.002837572 0.022103433 1.218042016 0.002521059 0.999894202 0.014334341 -2.155988693 -0.022141762 -0.014275059 0.999652863 83.577476501
0.999617755 -0.002944725 0.027490249 1.263713360 0.002572969 0.999904871 0.013548807 -2.142086983 -0.027527532 -0.013472899 0.999530256 84.183387756
0.999380112 -0.002937691 0.035081510 1.309385061 0.002458372 0.999903142 0.013698355 -2.151545763 -0.035118353 -0.013603618 0.999290586 84.748741150
0.999073505 -0.003682862 0.042876836 1.361114979 0.003105012 0.999903619 0.013535778 -2.161942482 -0.042922541 -0.013390105 0.998988628 85.290657043
0.998742640 -0.003399311 0.050015282 1.393836975 0.002716924 0.999902368 0.013705234 -2.157907963 -0.050056998 -0.013552117 0.998654366 85.903961182
0.998274624 -0.003686771 0.058601934 1.469070673 0.002906479 0.999906003 0.013394778 -2.179980993 -0.058645807 -0.013201342 0.998191535 86.404197693
0.997629642 -0.003606887 0.068716779 1.524921417 0.002686739 0.999905527 0.013478161 -2.187454700 -0.068758897 -0.013261587 0.997545183 86.985961914
0.996977448 -0.003254961 0.077623032 1.600115299 0.002198005 0.999903738 0.013698066 -2.201893806 -0.077660136 -0.013486048 0.996888638 87.538200378
0.996336937 -0.003899252 0.085424788 1.680880547 0.002762243 0.999906063 0.013424207 -2.211390018 -0.085469097 -0.013139069 0.996254325 88.108688354
0.995333850 -0.003439334 0.096429490 1.754063129 0.002120965 0.999902904 0.013771020 -2.219987392 -0.096467495 -0.013502238 0.995244682 88.650978088
0.994272232 -0.004208539 0.106794029 1.842320442 0.002766269 0.999902964 0.013649703 -2.219366074 -0.106841102 -0.013276097 0.994187593 89.219749451
0.993303716 -0.004163970 0.115457535 1.928434372 0.002645056 0.999907911 0.013305705 -2.227601767 -0.115502298 -0.012911214 0.993223310 89.755119324
0.991947114 -0.004023185 0.126589254 2.019288063 0.002336106 0.999906540 0.013472836 -2.233814240 -0.126631603 -0.013068615 0.991863728 90.299484253
0.990318716 -0.004787449 0.138729587 2.125990868 0.002889942 0.999899566 0.013875946 -2.252210140 -0.138782069 -0.013340690 0.990233004 90.820335388
0.988788188 -0.005328537 0.149229556 2.236283302 0.003313872 0.999900043 0.013745847 -2.262111187 -0.149287865 -0.013097204 0.988707006 91.380439758
0.987168193 -0.005517210 0.159588441 2.344038010 0.003402547 0.999902785 0.013520955 -2.264862537 -0.159647509 -0.012804450 0.987091005 91.905204773
0.985073149 -0.006734560 0.172004387 2.471225739 0.004561744 0.999904752 0.013024474 -2.264666080 -0.172075704 -0.012045419 0.985010087 92.440544128
0.982846737 -0.006532663 0.184308171 2.593717575 0.004127711 0.999901235 0.013429192 -2.282308578 -0.184377700 -0.012438066 0.982776761 92.961639404
0.980837703 -0.006732122 0.194710016 2.719260216 0.004158164 0.999898553 0.013625154 -2.287533760 -0.194781974 -0.012554428 0.980766237 93.504776001
0.978134930 -0.006885761 0.207857266 2.853630066 0.004146494 0.999898791 0.013611424 -2.295377731 -0.207929969 -0.012451929 0.978064477 94.022705078
0.975249946 -0.007401404 0.220981196 3.018701553 0.004449824 0.999894142 0.013851534 -2.310031891 -0.221060306 -0.012525382 0.975179672 94.594497681
0.972526908 -0.007016224 0.232684866 3.152116776 0.003870174 0.999894857 0.013974425 -2.315271139 -0.232758448 -0.012689971 0.972451806 95.094383240
0.969733357 -0.008297102 0.244025007 3.333921432 0.005100659 0.999892771 0.013727824 -2.324480057 -0.244112760 -0.012067642 0.969671786 95.644653320
0.966147363 -0.008360463 0.257855058 3.497287750 0.004926345 0.999890447 0.013961224 -2.329990864 -0.257943511 -0.012218317 0.966082752 96.172286987
0.962772489 -0.008873793 0.270167410 3.672115326 0.005288523 0.999888062 0.013995599 -2.335400343 -0.270261347 -0.012045789 0.962711632 96.687835693
0.959424913 -0.008746425 0.281828433 3.850965500 0.004793730 0.999880254 0.014711625 -2.348237991 -0.281923354 -0.012763692 0.959352016 97.239585876
0.955359697 -0.009271206 0.295299679 4.037107468 0.005304123 0.999884665 0.014232296 -2.348696232 -0.295397639 -0.012030654 0.955298662 97.750816345
0.951013923 -0.010030623 0.308985204 4.235857010 0.005925176 0.999881268 0.014222388 -2.356826067 -0.309091270 -0.011694896 0.950960457 98.256904602
0.947384715 -0.010805150 0.319914639 4.432346344 0.006550469 0.999875247 0.014372543 -2.363524675 -0.320030004 -0.011520738 0.947337329 98.756721497
0.942970514 -0.011178598 0.332688481 4.638927460 0.006683509 0.999870300 0.014652738 -2.373200655 -0.332809150 -0.011593572 0.942922950 99.260665894
0.937952578 -0.011432189 0.346574992 4.850625992 0.006754965 0.999869108 0.014700586 -2.380823135 -0.346697718 -0.011447353 0.937906981 99.766296387
0.933310509 -0.011767299 0.358877420 5.070024490 0.006889334 0.999865651 0.014868112 -2.387912512 -0.359004170 -0.011404138 0.933266282 100.273139954
0.929111779 -0.011860552 0.369608730 5.291648865 0.006821613 0.999865174 0.014937184 -2.395418167 -0.369736046 -0.011356984 0.929067433 100.782737732
0.923578024 -0.012011952 0.383222252 5.519962311 0.006824377 0.999865770 0.014893434 -2.396730185 -0.383349717 -0.011139995 0.923536062 101.282478333
0.918093324 -0.012575993 0.396164566 5.757259369 0.007161983 0.999859631 0.015142346 -2.402904034 -0.396299332 -0.011064763 0.918054640 101.769630432
0.913124800 -0.013100105 0.407469451 6.003681183 0.007602712 0.999856949 0.015107893 -2.409920454 -0.407609105 -0.010697521 0.913093865 102.266601562
0.906797290 -0.012986401 0.421366811 6.259098053 0.007292213 0.999859035 0.015122243 -2.411765575 -0.421503782 -0.010640115 0.906764150 102.762535095
0.900086164 -0.013055305 0.435516387 6.525634766 0.007176445 0.999859631 0.015140774 -2.418429375 -0.435652852 -0.010502541 0.900053501 103.260169983
0.894319415 -0.014277179 0.447201431 6.797679901 0.008071619 0.999842942 0.015778869 -2.433662891 -0.447356492 -0.010501709 0.894294143 103.727546692
0.888824224 -0.014357582 0.458023369 7.075065613 0.008096200 0.999844968 0.015630772 -2.436526299 -0.458176821 -0.010184758 0.888802707 104.204002380
0.881869316 -0.014990019 0.471255571 7.356391907 0.008675054 0.999841154 0.015569839 -2.443138361 -0.471414179 -0.009642394 0.881859243 104.680152893
0.874992251 -0.015226172 0.483897477 7.641899109 0.008719295 0.999838829 0.015694236 -2.446379185 -0.484058440 -0.009513088 0.874983966 105.143791199
