1.000000000 0.000000000 0.000000000 0.000000000 0.000000000 1.000000000 0.000000000 0.000000000 0.000000000 0.000000000 1.000000000 0.000000000
1.000000000 0.000008958 0.000043780 -0.000480082 -0.000008962 1.000000000 0.000087855 -0.000416940 -0.000043779 -0.000087855 1.000000000 -0.000283057
1.000000000 -0.000051609 0.000060524 -0.000359860 0.000051610 1.000000000 -0.000007627 0.000194255 -0.000060523 0.000007630 1.000000000 -0.000348142
1.000000000 0.000003640 0.000032819 -0.000173594 -0.000003639 1.000000000 -0.000056085 -0.000086222 -0.000032820 0.000056085 1.000000000 -0.000886168
1.000000000 0.000072911 0.000106654 -0.001471248 -0.000072916 1.000000000 0.000051122 -0.000146323 -0.000106650 -0.000051130 1.000000000 0.000471198
1.000000000 0.000004441 -0.000011271 -0.000002174 -0.000004442 1.000000000 -0.000014772 -0.000126432 0.000011271 0.000014772 1.000000000 -0.000379303
1.000000000 0.000059380 0.000036616 0.000209254 -0.000059380 1.000000000 0.000004897 0.000300203 -0.000036616 -0.000004899 1.000000000 0.000677132
1.000000000 0.000092961 -0.000019003 -0.000483258 -0.000092962 1.000000000 -0.000053217 -0.000003957 0.000018998 0.000053218 1.000000000 -0.000214829
1.000000000 0.000152528 0.000088069 -0.001013609 -0.000152521 1.000000000 -0.000076233 0.000372638 -0.000088081 0.000076219 1.000000000 0.000664383
1.000000000 0.000165837 0.000043079 -0.000500279 -0.000165840 1.000000000 0.000069888 0.000002821 -0.000043068 -0.000069895 1.000000000 0.000598467
1.000000000 0.000088436 0.000036192 0.000348164 -0.000088435 1.000000000 -0.000028267 0.000589117 -0.000036195 0.000028264 1.000000000 0.002042148
1.000000000 0.000085886 0.000055099 -0.000572748 -0.000085889 1.000000000 0.000043098 -0.000603973 -0.000055095 -0.000043103 1.000000000 -0.000311019
1.000000000 0.000165237 0.000046236 -0.000572899 -0.000165236 1.000000000 -0.000037567 0.000643960 -0.000046242 0.000037560 1.000000000 0.000678273
1.000000000 0.000155472 0.000088702 -0.001656007 -0.000155466 1.000000000 -0.000066798 0.000681819 -0.000088712 0.000066784 1.000000000 -0.000065969
1.000000000 0.000049063 0.000068675 -0.000014463 -0.000049063 1.000000000 0.000001353 0.000738945 -0.000068675 -0.000001356 1.000000000 0.002028302
1.000000000 0.000153966 0.000075003 -0.000541919 -0.000153966 1.000000000 -0.000004044 0.000878793 -0.000075004 0.000004033 1.000000000 0.001420923
1.000000000 0.000180155 0.000086587 -0.000971803 -0.000180151 1.000000000 -0.000052277 0.000959248 -0.000086596 0.000052262 1.000000000 0.002251193
1.000000000 0.000199341 0.000136311 -0.001349679 -0.000199342 1.000000000 0.000008386 0.001104254 -0.000136309 -0.000008414 1.000000000 0.001110928
1.000000000 0.000141159 0.000192172 -0.001740627 -0.000141138 1.000000000 -0.000108712 0.001222963 -0.000192188 0.000108685 1.000000000 0.001054717
1.000000000 0.000130281 0.000171929 -0.001807968 -0.000130275 1.000000000 -0.000032428 0.000655454 -0.000171934 0.000032406 1.000000000 0.001532481
0.999999940 0.000205936 0.000143534 -0.001933471 -0.000205927 1.000000000 -0.000065743 0.001533485 -0.000143548 0.000065714 1.000000000 0.001772274
1.000000000 0.000135158 0.000124036 -0.001235710 -0.000135149 1.000000000 -0.000071617 0.000764516 -0.000124046 0.000071601 1.000000000 0.000885388
0.999999940 0.000287776 0.000175818 -0.002185989 -0.000287766 0.999999940 -0.000052445 0.001345587 -0.000175833 0.000052394 1.000000000 0.002236413
0.999999940 0.000337650 0.000142305 -0.002195991 -0.000337648 0.999999940 -0.000019181 0.001111774 -0.000142312 0.000019132 1.000000000 0.001550243
0.999999940 0.000229282 0.000139518 -0.000984823 -0.000229280 1.000000000 -0.000018430 0.000697210 -0.000139522 0.000018398 1.000000000 0.001628382
0.999999940 0.000155991 0.000224678 -0.002136178 -0.000155976 1.000000000 -0.000070687 0.002079889 -0.000224689 0.000070652 1.000000000 0.002338785
0.999999940 0.000244365 0.000195634 -0.001920453 -0.000244371 0.999999940 0.000032040 0.000783759 -0.000195626 -0.000032088 1.000000000 0.001519373
0.999999940 0.000249619 0.000111320 -0.001983513 -0.000249606 0.999999940 -0.000115658 0.001814113 -0.000111348 0.000115631 1.000000000 0.001212985
0.999999940 0.000307237 0.000154069 -0.001957368 -0.000307228 0.999999940 -0.000058032 0.001679795 -0.000154087 0.000057984 1.000000000 0.000874536
0.999999940 0.000237494 0.000225854 -0.001670744 -0.000237481 1.000000000 -0.000056561 0.000585393 -0.000225867 0.000056508 1.000000000 0.001488074
0.999999940 0.000282862 0.000244795 -0.001803155 -0.000282849 0.999999940 -0.000054159 0.001180533 -0.000244811 0.000054090 0.999999940 0.002401108
0.999999940 0.000273759 0.000158505 -0.001269867 -0.000273749 0.999999940 -0.000061983 0.001372920 -0.000158522 0.000061940 1.000000000 0.002564733
0.999999940 0.000243793 0.000198311 -0.001999542 -0.000243792 1.000000000 -0.000006286 0.000527362 -0.000198312 0.000006237 1.000000000 0.000820330
0.999999940 0.000329352 0.000232049 -0.002260289 -0.000329351 0.999999940 -0.000004225 0.001121924 -0.000232050 0.000004148 1.000000000 0.001930462
0.999999940 0.000267112 0.000144508 -0.001037934 -0.000267110 0.999999940 -0.000015279 0.000632823 -0.000144512 0.000015241 1.000000000 0.001654671
0.999999940 0.000269410 0.000165780 -0.001531294 -0.000269403 0.999999940 -0.000044593 0.001370845 -0.000165792 0.000044549 1.000000000 0.001555708
0.999999940 0.000299875 0.000162693 -0.002033379 -0.000299871 0.999999940 -0.000025743 0.001566864 -0.000162700 0.000025694 1.000000000 0.001726364
0.999999940 0.000345125 0.000159887 -0.001804232 -0.000345114 0.999999940 -0.000068138 0.001646613 -0.000159911 0.000068083 1.000000000 0.002540162
0.999999940 0.000336361 0.000108093 -0.000457463 -0.000336355 0.999999940 -0.000056370 0.001896902 -0.000108112 0.000056334 1.000000000 0.001858326
1.000000000 0.000188319 0.000138703 -0.000484280 -0.000188300 1.000000000 -0.000139551 0.001230826 -0.000138729 0.000139524 1.000000000 0.001819675
0.999997735 0.001586822 0.001424991 -0.010816324 -0.001586553 0.999998748 -0.000190217 -0.006349845 -0.001425291 0.000187956 0.999998987 0.048751868
0.999997675 0.001613520 0.001419858 -0.008588063 -0.001612400 0.999998391 -0.000789893 -0.006109157 -0.001421130 0.000787602 0.999998689 0.141493440
0.999997735 0.001643717 0.001353530 -0.006765136 -0.001642122 0.999997973 -0.001178423 -0.010223424 -0.001355464 0.001176198 0.999998331 0.252009839
0.999997556 0.001720975 0.001387162 -0.004226085 -0.001719369 0.999997854 -0.001158562 -0.013680338 -0.001389152 0.001156174 0.999998391 0.381170422
0.999997377 0.001803993 0.001419039 -0.002126173 -0.001802522 0.999997854 -0.001037311 -0.016847216 -0.001420907 0.001034750 0.999998450 0.525990546
0.999997556 0.001631932 0.001510671 0.000930594 -0.001630710 0.999998331 -0.000809660 -0.021520562 -0.001511990 0.000807195 0.999998510 0.681214809
0.999997020 0.001791129 0.001688894 0.004435041 -0.001789980 0.999998212 -0.000681180 -0.025665633 -0.001690112 0.000678155 0.999998271 0.842704535
0.999997795 0.001463193 0.001538542 0.009294312 -0.001462467 0.999998927 -0.000472705 -0.032127608 -0.001539232 0.000470453 0.999998689 1.011852503
0.999997318 0.001703228 0.001584082 0.011452614 -0.001702506 0.999998450 -0.000457560 -0.034506943 -0.001584859 0.000454861 0.999998629 1.191116452
0.999996603 0.002069575 0.001577417 0.015872492 -0.002069262 0.999997854 -0.000199736 -0.043360554 -0.001577827 0.000196471 0.999998748 1.382589817
0.999997139 0.001994396 0.001341760 0.021091778 -0.001994055 0.999998033 -0.000255233 -0.047134452 -0.001342267 0.000252556 0.999999106 1.573521376
0.999997437 0.001685362 0.001493082 0.024126278 -0.001685339 0.999998629 -0.000016640 -0.052205220 -0.001493108 0.000014124 0.999998927 1.775673747
0.999995172 0.002199391 0.002191621 0.018625077 -0.002200160 0.999997437 0.000348580 -0.063721329 -0.002190848 -0.000353400 0.999997556 1.979372144
0.999995410 0.002040241 0.002236718 0.023776542 -0.002041000 0.999997795 0.000337047 -0.070993364 -0.002236025 -0.000341611 0.999997437 2.190411568
0.999994278 0.002238259 0.002553454 0.026995048 -0.002239661 0.999997377 0.000546632 -0.076455660 -0.002552224 -0.000552348 0.999996603 2.408537149
0.999994338 0.002399076 0.002350505 0.033348396 -0.002399626 0.999997079 0.000231263 -0.081921972 -0.002349944 -0.000236902 0.999997199 2.634628534
0.999994874 0.002072371 0.002419811 0.037272368 -0.002074226 0.999997497 0.000764437 -0.093448870 -0.002418221 -0.000769453 0.999996781 2.868131638
0.999995768 0.001804230 0.002267408 0.045736551 -0.001806445 0.999997854 0.000975258 -0.095252834 -0.002265644 -0.000979350 0.999996901 3.108088970
0.999994576 0.002240120 0.002418176 0.050172154 -0.002242102 0.999997139 0.000817459 -0.107243203 -0.002416338 -0.000822876 0.999996722 3.345987558
0.999993622 0.002211434 0.002831578 0.052512828 -0.002213698 0.999997199 0.000796443 -0.113873124 -0.002829809 -0.000802706 0.999995649 3.596361637
0.999994457 0.002209584 0.002487748 0.060128443 -0.002211679 0.999997199 0.000839454 -0.120021068 -0.002485886 -0.000844952 0.999996543 3.861521482
0.999994159 0.002216792 0.002597994 0.066468835 -0.002219656 0.999996901 0.001099677 -0.127719000 -0.002595549 -0.001105437 0.999996006 4.115626812
0.999993742 0.002207410 0.002761727 0.073435426 -0.002210579 0.999996901 0.001144964 -0.133442923 -0.002759191 -0.001151062 0.999995530 4.373659611
0.999993920 0.002138830 0.002749816 0.076794870 -0.002142204 0.999996960 0.001224327 -0.144317269 -0.002747189 -0.001230210 0.999995470 4.641368389
0.999992371 0.002408304 0.003045579 0.083750889 -0.002410677 0.999996722 0.000775690 -0.147202253 -0.003043701 -0.000783026 0.999995112 4.905681610
0.999992073 0.002642390 0.002956885 0.088872507 -0.002646307 0.999995589 0.001321487 -0.155143738 -0.002953380 -0.001329302 0.999994695 5.174659252
0.999990046 0.003152021 0.003154468 0.091790877 -0.003155957 0.999994218 0.001243346 -0.165909529 -0.003150531 -0.001253289 0.999994218 5.440018177
0.999990702 0.002840997 0.003247340 0.098611780 -0.002845436 0.999994993 0.001363299 -0.174512595 -0.003243451 -0.001372527 0.999993801 5.709232330
0.999990463 0.002989758 0.003172632 0.100198731 -0.002993223 0.999994874 0.001088182 -0.177533761 -0.003169363 -0.001097668 0.999994397 5.986808777
0.999989510 0.003210870 0.003253168 0.105125904 -0.003214154 0.999994338 0.001004696 -0.184717536 -0.003249923 -0.001015142 0.999994218 6.268008709
0.999989688 0.003089634 0.003326495 0.116415650 -0.003093967 0.999994397 0.001298148 -0.193268642 -0.003322466 -0.001308427 0.999993622 6.560734749
0.999989927 0.003295586 0.003035940 0.122177169 -0.003299423 0.999993801 0.001259487 -0.199283853 -0.003031770 -0.001269492 0.999994576 6.854784489
0.999990940 0.002872295 0.003140584 0.130818009 -0.002876164 0.999995112 0.001227854 -0.212146759 -0.003137042 -0.001236876 0.999994338 7.154275417
0.999989510 0.003190801 0.003263026 0.137747213 -0.003195557 0.999993861 0.001453339 -0.221920654 -0.003258369 -0.001463751 0.999993622 7.457568645
0.999992311 0.002462628 0.003035304 0.148048595 -0.002466852 0.999996066 0.001388634 -0.232771322 -0.003031872 -0.001396111 0.999994457 7.761949062
0.999992311 0.002548720 0.002968621 0.157512382 -0.002552567 0.999995947 0.001292980 -0.238079339 -0.002965313 -0.001300547 0.999994814 8.080922127
0.999989390 0.003190085 0.003322345 0.162540779 -0.003195237 0.999993682 0.001546529 -0.256180286 -0.003317390 -0.001557128 0.999993265 8.407261848
0.999990404 0.003000270 0.003182232 0.171143308 -0.003004611 0.999994516 0.001360034 -0.262329191 -0.003178134 -0.001369582 0.999993980 8.736824036
0.999986470 0.003699105 0.003644178 0.171214268 -0.003704633 0.999991953 0.001511470 -0.266811490 -0.003638557 -0.001524950 0.999992192 9.081801414
0.999986887 0.003805744 0.003412358 0.180764884 -0.003811014 0.999991477 0.001539177 -0.279759020 -0.003406471 -0.001552161 0.999992967 9.419450760
0.999984562 0.004043322 0.003813817 0.188142955 -0.004049661 0.999990463 0.001655793 -0.289985418 -0.003807086 -0.001671212 0.999991357 9.763509750
0.999983191 0.004212788 0.003976273 0.197917044 -0.004219369 0.999989748 0.001648193 -0.296916038 -0.003969288 -0.001664943 0.999990702 10.122567177
0.999985099 0.004187175 0.003480771 0.207823724 -0.004192702 0.999989927 0.001582097 -0.311437339 -0.003474111 -0.001596668 0.999992669 10.477176666
0.999984741 0.004173598 0.003612029 0.217119575 -0.004179864 0.999989748 0.001728862 -0.322383016 -0.003604777 -0.001743934 0.999991953 10.840105057
0.999984741 0.004115545 0.003672194 0.226406395 -0.004122343 0.999989808 0.001845620 -0.329588771 -0.003664560 -0.001860730 0.999991596 11.213364601
0.999986947 0.003628497 0.003573908 0.234396100 -0.003634408 0.999991953 0.001648870 -0.339474529 -0.003567897 -0.001661838 0.999992251 11.593597412
0.999985337 0.004076991 0.003552966 0.244535878 -0.004082853 0.999990225 0.001644082 -0.346908152 -0.003546228 -0.001658564 0.999992311 11.978806496
0.999985635 0.003887700 0.003691926 0.253512502 -0.003894589 0.999990702 0.001860465 -0.361801952 -0.003684658 -0.001874816 0.999991477 12.357376099
0.999987662 0.003692107 0.003315072 0.266575068 -0.003699903 0.999990463 0.002348718 -0.372437328 -0.003306368 -0.002360954 0.999991715 12.740272522
0.999986768 0.003641933 0.003639055 0.271774977 -0.003649957 0.999990940 0.002200886 -0.384785861 -0.003631007 -0.002214139 0.999991000 13.148263931
0.999987543 0.003543159 0.003522560 0.287328154 -0.003551766 0.999990702 0.002440311 -0.398945242 -0.003513881 -0.002452792 0.999990821 13.513130188
0.999981761 0.004431146 0.004101538 0.287381113 -0.004438037 0.999988735 0.001672659 -0.403937340 -0.004094080 -0.001690832 0.999990106 13.962674141
0.999977469 0.005006552 0.004471773 0.293110222 -0.005014033 0.999985993 0.001663344 -0.414784044 -0.004463383 -0.001685729 0.999988556 14.381574631
0.999977231 0.004665957 0.004869456 0.302644491 -0.004674753 0.999987364 0.001796615 -0.430902064 -0.004861013 -0.001819337 0.999986529 14.794021606
0.999979496 0.004419473 0.004639710 0.319760382 -0.004426172 0.999989152 0.001434569 -0.431046605 -0.004633320 -0.001455076 0.999988198 15.236614227
0.999978721 0.004458142 0.004759909 0.331046611 -0.004465867 0.999988735 0.001613610 -0.444582790 -0.004752661 -0.001634833 0.999987364 15.673653603
0.999974310 0.004581462 0.005518812 0.339022785 -0.004591080 0.999988019 0.001731316 -0.455493659 -0.005510814 -0.001756609 0.999983251 16.122568130
0.999971867 0.004754040 0.005787110 0.348111153 -0.004763596 0.999987304 0.001638696 -0.466384321 -0.005779246 -0.001666218 0.999981940 16.553178787
0.999971330 0.004489019 0.006101736 0.361577064 -0.004498892 0.999988616 0.001605310 -0.477794826 -0.006094460 -0.001632715 0.999980092 17.006145477
0.999969721 0.004463989 0.006377192 0.365558922 -0.004473391 0.999989033 0.001460896 -0.487305880 -0.006370601 -0.001489379 0.999978602 17.451665878
0.999968052 0.004752113 0.006419942 0.380662501 -0.004762377 0.999987423 0.001584461 -0.497129977 -0.006412331 -0.001614985 0.999978125 17.918388367
0.999964535 0.004934013 0.006830553 0.392619848 -0.004942412 0.999987066 0.001213319 -0.504610121 -0.006824478 -0.001247035 0.999975979 18.387441635
0.999965966 0.004437050 0.006961833 0.412504256 -0.004447741 0.999988914 0.001520924 -0.516455233 -0.006955008 -0.001551836 0.999974608 18.857570648
0.999962330 0.004875719 0.007177309 0.415399730 -0.004889606 0.999986172 0.001918516 -0.544084132 -0.007167856 -0.001953538 0.999972343 19.321178436
0.999959946 0.005441989 0.007108199 0.449941725 -0.005450944 0.999984324 0.001240988 -0.538939595 -0.007101333 -0.001279685 0.999974012 19.810361862
0.999964118 0.004698857 0.007037043 0.439025760 -0.004714680 0.999986351 0.002233743 -0.568266690 -0.007026451 -0.002266840 0.999972761 20.293489456
0.999966145 0.004615324 0.006816905 0.460986048 -0.004631131 0.999986649 0.002304829 -0.598839700 -0.006806176 -0.002336321 0.999974132 20.749286652
0.999972045 0.004198396 0.006190992 0.482217312 -0.004214964 0.999987543 0.002665560 -0.608572960 -0.006179725 -0.002691581 0.999977231 21.225833893
0.999969542 0.005178249 0.005844716 0.506117702 -0.005191466 0.999984026 0.002248524 -0.615948915 -0.005832979 -0.002278798 0.999980390 21.734527588
0.999963760 0.004890588 0.006964833 0.474953234 -0.004903485 0.999986231 0.001835810 -0.623597562 -0.006955759 -0.001869895 0.999974012 22.211927414
0.999962747 0.004971089 0.007039696 0.488013297 -0.004984507 0.999985754 0.001889916 -0.636498988 -0.007030201 -0.001924935 0.999973416 22.725042343
0.999961495 0.005740636 0.006629803 0.499958813 -0.005752753 0.999981761 0.001810126 -0.643717468 -0.006619291 -0.001848196 0.999976397 23.248859406
0.999971449 0.005136583 0.005539188 0.506781161 -0.005149138 0.999984205 0.002254526 -0.663879037 -0.005527519 -0.002282983 0.999982178 23.753414154
0.999976575 0.004696473 0.004970555 0.516392469 -0.004705750 0.999987245 0.001856591 -0.677168846 -0.004961771 -0.001879937 0.999985933 24.350463867
0.999983549 0.003355495 0.004647757 0.549364388 -0.003367283 0.999991119 0.002530686 -0.696452737 -0.004639224 -0.002546295 0.999985993 24.837614059
0.999976933 0.004785935 0.004819495 0.508832633 -0.004800741 0.999983788 0.003065221 -0.733050108 -0.004804747 -0.003088287 0.999983609 25.280302048
0.999975204 0.005752934 0.004034397 0.518839955 -0.005764994 0.999978900 0.002984321 -0.745051563 -0.004017143 -0.003007506 0.999987364 25.823955536
0.999972045 0.006166168 0.004215192 0.525963187 -0.006179856 0.999975681 0.003241949 -0.760793269 -0.004195099 -0.003267908 0.999985874 26.373508453
0.999979556 0.005380288 0.003453401 0.548676014 -0.005392467 0.999979258 0.003527055 -0.768092990 -0.003434352 -0.003545607 0.999987781 26.924953461
0.999984026 0.004900697 0.002805285 0.559999824 -0.004912177 0.999979496 0.004100577 -0.795112908 -0.002785132 -0.004114293 0.999987662 27.439897537
0.999979258 0.005381574 0.003545527 0.549168706 -0.005393376 0.999979854 0.003327553 -0.799524069 -0.003527548 -0.003346606 0.999988198 27.936153412
0.999975622 0.006193984 0.003248887 0.559215128 -0.006206349 0.999973416 0.003810033 -0.811976194 -0.003225202 -0.003830103 0.999987483 28.489833832
0.999978960 0.005747901 0.003009397 0.570907950 -0.005758842 0.999976814 0.003639291 -0.827293932 -0.002988409 -0.003656544 0.999988854 29.010641098
0.999978721 0.005896151 0.002811699 0.584982693 -0.005907464 0.999974430 0.004032372 -0.846368432 -0.002787852 -0.004048896 0.999987900 29.577804565
0.999975860 0.006510071 0.002447427 0.593403995 -0.006518266 0.999973118 0.003355222 -0.852584958 -0.002425519 -0.003371095 0.999991417 30.105817795
0.999976754 0.005972339 0.003284458 0.584626079 -0.005985839 0.999973536 0.004115755 -0.881451905 -0.003259791 -0.004135320 0.999986053 30.600059509
0.999966741 0.007471295 0.003282039 0.600260854 -0.007480737 0.999967933 0.002873912 -0.858602047 -0.003260462 -0.002898368 0.999990523 31.187318802
0.999981165 0.005285408 0.003112835 0.604850531 -0.005297936 0.999977827 0.004030119 -0.910998583 -0.003091466 -0.004046535 0.999987006 31.694625854
0.999978125 0.006010387 0.002767479 0.617994845 -0.006021980 0.999972999 0.004199881 -0.931772530 -0.002742162 -0.004216455 0.999987304 32.223793030
0.999980271 0.005898363 0.002160197 0.628944218 -0.005906473 0.999975443 0.003767556 -0.923127532 -0.002137921 -0.003780241 0.999990582 32.704078674
0.999978304 0.006345626 0.001806167 0.654584169 -0.006353320 0.999970555 0.004285530 -0.958088040 -0.001778920 -0.004296912 0.999989152 33.285324097
0.999977469 0.006393506 0.002054349 0.646630943 -0.006401172 0.999972522 0.003746697 -0.950590491 -0.002030338 -0.003759762 0.999990880 33.766551971
0.999979675 0.006209938 0.001469711 0.661756039 -0.006215229 0.999974132 0.003622372 -0.964230180 -0.001447178 -0.003631432 0.999992371 34.301059723
0.999974847 0.006898675 0.001652843 0.672316372 -0.006904864 0.999969065 0.003768636 -0.983703673 -0.001626794 -0.003779954 0.999991536 34.829490662
0.999983847 0.005623296 0.000873776 0.697008908 -0.005626245 0.999978423 0.003410177 -0.976306140 -0.000854580 -0.003415037 0.999993801 35.351638794
0.999978900 0.006467965 0.000665184 0.706106305 -0.006470137 0.999973595 0.003316038 -0.991079032 -0.000643718 -0.003320272 0.999994278 35.864845276
0.999983013 0.005811341 0.000393237 0.748180270 -0.005812512 0.999978542 0.003042702 -0.983274996 -0.000375546 -0.003044936 0.999995351 36.401363373
0.999972701 0.007370042 0.000510420 0.771747649 -0.007371648 0.999967635 0.003216816 -1.005620718 -0.000486696 -0.003220491 0.999994755 36.864635468
0.999985754 0.005204930 0.001212520 0.739701569 -0.005209873 0.999978125 0.004108349 -1.053163171 -0.001191110 -0.004114606 0.999990821 37.429649353
0.999985039 0.005330418 0.001237447 0.749683261 -0.005335405 0.999977648 0.004061519 -1.066146255 -0.001215770 -0.004068060 0.999991000 37.979328156
0.999983072 0.005753289 0.000930517 0.768421113 -0.005756585 0.999977171 0.003578751 -1.072482586 -0.000909906 -0.003584047 0.999993145 38.528842926
0.999985576 0.005172329 0.001445306 0.720225513 -0.005177983 0.999978840 0.003936213 -1.083112001 -0.001424916 -0.003943641 0.999991238 38.991214752
0.999986112 0.005054831 0.001488820 0.731278539 -0.005060382 0.999980152 0.003748345 -1.094610095 -0.001469843 -0.003755827 0.999991894 39.520320892
0.999984980 0.005328201 0.001304999 0.748853981 -0.005332928 0.999979138 0.003645059 -1.112870812 -0.001285549 -0.003651963 0.999992549 40.053592682
0.999985158 0.005327157 0.001108186 0.772541761 -0.005331018 0.999979615 0.003510999 -1.121346474 -0.001089460 -0.003516855 0.999993265 40.595382690
0.999984682 0.005278349 0.001677408 0.754206061 -0.005284924 0.999978244 0.003939784 -1.139300823 -0.001656577 -0.003948588 0.999990821 41.092613220
0.999982238 0.005853195 0.001132101 0.794126987 -0.005856610 0.999978185 0.003037367 -1.119205832 -0.001114298 -0.003043943 0.999994755 41.656829834
0.999985993 0.005051826 0.001615318 0.801325023 -0.005057824 0.999980211 0.003730991 -1.176146150 -0.001596438 -0.003739109 0.999991715 42.133533478
0.999983013 0.005379043 0.002281787 0.774381518 -0.005388804 0.999976277 0.004293340 -1.186312795 -0.002258640 -0.004305564 0.999988139 42.609455109
0.999981761 0.005774493 0.001782105 0.811815202 -0.005780624 0.999977291 0.003454369 -1.186598778 -0.001762118 -0.003464607 0.999992430 43.120578766
0.999979377 0.005947546 0.002424041 0.775478959 -0.005956190 0.999975860 0.003574017 -1.192218781 -0.002402726 -0.003588381 0.999990702 43.690498352
0.999978960 0.006053952 0.002338317 0.785028934 -0.006061877 0.999975801 0.003397267 -1.201412559 -0.002317693 -0.003411370 0.999991477 44.227817535
0.999975026 0.006629797 0.002470584 0.793614984 -0.006637899 0.999972522 0.003286357 -1.217684865 -0.002448728 -0.003302675 0.999991536 44.777786255
0.999971628 0.007048875 0.002671913 0.810433924 -0.007056894 0.999970555 0.003003688 -1.227538824 -0.002650661 -0.003022458 0.999991894 45.325363159
0.999973476 0.006617661 0.003039709 0.806302309 -0.006627385 0.999972939 0.003199668 -1.238800287 -0.003018452 -0.003219729 0.999990284 45.797325134
0.999973714 0.006968406 0.001989121 0.836188614 -0.006973137 0.999972880 0.002381524 -1.233855486 -0.001972470 -0.002395332 0.999995232 46.412590027
0.999972880 0.006921905 0.002508772 0.829273701 -0.006929844 0.999970973 0.003169708 -1.269163013 -0.002486758 -0.003187008 0.999991894 46.891235352
0.999977350 0.006401309 0.002070007 0.840120673 -0.006407869 0.999974430 0.003178214 -1.288762927 -0.002049610 -0.003191406 0.999992847 47.458244324
0.999976575 0.006511155 0.002101724 0.864456236 -0.006518220 0.999973118 0.003372642 -1.295750856 -0.002079707 -0.003386262 0.999992192 47.959068298
0.999975801 0.006284294 0.002982145 0.854586363 -0.006295566 0.999973059 0.003785713 -1.321215391 -0.002958274 -0.003804395 0.999988377 48.350692749
0.999970019 0.006936126 0.003443055 0.859642029 -0.006950389 0.999967217 0.004147753 -1.354821205 -0.003414173 -0.004171559 0.999985516 48.948974609
0.999967933 0.006910669 0.004038026 0.850728273 -0.006924785 0.999969900 0.003492159 -1.324537039 -0.004013770 -0.003520010 0.999985754 49.425525665
0.999980867 0.004931159 0.003752278 0.863519728 -0.004946368 0.999979496 0.004054487 -1.342630625 -0.003732208 -0.004072969 0.999984741 49.961170197
0.999982357 0.005295722 0.002694218 0.889966309 -0.005306247 0.999978185 0.003914071 -1.359717488 -0.002673432 -0.003928298 0.999988735 50.506309509
0.999973655 0.006326581 0.003549038 0.892228365 -0.006339186 0.999973655 0.003552019 -1.372326732 -0.003526472 -0.003574424 0.999987483 51.059345245
0.999965549 0.007114984 0.004267137 0.892119229 -0.007130091 0.999968290 0.003535274 -1.378599405 -0.004241848 -0.003565578 0.999984622 51.529994965
0.999963105 0.007623896 0.003950041 0.929799497 -0.007635904 0.999966264 0.003033839 -1.402058005 -0.003926777 -0.003063888 0.999987602 52.118942261
0.999964833 0.007109507 0.004453369 0.913425624 -0.007124956 0.999968767 0.003462884 -1.407902002 -0.004428611 -0.003494492 0.999984026 52.585395813
0.999967217 0.006879747 0.004267764 0.928384960 -0.006893658 0.999970973 0.003253045 -1.419085383 -0.004245260 -0.003282360 0.999985576 53.114688873
0.999959826 0.007586857 0.004778584 0.929500759 -0.007601481 0.999966443 0.003049457 -1.429147005 -0.004755288 -0.003085659 0.999983907 53.642253876
0.999958575 0.007769677 0.004748129 0.943197489 -0.007782918 0.999965847 0.002776836 -1.441870809 -0.004726391 -0.002813675 0.999984860 54.185939789
0.999961376 0.007342570 0.004833905 0.949716210 -0.007359337 0.999966919 0.003459806 -1.458700776 -0.004808341 -0.003495246 0.999982357 54.674285889
0.999963999 0.007052418 0.004717155 0.962143302 -0.007069304 0.999968648 0.003572521 -1.468777537 -0.004691813 -0.003605740 0.999982476 55.202804565
0.999960840 0.007238387 0.005088043 0.974293947 -0.007255274 0.999968231 0.003308573 -1.481423736 -0.005063932 -0.003345359 0.999981523 55.746658325
0.999961555 0.007292410 0.004886517 0.999451876 -0.007309915 0.999966919 0.003573960 -1.495018482 -0.004860294 -0.003609543 0.999981701 56.260128021
0.999956667 0.007564377 0.005409170 0.987115979 -0.007579298 0.999967456 0.002743141 -1.496264100 -0.005388244 -0.002784020 0.999981582 56.822399139
0.999949276 0.008315539 0.005686800 1.026018739 -0.008326729 0.999963343 0.001946866 -1.480222702 -0.005670403 -0.001994119 0.999981999 57.419948578
0.999952912 0.007556811 0.006081329 1.009524107 -0.007572514 0.999967992 0.002563112 -1.523472548 -0.006061765 -0.002609042 0.999978185 57.905731201
0.999955952 0.007343270 0.005849855 1.008251786 -0.007358681 0.999969423 0.002617387 -1.529684544 -0.005830456 -0.002660319 0.999979377 58.317222595
0.999961436 0.007270806 0.004922142 1.062821865 -0.007283277 0.999970198 0.002520528 -1.540827274 -0.004903670 -0.002556280 0.999984622 59.009170532
0.999953687 0.007482777 0.006057012 1.038177013 -0.007496109 0.999969482 0.002181424 -1.557001829 -0.006040505 -0.002226727 0.999979258 59.408237457
0.999952078 0.007758214 0.005981673 1.048986912 -0.007774765 0.999965906 0.002748781 -1.579527020 -0.005960144 -0.002795155 0.999978244 59.948440552
0.999951303 0.007444174 0.006480249 1.049658895 -0.007461930 0.999968469 0.002720213 -1.582412124 -0.006459795 -0.002768436 0.999975264 60.397758484
0.999957681 0.007212177 0.005713871 1.108278036 -0.007222584 0.999972284 0.001802867 -1.577638030 -0.005700709 -0.001844059 0.999982059 61.099880219
0.999952495 0.007285683 0.006474307 1.075703502 -0.007301752 0.999970436 0.002462055 -1.610168338 -0.006456177 -0.002509212 0.999976039 61.436504364
0.999948263 0.007733236 0.006608984 1.086552382 -0.007749703 0.999966919 0.002469614 -1.621019363 -0.006589667 -0.002520705 0.999975085 61.970874786
0.999948084 0.007592641 0.006791480 1.098116875 -0.007608253 0.999968469 0.002275983 -1.637320757 -0.006773986 -0.002327536 0.999974370 62.494403839
0.999944627 0.007989852 0.006845857 1.110739708 -0.008005384 0.999965429 0.002244522 -1.652236462 -0.006827687 -0.002299201 0.999974072 63.041149139
0.999944925 0.007874710 0.006929394 1.120632291 -0.007889726 0.999966562 0.002142464 -1.662811518 -0.006912291 -0.002197017 0.999973714 63.536197662
0.999944031 0.007925233 0.007013144 1.132954955 -0.007942696 0.999965429 0.002465687 -1.683587670 -0.006993361 -0.002521252 0.999972343 64.094291687
0.999941945 0.007895296 0.007328179 1.145538092 -0.007911716 0.999966204 0.002214253 -1.692391753 -0.007310449 -0.002272103 0.999970734 64.597450256
0.999943972 0.007823829 0.007123905 1.166368127 -0.007837677 0.999967396 0.001918146 -1.701023459 -0.007108665 -0.001973873 0.999972761 65.112205505
0.999956906 0.006901629 0.006213051 1.222353578 -0.006911783 0.999974787 0.001614268 -1.714664221 -0.006201754 -0.001657142 0.999979377 65.732437134
0.999942183 0.007776524 0.007421939 1.193202019 -0.007790351 0.999967933 0.001835810 -1.731508017 -0.007407425 -0.001893524 0.999970794 66.148239136
0.999931753 0.008617631 0.007888122 1.198764324 -0.008634110 0.999960601 0.002057556 -1.750728726 -0.007870080 -0.002125522 0.999966860 66.682266235
0.999925077 0.008822515 0.008486275 1.220471144 -0.008840829 0.999958694 0.002122924 -1.766169786 -0.008467195 -0.002197790 0.999961793 67.216781616
0.999932051 0.008404640 0.008080200 1.225486040 -0.008420045 0.999962807 0.001874084 -1.768301487 -0.008064148 -0.001941992 0.999965668 67.732124329
0.999929309 0.008684335 0.008126133 1.241108656 -0.008699317 0.999960482 0.001809866 -1.784179926 -0.008110095 -0.001880429 0.999965310 68.315246582
0.999907672 0.010315467 0.008848108 1.263565660 -0.010328339 0.999945700 0.001410076 -1.796052217 -0.008833082 -0.001501332 0.999959886 68.931068420
0.999929428 0.008638991 0.008160659 1.262669563 -0.008652257 0.999961317 0.001591487 -1.810373783 -0.008146593 -0.001661982 0.999965429 69.437301636
0.999935865 0.008116462 0.007898818 1.281020045 -0.008130579 0.999965370 0.001756384 -1.827078223 -0.007884289 -0.001820493 0.999967277 69.823860168
0.999942362 0.007158283 0.008011153 1.312421799 -0.007174975 0.999972105 0.002056732 -1.841339707 -0.007996207 -0.002114093 0.999965727 70.531028748
0.999928117 0.008719572 0.008222097 1.306023002 -0.008737481 0.999959469 0.002144632 -1.859057784 -0.008203063 -0.002216319 0.999963939 70.934616089
0.999915063 0.009322988 0.009100720 1.305822134 -0.009344322 0.999953747 0.002304415 -1.881441474 -0.009078815 -0.002389259 0.999955952 71.477111816
0.999925077 0.008792705 0.008518540 1.327366233 -0.008806039 0.999960065 0.001529054 -1.881305337 -0.008504756 -0.001603954 0.999962568 71.918891907
0.999939740 0.007737449 0.007794593 1.383370399 -0.007749752 0.999968767 0.001549264 -1.904856324 -0.007782361 -0.001609577 0.999968469 72.632270813
0.999916136 0.009491352 0.008819961 1.351217628 -0.009504030 0.999953866 0.001396646 -1.906360984 -0.008806298 -0.001480354 0.999960184 73.042236328
0.999919653 0.009019485 0.008910033 1.370138884 -0.009033590 0.999957919 0.001543897 -1.921492934 -0.008895733 -0.001624263 0.999959111 73.497467041
0.999918520 0.009124538 0.008925640 1.389854550 -0.009136660 0.999957383 0.001318026 -1.936824679 -0.008913233 -0.001399470 0.999959290 74.025588989
0.999903560 0.010416144 0.009182523 1.397991180 -0.010421206 0.999945521 0.000503277 -1.945505619 -0.009176780 -0.000598922 0.999957740 74.573570251
0.999912679 0.009382902 0.009301264 1.415815353 -0.009392769 0.999955297 0.001017539 -1.962637544 -0.009291301 -0.001104815 0.999956250 75.084312439
0.999917388 0.009411375 0.008752602 1.436163187 -0.009417374 0.999955475 0.000644512 -1.975318193 -0.008746145 -0.000726885 0.999961495 75.670837402
0.999916196 0.009342180 0.008965220 1.447219610 -0.009356752 0.999954998 0.001584732 -1.997203112 -0.008950012 -0.001668485 0.999958575 76.129425049
0.999910653 0.009742509 0.009152385 1.463662386 -0.009755042 0.999951601 0.001325839 -2.016824484 -0.009139026 -0.001415003 0.999957263 76.660575867
0.999897718 0.010448064 0.009763235 1.456739902 -0.010460423 0.999944627 0.001215856 -2.024518013 -0.009749990 -0.001317860 0.999951601 77.198234558
0.999910295 0.009432917 0.009519768 1.461590767 -0.009441539 0.999955058 0.000860988 -2.030029535 -0.009511219 -0.000950792 0.999954343 77.731971741
0.999909043 0.009354101 0.009714250 1.510296583 -0.009365366 0.999955475 0.001114552 -2.044394255 -0.009703392 -0.001205429 0.999952197 78.230819702
0.999893427 0.009738566 0.010884664 1.520059109 -0.009758025 0.999950886 0.001736024 -2.066841841 -0.010867223 -0.001842052 0.999939263 78.839866638
0.999897003 0.008782764 0.011349338 1.546479940 -0.008794671 0.999960840 0.000999862 -2.070658922 -0.011340112 -0.001099573 0.999935091 79.303375244
0.999876618 0.008932661 0.012916721 1.556540966 -0.008945633 0.999959588 0.000947002 -2.082488298 -0.012907740 -0.001062434 0.999916077 79.845504761
0.999866128 0.008624365 0.013905208 1.582602978 -0.008640298 0.999962032 0.001086139 -2.096930027 -0.013895314 -0.001206139 0.999902725 80.364807129
0.999813557 0.009134133 0.017012797 1.610816598 -0.009153209 0.999957561 0.001043755 -2.115300655 -0.017002542 -0.001199282 0.999854743 80.940124512
0.999745667 0.008540134 0.020872343 1.632083297 -0.008561999 0.999962807 0.000958473 -2.126605272 -0.020863384 -0.001136938 0.999781728 81.464714050
0.999679863 0.007975416 0.024012059 1.659619212 -0.007991719 0.999967933 0.000583047 -2.132984400 -0.024006639 -0.000774758 0.999711514 82.025573730
0.999554038 0.008517281 0.028619997 1.685786724 -0.008531447 0.999963522 0.000372934 -2.155507326 -0.028615776 -0.000616937 0.999590278 82.529014587
0.999340355 0.009746024 0.034984559 1.709429979 -0.009783907 0.999951661 0.000911802 -2.169279575 -0.034973983 -0.001253486 0.999387383 82.967628479
0.999144971 0.009702139 0.040188625 1.817133665 -0.009754884 0.999951780 0.001116555 -2.211504221 -0.040175855 -0.001507636 0.999191523 83.394523621
0.998894274 0.009394270 0.046064816 1.828315258 -0.009412693 0.999955714 0.000183013 -2.187423229 -0.046061050 -0.000616404 0.998938441 84.141937256
0.998453081 0.008824003 0.054895643 1.833617210 -0.008873999 0.999960423 0.000667061 -2.207003355 -0.054887589 -0.001153173 0.998491883 84.653976440
0.997951329 0.007870807 0.063490607 1.886552334 -0.007893892 0.999968767 0.000112730 -2.218920231 -0.063487738 -0.000613687 0.997982442 85.207847595
0.997503698 0.007826613 0.070178166 1.944204807 -0.007841541 0.999969184 -0.000062807 -2.229089975 -0.070176497 -0.000487654 0.997534394 85.750938416
0.996804476 0.007827977 0.079495102 2.001929760 -0.007840679 0.999969244 -0.000152372 -2.245470762 -0.079493850 -0.000471411 0.996835172 86.293510437
0.995984435 0.008182381 0.089151718 2.080190182 -0.008172643 0.999966383 -0.000474287 -2.259025812 -0.089152604 -0.000256223 0.996017873 86.836471558
0.995222211 0.007085190 0.097377487 2.155549526 -0.007057080 0.999974847 -0.000633108 -2.271912813 -0.097379528 -0.000057117 0.995247245 87.340324402
0.994421601 0.007125337 0.105237678 2.223485947 -0.007074269 0.999974608 -0.000858558 -2.283205509 -0.105241120 0.000109290 0.994446695 87.928886414
0.993458271 0.006697613 0.113999709 2.378582478 -0.006685024 0.999977529 -0.000492722 -2.314685106 -0.114000455 -0.000272593 0.993480682 88.351158142
0.992240548 0.005942368 0.124189898 2.479164124 -0.005860670 0.999982297 -0.001023176 -2.294551373 -0.124193765 0.000287401 0.992257953 88.873588562
0.991016269 0.005883650 0.133611843 2.568580627 -0.005806296 0.999982655 -0.000968570 -2.314064264 -0.133615226 0.000184079 0.991033256 89.411643982
0.989376903 0.005886307 0.145253509 2.665238380 -0.005810488 0.999982655 -0.000946214 -2.329801321 -0.145256564 0.000092169 0.989394009 89.949684143
0.987474561 0.005482215 0.157683119 2.767105103 -0.005347919 0.999984860 -0.001275959 -2.353078365 -0.157687739 0.000416701 0.987488985 90.463211060
0.985757291 0.004493593 0.168113753 2.888933182 -0.004356782 0.999989748 -0.001182629 -2.377985239 -0.168117374 0.000433350 0.985766888 90.993270874
0.983974636 0.004434664 0.178252965 3.013501167 -0.004302071 0.999990165 -0.001130361 -2.381810188 -0.178256199 0.000345389 0.983984053 91.485801697
0.981686890 0.004103211 0.190457314 3.166118622 -0.003987446 0.999991536 -0.000991046 -2.402291059 -0.190459758 0.000213458 0.981694996 91.972000122
0.979026079 0.004342693 0.203688815 3.263519287 -0.004261090 0.999990582 -0.000839190 -2.430097342 -0.203690544 -0.000046348 0.979035318 92.590515137
0.976774633 0.003683425 0.214237958 3.397838593 -0.003557595 0.999993205 -0.000972894 -2.443768978 -0.214240104 0.000188126 0.976781011 93.127326965
0.973872185 0.003554611 0.227069348 3.540618896 -0.003402262 0.999993682 -0.001062317 -2.462926388 -0.227071688 0.000262012 0.973878086 93.655151367
0.970750511 0.003199593 0.240069374 3.692201614 -0.003007677 0.999994814 -0.001165800 -2.471573353 -0.240071893 0.000409649 0.970755041 94.188285828
0.968157947 0.003165415 0.250320017 3.873880386 -0.002983141 0.999994934 -0.001107575 -2.469805479 -0.250322253 0.000325568 0.968162537 94.502975464
0.964940131 0.002338297 0.262459576 3.997816086 -0.002070298 0.999997020 -0.001297634 -2.502283335 -0.262461871 0.000708770 0.964942038 95.252937317
0.961134017 0.002604164 0.276069850 4.169429779 -0.002562784 0.999996662 -0.000510656 -2.526137352 -0.276070327 -0.000216699 0.961137414 95.768852234
0.957498431 0.002302562 0.288429379 4.351337433 -0.002132916 0.999997377 -0.000902450 -2.545092821 -0.288430721 0.000248899 0.957500696 96.274963379
0.954111874 0.002145251 0.299442887 4.561933517 -0.002004463 0.999997675 -0.000777324 -2.572613478 -0.299443871 0.000141432 0.954113901 96.785041809
0.949879169 0.000192349 0.312617093 4.766939163 0.000133984 0.999999583 -0.001022390 -2.587788343 -0.312617123 0.001013032 0.949878693 97.278907776
0.945257545 0.001584733 0.326321423 4.990901947 -0.001525440 0.999998748 -0.000437598 -2.629883528 -0.326321781 -0.000084141 0.945258737 97.773300171
0.941161573 0.000501795 0.337956429 5.132434845 -0.000088587 0.999999225 -0.001238090 -2.590841293 -0.337956816 0.001135304 0.941160917 98.247642517
0.936245799 0.000283365 0.351345539 5.346260071 0.000261410 0.999998748 -0.001503103 -2.603389740 -0.351345599 0.001499119 0.936244607 98.766021729
0.930811524 0.000259289 0.365499467 5.565587997 0.000173687 0.999999344 -0.001151736 -2.622678995 -0.365499467 0.001135531 0.930810809 99.277633667
0.925940156 -0.000010478 0.377670348 5.780370712 0.000179208 0.999999881 -0.000411623 -2.651569605 -0.377670258 0.000448820 0.925940037 99.755912781
0.921242535 -0.002228029 0.388982177 6.022216797 0.002990966 0.999994636 -0.001355815 -2.656105995 -0.388977051 0.002412467 0.921244264 100.264732361
0.915852427 -0.003183545 0.401502520 6.280757904 0.004107585 0.999990463 -0.001440656 -2.659387827 -0.401494145 0.002968634 0.915856719 100.593147278
0.909259319 -0.001939959 0.416225433 6.513092041 0.002423180 0.999996841 -0.000632701 -2.702503443 -0.416222990 0.001583878 0.909261227 101.227165222
0.904307663 -0.002390161 0.426874548 6.768787384 0.002973972 0.999995351 -0.000700991 -2.718368292 -0.426870853 0.001903425 0.904310584 101.708274841
0.898555040 -0.002705057 0.438852698 7.030754089 0.003537923 0.999993145 -0.001080043 -2.734109640 -0.438846886 0.002523105 0.898558378 102.192092896
0.892256677 -0.003379302 0.451516032 7.311981201 0.003924322 0.999992251 -0.000270705 -2.773278475 -0.451511562 0.002013433 0.892262995 102.620086670
0.886199772 -0.004209026 0.463284105 7.598598480 0.004650380 0.999989092 0.000189546 -2.796847343 -0.463279933 0.001986472 0.886209846 103.104545593
0.879874527 -0.003632542 0.475192457 7.850757599 0.004365701 0.999990344 -0.000439318 -2.781005621 -0.475186348 0.002461093 0.879881799 103.642692566
0.872397244 -0.004671917 0.488775283 8.145431519 0.005663470 0.999983847 -0.000550261 -2.799926043 -0.488764852 0.003248211 0.872409582 104.107963562
0.865172386 -0.005286937 0.501446664 8.428085327 0.006373907 0.999979556 -0.000454085 -2.810635567 -0.501434028 0.003589037 0.865188420 104.555061340
