1.000000000 0.000000000 0.000000000 0.000000000 0.000000000 1.000000000 0.000000000 0.000000000 0.000000000 0.000000000 1.000000000 0.000000000
1.000000000 0.000059758 0.000039208 -0.000654476 -0.000059761 1.000000000 0.000069217 0.000011554 -0.000039204 -0.000069219 1.000000000 -0.000095963
1.000000000 -0.000016783 0.000083810 -0.001037506 0.000016784 1.000000000 -0.000019436 0.000313309 -0.000083810 0.000019437 1.000000000 -0.000162401
1.000000000 0.000065393 0.000050089 -0.000284090 -0.000065395 1.000000000 0.000031201 -0.000110177 -0.000050087 -0.000031204 1.000000000 0.000219818
1.000000000 0.000080192 0.000191213 -0.001606327 -0.000080203 1.000000000 0.000056994 -0.000581921 -0.000191208 -0.000057009 1.000000000 -0.000122171
1.000000000 -0.000135232 -0.000004324 0.000023938 0.000135232 1.000000000 -0.000027851 0.000288502 0.000004328 0.000027850 1.000000000 0.000008117
1.000000000 0.000063958 0.000155518 -0.001761653 -0.000063966 1.000000000 0.000052509 -0.000366569 -0.000155515 -0.000052519 1.000000000 -0.000039292
1.000000000 0.000039021 0.000091678 -0.001107229 -0.000039018 1.000000000 -0.000032893 -0.000166971 -0.000091679 0.000032890 1.000000000 -0.000718434
1.000000000 0.000067031 0.000154402 -0.001243479 -0.000067032 1.000000000 0.000007843 -0.000989580 -0.000154401 -0.000007853 1.000000000 -0.000798346
1.000000000 0.000097009 0.000138055 -0.001506092 -0.000097027 1.000000000 0.000126811 -0.001016095 -0.000138043 -0.000126824 1.000000000 0.000692506
1.000000000 0.000041778 0.000132196 -0.000994188 -0.000041786 1.000000000 0.000060529 -0.000270498 -0.000132193 -0.000060534 1.000000000 -0.000215827
1.000000000 0.000105726 0.000137167 -0.001342087 -0.000105736 1.000000000 0.000074405 -0.001208492 -0.000137159 -0.000074419 1.000000000 -0.000814323
1.000000000 0.000030662 0.000131476 -0.000882356 -0.000030667 1.000000000 0.000039463 -0.000016427 -0.000131475 -0.000039467 1.000000000 0.000213436
1.000000000 0.000140064 0.000111217 -0.001329396 -0.000140052 1.000000000 -0.000107809 0.000943263 -0.000111232 0.000107793 1.000000000 0.000183512
1.000000000 0.000101025 0.000094900 -0.001099676 -0.000101024 1.000000000 -0.000002978 0.000586343 -0.000094900 0.000002969 1.000000000 0.000142748
0.999999940 0.000256989 0.000192605 -0.001886609 -0.000256975 0.999999940 -0.000076121 0.001529187 -0.000192624 0.000076071 1.000000000 0.001373936
0.999999881 0.000383185 0.000205428 -0.002684728 -0.000383179 0.999999940 -0.000028690 0.000860627 -0.000205439 0.000028611 1.000000000 0.002059627
0.999999940 0.000231118 0.000246402 -0.002187988 -0.000231119 1.000000000 0.000004500 0.001266120 -0.000246401 -0.000004557 0.999999940 0.002125853
0.999999940 0.000189564 0.000255092 -0.002191624 -0.000189543 1.000000000 -0.000081022 0.000920717 -0.000255107 0.000080974 0.999999940 0.000870405
0.999999940 0.000247169 0.000235705 -0.002465450 -0.000247171 0.999999940 0.000011519 0.000293612 -0.000235702 -0.000011577 1.000000000 0.001578505
0.999999940 0.000360705 0.000208312 -0.002277220 -0.000360687 0.999999940 -0.000084504 0.001484612 -0.000208343 0.000084429 1.000000000 0.001285082
0.999999940 0.000277820 0.000196159 -0.002187323 -0.000277812 0.999999940 -0.000043462 0.000725195 -0.000196171 0.000043408 1.000000000 0.001832139
1.000000000 0.000172824 0.000163216 -0.002101166 -0.000172833 1.000000000 0.000049905 0.000183379 -0.000163208 -0.000049934 1.000000000 0.000808755
0.999999940 0.000382059 0.000177193 -0.002150423 -0.000382059 0.999999940 -0.000002441 0.001477096 -0.000177194 0.000002374 1.000000000 0.002370811
0.999999881 0.000363024 0.000255302 -0.002216458 -0.000363033 0.999999940 0.000033391 0.000899335 -0.000255290 -0.000033484 0.999999940 0.001988391
0.999999881 0.000313205 0.000285192 -0.002523354 -0.000313189 0.999999940 -0.000056062 0.002449198 -0.000285209 0.000055973 0.999999940 0.002662904
0.999999881 0.000366108 0.000234754 -0.002128842 -0.000366119 0.999999940 0.000047291 0.001276440 -0.000234737 -0.000047376 1.000000000 0.002268564
0.999999881 0.000418538 0.000160378 -0.002183991 -0.000418519 0.999999881 -0.000120387 0.002132150 -0.000160429 0.000120319 1.000000000 0.001104867
0.999999881 0.000411270 0.000145973 -0.001924977 -0.000411254 0.999999881 -0.000109071 0.002143802 -0.000146017 0.000109011 1.000000000 0.000506588
0.999999881 0.000408693 0.000270157 -0.002394502 -0.000408683 0.999999940 -0.000036226 0.000551688 -0.000270172 0.000036115 0.999999940 0.001016683
0.999999881 0.000379529 0.000315253 -0.002753621 -0.000379521 0.999999940 -0.000025789 0.001821235 -0.000315263 0.000025669 0.999999940 0.002342471
0.999999881 0.000381381 0.000207793 -0.001736845 -0.000381363 0.999999940 -0.000084406 0.002190758 -0.000207825 0.000084327 1.000000000 0.002644030
0.999999881 0.000443317 0.000251410 -0.002216024 -0.000443321 0.999999881 0.000016218 0.000207143 -0.000251403 -0.000016329 0.999999940 0.000269891
0.999999881 0.000448883 0.000310622 -0.003146099 -0.000448879 0.999999881 -0.000011802 0.001207947 -0.000310627 0.000011662 0.999999940 0.002463738
0.999999881 0.000415701 0.000227895 -0.001480902 -0.000415673 0.999999881 -0.000121720 0.001605782 -0.000227946 0.000121625 0.999999940 0.001445706
0.999999940 0.000324953 0.000233822 -0.002099230 -0.000324947 0.999999940 -0.000025832 0.001399258 -0.000233830 0.000025756 1.000000000 0.001805503
0.999999881 0.000457272 0.000204907 -0.002464295 -0.000457254 0.999999881 -0.000086918 0.002778440 -0.000204947 0.000086825 1.000000000 0.001969594
0.999999821 0.000528467 0.000323168 -0.003207657 -0.000528453 0.999999881 -0.000043794 0.002046879 -0.000323191 0.000043623 0.999999940 0.002463022
0.999999881 0.000447022 0.000216405 -0.001343097 -0.000447019 0.999999881 -0.000016339 0.001928684 -0.000216413 0.000016242 1.000000000 0.001063920
0.999999940 0.000337439 0.000234361 -0.001668861 -0.000337419 0.999999940 -0.000084367 0.000731301 -0.000234389 0.000084288 0.999999940 0.000548071
0.999999583 0.000926936 -0.000007776 -0.002188792 -0.000926937 0.999999464 -0.000187848 -0.004548762 0.000007602 0.000187855 0.999999940 0.052545086
0.999999762 0.000749033 -0.000099087 0.000212436 -0.000749110 0.999999404 -0.000772737 -0.005968685 0.000098508 0.000772811 0.999999702 0.144101813
0.999999523 0.000891403 0.000399197 0.001737463 -0.000891037 0.999999106 -0.000916725 -0.011455520 -0.000400014 0.000916369 0.999999523 0.251983970
0.999999404 0.000991568 0.000454980 0.004518921 -0.000991170 0.999999106 -0.000873272 -0.014069848 -0.000455846 0.000872820 0.999999523 0.384203523
0.999999464 0.000972762 0.000326809 0.007198450 -0.000972551 0.999999285 -0.000644968 -0.018004978 -0.000327436 0.000644650 0.999999762 0.526017666
0.999998808 0.001486918 -0.000013960 0.006703266 -0.001486922 0.999998868 -0.000310387 -0.031695418 0.000013498 0.000310407 0.999999940 0.673626542
0.999999106 0.001292259 -0.000097133 0.012557833 -0.001292272 0.999999166 -0.000136169 -0.034160778 0.000096957 0.000136295 1.000000000 0.833873928
0.999999464 0.000977350 -0.000134148 0.015895694 -0.000977393 0.999999464 -0.000320459 -0.032203726 0.000133834 0.000320590 0.999999940 1.017794728
0.999999285 0.001219417 -0.000213929 0.021087207 -0.001219467 0.999999225 -0.000233187 -0.037787616 0.000213645 0.000233448 0.999999940 1.190690517
0.999999583 0.000712039 0.000452716 0.024291506 -0.000712227 0.999999642 0.000414851 -0.044092815 -0.000452421 -0.000415173 0.999999821 1.378658772
0.999999583 0.000915335 0.000189158 0.029157326 -0.000915393 0.999999583 0.000303344 -0.045820795 -0.000188880 -0.000303517 0.999999940 1.572155118
0.999999821 0.000442383 0.000460450 0.031894613 -0.000442569 0.999999762 0.000405004 -0.053907737 -0.000460271 -0.000405208 0.999999762 1.770401955
0.999999821 0.000568804 0.000545809 0.032056857 -0.000569135 0.999999642 0.000606042 -0.059594810 -0.000545464 -0.000606352 0.999999583 1.968769670
0.999999821 0.000503333 -0.000216617 0.043106705 -0.000503250 0.999999762 0.000384677 -0.066109523 0.000216811 -0.000384568 0.999999881 2.174742460
0.999999762 0.000711601 -0.000065984 0.045993470 -0.000711578 0.999999702 0.000345710 -0.069215454 0.000066230 -0.000345663 0.999999940 2.395119905
0.999999464 0.000634437 0.000706647 0.045236662 -0.000634904 0.999999523 0.000661172 -0.079866253 -0.000706227 -0.000661621 0.999999523 2.617480278
0.999999523 0.000542873 0.000845297 0.049558584 -0.000543651 0.999999404 0.000919968 -0.087685704 -0.000844797 -0.000920427 0.999999225 2.849245310
0.999999225 0.000725079 0.001081620 0.052726511 -0.000726075 0.999999285 0.000921041 -0.090458646 -0.001080951 -0.000921825 0.999999046 3.089541674
0.999999404 0.000866512 0.000691288 0.062154867 -0.000867009 0.999999344 0.000719852 -0.096925586 -0.000690664 -0.000720451 0.999999523 3.328644514
0.999999523 0.000769795 0.000538651 0.064540431 -0.000770306 0.999999225 0.000950420 -0.108110413 -0.000537919 -0.000950834 0.999999344 3.570211649
0.999999225 0.000977601 0.000793962 0.067234367 -0.000978188 0.999999166 0.000739669 -0.112398580 -0.000793239 -0.000740445 0.999999344 3.828270674
0.999999523 0.000883184 0.000463775 0.075345159 -0.000883680 0.999999046 0.001071509 -0.120751038 -0.000462828 -0.001071918 0.999999285 4.090633869
0.999999642 0.000798861 0.000267685 0.084262021 -0.000799175 0.999998927 0.001177762 -0.125283301 -0.000266744 -0.001177975 0.999999344 4.349905491
0.999999464 0.000895807 0.000617446 0.085217550 -0.000896422 0.999999106 0.000996691 -0.134424195 -0.000616553 -0.000997244 0.999999344 4.601493359
0.999999106 0.000776380 0.001080764 0.087872863 -0.000777839 0.999998808 0.001350433 -0.140983656 -0.001079714 -0.001351272 0.999998510 4.854985714
0.999999344 0.000872438 0.000782452 0.097375162 -0.000873577 0.999998629 0.001456539 -0.147760749 -0.000781180 -0.001457222 0.999998689 5.115386486
0.999998808 0.000916332 0.001260309 0.094341405 -0.000917408 0.999999225 0.000853529 -0.152642503 -0.001259526 -0.000854685 0.999998808 5.375484467
0.999998093 0.001276865 0.001419749 0.097303726 -0.001278422 0.999998689 0.001096069 -0.161633700 -0.001418348 -0.001097882 0.999998391 5.638635159
0.999998689 0.001071502 0.001183519 0.101266861 -0.001072995 0.999998629 0.001261606 -0.170320004 -0.001182165 -0.001262875 0.999998510 5.909459591
0.999997854 0.001339630 0.001531499 0.104935676 -0.001341297 0.999998510 0.001088269 -0.178688496 -0.001530038 -0.001090321 0.999998212 6.190961361
0.999997973 0.001393725 0.001471703 0.113463171 -0.001395170 0.999998569 0.000981799 -0.180855542 -0.001470333 -0.000983851 0.999998331 6.487404823
0.999998033 0.001234001 0.001494148 0.117619939 -0.001235863 0.999998450 0.001246034 -0.190281495 -0.001492609 -0.001247879 0.999998093 6.774510384
0.999997437 0.001508842 0.001684443 0.122230068 -0.001510704 0.999998271 0.001105173 -0.197213426 -0.001682772 -0.001107714 0.999997973 7.070659161
0.999998212 0.001050979 0.001543304 0.129138321 -0.001053296 0.999998391 0.001501506 -0.209086224 -0.001541723 -0.001503129 0.999997735 7.368578911
0.999997318 0.001238072 0.001953623 0.129482403 -0.001240475 0.999998450 0.001229647 -0.222030401 -0.001952098 -0.001232067 0.999997318 7.668411732
0.999996662 0.001236791 0.002273097 0.135113701 -0.001239254 0.999998629 0.001082590 -0.230378047 -0.002271755 -0.001085403 0.999996901 7.984478474
0.999997079 0.001269275 0.002022049 0.141856492 -0.001271587 0.999998510 0.001142715 -0.237675384 -0.002020595 -0.001145283 0.999997318 8.302383423
0.999997795 0.000718365 0.001970130 0.151063904 -0.000721038 0.999998808 0.001356481 -0.246993780 -0.001969153 -0.001357898 0.999997199 8.626276016
0.999997079 0.001170725 0.002104740 0.157290846 -0.001173540 0.999998391 0.001337099 -0.256080687 -0.002103171 -0.001339565 0.999996901 8.964828491
0.999996662 0.001548766 0.002088086 0.165070862 -0.001551292 0.999998093 0.001208970 -0.267313957 -0.002086209 -0.001212205 0.999997079 9.305852890
0.999995470 0.002275318 0.001942792 0.172161117 -0.002278107 0.999996364 0.001434562 -0.278447300 -0.001939521 -0.001438982 0.999997079 9.642163277
0.999996364 0.001907767 0.001909069 0.179343373 -0.001911187 0.999996543 0.001791643 -0.289909691 -0.001905644 -0.001795285 0.999996603 9.993238449
0.999996483 0.001588268 0.002128246 0.186231509 -0.001591473 0.999997735 0.001504929 -0.297858208 -0.002125851 -0.001508311 0.999996603 10.347437859
0.999996185 0.001620881 0.002236312 0.198721707 -0.001624191 0.999997616 0.001478907 -0.307948560 -0.002233909 -0.001482534 0.999996424 10.700040817
0.999997079 0.001273540 0.002078110 0.206868351 -0.001276653 0.999998093 0.001497412 -0.315399647 -0.002076199 -0.001500061 0.999996722 11.066720009
0.999996305 0.001558846 0.002214945 0.215733036 -0.001562598 0.999997318 0.001693184 -0.328615636 -0.002212299 -0.001696639 0.999996126 11.451225281
0.999996066 0.001953086 0.002000844 0.224553883 -0.001956190 0.999996901 0.001550324 -0.335767180 -0.001997810 -0.001554232 0.999996781 11.835661888
0.999996305 0.001613369 0.002175744 0.231923670 -0.001617128 0.999997199 0.001726920 -0.351403177 -0.002172952 -0.001730432 0.999996126 12.211695671
0.999996722 0.001227895 0.002204613 0.244882435 -0.001231874 0.999997616 0.001804468 -0.365799040 -0.002202392 -0.001807178 0.999995947 12.597910881
0.999994159 0.001896780 0.002837971 0.245818749 -0.001902132 0.999996364 0.001884610 -0.372043133 -0.002834386 -0.001889997 0.999994218 13.003690720
0.999994814 0.001661180 0.002745958 0.256714582 -0.001666239 0.999996841 0.001840752 -0.386159986 -0.002742892 -0.001845318 0.999994516 13.398187637
0.999991953 0.002233986 0.003327031 0.253307521 -0.002240648 0.999995470 0.002000302 -0.398004293 -0.003322547 -0.002007740 0.999992430 13.785430908
0.999990463 0.002675618 0.003454843 0.273008138 -0.002683046 0.999994218 0.002147392 -0.406784147 -0.003449077 -0.002156642 0.999991715 14.208100319
0.999991119 0.002596164 0.003326457 0.283566654 -0.002603637 0.999994159 0.002244260 -0.421778321 -0.003320612 -0.002252901 0.999991953 14.624834061
0.999989569 0.002148700 0.004011457 0.294470668 -0.002156192 0.999995947 0.001864505 -0.428164423 -0.004007434 -0.001873135 0.999990225 15.050683975
0.999987900 0.002333703 0.004334042 0.305405736 -0.002344527 0.999994159 0.002494190 -0.452243745 -0.004328195 -0.002504321 0.999987483 15.484791756
0.999985576 0.002139123 0.004934268 0.314560622 -0.002148041 0.999996066 0.001802916 -0.459872007 -0.004930391 -0.001813489 0.999986172 15.927397728
0.999982238 0.003045883 0.005109449 0.317934692 -0.003057660 0.999992669 0.002298888 -0.466081232 -0.005102410 -0.002314470 0.999984324 16.391300201
0.999980330 0.003102539 0.005449053 0.321928799 -0.003112482 0.999993503 0.001817086 -0.478662908 -0.005443380 -0.001834010 0.999983549 16.834432602
0.999979496 0.003217878 0.005521735 0.348224580 -0.003234660 0.999990165 0.003033054 -0.511145711 -0.005511921 -0.003050853 0.999980152 17.260999680
0.999975801 0.003719146 0.005874842 0.356696308 -0.003736794 0.999988675 0.002996001 -0.514539003 -0.005863632 -0.003017882 0.999978244 17.726556778
0.999978721 0.002942299 0.005818581 0.375177979 -0.002956486 0.999992669 0.002431052 -0.525296867 -0.005811386 -0.002448203 0.999980092 18.192472458
0.999978185 0.003333796 0.005705383 0.391414970 -0.003347042 0.999991715 0.002313728 -0.532005489 -0.005697622 -0.002332774 0.999981046 18.666217804
0.999982417 0.001554117 0.005725425 0.373679340 -0.001569770 0.999995053 0.002730404 -0.550755382 -0.005721154 -0.002739344 0.999979854 19.135751724
0.999975741 0.002763683 0.006397153 0.418064177 -0.002778176 0.999993622 0.002257555 -0.576111794 -0.006390872 -0.002275272 0.999976993 19.598972321
0.999978483 0.002604483 0.006025699 0.426217139 -0.002620573 0.999993026 0.002663716 -0.590040326 -0.006018718 -0.002679449 0.999978304 20.090867996
0.999974847 0.003784677 0.006001431 0.447801292 -0.003799317 0.999989808 0.002429772 -0.587953210 -0.005992176 -0.002452512 0.999979019 20.574789047
0.999980927 0.003718425 0.004938280 0.462036967 -0.003731003 0.999989748 0.002540229 -0.602131724 -0.004928784 -0.002558605 0.999984622 21.079217911
0.999985814 0.002317507 0.004791297 0.451779634 -0.002326706 0.999995470 0.001915229 -0.599489272 -0.004786836 -0.001926350 0.999986708 21.572017670
0.999987423 0.002474169 0.004352711 0.465344250 -0.002481759 0.999995470 0.001739261 -0.611840308 -0.004348387 -0.001750041 0.999989033 22.088422775
0.999989450 0.002260149 0.003994200 0.456704617 -0.002271340 0.999993503 0.002799496 -0.645250738 -0.003987847 -0.002808538 0.999988079 22.572404861
0.999991655 0.002108764 0.003485572 0.497100621 -0.002117736 0.999994457 0.002572363 -0.656893730 -0.003480128 -0.002579723 0.999990582 23.059482574
0.999997675 0.000819943 0.001992578 0.514909804 -0.000826906 0.999993563 0.003496067 -0.684250891 -0.001989698 -0.003497707 0.999991894 23.632789612
0.999998629 -0.001002574 0.001290936 0.525218070 0.000998623 0.999994874 0.003058198 -0.700214863 -0.001293995 -0.003056905 0.999994516 24.160884857
0.999997497 0.001644446 0.001513430 0.539585710 -0.001648570 0.999994934 0.002727808 -0.707174420 -0.001508937 -0.002730297 0.999995053 24.602317810
0.999995232 0.002813487 0.001220654 0.534126341 -0.002817256 0.999991179 0.003097145 -0.727095127 -0.001211929 -0.003100569 0.999994457 25.142807007
0.999994636 0.003238359 0.000481811 0.546790421 -0.003239771 0.999990284 0.002959290 -0.740441263 -0.000472224 -0.002960835 0.999995470 25.689929962
0.999997497 0.002231820 -0.000005107 0.572813094 -0.002231790 0.999991834 0.003361796 -0.766442776 0.000012611 -0.003361776 0.999994338 26.223087311
0.999998093 0.001930771 -0.000223939 0.569572508 -0.001930075 0.999993443 0.003064213 -0.759880245 0.000229853 -0.003063775 0.999995291 26.779485703
0.999995172 0.003116023 -0.000058044 0.576901674 -0.003115795 0.999988675 0.003594796 -0.788080275 0.000069245 -0.003594598 0.999993563 27.357950211
0.999995112 0.003043232 -0.000686447 0.589284778 -0.003040886 0.999989629 0.003392850 -0.804602563 0.000696766 -0.003390746 0.999993920 27.891588211
0.999993086 0.003524564 -0.001195245 0.595541239 -0.003520751 0.999988735 0.003176147 -0.811269760 0.001206426 -0.003171917 0.999994159 28.460411072
0.999993205 0.003567043 -0.000932987 0.594919562 -0.003563930 0.999988139 0.003317459 -0.828746974 0.000944809 -0.003314112 0.999994040 29.023250580
0.999994516 0.002764827 -0.001833476 0.615430355 -0.002759205 0.999991477 0.003061819 -0.831753016 0.001841926 -0.003056743 0.999993622 29.577129364
0.999991119 0.004005184 -0.001320546 0.602628767 -0.004001064 0.999987185 0.003107926 -0.851044238 0.001332977 -0.003102615 0.999994278 30.104087830
0.999994040 0.002908751 -0.001856465 0.616068244 -0.002901810 0.999988854 0.003731385 -0.879024804 0.001867298 -0.003725975 0.999991298 30.678758621
0.999992669 0.003300466 -0.001942630 0.624241173 -0.003292593 0.999986410 0.004041832 -0.895099521 0.001955944 -0.004035406 0.999989927 31.224210739
0.999988019 0.004326745 -0.002310761 0.631731868 -0.004317440 0.999982595 0.004016723 -0.903994918 0.002328100 -0.004006698 0.999989271 31.778388977
0.999990642 0.002888444 -0.003223427 0.664508462 -0.002876818 0.999989390 0.003605484 -0.901193678 0.003233807 -0.003596178 0.999988317 32.324291229
0.999989152 0.002978038 -0.003572563 0.663831055 -0.002964208 0.999988139 0.003870412 -0.925022721 0.003584047 -0.003859780 0.999986112 32.856094360
0.999990463 0.002600816 -0.003488315 0.645181775 -0.002586136 0.999987721 0.004206201 -0.954370916 0.003499213 -0.004197139 0.999985099 33.417999268
0.999989629 0.002454856 -0.003820676 0.712737799 -0.002437477 0.999986708 0.004546574 -0.994573951 0.003831786 -0.004537215 0.999982297 34.044281006
0.999991417 0.003253394 -0.002537169 0.628403962 -0.003245411 0.999989808 0.003143786 -0.964228213 0.002547371 -0.003135525 0.999991775 34.539062500
0.999990523 0.002887025 -0.003238392 0.644521952 -0.002878068 0.999992013 0.002767064 -0.982099712 0.003246354 -0.002757718 0.999990880 35.069389343
0.999989331 0.002102203 -0.004118297 0.707930207 -0.002091034 0.999994278 0.002714612 -0.981060326 0.004123980 -0.002705972 0.999987841 35.703495026
0.999987662 0.002163434 -0.004461067 0.717193365 -0.002151575 0.999994278 0.002661656 -0.992745996 0.004466800 -0.002652025 0.999986529 36.252693176
0.999990463 0.002574029 -0.003507373 0.690196097 -0.002561705 0.999990523 0.003513838 -1.045480609 0.003516384 -0.003504820 0.999987662 36.756084442
0.999985635 0.002009211 -0.004951356 0.730070591 -0.001992964 0.999992609 0.003284103 -1.050444603 0.004957917 -0.003274189 0.999982357 37.314567566
0.999985754 0.001882295 -0.004987617 0.740756691 -0.001866922 0.999993443 0.003085210 -1.062951803 0.004993393 -0.003075854 0.999982834 37.864189148
0.999984920 0.002452084 -0.004912240 0.755762279 -0.002437828 0.999992728 0.002905990 -1.073052049 0.004919332 -0.002893971 0.999983668 38.406234741
0.999988079 0.002909978 -0.003934980 0.755385160 -0.002900222 0.999992609 0.002482701 -1.079622269 0.003942176 -0.002471259 0.999989212 38.959270477
0.999984622 0.002578145 -0.004912315 0.766202450 -0.002567384 0.999994278 0.002195636 -1.099011540 0.004917948 -0.002182990 0.999985516 39.495296478
0.999986053 0.002300097 -0.004752433 0.778342903 -0.002286980 0.999993563 0.002763578 -1.119650006 0.004758759 -0.002752670 0.999984860 40.059860229
0.999984324 0.002110690 -0.005189495 0.793887973 -0.002097617 0.999994576 0.002523332 -1.130988121 0.005194794 -0.002512407 0.999983311 40.593585968
0.999984562 0.001608414 -0.005323696 0.802152634 -0.001597177 0.999996543 0.002114339 -1.139445543 0.005327078 -0.002105803 0.999983609 41.153049469
0.999983072 0.002003510 -0.005465711 0.809221983 -0.001988526 0.999994218 0.002745558 -1.162705183 0.005471180 -0.002734642 0.999981284 41.681591034
0.999985456 0.002693395 -0.004684727 0.810030937 -0.002683620 0.999994218 0.002091384 -1.172975659 0.004690333 -0.002078781 0.999986827 42.233871460
0.999982953 0.002169330 -0.005417584 0.819876790 -0.002157941 0.999995470 0.002107255 -1.182788491 0.005422130 -0.002095528 0.999983072 42.770648956
0.999983788 0.002461615 -0.005127232 0.823316991 -0.002451325 0.999994993 0.002012087 -1.194935083 0.005132160 -0.001999486 0.999984860 43.313529968
0.999984443 0.002401199 -0.005030120 0.848060787 -0.002391068 0.999995112 0.002019261 -1.220421553 0.005034944 -0.002007202 0.999985337 43.859672546
0.999983490 0.002954328 -0.004957746 0.853358269 -0.002945223 0.999993980 0.001842738 -1.223627687 0.004963161 -0.001828105 0.999985933 44.388771057
0.999982715 0.003176657 -0.004969876 0.863816977 -0.003165627 0.999992490 0.002225797 -1.241131067 0.004976911 -0.002210026 0.999985099 44.917308807
0.999982595 0.003072890 -0.005039642 0.876051664 -0.003065601 0.999994159 0.001453296 -1.250853896 0.005044079 -0.001437821 0.999986231 45.483661652
0.999982119 0.003513780 -0.004852463 0.881635666 -0.003507879 0.999993086 0.001224107 -1.262661815 0.004856731 -0.001207063 0.999987423 46.035045624
0.999981344 0.003405729 -0.005069885 0.900477052 -0.003392912 0.999991000 0.002534627 -1.302018046 0.005078471 -0.002517377 0.999983907 46.596851349
0.999980927 0.004493504 -0.004221378 0.904534936 -0.004483658 0.999987185 0.002338774 -1.311066389 0.004231833 -0.002319802 0.999988377 47.127590179
0.999979496 0.004122763 -0.004900081 0.917055368 -0.004115688 0.999990404 0.001453019 -1.305454016 0.004906025 -0.001432822 0.999986947 47.682212830
0.999979794 0.004090312 -0.004867529 0.925825596 -0.004084320 0.999990880 0.001240137 -1.321375728 0.004872558 -0.001220231 0.999987364 48.233818054
0.999980986 0.004072444 -0.004626631 0.935243011 -0.004067315 0.999991059 0.001117743 -1.335682511 0.004631143 -0.001098904 0.999988616 48.765537262
0.999977946 0.005733485 -0.003356864 0.929061055 -0.005729920 0.999983013 0.001070457 -1.354700565 0.003362944 -0.001051199 0.999993742 49.320987701
0.999977708 0.005477296 -0.003802181 0.949030757 -0.005471010 0.999983668 0.001661908 -1.369533300 0.003811221 -0.001641069 0.999991417 49.841079712
0.999975860 0.005412460 -0.004353723 0.954681396 -0.005405123 0.999983966 0.001695629 -1.396021128 0.004362832 -0.001672056 0.999989092 50.425704956
0.999982059 0.004587330 -0.003855686 0.969206154 -0.004579776 0.999987602 0.001965816 -1.410099387 0.003864656 -0.001948123 0.999990642 50.925666809
0.999977827 0.005282565 -0.004039920 0.980619311 -0.005274486 0.999984026 0.002007228 -1.429725528 0.004050459 -0.001985875 0.999989808 51.454845428
0.999976337 0.005504042 -0.004113098 0.989436328 -0.005496821 0.999983251 0.001764284 -1.435381889 0.004122741 -0.001741634 0.999989986 52.007236481
0.999975920 0.005718823 -0.003918217 0.992007375 -0.005714111 0.999982953 0.001212111 -1.450374722 0.003925082 -0.001189693 0.999991596 52.567630768
0.999976814 0.005677251 -0.003762734 0.995581746 -0.005672086 0.999982953 0.001381941 -1.467947483 0.003770516 -0.001360567 0.999991953 53.101837158
0.999975145 0.006353918 -0.003062604 1.000419021 -0.006350989 0.999979377 0.000965129 -1.482908726 0.003068672 -0.000945655 0.999994814 53.679626465
0.999979079 0.005431977 -0.003498059 1.019545078 -0.005427654 0.999984443 0.001244454 -1.504346490 0.003504765 -0.001225442 0.999993086 54.226093292
0.999975383 0.006218843 -0.003228205 1.016760826 -0.006214804 0.999979854 0.001258888 -1.523033381 0.003235970 -0.001238794 0.999993980 54.759376526
0.999975324 0.006192852 -0.003300872 1.025673032 -0.006187962 0.999979734 0.001489086 -1.539159179 0.003310027 -0.001468624 0.999993384 55.310676575
0.999976814 0.006033914 -0.003157973 1.032867670 -0.006030568 0.999981225 0.001067637 -1.545614481 0.003164357 -0.001048568 0.999994457 55.866107941
0.999974608 0.006348938 -0.003238262 1.038009405 -0.006344425 0.999978900 0.001401887 -1.562041283 0.003247095 -0.001381306 0.999993801 56.410789490
0.999977708 0.005865886 -0.003189615 1.051017284 -0.005861842 0.999982119 0.001275608 -1.581781745 0.003197041 -0.001256882 0.999994099 56.977138519
0.999976993 0.006017355 -0.003172583 1.057953119 -0.006015053 0.999981642 0.000734968 -1.593387365 0.003176948 -0.000715867 0.999994695 57.501823425
0.999978364 0.005478856 -0.003643848 1.074143767 -0.005475352 0.999984562 0.000970832 -1.607708812 0.003649110 -0.000950860 0.999992907 58.041584015
0.999971509 0.006934168 -0.002970489 1.070768118 -0.006930875 0.999975383 0.001117785 -1.626742601 0.002978167 -0.001097165 0.999994934 58.567565918
0.999972939 0.006659654 -0.003102253 1.073529482 -0.006657104 0.999977410 0.000831185 -1.634097457 0.003107718 -0.000810510 0.999994814 59.084499359
0.999975204 0.006217099 -0.003296268 1.097727776 -0.006212916 0.999979794 0.001278442 -1.658546209 0.003304152 -0.001257930 0.999993742 59.615650177
0.999975562 0.006327354 -0.002943059 1.096019864 -0.006324373 0.999979496 0.001021500 -1.674338222 0.002949462 -0.001002862 0.999995112 60.176052094
0.999975741 0.006218579 -0.003115203 1.106577635 -0.006216052 0.999980330 0.000820408 -1.685299635 0.003120244 -0.000801024 0.999994814 60.725986481
0.999974906 0.006631418 -0.002471474 1.105524063 -0.006630732 0.999978065 0.000285699 -1.692813039 0.002473313 -0.000269305 0.999996901 61.245899200
0.999974966 0.006672876 -0.002360170 1.116046667 -0.006670678 0.999977291 0.000937818 -1.717818260 0.002366373 -0.000922051 0.999996722 61.795398712
0.999975383 0.006399896 -0.002867556 1.129705429 -0.006398459 0.999979377 0.000509096 -1.725466847 0.002870755 -0.000490736 0.999995708 62.340213776
0.999974728 0.006743673 -0.002242909 1.129958630 -0.006742878 0.999977231 0.000361020 -1.742670774 0.002245292 -0.000345887 0.999997437 62.892280579
0.999972820 0.006776451 -0.002886668 1.148315072 -0.006775306 0.999976993 0.000406011 -1.754100680 0.002889352 -0.000386442 0.999995768 63.431640625
0.999971867 0.007023869 -0.002628483 1.152560949 -0.007022062 0.999975085 0.000695801 -1.779881239 0.002633306 -0.000677324 0.999996305 63.976455688
0.999973357 0.006817162 -0.002605761 1.160144448 -0.006814910 0.999976397 0.000872020 -1.790199518 0.002611645 -0.000854239 0.999996245 64.505676270
0.999971092 0.007382004 -0.001779901 1.162872434 -0.007380934 0.999972522 0.000606382 -1.807577491 0.001784327 -0.000593228 0.999998152 65.030792236
0.999978840 0.005872512 -0.002790621 1.186786056 -0.005871381 0.999982655 0.000413784 -1.822786331 0.002793003 -0.000397391 0.999995947 65.572914124
0.999979734 0.005828165 -0.002544238 1.194549918 -0.005828280 0.999983013 -0.000037278 -1.835958481 0.002543977 0.000052106 0.999996781 66.111289978
0.999976635 0.006400243 -0.002397667 1.193776011 -0.006402106 0.999979138 -0.000770050 -1.838643193 0.002392688 0.000785382 0.999996841 66.677978516
0.999978662 0.006058239 -0.002444426 1.205792069 -0.006059731 0.999981403 -0.000603650 -1.860588670 0.002440724 0.000618450 0.999996841 67.224220276
0.999978244 0.006086940 -0.002526975 1.216881037 -0.006088961 0.999981165 -0.000792506 -1.869720817 0.002522103 0.000807876 0.999996483 67.772956848
0.999982774 0.005379121 -0.002348765 1.221974611 -0.005381587 0.999984920 -0.001045320 -1.888466835 0.002343107 0.001057942 0.999996662 68.302963257
0.999984264 0.004910084 -0.002716109 1.242029190 -0.004912898 0.999987364 -0.001030397 -1.905765295 0.002711014 0.001043725 0.999995768 68.832931519
0.999982715 0.005134599 -0.002867154 1.245268583 -0.005137176 0.999986351 -0.000891919 -1.922401547 0.002862536 0.000906633 0.999995470 69.364921570
0.999982119 0.005590120 -0.002106963 1.252871513 -0.005592567 0.999983609 -0.001157691 -1.944020271 0.002100457 0.001169454 0.999997079 69.908157349
0.999986112 0.004583778 -0.002581383 1.265152216 -0.004586026 0.999989092 -0.000866234 -1.960502625 0.002577384 0.000878060 0.999996305 70.463912964
0.999975204 0.006894925 -0.001516987 1.267478585 -0.006896797 0.999975443 -0.001231639 -1.963782907 0.001508458 0.001242070 0.999998093 71.023773193
0.999985158 0.004975660 -0.002267048 1.288928390 -0.004980281 0.999985516 -0.002036979 -1.981961846 0.002256881 0.002048239 0.999995351 71.566146851
0.999985099 0.005129077 -0.001828517 1.284494996 -0.005136081 0.999979556 -0.003847034 -1.872044086 0.001808747 0.003856369 0.999990940 72.156616211
0.999986410 0.004792792 -0.002031028 1.302171707 -0.004797552 0.999985754 -0.002344836 -2.011147261 0.002019762 0.002354549 0.999995172 72.699127197
0.999991119 0.003117864 -0.002815260 1.348372102 -0.003124219 0.999992549 -0.002255182 -2.031397104 0.002808206 0.002263958 0.999993503 73.267929077
0.999987364 0.004134535 -0.002857208 1.350751877 -0.004140683 0.999989092 -0.002149050 -2.049467087 0.002848292 0.002160853 0.999993622 73.813323975
0.999987900 0.004494037 -0.001979755 1.338364601 -0.004497482 0.999988377 -0.001739752 -2.077980995 0.001971914 0.001748635 0.999996543 74.342597961
0.999988794 0.004478301 -0.001522365 1.353469014 -0.004481659 0.999987483 -0.002208689 -2.075463295 0.001512455 0.002215487 0.999996364 74.918548584
0.999986172 0.005036820 -0.001511271 1.377595782 -0.005038438 0.999986649 -0.001068571 -2.135022163 0.001505869 0.001076171 0.999998271 75.370307922
0.999985218 0.005266593 -0.001370499 1.379775882 -0.005269769 0.999983430 -0.002323947 -2.122919083 0.001358237 0.002331135 0.999996364 75.991813660
0.999977171 0.006573188 -0.001559519 1.380641699 -0.006575501 0.999977291 -0.001482387 -2.152322292 0.001549741 0.001492608 0.999997616 76.423904419
0.999972761 0.007318022 -0.000973655 1.379045248 -0.007319802 0.999971509 -0.001836822 -2.164757252 0.000960186 0.001843899 0.999997854 76.978523254
0.999976516 0.006751545 -0.001175910 1.383692980 -0.006753412 0.999975920 -0.001591854 -2.186271191 0.001165135 0.001599758 0.999998033 77.489028931
0.999974608 0.006939338 -0.001595229 1.406327963 -0.006941159 0.999975204 -0.001139083 -2.206181765 0.001587285 0.001150127 0.999998093 78.003486633
0.999977231 0.006700072 -0.000837672 1.400741816 -0.006701023 0.999976873 -0.001139236 -2.223540068 0.000830020 0.001144823 0.999998987 78.523735046
0.999977291 0.006699196 -0.000724358 1.408186913 -0.006700647 0.999975502 -0.002019976 -2.230463743 0.000710808 0.002024784 0.999997675 79.056640625
0.999969423 0.007795795 -0.000642204 1.412368536 -0.007796723 0.999968469 -0.001454553 -2.250518322 0.000630844 0.001459515 0.999998748 79.590675354
0.999979496 0.006307179 -0.001119177 1.436578035 -0.006309259 0.999978364 -0.001864344 -2.272782326 0.001107394 0.001871367 0.999997616 80.110221863
0.999976456 0.006860718 0.000233351 1.438715219 -0.006860254 0.999974608 -0.001929134 -2.289792538 -0.000246581 0.001927487 0.999998093 80.665954590
0.999972403 0.007196714 0.001823655 1.451667905 -0.007192194 0.999971032 -0.002472472 -2.305821896 -0.001841396 0.002459288 0.999995291 81.187522888
0.999977946 0.006416913 0.001779821 1.478599787 -0.006412764 0.999976754 -0.002326168 -2.321495771 -0.001794707 0.002314704 0.999995649 81.729965210
0.999966025 0.007638410 0.003095629 1.478512406 -0.007632576 0.999969006 -0.001892416 -2.332369566 -0.003109988 0.001868724 0.999993443 82.263336182
0.999949694 0.007314637 0.006862791 1.480913639 -0.007297428 0.999970138 -0.002529150 -2.358906507 -0.006881086 0.002478943 0.999973238 82.799179077
0.999915898 0.006716175 0.011095067 1.511145830 -0.006690373 0.999974847 -0.002360811 -2.361958504 -0.011110643 0.002286383 0.999935687 83.293487549
0.999883235 0.006397580 0.013873536 1.540990829 -0.006359119 0.999975801 -0.002814377 -2.382601738 -0.013891205 0.002725826 0.999899805 83.842315674
0.999825656 0.006319357 0.017568905 1.570590377 -0.006281841 0.999977887 -0.002189757 -2.402423382 -0.017582353 0.002079010 0.999843240 84.368568420
0.999695599 0.006508794 0.023796938 1.596895933 -0.006448856 0.999975860 -0.002594622 -2.416467428 -0.023813250 0.002440369 0.999713361 84.930908203
0.999531686 0.006540079 0.029894562 1.628928423 -0.006458576 0.999975085 -0.002822077 -2.429464579 -0.029912276 0.002627679 0.999549091 85.473175049
0.999328256 0.005895109 0.036170848 1.660796404 -0.005803908 0.999979734 -0.002625865 -2.450314760 -0.036185596 0.002414169 0.999342144 85.993133545
0.999000549 0.006132894 0.044273257 1.709234476 -0.006023095 0.999978364 -0.002612991 -2.468180180 -0.044288315 0.002343718 0.999016047 86.521957397
0.998604536 0.006006673 0.052467439 1.758091450 -0.005841005 0.999977410 -0.003310292 -2.480246782 -0.052486144 0.002999210 0.998617172 87.076980591
0.998221874 0.005803978 0.059326082 1.803781271 -0.005634255 0.999979496 -0.003027748 -2.499225378 -0.059342444 0.002688106 0.998234093 87.603889465
0.997594953 0.006422208 0.069016702 1.850525856 -0.006234226 0.999976277 -0.002938780 -2.512001753 -0.069033943 0.002501446 0.997611165 88.156852722
0.996855557 0.006532528 0.078970693 1.916883469 -0.006305602 0.999975264 -0.003122580 -2.532553196 -0.078989141 0.002614804 0.996872008 88.681335449
0.996133685 0.005824700 0.087656893 1.984709740 -0.005546067 0.999978721 -0.003421870 -2.540995598 -0.087674953 0.002922490 0.996144831 89.230773926
0.995484769 0.005371301 0.094769582 2.056821346 -0.005035745 0.999980152 -0.003779570 -2.558182240 -0.094787985 0.003285269 0.995492041 89.772865295
0.994505584 0.005024968 0.104563139 2.140386581 -0.004579931 0.999979377 -0.004495849 -2.568163157 -0.104583576 0.003992255 0.994508088 90.281455994
0.993306816 0.005537156 0.115372658 2.230476379 -0.005133116 0.999979556 -0.003798840 -2.584988117 -0.115391344 0.003181193 0.993314981 90.820037842
0.992195010 0.004734754 0.124605469 2.316780090 -0.004255255 0.999982417 -0.004114020 -2.602060556 -0.124622762 0.003551683 0.992197812 91.353210449
0.990653753 0.004883810 0.136312768 2.406895638 -0.004390210 0.999982655 -0.003921486 -2.620445251 -0.136329532 0.003286394 0.990658045 91.889060974
0.988807023 0.005091723 0.149113119 2.496057510 -0.004562974 0.999982059 -0.003887861 -2.645678282 -0.149130210 0.003163946 0.988812506 92.411193848
0.987150371 0.004544603 0.159729376 2.606957436 -0.003986617 0.999984860 -0.003813597 -2.662122726 -0.159744292 0.003127815 0.987153471 92.960433960
0.985447824 0.004264602 0.169924855 2.732809067 -0.003540181 0.999983311 -0.004565945 -2.674379826 -0.169941500 0.003897936 0.985446453 93.511756897
0.983212829 0.004080793 0.182416916 2.854154587 -0.003447812 0.999986887 -0.003786969 -2.694539785 -0.182429969 0.003094458 0.983213961 94.048339844
0.980736911 0.003548038 0.195300981 2.988982201 -0.002691636 0.999985576 -0.004650257 -2.718347311 -0.195314661 0.004035000 0.980732322 94.595153809
0.978694141 0.002883280 0.205302835 3.114969254 -0.001989774 0.999987602 -0.004558461 -2.734711647 -0.205313399 0.004052833 0.978688002 95.126792908
0.975925386 0.003046473 0.218083605 3.261627197 -0.002137320 0.999987960 -0.004404608 -2.755995274 -0.218094394 0.003832454 0.975920200 95.659431458
0.972910762 0.001856880 0.231173515 3.426101685 -0.000768110 0.999988198 -0.004799672 -2.770964861 -0.231179684 0.004492086 0.972900689 96.208763123
0.970107377 0.001650497 0.242670506 3.576854706 -0.000592694 0.999990046 -0.004431955 -2.790159225 -0.242675364 0.004155642 0.970098674 96.730941772
0.967399061 0.001646439 0.253251463 3.740909576 -0.000462884 0.999988616 -0.004732952 -2.809700489 -0.253256410 0.004461426 0.967388928 97.277816772
0.963854134 0.000750590 0.266429305 3.913595200 0.000438627 0.999990225 -0.004404004 -2.825687408 -0.266430080 0.004361680 0.963844299 97.805801392
0.960414231 0.000107298 0.278575659 4.091014862 0.001156604 0.999989748 -0.004372662 -2.849139690 -0.278573245 0.004521768 0.960404336 98.320007324
0.957114339 -0.001031265 0.289708585 4.278245926 0.002546270 0.999984980 -0.004852537 -2.865767241 -0.289699256 0.005382108 0.957102597 98.840957642
0.952836275 -0.002055069 0.303477734 4.474786758 0.003662015 0.999982059 -0.004726105 -2.881581783 -0.303462595 0.005614545 0.952826738 99.359062195
0.948198318 -0.001965251 0.317672968 4.670829773 0.003474367 0.999985158 -0.004184073 -2.903975725 -0.317660123 0.005071043 0.948191106 99.858215332
0.944263279 -0.002112586 0.329184324 4.876424789 0.003674211 0.999984741 -0.004121914 -2.919177771 -0.329170614 0.005101665 0.944256663 100.377723694
0.939914405 -0.003426719 0.341392964 5.101440430 0.005235891 0.999976695 -0.004378091 -2.936502218 -0.341369957 0.005902527 0.939910471 100.911056519
0.934602857 -0.004161966 0.355668873 5.325592041 0.006142377 0.999971271 -0.004439062 -2.951890945 -0.355640203 0.006333411 0.934601486 101.421531677
0.929893613 -0.004202337 0.367804557 5.544345856 0.006137198 0.999972761 -0.004091081 -2.973910809 -0.367777377 0.006061560 0.929894090 101.929702759
0.924898386 -0.004163370 0.380191535 5.772365570 0.006159621 0.999972880 -0.004034197 -3.000271320 -0.380164385 0.006073058 0.924898982 102.424903870
0.919115245 -0.005100102 0.393955737 6.015823364 0.007028962 0.999969304 -0.003453386 -3.017787218 -0.393926024 0.005943160 0.919122934 102.919387817
0.913211882 -0.004872913 0.407455891 6.269104004 0.006894933 0.999970138 -0.003494283 -3.039943457 -0.407426745 0.006000402 0.913218200 103.427230835
0.908317268 -0.005278746 0.418248624 6.518329620 0.007303717 0.999968112 -0.003240930 -3.054942846 -0.418218136 0.005998563 0.908326805 103.910003662
0.902463257 -0.005059419 0.430737019 6.779277802 0.007362956 0.999966145 -0.003681019 -3.071780920 -0.430703789 0.006493482 0.902469993 104.414535522
0.895977676 -0.004966035 0.444071263 7.047248840 0.007331501 0.999966681 -0.003609765 -3.080266476 -0.444038540 0.006489979 0.895984232 104.901634216
0.889900684 -0.005229145 0.456124365 7.322257996 0.007650354 0.999964714 -0.003461984 -3.109053135 -0.456090122 0.006570334 0.889909327 105.383712769
0.884075820 -0.006006275 0.467305005 7.601802826 0.008334320 0.999961019 -0.002914862 -3.123713970 -0.467269331 0.006471628 0.884091318 105.856796265
0.876458287 -0.006427043 0.481435120 7.888237000 0.008848144 0.999956965 -0.002758958 -3.148580313 -0.481396794 0.006677918 0.876477301 106.345642090
0.869448125 -0.006752958 0.493978173 8.182163239 0.009149769 0.999955177 -0.002434507 -3.168094635 -0.493939608 0.006636464 0.869470835 106.797599792
