1.000000000 0.000000000 0.000000000 0.000000000 0.000000000 1.000000000 0.000000000 0.000000000 0.000000000 0.000000000 1.000000000 0.000000000
1.000000000 0.000022694 -0.000021273 0.000444024 -0.000022695 1.000000000 -0.000038031 0.000772573 0.000021272 0.000038031 1.000000000 0.000389149
1.000000000 0.000000141 0.000044036 -0.000084829 -0.000000143 1.000000000 0.000042905 0.000027872 -0.000044036 -0.000042905 1.000000000 0.000099740
1.000000000 -0.000081557 0.000022945 0.000111328 0.000081557 1.000000000 -0.000026970 0.000740492 -0.000022943 0.000026972 1.000000000 0.000022813
1.000000000 -0.000119285 0.000040317 -0.000138061 0.000119284 1.000000000 0.000015043 -0.000104288 -0.000040319 -0.000015038 1.000000000 -0.000614444
1.000000000 0.000027240 0.000119860 -0.000473007 -0.000027236 1.000000000 -0.000028158 0.000829126 -0.000119861 0.000028154 1.000000000 0.000066360
1.000000000 -0.000086203 0.000075307 0.000132245 0.000086204 1.000000000 -0.000006368 0.000499623 -0.000075307 0.000006375 1.000000000 0.000230838
1.000000000 -0.000001122 0.000069453 -0.000535090 0.000001116 1.000000000 0.000088635 -0.000099874 -0.000069453 -0.000088635 1.000000000 -0.000106380
1.000000000 -0.000034907 -0.000001727 -0.000721984 0.000034907 1.000000000 -0.000083427 -0.000086014 0.000001729 0.000083427 1.000000000 -0.001089633
1.000000000 -0.000046213 0.000080969 -0.000089062 0.000046210 1.000000000 0.000040908 -0.000724642 -0.000080971 -0.000040904 1.000000000 -0.000410607
1.000000000 0.000072013 0.000053051 -0.000834900 -0.000072016 1.000000000 0.000056892 -0.000903901 -0.000053047 -0.000056896 1.000000000 -0.000640208
1.000000000 -0.000043685 0.000071178 -0.001120159 0.000043682 1.000000000 0.000037846 -0.000453103 -0.000071180 -0.000037843 1.000000000 -0.001076292
1.000000000 0.000052312 0.000033670 -0.000812484 -0.000052309 1.000000000 -0.000075657 -0.000338567 -0.000033674 0.000075655 1.000000000 -0.001540424
1.000000000 0.000042954 0.000069550 -0.000992712 -0.000042952 1.000000000 -0.000028480 0.000497183 -0.000069551 0.000028477 1.000000000 0.000294593
1.000000000 0.000034211 0.000050838 -0.001010065 -0.000034204 1.000000000 -0.000121754 0.001338351 -0.000050842 0.000121753 1.000000000 0.000961933
1.000000000 0.000002032 -0.000033920 0.000322255 -0.000002035 1.000000000 -0.000082175 0.001308979 0.000033920 0.000082175 1.000000000 0.001318736
1.000000000 0.000099479 0.000112204 -0.001050982 -0.000099461 1.000000000 -0.000160936 0.002330356 -0.000112220 0.000160925 1.000000000 0.002542093
1.000000000 0.000186857 0.000087174 -0.001378723 -0.000186842 0.999999940 -0.000171852 0.001900949 -0.000087206 0.000171836 1.000000000 0.001580087
0.999999940 0.000215455 0.000161667 -0.001544861 -0.000215438 1.000000000 -0.000102986 0.002060207 -0.000161689 0.000102952 1.000000000 0.002369278
1.000000000 0.000089924 0.000152361 -0.001408015 -0.000089910 1.000000000 -0.000092231 0.000982920 -0.000152369 0.000092218 1.000000000 0.001283242
1.000000000 0.000032599 0.000089228 -0.001162471 -0.000032596 1.000000000 -0.000026747 0.000324943 -0.000089229 0.000026744 1.000000000 0.000638788
1.000000000 0.000155222 0.000048447 -0.000788656 -0.000155220 1.000000000 -0.000025335 0.001278979 -0.000048451 0.000025327 1.000000000 0.000919466
1.000000000 0.000119149 0.000016984 -0.000620003 -0.000119148 1.000000000 -0.000079122 0.001451991 -0.000016993 0.000079120 1.000000000 0.002235895
1.000000000 0.000099793 0.000079082 -0.001230449 -0.000099788 1.000000000 -0.000061197 0.001663158 -0.000079088 0.000061189 1.000000000 0.002433702
0.999999940 0.000341872 0.000038329 -0.001063796 -0.000341870 0.999999940 -0.000056390 0.002434200 -0.000038349 0.000056377 1.000000000 0.003764548
0.999999940 0.000252520 0.000110012 -0.001512012 -0.000252513 0.999999940 -0.000060480 0.002312706 -0.000110027 0.000060453 1.000000000 0.001974022
1.000000000 0.000062733 0.000105035 -0.000469202 -0.000062726 1.000000000 -0.000067053 0.002544692 -0.000105039 0.000067046 1.000000000 0.003054268
1.000000000 0.000154832 0.000186582 -0.001798244 -0.000154825 1.000000000 -0.000038861 0.001711840 -0.000186588 0.000038832 1.000000000 0.002411914
1.000000000 0.000139434 0.000075721 -0.001263685 -0.000139428 1.000000000 -0.000072869 0.002459826 -0.000075731 0.000072858 1.000000000 0.002378648
1.000000000 0.000039566 0.000114184 -0.001633390 -0.000039556 1.000000000 -0.000091099 0.001303296 -0.000114188 0.000091095 1.000000000 0.001709306
0.999999940 0.000145171 0.000203896 -0.001844016 -0.000145170 1.000000000 -0.000004531 0.001102865 -0.000203897 0.000004502 1.000000000 0.002041088
1.000000000 0.000121395 0.000202473 -0.001441942 -0.000121380 1.000000000 -0.000072963 0.002321718 -0.000202482 0.000072938 1.000000000 0.003831340
1.000000000 0.000221306 0.000102260 -0.000878432 -0.000221285 0.999999940 -0.000208548 0.003465279 -0.000102306 0.000208526 1.000000000 0.003902357
1.000000000 0.000119904 0.000138042 -0.000902694 -0.000119889 1.000000000 -0.000104671 0.001826270 -0.000138054 0.000104654 1.000000000 0.001950017
0.999999940 0.000244757 0.000190763 -0.002560039 -0.000244727 0.999999940 -0.000160158 0.002286186 -0.000190802 0.000160111 0.999999940 0.002649394
1.000000000 0.000148759 0.000187913 -0.001784634 -0.000148739 1.000000000 -0.000102884 0.001078611 -0.000187929 0.000102856 1.000000000 0.001468237
1.000000000 0.000102620 0.000047991 -0.001972791 -0.000102621 1.000000000 0.000022973 0.000567840 -0.000047989 -0.000022978 1.000000000 0.000384723
1.000000000 0.000137650 0.000083595 -0.001434108 -0.000137648 1.000000000 -0.000034572 0.001905945 -0.000083600 0.000034560 1.000000000 0.002282267
1.000000000 0.000130738 0.000157155 -0.001964717 -0.000130730 1.000000000 -0.000047194 0.001579219 -0.000157161 0.000047173 1.000000000 0.001307259
1.000000000 0.000195266 0.000125767 -0.000861864 -0.000195254 1.000000000 -0.000093058 0.002980621 -0.000125785 0.000093033 1.000000000 0.003279911
1.000000000 0.000010230 0.000068510 0.000247230 -0.000010223 1.000000000 -0.000095639 0.000884606 -0.000068511 0.000095639 1.000000000 0.002575722
0.999999762 0.000638590 0.000012148 -0.000014369 -0.000638582 0.999999523 -0.000643478 -0.001679508 -0.000012559 0.000643471 0.999999821 0.052711960
0.999999821 0.000533583 0.000050593 0.001464287 -0.000533518 0.999998987 -0.001273059 -0.002527512 -0.000051272 0.001273032 0.999999285 0.142332315
0.999999762 0.000616412 0.000291491 -0.002916703 -0.000616142 0.999999404 -0.000925118 -0.007545774 -0.000292061 0.000924938 0.999999523 0.257746696
0.999999762 0.000581388 0.000296411 0.000461222 -0.000581120 0.999999404 -0.000905412 -0.010464391 -0.000296938 0.000905239 0.999999523 0.390040785
0.999999762 0.000609132 0.000276631 0.001603118 -0.000608945 0.999999642 -0.000674283 -0.013869083 -0.000277042 0.000674115 0.999999762 0.534252882
1.000000000 0.000226203 0.000041300 0.011374043 -0.000226193 0.999999940 -0.000260221 -0.025330340 -0.000041359 0.000260212 0.999999881 0.684280038
1.000000119 -0.000060006 0.000029464 0.018217981 0.000060009 1.000000000 -0.000106366 -0.029033564 -0.000029458 0.000106368 1.000000000 0.845447183
0.999999762 0.000380331 -0.000485445 0.017692333 -0.000380448 0.999999821 -0.000241047 -0.030647233 0.000485353 0.000241232 0.999999881 1.020521998
0.999999642 0.000553446 -0.000602478 0.023495896 -0.000553588 0.999999762 -0.000236286 -0.035144854 0.000602348 0.000236619 0.999999821 1.194597125
0.999999762 0.000693831 -0.000107690 0.021403266 -0.000693856 0.999999762 -0.000229797 -0.041447528 0.000107531 0.000229871 0.999999940 1.385784984
0.999999762 0.000711968 -0.000343042 0.026808303 -0.000712077 0.999999702 -0.000317086 -0.043944642 0.000342816 0.000317330 0.999999821 1.579426527
0.999999821 0.000446226 -0.000194546 0.030612571 -0.000446161 0.999999821 0.000334406 -0.055573363 0.000194695 -0.000334319 0.999999940 1.773875117
0.999999642 0.000836014 0.000073334 0.029049095 -0.000836028 0.999999642 0.000192022 -0.058870770 -0.000073173 -0.000192084 0.999999940 1.976582050
1.000000000 0.000400694 0.000111397 0.036818050 -0.000400736 0.999999821 0.000373357 -0.066931888 -0.000111247 -0.000373402 0.999999940 2.184861422
0.999999642 0.000798434 0.000166518 0.037508201 -0.000798504 0.999999583 0.000419302 -0.071290411 -0.000166183 -0.000419434 0.999999881 2.398274899
0.999999523 0.000912878 0.000068643 0.042874962 -0.000912906 0.999999464 0.000415987 -0.077222459 -0.000068263 -0.000416049 0.999999881 2.618275166
0.999999583 0.000862257 0.000331252 0.046797913 -0.000862360 0.999999523 0.000313095 -0.080335535 -0.000330982 -0.000313381 0.999999881 2.859920025
0.999999523 0.000867883 0.000436909 0.050619382 -0.000868121 0.999999464 0.000546250 -0.085718326 -0.000436435 -0.000546629 0.999999762 3.105355024
0.999999464 0.001029982 0.000235455 0.059236798 -0.001030071 0.999999404 0.000374632 -0.095917188 -0.000235069 -0.000374874 0.999999881 3.339670181
0.999999762 0.000641550 0.000239530 0.062549926 -0.000641760 0.999999404 0.000878250 -0.108608298 -0.000238966 -0.000878403 0.999999523 3.584800720
0.999999642 0.000943459 0.000084391 0.068680547 -0.000943530 0.999999225 0.000844014 -0.115000837 -0.000083594 -0.000844093 0.999999642 3.841075420
0.999999344 0.001078359 0.000370813 0.069673762 -0.001078647 0.999999225 0.000778783 -0.118729919 -0.000369973 -0.000779183 0.999999642 4.094294548
0.999998927 0.001404715 0.000313028 0.075459629 -0.001404944 0.999998748 0.000732308 -0.123727985 -0.000311999 -0.000732747 0.999999702 4.350837231
0.999999225 0.001067837 0.000609418 0.078269489 -0.001068315 0.999999046 0.000784878 -0.132097632 -0.000608579 -0.000785528 0.999999523 4.609976292
0.999998927 0.001191930 0.000880826 0.079920560 -0.001192798 0.999998808 0.000985749 -0.139058873 -0.000879650 -0.000986799 0.999999046 4.872764111
0.999999046 0.001279241 0.000526374 0.088356808 -0.001279939 0.999998271 0.001327456 -0.147655055 -0.000524675 -0.001328128 0.999998987 5.132733345
0.999998271 0.001613789 0.001017010 0.088708170 -0.001614695 0.999998271 0.000890838 -0.150323480 -0.001015571 -0.000892478 0.999999046 5.394429207
0.999998093 0.001586380 0.001063447 0.097191520 -0.001587320 0.999998271 0.000883757 -0.158911377 -0.001062043 -0.000885443 0.999999046 5.668164253
0.999997914 0.001796154 0.000989745 0.097728610 -0.001796741 0.999998212 0.000592224 -0.163148478 -0.000988679 -0.000594001 0.999999344 5.933413029
0.999997020 0.001994267 0.001425787 0.097609587 -0.001995387 0.999997616 0.000784250 -0.173839286 -0.001424220 -0.000787092 0.999998629 6.214300156
0.999996603 0.002188417 0.001484539 0.104986273 -0.002189604 0.999997199 0.000798245 -0.177728772 -0.001482788 -0.000801493 0.999998510 6.509969711
0.999997079 0.001976945 0.001346254 0.114586800 -0.001977897 0.999997735 0.000706257 -0.183054626 -0.001344854 -0.000708918 0.999998868 6.801197052
0.999997139 0.001988461 0.001426932 0.116951741 -0.001989164 0.999997914 0.000491443 -0.190021515 -0.001425952 -0.000494280 0.999998808 7.102776527
0.999997199 0.001917268 0.001371488 0.124004863 -0.001918594 0.999997616 0.000965946 -0.204088300 -0.001369632 -0.000968574 0.999998510 7.401724815
0.999997258 0.001837547 0.001418635 0.129662439 -0.001838807 0.999997914 0.000887821 -0.215633407 -0.001417000 -0.000890427 0.999998569 7.713148117
0.999996483 0.002134840 0.001605751 0.132566005 -0.002136273 0.999997318 0.000891286 -0.224224806 -0.001603844 -0.000894713 0.999998271 8.028411865
0.999994338 0.002696778 0.001992540 0.135628253 -0.002698708 0.999995887 0.000967009 -0.233568966 -0.001989923 -0.000972381 0.999997556 8.340090752
0.999995112 0.002244927 0.002171748 0.144911230 -0.002247518 0.999996722 0.001191560 -0.242806256 -0.002169066 -0.001196436 0.999996960 8.678456306
0.999993622 0.002793324 0.002233315 0.144753188 -0.002795364 0.999995589 0.000910531 -0.250583112 -0.002230762 -0.000916768 0.999997079 9.011466026
0.999993622 0.002962860 0.001976225 0.154531181 -0.002964456 0.999995232 0.000804810 -0.260838687 -0.001973831 -0.000810664 0.999997735 9.352590561
0.999990880 0.003527112 0.002411546 0.155199900 -0.003529508 0.999993265 0.000989949 -0.274705142 -0.002408038 -0.000998451 0.999996543 9.685426712
0.999991477 0.003185656 0.002627610 0.161897182 -0.003188746 0.999994218 0.001172662 -0.285967827 -0.002623859 -0.001181031 0.999995828 10.037231445
0.999992132 0.003012127 0.002581645 0.165260166 -0.003014843 0.999994934 0.001048576 -0.291850597 -0.002578474 -0.001056350 0.999996126 10.405151367
0.999992430 0.002871840 0.002624034 0.172814012 -0.002874375 0.999995410 0.000962818 -0.300526053 -0.002621257 -0.000970353 0.999996126 10.772418022
0.999991417 0.003224450 0.002586637 0.181465492 -0.003227622 0.999993980 0.001222941 -0.312932611 -0.002582678 -0.001231280 0.999995887 11.120933533
0.999991238 0.003177762 0.002714636 0.190310329 -0.003181501 0.999993980 0.001373905 -0.325307399 -0.002710253 -0.001382530 0.999995351 11.504764557
0.999990523 0.003254300 0.002892904 0.196959808 -0.003258516 0.999993622 0.001454067 -0.334603965 -0.002888154 -0.001463479 0.999994755 11.887434006
0.999988675 0.003494451 0.003226225 0.203260317 -0.003499612 0.999992549 0.001595196 -0.348363966 -0.003220627 -0.001606469 0.999993503 12.273429871
0.999989688 0.003168376 0.003263567 0.216366112 -0.003174154 0.999993384 0.001766656 -0.363043547 -0.003257949 -0.001776997 0.999993086 12.661055565
0.999987721 0.003758413 0.003226623 0.219450280 -0.003763510 0.999991596 0.001575198 -0.364905030 -0.003220676 -0.001587322 0.999993503 13.070150375
0.999989212 0.003103003 0.003425941 0.233793601 -0.003107865 0.999994099 0.001414832 -0.378793240 -0.003421531 -0.001425465 0.999993086 13.463079453
0.999985099 0.003963227 0.003736928 0.233606547 -0.003969948 0.999990463 0.001792820 -0.391275018 -0.003729787 -0.001807629 0.999991417 13.869857788
0.999982595 0.004393340 0.003937332 0.238466963 -0.004401768 0.999988019 0.002134301 -0.401771545 -0.003927910 -0.002151595 0.999989927 14.277582169
0.999979496 0.004609341 0.004446195 0.245928019 -0.004617252 0.999987781 0.001770615 -0.414044738 -0.004437980 -0.001791108 0.999988556 14.692202568
0.999982715 0.004106022 0.004208373 0.267562807 -0.004114593 0.999989450 0.002030072 -0.425517052 -0.004199993 -0.002047353 0.999989092 15.125212669
0.999981701 0.004472564 0.004073250 0.274369061 -0.004480187 0.999988198 0.001864421 -0.434191585 -0.004064862 -0.001882636 0.999989986 15.572983742
0.999978721 0.004161727 0.005007152 0.279928297 -0.004173063 0.999988675 0.002255685 -0.451319546 -0.004997708 -0.002276532 0.999984920 16.013586044
0.999972343 0.004765192 0.005733909 0.283922732 -0.004778550 0.999985814 0.002318299 -0.461605370 -0.005722781 -0.002345634 0.999980867 16.457344055
0.999975562 0.004517847 0.005343220 0.298871636 -0.004527909 0.999987960 0.001872774 -0.472297221 -0.005334695 -0.001896922 0.999984026 16.906549454
0.999969006 0.004998239 0.006084904 0.306099176 -0.005012757 0.999984622 0.002372928 -0.491347432 -0.006072951 -0.002403357 0.999978602 17.356277466
0.999967933 0.004892233 0.006346738 0.316811502 -0.004906639 0.999985456 0.002256491 -0.504308343 -0.006335605 -0.002287560 0.999977291 17.819425583
0.999967396 0.004717432 0.006541104 0.338708758 -0.004730507 0.999986827 0.001985098 -0.504094362 -0.006531653 -0.002015976 0.999976635 18.306457520
0.999972403 0.004038559 0.006231997 0.353278339 -0.004050774 0.999989867 0.001948906 -0.515101194 -0.006224063 -0.001974097 0.999978721 18.769533157
0.999965250 0.005351417 0.006386045 0.368129700 -0.005360172 0.999984860 0.001354571 -0.521695375 -0.006378699 -0.001388754 0.999978721 19.263378143
0.999963820 0.005425184 0.006548834 0.379660368 -0.005431851 0.999984801 0.001000604 -0.531314790 -0.006543305 -0.001036140 0.999978125 19.752616882
0.999960124 0.005888489 0.006727797 0.385970831 -0.005899929 0.999981284 0.001681949 -0.549883544 -0.006717767 -0.001721575 0.999976039 20.240917206
0.999963105 0.005301448 0.006749196 0.410118103 -0.005314679 0.999983907 0.001943977 -0.573694468 -0.006738781 -0.001979774 0.999975324 20.709587097
0.999965012 0.005649901 0.006174176 0.424033880 -0.005662560 0.999981880 0.002034672 -0.589426994 -0.006162568 -0.002069562 0.999978840 21.208259583
0.999968827 0.005305265 0.005852159 0.433525413 -0.005316872 0.999983907 0.001969674 -0.597097695 -0.005841615 -0.002000728 0.999980927 21.710573196
0.999971509 0.005328070 0.005340491 0.445869565 -0.005338521 0.999983847 0.001944700 -0.612492263 -0.005330043 -0.001973155 0.999983847 22.215215683
0.999975562 0.005092777 0.004789888 0.463436812 -0.005101625 0.999985337 0.001836843 -0.625978410 -0.004780462 -0.001861234 0.999986887 22.724121094
0.999976099 0.005257473 0.004489508 0.476470917 -0.005267727 0.999983490 0.002275363 -0.646203220 -0.004477472 -0.002298958 0.999987245 23.243143082
0.999980509 0.005103556 0.003604616 0.488542348 -0.005111575 0.999984503 0.002219047 -0.661192894 -0.003593235 -0.002237429 0.999991000 23.760690689
0.999990702 0.003278270 0.002800574 0.500624835 -0.003284588 0.999992132 0.002254354 -0.679659009 -0.002793161 -0.002263532 0.999993503 24.289550781
0.999984384 0.004697270 0.003034598 0.503510594 -0.004704938 0.999985695 0.002524541 -0.693455756 -0.003022697 -0.002538779 0.999992132 24.806686401
0.999988317 0.004436825 0.001906997 0.523496926 -0.004442619 0.999985516 0.003045279 -0.719910800 -0.001893458 -0.003053715 0.999993563 25.344738007
0.999987781 0.004811200 0.001123015 0.532654047 -0.004814632 0.999983788 0.003074324 -0.731212735 -0.001108205 -0.003079694 0.999994576 25.898244858
0.999989033 0.004643581 0.000637492 0.545870245 -0.004645489 0.999984622 0.003024793 -0.749448061 -0.000623436 -0.003027722 0.999995232 26.455907822
0.999986827 0.005109306 0.000390779 0.558852077 -0.005110666 0.999980628 0.003560502 -0.762676001 -0.000372580 -0.003562453 0.999993563 27.009302139
0.999988735 0.004736996 -0.000268413 0.569893837 -0.004735974 0.999981940 0.003689010 -0.784030676 0.000285883 -0.003687697 0.999993145 27.563753128
0.999986172 0.005182763 -0.000908121 0.586099088 -0.005179503 0.999980390 0.003556609 -0.800602317 0.000926536 -0.003551857 0.999993265 28.120143890
0.999985576 0.005255726 -0.001028709 0.597006738 -0.005251952 0.999979734 0.003637103 -0.811515033 0.001047803 -0.003631648 0.999992788 28.663175583
0.999983191 0.005710970 -0.001135152 0.605357707 -0.005706481 0.999975979 0.003918963 -0.826608300 0.001157506 -0.003912418 0.999991655 29.221166611
0.999986351 0.004884479 -0.001813697 0.619659781 -0.004878065 0.999981880 0.003524165 -0.834649324 0.001830878 -0.003515270 0.999992132 29.768560410
0.999983191 0.005442214 -0.002008239 0.625505090 -0.005436332 0.999980927 0.002922517 -0.839203477 0.002024105 -0.002911551 0.999993742 30.320913315
0.999983370 0.005131905 -0.002665844 0.644709706 -0.005124143 0.999982655 0.002910585 -0.858097196 0.002680735 -0.002896876 0.999992192 30.849084854
0.999981105 0.005481518 -0.002769274 0.650295317 -0.005472948 0.999980211 0.003092622 -0.867953241 0.002786172 -0.003077408 0.999991357 31.405937195
0.999973118 0.006698708 -0.002990507 0.657039940 -0.006690805 0.999974132 0.002644751 -0.875536621 0.003008145 -0.002624671 0.999992013 31.957723618
0.999980450 0.005080558 -0.003641522 0.672406435 -0.005070410 0.999983191 0.002790945 -0.894948900 0.003655641 -0.002772426 0.999989450 32.498405457
0.999974370 0.005103651 -0.005020418 0.697602034 -0.005089360 0.999983013 0.002855230 -0.897310913 0.005034905 -0.002829607 0.999983311 33.068668365
0.999980271 0.004256992 -0.004622540 0.701834559 -0.004242134 0.999985814 0.003219134 -0.934293985 0.004636178 -0.003199461 0.999984145 33.594394684
0.999978900 0.004652047 -0.004537798 0.710025907 -0.004635436 0.999982476 0.003664440 -0.946571112 0.004554767 -0.003643328 0.999982953 34.137496948
0.999977469 0.004694094 -0.004792713 0.709982216 -0.004680301 0.999984860 0.002884958 -0.950744569 0.004806184 -0.002862461 0.999984324 34.672119141
0.999975502 0.004766733 -0.005120894 0.718101144 -0.004753489 0.999985278 0.002595456 -0.968369603 0.005133191 -0.002571050 0.999983549 35.204593658
0.999980211 0.003870943 -0.004962971 0.716088414 -0.003856427 0.999988258 0.002931241 -0.978574395 0.004974260 -0.002912043 0.999983311 35.731399536
0.999977052 0.004367306 -0.005173659 0.724595666 -0.004350000 0.999984860 0.003351507 -0.994473100 0.005188218 -0.003328925 0.999980927 36.277305603
0.999979794 0.003348211 -0.005406168 0.747084975 -0.003332293 0.999990046 0.002950861 -1.014483094 0.005415995 -0.002932786 0.999981046 36.844467163
0.999975979 0.003226518 -0.006156771 0.756572783 -0.003205465 0.999988914 0.003426530 -1.027739882 0.006167761 -0.003406712 0.999975145 37.397502899
0.999974787 0.003165757 -0.006358453 0.767115712 -0.003142976 0.999988556 0.003589384 -1.042283535 0.006369744 -0.003569309 0.999973357 37.949550629
0.999975383 0.003409017 -0.006137559 0.768279970 -0.003391756 0.999990225 0.002820464 -1.060385466 0.006147115 -0.002799578 0.999977112 38.469417572
0.999977648 0.003124855 -0.005917553 0.771332324 -0.003110200 0.999992013 0.002484101 -1.068008184 0.005925267 -0.002465640 0.999979377 39.027221680
0.999972701 0.003957217 -0.006237116 0.787498951 -0.003940487 0.999988556 0.002692419 -1.088142872 0.006247698 -0.002667768 0.999976933 39.571056366
0.999973238 0.003503466 -0.006420455 0.795592070 -0.003485321 0.999989927 0.002835075 -1.104342937 0.006430323 -0.002812622 0.999975383 40.122306824
0.999969661 0.003955186 -0.006704910 0.805158973 -0.003936572 0.999988377 0.002787078 -1.107842803 0.006715854 -0.002760599 0.999973595 40.670814514
0.999971092 0.003937809 -0.006503343 0.813947797 -0.003922549 0.999989510 0.002357472 -1.118611097 0.006512560 -0.002331894 0.999976099 41.220268250
0.999966860 0.003667385 -0.007265725 0.823447585 -0.003647652 0.999989629 0.002727352 -1.148876429 0.007275653 -0.002700759 0.999969840 41.758121490
0.999967277 0.004369121 -0.006807340 0.826403022 -0.004350748 0.999986947 0.002711464 -1.159535885 0.006819099 -0.002681758 0.999973118 42.311550140
0.999964535 0.003859103 -0.007488999 0.843301654 -0.003838573 0.999988854 0.002753754 -1.174834728 0.007499543 -0.002724909 0.999968231 42.840381622
0.999967217 0.004093661 -0.006973697 0.826115489 -0.004079672 0.999989569 0.002019194 -1.161192298 0.006981890 -0.001990677 0.999973655 43.492225647
0.999967575 0.003311667 -0.007341444 0.841612577 -0.003292588 0.999991179 0.002609264 -1.207785726 0.007350021 -0.002585007 0.999969661 43.978282928
0.999967575 0.002946540 -0.007489533 0.853679001 -0.002929887 0.999993205 0.002233431 -1.218291283 0.007496064 -0.002211416 0.999969482 44.524944305
0.999965191 0.003897621 -0.007379106 0.855796218 -0.003879040 0.999989212 0.002530655 -1.224746108 0.007388891 -0.002501943 0.999969542 45.087978363
0.999966323 0.003475510 -0.007432286 0.862669110 -0.003459102 0.999991477 0.002219145 -1.238394260 0.007439938 -0.002193362 0.999969900 45.645076752
0.999965191 0.003602657 -0.007527065 0.871143818 -0.003586946 0.999991298 0.002099681 -1.250393867 0.007534564 -0.002072609 0.999969482 46.188720703
0.999966443 0.002833456 -0.007683783 0.846390247 -0.002815728 0.999993265 0.002317175 -1.273958802 0.007690298 -0.002295462 0.999967754 46.778408051
0.999966323 0.003361947 -0.007483752 0.861656666 -0.003346419 0.999992251 0.002086414 -1.274388313 0.007490708 -0.002061300 0.999969840 47.327560425
0.999965668 0.003503110 -0.007515193 0.859550059 -0.003487789 0.999991894 0.002050672 -1.290633321 0.007522314 -0.002024391 0.999969661 47.848636627
0.999965727 0.003789956 -0.007363822 0.867281914 -0.003774907 0.999990761 0.002056465 -1.308943510 0.007371548 -0.002028597 0.999970794 48.415649414
0.999964297 0.003852639 -0.007523979 0.863552332 -0.003837684 0.999990642 0.002001149 -1.314098835 0.007531618 -0.001972203 0.999969721 48.967666626
0.999962747 0.004383533 -0.007433333 0.880042970 -0.004367998 0.999988258 0.002104927 -1.340150118 0.007442473 -0.002072380 0.999970078 49.482360840
0.999961853 0.004984099 -0.007176230 0.880083799 -0.004968960 0.999985397 0.002125853 -1.356134653 0.007186721 -0.002090114 0.999971986 50.026859283
0.999959528 0.005167193 -0.007367767 0.884577632 -0.005150848 0.999984205 0.002235704 -1.371381879 0.007379202 -0.002197663 0.999970376 50.560443878
0.999960363 0.005254091 -0.007194127 0.881845355 -0.005239813 0.999984264 0.002002150 -1.386066198 0.007204534 -0.001964374 0.999972165 51.086196899
0.999957144 0.005143642 -0.007686152 0.902868748 -0.005127928 0.999984741 0.002062616 -1.407370687 0.007696645 -0.002023113 0.999968350 51.642135620
0.999955595 0.005039557 -0.007965277 0.906233549 -0.005022852 0.999985158 0.002115800 -1.422147274 0.007975820 -0.002075698 0.999966025 52.182945251
0.999955118 0.005206791 -0.007912648 0.913994253 -0.005188914 0.999983966 0.002278259 -1.446083665 0.007924384 -0.002237099 0.999966025 52.722011566
0.999956548 0.004697490 -0.008049048 0.917710185 -0.004680999 0.999986887 0.002066560 -1.462442040 0.008058651 -0.002028792 0.999965489 53.256969452
0.999956012 0.005038566 -0.007908207 0.918735623 -0.005018025 0.999983907 0.002615142 -1.485354781 0.007921256 -0.002575343 0.999965310 53.796913147
0.999958038 0.005383027 -0.007408781 0.915463328 -0.005367937 0.999983490 0.002055205 -1.506578326 0.007419721 -0.002015349 0.999970436 54.330650330
0.999960065 0.005820114 -0.006769845 0.906390369 -0.005802786 0.999979854 0.002576574 -1.534648895 0.006784705 -0.002537187 0.999973774 54.861602783
0.999960840 0.005652494 -0.006826455 0.911516428 -0.005635751 0.999981046 0.002469360 -1.556145668 0.006840285 -0.002430791 0.999973655 55.401897430
0.999959588 0.005850562 -0.006826969 0.921414018 -0.005834866 0.999980271 0.002316770 -1.577081442 0.006840391 -0.002276842 0.999974012 55.919570923
0.999956489 0.006596658 -0.006594060 0.909693003 -0.006574871 0.999972880 0.003320200 -1.609479070 0.006615784 -0.003276701 0.999972701 56.492298126
0.999959528 0.006690675 -0.006011066 0.904113233 -0.006673242 0.999973476 0.002915770 -1.637569189 0.006030415 -0.002875539 0.999977708 57.029644012
0.999957383 0.006950151 -0.006072607 0.912889481 -0.006929270 0.999970019 0.003452754 -1.662769556 0.006096424 -0.003410528 0.999975622 57.561115265
0.999959469 0.006774798 -0.005922899 0.923730135 -0.006756029 0.999972105 0.003183016 -1.684516311 0.005944300 -0.003142872 0.999977410 58.098293304
0.999955952 0.007146294 -0.006075649 0.938636541 -0.007124426 0.999968112 0.003613384 -1.715439320 0.006101275 -0.003569940 0.999974966 58.620731354
0.999952197 0.007436401 -0.006346643 0.959349751 -0.007414387 0.999966383 0.003485104 -1.736371279 0.006372347 -0.003437881 0.999973714 59.142082214
0.999953270 0.003306136 -0.009082031 1.032706022 -0.003265112 0.999984443 0.004528070 -1.778037190 0.009096861 -0.004498206 0.999948442 59.675853729
0.999953687 0.005913857 -0.007595056 1.005292416 -0.005881676 0.999973595 0.004252394 -1.788222909 0.007620004 -0.004207525 0.999962091 60.229141235
0.999950767 0.007502715 -0.006498647 0.992534220 -0.007482159 0.999966919 0.003181621 -1.778874516 0.006522303 -0.003132840 0.999973834 60.781314850
0.999949574 0.007650115 -0.006500306 1.001638651 -0.007630391 0.999966204 0.003053624 -1.795536995 0.006523446 -0.003003870 0.999974191 61.308090210
0.999951899 0.007500391 -0.006315096 1.012945056 -0.007480728 0.999967098 0.003131551 -1.803628087 0.006338376 -0.003084159 0.999975145 61.852336884
0.999951243 0.007652263 -0.006227093 1.015578985 -0.007634290 0.999966621 0.002904921 -1.816191196 0.006249114 -0.002857240 0.999976397 62.380332947
0.999952018 0.007810755 -0.005930111 1.029425621 -0.007795244 0.999966145 0.002634190 -1.828088641 0.005950487 -0.002587837 0.999978960 62.906803131
0.999946892 0.008343915 -0.006051494 1.041330934 -0.008326922 0.999961257 0.002827960 -1.838711262 0.006074857 -0.002777419 0.999977708 63.443508148
0.999942243 0.008976291 -0.005908237 1.050164461 -0.008962902 0.999957204 0.002288646 -1.852245450 0.005928528 -0.002235559 0.999979913 63.974479675
0.999946177 0.008428080 -0.006050087 1.065527558 -0.008413521 0.999961674 0.002427550 -1.865113020 0.006070314 -0.002376517 0.999978781 64.494125366
0.999945819 0.008395316 -0.006154705 1.080133438 -0.008380040 0.999961734 0.002503682 -1.879272342 0.006175487 -0.002451970 0.999977946 65.022605896
0.999945700 0.008381104 -0.006193722 1.098064661 -0.008368354 0.999962807 0.002081601 -1.889413357 0.006210936 -0.002029656 0.999978662 65.546058655
0.999943018 0.008631382 -0.006282407 1.106743813 -0.008619918 0.999961197 0.001849475 -1.901226521 0.006298126 -0.001795216 0.999978602 66.089088440
0.999946892 0.007688452 -0.006850878 1.139670014 -0.007677522 0.999969244 0.001620447 -1.909728885 0.006863125 -0.001567763 0.999975204 66.624610901
0.999945879 0.007613276 -0.007093892 1.162842393 -0.007604301 0.999970376 0.001291294 -1.921527863 0.007103513 -0.001237281 0.999974012 67.149925232
0.999949157 0.006607816 -0.007617121 1.186372519 -0.006597151 0.999977231 0.001424356 -1.937110186 0.007626359 -0.001374032 0.999969959 67.589920044
0.999945998 0.006175738 -0.008356448 1.217976809 -0.006171084 0.999980748 0.000582606 -1.941736460 0.008359889 -0.000531006 0.999964833 68.279380798
0.999941826 0.006671569 -0.008472173 1.228761435 -0.006668406 0.999977708 0.000401537 -1.957201958 0.008474661 -0.000345018 0.999964058 68.807533264
0.999941647 0.006407752 -0.008687077 1.237180948 -0.006402943 0.999979317 0.000581145 -1.974067569 0.008690621 -0.000525488 0.999962091 69.341880798
0.999941111 0.007117472 -0.008193603 1.231973290 -0.007113563 0.999974549 0.000506116 -1.997460127 0.008196995 -0.000447801 0.999966323 69.874763489
0.999943674 0.007043915 -0.007940716 1.235171318 -0.007037243 0.999974966 0.000867775 -2.018022060 0.007946629 -0.000811846 0.999968112 70.402519226
0.999943376 0.006759291 -0.008212410 1.243405581 -0.006756932 0.999977112 0.000315075 -2.031392336 0.008214353 -0.000259566 0.999966204 70.949699402
0.999945402 0.006674591 -0.008037128 1.240079284 -0.006672132 0.999977708 0.000332588 -2.049773693 0.008039167 -0.000278945 0.999967635 71.476829529
0.999946654 0.006944276 -0.007649643 1.240160108 -0.006940744 0.999975801 0.000488147 -2.069428921 0.007652848 -0.000435026 0.999970615 72.001213074
0.999947250 0.007153602 -0.007362604 1.237593174 -0.007151372 0.999974370 0.000329045 -2.091712236 0.007364771 -0.000276375 0.999972820 72.530342102
0.999948561 0.006800173 -0.007524398 1.241541386 -0.006798399 0.999976873 0.000261324 -2.100932837 0.007526000 -0.000210156 0.999971628 73.074485779
0.999945998 0.007421365 -0.007272456 1.235555172 -0.007414834 0.999972105 0.000924637 -2.130358458 0.007279115 -0.000870663 0.999973059 73.599975586
0.999948144 0.006895238 -0.007486688 1.244665980 -0.006891957 0.999976158 0.000464050 -2.145145178 0.007489709 -0.000412428 0.999971867 74.131568909
0.999946952 0.007352126 -0.007202646 1.245822430 -0.007347095 0.999972761 0.000724875 -2.163178444 0.007207779 -0.000671919 0.999973774 74.675369263
0.999944627 0.007603175 -0.007278412 1.244693279 -0.007597314 0.999970794 0.000832576 -2.187260866 0.007284531 -0.000777234 0.999973178 75.218887329
0.999939263 0.008739235 -0.006712432 1.231213808 -0.008733005 0.999961436 0.000957192 -2.219761372 0.006720538 -0.000898514 0.999976993 75.753005981
0.999939680 0.009334336 -0.005781238 1.210626006 -0.009323140 0.999954760 0.001960354 -2.273599863 0.005799273 -0.001906337 0.999981344 76.231506348
0.999944210 0.008814105 -0.005809252 1.213222504 -0.008807058 0.999960363 0.001237410 -2.279812098 0.005819929 -0.001186178 0.999982357 76.853675842
0.999941349 0.009617266 -0.004986129 1.197184443 -0.009607042 0.999951720 0.002070449 -2.320121050 0.005005800 -0.002022425 0.999985337 77.388397217
0.999940813 0.009550471 -0.005197444 1.191400409 -0.009541038 0.999952793 0.001836311 -2.330118418 0.005214736 -0.001786613 0.999984801 77.917297363
0.999939859 0.009940742 -0.004613640 1.192589283 -0.009932416 0.999949038 0.001823751 -2.355190754 0.004631535 -0.001777817 0.999987721 78.457176208
0.999936342 0.010475739 -0.004197125 1.192809224 -0.010468887 0.999943852 0.001651087 -2.364489794 0.004214188 -0.001607043 0.999989748 79.010162354
0.999938428 0.010007234 -0.004799477 1.208065152 -0.009999827 0.999948800 0.001564372 -2.373413801 0.004814884 -0.001516281 0.999987245 79.552467346
0.999938607 0.010106156 -0.004539637 1.217333317 -0.010100362 0.999948144 0.001297224 -2.385261536 0.004552512 -0.001251292 0.999988794 80.101280212
0.999942303 0.010089639 -0.003665287 1.227488756 -0.010085753 0.999948561 0.001077350 -2.395096064 0.003675969 -0.001040321 0.999992728 80.666847229
0.999951065 0.009494499 -0.002809836 1.255231380 -0.009493128 0.999954760 0.000501256 -2.403645754 0.002814469 -0.000474557 0.999996006 81.232543945
0.999951243 0.009694447 -0.001852236 1.281689167 -0.009693493 0.999952972 0.000523111 -2.417582989 0.001857221 -0.000505131 0.999998152 81.791069031
0.999964774 0.008377113 -0.000478567 1.280389786 -0.008377210 0.999964893 -0.000206074 -2.399495840 0.000476823 0.000210076 0.999999821 82.398132324
0.999951839 0.009463592 0.002596447 1.302499056 -0.009462613 0.999955118 -0.000389334 -2.410459280 -0.002600015 0.000364746 0.999996543 82.936210632
0.999945760 0.008433422 0.006107601 1.325683355 -0.008426472 0.999963760 -0.001162677 -2.404989481 -0.006117186 0.001111149 0.999980628 83.543014526
0.999934196 0.007128586 0.008982020 1.357383013 -0.007110471 0.999972582 -0.002047076 -2.374263525 -0.008996367 0.001983075 0.999957502 84.071311951
0.999908805 0.005198461 0.012455217 1.411902070 -0.005141260 0.999976039 -0.004620117 -2.318322182 -0.012478936 0.004555661 0.999911785 84.781120300
0.999775529 0.008432648 0.019441299 1.401126027 -0.008375221 0.999960244 -0.003033628 -2.356689453 -0.019466108 0.002870121 0.999806345 85.209045410
0.999656677 0.009155441 0.024550149 1.479808092 -0.009098551 0.999955654 -0.002428084 -2.411231518 -0.024571294 0.002203880 0.999695599 85.755760193
0.999493361 0.007635965 0.030896941 1.501614690 -0.007552794 0.999967456 -0.002807678 -2.419395447 -0.030917373 0.002572897 0.999518573 86.311485291
0.999244809 0.005529325 0.038461179 1.536430001 -0.005357089 0.999975145 -0.004579717 -2.395472050 -0.038485542 0.004370219 0.999249578 86.940383911
0.998883784 0.004232415 0.047043595 1.588922262 -0.003995351 0.999978840 -0.005132168 -2.408092499 -0.047064323 0.004938485 0.998879671 87.471771240
0.998516083 0.005135504 0.054215327 1.619225502 -0.004870663 0.999975562 -0.005015960 -2.425219297 -0.054239761 0.004744453 0.998516679 88.002525330
0.997976422 0.005491784 0.063346528 1.669347286 -0.005199354 0.999975085 -0.004780319 -2.440235376 -0.063371189 0.004441284 0.997980118 88.546569824
0.997325480 0.004764197 0.072932459 1.748430729 -0.004386465 0.999976099 -0.005338500 -2.460029364 -0.072956137 0.005004306 0.997322619 89.088851929
0.996627390 0.005022730 0.081905916 1.801445484 -0.004609081 0.999975681 -0.005238576 -2.470477819 -0.081930250 0.004843397 0.996626318 89.643295288
0.996021211 0.004223383 0.089017667 1.870321274 -0.003730154 0.999976754 -0.005706442 -2.487696171 -0.089039691 0.005351686 0.996013701 90.165809631
0.995061040 0.004332229 0.099169753 1.948569298 -0.003777435 0.999976158 -0.005781468 -2.507232904 -0.099192448 0.005378307 0.995053649 90.681365967
0.993985474 0.003992196 0.109438866 2.032266617 -0.003411206 0.999979019 -0.005495511 -2.525914907 -0.109458506 0.005089140 0.993978322 91.203308105
0.992989302 0.002843236 0.118169636 2.135562897 -0.002124851 0.999978423 -0.006204805 -2.538413048 -0.118184738 0.005910213 0.992974043 91.752571106
0.991441369 0.003450169 0.130506799 2.214501381 -0.002644293 0.999976337 -0.006347762 -2.552672863 -0.130525589 0.005948336 0.991427004 92.267356873
0.989769340 0.003439036 0.142634705 2.318060875 -0.002609554 0.999978721 -0.006002096 -2.572798252 -0.142652258 0.005568479 0.989757121 92.804656982
0.988198459 0.002641826 0.153156355 2.423748016 -0.001719558 0.999979675 -0.006153888 -2.590159655 -0.153169468 0.005817902 0.988182783 93.347679138
0.986435115 0.003021911 0.164123490 2.524961472 -0.001977737 0.999976754 -0.006525155 -2.592996359 -0.164139390 0.006112049 0.986418247 93.917861938
0.984272897 0.002208762 0.176640898 2.660341263 -0.001052527 0.999977410 -0.006639109 -2.623953581 -0.176651537 0.006348776 0.984252989 94.402610779
0.981967151 0.002432563 0.189036220 2.787728310 -0.001215269 0.999977827 -0.006555116 -2.645755768 -0.189047992 0.006207179 0.981948197 94.919509888
0.979894161 0.001748106 0.199510381 2.898671150 -0.000540197 0.999981225 -0.006108641 -2.655240536 -0.199517310 0.005878047 0.979876697 95.456001282
0.977238834 0.002057912 0.212132215 3.057453156 -0.000838762 0.999982715 -0.005836947 -2.684471369 -0.212140575 0.005526163 0.977223516 95.989097595
0.974242508 0.001385433 0.225498930 3.201900482 -0.000030121 0.999981940 -0.006013613 -2.701324463 -0.225503221 0.005851924 0.974224865 96.523086548
0.971598089 0.000474909 0.236636579 3.353506088 0.001107081 0.999977887 -0.006552394 -2.712902546 -0.236634463 0.006628270 0.971576154 97.043869019
0.968890071 0.000447767 0.247491091 3.532457352 0.001288482 0.999975681 -0.006853395 -2.727311134 -0.247488156 0.006959075 0.968865871 97.599273682
0.965398073 0.000368678 0.260780334 3.695915222 0.001285327 0.999980092 -0.006171947 -2.752256870 -0.260777473 0.006293573 0.965378404 98.114448547
0.961803257 -0.000101361 0.273741603 3.864639282 0.001912300 0.999977946 -0.006348677 -2.774296045 -0.273734897 0.006629654 0.961782396 98.638633728
0.958448708 0.000558499 0.285264045 4.054069519 0.001245574 0.999980450 -0.006142756 -2.785801411 -0.285261869 0.006242836 0.958429217 99.236183167
0.954309881 -0.000475698 0.298818380 4.256494522 0.002418955 0.999978244 -0.006133307 -2.814522743 -0.298808962 0.006575904 0.954290271 99.731307983
0.949897766 -0.001610990 0.312556207 4.450094223 0.003734050 0.999973834 -0.006194145 -2.837377310 -0.312538028 0.007050905 0.949879050 100.228958130
0.946154833 -0.002006660 0.323707968 4.653020859 0.004128321 0.999974310 -0.005867703 -2.857868671 -0.323687911 0.006888127 0.946138859 100.744255066
0.941551328 -0.000416855 0.336869210 4.863460541 0.002537576 0.999979615 -0.005855128 -2.858865976 -0.336859882 0.006367735 0.941533267 101.245994568
0.936438203 -0.000874283 0.350831658 5.085565567 0.003184620 0.999976814 -0.006008401 -2.871538162 -0.350818306 0.006743761 0.936419308 101.759025574
0.931594849 -0.001115629 0.363496602 5.299354553 0.003371956 0.999978781 -0.005572793 -2.887026072 -0.363482654 0.006417279 0.931578875 102.267257690
0.926734447 -0.002362465 0.375709534 5.506330490 0.004874045 0.999971688 -0.005734610 -2.915629864 -0.375685364 0.007145686 0.926719725 102.723571777
0.920966387 -0.002780205 0.389632016 5.743721008 0.005009930 0.999976397 -0.004706590 -2.937203407 -0.389609754 0.006286641 0.920958519 103.224403381
0.914849877 -0.000795277 0.403793126 5.968044281 0.003087062 0.999982595 -0.005024691 -2.942431211 -0.403782129 0.005843372 0.914836466 103.729621887
0.910177469 -0.001356423 0.414216161 6.158420563 0.003997400 0.999976814 -0.005509084 -2.938013792 -0.414199144 0.006670032 0.910161793 104.074760437
0.904354453 -0.000973327 0.426780999 6.465164185 0.003655639 0.999978304 -0.005465770 -2.963442564 -0.426766515 0.006503150 0.904338479 104.704093933
0.897654116 -0.000769976 0.440699875 6.725933075 0.003610394 0.999977708 -0.005606824 -2.980017185 -0.440685779 0.006624090 0.897637069 105.196441650
0.892088413 -0.001904601 0.451856881 7.009273529 0.004806824 0.999974549 -0.005275032 -3.001458406 -0.451835364 0.006877791 0.892074823 105.662803650
0.886583686 -0.002340959 0.462562412 7.286373138 0.005070794 0.999976277 -0.004658353 -3.016752720 -0.462540537 0.006475578 0.886574447 106.142486572
0.878974617 -0.003021489 0.476859033 7.575386047 0.005794130 0.999973774 -0.004344016 -3.052382231 -0.476833403 0.006581263 0.878969073 106.600746155
