1.000000000 0.000000000 0.000000000 0.000000000 0.000000000 1.000000000 0.000000000 0.000000000 0.000000000 0.000000000 1.000000000 0.000000000
1.000000000 0.000077624 0.000001164 0.000132089 -0.000077624 1.000000000 -0.000024232 0.000076777 -0.000001166 0.000024232 1.000000000 -0.000011748
1.000000000 0.000105846 0.000075908 -0.000449246 -0.000105849 1.000000000 0.000048193 -0.000200810 -0.000075903 -0.000048201 1.000000000 0.000292808
1.000000000 -0.000035885 0.000053344 0.000202026 0.000035886 1.000000000 -0.000020025 0.000558313 -0.000053343 0.000020027 1.000000000 0.000742967
1.000000000 -0.000047748 0.000065238 -0.000431982 0.000047745 1.000000000 0.000046940 -0.000272577 -0.000065240 -0.000046937 1.000000000 -0.000416447
1.000000000 0.000014473 0.000128488 -0.000959528 -0.000014475 1.000000000 0.000014868 0.000433766 -0.000128488 -0.000014870 1.000000000 0.000398646
1.000000000 -0.000087967 0.000094356 -0.000084260 0.000087967 1.000000000 -0.000003318 -0.000161230 -0.000094355 0.000003327 1.000000000 -0.000046469
1.000000000 -0.000019694 0.000076892 0.000174134 0.000019689 1.000000000 0.000070420 -0.000649755 -0.000076893 -0.000070419 1.000000000 -0.000123732
1.000000000 0.000008219 0.000014239 -0.000235666 -0.000008219 1.000000000 -0.000059463 0.000092098 -0.000014240 0.000059463 1.000000000 -0.000042796
1.000000000 0.000007156 0.000067384 0.000187654 -0.000007160 1.000000000 0.000062464 -0.001128608 -0.000067384 -0.000062464 1.000000000 -0.000266275
1.000000000 0.000089726 0.000093915 -0.000693524 -0.000089735 1.000000000 0.000090916 -0.000957091 -0.000093907 -0.000090924 1.000000000 -0.000234533
1.000000000 0.000027950 0.000103290 -0.000193319 -0.000027952 1.000000000 0.000023156 0.000023856 -0.000103289 -0.000023159 1.000000000 0.000498149
1.000000000 0.000062994 0.000023255 -0.000429515 -0.000062993 1.000000000 -0.000044414 -0.000811228 -0.000023258 0.000044413 1.000000000 -0.001249045
1.000000000 0.000063797 0.000051232 -0.000306887 -0.000063798 1.000000000 0.000020629 0.000005163 -0.000051230 -0.000020633 1.000000000 -0.000012395
1.000000000 -0.000014111 0.000041947 -0.000184398 0.000014114 1.000000000 -0.000061581 0.000447622 -0.000041946 0.000061582 1.000000000 0.000000269
1.000000000 -0.000010285 -0.000016792 0.000803980 0.000010284 1.000000000 -0.000027969 0.000800227 0.000016792 0.000027969 1.000000000 0.001047219
1.000000000 0.000021794 0.000064958 -0.000014012 -0.000021790 1.000000000 -0.000068793 0.000982032 -0.000064959 0.000068792 1.000000000 0.001097241
1.000000000 0.000075625 0.000063501 -0.001112003 -0.000075623 1.000000000 -0.000031259 0.000103932 -0.000063503 0.000031254 1.000000000 -0.000496216
1.000000000 0.000192283 0.000132173 -0.001481674 -0.000192280 1.000000000 -0.000019642 0.000459971 -0.000132177 0.000019616 1.000000000 0.000876063
1.000000000 0.000154636 0.000082023 -0.001085878 -0.000154632 1.000000000 -0.000046165 0.000849303 -0.000082030 0.000046153 1.000000000 0.000997896
1.000000000 0.000089031 0.000081143 -0.001240827 -0.000089027 1.000000000 -0.000052207 0.000162995 -0.000081148 0.000052200 1.000000000 0.000630778
1.000000000 0.000125421 0.000048274 -0.001381180 -0.000125422 1.000000000 0.000000511 0.000431931 -0.000048274 -0.000000517 1.000000000 0.000824282
1.000000000 0.000175217 0.000017867 -0.000325536 -0.000175217 1.000000000 -0.000017175 0.000738519 -0.000017870 0.000017171 1.000000000 0.001098001
1.000000000 0.000146005 -0.000008189 -0.000427958 -0.000146005 1.000000000 -0.000036754 0.000653913 0.000008184 0.000036755 1.000000000 0.000510397
1.000000000 0.000269813 -0.000039764 -0.000736089 -0.000269813 1.000000000 -0.000006801 0.000899582 0.000039763 0.000006812 1.000000000 0.001122172
0.999999940 0.000309663 0.000029980 -0.000817818 -0.000309662 0.999999940 -0.000005407 0.000107037 -0.000029982 0.000005398 1.000000000 0.000374526
1.000000000 0.000137487 0.000047177 -0.000274184 -0.000137486 1.000000000 -0.000004968 0.001159137 -0.000047178 0.000004962 1.000000000 0.001538328
1.000000000 0.000157638 0.000066851 -0.000666403 -0.000157638 1.000000000 -0.000010445 0.000932888 -0.000066853 0.000010434 1.000000000 0.000489550
1.000000000 0.000148550 0.000003357 -0.000404144 -0.000148550 1.000000000 0.000004292 0.000977605 -0.000003357 -0.000004292 1.000000000 0.000615061
1.000000000 0.000132309 -0.000034615 -0.000584933 -0.000132309 1.000000000 0.000000074 0.000730433 0.000034615 -0.000000070 1.000000000 0.000551175
1.000000000 0.000139654 0.000084079 -0.000842020 -0.000139655 1.000000000 0.000014029 0.000523613 -0.000084077 -0.000014041 1.000000000 0.001284879
1.000000000 0.000045650 0.000041825 -0.000445675 -0.000045649 1.000000000 -0.000030968 0.000877514 -0.000041827 0.000030966 1.000000000 0.001316100
1.000000000 0.000168695 -0.000012514 -0.000705061 -0.000168696 1.000000000 -0.000130784 0.001387425 0.000012491 0.000130787 1.000000000 0.000820906
1.000000000 0.000147970 0.000053976 -0.001164623 -0.000147968 1.000000000 -0.000023612 0.000245008 -0.000053979 0.000023604 1.000000000 0.000338256
1.000000000 0.000145466 0.000055267 -0.001281413 -0.000145461 1.000000000 -0.000093348 0.000376557 -0.000055280 0.000093340 1.000000000 0.000454653
1.000000000 0.000166001 0.000075642 -0.000777705 -0.000165995 1.000000000 -0.000070150 0.000477215 -0.000075653 0.000070137 1.000000000 0.000733268
1.000000000 0.000148725 0.000047628 -0.000506249 -0.000148725 1.000000000 0.000004142 0.000299757 -0.000047627 -0.000004149 1.000000000 0.000368643
1.000000000 0.000193154 -0.000005950 -0.000824124 -0.000193154 1.000000000 0.000018839 0.000555971 0.000005953 -0.000018838 1.000000000 0.000585591
1.000000000 0.000245968 0.000063265 -0.000887239 -0.000245966 1.000000000 -0.000018451 0.000650611 -0.000063269 0.000018435 1.000000000 0.000287357
1.000000000 0.000177231 0.000011875 -0.000439859 -0.000177230 1.000000000 -0.000053334 0.001831444 -0.000011884 0.000053332 1.000000000 0.001166464
1.000000000 0.000082789 -0.000028609 0.000234239 -0.000082791 1.000000000 -0.000074064 0.000520208 0.000028603 0.000074066 1.000000000 0.001448078
0.999999940 0.000449100 0.000191327 -0.000200779 -0.000448979 0.999999702 -0.000630872 -0.002053936 -0.000191610 0.000630786 0.999999762 0.048709780
0.999999702 0.000289179 0.000588229 -0.001535415 -0.000288813 0.999999762 -0.000621616 -0.006456181 -0.000588408 0.000621446 0.999999642 0.142580122
0.999999702 0.000305585 0.000625493 -0.000222873 -0.000305015 0.999999523 -0.000910962 -0.009966658 -0.000625771 0.000910771 0.999999404 0.257138580
0.999999523 0.000604773 0.000602769 0.003449205 -0.000604246 0.999999344 -0.000875139 -0.011823562 -0.000603298 0.000874775 0.999999464 0.389932781
0.999999702 0.000396695 0.000535406 0.004911280 -0.000396352 0.999999642 -0.000639400 -0.018977903 -0.000535659 0.000639188 0.999999642 0.527676940
0.999999881 0.000280275 0.000436999 0.009134008 -0.000280148 0.999999881 -0.000290976 -0.026890960 -0.000437080 0.000290854 0.999999821 0.669323742
0.999999821 0.000299909 0.000597506 0.013946489 -0.000299941 1.000000000 0.000054161 -0.031231463 -0.000597490 -0.000054340 0.999999881 0.831699491
0.999999881 0.000373947 0.000315520 0.012858511 -0.000373967 0.999999940 0.000063708 -0.036722608 -0.000315496 -0.000063826 0.999999940 1.002751231
0.999999881 0.000301941 0.000252598 0.017194625 -0.000301979 0.999999881 0.000151914 -0.040052947 -0.000252552 -0.000151990 0.999999940 1.181475282
0.999999702 0.000424252 0.000540138 0.017657360 -0.000424387 0.999999821 0.000250639 -0.047431074 -0.000540032 -0.000250869 0.999999821 1.364817142
0.999999523 0.000798163 0.000496998 0.020890910 -0.000798219 0.999999702 0.000114339 -0.048962325 -0.000496907 -0.000114736 0.999999881 1.556678057
0.999999702 0.000551443 0.000490585 0.025242187 -0.000551717 0.999999642 0.000559717 -0.060404141 -0.000490276 -0.000559988 0.999999642 1.752508402
0.999999046 0.001162493 0.000672838 0.026186822 -0.001163035 0.999998987 0.000804364 -0.066076279 -0.000671903 -0.000805146 0.999999404 1.956390023
0.999999940 -0.000329578 0.000541486 0.033313364 0.000329002 0.999999404 0.001063432 -0.076459177 -0.000541837 -0.001063253 0.999999285 2.164506912
0.999999642 0.000240538 0.000810700 0.036533400 -0.000241221 0.999999642 0.000842205 -0.080672897 -0.000810497 -0.000842400 0.999999285 2.381560564
0.999999523 0.000496584 0.000772523 0.043452568 -0.000497225 0.999999464 0.000829141 -0.088090211 -0.000772111 -0.000829524 0.999999344 2.600201368
0.999999464 0.000260511 0.000998343 0.048201293 -0.000261520 0.999999464 0.001010665 -0.094364502 -0.000998079 -0.001010926 0.999998987 2.830533266
0.999999344 0.000232156 0.001117233 0.046823464 -0.000233459 0.999999285 0.001166188 -0.103232712 -0.001116961 -0.001166448 0.999998689 3.065028667
0.999999344 0.000593158 0.000891848 0.059071325 -0.000594097 0.999999285 0.001053188 -0.106812887 -0.000891223 -0.001053718 0.999998987 3.307102203
0.999999344 0.000610291 0.001080281 0.062029202 -0.000611237 0.999999404 0.000875872 -0.111330941 -0.001079746 -0.000876532 0.999999046 3.558823347
0.999999285 0.000650410 0.001006729 0.067736410 -0.000651432 0.999999285 0.001014886 -0.118468799 -0.001006068 -0.001015541 0.999998927 3.809025049
0.999999106 0.000605063 0.001171751 0.071141899 -0.000606219 0.999999225 0.000985693 -0.123971283 -0.001171154 -0.000986402 0.999998808 4.067135334
0.999999464 0.000613661 0.000856531 0.083172016 -0.000614514 0.999999344 0.000996391 -0.128871784 -0.000855919 -0.000996916 0.999999166 4.326983452
0.999999702 0.000418664 0.000714098 0.089459546 -0.000419501 0.999999225 0.001172631 -0.136873111 -0.000713606 -0.001172930 0.999999106 4.586891651
0.999999046 0.000953521 0.000992670 0.095832981 -0.000954485 0.999999166 0.000971144 -0.140869930 -0.000991743 -0.000972091 0.999999046 4.846859932
0.999998748 0.001189852 0.001005330 0.102407672 -0.001190831 0.999998808 0.000972990 -0.147061288 -0.001004171 -0.000974186 0.999999046 5.110331535
0.999997973 0.001531199 0.001247073 0.102742597 -0.001532122 0.999998510 0.000740086 -0.154755235 -0.001245938 -0.000741995 0.999998927 5.367435455
0.999998271 0.001219261 0.001415821 0.106059358 -0.001220833 0.999998629 0.001110229 -0.164716035 -0.001414465 -0.001111955 0.999998391 5.633994579
0.999998510 0.001126010 0.001320600 0.108578950 -0.001127444 0.999998868 0.001085708 -0.172575399 -0.001319376 -0.001087195 0.999998450 5.904529095
0.999998808 0.001039227 0.001130215 0.115280546 -0.001040369 0.999998927 0.001010549 -0.181564599 -0.001129164 -0.001011724 0.999998808 6.187578201
0.999998629 0.000936811 0.001365575 0.125854880 -0.000938003 0.999999285 0.000872033 -0.183132395 -0.001364756 -0.000873313 0.999998689 6.474152088
0.999998689 0.000953890 0.001318373 0.129940048 -0.000955261 0.999998987 0.001040041 -0.195187092 -0.001317380 -0.001041299 0.999998569 6.764193058
0.999998748 0.000921300 0.001291507 0.136532500 -0.000922640 0.999999046 0.001036765 -0.201943576 -0.001290551 -0.001037956 0.999998569 7.064477921
0.999998510 0.001194398 0.001269153 0.143256277 -0.001195935 0.999998569 0.001211161 -0.215239823 -0.001267705 -0.001212677 0.999998391 7.364016533
0.999997735 0.001544343 0.001463567 0.146521136 -0.001546283 0.999997973 0.001325547 -0.227500081 -0.001461517 -0.001327807 0.999998033 7.663614750
0.999998331 0.001006925 0.001502957 0.161999345 -0.001008314 0.999999046 0.000923761 -0.229207605 -0.001502026 -0.000925275 0.999998391 7.996554375
0.999998152 0.001257772 0.001458779 0.164606377 -0.001259554 0.999998450 0.001221477 -0.241260260 -0.001457240 -0.001223312 0.999998093 8.304274559
0.999998569 0.001086171 0.001329664 0.174801782 -0.001087712 0.999998689 0.001158623 -0.250670731 -0.001328404 -0.001160068 0.999998450 8.633509636
0.999996960 0.001561931 0.001876407 0.173627481 -0.001564689 0.999997675 0.001469600 -0.263004035 -0.001874107 -0.001472532 0.999997139 8.964695930
0.999997139 0.001703425 0.001652856 0.184441030 -0.001705566 0.999997675 0.001295106 -0.273454845 -0.001650646 -0.001297921 0.999997735 9.307510376
0.999996305 0.001968918 0.001879230 0.188212425 -0.001970783 0.999997556 0.000990701 -0.282187104 -0.001877275 -0.000994401 0.999997735 9.636944771
0.999996662 0.001531690 0.002064285 0.195130333 -0.001534044 0.999998152 0.001139460 -0.289459050 -0.002062536 -0.001142623 0.999997199 9.991000175
0.999996066 0.002229731 0.001715240 0.204327062 -0.002231391 0.999996960 0.000966109 -0.301402211 -0.001713081 -0.000969932 0.999997973 10.360290527
0.999995947 0.002104828 0.001946845 0.212780550 -0.002106797 0.999997199 0.001009757 -0.312602699 -0.001944714 -0.001013855 0.999997556 10.720774651
0.999995530 0.002408301 0.001785283 0.224849537 -0.002410982 0.999995947 0.001500417 -0.327579439 -0.001781662 -0.001504715 0.999997199 11.063960075
0.999995649 0.002432890 0.001674499 0.236396074 -0.002435711 0.999995530 0.001684652 -0.339397758 -0.001670393 -0.001688723 0.999997139 11.434264183
0.999994576 0.002543707 0.002091020 0.237018138 -0.002547092 0.999995470 0.001617766 -0.346747458 -0.002086896 -0.001623083 0.999996424 11.828082085
0.999994397 0.002467166 0.002262866 0.243378490 -0.002471453 0.999995112 0.001893861 -0.360168248 -0.002258183 -0.001899443 0.999995530 12.215609550
0.999995232 0.002170083 0.002200724 0.259516865 -0.002174251 0.999995828 0.001893304 -0.371974617 -0.002196606 -0.001898080 0.999995768 12.594223976
0.999994576 0.002379359 0.002328762 0.263068467 -0.002383725 0.999995530 0.001873591 -0.376060784 -0.002324294 -0.001879132 0.999995530 12.999798775
0.999994695 0.002194413 0.002382782 0.274571449 -0.002198712 0.999995887 0.001803073 -0.391849995 -0.002378816 -0.001808303 0.999995530 13.404502869
0.999994755 0.002149979 0.002422961 0.281624794 -0.002153651 0.999996483 0.001513648 -0.399915159 -0.002419698 -0.001518858 0.999995947 13.803327560
0.999994814 0.001856342 0.002622842 0.293852150 -0.001861358 0.999996424 0.001911209 -0.412867725 -0.002619284 -0.001916081 0.999994695 14.214786530
0.999993682 0.002167360 0.002819471 0.303071856 -0.002172353 0.999996066 0.001768903 -0.427748799 -0.002815626 -0.001775016 0.999994457 14.635565758
0.999991417 0.002522398 0.003259654 0.305923820 -0.002529607 0.999994338 0.002209404 -0.443146318 -0.003254063 -0.002217631 0.999992192 15.061374664
0.999991596 0.002658205 0.003164929 0.324258924 -0.002665242 0.999993980 0.002221009 -0.456889421 -0.003159007 -0.002229426 0.999992490 15.493741989
0.999989450 0.002600223 0.003775036 0.330322862 -0.002607948 0.999994516 0.002043189 -0.467308462 -0.003769703 -0.002053012 0.999990761 15.929500580
0.999986112 0.003058393 0.004290094 0.342130184 -0.003068112 0.999992728 0.002260632 -0.480567455 -0.004283149 -0.002273763 0.999988258 16.381252289
0.999984503 0.003160708 0.004588284 0.352227509 -0.003170942 0.999992490 0.002224941 -0.492349088 -0.004581217 -0.002239455 0.999987006 16.828325272
0.999986708 0.002777049 0.004339437 0.363224745 -0.002788001 0.999992967 0.002519871 -0.507454693 -0.004332408 -0.002531936 0.999987423 17.266120911
0.999985754 0.002685112 0.004605504 0.373992503 -0.002698596 0.999992073 0.002924206 -0.524395525 -0.004597616 -0.002936592 0.999985158 17.723838806
0.999985635 0.002423657 0.004775880 0.387890249 -0.002436270 0.999993503 0.002637106 -0.530085444 -0.004769457 -0.002648703 0.999985099 18.211065292
0.999980807 0.003004689 0.005409727 0.398199201 -0.003020367 0.999991238 0.002892249 -0.536771595 -0.005400989 -0.002908533 0.999981225 18.677814484
0.999987841 0.002573440 0.004200648 0.422644138 -0.002584413 0.999993205 0.002608856 -0.550323486 -0.004193905 -0.002619680 0.999987781 19.178943634
0.999982595 0.002768674 0.005204749 0.423708200 -0.002782253 0.999992669 0.002603442 -0.569614470 -0.005197504 -0.002617878 0.999983072 19.653596878
0.999979436 0.003297277 0.005491035 0.428707361 -0.003312531 0.999990582 0.002771084 -0.582976460 -0.005481848 -0.002789217 0.999981105 20.140310287
0.999982297 0.002969721 0.005143598 0.451411009 -0.002985178 0.999991059 0.003000116 -0.595579743 -0.005134644 -0.003015418 0.999982238 20.609790802
0.999984980 0.002712699 0.004754647 0.465350419 -0.002727345 0.999991536 0.003076636 -0.608310044 -0.004746261 -0.003089557 0.999984026 21.106391907
0.999986887 0.002908626 0.004209383 0.477845609 -0.002919895 0.999992192 0.002673667 -0.614526391 -0.004201575 -0.002685923 0.999987483 21.610536575
0.999990225 0.002574577 0.003591371 0.491489917 -0.002581422 0.999994814 0.001902724 -0.617392063 -0.003586453 -0.001911976 0.999991715 22.139957428
0.999987245 0.003095253 0.003991359 0.495671719 -0.003103943 0.999992847 0.002172758 -0.638964772 -0.003984605 -0.002185119 0.999989688 22.638023376
0.999990404 0.003039217 0.003134550 0.511493802 -0.003046869 0.999992430 0.002439353 -0.657115757 -0.003127111 -0.002448881 0.999992192 23.157468796
0.999989748 0.003181255 0.003201357 0.516385734 -0.003188760 0.999992311 0.002341895 -0.670475900 -0.003193882 -0.002352079 0.999992132 23.666906357
0.999995232 0.001838205 0.002451504 0.530350208 -0.001843113 0.999996305 0.002001495 -0.687211335 -0.002447816 -0.002006004 0.999994993 24.196281433
0.999994874 0.002567514 0.001919118 0.538859367 -0.002571530 0.999994516 0.002092977 -0.696788609 -0.001913733 -0.002097901 0.999995947 24.737979889
0.999994695 0.002968176 0.001348500 0.551748157 -0.002971200 0.999993086 0.002246761 -0.710226536 -0.001341822 -0.002250756 0.999996483 25.272562027
0.999993563 0.003467677 0.000953247 0.560125530 -0.003469757 0.999991596 0.002188532 -0.724448919 -0.000945650 -0.002191825 0.999997139 25.808372498
0.999993384 0.003590161 0.000593874 0.567984581 -0.003591275 0.999991775 0.001885743 -0.734929502 -0.000587099 -0.001887863 0.999998093 26.355716705
0.999996722 0.002523336 0.000399290 0.577956796 -0.002524263 0.999994099 0.002338402 -0.747135520 -0.000393387 -0.002339403 0.999997199 26.922685623
0.999997199 0.002299638 -0.000637912 0.602006078 -0.002298180 0.999994755 0.002277136 -0.756387949 0.000643145 -0.002275663 0.999997199 27.491472244
0.999993980 0.003468072 -0.000189959 0.596515834 -0.003467601 0.999991000 0.002417010 -0.783272564 0.000198340 -0.002416336 0.999997079 28.017871857
0.999992251 0.003921119 -0.000355685 0.603736579 -0.003920186 0.999988914 0.002587509 -0.796851039 0.000365826 -0.002586095 0.999996543 28.560510635
0.999992430 0.003870137 -0.000671215 0.615620434 -0.003868368 0.999989092 0.002618214 -0.811280549 0.000681340 -0.002615597 0.999996305 29.113380432
0.999992728 0.003689301 -0.000981442 0.624760926 -0.003686783 0.999989927 0.002554850 -0.822714984 0.000990858 -0.002551213 0.999996245 29.660253525
0.999991953 0.003777612 -0.001367033 0.632370114 -0.003774097 0.999989569 0.002564817 -0.835105896 0.001376707 -0.002559637 0.999995768 30.204322815
0.999991059 0.003906672 -0.001571644 0.647450805 -0.003902437 0.999988914 0.002688981 -0.853996217 0.001582132 -0.002682823 0.999995172 30.730583191
0.999991238 0.003821751 -0.001703269 0.654964805 -0.003817187 0.999989092 0.002675110 -0.867343903 0.001713475 -0.002668584 0.999994993 31.278497696
0.999988258 0.004316024 -0.002207537 0.663704753 -0.004310806 0.999987900 0.002363383 -0.875562131 0.002217711 -0.002353839 0.999994814 31.834705353
0.999986291 0.004627286 -0.002444908 0.676807046 -0.004620905 0.999985933 0.002609540 -0.896981716 0.002456949 -0.002598207 0.999993622 32.367027283
0.999985337 0.004684544 -0.002716381 0.678141892 -0.004676708 0.999984980 0.002884018 -0.914957166 0.002729850 -0.002871273 0.999992192 32.908081055
0.999986112 0.004204269 -0.003177508 0.698987305 -0.004194728 0.999986708 0.003003406 -0.927083552 0.003190094 -0.002990037 0.999990463 33.454612732
0.999987423 0.003717612 -0.003343101 0.707278073 -0.003709045 0.999989808 0.002564869 -0.934491634 0.003352603 -0.002552437 0.999991119 34.003055573
0.999984682 0.004050200 -0.003770493 0.713541389 -0.004039328 0.999987602 0.002886574 -0.951392889 0.003782138 -0.002871299 0.999988735 34.545162201
0.999986529 0.003640859 -0.003701310 0.716529906 -0.003631016 0.999989867 0.002662642 -0.964594543 0.003710966 -0.002649167 0.999989569 35.074195862
0.999981582 0.004123235 -0.004460114 0.744439840 -0.004108920 0.999986470 0.003214186 -0.985594153 0.004473306 -0.003195801 0.999984920 35.616687775
0.999983132 0.003080686 -0.004922637 0.747965455 -0.003065814 0.999990702 0.003025766 -0.997140706 0.004931912 -0.003010624 0.999983311 36.153884888
0.999985695 0.003361986 -0.004164322 0.747238994 -0.003351151 0.999991000 0.002606304 -1.006640911 0.004173046 -0.002592312 0.999987960 36.692302704
0.999980807 0.003566049 -0.005066677 0.782902122 -0.003552469 0.999990106 0.002686626 -1.011970282 0.005076208 -0.002668575 0.999983549 37.246578217
0.999980092 0.004518002 -0.004410001 0.759654164 -0.004505792 0.999985993 0.002774686 -1.041051388 0.004422475 -0.002754760 0.999986410 37.776519775
0.999979436 0.002288455 -0.006002126 0.782643557 -0.002272627 0.999993980 0.002642648 -1.048070788 0.006008138 -0.002628953 0.999978542 38.340389252
0.999976695 0.003858601 -0.005636728 0.785456896 -0.003841084 0.999987781 0.003115169 -1.065760970 0.005648678 -0.003093445 0.999979198 38.872123718
0.999976993 0.004670293 -0.004918745 0.792548895 -0.004655892 0.999984860 0.002935163 -1.083384991 0.004932377 -0.002912194 0.999983609 39.363021851
0.999976933 0.004759817 -0.004842776 0.798262596 -0.004746353 0.999984860 0.002787907 -1.096146822 0.004855973 -0.002764858 0.999984443 39.916866302
0.999980152 0.002798490 -0.005631362 0.826234639 -0.002785648 0.999993503 0.002287201 -1.102550983 0.005637727 -0.002271468 0.999981523 40.468029022
0.999979973 0.003552467 -0.005228346 0.825615108 -0.003540239 0.999991000 0.002346260 -1.121873975 0.005236633 -0.002327704 0.999983549 41.016059875
0.999977529 0.004786992 -0.004688214 0.828109622 -0.004772967 0.999984086 0.002998540 -1.147976756 0.004702493 -0.002976097 0.999984503 41.524089813
0.999978125 0.003016817 -0.005891657 0.854711175 -0.003005893 0.999993682 0.001862340 -1.138173342 0.005897238 -0.001844589 0.999980927 42.119293213
0.999973714 0.005013433 -0.005238515 0.848892987 -0.005000576 0.999984443 0.002464673 -1.176181674 0.005250791 -0.002438413 0.999983251 42.604564667
0.999971807 0.006006038 -0.004502430 0.842210174 -0.005995174 0.999979019 0.002422496 -1.185093999 0.004516884 -0.002395435 0.999986947 43.125999451
0.999974787 0.005443686 -0.004555269 0.838709772 -0.005431573 0.999981821 0.002666908 -1.201294899 0.004569704 -0.002642099 0.999986053 43.612007141
0.999976277 0.005224695 -0.004478742 0.842334986 -0.005211075 0.999981761 0.003047147 -1.218085885 0.004494582 -0.003023735 0.999985397 44.141609192
0.999973357 0.005443182 -0.004869038 0.856495976 -0.005429226 0.999981046 0.002874724 -1.226076126 0.004884592 -0.002848212 0.999983966 44.685100555
0.999972939 0.005726138 -0.004620958 0.861815989 -0.005714573 0.999980450 0.002512093 -1.240154982 0.004635253 -0.002485618 0.999986172 45.233280182
0.999972641 0.005659346 -0.004761497 0.868546486 -0.005646826 0.999980569 0.002638660 -1.253649473 0.004776338 -0.002611700 0.999985218 45.779907227
0.999972999 0.005763902 -0.004540611 0.877307653 -0.005751621 0.999979794 0.002713325 -1.272979856 0.004556160 -0.002687137 0.999985933 46.313613892
0.999971807 0.005571022 -0.005023455 0.891072035 -0.005556815 0.999980569 0.002837712 -1.283234477 0.005039166 -0.002809718 0.999983311 46.862163544
0.999971032 0.005991515 -0.004688655 0.889642239 -0.005978044 0.999978006 0.002881738 -1.297735453 0.004705817 -0.002853626 0.999984801 47.381031036
0.999969959 0.006030680 -0.004870599 0.896517813 -0.006018444 0.999978721 0.002523149 -1.311907887 0.004885711 -0.002493760 0.999984920 47.923645020
0.999974191 0.005873859 -0.004139935 0.899536371 -0.005861878 0.999978602 0.002899994 -1.328169584 0.004156881 -0.002875652 0.999987245 48.449764252
0.999972939 0.006404855 -0.003639000 0.900740206 -0.006394230 0.999975264 0.002923982 -1.342230558 0.003657638 -0.002900634 0.999989152 49.000423431
0.999971628 0.006360022 -0.004041652 0.915081203 -0.006349762 0.999976575 0.002546321 -1.351210952 0.004057750 -0.002520585 0.999988616 49.531326294
0.999971509 0.006144235 -0.004374988 0.919731498 -0.006131716 0.999977112 0.002869169 -1.366308928 0.004392515 -0.002842261 0.999986291 50.077400208
0.999970376 0.006731130 -0.003735217 0.921220839 -0.006720112 0.999973178 0.002954711 -1.383418560 0.003755005 -0.002929522 0.999988616 50.612762451
0.999971986 0.006081581 -0.004343455 0.938907385 -0.006069431 0.999977648 0.002805128 -1.398315191 0.004360415 -0.002778687 0.999986649 51.154689789
0.999970376 0.006319252 -0.004390841 0.948070347 -0.006306732 0.999976039 0.002859347 -1.410605073 0.004408807 -0.002831570 0.999986291 51.700141907
0.999969184 0.006475690 -0.004433466 0.956191778 -0.006463829 0.999975502 0.002684228 -1.423571348 0.004450739 -0.002655488 0.999986589 52.246692657
0.999973178 0.005981834 -0.004225469 0.959967315 -0.005969560 0.999977887 0.002911764 -1.435735703 0.004242794 -0.002886462 0.999986768 52.783798218
0.999971807 0.006142848 -0.004299664 0.967602551 -0.006131538 0.999977708 0.002638712 -1.446747661 0.004315778 -0.002612274 0.999987245 53.321590424
0.999971032 0.006299141 -0.004276140 0.976902783 -0.006289782 0.999977827 0.002198319 -1.459350944 0.004289889 -0.002171359 0.999988377 53.860282898
0.999969542 0.006753920 -0.003915225 0.977684021 -0.006744447 0.999974310 0.002427718 -1.472770333 0.003931521 -0.002401238 0.999989390 54.395584106
0.999971509 0.006595321 -0.003690005 0.984234810 -0.006586174 0.999975264 0.002485126 -1.485066652 0.003706303 -0.002460753 0.999990046 54.948993683
0.999972224 0.006229111 -0.004088137 0.994430244 -0.006218841 0.999977469 0.002519972 -1.501601696 0.004103742 -0.002494478 0.999988496 55.461833954
0.999971271 0.006424152 -0.004007528 0.999042630 -0.006413600 0.999975920 0.002640463 -1.514269710 0.004024393 -0.002614685 0.999988496 56.008693695
0.999970853 0.006632254 -0.003779716 1.009162664 -0.006622721 0.999974847 0.002529055 -1.530492783 0.003796396 -0.002503950 0.999989688 56.542991638
0.999970257 0.007001118 -0.003229974 1.012314439 -0.006993635 0.999972820 0.002322567 -1.545409560 0.003246148 -0.002299909 0.999992192 57.074283600
0.999970973 0.006737846 -0.003564243 1.022745967 -0.006728243 0.999973714 0.002699558 -1.561546445 0.003582339 -0.002675499 0.999989986 57.616714478
0.999973059 0.006750988 -0.002879119 1.032947302 -0.006744531 0.999974728 0.002246920 -1.563723683 0.002894215 -0.002227441 0.999993384 58.211753845
0.999972820 0.006440766 -0.003587795 1.037436843 -0.006429179 0.999974132 0.003232002 -1.593153834 0.003608519 -0.003208848 0.999988317 58.686763763
0.999972880 0.006685158 -0.003098582 1.037139535 -0.006678409 0.999975324 0.002183474 -1.603028774 0.003113102 -0.002162721 0.999992728 59.195789337
0.999972880 0.006566892 -0.003307930 1.049296379 -0.006559281 0.999975801 0.002306320 -1.618596077 0.003322995 -0.002284559 0.999991894 59.742393494
0.999972761 0.006631138 -0.003220130 1.057801485 -0.006623148 0.999974966 0.002485756 -1.629029751 0.003236534 -0.002464361 0.999991775 60.296840668
0.999969602 0.007142319 -0.003126326 1.063020706 -0.007136183 0.999972522 0.001969600 -1.642953038 0.003140308 -0.001947230 0.999993145 60.848548889
0.999972165 0.006729795 -0.003218959 1.076947808 -0.006723044 0.999975204 0.002103624 -1.656966925 0.003233036 -0.002081924 0.999992609 61.393100739
0.999970376 0.007149886 -0.002845904 1.073905826 -0.007144272 0.999972522 0.001977994 -1.673010707 0.002859968 -0.001957603 0.999993980 61.935848236
0.999968350 0.007521176 -0.002603451 1.081335068 -0.007517216 0.999970615 0.001527276 -1.682428360 0.002614860 -0.001507657 0.999995410 62.485996246
0.999966919 0.007703464 -0.002602692 1.082772017 -0.007699363 0.999969065 0.001582223 -1.691325307 0.002614799 -0.001562131 0.999995351 63.039947510
0.999968946 0.007367515 -0.002783805 1.092209578 -0.007364043 0.999972105 0.001254992 -1.706791043 0.002792974 -0.001234453 0.999995291 63.576625824
0.999970794 0.007216744 -0.002519445 1.100562334 -0.007213418 0.999973059 0.001326619 -1.719772577 0.002528950 -0.001308406 0.999995887 64.105659485
0.999969423 0.007408138 -0.002501295 1.105764389 -0.007404661 0.999971628 0.001396754 -1.734271884 0.002511571 -0.001378190 0.999995828 64.637458801
0.999970615 0.007219109 -0.002571448 1.118357182 -0.007215728 0.999973118 0.001321650 -1.746993780 0.002580920 -0.001303057 0.999995828 65.169982910
0.999967515 0.007651304 -0.002545461 1.127505541 -0.007647074 0.999969363 0.001667319 -1.760603547 0.002558141 -0.001647799 0.999995351 65.716102600
0.999970913 0.007363302 -0.001984306 1.126207232 -0.007361248 0.999972284 0.001040401 -1.767737627 0.001991912 -0.001025764 0.999997497 66.242469788
0.999971867 0.006918681 -0.002901276 1.152413845 -0.006914459 0.999975085 0.001463071 -1.787676096 0.002911326 -0.001442969 0.999994755 66.834022522
0.999974847 0.006585198 -0.002676229 1.152949929 -0.006582540 0.999977827 0.001001179 -1.796727061 0.002682762 -0.000983537 0.999995947 67.303955078
0.999971688 0.006900558 -0.003007816 1.163140416 -0.006899696 0.999976158 0.000296903 -1.808008552 0.003009793 -0.000276142 0.999995470 67.847091675
0.999971926 0.007080141 -0.002445569 1.158598423 -0.007078861 0.999974787 0.000531972 -1.818749905 0.002449274 -0.000514646 0.999996781 68.372238159
0.999973297 0.006899820 -0.002416260 1.163405418 -0.006898201 0.999975920 0.000677554 -1.832888722 0.002420876 -0.000660868 0.999996841 68.896591187
0.999971926 0.007136751 -0.002295319 1.175714612 -0.007135359 0.999974310 0.000614488 -1.849011540 0.002299646 -0.000598093 0.999997199 69.432411194
0.999974549 0.006799460 -0.002178601 1.182684541 -0.006798334 0.999976754 0.000523990 -1.861685991 0.002182113 -0.000509166 0.999997437 69.989212036
0.999973178 0.007002420 -0.002116166 1.188965082 -0.007001812 0.999975443 0.000294900 -1.868158460 0.002118179 -0.000280075 0.999997735 70.483329773
0.999973059 0.007041093 -0.002044676 1.195407033 -0.007040972 0.999975204 0.000065906 -1.880378127 0.002045089 -0.000051508 0.999997914 71.015586853
0.999975741 0.006646022 -0.002091550 1.207350135 -0.006645622 0.999977827 0.000198127 -1.892742276 0.002092822 -0.000184222 0.999997795 71.546913147
0.999972701 0.007192249 -0.001691033 1.207528353 -0.007192464 0.999974132 -0.000121125 -1.905048490 0.001690118 0.000133285 0.999998569 72.081184387
0.999975502 0.006768296 -0.001771968 1.219536304 -0.006769433 0.999976873 -0.000636734 -1.903780341 0.001767616 0.000648713 0.999998212 72.626853943
0.999973834 0.007034069 -0.001640153 1.225344777 -0.007033807 0.999975264 0.000165721 -1.935741663 0.001641279 -0.000154180 0.999998629 73.137687683
0.999973953 0.007038254 -0.001564090 1.234282970 -0.007038378 0.999975145 -0.000074378 -1.954353094 0.001563527 0.000085384 0.999998748 73.655158997
0.999970436 0.007598837 -0.001192896 1.243657231 -0.007598425 0.999971032 0.000350125 -1.970875978 0.001195521 -0.000341050 0.999999225 74.183135986
0.999971807 0.007376565 -0.001360525 1.256294966 -0.007376385 0.999972761 0.000136295 -1.987424612 0.001361495 -0.000126256 0.999999046 74.708396912
0.999970198 0.007619856 -0.001224669 1.268862844 -0.007619938 0.999970973 -0.000060396 -2.006329060 0.001224173 0.000069726 0.999999225 75.222503662
0.999968290 0.007864996 -0.001213684 1.276109695 -0.007865109 0.999969006 -0.000087883 -2.021643639 0.001212957 0.000097426 0.999999285 75.766456604
0.999968171 0.007891823 -0.001112950 1.288039207 -0.007892294 0.999968708 -0.000418161 -2.034508705 0.001109616 0.000426931 0.999999285 76.313507080
0.999967098 0.008052826 -0.000983456 1.295925498 -0.008053733 0.999967098 -0.000919949 -2.049026966 0.000976016 0.000927839 0.999999106 76.854782104
0.999970257 0.007629216 -0.001156563 1.302002788 -0.007629622 0.999970853 -0.000346607 -2.064633131 0.001153885 0.000355421 0.999999285 77.395713806
0.999968290 0.007918163 -0.000865700 1.312224746 -0.007919244 0.999967873 -0.001251856 -2.064171553 0.000855760 0.001258672 0.999998808 77.951812744
0.999970317 0.007671680 -0.000730615 1.322103262 -0.007672305 0.999970198 -0.000857994 -2.088836908 0.000724011 0.000863574 0.999999344 78.467765808
0.999971271 0.007511708 -0.000967109 1.334176064 -0.007512131 0.999971628 -0.000432709 -2.111118555 0.000963832 0.000439962 0.999999464 79.002708435
0.999967515 0.008031995 -0.000646335 1.346873999 -0.008032179 0.999967694 -0.000278716 -2.137247086 0.000644076 0.000283898 0.999999762 79.534774780
0.999965310 0.008298164 0.000689714 1.350472212 -0.008297608 0.999965250 -0.000805764 -2.144345284 -0.000696376 0.000800013 0.999999464 80.087142944
0.999962687 0.008336330 0.002272598 1.360172510 -0.008334620 0.999964952 -0.000761761 -2.161065102 -0.002278868 0.000742791 0.999997139 80.633522034
0.999967575 0.007588917 0.002689477 1.377277374 -0.007587064 0.999970973 -0.000697847 -2.179277897 -0.002694695 0.000677419 0.999996066 81.164306641
0.999955475 0.008388483 0.004299227 1.388807654 -0.008386043 0.999964654 -0.000585535 -2.190561295 -0.004303987 0.000549455 0.999990582 81.749046326
0.999938190 0.008193539 0.007512544 1.402112007 -0.008186226 0.999965966 -0.001003590 -2.213843346 -0.007520512 0.000942029 0.999971211 82.261970520
0.999902904 0.008237042 0.011242091 1.419924259 -0.008228882 0.999965787 -0.000771784 -2.228180408 -0.011248064 0.000679199 0.999936461 82.811622620
0.999862671 0.008517370 0.014211164 1.442811251 -0.008500786 0.999963105 -0.001227040 -2.244423389 -0.014221091 0.001106065 0.999898195 83.356575012
0.999796689 0.008555157 0.018257327 1.471921921 -0.008534190 0.999962807 -0.001225849 -2.265018463 -0.018267136 0.001069789 0.999832511 83.903160095
0.999660492 0.008844635 0.024506805 1.494103670 -0.008814229 0.999960184 -0.001348485 -2.275282145 -0.024517758 0.001132018 0.999698699 84.453536987
0.999508023 0.008588324 0.030164504 1.525535107 -0.008551459 0.999962509 -0.001350945 -2.296262264 -0.030174972 0.001092331 0.999544024 84.978248596
0.999304235 0.008528187 0.036309358 1.555099726 -0.008485464 0.999963105 -0.001330506 -2.311143398 -0.036319353 0.001021478 0.999339819 85.523155212
0.998973846 0.008519512 0.044480674 1.596826315 -0.008470076 0.999963224 -0.001299791 -2.328150988 -0.044490110 0.000921702 0.999009371 86.069404602
0.998582006 0.008245794 0.052591063 1.645460129 -0.008171096 0.999965191 -0.001635261 -2.344244003 -0.052602727 0.001203216 0.998614788 86.608665466
0.998181224 0.007659250 0.059796117 1.695155621 -0.007565084 0.999969780 -0.001801023 -2.360614300 -0.059808109 0.001345386 0.998209000 87.151115417
0.997594059 0.008050053 0.068856329 1.748833656 -0.007946101 0.999966800 -0.001783463 -2.376914978 -0.068868414 0.001232033 0.997624934 87.697746277
0.996860921 0.007113608 0.078851908 1.809516430 -0.006962843 0.999973357 -0.002186789 -2.390744448 -0.078865372 0.001630892 0.996883929 88.247726440
0.996126294 0.006750051 0.087674797 1.876341820 -0.006520794 0.999974549 -0.002901010 -2.396772623 -0.087692164 0.002318063 0.996144891 88.797500610
0.995451987 0.007108428 0.094999015 1.945448399 -0.006883953 0.999972641 -0.002690453 -2.425615788 -0.095015541 0.002024247 0.995473742 89.353248596
0.994490206 0.005922200 0.104662314 2.040644169 -0.005607074 0.999978840 -0.003304867 -2.418952942 -0.104679666 0.002699808 0.994502366 89.888702393
0.993296087 0.006690866 0.115404069 2.117565155 -0.006415248 0.999975562 -0.002759544 -2.455836773 -0.115419723 0.002000700 0.993314803 90.453590393
0.992178738 0.006036623 0.124679379 2.199794769 -0.005700174 0.999979079 -0.003055085 -2.475085497 -0.124695234 0.002320497 0.992192388 90.988578796
0.990603507 0.006335678 0.136618719 2.288347244 -0.006021903 0.999978185 -0.002709888 -2.493386269 -0.136632919 0.001861720 0.990620077 91.521484375
0.988839447 0.006004464 0.148863912 2.398624420 -0.005615501 0.999979556 -0.003033058 -2.514487267 -0.148879051 0.002163262 0.988853037 92.071304321
0.987159848 0.005847094 0.159628093 2.500816345 -0.005446972 0.999980927 -0.002944034 -2.530223608 -0.159642249 0.002036742 0.987172902 92.605690002
0.985334098 0.005779481 0.170538127 2.614402771 -0.005287634 0.999980450 -0.003338151 -2.542044878 -0.170554101 0.002387451 0.985345364 93.184272766
0.982970655 0.005548317 0.183678553 2.733447075 -0.004954288 0.999980986 -0.003692808 -2.557615280 -0.183695555 0.002719926 0.982979417 93.722991943
0.980630517 0.005804919 0.195781440 2.868986130 -0.005289590 0.999981046 -0.003154934 -2.585309744 -0.195796043 0.002058221 0.980642498 94.264701843
0.978426754 0.004914750 0.206535086 2.983150482 -0.004292550 0.999984741 -0.003460569 -2.585267782 -0.206548959 0.002499350 0.978433073 94.808448792
0.975661039 0.006033225 0.219201028 3.144163132 -0.005548639 0.999980628 -0.002826249 -2.625428677 -0.219213828 0.001541193 0.975675642 95.322120667
0.972614825 0.004338668 0.232382506 3.273164749 -0.003568898 0.999986589 -0.003732842 -2.624119282 -0.232395545 0.002801269 0.972617328 95.866363525
0.969755113 0.005002185 0.244028971 3.434522629 -0.004164354 0.999983609 -0.003949118 -2.643552780 -0.244044706 0.002813453 0.969759881 96.410156250
0.967123687 0.004671169 0.254263461 3.595958710 -0.003929279 0.999986351 -0.003425608 -2.673468113 -0.254276037 0.002313915 0.967128873 96.898048401
0.963474929 0.004995530 0.267752051 3.766792297 -0.004421431 0.999986470 -0.002747039 -2.697908878 -0.267762154 0.001462857 0.963483989 97.418548584
0.960008085 0.003781889 0.279946536 3.940546036 -0.003071798 0.999990880 -0.002975223 -2.716160536 -0.279955178 0.001996299 0.960011005 97.915878296
0.956273854 0.005243734 0.292425752 4.120515823 -0.004796286 0.999985933 -0.002247059 -2.736121178 -0.292433411 0.000746246 0.956285596 98.477172852
0.952248991 0.002934716 0.305308193 4.324214935 -0.002018243 0.999992490 -0.003317383 -2.751326084 -0.305315584 0.002542787 0.952247918 98.983772278
0.947714269 0.002541249 0.319110066 4.531890869 -0.001574041 0.999993324 -0.003288805 -2.765896797 -0.319116354 0.002614555 0.947712004 99.509437561
0.943721414 0.003038868 0.330727369 4.739444733 -0.001886188 0.999991000 -0.003806169 -2.775658607 -0.330735952 0.002968149 0.943718672 100.022613525
0.938935518 0.002141513 0.344086379 4.931913376 -0.000981239 0.999993205 -0.003546141 -2.795300007 -0.344091654 0.002991967 0.938931286 100.533790588
0.934030056 0.001857814 0.357189536 5.146295547 -0.000898381 0.999995589 -0.002851959 -2.822244883 -0.357193172 0.002342923 0.934027553 100.976486206
0.928752720 0.002426438 0.370691836 5.373012543 -0.001342378 0.999993980 -0.003182394 -2.870718956 -0.370697349 0.002458048 0.928750455 101.589927673
0.924376786 0.000697264 0.381480277 5.671365738 0.000769384 0.999992907 -0.003692091 -2.908461571 -0.381480157 0.003706388 0.924369633 102.132476807
0.918093383 0.001889895 0.396359682 5.852092743 -0.000824558 0.999995589 -0.002858173 -2.908439398 -0.396363378 0.002297248 0.918090880 102.614692688
0.912352264 0.001046550 0.409404695 6.087181091 -0.000383259 0.999998450 -0.001702183 -2.913047075 -0.409405887 0.001396082 0.912351310 103.063819885
0.907258987 0.001297593 0.420570344 6.365680695 0.000005215 0.999995232 -0.003096551 -2.946916819 -0.420572340 0.002811566 0.907254636 103.637680054
0.901286960 0.001549741 0.433219939 6.597061157 -0.000713901 0.999997556 -0.002092026 -2.967907190 -0.433222145 0.001576238 0.901285768 104.064819336
0.894876540 0.000322685 0.446313441 6.888221741 0.000942365 0.999996185 -0.002612479 -2.983636141 -0.446312547 0.002758437 0.894872904 104.608886719
0.888928771 -0.000592054 0.458044767 7.179279327 0.002089043 0.999993980 -0.002761652 -3.009198904 -0.458040416 0.003411788 0.888924778 105.117385864
0.883001447 -0.000293664 0.469369978 7.453945160 0.001453688 0.999996662 -0.002109095 -3.026249170 -0.469367832 0.002544652 0.882999063 105.588996887
0.875517964 -0.000938057 0.483184695 7.761955261 0.002655265 0.999992371 -0.002869882 -3.046731234 -0.483178318 0.003795616 0.875513732 106.122619629
