1.000000000 0.000000000 0.000000000 0.000000000 0.000000000 1.000000000 0.000000000 0.000000000 0.000000000 0.000000000 1.000000000 0.000000000
1.000000000 0.000022866 0.000136089 -0.003387363 -0.000022838 1.000000000 -0.000205599 0.004352531 -0.000136094 0.000205596 0.999999940 0.004232085
1.000000000 0.000037786 0.000068146 -0.002282423 -0.000037777 1.000000000 -0.000134410 0.002356944 -0.000068151 0.000134407 1.000000000 0.000697785
0.999999940 0.000309219 0.000112056 0.000102972 -0.000309201 0.999999940 -0.000157694 0.003726047 -0.000112105 0.000157659 1.000000000 -0.001846251
1.000000000 0.000238747 0.000049354 0.002687707 -0.000238743 0.999999940 -0.000082440 0.002006659 -0.000049374 0.000082428 1.000000000 -0.001330906
1.000000000 0.000163513 0.000065881 0.000288561 -0.000163510 1.000000000 -0.000052199 0.002040904 -0.000065890 0.000052188 1.000000000 -0.001455765
1.000000000 0.000134360 0.000132676 -0.001814303 -0.000134346 1.000000000 -0.000099992 0.001973274 -0.000132689 0.000099974 1.000000000 -0.000731858
1.000000000 0.000023488 -0.000004278 0.000855790 -0.000023488 1.000000000 -0.000023731 0.001761958 0.000004278 0.000023731 1.000000000 -0.002404712
1.000000000 0.000085420 0.000167257 -0.005574205 -0.000085391 1.000000000 -0.000171390 0.003928262 -0.000167272 0.000171376 1.000000000 0.004207979
0.999999940 0.000214608 0.000231365 -0.004786497 -0.000214578 0.999999940 -0.000127483 0.002206836 -0.000231392 0.000127433 0.999999940 -0.001349939
0.999999940 0.000196509 0.000202324 -0.003946275 -0.000196475 0.999999940 -0.000164988 0.002162652 -0.000202356 0.000164949 0.999999940 -0.000670048
1.000000000 0.000178737 0.000146016 -0.002351556 -0.000178721 1.000000000 -0.000108574 0.002822867 -0.000146035 0.000108548 1.000000000 -0.002724777
1.000000000 0.000124627 0.000204970 -0.005584269 -0.000124618 1.000000000 -0.000043594 0.000518182 -0.000204976 0.000043568 1.000000000 -0.003021997
1.000000000 -0.000001566 0.000108699 -0.003208201 0.000001579 1.000000000 -0.000116671 0.000703843 -0.000108698 0.000116671 1.000000000 -0.001748008
1.000000000 0.000085144 0.000094874 -0.000958037 -0.000085132 1.000000000 -0.000132671 0.002599953 -0.000094885 0.000132663 1.000000000 -0.003443465
1.000000000 -0.000191865 -0.000127970 0.002483710 0.000191862 1.000000000 -0.000029040 0.000735711 0.000127975 0.000029016 1.000000000 -0.006657911
1.000000000 -0.000240306 0.000001814 -0.002418052 0.000240306 0.999999940 -0.000121480 0.000801884 -0.000001784 0.000121480 1.000000000 -0.004895363
1.000000000 -0.000058953 0.000047042 0.000445527 0.000058954 1.000000000 -0.000034241 0.000368203 -0.000047040 0.000034244 1.000000000 -0.006918958
1.000000000 0.000102881 -0.000001219 0.000030243 -0.000102881 1.000000000 -0.000001124 0.002285202 0.000001219 0.000001124 1.000000000 -0.007324837
1.000000000 -0.000100093 -0.000012879 -0.001461624 0.000100092 1.000000000 -0.000041631 -0.000390257 0.000012883 0.000041630 1.000000000 -0.007702531
1.000000000 -0.000020933 0.000063831 -0.001291546 0.000020939 1.000000000 -0.000094226 0.001139247 -0.000063829 0.000094228 1.000000000 -0.007148304
1.000000000 -0.000133916 0.000021477 0.000081791 0.000133916 1.000000000 -0.000027436 -0.000328446 -0.000021474 0.000027439 1.000000000 -0.003683669
1.000000000 0.000132270 0.000173342 -0.006309012 -0.000132233 0.999999940 -0.000210671 0.003812799 -0.000173370 0.000210648 0.999999940 0.004066578
1.000000000 -0.000065309 -0.000038066 -0.001298348 0.000065305 1.000000000 -0.000100933 0.000952206 0.000038072 0.000100930 1.000000000 -0.001854346
1.000000000 -0.000064963 0.000026534 -0.001035845 0.000064963 1.000000000 -0.000019149 0.002425595 -0.000026533 0.000019150 1.000000000 0.000561256
1.000000000 0.000012442 -0.000046261 0.002522412 -0.000012448 1.000000000 -0.000134476 0.003134284 0.000046259 0.000134476 1.000000000 -0.007044035
1.000000000 -0.000077288 0.000092743 -0.001737292 0.000077299 1.000000000 -0.000116920 0.002617137 -0.000092734 0.000116927 1.000000000 -0.004353988
0.999999940 0.000258731 0.000213549 -0.005332401 -0.000258688 0.999999940 -0.000199136 0.003292207 -0.000213600 0.000199081 0.999999940 0.000054226
1.000000000 0.000029432 0.000115198 -0.003195952 -0.000029429 1.000000000 -0.000027308 0.001971232 -0.000115199 0.000027305 1.000000000 -0.001054490
1.000000000 -0.000195961 0.000014167 -0.004710351 0.000195964 0.999999940 -0.000170171 0.006102232 -0.000014134 0.000170174 1.000000000 0.003090213
1.000000000 -0.000068272 0.000046482 -0.003803934 0.000068276 1.000000000 -0.000098437 0.002706677 -0.000046476 0.000098440 1.000000000 0.001370246
1.000000000 -0.000121052 0.000124150 -0.004001116 0.000121052 1.000000000 0.000000347 0.001527327 -0.000124150 -0.000000332 1.000000000 0.001370851
1.000000000 -0.000179679 0.000086282 -0.005185707 0.000179682 1.000000000 -0.000028453 0.002135899 -0.000086277 0.000028469 1.000000000 -0.000872441
1.000000000 -0.000125205 0.000002596 -0.002686003 0.000125205 1.000000000 0.000000442 0.001647056 -0.000002596 -0.000000441 1.000000000 -0.002618236
1.000000000 0.000093730 0.000087082 -0.004375883 -0.000093714 1.000000000 -0.000180849 0.002072274 -0.000087099 0.000180841 1.000000000 0.000604413
1.000000000 0.000048703 0.000096429 -0.004541635 -0.000048693 1.000000000 -0.000106498 0.002984855 -0.000096434 0.000106494 1.000000000 0.000328265
1.000000000 -0.000138469 -0.000174695 0.003284383 0.000138493 1.000000000 0.000139708 -0.000504255 0.000174676 -0.000139732 1.000000000 -0.012972987
1.000000000 -0.000030458 0.000063794 -0.003648613 0.000030476 0.999999940 -0.000282179 0.004780042 -0.000063785 0.000282180 0.999999940 0.001477139
1.000000000 -0.000189626 0.000060137 -0.002953724 0.000189628 1.000000000 -0.000033547 0.002137556 -0.000060131 0.000033559 1.000000000 -0.000426372
1.000000000 -0.000038707 -0.000049265 0.001123986 0.000038715 1.000000000 0.000156431 -0.000754190 0.000049259 -0.000156433 1.000000000 -0.008679725
0.999999940 -0.000294498 -0.000128716 0.000493405 0.000294500 0.999999940 0.000014703 -0.000734932 0.000128711 -0.000014741 1.000000000 -0.001448489
1.000000000 0.000041154 0.000093791 0.001608822 -0.000041095 0.999999821 -0.000628078 -0.003514556 -0.000093816 0.000628074 0.999999821 0.049933482
1.000000000 0.000034658 -0.000016846 -0.000159208 -0.000034684 0.999998808 -0.001554937 0.000951250 0.000016793 0.001554937 0.999998808 0.147534311
1.000000000 -0.000048191 -0.000076763 0.004468575 0.000048072 0.999998808 -0.001546155 -0.007761740 0.000076838 0.001546151 0.999998808 0.263465315
1.000000000 -0.000188326 0.000023782 0.003240059 0.000188359 0.999999046 -0.001374975 -0.012935870 -0.000023524 0.001374979 0.999999046 0.393885255
1.000000000 0.000029082 -0.000101681 0.005175971 -0.000029203 0.999999285 -0.001186810 -0.017541910 0.000101646 0.001186813 0.999999285 0.537651896
1.000000000 -0.000039981 0.000146080 0.006329425 0.000040123 0.999999523 -0.000967806 -0.031557530 -0.000146041 0.000967812 0.999999523 0.680189550
0.999999940 -0.000370417 0.000023761 0.019736409 0.000370432 0.999999762 -0.000626302 -0.031957868 -0.000023529 0.000626310 0.999999821 0.847372115
0.999999940 -0.000250973 -0.000159392 0.023412658 0.000250880 0.999999821 -0.000584022 -0.036851082 0.000159539 0.000583982 0.999999821 1.030468822
0.999999940 -0.000140637 0.000213808 0.015012398 0.000140813 0.999999642 -0.000822411 -0.036709264 -0.000213693 0.000822441 0.999999642 1.211583495
1.000000000 -0.000116068 -0.000030257 0.030202227 0.000116050 0.999999821 -0.000597497 -0.047160160 0.000030326 0.000597494 0.999999821 1.415952921
0.999999583 -0.000603907 -0.000718764 0.043098230 0.000603677 0.999999762 -0.000320146 -0.056706570 0.000718958 0.000319712 0.999999702 1.611410260
0.999999106 -0.000825307 0.001038842 0.012939218 0.000824309 0.999999225 0.000960327 -0.075733982 -0.001039634 -0.000959470 0.999998987 1.643562078
0.999998748 -0.001077086 0.001163602 0.017935585 0.001075666 0.999998748 0.001220340 -0.080859482 -0.001164915 -0.001219087 0.999998569 1.851058006
0.999998927 -0.000050597 0.001468271 0.015301846 0.000048882 0.999999344 0.001167987 -0.091160059 -0.001468329 -0.001167914 0.999998212 2.033841848
0.999999166 0.000021919 0.001301172 0.022319607 -0.000023728 0.999999106 0.001390149 -0.097284690 -0.001301141 -0.001390179 0.999998212 2.254677534
0.999998927 -0.000181792 0.001477568 0.020420166 0.000179662 0.999999046 0.001441250 -0.105201878 -0.001477828 -0.001440983 0.999997854 2.481806755
0.999997854 0.000431484 0.001987205 0.023253895 -0.000434831 0.999998510 0.001683975 -0.112610787 -0.001986475 -0.001684836 0.999996603 2.719494820
0.999998033 0.000198546 0.001961621 0.027806029 -0.000201987 0.999998510 0.001754171 -0.127723634 -0.001961270 -0.001754564 0.999996483 2.954819918
0.999998748 -0.000755158 0.001370360 0.034919940 0.000752839 0.999998271 0.001691922 -0.129500508 -0.001371636 -0.001690888 0.999997616 3.149792433
0.999998629 -0.000712974 0.001500249 0.042986557 0.000710277 0.999998152 0.001797963 -0.136221230 -0.001501528 -0.001796895 0.999997258 3.411563873
0.999998689 0.000031836 0.001639221 0.044546481 -0.000034735 0.999998391 0.001768675 -0.142439604 -0.001639162 -0.001768730 0.999997139 3.663071632
0.999998450 -0.000490806 0.001665670 0.055097844 0.000487447 0.999997854 0.002016969 -0.150498852 -0.001666656 -0.002016154 0.999996543 3.945051670
0.999998391 -0.000145617 0.001784994 0.039329000 0.000141447 0.999997318 0.002336122 -0.156125680 -0.001785330 -0.002335866 0.999995708 4.156105518
0.999998808 -0.000777118 0.001316021 0.057530534 0.000773527 0.999996006 0.002726928 -0.182326064 -0.001318135 -0.002725907 0.999995410 4.399643898
0.999998629 -0.000752981 0.001455779 0.063903295 0.000748760 0.999995530 0.002898115 -0.190411165 -0.001457955 -0.002897021 0.999994695 4.655244350
0.999998689 -0.000604285 0.001487279 0.069102138 0.000600282 0.999996245 0.002690283 -0.192268237 -0.001488899 -0.002689387 0.999995232 4.907108307
0.999998391 -0.001428730 0.001025968 0.082376033 0.001425816 0.999995053 0.002835370 -0.201703101 -0.001030014 -0.002833902 0.999995410 5.175699711
0.999998033 -0.001074502 0.001683520 0.053948767 0.001068933 0.999993980 0.003305356 -0.236604214 -0.001687062 -0.003303550 0.999993145 5.443463802
0.999998152 -0.001039711 0.001656518 0.063573092 0.001034134 0.999993801 0.003364258 -0.243281484 -0.001660006 -0.003362539 0.999992967 5.708051682
0.999998033 -0.000082707 0.002002189 0.065618418 0.000076019 0.999994397 0.003340227 -0.252123058 -0.002002454 -0.003340068 0.999992490 5.985796452
0.999997199 -0.000977247 0.002182288 0.071278125 0.000969380 0.999993086 0.003603164 -0.262463063 -0.002185794 -0.003601038 0.999991179 6.260787964
0.999997377 -0.001128061 0.001977046 0.075910047 0.001120808 0.999992669 0.003665536 -0.279609829 -0.001981167 -0.003663310 0.999991417 6.562810898
0.999997795 -0.001361205 0.001598166 0.084711261 0.001356214 0.999994218 0.003120076 -0.276467741 -0.001602404 -0.003117902 0.999993861 6.876503468
0.999997914 -0.001444701 0.001451685 0.099621475 0.001439898 0.999993503 0.003304723 -0.293902904 -0.001456450 -0.003302625 0.999993503 7.166943550
0.999997258 -0.001825432 0.001396756 0.110625595 0.001820210 0.999991357 0.003730873 -0.310286790 -0.001403554 -0.003728321 0.999992073 7.483860493
0.999997497 -0.001494529 0.001677428 0.108985312 0.001488014 0.999991357 0.003878654 -0.307115287 -0.001683211 -0.003876149 0.999991059 7.803735256
0.999997675 -0.001488851 0.001570815 0.111846574 0.001483120 0.999992251 0.003643078 -0.304984540 -0.001576226 -0.003640740 0.999992132 8.116947174
0.999996781 -0.001579834 0.001981601 0.098620810 0.001571783 0.999990523 0.004058002 -0.335539341 -0.001987993 -0.004054874 0.999989808 8.424943924
0.999996245 -0.001721289 0.002111738 0.100958109 0.001712519 0.999989867 0.004147499 -0.343081057 -0.002118855 -0.004143867 0.999989212 8.759382248
0.999996305 -0.001295790 0.002403827 0.115053631 0.001285424 0.999989927 0.004308602 -0.358026087 -0.002409386 -0.004305495 0.999987841 9.084131241
0.999995410 -0.002332232 0.001924903 0.132560909 0.002323875 0.999987841 0.004332006 -0.363778174 -0.001934983 -0.004327512 0.999988735 9.436944008
0.999996603 -0.001593009 0.002066335 0.140078008 0.001583421 0.999988079 0.004633641 -0.368586093 -0.002073691 -0.004630354 0.999987125 9.776717186
0.999996483 -0.001392941 0.002245542 0.150547519 0.001382669 0.999988616 0.004569722 -0.374805957 -0.002251882 -0.004566601 0.999987006 10.101355553
0.999997020 -0.001785136 0.001653069 0.139812171 0.001777627 0.999988139 0.004532784 -0.397747844 -0.001661141 -0.004529832 0.999988317 10.481427193
0.999995887 -0.002262389 0.001779530 0.144988507 0.002254431 0.999987483 0.004461555 -0.404182494 -0.001789602 -0.004457524 0.999988496 10.861232758
0.999996781 -0.001804877 0.001768107 0.147842050 0.001796671 0.999987543 0.004631638 -0.416424751 -0.001776445 -0.004628446 0.999987721 11.249506950
0.999994993 -0.002377361 0.002052614 0.157757476 0.002368395 0.999987602 0.004359706 -0.420534074 -0.002062954 -0.004354824 0.999988377 11.657873154
0.999997377 -0.001280027 0.001897617 0.172432661 0.001270249 0.999985933 0.005145381 -0.432709634 -0.001904177 -0.005142957 0.999984980 12.010520935
0.999996245 -0.002198178 0.001621183 0.181220025 0.002189472 0.999983191 0.005353102 -0.465227425 -0.001632923 -0.005349532 0.999984384 12.359250069
0.999996483 -0.002271646 0.001335206 0.194459990 0.002264295 0.999982357 0.005480688 -0.471564561 -0.001347633 -0.005477646 0.999984086 12.755414009
0.999996185 -0.002369840 0.001397568 0.209369332 0.002361753 0.999980569 0.005759998 -0.485082030 -0.001411191 -0.005756676 0.999982476 13.157194138
0.999996543 -0.001928566 0.001798454 0.220831096 0.001918814 0.999983490 0.005408869 -0.482972562 -0.001808856 -0.005405399 0.999983788 13.594764709
0.999995649 -0.002521385 0.001526946 0.224928617 0.002512091 0.999978542 0.006058091 -0.517560363 -0.001542188 -0.006054230 0.999980509 13.993496895
0.999993086 -0.003264809 0.001762522 0.236686811 0.003253134 0.999972999 0.006586766 -0.564556062 -0.001783979 -0.006580987 0.999976754 14.455638885
0.999993980 -0.002650764 0.002241149 0.243902311 0.002635048 0.999972165 0.006986343 -0.578193963 -0.002259606 -0.006980395 0.999973118 14.867414474
0.999991000 -0.003944750 0.001524731 0.263959229 0.003934018 0.999967933 0.006978536 -0.587829232 -0.001552211 -0.006972477 0.999974489 15.283596039
0.999991715 -0.003354310 0.002259238 0.269816548 0.003337370 0.999966562 0.007460693 -0.613240898 -0.002284188 -0.007453092 0.999969602 15.709471703
0.999991119 -0.001731601 0.003831240 0.245650157 0.001701418 0.999967635 0.007867324 -0.624124348 -0.003844739 -0.007860736 0.999961674 16.225357056
0.999986947 -0.003849091 0.003356096 0.287621170 0.003822732 0.999962091 0.007825474 -0.666907549 -0.003386089 -0.007812543 0.999963760 16.619647980
0.999988735 -0.002752548 0.003859805 0.297280312 0.002724708 0.999970376 0.007199441 -0.668266296 -0.003879508 -0.007188844 0.999966681 17.089323044
0.999989450 -0.002636530 0.003759445 0.309199572 0.002605557 0.999962807 0.008219712 -0.688663363 -0.003780977 -0.008209829 0.999959230 17.551258087
0.999985278 -0.003539595 0.004092376 0.325637728 0.003505824 0.999960005 0.008229963 -0.696020484 -0.004121343 -0.008215495 0.999957740 18.012054443
0.999984205 -0.003134461 0.004647699 0.345112890 0.003096829 0.999962568 0.008082110 -0.706199646 -0.004672858 -0.008067589 0.999956608 18.500871658
0.999986351 -0.003004807 0.004274251 0.363844842 0.002967779 0.999958217 0.008643141 -0.721583903 -0.004300044 -0.008630339 0.999953568 18.961635590
0.999984205 -0.003078559 0.004679798 0.372294843 0.003036254 0.999954760 0.009020346 -0.735892415 -0.004707356 -0.009005996 0.999948382 19.475780487
0.999986470 -0.003616378 0.003744439 0.370865136 0.003583824 0.999956012 0.008664556 -0.741215169 -0.003775609 -0.008651019 0.999955475 19.936462402
0.999986827 -0.003292559 0.003954086 0.369794011 0.003258523 0.999957860 0.008583568 -0.745936036 -0.003982181 -0.008570571 0.999955356 20.445991516
0.999986291 -0.003617241 0.003790813 0.384494901 0.003583994 0.999955356 0.008740574 -0.769809783 -0.003822261 -0.008726868 0.999954641 20.947860718
0.999985635 -0.004467061 0.002966815 0.402960598 0.004441136 0.999952376 0.008687945 -0.792502522 -0.003005483 -0.008674645 0.999957860 21.486461639
0.999985278 -0.004714712 0.002689972 0.381836444 0.004689789 0.999946713 0.009197291 -0.821649969 -0.002733191 -0.009184539 0.999954045 21.952724457
0.999986231 -0.004503925 0.002721224 0.383951426 0.004477685 0.999944150 0.009572940 -0.835902333 -0.002764188 -0.009560622 0.999950469 22.488891602
0.999986291 -0.004499551 0.002654996 0.379022151 0.004472819 0.999940097 0.009990001 -0.849263668 -0.002699787 -0.009977989 0.999946594 23.024536133
0.999989569 -0.004038920 0.002138122 0.368700266 0.004016518 0.999938071 0.010380053 -0.876467705 -0.002179913 -0.010371356 0.999943852 23.523820877
0.999980330 -0.006248318 0.000589648 0.396705210 0.006241916 0.999927402 0.010298557 -0.896569312 -0.000653954 -0.010294673 0.999946713 24.029991150
0.999981821 -0.005998647 -0.000560159 0.409991801 0.006004024 0.999930382 0.010148253 -0.897168100 0.000499244 -0.010151432 0.999948263 24.568458557
0.999985576 -0.005365021 -0.000545704 0.431097388 0.005370665 0.999925852 0.010930223 -0.910748959 0.000487023 -0.010932995 0.999940097 25.108009338
0.999990404 -0.004382193 -0.000502536 0.400880784 0.004387448 0.999929965 0.010982158 -0.937933564 0.000454375 -0.010984255 0.999939561 25.600755692
0.999982119 -0.005835590 -0.001292993 0.410522580 0.005849989 0.999917686 0.011427269 -0.958179832 0.001226202 -0.011434630 0.999933898 26.143335342
0.999983430 -0.005579915 -0.001379661 0.419587225 0.005596149 0.999911606 0.012056178 -0.962309062 0.001312266 -0.012063700 0.999926388 26.689081192
0.999978006 -0.006204101 -0.002352816 0.447742701 0.006232526 0.999905288 0.012272781 -0.990593672 0.002276451 -0.012287175 0.999921978 27.214279175
0.999980092 -0.005662036 -0.002792387 0.481762201 0.005696938 0.999903679 0.012653856 -1.002157450 0.002720471 -0.012669512 0.999916017 27.769824982
0.999976337 -0.006043831 -0.003275612 0.500184417 0.006084434 0.999902844 0.012530417 -0.996881366 0.003199562 -0.012550053 0.999916077 28.296306610
0.999984324 -0.004447311 -0.003400411 0.495770097 0.004488594 0.999915063 0.012230900 -1.002671719 0.003345727 -0.012245974 0.999919474 28.806205750
0.999979019 -0.005360801 -0.003661188 0.449494302 0.005405973 0.999907911 0.012441849 -1.040880561 0.003594153 -0.012461379 0.999915898 29.421689987
0.999981225 -0.005096944 -0.003425976 0.455849111 0.005140129 0.999905944 0.012717270 -1.049595594 0.003360835 -0.012734641 0.999913275 29.967922211
0.999981284 -0.004836523 -0.003724816 0.465124309 0.004880587 0.999917150 0.011913199 -1.066404819 0.003666888 -0.011931158 0.999922037 30.516506195
0.999979973 -0.004941931 -0.003940332 0.485184789 0.004992646 0.999903500 0.012966567 -1.090749383 0.003875873 -0.012985982 0.999908149 31.039207458
0.999978960 -0.004497438 -0.004656998 0.473288655 0.004558764 0.999901831 0.013242858 -1.109325647 0.004596984 -0.013263811 0.999901414 31.595821381
0.999976516 -0.004706034 -0.004976656 0.483608723 0.004773740 0.999894917 0.013681537 -1.125480652 0.004911749 -0.013704972 0.999894023 32.131351471
0.999977291 -0.004772207 -0.004739009 0.484713316 0.004833020 0.999905050 0.012905049 -1.120622516 0.004676974 -0.012927663 0.999905527 32.644592285
0.999984920 -0.003534348 -0.004211689 0.456882119 0.003589837 0.999905944 0.013241112 -1.152871132 0.004164495 -0.013256032 0.999903440 33.139694214
0.999982715 -0.003909989 -0.004372213 0.464181036 0.003968952 0.999900222 0.013559628 -1.155579567 0.004318759 -0.013576749 0.999898493 33.741844177
0.999973178 -0.005174535 -0.005181177 0.482033432 0.005249467 0.999880314 0.014554804 -1.183260441 0.005105243 -0.014581613 0.999880731 34.284709930
0.999970734 -0.005247886 -0.005588907 0.491516769 0.005329439 0.999878049 0.014678402 -1.203446388 0.005511195 -0.014707758 0.999876618 34.784969330
0.999965787 -0.005647318 -0.006050371 0.507061362 0.005735266 0.999876618 0.014618454 -1.204151869 0.005967070 -0.014652655 0.999874771 35.330383301
0.999965310 -0.005867654 -0.005923993 0.503775775 0.005955739 0.999870241 0.014962754 -1.224277258 0.005835429 -0.014997516 0.999870479 35.869045258
0.999971569 -0.004880514 -0.005753478 0.506743550 0.004965265 0.999877989 0.014809450 -1.225923300 0.005680498 -0.014837597 0.999873698 36.417133331
0.999978065 -0.003495503 -0.005638377 0.525109291 0.003580805 0.999878228 0.015190371 -1.244784713 0.005584592 -0.015210228 0.999868631 36.933807373
0.999968827 -0.005035340 -0.006077915 0.526965916 0.005123682 0.999880135 0.014607903 -1.238209009 0.006003630 -0.014638589 0.999874771 37.529277802
0.999969661 -0.004800782 -0.006142966 0.533620834 0.004896066 0.999866545 0.015591026 -1.278105259 0.006067296 -0.015620627 0.999859571 38.075271606
0.999958217 -0.006282105 -0.006629754 0.537473559 0.006385025 0.999857545 0.015618617 -1.270591736 0.006530692 -0.015660295 0.999856055 38.607917786
0.999953985 -0.006220391 -0.007302775 0.565779746 0.006341531 0.999840617 0.016683895 -1.319122314 0.007197832 -0.016729439 0.999834061 39.156681061
0.999948204 -0.006945571 -0.007439882 0.531752825 0.007072915 0.999826550 0.017229090 -1.325309753 0.007318926 -0.017280819 0.999823868 39.675823212
0.999952853 -0.007118142 -0.006607277 0.523102701 0.007235719 0.999812782 0.017945068 -1.353041410 0.006478305 -0.017992031 0.999817133 40.186054230
0.999954820 -0.005888593 -0.007461843 0.554979444 0.006015288 0.999836147 0.017071769 -1.343948245 0.007360093 -0.017115884 0.999826372 40.760414124
0.999951541 -0.006345654 -0.007525282 0.556115031 0.006475486 0.999828398 0.017355679 -1.361035585 0.007413859 -0.017403567 0.999821067 41.338420868
0.999955475 -0.006073226 -0.007223263 0.544829965 0.006203899 0.999814928 0.018207852 -1.383126974 0.007111349 -0.018251855 0.999808073 41.847797394
0.999943435 -0.007276142 -0.007757630 0.580254853 0.007418963 0.999800503 0.018543435 -1.396016121 0.007621157 -0.018599940 0.999797940 42.396900177
0.999930322 -0.008828573 -0.007828428 0.552969337 0.008980233 0.999768436 0.019554248 -1.402868748 0.007653981 -0.019623186 0.999778092 42.943622589
0.999944150 -0.007403447 -0.007539918 0.567885935 0.007545560 0.999791086 0.018997347 -1.415275097 0.007397697 -0.019053182 0.999791026 43.559448242
0.999946952 -0.007232715 -0.007339512 0.560989797 0.007369007 0.999797702 0.018715475 -1.423815727 0.007202665 -0.018768568 0.999797881 44.073577881
0.999952972 -0.006717193 -0.006986067 0.556434512 0.006842020 0.999814510 0.018000193 -1.421205759 0.006863859 -0.018047146 0.999813497 44.467720032
0.999954224 -0.006499187 -0.007013426 0.567582905 0.006618824 0.999830604 0.017172091 -1.418267250 0.006900633 -0.017217724 0.999827921 45.027320862
0.999954939 -0.006270786 -0.007130288 0.573807597 0.006397149 0.999820352 0.017839322 -1.425794005 0.007017141 -0.017884133 0.999815404 45.546638489
0.999958575 -0.006146975 -0.006714032 0.574330389 0.006268678 0.999813557 0.018258572 -1.440653205 0.006600546 -0.018299900 0.999810696 46.058189392
0.999959707 -0.006532356 -0.006164990 0.532510459 0.006644585 0.999809265 0.018362807 -1.437742233 0.006043863 -0.018403035 0.999812305 46.646320343
0.999958217 -0.006564112 -0.006360966 0.563635647 0.006678307 0.999813855 0.018100593 -1.445695877 0.006240970 -0.018142315 0.999815881 47.159606934
0.999958515 -0.006450235 -0.006428669 0.560148001 0.006566786 0.999811411 0.018276723 -1.465240717 0.006309568 -0.018318180 0.999812305 47.652984619
0.999954641 -0.007143684 -0.006297853 0.568553686 0.007264143 0.999787033 0.019316258 -1.487131834 0.006158524 -0.019361125 0.999793589 48.187068939
0.999957681 -0.006688779 -0.006308489 0.573512435 0.006810976 0.999785662 0.019551998 -1.495571375 0.006176359 -0.019594137 0.999788940 48.733669281
0.999952793 -0.006937727 -0.006791415 0.592321873 0.007077238 0.999759912 0.020738490 -1.506458402 0.006645907 -0.020785578 0.999761879 49.294113159
0.999948382 -0.007136150 -0.007235740 0.584897876 0.007277515 0.999779403 0.019702854 -1.511411428 0.007093542 -0.019754494 0.999779761 49.862987518
0.999964118 -0.005620596 -0.006334038 0.556012750 0.005743693 0.999791622 0.019586574 -1.516969204 0.006222630 -0.019622251 0.999788046 50.393184662
0.999944985 -0.007526046 -0.007305153 0.610269904 0.007666364 0.999782860 0.019373944 -1.511125088 0.007157757 -0.019428877 0.999785721 50.861473083
0.999946296 -0.007554821 -0.007092573 0.604827762 0.007692967 0.999777198 0.019656656 -1.515755177 0.006942491 -0.019710163 0.999781609 51.401885986
0.999942720 -0.007705854 -0.007428360 0.616395414 0.007842631 0.999796927 0.018562960 -1.512883186 0.007283807 -0.018620148 0.999800146 51.946720123
0.999936402 -0.007982752 -0.007968162 0.637027860 0.008133630 0.999784827 0.019085811 -1.515633702 0.007814087 -0.019149406 0.999786079 52.517795563
0.999943733 -0.007813101 -0.007167809 0.585233212 0.007954658 0.999769568 0.019937893 -1.554527164 0.007010382 -0.019993786 0.999775529 52.927097321
0.999946475 -0.007979089 -0.006576988 0.588290453 0.008110415 0.999763370 0.020188622 -1.563587904 0.006414344 -0.020240882 0.999774575 53.447563171
0.999939561 -0.008292222 -0.007231591 0.583266795 0.008439107 0.999753714 0.020523248 -1.573224068 0.007059626 -0.020583032 0.999763191 53.991237640
0.999938786 -0.007935827 -0.007714706 0.631111205 0.008088134 0.999768972 0.019915765 -1.567657351 0.007554874 -0.019976940 0.999771953 54.565036774
0.999945045 -0.007378408 -0.007451637 0.618180156 0.007522711 0.999781013 0.019526469 -1.557856083 0.007305930 -0.019581450 0.999781549 55.046680450
0.999936998 -0.008641785 -0.007171611 0.599294722 0.008784187 0.999760032 0.020068211 -1.588236332 0.006996464 -0.020129943 0.999772906 55.519416809
0.999945223 -0.008140379 -0.006569982 0.583539307 0.008272452 0.999759138 0.020332627 -1.603654504 0.006402883 -0.020385863 0.999771655 55.940322876
0.999946773 -0.007885937 -0.006643412 0.594797730 0.008021550 0.999754786 0.020640293 -1.606408238 0.006479015 -0.020692486 0.999764860 56.477073669
0.999949396 -0.007853858 -0.006283206 0.601729274 0.007977161 0.999771237 0.019846134 -1.610740900 0.006125900 -0.019895252 0.999783278 57.057121277
0.999952853 -0.007633258 -0.006009693 0.603150725 0.007752422 0.999768674 0.020061767 -1.616326332 0.005855165 -0.020107411 0.999780655 57.606853485
0.999947011 -0.007844017 -0.006665277 0.637456894 0.007971388 0.999781847 0.019303219 -1.598470211 0.006512410 -0.019355325 0.999791443 58.071605682
0.999953151 -0.007656822 -0.005927911 0.576951981 0.007772622 0.999774456 0.019764759 -1.627594709 0.005775238 -0.019809907 0.999787092 58.590389252
0.999939680 -0.008476344 -0.006989063 0.630853355 0.008622237 0.999739885 0.021115536 -1.641467929 0.006808263 -0.021174522 0.999752581 58.982402802
0.999942839 -0.008100292 -0.006981399 0.635101795 0.008242061 0.999755442 0.020523250 -1.635432482 0.006813448 -0.020579617 0.999765038 59.541801453
0.999943733 -0.008083430 -0.006867971 0.638981104 0.008221020 0.999761224 0.020247422 -1.643910408 0.006702662 -0.020302748 0.999771416 60.063323975
0.999946177 -0.007390870 -0.007287359 0.693510294 0.007541478 0.999753952 0.020860933 -1.657549977 0.007131385 -0.020914769 0.999755859 60.528026581
0.999940395 -0.008027106 -0.007392912 0.682704389 0.008178593 0.999752402 0.020694088 -1.659760594 0.007224969 -0.020753322 0.999758601 61.105476379
0.999931753 -0.009313752 -0.007052861 0.628049970 0.009459675 0.999735832 0.020947263 -1.651913881 0.006855900 -0.021012556 0.999755681 61.547512054
0.999927461 -0.009866164 -0.006905891 0.631069720 0.010007078 0.999736190 0.020676790 -1.653824329 0.006700068 -0.020744402 0.999762356 62.067749023
0.999923110 -0.009891317 -0.007471482 0.638726115 0.010042263 0.999740660 0.020443249 -1.662894130 0.007267336 -0.020516712 0.999763131 62.613723755
0.999938071 -0.008898303 -0.006681875 0.617742121 0.009035185 0.999743998 0.020742781 -1.674009562 0.006495590 -0.020801870 0.999762475 63.147861481
0.999918461 -0.009960406 -0.007997582 0.672772288 0.010122148 0.999739707 0.020444669 -1.651444316 0.007791864 -0.020523956 0.999759018 63.602577209
0.999928951 -0.009331339 -0.007415772 0.655346990 0.009485715 0.999733090 0.021062022 -1.688428044 0.007217256 -0.021130864 0.999750674 64.100494385
0.999928355 -0.009597114 -0.007153211 0.670135260 0.009741880 0.999742627 0.020485582 -1.685125232 0.006954770 -0.020553797 0.999764562 64.641235352
0.999923706 -0.009804199 -0.007516637 0.714372993 0.009953230 0.999749362 0.020052608 -1.645405054 0.007318154 -0.020125888 0.999770701 65.158653259
0.999927998 -0.009647802 -0.007138774 0.709064960 0.009793289 0.999739110 0.020633660 -1.676014662 0.006937843 -0.020702088 0.999761641 65.675491333
0.999926209 -0.009600827 -0.007441359 0.688288093 0.009759246 0.999720037 0.021553481 -1.711998105 0.007232347 -0.021624513 0.999740005 66.136581421
0.999921083 -0.009703068 -0.007977749 0.701521158 0.009870054 0.999727249 0.021165483 -1.709704638 0.007770204 -0.021242550 0.999744117 66.691909790
0.999913752 -0.010492552 -0.007903177 0.727832198 0.010653338 0.999731362 0.020584827 -1.704420805 0.007685067 -0.020667246 0.999756873 67.214126587
0.999920607 -0.009992207 -0.007666473 0.730413854 0.010152436 0.999724627 0.021153526 -1.710958600 0.007452992 -0.021229682 0.999746859 67.762954712
0.999933362 -0.009012030 -0.007215697 0.707340360 0.009164170 0.999730349 0.021336786 -1.720260143 0.007021462 -0.021401491 0.999746263 68.176445007
0.999930739 -0.009224094 -0.007301555 0.722092509 0.009377055 0.999731362 0.021199683 -1.725903869 0.007104044 -0.021266684 0.999748647 68.723152161
0.999932945 -0.008797202 -0.007531118 0.731842518 0.008949719 0.999750614 0.020463496 -1.722600102 0.007349218 -0.020529529 0.999762237 69.297325134
0.999929726 -0.009427984 -0.007192016 0.759172559 0.009576699 0.999735057 0.020931546 -1.730863452 0.006992767 -0.020998949 0.999755085 69.787094116
0.999931097 -0.009525371 -0.006860334 0.734734893 0.009671165 0.999721169 0.021541705 -1.738261342 0.006653231 -0.021606568 0.999744415 70.205162048
0.999929488 -0.009732975 -0.006803091 0.743196011 0.009874288 0.999729574 0.021056568 -1.743102193 0.006596310 -0.021122262 0.999755144 70.755729675
0.999934793 -0.009118047 -0.006881570 0.753499985 0.009259184 0.999741554 0.020764114 -1.744674563 0.006690462 -0.020826478 0.999760687 71.325569153
0.999938846 -0.008920209 -0.006542136 0.746736646 0.009054291 0.999743521 0.020760350 -1.746925592 0.006355270 -0.020818314 0.999763012 71.873786926
0.999933064 -0.009440372 -0.006689486 0.759650230 0.009581652 0.999724925 0.021412255 -1.751141548 0.006485503 -0.021474916 0.999748349 72.324371338
0.999928057 -0.010037363 -0.006570615 0.767722249 0.010175354 0.999721050 0.021316165 -1.754341483 0.006354824 -0.021381492 0.999751210 72.880447388
0.999921978 -0.010436537 -0.006862528 0.786830902 0.010575416 0.999733508 0.020522548 -1.738968015 0.006646516 -0.020593522 0.999765754 73.392356873
0.999921143 -0.010257608 -0.007257102 0.781300604 0.010407991 0.999725401 0.020996818 -1.753488064 0.007039731 -0.021070693 0.999753237 73.918655396
0.999929905 -0.009632666 -0.006883272 0.803950667 0.009779406 0.999718606 0.021612592 -1.772294998 0.006673147 -0.021678394 0.999742687 74.365493774
0.999929011 -0.009726081 -0.006884356 0.809825003 0.009873109 0.999716818 0.021655113 -1.774345279 0.006671788 -0.021721547 0.999741733 74.914764404
0.999915659 -0.010757526 -0.007263521 0.826173484 0.010906884 0.999723136 0.020846177 -1.771247983 0.007037256 -0.020923644 0.999756277 75.464820862
0.999924600 -0.009984008 -0.007141201 0.837277770 0.010136865 0.999713242 0.021699123 -1.801288843 0.006922509 -0.021769881 0.999738991 75.934501648
0.999932408 -0.009625474 -0.006514512 0.810597301 0.009761456 0.999728203 0.021174282 -1.779313922 0.006308928 -0.021236440 0.999754608 76.518524170
0.999936044 -0.009548937 -0.006056264 0.772715807 0.009676223 0.999725223 0.021348082 -1.759872079 0.005850749 -0.021405317 0.999753773 77.007759094
0.999934852 -0.009596542 -0.006170894 0.779942453 0.009725789 0.999726474 0.021267284 -1.764247417 0.005965113 -0.021325914 0.999754786 77.567123413
0.999920785 -0.010557543 -0.006833860 0.831941068 0.010697063 0.999728322 0.020711962 -1.768270254 0.006613336 -0.020783423 0.999762118 78.129829407
0.999944746 -0.009235307 -0.005014441 0.799518704 0.009339385 0.999732792 0.021144899 -1.781917691 0.004817822 -0.021190563 0.999763846 78.629646301
0.999958336 -0.008642209 -0.002922294 0.776019931 0.008702149 0.999738157 0.021162046 -1.763960600 0.002738644 -0.021186598 0.999771893 79.150131226
0.999961078 -0.008702558 -0.001466170 0.778131723 0.008732541 0.999722898 0.021863043 -1.774847388 0.001275499 -0.021875000 0.999759853 79.697410583
0.999964476 -0.008410680 -0.000616827 0.782550156 0.008422014 0.999732614 0.021532515 -1.770655990 0.000435559 -0.021536944 0.999767959 80.257217407
0.999960184 -0.008779938 0.001620688 0.806450844 0.008744133 0.999742925 0.020916330 -1.776988387 -0.001803916 -0.020901324 0.999779940 80.815650940
0.999944806 -0.009246834 0.004998230 0.828149199 0.009140403 0.999739468 0.020912955 -1.765405655 -0.005190307 -0.020866113 0.999768794 81.334014893
0.999925256 -0.008200602 0.009067468 0.846548319 0.008002392 0.999732971 0.021683628 -1.784735203 -0.009242864 -0.021609448 0.999723792 81.773994446
0.999888837 -0.008441308 0.012293139 0.895746291 0.008171828 0.999728799 0.021808678 -1.794998288 -0.012473898 -0.021705795 0.999686658 82.324951172
0.999787807 -0.007819572 0.019059334 0.903258026 0.007416261 0.999749005 0.021140426 -1.787214875 -0.019219859 -0.020994591 0.999594867 82.865913391
0.999662876 -0.007663142 0.024807675 0.947038412 0.007117736 0.999732614 0.021999538 -1.802545190 -0.024969626 -0.021815546 0.999450266 83.358085632
0.999490142 -0.007638053 0.031000007 0.963084579 0.006947903 0.999727011 0.022309808 -1.814488769 -0.031161945 -0.022083050 0.999270320 83.923294067
0.999197721 -0.008256343 0.039188817 1.008480549 0.007402419 0.999732971 0.021885296 -1.795590043 -0.039359048 -0.021577649 0.998992145 84.467041016
0.998836577 -0.007345011 0.047660943 1.090080738 0.006316548 0.999744773 0.021693563 -1.790624022 -0.047808111 -0.021367272 0.998627961 84.992683411
0.998531640 -0.009092292 0.053405482 1.082599878 0.007924954 0.999725938 0.022029264 -1.769698620 -0.053591143 -0.021573678 0.998329818 85.500663757
0.997996211 -0.008671489 0.062676869 1.137068748 0.007345959 0.999745131 0.021348221 -1.767409563 -0.062846005 -0.020845022 0.997805536 86.046989441
0.997310400 -0.008755219 0.072769403 1.196690559 0.007190014 0.999737799 0.021743285 -1.774355173 -0.072940677 -0.021161593 0.997111738 86.615371704
0.996599674 -0.009504080 0.081846029 1.243570805 0.007746838 0.999733210 0.021760937 -1.781355262 -0.082030997 -0.021052899 0.996407330 87.181289673
0.995904028 -0.009531117 0.089912951 1.289253235 0.007645828 0.999744177 0.021289110 -1.761070013 -0.090092868 -0.020514455 0.995722115 87.781669617
0.994945109 -0.008709986 0.100041941 1.422102451 0.006552541 0.999739289 0.021873789 -1.802471757 -0.100206375 -0.021107692 0.994742811 88.182960510
0.993789732 -0.009947144 0.110828668 1.407267570 0.007405276 0.999700546 0.023323191 -1.884934425 -0.111027472 -0.022357630 0.993565738 88.830085754
0.992641628 -0.009764069 0.120694548 1.484249115 0.006997520 0.999703467 0.023324529 -1.892562151 -0.120886512 -0.022308338 0.992415547 89.372840881
0.991317451 -0.010524653 0.131068230 1.584556580 0.007624515 0.999715388 0.022609154 -1.873966694 -0.131268874 -0.021413520 0.991115391 89.923347473
0.989606977 -0.009984968 0.143451303 1.676389694 0.006790616 0.999718368 0.022740223 -1.886559010 -0.143637955 -0.021529760 0.989396036 90.479736328
0.988088131 -0.011573875 0.153453082 1.792186737 0.008152022 0.999704301 0.022909524 -1.893574715 -0.153672859 -0.021385679 0.987890303 91.007110596
0.986571312 -0.012657967 0.162839755 1.892094612 0.009082491 0.999701440 0.022682808 -1.874034166 -0.163078263 -0.020899219 0.986391783 91.576164246
0.984433413 -0.012157682 0.175336748 1.985314369 0.008291769 0.999706507 0.022764301 -1.873435497 -0.175562054 -0.020956086 0.984245300 92.122451782
0.982056558 -0.011741471 0.188220397 2.090637207 0.007455525 0.999696910 0.023462720 -1.860045910 -0.188438863 -0.021638442 0.981846511 92.684387207
0.979916453 -0.012378708 0.199023798 2.220172882 0.007851237 0.999692440 0.023521537 -1.863866568 -0.199253768 -0.021486556 0.979712248 93.223701477
0.977158070 -0.012358081 0.212153912 2.359853745 0.007627008 0.999703944 0.023104107 -1.859103203 -0.212376639 -0.020958267 0.976963103 93.754646301
0.973986089 -0.012064291 0.226286680 2.489870071 0.007047604 0.999711454 0.022964414 -1.862386942 -0.226498455 -0.020772243 0.973789990 94.245773315
0.971490622 -0.014173871 0.236654386 2.658786774 0.008791522 0.999678493 0.023783345 -1.880216599 -0.236915410 -0.021024739 0.971302748 94.795463562
0.968040645 -0.010470186 0.250574499 2.809000015 0.004820126 0.999720275 0.023151519 -1.792668581 -0.250746816 -0.021203810 0.967820406 95.423461914
0.964280009 -0.010993672 0.264656752 2.978511810 0.005126723 0.999725759 0.022848681 -1.788803101 -0.264835417 -0.020675708 0.964071929 95.957038879
0.960451245 -0.009647802 0.278280973 3.131963730 0.003434710 0.999733984 0.022805605 -1.786001444 -0.278426945 -0.020947861 0.960228980 96.493957520
0.957623243 -0.012776356 0.287740141 3.345867157 0.006430702 0.999715030 0.022987846 -1.798619509 -0.287951827 -0.020163326 0.957432628 96.993034363
0.953324974 -0.012126387 0.301702738 3.550783157 0.005005009 0.999690592 0.024365820 -1.817276001 -0.301904827 -0.021718523 0.953090727 97.539855957
0.948386192 -0.011195756 0.316919744 3.742069244 0.003783151 0.999704897 0.023995234 -1.819660187 -0.317094892 -0.021557793 0.948148847 98.046249390
0.944727838 -0.012478122 0.327617913 3.941871643 0.004918511 0.999702454 0.023892932 -1.809296846 -0.327818573 -0.020960927 0.944508135 98.553192139
0.940055847 -0.012868330 0.340777665 4.122621536 0.005123484 0.999707937 0.023617188 -1.805605888 -0.340982020 -0.020455508 0.939847171 99.242362976
0.934747696 -0.012766959 0.355082721 4.344552994 0.004444941 0.999696195 0.024242749 -1.808292866 -0.355284363 -0.021082532 0.934520423 99.765365601
0.930052459 -0.013895155 0.367163837 4.566003799 0.005166941 0.999680400 0.024744237 -1.823531389 -0.367390335 -0.021116326 0.929827094 100.261337280
0.925380230 -0.013753312 0.378790677 4.803878784 0.004843427 0.999688923 0.024464762 -1.824056625 -0.379009306 -0.020804564 0.925158978 100.775703430
0.920110524 -0.015799379 0.391340077 5.062660217 0.006674992 0.999673486 0.024665220 -1.835054159 -0.391601980 -0.020082535 0.919915497 101.221069336
0.914325893 -0.015212803 0.404693335 5.288196564 0.005540363 0.999670506 0.025061192 -1.860165834 -0.404941171 -0.020671945 0.914109051 101.689674377
0.909653664 -0.015175506 0.415090352 5.571247101 0.005427587 0.999681294 0.024653541 -1.851479292 -0.415332198 -0.020173244 0.909446061 102.196495056
0.904053092 -0.015440641 0.427141309 5.845947266 0.005283756 0.999674559 0.024953857 -1.875738144 -0.427387595 -0.020302700 0.903840482 102.681549072
0.897273660 -0.014235080 0.441245258 6.153270721 0.003851644 0.999694407 0.024418958 -1.818310261 -0.441458017 -0.020210966 0.897054255 103.382141113
0.891585231 -0.015580115 0.452584922 6.427310944 0.004940740 0.999683142 0.024680646 -1.822554827 -0.452826053 -0.019768793 0.891379714 103.857940674
0.885674834 -0.015792219 0.464037508 6.697395325 0.004857277 0.999681830 0.024750650 -1.822872877 -0.464280754 -0.019667067 0.885469735 104.341087341
0.877941966 -0.014515901 0.478546888 6.979400635 0.003299466 0.999699950 0.024270987 -1.815753698 -0.478755593 -0.019729570 0.877726495 104.845306396
