1.000000000 0.000000000 0.000000000 0.000000000 0.000000000 1.000000000 0.000000000 0.000000000 0.000000000 0.000000000 1.000000000 0.000000000
1.000000000 0.000005709 -0.000031890 0.000276255 -0.000005711 1.000000000 -0.000073273 0.000564730 0.000031890 0.000073273 1.000000000 0.000342823
1.000000000 -0.000071045 -0.000047620 -0.000356824 0.000071044 1.000000000 -0.000025836 0.000649261 0.000047622 0.000025833 1.000000000 0.001487757
1.000000000 -0.000011603 -0.000096308 -0.001197924 0.000011599 1.000000000 -0.000044546 0.001581324 0.000096308 0.000044545 1.000000000 0.000733426
1.000000000 -0.000021649 -0.000012198 -0.000633008 0.000021650 1.000000000 0.000020451 0.000219346 0.000012198 -0.000020451 1.000000000 0.000224528
1.000000000 -0.000117399 -0.000019496 -0.000592933 0.000117399 1.000000000 -0.000000819 -0.000123588 0.000019497 0.000000816 1.000000000 -0.000535873
1.000000000 0.000094466 -0.000040480 -0.000212483 -0.000094467 1.000000000 -0.000033823 0.000773812 0.000040477 0.000033827 1.000000000 -0.002537658
1.000000000 0.000007759 0.000005935 -0.000207339 -0.000007759 1.000000000 -0.000034228 0.001179565 -0.000005936 0.000034228 1.000000000 0.002401391
1.000000000 0.000047686 0.000022832 -0.001245732 -0.000047685 1.000000000 -0.000031129 0.001224367 -0.000022833 0.000031128 1.000000000 0.001278180
1.000000000 -0.000011758 -0.000055553 -0.000390776 0.000011757 1.000000000 -0.000017962 0.001255754 0.000055553 0.000017962 1.000000000 0.001454141
1.000000000 -0.000049665 -0.000047252 -0.000312204 0.000049664 1.000000000 -0.000030177 0.001056169 0.000047253 0.000030175 1.000000000 0.000561342
1.000000000 -0.000058133 -0.000038711 -0.001794889 0.000058135 1.000000000 0.000062141 0.001104901 0.000038707 -0.000062144 1.000000000 0.001566929
1.000000000 -0.000018286 -0.000037375 -0.001659366 0.000018285 1.000000000 -0.000042194 0.001145531 0.000037376 0.000042194 1.000000000 0.000874187
1.000000000 -0.000006630 -0.000069273 0.000921927 0.000006633 1.000000000 0.000054662 -0.000117279 0.000069273 -0.000054663 1.000000000 -0.002861969
1.000000000 -0.000074468 -0.000072416 0.000774060 0.000074473 1.000000000 0.000068242 -0.000111097 0.000072411 -0.000068247 1.000000000 -0.002224607
1.000000000 0.000001888 -0.000029775 -0.000115096 -0.000001888 1.000000000 -0.000019189 0.001649760 0.000029775 0.000019189 1.000000000 0.000880971
1.000000000 -0.000025455 -0.000094514 0.000490213 0.000025460 1.000000000 0.000044751 0.000480433 0.000094513 -0.000044754 1.000000000 -0.001411481
1.000000000 -0.000093341 -0.000095784 0.000524712 0.000093342 1.000000000 0.000008302 0.000022251 0.000095783 -0.000008311 1.000000000 -0.002591390
1.000000000 -0.000075762 -0.000052742 -0.000504553 0.000075763 1.000000000 0.000016169 0.000917416 0.000052740 -0.000016173 1.000000000 0.001201739
1.000000000 -0.000155301 -0.000084463 -0.000682913 0.000155307 1.000000000 0.000076654 -0.000236610 0.000084451 -0.000076667 1.000000000 -0.002887408
1.000000000 -0.000075897 -0.000109574 0.002111640 0.000075906 1.000000000 0.000080507 -0.000499787 0.000109568 -0.000080515 1.000000000 -0.001500606
1.000000000 -0.000102768 -0.000106229 0.000798592 0.000102770 1.000000000 0.000014568 0.000595449 0.000106227 -0.000014579 1.000000000 -0.001385493
1.000000000 -0.000083164 -0.000078682 -0.000476760 0.000083165 1.000000000 0.000016081 0.000911269 0.000078681 -0.000016087 1.000000000 -0.000118950
1.000000000 -0.000078973 -0.000094320 0.000950271 0.000078978 1.000000000 0.000058416 0.000473772 0.000094315 -0.000058423 1.000000000 -0.001184265
1.000000000 -0.000124261 -0.000085059 0.001261553 0.000124263 1.000000000 0.000029137 0.000793110 0.000085055 -0.000029147 1.000000000 -0.000666637
1.000000000 -0.000168323 -0.000131326 0.001336845 0.000168332 1.000000000 0.000064950 0.000079771 0.000131315 -0.000064972 1.000000000 -0.002901048
0.999999940 -0.000251791 -0.000092521 -0.000044509 0.000251793 0.999999940 0.000019245 -0.000105965 0.000092516 -0.000019268 1.000000000 -0.002985346
1.000000000 -0.000071820 -0.000118801 0.001215136 0.000071830 1.000000000 0.000078730 -0.000006067 0.000118796 -0.000078738 1.000000000 -0.002114554
1.000000000 -0.000119826 -0.000124125 0.002503231 0.000119832 1.000000000 0.000051140 -0.000116271 0.000124119 -0.000051155 1.000000000 -0.002578032
1.000000000 -0.000152499 -0.000150215 0.001266328 0.000152504 1.000000000 0.000035614 0.000262855 0.000150209 -0.000035636 1.000000000 -0.002328648
1.000000000 -0.000069446 -0.000074043 0.000737941 0.000069448 1.000000000 0.000027891 -0.000050370 0.000074041 -0.000027896 1.000000000 -0.003201095
1.000000000 -0.000148948 -0.000127419 0.001623884 0.000148951 1.000000000 0.000020376 0.000079189 0.000127416 -0.000020395 1.000000000 -0.003826993
1.000000000 -0.000090445 -0.000066057 0.000211629 0.000090449 1.000000000 0.000055848 0.000136918 0.000066051 -0.000055853 1.000000000 -0.001509568
0.999999940 -0.000224489 -0.000112134 0.000549068 0.000224494 1.000000000 0.000051867 0.000328198 0.000112123 -0.000051892 1.000000000 -0.001840207
1.000000000 -0.000154775 -0.000114982 0.001322763 0.000154778 1.000000000 0.000027789 0.000363591 0.000114977 -0.000027807 1.000000000 -0.003369651
1.000000000 -0.000121427 -0.000138188 0.003278955 0.000121449 1.000000000 0.000159207 -0.000723332 0.000138169 -0.000159223 1.000000000 -0.004812762
1.000000000 -0.000114704 -0.000117874 0.000552178 0.000114708 1.000000000 0.000035970 0.000119816 0.000117870 -0.000035984 1.000000000 -0.003079427
1.000000000 -0.000163044 -0.000096180 0.000433065 0.000163050 1.000000000 0.000061623 0.000103417 0.000096170 -0.000061639 1.000000000 -0.001280110
0.999999940 -0.000209481 -0.000143321 0.001315786 0.000209478 1.000000000 -0.000015981 0.000331735 0.000143324 0.000015951 1.000000000 0.002803254
1.000000000 -0.000208945 -0.000055173 0.000396865 0.000208914 0.999999821 -0.000553934 -0.001940748 0.000055289 0.000553923 0.999999821 0.052745134
1.000000000 0.000058883 -0.000068950 0.001950774 -0.000058962 0.999999344 -0.001148354 -0.004531346 0.000068882 0.001148358 0.999999344 0.141387701
1.000000000 -0.000111242 -0.000001548 0.002690447 0.000111240 0.999998868 -0.001505448 -0.007397290 0.000001715 0.001505448 0.999998868 0.260315597
1.000000000 0.000022635 -0.000063388 0.005583152 -0.000022729 0.999998927 -0.001478983 -0.011028698 0.000063355 0.001478985 0.999998927 0.391370028
1.000000000 0.000097961 -0.000078970 0.009791026 -0.000098059 0.999999225 -0.001238495 -0.016340232 0.000078849 0.001238502 0.999999225 0.528488636
1.000000000 0.000058742 0.000015150 0.013441254 -0.000058727 0.999999523 -0.000991657 -0.022683913 -0.000015209 0.000991656 0.999999523 0.684480429
1.000000000 0.000006434 -0.000074011 0.019950379 -0.000006507 0.999999523 -0.000986767 -0.026108732 0.000074005 0.000986768 0.999999523 0.844970763
0.999999881 0.000509711 0.000141439 0.017188059 -0.000509594 0.999999523 -0.000822118 -0.025306642 -0.000141858 0.000822046 0.999999642 1.025000691
1.000000000 0.000101372 0.000017058 0.027039891 -0.000101361 0.999999821 -0.000630615 -0.031345580 -0.000017122 0.000630614 0.999999821 1.207686186
0.999999881 0.000459999 -0.000113616 0.027838536 -0.000460013 0.999999821 -0.000121605 -0.046158079 0.000113560 0.000121657 0.999999940 1.387145758
0.999999940 0.000368836 -0.000352329 0.031210816 -0.000368864 0.999999940 -0.000079910 -0.048382986 0.000352300 0.000080040 0.999999940 1.582962871
0.999999940 0.000232609 -0.000083215 0.033871718 -0.000232604 1.000000000 0.000062962 -0.057752889 0.000083229 -0.000062942 1.000000000 1.781195521
0.999999881 0.000393901 -0.000170588 0.040961884 -0.000393870 0.999999940 0.000180282 -0.063177377 0.000170659 -0.000180215 0.999999940 1.987550259
0.999999940 0.000179254 -0.000044487 0.044521056 -0.000179247 1.000000000 0.000174056 -0.069841854 0.000044518 -0.000174048 1.000000000 2.194866419
0.999999702 0.000688042 -0.000075623 0.045382656 -0.000688013 0.999999762 0.000379857 -0.076021768 0.000075884 -0.000379805 0.999999940 2.414446354
0.999997854 0.001027475 -0.001794934 0.078724518 -0.001025203 0.999998629 0.001266161 -0.092515327 0.001796233 -0.001264318 0.999997556 2.627527714
0.999997795 0.000952041 -0.001856814 0.081833221 -0.000949536 0.999998569 0.001349524 -0.099368699 0.001858097 -0.001347758 0.999997318 2.857900381
0.999997795 0.001178247 -0.001715149 0.082138635 -0.001176056 0.999998510 0.001278032 -0.101237752 0.001716653 -0.001276012 0.999997735 3.099583864
0.999998331 0.000809388 -0.001644766 0.089104868 -0.000807313 0.999998927 0.001261720 -0.109958455 0.001645785 -0.001260390 0.999997914 3.338695765
0.999999702 0.000071358 0.000703158 0.069035798 -0.000071955 0.999999642 0.000849184 -0.116070352 -0.000703097 -0.000849234 0.999999344 3.576535940
0.999999583 0.000443940 0.000749871 0.073873013 -0.000444817 0.999999225 0.001170284 -0.122785233 -0.000749351 -0.001170617 0.999999046 3.826590538
0.999999702 0.000063036 0.000763470 0.081081606 -0.000063893 0.999999404 0.001123382 -0.130385429 -0.000763399 -0.001123431 0.999999046 4.090490818
0.999999344 0.000429272 0.001032426 0.081314430 -0.000430675 0.999998927 0.001359284 -0.140167490 -0.001031842 -0.001359728 0.999998569 4.337580681
0.999999523 0.000201564 0.000969636 0.086478755 -0.000202914 0.999998987 0.001392821 -0.147113830 -0.000969354 -0.001393017 0.999998569 4.595193863
0.999999166 0.000406497 0.001182553 0.095237255 -0.000408421 0.999998569 0.001627730 -0.154437363 -0.001181889 -0.001628211 0.999997973 4.846057892
0.999997735 0.001604892 -0.001379902 0.131556511 -0.001601858 0.999996305 0.002197083 -0.170702800 0.001383423 -0.002194867 0.999996662 5.114989758
0.999997377 0.001654074 -0.001589756 0.138439119 -0.001650741 0.999996483 0.002095952 -0.176773220 0.001593217 -0.002093323 0.999996543 5.380036831
0.999997020 0.002036443 -0.001271981 0.139775783 -0.002033614 0.999995410 0.002221623 -0.184495196 0.001276499 -0.002219031 0.999996781 5.652631760
0.999996722 0.002195885 -0.001316460 0.142871425 -0.002192953 0.999995172 0.002224924 -0.191677660 0.001321339 -0.002222030 0.999996662 5.929555416
0.999995530 0.002154473 -0.002055970 0.170203432 -0.002149970 0.999995232 0.002189920 -0.198998690 0.002060679 -0.002185490 0.999995470 6.192972660
0.999994516 0.002757863 -0.001834911 0.171004295 -0.002753867 0.999993801 0.002176459 -0.206106529 0.001840902 -0.002171393 0.999995947 6.484689236
0.999994636 0.002722200 -0.001800140 0.177841872 -0.002717851 0.999993443 0.002413927 -0.216220006 0.001806699 -0.002409021 0.999995470 6.764333248
0.999995351 0.002311544 -0.001993906 0.196590990 -0.002306837 0.999994576 0.002360017 -0.226765394 0.001999350 -0.002355407 0.999995172 7.059126377
0.999995232 0.002218322 -0.002140793 0.198703781 -0.002213724 0.999995291 0.002147352 -0.231474668 0.002145547 -0.002142603 0.999995410 7.363203526
0.999995768 0.002119332 -0.001994141 0.208470404 -0.002114905 0.999995351 0.002219630 -0.243759826 0.001998836 -0.002215403 0.999995589 7.670469284
0.999996066 0.001811233 -0.002156568 0.223593354 -0.001805749 0.999995172 0.002541839 -0.259258658 0.002161161 -0.002537935 0.999994457 7.980803967
0.999995828 0.001920929 -0.002121504 0.231340200 -0.001915079 0.999994516 0.002755718 -0.273406714 0.002126785 -0.002751644 0.999993980 8.316171646
0.999994993 0.002357311 -0.002058672 0.241874263 -0.002351436 0.999993265 0.002851612 -0.283665210 0.002065379 -0.002846758 0.999993861 8.638689995
0.999995232 0.002509534 -0.001783318 0.240596429 -0.002504696 0.999993265 0.002710280 -0.287573665 0.001790107 -0.002705801 0.999994814 8.982090950
0.999995053 0.002569014 -0.001791721 0.244971722 -0.002564142 0.999993026 0.002715647 -0.299978822 0.001798685 -0.002711040 0.999994755 9.322916031
0.999993622 0.002848824 -0.002121288 0.262730807 -0.002842938 0.999992073 0.002772168 -0.307322413 0.002129168 -0.002766120 0.999993920 9.651766777
0.999993503 0.003045038 -0.001966312 0.269722909 -0.003039795 0.999991894 0.002663660 -0.314225465 0.001974407 -0.002657666 0.999994516 10.001554489
0.999993324 0.003124324 -0.001894233 0.274212331 -0.003119004 0.999991179 0.002804728 -0.328881741 0.001902979 -0.002798801 0.999994338 10.355422974
0.999995112 0.002290408 -0.002118815 0.287479490 -0.002284490 0.999993503 0.002791429 -0.339372128 0.002125195 -0.002786575 0.999993801 10.729158401
0.999995708 0.002107337 -0.002047310 0.294285923 -0.002101745 0.999994099 0.002729839 -0.347058177 0.002053051 -0.002725524 0.999994159 11.096659660
0.999994814 0.002447536 -0.002079668 0.306215525 -0.002441616 0.999992967 0.002844386 -0.358767152 0.002086615 -0.002839294 0.999993801 11.471131325
0.999994516 0.002669366 -0.001967243 0.310770333 -0.002663954 0.999992728 0.002748391 -0.364830315 0.001974565 -0.002743135 0.999994338 11.854579926
0.999994993 0.002413348 -0.002072944 0.325111061 -0.002406575 0.999991715 0.003263424 -0.384475380 0.002080803 -0.003258419 0.999992490 12.235996246
0.999993861 0.002879151 -0.001985736 0.344212264 -0.002872545 0.999990284 0.003321605 -0.402090460 0.001995280 -0.003315880 0.999992490 12.609992981
0.999994814 0.002442235 -0.002071546 0.353913337 -0.002435244 0.999991298 0.003370181 -0.413200974 0.002079759 -0.003365119 0.999992132 13.001505852
0.999992907 0.003255581 -0.001887571 0.360668868 -0.003248769 0.999988198 0.003600681 -0.425739259 0.001899271 -0.003594523 0.999991775 13.403175354
0.999993742 0.003184508 -0.001571601 0.369119525 -0.003178698 0.999988139 0.003685558 -0.433220595 0.001583320 -0.003680539 0.999992013 13.817359924
0.999994934 0.002633412 -0.001739523 0.395367026 -0.002627191 0.999990106 0.003569145 -0.461601764 0.001748905 -0.003564557 0.999992073 14.216545105
0.999995470 0.002374281 -0.001821149 0.403849483 -0.002368225 0.999991596 0.003320572 -0.472381860 0.001829018 -0.003316244 0.999992847 14.650018692
0.999996424 0.002292068 -0.001375455 0.412999421 -0.002286992 0.999990523 0.003680468 -0.488305897 0.001383878 -0.003677309 0.999992311 15.070276260
0.999995768 0.002576006 -0.001366035 0.427299559 -0.002569940 0.999986887 0.004423928 -0.512282670 0.001377414 -0.004420399 0.999989212 15.475352287
0.999995291 0.002978181 -0.000801153 0.433643043 -0.002974675 0.999986172 0.004342975 -0.521884143 0.000814077 -0.004340571 0.999990225 15.922422409
0.999994516 0.003290287 -0.000308545 0.439145923 -0.003288859 0.999984384 0.004520439 -0.533282280 0.000323414 -0.004519400 0.999989688 16.368009567
0.999996424 0.002639264 -0.000472461 0.454062730 -0.002637088 0.999986112 0.004548350 -0.547676206 0.000484458 -0.004547087 0.999989569 16.808170319
0.999996662 0.002554097 -0.000481823 0.466965735 -0.002551744 0.999985039 0.004823172 -0.559353292 0.000494134 -0.004821926 0.999988317 17.271095276
0.999996305 0.002733890 -0.000038495 0.475798905 -0.002733664 0.999983907 0.004982263 -0.569923460 0.000052115 -0.004982139 0.999987602 17.737802505
0.999995649 0.002904979 0.000488421 0.495457888 -0.002907395 0.999983191 0.005020964 -0.599004030 -0.000473828 -0.005022363 0.999987304 18.176437378
0.999994099 0.003263660 0.001092937 0.502971113 -0.003268923 0.999982953 0.004848372 -0.605829418 -0.001077095 -0.004851916 0.999987721 18.649353027
0.999995232 0.002957649 0.000803493 0.519629002 -0.002961563 0.999983549 0.004914743 -0.621596217 -0.000788944 -0.004917101 0.999987602 19.115106583
0.999995708 0.002887515 0.000485216 0.550831854 -0.002890109 0.999981046 0.005432925 -0.650167465 -0.000469518 -0.005434303 0.999985099 19.583410263
0.999994397 0.003331610 0.000411177 0.565445900 -0.003333970 0.999977112 0.005879354 -0.666867971 -0.000391580 -0.005880692 0.999982595 20.061313629
0.999996603 0.002611366 0.000246780 0.578104377 -0.002612720 0.999980569 0.005650877 -0.675801396 -0.000232018 -0.005651502 0.999983966 20.551410675
0.999996781 0.002509980 -0.000030859 0.593153536 -0.002509750 0.999978900 0.005995078 -0.708475709 0.000045906 -0.005994982 0.999981999 21.004009247
0.999995649 0.002907568 -0.000347100 0.598540246 -0.002905381 0.999976933 0.006142940 -0.716324568 0.000364953 -0.006141904 0.999981046 21.514232635
0.999994814 0.003151317 -0.000660268 0.602305591 -0.003147172 0.999975979 0.006189174 -0.735583782 0.000679757 -0.006187065 0.999980569 22.019756317
0.999994874 0.003088707 -0.000862216 0.612175107 -0.003083203 0.999975324 0.006312743 -0.751550078 0.000881694 -0.006310051 0.999979615 22.467195511
0.999995112 0.002714740 -0.001569241 0.624015510 -0.002705222 0.999978125 0.006035736 -0.758945107 0.001585592 -0.006031462 0.999980509 22.985424042
0.999993920 0.002833277 -0.002096188 0.628645003 -0.002819890 0.999975741 0.006362177 -0.774570823 0.002114163 -0.006356225 0.999977529 23.472805023
0.999994457 0.002062418 -0.002646958 0.638601899 -0.002045666 0.999977946 0.006316458 -0.791560948 0.002659927 -0.006311007 0.999976575 23.994653702
0.999992371 0.002808535 -0.002694753 0.645279169 -0.002790826 0.999974608 0.006552906 -0.808717847 0.002713089 -0.006545337 0.999974906 24.481267929
0.999988973 0.003624871 -0.002984276 0.661633551 -0.003603569 0.999968231 0.007112749 -0.829198360 0.003009964 -0.007101916 0.999970257 24.982309341
0.999985814 0.003730892 -0.003799331 0.667394161 -0.003702770 0.999965966 0.007381827 -0.838472486 0.003826742 -0.007367654 0.999965549 25.523408890
0.999985397 0.003534584 -0.004108354 0.676332712 -0.003505130 0.999968350 0.007154587 -0.848793149 0.004133511 -0.007140083 0.999966025 26.077713013
0.999985099 0.003502961 -0.004186528 0.686681867 -0.003469512 0.999962211 0.007970422 -0.871283412 0.004214290 -0.007955777 0.999959469 26.577621460
0.999981463 0.003273926 -0.005133536 0.703382611 -0.003230201 0.999958634 0.008502866 -0.893861413 0.005161162 -0.008486125 0.999950647 27.115962982
0.999976516 0.004225054 -0.005394765 0.701642454 -0.004182577 0.999960482 0.007860818 -0.896756768 0.005427763 -0.007838070 0.999954522 27.635194778
0.999974966 0.003891203 -0.005920785 0.712297976 -0.003843966 0.999960840 0.007968688 -0.907369733 0.005951561 -0.007945729 0.999950707 28.174661636
0.999974310 0.004427704 -0.005639575 0.707399607 -0.004381934 0.999957681 0.008102420 -0.920653343 0.005675212 -0.008077501 0.999951184 28.664081573
0.999973714 0.003894804 -0.006126886 0.715333700 -0.003845681 0.999960542 0.008009027 -0.931005001 0.006157837 -0.007985254 0.999949157 29.211299896
0.999972403 0.003929228 -0.006306384 0.722258031 -0.003874206 0.999954522 0.008713327 -0.950971365 0.006340334 -0.008688655 0.999942124 29.711650848
0.999971986 0.003774642 -0.006468277 0.734037519 -0.003716218 0.999952376 0.009020681 -0.965954781 0.006502020 -0.008996391 0.999938428 30.265924454
0.999965847 0.005124564 -0.006474649 0.731249571 -0.005069382 0.999950945 0.008510682 -0.976144433 0.006517944 -0.008477568 0.999942780 30.749322891
0.999964476 0.004889982 -0.006864708 0.752334774 -0.004833198 0.999954164 0.008264298 -0.989874244 0.006904806 -0.008230824 0.999942303 31.291778564
0.999962628 0.004794018 -0.007180855 0.763336182 -0.004735074 0.999955177 0.008203022 -1.007080317 0.007219858 -0.008168714 0.999940574 31.824920654
0.999965072 0.004636767 -0.006949512 0.744558036 -0.004573470 0.999948144 0.009096425 -1.018487215 0.006991329 -0.009064324 0.999934494 32.283100128
0.999962926 0.004391360 -0.007401449 0.754149199 -0.004323564 0.999948800 0.009151042 -1.035088301 0.007441255 -0.009118702 0.999930739 32.822822571
0.999961138 0.004255944 -0.007724502 0.765013099 -0.004182573 0.999946177 0.009489781 -1.050210834 0.007764474 -0.009457105 0.999925196 33.345043182
0.999960363 0.004937405 -0.007419300 0.765522599 -0.004869883 0.999946833 0.009091496 -1.052344441 0.007463794 -0.009055004 0.999931157 33.912738800
0.999958396 0.004408988 -0.007978306 0.785176754 -0.004332822 0.999945164 0.009538883 -1.070462823 0.008019924 -0.009503920 0.999922693 34.454910278
0.999958813 0.004952025 -0.007606500 0.760426402 -0.004874325 0.999936104 0.010199686 -1.119569659 0.007656523 -0.010162187 0.999919057 34.966758728
0.999959886 0.004435899 -0.007788801 0.770527005 -0.004357360 0.999939799 0.010071653 -1.129191637 0.007833009 -0.010037309 0.999918938 35.518882751
0.999958336 0.004907542 -0.007694380 0.778062344 -0.004833100 0.999941587 0.009663859 -1.135199785 0.007741358 -0.009626269 0.999923646 36.069950104
0.999955714 0.005023295 -0.007955381 0.759554505 -0.004940585 0.999933898 0.010382514 -1.162544966 0.008007008 -0.010342752 0.999914467 36.577823639
0.999953270 0.004775191 -0.008408000 0.770488262 -0.004686826 0.999933898 0.010498321 -1.176599622 0.008457575 -0.010458423 0.999909520 37.118564606
0.999952316 0.004722162 -0.008540840 0.780934155 -0.004633081 0.999934912 0.010419860 -1.183514237 0.008589488 -0.010379793 0.999909222 37.674564362
0.999951780 0.004897254 -0.008509306 0.774180055 -0.004809148 0.999934852 0.010343843 -1.197515249 0.008559408 -0.010302422 0.999910295 38.212612152
0.999949574 0.005323672 -0.008522803 0.816322923 -0.005239958 0.999938190 0.009814653 -1.183465481 0.008574527 -0.009769498 0.999915481 38.823886871
0.999949455 0.005124388 -0.008642909 0.799494743 -0.005026734 0.999923706 0.011282913 -1.252712369 0.008700067 -0.011238898 0.999898970 39.249111176
0.999950111 0.004688500 -0.008818096 0.812773645 -0.004587606 0.999924183 0.011427436 -1.267516851 0.008871004 -0.011386412 0.999895811 39.774665833
0.999951899 0.004439942 -0.008735740 0.817894816 -0.004339196 0.999924302 0.011518062 -1.279815435 0.008786217 -0.011479603 0.999895453 40.338600159
0.999951899 0.004847640 -0.008518296 0.829046309 -0.004747663 0.999920070 0.011718009 -1.284168124 0.008574420 -0.011677003 0.999895036 40.879035950
0.999947011 0.006048261 -0.008323740 0.840927422 -0.005956398 0.999921620 0.011017105 -1.295086741 0.008389722 -0.010966942 0.999904633 41.407974243
0.999947429 0.005084411 -0.008902886 0.834701419 -0.004979332 0.999918163 0.011785421 -1.321395636 0.008962081 -0.011740471 0.999890864 41.880615234
0.999946177 0.004786367 -0.009203110 0.847730517 -0.004677992 0.999919951 0.011761530 -1.330972195 0.009258669 -0.011717845 0.999888420 42.420791626
0.999948323 0.004961873 -0.008875597 0.839547396 -0.004856369 0.999917746 0.011869323 -1.343302250 0.008933761 -0.011825608 0.999890149 42.925392151
0.999949515 0.004998737 -0.008709546 0.842877626 -0.004896507 0.999919355 0.011719702 -1.350085139 0.008767427 -0.011676463 0.999893367 43.451362610
0.999948859 0.005517483 -0.008472197 0.843912303 -0.005419054 0.999917984 0.011597328 -1.360472918 0.008535491 -0.011550822 0.999896884 43.967185974
0.999948680 0.005911528 -0.008222097 0.850713253 -0.005817780 0.999918222 0.011379543 -1.371967554 0.008288695 -0.011331123 0.999901533 44.514354706
0.999949157 0.004897822 -0.008805785 0.861633897 -0.004792468 0.999917150 0.011945707 -1.385074258 0.008863563 -0.011902899 0.999889851 44.978466034
0.999949872 0.005611531 -0.008286353 0.867536783 -0.005515257 0.999917507 0.011595873 -1.387847662 0.008350743 -0.011549590 0.999898434 45.576114655
0.999944448 0.005304059 -0.009111240 0.882554471 -0.005192793 0.999912202 0.012192488 -1.412587881 0.009175111 -0.012144495 0.999884129 46.068820953
0.999945700 0.004825848 -0.009228325 0.881711006 -0.004709781 0.999910057 0.012557850 -1.426344872 0.009288096 -0.012513706 0.999878585 46.506988525
0.999944568 0.005807822 -0.008780903 0.902996600 -0.005700988 0.999909997 0.012143041 -1.431673408 0.008850638 -0.012092308 0.999887705 47.110378265
0.999945521 0.005096198 -0.009109903 0.895413458 -0.004982615 0.999910116 0.012447708 -1.443112612 0.009172521 -0.012401639 0.999881029 47.523738861
0.999946237 0.004889531 -0.009139895 0.904828787 -0.004778575 0.999915123 0.012122404 -1.450590730 0.009198392 -0.012078076 0.999884725 48.072463989
0.999944627 0.005111390 -0.009199371 0.903696716 -0.004994903 0.999907613 0.012641311 -1.462842941 0.009263135 -0.012594663 0.999877751 48.533420563
0.999944985 0.005210585 -0.009092106 0.923167229 -0.005094027 0.999905229 0.012796113 -1.470423818 0.009157918 -0.012749095 0.999876797 49.148056030
0.999945045 0.004931859 -0.009253532 0.904697657 -0.004811469 0.999904037 0.012987560 -1.487111688 0.009316698 -0.012942323 0.999872804 49.568016052
0.999942780 0.005328446 -0.009282025 0.907519460 -0.005210829 0.999906421 0.012649877 -1.490445495 0.009348560 -0.012600786 0.999876916 50.119239807
0.999945402 0.005137859 -0.009102203 0.911751807 -0.005016408 0.999898672 0.013316020 -1.508420587 0.009169697 -0.013269634 0.999869883 50.622165680
0.999946296 0.005265740 -0.008917307 0.918960452 -0.005147370 0.999899030 0.013245660 -1.519318581 0.008986156 -0.013199049 0.999872506 51.162147522
0.999945164 0.005166940 -0.009100530 0.929865658 -0.005045615 0.999898732 0.013304490 -1.524846792 0.009168353 -0.013257842 0.999870002 51.690505981
0.999944627 0.005565231 -0.008921766 0.934201956 -0.005447032 0.999897778 0.013218360 -1.532860756 0.008994419 -0.013169033 0.999872804 52.245094299
0.999947906 0.005815132 -0.008389344 0.933676183 -0.005705032 0.999898076 0.013088671 -1.541200638 0.008464601 -0.013040128 0.999879122 52.753837585
0.999942601 0.006026234 -0.008855263 0.947147012 -0.005906600 0.999891758 0.013474494 -1.548947096 0.008935506 -0.013421416 0.999870002 53.343158722
0.999949336 0.005891605 -0.008152400 0.942085147 -0.005783408 0.999895692 0.013232241 -1.558508873 0.008229510 -0.013184422 0.999879181 53.816268921
0.999948204 0.005775960 -0.008377777 0.953845859 -0.005663011 0.999893606 0.013443564 -1.572224379 0.008454534 -0.013395424 0.999874532 54.340019226
0.999947608 0.005554934 -0.008593613 0.961946905 -0.005437174 0.999891818 0.013666342 -1.576203108 0.008668601 -0.013618900 0.999869645 54.889163971
0.999951482 0.005052269 -0.008459926 0.969208896 -0.004933366 0.999889672 0.014017292 -1.591314912 0.008529812 -0.013974879 0.999865949 55.438888550
0.999953210 0.005593890 -0.007881205 0.964909673 -0.005485075 0.999890268 0.013761573 -1.601013422 0.007957321 -0.013717700 0.999874175 55.926429749
0.999949813 0.005772667 -0.008186240 0.968109012 -0.005660654 0.999890924 0.013640918 -1.588235497 0.008264093 -0.013593893 0.999873400 56.585906982
0.999951124 0.006033393 -0.007831967 0.975391388 -0.005926584 0.999890029 0.013590015 -1.622942448 0.007913101 -0.013542935 0.999876976 56.979988098
0.999953330 0.005652217 -0.007836617 0.982662976 -0.005543008 0.999888182 0.013887917 -1.632777452 0.007914239 -0.013843833 0.999872804 57.499000549
0.999952614 0.005534283 -0.008000555 0.995140374 -0.005423063 0.999889195 0.013856882 -1.644044161 0.008076357 -0.013812838 0.999871969 58.033638000
0.999953806 0.005789170 -0.007673905 1.004444599 -0.005680810 0.999884903 0.014068081 -1.657947779 0.007754464 -0.014023837 0.999871612 58.553195953
0.999951661 0.006448237 -0.007418247 1.002446771 -0.006345124 0.999884069 0.013840669 -1.649119020 0.007506636 -0.013792932 0.999876618 59.209629059
0.999955416 0.005702650 -0.007529254 1.028078914 -0.005596593 0.999885857 0.014032881 -1.677488804 0.007608419 -0.013990116 0.999873161 59.647434235
0.999954760 0.005407959 -0.007826565 1.032775879 -0.005294076 0.999880910 0.014499211 -1.678543329 0.007904043 -0.014457120 0.999864340 60.222606659
0.999954760 0.004629088 -0.008317233 1.037689447 -0.004506855 0.999882519 0.014655546 -1.691480160 0.008384097 -0.014617397 0.999858022 60.771156311
0.999951780 0.005057130 -0.008416627 1.056400061 -0.004934459 0.999882221 0.014532332 -1.699062705 0.008489127 -0.014490100 0.999859035 61.330265045
0.999951601 0.004697954 -0.008647092 1.033617735 -0.004575602 0.999889970 0.014115513 -1.692707777 0.008712453 -0.014075263 0.999862969 61.896530151
0.999951124 0.004554767 -0.008783882 1.043453217 -0.004424092 0.999880075 0.014839227 -1.741562128 0.008850418 -0.014799641 0.999851346 62.530078888
0.999953747 0.004555357 -0.008474803 1.087486744 -0.004432660 0.999885917 0.014440773 -1.743430853 0.008539617 -0.014402537 0.999859869 63.340766907
0.999947548 0.006112216 -0.008220406 1.142662287 -0.005986748 0.999866486 0.015201921 -1.829544306 0.008312226 -0.015151910 0.999850631 63.300365448
0.999946535 0.006563124 -0.007991537 1.162647247 -0.006446980 0.999874532 0.014473401 -1.743619919 0.008085525 -0.014421105 0.999863327 64.426704407
0.999949098 0.004407957 -0.009080112 1.173138380 -0.004258729 0.999856591 0.016388949 -1.851569772 0.009151053 -0.016349442 0.999824524 64.409454346
0.999947309 0.005555508 -0.008633341 1.175632954 -0.005416191 0.999856055 0.016077423 -1.861657619 0.008721417 -0.016029816 0.999833524 64.940269470
0.999949157 0.006366170 -0.007818995 1.147439003 -0.006245413 0.999862313 0.015372545 -1.878495574 0.007915785 -0.015322930 0.999851227 65.602996826
0.999948621 0.005357431 -0.008602850 1.210632086 -0.005227655 0.999873340 0.015037526 -1.842556715 0.008682323 -0.014991784 0.999849916 66.103851318
0.999947131 0.006791705 -0.007713752 1.173112154 -0.006673137 0.999860704 0.015294272 -1.911411643 0.007816553 -0.015241988 0.999853253 66.628250122
0.999946654 0.007186252 -0.007421560 1.162641048 -0.007074704 0.999863267 0.014948638 -1.900614381 0.007527970 -0.014895335 0.999860644 67.263847351
0.999949872 0.006075420 -0.007949204 1.195613384 -0.005947311 0.999853730 0.016041413 -1.932757735 0.008045499 -0.015993336 0.999839664 67.809494019
0.999952555 0.006014244 -0.007664734 1.198432207 -0.005892249 0.999857128 0.015840838 -1.894619942 0.007758908 -0.015794924 0.999845147 68.474296570
0.999949396 0.005542046 -0.008391963 1.225952387 -0.005409196 0.999860942 0.015771484 -1.944199204 0.008478205 -0.015725292 0.999840379 68.895408630
0.999944687 0.006216349 -0.008483961 1.236815214 -0.006079447 0.999852419 0.016068112 -1.958510995 0.008582595 -0.016015645 0.999834836 69.455398560
0.999949455 0.006036104 -0.008036229 1.239011049 -0.005908761 0.999858081 0.015776621 -1.966761231 0.008130317 -0.015728340 0.999843240 70.006813049
0.999950886 0.005973305 -0.007905798 1.250344515 -0.005847428 0.999857187 0.015850591 -1.934479237 0.007999350 -0.015803581 0.999843121 70.578414917
0.999942422 0.006642150 -0.008426771 1.259336710 -0.006509235 0.999855518 0.015703455 -1.984019399 0.008529858 -0.015647696 0.999841213 71.099250793
0.999949157 0.006501880 -0.007700537 1.265568972 -0.006376017 0.999847531 0.016257791 -2.005138397 0.007805069 -0.016207866 0.999838173 71.679527283
0.999945164 0.006664740 -0.008077249 1.273619890 -0.006537502 0.999855697 0.015678097 -1.990434170 0.008180574 -0.015624430 0.999844491 72.180381775
0.999949515 0.006163808 -0.007938754 1.285035372 -0.006031783 0.999844730 0.016548550 -2.021558762 0.008039523 -0.016499827 0.999831557 72.778274536
0.999951541 0.005597619 -0.008109697 1.293081522 -0.005462762 0.999847889 0.016556926 -2.026998997 0.008201145 -0.016511820 0.999830008 73.320579529
0.999948740 0.006109666 -0.008072786 1.321818590 -0.005977664 0.999849617 0.016275607 -2.045541048 0.008171011 -0.016226515 0.999834955 73.907493591
0.999948561 0.005892304 -0.008254607 1.311672926 -0.005762322 0.999860466 0.015682815 -2.029449463 0.008345862 -0.015634444 0.999842942 74.391876221
0.999950826 0.004923292 -0.008609785 1.324662209 -0.004776514 0.999844253 0.016986022 -2.051161051 0.008692071 -0.016944062 0.999818683 74.913146973
0.999947131 0.006692644 -0.007800636 1.339781523 -0.006563925 0.999843776 0.016411591 -2.069774151 0.007909254 -0.016359523 0.999834895 75.550918579
0.999947786 0.006206192 -0.008123391 1.348038554 -0.006071880 0.999846101 0.016455607 -2.076014757 0.008224268 -0.016405422 0.999831617 76.081535339
0.999946058 0.007134187 -0.007551473 1.338170767 -0.007007420 0.999836266 0.016682604 -2.078271866 0.007669253 -0.016628789 0.999832273 76.638755798
0.999948323 0.007470642 -0.006888940 1.339924097 -0.007357651 0.999840319 0.016283929 -2.078921795 0.007009492 -0.016232399 0.999843657 77.185653687
0.999953032 0.006194341 -0.007453734 1.353421688 -0.006072059 0.999848425 0.016317669 -2.090514660 0.007553680 -0.016271643 0.999839008 77.768043518
0.999952197 0.006645263 -0.007174542 1.357282996 -0.006527390 0.999845386 0.016329478 -2.097390890 0.007281946 -0.016281867 0.999840915 78.332817078
0.999952734 0.006722675 -0.007026558 1.358066559 -0.006608570 0.999847949 0.016137905 -2.106636286 0.007133980 -0.016090710 0.999845028 78.892089844
0.999954820 0.006908334 -0.006527947 1.362114668 -0.006801565 0.999845028 0.016238688 -2.111479998 0.006639117 -0.016193556 0.999846756 79.459846497
0.999962747 0.006688514 -0.005455606 1.371981025 -0.006601766 0.999853909 0.015766663 -2.115959644 0.005560263 -0.015730059 0.999860823 80.021919250
0.999968529 0.006701947 -0.004274126 1.379883409 -0.006633168 0.999851465 0.015908085 -2.124937057 0.004380106 -0.015879231 0.999864340 80.605918884
0.999974191 0.006707914 -0.002566777 1.392232418 -0.006666466 0.999852479 0.015829260 -2.128095388 0.002672580 -0.015811741 0.999871373 81.174346924
0.999975264 0.006968786 0.000961851 1.407185793 -0.006983047 0.999852121 0.015719296 -2.132394791 -0.000852164 -0.015725622 0.999875963 81.725013733
0.999970853 0.006199248 0.004461476 1.421897173 -0.006269715 0.999853015 0.015957801 -2.144051790 -0.004361893 -0.015985308 0.999862731 82.306304932
0.999945343 0.006891164 0.007861434 1.437184095 -0.007017362 0.999845147 0.016139852 -2.155580044 -0.007748996 -0.016194135 0.999838829 82.878593445
0.999882698 0.007833267 0.013166083 1.450041413 -0.008038220 0.999846220 0.015586560 -2.156665802 -0.013041964 -0.015690560 0.999791801 83.441955566
0.999787390 0.007775674 0.019093160 1.477045774 -0.008083484 0.999837756 0.016097629 -2.171329498 -0.018964889 -0.016248547 0.999688089 84.034400940
0.999652982 0.007804889 0.025158383 1.510843277 -0.008220172 0.999830961 0.016445804 -2.178545713 -0.025025774 -0.016646901 0.999548197 84.543449402
0.999507904 0.007305395 0.030506251 1.546359897 -0.007786070 0.999846816 0.015667632 -2.185239553 -0.030387130 -0.015897445 0.999411762 85.156654358
0.999227643 0.007672753 0.038538653 1.582914233 -0.008271292 0.999847293 0.015395491 -2.187151909 -0.038414650 -0.015702365 0.999138474 85.743995667
0.998900354 0.007246626 0.046319786 1.634953976 -0.007963750 0.999850988 0.015316260 -2.198441505 -0.046201892 -0.015668297 0.998809218 86.296249390
0.998570323 0.006825331 0.053015228 1.682353735 -0.007655779 0.999850929 0.015477090 -2.206300735 -0.052901693 -0.015860837 0.998473763 86.853202820
0.998053491 0.006818858 0.061989728 1.732635736 -0.007766085 0.999856532 0.015052322 -2.210378170 -0.061878208 -0.015504441 0.997963250 87.424613953
0.997352600 0.006903052 0.072389103 1.792676449 -0.008008945 0.999855399 0.014997939 -2.218697548 -0.072275117 -0.015537993 0.997263610 87.990341187
0.996697545 0.006722449 0.080923401 1.857240677 -0.007945425 0.999858916 0.014800244 -2.224881649 -0.080812469 -0.015394337 0.996610463 88.555870056
0.996016920 0.006440161 0.088931777 1.919071198 -0.007774665 0.999862194 0.014667707 -2.229846954 -0.088825069 -0.015300700 0.995929658 89.120559692
0.995001078 0.006590724 0.099646762 1.997777939 -0.008122821 0.999854803 0.014977388 -2.244494915 -0.099533573 -0.015711928 0.994910121 89.660255432
0.993875325 0.006151842 0.110335812 2.070917130 -0.007861989 0.999855518 0.015071116 -2.251945972 -0.110227153 -0.015846269 0.993780077 90.218849182
0.992808402 0.005908624 0.119567730 2.156990051 -0.007701836 0.999864578 0.014540916 -2.256826401 -0.119465627 -0.015357236 0.992719471 90.770477295
0.991492689 0.005096465 0.130062297 2.258208275 -0.007023844 0.999872148 0.014364492 -2.260798931 -0.129972473 -0.015155826 0.991401792 91.317192078
0.989764094 0.005490839 0.142607272 2.353301048 -0.007634245 0.999865830 0.014487333 -2.275162935 -0.142508611 -0.015427738 0.989673316 91.853553772
0.988197505 0.005093357 0.153100535 2.466344833 -0.007384088 0.999869108 0.014397388 -2.285739422 -0.153007165 -0.015357971 0.988105714 92.405105591
0.986494958 0.004873822 0.163718849 2.573236465 -0.007319880 0.999870360 0.014340659 -2.290123463 -0.163627714 -0.015345388 0.986402810 92.963325500
0.984245300 0.004344141 0.176754892 2.697351456 -0.006961902 0.999875069 0.014192658 -2.298870087 -0.176671118 -0.015199607 0.984152555 93.511901855
0.982040882 0.003624673 0.188633546 2.825165749 -0.006367740 0.999882579 0.013937782 -2.304524899 -0.188560903 -0.014888640 0.981948614 94.061782837
0.980003297 0.003400107 0.198952094 2.951893806 -0.006316659 0.999881625 0.014026701 -2.312358618 -0.198880836 -0.015002924 0.979908824 94.606971741
0.977215946 0.003570765 0.212217480 3.092458725 -0.006632573 0.999883831 0.013717557 -2.318833351 -0.212143838 -0.014812564 0.977126122 95.157402039
0.974252880 0.002718719 0.225441366 3.246212006 -0.005977422 0.999887228 0.013773461 -2.328345060 -0.225378484 -0.014766394 0.974159360 95.693450928
0.971615434 0.002474225 0.236553088 3.397018433 -0.005895035 0.999888003 0.013754879 -2.338338375 -0.236492574 -0.014758940 0.971521199 96.234344482
0.968599141 0.002000255 0.248619258 3.561368942 -0.005503711 0.999895096 0.013397375 -2.345367193 -0.248566389 -0.014345016 0.968508542 96.775794983
0.964833856 0.002195512 0.262851268 3.726665497 -0.005936971 0.999892056 0.013440738 -2.349504948 -0.262793392 -0.014528621 0.964742661 97.323905945
0.961367607 0.002110041 0.275259525 3.899677277 -0.006061138 0.999890447 0.013504252 -2.359848022 -0.275200874 -0.014650935 0.961275101 97.848762512
0.958068371 0.001489132 0.286535859 4.094337463 -0.005504346 0.999897599 0.013207983 -2.366139412 -0.286486804 -0.014231344 0.957978487 98.423667908
0.953841567 0.001184502 0.300307810 4.285261154 -0.005372575 0.999899566 0.013120546 -2.374625206 -0.300262123 -0.014128350 0.953752100 98.943199158
0.949313641 0.001011825 0.314328760 4.499008179 -0.005441479 0.999897838 0.013215300 -2.385606050 -0.314283371 -0.014255875 0.949222207 99.536224365
0.945400655 0.001114010 0.325908452 4.701717377 -0.005679646 0.999898612 0.013057790 -2.390129805 -0.325860858 -0.014195889 0.945311129 100.079940796
0.940973580 0.000564580 0.338479429 4.924766541 -0.005338420 0.999898970 0.013173002 -2.401924133 -0.338437766 -0.014202393 0.940881610 100.613319397
0.935830116 0.000223805 0.352451324 5.146379471 -0.005121518 0.999902844 0.012963742 -2.410161734 -0.352414191 -0.013936946 0.935740352 101.133316040
0.931181312 -0.000521941 0.364555836 5.382785797 -0.004485243 0.999906898 0.012888195 -2.415443897 -0.364528686 -0.013636369 0.931092203 101.676406860
0.927086413 -0.001355352 0.374845535 5.619497299 -0.003607967 0.999914885 0.012538853 -2.419608116 -0.374830663 -0.012977029 0.927002490 102.199569702
0.921437562 -0.001084178 0.388524830 5.860261917 -0.003996125 0.999916792 0.012267603 -2.419734001 -0.388505816 -0.012856422 0.921356559 102.727867126
0.915689170 -0.001927807 0.401882529 6.106948853 -0.003234361 0.999920785 0.012166052 -2.424935341 -0.401874155 -0.012440155 0.915610433 103.239120483
0.911190212 -0.003463305 0.411971211 6.364547729 -0.001715024 0.999924183 0.012199289 -2.435188293 -0.411982208 -0.011822414 0.911115170 103.735580444
0.904274523 -0.002526863 0.426943839 6.635101318 -0.002789718 0.999926150 0.011826722 -2.431330204 -0.426942259 -0.011885658 0.904200733 104.279556274
0.897454441 -0.003043408 0.441096663 6.908027649 -0.002384528 0.999928117 0.011750701 -2.438093185 -0.441100717 -0.011597525 0.897382677 104.783859253
0.891514719 -0.004012298 0.452973843 7.192237854 -0.001433910 0.999930739 0.011679198 -2.445268154 -0.452989370 -0.011061701 0.891447186 105.293334961
0.885838926 -0.004378215 0.463972270 7.475410461 -0.001022551 0.999934614 0.011388062 -2.448527813 -0.463991791 -0.010562423 0.885776520 105.795837402
0.878799617 -0.005340358 0.477161109 7.775398254 -0.000057845 0.999936163 0.011297761 -2.455821514 -0.477190942 -0.009956069 0.878743351 106.296989441
0.871824205 -0.006078269 0.489781141 8.073825836 0.000695537 0.999937296 0.011171322 -2.460672379 -0.489818364 -0.009398768 0.871773839 106.787132263
0.865893662 -0.006616191 0.500184178 8.378044128 0.001397426 0.999940634 0.010807568 -2.465506554 -0.500225961 -0.008659235 0.865851521 107.281051636
