1.000000000 0.000000000 0.000000000 0.000000000 0.000000000 1.000000000 0.000000000 0.000000000 0.000000000 0.000000000 1.000000000 0.000000000
1.000000000 0.000146519 0.000028144 -0.000155309 -0.000146519 1.000000000 -0.000008907 0.000317211 -0.000028145 0.000008903 1.000000000 0.000247387
1.000000000 0.000098862 0.000048717 -0.000683585 -0.000098867 1.000000000 0.000101624 -0.000762368 -0.000048706 -0.000101629 1.000000000 -0.000612641
1.000000000 -0.000025162 0.000072691 -0.000201467 0.000025161 1.000000000 0.000014648 0.000285886 -0.000072691 -0.000014646 1.000000000 0.000361637
1.000000000 -0.000025986 0.000118399 -0.000547687 0.000025980 1.000000000 0.000054337 -0.000026049 -0.000118400 -0.000054334 1.000000000 0.000098274
1.000000000 0.000034520 0.000166611 -0.001310412 -0.000034520 1.000000000 0.000005524 0.000357394 -0.000166611 -0.000005530 1.000000000 -0.000027462
1.000000000 -0.000068587 0.000093065 -0.000647944 0.000068584 1.000000000 0.000030633 -0.000064412 -0.000093067 -0.000030627 1.000000000 -0.000240512
1.000000000 0.000026332 0.000110924 -0.000791071 -0.000026344 1.000000000 0.000107397 -0.000798863 -0.000110921 -0.000107400 1.000000000 -0.000567123
1.000000000 0.000039089 0.000038580 -0.000791620 -0.000039087 1.000000000 -0.000042533 0.000102631 -0.000038582 0.000042531 1.000000000 0.000203243
1.000000000 -0.000004080 0.000054779 -0.000078947 0.000004075 1.000000000 0.000082721 -0.001429966 -0.000054779 -0.000082721 1.000000000 -0.000273233
1.000000000 0.000121028 0.000096566 -0.001044342 -0.000121040 1.000000000 0.000125962 -0.001108461 -0.000096551 -0.000125974 1.000000000 -0.000069596
1.000000000 0.000066433 0.000070974 0.000181386 -0.000066435 1.000000000 0.000024151 0.000278092 -0.000070972 -0.000024156 1.000000000 0.001093564
1.000000000 0.000087898 0.000019145 -0.000328041 -0.000087898 1.000000000 -0.000008135 -0.000847305 -0.000019146 0.000008134 1.000000000 -0.000702697
1.000000000 0.000068383 0.000057334 -0.001027602 -0.000068383 1.000000000 -0.000002146 0.000683072 -0.000057334 0.000002143 1.000000000 0.000359377
1.000000000 0.000044565 0.000083065 -0.001812231 -0.000044562 1.000000000 -0.000034518 0.000636421 -0.000083066 0.000034515 1.000000000 -0.000105533
1.000000000 0.000094216 0.000031832 -0.000118376 -0.000094214 1.000000000 -0.000063485 0.001854421 -0.000031838 0.000063482 1.000000000 0.001936875
1.000000000 0.000121979 0.000119980 -0.001078214 -0.000121970 1.000000000 -0.000069264 0.001427406 -0.000119989 0.000069250 1.000000000 0.002243106
1.000000000 0.000151785 0.000113960 -0.001569670 -0.000151778 1.000000000 -0.000066676 0.000966214 -0.000113970 0.000066659 1.000000000 0.001246091
0.999999940 0.000236049 0.000146034 -0.001981699 -0.000236041 1.000000000 -0.000054092 0.001756648 -0.000146047 0.000054058 1.000000000 0.002202807
0.999999702 0.000675812 -0.000208949 -0.001574779 -0.000675831 0.999999762 -0.000093516 0.001759683 0.000208886 0.000093657 1.000000000 0.002195752
0.999999762 0.000621062 -0.000204581 -0.001943096 -0.000621074 0.999999821 -0.000060415 0.001377520 0.000204543 0.000060542 1.000000000 0.002147634
0.999999762 0.000614201 -0.000255197 -0.001770245 -0.000614215 0.999999821 -0.000057047 0.001464618 0.000255162 0.000057204 1.000000000 0.001940287
0.999999762 0.000624851 -0.000253063 -0.001212176 -0.000624874 0.999999821 -0.000091082 0.001931294 0.000253006 0.000091240 1.000000000 0.002646277
0.999999762 0.000624126 -0.000287219 -0.001251687 -0.000624155 0.999999821 -0.000098165 0.002306277 0.000287158 0.000098344 1.000000000 0.002666584
0.999999642 0.000734864 -0.000298677 -0.001572907 -0.000734877 0.999999702 -0.000043818 0.001921446 0.000298645 0.000044037 1.000000000 0.002849227
0.999999642 0.000804756 -0.000224156 -0.001821883 -0.000804758 0.999999702 -0.000008349 0.001414059 0.000224149 0.000008529 1.000000000 0.002065118
0.999999821 0.000630353 -0.000186383 -0.001774264 -0.000630358 0.999999821 -0.000027515 0.002271169 0.000186365 0.000027632 1.000000000 0.002922140
0.999999762 0.000657617 -0.000214197 -0.001642871 -0.000657617 0.999999762 0.000001932 0.001276822 0.000214198 -0.000001791 1.000000000 0.002218843
0.999999762 0.000685927 -0.000235476 -0.001689213 -0.000685944 0.999999762 -0.000069165 0.002378835 0.000235428 0.000069326 1.000000000 0.002704969
0.999999762 0.000688855 -0.000253516 -0.001598006 -0.000688872 0.999999762 -0.000065728 0.002360390 0.000253470 0.000065903 1.000000000 0.002155900
0.999999762 0.000674253 -0.000172927 -0.001507003 -0.000674251 0.999999762 0.000009468 0.001422407 0.000172933 -0.000009351 1.000000000 0.002824005
0.999999821 0.000566246 -0.000184362 -0.001497579 -0.000566266 0.999999821 -0.000106033 0.002667699 0.000184302 0.000106137 1.000000000 0.003529615
0.999999762 0.000662204 -0.000303751 -0.000841467 -0.000662257 0.999999762 -0.000175197 0.002748401 0.000303635 0.000175398 1.000000000 0.003033140
0.999999702 0.000682596 -0.000214739 -0.001471969 -0.000682607 0.999999762 -0.000051744 0.001682323 0.000214703 0.000051890 1.000000000 0.001856367
0.999999702 0.000724820 -0.000174665 -0.002419734 -0.000724835 0.999999702 -0.000088576 0.001805275 0.000174601 0.000088702 1.000000000 0.002236731
0.999999762 0.000707732 -0.000180860 -0.001497890 -0.000707745 0.999999762 -0.000070126 0.001535645 0.000180810 0.000070254 1.000000000 0.002049091
0.999999762 0.000652904 -0.000199285 -0.001625408 -0.000652912 0.999999762 -0.000040090 0.001757313 0.000199259 0.000040220 1.000000000 0.002301148
0.999999762 0.000662114 -0.000256529 -0.001607569 -0.000662129 0.999999762 -0.000058700 0.002290189 0.000256490 0.000058870 1.000000000 0.002254100
0.999999762 0.000719712 -0.000172824 -0.002017951 -0.000719726 0.999999762 -0.000079501 0.002063112 0.000172766 0.000079625 1.000000000 0.002328784
0.999999762 0.000667368 -0.000249481 -0.000973071 -0.000667387 0.999999762 -0.000076341 0.002499347 0.000249430 0.000076508 1.000000000 0.002891257
0.999999762 0.000563002 -0.000283384 -0.000501060 -0.000563032 0.999999821 -0.000105719 0.001691164 0.000283325 0.000105879 1.000000000 0.002739789
0.999999642 0.000838335 -0.000177356 0.000023584 -0.000838446 0.999999464 -0.000630933 -0.001842300 0.000176827 0.000631082 0.999999762 0.048780501
0.999999940 0.000104942 0.000192334 0.001315589 -0.000104784 0.999999583 -0.000819177 -0.005673002 -0.000192420 0.000819157 0.999999642 0.140086606
0.999999940 0.000168659 0.000237853 0.002518254 -0.000168414 0.999999464 -0.001031374 -0.008535272 -0.000238027 0.001031334 0.999999464 0.251739055
0.999999881 0.000201891 0.000200528 0.006850510 -0.000201688 0.999999404 -0.001014901 -0.010871617 -0.000200733 0.001014860 0.999999464 0.381814897
0.999999881 0.000015713 0.000114210 0.009658288 -0.000015607 0.999999583 -0.000925691 -0.015318363 -0.000114225 0.000925689 0.999999523 0.523039281
0.999999881 0.000276617 0.000380150 0.008281908 -0.000276398 0.999999821 -0.000576092 -0.025004722 -0.000380309 0.000575987 0.999999762 0.674429953
0.999999881 0.000140916 0.000441041 0.013048874 -0.000140815 1.000000000 -0.000227349 -0.027579470 -0.000441073 0.000227286 0.999999881 0.841901064
0.999999881 -0.000336221 0.000413761 0.014531447 0.000336327 0.999999821 -0.000257052 -0.033621669 -0.000413674 0.000257191 0.999999821 1.014699459
0.999999881 -0.000297632 0.000450166 0.016560132 0.000297728 0.999999881 -0.000213377 -0.037272710 -0.000450103 0.000213511 0.999999881 1.188923120
0.999999821 0.000386246 0.000493721 0.020523135 -0.000386116 0.999999881 -0.000263855 -0.040773399 -0.000493823 0.000263664 0.999999821 1.375373244
0.999999881 -0.000048277 0.000535957 0.025162123 0.000048232 1.000000000 0.000083983 -0.051543135 -0.000535961 -0.000083958 0.999999881 1.553265452
0.999999642 -0.000337669 0.000819142 0.028300319 0.000337405 0.999999940 0.000322165 -0.059281811 -0.000819251 -0.000321888 0.999999583 1.750210643
0.999999642 0.000245753 0.000703175 0.030118987 -0.000245971 0.999999940 0.000309389 -0.059693199 -0.000703099 -0.000309562 0.999999702 1.945184469
0.999999821 -0.000055428 0.000470147 0.037527189 0.000055140 0.999999821 0.000613105 -0.069923371 -0.000470181 -0.000613079 0.999999702 2.158309937
0.999999881 0.000162500 0.000469669 0.043286208 -0.000162682 0.999999881 0.000386041 -0.072202504 -0.000469607 -0.000386118 0.999999821 2.378587008
0.999999583 0.000662714 0.000671133 0.046484120 -0.000662827 0.999999762 0.000167949 -0.077845708 -0.000671022 -0.000168394 0.999999762 2.601861000
0.999999523 0.000299598 0.000894487 0.049579285 -0.000299915 0.999999881 0.000355102 -0.085559532 -0.000894380 -0.000355370 0.999999464 2.833256960
0.999999344 0.000278576 0.001128457 0.051192071 -0.000278957 0.999999881 0.000337731 -0.091937445 -0.001128363 -0.000338046 0.999999285 3.071402311
0.999999344 0.000770758 0.000854115 0.059655856 -0.000771307 0.999999464 0.000642352 -0.100033566 -0.000853620 -0.000643010 0.999999404 3.309031725
0.999999285 0.000527549 0.000993019 0.064624898 -0.000527970 0.999999702 0.000423629 -0.106855765 -0.000992795 -0.000424153 0.999999404 3.556885958
0.999999464 0.000439624 0.000968563 0.068598665 -0.000440397 0.999999583 0.000798466 -0.117055662 -0.000968212 -0.000798892 0.999999225 3.807116032
0.999999225 0.000544913 0.001040782 0.074717753 -0.000545762 0.999999523 0.000816417 -0.123325057 -0.001040336 -0.000816984 0.999999046 4.060391903
0.999999404 0.000488625 0.000974509 0.082167491 -0.000489381 0.999999642 0.000775640 -0.129043102 -0.000974129 -0.000776117 0.999999166 4.316597939
0.999998569 0.000715082 0.001519929 0.081880279 -0.000716956 0.999998987 0.001232205 -0.140010908 -0.001519046 -0.001233293 0.999998093 4.574303150
0.999998868 0.000726927 0.001321907 0.088766351 -0.000727829 0.999999523 0.000681777 -0.140510470 -0.001321411 -0.000682739 0.999998868 4.826971054
0.999998331 0.001216838 0.001383181 0.095577620 -0.001217780 0.999999046 0.000680775 -0.146232903 -0.001382352 -0.000682458 0.999998808 5.085816383
0.999997795 0.001152024 0.001740533 0.101080671 -0.001153653 0.999999046 0.000935024 -0.158837035 -0.001739454 -0.000937030 0.999998033 5.337758064
0.999997139 0.001394653 0.001949117 0.100057036 -0.001396119 0.999998748 0.000751173 -0.163897544 -0.001948067 -0.000753892 0.999997795 5.610593796
0.999997020 0.001199756 0.002115319 0.104151927 -0.001201452 0.999998987 0.000800865 -0.169558465 -0.002114356 -0.000803404 0.999997377 5.876799583
0.999997377 0.001420795 0.001846624 0.115521960 -0.001422518 0.999998569 0.000931804 -0.180116206 -0.001845297 -0.000934428 0.999997854 6.154381275
0.999996483 0.001660672 0.002036784 0.119768009 -0.001662497 0.999998212 0.000894576 -0.185883731 -0.002035294 -0.000897959 0.999997556 6.442404270
0.999996006 0.001775529 0.002211388 0.123247154 -0.001777322 0.999998033 0.000808994 -0.192012057 -0.002209947 -0.000812921 0.999997139 6.735887527
0.999997020 0.001485026 0.001942397 0.132608324 -0.001486109 0.999998748 0.000556036 -0.198583022 -0.001941569 -0.000558921 0.999997973 7.035378456
0.999996305 0.001854873 0.001992589 0.145416811 -0.001856704 0.999997854 0.000917542 -0.210591316 -0.001990883 -0.000921238 0.999997616 7.323122025
0.999997020 0.001572771 0.001828346 0.152162984 -0.001574598 0.999998212 0.000998549 -0.220043316 -0.001826773 -0.001001425 0.999997854 7.629530907
0.999997735 0.001287757 0.001663490 0.160889819 -0.001289774 0.999998450 0.001211964 -0.232560724 -0.001661927 -0.001214107 0.999997854 7.947898388
0.999996185 0.001648587 0.002203821 0.155531690 -0.001650636 0.999998152 0.000928380 -0.239958763 -0.002202286 -0.000932015 0.999997139 8.265147209
0.999995887 0.001836620 0.002201854 0.162948221 -0.001838947 0.999997735 0.001055492 -0.250167191 -0.002199910 -0.001059537 0.999996960 8.585549355
0.999996364 0.001743105 0.002038372 0.177609146 -0.001745314 0.999997914 0.001082382 -0.258777559 -0.002036480 -0.001085936 0.999997318 8.918109894
0.999997675 0.001566599 0.001482768 0.189856812 -0.001568340 0.999998093 0.001173304 -0.271733254 -0.001480927 -0.001175627 0.999998152 9.249405861
0.999994993 0.002158963 0.002280318 0.191572919 -0.002161948 0.999996781 0.001307456 -0.286574125 -0.002277488 -0.001312379 0.999996543 9.588573456
0.999996006 0.002026842 0.001960712 0.204978645 -0.002030168 0.999996424 0.001696130 -0.298160672 -0.001957268 -0.001700104 0.999996662 9.934821129
0.999995887 0.001874478 0.002169969 0.208454758 -0.001877511 0.999997258 0.001396470 -0.308700353 -0.002167346 -0.001400539 0.999996662 10.300508499
0.999995053 0.002230358 0.002207100 0.213025987 -0.002233618 0.999996424 0.001475467 -0.323159069 -0.002203801 -0.001480389 0.999996483 10.658109665
0.999994874 0.002417989 0.002095503 0.219939500 -0.002420862 0.999996126 0.001369912 -0.331299186 -0.002092182 -0.001374978 0.999996901 11.023715019
0.999996603 0.001721165 0.002015969 0.232163519 -0.001724131 0.999997377 0.001470494 -0.339764953 -0.002013433 -0.001473964 0.999996901 11.416198730
0.999995589 0.002031497 0.002149099 0.238838628 -0.002034275 0.999997079 0.001291329 -0.348425448 -0.002146469 -0.001295695 0.999996901 11.794088364
0.999996305 0.001843569 0.002011042 0.251390696 -0.001846869 0.999997079 0.001640212 -0.364558995 -0.002008012 -0.001643920 0.999996662 12.185161591
0.999995053 0.001878493 0.002537636 0.260715663 -0.001882885 0.999996781 0.001729758 -0.376082152 -0.002534378 -0.001734527 0.999995351 12.573107719
0.999993145 0.002662664 0.002580325 0.260624498 -0.002667727 0.999994516 0.001960443 -0.382075995 -0.002575091 -0.001967313 0.999994755 12.985795021
0.999994695 0.002049935 0.002524496 0.273706347 -0.002054981 0.999995887 0.001997890 -0.397575796 -0.002520390 -0.002003068 0.999994814 13.383416176
0.999994218 0.002052172 0.002682335 0.281152964 -0.002057235 0.999996126 0.001886190 -0.408744901 -0.002678454 -0.001891698 0.999994576 13.793534279
0.999994993 0.001840934 0.002584584 0.292271405 -0.001845757 0.999996543 0.001865223 -0.416729301 -0.002581142 -0.001869985 0.999994934 14.206179619
0.999992490 0.002511990 0.002958932 0.298348010 -0.002516948 0.999995410 0.001672927 -0.431625396 -0.002954716 -0.001680361 0.999994159 14.628746033
0.999992371 0.002317307 0.003135585 0.303201079 -0.002323272 0.999995470 0.001900109 -0.442614347 -0.003131167 -0.001907379 0.999993205 15.064965248
0.999989867 0.002903849 0.003442021 0.317181170 -0.002911349 0.999993384 0.002175780 -0.461482048 -0.003435680 -0.002185779 0.999991715 15.496075630
0.999990344 0.002313546 0.003724548 0.324787498 -0.002321912 0.999994934 0.002243364 -0.473818898 -0.003719338 -0.002251990 0.999990523 15.927881241
0.999988496 0.002582750 0.004042658 0.337378830 -0.002590972 0.999994576 0.002029769 -0.486141324 -0.004037394 -0.002040220 0.999989748 16.360286713
0.999983251 0.003510900 0.004599137 0.343701720 -0.003519820 0.999991953 0.001932815 -0.497270614 -0.004592314 -0.001948971 0.999987543 16.807893753
0.999987721 0.002352199 0.004393168 0.358488292 -0.002362023 0.999994695 0.002232449 -0.510477304 -0.004387894 -0.002242798 0.999987841 17.274845123
0.999983132 0.002751473 0.005113358 0.363056123 -0.002764242 0.999993145 0.002491842 -0.522372544 -0.005106466 -0.002505935 0.999983847 17.722150803
0.999984682 0.002350278 0.005009559 0.374430358 -0.002360676 0.999995053 0.002070832 -0.533053279 -0.005004668 -0.002082627 0.999985278 18.200614929
0.999984324 0.002400716 0.005053883 0.387828737 -0.002411015 0.999994993 0.002032812 -0.544805646 -0.005048978 -0.002044965 0.999985218 18.668115616
0.999983013 0.002238500 0.005368772 0.400288045 -0.002248661 0.999995649 0.001887219 -0.552963912 -0.005364525 -0.001899260 0.999983788 19.146814346
0.999982238 0.003160392 0.005051887 0.418266267 -0.003169972 0.999993145 0.001889459 -0.566257656 -0.005045881 -0.001905439 0.999985516 19.641368866
0.999981582 0.001951039 0.005739644 0.422764540 -0.001964850 0.999995112 0.002401694 -0.583279312 -0.005734930 -0.002412928 0.999980569 20.116003036
0.999982476 0.001942220 0.005594524 0.434542775 -0.001953136 0.999996185 0.001946596 -0.593988419 -0.005590723 -0.001957489 0.999982417 20.611032486
0.999983549 0.002398714 0.005206242 0.445893466 -0.002408448 0.999995410 0.001864285 -0.602579117 -0.005201747 -0.001876793 0.999984741 21.121164322
0.999984562 0.002517574 0.004949394 0.456293076 -0.002526273 0.999995291 0.001752230 -0.614363968 -0.004944960 -0.001764706 0.999986172 21.625705719
0.999987900 0.002379118 0.004303392 0.473016858 -0.002385226 0.999996126 0.001414813 -0.627656758 -0.004300009 -0.001425061 0.999989748 22.136636734
0.999987960 0.002564044 0.004185776 0.484442532 -0.002572566 0.999994636 0.002031818 -0.645845473 -0.004180544 -0.002042561 0.999989152 22.636442184
0.999988794 0.002536773 0.003978887 0.491782427 -0.002545730 0.999994159 0.002247701 -0.664133191 -0.003973161 -0.002257805 0.999989510 23.155292511
0.999990642 0.002638758 0.003470334 0.502125800 -0.002647416 0.999993384 0.002492660 -0.680978179 -0.003463734 -0.002501824 0.999990880 23.670612335
0.999995053 0.001574824 0.002725748 0.517328680 -0.001580205 0.999996781 0.001973195 -0.695492685 -0.002722632 -0.001977492 0.999994338 24.190378189
0.999993265 0.002499918 0.002730134 0.521773994 -0.002505821 0.999994457 0.002160843 -0.708730042 -0.002724718 -0.002167669 0.999993920 24.727342606
0.999992669 0.003095690 0.002261101 0.531056285 -0.003100801 0.999992609 0.002260368 -0.724177599 -0.002254087 -0.002267362 0.999994874 25.258447647
0.999993622 0.003152734 0.001681036 0.540152907 -0.003157190 0.999991417 0.002655528 -0.740114450 -0.001672649 -0.002660818 0.999994993 25.794334412
0.999993801 0.003322353 0.001249664 0.551903367 -0.003325338 0.999991596 0.002393222 -0.754185975 -0.001241702 -0.002397363 0.999996364 26.352378845
0.999995351 0.002887484 0.000988082 0.560295522 -0.002890370 0.999991536 0.002931791 -0.768230021 -0.000979608 -0.002934634 0.999995232 26.907539368
0.999994874 0.003125949 0.000657852 0.572156250 -0.003128008 0.999990165 0.003152731 -0.788182199 -0.000647990 -0.003154773 0.999994814 27.448062897
0.999993920 0.003473197 0.000285354 0.582776308 -0.003474001 0.999989867 0.002864970 -0.803240895 -0.000275400 -0.002865945 0.999995768 27.991516113
0.999992490 0.003876768 0.000068142 0.590998948 -0.003876943 0.999988556 0.002801637 -0.811568737 -0.000057280 -0.002801880 0.999996066 28.541069031
0.999992132 0.003959476 -0.000318451 0.601594985 -0.003958503 0.999987602 0.002997780 -0.831176996 0.000330317 -0.002996496 0.999995410 29.086290359
0.999992132 0.003920449 -0.000602580 0.609775722 -0.003918853 0.999988794 0.002628626 -0.839119494 0.000612878 -0.002626244 0.999996364 29.643495560
0.999991298 0.004028475 -0.001103045 0.617361486 -0.004025311 0.999987960 0.002856340 -0.854435802 0.001114538 -0.002851876 0.999995291 30.186456680
0.999991953 0.003719862 -0.001452902 0.631798089 -0.003716066 0.999989629 0.002606587 -0.865612924 0.001462583 -0.002601167 0.999995530 30.725595474
0.999990344 0.004115230 -0.001524476 0.642510712 -0.004110823 0.999987364 0.002882694 -0.882638812 0.001536320 -0.002876399 0.999994695 31.273742676
0.999987543 0.004779048 -0.001422119 0.647087038 -0.004775550 0.999985576 0.002453062 -0.893200576 0.001433822 -0.002446240 0.999996006 31.822807312
0.999988258 0.004388443 -0.002065565 0.662323356 -0.004383419 0.999987364 0.002429884 -0.903671443 0.002076202 -0.002420801 0.999994874 32.383472443
0.999988139 0.003858008 -0.002981861 0.671375632 -0.003849438 0.999988437 0.002874102 -0.919454932 0.002992915 -0.002862589 0.999991417 32.932731628
0.999988496 0.004190751 -0.002336832 0.674688399 -0.004185238 0.999988377 0.002358973 -0.931196272 0.002346691 -0.002349165 0.999994516 33.480159760
0.999985933 0.004694437 -0.002434065 0.685567319 -0.004688014 0.999985516 0.002637439 -0.946536362 0.002446410 -0.002625991 0.999993563 34.029533386
0.999986053 0.004362112 -0.002979110 0.694212317 -0.004354415 0.999987185 0.002585815 -0.962931931 0.002990352 -0.002572807 0.999992192 34.568843842
0.999984264 0.004509230 -0.003316415 0.705727577 -0.004500844 0.999986649 0.002531778 -0.980585098 0.003327788 -0.002516812 0.999991298 35.106159210
0.999983609 0.004792660 -0.003127612 0.715289891 -0.004786255 0.999986351 0.002052402 -0.981551766 0.003137405 -0.002037398 0.999993026 35.660446167
0.999985695 0.003843149 -0.003707324 0.730829000 -0.003832576 0.999988556 0.002854721 -1.014012575 0.003718253 -0.002840472 0.999989092 36.191448212
0.999985099 0.003885679 -0.003837899 0.733321428 -0.003876793 0.999989808 0.002320383 -1.022375941 0.003846875 -0.002305469 0.999989927 36.763488770
0.999982178 0.004484651 -0.003956608 0.749597728 -0.004476107 0.999987602 0.002165684 -1.020925164 0.003966272 -0.002147936 0.999989867 37.363422394
0.999983609 0.003853807 -0.004230706 0.744227171 -0.003844858 0.999990284 0.002121552 -1.047568917 0.004238841 -0.002105251 0.999988735 37.873268127
0.999981821 0.003841651 -0.004661813 0.763271093 -0.003831724 0.999990404 0.002136701 -1.063487887 0.004669976 -0.002118800 0.999986827 38.402896881
0.999983430 0.003932558 -0.004189846 0.757342815 -0.003924677 0.999990523 0.001887375 -1.068429470 0.004197229 -0.001870900 0.999989450 38.975017548
0.999980390 0.004002979 -0.004817380 0.770671785 -0.003994095 0.999990225 0.001852286 -1.083157063 0.004824748 -0.001833008 0.999986708 39.522689819
0.999980569 0.004173970 -0.004624362 0.776202202 -0.004166063 0.999989986 0.001717881 -1.096575618 0.004631485 -0.001698582 0.999987841 40.075962067
0.999978960 0.004230164 -0.004917049 0.786490202 -0.004220662 0.999989212 0.001941091 -1.116025329 0.004925207 -0.001920297 0.999986053 40.617488861
0.999980032 0.004380878 -0.004545447 0.794130802 -0.004374314 0.999989331 0.001453007 -1.122351885 0.004551765 -0.001433094 0.999988675 41.177021027
0.999981165 0.004103637 -0.004561685 0.794038177 -0.004095685 0.999990106 0.001751353 -1.141879201 0.004568827 -0.001732637 0.999988079 41.726776123
0.999978542 0.004825246 -0.004421453 0.798896134 -0.004818219 0.999987066 0.001598479 -1.154458404 0.004429108 -0.001577141 0.999988973 42.276447296
0.999979258 0.004409912 -0.004684062 0.816454709 -0.004402809 0.999989092 0.001525791 -1.167943716 0.004690740 -0.001505136 0.999987841 42.825046539
0.999978364 0.004780864 -0.004510144 0.822715640 -0.004775500 0.999987841 0.001199373 -1.179581046 0.004515825 -0.001177809 0.999989092 43.368453979
0.999979377 0.004661473 -0.004420434 0.837116361 -0.004653413 0.999987483 0.001831918 -1.202512860 0.004428918 -0.001811311 0.999988496 43.902641296
0.999979377 0.004911342 -0.004140668 0.842649341 -0.004903337 0.999986112 0.001941331 -1.217230439 0.004150146 -0.001920988 0.999989569 44.440952301
0.999978244 0.005174193 -0.004079726 0.850163162 -0.005167022 0.999985099 0.001766364 -1.231080770 0.004088804 -0.001745246 0.999990106 44.983745575
0.999978781 0.005145450 -0.003988801 0.860734880 -0.005139324 0.999985576 0.001544565 -1.244748831 0.003996691 -0.001524033 0.999990880 45.535694122
0.999977589 0.005470475 -0.003856397 0.870446980 -0.005465833 0.999984264 0.001212706 -1.257932544 0.003862971 -0.001191601 0.999991834 46.071266174
0.999977946 0.005478956 -0.003760474 0.873669386 -0.005474778 0.999984324 0.001120074 -1.272391558 0.003766552 -0.001099462 0.999992311 46.620143890
0.999974966 0.005898585 -0.003904653 0.885298371 -0.005893729 0.999981821 0.001254063 -1.287703395 0.003911979 -0.001231018 0.999991596 47.161617279
0.999974847 0.005730247 -0.004200845 0.894424081 -0.005725064 0.999982834 0.001244547 -1.302417755 0.004207904 -0.001220466 0.999990404 47.714698792
0.999975383 0.005683299 -0.004118986 0.902822137 -0.005679553 0.999983430 0.000921119 -1.317360759 0.004124154 -0.000897702 0.999991059 48.264522552
0.999975681 0.005485835 -0.004287214 0.912444532 -0.005480594 0.999984145 0.001233244 -1.333005309 0.004293911 -0.001209717 0.999990046 48.811557770
0.999973416 0.005874962 -0.004321747 0.919586897 -0.005870188 0.999982119 0.001116486 -1.348851323 0.004328229 -0.001091086 0.999990046 49.357612610
0.999972761 0.006029241 -0.004255324 0.934412539 -0.006023693 0.999980986 0.001314826 -1.362159967 0.004263170 -0.001289158 0.999990106 49.900180817
0.999971569 0.006507526 -0.003815056 0.933102131 -0.006501380 0.999977529 0.001621097 -1.382060528 0.003825519 -0.001596248 0.999991417 50.429843903
0.999971867 0.006521125 -0.003695096 0.939889550 -0.006515750 0.999977648 0.001465148 -1.397882342 0.003704569 -0.001441031 0.999992073 50.957431793
0.999971271 0.006814862 -0.003314988 0.946868300 -0.006810740 0.999976039 0.001253528 -1.408413768 0.003323451 -0.001230914 0.999993742 51.496181488
0.999971032 0.006738504 -0.003571006 0.953029871 -0.006732873 0.999976039 0.001586674 -1.426235080 0.003581612 -0.001562585 0.999992311 52.031421661
0.999969065 0.007180959 -0.003212662 0.959866107 -0.007176827 0.999973357 0.001296080 -1.444016933 0.003221883 -0.001272983 0.999993980 52.562232971
0.999972880 0.006458298 -0.003527856 0.970476925 -0.006452954 0.999977946 0.001524094 -1.458836436 0.003537621 -0.001501288 0.999992609 53.110393524
0.999972105 0.006645669 -0.003398760 0.979414225 -0.006640409 0.999976754 0.001556361 -1.473313928 0.003409024 -0.001533749 0.999993026 53.644451141
0.999972224 0.006774359 -0.003100415 0.989660382 -0.006770271 0.999976218 0.001327358 -1.487604141 0.003109333 -0.001306330 0.999994338 54.177604675
0.999971092 0.007067950 -0.002808730 0.994061053 -0.007064468 0.999974191 0.001247600 -1.500573397 0.002817477 -0.001227721 0.999995232 54.715808868
0.999972403 0.006757555 -0.003084198 1.006331325 -0.006753682 0.999976397 0.001264856 -1.515889883 0.003092672 -0.001243992 0.999994457 55.261833191
0.999972165 0.006690461 -0.003311622 1.022319913 -0.006687060 0.999977112 0.001036533 -1.525633216 0.003318480 -0.001014359 0.999993980 55.800582886
0.999970734 0.006810268 -0.003488361 1.029961586 -0.006806278 0.999976158 0.001155046 -1.541677713 0.003496144 -0.001131270 0.999993265 56.334625244
0.999971151 0.006820182 -0.003349394 1.043808699 -0.006816121 0.999976039 0.001223097 -1.559434772 0.003357655 -0.001200232 0.999993622 56.873790741
0.999969125 0.007248133 -0.003032176 1.049732566 -0.007245395 0.999973297 0.000913223 -1.569421291 0.003038716 -0.000891226 0.999994934 57.422367096
0.999968350 0.007340099 -0.003059220 1.063420534 -0.007337456 0.999972701 0.000873779 -1.584911108 0.003065550 -0.000851305 0.999994934 57.955696106
0.999970138 0.007206917 -0.002796922 1.079828024 -0.007205190 0.999973774 0.000626376 -1.598466396 0.002801363 -0.000606205 0.999995887 58.492671967
0.999972463 0.006929055 -0.002659911 1.086737752 -0.006927056 0.999975681 0.000759395 -1.609730721 0.002665107 -0.000740949 0.999996185 59.036994934
0.999971569 0.006899997 -0.003044576 1.101707101 -0.006897941 0.999975920 0.000684424 -1.631106853 0.003049226 -0.000663403 0.999995112 59.562671661
0.999970555 0.006987186 -0.003172026 1.112806797 -0.006985238 0.999975383 0.000624339 -1.644989252 0.003176309 -0.000602163 0.999994755 60.102287292
0.999971449 0.006571027 -0.003734162 1.124974370 -0.006569976 0.999978364 0.000293055 -1.652772427 0.003736007 -0.000268513 0.999993026 60.663036346
0.999967813 0.007403013 -0.003093580 1.130163312 -0.007400162 0.999972165 0.000931294 -1.676797748 0.003100388 -0.000908371 0.999994755 61.180736542
0.999968231 0.007434915 -0.002879702 1.141921639 -0.007431128 0.999971449 0.001324438 -1.692064166 0.002889467 -0.001302996 0.999994993 61.721679688
0.999967754 0.007497876 -0.002857553 1.148003578 -0.007495070 0.999971449 0.000991952 -1.704794884 0.002864909 -0.000970503 0.999995351 62.256481171
0.999968648 0.007466159 -0.002617131 1.155805945 -0.007464429 0.999971926 0.000669688 -1.716791511 0.002622057 -0.000650132 0.999996364 62.789173126
0.999964416 0.008057446 -0.002468687 1.163722277 -0.008055104 0.999967098 0.000956847 -1.729732156 0.002476315 -0.000936928 0.999996483 63.317764282
0.999967217 0.007727336 -0.002424772 1.173418880 -0.007726058 0.999969959 0.000535927 -1.744655609 0.002428840 -0.000517175 0.999996841 63.852630615
0.999962986 0.008377037 -0.001924846 1.178783298 -0.008376086 0.999964774 0.000502130 -1.758981228 0.001928985 -0.000485989 0.999997973 64.376472473
0.999965012 0.008143677 -0.001926014 1.186093926 -0.008142566 0.999966681 0.000583834 -1.772608757 0.001930704 -0.000568131 0.999997973 64.906257629
0.999966025 0.008025029 -0.001838529 1.194715738 -0.008024740 0.999967754 0.000164228 -1.786037087 0.001839787 -0.000149469 0.999998271 65.429702759
0.999966323 0.008037901 -0.001613269 1.204972029 -0.008037759 0.999967635 0.000092879 -1.799364686 0.001613963 -0.000079909 0.999998689 65.962112427
0.999967337 0.007937904 -0.001532429 1.212714434 -0.007937795 0.999968469 0.000078116 -1.813836098 0.001533000 -0.000065949 0.999998748 66.504585266
0.999963164 0.008424891 -0.001653706 1.227355242 -0.008424891 0.999964476 0.000007374 -1.832104325 0.001653710 0.000006558 0.999998629 67.032363892
0.999965847 0.008109001 -0.001549537 1.240303516 -0.008109151 0.999967039 -0.000089613 -1.844540715 0.001548759 0.000102175 0.999998748 67.567031860
0.999966085 0.008046865 -0.001707935 1.251492739 -0.008047239 0.999967575 -0.000211913 -1.861636400 0.001706175 0.000225650 0.999998510 68.101318359
0.999961853 0.008526897 -0.001905637 1.258428574 -0.008527814 0.999963522 -0.000472041 -1.874030709 0.001901543 0.000488273 0.999998093 68.635948181
0.999962389 0.008460159 -0.001873777 1.264779091 -0.008460413 0.999964118 -0.000127031 -1.892981410 0.001872635 0.000142879 0.999998152 69.162231445
0.999959588 0.008827143 -0.001653423 1.274396539 -0.008827666 0.999960959 -0.000309569 -1.909556389 0.001650626 0.000324152 0.999998569 69.696098328
0.999967456 0.007840877 -0.001911004 1.285377383 -0.007841133 0.999969184 -0.000125942 -1.924900889 0.001909957 0.000140923 0.999998152 70.264198303
0.999969840 0.007594946 -0.001608680 1.295446634 -0.007595345 0.999971151 -0.000242300 -1.943158269 0.001606793 0.000254511 0.999998689 70.764297485
0.999968290 0.007789536 -0.001631823 1.302780509 -0.007790345 0.999969542 -0.000491213 -1.957738876 0.001627947 0.000503910 0.999998569 71.296669006
0.999970853 0.007437199 -0.001729291 1.315376639 -0.007437749 0.999972284 -0.000313043 -1.973337889 0.001726915 0.000325896 0.999998450 71.824531555
0.999967277 0.007953908 -0.001487706 1.318484902 -0.007954701 0.999968171 -0.000526916 -1.989830494 0.001483467 0.000538733 0.999998689 72.362731934
0.999965608 0.008156162 -0.001489485 1.328898549 -0.008156231 0.999966741 -0.000039148 -2.008825064 0.001489116 0.000051295 0.999998868 72.892173767
0.999966919 0.007992968 -0.001526500 1.337840557 -0.007993330 0.999967992 -0.000231672 -2.022610188 0.001524599 0.000243866 0.999998808 73.429946899
0.999965191 0.008250752 -0.001255188 1.345988512 -0.008251034 0.999965906 -0.000219989 -2.041034460 0.001253330 0.000230338 0.999999166 73.966659546
0.999961495 0.008691343 -0.001213266 1.357056499 -0.008691176 0.999962151 0.000144300 -2.054384232 0.001214474 -0.000133750 0.999999225 74.508422852
0.999960005 0.008848544 -0.001315983 1.367739797 -0.008848831 0.999960780 -0.000212113 -2.070639849 0.001314054 0.000223750 0.999999046 75.051055908
0.999960482 0.008811959 -0.001195243 1.380750895 -0.008812536 0.999961078 -0.000479289 -2.085526228 0.001190973 0.000489803 0.999999106 75.587478638
0.999953926 0.009572836 -0.000737036 1.384891391 -0.009573101 0.999954104 -0.000357840 -2.102472305 0.000733577 0.000364879 0.999999642 76.129501343
0.999953806 0.009581709 -0.000757613 1.397444606 -0.009582279 0.999953806 -0.000752034 -2.115677357 0.000750372 0.000759259 0.999999404 76.677383423
0.999959409 0.008927600 -0.001218862 1.413516045 -0.008928971 0.999959469 -0.001124208 -2.129646778 0.001208776 0.001135045 0.999998569 77.230331421
0.999955773 0.009333136 -0.001112740 1.414677978 -0.009333609 0.999956310 -0.000421979 -2.148857355 0.001108753 0.000432346 0.999999285 77.744667053
0.999957204 0.009194775 -0.001033065 1.427283525 -0.009195596 0.999957383 -0.000793585 -2.162924051 0.001025724 0.000803051 0.999999166 78.268989563
0.999954998 0.009450795 -0.000842469 1.437598228 -0.009451767 0.999954641 -0.001157074 -2.175681353 0.000831496 0.001164985 0.999998987 78.798553467
0.999954939 0.009430018 -0.001042902 1.449727416 -0.009431108 0.999954998 -0.001045438 -2.194252968 0.001032996 0.001055226 0.999998927 79.353004456
0.999951065 0.009876991 -0.000603029 1.457262516 -0.009877631 0.999950588 -0.001063960 -2.212457418 0.000592490 0.001069864 0.999999166 79.899261475
0.999951005 0.009893385 0.000399429 1.463714957 -0.009893211 0.999950886 -0.000438775 -2.236698866 -0.000403750 0.000434802 0.999999821 80.447479248
0.999948680 0.009895615 0.002219746 1.473646879 -0.009893240 0.999950469 -0.001078217 -2.251280069 -0.002230306 0.001056202 0.999996960 80.991302490
0.999952793 0.009332032 0.002691836 1.491985321 -0.009329201 0.999955893 -0.001063455 -2.264028311 -0.002701642 0.001038292 0.999995828 81.547134399
0.999948144 0.009362765 0.003994296 1.501207352 -0.009357950 0.999955475 -0.001221892 -2.279108047 -0.004005558 0.001184450 0.999991298 82.094573975
0.999932587 0.009121102 0.007185711 1.524192810 -0.009108474 0.999956846 -0.001788025 -2.290119886 -0.007201710 0.001722453 0.999972582 82.674888611
0.999892056 0.009715620 0.011018175 1.537678003 -0.009701266 0.999952137 -0.001355494 -2.310065746 -0.011030814 0.001248458 0.999938309 83.218406677
0.999855638 0.009179229 0.014298415 1.562828422 -0.009153484 0.999956369 -0.001865042 -2.327644587 -0.014314911 0.001733892 0.999895990 83.754219055
0.999793530 0.009259614 0.018088859 1.591413021 -0.009239249 0.999956608 -0.001209182 -2.352040052 -0.018099274 0.001041805 0.999835670 84.312080383
0.999653995 0.009705789 0.024448244 1.620044231 -0.009680449 0.999952495 -0.001154640 -2.372032881 -0.024458287 0.000917571 0.999700427 84.861694336
0.999492109 0.009375770 0.030456895 1.653016806 -0.009328472 0.999955058 -0.001694649 -2.385529280 -0.030471412 0.001409672 0.999534667 85.422119141
0.999267757 0.009949294 0.036944672 1.680765390 -0.009887144 0.999949336 -0.001864550 -2.398786545 -0.036961362 0.001497908 0.999315560 85.992813110
0.998954296 0.009623967 0.044698607 1.730309963 -0.009571875 0.999953210 -0.001379267 -2.421003103 -0.044709790 0.000949975 0.998999476 86.558288574
0.998553693 0.009382570 0.052938271 1.782831430 -0.009277335 0.999954402 -0.002233285 -2.432866096 -0.052956816 0.001738928 0.998595297 87.126174927
0.998150647 0.009316231 0.060070671 1.828992844 -0.009217232 0.999955654 -0.001924913 -2.453522205 -0.060085945 0.001367667 0.998192191 87.698928833
0.997533619 0.009331157 0.069569372 1.882528305 -0.009201349 0.999955237 -0.002186114 -2.470876217 -0.069586664 0.001540589 0.997574747 88.277091980
0.996787727 0.009165912 0.079562508 1.951825619 -0.009009278 0.999956727 -0.002327440 -2.494738817 -0.079580396 0.001603163 0.996827185 88.828193665
0.996006906 0.009144960 0.088807538 2.011085033 -0.008941338 0.999956369 -0.002690394 -2.495867968 -0.088828258 0.001885592 0.996045172 89.364997864
0.995317340 0.008828919 0.096256852 2.081746101 -0.008596172 0.999959052 -0.002832425 -2.527784109 -0.096277907 0.001991722 0.995352507 90.027488708
0.994271934 0.008703882 0.106525108 2.163756847 -0.008483945 0.999960840 -0.002517646 -2.545913696 -0.106542848 0.001599472 0.994306803 90.566619873
0.993097484 0.007843796 0.117029279 2.284249306 -0.007435146 0.999964595 -0.003928029 -2.572239876 -0.117055982 0.003030785 0.993120670 91.348335266
0.991990328 0.007490057 0.126091540 2.376029015 -0.007073075 0.999967873 -0.003754374 -2.591739416 -0.126115620 0.002832448 0.992011487 91.900489807
0.990439594 0.007363554 0.137750506 2.471780777 -0.006923199 0.999969304 -0.003675612 -2.610807896 -0.137773350 0.002686798 0.990460157 92.426399231
0.988609016 0.007526205 0.150317714 2.578826904 -0.007051517 0.999968350 -0.003690682 -2.632745504 -0.150340706 0.002588674 0.988630831 92.972953796
0.986984789 0.007094425 0.160656780 2.693917274 -0.006567657 0.999971211 -0.003809638 -2.649347305 -0.160679162 0.002704916 0.987002909 93.520812988
0.985062361 0.007842540 0.172019139 2.790445328 -0.007240045 0.999965250 -0.004129604 -2.660399914 -0.172045588 0.002822491 0.985084951 94.039978027
0.982665598 0.007090111 0.185250968 2.917313576 -0.006485344 0.999971509 -0.003870335 -2.680251598 -0.185273111 0.002601829 0.982683599 94.580032349
0.980489194 0.006606546 0.196461663 3.059634209 -0.005935347 0.999974370 -0.004005021 -2.706264496 -0.196483046 0.002760811 0.980503321 95.069595337
0.978415787 0.006226615 0.206551865 3.187707901 -0.005610524 0.999977887 -0.003568365 -2.724642515 -0.206569523 0.002332480 0.978429079 95.601333618
0.975514591 0.005901007 0.219855577 3.339218140 -0.005214388 0.999979496 -0.003703224 -2.742972374 -0.219872937 0.002466136 0.975525379 96.149063110
0.972566307 0.005687722 0.232556403 3.495775223 -0.004932087 0.999980450 -0.003830599 -2.763001204 -0.232573643 0.002578523 0.972575366 96.653030396
0.969732702 0.004921196 0.244119465 3.646671295 -0.004067404 0.999983847 -0.004001402 -2.777715921 -0.244135216 0.002887358 0.969736934 97.193641663
0.967024744 0.003998093 0.254650950 3.820306778 -0.003030144 0.999986589 -0.004193253 -2.795574903 -0.254664391 0.003283349 0.967023909 97.705451965
0.963334560 0.004689602 0.268261999 3.990961075 -0.003864219 0.999986053 -0.003604684 -2.818352222 -0.268275142 0.002435893 0.963339269 98.205543518
0.959697068 0.004341668 0.281002730 4.161628723 -0.003336006 0.999986231 -0.004057088 -2.834771156 -0.281016499 0.002956149 0.959698379 98.744316101
0.956353188 0.003911858 0.292186975 4.348609924 -0.002797159 0.999987066 -0.004232688 -2.851450920 -0.292199820 0.003230652 0.956351757 99.251602173
0.951894581 0.004183577 0.306397080 4.540103912 -0.003212180 0.999988079 -0.003674554 -2.879934072 -0.306408852 0.002513586 0.951896667 99.750503540
0.947401166 0.003553409 0.320028812 4.739755630 -0.002526492 0.999990225 -0.003623965 -2.896957159 -0.320038557 0.002624798 0.947400868 100.255126953
0.943457305 0.003432453 0.331476152 4.947109222 -0.002258082 0.999989688 -0.003927931 -2.908571959 -0.331486195 0.002957336 0.943455398 100.770889282
0.938703477 0.003011867 0.344712585 5.153287888 -0.001813255 0.999991119 -0.003799494 -2.929068804 -0.344720960 0.002941547 0.938700616 101.268585205
0.933644354 0.003095214 0.358188123 5.371265411 -0.001966082 0.999991894 -0.003516500 -2.950333357 -0.358196110 0.002578933 0.933642745 101.772521973
0.928610981 0.001798806 0.371050239 5.591791153 -0.000424233 0.999992728 -0.003786133 -2.971250534 -0.371054381 0.003358434 0.928605080 102.254638672
0.924000978 0.001362046 0.382387668 5.823326111 -0.000082029 0.999994397 -0.003363717 -2.986687422 -0.382390082 0.003076711 0.923995912 102.769500732
0.917966187 0.001186819 0.396656811 6.053344727 0.000149017 0.999994397 -0.003336902 -3.008241892 -0.396658570 0.003122272 0.917960942 103.219223022
0.912302792 0.000487909 0.409516037 6.299800873 0.001038866 0.999993324 -0.003505759 -3.025578022 -0.409515053 0.003623746 0.912296176 103.702056885
0.907373130 -0.000227492 0.420325935 6.546604156 0.001885087 0.999991953 -0.003528184 -3.046103477 -0.420321763 0.003993731 0.907366335 104.182243347
0.901415467 0.000404032 0.432954907 6.810268402 0.001397660 0.999991655 -0.003843129 -3.058297396 -0.432952881 0.004069380 0.901407361 104.701179504
0.894725382 0.000658460 0.446616262 7.076602936 0.001165289 0.999992132 -0.003808791 -3.079126835 -0.446615249 0.003928259 0.894717455 105.176200867
0.888758302 -0.000448044 0.458375931 7.344860077 0.002515793 0.999989212 -0.003900497 -3.088871717 -0.458369195 0.004619777 0.888749838 105.664352417
0.882974088 -0.001492004 0.469419301 7.626674652 0.003354354 0.999989510 -0.003131147 -3.111454964 -0.469409674 0.004339321 0.882969856 106.141357422
0.875579417 -0.000461890 0.483073950 7.909996033 0.002460406 0.999990761 -0.003503386 -3.131042004 -0.483067900 0.004256050 0.875572562 106.612312317
