1.000000000 0.000000000 0.000000000 0.000000000 0.000000000 1.000000000 0.000000000 0.000000000 0.000000000 0.000000000 1.000000000 0.000000000
1.000000000 -0.000043060 -0.000011431 0.000408668 0.000043060 1.000000000 -0.000023955 0.000123782 0.000011432 0.000023955 1.000000000 -0.000740630
1.000000000 0.000143110 0.000042074 -0.000428735 -0.000143108 1.000000000 -0.000052360 0.000792754 -0.000042082 0.000052354 1.000000000 0.000288535
1.000000000 0.000018454 -0.000013817 -0.000143621 -0.000018452 1.000000000 0.000106985 0.000322268 0.000013819 -0.000106984 1.000000000 0.000039469
1.000000000 -0.000051684 -0.000145721 0.000852672 0.000051680 1.000000000 -0.000031988 -0.000231899 0.000145723 0.000031981 1.000000000 -0.001001914
1.000000000 -0.000086876 -0.000010178 0.001109107 0.000086877 1.000000000 0.000104696 -0.000840939 0.000010169 -0.000104697 1.000000000 -0.000074244
0.999999940 0.000239338 0.000085373 -0.000436923 -0.000239336 1.000000000 -0.000027426 0.000483471 -0.000085379 0.000027406 1.000000000 0.000487420
1.000000000 0.000048830 0.000076337 0.000131801 -0.000048836 1.000000000 0.000079025 -0.000612921 -0.000076333 -0.000079029 1.000000000 -0.000900808
1.000000000 -0.000069928 0.000029352 0.000862368 0.000069930 1.000000000 -0.000054942 0.000870734 -0.000029348 0.000054944 1.000000000 0.000350538
1.000000000 0.000011897 -0.000032934 0.001183099 -0.000011901 1.000000000 -0.000129209 0.000236941 0.000032933 0.000129210 1.000000000 -0.001132802
1.000000000 -0.000025608 -0.000074512 0.001342992 0.000025600 1.000000000 -0.000104751 0.001082357 0.000074515 0.000104749 1.000000000 0.000655635
1.000000000 -0.000018629 0.000049648 0.000072267 0.000018632 1.000000000 -0.000061526 0.000474199 -0.000049647 0.000061527 1.000000000 0.000029330
1.000000000 0.000091283 0.000053680 -0.000070682 -0.000091288 1.000000000 0.000089854 -0.000414130 -0.000053672 -0.000089859 1.000000000 -0.000049210
1.000000000 0.000057467 -0.000054890 0.001419352 -0.000057468 1.000000000 -0.000012201 0.000029228 0.000054890 0.000012204 1.000000000 -0.000483028
1.000000000 -0.000194022 -0.000106786 0.000731439 0.000194023 1.000000000 0.000007470 0.000211844 0.000106784 -0.000007491 1.000000000 0.000292172
1.000000000 0.000072412 0.000137899 -0.000456719 -0.000072436 1.000000000 0.000173015 -0.000607395 -0.000137887 -0.000173025 1.000000000 -0.000502628
0.999999940 0.000157192 -0.000193007 0.001379014 -0.000157191 1.000000000 0.000005517 0.000537149 0.000193008 -0.000005487 1.000000000 -0.000663345
1.000000000 0.000126646 -0.000087131 0.000937969 -0.000126647 1.000000000 -0.000011601 0.000348864 0.000087130 0.000011612 1.000000000 -0.000090972
1.000000000 0.000072125 -0.000159123 0.001479307 -0.000072127 1.000000000 -0.000008818 0.000752004 0.000159123 0.000008830 1.000000000 -0.000363869
0.999999940 0.000287916 -0.000112783 0.000711170 -0.000287912 0.999999940 0.000038915 0.000393566 0.000112795 -0.000038883 1.000000000 -0.000396259
1.000000000 0.000081377 0.000011348 -0.000226866 -0.000081378 1.000000000 0.000094994 -0.000406199 -0.000011340 -0.000094995 1.000000000 -0.000435580
1.000000000 -0.000062053 -0.000144369 0.002156762 0.000062038 1.000000000 -0.000108496 0.000737266 0.000144376 0.000108487 1.000000000 0.000350519
1.000000000 0.000153909 -0.000015414 0.001029528 -0.000153908 1.000000000 0.000049417 0.000672905 0.000015422 -0.000049415 1.000000000 0.000870289
1.000000000 0.000123655 -0.000135784 0.001747733 -0.000123661 1.000000000 -0.000045091 0.000710129 0.000135779 0.000045108 1.000000000 -0.001337223
1.000000000 -0.000042891 -0.000166346 0.001382326 0.000042897 1.000000000 0.000034036 -0.000383714 0.000166344 -0.000034044 1.000000000 -0.002045318
1.000000000 0.000070084 -0.000135435 0.000313744 -0.000070079 1.000000000 0.000034972 0.000143243 0.000135437 -0.000034963 1.000000000 -0.000671660
0.999999940 0.000341210 -0.000007510 -0.000381775 -0.000341209 0.999999940 0.000030728 0.000438922 0.000007520 -0.000030725 1.000000000 0.001380451
1.000000000 0.000031796 -0.000085860 0.000482924 -0.000031779 1.000000000 0.000206715 -0.000348851 0.000085867 -0.000206713 1.000000000 0.001010416
1.000000000 0.000046402 -0.000006613 -0.000170339 -0.000046401 1.000000000 0.000074647 -0.000357472 0.000006616 -0.000074646 1.000000000 -0.001453016
1.000000000 -0.000066034 0.000030206 0.000364251 0.000066029 1.000000000 0.000177116 -0.001366084 -0.000030217 -0.000177114 1.000000000 -0.001274045
1.000000000 -0.000041178 0.000077684 -0.000379079 0.000041167 1.000000000 0.000135562 -0.000745158 -0.000077690 -0.000135559 1.000000000 -0.000307821
1.000000000 0.000067316 -0.000071158 0.000598747 -0.000067313 1.000000000 0.000039242 -0.000724580 0.000071161 -0.000039237 1.000000000 -0.001726941
1.000000000 -0.000011101 -0.000155377 0.001136568 0.000011121 1.000000000 0.000129866 -0.000643819 0.000155376 -0.000129868 1.000000000 0.000034721
0.999999940 0.000248677 -0.000017808 0.000330602 -0.000248677 0.999999940 -0.000015713 0.000424618 0.000017804 0.000015717 1.000000000 0.000364544
1.000000000 0.000081554 -0.000114740 0.001479183 -0.000081558 1.000000000 -0.000034520 0.000698311 0.000114738 0.000034529 1.000000000 -0.000291817
1.000000000 0.000063250 0.000076671 -0.000356078 -0.000063247 1.000000000 -0.000042516 0.000879958 -0.000076674 0.000042512 1.000000000 0.000340625
1.000000000 -0.000088509 -0.000107314 0.001334666 0.000088514 1.000000000 0.000046731 0.000397755 0.000107310 -0.000046740 1.000000000 0.000598267
1.000000000 -0.000162037 -0.000071199 0.001313624 0.000162037 1.000000000 -0.000001565 0.000634301 0.000071200 0.000001554 1.000000000 0.000646889
1.000000000 -0.000196472 0.000113951 0.000649480 0.000196491 0.999999940 -0.000159940 0.001550810 -0.000113919 0.000159962 1.000000000 0.002410025
1.000000000 -0.000142762 0.000004711 0.002213979 0.000142766 0.999999702 -0.000754033 -0.001085751 -0.000004603 0.000754033 0.999999702 0.050142627
1.000000000 0.000197257 0.000043576 0.001313908 -0.000197195 0.999998927 -0.001429576 -0.002162368 -0.000043858 0.001429567 0.999998987 0.139888719
0.999999762 0.000653462 -0.000022201 0.003557685 -0.000653496 0.999998510 -0.001608256 -0.006359413 0.000021150 0.001608271 0.999998748 0.254472017
0.999999881 0.000428257 -0.000231865 0.006022241 -0.000428550 0.999999106 -0.001262870 -0.014560662 0.000231324 0.001262969 0.999999166 0.379742652
0.999999881 0.000469680 -0.000232711 0.008579668 -0.000469971 0.999999106 -0.001254793 -0.018292505 0.000232122 0.001254903 0.999999166 0.518469632
0.999999940 -0.000130440 -0.000234767 0.010797492 0.000130193 0.999999404 -0.001052899 -0.026064645 0.000234904 0.001052869 0.999999404 0.673409343
0.999999940 -0.000353274 -0.000190440 0.012138560 0.000353081 0.999999344 -0.001009695 -0.026220063 0.000190797 0.001009627 0.999999404 0.843979537
0.999999881 0.000322449 -0.000234753 0.017519616 -0.000322643 0.999999583 -0.000830369 -0.029964894 0.000234485 0.000830444 0.999999583 1.013055444
0.999999881 0.000600131 -0.000033879 0.020771559 -0.000600160 0.999999404 -0.000858766 -0.034981534 0.000033364 0.000858786 0.999999642 1.191204429
0.999999762 -0.000491112 -0.000360450 0.027800320 0.000490928 0.999999762 -0.000509131 -0.043070044 0.000360700 0.000508954 0.999999821 1.378999233
0.999999940 0.000340956 -0.000131266 0.029574119 -0.000340996 0.999999881 -0.000300239 -0.051480912 0.000131164 0.000300284 0.999999940 1.567522764
0.999999940 0.000353665 0.000005918 0.029247502 -0.000353663 0.999999821 -0.000490269 -0.050772540 -0.000006091 0.000490266 0.999999881 1.770718336
0.999999821 0.000539472 -0.000217981 0.033052541 -0.000539483 0.999999881 -0.000048446 -0.059783187 0.000217955 0.000048563 0.999999940 1.972069383
0.999999642 0.000700348 0.000407443 0.032868616 -0.000700267 0.999999762 -0.000200406 -0.064361572 -0.000407583 0.000200120 0.999999881 2.181105137
0.999999940 0.000164707 0.000202210 0.039447032 -0.000164737 1.000000000 0.000145119 -0.069240294 -0.000202186 -0.000145152 0.999999940 2.395184278
0.999999821 0.000276036 0.000503532 0.042648125 -0.000276019 0.999999940 -0.000033516 -0.076880775 -0.000503541 0.000033377 0.999999881 2.611960649
0.999999821 0.000442018 0.000634682 0.043334287 -0.000442101 0.999999881 0.000130442 -0.084486857 -0.000634624 -0.000130722 0.999999762 2.838363171
0.999999583 0.000482713 0.000807193 0.045326818 -0.000482809 0.999999881 0.000119229 -0.090418629 -0.000807135 -0.000119619 0.999999583 3.066342354
0.999999821 0.000433009 0.000398529 0.057575215 -0.000433035 0.999999881 0.000066201 -0.097948790 -0.000398501 -0.000066373 0.999999940 3.313958645
0.999999642 0.000485216 0.000708553 0.060044557 -0.000485469 0.999999821 0.000357656 -0.106019042 -0.000708379 -0.000358000 0.999999702 3.557736158
0.999999821 0.000525442 0.000320260 0.067289285 -0.000525586 0.999999702 0.000449322 -0.111926310 -0.000320023 -0.000449490 0.999999821 3.812664270
0.999999762 0.000534627 0.000676549 0.067803741 -0.000534666 0.999999881 0.000058092 -0.117110506 -0.000676517 -0.000058454 0.999999762 4.079987526
0.999999285 0.000893802 0.000778450 0.072640084 -0.000894243 0.999999404 0.000566318 -0.127514794 -0.000777944 -0.000567013 0.999999523 4.327991009
0.999999344 0.000856593 0.000780322 0.079826608 -0.000856945 0.999999464 0.000450334 -0.131381467 -0.000779936 -0.000451002 0.999999523 4.586775780
0.999999642 0.000601905 0.000683558 0.086227998 -0.000602290 0.999999642 0.000564043 -0.140272439 -0.000683218 -0.000564454 0.999999523 4.844916821
0.999999225 0.000908028 0.000839742 0.088579446 -0.000908590 0.999999344 0.000668090 -0.146500632 -0.000839135 -0.000668852 0.999999404 5.111875534
0.999999642 0.000311880 0.000822417 0.097027324 -0.000312325 0.999999821 0.000541711 -0.154040888 -0.000822248 -0.000541968 0.999999523 5.369004250
0.999999285 0.000432979 0.001132023 0.099792138 -0.000433714 0.999999702 0.000649190 -0.161555350 -0.001131741 -0.000649681 0.999999166 5.635727882
0.999999642 -0.000074485 0.000858599 0.105661280 0.000073290 0.999999106 0.001391479 -0.174530953 -0.000858702 -0.001391416 0.999998689 5.902318001
0.999999106 0.000487868 0.001234530 0.112191729 -0.000488591 0.999999702 0.000584789 -0.178087696 -0.001234244 -0.000585392 0.999999046 6.179067612
0.999998689 0.000749570 0.001436564 0.106679149 -0.000750501 0.999999523 0.000647389 -0.182620496 -0.001436078 -0.000648466 0.999998748 6.449995995
0.999999046 0.000706518 0.001199832 0.122986816 -0.000706916 0.999999702 0.000331943 -0.191878930 -0.001199597 -0.000332791 0.999999225 6.755322456
0.999997556 0.001111107 0.001977091 0.121136419 -0.001111986 0.999999404 0.000443474 -0.203580752 -0.001976597 -0.000445671 0.999997973 7.036075115
0.999998152 0.001171385 0.001528273 0.131299928 -0.001172503 0.999999046 0.000731057 -0.213798314 -0.001527415 -0.000732848 0.999998569 7.335324764
0.999997139 0.001159044 0.002058619 0.134800613 -0.001160160 0.999999166 0.000541215 -0.221779317 -0.002057990 -0.000543602 0.999997735 7.644097328
0.999995947 0.001556640 0.002375540 0.139602169 -0.001557753 0.999998689 0.000466609 -0.229403630 -0.002374811 -0.000470308 0.999997079 7.957766533
0.999994934 0.001575255 0.002758021 0.143584549 -0.001577093 0.999998510 0.000664524 -0.239644542 -0.002756970 -0.000668871 0.999995887 8.279682159
0.999994636 0.001178108 0.003054711 0.149954110 -0.001179985 0.999999106 0.000612705 -0.250368744 -0.003053986 -0.000616306 0.999995172 8.601401329
0.999993682 0.001424295 0.003253018 0.155724391 -0.001425399 0.999998868 0.000337212 -0.256436676 -0.003252534 -0.000341847 0.999994636 8.939993858
0.999993384 0.001687621 0.003227378 0.160765588 -0.001689200 0.999998450 0.000486443 -0.265549481 -0.003226552 -0.000491892 0.999994636 9.275372505
0.999991953 0.002025180 0.003440960 0.167738900 -0.002026038 0.999997914 0.000245990 -0.273575604 -0.003440455 -0.000252960 0.999993980 9.621589661
0.999994397 0.001837000 0.002833933 0.181145787 -0.001837933 0.999998271 0.000326485 -0.285502523 -0.002833328 -0.000331692 0.999995947 9.962432861
0.999993145 0.001968967 0.003122670 0.190330803 -0.001969900 0.999997973 0.000295746 -0.297740847 -0.003122082 -0.000301895 0.999995053 10.319546700
0.999992967 0.001947641 0.003207951 0.195849672 -0.001948674 0.999997973 0.000318791 -0.309121609 -0.003207325 -0.000325040 0.999994814 10.677833557
0.999993861 0.002173887 0.002757150 0.209256291 -0.002175374 0.999997497 0.000536467 -0.320582330 -0.002755977 -0.000542461 0.999996066 11.034805298
0.999990404 0.002589119 0.003517278 0.212730169 -0.002590307 0.999996603 0.000333064 -0.330610186 -0.003516403 -0.000342172 0.999993742 11.413212776
0.999994338 0.001791329 0.002836813 0.226159662 -0.001792823 0.999998212 0.000523808 -0.339235932 -0.002835869 -0.000528891 0.999995828 11.795499802
0.999993861 0.001822962 0.002990049 0.237508237 -0.001824708 0.999998093 0.000581304 -0.355289906 -0.002988984 -0.000586757 0.999995351 12.171837807
0.999994338 0.001402824 0.003052291 0.251266062 -0.001405190 0.999998689 0.000773182 -0.369442582 -0.003051203 -0.000777467 0.999995053 12.559718132
0.999992669 0.001923714 0.003316542 0.257094026 -0.001925774 0.999997973 0.000618224 -0.377811939 -0.003315346 -0.000624607 0.999994338 12.951757431
0.999992907 0.002101364 0.003113853 0.266749024 -0.002103036 0.999997675 0.000533933 -0.391729563 -0.003112724 -0.000540478 0.999994993 13.356386185
0.999990404 0.002190237 0.003770649 0.274275273 -0.002191040 0.999997556 0.000209065 -0.399277836 -0.003770181 -0.000217325 0.999992788 13.772595406
0.999986768 0.003294792 0.003944353 0.280179143 -0.003296467 0.999994457 0.000418102 -0.412519544 -0.003942954 -0.000431099 0.999992132 14.186843872
0.999988973 0.002597479 0.003910890 0.292960465 -0.002599180 0.999996543 0.000429796 -0.429359883 -0.003909760 -0.000439957 0.999992251 14.596994400
0.999989450 0.002395090 0.003920569 0.304379642 -0.002397117 0.999997020 0.000512298 -0.440719396 -0.003919330 -0.000521690 0.999992132 15.038098335
0.999989212 0.002433550 0.003962419 0.314953923 -0.002436961 0.999996662 0.000856308 -0.454470009 -0.003960322 -0.000865955 0.999991775 15.477832794
0.999989152 0.002353451 0.004000059 0.328675807 -0.002355423 0.999997079 0.000488213 -0.464954495 -0.003998899 -0.000497630 0.999991834 15.926787376
0.999991775 0.002047014 0.003480097 0.342701793 -0.002051358 0.999997258 0.001245047 -0.481454104 -0.003477539 -0.001252176 0.999993145 16.371906281
0.999990106 0.002257307 0.003839503 0.350804776 -0.002261191 0.999996960 0.001007631 -0.491494328 -0.003837217 -0.001016303 0.999992132 16.823785782
0.999990642 0.001834581 0.003914937 0.364072382 -0.001840690 0.999997079 0.001557240 -0.505766690 -0.003912068 -0.001564432 0.999991119 17.285959244
0.999990880 0.001895096 0.003819616 0.375801563 -0.001901207 0.999996901 0.001597089 -0.516335785 -0.003816579 -0.001604337 0.999991417 17.753036499
0.999992490 0.001261522 0.003641446 0.391072899 -0.001268322 0.999997437 0.001865751 -0.533567607 -0.003639084 -0.001870356 0.999991655 18.220445633
0.999992907 0.001108380 0.003598096 0.407083541 -0.001112877 0.999998629 0.001247973 -0.521308362 -0.003596707 -0.001251969 0.999992728 18.733482361
0.999990642 0.001195643 0.004131735 0.416888177 -0.001200179 0.999998569 0.001095499 -0.536887288 -0.004130420 -0.001100448 0.999990821 19.204015732
0.999991953 0.000733556 0.003949591 0.432135940 -0.000735308 0.999999642 0.000442128 -0.540632427 -0.003949267 -0.000445029 0.999992132 19.701492310
0.999993622 0.000485172 0.003538539 0.447643638 -0.000491208 0.999998450 0.001705156 -0.561737001 -0.003537707 -0.001706883 0.999992311 20.195499420
0.999992311 0.001015717 0.003768041 0.457862347 -0.001020995 0.999998510 0.001398850 -0.574017346 -0.003766614 -0.001402687 0.999991834 20.690589905
0.999993384 0.001015262 0.003495343 0.470357180 -0.001020128 0.999998510 0.001390480 -0.590662420 -0.003493926 -0.001394036 0.999992907 21.174394608
0.999995410 0.000552481 0.002980202 0.483348161 -0.000558981 0.999997437 0.002180699 -0.608849823 -0.002978990 -0.002182354 0.999993205 21.660623550
0.999994695 0.001394732 0.002915120 0.491352648 -0.001399862 0.999997616 0.001758564 -0.620633006 -0.002912660 -0.001762635 0.999994218 22.175069809
0.999997675 0.001138181 0.001817940 0.506120145 -0.001141445 0.999997675 0.001795314 -0.628990769 -0.001815893 -0.001797385 0.999996722 22.695970535
0.999998271 0.001272394 0.001355314 0.518028498 -0.001274744 0.999997675 0.001734460 -0.648808360 -0.001353104 -0.001736184 0.999997556 23.204010010
0.999999285 0.001064471 0.000517896 0.529154897 -0.001065558 0.999997199 0.002103095 -0.665678024 -0.000515656 -0.002103645 0.999997675 23.728805542
1.000000000 -0.000105114 -0.000021704 0.538111389 0.000105147 0.999998868 0.001500630 -0.679253638 0.000021547 -0.001500632 0.999998868 24.254991531
0.999999523 0.000824714 -0.000464796 0.545539916 -0.000823897 0.999998093 0.001755784 -0.689932227 0.000466243 -0.001755401 0.999998331 24.793220520
0.999998331 0.001331829 -0.001249966 0.553521216 -0.001328541 0.999995589 0.002627250 -0.713755846 0.001253460 -0.002625585 0.999995708 25.320833206
0.999997258 0.000466659 -0.002260737 0.565234363 -0.000461563 0.999997377 0.002254230 -0.722088873 0.002261784 -0.002253181 0.999994874 25.875164032
0.999996006 0.000926276 -0.002640615 0.572033167 -0.000919504 0.999996305 0.002564604 -0.736944318 0.002642981 -0.002562166 0.999993205 26.425354004
0.999996245 0.000566236 -0.002672081 0.575519502 -0.000557204 0.999994159 0.003379579 -0.753367722 0.002673978 -0.003378077 0.999990702 26.968593597
0.999992907 0.000122972 -0.003767217 0.590761662 -0.000110750 0.999994695 0.003244269 -0.766797125 0.003767595 -0.003243828 0.999987662 27.522422791
0.999993026 0.000515615 -0.003682542 0.599432766 -0.000502487 0.999993443 0.003564747 -0.787791908 0.003684356 -0.003562873 0.999986887 28.056343079
0.999991536 0.001087413 -0.003953542 0.604688764 -0.001073889 0.999993563 0.003421107 -0.799803436 0.003957236 -0.003416833 0.999986351 28.605880737
0.999991536 0.001206982 -0.003914975 0.608286381 -0.001194473 0.999994099 0.003195870 -0.812134564 0.003918808 -0.003191167 0.999987245 29.145818710
0.999990880 0.002059506 -0.003748356 0.610399961 -0.002046282 0.999991655 0.003528292 -0.826597750 0.003755592 -0.003520590 0.999986768 29.687078476
0.999991238 0.002147932 -0.003598155 0.611614168 -0.002133898 0.999990225 0.003899697 -0.839989424 0.003606496 -0.003891985 0.999985933 30.237228394
0.999988973 0.001579178 -0.004427871 0.629483998 -0.001562046 0.999991298 0.003869794 -0.858893275 0.004433943 -0.003862834 0.999982715 30.776664734
0.999989212 0.001624160 -0.004355216 0.636952341 -0.001610256 0.999993622 0.003193976 -0.862604678 0.004360375 -0.003186929 0.999985397 31.329071045
0.999987721 0.001891669 -0.004584429 0.640212953 -0.001877901 0.999993742 0.003005614 -0.876051784 0.004590087 -0.002996968 0.999984920 31.875247955
0.999985695 0.002197031 -0.004870842 0.649792790 -0.002186682 0.999995351 0.002129161 -0.887385726 0.004875499 -0.002118480 0.999985814 32.412597656
0.999982774 0.001643101 -0.005638026 0.659881234 -0.001630554 0.999996185 0.002229397 -0.900043726 0.005641668 -0.002220166 0.999981582 32.959693909
0.999982774 0.001379798 -0.005709616 0.662191212 -0.001369419 0.999997377 0.001821235 -0.910328209 0.005712114 -0.001813385 0.999981999 33.512924194
0.999984384 0.001338567 -0.005430203 0.666556478 -0.001327814 0.999997139 0.001983586 -0.928352237 0.005432844 -0.001976345 0.999983311 34.045127869
0.999982774 0.001329777 -0.005714166 0.670849562 -0.001321861 0.999998152 0.001388995 -0.936658323 0.005716003 -0.001381418 0.999982715 34.592830658
0.999981046 0.000957963 -0.006081259 0.684729338 -0.000947740 0.999998152 0.001683763 -0.954167724 0.006082861 -0.001677968 0.999980092 35.142768860
0.999984264 0.001484449 -0.005413788 0.687942147 -0.001475275 0.999997497 0.001698097 -0.967469215 0.005416295 -0.001690084 0.999983907 35.691402435
0.999978065 0.000904082 -0.006559337 0.699327528 -0.000895877 0.999998808 0.001253671 -0.980933189 0.006560463 -0.001247767 0.999977708 36.250549316
0.999980271 0.000655430 -0.006251882 0.703683615 -0.000647483 0.999998987 0.001273156 -0.991292894 0.006252709 -0.001269082 0.999979675 36.800380707
0.999978483 0.000547204 -0.006533828 0.712670743 -0.000536411 0.999998450 0.001653531 -1.007751226 0.006534722 -0.001649990 0.999977291 37.336208344
0.999979079 0.001258866 -0.006333069 0.713192165 -0.001248700 0.999997854 0.001608843 -1.022355676 0.006335081 -0.001600901 0.999978662 37.885906219
0.999983072 0.001343115 -0.005653135 0.714155793 -0.001329197 0.999996006 0.002465108 -1.041882157 0.005656422 -0.002457551 0.999980986 38.435741425
0.999984801 0.001424714 -0.005326192 0.718123734 -0.001410457 0.999995410 0.002679766 -1.060778141 0.005329987 -0.002672213 0.999982178 38.982788086
0.999983966 0.000766959 -0.005612719 0.729144573 -0.000755031 0.999997377 0.002126892 -1.071491122 0.005614335 -0.002122620 0.999981940 39.534324646
0.999982297 0.001631560 -0.005716622 0.740927458 -0.001618088 0.999995887 0.002360623 -1.089412332 0.005720450 -0.002351331 0.999980867 40.075767517
0.999983430 0.001371612 -0.005592878 0.746690452 -0.001362025 0.999997616 0.001717653 -1.098143697 0.005595220 -0.001710008 0.999982893 40.624290466
0.999978721 0.000888052 -0.006485649 0.760661960 -0.000875319 0.999997616 0.001965890 -1.114518881 0.006487382 -0.001960171 0.999977052 41.165355682
0.999969959 0.000796462 -0.007713418 0.773707986 -0.000780448 0.999997556 0.002078825 -1.126868010 0.007715055 -0.002072743 0.999968052 41.719234467
0.999968112 0.000529304 -0.007959678 0.778638422 -0.000510872 0.999997199 0.002317639 -1.144877434 0.007960883 -0.002313498 0.999965549 42.269943237
0.999960840 0.000888536 -0.008805756 0.786593080 -0.000873404 0.999998093 0.001722102 -1.152571559 0.008807269 -0.001714344 0.999959767 42.823879242
0.999964058 0.001077457 -0.008405308 0.788393259 -0.001059692 0.999997139 0.002117752 -1.164366603 0.008407564 -0.002108769 0.999962389 43.382358551
0.999959946 0.000733006 -0.008914807 0.795825481 -0.000712166 0.999997020 0.002340716 -1.183537960 0.008916497 -0.002334273 0.999957502 43.914432526
0.999957800 0.000222918 -0.009183832 0.806587577 -0.000202120 0.999997556 0.002265519 -1.195616603 0.009184314 -0.002263567 0.999955237 44.447273254
0.999952912 0.000247661 -0.009703933 0.814644575 -0.000226625 0.999997556 0.002168824 -1.211107254 0.009704447 -0.002166523 0.999950588 44.998188019
0.999955237 0.000211622 -0.009456850 0.821983993 -0.000195928 0.999998569 0.001660351 -1.221332788 0.009457186 -0.001658423 0.999953926 45.546333313
0.999958038 0.000633866 -0.009137300 0.826968312 -0.000619658 0.999998689 0.001557705 -1.231104255 0.009138275 -0.001551978 0.999957025 46.104351044
0.999963224 0.000607054 -0.008552102 0.827263176 -0.000595463 0.999998927 0.001357762 -1.242891073 0.008552917 -0.001352620 0.999962509 46.652645111
0.999966979 0.001400297 -0.008005363 0.827608109 -0.001397599 0.999998987 0.000342626 -1.247255802 0.008005835 -0.000331426 0.999967873 47.206302643
0.999965489 0.000699882 -0.008281752 0.831688881 -0.000691866 0.999999285 0.000970683 -1.264744639 0.008282426 -0.000964920 0.999965250 47.757465363
0.999966085 0.000774831 -0.008197024 0.838435531 -0.000762609 0.999998510 0.001494108 -1.283577561 0.008198171 -0.001487806 0.999965250 48.305171967
0.999967575 0.001021716 -0.007989602 0.845620990 -0.001013571 0.999998987 0.001023497 -1.292153835 0.007990640 -0.001015366 0.999967575 48.850482941
0.999965012 0.000948079 -0.008309442 0.857904077 -0.000934850 0.999998212 0.001595751 -1.314491272 0.008310940 -0.001587927 0.999964178 49.386379242
0.999968112 0.000731382 -0.007951646 0.862656772 -0.000714475 0.999997437 0.002128852 -1.329583406 0.007953184 -0.002123102 0.999966085 49.933158875
0.999963105 -0.000133769 -0.008581832 0.871857762 0.000151822 0.999997735 0.002103092 -1.343980312 0.008581530 -0.002104317 0.999960959 50.471633911
0.999964952 0.000569985 -0.008355871 0.873771906 -0.000551649 0.999997437 0.002196536 -1.360347867 0.008357101 -0.002191849 0.999962687 51.001655579
0.999964833 0.000625370 -0.008359141 0.887665629 -0.000605375 0.999996960 0.002394331 -1.377174973 0.008360613 -0.002389186 0.999962211 51.539131165
0.999962389 0.000661798 -0.008645708 0.897590756 -0.000645872 0.999998212 0.001844839 -1.388738632 0.008646914 -0.001839186 0.999960899 52.079154968
0.999964774 0.000479720 -0.008382755 0.906806231 -0.000464573 0.999998212 0.001808749 -1.406426549 0.008383608 -0.001804791 0.999963224 52.628528595
0.999962032 0.000871051 -0.008669321 0.913619399 -0.000860436 0.999998868 0.001228103 -1.416134596 0.008670383 -0.001220598 0.999961674 53.166072845
0.999968469 0.001672140 -0.007763373 0.909194827 -0.001663884 0.999997973 0.001069727 -1.429011941 0.007765147 -0.001056776 0.999969244 53.721446991
0.999967337 0.001605314 -0.007918390 0.916084051 -0.001598347 0.999998331 0.000886178 -1.444010854 0.007919800 -0.000873493 0.999968171 54.260864258
0.999970019 0.000512204 -0.007730270 0.926484227 -0.000502509 0.999999106 0.001256068 -1.462079525 0.007730906 -0.001252146 0.999969244 54.795795441
0.999967754 0.001166490 -0.007948368 0.934410572 -0.001158762 0.999998808 0.000976799 -1.475564241 0.007949498 -0.000967557 0.999967933 55.348876953
0.999969482 0.000584782 -0.007794155 0.937478840 -0.000575718 0.999999166 0.001165142 -1.492574692 0.007794829 -0.001160619 0.999968946 55.891880035
0.999975502 0.001064662 -0.006920567 0.934420466 -0.001057255 0.999998808 0.001073698 -1.503869176 0.006921701 -0.001066355 0.999975502 56.445198059
0.999969363 0.001217626 -0.007733130 0.949581265 -0.001207313 0.999998391 0.001338058 -1.522672534 0.007734748 -0.001328681 0.999969184 56.989532471
0.999969184 0.001884278 -0.007624142 0.954971552 -0.001876380 0.999997795 0.001042986 -1.530998468 0.007626091 -0.001028648 0.999970376 57.539413452
0.999967635 0.001511685 -0.007902040 0.964133382 -0.001503301 0.999998271 0.001066902 -1.548347473 0.007903639 -0.001054989 0.999968231 58.089050293
0.999965787 0.001357663 -0.008156908 0.972737551 -0.001352261 0.999998808 0.000667636 -1.559407949 0.008157805 -0.000656583 0.999966502 58.643352509
0.999966919 0.001713861 -0.007949178 0.971607208 -0.001709771 0.999998331 0.000521255 -1.573900223 0.007950058 -0.000507647 0.999968290 59.185241699
0.999964774 0.000815689 -0.008345614 0.981136441 -0.000817826 0.999999642 -0.000252648 -1.585511088 0.008345404 0.000259465 0.999965131 59.730201721
0.999967039 0.001045195 -0.008051395 0.991535008 -0.001047625 0.999999404 -0.000297620 -1.595424175 0.008051080 0.000306045 0.999967515 60.272529602
0.999966800 0.000531059 -0.008131429 0.996416748 -0.000524742 0.999999523 0.000779019 -1.616964817 0.008131839 -0.000774726 0.999966621 60.818946838
0.999969840 -0.000041660 -0.007768329 1.009209633 0.000046041 0.999999821 0.000563803 -1.631845355 0.007768305 -0.000564144 0.999969661 61.372116089
0.999969721 0.000434124 -0.007761807 1.017931819 -0.000423181 0.999998868 0.001411383 -1.652063966 0.007762411 -0.001408056 0.999968827 61.919090271
0.999972045 0.000607286 -0.007445415 1.015630841 -0.000598838 0.999999106 0.001136850 -1.664281964 0.007446100 -0.001132359 0.999971628 62.465301514
0.999966502 -0.000110912 -0.008174528 1.037826300 0.000125968 0.999998391 0.001841322 -1.708148479 0.008174310 -0.001842290 0.999964893 62.958812714
0.999974906 0.001023702 -0.007001564 1.026498318 -0.001017609 0.999999046 0.000873748 -1.693546891 0.007002451 -0.000866602 0.999975085 63.557811737
0.999976099 0.001706753 -0.006717270 1.027770281 -0.001701057 0.999998212 0.000853638 -1.708294272 0.006718715 -0.000842191 0.999977052 64.112937927
0.999968469 0.000275034 -0.007936842 1.062490940 -0.000266698 0.999999404 0.001051358 -1.739340544 0.007937125 -0.001049208 0.999967933 64.636459351
0.999965250 0.000663107 -0.008310148 1.075209141 -0.000654064 0.999999166 0.001090875 -1.753210187 0.008310866 -0.001085402 0.999964893 65.175315857
0.999967873 0.000871568 -0.007971884 1.086193204 -0.000864095 0.999999106 0.000940805 -1.771160364 0.007972698 -0.000933886 0.999967754 65.710754395
0.999968648 0.000942062 -0.007859712 1.091641903 -0.000937847 0.999999404 0.000539994 -1.776973128 0.007860216 -0.000532606 0.999968946 66.263305664
0.999969184 0.000612017 -0.007825515 1.100890160 -0.000612193 0.999999762 -0.000020150 -1.785991549 0.007825502 0.000024940 0.999969363 66.812728882
0.999971032 0.000596967 -0.007589562 1.112021685 -0.000600271 0.999999642 -0.000433195 -1.798794508 0.007589302 0.000437738 0.999971092 67.349548340
0.999968290 0.000601496 -0.007934926 1.125867844 -0.000603299 0.999999762 -0.000224763 -1.816166639 0.007934788 0.000229543 0.999968469 67.870857239
0.999968946 0.000591252 -0.007859184 1.135689974 -0.000589425 0.999999762 0.000234703 -1.840651035 0.007859321 -0.000230063 0.999969065 68.392936707
0.999972105 0.001696689 -0.007262161 1.133063316 -0.001695276 0.999998569 0.000200736 -1.859399796 0.007262492 -0.000188419 0.999973595 68.930557251
0.999968946 0.001119795 -0.007799688 1.146909356 -0.001118431 0.999999344 0.000179356 -1.878855228 0.007799884 -0.000170627 0.999969542 69.464241028
0.999974132 0.001540957 -0.007024876 1.146432161 -0.001537725 0.999998689 0.000465453 -1.904104710 0.007025583 -0.000454639 0.999975204 70.004707336
0.999977469 0.001546073 -0.006536659 1.146904230 -0.001540099 0.999998331 0.000918785 -1.926639676 0.006538070 -0.000908698 0.999978185 70.542068481
0.999974191 0.001272147 -0.007070505 1.162120938 -0.001268745 0.999999106 0.000485627 -1.939770699 0.007071116 -0.000476644 0.999974906 71.090263367
0.999972641 0.001199900 -0.007296329 1.176625133 -0.001195391 0.999999106 0.000622378 -1.960793734 0.007297068 -0.000613639 0.999973178 71.629081726
0.999976099 0.001499916 -0.006750303 1.181842566 -0.001494888 0.999998629 0.000749600 -1.977794886 0.006751420 -0.000739491 0.999976873 72.163833618
0.999973953 0.001435248 -0.007064388 1.196123123 -0.001428278 0.999998450 0.000991456 -1.999306917 0.007065799 -0.000981341 0.999974549 72.694793701
0.999972701 0.000567131 -0.007357249 1.214153767 -0.000560047 0.999999404 0.000964968 -2.015182018 0.007357791 -0.000960822 0.999972463 73.226287842
0.999973893 0.001137622 -0.007139678 1.214840889 -0.001131292 0.999998987 0.000890563 -2.027388334 0.007140684 -0.000882463 0.999974132 73.775184631
0.999970257 0.000323678 -0.007706407 1.235080242 -0.000320711 0.999999821 0.000386192 -2.040411472 0.007706531 -0.000383709 0.999970257 74.329193115
0.999967396 0.000318984 -0.008068232 1.245514750 -0.000311444 0.999999523 0.000935882 -2.065740824 0.008068526 -0.000933339 0.999967039 74.837440491
0.999963641 -0.000498637 -0.008503732 1.256515265 0.000505770 0.999999464 0.000836628 -2.085569620 0.008503312 -0.000840899 0.999963522 75.376350403
0.999959588 -0.001005666 -0.008935155 1.269681454 0.001010409 0.999999344 0.000526479 -2.099676609 0.008934620 -0.000535486 0.999959946 75.925170898
0.999959171 -0.000323673 -0.009030470 1.273603678 0.000332289 0.999999404 0.000952700 -2.123394728 0.009030157 -0.000955662 0.999958754 76.461578369
0.999959588 -0.000186960 -0.008990834 1.281701803 0.000201063 0.999998748 0.001567673 -2.152780771 0.008990531 -0.001569417 0.999958277 77.006973267
0.999960184 -0.000265925 -0.008921538 1.284679651 0.000280230 0.999998689 0.001602179 -2.173155785 0.008921101 -0.001604616 0.999958873 77.540580750
0.999961674 -0.000670733 -0.008732179 1.286162972 0.000681141 0.999999046 0.001189013 -2.179261684 0.008731374 -0.001194915 0.999961138 78.124748230
0.999963760 -0.000252618 -0.008520880 1.290874362 0.000261441 0.999999344 0.001034218 -2.195374727 0.008520614 -0.001036408 0.999963164 78.718284607
0.999969065 -0.000497021 -0.007844616 1.292698145 0.000505568 0.999999285 0.001087530 -2.208939075 0.007844068 -0.001091462 0.999968648 79.265495300
0.999966025 -0.000171301 -0.008235326 1.296416521 0.000176594 0.999999762 0.000641949 -2.221341133 0.008235213 -0.000643382 0.999965906 79.816177368
0.999965370 0.000039330 -0.008314827 1.301048756 -0.000033969 0.999999762 0.000644832 -2.235588312 0.008314851 -0.000644528 0.999965191 80.363548279
0.999975979 0.000567968 -0.006911790 1.300443172 -0.000562731 0.999999583 0.000759495 -2.248377085 0.006912217 -0.000755587 0.999975801 80.902793884
0.999984682 0.000802896 -0.005478115 1.299089551 -0.000801547 0.999999642 0.000248571 -2.259349346 0.005478313 -0.000244176 0.999984980 81.451889038
0.999991417 0.000606979 -0.004098560 1.303503513 -0.000605266 0.999999702 0.000419135 -2.277590752 0.004098814 -0.000416651 0.999991477 81.992294312
0.999996722 0.000753390 -0.002420452 1.301024795 -0.000752638 0.999999642 0.000311404 -2.288353920 0.002420686 -0.000309581 0.999997020 82.543022156
0.999999166 0.000888970 0.000921330 1.309977055 -0.000889263 0.999999583 0.000318770 -2.303335428 -0.000921047 -0.000319589 0.999999523 83.092536926
0.999989867 0.000403403 0.004467624 1.322524190 -0.000405039 0.999999881 0.000365388 -2.313669682 -0.004467475 -0.000367194 0.999989927 83.631629944
0.999968886 -0.000108891 0.007888072 1.327638388 0.000111585 0.999999940 -0.000341161 -2.320332050 -0.007888034 0.000342031 0.999968767 84.191078186
0.999913633 0.000558975 0.013128841 1.337057471 -0.000555191 0.999999762 -0.000291890 -2.331941128 -0.013129003 0.000284575 0.999913752 84.748092651
0.999797106 0.000896546 0.020120636 1.350787878 -0.000878698 0.999999225 -0.000895885 -2.336967230 -0.020121425 0.000878023 0.999797165 85.302124023
0.999661624 0.000850628 0.025997717 1.369064093 -0.000825215 0.999999166 -0.000988217 -2.352238655 -0.025998538 0.000966429 0.999661446 85.852546692
0.999480903 0.001619122 0.032176565 1.390033722 -0.001590085 0.999998331 -0.000927977 -2.364476919 -0.032178022 0.000876332 0.999481797 86.400047302
0.999181747 0.001524644 0.040417146 1.417895317 -0.001449270 0.999997139 -0.001894169 -2.364315987 -0.040419921 0.001834044 0.999181092 86.966888428
0.998778403 0.001564875 0.049388107 1.452419519 -0.001477466 0.999997258 -0.001806273 -2.385913372 -0.049390797 0.001731098 0.998778164 87.506362915
0.998336017 0.001908743 0.057634920 1.475496292 -0.001825842 0.999997199 -0.001491007 -2.406713247 -0.057637617 0.001383293 0.998336554 88.037765503
0.997733414 0.001973112 0.067261167 1.518166065 -0.001856738 0.999996603 -0.001792647 -2.417080402 -0.067264467 0.001663698 0.997733772 88.582366943
0.996927321 0.002380492 0.078295603 1.560405731 -0.002277566 0.999996364 -0.001403845 -2.438425064 -0.078298673 0.001221208 0.996929348 89.094520569
0.996174812 0.002103562 0.087357119 1.609321117 -0.001967415 0.999996662 -0.001644586 -2.450608253 -0.087360293 0.001466428 0.996175706 89.622146606
0.995370388 0.002322578 0.096085340 1.648244381 -0.002202185 0.999996781 -0.001358995 -2.485983372 -0.096088171 0.001141106 0.995372176 90.117156982
0.994134128 0.002444991 0.108126737 1.720106125 -0.002201415 0.999994755 -0.002371995 -2.465783119 -0.108131982 0.002120049 0.994134307 90.788864136
0.992894650 0.002296397 0.118974783 1.793744087 -0.002048936 0.999995470 -0.002202228 -2.488475323 -0.118979298 0.001942809 0.992894828 91.312995911
0.991703451 0.001954078 0.128531605 1.878606796 -0.001670681 0.999995947 -0.002312656 -2.506039858 -0.128535613 0.002078733 0.991702735 91.863235474
0.990219593 0.002268815 0.139498651 1.970663071 -0.001988307 0.999995649 -0.002150157 -2.520236015 -0.139502913 0.001851762 0.990219951 92.400482178
0.988381326 0.002182911 0.151978388 2.071250916 -0.001837381 0.999995351 -0.002413951 -2.538348675 -0.151982963 0.002106662 0.988380849 92.958686829
0.986660302 0.001530818 0.162785396 2.171284676 -0.001226174 0.999997318 -0.001971904 -2.569401264 -0.162787974 0.001745997 0.986659527 93.473922729
0.984805763 0.001335860 0.173654348 2.297516823 -0.000909932 0.999996364 -0.002532321 -2.566035032 -0.173657119 0.002335830 0.984803319 94.084747314
0.982327938 0.001865454 0.187158182 2.422612190 -0.001362210 0.999995112 -0.002817448 -2.566802979 -0.187162548 0.002512710 0.982325733 94.674011230
0.980000138 0.001041104 0.198993668 2.551685333 -0.000561322 0.999996722 -0.002467439 -2.599014521 -0.198995590 0.002306391 0.979997694 95.165908813
0.977891505 0.000676862 0.209111452 2.681182861 -0.000149820 0.999996781 -0.002536220 -2.613900900 -0.209112480 0.002448819 0.977888525 95.677513123
0.974883199 0.000543884 0.222716108 2.824533463 0.000049558 0.999996424 -0.002658965 -2.630780458 -0.222716764 0.002603218 0.974879742 96.211875916
0.971635997 0.000618155 0.236480653 2.973024368 -0.000025691 0.999996781 -0.002508407 -2.646625042 -0.236481473 0.002431182 0.971632957 96.740402222
0.969027519 0.000131427 0.246952802 3.123334885 0.000369978 0.999997973 -0.001983962 -2.674411774 -0.246952593 0.002013880 0.969025493 97.234123230
0.965969801 -0.000872574 0.258653283 3.289865494 0.001445530 0.999996901 -0.002024979 -2.688684940 -0.258650690 0.002329960 0.965968132 97.741989136
0.961952150 0.000472670 0.273217529 3.435920715 0.000040187 0.999998271 -0.001871500 -2.707475185 -0.273217976 0.001811273 0.961950481 98.223464966
0.958344042 -0.000061252 0.285616308 3.616491318 0.000740111 0.999997079 -0.002268879 -2.723364115 -0.285615355 0.002385754 0.958341360 98.747657776
0.955214381 -0.001052706 0.295912683 3.810125351 0.001739024 0.999996364 -0.002056142 -2.739928246 -0.295909464 0.002478657 0.955212772 99.263175964
0.950991452 -0.001891311 0.309211075 4.008127213 0.002774698 0.999993324 -0.002417174 -2.746797085 -0.309204459 0.003156680 0.950990260 99.781753540
0.946399450 -0.001817893 0.322993428 4.221405029 0.002858457 0.999992132 -0.002747313 -2.763877869 -0.322985888 0.003523317 0.946397245 100.301368713
0.942628622 -0.002666918 0.333832473 4.431182861 0.003751494 0.999989510 -0.002604226 -2.779814482 -0.333822042 0.003707189 0.942628801 100.794792175
0.937712491 -0.001674230 0.347408414 4.642425537 0.003001024 0.999990046 -0.003281106 -2.789240122 -0.347399503 0.004119316 0.937708199 101.326995850
0.932889223 -0.003547180 0.360145926 4.938058853 0.004969677 0.999983013 -0.003023882 -2.798224688 -0.360129178 0.004610755 0.932891071 101.885719299
0.928098738 -0.003371110 0.372318834 5.160385132 0.005002326 0.999981642 -0.003415364 -2.808759928 -0.372300386 0.005032256 0.928098619 102.393791199
0.923401654 -0.004380669 0.383810133 5.396940231 0.006161140 0.999975145 -0.003409619 -2.824860334 -0.383785665 0.005513155 0.923405647 102.895408630
0.917522967 -0.004482876 0.397657603 5.639575958 0.006349558 0.999974072 -0.003377541 -2.836773634 -0.397632062 0.005623920 0.917527676 103.393875122
0.911907375 -0.005173012 0.410363436 5.890274048 0.007274793 0.999967217 -0.003560492 -2.848888397 -0.410331607 0.006232147 0.911915123 103.882186890
0.906952798 -0.005765262 0.421192795 6.140403748 0.008053088 0.999960899 -0.003653277 -2.865989208 -0.421155274 0.006705252 0.906963766 104.365814209
0.900689483 -0.005691875 0.434426010 6.388488770 0.007809726 0.999964654 -0.003090199 -2.892260313 -0.434393197 0.006176058 0.900702119 104.828956604
0.894188583 -0.006493273 0.447643399 6.670059204 0.009030999 0.999952972 -0.003535063 -2.902814627 -0.447599411 0.007203680 0.894205153 105.327980042
0.888207793 -0.007242863 0.459384829 6.933750153 0.009795303 0.999946952 -0.003173340 -2.923883200 -0.459337443 0.007318399 0.888231695 105.799736023
0.882575333 -0.007672179 0.470108509 7.208759308 0.010400819 0.999940753 -0.003207304 -2.938184500 -0.470055968 0.007720200 0.882602811 106.279121399
0.875466704 -0.007831298 0.483214945 7.500576019 0.010534833 0.999940276 -0.002880838 -2.958384752 -0.483163506 0.007612665 0.875496984 106.754943848
0.868383586 -0.008291653 0.495823830 7.805908203 0.011435958 0.999929130 -0.003307085 -2.963992357 -0.495761156 0.008542039 0.868416846 107.258468628
0.862598896 -0.008732930 0.505813062 8.094684601 0.011925254 0.999924183 -0.003073157 -2.983476400 -0.505747855 0.008682851 0.862637639 107.709777832
