1.000000000 0.000000000 0.000000000 0.000000000 0.000000000 1.000000000 0.000000000 0.000000000 0.000000000 0.000000000 1.000000000 0.000000000
1.000000000 0.000028611 -0.000066630 0.000844379 -0.000028607 1.000000000 0.000053612 -0.000631351 0.000066631 -0.000053610 1.000000000 -0.003182633
1.000000000 0.000142198 0.000010473 0.000940224 -0.000142198 1.000000000 -0.000025165 -0.000248901 -0.000010477 0.000025164 1.000000000 -0.003397823
1.000000000 -0.000036017 0.000016587 0.001651398 0.000036014 1.000000000 0.000171376 -0.000385308 -0.000016594 -0.000171375 1.000000000 -0.003944370
1.000000000 0.000089965 -0.000007560 0.001531300 -0.000089964 1.000000000 0.000046582 0.000255249 0.000007564 -0.000046581 1.000000000 -0.001064537
1.000000000 -0.000009382 -0.000005195 -0.000046399 0.000009382 1.000000000 -0.000006181 -0.000081672 0.000005195 0.000006181 1.000000000 -0.002939277
1.000000000 0.000054025 -0.000025412 0.001724117 -0.000054022 1.000000000 0.000108169 -0.000370669 0.000025418 -0.000108167 1.000000000 -0.004940140
1.000000000 -0.000006754 0.000006014 -0.000009781 0.000006754 1.000000000 0.000074397 0.000427293 -0.000006014 -0.000074397 1.000000000 -0.003284888
1.000000000 0.000030134 0.000035820 0.001019265 -0.000030135 1.000000000 0.000049709 -0.000264014 -0.000035819 -0.000049710 1.000000000 -0.007508308
1.000000000 -0.000016523 0.000039428 -0.000073141 0.000016523 1.000000000 -0.000001301 -0.000270288 -0.000039428 0.000001302 1.000000000 -0.004748203
1.000000000 -0.000017900 0.000017141 -0.000048832 0.000017898 1.000000000 0.000096332 -0.000375638 -0.000017143 -0.000096331 1.000000000 -0.005402487
1.000000000 -0.000063935 0.000033662 -0.000634667 0.000063933 1.000000000 0.000058829 -0.002552015 -0.000033665 -0.000058826 1.000000000 -0.002729543
1.000000000 -0.000083564 0.000095515 0.000210624 0.000083562 1.000000000 0.000019717 -0.000761364 -0.000095517 -0.000019709 1.000000000 -0.003883315
1.000000000 0.000042302 -0.000010183 0.000655445 -0.000042302 1.000000000 0.000070156 -0.000338582 0.000010186 -0.000070155 1.000000000 -0.005503368
1.000000000 -0.000020836 0.000004448 0.000108752 0.000020835 1.000000000 0.000121891 0.000099237 -0.000004451 -0.000121891 1.000000000 -0.004821771
1.000000000 -0.000197612 -0.000008096 -0.000824251 0.000197612 1.000000000 -0.000031800 0.000279822 0.000008102 0.000031799 1.000000000 -0.004430663
1.000000000 -0.000081869 0.000059999 -0.000327839 0.000081867 1.000000000 0.000047674 0.000104646 -0.000060003 -0.000047669 1.000000000 -0.004659983
1.000000000 0.000067594 -0.000001702 0.000490396 -0.000067594 1.000000000 0.000121806 -0.000570459 0.000001710 -0.000121806 1.000000000 -0.008447859
1.000000000 -0.000034094 0.000028048 0.000102158 0.000034093 1.000000000 0.000020251 -0.000431296 -0.000028048 -0.000020250 1.000000000 -0.004440176
1.000000000 -0.000165329 0.000101193 0.000355512 0.000165329 1.000000000 -0.000002299 -0.000427802 -0.000101192 0.000002316 1.000000000 -0.008099237
1.000000000 -0.000016335 0.000128600 -0.003049261 0.000016329 1.000000000 0.000047174 -0.001459068 -0.000128601 -0.000047172 1.000000000 0.000050348
1.000000000 0.000059822 0.000066398 -0.000283635 -0.000059831 1.000000000 0.000121093 -0.000196486 -0.000066391 -0.000121097 1.000000000 -0.006439960
1.000000000 -0.000161063 -0.000023240 0.003073304 0.000161064 1.000000000 0.000044167 -0.001233456 0.000023232 -0.000044171 1.000000000 -0.009745763
1.000000000 -0.000179127 -0.000019806 0.002762056 0.000179130 0.999999940 0.000175092 -0.002509396 0.000019774 -0.000175096 1.000000000 -0.010981777
1.000000000 -0.000002695 0.000031472 0.001150736 0.000002690 1.000000000 0.000150456 -0.000142089 -0.000031472 -0.000150456 1.000000000 -0.010115447
1.000000000 -0.000168931 0.000012812 0.000741179 0.000168928 1.000000000 0.000171209 -0.001076134 -0.000012840 -0.000171207 1.000000000 -0.004491567
1.000000000 -0.000126778 0.000004448 -0.000497287 0.000126777 1.000000000 0.000039082 -0.001116245 -0.000004453 -0.000039082 1.000000000 -0.008613206
1.000000000 0.000002076 -0.000001280 0.000029162 -0.000002076 1.000000000 0.000158729 -0.001952472 0.000001280 -0.000158729 1.000000000 -0.001997135
1.000000000 -0.000124607 -0.000004390 -0.001951269 0.000124608 1.000000000 0.000103736 0.000729886 0.000004377 -0.000103736 1.000000000 -0.003797596
1.000000000 -0.000168234 0.000012590 -0.000555006 0.000168234 1.000000000 0.000066336 -0.000007988 -0.000012601 -0.000066334 1.000000000 -0.002991019
1.000000000 -0.000094678 0.000048018 -0.000312567 0.000094671 1.000000000 0.000153073 -0.001963945 -0.000048033 -0.000153069 1.000000000 -0.003317627
1.000000000 -0.000194506 -0.000065026 -0.002514079 0.000194516 0.999999940 0.000155031 -0.000482379 0.000064996 -0.000155043 1.000000000 -0.003242556
1.000000000 -0.000096058 -0.000036671 0.000731849 0.000096065 1.000000000 0.000185999 -0.002150259 0.000036654 -0.000186002 1.000000000 -0.004829778
1.000000000 -0.000082264 -0.000059107 0.001753134 0.000082269 1.000000000 0.000082705 -0.000784325 0.000059100 -0.000082710 1.000000000 -0.006684602
1.000000000 -0.000003943 -0.000021755 0.000181368 0.000003943 1.000000000 0.000030431 -0.000266995 0.000021755 -0.000030431 1.000000000 -0.002887433
1.000000000 -0.000042882 0.000005232 -0.002093449 0.000042882 1.000000000 -0.000008244 0.001849104 -0.000005232 0.000008244 1.000000000 -0.001859681
0.999999940 -0.000271510 -0.000061210 0.000143490 0.000271513 0.999999940 0.000036911 0.000381030 0.000061200 -0.000036928 1.000000000 -0.005529311
1.000000000 -0.000103009 0.000029167 -0.000215898 0.000103007 1.000000000 0.000037856 0.001031837 -0.000029171 -0.000037853 1.000000000 -0.003639330
1.000000000 -0.000141595 -0.000017429 -0.000272329 0.000141599 1.000000000 0.000185129 0.000034150 0.000017403 -0.000185131 1.000000000 -0.004587960
0.999999940 -0.000261432 -0.000108909 0.000254271 0.000261438 0.999999940 0.000058973 -0.001598675 0.000108894 -0.000059002 1.000000000 0.003556846
1.000000000 -0.000169169 -0.000152925 0.006189381 0.000169106 0.999999881 -0.000413536 -0.007251463 0.000152995 0.000413510 0.999999881 0.045506179
0.999999881 -0.000396007 -0.000210361 0.007656987 0.000395788 0.999999404 -0.001037566 -0.006600310 0.000210772 0.001037483 0.999999464 0.139096245
1.000000000 -0.000205471 -0.000004481 0.003637469 0.000205465 0.999999046 -0.001369040 -0.012159250 0.000004763 0.001369039 0.999999046 0.264272392
0.999999940 -0.000292796 0.000040167 0.005853159 0.000292845 0.999999166 -0.001236486 -0.017620131 -0.000039805 0.001236498 0.999999225 0.390864432
0.999999940 0.000299126 -0.000028607 0.008415510 -0.000299155 0.999999464 -0.001004314 -0.023088597 0.000028306 0.001004323 0.999999523 0.544952154
1.000000000 0.000066148 -0.000021729 0.016180567 -0.000066170 0.999999464 -0.001024456 -0.025021680 0.000021661 0.001024457 0.999999464 0.698142946
1.000000000 0.000182351 0.000049421 0.025968231 -0.000182324 0.999999821 -0.000540695 -0.041399330 -0.000049520 0.000540686 0.999999881 0.845688641
1.000000000 -0.000025372 -0.000035483 0.024424216 0.000025354 0.999999881 -0.000506102 -0.040904809 0.000035496 0.000506102 0.999999881 1.024760485
0.999999642 0.000706709 0.000523009 0.010260065 -0.000706406 0.999999583 -0.000579282 -0.043087702 -0.000523418 0.000578912 0.999999702 1.188998818
1.000000000 0.000073097 0.000179027 0.028693255 -0.000073057 1.000000000 -0.000227250 -0.053859543 -0.000179044 0.000227237 0.999999940 1.403346658
0.999999940 0.000280378 0.000135052 0.035770722 -0.000280331 0.999999881 -0.000353072 -0.061278172 -0.000135151 0.000353035 0.999999940 1.603737950
0.999999583 0.000555397 0.000697788 0.036262259 -0.000555328 0.999999821 -0.000099182 -0.064863175 -0.000697843 0.000098794 0.999999762 1.797374964
0.999998271 0.001123605 0.001467875 0.034180418 -0.001124937 0.999998927 0.000906910 -0.095554188 -0.001466854 -0.000908559 0.999998510 1.898804307
0.999997556 0.001676009 0.001418685 0.039931104 -0.001677397 0.999998093 0.000977894 -0.100972705 -0.001417044 -0.000980271 0.999998510 2.125129223
0.999997199 0.001750248 0.001554682 0.037330162 -0.001751829 0.999997854 0.001015881 -0.108127460 -0.001552901 -0.001018602 0.999998271 2.330799818
0.999998927 0.000760941 0.001336944 0.050840497 -0.000762608 0.999999046 0.001246544 -0.124711238 -0.001335994 -0.001247562 0.999998331 2.554377079
0.999998152 0.000983426 0.001628624 0.049041651 -0.000985091 0.999999046 0.001021598 -0.126952276 -0.001627618 -0.001023200 0.999998212 2.792616129
0.999998391 0.000873857 0.001559869 0.059139952 -0.000875985 0.999998748 0.001363798 -0.136504874 -0.001558675 -0.001365162 0.999997914 3.032404661
0.999997973 0.001091106 0.001684431 0.062831722 -0.001093315 0.999998629 0.001311070 -0.141913846 -0.001682998 -0.001312909 0.999997735 3.270095825
0.999998093 0.000942222 0.001692782 0.065515906 -0.000945044 0.999998152 0.001666574 -0.158684254 -0.001691209 -0.001668171 0.999997139 3.500947714
0.999997854 0.001217087 0.001726672 0.067901470 -0.001220140 0.999997675 0.001768662 -0.167849556 -0.001724516 -0.001770765 0.999996960 3.748394728
0.999998212 0.000820399 0.001678048 0.072456725 -0.000823643 0.999997795 0.001933308 -0.178288624 -0.001676458 -0.001934687 0.999996722 4.006899357
0.999996960 0.001399102 0.002058494 0.068469360 -0.001403743 0.999996483 0.002254742 -0.185579583 -0.002055332 -0.002257624 0.999995351 4.267800331
0.999998331 0.000785708 0.001641876 0.083992660 -0.000789580 0.999996901 0.002358829 -0.192213699 -0.001640018 -0.002360121 0.999995887 4.527987003
0.999997616 0.000651626 0.002060665 0.077740788 -0.000656492 0.999997139 0.002361919 -0.207266599 -0.002059119 -0.002363267 0.999995112 4.765398026
0.999995470 0.001542325 0.002573272 0.083442986 -0.001548320 0.999996066 0.002329402 -0.209377140 -0.002569669 -0.002333376 0.999994040 5.036542416
0.999997675 0.000830831 0.001966365 0.096103184 -0.000835525 0.999996781 0.002387491 -0.213605598 -0.001964375 -0.002389128 0.999995232 5.307710171
0.999997318 0.000912736 0.002106897 0.105999961 -0.000917498 0.999997020 0.002260192 -0.220138684 -0.002104828 -0.002262119 0.999995232 5.570338249
0.999997318 0.000977474 0.002062324 0.099491499 -0.000982620 0.999996364 0.002495585 -0.245216325 -0.002059877 -0.002497605 0.999994755 5.835789204
0.999995828 0.001350514 0.002538111 0.096979752 -0.001357327 0.999995410 0.002684415 -0.255996764 -0.002534474 -0.002687849 0.999993145 6.109075546
0.999994457 0.001812960 0.002794024 0.102784529 -0.001819713 0.999995410 0.002416375 -0.257903188 -0.002789630 -0.002421446 0.999993145 6.406073570
0.999995291 0.001575558 0.002617688 0.112961829 -0.001581807 0.999996006 0.002386865 -0.266904384 -0.002613917 -0.002390995 0.999993742 6.682798386
0.999997258 0.000492458 0.002278882 0.124333039 -0.000497705 0.999997258 0.002302714 -0.260272473 -0.002277742 -0.002303842 0.999994814 7.004060268
0.999997735 0.000969643 0.001888463 0.138965651 -0.000975381 0.999994874 0.003039588 -0.303717762 -0.001885506 -0.003041423 0.999993622 7.271775723
0.999997616 0.001009182 0.001932623 0.151955128 -0.001015087 0.999994814 0.003056657 -0.319210678 -0.001929529 -0.003058612 0.999993443 7.574483395
0.999997199 0.001269950 0.001989832 0.160686165 -0.001276545 0.999993742 0.003316341 -0.336534828 -0.001985607 -0.003318872 0.999992549 7.906946659
0.999997079 0.001019804 0.002182966 0.158386841 -0.001026469 0.999994814 0.003054524 -0.329744190 -0.002179839 -0.003056756 0.999992967 8.225442886
0.999996781 0.001127973 0.002282983 0.162707895 -0.001135837 0.999993443 0.003446608 -0.352042079 -0.002279080 -0.003449190 0.999991477 8.528181076
0.999997139 0.000879114 0.002255347 0.167343348 -0.000886561 0.999994218 0.003302732 -0.359465569 -0.002252430 -0.003304722 0.999992013 8.860083580
0.999996066 0.001180667 0.002537642 0.180628255 -0.001188764 0.999994278 0.003191732 -0.371036530 -0.002533859 -0.003194737 0.999991715 9.187257767
0.999998271 0.000338861 0.001868768 0.196366146 -0.000344645 0.999995172 0.003095540 -0.379738152 -0.001867710 -0.003096179 0.999993503 9.526129723
0.999997854 0.000472482 0.002019210 0.192262843 -0.000478718 0.999995232 0.003089029 -0.377043456 -0.002017740 -0.003089989 0.999993205 9.879129410
0.999997795 0.000615518 0.001993133 0.214991182 -0.000621952 0.999994516 0.003229231 -0.402959198 -0.001991135 -0.003230463 0.999992788 10.211481094
0.999998569 0.000274932 0.001701618 0.228684038 -0.000280624 0.999994338 0.003345799 -0.414098024 -0.001700689 -0.003346271 0.999992907 10.567434311
0.999997795 0.000479653 0.002010654 0.229334161 -0.000487057 0.999993026 0.003683320 -0.418348640 -0.002008874 -0.003684292 0.999991238 10.954548836
0.999998093 0.000495525 0.001882364 0.239110619 -0.000503107 0.999991715 0.004029945 -0.436195195 -0.001880352 -0.004030884 0.999990046 11.322622299
0.999998152 0.000424525 0.001873010 0.276046783 -0.000431298 0.999993324 0.003616908 -0.430591315 -0.001871462 -0.003617709 0.999991715 11.723378181
0.999997973 0.000493548 0.001996795 0.272113800 -0.000500915 0.999993026 0.003690443 -0.446289450 -0.001994960 -0.003691436 0.999991179 12.109784126
0.999997318 0.000460885 0.002275701 0.262186736 -0.000470763 0.999990463 0.004342012 -0.492177337 -0.002273678 -0.004343071 0.999987960 12.427132607
0.999996662 0.000767364 0.002481127 0.267451823 -0.000777862 0.999990761 0.004232662 -0.497251093 -0.002477855 -0.004234577 0.999987960 12.820507050
0.999997854 0.000331430 0.002033328 0.287360609 -0.000340155 0.999990761 0.004292306 -0.508311510 -0.002031887 -0.004292988 0.999988735 13.240355492
0.999996185 0.001009404 0.002582375 0.300191730 -0.001020131 0.999990940 0.004155637 -0.513547122 -0.002578156 -0.004158256 0.999988019 13.653699875
0.999994457 0.001371826 0.003031626 0.291929871 -0.001386492 0.999987423 0.004841004 -0.532239556 -0.003024946 -0.004845180 0.999983668 14.071601868
0.999995828 -0.000787543 0.002782424 0.312138945 0.000773985 0.999987841 0.004870708 -0.583433867 -0.002786226 -0.004868533 0.999984264 14.450758934
0.999995470 -0.000289880 0.002993398 0.324411660 0.000274556 0.999986827 0.005118436 -0.595283866 -0.002994842 -0.005117591 0.999982417 14.872708321
0.999994278 -0.000464105 0.003336738 0.337585896 0.000445015 0.999983549 0.005719482 -0.614345908 -0.003339337 -0.005717964 0.999978065 15.279474258
0.999991298 0.000600101 0.004120694 0.346886784 -0.000623046 0.999984324 0.005569184 -0.618961275 -0.004117287 -0.005571703 0.999975920 15.750528336
0.999991953 -0.000624944 0.003963695 0.361318916 0.000601273 0.999982059 0.005970248 -0.634154856 -0.003967355 -0.005967816 0.999974310 16.240470886
0.999991834 -0.001073350 0.003890326 0.373066962 0.001049975 0.999981403 0.006005495 -0.668951988 -0.003896700 -0.006001362 0.999974370 16.592384338
0.999989986 -0.000589162 0.004438507 0.386725545 0.000563020 0.999982536 0.005888870 -0.679875314 -0.004441899 -0.005886311 0.999972820 17.061218262
0.999989927 -0.000293510 0.004454907 0.398309499 0.000265651 0.999980390 0.006252720 -0.689635932 -0.004456654 -0.006251473 0.999970496 17.527687073
0.999986768 -0.000391434 0.005114660 0.407698035 0.000356923 0.999977171 0.006746647 -0.707680464 -0.005117184 -0.006744732 0.999964118 17.985956192
0.999984503 -0.000767045 0.005516983 0.414229572 0.000728237 0.999975026 0.007032733 -0.732648969 -0.005522239 -0.007028606 0.999960005 18.434240341
0.999986053 -0.001788327 0.004981181 0.439459831 0.001753906 0.999974668 0.006906033 -0.742275476 -0.004993403 -0.006897199 0.999963820 18.914627075
0.999985814 -0.001277612 0.005170228 0.451571375 0.001241223 0.999974549 0.007035227 -0.751978397 -0.005179084 -0.007028709 0.999961972 19.384853363
0.999985754 -0.000765352 0.005285141 0.471575022 0.000724335 0.999969602 0.007758384 -0.779386759 -0.005290918 -0.007754446 0.999955952 19.874816895
0.999984920 -0.000258562 0.005500124 0.483903646 0.000216452 0.999970734 0.007655414 -0.796432197 -0.005501942 -0.007654108 0.999955595 20.359537125
0.999986827 -0.001242286 0.004982957 0.494013965 0.001204831 0.999971032 0.007512556 -0.804713964 -0.004992145 -0.007506454 0.999959350 20.806442261
0.999990165 -0.001631173 0.004134124 0.505459309 0.001601366 0.999972761 0.007203092 -0.802806139 -0.004145760 -0.007196400 0.999965549 21.323472977
0.999992430 -0.001704778 0.003488540 0.519964159 0.001679914 0.999973238 0.007117705 -0.820058823 -0.003500581 -0.007111791 0.999968588 21.843059540
0.999990225 -0.001071460 0.004299534 0.499285012 0.001036874 0.999967158 0.008038434 -0.841743469 -0.004308005 -0.008033897 0.999958456 22.361421585
0.999991179 -0.003046394 0.002881653 0.536823273 0.003024126 0.999965787 0.007700526 -0.848952770 -0.002905013 -0.007691744 0.999966204 22.811203003
0.999992907 -0.003346527 0.001712905 0.554890215 0.003333298 0.999965072 0.007668996 -0.863972723 -0.001738509 -0.007663234 0.999969125 23.339488983
0.999991715 -0.003725672 0.001604267 0.553742230 0.003712795 0.999961436 0.007956294 -0.881355226 -0.001633847 -0.007950272 0.999967098 23.878131866
0.999995589 -0.002658072 0.001331943 0.560618162 0.002647481 0.999965370 0.007891526 -0.898009419 -0.001352873 -0.007887965 0.999967992 24.333271027
0.999997318 -0.002244319 0.000682748 0.573768079 0.002238790 0.999965549 0.007993588 -0.904543757 -0.000700665 -0.007992038 0.999967873 24.880451202
0.999997556 -0.002213582 -0.000061391 0.577670217 0.002214006 0.999964893 0.008086869 -0.912116051 0.000043488 -0.008086985 0.999967337 25.424053192
0.999997318 -0.002311813 0.000228236 0.585368037 0.002309917 0.999965608 0.007982901 -0.927022398 -0.000246683 -0.007982354 0.999968112 25.891080856
0.999995708 -0.002933034 -0.000222426 0.596060038 0.002934792 0.999960721 0.008366782 -0.932292581 0.000197878 -0.008367399 0.999965012 26.436563492
0.999997079 -0.002363531 -0.000520881 0.592590570 0.002367857 0.999961376 0.008467391 -0.960865140 0.000500848 -0.008468600 0.999963999 27.010145187
0.999998271 -0.001674794 -0.000898380 0.605750442 0.001682096 0.999965072 0.008189279 -0.977167070 0.000884633 -0.008190774 0.999966085 27.547307968
0.999996603 -0.002356182 -0.001201479 0.631055474 0.002367067 0.999955416 0.009140575 -0.987729073 0.001179888 -0.009143388 0.999957502 28.034585953
0.999997795 -0.001639542 -0.001282370 0.633397043 0.001651295 0.999956071 0.009218730 -1.003638983 0.001267200 -0.009220828 0.999956667 28.585580826
0.999998033 -0.001248345 -0.001532059 0.624930203 0.001262192 0.999958098 0.009071386 -1.017484903 0.001520670 -0.009073303 0.999957681 29.147521973
0.999995112 -0.001989979 -0.002423219 0.648692727 0.002012216 0.999955535 0.009208933 -1.013226986 0.002404787 -0.009213763 0.999954641 29.634654999
0.999993801 -0.002210393 -0.002756755 0.662686944 0.002236068 0.999953866 0.009345741 -1.029424667 0.002735970 -0.009351846 0.999952495 30.181175232
0.999995053 -0.001764779 -0.002631289 0.670118213 0.001788539 0.999957442 0.009054967 -1.038893580 0.002615197 -0.009059628 0.999955475 30.720985413
0.999991298 -0.002477433 -0.003371644 0.691270590 0.002508967 0.999952912 0.009381114 -1.052179217 0.003348243 -0.009389490 0.999950290 31.292463303
0.999994695 -0.001740525 -0.002721642 0.695783257 0.001766855 0.999951363 0.009702158 -1.080685019 0.002704623 -0.009706914 0.999949217 31.723659515
0.999994636 -0.001276736 -0.003036110 0.706950366 0.001305729 0.999953330 0.009566703 -1.085941315 0.003023755 -0.009570614 0.999949634 32.275505066
0.999995530 -0.000721032 -0.002865346 0.701341987 0.000748116 0.999954939 0.009462843 -1.088979959 0.002858394 -0.009464944 0.999951065 32.823925018
0.999996483 -0.000384404 -0.002606130 0.706174910 0.000408967 0.999955356 0.009431479 -1.095733404 0.002602388 -0.009432513 0.999952078 33.374717712
0.999996066 0.000111803 -0.002802639 0.716372848 -0.000083936 0.999950528 0.009941244 -1.121438146 0.002803613 -0.009940971 0.999946594 33.905494690
0.999993563 -0.000843601 -0.003490624 0.742553592 0.000878315 0.999950051 0.009955271 -1.134118438 0.003482051 -0.009958272 0.999944329 34.460968018
0.999991715 -0.001936887 -0.003567224 0.764335871 0.001975784 0.999938250 0.010933178 -1.158986449 0.003545827 -0.010940135 0.999933839 34.853397369
0.999990106 -0.002210554 -0.003850378 0.761473060 0.002252968 0.999936461 0.011046024 -1.173959970 0.003825716 -0.011054589 0.999931514 35.418830872
0.999993384 -0.000994661 -0.003512447 0.773373961 0.001033015 0.999939680 0.010934501 -1.180086374 0.003501359 -0.010938059 0.999934018 35.975959778
0.999992549 -0.001176024 -0.003680149 0.788532436 0.001218230 0.999933183 0.011487775 -1.202170849 0.003666393 -0.011492175 0.999927223 36.533603668
0.999993443 -0.001246003 -0.003395462 0.780926883 0.001283783 0.999937057 0.011147089 -1.199803829 0.003381359 -0.011151377 0.999932110 37.129154205
0.999992549 -0.000834544 -0.003772177 0.816737413 0.000876183 0.999938488 0.011050368 -1.202759385 0.003762723 -0.011053591 0.999931812 37.748142242
0.999991238 -0.002216063 -0.003533964 0.818445206 0.002258868 0.999923527 0.012154677 -1.269719243 0.003506759 -0.012162552 0.999919832 38.053913116
0.999990821 -0.002083168 -0.003740394 0.838320374 0.002128194 0.999924839 0.012074579 -1.291203022 0.003714960 -0.012082429 0.999920070 38.571556091
0.999993086 -0.001273483 -0.003497497 0.835968852 0.001316512 0.999923170 0.012328158 -1.289469957 0.003481528 -0.012332678 0.999917865 39.111949921
0.999991417 -0.001897031 -0.003683433 0.862175822 0.001943140 0.999919236 0.012555090 -1.319714308 0.003659320 -0.012562141 0.999914408 39.713481903
0.999990940 -0.001703101 -0.003887437 0.875454605 0.001751756 0.999919713 0.012547004 -1.327579856 0.003865756 -0.012553701 0.999913752 40.276805878
0.999994099 -0.000802275 -0.003342923 0.888374567 0.000842350 0.999927640 0.012003984 -1.317162991 0.003333050 -0.012006732 0.999922335 40.788978577
0.999993622 -0.001362254 -0.003304225 0.891908407 0.001403017 0.999922514 0.012365809 -1.339408994 0.003287123 -0.012370367 0.999918103 41.349021912
0.999992371 -0.001614650 -0.003559629 0.897214532 0.001659785 0.999917805 0.012713541 -1.361148357 0.003538809 -0.012719353 0.999912858 41.902820587
0.999988556 -0.002004801 -0.004350052 0.930007398 0.002060297 0.999916017 0.012790702 -1.359142303 0.004324044 -0.012799518 0.999908745 42.467544556
0.999987781 -0.001607102 -0.004660985 0.979672611 0.001672813 0.999898732 0.014128663 -1.413392067 0.004637805 -0.014136287 0.999889255 42.796676636
0.999987662 -0.001798063 -0.004630780 0.984733701 0.001864662 0.999894261 0.014417708 -1.422744274 0.004604368 -0.014426165 0.999885261 43.340145111
0.999988317 -0.001377017 -0.004626414 0.996773422 0.001436655 0.999915600 0.012911934 -1.401405334 0.004608244 -0.012918430 0.999905884 43.898197174
0.999989808 -0.000717587 -0.004438643 1.010689139 0.000775034 0.999915719 0.012954195 -1.404260635 0.004428973 -0.012957502 0.999906242 44.443614960
0.999990642 -0.001111539 -0.004181887 1.031540990 0.001168884 0.999904931 0.013735346 -1.433716774 0.004166224 -0.013740103 0.999896884 44.955001831
0.999989212 -0.001475121 -0.004404539 1.050732017 0.001536622 0.999900937 0.013992534 -1.444596171 0.004383462 -0.013999149 0.999892414 45.502300262
0.999991775 -0.000388883 -0.004036543 1.039913535 0.000444163 0.999905944 0.013703028 -1.452680826 0.004030835 -0.013704708 0.999898016 46.086933136
0.999991715 -0.000034268 -0.004074487 1.044490457 0.000089689 0.999907494 0.013602634 -1.459761620 0.004073645 -0.013602885 0.999899209 46.623172760
0.999992907 0.000253810 -0.003760692 1.057509065 -0.000202781 0.999908030 0.013563139 -1.463758588 0.003763789 -0.013562280 0.999900997 47.190155029
0.999992490 -0.000889363 -0.003779991 1.069977760 0.000942406 0.999900818 0.014054120 -1.499282956 0.003767117 -0.014057577 0.999894023 47.643806458
0.999992311 -0.000670011 -0.003874159 1.080926776 0.000724453 0.999900758 0.014068251 -1.505283952 0.003864350 -0.014070950 0.999893486 48.198463440
0.999987543 -0.001868168 -0.004630290 1.107504010 0.001932999 0.999899685 0.014036738 -1.511744499 0.004603602 -0.014045513 0.999890685 48.742645264
0.999989331 -0.001073734 -0.004505297 1.121122718 0.001134939 0.999906778 0.013604573 -1.511819243 0.004490268 -0.013609539 0.999897242 49.301986694
0.999991477 -0.001140540 -0.003947731 1.096169472 0.001196689 0.999897778 0.014249858 -1.534853697 0.003931074 -0.014254462 0.999890625 49.805282593
0.999991179 -0.000907211 -0.004082885 1.113132238 0.000963794 0.999903262 0.013877848 -1.541027069 0.004069899 -0.013881662 0.999895334 50.358837128
0.999992490 -0.000627969 -0.003832846 1.134339094 0.000683575 0.999894261 0.014523875 -1.547764778 0.003823321 -0.014526386 0.999887109 50.895412445
0.999992371 -0.001111396 -0.003741450 1.107540607 0.001168185 0.999883652 0.015210765 -1.581925392 0.003724111 -0.015215020 0.999877334 51.430847168
0.999992847 -0.000744791 -0.003706228 1.115591049 0.000800252 0.999887407 0.014985627 -1.580261588 0.003694649 -0.014988486 0.999880850 51.979969025
0.999991119 -0.001237737 -0.004012007 1.129617333 0.001296453 0.999891639 0.014665501 -1.593210220 0.003993422 -0.014670573 0.999884427 52.542495728
0.999993324 -0.000939739 -0.003530506 1.131039977 0.000993264 0.999884069 0.015189550 -1.604400635 0.003515823 -0.015192956 0.999878347 53.006469727
0.999994993 -0.000448945 -0.003121912 1.132760525 0.000496120 0.999885440 0.015126643 -1.607062101 0.003114764 -0.015128117 0.999880672 53.587543488
0.999992967 -0.001160074 -0.003581878 1.153842092 0.001213160 0.999888897 0.014854292 -1.619688392 0.003564247 -0.014858532 0.999883235 54.124679565
0.999992788 -0.000945448 -0.003665351 1.175219536 0.000998108 0.999895871 0.014391833 -1.600872040 0.003651362 -0.014395387 0.999889672 54.690776825
0.999993742 -0.000688225 -0.003465598 1.180712223 0.000738746 0.999893188 0.014597934 -1.604413748 0.003455181 -0.014600404 0.999887466 55.192020416
0.999994695 -0.000533599 -0.003207198 1.170757294 0.000583484 0.999878526 0.015573084 -1.665894508 0.003198501 -0.015574874 0.999873579 55.680751801
0.999993742 -0.001241358 -0.003295649 1.184707999 0.001291913 0.999880850 0.015382518 -1.666510582 0.003276162 -0.015386683 0.999876261 56.232257843
0.999994218 -0.000817831 -0.003289104 1.185020685 0.000868165 0.999882102 0.015331120 -1.675344348 0.003276178 -0.015333888 0.999877036 56.801021576
0.999996424 0.000144726 -0.002642739 1.184133649 -0.000104152 0.999882221 0.015346603 -1.686617851 0.002644651 -0.015346275 0.999878764 57.331031799
0.999996185 -0.000423806 -0.002702998 1.201225519 0.000467594 0.999868333 0.016219819 -1.702832222 0.002695769 -0.016221022 0.999864817 57.815914154
0.999996364 -0.000072516 -0.002695659 1.212270379 0.000116627 0.999866009 0.016367128 -1.712376714 0.002694112 -0.016367385 0.999862373 58.364212036
0.999996901 0.000250255 -0.002485032 1.225055575 -0.000208935 0.999861956 0.016613966 -1.724370241 0.002488847 -0.016613396 0.999858975 58.909145355
0.999997258 0.000011306 -0.002336230 1.216870189 0.000027075 0.999864995 0.016427541 -1.731876612 0.002336100 -0.016427562 0.999862313 59.466812134
0.999995112 -0.000434821 -0.003101640 1.278795838 0.000485871 0.999864101 0.016477512 -1.746898890 0.003094052 -0.016478941 0.999859452 59.945819855
0.999993622 -0.000711105 -0.003510895 1.302533269 0.000770175 0.999857664 0.016852150 -1.758508921 0.003498410 -0.016854750 0.999851823 60.480209351
0.999995232 -0.000402588 -0.003056525 1.283164978 0.000454218 0.999856889 0.016909938 -1.759465575 0.003049278 -0.016911248 0.999852359 61.058216095
0.999995708 -0.000158142 -0.002908516 1.308375716 0.000205356 0.999868095 0.016239733 -1.759128332 0.002905566 -0.016240261 0.999863923 61.598350525
0.999997139 0.000427119 -0.002363642 1.314611554 -0.000388176 0.999864578 0.016452108 -1.769356608 0.002370351 -0.016451143 0.999861836 62.092525482
0.999997318 0.000033856 -0.002333955 1.330596924 0.000005074 0.999860942 0.016678095 -1.781299114 0.002334197 -0.016678063 0.999858141 62.632312775
0.999997675 0.001053833 -0.001943426 1.320457578 -0.001021362 0.999861121 0.016634448 -1.791389465 0.001960685 -0.016632423 0.999859691 63.168190002
0.999995947 0.000681805 -0.002755860 1.361556649 -0.000636016 0.999862254 0.016582074 -1.792902708 0.002766788 -0.016580252 0.999858677 63.761184692
0.999997258 0.000793198 -0.002190441 1.352729559 -0.000757947 0.999871016 0.016047621 -1.804726481 0.002202887 -0.016045919 0.999868810 64.306030273
0.999997556 0.000622456 -0.002167114 1.359620214 -0.000585887 0.999858141 0.016834239 -1.817087054 0.002177285 -0.016832925 0.999855936 64.751533508
0.999997795 0.001291650 -0.001664854 1.366065264 -0.001264053 0.999863505 0.016472258 -1.822705269 0.001685904 -0.016470116 0.999862909 65.312202454
0.999997497 0.001319239 -0.001847434 1.376867175 -0.001289107 0.999867678 0.016217312 -1.818650842 0.001868584 -0.016214887 0.999866784 65.850914001
0.999997556 0.001695645 -0.001424472 1.391541481 -0.001671406 0.999856651 0.016848195 -1.836783886 0.001452836 -0.016845774 0.999857008 66.385963440
0.999996722 0.001937158 -0.001685277 1.400380373 -0.001908908 0.999860287 0.016605297 -1.861382604 0.001717210 -0.016602026 0.999860644 66.934417725
0.999996781 0.001923405 -0.001666283 1.406775236 -0.001895438 0.999859869 0.016626270 -1.870975375 0.001698029 -0.016623057 0.999860406 67.483543396
0.999996603 0.001813935 -0.001858827 1.427749872 -0.001783343 0.999865055 0.016328985 -1.872356296 0.001888196 -0.016325613 0.999864876 68.031463623
0.999996126 0.002058547 -0.001868072 1.432305694 -0.002029048 0.999875367 0.015657593 -1.870217323 0.001900070 -0.015653739 0.999875665 68.572105408
0.999996722 0.001908188 -0.001712727 1.448476434 -0.001880977 0.999874175 0.015750684 -1.868906498 0.001742567 -0.015747407 0.999874473 69.057189941
0.999997139 0.001955890 -0.001361560 1.435601711 -0.001932230 0.999850750 0.017166859 -1.912821651 0.001394935 -0.017164180 0.999851704 69.615730286
0.999997318 0.001834982 -0.001377197 1.453161240 -0.001811508 0.999856234 0.016856832 -1.918675423 0.001407930 -0.016854294 0.999856949 70.167991638
0.999996662 0.002260481 -0.001271773 1.474663496 -0.002238763 0.999855876 0.016827324 -1.910650969 0.001309628 -0.016824424 0.999857605 70.695602417
0.999995530 0.002884207 -0.000844203 1.443852544 -0.002869251 0.999847770 0.017211838 -1.962090015 0.000893715 -0.017209344 0.999851465 71.159431458
0.999997139 0.002000566 -0.001317951 1.475944757 -0.001978060 0.999855816 0.016861925 -1.949709415 0.001351494 -0.016859271 0.999856889 71.803504944
0.999997377 0.001822274 -0.001389578 1.483676791 -0.001798896 0.999859869 0.016643494 -1.951413751 0.001419713 -0.016640950 0.999860406 72.356140137
0.999996364 0.002341854 -0.001385506 1.503401995 -0.002318569 0.999859869 0.016575828 -1.962096453 0.001424131 -0.016572556 0.999861598 72.903991699
0.999996722 0.002270357 -0.001239391 1.521548152 -0.002249133 0.999855220 0.016866287 -1.982433796 0.001277504 -0.016863443 0.999857008 73.419097900
0.999994338 0.003261540 -0.000904070 1.524572372 -0.003246086 0.999856949 0.016598744 -1.974616051 0.000958078 -0.016595716 0.999861777 73.943885803
0.999997854 0.001831396 -0.000878541 1.519186020 -0.001816308 0.999855936 0.016877841 -1.989651918 0.000909324 -0.016876210 0.999857128 74.551208496
0.999997973 0.001706176 -0.000990089 1.540717244 -0.001689767 0.999865055 0.016343525 -1.998020411 0.001017840 -0.016341822 0.999865949 75.080558777
0.999998927 0.000489041 -0.001384887 1.576922417 -0.000466294 0.999865830 0.016378313 -2.018596411 0.001392709 -0.016377650 0.999864876 75.645256042
0.999998808 0.000695665 -0.001379031 1.591711283 -0.000673640 0.999873340 0.015907617 -2.009719372 0.001389922 -0.015906669 0.999872446 76.201065063
0.999997437 0.002071447 -0.000945756 1.566946507 -0.002055003 0.999852121 0.017069727 -2.030818939 0.000980973 -0.017067740 0.999853790 76.760421753
0.999997079 0.002278153 -0.000901680 1.586302400 -0.002262589 0.999854565 0.016901480 -2.037065506 0.000940053 -0.016899390 0.999856710 77.312744141
0.999997854 0.001545030 -0.001383888 1.608224630 -0.001521474 0.999856532 0.016864125 -2.036045551 0.001409745 -0.016861985 0.999856770 77.847801208
0.999997735 0.001942399 -0.000833609 1.591217637 -0.001927945 0.999853492 0.017003018 -2.048060179 0.000866514 -0.017001374 0.999855042 78.435935974
0.999997497 0.002194243 -0.000550064 1.599572539 -0.002184907 0.999862552 0.016434882 -2.048540354 0.000586051 -0.016433639 0.999864757 79.000411987
0.999998510 0.001657236 0.000338036 1.614003181 -0.001662566 0.999863565 0.016428627 -2.060667515 -0.000310764 -0.016429165 0.999864936 79.557617188
0.999991238 0.002974917 0.002949958 1.606909394 -0.003023892 0.999855280 0.016738933 -2.063663483 -0.002899734 -0.016747706 0.999855459 80.100845337
0.999988556 0.002883504 0.003821572 1.615203261 -0.002947396 0.999854207 0.016820040 -2.070299149 -0.003772513 -0.016831113 0.999851167 80.654273987
0.999985039 0.002501621 0.004866875 1.625251532 -0.002582442 0.999857664 0.016671613 -2.080654621 -0.004824476 -0.016683934 0.999849141 81.235099792
0.999964297 0.002976204 0.007902917 1.640471101 -0.003106319 0.999858975 0.016503211 -2.090976238 -0.007852685 -0.016527168 0.999832571 81.803955078
0.999927402 0.003670114 0.011471486 1.663119793 -0.003860676 0.999854147 0.016634051 -2.084476948 -0.011408764 -0.016677132 0.999795794 82.340850830
0.999890268 0.002660820 0.014577259 1.676812530 -0.002902232 0.999858558 0.016564779 -2.099969864 -0.014531123 -0.016605269 0.999756515 82.867874146
0.999826610 0.002874958 0.018399464 1.745499611 -0.003175129 0.999862015 0.016305760 -2.093688965 -0.018350046 -0.016361350 0.999697864 83.401313782
0.999710321 0.002559194 0.023932880 1.774959922 -0.002954817 0.999859333 0.016509805 -2.098726749 -0.023887264 -0.016575735 0.999577224 83.943084717
0.999549031 0.002541869 0.029919866 1.810040712 -0.003023084 0.999866605 0.016049262 -2.098253250 -0.029875085 -0.016132474 0.999423385 84.477706909
0.999326408 0.002905025 0.036582053 1.811810851 -0.003499815 0.999862492 0.016205547 -2.110328197 -0.036529943 -0.016322657 0.999199271 85.006225586
0.999023855 0.001653021 0.044143621 1.851412773 -0.002381610 0.999861717 0.016457476 -2.116153717 -0.044110321 -0.016546544 0.998889625 85.466346741
0.998628318 0.001460873 0.052339014 1.906977654 -0.002320528 0.999863327 0.016367728 -2.121791840 -0.052307948 -0.016466729 0.998495281 86.012130737
0.998189867 0.002531448 0.060087550 1.937835693 -0.003529327 0.999857485 0.016506761 -2.133566856 -0.060037203 -0.016688950 0.998056591 86.577919006
0.997627437 0.001814102 0.068820462 2.007339716 -0.002970363 0.999856055 0.016702505 -2.151658535 -0.068780258 -0.016867300 0.997489214 87.097984314
0.996852636 0.001864420 0.079256572 2.045987606 -0.003223516 0.999849916 0.017023567 -2.148201466 -0.079212926 -0.017225470 0.996708870 87.685112000
0.996096313 0.001157412 0.088266149 2.108286858 -0.002672351 0.999851108 0.017047066 -2.153040886 -0.088233255 -0.017216394 0.995951056 88.228996277
0.995388746 0.000789589 0.095919102 2.207362652 -0.002420668 0.999854386 0.016889565 -2.168904305 -0.095891789 -0.017043874 0.995245874 88.776741028
0.994349360 0.001223000 0.106149845 2.282164574 -0.003095033 0.999842584 0.017472817 -2.179437399 -0.106111750 -0.017702624 0.994196653 89.251335144
0.993199766 -0.000794990 0.116420016 2.349896431 -0.001170503 0.999857962 0.016813431 -2.191760540 -0.116416849 -0.016835365 0.993057728 89.828842163
0.991992056 -0.000475114 0.126299858 2.428522110 -0.001683968 0.999854207 0.016987568 -2.202798367 -0.126289532 -0.017064216 0.991846621 90.382705688
0.990628302 -0.001064635 0.136581555 2.535940170 -0.001238276 0.999858499 0.016775003 -2.203690052 -0.136580080 -0.016786916 0.990486801 90.906875610
0.988852203 -0.001421563 0.148893431 2.613710403 -0.001018945 0.999866426 0.016313411 -2.200294971 -0.148896709 -0.016283264 0.988718688 91.507713318
0.987169385 -0.001638811 0.159668133 2.726597786 -0.000901942 0.999874175 0.015838940 -2.207518578 -0.159674004 -0.015779730 0.987043679 92.052421570
0.985579967 -0.002695127 0.169188887 2.846138954 -0.000062637 0.999867201 0.016292458 -2.212862015 -0.169210330 -0.016068120 0.985448897 92.587821960
0.983519077 -0.003213214 0.180775851 2.977565765 0.000247295 0.999865055 0.016426764 -2.223689079 -0.180804238 -0.016111331 0.983387053 93.116645813
0.981116235 -0.003180964 0.193392664 3.102489471 0.000067092 0.999870300 0.016105710 -2.227649689 -0.193418816 -0.015788596 0.980989218 93.654342651
0.978971660 -0.004490548 0.203946844 3.280467033 0.001180858 0.999865711 0.016347002 -2.249604702 -0.203992859 -0.015762417 0.978845477 94.264083862
0.976058364 -0.003755983 0.217476517 3.419666290 0.000168405 0.999863684 0.016512580 -2.256454945 -0.217508882 -0.016080618 0.975925803 94.812026978
0.973031163 -0.004746599 0.230625242 3.567960739 0.000962112 0.999863088 0.016519377 -2.263259411 -0.230672076 -0.015851978 0.972902358 95.313766479
0.970023096 -0.004037590 0.242979109 3.707672119 0.000023980 0.999863505 0.016519025 -2.282501698 -0.243012697 -0.016018007 0.969890833 95.925979614
0.966994226 -0.004362754 0.254761040 3.877149582 0.000212726 0.999866903 0.016315164 -2.288926601 -0.254798323 -0.015722474 0.966866374 96.453300476
0.963531613 -0.006085350 0.267525464 4.068170547 0.001559981 0.999852121 0.017124947 -2.323625088 -0.267590135 -0.016083091 0.963398635 96.875923157
0.959962785 -0.006459224 0.280053079 4.251873016 0.001967855 0.999864936 0.016315777 -2.305951834 -0.280120671 -0.015111435 0.959845841 97.435852051
0.956835508 -0.007142791 0.290542305 4.457260132 0.002324698 0.999854028 0.016924880 -2.322630882 -0.290620834 -0.015518906 0.956712365 97.931579590
0.952030063 -0.008266686 0.305892766 4.715335846 0.003258458 0.999852240 0.016879497 -2.343649864 -0.305987120 -0.015073046 0.951916337 98.759925842
0.947494388 -0.008987973 0.319646001 4.926330566 0.003810403 0.999851346 0.016819550 -2.350445747 -0.319749624 -0.014718447 0.947387815 99.290191650
0.943472207 -0.008152696 0.331351310 5.112020493 0.002794476 0.999857605 0.016644048 -2.352430344 -0.331439823 -0.014777239 0.943360686 99.783676147
0.939112306 -0.009639630 0.343475193 5.312808990 0.004047615 0.999847472 0.016993931 -2.369109392 -0.343586594 -0.014568954 0.939008057 100.271530151
0.933977008 -0.009908439 0.357195556 5.551429749 0.004099851 0.999846876 0.017015202 -2.374794960 -0.357309490 -0.014427357 0.933874667 100.812294006
0.928483188 -0.008185317 0.371284306 5.789699554 0.002135397 0.999858201 0.016702769 -2.378559351 -0.371368319 -0.014715398 0.928368986 101.584030151
0.923824966 -0.008296706 0.382725269 6.024824142 0.002100929 0.999859929 0.016603695 -2.386060476 -0.382809341 -0.014534828 0.923712969 102.082260132
0.917811036 -0.008450622 0.396927655 6.259677887 0.002151422 0.999864638 0.016312497 -2.377967596 -0.397011697 -0.014117831 0.917704880 102.580329895
0.912329018 -0.009893662 0.409338295 6.502124786 0.003527148 0.999860823 0.016305258 -2.397544861 -0.409442693 -0.013431963 0.912236989 103.086585999
0.907373130 -0.009411777 0.420220494 6.767997742 0.002681223 0.999858558 0.016604556 -2.405018806 -0.420317292 -0.013939827 0.907270074 103.602294922
0.901274681 -0.008594317 0.433162868 6.991001129 0.001691901 0.999865532 0.016317863 -2.419485092 -0.433244854 -0.013974010 0.901167929 104.116165161
0.893957078 -0.011812869 0.447996885 7.271297455 0.004245742 0.999830902 0.017891552 -2.502640724 -0.448132485 -0.014092201 0.893856049 104.747093201
0.887737274 -0.011132531 0.460215807 7.540195465 0.003321331 0.999836445 0.017779140 -2.504275322 -0.460338444 -0.014254674 0.887628973 105.240829468
0.881882191 -0.012858713 0.471294433 7.835411072 0.005089719 0.999829412 0.017755330 -2.499709129 -0.471442312 -0.013259352 0.881797135 105.768745422
0.874361634 -0.012425255 0.485115796 8.130790710 0.004223143 0.999829113 0.017996894 -2.512876987 -0.485256523 -0.013687083 0.874264598 106.251495361
0.867502809 -0.014487282 0.497221231 8.455596924 0.006386841 0.999817789 0.017988052 -2.512814522 -0.497391254 -0.012429008 0.867437303 106.788085938
