1.000000000 0.000000000 0.000000000 0.000000000 0.000000000 1.000000000 0.000000000 0.000000000 0.000000000 0.000000000 1.000000000 0.000000000
1.000000000 -0.000002957 0.000061131 -0.000687586 0.000002953 1.000000000 0.000067481 -0.000368925 -0.000061131 -0.000067480 1.000000000 -0.000280177
1.000000000 -0.000034731 0.000084443 -0.000726464 0.000034730 1.000000000 0.000019140 0.000075477 -0.000084444 -0.000019137 1.000000000 -0.000033346
1.000000000 0.000056045 0.000041340 -0.000441743 -0.000056042 1.000000000 -0.000052353 -0.000015221 -0.000041343 0.000052351 1.000000000 -0.000367152
1.000000000 0.000073360 0.000088251 -0.001194850 -0.000073366 1.000000000 0.000062417 -0.000246841 -0.000088247 -0.000062423 1.000000000 0.000353070
1.000000000 -0.000003909 -0.000003715 -0.000162835 0.000003909 1.000000000 -0.000032042 -0.000272175 0.000003715 0.000032042 1.000000000 -0.000096025
1.000000000 0.000119782 0.000060933 -0.000064435 -0.000119782 1.000000000 0.000002625 0.000223581 -0.000060933 -0.000002633 1.000000000 0.001131385
1.000000000 0.000117716 -0.000015760 -0.000354882 -0.000117717 1.000000000 -0.000056932 0.000228190 0.000015754 0.000056934 1.000000000 0.000257436
1.000000000 0.000103358 0.000052509 -0.000382465 -0.000103354 1.000000000 -0.000075656 -0.000056602 -0.000052517 0.000075651 1.000000000 0.000291251
1.000000000 0.000180302 0.000045778 -0.000446087 -0.000180304 1.000000000 0.000046189 0.000109169 -0.000045770 -0.000046197 1.000000000 0.001049598
1.000000000 0.000136348 0.000039726 0.000241451 -0.000136346 1.000000000 -0.000039360 0.000564413 -0.000039732 0.000039355 1.000000000 0.002059335
1.000000000 0.000051318 0.000049871 -0.000599021 -0.000051319 1.000000000 0.000007019 -0.000645061 -0.000049871 -0.000007021 1.000000000 0.000044253
1.000000000 0.000175825 0.000049340 -0.000617155 -0.000175821 1.000000000 -0.000080024 0.000773395 -0.000049354 0.000080015 1.000000000 0.001077499
1.000000000 0.000177170 0.000092440 -0.001691444 -0.000177162 1.000000000 -0.000085183 0.000696948 -0.000092456 0.000085167 1.000000000 0.000142485
1.000000000 0.000071272 0.000080231 -0.000224966 -0.000071270 1.000000000 -0.000026718 0.001011867 -0.000080233 0.000026712 1.000000000 0.002381700
1.000000000 0.000185069 0.000086653 -0.000906801 -0.000185067 1.000000000 -0.000022384 0.000786406 -0.000086658 0.000022368 1.000000000 0.001426797
1.000000000 0.000183548 0.000107498 -0.001232411 -0.000183539 1.000000000 -0.000082503 0.000947984 -0.000107513 0.000082484 1.000000000 0.002067183
1.000000000 0.000172943 0.000164654 -0.001892121 -0.000172940 1.000000000 -0.000014876 0.001113143 -0.000164656 0.000014848 1.000000000 0.001759519
0.999999940 0.000203309 0.000204518 -0.001961762 -0.000203283 1.000000000 -0.000126966 0.001246118 -0.000204544 0.000126924 1.000000000 0.001187894
0.999999940 0.000279404 0.000195585 -0.002361079 -0.000279397 0.999999940 -0.000038082 0.000743017 -0.000195595 0.000038027 1.000000000 0.001526627
0.999999940 0.000226201 0.000113416 -0.001865882 -0.000226193 1.000000000 -0.000071059 0.001306717 -0.000113432 0.000071033 1.000000000 0.001679236
1.000000000 0.000192441 0.000133186 -0.001932016 -0.000192427 1.000000000 -0.000108543 0.001096518 -0.000133207 0.000108517 1.000000000 0.001720953
0.999999940 0.000261822 0.000179265 -0.002256605 -0.000261809 0.999999940 -0.000069418 0.001478596 -0.000179283 0.000069371 1.000000000 0.002272770
0.999999940 0.000377574 0.000153904 -0.002309018 -0.000377565 0.999999940 -0.000053540 0.001488785 -0.000153924 0.000053482 1.000000000 0.001619599
0.999999940 0.000227340 0.000150520 -0.001345375 -0.000227336 1.000000000 -0.000025990 0.001017989 -0.000150526 0.000025955 1.000000000 0.002019343
0.999999940 0.000208998 0.000212410 -0.002297887 -0.000208983 1.000000000 -0.000070772 0.002329411 -0.000212425 0.000070727 1.000000000 0.002566311
0.999999940 0.000270077 0.000235880 -0.002345116 -0.000270076 0.999999940 -0.000002583 0.001049290 -0.000235881 0.000002519 1.000000000 0.001770610
0.999999940 0.000286558 0.000130920 -0.002187176 -0.000286538 0.999999940 -0.000156150 0.002194797 -0.000130965 0.000156112 1.000000000 0.001155793
0.999999940 0.000350177 0.000148463 -0.001863658 -0.000350158 0.999999940 -0.000130887 0.002413099 -0.000148508 0.000130835 1.000000000 0.000671556
0.999999881 0.000358431 0.000247657 -0.001945011 -0.000358413 0.999999940 -0.000073442 0.000876951 -0.000247683 0.000073353 0.999999940 0.001367918
0.999999940 0.000305522 0.000276742 -0.002240734 -0.000305500 0.999999940 -0.000077852 0.001989144 -0.000276766 0.000077767 0.999999940 0.002684036
0.999999940 0.000232822 0.000158079 -0.001176006 -0.000232812 1.000000000 -0.000064338 0.001336594 -0.000158094 0.000064301 1.000000000 0.002573367
0.999999940 0.000221154 0.000169533 -0.001459085 -0.000221150 1.000000000 -0.000023433 0.000576487 -0.000169538 0.000023396 1.000000000 0.001004823
0.999999881 0.000370692 0.000261950 -0.002669482 -0.000370672 0.999999940 -0.000078948 0.001379628 -0.000261979 0.000078851 0.999999940 0.001700128
0.999999940 0.000300800 0.000191932 -0.001400712 -0.000300794 0.999999940 -0.000027783 0.000615559 -0.000191940 0.000027725 1.000000000 0.001410621
0.999999940 0.000273623 0.000194483 -0.002258261 -0.000273610 0.999999940 -0.000069774 0.001519673 -0.000194502 0.000069720 1.000000000 0.001339493
0.999999940 0.000321745 0.000159440 -0.002077173 -0.000321734 0.999999940 -0.000070150 0.001715385 -0.000159463 0.000070098 1.000000000 0.001655828
0.999999940 0.000370895 0.000186947 -0.001953733 -0.000370878 0.999999940 -0.000089467 0.001820353 -0.000186980 0.000089398 1.000000000 0.002086786
0.999999940 0.000283352 0.000131403 -0.000569761 -0.000283345 0.999999940 -0.000052962 0.001864336 -0.000131418 0.000052925 1.000000000 0.001899603
1.000000000 0.000173596 0.000151436 -0.000579733 -0.000173571 1.000000000 -0.000169586 0.001158588 -0.000151465 0.000169560 1.000000000 0.001655222
0.999999881 0.000424682 0.000234988 -0.001663078 -0.000424511 0.999999642 -0.000726273 -0.002527374 -0.000235296 0.000726173 0.999999702 0.048271306
0.999999821 0.000548385 0.000259449 -0.000254539 -0.000548044 0.999998987 -0.001310962 -0.003296307 -0.000260167 0.001310820 0.999999106 0.140439749
0.999999881 0.000470575 0.000208208 0.001423138 -0.000470303 0.999999046 -0.001304430 -0.008187857 -0.000208822 0.001304332 0.999999106 0.250957072
0.999999881 0.000446446 0.000239234 0.003934747 -0.000446143 0.999999106 -0.001267984 -0.011420938 -0.000239800 0.001267877 0.999999166 0.380560398
0.999999702 0.000710023 0.000316198 0.005622043 -0.000709625 0.999998987 -0.001255441 -0.015360030 -0.000317089 0.001255216 0.999999166 0.522213995
0.999999821 0.000428397 0.000422901 0.008545191 -0.000427948 0.999999344 -0.001062483 -0.020378685 -0.000423355 0.001062301 0.999999344 0.675086558
0.999999642 0.000757135 0.000406191 0.011595510 -0.000756746 0.999999285 -0.000957231 -0.023488350 -0.000406916 0.000956923 0.999999404 0.837673187
0.999999702 0.000641407 0.000448998 0.015230590 -0.000641016 0.999999404 -0.000871257 -0.027481657 -0.000449557 0.000870969 0.999999523 1.006863713
0.999999702 0.000684857 0.000373187 0.018971810 -0.000684516 0.999999344 -0.000911374 -0.032610293 -0.000373811 0.000911118 0.999999523 1.180900693
0.999999583 0.000749583 0.000468145 0.022717340 -0.000749275 0.999999523 -0.000658256 -0.037112415 -0.000468638 0.000657905 0.999999702 1.366996646
0.999999523 0.000818981 0.000513607 0.024720512 -0.000818592 0.999999404 -0.000756744 -0.041077197 -0.000514227 0.000756323 0.999999583 1.557492614
0.999999762 0.000507947 0.000285344 0.031016244 -0.000507799 0.999999762 -0.000519329 -0.049092423 -0.000285608 0.000519184 0.999999821 1.757910013
0.999999404 0.000834028 0.000658442 0.032864947 -0.000833720 0.999999523 -0.000467325 -0.051794302 -0.000658832 0.000466776 0.999999642 1.954128504
0.999999702 0.000392064 0.000620586 0.038438991 -0.000391831 0.999999821 -0.000374882 -0.059006695 -0.000620733 0.000374639 0.999999762 2.166449547
0.999999464 0.000681682 0.000678521 0.041744173 -0.000681352 0.999999642 -0.000486985 -0.063142046 -0.000678852 0.000486522 0.999999642 2.384177923
0.999999344 0.000849657 0.000751712 0.045606606 -0.000849208 0.999999404 -0.000596885 -0.069956303 -0.000752219 0.000596246 0.999999523 2.609461546
0.999999285 0.000769544 0.000869358 0.050041109 -0.000769169 0.999999583 -0.000430879 -0.075451337 -0.000869689 0.000430210 0.999999464 2.838457346
0.999999046 0.000938362 0.001035834 0.054833837 -0.000938099 0.999999464 -0.000254587 -0.081344835 -0.001036072 0.000253615 0.999999404 3.075648308
0.999999404 0.000883024 0.000806872 0.061039306 -0.000882801 0.999999583 -0.000276240 -0.088941999 -0.000807115 0.000275527 0.999999583 3.318955183
0.999998927 0.000989938 0.001093277 0.061306320 -0.000989713 0.999999464 -0.000205703 -0.098465033 -0.001093480 0.000204620 0.999999404 3.565530062
0.999998689 0.001127851 0.001174571 0.065443456 -0.001127743 0.999999344 -0.000092819 -0.105769761 -0.001174675 0.000091495 0.999999285 3.820950031
0.999998331 0.001348204 0.001211543 0.070901476 -0.001348250 0.999999046 0.000036426 -0.110642850 -0.001211493 -0.000038060 0.999999225 4.082091331
0.999998569 0.001063963 0.001319270 0.078667313 -0.001064345 0.999999404 0.000288956 -0.117732234 -0.001318961 -0.000290359 0.999999106 4.338040829
0.999998331 0.001109934 0.001398460 0.082604304 -0.001110183 0.999999285 0.000176949 -0.125534728 -0.001398263 -0.000178501 0.999998987 4.594807148
0.999997497 0.001317273 0.001766028 0.087404028 -0.001317622 0.999999106 0.000196147 -0.132550672 -0.001765768 -0.000198473 0.999998450 4.855111599
0.999997437 0.001553021 0.001662663 0.092643544 -0.001553397 0.999998689 0.000224793 -0.139423028 -0.001662312 -0.000227375 0.999998569 5.125469685
0.999997318 0.001442517 0.001766873 0.100448027 -0.001442800 0.999998927 0.000159055 -0.147736251 -0.001766642 -0.000161604 0.999998391 5.382999897
0.999998152 0.001160902 0.001511570 0.107619032 -0.001161310 0.999999285 0.000268648 -0.157499328 -0.001511257 -0.000270403 0.999998748 5.654960632
0.999998331 0.001092606 0.001463035 0.110669576 -0.001093222 0.999999285 0.000420496 -0.165878072 -0.001462575 -0.000422095 0.999998868 5.929660320
0.999998629 0.001111158 0.001222343 0.117899157 -0.001111611 0.999999285 0.000370349 -0.175373882 -0.001221931 -0.000371707 0.999999166 6.206406116
0.999998450 0.001277141 0.001208854 0.125191197 -0.001277738 0.999999046 0.000492965 -0.181097195 -0.001208224 -0.000494509 0.999999106 6.498621941
0.999998391 0.001460365 0.001048289 0.130012676 -0.001460792 0.999998868 0.000406782 -0.189131498 -0.001047693 -0.000408313 0.999999344 6.794243336
0.999998689 0.001252126 0.001015485 0.138812795 -0.001252333 0.999999166 0.000202864 -0.197673932 -0.001015230 -0.000204135 0.999999464 7.096306324
0.999998331 0.001449401 0.001085598 0.141643897 -0.001449733 0.999998927 0.000305590 -0.208728686 -0.001085153 -0.000307163 0.999999344 7.392996311
0.999999344 0.000766996 0.000765328 0.149791837 -0.000767376 0.999999583 0.000495940 -0.222583190 -0.000764948 -0.000496527 0.999999523 7.693825245
0.999997973 0.001397146 0.001420817 0.150861323 -0.001397950 0.999998868 0.000564451 -0.232039109 -0.001420027 -0.000566436 0.999998748 8.000603676
0.999997199 0.001688528 0.001669399 0.154649764 -0.001689825 0.999998271 0.000776097 -0.241684809 -0.001668085 -0.000778916 0.999998331 8.316916466
0.999996722 0.001657263 0.001958053 0.160901561 -0.001658242 0.999998629 0.000498976 -0.251928926 -0.001957223 -0.000502221 0.999997973 8.642376900
0.999995649 0.001987750 0.002173590 0.168875948 -0.001989300 0.999997914 0.000711300 -0.260013968 -0.002172171 -0.000715621 0.999997318 8.981370926
0.999996006 0.002010488 0.001962434 0.176674590 -0.002011784 0.999997795 0.000659012 -0.271123499 -0.001961104 -0.000662957 0.999997854 9.323578835
0.999997199 0.001665117 0.001692490 0.189935029 -0.001667017 0.999997973 0.001121701 -0.288651556 -0.001690619 -0.001124519 0.999997914 9.653734207
0.999996960 0.001855782 0.001655623 0.194945052 -0.001857673 0.999997675 0.001141452 -0.299035013 -0.001653501 -0.001144524 0.999997973 10.004637718
0.999997556 0.001681498 0.001419371 0.203829244 -0.001682840 0.999998152 0.000944345 -0.306654662 -0.001417780 -0.000946731 0.999998569 10.365280151
0.999998271 0.001475361 0.001091786 0.213920906 -0.001476955 0.999997854 0.001460564 -0.319149077 -0.001089629 -0.001462175 0.999998331 10.730595589
0.999998927 0.001289904 0.000701416 0.221908569 -0.001290887 0.999998152 0.001402123 -0.329045415 -0.000699607 -0.001403027 0.999998748 11.096692085
0.999998868 0.001366014 0.000603232 0.231894732 -0.001366729 0.999998271 0.001187592 -0.341692805 -0.000601609 -0.001188415 0.999999106 11.464254379
0.999998868 0.001428398 0.000343356 0.241488293 -0.001428729 0.999998510 0.000964524 -0.349272102 -0.000341977 -0.000965013 0.999999404 11.842972755
0.999998510 0.001634281 0.000514299 0.248847455 -0.001634892 0.999997914 0.001189685 -0.361849487 -0.000512354 -0.001190524 0.999999166 12.225872993
0.999998450 0.001657132 0.000562193 0.260423392 -0.001658151 0.999996960 0.001816983 -0.377232492 -0.000559180 -0.001817912 0.999998152 12.613426208
0.999998868 0.001428140 0.000481301 0.266713291 -0.001428963 0.999997497 0.001714973 -0.385878742 -0.000478851 -0.001715659 0.999998391 13.017645836
0.999998152 0.001283395 0.001448982 0.275889933 -0.001285495 0.999998093 0.001449646 -0.395844162 -0.001447119 -0.001451506 0.999997914 13.412062645
0.999998689 0.001450452 0.000696075 0.287662745 -0.001451405 0.999998033 0.001371340 -0.405183673 -0.000694085 -0.001372348 0.999998808 13.825677872
0.999997377 0.001810623 0.001396227 0.291982949 -0.001812522 0.999997437 0.001359807 -0.415040016 -0.001393761 -0.001362334 0.999998093 14.247051239
0.999996543 0.002079615 0.001592163 0.302776635 -0.002082096 0.999996603 0.001558255 -0.430981100 -0.001588918 -0.001561564 0.999997497 14.662652969
0.999996781 0.002000709 0.001509154 0.313361824 -0.002002783 0.999997020 0.001374125 -0.439100802 -0.001506400 -0.001377143 0.999997914 15.101486206
0.999996603 0.001827574 0.001856427 0.324836791 -0.001830633 0.999996901 0.001647296 -0.454165518 -0.001853411 -0.001650689 0.999996901 15.522995949
0.999995768 0.001719659 0.002357328 0.334876418 -0.001724003 0.999996841 0.001841748 -0.464765340 -0.002354153 -0.001845805 0.999995530 15.964732170
0.999992847 0.002351321 0.002963119 0.342175305 -0.002357165 0.999995291 0.001970225 -0.477880806 -0.002958472 -0.001977195 0.999993682 16.405399323
0.999990165 0.002607592 0.003587283 0.349235088 -0.002612425 0.999995708 0.001343027 -0.485278040 -0.003583766 -0.001352385 0.999992669 16.856456757
0.999983847 0.003445647 0.004525201 0.353673935 -0.003452315 0.999992967 0.001466561 -0.500378609 -0.004520116 -0.001482160 0.999988675 17.312435150
0.999980390 0.003318268 0.005298437 0.361853600 -0.003327003 0.999993086 0.001640869 -0.513846815 -0.005292955 -0.001658465 0.999984622 17.775863647
0.999977350 0.003449865 0.005771454 0.373934448 -0.003458279 0.999992967 0.001448568 -0.525768638 -0.005766416 -0.001468494 0.999982297 18.241220474
0.999976099 0.003460736 0.005987340 0.390084445 -0.003470951 0.999992490 0.001696624 -0.542324722 -0.005981423 -0.001717366 0.999980628 18.709449768
0.999980569 0.002666256 0.005636989 0.407042444 -0.002676255 0.999994874 0.001766924 -0.556966245 -0.005632248 -0.001781976 0.999982536 19.187971115
0.999978065 0.003418266 0.005658424 0.424610615 -0.003425429 0.999993443 0.001256700 -0.564131200 -0.005654091 -0.001276055 0.999983191 19.678052902
0.999976099 0.003723648 0.005818079 0.431394726 -0.003733833 0.999991477 0.001740715 -0.578669190 -0.005811547 -0.001762397 0.999981582 20.167739868
0.999975681 0.003509067 0.006030120 0.447706044 -0.003519856 0.999992251 0.001779568 -0.592803240 -0.006023829 -0.001800750 0.999980152 20.665580750
0.999980450 0.003683548 0.005047509 0.460142255 -0.003691091 0.999992132 0.001485931 -0.602100194 -0.005041995 -0.001504533 0.999986112 21.167329788
0.999985456 0.002787056 0.004610244 0.479582250 -0.002796161 0.999994159 0.001969813 -0.611625135 -0.004604727 -0.001982675 0.999987423 21.679187775
0.999987900 0.002954756 0.003917096 0.496688813 -0.002960965 0.999994397 0.001580399 -0.620873809 -0.003912404 -0.001591978 0.999991059 22.197626114
0.999985754 0.003523511 0.004007360 0.505091131 -0.003528277 0.999993086 0.001182931 -0.632375300 -0.004003164 -0.001197053 0.999991298 22.711160660
0.999986112 0.003847030 0.003609851 0.501537204 -0.003852443 0.999991477 0.001493566 -0.653469920 -0.003604074 -0.001507452 0.999992311 23.203199387
0.999986589 0.004110542 0.003159647 0.513101578 -0.004115638 0.999990165 0.001607830 -0.672283351 -0.003153007 -0.001620813 0.999993742 23.713167191
0.999996185 0.001867534 0.002046628 0.527225435 -0.001870966 0.999996781 0.001676335 -0.688306451 -0.002043491 -0.001680158 0.999996483 24.242738724
0.999995470 0.002727240 0.001212628 0.535790563 -0.002729167 0.999994934 0.001590059 -0.698598385 -0.001208285 -0.001593362 0.999997973 24.780261993
0.999994397 0.003249281 0.000830510 0.549175739 -0.003250720 0.999993145 0.001737306 -0.715786994 -0.000824860 -0.001739996 0.999998152 25.304857254
0.999995291 0.003058301 -0.000095532 0.568111122 -0.003058096 0.999993086 0.002076866 -0.730576336 0.000101882 -0.002076564 0.999997854 25.844341278
0.999994099 0.003413804 -0.000308784 0.575540185 -0.003413255 0.999992609 0.001761446 -0.741043985 0.000314795 -0.001760382 0.999998331 26.396532059
0.999996006 0.002796385 -0.000389169 0.586246848 -0.002795565 0.999993920 0.002093162 -0.751318336 0.000395020 -0.002092066 0.999997735 26.952232361
0.999995589 0.002764381 -0.001086541 0.604069710 -0.002761759 0.999993265 0.002407287 -0.770614326 0.001093188 -0.002404276 0.999996424 27.502571106
0.999993324 0.003508270 -0.000993702 0.613264918 -0.003506033 0.999991298 0.002245603 -0.784588337 0.001001572 -0.002242104 0.999996960 28.055772781
0.999991715 0.003882126 -0.001182548 0.619322419 -0.003878989 0.999988914 0.002644310 -0.796839952 0.001192801 -0.002639701 0.999995828 28.609811783
0.999992192 0.003670763 -0.001456974 0.634084582 -0.003666575 0.999989152 0.002867390 -0.814930618 0.001467484 -0.002862025 0.999994814 29.159786224
0.999990821 0.003747350 -0.002124523 0.637967706 -0.003740378 0.999987602 0.003276762 -0.831056952 0.002136776 -0.003268785 0.999992371 29.707136154
0.999988139 0.004342370 -0.002194615 0.643226743 -0.004336104 0.999986529 0.002851688 -0.840710700 0.002206969 -0.002842138 0.999993503 30.262624741
0.999988794 0.004178409 -0.002235292 0.655640066 -0.004171774 0.999986887 0.002965020 -0.857805908 0.002247652 -0.002955662 0.999993026 30.806009293
0.999989510 0.004109648 -0.002014911 0.666591644 -0.004104179 0.999987841 0.002710597 -0.869668901 0.002026027 -0.002702299 0.999994278 31.348642349
0.999984860 0.005258447 -0.001623144 0.670546293 -0.005254358 0.999982953 0.002513325 -0.882799149 0.001636331 -0.002504759 0.999995530 31.891189575
0.999984622 0.005163969 -0.002017256 0.682439923 -0.005159431 0.999984145 0.002248751 -0.896848977 0.002028836 -0.002238308 0.999995410 32.435649872
0.999984503 0.005118447 -0.002188305 0.688444555 -0.005112398 0.999983072 0.002761334 -0.910705984 0.002202402 -0.002750103 0.999993742 32.984794617
0.999980986 0.005644447 -0.002452400 0.695564568 -0.005639171 0.999981701 0.002153094 -0.924215913 0.002464509 -0.002139224 0.999994695 33.515720367
0.999982476 0.005293050 -0.002643016 0.710462868 -0.005286999 0.999983370 0.002291510 -0.938106000 0.002655099 -0.002277496 0.999993861 34.072692871
0.999980390 0.005392201 -0.003192068 0.720285475 -0.005384771 0.999982774 0.002331606 -0.952048361 0.003204586 -0.002314371 0.999992192 34.625324249
0.999980688 0.005091597 -0.003576844 0.733196318 -0.005082620 0.999983907 0.002514237 -0.971868694 0.003589588 -0.002496009 0.999990463 35.165206909
0.999979198 0.005713590 -0.002995991 0.742171049 -0.005706526 0.999980927 0.002360950 -0.980108440 0.003009423 -0.002343805 0.999992669 35.729522705
0.999981225 0.005250123 -0.003202994 0.752892137 -0.005242249 0.999983251 0.002462011 -0.992993712 0.003215866 -0.002445174 0.999991834 36.286289215
0.999975026 0.006088964 -0.003611327 0.758806884 -0.006083591 0.999980390 0.001496885 -1.001502156 0.003620371 -0.001474877 0.999992311 36.840801239
0.999974847 0.005114211 -0.004915923 0.778959394 -0.005104180 0.999984860 0.002050500 -1.016380787 0.004926335 -0.002025357 0.999985814 37.399242401
0.999977112 0.005693530 -0.003665761 0.782413483 -0.005685841 0.999981582 0.002104456 -1.031323910 0.003677675 -0.002083565 0.999991059 37.945789337
0.999977231 0.003967647 -0.005475194 0.810695410 -0.003955907 0.999989867 0.002153272 -1.042758465 0.005483682 -0.002131563 0.999982715 38.493827820
0.999967813 0.005565744 -0.005778985 0.811914027 -0.005554681 0.999982715 0.001928636 -1.054252863 0.005789618 -0.001896473 0.999981463 39.038982391
0.999973714 0.004210040 -0.005905817 0.826107502 -0.004195567 0.999988198 0.002460848 -1.072668195 0.005916108 -0.002436005 0.999979556 39.584613800
0.999975562 0.003224826 -0.006202622 0.838069797 -0.003208761 0.999991417 0.002598252 -1.088548779 0.006210950 -0.002578286 0.999977410 40.134483337
0.999973893 0.003643105 -0.006228652 0.844614446 -0.003629269 0.999990940 0.002231144 -1.102832794 0.006236725 -0.002208481 0.999978125 40.678985596
0.999974728 0.003580924 -0.006128951 0.851022661 -0.003569252 0.999991894 0.001914370 -1.112418890 0.006135755 -0.001892446 0.999979377 41.232994080
0.999972343 0.004082840 -0.006212037 0.853017390 -0.004071100 0.999989927 0.001901249 -1.123719335 0.006219737 -0.001875906 0.999978900 41.781147003
0.999974966 0.004003515 -0.005833217 0.859305024 -0.003992896 0.999990344 0.001831017 -1.139009833 0.005840490 -0.001807680 0.999981284 42.328197479
0.999972522 0.004550448 -0.005854195 0.868055105 -0.004541270 0.999988377 0.001580159 -1.150182009 0.005861318 -0.001553530 0.999981642 42.877597809
0.999971330 0.004316257 -0.006223835 0.877209008 -0.004304438 0.999988914 0.001911095 -1.171839476 0.006232014 -0.001884250 0.999978840 43.419048309
0.999976635 0.004480609 -0.005186025 0.878048062 -0.004471444 0.999988437 0.001777461 -1.181707859 0.005193927 -0.001754231 0.999984980 43.944950104
0.999976635 0.004292576 -0.005305292 0.886084437 -0.004281390 0.999988616 0.002117755 -1.198014259 0.005314322 -0.002094991 0.999983668 44.483978271
0.999976873 0.004059284 -0.005454096 0.892569542 -0.004046441 0.999989033 0.002363693 -1.213305116 0.005463632 -0.002341569 0.999982297 45.042095184
0.999978304 0.003895163 -0.005313819 0.900560617 -0.003881941 0.999989390 0.002496260 -1.229460478 0.005323484 -0.002475578 0.999982774 45.588459015
0.999974906 0.004438188 -0.005509065 0.909683943 -0.004425999 0.999987781 0.002222624 -1.242122650 0.005518862 -0.002198186 0.999982357 46.133899689
0.999979675 0.003650051 -0.005210977 0.910744309 -0.003638532 0.999990940 0.002218372 -1.255398273 0.005219025 -0.002199367 0.999983907 46.673995972
0.999979436 0.003947319 -0.005055637 0.920547366 -0.003937088 0.999990106 0.002031842 -1.268401623 0.005063608 -0.002011895 0.999985158 47.232582092
0.999974847 0.003693327 -0.006049800 0.924245059 -0.003673953 0.999988198 0.003210492 -1.283468723 0.006061586 -0.003188185 0.999976516 47.795841217
0.999978960 0.002528269 -0.005959005 0.942804217 -0.002515698 0.999994516 0.002116079 -1.295502186 0.005964324 -0.002101043 0.999980032 48.338752747
0.999980032 0.003269536 -0.005394388 0.949213505 -0.003262464 0.999993801 0.001319292 -1.295258522 0.005398667 -0.001301667 0.999984562 48.900184631
0.999979496 0.003145051 -0.005569159 0.955513954 -0.003138956 0.999994516 0.001102851 -1.307716489 0.005572595 -0.001085347 0.999983847 49.451759338
0.999979377 0.002160065 -0.006048402 0.985292315 -0.002145820 0.999994874 0.002360618 -1.351863623 0.006053471 -0.002347590 0.999978840 49.990917206
0.999976993 0.002040903 -0.006455732 0.997337103 -0.002023808 0.999994397 0.002653351 -1.368605733 0.006461111 -0.002640225 0.999975622 50.521217346
0.999977291 0.002081683 -0.006397198 1.001082778 -0.002064563 0.999994218 0.002681613 -1.382427931 0.006402743 -0.002668345 0.999975920 51.050907135
0.999981999 0.001927257 -0.005703792 0.997427225 -0.001914203 0.999995530 0.002293218 -1.382146597 0.005708186 -0.002282258 0.999981105 51.595748901
0.999979734 0.001989464 -0.006046933 1.001522183 -0.001973183 0.999994397 0.002697394 -1.399066448 0.006052265 -0.002685408 0.999978065 52.127399445
0.999979317 0.002374471 -0.005968914 1.019366741 -0.002360856 0.999994695 0.002287054 -1.418199539 0.005974314 -0.002272916 0.999979556 52.657684326
0.999984026 0.001458304 -0.005456043 1.022981167 -0.001442633 0.999994814 0.002874808 -1.428580284 0.005460208 -0.002866891 0.999980927 53.207351685
0.999980509 0.002126050 -0.005861094 1.037656307 -0.002113855 0.999995530 0.002086239 -1.443729997 0.005865504 -0.002073809 0.999980569 53.742469788
0.999981999 0.002205198 -0.005583632 1.046118736 -0.002193731 0.999995470 0.002059157 -1.461105466 0.005588150 -0.002046871 0.999982238 54.282978058
0.999983072 0.002617026 -0.005197058 1.048156619 -0.002606680 0.999994636 0.001996547 -1.475954056 0.005202255 -0.001982966 0.999984503 54.818344116
0.999982536 0.002534681 -0.005323569 1.054616570 -0.002524589 0.999994993 0.001901319 -1.490743279 0.005328361 -0.001887846 0.999984026 55.366710663
0.999981761 0.002487136 -0.005506782 1.062882900 -0.002475096 0.999994516 0.002192186 -1.505444169 0.005512206 -0.002178516 0.999982417 55.914772034
0.999982357 0.002752371 -0.005267951 1.066835642 -0.002740387 0.999993622 0.002280782 -1.520367265 0.005274193 -0.002266306 0.999983490 56.450775146
0.999982834 0.002957974 -0.005045145 1.076179266 -0.002947769 0.999993622 0.002029132 -1.535262465 0.005051115 -0.002014225 0.999985218 56.993625641
0.999982953 0.003068613 -0.004956898 1.083500385 -0.003058705 0.999993324 0.002005081 -1.548779249 0.004963019 -0.001989886 0.999985695 57.532001495
0.999983370 0.003369050 -0.004680985 1.086705565 -0.003360509 0.999992609 0.001831232 -1.561833978 0.004687121 -0.001815471 0.999987304 58.073364258
0.999985099 0.003215676 -0.004401878 1.096425295 -0.003208096 0.999993384 0.001728139 -1.579166532 0.004407405 -0.001713991 0.999988794 58.609832764
0.999985874 0.003110731 -0.004313160 1.101357460 -0.003102537 0.999993384 0.001905312 -1.595462680 0.004319058 -0.001891904 0.999988854 59.137115479
0.999986112 0.002964897 -0.004351361 1.111325145 -0.002957005 0.999993980 0.001819147 -1.613840699 0.004356728 -0.001806255 0.999988794 59.670814514
0.999986470 0.002750847 -0.004397287 1.118880153 -0.002742667 0.999994516 0.001865188 -1.628811479 0.004402395 -0.001853103 0.999988616 60.213947296
0.999985814 0.002957716 -0.004416824 1.125595331 -0.002947970 0.999993145 0.002211597 -1.645007253 0.004423337 -0.002198545 0.999987781 60.757511139
0.999987602 0.003057199 -0.003907860 1.129993677 -0.003050025 0.999993682 0.001840316 -1.657553792 0.003913463 -0.001828374 0.999990642 61.295970917
0.999987900 0.003260611 -0.003659509 1.137933850 -0.003253679 0.999992907 0.001898254 -1.670102000 0.003665674 -0.001886324 0.999991477 61.832946777
0.999988139 0.003070673 -0.003784333 1.143287659 -0.003064718 0.999993980 0.001578713 -1.687013745 0.003789156 -0.001567097 0.999991536 62.376720428
0.999988317 0.003307361 -0.003503425 1.151252747 -0.003302941 0.999993682 0.001266324 -1.701364398 0.003507591 -0.001254738 0.999993026 62.904270172
0.999987543 0.003928862 -0.003071919 1.154718876 -0.003924878 0.999991477 0.001301630 -1.713295460 0.003077006 -0.001289557 0.999994457 63.446945190
0.999987423 0.004025565 -0.002985239 1.160902619 -0.004021880 0.999991119 0.001239423 -1.733406782 0.002990200 -0.001227401 0.999994695 63.975666046
0.999989212 0.003641094 -0.002869806 1.171230555 -0.003638043 0.999992788 0.001067826 -1.743024707 0.002873675 -0.001057374 0.999995291 64.516571045
0.999989092 0.003787127 -0.002708376 1.175051689 -0.003785464 0.999992669 0.000619005 -1.750471830 0.002710702 -0.000608746 0.999996126 65.055572510
0.999991775 0.003362126 -0.002238804 1.182825446 -0.003361152 0.999994278 0.000438789 -1.765316725 0.002240266 -0.000431261 0.999997377 65.591468811
0.999990821 0.003766064 -0.002019941 1.186743259 -0.003764502 0.999992609 0.000776822 -1.788658857 0.002022854 -0.000769211 0.999997616 66.120018005
0.999986887 0.004956730 -0.001299814 1.183804035 -0.004955808 0.999987483 0.000711640 -1.810062051 0.001303326 -0.000705189 0.999998927 66.656242371
0.999987602 0.004808977 -0.001276696 1.196688652 -0.004808337 0.999988437 0.000502149 -1.826992869 0.001279096 -0.000496004 0.999999046 67.221992493
0.999988377 0.004411639 -0.001907091 1.222461700 -0.004410619 0.999990225 0.000537750 -1.838218808 0.001909447 -0.000529332 0.999998033 67.759460449
0.999988377 0.004464282 -0.001835416 1.233295918 -0.004463758 0.999989986 0.000289785 -1.851784348 0.001836691 -0.000281589 0.999998271 68.294334412
0.999988258 0.004377828 -0.002059293 1.250406027 -0.004377468 0.999990344 0.000178864 -1.865803838 0.002060056 -0.000169847 0.999997854 68.829650879
0.999988914 0.004357863 -0.001766753 1.258562326 -0.004356741 0.999990284 0.000638208 -1.884571195 0.001769517 -0.000630504 0.999998152 69.369934082
0.999988258 0.004456676 -0.001905047 1.279173851 -0.004456206 0.999990046 0.000251050 -1.900885582 0.001906146 -0.000242558 0.999998152 69.917846680
0.999985993 0.005169579 -0.001150566 1.284038424 -0.005169021 0.999986589 0.000487847 -1.919355512 0.001153072 -0.000481893 0.999999225 70.468330383
0.999990880 0.003954744 -0.001603663 1.307443976 -0.003953698 0.999991953 0.000654789 -1.932011485 0.001606238 -0.000648442 0.999998510 71.018196106
0.999988079 0.004751240 -0.001102793 1.315885305 -0.004751163 0.999988735 0.000072041 -1.941729903 0.001103125 -0.000066800 0.999999404 71.570632935
0.999989212 0.004517904 -0.001065402 1.330677390 -0.004517537 0.999989748 0.000345965 -1.961832404 0.001066953 -0.000341148 0.999999344 72.114128113
0.999989688 0.004479208 -0.000692122 1.339703918 -0.004479270 0.999989927 -0.000089872 -1.975543380 0.000691713 0.000092971 0.999999762 72.670455933
0.999987483 0.004941874 -0.000759275 1.354030371 -0.004941952 0.999987781 -0.000100277 -1.990317464 0.000758770 0.000104028 0.999999642 73.217285156
0.999988914 0.004677207 -0.000577821 1.363762379 -0.004677191 0.999988973 0.000028267 -2.007579803 0.000577949 -0.000025564 0.999999821 73.770805359
0.999989152 0.004627933 -0.000380710 1.376495600 -0.004627964 0.999989212 -0.000080557 -2.024502277 0.000380333 0.000082319 0.999999940 74.326759338
0.999987662 0.004961488 -0.000229495 1.390424490 -0.004961394 0.999987543 0.000410374 -2.044124126 0.000231528 -0.000409230 0.999999881 74.867370605
0.999987423 0.005011416 0.000058350 1.402716756 -0.005011414 0.999987423 -0.000026517 -2.058825731 -0.000058483 0.000026224 1.000000000 75.441154480
0.999987066 0.005058207 0.000376238 1.415273905 -0.005058052 0.999987066 -0.000410837 -2.075661182 -0.000378312 0.000408928 0.999999821 75.981468201
0.999986291 0.005199893 0.000650171 1.426097631 -0.005199533 0.999986291 -0.000552799 -2.086262465 -0.000653037 0.000549411 0.999999583 76.556793213
0.999985993 0.005245158 0.000704395 1.442071199 -0.005244516 0.999985754 -0.000912221 -2.103521585 -0.000709168 0.000908514 0.999999344 77.134338379
0.999983668 0.005606150 0.001033373 1.455640793 -0.005604685 0.999983251 -0.001414060 -2.112553120 -0.001041283 0.001408245 0.999998391 77.703796387
0.999989927 0.004280378 0.001299327 1.478377342 -0.004277694 0.999988735 -0.002062653 -2.119449615 -0.001308142 0.002057074 0.999997020 78.295814514
0.999985814 0.005147190 0.001328543 1.483237028 -0.005145227 0.999985695 -0.001478663 -2.143781900 -0.001336135 0.001471807 0.999998033 78.818458557
0.999983966 0.005372754 0.001790359 1.491594315 -0.005369919 0.999984264 -0.001583888 -2.158442497 -0.001798841 0.001574248 0.999997079 79.375495911
0.999982357 0.005625395 0.001901713 1.501352191 -0.005622151 0.999982655 -0.001706992 -2.174367428 -0.001911282 0.001696270 0.999996722 79.927726746
0.999980807 0.005812891 0.002154537 1.513017893 -0.005808715 0.999981225 -0.001939623 -2.193709612 -0.002165772 0.001927071 0.999995828 80.465545654
0.999978185 0.005649700 0.003398972 1.525986075 -0.005643305 0.999982297 -0.001888004 -2.211183071 -0.003409578 0.001868781 0.999992430 81.024559021
0.999976337 0.005325869 0.004355103 1.541606545 -0.005316738 0.999983668 -0.002105517 -2.224044323 -0.004366247 0.002082312 0.999988258 81.582290649
0.999967217 0.005243439 0.006157065 1.551886559 -0.005228666 0.999983370 -0.002413246 -2.239635944 -0.006169616 0.002380974 0.999978125 82.133003235
0.999964297 0.004149561 0.007363442 1.575271130 -0.004128042 0.999987185 -0.002935300 -2.250057697 -0.007375527 0.002904799 0.999968588 82.678833008
0.999926329 0.005261862 0.010939391 1.587717295 -0.005231115 0.999982297 -0.002837301 -2.269877911 -0.010954128 0.002779867 0.999936163 83.222084045
0.999873579 0.004681596 0.015197266 1.610178947 -0.004637485 0.999984920 -0.002936410 -2.281002045 -0.015210784 0.002865561 0.999880195 83.779815674
0.999828041 0.004624356 0.017954720 1.636848927 -0.004566961 0.999984264 -0.003236307 -2.302750349 -0.017969402 0.003153752 0.999833584 84.324493408
0.999740303 0.004548189 0.022329424 1.666350484 -0.004471085 0.999983847 -0.003501680 -2.319372654 -0.022344990 0.003400934 0.999744534 84.876075745
0.999574363 0.004622876 0.028804651 1.694533587 -0.004540739 0.999985456 -0.002916369 -2.337939978 -0.028817710 0.002784333 0.999580741 85.427871704
0.999398649 0.004063605 0.034439847 1.732502460 -0.003957953 0.999987185 -0.003135365 -2.350774050 -0.034452152 0.002997168 0.999401867 85.972206116
0.999159276 0.004855619 0.040708732 1.766560078 -0.004750085 0.999985099 -0.002688749 -2.374566555 -0.040721186 0.002493119 0.999167383 86.508331299
0.998802304 0.003871984 0.048775181 1.819159269 -0.003714180 0.999987602 -0.003325526 -2.386547804 -0.048787452 0.003140383 0.998804271 87.056556702
0.998353839 0.004364820 0.057188522 1.864462376 -0.004189953 0.999986172 -0.003177269 -2.408223867 -0.057201609 0.002932421 0.998358369 87.593925476
0.997966766 0.003221401 0.063653968 1.927198887 -0.003010961 0.999989688 -0.003401636 -2.420573235 -0.063664258 0.003203060 0.997966230 88.153579712
0.997314870 0.003489093 0.073151633 1.980597496 -0.003288742 0.999990523 -0.002859139 -2.445312023 -0.073160924 0.002610884 0.997316718 88.668434143
0.996577203 0.002919869 0.082614981 2.058489799 -0.002657770 0.999991059 -0.003282338 -2.467455864 -0.082623817 0.003051532 0.996576130 89.195793152
0.995814860 0.002988385 0.091344409 2.125552654 -0.002721040 0.999991655 -0.003051159 -2.481090307 -0.091352761 0.002789838 0.995814681 89.746070862
0.995060742 0.002568335 0.099234633 2.194171429 -0.002232902 0.999991417 -0.003491111 -2.497906685 -0.099242747 0.003252286 0.995057940 90.304512024
0.993994117 0.002574903 0.109403253 2.278018951 -0.002214266 0.999991715 -0.003417760 -2.515051365 -0.109411158 0.003154985 0.993991494 90.839218140
0.992837250 0.002432130 0.119450137 2.365975380 -0.002037287 0.999992073 -0.003427506 -2.530120134 -0.119457528 0.003159602 0.992834270 91.379058838
0.991703749 0.001901306 0.128531143 2.458211899 -0.001436191 0.999992073 -0.003711281 -2.549718142 -0.128537193 0.003495896 0.991698503 91.904678345
0.990088463 0.002043433 0.140430301 2.548431396 -0.001540944 0.999992013 -0.003686858 -2.565010786 -0.140436694 0.003433920 0.990083635 92.454681396
0.988245964 0.001571877 0.152864009 2.657258987 -0.001065826 0.999993622 -0.003392353 -2.586883783 -0.152868375 0.003189552 0.988241434 92.988204956
0.986490965 0.001334959 0.163810417 2.764555931 -0.000782438 0.999993801 -0.003437403 -2.607333660 -0.163813993 0.003262796 0.986485839 93.519195557
0.984774947 0.001043943 0.173830852 2.882819176 -0.000429708 0.999993503 -0.003571119 -2.613316059 -0.173833460 0.003442053 0.984769046 94.064155579
0.982402503 0.000432164 0.186776131 3.003659248 0.000270882 0.999992967 -0.003738570 -2.630830050 -0.186776444 0.003723374 0.982395411 94.597427368
0.979963243 0.000027784 0.199178323 3.134558678 0.000699232 0.999993324 -0.003579731 -2.647919893 -0.199177101 0.003647276 0.979956746 95.129272461
0.977928340 -0.000024648 0.208940208 3.272970200 0.000760164 0.999993801 -0.003439929 -2.670398951 -0.208938837 0.003522833 0.977922320 95.647247314
0.975077987 -0.000188831 0.221862420 3.417890549 0.000903799 0.999994814 -0.003121051 -2.695152283 -0.221860677 0.003243787 0.975072920 96.167297363
0.972009480 -0.001095129 0.234939158 3.569992065 0.001856646 0.999993682 -0.003020165 -2.712341309 -0.234934375 0.003371828 0.972005367 96.674057007
0.969370723 -0.001063826 0.245600164 3.719757080 0.001884491 0.999993384 -0.003106474 -2.726609707 -0.245595261 0.003474156 0.969366193 97.219383240
0.966368556 -0.001810051 0.257154346 3.889270782 0.002713427 0.999991298 -0.003158160 -2.739387751 -0.257146388 0.003749716 0.966365099 97.725486755
0.962919116 -0.002165459 0.269781560 4.063337326 0.003085487 0.999990761 -0.002986253 -2.757199526 -0.269772559 0.003707927 0.962916911 98.225456238
0.959208369 -0.002900889 0.282685041 4.236667633 0.004132365 0.999984324 -0.003760214 -2.773512602 -0.282669753 0.004774987 0.959205329 98.745559692
0.955803156 -0.003295981 0.293988854 4.424081802 0.004429147 0.999985039 -0.003188761 -2.795647144 -0.293973893 0.004349948 0.955803514 99.253997803
0.951835811 -0.003232309 0.306591272 4.625064850 0.004389746 0.999985635 -0.003085720 -2.804459095 -0.306576878 0.004282956 0.951836288 99.790573120
0.946936309 -0.003635674 0.321400613 4.820377350 0.004808412 0.999984384 -0.002855135 -2.824435234 -0.321385175 0.004249058 0.946938932 100.295303345
0.943060637 -0.004060783 0.332596034 5.024423599 0.005271255 0.999982417 -0.002737259 -2.840483427 -0.332579076 0.004334599 0.943065405 100.812965393
0.938235164 -0.004164932 0.345973164 5.240505219 0.005383343 0.999982238 -0.002560844 -2.862087011 -0.345956385 0.004265166 0.938240886 101.307472229
0.932816505 -0.005627318 0.360307425 5.456016541 0.007087283 0.999971151 -0.002730949 -2.875844717 -0.360281676 0.005101077 0.932829618 101.786071777
0.928202569 -0.005352095 0.372036815 5.682245255 0.006626083 0.999975801 -0.002145975 -2.889209270 -0.372016251 0.004457046 0.928215563 102.303619385
0.923313558 -0.005412146 0.384008855 5.903520584 0.006944969 0.999972522 -0.002605113 -2.906361341 -0.383984238 0.005072266 0.923325658 102.793479919
0.917488992 -0.006948212 0.397700250 6.161582947 0.008456298 0.999962151 -0.002038251 -2.938404560 -0.397670984 0.005233146 0.917513072 103.244491577
0.911745071 -0.006824745 0.410699606 6.410182953 0.008422465 0.999962270 -0.002080969 -2.952121735 -0.410669923 0.005356416 0.911768317 103.734260559
0.906730831 -0.007283525 0.421646714 6.651721954 0.008962025 0.999957860 -0.001999135 -2.967208862 -0.421614349 0.005591487 0.906758010 104.212066650
0.901301622 -0.008680108 0.433105111 6.933654785 0.010265207 0.999946415 -0.001321630 -2.999689579 -0.433070451 0.005637101 0.901342452 104.692474365
0.894615054 -0.008193464 0.446762443 7.195190430 0.009305275 0.999956608 -0.000294408 -3.017754078 -0.446740627 0.004420629 0.894652486 105.167816162
0.888355434 -0.008055827 0.459085643 7.467861176 0.009280508 0.999956787 -0.000411494 -3.030209064 -0.459062487 0.004626101 0.888391852 105.660667419
0.882877409 -0.008968716 0.469517916 7.724483490 0.010350089 0.999946296 -0.000361270 -3.057703257 -0.469489485 0.005178509 0.882922888 106.080207825
0.875377834 -0.009686626 0.483342379 8.011241913 0.010945315 0.999940097 0.000216738 -3.085463524 -0.483315438 0.005100607 0.875431418 106.545593262
0.868110120 -0.009654316 0.496277601 8.297706604 0.011028759 0.999939203 0.000160292 -3.100320816 -0.496248871 0.005334175 0.868163943 107.003753662
