1.000000000 0.000000000 0.000000000 0.000000000 0.000000000 1.000000000 0.000000000 0.000000000 0.000000000 0.000000000 1.000000000 0.000000000
1.000000000 0.000002415 0.000051675 0.000179264 -0.000002420 1.000000000 0.000086825 -0.000468103 -0.000051675 -0.000086826 1.000000000 -0.000395911
1.000000000 -0.000040091 -0.000133393 0.001259035 0.000040091 1.000000000 0.000001095 -0.000402904 0.000133393 -0.000001100 1.000000000 -0.001146093
1.000000000 0.000059767 -0.000017171 0.000411521 -0.000059766 1.000000000 0.000023537 0.000064190 0.000017172 -0.000023536 1.000000000 0.000615163
1.000000000 0.000067540 -0.000009578 -0.000119739 -0.000067540 1.000000000 0.000026337 -0.000630993 0.000009580 -0.000026337 1.000000000 -0.000314524
1.000000000 0.000030357 -0.000047898 -0.000395355 -0.000030357 1.000000000 -0.000010154 -0.000477480 0.000047897 0.000010156 1.000000000 -0.000094959
1.000000000 -0.000026151 -0.000083819 0.000879620 0.000026153 1.000000000 0.000021095 -0.001056591 0.000083818 -0.000021097 1.000000000 -0.001699325
1.000000000 -0.000064969 -0.000048765 0.000850257 0.000064967 1.000000000 -0.000056213 0.000013225 0.000048768 0.000056210 1.000000000 -0.000527368
1.000000000 -0.000140599 -0.000008925 0.001052276 0.000140599 1.000000000 -0.000039801 0.000071615 0.000008931 0.000039800 1.000000000 -0.000661332
0.999999940 -0.000270128 -0.000015891 0.000814477 0.000270127 0.999999940 -0.000075487 0.000992985 0.000015912 0.000075483 1.000000000 0.001393089
0.999999940 -0.000218674 -0.000129638 0.001253675 0.000218671 1.000000000 -0.000020369 -0.000058217 0.000129643 0.000020341 1.000000000 0.001944443
1.000000000 -0.000177676 0.000001018 0.000638123 0.000177676 0.999999940 -0.000190993 0.002223830 -0.000000984 0.000190994 1.000000000 0.002978557
1.000000000 -0.000209271 -0.000007866 0.000208753 0.000209272 1.000000000 0.000055870 0.000350669 0.000007855 -0.000055872 1.000000000 0.000912312
1.000000000 -0.000142252 -0.000013066 0.000527789 0.000142252 1.000000000 0.000063344 -0.000091137 0.000013057 -0.000063345 1.000000000 0.001066988
1.000000000 -0.000168750 -0.000080560 0.001171471 0.000168758 1.000000000 0.000097849 -0.000768035 0.000080543 -0.000097862 1.000000000 -0.000222341
1.000000000 -0.000189132 -0.000088328 0.000469424 0.000189135 1.000000000 0.000030690 -0.000080205 0.000088323 -0.000030706 1.000000000 -0.000116891
1.000000000 0.000098347 0.000141127 -0.001325398 -0.000098350 1.000000000 0.000021128 0.000531303 -0.000141125 -0.000021142 1.000000000 0.001272072
1.000000000 -0.000052358 -0.000225479 0.001258229 0.000052322 1.000000000 -0.000163164 0.000983164 0.000225488 0.000163152 0.999999940 -0.000041803
1.000000000 -0.000190038 -0.000021958 0.000759413 0.000190036 1.000000000 -0.000075669 0.000436037 0.000021972 0.000075665 1.000000000 0.000804003
1.000000000 -0.000146511 0.000028205 0.000439546 0.000146512 1.000000000 -0.000020687 0.000337943 -0.000028202 0.000020691 1.000000000 0.000551065
1.000000000 0.000008657 -0.000003855 -0.000267258 -0.000008658 1.000000000 -0.000063395 0.000791704 0.000003855 0.000063395 1.000000000 0.001683712
1.000000000 -0.000095187 -0.000097229 0.000921344 0.000095182 1.000000000 -0.000048838 0.001405996 0.000097234 0.000048829 1.000000000 0.000680503
1.000000000 -0.000168732 -0.000077616 0.002079430 0.000168727 1.000000000 -0.000065915 0.000834707 0.000077627 0.000065902 1.000000000 0.001446275
1.000000000 -0.000062782 0.000045702 -0.000037734 0.000062786 1.000000000 -0.000072422 0.001816290 -0.000045698 0.000072425 1.000000000 0.001911889
1.000000000 -0.000181251 -0.000119021 0.001798696 0.000181238 1.000000000 -0.000107843 0.001119680 0.000119041 0.000107822 1.000000000 0.001228805
1.000000000 -0.000102044 -0.000061869 0.000787029 0.000102035 1.000000000 -0.000141052 0.001569000 0.000061884 0.000141046 1.000000000 0.000834803
1.000000000 -0.000058810 0.000044655 -0.000262427 0.000058818 1.000000000 -0.000176291 0.001250156 -0.000044645 0.000176294 1.000000000 0.000882627
1.000000000 -0.000174296 -0.000082282 0.000410993 0.000174285 1.000000000 -0.000134569 0.000536459 0.000082305 0.000134554 1.000000000 -0.000079416
1.000000000 -0.000160900 -0.000082637 -0.000296174 0.000160902 1.000000000 0.000016644 0.001185079 0.000082634 -0.000016657 1.000000000 0.002139922
1.000000000 -0.000058578 0.000095453 -0.001205582 0.000058584 1.000000000 -0.000071531 0.001925912 -0.000095449 0.000071536 1.000000000 0.002644885
1.000000000 -0.000127329 -0.000059136 0.000971565 0.000127331 1.000000000 0.000044085 0.000674311 0.000059130 -0.000044093 1.000000000 0.000556896
1.000000000 -0.000157117 0.000034638 -0.000779738 0.000157117 1.000000000 0.000002325 0.001183273 -0.000034639 -0.000002319 1.000000000 0.002156551
1.000000000 -0.000083814 0.000082295 -0.001117574 0.000083817 1.000000000 -0.000037892 0.000710546 -0.000082292 0.000037899 1.000000000 0.001334820
1.000000000 -0.000206790 -0.000019598 0.000212837 0.000206789 1.000000000 -0.000048330 0.001361281 0.000019608 0.000048326 1.000000000 0.001139374
1.000000000 0.000042703 0.000110284 -0.001150438 -0.000042691 1.000000000 -0.000108391 0.002346525 -0.000110288 0.000108387 1.000000000 0.003020636
1.000000000 0.000086411 0.000160387 -0.001789504 -0.000086398 1.000000000 -0.000084327 0.002913277 -0.000160394 0.000084313 1.000000000 0.003217552
0.999999940 -0.000355107 0.000024959 0.000155387 0.000355106 0.999999940 0.000018345 0.001053390 -0.000024965 -0.000018336 1.000000000 0.001555900
1.000000000 0.000012509 0.000108528 -0.001336879 -0.000012520 1.000000000 0.000107750 0.000810087 -0.000108527 -0.000107752 1.000000000 0.001318709
1.000000000 -0.000132743 -0.000021573 -0.000072759 0.000132740 1.000000000 -0.000098528 0.002024984 0.000021586 0.000098525 1.000000000 0.001515845
0.999999940 -0.000043568 0.000254348 -0.001747139 0.000043552 1.000000000 0.000060909 -0.000499287 -0.000254350 -0.000060898 0.999999940 0.002402346
0.999999940 -0.000171730 0.000240050 -0.000576878 0.000171898 0.999999762 -0.000699280 -0.001333883 -0.000239930 0.000699321 0.999999702 0.051623791
1.000000000 0.000017229 0.000182662 0.000910018 -0.000016981 0.999999046 -0.001362964 -0.003426522 -0.000182685 0.001362961 0.999999046 0.133820385
0.999999940 0.000364966 -0.000022735 0.003160070 -0.000364998 0.999998868 -0.001440997 -0.004590517 0.000022209 0.001441005 0.999998987 0.253439546
0.999999940 0.000419967 -0.000014801 0.005217521 -0.000419986 0.999999106 -0.001283493 -0.013512310 0.000014262 0.001283500 0.999999166 0.382805079
0.999999881 0.000411391 0.000152724 0.006947489 -0.000411211 0.999999225 -0.001177978 -0.015795676 -0.000153208 0.001177915 0.999999285 0.527729511
1.000000000 0.000161970 0.000084372 0.012623480 -0.000161870 0.999999285 -0.001184590 -0.019076096 -0.000084564 0.001184576 0.999999285 0.681241572
0.999999940 -0.000387157 0.000124272 0.016043244 0.000387286 0.999999404 -0.001039712 -0.019514482 -0.000123870 0.001039760 0.999999464 0.852764249
0.999999881 0.000489217 -0.000135899 0.020097865 -0.000489267 0.999999821 -0.000368733 -0.034165528 0.000135718 0.000368800 0.999999940 0.994307458
0.999999821 0.000553971 0.000002729 0.023484211 -0.000553971 0.999999881 -0.000047352 -0.041643810 -0.000002755 0.000047351 1.000000000 1.169829726
0.999999821 0.000516864 -0.000329241 0.032572772 -0.000516783 0.999999821 0.000248226 -0.049649589 0.000329369 -0.000248055 0.999999940 1.352253079
0.999999762 0.000585442 -0.000301152 0.037185699 -0.000585408 0.999999821 0.000113159 -0.052959610 0.000301218 -0.000112983 1.000000000 1.541054845
0.999999702 0.000840370 0.000012192 0.035523228 -0.000840371 0.999999642 0.000095786 -0.052416354 -0.000012112 -0.000095796 1.000000000 1.745818138
0.999999583 0.000853578 -0.000373189 0.046483736 -0.000853422 0.999999523 0.000416599 -0.064760335 0.000373544 -0.000416280 0.999999881 1.942599773
0.999999881 0.000417832 -0.000122872 0.048029628 -0.000417805 0.999999881 0.000222349 -0.069940321 0.000122965 -0.000222297 0.999999940 2.152266502
0.999999762 0.000694851 -0.000024085 0.052181423 -0.000694840 0.999999702 0.000474512 -0.078160658 0.000024414 -0.000474495 0.999999881 2.364496946
0.999999642 0.000827343 -0.000049172 0.054100916 -0.000827340 0.999999642 0.000056159 -0.079560459 0.000049219 -0.000056118 1.000000000 2.596934795
0.999999166 0.001127176 0.000568012 0.049952727 -0.001127237 0.999999344 0.000107840 -0.082488105 -0.000567890 -0.000108480 0.999999821 2.824785233
0.999999821 0.000543983 0.000084128 0.062721871 -0.000544019 0.999999762 0.000425779 -0.092807531 -0.000083896 -0.000425824 0.999999881 3.048466206
0.999999702 0.000620000 -0.000135272 0.067878239 -0.000619948 0.999999702 0.000384527 -0.096776091 0.000135511 -0.000384443 0.999999940 3.292856216
0.999999642 0.000716368 0.000159150 0.069543079 -0.000716450 0.999999583 0.000517995 -0.108334355 -0.000158779 -0.000518109 0.999999821 3.524089575
0.999999642 0.000799623 0.000209426 0.080704242 -0.000799659 0.999999702 0.000175344 -0.111563869 -0.000209286 -0.000175511 1.000000000 3.784689188
0.999999821 0.000469444 0.000306909 0.082620978 -0.000469518 0.999999821 0.000241810 -0.119774014 -0.000306796 -0.000241954 0.999999940 4.036790371
0.999999464 0.000922461 -0.000379945 0.094509646 -0.000922115 0.999999166 0.000907957 -0.132249177 0.000380783 -0.000907606 0.999999464 4.302153111
0.999999762 0.000653858 -0.000132064 0.100828461 -0.000653772 0.999999523 0.000644776 -0.135809109 0.000132485 -0.000644689 0.999999821 4.563405037
0.999999702 0.000747471 -0.000327766 0.106986485 -0.000747185 0.999999404 0.000873747 -0.146509320 0.000328419 -0.000873502 0.999999583 4.815636158
0.999999523 0.000857948 -0.000493913 0.115224488 -0.000857451 0.999999166 0.001005108 -0.153370410 0.000494775 -0.001004684 0.999999344 5.078356743
0.999999821 0.000586341 -0.000221646 0.116319820 -0.000586204 0.999999642 0.000617450 -0.158773988 0.000222008 -0.000617320 0.999999702 5.335337162
0.999999464 0.001004700 -0.000234031 0.121225990 -0.001004534 0.999999225 0.000709874 -0.165115565 0.000234744 -0.000709638 0.999999702 5.608216763
0.999999642 0.000831513 -0.000232251 0.125260815 -0.000831419 0.999999583 0.000405351 -0.169497684 0.000232588 -0.000405157 0.999999940 5.878252029
0.999999583 0.000788042 -0.000465201 0.137084097 -0.000787757 0.999999464 0.000610743 -0.181169599 0.000465682 -0.000610376 0.999999702 6.150606155
0.999998689 0.001654222 0.000018869 0.133574918 -0.001654230 0.999998510 0.000415367 -0.184544563 -0.000018182 -0.000415397 0.999999940 6.430958271
0.999999166 0.000914779 -0.000902773 0.164103881 -0.000914024 0.999999225 0.000836846 -0.206880301 0.000903538 -0.000836020 0.999999225 6.719657898
0.999998808 0.001243144 -0.000870235 0.167862415 -0.001242554 0.999998987 0.000678744 -0.210622892 0.000871078 -0.000677662 0.999999404 7.019794941
0.999998808 0.001349930 -0.000662789 0.175417289 -0.001349387 0.999998689 0.000818937 -0.222987562 0.000663893 -0.000818042 0.999999464 7.311276436
0.999999464 0.000865630 -0.000475196 0.179347053 -0.000865350 0.999999404 0.000588915 -0.228804052 0.000475705 -0.000588503 0.999999702 7.628635883
0.999999523 0.000854195 -0.000316781 0.175479338 -0.000853886 0.999999106 0.000975180 -0.241635069 0.000317613 -0.000974909 0.999999464 7.932426453
0.999999762 0.000542840 -0.000229773 0.180457890 -0.000542720 0.999999702 0.000524493 -0.243636474 0.000230058 -0.000524368 0.999999881 8.259284973
0.999999225 0.001261614 0.000184334 0.181483001 -0.001261704 0.999999046 0.000485910 -0.254023612 -0.000183721 -0.000486142 0.999999881 8.587272644
0.999999285 0.001176154 0.000136010 0.190066174 -0.001176313 0.999998569 0.001174175 -0.269955695 -0.000134629 -0.001174334 0.999999225 8.933625221
0.999999344 0.001007146 0.000386717 0.199869528 -0.001007609 0.999998689 0.001200526 -0.284073502 -0.000385507 -0.001200914 0.999999166 9.258255959
0.999998927 0.001445550 0.000197722 0.209901869 -0.001445944 0.999996960 0.002006673 -0.302253366 -0.000194821 -0.002006957 0.999997914 9.600279808
0.999999404 0.001029720 0.000394478 0.217992246 -0.001030389 0.999998033 0.001698463 -0.305476367 -0.000392728 -0.001698868 0.999998450 9.937838554
0.999999702 0.000877819 -0.000204626 0.224780202 -0.000877352 0.999997020 0.002266725 -0.325862616 0.000206615 -0.002266544 0.999997377 10.287639618
0.999998987 0.001343742 0.000335398 0.227708563 -0.001344685 0.999995053 0.002827466 -0.339854717 -0.000331598 -0.002827914 0.999996006 10.642591476
0.999998987 0.001324783 0.000361519 0.233747363 -0.001325692 0.999995887 0.002525862 -0.346788675 -0.000358172 -0.002526339 0.999996781 11.010299683
0.999999344 0.001119259 -0.000127468 0.248768449 -0.001118975 0.999996960 0.002207417 -0.359233886 0.000129938 -0.002207273 0.999997556 11.413251877
0.999999642 0.000871807 0.000070705 0.256282300 -0.000871954 0.999997437 0.002109371 -0.366014004 -0.000068866 -0.002109432 0.999997795 11.790882111
0.999998748 0.001547107 0.000168296 0.255217046 -0.001547405 0.999997199 0.001784850 -0.372408271 -0.000165535 -0.001785108 0.999998331 12.186217308
0.999999166 0.001240212 0.000399079 0.262870073 -0.001241112 0.999996603 0.002264281 -0.392182350 -0.000396269 -0.002264774 0.999997377 12.570993423
0.999999523 0.000862000 0.000525059 0.269093513 -0.000863250 0.999996781 0.002385462 -0.404271692 -0.000523000 -0.002385913 0.999997079 12.966378212
0.999998391 0.001717976 0.000509041 0.277600169 -0.001719096 0.999996066 0.002208990 -0.411954254 -0.000505244 -0.002209861 0.999997437 13.369600296
0.999998391 0.001497919 0.000993662 0.283404440 -0.001500233 0.999996066 0.002332358 -0.420486122 -0.000990165 -0.002333845 0.999996781 13.781491280
0.999998868 0.001234473 0.000829390 0.293790519 -0.001236535 0.999996126 0.002489633 -0.434174180 -0.000826313 -0.002490656 0.999996483 14.197099686
0.999998689 0.001096783 0.001216587 0.305697620 -0.001100045 0.999995828 0.002683810 -0.447657913 -0.001213638 -0.002685145 0.999995649 14.617020607
0.999998212 0.001615510 0.000996704 0.313820302 -0.001618150 0.999995172 0.002653804 -0.461291850 -0.000992411 -0.002655412 0.999996006 15.042061806
0.999998271 0.001225290 0.001360731 0.325039119 -0.001229016 0.999995470 0.002741093 -0.473857015 -0.001357366 -0.002742761 0.999995232 15.470959663
0.999997497 0.001577384 0.001549998 0.336470306 -0.001581401 0.999995410 0.002593469 -0.485391885 -0.001545900 -0.002595914 0.999995410 15.915369987
0.999997556 0.001245772 0.001822063 0.346258819 -0.001250492 0.999995887 0.002591773 -0.494548589 -0.001818826 -0.002594046 0.999994993 16.363330841
0.999996543 0.001625399 0.002071229 0.355289698 -0.001630423 0.999995708 0.002426226 -0.506568730 -0.002067276 -0.002429594 0.999994934 16.807462692
0.999995351 0.001563401 0.002622162 0.362142801 -0.001570636 0.999994874 0.002759209 -0.519986212 -0.002617834 -0.002763314 0.999992728 17.262760162
0.999995530 0.001429229 0.002668706 0.374270260 -0.001436888 0.999994814 0.002870437 -0.530745268 -0.002664592 -0.002874258 0.999992311 17.729082108
0.999994218 0.001390205 0.003092513 0.381831229 -0.001397697 0.999996126 0.002422232 -0.537530482 -0.003089133 -0.002426540 0.999992311 18.198343277
0.999994576 0.000726066 0.003229419 0.402739167 -0.000735434 0.999995530 0.002900836 -0.549682736 -0.003227298 -0.002903195 0.999990582 18.664350510
0.999993145 0.001591282 0.003348449 0.408396721 -0.001601413 0.999994159 0.003025066 -0.566494644 -0.003343615 -0.003030408 0.999989808 19.137475967
0.999992311 0.001661992 0.003557718 0.425253153 -0.001671307 0.999995172 0.002616856 -0.576120317 -0.003553353 -0.002622782 0.999990225 19.615625381
0.999994099 0.000718257 0.003352271 0.438779831 -0.000729510 0.999994040 0.003356784 -0.592217803 -0.003349841 -0.003359210 0.999988794 20.097774506
0.999992907 0.001631958 0.003373836 0.442516506 -0.001642919 0.999993324 0.003248869 -0.606818914 -0.003368512 -0.003254389 0.999988973 20.608373642
0.999992073 0.001869602 0.003507014 0.450190634 -0.001880016 0.999993801 0.002968560 -0.613307714 -0.003501443 -0.002975130 0.999989390 21.107435226
0.999995470 0.001517614 0.002564922 0.460554361 -0.001525635 0.999994040 0.003128429 -0.626334250 -0.002560158 -0.003132329 0.999991775 21.614412308
0.999994457 0.001734472 0.002812376 0.462307543 -0.001743608 0.999993205 0.003249376 -0.639770806 -0.002806721 -0.003254262 0.999990761 22.126859665
0.999994636 0.001979224 0.002585430 0.475365877 -0.001988437 0.999991655 0.003565780 -0.653439105 -0.002578351 -0.003570902 0.999990284 22.623718262
0.999998033 0.001480385 0.001324671 0.491813928 -0.001484511 0.999994040 0.003119688 -0.666452706 -0.001320046 -0.003121647 0.999994278 23.165552139
0.999997675 0.001807572 0.001185369 0.498701423 -0.001810879 0.999994516 0.002794494 -0.678718030 -0.001180312 -0.002796635 0.999995410 23.692529678
0.999999940 0.000231903 0.000156689 0.515211403 -0.000232312 0.999996543 0.002611240 -0.693335056 -0.000156082 -0.002611277 0.999996543 24.213617325
0.999999523 0.000893118 -0.000361934 0.524866819 -0.000892022 0.999994934 0.003016895 -0.705735564 0.000364627 -0.003016570 0.999995410 24.753196716
0.999997318 0.002025146 -0.001124415 0.532203436 -0.002021274 0.999992073 0.003433508 -0.725063503 0.001131358 -0.003431226 0.999993503 25.288200378
0.999996543 0.002282848 -0.001263884 0.540325344 -0.002278713 0.999992013 0.003263539 -0.734290957 0.001271324 -0.003260648 0.999993920 25.830467224
0.999997020 0.001418944 -0.001981906 0.551527321 -0.001412328 0.999993443 0.003335272 -0.751921773 0.001986625 -0.003332463 0.999992490 26.384096146
0.999996543 0.001356146 -0.002266381 0.558657169 -0.001348250 0.999993026 0.003481747 -0.761457205 0.002271088 -0.003478679 0.999991357 26.936923981
0.999997258 0.001016065 -0.002113385 0.560507536 -0.001008630 0.999993384 0.003516463 -0.772447467 0.002116945 -0.003514322 0.999991536 27.465595245
0.999994159 0.001773283 -0.002928755 0.569992840 -0.001762052 0.999991119 0.003833084 -0.796976507 0.002935526 -0.003827901 0.999988377 28.030452728
0.999994576 0.002055386 -0.002579303 0.571221650 -0.002044351 0.999988854 0.004273923 -0.808456600 0.002588059 -0.004268627 0.999987543 28.578022003
0.999992132 0.002583845 -0.003000255 0.585187852 -0.002571132 0.999987721 0.004233632 -0.823736072 0.003011158 -0.004225885 0.999986589 29.116678238
0.999989271 0.002744133 -0.003738482 0.591377556 -0.002727598 0.999986529 0.004420924 -0.845989287 0.003750563 -0.004410679 0.999983251 29.682136536
0.999989092 0.002508883 -0.003936907 0.597181976 -0.002491294 0.999986947 0.004466392 -0.856457412 0.003948061 -0.004456535 0.999982297 30.225864410
0.999987543 0.002690927 -0.004204668 0.608136296 -0.002672191 0.999986529 0.004455282 -0.871691525 0.004216600 -0.004443991 0.999981225 30.778423309
0.999986351 0.002655517 -0.004494938 0.619648576 -0.002635093 0.999986172 0.004543429 -0.886584163 0.004506941 -0.004531522 0.999979496 31.321952820
0.999983907 0.002923112 -0.004861947 0.628767371 -0.002900718 0.999985158 0.004606638 -0.899436593 0.004875341 -0.004592461 0.999977589 31.873096466
0.999983847 0.002370798 -0.005171475 0.641705036 -0.002347147 0.999986768 0.004574645 -0.915945113 0.005182253 -0.004562433 0.999976218 32.414859772
0.999981999 0.002930791 -0.005232082 0.644435048 -0.002906296 0.999984801 0.004683225 -0.923869491 0.005245728 -0.004667935 0.999975324 32.967548370
0.999976039 0.004415840 -0.005329569 0.650006056 -0.004393380 0.999981403 0.004218598 -0.941863179 0.005348099 -0.004195082 0.999976873 33.506950378
0.999979913 0.003122441 -0.005511775 0.663441360 -0.003096383 0.999983966 0.004729964 -0.951065660 0.005526456 -0.004712802 0.999973595 34.066444397
0.999983132 0.002941267 -0.005012282 0.662735701 -0.002915706 0.999982774 0.005099321 -0.968211889 0.005027195 -0.005084620 0.999974430 34.610813141
0.999980330 0.002777056 -0.005614932 0.674432158 -0.002752327 0.999986410 0.004407449 -0.974540293 0.005627095 -0.004391908 0.999974549 35.167083740
0.999980867 0.003053625 -0.005373005 0.678539813 -0.003029734 0.999985397 0.004449106 -0.988759696 0.005386513 -0.004432743 0.999975681 35.718776703
0.999976933 0.003068152 -0.006052040 0.689185202 -0.003040970 0.999985278 0.004495576 -1.000578284 0.006065742 -0.004477069 0.999971569 36.254562378
0.999977887 0.003413971 -0.005708745 0.693663597 -0.003389935 0.999985337 0.004214794 -1.010655165 0.005723050 -0.004195348 0.999974787 36.805500031
0.999974847 0.003046168 -0.006404589 0.710480511 -0.003017233 0.999985218 0.004522572 -1.026134849 0.006418271 -0.004503135 0.999969244 37.332447052
0.999970734 0.003055287 -0.007010371 0.720367789 -0.003029039 0.999988317 0.003751800 -1.033555746 0.007021754 -0.003730456 0.999968350 37.877845764
0.999973536 0.002925907 -0.006658900 0.722771704 -0.002896699 0.999986172 0.004391533 -1.053851843 0.006671657 -0.004372128 0.999968171 38.429706573
0.999971330 0.003268684 -0.006831826 0.723865747 -0.003239674 0.999985695 0.004253018 -1.065840244 0.006845631 -0.004230764 0.999967575 38.967575073
0.999974608 0.003232555 -0.006349304 0.735076964 -0.003208032 0.999987364 0.003868639 -1.079305530 0.006361729 -0.003848172 0.999972343 39.515476227
0.999966502 0.003626175 -0.007339675 0.754213393 -0.003592149 0.999982774 0.004643800 -1.093577504 0.007356387 -0.004617279 0.999962270 40.084342957
0.999966443 0.004129075 -0.007072089 0.759769201 -0.004095563 0.999980330 0.004746438 -1.109524012 0.007091548 -0.004717315 0.999963701 40.625000000
0.999968469 0.004213470 -0.006729488 0.774274588 -0.004184855 0.999982119 0.004260445 -1.116988540 0.006747319 -0.004232149 0.999968231 41.176753998
0.999964654 0.004006905 -0.007391233 0.770774961 -0.003974469 0.999982417 0.004397971 -1.127755284 0.007408725 -0.004368439 0.999962986 41.731414795
0.999964535 0.004032344 -0.007393142 0.781046748 -0.004003353 0.999984264 0.003931839 -1.138560653 0.007408880 -0.003902102 0.999964952 42.276302338
0.999963820 0.004858643 -0.006987119 0.791815937 -0.004827914 0.999978602 0.004408116 -1.154953837 0.007008387 -0.004374223 0.999965787 42.811641693
0.999957800 0.004218760 -0.008157931 0.801021576 -0.004182308 0.999981165 0.004480180 -1.165853977 0.008176680 -0.004445872 0.999956667 43.368350983
0.999963939 0.004398314 -0.007262578 0.800775409 -0.004367677 0.999981523 0.004228896 -1.179563999 0.007281045 -0.004197023 0.999964654 43.918155670
0.999962449 0.004227209 -0.007556067 0.819519997 -0.004194186 0.999981523 0.004381039 -1.196457624 0.007574448 -0.004349182 0.999961853 44.457103729
0.999972880 0.003753948 -0.006339239 0.790729821 -0.003729107 0.999985278 0.003925861 -1.198785305 0.006353884 -0.003902115 0.999972224 45.053600311
0.999977589 0.004112743 -0.005276512 0.795019567 -0.004094806 0.999985754 0.003405943 -1.206696033 0.005290444 -0.003384261 0.999980330 45.602500916
0.999978721 0.004213418 -0.004978009 0.809726238 -0.004196130 0.999985158 0.003478452 -1.223953724 0.004992591 -0.003457490 0.999981582 46.138950348
0.999972999 0.002858558 -0.006769162 0.818531752 -0.002834608 0.999989688 0.003545029 -1.234292746 0.006779226 -0.003525746 0.999970734 46.697139740
0.999974787 0.003543137 -0.006148485 0.831068039 -0.003518948 0.999986053 0.003940421 -1.255833745 0.006162361 -0.003918686 0.999973297 47.231235504
0.999982953 0.003564124 -0.004624560 0.817573428 -0.003550605 0.999989390 0.002928443 -1.249014974 0.004634948 -0.002911974 0.999984980 47.796871185
0.999973714 0.003232495 -0.006481142 0.829239249 -0.003209688 0.999988616 0.003526461 -1.269501567 0.006492468 -0.003505566 0.999972701 48.346797943
0.999976635 0.002833506 -0.006222583 0.838772893 -0.002809872 0.999988854 0.003803456 -1.280867338 0.006233290 -0.003785882 0.999973416 48.895748138
0.999975920 0.003305705 -0.006090297 0.851581693 -0.003281031 0.999986410 0.004056723 -1.299994230 0.006103625 -0.004036643 0.999973178 49.430503845
0.999972820 0.003095266 -0.006688746 0.861705184 -0.003069951 0.999988019 0.003791844 -1.315108418 0.006700404 -0.003771207 0.999970436 49.987804413
0.999974012 0.003417445 -0.006344008 0.866066217 -0.003389059 0.999984205 0.004479980 -1.329973102 0.006359219 -0.004458363 0.999969840 50.527984619
0.999970555 0.003707377 -0.006716531 0.862889647 -0.003682123 0.999986112 0.003768199 -1.335270524 0.006730408 -0.003743357 0.999970317 51.076385498
0.999974787 0.003072274 -0.006388057 0.874783278 -0.003049982 0.999989152 0.003496386 -1.346338511 0.006398729 -0.003476815 0.999973476 51.626705170
0.999968708 0.003446769 -0.007120139 0.890125036 -0.003420831 0.999987483 0.003651907 -1.359891415 0.007132638 -0.003627436 0.999967933 52.167945862
0.999974191 0.002913100 -0.006558791 0.895997882 -0.002895507 0.999992192 0.002690381 -1.368924499 0.006566578 -0.002671321 0.999974847 52.722904205
0.999968886 0.003250211 -0.007183709 0.909296989 -0.003225983 0.999989033 0.003381716 -1.385368943 0.007194621 -0.003358436 0.999968469 53.250053406
0.999965727 0.003113270 -0.007675130 0.921043575 -0.003086697 0.999989331 0.003471483 -1.401473761 0.007685855 -0.003447674 0.999964476 53.779758453
0.999968946 0.003231638 -0.007193959 0.927098155 -0.003208074 0.999989510 0.003284658 -1.412000418 0.007204498 -0.003261477 0.999968708 54.330429077
0.999969125 0.003341203 -0.007101691 0.923213959 -0.003318907 0.999989510 0.003148863 -1.420809150 0.007112138 -0.003125196 0.999969840 54.872310638
0.999963284 0.002487064 -0.008191017 0.922356546 -0.002465438 0.999993443 0.002649353 -1.429623246 0.008197553 -0.002629061 0.999962986 55.433307648
0.999966025 0.003584519 -0.007415554 0.942240834 -0.003560000 0.999988139 0.003317107 -1.452310920 0.007427357 -0.003290595 0.999966979 55.946773529
0.999964178 0.003191411 -0.007832687 0.950646460 -0.003166351 0.999989808 0.003209818 -1.462460876 0.007842851 -0.003184902 0.999964178 56.490291595
0.999962270 0.002659087 -0.008269970 0.973605514 -0.002633429 0.999991655 0.003111908 -1.484557748 0.008278176 -0.003090013 0.999960959 57.018585205
0.999963701 0.003599297 -0.007719741 0.969139040 -0.003574026 0.999988139 0.003284947 -1.492779016 0.007731474 -0.003257238 0.999964833 57.576385498
0.999966085 0.004439645 -0.006927515 0.967101991 -0.004415336 0.999983966 0.003520428 -1.512261987 0.006943034 -0.003489721 0.999969900 58.120307922
0.999967992 0.003839509 -0.007012829 0.980705500 -0.003816801 0.999987423 0.003248532 -1.523264647 0.007025214 -0.003221662 0.999970138 58.653682709
0.999965966 0.003330634 -0.007550603 0.981015801 -0.003310826 0.999991059 0.002634451 -1.522769928 0.007559310 -0.002609363 0.999968052 59.197750092
0.999966264 0.003642719 -0.007356594 0.988135219 -0.003627301 0.999991179 0.002108138 -1.536865711 0.007364208 -0.002081382 0.999970794 59.743095398
0.999966860 0.003868568 -0.007174632 0.992651463 -0.003853458 0.999990404 0.002118596 -1.546788216 0.007182759 -0.002090878 0.999972045 60.293369293
0.999964237 0.003587307 -0.007657073 1.001393437 -0.003568048 0.999990404 0.002527372 -1.562534690 0.007666067 -0.002499961 0.999967456 60.820587158
0.999966443 0.003801845 -0.007262562 1.010455847 -0.003782512 0.999989271 0.002673855 -1.582894325 0.007272650 -0.002646294 0.999970019 61.364208221
0.999962032 0.004045993 -0.007716957 1.016558886 -0.004024158 0.999987781 0.002843012 -1.590976119 0.007728366 -0.002811850 0.999966204 61.902065277
0.999963522 0.003903725 -0.007590674 1.022796869 -0.003884721 0.999989271 0.002516742 -1.604879141 0.007600417 -0.002487163 0.999968052 62.451972961
0.999967575 0.003792608 -0.007102085 1.030143499 -0.003773812 0.999989331 0.002658055 -1.622407913 0.007112090 -0.002631167 0.999971271 62.988189697
0.999961615 0.004439134 -0.007546837 1.029786944 -0.004417976 0.999986291 0.002817834 -1.631288052 0.007559241 -0.002784385 0.999967575 63.532356262
0.999963880 0.004394331 -0.007276695 1.034139752 -0.004378051 0.999987900 0.002251650 -1.644266605 0.007286501 -0.002219711 0.999971032 64.091354370
0.999968648 0.004667822 -0.006393339 1.029732943 -0.004653322 0.999986589 0.002281036 -1.655994415 0.006403901 -0.002251215 0.999976993 64.644699097
0.999955952 0.004336849 -0.008321022 1.066262722 -0.004312336 0.999986410 0.002961739 -1.676131725 0.008333753 -0.002925726 0.999961019 65.144027710
0.999953628 0.004312513 -0.008613338 1.077420950 -0.004289603 0.999987245 0.002676635 -1.690242171 0.008624772 -0.002639563 0.999959290 65.692481995
0.999958932 0.003863148 -0.008190462 1.087671041 -0.003843593 0.999989688 0.002401829 -1.700436711 0.008199655 -0.002370249 0.999963641 66.241996765
0.999958336 0.004430150 -0.007986285 1.087466121 -0.004412249 0.999987662 0.002257841 -1.712585330 0.007996190 -0.002222509 0.999965608 66.770317078
0.999954998 0.004497608 -0.008354714 1.092483282 -0.004476017 0.999986589 0.002601093 -1.730439782 0.008366302 -0.002563580 0.999961674 67.311851501
0.999958038 0.004755111 -0.007842956 1.094094276 -0.004733992 0.999985099 0.002709071 -1.743743420 0.007855721 -0.002671828 0.999965608 67.856964111
0.999956846 0.005174263 -0.007716278 1.097659111 -0.005149330 0.999981523 0.003247605 -1.771068931 0.007732939 -0.003207731 0.999964952 68.380165100
0.999955297 0.004706355 -0.008198566 1.108067513 -0.004683102 0.999984980 0.002853149 -1.775162101 0.008211870 -0.002814627 0.999962330 68.936302185
0.999958754 0.004374974 -0.007946193 1.108832240 -0.004356762 0.999987841 0.002307768 -1.779739380 0.007956192 -0.002273053 0.999965787 69.488121033
0.999959409 0.004182707 -0.007971197 1.129927874 -0.004163009 0.999988317 0.002486183 -1.799507976 0.007981502 -0.002452899 0.999965191 70.015876770
0.999959588 0.004763613 -0.007625234 1.114744425 -0.004743733 0.999985337 0.002623032 -1.809393287 0.007637617 -0.002586754 0.999967515 70.552009583
0.999953508 0.005417337 -0.007978185 1.125891566 -0.005395412 0.999981701 0.002767061 -1.823177934 0.007993028 -0.002723887 0.999964416 71.095550537
0.999961555 0.005429456 -0.006884451 1.113510966 -0.005413452 0.999982715 0.002341110 -1.834797144 0.006897042 -0.002303751 0.999973595 71.630249023
0.999955416 0.005145254 -0.007920013 1.130166769 -0.005120362 0.999981821 0.003160029 -1.861451149 0.007936129 -0.003119335 0.999963582 72.170951843
0.999954283 0.004679913 -0.008342456 1.142577767 -0.004655188 0.999984682 0.002980746 -1.878181934 0.008356277 -0.002941774 0.999960721 72.710411072
0.999957383 0.005207690 -0.007625307 1.139554977 -0.005185137 0.999982119 0.002974537 -1.892124176 0.007640661 -0.002934872 0.999966502 73.258567810
0.999957740 0.005550027 -0.007333580 1.137938499 -0.005526266 0.999979436 0.003256371 -1.907983899 0.007351504 -0.003215706 0.999967813 73.800125122
0.999955535 0.005076515 -0.007943288 1.154938221 -0.005050404 0.999981701 0.003303836 -1.923683643 0.007959915 -0.003263572 0.999962986 74.340873718
0.999954879 0.004934846 -0.008119213 1.166179895 -0.004904658 0.999980986 0.003733934 -1.938904643 0.008137487 -0.003693943 0.999960005 74.876693726
0.999955952 0.004490336 -0.008253320 1.174944162 -0.004458305 0.999982536 0.003895361 -1.955793381 0.008270668 -0.003858393 0.999958336 75.408348083
0.999953330 0.004996113 -0.008268502 1.179723740 -0.004968196 0.999981880 0.003393394 -1.965543747 0.008285306 -0.003352156 0.999960005 75.953254700
0.999950469 0.005868062 -0.008036616 1.180844069 -0.005839969 0.999976695 0.003514690 -1.976555109 0.008057053 -0.003467582 0.999961555 76.503105164
0.999957025 0.004750064 -0.007972313 1.191760302 -0.004728630 0.999985218 0.002705195 -1.987387657 0.007985045 -0.002667381 0.999964476 77.051567078
0.999951899 0.004904368 -0.008507431 1.192710280 -0.004878308 0.999983370 0.003081323 -2.001285315 0.008522403 -0.003039673 0.999959052 77.575965881
0.999952018 0.004656923 -0.008624577 1.201606035 -0.004626607 0.999983132 0.003531758 -2.021756411 0.008640880 -0.003491685 0.999956548 78.113777161
0.999947190 0.005363234 -0.008760333 1.207462192 -0.005334438 0.999980271 0.003307223 -2.032179832 0.008777898 -0.003260317 0.999956131 78.659126282
0.999952793 0.005000937 -0.008328297 1.216990709 -0.004975423 0.999982893 0.003081475 -2.042536020 0.008343566 -0.003039893 0.999960482 79.213661194
0.999951482 0.006351605 -0.007521486 1.213824868 -0.006325913 0.999974012 0.003434631 -2.057967663 0.007543108 -0.003386884 0.999965727 79.765647888
0.999948978 0.005732919 -0.008319910 1.227917910 -0.005708733 0.999979436 0.002927771 -2.069023371 0.008336523 -0.002880126 0.999961078 80.296928406
0.999959171 0.005755146 -0.006965578 1.231954098 -0.005732197 0.999978065 0.003310219 -2.084192991 0.006984476 -0.003270156 0.999970257 80.839721680
0.999964297 0.006155350 -0.005785591 1.241580486 -0.006137339 0.999976218 0.003125696 -2.098303318 0.005804694 -0.003090076 0.999978364 81.375373840
0.999970138 0.006050133 -0.004802469 1.250176430 -0.006033349 0.999975622 0.003501790 -2.118212461 0.004823538 -0.003472710 0.999982297 81.917594910
0.999975920 0.006108838 -0.003278298 1.258829355 -0.006096705 0.999974549 0.003698271 -2.134875298 0.003300807 -0.003678195 0.999987721 82.469276428
0.999981225 0.006110316 -0.000570134 1.276820540 -0.006108143 0.999974370 0.003738109 -2.147552729 0.000592961 -0.003734557 0.999992788 83.023918152
0.999972463 0.006743906 0.003095321 1.292202115 -0.006753454 0.999972403 0.003084448 -2.146739483 -0.003074435 -0.003105267 0.999990463 83.536354065
0.999958098 0.006180597 0.006754964 1.298239708 -0.006204351 0.999974608 0.003501320 -2.175759792 -0.006733153 -0.003543084 0.999970973 84.105964661
0.999917269 0.005596966 0.011583939 1.324747086 -0.005642048 0.999976575 0.003862724 -2.195764065 -0.011562049 -0.003927761 0.999925375 84.648597717
0.999830782 0.005419082 0.017578337 1.350303054 -0.005477829 0.999979615 0.003295607 -2.204038620 -0.017560117 -0.003391341 0.999839962 85.204223633
0.999720275 0.005787953 0.022932570 1.377870083 -0.005866248 0.999977171 0.003348351 -2.221313715 -0.022912666 -0.003481942 0.999731421 85.754989624
0.999574900 0.005516958 0.028629491 1.413712144 -0.005621027 0.999977946 0.003555860 -2.234705687 -0.028609242 -0.003715276 0.999583721 86.297187805
0.999301553 0.005841283 0.036907945 1.434743285 -0.005971826 0.999976218 0.003427726 -2.246927500 -0.036887053 -0.003645740 0.999312818 86.851570129
0.998963118 0.006214653 0.045102313 1.477144718 -0.006386089 0.999972939 0.003657959 -2.260647058 -0.045078374 -0.003942193 0.998975635 87.407958984
0.998616457 0.005966361 0.052247312 1.514512777 -0.006154662 0.999975145 0.003443871 -2.273386002 -0.052225467 -0.003760671 0.998628199 87.951721191
0.998117268 0.005535759 0.061084244 1.572153568 -0.005742298 0.999978423 0.003206184 -2.285959005 -0.061065175 -0.003550912 0.998127401 88.488090515
0.997474194 0.005491470 0.070817307 1.636742592 -0.005745097 0.999977827 0.003378241 -2.303567648 -0.070797183 -0.003776561 0.997483611 89.019203186
0.996784091 0.005415241 0.079950936 1.689372063 -0.005668536 0.999979615 0.002941510 -2.309894085 -0.079933397 -0.003385255 0.996794462 89.595939636
0.996140242 0.005264102 0.087618180 1.758741856 -0.005521076 0.999981165 0.002690817 -2.317280769 -0.087602362 -0.003164178 0.996150494 90.148002625
0.995125890 0.005172063 0.098476917 1.831772327 -0.005453931 0.999981821 0.002593285 -2.328011274 -0.098461710 -0.003117731 0.995135963 90.684562683
0.994023919 0.005673720 0.109015383 1.909202099 -0.006035335 0.999977291 0.002987427 -2.348088741 -0.108995959 -0.003627518 0.994035542 91.234291077
0.992972374 0.005488978 0.118219033 1.968853951 -0.005922156 0.999976933 0.003313227 -2.374412298 -0.118198112 -0.003990054 0.992982030 91.749198914
0.991570413 0.004971082 0.129474461 2.084141731 -0.005449535 0.999979556 0.003341326 -2.382683992 -0.129455194 -0.004018736 0.991577148 92.361778259
0.989908397 0.004669575 0.141631916 2.177411079 -0.005150023 0.999982297 0.003025869 -2.394970417 -0.141615272 -0.003724741 0.989914775 92.900733948
0.988318622 0.004356180 0.152339429 2.279541016 -0.004904596 0.999982893 0.003224362 -2.410164356 -0.152322754 -0.003933861 0.988322973 93.431259155
0.986678839 0.004448463 0.162619099 2.390716553 -0.005077960 0.999981165 0.003455537 -2.428260565 -0.162600666 -0.004235278 0.986682832 93.967521667
0.984411359 0.004440234 0.175825223 2.507184982 -0.005068375 0.999982297 0.003123621 -2.439090729 -0.175808206 -0.003966076 0.984416425 94.505187988
0.982108176 0.004079118 0.188272998 2.629093170 -0.004775246 0.999983311 0.003244000 -2.451293468 -0.188256592 -0.004085009 0.982111394 95.050979614
0.980082095 0.004006981 0.198552385 2.757030487 -0.004678502 0.999984920 0.002913069 -2.463622570 -0.198537663 -0.003783974 0.980086088 95.563705444
0.977438569 0.003128671 0.211196557 2.895364761 -0.003826687 0.999988496 0.002896438 -2.475068569 -0.211185053 -0.003639273 0.977439404 96.095306396
0.974422097 0.003080979 0.224704012 3.041175842 -0.003862240 0.999988019 0.003037377 -2.487307072 -0.224691942 -0.003827549 0.974422395 96.638114929
0.971726120 0.003648560 0.236082703 3.181648254 -0.004569468 0.999983907 0.003353780 -2.510561705 -0.236066654 -0.004337728 0.971727192 97.163772583
0.968690515 0.002490706 0.248258948 3.339160919 -0.003295619 0.999990582 0.002826696 -2.510867596 -0.248249590 -0.003556360 0.968689561 97.698852539
0.965093791 0.001842685 0.261898071 3.506223679 -0.002688014 0.999992311 0.002869497 -2.526949883 -0.261890709 -0.003473319 0.965091169 98.219276428
0.961421251 0.003254934 0.275061190 3.666652679 -0.004243598 0.999986470 0.002999316 -2.538698196 -0.275047719 -0.004050856 0.961422086 98.749000549
0.958190739 0.002061361 0.286122859 3.837306976 -0.003087296 0.999990284 0.003134586 -2.561051130 -0.286113650 -0.003886877 0.958187819 99.279174805
0.954057336 0.001740045 0.299619138 4.023338318 -0.002842633 0.999990702 0.003244135 -2.576133251 -0.299610734 -0.003946798 0.954053402 99.788772583
0.949664652 0.001694797 0.313263476 4.221359253 -0.002963237 0.999989271 0.003573041 -2.588373661 -0.313254118 -0.004321465 0.949659526 100.312507629
0.945744634 0.000987970 0.324909180 4.414983749 -0.001906848 0.999995053 0.002509706 -2.588941574 -0.324905008 -0.002993093 0.945741892 100.824859619
0.941287935 0.000891293 0.337603658 4.623439789 -0.001751741 0.999995947 0.002244063 -2.604526043 -0.337600321 -0.002703703 0.941285670 101.340316772
0.936165273 0.000451846 0.351559609 4.831089020 -0.001416072 0.999995947 0.002485591 -2.622661591 -0.351557076 -0.002824758 0.936162174 101.818687439
0.931314170 0.000422901 0.364216417 5.048608780 -0.001689421 0.999993563 0.003158788 -2.639088631 -0.364212751 -0.003557139 0.931308925 102.348060608
0.926751792 -0.000327360 0.375673920 5.281602859 -0.000598669 0.999997079 0.002348250 -2.645867586 -0.375673622 -0.002401149 0.926748991 102.858474731
0.920958936 -0.000416884 0.389659375 5.519611359 -0.000737696 0.999995768 0.002813407 -2.662024260 -0.389658898 -0.002878483 0.920954764 103.356361389
0.915120006 -0.000924137 0.403180510 5.758365631 -0.000184724 0.999996305 0.002711388 -2.672453880 -0.403181523 -0.002555723 0.915116429 103.856109619
0.910360694 -0.001443838 0.413813055 6.007591248 0.000284796 0.999995887 0.002862559 -2.691644669 -0.413815439 -0.002488109 0.910357416 104.330245972
0.904021382 -0.002545549 0.427479804 6.262123108 0.001291554 0.999993980 0.003223408 -2.715150833 -0.427485406 -0.002361916 0.904019117 104.802894592
0.897513509 -0.003339963 0.440974265 6.526752472 0.002227230 0.999992967 0.003040927 -2.725613117 -0.440981299 -0.001747123 0.897514582 105.268615723
0.891536117 -0.002304151 0.452943772 6.809932709 0.001221232 0.999995649 0.002683266 -2.724911451 -0.452948034 -0.001839079 0.891535044 105.818038940
0.885946274 -0.002522141 0.463781059 7.083408356 0.001379648 0.999995053 0.002802691 -2.737951040 -0.463785857 -0.001843179 0.885945439 106.298759460
0.878705978 -0.002739541 0.477355540 7.364780426 0.001534450 0.999994576 0.002914381 -2.749099016 -0.477360934 -0.001828406 0.878705382 106.777526855
0.871958673 -0.003684719 0.489565670 7.639980316 0.002567841 0.999992490 0.002952900 -2.767360687 -0.489572793 -0.001317680 0.871961415 107.208709717
