1.000000000 0.000000000 0.000000000 0.000000000 0.000000000 1.000000000 0.000000000 0.000000000 0.000000000 0.000000000 1.000000000 0.000000000
1.000000000 0.000027751 -0.000020521 0.000270426 -0.000027750 1.000000000 0.000028326 -0.000939672 0.000020522 -0.000028326 1.000000000 -0.001638625
1.000000000 -0.000030211 -0.000008263 0.000968500 0.000030211 1.000000000 -0.000005803 -0.000475344 0.000008263 0.000005802 1.000000000 -0.002543302
1.000000000 -0.000156268 -0.000113449 0.001874135 0.000156276 1.000000000 0.000068874 -0.001895018 0.000113439 -0.000068892 1.000000000 -0.004425856
1.000000000 -0.000143788 -0.000086834 -0.000126568 0.000143788 1.000000000 -0.000000911 0.000178830 0.000086834 0.000000899 1.000000000 -0.003268582
1.000000000 -0.000162696 -0.000044484 0.000789999 0.000162699 1.000000000 0.000057346 -0.000607734 0.000044475 -0.000057353 1.000000000 -0.001257381
1.000000000 -0.000194190 -0.000011628 0.000085908 0.000194191 1.000000000 0.000039902 -0.000649693 0.000011620 -0.000039905 1.000000000 -0.003837143
1.000000000 -0.000091875 -0.000044741 0.000054528 0.000091877 1.000000000 0.000035286 0.000482554 0.000044738 -0.000035290 1.000000000 -0.003858007
1.000000000 -0.000066592 -0.000026061 0.000307319 0.000066592 1.000000000 -0.000012902 0.000552598 0.000026062 0.000012901 1.000000000 -0.000359873
1.000000000 -0.000066758 -0.000057676 -0.000337649 0.000066758 1.000000000 -0.000001527 0.001228107 0.000057676 0.000001524 1.000000000 -0.001672530
1.000000000 -0.000155184 -0.000125571 0.000879052 0.000155191 1.000000000 0.000051056 -0.000360645 0.000125563 -0.000051076 1.000000000 -0.002770803
1.000000000 -0.000167813 -0.000069054 -0.000164702 0.000167813 1.000000000 -0.000004427 0.000682345 0.000069055 0.000004415 1.000000000 0.000081728
1.000000000 -0.000223494 -0.000062880 -0.000780068 0.000223496 1.000000000 0.000037822 0.001015043 0.000062872 -0.000037836 1.000000000 -0.000657177
1.000000000 -0.000168230 -0.000055117 0.000372784 0.000168232 1.000000000 0.000027637 -0.000112665 0.000055112 -0.000027646 1.000000000 -0.003566650
1.000000000 -0.000147942 -0.000084135 0.001241201 0.000147952 1.000000000 0.000116734 -0.000464175 0.000084117 -0.000116747 1.000000000 -0.003793532
1.000000000 -0.000099975 -0.000041949 0.001988073 0.000099979 1.000000000 0.000106299 -0.001309498 0.000041939 -0.000106303 1.000000000 -0.007147464
1.000000000 -0.000116607 -0.000084107 0.001060472 0.000116609 1.000000000 0.000023834 0.000678584 0.000084104 -0.000023844 1.000000000 -0.002670154
1.000000000 -0.000097033 -0.000100682 0.001110398 0.000097041 1.000000000 0.000077174 -0.000301899 0.000100674 -0.000077184 1.000000000 -0.004580391
0.999999940 -0.000264004 -0.000141233 0.000872202 0.000264015 0.999999940 0.000079552 -0.000646519 0.000141212 -0.000079590 1.000000000 -0.003714648
0.999999940 -0.000270515 -0.000124424 0.000929874 0.000270521 0.999999940 0.000042065 0.000597121 0.000124413 -0.000042099 1.000000000 -0.000487566
0.999999940 -0.000243064 -0.000097296 0.000032697 0.000243070 0.999999940 0.000058182 -0.000934557 0.000097282 -0.000058206 1.000000000 -0.003353825
1.000000000 -0.000107589 -0.000099137 0.002472342 0.000107595 1.000000000 0.000061207 0.000240354 0.000099130 -0.000061218 1.000000000 -0.001186421
1.000000000 -0.000141203 -0.000114822 0.002506601 0.000141212 1.000000000 0.000075769 -0.000931832 0.000114811 -0.000075785 1.000000000 -0.002360685
0.999999940 -0.000238013 -0.000155882 0.001511804 0.000238027 0.999999940 0.000091667 -0.000543294 0.000155860 -0.000091704 1.000000000 -0.004373853
0.999999940 -0.000255985 -0.000192134 0.002736648 0.000256002 0.999999940 0.000084026 -0.000586752 0.000192112 -0.000084076 1.000000000 -0.004159768
0.999999940 -0.000274498 -0.000140639 0.001771335 0.000274506 0.999999940 0.000059120 0.000370639 0.000140623 -0.000059159 1.000000000 -0.003269666
0.999999940 -0.000295743 -0.000177270 0.002896630 0.000295756 0.999999940 0.000072650 -0.000352035 0.000177248 -0.000072702 1.000000000 -0.004497294
0.999999940 -0.000388503 -0.000136533 0.001087118 0.000388513 0.999999940 0.000073588 -0.000695000 0.000136505 -0.000073641 1.000000000 -0.004796923
0.999999940 -0.000239076 -0.000169194 0.001986815 0.000239094 0.999999940 0.000103092 -0.000183104 0.000169170 -0.000103133 1.000000000 -0.002367518
1.000000000 -0.000184704 -0.000118324 0.002583931 0.000184717 1.000000000 0.000113728 -0.001139397 0.000118303 -0.000113750 1.000000000 -0.004149057
0.999999940 -0.000285059 -0.000165444 0.000818918 0.000285071 0.999999940 0.000068726 0.000568536 0.000165424 -0.000068773 1.000000000 -0.001566289
0.999999940 -0.000312797 -0.000162437 0.000689843 0.000312813 0.999999940 0.000094767 0.000152553 0.000162408 -0.000094817 1.000000000 -0.003724239
0.999999940 -0.000210019 -0.000150087 0.001434574 0.000210021 1.000000000 0.000012131 0.000263250 0.000150084 -0.000012163 1.000000000 -0.001937178
0.999999940 -0.000306255 -0.000177129 0.002152588 0.000306263 0.999999940 0.000043044 -0.000059585 0.000177115 -0.000043098 1.000000000 -0.002067557
0.999999940 -0.000285284 -0.000097347 0.000797986 0.000285291 0.999999940 0.000078369 -0.000835782 0.000097324 -0.000078397 1.000000000 -0.005638158
0.999999940 -0.000321666 -0.000190576 0.002910933 0.000321673 0.999999940 0.000039870 0.000197381 0.000190563 -0.000039932 1.000000000 -0.003087513
0.999999940 -0.000217627 -0.000141205 0.002826453 0.000217643 0.999999940 0.000114461 -0.000392799 0.000141180 -0.000114492 1.000000000 -0.006577043
0.999999940 -0.000262188 -0.000115973 0.000298485 0.000262195 0.999999940 0.000059600 0.000063917 0.000115957 -0.000059631 1.000000000 -0.004291130
0.999999940 -0.000249715 -0.000151692 0.001063935 0.000249735 0.999999940 0.000129177 -0.000029508 0.000151660 -0.000129215 1.000000000 -0.003565567
0.999999940 -0.000302384 -0.000185182 0.002779643 0.000302391 0.999999940 0.000038124 -0.001104246 0.000185170 -0.000038180 1.000000000 0.000089062
0.999999940 -0.000240630 -0.000106720 0.001650028 0.000240572 0.999999821 -0.000542280 -0.000827690 0.000106850 0.000542254 0.999999821 0.048688561
1.000000000 -0.000123307 -0.000153735 0.001938568 0.000123135 0.999999344 -0.001120410 -0.003212130 0.000153873 0.001120391 0.999999344 0.140468657
1.000000000 -0.000186911 -0.000146463 0.005125164 0.000186702 0.999998987 -0.001425132 -0.007502393 0.000146729 0.001425104 0.999998987 0.254146427
1.000000000 -0.000196210 -0.000076621 0.005618966 0.000196102 0.999998987 -0.001408882 -0.011768049 0.000076898 0.001408867 0.999998987 0.389262140
0.999999940 -0.000141238 -0.000230112 0.011459685 0.000140979 0.999999344 -0.001123327 -0.019547027 0.000230270 0.001123294 0.999999344 0.523557127
1.000000000 -0.000184821 -0.000124257 0.012753583 0.000184691 0.999999464 -0.001043899 -0.022237707 0.000124450 0.001043876 0.999999464 0.685118735
1.000000000 -0.000120535 -0.000112474 0.019700710 0.000120429 0.999999523 -0.000949132 -0.025566434 0.000112588 0.000949119 0.999999523 0.844773889
0.999999940 0.000313464 0.000065559 0.017201038 -0.000313410 0.999999642 -0.000821684 -0.025362659 -0.000065816 0.000821663 0.999999642 1.021637082
1.000000000 -0.000121910 -0.000186697 0.027957411 0.000121806 0.999999821 -0.000553036 -0.036919031 0.000186765 0.000553014 0.999999821 1.178069115
0.999999881 0.000505066 -0.000014377 0.034014497 -0.000505069 0.999999881 -0.000205025 -0.048738644 0.000014274 0.000205032 1.000000000 1.375551462
0.999999881 0.000479567 -0.000072689 0.037938826 -0.000479576 0.999999821 -0.000115511 -0.053597752 0.000072633 0.000115545 0.999999940 1.568079829
1.000000000 0.000071679 0.000083740 0.042172853 -0.000071674 1.000000000 -0.000050774 -0.060791843 -0.000083744 0.000050768 1.000000000 1.770513177
0.999999642 0.000749813 0.000360095 0.037171032 -0.000749866 0.999999702 0.000147230 -0.061771292 -0.000359984 -0.000147500 0.999999940 1.975543976
0.999999285 0.000962761 0.000662296 0.035893269 -0.000962805 0.999999523 0.000066223 -0.067091383 -0.000662232 -0.000066860 0.999999762 2.188505411
0.999999344 0.001063843 0.000422596 0.046359185 -0.001063955 0.999999464 0.000265048 -0.073119737 -0.000422314 -0.000265497 0.999999881 2.403011084
0.999999404 0.000984903 0.000504385 0.052231275 -0.000985079 0.999999464 0.000347238 -0.078068718 -0.000504043 -0.000347735 0.999999881 2.628884554
0.999998987 0.001262103 0.000687026 0.050552256 -0.001262257 0.999999225 0.000223404 -0.088487446 -0.000686743 -0.000224271 0.999999762 2.854492664
0.999999464 0.000893102 0.000692727 0.058431149 -0.000893340 0.999999523 0.000343992 -0.097497620 -0.000692420 -0.000344610 0.999999702 3.090059042
0.999999642 0.000698006 0.000496387 0.066539511 -0.000698115 0.999999702 0.000219591 -0.105345920 -0.000496234 -0.000219937 0.999999881 3.328058481
0.999999344 0.000830935 0.000694225 0.071745820 -0.000831238 0.999999523 0.000436204 -0.113533221 -0.000693862 -0.000436781 0.999999642 3.564369202
0.999999225 0.001016813 0.000729998 0.080588639 -0.001017318 0.999999225 0.000691156 -0.123257354 -0.000729294 -0.000691898 0.999999523 3.821820259
0.999998927 0.001115534 0.000992755 0.073983714 -0.001116189 0.999999166 0.000659984 -0.128665373 -0.000992018 -0.000661092 0.999999285 4.087429047
0.999998450 0.001327149 0.001156632 0.071892619 -0.001327950 0.999998868 0.000692742 -0.135600880 -0.001155711 -0.000694276 0.999999106 4.342616558
0.999998093 0.001515568 0.001228261 0.076892063 -0.001516500 0.999998569 0.000758654 -0.143160477 -0.001227109 -0.000760516 0.999998987 4.596590996
0.999999046 0.001062980 0.000950736 0.086066075 -0.001063804 0.999999046 0.000866625 -0.151217803 -0.000949814 -0.000867635 0.999999225 4.859734535
0.999999225 0.000776329 0.000899409 0.089683689 -0.000777723 0.999998450 0.001550356 -0.170413852 -0.000898204 -0.001551055 0.999998391 5.112931728
0.999999225 0.000803843 0.000955312 0.096719876 -0.000805187 0.999998748 0.001407627 -0.176907077 -0.000954179 -0.001408395 0.999998569 5.374476910
0.999999404 0.000639479 0.000811810 0.103261530 -0.000640661 0.999998689 0.001457049 -0.186531186 -0.000810877 -0.001457568 0.999998629 5.646334648
0.999998569 0.001298709 0.001036885 0.101221249 -0.001300351 0.999997854 0.001583794 -0.194928274 -0.001034826 -0.001585141 0.999998212 5.930277348
0.999998808 0.000699972 0.001333927 0.097806662 -0.000702306 0.999998212 0.001750315 -0.206428349 -0.001332699 -0.001751249 0.999997556 6.181322575
0.999998033 0.001245369 0.001552923 0.098336339 -0.001248155 0.999997675 0.001794448 -0.213886455 -0.001550684 -0.001796382 0.999997199 6.472887039
0.999997199 0.001549285 0.001792938 0.102496132 -0.001552453 0.999997199 0.001766804 -0.223160192 -0.001790196 -0.001769583 0.999996781 6.753869534
0.999997437 0.001430359 0.001756440 0.113744244 -0.001433603 0.999997258 0.001847060 -0.235730588 -0.001753793 -0.001849573 0.999996781 7.055528164
0.999998033 0.001221716 0.001544932 0.124548674 -0.001224716 0.999997318 0.001942652 -0.246268049 -0.001542554 -0.001944541 0.999996901 7.343539715
0.999998391 0.001191399 0.001341704 0.131639689 -0.001194298 0.999996960 0.002161991 -0.264317185 -0.001339124 -0.002163590 0.999996781 7.619742870
0.999998748 0.000783796 0.001369453 0.139293492 -0.000786839 0.999997258 0.002223012 -0.270923257 -0.001367707 -0.002224087 0.999996603 7.931918144
0.999998033 0.001192908 0.001595635 0.144458994 -0.001196421 0.999996901 0.002202572 -0.284821957 -0.001593003 -0.002204477 0.999996305 8.247465134
0.999997854 0.001411764 0.001572008 0.147368535 -0.001415129 0.999996781 0.002141368 -0.287889212 -0.001568980 -0.002143587 0.999996483 8.575718880
0.999997079 0.001593029 0.001790493 0.149235994 -0.001597310 0.999995887 0.002392061 -0.300939113 -0.001786675 -0.002394914 0.999995530 8.939846039
0.999996424 0.001833912 0.001950806 0.152297318 -0.001838783 0.999995232 0.002498322 -0.312813669 -0.001946215 -0.002501900 0.999994993 9.246611595
0.999998093 0.001049373 0.001637556 0.152550638 -0.001053625 0.999996185 0.002597719 -0.333579332 -0.001634824 -0.002599440 0.999995232 9.578831673
0.999998212 0.000929581 0.001620008 0.160919189 -0.000934053 0.999995768 0.002761704 -0.342719585 -0.001617434 -0.002763213 0.999994874 9.921502113
0.999997973 0.001051962 0.001710883 0.167205274 -0.001056520 0.999995887 0.002665271 -0.353051722 -0.001708072 -0.002667073 0.999994934 10.288250923
0.999998033 0.001066617 0.001672158 0.181165621 -0.001071339 0.999995470 0.002825718 -0.364591479 -0.001669136 -0.002827504 0.999994636 10.646376610
0.999997914 0.001309583 0.001554201 0.194572628 -0.001314830 0.999993384 0.003379933 -0.382395416 -0.001549765 -0.003381969 0.999993086 11.006587982
0.999996960 0.001568888 0.001907034 0.202451333 -0.001575407 0.999992967 0.003421697 -0.393957287 -0.001901653 -0.003424691 0.999992311 11.381587982
0.999996066 0.001972683 0.001984982 0.210335091 -0.001979718 0.999991715 0.003548132 -0.400645316 -0.001977967 -0.003552047 0.999991715 11.773350716
0.999996901 0.001710154 0.001767540 0.223285288 -0.001716891 0.999991238 0.003817172 -0.417191923 -0.001760997 -0.003820196 0.999991179 12.136865616
0.999997795 0.000875154 0.001870696 0.228035882 -0.000882660 0.999991536 0.004015410 -0.441316098 -0.001867166 -0.004017054 0.999990106 12.534785271
0.999997675 0.001011812 0.001917782 0.234755471 -0.001019432 0.999991596 0.003976770 -0.451897115 -0.001913742 -0.003978716 0.999990225 12.934909821
0.999998152 0.000994938 0.001637587 0.251583517 -0.001001759 0.999990821 0.004169720 -0.468269467 -0.001633423 -0.004171353 0.999989927 13.317216873
0.999996722 0.001251564 0.002215964 0.256773770 -0.001260607 0.999990821 0.004083968 -0.474753857 -0.002210832 -0.004086749 0.999989152 13.734061241
0.999998450 0.000533505 0.001631955 0.282143891 -0.000540931 0.999989450 0.004553344 -0.508273721 -0.001629508 -0.004554220 0.999988258 14.124002457
0.999998391 0.000756273 0.001588408 0.300061762 -0.000764103 0.999987543 0.004934923 -0.527337670 -0.001584656 -0.004936129 0.999986589 14.538059235
0.999998033 0.000360602 0.001942512 0.305228770 -0.000369823 0.999988735 0.004748401 -0.534153104 -0.001940778 -0.004749111 0.999986887 14.971947670
0.999997020 -0.000233801 0.002434544 0.297473371 0.000219965 0.999983847 0.005682009 -0.558718801 -0.002435834 -0.005681457 0.999980867 15.354102135
0.999996066 -0.000471906 0.002776879 0.309036970 0.000456091 0.999983728 0.005693316 -0.566923857 -0.002779520 -0.005692027 0.999979913 15.797155380
0.999994576 0.000851390 0.003177502 0.325774044 -0.000868879 0.999984443 0.005506933 -0.581503630 -0.003172764 -0.005509664 0.999979794 16.242149353
0.999994278 0.000630340 0.003321222 0.335870206 -0.000650094 0.999981999 0.005950315 -0.597942948 -0.003317412 -0.005952439 0.999976754 16.681831360
0.999993861 0.001095390 0.003310702 0.352193832 -0.001115172 0.999981463 0.005979118 -0.611308575 -0.003304091 -0.005982774 0.999976635 17.138814926
0.999993920 -0.000100891 0.003486703 0.352044553 0.000080699 0.999983191 0.005790785 -0.636199117 -0.003487230 -0.005790467 0.999977171 17.576461792
0.999992907 -0.000339672 0.003739210 0.367918849 0.000318159 0.999983430 0.005752585 -0.648553371 -0.003741102 -0.005751355 0.999976516 18.038856506
0.999992728 -0.000225205 0.003797738 0.380392551 0.000202773 0.999982595 0.005906002 -0.658290088 -0.003799002 -0.005905189 0.999975383 18.515830994
0.999991655 -0.000815666 0.003984042 0.385427713 0.000789394 0.999977946 0.006591605 -0.698988974 -0.003989330 -0.006588406 0.999970257 18.969261169
0.999992311 -0.000373166 0.003901521 0.401331812 0.000346755 0.999977052 0.006767851 -0.709658086 -0.003903957 -0.006766447 0.999969423 19.444044113
0.999992013 -0.000251618 0.003982383 0.414957881 0.000224497 0.999976754 0.006809318 -0.720402420 -0.003984004 -0.006808371 0.999968827 19.925079346
0.999991298 -0.000511833 0.004155243 0.421697408 0.000482661 0.999975264 0.007018534 -0.733549893 -0.004158733 -0.007016467 0.999966681 20.419391632
0.999993920 -0.000225492 0.003509381 0.441051602 0.000200969 0.999975562 0.006986659 -0.749645233 -0.003510871 -0.006985910 0.999969423 20.828487396
0.999995828 -0.000571899 0.002851235 0.451228082 0.000552304 0.999976337 0.006868405 -0.755765855 -0.002855096 -0.006866802 0.999972343 21.336362839
0.999995768 -0.000426008 0.002862773 0.447303832 0.000405854 0.999975085 0.007037024 -0.773651540 -0.002865700 -0.007035832 0.999971151 21.834541321
0.999996603 -0.000599812 0.002535905 0.455832332 0.000581425 0.999973655 0.007245337 -0.775551558 -0.002540184 -0.007243839 0.999970555 22.357660294
0.999997020 -0.001733287 0.001727306 0.476813585 0.001720260 0.999970257 0.007515249 -0.807196915 -0.001740280 -0.007512255 0.999970257 22.840225220
0.999997377 -0.002209520 0.000622646 0.490155905 0.002204875 0.999970436 0.007363535 -0.821408093 -0.000638898 -0.007362144 0.999972701 23.366758347
0.999995828 -0.002872417 0.000331796 0.494625598 0.002869743 0.999965429 0.007796042 -0.842996597 -0.000354178 -0.007795057 0.999969542 23.870792389
0.999998569 -0.001657799 0.000266779 0.503072917 0.001655698 0.999969065 0.007691551 -0.848198354 -0.000279522 -0.007691097 0.999970376 24.372802734
0.999998152 -0.001757645 -0.000757385 0.521231771 0.001763570 0.999967337 0.007894828 -0.858958304 0.000743484 -0.007896148 0.999968588 24.904741287
0.999999344 -0.000466530 -0.000969534 0.515168846 0.000474354 0.999967158 0.008085622 -0.872200251 0.000965730 -0.008086077 0.999966860 25.413414001
0.999999166 -0.000013036 -0.001267939 0.521228552 0.000022904 0.999969661 0.007782627 -0.884956956 0.001267800 -0.007782650 0.999968946 25.968036652
0.999997795 -0.001018485 -0.001845220 0.539593756 0.001034641 0.999960959 0.008775906 -0.909909844 0.001836210 -0.008777796 0.999959707 26.440526962
0.999996483 -0.000764384 -0.002553130 0.556260347 0.000786777 0.999961138 0.008781499 -0.926726997 0.002546319 -0.008783476 0.999958098 26.987012863
0.999995530 -0.000638145 -0.002924347 0.574787438 0.000665363 0.999956369 0.009315705 -0.959859490 0.002918274 -0.009317609 0.999952316 27.488576889
0.999993622 -0.000886397 -0.003450189 0.581695735 0.000918397 0.999956429 0.009284507 -0.969093084 0.003441808 -0.009287616 0.999950945 28.035636902
0.999989867 -0.001668330 -0.004178563 0.591596901 0.001708940 0.999951124 0.009734068 -0.990704417 0.004162120 -0.009741111 0.999943852 28.596622467
0.999993443 -0.000598019 -0.003563354 0.587286770 0.000633116 0.999951243 0.009856192 -0.993379593 0.003557287 -0.009858384 0.999945104 29.042877197
0.999992251 -0.000486340 -0.003901111 0.595201433 0.000525116 0.999950409 0.009944922 -1.005560279 0.003896081 -0.009946893 0.999943018 29.575773239
0.999989808 -0.001036527 -0.004387735 0.592514932 0.001079277 0.999951839 0.009751800 -1.025314331 0.004377416 -0.009756437 0.999942839 30.105682373
0.999988735 -0.001399393 -0.004543622 0.599345207 0.001444378 0.999949753 0.009912611 -1.035073042 0.004529522 -0.009919062 0.999940574 30.655212402
0.999985456 -0.002006024 -0.005001897 0.612243176 0.002057444 0.999944866 0.010296345 -1.050736547 0.004980966 -0.010306487 0.999934494 31.191768646
0.999986112 -0.001341122 -0.005093311 0.622992098 0.001392065 0.999948859 0.010011750 -1.070520759 0.005079623 -0.010018702 0.999936938 31.741729736
0.999988675 -0.000734782 -0.004707625 0.605385661 0.000783826 0.999945283 0.010424698 -1.076698303 0.004699708 -0.010428271 0.999934494 32.205650330
0.999987185 -0.000882784 -0.004983759 0.610929251 0.000935169 0.999944210 0.010518563 -1.087502360 0.004974196 -0.010523089 0.999932230 32.756580353
0.999986649 -0.000271747 -0.005163502 0.607196808 0.000324117 0.999948442 0.010144273 -1.090357542 0.005160480 -0.010145810 0.999935150 33.310195923
0.999984860 -0.000658475 -0.005468335 0.620614648 0.000715562 0.999945164 0.010444267 -1.102545738 0.005461157 -0.010448020 0.999930441 33.842376709
0.999985397 -0.001038236 -0.005297645 0.626952648 0.001093552 0.999944806 0.010449337 -1.125137329 0.005286503 -0.010454978 0.999931335 34.356071472
0.999985337 -0.000663454 -0.005373223 0.611050725 0.000719734 0.999944806 0.010478951 -1.155725360 0.005365975 -0.010482663 0.999930680 34.895401001
0.999983609 -0.000996750 -0.005631759 0.621250391 0.001055377 0.999945164 0.010416690 -1.163601398 0.005621068 -0.010422464 0.999929965 35.447952271
0.999984145 0.000127657 -0.005641803 0.617187142 -0.000070033 0.999947786 0.010212779 -1.180481315 0.005642813 -0.010212222 0.999931991 35.968170166
0.999983430 -0.000186546 -0.005752196 0.631193638 0.000246514 0.999945581 0.010426413 -1.183483362 0.005749939 -0.010427660 0.999929130 36.534152985
0.999982178 -0.000293051 -0.005958280 0.626968384 0.000357571 0.999941289 0.010830446 -1.221041083 0.005954755 -0.010832385 0.999923527 37.011760712
0.999981284 -0.000730865 -0.006065265 0.637158692 0.000798196 0.999938011 0.011106119 -1.230166674 0.006056773 -0.011110753 0.999919832 37.560684204
0.999979258 -0.000581081 -0.006420386 0.645376861 0.000653125 0.999936819 0.011224801 -1.237712383 0.006413457 -0.011228761 0.999916375 38.101375580
0.999981701 -0.000032587 -0.006047534 0.657374799 0.000097684 0.999942064 0.010764231 -1.246309519 0.006046833 -0.010764625 0.999923706 38.636745453
0.999978483 0.000058774 -0.006565655 0.672849536 0.000014165 0.999938309 0.011108533 -1.268915653 0.006565903 -0.011108385 0.999916732 39.198062897
0.999975026 -0.000358798 -0.007049807 0.663683057 0.000438035 0.999936700 0.011241232 -1.285807133 0.007045327 -0.011244040 0.999911964 39.644721985
0.999975204 -0.000457029 -0.007021181 0.668211222 0.000532252 0.999942422 0.010715551 -1.294040322 0.007015880 -0.010719024 0.999917984 40.205375671
0.999975443 -0.000326108 -0.007001803 0.674397945 0.000402314 0.999940634 0.010885067 -1.299189687 0.006997837 -0.010887617 0.999916255 40.753490448
0.999971569 -0.000600787 -0.007517448 0.681057692 0.000681143 0.999942601 0.010691375 -1.305074453 0.007510593 -0.010696194 0.999914527 41.310592651
0.999970317 -0.000652028 -0.007678452 0.699896097 0.000735027 0.999941289 0.010811518 -1.323746920 0.007670952 -0.010816842 0.999912083 41.867076874
0.999970973 -0.000960591 -0.007555967 0.673795104 0.001054603 0.999922097 0.012447897 -1.395043969 0.007543420 -0.012455505 0.999893963 42.349876404
0.999969780 -0.001290598 -0.007664640 0.683491051 0.001386008 0.999921501 0.012455871 -1.407752872 0.007647963 -0.012466121 0.999893010 42.903446198
0.999973178 -0.000645335 -0.007296550 0.685693145 0.000732368 0.999928534 0.011931519 -1.404564619 0.007288327 -0.011936541 0.999902189 43.366138458
0.999973714 0.000194753 -0.007247949 0.686051130 -0.000107136 0.999926925 0.012087009 -1.416102409 0.007249774 -0.012085915 0.999900699 43.889289856
0.999974310 0.000502388 -0.007160056 0.692695022 -0.000416865 0.999928594 0.011940948 -1.426987171 0.007165544 -0.011937657 0.999903023 44.441673279
0.999974787 0.000989699 -0.007022199 0.710369706 -0.000906266 0.999929011 0.011874627 -1.437050462 0.007033452 -0.011867966 0.999904871 44.961536407
0.999974191 0.000728401 -0.007147381 0.714740932 -0.000643580 0.999929368 0.011862448 -1.445641518 0.007155516 -0.011857542 0.999904096 45.478523254
0.999970496 -0.000248892 -0.007668626 0.749864101 0.000346820 0.999918342 0.012771228 -1.470581532 0.007664823 -0.012773511 0.999889016 45.940296173
0.999971509 0.000028065 -0.007545119 0.755024552 0.000070504 0.999914646 0.013063376 -1.479057431 0.007544842 -0.013063536 0.999886155 46.496074677
0.999972522 0.000465106 -0.007387078 0.752344489 -0.000370632 0.999918222 0.012785382 -1.484182715 0.007392420 -0.012782294 0.999890924 47.046276093
0.999972701 -0.000382436 -0.007373064 0.748828769 0.000474224 0.999922395 0.012451345 -1.490108848 0.007367729 -0.012454502 0.999895275 47.531139374
0.999968231 -0.000964797 -0.007912309 0.766949415 0.001061125 0.999925256 0.012179363 -1.500404000 0.007899966 -0.012187370 0.999894500 48.075630188
0.999974370 0.000320483 -0.007149719 0.751582742 -0.000226948 0.999914408 0.013079374 -1.523100853 0.007153298 -0.013077416 0.999888897 48.568710327
0.999967754 -0.000388111 -0.008016638 0.777370811 0.000487938 0.999922335 0.012454283 -1.517202139 0.008011182 -0.012457795 0.999890268 49.155540466
0.999973416 0.000347655 -0.007282882 0.769682050 -0.000251830 0.999913454 0.013154321 -1.537795067 0.007286824 -0.013152136 0.999886870 49.584056854
0.999973178 0.000109138 -0.007319036 0.783692718 -0.000012444 0.999912739 0.013210054 -1.546477318 0.007319839 -0.013209607 0.999885917 50.122104645
0.999973118 0.000295236 -0.007345810 0.786944985 -0.000198796 0.999913812 0.013125813 -1.554208755 0.007349053 -0.013123999 0.999886870 50.619712830
0.999971747 -0.000254084 -0.007516121 0.796820819 0.000355356 0.999909163 0.013475752 -1.587581158 0.007512015 -0.013478043 0.999880910 51.166843414
0.999970973 -0.000173571 -0.007615269 0.804904819 0.000274580 0.999911964 0.013264936 -1.582681656 0.007612296 -0.013266642 0.999882936 51.733459473
0.999969482 -0.000651930 -0.007785416 0.814832926 0.000754633 0.999912620 0.013196131 -1.594923258 0.007776133 -0.013201606 0.999882579 52.273174286
0.999968290 -0.000508870 -0.007951090 0.825391054 0.000614142 0.999912083 0.013243099 -1.610509396 0.007943653 -0.013247562 0.999880612 52.821529388
0.999969542 0.000058076 -0.007805792 0.822720766 0.000043955 0.999914587 0.013070454 -1.610518932 0.007805884 -0.013070402 0.999884069 53.353637695
0.999968350 -0.000243590 -0.007948865 0.832554579 0.000346958 0.999915361 0.013005372 -1.628083229 0.007945024 -0.013007721 0.999883890 53.904026031
0.999974608 0.000775362 -0.007081190 0.832937121 -0.000682353 0.999913573 0.013127617 -1.629804969 0.007090757 -0.013122452 0.999888718 54.409576416
0.999968112 -0.000467443 -0.007978565 0.844499946 0.000570555 0.999916315 0.012926294 -1.618363857 0.007971855 -0.012930433 0.999884605 55.011791229
0.999975204 0.000840163 -0.006988901 0.847551823 -0.000747376 0.999911606 0.013268353 -1.652603626 0.006999431 -0.013262801 0.999887526 55.501110077
0.999972403 0.000001294 -0.007431226 0.852227211 0.000095391 0.999915302 0.013010271 -1.641142130 0.007430614 -0.013010619 0.999887764 56.115550995
0.999978662 0.001250663 -0.006417577 0.846082687 -0.001163987 0.999908328 0.013491995 -1.676922202 0.006433863 -0.013484236 0.999888420 56.610168457
0.999972045 0.000284825 -0.007471706 0.885882437 -0.000183207 0.999907494 0.013597551 -1.691816807 0.007474888 -0.013595800 0.999879599 57.029422760
0.999968410 0.000189546 -0.007939531 0.897618175 -0.000082095 0.999908388 0.013531772 -1.702929497 0.007941369 -0.013530693 0.999876916 57.561904907
0.999972641 0.000686457 -0.007364982 0.892107725 -0.000584247 0.999903619 0.013871124 -1.709521294 0.007373794 -0.013866441 0.999876678 58.129924774
0.999973476 0.000761459 -0.007247134 0.900987029 -0.000659677 0.999901295 0.014036420 -1.720697641 0.007257107 -0.014031266 0.999875247 58.666809082
0.999971688 0.000228255 -0.007518666 0.910975456 -0.000123222 0.999902487 0.013967167 -1.726079226 0.007521120 -0.013965844 0.999874234 59.207756042
0.999971747 0.000057858 -0.007516281 0.930577040 0.000041785 0.999912143 0.013256114 -1.722047806 0.007516388 -0.013256053 0.999883890 59.712703705
0.999967515 -0.000099563 -0.008050256 0.970634878 0.000213649 0.999899566 0.014172143 -1.730422497 0.008048037 -0.014173404 0.999867201 60.289051056
0.999970675 0.000255809 -0.007655754 0.948273659 -0.000154092 0.999911785 0.013284002 -1.738839149 0.007658478 -0.013282432 0.999882460 60.800556183
0.999970317 0.000175966 -0.007700002 0.961716950 -0.000074970 0.999913990 0.013114777 -1.757738590 0.007701647 -0.013113812 0.999884307 61.327232361
0.999969900 -0.000076505 -0.007751739 0.974886239 0.000177405 0.999915242 0.013016629 -1.765489340 0.007750086 -0.013017613 0.999885261 61.826854706
0.999972939 0.001673734 -0.007156656 0.962682009 -0.001575432 0.999904692 0.013719345 -1.776358843 0.007178936 -0.013707701 0.999880254 62.368869781
0.999971330 0.000199916 -0.007558504 0.967001081 -0.000094269 0.999902368 0.013975090 -1.795987368 0.007560561 -0.013973979 0.999873698 62.953208923
0.999970734 0.000127015 -0.007649039 0.976749301 -0.000018814 0.999899924 0.014144114 -1.800900221 0.007650070 -0.014143555 0.999870658 63.506347656
0.999969065 -0.000178868 -0.007857053 0.986956120 0.000287357 0.999904692 0.013808963 -1.807073474 0.007853833 -0.013810795 0.999873757 64.053749084
0.999970973 -0.000056378 -0.007617657 1.013597965 0.000165172 0.999898016 0.014281863 -1.827913761 0.007616077 -0.014282706 0.999868989 64.547866821
0.999964893 -0.001258151 -0.008274514 1.024383903 0.001369752 0.999907911 0.013495428 -1.816217184 0.008256773 -0.013506289 0.999874711 65.127174377
0.999971628 0.000165127 -0.007526477 0.987690330 -0.000059040 0.999900699 0.014093128 -1.844579697 0.007528059 -0.014092285 0.999872327 65.539184570
0.999970198 -0.000289603 -0.007719073 1.000665188 0.000397254 0.999902606 0.013948198 -1.848212242 0.007714283 -0.013950848 0.999872923 66.074226379
0.999969542 -0.000477545 -0.007796871 1.009652615 0.000582869 0.999908507 0.013511892 -1.852900743 0.007789705 -0.013516024 0.999878347 66.582756042
0.999974132 0.000336591 -0.007195622 1.003021717 -0.000235583 0.999901533 0.014033697 -1.871870518 0.007199637 -0.014031638 0.999875665 67.149917603
0.999969184 -0.000506841 -0.007837870 1.011248350 0.000612721 0.999908566 0.013512258 -1.862117052 0.007830307 -0.013516646 0.999877930 67.719566345
0.999971151 0.000308146 -0.007589529 1.013772368 -0.000200465 0.999899387 0.014184722 -1.900008917 0.007593136 -0.014182795 0.999870598 68.244522095
0.999969363 0.000357836 -0.007825827 1.021828294 -0.000249318 0.999903858 0.013863179 -1.906633258 0.007830036 -0.013860803 0.999873281 68.787200928
0.999972463 0.000684246 -0.007392496 1.029077053 -0.000580310 0.999901056 0.014052695 -1.912047625 0.007401379 -0.014048017 0.999873996 69.317695618
0.999967277 -0.000456828 -0.008076589 1.036638975 0.000569188 0.999903023 0.013914974 -1.919840097 0.008069451 -0.013919117 0.999870479 69.862846375
0.999970138 0.000218546 -0.007724411 1.038255453 -0.000112314 0.999905407 0.013750502 -1.925567269 0.007726686 -0.013749225 0.999875546 70.415336609
0.999966443 -0.000597268 -0.008173464 1.047475576 0.000709002 0.999906301 0.013674341 -1.931279421 0.008164531 -0.013679677 0.999873042 70.973892212
0.999968767 -0.000111413 -0.007908113 1.053713441 0.000219801 0.999906063 0.013706352 -1.953923702 0.007905844 -0.013707661 0.999874771 71.478195190
0.999967337 -0.000421348 -0.008073844 1.058988690 0.000533752 0.999902844 0.013925011 -1.948428750 0.008067193 -0.013928866 0.999870420 71.968391418
0.999966741 -0.000250125 -0.008144527 1.068334818 0.000361983 0.999905586 0.013735536 -1.957514524 0.008140321 -0.013738029 0.999872506 72.522377014
0.999969363 -0.000179251 -0.007822719 1.068044901 0.000287958 0.999903321 0.013897371 -1.965820312 0.007819473 -0.013899200 0.999872804 73.031875610
0.999972284 0.000071986 -0.007441953 1.070881486 0.000031446 0.999903440 0.013897406 -1.978517294 0.007442236 -0.013897256 0.999875724 73.574325562
0.999971628 -0.000270887 -0.007535476 1.090494156 0.000374844 0.999904752 0.013797609 -1.987581849 0.007531025 -0.013800044 0.999876380 74.105232239
0.999970257 -0.000455275 -0.007698819 1.095173597 0.000560486 0.999906361 0.013669183 -1.991394877 0.007691878 -0.013673093 0.999876857 74.636169434
0.999971509 -0.000490201 -0.007532838 1.092830420 0.000589378 0.999913156 0.013169372 -1.994226098 0.007525729 -0.013173436 0.999884903 75.202217102
0.999968946 -0.000384873 -0.007886909 1.102616310 0.000492080 0.999907434 0.013595553 -2.007094145 0.007880948 -0.013599013 0.999876499 75.676345825
0.999968350 -0.000269487 -0.007954312 1.104192495 0.000378189 0.999906540 0.013667508 -2.009912014 0.007949886 -0.013670082 0.999875009 76.240791321
0.999966741 -0.000535519 -0.008147179 1.122796535 0.000643473 0.999911964 0.013253606 -2.012485504 0.008139364 -0.013258407 0.999879062 76.752593994
0.999970317 -0.000417314 -0.007688092 1.115226507 0.000520614 0.999909520 0.013439170 -2.021856308 0.007681789 -0.013442773 0.999880135 77.261161804
0.999970198 -0.000539338 -0.007691473 1.122016191 0.000641151 0.999912143 0.013240802 -2.032491446 0.007683656 -0.013245341 0.999882698 77.780334473
0.999971747 -0.000024345 -0.007517978 1.131616354 0.000124728 0.999910831 0.013352133 -2.042411327 0.007516982 -0.013352695 0.999882579 78.320571899
0.999974191 -0.000662525 -0.007153705 1.142405033 0.000757178 0.999912083 0.013236736 -2.045790672 0.007144309 -0.013241812 0.999886811 78.862571716
0.999982715 -0.000400114 -0.005856329 1.142559528 0.000476071 0.999915659 0.012974561 -2.055192471 0.005850644 -0.012977123 0.999898612 79.380439758
0.999989867 0.000245527 -0.004480885 1.151595831 -0.000187244 0.999915421 0.013002855 -2.064182281 0.004483697 -0.013001883 0.999905407 79.943122864
0.999995708 -0.000103980 -0.002903872 1.167076707 0.000140740 0.999919832 0.012661646 -2.063472271 0.002902322 -0.012662004 0.999915600 80.480369568
0.999999821 -0.000110336 0.000528825 1.182980299 0.000103609 0.999919295 0.012703708 -2.073554754 -0.000530184 -0.012703653 0.999919116 81.023971558
0.999990821 -0.000204471 0.004272956 1.201044083 0.000149499 0.999917269 0.012861466 -2.076867580 -0.004275232 -0.012860710 0.999908090 81.576698303
0.999973118 0.000113214 0.007320920 1.211075783 -0.000208812 0.999914706 0.013058809 -2.094634295 -0.007318817 -0.013059989 0.999887884 82.147323608
0.999933898 -0.000849386 0.011465222 1.256196260 0.000709691 0.999925494 0.012182853 -2.068321228 -0.011474715 -0.012173911 0.999860048 82.761558533
0.999830782 0.000545001 0.018387951 1.255861282 -0.000783676 0.999915540 0.012975256 -2.123038054 -0.018379321 -0.012987473 0.999746740 83.269088745
0.999724269 -0.000352590 0.023480516 1.296989918 0.000050790 0.999917448 0.012852558 -2.134903908 -0.023483109 -0.012847821 0.999641657 83.797180176
0.999565363 0.000070833 0.029480226 1.326117158 -0.000452657 0.999916077 0.012945381 -2.143128633 -0.029476834 -0.012953100 0.999481499 84.346015930
0.999295056 0.000592840 0.037539400 1.357328534 -0.001080542 0.999915302 0.012972775 -2.140147209 -0.037528530 -0.013004194 0.999210954 84.943374634
0.998970330 -0.000065626 0.045367092 1.415849209 -0.000522145 0.999916077 0.012943929 -2.166761398 -0.045364138 -0.012954290 0.998886526 85.443199158
0.998650730 -0.000628571 0.051924501 1.462813616 -0.000027783 0.999920130 0.012638856 -2.169620037 -0.051928300 -0.012623246 0.998571038 85.981956482
0.998160005 -0.001237734 0.060621638 1.515321732 0.000468948 0.999919295 0.012694287 -2.170109987 -0.060632452 -0.012642502 0.998080075 86.548583984
0.997496188 -0.001142468 0.070710868 1.573919773 0.000251091 0.999920428 0.012613543 -2.182421446 -0.070719644 -0.012564209 0.997417033 87.091987610
0.996867478 -0.001629868 0.079073012 1.645980358 0.000630475 0.999919593 0.012662189 -2.190996170 -0.079087302 -0.012572670 0.996788502 87.656875610
0.996219039 -0.002109491 0.086851209 1.711828709 0.001034617 0.999922395 0.012419196 -2.199265480 -0.086870655 -0.012282382 0.996143937 88.198799133
0.995215297 -0.001182814 0.097699299 1.787873745 -0.000042356 0.999921322 0.012537187 -2.204575300 -0.097706437 -0.012481337 0.995137036 88.738891602
0.994132340 -0.002019333 0.108151264 1.876355648 0.000621099 0.999915838 0.012960622 -2.222046375 -0.108168349 -0.012817402 0.994049907 89.274047852
0.993084550 -0.002092402 0.117382109 1.964457512 0.000694366 0.999928296 0.011949767 -2.214800119 -0.117398687 -0.011785624 0.993014872 89.868804932
0.991669416 -0.001435196 0.128800973 2.057798386 -0.000166283 0.999922812 0.012422140 -2.220386028 -0.128808841 -0.012340072 0.991592646 90.437011719
0.990041196 -0.002325154 0.140758663 2.160077095 0.000613478 0.999925375 0.012202530 -2.229733467 -0.140776500 -0.011994653 0.989968717 90.983390808
0.988527536 -0.003462803 0.151000738 2.269577026 0.001658369 0.999925733 0.012074127 -2.238995552 -0.151031315 -0.011685192 0.988459826 91.524879456
0.986833692 -0.003337943 0.161703408 2.395805359 0.001367397 0.999923408 0.012295938 -2.248627663 -0.161732048 -0.011912934 0.986762941 92.090827942
0.984690487 -0.004039709 0.174265236 2.508399010 0.002026798 0.999929190 0.011727266 -2.253799677 -0.174300268 -0.011194525 0.984628916 92.578765869
0.982371330 -0.003780372 0.186901495 2.641229630 0.001458903 0.999920070 0.012556811 -2.267271996 -0.186934009 -0.012062781 0.982298434 93.159217834
0.980486929 -0.004298084 0.196537152 2.767141342 0.001989230 0.999926686 0.011943569 -2.270787716 -0.196574122 -0.011319554 0.980423629 93.676727295
0.977703393 -0.004500364 0.209942147 2.907043457 0.001976624 0.999923289 0.012229398 -2.279766560 -0.209981069 -0.011541748 0.977637351 94.207656860
0.974680603 -0.004523346 0.223556057 3.053220749 0.001775247 0.999920309 0.012492116 -2.291445255 -0.223594770 -0.011778953 0.974611163 94.737472534
0.972060978 -0.004970372 0.234675735 3.200056076 0.002118296 0.999920785 0.012403782 -2.298552990 -0.234718770 -0.011560121 0.971994579 95.276512146
0.969125450 -0.005807941 0.246499583 3.379632950 0.002813218 0.999917865 0.012499426 -2.315983772 -0.246551961 -0.011420056 0.969062269 95.781372070
0.965481162 -0.005811785 0.260408401 3.534112930 0.002616845 0.999917030 0.012613985 -2.319543839 -0.260460168 -0.011497116 0.965416253 96.299461365
0.962245047 -0.006468527 0.272107601 3.727390289 0.003121670 0.999914110 0.012730843 -2.340404749 -0.272166550 -0.011400761 0.962182581 96.820907593
0.958757818 -0.006363978 0.284153074 3.907423019 0.002908337 0.999916613 0.012581447 -2.338810682 -0.284209460 -0.011236146 0.958696365 97.392089844
0.954527020 -0.006286207 0.298058152 4.095560074 0.002572108 0.999914110 0.012851584 -2.350544214 -0.298113346 -0.011500548 0.954461157 97.878326416
0.950200975 -0.007305671 0.311552078 4.302906036 0.003552425 0.999914169 0.012612741 -2.351575375 -0.311617494 -0.010877874 0.950145304 98.445838928
0.946471155 -0.007298344 0.322705865 4.504474640 0.003458056 0.999916196 0.012471985 -2.357120037 -0.322769791 -0.010688439 0.946417093 98.974769592
0.942029834 -0.007636575 0.335442215 4.717222214 0.003625288 0.999914229 0.012582767 -2.365783453 -0.335509568 -0.010637268 0.941976726 99.487182617
0.936845601 -0.008122668 0.349648803 4.932394028 0.003880649 0.999910176 0.012831071 -2.376617193 -0.349721611 -0.010663867 0.936792970 99.996719360
0.932209194 -0.008622182 0.361817479 5.155485153 0.004308213 0.999909639 0.012728098 -2.384353638 -0.361894518 -0.010306463 0.932162046 100.507194519
0.928249240 -0.009481456 0.371837914 5.385862350 0.005178837 0.999907613 0.012568188 -2.386941433 -0.371922731 -0.009740722 0.928212583 101.007980347
0.922689676 -0.010703997 0.385395169 5.619943619 0.006235192 0.999898076 0.012843339 -2.388763428 -0.385493368 -0.009447402 0.922662258 101.517929077
0.917074144 -0.009350600 0.398606896 5.857521057 0.004773729 0.999910772 0.012473200 -2.392239809 -0.398687899 -0.009536007 0.917037070 102.011833191
0.912050724 -0.009934291 0.409956902 6.106025696 0.005295530 0.999908447 0.012449090 -2.403381348 -0.410043091 -0.009183263 0.912019908 102.502899170
0.905621588 -0.009869011 0.423971862 6.367946625 0.004951927 0.999907076 0.012697833 -2.408164501 -0.424057722 -0.009399953 0.905586362 103.001319885
0.898993731 -0.010187314 0.437843025 6.640186310 0.005211376 0.999907434 0.012564727 -2.419360161 -0.437930435 -0.009013845 0.898963630 103.485069275
0.893193007 -0.010855776 0.449542463 6.914077759 0.005651181 0.999900579 0.012917805 -2.429098606 -0.449637979 -0.008997646 0.893165588 103.971656799
0.887563348 -0.011870652 0.460532695 7.191696167 0.006522658 0.999891579 0.013202305 -2.441641331 -0.460639477 -0.008713985 0.887544572 104.427459717
0.880555212 -0.012640215 0.473774970 7.469966888 0.007454033 0.999890029 0.012822833 -2.439658642 -0.473884940 -0.007759679 0.880552590 104.903884888
0.873419762 -0.013085829 0.486792177 7.755664825 0.007675482 0.999884605 0.013107034 -2.446454048 -0.486907512 -0.007711578 0.873419464 105.387695312
