1.000000000 0.000000000 0.000000000 0.000000000 0.000000000 1.000000000 0.000000000 0.000000000 0.000000000 0.000000000 1.000000000 0.000000000
1.000000000 0.000104291 0.000061583 -0.000766561 -0.000104293 1.000000000 0.000022371 -0.001140201 -0.000061581 -0.000022378 1.000000000 -0.001009327
1.000000000 0.000088653 -0.000019687 0.004562944 -0.000088653 1.000000000 0.000015679 0.000754921 0.000019688 -0.000015677 1.000000000 -0.002258529
1.000000000 0.000032631 -0.000017898 0.000212021 -0.000032631 1.000000000 0.000033333 0.000677432 0.000017900 -0.000033332 1.000000000 0.001992251
1.000000000 0.000062993 0.000070277 -0.000861075 -0.000062992 1.000000000 -0.000013108 0.001505419 -0.000070278 0.000013103 1.000000000 0.002113637
1.000000000 0.000051896 0.000086379 -0.000280924 -0.000051903 1.000000000 0.000080007 0.000045404 -0.000086374 -0.000080012 1.000000000 -0.003802593
1.000000000 -0.000046394 0.000124814 -0.002138196 0.000046386 1.000000000 0.000062727 0.000431262 -0.000124817 -0.000062721 1.000000000 -0.001668995
1.000000000 0.000068265 0.000077264 0.000025333 -0.000068266 1.000000000 0.000011118 -0.000502779 -0.000077263 -0.000011123 1.000000000 -0.000998333
1.000000000 -0.000001206 0.000071772 0.000171538 0.000001205 1.000000000 0.000019311 -0.000024087 -0.000071772 -0.000019311 1.000000000 -0.000952934
1.000000000 0.000004336 -0.000012560 -0.000515277 -0.000004335 1.000000000 0.000025394 0.000251242 0.000012560 -0.000025394 1.000000000 -0.004189673
1.000000000 -0.000111572 0.000031056 0.000470872 0.000111571 1.000000000 0.000015677 -0.000530125 -0.000031058 -0.000015674 1.000000000 0.000089864
1.000000000 -0.000149360 0.000014647 -0.000089781 0.000149359 1.000000000 0.000047323 -0.000792635 -0.000014654 -0.000047321 1.000000000 -0.001589993
1.000000000 0.000029661 0.000129200 -0.000597896 -0.000029659 1.000000000 -0.000013433 0.000519463 -0.000129201 0.000013429 1.000000000 -0.000669181
1.000000000 -0.000235059 0.000016589 -0.000057017 0.000235057 0.999999940 0.000109906 0.000313325 -0.000016615 -0.000109902 1.000000000 -0.002658861
1.000000000 -0.000166873 0.000031580 -0.000400832 0.000166872 1.000000000 0.000043687 -0.000277008 -0.000031587 -0.000043681 1.000000000 -0.001186041
1.000000000 -0.000162757 0.000071665 -0.001564926 0.000162753 1.000000000 0.000066409 -0.001304923 -0.000071675 -0.000066397 1.000000000 -0.002155042
1.000000000 0.000001974 0.000014717 -0.000901475 -0.000001976 1.000000000 0.000081429 -0.000171276 -0.000014717 -0.000081429 1.000000000 -0.005365976
1.000000000 -0.000179577 -0.000007765 0.000413931 0.000179578 1.000000000 0.000041682 -0.000552773 0.000007757 -0.000041684 1.000000000 -0.003198095
1.000000000 -0.000048571 -0.000027130 0.001746683 0.000048572 1.000000000 0.000056707 -0.001136368 0.000027127 -0.000056709 1.000000000 -0.008300794
1.000000000 -0.000111554 0.000009310 0.001836613 0.000111553 1.000000000 0.000076182 -0.002329619 -0.000009318 -0.000076181 1.000000000 -0.005639678
1.000000000 -0.000048194 0.000108972 -0.001085439 0.000048183 1.000000000 0.000105261 -0.002500295 -0.000108977 -0.000105255 1.000000000 -0.002703721
1.000000000 0.000045619 0.000133915 -0.001303982 -0.000045644 1.000000000 0.000187717 -0.002571626 -0.000133906 -0.000187723 1.000000000 -0.005596880
1.000000000 -0.000142439 0.000078095 -0.000227723 0.000142436 1.000000000 0.000038304 0.001523323 -0.000078101 -0.000038293 1.000000000 -0.006977689
1.000000000 -0.000108598 0.000004694 0.002116682 0.000108598 1.000000000 0.000102611 -0.000981078 -0.000004705 -0.000102611 1.000000000 -0.006755162
1.000000000 -0.000105502 0.000013176 0.000438331 0.000105501 1.000000000 0.000100699 -0.001544870 -0.000013187 -0.000100698 1.000000000 -0.004124628
1.000000000 -0.000029483 0.000099972 -0.003303582 0.000029481 1.000000000 0.000022417 -0.000624674 -0.000099973 -0.000022414 1.000000000 -0.002596616
1.000000000 -0.000137686 0.000055036 -0.002820548 0.000137683 1.000000000 0.000059348 0.000290784 -0.000055044 -0.000059341 1.000000000 -0.001632531
1.000000000 -0.000222293 -0.000009144 -0.002334167 0.000222294 0.999999940 0.000116943 0.000723463 0.000009118 -0.000116945 1.000000000 -0.002184427
1.000000000 -0.000162299 0.000010885 -0.000746392 0.000162298 1.000000000 0.000075486 -0.001277475 -0.000010897 -0.000075484 1.000000000 0.001772471
1.000000000 -0.000128247 0.000095701 -0.003517509 0.000128236 1.000000000 0.000120476 -0.001085067 -0.000095717 -0.000120464 1.000000000 0.002566248
1.000000000 -0.000228535 0.000050713 -0.002511201 0.000228526 0.999999940 0.000167144 -0.002194938 -0.000050752 -0.000167133 1.000000000 -0.003986295
1.000000000 -0.000105186 0.000066066 -0.000725750 0.000105179 1.000000000 0.000116005 -0.002125160 -0.000066078 -0.000115998 1.000000000 -0.004190022
1.000000000 0.000067482 0.000084045 -0.004239155 -0.000067488 1.000000000 0.000065643 -0.000601351 -0.000084040 -0.000065648 1.000000000 -0.003597722
1.000000000 -0.000076518 0.000026250 -0.002423640 0.000076518 1.000000000 -0.000003354 0.001627075 -0.000026250 0.000003356 1.000000000 -0.003378337
1.000000000 -0.000066211 0.000048235 -0.002886809 0.000066212 1.000000000 -0.000018069 0.001478372 -0.000048234 0.000018073 1.000000000 -0.000778994
1.000000000 -0.000051775 0.000083495 -0.002642109 0.000051772 1.000000000 0.000026621 -0.000549172 -0.000083496 -0.000026616 1.000000000 -0.004578568
1.000000000 -0.000232875 0.000042483 -0.003177831 0.000232871 0.999999940 0.000096467 -0.002543787 -0.000042506 -0.000096457 1.000000000 -0.001932648
1.000000000 -0.000105563 0.000072090 -0.001211382 0.000105557 1.000000000 0.000078526 -0.000571397 -0.000072098 -0.000078519 1.000000000 -0.000223625
0.999999940 -0.000327515 -0.000033848 0.000280623 0.000327519 0.999999940 0.000126431 -0.001979421 0.000033807 -0.000126442 1.000000000 0.000226836
1.000000000 -0.000120459 0.000058867 0.001146763 0.000120493 0.999999821 -0.000572543 -0.005175275 -0.000058798 0.000572550 0.999999821 0.048885480
1.000000000 -0.000122276 0.000031513 0.002887334 0.000122313 0.999999285 -0.001166938 -0.004514342 -0.000031370 0.001166942 0.999999344 0.139106855
0.999999940 -0.000217279 -0.000118587 0.008261673 0.000217108 0.999998927 -0.001444482 -0.011893073 0.000118901 0.001444456 0.999998927 0.253611177
1.000000000 0.000015032 0.000174655 0.002650866 -0.000014821 0.999999285 -0.001208355 -0.018374152 -0.000174673 0.001208353 0.999999225 0.384711474
1.000000000 0.000097704 -0.000016230 0.008599916 -0.000097723 0.999999344 -0.001134113 -0.020406675 0.000016119 0.001134114 0.999999344 0.533270299
0.999999940 0.000343381 0.000098252 0.009563967 -0.000343275 0.999999344 -0.001071972 -0.023068223 -0.000098620 0.001071938 0.999999404 0.695924878
1.000000000 -0.000035871 0.000148843 0.014438220 0.000035991 0.999999642 -0.000809492 -0.029262261 -0.000148814 0.000809497 0.999999642 0.867938399
1.000000000 0.000056562 0.000063939 0.003945603 -0.000056541 0.999999940 -0.000331876 -0.046158303 -0.000063957 0.000331872 0.999999940 1.036292076
0.999999940 0.000296617 0.000387416 0.003735436 -0.000296520 0.999999940 -0.000250305 -0.050231803 -0.000387490 0.000250190 0.999999940 1.217761517
1.000000000 0.000149606 0.000112489 0.011416977 -0.000149614 1.000000119 0.000072197 -0.060056262 -0.000112478 -0.000072214 1.000000119 1.409148216
0.999999940 0.000293480 0.000154700 0.012195803 -0.000293473 0.999999940 -0.000043108 -0.069206186 -0.000154712 0.000043062 0.999999940 1.596328020
0.999999881 0.000277396 0.000473946 0.020373991 -0.000277493 0.999999940 0.000203881 -0.073391967 -0.000473889 -0.000204013 0.999999821 1.785278797
0.999999940 0.000024218 0.000278017 0.023410713 -0.000024373 0.999999762 0.000558449 -0.082993440 -0.000278003 -0.000558456 0.999999762 1.989868164
0.999999940 0.000191070 0.000322785 0.030326694 -0.000191190 0.999999881 0.000371204 -0.086246498 -0.000322715 -0.000371266 0.999999881 2.217504025
0.999999940 0.000163382 0.000388351 0.030517520 -0.000163601 0.999999821 0.000564332 -0.093363389 -0.000388259 -0.000564395 0.999999762 2.419232845
0.999999881 0.000362908 0.000346663 0.033818621 -0.000363179 0.999999642 0.000781814 -0.101413012 -0.000346379 -0.000781939 0.999999642 2.646584034
0.999999940 0.000065620 0.000428780 0.045357931 -0.000065910 0.999999762 0.000678543 -0.106387548 -0.000428736 -0.000678571 0.999999702 2.885287046
0.999999881 0.000345994 0.000406235 0.050379358 -0.000346208 0.999999762 0.000527574 -0.110103250 -0.000406053 -0.000527714 0.999999762 3.102467537
0.999999821 0.000379948 0.000447113 0.052634127 -0.000380184 0.999999762 0.000528124 -0.118151985 -0.000446912 -0.000528294 0.999999702 3.349669933
0.999999940 0.000096380 0.000358464 0.063553698 -0.000096640 0.999999702 0.000723733 -0.125886172 -0.000358394 -0.000723768 0.999999642 3.596885920
0.999999940 0.000008227 0.000294244 0.071781494 -0.000008494 0.999999583 0.000904063 -0.133374020 -0.000294236 -0.000904066 0.999999583 3.851374388
0.999999881 0.000256797 0.000479372 0.069356509 -0.000257223 0.999999523 0.000889358 -0.143466577 -0.000479143 -0.000889481 0.999999404 4.112748623
0.999999821 0.000582643 0.000536244 0.076969884 -0.000583280 0.999999166 0.001188794 -0.152652144 -0.000535551 -0.001189106 0.999999106 4.356645107
0.999999881 0.000244695 0.000377052 0.081989631 -0.000245150 0.999999225 0.001209512 -0.161166236 -0.000376756 -0.001209604 0.999999166 4.629016399
0.999999881 0.000114123 0.000496724 0.089306198 -0.000114709 0.999999285 0.001179915 -0.167243958 -0.000496589 -0.001179972 0.999999106 4.891303062
0.999999583 0.000611706 0.000777850 0.084908620 -0.000612696 0.999998987 0.001272447 -0.178517848 -0.000777071 -0.001272923 0.999998868 5.138385773
0.999999821 0.000118732 0.000586403 0.093412958 -0.000119492 0.999999166 0.001294868 -0.183546945 -0.000586248 -0.001294937 0.999998987 5.417381287
0.999999821 0.000029168 0.000590387 0.098992236 -0.000029864 0.999999285 0.001178986 -0.189366460 -0.000590352 -0.001179003 0.999999106 5.686440468
0.999999762 0.000320292 0.000652046 0.103315540 -0.000321151 0.999999225 0.001317817 -0.199230909 -0.000651624 -0.001318027 0.999998868 5.960132122
0.999999821 0.000224316 0.000558594 0.109466732 -0.000225141 0.999998927 0.001477122 -0.215964571 -0.000558262 -0.001477247 0.999998748 6.218327999
0.999999583 0.000244276 0.000888817 0.112184912 -0.000245508 0.999999046 0.001385526 -0.216178969 -0.000888477 -0.001385743 0.999998629 6.513803959
0.999999702 0.000158758 0.000724263 0.118766077 -0.000159906 0.999998748 0.001585205 -0.227935389 -0.000724010 -0.001585321 0.999998510 6.800047874
0.999999702 -0.000160314 0.000790239 0.126043886 0.000158905 0.999998450 0.001782054 -0.235189155 -0.000790523 -0.001781928 0.999998152 7.098815441
0.999999702 0.000104048 0.000719564 0.135894135 -0.000105418 0.999998212 0.001903460 -0.246923134 -0.000719365 -0.001903535 0.999998033 7.387396812
0.999999821 -0.000026451 0.000636960 0.149714485 0.000025342 0.999998510 0.001740525 -0.262823075 -0.000637005 -0.001740509 0.999998271 7.706594467
0.999999762 0.000271094 0.000632750 0.159984797 -0.000272314 0.999998093 0.001929514 -0.276186526 -0.000632226 -0.001929686 0.999997973 8.024635315
0.999999821 0.000232379 0.000673649 0.161889315 -0.000233528 0.999998569 0.001706773 -0.279592752 -0.000673251 -0.001706930 0.999998331 8.337659836
0.999999762 -0.000020882 0.000720115 0.169119447 0.000019456 0.999997973 0.001980343 -0.292268336 -0.000720155 -0.001980328 0.999997795 8.666368484
0.999999762 -0.000174919 0.000701790 0.173446432 0.000173370 0.999997497 0.002206513 -0.300895393 -0.000702174 -0.002206390 0.999997318 9.005022049
0.999999523 -0.000200859 0.000932714 0.180975333 0.000198472 0.999996722 0.002559499 -0.312470376 -0.000933225 -0.002559313 0.999996245 9.344603539
0.999999523 -0.000724318 0.000608405 0.191159755 0.000722905 0.999996960 0.002319438 -0.325387865 -0.000610083 -0.002318996 0.999997079 9.690596581
0.999999523 -0.000452226 0.000760083 0.196995169 0.000450604 0.999997556 0.002133680 -0.333808899 -0.000761046 -0.002133337 0.999997437 10.039533615
0.999999583 -0.000429808 0.000791147 0.206168145 0.000427987 0.999997199 0.002300004 -0.350578874 -0.000792134 -0.002299665 0.999997020 10.388276100
0.999999464 0.000289433 0.001000029 0.210209712 -0.000292024 0.999996603 0.002591212 -0.362499863 -0.000999275 -0.002591503 0.999996126 10.747183800
0.999999702 -0.000115748 0.000785377 0.220436245 0.000113671 0.999996424 0.002644008 -0.373552024 -0.000785680 -0.002643918 0.999996185 11.135228157
0.999999523 0.000287447 0.000905710 0.225988939 -0.000289818 0.999996483 0.002617823 -0.386858344 -0.000904955 -0.002618084 0.999996185 11.514502525
0.999999404 0.000076928 0.001010077 0.236495808 -0.000080005 0.999995291 0.003047115 -0.399978250 -0.001009838 -0.003047194 0.999994874 11.872274399
0.999999225 -0.000108787 0.001162303 0.246492371 0.000105168 0.999995112 0.003113250 -0.415186524 -0.001162636 -0.003113125 0.999994516 12.255375862
0.999999464 -0.000173363 0.000942722 0.256982476 0.000170538 0.999995530 0.002996568 -0.429759204 -0.000943237 -0.002996406 0.999995112 12.653450012
0.999999225 -0.000129289 0.001240178 0.259570032 0.000125337 0.999994934 0.003185831 -0.430419832 -0.001240583 -0.003185672 0.999994159 13.038442612
0.999999404 -0.000257306 0.001105994 0.274013162 0.000253433 0.999993920 0.003500916 -0.451860011 -0.001106888 -0.003500633 0.999993265 13.413296700
0.999999106 0.000135021 0.001340724 0.279027939 -0.000139360 0.999994814 0.003236645 -0.453557402 -0.001340280 -0.003236828 0.999993861 13.829792023
0.999999046 -0.000003047 0.001374786 0.288051814 -0.000002206 0.999992669 0.003821224 -0.474830747 -0.001374788 -0.003821224 0.999991715 14.270104408
0.999998510 0.000110378 0.001737861 0.298192471 -0.000117355 0.999991894 0.004015637 -0.510995388 -0.001737403 -0.004015835 0.999990344 14.686968803
0.999998629 -0.000569009 0.001554837 0.317016572 0.000562276 0.999990404 0.004327546 -0.526325345 -0.001557284 -0.004326665 0.999989331 15.094495773
0.999997854 -0.000524932 0.002018830 0.325211704 0.000515574 0.999989092 0.004633326 -0.541697383 -0.002021240 -0.004632275 0.999987185 15.528332710
0.999997616 -0.000644528 0.002077935 0.342710853 0.000634698 0.999988556 0.004728033 -0.567364991 -0.002080959 -0.004726703 0.999986649 15.982403755
0.999997020 -0.000942909 0.002240820 0.357008755 0.000932111 0.999987960 0.004814949 -0.578275144 -0.002245333 -0.004812846 0.999985874 16.427843094
0.999997020 -0.000706344 0.002315650 0.366345286 0.000695346 0.999988496 0.004746847 -0.595159471 -0.002318976 -0.004745223 0.999986053 16.860746384
0.999996305 -0.000724919 0.002630800 0.381180584 0.000710964 0.999985635 0.005301698 -0.609393537 -0.002634606 -0.005299806 0.999982476 17.315139771
0.999996662 -0.000405538 0.002570844 0.390350044 0.000391759 0.999985576 0.005358088 -0.620859563 -0.002572980 -0.005357062 0.999982357 17.772090912
0.999994576 -0.000956901 0.003149655 0.400089622 0.000940365 0.999985814 0.005247421 -0.632699847 -0.003154631 -0.005244431 0.999981284 18.235967636
0.999994040 -0.001189904 0.003236123 0.416874915 0.001173625 0.999986649 0.005027493 -0.639151454 -0.003242062 -0.005023665 0.999982178 18.713466644
0.999992251 -0.001288193 0.003738757 0.425654680 0.001267604 0.999984086 0.005504052 -0.657699347 -0.003745787 -0.005499269 0.999977887 19.175512314
0.999993563 -0.001597837 0.003223209 0.452350557 0.001580395 0.999984145 0.005406866 -0.675663233 -0.003231798 -0.005401737 0.999980211 19.655473709
0.999993563 -0.001263445 0.003354627 0.457930386 0.001244051 0.999982536 0.005777107 -0.693309784 -0.003361867 -0.005772897 0.999977708 20.138660431
0.999993920 -0.001517307 0.003166264 0.473988533 0.001497735 0.999979794 0.006174704 -0.708631277 -0.003175569 -0.006169924 0.999975979 20.620103836
0.999993205 -0.001170331 0.003489174 0.477423191 0.001149489 0.999981463 0.005969208 -0.722735882 -0.003496096 -0.005965158 0.999976099 21.130769730
0.999995410 -0.001280442 0.002737809 0.489728123 0.001263655 0.999980330 0.006124569 -0.729237497 -0.002745598 -0.006121082 0.999977469 21.641784668
0.999996483 -0.001357479 0.002285012 0.500357270 0.001344650 0.999983251 0.005606701 -0.742625833 -0.002292585 -0.005603609 0.999981701 22.144565582
0.999996901 -0.001842551 0.001660412 0.526677668 0.001832008 0.999978304 0.006328949 -0.770024717 -0.001672037 -0.006325888 0.999978602 22.649168015
0.999997497 -0.001486762 0.001684857 0.524576247 0.001475105 0.999975145 0.006898610 -0.780106008 -0.001695072 -0.006896108 0.999974728 23.155900955
0.999998808 -0.001408418 0.000689944 0.528079629 0.001403870 0.999977589 0.006547626 -0.800081551 -0.000699150 -0.006546650 0.999978304 23.686964035
0.999996960 -0.002436220 0.000071231 0.542882919 0.002435715 0.999976516 0.006399058 -0.806036949 -0.000086819 -0.006398866 0.999979496 24.196134567
0.999998212 -0.001835991 -0.000346751 0.550906003 0.001838221 0.999976873 0.006546658 -0.818118632 0.000334723 -0.006547283 0.999978483 24.716739655
0.999998391 -0.001529458 -0.000930674 0.560788274 0.001535482 0.999977589 0.006506139 -0.827243686 0.000920703 -0.006507557 0.999978423 25.251705170
0.999997139 -0.001807254 -0.001550479 0.566011608 0.001817652 0.999975681 0.006731846 -0.838378727 0.001538275 -0.006734645 0.999976158 25.781768799
0.999997079 -0.001544551 -0.001855502 0.572289586 0.001556572 0.999977708 0.006494605 -0.851077318 0.001845429 -0.006497474 0.999977171 26.326473236
0.999996245 -0.001840779 -0.002038634 0.585422933 0.001855996 0.999970257 0.007487779 -0.866412938 0.002024790 -0.007491535 0.999969900 26.873537064
0.999994874 -0.001853037 -0.002622173 0.596284688 0.001872196 0.999971390 0.007323084 -0.878006935 0.002608528 -0.007327956 0.999969661 27.419694901
0.999995828 -0.001075327 -0.002687494 0.604306400 0.001094710 0.999973297 0.007221308 -0.894445300 0.002679657 -0.007224219 0.999970257 27.958019257
0.999993384 -0.001557398 -0.003282986 0.613463223 0.001583154 0.999967873 0.007857564 -0.915025711 0.003270644 -0.007862709 0.999963760 28.492172241
0.999991953 -0.001880389 -0.003544580 0.623109698 0.001906007 0.999971986 0.007237890 -0.915843606 0.003530870 -0.007244588 0.999967456 29.044086456
0.999990523 -0.001847093 -0.003950849 0.630548716 0.001876445 0.999970555 0.007438320 -0.926485002 0.003936993 -0.007445662 0.999964476 29.587238312
0.999986708 -0.002072456 -0.004724743 0.641747952 0.002110598 0.999965250 0.008082282 -0.947070837 0.004707829 -0.008092147 0.999956191 30.135755539
0.999988198 -0.001800009 -0.004516105 0.646817088 0.001834982 0.999968231 0.007751754 -0.958022475 0.004502008 -0.007759950 0.999959707 30.676179886
0.999987662 -0.001335755 -0.004789547 0.656817913 0.001371369 0.999971509 0.007440445 -0.965395987 0.004779470 -0.007446922 0.999960840 31.223974228
0.999986053 -0.001551270 -0.005052564 0.669097960 0.001590779 0.999968112 0.007824898 -0.980153620 0.005040263 -0.007832827 0.999956608 31.756250381
0.999982834 -0.002262385 -0.005406120 0.688512564 0.002304504 0.999966860 0.007797492 -0.994789600 0.005388300 -0.007809816 0.999954998 32.295043945
0.999979615 -0.002185378 -0.006000370 0.691719651 0.002235634 0.999962389 0.008381593 -1.008387089 0.005981827 -0.008394837 0.999946833 32.843063354
0.999979198 -0.002069132 -0.006114533 0.684321761 0.002115908 0.999968469 0.007653501 -1.010686040 0.006098504 -0.007666279 0.999951959 33.379005432
0.999980271 -0.001746755 -0.006038609 0.684970856 0.001794687 0.999966860 0.007941373 -1.041059852 0.006024537 -0.007952053 0.999950230 33.897960663
0.999978304 -0.001818841 -0.006338868 0.692011952 0.001873733 0.999960721 0.008664544 -1.065278769 0.006322859 -0.008676234 0.999942362 34.438121796
0.999978423 -0.002110265 -0.006223394 0.696496844 0.002161624 0.999963582 0.008257352 -1.070290089 0.006205741 -0.008270627 0.999946535 34.915267944
0.999981046 -0.001638560 -0.005926724 0.702795804 0.001689918 0.999960959 0.008670973 -1.098284483 0.005912284 -0.008680824 0.999944866 35.496990204
0.999974847 -0.002326831 -0.006697659 0.699514985 0.002383513 0.999961376 0.008467454 -1.090384245 0.006677699 -0.008483206 0.999941707 36.112411499
0.999981880 -0.001296848 -0.005879467 0.701070786 0.001352074 0.999954939 0.009398830 -1.138901472 0.005867014 -0.009406608 0.999938548 36.555450439
0.999982655 -0.001021523 -0.005792635 0.699720502 0.001076013 0.999955058 0.009411486 -1.144112110 0.005782760 -0.009417556 0.999939024 37.049530029
0.999976814 -0.001772778 -0.006573177 0.707463622 0.001833099 0.999956131 0.009182310 -1.163239002 0.006556612 -0.009194146 0.999936223 37.615009308
0.999976814 -0.001059363 -0.006723230 0.746550858 0.001118887 0.999960124 0.008855948 -1.153347731 0.006713581 -0.008863265 0.999938190 38.160644531
0.999979913 -0.001108641 -0.006252844 0.726293087 0.001164667 0.999959111 0.008963491 -1.186898828 0.006242652 -0.008970591 0.999940276 38.698829651
0.999980927 0.000194030 -0.006164592 0.754699409 -0.000137430 0.999957800 0.009180546 -1.195508242 0.006166114 -0.009179525 0.999938846 39.146583557
0.999972641 -0.002057872 -0.007101113 0.769919515 0.002124648 0.999953508 0.009408811 -1.215448260 0.007081420 -0.009423641 0.999930501 39.777362823
0.999974072 -0.001696641 -0.006988039 0.781016588 0.001760857 0.999956250 0.009193450 -1.223180056 0.006972133 -0.009205517 0.999933302 40.320404053
0.999974847 -0.001600884 -0.006912343 0.780892134 0.001665015 0.999955475 0.009282044 -1.238524199 0.006897177 -0.009293320 0.999932945 40.864341736
0.999976397 -0.000963544 -0.006790660 0.775728405 0.001024291 0.999959469 0.008947852 -1.244209051 0.006781762 -0.008954599 0.999936879 41.404975891
0.999972701 -0.001279684 -0.007270390 0.785254955 0.001343590 0.999960482 0.008791854 -1.249957204 0.007258850 -0.008801382 0.999934971 41.948966980
0.999973714 -0.001346701 -0.007128140 0.799745679 0.001413087 0.999955595 0.009316450 -1.273825288 0.007115277 -0.009326278 0.999931157 42.485057831
0.999973714 -0.001315847 -0.007118725 0.804653823 0.001383725 0.999953508 0.009538620 -1.291949272 0.007105841 -0.009548219 0.999929190 43.031585693
0.999975681 -0.001192197 -0.006865684 0.803534687 0.001257379 0.999954104 0.009497426 -1.301175952 0.006854045 -0.009505830 0.999931335 43.559513092
0.999974370 -0.001416115 -0.007005576 0.816713691 0.001481225 0.999955654 0.009297571 -1.310988784 0.006992099 -0.009307710 0.999932230 44.096084595
0.999973536 -0.001332072 -0.007149433 0.828812718 0.001398204 0.999956131 0.009252910 -1.318907857 0.007136795 -0.009262662 0.999931633 44.636135101
0.999972582 -0.001451876 -0.007255297 0.841112792 0.001517841 0.999957502 0.009094854 -1.326397300 0.007241783 -0.009105617 0.999932349 45.174335480
0.999971569 -0.001501851 -0.007384470 0.847127318 0.001571167 0.999954820 0.009389966 -1.343385577 0.007370033 -0.009401304 0.999928594 45.710021973
0.999970615 -0.001225792 -0.007563760 0.862110734 0.001290455 0.999962628 0.008550131 -1.340936065 0.007552997 -0.008559640 0.999934852 46.248542786
0.999974310 -0.000860200 -0.007116166 0.874732256 0.000927304 0.999955118 0.009431923 -1.369682312 0.007107733 -0.009438279 0.999930203 46.749622345
0.999972761 -0.001077791 -0.007300328 0.885383010 0.001146184 0.999955475 0.009370729 -1.377322197 0.007289904 -0.009378840 0.999929488 47.295459747
0.999972820 -0.001164550 -0.007285395 0.880393267 0.001231915 0.999956429 0.009248838 -1.386660814 0.007274307 -0.009257561 0.999930739 47.816062927
0.999974608 -0.000639921 -0.007091562 0.899396002 0.000706455 0.999955714 0.009383566 -1.400561333 0.007085243 -0.009388337 0.999930799 48.367004395
0.999970973 -0.001758973 -0.007416085 0.920987606 0.001827492 0.999955714 0.009242546 -1.394659758 0.007399499 -0.009255829 0.999929726 48.969017029
0.999971747 -0.001731628 -0.007305803 0.916349292 0.001801877 0.999952018 0.009619922 -1.424729705 0.007288794 -0.009632814 0.999927044 49.428302765
0.999971032 -0.001685346 -0.007413134 0.924585581 0.001756209 0.999952734 0.009563005 -1.438460708 0.007396664 -0.009575748 0.999926746 49.965545654
0.999972701 -0.001620225 -0.007207647 0.926433206 0.001691620 0.999949455 0.009910325 -1.456129789 0.007191226 -0.009922248 0.999924839 50.510547638
0.999972165 -0.001644240 -0.007273919 0.935772538 0.001715598 0.999950349 0.009814723 -1.461323500 0.007257421 -0.009826930 0.999925315 51.051124573
0.999975622 -0.001341657 -0.006853666 0.928125799 0.001408023 0.999952137 0.009687658 -1.471234679 0.006840341 -0.009697074 0.999929547 51.601585388
0.999978304 -0.000742909 -0.006543819 0.924577832 0.000803161 0.999957263 0.009209528 -1.476379991 0.006536697 -0.009214582 0.999936104 52.078521729
0.999977887 -0.001220881 -0.006537609 0.941581190 0.001285601 0.999950230 0.009904557 -1.495086193 0.006525192 -0.009912743 0.999929607 52.628185272
0.999978006 -0.001520006 -0.006456237 0.940109253 0.001582792 0.999951422 0.009730901 -1.507948160 0.006441133 -0.009740905 0.999931872 53.169723511
0.999983728 -0.000893318 -0.005631001 0.932052851 0.000949075 0.999950469 0.009906927 -1.528129935 0.005621872 -0.009912111 0.999935031 53.695434570
0.999986351 0.000234579 -0.005226588 0.917707682 -0.000182901 0.999951124 0.009885989 -1.533191681 0.005228651 -0.009884898 0.999937415 54.233192444
0.999980569 -0.000261073 -0.006227665 0.944957972 0.000314470 0.999963105 0.008574717 -1.522731066 0.006225198 -0.008576509 0.999943793 54.629150391
0.999982417 -0.000441566 -0.005899837 0.935451984 0.000496592 0.999956369 0.009328515 -1.520771384 0.005895460 -0.009331284 0.999939144 55.346233368
0.999983728 0.000205217 -0.005688001 0.949371159 -0.000153813 0.999959111 0.009036349 -1.545577526 0.005689625 -0.009035328 0.999942958 55.723979950
0.999982536 0.000261412 -0.005901591 0.979023337 -0.000208395 0.999959588 0.008982179 -1.556396842 0.005903702 -0.008980791 0.999942183 56.214965820
0.999981046 0.000217122 -0.006153591 0.992788076 -0.000159656 0.999956310 0.009337625 -1.579483509 0.006155351 -0.009336462 0.999937475 56.578590393
0.999975264 0.000005957 -0.007033224 1.004643679 0.000053897 0.999963701 0.008510038 -1.558945656 0.007033020 -0.008510206 0.999939084 57.348869324
0.999981940 -0.000252357 -0.005999911 0.996392608 0.000306195 0.999959707 0.008973830 -1.596489429 0.005997409 -0.008975504 0.999941707 57.574878693
0.999981582 -0.000838639 -0.006026119 1.004281402 0.000892705 0.999959350 0.008974885 -1.609892607 0.006018346 -0.008980098 0.999941587 58.070697784
0.999982119 -0.000441202 -0.005988702 1.011486292 0.000495086 0.999959409 0.008999037 -1.617863417 0.005984487 -0.009001839 0.999941587 58.584236145
0.999979436 -0.000869568 -0.006364494 1.021941900 0.000929036 0.999955893 0.009346697 -1.632127166 0.006356086 -0.009352419 0.999936104 59.128108978
0.999981701 -0.000008641 -0.006051408 1.035311699 0.000066735 0.999953926 0.009599833 -1.643058777 0.006051048 -0.009600059 0.999935567 59.590473175
0.999982297 -0.000346649 -0.005946849 1.051649809 0.000401283 0.999957621 0.009188276 -1.649548054 0.005943413 -0.009190500 0.999940157 60.240165710
0.999978065 -0.000012136 -0.006628936 1.066150427 0.000078695 0.999949574 0.010040377 -1.669219136 0.006628480 -0.010040677 0.999927580 60.685188293
0.999974549 -0.000532032 -0.007124176 1.103228807 0.000603943 0.999948800 0.010095582 -1.694113731 0.007118440 -0.010099626 0.999923646 61.220462799
0.999977589 0.000098673 -0.006694994 1.108699799 -0.000035109 0.999954939 0.009493660 -1.670223475 0.006695631 -0.009493212 0.999932528 61.756076813
0.999977589 -0.000100913 -0.006701599 1.150377512 0.000162379 0.999957979 0.009171896 -1.666539431 0.006700393 -0.009172776 0.999935448 62.373523712
0.999970317 0.000337278 -0.007704917 1.192157269 -0.000260058 0.999949753 0.010020932 -1.713155985 0.007707911 -0.010018630 0.999920070 62.832908630
0.999966919 0.000101780 -0.008138001 1.204763412 -0.000025166 0.999955714 0.009413823 -1.681376338 0.008138599 -0.009413306 0.999922514 63.353145599
0.999962747 -0.000802816 -0.008596023 1.246799469 0.000891239 0.999946713 0.010287684 -1.723144531 0.008587305 -0.010294960 0.999910176 63.850738525
0.999983251 0.000411351 -0.005783150 1.152979851 -0.000359536 0.999959886 0.008957842 -1.717989683 0.005786603 -0.008955613 0.999943137 64.389541626
0.999980569 0.001434586 -0.006061716 1.197398782 -0.001371248 0.999944568 0.010440203 -1.777997017 0.006076359 -0.010431689 0.999927104 64.521446228
0.999977708 0.001177009 -0.006559414 1.217904449 -0.001107408 0.999943137 0.010604541 -1.796951771 0.006571523 -0.010597042 0.999922276 65.054306030
0.999981821 0.001314284 -0.005883164 1.206636071 -0.001253915 0.999946654 0.010253250 -1.804540634 0.005896323 -0.010245686 0.999930143 65.526206970
0.999984860 0.001780210 -0.005193985 1.213335991 -0.001730113 0.999952137 0.009633855 -1.807459354 0.005210888 -0.009624724 0.999940157 66.144966125
0.999982834 0.001893635 -0.005540567 1.224765301 -0.001836992 0.999946177 0.010210547 -1.825395584 0.005559606 -0.010200195 0.999932528 66.541915894
0.999981701 0.001954378 -0.005717460 1.246826172 -0.001894668 0.999943733 0.010430284 -1.849954247 0.005737524 -0.010419262 0.999929309 67.062423706
0.999980211 0.001596203 -0.006075251 1.250361562 -0.001534307 0.999947071 0.010179238 -1.853709221 0.006091177 -0.010169717 0.999929786 67.611297607
0.999981105 0.000359606 -0.006136318 1.267195702 -0.000296913 0.999947786 0.010214503 -1.879317284 0.006139672 -0.010212488 0.999929011 68.011711121
0.999980986 0.001284379 -0.006021856 1.263742208 -0.001221655 0.999945104 0.010408054 -1.881100059 0.006034893 -0.010400500 0.999927700 68.545318604
0.999978960 0.001081686 -0.006391539 1.272349000 -0.001015742 0.999946296 0.010311708 -1.890774608 0.006402350 -0.010305000 0.999926388 69.079818726
0.999983430 0.001821585 -0.005462303 1.271907806 -0.001765288 0.999945402 0.010293644 -1.910114050 0.005480756 -0.010283830 0.999932110 69.555992126
0.999981999 0.001361726 -0.005838559 1.293210268 -0.001300593 0.999944448 0.010461631 -1.925527334 0.005852480 -0.010453848 0.999928236 70.062431335
0.999983728 0.001861490 -0.005388320 1.291518688 -0.001805842 0.999945223 0.010314091 -1.935725331 0.005407223 -0.010304191 0.999932289 70.606994629
0.999982715 0.001680824 -0.005637550 1.313124657 -0.001622544 0.999945343 0.010326434 -1.948728800 0.005654597 -0.010317110 0.999930799 71.080757141
0.999982238 0.001463866 -0.005772190 1.322293758 -0.001403956 0.999945223 0.010369375 -1.954866290 0.005787053 -0.010361088 0.999929547 71.622985840
0.999982119 0.001012810 -0.005881516 1.339327931 -0.000952613 0.999947250 0.010228783 -1.964120626 0.005891565 -0.010222996 0.999930382 72.149765015
0.999982417 0.001525710 -0.005716155 1.345776796 -0.001466352 0.999945164 0.010374174 -1.977310181 0.005731671 -0.010365609 0.999929786 72.697189331
0.999982834 0.001551104 -0.005648178 1.352076769 -0.001492446 0.999944985 0.010374791 -1.989691138 0.005663961 -0.010366184 0.999930143 73.195701599
0.999982357 0.000946141 -0.005863747 1.378685832 -0.000885002 0.999945343 0.010420366 -2.009625196 0.005873287 -0.010414992 0.999928534 73.717803955
0.999982357 0.001326715 -0.005792227 1.394899011 -0.001265968 0.999944329 0.010478807 -2.022855282 0.005805806 -0.010471288 0.999928355 74.241378784
0.999982834 0.001033295 -0.005770122 1.400510311 -0.000973258 0.999945462 0.010398009 -2.037263155 0.005780551 -0.010392215 0.999929249 74.743072510
0.999983191 0.001445251 -0.005623044 1.411296248 -0.001384270 0.999940455 0.010833773 -2.060270309 0.005638366 -0.010825807 0.999925494 75.281585693
0.999984324 0.001641176 -0.005354541 1.410244823 -0.001583408 0.999940693 0.010775126 -2.062766552 0.005371909 -0.010766478 0.999927580 75.768753052
0.999984622 0.002107879 -0.005130335 1.425146699 -0.002054053 0.999943018 0.010474495 -2.074946165 0.005152120 -0.010463796 0.999931991 76.310806274
0.999983728 0.001974544 -0.005345650 1.437214851 -0.001918018 0.999942362 0.010558754 -2.085034847 0.005366192 -0.010548329 0.999930024 76.853828430
0.999980330 0.001613895 -0.006052684 1.450247765 -0.001549385 0.999942124 0.010647714 -2.098151207 0.006069517 -0.010638127 0.999925017 77.326324463
0.999984264 0.002215737 -0.005146289 1.451794863 -0.002162523 0.999944389 0.010322793 -2.105317116 0.005168877 -0.010311505 0.999933481 77.871597290
0.999990702 0.001576524 -0.004011975 1.470204830 -0.001535068 0.999945641 0.010315152 -2.118761778 0.004028017 -0.010308898 0.999938726 78.428207397
0.999994159 0.002153388 -0.002654222 1.481625915 -0.002125873 0.999944568 0.010326022 -2.140238762 0.002676312 -0.010320321 0.999943137 78.975601196
0.999997377 0.001913864 -0.001258507 1.493097186 -0.001901112 0.999947548 0.010057152 -2.153821945 0.001277690 -0.010054732 0.999948621 79.518241882
0.999998391 0.001745222 -0.000319323 1.503416657 -0.001741798 0.999944150 0.010424052 -2.167591572 0.000337498 -0.010423480 0.999945641 80.066726685
0.999988675 0.003055709 0.003644678 1.510995269 -0.003093688 0.999940515 0.010460883 -2.184081078 -0.003612496 -0.010472040 0.999938667 80.617401123
0.999970436 0.002828648 0.007148267 1.518835068 -0.002904080 0.999939919 0.010564219 -2.186944246 -0.007117956 -0.010584665 0.999918699 81.099311829
0.999961913 0.000913432 0.008679813 1.610965967 -0.001000822 0.999948800 0.010069188 -2.220949173 -0.008670172 -0.010077492 0.999911547 81.636741638
0.999915779 0.001433965 0.012906808 1.622630358 -0.001568824 0.999944150 0.010444572 -2.243955135 -0.012891111 -0.010463940 0.999862134 82.117424011
0.999824286 0.002031722 0.018635856 1.677119493 -0.002220741 0.999946237 0.010127711 -2.243510962 -0.018614277 -0.010167318 0.999774992 82.679504395
0.999716520 0.000533564 0.023805108 1.717722058 -0.000768450 0.999951065 0.009858986 -2.243199587 -0.023798684 -0.009874485 0.999667883 83.131645203
0.999534547 0.001013779 0.030490708 1.749121428 -0.001334074 0.999944091 0.010486150 -2.285911083 -0.030478377 -0.010521946 0.999480069 83.722068787
0.999300659 0.000563116 0.037387781 1.827306628 -0.000978911 0.999937832 0.011103764 -2.349747658 -0.037379205 -0.011132598 0.999239206 83.947883606
0.998904705 0.000487178 0.046787251 1.846835613 -0.000968427 0.999946833 0.010263785 -2.311711788 -0.046779752 -0.010297853 0.998852134 84.816871643
0.998550892 0.000122259 0.053815279 1.893270254 -0.000656609 0.999950647 0.009911777 -2.321945667 -0.053811405 -0.009932749 0.998501718 85.381599426
0.998055279 -0.000232146 0.062335048 1.957046032 -0.000375867 0.999952495 0.009742044 -2.338635683 -0.062334348 -0.009746528 0.998007715 85.920692444
0.997361720 0.000092992 0.072591543 2.025095463 -0.000813081 0.999950767 0.009890264 -2.357195377 -0.072587065 -0.009923190 0.997312725 86.454002380
0.996658504 0.000907695 0.081675708 2.070427895 -0.001750673 0.999945939 0.010250020 -2.376061201 -0.081661992 -0.010358757 0.996606231 86.980842590
0.996054888 -0.001313271 0.088729084 2.169784069 0.000463474 0.999953866 0.009597351 -2.378907681 -0.088737585 -0.009518365 0.996009588 87.560829163
0.995057464 -0.001806080 0.099284135 2.251592636 0.000875838 0.999955297 0.009412274 -2.392924786 -0.099296704 -0.009278798 0.995014548 88.100280762
0.993941307 -0.001727260 0.109898657 2.337970257 0.000665054 0.999952734 0.009701241 -2.412335396 -0.109910212 -0.009569376 0.993895471 88.630180359
0.992962599 -0.002461185 0.118402645 2.448965073 0.001353858 0.999954581 0.009431741 -2.438445568 -0.118420474 -0.009205068 0.992920816 89.160400391
0.991558015 -0.002213071 0.129644692 2.538387299 0.000932882 0.999950230 0.009934487 -2.452195883 -0.129660234 -0.009729677 0.991510749 89.723449707
0.989865541 -0.002252919 0.141989738 2.638285637 0.000915867 0.999954641 0.009481193 -2.460092068 -0.142004624 -0.009255063 0.989822745 90.277809143
0.988231957 -0.002492154 0.152942032 2.746475220 0.001073481 0.999955654 0.009357752 -2.473800182 -0.152958602 -0.009083451 0.988190770 90.836738586
0.986697853 -0.002815155 0.162540674 2.855554581 0.001335901 0.999956727 0.009209403 -2.481920958 -0.162559554 -0.008869759 0.986658871 91.378379822
0.984638751 -0.003047463 0.174577206 2.975678444 0.001477174 0.999957263 0.009124040 -2.493815184 -0.174597591 -0.008726003 0.984601200 91.917900085
0.982322991 -0.003488580 0.187161401 3.100544930 0.001818982 0.999957025 0.009091629 -2.505336046 -0.187185079 -0.008590473 0.982287109 92.456573486
0.980219603 -0.003559060 0.197881088 3.226407051 0.001747068 0.999954998 0.009330798 -2.517520905 -0.197905391 -0.008800521 0.980181634 92.977684021
0.977426946 -0.004044779 0.211235046 3.368432999 0.002150084 0.999955356 0.009198518 -2.532740593 -0.211262837 -0.008536707 0.977392018 93.528320312
0.974487484 -0.004383291 0.224399120 3.519857407 0.002370742 0.999954522 0.009237258 -2.544721603 -0.224429399 -0.008469599 0.974453568 94.061523438
0.971841037 -0.004332259 0.235597387 3.676019669 0.002188015 0.999953806 0.009361969 -2.564569950 -0.235627040 -0.008582857 0.971805632 94.594467163
0.968806803 -0.005653999 0.247752696 3.850028992 0.003385790 0.999948323 0.009580242 -2.586212158 -0.247794122 -0.008442565 0.968775868 95.108459473
0.965162277 -0.006086188 0.261581331 4.030860901 0.003643746 0.999945045 0.009821226 -2.605877876 -0.261626750 -0.008525938 0.965131462 95.628143311
0.961734951 -0.006645594 0.273900747 4.215173721 0.004146045 0.999944270 0.009703618 -2.621197462 -0.273949951 -0.008196702 0.961709023 96.139801025
0.958618402 -0.007340627 0.284599572 4.409597397 0.004728582 0.999940157 0.009863969 -2.641277075 -0.284654856 -0.008110031 0.958595753 96.633079529
0.954317272 -0.007682481 0.298696458 4.605440140 0.004911205 0.999937654 0.010027424 -2.652513742 -0.298754841 -0.008102383 0.954295456 97.164810181
0.950059295 -0.008434682 0.311955512 4.817180634 0.005571770 0.999933779 0.010067497 -2.668932199 -0.312019795 -0.007826577 0.950043380 97.683273315
0.946116865 -0.008854812 0.323704630 5.014347076 0.005831085 0.999929845 0.010309719 -2.686107874 -0.323773175 -0.007866652 0.946102023 98.190185547
0.941690981 -0.008563613 0.336370021 5.229965210 0.005364647 0.999931157 0.010438455 -2.701473475 -0.336436242 -0.008025291 0.941672027 98.724868774
0.936591566 -0.009194673 0.350302368 5.452533722 0.005998235 0.999929845 0.010208701 -2.704823971 -0.350371689 -0.007460187 0.936581016 99.257232666
0.931920528 -0.009359486 0.362541825 5.684688568 0.005998604 0.999927998 0.010394908 -2.717052460 -0.362612963 -0.007512483 0.931909442 99.782539368
0.927202642 -0.009973245 0.374427080 5.906044006 0.006479525 0.999922931 0.010588556 -2.731962681 -0.374503791 -0.007391630 0.927195907 100.286880493
0.921444178 -0.010368669 0.388372689 6.150823593 0.006771604 0.999920607 0.010629461 -2.740661621 -0.388452202 -0.007164548 0.921441078 100.806053162
0.915976107 -0.011066779 0.401080042 6.392299652 0.007388158 0.999915302 0.010717224 -2.752157211 -0.401164770 -0.006853478 0.915980220 101.295898438
0.911238194 -0.011866799 0.411708862 6.643379211 0.007961648 0.999905527 0.011198985 -2.773294926 -0.411802888 -0.006927062 0.911246598 101.790260315
0.905808508 -0.012457730 0.423504084 6.910652161 0.008552567 0.999901533 0.011120357 -2.778321266 -0.423600942 -0.006450867 0.905825973 102.299491882
0.899302065 -0.012509800 0.437149048 7.173896790 0.008478940 0.999901652 0.011171113 -2.791793108 -0.437245786 -0.006339644 0.899319708 102.790397644
0.893387437 -0.013132989 0.449095070 7.445613861 0.009043962 0.999895751 0.011248975 -2.798666477 -0.449196011 -0.005988094 0.893413067 103.291625977
0.887619138 -0.014074444 0.460363209 7.717510223 0.009924550 0.999885380 0.011433607 -2.806634426 -0.460471302 -0.005579791 0.887657166 103.775833130
0.880443811 -0.014593069 0.473925799 8.002464294 0.010583557 0.999882042 0.011126468 -2.808513641 -0.474032223 -0.004780410 0.880494416 104.283271790
0.873479843 -0.015480355 0.486614048 8.302654266 0.011036832 0.999867141 0.011996874 -2.827113152 -0.486735076 -0.005108350 0.873534799 104.737869263
0.867451429 -0.015721876 0.497273445 8.592464447 0.011270125 0.999864995 0.011952116 -2.839146852 -0.497394264 -0.004763545 0.867511511 105.200767517
