1.000000000 0.000000000 0.000000000 0.000000000 0.000000000 1.000000000 0.000000000 0.000000000 0.000000000 0.000000000 1.000000000 0.000000000
1.000000000 -0.000006840 0.000132018 -0.001415909 0.000006827 1.000000000 0.000099468 0.000327013 -0.000132019 -0.000099467 1.000000000 0.002154217
1.000000000 0.000108402 0.000051735 -0.000739226 -0.000108409 1.000000000 0.000132278 0.000491348 -0.000051721 -0.000132284 1.000000000 0.001702999
1.000000000 0.000174634 -0.000115689 0.000773958 -0.000174615 1.000000000 0.000162198 -0.000725401 0.000115717 -0.000162178 1.000000000 -0.001118756
0.999999940 0.000341778 0.000165311 -0.001699566 -0.000341790 0.999999940 0.000074137 0.000151491 -0.000165285 -0.000074193 1.000000000 0.000495400
1.000000000 0.000223064 -0.000024888 -0.000752787 -0.000223061 1.000000000 0.000098945 0.000161146 0.000024910 -0.000098940 1.000000000 -0.000593787
1.000000000 -0.000084266 0.000076434 -0.000015270 0.000084254 1.000000000 0.000158197 -0.000888844 -0.000076447 -0.000158190 1.000000000 -0.001044500
0.999999940 -0.000299318 0.000186364 -0.001463286 0.000299297 0.999999940 0.000114216 0.001104361 -0.000186399 -0.000114160 1.000000000 0.003521675
1.000000000 -0.000074328 0.000195555 -0.001054456 0.000074309 1.000000000 0.000098435 0.000511661 -0.000195563 -0.000098421 1.000000000 0.002387138
1.000000000 -0.000088631 0.000132449 -0.001024191 0.000088625 1.000000000 0.000048204 0.000762471 -0.000132453 -0.000048193 1.000000000 0.001527401
0.999999940 -0.000176658 0.000207219 -0.001092473 0.000176678 1.000000000 -0.000097520 0.002324706 -0.000207202 0.000097556 1.000000000 0.002742563
1.000000000 -0.000057590 0.000062200 -0.000283916 0.000057579 1.000000000 0.000167962 0.000122099 -0.000062209 -0.000167959 1.000000000 0.001703739
1.000000000 0.000057420 0.000174234 -0.002342476 -0.000057403 1.000000000 -0.000095524 0.002899861 -0.000174239 0.000095514 1.000000000 0.005180584
0.999999940 -0.000230310 0.000150655 -0.002075925 0.000230287 0.999999940 0.000150796 0.001006744 -0.000150690 -0.000150762 1.000000000 0.003472623
1.000000000 -0.000059045 0.000150124 -0.002103515 0.000059030 1.000000000 0.000105272 0.000690150 -0.000150130 -0.000105264 1.000000000 0.002511950
1.000000000 -0.000000611 0.000044198 -0.000466899 0.000000602 1.000000000 0.000213649 -0.000567081 -0.000044198 -0.000213649 1.000000000 0.000107700
1.000000000 -0.000211740 0.000066058 -0.001598837 0.000211739 1.000000000 0.000016926 0.001246193 -0.000066062 -0.000016912 1.000000000 0.002430907
0.999999940 0.000072224 0.000315781 -0.003065188 -0.000072249 1.000000000 0.000078599 0.001291287 -0.000315775 -0.000078621 0.999999940 0.003794535
0.999999940 0.000084180 0.000305323 -0.003218601 -0.000084203 1.000000000 0.000073064 0.001180733 -0.000305317 -0.000073090 0.999999940 0.003742236
1.000000000 0.000222850 0.000097066 -0.001495269 -0.000222862 0.999999940 0.000127574 0.000660898 -0.000097038 -0.000127596 1.000000000 0.002794981
0.999999940 0.000290901 0.000264364 -0.002492983 -0.000290952 0.999999940 0.000192912 0.000739578 -0.000264308 -0.000192988 0.999999940 0.003704672
0.999999881 0.000395877 0.000277445 -0.003104693 -0.000395927 0.999999881 0.000179397 -0.000242401 -0.000277373 -0.000179507 0.999999940 0.000895509
0.999999940 0.000271863 0.000250133 -0.001968816 -0.000271958 0.999999881 0.000379187 -0.001508500 -0.000250029 -0.000379255 0.999999881 0.000109358
0.999999940 0.000120362 0.000262160 -0.002075226 -0.000120431 0.999999940 0.000264479 -0.000476557 -0.000262128 -0.000264511 0.999999940 0.002874331
0.999999940 0.000267374 0.000272815 -0.002379086 -0.000267446 0.999999940 0.000262745 -0.000302957 -0.000272745 -0.000262817 0.999999940 0.001249819
1.000000000 -0.000004753 0.000183212 -0.001819502 0.000004749 1.000000000 0.000019055 0.002158895 -0.000183212 -0.000019054 1.000000000 0.004218779
0.999999940 0.000094582 0.000226130 -0.001458871 -0.000094608 1.000000000 0.000113999 0.000221182 -0.000226119 -0.000114021 0.999999940 -0.000710187
0.999999940 0.000146895 0.000226829 -0.001457116 -0.000146935 1.000000000 0.000176966 -0.000220208 -0.000226803 -0.000176999 0.999999940 0.001521946
0.999999940 0.000137405 0.000236574 -0.002797627 -0.000137401 1.000000000 -0.000017764 0.002281047 -0.000236576 0.000017732 1.000000000 0.003802471
1.000000000 -0.000106504 0.000117698 -0.001925387 0.000106491 1.000000000 0.000110120 0.002040714 -0.000117710 -0.000110108 1.000000000 0.004273670
1.000000000 -0.000101434 0.000145458 -0.001032246 0.000101430 1.000000000 0.000024228 0.001573772 -0.000145461 -0.000024213 1.000000000 0.002808771
1.000000000 -0.000181806 0.000113352 -0.001540893 0.000181786 0.999999940 0.000175517 0.001081331 -0.000113384 -0.000175496 1.000000000 0.003200287
1.000000000 -0.000074944 0.000188144 -0.001969125 0.000074935 1.000000000 0.000050565 0.001606477 -0.000188147 -0.000050551 1.000000000 0.003738370
0.999999940 -0.000026564 0.000284117 -0.001468745 0.000026552 1.000000000 0.000041247 0.001214843 -0.000284118 -0.000041239 0.999999940 0.002233633
1.000000000 -0.000023409 0.000170006 -0.001112880 0.000023385 1.000000000 0.000142479 -0.000192702 -0.000170009 -0.000142475 1.000000000 0.000168187
0.999999940 0.000259898 0.000248146 -0.001195026 -0.000259958 0.999999940 0.000240652 -0.000497132 -0.000248084 -0.000240717 0.999999940 -0.000441036
1.000000000 0.000045668 0.000136166 -0.001940670 -0.000045680 1.000000000 0.000088233 0.003455386 -0.000136162 -0.000088240 1.000000000 0.006362695
1.000000000 -0.000058057 0.000215225 -0.002623429 0.000058034 1.000000000 0.000107742 0.002740236 -0.000215232 -0.000107729 1.000000000 0.006833310
1.000000000 -0.000094408 0.000146402 -0.002199071 0.000094383 1.000000000 0.000169248 0.001540543 -0.000146418 -0.000169234 1.000000000 0.004509244
0.999999940 -0.000156014 0.000197583 -0.000674775 0.000155974 0.999999940 0.000200433 0.000351297 -0.000197615 -0.000200402 0.999999940 0.001201649
0.999999881 -0.000304028 0.000319635 -0.000995830 0.000304010 0.999999940 0.000056390 0.000898293 -0.000319652 -0.000056292 0.999999940 0.003113675
0.999999940 -0.000367457 0.000202584 0.001718239 0.000367574 0.999999762 -0.000577975 -0.001364621 -0.000202371 0.000578050 0.999999821 0.050664470
0.999999940 0.000274162 0.000279109 -0.001720113 -0.000273856 0.999999344 -0.001095789 -0.003780910 -0.000279409 0.001095712 0.999999344 0.137582630
1.000000000 0.000099365 0.000052037 0.001532664 -0.000099284 0.999998748 -0.001566617 -0.003752905 -0.000052192 0.001566612 0.999998748 0.255526245
1.000000000 0.000141635 -0.000195125 0.006853132 -0.000141857 0.999999344 -0.001134312 -0.011915172 0.000194965 0.001134340 0.999999344 0.383290172
0.999999940 0.000252163 0.000000183 0.008881594 -0.000252163 0.999999642 -0.000813522 -0.016867634 -0.000000388 0.000813522 0.999999642 0.523397505
1.000000000 0.000191188 -0.000019660 0.012673752 -0.000191198 0.999999821 -0.000542777 -0.026514033 0.000019556 0.000542780 0.999999881 0.670289159
1.000000000 0.000142946 0.000133289 0.017001590 -0.000142840 0.999999702 -0.000793755 -0.025465012 -0.000133402 0.000793736 0.999999702 0.835069358
1.000000000 -0.000047327 0.000000198 0.019941475 0.000047327 0.999999702 -0.000749491 -0.026226550 -0.000000163 0.000749491 0.999999702 1.014485359
0.999999940 0.000227750 0.000092572 0.022436194 -0.000227713 0.999999881 -0.000402233 -0.033138912 -0.000092664 0.000402212 0.999999940 1.189884305
0.999999881 0.000303254 0.000366385 0.020853782 -0.000303116 0.999999881 -0.000377136 -0.036882672 -0.000366500 0.000377025 0.999999881 1.376548886
0.999999821 0.000412346 0.000449435 0.033760872 -0.000412298 0.999999881 -0.000106751 -0.050923783 -0.000449479 0.000106565 0.999999881 1.564211726
1.000000000 -0.000118325 0.000197864 0.042023864 0.000118444 0.999999821 -0.000602048 -0.045413900 -0.000197793 0.000602071 0.999999821 1.775190234
0.999999940 -0.000226034 0.000100687 0.038131163 0.000226060 0.999999940 -0.000260266 -0.057959858 -0.000100628 0.000260289 0.999999881 1.929506183
0.999999702 0.000047875 0.000723616 0.035588380 -0.000047503 0.999999881 -0.000514199 -0.063299701 -0.000723641 0.000514164 0.999999583 2.132242680
0.999999940 -0.000145083 0.000155422 0.047541935 0.000145135 0.999999940 -0.000335750 -0.068158209 -0.000155373 0.000335772 0.999999881 2.355445147
1.000000000 -0.000168673 0.000127387 0.052478872 0.000168723 0.999999881 -0.000390831 -0.071284726 -0.000127321 0.000390853 0.999999940 2.572959423
1.000000000 0.000225107 0.000227071 0.055915412 -0.000225006 0.999999881 -0.000444290 -0.077707671 -0.000227171 0.000444239 0.999999821 2.802089930
0.999999821 -0.000449685 -0.000032210 0.065213636 0.000449682 0.999999821 -0.000067766 -0.088324174 0.000032240 0.000067751 1.000000000 3.033282042
0.999999583 -0.000908674 -0.000030926 0.074853249 0.000908657 0.999999404 -0.000530059 -0.089317098 0.000031408 0.000530031 0.999999881 3.277169466
0.999999762 -0.000553717 -0.000092087 0.079913013 0.000553716 0.999999762 -0.000006113 -0.104360454 0.000092090 0.000006062 1.000000000 3.507987261
0.999999702 -0.000667554 -0.000211939 0.090520859 0.000667423 0.999999523 -0.000618601 -0.101090506 0.000212352 0.000618460 0.999999821 3.784173727
0.999999762 -0.000595077 -0.000084801 0.089139044 0.000595043 0.999999702 -0.000401549 -0.111719348 0.000085040 0.000401498 0.999999940 4.042448044
0.999999881 -0.000497262 -0.000076330 0.088400304 0.000497272 0.999999881 0.000139283 -0.121506602 0.000076261 -0.000139320 1.000000000 4.278591633
0.999999940 -0.000372224 -0.000257347 0.096298419 0.000372104 0.999999821 -0.000465521 -0.124187529 0.000257520 0.000465425 0.999999881 4.537327766
0.999999464 -0.000985111 -0.000190358 0.103172988 0.000985063 0.999999523 -0.000250121 -0.132378563 0.000190605 0.000249934 0.999999940 4.793384552
0.999999523 -0.000916923 -0.000140725 0.110001341 0.000916855 0.999999404 -0.000476745 -0.136091813 0.000141162 0.000476616 0.999999821 5.051318645
0.999999523 -0.000991108 0.000149261 0.108124115 0.000991070 0.999999464 0.000252860 -0.152659893 -0.000149512 -0.000252712 0.999999940 5.298896790
0.999999702 -0.000817296 0.000214700 0.112458289 0.000817293 0.999999642 0.000013872 -0.154902622 -0.000214712 -0.000013697 1.000000000 5.574429035
0.999999464 -0.001008471 0.000074036 0.119801380 0.001008438 0.999999344 0.000440343 -0.165317789 -0.000074480 -0.000440268 0.999999881 5.841798306
0.999999702 -0.000749194 0.000005820 0.130667284 0.000749190 0.999999523 0.000512886 -0.178619102 -0.000006204 -0.000512882 0.999999821 6.110979080
0.999999881 -0.000264125 0.000415206 0.128860891 0.000264081 0.999999940 0.000105234 -0.181177422 -0.000415234 -0.000105124 0.999999940 6.380578995
0.999999523 -0.000942024 0.000250901 0.132552505 0.000941942 0.999999523 0.000327941 -0.191961542 -0.000251210 -0.000327704 0.999999940 6.672370911
0.999999344 -0.000975170 0.000444271 0.134422302 0.000974914 0.999999404 0.000574707 -0.198167518 -0.000444831 -0.000574273 0.999999821 6.973552704
0.999999166 -0.001298748 0.000166538 0.155867949 0.001298545 0.999998391 0.001213496 -0.217869312 -0.000168114 -0.001213279 0.999999166 7.246983051
0.999999404 -0.001086334 0.000265408 0.156617194 0.001086206 0.999999344 0.000480860 -0.218866542 -0.000265930 -0.000480572 0.999999881 7.584657669
0.999999762 -0.000567651 0.000433061 0.163842574 0.000567106 0.999999106 0.001257916 -0.240456879 -0.000433775 -0.001257670 0.999999106 7.885346889
0.999999642 -0.000788602 0.000102837 0.180780709 0.000788477 0.999998868 0.001212361 -0.244821355 -0.000103793 -0.001212280 0.999999285 8.198976517
0.999999046 -0.001171895 0.000697664 0.162156910 0.001171239 0.999998868 0.000939788 -0.253739655 -0.000698765 -0.000938970 0.999999344 8.513282776
0.999998689 -0.001235339 0.001028407 0.166979119 0.001233748 0.999998033 0.001546230 -0.264039278 -0.001030315 -0.001544959 0.999998331 8.849807739
0.999998868 -0.001220678 0.000796995 0.179157108 0.001219369 0.999997973 0.001640857 -0.281452686 -0.000798996 -0.001639883 0.999998391 9.171300888
0.999999166 -0.001010922 0.000679718 0.184756771 0.001010271 0.999998987 0.000956757 -0.277312547 -0.000680685 -0.000956069 0.999999344 9.550569534
0.999998927 -0.001257469 0.000694566 0.192297414 0.001256509 0.999998271 0.001381092 -0.293552846 -0.000696301 -0.001380218 0.999998868 9.881027222
0.999999106 -0.000971822 0.000910277 0.197472438 0.000970640 0.999998689 0.001298259 -0.307497770 -0.000911538 -0.001297374 0.999998748 10.225700378
0.999998868 -0.001106705 0.000984650 0.206135407 0.001104749 0.999997437 0.001985125 -0.323636740 -0.000986844 -0.001984036 0.999997556 10.575509071
0.999998689 -0.000684096 0.001453354 0.205978379 0.000681755 0.999998450 0.001610461 -0.328127056 -0.001454453 -0.001609468 0.999997675 10.942990303
0.999998689 -0.000665204 0.001422900 0.213019162 0.000663212 0.999998808 0.001400048 -0.337622076 -0.001423829 -0.001399102 0.999998033 11.336424828
0.999998569 -0.000763511 0.001464154 0.223498419 0.000762092 0.999999285 0.000969656 -0.342005610 -0.001464893 -0.000968539 0.999998510 11.720643044
0.999996603 -0.001924516 0.001727018 0.228249893 0.001922981 0.999997735 0.000890276 -0.351400673 -0.001728727 -0.000886952 0.999998152 12.113498688
0.999998391 -0.001130930 0.001373941 0.239512190 0.001129286 0.999998629 0.001197035 -0.366897613 -0.001375293 -0.001195481 0.999998331 12.497742653
0.999998152 -0.000975675 0.001634505 0.244314045 0.000974019 0.999999046 0.001014149 -0.372601539 -0.001635493 -0.001012555 0.999998152 12.896623611
0.999998152 -0.001105325 0.001561408 0.250552118 0.001103670 0.999998748 0.001060684 -0.385716408 -0.001562578 -0.001058959 0.999998152 13.288853645
0.999996960 -0.001574067 0.001891026 0.263764352 0.001571342 0.999997675 0.001441062 -0.397511810 -0.001893290 -0.001438087 0.999997139 13.694806099
0.999996960 -0.001163052 0.002178456 0.265093327 0.001160105 0.999998391 0.001353278 -0.406953990 -0.002180026 -0.001350747 0.999996722 14.115702629
0.999996543 -0.001541015 0.002105836 0.281268299 0.001538649 0.999998152 0.001124943 -0.419380367 -0.002107566 -0.001121699 0.999997139 14.542978287
0.999996483 -0.001669957 0.002090919 0.292526186 0.001666953 0.999997616 0.001437730 -0.429426819 -0.002093315 -0.001434239 0.999996841 14.975038528
0.999996543 -0.001248869 0.002302111 0.304000050 0.001245259 0.999997973 0.001568589 -0.445381850 -0.002304065 -0.001565717 0.999996126 15.408826828
0.999994338 -0.000731430 0.003274755 0.307602286 0.000727920 0.999999166 0.001073088 -0.455242217 -0.003275537 -0.001070698 0.999994040 15.845181465
0.999994934 -0.000999041 0.003022244 0.325065434 0.000995095 0.999998569 0.001306784 -0.468358099 -0.003023545 -0.001303770 0.999994516 16.287801743
0.999992669 -0.001060151 0.003690315 0.332131177 0.001055724 0.999998629 0.001201364 -0.480294973 -0.003691584 -0.001197460 0.999992430 16.731027603
0.999992788 -0.001097420 0.003639564 0.343831599 0.001092568 0.999998510 0.001334906 -0.492753237 -0.003641024 -0.001330919 0.999992490 17.186912537
0.999989808 -0.000901446 0.004422925 0.349953502 0.000894554 0.999998391 0.001559863 -0.504239619 -0.004424324 -0.001555891 0.999989033 17.651512146
0.999988437 -0.000563299 0.004778672 0.361705899 0.000554353 0.999998093 0.001873225 -0.520720899 -0.004779718 -0.001870554 0.999986768 18.112266541
0.999988794 -0.001274204 0.004542843 0.370237321 0.001264524 0.999996901 0.002132887 -0.535024762 -0.004545547 -0.002127119 0.999987364 18.569557190
0.999989033 -0.001040177 0.004568337 0.385313928 0.001030803 0.999997377 0.002053831 -0.546596825 -0.004570461 -0.002049100 0.999987423 19.041648865
0.999985337 -0.001246908 0.005268213 0.398989737 0.001238527 0.999997973 0.001593854 -0.555100918 -0.005270190 -0.001587306 0.999984860 19.522209167
0.999987066 -0.000268405 0.005065792 0.402629822 0.000259841 0.999998510 0.001691196 -0.572553217 -0.005066239 -0.001689858 0.999985754 20.010313034
0.999985456 -0.000429706 0.005365071 0.401988983 0.000419542 0.999998093 0.001895390 -0.580527067 -0.005365876 -0.001893112 0.999983728 20.499120712
0.999988735 -0.000739971 0.004689080 0.414280891 0.000733366 0.999998689 0.001410151 -0.585560560 -0.004690118 -0.001406696 0.999987960 21.009939194
0.999989390 -0.000372930 0.004572887 0.423214614 0.000367650 0.999999225 0.001155285 -0.593997061 -0.004573315 -0.001153592 0.999988854 21.511951447
0.999985337 -0.000341696 0.005410801 0.413073957 0.000331829 0.999998271 0.001824382 -0.618610561 -0.005411415 -0.001822560 0.999983609 21.998668671
0.999992132 -0.000469793 0.003939683 0.438589513 0.000460722 0.999997199 0.002303162 -0.637721241 -0.003940753 -0.002301329 0.999989510 22.510253906
0.999994636 -0.000481636 0.003252314 0.451374918 0.000475201 0.999997973 0.001979061 -0.651795447 -0.003253260 -0.001977505 0.999992669 23.027725220
0.999996185 0.000109686 0.002757559 0.462242335 -0.000115905 0.999997497 0.002255060 -0.671379387 -0.002757303 -0.002255372 0.999993622 23.557542801
0.999995828 -0.000455367 0.002846094 0.463255554 0.000450741 0.999998629 0.001625811 -0.681396484 -0.002846830 -0.001624522 0.999994576 24.063905716
0.999998748 -0.000748212 0.001407460 0.483529449 0.000745033 0.999997199 0.002257851 -0.694299340 -0.001409145 -0.002256799 0.999996483 24.600227356
0.999998450 -0.000068437 0.001775434 0.486343503 0.000064992 0.999998152 0.001940348 -0.703212500 -0.001775563 -0.001940230 0.999996543 25.141050339
0.999997616 0.000801083 0.002025891 0.482944161 -0.000805045 0.999997735 0.001955797 -0.714587748 -0.002024319 -0.001957423 0.999996066 25.699481964
0.999999940 -0.000074501 0.000371597 0.496496052 0.000073701 0.999997675 0.002155139 -0.730794489 -0.000371756 -0.002155111 0.999997616 26.230829239
1.000000000 -0.000351206 0.000217501 0.508223474 0.000350561 0.999995589 0.002959085 -0.751094699 -0.000218540 -0.002959009 0.999995589 26.770708084
0.999999940 -0.000002326 -0.000404573 0.526481688 0.000003579 0.999995232 0.003098488 -0.770907104 0.000404564 -0.003098489 0.999995112 27.316007614
0.999999881 -0.000106377 -0.000677196 0.526475489 0.000108044 0.999996960 0.002462012 -0.773808658 0.000676932 -0.002462085 0.999996722 27.882003784
0.999999404 0.000850406 -0.000633752 0.528783441 -0.000848826 0.999996543 0.002488806 -0.784901738 0.000635866 -0.002488266 0.999996603 28.426073074
0.999999762 0.000251141 -0.000633691 0.544144869 -0.000249290 0.999995708 0.002920211 -0.808314025 0.000634421 -0.002920053 0.999995470 28.953327179
0.999999225 0.000364107 -0.001133167 0.551329494 -0.000361044 0.999996305 0.002702385 -0.819656432 0.001134147 -0.002701974 0.999995708 29.524160385
0.999999106 0.000499561 -0.001209618 0.555806518 -0.000496055 0.999995649 0.002897071 -0.832642555 0.001211060 -0.002896468 0.999995112 30.074913025
0.999999285 0.000385701 -0.001143290 0.565973759 -0.000382712 0.999996543 0.002613893 -0.844670653 0.001144294 -0.002613453 0.999995947 30.626365662
0.999998927 0.000912776 -0.001170679 0.568381906 -0.000909649 0.999996006 0.002670072 -0.862420321 0.001173111 -0.002669004 0.999995768 31.153888702
0.999999106 0.000626028 -0.001199449 0.576469660 -0.000622498 0.999995470 0.002941165 -0.873915672 0.001201285 -0.002940415 0.999994993 31.705558777
0.999998987 0.000735394 -0.001221561 0.590245068 -0.000731579 0.999994874 0.003120389 -0.892517209 0.001223849 -0.003119492 0.999994457 32.233844757
0.999998212 0.000333407 -0.001859584 0.591653943 -0.000327556 0.999994993 0.003145544 -0.905782282 0.001860624 -0.003144929 0.999993324 32.800399780
0.999998033 0.000412118 -0.001953088 0.600228786 -0.000406744 0.999996185 0.002751261 -0.918603182 0.001954214 -0.002750461 0.999994278 33.348724365
0.999997973 0.000585254 -0.001899696 0.618722916 -0.000580232 0.999996305 0.002643045 -0.932542324 0.001901236 -0.002641937 0.999994695 33.880153656
0.999996781 0.000565775 -0.002464663 0.620774269 -0.000557051 0.999993503 0.003538649 -0.950438142 0.002466650 -0.003537264 0.999990702 34.424060822
0.999996483 0.000937431 -0.002479365 0.626627684 -0.000929630 0.999994576 0.003145578 -0.958692312 0.002482301 -0.003143262 0.999992013 34.984588623
0.999995649 0.000704538 -0.002879702 0.645187378 -0.000697657 0.999996841 0.002389926 -0.965572238 0.002881376 -0.002387906 0.999992967 35.537750244
0.999995172 0.001124499 -0.002903880 0.641662955 -0.001116629 0.999995649 0.002710362 -0.977914810 0.002906915 -0.002707106 0.999992132 36.070697784
0.999994695 0.001104752 -0.003060218 0.652612448 -0.001097244 0.999996364 0.002453755 -0.988490105 0.003062918 -0.002450384 0.999992311 36.623840332
0.999994755 0.000779779 -0.003157988 0.663547575 -0.000772574 0.999997079 0.002282002 -1.002495646 0.003159758 -0.002279551 0.999992430 37.165859222
0.999995768 0.001041076 -0.002709446 0.665527821 -0.001034167 0.999996185 0.002550217 -1.018911719 0.002712091 -0.002547404 0.999993026 37.730079651
0.999996245 0.001024553 -0.002533899 0.671192229 -0.001018648 0.999996722 0.002330630 -1.030980587 0.002536279 -0.002328040 0.999994040 38.280078888
0.999993920 0.001221921 -0.003281584 0.688103676 -0.001211917 0.999994636 0.003048917 -1.053747535 0.003285293 -0.003044921 0.999989986 38.823543549
0.999993384 0.001491962 -0.003321558 0.694758594 -0.001482569 0.999994814 0.002828420 -1.068698049 0.003325762 -0.002823477 0.999990463 39.341121674
0.999994099 0.001138794 -0.003214682 0.704592824 -0.001127844 0.999993563 0.003406151 -1.086080194 0.003218541 -0.003402506 0.999989033 39.910987854
0.999994099 0.001144479 -0.003230537 0.722745419 -0.001131673 0.999991536 0.003963027 -1.109587193 0.003235044 -0.003959348 0.999986947 40.433757782
0.999994040 0.000856465 -0.003345729 0.735254049 -0.000846390 0.999995172 0.003011698 -1.107517242 0.003348293 -0.003008849 0.999989808 41.006786346
0.999993324 0.001246647 -0.003465890 0.727421820 -0.001237406 0.999995649 0.002667107 -1.115139604 0.003469199 -0.002662800 0.999990463 41.552764893
0.999990880 0.000775445 -0.004212317 0.750463486 -0.000762558 0.999994993 0.003060048 -1.137764096 0.004214668 -0.003056807 0.999986470 42.087093353
0.999992907 0.000779294 -0.003693643 0.753462553 -0.000768097 0.999995112 0.003031882 -1.145666122 0.003695988 -0.003029023 0.999988556 42.639167786
0.999992609 0.001768127 -0.003409890 0.744182229 -0.001758340 0.999994278 0.002870972 -1.153487325 0.003414947 -0.002864955 0.999990046 43.215969086
0.999994516 0.001075443 -0.003125873 0.751721442 -0.001067395 0.999996066 0.002575128 -1.166847467 0.003128631 -0.002571777 0.999991775 43.766365051
0.999993443 0.001123684 -0.003450661 0.759759605 -0.001113119 0.999994695 0.003062353 -1.179864407 0.003454084 -0.003058492 0.999989331 44.304656982
0.999994874 0.001526578 -0.002793694 0.752789974 -0.001519474 0.999995589 0.002543463 -1.187574029 0.002797565 -0.002539205 0.999992847 44.839538574
0.999995589 0.001196407 -0.002724801 0.768949926 -0.001187068 0.999993443 0.003426343 -1.221597672 0.002728883 -0.003423094 0.999990404 45.407772064
0.999996364 0.000631924 -0.002606578 0.781581283 -0.000623607 0.999994755 0.003190272 -1.233621716 0.002608581 -0.003188635 0.999991477 45.956066132
0.999996722 0.000413630 -0.002530416 0.789170682 -0.000406305 0.999995887 0.002894476 -1.246586204 0.002531603 -0.002893439 0.999992549 46.480365753
0.999993622 0.001612402 -0.003185455 0.809246182 -0.001601225 0.999992549 0.003508243 -1.264315605 0.003191087 -0.003503120 0.999988794 47.043365479
0.999994516 0.001523608 -0.002940019 0.811228752 -0.001514006 0.999993503 0.003265476 -1.271047473 0.002944975 -0.003261007 0.999990344 47.581024170
0.999995649 0.001576820 -0.002492894 0.810532033 -0.001568744 0.999993503 0.003238505 -1.283297420 0.002497985 -0.003234580 0.999991655 48.119152069
0.999995291 0.001214253 -0.002827772 0.824855983 -0.001203638 0.999992251 0.003752707 -1.303655982 0.002832307 -0.003749285 0.999988973 48.690540314
0.999995410 0.000962470 -0.002899576 0.834465325 -0.000951214 0.999992073 0.003881082 -1.319616914 0.002903289 -0.003878306 0.999988258 49.233894348
0.999996126 0.000853660 -0.002649069 0.844568312 -0.000844340 0.999993443 0.003517129 -1.325488567 0.002652054 -0.003514878 0.999990284 49.788608551
0.999995232 0.000680863 -0.003007249 0.856833935 -0.000667702 0.999990225 0.004375421 -1.350293875 0.003010199 -0.004373393 0.999985874 50.332599640
0.999996722 0.000747847 -0.002436230 0.862182975 -0.000737434 0.999990642 0.004272283 -1.366409421 0.002439402 -0.004270472 0.999987841 50.874771118
0.999996364 0.001053722 -0.002494524 0.866933048 -0.001042220 0.999988854 0.004607482 -1.383818150 0.002499351 -0.004604865 0.999986291 51.417552948
0.999993861 0.001009761 -0.003363855 0.883413434 -0.000995645 0.999990702 0.004195605 -1.391150832 0.003368061 -0.004192231 0.999985516 51.976211548
0.999995649 0.000682624 -0.002891520 0.892520905 -0.000672257 0.999993324 0.003584705 -1.399547696 0.002893947 -0.003582745 0.999989450 52.529155731
0.999997079 0.000348925 -0.002385347 0.882341266 -0.000338661 0.999990642 0.004302119 -1.415235996 0.002386826 -0.004301299 0.999987900 53.052967072
0.999995589 0.001027822 -0.002793848 0.895710528 -0.001016089 0.999990702 0.004197967 -1.431198359 0.002798137 -0.004195109 0.999987304 53.621185303
0.999995947 0.000979586 -0.002678058 0.910135627 -0.000968823 0.999991536 0.004017161 -1.442359567 0.002681970 -0.004014550 0.999988317 54.162086487
0.999996126 0.001288947 -0.002437882 0.906748176 -0.001279798 0.999992132 0.003751107 -1.457413793 0.002442698 -0.003747973 0.999990046 54.697883606
0.999995232 0.000824202 -0.002965592 0.926707804 -0.000813615 0.999993324 0.003569587 -1.467806816 0.002968513 -0.003567157 0.999989212 55.253883362
0.999995828 0.000937794 -0.002730974 0.935025811 -0.000928095 0.999993265 0.003550499 -1.480917096 0.002734284 -0.003547950 0.999989986 55.802951813
0.999994755 0.000793594 -0.003177417 0.936601758 -0.000781002 0.999991834 0.003962142 -1.493090868 0.003180536 -0.003959639 0.999987125 56.330059052
0.999996126 0.000579246 -0.002734888 0.950542688 -0.000567935 0.999991298 0.004134675 -1.510846376 0.002737259 -0.004133107 0.999987721 56.864547729
0.999995053 0.000426762 -0.003112466 0.962590337 -0.000415582 0.999993443 0.003591608 -1.516204357 0.003113979 -0.003590296 0.999988735 57.431179047
0.999995708 0.000885791 -0.002805693 0.968214273 -0.000874868 0.999992073 0.003891702 -1.534585476 0.002809118 -0.003889230 0.999988496 57.982635498
0.999995828 0.000762355 -0.002807960 0.980998933 -0.000752801 0.999993920 0.003402128 -1.543246746 0.002810537 -0.003400000 0.999990284 58.525875092
0.999995470 0.000969688 -0.002826582 0.986021638 -0.000961131 0.999994934 0.003027158 -1.549336910 0.002829504 -0.003024428 0.999991417 59.063999176
0.999996185 0.001291114 -0.002418968 0.992634296 -0.001283915 0.999994755 0.002975016 -1.563232303 0.002422796 -0.002971899 0.999992669 59.611839294
0.999996483 0.000953841 -0.002455149 1.005065203 -0.000948297 0.999996960 0.002258095 -1.568823338 0.002457295 -0.002255759 0.999994457 60.173408508
0.999994814 0.000753105 -0.003134823 1.014242053 -0.000742979 0.999994457 0.003230264 -1.589549065 0.003137240 -0.003227918 0.999989867 60.686927795
0.999994218 0.001180216 -0.003197616 1.029302001 -0.001169827 0.999994040 0.003248723 -1.606539845 0.003201431 -0.003244964 0.999989569 61.234039307
0.999993503 0.000636685 -0.003543433 1.046462059 -0.000624801 0.999994159 0.003353951 -1.623120427 0.003545549 -0.003351715 0.999988079 61.784309387
0.999992609 0.000509852 -0.003800067 1.052636266 -0.000500075 0.999996603 0.002573421 -1.625751495 0.003801367 -0.002571502 0.999989450 62.310226440
0.999994218 0.000838130 -0.003303978 1.058128953 -0.000828970 0.999995828 0.002772475 -1.642856956 0.003306288 -0.002769719 0.999990702 62.845218658
0.999995589 0.000960585 -0.002810437 1.061224461 -0.000952287 0.999995172 0.002952291 -1.653025627 0.002813260 -0.002949602 0.999991655 63.394863129
0.999994874 0.001720117 -0.002713298 1.064779520 -0.001713091 0.999995232 0.002589729 -1.670523405 0.002717740 -0.002585068 0.999992907 63.940055847
0.999994397 0.000954060 -0.003200258 1.076613665 -0.000945737 0.999996126 0.002601383 -1.688010931 0.003202727 -0.002598342 0.999991536 64.473129272
0.999993563 0.001660536 -0.003214950 1.095438957 -0.001651300 0.999994516 0.002873696 -1.696578979 0.003219704 -0.002868369 0.999990702 65.016853333
0.999994218 0.001510311 -0.003057805 1.106213689 -0.001502649 0.999995708 0.002506586 -1.710690737 0.003061577 -0.002501977 0.999992192 65.568321228
0.999993205 0.001820260 -0.003211982 1.114098907 -0.001811438 0.999994636 0.002747361 -1.724441886 0.003216966 -0.002741524 0.999991059 66.105407715
0.999995232 0.001665967 -0.002597925 1.120693922 -0.001656994 0.999992669 0.003452335 -1.741806746 0.002603658 -0.003448013 0.999990642 66.636589050
0.999994516 0.001325160 -0.003028206 1.120487094 -0.001317588 0.999995947 0.002500688 -1.747893095 0.003031508 -0.002496685 0.999992251 67.193885803
0.999994636 0.001095705 -0.003055375 1.130740643 -0.001089783 0.999997497 0.001939113 -1.757068276 0.003057491 -0.001935773 0.999993443 67.745216370
0.999994040 0.001630161 -0.003024107 1.139015436 -0.001622274 0.999995291 0.002608835 -1.782296181 0.003028345 -0.002603914 0.999992073 68.290748596
0.999996543 0.001405864 -0.002210366 1.136356235 -0.001400066 0.999995530 0.002622743 -1.796754241 0.002214042 -0.002619639 0.999994099 68.837860107
0.999994099 0.001909345 -0.002857727 1.156618118 -0.001902982 0.999995708 0.002227605 -1.802144408 0.002861967 -0.002222154 0.999993443 69.356849670
0.999995649 0.001704106 -0.002404971 1.163975239 -0.001699475 0.999996781 0.001926635 -1.812315345 0.002408246 -0.001922539 0.999995291 69.904121399
0.999996126 0.002185071 -0.001713665 1.167080522 -0.002181830 0.999995768 0.001891140 -1.824890018 0.001717790 -0.001887394 0.999996722 70.447723389
0.999995172 0.001448789 -0.002744853 1.185817957 -0.001443720 0.999997258 0.001848002 -1.839330435 0.002747522 -0.001844030 0.999994516 70.984207153
0.999992788 0.002221624 -0.003087738 1.197157502 -0.002215316 0.999995470 0.002044935 -1.856437683 0.003092267 -0.002038080 0.999993145 71.527458191
0.999993145 0.001962287 -0.003137438 1.208821297 -0.001956015 0.999996126 0.002001001 -1.871412039 0.003141352 -0.001994850 0.999993026 72.077957153
0.999994218 0.002409864 -0.002411085 1.209647775 -0.002405009 0.999994993 0.002014334 -1.886812806 0.002415927 -0.002008524 0.999995053 72.615432739
0.999996722 0.001090792 -0.002316335 1.222655773 -0.001085715 0.999996960 0.002192074 -1.906226516 0.002318719 -0.002189551 0.999994934 73.152587891
0.999993622 0.002359044 -0.002708506 1.228124857 -0.002352054 0.999993920 0.002581460 -1.920881271 0.002714579 -0.002575073 0.999993026 73.710342407
0.999995589 0.001992058 -0.002213346 1.232055902 -0.001986911 0.999995351 0.002324699 -1.932848692 0.002217967 -0.002320291 0.999994814 74.223770142
0.999994636 0.001381623 -0.003006576 1.251803517 -0.001373369 0.999995291 0.002745369 -1.948059201 0.003010354 -0.002741224 0.999991715 74.767791748
0.999995172 0.001500086 -0.002720705 1.256844521 -0.001493071 0.999995589 0.002578346 -1.961497903 0.002724560 -0.002574271 0.999992967 75.292068481
0.999996126 0.000925262 -0.002637944 1.271421909 -0.000918788 0.999996543 0.002454415 -1.978779316 0.002640207 -0.002451982 0.999993443 75.826507568
0.999995947 0.001239115 -0.002529879 1.277620912 -0.001232125 0.999995410 0.002762226 -1.993783712 0.002533290 -0.002759097 0.999992967 76.385032654
0.999996424 0.000839561 -0.002529729 1.288053513 -0.000833616 0.999996841 0.002350056 -2.007757664 0.002531694 -0.002347938 0.999994040 76.939407349
0.999996006 0.001646183 -0.002268164 1.297881484 -0.001641758 0.999996781 0.001951573 -2.014486313 0.002271369 -0.001947841 0.999995470 77.493896484
0.999995589 0.000901966 -0.002833809 1.299322724 -0.000895104 0.999996662 0.002421386 -2.031767607 0.002835984 -0.002418838 0.999993026 77.998123169
0.999996901 0.001607433 -0.001931675 1.303955793 -0.001603992 0.999997139 0.001781192 -2.040447474 0.001934533 -0.001778088 0.999996543 78.551055908
0.999997139 0.000992806 -0.002186031 1.328477859 -0.000987453 0.999996483 0.002448673 -2.058783293 0.002188454 -0.002446507 0.999994576 79.091827393
0.999996722 0.001733422 -0.001891782 1.312785029 -0.001729840 0.999996662 0.001893685 -2.066846132 0.001895057 -0.001890406 0.999996424 79.632415771
0.999996364 0.001193016 -0.002408042 1.336131096 -0.001187843 0.999996960 0.002148508 -2.084731817 0.002410597 -0.002145639 0.999994814 80.164085388
0.999998689 0.000884020 -0.001375615 1.348803639 -0.000880858 0.999996960 0.002297121 -2.098420382 0.001377641 -0.002295906 0.999996424 80.709877014
0.999999344 0.001177907 -0.000011758 1.357804418 -0.001177884 0.999997735 0.001802854 -2.110898972 0.000013881 -0.001802839 0.999998450 81.246200562
0.999997914 0.001646095 0.001209559 1.366116643 -0.001648880 0.999996006 0.002304298 -2.130759716 -0.001205761 -0.002306288 0.999996603 81.792549133
0.999996126 0.001328264 0.002436784 1.381981611 -0.001332517 0.999997675 0.001744405 -2.139281273 -0.002434461 -0.001747646 0.999995530 82.340820312
0.999980748 0.001349314 0.006056202 1.397597313 -0.001362729 0.999996603 0.002211587 -2.158969641 -0.006053197 -0.002219798 0.999979198 82.880546570
0.999950826 0.000629603 0.009898232 1.414655924 -0.000644107 0.999998748 0.001462160 -2.164361477 -0.009897299 -0.001468464 0.999949932 83.422874451
0.999919772 0.000719629 0.012647844 1.430944681 -0.000748194 0.999997199 0.002253943 -2.184816122 -0.012646186 -0.002263225 0.999917448 83.970298767
0.999856412 0.001023647 0.016913520 1.464193225 -0.001064118 0.999996603 0.002383930 -2.205772638 -0.016911022 -0.002401586 0.999854088 84.517021179
0.999725401 0.000980263 0.023413073 1.476552486 -0.001036658 0.999996603 0.002396654 -2.210994005 -0.023410644 -0.002420268 0.999722958 85.065391541
0.999569952 0.001060717 0.029301636 1.508215308 -0.001145021 0.999995232 0.002860468 -2.229923725 -0.029298462 -0.002892790 0.999566436 85.608528137
0.999395609 0.000418978 0.034759238 1.541501403 -0.000495005 0.999997437 0.002178715 -2.231981516 -0.034758240 -0.002194604 0.999393344 86.168251038
0.999054372 -0.000108373 0.043475837 1.577792406 0.000022052 0.999997973 0.001985991 -2.242221832 -0.043475963 -0.001983154 0.999052525 86.717971802
0.998681784 -0.000244526 0.051328897 1.625742197 0.000145785 0.999998152 0.001927415 -2.259054422 -0.051329274 -0.001917391 0.998679936 87.273086548
0.998321474 -0.000681392 0.057910748 1.676887274 0.000548124 0.999997199 0.002317105 -2.275683641 -0.057912163 -0.002281474 0.998319030 87.812339783
0.997723222 -0.000437187 0.067439854 1.722120285 0.000262009 0.999996543 0.002606357 -2.292819023 -0.067440771 -0.002582753 0.997720063 88.367355347
0.996980309 0.000738477 0.077651121 1.786420345 -0.000948723 0.999996006 0.002670715 -2.307866096 -0.077648833 -0.002736320 0.996977091 88.895462036
0.996300578 -0.000619358 0.085934579 1.855665207 0.000416380 0.999997020 0.002379915 -2.318951845 -0.085935809 -0.002335329 0.996297956 89.445823669
0.995562077 -0.001091775 0.094100781 1.916387081 0.000917410 0.999997795 0.001896205 -2.328070879 -0.094102651 -0.001801461 0.995560884 90.022262573
0.994442582 -0.000926560 0.105276816 1.990803242 0.000717005 0.999997735 0.002028345 -2.337406158 -0.105278455 -0.001941589 0.994440973 90.566291809
0.993250072 -0.000663983 0.115990922 2.065568924 0.000415291 0.999997556 0.002168217 -2.357302666 -0.115992062 -0.002105411 0.993247926 91.126480103
0.992123783 -0.001468975 0.125252351 2.152973175 0.001225346 0.999997199 0.002022119 -2.371220827 -0.125254974 -0.001852716 0.992122889 91.670028687
0.990661800 -0.001585020 0.136333093 2.246530533 0.001279985 0.999996424 0.002325059 -2.385986328 -0.136336312 -0.002128843 0.990660310 92.218734741
0.988929152 -0.001333116 0.148382351 2.351278305 0.001008114 0.999996901 0.002265490 -2.401582956 -0.148384929 -0.002090823 0.988927424 92.783409119
0.987253785 -0.001740195 0.159144044 2.458696365 0.001324493 0.999995351 0.002718141 -2.420195818 -0.159148067 -0.002472710 0.987251580 93.328765869
0.985517144 -0.001985759 0.169564068 2.568665504 0.001610699 0.999995887 0.002349438 -2.426091909 -0.169568062 -0.002042295 0.985516310 93.855781555
0.983124614 -0.002214795 0.182923481 2.681780815 0.001789654 0.999995291 0.002489191 -2.439253092 -0.182928145 -0.002119815 0.983123958 94.387855530
0.980813622 -0.002435343 0.194932640 2.821797371 0.001928182 0.999994218 0.002791431 -2.458836794 -0.194938347 -0.002362009 0.980812669 94.932273865
0.978657961 -0.003009317 0.205473900 2.947793961 0.002622033 0.999994218 0.002157090 -2.462833881 -0.205479220 -0.001572294 0.978660345 95.470771790
0.975849211 -0.002695830 0.218428910 3.097763062 0.002084069 0.999993205 0.003031077 -2.487560749 -0.218435600 -0.002502653 0.975848258 95.992965698
0.972750008 -0.003344837 0.231832370 3.235702515 0.002723066 0.999991775 0.003001942 -2.497910738 -0.231840521 -0.002288845 0.972751081 96.542274475
0.969946146 -0.003523003 0.243294224 3.385416031 0.002881831 0.999991357 0.002991244 -2.509752989 -0.243302658 -0.002200213 0.969947934 97.077423096
0.966836810 -0.003498371 0.255371332 3.539926529 0.002853621 0.999991775 0.002895222 -2.524692774 -0.255379349 -0.002070474 0.966838717 97.601058960
0.963042378 -0.004309888 0.269315362 3.696643829 0.003526216 0.999988019 0.003393573 -2.541796446 -0.269326717 -0.002318491 0.963046074 98.136482239
0.959406137 -0.004039281 0.281998903 3.869070053 0.003190123 0.999988854 0.003470270 -2.555406570 -0.282009751 -0.002429788 0.959408402 98.667373657
0.956159830 -0.004329652 0.292813361 4.049022675 0.003446961 0.999987841 0.003530418 -2.570408344 -0.292825073 -0.002366327 0.956163049 99.181678772
0.951680958 -0.004922405 0.307048827 4.225891113 0.003921260 0.999984801 0.003877365 -2.590030432 -0.307063252 -0.002485996 0.951685846 99.714508057
0.947168887 -0.005533617 0.320687503 4.421428680 0.004658075 0.999983013 0.003497297 -2.596976280 -0.320701391 -0.001818745 0.947178602 100.227050781
0.943155169 -0.006050752 0.332297415 4.620777130 0.005079481 0.999979913 0.003791454 -2.607179165 -0.332313687 -0.001888031 0.943166971 100.737091064
0.938404024 -0.006429043 0.345480174 4.829603195 0.005556423 0.999978364 0.003516073 -2.617336750 -0.345495343 -0.001379864 0.938419461 101.254913330
0.933140159 -0.006274749 0.359458178 5.056449890 0.005336108 0.999979258 0.003603430 -2.632352114 -0.359473318 -0.001444397 0.933154285 101.757324219
0.928288102 -0.006964558 0.371796489 5.278650284 0.005851822 0.999974370 0.004121079 -2.650788069 -0.371815622 -0.001649862 0.928305149 102.297286987
0.923587084 -0.007698028 0.383311510 5.511163712 0.006848248 0.999970138 0.003581538 -2.662893534 -0.383327603 -0.000682851 0.923612237 102.796394348
0.917562604 -0.007321052 0.397524029 5.747612000 0.006156739 0.999972165 0.004205170 -2.680108309 -0.397543728 -0.001411055 0.917582154 103.275573730
0.911721170 -0.008770306 0.410715818 5.986495972 0.007943650 0.999961495 0.003719296 -2.673113823 -0.410732657 -0.000128378 0.911755800 103.799911499
0.906663120 -0.008219764 0.421775103 6.237808228 0.007134646 0.999965966 0.004150935 -2.694302320 -0.421794802 -0.000754283 0.906691074 104.278472900
0.900451124 -0.009076457 0.434862763 6.505802155 0.008080132 0.999958813 0.004139972 -2.706141949 -0.434882462 -0.000214093 0.900487244 104.778411865
0.893944919 -0.009353746 0.448079169 6.778263092 0.008324630 0.999956250 0.004266157 -2.722518921 -0.448099405 -0.000083616 0.893983722 105.256904602
0.887844443 -0.010739873 0.460018516 7.040924072 0.009571856 0.999942422 0.004871404 -2.738483429 -0.460044324 0.000078183 0.887895942 105.725021362
0.881797016 -0.011125622 0.471497923 7.312484741 0.010267308 0.999937594 0.004392909 -2.738092422 -0.471517384 0.000967359 0.881856203 106.239707947
0.874342382 -0.011187797 0.485180646 7.598720551 0.010443209 0.999936461 0.004237900 -2.746204376 -0.485197276 0.001361468 0.874403656 106.714973450
