1.000000000 0.000000000 0.000000000 0.000000000 0.000000000 1.000000000 0.000000000 0.000000000 0.000000000 0.000000000 1.000000000 0.000000000
1.000000000 0.000022688 -0.000021277 0.000444024 -0.000022689 1.000000000 -0.000038032 0.000772561 0.000021276 0.000038033 1.000000000 0.000389112
1.000000000 -0.000000051 0.000044741 -0.000089114 0.000000049 1.000000000 0.000043010 0.000027386 -0.000044741 -0.000043010 1.000000000 0.000100711
1.000000000 -0.000089552 0.000013539 0.000177838 0.000089553 1.000000000 -0.000028059 0.000751200 -0.000013537 0.000028060 1.000000000 0.000047130
1.000000000 -0.000147722 0.000043126 -0.000102184 0.000147721 1.000000000 0.000026529 -0.000153966 -0.000043129 -0.000026523 1.000000000 -0.000583808
1.000000000 0.000026838 0.000119533 -0.000470725 -0.000026834 1.000000000 -0.000028211 0.000828462 -0.000119534 0.000028208 1.000000000 0.000064216
1.000000000 -0.000101305 0.000075731 0.000150985 0.000101306 1.000000000 -0.000002879 0.000477083 -0.000075731 0.000002886 1.000000000 0.000236659
1.000000000 0.000001805 0.000067683 -0.000531041 -0.000001811 1.000000000 0.000084230 -0.000078881 -0.000067683 -0.000084230 1.000000000 -0.000107449
1.000000000 -0.000034949 -0.000001989 -0.000720281 0.000034949 1.000000000 -0.000083410 -0.000085852 0.000001992 0.000083410 1.000000000 -0.001089004
1.000000000 -0.000048535 0.000078809 -0.000086779 0.000048532 1.000000000 0.000040839 -0.000729291 -0.000078811 -0.000040835 1.000000000 -0.000421632
1.000000000 0.000072025 0.000053060 -0.000834139 -0.000072028 1.000000000 0.000056691 -0.000900450 -0.000053056 -0.000056695 1.000000000 -0.000636311
1.000000000 -0.000032547 0.000074146 -0.001062350 0.000032544 1.000000000 0.000041755 -0.000387704 -0.000074148 -0.000041752 1.000000000 -0.000985484
1.000000000 0.000052312 0.000033670 -0.000812484 -0.000052309 1.000000000 -0.000075657 -0.000338567 -0.000033674 0.000075655 1.000000000 -0.001540427
1.000000000 0.000042957 0.000068128 -0.000994257 -0.000042956 1.000000000 -0.000025986 0.000493838 -0.000068129 0.000025983 1.000000000 0.000290964
1.000000000 0.000029414 0.000047732 -0.000966583 -0.000029408 1.000000000 -0.000116081 0.001249618 -0.000047735 0.000116079 1.000000000 0.000885409
1.000000000 -0.000018165 -0.000039589 0.000386714 0.000018162 1.000000000 -0.000083771 0.001315245 0.000039591 0.000083771 1.000000000 0.001332429
1.000000000 0.000087880 0.000107087 -0.001003645 -0.000087863 1.000000000 -0.000158044 0.002313331 -0.000107101 0.000158034 1.000000000 0.002549618
1.000000000 0.000169208 0.000079545 -0.001305464 -0.000169195 1.000000000 -0.000166383 0.001871200 -0.000079573 0.000166370 1.000000000 0.001594557
0.999999940 0.000189385 0.000158147 -0.001494689 -0.000189369 1.000000000 -0.000100052 0.002108538 -0.000158166 0.000100022 1.000000000 0.002456966
1.000000000 0.000105253 0.000154059 -0.001438660 -0.000105238 1.000000000 -0.000096682 0.001004088 -0.000154069 0.000096666 1.000000000 0.001273668
1.000000000 0.000041192 0.000079447 -0.001099612 -0.000041189 1.000000000 -0.000030952 0.000329582 -0.000079449 0.000030949 1.000000000 0.000684251
1.000000000 0.000151709 0.000058755 -0.000798389 -0.000151707 1.000000000 -0.000022088 0.001283915 -0.000058758 0.000022079 1.000000000 0.000850818
1.000000000 0.000092196 0.000006963 -0.000566565 -0.000092195 1.000000000 -0.000078352 0.001345482 -0.000006970 0.000078351 1.000000000 0.002180273
1.000000000 0.000106805 0.000086088 -0.001226687 -0.000106799 1.000000000 -0.000071672 0.001698391 -0.000086095 0.000071662 1.000000000 0.002474790
0.999999940 0.000354089 0.000037749 -0.001143118 -0.000354086 0.999999940 -0.000072183 0.002379894 -0.000037774 0.000072170 1.000000000 0.003673881
0.999999940 0.000238259 0.000106142 -0.001519069 -0.000238252 0.999999940 -0.000065250 0.002204148 -0.000106157 0.000065225 1.000000000 0.001894733
1.000000000 0.000048765 0.000101418 -0.000475973 -0.000048758 1.000000000 -0.000071535 0.002440405 -0.000101422 0.000071530 1.000000000 0.002976632
1.000000000 0.000123604 0.000184493 -0.001806339 -0.000123597 1.000000000 -0.000037370 0.001570076 -0.000184498 0.000037348 1.000000000 0.002313772
1.000000000 0.000096934 0.000051291 -0.001114304 -0.000096929 1.000000000 -0.000096735 0.002406516 -0.000051300 0.000096730 1.000000000 0.002219750
1.000000000 0.000024487 0.000085378 -0.001517982 -0.000024481 1.000000000 -0.000072136 0.001068305 -0.000085380 0.000072134 1.000000000 0.001651769
1.000000000 0.000128266 0.000197264 -0.001903931 -0.000128263 1.000000000 -0.000010655 0.000962825 -0.000197265 0.000010630 1.000000000 0.001919314
1.000000000 0.000132936 0.000194311 -0.001452767 -0.000132919 1.000000000 -0.000088231 0.002171390 -0.000194323 0.000088206 1.000000000 0.003729671
1.000000000 0.000207047 0.000098821 -0.000895298 -0.000207026 0.999999940 -0.000211566 0.003328563 -0.000098865 0.000211545 1.000000000 0.003798609
1.000000000 0.000106672 0.000134666 -0.000914093 -0.000106657 1.000000000 -0.000108914 0.001715384 -0.000134677 0.000108900 1.000000000 0.001870557
0.999999940 0.000204627 0.000183968 -0.002497125 -0.000204599 0.999999940 -0.000152297 0.002095870 -0.000183999 0.000152259 1.000000000 0.002556685
1.000000000 0.000143851 0.000170815 -0.001673116 -0.000143837 1.000000000 -0.000082640 0.000958496 -0.000170827 0.000082616 1.000000000 0.001457352
1.000000000 0.000104206 0.000050444 -0.002022139 -0.000104207 1.000000000 0.000022146 0.000591296 -0.000050442 -0.000022151 1.000000000 0.000437030
1.000000000 0.000147697 0.000091433 -0.001552924 -0.000147694 1.000000000 -0.000035858 0.001971007 -0.000091439 0.000035844 1.000000000 0.002436329
1.000000000 0.000154555 0.000156826 -0.002009368 -0.000154548 1.000000000 -0.000049737 0.001577983 -0.000156834 0.000049713 1.000000000 0.001295054
1.000000000 0.000182847 0.000119177 -0.000871834 -0.000182836 1.000000000 -0.000093433 0.002890334 -0.000119194 0.000093411 1.000000000 0.003202391
1.000000000 -0.000004864 0.000057420 0.000284877 0.000004870 1.000000000 -0.000099640 0.000792948 -0.000057420 0.000099640 1.000000000 0.002519615
0.999999762 0.000529358 0.000146967 0.000006292 -0.000529266 0.999999583 -0.000621967 -0.001668991 -0.000147296 0.000621889 0.999999821 0.052729204
0.999999821 0.000468008 0.000193772 0.001390735 -0.000467765 0.999999046 -0.001251483 -0.002388885 -0.000194357 0.001251392 0.999999285 0.142369419
0.999999106 0.001006685 0.000822091 -0.007326491 -0.001005688 0.999998748 -0.001213109 -0.013160414 -0.000823311 0.001212282 0.999998927 0.258951247
0.999999046 0.001051388 0.000871464 -0.004649230 -0.001050333 0.999998689 -0.001210878 -0.015232162 -0.000872736 0.001209961 0.999998868 0.391840190
0.999999523 0.000901519 0.000361671 0.009110305 -0.000901347 0.999999404 -0.000477697 -0.023241663 -0.000362101 0.000477370 0.999999821 0.544592619
0.999999762 0.000628876 0.000385367 0.012657424 -0.000628744 0.999999762 -0.000341431 -0.028146643 -0.000385582 0.000341189 0.999999881 0.695713401
0.999999166 0.001048884 0.000659802 0.007438016 -0.001048863 0.999999464 -0.000032545 -0.036642566 -0.000659836 0.000031853 0.999999702 0.835949719
0.999999106 0.001196203 0.000603745 0.009132680 -0.001196259 0.999999285 0.000091598 -0.040701341 -0.000603635 -0.000092321 0.999999762 1.006045818
0.999999344 0.000978892 0.000527951 0.014229923 -0.000978922 0.999999642 0.000056721 -0.044534951 -0.000527895 -0.000057238 0.999999821 1.179031968
0.999998868 0.001351634 0.000551182 0.016073328 -0.001351719 0.999998987 0.000154411 -0.047330800 -0.000550973 -0.000155156 0.999999821 1.362567186
0.999998391 0.001760689 0.000376615 0.025196336 -0.001760603 0.999998450 -0.000228153 -0.051111817 -0.000377016 0.000227490 0.999999881 1.557308793
0.999999583 0.000859279 0.000281503 0.031325739 -0.000859437 0.999999464 0.000564520 -0.059975978 -0.000281018 -0.000564762 0.999999762 1.751433015
0.999999583 0.000828415 0.000413857 0.034082532 -0.000828757 0.999999344 0.000826458 -0.069765635 -0.000413172 -0.000826800 0.999999583 1.940534949
0.999999881 0.000476442 0.000216461 0.041857935 -0.000476570 0.999999702 0.000592998 -0.074845202 -0.000216178 -0.000593101 0.999999821 2.146537304
0.999999344 0.000989823 0.000594485 0.045582294 -0.000990331 0.999999106 0.000854597 -0.080182560 -0.000593638 -0.000855185 0.999999404 2.360782623
0.999999344 0.000995810 0.000523020 0.047036521 -0.000996196 0.999999166 0.000737743 -0.084329434 -0.000522285 -0.000738264 0.999999583 2.586081743
0.999999464 0.000688541 0.000760704 0.050085999 -0.000689463 0.999999046 0.001212331 -0.097551815 -0.000759868 -0.001212855 0.999998987 2.801233292
0.999999285 0.000805932 0.000903513 0.053745590 -0.000807118 0.999998868 0.001312448 -0.102155544 -0.000902454 -0.001313177 0.999998748 3.037969112
0.999998212 0.001579345 0.001007312 0.057240702 -0.001580531 0.999998033 0.001177900 -0.107250787 -0.001005450 -0.001179490 0.999998808 3.270318270
0.999997020 0.001776963 0.001677397 0.046037704 -0.001778029 0.999998212 0.000634431 -0.106398754 -0.001676267 -0.000637412 0.999998391 3.524900436
0.999996066 0.002121249 0.001846702 0.050567873 -0.002122489 0.999997556 0.000669352 -0.111792691 -0.001845278 -0.000673269 0.999998093 3.777726412
0.999997377 0.001798265 0.001385849 0.066664547 -0.001798832 0.999998271 0.000407956 -0.115247309 -0.001385113 -0.000410448 0.999998868 4.038604259
0.999996364 0.002163252 0.001617587 0.070985764 -0.002164626 0.999997318 0.000848531 -0.126633838 -0.001615747 -0.000852029 0.999998331 4.293618679
0.999996185 0.001855964 0.002047230 0.071996778 -0.001858495 0.999997497 0.001235297 -0.136199534 -0.002044932 -0.001239097 0.999997199 4.549637318
0.999997139 0.001984602 0.001355258 0.091081798 -0.001985725 0.999997616 0.000827877 -0.135521829 -0.001353612 -0.000830565 0.999998748 4.795042515
0.999996424 0.002331595 0.001315044 0.099328838 -0.002332653 0.999996841 0.000803608 -0.139876589 -0.001313166 -0.000806672 0.999998808 5.059597969
0.999997258 0.001975584 0.001250407 0.106493898 -0.001977323 0.999997079 0.001391268 -0.161532313 -0.001247655 -0.001393737 0.999998271 5.321510792
0.999996126 0.002292027 0.001663649 0.109897584 -0.002293317 0.999997079 0.000773516 -0.159671083 -0.001661871 -0.000777328 0.999998331 5.599317551
0.999994218 0.002626047 0.002138332 0.100036167 -0.002629382 0.999995291 0.001558059 -0.183116570 -0.002134230 -0.001563672 0.999996483 5.833276749
0.999995291 0.002436294 0.001852400 0.106831379 -0.002437730 0.999996722 0.000772996 -0.173120052 -0.001850510 -0.000777508 0.999997973 6.144273281
0.999992847 0.002901178 0.002430199 0.109939791 -0.002903507 0.999995351 0.000955074 -0.180470303 -0.002427417 -0.000962123 0.999996603 6.435411453
0.999995708 0.001994396 0.002147560 0.125770092 -0.001996507 0.999997497 0.000981349 -0.192453012 -0.002145597 -0.000985632 0.999997199 6.718875408
0.999995530 0.002245880 0.001928244 0.129776761 -0.002247738 0.999997020 0.000962323 -0.201068148 -0.001926076 -0.000966653 0.999997616 7.013669968
0.999995887 0.001925480 0.002095945 0.135512412 -0.001927647 0.999997616 0.001032278 -0.206446320 -0.002093952 -0.001036315 0.999997258 7.307940006
0.999997079 0.001644869 0.001767538 0.147270888 -0.001646479 0.999998212 0.000910293 -0.216351226 -0.001766037 -0.000913200 0.999997973 7.623530865
0.999996543 0.001809407 0.001911844 0.155150235 -0.001810641 0.999998093 0.000643997 -0.219166219 -0.001910675 -0.000647457 0.999997973 7.945492268
0.999994338 0.002530180 0.002228017 0.154882625 -0.002531792 0.999996543 0.000720984 -0.237407103 -0.002226186 -0.000726621 0.999997199 8.238368034
0.999997079 0.001729363 0.001704382 0.167114317 -0.001730893 0.999998093 0.000896830 -0.246113941 -0.001702828 -0.000899778 0.999998093 8.555510521
0.999996483 0.001620198 0.002071348 0.170938119 -0.001621654 0.999998391 0.000701208 -0.250439614 -0.002070209 -0.000704565 0.999997616 8.893836021
0.999994874 0.002311894 0.002188480 0.170999795 -0.002313857 0.999996901 0.000894798 -0.264633685 -0.002186405 -0.000899857 0.999997199 9.229084015
0.999994576 0.002538388 0.002074335 0.179984510 -0.002540813 0.999996066 0.001167305 -0.277011335 -0.002071364 -0.001172569 0.999997139 9.566062927
0.999995291 0.002229225 0.002119365 0.189918056 -0.002231645 0.999996960 0.001140432 -0.285107821 -0.002116816 -0.001145156 0.999997079 9.922597885
0.999996006 0.002048903 0.001960488 0.195403382 -0.002051106 0.999997258 0.001122400 -0.295962840 -0.001958183 -0.001126416 0.999997437 10.290485382
0.999995470 0.002279203 0.001950396 0.206393495 -0.002281868 0.999996483 0.001365174 -0.308716625 -0.001947278 -0.001369619 0.999997139 10.647589684
0.999996305 0.001984402 0.001851085 0.214772999 -0.001986643 0.999997318 0.001209289 -0.315721035 -0.001848680 -0.001212962 0.999997497 11.015987396
0.999995887 0.002219830 0.001789069 0.224689424 -0.002221872 0.999996901 0.001140474 -0.323866606 -0.001786531 -0.001144445 0.999997735 11.398023605
0.999994874 0.002363946 0.002157904 0.228601694 -0.002366575 0.999996424 0.001216604 -0.334614336 -0.002155021 -0.001221705 0.999996960 11.770709038
0.999995112 0.002368127 0.002031576 0.239935681 -0.002371327 0.999995947 0.001573984 -0.349228531 -0.002027841 -0.001578794 0.999996722 12.151884079
0.999994516 0.002454688 0.002229181 0.251298636 -0.002459300 0.999994934 0.002068413 -0.366849661 -0.002224092 -0.002073884 0.999995410 12.536301613
0.999991357 0.003084724 0.002783409 0.248804510 -0.003089387 0.999993801 0.001672524 -0.371368408 -0.002778233 -0.001681109 0.999994755 12.938869476
0.999992311 0.002657539 0.002882048 0.259701639 -0.002662470 0.999994993 0.001708438 -0.385674745 -0.002877493 -0.001716098 0.999994397 13.331579208
0.999986172 0.004030120 0.003382043 0.263617039 -0.004035808 0.999990463 0.001676902 -0.391938955 -0.003375252 -0.001690528 0.999992847 13.729001999
0.999988019 0.003667515 0.003247485 0.281927019 -0.003674759 0.999990761 0.002227327 -0.404456109 -0.003239286 -0.002239234 0.999992251 14.153944016
0.999983847 0.004270281 0.003758220 0.285747200 -0.004278695 0.999988317 0.002233538 -0.419880629 -0.003748639 -0.002249582 0.999990463 14.570645332
0.999987602 0.003418298 0.003615279 0.303397417 -0.003426247 0.999991715 0.002194690 -0.431038022 -0.003607747 -0.002207049 0.999991059 15.015492439
0.999986708 0.003471865 0.003804783 0.311729133 -0.003480728 0.999991238 0.002325369 -0.444963396 -0.003796678 -0.002338581 0.999989986 15.433158875
0.999985278 0.003422283 0.004212974 0.321107835 -0.003430631 0.999992192 0.001976016 -0.452229977 -0.004206180 -0.001990440 0.999989152 15.871079445
0.999982238 0.003769373 0.004614315 0.328697801 -0.003778965 0.999990702 0.002071962 -0.467223823 -0.004606462 -0.002089363 0.999987125 16.299297333
0.999982476 0.003840463 0.004511575 0.340897083 -0.003848211 0.999991179 0.001709883 -0.478588462 -0.004504968 -0.001727214 0.999988377 16.744787216
0.999980092 0.003581459 0.005196128 0.342512190 -0.003591277 0.999991775 0.001881470 -0.488939762 -0.005189348 -0.001900093 0.999984682 17.218406677
0.999980509 0.003581755 0.005115560 0.364138484 -0.003595804 0.999989808 0.002739777 -0.518279076 -0.005105694 -0.002758118 0.999983191 17.678804398
0.999980867 0.003391018 0.005169399 0.379585385 -0.003402615 0.999991775 0.002236162 -0.528360188 -0.005161772 -0.002253708 0.999984205 18.143596649
0.999986529 0.002722128 0.004416619 0.390802711 -0.002731474 0.999994040 0.002111544 -0.532824397 -0.004410843 -0.002123580 0.999988019 18.615627289
0.999983668 0.003027360 0.004852655 0.397863626 -0.003039001 0.999992609 0.002393176 -0.547543526 -0.004845373 -0.002407884 0.999985337 19.098548889
0.999980927 0.003452309 0.005119306 0.410467923 -0.003462737 0.999991894 0.002029520 -0.557473063 -0.005112258 -0.002047209 0.999984801 19.581214905
0.999981701 0.003371252 0.005020329 0.414739430 -0.003385250 0.999990284 0.002782437 -0.575071633 -0.005010900 -0.002799381 0.999983549 20.068876266
0.999985397 0.002687632 0.004685211 0.435374290 -0.002702107 0.999991536 0.003085900 -0.595547020 -0.004676878 -0.003098514 0.999984264 20.549676895
0.999987245 0.002440274 0.004411688 0.446796387 -0.002454365 0.999991834 0.003191330 -0.613630474 -0.004403864 -0.003202117 0.999985158 21.055042267
0.999988675 0.002862887 0.003793475 0.454399407 -0.002873697 0.999991834 0.002847465 -0.623872459 -0.003785291 -0.002858334 0.999988675 21.562612534
0.999987781 0.003203197 0.003764983 0.463507652 -0.003214928 0.999989986 0.003113743 -0.641457498 -0.003754971 -0.003125809 0.999988019 22.076618195
0.999988675 0.003380843 0.003347714 0.474440813 -0.003391171 0.999989450 0.003084271 -0.647661090 -0.003337251 -0.003095589 0.999989569 22.580709457
0.999991834 0.003133946 0.002522047 0.481502771 -0.003141763 0.999990284 0.003101348 -0.670734406 -0.002512303 -0.003109247 0.999991953 23.119701385
0.999993742 0.002968671 0.001935026 0.487900108 -0.002975387 0.999989510 0.003477321 -0.692552686 -0.001924682 -0.003483057 0.999992073 23.620828629
0.999997914 0.001780940 0.000962195 0.507642686 -0.001783749 0.999994099 0.002926774 -0.703705490 -0.000956977 -0.002928485 0.999995172 24.154289246
0.999996722 0.002455940 0.000616234 0.512285769 -0.002457776 0.999992490 0.002995941 -0.719384313 -0.000608872 -0.002997446 0.999995291 24.691007614
0.999993742 0.003514668 -0.000441674 0.531563401 -0.003513072 0.999987423 0.003564076 -0.736568511 0.000454195 -0.003562502 0.999993563 25.243553162
0.999995232 0.003030661 -0.000562519 0.524610698 -0.003028703 0.999989450 0.003448483 -0.748237729 0.000572965 -0.003446762 0.999993920 25.774894714
0.999995291 0.002886804 -0.001043034 0.543292522 -0.002883033 0.999989390 0.003598825 -0.772942245 0.001053412 -0.003595801 0.999992967 26.336412430
0.999992847 0.003657795 -0.000971266 0.545192659 -0.003654010 0.999985814 0.003871070 -0.779708743 0.000985412 -0.003867493 0.999992013 26.893739700
0.999991834 0.003818638 -0.001344461 0.556677520 -0.003813264 0.999984801 0.003976293 -0.800642312 0.001359624 -0.003971134 0.999991179 27.435249329
0.999990165 0.004136540 -0.001555664 0.564407825 -0.004130440 0.999983847 0.003904784 -0.817724228 0.001571791 -0.003898320 0.999991179 27.987133026
0.999989092 0.004307520 -0.001784705 0.575568616 -0.004300767 0.999983668 0.003770157 -0.825775743 0.001800916 -0.003762441 0.999991238 28.536125183
0.999988377 0.004512120 -0.001710218 0.576840162 -0.004504944 0.999981105 0.004177235 -0.848218560 0.001729035 -0.004169482 0.999989808 29.073812485
0.999989927 0.003846015 -0.002285738 0.586311758 -0.003836828 0.999984741 0.004009889 -0.857520700 0.002301125 -0.004001079 0.999989271 29.620203018
0.999988079 0.004357564 -0.002194547 0.588354290 -0.004348930 0.999982834 0.003923085 -0.867228150 0.002211605 -0.003913494 0.999989867 30.164634705
0.999986589 0.004379376 -0.002733338 0.601290822 -0.004367988 0.999981821 0.004158353 -0.889742672 0.002751500 -0.004146358 0.999987602 30.688373566
0.999987483 0.004123287 -0.002836182 0.613810837 -0.004111791 0.999983311 0.004047027 -0.897126555 0.002852822 -0.004035314 0.999987781 31.240417480
0.999982178 0.005265743 -0.002822286 0.617865801 -0.005254423 0.999978125 0.004003022 -0.910629749 0.002843303 -0.003988121 0.999988019 31.781965256
0.999983072 0.004453332 -0.003749219 0.640241027 -0.004437576 0.999981344 0.004200082 -0.926153362 0.003767854 -0.004183374 0.999984145 32.332969666
0.999982059 0.004494601 -0.003954862 0.641337454 -0.004479871 0.999983013 0.003725888 -0.930942178 0.003971541 -0.003708104 0.999985218 32.886589050
0.999981165 0.004401341 -0.004283504 0.650166392 -0.004384665 0.999982774 0.003894672 -0.947168827 0.004300572 -0.003875817 0.999983251 33.419231415
0.999981642 0.004180132 -0.004383426 0.658751249 -0.004162633 0.999983370 0.003993549 -0.963352203 0.004400046 -0.003975229 0.999982417 33.960498810
0.999976933 0.005024245 -0.004552911 0.666565657 -0.005006399 0.999979734 0.003922756 -0.971230388 0.004572526 -0.003899872 0.999981880 34.496074677
0.999978542 0.004379380 -0.004870030 0.676318645 -0.004358913 0.999981642 0.004205433 -0.992032588 0.004888358 -0.004184115 0.999979317 35.019897461
0.999977887 0.004460801 -0.004917640 0.681128025 -0.004441263 0.999982238 0.003976724 -1.003298521 0.004935293 -0.003954797 0.999979913 35.550174713
0.999977231 0.004535152 -0.004975556 0.685910285 -0.004514585 0.999981284 0.004136897 -1.023974895 0.004994225 -0.004114341 0.999979019 36.090419769
0.999978781 0.004347936 -0.004838969 0.698492169 -0.004331239 0.999984562 0.003455770 -1.030425072 0.004853921 -0.003434739 0.999982297 36.655487061
0.999975801 0.004235334 -0.005542346 0.712615788 -0.004217239 0.999985754 0.003272509 -1.036863089 0.005556127 -0.003249055 0.999979258 37.200714111
0.999975324 0.004687747 -0.005245170 0.718997478 -0.004671069 0.999984026 0.003187360 -1.048955321 0.005260027 -0.003162780 0.999981105 37.757816315
0.999977350 0.003684970 -0.005617684 0.729257166 -0.003666722 0.999987900 0.003255022 -1.066794515 0.005629611 -0.003234350 0.999978840 38.291477203
0.999980092 0.003635618 -0.005153128 0.734176517 -0.003620746 0.999989212 0.002892425 -1.080623627 0.005163589 -0.002873709 0.999982536 38.830745697
0.999970555 0.004856969 -0.005962873 0.748416841 -0.004838639 0.999983490 0.003084668 -1.096500158 0.005977759 -0.003055724 0.999977410 39.393066406
0.999974072 0.003875305 -0.006067972 0.756128311 -0.003855054 0.999986947 0.003345434 -1.118974090 0.006080857 -0.003321955 0.999975979 39.936260223
0.999969661 0.004840616 -0.006104733 0.764894128 -0.004821402 0.999983311 0.003157992 -1.130476236 0.006119919 -0.003128463 0.999976397 40.488235474
0.999968410 0.005007073 -0.006179424 0.769779623 -0.004990273 0.999983788 0.002731110 -1.141520381 0.006192999 -0.002700186 0.999977171 41.034839630
0.999970913 0.004468901 -0.006174081 0.781176686 -0.004448820 0.999984801 0.003262233 -1.154213786 0.006188566 -0.003234672 0.999975622 41.600952148
0.999971211 0.004903394 -0.005783905 0.784034550 -0.004885919 0.999983490 0.003031221 -1.163983226 0.005798672 -0.003002875 0.999978602 42.150333405
0.999974191 0.004441949 -0.005647428 0.794335604 -0.004421845 0.999983907 0.003567461 -1.178228855 0.005663183 -0.003542397 0.999977708 42.703044891
0.999970257 0.004606650 -0.006172676 0.801256180 -0.004586308 0.999984026 0.003305381 -1.201998830 0.006187805 -0.003276974 0.999975502 43.269317627
0.999966562 0.005604466 -0.005980132 0.805954397 -0.005587082 0.999980152 0.002919703 -1.205587268 0.005996378 -0.002886193 0.999977827 43.853607178
0.999971092 0.005465120 -0.005280728 0.805830300 -0.005449949 0.999980927 0.002883057 -1.226502895 0.005296383 -0.002854194 0.999981880 44.359432220
0.999967575 0.005922313 -0.005461731 0.819058537 -0.005910164 0.999979973 0.002237739 -1.238787055 0.005474875 -0.002205387 0.999982536 44.934051514
0.999965489 0.006827246 -0.004760939 0.810570538 -0.006816184 0.999974012 0.002336039 -1.252481699 0.004776764 -0.002303507 0.999985874 45.490131378
0.999966204 0.006513159 -0.005009317 0.823539793 -0.006501417 0.999976039 0.002356639 -1.267292500 0.005024547 -0.002323993 0.999984682 46.047847748
0.999966323 0.006886918 -0.004463545 0.821031809 -0.006877786 0.999974191 0.002058055 -1.281416774 0.004477603 -0.002027286 0.999987900 46.597557068
0.999961138 0.006869202 -0.005518411 0.851845086 -0.006857662 0.999974191 0.002107375 -1.289465308 0.005532745 -0.002069450 0.999982536 47.143695831
0.999963045 0.006493563 -0.005638017 0.852586389 -0.006479848 0.999976039 0.002447679 -1.301909804 0.005653777 -0.002411055 0.999981105 47.706947327
0.999961793 0.006796568 -0.005497195 0.852391481 -0.006783671 0.999974132 0.002361194 -1.322784781 0.005513102 -0.002323813 0.999982119 48.255035400
0.999966443 0.006129340 -0.005433223 0.872766435 -0.006122903 0.999980509 0.001200749 -1.324697375 0.005440478 -0.001167441 0.999984443 48.778938293
0.999965310 0.006653029 -0.004999756 0.859871507 -0.006644688 0.999976456 0.001683128 -1.353697062 0.005010835 -0.001649848 0.999986112 49.074340820
0.999959707 0.007388669 -0.005089543 0.890681028 -0.007376663 0.999969959 0.002373761 -1.382568598 0.005106929 -0.002336121 0.999984145 49.538909912
0.999960005 0.007481996 -0.004896543 0.884707272 -0.007469576 0.999968827 0.002549713 -1.385820270 0.004915469 -0.002513035 0.999984741 50.408927917
0.999961793 0.006916687 -0.005347468 0.892355680 -0.006906487 0.999974310 0.001923829 -1.401875019 0.005360636 -0.001886823 0.999983847 50.930095673
0.999961615 0.006954116 -0.005324683 0.903378963 -0.006941213 0.999972939 0.002437934 -1.420388222 0.005341493 -0.002400881 0.999982834 51.508361816
0.999959290 0.007303748 -0.005292311 0.902880907 -0.007290307 0.999970138 0.002554774 -1.433367491 0.005310812 -0.002516087 0.999982655 52.044799805
0.999957561 0.007727893 -0.005015391 0.913834453 -0.007717237 0.999968052 0.002140169 -1.445958495 0.005031770 -0.002101373 0.999985099 52.593101501
0.999958098 0.007113539 -0.005761695 0.928561449 -0.007100845 0.999972463 0.002220522 -1.459076643 0.005777332 -0.002179516 0.999980927 53.134250641
0.999954283 0.008141748 -0.004996782 0.928622365 -0.008129906 0.999964118 0.002385824 -1.476351857 0.005016028 -0.002345093 0.999984622 53.659511566
0.999957085 0.007759985 -0.005058492 0.936799586 -0.007750736 0.999968171 0.001845593 -1.486972809 0.005072653 -0.001806307 0.999985516 54.193176270
0.999953270 0.008598685 -0.004414643 0.942335665 -0.008590333 0.999961257 0.001907507 -1.499746442 0.004430874 -0.001869494 0.999988437 54.735500336
0.999954998 0.008186890 -0.004790059 0.951486468 -0.008177303 0.999964535 0.002017915 -1.516569614 0.004806409 -0.001978655 0.999986470 55.275074005
0.999957323 0.008225734 -0.004191180 0.947936356 -0.008220009 0.999965250 0.001381379 -1.523513198 0.004202397 -0.001346869 0.999990284 55.804512024
0.999955416 0.007932383 -0.005126878 0.965250015 -0.007920677 0.999965906 0.002299782 -1.549320698 0.005144946 -0.002259071 0.999984205 56.351982117
0.999956131 0.007997455 -0.004882124 0.970532060 -0.007989096 0.999966562 0.001729242 -1.557208180 0.004895791 -0.001690162 0.999986529 56.895168304
0.999954283 0.008046855 -0.005165469 0.980554581 -0.008037231 0.999965906 0.001881364 -1.572947145 0.005180432 -0.001839762 0.999984860 57.435989380
0.999954104 0.008282573 -0.004811305 0.985402822 -0.008272880 0.999963701 0.002030995 -1.587994814 0.004827953 -0.001991099 0.999986351 57.968009949
0.999957561 0.008043030 -0.004494157 0.995034337 -0.008035471 0.999966383 0.001697788 -1.598664403 0.004507661 -0.001661604 0.999988437 58.516887665
0.999956191 0.008206120 -0.004499918 0.999874830 -0.008197919 0.999964654 0.001838267 -1.614846945 0.004514844 -0.001801296 0.999988198 59.051635742
0.999956310 0.008420115 -0.004052962 1.005744338 -0.008412639 0.999962807 0.001858095 -1.633672357 0.004068458 -0.001823917 0.999989986 59.591049194
0.999957860 0.008071443 -0.004374150 1.016005874 -0.008064423 0.999966145 0.001620663 -1.645224094 0.004387082 -0.001585320 0.999989092 60.147701263
0.999957561 0.007974082 -0.004606772 1.023668170 -0.007968546 0.999967456 0.001218717 -1.655453086 0.004616340 -0.001181956 0.999988675 60.699340820
0.999957085 0.008487985 -0.003713964 1.018995881 -0.008482981 0.999963105 0.001360491 -1.675235152 0.003725375 -0.001328927 0.999992192 61.268623352
0.999957323 0.008599681 -0.003360969 1.022539973 -0.008594709 0.999961972 0.001490853 -1.684661269 0.003373661 -0.001461904 0.999993265 61.832328796
0.999951541 0.009232071 -0.003393407 1.025972009 -0.009227036 0.999956310 0.001495720 -1.703047991 0.003407066 -0.001464337 0.999993145 62.383354187
0.999953628 0.009113003 -0.003119634 1.030128956 -0.009108786 0.999957561 0.001362745 -1.717451096 0.003131921 -0.001334266 0.999994218 62.929019928
0.999945879 0.009944619 -0.003055090 1.038150668 -0.009940407 0.999949634 0.001389957 -1.733351111 0.003068759 -0.001359513 0.999994338 63.466335297
0.999947011 0.009766367 -0.003253578 1.044460297 -0.009760722 0.999950945 0.001746437 -1.753895640 0.003270475 -0.001714587 0.999993205 64.008987427
0.999946892 0.009931409 -0.002723926 1.051162601 -0.009926843 0.999949336 0.001684049 -1.768825412 0.002740513 -0.001656920 0.999994814 64.539741516
0.999944985 0.010138577 -0.002675244 1.052713871 -0.010134061 0.999947131 0.001697160 -1.781275511 0.002692309 -0.001669956 0.999994993 65.084037781
0.999949455 0.009749615 -0.002432627 1.058825493 -0.009746059 0.999951422 0.001469872 -1.794655919 0.002446841 -0.001446089 0.999995947 65.611526489
0.999954343 0.009251848 -0.002415132 1.069192052 -0.009247625 0.999955773 0.001754254 -1.810721636 0.002431255 -0.001731840 0.999995530 66.155410767
0.999945462 0.010248678 -0.001989922 1.066286206 -0.010246384 0.999946833 0.001159155 -1.825574517 0.002001696 -0.001138702 0.999997377 66.696006775
0.999942839 0.010454156 -0.002206536 1.079210520 -0.010451488 0.999944627 0.001216950 -1.845630050 0.002219136 -0.001193819 0.999996841 67.226081848
0.999946117 0.010147818 -0.002189545 1.086234689 -0.010144501 0.999947369 0.001520676 -1.857977986 0.002204861 -0.001498383 0.999996364 67.783241272
0.999940574 0.010723545 -0.001967837 1.095277786 -0.010721253 0.999941826 0.001170678 -1.876795292 0.001980277 -0.001149511 0.999997377 68.325172424
0.999943197 0.010487633 -0.001857013 1.104589701 -0.010485229 0.999944210 0.001298931 -1.892690778 0.001870532 -0.001279386 0.999997437 68.846183777
0.999935389 0.011217232 -0.001833017 1.106693745 -0.011214436 0.999936044 0.001528967 -1.912572861 0.001850050 -0.001508312 0.999997139 69.359931946
0.999930501 0.011681324 -0.001601562 1.118723035 -0.011679205 0.999931037 0.001325601 -1.928593159 0.001616937 -0.001306804 0.999997854 69.895065308
0.999937892 0.011052217 -0.001412490 1.127562761 -0.011050340 0.999938011 0.001330116 -1.945296884 0.001427105 -0.001314425 0.999998093 70.432998657
0.999941945 0.010660371 -0.001522098 1.135386705 -0.010658687 0.999942541 0.001110253 -1.959792852 0.001533846 -0.001093965 0.999998152 70.975822449
0.999939024 0.010952816 -0.001425373 1.146028519 -0.010951671 0.999939620 0.000809408 -1.972698212 0.001434152 -0.000793748 0.999998629 71.505462646
0.999942660 0.010622951 -0.001350611 1.157019854 -0.010620973 0.999942541 0.001464894 -1.991955280 0.001366094 -0.001450465 0.999997973 72.023445129
0.999933541 0.011482255 -0.001134142 1.162023187 -0.011481159 0.999933600 0.000968154 -2.005785465 0.001145183 -0.000955068 0.999998868 72.555328369
0.999935806 0.011267517 -0.001145369 1.174019098 -0.011266597 0.999936223 0.000807803 -2.019567013 0.001154398 -0.000794847 0.999999046 73.086830139
0.999930620 0.011725330 -0.001136735 1.181327939 -0.011724023 0.999930620 0.001147540 -2.037441730 0.001150112 -0.001134133 0.999998689 73.613067627
0.999926686 0.012078185 -0.000801928 1.188190699 -0.012077323 0.999926507 0.001071875 -2.056628227 0.000814815 -0.001062112 0.999999106 74.144294739
0.999921978 0.012466311 -0.000806776 1.198612452 -0.012465238 0.999921441 0.001321512 -2.068755150 0.000823187 -0.001311352 0.999998808 74.681213379
0.999917924 0.012806148 -0.000394674 1.205687761 -0.012805681 0.999917328 0.001159692 -2.085801840 0.000409494 -0.001154542 0.999999225 75.211494446
0.999917865 0.012810430 -0.000438020 1.219597697 -0.012809928 0.999917328 0.001129802 -2.101899385 0.000452457 -0.001124098 0.999999225 75.739967346
0.999916136 0.012955423 -0.000250126 1.224615932 -0.012955205 0.999915659 0.000859281 -2.112478018 0.000261237 -0.000855968 0.999999583 76.277091980
0.999918103 0.012786188 -0.000410309 1.237748623 -0.012785830 0.999917865 0.000861432 -2.134273529 0.000421290 -0.000856116 0.999999464 76.807739258
0.999912441 0.013232482 -0.000030487 1.244139433 -0.013232467 0.999912322 0.000486142 -2.144544363 0.000036917 -0.000485696 0.999999881 77.350776672
0.999908149 0.013553588 -0.000149629 1.251267433 -0.013553487 0.999907970 0.000639267 -2.160818338 0.000158280 -0.000637180 0.999999762 77.890014648
0.999919057 0.012715011 0.000237455 1.263312936 -0.012715124 0.999919057 0.000475163 -2.180025816 -0.000231393 -0.000478144 0.999999881 78.418525696
0.999906957 0.013627256 0.000596314 1.269910455 -0.013627722 0.999906838 0.000787453 -2.194173574 -0.000585527 -0.000795506 0.999999523 78.960525513
0.999904037 0.013845980 0.000446487 1.283378959 -0.013846329 0.999903798 0.000788120 -2.209307671 -0.000435531 -0.000794226 0.999999583 79.511169434
0.999910295 0.013388646 0.000316580 1.300504804 -0.013388983 0.999909759 0.001094256 -2.230427504 -0.000301900 -0.001098397 0.999999344 80.040397644
0.999906957 0.013568792 0.001393031 1.309406042 -0.013570243 0.999907374 0.001036891 -2.245226622 -0.001378832 -0.001055699 0.999998450 80.590370178
0.999908745 0.013291676 0.002417138 1.323720574 -0.013294192 0.999911070 0.001028231 -2.263185263 -0.002403256 -0.001060271 0.999996543 81.127128601
0.999903977 0.013430021 0.003404695 1.338161469 -0.013433226 0.999909341 0.000920750 -2.277017832 -0.003392020 -0.000966398 0.999993801 81.679641724
0.999889016 0.014048153 0.004960054 1.341132164 -0.014051604 0.999900997 0.000661385 -2.285954714 -0.004950272 -0.000731008 0.999987423 82.232704163
0.999863923 0.014207219 0.008379007 1.359683871 -0.014212101 0.999898851 0.000523268 -2.303136587 -0.008370725 -0.000642281 0.999964774 82.779914856
0.999822676 0.014327616 0.012219573 1.379600406 -0.014336405 0.999897003 0.000631929 -2.316974163 -0.012209261 -0.000807002 0.999925137 83.334320068
0.999777794 0.014191533 0.015585640 1.397823334 -0.014199247 0.999899089 0.000384405 -2.330154657 -0.015578613 -0.000605624 0.999878466 83.883430481
0.999698162 0.014614121 0.019748801 1.422143459 -0.014619241 0.999893129 0.000114892 -2.343635082 -0.019745015 -0.000403569 0.999804914 84.439102173
0.999546468 0.015010711 0.026105557 1.450040102 -0.015019262 0.999887168 0.000131428 -2.361327410 -0.026100641 -0.000523455 0.999659121 84.976753235
0.999369502 0.014898546 0.032225508 1.481955528 -0.014905054 0.999888897 -0.000038232 -2.378341436 -0.032222498 -0.000442116 0.999480546 85.528511047
0.999147058 0.014915358 0.038505655 1.515904069 -0.014930336 0.999888480 0.000101404 -2.395043373 -0.038499851 -0.000676219 0.999258399 86.075042725
0.998800039 0.014696763 0.046720177 1.558121443 -0.014697411 0.999891877 -0.000329690 -2.408787251 -0.046719979 -0.000357371 0.998907924 86.627471924
0.998391032 0.013950938 0.054959603 1.609292746 -0.013898745 0.999902546 -0.001331846 -2.418889761 -0.054972824 0.000565834 0.998487651 87.191986084
0.997981489 0.013801398 0.061987314 1.658641338 -0.013764809 0.999904752 -0.001017282 -2.437452316 -0.061995450 0.000161985 0.998076439 87.751655579
0.997331738 0.014599573 0.071528301 1.710108280 -0.014565567 0.999893367 -0.000996995 -2.455911160 -0.071535230 -0.000047516 0.997438073 88.305732727
0.996592641 0.013758274 0.081325285 1.781745434 -0.013667997 0.999905169 -0.001666677 -2.471962214 -0.081340507 0.000549445 0.996686220 88.845420837
0.995816171 0.013306986 0.090404376 1.843707085 -0.013193183 0.999911189 -0.001856340 -2.481428385 -0.090421036 0.000655852 0.995903432 89.391403198
0.995158434 0.012637624 0.097466953 1.915688038 -0.012452585 0.999919295 -0.002506583 -2.494747162 -0.097490780 0.001280732 0.995235562 89.940551758
0.994089305 0.012975005 0.107787393 1.997695446 -0.012795223 0.999915302 -0.002359397 -2.513207912 -0.107808873 0.000966288 0.994171262 90.480140686
0.992856443 0.013396489 0.118560493 2.085206985 -0.013213217 0.999909997 -0.002331756 -2.534758091 -0.118581042 0.000748534 0.992944121 91.046730042
0.991728842 0.012819516 0.127708912 2.179314613 -0.012620296 0.999917507 -0.002369063 -2.555967093 -0.127728760 0.000737743 0.991808891 91.604614258
0.990105987 0.012906980 0.139726549 2.278995514 -0.012687125 0.999916494 -0.002464120 -2.573368073 -0.139746666 0.000667011 0.990187049 92.168823242
0.988237858 0.012816835 0.152386516 2.388606071 -0.012562822 0.999917567 -0.002629649 -2.593708515 -0.152407661 0.000684314 0.988317490 92.736503601
0.986658931 0.011663715 0.162382439 2.506974220 -0.011270236 0.999930799 -0.003344145 -2.605597496 -0.162410215 0.001469442 0.986722231 93.285537720
0.984706938 0.012754382 0.173751324 2.627009392 -0.012423297 0.999918342 -0.002992972 -2.633423805 -0.173775330 0.000788636 0.984785020 93.883842468
0.982479036 0.010729541 0.186063945 2.744224548 -0.010401470 0.999942183 -0.002739355 -2.653723717 -0.186082572 0.000756020 0.982533813 94.290267944
0.980043590 0.010488940 0.198505804 2.898341179 -0.009900727 0.999943137 -0.003955563 -2.666452646 -0.198535979 0.001911273 0.980091751 94.987487793
0.977826297 0.011358004 0.209109321 3.021827698 -0.010931803 0.999935091 -0.003193849 -2.688827038 -0.209132001 0.000837089 0.977887034 95.512916565
0.974950254 0.010932839 0.222154260 3.168157578 -0.010415786 0.999939620 -0.003498954 -2.712671518 -0.222179115 0.001097395 0.975005269 96.032897949
0.971794546 0.010689108 0.235587016 3.317535400 -0.010204108 0.999942541 -0.003277761 -2.728138924 -0.235608578 0.000781354 0.971847653 96.567291260
0.969124138 0.010374538 0.246354729 3.478397369 -0.009817640 0.999945641 -0.003488716 -2.755522013 -0.246377528 0.000962377 0.969173431 97.063476562
0.966273665 0.010330384 0.257309973 3.640735626 -0.009769222 0.999946296 -0.003459201 -2.777465105 -0.257331908 0.000828816 0.966322720 97.576431274
0.962575793 0.009756773 0.270836681 3.810638428 -0.009152262 0.999951959 -0.003494941 -2.796361923 -0.270857811 0.000885378 0.962618887 98.089096069
0.959094167 0.008784183 0.282950908 3.990018845 -0.008090247 0.999960721 -0.003620873 -2.820150375 -0.282971650 0.001183616 0.959127486 98.605255127
0.955532849 0.009478678 0.294732422 4.172897339 -0.008847359 0.999954760 -0.003475388 -2.838845968 -0.294751972 0.000713244 0.955573499 99.121467590
0.951228857 0.009001165 0.308354706 4.376544952 -0.008351578 0.999959230 -0.003426364 -2.853955984 -0.308372974 0.000684007 0.951265216 99.650070190
0.946666896 0.008025202 0.322113961 4.585210800 -0.007250106 0.999967217 -0.003605876 -2.873264790 -0.322132349 0.001078204 0.946694016 100.172164917
0.942600191 0.007713495 0.333834469 4.794595718 -0.006775658 0.999969184 -0.003973590 -2.887439251 -0.333854765 0.001483559 0.942623377 100.689285278
0.937878847 0.007667066 0.346878141 5.002202988 -0.006817435 0.999969959 -0.003669609 -2.916805744 -0.346895903 0.001076829 0.937902987 101.201499939
0.932549059 0.008294914 0.360948026 5.218776703 -0.007642101 0.999965549 -0.003235911 -2.930665731 -0.360962421 0.000259244 0.932580292 101.699996948
0.927733064 0.006384206 0.373190016 5.445867538 -0.005510252 0.999978960 -0.003408531 -2.963202953 -0.373203933 0.001105835 0.927748680 102.178192139
0.923031271 0.006017717 0.384677768 5.673807144 -0.005199596 0.999981523 -0.003166845 -2.986498833 -0.384689689 0.000922927 0.923045456 102.670997620
0.917100370 0.005121356 0.398623466 5.907527924 -0.003987377 0.999985278 -0.003673784 -2.998101473 -0.398636431 0.001779766 0.917107344 103.164123535
0.911287129 0.004971122 0.411741555 6.156764984 -0.003804596 0.999986053 -0.003652713 -3.017296553 -0.411753982 0.001762159 0.911293328 103.658920288
0.906234503 0.004425418 0.422752231 6.402267456 -0.003149895 0.999988139 -0.003715703 -3.036011696 -0.422763675 0.002035673 0.906237662 104.136184692
0.900392056 0.004400447 0.435057133 6.672847748 -0.002911808 0.999987364 -0.004088250 -3.049786568 -0.435069621 0.002414225 0.900393546 104.654182434
0.893788218 0.004307694 0.448468626 6.934856415 -0.002870807 0.999988317 -0.003883774 -3.071990252 -0.448480129 0.002183804 0.893790126 105.128585815
0.887646794 0.003750237 0.460509568 7.212638855 -0.001949033 0.999988496 -0.004386753 -3.084356785 -0.460520715 0.002996339 0.887643874 105.633102417
0.881973267 0.003390861 0.471287191 7.495132446 -0.001567722 0.999989748 -0.004260962 -3.102570295 -0.471296757 0.003019208 0.881969512 106.109733582
0.874232948 0.002970025 0.485497594 7.771671295 -0.001117607 0.999990880 -0.004104962 -3.125591278 -0.485505402 0.003046097 0.874228358 106.584037781
