1.000000000 0.000000000 0.000000000 0.000000000 0.000000000 1.000000000 0.000000000 0.000000000 0.000000000 0.000000000 1.000000000 0.000000000
1.000000000 0.000014394 -0.000031097 0.000075762 -0.000014396 1.000000000 -0.000072615 0.000655892 0.000031096 0.000072615 1.000000000 0.000611247
1.000000000 -0.000101409 -0.000038830 -0.000425479 0.000101407 1.000000000 -0.000031459 0.000678407 0.000038834 0.000031455 1.000000000 0.001562290
1.000000000 -0.000037508 -0.000103253 -0.001213194 0.000037505 1.000000000 -0.000032437 0.001623507 0.000103254 0.000032433 1.000000000 0.001415424
1.000000000 -0.000047068 -0.000018628 -0.000588870 0.000047069 1.000000000 0.000031040 0.000114082 0.000018627 -0.000031041 1.000000000 0.000293219
1.000000000 -0.000122408 -0.000030144 -0.000101332 0.000122408 1.000000000 -0.000004139 -0.000033576 0.000030145 0.000004135 1.000000000 -0.000186831
1.000000000 0.000073617 -0.000060051 0.000189799 -0.000073619 1.000000000 -0.000029063 0.000398858 0.000060049 0.000029068 1.000000000 -0.002106298
1.000000000 0.000009293 0.000002623 -0.000063418 -0.000009293 1.000000000 -0.000038181 0.001197314 -0.000002623 0.000038181 1.000000000 0.002123275
1.000000000 0.000076391 0.000023762 -0.001289579 -0.000076390 1.000000000 -0.000037138 0.001777354 -0.000023765 0.000037136 1.000000000 0.001666109
1.000000000 -0.000030560 -0.000073320 -0.000101855 0.000030559 1.000000000 -0.000015626 0.001382868 0.000073320 0.000015624 1.000000000 0.001848554
1.000000000 -0.000018647 -0.000072845 -0.000441426 0.000018644 1.000000000 -0.000040712 0.001532096 0.000072846 0.000040710 1.000000000 0.001360741
1.000000000 -0.000029177 -0.000041333 -0.001784428 0.000029179 1.000000000 0.000035924 0.001495601 0.000041332 -0.000035925 1.000000000 0.001552280
1.000000000 -0.000040540 -0.000068203 -0.000438484 0.000040538 1.000000000 -0.000028262 0.001148374 0.000068204 0.000028259 1.000000000 -0.000629379
1.000000000 -0.000053966 -0.000071034 0.000825969 0.000053970 1.000000000 0.000053581 0.000271961 0.000071031 -0.000053585 1.000000000 -0.002961944
1.000000000 -0.000090290 -0.000067749 0.000739240 0.000090294 1.000000000 0.000063594 0.000300013 0.000067744 -0.000063600 1.000000000 -0.002436564
1.000000000 -0.000025964 -0.000049677 0.000206403 0.000025963 1.000000000 -0.000020085 0.001877099 0.000049677 0.000020083 1.000000000 0.000961257
1.000000000 -0.000041370 -0.000073937 0.000355442 0.000041372 1.000000000 0.000034360 0.000710539 0.000073936 -0.000034363 1.000000000 -0.001427809
1.000000000 -0.000050319 -0.000086899 0.000365397 0.000050314 1.000000000 -0.000058926 0.001246873 0.000086902 0.000058922 1.000000000 -0.002161494
1.000000000 -0.000071337 -0.000065176 -0.000477259 0.000071338 1.000000000 0.000021126 0.001033045 0.000065174 -0.000021131 1.000000000 0.001208321
1.000000000 -0.000128540 -0.000103855 -0.000369202 0.000128545 1.000000000 0.000052720 -0.000091121 0.000103849 -0.000052734 1.000000000 -0.002295367
1.000000000 -0.000050860 -0.000103113 0.001701223 0.000050863 1.000000000 0.000034579 0.000318475 0.000103111 -0.000034584 1.000000000 -0.000473491
1.000000000 -0.000075638 -0.000087807 0.000622004 0.000075639 1.000000000 0.000011748 0.001036466 0.000087806 -0.000011754 1.000000000 -0.001348763
1.000000000 -0.000098217 -0.000080259 -0.000234113 0.000098218 1.000000000 0.000020785 0.000911900 0.000080257 -0.000020793 1.000000000 -0.000783826
1.000000000 -0.000096284 -0.000100554 0.001146976 0.000096287 1.000000000 0.000034467 0.000653600 0.000100551 -0.000034476 1.000000000 -0.001607363
1.000000000 -0.000115855 -0.000078598 0.001115951 0.000115854 1.000000000 -0.000013265 0.001923284 0.000078600 0.000013256 1.000000000 0.000032306
1.000000000 -0.000187023 -0.000128852 0.001080179 0.000187032 1.000000000 0.000071608 0.000487392 0.000128838 -0.000071633 1.000000000 -0.001892978
0.999999940 -0.000261021 -0.000089745 -0.000371141 0.000261022 0.999999940 0.000013903 0.000159926 0.000089741 -0.000013926 1.000000000 -0.002639562
1.000000000 -0.000072230 -0.000127301 0.000627574 0.000072237 1.000000000 0.000050145 0.000914277 0.000127297 -0.000050154 1.000000000 -0.000675369
1.000000000 -0.000126356 -0.000109039 0.001724123 0.000126358 1.000000000 0.000023289 0.000722691 0.000109036 -0.000023303 1.000000000 -0.001267798
0.999999940 -0.000196342 -0.000169596 0.000847374 0.000196348 1.000000000 0.000037589 0.000914271 0.000169588 -0.000037623 1.000000000 -0.001505509
1.000000000 -0.000128916 -0.000079874 0.000744779 0.000128918 1.000000000 0.000028148 0.000532798 0.000079870 -0.000028158 1.000000000 -0.002908725
1.000000000 -0.000165288 -0.000128012 0.001774522 0.000165289 1.000000000 0.000011968 -0.000052869 0.000128010 -0.000011989 1.000000000 -0.004242701
1.000000000 -0.000096295 -0.000088060 0.000877666 0.000096301 1.000000000 0.000060694 0.000021301 0.000088054 -0.000060702 1.000000000 -0.002756907
1.000000000 -0.000147826 -0.000102100 0.001167670 0.000147831 1.000000000 0.000051114 -0.000360795 0.000102092 -0.000051130 1.000000000 -0.003109901
1.000000000 -0.000156074 -0.000123982 0.000271175 0.000156072 1.000000000 -0.000017805 0.001234594 0.000123984 0.000017786 1.000000000 -0.001005812
1.000000000 -0.000133040 -0.000117937 0.002097198 0.000133054 1.000000000 0.000115830 0.000328728 0.000117922 -0.000115846 1.000000000 -0.002156503
1.000000000 -0.000109664 -0.000114527 0.000037802 0.000109669 1.000000000 0.000040410 0.000346529 0.000114523 -0.000040422 1.000000000 -0.001523044
1.000000000 -0.000202859 -0.000103044 0.000851196 0.000202863 1.000000000 0.000040752 0.000199185 0.000103036 -0.000040773 1.000000000 -0.001582172
1.000000000 -0.000166833 -0.000165610 0.001742481 0.000166826 1.000000000 -0.000040495 0.000541655 0.000165617 0.000040467 1.000000000 0.002095960
1.000000000 -0.000217886 -0.000050621 -0.000195426 0.000217857 0.999999821 -0.000576830 -0.001150296 0.000050747 0.000576819 0.999999821 0.055093933
1.000000000 0.000019224 -0.000074391 0.001133825 -0.000019314 0.999999285 -0.001204248 -0.003339314 0.000074367 0.001204249 0.999999285 0.143816054
1.000000000 -0.000090028 0.000007843 0.003629526 0.000090039 0.999998927 -0.001477467 -0.007580408 -0.000007710 0.001477467 0.999998927 0.258060634
1.000000000 -0.000048571 -0.000048474 0.005194993 0.000048500 0.999998927 -0.001459640 -0.010958834 0.000048545 0.001459638 0.999998927 0.392151713
1.000000000 0.000095154 -0.000057607 0.009625537 -0.000095226 0.999999225 -0.001244314 -0.016141526 0.000057489 0.001244319 0.999999225 0.528613508
1.000000000 0.000039467 0.000008996 0.012108891 -0.000039458 0.999999464 -0.001025666 -0.022175971 -0.000009037 0.001025666 0.999999464 0.686566472
1.000000000 0.000068740 -0.000046007 0.018933501 -0.000068785 0.999999523 -0.000969135 -0.025364472 0.000045940 0.000969138 0.999999523 0.847274244
0.999999940 0.000405000 0.000111251 0.016506724 -0.000404908 0.999999583 -0.000828864 -0.025553061 -0.000111587 0.000828819 0.999999642 1.024961591
0.999999881 -0.000061769 -0.000475091 0.035406459 0.000061481 0.999999762 -0.000607813 -0.027947001 0.000475128 0.000607783 0.999999702 1.171133280
0.999999940 0.000024155 -0.000385152 0.038356926 -0.000024268 0.999999881 -0.000293498 -0.034351218 0.000385144 0.000293508 0.999999881 1.354132771
0.999999940 0.000238757 -0.000326957 0.045342911 -0.000238815 0.999999881 -0.000177546 -0.046690077 0.000326915 0.000177624 0.999999881 1.544334292
1.000000000 -0.000048741 -0.000215272 0.048426844 0.000048708 0.999999940 -0.000152237 -0.052793544 0.000215279 0.000152226 1.000000000 1.734124780
1.000000000 0.000053139 -0.000303624 0.057434585 -0.000053134 1.000000000 0.000016288 -0.057541270 0.000303625 -0.000016272 1.000000000 1.936386824
1.000000000 0.000118160 -0.000222163 0.057540495 -0.000118158 0.999999940 0.000009040 -0.065545358 0.000222164 -0.000009014 1.000000000 2.151103735
0.999999762 0.000671673 -0.000146291 0.056166265 -0.000671634 0.999999762 0.000266895 -0.066802271 0.000146470 -0.000266797 0.999999940 2.390830040
0.999999881 0.000512644 -0.000288250 0.063234560 -0.000512588 0.999999881 0.000193052 -0.071061648 0.000288349 -0.000192904 0.999999881 2.614967823
0.999999821 0.000631268 0.000159295 0.063108988 -0.000631295 0.999999762 0.000167085 -0.080011018 -0.000159189 -0.000167186 0.999999940 2.849583626
0.999999702 0.000878956 0.000071384 0.069839232 -0.000878984 0.999999583 0.000399857 -0.085678905 -0.000071033 -0.000399919 0.999999881 3.073087931
0.999999821 0.000397207 0.000201801 0.069128625 -0.000397367 0.999999523 0.000794992 -0.100623742 -0.000201485 -0.000795072 0.999999642 3.302157164
0.999999881 0.000225157 0.000192615 0.080380812 -0.000225345 0.999999404 0.000978068 -0.111550495 -0.000192395 -0.000978111 0.999999523 3.535266876
0.999999821 0.000392262 0.000360718 0.083655164 -0.000392662 0.999999285 0.001111140 -0.116436429 -0.000360282 -0.001111281 0.999999285 3.793923378
1.000000000 -0.000139248 0.000108166 0.098045968 0.000139165 0.999999702 0.000770801 -0.120071448 -0.000108273 -0.000770786 0.999999702 4.075024605
0.999999940 0.000343019 0.000321424 0.102043718 -0.000343357 0.999999404 0.001051954 -0.126017228 -0.000321063 -0.001052064 0.999999404 4.335460663
0.999999940 0.000351098 0.000181367 0.097574323 -0.000351351 0.999998927 0.001398328 -0.145589471 -0.000180876 -0.001398392 0.999998927 4.575756073
0.999999940 0.000377544 0.000252160 0.102098636 -0.000377972 0.999998450 0.001696722 -0.156766623 -0.000251519 -0.001696817 0.999998510 4.831359863
0.999999940 -0.000323922 0.000195008 0.110681504 0.000323558 0.999998152 0.001865715 -0.160854787 -0.000195612 -0.001865652 0.999998212 5.099857330
0.999999821 -0.000470277 0.000200525 0.117546760 0.000469925 0.999998331 0.001751241 -0.166399211 -0.000201348 -0.001751147 0.999998391 5.362197399
0.999999940 -0.000386982 0.000220618 0.124527201 0.000386559 0.999998093 0.001912154 -0.177810609 -0.000221357 -0.001912068 0.999998093 5.633209229
0.999999940 -0.000296922 0.000222456 0.126591131 0.000296520 0.999998331 0.001806897 -0.182064012 -0.000222992 -0.001806831 0.999998331 5.909238338
0.999999821 0.000268729 0.000504353 0.137619540 -0.000269546 0.999998629 0.001619883 -0.197435200 -0.000503917 -0.001620019 0.999998569 6.157225609
0.999999762 0.000317369 0.000603758 0.144723147 -0.000318391 0.999998450 0.001694007 -0.208565846 -0.000603220 -0.001694198 0.999998391 6.435903549
0.999999464 0.000649318 0.000720515 0.147487476 -0.000650525 0.999998271 0.001676323 -0.215722293 -0.000719426 -0.001676791 0.999998331 6.728292942
0.999999404 0.000715799 0.000818380 0.153978124 -0.000717223 0.999998212 0.001740536 -0.224152923 -0.000817133 -0.001741122 0.999998212 7.037127018
0.999999583 0.000433998 0.000735165 0.154925629 -0.000435425 0.999997973 0.001941268 -0.235784113 -0.000734321 -0.001941588 0.999997854 7.308330536
0.999999404 0.000678471 0.000897875 0.162621662 -0.000680189 0.999997914 0.001914151 -0.248233885 -0.000896575 -0.001914761 0.999997795 7.607573509
0.999999523 0.000474308 0.000832784 0.178165644 -0.000476079 0.999997616 0.002127701 -0.251053661 -0.000831773 -0.002128096 0.999997377 7.920953274
0.999999344 0.000455900 0.001026180 0.184206545 -0.000458023 0.999997735 0.002069400 -0.259188145 -0.001025234 -0.002069869 0.999997318 8.241257668
0.999999762 0.000106580 0.000658548 0.186809242 -0.000107973 0.999997735 0.002115753 -0.273630083 -0.000658321 -0.002115823 0.999997556 8.563274384
0.999999523 0.000229864 0.000885216 0.189684406 -0.000231789 0.999997556 0.002175906 -0.281193852 -0.000884714 -0.002176111 0.999997258 8.902885437
0.999999583 0.000315890 0.000956326 0.200990722 -0.000318037 0.999997377 0.002245723 -0.293747336 -0.000955615 -0.002246026 0.999997020 9.220290184
0.999998093 0.001346967 0.001435113 0.201729834 -0.001350323 0.999996364 0.002340415 -0.307862848 -0.001431956 -0.002342348 0.999996245 9.551268578
0.999997377 0.001600088 0.001644311 0.211326092 -0.001604147 0.999995649 0.002470104 -0.317345113 -0.001640352 -0.002472735 0.999995649 9.890312195
0.999997973 0.001362808 0.001522679 0.216829702 -0.001366546 0.999996006 0.002456312 -0.327303112 -0.001519325 -0.002458387 0.999995828 10.257506371
0.999998450 0.000942224 0.001506174 0.225968614 -0.000946037 0.999996364 0.002532958 -0.345096231 -0.001503782 -0.002534379 0.999995589 10.626083374
0.999998868 0.000536736 0.001410441 0.235734195 -0.000540303 0.999996603 0.002529653 -0.354050130 -0.001409078 -0.002530412 0.999995828 10.991257668
0.999999046 0.000528159 0.001283233 0.248536676 -0.000531467 0.999996543 0.002579251 -0.371458471 -0.001281866 -0.002579930 0.999995768 11.362836838
0.999998152 0.001214837 0.001492066 0.254775912 -0.001219157 0.999995053 0.002897429 -0.380834579 -0.001488538 -0.002899243 0.999994636 11.741607666
0.999999046 0.000597497 0.001349800 0.269042939 -0.000601571 0.999995291 0.003019675 -0.396102488 -0.001347989 -0.003020484 0.999994516 12.130530357
0.999998331 0.001223983 0.001351794 0.287329108 -0.001228407 0.999993861 0.003276914 -0.416729510 -0.001347775 -0.003278569 0.999993742 12.484977722
0.999998987 0.000754677 0.001241133 0.298708975 -0.000758848 0.999994040 0.003364088 -0.428289056 -0.001238588 -0.003365027 0.999993622 12.878573418
0.999998271 0.001303135 0.001257055 0.306468785 -0.001307616 0.999992728 0.003570644 -0.438395917 -0.001252393 -0.003572282 0.999992847 13.283319473
0.999996781 0.001677059 0.001871604 0.310756385 -0.001683945 0.999991834 0.003683329 -0.448111564 -0.001865412 -0.003686470 0.999991477 13.685438156
0.999998271 0.000731862 0.001719742 0.331855565 -0.000738457 0.999992311 0.003837601 -0.484526694 -0.001716921 -0.003838865 0.999991179 14.063701630
0.999998689 0.000419804 0.001593976 0.347131461 -0.000426413 0.999991298 0.004148515 -0.499075323 -0.001592220 -0.004149190 0.999990165 14.483900070
0.999998152 0.000247262 0.001898448 0.365959257 -0.000255489 0.999990582 0.004334934 -0.520536661 -0.001897359 -0.004335410 0.999988854 14.883479118
0.999997973 0.000484064 0.001956929 0.373976290 -0.000492961 0.999989450 0.004548556 -0.535091221 -0.001954707 -0.004549510 0.999987721 15.341814995
0.999995768 0.001226067 0.002651858 0.380753905 -0.001237757 0.999989390 0.004411220 -0.544934273 -0.002646422 -0.004414483 0.999986768 15.781911850
0.999995410 0.001171380 0.002799789 0.390716374 -0.001185248 0.999987006 0.004956508 -0.564949393 -0.002793947 -0.004959804 0.999983788 16.202981949
0.999995112 0.000794226 0.003036659 0.398616850 -0.000808495 0.999988675 0.004700382 -0.576225758 -0.003032892 -0.004702814 0.999984324 16.649145126
0.999994278 0.001268116 0.003148586 0.416757882 -0.001283892 0.999986589 0.005013547 -0.589633584 -0.003142186 -0.005017560 0.999982476 17.108217239
0.999994159 0.000595530 0.003345562 0.424825490 -0.000612309 0.999987245 0.005016564 -0.597174406 -0.003342532 -0.005018584 0.999981821 17.556512833
0.999993145 0.000544622 0.003690712 0.439189225 -0.000563897 0.999986231 0.005223563 -0.609706640 -0.003687817 -0.005225607 0.999979556 18.021299362
0.999991715 0.000827888 0.003966251 0.450848907 -0.000848988 0.999985456 0.005321330 -0.620370328 -0.003961788 -0.005324654 0.999978006 18.497268677
0.999991894 0.000348661 0.004010973 0.464184284 -0.000369146 0.999986887 0.005107509 -0.636449397 -0.004009140 -0.005108948 0.999978900 18.949607849
0.999991596 0.000451677 0.004067986 0.470411628 -0.000476388 0.999981344 0.006075699 -0.674629927 -0.004065165 -0.006077587 0.999973297 19.408618927
0.999990523 0.000794949 0.004266045 0.480843931 -0.000820290 0.999981940 0.005941693 -0.683973432 -0.004261244 -0.005945136 0.999973297 19.886013031
0.999991775 0.000220621 0.004046833 0.498673350 -0.000245061 0.999981701 0.006039728 -0.697079480 -0.004045426 -0.006040671 0.999973595 20.367670059
0.999993622 0.000671064 0.003497141 0.512268662 -0.000692917 0.999980152 0.006251345 -0.721014917 -0.003492877 -0.006253729 0.999974370 20.839218140
0.999996305 0.000985689 0.002526583 0.520887256 -0.001002028 0.999978483 0.006473678 -0.730761409 -0.002520148 -0.006476186 0.999975860 21.342262268
0.999995828 0.001202672 0.002612520 0.519076824 -0.001219661 0.999978065 0.006511070 -0.743015945 -0.002604632 -0.006514230 0.999975443 21.848470688
0.999996543 0.000627547 0.002542638 0.537986279 -0.000644788 0.999976873 0.006785662 -0.759451270 -0.002538321 -0.006787279 0.999973774 22.329912186
0.999997318 0.000650392 0.002193241 0.548297644 -0.000665407 0.999976277 0.006852522 -0.767515957 -0.002188732 -0.006853963 0.999974191 22.849842072
0.999999106 -0.000155942 0.001322584 0.563405693 0.000147244 0.999978364 0.006573718 -0.780705571 -0.001323581 -0.006573517 0.999977469 23.336841583
0.999999106 -0.000896818 0.000908216 0.567567825 0.000890752 0.999977410 0.006657955 -0.796992004 -0.000914167 -0.006657139 0.999977410 23.852037430
0.999999821 -0.000072071 0.000423887 0.579288483 0.000069183 0.999976814 0.006809749 -0.808924079 -0.000424368 -0.006809718 0.999976695 24.377006531
0.999999940 0.000136990 -0.000250627 0.587760091 -0.000135258 0.999976218 0.006898693 -0.819659531 0.000251566 -0.006898658 0.999976158 24.899841309
0.999999464 0.000583206 -0.000874199 0.593576968 -0.000577034 0.999975085 0.007043659 -0.829261065 0.000878285 -0.007043150 0.999974847 25.431983948
0.999998868 0.000281172 -0.001455064 0.605301797 -0.000270705 0.999974072 0.007188467 -0.844767213 0.001457047 -0.007188065 0.999973118 25.964208603
0.999998152 -0.000187433 -0.001922888 0.611980021 0.000202196 0.999970496 0.007680146 -0.858416796 0.001921391 -0.007680520 0.999968708 26.504171371
0.999996543 -0.000078962 -0.002651613 0.626239538 0.000099670 0.999969482 0.007810270 -0.879712045 0.002650915 -0.007810507 0.999966025 27.064899445
0.999995947 0.000399057 -0.002812988 0.634201407 -0.000377324 0.999970138 0.007722056 -0.891008854 0.002815985 -0.007720964 0.999966204 27.561246872
0.999995708 0.000279803 -0.002956931 0.643165290 -0.000256169 0.999968052 0.007989888 -0.902968526 0.002959072 -0.007989096 0.999963760 28.101144791
0.999993443 0.000247075 -0.003612495 0.652491748 -0.000218411 0.999968469 0.007932900 -0.916821837 0.003614342 -0.007932059 0.999962032 28.633813858
0.999994159 0.000954897 -0.003282207 0.659788132 -0.000928138 0.999966383 0.008144665 -0.922582269 0.003289874 -0.008141572 0.999961376 29.210992813
0.999992073 0.000166740 -0.003978552 0.662261724 -0.000134573 0.999967337 0.008084180 -0.940017104 0.003979770 -0.008083580 0.999959409 29.702133179
0.999992371 0.000852913 -0.003800896 0.671215594 -0.000822337 0.999967396 0.008038774 -0.952854991 0.003807628 -0.008035587 0.999960482 30.254343033
0.999991357 0.000487786 -0.004113116 0.678619146 -0.000454280 0.999966741 0.008142930 -0.964547038 0.004116952 -0.008140993 0.999958336 30.778656006
0.999988794 0.000015822 -0.004737223 0.702451944 0.000022165 0.999967933 0.008018554 -0.981749177 0.004737199 -0.008018570 0.999956608 31.317472458
0.999987423 0.000464257 -0.004985937 0.712499917 -0.000424333 0.999967873 0.008005288 -0.997549653 0.004989494 -0.008003074 0.999955535 31.846252441
0.999987602 0.000411888 -0.004962460 0.710868716 -0.000370330 0.999964893 0.008372410 -1.009373784 0.004965734 -0.008370468 0.999952614 32.388679504
0.999988496 0.000769305 -0.004746093 0.713857770 -0.000728934 0.999963641 0.008502067 -1.024666309 0.004752461 -0.008498509 0.999952555 32.933708191
0.999986112 0.000783072 -0.005216279 0.714411020 -0.000737865 0.999962211 0.008662825 -1.034609795 0.005222865 -0.008658855 0.999948859 33.492099762
0.999984145 0.000353541 -0.005623533 0.731160402 -0.000304935 0.999962628 0.008641801 -1.050125003 0.005626379 -0.008639950 0.999946773 34.003959656
0.999984324 0.000509287 -0.005578974 0.742091596 -0.000462455 0.999964654 0.008392604 -1.027991295 0.005583052 -0.008389892 0.999949217 34.620601654
0.999982953 0.000552671 -0.005828852 0.749579251 -0.000499401 0.999958158 0.009136527 -1.075333118 0.005833658 -0.009133460 0.999941230 35.098453522
0.999980569 -0.000274499 -0.006241831 0.764738023 0.000331835 0.999957800 0.009186569 -1.088606238 0.006239046 -0.009188461 0.999938309 35.637649536
0.999983907 -0.000017643 -0.005681782 0.780358851 0.000071120 0.999955714 0.009411936 -1.114998460 0.005681365 -0.009412188 0.999939561 36.171119690
0.999983728 0.000802489 -0.005646860 0.762876034 -0.000750671 0.999957561 0.009172664 -1.134742975 0.005653981 -0.009168277 0.999942005 36.692413330
0.999981105 0.000298294 -0.006158533 0.774360895 -0.000240620 0.999956071 0.009363529 -1.147832632 0.006161055 -0.009361870 0.999937177 37.240787506
0.999980092 0.000269434 -0.006309689 0.793159008 -0.000209548 0.999954879 0.009489895 -1.161221623 0.006311961 -0.009488382 0.999935031 37.799182892
0.999979258 0.000342185 -0.006437580 0.783928633 -0.000278836 0.999951541 0.009838771 -1.172626495 0.006440634 -0.009836771 0.999930918 38.345432281
0.999978244 0.000555041 -0.006573730 0.783646584 -0.000494415 0.999957383 0.009220353 -1.180676103 0.006578567 -0.009216904 0.999935806 38.824199677
0.999976099 0.000354398 -0.006907383 0.794490576 -0.000291096 0.999957979 0.009163243 -1.194249630 0.006910339 -0.009161014 0.999934137 39.371662140
0.999977469 0.000761004 -0.006677093 0.807954907 -0.000696981 0.999953866 0.009585450 -1.214888453 0.006684079 -0.009580581 0.999931753 39.909591675
0.999976218 0.000107953 -0.006896242 0.815704346 -0.000042042 0.999954343 0.009557064 -1.226574421 0.006896959 -0.009556547 0.999930501 40.473575592
0.999975741 0.000771030 -0.006923673 0.826585293 -0.000697986 0.999944150 0.010546057 -1.281970978 0.006931417 -0.010540968 0.999920428 40.976119995
0.999974847 0.000251454 -0.007096957 0.841545224 -0.000174027 0.999940515 0.010908321 -1.295294046 0.007099277 -0.010906812 0.999915361 41.526210785
0.999975622 0.000415010 -0.006973871 0.851017773 -0.000339032 0.999940693 0.010892222 -1.306119561 0.006977977 -0.010889592 0.999916375 42.057880402
0.999973655 0.000493766 -0.007241901 0.857487559 -0.000413546 0.999938607 0.011074589 -1.312066674 0.007246924 -0.011071303 0.999912500 42.596897125
0.999972045 0.000522591 -0.007462222 0.862385273 -0.000444711 0.999945402 0.010434462 -1.322718024 0.007467269 -0.010430849 0.999917626 43.160152435
0.999972284 0.000687119 -0.007405728 0.871108294 -0.000610892 0.999946892 0.010290427 -1.332096100 0.007412403 -0.010285620 0.999919653 43.702709198
0.999971807 0.000835655 -0.007462848 0.879135609 -0.000758182 0.999945819 0.010377951 -1.342290521 0.007471115 -0.010372000 0.999918282 44.245983124
0.999972463 0.001399629 -0.007298631 0.885544777 -0.001326497 0.999948978 0.010015153 -1.352027774 0.007312276 -0.010005196 0.999923229 44.795955658
0.999971807 0.000992477 -0.007443112 0.903992236 -0.000914459 0.999944687 0.010477929 -1.371277332 0.007453100 -0.010470828 0.999917328 45.316848755
0.999972165 0.001673894 -0.007266696 0.908769310 -0.001603320 0.999951601 0.009706968 -1.369238973 0.007282592 -0.009695045 0.999926507 45.865013123
0.999967754 0.001174212 -0.007935890 0.931880474 -0.001088284 0.999940753 0.010823453 -1.408712387 0.007948129 -0.010814467 0.999909937 46.377674103
0.999969363 0.000979432 -0.007764480 0.921144485 -0.000895067 0.999940634 0.010861550 -1.406865358 0.007774657 -0.010854268 0.999910891 46.923507690
0.999971211 0.001566208 -0.007437980 0.947171926 -0.001484068 0.999937952 0.011036032 -1.426969647 0.007454804 -0.011024674 0.999911427 47.447692871
0.999971807 0.001242819 -0.007394243 0.927581072 -0.001162436 0.999940276 0.010865403 -1.423440933 0.007407306 -0.010856503 0.999913633 47.983093262
0.999969959 0.001103918 -0.007656924 0.939109206 -0.001022374 0.999942780 0.010645542 -1.432951689 0.007668237 -0.010637395 0.999914050 48.533390045
0.999971271 0.001077589 -0.007506787 0.946667969 -0.000996946 0.999941766 0.010738164 -1.446037412 0.007517923 -0.010730373 0.999914169 49.073646545
0.999968946 0.001593506 -0.007718361 0.956892669 -0.001509030 0.999939024 0.010938359 -1.451579332 0.007735320 -0.010926372 0.999910355 49.623661041
0.999970734 0.001080531 -0.007564598 0.954828739 -0.000999390 0.999942005 0.010722036 -1.466381073 0.007575744 -0.010714163 0.999913931 50.130889893
0.999967873 0.001515309 -0.007871266 0.961111665 -0.001431710 0.999942660 0.010615723 -1.473280907 0.007886901 -0.010604112 0.999912679 50.680568695
0.999971390 0.001358106 -0.007433836 0.959673941 -0.001276232 0.999938548 0.011007329 -1.486869335 0.007448328 -0.010997527 0.999911726 51.192100525
0.999970675 0.001483900 -0.007512356 0.969738722 -0.001403030 0.999941051 0.010758777 -1.497960806 0.007527879 -0.010747923 0.999913931 51.735801697
0.999970555 0.001421297 -0.007543508 0.979437053 -0.001339733 0.999940634 0.010806512 -1.504138231 0.007558420 -0.010796086 0.999913156 52.270248413
0.999970794 0.001474557 -0.007502216 0.984292030 -0.001393703 0.999940991 0.010771068 -1.514532208 0.007517656 -0.010760296 0.999913871 52.822776794
0.999971151 0.002120445 -0.007296733 0.993938208 -0.002042848 0.999941468 0.010625447 -1.525856614 0.007318836 -0.010610233 0.999916911 53.347724915
0.999970376 0.001764411 -0.007476437 1.002938747 -0.001682144 0.999938071 0.010995424 -1.538511634 0.007495376 -0.010982524 0.999911606 53.932762146
0.999972105 0.001743372 -0.007264843 1.007584095 -0.001664859 0.999940276 0.010799266 -1.549943686 0.007283237 -0.010786871 0.999915242 54.404438019
0.999972165 0.001837868 -0.007231422 1.013022065 -0.001757992 0.999937534 0.011036695 -1.560899258 0.007251255 -0.011023674 0.999912858 54.932697296
0.999971628 0.002031952 -0.007252677 1.018241882 -0.001950654 0.999935389 0.011199035 -1.567144156 0.007274966 -0.011184569 0.999910891 55.485141754
0.999970853 0.001357338 -0.007514352 1.031316280 -0.001272212 0.999935091 0.011321707 -1.580347776 0.007529232 -0.011311817 0.999907613 56.027381897
0.999972343 0.001746733 -0.007244457 1.045337439 -0.001664232 0.999933898 0.011378477 -1.601158619 0.007263854 -0.011366105 0.999909043 56.515739441
0.999969244 0.001293362 -0.007734112 1.051093698 -0.001212517 0.999944627 0.010448770 -1.567405224 0.007747198 -0.010439070 0.999915481 57.201503754
0.999971867 0.001774948 -0.007282403 1.059672832 -0.001692561 0.999934673 0.011303739 -1.621365309 0.007301991 -0.011291096 0.999909580 57.592407227
0.999972403 0.002187470 -0.007106117 1.063869953 -0.002106053 0.999932289 0.011444641 -1.629779220 0.007130670 -0.011429360 0.999909222 58.145496368
0.999973178 0.001839562 -0.007091682 1.076323509 -0.001759716 0.999935150 0.011248953 -1.639940619 0.007111916 -0.011236172 0.999911606 58.649963379
0.999969721 0.001408917 -0.007661395 1.093006372 -0.001322539 0.999935627 0.011267776 -1.639156222 0.007676777 -0.011257303 0.999907136 59.241130829
0.999972820 0.002185969 -0.007043095 1.097051978 -0.002104784 0.999931514 0.011513771 -1.666449070 0.007067780 -0.011498635 0.999908924 59.727848053
0.999972224 0.002005999 -0.007185166 1.118255377 -0.001923870 0.999932945 0.011419062 -1.670880675 0.007207591 -0.011404921 0.999909043 60.288570404
0.999972165 0.001878966 -0.007222536 1.106789351 -0.001797256 0.999934554 0.011303193 -1.675199151 0.007243302 -0.011289898 0.999910057 60.856971741
0.999969482 0.001531209 -0.007659080 1.109632730 -0.001444972 0.999935687 0.011252397 -1.688462138 0.007675817 -0.011240985 0.999907374 61.425704956
0.999968350 0.000703410 -0.007927638 1.095490932 -0.000616134 0.999939203 0.011006104 -1.704642057 0.007934897 -0.011000868 0.999908030 62.013622284
0.999965906 -0.000712661 -0.008228472 1.062784433 0.000807688 0.999932885 0.011551017 -1.739683867 0.008219688 -0.011557271 0.999899447 62.582057953
0.999968529 0.001242004 -0.007842273 1.130827665 -0.001153372 0.999935508 0.011296296 -1.745251894 0.007855798 -0.011286896 0.999905467 63.211082458
0.999967635 0.001034447 -0.007979814 1.138900161 -0.000941600 0.999931931 0.011630198 -1.753634214 0.007991302 -0.011622309 0.999900579 63.732669830
0.999969602 0.003450712 -0.006995884 1.155156136 -0.003364074 0.999917984 0.012358438 -1.765424728 0.007037955 -0.012334527 0.999899149 63.985244751
0.999970317 0.003058680 -0.007070661 1.166221023 -0.002972046 0.999920905 0.012230664 -1.777729273 0.007107510 -0.012209288 0.999900222 64.525230408
0.999971569 0.002886853 -0.006952482 1.176202536 -0.002803398 0.999924302 0.011983679 -1.783912182 0.006986551 -0.011963848 0.999904037 65.067726135
0.999972165 0.002978671 -0.006844886 1.179861546 -0.002894150 0.999919951 0.012324885 -1.796024799 0.006881049 -0.012304733 0.999900639 65.612831116
0.999971747 0.003856404 -0.006447732 1.181378961 -0.003777427 0.999918222 0.012216234 -1.803932190 0.006494316 -0.012191533 0.999904573 66.129699707
0.999973595 0.002229120 -0.006928280 1.191396713 -0.002141291 0.999917626 0.012658474 -1.803595304 0.006955927 -0.012643304 0.999895871 66.644653320
0.999969065 0.004354347 -0.006562156 1.207517028 -0.004276788 0.999921322 0.011787077 -1.830211401 0.006612966 -0.011758648 0.999908984 67.181678772
0.999969721 0.004832915 -0.006109941 1.208745599 -0.004759939 0.999917805 0.011902399 -1.834110141 0.006166963 -0.011872956 0.999910533 67.737541199
0.999970675 0.003408451 -0.006865656 1.218138456 -0.003325391 0.999921560 0.012073238 -1.840694189 0.006906268 -0.012050053 0.999903500 68.328956604
0.999968350 0.003872412 -0.006953461 1.226925850 -0.003789990 0.999922812 0.011827732 -1.851614714 0.006998727 -0.011801003 0.999905884 68.874954224
0.999969125 0.004760638 -0.006254295 1.204487801 -0.004681338 0.999909222 0.012633312 -1.875582218 0.006313871 -0.012603644 0.999900639 69.381202698
0.999968648 0.004322749 -0.006636172 1.229309916 -0.004243746 0.999920487 0.011873013 -1.844628572 0.006686968 -0.011844479 0.999907494 70.015319824
0.999972701 0.002826402 -0.006822602 1.234156132 -0.002740655 0.999917507 0.012544964 -1.892336369 0.006857497 -0.012525924 0.999898016 70.457870483
0.999970078 0.004355972 -0.006390071 1.233203650 -0.004275705 0.999912441 0.012521514 -1.909761667 0.006444055 -0.012493820 0.999901175 70.992012024
0.999968529 0.003697466 -0.007015393 1.260577202 -0.003606604 0.999910057 0.012920554 -1.909651279 0.007062535 -0.012894848 0.999891877 71.540634155
0.999969661 0.005062686 -0.005916050 1.240357399 -0.004988037 0.999908626 0.012565563 -1.930216312 0.005979126 -0.012535673 0.999903500 72.086547852
0.999968350 0.005091613 -0.006114579 1.250245810 -0.005013608 0.999906778 0.012705587 -1.936679602 0.006178701 -0.012674531 0.999900579 72.628318787
0.999969602 0.004530925 -0.006347628 1.263949156 -0.004449447 0.999908268 0.012791876 -1.948362947 0.006405006 -0.012763246 0.999898016 73.167526245
0.999971092 0.004260848 -0.006294337 1.270784378 -0.004181294 0.999911845 0.012598525 -1.953382492 0.006347463 -0.012571845 0.999900758 73.701583862
0.999969006 0.004930639 -0.006126223 1.274192452 -0.004853107 0.999908745 0.012606888 -1.965661526 0.006187823 -0.012576767 0.999901772 74.256401062
0.999969006 0.004554152 -0.006428860 1.294620991 -0.004473668 0.999912083 0.012478743 -1.975681424 0.006485126 -0.012449597 0.999901474 74.814537048
0.999970853 0.004424850 -0.006218483 1.296765924 -0.004347003 0.999912739 0.012476881 -1.983115196 0.006273149 -0.012449485 0.999902785 75.324508667
0.999970555 0.004804785 -0.005979464 1.300766945 -0.004731020 0.999913335 0.012290064 -1.988693476 0.006037997 -0.012261415 0.999906540 75.884277344
0.999972343 0.004309866 -0.006045018 1.303203464 -0.004235472 0.999915779 0.012265981 -1.996184826 0.006097374 -0.012240041 0.999906480 76.423591614
0.999971449 0.004692298 -0.005912289 1.290766835 -0.004617080 0.999909043 0.012672286 -2.012177944 0.005971214 -0.012644624 0.999902189 76.951835632
0.999972820 0.004489792 -0.005835621 1.316300511 -0.004420391 0.999920070 0.011851635 -1.991132975 0.005888365 -0.011825519 0.999912739 77.610511780
0.999974608 0.004380726 -0.005625307 1.305755734 -0.004309802 0.999911845 0.012558872 -2.028219938 0.005679828 -0.012534310 0.999905229 78.029937744
0.999973238 0.004453673 -0.005795991 1.310247421 -0.004381327 0.999913096 0.012435406 -2.039434433 0.005850871 -0.012409681 0.999905884 78.574310303
0.999973118 0.004757798 -0.005576723 1.313418150 -0.004690165 0.999916077 0.012078832 -2.044747353 0.005633724 -0.012052352 0.999911487 79.125999451
0.999976277 0.004437652 -0.005269676 1.319843769 -0.004374554 0.999919295 0.011925533 -2.048732042 0.005322172 -0.011902195 0.999915004 79.680000305
0.999981403 0.004637216 -0.003950529 1.326954365 -0.004589572 0.999917626 0.011984846 -2.058321714 0.004005780 -0.011966494 0.999920368 80.232086182
0.999986351 0.004288910 -0.002990508 1.342595458 -0.004251467 0.999913812 0.012416679 -2.075630665 0.003043505 -0.012403795 0.999918461 80.775619507
0.999988258 0.004669392 -0.001305397 1.351068258 -0.004653338 0.999916613 0.012041925 -2.078459740 0.001361517 -0.012035707 0.999926627 81.335060120
0.999986470 0.004699151 0.002230000 1.367454052 -0.004725733 0.999916017 0.012068822 -2.089982748 -0.002173100 -0.012079200 0.999924600 81.880775452
0.999974906 0.004147644 0.005746393 1.384057760 -0.004216468 0.999918878 0.012017040 -2.095175028 -0.005696086 -0.012040968 0.999911308 82.446289062
0.999950290 0.004223313 0.009032564 1.399886489 -0.004331516 0.999918640 0.011993287 -2.101920605 -0.008981178 -0.012031815 0.999887228 82.991615295
0.999893188 0.004666860 0.013849452 1.423710465 -0.004830165 0.999918878 0.011781547 -2.112746716 -0.013793346 -0.011847183 0.999834657 83.538124084
0.999788284 0.004426371 0.020095885 1.444342613 -0.004666710 0.999917984 0.011928518 -2.120539188 -0.020041436 -0.012019772 0.999726892 84.097045898
0.999659002 0.004229172 0.025770433 1.483161330 -0.004545042 0.999915063 0.012210859 -2.135960579 -0.025716605 -0.012323821 0.999593318 84.618957520
0.999492109 0.004829651 0.031499900 1.497893572 -0.005215188 0.999912322 0.012168638 -2.140524387 -0.031438369 -0.012326735 0.999429703 85.177612305
0.999207795 0.004970181 0.039485704 1.535113454 -0.005447426 0.999913275 0.011988144 -2.143920183 -0.039422706 -0.012193741 0.999148190 85.747413635
0.998860121 0.004768677 0.047494072 1.580305099 -0.005334245 0.999916196 0.011788555 -2.154223919 -0.047433879 -0.012028462 0.998801947 86.290847778
0.998524606 0.004184876 0.054139793 1.625510216 -0.004842777 0.999915898 0.012026411 -2.161684036 -0.054084912 -0.012270852 0.998460948 86.821166992
0.997996449 0.004339177 0.063120738 1.674256802 -0.005091029 0.999917924 0.011755383 -2.170590639 -0.063064553 -0.012053180 0.997936666 87.364723206
0.997308850 0.004244104 0.073193118 1.733486652 -0.005120486 0.999917388 0.011790056 -2.178649902 -0.073137045 -0.012133110 0.997248113 87.908973694
0.996654034 0.003577054 0.081657715 1.798024654 -0.004540476 0.999922216 0.011615659 -2.188484669 -0.081609800 -0.011947560 0.996592760 88.449829102
0.996011555 0.003059090 0.089171328 1.870547771 -0.004100893 0.999925375 0.011502299 -2.197411060 -0.089129478 -0.011822105 0.995949864 88.996482849
0.995011628 0.003139027 0.099709503 1.946018696 -0.004321689 0.999922812 0.011647298 -2.206450939 -0.099665247 -0.012020108 0.994948447 89.546348572
0.993887246 0.002928975 0.110361226 2.023046017 -0.004231626 0.999924064 0.011571150 -2.214852810 -0.110318951 -0.011967426 0.993824124 90.091560364
0.992857397 0.002267235 0.119286366 2.108675003 -0.003626551 0.999930918 0.011179559 -2.222928047 -0.119252793 -0.011532305 0.992796957 90.643264771
0.991495490 0.002065832 0.130124807 2.204234123 -0.003572113 0.999929309 0.011343325 -2.230725765 -0.130092189 -0.011711678 0.991432667 91.180427551
0.989790022 0.002005364 0.142519295 2.299588203 -0.003664524 0.999928474 0.011380130 -2.243381500 -0.142486289 -0.011786204 0.989726603 91.713905334
0.988221705 0.001062033 0.153025120 2.407475471 -0.002770318 0.999936163 0.010950645 -2.247408390 -0.153003737 -0.011245592 0.988161623 92.262229919
0.986537278 0.000750843 0.163534418 2.517148018 -0.002609851 0.999934494 0.011153141 -2.256866932 -0.163515285 -0.011429790 0.986474514 92.804489136
0.984340668 0.000609294 0.176275343 2.641382217 -0.002547047 0.999938786 0.010766712 -2.266802549 -0.176257968 -0.011047094 0.984282017 93.329803467
0.982038617 0.000191858 0.188679919 2.756089211 -0.002313209 0.999936581 0.011022981 -2.275232315 -0.188665837 -0.011261450 0.981976748 93.859031677
0.980050206 -0.000258441 0.198749691 2.881166458 -0.001975913 0.999937057 0.011043637 -2.284584999 -0.198740035 -0.011216032 0.979987979 94.392684937
0.977293670 -0.000474486 0.211888865 3.013872147 -0.001889324 0.999938190 0.010953293 -2.293149948 -0.211880982 -0.011104911 0.977232337 94.924400330
0.974335372 -0.000797636 0.225099906 3.160430908 -0.001750117 0.999936640 0.011118556 -2.302033186 -0.225094542 -0.011227155 0.974272251 95.459785461
0.971689105 -0.001652759 0.236257374 3.304616928 -0.000976825 0.999938905 0.011012685 -2.310027599 -0.236261129 -0.010931690 0.971628070 95.991233826
0.968624115 -0.001470266 0.248526022 3.458496094 -0.001280138 0.999939740 0.010904893 -2.321049929 -0.248527065 -0.010880892 0.968563855 96.521263123
0.964931607 -0.001849472 0.262494832 3.618005753 -0.001127008 0.999936759 0.011188185 -2.333118439 -0.262498945 -0.011091667 0.964868546 97.032112122
0.961531818 -0.002219413 0.274684757 3.789999008 -0.000848667 0.999938548 0.011050108 -2.344502687 -0.274692476 -0.010858145 0.961470783 97.550689697
0.957976341 -0.001443466 0.286843479 3.926540375 -0.001749970 0.999939322 0.010876345 -2.345644474 -0.286841720 -0.010921247 0.957915723 98.048110962
0.953833282 -0.002085876 0.300329298 4.121965408 -0.001282559 0.999938488 0.011018223 -2.357011318 -0.300333768 -0.010894737 0.953771889 98.560867310
0.949007988 -0.001519064 0.315248400 4.319509506 -0.002052172 0.999937356 0.010996080 -2.360893726 -0.315245390 -0.011082310 0.948945463 99.174682617
0.945336282 -0.002321605 0.326088727 4.527896881 -0.001417000 0.999935985 0.011226997 -2.374891281 -0.326093882 -0.011075355 0.945272505 99.675025940
0.940839946 -0.002253583 0.338843763 4.741586685 -0.001683140 0.999934494 0.011323809 -2.386709213 -0.338847041 -0.011224213 0.940774500 100.202743530
0.935820937 -0.002564472 0.352466494 4.971328735 -0.001515233 0.999934971 0.011298358 -2.396648884 -0.352472484 -0.011107308 0.935756266 100.724067688
0.931056976 -0.003165822 0.364860147 5.200300217 -0.001026483 0.999935687 0.011295648 -2.402520657 -0.364872456 -0.010891417 0.930993795 101.250740051
0.926953435 -0.003746694 0.375157684 5.433160782 -0.000507007 0.999936700 0.011239084 -2.411359310 -0.375176102 -0.010608315 0.926892877 101.755119324
0.921482146 -0.004183766 0.388398170 5.674301147 -0.000086164 0.999939740 0.010975624 -2.414631367 -0.388420761 -0.010147308 0.921426177 102.257240295
0.915877461 -0.004322904 0.401434660 5.920982361 -0.000005970 0.999941885 0.010781631 -2.421888351 -0.401457936 -0.009877048 0.915824234 102.753211975
0.910975814 -0.005137704 0.412427843 6.181423187 0.000876885 0.999944270 0.010519650 -2.430912018 -0.412458837 -0.009221495 0.910929561 103.263000488
0.904496372 -0.005318371 0.426448077 6.445022583 0.000625171 0.999937713 0.011144557 -2.446352482 -0.426480740 -0.009813609 0.904443383 103.761100769
0.897659481 -0.005530734 0.440655321 6.718231201 0.000887039 0.999941885 0.010743439 -2.450703621 -0.440689206 -0.009253072 0.897612095 104.265441895
0.891762733 -0.006512740 0.452456474 6.999580383 0.001779766 0.999939144 0.010885499 -2.461724520 -0.452499837 -0.008902015 0.891720057 104.753982544
0.886371672 -0.007144889 0.462919176 7.286159515 0.002317308 0.999936998 0.010996395 -2.470513105 -0.462968588 -0.008674166 0.886332273 105.238624573
0.879361212 -0.007913637 0.476089478 7.577915192 0.003103165 0.999935865 0.010889394 -2.478933096 -0.476145178 -0.008098328 0.879329383 105.721351624
0.872264504 -0.008019482 0.488968641 7.866138458 0.002939715 0.999933481 0.011155601 -2.490129948 -0.489025533 -0.008293206 0.872229993 106.197387695
0.866361976 -0.008400420 0.499345958 8.158840179 0.003503210 0.999936163 0.010743725 -2.496442795 -0.499404281 -0.007558642 0.866336107 106.658088684
