1.000000000 0.000000000 0.000000000 0.000000000 0.000000000 1.000000000 0.000000000 0.000000000 0.000000000 0.000000000 1.000000000 0.000000000
1.000000000 0.000103294 0.000104240 -0.002956380 -0.000103280 1.000000000 -0.000139446 0.003480006 -0.000104254 0.000139436 1.000000000 0.004727158
1.000000000 0.000000644 0.000004445 0.000199631 -0.000000644 1.000000000 -0.000115002 0.001686914 -0.000004445 0.000115002 1.000000000 0.004913504
1.000000000 0.000221671 0.000027893 0.003130729 -0.000221669 1.000000000 -0.000082608 0.001533426 -0.000027911 0.000082602 1.000000000 0.001111795
1.000000000 0.000186446 0.000067102 0.002370255 -0.000186451 1.000000000 0.000077703 0.001049257 -0.000067088 -0.000077715 1.000000000 0.000627548
1.000000000 0.000049243 0.000040929 -0.000343672 -0.000049248 1.000000000 0.000109448 -0.000060184 -0.000040923 -0.000109450 1.000000000 -0.000673519
0.999999940 0.000092319 0.000233937 -0.006984249 -0.000092271 1.000000000 -0.000202721 0.003705726 -0.000233956 0.000202700 0.999999940 0.005251384
1.000000000 0.000030692 0.000034810 -0.000609838 -0.000030694 1.000000000 0.000050028 0.000711070 -0.000034809 -0.000050029 1.000000000 -0.000792082
1.000000000 0.000025916 0.000151159 -0.005813466 -0.000025894 1.000000000 -0.000142553 0.002773453 -0.000151162 0.000142549 1.000000000 0.006572716
0.999999940 0.000225507 0.000187256 -0.002852021 -0.000225489 0.999999940 -0.000100645 0.001091994 -0.000187278 0.000100603 1.000000000 -0.002451006
0.999999940 0.000206000 0.000230894 -0.003673689 -0.000205963 0.999999940 -0.000160477 0.002070245 -0.000230927 0.000160429 0.999999940 0.000677310
0.999999940 0.000210541 0.000242015 -0.005134095 -0.000210521 1.000000000 -0.000082835 0.001635605 -0.000242033 0.000082784 0.999999940 -0.002505370
1.000000000 0.000101779 0.000156931 -0.004228882 -0.000101788 1.000000000 0.000054637 -0.000127373 -0.000156925 -0.000054653 1.000000000 -0.004945821
1.000000000 -0.000101579 0.000101478 -0.003498823 0.000101578 1.000000000 0.000011379 -0.000642278 -0.000101479 -0.000011369 1.000000000 -0.001603123
1.000000000 0.000058561 0.000090089 -0.001287556 -0.000058555 1.000000000 -0.000069859 0.000804167 -0.000090093 0.000069853 1.000000000 -0.004123452
1.000000000 -0.000125508 -0.000072094 0.000914293 0.000125505 1.000000000 -0.000033037 0.001033467 0.000072098 0.000033028 1.000000000 -0.006542701
1.000000000 -0.000209305 0.000022588 -0.003290055 0.000209306 1.000000000 -0.000035481 0.000053984 -0.000022581 0.000035486 1.000000000 -0.004227523
1.000000000 -0.000044540 0.000157288 -0.004666714 0.000044534 1.000000000 0.000037207 0.000017403 -0.000157290 -0.000037200 1.000000000 -0.005252872
1.000000000 0.000078870 0.000059842 -0.001847763 -0.000078870 1.000000000 -0.000004671 0.001658967 -0.000059842 0.000004666 1.000000000 -0.007852876
1.000000000 -0.000148372 -0.000022782 -0.001445870 0.000148373 1.000000000 0.000022004 -0.001199724 0.000022779 -0.000022007 1.000000000 -0.008587484
1.000000000 -0.000050981 0.000022832 -0.000322920 0.000050981 1.000000000 -0.000031132 -0.000220449 -0.000022831 0.000031133 1.000000000 -0.007352337
1.000000000 -0.000166122 0.000071561 -0.000722832 0.000166116 1.000000000 0.000073729 -0.002193793 -0.000071573 -0.000073718 1.000000000 -0.005369516
1.000000000 0.000074364 0.000161362 -0.006223691 -0.000074341 1.000000000 -0.000142729 0.001708227 -0.000161373 0.000142717 1.000000000 0.002940729
1.000000000 -0.000099460 -0.000032685 -0.000275101 0.000099460 1.000000000 -0.000000925 -0.001026631 0.000032685 0.000000922 1.000000000 -0.002363343
1.000000000 -0.000036526 0.000071061 -0.002378670 0.000036523 1.000000000 0.000036664 0.001365549 -0.000071062 -0.000036662 1.000000000 0.001774657
1.000000000 -0.000043017 -0.000068920 0.003509006 0.000043012 1.000000000 -0.000074918 0.001779101 0.000068923 0.000074915 1.000000000 -0.006787269
1.000000000 -0.000121428 0.000077867 -0.003495590 0.000121436 1.000000000 -0.000114113 0.002753387 -0.000077853 0.000114123 1.000000000 -0.000250197
0.999999940 0.000202047 0.000199862 -0.005666229 -0.000202020 1.000000000 -0.000135754 0.001543652 -0.000199889 0.000135713 1.000000000 -0.001813688
1.000000000 0.000007230 0.000111193 -0.004304177 -0.000007227 1.000000000 -0.000023405 0.001236249 -0.000111194 0.000023404 1.000000000 -0.001204145
1.000000000 -0.000205045 0.000019233 -0.002995891 0.000205046 1.000000000 -0.000090434 0.004273515 -0.000019214 0.000090438 1.000000000 -0.000344714
1.000000000 -0.000052040 0.000105378 -0.003443539 0.000052043 1.000000000 -0.000029542 0.001669150 -0.000105376 0.000029547 1.000000000 -0.000145675
1.000000000 -0.000110085 0.000124080 -0.004176759 0.000110070 1.000000000 0.000117882 0.000190940 -0.000124093 -0.000117869 1.000000000 0.002081709
1.000000000 -0.000140520 0.000082342 -0.004807073 0.000140507 1.000000000 0.000158107 -0.000710761 -0.000082364 -0.000158096 1.000000000 -0.005310848
1.000000000 -0.000137628 -0.000026122 -0.001532694 0.000137630 1.000000000 0.000090617 0.000981199 0.000026110 -0.000090620 1.000000000 -0.005285648
1.000000000 0.000016072 0.000059998 -0.004124023 -0.000016070 1.000000000 -0.000035847 -0.000014151 -0.000059999 0.000035846 1.000000000 -0.001088299
1.000000000 0.000013787 0.000106320 -0.005149445 -0.000013784 1.000000000 -0.000031546 0.001617359 -0.000106320 0.000031545 1.000000000 -0.000294292
1.000000000 -0.000063309 0.000091341 -0.007449118 0.000063312 1.000000000 -0.000036682 0.003449047 -0.000091338 0.000036688 1.000000000 0.001039837
1.000000000 0.000036184 0.000108046 -0.005517168 -0.000036171 1.000000000 -0.000121257 0.003576165 -0.000108050 0.000121253 1.000000000 -0.000345297
1.000000000 -0.000128412 0.000102621 -0.004639554 0.000128403 1.000000000 0.000082464 0.000759493 -0.000102632 -0.000082451 1.000000000 -0.000499579
1.000000000 0.000058070 0.000028820 -0.000519539 -0.000058078 0.999999940 0.000300086 -0.002015764 -0.000028802 -0.000300088 0.999999940 -0.007346489
0.999999940 -0.000278674 -0.000125426 -0.001475584 0.000278681 0.999999940 0.000053037 -0.000847942 0.000125411 -0.000053072 1.000000000 0.000076835
1.000000000 -0.000015406 0.000028987 0.002663159 0.000015420 0.999999881 -0.000512336 -0.005894764 -0.000028979 0.000512336 0.999999881 0.051780570
1.000000000 -0.000028344 -0.000071205 0.000965809 0.000028244 0.999999046 -0.001400610 -0.001822456 0.000071245 0.001400608 0.999999046 0.148910612
1.000000000 -0.000038761 -0.000054419 0.004290181 0.000038683 0.999998987 -0.001432898 -0.009683187 0.000054475 0.001432895 0.999998987 0.261872500
0.999999940 -0.000257512 0.000078913 0.003094681 0.000257621 0.999998987 -0.001393424 -0.014291489 -0.000078554 0.001393444 0.999999046 0.394314826
1.000000000 0.000102815 -0.000117857 0.003828484 -0.000102957 0.999999285 -0.001203881 -0.020093443 0.000117733 0.001203893 0.999999285 0.533114672
1.000000000 0.000000354 -0.000114116 0.016866619 -0.000000483 0.999999344 -0.001124925 -0.026644925 0.000114116 0.001124925 0.999999344 0.695537090
0.999999762 -0.000710399 -0.000161597 0.019791262 0.000710298 0.999999523 -0.000625430 -0.031703629 0.000162041 0.000625315 0.999999762 0.849189997
0.999999940 -0.000131602 -0.000253294 0.026209544 0.000131443 0.999999821 -0.000627801 -0.034483209 0.000253377 0.000627768 0.999999762 1.030307889
0.999999940 0.000121073 0.000215922 0.017435145 -0.000120937 0.999999821 -0.000630950 -0.039456882 -0.000215998 0.000630924 0.999999762 1.207438469
0.999999940 -0.000288865 -0.000270296 0.037549317 0.000288737 0.999999821 -0.000472734 -0.045983985 0.000270432 0.000472656 0.999999881 1.426009417
0.999999464 -0.000525447 -0.000866498 0.051962599 0.000525417 0.999999881 -0.000034459 -0.055690724 0.000866516 0.000034003 0.999999642 1.594490767
0.999999225 -0.000974798 0.000723323 0.006154240 0.000974419 0.999999404 0.000524163 -0.066941187 -0.000723833 -0.000523457 0.999999583 1.754586697
0.999998868 -0.001444622 0.000362484 0.014583313 0.001444333 0.999998629 0.000796504 -0.074833587 -0.000363634 -0.000795980 0.999999642 1.957869530
0.999998748 -0.001521328 0.000394175 0.021170462 0.001521092 0.999998689 0.000599756 -0.080153190 -0.000395087 -0.000599156 0.999999762 2.183708191
0.999999046 -0.001270631 0.000541000 0.029503031 0.001270196 0.999998868 0.000804584 -0.080932803 -0.000542022 -0.000803896 0.999999583 2.379893303
0.999999404 -0.001015485 0.000144180 0.033667818 0.001015419 0.999999344 0.000458249 -0.081833310 -0.000144645 -0.000458102 0.999999940 2.632909536
0.999998450 -0.001586948 0.000767668 0.027219823 0.001585936 0.999997854 0.001316418 -0.109468155 -0.000769756 -0.001315199 0.999998808 2.858059883
0.999998271 -0.001761274 0.000499620 0.047299333 0.001760511 0.999997199 0.001523304 -0.119566947 -0.000502301 -0.001522422 0.999998748 3.090787649
0.999998510 -0.001555397 0.000781273 0.041037336 0.001554517 0.999998093 0.001125982 -0.120497428 -0.000783022 -0.001124766 0.999999106 3.349253178
0.999998987 -0.001095274 0.000939050 0.052685585 0.001094051 0.999998510 0.001301600 -0.129998192 -0.000940474 -0.001300571 0.999998748 3.612858772
0.999998093 -0.001807655 0.000718200 0.040894765 0.001806511 0.999997079 0.001589670 -0.146804690 -0.000721072 -0.001588370 0.999998450 3.849935770
0.999996006 -0.002764001 0.000555763 0.045381114 0.002762899 0.999994218 0.001976131 -0.157690778 -0.000561222 -0.001974588 0.999997854 4.110557079
0.999997973 -0.001821813 0.000868330 0.051439121 0.001819991 0.999996126 0.002093629 -0.160763741 -0.000872141 -0.002092045 0.999997377 4.372762203
0.999996245 -0.002620604 0.000821211 0.062390469 0.002618541 0.999993443 0.002503144 -0.172878742 -0.000827765 -0.002500984 0.999996483 4.645925999
0.999996364 -0.002531617 0.000958918 0.054872088 0.002529108 0.999993384 0.002609060 -0.198309556 -0.000965517 -0.002606625 0.999996126 4.888746738
0.999996066 -0.002608986 0.001087076 0.057423986 0.002606252 0.999993443 0.002508885 -0.204751700 -0.001093615 -0.002506042 0.999996185 5.146481514
0.999997079 -0.002273593 0.000828951 0.065156899 0.002271363 0.999993801 0.002681721 -0.211054727 -0.000835043 -0.002679829 0.999996066 5.416275978
0.999995589 -0.002642730 0.001402054 0.062797509 0.002639040 0.999993026 0.002627220 -0.219691142 -0.001408988 -0.002623508 0.999995530 5.674119949
0.999996185 -0.002378465 0.001445129 0.067464568 0.002374347 0.999993145 0.002844508 -0.226853222 -0.001451884 -0.002841066 0.999994874 5.954802513
0.999997079 -0.002075301 0.001251276 0.074108273 0.002071828 0.999993980 0.002770615 -0.242255002 -0.001257018 -0.002768013 0.999995351 6.269601822
0.999994159 -0.003136871 0.001324317 0.079990938 0.003132777 0.999990404 0.003081906 -0.251485020 -0.001333972 -0.003077739 0.999994278 6.551061153
0.999996662 -0.002257881 0.001300556 0.085663088 0.002253954 0.999993026 0.003013244 -0.265428454 -0.001307351 -0.003010303 0.999994576 6.836455345
0.999994636 -0.002953865 0.001409535 0.098355338 0.002949954 0.999991834 0.002768427 -0.263522893 -0.001417701 -0.002764254 0.999995172 7.121793270
0.999995470 -0.002797802 0.001116639 0.112785876 0.002794284 0.999991179 0.003139536 -0.279512167 -0.001125412 -0.003136402 0.999994457 7.421326637
0.999996006 -0.002078929 0.001928795 0.111137889 0.002072395 0.999992192 0.003383804 -0.298416823 -0.001935814 -0.003379794 0.999992311 7.690043449
0.999995589 -0.002682517 0.001283756 0.117675327 0.002677795 0.999989808 0.003665067 -0.318909436 -0.001293575 -0.003661613 0.999992430 8.110742569
0.999995530 -0.002515561 0.001671093 0.120061569 0.002509702 0.999990702 0.003498839 -0.322079778 -0.001679879 -0.003494629 0.999992490 8.437971115
0.999995351 -0.003011675 0.000459551 0.142912015 0.003010290 0.999991059 0.002982831 -0.323645234 -0.000468530 -0.002981434 0.999995410 8.747240067
0.999996066 -0.002365015 0.001497563 0.134434864 0.002359640 0.999990821 0.003580996 -0.335605770 -0.001506018 -0.003577448 0.999992490 9.097443581
0.999997497 -0.001729377 0.001449400 0.146780342 0.001724017 0.999991715 0.003691357 -0.345579505 -0.001455772 -0.003688849 0.999992073 9.451954842
0.999994934 -0.002502635 0.001940815 0.142260641 0.002494967 0.999989092 0.003943431 -0.347838253 -0.001950663 -0.003938569 0.999990344 9.794986725
0.999996305 -0.002068648 0.001764407 0.161522850 0.002061832 0.999990463 0.003855715 -0.351751685 -0.001772366 -0.003852063 0.999991000 10.139573097
0.999993324 -0.003337136 0.001501437 0.144612312 0.003330246 0.999983966 0.004568029 -0.414419413 -0.001516657 -0.004562999 0.999988377 10.509456635
0.999992907 -0.003429395 0.001577524 0.152880341 0.003421376 0.999981403 0.005057895 -0.425301492 -0.001594840 -0.005052462 0.999985993 10.867801666
0.999992847 -0.003414011 0.001666499 0.153544560 0.003405525 0.999981403 0.005068426 -0.432581097 -0.001683772 -0.005062714 0.999985754 11.252023697
0.999992311 -0.003403178 0.001986415 0.158461839 0.003392340 0.999979556 0.005433852 -0.448390245 -0.002004866 -0.005427072 0.999983251 11.621674538
0.999994099 -0.003079043 0.001544958 0.187602103 0.003071329 0.999982953 0.004970709 -0.451020718 -0.001560237 -0.004965934 0.999986470 11.991000175
0.999993622 -0.002515124 0.002515614 0.180856273 0.002500740 0.999980628 0.005704646 -0.460148871 -0.002529913 -0.005698319 0.999980509 12.357835770
0.999990106 -0.004131789 0.001663779 0.170826405 0.004121360 0.999972165 0.006223617 -0.527597129 -0.001689447 -0.006216698 0.999979258 12.783046722
0.999991059 -0.003956294 0.001472045 0.180980772 0.003947013 0.999972701 0.006255008 -0.535031438 -0.001496751 -0.006249142 0.999979377 13.176487923
0.999991357 -0.003690946 0.001932124 0.182692260 0.003678514 0.999972820 0.006398816 -0.549907207 -0.001955689 -0.006391651 0.999977708 13.581111908
0.999992430 -0.002743292 0.002776363 0.187195599 0.002724112 0.999972641 0.006888522 -0.559920371 -0.002795184 -0.006880907 0.999972522 13.980049133
0.999992669 -0.002695992 0.002744064 0.194559187 0.002675737 0.999969363 0.007358629 -0.576694489 -0.002763818 -0.007351233 0.999969184 14.393174171
0.999989331 -0.003976073 0.002378808 0.179108545 0.003958087 0.999963939 0.007518748 -0.585604429 -0.002408617 -0.007509252 0.999968946 14.769618988
0.999986887 -0.004550341 0.002368583 0.207115442 0.004530376 0.999954760 0.008367277 -0.608691514 -0.002406550 -0.008356436 0.999962151 15.190217972
0.999987006 -0.004488620 0.002386777 0.246233791 0.004467914 0.999952972 0.008610568 -0.677268505 -0.002425315 -0.008599793 0.999960065 15.659116745
0.999990404 -0.003432119 0.002740356 0.254891157 0.003408778 0.999958277 0.008477164 -0.685048521 -0.002769337 -0.008467741 0.999960303 16.089519501
0.999985218 -0.004330037 0.003286773 0.257531673 0.004299650 0.999948502 0.009196494 -0.699834228 -0.003326425 -0.009182227 0.999952316 16.530975342
0.999986529 -0.003871227 0.003469501 0.270105004 0.003839521 0.999951243 0.009099169 -0.704449773 -0.003504557 -0.009085726 0.999952555 16.978525162
0.999988794 -0.003308516 0.003395830 0.290679216 0.003279917 0.999959409 0.008392947 -0.704843879 -0.003423460 -0.008381713 0.999959052 17.496967316
0.999984980 -0.004139338 0.003597615 0.300177276 0.004107681 0.999953091 0.008762846 -0.730385065 -0.003633719 -0.008747936 0.999955058 17.915773392
0.999986887 -0.003370779 0.003867774 0.308001637 0.003334429 0.999950528 0.009366397 -0.745314240 -0.003899155 -0.009353379 0.999948561 18.390365601
0.999981701 -0.004160899 0.004403757 0.321468592 0.004119083 0.999946773 0.009462263 -0.749476731 -0.004442894 -0.009443951 0.999945521 18.853534698
0.999982715 -0.003620996 0.004628636 0.336956263 0.003577281 0.999949157 0.009418358 -0.764000773 -0.004662505 -0.009401636 0.999944866 19.339660645
0.999983907 -0.003454181 0.004507594 0.358374774 0.003411649 0.999949813 0.009409435 -0.780305803 -0.004539871 -0.009393904 0.999945521 19.796903610
0.999982297 -0.004428877 0.003970375 0.369546115 0.004388702 0.999939680 0.010071088 -0.804866433 -0.004014739 -0.010053483 0.999941409 20.260299683
0.999984503 -0.003864137 0.004016531 0.376985401 0.003821778 0.999937594 0.010500986 -0.821443915 -0.004056857 -0.010485470 0.999936759 20.749244690
0.999983013 -0.004125703 0.004114965 0.366481543 0.004082527 0.999937177 0.010446181 -0.834609330 -0.004157803 -0.010429204 0.999936938 21.259885788
0.999978781 -0.005432166 0.003598699 0.382098734 0.005395513 0.999934256 0.010117576 -0.842660546 -0.003653422 -0.010097945 0.999942362 21.817104340
0.999980032 -0.005073496 0.003760895 0.362071097 0.005035183 0.999936044 0.010127552 -0.862434030 -0.003812037 -0.010108413 0.999941647 22.257266998
0.999978304 -0.005183551 0.004058407 0.368256837 0.005141548 0.999933779 0.010292702 -0.870438099 -0.004111490 -0.010271612 0.999938786 22.793836594
0.999982357 -0.004467282 0.003919175 0.362222433 0.004425243 0.999933302 0.010670400 -0.890140414 -0.003966581 -0.010652870 0.999935389 23.312150955
0.999981999 -0.005581525 0.002195585 0.376878887 0.005556679 0.999922335 0.011163632 -0.913703442 -0.002257724 -0.011151233 0.999935269 23.777099609
0.999979377 -0.006267522 0.001408756 0.383740962 0.006250937 0.999914527 0.011484155 -0.931901574 -0.001480613 -0.011475112 0.999933064 24.307481766
0.999983609 -0.005664635 0.000848088 0.384093553 0.005654807 0.999921501 0.011173976 -0.935834169 -0.000911318 -0.011168999 0.999937236 24.856079102
0.999982476 -0.005920638 -0.000225579 0.422632217 0.005922756 0.999922276 0.010968910 -0.938281775 0.000160619 -0.010970055 0.999939799 25.342033386
0.999981046 -0.006123892 -0.000709160 0.428042114 0.006131130 0.999923944 0.010698373 -0.940308750 0.000643590 -0.010702517 0.999942541 25.879972458
0.999983490 -0.005675473 -0.000883827 0.434182256 0.005684475 0.999928236 0.010539746 -0.949979186 0.000823946 -0.010544598 0.999944031 26.424310684
0.999970973 -0.007309472 -0.002201533 0.468591124 0.007333850 0.999909520 0.011275810 -0.957905531 0.002118914 -0.011291628 0.999933958 26.985706329
0.999970973 -0.007508685 -0.001381080 0.425198615 0.007525798 0.999889255 0.012833033 -1.017432213 0.001284568 -0.012843051 0.999916613 27.491069794
0.999972701 -0.007181589 -0.001748986 0.437008083 0.007203740 0.999889374 0.013005584 -1.033118725 0.001655392 -0.013017828 0.999913812 28.042444229
0.999976277 -0.006562440 -0.002058468 0.445010573 0.006589438 0.999888539 0.013395727 -1.041390061 0.001970330 -0.013408974 0.999908149 28.582902908
0.999983191 -0.005425354 -0.002056883 0.455440640 0.005450766 0.999906301 0.012556923 -1.039688826 0.001988564 -0.012567923 0.999919057 29.142023087
0.999983132 -0.005283439 -0.002408514 0.450372159 0.005312555 0.999910831 0.012247188 -1.046922445 0.002343592 -0.012259777 0.999922097 29.722518921
0.999969602 -0.006974032 -0.003487854 0.471134603 0.007019571 0.999887943 0.013219040 -1.059696674 0.003395274 -0.013243123 0.999906540 30.137687683
0.999970317 -0.006753651 -0.003715240 0.488542557 0.006802453 0.999888599 0.013283416 -1.071785092 0.003625115 -0.013308293 0.999904871 30.677518845
0.999975920 -0.005681568 -0.003980209 0.495224774 0.005732045 0.999901772 0.012787545 -1.083497047 0.003907165 -0.012810052 0.999910295 31.238729477
0.999969840 -0.006582399 -0.004104647 0.488314271 0.006636737 0.999888599 0.013368162 -1.097861886 0.004016194 -0.013395002 0.999902189 31.730104446
0.999962926 -0.007396932 -0.004412543 0.503631771 0.007454876 0.999884188 0.013262955 -1.106841326 0.004313929 -0.013295359 0.999902248 32.264617920
0.999971151 -0.006170059 -0.004437450 0.505894601 0.006224443 0.999904335 0.012348047 -1.093812943 0.004360837 -0.012375312 0.999913871 32.806949615
0.999978364 -0.005297313 -0.003895773 0.485469222 0.005344922 0.999909878 0.012313337 -1.114035130 0.003830194 -0.012333892 0.999916494 33.272705078
0.999957979 -0.007469208 -0.005299230 0.503488183 0.007540082 0.999880672 0.013483075 -1.146847010 0.005197890 -0.013522467 0.999895036 33.851924896
0.999967158 -0.006588435 -0.004704280 0.503616571 0.006651524 0.999886394 0.013523982 -1.154189467 0.004614643 -0.013554830 0.999897480 34.407180786
0.999951184 -0.008031267 -0.005747691 0.505564332 0.008107658 0.999877453 0.013393374 -1.158506870 0.005639420 -0.013439322 0.999893725 34.899497986
0.999948323 -0.008228574 -0.005960143 0.519103169 0.008305840 0.999880254 0.013057248 -1.168850660 0.005851987 -0.013106080 0.999896944 35.484378815
0.999947846 -0.008446220 -0.005745895 0.498894155 0.008528934 0.999858081 0.014526172 -1.202730656 0.005622389 -0.014574423 0.999877989 35.999065399
0.999947011 -0.008254632 -0.006146893 0.502835333 0.008341190 0.999864519 0.014191750 -1.206733227 0.006028912 -0.014242270 0.999880433 36.544487000
0.999954641 -0.007417710 -0.005971767 0.513494253 0.007499479 0.999876857 0.013788739 -1.200434923 0.005868751 -0.013832899 0.999887049 37.070899963
0.999945700 -0.008386768 -0.006185123 0.515608847 0.008472705 0.999866128 0.014001327 -1.220743895 0.006066868 -0.014052970 0.999882817 37.624671936
0.999944806 -0.008159013 -0.006618803 0.536949039 0.008250693 0.999868810 0.013944325 -1.219089985 0.006504163 -0.013998164 0.999880850 38.162387848
0.999942720 -0.008325382 -0.006728653 0.539422810 0.008414693 0.999875426 0.013355738 -1.214759350 0.006616624 -0.013411594 0.999888182 38.685714722
0.999946654 -0.008037149 -0.006493691 0.547730923 0.008126453 0.999871135 0.013845121 -1.233943939 0.006381579 -0.013897154 0.999883056 39.245006561
0.999950707 -0.007348776 -0.006680362 0.563780189 0.007438851 0.999880433 0.013560262 -1.247923732 0.006579913 -0.013609287 0.999885798 39.803951263
0.999948621 -0.007651817 -0.006654653 0.567805588 0.007742001 0.999877155 0.013633555 -1.260288954 0.006549515 -0.013684377 0.999884903 40.308116913
0.999941051 -0.008526429 -0.006714778 0.574965239 0.008618652 0.999867260 0.013827340 -1.275329351 0.006595990 -0.013884398 0.999881864 40.898437500
0.999950409 -0.007554372 -0.006501091 0.579996645 0.007640736 0.999881566 0.013363840 -1.262445450 0.006399367 -0.013412850 0.999889553 41.445209503
0.999948800 -0.007942673 -0.006279253 0.571643353 0.008025370 0.999879956 0.013256121 -1.268295288 0.006173212 -0.013305834 0.999892414 41.989383698
0.999931753 -0.009354713 -0.007014811 0.587541461 0.009459617 0.999841630 0.015073514 -1.304620981 0.006872694 -0.015138839 0.999861777 42.568511963
0.999914646 -0.011141143 -0.006820826 0.573598504 0.011248018 0.999811351 0.015836772 -1.322378397 0.006643102 -0.015912142 0.999851346 43.074237823
0.999930680 -0.009320581 -0.007192937 0.594064236 0.009427249 0.999844015 0.014941093 -1.335087299 0.007052556 -0.015007867 0.999862492 43.659934998
0.999920487 -0.010383284 -0.007154331 0.558171153 0.010497182 0.999815762 0.016070960 -1.380803227 0.006986144 -0.016144784 0.999845207 44.054672241
0.999922514 -0.010337319 -0.006942644 0.569386780 0.010448470 0.999814689 0.016169105 -1.380844235 0.006774214 -0.016240392 0.999845147 44.617565155
0.999924719 -0.009676615 -0.007542653 0.589705348 0.009781114 0.999854982 0.013942998 -1.362344980 0.007406638 -0.014015724 0.999874413 45.186454773
0.999918103 -0.010509241 -0.007307668 0.597066879 0.010614740 0.999837816 0.014551222 -1.371604443 0.007153561 -0.014627600 0.999867439 45.687267303
0.999904990 -0.011066781 -0.008226385 0.633352995 0.011181126 0.999839723 0.013986227 -1.368583202 0.008070284 -0.014076877 0.999868393 46.257438660
0.999933600 -0.009418078 -0.006628343 0.587724447 0.009521358 0.999831021 0.015726512 -1.413493633 0.006479109 -0.015788579 0.999854386 46.651748657
0.999923468 -0.009858086 -0.007469752 0.607552052 0.009971761 0.999832690 0.015336661 -1.414004326 0.007317314 -0.015409973 0.999854445 47.190757751
0.999929249 -0.009529009 -0.007114246 0.601847947 0.009634842 0.999841154 0.014992973 -1.419303417 0.006970249 -0.015060456 0.999862313 47.742279053
0.999939144 -0.009031401 -0.006343645 0.585739613 0.009120000 0.999859273 0.014078936 -1.412024498 0.006215599 -0.014135931 0.999880731 48.287006378
0.999946892 -0.008585204 -0.005693027 0.583504915 0.008664058 0.999864817 0.013973799 -1.419950485 0.005572288 -0.014022379 0.999886215 48.839996338
0.999932528 -0.009515077 -0.006664773 0.623195052 0.009615767 0.999837577 0.015242194 -1.441800952 0.006518662 -0.015305253 0.999861598 49.231235504
0.999926746 -0.009759289 -0.007160072 0.632549167 0.009863210 0.999844432 0.014625048 -1.443677545 0.007016230 -0.014694599 0.999867380 49.777858734
0.999934673 -0.009336815 -0.006589881 0.624843478 0.009433039 0.999847054 0.014724947 -1.451430559 0.006451392 -0.014786148 0.999869823 50.321960449
0.999941409 -0.008717448 -0.006411632 0.630395591 0.008808803 0.999858141 0.014360913 -1.453213453 0.006285531 -0.014416551 0.999876320 50.862953186
0.999937057 -0.009009750 -0.006674375 0.631768107 0.009115802 0.999829829 0.016033255 -1.477108121 0.006528784 -0.016093086 0.999849200 51.286422729
0.999942958 -0.008572062 -0.006368930 0.638763309 0.008667681 0.999847829 0.015140764 -1.478466630 0.006238172 -0.015195105 0.999865115 51.840850830
0.999945641 -0.008264969 -0.006360047 0.652946830 0.008365666 0.999837339 0.015972294 -1.488858700 0.006227004 -0.016024629 0.999852300 52.383163452
0.999935091 -0.009021090 -0.006958916 0.651373982 0.009125654 0.999843657 0.015143253 -1.495354891 0.006821221 -0.015205774 0.999861181 52.913005829
0.999930024 -0.009736201 -0.006718576 0.639443040 0.009845587 0.999816298 0.016444940 -1.525005937 0.006557231 -0.016509937 0.999842227 53.351985931
0.999930799 -0.009651545 -0.006729563 0.636873603 0.009763003 0.999812365 0.016731150 -1.535446882 0.006566819 -0.016795695 0.999837399 53.890235901
0.999932408 -0.009518252 -0.006679750 0.653140664 0.009620901 0.999833405 0.015507117 -1.534100294 0.006531036 -0.015570333 0.999857426 54.451087952
0.999929011 -0.010135509 -0.006259991 0.660956025 0.010228294 0.999835610 0.014972290 -1.527322054 0.006107211 -0.015035254 0.999868274 55.017494202
0.999929011 -0.009620088 -0.007026631 0.686448991 0.009729319 0.999829650 0.015680067 -1.528547168 0.006874593 -0.015747316 0.999852359 55.435112000
0.999933243 -0.009519330 -0.006542759 0.687595248 0.009616502 0.999841452 0.014984435 -1.537561893 0.006399081 -0.015046353 0.999866307 55.975631714
0.999930620 -0.009853581 -0.006451127 0.689430177 0.009949144 0.999838710 0.014952841 -1.539318800 0.006302746 -0.015015986 0.999867380 56.500328064
0.999930561 -0.010000057 -0.006231175 0.704637408 0.010086840 0.999850333 0.014055086 -1.545692921 0.006089691 -0.014116962 0.999881744 57.089801788
0.999930382 -0.009863976 -0.006475250 0.689702749 0.009966206 0.999823093 0.015950076 -1.575346828 0.006316774 -0.016013501 0.999851763 57.476776123
0.999923468 -0.010217546 -0.006983036 0.701714218 0.010326038 0.999823689 0.015681177 -1.577243567 0.006821582 -0.015752083 0.999852657 58.016315460
0.999924541 -0.010199160 -0.006844593 0.708443940 0.010297436 0.999842048 0.014479969 -1.567565680 0.006695829 -0.014549359 0.999871731 58.557258606
0.999928534 -0.010004595 -0.006531702 0.715411544 0.010099227 0.999842107 0.014619732 -1.574056864 0.006384405 -0.014684653 0.999871790 59.079055786
0.999921381 -0.010331235 -0.007104253 0.723602474 0.010440937 0.999824226 0.015581931 -1.589565754 0.006942023 -0.015654884 0.999853373 59.541046143
0.999924481 -0.010313398 -0.006679879 0.732939243 0.010409283 0.999840975 0.014481913 -1.592289925 0.006529459 -0.014550352 0.999872804 60.082897186
0.999901235 -0.010801880 -0.008993825 0.829121590 0.010931528 0.999835193 0.014492964 -1.601081610 0.008835793 -0.014589849 0.999854505 60.552341461
0.999906778 -0.011133654 -0.007899778 0.777512670 0.011238037 0.999848485 0.013294397 -1.594379663 0.007750565 -0.013381938 0.999880373 61.141120911
0.999922216 -0.010580165 -0.006611100 0.748866796 0.010671655 0.999845564 0.013959963 -1.592373610 0.006462382 -0.014029428 0.999880672 61.679039001
0.999917209 -0.010604333 -0.007292015 0.766328692 0.010713397 0.999828815 0.015083799 -1.607155681 0.007130813 -0.015160672 0.999859631 62.112979889
0.999921978 -0.010386538 -0.006939676 0.773002803 0.010487466 0.999837399 0.014669279 -1.615474463 0.006786184 -0.014740914 0.999868274 62.649024963
0.999940813 -0.009112384 -0.005944779 0.759148121 0.009197600 0.999852955 0.014468187 -1.621130347 0.005812067 -0.014522010 0.999877691 63.191177368
0.999934494 -0.009220410 -0.006783759 0.801886261 0.009321865 0.999842823 0.015078971 -1.629545927 0.006643659 -0.015141221 0.999863267 63.737586975
0.999921978 -0.010323417 -0.007040737 0.799720705 0.010422859 0.999844253 0.014236448 -1.619746208 0.006892673 -0.014308722 0.999873817 64.258018494
0.999912858 -0.010988908 -0.007310918 0.791302562 0.011096830 0.999827683 0.014888696 -1.650796413 0.007146046 -0.014968527 0.999862432 64.676261902
0.999921501 -0.010622434 -0.006650719 0.801216722 0.010724394 0.999822438 0.015487397 -1.668618202 0.006485025 -0.015557505 0.999857903 65.198707581
0.999923050 -0.010655398 -0.006356257 0.803238988 0.010746941 0.999836445 0.014546013 -1.658653975 0.006200224 -0.014613205 0.999873996 65.771369934
0.999934375 -0.010116917 -0.005365063 0.805455923 0.010203344 0.999814510 0.016334552 -1.687656403 0.005198813 -0.016388223 0.999852121 66.302780151
0.999910593 -0.011518824 -0.006795038 0.800356627 0.011618464 0.999822795 0.014811086 -1.676192284 0.006623228 -0.014888710 0.999867141 66.728691101
0.999911606 -0.011704438 -0.006318005 0.801242650 0.011793769 0.999828279 0.014291751 -1.673571348 0.006149644 -0.014365003 0.999877810 67.273826599
0.999915004 -0.011282993 -0.006530566 0.810985327 0.011379690 0.999823272 0.014963917 -1.702491164 0.006360571 -0.015036964 0.999866664 67.820991516
0.999924839 -0.010743392 -0.005909652 0.822584689 0.010824673 0.999844730 0.013898186 -1.679885149 0.005759419 -0.013961113 0.999885976 68.303253174
0.999921083 -0.010327895 -0.007156188 0.842786670 0.010434289 0.999833107 0.014992751 -1.714926004 0.007000152 -0.015066240 0.999862015 68.786773682
0.999929726 -0.009829686 -0.006627733 0.841448724 0.009923601 0.999848604 0.014288995 -1.710058212 0.006486274 -0.014353761 0.999875903 69.344062805
0.999927521 -0.009651517 -0.007197930 0.899488151 0.009767234 0.999820769 0.016218558 -1.755404949 0.007040106 -0.016287690 0.999842584 69.808898926
0.999912918 -0.010984850 -0.007312435 0.866549730 0.011093415 0.999826312 0.014975434 -1.728039861 0.007146660 -0.015055250 0.999861121 70.319847107
0.999904811 -0.011788150 -0.007172384 0.871004522 0.011885352 0.999835968 0.013664030 -1.726312637 0.007010133 -0.013747973 0.999880970 70.879722595
0.999935508 -0.009230466 -0.006614526 0.875290394 0.009325541 0.999851525 0.014489795 -1.751060367 0.006479796 -0.014550546 0.999873102 71.401443481
0.999912918 -0.011195533 -0.006992583 0.880310118 0.011296069 0.999830902 0.014507595 -1.743577600 0.006828981 -0.014585321 0.999870241 71.973182678
0.999906778 -0.011444440 -0.007447649 0.894112229 0.011554108 0.999822915 0.014852560 -1.756449938 0.007276351 -0.014937225 0.999861956 72.400741577
0.999908447 -0.011400727 -0.007293242 0.896539152 0.011509799 0.999819875 0.015092405 -1.768184662 0.007119865 -0.015174968 0.999859512 72.948455811
0.999907672 -0.011554485 -0.007147426 0.903089285 0.011653909 0.999833643 0.014028794 -1.756552815 0.006984142 -0.014110795 0.999876022 73.463706970
0.999912858 -0.011163176 -0.007031826 0.899418354 0.011264344 0.999831140 0.014515622 -1.788190722 0.006868599 -0.014593566 0.999869883 73.990982056
0.999903142 -0.011807282 -0.007368120 0.918830991 0.011915010 0.999820113 0.014752303 -1.784024835 0.007192610 -0.014838665 0.999864042 74.411392212
0.999886811 -0.012787214 -0.007928410 0.935154378 0.012900373 0.999813259 0.014389665 -1.783582687 0.007742926 -0.014490316 0.999864995 74.962364197
0.999888182 -0.012532218 -0.008148886 0.955711424 0.012645908 0.999821305 0.014053185 -1.791234732 0.007971313 -0.014154664 0.999868035 75.494247437
0.999893069 -0.012433964 -0.007683534 0.946577668 0.012548106 0.999808848 0.014990267 -1.814168334 0.007495677 -0.015085079 0.999858141 76.025909424
0.999905884 -0.011881236 -0.006856851 0.884057283 0.011982178 0.999817610 0.014872996 -1.804898381 0.006678893 -0.014953758 0.999865830 76.537567139
0.999903738 -0.011792427 -0.007306815 0.894556880 0.011898697 0.999821484 0.014675345 -1.807154655 0.007132452 -0.014760875 0.999865592 77.082099915
0.999897242 -0.012453396 -0.007096030 0.900499523 0.012554456 0.999817789 0.014379951 -1.811736226 0.006915656 -0.014467561 0.999871492 77.602333069
0.999900460 -0.012096358 -0.007248130 0.917731047 0.012198391 0.999824762 0.014202503 -1.817298174 0.007075059 -0.014289507 0.999872923 78.108840942
0.999922514 -0.011227476 -0.005381230 0.923656344 0.011306579 0.999825001 0.014901713 -1.829189658 0.005212978 -0.014961401 0.999874473 78.561317444
0.999942660 -0.010229960 -0.003161392 0.914454579 0.010275010 0.999840975 0.014578372 -1.836417198 0.003011752 -0.014610022 0.999888718 79.119766235
0.999931872 -0.011254384 -0.003076704 0.946930289 0.011296447 0.999837995 0.014014288 -1.843816042 0.002918483 -0.014048088 0.999897003 79.685264587
0.999931991 -0.011376919 -0.002570389 0.944878757 0.011413014 0.999829769 0.014493328 -1.837190390 0.002405061 -0.014521675 0.999891639 80.201637268
0.999933004 -0.011570831 -0.000329460 1.035383940 0.011574439 0.999823570 0.014792852 -1.850606680 0.000158236 -0.014795671 0.999890506 80.619377136
0.999927938 -0.011142770 0.004470607 0.990196347 0.011073492 0.999822676 0.015232734 -1.836215973 -0.004639549 -0.015182131 0.999873996 81.121818542
0.999910474 -0.011222550 0.007288745 1.016368747 0.011114738 0.999830604 0.014667499 -1.833500981 -0.007452117 -0.014585172 0.999865830 81.680953979
0.999867558 -0.011073626 0.011929054 1.033779502 0.010903117 0.999838769 0.014265043 -1.827126145 -0.012085097 -0.014133086 0.999827087 82.201545715
0.999779403 -0.011317690 0.017696243 1.068791032 0.011044617 0.999819577 0.015453499 -1.852582216 -0.017867949 -0.015254641 0.999723971 82.710334778
0.999667704 -0.010591600 0.023501674 1.112489939 0.010224217 0.999824524 0.015697720 -1.863854170 -0.023663810 -0.015452216 0.999600589 83.235099792
0.999502718 -0.010811144 0.029621826 1.076189637 0.010360755 0.999828994 0.015316167 -1.871424675 -0.029782344 -0.015001646 0.999443829 83.751396179
0.999223351 -0.010548458 0.037965033 1.127792597 0.009976349 0.999834299 0.015227392 -1.872470856 -0.038119368 -0.014836811 0.999163091 84.311958313
0.998867869 -0.010174699 0.046468951 1.165782213 0.009460219 0.999833941 0.015569581 -1.891422510 -0.046619654 -0.015112352 0.998798370 84.821022034
0.998559296 -0.010597354 0.052602388 1.234213114 0.009773081 0.999825716 0.015902443 -1.901749253 -0.052761748 -0.015365445 0.998488843 85.357055664
0.998035729 -0.011314976 0.061617780 1.258636951 0.010396611 0.999830306 0.015204520 -1.901182771 -0.061779365 -0.014534036 0.997983992 86.004554749
0.997352898 -0.012623456 0.071607992 1.314420223 0.011598974 0.999824584 0.014704657 -1.886414886 -0.071781054 -0.013835155 0.997324407 86.473892212
0.996648431 -0.012200479 0.080889016 1.351838112 0.010950581 0.999813974 0.015877701 -1.925325632 -0.081067704 -0.014938703 0.996596575 86.913719177
0.995966434 -0.012113029 0.088906400 1.416386604 0.010799918 0.999825537 0.015235849 -1.925863981 -0.089075454 -0.014214209 0.995923400 87.473075867
0.994944036 -0.011714145 0.099744722 1.496061802 0.010187424 0.999823153 0.015801910 -1.932327271 -0.099912196 -0.014705871 0.994887531 88.012916565
0.993913114 -0.013526665 0.109332927 1.596010208 0.011936747 0.999813437 0.015183464 -1.933752060 -0.109517917 -0.013785964 0.993889153 88.544303894
0.992887318 -0.013741214 0.118261933 1.677581787 0.012030533 0.999812543 0.015166971 -1.942678094 -0.118448183 -0.013636340 0.992866516 89.148841858
0.991361260 -0.012303962 0.130580589 1.720974922 0.010314056 0.999820292 0.015904317 -1.931514978 -0.130752802 -0.014420110 0.991310120 89.612945557
0.989715934 -0.012659620 0.142484337 1.824878693 0.010551871 0.999823570 0.015538755 -1.934455037 -0.142655909 -0.013875481 0.989675105 90.159378052
0.988077462 -0.013261022 0.153384969 1.936660767 0.010972731 0.999815643 0.015755575 -1.945613623 -0.153565645 -0.013884676 0.988040924 90.693214417
0.986562669 -0.013614461 0.162814975 2.047055244 0.011117824 0.999806285 0.016235583 -1.953519225 -0.163004488 -0.014207271 0.986523032 91.238143921
0.984389365 -0.012763676 0.175540820 2.155961037 0.010070873 0.999817610 0.016222371 -1.964526057 -0.175715894 -0.014201279 0.984338462 91.737968445
0.982217789 -0.014131065 0.187212080 2.269265175 0.011155034 0.999794364 0.016940584 -1.957958817 -0.187412918 -0.014550988 0.982173562 92.231391907
0.980152488 -0.014273443 0.197730139 2.404232979 0.011163175 0.999795973 0.016835650 -1.959505081 -0.197930068 -0.014294211 0.980111957 92.769584656
0.977452278 -0.015320190 0.210599750 2.541545868 0.012001873 0.999782979 0.017025694 -1.967716455 -0.210814849 -0.014114213 0.977424145 93.298530579
0.974113524 -0.014074279 0.225620568 2.639762878 0.010354297 0.999790430 0.017662691 -1.983112454 -0.225821853 -0.014869325 0.974055171 93.754730225
0.971617460 -0.016036738 0.236013591 2.826475143 0.012232314 0.999770641 0.017574966 -2.007352352 -0.236241341 -0.014189151 0.971590817 94.328025818
0.968046486 -0.012960387 0.250435710 2.929920197 0.009026698 0.999817312 0.016849661 -1.939569592 -0.250608355 -0.014050647 0.967986524 94.956787109
0.964426517 -0.013450143 0.264009029 3.099042892 0.009180442 0.999806464 0.017399706 -1.948917508 -0.264191955 -0.014357019 0.964363277 95.472724915
0.960663676 -0.012541320 0.277431369 3.274784088 0.008221511 0.999826252 0.016728584 -1.942726374 -0.277592897 -0.013789639 0.960599780 96.010208130
0.957728207 -0.014741574 0.287297010 3.517892838 0.010284641 0.999802351 0.017016437 -1.968623161 -0.287491024 -0.013342379 0.957690358 96.585983276
0.952994406 -0.014625248 0.302635044 3.659317017 0.009794350 0.999799371 0.017474364 -1.958845258 -0.302829862 -0.013688859 0.952946305 97.126434326
0.948575079 -0.014707478 0.316210419 3.836845398 0.009444200 0.999790311 0.018171007 -1.966004372 -0.316411316 -0.014250211 0.948514998 97.572349548
0.944769919 -0.015460305 0.327369511 4.052301407 0.010213161 0.999790430 0.017741356 -1.966241002 -0.327575117 -0.013418023 0.944729865 98.097457886
0.940364361 -0.015141357 0.339831710 4.258613586 0.009731947 0.999797523 0.017616695 -1.969077706 -0.340029597 -0.013258887 0.940321207 98.624839783
0.935159504 -0.015639903 0.353881449 4.479389191 0.009791566 0.999784410 0.018310810 -1.979156375 -0.354091525 -0.013658476 0.935111046 99.127830505
0.930317581 -0.016786989 0.366370529 4.697954178 0.010707811 0.999769390 0.018618999 -2.000328541 -0.366598517 -0.013398555 0.930282772 99.678153992
0.926081359 -0.017554190 0.376915395 4.941188812 0.011694008 0.999772727 0.017830519 -1.986804008 -0.377142698 -0.012104856 0.926076114 100.145790100
0.920402944 -0.016457019 0.390624613 5.201641083 0.010188773 0.999784112 0.018113783 -1.988206744 -0.390838265 -0.012691993 0.920371830 100.647750854
0.914974511 -0.021061484 0.402961761 5.389305115 0.014422638 0.999705791 0.019502951 -2.039908886 -0.403253943 -0.012032927 0.915009022 101.061363220
0.909788430 -0.018285524 0.414669275 5.588813782 0.011183352 0.999746323 0.019549076 -1.995025754 -0.414921582 -0.013148130 0.909762204 101.474418640
0.904096425 -0.017935248 0.426951885 5.846141815 0.010338301 0.999744415 0.020104945 -2.002492189 -0.427203387 -0.013762851 0.904050827 101.964157104
0.897602379 -0.017755646 0.440448195 6.112571716 0.009905949 0.999748588 0.020114914 -2.015258312 -0.440694690 -0.013692137 0.897552669 102.461959839
0.891905725 -0.019197606 0.451813698 6.389522552 0.011318240 0.999733210 0.020135907 -2.012140989 -0.452079684 -0.012845597 0.891885042 102.961288452
0.886132777 -0.019072296 0.463038892 6.670372009 0.011167664 0.999741435 0.019806832 -2.012758732 -0.463297009 -0.012380419 0.886116683 103.434326172
0.879073262 -0.019004419 0.476307631 6.975738525 0.011221800 0.999753118 0.019178659 -2.001401424 -0.476554543 -0.011514420 0.879069567 103.926773071
