1.000000000 0.000000000 0.000000000 0.000000000 0.000000000 1.000000000 0.000000000 0.000000000 0.000000000 0.000000000 1.000000000 0.000000000
1.000000000 0.000096256 0.000027178 -0.000117284 -0.000096256 1.000000000 -0.000008162 0.000381830 -0.000027178 0.000008160 1.000000000 0.000142971
1.000000000 0.000075811 0.000054966 -0.000568538 -0.000075816 1.000000000 0.000090526 -0.000577585 -0.000054959 -0.000090530 1.000000000 -0.000142961
1.000000000 -0.000028277 0.000057569 -0.000121608 0.000028277 1.000000000 0.000004093 0.000396154 -0.000057569 -0.000004091 1.000000000 0.000383368
1.000000000 0.000004835 0.000108234 -0.000647387 -0.000004831 1.000000000 -0.000038010 0.000380708 -0.000108234 0.000038009 1.000000000 0.000367270
1.000000000 0.000096958 0.000103280 -0.001126762 -0.000096956 1.000000000 -0.000018021 0.000485767 -0.000103282 0.000018011 1.000000000 -0.000259404
1.000000000 -0.000025612 0.000073733 -0.000365136 0.000025610 1.000000000 0.000022328 -0.000354659 -0.000073734 -0.000022326 1.000000000 0.000122680
1.000000000 0.000043778 0.000041437 0.000043088 -0.000043781 1.000000000 0.000055320 0.000036185 -0.000041434 -0.000055322 1.000000000 0.000766472
1.000000000 0.000052062 -0.000009033 -0.000049574 -0.000052063 1.000000000 -0.000080965 0.000146431 0.000009029 0.000080966 1.000000000 0.000003257
1.000000000 0.000049027 0.000048762 -0.000102421 -0.000049027 1.000000000 -0.000005062 -0.000293765 -0.000048762 0.000005059 1.000000000 0.000206171
1.000000000 0.000097334 0.000065871 -0.000820890 -0.000097337 1.000000000 0.000047660 -0.000259888 -0.000065866 -0.000047667 1.000000000 0.000064306
1.000000000 0.000048896 0.000049573 -0.000015215 -0.000048892 1.000000000 -0.000062565 0.000752171 -0.000049576 0.000062563 1.000000000 0.000897548
1.000000000 0.000074639 0.000002874 -0.000540723 -0.000074638 1.000000000 -0.000095631 0.000047137 -0.000002881 0.000095631 1.000000000 -0.000228531
1.000000000 0.000072415 0.000040745 -0.000793932 -0.000072413 1.000000000 -0.000035435 0.000714875 -0.000040747 0.000035432 1.000000000 0.000217213
1.000000000 0.000040325 0.000097994 -0.001678192 -0.000040319 1.000000000 -0.000058061 0.000968696 -0.000097996 0.000058057 1.000000000 0.000477209
1.000000000 0.000072548 0.000016863 0.000161398 -0.000072547 1.000000000 -0.000061841 0.001462252 -0.000016867 0.000061840 1.000000000 0.001755662
1.000000000 0.000126485 0.000100740 -0.000876050 -0.000126476 1.000000000 -0.000080992 0.001551890 -0.000100751 0.000080979 1.000000000 0.001886797
1.000000000 0.000115209 0.000117656 -0.001469449 -0.000115197 1.000000000 -0.000104022 0.001297183 -0.000117668 0.000104009 1.000000000 0.001239818
0.999999940 0.000203148 0.000147507 -0.002085017 -0.000203135 1.000000000 -0.000084377 0.001976835 -0.000147524 0.000084347 1.000000000 0.001748634
0.999999940 0.000337605 -0.000237209 -0.001522151 -0.000337656 0.999999940 -0.000216612 0.002144295 0.000237136 0.000216693 0.999999940 0.002179574
0.999999940 0.000324320 -0.000236563 -0.001828356 -0.000324359 0.999999940 -0.000161407 0.001669479 0.000236510 0.000161484 0.999999940 0.002081735
0.999999940 0.000319737 -0.000293393 -0.001597542 -0.000319765 0.999999940 -0.000093651 0.001448091 0.000293363 0.000093745 0.999999940 0.001840129
0.999999940 0.000342579 -0.000291408 -0.001203737 -0.000342627 0.999999940 -0.000166103 0.002052000 0.000291351 0.000166202 0.999999940 0.002471196
0.999999940 0.000318992 -0.000325789 -0.001171442 -0.000319048 0.999999940 -0.000172294 0.002479984 0.000325734 0.000172398 0.999999940 0.002425863
0.999999881 0.000486792 -0.000309525 -0.001664460 -0.000486835 0.999999881 -0.000140692 0.002115255 0.000309457 0.000140843 0.999999940 0.002122178
0.999999881 0.000472797 -0.000266230 -0.001649512 -0.000472838 0.999999881 -0.000153864 0.001938633 0.000266157 0.000153990 0.999999940 0.001950754
0.999999940 0.000319633 -0.000238881 -0.001617600 -0.000319661 0.999999940 -0.000120880 0.002369784 0.000238842 0.000120956 0.999999940 0.002501108
0.999999940 0.000384324 -0.000251194 -0.001548098 -0.000384341 1.000000000 -0.000067475 0.001518574 0.000251168 0.000067572 0.999999940 0.001964880
0.999999940 0.000341059 -0.000294969 -0.001350085 -0.000341090 0.999999940 -0.000106410 0.002232393 0.000294933 0.000106511 0.999999940 0.002593536
0.999999940 0.000361343 -0.000255751 -0.001582095 -0.000361393 0.999999940 -0.000193163 0.002789895 0.000255681 0.000193256 0.999999940 0.002115909
0.999999940 0.000361123 -0.000164208 -0.001580232 -0.000361142 0.999999940 -0.000110961 0.001879827 0.000164168 0.000111020 1.000000000 0.002628292
0.999999940 0.000260420 -0.000214468 -0.001489475 -0.000260461 0.999999940 -0.000193639 0.002741962 0.000214418 0.000193695 0.999999940 0.003416121
0.999999940 0.000382180 -0.000289819 -0.001169348 -0.000382248 0.999999940 -0.000231672 0.002695569 0.000289730 0.000231783 0.999999940 0.002862500
0.999999940 0.000346328 -0.000255625 -0.001415312 -0.000346369 0.999999940 -0.000158638 0.001987104 0.000255570 0.000158727 0.999999940 0.001814288
0.999999881 0.000434665 -0.000204692 -0.002164890 -0.000434702 0.999999881 -0.000179124 0.001983689 0.000204615 0.000179213 0.999999940 0.002075249
0.999999940 0.000392619 -0.000213986 -0.001371972 -0.000392651 0.999999940 -0.000150500 0.001563515 0.000213927 0.000150584 0.999999940 0.001904568
0.999999940 0.000376587 -0.000229942 -0.001608901 -0.000376627 0.999999940 -0.000175114 0.002392779 0.000229876 0.000175201 0.999999940 0.002527214
0.999999940 0.000362140 -0.000309311 -0.001287657 -0.000362188 0.999999940 -0.000156051 0.002522284 0.000309254 0.000156163 0.999999940 0.002385142
0.999999940 0.000416754 -0.000197344 -0.001967668 -0.000416792 0.999999881 -0.000193649 0.002481863 0.000197263 0.000193732 0.999999940 0.002344394
0.999999940 0.000338543 -0.000285401 -0.000903957 -0.000338595 0.999999940 -0.000184333 0.002569529 0.000285339 0.000184430 0.999999940 0.002797959
1.000000000 0.000211103 -0.000329034 -0.000139278 -0.000211181 1.000000000 -0.000235894 0.002152182 0.000328984 0.000235963 0.999999940 0.002843691
0.999999881 0.000496041 -0.000228675 -0.000372867 -0.000496211 0.999999642 -0.000746166 -0.001653648 0.000228304 0.000746280 0.999999702 0.048876386
0.999999881 0.000207884 0.000354176 -0.001453647 -0.000207562 0.999999583 -0.000911077 -0.004841409 -0.000354365 0.000911003 0.999999464 0.137296900
1.000000000 0.000082683 0.000264897 0.000603583 -0.000082383 0.999999344 -0.001131733 -0.009414130 -0.000264991 0.001131712 0.999999344 0.249657318
0.999999881 0.000413623 0.000371991 0.002992098 -0.000413191 0.999999225 -0.001158631 -0.010990795 -0.000372469 0.001158477 0.999999285 0.383443773
0.999999821 0.000443334 -0.000011684 0.008912519 -0.000443345 0.999999464 -0.000946034 -0.018274039 0.000011265 0.000946039 0.999999523 0.517539322
1.000000000 0.000138975 -0.000008373 0.012730564 -0.000138981 0.999999642 -0.000797606 -0.023874544 0.000008263 0.000797608 0.999999642 0.668733001
0.999999940 0.000248184 0.000111448 0.016242784 -0.000248103 0.999999702 -0.000723893 -0.026033472 -0.000111628 0.000723865 0.999999702 0.830684781
0.999999940 0.000174899 0.000007528 0.018663114 -0.000174895 0.999999821 -0.000573625 -0.031469252 -0.000007629 0.000573623 0.999999821 0.998298645
1.000000000 0.000188861 0.000124461 0.024405040 -0.000188812 0.999999881 -0.000393257 -0.036039654 -0.000124535 0.000393233 0.999999940 1.175847650
0.999999881 0.000208578 0.000313059 0.028406706 -0.000208562 1.000000000 -0.000051202 -0.042572968 -0.000313069 0.000051137 0.999999940 1.359257579
1.000000000 0.000081444 0.000169039 0.033730034 -0.000081426 1.000000000 -0.000104498 -0.046546716 -0.000169048 0.000104484 1.000000000 1.553217411
1.000000000 0.000006231 0.000190952 0.036436457 -0.000006254 1.000000000 0.000120414 -0.051695615 -0.000190951 -0.000120416 1.000000000 1.750333667
0.999999940 0.000137216 0.000258215 0.041861538 -0.000137264 1.000000000 0.000186976 -0.056642786 -0.000258189 -0.000187011 0.999999940 1.942032695
1.000000000 -0.000049284 0.000153515 0.047702201 0.000049249 1.000000000 0.000231719 -0.067962855 -0.000153527 -0.000231711 0.999999940 2.150254488
1.000000000 0.000050194 0.000192211 0.053654559 -0.000050237 1.000000000 0.000224345 -0.074325673 -0.000192200 -0.000224354 0.999999940 2.364615440
0.999999940 0.000336792 0.000284616 0.055907007 -0.000336846 0.999999940 0.000189106 -0.081526011 -0.000284552 -0.000189202 0.999999940 2.591209888
0.999999821 -0.000289485 0.000378742 0.060296915 0.000289301 0.999999762 0.000487938 -0.087935776 -0.000378884 -0.000487828 0.999999821 2.811248541
0.999999821 -0.000091069 0.000609161 0.064184733 0.000090582 0.999999702 0.000799590 -0.095554404 -0.000609234 -0.000799535 0.999999464 3.047143936
0.999999642 0.000512547 0.000643558 0.068878680 -0.000513024 0.999999583 0.000741936 -0.104234114 -0.000643177 -0.000742266 0.999999523 3.284873486
0.999999523 0.000348651 0.000896643 0.071358562 -0.000349425 0.999999523 0.000862948 -0.114841148 -0.000896342 -0.000863261 0.999999225 3.526407242
0.999999940 0.000326520 0.000483620 0.078398384 -0.000327055 0.999999344 0.001105724 -0.121288307 -0.000483259 -0.001105882 0.999999285 3.783037901
0.999999821 0.000152345 0.000584266 0.087064512 -0.000152840 0.999999642 0.000847071 -0.126686424 -0.000584137 -0.000847161 0.999999464 4.037950516
0.999999940 -0.000110194 0.000486617 0.095883183 0.000109795 0.999999702 0.000820172 -0.131455526 -0.000486707 -0.000820119 0.999999523 4.294449806
0.999999821 0.000122518 0.000621847 0.099789388 -0.000123249 0.999999225 0.001175040 -0.141815722 -0.000621703 -0.001175116 0.999999046 4.543410778
0.999999404 0.000491087 0.001015919 0.099504136 -0.000492312 0.999999046 0.001205919 -0.150580883 -0.001015326 -0.001206418 0.999998748 4.792598248
0.999998748 0.000924127 0.001218781 0.105003089 -0.000925631 0.999998808 0.001234210 -0.156542137 -0.001217639 -0.001235337 0.999998450 5.062032223
0.999997854 0.001176213 0.001653145 0.106432296 -0.001178143 0.999998629 0.001167108 -0.164025396 -0.001651770 -0.001169053 0.999997973 5.320449829
0.999997497 0.001164948 0.001901373 0.112073138 -0.001167313 0.999998569 0.001243225 -0.173324570 -0.001899922 -0.001245441 0.999997437 5.587553501
0.999997199 0.001181756 0.002054151 0.112727299 -0.001184308 0.999998510 0.001241595 -0.182001978 -0.002052680 -0.001244024 0.999997139 5.852109909
0.999996006 0.001564537 0.002364535 0.115066364 -0.001567283 0.999998093 0.001159625 -0.191685244 -0.002362716 -0.001163326 0.999996603 6.127643108
0.999997079 0.001111421 0.002145542 0.131413981 -0.001113860 0.999998748 0.001135671 -0.195888743 -0.002144277 -0.001138058 0.999997079 6.422074318
0.999995649 0.001676057 0.002424074 0.131528556 -0.001678933 0.999997854 0.001185111 -0.204019576 -0.002422083 -0.001189176 0.999996364 6.700637341
0.999995649 0.001733204 0.002359295 0.139582992 -0.001736072 0.999997735 0.001213680 -0.214056984 -0.002357186 -0.001217771 0.999996424 6.995943069
0.999995530 0.001590494 0.002498470 0.147137597 -0.001594231 0.999997616 0.001494383 -0.224644214 -0.002496088 -0.001498360 0.999995708 7.304029465
0.999996603 0.001187794 0.002315251 0.156054780 -0.001192193 0.999997497 0.001899336 -0.237545788 -0.002312989 -0.001902090 0.999995530 7.609179974
0.999997020 0.001172700 0.002127233 0.164845213 -0.001176042 0.999998093 0.001570812 -0.240038335 -0.002125387 -0.001573310 0.999996483 7.928968906
0.999996185 0.001419569 0.002337083 0.171581343 -0.001422797 0.999997973 0.001379968 -0.249722958 -0.002335119 -0.001383288 0.999996305 8.243334770
0.999995112 0.001925209 0.002433087 0.176557720 -0.001928749 0.999997020 0.001453754 -0.259042621 -0.002430281 -0.001458439 0.999996006 8.567096710
0.999995530 0.001753467 0.002414310 0.187082186 -0.001756635 0.999997616 0.001310864 -0.263712883 -0.002412006 -0.001315099 0.999996245 8.906807899
0.999996066 0.001729566 0.002199368 0.196148768 -0.001732287 0.999997795 0.001235718 -0.277493238 -0.002197225 -0.001239523 0.999996841 9.240635872
0.999996781 0.001180981 0.002234227 0.202744812 -0.001183965 0.999998331 0.001334897 -0.290663570 -0.002232647 -0.001337538 0.999996603 9.592118263
0.999997377 0.000903212 0.002085625 0.214383140 -0.000906636 0.999998271 0.001641545 -0.301479012 -0.002084138 -0.001643432 0.999996483 9.940755844
0.999996305 0.001761818 0.002121573 0.219704464 -0.001764628 0.999997497 0.001323615 -0.308463544 -0.002119237 -0.001327353 0.999996841 10.298300743
0.999996841 0.001671799 0.001858697 0.231307253 -0.001674007 0.999997854 0.001187100 -0.319359392 -0.001856708 -0.001190208 0.999997556 10.659265518
0.999997616 0.001448189 0.001634239 0.242737442 -0.001450571 0.999997914 0.001457555 -0.325865179 -0.001632125 -0.001459922 0.999997556 11.017514229
0.999998152 0.001187596 0.001510263 0.254119754 -0.001189813 0.999998271 0.001467347 -0.335810304 -0.001508517 -0.001469141 0.999997795 11.395255089
0.999997258 0.001546278 0.001774636 0.255973995 -0.001549306 0.999997318 0.001705722 -0.346534848 -0.001771994 -0.001708467 0.999996960 11.792129517
0.999996901 0.001421247 0.002023190 0.264177322 -0.001424071 0.999998033 0.001395100 -0.358872533 -0.002021203 -0.001397977 0.999996960 12.161732674
0.999997079 0.001395690 0.001957074 0.278071851 -0.001399187 0.999997497 0.001786443 -0.375080973 -0.001954575 -0.001789176 0.999996424 12.544734955
0.999996364 0.001603606 0.002166011 0.280594856 -0.001608524 0.999996066 0.002270605 -0.387797594 -0.002162362 -0.002274081 0.999995053 12.945816040
0.999997020 0.001266789 0.002077790 0.299012750 -0.001271058 0.999997020 0.002054255 -0.398282737 -0.002075181 -0.002056890 0.999995708 13.344707489
0.999997377 0.001030518 0.002025645 0.304026842 -0.001035618 0.999996305 0.002518493 -0.412948906 -0.002023042 -0.002520585 0.999994695 13.763168335
0.999997139 0.001167415 0.002118261 0.312806934 -0.001173462 0.999995291 0.002855734 -0.425676584 -0.002114917 -0.002858211 0.999993682 14.180278778
0.999995351 0.001591618 0.002602878 0.324340850 -0.001597814 0.999996006 0.002380459 -0.431766093 -0.002599078 -0.002384607 0.999993742 14.605813026
0.999994636 0.001696975 0.002797201 0.325771183 -0.001703331 0.999995947 0.002271460 -0.441570699 -0.002793335 -0.002276212 0.999993503 15.030307770
0.999994993 0.001824757 0.002554574 0.341556609 -0.001830112 0.999996126 0.002095599 -0.452158391 -0.002550740 -0.002100263 0.999994457 15.459107399
0.999993086 0.001478830 0.003396453 0.340186179 -0.001486180 0.999996662 0.002162582 -0.461346060 -0.003393243 -0.002167615 0.999991894 15.908750534
0.999992728 0.001465226 0.003499635 0.352337599 -0.001473115 0.999996305 0.002252632 -0.472082376 -0.003496323 -0.002257771 0.999991357 16.337188721
0.999990582 0.001939605 0.003877616 0.359951496 -0.001947078 0.999996126 0.001924241 -0.484979928 -0.003873869 -0.001931773 0.999990642 16.777973175
0.999991119 0.001677744 0.003865477 0.377751350 -0.001686228 0.999996185 0.002192375 -0.497972965 -0.003861784 -0.002198873 0.999990046 17.226242065
0.999989212 0.001360218 0.004439207 0.378264695 -0.001368706 0.999997258 0.001909415 -0.503808677 -0.004436598 -0.001915471 0.999988317 17.689634323
0.999987423 0.001226728 0.004869812 0.389935672 -0.001234810 0.999997914 0.001657062 -0.515996516 -0.004867769 -0.001663055 0.999986768 18.156515121
0.999987185 0.000995788 0.004958761 0.408105046 -0.001003492 0.999998271 0.001551537 -0.526979566 -0.004957208 -0.001556494 0.999986529 18.630020142
0.999987423 0.001057499 0.004893959 0.420910954 -0.001067225 0.999997437 0.001985227 -0.542904794 -0.004891846 -0.001990425 0.999986053 19.122142792
0.999986589 0.001344292 0.004999003 0.444700748 -0.001352482 0.999997735 0.001635312 -0.548946917 -0.004996793 -0.001642052 0.999986112 19.621015549
0.999987841 0.001717259 0.004617804 0.439685673 -0.001727386 0.999996066 0.002189883 -0.565917373 -0.004614026 -0.002197833 0.999986947 20.094232559
0.999984980 0.000907663 0.005400140 0.459062308 -0.000920933 0.999996483 0.002455341 -0.592777371 -0.005397893 -0.002460277 0.999982417 20.568044662
0.999990642 0.001178341 0.004172049 0.481751055 -0.001186462 0.999997318 0.001944652 -0.588468432 -0.004169745 -0.001949584 0.999989390 21.110263824
0.999990582 0.000596944 0.004304946 0.473494440 -0.000609045 0.999995887 0.002810011 -0.621382892 -0.004303251 -0.002812607 0.999986768 21.602613449
0.999990344 0.001116093 0.004245490 0.496565223 -0.001124969 0.999997139 0.002088772 -0.621040463 -0.004243148 -0.002093527 0.999988854 22.103647232
0.999992073 0.001183993 0.003795985 0.497350633 -0.001192356 0.999996841 0.002201689 -0.638590395 -0.003793366 -0.002206198 0.999990344 22.610338211
0.999993503 0.001012829 0.003456244 0.505763412 -0.001022344 0.999995649 0.002752323 -0.658078671 -0.003453441 -0.002755839 0.999990225 23.128002167
0.999995410 0.001039122 0.002831696 0.522156715 -0.001046768 0.999995828 0.002700053 -0.681790233 -0.002828879 -0.002703005 0.999992371 23.643234253
0.999993503 0.001733348 0.003130530 0.518897653 -0.001738615 0.999997020 0.001680785 -0.679298997 -0.003127608 -0.001686217 0.999993682 24.174032211
0.999996841 0.000994340 0.002272017 0.543365479 -0.001000513 0.999995768 0.002716764 -0.716708302 -0.002269306 -0.002719029 0.999993742 24.687826157
0.999995589 0.002034157 0.002165915 0.541646481 -0.002040296 0.999993920 0.002835906 -0.730479896 -0.002160133 -0.002840313 0.999993622 25.235027313
0.999996662 0.002160165 0.001414823 0.559239209 -0.002164441 0.999993145 0.003027460 -0.744973779 -0.001408273 -0.003030513 0.999994397 25.766550064
0.999997437 0.001994173 0.001077305 0.561026454 -0.001997683 0.999992669 0.003267380 -0.772695363 -0.001070782 -0.003269524 0.999994099 26.337793350
0.999997973 0.001797235 0.000887675 0.569924057 -0.001800031 0.999993443 0.003159745 -0.778829575 -0.000881991 -0.003161336 0.999994636 26.894088745
0.999996960 0.002354358 0.000665568 0.575911403 -0.002356730 0.999990761 0.003586769 -0.797365785 -0.000657117 -0.003588327 0.999993324 27.427824020
0.999994993 0.003087061 0.000706608 0.580892205 -0.003089345 0.999989927 0.003254959 -0.811707854 -0.000696553 -0.003257125 0.999994457 27.974946976
0.999997854 0.002035106 -0.000016756 0.600610733 -0.002035033 0.999991477 0.003595048 -0.826872408 0.000024073 -0.003595006 0.999993563 28.528356552
0.999997199 0.002372031 -0.000104864 0.610528171 -0.002371618 0.999989986 0.003776558 -0.843671679 0.000113821 -0.003776299 0.999992847 29.081771851
0.999997675 0.002099059 -0.000362301 0.612825036 -0.002097686 0.999990702 0.003748198 -0.857032657 0.000370166 -0.003747430 0.999992907 29.634218216
0.999996722 0.002321454 -0.001001975 0.624857545 -0.002317549 0.999989748 0.003880752 -0.870762408 0.001010974 -0.003878418 0.999991953 30.188583374
0.999996603 0.002501881 -0.000715020 0.634852350 -0.002499185 0.999989867 0.003748267 -0.881555080 0.000724390 -0.003746468 0.999992669 30.738479614
0.999996841 0.002147658 -0.001313583 0.648672223 -0.002142624 0.999990404 0.003821617 -0.897992969 0.001321778 -0.003818791 0.999991834 31.283056259
0.999994040 0.002845226 -0.001960475 0.656691313 -0.002838398 0.999989927 0.003477058 -0.908759058 0.001970348 -0.003471473 0.999992013 31.831085205
0.999995470 0.002482766 -0.001703310 0.664722323 -0.002476728 0.999990642 0.003537665 -0.927295446 0.001712078 -0.003533430 0.999992311 32.391761780
0.999993861 0.002236907 -0.002693103 0.679834962 -0.002227374 0.999991298 0.003537555 -0.926033318 0.002700992 -0.003531535 0.999990165 32.957889557
0.999995172 0.002303895 -0.002074097 0.684988618 -0.002296131 0.999990404 0.003738153 -0.957053483 0.002082690 -0.003733372 0.999990880 33.499149323
0.999992490 0.003194760 -0.002180771 0.695713878 -0.003186107 0.999987125 0.003959791 -0.972882867 0.002193393 -0.003952813 0.999989808 34.047489166
0.999993801 0.002384486 -0.002589953 0.706260979 -0.002374836 0.999990165 0.003722562 -0.984328985 0.002598804 -0.003716388 0.999989688 34.584133148
0.999991000 0.002184083 -0.003615204 0.722326040 -0.002171590 0.999991715 0.003456060 -0.997391939 0.003622721 -0.003448178 0.999987543 35.142036438
0.999992728 0.002065798 -0.003209557 0.730364680 -0.002054229 0.999991298 0.003603998 -1.009924173 0.003216974 -0.003597378 0.999988317 35.667335510
0.999993563 0.002292543 -0.002801309 0.722577810 -0.002282653 0.999991119 0.003528955 -1.024915814 0.002809375 -0.003522537 0.999989867 36.214195251
0.999992967 0.002630912 -0.002692617 0.730444133 -0.002622711 0.999991894 0.003044633 -1.039959788 0.002700605 -0.003037549 0.999991775 36.759315491
0.999993622 0.001354614 -0.003287747 0.746893406 -0.001341501 0.999991179 0.003987577 -1.063527822 0.003293121 -0.003983141 0.999986649 37.288669586
0.999992907 0.001259295 -0.003548863 0.758355260 -0.001245919 0.999992192 0.003769106 -1.075356841 0.003553582 -0.003764658 0.999986589 37.836517334
0.999993086 0.001543063 -0.003372983 0.762874842 -0.001529281 0.999990523 0.004085255 -1.088701606 0.003379254 -0.004080069 0.999985993 38.392444611
0.999993086 0.002021923 -0.003112174 0.772379875 -0.002011965 0.999992847 0.003200124 -1.092234731 0.003118623 -0.003193841 0.999990046 38.904209137
0.999993384 0.001371293 -0.003409170 0.785170436 -0.001359709 0.999993324 0.003397499 -1.110242486 0.003413808 -0.003392841 0.999988437 39.438919067
0.999993503 0.001384295 -0.003332624 0.792251587 -0.001372579 0.999992907 0.003515213 -1.125882626 0.003337466 -0.003510616 0.999988317 39.990848541
0.999992490 0.001353244 -0.003628520 0.813692868 -0.001339338 0.999991775 0.003832099 -1.142994761 0.003633676 -0.003827211 0.999985993 40.518047333
0.999993026 0.001498142 -0.003418335 0.819925964 -0.001485294 0.999991834 0.003758118 -1.154781103 0.003423937 -0.003753015 0.999987066 41.072853088
0.999992013 0.001180320 -0.003824223 0.826510966 -0.001165911 0.999992251 0.003767619 -1.165551305 0.003828640 -0.003763129 0.999985576 41.601314545
0.999992371 0.002019920 -0.003337474 0.833456457 -0.002010518 0.999994040 0.002818268 -1.168549418 0.003343147 -0.002811537 0.999990463 42.171371460
0.999989271 0.001673916 -0.004319479 0.858714402 -0.001661186 0.999994397 0.002949016 -1.184750676 0.004324391 -0.002941810 0.999986291 42.690914154
0.999991715 0.001495313 -0.003787803 0.848345757 -0.001480271 0.999991059 0.003970862 -1.213363290 0.003793706 -0.003965222 0.999984920 43.163433075
0.999991179 0.001416969 -0.003956047 0.870294034 -0.001405086 0.999994457 0.003004952 -1.221105695 0.003960283 -0.002999367 0.999987662 43.745231628
0.999988198 0.000899114 -0.004778114 0.882144511 -0.000883747 0.999994397 0.003217374 -1.238179684 0.004780981 -0.003213114 0.999983430 44.281291962
0.999992549 0.002398943 -0.003018884 0.871374249 -0.002390536 0.999993265 0.002784829 -1.239818931 0.003025545 -0.002777592 0.999991536 44.812408447
0.999988854 0.002374351 -0.004075536 0.899445295 -0.002366624 0.999995410 0.001899714 -1.250405192 0.004080028 -0.001890047 0.999989927 45.370388031
0.999993443 0.002541661 -0.002562272 0.889246583 -0.002534732 0.999993145 0.002703680 -1.266321778 0.002569127 -0.002697168 0.999993026 45.896205902
0.999993682 0.002917780 -0.002035955 0.871999502 -0.002911753 0.999991417 0.002957287 -1.290766835 0.002044566 -0.002951340 0.999993563 46.427715302
0.999992490 0.003364208 -0.001916595 0.884548724 -0.003357068 0.999987423 0.003716770 -1.302262902 0.001929075 -0.003710308 0.999991298 46.980579376
0.999994397 0.001287508 -0.003065273 0.905192137 -0.001276956 0.999993265 0.003441664 -1.318195701 0.003069685 -0.003437731 0.999989390 47.497894287
0.999992609 0.003195014 -0.002118504 0.903650463 -0.003188725 0.999990582 0.002965391 -1.326224566 0.002127959 -0.002958614 0.999993384 48.077461243
0.999997199 0.001202704 -0.002097374 0.920601845 -0.001195946 0.999994099 0.003220471 -1.350021601 0.002101234 -0.003217954 0.999992549 48.578628540
0.999996841 0.001166113 -0.002236235 0.932362735 -0.001160066 0.999995708 0.002703899 -1.359220266 0.002239378 -0.002701296 0.999993801 49.136360168
0.999993682 0.002600792 -0.002429826 0.939554930 -0.002593761 0.999992371 0.002892723 -1.367186546 0.002437332 -0.002886402 0.999992847 49.663158417
0.999994159 0.002704519 -0.002087792 0.943908572 -0.002697494 0.999990642 0.003360343 -1.384674430 0.002096862 -0.003354692 0.999992192 50.194385529
0.999993443 0.003216855 -0.001621941 0.947727203 -0.003211682 0.999989748 0.003181827 -1.398464799 0.001632161 -0.003176598 0.999993563 50.728183746
0.999994814 0.002680759 -0.001841920 0.962810993 -0.002674610 0.999990880 0.003333105 -1.413517356 0.001850837 -0.003328161 0.999992728 51.300140381
0.999995947 0.001743605 -0.002244365 0.978476882 -0.001736144 0.999992967 0.003322418 -1.433538675 0.002250143 -0.003318508 0.999991953 51.844676971
0.999992430 0.003566479 -0.001498336 0.976151049 -0.003562061 0.999989331 0.002941629 -1.437357068 0.001508811 -0.002936270 0.999994516 52.378017426
0.999993265 0.003195699 -0.001799156 0.992209315 -0.003189520 0.999989033 0.003426212 -1.448985577 0.001810085 -0.003420451 0.999992430 52.921947479
0.999993443 0.003101780 -0.001817804 0.998671353 -0.003095483 0.999989212 0.003456275 -1.464159727 0.001828506 -0.003450627 0.999992371 53.475700378
0.999993682 0.002881499 -0.002084773 1.028055072 -0.002875936 0.999992251 0.002666100 -1.473554730 0.002092439 -0.002660088 0.999994278 54.018470764
0.999992013 0.003535719 -0.001819703 1.035699844 -0.003531062 0.999990523 0.002556124 -1.482654214 0.001828725 -0.002549678 0.999995053 54.543212891
0.999992251 0.003331155 -0.002084186 1.048183322 -0.003325849 0.999991298 0.002544029 -1.496430993 0.002092642 -0.002537077 0.999994576 55.093120575
0.999994874 0.002179004 -0.002335266 1.082244873 -0.002173576 0.999994934 0.002324333 -1.496500015 0.002340319 -0.002319245 0.999994516 55.618953705
0.999995649 0.002291569 -0.001847265 1.084082723 -0.002287225 0.999994576 0.002350551 -1.510538459 0.001852641 -0.002346316 0.999995470 56.164085388
0.999993503 0.002866469 -0.002195053 1.104237914 -0.002860613 0.999992371 0.002666089 -1.531331420 0.002202681 -0.002659793 0.999994040 56.671333313
0.999992669 0.003243083 -0.002038844 1.117026329 -0.003237884 0.999991477 0.002548480 -1.542630434 0.002047092 -0.002541860 0.999994695 57.209251404
0.999992609 0.003359539 -0.001855583 1.124891400 -0.003354877 0.999991238 0.002510566 -1.558855772 0.001864001 -0.002504321 0.999995172 57.755359650
0.999993443 0.002998679 -0.002031159 1.146397471 -0.002994033 0.999992907 0.002287207 -1.564030766 0.002038004 -0.002281111 0.999995291 58.284282684
0.999993026 0.003260757 -0.001832181 1.151314616 -0.003256906 0.999992430 0.002101365 -1.578519702 0.001839019 -0.002095383 0.999996126 58.824981689
0.999993980 0.003024234 -0.001716771 1.168465376 -0.003020276 0.999992788 0.002303289 -1.592255712 0.001723725 -0.002298089 0.999995887 59.349094391
0.999994218 0.002902002 -0.001773131 1.182951450 -0.002897772 0.999992967 0.002383239 -1.606819630 0.001780034 -0.002378087 0.999995589 59.898258209
0.999993622 0.003004171 -0.001945263 1.199563026 -0.002999792 0.999992967 0.002249353 -1.618204474 0.001952008 -0.002243503 0.999995589 60.432998657
0.999994218 0.003083403 -0.001439318 1.196665764 -0.003080705 0.999993563 0.001873629 -1.623871088 0.001445086 -0.001869184 0.999997258 61.015197754
0.999994040 0.002512920 -0.002362483 1.227610350 -0.002507072 0.999993801 0.002475409 -1.646597028 0.002368689 -0.002469471 0.999994159 61.519458771
0.999993682 0.003048410 -0.001817318 1.230180860 -0.003044165 0.999992669 0.002333705 -1.665722370 0.001824418 -0.002328159 0.999995589 62.050357819
0.999993026 0.003497177 -0.001324972 1.238249540 -0.003494046 0.999991059 0.002357104 -1.680350542 0.001333204 -0.002352458 0.999996364 62.585258484
0.999992073 0.003697962 -0.001461879 1.253423691 -0.003694809 0.999990821 0.002153927 -1.688390374 0.001469831 -0.002148509 0.999996543 63.136974335
0.999992549 0.003570580 -0.001480504 1.259296298 -0.003567759 0.999991775 0.001903568 -1.704770327 0.001487288 -0.001898271 0.999997020 63.653106689
0.999992549 0.003538770 -0.001498847 1.272444606 -0.003535814 0.999991834 0.001970304 -1.718072057 0.001505808 -0.001964990 0.999996901 64.181381226
0.999992609 0.003559561 -0.001398510 1.280539632 -0.003556597 0.999991417 0.002116026 -1.732796431 0.001406030 -0.002111037 0.999996781 64.709716797
0.999993861 0.003217354 -0.001349585 1.291390657 -0.003214707 0.999992847 0.001959214 -1.746532321 0.001355879 -0.001954863 0.999997199 65.233154297
0.999993145 0.003364563 -0.001592061 1.304630637 -0.003361332 0.999992311 0.002027534 -1.761905789 0.001598870 -0.002022168 0.999996722 65.768951416
0.999995530 0.002648650 -0.001374694 1.319998980 -0.002646360 0.999995112 0.001665598 -1.772244215 0.001379099 -0.001661953 0.999997616 66.283866882
0.999995351 0.002529380 -0.001691828 1.332790375 -0.002526744 0.999995589 0.001558751 -1.787907600 0.001695764 -0.001554469 0.999997377 66.837921143
0.999994874 0.002864150 -0.001384594 1.346874952 -0.002862090 0.999994814 0.001487753 -1.802659512 0.001388848 -0.001483783 0.999997914 67.317985535
0.999993742 0.003237613 -0.001371149 1.356649160 -0.003235827 0.999994040 0.001302661 -1.817673445 0.001375358 -0.001298217 0.999998212 67.859199524
0.999994278 0.003079478 -0.001418144 1.371538997 -0.003077219 0.999993920 0.001592040 -1.838143945 0.001423039 -0.001587667 0.999997735 68.382171631
0.999994814 0.002711448 -0.001746040 1.384372950 -0.002709277 0.999995530 0.001244532 -1.848225355 0.001749407 -0.001239795 0.999997735 68.935783386
0.999993145 0.003584462 -0.000919561 1.388820767 -0.003583277 0.999992669 0.001286392 -1.870839834 0.000924166 -0.001283088 0.999998748 69.428352356
0.999991834 0.003965619 -0.000781041 1.396074414 -0.003964622 0.999991238 0.001273490 -1.882571816 0.000786085 -0.001270383 0.999998868 69.988731384
0.999994814 0.003153570 -0.000677312 1.400890827 -0.003152921 0.999994516 0.000957139 -1.895019531 0.000680327 -0.000954998 0.999999344 70.549819946
0.999996305 0.002433814 -0.001198537 1.421474695 -0.002432273 0.999996185 0.001285959 -1.913269162 0.001201662 -0.001283039 0.999998450 70.979209900
0.999996424 0.002399713 -0.001113710 1.431687355 -0.002398267 0.999996305 0.001297468 -1.928333521 0.001116820 -0.001294792 0.999998510 71.506935120
0.999996662 0.002382545 -0.000963918 1.437558532 -0.002381479 0.999996603 0.001105338 -1.944028974 0.000966548 -0.001103038 0.999998927 72.060485840
0.999996483 0.002460777 -0.000980385 1.446883321 -0.002459633 0.999996305 0.001167606 -1.958246350 0.000983254 -0.001165191 0.999998868 72.555549622
0.999996603 0.002335796 -0.001141264 1.456329346 -0.002334461 0.999996603 0.001169446 -1.973623037 0.001143991 -0.001166778 0.999998689 73.079086304
0.999996305 0.002544248 -0.000962823 1.468507290 -0.002543198 0.999996126 0.001091228 -1.988711596 0.000965596 -0.001088775 0.999998927 73.595626831
0.999996245 0.002373224 -0.001308878 1.483187199 -0.002371586 0.999996364 0.001251126 -1.996676564 0.001311843 -0.001248017 0.999998331 74.154327393
0.999997139 0.001824973 -0.001503816 1.495689631 -0.001823159 0.999997616 0.001206877 -2.020588398 0.001506014 -0.001204132 0.999998152 74.645103455
0.999996960 0.001973883 -0.001429614 1.503259301 -0.001973013 0.999997795 0.000608528 -2.031538010 0.001430812 -0.000605705 0.999998808 75.174835205
0.999996722 0.002210069 -0.001234662 1.513072729 -0.002209567 0.999997497 0.000406893 -2.045338631 0.001235559 -0.000404164 0.999999166 75.696098328
0.999997258 0.001787260 -0.001512838 1.525195122 -0.001786613 0.999998331 0.000429550 -2.059713125 0.001513602 -0.000426846 0.999998689 76.225227356
0.999996781 0.002070534 -0.001475123 1.534094214 -0.002069784 0.999997675 0.000510104 -2.076289177 0.001476177 -0.000507049 0.999998808 76.728286743
0.999996483 0.002135132 -0.001588623 1.541319966 -0.002134289 0.999997556 0.000532864 -2.088809013 0.001589756 -0.000529471 0.999998510 77.251853943
0.999998271 0.000694164 -0.001740078 1.551288486 -0.000693275 0.999999583 0.000511410 -2.105467319 0.001740432 -0.000510203 0.999998331 77.769088745
0.999998987 0.000349904 -0.001426152 1.562857866 -0.000349404 0.999999821 0.000350424 -2.118041754 0.001426273 -0.000349926 0.999998927 78.315917969
0.999997437 0.001382717 -0.001770635 1.577053666 -0.001382038 0.999998927 0.000384854 -2.132200241 0.001771165 -0.000382406 0.999998271 78.829200745
0.999998093 0.001261660 -0.001497104 1.589651227 -0.001261195 0.999999166 0.000311250 -2.153466940 0.001497494 -0.000309361 0.999998808 79.343246460
0.999999166 0.001116924 -0.000623358 1.602177382 -0.001116566 0.999999225 0.000576494 -2.163800716 0.000624002 -0.000575798 0.999999642 79.874465942
0.999999940 0.000260541 0.000272232 1.619373798 -0.000260668 0.999999881 0.000463380 -2.181286812 -0.000272110 -0.000463450 0.999999881 80.409820557
0.999999106 -0.000109336 0.001285478 1.634889841 0.000109121 0.999999940 0.000167125 -2.199222088 -0.001285495 -0.000166985 0.999999166 80.932701111
0.999996126 0.000435312 0.002745573 1.641645670 -0.000435080 0.999999881 -0.000085160 -2.209073544 -0.002745610 0.000083965 0.999996245 81.485427856
0.999982774 0.000848486 0.005803658 1.662774801 -0.000849629 0.999999642 0.000194612 -2.228851795 -0.005803491 -0.000199540 0.999983132 82.004394531
0.999953389 0.000584466 0.009636394 1.678023100 -0.000584615 0.999999940 0.000012582 -2.238760710 -0.009636385 -0.000018215 0.999953568 82.542434692
0.999914765 0.001039217 0.013011889 1.695068479 -0.001043908 0.999999344 0.000353694 -2.259921312 -0.013011512 -0.000367247 0.999915302 83.076553345
0.999861300 0.000186003 0.016654801 1.724023581 -0.000177262 0.999999762 -0.000526332 -2.272203922 -0.016654894 0.000523307 0.999861240 83.617919922
0.999740899 -0.000306391 0.022760654 1.748398900 0.000319261 0.999999881 -0.000561833 -2.278420210 -0.022760477 0.000568954 0.999740779 84.151641846
0.999587297 -0.000384479 0.028722059 1.774682760 0.000392571 0.999999821 -0.000276098 -2.299817562 -0.028721947 0.000287259 0.999587417 84.690475464
0.999394953 -0.000175204 0.034784328 1.807516217 0.000183150 0.999999881 -0.000225261 -2.321034193 -0.034784287 0.000231496 0.999394774 85.226448059
0.999075055 -0.000467988 0.042997926 1.851117611 0.000484888 0.999999762 -0.000382632 -2.334945440 -0.042997736 0.000403127 0.999075055 85.787681580
0.998688221 -0.000799273 0.051197201 1.892416239 0.000841658 0.999999344 -0.000806330 -2.347227335 -0.051196519 0.000848362 0.998688221 86.339820862
0.998296499 -0.001211662 0.058331661 1.944207430 0.001259338 0.999998927 -0.000780582 -2.362311840 -0.058330648 0.000852711 0.998296976 86.888656616
0.997710884 -0.000997959 0.067616172 1.984713078 0.001017499 0.999999404 -0.000254539 -2.383012533 -0.067615882 0.000322756 0.997711360 87.428306580
0.996966183 -0.000919686 0.077830188 2.053421021 0.000938281 0.999999583 -0.000202351 -2.401949644 -0.077829957 0.000274763 0.996966600 87.952606201
0.996299982 -0.002220734 0.085914858 2.124186993 0.002299499 0.999997020 -0.000817812 -2.406757593 -0.085912786 0.001012347 0.996302128 88.561393738
0.995630562 -0.002478758 0.093347535 2.195705891 0.002555366 0.999996424 -0.000701150 -2.421440840 -0.093345478 0.000936623 0.995633364 89.107162476
0.994626939 -0.002232258 0.103499979 2.266648293 0.002321970 0.999997020 -0.000746321 -2.451671362 -0.103498004 0.000982635 0.994629204 89.658912659
0.993504584 -0.002523464 0.113764130 2.359041691 0.002600770 0.999996424 -0.000531112 -2.468178034 -0.113762386 0.000823537 0.993507624 90.217117310
0.992412329 -0.002686879 0.122925408 2.442180634 0.002798567 0.999995768 -0.000735927 -2.489167690 -0.122922920 0.001074357 0.992415667 90.747962952
0.990897596 -0.003589340 0.134569511 2.534486771 0.003727664 0.999992728 -0.000775955 -2.498905182 -0.134565726 0.001270521 0.990903795 91.311889648
0.989151061 -0.003088508 0.146869570 2.630698204 0.003214672 0.999994636 -0.000621673 -2.523391008 -0.146866843 0.001087065 0.989155710 91.792137146
0.987480760 -0.004189612 0.157683969 2.749151230 0.004351760 0.999990225 -0.000683057 -2.537974358 -0.157679528 0.001360708 0.987489343 92.431037903
0.985688746 -0.004065607 0.168526173 2.856534004 0.004250639 0.999990821 -0.000737206 -2.552237272 -0.168521613 0.001442999 0.985696852 93.005592346
0.983416617 -0.004497816 0.181305364 2.974269867 0.004696320 0.999988794 -0.000665578 -2.569145918 -0.181300357 0.001506008 0.983426571 93.532592773
0.981069565 -0.004713757 0.193598151 3.106259346 0.004923540 0.999987721 -0.000602464 -2.585629702 -0.193592951 0.001544246 0.981080711 94.079948425
0.978993475 -0.005103010 0.203827411 3.241786957 0.005206511 0.999986470 0.000028456 -2.604417801 -0.203824833 0.001033372 0.979006886 94.619438171
0.976204813 -0.005167216 0.216789082 3.376491547 0.005297392 0.999985993 -0.000019355 -2.620543242 -0.216785952 0.001167312 0.976218402 95.132972717
0.973100722 -0.005658684 0.230310619 3.521472931 0.005842083 0.999982953 -0.000114398 -2.631702900 -0.230306044 0.001456814 0.973117173 95.664916992
0.970462918 -0.006359529 0.241166383 3.676916122 0.006533337 0.999978721 0.000078916 -2.646688700 -0.241161734 0.001499036 0.970483780 96.180656433
0.967583060 -0.006644840 0.252465338 3.827569962 0.006855241 0.999976516 0.000046213 -2.668787479 -0.252459675 0.001685997 0.967605948 96.763809204
0.964084983 -0.005252490 0.265541792 4.004796982 0.005113561 0.999986172 0.001214536 -2.716003418 -0.265544534 0.000186949 0.964098573 97.340789795
0.960400403 -0.006542452 0.278546631 4.168151855 0.006632693 0.999977827 0.000618445 -2.704397678 -0.278544396 0.001253560 0.960422635 97.844535828
0.956990778 -0.006708967 0.290040970 4.351446152 0.006769657 0.999976814 0.000794068 -2.719401121 -0.290039629 0.001203562 0.957013905 98.368873596
0.952719748 -0.006851456 0.303772926 4.568574905 0.006883198 0.999975860 0.000966285 -2.744159937 -0.303772241 0.001170331 0.952743948 98.891723633
0.948621035 -0.009056047 0.316285014 4.774934769 0.008998022 0.999958158 0.001643946 -2.750864506 -0.316286683 0.001286458 0.948662817 99.374526978
0.944226980 -0.007362568 0.329213113 4.965667725 0.007469438 0.999971688 0.000940164 -2.768973827 -0.329210639 0.001571309 0.944255173 99.943283081
0.939504564 -0.007432484 0.342455834 5.178243637 0.007448738 0.999971390 0.001267751 -2.787023306 -0.342455477 0.001359807 0.939533055 100.452407837
0.934443951 -0.008024723 0.356020033 5.394210815 0.008138881 0.999966204 0.001177251 -2.798755646 -0.356017381 0.001797530 0.934477627 100.956741333
0.929789901 -0.009174185 0.367976278 5.605094910 0.009283067 0.999955893 0.001474219 -2.814716816 -0.367973596 0.002045234 0.929833949 101.395111084
0.924836278 -0.008612074 0.380267888 5.836389542 0.008490387 0.999962032 0.001997348 -2.835738420 -0.380270690 0.001381402 0.924874246 101.897056580
0.918571830 -0.010039063 0.395126551 6.108932495 0.010026935 0.999947548 0.002095731 -2.891073227 -0.395126849 0.002036829 0.918624282 102.641304016
0.912558973 -0.009045416 0.408845127 6.298492432 0.008238732 0.999959111 0.003734221 -2.932028055 -0.408862203 -0.000039332 0.912596107 103.097610474
0.906973779 -0.009651888 0.421076477 6.588119507 0.009094309 0.999953151 0.003332263 -2.923142433 -0.421088845 0.000807125 0.907019138 103.616737366
0.902353525 -0.011920491 0.430831730 6.929874420 0.012162411 0.999923646 0.002192941 -2.930400372 -0.430825025 0.003261143 0.902429581 104.288818359
0.894175172 -0.008601841 0.447634399 7.091651917 0.007245800 0.999962509 0.004741597 -2.998284578 -0.447658390 -0.000996349 0.894204021 104.741241455
0.889650047 -0.012796862 0.456463546 7.470546722 0.012921489 0.999912620 0.002848282 -2.953758240 -0.456460118 0.003364215 0.889737487 105.276145935
0.884071708 -0.012998130 0.467170537 7.759086609 0.012810603 0.999911547 0.003577899 -2.981766462 -0.467175663 0.002821617 0.884160042 105.693382263
0.875848472 -0.012125478 0.482433856 7.985679626 0.011767454 0.999923587 0.003768493 -3.007816792 -0.482442737 0.002376388 0.875924289 106.128746033
0.869368732 -0.012567971 0.494004041 8.270137787 0.011945577 0.999918878 0.004416646 -3.052297592 -0.494019508 0.002061470 0.869448364 106.622146606
