1.000000000 0.000000000 0.000000000 0.000000000 0.000000000 1.000000000 0.000000000 0.000000000 0.000000000 0.000000000 1.000000000 0.000000000
1.000000000 0.000041426 -0.000019860 0.000016891 -0.000041427 1.000000000 -0.000029290 0.000229411 0.000019859 0.000029291 1.000000000 -0.000528179
1.000000000 0.000019430 0.000030690 -0.000586055 -0.000019431 1.000000000 0.000051670 -0.000613020 -0.000030689 -0.000051670 1.000000000 -0.000912545
1.000000000 -0.000132965 0.000085023 -0.000157545 0.000132967 1.000000000 -0.000025458 0.000447744 -0.000085020 0.000025469 1.000000000 0.000207344
1.000000000 -0.000104602 0.000048408 -0.000336799 0.000104601 1.000000000 0.000017224 -0.000079705 -0.000048410 -0.000017219 1.000000000 -0.000539733
1.000000000 -0.000032539 0.000159788 -0.001182140 0.000032543 1.000000000 -0.000025683 0.000751559 -0.000159787 0.000025688 1.000000000 -0.000020833
1.000000000 -0.000120074 0.000100964 -0.000006205 0.000120078 1.000000000 -0.000041948 0.000397474 -0.000100959 0.000041960 1.000000000 -0.000057372
1.000000000 0.000017957 0.000086117 -0.000634297 -0.000017966 1.000000000 0.000104623 -0.000597337 -0.000086115 -0.000104625 1.000000000 -0.000549057
1.000000000 -0.000013849 0.000011817 -0.000330683 0.000013850 1.000000000 -0.000061217 0.000120640 -0.000011816 0.000061217 1.000000000 -0.000031634
1.000000000 -0.000056875 0.000121935 -0.000678483 0.000056867 1.000000000 0.000062928 -0.001165017 -0.000121938 -0.000062921 1.000000000 -0.000493079
1.000000000 0.000048672 0.000106486 -0.001424327 -0.000048678 1.000000000 0.000057366 -0.000505815 -0.000106483 -0.000057371 1.000000000 -0.000090621
1.000000000 0.000004666 0.000119321 -0.000675978 -0.000004663 1.000000000 -0.000024981 0.000796286 -0.000119321 0.000024981 1.000000000 -0.000127382
1.000000000 0.000017653 0.000017326 -0.000709258 -0.000017652 1.000000000 -0.000056290 -0.000367211 -0.000017327 0.000056290 1.000000000 -0.000999200
1.000000000 -0.000014040 0.000085568 -0.001274729 0.000014041 1.000000000 -0.000006558 0.001080360 -0.000085568 0.000006559 1.000000000 0.000850377
1.000000000 -0.000042165 0.000073542 -0.001704981 0.000042171 1.000000000 -0.000084456 0.000680377 -0.000073538 0.000084460 1.000000000 -0.000567003
1.000000000 0.000050514 -0.000009073 0.000190793 -0.000050515 1.000000000 -0.000096583 0.002290467 0.000009068 0.000096583 1.000000000 0.002159130
1.000000000 0.000064067 0.000112201 -0.001109372 -0.000064053 1.000000000 -0.000127719 0.002586278 -0.000112209 0.000127712 1.000000000 0.003129975
1.000000000 0.000106355 0.000081615 -0.001262392 -0.000106344 1.000000000 -0.000135520 0.001530710 -0.000081629 0.000135512 1.000000000 0.001539142
1.000000000 0.000155764 0.000183343 -0.002462734 -0.000155742 1.000000000 -0.000116725 0.002857353 -0.000183361 0.000116696 1.000000000 0.003342200
1.000000000 0.000069667 0.000167888 -0.001674075 -0.000069645 1.000000000 -0.000130482 0.002441007 -0.000167897 0.000130470 1.000000000 0.002454721
1.000000000 0.000101329 0.000182733 -0.001833917 -0.000101309 1.000000000 -0.000110527 0.001622867 -0.000182744 0.000110508 1.000000000 0.002125739
1.000000000 0.000155830 0.000119743 -0.002054588 -0.000155818 1.000000000 -0.000104967 0.002741422 -0.000119759 0.000104948 1.000000000 0.002433491
1.000000000 0.000132460 0.000057621 -0.000809894 -0.000132454 1.000000000 -0.000108422 0.002691588 -0.000057635 0.000108415 1.000000000 0.003600623
1.000000000 0.000073447 0.000072496 -0.001517191 -0.000073438 1.000000000 -0.000127925 0.003540635 -0.000072505 0.000127919 1.000000000 0.004007371
0.999999940 0.000330406 0.000069586 -0.001692984 -0.000330397 0.999999940 -0.000131050 0.003695341 -0.000069629 0.000131027 1.000000000 0.004410012
0.999999940 0.000254048 0.000084594 -0.001330134 -0.000254042 0.999999940 -0.000062793 0.001965907 -0.000084610 0.000062771 1.000000000 0.002117726
1.000000000 0.000099217 0.000148419 -0.001835824 -0.000099204 1.000000000 -0.000092851 0.003292882 -0.000148428 0.000092836 1.000000000 0.003889530
1.000000000 0.000127096 0.000194606 -0.002412001 -0.000127088 1.000000000 -0.000037926 0.002250961 -0.000194611 0.000037901 1.000000000 0.003418505
1.000000000 0.000098192 0.000103839 -0.001583439 -0.000098178 1.000000000 -0.000137552 0.003257568 -0.000103853 0.000137542 1.000000000 0.003023025
1.000000000 0.000122779 0.000169985 -0.002071741 -0.000122756 1.000000000 -0.000131473 0.002826199 -0.000170001 0.000131452 1.000000000 0.003521840
1.000000000 0.000102050 0.000213541 -0.001622176 -0.000102036 1.000000000 -0.000066774 0.002136508 -0.000213548 0.000066752 1.000000000 0.003490232
1.000000000 0.000080707 0.000183131 -0.001181010 -0.000080688 1.000000000 -0.000104985 0.003665396 -0.000183139 0.000104970 1.000000000 0.004312268
1.000000000 0.000154123 0.000084943 -0.000449684 -0.000154105 0.999999940 -0.000206244 0.004292100 -0.000084975 0.000206231 1.000000000 0.004453745
1.000000000 0.000101262 0.000147677 -0.001246393 -0.000101254 1.000000000 -0.000053293 0.001958270 -0.000147682 0.000053278 1.000000000 0.002741891
0.999999940 0.000202708 0.000153429 -0.002164056 -0.000202692 1.000000000 -0.000105859 0.002043934 -0.000153451 0.000105828 1.000000000 0.002327214
0.999999940 0.000175076 0.000179667 -0.001574904 -0.000175052 1.000000000 -0.000132946 0.002683988 -0.000179690 0.000132915 1.000000000 0.002714062
1.000000000 0.000143550 0.000124276 -0.001501549 -0.000143540 1.000000000 -0.000079416 0.002531356 -0.000124288 0.000079398 1.000000000 0.002589338
1.000000000 0.000161285 0.000116068 -0.001616168 -0.000161278 1.000000000 -0.000060584 0.002995412 -0.000116077 0.000060566 1.000000000 0.004093807
0.999999940 0.000231816 0.000193408 -0.001631810 -0.000231792 0.999999940 -0.000125241 0.003194736 -0.000193437 0.000125196 1.000000000 0.002678194
1.000000000 0.000135121 0.000105901 -0.000612210 -0.000135101 1.000000000 -0.000182456 0.004630355 -0.000105926 0.000182442 1.000000000 0.003840946
1.000000000 0.000045117 0.000080244 -0.000040127 -0.000045106 1.000000000 -0.000136151 0.002037089 -0.000080250 0.000136148 1.000000000 0.004237213
0.999999881 0.000423422 0.000153693 0.000835085 -0.000423334 0.999999762 -0.000571349 -0.001719069 -0.000153935 0.000571284 0.999999821 0.051537070
0.999999940 0.000359823 0.000113505 0.002116036 -0.000359698 0.999999344 -0.001097997 -0.004437154 -0.000113900 0.001097956 0.999999404 0.138960138
1.000000000 0.000165263 -0.000004206 0.004735696 -0.000165268 0.999998987 -0.001400198 -0.008318370 0.000003974 0.001400199 0.999999046 0.254265487
1.000000000 0.000208433 0.000111489 0.007009305 -0.000208283 0.999999046 -0.001346821 -0.008723278 -0.000111769 0.001346797 0.999999106 0.388648450
1.000000000 -0.000048200 0.000146934 0.008203097 0.000048355 0.999999464 -0.001052897 -0.013843514 -0.000146883 0.001052904 0.999999464 0.535657704
0.999999940 -0.000313173 -0.000086414 0.014200615 0.000313088 0.999999464 -0.000988892 -0.021406757 0.000086724 0.000988865 0.999999523 0.683114409
0.999998391 -0.001219949 0.001327065 0.007796732 0.001220464 0.999999166 -0.000387592 -0.029772967 -0.001326591 0.000389211 0.999999046 0.843927741
0.999998271 -0.001265173 0.001376591 0.008955076 0.001265719 0.999999106 -0.000395693 -0.031800888 -0.001376090 0.000397435 0.999998987 1.022583246
0.999998212 -0.001369210 0.001302611 0.015393577 0.001369631 0.999998927 -0.000322055 -0.037234738 -0.001302169 0.000323838 0.999999046 1.198424101
0.999998033 -0.001454215 0.001353301 0.018520715 0.001454194 0.999998868 0.000016995 -0.043563850 -0.001353325 -0.000015027 0.999999106 1.380499005
0.999998152 -0.001135394 0.001523552 0.018569399 0.001135356 0.999999225 0.000025871 -0.045498628 -0.001523580 -0.000024141 0.999998808 1.578582644
0.999997973 -0.001442249 0.001390798 0.027514283 0.001441724 0.999998808 0.000378851 -0.054692004 -0.001391343 -0.000376845 0.999998987 1.778976679
0.999998212 -0.001209455 0.001449901 0.030161018 0.001208607 0.999999166 0.000585532 -0.060318887 -0.001450608 -0.000583778 0.999998748 1.984161258
0.999997497 -0.001767007 0.001360873 0.036294594 0.001766185 0.999998331 0.000605112 -0.066414617 -0.001361940 -0.000602707 0.999998868 2.190660000
0.999997377 -0.001649583 0.001561458 0.036941025 0.001648294 0.999998212 0.000826086 -0.076895282 -0.001562818 -0.000823510 0.999998450 2.407147646
0.999997675 -0.001619506 0.001430598 0.046052042 0.001618290 0.999998271 0.000851203 -0.082739808 -0.001431974 -0.000848886 0.999998629 2.633873224
0.999997020 -0.001714528 0.001736492 0.046452299 0.001712897 0.999998033 0.000940640 -0.090134487 -0.001738102 -0.000937663 0.999998033 2.863854647
0.999996603 -0.002020967 0.001664216 0.051258571 0.002019540 0.999997735 0.000858639 -0.093119271 -0.001665948 -0.000855276 0.999998212 3.102008581
0.999997437 -0.001665824 0.001579805 0.055633519 0.001664137 0.999998093 0.001069124 -0.103257827 -0.001581583 -0.001066492 0.999998152 3.336899519
0.999996901 -0.001683015 0.001866086 0.054629706 0.001680888 0.999997973 0.001140805 -0.109990105 -0.001868002 -0.001137665 0.999997616 3.589334726
0.999996245 -0.001793885 0.002100718 0.060185775 0.001791379 0.999997735 0.001194359 -0.116630174 -0.002102855 -0.001190591 0.999997139 3.847425699
0.999996245 -0.001742710 0.002106763 0.063408837 0.001740270 0.999997795 0.001159541 -0.121751972 -0.002108779 -0.001155871 0.999997079 4.098721027
0.999996603 -0.001266360 0.002267963 0.069084257 0.001263662 0.999998391 0.001190480 -0.125334561 -0.002269467 -0.001187610 0.999996722 4.359475136
0.999996424 -0.001697190 0.002027303 0.075022236 0.001694601 0.999997675 0.001277863 -0.135379717 -0.002029467 -0.001274423 0.999997079 4.614739418
0.999996006 -0.001799708 0.002152639 0.086667523 0.001797749 0.999997914 0.000911814 -0.137276575 -0.002154275 -0.000907940 0.999997258 4.883502483
0.999996841 -0.001237535 0.002170570 0.085733727 0.001235019 0.999998510 0.001159707 -0.144452840 -0.002172002 -0.001157022 0.999996960 5.130826473
0.999995828 -0.001304875 0.002582815 0.090357430 0.001302768 0.999998808 0.000817574 -0.149519160 -0.002583878 -0.000814206 0.999996364 5.394933224
0.999996006 -0.001086911 0.002640804 0.092694923 0.001083931 0.999998808 0.001129568 -0.157643154 -0.002642028 -0.001126701 0.999995828 5.669631958
0.999996483 -0.001829108 0.001962462 0.105053097 0.001827010 0.999997795 0.001070315 -0.166749001 -0.001964415 -0.001066726 0.999997497 5.938712120
0.999995351 -0.001672008 0.002545694 0.100179419 0.001668886 0.999997854 0.001228260 -0.177806750 -0.002547742 -0.001224006 0.999996006 6.204976559
0.999995172 -0.001580700 0.002694905 0.105716877 0.001577169 0.999997854 0.001311916 -0.184721291 -0.002696973 -0.001307659 0.999995470 6.488152027
0.999995291 -0.001478122 0.002688526 0.109442569 0.001474429 0.999997973 0.001374784 -0.195000589 -0.002690553 -0.001370814 0.999995470 6.776580334
0.999995232 -0.000306707 0.003067981 0.115568250 0.000302967 0.999999225 0.001219448 -0.197835684 -0.003068353 -0.001218513 0.999994576 7.082859039
0.999996245 -0.001339299 0.002384979 0.125717059 0.001336185 0.999998271 0.001306644 -0.205409423 -0.002386725 -0.001303452 0.999996305 7.370522022
0.999995887 -0.001860681 0.002163638 0.132192567 0.001857447 0.999997139 0.001495694 -0.216698781 -0.002166414 -0.001491669 0.999996603 7.677772999
0.999996424 -0.001572430 0.002154120 0.140920788 0.001569188 0.999997675 0.001505923 -0.221062198 -0.002156483 -0.001502538 0.999996543 8.002655029
0.999996245 -0.000818955 0.002588342 0.142028823 0.000815775 0.999998927 0.001229217 -0.232221052 -0.002589346 -0.001227101 0.999995887 8.321051598
0.999995530 -0.001441933 0.002616882 0.153852627 0.001439199 0.999998450 0.001046456 -0.238105744 -0.002618386 -0.001042685 0.999996006 8.644127846
0.999994338 -0.001693509 0.002910944 0.148880884 0.001690182 0.999997914 0.001145105 -0.241082728 -0.002912877 -0.001140179 0.999995112 8.966170311
0.999995589 -0.001613942 0.002505039 0.157584637 0.001610845 0.999997914 0.001237845 -0.254580677 -0.002507031 -0.001233805 0.999996066 9.304931641
0.999994874 -0.000718159 0.003116847 0.164590478 0.000714817 0.999999166 0.001073257 -0.263941586 -0.003117615 -0.001071023 0.999994576 9.642539024
0.999994993 -0.000629531 0.003106212 0.167581037 0.000625761 0.999999046 0.001214356 -0.272605151 -0.003106974 -0.001212406 0.999994457 9.991087914
0.999996066 -0.001198602 0.002540963 0.175061733 0.001195100 0.999998331 0.001379329 -0.287819922 -0.002542612 -0.001376287 0.999995828 10.321106911
0.999996126 -0.001305137 0.002477625 0.185111046 0.001302431 0.999998569 0.001093722 -0.296619177 -0.002479049 -0.001090491 0.999996305 10.685028076
0.999996662 -0.001151558 0.002333678 0.192520261 0.001148722 0.999998629 0.001216214 -0.303076327 -0.002335076 -0.001213530 0.999996543 11.056692123
0.999995947 -0.001637480 0.002304456 0.202504456 0.001634318 0.999997675 0.001373289 -0.316815972 -0.002306699 -0.001369518 0.999996424 11.434429169
0.999996543 -0.001168011 0.002374849 0.209568754 0.001165298 0.999998629 0.001143591 -0.320879102 -0.002376182 -0.001140819 0.999996603 11.813739777
0.999995291 -0.001465507 0.002730327 0.220209047 0.001461642 0.999997973 0.001416900 -0.336861163 -0.002732398 -0.001412902 0.999995291 12.197237968
0.999995112 -0.001631257 0.002673949 0.228872448 0.001626145 0.999996841 0.001912708 -0.352390528 -0.002677060 -0.001908351 0.999994576 12.579642296
0.999994159 -0.001848008 0.002853572 0.230516136 0.001842053 0.999996066 0.002088149 -0.369392306 -0.002857420 -0.002082880 0.999993742 12.977012634
0.999994278 -0.001517661 0.003009135 0.243501455 0.001511364 0.999996662 0.002093762 -0.381121546 -0.003012303 -0.002089202 0.999993265 13.373346329
0.999994040 -0.001371350 0.003165154 0.248235166 0.001364719 0.999996901 0.002096392 -0.393161803 -0.003168019 -0.002092061 0.999992788 13.787611961
0.999992788 -0.001133710 0.003611457 0.253227949 0.001125685 0.999996841 0.002223592 -0.402211845 -0.003613967 -0.002219511 0.999991000 14.223191261
0.999992430 -0.002068208 0.003289845 0.263789535 0.002061230 0.999995589 0.002123425 -0.414952606 -0.003294223 -0.002116628 0.999992311 14.612352371
0.999992967 -0.001775000 0.003300652 0.271748602 0.001766081 0.999994755 0.002703284 -0.429101229 -0.003305433 -0.002697435 0.999990940 15.041563988
0.999990404 -0.001819571 0.003973454 0.282533139 0.001809463 0.999995112 0.002546107 -0.444278985 -0.003978067 -0.002538893 0.999988854 15.452864647
0.999988377 -0.002054515 0.004352779 0.286859453 0.002042821 0.999994218 0.002689302 -0.454898477 -0.004358279 -0.002680379 0.999986887 15.910284042
0.999988616 -0.001760680 0.004440758 0.298053294 0.001748008 0.999994278 0.002855875 -0.466879725 -0.004445761 -0.002848080 0.999986053 16.351196289
0.999988377 -0.002184264 0.004288814 0.311978966 0.002174133 0.999994934 0.002365305 -0.476641148 -0.004293958 -0.002355953 0.999988019 16.791755676
0.999985278 -0.002167687 0.004965633 0.312921643 0.002153736 0.999993742 0.002812973 -0.498213559 -0.004971699 -0.002802237 0.999983728 17.235221863
0.999983907 -0.002127416 0.005265407 0.325157911 0.002109797 0.999992251 0.003349291 -0.511020064 -0.005272491 -0.003338129 0.999980569 17.703954697
0.999981046 -0.002152808 0.005777340 0.334300488 0.002135694 0.999993384 0.002966898 -0.517292678 -0.005783689 -0.002954503 0.999978900 18.171052933
0.999980092 -0.002316825 0.005869477 0.338838488 0.002298728 0.999992609 0.003088055 -0.535232842 -0.005876587 -0.003074501 0.999978006 18.609363556
0.999981582 -0.002144246 0.005689422 0.353950709 0.002127140 0.999993265 0.003011030 -0.543840945 -0.005695839 -0.002998872 0.999979317 19.089080811
0.999980450 -0.001455144 0.006098687 0.359817058 0.001436610 0.999994338 0.003042417 -0.558874786 -0.006103081 -0.003033596 0.999976695 19.555816650
0.999979317 -0.001042922 0.006347966 0.367048591 0.001022264 0.999994218 0.003256663 -0.571107090 -0.006351327 -0.003250107 0.999974489 20.040534973
0.999978840 -0.001771355 0.006264200 0.378395259 0.001750758 0.999993026 0.003291867 -0.586119175 -0.006269988 -0.003280831 0.999974966 20.531461716
0.999983132 -0.001837645 0.005510254 0.391398609 0.001819114 0.999992669 0.003366135 -0.594335377 -0.005516399 -0.003356054 0.999979198 21.042638779
0.999984920 -0.002008488 0.005115676 0.398604184 0.001992022 0.999992847 0.003221862 -0.606961071 -0.005122109 -0.003211623 0.999981701 21.523477554
0.999986291 -0.001254148 0.005092928 0.408805251 0.001240153 0.999995530 0.002750019 -0.614888310 -0.005096354 -0.002743665 0.999983132 22.034729004
0.999987364 -0.001879963 0.004664271 0.415646434 0.001864448 0.999992728 0.003328580 -0.633485675 -0.004670494 -0.003319843 0.999983609 22.527231216
0.999990106 -0.001424405 0.004204978 0.424252242 0.001410540 0.999993563 0.003298338 -0.647235096 -0.004209649 -0.003292374 0.999985814 23.049547195
0.999990404 -0.001835318 0.003960210 0.419865310 0.001821382 0.999992132 0.003519911 -0.666396916 -0.003966639 -0.003512664 0.999985993 23.543668747
0.999990821 -0.003178854 0.002858028 0.438263178 0.003170779 0.999991000 0.002825579 -0.676440716 -0.002866985 -0.002816491 0.999991953 24.076045990
0.999993503 -0.002793963 0.002261579 0.449774355 0.002785610 0.999989331 0.003688398 -0.690759718 -0.002271861 -0.003682075 0.999990642 24.608776093
0.999994755 -0.002639986 0.001949690 0.454765767 0.002632151 0.999988496 0.004010531 -0.711972713 -0.001960256 -0.004005378 0.999990046 25.126735687
0.999998152 -0.001018574 0.001636736 0.461595058 0.001011870 0.999991179 0.004091451 -0.723098278 -0.001640889 -0.004089788 0.999990284 25.672708511
0.999998569 -0.000883233 0.001493000 0.464840531 0.000876829 0.999990523 0.004284538 -0.733835101 -0.001496770 -0.004283223 0.999989688 26.229270935
0.999997258 -0.002020697 0.001197510 0.472692519 0.002015324 0.999987960 0.004471283 -0.752671301 -0.001206530 -0.004468858 0.999989271 26.752006531
0.999998212 -0.001781744 0.000693036 0.487453818 0.001778274 0.999986053 0.004977020 -0.770440400 -0.000701895 -0.004975779 0.999987304 27.304800034
0.999999464 -0.000844704 0.000529892 0.497252971 0.000842169 0.999988317 0.004765254 -0.786647201 -0.000533911 -0.004764805 0.999988496 27.851306915
0.999999285 -0.001136344 0.000238369 0.496787816 0.001135235 0.999988794 0.004598130 -0.795602322 -0.000243592 -0.004597856 0.999989390 28.361286163
0.999999046 -0.001362374 -0.000046935 0.510976493 0.001362588 0.999987006 0.004923332 -0.809254587 0.000040227 -0.004923391 0.999987900 28.920288086
0.999999881 0.000132353 0.000458554 0.507614136 -0.000134540 0.999988616 0.004772927 -0.820421159 -0.000457917 -0.004772988 0.999988496 29.457386017
0.999999881 -0.000495138 0.000003040 0.506866813 0.000495118 0.999988377 0.004797744 -0.833648086 -0.000005415 -0.004797742 0.999988437 29.987878799
0.999999762 -0.000552143 -0.000368602 0.527267218 0.000554127 0.999985278 0.005403432 -0.854603112 0.000365613 -0.005403635 0.999985278 30.518199921
0.999999702 -0.000718435 -0.000210361 0.522768974 0.000719458 0.999987721 0.004904513 -0.864450097 0.000206835 -0.004904662 0.999987900 31.068273544
0.999999821 0.000391437 -0.000368949 0.530105650 -0.000389697 0.999988914 0.004703767 -0.875021160 0.000370786 -0.004703623 0.999988854 31.609397888
0.999999762 -0.000419477 -0.000589583 0.537383318 0.000422155 0.999989569 0.004550050 -0.881022453 0.000587668 -0.004550297 0.999989450 32.150730133
0.999999583 -0.000035516 -0.000946974 0.544250369 0.000040318 0.999987125 0.005070609 -0.896514773 0.000946781 -0.005070645 0.999986708 32.701805115
0.999999464 -0.000002664 -0.001030972 0.557299554 0.000008241 0.999985337 0.005410009 -0.920932233 0.001030942 -0.005410016 0.999984801 33.250316620
0.999999166 -0.000485984 -0.001172820 0.555308640 0.000491915 0.999987066 0.005062868 -0.925503969 0.001170344 -0.005063442 0.999986470 33.770591736
0.999998510 -0.000787992 -0.001543003 0.567489445 0.000795642 0.999987364 0.004963565 -0.938072801 0.001539072 -0.004964785 0.999986470 34.310749054
0.999998450 0.000001222 -0.001740018 0.574260235 0.000007331 0.999987900 0.004916289 -0.956202805 0.001740003 -0.004916294 0.999986351 34.834587097
0.999997377 -0.000991207 -0.002054713 0.581197619 0.001001262 0.999987483 0.004898181 -0.956239402 0.002049832 -0.004900226 0.999985814 35.343013763
0.999997914 -0.000389305 -0.002004809 0.589949191 0.000399168 0.999987781 0.004921813 -0.970131338 0.002002868 -0.004922603 0.999985814 35.894721985
0.999996662 -0.000650303 -0.002507222 0.605630696 0.000662622 0.999987721 0.004915570 -0.984232664 0.002503995 -0.004917214 0.999984741 36.460346222
0.999995947 -0.000910049 -0.002651305 0.621476412 0.000921253 0.999990582 0.004227357 -0.989175320 0.002647433 -0.004229781 0.999987543 36.976268768
0.999998510 -0.000153435 -0.001693950 0.598430216 0.000161362 0.999988973 0.004680309 -1.016149640 0.001693214 -0.004680575 0.999987543 37.499671936
0.999996841 -0.000541753 -0.002439770 0.614506781 0.000553923 0.999987364 0.004990602 -1.029205441 0.002437035 -0.004991937 0.999984562 38.053462982
0.999997497 0.000153308 -0.002255603 0.619273663 -0.000144103 0.999991655 0.004080043 -1.031586528 0.002256209 -0.004079708 0.999989152 38.610557556
0.999998212 -0.000033659 -0.001964329 0.615989864 0.000042979 0.999988675 0.004743867 -1.047944665 0.001964147 -0.004743942 0.999986827 39.111534119
0.999998689 0.000073616 -0.001650603 0.623952389 -0.000066282 0.999990046 0.004442812 -1.060009837 0.001650914 -0.004442696 0.999988794 39.664035797
0.999998271 0.000083961 -0.001858128 0.640731156 -0.000075998 0.999990821 0.004285201 -1.075777411 0.001858470 -0.004285052 0.999989092 40.195552826
0.999998331 0.000349634 -0.001766750 0.629892647 -0.000342154 0.999990940 0.004231549 -1.077473283 0.001768213 -0.004230938 0.999989450 40.732799530
0.999998391 0.000845125 -0.001589330 0.641203105 -0.000838690 0.999991417 0.004045545 -1.085464478 0.001592735 -0.004044205 0.999990523 41.281982422
0.999998271 0.000764921 -0.001690078 0.649474502 -0.000758766 0.999993145 0.003639482 -1.097233057 0.001692850 -0.003638193 0.999991953 41.850353241
0.999998391 0.000536931 -0.001717848 0.645235717 -0.000529336 0.999990106 0.004418451 -1.114251375 0.001720203 -0.004417535 0.999988735 42.297698975
0.999998629 0.000377851 -0.001587809 0.659477234 -0.000370024 0.999987781 0.004928165 -1.130656838 0.001589652 -0.004927570 0.999986589 42.837471008
0.999998152 0.000413357 -0.001866943 0.678125143 -0.000404565 0.999988854 0.004707818 -1.145318627 0.001868868 -0.004707054 0.999987185 43.396797180
0.999998450 0.000715054 -0.001599533 0.664374650 -0.000708205 0.999990582 0.004278740 -1.148565650 0.001602578 -0.004277601 0.999989569 43.902721405
0.999997914 0.000958332 -0.001780690 0.673506618 -0.000951104 0.999991298 0.004055462 -1.161777258 0.001784562 -0.004053761 0.999990165 44.447776794
0.999997973 0.001256466 -0.001517756 0.686981559 -0.001250907 0.999992490 0.003658854 -1.168289185 0.001522342 -0.003656948 0.999992192 45.006206512
0.999998271 0.001518066 -0.001084030 0.679994404 -0.001513382 0.999989569 0.004307601 -1.188295126 0.001090558 -0.004305953 0.999990106 45.496150970
0.999998868 0.001154774 -0.000921339 0.687298000 -0.001150896 0.999990463 0.004197787 -1.202293515 0.000926178 -0.004196723 0.999990761 46.038677216
0.999998093 0.001456019 -0.001384330 0.702393055 -0.001450437 0.999990880 0.004023628 -1.212639570 0.001390176 -0.004021613 0.999990880 46.590362549
0.999998808 0.001083908 -0.001101630 0.687578499 -0.001079108 0.999989986 0.004347297 -1.216082335 0.001106331 -0.004346104 0.999989927 47.098369598
0.999998927 0.001008665 -0.001066131 0.695151985 -0.001004375 0.999991417 0.004016608 -1.227380991 0.001070173 -0.004015533 0.999991357 47.639270782
0.999999464 0.000995892 -0.000417678 0.703099966 -0.000994294 0.999992251 0.003806523 -1.235661268 0.000421465 -0.003806105 0.999992669 48.189102173
0.999999344 -0.000387259 -0.001016120 0.697982550 0.000391586 0.999990761 0.004262100 -1.249540806 0.001014460 -0.004262495 0.999990344 48.686428070
0.999998987 0.001226646 -0.000556992 0.707261205 -0.001224081 0.999988735 0.004585322 -1.264165998 0.000562610 -0.004584636 0.999989331 49.233108521
0.999999702 0.000621831 -0.000571578 0.711419702 -0.000619285 0.999989927 0.004444065 -1.274735689 0.000574335 -0.004443709 0.999989986 49.773605347
0.999999762 -0.000114162 -0.000670538 0.711128414 0.000117046 0.999990702 0.004305261 -1.284355283 0.000670040 -0.004305338 0.999990523 50.259120941
0.999999702 0.000525532 -0.000567914 0.722431898 -0.000523300 0.999992132 0.003924473 -1.292767167 0.000569972 -0.003924175 0.999992132 50.811828613
0.999999583 0.000572559 -0.000677028 0.738702178 -0.000569885 0.999992013 0.003942810 -1.298089743 0.000679280 -0.003942423 0.999991953 51.344444275
0.999999642 0.000835816 -0.000177988 0.726902664 -0.000835051 0.999990582 0.004258529 -1.316437721 0.000181546 -0.004258378 0.999990940 51.844215393
0.999999702 0.000744278 -0.000298694 0.739503205 -0.000743130 0.999992371 0.003824624 -1.321380734 0.000301539 -0.003824400 0.999992669 52.395973206
0.999999285 0.001233600 0.000054979 0.747064590 -0.001233824 0.999989986 0.004287275 -1.340906739 -0.000049690 -0.004287339 0.999990821 52.955448151
0.999999583 0.000893018 -0.000004890 0.756218374 -0.000892992 0.999990940 0.004162610 -1.353172064 0.000008608 -0.004162603 0.999991357 53.429786682
0.999997199 0.002221001 0.000847123 0.755341232 -0.002223962 0.999991357 0.003508640 -1.359549403 -0.000839323 -0.003510514 0.999993503 53.977848053
0.999999523 0.000929748 -0.000013674 0.773999929 -0.000929692 0.999992847 0.003672119 -1.376020670 0.000017088 -0.003672104 0.999993265 54.537822723
0.999999404 0.001056784 0.000244776 0.784639478 -0.001057658 0.999992907 0.003599101 -1.381516695 -0.000240971 -0.003599358 0.999993503 55.042690277
0.999998868 0.001394057 0.000561957 0.788836181 -0.001395989 0.999993026 0.003453271 -1.392649651 -0.000557139 -0.003454052 0.999993980 55.588714600
0.999999225 0.001158901 0.000463018 0.794379830 -0.001160502 0.999993205 0.003473656 -1.401892543 -0.000458989 -0.003474191 0.999993801 56.123424530
0.999997675 0.001987208 0.000814067 0.804959297 -0.001990064 0.999991775 0.003521944 -1.416722178 -0.000807061 -0.003523556 0.999993384 56.660285950
0.999998510 0.001611602 0.000607421 0.806908548 -0.001613761 0.999992251 0.003571735 -1.428766727 -0.000601661 -0.003572710 0.999993443 57.172668457
0.999997199 0.002089036 0.001099555 0.818456590 -0.002093280 0.999990284 0.003872081 -1.442107439 -0.001091455 -0.003874372 0.999991894 57.714958191
0.999998450 0.001500536 0.000896332 0.822708189 -0.001503424 0.999993622 0.003229674 -1.447869539 -0.000891480 -0.003231017 0.999994397 58.221893311
0.999998391 0.001278183 0.001255374 0.834885120 -0.001281938 0.999994695 0.002994283 -1.464660883 -0.001251540 -0.002995887 0.999994755 58.763530731
0.999999106 0.001162953 0.000666309 0.843342960 -0.001165073 0.999994218 0.003189384 -1.477840543 -0.000662596 -0.003190158 0.999994695 59.285530090
0.999997735 0.001313367 0.001680743 0.846815467 -0.001318604 0.999994218 0.003118300 -1.488104343 -0.001676638 -0.003120509 0.999993682 59.838203430
0.999995112 0.002489395 0.001873613 0.860282063 -0.002495399 0.999991775 0.003208814 -1.505264878 -0.001865609 -0.003213475 0.999993086 60.390743256
0.999997377 0.001803411 0.001387886 0.860837936 -0.001807531 0.999993920 0.002972533 -1.511615753 -0.001382517 -0.002975034 0.999994636 60.892242432
0.999997437 0.002181497 0.000709122 0.873076022 -0.002183342 0.999994159 0.002609921 -1.524312735 -0.000703424 -0.002611463 0.999996364 61.437847137
0.999996901 0.001941900 0.001560130 0.880514145 -0.001946730 0.999993265 0.003100580 -1.541991234 -0.001554098 -0.003103607 0.999993980 61.951107025
0.999996483 0.002029399 0.001697608 0.890565038 -0.002034908 0.999992669 0.003249524 -1.551567316 -0.001691001 -0.003252967 0.999993324 62.502059937
0.999996006 0.002231036 0.001695615 0.896302223 -0.002236059 0.999993026 0.002967110 -1.568182707 -0.001688983 -0.002970890 0.999994159 63.025382996
0.999996066 0.002294001 0.001614494 0.905181706 -0.002298940 0.999992669 0.003063349 -1.581607580 -0.001607455 -0.003067048 0.999993980 63.554630280
0.999996603 0.002026382 0.001610543 0.916483343 -0.002030786 0.999994159 0.002737160 -1.591794968 -0.001604988 -0.002740421 0.999994934 64.102539062
0.999994874 0.002228270 0.002316172 0.932435870 -0.002234735 0.999993622 0.002791927 -1.602586508 -0.002309936 -0.002797089 0.999993384 64.631843567
0.999994755 0.002530531 0.002010942 0.929755449 -0.002536694 0.999992073 0.003068576 -1.618174076 -0.002003161 -0.003073661 0.999993205 65.123519897
0.999994397 0.002449261 0.002251841 0.939598799 -0.002455198 0.999993503 0.002637157 -1.628493905 -0.002245368 -0.002642670 0.999993920 65.675682068
0.999990165 0.003305360 0.002957117 0.950315297 -0.003313219 0.999991000 0.002657016 -1.649132252 -0.002948307 -0.002666787 0.999992073 66.214691162
0.999993443 0.002682173 0.002439754 0.954796791 -0.002688774 0.999992728 0.002705416 -1.656985521 -0.002432480 -0.002711958 0.999993384 66.700416565
0.999993980 0.002508118 0.002418675 0.967809439 -0.002514550 0.999993324 0.002660141 -1.671222568 -0.002411986 -0.002666206 0.999993563 67.241935730
0.999992311 0.002825289 0.002738308 0.975347221 -0.002832730 0.999992311 0.002717020 -1.686281085 -0.002730610 -0.002724756 0.999992609 67.792411804
0.999992609 0.002783953 0.002651329 0.966856122 -0.002790071 0.999993443 0.002306041 -1.685983539 -0.002644891 -0.002313422 0.999993801 68.286514282
0.999989748 0.003510584 0.002884963 0.980508685 -0.003515310 0.999992490 0.001634157 -1.697488070 -0.002879204 -0.001644282 0.999994516 68.840751648
0.999986231 0.003983072 0.003409646 0.988588810 -0.003988856 0.999990642 0.001690860 -1.716235280 -0.003402879 -0.001704438 0.999992728 69.390403748
0.999986410 0.003634396 0.003744314 0.987756550 -0.003641750 0.999991417 0.001958949 -1.723890543 -0.003737163 -0.001972558 0.999991059 69.860664368
0.999988258 0.003093184 0.003745481 0.999535382 -0.003101122 0.999992967 0.002115694 -1.739915252 -0.003738910 -0.002127283 0.999990761 70.406379700
0.999984205 0.003588544 0.004332844 1.010639310 -0.003594540 0.999992609 0.001376839 -1.746783018 -0.004327871 -0.001392391 0.999989629 70.962013245
0.999978602 0.004967983 0.004253706 1.012946367 -0.004976829 0.999985456 0.002071707 -1.766321778 -0.004243352 -0.002092832 0.999988794 71.454254150
0.999984324 0.003848009 0.004065177 1.032342553 -0.003859770 0.999988377 0.002889449 -1.783754349 -0.004054012 -0.002905094 0.999987543 72.000305176
0.999984086 0.004150349 0.003816842 1.044292212 -0.004160716 0.999987662 0.002712026 -1.794354916 -0.003805539 -0.002727863 0.999989033 72.555816650
0.999980807 0.004462528 0.004278822 1.051628828 -0.004472135 0.999987423 0.002238219 -1.807284594 -0.004268779 -0.002257311 0.999988317 73.062545776
0.999980330 0.004745595 0.004091177 1.067049265 -0.004753788 0.999986649 0.001995287 -1.812939644 -0.004081653 -0.002014697 0.999989629 73.622077942
0.999973834 0.005614036 0.004559352 1.076726913 -0.005622942 0.999982297 0.001943006 -1.827433467 -0.004548362 -0.001968592 0.999987662 74.160285950
0.999981105 0.004350785 0.004327646 1.087280631 -0.004359479 0.999988496 0.002001737 -1.841986537 -0.004318886 -0.002020566 0.999988556 74.677650452
0.999973059 0.005706454 0.004614323 1.092810750 -0.005715855 0.999981642 0.002026854 -1.855235219 -0.004602672 -0.002053174 0.999987245 75.218368530
0.999980688 0.004404945 0.004367976 1.115651131 -0.004413763 0.999988198 0.002011047 -1.869886637 -0.004359065 -0.002030287 0.999988437 75.774673462
0.999972582 0.005313829 0.005152700 1.101138115 -0.005323438 0.999984086 0.001852865 -1.881273270 -0.005142773 -0.001880245 0.999984980 76.229736328
0.999972939 0.005246187 0.005147334 1.117135048 -0.005256316 0.999984264 0.001955975 -1.890996456 -0.005136991 -0.001982978 0.999984741 76.794616699
0.999976397 0.004869869 0.004843771 1.123559594 -0.004881947 0.999984860 0.002485103 -1.915930510 -0.004831596 -0.002508692 0.999985158 77.318855286
0.999966919 0.006015062 0.005469014 1.135158420 -0.006024165 0.999980509 0.001649792 -1.916929603 -0.005458984 -0.001682683 0.999983609 77.848030090
0.999968588 0.006025765 0.005142939 1.150923729 -0.006033468 0.999980748 0.001483494 -1.931409597 -0.005133900 -0.001514477 0.999985695 78.402496338
0.999968648 0.005460144 0.005747823 1.167659521 -0.005464609 0.999984801 0.000761003 -1.946305752 -0.005743580 -0.000792389 0.999983191 78.956390381
0.999958634 0.005917521 0.006910256 1.174291730 -0.005925253 0.999981821 0.001098657 -1.951268315 -0.006903629 -0.001139556 0.999975502 79.452255249
0.999946237 0.006276874 0.008249944 1.189658165 -0.006283985 0.999979854 0.000836144 -1.967266321 -0.008244530 -0.000887941 0.999965608 79.995651245
0.999933720 0.006020778 0.009819074 1.216176152 -0.006032382 0.999981165 0.001152565 -1.989575744 -0.009811951 -0.001211720 0.999951124 80.522003174
0.999918282 0.006530417 0.010979717 1.201779246 -0.006541983 0.999978006 0.001017617 -1.997514725 -0.010972830 -0.001089363 0.999939203 81.057518005
0.999870062 0.007426550 0.014309414 1.225551367 -0.007443341 0.999971569 0.001120547 -2.004975796 -0.014300688 -0.001226911 0.999897003 81.633277893
0.999798715 0.007502494 0.018604821 1.244304538 -0.007523754 0.999971032 0.001072933 -2.020841599 -0.018596234 -0.001212695 0.999826312 82.166793823
0.999747038 0.007025149 0.021365393 1.259431839 -0.007040848 0.999974966 0.000659581 -2.027494192 -0.021360224 -0.000809845 0.999771476 82.701316833
0.999653876 0.006178770 0.025572214 1.289562702 -0.006199307 0.999980509 0.000723866 -2.041966200 -0.025567243 -0.000882146 0.999672711 83.252685547
0.999473274 0.007130550 0.031659562 1.320265770 -0.007164289 0.999973834 0.000952381 -2.062705755 -0.031651944 -0.001178697 0.999498308 83.797950745
0.999256253 0.006894860 0.037938260 1.328936219 -0.006885796 0.999976218 -0.000369485 -2.050230026 -0.037939902 0.000107975 0.999280035 84.368667603
0.998995543 0.007721387 0.044137903 1.364249706 -0.007709827 0.999970198 -0.000432075 -2.064813614 -0.044139918 0.000091345 0.999025345 84.912918091
0.998568892 0.007383524 0.052969839 1.408280849 -0.007379951 0.999972701 -0.000263057 -2.085316896 -0.052970339 -0.000128234 0.998596013 85.460647583
0.998130441 0.007451951 0.060662426 1.460313082 -0.007436321 0.999972224 -0.000483422 -2.093098402 -0.060664348 0.000031413 0.998158216 86.024955750
0.997662187 0.006845101 0.067995027 1.513058186 -0.006843389 0.999976575 -0.000258113 -2.106584072 -0.067995206 -0.000207807 0.997685671 86.579574585
0.996952713 0.007696752 0.077626280 1.566898346 -0.007687812 0.999970376 -0.000414045 -2.124666691 -0.077627167 -0.000183993 0.996982455 87.118316650
0.996168017 0.006919501 0.087185442 1.646365643 -0.006875987 0.999976039 -0.000799423 -2.144496441 -0.087188885 0.000196873 0.996191800 87.638343811
0.995334566 0.006880307 0.096237272 1.699045658 -0.006825539 0.999976277 -0.000898295 -2.141716719 -0.096241154 0.000237233 0.995357990 88.215583801
0.994568944 0.006814089 0.103856534 1.775565147 -0.006721616 0.999976635 -0.001240382 -2.152868986 -0.103862569 0.000535562 0.994591415 88.765235901
0.993476570 0.006414568 0.113855682 1.857644081 -0.006295469 0.999979198 -0.001405590 -2.175330162 -0.113862336 0.000679646 0.993496239 89.285499573
0.992224038 0.007290788 0.124250412 1.918684959 -0.007229588 0.999973416 -0.000943438 -2.189642906 -0.124253988 0.000037823 0.992250383 89.821083069
0.990985334 0.006465695 0.133813813 2.012243271 -0.006298496 0.999978721 -0.001672782 -2.199920893 -0.133821785 0.000814877 0.991005063 90.373382568
0.989288092 0.006923711 0.145811319 2.105305672 -0.006820198 0.999975979 -0.001209819 -2.219041586 -0.145816192 0.000202398 0.989311695 90.908576965
0.987303793 0.007157277 0.158681691 2.205846786 -0.007007637 0.999974251 -0.001502550 -2.236411095 -0.158688366 0.000371490 0.987328649 91.441619873
0.985567391 0.006758268 0.169148743 2.310971260 -0.006590382 0.999977052 -0.001553940 -2.234579802 -0.169155374 0.000416758 0.985589325 92.003128052
0.983663261 0.007031933 0.179880708 2.427437782 -0.006903948 0.999975324 -0.001337545 -2.246524096 -0.179885671 0.000073807 0.983687520 92.551414490
0.981223524 0.007212794 0.192739293 2.550724983 -0.007104626 0.999973953 -0.001252361 -2.267323732 -0.192743286 -0.000140495 0.981249273 93.067901611
0.978781641 0.006026088 0.204817399 2.689113617 -0.005743936 0.999981582 -0.001972091 -2.273045540 -0.204825476 0.000753789 0.978798211 93.638732910
0.976633251 0.005460596 0.214843675 2.824501038 -0.005222650 0.999985039 -0.001675173 -2.292913914 -0.214849606 0.000513976 0.976647019 94.171577454
0.973599315 0.004929594 0.228210568 2.968261719 -0.004693482 0.999987841 -0.001577330 -2.315369368 -0.228215545 0.000464585 0.973610520 94.681480408
0.970215321 0.006169079 0.242165536 3.093008041 -0.005933805 0.999980927 -0.001700873 -2.309720516 -0.242171422 0.000213250 0.970233440 95.233627319
0.967442393 0.006097343 0.253017783 3.251022339 -0.005726879 0.999981165 -0.002200652 -2.324098110 -0.253026426 0.000680002 0.967459142 95.752861023
0.964510381 0.005365531 0.263990253 3.422962189 -0.004966221 0.999985278 -0.002179933 -2.343399048 -0.263998091 0.000791535 0.964522779 96.238685608
0.960650802 0.005771892 0.277699023 3.565423965 -0.005433203 0.999983251 -0.001989143 -2.345756531 -0.277705848 0.000402077 0.960666060 96.756561279
0.957009017 0.005297563 0.290009797 3.748006821 -0.004879147 0.999985754 -0.002165790 -2.362940550 -0.290017188 0.000657681 0.957021117 97.280769348
0.953264058 0.005395341 0.302090317 3.935947418 -0.004877220 0.999985039 -0.002469401 -2.371240616 -0.302099138 0.000880631 0.953276098 97.815795898
0.948778093 0.005467860 0.315895855 4.110603333 -0.005093455 0.999984980 -0.002010850 -2.390069962 -0.315902025 0.000298849 0.948791742 98.314598083
0.944136083 0.004155453 0.329529554 4.322502136 -0.003620534 0.999990940 -0.002236940 -2.404164076 -0.329535872 0.000918902 0.944142640 98.834548950
0.939969182 0.005174991 0.341219932 4.530162811 -0.004643664 0.999986351 -0.002373893 -2.413285494 -0.341227591 0.000646876 0.939980507 99.341163635
0.935200334 0.004681259 0.354088187 4.738746643 -0.004019568 0.999988556 -0.002604162 -2.426408768 -0.354096323 0.001012131 0.935208380 99.841606140
0.929478645 0.004320691 0.368850648 4.954196930 -0.003726291 0.999990344 -0.002323818 -2.444831371 -0.368857086 0.000785494 0.929485738 100.346374512
0.924706042 0.002829052 0.380671322 5.194200516 -0.001627461 0.999992669 -0.003478352 -2.453085899 -0.380678326 0.002596925 0.924703836 100.865409851
0.919862926 0.003293541 0.392226189 5.387737274 -0.002475267 0.999993563 -0.002591907 -2.470616102 -0.392232209 0.001413334 0.919865131 101.291183472
0.913702011 0.003128493 0.406372756 5.633682251 -0.002328506 0.999994218 -0.002463044 -2.488285303 -0.406378180 0.001304246 0.913704038 101.784812927
0.907739043 0.003830661 0.419517666 5.878910065 -0.003223757 0.999992430 -0.002155573 -2.502417564 -0.419522732 0.000604274 0.907744646 102.273605347
0.902692020 0.001766823 0.430283606 6.145854950 -0.000875930 0.999997079 -0.002268554 -2.517018318 -0.430286348 0.001670907 0.902690947 102.762954712
0.896493912 0.003348768 0.443043321 6.358093262 -0.002266043 0.999993026 -0.002973191 -2.516033173 -0.443050146 0.001661493 0.896495283 103.237777710
0.889509082 0.003242176 0.456905991 6.628475189 -0.002071914 0.999993205 -0.003062267 -2.532355070 -0.456912726 0.001777245 0.889509797 103.727020264
0.883862555 0.002539302 0.467740059 6.912925720 -0.000945086 0.999992907 -0.003642959 -2.544533730 -0.467745960 0.002777821 0.883858681 104.198844910
0.877795279 0.002612258 0.479028821 7.177330017 -0.001491954 0.999995172 -0.002719284 -2.580965519 -0.479033619 0.001672286 0.877795041 104.621398926
0.869779110 0.002542455 0.493434817 7.428138733 -0.001412573 0.999995410 -0.002662595 -2.568421125 -0.493439287 0.001618857 0.869778693 105.098945618
