1.000000000 0.000000000 0.000000000 0.000000000 0.000000000 1.000000000 0.000000000 0.000000000 0.000000000 0.000000000 1.000000000 0.000000000
1.000000000 -0.000081244 -0.000211481 0.003680915 0.000081273 1.000000000 0.000138686 -0.003176902 0.000211470 -0.000138703 0.999999940 -0.002287776
1.000000000 0.000036311 0.000004860 0.000663818 -0.000036312 1.000000000 0.000071918 -0.002747794 -0.000004857 -0.000071918 1.000000000 -0.003171084
1.000000000 -0.000108979 -0.000149667 0.006437452 0.000109007 1.000000000 0.000186966 -0.003014800 0.000149646 -0.000186983 1.000000000 -0.004518115
1.000000000 -0.000039054 -0.000055032 0.000920563 0.000039057 1.000000000 0.000047933 -0.000505481 0.000055030 -0.000047935 1.000000000 0.000111090
1.000000000 -0.000027102 0.000060170 -0.000657387 0.000027101 1.000000000 0.000014301 -0.001682983 -0.000060170 -0.000014299 1.000000000 -0.001528790
1.000000000 -0.000100310 -0.000146909 0.004993232 0.000100337 1.000000000 0.000183081 -0.003326348 0.000146890 -0.000183096 1.000000000 -0.007238596
1.000000000 -0.000137205 -0.000078380 -0.000216393 0.000137208 1.000000000 0.000030140 0.000083289 0.000078376 -0.000030151 1.000000000 0.000564495
1.000000000 0.000006651 -0.000086984 0.002577036 -0.000006643 1.000000000 0.000090426 -0.003416642 0.000086985 -0.000090426 1.000000000 -0.009052160
1.000000000 0.000019474 0.000035230 0.000637682 -0.000019478 1.000000000 0.000108124 -0.002573712 -0.000035228 -0.000108125 1.000000000 -0.005597134
1.000000000 0.000117619 0.000088671 -0.001165206 -0.000117623 1.000000000 0.000047534 -0.000962328 -0.000088666 -0.000047544 1.000000000 -0.005089377
1.000000000 -0.000105813 -0.000022345 -0.000500201 0.000105815 1.000000000 0.000090756 -0.003836737 0.000022335 -0.000090758 1.000000000 -0.008561278
1.000000000 -0.000066471 -0.000006917 0.000305774 0.000066471 1.000000000 0.000061279 -0.001841633 0.000006913 -0.000061279 1.000000000 -0.006254049
1.000000000 -0.000062838 -0.000017477 0.000558978 0.000062839 1.000000000 0.000090103 -0.001804416 0.000017471 -0.000090104 1.000000000 -0.005922567
1.000000000 -0.000228287 -0.000082670 0.001126202 0.000228303 0.999999940 0.000188828 -0.002311248 0.000082627 -0.000188847 1.000000000 -0.008374544
0.999999940 -0.000258102 -0.000120516 -0.000534579 0.000258116 0.999999940 0.000122448 -0.002782473 0.000120484 -0.000122479 1.000000000 -0.009014379
1.000000000 -0.000157894 0.000029381 0.000087198 0.000157893 1.000000000 0.000052411 -0.001150527 -0.000029389 -0.000052406 1.000000000 -0.008036654
1.000000000 0.000054777 0.000002945 0.001984644 -0.000054778 1.000000000 0.000184136 -0.003556980 -0.000002935 -0.000184136 1.000000000 -0.011530539
0.999999940 -0.000241803 -0.000072535 0.001428905 0.000241811 0.999999940 0.000105788 -0.003768433 0.000072509 -0.000105805 1.000000000 -0.008618760
0.999999940 -0.000271407 -0.000079615 0.004081714 0.000271421 0.999999940 0.000168191 -0.005539387 0.000079569 -0.000168213 1.000000000 -0.016082391
1.000000000 -0.000037324 -0.000015786 0.001960865 0.000037328 1.000000000 0.000215565 -0.005402485 0.000015778 -0.000215565 1.000000000 -0.011738240
1.000000000 0.000024744 0.000046519 -0.000371362 -0.000024750 1.000000000 0.000119598 -0.001186521 -0.000046516 -0.000119599 1.000000000 -0.007259185
0.999999940 -0.000246502 -0.000182119 0.006030007 0.000246538 0.999999940 0.000197745 -0.003667595 0.000182070 -0.000197790 0.999999940 -0.015659053
1.000000000 -0.000214533 -0.000089622 0.001862892 0.000214553 0.999999940 0.000220693 -0.003412371 0.000089575 -0.000220713 1.000000000 -0.007286063
1.000000000 -0.000069269 -0.000133636 0.005958128 0.000069296 1.000000000 0.000201355 -0.003494326 0.000133622 -0.000201364 1.000000000 -0.015778018
1.000000000 -0.000081684 -0.000044147 0.000849533 0.000081693 1.000000000 0.000203945 -0.003213651 0.000044130 -0.000203948 1.000000000 -0.013727582
1.000000000 -0.000087194 -0.000019139 -0.001549144 0.000087198 1.000000000 0.000205878 -0.004859545 0.000019121 -0.000205880 1.000000000 -0.015334484
1.000000000 -0.000077746 -0.000002315 -0.001206748 0.000077747 1.000000000 0.000192554 -0.003242723 0.000002300 -0.000192554 1.000000000 -0.009567592
0.999999940 -0.000251168 -0.000154480 -0.000138484 0.000251189 0.999999940 0.000133540 0.000316590 0.000154446 -0.000133578 1.000000000 -0.007394030
1.000000000 -0.000131016 -0.000108544 0.001751478 0.000131038 1.000000000 0.000201235 -0.002468564 0.000108517 -0.000201249 1.000000000 -0.009577329
1.000000000 -0.000137130 0.000023979 -0.001246054 0.000137127 1.000000000 0.000123764 -0.001627049 -0.000023996 -0.000123760 1.000000000 -0.003102058
0.999999940 -0.000233185 -0.000089227 -0.001599908 0.000233205 0.999999940 0.000229705 -0.002697810 0.000089174 -0.000229726 0.999999940 -0.009492488
0.999999940 -0.000192190 -0.000157420 0.002244618 0.000192231 0.999999940 0.000260590 -0.003616814 0.000157370 -0.000260620 0.999999940 -0.014235557
1.000000000 -0.000043702 -0.000125179 -0.000027820 0.000043712 1.000000000 0.000079834 -0.000967762 0.000125176 -0.000079839 1.000000000 -0.005764502
1.000000000 -0.000095724 -0.000067839 -0.001088116 0.000095730 1.000000000 0.000081116 -0.000759291 0.000067831 -0.000081122 1.000000000 -0.007080643
1.000000000 -0.000187948 -0.000066743 -0.001803330 0.000187947 1.000000000 -0.000006380 0.000315641 0.000066744 0.000006368 1.000000000 -0.010856907
0.999999940 -0.000269052 -0.000212200 0.003703450 0.000269067 0.999999940 0.000072139 -0.001136390 0.000212181 -0.000072196 1.000000000 -0.009893642
1.000000000 -0.000214001 -0.000043974 0.000731620 0.000214003 1.000000000 0.000038628 0.000173177 0.000043966 -0.000038637 1.000000000 -0.008467698
1.000000000 -0.000048556 -0.000059474 -0.000565554 0.000048572 0.999999940 0.000270515 -0.002504642 0.000059461 -0.000270518 0.999999940 -0.012002892
0.999999940 -0.000231495 -0.000252778 0.005105267 0.000231535 0.999999940 0.000160922 -0.005774145 0.000252740 -0.000160980 0.999999940 -0.006825598
1.000000000 0.000005738 -0.000170338 0.008231435 -0.000005809 0.999999940 -0.000414268 -0.008795346 0.000170335 0.000414269 0.999999881 0.042078119
1.000000000 -0.000036233 -0.000186801 0.008140585 0.000035987 0.999999106 -0.001317291 -0.003201187 0.000186848 0.001317284 0.999999106 0.144050896
1.000000000 -0.000067782 -0.000066998 0.004776592 0.000067686 0.999998987 -0.001421883 -0.010201247 0.000067094 0.001421879 0.999998987 0.263783485
0.999999940 -0.000309885 0.000204057 0.001650737 0.000310135 0.999999225 -0.001225723 -0.016503302 -0.000203676 0.001225786 0.999999225 0.384456098
1.000000000 0.000145102 -0.000011217 0.005961611 -0.000145114 0.999999344 -0.001126202 -0.021718426 0.000011053 0.001126204 0.999999344 0.534490407
1.000000000 0.000154711 0.000039277 0.017681779 -0.000154665 0.999999285 -0.001178261 -0.026060808 -0.000039460 0.001178255 0.999999285 0.681182086
0.999999940 0.000091800 0.000248503 0.026796265 -0.000091613 0.999999702 -0.000751648 -0.035524648 -0.000248572 0.000751625 0.999999702 0.853088856
1.000000000 -0.000065674 0.000160470 0.022728911 0.000065764 0.999999821 -0.000560956 -0.038758829 -0.000160433 0.000560967 0.999999821 1.022806406
0.999999821 0.000211567 0.000555874 0.013373709 -0.000211177 0.999999702 -0.000702605 -0.038527478 -0.000556023 0.000702488 0.999999583 1.200525045
0.999999940 0.000148913 0.000300900 0.032249000 -0.000148777 0.999999881 -0.000451590 -0.053531554 -0.000300967 0.000451545 0.999999881 1.420046926
0.999999821 0.000324849 0.000481950 0.031767707 -0.000324564 0.999999762 -0.000591535 -0.058122359 -0.000482142 0.000591378 0.999999702 1.611324191
0.999999523 0.000646484 0.000761794 0.037509877 -0.000646316 0.999999762 -0.000220188 -0.068982892 -0.000761936 0.000219696 0.999999702 1.809375167
0.999998868 -0.000872280 0.001217502 0.003745907 0.000870610 0.999998629 0.001371918 -0.076787852 -0.001218698 -0.001370857 0.999998331 1.937827229
0.999998391 -0.000518619 0.001693944 0.007529016 0.000516628 0.999999225 0.001175591 -0.081542887 -0.001694552 -0.001174714 0.999997914 2.162347794
0.999998510 0.000064686 0.001777869 0.005628868 -0.000066759 0.999999344 0.001166195 -0.083667547 -0.001777792 -0.001166311 0.999997735 2.372226000
0.999998987 -0.000461255 0.001340022 0.013012553 0.000459360 0.999998868 0.001414248 -0.097713411 -0.001340673 -0.001413631 0.999998093 2.629366398
0.999998689 -0.000179986 0.001627450 0.014895672 0.000177188 0.999998510 0.001719553 -0.103236526 -0.001627757 -0.001719263 0.999997139 2.865665436
0.999998868 -0.000175326 0.001522538 0.025642397 0.000172819 0.999998569 0.001646315 -0.108487122 -0.001522825 -0.001646050 0.999997497 3.098618507
0.999998510 -0.000488547 0.001662330 0.021076508 0.000485993 0.999998689 0.001536410 -0.111453280 -0.001663078 -0.001535600 0.999997497 3.356501102
0.999998629 -0.000339739 0.001579242 0.028305173 0.000337537 0.999998987 0.001394015 -0.124158323 -0.001579714 -0.001393480 0.999997795 3.583488464
0.999998689 0.000082410 0.001591881 0.028962638 -0.000084795 0.999998868 0.001498528 -0.130729929 -0.001591756 -0.001498661 0.999997616 3.830890656
0.999998987 -0.000879089 0.001089583 0.047023755 0.000877402 0.999998391 0.001547327 -0.138919443 -0.001090941 -0.001546370 0.999998212 4.108654499
0.999998629 0.000237864 0.001631110 0.041618507 -0.000240711 0.999998510 0.001745035 -0.142784372 -0.001630693 -0.001745425 0.999997199 4.365749359
0.999998689 -0.000941966 0.001289691 0.045833502 0.000938982 0.999996901 0.002312129 -0.164534509 -0.001291865 -0.002310915 0.999996483 4.600485802
0.999998271 -0.000968855 0.001609635 0.051360045 0.000964803 0.999996364 0.002516234 -0.172158062 -0.001612067 -0.002514676 0.999995470 4.862039566
0.999997973 -0.000729485 0.001895792 0.051917143 0.000725327 0.999997377 0.002192880 -0.175033152 -0.001897387 -0.002191501 0.999995828 5.129166603
0.999997973 -0.000932339 0.001808429 0.049691461 0.000927631 0.999996185 0.002602631 -0.188206360 -0.001810848 -0.002600948 0.999995053 5.407558918
0.999997735 -0.001024351 0.001852487 0.052704349 0.001019141 0.999995530 0.002811494 -0.213786364 -0.001855358 -0.002809600 0.999994338 5.631231308
0.999997258 -0.000776908 0.002200241 0.054624707 0.000770816 0.999995887 0.002767871 -0.220253438 -0.002202382 -0.002766168 0.999993742 5.909229279
0.999996901 -0.000852306 0.002331612 0.061782587 0.000845643 0.999995589 0.002857031 -0.231745765 -0.002334036 -0.002855051 0.999993205 6.180041790
0.999996722 -0.000815493 0.002445676 0.064765103 0.000808523 0.999995649 0.002849518 -0.240662560 -0.002447990 -0.002847532 0.999992967 6.457929611
0.999997079 -0.001255576 0.002061386 0.076679267 0.001249650 0.999995112 0.002873375 -0.253330171 -0.002064984 -0.002870791 0.999993742 6.751093388
0.999997675 -0.001082384 0.001857235 0.087775074 0.001077181 0.999995410 0.002800091 -0.264379114 -0.001860259 -0.002798084 0.999994278 7.042565346
0.999998212 -0.000808751 0.001659860 0.099868149 0.000803646 0.999994934 0.003073956 -0.281116515 -0.001662338 -0.003072616 0.999993861 7.334944725
0.999997675 -0.000781998 0.002000378 0.103914037 0.000776146 0.999995351 0.002925008 -0.288978904 -0.002002656 -0.002923448 0.999993742 7.667258739
0.999997675 -0.000436726 0.002120829 0.113362759 0.000429164 0.999993503 0.003564883 -0.299289852 -0.002122372 -0.003563964 0.999991417 7.974167347
0.999997139 -0.000671087 0.002315497 0.107332245 0.000664524 0.999995649 0.002834088 -0.287860394 -0.002317389 -0.002832541 0.999993265 8.289915085
0.999996483 -0.001218245 0.002368132 0.114815183 0.001209851 0.999992967 0.003542742 -0.306310773 -0.002372431 -0.003539864 0.999990880 8.615792274
0.999997079 -0.001523762 0.001903947 0.149207518 0.001516805 0.999992192 0.003650079 -0.316409796 -0.001909494 -0.003647180 0.999991536 8.940231323
0.999996185 -0.000841743 0.002627598 0.100638956 0.000831112 0.999991477 0.004044164 -0.353147656 -0.002630980 -0.004041965 0.999988377 9.268814087
0.999996126 -0.001002746 0.002594600 0.114206277 0.000991510 0.999990165 0.004328335 -0.360806853 -0.002598915 -0.004325746 0.999987245 9.611939430
0.999996662 -0.001353351 0.002213845 0.127224267 0.001343702 0.999989629 0.004354027 -0.364096522 -0.002219714 -0.004351038 0.999988079 9.966729164
0.999995470 -0.001271960 0.002726289 0.129317492 0.001259036 0.999987960 0.004737018 -0.376240641 -0.002732282 -0.004733564 0.999985099 10.332656860
0.999995291 -0.000838830 0.002945234 0.134706303 0.000824475 0.999987781 0.004872091 -0.385616779 -0.002949285 -0.004869640 0.999983788 10.700707436
0.999996126 -0.001126856 0.002548754 0.161400378 0.001114962 0.999988496 0.004663002 -0.374044240 -0.002553978 -0.004660143 0.999985874 11.080627441
0.999995708 -0.001182108 0.002677178 0.144186154 0.001168052 0.999985576 0.005245813 -0.449381769 -0.002683340 -0.005242663 0.999982655 11.419707298
0.999995410 -0.001231923 0.002756743 0.153403386 0.001218576 0.999987602 0.004838265 -0.450861543 -0.002762669 -0.004834884 0.999984443 11.803895950
0.999995410 -0.001458695 0.002658963 0.162977099 0.001444918 0.999985635 0.005175830 -0.461662471 -0.002666474 -0.005171964 0.999983072 12.180704117
0.999993920 0.000063426 0.003489584 0.158749029 -0.000083460 0.999983549 0.005740876 -0.475175738 -0.003489163 -0.005741133 0.999977410 12.540984154
0.999994755 -0.000306254 0.003230318 0.178113371 0.000287089 0.999982417 0.005931675 -0.484847844 -0.003232078 -0.005930716 0.999977171 12.955731392
0.999996066 -0.001385796 0.002449517 0.187665761 0.001371726 0.999982595 0.005736174 -0.520357668 -0.002457424 -0.005732791 0.999980569 13.348707199
0.999993205 0.000178595 0.003658161 0.186129391 -0.000200769 0.999981642 0.006061969 -0.534432709 -0.003657010 -0.006062663 0.999974966 13.762791634
0.999994993 -0.000325226 0.003162453 0.202165484 0.000304460 0.999978364 0.006564650 -0.538453460 -0.003164520 -0.006563654 0.999973416 14.195373535
0.999994636 -0.001861623 0.002719196 0.223488584 0.001843855 0.999976933 0.006522319 -0.555133581 -0.002731276 -0.006517269 0.999975026 14.628535271
0.999993145 -0.001898443 0.003172455 0.228301913 0.001876680 0.999974787 0.006848935 -0.565619349 -0.003185378 -0.006842934 0.999971509 15.077806473
0.999992371 -0.002290052 0.003170124 0.241742685 0.002267013 0.999971151 0.007252071 -0.604852200 -0.003186640 -0.007244829 0.999968648 15.466395378
0.999992013 -0.001366981 0.003746909 0.251072407 0.001340927 0.999974966 0.006947181 -0.610904992 -0.003756311 -0.006942101 0.999968827 15.901309967
0.999990642 -0.002386821 0.003611312 0.260428756 0.002358449 0.999966562 0.007840523 -0.631276846 -0.003629905 -0.007831933 0.999962807 16.335281372
0.999988973 -0.002547144 0.003963052 0.265887320 0.002516831 0.999967754 0.007635417 -0.632853985 -0.003982373 -0.007625359 0.999963045 16.793008804
0.999988079 -0.002888894 0.003958025 0.291326761 0.002858901 0.999967277 0.007562695 -0.646693289 -0.003979743 -0.007551289 0.999963641 17.287984848
0.999989390 -0.002504934 0.003852825 0.296916515 0.002479347 0.999974966 0.006631545 -0.646279037 -0.003869340 -0.006621924 0.999970615 17.707973480
0.999989450 -0.002633865 0.003772180 0.309459835 0.002607168 0.999971688 0.007064889 -0.658063531 -0.003790680 -0.007054980 0.999967992 18.177185059
0.999985039 -0.003126262 0.004486511 0.324366868 0.003093088 0.999967992 0.007382258 -0.666716397 -0.004509446 -0.007368271 0.999962747 18.648437500
0.999987006 -0.003161645 0.004019036 0.358632833 0.003131528 0.999967158 0.007477765 -0.686536431 -0.004042547 -0.007465082 0.999963999 19.117767334
0.999985754 -0.002216385 0.004857162 0.339549363 0.002180488 0.999970376 0.007383388 -0.681798458 -0.004873382 -0.007372692 0.999960959 19.596294403
0.999988317 -0.002407741 0.004194780 0.356670201 0.002375969 0.999968588 0.007562626 -0.718072176 -0.004212857 -0.007552571 0.999962628 20.013717651
0.999987364 -0.002853465 0.004139067 0.360918760 0.002823040 0.999969065 0.007338095 -0.727117181 -0.004159878 -0.007326317 0.999964535 20.517210007
0.999987900 -0.001569171 0.004670154 0.357510835 0.001529801 0.999963343 0.008421803 -0.747606874 -0.004683198 -0.008414556 0.999953628 21.037570953
0.999989808 -0.002347612 0.003885959 0.375734389 0.002314925 0.999962091 0.008394859 -0.771378100 -0.003905519 -0.008385777 0.999957204 21.554847717
0.999990582 -0.002675144 0.003412039 0.361354947 0.002645439 0.999958754 0.008681005 -0.810181856 -0.003435122 -0.008671897 0.999956489 21.987117767
0.999991238 -0.002621451 0.003249648 0.364252388 0.002591338 0.999953985 0.009236185 -0.827134132 -0.003273711 -0.009227685 0.999952018 22.526025772
0.999992013 -0.002801310 0.002824503 0.363662928 0.002773534 0.999948204 0.009790510 -0.845437825 -0.002851782 -0.009782599 0.999948084 23.046026230
0.999992490 -0.003408052 0.001817784 0.366503149 0.003390553 0.999948621 0.009544152 -0.868064582 -0.001850218 -0.009537917 0.999952734 23.504529953
0.999989212 -0.004440349 0.001347460 0.375901282 0.004427141 0.999943554 0.009652061 -0.882284641 -0.001390243 -0.009645991 0.999952495 24.039798737
0.999995291 -0.002972315 0.000784602 0.371645153 0.002964528 0.999948084 0.009746481 -0.892912805 -0.000813531 -0.009744108 0.999952137 24.572929382
0.999995172 -0.003115018 0.000039623 0.392766267 0.003114478 0.999946892 0.009825494 -0.913585007 -0.000070227 -0.009825323 0.999951720 25.079813004
0.999993622 -0.003584639 -0.000185839 0.397731781 0.003586238 0.999948740 0.009467004 -0.916377306 0.000151893 -0.009467610 0.999955177 25.622783661
0.999996722 -0.002558593 -0.000111469 0.400024325 0.002559558 0.999949217 0.009744018 -0.928102493 0.000086532 -0.009744271 0.999952555 26.162952423
0.999988317 -0.004514633 -0.001691274 0.439024389 0.004532814 0.999930322 0.010905221 -0.928775370 0.001641923 -0.010912759 0.999939144 26.720407486
0.999989033 -0.004307808 -0.001829117 0.413045585 0.004327832 0.999929130 0.011087797 -0.982397676 0.001781223 -0.011095594 0.999936819 27.203266144
0.999985576 -0.004721969 -0.002530546 0.431004047 0.004749948 0.999926329 0.011166624 -1.000798464 0.002477631 -0.011178482 0.999934435 27.750326157
0.999991953 -0.003310566 -0.002254148 0.433071494 0.003336171 0.999928892 0.011451820 -1.004052877 0.002216076 -0.011459248 0.999931872 28.304500580
0.999989450 -0.003691437 -0.002715351 0.450763434 0.003723223 0.999923587 0.011795614 -1.017349124 0.002671601 -0.011805600 0.999926746 28.847536087
0.999986768 -0.004063841 -0.003160890 0.427624285 0.004102260 0.999916613 0.012244591 -1.040489078 0.003110867 -0.012257395 0.999920011 29.335229874
0.999983191 -0.004417464 -0.003754929 0.441546053 0.004463172 0.999915004 0.012252728 -1.046696544 0.003700484 -0.012269283 0.999917865 29.885370255
0.999983430 -0.004347530 -0.003776889 0.443344951 0.004394079 0.999913335 0.012404895 -1.064012527 0.003722631 -0.012421285 0.999915838 30.432661057
0.999987781 -0.003079150 -0.003864705 0.431918085 0.003129702 0.999908686 0.013143391 -1.129242539 0.003823883 -0.013155323 0.999906182 30.901088715
0.999989212 -0.002748280 -0.003745302 0.440970719 0.002798630 0.999904871 0.013505100 -1.143168926 0.003707830 -0.013515434 0.999901831 31.440607071
0.999982536 -0.004231926 -0.004120982 0.462228298 0.004288466 0.999895453 0.013809210 -1.163187623 0.004062112 -0.013826641 0.999896169 32.000209808
0.999982536 -0.004122167 -0.004221574 0.446958661 0.004178305 0.999901831 0.013376487 -1.150846004 0.004166020 -0.013393893 0.999901593 32.541690826
0.999984920 -0.003400237 -0.004305765 0.410706729 0.003461784 0.999890804 0.014367967 -1.205707788 0.004256440 -0.014382656 0.999887526 33.001670837
0.999986172 -0.003058502 -0.004268866 0.409435511 0.003119562 0.999891877 0.014370925 -1.212693214 0.004224450 -0.014384042 0.999887645 33.570720673
0.999986947 -0.003054478 -0.004081835 0.416496396 0.003117444 0.999874890 0.015509463 -1.240595818 0.004033950 -0.015521985 0.999871373 34.119037628
0.999979079 -0.004431115 -0.004707090 0.436851770 0.004504758 0.999865830 0.015751544 -1.246191978 0.004636661 -0.015772419 0.999864817 34.612796783
0.999981284 -0.003407738 -0.005077661 0.416773468 0.003480544 0.999890268 0.014399240 -1.252025366 0.005028035 -0.014416643 0.999883413 35.147548676
0.999979794 -0.003482732 -0.005319720 0.415770471 0.003558090 0.999892473 0.014222493 -1.262901068 0.005269615 -0.014241134 0.999884665 35.708824158
0.999983609 -0.002817352 -0.004965860 0.425016016 0.002886158 0.999899209 0.013903465 -1.260911942 0.004926189 -0.013917571 0.999890983 36.257949829
0.999985695 -0.002424568 -0.004762568 0.409653813 0.002494650 0.999887824 0.014764865 -1.290216684 0.004726235 -0.014776534 0.999879599 36.742126465
0.999974072 -0.005229575 -0.004939113 0.407791615 0.005312338 0.999843180 0.016894845 -1.329307795 0.004849985 -0.016920647 0.999845088 37.283782959
0.999974370 -0.003857514 -0.006033753 0.458656847 0.003952777 0.999866426 0.015856836 -1.303855896 0.005971779 -0.015880279 0.999855995 37.864288330
0.999963403 -0.006292009 -0.005788312 0.412798166 0.006391816 0.999828339 0.017389113 -1.373101234 0.005677906 -0.017425476 0.999832034 38.268318176
0.999959350 -0.006154306 -0.006586503 0.447160155 0.006269726 0.999824584 0.017648961 -1.392287970 0.006476731 -0.017689539 0.999822557 38.830165863
0.999953210 -0.006898898 -0.006787819 0.465487123 0.007025298 0.999799013 0.018777514 -1.421895981 0.006656910 -0.018824322 0.999800563 39.341915131
0.999951839 -0.006996249 -0.006883153 0.472111374 0.007119474 0.999811828 0.018043900 -1.425724983 0.006755619 -0.018092036 0.999813437 39.941612244
0.999948978 -0.007518242 -0.006750286 0.446613520 0.007645479 0.999789655 0.019025389 -1.457224369 0.006605828 -0.019076027 0.999796152 40.444118500
0.999966323 -0.004869708 -0.006605874 0.479938954 0.004977695 0.999852657 0.016430393 -1.398709178 0.006524889 -0.016462725 0.999843121 41.043277740
0.999956071 -0.006574106 -0.006676816 0.480107427 0.006690849 0.999822438 0.017615831 -1.446078777 0.006559821 -0.017659731 0.999822497 41.606105804
0.999936104 -0.007514324 -0.008441530 0.510795236 0.007672036 0.999793708 0.018808624 -1.467455983 0.008298455 -0.018872188 0.999787390 42.170127869
0.999915183 -0.010080189 -0.008249808 0.485008568 0.010243976 0.999746323 0.020058097 -1.466630697 0.008045526 -0.020140909 0.999764681 42.684734344
0.999943078 -0.007875640 -0.007197976 0.444602281 0.008020016 0.999762714 0.020254096 -1.515081286 0.007036752 -0.020310670 0.999768972 43.070613861
0.999939740 -0.007933651 -0.007587469 0.450183868 0.008080783 0.999776006 0.019561527 -1.516593456 0.007430575 -0.019621661 0.999779820 43.605659485
0.999931395 -0.008659930 -0.007880424 0.463442385 0.008815522 0.999762595 0.019928299 -1.518908381 0.007705976 -0.019996403 0.999770343 44.157073975
0.999925911 -0.008637091 -0.008575961 0.481614977 0.008803683 0.999769449 0.019581480 -1.512849689 0.008404858 -0.019655528 0.999771476 44.687461853
0.999889016 -0.011421847 -0.009561104 0.518553853 0.011623059 0.999706447 0.021260772 -1.517147064 0.009315459 -0.021369541 0.999728262 45.260353088
0.999944985 -0.007507688 -0.007316142 0.445521384 0.007655429 0.999763012 0.020379309 -1.578564405 0.007161407 -0.020434199 0.999765694 45.743659973
0.999947965 -0.007327037 -0.007092430 0.442623049 0.007468762 0.999768674 0.020166717 -1.581819534 0.006943028 -0.020218639 0.999771535 46.297161102
0.999934137 -0.008198031 -0.008020557 0.458232284 0.008364481 0.999745727 0.020944202 -1.588714600 0.007846816 -0.021009913 0.999748468 46.843719482
0.999945819 -0.007719265 -0.006977459 0.433928043 0.007865432 0.999745011 0.021169374 -1.601980448 0.006812267 -0.021223107 0.999751568 47.372005463
0.999921203 -0.009244334 -0.008484423 0.480126828 0.009419052 0.999739528 0.020789107 -1.602402210 0.008290031 -0.020867385 0.999747932 47.884357452
0.999938786 -0.008411583 -0.007187612 0.427314430 0.008568374 0.999719679 0.022069097 -1.643940330 0.006999962 -0.022129335 0.999730587 48.334926605
0.999942839 -0.008144771 -0.006929349 0.436223626 0.008289168 0.999743581 0.021071553 -1.638277292 0.006755951 -0.021127788 0.999753952 48.888389587
0.999918818 -0.009582477 -0.008396745 0.460063756 0.009760980 0.999721587 0.021481985 -1.646838427 0.008188557 -0.021562200 0.999733984 49.437736511
0.999935210 -0.008458647 -0.007616864 0.461887121 0.008620250 0.999733090 0.021439819 -1.642805576 0.007433477 -0.021504089 0.999741137 50.004825592
0.999931812 -0.008630135 -0.007856932 0.461674690 0.008807172 0.999701619 0.022783769 -1.671532035 0.007657962 -0.022851419 0.999709547 50.358097076
0.999935269 -0.008361290 -0.007700405 0.454402953 0.008538892 0.999691427 0.023327418 -1.677585602 0.007502980 -0.023391664 0.999698281 50.899559021
0.999934793 -0.008268123 -0.007863861 0.465050519 0.008447683 0.999697864 0.023081457 -1.683004141 0.007670645 -0.023146389 0.999702632 51.454212189
0.999924362 -0.009145209 -0.008220394 0.481112421 0.009333567 0.999687850 0.023174943 -1.687937021 0.008005890 -0.023249915 0.999697685 51.988826752
0.999935746 -0.008266392 -0.007760004 0.452465326 0.008444065 0.999696374 0.023149734 -1.701830029 0.007566283 -0.023213772 0.999701917 52.403003693
0.999939382 -0.008150644 -0.007404197 0.468096912 0.008313090 0.999719441 0.022180635 -1.690117717 0.007221333 -0.022240845 0.999726593 52.945537567
0.999933839 -0.008254044 -0.008010777 0.465245068 0.008433389 0.999708652 0.022618456 -1.693936229 0.007821748 -0.022684518 0.999712110 53.468601227
0.999919355 -0.009101369 -0.008859850 0.508316576 0.009299174 0.999702513 0.022546832 -1.700247407 0.008652009 -0.022627400 0.999706566 54.054996490
0.999939084 -0.007534332 -0.008061608 0.491695434 0.007714396 0.999716163 0.022542996 -1.690214396 0.007889472 -0.022603815 0.999713421 54.576560974
0.999933481 -0.008621380 -0.007658960 0.431224555 0.008805268 0.999665678 0.024309665 -1.771011591 0.007446819 -0.024375483 0.999675155 54.934211731
0.999929130 -0.008946833 -0.007857042 0.443480432 0.009136206 0.999660432 0.024406660 -1.780178785 0.007636012 -0.024476713 0.999671280 55.487442017
0.999924898 -0.009265934 -0.008015255 0.455804139 0.009460430 0.999653041 0.024577966 -1.772583723 0.007784737 -0.024651952 0.999665797 56.058403015
0.999937594 -0.008587400 -0.007145842 0.441871792 0.008759178 0.999664664 0.024364945 -1.789462686 0.006934215 -0.024426013 0.999677539 56.603153229
0.999937057 -0.008788753 -0.006965657 0.432082087 0.008954016 0.999670327 0.024060380 -1.790096760 0.006751900 -0.024121236 0.999686241 57.153053284
0.999925315 -0.009358787 -0.007858465 0.461853415 0.009548084 0.999656498 0.024406588 -1.795552850 0.007627349 -0.024479797 0.999671161 57.513824463
0.999930859 -0.008698792 -0.007901550 0.468139082 0.008888867 0.999664009 0.024347514 -1.801107883 0.007687102 -0.024416069 0.999672353 58.063350677
0.999913096 -0.010127178 -0.008434923 0.497109652 0.010326928 0.999658883 0.023984380 -1.800392866 0.008189155 -0.024069404 0.999676764 58.617996216
0.999928951 -0.009047369 -0.007751996 0.475317240 0.009233438 0.999661684 0.024313156 -1.795412302 0.007529405 -0.024383010 0.999674320 59.141052246
0.999901831 -0.010862336 -0.008844842 0.511215568 0.011074721 0.999642670 0.024328247 -1.797065258 0.008577421 -0.024423815 0.999664903 59.680538177
0.999918044 -0.009704169 -0.008344823 0.497367144 0.009907217 0.999647141 0.024645025 -1.805982351 0.008102718 -0.024725679 0.999661446 60.076835632
0.999927878 -0.009216080 -0.007692347 0.488216698 0.009403951 0.999649286 0.024755122 -1.809536576 0.007461504 -0.024825675 0.999663949 60.632720947
0.999919176 -0.009577061 -0.008358828 0.515638053 0.009774787 0.999665558 0.023943897 -1.800568223 0.008126719 -0.024023671 0.999678373 61.176567078
0.999924839 -0.008902919 -0.008429801 0.539019167 0.009099149 0.999681711 0.023533182 -1.776675820 0.008217604 -0.023608120 0.999687493 61.696258545
0.999917090 -0.009502149 -0.008681554 0.561490119 0.009704015 0.999676347 0.023513978 -1.796116114 0.008455312 -0.023596279 0.999685824 62.228466034
0.999917865 -0.009932377 -0.008091339 0.485411644 0.010130217 0.999641418 0.024788415 -1.819642425 0.007842231 -0.024868349 0.999659896 62.686573029
0.999911427 -0.010250458 -0.008480981 0.493171275 0.010456308 0.999642849 0.024594523 -1.816538453 0.008225847 -0.024681026 0.999661505 63.237895966
0.999915183 -0.009804022 -0.008570923 0.516768813 0.010009102 0.999656558 0.024221249 -1.811548710 0.008330509 -0.024304982 0.999669909 63.802242279
0.999904931 -0.010895918 -0.008447502 0.539429188 0.011096656 0.999648213 0.024092034 -1.801747203 0.008182023 -0.024183484 0.999674022 64.376991272
0.999910891 -0.010268206 -0.008528136 0.559800982 0.010471687 0.999653101 0.024168249 -1.805938005 0.008277011 -0.024255401 0.999671519 64.885803223
0.999906540 -0.010655900 -0.008559180 0.519305527 0.010865759 0.999631941 0.024858257 -1.833185077 0.008291143 -0.024948930 0.999654472 65.266143799
0.999920249 -0.009812355 -0.007944535 0.513798237 0.010002200 0.999656618 0.024220107 -1.825583577 0.007704152 -0.024297638 0.999675155 65.829200745
0.999915481 -0.010400674 -0.007798624 0.512235403 0.010589426 0.999642134 0.024565788 -1.826372623 0.007540333 -0.024646292 0.999667823 66.376960754
0.999905109 -0.011130290 -0.008115826 0.539106548 0.011322140 0.999648094 0.023989111 -1.817515492 0.007845965 -0.024078725 0.999679327 66.900413513
0.999919057 -0.010223034 -0.007567143 0.536874175 0.010408497 0.999636054 0.024889579 -1.842273593 0.007309942 -0.024966329 0.999661565 67.452888489
0.999931216 -0.008763463 -0.007796613 0.533552408 0.008951050 0.999663115 0.024359558 -1.852826715 0.007580513 -0.024427667 0.999672830 67.849044800
0.999927223 -0.009134660 -0.007885400 0.542499304 0.009321936 0.999667287 0.024049191 -1.854810596 0.007663094 -0.024120944 0.999679685 68.409690857
0.999924660 -0.009354673 -0.007955810 0.564251304 0.009538089 0.999682069 0.023337670 -1.848113656 0.007734966 -0.023411790 0.999695957 68.967575073
0.999923050 -0.009074266 -0.008464389 0.623904049 0.009273864 0.999672532 0.023847653 -1.852869272 0.008245218 -0.023924313 0.999679744 69.436874390
0.999941170 -0.007812984 -0.007526346 0.581778824 0.007995207 0.999668002 0.024493594 -1.879260421 0.007332478 -0.024552325 0.999671698 70.033210754
0.999920249 -0.009700925 -0.008083885 0.621526718 0.009900948 0.999636352 0.025082232 -1.899034739 0.007837622 -0.025160268 0.999652684 70.354431152
0.999924481 -0.009174737 -0.008171563 0.633732378 0.009378170 0.999638081 0.025215223 -1.902019501 0.007937263 -0.025289951 0.999648631 70.903274536
0.999943137 -0.008030907 -0.007010848 0.615118861 0.008201255 0.999663293 0.024616964 -1.897093296 0.006810791 -0.024673060 0.999672294 71.481536865
0.999939620 -0.008094962 -0.007439937 0.640926719 0.008276358 0.999661028 0.024683125 -1.897674322 0.007237608 -0.024743207 0.999667645 71.989059448
0.999913216 -0.010207928 -0.008331089 0.666064918 0.010408412 0.999648452 0.024386890 -1.887699366 0.008079221 -0.024471486 0.999667883 72.577720642
0.999934614 -0.008684384 -0.007439990 0.636847258 0.008867023 0.999651194 0.024877518 -1.910966277 0.007221345 -0.024941863 0.999662757 72.888442993
0.999917865 -0.009647903 -0.008443521 0.652093649 0.009860721 0.999625266 0.025537044 -1.920625448 0.008193977 -0.025618201 0.999638259 73.422134399
0.999917686 -0.009853548 -0.008210758 0.672472417 0.010051940 0.999649644 0.024481863 -1.917062759 0.007966650 -0.024562385 0.999666572 73.932167053
0.999926567 -0.009174605 -0.007914598 0.668823957 0.009360973 0.999671876 0.023840629 -1.907346129 0.007693272 -0.023912966 0.999684513 74.529670715
0.999904394 -0.010792852 -0.008644819 0.697853744 0.010998164 0.999649942 0.024065256 -1.911145449 0.008382060 -0.024158031 0.999673009 75.021331787
0.999930084 -0.009117502 -0.007530918 0.657301962 0.009303449 0.999643207 0.025036581 -1.916007519 0.007299958 -0.025104892 0.999658167 75.506317139
0.999939382 -0.008486092 -0.007018417 0.661953330 0.008656068 0.999661088 0.024553513 -1.912750840 0.006807674 -0.024612775 0.999673903 76.069328308
0.999910235 -0.010657273 -0.008117711 0.684717774 0.010854304 0.999637842 0.024627175 -1.919986606 0.007852312 -0.024713075 0.999663770 76.585823059
0.999897897 -0.011386943 -0.008638261 0.703101456 0.011593620 0.999638379 0.024265487 -1.910804033 0.008358828 -0.024363156 0.999668241 77.115295410
0.999938786 -0.008830875 -0.006665433 0.634966433 0.008990770 0.999663055 0.024352698 -1.932128310 0.006448132 -0.024411133 0.999681234 77.602516174
0.999954164 -0.007970789 -0.005325889 0.646085978 0.008099274 0.999665618 0.024555244 -1.924426317 0.005128384 -0.024597250 0.999684215 78.176414490
0.999960661 -0.008055664 -0.003736501 0.648028135 0.008143093 0.999678671 0.024005385 -1.925786614 0.003541921 -0.024034863 0.999704838 78.740203857
0.999960780 -0.008326643 -0.003006241 0.665428162 0.008397661 0.999665976 0.024438765 -1.937072992 0.002801745 -0.024463052 0.999696791 79.293624878
0.999969602 -0.007690553 -0.001214819 0.652702212 0.007718496 0.999658287 0.024973521 -1.929640889 0.001022345 -0.024982141 0.999687374 79.745582581
0.999972641 -0.007185791 0.001729505 0.667073607 0.007140673 0.999666452 0.024814600 -1.937658072 -0.001907241 -0.024801569 0.999690592 80.288040161
0.999962568 -0.007158826 0.004845704 0.692386389 0.007036335 0.999666691 0.024839973 -1.945152044 -0.005021914 -0.024804950 0.999679625 80.867576599
0.999938965 -0.008075241 0.007542182 0.708970368 0.007890194 0.999674678 0.024250617 -1.905444145 -0.007735560 -0.024189629 0.999677420 81.395858765
0.999898136 -0.007968572 0.011842803 0.716655850 0.007676511 0.999670148 0.024505695 -1.911725044 -0.012034174 -0.024412287 0.999629498 81.859046936
0.999808073 -0.007095397 0.018264342 0.729408145 0.006639461 0.999667764 0.024903851 -1.914025307 -0.018434975 -0.024777800 0.999523044 82.429847717
0.999689102 -0.008110134 0.023578223 0.793560386 0.007533110 0.999672413 0.024459416 -1.906742334 -0.023768868 -0.024274196 0.999422729 82.939125061
0.999535143 -0.009155634 0.029080346 0.813370943 0.008438672 0.999659657 0.024682289 -1.896917582 -0.029296435 -0.024425415 0.999272287 83.518417358
0.999255657 -0.009031923 0.037507381 0.831837416 0.008131893 0.999676824 0.024079725 -1.880575657 -0.037712749 -0.023756791 0.999006152 84.001182556
0.998921096 -0.008239039 0.045703761 0.886001825 0.007106433 0.999664843 0.024888845 -1.913843632 -0.045893505 -0.024537202 0.998644948 84.522087097
0.998582959 -0.008187185 0.052582167 0.926215410 0.006894911 0.999670863 0.024710866 -1.890704393 -0.052767161 -0.024313299 0.998310804 85.065246582
0.998060524 -0.008059098 0.061727609 0.981713295 0.006577150 0.999686122 0.024173578 -1.887775183 -0.061903045 -0.023720702 0.997800231 85.612113953
0.997393072 -0.008501668 0.071658224 1.044353962 0.006751725 0.999673903 0.024627594 -1.891680002 -0.071844243 -0.024079574 0.997125149 86.186782837
0.996717691 -0.008821703 0.080473132 1.092893124 0.006959554 0.999702156 0.023391213 -1.889504671 -0.080655515 -0.022754380 0.996482253 86.741584778
0.996008635 -0.008421967 0.088858902 1.152110577 0.006243578 0.999673784 0.024764664 -1.908937454 -0.089038461 -0.024111018 0.995736301 87.198997498
0.995015860 -0.008931567 0.099316485 1.233106613 0.006473802 0.999665380 0.025041608 -1.905702829 -0.099506930 -0.024273839 0.994740725 87.751686096
0.993861675 -0.007701740 0.110362083 1.303915977 0.004938965 0.999668062 0.025285281 -1.911061287 -0.110520199 -0.024584997 0.993569791 88.301139832
0.992942154 -0.009946290 0.118181609 1.413081169 0.007011561 0.999657214 0.025222259 -1.913203955 -0.118391968 -0.024215605 0.992671609 88.809265137
0.991524339 -0.009702303 0.129558682 1.500288963 0.006460628 0.999656022 0.025417814 -1.916704416 -0.129760757 -0.024365349 0.991245925 89.392211914
0.989859343 -0.009669899 0.141721770 1.610080719 0.006150627 0.999662161 0.025249325 -1.928674698 -0.141918078 -0.024121599 0.989584446 89.958854675
0.988203049 -0.009280207 0.152868852 1.749158859 0.005622847 0.999687850 0.024339799 -1.872478485 -0.153047040 -0.023193100 0.987946689 90.618789673
0.986679852 -0.009687092 0.162385672 1.859766006 0.005824503 0.999689043 0.024245737 -1.871184349 -0.162570029 -0.022976968 0.986429393 91.164169312
0.984537125 -0.009420090 0.174922600 1.966498375 0.005167975 0.999680340 0.024748178 -1.878500938 -0.175099850 -0.023461504 0.984271109 91.693359375
0.982252121 -0.009547778 0.187322244 2.093028069 0.005014188 0.999683261 0.024661027 -1.888945103 -0.187498361 -0.023284074 0.981988907 92.225395203
0.980091691 -0.009795676 0.198303625 2.218349457 0.005057413 0.999689877 0.024386385 -1.889768362 -0.198480979 -0.022897990 0.979837179 92.785530090
0.977277875 -0.009077692 0.211767539 2.337881088 0.003876231 0.999680758 0.024964361 -1.874020576 -0.211926550 -0.023576252 0.977001309 93.347480774
0.974179864 -0.008261078 0.225622222 2.481960297 0.002694000 0.999684513 0.024971083 -1.873800755 -0.225757331 -0.023718497 0.973894894 93.870018005
0.971530735 -0.009990278 0.236702979 2.635274887 0.004271675 0.999686778 0.024659963 -1.870167255 -0.236875206 -0.022946790 0.971269071 94.402084351
0.968678951 -0.010105331 0.248111054 2.816598892 0.004184046 0.999693990 0.024381187 -1.835932493 -0.248281509 -0.022579430 0.968424737 94.935966492
0.964590728 -0.009029871 0.263597041 2.943590164 0.002614954 0.999692023 0.024676798 -1.848180056 -0.263738692 -0.023113713 0.964317143 95.561614990
0.961057365 -0.009795357 0.276175141 3.120117188 0.003011926 0.999683440 0.024975540 -1.854674339 -0.276332319 -0.023171108 0.960782766 96.075988770
0.957821548 -0.010703482 0.287164152 3.307437897 0.003728865 0.999684870 0.024823856 -1.857059240 -0.287339360 -0.022706030 0.957559586 96.604591370
0.953362584 -0.010568207 0.301642209 3.479574203 0.003320393 0.999693513 0.024530489 -1.850488663 -0.301809013 -0.022384878 0.953105569 97.178276062
0.948872149 -0.010293103 0.315492719 3.684688568 0.002605338 0.999689579 0.024779577 -1.854627371 -0.315649807 -0.022690687 0.948604405 97.683692932
0.945074558 -0.011678697 0.326646119 3.916833878 0.003575743 0.999671102 0.025396014 -1.852996111 -0.326835304 -0.022833124 0.944805384 98.250198364
0.940580249 -0.011700750 0.339369893 4.132354736 0.003166068 0.999664962 0.025691405 -1.862044811 -0.339556783 -0.023090359 0.940302074 98.759712219
0.935332239 -0.010900498 0.353602439 4.347682953 0.002114917 0.999679625 0.025222834 -1.850171328 -0.353764117 -0.022843890 0.935055673 99.306304932
0.930700958 -0.012248474 0.365575850 4.570230484 0.003193263 0.999673188 0.025364090 -1.854555130 -0.365767062 -0.022438999 0.930435836 99.788269043
0.926073372 -0.012301498 0.377142996 4.812004089 0.002987247 0.999676228 0.025271859 -1.856961250 -0.377331764 -0.022276975 0.925810218 100.318099976
0.919981837 -0.010253033 0.391826808 4.974166870 0.000220940 0.999671280 0.025639901 -1.835430861 -0.391960859 -0.023501670 0.919681609 100.728454590
0.914180458 -0.009995354 0.405184150 5.225044250 -0.000366398 0.999675095 0.025487339 -1.838486433 -0.405307174 -0.023448484 0.913879871 101.385124207
0.909495115 -0.010897996 0.415571511 5.472591400 0.000259582 0.999671042 0.025647385 -1.840355396 -0.415714294 -0.023218296 0.909198821 101.868690491
0.903941929 -0.011693882 0.427495360 5.737152100 0.001013178 0.999681830 0.025203330 -1.827022076 -0.427654058 -0.022349218 0.903666139 102.400833130
0.897118628 -0.010514366 0.441664547 6.022579193 -0.000530173 0.999690413 0.024875756 -1.827249765 -0.441789299 -0.022550665 0.896835327 102.947883606
0.891064107 -0.011279788 0.453737229 6.278892517 0.000195573 0.999700606 0.024468219 -1.822955132 -0.453877389 -0.021714011 0.890799522 103.446479797
0.885240614 -0.011248164 0.464997560 6.564990997 -0.000532550 0.999682367 0.025195893 -1.846565247 -0.465133220 -0.022552062 0.884953439 103.881393433
0.877535880 -0.010073901 0.479405195 6.808261871 -0.001919269 0.999697447 0.024520146 -1.782819986 -0.479507118 -0.022437410 0.877251089 104.386215210
0.870514750 -0.010422022 0.492031872 7.107574463 -0.001626425 0.999709427 0.024052953 -1.782476187 -0.492139578 -0.021738704 0.870244861 104.862274170
