1.000000000 0.000000000 0.000000000 0.000000000 0.000000000 1.000000000 0.000000000 0.000000000 0.000000000 0.000000000 1.000000000 0.000000000
1.000000000 0.000115009 0.000039961 -0.001492641 -0.000115007 1.000000000 -0.000049723 0.001481978 -0.000039967 0.000049718 1.000000000 0.003454603
1.000000000 0.000122377 0.000020892 -0.000142933 -0.000122377 1.000000000 0.000007661 0.000551488 -0.000020891 -0.000007664 1.000000000 0.003676640
0.999999940 0.000251688 0.000099998 -0.000985535 -0.000251688 0.999999940 -0.000004707 0.001089891 -0.000099999 0.000004682 1.000000000 -0.001118860
1.000000000 0.000139854 0.000036274 0.000503531 -0.000139853 1.000000000 -0.000026076 0.000808993 -0.000036277 0.000026071 1.000000000 -0.000107746
1.000000000 0.000031656 -0.000013923 -0.000126034 -0.000031656 1.000000000 0.000044724 0.000531353 0.000013925 -0.000044724 1.000000000 0.000580390
1.000000000 0.000009937 0.000039398 -0.001984896 -0.000009936 1.000000000 -0.000029525 0.000968949 -0.000039398 0.000029525 1.000000000 0.000712775
1.000000000 0.000021912 0.000047461 -0.000236673 -0.000021916 1.000000000 0.000069170 0.000710474 -0.000047460 -0.000069171 1.000000000 -0.000053297
1.000000000 -0.000011219 0.000075294 -0.001699925 0.000011218 1.000000000 0.000009078 0.000769584 -0.000075294 -0.000009077 1.000000000 0.002413439
1.000000000 0.000161339 0.000105495 -0.000833554 -0.000161336 1.000000000 -0.000028972 0.000435394 -0.000105500 0.000028955 1.000000000 -0.001636555
1.000000000 0.000158801 0.000101694 -0.000423944 -0.000158805 1.000000000 0.000038084 0.000319898 -0.000101688 -0.000038100 1.000000000 -0.001002939
1.000000000 0.000036337 0.000047158 -0.001716925 -0.000036335 1.000000000 -0.000041446 0.000941937 -0.000047159 0.000041444 1.000000000 -0.002497062
1.000000000 0.000072923 0.000102851 -0.001957443 -0.000072926 1.000000000 0.000029519 0.000713823 -0.000102849 -0.000029526 1.000000000 -0.004079284
1.000000000 -0.000094827 0.000074268 -0.001015806 0.000094824 1.000000000 0.000032429 -0.000286053 -0.000074271 -0.000032422 1.000000000 0.000056001
1.000000000 0.000074262 0.000069860 -0.000154272 -0.000074261 1.000000000 -0.000019110 0.000777817 -0.000069862 0.000019105 1.000000000 -0.001849750
1.000000000 -0.000008538 0.000051755 -0.000023592 0.000008537 1.000000000 0.000014940 0.000742294 -0.000051756 -0.000014940 1.000000000 -0.003001769
1.000000000 -0.000065755 0.000051445 -0.001758742 0.000065754 1.000000000 0.000032511 0.000236981 -0.000051447 -0.000032508 1.000000000 -0.002171472
1.000000000 0.000066135 0.000127541 -0.001624855 -0.000066143 1.000000000 0.000063258 -0.000899483 -0.000127537 -0.000063267 1.000000000 -0.004112152
1.000000000 0.000098976 0.000062729 -0.000132218 -0.000098979 1.000000000 0.000046809 0.001269622 -0.000062724 -0.000046815 1.000000000 -0.004526258
1.000000000 -0.000092047 0.000003042 -0.000699064 0.000092047 1.000000000 0.000015971 0.000548978 -0.000003044 -0.000015970 1.000000000 -0.005826120
1.000000000 0.000006752 0.000054354 -0.000434710 -0.000006754 1.000000000 0.000033130 0.000144246 -0.000054354 -0.000033130 1.000000000 -0.006641282
1.000000000 -0.000063720 0.000023092 -0.000201784 0.000063719 1.000000000 0.000041081 -0.001383523 -0.000023095 -0.000041080 1.000000000 -0.004464956
1.000000000 0.000093466 0.000144827 -0.004670034 -0.000093453 1.000000000 -0.000084565 0.002044370 -0.000144835 0.000084552 1.000000000 0.002966950
1.000000000 -0.000003155 0.000026072 0.000179622 0.000003154 1.000000000 0.000030351 -0.000485556 -0.000026072 -0.000030351 1.000000000 -0.000652771
1.000000000 -0.000051697 0.000078216 -0.002081066 0.000051696 1.000000000 0.000006160 0.001078732 -0.000078216 -0.000006156 1.000000000 0.000354335
1.000000000 -0.000038743 -0.000004873 0.000693194 0.000038743 1.000000000 -0.000017296 0.000985893 0.000004874 0.000017296 1.000000000 -0.003458261
1.000000000 -0.000133651 0.000075577 -0.002571780 0.000133655 1.000000000 -0.000049330 0.002152071 -0.000075570 0.000049340 1.000000000 0.000860639
1.000000000 0.000138845 0.000146426 -0.004361607 -0.000138833 1.000000000 -0.000084772 0.002282795 -0.000146438 0.000084751 1.000000000 0.000060828
1.000000000 -0.000083384 0.000062202 -0.001903133 0.000083380 1.000000000 0.000072194 0.000130637 -0.000062208 -0.000072189 1.000000000 -0.000031840
1.000000000 -0.000083128 0.000024362 -0.002492181 0.000083128 1.000000000 -0.000009232 0.001717079 -0.000024361 0.000009234 1.000000000 0.001106274
1.000000000 -0.000039288 0.000026591 -0.001919320 0.000039289 1.000000000 -0.000022579 0.000764507 -0.000026590 0.000022580 1.000000000 0.001564546
1.000000000 -0.000065455 0.000080369 -0.003290332 0.000065452 1.000000000 0.000037260 0.000584681 -0.000080372 -0.000037255 1.000000000 0.003024387
1.000000000 -0.000129915 0.000024970 -0.002655747 0.000129915 1.000000000 -0.000015915 0.000886377 -0.000024968 0.000015918 1.000000000 -0.000656500
1.000000000 -0.000022175 0.000025114 -0.000763138 0.000022174 1.000000000 0.000030149 -0.000783274 -0.000025115 -0.000030148 1.000000000 -0.001850825
0.999999940 0.000200307 0.000178402 -0.004233128 -0.000200299 1.000000000 -0.000045610 0.001200998 -0.000178412 0.000045574 1.000000000 0.000794534
1.000000000 -0.000017913 0.000015702 -0.000846197 0.000017913 1.000000000 0.000019069 0.000469485 -0.000015703 -0.000019069 1.000000000 -0.001626860
1.000000000 0.000025496 0.000039196 -0.002310868 -0.000025496 1.000000000 0.000001065 0.001244531 -0.000039196 -0.000001066 1.000000000 -0.002602456
1.000000000 -0.000085261 0.000020919 -0.000653072 0.000085262 1.000000000 -0.000086648 0.001176346 -0.000020911 0.000086649 1.000000000 -0.003140049
1.000000000 -0.000044629 0.000094464 -0.003216670 0.000044631 1.000000000 -0.000016621 0.000787779 -0.000094463 0.000016625 1.000000000 0.000713630
1.000000000 -0.000076346 -0.000020053 -0.000181036 0.000076346 1.000000000 0.000011935 0.000342919 0.000020053 -0.000011936 1.000000000 -0.001852593
1.000000000 -0.000189117 -0.000021517 0.001088067 0.000189118 1.000000000 0.000030292 -0.000801790 0.000021511 -0.000030296 1.000000000 -0.000844127
1.000000000 0.000009656 0.000103777 0.002419746 -0.000009609 0.999999881 -0.000452208 -0.005746456 -0.000103782 0.000452206 0.999999881 0.048356708
1.000000000 -0.000044409 0.000070327 0.003111728 0.000044494 0.999999285 -0.001199367 -0.003290830 -0.000070274 0.001199371 0.999999285 0.146557897
1.000000000 -0.000084926 -0.000028037 0.005932307 0.000084887 0.999999046 -0.001392024 -0.010768320 0.000028156 0.001392021 0.999999046 0.260825038
1.000000000 0.000056733 0.000147891 0.004030603 -0.000056541 0.999999166 -0.001303522 -0.015126849 -0.000147965 0.001303514 0.999999166 0.391504526
1.000000000 0.000139991 0.000047659 0.006604009 -0.000139945 0.999999523 -0.000965859 -0.023613367 -0.000047794 0.000965853 0.999999523 0.533172250
1.000000000 0.000131053 0.000041268 0.007632392 -0.000131021 0.999999702 -0.000764968 -0.031848304 -0.000041368 0.000764962 0.999999702 0.684518099
1.000000000 0.000069056 0.000102032 0.009767682 -0.000068997 0.999999821 -0.000577109 -0.037352897 -0.000102071 0.000577102 0.999999821 0.860713363
1.000000000 -0.000002753 -0.000131167 0.022136021 0.000002684 0.999999881 -0.000526277 -0.036163568 0.000131168 0.000526276 0.999999881 1.027356267
0.999999940 0.000234180 0.000294251 0.014040092 -0.000233996 0.999999762 -0.000624189 -0.037807006 -0.000294397 0.000624120 0.999999762 1.202606082
1.000000000 -0.000207457 -0.000053207 0.036896098 0.000207441 0.999999940 -0.000304515 -0.050852828 0.000053270 0.000304504 0.999999940 1.412681222
0.999999821 -0.000227214 -0.000593545 0.040963795 0.000227291 0.999999940 0.000129443 -0.062513530 0.000593515 -0.000129577 0.999999821 1.612504244
1.000000000 -0.000200548 -0.000019505 0.037934136 0.000200551 0.999999940 0.000158537 -0.056908756 0.000019473 -0.000158541 1.000000000 1.797824025
0.999988854 0.004422880 -0.001650091 0.091636486 -0.004420018 0.999988735 0.001734117 -0.118903600 0.001657742 -0.001726804 0.999997139 1.962216854
0.999990106 0.004153059 -0.001600512 0.099926852 -0.004150567 0.999990225 0.001557199 -0.122104920 0.001606963 -0.001550541 0.999997556 2.188138008
0.999988198 0.004732452 -0.001145358 0.096527465 -0.004730452 0.999987364 0.001742527 -0.129486859 0.001153590 -0.001737088 0.999997854 2.390051842
0.999989092 0.004410120 -0.001618250 0.107583649 -0.004406860 0.999988258 0.002013028 -0.141882196 0.001627109 -0.002005875 0.999996603 2.623800993
0.999990165 0.004211365 -0.001430558 0.110433072 -0.004208378 0.999989033 0.002084273 -0.148182318 0.001439320 -0.002078233 0.999996841 2.862565517
0.999989510 0.004345354 -0.001467681 0.119124874 -0.004341979 0.999987900 0.002295514 -0.158296525 0.001477638 -0.002289117 0.999996364 3.095757246
0.999989569 0.004302142 -0.001542654 0.120155409 -0.004298836 0.999988496 0.002139545 -0.158847556 0.001551841 -0.002132891 0.999996543 3.336980581
0.999987423 0.004750333 -0.001598882 0.131674364 -0.004746492 0.999985874 0.002397820 -0.175508603 0.001610250 -0.002390201 0.999995768 3.599521399
0.999987006 0.004792191 -0.001752564 0.136370733 -0.004787723 0.999985337 0.002544704 -0.184066147 0.001764733 -0.002536281 0.999995172 3.838050365
0.999988496 0.004491676 -0.001691566 0.141980559 -0.004486885 0.999985993 0.002825689 -0.189898044 0.001704235 -0.002818067 0.999994516 4.111991882
0.999984384 0.005492298 -0.001120424 0.135484830 -0.005489036 0.999980748 0.002894271 -0.198302120 0.001136299 -0.002888076 0.999995172 4.384123802
0.999984682 0.005335366 -0.001460687 0.148326486 -0.005331163 0.999981642 0.002866486 -0.206029654 0.001475954 -0.002858655 0.999994755 4.642364025
0.999987304 0.004857284 -0.001306410 0.157026321 -0.004853332 0.999983609 0.003011211 -0.211038068 0.001321015 -0.003004833 0.999994636 4.905030727
0.999985456 0.005227685 -0.001342215 0.173164889 -0.005223576 0.999981642 0.003047020 -0.221341491 0.001358119 -0.003039965 0.999994397 5.180279255
0.999986410 0.005115419 -0.001030553 0.152857199 -0.005111939 0.999981344 0.003351588 -0.242988437 0.001047678 -0.003346274 0.999993861 5.451515198
0.999985754 0.005261614 -0.000882394 0.157489836 -0.005258787 0.999981165 0.003175515 -0.253605783 0.000899086 -0.003170830 0.999994516 5.708141327
0.999987602 0.004767175 -0.001467105 0.167514235 -0.004762157 0.999982953 0.003405135 -0.257401109 0.001483313 -0.003398106 0.999993145 5.977271557
0.999986589 0.005065011 -0.001108988 0.169562876 -0.005061421 0.999982059 0.003216262 -0.265320837 0.001125259 -0.003210605 0.999994218 6.253779411
0.999986589 0.005085333 -0.000965475 0.177622437 -0.005081729 0.999980211 0.003699117 -0.286128074 0.000984267 -0.003694161 0.999992609 6.541388035
0.999987185 0.005002377 -0.000921580 0.178985998 -0.004999111 0.999981344 0.003513368 -0.292444617 0.000939139 -0.003508715 0.999993324 6.835690022
0.999989927 0.004397462 -0.000907533 0.190189630 -0.004394215 0.999984026 0.003549551 -0.298070908 0.000923128 -0.003545527 0.999993265 7.124484539
0.999988317 0.004711136 -0.001057358 0.194484711 -0.004707319 0.999982476 0.003583782 -0.306913137 0.001074224 -0.003578763 0.999992967 7.435282230
0.999987543 0.004857922 -0.001076395 0.211765260 -0.004853890 0.999981284 0.003717006 -0.328781158 0.001094432 -0.003711735 0.999992430 7.744652271
0.999988496 0.004617928 -0.001270589 0.226912633 -0.004612603 0.999980688 0.004161682 -0.341707468 0.001289783 -0.004155773 0.999990523 8.042820930
0.999988139 0.004724121 -0.001109633 0.229029730 -0.004719730 0.999981105 0.003927032 -0.348328590 0.001128164 -0.003921748 0.999991655 8.351802826
0.999986172 0.005166328 -0.001022055 0.233366355 -0.005162316 0.999979138 0.003889742 -0.355013072 0.001042130 -0.003884411 0.999991894 8.712081909
0.999986947 0.005018632 -0.001056661 0.242124051 -0.005014526 0.999979973 0.003853919 -0.364513993 0.001075981 -0.003848570 0.999992013 9.047224045
0.999988019 0.004839279 -0.000770695 0.247560382 -0.004836287 0.999980927 0.003837703 -0.373657465 0.000789252 -0.003833930 0.999992371 9.395162582
0.999988675 0.004600949 -0.001150299 0.262091011 -0.004596260 0.999981225 0.004046116 -0.384378195 0.001168893 -0.004040784 0.999991179 9.739455223
0.999986649 0.005077100 -0.000918366 0.269152522 -0.005073339 0.999978900 0.004052168 -0.390911251 0.000938920 -0.004047455 0.999991417 10.086026192
0.999991059 0.004120444 -0.000932752 0.261952311 -0.004116564 0.999983072 0.004123841 -0.392364264 0.000949728 -0.004119964 0.999991119 10.459737778
0.999986231 0.005210784 -0.000499954 0.273329109 -0.005208441 0.999975920 0.004578892 -0.426492810 0.000523801 -0.004576224 0.999989390 10.800937653
0.999986768 0.005118322 -0.000457382 0.278672904 -0.005116176 0.999976456 0.004576006 -0.436357677 0.000480793 -0.004573606 0.999989450 11.179551125
0.999985576 0.005361382 -0.000267381 0.282883853 -0.005360126 0.999975562 0.004495548 -0.444850594 0.000291477 -0.004494051 0.999989808 11.570448875
0.999985933 0.005275530 -0.000583638 0.298968822 -0.005272643 0.999974370 0.004842958 -0.456026524 0.000609173 -0.004839813 0.999988019 11.923858643
0.999986768 0.005112373 -0.000586530 0.306303591 -0.005109495 0.999975324 0.004809209 -0.462464452 0.000611102 -0.004806148 0.999988198 12.307530403
0.999987781 0.004926106 -0.000483031 0.316473037 -0.004923727 0.999976337 0.004808760 -0.472093374 0.000506708 -0.004806322 0.999988317 12.707489967
0.999985456 0.005366497 -0.000578325 0.321831822 -0.005363842 0.999975502 0.004498971 -0.475344896 0.000602454 -0.004495804 0.999989688 13.103550911
0.999989986 0.004425459 -0.000662663 0.338039845 -0.004421989 0.999976993 0.005148252 -0.513474584 0.000685431 -0.005145269 0.999986529 13.493167877
0.999985516 0.005384017 -0.000123237 0.341714054 -0.005383271 0.999970853 0.005415310 -0.526280642 0.000152390 -0.005414568 0.999985337 13.908083916
0.999987423 0.004985278 -0.000376989 0.351612806 -0.004983188 0.999973238 0.005354730 -0.531149685 0.000403674 -0.005352784 0.999985576 14.323123932
0.999988019 0.004885422 0.000005492 0.348700643 -0.004885368 0.999970436 0.005943979 -0.551463842 0.000023547 -0.005943933 0.999982357 14.719726562
0.999988794 0.004727873 0.000032112 0.384955972 -0.004727981 0.999970198 0.006090938 -0.588125050 -0.000003313 -0.006091021 0.999981403 15.122915268
0.999991119 0.004210521 -0.000006722 0.396524101 -0.004210410 0.999973834 0.005873934 -0.597427189 0.000031454 -0.005873854 0.999982715 15.556452751
0.999991298 0.004145955 0.000428092 0.407539845 -0.004148479 0.999972939 0.006074130 -0.608302593 -0.000402897 -0.006075854 0.999981463 16.012197495
0.999983847 0.005559368 0.001109332 0.412898898 -0.005566298 0.999964356 0.006344668 -0.621033311 -0.001074021 -0.006350741 0.999979258 16.455308914
0.999988377 0.004653252 0.001277334 0.419697493 -0.004661458 0.999967992 0.006497722 -0.644682586 -0.001247058 -0.006503601 0.999978006 16.868495941
0.999988079 0.004641808 0.001577009 0.434899807 -0.004652191 0.999967098 0.006645545 -0.658369780 -0.001546110 -0.006652802 0.999976635 17.326389313
0.999985039 0.005093789 0.001991853 0.443537027 -0.005107441 0.999963105 0.006910431 -0.665144324 -0.001956579 -0.006920501 0.999974132 17.790534973
0.999986351 0.004748484 0.002173397 0.458135396 -0.004763935 0.999962926 0.007160326 -0.681580305 -0.002139315 -0.007170582 0.999971986 18.240423203
0.999984622 0.004950763 0.002503889 0.463892043 -0.004968194 0.999963105 0.007003839 -0.693010271 -0.002469123 -0.007016172 0.999972343 18.704097748
0.999986708 0.004655020 0.002246603 0.481854707 -0.004669941 0.999966741 0.006682993 -0.702954650 -0.002215419 -0.006693395 0.999975145 19.170204163
0.999983549 0.005056792 0.002687380 0.494417846 -0.005074130 0.999966025 0.006484297 -0.709898174 -0.002654500 -0.006497827 0.999975383 19.648574829
0.999984443 0.004842055 0.002761811 0.497430503 -0.004861908 0.999962032 0.007227608 -0.735059023 -0.002726709 -0.007240923 0.999970019 20.108207703
0.999987960 0.004214634 0.002536009 0.514805794 -0.004233652 0.999962568 0.007541306 -0.752094090 -0.002504130 -0.007551951 0.999968290 20.584634781
0.999987066 0.004392517 0.002549992 0.515821159 -0.004411295 0.999962866 0.007405532 -0.759985268 -0.002517368 -0.007416686 0.999969363 21.104675293
0.999987781 0.004467544 0.002118687 0.520637631 -0.004483355 0.999961674 0.007517621 -0.775688946 -0.002085021 -0.007527029 0.999969423 21.602375031
0.999986529 0.004816277 0.001961898 0.531180918 -0.004830738 0.999960721 0.007434208 -0.787076950 -0.001926016 -0.007443585 0.999970436 22.101320267
0.999990940 0.004057866 0.001339461 0.555955708 -0.004068059 0.999962151 0.007697544 -0.799401879 -0.001308174 -0.007702923 0.999969482 22.601518631
0.999990284 0.004336892 0.000788059 0.557244182 -0.004342850 0.999960721 0.007722129 -0.813687921 -0.000754538 -0.007725476 0.999969900 23.095451355
0.999991477 0.004138195 0.000047234 0.566805542 -0.004138432 0.999964416 0.007342674 -0.821789265 -0.000016847 -0.007342807 0.999973059 23.644580841
0.999990046 0.004455052 0.000076867 0.564818144 -0.004455477 0.999966264 0.006890858 -0.835190654 -0.000046166 -0.006891132 0.999976277 24.147333145
0.999984324 0.005548165 -0.000742462 0.579240680 -0.005542723 0.999959111 0.007141641 -0.846465588 0.000782055 -0.007137414 0.999974251 24.664060593
0.999989510 0.004285864 -0.001620794 0.612488568 -0.004272783 0.999958932 0.007989820 -0.863337457 0.001654971 -0.007982811 0.999966741 25.117904663
0.999988556 0.004246395 -0.002220370 0.618098140 -0.004228503 0.999959052 0.008001641 -0.868114114 0.002254257 -0.007992161 0.999965489 25.658870697
0.999989569 0.003251196 -0.003188527 0.635575354 -0.003225954 0.999963641 0.007890071 -0.881485462 0.003214064 -0.007879701 0.999963820 26.199460983
0.999988317 0.003761471 -0.003009479 0.637575984 -0.003735268 0.999955416 0.008665802 -0.893693864 0.003041941 -0.008654459 0.999957919 26.716127396
0.999983549 0.004206191 -0.003897190 0.655628085 -0.004171503 0.999951899 0.008866441 -0.904958546 0.003934296 -0.008850037 0.999953091 27.259624481
0.999980330 0.005231092 -0.003478861 0.649552643 -0.005203644 0.999955654 0.007852901 -0.915980399 0.003519787 -0.007834643 0.999963045 27.826465607
0.999980271 0.004809503 -0.004020385 0.669899702 -0.004773777 0.999949455 0.008848813 -0.928315282 0.004062740 -0.008829447 0.999952793 28.308097839
0.999979913 0.004094192 -0.004838483 0.686164141 -0.004048707 0.999947846 0.009373357 -0.946393847 0.004876608 -0.009353581 0.999944389 28.851667404
0.999976575 0.004901483 -0.004746835 0.679892778 -0.004860828 0.999951720 0.008538425 -0.938297689 0.004788457 -0.008515153 0.999952316 29.413311005
0.999976516 0.004772919 -0.004901818 0.693504035 -0.004727921 0.999947071 0.009150443 -0.966666222 0.004945232 -0.009127054 0.999946117 29.917264938
0.999979138 0.004108340 -0.004977738 0.706730545 -0.004060865 0.999946594 0.009510165 -0.985811472 0.005016543 -0.009489753 0.999942422 30.459468842
0.999970376 0.005606588 -0.005285449 0.730808854 -0.005560227 0.999946237 0.008745915 -0.994897962 0.005334201 -0.008716267 0.999947846 30.988410950
0.999970973 0.005216950 -0.005542092 0.736973345 -0.005166232 0.999944985 0.009126698 -1.005835772 0.005589401 -0.009097802 0.999943018 31.513418198
0.999970078 0.005074036 -0.005818996 0.748172760 -0.005022917 0.999948919 0.008766200 -1.014054894 0.005863179 -0.008736711 0.999944687 32.058292389
0.999965549 0.006261789 -0.005445240 0.750248969 -0.006220249 0.999951661 0.007612396 -1.008532286 0.005492644 -0.007578262 0.999956250 32.591110229
0.999968708 0.005600960 -0.005571218 0.749225855 -0.005551289 0.999945045 0.008891528 -1.036274910 0.005620713 -0.008860323 0.999944925 33.083957672
0.999969602 0.005295767 -0.005715102 0.762791872 -0.005241917 0.999942124 0.009396613 -1.052557826 0.005764533 -0.009366369 0.999939561 33.647495270
0.999965906 0.005455449 -0.006185145 0.761606812 -0.005394197 0.999936759 0.009876676 -1.072409630 0.006238635 -0.009842976 0.999932110 34.204109192
0.999964654 0.005565610 -0.006303864 0.795912921 -0.005505594 0.999939859 0.009498077 -1.087540150 0.006356346 -0.009463036 0.999934971 34.675243378
0.999964118 0.005945903 -0.006045546 0.798954070 -0.005887498 0.999936223 0.009633304 -1.094752312 0.006102440 -0.009597364 0.999935329 35.210723877
0.999955714 0.007016573 -0.006265811 0.806353271 -0.006960298 0.999935687 0.008958145 -1.107167363 0.006328264 -0.008914135 0.999940276 35.754932404
0.999965966 0.005300035 -0.006323269 0.825212061 -0.005236690 0.999936283 0.009992633 -1.126602530 0.006375827 -0.009959179 0.999930084 36.262042999
0.999963343 0.005527035 -0.006546161 0.828959703 -0.005463777 0.999938548 0.009642106 -1.128559947 0.006599051 -0.009605986 0.999932051 36.815406799
0.999965906 0.004856621 -0.006675007 0.837393820 -0.004791962 0.999941766 0.009668704 -1.135659695 0.006721576 -0.009636389 0.999930978 37.370025635
0.999958694 0.006451099 -0.006401357 0.849050462 -0.006389742 0.999933898 0.009559475 -1.154049635 0.006462603 -0.009518176 0.999933779 37.903804779
0.999964714 0.005475718 -0.006359115 0.841360271 -0.005408673 0.999930024 0.010513009 -1.185134053 0.006416237 -0.010478245 0.999924541 38.375846863
0.999964714 0.005208308 -0.006595782 0.857730806 -0.005137102 0.999928772 0.010766960 -1.194270849 0.006651390 -0.010732697 0.999920249 38.911762238
0.999963939 0.005759976 -0.006233836 0.861384690 -0.005691039 0.999922931 0.011020398 -1.204773426 0.006296833 -0.010984526 0.999919832 39.410545349
0.999969304 0.005018193 -0.006007572 0.851285577 -0.004950366 0.999924421 0.011252507 -1.225448251 0.006063586 -0.011222423 0.999918640 39.925899506
0.999963641 0.005935738 -0.006111884 0.897648454 -0.005868718 0.999923229 0.010925427 -1.242024183 0.006176264 -0.010889161 0.999921560 40.475242615
0.999964654 0.006087822 -0.005801630 0.898854136 -0.006023313 0.999920607 0.011072604 -1.253530025 0.005868577 -0.011037265 0.999921858 40.999996185
0.999964356 0.005996637 -0.005943481 0.911436975 -0.005929694 0.999919534 0.011217581 -1.266727448 0.006010271 -0.011181936 0.999919355 41.529869080
0.999962628 0.006318728 -0.005896376 0.933483005 -0.006252388 0.999917746 0.011202187 -1.281872153 0.005966673 -0.011164903 0.999919832 42.056831360
0.999959350 0.006901601 -0.005807231 0.962163210 -0.006835673 0.999912798 0.011297084 -1.285322428 0.005884693 -0.011256929 0.999919295 42.602329254
0.999964893 0.005754845 -0.006092109 0.946431518 -0.005683322 0.999915481 0.011693285 -1.298881054 0.006158887 -0.011658252 0.999913037 43.137710571
0.999963939 0.005654344 -0.006339660 0.955228925 -0.005579259 0.999914825 0.011799439 -1.310157418 0.006405839 -0.011763643 0.999910295 43.673904419
0.999965131 0.004453753 -0.007056419 0.976539731 -0.004369169 0.999918997 0.011957165 -1.313962698 0.007109101 -0.011925920 0.999903619 44.220024109
0.999971688 0.003900474 -0.006436616 1.003662109 -0.003822392 0.999919534 0.012098864 -1.314813375 0.006483288 -0.012073918 0.999906123 44.744342804
0.999972343 0.005072209 -0.005438000 0.973013103 -0.005004653 0.999911010 0.012365446 -1.349754572 0.005500237 -0.012337890 0.999908686 45.273841858
0.999973297 0.004662293 -0.005621639 0.988998353 -0.004594143 0.999916494 0.012075299 -1.357238889 0.005677467 -0.012049150 0.999911189 45.823818207
0.999973178 0.004997967 -0.005379715 0.987787008 -0.004933661 0.999916971 0.011901069 -1.366016150 0.005438750 -0.011874205 0.999914706 46.397998810
0.999975204 0.004436850 -0.005467352 1.000144243 -0.004366924 0.999909341 0.012735892 -1.381991982 0.005523365 -0.012711702 0.999903917 46.874099731
0.999972224 0.004830443 -0.005676832 1.012937903 -0.004759502 0.999911249 0.012444316 -1.386820078 0.005736439 -0.012416949 0.999906480 47.425136566
0.999975383 0.004997698 -0.004919532 1.016834736 -0.004934212 0.999905527 0.012833477 -1.398929834 0.004983204 -0.012808886 0.999905527 47.974079132
0.999971867 0.004990134 -0.005601417 1.029942632 -0.004917415 0.999904394 0.012921876 -1.417225361 0.005665364 -0.012893970 0.999900818 48.483268738
0.999975681 0.004627874 -0.005210871 1.040187359 -0.004561280 0.999908686 0.012719871 -1.425245523 0.005269260 -0.012695795 0.999905527 49.023647308
0.999975622 0.004158080 -0.005594531 1.048472404 -0.004086978 0.999911487 0.012661033 -1.431617737 0.005646681 -0.012637861 0.999904215 49.568035126
0.999975085 0.005001694 -0.004980641 1.040265560 -0.004937531 0.999905705 0.012812424 -1.444589138 0.005044256 -0.012787514 0.999905467 50.105159760
0.999976099 0.004629231 -0.005139858 1.052320004 -0.004561134 0.999902725 0.013182214 -1.452724934 0.005200382 -0.013158456 0.999899924 50.661792755
0.999972820 0.004217699 -0.006061405 1.074641109 -0.004139656 0.999909043 0.012830742 -1.452260852 0.006114971 -0.012805297 0.999899387 51.192504883
0.999977887 0.004675523 -0.004720740 1.054767966 -0.004613580 0.999904215 0.013048157 -1.482812405 0.004781294 -0.013026089 0.999903738 51.695583344
0.999977708 0.004712480 -0.004741064 1.065848589 -0.004651837 0.999908149 0.012721986 -1.486968160 0.004800582 -0.012699646 0.999907851 52.232254028
0.999977767 0.005152555 -0.004244139 1.058301449 -0.005097619 0.999904394 0.012854612 -1.495314360 0.004309967 -0.012832691 0.999908328 52.782375336
0.999975920 0.005443979 -0.004321183 1.085626602 -0.005387980 0.999902606 0.012866713 -1.499952316 0.004390809 -0.012843120 0.999907851 53.231956482
0.999978006 0.004509445 -0.004868150 1.109108329 -0.004444413 0.999901831 0.013287616 -1.526360154 0.004927591 -0.013265687 0.999899864 53.841453552
0.999979317 0.004035622 -0.005034429 1.119184971 -0.003970163 0.999908268 0.012945279 -1.535548687 0.005086209 -0.012925022 0.999903500 54.392654419
0.999977171 0.003641499 -0.005707412 1.147652149 -0.003567182 0.999909520 0.012977734 -1.547888637 0.005754152 -0.012957078 0.999899507 54.967048645
0.999976993 0.004443502 -0.005126303 1.138254762 -0.004372906 0.999896526 0.013701010 -1.557664990 0.005186652 -0.013678280 0.999892950 55.429328918
0.999975502 0.005517265 -0.004314521 1.142976999 -0.005458135 0.999892592 0.013598585 -1.576315761 0.004389085 -0.013574700 0.999898255 55.958583832
0.999979138 0.004434687 -0.004693291 1.169796467 -0.004370716 0.999898612 0.013553867 -1.582628608 0.004752922 -0.013533072 0.999897122 56.510288239
0.999973297 0.005636830 -0.004649669 1.169736862 -0.005572009 0.999888778 0.013838017 -1.596391797 0.004727155 -0.013811740 0.999893427 57.072250366
0.999977112 0.005037013 -0.004518061 1.189539194 -0.004974559 0.999893427 0.013729373 -1.609063268 0.004586734 -0.013706584 0.999895573 57.595592499
0.999981225 0.004187271 -0.004467555 1.188754678 -0.004125515 0.999897063 0.013744057 -1.611721754 0.004524645 -0.013725370 0.999895513 58.121143341
0.999982059 0.003906597 -0.004544693 1.198531032 -0.003843565 0.999897420 0.013796500 -1.622836828 0.004598125 -0.013778784 0.999894440 58.664710999
0.999982536 0.003797538 -0.004514816 1.203923225 -0.003733967 0.999894917 0.014006740 -1.636393547 0.004567533 -0.013989639 0.999891698 59.184879303
0.999981225 0.004100284 -0.004544823 1.208357692 -0.004033519 0.999885261 0.014603311 -1.648651361 0.004604179 -0.014584708 0.999882996 59.720314026
0.999982059 0.004350464 -0.004119747 1.232250214 -0.004293463 0.999896288 0.013745345 -1.647803783 0.004179119 -0.013727412 0.999897063 60.252967834
0.999982297 0.003744193 -0.004620899 1.258289456 -0.003679066 0.999894857 0.014023202 -1.660600662 0.004672920 -0.014005952 0.999891043 60.785491943
0.999979317 0.003898024 -0.005116589 1.275630951 -0.003822756 0.999885499 0.014638912 -1.683235407 0.005173068 -0.014619050 0.999879777 61.313182831
0.999981821 0.004110907 -0.004404535 1.284410954 -0.004050835 0.999899805 0.013562103 -1.666147590 0.004459846 -0.013544014 0.999898374 61.863044739
0.999982655 0.004029196 -0.004297714 1.298565507 -0.003968578 0.999893844 0.014021184 -1.681715965 0.004353751 -0.014003884 0.999892473 62.378555298
0.999981821 0.003760121 -0.004717480 1.313093066 -0.003694352 0.999896944 0.013873855 -1.694507957 0.004769161 -0.013856174 0.999892592 62.938819885
0.999982834 0.004175740 -0.004115670 1.300116539 -0.004116788 0.999890268 0.014229784 -1.714985013 0.004174638 -0.014212595 0.999890327 63.476200104
0.999981701 0.003611105 -0.004853998 1.332604170 -0.003542435 0.999894619 0.014082022 -1.719209552 0.004904338 -0.014064569 0.999889135 64.061676025
0.999981284 0.003462979 -0.005042839 1.324017167 -0.003390308 0.999891400 0.014348555 -1.736824274 0.005091981 -0.014331192 0.999884307 64.563217163
0.999983788 0.003966317 -0.004085163 1.342423797 -0.003907475 0.999889910 0.014312406 -1.723134279 0.004141479 -0.014296213 0.999889255 65.026290894
0.999984860 0.004198946 -0.003544103 1.341785192 -0.004148101 0.999890029 0.014233911 -1.731143236 0.003603481 -0.014218993 0.999892473 65.581085205
0.999985099 0.004397928 -0.003202913 1.347601175 -0.004351703 0.999888241 0.014299124 -1.738657236 0.003265442 -0.014284974 0.999892712 66.134132385
0.999980986 0.005386041 -0.002983399 1.366559029 -0.005341497 0.999877036 0.014742517 -1.748704910 0.003062436 -0.014726302 0.999886930 66.671951294
0.999981642 0.004789137 -0.003736551 1.385018229 -0.004737147 0.999893546 0.013800947 -1.759247780 0.003802249 -0.013782991 0.999897778 67.187469482
0.999980450 0.005118875 -0.003614726 1.399533153 -0.005068087 0.999890327 0.013922272 -1.775463343 0.003685595 -0.013903682 0.999896526 67.724357605
0.999980032 0.005161519 -0.003659763 1.406880736 -0.005108896 0.999885499 0.014245553 -1.780069113 0.003732874 -0.014226570 0.999891818 68.294059753
0.999982536 0.004648224 -0.003647727 1.416765571 -0.004599256 0.999900699 0.013319657 -1.778555632 0.003709278 -0.013302648 0.999904633 68.866661072
0.999982178 0.004934909 -0.003348631 1.407257676 -0.004887345 0.999889135 0.014066253 -1.804969788 0.003417675 -0.014049636 0.999895394 69.323936462
0.999983430 0.004279790 -0.003855038 1.417689562 -0.004226412 0.999896586 0.013749480 -1.810600996 0.003913485 -0.013732960 0.999898016 69.861427307
0.999984622 0.004224008 -0.003602245 1.432631850 -0.004173128 0.999893069 0.014016814 -1.828005791 0.003661069 -0.014001563 0.999895215 70.426620483
0.999983966 0.004681701 -0.003188599 1.439105630 -0.004635777 0.999887586 0.014260711 -1.850234747 0.003255007 -0.014245702 0.999893188 70.953514099
0.999983072 0.004718343 -0.003397856 1.448349833 -0.004669684 0.999888420 0.014188588 -1.859644413 0.003464424 -0.014172482 0.999893486 71.499687195
0.999982655 0.005154887 -0.002875565 1.456949592 -0.005113609 0.999886334 0.014182113 -1.866834879 0.002948346 -0.014167163 0.999895334 72.057434082
0.999984920 0.004192918 -0.003549662 1.472499847 -0.004142514 0.999892175 0.014089797 -1.870770097 0.003608356 -0.014074881 0.999894500 72.591575623
0.999983847 0.004759046 -0.003112463 1.482385755 -0.004714256 0.999887407 0.014242756 -1.887739182 0.003179896 -0.014227852 0.999893725 73.063613892
0.999984860 0.004494005 -0.003189780 1.494771957 -0.004448874 0.999891877 0.014017151 -1.896649599 0.003252429 -0.014002748 0.999896705 73.618171692
0.999979436 0.005761251 -0.002800661 1.502444148 -0.005721441 0.999885440 0.014020320 -1.907737255 0.002881116 -0.014004010 0.999897778 74.176483154
0.999984324 0.004832709 -0.002833245 1.528256059 -0.004792235 0.999888778 0.014122318 -1.928272367 0.002901179 -0.014108519 0.999896228 74.641204834
0.999983490 0.004992253 -0.002831769 1.550028682 -0.004950974 0.999884009 0.014401105 -1.943906903 0.002903334 -0.014386849 0.999892235 75.160827637
0.999981165 0.005319218 -0.003062627 1.566187620 -0.005274937 0.999884009 0.014289527 -1.958578944 0.003138280 -0.014273102 0.999893188 75.710464478
0.999981880 0.005149330 -0.003099341 1.581697822 -0.005103726 0.999881148 0.014546484 -1.965749383 0.003173878 -0.014530404 0.999889314 76.210296631
0.999981403 0.005079652 -0.003365929 1.597963452 -0.005030204 0.999881566 0.014540076 -1.975714803 0.003439390 -0.014522874 0.999888599 76.759750366
0.999981761 0.005367752 -0.002766725 1.614709973 -0.005327289 0.999881625 0.014430391 -1.995271683 0.002843856 -0.014415387 0.999892056 77.286422729
0.999983370 0.005098265 -0.002692357 1.617366910 -0.005058456 0.999880672 0.014591233 -1.989894390 0.002766427 -0.014577371 0.999889851 77.767715454
0.999979794 0.005929408 -0.002283632 1.618499160 -0.005896673 0.999883354 0.014084402 -1.993975520 0.002366878 -0.014070651 0.999898195 78.319351196
0.999982417 0.005607450 -0.001924323 1.633515716 -0.005579608 0.999883831 0.014181772 -2.012678385 0.002003624 -0.014170785 0.999897540 78.906913757
0.999983609 0.005644999 -0.000976832 1.647970557 -0.005630287 0.999879599 0.014460733 -2.010889053 0.001058346 -0.014454995 0.999894917 79.365867615
0.999975801 0.006918241 0.000696187 1.653516054 -0.006927419 0.999875486 0.014179256 -2.020523310 -0.000598005 -0.014183736 0.999899209 79.917350769
0.999972343 0.007159492 0.002017117 1.662150979 -0.007187091 0.999875844 0.014024611 -2.028223991 -0.001916458 -0.014038719 0.999899566 80.456703186
0.999974906 0.006380147 0.003064473 1.674246907 -0.006423967 0.999874115 0.014509347 -2.036720037 -0.002971515 -0.014528669 0.999889970 81.005111694
0.999958932 0.006546106 0.006264469 1.687621951 -0.006636567 0.999872386 0.014530243 -2.054347515 -0.006168553 -0.014571222 0.999874771 81.552261353
0.999923050 0.007283562 0.010033739 1.723977685 -0.007428847 0.999867022 0.014519255 -2.052417755 -0.009926653 -0.014592679 0.999844193 82.066238403
0.999890983 0.007067905 0.012956480 1.759223104 -0.007255970 0.999868214 0.014526105 -2.066463947 -0.012852104 -0.014618536 0.999810517 82.630462646
0.999816656 0.007792532 0.017488034 1.778511047 -0.008037590 0.999869823 0.013986572 -2.049766064 -0.017376767 -0.014124570 0.999749243 83.147125244
0.999701023 0.007468242 0.023281135 1.795956254 -0.007791579 0.999873936 0.013828843 -2.056089401 -0.023174923 -0.014006103 0.999633312 83.692810059
0.999559700 0.006895171 0.028861780 1.827917933 -0.007281030 0.999885142 0.013285542 -2.059130192 -0.028766861 -0.013489836 0.999495089 84.248641968
0.999338746 0.007723421 0.035531588 1.845033765 -0.008215822 0.999871910 0.013733086 -2.066289425 -0.035420973 -0.014015924 0.999274194 84.766319275
0.999041855 0.007316528 0.043149006 1.911503434 -0.007919850 0.999873042 0.013827932 -2.089092731 -0.043042347 -0.014156416 0.998972952 85.244766235
0.998640299 0.007211574 0.051629394 1.963476181 -0.007916824 0.999877989 0.013468405 -2.094218731 -0.051525969 -0.013858831 0.998575568 85.789901733
0.998223424 0.007324990 0.059130050 1.987761259 -0.008142705 0.999874353 0.013600020 -2.104128361 -0.059023004 -0.014057337 0.998157680 86.353805542
0.997674167 0.007068840 0.067796096 2.065801620 -0.007993994 0.999878466 0.013384561 -2.104178905 -0.067693248 -0.013895391 0.997609437 86.867637634
0.996934891 0.007445456 0.077880323 2.136258602 -0.008504952 0.999875665 0.013281328 -2.120855331 -0.077771775 -0.013902988 0.996874213 87.416671753
0.996173263 0.007415805 0.087085277 2.183135986 -0.008625131 0.999871433 0.013518629 -2.123935223 -0.086973831 -0.014218019 0.996109128 87.967117310
0.995403886 0.007389711 0.095481738 2.260916710 -0.008706132 0.999872625 0.013377910 -2.139495134 -0.095370725 -0.014147698 0.995341301 88.417167664
0.994395256 0.007185208 0.105482496 2.335126400 -0.008598926 0.999879181 0.012953715 -2.133018732 -0.105376668 -0.013788150 0.994336843 88.992416382
0.993177176 0.006821390 0.116416097 2.421457291 -0.008360313 0.999883890 0.012735979 -2.150682211 -0.116315722 -0.013622358 0.993118823 89.515495300
0.992103755 0.006346391 0.125259236 2.531293869 -0.007964361 0.999891162 0.012420420 -2.175291300 -0.125166774 -0.013319954 0.992046297 89.986999512
0.990665495 0.006818322 0.136144564 2.596210480 -0.008684565 0.999876201 0.013118569 -2.186621666 -0.136038259 -0.014178472 0.990602136 90.484825134
0.988919199 0.007003088 0.148289651 2.700706482 -0.009011235 0.999876559 0.012874524 -2.199831486 -0.148181185 -0.014068137 0.988860190 91.016342163
0.987292945 0.005923554 0.158800483 2.814998627 -0.008094085 0.999882460 0.013025001 -2.213100910 -0.158704653 -0.014144838 0.987224817 91.551803589
0.985711932 0.005307978 0.168356314 2.911838531 -0.007501814 0.999894917 0.012397557 -2.207505465 -0.168272838 -0.013483396 0.985648215 92.042373657
0.983500004 0.005757793 0.180816725 3.033122063 -0.008088292 0.999893367 0.012154049 -2.217720985 -0.180727452 -0.013416005 0.983441651 92.581268311
0.981144667 0.005920028 0.193184122 3.166637421 -0.008406974 0.999891937 0.012056216 -2.236804724 -0.193091899 -0.013452986 0.981088459 93.080879211
0.979048133 0.004444959 0.203580156 3.303709984 -0.007067425 0.999901116 0.012156542 -2.249325991 -0.203505978 -0.013340629 0.978982806 93.591644287
0.976210594 0.004258959 0.216782734 3.446622849 -0.007057482 0.999901474 0.012136806 -2.258961678 -0.216709673 -0.013378019 0.976144433 94.133834839
0.973115027 0.003695169 0.230289981 3.588731766 -0.006642479 0.999905646 0.012024304 -2.259263992 -0.230223790 -0.013230725 0.973047793 94.660514832
0.970215857 0.003764163 0.242212683 3.740304947 -0.006855165 0.999905467 0.011920022 -2.272314072 -0.242144927 -0.013225401 0.970149994 95.198547363
0.967174292 0.003095636 0.254095346 3.919389725 -0.006230516 0.999914110 0.011533557 -2.285242081 -0.254037827 -0.012738103 0.967110395 95.691917419
0.963608146 0.002725967 0.267304808 4.076259613 -0.006072854 0.999913156 0.011694968 -2.294170141 -0.267249644 -0.012892672 0.963541031 96.133102417
0.959952652 0.003146427 0.280144662 4.246759415 -0.006673926 0.999909997 0.011638663 -2.306861162 -0.280082822 -0.013042229 0.959887207 96.623931885
0.956912100 0.001112647 0.290375441 4.445701599 -0.004768510 0.999917984 0.011882856 -2.328417301 -0.290338427 -0.012755510 0.956839025 97.105400085
0.952318609 0.001349448 0.305102199 4.596012115 -0.005130195 0.999919593 0.011590349 -2.325293303 -0.305062026 -0.012602940 0.952248991 97.631713867
0.947836697 0.001068527 0.318754584 4.799400330 -0.005054179 0.999918997 0.011676989 -2.340668678 -0.318716288 -0.012678921 0.947765291 98.145416260
0.943826795 0.000894170 0.330439299 4.995409012 -0.004992401 0.999920845 0.011553898 -2.348033428 -0.330402792 -0.012554565 0.943756461 98.660804749
0.939525545 -0.000068473 0.342479140 5.193946838 -0.004000314 0.999929547 0.011174005 -2.354976654 -0.342455864 -0.011868285 0.939458907 99.133186340
0.934227705 0.000587749 0.356676728 5.413055420 -0.004848324 0.999927104 0.011051273 -2.358654261 -0.356644303 -0.012053687 0.934162557 99.661117554
0.929801941 -0.001598239 0.368056864 5.644760132 -0.002655218 0.999935448 0.011049819 -2.368413687 -0.368050754 -0.011251414 0.929737568 100.140052795
0.924939036 -0.001494295 0.380112618 5.847469330 -0.002928245 0.999934614 0.011056313 -2.380700588 -0.380104214 -0.011339478 0.924874127 100.617881775
0.919036150 -0.001680636 0.394169599 6.094589233 -0.002889234 0.999935389 0.010999926 -2.383715153 -0.394162595 -0.011248179 0.918971837 101.135887146
0.913077056 -0.000677726 0.407786429 6.332378387 -0.004080373 0.999933302 0.010798244 -2.385418892 -0.407766610 -0.011523549 0.913013458 101.659072876
0.908501089 -0.002167107 0.417876929 6.556713104 -0.002518263 0.999939978 0.010660610 -2.400886059 -0.417874962 -0.010737500 0.908441126 102.084495544
0.902915776 -0.002481425 0.429810494 6.818801880 -0.002572002 0.999934256 0.011176003 -2.414041996 -0.429809988 -0.011196462 0.902850032 102.562538147
0.896122277 -0.002791849 0.443798542 7.075687408 -0.002478341 0.999933064 0.011294673 -2.437448502 -0.443800330 -0.011221291 0.896055400 103.042373657
0.890401661 -0.002745660 0.455167562 7.350166321 -0.002402163 0.999939501 0.010730956 -2.440409184 -0.455169559 -0.010648245 0.890341103 103.517036438
0.884522796 -0.004020319 0.466479599 7.606834412 -0.001090769 0.999942303 0.010686208 -2.445348024 -0.466495693 -0.009961016 0.884467304 103.985847473
0.877105415 -0.003287750 0.480286598 7.891586304 -0.002227761 0.999937952 0.010913332 -2.459517479 -0.480292708 -0.010642108 0.877043664 104.451736450
