1.000000000 0.000000000 0.000000000 0.000000000 0.000000000 1.000000000 0.000000000 0.000000000 0.000000000 0.000000000 1.000000000 0.000000000
1.000000000 0.000040428 -0.000026603 0.000521922 -0.000040427 1.000000000 0.000021964 -0.000471531 0.000026604 -0.000021963 1.000000000 0.001298868
1.000000000 0.000064713 0.000004110 0.001131338 -0.000064713 1.000000000 0.000034753 -0.000490361 -0.000004108 -0.000034753 1.000000000 0.001326419
1.000000000 -0.000003804 -0.000045881 0.001987660 0.000003803 1.000000000 -0.000036700 -0.000664258 0.000045881 0.000036699 1.000000000 -0.000505708
1.000000000 -0.000085512 -0.000097697 0.001791405 0.000085519 1.000000000 0.000068674 -0.000678903 0.000097691 -0.000068682 1.000000000 -0.000014637
1.000000000 -0.000032596 -0.000089980 -0.000295539 0.000032591 1.000000000 -0.000046471 0.001325620 0.000089981 0.000046468 1.000000000 0.002056629
1.000000000 -0.000137210 -0.000101844 0.001541354 0.000137219 1.000000000 0.000094301 -0.000631572 0.000101831 -0.000094315 1.000000000 0.000392410
1.000000000 -0.000064719 -0.000024126 0.000137332 0.000064721 1.000000000 0.000081612 -0.001141060 0.000024121 -0.000081613 1.000000000 -0.000709721
1.000000000 0.000022539 -0.000071430 0.001651963 -0.000022534 1.000000000 0.000066875 -0.000671393 0.000071432 -0.000066874 1.000000000 -0.001665328
1.000000000 0.000048247 -0.000009088 0.000251839 -0.000048247 1.000000000 0.000045902 0.000295052 0.000009091 -0.000045902 1.000000000 0.002087825
1.000000000 -0.000009977 -0.000012758 0.000654976 0.000009977 1.000000000 -0.000000235 -0.000201479 0.000012758 0.000000234 1.000000000 0.000341656
1.000000000 -0.000093255 -0.000077646 0.001119761 0.000093263 1.000000000 0.000105215 -0.000916380 0.000077636 -0.000105222 1.000000000 -0.000844751
1.000000000 -0.000075951 -0.000051765 0.001069914 0.000075953 1.000000000 0.000035529 0.000187272 0.000051762 -0.000035533 1.000000000 0.001494706
1.000000000 -0.000173584 -0.000124107 0.001184240 0.000173603 1.000000000 0.000149929 -0.000715483 0.000124081 -0.000149950 1.000000000 -0.000125930
1.000000000 -0.000023911 -0.000111185 0.001865048 0.000023916 1.000000000 0.000043091 -0.000496167 0.000111184 -0.000043094 1.000000000 -0.003591944
1.000000000 0.000005583 -0.000112814 0.003379183 -0.000005573 1.000000000 0.000095600 -0.000684186 0.000112814 -0.000095600 1.000000000 -0.001855258
1.000000000 -0.000051929 -0.000101529 0.003080930 0.000051940 1.000000000 0.000104138 -0.001380950 0.000101524 -0.000104143 1.000000000 -0.001805686
1.000000000 -0.000084708 -0.000108130 0.003607713 0.000084715 1.000000000 0.000067048 -0.000833828 0.000108124 -0.000067058 1.000000000 -0.001431537
1.000000000 0.000010183 -0.000099705 0.002511017 -0.000010172 1.000000000 0.000110459 -0.000950274 0.000099706 -0.000110458 1.000000000 -0.002088066
1.000000000 -0.000075541 -0.000113794 0.003034854 0.000075550 1.000000000 0.000073710 -0.001793269 0.000113789 -0.000073719 1.000000000 -0.003798933
1.000000000 -0.000162857 -0.000121706 0.001872016 0.000162865 1.000000000 0.000065649 0.000108186 0.000121696 -0.000065669 1.000000000 0.001598438
1.000000000 -0.000157076 -0.000111498 0.001926598 0.000157089 1.000000000 0.000120007 -0.002148826 0.000111479 -0.000120024 1.000000000 -0.004731201
1.000000000 -0.000024629 -0.000142425 0.003948760 0.000024648 1.000000000 0.000130028 -0.001386341 0.000142422 -0.000130032 1.000000000 -0.001996406
1.000000000 -0.000090684 -0.000173691 0.003725605 0.000090698 1.000000000 0.000079391 -0.001113910 0.000173683 -0.000079407 1.000000000 -0.002999316
1.000000000 -0.000139095 -0.000149130 0.003126530 0.000139109 1.000000000 0.000095003 -0.001613081 0.000149116 -0.000095024 1.000000000 -0.003328047
1.000000000 -0.000030507 -0.000137566 0.003365946 0.000030514 1.000000000 0.000052848 -0.000419342 0.000137565 -0.000052852 1.000000000 -0.001063238
1.000000000 -0.000091197 -0.000108859 0.003859319 0.000091202 1.000000000 0.000051274 -0.000405716 0.000108854 -0.000051284 1.000000000 -0.001340163
0.999999940 -0.000164964 -0.000184440 0.002879685 0.000164990 1.000000000 0.000142714 -0.000804240 0.000184416 -0.000142744 1.000000000 -0.003342920
1.000000000 -0.000196210 -0.000124067 0.002352973 0.000196221 1.000000000 0.000088899 -0.001695253 0.000124049 -0.000088923 1.000000000 -0.001249637
1.000000000 -0.000077312 -0.000176130 0.004696473 0.000077346 1.000000000 0.000193891 -0.002569068 0.000176115 -0.000193904 0.999999940 -0.005131818
0.999999940 -0.000210624 -0.000188940 0.005094706 0.000210645 1.000000000 0.000108544 -0.001321415 0.000188917 -0.000108583 1.000000000 -0.002790652
1.000000000 -0.000127771 -0.000181564 0.004009585 0.000127787 1.000000000 0.000086310 -0.000762638 0.000181553 -0.000086333 1.000000000 -0.002941939
1.000000000 -0.000120892 -0.000134874 0.003925743 0.000120910 1.000000000 0.000127331 -0.001307540 0.000134859 -0.000127347 1.000000000 -0.004325764
1.000000000 -0.000029351 -0.000101281 0.003290247 0.000029359 1.000000000 0.000075026 -0.000543068 0.000101279 -0.000075029 1.000000000 -0.003165650
1.000000000 -0.000080484 -0.000135566 0.002802720 0.000080499 1.000000000 0.000110485 -0.000535029 0.000135557 -0.000110496 1.000000000 -0.001282844
0.999999940 -0.000201032 -0.000148268 0.003218555 0.000201056 0.999999940 0.000159487 -0.002770488 0.000148236 -0.000159517 1.000000000 -0.003928511
1.000000000 -0.000125479 -0.000165113 0.003442163 0.000125495 1.000000000 0.000095195 -0.000533013 0.000165101 -0.000095216 1.000000000 -0.002054785
1.000000000 -0.000064250 -0.000176901 0.005705200 0.000064278 1.000000000 0.000157781 -0.001372118 0.000176891 -0.000157793 1.000000000 -0.005361543
1.000000000 -0.000094122 -0.000107643 0.002085987 0.000094131 1.000000000 0.000083120 -0.000806262 0.000107635 -0.000083131 1.000000000 -0.002726871
1.000000000 -0.000140030 -0.000184563 0.003424434 0.000140061 1.000000000 0.000167883 -0.001790351 0.000184540 -0.000167909 0.999999940 -0.004662550
1.000000000 -0.000052726 -0.000198962 0.005136992 0.000052736 1.000000000 0.000050807 -0.001684815 0.000198959 -0.000050817 1.000000000 -0.002118345
1.000000000 -0.000230947 -0.000037529 0.002327633 0.000230929 0.999999821 -0.000494801 -0.003265052 0.000037644 0.000494792 0.999999881 0.049898338
1.000000000 0.000022444 -0.000115514 0.004339509 -0.000022572 0.999999404 -0.001102848 -0.006273570 0.000115489 0.001102851 0.999999404 0.138206467
1.000000000 -0.000025767 -0.000003537 0.005345521 0.000025762 0.999998987 -0.001432800 -0.009203453 0.000003574 0.001432800 0.999998987 0.255074233
1.000000000 0.000028540 -0.000017250 0.008601855 -0.000028565 0.999998987 -0.001431892 -0.011887744 0.000017209 0.001431893 0.999998987 0.387903184
1.000000000 0.000031883 -0.000040213 0.011104507 -0.000031931 0.999999285 -0.001178206 -0.017034780 0.000040176 0.001178207 0.999999285 0.526984930
1.000000000 0.000092832 0.000073750 0.015470562 -0.000092760 0.999999523 -0.000970299 -0.024308560 -0.000073840 0.000970292 0.999999523 0.679271221
1.000000000 0.000010785 0.000128658 0.015672861 -0.000010673 0.999999642 -0.000869343 -0.028110500 -0.000128668 0.000869341 0.999999642 0.844385743
0.999999881 0.000435190 0.000279509 0.014728605 -0.000435001 0.999999702 -0.000675213 -0.028182633 -0.000279803 0.000675092 0.999999762 1.020463467
0.999999940 0.000337401 0.000006704 0.025405273 -0.000337397 0.999999821 -0.000533372 -0.036607515 -0.000006884 0.000533370 0.999999881 1.189058185
0.999999881 0.000234320 -0.000396777 0.025989166 -0.000234193 0.999999940 0.000319203 -0.050833069 0.000396852 -0.000319110 0.999999881 1.353659630
0.999999821 0.000339199 -0.000607854 0.030683095 -0.000339043 0.999999940 0.000256810 -0.053175751 0.000607941 -0.000256604 0.999999821 1.547333002
0.999999881 0.000077208 0.000486088 0.031209579 -0.000077273 1.000000000 0.000132421 -0.060625650 -0.000486077 -0.000132458 0.999999881 1.746865630
0.999999940 0.000222878 0.000340343 0.036903389 -0.000222944 1.000000000 0.000191931 -0.063806556 -0.000340300 -0.000192007 0.999999940 1.957242966
0.999999821 0.000013414 0.000557220 0.039418370 -0.000013562 1.000000000 0.000265011 -0.072172992 -0.000557217 -0.000265018 0.999999821 2.160275459
0.999999642 0.000592928 0.000611398 0.041094836 -0.000593166 0.999999762 0.000389187 -0.076640785 -0.000611167 -0.000389549 0.999999702 2.381964684
0.999997377 0.000945490 -0.002049566 0.077427916 -0.000941552 0.999997735 0.001921167 -0.105210997 0.002051378 -0.001919233 0.999996006 2.593800068
0.999997437 0.000663951 -0.002142733 0.082605243 -0.000659849 0.999997914 0.001914718 -0.112621985 0.002144000 -0.001913299 0.999995828 2.818754673
0.999999821 0.000018246 0.000607485 0.057398353 -0.000018724 0.999999702 0.000785357 -0.098736323 -0.000607470 -0.000785368 0.999999523 3.070304632
0.999999940 -0.000176258 0.000457307 0.064504676 0.000175930 0.999999762 0.000715191 -0.106507771 -0.000457433 -0.000715111 0.999999642 3.304084778
0.999999881 -0.000150058 0.000496302 0.066929936 0.000149503 0.999999285 0.001117295 -0.118346222 -0.000496470 -0.001117221 0.999999166 3.545269966
0.999999881 0.000159264 0.000488409 0.071532011 -0.000159888 0.999999166 0.001278117 -0.121961080 -0.000488205 -0.001278194 0.999999046 3.797047138
0.999999821 -0.000208919 0.000646961 0.077962711 0.000208100 0.999999106 0.001266512 -0.132683218 -0.000647225 -0.001266377 0.999998987 4.060658932
0.999999762 -0.000059589 0.000696957 0.082218625 0.000058541 0.999998868 0.001502848 -0.138792500 -0.000697046 -0.001502806 0.999998629 4.318742752
0.999999762 -0.000070080 0.000676216 0.086300090 0.000068925 0.999998569 0.001708155 -0.148881406 -0.000676335 -0.001708108 0.999998331 4.573647499
0.999999702 -0.000057471 0.000784583 0.093671732 0.000056042 0.999998331 0.001821544 -0.154513687 -0.000784686 -0.001821499 0.999998033 4.833714962
0.999995172 0.001347624 -0.002799919 0.146850690 -0.001338823 0.999994159 0.003142869 -0.185254067 0.002804138 -0.003139105 0.999991119 5.090484142
0.999994576 0.000979503 -0.003142757 0.156242043 -0.000969768 0.999994695 0.003097403 -0.191793621 0.003145775 -0.003094339 0.999990225 5.350672245
0.999994814 0.001819255 -0.002620843 0.154785320 -0.001811150 0.999993563 0.003091431 -0.199205488 0.002626450 -0.003086668 0.999991775 5.626931667
0.999992728 0.001571148 -0.003470907 0.181055456 -0.001560449 0.999994040 0.003083052 -0.205912888 0.003475730 -0.003077614 0.999989212 5.918701649
0.999993026 0.001196305 -0.003531846 0.185562968 -0.001185845 0.999994874 0.002962425 -0.214548320 0.003535372 -0.002958216 0.999989390 6.200467110
0.999993503 0.001446161 -0.003305506 0.180569857 -0.001435559 0.999993861 0.003207685 -0.224112540 0.003310125 -0.003202919 0.999989390 6.490328789
0.999993503 0.001461940 -0.003298831 0.195096910 -0.001451427 0.999993920 0.003186965 -0.231847838 0.003303470 -0.003182156 0.999989510 6.759073734
0.999992073 0.001743903 -0.003557995 0.225424469 -0.001730876 0.999991775 0.003661106 -0.261222094 0.003564351 -0.003654919 0.999986887 7.046348572
0.999991477 0.001184808 -0.003940145 0.233510315 -0.001169947 0.999992132 0.003771935 -0.269855320 0.003944584 -0.003767293 0.999985099 7.355160236
0.999992609 0.001412959 -0.003577456 0.240485728 -0.001399594 0.999992013 0.003735528 -0.280877143 0.003582706 -0.003730493 0.999986529 7.656607151
0.999991417 0.001687261 -0.003781843 0.262505084 -0.001671084 0.999989450 0.004276509 -0.306342304 0.003789019 -0.004270154 0.999983668 7.982026100
0.999991953 0.001667710 -0.003660358 0.265157372 -0.001651973 0.999989390 0.004297921 -0.310793132 0.003667487 -0.004291839 0.999984086 8.296780586
0.999990463 0.001300067 -0.004154905 0.278428644 -0.001282996 0.999990702 0.004108764 -0.314941317 0.004160208 -0.004103394 0.999982953 8.636281967
0.999991000 0.001660939 -0.003891803 0.274797708 -0.001644751 0.999990046 0.004158928 -0.320146859 0.003898671 -0.004152489 0.999983788 8.979608536
0.999991894 0.001558977 -0.003708439 0.281575918 -0.001542943 0.999989450 0.004322792 -0.331800520 0.003715139 -0.004317035 0.999983788 9.311372757
0.999989986 0.002489082 -0.003713994 0.291626245 -0.002471647 0.999985933 0.004691722 -0.353660345 0.003725620 -0.004682495 0.999982119 9.652069092
0.999989450 0.003135185 -0.003337017 0.291144639 -0.003119673 0.999984384 0.004643462 -0.357871056 0.003351523 -0.004633003 0.999983609 10.001216888
0.999990284 0.002263599 -0.003757167 0.305639833 -0.002246375 0.999987006 0.004582179 -0.370078266 0.003767490 -0.004573695 0.999982476 10.355431557
0.999990046 0.002305187 -0.003809811 0.320862085 -0.002286204 0.999984980 0.004979376 -0.385707676 0.003821232 -0.004970618 0.999980271 10.723608017
0.999990761 0.002202016 -0.003705212 0.328758895 -0.002182847 0.999984264 0.005169637 -0.395887434 0.003716538 -0.005161501 0.999979734 11.081944466
0.999989986 0.002563108 -0.003659325 0.334523857 -0.002545031 0.999984562 0.004935744 -0.406421423 0.003671919 -0.004926383 0.999981046 11.467285156
0.999989092 0.003030098 -0.003561103 0.339740336 -0.003012165 0.999982774 0.005030232 -0.413969725 0.003576284 -0.005019451 0.999980986 11.850749016
0.999990106 0.002647301 -0.003576515 0.351230592 -0.002629112 0.999983609 0.005081072 -0.430160642 0.003589907 -0.005071619 0.999980628 12.229921341
0.999989450 0.003012883 -0.003482336 0.357273221 -0.002994099 0.999981046 0.005386837 -0.437554479 0.003498500 -0.005376353 0.999979436 12.625722885
0.999989331 0.003040482 -0.003473403 0.363406122 -0.003020933 0.999979615 0.005619708 -0.456406355 0.003490419 -0.005609155 0.999978185 13.009057045
0.999988437 0.003189670 -0.003592457 0.373665065 -0.003169228 0.999978781 0.005681852 -0.467434525 0.003610504 -0.005670400 0.999977410 13.408311844
0.999989867 0.003192368 -0.003164232 0.383547276 -0.003174403 0.999978900 0.005666459 -0.476606488 0.003182255 -0.005656356 0.999979019 13.812736511
0.999989450 0.003295134 -0.003173738 0.393510967 -0.003274873 0.999974489 0.006368188 -0.503856897 0.003194640 -0.006357729 0.999974668 14.237865448
0.999990284 0.003028010 -0.003183719 0.403751701 -0.003007993 0.999975801 0.006273610 -0.517390609 0.003202639 -0.006263973 0.999975264 14.654365540
0.999991179 0.002776209 -0.003135637 0.413219571 -0.002755972 0.999975502 0.006439917 -0.526803672 0.003153438 -0.006431219 0.999974310 15.087782860
0.999992549 0.002745596 -0.002684382 0.425698519 -0.002727221 0.999972999 0.006824558 -0.545866013 0.002703047 -0.006817188 0.999973059 15.503187180
0.999993324 0.002888717 -0.002222372 0.431819350 -0.002873509 0.999972641 0.006816104 -0.555403948 0.002242001 -0.006809674 0.999974251 15.947872162
0.999993742 0.003306168 -0.001270750 0.434200823 -0.003296932 0.999968648 0.007202912 -0.568326116 0.001294525 -0.007198677 0.999973178 16.405078888
0.999994755 0.002949456 -0.001356671 0.444513053 -0.002939745 0.999970436 0.007104912 -0.583417475 0.001377587 -0.007100886 0.999973834 16.842245102
0.999992788 0.003599842 -0.001212542 0.462594032 -0.003591689 0.999971330 0.006661200 -0.584907234 0.001236487 -0.006656797 0.999977052 17.311418533
0.999993622 0.003435392 -0.000983361 0.472313404 -0.003428578 0.999970615 0.006849307 -0.600342512 0.001006862 -0.006845891 0.999976039 17.770238876
0.999994278 0.003301329 -0.000789109 0.484437943 -0.003296019 0.999972463 0.006638599 -0.612924993 0.000811003 -0.006635960 0.999977589 18.241867065
0.999993265 0.003664191 -0.000528351 0.496396691 -0.003660411 0.999968886 0.006987275 -0.627968192 0.000553938 -0.006985293 0.999975443 18.719747543
0.999994576 0.003247814 -0.000538276 0.504899859 -0.003243977 0.999970436 0.006982506 -0.640379608 0.000560938 -0.006980722 0.999975443 19.184740067
0.999993265 0.003648544 -0.000470791 0.521433234 -0.003645057 0.999967337 0.007207327 -0.651712537 0.000497073 -0.007205562 0.999973953 19.674518585
0.999992490 0.003802893 -0.000668751 0.543568373 -0.003797766 0.999964595 0.007507805 -0.683950961 0.000697278 -0.007505211 0.999971569 20.112449646
0.999994636 0.003203043 -0.000638307 0.553679705 -0.003198218 0.999967337 0.007422125 -0.691776454 0.000662060 -0.007420044 0.999972224 20.610280991
0.999994397 0.003226774 -0.000895016 0.577907979 -0.003219487 0.999962747 0.008025993 -0.739164472 0.000920881 -0.008023066 0.999967396 21.089073181
0.999992669 0.003540152 -0.001446851 0.585217953 -0.003528194 0.999960303 0.008186197 -0.749694288 0.001475774 -0.008181032 0.999965429 21.596626282
0.999992669 0.003344818 -0.001887117 0.589426637 -0.003329140 0.999960482 0.008250874 -0.765064716 0.001914639 -0.008244530 0.999964237 22.095481873
0.999994040 0.002249329 -0.002618147 0.602724254 -0.002226312 0.999959111 0.008761472 -0.790082693 0.002637748 -0.008755593 0.999958158 22.550285339
0.999992907 0.002452057 -0.002873380 0.609932542 -0.002426092 0.999956489 0.009005371 -0.801270247 0.002895337 -0.008998337 0.999955356 23.074176788
0.999990702 0.002197778 -0.003701926 0.616255760 -0.002165250 0.999959171 0.008768003 -0.820569694 0.003721045 -0.008759905 0.999954700 23.548614502
0.999990046 0.001649133 -0.004139425 0.619586587 -0.001614225 0.999963224 0.008422265 -0.833280921 0.004153162 -0.008415500 0.999955952 24.072244644
0.999986649 0.002750234 -0.004371844 0.622475386 -0.002712963 0.999960124 0.008508562 -0.840312362 0.004395070 -0.008496588 0.999954224 24.592956543
0.999982357 0.002448715 -0.005426457 0.633803904 -0.002403665 0.999962747 0.008293013 -0.841121793 0.005446562 -0.008279823 0.999950945 25.137226105
0.999981046 0.003184946 -0.005273796 0.632892251 -0.003137686 0.999955058 0.008945425 -0.862354398 0.005302049 -0.008928708 0.999946058 25.622873306
0.999980092 0.001952260 -0.006009994 0.647830963 -0.001899069 0.999959052 0.008843479 -0.872512341 0.006027013 -0.008831888 0.999942839 26.174289703
0.999979436 0.002959167 -0.005691939 0.628981113 -0.002904156 0.999949217 0.009648853 -0.886458993 0.005720203 -0.009632124 0.999937236 26.682239532
0.999976337 0.002450551 -0.006423159 0.647365451 -0.002386257 0.999947190 0.009998338 -0.908261538 0.006447321 -0.009982775 0.999929368 27.231813431
0.999969959 0.004158830 -0.006529243 0.633548737 -0.004096574 0.999946296 0.009519396 -0.904039085 0.006568482 -0.009492364 0.999933302 27.714036942
0.999971449 0.003347157 -0.006784650 0.656517744 -0.003279053 0.999944389 0.010024367 -0.924535275 0.006817826 -0.010001833 0.999926746 28.319889069
0.999967098 0.003235074 -0.007430586 0.661270797 -0.003164349 0.999949753 0.009510158 -0.939779282 0.007460978 -0.009486333 0.999927163 28.746366501
0.999965250 0.003320276 -0.007643614 0.665819585 -0.003248149 0.999950230 0.009429368 -0.949709535 0.007674542 -0.009404213 0.999926329 29.294889450
0.999963820 0.002670286 -0.008071774 0.681588233 -0.002589739 0.999946833 0.009972927 -0.962661445 0.008097975 -0.009951661 0.999917686 29.795215607
0.999961853 0.002917496 -0.008236289 0.691778302 -0.002834747 0.999945521 0.010040757 -0.976954460 0.008265134 -0.010017026 0.999915659 30.349048615
0.999959469 0.003079978 -0.008461711 0.689329386 -0.002996180 0.999946535 0.009898030 -0.989955902 0.008491744 -0.009872276 0.999915183 30.827270508
0.999956131 0.003192977 -0.008809373 0.704397082 -0.003108386 0.999949098 0.009599405 -1.003085375 0.008839575 -0.009571602 0.999915063 31.366930008
0.999952078 0.003017731 -0.009314708 0.720656395 -0.002928569 0.999949992 0.009570936 -1.024145365 0.009343124 -0.009543198 0.999910772 31.888975143
0.999956369 0.003329422 -0.008726915 0.691987276 -0.003235266 0.999936640 0.010781174 -1.069833517 0.008762257 -0.010752470 0.999903798 32.346324921
0.999948204 0.003017082 -0.009714325 0.717822790 -0.002922135 0.999947965 0.009773264 -1.024960637 0.009743305 -0.009744373 0.999905050 32.990215302
0.999948263 0.002569932 -0.009842979 0.713058710 -0.002459891 0.999934554 0.011175472 -1.098203182 0.009871056 -0.011150684 0.999889076 33.422523499
0.999947369 0.003827295 -0.009520744 0.717978358 -0.003720509 0.999930263 0.011208703 -1.133115888 0.009562979 -0.011172690 0.999891877 33.920585632
0.999946237 0.002823182 -0.009984120 0.723858595 -0.002710766 0.999932945 0.011255152 -1.100133538 0.010015226 -0.011227483 0.999886811 34.546245575
0.999947190 0.004231804 -0.009371556 0.732220650 -0.004124201 0.999925673 0.011471548 -1.162608862 0.009419404 -0.011432292 0.999890327 35.007682800
0.999946117 0.003983321 -0.009587015 0.743992209 -0.003872808 0.999926150 0.011518550 -1.163797617 0.009632190 -0.011480801 0.999887705 35.554550171
0.999942541 0.004420314 -0.009764170 0.744477570 -0.004309894 0.999926865 0.011300887 -1.185307741 0.009813410 -0.011258155 0.999888480 36.064567566
0.999941587 0.004629170 -0.009763950 0.724769771 -0.004518259 0.999925315 0.011350859 -1.204277873 0.009815767 -0.011306080 0.999887824 36.653102875
0.999940813 0.004265848 -0.010004556 0.727949381 -0.004153789 0.999928713 0.011194967 -1.217550039 0.010051599 -0.011152750 0.999887228 37.195362091
0.999940634 0.004544115 -0.009906002 0.732473254 -0.004432932 0.999927223 0.011217005 -1.229657650 0.009956254 -0.011172427 0.999887943 37.739986420
0.999937594 0.004667148 -0.010149119 0.731616020 -0.004553721 0.999927282 0.011170463 -1.235583663 0.010200516 -0.011123550 0.999886036 38.282539368
0.999938428 0.004638451 -0.010083696 0.728962958 -0.004523003 0.999924302 0.011441726 -1.273199320 0.010136005 -0.011395413 0.999883711 38.917961121
0.999932349 0.005061709 -0.010467676 0.761958599 -0.004944256 0.999924839 0.011216102 -1.245190978 0.010523662 -0.011163590 0.999882281 39.378398895
0.999939561 0.004405222 -0.010073757 0.742358088 -0.004282782 0.999917090 0.012143655 -1.310640454 0.010126417 -0.012099778 0.999875546 40.007064819
0.999940932 0.004310243 -0.009980917 0.750662029 -0.004188498 0.999916911 0.012186660 -1.321798205 0.010032615 -0.012144135 0.999875903 40.576221466
0.999937713 0.005310666 -0.009810490 0.762625933 -0.005191201 0.999912679 0.012162777 -1.334478021 0.009874224 -0.012111091 0.999877930 40.976608276
0.999933004 0.005422801 -0.010233926 0.752039075 -0.005306479 0.999921381 0.011359443 -1.315240622 0.010294721 -0.011304373 0.999883115 41.637634277
0.999937713 0.004729662 -0.010109887 0.786567032 -0.004605590 0.999914229 0.012260488 -1.357870817 0.010167008 -0.012213160 0.999873757 42.072734833
0.999936223 0.004945805 -0.010153422 0.788931251 -0.004816342 0.999907315 0.012735775 -1.367007971 0.010215472 -0.012686060 0.999867380 42.612419128
0.999930978 0.005682997 -0.010278621 0.770978570 -0.005552566 0.999904215 0.012673864 -1.404524684 0.010349661 -0.012615916 0.999866843 43.067134857
0.999934196 0.005397886 -0.010119638 0.780611157 -0.005268638 0.999904692 0.012755478 -1.413065910 0.010187527 -0.012701320 0.999867439 43.617012024
0.999931037 0.005759920 -0.010245431 0.787945509 -0.005622600 0.999894679 0.013381772 -1.450099707 0.010321431 -0.013323241 0.999857962 44.112682343
0.999929607 0.006405385 -0.009985681 0.789999723 -0.006275431 0.999895871 0.012991525 -1.457220078 0.010067856 -0.012927945 0.999865711 44.665462494
0.999932826 0.005378535 -0.010266933 0.789727032 -0.005245517 0.999902546 0.012939218 -1.450854063 0.010335526 -0.012884495 0.999863565 45.200077057
0.999929249 0.005722306 -0.010422653 0.813990593 -0.005581969 0.999894023 0.013444284 -1.478499174 0.010498480 -0.013385155 0.999855280 45.717205048
0.999926686 0.005121672 -0.010972887 0.830004156 -0.004973758 0.999897003 0.013465082 -1.487717152 0.011040721 -0.013409518 0.999849141 46.229026794
0.999929786 0.004664766 -0.010890824 0.813688576 -0.004514018 0.999894261 0.013825563 -1.501437426 0.010954166 -0.013775432 0.999845028 46.738269806
0.999930799 0.004835371 -0.010724979 0.810309172 -0.004688527 0.999895513 0.013675001 -1.506806135 0.010789982 -0.013623770 0.999848962 47.262928009
0.999928534 0.004330937 -0.011147842 0.823265076 -0.004182377 0.999902606 0.013315315 -1.512457728 0.011204423 -0.013267741 0.999849200 47.808399200
0.999931037 0.004421888 -0.010878574 0.828778207 -0.004271526 0.999895513 0.013806473 -1.526940227 0.010938488 -0.013759054 0.999845505 48.327835083
0.999929726 0.004568095 -0.010939373 0.834605396 -0.004415346 0.999893010 0.013946945 -1.540515661 0.011001913 -0.013897664 0.999842882 48.832733154
0.999929786 0.005123216 -0.010676499 0.827912033 -0.004975023 0.999891639 0.013860925 -1.547247648 0.010746353 -0.013806838 0.999846876 49.369884491
0.999929428 0.004672944 -0.010916825 0.844024360 -0.004519611 0.999891400 0.014028192 -1.563311577 0.010981192 -0.013977865 0.999841928 49.872241974
0.999929786 0.004896044 -0.010792748 0.848464727 -0.004739463 0.999883831 0.014486071 -1.572697163 0.010862419 -0.014433904 0.999836802 50.417354584
0.999929309 0.005117743 -0.010732847 0.855286181 -0.004962243 0.999882996 0.014465241 -1.578314781 0.010805623 -0.014410960 0.999837697 50.945354462
0.999928594 0.004942538 -0.010880058 0.864445627 -0.004786368 0.999885798 0.014333422 -1.587324619 0.010949658 -0.014280325 0.999838054 51.485759735
0.999929786 0.005128189 -0.010674598 0.873049796 -0.004975597 0.999885738 0.014272680 -1.593866587 0.010746570 -0.014218566 0.999841154 52.011745453
0.999930382 0.005056859 -0.010655862 0.876228988 -0.004902034 0.999882758 0.014505991 -1.603469253 0.010727967 -0.014452746 0.999837995 52.550354004
0.999931872 0.005237730 -0.010437518 0.882363081 -0.005084387 0.999879539 0.014664242 -1.613341093 0.010513070 -0.014610174 0.999837995 53.099887848
0.999928415 0.005529115 -0.010604288 0.893623412 -0.005370826 0.999874592 0.014897657 -1.629880667 0.010685328 -0.014839637 0.999832809 53.592613220
0.999932528 0.005915134 -0.009991143 0.898830414 -0.005768768 0.999876559 0.014615385 -1.627537727 0.010076362 -0.014556763 0.999843240 54.190628052
0.999931574 0.005480431 -0.010334667 0.898234367 -0.005324455 0.999872327 0.015060115 -1.653355360 0.010415885 -0.015004057 0.999833167 54.642299652
0.999934316 0.005657309 -0.009970714 0.898372829 -0.005507780 0.999872863 0.014961082 -1.656247854 0.010054086 -0.014905181 0.999838352 55.190227509
0.999937892 0.005761486 -0.009545757 0.902056813 -0.005618401 0.999872446 0.014949015 -1.668531895 0.009630669 -0.014894455 0.999842644 55.744300842
0.999934435 0.005505004 -0.010043847 0.920101643 -0.005351499 0.999869466 0.015246840 -1.680087328 0.010126470 -0.015192092 0.999833286 56.221294403
0.999933660 0.006427672 -0.009556670 0.934281945 -0.006286817 0.999872267 0.014696639 -1.674512148 0.009649916 -0.014635585 0.999846280 56.842025757
0.999938071 0.005171106 -0.009847373 0.931544065 -0.005019783 0.999869823 0.015330050 -1.699918866 0.009925365 -0.015279670 0.999833941 57.270149231
0.999937415 0.005513946 -0.009731154 0.932816207 -0.005361504 0.999863565 0.015622457 -1.709253073 0.009815967 -0.015569304 0.999830604 57.816814423
0.999934435 0.005267424 -0.010167092 0.942533612 -0.005108014 0.999864638 0.015641805 -1.717314720 0.010248109 -0.015588844 0.999825895 58.325908661
0.999937952 0.005316877 -0.009788914 0.951449275 -0.005164779 0.999866545 0.015498012 -1.722872376 0.009870008 -0.015446492 0.999831975 58.907138824
0.999936700 0.005936469 -0.009563003 0.950439036 -0.005784207 0.999857366 0.015871793 -1.736138344 0.009655861 -0.015815474 0.999828279 59.400653839
0.999935448 0.005391947 -0.010003814 0.980443060 -0.005235559 0.999864697 0.015593689 -1.743646026 0.010086540 -0.015540306 0.999828339 59.860649109
0.999937356 0.005786091 -0.009591469 0.998676240 -0.005631733 0.999855518 0.016042912 -1.750536680 0.009682909 -0.015987892 0.999825299 60.472160339
0.999929845 0.005672134 -0.010397919 1.001194954 -0.005503559 0.999854088 0.016169904 -1.767521143 0.010488122 -0.016111542 0.999815166 60.945384979
0.999934316 0.005277744 -0.010172655 1.010358930 -0.005117102 0.999862790 0.015753342 -1.772227764 0.010254401 -0.015700253 0.999824166 61.492546082
0.999932110 0.006217474 -0.009858466 1.015513659 -0.006058542 0.999852538 0.016070148 -1.778354168 0.009956926 -0.016009327 0.999822319 62.077171326
0.999932706 0.004988954 -0.010471063 1.036774397 -0.004816050 0.999852657 0.016473332 -1.839647651 0.010551706 -0.016421795 0.999809444 62.475921631
0.999934912 0.005212449 -0.010156927 1.011693597 -0.005049389 0.999859035 0.016014038 -1.802104712 0.010238967 -0.015961709 0.999820113 63.218204498
0.999932766 0.005997918 -0.009913942 1.029649496 -0.005837595 0.999852955 0.016122039 -1.851626992 0.010009184 -0.016063085 0.999820888 63.569885254
0.999934733 0.005971451 -0.009738362 1.022394538 -0.005812235 0.999850333 0.016296424 -1.857958078 0.009834219 -0.016238760 0.999819756 64.119598389
0.999934912 0.006700578 -0.009236102 1.027839422 -0.006546687 0.999840856 0.016592704 -1.886241198 0.009345814 -0.016531156 0.999819696 64.554359436
0.999933302 0.005527786 -0.010135245 1.031819582 -0.005368317 0.999862432 0.015694320 -1.848645568 0.010220604 -0.015638864 0.999825478 65.339408875
0.999935150 0.006981988 -0.009005642 1.037903905 -0.006830557 0.999836564 0.016737595 -1.901007295 0.009121033 -0.016674997 0.999819338 65.647819519
0.999938607 0.006345364 -0.009089183 1.048863411 -0.006192012 0.999839723 0.016801875 -1.912306905 0.009194341 -0.016744563 0.999817550 66.178970337
0.999929368 0.007330133 -0.009354754 1.065291166 -0.007171222 0.999831438 0.016909074 -1.944152713 0.009477124 -0.016840799 0.999813199 66.664955139
0.999930263 0.007009121 -0.009499245 1.068301439 -0.006849614 0.999836683 0.016721349 -1.950605154 0.009614896 -0.016655117 0.999814987 67.235549927
0.999931097 0.006553507 -0.009737645 1.077971697 -0.006388182 0.999836564 0.016913189 -1.957361102 0.009846893 -0.016849818 0.999809444 67.786437988
0.999928653 0.007409001 -0.009365603 1.089322686 -0.007249996 0.999830902 0.016899038 -1.972099781 0.009489225 -0.016829930 0.999813259 68.316833496
0.999932885 0.006712974 -0.009438574 1.090140343 -0.006549807 0.999830306 0.017213153 -1.983444095 0.009552523 -0.017150177 0.999807298 68.821784973
0.999930561 0.007057813 -0.009437686 1.097016573 -0.006895212 0.999829054 0.017151911 -1.988684297 0.009557129 -0.017085642 0.999808371 69.365646362
0.999933720 0.006274327 -0.009652499 1.114105463 -0.006107118 0.999832392 0.017255878 -2.000332355 0.009759150 -0.017195782 0.999804556 69.903083801
0.999931514 0.006402881 -0.009793987 1.118701220 -0.006233882 0.999832809 0.017189672 -2.004516602 0.009902414 -0.017127445 0.999804258 70.429794312
0.999933183 0.006119926 -0.009809317 1.135782242 -0.005948298 0.999830365 0.017431157 -2.015476942 0.009914331 -0.017371643 0.999799967 70.975067139
0.999930918 0.007496241 -0.009045664 1.123315215 -0.007338292 0.999822199 0.017369743 -2.031738758 0.009174264 -0.017302167 0.999808133 71.493133545
0.999931276 0.007393854 -0.009096500 1.129426122 -0.007236216 0.999825120 0.017242054 -2.032645226 0.009222394 -0.017175045 0.999809980 72.042335510
0.999934196 0.007369406 -0.008782593 1.129952192 -0.007213373 0.999817848 0.017667258 -2.048451900 0.008911191 -0.017602745 0.999805272 72.567390442
0.999932468 0.008015898 -0.008411130 1.139449120 -0.007872219 0.999824882 0.016978042 -2.042167187 0.008545752 -0.016910685 0.999820411 73.146812439
0.999933541 0.007773868 -0.008508857 1.146049500 -0.007623530 0.999816656 0.017560352 -2.066220522 0.008643809 -0.017494315 0.999809623 73.607315063
0.999934435 0.007848042 -0.008331540 1.155295134 -0.007699983 0.999814391 0.017656581 -2.072823048 0.008468564 -0.017591273 0.999809384 74.143394470
0.999934793 0.007027829 -0.009000118 1.170646667 -0.006868307 0.999820828 0.017634172 -2.084188700 0.009122435 -0.017571205 0.999804020 74.652229309
0.999932349 0.007733268 -0.008689458 1.164538383 -0.007579217 0.999815941 0.017623676 -2.085642815 0.008824147 -0.017556626 0.999806881 75.211196899
0.999933481 0.007335757 -0.008895498 1.173822284 -0.007180690 0.999823868 0.017340366 -2.076504230 0.009021136 -0.017275333 0.999810100 75.751724243
0.999933004 0.007771616 -0.008570449 1.170007348 -0.007618330 0.999813080 0.017775279 -2.103963137 0.008706989 -0.017708797 0.999805272 76.284255981
0.999936104 0.007530429 -0.008433063 1.173663616 -0.007382493 0.999820650 0.017438296 -2.107061386 0.008562869 -0.017374923 0.999812305 76.839653015
0.999938250 0.007134788 -0.008523575 1.183609486 -0.006984413 0.999821723 0.017543733 -2.114024878 0.008647226 -0.017483117 0.999809742 77.376808167
0.999935389 0.007681209 -0.008374156 1.190612555 -0.007532933 0.999816775 0.017596418 -2.122248173 0.008507784 -0.017532200 0.999810100 77.920043945
0.999935985 0.007883030 -0.008106759 1.193347335 -0.007740491 0.999817491 0.017466219 -2.130970478 0.008242966 -0.017402355 0.999814510 78.462089539
0.999939382 0.008002789 -0.007565986 1.198132277 -0.007869028 0.999815106 0.017546793 -2.131467342 0.007705010 -0.017486192 0.999817431 79.023094177
0.999948621 0.007834279 -0.006435451 1.206849098 -0.007721471 0.999819279 0.017370842 -2.137032986 0.006570377 -0.017320260 0.999828339 79.575691223
0.999956667 0.007718211 -0.005208121 1.218430400 -0.007626344 0.999818921 0.017434405 -2.146399498 0.005341740 -0.017393930 0.999834418 80.128395081
0.999961257 0.008075576 -0.003504750 1.229651928 -0.008013193 0.999815345 0.017463209 -2.153828382 0.003645129 -0.017434448 0.999841332 80.679382324
0.999966502 0.008178048 0.000003559 1.248297334 -0.008176886 0.999817133 0.017283583 -2.158319473 0.000137788 -0.017283034 0.999850571 81.245513916
0.999960899 0.007888927 0.003998119 1.264154553 -0.007957334 0.999817073 0.017392660 -2.168107033 -0.003860178 -0.017423792 0.999840736 81.787315369
0.999947548 0.007767585 0.006678853 1.288216949 -0.007884166 0.999813795 0.017609758 -2.178083897 -0.006540824 -0.017661490 0.999822617 82.385627747
0.999905467 0.007834443 0.011301212 1.321157217 -0.008024212 0.999825835 0.016845414 -2.187529802 -0.011167272 -0.016934501 0.999794185 82.849800110
0.999802947 0.008493958 0.017941976 1.333078504 -0.008809438 0.999806702 0.017578086 -2.188778162 -0.017789204 -0.017732680 0.999684513 83.548522949
0.999688029 0.008400512 0.023522099 1.363706946 -0.008810777 0.999809921 0.017392725 -2.195600271 -0.023371518 -0.017594546 0.999572039 84.093566895
0.999533832 0.008338985 0.029369207 1.396260500 -0.008847564 0.999812424 0.017229553 -2.199260473 -0.029220020 -0.017481366 0.999420106 84.688156128
0.999276280 0.008338039 0.037111349 1.436381698 -0.008977256 0.999813557 0.017091129 -2.202122211 -0.036961924 -0.017411916 0.999164999 85.265899658
0.998951972 0.008289445 0.045013476 1.479517937 -0.009055333 0.999817193 0.016837455 -2.209830523 -0.044865672 -0.017227421 0.998844445 85.829261780
0.998628199 0.007772846 0.051780887 1.531025171 -0.008658458 0.999819636 0.016900739 -2.217221260 -0.051640183 -0.017325897 0.998515427 86.361709595
0.998122096 0.007924296 0.060740057 1.581657410 -0.008956092 0.999819875 0.016733706 -2.223989964 -0.060596500 -0.017246276 0.998013318 86.910469055
0.997477233 0.007566737 0.070581831 1.643705368 -0.008764195 0.999822617 0.016671307 -2.232919693 -0.070443146 -0.017247846 0.997366607 87.458015442
0.996827483 0.007306221 0.079255983 1.709878922 -0.008650636 0.999824166 0.016632881 -2.240659714 -0.079120524 -0.017265726 0.996715546 88.014579773
0.996166646 0.007166057 0.087181352 1.778120041 -0.008611736 0.999831378 0.016217647 -2.243923664 -0.087050423 -0.016906261 0.996060431 88.581848145
0.995194137 0.006936143 0.097675532 1.856293678 -0.008564354 0.999831140 0.016260197 -2.252022266 -0.097546257 -0.017018581 0.995085478 89.127319336
0.994122326 0.006243816 0.108081698 1.941611767 -0.008043329 0.999836087 0.016221633 -2.260392189 -0.107962705 -0.016995626 0.994009674 89.681259155
0.993098199 0.005887731 0.117137372 2.032571793 -0.007817918 0.999841034 0.016025351 -2.268376350 -0.117024407 -0.016830519 0.992986441 90.252944946
0.991758347 0.005863823 0.127987623 2.129226685 -0.007947152 0.999844015 0.015772989 -2.271752834 -0.127875164 -0.016660135 0.991650283 90.823211670
0.990120411 0.005734470 0.140103221 2.234919548 -0.008003496 0.999845684 0.015637308 -2.280620098 -0.139991939 -0.016604133 0.990013421 91.377708435
0.988516986 0.005403136 0.151014030 2.340022087 -0.007810776 0.999851525 0.015354516 -2.281379700 -0.150908694 -0.016357731 0.988412380 91.954910278
0.986850083 0.004982519 0.161561385 2.450060844 -0.007542863 0.999855459 0.015238022 -2.287312984 -0.161462143 -0.016256278 0.986745000 92.513282776
0.984656215 0.004593021 0.174445286 2.574244499 -0.007348581 0.999858141 0.015153497 -2.294805765 -0.174350947 -0.016202908 0.984550238 93.045196533
0.982379556 0.004343967 0.186846286 2.701994896 -0.007247692 0.999863327 0.014860403 -2.300382137 -0.186756194 -0.015952760 0.982276738 93.626548767
0.980360806 0.004070097 0.197170198 2.833248138 -0.007207215 0.999858558 0.015195760 -2.309733391 -0.197080433 -0.016318375 0.980251491 94.180198669
0.977625668 0.004024503 0.210314170 2.975124359 -0.007348842 0.999860048 0.015027403 -2.316555738 -0.210224301 -0.016236737 0.977518320 94.735595703
0.974690795 0.003041802 0.223536223 3.129409790 -0.006581985 0.999864399 0.015093802 -2.323168755 -0.223459989 -0.016183104 0.974578738 95.288688660
0.972078800 0.002861136 0.234637260 3.283926010 -0.006537033 0.999867797 0.014890018 -2.330447435 -0.234563664 -0.016008101 0.971968949 95.852317810
0.969042659 0.002840909 0.246876761 3.448366165 -0.006701749 0.999867976 0.014799883 -2.339503765 -0.246802136 -0.015996225 0.968933821 96.405517578
0.965413332 0.002550621 0.260711670 3.621908188 -0.006609435 0.999870241 0.014692651 -2.348181248 -0.260640383 -0.015907640 0.965304852 96.946502686
0.962072670 0.002068068 0.272785425 3.807167053 -0.006235625 0.999876678 0.014411730 -2.358279705 -0.272722036 -0.015566119 0.961966932 97.485023499
0.958642066 0.002351383 0.284604698 3.989175797 -0.006745513 0.999872684 0.014460228 -2.360975742 -0.284534454 -0.015781987 0.958535910 98.061965942
0.954408586 0.002291864 0.298494458 4.178012848 -0.006766748 0.999879718 0.013958899 -2.365229845 -0.298426569 -0.015342330 0.954309225 98.590019226
0.949985504 0.001803492 0.312288821 4.386316299 -0.006554310 0.999878228 0.014163901 -2.371273041 -0.312225163 -0.015502336 0.949881613 99.171447754
0.946115732 0.001528257 0.323824912 4.587463379 -0.006449040 0.999879420 0.014123267 -2.377934456 -0.323764294 -0.015450606 0.946011543 99.698448181
0.941728055 0.000791494 0.336374223 4.808826447 -0.005890212 0.999882698 0.014137761 -2.386551380 -0.336323559 -0.015295242 0.941622257 100.234115601
0.936569750 0.000767257 0.350480407 5.032936096 -0.006078108 0.999882698 0.014053300 -2.395216465 -0.350428551 -0.015292153 0.936464608 100.770240784
0.931843102 0.000216666 0.362861276 5.263780594 -0.005665970 0.999886692 0.013953416 -2.402401686 -0.362817049 -0.015058357 0.931738675 101.310958862
0.927585065 0.000162248 0.373612285 5.496974945 -0.005641766 0.999891937 0.013572853 -2.405314445 -0.373569757 -0.014697811 0.927485645 101.852401733
0.922037661 -0.000155878 0.387100160 5.742942810 -0.005570475 0.999891043 0.013671005 -2.410814524 -0.387060106 -0.014761513 0.921936333 102.383087158
0.916440487 -0.000986152 0.400169700 5.992443085 -0.004820985 0.999897182 0.013504766 -2.415297508 -0.400141835 -0.014305525 0.916341662 102.903060913
0.911652327 -0.001415488 0.410959780 6.243148804 -0.004429949 0.999902070 0.013271184 -2.424646616 -0.410938352 -0.013919235 0.911556959 103.394210815
0.904987037 -0.002014242 0.425434291 6.528617859 -0.003984962 0.999904811 0.013210946 -2.429043770 -0.425420344 -0.013651076 0.904892921 103.954078674
0.898288190 -0.002646391 0.439398885 6.803504944 -0.003566890 0.999904990 0.013314178 -2.437289715 -0.439392358 -0.013527256 0.898193359 104.454429626
0.892325044 -0.002529561 0.451386184 7.072162628 -0.003545594 0.999914169 0.012612632 -2.440327644 -0.451379329 -0.012855001 0.892239571 104.932640076
0.886793494 -0.004138866 0.462147295 7.381912231 -0.002104916 0.999913275 0.012993980 -2.450005054 -0.462161034 -0.012495757 0.886707962 105.482223511
0.879521966 -0.004528293 0.475836754 7.681861877 -0.001785863 0.999916375 0.012816623 -2.454927206 -0.475854963 -0.012122281 0.879440248 105.997077942
