1.000000000 0.000000000 0.000000000 0.000000000 0.000000000 1.000000000 0.000000000 0.000000000 0.000000000 0.000000000 1.000000000 0.000000000
1.000000000 0.000178161 0.000088789 -0.002962576 -0.000178151 1.000000000 -0.000111738 0.003099494 -0.000088809 0.000111722 1.000000000 0.004000505
1.000000000 0.000155962 0.000011683 0.000058770 -0.000155961 1.000000000 -0.000040184 0.001535900 -0.000011689 0.000040182 1.000000000 0.003320361
0.999999940 0.000277165 0.000094900 -0.000285324 -0.000277163 0.999999940 -0.000020712 0.000879118 -0.000094905 0.000020686 1.000000000 -0.002633000
1.000000000 0.000107581 -0.000038517 0.003280072 -0.000107583 1.000000000 -0.000045595 0.001296288 0.000038512 0.000045599 1.000000000 -0.001943856
1.000000000 -0.000030620 -0.000044339 0.002042117 0.000030621 1.000000000 0.000005782 0.001466552 0.000044339 -0.000005783 1.000000000 0.001307706
1.000000000 0.000063260 0.000051757 -0.001632624 -0.000063256 1.000000000 -0.000066811 0.001810279 -0.000051761 0.000066807 1.000000000 -0.000770877
1.000000000 0.000042717 0.000042222 0.000167416 -0.000042718 1.000000000 0.000022195 0.001586870 -0.000042221 -0.000022196 1.000000000 0.000279798
1.000000000 0.000095039 0.000179014 -0.004850169 -0.000095023 1.000000000 -0.000089151 0.002575635 -0.000179022 0.000089134 1.000000000 0.005238690
1.000000000 0.000132495 0.000132810 -0.003187055 -0.000132485 1.000000000 -0.000074233 0.001098005 -0.000132819 0.000074215 1.000000000 -0.001263514
1.000000000 0.000146848 0.000066874 0.000425498 -0.000146848 1.000000000 0.000000176 0.001231566 -0.000066874 -0.000000186 1.000000000 -0.001990313
1.000000000 0.000101730 0.000063005 -0.002146596 -0.000101725 1.000000000 -0.000078050 0.001749323 -0.000063013 0.000078044 1.000000000 -0.003812717
1.000000000 0.000099409 0.000124659 -0.003368353 -0.000099408 1.000000000 -0.000009617 0.001424652 -0.000124660 0.000009605 1.000000000 -0.004223844
1.000000000 -0.000086808 0.000063386 -0.001555209 0.000086806 1.000000000 0.000028657 -0.000415042 -0.000063388 -0.000028652 1.000000000 -0.000983508
1.000000000 0.000048886 0.000047779 -0.000123193 -0.000048883 1.000000000 -0.000050995 0.001308129 -0.000047781 0.000050992 1.000000000 -0.002491509
1.000000000 -0.000060630 0.000004816 0.000334782 0.000060630 1.000000000 0.000000031 0.001433491 -0.000004816 -0.000000031 1.000000000 -0.003443295
1.000000000 -0.000051073 0.000056971 -0.002799539 0.000051074 1.000000000 -0.000005018 0.000783943 -0.000056971 0.000005021 1.000000000 -0.002641156
1.000000000 -0.000003497 0.000156336 -0.003927500 0.000003489 1.000000000 0.000050405 -0.001309374 -0.000156337 -0.000050404 1.000000000 -0.003003490
1.000000000 0.000024231 -0.000023960 0.000981549 -0.000024231 1.000000000 0.000017123 0.000905243 0.000023960 -0.000017123 1.000000000 -0.005501601
1.000000000 -0.000154422 -0.000033881 -0.000044444 0.000154422 1.000000000 -0.000002114 0.000171110 0.000033881 0.000002109 1.000000000 -0.005982594
1.000000000 -0.000012102 0.000037361 0.000153773 0.000012102 1.000000000 -0.000008448 0.000406610 -0.000037361 0.000008448 1.000000000 -0.006590533
1.000000000 -0.000076711 0.000014865 0.000042989 0.000076710 1.000000000 0.000037537 -0.001141110 -0.000014868 -0.000037536 1.000000000 -0.004632611
1.000000000 0.000042499 0.000135052 -0.004437754 -0.000042482 1.000000000 -0.000121801 0.002585147 -0.000135058 0.000121795 1.000000000 0.002964876
1.000000000 -0.000006337 0.000007470 0.000768907 0.000006337 1.000000000 -0.000016272 -0.000172552 -0.000007469 0.000016272 1.000000000 -0.001690734
1.000000000 -0.000036240 0.000112377 -0.002604011 0.000036233 1.000000000 0.000064678 0.000458823 -0.000112380 -0.000064674 1.000000000 0.000121348
1.000000000 -0.000088433 -0.000099496 0.003635788 0.000088429 1.000000000 -0.000041906 0.001219817 0.000099500 0.000041898 1.000000000 -0.005868517
1.000000000 -0.000119944 0.000055625 -0.002076619 0.000119947 1.000000000 -0.000050335 0.002072883 -0.000055619 0.000050341 1.000000000 0.000049715
1.000000000 0.000142296 0.000097884 -0.002326396 -0.000142288 1.000000000 -0.000081725 0.001818630 -0.000097896 0.000081711 1.000000000 -0.002635775
1.000000000 -0.000067225 0.000059514 -0.002552603 0.000067222 1.000000000 0.000043434 0.000444828 -0.000059517 -0.000043430 1.000000000 -0.000397384
1.000000000 -0.000132617 0.000036565 -0.003299099 0.000132619 1.000000000 -0.000051526 0.003672413 -0.000036558 0.000051531 1.000000000 -0.000367436
1.000000000 -0.000086624 0.000045744 -0.003117837 0.000086626 1.000000000 -0.000042870 0.001446862 -0.000045740 0.000042873 1.000000000 -0.000577129
1.000000000 -0.000068224 0.000105657 -0.003051730 0.000068222 1.000000000 0.000016506 0.001290102 -0.000105658 -0.000016499 1.000000000 0.002553640
1.000000000 -0.000152784 -0.000008254 -0.002137182 0.000152784 1.000000000 0.000003629 0.000773953 0.000008253 -0.000003631 1.000000000 -0.002818311
1.000000000 -0.000071698 0.000024051 -0.001642075 0.000071698 1.000000000 -0.000036938 0.001996568 -0.000024048 0.000036939 1.000000000 -0.001864624
0.999999940 0.000179839 0.000167037 -0.004229958 -0.000179832 1.000000000 -0.000040176 0.001282190 -0.000167045 0.000040146 1.000000000 0.000570227
1.000000000 0.000016321 0.000106831 -0.003585368 -0.000016318 1.000000000 -0.000022641 0.001758713 -0.000106832 0.000022639 1.000000000 0.000166751
1.000000000 -0.000034214 0.000039766 -0.004019098 0.000034216 1.000000000 -0.000036832 0.002028320 -0.000039765 0.000036833 1.000000000 -0.000916743
1.000000000 -0.000081228 -0.000023775 0.000711205 0.000081226 1.000000000 -0.000075924 0.001825064 0.000023781 0.000075922 1.000000000 -0.005749326
1.000000000 -0.000103971 0.000020065 0.000124633 0.000103971 1.000000000 0.000016200 -0.000135848 -0.000020067 -0.000016198 1.000000000 -0.004443953
1.000000000 -0.000073576 0.000065762 -0.001922532 0.000073578 1.000000000 -0.000030235 0.002390652 -0.000065760 0.000030240 1.000000000 -0.000906567
1.000000000 -0.000205988 -0.000007369 0.000687043 0.000205988 1.000000000 0.000046664 -0.000158638 0.000007360 -0.000046666 1.000000000 -0.000380868
1.000000000 -0.000030141 0.000083135 0.002670697 0.000030179 0.999999881 -0.000462439 -0.005282185 -0.000083121 0.000462442 0.999999881 0.048806850
1.000000000 -0.000014776 0.000069084 0.003350803 0.000014862 0.999999225 -0.001249357 -0.002698536 -0.000069066 0.001249358 0.999999225 0.143899381
1.000000000 -0.000098397 0.000002867 0.005305387 0.000098401 0.999998987 -0.001431707 -0.010883835 -0.000002726 0.001431707 0.999998987 0.259994566
1.000000000 0.000040322 0.000190066 0.003370869 -0.000040060 0.999999046 -0.001375315 -0.014169540 -0.000190121 0.001375307 0.999999046 0.389901996
1.000000000 0.000044954 0.000083674 0.005892274 -0.000044870 0.999999464 -0.001008701 -0.023032576 -0.000083720 0.001008697 0.999999464 0.531249404
1.000000000 0.000113445 0.000115115 0.006957760 -0.000113345 0.999999642 -0.000863757 -0.032552909 -0.000115212 0.000863744 0.999999642 0.683475316
1.000000000 0.000121487 0.000131841 0.008669633 -0.000121407 0.999999821 -0.000608276 -0.038576245 -0.000131915 0.000608260 0.999999821 0.859433651
1.000000000 0.000014437 -0.000133439 0.022971170 -0.000014511 0.999999821 -0.000556250 -0.036692884 0.000133431 0.000556251 0.999999821 1.025519967
0.999999940 0.000274223 0.000219873 0.012674861 -0.000274096 0.999999821 -0.000577375 -0.040072955 -0.000220031 0.000577314 0.999999821 1.203974724
1.000000000 -0.000166497 -0.000055214 0.027290996 0.000166481 1.000000000 -0.000295390 -0.050253347 0.000055263 0.000295381 1.000000000 1.393918157
0.999999523 0.000819356 0.000493169 0.018421018 -0.000819373 0.999999642 0.000034398 -0.056284435 -0.000493141 -0.000034802 0.999999821 1.588734150
0.999999225 0.000889051 0.000821015 0.019764582 -0.000889157 0.999999583 0.000128433 -0.060746826 -0.000820900 -0.000129163 0.999999702 1.782912850
0.999999166 0.000941734 0.000853243 0.019128369 -0.000942026 0.999999523 0.000341449 -0.067426838 -0.000852921 -0.000342252 0.999999642 1.995464802
0.999999523 0.000517045 0.000737066 0.020513449 -0.000517272 0.999999762 0.000306916 -0.075901933 -0.000736907 -0.000307297 0.999999702 2.212929010
0.999999404 0.000799599 0.000759960 0.027795296 -0.000799881 0.999999583 0.000370087 -0.081910357 -0.000759664 -0.000370695 0.999999583 2.428134203
0.999999225 0.000982258 0.000774435 0.028192466 -0.000982921 0.999999166 0.000856369 -0.090953894 -0.000773593 -0.000857130 0.999999344 2.649270058
0.999999404 0.000424458 0.000999014 0.028415373 -0.000425291 0.999999583 0.000834432 -0.098804437 -0.000998659 -0.000834857 0.999999106 2.886382103
0.999999523 0.000578293 0.000727709 0.043670885 -0.000578995 0.999999344 0.000964542 -0.103253804 -0.000727150 -0.000964962 0.999999285 3.122885704
0.999999344 0.000816799 0.000956524 0.040940307 -0.000817374 0.999999583 0.000599910 -0.111148223 -0.000956033 -0.000600691 0.999999344 3.364530563
0.999999344 0.000647343 0.000860201 0.049041584 -0.000647756 0.999999702 0.000479909 -0.113403797 -0.000859891 -0.000480466 0.999999464 3.619805813
0.999999464 0.000678148 0.000789488 0.055873711 -0.000678705 0.999999642 0.000706166 -0.122249514 -0.000789009 -0.000706701 0.999999404 3.875244379
0.999999464 0.000593860 0.000866090 0.059272759 -0.000594315 0.999999702 0.000524534 -0.128024727 -0.000865778 -0.000525049 0.999999464 4.140391350
0.999999344 0.000742900 0.000919185 0.066197045 -0.000743502 0.999999523 0.000654185 -0.135085091 -0.000918699 -0.000654868 0.999999344 4.388294697
0.999999523 0.000592784 0.000771564 0.072487414 -0.000593559 0.999999344 0.001005403 -0.143850505 -0.000770968 -0.001005861 0.999999225 4.660470963
0.999999583 0.000305756 0.000887514 0.077773824 -0.000306693 0.999999404 0.001055448 -0.152815104 -0.000887191 -0.001055719 0.999999046 4.916310787
0.999999344 0.000487733 0.001010287 0.084699377 -0.000488635 0.999999523 0.000892276 -0.157169566 -0.001009851 -0.000892769 0.999999106 5.177883148
0.999999285 0.000759506 0.000897158 0.090036012 -0.000760714 0.999998927 0.001347575 -0.173892885 -0.000896133 -0.001348257 0.999998689 5.440207005
0.999999285 0.000670084 0.001013127 0.092287973 -0.000671359 0.999998987 0.001257993 -0.182839766 -0.001012283 -0.001258672 0.999998689 5.701804161
0.999999404 0.000525069 0.000976162 0.100598410 -0.000526212 0.999999166 0.001171097 -0.190119803 -0.000975546 -0.001171610 0.999998868 5.962886333
0.999999642 -0.000061442 0.000871918 0.107594237 0.000060284 0.999999106 0.001327983 -0.202625632 -0.000871999 -0.001327930 0.999998808 6.221226692
0.999999523 0.000177473 0.000983972 0.115263872 -0.000178819 0.999999046 0.001368071 -0.210203379 -0.000983728 -0.001368246 0.999998629 6.514574528
0.999999523 0.000009324 0.000978907 0.113968670 -0.000010629 0.999999106 0.001332340 -0.219422668 -0.000978893 -0.001332349 0.999998629 6.825838566
0.999999344 -0.000575677 0.000971085 0.121933721 0.000574331 0.999998868 0.001385673 -0.226352677 -0.000971881 -0.001385114 0.999998569 7.124258995
0.999999225 0.000547737 0.001141802 0.126767680 -0.000549253 0.999998927 0.001327705 -0.238447651 -0.001141074 -0.001328331 0.999998391 7.418057442
0.999999106 0.000614961 0.001183874 0.140418440 -0.000616510 0.999998927 0.001308272 -0.251361817 -0.001183068 -0.001309001 0.999998450 7.713511467
0.999999344 0.000273588 0.001054794 0.149934486 -0.000275215 0.999998748 0.001542600 -0.259753197 -0.001054371 -0.001542890 0.999998212 8.044688225
0.999999464 0.000554263 0.000801793 0.160317287 -0.000555389 0.999998868 0.001404582 -0.269864559 -0.000801014 -0.001405027 0.999998689 8.356545448
0.999999106 0.000679760 0.001144585 0.166079164 -0.000681601 0.999998450 0.001609105 -0.282002419 -0.001143489 -0.001609884 0.999998033 8.701020241
0.999999046 0.000588516 0.001183653 0.169032186 -0.000590697 0.999998093 0.001843104 -0.291805416 -0.001182566 -0.001843801 0.999997616 9.039253235
0.999998868 0.000554514 0.001418276 0.173372090 -0.000556676 0.999998629 0.001524866 -0.295727789 -0.001417428 -0.001525654 0.999997795 9.383889198
0.999999106 0.000263070 0.001293015 0.181109995 -0.000265309 0.999998391 0.001731818 -0.312075406 -0.001292557 -0.001732160 0.999997675 9.710644722
0.999999285 0.000134838 0.001178742 0.190099850 -0.000136997 0.999998271 0.001832451 -0.325082451 -0.001178493 -0.001832611 0.999997616 10.052712440
0.999998868 0.000445562 0.001431453 0.198621407 -0.000447798 0.999998689 0.001562199 -0.334685475 -0.001430755 -0.001562838 0.999997735 10.412541389
0.999998569 0.000964754 0.001365854 0.211114839 -0.000967447 0.999997616 0.001972337 -0.350193381 -0.001363948 -0.001973656 0.999997079 10.750348091
0.999999046 0.000621295 0.001240336 0.221570387 -0.000623786 0.999997795 0.002008807 -0.354250133 -0.001239085 -0.002009579 0.999997199 11.154539108
0.999998510 0.000771266 0.001484672 0.225177020 -0.000774401 0.999997437 0.002111987 -0.365118146 -0.001483039 -0.002113134 0.999996603 11.540022850
0.999998629 0.000657730 0.001512396 0.236752808 -0.000660998 0.999997437 0.002161370 -0.378631532 -0.001510970 -0.002162366 0.999996543 11.909296989
0.999999166 0.000149199 0.001320954 0.248975784 -0.000152089 0.999997675 0.002188117 -0.386568993 -0.001320624 -0.002188317 0.999996722 12.291416168
0.999998748 0.000367647 0.001535202 0.255054176 -0.000371366 0.999997020 0.002422925 -0.407605380 -0.001534306 -0.002423492 0.999995887 12.676254272
0.999997795 0.000908283 0.001882077 0.263247699 -0.000912894 0.999996543 0.002450614 -0.411413282 -0.001879844 -0.002452327 0.999995232 13.082957268
0.999998987 -0.000055247 0.001405648 0.278263986 0.000051707 0.999996841 0.002518413 -0.440960616 -0.001405783 -0.002518338 0.999995828 13.475790977
0.999998331 0.000215518 0.001822947 0.282770962 -0.000220462 0.999996364 0.002712211 -0.453795433 -0.001822356 -0.002712609 0.999994636 13.891169548
0.999996901 0.001113572 0.002215282 0.288404942 -0.001120296 0.999994755 0.003036317 -0.465329438 -0.002211889 -0.003038789 0.999992907 14.302876472
0.999998093 0.000317984 0.001880880 0.302913189 -0.000323596 0.999995589 0.002984257 -0.489731640 -0.001879922 -0.002984860 0.999993801 14.731024742
0.999997497 0.000511854 0.002168016 0.317315042 -0.000517949 0.999995947 0.002811885 -0.504247367 -0.002166568 -0.002813001 0.999993742 15.137258530
0.999997616 0.000135686 0.002151022 0.325636685 -0.000142212 0.999995410 0.003034095 -0.514064431 -0.002150601 -0.003034394 0.999993086 15.569071770
0.999995828 0.000564316 0.002836865 0.343012959 -0.000574434 0.999993443 0.003567368 -0.539499819 -0.002834833 -0.003568982 0.999989569 15.993168831
0.999996305 -0.000205644 0.002713336 0.358807147 0.000195182 0.999992490 0.003855471 -0.551127374 -0.002714109 -0.003854928 0.999988854 16.437433243
0.999995947 0.000341311 0.002841786 0.369239450 -0.000351536 0.999993443 0.003598252 -0.561543882 -0.002840539 -0.003599236 0.999989450 16.880683899
0.999993682 0.000601640 0.003499286 0.377508789 -0.000615802 0.999991536 0.004047346 -0.584240675 -0.003496821 -0.004049475 0.999985695 17.315425873
0.999993205 0.000834879 0.003577360 0.387869745 -0.000849623 0.999991119 0.004122160 -0.596606374 -0.003573887 -0.004125171 0.999985099 17.785827637
0.999991775 0.000592640 0.003994515 0.394364178 -0.000609366 0.999991000 0.004187512 -0.614826322 -0.003991996 -0.004189912 0.999983191 18.220817566
0.999990284 0.000474605 0.004379993 0.404683769 -0.000492320 0.999991655 0.004044291 -0.620671034 -0.004378037 -0.004046408 0.999982178 18.703903198
0.999990880 0.000034318 0.004257526 0.421970665 -0.000051285 0.999992013 0.003985278 -0.637605488 -0.004257355 -0.003985460 0.999983013 19.153421402
0.999992549 0.000129838 0.003850570 0.445222616 -0.000146794 0.999990284 0.004403583 -0.658938468 -0.003849960 -0.004404115 0.999982834 19.616909027
0.999989808 0.000676765 0.004445792 0.446883827 -0.000696756 0.999989629 0.004496589 -0.660101175 -0.004442703 -0.004499641 0.999980032 20.102596283
0.999991953 0.000123354 0.003992312 0.465959489 -0.000140682 0.999990582 0.004340144 -0.674991012 -0.003991738 -0.004340671 0.999982655 20.580600739
0.999992132 0.000077425 0.003966513 0.463056564 -0.000096197 0.999988794 0.004732688 -0.699914813 -0.003966101 -0.004733033 0.999980927 21.097373962
0.999995232 -0.000237893 0.003081520 0.474394888 0.000223450 0.999989033 0.004686523 -0.703136384 -0.003082601 -0.004685812 0.999984264 21.611589432
0.999997318 -0.000265453 0.002278293 0.494526029 0.000254525 0.999988496 0.004795750 -0.720315099 -0.002279540 -0.004795157 0.999985874 22.097805023
0.999995112 0.000296353 0.003113365 0.496400505 -0.000314191 0.999983549 0.005730457 -0.753177524 -0.003111616 -0.005731408 0.999978721 22.574260712
0.999995887 0.000569591 0.002799873 0.497551113 -0.000586365 0.999981940 0.005993989 -0.767181456 -0.002796408 -0.005995607 0.999978125 23.085536957
0.999998391 -0.000286972 0.001743038 0.516546249 0.000277165 0.999984145 0.005623896 -0.781032145 -0.001744624 -0.005623404 0.999982655 23.606744766
0.999998927 -0.001040588 0.001034327 0.529058218 0.001035116 0.999985516 0.005276903 -0.788794279 -0.001039803 -0.005275826 0.999985516 24.116121292
0.999999940 -0.000573600 0.000154292 0.544178009 0.000572757 0.999985158 0.005410422 -0.800005853 -0.000157393 -0.005410333 0.999985278 24.635210037
0.999999881 0.000405510 -0.000247992 0.550576866 -0.000404184 0.999985754 0.005322498 -0.810351491 0.000250147 -0.005322397 0.999985814 25.164348602
0.999999225 -0.000120786 -0.001188661 0.560968637 0.000127019 0.999986231 0.005244575 -0.819676161 0.001188011 -0.005244723 0.999985516 25.691093445
0.999999166 0.000326140 -0.001361119 0.571013927 -0.000319162 0.999986827 0.005123926 -0.832751870 0.001362773 -0.005123487 0.999985874 26.225564957
0.999998689 -0.000126011 -0.001624772 0.576950908 0.000135171 0.999984026 0.005638813 -0.840572000 0.001624036 -0.005639025 0.999982774 26.774318695
0.999997914 -0.000230814 -0.002079893 0.589348972 0.000242747 0.999983490 0.005738635 -0.857560754 0.002078535 -0.005739127 0.999981344 27.299236298
0.999997377 0.000525188 -0.002242016 0.600488722 -0.000512154 0.999982953 0.005810044 -0.878080189 0.002245029 -0.005808881 0.999980628 27.827894211
0.999995708 0.000195097 -0.002921485 0.612567306 -0.000177759 0.999982297 0.005933700 -0.888820291 0.002922591 -0.005933155 0.999978125 28.356605530
0.999993801 -0.000208839 -0.003506643 0.626881719 0.000230477 0.999980867 0.006171443 -0.906289816 0.003505287 -0.006172213 0.999974787 28.894325256
0.999992430 -0.000240563 -0.003882837 0.635750830 0.000264214 0.999981403 0.006091798 -0.918007612 0.003881299 -0.006092778 0.999973834 29.437555313
0.999991894 0.000507353 -0.003999902 0.640623629 -0.000482300 0.999980271 0.006261932 -0.932095230 0.004003000 -0.006259954 0.999972343 29.952028275
0.999990225 0.000149706 -0.004424884 0.652675450 -0.000122801 0.999981523 0.006079898 -0.944934249 0.004425713 -0.006079296 0.999971688 30.492864609
0.999990404 0.000188626 -0.004408292 0.662747979 -0.000161274 0.999980748 0.006204025 -0.956627607 0.004409378 -0.006203254 0.999971032 31.030231476
0.999989331 0.000309074 -0.004613936 0.664779663 -0.000279356 0.999979198 0.006440112 -0.977885485 0.004615832 -0.006438755 0.999968588 31.565607071
0.999989033 -0.000023947 -0.004686891 0.673804760 0.000054360 0.999979019 0.006488876 -0.993621707 0.004686637 -0.006489060 0.999967933 32.114990234
0.999987066 0.000236854 -0.005084820 0.679914415 -0.000205744 0.999981284 0.006117718 -0.993484557 0.005086174 -0.006116591 0.999968350 32.615295410
0.999990463 0.000020711 -0.004380526 0.677661002 0.000010795 0.999974191 0.007192185 -1.020365000 0.004380562 -0.007192164 0.999964535 33.188938141
0.999987841 0.000541944 -0.004903207 0.668895006 -0.000509991 0.999978662 0.006515691 -1.034549356 0.004906634 -0.006513112 0.999966681 33.667331696
0.999987364 0.000643966 -0.004987493 0.672673762 -0.000609701 0.999976218 0.006868801 -1.053759098 0.004991798 -0.006865673 0.999963939 34.217632294
0.999987006 0.000300336 -0.005082667 0.673651934 -0.000268445 0.999980271 0.006274102 -1.054957986 0.005084450 -0.006272657 0.999967396 34.722202301
0.999984682 0.000428230 -0.005522269 0.691633224 -0.000393753 0.999980450 0.006242733 -1.062275767 0.005524835 -0.006240462 0.999965250 35.240570068
0.999984682 0.000452092 -0.005506254 0.694596648 -0.000415065 0.999977350 0.006723896 -1.083771944 0.005509169 -0.006721508 0.999962270 35.786369324
0.999986112 0.000449111 -0.005248367 0.692739367 -0.000411872 0.999974847 0.007094437 -1.103348255 0.005251420 -0.007092176 0.999961078 36.305980682
0.999988258 0.001310015 -0.004681849 0.672808051 -0.001281198 0.999980211 0.006152891 -1.103323460 0.004689817 -0.006146819 0.999970078 36.809947968
0.999982774 -0.000803724 -0.005812823 0.704799414 0.000847314 0.999971449 0.007500383 -1.132974863 0.005806629 -0.007505178 0.999954939 37.358325958
0.999984264 0.000289498 -0.005608045 0.716022611 -0.000249385 0.999974430 0.007152061 -1.137476087 0.005609971 -0.007150549 0.999958754 37.869705200
0.999979615 -0.000390910 -0.006371649 0.717037439 0.000435733 0.999975204 0.007034887 -1.158115506 0.006368741 -0.007037519 0.999954939 38.366439819
0.999981225 -0.000146090 -0.006122264 0.719839334 0.000188604 0.999975920 0.006944124 -1.149750829 0.006121102 -0.006945148 0.999957144 38.908592224
0.999975681 -0.000830650 -0.006920699 0.781640410 0.000881531 0.999972582 0.007352251 -1.188362718 0.006914403 -0.007358174 0.999949038 39.469142914
0.999974430 -0.000313482 -0.007133926 0.794492960 0.000362012 0.999976873 0.006802444 -1.198300481 0.007131628 -0.006804854 0.999951422 40.010189056
0.999974370 -0.000565284 -0.007131370 0.800705135 0.000615722 0.999974787 0.007072587 -1.212425709 0.007127192 -0.007076799 0.999949574 40.517395020
0.999972939 -0.000855734 -0.007308886 0.799380124 0.000907226 0.999974787 0.007044769 -1.222310543 0.007302673 -0.007051210 0.999948442 41.056316376
0.999968469 -0.001083609 -0.007868249 0.813634157 0.001138083 0.999975383 0.006922141 -1.230357647 0.007860554 -0.006930877 0.999945104 41.599285126
0.999973297 -0.000467613 -0.007295138 0.814832807 0.000518943 0.999975085 0.007035948 -1.245244026 0.007291669 -0.007039546 0.999948621 42.104976654
0.999971867 -0.000788341 -0.007457871 0.825396419 0.000842706 0.999972999 0.007289317 -1.260745049 0.007451923 -0.007295397 0.999945641 42.645988464
0.999975324 -0.000209021 -0.007022229 0.825249672 0.000256461 0.999977171 0.006755486 -1.264039755 0.007020658 -0.006757121 0.999952495 43.178886414
0.999972880 -0.000882720 -0.007309071 0.835829675 0.000934522 0.999974430 0.007087104 -1.278354883 0.007302631 -0.007093742 0.999948144 43.698783875
0.999971628 -0.000737127 -0.007495689 0.846657634 0.000787603 0.999976933 0.006733130 -1.286076665 0.007490556 -0.006738844 0.999949157 44.237865448
0.999970019 -0.000913411 -0.007683977 0.859841347 0.000964733 0.999977231 0.006678160 -1.299631953 0.007677702 -0.006685374 0.999948204 44.767765045
0.999970913 -0.001014660 -0.007551119 0.863744915 0.001066282 0.999976218 0.006835406 -1.312001824 0.007544004 -0.006843260 0.999948144 45.292922974
0.999971330 -0.000634042 -0.007539199 0.871005118 0.000684271 0.999977529 0.006661652 -1.324060202 0.007534806 -0.006666619 0.999949396 45.829662323
0.999968767 -0.000784036 -0.007856630 0.875515997 0.000837000 0.999976873 0.006740203 -1.340419292 0.007851165 -0.006746568 0.999946415 46.390899658
0.999968112 -0.000849031 -0.007941489 0.884597421 0.000905573 0.999974251 0.007118990 -1.348190546 0.007935242 -0.007125956 0.999943137 46.885723114
0.999971092 -0.000365061 -0.007591075 0.897476673 0.000418540 0.999975145 0.007044643 -1.355852842 0.007588315 -0.007047616 0.999946415 47.462593079
0.999969304 -0.000722600 -0.007797686 0.900306106 0.000777248 0.999975145 0.007007590 -1.371759772 0.007792430 -0.007013435 0.999945045 47.946620941
0.999965131 -0.000919360 -0.008298921 0.915410459 0.000980044 0.999972820 0.007311184 -1.386389494 0.008291973 -0.007319063 0.999938786 48.478378296
0.999967754 -0.000835344 -0.007989490 0.922650099 0.000891984 0.999974489 0.007088465 -1.398780227 0.007983366 -0.007095363 0.999942899 49.015537262
0.999966443 -0.000712405 -0.008158364 0.928846836 0.000767580 0.999976873 0.006761867 -1.402790070 0.008153358 -0.006767903 0.999943793 49.535289764
0.999967456 -0.000668261 -0.008031129 0.931814611 0.000723165 0.999976397 0.006835395 -1.420359612 0.008026374 -0.006840981 0.999944329 50.071819305
0.999967039 -0.000717002 -0.008090941 0.940479875 0.000773421 0.999975383 0.006972110 -1.427509546 0.008085744 -0.006978138 0.999942958 50.597805023
0.999968112 -0.000461613 -0.007965144 0.937974870 0.000517243 0.999975502 0.006983593 -1.437990904 0.007961726 -0.006987491 0.999943912 51.130817413
0.999965906 -0.000537477 -0.008233334 0.952131987 0.000597182 0.999973536 0.007250935 -1.460530877 0.008229220 -0.007255604 0.999939799 51.650211334
0.999972224 -0.000040913 -0.007443498 0.959543943 0.000094852 0.999973774 0.007246259 -1.470946550 0.007443008 -0.007246764 0.999945998 52.185874939
0.999970853 -0.000391979 -0.007643886 0.951045573 0.000444626 0.999976158 0.006886899 -1.483268499 0.007641006 -0.006890096 0.999947071 52.702041626
0.999971926 -0.000040327 -0.007490774 0.970444977 0.000093729 0.999974608 0.007128860 -1.499705315 0.007490296 -0.007129361 0.999946475 53.226070404
0.999976575 0.000521757 -0.006843570 0.913623214 -0.000472106 0.999973536 0.007254639 -1.521141052 0.006847176 -0.007251236 0.999950290 53.734455109
0.999973476 0.000109237 -0.007283356 0.957029641 -0.000055413 0.999972701 0.007389891 -1.543772817 0.007283966 -0.007389291 0.999946177 54.301425934
0.999972761 0.000520129 -0.007374363 0.955862045 -0.000465434 0.999972403 0.007416653 -1.552679539 0.007378016 -0.007413018 0.999945283 54.824375153
0.999970436 0.000095263 -0.007685771 0.966557980 -0.000038394 0.999972641 0.007399051 -1.567766190 0.007686266 -0.007398537 0.999943137 55.389759064
0.999971211 -0.000115341 -0.007583887 0.968430817 0.000172232 0.999971867 0.007501355 -1.575637221 0.007582808 -0.007502445 0.999943137 55.841705322
0.999972701 0.000055268 -0.007392086 0.993753076 0.000001529 0.999970496 0.007683303 -1.589475155 0.007392291 -0.007683105 0.999943137 56.289772034
0.999972403 0.000088959 -0.007432441 0.991964161 -0.000032238 0.999970853 0.007631209 -1.595666528 0.007432902 -0.007630758 0.999943256 56.960197449
0.999972701 -0.000257409 -0.007376802 1.004818082 0.000314631 0.999969780 0.007756956 -1.618448973 0.007374585 -0.007759067 0.999942720 57.330043793
0.999973714 0.000067935 -0.007253802 1.009766459 -0.000012980 0.999971330 0.007575904 -1.627009034 0.007254109 -0.007575610 0.999944985 57.852264404
0.999975383 -0.000147553 -0.007015793 1.012980938 0.000200130 0.999971926 0.007493945 -1.635639906 0.007014490 -0.007495166 0.999947309 58.369979858
0.999976277 -0.000149726 -0.006886322 1.022834182 0.000204026 0.999968946 0.007885231 -1.653711200 0.006884928 -0.007886449 0.999945164 58.906879425
0.999973416 -0.000193897 -0.007291721 1.039542198 0.000253288 0.999966919 0.008144971 -1.667693377 0.007289901 -0.008146601 0.999940217 59.419841766
0.999975979 -0.000097078 -0.006927003 1.060694337 0.000153124 0.999967277 0.008090856 -1.681675434 0.006925990 -0.008091723 0.999943256 59.994789124
0.999974310 0.000365067 -0.007159309 1.079207182 -0.000307271 0.999967337 0.008072320 -1.695455790 0.007162023 -0.008069911 0.999941766 60.492893219
0.999972045 0.000061964 -0.007469821 1.107709646 -0.000000024 0.999965668 0.008291713 -1.729280710 0.007470077 -0.008291480 0.999937713 61.029575348
0.999972820 0.000392803 -0.007365775 1.127664089 -0.000332736 0.999966741 0.008154321 -1.712690473 0.007368733 -0.008151648 0.999939620 61.459960938
0.999969363 0.000755211 -0.007790545 1.147253275 -0.000692108 0.999966919 0.008099375 -1.712755203 0.007796406 -0.008093734 0.999936819 61.973499298
0.999958336 -0.001481581 -0.009008981 1.108546019 0.001553012 0.999967396 0.007927036 -1.740646005 0.008996944 -0.007940696 0.999927998 62.447639465
0.999970138 -0.000174428 -0.007726951 1.123580694 0.000245513 0.999957681 0.009199519 -1.785787940 0.007725020 -0.009201140 0.999927819 63.001380920
0.999965966 -0.000013232 -0.008253999 1.156920552 0.000086206 0.999960959 0.008840716 -1.752048373 0.008253559 -0.008841124 0.999926805 63.594257355
0.999972463 0.000502312 -0.007394772 1.165158033 -0.000438056 0.999962270 0.008688368 -1.776317835 0.007398856 -0.008684890 0.999934852 63.914241791
0.999970078 0.000328370 -0.007718367 1.181676030 -0.000259955 0.999960721 0.008863309 -1.789390087 0.007720973 -0.008861040 0.999930859 64.449333191
0.999964237 -0.000649872 -0.008434287 1.192824841 0.000729732 0.999954939 0.009468858 -1.805933833 0.008427754 -0.009474674 0.999919534 64.961776733
0.999972939 0.000721458 -0.007319904 1.198306561 -0.000655301 0.999958932 0.009036333 -1.833213329 0.007326121 -0.009031294 0.999932408 65.428939819
0.999975026 0.001195882 -0.006968659 1.187995672 -0.001132571 0.999958158 0.009081925 -1.826130152 0.006979229 -0.009073806 0.999934435 66.089294434
0.999972343 0.001002742 -0.007367387 1.243914366 -0.000937535 0.999960363 0.008848902 -1.850617886 0.007375971 -0.008841749 0.999933720 66.454895020
0.999972343 0.001269841 -0.007328947 1.259823799 -0.001203049 0.999957740 0.009110706 -1.872924805 0.007340207 -0.009101638 0.999931633 66.980354309
0.999970615 0.001259287 -0.007561749 1.257477880 -0.001187474 0.999954164 0.009493775 -1.883907557 0.007573360 -0.009484516 0.999926329 67.527648926
0.999970198 0.000437343 -0.007696380 1.284345150 -0.000368287 0.999959707 0.008971664 -1.876686811 0.007699996 -0.008968564 0.999930084 67.916305542
0.999971271 0.000742807 -0.007542495 1.295857549 -0.000673639 0.999957740 0.009168946 -1.891435623 0.007548987 -0.009163603 0.999929547 68.409408569
0.999966085 0.000042580 -0.008236296 1.303461313 0.000030482 0.999960661 0.008870431 -1.898980141 0.008236350 -0.008870382 0.999926805 68.942977905
0.999969661 0.000368729 -0.007782103 1.313028336 -0.000296071 0.999956310 0.009335656 -1.920017719 0.007785208 -0.009333068 0.999926090 69.418663025
0.999969363 0.000494281 -0.007800861 1.331212044 -0.000418846 0.999953091 0.009668699 -1.942336440 0.007805277 -0.009665135 0.999922752 69.906318665
0.999966979 0.000229348 -0.008121075 1.338378906 -0.000152470 0.999955177 0.009465830 -1.954518795 0.008122883 -0.009464282 0.999922216 70.447227478
0.999966562 0.000650319 -0.008147047 1.354130983 -0.000575124 0.999957323 0.009228763 -1.966850400 0.008152703 -0.009223769 0.999924183 70.984512329
0.999966502 0.000475140 -0.008173151 1.357118487 -0.000396691 0.999953866 0.009597284 -1.978124738 0.008177332 -0.009593722 0.999920547 71.474540710
0.999964952 0.000106678 -0.008368298 1.369020700 -0.000025486 0.999952912 0.009701836 -1.991074920 0.008368938 -0.009701285 0.999917865 72.013069153
0.999966979 -0.000110408 -0.008120184 1.376631379 0.000191480 0.999950051 0.009983874 -2.006985664 0.008118677 -0.009985100 0.999917150 72.562728882
0.999967396 0.000111439 -0.008071533 1.370320797 -0.000033457 0.999953330 0.009660793 -2.008887053 0.008072235 -0.009660208 0.999920785 73.069755554
0.999966085 -0.000234474 -0.008230116 1.388468504 0.000314159 0.999953091 0.009682218 -2.021975279 0.008227459 -0.009684476 0.999919176 73.578681946
0.999965668 -0.000119980 -0.008282681 1.402189732 0.000198655 0.999954879 0.009498609 -2.029131413 0.008281167 -0.009499929 0.999920547 74.110282898
0.999969423 0.000094725 -0.007834642 1.407962084 -0.000015654 0.999949098 0.010091893 -2.058091879 0.007835200 -0.010091462 0.999918401 74.642272949
0.999965787 -0.000126744 -0.008258235 1.424932957 0.000208748 0.999950767 0.009929808 -2.060507536 0.008256570 -0.009931195 0.999916553 75.199035645
0.999970317 0.000685650 -0.007676790 1.420105100 -0.000606782 0.999947011 0.010271217 -2.082263470 0.007683426 -0.010266257 0.999917805 75.721565247
0.999969363 0.000828930 -0.007783968 1.435317993 -0.000752256 0.999951243 0.009847946 -2.095291138 0.007791752 -0.009841789 0.999921203 76.276176453
0.999967754 0.000507380 -0.008019380 1.446951985 -0.000426331 0.999948919 0.010105097 -2.105335712 0.008024098 -0.010101352 0.999916792 76.814903259
0.999966800 0.000510958 -0.008124877 1.449500322 -0.000429516 0.999949694 0.010022421 -2.115338802 0.008129591 -0.010018601 0.999916732 77.350151062
0.999972045 0.000856378 -0.007429081 1.445457458 -0.000780492 0.999947548 0.010211626 -2.127559662 0.007437437 -0.010205543 0.999920189 77.904846191
0.999980092 0.000952345 -0.006227583 1.461044312 -0.000889222 0.999948263 0.010130937 -2.136047840 0.006236908 -0.010125199 0.999929249 78.439659119
0.999987841 0.000802547 -0.004863061 1.468101501 -0.000752420 0.999946654 0.010300734 -2.156674385 0.004871069 -0.010296952 0.999935150 78.988754272
0.999992371 0.001753054 -0.003488128 1.478905320 -0.001716824 0.999944806 0.010362664 -2.174124241 0.003506102 -0.010356596 0.999940157 79.518669128
0.999996245 0.000825065 -0.002605252 1.488186479 -0.000796965 0.999941707 0.010768574 -2.184873819 0.002613984 -0.010766459 0.999938548 80.070571899
0.999998093 0.001618108 0.001104115 1.501919389 -0.001630417 0.999935508 0.011239328 -2.202738762 -0.001085857 -0.011241107 0.999936163 80.612480164
0.999990344 0.001632200 0.004075690 1.528698206 -0.001676948 0.999938071 0.010999933 -2.217173576 -0.004057483 -0.011006662 0.999931216 81.167213440
0.999977648 0.001593003 0.006491458 1.556848526 -0.001663414 0.999939680 0.010855925 -2.224316120 -0.006473771 -0.010866482 0.999919951 81.649040222
0.999942780 0.000736510 0.010674423 1.578903437 -0.000844447 0.999948502 0.010110833 -2.218594313 -0.010666425 -0.010119268 0.999891937 82.247596741
0.999844313 0.003113580 0.017370811 1.601667166 -0.003307420 0.999932468 0.011141418 -2.258073092 -0.017334949 -0.011197136 0.999787092 82.776840210
0.999753058 0.000896258 0.022204436 1.662104726 -0.001121672 0.999947965 0.010141348 -2.230428934 -0.022194188 -0.010163752 0.999701977 83.308578491
0.999564409 0.001264079 0.029484840 1.609926939 -0.001555255 0.999950349 0.009854590 -2.240313292 -0.029470911 -0.009896155 0.999516666 84.018791199
0.999300838 0.001201791 0.037368320 1.656735659 -0.001587454 0.999945700 0.010292640 -2.258021355 -0.037353933 -0.010344765 0.999248564 84.565452576
0.998944938 0.001524078 0.045898940 1.702256680 -0.001975366 0.999950171 0.009788445 -2.265891075 -0.045881726 -0.009868783 0.998898149 85.118804932
0.998592734 0.000948874 0.053024139 1.744491339 -0.001458448 0.999953032 0.009572356 -2.271263599 -0.053012572 -0.009636220 0.998547316 85.669204712
0.998090506 0.000834505 0.061764281 1.798696280 -0.001399068 0.999957621 0.009097929 -2.275960922 -0.061754085 -0.009166971 0.998049319 86.230026245
0.997416496 0.000463824 0.071833983 1.859978199 -0.001122263 0.999957740 0.009126035 -2.289813995 -0.071826696 -0.009183072 0.997374833 86.775199890
0.996713281 0.000226862 0.081009105 1.914885044 -0.000949794 0.999960065 0.008885659 -2.293517113 -0.081003875 -0.008933398 0.996673703 87.337364197
0.996010780 0.000517377 0.089231417 1.987289429 -0.001344850 0.999956667 0.009213473 -2.316911221 -0.089222789 -0.009296720 0.995968401 87.858619690
0.995039403 0.000256395 0.099481098 2.070252419 -0.001173273 0.999957323 0.009158212 -2.327388048 -0.099474490 -0.009229497 0.994997323 88.396125793
0.993917942 0.000217053 0.110122882 2.159451962 -0.001247353 0.999956012 0.009287108 -2.335740566 -0.110116035 -0.009367982 0.993874609 88.960502625
0.992862940 -0.000144862 0.119260967 2.243066788 -0.000947969 0.999958038 0.009106575 -2.351010561 -0.119257286 -0.009154635 0.992821157 89.520980835
0.991420150 0.000452008 0.130712897 2.334877968 -0.001686255 0.999955058 0.009331900 -2.360406637 -0.130702779 -0.009472248 0.991376340 90.088035583
0.989735067 0.000530855 0.142913103 2.435359001 -0.001867340 0.999955714 0.009217767 -2.371423721 -0.142901912 -0.009390014 0.989692271 90.645851135
0.988107979 0.000201477 0.153761491 2.548534393 -0.001595478 0.999958754 0.008942653 -2.385767698 -0.153753370 -0.009081630 0.988067508 91.210014343
0.986593783 -0.000275672 0.163194939 2.658867836 -0.001187009 0.999960005 0.008865199 -2.390703201 -0.163190871 -0.008940065 0.986553967 91.772903442
0.984568715 -0.000991713 0.174995542 2.778993607 -0.000504218 0.999963641 0.008503727 -2.398935318 -0.174997628 -0.008460740 0.984532475 92.322692871
0.982248187 -0.000948568 0.187584355 2.911241531 -0.000619046 0.999965370 0.008298093 -2.410759449 -0.187585741 -0.008266908 0.982213557 92.866676331
0.980177104 -0.001346560 0.198118657 3.044324875 -0.000304260 0.999965429 0.008301803 -2.421370268 -0.198122993 -0.008197517 0.980142891 93.411705017
0.977393687 -0.001202369 0.211423799 3.190858841 -0.000576261 0.999964893 0.008350816 -2.438762426 -0.211426422 -0.008283869 0.977358818 93.949165344
0.974377453 -0.001619675 0.224913344 3.343029022 -0.000365959 0.999961317 0.008786472 -2.447885752 -0.224918872 -0.008643649 0.974339128 94.496879578
0.971702814 -0.002047055 0.236198038 3.497053146 0.000015425 0.999962986 0.008602911 -2.464133263 -0.236206919 -0.008355829 0.971666813 95.024261475
0.968533278 -0.002131241 0.248874947 3.666624069 0.000044070 0.999964774 0.008391696 -2.466722488 -0.248884067 -0.008116667 0.968499243 95.602951050
0.964832783 -0.001755334 0.262858450 3.845312119 -0.000504673 0.999963462 0.008530045 -2.479012728 -0.262863874 -0.008362725 0.964796603 96.133140564
0.961404741 -0.002301220 0.275128335 4.034162521 0.000037738 0.999966145 0.008232015 -2.494031191 -0.275137991 -0.007903917 0.961372197 96.665733337
0.958124638 -0.002844546 0.286337465 4.228368759 0.000467870 0.999964893 0.008368338 -2.513798714 -0.286351144 -0.007883943 0.958092272 97.204284668
0.953891575 -0.003048515 0.300135821 4.422559738 0.000643446 0.999966919 0.008111783 -2.517548084 -0.300150663 -0.007544640 0.953861892 97.738677979
0.949500322 -0.003748935 0.313743740 4.634870529 0.001190494 0.999964476 0.008345752 -2.534500122 -0.313763857 -0.007550784 0.949470997 98.271400452
0.945526540 -0.004060183 0.325519681 4.827470779 0.001536372 0.999966741 0.008009859 -2.544970036 -0.325541496 -0.007073415 0.945501328 98.786285400
0.941099465 -0.003803336 0.338108480 5.050165176 0.001068028 0.999965191 0.008275699 -2.561367035 -0.338128179 -0.007427145 0.941070735 99.304138184
0.935966432 -0.003853327 0.352068156 5.264070511 0.000951151 0.999964178 0.008415822 -2.567199945 -0.352088064 -0.007542057 0.935936391 99.829605103
0.931410253 -0.005200056 0.363933921 5.500366211 0.002265282 0.999961376 0.008490413 -2.589252234 -0.363964021 -0.007083646 0.931386054 100.322700500
0.926666856 -0.005268125 0.375846684 5.722387314 0.002356783 0.999963582 0.008205423 -2.595354557 -0.375876218 -0.006717904 0.926645517 100.850448608
0.920950413 -0.006127343 0.389631540 5.976587296 0.003059123 0.999959230 0.008494670 -2.607542038 -0.389667720 -0.006631238 0.920931637 101.366050720
0.915464163 -0.006739037 0.402342975 6.230976105 0.003526558 0.999955714 0.008724646 -2.627007723 -0.402384013 -0.006568215 0.915447354 101.868721008
0.910795152 -0.008004770 0.412781149 6.492023468 0.004779818 0.999949455 0.008844712 -2.643132687 -0.412831217 -0.006082701 0.910787284 102.382431030
0.905495048 -0.008986303 0.424261630 6.753395081 0.005776162 0.999944091 0.008851885 -2.659436703 -0.424317479 -0.005564734 0.905496418 102.847488403
0.898991585 -0.008885914 0.437875628 7.016059875 0.005569522 0.999945283 0.008857475 -2.674310207 -0.437930405 -0.005524037 0.898991883 103.331092834
0.893124521 -0.009754651 0.449703753 7.294651031 0.006352719 0.999938667 0.009073270 -2.686498404 -0.449764669 -0.005246718 0.893131673 103.818069458
0.887475550 -0.010020752 0.460745811 7.567268372 0.006577636 0.999937117 0.009077958 -2.697905302 -0.460807800 -0.005025848 0.887485623 104.286231995
0.880283356 -0.010579484 0.474330276 7.852821350 0.007188205 0.999934018 0.008962379 -2.710959196 -0.474393815 -0.004479850 0.880301237 104.742507935
