1.000000000 0.000000000 0.000000000 0.000000000 0.000000000 1.000000000 0.000000000 0.000000000 0.000000000 0.000000000 1.000000000 0.000000000
1.000000000 0.000059758 0.000039208 -0.000654476 -0.000059761 1.000000000 0.000069217 0.000011554 -0.000039204 -0.000069219 1.000000000 -0.000095963
1.000000000 -0.000016783 0.000083810 -0.001037506 0.000016784 1.000000000 -0.000019436 0.000313309 -0.000083810 0.000019437 1.000000000 -0.000162401
1.000000000 0.000065393 0.000050089 -0.000284090 -0.000065395 1.000000000 0.000031201 -0.000110177 -0.000050087 -0.000031204 1.000000000 0.000219818
1.000000000 0.000080226 0.000191337 -0.001607095 -0.000080237 1.000000000 0.000056981 -0.000581950 -0.000191332 -0.000056996 1.000000000 -0.000122500
1.000000000 -0.000134572 -0.000003865 0.000013462 0.000134572 1.000000000 -0.000028014 0.000292947 0.000003869 0.000028013 1.000000000 0.000001739
1.000000000 0.000067560 0.000161484 -0.001834010 -0.000067570 1.000000000 0.000059095 -0.000388524 -0.000161480 -0.000059106 1.000000000 0.000004403
1.000000000 0.000060144 0.000075872 -0.001112349 -0.000060142 1.000000000 -0.000021129 -0.000131681 -0.000075873 0.000021125 1.000000000 -0.000879097
1.000000000 0.000067229 0.000154524 -0.001246301 -0.000067230 1.000000000 0.000008126 -0.000999428 -0.000154523 -0.000008136 1.000000000 -0.000796951
1.000000000 0.000097009 0.000138054 -0.001506085 -0.000097026 1.000000000 0.000126811 -0.001016097 -0.000138042 -0.000126824 1.000000000 0.000692501
1.000000000 0.000045148 0.000132938 -0.001003100 -0.000045155 1.000000000 0.000052838 -0.000224517 -0.000132936 -0.000052844 1.000000000 -0.000217673
1.000000000 0.000107469 0.000133648 -0.001320507 -0.000107479 1.000000000 0.000072762 -0.001197565 -0.000133641 -0.000072777 1.000000000 -0.000819076
1.000000000 0.000051928 0.000137919 -0.000913792 -0.000051934 1.000000000 0.000044194 -0.000164162 -0.000137917 -0.000044201 1.000000000 0.000079970
1.000000000 0.000140243 0.000111787 -0.001332972 -0.000140231 1.000000000 -0.000108235 0.000946591 -0.000111803 0.000108220 1.000000000 0.000185523
1.000000000 0.000103608 0.000097391 -0.001105374 -0.000103608 1.000000000 -0.000003073 0.000593833 -0.000097391 0.000003063 1.000000000 0.000157718
0.999999940 0.000252235 0.000189293 -0.001936592 -0.000252222 0.999999940 -0.000072638 0.001436612 -0.000189311 0.000072590 1.000000000 0.001169064
0.999999881 0.000383186 0.000205428 -0.002684724 -0.000383180 0.999999940 -0.000028694 0.000860670 -0.000205439 0.000028615 1.000000000 0.002059628
0.999999940 0.000229720 0.000249991 -0.002091186 -0.000229718 1.000000000 -0.000007607 0.001290469 -0.000249993 0.000007549 0.999999940 0.001697394
0.999999940 0.000172915 0.000255202 -0.002155615 -0.000172895 1.000000000 -0.000075700 0.000900594 -0.000255215 0.000075656 0.999999940 0.000879734
0.999999940 0.000249915 0.000231691 -0.002442156 -0.000249917 0.999999940 0.000011925 0.000292855 -0.000231688 -0.000011983 1.000000000 0.001575618
0.999999940 0.000360658 0.000208265 -0.002276122 -0.000360640 0.999999940 -0.000084699 0.001488004 -0.000208296 0.000084623 1.000000000 0.001288574
0.999999940 0.000290657 0.000197331 -0.002215324 -0.000290648 0.999999940 -0.000046744 0.000765030 -0.000197345 0.000046686 1.000000000 0.001828264
1.000000000 0.000172733 0.000163362 -0.002102024 -0.000172741 1.000000000 0.000049898 0.000183473 -0.000163353 -0.000049926 1.000000000 0.000809059
0.999999881 0.000385805 0.000182097 -0.002188677 -0.000385805 0.999999940 -0.000002255 0.001479686 -0.000182098 0.000002185 1.000000000 0.002376022
0.999999940 0.000337020 0.000245221 -0.002098754 -0.000337029 0.999999940 0.000035914 0.000888566 -0.000245209 -0.000035997 0.999999940 0.001985520
0.999999881 0.000313595 0.000286837 -0.002557101 -0.000313578 0.999999940 -0.000057464 0.002483547 -0.000286856 0.000057374 0.999999940 0.002684462
0.999999881 0.000367887 0.000232067 -0.002112695 -0.000367898 0.999999940 0.000047554 0.001275656 -0.000232050 -0.000047640 1.000000000 0.002266145
0.999999881 0.000413797 0.000154655 -0.002153287 -0.000413779 0.999999881 -0.000110673 0.002065263 -0.000154701 0.000110609 1.000000000 0.001088401
0.999999881 0.000406907 0.000141043 -0.001913981 -0.000406892 0.999999940 -0.000105503 0.002123116 -0.000141085 0.000105445 1.000000000 0.000485936
0.999999881 0.000408681 0.000270153 -0.002394487 -0.000408671 0.999999940 -0.000036195 0.000551182 -0.000270168 0.000036085 0.999999940 0.001016238
0.999999881 0.000382389 0.000319869 -0.002760438 -0.000382379 0.999999940 -0.000028974 0.001834145 -0.000319880 0.000028852 0.999999940 0.002361243
0.999999881 0.000379975 0.000206388 -0.001708570 -0.000379957 0.999999940 -0.000086938 0.002270249 -0.000206421 0.000086860 1.000000000 0.002630338
0.999999881 0.000450035 0.000264064 -0.002299603 -0.000450039 0.999999881 0.000014684 0.000219964 -0.000264058 -0.000014803 0.999999940 0.000302481
0.999999821 0.000482343 0.000330847 -0.003286639 -0.000482341 0.999999881 -0.000007507 0.001072838 -0.000330851 0.000007348 0.999999940 0.002379425
0.999999881 0.000390311 0.000218526 -0.001395010 -0.000390286 0.999999940 -0.000110935 0.001570967 -0.000218569 0.000110850 0.999999940 0.001504721
0.999999940 0.000344422 0.000233901 -0.002141882 -0.000344415 0.999999940 -0.000031862 0.001421278 -0.000233912 0.000031782 1.000000000 0.001798471
0.999999881 0.000457367 0.000205052 -0.002466097 -0.000457349 0.999999881 -0.000086965 0.002779497 -0.000205092 0.000086872 1.000000000 0.001971762
0.999999821 0.000528432 0.000323050 -0.003206849 -0.000528418 0.999999881 -0.000043785 0.002047008 -0.000323073 0.000043614 0.999999940 0.002463497
0.999999881 0.000447734 0.000217480 -0.001364150 -0.000447730 0.999999881 -0.000016358 0.001930441 -0.000217487 0.000016261 1.000000000 0.001066781
0.999999940 0.000328795 0.000229357 -0.001633349 -0.000328776 0.999999940 -0.000080724 0.000718795 -0.000229384 0.000080648 1.000000000 0.000570634
0.999999940 0.000267432 0.000275911 -0.001507065 -0.000267356 0.999999881 -0.000275427 -0.004838904 -0.000275984 0.000275353 0.999999881 0.049903326
1.000000000 0.000087961 0.000183567 0.000910418 -0.000087802 0.999999583 -0.000866291 -0.006121377 -0.000183643 0.000866275 0.999999642 0.141495615
0.999999762 0.000577287 0.000435316 0.000560600 -0.000576752 0.999999106 -0.001228495 -0.008118179 -0.000436024 0.001228244 0.999999166 0.256209701
0.999999762 0.000627322 0.000485521 0.003748886 -0.000626755 0.999999166 -0.001167649 -0.011377102 -0.000486253 0.001167344 0.999999225 0.388180405
0.999999762 0.000612857 0.000377936 0.005802190 -0.000612492 0.999999344 -0.000966222 -0.015023089 -0.000378528 0.000965990 0.999999523 0.530398250
0.999999821 0.000234120 0.000532197 0.010010697 -0.000233887 0.999999881 -0.000436742 -0.024160795 -0.000532299 0.000436617 0.999999702 0.681569040
0.999999881 -0.000010453 0.000475234 0.016235599 0.000010563 0.999999940 -0.000230884 -0.027939592 -0.000475231 0.000230889 0.999999881 0.842631698
0.999999821 -0.000252753 0.000476287 0.016425213 0.000252928 0.999999881 -0.000368216 -0.030641291 -0.000476194 0.000368336 0.999999762 1.020257592
0.999999881 0.000002154 0.000476607 0.020798681 -0.000002052 0.999999940 -0.000214431 -0.035516065 -0.000476608 0.000214430 0.999999821 1.195991278
0.999999762 0.000029718 0.000570860 0.025592614 -0.000029804 1.000000000 0.000151097 -0.043716028 -0.000570855 -0.000151114 0.999999762 1.375748754
0.999999881 0.000322439 0.000356045 0.029512694 -0.000322465 0.999999940 0.000071290 -0.045958396 -0.000356022 -0.000071405 0.999999940 1.569192529
0.999999881 -0.000000511 0.000524157 0.030281620 0.000000308 0.999999940 0.000387688 -0.054754741 -0.000524157 -0.000387688 0.999999762 1.769678950
0.999999821 -0.000002105 0.000600596 0.034229171 0.000001808 0.999999881 0.000495209 -0.059503146 -0.000600597 -0.000495207 0.999999702 1.971330047
0.999999821 -0.000299732 0.000539726 0.039786234 0.000299333 0.999999702 0.000739727 -0.067165703 -0.000539948 -0.000739566 0.999999583 2.179855108
0.999999762 -0.000026054 0.000704526 0.043047074 0.000025528 0.999999702 0.000746591 -0.070491835 -0.000704545 -0.000746573 0.999999464 2.400000572
0.999999762 0.000039497 0.000560652 0.049402110 -0.000039783 0.999999881 0.000510974 -0.077938370 -0.000560632 -0.000510996 0.999999702 2.622993231
0.999999702 -0.000083192 0.000707049 0.053209577 0.000082532 0.999999583 0.000933433 -0.090156578 -0.000707126 -0.000933374 0.999999225 2.851900101
0.999999762 -0.000142289 0.000703678 0.058064736 0.000141538 0.999999464 0.001066621 -0.096082956 -0.000703829 -0.001066521 0.999999166 3.091550827
0.999999821 0.000322995 0.000365460 0.062461134 -0.000323316 0.999999583 0.000879957 -0.097867534 -0.000365175 -0.000880075 0.999999464 3.329221487
0.999999940 -0.000009423 0.000335930 0.072187521 0.000009074 0.999999464 0.001038465 -0.110129528 -0.000335940 -0.001038462 0.999999404 3.573554039
0.999999762 0.000333813 0.000622991 0.073278517 -0.000334357 0.999999583 0.000873624 -0.116421007 -0.000622699 -0.000873832 0.999999464 3.827231407
0.999999940 0.000217277 0.000347704 0.082805552 -0.000217552 0.999999642 0.000791221 -0.119856700 -0.000347532 -0.000791297 0.999999642 4.088418007
0.999999940 0.000087230 0.000312963 0.091072351 -0.000087464 0.999999702 0.000748039 -0.123902254 -0.000312897 -0.000748067 0.999999702 4.347160339
0.999999821 0.000296170 0.000637294 0.091531157 -0.000296794 0.999999464 0.000978441 -0.133789957 -0.000637004 -0.000978630 0.999999344 4.603458405
0.999999523 0.000609623 0.000782922 0.093449265 -0.000610672 0.999998927 0.001340256 -0.146687165 -0.000782104 -0.001340733 0.999998808 4.857400894
0.999999285 0.000881505 0.000758264 0.099431865 -0.000882613 0.999998510 0.001461512 -0.152944699 -0.000756975 -0.001462181 0.999998689 5.118050098
0.999998868 0.000818512 0.001218203 0.098172203 -0.000819910 0.999998987 0.001147274 -0.157216594 -0.001217262 -0.001148272 0.999998569 5.374163151
0.999999225 0.000407270 0.001102100 0.106629848 -0.000408515 0.999999285 0.001129462 -0.165756389 -0.001101639 -0.001129912 0.999998748 5.636347771
0.999998868 0.000965224 0.001255202 0.107633889 -0.000966892 0.999998629 0.001329267 -0.174725562 -0.001253917 -0.001330479 0.999998331 5.906822681
0.999998808 0.000947581 0.001200920 0.114084519 -0.000949210 0.999998629 0.001356737 -0.182656348 -0.001199633 -0.001357876 0.999998271 6.187840462
0.999998450 0.001150263 0.001354480 0.120642699 -0.001152022 0.999998450 0.001299038 -0.185901061 -0.001352984 -0.001300597 0.999998152 6.481727600
0.999998450 0.000915574 0.001509895 0.122977659 -0.000917342 0.999998808 0.001170708 -0.196241051 -0.001508822 -0.001172091 0.999998152 6.766238689
0.999998450 0.000926758 0.001496319 0.130402461 -0.000928392 0.999998987 0.001092323 -0.205930606 -0.001495305 -0.001093711 0.999998271 7.063258171
0.999998391 0.000771693 0.001613352 0.134665191 -0.000773898 0.999998689 0.001366547 -0.215612367 -0.001612295 -0.001367793 0.999997735 7.367644787
0.999998927 0.000526082 0.001394982 0.141717151 -0.000527508 0.999999285 0.001022010 -0.223063275 -0.001394444 -0.001022745 0.999998510 7.675575256
0.999998450 0.000870072 0.001537808 0.145950183 -0.000872230 0.999998569 0.001403208 -0.231996030 -0.001536585 -0.001404548 0.999997795 7.985050201
0.999997795 0.000816478 0.001940125 0.145880640 -0.000819532 0.999998391 0.001574031 -0.241178304 -0.001938836 -0.001575618 0.999996901 8.312849998
0.999997795 0.001013639 0.001830203 0.161627561 -0.001015601 0.999998868 0.001071403 -0.249219701 -0.001829115 -0.001073259 0.999997735 8.629604340
0.999997735 0.000820859 0.001957884 0.165052295 -0.000823318 0.999998808 0.001255568 -0.257400036 -0.001956851 -0.001257177 0.999997318 8.966497421
0.999997675 0.001056460 0.001894118 0.173299611 -0.001059196 0.999998391 0.001444219 -0.271748155 -0.001892589 -0.001446223 0.999997139 9.304924011
0.999996960 0.001275555 0.002116997 0.180952162 -0.001279144 0.999997735 0.001694644 -0.285218120 -0.002114830 -0.001697346 0.999996364 9.641601562
0.999997497 0.001185527 0.001899895 0.190345004 -0.001188372 0.999998152 0.001497298 -0.293555170 -0.001898117 -0.001499552 0.999997079 9.992970467
0.999995768 0.002016907 0.002109577 0.190256283 -0.002019848 0.999996960 0.001392962 -0.300518960 -0.002106761 -0.001397217 0.999996781 10.351886749
0.999997079 0.001375959 0.001988221 0.201705128 -0.001379008 0.999997854 0.001533014 -0.312972128 -0.001986107 -0.001535751 0.999996841 10.705262184
0.999997616 0.001267038 0.001764044 0.205749065 -0.001268963 0.999998569 0.001090952 -0.317707598 -0.001762659 -0.001093188 0.999997795 11.081765175
0.999997616 0.001302644 0.001765899 0.220492437 -0.001305524 0.999997795 0.001631132 -0.333196878 -0.001763771 -0.001633433 0.999997139 11.453820229
0.999996781 0.001376699 0.002100230 0.224419668 -0.001379841 0.999997914 0.001495188 -0.340267152 -0.002098168 -0.001498081 0.999996662 11.832040787
0.999996305 0.001567705 0.002208252 0.231436864 -0.001571197 0.999997437 0.001580334 -0.353161782 -0.002205770 -0.001583798 0.999996305 12.202093124
0.999995828 0.001772696 0.002285948 0.243440643 -0.001776710 0.999996901 0.001755225 -0.367462873 -0.002282830 -0.001759280 0.999995828 12.581953049
0.999995768 0.001836472 0.002268719 0.246180475 -0.001840872 0.999996364 0.001938543 -0.374960482 -0.002265151 -0.001942711 0.999995530 12.986195564
0.999995887 0.001413312 0.002487072 0.253288448 -0.001417455 0.999997616 0.001664553 -0.387951523 -0.002484714 -0.001668072 0.999995530 13.382275581
0.999996185 0.001170518 0.002507599 0.265821695 -0.001175559 0.999997258 0.002009639 -0.401054621 -0.002505240 -0.002012579 0.999994814 13.795476913
0.999994636 0.001693803 0.002838997 0.275523126 -0.001699986 0.999996185 0.002176943 -0.411197871 -0.002835300 -0.002181757 0.999993622 14.200884819
0.999993861 0.001912481 0.002943850 0.285161346 -0.001918437 0.999996126 0.002021703 -0.424990624 -0.002939973 -0.002027339 0.999993622 14.607894897
0.999992192 0.002097191 0.003352292 0.303583145 -0.002105766 0.999994457 0.002556401 -0.436994374 -0.003346912 -0.002563440 0.999991059 15.008997917
0.999989092 0.002338225 0.004047808 0.302930534 -0.002350315 0.999992728 0.002984726 -0.454595000 -0.004040800 -0.002994206 0.999987364 15.469450951
0.999983549 0.002820985 0.004996786 0.309259474 -0.002834629 0.999992311 0.002725384 -0.463325441 -0.004989060 -0.002739503 0.999983788 15.913809776
0.999984562 0.002718651 0.004827719 0.319266438 -0.002731485 0.999992728 0.002653873 -0.474439383 -0.004820469 -0.002667019 0.999984741 16.363231659
0.999986291 0.002923003 0.004327246 0.327586919 -0.002933631 0.999992728 0.002451865 -0.486708164 -0.004320047 -0.002464527 0.999987602 16.805189133
0.999985158 0.002362343 0.004898777 0.331788123 -0.002375899 0.999993384 0.002763363 -0.503853679 -0.004892217 -0.002774961 0.999984145 17.251419067
0.999981105 0.002839188 0.005453298 0.337084591 -0.002857699 0.999990165 0.003389571 -0.513009787 -0.005443622 -0.003405091 0.999979377 17.670894623
0.999982476 0.002294994 0.005463782 0.353627384 -0.002309728 0.999993742 0.002691855 -0.520733595 -0.005457570 -0.002704428 0.999981463 18.138933182
0.999976337 0.003243660 0.006063024 0.365040720 -0.003257653 0.999992073 0.002299373 -0.525103927 -0.006055518 -0.002319069 0.999978960 18.615026474
0.999984384 0.001820866 0.005288162 0.383500457 -0.001832712 0.999995828 0.002236157 -0.547293007 -0.005284069 -0.002245814 0.999983430 19.136728287
0.999981165 0.002472732 0.005621716 0.413208276 -0.002487887 0.999993265 0.002690527 -0.559961617 -0.005615027 -0.002704463 0.999980569 19.610071182
0.999983728 0.002056543 0.005325669 0.423475385 -0.002075150 0.999991715 0.003490673 -0.575485051 -0.005318447 -0.003501668 0.999979734 20.099128723
0.999985158 0.002384719 0.004882717 0.438707739 -0.002401583 0.999991298 0.003450795 -0.595241010 -0.004874445 -0.003462470 0.999982119 20.589078903
0.999989331 0.002406220 0.003944978 0.455413520 -0.002419835 0.999991238 0.003449919 -0.609123886 -0.003936641 -0.003459429 0.999986291 21.085531235
0.999988258 0.002779137 0.003995858 0.465330839 -0.002792450 0.999990523 0.003329977 -0.628954828 -0.003986567 -0.003341096 0.999986410 21.581056595
0.999989510 0.002590606 0.003770698 0.469305873 -0.002603033 0.999991179 0.003294465 -0.646789372 -0.003762131 -0.003304246 0.999987483 22.094964981
0.999991417 0.002522141 0.003280398 0.485589027 -0.002532384 0.999991953 0.003121971 -0.660617173 -0.003272498 -0.003130252 0.999989808 22.602294922
0.999991059 0.002730775 0.003210915 0.492617905 -0.002740426 0.999991715 0.003005247 -0.675362229 -0.003202682 -0.003014020 0.999990344 23.087043762
0.999988079 0.003607488 0.003267153 0.492173910 -0.003619050 0.999987185 0.003540011 -0.698169589 -0.003254340 -0.003551793 0.999988377 23.605480194
0.999994874 0.001838158 0.002590819 0.502814412 -0.001847284 0.999992073 0.003524453 -0.714952111 -0.002584320 -0.003529221 0.999990463 24.133165359
0.999992728 0.003117041 0.002169476 0.508991957 -0.003125601 0.999987245 0.003953445 -0.737365603 -0.002157125 -0.003960197 0.999989808 24.639518738
0.999995351 0.002874519 0.001029659 0.527947307 -0.002878873 0.999986768 0.004252154 -0.756398499 -0.001017422 -0.004255098 0.999990404 25.157148361
0.999994576 0.003256627 0.000454044 0.533882380 -0.003258272 0.999987960 0.003672134 -0.755229294 -0.000442080 -0.003673594 0.999993145 25.714010239
0.999994516 0.003320049 0.000000592 0.551768005 -0.003320025 0.999987066 0.003889868 -0.772852004 0.000012322 -0.003889848 0.999992430 26.264032364
0.999996662 0.002573390 -0.000026492 0.560948908 -0.002573228 0.999984562 0.004929852 -0.789411902 0.000039178 -0.004929767 0.999987841 26.817539215
0.999994993 0.003130640 -0.000472324 0.571981609 -0.003128575 0.999985814 0.004312957 -0.810684144 0.000485820 -0.004311458 0.999990582 27.376253128
0.999992430 0.003734554 -0.001101392 0.586465061 -0.003729863 0.999984086 0.004230888 -0.823784769 0.001117175 -0.004226748 0.999990463 27.923358917
0.999987781 0.004832805 -0.000953512 0.587420046 -0.004828536 0.999978542 0.004429808 -0.838796079 0.000974900 -0.004425151 0.999989688 28.477060318
0.999986589 0.004969778 -0.001473162 0.587648153 -0.004963355 0.999978244 0.004332041 -0.844487488 0.001494659 -0.004324670 0.999989510 29.050563812
0.999988914 0.004247493 -0.002043546 0.615131080 -0.004239786 0.999983966 0.003761077 -0.850057304 0.002059488 -0.003752371 0.999990821 29.586397171
0.999989331 0.004171987 -0.001940758 0.615739286 -0.004164661 0.999984205 0.003763857 -0.861331522 0.001956430 -0.003755735 0.999991000 30.145189285
0.999988854 0.004163017 -0.002215154 0.631463468 -0.004153822 0.999982834 0.004139724 -0.880812585 0.002232350 -0.004130477 0.999988973 30.701128006
0.999988317 0.004141208 -0.002489100 0.640772462 -0.004129129 0.999979794 0.004838410 -0.891641378 0.002509086 -0.004828076 0.999985158 31.250350952
0.999983966 0.004770045 -0.003037218 0.647644281 -0.004754920 0.999976397 0.004967702 -0.899639428 0.003060843 -0.004953180 0.999983072 31.805814743
0.999983609 0.004342434 -0.003724508 0.660845876 -0.004329653 0.999984741 0.003432725 -0.903571904 0.003739357 -0.003416543 0.999987185 32.376255035
0.999980628 0.004714076 -0.004053975 0.663359165 -0.004696636 0.999979734 0.004300525 -0.927146673 0.004074166 -0.004281402 0.999982536 32.906879425
0.999983251 0.004507631 -0.003632346 0.676162660 -0.004493515 0.999982297 0.003885453 -0.937647700 0.003649795 -0.003869066 0.999985874 33.435947418
0.999983370 0.003970165 -0.004179173 0.690776289 -0.003953882 0.999984682 0.003897381 -0.950675905 0.004194582 -0.003880793 0.999983668 33.991207123
0.999980688 0.003684292 -0.004997716 0.703189135 -0.003668263 0.999988139 0.003212577 -0.955295324 0.005009492 -0.003194182 0.999982357 34.543216705
0.999978960 0.003769018 -0.005275742 0.714783490 -0.003751891 0.999987662 0.003252374 -0.975163758 0.005287935 -0.003232511 0.999980867 35.068252563
0.999979019 0.004414543 -0.004746580 0.727493286 -0.004400067 0.999985576 0.003055866 -0.983896613 0.004760003 -0.003034917 0.999984086 35.632770538
0.999976039 0.004086659 -0.005597054 0.737399876 -0.004069211 0.999986827 0.003125139 -0.996818125 0.005609753 -0.003102289 0.999979556 36.179267883
0.999981165 0.003997159 -0.004657643 0.731167257 -0.003988861 0.999990463 0.001789379 -0.997046471 0.004664751 -0.001770767 0.999987543 36.774078369
0.999979079 0.004593872 -0.004552379 0.733001947 -0.004586391 0.999988139 0.001652240 -1.009395361 0.004559916 -0.001631327 0.999988258 37.321750641
0.999976993 0.004618753 -0.004952060 0.744558990 -0.004610850 0.999988079 0.001606061 -1.021909952 0.004959419 -0.001583191 0.999986470 37.877075195
0.999976218 0.004104260 -0.005537139 0.757458150 -0.004100626 0.999991357 0.000667562 -1.027157664 0.005539833 -0.000644841 0.999984443 38.420780182
0.999977052 0.004229906 -0.005280653 0.761147499 -0.004227587 0.999990880 0.000450446 -1.037186861 0.005282511 -0.000428111 0.999985933 38.970390320
0.999974489 0.004162833 -0.005803840 0.775914073 -0.004156424 0.999990702 0.001115664 -1.057723165 0.005808431 -0.001091512 0.999982476 39.506919861
0.999971569 0.004293016 -0.006190405 0.787159026 -0.004284995 0.999989927 0.001308371 -1.075846672 0.006195959 -0.001281808 0.999979973 40.057987213
0.999974489 0.004807258 -0.005274427 0.768446505 -0.004798254 0.999987006 0.001718477 -1.109986067 0.005282619 -0.001693126 0.999984622 40.607711792
0.999975860 0.004336347 -0.005428595 0.781354547 -0.004331192 0.999990165 0.000961176 -1.107901216 0.005432711 -0.000937640 0.999984741 41.164024353
0.999977291 0.004578800 -0.004940186 0.781546235 -0.004571942 0.999988616 0.001398694 -1.121838093 0.004946534 -0.001376076 0.999986768 41.710144043
0.999972224 0.003998263 -0.006293516 0.811699867 -0.003986089 0.999990106 0.001945637 -1.149494290 0.006301234 -0.001920496 0.999978244 42.233154297
0.999969065 0.004330959 -0.006560546 0.819444418 -0.004327170 0.999990463 0.000591761 -1.149330616 0.006563046 -0.000563354 0.999978304 42.840820312
0.999971509 0.005326309 -0.005341806 0.803728163 -0.005318567 0.999984801 0.001462473 -1.180096507 0.005349512 -0.001434021 0.999984622 43.383197784
0.999970734 0.004699443 -0.006055862 0.829932749 -0.004690734 0.999987960 0.001451587 -1.194500804 0.006062610 -0.001423138 0.999980628 43.895473480
0.999970913 0.005042410 -0.005733270 0.838850915 -0.005031681 0.999985516 0.001884005 -1.208596110 0.005742687 -0.001855103 0.999981761 44.443969727
0.999968827 0.004238443 -0.006660041 0.845828652 -0.004227645 0.999989688 0.001634795 -1.234897733 0.006666902 -0.001606588 0.999976456 44.984947205
0.999969959 0.004617509 -0.006227203 0.855340421 -0.004606625 0.999987841 0.001761209 -1.250322342 0.006235260 -0.001732470 0.999979079 45.542079926
0.999972701 0.003432697 -0.006532435 0.864357829 -0.003425130 0.999993384 0.001169338 -1.256259680 0.006536406 -0.001146931 0.999978006 46.093734741
0.999973357 0.003648656 -0.006320168 0.846393824 -0.003642881 0.999992907 0.000925237 -1.262908816 0.006323498 -0.000902189 0.999979615 46.672420502
0.999974310 0.004380787 -0.005662548 0.849565268 -0.004372790 0.999989450 0.001423845 -1.290275812 0.005668728 -0.001399047 0.999982893 47.231315613
0.999968350 0.004388420 -0.006633087 0.878022671 -0.004380686 0.999989688 0.001180094 -1.301542878 0.006638196 -0.001150999 0.999977231 47.692451477
0.999970675 0.003893410 -0.006590661 0.891680121 -0.003885980 0.999991715 0.001139740 -1.323504448 0.006595044 -0.001114095 0.999977648 48.236679077
0.999968529 0.004813403 -0.006295368 0.895795107 -0.004803960 0.999987304 0.001514187 -1.341792583 0.006302578 -0.001483896 0.999979019 48.769546509
0.999969840 0.004840565 -0.006072795 0.893862963 -0.004834235 0.999987721 0.001056595 -1.351460338 0.006077835 -0.001027206 0.999980986 49.322391510
0.999971211 0.005564921 -0.005152435 0.887849212 -0.005560394 0.999984086 0.000892655 -1.356312037 0.005157321 -0.000863980 0.999986351 49.876033783
0.999964416 0.006929867 -0.004798329 0.889607549 -0.006926192 0.999975681 0.000782244 -1.379754901 0.004803632 -0.000748982 0.999988198 50.411518097
0.999969125 0.005903161 -0.005186354 0.905191958 -0.005894623 0.999981225 0.001660084 -1.408260822 0.005196056 -0.001629462 0.999985158 50.936206818
0.999966919 0.006122114 -0.005350543 0.924189329 -0.006113439 0.999979913 0.001636254 -1.429444909 0.005360453 -0.001603489 0.999984324 51.484992981
0.999964118 0.006632784 -0.005263969 0.930508852 -0.006625276 0.999976993 0.001442405 -1.430881739 0.005273414 -0.001407478 0.999985039 52.045181274
0.999962687 0.007028400 -0.005022294 0.941325366 -0.007021676 0.999974430 0.001355145 -1.441659808 0.005031689 -0.001319830 0.999986470 52.593353271
0.999965489 0.006298991 -0.005411669 0.950575531 -0.006291680 0.999979258 0.001367094 -1.461754560 0.005420168 -0.001332998 0.999984443 53.119052887
0.999960959 0.007011020 -0.005379096 0.961881280 -0.007005238 0.999974847 0.001092695 -1.471552849 0.005386622 -0.001054970 0.999984920 53.683940887
0.999963164 0.006913688 -0.005086137 0.967304707 -0.006909555 0.999975801 0.000829850 -1.490421414 0.005091751 -0.000794676 0.999986708 54.217609406
0.999964356 0.006864223 -0.004901319 0.976304352 -0.006860018 0.999976039 0.000874465 -1.510267019 0.004907205 -0.000840810 0.999987602 54.749191284
0.999967337 0.006168267 -0.005216623 0.985927761 -0.006163494 0.999980569 0.000930316 -1.521111250 0.005222260 -0.000898133 0.999985933 55.288211823
0.999963760 0.006603787 -0.005368393 0.996709704 -0.006600025 0.999977887 0.000718051 -1.529676676 0.005373017 -0.000682594 0.999985337 55.829166412
0.999964237 0.006221510 -0.005725927 1.001458526 -0.006216004 0.999980152 0.000978781 -1.546945810 0.005731904 -0.000943154 0.999983132 56.370803833
0.999960601 0.006786877 -0.005718094 1.011153340 -0.006783271 0.999976695 0.000649851 -1.563671231 0.005722372 -0.000611038 0.999983430 56.928691864
0.999961436 0.006522563 -0.005866995 1.018950701 -0.006519189 0.999978721 0.000593954 -1.572298169 0.005870743 -0.000555683 0.999982595 57.470336914
0.999961674 0.006539669 -0.005812709 1.029505491 -0.006533707 0.999978125 0.001044267 -1.590394855 0.005819410 -0.001006249 0.999982536 58.000984192
0.999965250 0.006166195 -0.005613076 1.036984086 -0.006160039 0.999980390 0.001113260 -1.607673168 0.005619830 -0.001078645 0.999983609 58.533214569
0.999962091 0.006622367 -0.005648241 1.044979334 -0.006616131 0.999977410 0.001121860 -1.620071292 0.005655543 -0.001084448 0.999983370 59.055412292
0.999962211 0.006695132 -0.005538356 1.055381536 -0.006689878 0.999977171 0.000966593 -1.640187860 0.005544702 -0.000929505 0.999984205 59.584194183
0.999962807 0.006614038 -0.005534014 1.064673185 -0.006607647 0.999977469 0.001172149 -1.658038378 0.005541641 -0.001135539 0.999984026 60.128566742
0.999961674 0.006764098 -0.005568174 1.070451736 -0.006755469 0.999975979 0.001566827 -1.670809388 0.005578638 -0.001529151 0.999983251 60.683258057
0.999960005 0.006962990 -0.005614297 1.080212474 -0.006957081 0.999975204 0.001071360 -1.691691399 0.005621617 -0.001032258 0.999983668 61.240535736
0.999960899 0.007303696 -0.004989848 1.088287354 -0.007296287 0.999972224 0.001501217 -1.705857635 0.005000675 -0.001464751 0.999986351 61.799201965
0.999961853 0.007055976 -0.005152756 1.097839355 -0.007049769 0.999974370 0.001221383 -1.721399665 0.005161242 -0.001185010 0.999985993 62.347023010
0.999961376 0.006688937 -0.005699768 1.109206796 -0.006685798 0.999977469 0.000569576 -1.732860565 0.005703449 -0.000531447 0.999983609 62.895233154
0.999957561 0.007544935 -0.005290639 1.112534761 -0.007538697 0.999970853 0.001197700 -1.755677938 0.005299521 -0.001157765 0.999985278 63.442340851
0.999956608 0.007669689 -0.005272175 1.110388756 -0.007661941 0.999969542 0.001488696 -1.781984329 0.005283433 -0.001448236 0.999984920 63.978870392
0.999960542 0.007528943 -0.004709020 1.122500420 -0.007522742 0.999970794 0.001333398 -1.791770339 0.004718921 -0.001297921 0.999988019 64.521484375
0.999964833 0.006702490 -0.005027387 1.129631519 -0.006699686 0.999977529 0.000574472 -1.795204163 0.005031124 -0.000540770 0.999987185 65.069007874
0.999966085 0.006643524 -0.004864441 1.133598447 -0.006640711 0.999977767 0.000594080 -1.812804699 0.004868279 -0.000561757 0.999988019 65.605255127
0.999965191 0.006629742 -0.005055802 1.145932198 -0.006627303 0.999977887 0.000499181 -1.826604605 0.005059000 -0.000465657 0.999987066 66.147506714
0.999965847 0.006428747 -0.005197485 1.154200315 -0.006429253 0.999979317 -0.000080477 -1.833963275 0.005196861 0.000113891 0.999986470 66.715766907
0.999964058 0.007158965 -0.004534050 1.160818577 -0.007158227 0.999974370 0.000179143 -1.862366557 0.004535216 -0.000146681 0.999989688 67.256370544
0.999965370 0.006688300 -0.004947094 1.173078895 -0.006689058 0.999977648 -0.000137142 -1.871689200 0.004946066 0.000170229 0.999987781 67.822250366
0.999968290 0.006310966 -0.004861535 1.186170101 -0.006311988 0.999980032 -0.000194811 -1.891724586 0.004860209 0.000225491 0.999988139 68.365196228
0.999968946 0.006331010 -0.004696007 1.189945340 -0.006334062 0.999979675 -0.000635109 -1.898024678 0.004691890 0.000664834 0.999988794 68.925224304
0.999964416 0.006844912 -0.004933803 1.195486903 -0.006847665 0.999976397 -0.000540904 -1.912073851 0.004929983 0.000574670 0.999987662 69.457984924
0.999962330 0.007531568 -0.004313429 1.198578596 -0.007535593 0.999971211 -0.000916858 -1.930264950 0.004306398 0.000949328 0.999990284 70.004577637
0.999963880 0.007342750 -0.004269290 1.206078887 -0.007344021 0.999973059 -0.000282305 -1.949818730 0.004267102 0.000313648 0.999990880 70.559303284
0.999964774 0.006984854 -0.004654160 1.225202203 -0.006990460 0.999974847 -0.001189543 -1.952413678 0.004645733 0.001222036 0.999988437 71.123741150
0.999968886 0.006155943 -0.004937341 1.239322186 -0.006163628 0.999979734 -0.001543218 -1.961512923 0.004927741 0.001573602 0.999986649 71.695106506
0.999964476 0.007231588 -0.004331303 1.241535425 -0.007236705 0.999973118 -0.001166828 -1.991305947 0.004322748 0.001198131 0.999989927 72.233993530
0.999963164 0.007385771 -0.004373828 1.241530299 -0.007393012 0.999971330 -0.001641651 -2.003096342 0.004361577 0.001673927 0.999989033 72.774581909
0.999968231 0.006830288 -0.004105426 1.257548213 -0.006837568 0.999975085 -0.001761663 -2.018563271 0.004093292 0.001789678 0.999990046 73.330383301
0.999959469 0.008136744 -0.003860472 1.263676524 -0.008142047 0.999965906 -0.001359739 -2.035650730 0.003849276 0.001391116 0.999991596 73.873504639
0.999954462 0.008921036 -0.003376715 1.269357920 -0.008926393 0.999958932 -0.001575259 -2.061168194 0.003362522 0.001605329 0.999993026 74.419647217
0.999963164 0.007748667 -0.003686073 1.281174898 -0.007754139 0.999968827 -0.001472836 -2.072672129 0.003674545 0.001501365 0.999992132 74.958076477
0.999953091 0.009067887 -0.003407060 1.288146138 -0.009072728 0.999957860 -0.001408173 -2.085726500 0.003394147 0.001439019 0.999993205 75.530792236
0.999959290 0.008426710 -0.003217507 1.289778233 -0.008432981 0.999962568 -0.001940286 -2.102914572 0.003201036 0.001967340 0.999992967 76.068916321
0.999950945 0.009387030 -0.003166096 1.304215193 -0.009393540 0.999953806 -0.002047176 -2.116593838 0.003146732 0.002076817 0.999992847 76.607528687
0.999953568 0.009147407 -0.003020982 1.313690782 -0.009153492 0.999956071 -0.002006136 -2.133768559 0.003002498 0.002033696 0.999993443 77.161872864
0.999945223 0.010015181 -0.003023833 1.319261193 -0.010021931 0.999947309 -0.002225762 -2.147786379 0.003001383 0.002255945 0.999992967 77.708946228
0.999942243 0.010393681 -0.002703120 1.324179292 -0.010398990 0.999944031 -0.001957682 -2.170223951 0.002682620 0.001985679 0.999994397 78.265144348
0.999941170 0.010488812 -0.002801679 1.335251927 -0.010495400 0.999942124 -0.002346810 -2.178865433 0.002776901 0.002376077 0.999993265 78.790138245
0.999951422 0.009526464 -0.002530609 1.343576193 -0.009531482 0.999952614 -0.001978275 -2.202640057 0.002511644 0.002002300 0.999994814 79.365707397
0.999950588 0.009572568 -0.002687159 1.362008214 -0.009577550 0.999952376 -0.001847540 -2.220342875 0.002669346 0.001873185 0.999994636 79.912612915
0.999954939 0.009042367 -0.002893765 1.374512196 -0.009049820 0.999955714 -0.002572891 -2.232135296 0.002870372 0.002598963 0.999992490 80.494964600
0.999951065 0.009710547 -0.001887417 1.380471945 -0.009715685 0.999949038 -0.002733561 -2.244796515 0.001860777 0.002751765 0.999994457 81.020515442
0.999957383 0.009220066 -0.000491813 1.392871857 -0.009221368 0.999953806 -0.002709983 -2.260018110 0.000466805 0.002714403 0.999996185 81.564796448
0.999969542 0.007818920 -0.000213954 1.417728066 -0.007819494 0.999965429 -0.002827131 -2.275720119 0.000191842 0.002828717 0.999996006 82.092910767
0.999947071 0.010088707 0.002032236 1.411698341 -0.010082894 0.999945104 -0.002849907 -2.290121078 -0.002060877 0.002829265 0.999993861 82.617263794
0.999933243 0.010173311 0.005483514 1.428200603 -0.010160215 0.999945462 -0.002410796 -2.314946651 -0.005507742 0.002354922 0.999982059 83.152008057
0.999920547 0.009051652 0.008771564 1.454959869 -0.009028224 0.999955595 -0.002706697 -2.324809551 -0.008795672 0.002627289 0.999957860 83.710685730
0.999877155 0.009802439 0.012229499 1.474537969 -0.009772812 0.999949098 -0.002480068 -2.345807791 -0.012253187 0.002360248 0.999922156 84.243072510
0.999822795 0.009642795 0.016166624 1.500774860 -0.009603970 0.999950767 -0.002477512 -2.363654137 -0.016189719 0.002321810 0.999866247 84.800033569
0.999694467 0.010137946 0.022541979 1.521007061 -0.010087332 0.999946356 -0.002357994 -2.379338980 -0.022564678 0.002129885 0.999743044 85.344100952
0.999558866 0.009589984 0.028103923 1.565117598 -0.009522276 0.999951422 -0.002542022 -2.395539522 -0.028126936 0.002273287 0.999601781 85.845123291
0.999370098 0.009601989 0.034162480 1.588965535 -0.009519842 0.999951303 -0.002566459 -2.414446115 -0.034185458 0.002239621 0.999413013 86.406433105
0.999035895 0.010162378 0.042707447 1.628977299 -0.010052318 0.999945581 -0.002791058 -2.428400517 -0.042733487 0.002359058 0.999083638 86.950416565
0.998668909 0.009660583 0.050666668 1.678616762 -0.009521789 0.999950349 -0.002980047 -2.447347641 -0.050692942 0.002493643 0.998711169 87.468009949
0.998303056 0.009416165 0.057466149 1.728209496 -0.009252401 0.999952316 -0.003115151 -2.460500240 -0.057492740 0.002578164 0.998342514 88.032699585
0.997768462 0.009004036 0.066160582 1.787963390 -0.008820579 0.999956369 -0.003064517 -2.476786137 -0.066185288 0.002474104 0.997804284 88.551856995
0.997049510 0.008886263 0.076244771 1.853172302 -0.008639657 0.999956310 -0.003563640 -2.492533922 -0.076273128 0.002894396 0.997082770 89.092346191
0.996356726 0.008561339 0.084851973 1.916615009 -0.008288219 0.999959290 -0.003570534 -2.505466700 -0.084879078 0.002854253 0.996387184 89.616050720
0.995711505 0.007953464 0.092170268 1.982758045 -0.007629884 0.999963522 -0.003862506 -2.524274349 -0.092197634 0.003142694 0.995735765 90.149093628
0.994748116 0.007773493 0.102057256 2.065768242 -0.007379431 0.999963820 -0.004238169 -2.530923843 -0.102086514 0.003462786 0.994769514 90.686836243
0.993667126 0.007512450 0.112113476 2.159197807 -0.007081659 0.999965847 -0.004240198 -2.549849033 -0.112141527 0.003419395 0.993686378 91.216743469
0.992589176 0.006739314 0.121331513 2.243110657 -0.006273864 0.999971390 -0.004217811 -2.573977232 -0.121356472 0.003425336 0.992603064 91.741531372
0.991143286 0.006399037 0.132642359 2.342836380 -0.005862898 0.999972939 -0.004432160 -2.587484121 -0.132667139 0.003615237 0.991154075 92.275909424
0.989360929 0.006117492 0.145353287 2.439373970 -0.005531733 0.999974847 -0.004433729 -2.603022814 -0.145376757 0.003582503 0.989369869 92.815872192
0.987859190 0.004468938 0.155287698 2.554162979 -0.003738432 0.999980569 -0.004995930 -2.616908312 -0.155306995 0.004354744 0.987856627 93.368499756
0.986015677 0.005449321 0.166563272 2.653894424 -0.004686313 0.999976635 -0.004973589 -2.633720875 -0.166586474 0.004123470 0.986018181 93.897315979
0.983742356 0.005416174 0.179504007 2.772608757 -0.004738348 0.999980032 -0.004204643 -2.659483910 -0.179523185 0.003285733 0.983748257 94.436080933
0.981450438 0.004882026 0.191653833 2.901694298 -0.004062795 0.999980867 -0.004667276 -2.675579786 -0.191672951 0.003802049 0.981451511 94.949798584
0.979464293 0.004778052 0.201560959 3.042037964 -0.003824605 0.999979556 -0.005119495 -2.686994553 -0.201581299 0.004243472 0.979462564 95.505233765
0.976605475 0.005452276 0.214970037 3.184570312 -0.004521006 0.999978065 -0.004823545 -2.703152895 -0.214991644 0.003738819 0.976608694 96.032272339
0.973680198 0.004610339 0.227872014 3.325008392 -0.003613143 0.999981999 -0.004793085 -2.732132912 -0.227890000 0.003843597 0.973679304 96.542610168
0.971022308 0.004998736 0.238936603 3.477336884 -0.003969396 0.999980628 -0.004789003 -2.741793394 -0.238955900 0.003701795 0.971023321 97.065338135
0.968365312 0.003083218 0.249517560 3.640653610 -0.001814512 0.999984205 -0.005314493 -2.756082535 -0.249530002 0.004693619 0.968355715 97.594619751
0.964728415 0.003673883 0.263221651 3.806169510 -0.002541990 0.999985993 -0.004640585 -2.780900717 -0.263235003 0.003807798 0.964724243 98.100975037
0.961325049 0.003045029 0.275399536 3.980197906 -0.001660733 0.999984741 -0.005259552 -2.794885635 -0.275411367 0.004598775 0.961315393 98.630073547
0.958021641 0.002169625 0.286687732 4.155103683 -0.000880951 0.999988914 -0.004623953 -2.822057009 -0.286694646 0.004177290 0.958012938 99.111305237
0.953681231 0.002077545 0.300811738 4.341484070 -0.000706857 0.999988794 -0.004665394 -2.835337400 -0.300818115 0.004236669 0.953672111 99.635833740
0.949187279 0.001359167 0.314708740 4.536447525 0.000162830 0.999988556 -0.004809866 -2.857894421 -0.314711690 0.004616708 0.949176073 100.148880005
0.945446849 0.001026410 0.325774878 4.743265152 0.000579491 0.999988198 -0.004832403 -2.874623299 -0.325775892 0.004757564 0.945435047 100.665824890
0.940849960 0.001043324 0.338821828 4.952310562 0.000482945 0.999990165 -0.004420295 -2.899975300 -0.338823050 0.004322467 0.940840244 101.157135010
0.935299397 0.000936766 0.353856206 5.162025452 0.000641074 0.999990284 -0.004341742 -2.925624847 -0.353856862 0.004287676 0.935289741 101.720527649
0.930133522 0.001610665 0.367218018 5.379337311 -0.000368799 0.999993861 -0.003451962 -2.944015026 -0.367221355 0.003075355 0.930128455 102.234558105
0.925879359 0.000263961 0.377819121 5.611978531 0.001226904 0.999992311 -0.003705275 -2.967033863 -0.377817273 0.003894185 0.925871909 102.711654663
0.920096159 -0.000050673 0.391692609 5.849109650 0.001713075 0.999990940 -0.003894689 -2.977982521 -0.391688943 0.004254486 0.920087874 103.206230164
0.914138734 -0.000306570 0.405401289 6.107162476 0.001717704 0.999993682 -0.003117040 -3.002257347 -0.405397743 0.003545766 0.914133489 103.742874146
0.909305334 -0.000666984 0.416128933 6.348373413 0.002047674 0.999993801 -0.002871660 -3.018638372 -0.416124493 0.003463313 0.909301043 104.216590881
0.903670967 -0.000722534 0.428226888 6.625396729 0.002598535 0.999989331 -0.003796339 -3.036059856 -0.428219497 0.004543403 0.903663278 104.732109070
0.897065639 -0.000755005 0.441896588 6.884853363 0.002741271 0.999988794 -0.003856342 -3.043666840 -0.441888720 0.004670750 0.897057712 105.223983765
0.891313493 -0.001508252 0.453385085 7.166870117 0.003428405 0.999988317 -0.003413321 -3.086083412 -0.453374624 0.004596727 0.891308188 105.675521851
0.885558844 -0.002243356 0.464522004 7.432781219 0.004107917 0.999987066 -0.003001956 -3.101627588 -0.464509279 0.004566626 0.885556400 106.137504578
0.878230572 -0.002407858 0.478231460 7.748580933 0.004048608 0.999988914 -0.002400051 -3.151932001 -0.478220314 0.004043970 0.878230572 106.595947266
0.871312678 -0.002471170 0.490722120 8.033737183 0.004093709 0.999989092 -0.002232949 -3.170703650 -0.490711272 0.003954470 0.871313274 107.049461365
