1.000000000 0.000000000 0.000000000 0.000000000 0.000000000 1.000000000 0.000000000 0.000000000 0.000000000 0.000000000 1.000000000 0.000000000
1.000000000 0.000022694 -0.000021273 0.000444024 -0.000022695 1.000000000 -0.000038031 0.000772573 0.000021272 0.000038031 1.000000000 0.000389149
1.000000000 0.000027268 0.000032976 -0.000053826 -0.000027269 1.000000000 0.000036381 0.000068339 -0.000032975 -0.000036382 1.000000000 0.000081472
1.000000000 -0.000137120 0.000050975 -0.000012775 0.000137121 1.000000000 -0.000025251 0.000766265 -0.000050971 0.000025258 1.000000000 0.000144254
1.000000000 -0.000122150 0.000044564 -0.000148585 0.000122147 1.000000000 0.000056508 -0.000229445 -0.000044571 -0.000056502 1.000000000 -0.000520886
1.000000000 0.000034647 0.000116203 -0.000464251 -0.000034644 1.000000000 -0.000025584 0.000819637 -0.000116204 0.000025580 1.000000000 0.000058537
1.000000000 -0.000095597 0.000070610 0.000161942 0.000095597 1.000000000 -0.000001181 0.000481055 -0.000070610 0.000001187 1.000000000 0.000257227
1.000000000 0.000007070 0.000065691 -0.000526327 -0.000007076 1.000000000 0.000092097 -0.000114596 -0.000065690 -0.000092097 1.000000000 -0.000115920
1.000000000 -0.000034899 -0.000001710 -0.000721859 0.000034899 1.000000000 -0.000083454 -0.000085981 0.000001713 0.000083454 1.000000000 -0.001090765
1.000000000 -0.000046214 0.000080987 -0.000088754 0.000046211 1.000000000 0.000040928 -0.000724893 -0.000080989 -0.000040925 1.000000000 -0.000410949
1.000000000 0.000072026 0.000053060 -0.000834152 -0.000072029 1.000000000 0.000056692 -0.000900464 -0.000053056 -0.000056696 1.000000000 -0.000636299
1.000000000 -0.000043685 0.000071178 -0.001120158 0.000043682 1.000000000 0.000037846 -0.000453103 -0.000071180 -0.000037843 1.000000000 -0.001076291
1.000000000 0.000053410 0.000033276 -0.000812250 -0.000053408 1.000000000 -0.000075492 -0.000338736 -0.000033280 0.000075490 1.000000000 -0.001540923
1.000000000 0.000042666 0.000067850 -0.000993643 -0.000042664 1.000000000 -0.000026016 0.000493402 -0.000067851 0.000026013 1.000000000 0.000289533
1.000000000 0.000029218 0.000047725 -0.000965581 -0.000029212 1.000000000 -0.000116174 0.001252219 -0.000047728 0.000116172 1.000000000 0.000888755
1.000000000 -0.000010795 -0.000031565 0.000329647 0.000010793 1.000000000 -0.000073886 0.001262620 0.000031565 0.000073886 1.000000000 0.001313540
1.000000000 0.000080559 0.000102268 -0.000963299 -0.000080543 1.000000000 -0.000151871 0.002283522 -0.000102280 0.000151862 1.000000000 0.002560135
1.000000000 0.000147379 0.000081254 -0.001307833 -0.000147367 1.000000000 -0.000159429 0.001886396 -0.000081277 0.000159417 1.000000000 0.001669848
1.000000000 0.000159904 0.000147340 -0.001446905 -0.000159890 1.000000000 -0.000092660 0.001910813 -0.000147355 0.000092637 1.000000000 0.002298998
1.000000000 0.000100161 0.000155809 -0.001366508 -0.000100147 1.000000000 -0.000089820 0.001075596 -0.000155818 0.000089804 1.000000000 0.001374417
1.000000000 0.000029681 0.000072194 -0.001039552 -0.000029680 1.000000000 -0.000025726 0.000308902 -0.000072195 0.000025723 1.000000000 0.000700789
1.000000000 0.000142264 0.000056408 -0.000771261 -0.000142263 1.000000000 -0.000018635 0.001269451 -0.000056410 0.000018627 1.000000000 0.000865287
1.000000000 0.000077664 0.000002891 -0.000521385 -0.000077664 1.000000000 -0.000073468 0.001318990 -0.000002897 0.000073468 1.000000000 0.002188311
1.000000000 0.000106805 0.000086088 -0.001226685 -0.000106799 1.000000000 -0.000071672 0.001698391 -0.000086095 0.000071662 1.000000000 0.002474793
0.999999940 0.000336131 0.000037769 -0.001103122 -0.000336129 0.999999940 -0.000067383 0.002369539 -0.000037791 0.000067370 1.000000000 0.003688068
0.999999940 0.000238260 0.000106142 -0.001519088 -0.000238253 0.999999940 -0.000065250 0.002204137 -0.000106157 0.000065225 1.000000000 0.001894686
1.000000000 0.000052237 0.000105309 -0.000500712 -0.000052229 1.000000000 -0.000071060 0.002436547 -0.000105313 0.000071055 1.000000000 0.002969571
1.000000000 0.000121082 0.000182174 -0.001802972 -0.000121075 1.000000000 -0.000037441 0.001564211 -0.000182178 0.000037419 1.000000000 0.002299221
1.000000000 0.000123880 0.000069062 -0.001246953 -0.000123876 1.000000000 -0.000067700 0.002286313 -0.000069070 0.000067691 1.000000000 0.002292558
1.000000000 0.000043958 0.000088818 -0.001575319 -0.000043951 1.000000000 -0.000083552 0.001120926 -0.000088822 0.000083548 1.000000000 0.001634093
1.000000000 0.000128367 0.000197334 -0.001904550 -0.000128365 1.000000000 -0.000010685 0.000962959 -0.000197335 0.000010660 1.000000000 0.001919183
1.000000000 0.000110595 0.000190928 -0.001390588 -0.000110581 1.000000000 -0.000076178 0.002116490 -0.000190937 0.000076157 1.000000000 0.003743640
1.000000000 0.000206757 0.000098585 -0.000893258 -0.000206736 0.999999940 -0.000211718 0.003331122 -0.000098629 0.000211697 1.000000000 0.003801474
1.000000000 0.000081878 0.000132405 -0.000850843 -0.000081865 1.000000000 -0.000098116 0.001664425 -0.000132413 0.000098105 1.000000000 0.001880000
0.999999940 0.000204637 0.000184239 -0.002498670 -0.000204609 0.999999940 -0.000152141 0.002097866 -0.000184270 0.000152103 1.000000000 0.002563069
1.000000000 0.000155752 0.000174752 -0.001633179 -0.000155738 1.000000000 -0.000080154 0.001055908 -0.000174764 0.000080126 1.000000000 0.001557325
1.000000000 0.000092842 0.000046859 -0.002069016 -0.000092843 1.000000000 0.000020118 0.000484735 -0.000046858 -0.000020122 1.000000000 0.000317657
1.000000000 0.000137957 0.000084410 -0.001439588 -0.000137954 1.000000000 -0.000034669 0.001905445 -0.000084415 0.000034658 1.000000000 0.002278619
0.999999940 0.000181959 0.000186298 -0.001928104 -0.000181947 1.000000000 -0.000063627 0.001842806 -0.000186309 0.000063593 1.000000000 0.001821475
1.000000000 0.000206639 0.000121499 -0.000926424 -0.000206627 1.000000000 -0.000099740 0.002925630 -0.000121520 0.000099714 1.000000000 0.003202139
1.000000000 -0.000002592 0.000059542 0.000282991 0.000002598 1.000000000 -0.000099500 0.000796332 -0.000059542 0.000099500 1.000000000 0.002529012
0.999999762 0.000564583 0.000118549 0.000017965 -0.000564510 0.999999583 -0.000619467 -0.001669632 -0.000118899 0.000619400 0.999999821 0.052733064
0.999999821 0.000444151 0.000150219 0.001557183 -0.000443960 0.999999046 -0.001270732 -0.002410431 -0.000150784 0.001270665 0.999999225 0.142311320
0.999999464 0.000906827 0.000443610 0.001132499 -0.000906325 0.999998927 -0.001131390 -0.008488087 -0.000444635 0.001130987 0.999999285 0.254799694
0.999999464 0.000930350 0.000486085 0.003952141 -0.000929802 0.999998927 -0.001126631 -0.010741366 -0.000487133 0.001126179 0.999999285 0.387237251
0.999999464 0.000905286 0.000438970 0.005766128 -0.000904900 0.999999225 -0.000878171 -0.014743876 -0.000439764 0.000877773 0.999999583 0.531327128
0.999999583 0.000731844 0.000379226 0.010275016 -0.000731689 0.999999583 -0.000407918 -0.023715660 -0.000379525 0.000407641 0.999999821 0.681007206
0.999999821 0.000375909 0.000338185 0.015790878 -0.000375814 0.999999881 -0.000282112 -0.026104232 -0.000338291 0.000281985 0.999999881 0.841624260
0.999999702 0.000655142 0.000430296 0.016056692 -0.000654974 0.999999702 -0.000391907 -0.029272823 -0.000430553 0.000391625 0.999999821 1.016677260
0.999999523 0.000845246 0.000367769 0.020199919 -0.000845160 0.999999583 -0.000233828 -0.035223354 -0.000367966 0.000233517 0.999999881 1.191216826
0.999999583 0.000805510 0.000466563 0.023583848 -0.000805593 0.999999642 0.000178679 -0.043787390 -0.000466419 -0.000179055 0.999999881 1.371106982
0.999999583 0.000879956 0.000260932 0.028366752 -0.000879967 0.999999523 0.000040138 -0.045624845 -0.000260897 -0.000040367 1.000000000 1.565322876
0.999999583 0.000670837 0.000461303 0.030857757 -0.000670979 0.999999642 0.000308273 -0.053545687 -0.000461096 -0.000308582 0.999999821 1.762313843
0.999999523 0.000824278 0.000691252 0.031424113 -0.000824672 0.999999523 0.000568942 -0.060512062 -0.000690783 -0.000569511 0.999999583 1.959133863
0.999999762 0.000423450 0.000565905 0.037968211 -0.000423841 0.999999642 0.000691561 -0.069623038 -0.000565612 -0.000691800 0.999999523 2.165120602
0.999999583 0.000662351 0.000541758 0.042150278 -0.000662685 0.999999583 0.000616909 -0.073076919 -0.000541350 -0.000617268 0.999999583 2.382695198
0.999999344 0.000976482 0.000634784 0.046432815 -0.000976848 0.999999344 0.000577250 -0.077815115 -0.000634220 -0.000577870 0.999999642 2.609238148
0.999999404 0.000728105 0.000740676 0.052006356 -0.000728566 0.999999523 0.000622741 -0.084872670 -0.000740222 -0.000623280 0.999999523 2.833873987
0.999999583 0.000671566 0.000687288 0.056697804 -0.000672087 0.999999523 0.000758043 -0.089746557 -0.000686779 -0.000758504 0.999999464 3.074059725
0.999999344 0.001001286 0.000544903 0.064078905 -0.001001793 0.999999046 0.000932005 -0.098494038 -0.000543969 -0.000932550 0.999999404 3.312080860
0.999999642 0.000501190 0.000681234 0.068272613 -0.000501876 0.999999285 0.001006630 -0.108334683 -0.000680728 -0.001006971 0.999999285 3.560614347
0.999999344 0.000851711 0.000728910 0.073265187 -0.000852298 0.999999225 0.000805955 -0.113956928 -0.000728223 -0.000806576 0.999999464 3.820555925
0.999999106 0.000930569 0.000942872 0.073697038 -0.000931255 0.999999285 0.000727357 -0.117792062 -0.000942195 -0.000728234 0.999999285 4.074440002
0.999998629 0.001336875 0.000955643 0.080514304 -0.001337508 0.999998927 0.000662040 -0.121367298 -0.000954757 -0.000663317 0.999999344 4.333991528
0.999998629 0.000925155 0.001315031 0.080784842 -0.000926227 0.999999225 0.000814758 -0.131490916 -0.001314276 -0.000815975 0.999998748 4.589926243
0.999998152 0.001342461 0.001370810 0.086518690 -0.001344037 0.999998450 0.001149871 -0.142033279 -0.001369264 -0.001151711 0.999998391 4.841642380
0.999997377 0.001732716 0.001488627 0.090951510 -0.001735036 0.999997258 0.001558911 -0.150394946 -0.001485921 -0.001561490 0.999997616 5.104293346
0.999997616 0.001478900 0.001624751 0.095337465 -0.001480918 0.999998271 0.001241594 -0.158815697 -0.001622912 -0.001243997 0.999997914 5.359795570
0.999997497 0.001427985 0.001711353 0.098710567 -0.001429973 0.999998331 0.001160998 -0.167188361 -0.001709692 -0.001163442 0.999997795 5.625246048
0.999997556 0.001435559 0.001670780 0.101156056 -0.001437634 0.999998212 0.001241935 -0.175094232 -0.001668994 -0.001244334 0.999997854 5.894361019
0.999996841 0.001761189 0.001780308 0.103169464 -0.001763194 0.999997854 0.001125558 -0.184828877 -0.001778321 -0.001128693 0.999997795 6.171002388
0.999997377 0.001338317 0.001851418 0.118247144 -0.001340598 0.999998331 0.001231052 -0.188139319 -0.001849767 -0.001233531 0.999997556 6.464943409
0.999997199 0.001404492 0.001879076 0.120702557 -0.001407287 0.999997914 0.001486860 -0.200030088 -0.001876983 -0.001489500 0.999997199 6.740629196
0.999996841 0.001826639 0.001723848 0.132483959 -0.001828535 0.999997735 0.001098745 -0.201534882 -0.001721837 -0.001101893 0.999997914 7.050623417
0.999996603 0.001979784 0.001696418 0.138923854 -0.001981371 0.999997735 0.000934058 -0.208630964 -0.001694565 -0.000937416 0.999998093 7.354707241
0.999997079 0.001772931 0.001643023 0.142870799 -0.001774539 0.999997973 0.000978045 -0.220831871 -0.001641285 -0.000980958 0.999998212 7.654706478
0.999997258 0.001584917 0.001731546 0.151974171 -0.001587118 0.999998033 0.001270849 -0.231543437 -0.001729529 -0.001273594 0.999997616 7.982344627
0.999994814 0.002190238 0.002354284 0.152119398 -0.002192733 0.999997020 0.001057520 -0.241599932 -0.002351961 -0.001062677 0.999996662 8.292297363
0.999995351 0.002110486 0.002194343 0.160848811 -0.002112979 0.999997139 0.001134634 -0.251416773 -0.002191942 -0.001139265 0.999996960 8.618005753
0.999995291 0.002034425 0.002263832 0.167803749 -0.002037133 0.999997199 0.001194441 -0.258868486 -0.002261395 -0.001199047 0.999996722 8.952081680
0.999995172 0.002039481 0.002336646 0.176198095 -0.002042481 0.999997079 0.001281845 -0.273469955 -0.002334025 -0.001286611 0.999996424 9.282153130
0.999993384 0.002769748 0.002348750 0.181903973 -0.002773058 0.999995172 0.001407143 -0.283214420 -0.002344841 -0.001413647 0.999996245 9.630259514
0.999994695 0.002287676 0.002299474 0.192868978 -0.002291713 0.999995828 0.001754852 -0.294283986 -0.002295450 -0.001760113 0.999995828 9.974332809
0.999995172 0.002375086 0.001982147 0.197867841 -0.002377931 0.999996245 0.001434422 -0.302491575 -0.001978732 -0.001439128 0.999997020 10.352113724
0.999995351 0.002259496 0.002046670 0.205949277 -0.002262203 0.999996603 0.001321424 -0.313452333 -0.002043676 -0.001326048 0.999997079 10.707683563
0.999995410 0.002244085 0.002020806 0.213647187 -0.002246923 0.999996483 0.001403266 -0.321293473 -0.002017650 -0.001407800 0.999996960 11.084648132
0.999995470 0.002293017 0.001916114 0.224527419 -0.002295613 0.999996424 0.001354167 -0.330301821 -0.001913002 -0.001358560 0.999997199 11.471984863
0.999993384 0.002884073 0.002197817 0.232154429 -0.002886079 0.999995351 0.000909714 -0.336583287 -0.002195183 -0.000916051 0.999997139 11.852898598
0.999994993 0.002384759 0.002046170 0.241708368 -0.002388722 0.999995291 0.001936348 -0.358067870 -0.002041543 -0.001941226 0.999996006 12.241628647
0.999995649 0.002013969 0.002128797 0.251276135 -0.002018752 0.999995470 0.002247159 -0.373492926 -0.002124262 -0.002251447 0.999995172 12.629773140
0.999992490 0.002723624 0.002767798 0.249839202 -0.002729675 0.999993861 0.002184757 -0.380520910 -0.002761831 -0.002192296 0.999993801 13.033883095
0.999992847 0.002710957 0.002649599 0.263884604 -0.002715891 0.999994516 0.001860423 -0.393197745 -0.002644541 -0.001867606 0.999994695 13.423677444
0.999992013 0.002704930 0.002951398 0.266240984 -0.002710861 0.999994278 0.002007215 -0.404445678 -0.002945952 -0.002015200 0.999993563 13.848924637
0.999988616 0.003374352 0.003354755 0.271616787 -0.003382171 0.999991596 0.002327738 -0.417596459 -0.003346873 -0.002339058 0.999991655 14.270829201
0.999984682 0.003680386 0.004141233 0.276316553 -0.003687835 0.999991715 0.001792492 -0.429335415 -0.004134602 -0.001807737 0.999989808 14.689823151
0.999986351 0.003541744 0.003818486 0.298625797 -0.003550616 0.999991000 0.002319430 -0.441773772 -0.003810236 -0.002332956 0.999989986 15.112917900
0.999986887 0.003170449 0.004006582 0.308288157 -0.003181130 0.999991357 0.002662438 -0.462149799 -0.003998107 -0.002675148 0.999988377 15.550020218
0.999985039 0.003009686 0.004555972 0.316809893 -0.003020837 0.999992430 0.002442777 -0.468924016 -0.004548585 -0.002456503 0.999986589 15.998959541
0.999980927 0.003558714 0.005034847 0.325845599 -0.003572040 0.999990106 0.002640250 -0.484747946 -0.005025400 -0.002658184 0.999983847 16.431840897
0.999979317 0.003715771 0.005248844 0.335588902 -0.003726773 0.999990880 0.002087869 -0.494492441 -0.005241038 -0.002107388 0.999984026 16.876321793
0.999979734 0.003405809 0.005370657 0.345068336 -0.003420075 0.999990642 0.002649464 -0.510916710 -0.005361583 -0.002667779 0.999982059 17.330846786
0.999978244 0.003555633 0.005555195 0.357372880 -0.003571500 0.999989569 0.002848895 -0.524383247 -0.005545008 -0.002868674 0.999980509 17.788051605
0.999979079 0.003083262 0.005688320 0.372928739 -0.003097694 0.999991953 0.002530078 -0.535481572 -0.005680474 -0.002547646 0.999980628 18.253440857
0.999976814 0.003303359 0.005959654 0.387625813 -0.003318788 0.999991119 0.002580964 -0.544071913 -0.005951076 -0.002600682 0.999978900 18.730079651
0.999973714 0.003485678 0.006360274 0.389435649 -0.003505873 0.999988854 0.003166683 -0.574753761 -0.006349166 -0.003188898 0.999974728 19.195087433
0.999978185 0.003272487 0.005738706 0.409147710 -0.003290446 0.999989629 0.003122748 -0.586293519 -0.005728428 -0.003141562 0.999978662 19.669034958
0.999979377 0.003404998 0.005434203 0.416747510 -0.003422701 0.999988854 0.003251725 -0.598062992 -0.005423069 -0.003270258 0.999980032 20.159656525
0.999977648 0.002973982 0.005978474 0.428737879 -0.002992989 0.999990463 0.003172904 -0.616656065 -0.005968980 -0.003190727 0.999977112 20.639625549
0.999984682 0.002343402 0.005021565 0.444318116 -0.002362852 0.999989688 0.003870915 -0.635233641 -0.005012442 -0.003882721 0.999979913 21.142343521
0.999985218 0.002815554 0.004635362 0.450854659 -0.002828984 0.999991834 0.002893098 -0.637359917 -0.004627178 -0.002906169 0.999985099 21.655721664
0.999985516 0.002984418 0.004481564 0.461858988 -0.002995353 0.999992549 0.002435206 -0.646595418 -0.004474263 -0.002448594 0.999987006 22.175731659
0.999986470 0.003103408 0.004176851 0.476468205 -0.003115941 0.999990642 0.002997259 -0.669635892 -0.004167511 -0.003010233 0.999986768 22.660173416
0.999988616 0.003242617 0.003485645 0.486256540 -0.003252883 0.999990404 0.002943331 -0.682570696 -0.003476067 -0.002954636 0.999989510 23.176723480
0.999992847 0.002631059 0.002707971 0.502583683 -0.002639969 0.999991119 0.003292296 -0.702916205 -0.002699285 -0.003299422 0.999990940 23.686613083
0.999997079 0.000959145 0.002193008 0.510696352 -0.000966398 0.999994099 0.003309190 -0.721920371 -0.002189821 -0.003311300 0.999992132 24.210678101
0.999996722 0.001917620 0.001694692 0.520186305 -0.001923298 0.999992669 0.003355513 -0.738038898 -0.001688245 -0.003358762 0.999992907 24.743600845
0.999997258 0.002038044 0.001161273 0.530291140 -0.002042155 0.999991596 0.003549875 -0.752229095 -0.001154029 -0.003552237 0.999993026 25.277984619
0.999996603 0.002587109 0.000273306 0.535401881 -0.002588078 0.999990165 0.003608950 -0.769691825 -0.000263967 -0.003609645 0.999993384 25.809490204
0.999997199 0.002350140 -0.000125735 0.546723783 -0.002349680 0.999990940 0.003542276 -0.784822941 0.000134059 -0.003541970 0.999993742 26.354852676
0.999997497 0.002218012 -0.000224204 0.554653704 -0.002217136 0.999990225 0.003830711 -0.794196665 0.000232698 -0.003830205 0.999992609 26.905435562
0.999996662 0.002523753 -0.000748411 0.566977203 -0.002520689 0.999988496 0.004067258 -0.818007529 0.000758666 -0.004065357 0.999991477 27.447774887
0.999994934 0.003096427 -0.000796425 0.573084831 -0.003093380 0.999987960 0.003800865 -0.829204917 0.000808185 -0.003798381 0.999992549 28.003980637
0.999993622 0.003218748 -0.001521362 0.587927341 -0.003212790 0.999987245 0.003902281 -0.843172431 0.001533903 -0.003897369 0.999991238 28.544790268
0.999991238 0.004138937 -0.000667208 0.596653581 -0.004136201 0.999983251 0.004052107 -0.848842025 0.000683967 -0.004049311 0.999991596 29.130109787
0.999994338 0.002955334 -0.001620918 0.601524830 -0.002949266 0.999988675 0.003733211 -0.870493650 0.001631933 -0.003728410 0.999991715 29.630699158
0.999992788 0.003406700 -0.001660108 0.605248034 -0.003400384 0.999987006 0.003792651 -0.883081496 0.001673007 -0.003786979 0.999991417 30.169198990
0.999991238 0.003646449 -0.002054957 0.618405223 -0.003638961 0.999986768 0.003636337 -0.893734038 0.002068190 -0.003628828 0.999991298 30.714286804
0.999991298 0.003441536 -0.002341569 0.631489217 -0.003432481 0.999986649 0.003860168 -0.909383893 0.002354823 -0.003852098 0.999989748 31.249044418
0.999985456 0.004711437 -0.002624889 0.637815714 -0.004701188 0.999981403 0.003897130 -0.920677841 0.002643202 -0.003884733 0.999988914 31.801052094
0.999988377 0.003521387 -0.003267754 0.655852914 -0.003508687 0.999986291 0.003883718 -0.934593737 0.003281385 -0.003872207 0.999987125 32.370590210
0.999986291 0.003693510 -0.003705595 0.653510153 -0.003679371 0.999985933 0.003814908 -0.956740379 0.003719633 -0.003801221 0.999985814 32.888908386
0.999988437 0.003376254 -0.003431233 0.667977393 -0.003362916 0.999986768 0.003885521 -0.964235544 0.003444307 -0.003873937 0.999986529 33.456214905
0.999988317 0.003569511 -0.003243173 0.676877320 -0.003556496 0.999985635 0.004010114 -0.977460980 0.003257440 -0.003998533 0.999986708 34.010501862
0.999986470 0.003890241 -0.003450432 0.683039844 -0.003876314 0.999984324 0.004033909 -0.988354504 0.003466071 -0.004020479 0.999985933 34.559265137
0.999985814 0.003717940 -0.003796096 0.696976125 -0.003701673 0.999983847 0.004283183 -1.009765744 0.003811960 -0.004269070 0.999983668 35.085693359
0.999985397 0.003992710 -0.003638573 0.700579464 -0.003978673 0.999984622 0.003856872 -1.015652180 0.003653917 -0.003842339 0.999985933 35.622142792
0.999983490 0.003800475 -0.004312516 0.732073367 -0.003783673 0.999985218 0.003897492 -1.022839546 0.004327265 -0.003881110 0.999983132 36.204811096
0.999986768 0.003697289 -0.003617926 0.720974445 -0.003684655 0.999987125 0.003492309 -1.040330291 0.003630791 -0.003478931 0.999987364 36.734683990
0.999986172 0.003627351 -0.003811620 0.729573548 -0.003614198 0.999987483 0.003451917 -1.051725268 0.003824094 -0.003438093 0.999986768 37.282085419
0.999987185 0.003456965 -0.003681534 0.736874282 -0.003444360 0.999988198 0.003424484 -1.064774275 0.003693328 -0.003411760 0.999987364 37.828041077
0.999981642 0.003792914 -0.004708618 0.757004201 -0.003779074 0.999988496 0.002944683 -1.074038029 0.004719734 -0.002926835 0.999984562 38.375122070
0.999979496 0.004424422 -0.004626202 0.760100484 -0.004411390 0.999986291 0.002823567 -1.084128857 0.004638632 -0.002803101 0.999985278 38.921829224
0.999980569 0.003931265 -0.004842198 0.776756227 -0.003917038 0.999988019 0.002943906 -1.101790786 0.004853713 -0.002924881 0.999983966 39.460823059
0.999979615 0.003599318 -0.005276660 0.788492739 -0.003585357 0.999989986 0.002653009 -1.115740180 0.005286157 -0.002634036 0.999982536 40.011119843
0.999977469 0.003963625 -0.005418945 0.796191454 -0.003948546 0.999988317 0.002790454 -1.130482554 0.005429942 -0.002768994 0.999981403 40.560207367
0.999978065 0.003733234 -0.005471786 0.804156065 -0.003721343 0.999990642 0.002181726 -1.139453173 0.005479880 -0.002161315 0.999982655 41.102401733
0.999977946 0.004790601 -0.004610078 0.802451491 -0.004779039 0.999985456 0.002515931 -1.146674156 0.004622064 -0.002493843 0.999986231 41.649238586
0.999979496 0.004140242 -0.004889900 0.809750915 -0.004129907 0.999989152 0.002121981 -1.167859793 0.004898633 -0.002101743 0.999985814 42.179523468
0.999977946 0.004105774 -0.005213763 0.821846604 -0.004095096 0.999989450 0.002056847 -1.174716592 0.005222152 -0.002035451 0.999984324 42.733943939
0.999978542 0.004645877 -0.004613244 0.826230645 -0.004635304 0.999986529 0.002299965 -1.196432352 0.004623868 -0.002278532 0.999986708 43.292652130
0.999976754 0.005009606 -0.004619288 0.839116633 -0.004997865 0.999984264 0.002549825 -1.216231465 0.004631989 -0.002526679 0.999986053 43.836181641
0.999974132 0.005864393 -0.004157773 0.845984399 -0.005853951 0.999979615 0.002519160 -1.228862047 0.004172462 -0.002494755 0.999988139 44.382236481
0.999977112 0.005315944 -0.004187355 0.855845392 -0.005306376 0.999983311 0.002292922 -1.240506172 0.004199474 -0.002270650 0.999988556 44.926082611
0.999979734 0.004760152 -0.004221547 0.869714320 -0.004752804 0.999987185 0.001749076 -1.250183344 0.004229820 -0.001728976 0.999989569 45.488918304
0.999978900 0.005309873 -0.003727427 0.874505877 -0.005303447 0.999984384 0.001731872 -1.262417912 0.003736563 -0.001712068 0.999991596 46.034294128
0.999977767 0.005405535 -0.003933082 0.884373903 -0.005398851 0.999983966 0.001707881 -1.282495737 0.003942251 -0.001686608 0.999990821 46.574863434
0.999975026 0.005437909 -0.004514215 0.901629865 -0.005429998 0.999983728 0.001763216 -1.291604280 0.004523729 -0.001738660 0.999988258 47.124980927
0.999975681 0.005361511 -0.004454843 0.914785445 -0.005352879 0.999983788 0.001947269 -1.313639402 0.004465213 -0.001923376 0.999988139 47.689292908
0.999978065 0.005032127 -0.004301413 0.924252450 -0.005026448 0.999986470 0.001329868 -1.325841069 0.004308048 -0.001308218 0.999989867 48.246864319
0.999979377 0.004959929 -0.004064177 0.936114788 -0.004953632 0.999986529 0.001557833 -1.337911963 0.004071850 -0.001537668 0.999990523 48.794059753
0.999979615 0.004638689 -0.004380501 0.948988557 -0.004632064 0.999988139 0.001521299 -1.349220157 0.004387506 -0.001500977 0.999989212 49.353515625
0.999976218 0.005704419 -0.003877174 0.954557180 -0.005700180 0.999983132 0.001103521 -1.364928126 0.003883405 -0.001081394 0.999991834 49.896125793
0.999974310 0.006193704 -0.003606860 0.958871484 -0.006188377 0.999979734 0.001485785 -1.383010983 0.003615989 -0.001463426 0.999992311 50.400699615
0.999974012 0.006315281 -0.003478158 0.967125535 -0.006309397 0.999978602 0.001700664 -1.405137897 0.003488825 -0.001678675 0.999992490 50.926090240
0.999973416 0.006293914 -0.003675719 0.981923699 -0.006286009 0.999977887 0.002158410 -1.421587229 0.003689223 -0.002135247 0.999990940 51.457305908
0.999972105 0.006363104 -0.003913279 0.989290297 -0.006355625 0.999977946 0.001919870 -1.433130622 0.003925409 -0.001894945 0.999990463 51.984252930
0.999971926 0.006724316 -0.003304691 0.994294941 -0.006718046 0.999975622 0.001904221 -1.448571086 0.003317415 -0.001881966 0.999992728 52.518421173
0.999972820 0.006551633 -0.003383603 1.003439069 -0.006544797 0.999976516 0.002028035 -1.463145614 0.003396810 -0.002005835 0.999992192 53.051319122
0.999970078 0.007062484 -0.003158813 1.010429859 -0.007057032 0.999973595 0.001734297 -1.476108313 0.003170978 -0.001711953 0.999993503 53.586002350
0.999969125 0.007282955 -0.002949707 1.015180230 -0.007278616 0.999972522 0.001478563 -1.491910100 0.002960392 -0.001457048 0.999994516 54.131378174
0.999967694 0.007580135 -0.002650506 1.020610094 -0.007576891 0.999970496 0.001231715 -1.503343582 0.002659764 -0.001211593 0.999995708 54.673458099
0.999969125 0.007187315 -0.003188895 1.033372998 -0.007183225 0.999973357 0.001292062 -1.517626882 0.003198096 -0.001269116 0.999994099 55.225173950
0.999969721 0.007151925 -0.003063313 1.047883153 -0.007148776 0.999973834 0.001038367 -1.530113459 0.003070659 -0.001016437 0.999994695 55.791416168
0.999970913 0.006882597 -0.003276390 1.055332899 -0.006879091 0.999975741 0.001079852 -1.544729352 0.003283742 -0.001057283 0.999994040 56.339900970
0.999969423 0.007210895 -0.003023706 1.061123967 -0.007208347 0.999973655 0.000853021 -1.559065223 0.003029778 -0.000831198 0.999995053 56.886596680
0.999966383 0.007705859 -0.002787217 1.062323689 -0.007704302 0.999970078 0.000568888 -1.569230080 0.002791518 -0.000547395 0.999995947 57.432216644
0.999966919 0.007599290 -0.002899137 1.072292566 -0.007598077 0.999970973 0.000429459 -1.584057450 0.002902318 -0.000407417 0.999995708 57.969768524
0.999967575 0.007638219 -0.002517375 1.082086205 -0.007638016 0.999970853 0.000090064 -1.593409181 0.002517990 -0.000070833 0.999996841 58.513462067
0.999966681 0.007630323 -0.002883432 1.091269255 -0.007629169 0.999970794 0.000410644 -1.611155391 0.002886481 -0.000388632 0.999995768 59.043468475
0.999967456 0.007549943 -0.002822150 1.102731705 -0.007549779 0.999971509 0.000068581 -1.627190113 0.002822587 -0.000047272 0.999995947 59.588802338
0.999970376 0.007167423 -0.002784003 1.112351060 -0.007166212 0.999974251 0.000444984 -1.644155025 0.002787121 -0.000425020 0.999995947 60.144889832
0.999969184 0.007494684 -0.002394861 1.116021872 -0.007493839 0.999971867 0.000361909 -1.654736400 0.002397507 -0.000343951 0.999997079 60.703861237
0.999965549 0.008128401 -0.001736111 1.121961951 -0.008127802 0.999966919 0.000352252 -1.673087597 0.001738917 -0.000338129 0.999998391 61.250762939
0.999963343 0.008492842 -0.001090701 1.127406120 -0.008492430 0.999963880 0.000384542 -1.684337616 0.001093927 -0.000375265 0.999999285 61.806713104
0.999962449 0.008600009 -0.001076670 1.137177944 -0.008599955 0.999963045 0.000054940 -1.700399876 0.001077103 -0.000045678 0.999999404 62.344367981
0.999960184 0.008862667 -0.000951633 1.146563530 -0.008863159 0.999960542 -0.000514121 -1.711753249 0.000947039 0.000522535 0.999999404 62.894336700
0.999960184 0.008852707 -0.001145089 1.158896685 -0.008852990 0.999960780 -0.000241752 -1.725188613 0.001142905 0.000251880 0.999999344 63.423847198
0.999960899 0.008741042 -0.001347077 1.170544982 -0.008742023 0.999961495 -0.000726164 -1.741367340 0.001340677 0.000737912 0.999998808 63.956241608
0.999956608 0.009253740 -0.001065317 1.177500486 -0.009254524 0.999956906 -0.000729289 -1.755517364 0.001058523 0.000739116 0.999999166 64.489868164
0.999955654 0.009396445 -0.000585297 1.181092620 -0.009396796 0.999955595 -0.000602412 -1.767919779 0.000579610 0.000607885 0.999999642 65.026962280
0.999957860 0.009177629 -0.000324305 1.191073895 -0.009177861 0.999957740 -0.000724398 -1.784621477 0.000317643 0.000727344 0.999999702 65.556861877
0.999954164 0.009568728 0.000287058 1.199460864 -0.009568338 0.999953449 -0.001325998 -1.795423508 -0.000299733 0.001323191 0.999999106 66.098335266
0.999954581 0.009527536 0.000106239 1.206381321 -0.009527314 0.999952734 -0.001938605 -1.804684520 -0.000124705 0.001937505 0.999998033 66.647354126
0.999959052 0.009042063 0.000534234 1.218115687 -0.009041469 0.999958515 -0.001105262 -1.829870939 -0.000544206 0.001100386 0.999999285 67.217491150
0.999956310 0.009347571 0.000017837 1.236485720 -0.009347523 0.999954641 -0.001830056 -1.839664102 -0.000034943 0.001829810 0.999998271 67.715225220
0.999957204 0.009242136 0.000174316 1.248056889 -0.009241755 0.999955058 -0.002073689 -1.857033491 -0.000193473 0.002071989 0.999997795 68.249336243
0.999951780 0.009810613 0.000414259 1.256432772 -0.009809600 0.999949038 -0.002382468 -1.872035861 -0.000437611 0.002378289 0.999997079 68.783897400
0.999951005 0.009894642 -0.000286682 1.266547561 -0.009895366 0.999947548 -0.002644314 -1.885755539 0.000260502 0.002647021 0.999996483 69.322341919
0.999950767 0.009919916 -0.000107539 1.278668165 -0.009920200 0.999945998 -0.003084535 -1.902137160 0.000076935 0.003085450 0.999995232 69.859710693
0.999952972 0.009700275 0.000022041 1.290529728 -0.009700186 0.999949574 -0.002596599 -1.923094273 -0.000047227 0.002596263 0.999996603 70.411308289
0.999952674 0.009728382 0.000342071 1.299897671 -0.009727382 0.999948740 -0.002817346 -1.940450072 -0.000369462 0.002813885 0.999996006 70.960060120
0.999957144 0.009253327 -0.000165619 1.319308519 -0.009253817 0.999951959 -0.003240078 -1.951815486 0.000135630 0.003241471 0.999994755 71.500076294
0.999958754 0.009079173 0.000010507 1.331286788 -0.009079089 0.999953449 -0.003259672 -1.969680429 -0.000040102 0.003259443 0.999994695 72.034072876
0.999953747 0.009606306 0.000275642 1.335923791 -0.009605261 0.999947429 -0.003573831 -1.984738231 -0.000309959 0.003571019 0.999993563 72.581748962
0.999958038 0.009162393 0.000084691 1.354132533 -0.009162010 0.999950886 -0.003767034 -2.003334045 -0.000119201 0.003766100 0.999992847 73.120269775
0.999950469 0.009954335 0.000139210 1.362345219 -0.009953776 0.999944091 -0.003562871 -2.019741297 -0.000174668 0.003561309 0.999993682 73.672775269
0.999949396 0.010046493 0.000542290 1.372090220 -0.010044306 0.999942005 -0.003893298 -2.037033558 -0.000581373 0.003887655 0.999992192 74.205039978
0.999946177 0.010362639 0.000486327 1.382750154 -0.010360679 0.999938846 -0.003870579 -2.050842762 -0.000526406 0.003865332 0.999992371 74.754837036
0.999949098 0.010081709 0.000418884 1.400558829 -0.010079965 0.999941289 -0.003980930 -2.073709488 -0.000458994 0.003976505 0.999992013 75.297218323
0.999957383 0.009219781 -0.000430437 1.427858233 -0.009221474 0.999949038 -0.004113898 -2.091926575 0.000392486 0.004117692 0.999991417 75.858802795
0.999953151 0.009678498 0.000223764 1.432627439 -0.009677387 0.999942958 -0.004523623 -2.106429815 -0.000267533 0.004521246 0.999989748 76.402389526
0.999953508 0.009643512 0.000202639 1.439521074 -0.009642334 0.999940038 -0.005186506 -2.121206999 -0.000252643 0.005184310 0.999986529 76.951171875
0.999946654 0.010313502 0.000479339 1.442890882 -0.010310765 0.999932289 -0.005399520 -2.136918306 -0.000534994 0.005394290 0.999985278 77.492904663
0.999946475 0.010334037 0.000411670 1.448659062 -0.010331781 0.999933302 -0.005155791 -2.153903961 -0.000464922 0.005151261 0.999986649 78.040939331
0.999950528 0.009902765 0.000896706 1.457607985 -0.009897642 0.999935746 -0.005548230 -2.171727419 -0.000951591 0.005539081 0.999984205 78.573692322
0.999939442 0.010909863 0.001395787 1.464582205 -0.010901698 0.999924183 -0.005728888 -2.187041998 -0.001458182 0.005713325 0.999982595 79.121902466
0.999943972 0.010507504 0.001303229 1.475675464 -0.010499675 0.999927580 -0.005875458 -2.205998898 -0.001364871 0.005861445 0.999981880 79.671997070
0.999942005 0.010695728 0.001277496 1.490144849 -0.010687897 0.999924958 -0.005987961 -2.227222919 -0.001341445 0.005973960 0.999981225 80.208877563
0.999946356 0.010168207 0.001968737 1.503871799 -0.010155331 0.999927700 -0.006443070 -2.242832899 -0.002034109 0.006422732 0.999977291 80.762435913
0.999939322 0.010492274 0.003331421 1.517963290 -0.010470323 0.999923766 -0.006539502 -2.261472464 -0.003399781 0.006504225 0.999973059 81.312660217
0.999946892 0.009440675 0.004136876 1.538150787 -0.009412014 0.999931872 -0.006894234 -2.277585983 -0.004201680 0.006854930 0.999967694 81.862968445
0.999928594 0.010385321 0.005903531 1.544362903 -0.010342584 0.999920368 -0.007224104 -2.293044567 -0.005978086 0.007162531 0.999956489 82.427711487
0.999905348 0.010313659 0.009109154 1.563351631 -0.010248434 0.999921739 -0.007178155 -2.314517021 -0.009182474 0.007084121 0.999932766 82.993385315
0.999853849 0.010751741 0.013289563 1.578994751 -0.010662523 0.999920249 -0.006766144 -2.340159178 -0.013361252 0.006623455 0.999888718 83.542526245
0.999805510 0.010724435 0.016552027 1.604551077 -0.010613531 0.999920726 -0.006773829 -2.358328581 -0.016623361 0.006596836 0.999840081 84.116447449
0.999741077 0.010454407 0.020210434 1.630360484 -0.010309200 0.999920368 -0.007275666 -2.377992153 -0.020284887 0.007065429 0.999769270 84.680160522
0.999570787 0.011588952 0.026907187 1.655233860 -0.011416941 0.999913394 -0.006537562 -2.400520325 -0.026980622 0.006227558 0.999616563 85.245292664
0.999375761 0.011784812 0.033304643 1.681823492 -0.011550725 0.999907196 -0.007212327 -2.418832541 -0.033386543 0.006823131 0.999419212 85.813331604
0.999129593 0.011878733 0.039986815 1.713789701 -0.011580304 0.999903381 -0.007686552 -2.437053204 -0.040074259 0.007216802 0.999170661 86.379692078
0.998750925 0.011925722 0.048521519 1.754913568 -0.011567845 0.999903858 -0.007649831 -2.455400467 -0.048608083 0.007078986 0.998792827 86.960754395
0.998281538 0.011724330 0.057415742 1.798597097 -0.011231651 0.999897361 -0.008896123 -2.467170477 -0.057514150 0.008235961 0.998310745 87.548576355
0.997809827 0.011286206 0.065176956 1.842226744 -0.010706032 0.999899924 -0.009243947 -2.485460520 -0.065274775 0.008525915 0.997830927 88.131195068
0.997141480 0.011580211 0.074664533 1.896149158 -0.010903714 0.999895692 -0.009461757 -2.503972530 -0.074766338 0.008620589 0.997163832 88.674369812
0.996367574 0.010954199 0.084449038 1.971282005 -0.010136900 0.999897540 -0.010100772 -2.523310900 -0.084551029 0.009208028 0.996376514 89.190467834
0.995584667 0.011521057 0.093158379 2.033473015 -0.010632781 0.999893188 -0.010025862 -2.542571783 -0.093263917 0.008991063 0.995600760 89.730888367
0.994871557 0.011103967 0.100534402 2.101715565 -0.010137958 0.999897480 -0.010114561 -2.566381693 -0.100636385 0.009043474 0.994882166 90.241485596
0.993744373 0.011156261 0.111119933 2.176957130 -0.010109077 0.999899089 -0.009982861 -2.582331657 -0.111220092 0.008797090 0.993756890 90.741020203
0.992530286 0.010488422 0.121546775 2.271148682 -0.009231470 0.999897957 -0.010899841 -2.598470211 -0.121648699 0.009696367 0.992525876 91.298912048
0.991442144 0.009143847 0.130225748 2.365678787 -0.007758777 0.999907792 -0.011139325 -2.619600773 -0.130315587 0.010033606 0.991421819 91.823936462
0.989773214 0.009822899 0.142311186 2.456842422 -0.008346207 0.999904990 -0.010969718 -2.642269373 -0.142405406 0.009669774 0.989761114 92.318572998
0.987815917 0.010350106 0.155281886 2.557234764 -0.008733810 0.999900341 -0.011087452 -2.668153048 -0.155381158 0.009596159 0.987807989 92.849716187
0.986064315 0.010141919 0.166054800 2.666370392 -0.008362520 0.999899924 -0.011411422 -2.685321331 -0.166153893 0.009863759 0.986050487 93.398529053
0.984381497 0.009100814 0.175812870 2.795459747 -0.007348231 0.999916553 -0.010616944 -2.735006809 -0.175894827 0.009159210 0.984366298 93.912803650
0.981985450 0.008465366 0.188766837 2.922956467 -0.006532846 0.999919653 -0.010857457 -2.735187769 -0.188843578 0.009428681 0.981961846 94.468132019
0.979585886 0.008413266 0.200849995 3.062302589 -0.006450201 0.999924779 -0.010426236 -2.787007570 -0.200922593 0.008917870 0.979566514 94.959129333
0.977387309 0.008286409 0.211295009 3.191289902 -0.006218443 0.999926090 -0.010449706 -2.810029030 -0.211365983 0.008899483 0.977366447 95.486579895
0.974553943 0.008185624 0.224003524 3.341716766 -0.005997643 0.999927461 -0.010446278 -2.834470749 -0.224072784 0.008836969 0.974532306 96.016983032
0.971317649 0.007478599 0.237667993 3.476312637 -0.005022338 0.999927580 -0.010938665 -2.850457191 -0.237732589 0.009431270 0.971284807 96.529365540
0.968551576 0.007894236 0.248687595 3.656501770 -0.005470049 0.999930561 -0.010437443 -2.869873524 -0.248752743 0.008748869 0.968527377 97.108894348
0.965735435 0.007550423 0.259418726 3.809350967 -0.005168600 0.999938011 -0.009862269 -2.912518978 -0.259477109 0.008183511 0.965714574 97.559242249
0.962351263 0.006686219 0.271726578 3.993356705 -0.004167848 0.999942839 -0.009844100 -2.935327053 -0.271776855 0.008340967 0.962324142 98.059539795
0.958374381 0.007498159 0.285415947 4.153320312 -0.004706945 0.999934137 -0.010464195 -2.943076849 -0.285475582 0.008685177 0.958346725 98.608238220
0.954694331 0.007157590 0.297502190 4.337907791 -0.004331469 0.999939084 -0.010157657 -2.965785503 -0.297556728 0.008408835 0.954667151 99.133216858
0.950427413 0.007354593 0.310859591 4.531696320 -0.004781934 0.999947727 -0.009037284 -3.004869938 -0.310909808 0.007102773 0.950412810 99.609291077
0.945913553 0.006372515 0.324356198 4.740457535 -0.003379796 0.999946296 -0.009789165 -3.020633698 -0.324401230 0.008163447 0.945884287 100.110168457
0.942006290 0.005594811 0.335548609 4.952796936 -0.002357096 0.999946594 -0.010055511 -3.038532495 -0.335587025 0.008681436 0.941969156 100.624710083
0.937214792 0.006539152 0.348691612 5.162086487 -0.003519468 0.999950588 -0.009292828 -3.076945305 -0.348735154 0.007482165 0.937191427 101.106521606
0.931405485 0.006733142 0.363921046 5.348596573 -0.003630143 0.999951005 -0.009209902 -3.099819660 -0.363965243 0.007257067 0.931384265 101.662391663
0.926209211 0.007176998 0.376941562 5.573677063 -0.004721092 0.999961197 -0.007438815 -3.127796650 -0.376980335 0.005110323 0.926207125 102.170173645
0.921786427 0.005976174 0.387651950 5.839269638 -0.003006324 0.999961317 -0.008267093 -3.178597450 -0.387686342 0.006455086 0.921768725 102.698471069
0.915951967 0.006009225 0.401242882 6.087074280 -0.002983953 0.999962211 -0.008164234 -3.200201035 -0.401276827 0.006280755 0.915935278 103.197418213
0.909702361 0.004717427 0.415234089 6.334293365 -0.001534437 0.999966800 -0.007998836 -3.220246553 -0.415257990 0.006639410 0.909679472 103.725402832
0.905043840 0.003772747 0.425301701 6.594058990 -0.000370117 0.999967217 -0.008082855 -3.239548683 -0.425318301 0.007157926 0.905015528 104.203659058
0.898611248 0.005296993 0.438713759 6.853469849 -0.002054848 0.999966979 -0.007864597 -3.269614697 -0.438740999 0.006165725 0.898592412 104.704772949
0.891766071 0.004886827 0.452470243 7.123512268 -0.001268344 0.999964774 -0.008300189 -3.286539078 -0.452494860 0.006827940 0.891740859 105.191169739
0.885903776 0.004554401 0.463846743 7.392047882 -0.000747378 0.999964535 -0.008390991 -3.310657263 -0.463868499 0.007086941 0.885875702 105.661590576
0.879856884 0.004574186 0.475216836 7.667552948 -0.000796016 0.999966443 -0.008151336 -3.333719492 -0.475238204 0.006793729 0.879830897 106.129310608
0.872146666 0.003945545 0.489228606 7.942085266 -0.000414617 0.999972999 -0.007325475 -3.364637375 -0.489244342 0.006186046 0.872124791 106.595436096
