1.000000000 0.000000000 0.000000000 0.000000000 0.000000000 1.000000000 0.000000000 0.000000000 0.000000000 0.000000000 1.000000000 0.000000000
1.000000000 0.000096256 0.000027178 -0.000117284 -0.000096256 1.000000000 -0.000008162 0.000381830 -0.000027178 0.000008160 1.000000000 0.000142971
1.000000000 0.000073231 0.000055130 -0.000565239 -0.000073236 1.000000000 0.000092707 -0.000588407 -0.000055124 -0.000092711 1.000000000 -0.000141725
1.000000000 -0.000043977 0.000053768 -0.000078680 0.000043978 1.000000000 -0.000004273 0.000412743 -0.000053768 0.000004275 1.000000000 0.000372652
1.000000000 -0.000012016 0.000121380 -0.000698866 0.000012021 1.000000000 -0.000035444 0.000354603 -0.000121380 0.000035445 1.000000000 0.000371654
1.000000000 0.000068964 0.000133415 -0.001271045 -0.000068963 1.000000000 -0.000009901 0.000421017 -0.000133416 0.000009892 1.000000000 -0.000250153
1.000000000 -0.000076682 0.000072990 -0.000645126 0.000076680 1.000000000 0.000032045 -0.000351309 -0.000072992 -0.000032040 1.000000000 0.000215292
1.000000000 0.000052918 0.000051753 -0.000298845 -0.000052922 1.000000000 0.000074731 -0.000229979 -0.000051749 -0.000074734 1.000000000 0.000315661
1.000000000 0.000043242 -0.000011877 -0.000077785 -0.000043243 1.000000000 -0.000082752 0.000077616 0.000011874 0.000082753 1.000000000 -0.000078595
1.000000000 0.000036902 0.000062763 -0.000176403 -0.000036902 1.000000000 -0.000001931 -0.000319218 -0.000062763 0.000001929 1.000000000 0.000218035
1.000000000 0.000097403 0.000065368 -0.000813023 -0.000097406 1.000000000 0.000048096 -0.000271902 -0.000065363 -0.000048102 1.000000000 0.000038118
1.000000000 0.000058933 0.000058320 -0.000117942 -0.000058930 1.000000000 -0.000062215 0.000855014 -0.000058324 0.000062211 1.000000000 0.001035536
1.000000000 0.000068019 0.000008824 -0.000511415 -0.000068018 1.000000000 -0.000100090 0.000120758 -0.000008831 0.000100089 1.000000000 -0.000146323
1.000000000 0.000082518 0.000040904 -0.000770961 -0.000082517 1.000000000 -0.000030167 0.000567618 -0.000040906 0.000030164 1.000000000 0.000108076
1.000000000 0.000035762 0.000098604 -0.001723170 -0.000035756 1.000000000 -0.000061705 0.001108934 -0.000098606 0.000061702 1.000000000 0.000542186
1.000000000 0.000071142 0.000017778 0.000156800 -0.000071140 1.000000000 -0.000061570 0.001459752 -0.000017782 0.000061569 1.000000000 0.001756120
1.000000000 0.000126667 0.000101099 -0.000871650 -0.000126660 1.000000000 -0.000069450 0.001469860 -0.000101108 0.000069437 1.000000000 0.001863598
1.000000000 0.000115149 0.000117141 -0.001456503 -0.000115136 1.000000000 -0.000103510 0.001283767 -0.000117153 0.000103496 1.000000000 0.001216427
0.999999940 0.000204352 0.000142957 -0.002060366 -0.000204340 1.000000000 -0.000080044 0.001952718 -0.000142973 0.000080015 1.000000000 0.001741426
0.999999762 0.000556284 -0.000420511 -0.001621589 -0.000556285 0.999999821 -0.000002038 0.002111813 0.000420510 0.000002272 0.999999940 0.002132605
0.999999762 0.000566774 -0.000390783 -0.002146565 -0.000566749 0.999999821 0.000063687 0.001551022 0.000390819 -0.000063466 0.999999940 0.002092327
0.999999762 0.000579040 -0.000431812 -0.001950108 -0.000579017 0.999999821 0.000052657 0.001906762 0.000431843 -0.000052407 0.999999940 0.001875730
0.999999762 0.000529072 -0.000468632 -0.001339230 -0.000529065 0.999999821 0.000015379 0.002114848 0.000468641 -0.000015131 0.999999940 0.002377032
0.999999762 0.000510863 -0.000449955 -0.001596759 -0.000510863 0.999999821 -0.000001387 0.002768634 0.000449955 0.000001617 0.999999940 0.002575528
0.999999702 0.000654109 -0.000453109 -0.001741018 -0.000654084 0.999999762 0.000057312 0.002179625 0.000453147 -0.000057016 0.999999940 0.002386985
0.999999702 0.000670388 -0.000411896 -0.001452432 -0.000670348 0.999999762 0.000096456 0.001731371 0.000411960 -0.000096180 0.999999940 0.002080995
0.999999821 0.000502142 -0.000397323 -0.001430368 -0.000502122 0.999999881 0.000051890 0.002527137 0.000397349 -0.000051690 0.999999940 0.002870116
0.999999762 0.000600179 -0.000426491 -0.001651493 -0.000600134 0.999999821 0.000105230 0.001762914 0.000426554 -0.000104974 0.999999940 0.002190399
0.999999762 0.000565407 -0.000431225 -0.001675327 -0.000565376 0.999999821 0.000073328 0.002253413 0.000431266 -0.000073084 0.999999940 0.002446566
0.999999762 0.000534214 -0.000382199 -0.001888164 -0.000534192 0.999999821 0.000057618 0.002288425 0.000382230 -0.000057414 0.999999940 0.002047680
0.999999821 0.000555415 -0.000333357 -0.001413158 -0.000555381 0.999999821 0.000102307 0.001825159 0.000333414 -0.000102121 1.000000000 0.002957768
0.999999821 0.000485711 -0.000391103 -0.001639710 -0.000485684 0.999999881 0.000067860 0.002466250 0.000391136 -0.000067670 0.999999940 0.003115683
0.999999762 0.000598951 -0.000464878 -0.001245960 -0.000598918 0.999999821 0.000071190 0.001978315 0.000464920 -0.000070912 0.999999940 0.002556246
0.999999762 0.000552067 -0.000445679 -0.001164912 -0.000552015 0.999999821 0.000116959 0.001475304 0.000445744 -0.000116713 0.999999940 0.001765629
0.999999702 0.000573734 -0.000389527 -0.001953508 -0.000573725 0.999999821 0.000022837 0.001741072 0.000389540 -0.000022613 0.999999940 0.001997899
0.999999762 0.000548475 -0.000404428 -0.001326133 -0.000548455 0.999999821 0.000049499 0.001626960 0.000404455 -0.000049277 0.999999940 0.001765348
0.999999762 0.000563884 -0.000408197 -0.001767426 -0.000563848 0.999999821 0.000089191 0.001781545 0.000408247 -0.000088961 0.999999940 0.002019909
0.999999762 0.000539926 -0.000441106 -0.001538026 -0.000539892 0.999999821 0.000078791 0.002116556 0.000441148 -0.000078553 0.999999940 0.001956797
0.999999762 0.000580515 -0.000451794 -0.001513621 -0.000580504 0.999999821 0.000024122 0.001849036 0.000451808 -0.000023860 0.999999940 0.001795027
0.999999702 0.000638999 -0.000438658 -0.001143491 -0.000638990 0.999999762 0.000020757 0.002868556 0.000438671 -0.000020476 0.999999940 0.002506617
0.999999762 0.000525412 -0.000483649 -0.000379039 -0.000525382 0.999999821 0.000063835 0.001604515 0.000483682 -0.000063581 0.999999940 0.002498051
0.999999702 0.000792049 -0.000316408 -0.001729033 -0.000792245 0.999999523 -0.000619212 -0.001354879 0.000315918 0.000619463 0.999999821 0.049872749
0.999999821 0.000188234 0.000512724 -0.001179085 -0.000187959 0.999999821 -0.000535774 -0.005816121 -0.000512825 0.000535677 0.999999702 0.139361098
0.999999881 0.000053706 0.000448341 0.000843045 -0.000053397 0.999999702 -0.000689736 -0.011173610 -0.000448378 0.000689712 0.999999642 0.251098961
0.999999762 0.000289801 0.000479172 0.004693859 -0.000289405 0.999999583 -0.000825987 -0.012054791 -0.000479411 0.000825848 0.999999523 0.383098066
0.999999881 0.000320811 0.000306448 0.008494100 -0.000320606 0.999999642 -0.000666824 -0.019279120 -0.000306662 0.000666726 0.999999702 0.515017569
0.999999940 0.000037094 0.000407863 0.011040512 -0.000036863 0.999999821 -0.000566114 -0.024008647 -0.000407884 0.000566099 0.999999762 0.669246614
0.999999821 0.000303236 0.000486883 0.011519098 -0.000303145 0.999999940 -0.000185524 -0.028784402 -0.000486939 0.000185377 0.999999881 0.822641492
0.999999881 0.000118948 0.000436281 0.014625492 -0.000118911 0.999999940 -0.000086433 -0.033662345 -0.000436292 0.000086381 0.999999940 0.991410792
0.999999762 0.000510712 0.000467797 0.017311996 -0.000510600 0.999999821 -0.000238556 -0.037950914 -0.000467918 0.000238317 0.999999881 1.172012687
0.999999762 0.000298757 0.000634772 0.019760650 -0.000298875 0.999999940 0.000185438 -0.042522795 -0.000634717 -0.000185627 0.999999762 1.355776310
0.999999881 0.000161837 0.000439343 0.025844650 -0.000161933 1.000000000 0.000219510 -0.046916626 -0.000439308 -0.000219581 0.999999881 1.550102949
0.999999881 0.000074584 0.000461395 0.028560629 -0.000074757 0.999999940 0.000375314 -0.052276671 -0.000461367 -0.000375349 0.999999762 1.747292995
0.999999523 0.000337041 0.000817005 0.031998388 -0.000337504 0.999999762 0.000567558 -0.059182037 -0.000816814 -0.000567834 0.999999464 1.939059734
0.999999702 0.000266760 0.000683303 0.038578097 -0.000267232 0.999999702 0.000691229 -0.068358652 -0.000683118 -0.000691411 0.999999523 2.147444963
0.999999821 0.000127915 0.000608662 0.044889264 -0.000128367 0.999999702 0.000743918 -0.071919717 -0.000608566 -0.000743996 0.999999523 2.365752459
0.999999702 0.000430149 0.000678504 0.047860779 -0.000430696 0.999999523 0.000806398 -0.079496928 -0.000678157 -0.000806690 0.999999464 2.588573933
0.999999523 0.000260229 0.000892523 0.051259033 -0.000261124 0.999999404 0.001002243 -0.086106844 -0.000892262 -0.001002476 0.999999106 2.811174870
0.999999464 0.000395037 0.000950591 0.054262407 -0.000396037 0.999999344 0.001052087 -0.092915021 -0.000950174 -0.001052463 0.999998987 3.047884941
0.999999404 0.000435006 0.000999944 0.058815330 -0.000436155 0.999999166 0.001149512 -0.103779741 -0.000999443 -0.001149947 0.999998868 3.283974648
0.999999464 0.000244849 0.001003445 0.063508011 -0.000246201 0.999998987 0.001347436 -0.110354476 -0.001003114 -0.001347682 0.999998510 3.527968645
0.999999583 0.000291849 0.000837857 0.067428410 -0.000292910 0.999999166 0.001266474 -0.112521768 -0.000837486 -0.001266719 0.999998868 3.789566755
0.999999225 0.000673045 0.001044997 0.075533718 -0.000674073 0.999999225 0.000982900 -0.119716413 -0.001044335 -0.000983603 0.999998987 4.034085751
0.999999106 0.000537260 0.001241687 0.081809722 -0.000538736 0.999999166 0.001188059 -0.127566010 -0.001241048 -0.001188726 0.999998569 4.288331985
0.999999583 0.000120661 0.000932567 0.091324054 -0.000122039 0.999998927 0.001478012 -0.137453496 -0.000932388 -0.001478125 0.999998450 4.546587467
0.999998689 0.000844245 0.001450537 0.089779861 -0.000846575 0.999998450 0.001606452 -0.145371139 -0.001449178 -0.001607678 0.999997675 4.798455238
0.999998391 0.001189489 0.001327010 0.100183897 -0.001191543 0.999998033 0.001548352 -0.146402806 -0.001325165 -0.001549930 0.999997914 5.060460567
0.999996960 0.001716089 0.001789708 0.101870559 -0.001718719 0.999997437 0.001469054 -0.152993113 -0.001787182 -0.001472126 0.999997318 5.321173668
0.999996960 0.001241405 0.002094666 0.104790181 -0.001244402 0.999998212 0.001430133 -0.162877679 -0.002092887 -0.001432735 0.999996781 5.595396996
0.999996841 0.001356030 0.002118725 0.109644607 -0.001359290 0.999997914 0.001538203 -0.173894420 -0.002116634 -0.001541079 0.999996543 5.851678371
0.999996364 0.001611744 0.002177022 0.113777146 -0.001614879 0.999997735 0.001439211 -0.182992086 -0.002174697 -0.001442722 0.999996543 6.126844406
0.999996722 0.001360912 0.002129677 0.133668557 -0.001364299 0.999997795 0.001589942 -0.191540852 -0.002127508 -0.001592842 0.999996483 6.418006420
0.999995708 0.001805783 0.002297924 0.134240255 -0.001809572 0.999996960 0.001647838 -0.198740616 -0.002294942 -0.001651989 0.999996006 6.700480938
0.999995053 0.002048865 0.002349466 0.138949573 -0.002051931 0.999996960 0.001303478 -0.209402248 -0.002346788 -0.001308293 0.999996364 6.986492634
0.999996901 0.001351148 0.002064516 0.153621510 -0.001354976 0.999997318 0.001854113 -0.220716447 -0.002062005 -0.001856905 0.999996126 7.288071632
0.999998271 0.000683586 0.001676044 0.164550021 -0.000687208 0.999997377 0.002161385 -0.232811764 -0.001674562 -0.002162533 0.999996245 7.594295979
0.999997079 0.001246463 0.002079532 0.166499108 -0.001250413 0.999997437 0.001899456 -0.243906364 -0.002077159 -0.001902051 0.999996006 7.926517487
0.999994516 0.002354814 0.002320017 0.169261828 -0.002358783 0.999995708 0.001709344 -0.255603790 -0.002315982 -0.001714807 0.999995768 8.253261566
0.999994099 0.002553421 0.002287108 0.176115841 -0.002556992 0.999995470 0.001559429 -0.262927145 -0.002283116 -0.001565268 0.999996126 8.581480980
0.999994993 0.002108632 0.002365606 0.180797115 -0.002112297 0.999996543 0.001547877 -0.267814577 -0.002362334 -0.001552866 0.999995947 8.914157867
0.999995291 0.002037619 0.002304802 0.192497388 -0.002040613 0.999997139 0.001297077 -0.279183954 -0.002302152 -0.001301774 0.999996483 9.252012253
0.999991655 0.002865572 0.002915980 0.197684467 -0.002869962 0.999994755 0.001502292 -0.293380082 -0.002911660 -0.001510649 0.999994576 9.592144966
0.999995649 0.002004952 0.002137713 0.209683061 -0.002008064 0.999996901 0.001454767 -0.297594845 -0.002134789 -0.001459053 0.999996662 9.953648567
0.999993682 0.002552324 0.002465504 0.209769562 -0.002556632 0.999995232 0.001745572 -0.313444287 -0.002461037 -0.001751864 0.999995410 10.311852455
0.999994576 0.002308046 0.002314725 0.219371587 -0.002311726 0.999996066 0.001588375 -0.323135942 -0.002311050 -0.001593717 0.999996066 10.677915573
0.999994993 0.002496198 0.001940654 0.235801414 -0.002500019 0.999994934 0.001969082 -0.328991234 -0.001935728 -0.001973924 0.999996185 11.037668228
0.999996603 0.002055152 0.001558326 0.248305976 -0.002058316 0.999995828 0.002031230 -0.340165943 -0.001554145 -0.002034431 0.999996722 11.409826279
0.999995768 0.002225916 0.001876730 0.242349297 -0.002229718 0.999995470 0.002026300 -0.352512956 -0.001872212 -0.002030476 0.999996185 11.796331406
0.999995947 0.002035806 0.002000531 0.255975664 -0.002039457 0.999996245 0.001824786 -0.359496534 -0.001996809 -0.001828859 0.999996305 12.177876472
0.999994934 0.002279939 0.002240451 0.267033279 -0.002284433 0.999995351 0.002005337 -0.371160686 -0.002235868 -0.002010445 0.999995410 12.568593979
0.999993682 0.002317902 0.002691880 0.264835805 -0.002324666 0.999994159 0.002512395 -0.389781892 -0.002686040 -0.002518637 0.999993205 12.965772629
0.999995947 0.001694572 0.002327953 0.279693633 -0.001700276 0.999995589 0.002450530 -0.394281507 -0.002323790 -0.002454478 0.999994278 13.392557144
0.999995291 0.001810235 0.002466379 0.289472491 -0.001815861 0.999995768 0.002280662 -0.413534164 -0.002462240 -0.002285129 0.999994278 13.784918785
0.999994338 0.002034605 0.002663642 0.299590856 -0.002043276 0.999992669 0.003256745 -0.429648459 -0.002656996 -0.003262169 0.999991179 14.188014984
0.999993742 0.002305540 0.002681509 0.313366920 -0.002311453 0.999994814 0.002203983 -0.435153306 -0.002676414 -0.002210168 0.999993980 14.628286362
0.999995232 0.001437956 0.002730372 0.317653120 -0.001444038 0.999996483 0.002226733 -0.447260320 -0.002727162 -0.002230666 0.999993801 15.052297592
0.999993980 0.001861953 0.002912978 0.331971228 -0.001868262 0.999995887 0.002164642 -0.458706290 -0.002908936 -0.002170071 0.999993384 15.486239433
0.999993026 0.001506467 0.003409572 0.337552488 -0.001514161 0.999996424 0.002255279 -0.472491801 -0.003406162 -0.002260426 0.999991655 15.923775673
0.999991238 0.001832457 0.003761085 0.347434491 -0.001841543 0.999995351 0.002413763 -0.483154058 -0.003756645 -0.002420668 0.999989986 16.371175766
0.999988377 0.002428745 0.004174794 0.354121208 -0.002437759 0.999994695 0.002155443 -0.495884180 -0.004169537 -0.002165595 0.999988914 16.815124512
0.999989092 0.002033511 0.004235819 0.365094543 -0.002043860 0.999994934 0.002440419 -0.511012077 -0.004230834 -0.002449050 0.999988079 17.272020340
0.999988377 0.001461720 0.004579531 0.372733861 -0.001474628 0.999994993 0.002816566 -0.520442367 -0.004575390 -0.002823287 0.999985576 17.734289169
0.999988437 0.001534005 0.004551234 0.387154639 -0.001546670 0.999994934 0.002780640 -0.538780630 -0.004546946 -0.002787647 0.999985695 18.204175949
0.999986053 0.001341251 0.005120008 0.398362786 -0.001355639 0.999995172 0.002807703 -0.547838807 -0.005116218 -0.002814604 0.999982893 18.676305771
0.999987066 0.001652764 0.004839324 0.415455371 -0.001668518 0.999993324 0.003253280 -0.570945919 -0.004833916 -0.003261313 0.999983013 19.144187927
0.999981403 0.002551792 0.005545130 0.426268250 -0.002570829 0.999990821 0.003428606 -0.581558108 -0.005536330 -0.003442797 0.999978781 19.629142761
0.999980867 0.002187116 0.005798721 0.429673791 -0.002204698 0.999992967 0.003027385 -0.591979206 -0.005792059 -0.003040111 0.999978602 20.123319626
0.999983013 0.001640207 0.005582197 0.449735522 -0.001657815 0.999993682 0.003151041 -0.600891829 -0.005576991 -0.003160242 0.999979436 20.598133087
0.999985456 0.001847975 0.005047600 0.463868499 -0.001862238 0.999994218 0.002822430 -0.608612418 -0.005042355 -0.002831789 0.999983191 21.100744247
0.999988019 0.001368203 0.004725485 0.461479872 -0.001384072 0.999993384 0.003356577 -0.634864092 -0.004720861 -0.003363077 0.999983191 21.627407074
0.999990344 0.000897816 0.004304385 0.477133691 -0.000911223 0.999994755 0.003113834 -0.646772623 -0.004301567 -0.003117726 0.999985874 22.138597488
0.999988675 0.002299238 0.004165044 0.483044297 -0.002313155 0.999991775 0.003339683 -0.663870037 -0.004157331 -0.003349280 0.999985695 22.660850525
0.999989569 0.002457806 0.003849274 0.494027913 -0.002471092 0.999991059 0.003450844 -0.679482460 -0.003840757 -0.003460320 0.999986649 23.184055328
0.999991238 0.002306951 0.003491388 0.500701427 -0.002319192 0.999991298 0.003506022 -0.695708930 -0.003483268 -0.003514089 0.999987781 23.692615509
0.999994993 0.001012747 0.002997267 0.512765944 -0.001021469 0.999995232 0.002909977 -0.708676815 -0.002994306 -0.002913025 0.999991298 24.226800919
0.999995232 0.001757024 0.002530653 0.526891828 -0.001764740 0.999993801 0.003049819 -0.717819810 -0.002525278 -0.003054270 0.999992132 24.764150620
0.999994636 0.002332564 0.002305390 0.532224953 -0.002340688 0.999991000 0.003527149 -0.737366796 -0.002297142 -0.003532526 0.999991119 25.314373016
0.999995649 0.002507760 0.001531432 0.551626503 -0.002513274 0.999990284 0.003608658 -0.753741562 -0.001522367 -0.003612492 0.999992311 25.838745117
0.999995291 0.002705627 0.001401491 0.559286058 -0.002710492 0.999990284 0.003481077 -0.770629287 -0.001392059 -0.003484860 0.999992967 26.391666412
0.999997616 0.001932587 0.001033671 0.567735076 -0.001936062 0.999992490 0.003371067 -0.762402534 -0.001027148 -0.003373059 0.999993801 26.919902802
0.999997139 0.002371953 0.000358456 0.581705511 -0.002373372 0.999989152 0.004012518 -0.799794078 -0.000348934 -0.004013358 0.999991894 27.487968445
0.999994338 0.003347543 0.000419535 0.590652943 -0.003349093 0.999987364 0.003750109 -0.811022043 -0.000406976 -0.003751492 0.999992907 28.039426804
0.999993742 0.003528850 0.000393599 0.598449051 -0.003530555 0.999984026 0.004417380 -0.825593591 -0.000378005 -0.004418741 0.999990165 28.591619492
0.999992967 0.003736939 0.000212436 0.606664002 -0.003737764 0.999984860 0.004033025 -0.842874467 -0.000197362 -0.004033791 0.999991834 29.135984421
0.999991894 0.004019360 0.000061039 0.612095892 -0.004019570 0.999984086 0.003959892 -0.855136871 -0.000045122 -0.003960105 0.999992132 29.681005478
0.999990642 0.004313940 -0.000241603 0.623196721 -0.004312893 0.999981999 0.004176904 -0.868768930 0.000259617 -0.004175823 0.999991238 30.230104446
0.999992967 0.003676724 -0.000772698 0.637887537 -0.003673565 0.999985158 0.004050139 -0.880893946 0.000787578 -0.004047272 0.999991477 30.767179489
0.999991655 0.004043875 -0.000522281 0.645958424 -0.004041724 0.999983549 0.004054656 -0.894386053 0.000538669 -0.004052512 0.999991596 31.308795929
0.999987304 0.004978701 -0.000795226 0.651494861 -0.004975637 0.999980390 0.003808226 -0.904635847 0.000814170 -0.003804221 0.999992430 31.861051559
0.999991536 0.003919643 -0.001212220 0.665969789 -0.003914826 0.999984443 0.003951795 -0.923779070 0.001227692 -0.003947016 0.999991477 32.396797180
0.999991715 0.003761380 -0.001526451 0.668684065 -0.003755398 0.999985278 0.003903324 -0.938499987 0.001541111 -0.003897561 0.999991238 32.944671631
0.999991477 0.003874365 -0.001417601 0.681013823 -0.003867947 0.999982357 0.004502222 -0.955829203 0.001435019 -0.004496701 0.999988854 33.501419067
0.999988317 0.004681824 -0.001188149 0.687665999 -0.004676784 0.999980211 0.004209912 -0.964846432 0.001207836 -0.004204307 0.999990463 34.059036255
0.999987662 0.004671775 -0.001679234 0.695490956 -0.004664415 0.999979615 0.004360507 -0.983469248 0.001699571 -0.004352621 0.999989092 34.585739136
0.999987781 0.004044773 -0.002862911 0.716863990 -0.004032374 0.999982536 0.004323343 -0.992999315 0.002880348 -0.004311746 0.999986589 35.155567169
0.999990940 0.003696950 -0.002068821 0.719629824 -0.003687271 0.999982297 0.004662869 -1.013160348 0.002086024 -0.004655200 0.999987006 35.668193817
0.999988854 0.003814929 -0.002773038 0.727370739 -0.003802553 0.999982834 0.004455023 -1.026145458 0.002789987 -0.004444428 0.999986231 36.202651978
0.999987245 0.004414120 -0.002462119 0.732533157 -0.004404140 0.999982178 0.004044216 -1.038755655 0.002479927 -0.004033320 0.999988794 36.749416351
0.999989092 0.003817309 -0.002689952 0.744927943 -0.003805328 0.999982893 0.004445318 -1.053449631 0.002706875 -0.004435033 0.999986529 37.304729462
0.999989271 0.003433322 -0.003104023 0.761187017 -0.003419689 0.999984562 0.004386457 -1.067196131 0.003119035 -0.004375795 0.999985635 37.847560883
0.999988556 0.003292333 -0.003484398 0.768204808 -0.003277647 0.999985814 0.004212267 -1.077484250 0.003498216 -0.004200798 0.999985158 38.402446747
0.999988079 0.003846722 -0.003012050 0.772340715 -0.003833803 0.999983490 0.004283216 -1.098083496 0.003028477 -0.004271618 0.999986291 38.898403168
0.999987066 0.004348954 -0.002628536 0.778412521 -0.004338005 0.999981940 0.004157165 -1.109473825 0.002646568 -0.004145708 0.999987900 39.441810608
0.999988079 0.004217548 -0.002476962 0.787377954 -0.004206251 0.999980867 0.004548780 -1.126714230 0.002496099 -0.004538307 0.999986529 39.991107941
0.999988258 0.004088029 -0.002604254 0.800470352 -0.004076622 0.999982119 0.004370393 -1.140097618 0.002622074 -0.004359725 0.999987066 40.528388977
0.999988973 0.003447192 -0.003207847 0.812385380 -0.003432522 0.999983788 0.004567774 -1.141719341 0.003223541 -0.004556713 0.999984384 41.092712402
0.999988079 0.004169640 -0.002535939 0.814805984 -0.004159611 0.999983549 0.003946785 -1.162273169 0.002552354 -0.003936189 0.999988973 41.638286591
0.999984980 0.004608413 -0.002980232 0.829640865 -0.004598322 0.999983609 0.003383670 -1.170649409 0.002995777 -0.003369915 0.999989808 42.193267822
0.999986827 0.003859538 -0.003378611 0.849134862 -0.003846724 0.999985397 0.003790590 -1.188644290 0.003393191 -0.003777544 0.999987066 42.725524902
0.999986768 0.003897792 -0.003349127 0.857117534 -0.003883996 0.999983966 0.004115836 -1.205295205 0.003365116 -0.004102774 0.999985874 43.238307953
0.999985933 0.004332997 -0.003060461 0.862104595 -0.004320055 0.999981761 0.004223082 -1.225017667 0.003078704 -0.004209802 0.999986410 43.787296295
0.999987006 0.004123114 -0.002974696 0.872097850 -0.004110815 0.999983013 0.004128354 -1.235102415 0.002991665 -0.004116073 0.999987006 44.331489563
0.999987066 0.003934759 -0.003206871 0.880421400 -0.003921201 0.999983430 0.004222807 -1.250846624 0.003223433 -0.004210179 0.999985933 44.874355316
0.999987066 0.004333958 -0.002658596 0.890803874 -0.004323821 0.999983430 0.003807253 -1.259978294 0.002675052 -0.003795709 0.999989152 45.432022095
0.999985516 0.004780905 -0.002490520 0.901733398 -0.004772115 0.999982476 0.003523396 -1.268953204 0.002507321 -0.003511460 0.999990702 45.976383209
0.999986231 0.004494423 -0.002716429 0.910942554 -0.004484491 0.999983251 0.003651126 -1.283575773 0.002732794 -0.003638894 0.999989629 46.535377502
0.999985933 0.004359853 -0.002997012 0.927614868 -0.004349767 0.999984860 0.003363832 -1.292615294 0.003011632 -0.003350748 0.999989808 47.078357697
0.999977291 0.006101823 -0.002901251 0.931754231 -0.006091804 0.999975502 0.003449856 -1.292769670 0.002922230 -0.003432104 0.999989867 47.535289764
0.999976337 0.006331717 -0.002679869 0.940750778 -0.006324328 0.999976218 0.002756620 -1.303219676 0.002697259 -0.002739605 0.999992609 48.079502106
0.999976456 0.006424616 -0.002412561 0.954215169 -0.006415649 0.999972463 0.003706636 -1.323246717 0.002436309 -0.003691070 0.999990225 48.584159851
0.999977529 0.006224357 -0.002500340 0.966906905 -0.006215579 0.999974549 0.003503374 -1.332751513 0.002522083 -0.003487754 0.999990761 49.140930176
0.999970734 0.007064026 -0.002921437 0.981542468 -0.007053353 0.999968410 0.003647481 -1.346882582 0.002947110 -0.003626768 0.999989092 49.641067505
0.999972582 0.006792110 -0.002955507 0.991388679 -0.006781384 0.999970436 0.003624337 -1.357831597 0.002980037 -0.003604194 0.999989092 50.165405273
0.999970913 0.007116138 -0.002755762 0.996468961 -0.007106715 0.999968946 0.003414346 -1.368638754 0.002779973 -0.003394662 0.999990404 50.707195282
0.999971628 0.007031363 -0.002748984 1.013448238 -0.007021313 0.999968827 0.003648243 -1.387666225 0.002774550 -0.003628838 0.999989510 51.228214264
0.999969006 0.007294543 -0.002947773 1.022972226 -0.007284315 0.999967396 0.003465655 -1.396898985 0.002972957 -0.003444075 0.999989569 51.759761810
0.999966741 0.007636737 -0.002860164 1.031746745 -0.007627793 0.999966025 0.003125286 -1.410646677 0.002883933 -0.003103365 0.999990940 52.287899017
0.999970317 0.007126846 -0.002920230 1.042469025 -0.007116457 0.999968350 0.003552971 -1.423719525 0.002945460 -0.003532084 0.999989390 52.820724487
0.999967992 0.007341906 -0.003165238 1.045783877 -0.007331025 0.999967158 0.003435602 -1.437661886 0.003190358 -0.003412287 0.999989092 53.370830536
0.999967396 0.007466910 -0.003062923 1.065047026 -0.007456803 0.999966741 0.003298420 -1.456709266 0.003087450 -0.003275473 0.999989867 53.906604767
0.999965250 0.007799675 -0.002983855 1.074780941 -0.007789829 0.999964178 0.003297470 -1.468453526 0.003009468 -0.003274111 0.999990106 54.456390381
0.999967337 0.007357749 -0.003351031 1.088367939 -0.007346355 0.999967217 0.003399655 -1.483138323 0.003375935 -0.003374926 0.999988616 55.001697540
0.999969602 0.007041080 -0.003352196 1.102985620 -0.007030090 0.999969900 0.003279002 -1.497551918 0.003375183 -0.003255336 0.999988973 55.553489685
0.999969244 0.006863904 -0.003790622 1.097196341 -0.006852929 0.999972284 0.002900545 -1.493327379 0.003810427 -0.002874478 0.999988675 56.113994598
0.999967754 0.007214585 -0.003534238 1.125702262 -0.007202737 0.999968410 0.003353631 -1.525142431 0.003558321 -0.003328066 0.999988139 56.624721527
0.999963760 0.008029804 -0.002831281 1.126903057 -0.008021212 0.999963224 0.003032880 -1.533277750 0.002855531 -0.003010060 0.999991357 57.163421631
0.999962986 0.008146550 -0.002780452 1.134818554 -0.008138851 0.999962986 0.002769221 -1.544851422 0.002802909 -0.002746488 0.999992311 57.713108063
0.999967694 0.007463556 -0.002960595 1.146288037 -0.007454676 0.999967635 0.002999101 -1.557656527 0.002982885 -0.002976934 0.999991119 58.261821747
0.999968529 0.007384398 -0.002908705 1.151936054 -0.007375870 0.999968410 0.002931447 -1.571844935 0.002930260 -0.002909901 0.999991477 58.793346405
0.999971211 0.006781813 -0.003377976 1.164870024 -0.006773057 0.999973714 0.002596721 -1.580543876 0.003395497 -0.002573768 0.999990940 59.345516205
0.999969661 0.007078048 -0.003259946 1.177514195 -0.007070730 0.999972463 0.002250981 -1.596162915 0.003275789 -0.002227863 0.999992132 59.881221771
0.999967873 0.007301984 -0.003307411 1.184514523 -0.007296274 0.999971867 0.001734988 -1.603227854 0.003319987 -0.001710800 0.999993026 60.435733795
0.999965847 0.007683080 -0.003055126 1.180781603 -0.007674929 0.999966979 0.002671053 -1.632173538 0.003075548 -0.002647513 0.999991775 60.980392456
0.999966145 0.007697962 -0.002876750 1.193542480 -0.007691105 0.999967575 0.002386992 -1.638755083 0.002895032 -0.002364787 0.999993026 61.527793884
0.999967694 0.007516111 -0.002847005 1.199667335 -0.007509069 0.999968767 0.002476489 -1.657969475 0.002865530 -0.002455030 0.999992907 62.066959381
0.999965608 0.007933279 -0.002421142 1.206126451 -0.007928383 0.999966502 0.002025154 -1.671464682 0.002437127 -0.002005889 0.999994993 62.603927612
0.999962330 0.008336431 -0.002420045 1.216290236 -0.008331284 0.999963045 0.002129446 -1.682606578 0.002437707 -0.002109204 0.999994814 63.151657104
0.999960124 0.008633820 -0.002270620 1.221629143 -0.008629286 0.999960780 0.001999534 -1.700684547 0.002287796 -0.001979860 0.999995410 63.694519043
0.999960303 0.008639991 -0.002165319 1.234246373 -0.008636363 0.999961257 0.001678885 -1.712399483 0.002179740 -0.001660118 0.999996245 64.233436584
0.999959052 0.008832164 -0.001960022 1.239092827 -0.008828969 0.999959707 0.001633070 -1.724684834 0.001974366 -0.001615698 0.999996662 64.783813477
0.999959886 0.008773440 -0.001794251 1.249841809 -0.008770700 0.999960363 0.001529679 -1.738602757 0.001807601 -0.001513880 0.999997199 65.318588257
0.999962270 0.008521786 -0.001692139 1.261206508 -0.008519181 0.999962509 0.001539577 -1.750732303 0.001705195 -0.001525103 0.999997377 65.860733032
0.999960542 0.008748678 -0.001523866 1.268334627 -0.008746342 0.999960601 0.001533444 -1.767075181 0.001537221 -0.001520056 0.999997675 66.413757324
0.999957025 0.009142944 -0.001501063 1.276639581 -0.009140656 0.999957204 0.001522613 -1.786504507 0.001514921 -0.001508827 0.999997735 66.950698853
0.999957085 0.009088259 -0.001805629 1.292090654 -0.009085673 0.999957621 0.001435496 -1.800897002 0.001818600 -0.001419029 0.999997318 67.496025085
0.999956667 0.009130893 -0.001819800 1.300173044 -0.009128131 0.999957204 0.001520608 -1.817128778 0.001833606 -0.001503931 0.999997199 68.035392761
0.999955475 0.009288060 -0.001684677 1.308172822 -0.009285507 0.999955714 0.001517499 -1.835903883 0.001698697 -0.001501788 0.999997437 68.577545166
0.999956250 0.009190459 -0.001717846 1.318610668 -0.009187771 0.999956489 0.001567173 -1.850612044 0.001732174 -0.001551321 0.999997318 69.118644714
0.999954760 0.009423776 -0.001280024 1.328152895 -0.009423047 0.999955416 0.000572594 -1.859956980 0.001285363 -0.000560506 0.999999046 69.673248291
0.999955177 0.009375166 -0.001285650 1.338098645 -0.009373910 0.999955595 0.000979181 -1.878045082 0.001294772 -0.000967085 0.999998689 70.218391418
0.999950826 0.009892959 -0.000708409 1.348911524 -0.009891851 0.999949872 0.001548374 -1.892970204 0.000723692 -0.001541290 0.999998569 70.778953552
0.999962509 0.008507706 -0.001573629 1.367385745 -0.008505647 0.999962986 0.001311319 -1.912892699 0.001584727 -0.001297885 0.999997914 71.291824341
0.999964237 0.008322952 -0.001458615 1.375049591 -0.008321048 0.999964476 0.001307260 -1.928682208 0.001469444 -0.001295077 0.999998033 71.832153320
0.999961734 0.008639058 -0.001392011 1.382094264 -0.008637503 0.999962032 0.001120038 -1.946472049 0.001401635 -0.001107972 0.999998391 72.372787476
0.999959826 0.008823736 -0.001575583 1.393523216 -0.008821713 0.999960244 0.001284079 -1.963446379 0.001586851 -0.001270128 0.999997914 72.900901794
0.999959946 0.008837926 -0.001403736 1.400237679 -0.008836092 0.999960124 0.001305797 -1.979134083 0.001415221 -0.001293342 0.999998093 73.444313049
0.999955773 0.009333380 -0.001173035 1.408185363 -0.009331929 0.999955714 0.001234680 -1.997096896 0.001184506 -0.001223679 0.999998510 73.979736328
0.999954700 0.009439882 -0.001187679 1.419262886 -0.009437962 0.999954104 0.001611681 -2.007769585 0.001202838 -0.001600399 0.999997973 74.507926941
0.999955356 0.009366970 -0.001253351 1.429295182 -0.009365513 0.999955475 0.001161611 -2.021925926 0.001264176 -0.001149821 0.999998569 75.043495178
0.999954700 0.009453956 -0.001104273 1.440699935 -0.009452647 0.999954641 0.001183368 -2.039636374 0.001115411 -0.001172877 0.999998629 75.569320679
0.999954462 0.009467302 -0.001184659 1.447366595 -0.009465952 0.999954462 0.001140447 -2.055226088 0.001195403 -0.001129181 0.999998629 76.094413757
0.999952674 0.009679716 -0.000914144 1.454125762 -0.009678935 0.999952734 0.000855271 -2.073917389 0.000922380 -0.000846382 0.999999225 76.624633789
0.999949574 0.010017444 -0.000705349 1.462689161 -0.010017004 0.999949574 0.000624254 -2.086061239 0.000711566 -0.000617157 0.999999583 77.159172058
0.999951541 0.009818574 -0.000740363 1.464389443 -0.009817810 0.999951303 0.001029630 -2.107743263 0.000750436 -0.001022311 0.999999166 77.683792114
0.999953330 0.009642595 -0.000549140 1.473785996 -0.009642168 0.999953210 0.000776924 -2.125169039 0.000556606 -0.000771593 0.999999523 78.198272705
0.999951482 0.009846402 0.000146295 1.481136560 -0.009846488 0.999951422 0.000578222 -2.137530565 -0.000140594 -0.000579635 0.999999821 78.750610352
0.999947965 0.010161735 -0.000914607 1.495850086 -0.010160858 0.999947906 0.000959286 -2.156500816 0.000924308 -0.000949943 0.999999106 79.258148193
0.999945939 0.010390933 -0.000345245 1.508500576 -0.010390570 0.999945462 0.001038251 -2.165723324 0.000356015 -0.001034608 0.999999344 79.867820740
0.999948978 0.010102456 -0.000058934 1.518254995 -0.010102392 0.999948382 0.001028524 -2.187996387 0.000069322 -0.001027876 0.999999464 80.315933228
0.999944329 0.010462373 0.001331038 1.529226065 -0.010463738 0.999944746 0.001023261 -2.202787399 -0.001320259 -0.001037132 0.999998569 80.857955933
0.999951124 0.009653931 0.002121228 1.545572639 -0.009656070 0.999952853 0.001000009 -2.217840195 -0.002111474 -0.001020442 0.999997258 81.409873962
0.999940276 0.010313464 0.003616023 1.550477266 -0.010318282 0.999945879 0.001316647 -2.232300997 -0.003602248 -0.001353879 0.999992609 81.958015442
0.999938548 0.009058700 0.006380289 1.575998306 -0.009063489 0.999958694 0.000721909 -2.249363661 -0.006373486 -0.000779692 0.999979377 82.461692810
0.999913275 0.008616930 0.009958046 1.586852670 -0.008622242 0.999962687 0.000490697 -2.256463766 -0.009953445 -0.000576515 0.999950290 83.023857117
0.999865711 0.009419887 0.013411817 1.607107162 -0.009427033 0.999955475 0.000469822 -2.274802685 -0.013406793 -0.000596192 0.999909878 83.558868408
0.999804556 0.008811299 0.017695826 1.634624481 -0.008820374 0.999961019 0.000434952 -2.288429976 -0.017691303 -0.000590951 0.999843299 84.115722656
0.999688864 0.009205354 0.023182167 1.664342880 -0.009217180 0.999957442 0.000403221 -2.307076454 -0.023177467 -0.000616770 0.999731183 84.643852234
0.999523818 0.009034184 0.029504303 1.688412786 -0.009050658 0.999958873 0.000424905 -2.326145887 -0.029499255 -0.000691736 0.999564528 85.199272156
0.999341607 0.009095456 0.035123516 1.726406932 -0.009119998 0.999958217 0.000538627 -2.341662645 -0.035117157 -0.000858599 0.999382794 85.740577698
0.999015868 0.009097932 0.043409631 1.765937090 -0.009118901 0.999958515 0.000285088 -2.355083466 -0.043405235 -0.000680655 0.999057293 86.298484802
0.998615444 0.008820631 0.051858246 1.809177637 -0.008816224 0.999961078 -0.000313717 -2.370269299 -0.051858999 -0.000143912 0.998654425 86.839790344
0.998233736 0.008302764 0.058825500 1.863306046 -0.008288399 0.999965489 -0.000488196 -2.380858660 -0.058827527 -0.000000236 0.998268187 87.398773193
0.997647464 0.008997684 0.067961946 1.912775993 -0.009035335 0.999959171 0.000246617 -2.408629656 -0.067956969 -0.000860096 0.997687876 87.939979553
0.996926665 0.008126075 0.077916622 1.978635311 -0.008105852 0.999967039 -0.000575826 -2.416123152 -0.077918723 -0.000057525 0.996959627 88.482505798
0.996225357 0.008310572 0.086407371 2.038065434 -0.008339344 0.999965250 -0.000028020 -2.446997881 -0.086404614 -0.000692666 0.996259809 89.024215698
0.995546579 0.007848760 0.093943655 2.103619099 -0.007870208 0.999969006 -0.000142190 -2.465645552 -0.093941852 -0.000597799 0.995577455 89.586959839
0.994594991 0.007906521 0.103529379 2.191690922 -0.007920437 0.999968588 -0.000276684 -2.470088243 -0.103528306 -0.000544809 0.994626284 90.120658875
0.993444443 0.007088477 0.114095844 2.270660400 -0.007102956 0.999974728 -0.000279648 -2.498718977 -0.114094935 -0.000532603 0.993469715 90.677276611
0.992353678 0.006632057 0.123248465 2.362288475 -0.006599626 0.999978125 -0.000671399 -2.513416052 -0.123250216 -0.000147129 0.992375612 91.228782654
0.990813434 0.006817517 0.135064051 2.452471733 -0.006789061 0.999976754 -0.000671278 -2.528976440 -0.135065466 -0.000251846 0.990836620 91.766372681
0.989034593 0.006658775 0.147533238 2.549432755 -0.006689290 0.999977589 -0.000289329 -2.550980091 -0.147531867 -0.000700736 0.989057064 92.311500549
0.987427890 0.005995041 0.157956868 2.656955719 -0.006061970 0.999981523 -0.000058078 -2.564998627 -0.157954335 -0.000900182 0.987445951 92.834938049
0.985637665 0.006450290 0.168750539 2.774304390 -0.006484619 0.999978900 -0.000347674 -2.593248606 -0.168749243 -0.000751602 0.985658705 93.411750793
0.983195662 0.006561873 0.182437152 2.887303352 -0.006574338 0.999978185 -0.000536459 -2.609160900 -0.182436705 -0.000671960 0.983217299 93.949928284
0.981034994 0.005603502 0.193749785 3.031331062 -0.005654668 0.999983966 -0.000288954 -2.628097296 -0.193748295 -0.000812117 0.981050909 94.505317688
0.978943527 0.006102679 0.204039454 3.164578438 -0.006232734 0.999980569 -0.000005217 -2.644235134 -0.204035491 -0.001266617 0.978962660 95.026847839
0.976188719 0.005199587 0.216860667 3.312248230 -0.005212622 0.999986291 -0.000511912 -2.661895752 -0.216860354 -0.000630690 0.976202428 95.593635559
0.973147213 0.004754475 0.230134591 3.459327698 -0.004755544 0.999988556 -0.000550013 -2.675737381 -0.230134547 -0.000559171 0.973158717 96.126640320
0.970515132 0.003761587 0.241010725 3.616909027 -0.003611180 0.999992967 -0.001065742 -2.688669682 -0.241012990 0.000163986 0.970521867 96.638412476
0.967603326 0.003583022 0.252449781 3.769954681 -0.003498999 0.999993503 -0.000781761 -2.714466810 -0.252450943 -0.000126887 0.967609644 97.182754517
0.964288712 0.003851789 0.264825284 3.954658508 -0.003762165 0.999992609 -0.000845643 -2.717522621 -0.264826536 -0.000180872 0.964296043 97.690971375
0.960455596 0.004272944 0.278400362 4.112012863 -0.004329201 0.999990523 -0.000412706 -2.759742975 -0.278399557 -0.000808866 0.960465014 98.236358643
0.957055628 0.003909943 0.289877951 4.293088913 -0.004019784 0.999991834 -0.000216484 -2.777864695 -0.289876461 -0.000958059 0.957063675 98.755920410
0.952765644 0.003461210 0.303686708 4.491743088 -0.003540865 0.999993682 -0.000288368 -2.802541733 -0.303685814 -0.000800567 0.952771842 99.273147583
0.948529661 0.002515816 0.316678286 4.702150345 -0.002520363 0.999996722 -0.000395254 -2.804361820 -0.316678256 -0.000423233 0.948532939 99.805587769
0.944409370 0.002505851 0.328762382 4.897291183 -0.002593695 0.999996543 -0.000171349 -2.837519646 -0.328761697 -0.000690886 0.944412649 100.313331604
0.939782560 0.001911351 0.341767609 5.108039856 -0.001951521 0.999998033 -0.000226301 -2.853569746 -0.341767371 -0.000454293 0.939784527 100.816841125
0.934537888 0.002058604 0.355857790 5.319858551 -0.002198119 0.999997497 -0.000012291 -2.870793343 -0.355856925 -0.000770731 0.934540153 101.332000732
0.929788232 0.001305478 0.368092686 5.528116226 -0.001465629 0.999998868 0.000155523 -2.892030001 -0.368092090 -0.000684091 0.929789066 101.768524170
0.924941480 0.002172434 0.380103171 5.772781372 -0.002638941 0.999996245 0.000706232 -2.921411991 -0.380100220 -0.001656293 0.924943805 102.255203247
0.919153571 0.000764523 0.393898606 6.059280396 -0.001209190 0.999998868 0.000880709 -2.971158266 -0.393897504 -0.001285806 0.919153452 102.930747986
0.913017631 0.001609113 0.407916903 6.241905212 -0.002465940 0.999995708 0.001574685 -2.970636606 -0.407912612 -0.002443614 0.913017690 103.417602539
0.907719493 0.001665649 0.419574261 6.539073944 -0.002326512 0.999996722 0.001063404 -2.997329235 -0.419571161 -0.001941418 0.907720387 103.914108276
0.902533472 -0.000643910 0.430619270 6.813957214 0.000491975 0.999999762 0.000464182 -3.010209799 -0.430619478 -0.000207086 0.902533531 104.432250977
0.895640016 0.001629832 0.444776714 7.063091278 -0.002719941 0.999994636 0.001812740 -3.032085180 -0.444771379 -0.002833328 0.895639598 104.931442261
0.889770329 -0.000894376 0.456407607 7.352317810 0.000762353 0.999999583 0.000473384 -3.036872387 -0.456407845 -0.000073259 0.889770687 105.414215088
0.883886397 -0.000781502 0.467701048 7.640815735 0.000654564 0.999999702 0.000433914 -3.054522276 -0.467701226 -0.000077390 0.883886576 105.907028198
0.875999689 -0.001438494 0.482309610 7.871917725 0.001349995 0.999998927 0.000530566 -3.074743986 -0.482309788 0.000186340 0.876000702 106.476974487
