1.000000000 0.000000000 0.000000000 0.000000000 0.000000000 1.000000000 0.000000000 0.000000000 0.000000000 0.000000000 1.000000000 0.000000000
1.000000000 -0.000082462 -0.000210421 0.003659138 0.000082492 1.000000000 0.000142360 -0.003420386 0.000210409 -0.000142378 0.999999940 -0.002261510
1.000000000 0.000008071 0.000012486 0.000632478 -0.000008072 1.000000000 0.000082417 -0.002826774 -0.000012486 -0.000082417 1.000000000 -0.003369873
1.000000000 -0.000118112 -0.000153795 0.006614313 0.000118141 1.000000000 0.000189424 -0.003243434 0.000153773 -0.000189442 1.000000000 -0.004416502
1.000000000 -0.000044639 -0.000054913 0.000914649 0.000044641 1.000000000 0.000042402 -0.000491603 0.000054911 -0.000042405 1.000000000 0.000132364
1.000000000 -0.000032765 0.000064686 -0.000668029 0.000032764 1.000000000 0.000008838 -0.001660819 -0.000064686 -0.000008836 1.000000000 -0.001554984
1.000000000 -0.000103581 -0.000152856 0.005058146 0.000103606 1.000000000 0.000167653 -0.003228123 0.000152839 -0.000167669 1.000000000 -0.007280615
1.000000000 -0.000151700 -0.000069350 -0.000341271 0.000151703 1.000000000 0.000037367 0.000150549 0.000069345 -0.000037377 1.000000000 0.000603222
1.000000000 0.000008612 -0.000085331 0.002555247 -0.000008605 1.000000000 0.000089720 -0.003423835 0.000085332 -0.000089719 1.000000000 -0.009073981
1.000000000 0.000019855 0.000035946 0.000634175 -0.000019858 1.000000000 0.000107779 -0.002575276 -0.000035944 -0.000107779 1.000000000 -0.005611571
1.000000000 0.000112709 0.000087387 -0.001098116 -0.000112713 1.000000000 0.000048826 -0.001202717 -0.000087381 -0.000048836 1.000000000 -0.005092553
1.000000000 -0.000106580 -0.000023440 -0.000490938 0.000106582 1.000000000 0.000090221 -0.003838097 0.000023430 -0.000090224 1.000000000 -0.008583206
1.000000000 -0.000066453 -0.000006488 0.000302760 0.000066453 1.000000000 0.000060734 -0.001835864 0.000006484 -0.000060734 1.000000000 -0.006254511
1.000000000 -0.000073479 -0.000018678 0.000615484 0.000073481 1.000000000 0.000104707 -0.002169061 0.000018670 -0.000104709 1.000000000 -0.005963882
0.999999940 -0.000241095 -0.000080294 0.001190805 0.000241111 0.999999940 0.000200071 -0.002657182 0.000080246 -0.000200091 1.000000000 -0.008371020
0.999999940 -0.000246783 -0.000096925 -0.000942656 0.000246797 0.999999940 0.000138976 -0.002868040 0.000096891 -0.000139000 1.000000000 -0.009565006
1.000000000 -0.000168465 0.000024921 0.000029985 0.000168464 1.000000000 0.000052325 -0.001147159 -0.000024930 -0.000052321 1.000000000 -0.008005282
1.000000000 0.000051447 0.000003780 0.002013375 -0.000051447 1.000000000 0.000186040 -0.003771574 -0.000003770 -0.000186040 1.000000000 -0.011648776
1.000000000 -0.000232520 -0.000069326 0.001428083 0.000232528 0.999999940 0.000118000 -0.003878922 0.000069299 -0.000118016 1.000000000 -0.008682327
0.999999940 -0.000341672 -0.000096372 0.005649443 0.000341694 0.999999940 0.000225679 -0.006514803 0.000096295 -0.000225711 0.999999940 -0.020088920
1.000000000 -0.000078977 -0.000039142 0.002932028 0.000078987 0.999999940 0.000237076 -0.005462041 0.000039123 -0.000237079 1.000000000 -0.013857306
1.000000000 0.000033181 0.000053694 -0.000557376 -0.000033187 1.000000000 0.000113264 -0.001104356 -0.000053690 -0.000113266 1.000000000 -0.006766078
0.999999940 -0.000214062 -0.000153393 0.004712244 0.000214088 0.999999940 0.000168990 -0.003492446 0.000153357 -0.000169023 1.000000000 -0.012823224
1.000000000 -0.000207142 -0.000098226 0.003064485 0.000207168 0.999999940 0.000262720 -0.004566930 0.000098172 -0.000262740 0.999999940 -0.010424946
1.000000000 -0.000079723 -0.000134591 0.006012780 0.000079750 1.000000000 0.000204507 -0.003669735 0.000134575 -0.000204518 0.999999940 -0.015910488
1.000000000 -0.000105286 -0.000039493 0.000961591 0.000105295 1.000000000 0.000215672 -0.003108430 0.000039470 -0.000215677 1.000000000 -0.013928277
1.000000000 -0.000087973 -0.000018628 -0.001548344 0.000087977 1.000000000 0.000201408 -0.004813597 0.000018610 -0.000201409 1.000000000 -0.015340298
1.000000000 -0.000117800 0.000007935 -0.001156753 0.000117798 1.000000000 0.000206086 -0.003331207 -0.000007959 -0.000206085 1.000000000 -0.009873151
0.999999940 -0.000255286 -0.000155827 -0.000112501 0.000255308 0.999999940 0.000138071 0.000290524 0.000155791 -0.000138111 1.000000000 -0.007381359
1.000000000 -0.000118529 -0.000121368 0.001747266 0.000118551 1.000000000 0.000181196 -0.002189003 0.000121346 -0.000181210 1.000000000 -0.009107982
1.000000000 -0.000135209 0.000021495 -0.001254975 0.000135207 1.000000000 0.000124140 -0.001629824 -0.000021512 -0.000124137 1.000000000 -0.003092215
0.999999940 -0.000247479 -0.000091744 -0.001728804 0.000247501 0.999999940 0.000234800 -0.002985402 0.000091686 -0.000234823 0.999999940 -0.009665249
0.999999940 -0.000195758 -0.000157663 0.002254561 0.000195799 0.999999940 0.000261778 -0.003619880 0.000157612 -0.000261808 0.999999940 -0.014246622
1.000000000 -0.000020131 -0.000114898 -0.000139000 0.000020142 1.000000000 0.000096569 -0.001032501 0.000114897 -0.000096572 1.000000000 -0.005628772
1.000000000 -0.000085819 -0.000055422 -0.001209301 0.000085824 1.000000000 0.000079815 -0.000673474 0.000055415 -0.000079820 1.000000000 -0.006874082
1.000000000 -0.000212623 -0.000041057 -0.001879411 0.000212624 1.000000000 0.000002875 0.000352059 0.000041057 -0.000002884 1.000000000 -0.010985382
0.999999940 -0.000333194 -0.000214554 0.004678123 0.000333217 0.999999940 0.000105754 -0.001349627 0.000214518 -0.000105826 1.000000000 -0.012243035
1.000000000 -0.000188762 -0.000028717 0.000400482 0.000188763 1.000000000 0.000036897 0.000298140 0.000028710 -0.000036903 1.000000000 -0.007766979
1.000000000 -0.000054312 -0.000073906 -0.000395666 0.000054333 0.999999940 0.000279033 -0.002583987 0.000073890 -0.000279037 0.999999940 -0.012111131
0.999999940 -0.000270547 -0.000263691 0.005095350 0.000270590 0.999999940 0.000162637 -0.006033034 0.000263647 -0.000162709 0.999999940 -0.007235366
1.000000000 -0.000060184 -0.000187969 0.008441101 0.000060094 0.999999881 -0.000478788 -0.008103031 0.000187998 0.000478776 0.999999881 0.042009719
1.000000000 -0.000060679 -0.000181783 0.008167459 0.000060441 0.999999166 -0.001306587 -0.003229500 0.000181863 0.001306576 0.999999106 0.143934354
1.000000000 -0.000095346 -0.000052664 0.004757985 0.000095275 0.999999106 -0.001354996 -0.010841514 0.000052793 0.001354991 0.999999106 0.263580829
0.999999940 -0.000311989 0.000208627 0.001849278 0.000312245 0.999999225 -0.001228085 -0.016363917 -0.000208244 0.001228150 0.999999225 0.384831905
1.000000000 0.000124726 -0.000081353 0.006343758 -0.000124816 0.999999404 -0.001106648 -0.022166038 0.000081215 0.001106658 0.999999404 0.535853088
1.000000000 0.000047164 0.000011101 0.017118538 -0.000047151 0.999999344 -0.001156615 -0.026211131 -0.000011156 0.001156615 0.999999344 0.681543589
0.999999940 0.000085485 0.000240979 0.027123269 -0.000085305 0.999999702 -0.000748198 -0.035894912 -0.000241043 0.000748177 0.999999702 0.852038562
1.000000000 -0.000022599 0.000200270 0.022046665 0.000022724 0.999999821 -0.000622236 -0.037808254 -0.000200256 0.000622240 0.999999762 1.022858024
0.999999762 0.000281969 0.000604933 0.012632919 -0.000281524 0.999999702 -0.000734361 -0.038489006 -0.000605140 0.000734191 0.999999523 1.199947953
0.999999940 0.000174806 0.000341485 0.031864751 -0.000174651 0.999999881 -0.000454064 -0.053617775 -0.000341564 0.000454004 0.999999821 1.418981552
0.999999881 0.000199119 0.000416754 0.032419842 -0.000198886 0.999999821 -0.000558183 -0.057813480 -0.000416865 0.000558100 0.999999762 1.613274813
0.999999762 0.000254161 0.000602293 0.039720871 -0.000254034 0.999999940 -0.000211695 -0.069660448 -0.000602346 0.000211541 0.999999821 1.813516259
0.999998510 -0.001597383 0.000791770 -0.001987148 0.001595645 0.999996305 0.002191871 -0.096726276 -0.000795268 -0.002190605 0.999997258 1.945013523
0.999998391 -0.001155423 0.001376238 0.000914956 0.001152716 0.999997377 0.001965990 -0.102156609 -0.001378506 -0.001964401 0.999997139 2.168319225
0.999998689 -0.000443846 0.001532949 -0.001912322 0.000440790 0.999997914 0.001993514 -0.103167936 -0.001533831 -0.001992836 0.999996781 2.378531456
0.999998868 -0.000833258 0.001263527 0.002318535 0.000830868 0.999997854 0.001891025 -0.116574779 -0.001265100 -0.001889974 0.999997437 2.630497456
0.999998569 -0.000539141 0.001583699 0.003726080 0.000535691 0.999997437 0.002178335 -0.121904477 -0.001584869 -0.002177484 0.999996424 2.866401434
0.999998748 -0.000564442 0.001521760 0.014062615 0.000561218 0.999997556 0.002117858 -0.127513394 -0.001522951 -0.002117001 0.999996603 3.098923206
0.999998450 -0.000599924 0.001634226 0.010615973 0.000596650 0.999997735 0.002003702 -0.131198138 -0.001635425 -0.002002724 0.999996722 3.359724998
0.999997914 -0.001447189 0.001426525 0.014193253 0.001443628 0.999995768 0.002494283 -0.153075486 -0.001430129 -0.002492219 0.999995887 3.586234093
0.999998629 -0.000954755 0.001335790 0.020146338 0.000951418 0.999996424 0.002495905 -0.156953052 -0.001338168 -0.002494630 0.999996006 3.835938692
0.999997735 -0.001853059 0.001019333 0.030254230 0.001850335 0.999994636 0.002667151 -0.166897997 -0.001024270 -0.002665259 0.999995947 4.108780861
0.999998569 -0.000698769 0.001559020 0.026961915 0.000694324 0.999995649 0.002849418 -0.172526747 -0.001561004 -0.002848331 0.999994755 4.364942551
0.999998093 -0.001814890 0.000699919 0.035869841 0.001812755 0.999993742 0.003038701 -0.189655825 -0.000705429 -0.003037427 0.999995112 4.604523659
0.999997675 -0.002003203 0.000701587 0.045058049 0.002000770 0.999992073 0.003450707 -0.199716702 -0.000708494 -0.003449296 0.999993742 4.863044262
0.999997973 -0.001631794 0.001236301 0.043915711 0.001627991 0.999993980 0.003071244 -0.203843102 -0.001241305 -0.003069225 0.999994516 5.129263401
0.999997616 -0.001585723 0.001453177 0.033507094 0.001581018 0.999993503 0.003232724 -0.217543155 -0.001458294 -0.003230419 0.999993742 5.382765293
0.999998152 -0.001276788 0.001437066 0.048998937 0.001272628 0.999994934 0.002892365 -0.214066595 -0.001440752 -0.002890531 0.999994874 5.655419350
0.999997437 -0.001601240 0.001574173 0.052402828 0.001596369 0.999993920 0.003090868 -0.227457851 -0.001579113 -0.003088347 0.999994040 5.931784153
0.999997318 -0.001548810 0.001717210 0.054454070 0.001543324 0.999993682 0.003191264 -0.234642714 -0.001722142 -0.003188606 0.999993443 6.206788063
0.999997854 -0.001293977 0.001572694 0.059257876 0.001289065 0.999994278 0.003120072 -0.250747472 -0.001576722 -0.003118038 0.999993920 6.451104164
0.999997675 -0.000841626 0.001996895 0.058716808 0.000835467 0.999994874 0.003083314 -0.259037197 -0.001999480 -0.003081638 0.999993265 6.745018005
0.999997675 -0.001308594 0.001740565 0.074786186 0.001303043 0.999994040 0.003186937 -0.264831007 -0.001744725 -0.003184662 0.999993384 7.039793968
0.999997675 -0.001373153 0.001657353 0.085993633 0.001367633 0.999993503 0.003327217 -0.274308741 -0.001661911 -0.003324943 0.999993145 7.348730087
0.999997437 -0.001096751 0.001963930 0.088369526 0.001090267 0.999993920 0.003299633 -0.290207922 -0.001967537 -0.003297483 0.999992669 7.652019501
0.999997675 -0.001652817 0.001396662 0.094919644 0.001647570 0.999991596 0.003750064 -0.304904997 -0.001402848 -0.003747754 0.999992013 7.918778896
0.999997199 -0.001713418 0.001599485 0.100583971 0.001707856 0.999992549 0.003472155 -0.310076147 -0.001605422 -0.003469414 0.999992728 8.237896919
0.999997199 -0.002072382 0.001132653 0.114669189 0.002068183 0.999991000 0.003695155 -0.314633220 -0.001140301 -0.003692803 0.999992549 8.562368393
0.999996006 -0.002649332 0.000987922 0.118390284 0.002645820 0.999990225 0.003539343 -0.322024643 -0.000997289 -0.003536715 0.999993324 8.903136253
0.999997020 -0.002007006 0.001361178 0.126107022 0.002002410 0.999992251 0.003369931 -0.325940013 -0.001367932 -0.003367195 0.999993443 9.263901711
0.999995410 -0.002763873 0.001232818 0.122373536 0.002758803 0.999987900 0.004095471 -0.359327286 -0.001244123 -0.004092051 0.999990880 9.551723480
0.999996483 -0.002418678 0.001100774 0.131343469 0.002414139 0.999988616 0.004105457 -0.371424496 -0.001110691 -0.004102785 0.999991000 9.898373604
0.999996543 -0.002290607 0.001272072 0.131283104 0.002285213 0.999988496 0.004226082 -0.382916152 -0.001281738 -0.004223160 0.999990284 10.261507988
0.999995768 -0.002314185 0.001766989 0.122170776 0.002305973 0.999986589 0.004635393 -0.397018552 -0.001777693 -0.004631299 0.999987721 10.629113197
0.999996662 -0.002253749 0.001259152 0.150136456 0.002248117 0.999987543 0.004456555 -0.395775974 -0.001269180 -0.004453709 0.999989271 11.029865265
0.999995112 -0.002796537 0.001388820 0.138370112 0.002789811 0.999984443 0.004821384 -0.431780994 -0.001402282 -0.004817486 0.999987364 11.324993134
0.999993026 -0.003557652 0.001072989 0.154362485 0.003552775 0.999983490 0.004513586 -0.434982330 -0.001089029 -0.004509743 0.999989271 11.715195656
0.999993920 -0.003065969 0.001649284 0.153128669 0.003057244 0.999981463 0.005266896 -0.449366182 -0.001665401 -0.005261821 0.999984801 12.082367897
0.999995649 -0.002393321 0.001731459 0.160918847 0.002384051 0.999982953 0.005336450 -0.460868627 -0.001744201 -0.005332299 0.999984264 12.450303078
0.999993920 -0.003106947 0.001595255 0.169781253 0.003097649 0.999978423 0.005798288 -0.480859011 -0.001613235 -0.005793311 0.999981940 12.868784904
0.999993026 -0.003321202 0.001726562 0.184239432 0.003310905 0.999976993 0.005933395 -0.487591147 -0.001746228 -0.005927637 0.999980927 13.279091835
0.999994159 -0.002936174 0.001751347 0.174056098 0.002925582 0.999977589 0.006020317 -0.528335214 -0.001768984 -0.006015159 0.999980330 13.622181892
0.999994040 -0.002921332 0.001844497 0.183712751 0.002909582 0.999975681 0.006340991 -0.536227882 -0.001862977 -0.006335587 0.999978185 14.038496971
0.999994218 -0.002748583 0.002024409 0.195223674 0.002735451 0.999975383 0.006461550 -0.556568623 -0.002042119 -0.006455976 0.999977052 14.470815659
0.999990284 -0.003814663 0.002215738 0.199141398 0.003800064 0.999971271 0.006556074 -0.559518099 -0.002240684 -0.006547589 0.999976099 14.873689651
0.999989390 -0.003974343 0.002314985 0.217013717 0.003957927 0.999967337 0.007052890 -0.571412027 -0.002342940 -0.007043654 0.999972463 15.322950363
0.999985516 -0.004796830 0.002433041 0.226184934 0.004778687 0.999961257 0.007408136 -0.620290995 -0.002468482 -0.007396403 0.999969602 15.738303185
0.999985218 -0.004851516 0.002503531 0.242786050 0.004832371 0.999959469 0.007597737 -0.632124424 -0.002540290 -0.007585527 0.999968052 16.183488846
0.999986410 -0.004265548 0.003003931 0.245542899 0.004241996 0.999960542 0.007803524 -0.642796874 -0.003037098 -0.007790675 0.999965072 16.618545532
0.999986172 -0.003873575 0.003570705 0.251056194 0.003847671 0.999966443 0.007233263 -0.645774424 -0.003598603 -0.007219424 0.999967456 17.085985184
0.999985516 -0.003646652 0.003951361 0.250405252 0.003616978 0.999965370 0.007491170 -0.663420022 -0.003978542 -0.007476770 0.999964118 17.558443069
0.999983549 -0.004651722 0.003361414 0.263546020 0.004624528 0.999956906 0.008052863 -0.684230983 -0.003398727 -0.008037185 0.999961913 17.987314224
0.999980688 -0.004950435 0.003764251 0.276269197 0.004920830 0.999957263 0.007834030 -0.689110398 -0.003802871 -0.007815355 0.999962211 18.463411331
0.999983847 -0.004279363 0.003737772 0.278066516 0.004247590 0.999955177 0.008467153 -0.710475683 -0.003773838 -0.008451140 0.999957204 18.947303772
0.999982476 -0.004519163 0.003818385 0.298566878 0.004487810 0.999956489 0.008179905 -0.717595637 -0.003855186 -0.008162623 0.999959230 19.427339554
0.999985993 -0.003456665 0.003995341 0.305703193 0.003422276 0.999957383 0.008582287 -0.740974426 -0.004024837 -0.008568494 0.999955177 19.888853073
0.999985039 -0.003897893 0.003835532 0.310052723 0.003867938 0.999962211 0.007786542 -0.730601609 -0.003865737 -0.007771590 0.999962270 20.347461700
0.999982953 -0.004627008 0.003565688 0.320618927 0.004598477 0.999957681 0.007968569 -0.744368851 -0.003602408 -0.007952036 0.999961913 20.842533112
0.999988139 -0.003950401 0.002857721 0.351662517 0.003926922 0.999958932 0.008175450 -0.766594410 -0.002889900 -0.008164132 0.999962509 21.369180679
0.999987185 -0.004195499 0.002825284 0.346756428 0.004172468 0.999958396 0.008108827 -0.765249312 -0.002859187 -0.008096935 0.999963105 21.867242813
0.999983549 -0.005440986 0.001818954 0.365138352 0.005424462 0.999945045 0.008969234 -0.801062226 -0.001867655 -0.008959220 0.999958098 22.297071457
0.999985993 -0.005100976 0.001443978 0.361448258 0.005087981 0.999947727 0.008865200 -0.812048376 -0.001489124 -0.008857729 0.999959648 22.812238693
0.999983370 -0.005738321 0.000661363 0.375763416 0.005732132 0.999942958 0.009008459 -0.824583113 -0.000713018 -0.009004517 0.999959111 23.346893311
0.999985993 -0.005280233 0.000549002 0.373332560 0.005274720 0.999940038 0.009600527 -0.841718674 -0.000599663 -0.009597495 0.999953747 23.908102036
0.999983191 -0.005708202 -0.001005819 0.394059062 0.005716481 0.999948144 0.008430297 -0.840299547 0.000957645 -0.008435907 0.999963880 24.372684479
0.999985635 -0.005238312 -0.001194529 0.401696682 0.005248381 0.999949336 0.008588758 -0.844473541 0.001149477 -0.008594905 0.999962330 24.919300079
0.999985456 -0.005063318 -0.001827562 0.403676897 0.005078462 0.999952018 0.008379363 -0.849379420 0.001785047 -0.008388523 0.999963224 25.469705582
0.999984205 -0.005157421 -0.002253236 0.411049306 0.005176679 0.999949396 0.008626264 -0.867187023 0.002208633 -0.008637791 0.999960244 25.994028091
0.999971449 -0.006945879 -0.002945723 0.407780170 0.006974943 0.999925911 0.009973668 -0.898216128 0.002876228 -0.009993932 0.999945939 26.511074066
0.999966562 -0.007477203 -0.003294086 0.418115616 0.007509300 0.999923408 0.009841504 -0.912847936 0.003220246 -0.009865914 0.999946117 27.068706512
0.999979377 -0.005462082 -0.003360853 0.416571081 0.005494760 0.999936998 0.009791806 -0.924495757 0.003307158 -0.009810071 0.999946415 27.623994827
0.999962211 -0.007510526 -0.004370554 0.429630578 0.007554619 0.999919832 0.010161072 -0.940002918 0.004293889 -0.010193706 0.999938846 28.199661255
0.999970436 -0.006226012 -0.004510940 0.438796103 0.006270759 0.999930501 0.009974368 -0.949005961 0.004448526 -0.010002361 0.999940157 28.755775452
0.999965489 -0.006875167 -0.004666731 0.423611283 0.006924105 0.999920368 0.010552824 -0.994657636 0.004593807 -0.010584773 0.999933422 29.174806595
0.999966979 -0.006487921 -0.004898698 0.436666965 0.006533612 0.999934793 0.009369618 -0.990825772 0.004837588 -0.009401315 0.999944150 29.726444244
0.999965847 -0.006229186 -0.005427938 0.485396206 0.006279419 0.999937177 0.009287140 -0.995061219 0.005369746 -0.009320907 0.999942124 30.240091324
0.999965131 -0.006409348 -0.005343897 0.478386492 0.006467265 0.999919713 0.010891952 -1.039386988 0.005273658 -0.010926132 0.999926388 30.794033051
0.999969482 -0.005297421 -0.005735688 0.455158472 0.005359579 0.999926507 0.010876655 -1.073329926 0.005677649 -0.010907065 0.999924362 31.293754578
0.999967515 -0.005376823 -0.006010031 0.464274049 0.005446290 0.999917805 0.011602463 -1.094878793 0.005947154 -0.011634818 0.999914587 31.825269699
0.999967337 -0.005324787 -0.006079922 0.466746777 0.005392883 0.999922276 0.011239170 -1.092055798 0.006019604 -0.011271590 0.999918401 32.341514587
0.999982774 -0.002980166 -0.005062747 0.431775391 0.003034425 0.999937654 0.010743594 -1.107337356 0.005030414 -0.010758771 0.999929488 32.846012115
0.999968767 -0.005094499 -0.006044383 0.451838613 0.005160660 0.999926388 0.010981344 -1.122182369 0.005987994 -0.011012192 0.999921441 33.424522400
0.999970734 -0.004833498 -0.005938139 0.463859916 0.004904139 0.999916673 0.011939897 -1.143713355 0.005879933 -0.011968668 0.999911070 33.961776733
0.999970555 -0.005018790 -0.005807253 0.449844241 0.005082966 0.999925554 0.011089584 -1.138167977 0.005751165 -0.011118775 0.999921620 34.480720520
0.999959230 -0.005869578 -0.006868754 0.469055384 0.005939984 0.999929547 0.010275038 -1.146970987 0.006807961 -0.010315419 0.999923646 35.061779022
0.999961972 -0.005703965 -0.006589413 0.456563234 0.005781362 0.999913812 0.011786929 -1.183231354 0.006521613 -0.011824578 0.999908745 35.500652313
0.999964774 -0.005182049 -0.006611999 0.454082191 0.005260490 0.999915302 0.011901642 -1.194425702 0.006549765 -0.011936002 0.999907315 36.049224854
0.999962628 -0.005215505 -0.006896988 0.475300014 0.005293427 0.999921799 0.011328455 -1.182659864 0.006837364 -0.011364539 0.999912024 36.588191986
0.999958098 -0.006153410 -0.006779332 0.480470240 0.006230113 0.999916196 0.011351751 -1.200976729 0.006708912 -0.011393512 0.999912500 37.118083954
0.999950051 -0.006349820 -0.007717216 0.514914393 0.006441360 0.999908507 0.011895436 -1.202831268 0.007640976 -0.011944550 0.999899447 37.703079224
0.999956965 -0.006010140 -0.007080305 0.488385826 0.006090555 0.999916494 0.011391103 -1.212028384 0.007011253 -0.011433734 0.999910057 38.108360291
0.999952674 -0.006365637 -0.007353335 0.507296026 0.006452349 0.999909103 0.011829295 -1.238729000 0.007277367 -0.011876183 0.999903023 38.687461853
0.999958515 -0.004791119 -0.007747849 0.534496784 0.004879090 0.999923348 0.011375492 -1.240806580 0.007692754 -0.011412820 0.999905288 39.235832214
0.999959528 -0.004735402 -0.007635228 0.538828254 0.004817687 0.999930084 0.010794964 -1.240808964 0.007583577 -0.010831311 0.999912620 39.806365967
0.999957323 -0.005723068 -0.007245754 0.507245958 0.005805767 0.999917626 0.011444194 -1.270735025 0.007179660 -0.011485772 0.999908268 40.311374664
0.999958456 -0.005103052 -0.007555560 0.556036353 0.005188572 0.999922216 0.011342858 -1.265739202 0.007497090 -0.011381587 0.999907136 40.888603210
0.999958217 -0.004935607 -0.007689673 0.551992238 0.005023462 0.999921858 0.011447846 -1.283078671 0.007632571 -0.011485995 0.999904931 41.439941406
0.999954224 -0.005557476 -0.007785586 0.549351990 0.005644245 0.999921679 0.011167614 -1.275718808 0.007722914 -0.011211045 0.999907374 41.979091644
0.999954402 -0.005621382 -0.007710874 0.565080583 0.005701052 0.999930084 0.010349329 -1.259188414 0.007652159 -0.010392817 0.999916732 42.519027710
0.999959171 -0.004890706 -0.007597245 0.562199473 0.004983711 0.999912202 0.012271551 -1.330446959 0.007536562 -0.012308913 0.999895751 42.830516815
0.999956131 -0.004946476 -0.007953843 0.568138659 0.005038877 0.999919474 0.011639390 -1.335388899 0.007895629 -0.011678956 0.999900579 43.369144440
0.999956131 -0.005387979 -0.007666057 0.573887467 0.005477116 0.999917030 0.011654397 -1.339848995 0.007602629 -0.011695872 0.999902606 43.916450500
0.999953032 -0.004918911 -0.008352213 0.597618222 0.005006148 0.999932885 0.010456211 -1.325552583 0.008300219 -0.010497533 0.999910474 44.473526001
0.999952018 -0.004902191 -0.008477064 0.624691904 0.004987541 0.999936819 0.010076711 -1.326495171 0.008427132 -0.010118506 0.999913275 45.033847809
0.999955177 -0.005429197 -0.007760299 0.588902950 0.005526032 0.999906480 0.012511794 -1.394036531 0.007691646 -0.012554117 0.999891579 45.511840820
0.999957144 -0.005335940 -0.007558946 0.586076975 0.005430270 0.999907017 0.012514211 -1.404167652 0.007491468 -0.012554723 0.999893129 46.064353943
0.999949098 -0.005968990 -0.008131202 0.598076642 0.006074670 0.999896646 0.013034672 -1.411743641 0.008052558 -0.013083403 0.999881983 46.616771698
0.999958813 -0.005067597 -0.007529269 0.586666226 0.005161352 0.999908864 0.012485239 -1.419634223 0.007465312 -0.012523585 0.999893785 47.149539948
0.999954939 -0.005789055 -0.007519457 0.603915691 0.005883898 0.999902785 0.012652858 -1.428968430 0.007445476 -0.012696533 0.999891698 47.651912689
0.999956489 -0.005261806 -0.007706046 0.589344680 0.005361799 0.999900937 0.013013164 -1.450999260 0.007636808 -0.013053917 0.999885619 48.145805359
0.999954164 -0.005314487 -0.007963850 0.602784157 0.005415431 0.999904513 0.012707734 -1.457548857 0.007895556 -0.012750280 0.999887526 48.694534302
0.999937594 -0.006908362 -0.008785695 0.620018840 0.007022521 0.999890447 0.013030015 -1.471318007 0.008694716 -0.013090899 0.999876499 49.248367310
0.999957860 -0.004924214 -0.007740806 0.617880404 0.005023447 0.999904811 0.012852600 -1.472804308 0.007676780 -0.012890945 0.999887466 49.810886383
0.999948621 -0.005618316 -0.008440071 0.647230744 0.005725831 0.999902070 0.012768938 -1.474512577 0.008367504 -0.012816609 0.999882877 50.225215912
0.999946713 -0.005511394 -0.008740073 0.645542324 0.005622958 0.999902368 0.012791910 -1.482564330 0.008668720 -0.012840374 0.999880016 50.765689850
0.999947011 -0.005772478 -0.008533253 0.650003791 0.005880381 0.999902368 0.012674420 -1.493714333 0.008459258 -0.012723926 0.999883235 51.317718506
0.999954402 -0.005412342 -0.007868937 0.650817037 0.005516679 0.999896348 0.013298492 -1.501552105 0.007796148 -0.013341298 0.999880552 51.745563507
0.999951899 -0.005399537 -0.008185349 0.654965162 0.005509439 0.999894142 0.013464061 -1.513802409 0.008111784 -0.013508510 0.999875784 52.290420532
0.999965966 -0.004316704 -0.007029704 0.616844416 0.004412730 0.999896407 0.013702144 -1.544027567 0.006969827 -0.013732698 0.999881387 52.812999725
0.999966025 -0.004382823 -0.006976419 0.616248727 0.004478822 0.999894679 0.013804775 -1.542066574 0.006915180 -0.013835554 0.999880314 53.300601959
0.999955475 -0.004872972 -0.008076428 0.666840374 0.004980015 0.999899328 0.013287141 -1.543196797 0.008010866 -0.013326770 0.999879062 53.856712341
0.999951422 -0.005096220 -0.008440315 0.683581710 0.005211193 0.999893129 0.013656314 -1.549888611 0.008369817 -0.013699634 0.999871135 54.408626556
0.999957800 -0.005052591 -0.007664410 0.669289112 0.005153956 0.999898732 0.013263862 -1.560887337 0.007596617 -0.013302804 0.999882698 54.951190948
0.999947309 -0.005791116 -0.008481401 0.712161362 0.005904765 0.999892294 0.013436682 -1.556739807 0.008402674 -0.013486055 0.999873757 55.472084045
0.999952257 -0.005293397 -0.008205519 0.690937519 0.005410261 0.999883294 0.014286000 -1.585413694 0.008128941 -0.014329714 0.999864280 55.889457703
0.999958396 -0.004467790 -0.007948616 0.691021085 0.004578982 0.999891102 0.014026135 -1.598941803 0.007885084 -0.014061950 0.999870062 56.451408386
0.999955058 -0.005202644 -0.007921193 0.709873796 0.005311751 0.999890387 0.013816033 -1.601797819 0.007848445 -0.013857489 0.999873161 57.004814148
0.999958992 -0.004953333 -0.007576569 0.704664350 0.005061330 0.999884903 0.014301967 -1.613732576 0.007504853 -0.014339729 0.999868989 57.590023041
0.999945045 -0.006147846 -0.008495039 0.736612320 0.006259551 0.999893427 0.013186038 -1.598457336 0.008413068 -0.013238488 0.999876976 58.096683502
0.999953032 -0.005784388 -0.007794763 0.688737154 0.005895928 0.999879479 0.014363375 -1.641072989 0.007710743 -0.014408655 0.999866486 58.483486176
0.999950051 -0.006177080 -0.007867224 0.696276248 0.006289716 0.999876857 0.014373786 -1.642356873 0.007777467 -0.014422548 0.999865770 59.053867340
0.999948144 -0.006269756 -0.008026147 0.702439666 0.006378917 0.999886513 0.013648148 -1.651814461 0.007939666 -0.013698639 0.999874651 59.570865631
0.999942422 -0.006185764 -0.008767563 0.757053971 0.006314592 0.999871373 0.014742991 -1.677376747 0.008675238 -0.014797509 0.999852836 60.050628662
0.999943733 -0.006624967 -0.008293776 0.715862572 0.006743025 0.999875188 0.014288497 -1.678163767 0.008198080 -0.014343618 0.999863505 60.655776978
0.999947727 -0.006191666 -0.008132614 0.718968213 0.006309843 0.999873698 0.014586741 -1.693022966 0.008041269 -0.014637291 0.999860525 61.100017548
0.999948323 -0.006269456 -0.008008450 0.719624221 0.006385969 0.999872923 0.014606962 -1.700263739 0.007915855 -0.014657347 0.999861240 61.621868134
0.999942839 -0.007010282 -0.008074738 0.721038282 0.007129970 0.999863744 0.014890397 -1.717247009 0.007969250 -0.014947117 0.999856532 62.162425995
0.999954045 -0.005771447 -0.007666782 0.713282585 0.005887772 0.999866545 0.015237718 -1.732737780 0.007577816 -0.015282155 0.999854505 62.719047546
0.999939024 -0.006764009 -0.008724552 0.770992994 0.006892025 0.999867797 0.014727429 -1.709366560 0.008623783 -0.014786661 0.999853492 63.183971405
0.999942720 -0.006447261 -0.008543336 0.757906556 0.006572445 0.999870181 0.014706590 -1.746102929 0.008447409 -0.014761899 0.999855280 63.700096130
0.999944568 -0.006581847 -0.008221690 0.768749893 0.006701094 0.999871433 0.014561659 -1.752735615 0.008124790 -0.014615945 0.999860108 64.233833313
0.999946058 -0.006496363 -0.008107751 0.784188211 0.006618463 0.999863744 0.015124795 -1.764144182 0.008008389 -0.015177638 0.999852717 64.783660889
0.999942005 -0.007110737 -0.008082021 0.788104892 0.007230008 0.999863923 0.014825530 -1.758726597 0.007975500 -0.014883103 0.999857426 65.274902344
0.999934793 -0.007597949 -0.008519060 0.767075539 0.007728769 0.999851048 0.015429895 -1.783580184 0.008400556 -0.015494732 0.999844611 65.777366638
0.999938309 -0.007142250 -0.008502947 0.773682356 0.007272621 0.999854863 0.015401479 -1.792699099 0.008391713 -0.015462367 0.999845207 66.328758240
0.999929070 -0.007865714 -0.008934244 0.806145608 0.008005897 0.999843597 0.015764670 -1.801629305 0.008808846 -0.015835080 0.999835730 66.849136353
0.999931157 -0.007691314 -0.008865982 0.813132882 0.007831319 0.999843419 0.015866360 -1.818899035 0.008742562 -0.015934700 0.999834716 67.410484314
0.999946475 -0.005929600 -0.008481702 0.799653172 0.006062529 0.999857843 0.015733404 -1.819510579 0.008387205 -0.015783982 0.999840260 67.821395874
0.999946475 -0.005683042 -0.008658187 0.806818128 0.005817308 0.999861956 0.015561859 -1.829632878 0.008568556 -0.015611392 0.999841392 68.379539490
0.999943674 -0.006325816 -0.008517795 0.817774057 0.006452893 0.999866962 0.014975032 -1.827998996 0.008421934 -0.015029151 0.999851525 68.948661804
0.999942183 -0.006188394 -0.008794891 0.856683850 0.006324442 0.999859452 0.015526195 -1.844448686 0.008697570 -0.015580920 0.999840736 69.419639587
0.999963760 -0.003984246 -0.007519233 0.834825516 0.004105204 0.999861360 0.016140155 -1.881528854 0.007453884 -0.016170440 0.999841452 69.990501404
0.999932349 -0.007235099 -0.009107218 0.875036120 0.007383665 0.999838471 0.016386554 -1.881749392 0.008987189 -0.016452689 0.999824226 70.366210938
0.999941707 -0.006302710 -0.008772068 0.882965446 0.006447149 0.999842465 0.016536167 -1.890405416 0.008666463 -0.016591754 0.999824762 70.912727356
0.999943674 -0.006351165 -0.008505226 0.870809376 0.006487300 0.999849796 0.016075438 -1.886519909 0.008401850 -0.016129704 0.999834657 71.487236023
0.999945402 -0.006319042 -0.008312928 0.892940402 0.006454274 0.999845624 0.016342813 -1.898281336 0.008208374 -0.016395576 0.999831855 71.991775513
0.999909699 -0.009191095 -0.009794003 0.918284059 0.009351511 0.999820769 0.016461063 -1.900643945 0.009640954 -0.016551167 0.999816597 72.567726135
0.999932706 -0.007288057 -0.009020275 0.892794073 0.007433640 0.999840915 0.016212666 -1.913089871 0.008900682 -0.016278630 0.999827862 73.030990601
0.999920130 -0.007893960 -0.009861019 0.905108094 0.008058312 0.999827445 0.016739774 -1.924881816 0.009727173 -0.016817901 0.999811232 73.564880371
0.999917865 -0.008210541 -0.009839401 0.924456179 0.008374405 0.999824882 0.016730024 -1.935084939 0.009700315 -0.016811050 0.999811590 74.072151184
0.999931455 -0.007122635 -0.009293941 0.926760316 0.007272872 0.999841809 0.016232653 -1.940792680 0.009176849 -0.016299134 0.999825001 74.638175964
0.999931335 -0.007699555 -0.008825717 0.899637520 0.007846584 0.999828935 0.016747477 -1.953990817 0.008695260 -0.016815580 0.999820709 75.162406921
0.999934316 -0.006967809 -0.009100078 0.907449424 0.007124531 0.999824822 0.017304718 -1.963296890 0.008977910 -0.017368414 0.999808848 75.715881348
0.999935150 -0.007296197 -0.008741842 0.903440833 0.007438936 0.999837637 0.016408602 -1.967309237 0.008620702 -0.016472569 0.999827147 76.291259766
0.999924302 -0.008438923 -0.008955096 0.925877750 0.008586089 0.999826550 0.016524658 -1.954886913 0.008814092 -0.016600292 0.999823332 76.776329041
0.999937117 -0.007173470 -0.008622062 0.889935017 0.007317953 0.999831259 0.016844410 -1.967362046 0.008499778 -0.016906444 0.999820948 77.280212402
0.999949992 -0.006510815 -0.007591140 0.890287280 0.006636866 0.999838531 0.016699970 -1.967051387 0.007481186 -0.016749514 0.999831736 77.851715088
0.999952018 -0.007020129 -0.006821598 0.896480083 0.007134010 0.999833167 0.016815729 -1.984612823 0.006702411 -0.016863590 0.999835312 78.359840393
0.999961555 -0.007119980 -0.005113172 0.895374954 0.007204406 0.999834776 0.016687455 -1.995165944 0.004993513 -0.016723651 0.999847651 78.917564392
0.999973774 -0.006200555 -0.003754877 0.901319206 0.006262114 0.999842346 0.016610736 -2.002515554 0.003651290 -0.016633816 0.999854982 79.493537903
0.999969959 -0.006979276 -0.003378173 0.927752376 0.007035823 0.999830246 0.017027127 -2.005422354 0.003258763 -0.017050382 0.999849319 79.938011169
0.999976516 -0.006832138 -0.000489971 0.945993066 0.006839209 0.999844015 0.016279856 -2.010244370 0.000378668 -0.016282823 0.999867380 80.492813110
0.999971688 -0.006957243 0.002903913 0.958609223 0.006906291 0.999828219 0.017201785 -2.035215855 -0.003023091 -0.017181240 0.999847770 81.048362732
0.999958098 -0.006868731 0.006060557 0.971382976 0.006765758 0.999835074 0.016850559 -2.007747889 -0.006175300 -0.016808847 0.999839604 81.618202209
0.999922752 -0.006839239 0.010380848 0.969788134 0.006667500 0.999841809 0.016489293 -2.005699158 -0.010491982 -0.016418807 0.999810100 82.066535950
0.999839783 -0.006082261 0.016834347 0.978146195 0.005807303 0.999849677 0.016334074 -2.007234335 -0.016931161 -0.016233696 0.999724925 82.646911621
0.999722898 -0.006061666 0.022743892 1.023795605 0.005682706 0.999844491 0.016689861 -2.019155025 -0.022841524 -0.016555989 0.999601960 83.159828186
0.999571383 -0.006951413 0.028435320 1.040617704 0.006479922 0.999840498 0.016639840 -2.022678852 -0.028546454 -0.016448451 0.999457121 83.721138000
0.999314427 -0.007081897 0.036337391 1.105988622 0.006493905 0.999846518 0.016274022 -2.004916906 -0.036447063 -0.016026892 0.999207079 84.245697021
0.998970747 -0.007119623 0.044795021 1.148121834 0.006393577 0.999846160 0.016330624 -2.012861729 -0.044904396 -0.016027413 0.998862684 84.727325439
0.998632669 -0.006562926 0.051861595 1.200613260 0.005666039 0.999832213 0.017421992 -2.023059607 -0.051967226 -0.017104322 0.998502254 85.247848511
0.998113334 -0.006762750 0.061025016 1.254186869 0.005718743 0.999834597 0.017266326 -2.041625500 -0.061131679 -0.016884763 0.997986913 85.794021606
0.997493029 -0.008593522 0.070241913 1.317080498 0.007470352 0.999840200 0.016237104 -2.022538662 -0.070370235 -0.015671665 0.997397780 86.389106750
0.996854484 -0.008878872 0.078754880 1.379898071 0.007591683 0.999832869 0.016628630 -2.063206196 -0.078889355 -0.015978439 0.996755302 86.928764343
0.996155381 -0.008663198 0.087174743 1.444577217 0.007310695 0.999848008 0.015822185 -2.034037590 -0.087298572 -0.015124043 0.996067345 87.420204163
0.995253861 -0.008378350 0.096951604 1.555397034 0.006799665 0.999839008 0.016602185 -2.071744204 -0.097075090 -0.015864147 0.995150626 87.963142395
0.994171321 -0.009383052 0.107402764 1.603195667 0.007625367 0.999830365 0.016764363 -2.072247982 -0.107541844 -0.015847664 0.994074166 88.444458008
0.993088901 -0.009973149 0.116939694 1.688383102 0.008013520 0.999819636 0.017215813 -2.073935509 -0.117090315 -0.016159736 0.992989779 88.973236084
0.991672575 -0.009017094 0.128469065 1.771569252 0.006836938 0.999825180 0.017401187 -2.083619833 -0.128603518 -0.016377943 0.991560757 89.529922485
0.990022361 -0.008203934 0.140671089 1.862391472 0.005819545 0.999832451 0.017353103 -2.098426580 -0.140789866 -0.016361317 0.989904284 90.085700989
0.988520920 -0.009281361 0.150798589 1.956195831 0.006794407 0.999832451 0.016998779 -2.093652248 -0.150931105 -0.015779063 0.988418281 90.591499329
0.987101972 -0.010246262 0.159764096 2.074184418 0.007692271 0.999832690 0.016596291 -2.091048002 -0.159907416 -0.015153281 0.987015724 91.139617920
0.984994292 -0.009670638 0.172315672 2.174689293 0.006728098 0.999821603 0.017652338 -2.110862255 -0.172455639 -0.016228093 0.984883666 91.665893555
0.982688487 -0.009658517 0.185013577 2.293117523 0.006669053 0.999837041 0.016773587 -2.114837646 -0.185145423 -0.015249346 0.982592821 92.187126160
0.980515897 -0.009157343 0.196225911 2.421547890 0.006015169 0.999844015 0.016603036 -2.120568752 -0.196347356 -0.015099208 0.980418146 92.759124756
0.977764666 -0.009625544 0.209484145 2.571912766 0.005998531 0.999821007 0.017942498 -2.119087934 -0.209619373 -0.016286945 0.977647364 93.312484741
0.974793911 -0.009653616 0.222898409 2.718032837 0.005796928 0.999822080 0.017950285 -2.121710300 -0.223032027 -0.016205702 0.974676430 93.836708069
0.972097099 -0.010658912 0.234336525 2.862770081 0.006540657 0.999810338 0.018344296 -2.130754471 -0.234487623 -0.016299721 0.971982479 94.364402771
0.968979001 -0.010567767 0.246917039 3.015256882 0.006484467 0.999828458 0.017344464 -2.122776270 -0.247058004 -0.015205296 0.968881428 94.871597290
0.965515077 -0.010876168 0.260120094 3.222114563 0.006371369 0.999814868 0.018155085 -2.148921490 -0.260269374 -0.015871687 0.965405583 95.433227539
0.961860895 -0.011339390 0.273303658 3.388486862 0.006606964 0.999811947 0.018229825 -2.135986805 -0.273458958 -0.015728848 0.961755037 96.047531128
0.958971620 -0.013772567 0.283167124 3.583778381 0.009137158 0.999801815 0.017684121 -2.134194851 -0.283354610 -0.014371229 0.958907485 96.566261292
0.954468369 -0.012351792 0.298056573 3.758226395 0.007301474 0.999810398 0.018051693 -2.134902000 -0.298223019 -0.015053513 0.954377472 97.121925354
0.950081468 -0.012649138 0.311745346 3.983020782 0.007178070 0.999799550 0.018691067 -2.144663334 -0.311919272 -0.015520305 0.949981809 97.660720825
0.946510196 -0.014951613 0.322327435 4.178436279 0.009637563 0.999790192 0.018076112 -2.140795708 -0.322530001 -0.014002773 0.946455657 98.188148499
0.941775382 -0.012870906 0.335996300 4.376348495 0.006968712 0.999799550 0.018766178 -2.156239033 -0.336170524 -0.015332060 0.941676319 98.665542603
0.936588049 -0.011854276 0.350231946 4.594432831 0.005563814 0.999804735 0.018961612 -2.156666756 -0.350388318 -0.015810590 0.936471045 99.185722351
0.932116747 -0.014047643 0.361885548 4.824161530 0.007584930 0.999785542 0.019272916 -2.169902563 -0.362078637 -0.015219729 0.932023287 99.702255249
0.927530825 -0.013914258 0.373487502 5.061428070 0.007634802 0.999803603 0.018287124 -2.166400909 -0.373668671 -0.014110367 0.927454948 100.200897217
0.922346175 -0.015812952 0.386040956 5.316535950 0.009322954 0.999782085 0.018678114 -2.177424908 -0.386252195 -0.013628643 0.922292471 100.666984558
0.916459024 -0.015374253 0.399833143 5.533317566 0.008062997 0.999768257 0.019961538 -2.216804028 -0.400047302 -0.015070075 0.916370511 101.118736267
0.911432445 -0.014692225 0.411187261 5.820529938 0.007424336 0.999786854 0.019266916 -2.195535660 -0.411382705 -0.014507700 0.911347210 101.732070923
0.906543553 -0.016535250 0.421788275 6.107513428 0.009384459 0.999774933 0.019024024 -2.191638231 -0.422007948 -0.013287852 0.906494737 102.233024597
0.898947895 -0.013966572 0.437832803 6.304061890 0.006296265 0.999800324 0.018965617 -2.149781704 -0.438010246 -0.014292389 0.898856282 102.866775513
0.893055201 -0.014956056 0.449698478 6.573547363 0.007076316 0.999790668 0.019198162 -2.153928995 -0.449891508 -0.013962811 0.892974079 103.347557068
0.887561083 -0.015925959 0.460414648 6.848758698 0.007739768 0.999776781 0.019662458 -2.165340900 -0.460624993 -0.013888132 0.887486219 103.831024170
0.879873753 -0.014352633 0.474990815 7.126434326 0.006131513 0.999803543 0.018852688 -2.152810097 -0.475168049 -0.013675574 0.879788697 104.345138550
0.873244643 -0.015423439 0.487037778 7.410552979 0.006978190 0.999792278 0.019149575 -2.175646782 -0.487231970 -0.013323624 0.873170912 104.742889404
