1.000000000 0.000000000 0.000000000 0.000000000 0.000000000 1.000000000 0.000000000 0.000000000 0.000000000 0.000000000 1.000000000 0.000000000
1.000000000 -0.000106544 0.000019341 -0.000464376 0.000106544 1.000000000 0.000021023 -0.000700590 -0.000019343 -0.000021021 1.000000000 -0.001174753
1.000000000 -0.000027816 0.000025113 -0.000495375 0.000027815 1.000000000 0.000035243 -0.000380602 -0.000025114 -0.000035242 1.000000000 -0.000314869
1.000000000 -0.000138783 -0.000018760 -0.000173575 0.000138782 1.000000000 -0.000018041 -0.000529293 0.000018762 0.000018038 1.000000000 -0.000719487
1.000000000 -0.000065328 -0.000021374 0.000248555 0.000065326 1.000000000 -0.000086568 0.000350170 0.000021380 0.000086567 1.000000000 0.000174961
1.000000000 -0.000174859 -0.000012498 0.000402532 0.000174858 1.000000000 -0.000053372 0.000103725 0.000012507 0.000053369 1.000000000 0.000009798
1.000000000 -0.000125627 -0.000002488 0.000171905 0.000125627 1.000000000 -0.000029255 0.000268100 0.000002492 0.000029255 1.000000000 -0.000001566
1.000000000 -0.000075706 0.000011575 0.000091884 0.000075708 1.000000000 -0.000129056 0.000146272 -0.000011565 0.000129056 1.000000000 -0.000642941
1.000000000 -0.000127841 0.000034888 -0.000282817 0.000127843 1.000000000 -0.000043227 0.000236906 -0.000034883 0.000043232 1.000000000 -0.000937506
1.000000000 -0.000147270 0.000118149 -0.000372594 0.000147265 1.000000000 0.000048068 0.000214282 -0.000118156 -0.000048051 1.000000000 0.000457571
1.000000000 -0.000174515 0.000044427 -0.000192985 0.000174511 1.000000000 0.000075101 -0.000990314 -0.000044440 -0.000075093 1.000000000 -0.001975147
1.000000000 -0.000173504 0.000099408 -0.000690784 0.000173502 1.000000000 0.000023148 -0.000003938 -0.000099412 -0.000023131 1.000000000 -0.000910692
1.000000000 -0.000120461 0.000094930 -0.000774522 0.000120455 1.000000000 0.000067515 -0.000466926 -0.000094938 -0.000067503 1.000000000 -0.000462131
1.000000000 -0.000021522 0.000004698 -0.000218828 0.000021522 1.000000000 -0.000101982 0.000326963 -0.000004695 0.000101982 1.000000000 -0.001281959
1.000000000 -0.000069504 -0.000035826 -0.000162781 0.000069501 1.000000000 -0.000078104 0.000223021 0.000035832 0.000078101 1.000000000 -0.001873725
1.000000000 -0.000115239 0.000052475 -0.000258026 0.000115245 1.000000000 -0.000113458 0.001300195 -0.000052462 0.000113464 1.000000000 -0.000006841
1.000000000 -0.000102890 0.000021002 -0.000379537 0.000102891 1.000000000 -0.000053746 0.000323108 -0.000020996 0.000053748 1.000000000 -0.001599945
0.999999940 -0.000270279 0.000089144 -0.000370908 0.000270278 0.999999940 0.000012618 0.000267918 -0.000089147 -0.000012594 1.000000000 -0.000659588
1.000000000 -0.000166335 0.000162468 -0.000758070 0.000166336 1.000000000 -0.000009733 0.000213096 -0.000162466 0.000009760 1.000000000 -0.000097147
1.000000000 -0.000057447 -0.000007793 -0.000170870 0.000057447 1.000000000 -0.000026881 -0.000235388 0.000007794 0.000026881 1.000000000 -0.001398889
1.000000000 -0.000031671 0.000093662 -0.000698807 0.000031679 1.000000000 -0.000082142 0.000748518 -0.000093659 0.000082145 1.000000000 -0.000082499
1.000000000 -0.000084491 0.000034746 -0.000135342 0.000084492 1.000000000 -0.000009711 0.000382210 -0.000034746 0.000009714 1.000000000 -0.000680238
0.999999940 -0.000240060 0.000096013 -0.000555471 0.000240069 0.999999940 -0.000099594 0.000333752 -0.000095989 0.000099617 1.000000000 -0.001478738
1.000000000 -0.000091016 0.000018928 -0.000496530 0.000091017 1.000000000 -0.000034559 0.000167914 -0.000018925 0.000034560 1.000000000 -0.001536268
0.999999940 -0.000323946 0.000008921 0.000024188 0.000323947 0.999999940 -0.000122616 0.000320925 -0.000008881 0.000122619 1.000000000 -0.002715086
1.000000000 -0.000138539 0.000155495 -0.001245236 0.000138552 1.000000000 -0.000081308 0.000537979 -0.000155484 0.000081330 1.000000000 -0.000951467
1.000000000 -0.000110108 0.000129129 -0.000556242 0.000110099 1.000000000 0.000070430 0.000088805 -0.000129136 -0.000070416 1.000000000 0.000560860
1.000000000 -0.000157558 0.000091001 -0.000596171 0.000157557 1.000000000 0.000008181 -0.000284245 -0.000091002 -0.000008167 1.000000000 -0.001068040
1.000000000 -0.000128062 0.000119380 -0.000833721 0.000128060 1.000000000 0.000013583 -0.000618506 -0.000119381 -0.000013568 1.000000000 -0.001987600
0.999999940 -0.000289023 0.000068091 -0.000230141 0.000289022 0.999999940 0.000006519 -0.000292410 -0.000068093 -0.000006499 1.000000000 -0.001877698
0.999999940 -0.000214857 0.000158828 -0.000558205 0.000214857 1.000000000 0.000003281 0.000119811 -0.000158829 -0.000003247 1.000000000 -0.000730822
1.000000000 -0.000183951 0.000093331 -0.000166810 0.000183954 1.000000000 -0.000031619 -0.000213636 -0.000093326 0.000031636 1.000000000 -0.000634670
1.000000000 -0.000123149 0.000093987 -0.000303803 0.000123145 1.000000000 0.000034171 -0.000315346 -0.000093992 -0.000034160 1.000000000 -0.001430901
0.999999940 -0.000259846 0.000013358 0.000689848 0.000259846 0.999999940 0.000026203 0.000367905 -0.000013365 -0.000026200 1.000000000 0.000641747
1.000000000 -0.000082737 0.000087652 -0.000578626 0.000082735 1.000000000 0.000018373 0.000050045 -0.000087654 -0.000018366 1.000000000 -0.001226276
1.000000000 -0.000116860 0.000091224 -0.000784383 0.000116855 1.000000000 0.000056656 -0.000375715 -0.000091230 -0.000056645 1.000000000 -0.000901148
0.999999940 -0.000305190 0.000101977 -0.000085800 0.000305187 0.999999940 0.000035206 0.000172098 -0.000101988 -0.000035174 1.000000000 -0.000438242
1.000000000 -0.000054054 0.000133545 -0.000556774 0.000054042 1.000000000 0.000091870 -0.000133518 -0.000133550 -0.000091862 1.000000000 -0.000785310
1.000000000 -0.000032573 0.000005302 -0.000808681 0.000032573 1.000000000 0.000103392 -0.000495217 -0.000005305 -0.000103392 1.000000000 -0.001826658
1.000000000 -0.000107853 0.000110353 -0.000975170 0.000107846 1.000000000 0.000067690 -0.000318693 -0.000110361 -0.000067678 1.000000000 -0.001444609
1.000000000 -0.000002447 0.000051807 -0.000619985 0.000002442 1.000000000 0.000089344 -0.000692709 -0.000051807 -0.000089344 1.000000000 -0.002474257
1.000000000 -0.000205262 0.000080153 0.000715570 0.000205271 1.000000000 -0.000115088 0.001109785 -0.000080129 0.000115104 1.000000000 0.002250871
1.000000000 0.000049036 0.000088079 0.001512913 -0.000048965 0.999999702 -0.000806587 -0.001913390 -0.000088119 0.000806583 0.999999642 0.048638869
1.000000000 0.000062010 0.000133182 0.002631002 -0.000061837 0.999999166 -0.001298919 -0.003919029 -0.000133263 0.001298911 0.999999166 0.136880651
1.000000000 -0.000048633 0.000114087 0.004053554 0.000048807 0.999998808 -0.001527376 -0.008196700 -0.000114012 0.001527382 0.999998808 0.248668984
1.000000000 -0.000082939 -0.000021652 0.009985909 0.000082906 0.999998808 -0.001540887 -0.009710274 0.000021780 0.001540885 0.999998808 0.381757051
1.000000000 -0.000052024 -0.000011221 0.011632357 0.000052009 0.999999046 -0.001386569 -0.016382454 0.000011293 0.001386568 0.999999046 0.524579465
0.999999940 -0.000151870 0.000278546 0.012388091 0.000152309 0.999998748 -0.001577064 -0.018053798 -0.000278306 0.001577106 0.999998689 0.681095958
0.999999940 -0.000313960 0.000226020 0.019654036 0.000314181 0.999999464 -0.000980827 -0.022099063 -0.000225712 0.000980898 0.999999523 0.847189844
0.999999940 -0.000291270 -0.000283606 0.022496320 0.000291028 0.999999583 -0.000852505 -0.027843604 0.000283855 0.000852422 0.999999583 1.012778163
0.999999940 -0.000074872 0.000380413 0.023173612 0.000075056 0.999999881 -0.000483740 -0.032725722 -0.000380377 0.000483768 0.999999821 1.190218449
0.999999940 -0.000120110 0.000256678 0.023316229 0.000120200 0.999999940 -0.000351716 -0.038954295 -0.000256636 0.000351747 0.999999881 1.368645072
0.999999762 -0.000647186 -0.000018648 0.033683565 0.000647179 0.999999702 -0.000411082 -0.043881722 0.000018914 0.000411069 0.999999940 1.581380963
0.999999523 -0.000011516 0.000956000 0.021572595 0.000013633 0.999997556 -0.002214953 -0.032799892 -0.000955972 0.002214965 0.999997020 1.751397252
0.999999940 0.000179138 0.000131004 0.029139314 -0.000178842 0.999997497 -0.002254233 -0.039486229 -0.000131408 0.002254209 0.999997437 1.955541849
0.999999642 0.000013301 0.000859563 0.028240550 -0.000011640 0.999998093 -0.001932770 -0.047596570 -0.000859587 0.001932759 0.999997675 2.155391216
0.999999225 0.000533675 0.001162665 0.030063203 -0.000531794 0.999998569 -0.001618022 -0.056346074 -0.001163527 0.001617402 0.999997973 2.374017477
0.999999464 0.000082539 0.000961689 0.037307668 -0.000080805 0.999998391 -0.001802708 -0.060696729 -0.000961836 0.001802629 0.999997854 2.585355759
0.999999404 0.000157480 0.001109311 0.043130554 -0.000155435 0.999998331 -0.001842607 -0.068561070 -0.001109599 0.001842434 0.999997616 2.814318657
0.999999464 0.000159580 0.001010281 0.046092093 -0.000157802 0.999998450 -0.001759389 -0.071770117 -0.001010560 0.001759229 0.999997973 3.056865454
0.999999344 0.000282852 0.001130227 0.048405144 -0.000280961 0.999998569 -0.001673005 -0.082228772 -0.001130699 0.001672686 0.999997973 3.273022413
0.999999225 0.000438210 0.001174740 0.052751683 -0.000436325 0.999998629 -0.001604402 -0.089869797 -0.001175442 0.001603888 0.999998033 3.522289753
0.999998987 0.000408805 0.001314110 0.055802707 -0.000406730 0.999998629 -0.001578784 -0.097839400 -0.001314753 0.001578248 0.999997914 3.758787632
0.999999225 -0.000023284 0.001199637 0.062230378 0.000025362 0.999998450 -0.001732195 -0.102920905 -0.001199595 0.001732224 0.999997795 4.022555351
0.999999285 0.000229263 0.001167490 0.067748576 -0.000227559 0.999998868 -0.001459317 -0.109107241 -0.001167824 0.001459050 0.999998271 4.280055046
0.999999106 -0.000164170 0.001344312 0.073554181 0.000165466 0.999999464 -0.000963820 -0.123011157 -0.001344153 0.000964041 0.999998569 4.516553402
0.999999166 0.000042201 0.001355743 0.078496486 -0.000040904 0.999999523 -0.000956564 -0.130563736 -0.001355782 0.000956507 0.999998629 4.775503159
0.999999166 0.000239295 0.001312601 0.086080238 -0.000237340 0.999998868 -0.001489381 -0.131944254 -0.001312956 0.001489068 0.999998033 5.042300224
0.999999166 -0.000251007 0.001231242 0.086247809 0.000252148 0.999999523 -0.000926747 -0.145959824 -0.001231008 0.000927057 0.999998808 5.277488232
0.999999046 -0.000290899 0.001313507 0.092328727 0.000292133 0.999999523 -0.000939327 -0.152427912 -0.001313233 0.000939710 0.999998689 5.548275471
0.999999166 -0.000284203 0.001282637 0.097885124 0.000285204 0.999999642 -0.000779856 -0.161843166 -0.001282415 0.000780221 0.999998868 5.825528622
0.999998927 0.000159618 0.001462837 0.103505068 -0.000158486 0.999999702 -0.000773869 -0.169946387 -0.001462960 0.000773637 0.999998629 6.108557701
0.999999046 0.000279666 0.001439783 0.108791731 -0.000278365 0.999999523 -0.000903656 -0.177664444 -0.001440035 0.000903255 0.999998510 6.338059902
0.999998927 -0.000006170 0.001483184 0.113626704 0.000007070 0.999999762 -0.000607312 -0.188970268 -0.001483180 0.000607322 0.999998689 6.630634785
0.999998569 0.000058063 0.001733672 0.121308289 -0.000056527 0.999999523 -0.000885976 -0.194455862 -0.001733723 0.000885876 0.999998093 6.935411453
0.999998450 0.000284840 0.001741820 0.123588301 -0.000282522 0.999999046 -0.001330595 -0.198851913 -0.001742197 0.001330101 0.999997616 7.248754501
0.999998212 0.000274939 0.001882439 0.123040490 -0.000272955 0.999999404 -0.001054459 -0.214556277 -0.001882728 0.001053943 0.999997675 7.528079987
0.999997914 0.000276879 0.002029830 0.131505460 -0.000275049 0.999999583 -0.000901802 -0.224918470 -0.002030078 0.000901241 0.999997556 7.846106052
0.999998391 0.000021094 0.001782462 0.136948138 -0.000019828 0.999999762 -0.000710575 -0.235460222 -0.001782476 0.000710539 0.999998152 8.164341927
0.999998331 0.000392771 0.001794668 0.143589705 -0.000391873 0.999999762 -0.000500388 -0.249002203 -0.001794865 0.000499684 0.999998271 8.487605095
0.999998152 0.000416073 0.001851735 0.147994444 -0.000414582 0.999999523 -0.000805200 -0.254564971 -0.001852070 0.000804431 0.999997973 8.794797897
0.999998808 0.000176993 0.001514811 0.155984551 -0.000176048 0.999999762 -0.000624175 -0.266801119 -0.001514921 0.000623908 0.999998689 9.137677193
0.999998510 -0.000139520 0.001719937 0.167181030 0.000140473 0.999999762 -0.000553885 -0.277455717 -0.001719859 0.000554125 0.999998391 9.478365898
0.999998927 -0.000839503 0.001194999 0.186943516 0.000840202 0.999999464 -0.000584806 -0.286627114 -0.001194508 0.000585809 0.999999106 9.846484184
0.999998808 0.000087911 0.001545038 0.176025242 -0.000086876 0.999999702 -0.000670434 -0.298331559 -0.001545096 0.000670299 0.999998569 10.154064178
0.999998391 0.000242962 0.001809657 0.182904094 -0.000241465 0.999999583 -0.000827559 -0.305078208 -0.001809857 0.000827120 0.999997973 10.519437790
0.999997854 0.000363887 0.002060771 0.191772193 -0.000361739 0.999999404 -0.001042446 -0.311507404 -0.002061150 0.001041699 0.999997258 10.888061523
0.999998391 0.000086825 0.001832059 0.201425746 -0.000085350 0.999999642 -0.000804669 -0.321959883 -0.001832129 0.000804511 0.999997973 11.271684647
0.999997854 -0.000725627 0.001935230 0.204357848 0.000726890 0.999999464 -0.000652192 -0.338764489 -0.001934757 0.000653597 0.999997914 11.626580238
0.999997854 -0.000557611 0.002009585 0.211047113 0.000558857 0.999999583 -0.000619593 -0.350091994 -0.002009239 0.000620714 0.999997795 12.017595291
0.999998331 -0.000459476 0.001767886 0.224246919 0.000460442 0.999999702 -0.000546218 -0.363536716 -0.001767635 0.000547031 0.999998331 12.404344559
0.999997795 -0.000348466 0.002059636 0.228156254 0.000349857 0.999999702 -0.000675051 -0.368550360 -0.002059400 0.000675771 0.999997675 12.775760651
0.999997675 0.000124232 0.002107696 0.237522185 -0.000123237 0.999999881 -0.000472337 -0.381234080 -0.002107754 0.000472076 0.999997735 13.183963776
0.999997079 -0.000375781 0.002375945 0.245112330 0.000377308 0.999999702 -0.000642671 -0.390666425 -0.002375702 0.000643566 0.999996960 13.602059364
0.999996722 -0.000627953 0.002478787 0.251786977 0.000629155 0.999999702 -0.000484128 -0.405257970 -0.002478482 0.000485686 0.999996781 13.996135712
0.999996364 -0.000432027 0.002668150 0.258302867 0.000432473 1.000000000 -0.000166673 -0.420221210 -0.002668077 0.000167826 0.999996424 14.422207832
0.999993622 -0.000316719 0.003562967 0.264823437 0.000316642 1.000000000 0.000022036 -0.435135245 -0.003562974 -0.000020908 0.999993682 14.841653824
0.999995232 -0.000575325 0.003043119 0.279547751 0.000576302 0.999999762 -0.000319976 -0.445621908 -0.003042934 0.000321728 0.999995291 15.285333633
0.999994516 -0.000473221 0.003304083 0.290913820 0.000474687 0.999999762 -0.000443033 -0.458032787 -0.003303873 0.000444598 0.999994397 15.730048180
0.999993443 -0.000714964 0.003562967 0.307393193 0.000717345 0.999999523 -0.000666895 -0.463663578 -0.003562488 0.000669447 0.999993443 16.164121628
0.999991655 -0.000531626 0.004050656 0.327516615 0.000535022 0.999999464 -0.000837334 -0.468096524 -0.004050209 0.000839494 0.999991417 16.634973526
0.999990761 -0.000168127 0.004301187 0.316109389 0.000170524 0.999999821 -0.000556801 -0.491553009 -0.004301092 0.000557530 0.999990582 17.053361893
0.999988198 -0.000203352 0.004862106 0.326715410 0.000203438 1.000000000 -0.000017376 -0.507987201 -0.004862102 0.000018365 0.999988258 17.518133163
0.999987960 0.000014911 0.004904908 0.342178434 -0.000010395 0.999999583 -0.000920631 -0.516135514 -0.004904919 0.000920569 0.999987543 17.999399185
0.999988735 -0.000215076 0.004728783 0.349335790 0.000215594 0.999999940 -0.000109054 -0.539766431 -0.004728759 0.000110072 0.999988794 18.456365585
0.999988437 -0.000353862 0.004785791 0.359028220 0.000357293 0.999999642 -0.000716060 -0.548430979 -0.004785536 0.000717762 0.999988258 18.935728073
0.999986947 -0.000839400 0.005039649 0.377740175 0.000842741 0.999999464 -0.000660921 -0.558945179 -0.005039091 0.000665160 0.999987066 19.416938782
0.999987185 -0.000961374 0.004970597 0.378892869 0.000962546 0.999999523 -0.000233416 -0.582255661 -0.004970370 0.000238197 0.999987662 19.930519104
0.999991655 -0.000627173 0.004051284 0.403860271 0.000626799 0.999999762 0.000093568 -0.585785925 -0.004051343 -0.000091028 0.999991775 20.443710327
0.999989867 -0.000314670 0.004481844 0.409711123 0.000315127 0.999999881 -0.000101215 -0.601018369 -0.004481812 0.000102626 0.999989927 20.887088776
0.999992132 0.000115926 0.003954928 0.419925123 -0.000111934 0.999999404 -0.001009646 -0.608109713 -0.003955042 0.001009196 0.999991655 21.398128510
0.999993742 -0.000540856 0.003497549 0.436346948 0.000543692 0.999999523 -0.000809780 -0.619777322 -0.003497110 0.000811677 0.999993563 21.914091110
0.999994516 0.000169322 0.003306367 0.439206988 -0.000166543 0.999999642 -0.000840713 -0.631342351 -0.003306507 0.000840157 0.999994159 22.419149399
0.999995351 0.000044170 0.003049016 0.433836699 -0.000043208 0.999999881 -0.000315462 -0.659748018 -0.003049029 0.000315329 0.999995232 22.929342270
0.999995947 0.000400199 0.002841754 0.441879213 -0.000399018 0.999999821 -0.000416159 -0.676227272 -0.002841920 0.000415023 0.999995828 23.458065033
0.999996603 0.000082520 0.002624147 0.449854493 -0.000080159 0.999999583 -0.000900006 -0.687991679 -0.002624220 0.000899792 0.999996126 24.005807877
0.999998987 0.000024867 0.001416728 0.455441654 -0.000023664 0.999999642 -0.000849211 -0.693953276 -0.001416749 0.000849177 0.999998629 24.541513443
0.999999285 -0.000159200 0.001125224 0.470628768 0.000160012 0.999999702 -0.000721392 -0.717883110 -0.001125109 0.000721572 0.999999046 25.060922623
0.999999821 -0.000156499 0.000547137 0.478468955 0.000156825 0.999999821 -0.000595669 -0.731336892 -0.000547044 0.000595755 0.999999583 25.607753754
0.999999881 0.000133330 -0.000503498 0.496164352 -0.000133505 1.000000000 -0.000348020 -0.752677679 0.000503452 0.000348087 0.999999762 26.153394699
0.999999344 -0.000857421 -0.000640421 0.505596220 0.000857592 0.999999583 0.000266623 -0.765700400 0.000640192 -0.000267172 0.999999702 26.685907364
0.999998391 -0.000825229 -0.001617016 0.541907489 0.000826692 0.999999225 0.000904122 -0.795316219 0.001616269 -0.000905457 0.999998212 27.302265167
0.999998748 0.000473737 -0.001519353 0.518080890 -0.000472939 0.999999702 0.000525565 -0.816082776 0.001519602 -0.000524846 0.999998689 27.834465027
0.999998689 -0.000174428 -0.001591437 0.510280132 0.000175218 0.999999881 0.000496507 -0.818439543 0.001591351 -0.000496785 0.999998629 28.323190689
0.999997377 -0.001221498 -0.001967119 0.522565722 0.001221100 0.999999285 -0.000203297 -0.830614388 0.001967365 0.000200895 0.999998093 28.876367569
0.999996722 -0.000636065 -0.002494640 0.536157250 0.000637182 0.999999762 0.000447244 -0.844578862 0.002494355 -0.000448832 0.999996781 29.435342789
0.999997079 -0.000194126 -0.002430415 0.546537817 0.000196195 0.999999642 0.000850889 -0.866801441 0.002430249 -0.000851364 0.999996722 29.968530655
0.999997735 -0.000445369 -0.002068697 0.531812787 0.000445973 0.999999881 0.000291436 -0.860938489 0.002068567 -0.000292357 0.999997854 30.502933502
0.999990344 0.001375832 -0.004193037 0.610465288 -0.001380273 0.999998510 -0.001056603 -0.855680525 0.004191577 0.001062380 0.999990642 31.112380981
0.999991536 0.000950116 -0.004000550 0.587410212 -0.000950319 0.999999523 -0.000048858 -0.913678527 0.004000502 0.000052659 0.999991953 31.622638702
0.999995351 -0.000330121 -0.003027205 0.521393061 0.000331537 0.999999821 0.000467119 -0.935428739 0.003027052 -0.000468121 0.999995291 32.130626678
0.999993384 -0.001171681 -0.003444791 0.535648286 0.001174235 0.999998987 0.000739764 -0.952503502 0.003443921 -0.000743804 0.999993801 32.677669525
0.999993861 -0.000307496 -0.003497889 0.542993903 0.000310775 0.999999464 0.000936786 -0.962426901 0.003497600 -0.000937868 0.999993443 33.256294250
0.999992549 -0.001266304 -0.003642169 0.553078771 0.001267780 0.999999106 0.000402906 -0.974471569 0.003641655 -0.000407520 0.999993265 33.764060974
0.999993324 -0.001377521 -0.003373680 0.544198632 0.001378086 0.999999046 0.000165107 -0.995933294 0.003373450 -0.000169755 0.999994278 34.246303558
0.999993145 -0.001350652 -0.003436693 0.556480527 0.001350292 0.999999046 -0.000107001 -0.998640001 0.003436834 0.000102360 0.999994159 34.751483917
0.999992728 -0.001450370 -0.003505670 0.546191156 0.001451505 0.999998808 0.000321302 -1.025669217 0.003505201 -0.000326388 0.999993801 35.384609222
0.999993742 -0.000504410 -0.003498556 0.551711321 0.000505688 0.999999762 0.000364406 -1.039608359 0.003498372 -0.000366173 0.999993801 35.934192657
0.999994397 -0.000113499 -0.003342173 0.561767220 0.000115361 0.999999881 0.000557044 -1.047855735 0.003342109 -0.000557426 0.999994218 36.470680237
0.999992788 -0.000779288 -0.003691658 0.576705694 0.000783934 0.999998808 0.001257061 -1.083252788 0.003690674 -0.001259946 0.999992430 37.014480591
0.999986827 -0.001186113 -0.004981319 0.623758674 0.001194281 0.999997854 0.001637112 -1.098442912 0.004979367 -0.001643039 0.999986231 37.578205109
0.999990821 -0.001111364 -0.004142628 0.581676841 0.001115329 0.999999046 0.000955037 -1.106393695 0.004141561 -0.000959649 0.999990940 38.110450745
0.999992669 -0.000928729 -0.003717158 0.586137652 0.000931790 0.999999225 0.000821787 -1.120476365 0.003716392 -0.000825245 0.999992728 38.662876129
0.999990880 -0.001537441 -0.003998079 0.598248482 0.001538607 0.999998868 0.000288585 -1.123382330 0.003997630 -0.000294734 0.999991953 39.196968079
0.999997556 0.000124233 -0.002225372 0.571286917 -0.000123339 0.999999940 0.000401558 -1.148027301 0.002225421 -0.000401283 0.999997437 39.739185333
0.999995708 -0.001078997 -0.002728634 0.586460054 0.001080972 0.999999166 0.000722537 -1.162860036 0.002727852 -0.000725483 0.999996006 40.291816711
0.999992311 -0.001032250 -0.003767204 0.596496582 0.001033993 0.999999344 0.000461039 -1.173587441 0.003766727 -0.000464931 0.999992788 40.843799591
0.999992907 -0.000402242 -0.003732228 0.602878690 0.000402681 0.999999940 0.000116991 -1.184494019 0.003732180 -0.000118493 0.999993026 41.396450043
0.999992847 -0.000847928 -0.003679926 0.615301013 0.000848930 0.999999523 0.000270950 -1.199768543 0.003679695 -0.000274072 0.999993145 41.937358856
0.999993265 -0.000731417 -0.003588985 0.633316815 0.000731832 0.999999702 0.000114264 -1.210816264 0.003588900 -0.000116890 0.999993503 42.450828552
0.999994993 0.000149002 -0.003156266 0.620472550 -0.000149368 1.000000000 -0.000115485 -1.221459627 0.003156249 0.000115956 0.999994993 42.990665436
0.999996841 0.000301815 -0.002484360 0.632802904 -0.000304197 0.999999464 -0.000958145 -1.228040099 0.002484069 0.000958897 0.999996483 43.561069489
0.999993503 -0.000550171 -0.003556857 0.614962041 0.000551138 0.999999762 0.000270720 -1.257902265 0.003556707 -0.000272678 0.999993622 44.095222473
0.999993980 -0.000798486 -0.003369788 0.624198437 0.000799253 0.999999702 0.000226217 -1.273864269 0.003369606 -0.000228909 0.999994278 44.648685455
0.999993443 -0.000421793 -0.003592606 0.638978362 0.000421439 0.999999881 -0.000099570 -1.284118891 0.003592647 0.000098056 0.999993622 45.186614990
0.999994338 -0.000359883 -0.003343663 0.651613832 0.000359701 0.999999881 -0.000055202 -1.301614523 0.003343683 0.000053999 0.999994397 45.732025146
0.999988914 -0.001429219 -0.004479793 0.682195187 0.001430217 0.999998987 0.000219606 -1.306515098 0.004479475 -0.000226011 0.999989927 46.241535187
0.999994218 -0.000223237 -0.003367760 0.648455024 0.000223161 0.999999940 -0.000022993 -1.324830413 0.003367765 0.000022241 0.999994338 46.785457611
0.999992311 -0.000918018 -0.003791973 0.658311248 0.000920319 0.999999344 0.000605331 -1.339364409 0.003791416 -0.000608817 0.999992609 47.340595245
0.999996185 -0.000478753 -0.002712842 0.658204436 0.000480886 0.999999583 0.000785529 -1.354701161 0.002712464 -0.000786830 0.999996066 47.872573853
0.999997318 -0.000692011 -0.002176626 0.660703897 0.000692101 0.999999762 0.000040425 -1.357265234 0.002176597 -0.000041932 0.999997675 48.419204712
0.999997556 -0.000524169 -0.002126861 0.679065585 0.000524999 0.999999821 0.000389679 -1.378861070 0.002126657 -0.000390795 0.999997675 48.946083069
0.999997139 0.000053300 -0.002390917 0.697028637 -0.000054119 0.999999940 -0.000342221 -1.379309654 0.002390899 0.000342349 0.999997079 49.483737946
0.999994993 -0.001259445 -0.002873203 0.680360317 0.001259253 0.999999225 -0.000068162 -1.415238261 0.002873286 0.000064544 0.999995828 50.021812439
0.999994814 -0.001136468 -0.002987504 0.690114796 0.001135846 0.999999404 -0.000209578 -1.431945801 0.002987741 0.000206183 0.999995470 50.572994232
0.999997795 -0.000588935 -0.001981231 0.698709488 0.000588902 0.999999821 -0.000017187 -1.452252865 0.001981241 0.000016021 0.999998033 51.098213196
0.999998093 -0.000254490 -0.001915109 0.696429610 0.000253739 0.999999940 -0.000392382 -1.452945113 0.001915208 0.000391895 0.999998093 51.624660492
0.999996543 0.000921369 -0.002462667 0.727997541 -0.000922416 0.999999464 -0.000423781 -1.462380767 0.002462275 0.000426051 0.999996841 52.145469666
0.999997020 -0.000537169 -0.002386608 0.709333658 0.000537459 0.999999821 0.000121162 -1.498747468 0.002386543 -0.000122444 0.999997139 52.698715210
0.999995351 -0.000525732 -0.002991393 0.722518146 0.000523778 0.999999702 -0.000653867 -1.510285139 0.002991736 0.000652297 0.999995291 53.246982574
0.999997139 -0.000167730 -0.002386982 0.729157567 0.000166059 0.999999702 -0.000700385 -1.523077011 0.002387099 0.000699987 0.999996960 53.820457458
0.999997795 0.000442467 -0.002029441 0.728106380 -0.000444321 0.999999523 -0.000912920 -1.547183752 0.002029036 0.000913820 0.999997497 54.373146057
0.999998450 0.001663719 -0.000615526 0.697375417 -0.001664295 0.999998152 -0.000934176 -1.553469896 0.000613970 0.000935198 0.999999344 54.911464691
0.999998212 0.000743210 -0.001737184 0.719961166 -0.000744393 0.999999523 -0.000679784 -1.556519866 0.001736677 0.000681076 0.999998271 55.443927765
0.999995768 -0.001493902 -0.002509462 0.768185019 0.001493155 0.999998748 -0.000299878 -1.586111784 0.002509907 0.000296129 0.999996841 55.956642151
0.999998868 -0.000385008 -0.001447415 0.738926709 0.000384608 0.999999821 -0.000277186 -1.608890414 0.001447521 0.000276629 0.999998868 56.497787476
0.999997795 -0.001040496 -0.001836148 0.752931714 0.001039963 0.999999344 -0.000291716 -1.626664400 0.001836450 0.000289806 0.999998212 57.044975281
0.999998808 -0.000546043 -0.001410763 0.757565141 0.000545688 0.999999762 -0.000251697 -1.639094114 0.001410900 0.000250927 0.999998927 57.616584778
0.999996722 -0.000844212 -0.002390746 0.776472151 0.000842375 0.999999344 -0.000769461 -1.657546878 0.002391394 0.000767445 0.999996841 58.145965576
0.999999344 -0.000237815 -0.001104302 0.759923577 0.000237809 1.000000000 -0.000003872 -1.680138588 0.001104303 0.000003609 0.999999404 58.630264282
0.999999821 0.000149991 -0.000542013 0.769842505 -0.000150079 1.000000000 -0.000160142 -1.691335559 0.000541989 0.000160224 0.999999881 59.183650970
0.999999821 0.000223258 -0.000389679 0.775278151 -0.000223358 1.000000000 -0.000256238 -1.709862709 0.000389621 0.000256325 0.999999881 59.727615356
0.999999881 0.000129482 -0.000276518 0.774820685 -0.000129449 1.000000000 0.000120446 -1.718650579 0.000276533 -0.000120411 0.999999940 60.261936188
0.999999642 0.000269593 -0.000818832 0.789963007 -0.000269627 0.999999940 -0.000042347 -1.739394188 0.000818821 0.000042568 0.999999583 60.780532837
0.999999881 0.000102440 -0.000601407 0.799426973 -0.000102388 1.000000000 0.000085962 -1.753336310 0.000601415 -0.000085900 0.999999762 61.327701569
1.000000000 0.000174496 -0.000315137 0.805538535 -0.000174650 0.999999821 -0.000487712 -1.763594270 0.000315052 0.000487767 0.999999821 61.873943329
0.999998212 0.001737105 0.000664440 0.815748334 -0.001736971 0.999998391 -0.000201655 -1.773890138 -0.000664789 0.000200500 0.999999702 62.423286438
0.999998510 0.000642587 -0.001583601 0.887417674 -0.000643276 0.999999642 -0.000435059 -1.786236882 0.001583321 0.000436077 0.999998629 62.941570282
0.999999523 0.000021382 0.000914688 0.851803362 -0.000020588 0.999999702 -0.000867989 -1.823894143 -0.000914706 0.000867969 0.999999225 63.539119720
0.999999881 0.000468031 -0.000067758 0.832374632 -0.000468084 0.999999583 -0.000783085 -1.820178628 0.000067392 0.000783116 0.999999702 63.989799500
0.999998868 0.001409471 -0.000539091 0.847244203 -0.001409739 0.999998927 -0.000496281 -1.833324432 0.000538391 0.000497040 0.999999702 64.547317505
0.999999642 0.000526336 -0.000645270 0.855395377 -0.000527031 0.999999285 -0.001076441 -1.835229874 0.000644703 0.001076781 0.999999166 65.060737610
1.000000000 0.000489185 0.000238617 0.853874862 -0.000489074 0.999999762 -0.000467600 -1.868862748 -0.000238846 0.000467483 0.999999881 65.599189758
1.000000000 0.000038967 0.000277244 0.861087263 -0.000038640 0.999999285 -0.001177495 -1.882181048 -0.000277289 0.001177484 0.999999344 66.145507812
1.000000119 -0.000184766 -0.000117318 0.881031752 0.000184602 0.999998987 -0.001393557 -1.893969417 0.000117576 0.001393535 0.999999046 66.690284729
0.999998987 0.001264855 0.000843320 0.875800729 -0.001264178 0.999998868 -0.000802152 -1.915406585 -0.000844333 0.000801085 0.999999404 67.246055603
0.999999046 0.001035159 0.000959836 0.905574501 -0.001033762 0.999998391 -0.001454388 -1.903842807 -0.000961340 0.001453394 0.999998450 67.757736206
0.999999702 0.000293166 0.000747280 0.894852698 -0.000292310 0.999999285 -0.001145270 -1.926921606 -0.000747615 0.001145052 0.999999046 68.274581909
0.999999523 0.000320582 0.000932007 0.901380122 -0.000319092 0.999998569 -0.001598282 -1.942698479 -0.000932518 0.001597984 0.999998331 68.821754456
0.999999642 0.000027512 0.000817066 0.921764255 -0.000025881 0.999997914 -0.001997032 -1.953348875 -0.000817119 0.001997010 0.999997675 69.380111694
0.999999106 0.000545029 0.001212384 0.919927001 -0.000543666 0.999999225 -0.001123747 -1.974780321 -0.001212995 0.001123087 0.999998629 69.888885498
0.999997854 0.001163899 0.001694926 0.925371349 -0.001161463 0.999998271 -0.001437319 -1.987266302 -0.001696596 0.001435347 0.999997556 70.442153931
0.999997616 0.000895091 0.002002443 0.938006878 -0.000891852 0.999998331 -0.001617995 -2.000774384 -0.002003887 0.001616205 0.999996722 70.994071960
0.999998689 0.000828228 0.001404996 0.944972217 -0.000825570 0.999997854 -0.001891781 -2.014496803 -0.001406560 0.001890618 0.999997199 71.506378174
0.999997437 0.001008903 0.002020768 0.956421137 -0.001003728 0.999996245 -0.002560892 -2.025129318 -0.002023344 0.002558857 0.999994636 72.059455872
0.999996424 0.001904708 0.001855111 0.969959915 -0.001901716 0.999996841 -0.001612540 -2.056489468 -0.001858177 0.001609005 0.999996960 72.583755493
0.999998271 0.000726785 0.001715108 0.970239460 -0.000723507 0.999997914 -0.001910714 -2.063274384 -0.001716494 0.001909469 0.999996722 73.097938538
0.999997020 0.001177649 0.002119400 0.980470002 -0.001174413 0.999998152 -0.001526836 -2.085614204 -0.002121194 0.001524342 0.999996603 73.647003174
0.999998391 0.000023478 0.001825188 0.996812761 -0.000020644 0.999998748 -0.001552450 -2.092414856 -0.001825222 0.001552409 0.999997139 74.114242554
0.999998868 0.000021605 0.001524180 1.002663851 -0.000018337 0.999997795 -0.002144281 -2.111431837 -0.001524223 0.002144251 0.999996483 74.688583374
0.999998093 0.000239913 0.002006688 1.007991672 -0.000235050 0.999997020 -0.002423554 -2.129870415 -0.002007264 0.002423077 0.999995053 75.231002808
0.999998927 -0.000177678 0.001493988 1.022622347 0.000181583 0.999996543 -0.002613379 -2.136508942 -0.001493518 0.002613647 0.999995470 75.731605530
0.999998927 -0.000436336 0.001439750 1.074636936 0.000441006 0.999994576 -0.003244981 -2.140643597 -0.001438326 0.003245612 0.999993742 76.350700378
0.999997556 0.000831679 0.002062001 1.044400096 -0.000825735 0.999995351 -0.002881388 -2.161503553 -0.002064388 0.002879678 0.999993742 76.837654114
0.999996841 0.000658430 0.002403749 1.057289600 -0.000650859 0.999994636 -0.003148548 -2.174964905 -0.002405809 0.003146974 0.999992192 77.387710571
0.999994934 0.000751390 0.003097252 1.041010737 -0.000742924 0.999995887 -0.002733412 -2.197921276 -0.003099294 0.002731097 0.999991536 77.842941284
0.999995708 0.000830546 0.002825579 1.058902740 -0.000820273 0.999992907 -0.003634740 -2.196101904 -0.002828578 0.003632406 0.999989390 78.385635376
0.999998689 0.000354910 0.001566534 1.092366815 -0.000350196 0.999995351 -0.003008426 -2.233474970 -0.001567595 0.003007873 0.999994218 78.982933044
0.999998331 0.000245070 0.001831903 1.105535507 -0.000238937 0.999994397 -0.003346897 -2.245137215 -0.001832713 0.003346454 0.999992669 79.542098999
0.999994755 0.000446735 0.003217950 1.115390539 -0.000437755 0.999995947 -0.002790518 -2.266338110 -0.003219184 0.002789094 0.999990940 80.085960388
0.999992669 0.000276445 0.003806581 1.148422480 -0.000261258 0.999991953 -0.003989369 -2.272158146 -0.003807654 0.003988346 0.999984801 80.588005066
0.999987960 0.000335264 0.004881864 1.145864010 -0.000320691 0.999995410 -0.002985684 -2.299099207 -0.004882844 0.002984083 0.999983609 81.103782654
0.999977827 0.000632746 0.006627159 1.157858849 -0.000614225 0.999995887 -0.002796384 -2.311005116 -0.006628902 0.002792251 0.999974132 81.663253784
0.999946296 0.001156385 0.010285490 1.161416769 -0.001120926 0.999993384 -0.003452627 -2.319266081 -0.010289416 0.003440913 0.999941111 82.188652039
0.999891043 0.002326670 0.014574857 1.173188090 -0.002286573 0.999993503 -0.002767199 -2.338424683 -0.014581203 0.002733572 0.999889970 82.731674194
0.999862432 0.000362768 0.016580461 1.218272448 -0.000305470 0.999993920 -0.003458136 -2.347531557 -0.016581614 0.003452595 0.999856532 83.271095276
0.999778390 0.000604494 0.021041468 1.240843296 -0.000542631 0.999995470 -0.002945632 -2.369554758 -0.021043155 0.002933562 0.999774277 83.819091797
0.999643862 0.000336920 0.026687907 1.290903807 -0.000277070 0.999997437 -0.002246270 -2.409584045 -0.026688602 0.002238075 0.999641240 84.308738708
0.999499619 -0.000409211 0.031629112 1.322319269 0.000524359 0.999993205 -0.003632331 -2.404442310 -0.031627417 0.003647099 0.999493062 84.892684937
0.999270797 0.000155129 0.038179994 1.336634159 -0.000024222 0.999994099 -0.003429124 -2.407278538 -0.038180295 0.003425699 0.999265015 85.399818420
0.998937905 0.000024637 0.046073541 1.382816553 0.000161123 0.999991834 -0.004028105 -2.417968035 -0.046073258 0.004031251 0.998929918 85.961029053
0.998524666 0.000464434 0.054298379 1.442144871 -0.000263151 0.999993026 -0.003714063 -2.421720982 -0.054299727 0.003694296 0.998517871 86.460960388
0.998168528 -0.001419184 0.060478620 1.553124428 0.001677802 0.999989629 -0.004225623 -2.415943384 -0.060471997 0.004319354 0.998160541 86.950424194
0.997490227 0.000277795 0.070803791 1.519659042 -0.000011359 0.999992907 -0.003763408 -2.462209702 -0.070804328 0.003753158 0.997483253 87.571655273
0.996699154 0.000045491 0.081182636 1.587699413 0.000290268 0.999991417 -0.004124035 -2.477922678 -0.081182145 0.004133987 0.996690691 88.115547180
0.995992362 -0.000054944 0.089438543 1.656465054 0.000424412 0.999991417 -0.004111952 -2.496626616 -0.089437559 0.004133432 0.995983839 88.671524048
0.995244443 -0.000602325 0.097406797 1.724254131 0.001011666 0.999990880 -0.004153043 -2.509673119 -0.097403407 0.004231836 0.995235980 89.171485901
0.994098306 -0.000624837 0.108480640 1.797025204 0.001057883 0.999991715 -0.003934411 -2.526601553 -0.108477287 0.004025951 0.994090796 89.719734192
0.992852926 -0.000676333 0.119341858 1.883749008 0.001162333 0.999991357 -0.004002776 -2.538800955 -0.119338118 0.004112883 0.992845118 90.270423889
0.991873682 -0.001672446 0.127215728 1.982618332 0.002171443 0.999990463 -0.003783865 -2.563244581 -0.127208173 0.004029358 0.991867840 90.725959778
0.990310133 -0.001343478 0.138866603 2.067145348 0.001976322 0.999988258 -0.004419419 -2.553734064 -0.138859019 0.004651041 0.990301251 91.302314758
0.988549352 -0.001776152 0.150887430 2.168128014 0.002505351 0.999986053 -0.004642772 -2.573201180 -0.150877073 0.004967636 0.988540053 91.838935852
0.986815929 -0.001812135 0.161836475 2.279901505 0.002508118 0.999988556 -0.004096344 -2.591946125 -0.161827177 0.004448243 0.986809134 92.364219666
0.985116303 -0.002291332 0.171873763 2.387688637 0.002993484 0.999988198 -0.003826208 -2.622186422 -0.171862960 0.004283761 0.985111594 92.862983704
0.982751131 -0.001767150 0.184924573 2.500100136 0.002566588 0.999988317 -0.004083756 -2.623008966 -0.184915259 0.004487941 0.982744157 93.420425415
0.980355382 -0.002320180 0.197225466 2.631365776 0.003192304 0.999986470 -0.004104150 -2.638534307 -0.197213292 0.004653129 0.980349600 93.943801880
0.978335559 -0.002711403 0.207007825 2.760957718 0.003614075 0.999985516 -0.003982523 -2.656197548 -0.206994042 0.004644386 0.978331149 94.418930054
0.975358963 -0.002617073 0.220608294 2.897037506 0.003602002 0.999985278 -0.004062451 -2.665263176 -0.220594436 0.004756978 0.975354016 94.985664368
0.972195983 -0.002100967 0.234159216 3.045007706 0.003027880 0.999988973 -0.003599041 -2.685627460 -0.234149024 0.004207978 0.972191632 95.513763428
0.969537437 -0.003054964 0.244924247 3.201231003 0.004065838 0.999985218 -0.003621786 -2.708997250 -0.244909555 0.004507279 0.969535410 96.009239197
0.966442049 -0.003601585 0.256859362 3.368627548 0.004701301 0.999982238 -0.003667431 -2.727022409 -0.256841600 0.004751932 0.966441929 96.545829773
0.962675810 -0.003256351 0.270638019 3.534759521 0.004434124 0.999983132 -0.003740518 -2.725242138 -0.270621300 0.004800948 0.962673903 97.049156189
0.959146142 -0.004090626 0.282881409 3.711320877 0.005430167 0.999977469 -0.003951443 -2.742416859 -0.282858878 0.005326104 0.959146798 97.571800232
0.955998480 -0.004506480 0.293337286 3.892076492 0.006046863 0.999972284 -0.004344609 -2.751523495 -0.293309569 0.005927208 0.955999196 98.086166382
0.951891780 -0.004724804 0.306397885 4.046525955 0.006172418 0.999973953 -0.003755879 -2.773309231 -0.306372106 0.005466407 0.951896131 98.555107117
0.947268665 -0.003798792 0.320417881 4.243663788 0.005166858 0.999980807 -0.003419545 -2.785653114 -0.320398659 0.004894781 0.947270155 99.084838867
0.943301201 -0.004534512 0.331907123 4.444883347 0.005978727 0.999976575 -0.003330250 -2.800864697 -0.331884205 0.005125811 0.943306148 99.598594666
0.938603401 -0.004447252 0.344969332 4.651279449 0.006119521 0.999974251 -0.003758788 -2.819199085 -0.344943672 0.005639059 0.938606501 100.096221924
0.933080792 -0.004588451 0.359637558 4.870557785 0.006098590 0.999976695 -0.003064563 -2.841040373 -0.359615177 0.005052768 0.933087051 100.613426208
0.928220689 -0.004943591 0.371997058 5.093551636 0.006564151 0.999973714 -0.003090132 -2.856302977 -0.371971965 0.005310168 0.928228796 101.108139038
0.923577070 -0.005484445 0.383373499 5.327177048 0.007211030 0.999969244 -0.003066630 -2.876589537 -0.383344978 0.005596787 0.923588336 101.607131958
0.917454958 -0.006215320 0.397791088 5.561050415 0.007974327 0.999964356 -0.002767752 -2.887805223 -0.397759765 0.005711404 0.917471826 102.104621887
0.911606848 -0.005655381 0.411024332 5.804107666 0.007495498 0.999967754 -0.002865397 -2.897866726 -0.410994858 0.005692948 0.911619902 102.600875854
0.906637549 -0.006590901 0.421858847 6.058792114 0.008553416 0.999959588 -0.002759720 -2.918841839 -0.421823591 0.006110400 0.906657338 103.080078125
0.900925100 -0.006568753 0.433924824 6.316646576 0.008207656 0.999964476 -0.001903472 -2.965859413 -0.433896929 0.005276392 0.900947034 103.500106812
0.894028425 -0.007414500 0.447948933 6.564651489 0.009426062 0.999953032 -0.002261453 -2.955378771 -0.447911114 0.006244198 0.894056261 103.999374390
0.888062894 -0.008128696 0.459650069 6.844451904 0.010329181 0.999944091 -0.002272865 -2.970338821 -0.459605902 0.006766256 0.888097107 104.485046387
0.882228374 -0.008442820 0.470745951 7.104457855 0.010635606 0.999941409 -0.001998336 -2.989784479 -0.470701545 0.006769658 0.882266462 104.928588867
