1.000000000 0.000000000 0.000000000 0.000000000 0.000000000 1.000000000 0.000000000 0.000000000 0.000000000 0.000000000 1.000000000 0.000000000
1.000000000 0.000020787 0.000033696 0.000314109 -0.000020791 1.000000000 0.000114748 -0.000588006 -0.000033693 -0.000114749 1.000000000 -0.000334472
1.000000000 0.000069795 -0.000121233 0.001048908 -0.000069788 1.000000000 0.000059287 -0.000686773 0.000121238 -0.000059279 1.000000000 -0.000807706
1.000000000 0.000050494 -0.000035923 0.000005819 -0.000050492 1.000000000 0.000066765 -0.000558176 0.000035926 -0.000066763 1.000000000 0.000623724
1.000000000 0.000118709 -0.000021077 -0.000553463 -0.000118709 1.000000000 0.000021860 -0.000153820 0.000021080 -0.000021858 1.000000000 -0.000470299
1.000000000 0.000105046 -0.000050825 -0.000325385 -0.000105047 1.000000000 -0.000026063 -0.000021390 0.000050822 0.000026068 1.000000000 -0.000049574
1.000000000 0.000105876 -0.000079771 0.000607677 -0.000105877 1.000000000 -0.000018526 -0.000514336 0.000079769 0.000018534 1.000000000 -0.001046477
1.000000000 0.000009390 -0.000071644 0.000973144 -0.000009393 1.000000000 -0.000049190 0.000282657 0.000071644 0.000049191 1.000000000 -0.000265665
1.000000000 -0.000085087 0.000069618 0.000512840 0.000085086 1.000000000 0.000015473 -0.000749283 -0.000069620 -0.000015467 1.000000000 -0.002061620
1.000000000 -0.000163123 -0.000044125 0.000928476 0.000163119 1.000000000 -0.000093827 0.001588943 0.000044140 0.000093820 1.000000000 0.002505648
1.000000000 -0.000132373 -0.000042345 0.000530253 0.000132374 1.000000000 0.000005138 -0.000145170 0.000042344 -0.000005144 1.000000000 0.001510193
1.000000000 0.000008521 0.000075769 -0.000709312 -0.000008509 1.000000000 -0.000163025 0.001951824 -0.000075770 0.000163024 1.000000000 0.002795389
1.000000000 -0.000127035 0.000021752 -0.000621159 0.000127034 1.000000000 0.000058727 0.000301962 -0.000021760 -0.000058724 1.000000000 0.001615235
1.000000000 -0.000037255 0.000006998 -0.000332238 0.000037254 1.000000000 0.000107422 -0.000106932 -0.000007002 -0.000107421 1.000000000 0.001259436
1.000000000 -0.000118764 -0.000126225 0.000777805 0.000118775 1.000000000 0.000091795 -0.000684177 0.000126214 -0.000091810 1.000000000 0.000440768
1.000000000 -0.000056519 -0.000011891 -0.000408548 0.000056519 1.000000000 0.000027727 -0.000517709 0.000011890 -0.000027728 1.000000000 -0.000437615
0.999999940 0.000220262 0.000176557 -0.001797517 -0.000220279 1.000000000 0.000096074 -0.000505194 -0.000176536 -0.000096113 1.000000000 0.000226232
1.000000000 -0.000059540 -0.000198670 0.000871691 0.000059521 1.000000000 -0.000095536 0.000761487 0.000198675 0.000095524 1.000000000 0.000701248
1.000000000 -0.000203614 -0.000012171 0.000308670 0.000203614 1.000000000 0.000023123 -0.000299098 0.000012167 -0.000023126 1.000000000 0.000734451
1.000000000 -0.000015724 0.000091352 -0.000123149 0.000015722 1.000000000 0.000013876 -0.000177825 -0.000091352 -0.000013875 1.000000000 0.000903916
1.000000000 0.000039142 0.000010834 -0.000820023 -0.000039142 1.000000000 -0.000043655 0.000439089 -0.000010836 0.000043654 1.000000000 0.001529376
1.000000000 -0.000084049 -0.000060989 0.000081004 0.000084049 1.000000000 -0.000005501 0.000531437 0.000060990 0.000005496 1.000000000 0.000218519
1.000000000 -0.000055283 -0.000043675 0.001005226 0.000055284 1.000000000 0.000040911 0.000155312 0.000043673 -0.000040914 1.000000000 0.001628653
1.000000000 -0.000027475 0.000120641 -0.000563197 0.000027478 1.000000000 -0.000021864 0.001106525 -0.000120640 0.000021867 1.000000000 0.000426622
1.000000000 -0.000079400 -0.000084254 0.001075560 0.000079400 1.000000000 0.000011038 0.000300063 0.000084253 -0.000011045 1.000000000 0.000819917
1.000000000 -0.000036728 -0.000041930 0.000156913 0.000036722 1.000000000 -0.000142307 0.001029737 0.000041935 0.000142305 1.000000000 0.000032041
1.000000000 0.000062849 0.000076827 -0.000629981 -0.000062843 1.000000000 -0.000085735 -0.000451466 -0.000076833 0.000085730 1.000000000 -0.001463918
1.000000000 0.000028136 -0.000039620 -0.000108405 -0.000028141 1.000000000 -0.000112738 0.000681347 0.000039617 0.000112739 1.000000000 0.000416477
1.000000000 -0.000021442 -0.000037898 -0.000963823 0.000021442 1.000000000 0.000012454 0.001356423 0.000037898 -0.000012454 1.000000000 0.002523744
1.000000000 0.000074589 0.000173088 -0.001748631 -0.000074583 1.000000000 -0.000036368 0.001192247 -0.000173091 0.000036355 1.000000000 0.001887384
1.000000000 -0.000077326 -0.000009437 -0.000008784 0.000077326 1.000000000 0.000035854 0.000361138 0.000009435 -0.000035855 1.000000000 -0.000083649
1.000000000 0.000003793 0.000057564 -0.001537709 -0.000003793 1.000000000 0.000001516 0.000728623 -0.000057564 -0.000001517 1.000000000 0.001979686
1.000000000 0.000004695 0.000115585 -0.001269637 -0.000004688 1.000000000 -0.000064021 0.000718822 -0.000115586 0.000064020 1.000000000 0.002490642
1.000000000 -0.000072767 0.000030432 -0.000755695 0.000072767 1.000000000 0.000006158 0.001047291 -0.000030433 -0.000006155 1.000000000 0.002059718
1.000000000 -0.000048205 0.000124682 -0.001458752 0.000048214 1.000000000 -0.000070063 0.002158611 -0.000124678 0.000070069 1.000000000 0.003786658
1.000000000 0.000102535 0.000168457 -0.002427276 -0.000102520 1.000000000 -0.000089045 0.002779390 -0.000168466 0.000089028 1.000000000 0.003527352
1.000000000 -0.000202410 0.000052955 -0.000821455 0.000202408 1.000000000 0.000031225 0.000788481 -0.000052962 -0.000031215 1.000000000 0.001893170
1.000000000 -0.000042701 0.000077901 -0.001177406 0.000042695 1.000000000 0.000066024 0.000853039 -0.000077904 -0.000066021 1.000000000 0.001602215
1.000000000 -0.000116581 0.000021020 -0.000592491 0.000116581 1.000000000 -0.000025208 0.001285468 -0.000021017 0.000025210 1.000000000 0.002057239
0.999999940 -0.000040764 0.000251918 -0.001796840 0.000040766 1.000000000 -0.000005935 -0.000212200 -0.000251918 0.000005945 0.999999940 0.002073402
0.999999940 -0.000121319 0.000320203 -0.001433157 0.000121545 0.999999762 -0.000705056 -0.001410699 -0.000320117 0.000705094 0.999999702 0.052837562
0.999999940 0.000161739 0.000215672 -0.000124923 -0.000161462 0.999999166 -0.001285737 -0.004440676 -0.000215880 0.001285703 0.999999166 0.134484291
0.999999881 0.000477099 0.000019974 0.003237551 -0.000477069 0.999998808 -0.001469837 -0.003958331 -0.000020675 0.001469827 0.999998927 0.254842520
0.999999940 0.000324049 0.000048543 0.004405049 -0.000323991 0.999999225 -0.001190239 -0.013782619 -0.000048929 0.001190223 0.999999285 0.382612437
0.999999940 0.000380298 0.000128919 0.007215720 -0.000380165 0.999999404 -0.001033024 -0.017198054 -0.000129312 0.001032975 0.999999464 0.526832938
1.000000000 0.000226575 -0.000019121 0.014925754 -0.000226600 0.999999166 -0.001291213 -0.016059963 0.000018829 0.001291217 0.999999166 0.682941675
1.000000000 -0.000033275 0.000204222 0.016964013 0.000033485 0.999999464 -0.001027577 -0.020515827 -0.000204188 0.001027584 0.999999464 0.854285538
0.999999881 0.000474687 0.000211066 0.016394611 -0.000474547 0.999999642 -0.000662995 -0.028495021 -0.000211381 0.000662895 0.999999762 1.016359448
0.999999940 0.000177774 0.000217606 0.017449649 -0.000177724 0.999999940 -0.000231466 -0.035767470 -0.000217647 0.000231428 0.999999940 1.190154910
0.999999940 0.000275398 0.000163003 0.018162547 -0.000275277 0.999999702 -0.000738141 -0.032172471 -0.000163206 0.000738096 0.999999702 1.380264759
0.999999940 0.000376324 -0.000109763 0.029715899 -0.000376378 0.999999821 -0.000493469 -0.041414071 0.000109577 0.000493510 0.999999881 1.580873966
0.999999106 0.001058984 0.000811702 0.023597915 -0.001058674 0.999999344 -0.000382595 -0.048493363 -0.000812107 0.000381736 0.999999583 1.769727111
0.999999940 0.000388712 -0.000100181 0.043334290 -0.000388766 0.999999762 -0.000539655 -0.048954066 0.000099972 0.000539694 0.999999821 1.962778330
0.999999523 0.000588894 0.000795410 0.030529454 -0.000588357 0.999999583 -0.000675579 -0.052521978 -0.000795808 0.000675110 0.999999464 2.185230494
0.999998987 0.000967880 0.001027268 0.030625759 -0.000967377 0.999999404 -0.000489935 -0.066606767 -0.001027742 0.000488941 0.999999344 2.383382797
0.999998987 0.000889346 -0.001049192 0.073872693 -0.000888862 0.999999523 0.000461343 -0.087469108 0.001049601 -0.000460410 0.999999344 2.629888535
0.999999762 0.000383140 -0.000535253 0.079122797 -0.000382733 0.999999702 0.000761220 -0.099340178 0.000535544 -0.000761015 0.999999583 2.847243547
0.999998927 0.000998604 -0.001059145 0.083592005 -0.000998078 0.999999344 0.000496643 -0.099710919 0.001059640 -0.000495585 0.999999285 3.091078520
0.999998868 0.000702427 -0.001334560 0.093444005 -0.000702105 0.999999762 0.000241667 -0.103285164 0.001334730 -0.000240730 0.999999106 3.326430798
0.999999166 0.000529723 -0.001144386 0.097206205 -0.000528926 0.999999642 0.000696357 -0.116724148 0.001144754 -0.000695751 0.999999166 3.562458754
0.999999225 0.000616675 -0.001038720 0.099818081 -0.000616297 0.999999702 0.000363795 -0.118407525 0.001038944 -0.000363154 0.999999404 3.840698957
0.999999464 0.000655842 -0.000863580 0.100854144 -0.000655844 0.999999821 -0.000001790 -0.121788859 0.000863579 0.000002356 0.999999583 4.102244854
0.999999523 0.000689949 -0.000698171 0.104227863 -0.000689554 0.999999583 0.000565348 -0.130234823 0.000698560 -0.000564866 0.999999583 4.355607986
0.999999702 0.000491516 -0.000556040 0.107256643 -0.000491253 0.999999762 0.000473466 -0.134323195 0.000556273 -0.000473193 0.999999702 4.603695393
0.999998868 0.001039544 -0.001103831 0.124192908 -0.001039061 0.999999344 0.000437950 -0.142832428 0.001104286 -0.000436803 0.999999285 4.867148399
0.999998868 0.001044920 -0.001128669 0.128344297 -0.001044487 0.999999344 0.000384635 -0.148916572 0.001129071 -0.000383456 0.999999285 5.128801346
0.999998748 0.001324557 -0.000851992 0.130264297 -0.001324527 0.999999046 0.000036770 -0.155716836 0.000852040 -0.000035641 0.999999642 5.394301414
0.999998569 0.001442607 -0.000863647 0.139539853 -0.001442673 0.999998927 -0.000075343 -0.158544913 0.000863537 0.000076589 0.999999583 5.666780472
0.999998748 0.001083109 -0.001085269 0.142806709 -0.001082286 0.999999106 0.000757649 -0.178140149 0.001086088 -0.000756473 0.999999046 5.924934387
0.999998808 0.000958044 -0.001158969 0.150125355 -0.000956989 0.999999046 0.000910142 -0.187785372 0.001159840 -0.000909032 0.999998868 6.202764511
0.999998868 0.001293602 -0.000819769 0.152370289 -0.001292711 0.999998569 0.001086783 -0.193273157 0.000821174 -0.001085722 0.999999106 6.488246441
0.999998808 0.001277515 -0.000876726 0.157067597 -0.001276803 0.999998868 0.000813190 -0.203144699 0.000877764 -0.000812069 0.999999285 6.764104843
0.999998629 0.001426194 -0.000832570 0.161231413 -0.001425666 0.999998748 0.000633427 -0.207701370 0.000833472 -0.000632239 0.999999464 7.069301605
0.999998748 0.001312477 -0.000795379 0.172592297 -0.001311657 0.999998569 0.001029935 -0.222154513 0.000796730 -0.001028891 0.999999166 7.347981453
0.999998987 0.001243506 -0.000770247 0.175132066 -0.001243500 0.999999225 0.000008671 -0.220346063 0.000770257 -0.000007713 0.999999762 7.674310207
0.999999225 0.000621400 -0.001103667 0.186241597 -0.000620365 0.999999285 0.000937698 -0.239459336 0.001104249 -0.000937012 0.999998927 7.982087135
0.999999166 0.001118039 -0.000648584 0.187297583 -0.001117516 0.999999046 0.000805636 -0.243134320 0.000649484 -0.000804911 0.999999464 8.307414055
0.999999642 0.000499632 -0.000669280 0.193485916 -0.000499012 0.999999404 0.000925480 -0.257297277 0.000669742 -0.000925146 0.999999285 8.632184029
0.999999166 0.001024404 -0.000751098 0.200229734 -0.001023789 0.999999166 0.000818368 -0.264212757 0.000751935 -0.000817598 0.999999404 8.983618736
0.999998987 0.000864515 -0.001081153 0.215605497 -0.000863293 0.999999046 0.001131340 -0.282325834 0.001082130 -0.001130406 0.999998808 9.309471130
0.999998689 0.001493860 -0.000588852 0.214710683 -0.001493171 0.999998212 0.001168643 -0.291630596 0.000590597 -0.001167762 0.999999106 9.658414841
0.999999106 0.001059535 -0.000750578 0.226042867 -0.001059037 0.999999166 0.000664622 -0.292906672 0.000751281 -0.000663827 0.999999523 9.998976707
0.999999046 0.001061543 -0.000874187 0.229516819 -0.001060673 0.999998927 0.000995464 -0.304597735 0.000875242 -0.000994535 0.999999106 10.364355087
0.999999046 0.001135938 -0.000756400 0.237917081 -0.001134851 0.999998331 0.001436517 -0.319161713 0.000758031 -0.001435657 0.999998629 10.721209526
0.999998987 0.001414131 -0.000171045 0.238136917 -0.001413970 0.999998569 0.000938656 -0.323912770 0.000172372 -0.000938413 0.999999523 11.083984375
0.999998808 0.001384690 -0.000584019 0.245802894 -0.001384137 0.999998569 0.000945838 -0.331707537 0.000585327 -0.000945028 0.999999404 11.474066734
0.999999464 0.000943170 -0.000393879 0.255594015 -0.000942783 0.999999046 0.000982056 -0.340102196 0.000394805 -0.000981685 0.999999464 11.850325584
0.999999225 0.001110307 -0.000576731 0.262273610 -0.001109853 0.999999046 0.000786934 -0.350790739 0.000577603 -0.000786293 0.999999523 12.239155769
0.999999583 0.000708462 -0.000561773 0.272632897 -0.000707954 0.999999344 0.000902778 -0.362643749 0.000562412 -0.000902380 0.999999464 12.631640434
0.999999404 0.000998862 -0.000444262 0.275472492 -0.000998445 0.999999106 0.000937717 -0.372215271 0.000445198 -0.000937273 0.999999523 13.028905869
0.999998927 0.001383164 -0.000514489 0.286342263 -0.001382611 0.999998450 0.001073595 -0.384895205 0.000515974 -0.001072883 0.999999225 13.433071136
0.999999464 0.000977809 -0.000221783 0.294913411 -0.000977516 0.999998629 0.001320285 -0.395144671 0.000223074 -0.001320067 0.999999106 13.845326424
0.999999166 0.001233268 0.000105487 0.297861636 -0.001233367 0.999998748 0.000941335 -0.402662575 -0.000104327 -0.000941464 0.999999523 14.263956070
0.999999642 0.000905720 0.000100061 0.312501013 -0.000905835 0.999998927 0.001160186 -0.416217119 -0.000099010 -0.001160276 0.999999344 14.682954788
0.999999225 0.001148798 0.000472411 0.317653596 -0.001149366 0.999998629 0.001203753 -0.428650647 -0.000471027 -0.001204295 0.999999166 15.112079620
0.999998868 0.001479027 0.000355321 0.328549325 -0.001479352 0.999998450 0.000916396 -0.440162808 -0.000353965 -0.000916921 0.999999523 15.548680305
0.999999106 0.001144293 0.000677038 0.337157875 -0.001144887 0.999998987 0.000876819 -0.451680720 -0.000676034 -0.000877594 0.999999404 15.989420891
0.999998927 0.001236066 0.000755521 0.347082466 -0.001236882 0.999998629 0.001079978 -0.462252587 -0.000754185 -0.001080911 0.999999106 16.440410614
0.999998331 0.001187080 0.001327743 0.354673326 -0.001188313 0.999998808 0.000927875 -0.475724667 -0.001326639 -0.000929451 0.999998689 16.882240295
0.999997020 0.001467772 0.001907883 0.363032281 -0.001470195 0.999998093 0.001269258 -0.493912309 -0.001906016 -0.001272059 0.999997377 17.332273483
0.999997079 0.001471290 0.001922240 0.374178708 -0.001473741 0.999998033 0.001274208 -0.502604127 -0.001920362 -0.001277037 0.999997258 17.798423767
0.999997795 0.001289045 0.001688296 0.386151940 -0.001290581 0.999998748 0.000909043 -0.511035562 -0.001687122 -0.000911219 0.999998093 18.274663925
0.999997556 0.001185865 0.001897067 0.406246483 -0.001188045 0.999998689 0.001148619 -0.522156715 -0.001895702 -0.001150870 0.999997497 18.728849411
0.999994934 0.001930411 0.002535687 0.408147544 -0.001932570 0.999997795 0.000849326 -0.536702096 -0.002534042 -0.000854222 0.999996424 19.216535568
0.999996364 0.001794783 0.002013748 0.427282780 -0.001796348 0.999998093 0.000775628 -0.547425807 -0.002012353 -0.000779242 0.999997616 19.694875717
0.999996722 0.001300322 0.002171581 0.433697164 -0.001302262 0.999998748 0.000891911 -0.558158875 -0.002170419 -0.000894736 0.999997258 20.179849625
0.999995351 0.001842610 0.002400754 0.438198924 -0.001844478 0.999997973 0.000776222 -0.576227844 -0.002399319 -0.000780647 0.999996781 20.673847198
0.999995053 0.001838813 0.002560981 0.444929302 -0.001840351 0.999998093 0.000598019 -0.584961712 -0.002559877 -0.000602729 0.999996543 21.175930023
0.999997020 0.001564435 0.001880639 0.456771940 -0.001565624 0.999998629 0.000630968 -0.592135608 -0.001879649 -0.000633911 0.999998033 21.684858322
0.999998033 0.001494196 0.001247580 0.471630394 -0.001495682 0.999998152 0.001191105 -0.618773520 -0.001245798 -0.001192968 0.999998510 22.184318542
0.999998689 0.001577702 0.000360755 0.486346483 -0.001578234 0.999997675 0.001478403 -0.631309628 -0.000358422 -0.001478970 0.999998808 22.697559357
0.999997556 0.002146825 0.000554358 0.486160487 -0.002147263 0.999997497 0.000790686 -0.642611027 -0.000552659 -0.000791874 0.999999523 23.226203918
0.999998093 0.001890243 -0.000582041 0.498384923 -0.001889879 0.999998033 0.000625028 -0.657957852 0.000583222 -0.000623926 0.999999583 23.750896454
0.999999106 0.000661964 -0.001172383 0.510629058 -0.000661673 0.999999762 0.000249072 -0.671603441 0.001172548 -0.000248296 0.999999285 24.281036377
0.999998093 0.001387246 -0.001358068 0.513220489 -0.001386381 0.999998808 0.000637146 -0.684450030 0.001358950 -0.000635262 0.999998927 24.820756912
0.999994099 0.002126526 -0.002691687 0.533983469 -0.002123828 0.999997258 0.001004637 -0.705969870 0.002693816 -0.000998914 0.999995887 25.342004776
0.999992967 0.001873537 -0.003250564 0.540811479 -0.001870769 0.999997914 0.000854162 -0.714626670 0.003252158 -0.000848075 0.999994338 25.895559311
0.999991655 0.002095114 -0.003514379 0.545471072 -0.002091619 0.999997318 0.000997904 -0.732282102 0.003516461 -0.000990545 0.999993265 26.437963486
0.999991477 0.001329326 -0.003914379 0.552345991 -0.001324336 0.999998271 0.001276941 -0.743397653 0.003916069 -0.001271746 0.999991536 26.987030029
0.999991953 0.001276324 -0.003818088 0.554557085 -0.001271505 0.999998450 0.001264403 -0.756649375 0.003819696 -0.001259538 0.999991953 27.542114258
0.999987721 0.001979192 -0.004565658 0.566058278 -0.001971269 0.999996543 0.001739180 -0.782850027 0.004569085 -0.001730158 0.999988019 28.082128525
0.999986291 0.002034648 -0.004819968 0.569719791 -0.002024536 0.999995708 0.002101807 -0.797230840 0.004824224 -0.002092020 0.999986172 28.625917435
0.999986172 0.002317640 -0.004711051 0.578235745 -0.002309786 0.999996006 0.001671826 -0.809425473 0.004714907 -0.001660921 0.999987543 29.157436371
0.999982536 0.002236317 -0.005473251 0.586753070 -0.002225056 0.999995410 0.002062561 -0.827216387 0.005477839 -0.002050347 0.999982893 29.728284836
0.999981701 0.002201664 -0.005659364 0.589566588 -0.002190235 0.999995649 0.002024745 -0.838121653 0.005663797 -0.002012312 0.999981940 30.278902054
0.999981105 0.002364420 -0.005678285 0.600055695 -0.002351627 0.999994695 0.002258493 -0.856863797 0.005683594 -0.002245097 0.999981344 30.820119858
0.999977827 0.002188185 -0.006291748 0.610158324 -0.002174911 0.999995410 0.002115862 -0.871398628 0.006296350 -0.002102131 0.999977887 31.375587463
0.999974370 0.002482451 -0.006717347 0.618752182 -0.002467623 0.999994636 0.002214854 -0.885177433 0.006722808 -0.002198221 0.999974966 31.925769806
0.999973059 0.002307626 -0.006967683 0.630976558 -0.002291016 0.999994516 0.002390919 -0.904033840 0.006973162 -0.002374891 0.999972820 32.470382690
0.999972999 0.002449656 -0.006931539 0.632513344 -0.002434788 0.999994695 0.002152532 -0.912760854 0.006936775 -0.002135597 0.999973655 33.010173798
0.999972820 0.002703839 -0.006860549 0.636313796 -0.002691229 0.999994636 0.001846629 -0.927491605 0.006865505 -0.001828115 0.999974728 33.553813934
0.999970794 0.002656131 -0.007168842 0.642245471 -0.002640741 0.999994218 0.002155462 -0.939344645 0.007174525 -0.002136468 0.999971986 34.112941742
0.999974668 0.002728020 -0.006580699 0.640548766 -0.002714339 0.999994159 0.002087149 -0.953828454 0.006586355 -0.002069233 0.999976158 34.661567688
0.999971449 0.002731074 -0.007045744 0.650355339 -0.002715917 0.999993920 0.002159829 -0.968348503 0.007051600 -0.002140632 0.999972820 35.201271057
0.999975085 0.002598366 -0.006554650 0.652669907 -0.002582978 0.999993801 0.002354942 -0.981523454 0.006560729 -0.002337953 0.999975741 35.750385284
0.999972820 0.002837285 -0.006810206 0.667820573 -0.002817443 0.999991715 0.002921434 -1.011251450 0.006818440 -0.002902167 0.999972522 36.269130707
0.999966562 0.003122512 -0.007560873 0.668968678 -0.003108510 0.999993443 0.001862968 -1.008501053 0.007566641 -0.001839403 0.999969602 36.837261200
0.999967575 0.003913182 -0.007043594 0.671222448 -0.003903393 0.999991417 0.001402964 -1.020801306 0.007049023 -0.001375425 0.999974191 37.385665894
0.999968767 0.004248812 -0.006670838 0.670660734 -0.004238747 0.999989927 0.001522384 -1.034747005 0.006677239 -0.001494060 0.999976575 37.944755554
0.999963760 0.002960249 -0.007971294 0.686408758 -0.002944612 0.999993742 0.001972684 -1.055927753 0.007977083 -0.001949141 0.999966264 38.493507385
0.999965787 0.002704557 -0.007803787 0.689083934 -0.002686691 0.999993742 0.002299010 -1.072900414 0.007809956 -0.002277965 0.999966919 39.036926270
0.999964952 0.003079221 -0.007784361 0.697974443 -0.003064672 0.999993563 0.001880320 -1.085140228 0.007790101 -0.001856398 0.999967933 39.584762573
0.999962926 0.003479934 -0.007866270 0.710727036 -0.003461625 0.999991238 0.002339918 -1.104130149 0.007874344 -0.002312602 0.999966323 40.124294281
0.999957561 0.003147115 -0.008650009 0.722967267 -0.003130739 0.999993205 0.001906094 -1.109525442 0.008655948 -0.001878932 0.999960780 40.694511414
0.999957860 0.003208461 -0.008593904 0.731278419 -0.003191616 0.999992967 0.001973084 -1.124141932 0.008600173 -0.001945573 0.999961138 41.240001678
0.999957561 0.003134216 -0.008659694 0.740845084 -0.003110684 0.999991417 0.002729580 -1.140154362 0.008668174 -0.002702527 0.999958754 41.801536560
0.999955118 0.003452029 -0.008821594 0.728543520 -0.003437325 0.999992669 0.001681352 -1.144803882 0.008827334 -0.001650954 0.999959588 42.336654663
0.999956906 0.003636155 -0.008540652 0.735342920 -0.003624075 0.999992371 0.001429370 -1.154936671 0.008545784 -0.001398356 0.999962509 42.890796661
0.999955535 0.003820875 -0.008616887 0.740559697 -0.003805534 0.999991179 0.001796111 -1.173421264 0.008623673 -0.001763240 0.999961257 43.426067352
0.999954045 0.003537735 -0.008908354 0.744006872 -0.003521400 0.999992073 0.001848741 -1.187606096 0.008914824 -0.001817286 0.999958634 43.992496490
0.999955475 0.002602665 -0.009075633 0.753616095 -0.002581938 0.999993920 0.002294777 -1.204545975 0.009081551 -0.002271242 0.999956250 44.535820007
0.999955535 0.003581221 -0.008723206 0.750841737 -0.003564222 0.999991655 0.001963512 -1.218481779 0.008730165 -0.001932333 0.999960065 45.081073761
0.999951243 0.003923651 -0.009057594 0.762570381 -0.003906256 0.999990523 0.001937378 -1.229739308 0.009065110 -0.001901902 0.999957025 45.639125824
0.999955654 0.003427701 -0.008777242 0.772234976 -0.003412085 0.999992609 0.001793440 -1.243718743 0.008783325 -0.001763412 0.999959826 46.180084229
0.999949932 0.003451196 -0.009393416 0.779094458 -0.003433844 0.999992371 0.001862676 -1.257011056 0.009399774 -0.001830327 0.999954104 46.730030060
0.999946594 0.003810651 -0.009615686 0.792628050 -0.003785734 0.999989510 0.002608160 -1.279190660 0.009625522 -0.002571618 0.999950409 47.275779724
0.999949634 0.002979250 -0.009581079 0.787368894 -0.002959884 0.999993563 0.002034813 -1.282941699 0.009587079 -0.002006352 0.999952018 47.827747345
0.999951065 0.003419901 -0.009280999 0.794892788 -0.003400704 0.999992013 0.002083453 -1.300162077 0.009288051 -0.002051789 0.999954820 48.380165100
0.999949932 0.003492431 -0.009382433 0.805094063 -0.003467643 0.999990463 0.002656957 -1.317539454 0.009391623 -0.002624289 0.999952435 48.910720825
0.999948144 0.003415360 -0.009606744 0.803699970 -0.003395332 0.999992132 0.002100186 -1.326965570 0.009613842 -0.002067459 0.999951601 49.471263885
0.999945998 0.003755236 -0.009696554 0.816661716 -0.003737627 0.999991298 0.001833460 -1.336407661 0.009703357 -0.001797118 0.999951303 50.027523041
0.999948084 0.003363700 -0.009617813 0.826705456 -0.003342626 0.999991953 0.002206430 -1.357913971 0.009625157 -0.002174166 0.999951303 50.559551239
0.999947786 0.003505668 -0.009597286 0.818350673 -0.003487886 0.999992132 0.001868931 -1.368089557 0.009603762 -0.001835359 0.999952197 51.123329163
0.999949455 0.003182027 -0.009537015 0.826401532 -0.003161698 0.999992669 0.002145875 -1.384328246 0.009543773 -0.002115613 0.999952257 51.678504944
0.999942780 0.002816784 -0.010319437 0.848851860 -0.002797315 0.999994338 0.001900584 -1.395341277 0.010324730 -0.001871609 0.999944985 52.208248138
0.999941468 0.003021904 -0.010387822 0.848545313 -0.003004699 0.999994099 0.001671487 -1.411657572 0.010392812 -0.001640177 0.999944627 52.759387970
0.999947071 0.003088016 -0.009813767 0.849117517 -0.003067699 0.999993145 0.002084586 -1.423200846 0.009820137 -0.002054370 0.999949574 53.301574707
0.999944329 0.003259814 -0.010030050 0.853153467 -0.003237417 0.999992251 0.002248476 -1.444103837 0.010037300 -0.002215879 0.999947190 53.850383759
0.999945521 0.003504167 -0.009830683 0.859795809 -0.003484771 0.999992013 0.001989486 -1.456932187 0.009837575 -0.001955120 0.999949694 54.398788452
0.999949336 0.003654083 -0.009374642 0.853085101 -0.003635572 0.999991417 0.001990884 -1.462064505 0.009381835 -0.001956701 0.999954104 54.964843750
0.999943614 0.002970223 -0.010187746 0.870187461 -0.002952711 0.999994099 0.001733521 -1.484312177 0.010192835 -0.001703342 0.999946594 55.487438202
0.999944985 0.003630657 -0.009828091 0.872149706 -0.003611016 0.999991477 0.002015400 -1.500400901 0.009835324 -0.001979800 0.999949694 56.037765503
0.999943733 0.003210384 -0.010120074 0.873607516 -0.003192662 0.999993324 0.001766939 -1.510182142 0.010125681 -0.001734530 0.999947250 56.572669983
0.999945462 0.002803810 -0.010058395 0.889034331 -0.002784684 0.999994338 0.001915067 -1.527806282 0.010063707 -0.001886953 0.999947608 57.108032227
0.999942839 0.003180587 -0.010209299 0.891828835 -0.003160388 0.999992967 0.001994003 -1.540435791 0.010215570 -0.001961623 0.999945819 57.657299042
0.999940276 0.003193175 -0.010461719 0.898250580 -0.003169241 0.999992251 0.002303635 -1.559089661 0.010468994 -0.002270341 0.999942541 58.202049255
0.999944568 0.003393062 -0.009964695 0.904340208 -0.003376420 0.999992847 0.001686441 -1.568282008 0.009970346 -0.001652702 0.999948919 58.746814728
0.999943018 0.003387174 -0.010118866 0.908353627 -0.003377099 0.999993801 0.001012549 -1.570358396 0.010122233 -0.000978319 0.999948204 59.285205841
0.999942660 0.003463267 -0.010137741 0.916854918 -0.003453201 0.999993563 0.001010261 -1.586930871 0.010141173 -0.000975195 0.999948084 59.826740265
0.999940515 0.003483612 -0.010336676 0.920504451 -0.003474693 0.999993563 0.000880632 -1.597078085 0.010339677 -0.000844663 0.999946177 60.377937317
0.999940395 0.003311584 -0.010400834 0.925705016 -0.003302594 0.999994159 0.000881438 -1.611467957 0.010403692 -0.000847036 0.999945521 60.925556183
0.999939680 0.003460367 -0.010417601 0.934371233 -0.003451411 0.999993622 0.000877494 -1.628775954 0.010420571 -0.000841486 0.999945343 61.469249725
0.999939084 0.003573258 -0.010438645 0.931915760 -0.003564341 0.999993265 0.000872638 -1.636460423 0.010441693 -0.000835378 0.999945104 62.006191254
0.999943733 0.003387789 -0.010059896 0.932646751 -0.003383565 0.999994218 0.000436919 -1.648095131 0.010061318 -0.000402857 0.999949276 62.563236237
0.999942660 0.004552949 -0.009694260 0.931893587 -0.004546669 0.999989450 0.000669756 -1.664795399 0.009697205 -0.000625641 0.999952793 63.117893219
0.999939322 0.003820973 -0.010325293 0.947842598 -0.003812494 0.999992371 0.000840770 -1.680988073 0.010328427 -0.000801354 0.999946356 63.647014618
0.999938667 0.003623734 -0.010462116 0.953124702 -0.003621676 0.999993384 0.000215709 -1.694878101 0.010462828 -0.000177805 0.999945283 64.204414368
0.999941885 0.003916249 -0.010044465 0.945358038 -0.003909754 0.999992132 0.000666247 -1.711374164 0.010046994 -0.000626937 0.999949396 64.750984192
0.999935925 0.004169856 -0.010533555 0.962562919 -0.004159573 0.999990821 0.000997957 -1.725020766 0.010537622 -0.000954078 0.999944031 65.265602112
0.999937475 0.003820059 -0.010504911 0.969602406 -0.003811442 0.999992430 0.000840193 -1.740790725 0.010508040 -0.000800102 0.999944508 65.816574097
0.999937832 0.003423178 -0.010604764 0.980888247 -0.003412395 0.999993682 0.001034653 -1.755479336 0.010608239 -0.000998401 0.999943256 66.358634949
0.999936998 0.003695600 -0.010596532 0.986977458 -0.003687730 0.999992907 0.000762256 -1.765168548 0.010599275 -0.000723131 0.999943554 66.896415710
0.999932468 0.004258808 -0.010814485 0.986706793 -0.004246601 0.999990344 0.001151432 -1.785593987 0.010819284 -0.001105430 0.999940872 67.436553955
0.999936044 0.004312959 -0.010455145 0.988583148 -0.004299350 0.999989927 0.001323798 -1.801062346 0.010460748 -0.001278764 0.999944508 67.983345032
0.999931514 0.004466053 -0.010815035 0.994577050 -0.004451617 0.999989152 0.001358567 -1.818261623 0.010820985 -0.001310329 0.999940574 68.518447876
0.999930859 0.004586873 -0.010827300 0.998130798 -0.004578190 0.999989212 0.000826628 -1.829627514 0.010830974 -0.000777001 0.999941051 69.060112000
0.999929607 0.004559929 -0.010954880 1.015604258 -0.004548817 0.999989092 0.001039048 -1.846421123 0.010959500 -0.000989143 0.999939442 69.596138000
0.999935448 0.004936216 -0.010233875 1.004804373 -0.004927970 0.999987602 0.000831014 -1.856539607 0.010237849 -0.000780528 0.999947309 70.145683289
0.999938130 0.004788364 -0.010041046 1.008766174 -0.004776147 0.999987900 0.001240269 -1.872064948 0.010046862 -0.001192235 0.999948859 70.699104309
0.999927163 0.005160033 -0.010910219 1.026417255 -0.005142496 0.999985456 0.001634843 -1.889845848 0.010918495 -0.001578619 0.999939144 71.226898193
0.999932766 0.004743638 -0.010578015 1.020949841 -0.004736351 0.999988496 0.000713819 -1.897104859 0.010581279 -0.000663670 0.999943793 71.777000427
0.999934256 0.004289188 -0.010630535 1.029920936 -0.004278618 0.999990284 0.001016963 -1.918118119 0.010634795 -0.000971412 0.999942958 72.318626404
0.999933004 0.004928956 -0.010465404 1.028256774 -0.004922147 0.999987662 0.000676367 -1.924357533 0.010468608 -0.000624809 0.999944985 72.866645813
0.999934077 0.004898418 -0.010384431 1.037596226 -0.004886309 0.999987364 0.001191176 -1.947311759 0.010390135 -0.001140355 0.999945343 73.402847290
0.999938428 0.004707532 -0.010044541 1.037081480 -0.004703862 0.999988854 0.000388949 -1.954251409 0.010046260 -0.000341677 0.999949455 73.964828491
0.999935865 0.004573502 -0.010360098 1.039758444 -0.004566982 0.999989331 0.000652942 -1.967175245 0.010362974 -0.000605586 0.999946117 74.487396240
0.999933302 0.004717540 -0.010540572 1.047594309 -0.004709738 0.999988616 0.000764812 -1.980441093 0.010544060 -0.000715117 0.999944150 75.031036377
0.999933183 0.004547792 -0.010620798 1.052407026 -0.004540067 0.999989331 0.000751324 -1.997480512 0.010624102 -0.000703054 0.999943316 75.569282532
0.999930739 0.004524646 -0.010865871 1.058537126 -0.004513219 0.999989212 0.001075975 -2.015961409 0.010870622 -0.001026860 0.999940336 76.116851807
0.999931216 0.004759081 -0.010717705 1.066098690 -0.004751420 0.999988377 0.000740056 -2.025042295 0.010721103 -0.000689080 0.999942303 76.667121887
0.999937117 0.004604852 -0.010225421 1.068020225 -0.004598558 0.999989212 0.000638942 -2.040570736 0.010228253 -0.000591880 0.999947608 77.208564758
0.999938369 0.004345469 -0.010211269 1.071666002 -0.004343136 0.999990582 0.000250626 -2.051161051 0.010212261 -0.000206262 0.999947846 77.765594482
0.999936640 0.004450195 -0.010339488 1.070655584 -0.004443064 0.999989986 0.000712459 -2.073988199 0.010342554 -0.000666475 0.999946296 78.303573608
0.999940157 0.004827696 -0.009821962 1.075359821 -0.004822678 0.999988258 0.000534461 -2.088826418 0.009824425 -0.000487060 0.999951661 78.851585388
0.999940813 0.004445372 -0.009921881 1.082053661 -0.004438768 0.999989867 0.000687504 -2.103237391 0.009924838 -0.000643422 0.999950528 79.382797241
0.999937594 0.004733446 -0.010121599 1.088305593 -0.004726663 0.999988616 0.000693850 -2.121696234 0.010124767 -0.000645965 0.999948561 79.944061279
0.999935150 0.004944466 -0.010257775 1.097001314 -0.004938971 0.999987781 0.000560904 -2.135147810 0.010260423 -0.000510205 0.999947190 80.489631653
0.999948263 0.004818330 -0.008955894 1.100372553 -0.004813751 0.999988258 0.000532553 -2.147187710 0.008958356 -0.000489414 0.999959707 81.040336609
0.999957740 0.004990061 -0.007712234 1.109152555 -0.004987379 0.999987483 0.000366867 -2.164124966 0.007713967 -0.000328387 0.999970138 81.579780579
0.999962449 0.005283092 -0.006865220 1.120803237 -0.005277280 0.999985695 0.000864400 -2.183214664 0.006869688 -0.000828137 0.999976039 82.105461121
0.999970138 0.005365590 -0.005564691 1.129555225 -0.005360862 0.999985278 0.000864054 -2.197902918 0.005569245 -0.000834197 0.999984145 82.641487122
0.999982238 0.005409223 -0.002526492 1.143395424 -0.005407117 0.999985039 0.000839707 -2.208471775 0.002530997 -0.000826031 0.999996424 83.202117920
0.999985635 0.005185758 0.001376629 1.151155114 -0.005187086 0.999986112 0.000963186 -2.222669601 -0.001371615 -0.000970313 0.999998629 83.750579834
0.999970198 0.005962665 0.004899046 1.164934278 -0.005966674 0.999981999 0.000804114 -2.242480755 -0.004894163 -0.000833322 0.999987662 84.275924683
0.999933958 0.005468650 0.010107160 1.185107946 -0.005478520 0.999984503 0.000949062 -2.260698795 -0.010101815 -0.001004371 0.999948442 84.833908081
0.999863625 0.005698415 0.015496474 1.220356107 -0.005712845 0.999983311 0.000887089 -2.282130480 -0.015491161 -0.000975497 0.999879539 85.365753174
0.999774218 0.005221507 0.020596093 1.246022582 -0.005233742 0.999986172 0.000540228 -2.290372133 -0.020592984 -0.000647900 0.999787748 85.935302734
0.999632895 0.004777614 0.026670286 1.277806640 -0.004794825 0.999988377 0.000581399 -2.304469347 -0.026667198 -0.000709064 0.999644101 86.477905273
0.999375105 0.005603243 0.034899190 1.305252790 -0.005648341 0.999983311 0.001193797 -2.325192690 -0.034891918 -0.001390174 0.999390125 87.028457642
0.999057531 0.005180947 0.043095998 1.346050024 -0.005209257 0.999986231 0.000544623 -2.334707737 -0.043092590 -0.000768608 0.999070704 87.595115662
0.998711407 0.005228909 0.050478242 1.383552551 -0.005265671 0.999985933 0.000595325 -2.348761320 -0.050474416 -0.000860360 0.998724937 88.139801025
0.998224974 0.005152054 0.059334215 1.434413195 -0.005187047 0.999986470 0.000435754 -2.359117270 -0.059331164 -0.000742750 0.998238027 88.684570312
0.997585773 0.005445107 0.069231421 1.494642735 -0.005496656 0.999984682 0.000554113 -2.376135111 -0.069227345 -0.000933317 0.997600496 89.238685608
0.996957421 0.004789853 0.077802159 1.553966045 -0.004802062 0.999988437 -0.000030173 -2.385020494 -0.077801399 -0.000343530 0.996968865 89.783325195
0.996311963 0.004757152 0.085672259 1.623609543 -0.004774353 0.999988616 -0.000004111 -2.402544022 -0.085671313 -0.000404934 0.996323347 90.326911926
0.995339394 0.004842120 0.096311420 1.698872566 -0.004848130 0.999988258 -0.000171618 -2.413878441 -0.096311122 -0.000296112 0.995351255 90.866035461
0.994259715 0.005424584 0.106855109 1.771165371 -0.005457805 0.999985099 0.000018457 -2.431501627 -0.106853418 -0.000601546 0.994274557 91.417472839
0.993212759 0.004432768 0.116226479 1.858231544 -0.004495959 0.999989867 0.000281518 -2.450002670 -0.116224043 -0.000802157 0.993222713 91.977363586
0.991900265 0.004126403 0.126952410 1.945363998 -0.004203896 0.999991059 0.000342477 -2.458737135 -0.126949862 -0.000873398 0.991908789 92.505233765
0.990232587 0.004033045 0.139367178 2.043165207 -0.004095729 0.999991596 0.000162969 -2.478322268 -0.139365330 -0.000732187 0.990240753 93.084220886
0.988643467 0.004309270 0.150218353 2.143733025 -0.004393836 0.999990404 0.000231051 -2.497656584 -0.150215879 -0.000888462 0.988652825 93.635566711
0.987056136 0.003288640 0.160340950 2.258471489 -0.003400608 0.999994099 0.000423908 -2.513483763 -0.160338625 -0.000963677 0.987061620 94.170982361
0.984925330 0.003456323 0.172945201 2.382428169 -0.003612648 0.999993205 0.000589137 -2.533473730 -0.172941998 -0.001205046 0.984931290 94.686744690
0.982703149 0.002983349 0.185164019 2.511737823 -0.003123094 0.999994993 0.000463051 -2.548008442 -0.185161710 -0.001033326 0.982707560 95.230285645
0.980516255 0.002830119 0.196417570 2.610328674 -0.002974113 0.999995470 0.000438147 -2.556136131 -0.196415409 -0.001013778 0.980520368 95.769424438
0.977771163 0.003275331 0.209649593 2.747543335 -0.003467558 0.999993861 0.000549331 -2.572526455 -0.209646538 -0.001264092 0.977776408 96.306457520
0.974893928 0.003199060 0.222647160 2.897521973 -0.003437236 0.999993861 0.000682243 -2.588956118 -0.222643614 -0.001430406 0.974898875 96.830612183
0.972201586 0.002348006 0.234133556 3.033582687 -0.002560362 0.999996543 0.000603029 -2.600444317 -0.234131306 -0.001185732 0.972204208 97.368812561
0.969221175 0.002018054 0.246183574 3.192136765 -0.002325073 0.999996841 0.000956447 -2.624286175 -0.246180862 -0.001499404 0.969222724 97.894683838
0.965688884 0.002049112 0.259693533 3.358524323 -0.002357089 0.999996901 0.000874531 -2.635028124 -0.259690881 -0.001456646 0.965690613 98.414627075
0.962153733 0.001570151 0.272502601 3.524028778 -0.001732816 0.999998391 0.000356275 -2.645926714 -0.272501677 -0.000814988 0.962154984 98.960678101
0.959115982 0.000920030 0.283011794 3.702022552 -0.001144190 0.999999106 0.000626761 -2.663651228 -0.283010989 -0.000924956 0.959116220 99.468154907
0.954743743 0.001157349 0.297427297 3.879827499 -0.001320451 0.999999046 0.000347461 -2.677872896 -0.297426671 -0.000724475 0.954744458 99.991500854
0.950270534 0.000740791 0.311424822 4.061624527 -0.001011643 0.999999225 0.000708179 -2.695148945 -0.311424047 -0.000988012 0.950270534 100.519752502
0.946512401 -0.000183279 0.322667509 4.262256622 0.000031762 0.999999881 0.000474841 -2.704522371 -0.322667569 -0.000439194 0.946512282 101.034500122
0.941762686 -0.000796970 0.336277395 4.455829620 0.000573039 0.999999523 0.000765151 -2.726407051 -0.336277843 -0.000527890 0.941762686 101.543411255
0.936845779 -0.000308378 0.349742591 4.682819366 0.000222139 0.999999940 0.000286693 -2.738877535 -0.349742651 -0.000190896 0.936845779 102.065612793
0.932118356 -0.000652170 0.362153172 4.901454926 0.000330710 0.999999583 0.000949623 -2.756287813 -0.362153560 -0.000765393 0.932118118 102.572181702
0.927496254 -0.001141783 0.373830706 5.120025635 0.001320567 0.999999106 -0.000222128 -2.759179115 -0.373830140 0.000699691 0.927496910 103.075363159
0.921654701 -0.001386958 0.388008565 5.358299255 0.001250798 0.999999046 0.000603474 -2.781413555 -0.388009012 -0.000070875 0.921655595 103.573860168
0.915853798 -0.001457301 0.401509166 5.593723297 0.001242459 0.999998927 0.000795471 -2.795231342 -0.401509851 -0.000229676 0.915854752 104.068016052
0.910870016 -0.002123928 0.412688106 5.838470459 0.001896775 0.999997735 0.000960066 -2.813533068 -0.412689149 -0.000091719 0.910872042 104.540794373
0.904728472 -0.002296299 0.425982445 6.098224640 0.001993998 0.999997258 0.001155603 -2.830702782 -0.425983876 -0.000196099 0.904730678 105.056701660
0.898233831 -0.002582289 0.439510286 6.363166809 0.001945661 0.999996245 0.001898978 -2.858167171 -0.439513564 -0.000850589 0.898235500 105.517944336
0.892279029 -0.002830774 0.451475471 6.632537842 0.002531722 0.999995947 0.001266426 -2.860745192 -0.451477230 0.000013006 0.892282605 106.033149719
0.886673629 -0.004035862 0.462378234 6.896129608 0.003882500 0.999991655 0.001283186 -2.872565508 -0.462379545 0.000657416 0.886681855 106.505630493
0.879444361 -0.004061929 0.475984424 7.182491302 0.004247311 0.999990761 0.000686195 -2.880466223 -0.475982845 0.001418184 0.879453480 106.991714478
0.872370541 -0.004363596 0.488825798 7.463222504 0.004387366 0.999989808 0.001096799 -2.900726080 -0.488825560 0.001187843 0.872380674 107.452789307
