1.000000000 0.000000000 0.000000000 0.000000000 0.000000000 1.000000000 0.000000000 0.000000000 0.000000000 0.000000000 1.000000000 0.000000000
1.000000000 0.000058810 0.000056779 -0.000529731 -0.000058819 1.000000000 0.000157328 -0.000412229 -0.000056770 -0.000157332 1.000000000 0.000139792
1.000000000 0.000050642 0.000088840 -0.001103380 -0.000050642 1.000000000 -0.000000520 0.000398444 -0.000088840 0.000000515 1.000000000 0.000112120
1.000000000 0.000058716 0.000003916 -0.000423391 -0.000058716 1.000000000 0.000042383 -0.000628693 -0.000003914 -0.000042383 1.000000000 -0.000587555
1.000000000 0.000109430 0.000187756 -0.001432306 -0.000109443 1.000000000 0.000067755 -0.000290122 -0.000187748 -0.000067775 1.000000000 0.000622266
1.000000000 -0.000133154 -0.000022795 -0.000117153 0.000133154 1.000000000 0.000019313 -0.000211490 0.000022792 -0.000019316 1.000000000 -0.000158564
1.000000000 0.000089931 0.000119967 -0.001845352 -0.000089942 1.000000000 0.000091124 -0.000531033 -0.000119959 -0.000091135 1.000000000 -0.000867887
1.000000000 0.000049071 0.000095846 -0.001329014 -0.000049070 1.000000000 -0.000008490 -0.000350102 -0.000095846 0.000008485 1.000000000 -0.000868188
1.000000000 0.000077019 0.000186897 -0.001799289 -0.000077027 1.000000000 0.000041517 -0.000918888 -0.000186894 -0.000041531 1.000000000 -0.001526508
1.000000000 0.000105304 0.000158489 -0.002075011 -0.000105332 1.000000000 0.000180998 -0.001068450 -0.000158470 -0.000181015 1.000000000 0.000546311
1.000000000 0.000041488 0.000144784 -0.001119672 -0.000041510 1.000000000 0.000148660 -0.001182179 -0.000144778 -0.000148666 1.000000000 -0.000715989
1.000000000 0.000086031 0.000163899 -0.001516085 -0.000086051 1.000000000 0.000123242 -0.001261378 -0.000163889 -0.000123256 1.000000000 -0.000345513
1.000000000 0.000013405 0.000157426 -0.001186270 -0.000013418 1.000000000 0.000081211 0.000311997 -0.000157425 -0.000081213 1.000000000 0.000352962
1.000000000 0.000153334 0.000158354 -0.002148248 -0.000153321 1.000000000 -0.000080520 0.000824169 -0.000158366 0.000080496 1.000000000 -0.000189549
0.999999940 0.000256292 0.000145604 -0.001741693 -0.000256288 0.999999940 -0.000025654 0.001077097 -0.000145611 0.000025617 1.000000000 0.001334923
0.999999940 0.000286493 0.000231058 -0.002247212 -0.000286496 0.999999940 0.000013250 0.000632638 -0.000231054 -0.000013316 1.000000000 0.001363002
0.999999940 0.000330567 0.000232046 -0.002401599 -0.000330565 0.999999940 -0.000010015 0.000852498 -0.000232049 0.000009938 1.000000000 0.000845494
0.999999940 0.000195909 0.000221436 -0.001941375 -0.000195918 1.000000000 0.000041770 0.001233363 -0.000221428 -0.000041814 1.000000000 0.002296787
0.999999940 0.000206412 0.000275917 -0.002649047 -0.000206397 1.000000000 -0.000051634 0.001276273 -0.000275928 0.000051577 0.999999940 0.001367621
0.999999940 0.000230780 0.000244197 -0.002420356 -0.000230788 1.000000000 0.000032518 0.000938775 -0.000244190 -0.000032574 0.999999940 0.002144212
0.999999940 0.000259715 0.000197096 -0.002787177 -0.000259704 0.999999940 -0.000059053 0.001886545 -0.000197111 0.000059002 1.000000000 0.002455858
0.999999940 0.000304879 0.000197647 -0.002066323 -0.000304873 0.999999940 -0.000031803 0.001303183 -0.000197656 0.000031742 1.000000000 0.002267613
0.999999881 0.000337705 0.000272152 -0.003000382 -0.000337718 0.999999940 0.000047249 0.001162320 -0.000272136 -0.000047341 0.999999940 0.001676427
0.999999881 0.000405175 0.000204636 -0.002784000 -0.000405184 0.999999940 0.000048180 0.001204606 -0.000204616 -0.000048263 1.000000000 0.002977988
0.999999940 0.000270120 0.000230315 -0.001812206 -0.000270123 0.999999940 0.000015388 0.001395944 -0.000230311 -0.000015450 1.000000000 0.001611641
0.999999940 0.000249327 0.000220776 -0.002490437 -0.000249322 0.999999940 -0.000023126 0.002293070 -0.000220782 0.000023071 1.000000000 0.003590439
0.999999881 0.000359504 0.000260726 -0.002789050 -0.000359531 0.999999940 0.000100993 0.000697279 -0.000260690 -0.000101087 0.999999940 0.002191737
0.999999940 0.000338532 0.000134845 -0.002044218 -0.000338524 0.999999940 -0.000066267 0.001708902 -0.000134868 0.000066222 1.000000000 0.001519234
0.999999881 0.000394614 0.000189743 -0.002453266 -0.000394594 0.999999940 -0.000108713 0.002637376 -0.000189786 0.000108638 1.000000000 0.002581093
0.999999940 0.000338987 0.000207146 -0.001768743 -0.000338981 0.999999940 -0.000028797 0.001418440 -0.000207156 0.000028727 1.000000000 0.002552292
0.999999881 0.000297026 0.000366654 -0.003180428 -0.000297020 0.999999940 -0.000016247 0.001261317 -0.000366659 0.000016138 0.999999940 0.002486059
0.999999940 0.000328171 0.000202898 -0.001839379 -0.000328159 0.999999940 -0.000058529 0.001732699 -0.000202917 0.000058463 1.000000000 0.002716296
0.999999881 0.000381382 0.000259213 -0.001643046 -0.000381394 0.999999940 0.000046839 0.000407317 -0.000259195 -0.000046937 0.999999940 0.001170391
0.999999821 0.000482743 0.000339576 -0.003326762 -0.000482739 0.999999881 -0.000011518 0.001047842 -0.000339581 0.000011354 0.999999940 0.002410585
0.999999881 0.000404861 0.000220434 -0.001672181 -0.000404836 0.999999940 -0.000114506 0.001661170 -0.000220481 0.000114416 0.999999940 0.002516748
0.999999940 0.000293388 0.000203995 -0.001934833 -0.000293380 0.999999940 -0.000038111 0.001541501 -0.000204006 0.000038051 1.000000000 0.002589872
0.999999881 0.000390628 0.000219466 -0.002935913 -0.000390603 0.999999940 -0.000112075 0.003180400 -0.000219509 0.000111989 0.999999940 0.003035331
0.999999881 0.000431493 0.000300016 -0.002795025 -0.000431497 0.999999881 0.000015999 0.000923420 -0.000300009 -0.000016129 0.999999940 0.002591787
0.999999940 0.000366102 0.000195975 -0.001057103 -0.000366099 0.999999940 -0.000013406 0.001736033 -0.000195980 0.000013335 1.000000000 0.000776671
0.999999940 0.000181453 0.000173938 -0.001855151 -0.000181432 1.000000000 -0.000121114 0.001324953 -0.000173960 0.000121082 1.000000000 0.001818022
0.999999881 0.000362074 0.000358967 -0.002136688 -0.000361867 0.999999762 -0.000575069 -0.002130633 -0.000359175 0.000574939 0.999999762 0.048260204
0.999999762 0.000524896 0.000385858 -0.003176206 -0.000524403 0.999999046 -0.001275405 -0.003017791 -0.000386527 0.001275203 0.999999106 0.136714861
0.999997497 0.002118003 -0.000742937 0.004912816 -0.002119296 0.999996245 -0.001743400 -0.005171366 0.000739241 0.001744971 0.999998212 0.252410322
0.999997020 0.002378499 -0.000674312 0.007030991 -0.002379447 0.999996185 -0.001408658 -0.010118490 0.000670959 0.001410259 0.999998808 0.384313285
0.999996960 0.002409076 -0.000618564 0.008663500 -0.002409752 0.999996543 -0.001094621 -0.014689153 0.000615924 0.001096108 0.999999285 0.529105306
0.999997973 0.001898887 -0.000668614 0.012856058 -0.001899626 0.999997675 -0.001106676 -0.020202786 0.000666510 0.001107944 0.999999166 0.681663811
0.999997973 0.001852608 -0.000767969 0.017078416 -0.001853235 0.999997854 -0.000817068 -0.024002155 0.000766454 0.000818490 0.999999344 0.841874838
0.999997735 0.002021139 -0.000628813 0.016663730 -0.002021540 0.999997795 -0.000638452 -0.029476138 0.000627521 0.000639722 0.999999583 1.017251849
0.999997437 0.002118387 -0.000757086 0.022906559 -0.002119083 0.999997318 -0.000919311 -0.032492228 0.000755136 0.000920913 0.999999225 1.192846179
0.999997377 0.002224424 -0.000524827 0.025183499 -0.002224641 0.999997437 -0.000413979 -0.039128359 0.000523905 0.000415146 0.999999762 1.377877712
0.999997020 0.002366537 -0.000598226 0.030664211 -0.002366804 0.999997139 -0.000446754 -0.043454882 0.000597167 0.000448169 0.999999702 1.570179462
0.999997973 0.001860471 -0.000782834 0.036092240 -0.001860677 0.999998212 -0.000261766 -0.050338756 0.000782346 0.000263222 0.999999642 1.770395041
0.999997497 0.002162389 -0.000536669 0.036380235 -0.002162385 0.999997675 0.000007540 -0.056109395 0.000536684 -0.000006379 0.999999881 1.972561121
0.999997914 0.001950673 -0.000651025 0.040815819 -0.001950608 0.999998033 0.000100857 -0.063382432 0.000651220 -0.000099587 0.999999762 2.183223486
0.999997795 0.002073801 -0.000374924 0.043237582 -0.002073773 0.999997854 0.000075396 -0.067328162 0.000375079 -0.000074618 0.999999881 2.403697729
0.999997556 0.002155695 -0.000499627 0.047899235 -0.002155798 0.999997675 -0.000206042 -0.072250850 0.000499182 0.000207119 0.999999881 2.622825861
0.999997377 0.002225234 -0.000391427 0.053749874 -0.002225192 0.999997497 0.000108657 -0.082140505 0.000391668 -0.000107786 0.999999940 2.847876549
0.999998093 0.001949007 -0.000219410 0.056822326 -0.001949021 0.999998212 -0.000066205 -0.085825279 0.000219281 0.000066633 1.000000000 3.089487314
0.999998093 0.001893607 -0.000371985 0.063318215 -0.001893470 0.999998093 0.000367536 -0.096987195 0.000372680 -0.000366830 0.999999881 3.324322939
0.999997914 0.002018160 -0.000209373 0.065176629 -0.002018134 0.999998093 0.000123588 -0.100910783 0.000209622 -0.000123165 0.999999940 3.575924873
0.999997616 0.002151205 -0.000190163 0.069317132 -0.002151150 0.999997616 0.000286969 -0.108146667 0.000190780 -0.000286559 1.000000000 3.830718994
0.999997735 0.002116177 -0.000159294 0.075602144 -0.002116150 0.999997675 0.000175573 -0.111377180 0.000159665 -0.000175235 1.000000000 4.088243484
0.999997199 0.002372789 0.000230631 0.080238625 -0.002372853 0.999997139 0.000273604 -0.115325831 -0.000229981 -0.000274151 1.000000000 4.348591328
0.999997318 0.002279089 0.000258514 0.083510809 -0.002279052 0.999997377 -0.000144572 -0.121455885 -0.000258842 0.000143983 1.000000000 4.607527733
0.999996543 0.002623459 0.000129149 0.089890957 -0.002623541 0.999996305 0.000637128 -0.137055412 -0.000127477 -0.000637465 0.999999702 4.865611076
0.999996006 0.002820509 0.000102402 0.094381034 -0.002820603 0.999995589 0.000932665 -0.143951133 -0.000099771 -0.000932950 0.999999523 5.124213219
0.999996305 0.002719723 0.000208686 0.097801022 -0.002719806 0.999996185 0.000397654 -0.149157345 -0.000207603 -0.000398220 0.999999881 5.394474030
0.999995947 0.002853973 0.000245946 0.103632309 -0.002854110 0.999995768 0.000555776 -0.155780479 -0.000244359 -0.000556476 0.999999821 5.662998199
0.999996722 0.002568069 0.000026775 0.105316460 -0.002568075 0.999996662 0.000243394 -0.160866752 -0.000026150 -0.000243462 1.000000000 5.939414024
0.999996841 0.002464696 0.000481298 0.106661603 -0.002464979 0.999996722 0.000589054 -0.175029010 -0.000479844 -0.000590238 0.999999702 6.213792801
0.999996126 0.002653100 0.000841723 0.111264981 -0.002653614 0.999996245 0.000610372 -0.181494534 -0.000840100 -0.000612603 0.999999523 6.501441002
0.999996424 0.002631929 0.000414000 0.118836083 -0.002632153 0.999996305 0.000541789 -0.187995657 -0.000412573 -0.000542877 0.999999762 6.791138649
0.999994993 0.003128602 0.000435489 0.124780975 -0.003128808 0.999994934 0.000471483 -0.193286538 -0.000434012 -0.000472843 0.999999762 7.096083641
0.999996722 0.002520258 0.000443090 0.134374082 -0.002520495 0.999996662 0.000535474 -0.200107828 -0.000441739 -0.000536589 0.999999702 7.401144981
0.999995589 0.002884240 0.000696907 0.135821983 -0.002884797 0.999995530 0.000799919 -0.213370159 -0.000694597 -0.000801926 0.999999464 7.703056812
0.999997854 0.002063405 0.000288815 0.150391668 -0.002063575 0.999997616 0.000588659 -0.220650956 -0.000287600 -0.000589253 0.999999702 8.025885582
0.999997437 0.002241887 0.000374150 0.155125573 -0.002242164 0.999997139 0.000743276 -0.229779318 -0.000372482 -0.000744113 0.999999583 8.348283768
0.999997616 0.002125540 0.000519932 0.161199510 -0.002125837 0.999997556 0.000570666 -0.237526834 -0.000518718 -0.000571770 0.999999642 8.675691605
0.999997318 0.002200597 0.000743698 0.164465174 -0.002200957 0.999997377 0.000483045 -0.246376544 -0.000742633 -0.000484681 0.999999583 9.013979912
0.999996185 0.002731851 0.000523524 0.168655917 -0.002732301 0.999995887 0.000861617 -0.260932028 -0.000521168 -0.000863044 0.999999464 9.351694107
0.999995053 0.003085593 0.000673222 0.177148342 -0.003086445 0.999994397 0.001267867 -0.283819109 -0.000669305 -0.001269939 0.999998987 9.668695450
0.999996006 0.002652179 0.000880098 0.186301127 -0.002652952 0.999996006 0.000879502 -0.282360792 -0.000877762 -0.000881833 0.999999166 10.042534828
0.999995053 0.003009222 0.000924417 0.183147192 -0.003010122 0.999994993 0.000974034 -0.298408628 -0.000921482 -0.000976812 0.999999046 10.406864166
0.999996066 0.002663359 0.000843935 0.194295108 -0.002664195 0.999995887 0.000990965 -0.309565932 -0.000841292 -0.000993209 0.999999166 10.758769989
0.999997556 0.002151407 0.000628346 0.202918112 -0.002152035 0.999997139 0.001000155 -0.317768127 -0.000626192 -0.001001505 0.999999344 11.124306679
0.999997079 0.002256955 0.000943952 0.210064918 -0.002258120 0.999996603 0.001234534 -0.330093652 -0.000941163 -0.001236662 0.999998808 11.500051498
0.999995351 0.002952550 0.000782571 0.224895597 -0.002953849 0.999994397 0.001663776 -0.347952336 -0.000777654 -0.001666080 0.999998271 11.866563797
0.999995291 0.002822425 0.001190259 0.227311596 -0.002824461 0.999994516 0.001712727 -0.362429351 -0.001185419 -0.001716081 0.999997854 12.263851166
0.999995649 0.002698311 0.001157074 0.239871189 -0.002700530 0.999994457 0.001919889 -0.373888403 -0.001151887 -0.001923006 0.999997556 12.651730537
0.999994636 0.002957602 0.001409891 0.244102225 -0.002960798 0.999993026 0.002269889 -0.385281682 -0.001403168 -0.002274052 0.999996364 13.053792000
0.999995828 0.002653975 0.001079464 0.261366248 -0.002656309 0.999994099 0.002166768 -0.399305761 -0.001073707 -0.002169626 0.999997079 13.455403328
0.999995470 0.002719775 0.001325884 0.264986604 -0.002722057 0.999994814 0.001722266 -0.406611443 -0.001321193 -0.001725866 0.999997675 13.875966072
0.999993980 0.003227718 0.001360844 0.273781747 -0.003231281 0.999991298 0.002623930 -0.422295839 -0.001352363 -0.002628312 0.999995589 14.270934105
0.999992490 0.003335658 0.001986775 0.277850211 -0.003340474 0.999991477 0.002425444 -0.439217269 -0.001978668 -0.002432063 0.999995053 14.687173843
0.999992788 0.003361743 0.001757060 0.290373027 -0.003366185 0.999991179 0.002531225 -0.444089293 -0.001748535 -0.002537122 0.999995232 15.129358292
0.999992847 0.002995196 0.002313038 0.297012210 -0.003002166 0.999990940 0.003015767 -0.469415128 -0.002303984 -0.003022690 0.999992788 15.561804771
0.999992967 0.002968783 0.002296842 0.307050943 -0.002976074 0.999990463 0.003177073 -0.480604827 -0.002287389 -0.003183887 0.999992251 16.008165359
0.999988496 0.003657244 0.003149672 0.315932691 -0.003666559 0.999988914 0.002956512 -0.492293835 -0.003138825 -0.002968026 0.999990642 16.444753647
0.999986768 0.003802076 0.003497326 0.323498517 -0.003811764 0.999988854 0.002767571 -0.502369583 -0.003486766 -0.002780865 0.999990046 16.903745651
0.999985993 0.003844466 0.003631079 0.330867171 -0.003855707 0.999987781 0.003093966 -0.520700872 -0.003619141 -0.003107924 0.999988556 17.354505539
0.999987245 0.003649917 0.003506736 0.344915599 -0.003661378 0.999987960 0.003267306 -0.531724095 -0.003494768 -0.003280104 0.999988556 17.819253922
0.999983668 0.003728269 0.004312641 0.351323336 -0.003741182 0.999988496 0.002990133 -0.538761377 -0.004301444 -0.003006218 0.999986231 18.290115356
0.999983311 0.003526024 0.004582599 0.357591063 -0.003541029 0.999988317 0.003270216 -0.563397944 -0.004571015 -0.003286389 0.999984145 18.753700256
0.999982536 0.003490560 0.004776534 0.370840847 -0.003505280 0.999989152 0.003076826 -0.572911084 -0.004765742 -0.003093515 0.999983907 19.236982346
0.999980211 0.004167193 0.004714144 0.383333862 -0.004181222 0.999986768 0.002969846 -0.593000710 -0.004701707 -0.002989498 0.999984503 19.726785660
0.999979675 0.004212529 0.004790007 0.390257001 -0.004226497 0.999986768 0.002909644 -0.604239762 -0.004777687 -0.002929830 0.999984324 20.217319489
0.999981642 0.003474047 0.004965154 0.401418239 -0.003492458 0.999987185 0.003704496 -0.625968635 -0.004952220 -0.003721769 0.999980807 20.708021164
0.999986947 0.003133770 0.004040604 0.416183084 -0.003150495 0.999986529 0.004139645 -0.640603006 -0.004027578 -0.004152321 0.999983251 21.202730179
0.999986291 0.003702884 0.003708232 0.430218607 -0.003719196 0.999983311 0.004401668 -0.658442616 -0.003691871 -0.004415398 0.999983430 21.728717804
0.999984741 0.004277778 0.003502636 0.441195935 -0.004291814 0.999982715 0.004009580 -0.665876389 -0.003485423 -0.004024551 0.999985874 22.246471405
0.999988854 0.003669139 0.002943678 0.455430269 -0.003681387 0.999984562 0.004166344 -0.683942378 -0.002928346 -0.004177135 0.999986947 22.748041153
0.999991357 0.003367446 0.002425248 0.465911716 -0.003378076 0.999984682 0.004392693 -0.701138258 -0.002410419 -0.004400848 0.999987423 23.267711639
0.999988854 0.004033955 0.002423013 0.468969613 -0.004044432 0.999982417 0.004335021 -0.717761040 -0.002405483 -0.004344773 0.999987602 23.783681870
0.999995708 0.002526893 0.001420851 0.486783087 -0.002532664 0.999988496 0.004074611 -0.729229808 -0.001410539 -0.004078193 0.999990702 24.316419601
0.999992073 0.003831888 0.001079110 0.492100716 -0.003836415 0.999983728 0.004225338 -0.743727386 -0.001062902 -0.004229445 0.999990463 24.854694366
0.999991000 0.004190370 0.000599777 0.498892397 -0.004192990 0.999981344 0.004435996 -0.760777354 -0.000581178 -0.004438471 0.999989986 25.403991699
0.999991000 0.004242752 -0.000085211 0.509426355 -0.004242331 0.999981046 0.004455087 -0.769948781 0.000104112 -0.004454685 0.999990046 25.946666718
0.999990046 0.004406399 -0.000666478 0.523330569 -0.004403468 0.999980927 0.004337493 -0.785526633 0.000685578 -0.004334515 0.999990344 26.501142502
0.999992073 0.003907226 -0.000778167 0.530904412 -0.003903493 0.999981165 0.004742554 -0.798187613 0.000796682 -0.004739479 0.999988437 27.059726715
0.999991775 0.003821909 -0.001377033 0.539589643 -0.003815280 0.999981284 0.004785371 -0.814315617 0.001395297 -0.004780078 0.999987602 27.612211227
0.999990165 0.003986037 -0.001960227 0.548831403 -0.003977190 0.999981940 0.004496889 -0.826256990 0.001978117 -0.004489048 0.999987960 28.153392792
0.999985874 0.004999748 -0.001766436 0.557645977 -0.004991186 0.999975860 0.004818575 -0.839569986 0.001790485 -0.004809691 0.999986827 28.713830948
0.999986529 0.004828970 -0.001905986 0.567456424 -0.004819449 0.999976039 0.004968639 -0.855327308 0.001929934 -0.004959387 0.999985814 29.260290146
0.999986053 0.004621355 -0.002564521 0.577571332 -0.004609093 0.999978065 0.004766782 -0.868034422 0.002586494 -0.004754895 0.999985337 29.803625107
0.999984801 0.004691061 -0.002906740 0.589398861 -0.004676531 0.999976635 0.004985522 -0.883485556 0.002930060 -0.004971854 0.999983311 30.356370926
0.999981642 0.005345597 -0.002867262 0.598101497 -0.005331951 0.999974549 0.004746132 -0.899394393 0.002892560 -0.004730757 0.999984622 30.900804520
0.999982953 0.004894762 -0.003188729 0.606435657 -0.004878634 0.999975324 0.005045977 -0.911414266 0.003213349 -0.005030335 0.999982178 31.451391220
0.999979794 0.005337830 -0.003474842 0.613404512 -0.005321370 0.999974668 0.004729157 -0.924981475 0.003499996 -0.004710570 0.999982834 31.989410400
0.999978602 0.005366281 -0.003743000 0.623366654 -0.005349377 0.999975443 0.004511570 -0.931600869 0.003767118 -0.004491450 0.999982834 32.562442780
0.999976635 0.005314784 -0.004307927 0.626118183 -0.005294529 0.999974906 0.004699796 -0.945714235 0.004332797 -0.004676877 0.999979675 33.105842590
0.999979258 0.005098931 -0.003940536 0.635125518 -0.005081188 0.999976993 0.004499870 -0.956936359 0.003963389 -0.004479754 0.999982119 33.654747009
0.999980986 0.004693598 -0.003999030 0.643060207 -0.004673821 0.999976933 0.004940741 -0.970172703 0.004022127 -0.004921957 0.999979794 34.206378937
0.999977231 0.005046127 -0.004466897 0.655303836 -0.005024565 0.999975741 0.004824722 -0.982318878 0.004491135 -0.004802169 0.999978364 34.740364075
0.999977231 0.004491379 -0.005038761 0.670879722 -0.004466344 0.999977767 0.004968396 -0.999478579 0.005060963 -0.004945778 0.999975026 35.267803192
0.999976695 0.004448302 -0.005170219 0.683620095 -0.004424961 0.999979973 0.004516975 -1.002654195 0.005190208 -0.004493993 0.999976456 35.825008392
0.999972463 0.005261663 -0.005236847 0.685940146 -0.005238608 0.999976516 0.004406648 -1.013995647 0.005259912 -0.004379094 0.999976575 36.392391205
0.999969304 0.004782263 -0.006208280 0.698194921 -0.004757351 0.999980628 0.004021157 -1.024004936 0.006227389 -0.003991499 0.999972701 36.938461304
0.999968886 0.005285093 -0.005854051 0.700606525 -0.005262522 0.999978721 0.003864222 -1.036346197 0.005874347 -0.003833296 0.999975443 37.480968475
0.999973893 0.004558074 -0.005618353 0.715907693 -0.004536614 0.999982417 0.003826666 -1.050127268 0.005635697 -0.003801077 0.999976873 38.027614594
0.999967575 0.004917588 -0.006376951 0.737985551 -0.004892226 0.999980092 0.003986635 -1.059280872 0.006396429 -0.003955308 0.999971747 38.597518921
0.999969482 0.004870370 -0.006107456 0.741629779 -0.004845106 0.999979675 0.004144766 -1.073844552 0.006127518 -0.004115048 0.999972761 39.143013000
0.999967754 0.004459477 -0.006675558 0.750674367 -0.004431729 0.999981523 0.004165742 -1.085375547 0.006694011 -0.004136023 0.999969065 39.687572479
0.999968648 0.004285393 -0.006660938 0.757357299 -0.004261458 0.999984503 0.003603361 -1.094845772 0.006676276 -0.003574862 0.999971390 40.238090515
0.999969125 0.004119966 -0.006685334 0.773040056 -0.004097813 0.999986172 0.003323896 -1.108615041 0.006698934 -0.003296398 0.999972105 40.768653870
0.999968827 0.004368016 -0.006579456 0.776625335 -0.004344556 0.999984145 0.003575770 -1.118643284 0.006594970 -0.003547073 0.999971986 41.322086334
0.999961555 0.005216069 -0.007059094 0.787241399 -0.005191506 0.999980390 0.003493489 -1.125453353 0.007077178 -0.003456708 0.999969006 41.866092682
0.999967754 0.004566401 -0.006606712 0.793564081 -0.004543273 0.999983490 0.003511445 -1.139344692 0.006622639 -0.003481315 0.999971926 42.411193848
0.999969780 0.003862099 -0.006748710 0.807149410 -0.003840804 0.999987662 0.003165349 -1.148984194 0.006760850 -0.003139333 0.999972224 42.961528778
0.999962032 0.004575697 -0.007426215 0.826521456 -0.004545638 0.999981463 0.004059354 -1.176640511 0.007444652 -0.004025442 0.999964118 43.465091705
0.999966204 0.004834273 -0.006651232 0.814702392 -0.004809958 0.999981701 0.003666968 -1.184136391 0.006668838 -0.003634853 0.999971151 44.033176422
0.999965727 0.004972369 -0.006622511 0.820493221 -0.004947028 0.999980390 0.003837387 -1.194739699 0.006641461 -0.003804493 0.999970734 44.578800201
0.999966085 0.004660978 -0.006783020 0.826578736 -0.004634514 0.999981582 0.003911847 -1.208281279 0.006801127 -0.003880279 0.999969363 45.123863220
0.999967754 0.004496142 -0.006657072 0.832081437 -0.004472530 0.999983668 0.003557634 -1.218817949 0.006672959 -0.003527745 0.999971509 45.676651001
0.999964356 0.005278518 -0.006585530 0.836919188 -0.005256257 0.999980450 0.003393225 -1.227962017 0.006603312 -0.003358488 0.999972582 46.225189209
0.999967158 0.005033117 -0.006348696 0.837269545 -0.005010621 0.999981046 0.003554354 -1.244885564 0.006366466 -0.003522426 0.999973536 46.759101868
0.999962151 0.005036501 -0.007085920 0.852325678 -0.005008388 0.999979556 0.003979614 -1.255063415 0.007105818 -0.003943975 0.999966979 47.312606812
0.999968946 0.005029444 -0.006068787 0.855198324 -0.005008652 0.999981463 0.003436573 -1.269367576 0.006085958 -0.003406069 0.999975622 47.842277527
0.999969363 0.004605067 -0.006345117 0.862803042 -0.004586158 0.999984980 0.002991458 -1.283604860 0.006358798 -0.002962266 0.999975383 48.383796692
0.999973595 0.004306273 -0.005844318 0.868272066 -0.004285453 0.999984443 0.003570136 -1.297903419 0.005859600 -0.003544996 0.999976575 48.925457001
0.999973416 0.004169025 -0.005991338 0.870636582 -0.004147036 0.999984682 0.003677867 -1.313955784 0.006006579 -0.003652923 0.999975324 49.469558716
0.999973118 0.004368457 -0.005876968 0.889398634 -0.004348052 0.999984503 0.003480268 -1.323662758 0.005892079 -0.003454622 0.999976695 50.021171570
0.999975681 0.003759399 -0.005877309 0.892247319 -0.003735086 0.999984384 0.004142324 -1.338142753 0.005892790 -0.004120270 0.999974132 50.553836823
0.999976158 0.003799719 -0.005765229 0.896444142 -0.003777089 0.999985099 0.003931155 -1.352906346 0.005780081 -0.003909285 0.999975622 51.092617035
0.999975622 0.003896971 -0.005778733 0.903103113 -0.003877035 0.999986529 0.003456948 -1.362007380 0.005792127 -0.003434459 0.999977350 51.637214661
0.999972522 0.003374139 -0.006590024 0.908820927 -0.003348992 0.999987125 0.003823264 -1.382415533 0.006602839 -0.003801089 0.999970973 52.167247772
0.999975681 0.004155531 -0.005602149 0.913262606 -0.004137138 0.999985993 0.003290681 -1.382000089 0.005615745 -0.003267424 0.999978900 52.709392548
0.999976993 0.003620334 -0.005731962 0.920225441 -0.003599646 0.999987006 0.003615491 -1.397352934 0.005744975 -0.003594775 0.999977052 53.247329712
0.999975741 0.004070064 -0.005663455 0.923878789 -0.004049616 0.999985278 0.003617361 -1.414653897 0.005678094 -0.003594339 0.999977410 53.798656464
0.999974966 0.004133300 -0.005729415 0.934858799 -0.004117048 0.999987483 0.002845413 -1.419451475 0.005741104 -0.002821754 0.999979556 54.337627411
0.999976754 0.004402952 -0.005210816 0.932897091 -0.004389289 0.999986887 0.002630719 -1.430265903 0.005222331 -0.002607787 0.999982953 54.881515503
0.999975920 0.004792358 -0.005025044 0.940676808 -0.004779221 0.999985099 0.002623228 -1.444780350 0.005037542 -0.002599149 0.999983966 55.429599762
0.999980390 0.003173926 -0.005397129 0.948812962 -0.003159628 0.999991477 0.002655678 -1.456784844 0.005405513 -0.002638573 0.999981880 55.938934326
0.999982476 0.003399437 -0.004847224 0.947836399 -0.003387703 0.999991357 0.002426884 -1.464227438 0.004855432 -0.002410421 0.999985337 56.485122681
0.999979496 0.003051668 -0.005625887 0.968330145 -0.003036974 0.999991953 0.002618560 -1.486269712 0.005633833 -0.002601421 0.999980748 57.016342163
0.999977887 0.003368383 -0.005716125 0.973585725 -0.003352788 0.999990642 0.002735519 -1.499105811 0.005725286 -0.002716294 0.999979913 57.551193237
0.999981284 0.003263913 -0.005165322 0.971089244 -0.003248899 0.999990463 0.002912308 -1.515647411 0.005174777 -0.002895472 0.999982417 58.080764771
0.999982715 0.003406851 -0.004783667 0.973087490 -0.003393735 0.999990463 0.002747084 -1.528233886 0.004792980 -0.002730802 0.999984801 58.602516174
0.999979675 0.004009467 -0.004951178 0.978240609 -0.003993732 0.999986947 0.003183866 -1.542613268 0.004963879 -0.003164027 0.999982655 59.143444061
0.999984384 0.003551894 -0.004295417 0.983455718 -0.003539853 0.999989808 0.002807449 -1.551699162 0.004305345 -0.002792200 0.999986827 59.678089142
0.999984026 0.003137284 -0.004701206 0.994376421 -0.003126148 0.999992251 0.002374267 -1.565468907 0.004708618 -0.002359532 0.999986112 60.205532074
0.999984324 0.003277152 -0.004551644 0.999238670 -0.003263626 0.999990284 0.002975836 -1.577330112 0.004561351 -0.002960935 0.999985158 60.761985779
0.999983072 0.003648330 -0.004521955 0.999748945 -0.003636837 0.999990165 0.002547198 -1.593649626 0.004531202 -0.002530709 0.999986470 61.273765564
0.999984622 0.003453043 -0.004332315 1.009600163 -0.003442068 0.999990880 0.002538017 -1.602729082 0.004341039 -0.002523066 0.999987364 61.812454224
0.999982119 0.004316710 -0.004129274 1.013310552 -0.004306800 0.999987900 0.002405840 -1.621858478 0.004139610 -0.002388013 0.999988556 62.348064423
0.999985814 0.002958070 -0.004431392 1.028927684 -0.002947734 0.999992907 0.002337557 -1.630408406 0.004438276 -0.002324462 0.999987423 62.867847443
0.999984682 0.003888902 -0.003941872 1.029722810 -0.003880418 0.999990165 0.002157591 -1.640691638 0.003950224 -0.002142262 0.999989927 63.409431458
0.999988079 0.004105536 -0.002673541 1.032761931 -0.004099380 0.999989033 0.002303879 -1.661246657 0.002682970 -0.002292891 0.999993861 63.965457916
0.999982476 0.004091649 -0.004276385 1.049342632 -0.004083213 0.999989688 0.001979521 -1.668985963 0.004284439 -0.001962025 0.999988914 64.451904297
0.999982774 0.003764855 -0.004485216 1.062298417 -0.003754238 0.999990106 0.002373106 -1.684362054 0.004494106 -0.002356227 0.999987066 64.968376160
0.999987125 0.002924528 -0.004145948 1.072949290 -0.002914734 0.999992907 0.002366404 -1.697786093 0.004152839 -0.002354289 0.999988616 65.513671875
0.999987781 0.002783019 -0.004065949 1.072051525 -0.002775028 0.999994159 0.001969653 -1.707356572 0.004071407 -0.001958346 0.999989808 66.052055359
0.999986708 0.003554236 -0.003719673 1.065607071 -0.003547680 0.999992132 0.001767917 -1.723440886 0.003725928 -0.001754697 0.999991536 66.580383301
0.999987841 0.003362849 -0.003605919 1.073025346 -0.003355146 0.999992073 0.002140103 -1.738753796 0.003613087 -0.002127979 0.999991179 67.107002258
0.999987304 0.003343583 -0.003748896 1.088036060 -0.003337154 0.999992907 0.001720034 -1.749948263 0.003754621 -0.001707502 0.999991477 67.654830933
0.999986768 0.003218171 -0.004008615 1.098333716 -0.003214709 0.999994457 0.000870023 -1.759003758 0.004011393 -0.000857124 0.999991596 68.206428528
0.999985456 0.003992368 -0.003609986 1.108464599 -0.003988154 0.999991357 0.001173885 -1.775998950 0.003614641 -0.001159471 0.999992788 68.722549438
0.999982834 0.004159129 -0.004151239 1.112644076 -0.004151597 0.999989748 0.001821473 -1.795305133 0.004158772 -0.001804208 0.999989748 69.239570618
0.999981642 0.004380245 -0.004181149 1.123686314 -0.004374261 0.999989390 0.001439214 -1.809521675 0.004187409 -0.001420898 0.999990284 69.780090332
0.999987364 0.003821916 -0.003310612 1.111029148 -0.003818322 0.999992132 0.001091361 -1.824410200 0.003314758 -0.001078706 0.999993861 70.314552307
0.999987423 0.003381534 -0.003700875 1.127106309 -0.003377519 0.999993622 0.001090899 -1.834413886 0.003704540 -0.001078386 0.999992549 70.861251831
0.999989152 0.002890839 -0.003659029 1.135079145 -0.002885829 0.999994874 0.001373677 -1.850803494 0.003662981 -0.001363102 0.999992371 71.391372681
0.999988854 0.003078958 -0.003581902 1.142521262 -0.003074314 0.999994457 0.001301192 -1.864940763 0.003585888 -0.001290166 0.999992728 71.929748535
0.999988675 0.003221283 -0.003501539 1.151252508 -0.003217030 0.999994099 0.001219175 -1.879926562 0.003505446 -0.001207897 0.999993145 72.464363098
0.999989390 0.002808723 -0.003651968 1.164140463 -0.002803642 0.999995053 0.001395813 -1.895404458 0.003655871 -0.001385559 0.999992371 73.018981934
0.999989867 0.002869068 -0.003455491 1.165273905 -0.002864083 0.999994814 0.001446635 -1.907747507 0.003459623 -0.001436724 0.999992967 73.523490906
0.999989331 0.003188803 -0.003341844 1.181005955 -0.003184793 0.999994159 0.001204548 -1.923478246 0.003345664 -0.001193892 0.999993682 74.058914185
0.999987245 0.003911539 -0.003200956 1.186050057 -0.003906440 0.999991059 0.001597954 -1.932728648 0.003207178 -0.001585429 0.999993563 74.616279602
0.999987364 0.003337553 -0.003747085 1.202007174 -0.003331760 0.999993265 0.001551504 -1.954044580 0.003752238 -0.001539000 0.999991715 75.133537292
0.999988794 0.003205483 -0.003478538 1.214582205 -0.003201435 0.999994218 0.001168499 -1.967869282 0.003482263 -0.001157349 0.999993265 75.638153076
0.999989271 0.003349400 -0.003207170 1.214555860 -0.003345832 0.999993801 0.001117398 -1.980571270 0.003210893 -0.001106656 0.999994218 76.171340942
0.999990880 0.003027730 -0.003002666 1.226152301 -0.003025878 0.999995291 0.000621167 -1.992295027 0.003004533 -0.000612075 0.999995291 76.723510742
0.999988377 0.003909492 -0.002863192 1.228744268 -0.003906874 0.999991953 0.000919708 -2.009757280 0.002866765 -0.000908511 0.999995470 77.254241943
0.999988139 0.003529346 -0.003360832 1.236171603 -0.003524747 0.999992788 0.001373097 -2.028537989 0.003365654 -0.001361235 0.999993324 77.783470154
0.999989867 0.002977882 -0.003381666 1.251307487 -0.002975004 0.999995232 0.000855420 -2.040158272 0.003384197 -0.000845351 0.999993861 78.313552856
0.999988675 0.003660839 -0.003042659 1.258481145 -0.003659010 0.999993205 0.000606444 -2.050405502 0.003044858 -0.000595304 0.999995232 78.866165161
0.999989748 0.003211563 -0.003165604 1.266881347 -0.003208482 0.999994397 0.000977571 -2.067871094 0.003168725 -0.000967405 0.999994516 79.399391174
0.999990165 0.003343466 -0.002956643 1.276166201 -0.003340944 0.999994040 0.000857270 -2.081170797 0.002959492 -0.000847383 0.999995291 79.937210083
0.999991179 0.003660786 -0.002065822 1.285032153 -0.003659404 0.999993086 0.000672054 -2.090689182 0.002068268 -0.000664488 0.999997556 80.465965271
0.999993920 0.003438264 -0.000500698 1.293142438 -0.003437968 0.999993980 0.000591126 -2.105767965 0.000502727 -0.000589401 0.999999642 81.013336182
0.999993682 0.003532770 0.000391945 1.310177207 -0.003533160 0.999993265 0.000997963 -2.124835253 -0.000388416 -0.000999341 0.999999404 81.518989563
0.999992371 0.003540615 0.001679874 1.315713048 -0.003542071 0.999993324 0.000864666 -2.140506029 -0.001676801 -0.000870610 0.999998212 82.070129395
0.999982834 0.003249201 0.004871959 1.339801073 -0.003252649 0.999994457 0.000699955 -2.150200844 -0.004869658 -0.000715790 0.999987900 82.595542908
0.999955475 0.003765080 0.008651095 1.348192215 -0.003769731 0.999992788 0.000521299 -2.156068087 -0.008649069 -0.000553888 0.999962449 83.179290771
0.999930024 0.003153011 0.011400224 1.374064326 -0.003157911 0.999994934 0.000411886 -2.172223806 -0.011398867 -0.000447858 0.999934912 83.695220947
0.999871612 0.002790624 0.015777269 1.396200895 -0.002794033 0.999996066 0.000194095 -2.187952042 -0.015776668 -0.000238152 0.999875426 84.245941162
0.999751806 0.003821849 0.021945087 1.420020700 -0.003829371 0.999992609 0.000300758 -2.202088356 -0.021943774 -0.000384719 0.999759138 84.809417725
0.999613345 0.003170677 0.027625090 1.457124829 -0.003174510 0.999994874 0.000094919 -2.218324661 -0.027624650 -0.000182578 0.999618292 85.347129822
0.999395847 0.003001367 0.034625608 1.483971119 -0.003032354 0.999995053 0.000842458 -2.237538338 -0.034622908 -0.000946946 0.999400020 85.895408630
0.999105155 0.003430366 0.042156428 1.523476362 -0.003435030 0.999994099 0.000038184 -2.241252422 -0.042156048 -0.000182958 0.999110997 86.457008362
0.998717248 0.003016714 0.050544132 1.569578648 -0.003000028 0.999995410 -0.000405998 -2.254079580 -0.050545122 0.000253843 0.998721719 87.015563965
0.998346031 0.002338279 0.057443999 1.622467041 -0.002323430 0.999997258 -0.000325292 -2.267141581 -0.057444599 0.000191287 0.998348653 87.558837891
0.997777581 0.002564753 0.066581629 1.668331146 -0.002582891 0.999996662 0.000186351 -2.285062790 -0.066580921 -0.000357910 0.997780979 88.112617493
0.997039139 0.002945537 0.076839179 1.732463360 -0.002958119 0.999995649 0.000049924 -2.297082901 -0.076838687 -0.000277076 0.997043550 88.627845764
0.996359408 0.002700806 0.085209556 1.797737598 -0.002671761 0.999996245 -0.000454900 -2.306470394 -0.085210480 0.000225584 0.996363044 89.160301208
0.995716095 0.002125465 0.092438728 1.864806175 -0.002061742 0.999997556 -0.000784846 -2.321966410 -0.092440173 0.000590899 0.995718122 89.717338562
0.994673491 0.002450543 0.103046507 1.940653324 -0.002370557 0.999996722 -0.000898668 -2.330905914 -0.103048392 0.000649603 0.994676113 90.288101196
0.993552566 0.002905906 0.113335051 2.028314590 -0.002859421 0.999995887 -0.000572704 -2.345697880 -0.113336220 0.000244939 0.993556678 90.829093933
0.992437899 0.001422772 0.122740380 2.118825912 -0.001282239 0.999998450 -0.001223928 -2.355711460 -0.122741945 0.001057289 0.992438078 91.359176636
0.990959525 0.001524896 0.134152338 2.210553169 -0.001372137 0.999998331 -0.001231144 -2.371153831 -0.134153992 0.001035939 0.990959942 91.886802673
0.989178360 0.001727854 0.146708667 2.308665276 -0.001631179 0.999998391 -0.000779256 -2.388078690 -0.146709755 0.000531515 0.989179432 92.435394287
0.987582922 0.000660763 0.157097474 2.419713020 -0.000483145 0.999999225 -0.001168805 -2.397011757 -0.157098085 0.001078391 0.987582386 92.972236633
0.985873401 0.001264118 0.167487293 2.547883987 -0.001162479 0.999998987 -0.000704881 -2.426394224 -0.167488009 0.000500223 0.985873938 93.520484924
0.983601630 0.000636914 0.180353463 2.664694786 -0.000566728 0.999999702 -0.000440682 -2.442871094 -0.180353686 0.000331245 0.983601749 94.038223267
0.981263995 0.000659858 0.192666844 2.783302307 -0.000525406 0.999999523 -0.000748937 -2.451897621 -0.192667276 0.000633677 0.981263936 94.598640442
0.979147255 0.000633142 0.203151017 2.910158157 -0.000510606 0.999999642 -0.000655587 -2.465701580 -0.203151405 0.000538186 0.979147196 95.135726929
0.976339281 0.000867735 0.216242686 3.054197311 -0.000877699 0.999999583 -0.000049957 -2.483162880 -0.216242671 -0.000141021 0.976339638 95.669273376
0.973419368 -0.000934666 0.229028195 3.196826935 0.001145717 0.999999046 -0.000788540 -2.494464397 -0.229027241 0.001029982 0.973419487 96.168601990
0.970714152 -0.001169370 0.240234688 3.347145081 0.001346526 0.999998927 -0.000573287 -2.510981798 -0.240233779 0.000879980 0.970714688 96.691635132
0.968061090 -0.001413711 0.250710338 3.517965317 0.001512286 0.999998808 -0.000200536 -2.549289227 -0.250709772 0.000573277 0.968062103 97.190032959
0.964386225 -0.001295269 0.264495194 3.685848236 0.001265697 0.999999106 0.000282228 -2.569298744 -0.264495343 0.000062594 0.964387000 97.713150024
0.960904539 -0.001402317 0.276876360 3.852605820 0.001677191 0.999998331 -0.000755955 -2.565434456 -0.276874781 0.001190775 0.960905254 98.280052185
0.957435310 -0.001707507 0.288642734 4.028734207 0.002052419 0.999997556 -0.000892299 -2.580301523 -0.288640440 0.001446735 0.957436442 98.796592712
0.953195930 -0.001791792 0.302347988 4.212520599 0.001892376 0.999998212 -0.000039742 -2.597674131 -0.302347362 0.000610038 0.953197598 99.301696777
0.948745966 -0.002594250 0.316028923 4.419242859 0.002654390 0.999996483 0.000240164 -2.612548113 -0.316028416 0.000611009 0.948749483 99.826194763
0.944766343 -0.002382174 0.327736050 4.620920181 0.002355573 0.999997079 0.000478131 -2.623265743 -0.327736259 0.000320284 0.944769144 100.328460693
0.940119326 -0.002611626 0.340835214 4.828460693 0.002935566 0.999995530 -0.000434720 -2.637379408 -0.340832591 0.001409233 0.940122902 100.856796265
0.934854269 -0.003568242 0.355013549 5.043859482 0.004074412 0.999991417 -0.000678199 -2.652849913 -0.355008066 0.002080489 0.934860945 101.362426758
0.930251777 -0.003528201 0.366904646 5.264152527 0.003813949 0.999992728 -0.000053851 -2.670779467 -0.366901815 0.001449451 0.930258512 101.866638184
0.925409079 -0.003611710 0.378952533 5.499151230 0.003843547 0.999992609 0.000144686 -2.697548151 -0.378950298 0.001322628 0.925416231 102.376159668
0.919461429 -0.004044128 0.393159360 5.777317047 0.004080430 0.999991357 0.000743453 -2.714527369 -0.393159002 0.000920683 0.919470012 102.956977844
0.913729966 -0.004533498 0.406296551 6.024314880 0.004502703 0.999989331 0.001031745 -2.726153374 -0.406296879 0.000886696 0.913740695 103.456909180
0.908838272 -0.005381566 0.417113811 6.274616241 0.005769932 0.999983311 0.000329746 -2.734381676 -0.417108595 0.002107032 0.908854127 103.949035645
0.903026938 -0.005311014 0.429551184 6.533195496 0.005567851 0.999984324 0.000658853 -2.748293161 -0.429547995 0.001796715 0.903042197 104.440513611
0.896505296 -0.005559531 0.442998111 6.802398682 0.005698409 0.999983251 0.001017574 -2.766369104 -0.442996383 0.001612124 0.896521866 104.947860718
0.890775740 -0.006079593 0.454402536 7.077228546 0.006808106 0.999976754 0.000032916 -2.770065784 -0.454392195 0.003064300 0.890796363 105.428901672
0.885005951 -0.006699302 0.465531588 7.360866547 0.007205597 0.999973834 0.000691961 -2.789771557 -0.465524018 0.002742043 0.885030925 105.906852722
0.877238750 -0.006032030 0.480016440 7.638675690 0.006286869 0.999979675 0.001076676 -2.809612751 -0.480013132 0.002073299 0.877258778 106.401298523
0.869994581 -0.006469342 0.493018895 7.920814514 0.006679110 0.999976873 0.001335450 -2.824779987 -0.493016005 0.002131093 0.870017648 106.857070923
