1.000000000 0.000000000 0.000000000 0.000000000 0.000000000 1.000000000 0.000000000 0.000000000 0.000000000 0.000000000 1.000000000 0.000000000
0.999999940 0.000229862 0.000141940 -0.001102393 -0.000229855 1.000000000 -0.000049031 0.000601828 -0.000141951 0.000048999 1.000000000 -0.000340900
1.000000000 0.000204327 0.000051638 0.005486764 -0.000204327 1.000000000 -0.000005155 0.002504014 -0.000051639 0.000005145 1.000000000 -0.002749482
1.000000000 0.000168547 0.000003442 0.002135688 -0.000168547 1.000000000 -0.000006304 0.001584048 -0.000003443 0.000006304 1.000000000 -0.003183116
1.000000000 0.000191570 0.000143333 -0.002312456 -0.000191563 1.000000000 -0.000046150 0.001043733 -0.000143342 0.000046122 1.000000000 -0.000673700
1.000000000 0.000076794 0.000012675 0.000537151 -0.000076795 1.000000000 0.000043945 0.001404812 -0.000012672 -0.000043945 1.000000000 -0.004075235
1.000000000 0.000150412 0.000141796 -0.004121825 -0.000150405 1.000000000 -0.000051342 0.002344256 -0.000141804 0.000051321 1.000000000 0.000656115
1.000000000 0.000197202 0.000061486 -0.000277807 -0.000197200 1.000000000 -0.000024251 -0.000115901 -0.000061491 0.000024238 1.000000000 -0.003955384
1.000000000 0.000147190 0.000045275 0.001595816 -0.000147188 1.000000000 -0.000037911 0.000085431 -0.000045281 0.000037905 1.000000000 -0.003052275
1.000000000 0.000196288 0.000057305 0.000682877 -0.000196287 1.000000000 -0.000017373 0.001983908 -0.000057309 0.000017361 1.000000000 -0.009267898
1.000000000 0.000094829 0.000074533 0.001251352 -0.000094827 1.000000000 -0.000022964 -0.001341827 -0.000074535 0.000022957 1.000000000 -0.001744276
1.000000000 0.000044493 0.000055824 -0.001799562 -0.000044490 1.000000000 -0.000056375 -0.000457870 -0.000055827 0.000056373 1.000000000 -0.005233800
1.000000000 0.000079529 0.000070708 0.002036979 -0.000079528 1.000000000 -0.000010330 0.000585828 -0.000070709 0.000010324 1.000000000 0.000856164
1.000000000 -0.000078316 0.000047300 -0.002210173 0.000078314 1.000000000 0.000058554 0.000461571 -0.000047305 -0.000058550 1.000000000 -0.001408898
1.000000000 -0.000171055 0.000008264 0.000155534 0.000171055 1.000000000 0.000015223 -0.001106425 -0.000008267 -0.000015221 1.000000000 -0.003097412
1.000000000 -0.000028643 0.000025849 0.000335634 0.000028645 1.000000000 -0.000047017 -0.000813444 -0.000025848 0.000047018 1.000000000 -0.003514504
0.999999940 0.000315884 0.000159915 -0.001994981 -0.000315895 0.999999940 0.000063642 0.000177987 -0.000159895 -0.000063692 1.000000000 -0.010608356
1.000000000 -0.000024417 0.000035329 0.000866442 0.000024418 1.000000000 -0.000007115 -0.000144976 -0.000035328 0.000007116 1.000000000 -0.006369432
1.000000000 0.000071937 0.000070349 -0.000158889 -0.000071936 1.000000000 -0.000009186 -0.000798695 -0.000070350 0.000009181 1.000000000 -0.011153076
1.000000000 -0.000031541 -0.000011210 0.002468976 0.000031542 1.000000000 0.000056988 -0.001858937 0.000011208 -0.000056988 1.000000000 -0.007974059
0.999999940 0.000180030 0.000207483 -0.004106897 -0.000180021 1.000000000 -0.000042231 0.000275616 -0.000207491 0.000042194 1.000000000 -0.001615944
1.000000000 -0.000094863 0.000035829 0.001200722 0.000094863 1.000000000 -0.000009790 0.000400085 -0.000035828 0.000009793 1.000000000 -0.006360288
1.000000000 -0.000051996 0.000039589 0.000630743 0.000051995 1.000000000 0.000037589 0.000352186 -0.000039591 -0.000037587 1.000000000 -0.009002341
1.000000000 0.000148103 -0.000010227 0.006395179 -0.000148103 1.000000000 0.000042696 -0.000575425 0.000010233 -0.000042694 1.000000000 -0.013268081
1.000000000 0.000025456 0.000076295 0.000562498 -0.000025462 1.000000000 0.000083314 -0.001469622 -0.000076293 -0.000083316 1.000000000 -0.006216359
0.999999940 0.000231978 0.000171319 -0.005265379 -0.000231958 0.999999940 -0.000116586 0.000651692 -0.000171346 0.000116547 1.000000000 -0.007421980
1.000000000 0.000123217 0.000175483 -0.006065587 -0.000123234 1.000000000 0.000098059 0.000442843 -0.000175471 -0.000098081 1.000000000 -0.007414019
1.000000000 -0.000043726 0.000114713 -0.006307472 0.000043735 1.000000000 -0.000075080 0.005271072 -0.000114710 0.000075085 1.000000000 -0.007137248
1.000000000 -0.000141527 0.000024869 -0.000902829 0.000141527 1.000000000 0.000014443 -0.000606872 -0.000024871 -0.000014440 1.000000000 -0.001322996
1.000000000 0.000009540 0.000147141 -0.001992475 -0.000009548 1.000000000 0.000054696 -0.000300406 -0.000147141 -0.000054698 1.000000000 -0.004524217
1.000000000 -0.000003368 0.000170333 -0.004050355 0.000003353 1.000000000 0.000083987 0.001247067 -0.000170333 -0.000083987 1.000000000 -0.004633626
1.000000000 -0.000107735 -0.000008340 0.000687180 0.000107735 1.000000000 0.000039670 -0.000363562 0.000008336 -0.000039671 1.000000000 -0.006782919
1.000000000 0.000065466 0.000113346 -0.004293968 -0.000065454 1.000000000 -0.000107915 0.001479744 -0.000113353 0.000107907 1.000000000 -0.003314264
1.000000000 0.000046941 0.000009290 -0.001000484 -0.000046940 1.000000000 -0.000103968 0.006023589 -0.000009295 0.000103968 1.000000000 0.001556283
1.000000000 0.000031095 0.000060853 -0.003887321 -0.000031086 1.000000000 -0.000141169 0.003168692 -0.000060858 0.000141167 1.000000000 -0.005500705
1.000000000 -0.000140568 -0.000032514 -0.001168766 0.000140567 1.000000000 -0.000013227 0.000040071 0.000032516 0.000013222 1.000000000 -0.004325064
1.000000000 -0.000024407 0.000080686 -0.003156345 0.000024402 1.000000000 0.000065882 0.000180647 -0.000080688 -0.000065880 1.000000000 -0.002776312
1.000000000 0.000188959 0.000144315 -0.003276849 -0.000188979 1.000000000 0.000135023 -0.000547281 -0.000144289 -0.000135050 1.000000000 -0.009002083
1.000000000 -0.000191336 -0.000084430 0.001324528 0.000191345 1.000000000 0.000100917 -0.002423112 0.000084411 -0.000100933 1.000000000 -0.003227641
1.000000000 0.000203370 0.000034995 0.004169333 -0.000203347 0.999999762 -0.000648072 -0.005574528 -0.000035126 0.000648065 0.999999762 0.039910231
1.000000000 0.000039004 -0.000095233 0.006868377 -0.000039126 0.999999166 -0.001277148 -0.002903702 0.000095183 0.001277152 0.999999166 0.140882999
1.000000000 0.000116761 -0.000188423 0.009573547 -0.000117037 0.999998927 -0.001464389 -0.011387122 0.000188252 0.001464411 0.999998927 0.260643393
1.000000000 0.000035864 0.000038242 -0.000399523 -0.000035808 0.999998927 -0.001457305 -0.014016516 -0.000038294 0.001457303 0.999998927 0.390606761
1.000000000 0.000089429 -0.000177468 0.007026287 -0.000089642 0.999999285 -0.001198684 -0.019099182 0.000177361 0.001198700 0.999999285 0.530374527
0.999999940 0.000321455 0.000006398 0.017676678 -0.000321446 0.999998987 -0.001377727 -0.026506489 -0.000006841 0.001377725 0.999999046 0.683770418
1.000000000 -0.000115465 0.000074359 0.026177865 0.000115518 0.999999762 -0.000711071 -0.032692499 -0.000074277 0.000711079 0.999999762 0.860198319
1.000000000 0.000072410 0.000078458 0.018646378 -0.000072346 0.999999642 -0.000808543 -0.025395580 -0.000078517 0.000808537 0.999999642 1.041541815
0.999999821 0.000370628 0.000433811 0.012626094 -0.000370277 0.999999583 -0.000809358 -0.042448625 -0.000434111 0.000809198 0.999999583 1.253696203
1.000000000 0.000032524 0.000006124 0.034028571 -0.000032521 0.999999762 -0.000650822 -0.048218921 -0.000006145 0.000650822 0.999999762 1.451596141
0.999996901 -0.002493822 -0.000071519 0.005199261 0.002493828 0.999996841 0.000081368 -0.068163477 0.000071316 -0.000081546 1.000000000 1.715086460
0.999996543 -0.002639539 0.000147239 0.013113633 0.002639493 0.999996424 0.000313730 -0.075853452 -0.000148066 -0.000313340 0.999999940 1.907176137
0.999994934 -0.003185444 -0.000085520 0.007795949 0.003185495 0.999994755 0.000608668 -0.081255406 0.000083581 -0.000608938 0.999999821 2.146056175
0.999994814 -0.003218400 -0.000088113 0.012711421 0.003218446 0.999994636 0.000533522 -0.086521514 0.000086396 -0.000533803 0.999999881 2.376596212
0.999996424 -0.002689131 0.000268774 0.013268068 0.002688971 0.999996185 0.000595775 -0.090308383 -0.000270375 -0.000595050 0.999999821 2.580921888
0.999994993 -0.003175819 -0.000158186 0.026365153 0.003175949 0.999994636 0.000829594 -0.101967745 0.000155551 -0.000830092 0.999999702 2.812001705
0.999991655 -0.004026423 -0.000687884 0.034506142 0.004027142 0.999991357 0.001047307 -0.114913292 0.000683661 -0.001050069 0.999999166 3.143440008
0.999991059 -0.004158497 -0.000764048 0.042005461 0.004159428 0.999990642 0.001221969 -0.122211628 0.000758959 -0.001225136 0.999998987 3.393754482
0.999991417 -0.004083164 -0.000653418 0.047296390 0.004083786 0.999991238 0.000955470 -0.124732666 0.000649510 -0.000958130 0.999999344 3.641838551
0.999993205 -0.003677457 -0.000375559 0.046502750 0.003677861 0.999992669 0.001081487 -0.136002585 0.000371579 -0.001082861 0.999999344 3.889143705
0.999990582 -0.004232991 -0.000961163 0.055609576 0.004234232 0.999990284 0.001293347 -0.141409755 0.000955679 -0.001297405 0.999998808 4.124606609
0.999987721 -0.004944416 -0.000407240 0.035030220 0.004944987 0.999986768 0.001413600 -0.163718790 0.000400245 -0.001415596 0.999998868 4.456718445
0.999989629 -0.004554776 -0.000302023 0.034255188 0.004555326 0.999987900 0.001847655 -0.171393663 0.000293604 -0.001849012 0.999998212 4.708694935
0.999988556 -0.004777518 -0.000373570 0.043520413 0.004778209 0.999986827 0.001873481 -0.181360483 0.000364614 -0.001875245 0.999998152 4.967331886
0.999987662 -0.004946263 -0.000501105 0.047786109 0.004947220 0.999985874 0.001927107 -0.187339172 0.000491566 -0.001929562 0.999998033 5.239051342
0.999987841 -0.004946518 -0.000168623 0.054098949 0.004946813 0.999986172 0.001796926 -0.196818337 0.000159732 -0.001797738 0.999998391 5.508963108
0.999990880 -0.004264133 -0.000023159 0.039340451 0.004264164 0.999989629 0.001612692 -0.206061617 0.000016282 -0.001612776 0.999998689 5.825175762
0.999994099 -0.003420760 0.000107621 0.046700992 0.003420626 0.999993443 0.001220217 -0.203681722 -0.000111794 -0.001219841 0.999999285 6.105514526
0.999991179 -0.004180973 -0.000252761 0.054807540 0.004181349 0.999990106 0.001501409 -0.220930815 0.000246481 -0.001502452 0.999998808 6.369072437
0.999992251 -0.003924369 0.000130360 0.054219391 0.003924157 0.999991059 0.001589002 -0.224344909 -0.000136595 -0.001588478 0.999998748 6.644867897
0.999990582 -0.004331408 0.000060627 0.061279144 0.004331304 0.999989331 0.001617581 -0.237388313 -0.000067633 -0.001617303 0.999998689 6.921358585
0.999991119 -0.004213032 0.000086896 0.041176781 0.004212823 0.999988496 0.002279037 -0.284203410 -0.000096496 -0.002278650 0.999997377 7.326473713
0.999991715 -0.004059460 0.000062138 0.054849427 0.004059309 0.999989271 0.002259224 -0.291686118 -0.000071308 -0.002258953 0.999997437 7.623223305
0.999989152 -0.004648915 -0.000200256 0.067976177 0.004649390 0.999986291 0.002440896 -0.299000651 0.000188905 -0.002441801 0.999997020 7.921717644
0.999988139 -0.004876754 -0.000276564 0.074422866 0.004877468 0.999984682 0.002645822 -0.320670992 0.000263657 -0.002647140 0.999996483 8.216166496
0.999987066 -0.005063976 -0.000438199 0.086836986 0.005065178 0.999983311 0.002786113 -0.326007634 0.000424083 -0.002788296 0.999996006 8.536165237
0.999987841 -0.004895917 -0.000426610 0.071395554 0.004897009 0.999984562 0.002596923 -0.335548341 0.000413889 -0.002598980 0.999996543 8.930601120
0.999989748 -0.004521427 -0.000022222 0.078827746 0.004521472 0.999985874 0.002788834 -0.345045179 0.000009612 -0.002788906 0.999996185 9.257944107
0.999987841 -0.004896554 -0.000400741 0.084421143 0.004897526 0.999984920 0.002458337 -0.348347962 0.000388697 -0.002460270 0.999996901 9.602233887
0.999989033 -0.004662739 -0.000146585 0.087465741 0.004663127 0.999985218 0.002769563 -0.363190949 0.000133669 -0.002770216 0.999996126 9.935897827
0.999988735 -0.004732852 -0.000242683 0.102695391 0.004733559 0.999984324 0.002995368 -0.373302370 0.000228503 -0.002996483 0.999995470 10.273219109
0.999987781 -0.004926359 -0.000270752 0.100741193 0.004927158 0.999983191 0.003035420 -0.376676321 0.000255794 -0.003036717 0.999995351 10.643935204
0.999984801 -0.005508912 -0.000233971 0.096760847 0.005509577 0.999980509 0.002943005 -0.404137552 0.000217753 -0.002944250 0.999995649 11.100673676
0.999984145 -0.005642762 -0.000071982 0.104228117 0.005642978 0.999978185 0.003453669 -0.417153180 0.000052492 -0.003454020 0.999994040 11.457075119
0.999987364 -0.005020948 -0.000079073 0.104492404 0.005021162 0.999982893 0.002988244 -0.421054989 0.000064068 -0.002988603 0.999995530 11.831068993
0.999980271 -0.006279808 -0.000345750 0.116676420 0.006280966 0.999974310 0.003454550 -0.434404969 0.000324047 -0.003456653 0.999993980 12.202569008
0.999975264 -0.006995466 -0.000724043 0.152418479 0.006997763 0.999970317 0.003220428 -0.434145808 0.000701493 -0.003225415 0.999994576 12.601041794
0.999980032 -0.006313496 -0.000302323 0.156924635 0.006314536 0.999973714 0.003573517 -0.441357821 0.000279754 -0.003575354 0.999993622 13.019140244
0.999980152 -0.006275355 -0.000522072 0.130616620 0.006277148 0.999974132 0.003506094 -0.488916457 0.000500056 -0.003509301 0.999993682 13.497133255
0.999977708 -0.006631802 -0.000800782 0.145269573 0.006634482 0.999972284 0.003390860 -0.492287457 0.000778272 -0.003396097 0.999993861 13.891696930
0.999979436 -0.006367853 -0.000785914 0.156143785 0.006370858 0.999972165 0.003882424 -0.512338102 0.000761170 -0.003887351 0.999992192 14.298424721
0.999981403 -0.006087333 -0.000245439 0.165890813 0.006088225 0.999974191 0.003815538 -0.513858616 0.000222206 -0.003816962 0.999992728 14.732695580
0.999986053 -0.005264264 0.000194198 0.164763391 0.005263353 0.999976337 0.004426152 -0.537045419 -0.000217493 -0.004425069 0.999990225 15.157810211
0.999967337 -0.008062192 -0.000598001 0.187710211 0.008064812 0.999957323 0.004516195 -0.579410851 0.000561565 -0.004520872 0.999989688 15.606895447
0.999978602 -0.006530016 0.000230858 0.179008394 0.006528869 0.999967754 0.004661471 -0.566182077 -0.000261290 -0.004659863 0.999989152 15.997947693
0.999969959 -0.007751761 -0.000020982 0.191522405 0.007751773 0.999958277 0.004828249 -0.607115865 -0.000016446 -0.004828265 0.999988317 16.499141693
0.999978125 -0.006605390 0.000485232 0.198477894 0.006603184 0.999968469 0.004416348 -0.612802982 -0.000514388 -0.004413047 0.999990106 16.938159943
0.999971032 -0.007581659 0.000672450 0.202189431 0.007578166 0.999958456 0.005053542 -0.631594121 -0.000710736 -0.005048300 0.999987006 17.368928909
0.999974191 -0.007133442 0.000776618 0.211083934 0.007129792 0.999963999 0.004604500 -0.629753053 -0.000809436 -0.004598845 0.999989092 17.841829300
0.999976218 -0.006779466 0.001258528 0.230815157 0.006773408 0.999965608 0.004758014 -0.650284946 -0.001290742 -0.004749376 0.999987841 18.308027267
0.999974251 -0.007075044 0.001190308 0.236702576 0.007068735 0.999961436 0.005223696 -0.653854847 -0.001227220 -0.005215148 0.999985635 18.676925659
0.999972105 -0.007232832 0.001890473 0.247142255 0.007222126 0.999958158 0.005609917 -0.666850507 -0.001930970 -0.005596107 0.999982476 19.213663101
0.999960244 -0.008818222 0.001343787 0.237274691 0.008810762 0.999946296 0.005459537 -0.698885977 -0.001391859 -0.005447480 0.999984205 19.701286316
0.999956369 -0.009287892 0.001059827 0.257954985 0.009282053 0.999942482 0.005387127 -0.710724294 -0.001109801 -0.005377055 0.999984920 20.173807144
0.999956310 -0.009293024 0.001045776 0.273990422 0.009287644 0.999944150 0.005037063 -0.713369250 -0.001092528 -0.005027129 0.999986708 20.652368546
0.999964952 -0.008202558 0.001698971 0.266070604 0.008193614 0.999952793 0.005207388 -0.732595444 -0.001741605 -0.005193283 0.999984980 21.158958435
0.999956965 -0.009160582 0.001461694 0.282970488 0.009152244 0.999942422 0.005611878 -0.742720842 -0.001513018 -0.005598259 0.999983191 21.615713120
0.999971151 -0.007401360 0.001725984 0.299156368 0.007391343 0.999956250 0.005738851 -0.757242560 -0.001768384 -0.005725927 0.999981999 22.177972794
0.999974787 -0.006835964 0.001915537 0.255689055 0.006824227 0.999958396 0.006067683 -0.780881941 -0.001956935 -0.006054460 0.999979734 22.532527924
0.999977529 -0.006610739 0.001201464 0.270968795 0.006603817 0.999962091 0.005677474 -0.785296261 -0.001238951 -0.005669412 0.999983191 23.052186966
0.999972641 -0.007331212 0.000957969 0.282120079 0.007326127 0.999959588 0.005207523 -0.799546003 -0.000996108 -0.005200362 0.999985933 23.580192566
0.999974668 -0.007018112 0.001109164 0.254739463 0.007011369 0.999957561 0.005970161 -0.825453281 -0.001151016 -0.005962235 0.999981523 24.094772339
0.999966323 -0.008195838 -0.000420099 0.281088561 0.008198364 0.999945819 0.006412190 -0.830286562 0.000367523 -0.006415418 0.999979377 24.488277435
0.999960065 -0.008847646 -0.001224447 0.282039642 0.008855454 0.999939442 0.006524402 -0.847957253 0.001166647 -0.006534984 0.999977946 25.031272888
0.999963701 -0.008370570 -0.001589475 0.285201043 0.008380578 0.999944448 0.006397515 -0.859335005 0.001535836 -0.006410603 0.999978244 25.549480438
0.999967396 -0.007819111 -0.002028093 0.287245542 0.007832560 0.999946833 0.006710145 -0.877543151 0.001975517 -0.006725811 0.999975443 25.998695374
0.999965727 -0.007733432 -0.002962426 0.295347244 0.007755498 0.999941766 0.007511185 -0.893933535 0.002904166 -0.007533901 0.999967396 26.525175095
0.999959707 -0.008330981 -0.003356096 0.305433065 0.008353566 0.999942243 0.006772907 -0.899836898 0.003299477 -0.006800669 0.999971449 27.069408417
0.999951661 -0.008932353 -0.004109183 0.289369673 0.008962671 0.999932408 0.007420128 -0.914125621 0.004042625 -0.007456599 0.999964058 27.693569183
0.999962568 -0.008086980 -0.003116462 0.241881281 0.008113104 0.999931276 0.008462816 -0.984947503 0.003047809 -0.008487782 0.999959350 28.065992355
0.999948800 -0.009327595 -0.003946189 0.264044911 0.009361398 0.999918878 0.008636249 -1.006107926 0.003865313 -0.008672749 0.999954939 28.611351013
0.999949455 -0.008963036 -0.004559640 0.272108853 0.009002391 0.999921799 0.008684923 -1.012487888 0.004481440 -0.008725530 0.999951899 29.173782349
0.999948382 -0.009059481 -0.004605227 0.275183082 0.009100223 0.999918938 0.008904496 -1.018373728 0.004524184 -0.008945946 0.999949694 29.717723846
0.999943614 -0.009263571 -0.005178964 0.273323059 0.009311195 0.999913871 0.009248370 -1.041921616 0.005092845 -0.009296072 0.999943793 30.137128830
0.999953687 -0.008203702 -0.005021651 0.278122425 0.008246643 0.999929070 0.008591052 -1.042362928 0.004950816 -0.008632064 0.999950469 30.688787460
0.999938011 -0.009586560 -0.005655956 0.298328221 0.009637675 0.999912262 0.009080408 -1.064968109 0.005568410 -0.009134356 0.999942780 31.252941132
0.999942482 -0.008668703 -0.006316439 0.325073898 0.008728866 0.999916136 0.009560150 -1.089831829 0.006233037 -0.009614736 0.999934316 31.774652481
0.999944329 -0.008603969 -0.006105609 0.288915455 0.008667731 0.999907374 0.010494747 -1.146895647 0.006014747 -0.010547086 0.999926269 32.208843231
0.999935508 -0.009578937 -0.006096935 0.297013313 0.009642777 0.999898076 0.010528972 -1.163781524 0.005995457 -0.010587086 0.999925971 32.761928558
0.999933600 -0.009479752 -0.006549368 0.307018816 0.009544418 0.999905288 0.009913861 -1.158178806 0.006454767 -0.009975714 0.999929368 33.320354462
0.999947727 -0.008143020 -0.006185227 0.272543162 0.008208085 0.999910474 0.010568115 -1.184702039 0.006098617 -0.010618334 0.999924958 33.771820068
0.999934614 -0.009460340 -0.006418181 0.311493337 0.009527858 0.999898732 0.010572274 -1.179676175 0.006317514 -0.010632737 0.999923408 34.424362183
0.999937952 -0.008996053 -0.006575293 0.310076326 0.009070043 0.999894917 0.011311004 -1.214088559 0.006472848 -0.011369940 0.999914348 34.951549530
0.999932766 -0.009426786 -0.006755937 0.276194543 0.009507886 0.999881864 0.012074314 -1.282995701 0.006641318 -0.012137736 0.999904275 35.342365265
0.999927223 -0.009850124 -0.006953447 0.280125320 0.009932326 0.999880016 0.011888098 -1.281882524 0.006835513 -0.011956298 0.999905169 35.894180298
0.999931633 -0.009555786 -0.006738882 0.281174600 0.009638616 0.999877155 0.012367924 -1.306914210 0.006619867 -0.012432033 0.999900758 36.422248840
0.999944568 -0.008356594 -0.006410451 0.274118632 0.008432747 0.999893129 0.011945953 -1.301982522 0.006309938 -0.011999348 0.999908090 37.017036438
0.999943137 -0.008289382 -0.006707819 0.309074759 0.008373816 0.999884844 0.012658890 -1.330228806 0.006602112 -0.012714340 0.999897361 37.512477875
0.999936640 -0.009057032 -0.006702606 0.301149130 0.009136674 0.999886930 0.011948396 -1.323710084 0.006593631 -0.012008878 0.999906123 38.088909149
0.999945402 -0.008028297 -0.006699205 0.311140299 0.008111871 0.999888420 0.012542790 -1.371648312 0.006597759 -0.012596447 0.999898911 38.684562683
0.999914944 -0.010619395 -0.007560135 0.277510792 0.010723577 0.999846220 0.013876031 -1.394444942 0.007411618 -0.013955924 0.999875128 38.995563507
0.999905705 -0.010490917 -0.008854181 0.320856780 0.010612353 0.999848664 0.013781298 -1.415891051 0.008708263 -0.013873963 0.999865830 39.578758240
0.999914825 -0.010137918 -0.008212063 0.301380247 0.010256023 0.999842644 0.014469797 -1.423982859 0.008064078 -0.014552789 0.999861538 40.067787170
0.999899745 -0.010981552 -0.008930682 0.346288413 0.011113133 0.999828458 0.014820039 -1.461340189 0.008766403 -0.014917803 0.999850214 40.666408539
0.999887824 -0.011882465 -0.009119751 0.341290057 0.012015207 0.999820590 0.014641233 -1.459913015 0.008944143 -0.014749166 0.999851167 41.221454620
0.999890089 -0.011169101 -0.009746255 0.386112005 0.011321320 0.999812543 0.015705457 -1.495480776 0.009569014 -0.015814072 0.999829113 41.790279388
0.999896646 -0.010854459 -0.009421763 0.384245962 0.010997223 0.999823451 0.015235413 -1.487122178 0.009254729 -0.015337452 0.999839485 42.359222412
0.999897361 -0.010837737 -0.009364381 0.365209073 0.010971823 0.999836266 0.014387914 -1.465569735 0.009206914 -0.014489181 0.999852598 42.900875092
0.999894202 -0.011635058 -0.008728370 0.338084549 0.011761955 0.999823689 0.014630901 -1.484406948 0.008556601 -0.014732013 0.999854863 43.196079254
0.999896049 -0.011371920 -0.008871759 0.340790421 0.011500264 0.999827981 0.014552019 -1.491470814 0.008704750 -0.014652533 0.999854684 43.731658936
0.999888718 -0.011816019 -0.009098141 0.356893122 0.011945949 0.999825537 0.014361549 -1.489629865 0.008926856 -0.014468637 0.999855459 44.302932739
0.999889195 -0.011538572 -0.009403479 0.367233008 0.011676816 0.999822617 0.014781465 -1.495205641 0.009231253 -0.014889630 0.999846518 44.833282471
0.999901593 -0.010921204 -0.008806442 0.377760649 0.011041417 0.999844968 0.013719354 -1.488986850 0.008655244 -0.013815241 0.999867082 45.346118927
0.999912858 -0.010267142 -0.008289105 0.330230504 0.010389453 0.999835730 0.014850003 -1.552849770 0.008135278 -0.014934829 0.999855399 45.764411926
0.999899566 -0.011050028 -0.008877654 0.346810281 0.011184580 0.999821067 0.015252221 -1.564603567 0.008707529 -0.015349982 0.999844253 46.308742523
0.999921918 -0.009318070 -0.008327191 0.340271503 0.009448255 0.999831557 0.015733663 -1.587211967 0.008179180 -0.015811110 0.999841571 46.848670959
0.999910474 -0.010418889 -0.008385630 0.337542683 0.010546874 0.999826312 0.015365849 -1.577647090 0.008224079 -0.015452920 0.999846756 47.352710724
0.999926507 -0.009195364 -0.007896186 0.342608333 0.009316175 0.999837995 0.015402062 -1.600539565 0.007753279 -0.015474495 0.999850214 47.803169250
0.999935210 -0.008628131 -0.007427628 0.345823556 0.008741281 0.999844134 0.015338448 -1.609747887 0.007294129 -0.015402382 0.999854803 48.350795746
0.999931455 -0.008877916 -0.007633330 0.356839001 0.008992858 0.999844611 0.015157743 -1.617050767 0.007497574 -0.015225349 0.999855995 48.900054932
0.999932706 -0.008214330 -0.008197272 0.369670242 0.008338504 0.999849260 0.015230694 -1.623413324 0.008070926 -0.015298021 0.999850392 49.453357697
0.999928534 -0.008865630 -0.008025844 0.374007076 0.008981781 0.999853730 0.014553542 -1.623285532 0.007895645 -0.014624589 0.999861836 50.002849579
0.999929070 -0.008952900 -0.007852335 0.347620517 0.009076214 0.999833763 0.015811834 -1.650324345 0.007709467 -0.015881982 0.999844074 50.354003906
0.999929190 -0.008648749 -0.008168875 0.360820323 0.008772966 0.999844491 0.015294788 -1.652482033 0.008035325 -0.015365371 0.999849558 50.904197693
0.999934137 -0.008499552 -0.007705657 0.350120604 0.008619013 0.999841034 0.015604849 -1.662168264 0.007571797 -0.015670236 0.999848425 51.458515167
0.999924779 -0.008872446 -0.008474991 0.386480957 0.009000777 0.999843538 0.015226297 -1.655012846 0.008338572 -0.015301430 0.999848068 51.977687836
0.999920130 -0.009337699 -0.008517971 0.386814952 0.009464615 0.999842882 0.014983211 -1.661283970 0.008376724 -0.015062634 0.999851406 52.520328522
0.999923050 -0.009386629 -0.008103168 0.319370538 0.009520185 0.999816835 0.016604062 -1.736265540 0.007945826 -0.016679930 0.999829292 52.929107666
0.999926090 -0.009424229 -0.007682311 0.327914208 0.009553124 0.999811292 0.016917793 -1.739748716 0.007521425 -0.016989931 0.999827385 53.468631744
0.999913931 -0.010197460 -0.008253051 0.340234458 0.010328337 0.999819040 0.015973996 -1.732704878 0.008088663 -0.016057862 0.999838293 54.020195007
0.999915957 -0.009868162 -0.008409915 0.342587322 0.010000351 0.999824762 0.015824012 -1.736063242 0.008252288 -0.015906781 0.999839425 54.613998413
0.999917746 -0.009389488 -0.008734717 0.363729209 0.009525466 0.999831975 0.015658543 -1.733649015 0.008586225 -0.015740454 0.999839306 55.079452515
0.999914289 -0.010310517 -0.008066209 0.333650708 0.010444923 0.999804258 0.016802145 -1.778257370 0.007891390 -0.016884957 0.999826312 55.535030365
0.999931574 -0.009253516 -0.007152733 0.286485046 0.009378501 0.999800384 0.017642098 -1.798770428 0.006988052 -0.017707972 0.999818802 55.879070282
0.999926031 -0.009453699 -0.007648450 0.300664365 0.009586118 0.999801517 0.017465636 -1.799303532 0.007481814 -0.017537661 0.999818265 56.414386749
0.999931455 -0.009001092 -0.007491678 0.309191465 0.009127041 0.999814570 0.016951045 -1.805533528 0.007337712 -0.017018260 0.999828339 56.990318298
0.999934435 -0.008990034 -0.007089779 0.310764790 0.009109358 0.999814212 0.016981609 -1.810963631 0.006935798 -0.017045079 0.999830723 57.554821014
0.999922812 -0.009371247 -0.008153242 0.356873363 0.009502031 0.999824286 0.016152469 -1.792295098 0.008000443 -0.016228696 0.999836385 58.010826111
0.999933064 -0.008831225 -0.007475698 0.285723954 0.008962709 0.999802470 0.017741192 -1.834208965 0.007317543 -0.017807007 0.999814689 58.397792816
0.999938726 -0.008810348 -0.006697894 0.297314882 0.008928595 0.999801040 0.017834241 -1.843614101 0.006539434 -0.017892949 0.999818623 58.943058014
0.999925256 -0.009527118 -0.007664523 0.320839852 0.009660960 0.999798119 0.017619329 -1.829901099 0.007495114 -0.017692061 0.999815464 59.518543243
0.999917090 -0.010051855 -0.008047532 0.335184723 0.010192661 0.999792278 0.017651239 -1.837449908 0.007868433 -0.017731799 0.999811888 60.055362701
0.999926984 -0.009330087 -0.007677324 0.313207895 0.009471922 0.999781132 0.018650273 -1.862195969 0.007501635 -0.018721629 0.999796569 60.347167969
0.999927640 -0.009403224 -0.007504100 0.311849624 0.009538650 0.999788404 0.018219894 -1.867361188 0.007331188 -0.018290155 0.999805808 60.888713837
0.999932468 -0.008842576 -0.007537092 0.331306487 0.008977523 0.999796510 0.018062569 -1.867919564 0.007375839 -0.018129015 0.999808431 61.446285248
0.999940574 -0.008043784 -0.007348950 0.341237068 0.008172718 0.999810219 0.017686429 -1.852892876 0.007205287 -0.017745439 0.999816597 61.953132629
0.999929965 -0.009232201 -0.007402970 0.300025105 0.009369359 0.999781013 0.018711887 -1.889280438 0.007228599 -0.018779937 0.999797523 62.389362335
0.999929130 -0.009012314 -0.007781531 0.309864491 0.009158815 0.999777496 0.019000813 -1.892933488 0.007608558 -0.019070733 0.999789178 62.954700470
0.999922931 -0.009491475 -0.008000657 0.320666850 0.009644285 0.999767601 0.019282298 -1.903428197 0.007815780 -0.019357974 0.999782145 63.517848969
0.999927819 -0.008778657 -0.008206460 0.332452476 0.008931178 0.999784589 0.018737253 -1.907265306 0.008040204 -0.018809192 0.999790788 64.031639099
0.999922633 -0.009833045 -0.007612212 0.302723050 0.009977676 0.999765873 0.019201087 -1.930359125 0.007421623 -0.019275554 0.999786675 64.360450745
0.999927104 -0.009633752 -0.007284014 0.322746396 0.009773823 0.999763131 0.019445376 -1.943931222 0.007094958 -0.019515149 0.999784410 64.891677856
0.999924302 -0.009950740 -0.007242485 0.333183676 0.010080482 0.999785364 0.018103624 -1.913880825 0.007060786 -0.018175261 0.999809921 65.459167480
0.999935150 -0.009009743 -0.006967198 0.341968656 0.009139199 0.999781847 0.018777693 -1.936728477 0.006796498 -0.018840145 0.999799430 66.000106812
0.999922633 -0.009864695 -0.007577707 0.354644299 0.010003224 0.999779522 0.018466134 -1.929190755 0.007393873 -0.018540500 0.999800801 66.535133362
0.999922216 -0.009675771 -0.007862864 0.338992715 0.009824242 0.999769926 0.019068683 -1.950419188 0.007676551 -0.019144448 0.999787271 66.877578735
0.999924242 -0.009477627 -0.007850365 0.340753913 0.009626782 0.999769688 0.019185197 -1.960727930 0.007666726 -0.019259315 0.999785125 67.442298889
0.999938190 -0.008132001 -0.007573874 0.365398586 0.008278879 0.999774218 0.019567620 -1.984357595 0.007413041 -0.019629115 0.999779820 67.951133728
0.999927163 -0.008878512 -0.008173392 0.381744444 0.009035445 0.999771655 0.019368256 -1.979318619 0.007999564 -0.019440696 0.999778986 68.494445801
0.999933660 -0.008752931 -0.007486407 0.372760892 0.008899576 0.999764681 0.019784536 -1.981936455 0.007311473 -0.019849850 0.999776304 68.975906372
0.999932468 -0.008992436 -0.007379251 0.352085292 0.009134025 0.999770403 0.019383444 -2.005420685 0.007203253 -0.019449536 0.999784887 69.369979858
0.999919653 -0.009999654 -0.007803652 0.362546623 0.010152299 0.999752998 0.019772438 -2.014048100 0.007604008 -0.019850075 0.999774098 69.921638489
0.999926090 -0.009369483 -0.007757093 0.377504289 0.009516505 0.999771595 0.019138379 -2.028005123 0.007576005 -0.019210786 0.999786735 70.462760925
0.999946654 -0.007226791 -0.007385779 0.405910790 0.007368906 0.999784768 0.019399354 -2.047731876 0.007243994 -0.019452747 0.999784529 70.919952393
0.999931872 -0.008611463 -0.007890127 0.415781021 0.008762064 0.999776244 0.019255936 -2.041047096 0.007722539 -0.019323761 0.999783456 71.557266235
0.999923944 -0.009516418 -0.007845315 0.427569509 0.009664554 0.999771595 0.019065630 -2.036434650 0.007662085 -0.019140009 0.999787509 72.124237061
0.999908507 -0.010996263 -0.007875666 0.372950315 0.011147713 0.999748588 0.019451482 -2.019921780 0.007659795 -0.019537499 0.999779761 72.520584106
0.999916553 -0.010451847 -0.007591844 0.377745688 0.010599413 0.999750435 0.019664424 -2.028890133 0.007384421 -0.019743253 0.999777853 73.058036804
0.999927759 -0.009585861 -0.007255204 0.334416091 0.009724414 0.999766290 0.019309172 -2.029544830 0.007068412 -0.019378332 0.999787152 73.612937927
0.999907136 -0.011081656 -0.007932636 0.395891130 0.011234717 0.999746382 0.019517869 -2.038196325 0.007714333 -0.019605178 0.999778032 74.118629456
0.999922752 -0.010086888 -0.007263917 0.366486847 0.010225995 0.999759972 0.019375004 -2.049095631 0.007066742 -0.019447787 0.999785900 74.671089172
0.999924958 -0.010046481 -0.007012179 0.360469759 0.010179183 0.999764681 0.019152395 -2.056168079 0.006818115 -0.019222332 0.999792039 75.260734558
0.999904811 -0.011252108 -0.007977757 0.373303294 0.011409880 0.999734581 0.020014856 -2.046863556 0.007750430 -0.020103984 0.999767780 75.575294495
0.999915242 -0.010528864 -0.007658608 0.382120013 0.010678299 0.999748051 0.019739987 -2.050910473 0.007448839 -0.019820092 0.999775767 76.121253967
0.999890566 -0.012307595 -0.008195126 0.400439858 0.012465972 0.999730885 0.019563681 -2.051519871 0.007952140 -0.019663705 0.999774992 76.659568787
0.999891341 -0.011999916 -0.008557079 0.417175114 0.012168113 0.999728262 0.019882504 -2.053490162 0.008316167 -0.019984471 0.999765694 77.187103271
0.999910057 -0.011110813 -0.007515096 0.375708878 0.011257567 0.999741018 0.019775560 -2.080090046 0.007293427 -0.019858385 0.999776125 77.740890503
0.999923527 -0.010898736 -0.005844712 0.348862201 0.011016859 0.999727607 0.020573903 -2.062866688 0.005618893 -0.020636721 0.999771237 78.165069580
0.999937475 -0.010273661 -0.004422386 0.347081423 0.010361101 0.999741673 0.020225391 -2.065336704 0.004213455 -0.020269945 0.999785662 78.709640503
0.999956012 -0.008962882 -0.002745993 0.357038856 0.009016448 0.999756098 0.020158371 -2.075975418 0.002564648 -0.020182244 0.999793053 79.285743713
0.999952435 -0.009563214 -0.001891056 0.357605606 0.009599566 0.999748826 0.020253079 -2.048249722 0.001696897 -0.020270269 0.999793053 79.800071716
0.999948978 -0.010052688 0.000900987 0.355241120 0.010031746 0.999732673 0.020828929 -2.107167721 -0.001110133 -0.020818830 0.999782562 80.238441467
0.999935031 -0.010569325 0.004273724 0.381285667 0.010478008 0.999727607 0.020853193 -2.097418785 -0.004492964 -0.020807058 0.999773324 80.788360596
0.999921679 -0.009680056 0.007923204 0.389784455 0.009516093 0.999745071 0.020476483 -2.096472740 -0.008119397 -0.020399483 0.999758959 81.329277039
0.999879479 -0.009377535 0.012370916 0.421106100 0.009124888 0.999751925 0.020323288 -2.089124918 -0.012558429 -0.020207955 0.999716938 81.851402283
0.999786913 -0.010129661 0.017982727 0.425452709 0.009755483 0.999736607 0.020774793 -2.096689224 -0.018188432 -0.020594940 0.999622464 82.464469910
0.999650359 -0.010407794 0.024305053 0.467398643 0.009914737 0.999744415 0.020319333 -2.089035511 -0.024510320 -0.020071253 0.999498010 82.945068359
0.999509633 -0.010083636 0.029643988 0.454675436 0.009489328 0.999752522 0.020121006 -2.090843439 -0.029839544 -0.019829838 0.999357998 83.500427246
0.999228954 -0.010136897 0.037930176 0.494581461 0.009384331 0.999756634 0.019966511 -2.083912849 -0.038123339 -0.019595169 0.999080956 84.052574158
0.998874009 -0.009743168 0.046430375 0.542661190 0.008795871 0.999749899 0.020563355 -2.105772495 -0.046619110 -0.020131802 0.998709857 84.585227966
0.998541772 -0.011055945 0.052840061 0.583130121 0.009988231 0.999741375 0.020428097 -2.094509125 -0.053052243 -0.019870527 0.998394072 85.135452271
0.998054206 -0.011553057 0.061271578 0.651850700 0.010316717 0.999737620 0.020456171 -2.106345654 -0.061491825 -0.019784248 0.997911453 85.745979309
0.997339666 -0.012249189 0.071857482 0.681901455 0.010824791 0.999737799 0.020178605 -2.092030764 -0.072085805 -0.019347081 0.997210801 86.322456360
0.996664047 -0.010621772 0.080919065 0.788510799 0.008896926 0.999726057 0.021646535 -2.153952122 -0.081126824 -0.020854391 0.996485591 86.781799316
0.995887041 -0.009909160 0.090059392 0.708781242 0.007930037 0.999719679 0.022307063 -2.206699848 -0.090255186 -0.021501143 0.995686531 87.311920166
0.994923472 -0.009373055 0.100196131 0.782748699 0.007140773 0.999718785 0.022614583 -2.199982166 -0.100379914 -0.021784306 0.994710624 87.879463196
0.993704975 -0.008404926 0.111712739 0.854487419 0.005835055 0.999711275 0.023311358 -2.211360216 -0.111876406 -0.022512760 0.993467033 88.418663025
0.992607892 -0.008719180 0.121052563 0.948708534 0.006025490 0.999726474 0.022600479 -2.205252171 -0.121216491 -0.021704014 0.992388785 89.019622803
0.991364717 -0.010409234 0.130719349 1.070412636 0.007447126 0.999704838 0.023128496 -2.215703726 -0.130921483 -0.021955293 0.991149604 89.539825439
0.989684403 -0.010068362 0.142911166 1.224600792 0.006808797 0.999705911 0.023279080 -2.239250660 -0.143103510 -0.022065887 0.989461720 90.174461365
0.987837970 -0.009340736 0.155205891 1.225299835 0.005821965 0.999715984 0.023110751 -2.178951979 -0.155377671 -0.021926075 0.987611771 90.759162903
0.986341774 -0.009310962 0.164448261 1.337410927 0.005542788 0.999711871 0.023358077 -2.182654142 -0.164618328 -0.022127546 0.986109078 91.297233582
0.984181881 -0.009350289 0.176914230 1.438882828 0.005289229 0.999711931 0.023412650 -2.187008619 -0.177082181 -0.022106571 0.983947694 91.826995850
0.981877506 -0.008805513 0.189311907 1.571302414 0.004364705 0.999705791 0.023861771 -2.198102474 -0.189466313 -0.022603050 0.981626987 92.359931946
0.979844928 -0.010476425 0.199484646 1.704242706 0.005826095 0.999697745 0.023884481 -2.194235802 -0.199674591 -0.022240875 0.979609847 92.913894653
0.977030933 -0.010503864 0.212837994 1.844528198 0.005646423 0.999709845 0.023417266 -2.188649893 -0.213022172 -0.021677626 0.976806879 93.477790833
0.973892093 -0.011162678 0.226737246 1.992605209 0.005914721 0.999698997 0.023811776 -2.194661856 -0.226934806 -0.021849010 0.973664820 93.981765747
0.971092701 -0.010977395 0.238449931 2.151170731 0.005519450 0.999707639 0.023544921 -2.211333513 -0.238638654 -0.021548193 0.970869362 94.514732361
0.967813075 -0.009354546 0.251496106 2.283233643 0.003373862 0.999701440 0.024201119 -2.188313484 -0.251647353 -0.022573641 0.967555821 95.171089172
0.964086831 -0.009268656 0.265425473 2.452013016 0.002952160 0.999703109 0.024186702 -2.190147400 -0.265570819 -0.022534508 0.963827968 95.688285828
0.960509837 -0.009417452 0.278086543 2.644571304 0.002874422 0.999709547 0.023927111 -2.184939384 -0.278231084 -0.022182886 0.960258007 96.215866089
0.957335234 -0.011333751 0.288757324 2.842504501 0.004378560 0.999684811 0.024721203 -2.207235336 -0.288946509 -0.022402138 0.957083106 96.749267578
0.952801526 -0.009772396 0.303436488 3.015066147 0.002233675 0.999680281 0.025181623 -2.208101034 -0.303585619 -0.023315310 0.952518761 97.374893188
0.948259473 -0.009974199 0.317339689 3.222488403 0.002178091 0.999687195 0.024912369 -2.210001707 -0.317488909 -0.022932200 0.947984517 97.904083252
0.944262564 -0.010658859 0.329020530 3.417699814 0.002549106 0.999682426 0.025069708 -2.209173679 -0.329183280 -0.022833679 0.943989933 98.410888672
0.939612687 -0.009282636 0.342113853 3.636993408 0.000458893 0.999665320 0.025863757 -2.212819576 -0.342239439 -0.024144918 0.939302504 98.958946228
0.934740365 -0.010697737 0.355170339 3.896791458 0.001668795 0.999667764 0.025718061 -2.218924761 -0.355327487 -0.023447005 0.934447706 99.515914917
0.930089593 -0.011579473 0.367150217 4.126417160 0.002418546 0.999674380 0.025401693 -2.213024855 -0.367324799 -0.022737883 0.929814756 100.091430664
0.925487101 -0.012101529 0.378585875 4.361877441 0.002794061 0.999680400 0.025124539 -2.212555408 -0.378768891 -0.022194643 0.925225019 100.595573425
0.919487655 -0.011444061 0.392952293 4.601497650 0.001521566 0.999672294 0.025553359 -2.215369701 -0.393115938 -0.022898097 0.919203758 101.096618652
0.913840055 -0.011891655 0.405899972 4.833839417 0.001444914 0.999659956 0.026033975 -2.232436180 -0.406071544 -0.023204401 0.913546562 101.584617615
0.909412265 -0.013960553 0.415661424 5.108013153 0.003318719 0.999648154 0.026313625 -2.243626356 -0.415882587 -0.022550471 0.909138680 102.073005676
0.903249204 -0.012736188 0.428927392 5.326118469 0.001824129 0.999664366 0.025841840 -2.192383289 -0.429112554 -0.022559198 0.902969241 102.680694580
0.896395147 -0.012378461 0.443083167 5.588863373 0.001078053 0.999667943 0.025746832 -2.191437006 -0.443254709 -0.022601664 0.896110713 103.180290222
0.890780270 -0.014492378 0.454203039 5.859344482 0.003039506 0.999658942 0.025935324 -2.192636013 -0.454423994 -0.021722125 0.890520573 103.667068481
0.884867191 -0.014625586 0.465613753 6.139549255 0.002781875 0.999655128 0.026113819 -2.196828604 -0.465835065 -0.021811979 0.884602666 104.157653809
0.877330959 -0.014766795 0.479658544 6.395481110 0.002725734 0.999663711 0.025790127 -2.191428900 -0.479878068 -0.021319052 0.877076089 104.668342590
0.870280981 -0.014526895 0.492341518 6.677906036 0.001570718 0.999641776 0.026718704 -2.211653948 -0.492553204 -0.022479447 0.869991958 105.098083496
0.864330649 -0.015341061 0.502689898 7.060440063 0.002003430 0.999631703 0.027061980 -2.219429493 -0.502920032 -0.022383394 0.864042997 105.753540039
