1.000000000 0.000000000 0.000000000 0.000000000 0.000000000 1.000000000 0.000000000 0.000000000 0.000000000 0.000000000 1.000000000 0.000000000
1.000000000 0.000109444 0.000099762 -0.000912883 -0.000109455 1.000000000 0.000102825 -0.000061673 -0.000099750 -0.000102835 1.000000000 0.000349871
1.000000000 0.000079803 0.000137793 -0.001637733 -0.000079802 1.000000000 -0.000008255 0.000366739 -0.000137794 0.000008244 1.000000000 0.000225611
1.000000000 0.000048452 0.000042957 -0.000686384 -0.000048455 1.000000000 0.000050786 -0.000738375 -0.000042955 -0.000050788 1.000000000 -0.000728528
1.000000000 0.000115403 0.000176142 -0.002060952 -0.000115413 1.000000000 0.000052992 -0.000386409 -0.000176136 -0.000053013 1.000000000 -0.000693405
1.000000000 -0.000094479 -0.000010017 0.000059727 0.000094479 1.000000000 -0.000039696 0.000436188 0.000010021 0.000039695 1.000000000 -0.000265052
1.000000000 0.000083956 0.000129391 -0.001896493 -0.000083963 1.000000000 0.000055428 -0.000312707 -0.000129386 -0.000055439 1.000000000 -0.000368257
1.000000000 0.000075736 0.000091188 -0.001606971 -0.000075732 1.000000000 -0.000042213 -0.000030253 -0.000091191 0.000042206 1.000000000 -0.000651472
1.000000000 0.000102133 0.000157594 -0.001456228 -0.000102134 1.000000000 0.000003517 -0.000800698 -0.000157594 -0.000003534 1.000000000 -0.000724075
1.000000000 0.000148310 0.000149104 -0.001943334 -0.000148327 1.000000000 0.000111863 -0.000654991 -0.000149087 -0.000111886 1.000000000 0.000567936
1.000000000 0.000113258 0.000149656 -0.001572610 -0.000113268 1.000000000 0.000062060 -0.000425540 -0.000149649 -0.000062077 1.000000000 0.000068795
0.999999940 0.000160240 0.000185057 -0.001813064 -0.000160243 1.000000000 0.000016850 -0.000891755 -0.000185054 -0.000016880 1.000000000 -0.000888114
1.000000000 0.000095109 0.000149352 -0.001162664 -0.000095113 1.000000000 0.000028578 0.000313651 -0.000149349 -0.000028593 1.000000000 0.000208354
1.000000000 0.000178413 0.000142512 -0.001801936 -0.000178398 1.000000000 -0.000105796 0.000919036 -0.000142530 0.000105770 1.000000000 0.000625043
1.000000000 0.000129377 0.000117820 -0.001621628 -0.000129381 1.000000000 0.000031603 -0.000103279 -0.000117816 -0.000031619 1.000000000 -0.000078309
0.999999940 0.000275819 0.000182141 -0.002249589 -0.000275807 0.999999940 -0.000068442 0.001449107 -0.000182160 0.000068392 1.000000000 0.001140601
0.999999881 0.000381980 0.000213823 -0.002801944 -0.000381968 0.999999940 -0.000053822 0.001099561 -0.000213844 0.000053740 1.000000000 0.001781139
0.999999940 0.000294234 0.000259037 -0.002547002 -0.000294226 0.999999940 -0.000031365 0.001483295 -0.000259047 0.000031289 0.999999940 0.002113966
0.999999940 0.000235088 0.000282867 -0.002619730 -0.000235064 0.999999940 -0.000084177 0.000559692 -0.000282886 0.000084111 0.999999940 0.000743263
0.999999940 0.000231218 0.000217701 -0.002563052 -0.000231231 1.000000000 0.000058422 -0.000089712 -0.000217687 -0.000058472 1.000000000 0.001478975
0.999999940 0.000333233 0.000177004 -0.001973739 -0.000333226 0.999999940 -0.000038826 0.001432513 -0.000177017 0.000038767 1.000000000 0.001628924
0.999999940 0.000290985 0.000189110 -0.002524199 -0.000290977 0.999999940 -0.000042395 0.000508909 -0.000189123 0.000042340 1.000000000 0.001669386
1.000000000 0.000170522 0.000167879 -0.002265389 -0.000170531 1.000000000 0.000052365 0.000155446 -0.000167870 -0.000052394 1.000000000 0.000880582
0.999999881 0.000416288 0.000201994 -0.002617040 -0.000416286 0.999999940 -0.000005989 0.001447671 -0.000201997 0.000005905 1.000000000 0.003007052
0.999999881 0.000376159 0.000262610 -0.002226982 -0.000376161 0.999999940 0.000009072 0.001216356 -0.000262606 -0.000009171 0.999999940 0.001508356
0.999999940 0.000285953 0.000241105 -0.001688363 -0.000285938 0.999999940 -0.000059254 0.002090480 -0.000241122 0.000059185 0.999999940 0.002852486
0.999999881 0.000381517 0.000255145 -0.002541938 -0.000381523 0.999999940 0.000024712 0.001309712 -0.000255135 -0.000024809 0.999999940 0.002231771
0.999999940 0.000370538 0.000136578 -0.002342880 -0.000370521 0.999999940 -0.000122725 0.001936198 -0.000136623 0.000122674 1.000000000 0.000924473
0.999999940 0.000349700 0.000133721 -0.002014160 -0.000349687 0.999999940 -0.000095605 0.001458574 -0.000133754 0.000095559 1.000000000 0.000731669
0.999999881 0.000365223 0.000267360 -0.002555571 -0.000365216 0.999999940 -0.000026407 0.000288476 -0.000267370 0.000026309 0.999999940 0.000983057
0.999999940 0.000223458 0.000307148 -0.003078373 -0.000223467 1.000000000 0.000031416 0.000131997 -0.000307141 -0.000031484 0.999999940 0.001777838
0.999999940 0.000335819 0.000193114 -0.002061375 -0.000335805 0.999999940 -0.000072864 0.001572547 -0.000193139 0.000072799 1.000000000 0.002387131
0.999999881 0.000437788 0.000246738 -0.002232577 -0.000437789 0.999999881 0.000001868 0.000066417 -0.000246737 -0.000001976 0.999999940 -0.000068590
0.999999821 0.000464841 0.000313441 -0.003532752 -0.000464836 0.999999881 -0.000016927 0.000752812 -0.000313449 0.000016781 0.999999940 0.002654544
0.999999881 0.000418143 0.000251489 -0.002150801 -0.000418115 0.999999881 -0.000111710 0.000722446 -0.000251535 0.000111605 0.999999940 0.001318375
0.999999881 0.000377131 0.000229971 -0.003492133 -0.000377134 0.999999940 0.000011073 0.000739666 -0.000229967 -0.000011159 1.000000000 0.001214112
0.999999881 0.000433164 0.000214275 -0.002772759 -0.000433144 0.999999881 -0.000091530 0.002320518 -0.000214315 0.000091437 1.000000000 0.001330236
0.999999881 0.000429358 0.000315621 -0.003468459 -0.000429357 0.999999881 -0.000002954 0.000954515 -0.000315622 0.000002818 0.999999940 0.001912347
0.999999881 0.000418329 0.000192172 -0.001170876 -0.000418332 0.999999940 0.000015829 0.000861461 -0.000192165 -0.000015909 1.000000000 -0.000052175
0.999999940 0.000252759 0.000183538 -0.001464157 -0.000252746 0.999999940 -0.000071363 0.000257388 -0.000183556 0.000071317 1.000000000 0.000209601
0.999999881 0.000381659 0.000240174 -0.000793117 -0.000381532 0.999999762 -0.000529203 -0.002469627 -0.000240376 0.000529112 0.999999821 0.049736138
0.999999702 0.000711832 0.000216290 0.000140780 -0.000711575 0.999999166 -0.001186799 -0.003451319 -0.000217135 0.001186645 0.999999285 0.138638645
0.999999702 0.000752581 0.000190482 0.001120721 -0.000752335 0.999998927 -0.001293019 -0.008049398 -0.000191455 0.001292876 0.999999166 0.252145052
0.999999225 0.001223256 0.000274214 0.003761964 -0.001222954 0.999998689 -0.001101038 -0.012054110 -0.000275561 0.001100702 0.999999344 0.385428399
0.999999583 0.000658276 0.000608704 0.002012929 -0.000657866 0.999999523 -0.000673728 -0.021677669 -0.000609147 0.000673327 0.999999583 0.523699462
0.999999762 0.000338014 0.000604571 0.005787919 -0.000337670 0.999999821 -0.000569812 -0.026291929 -0.000604763 0.000569608 0.999999642 0.675527275
0.999999702 0.000413570 0.000611750 0.010195324 -0.000413457 0.999999940 -0.000185199 -0.029901896 -0.000611827 0.000184946 0.999999821 0.840184629
0.999999404 0.000740165 0.000823911 0.009614397 -0.000740083 0.999999702 -0.000100013 -0.032437801 -0.000823985 0.000099403 0.999999642 1.010752201
0.999999821 0.000432206 0.000536903 0.014552128 -0.000432086 0.999999881 -0.000223797 -0.035374872 -0.000537000 0.000223565 0.999999881 1.187244058
0.999999404 0.000630268 0.000883651 0.015829865 -0.000630690 0.999999702 0.000477709 -0.047168601 -0.000883350 -0.000478266 0.999999464 1.381292582
0.999999166 0.001139989 0.000654355 0.018011337 -0.001140139 0.999999344 0.000227878 -0.049227901 -0.000654095 -0.000228624 0.999999702 1.570937157
0.999999702 0.000372824 0.000740102 0.024372192 -0.000373312 0.999999821 0.000659120 -0.057373814 -0.000739856 -0.000659396 0.999999523 1.773716331
0.999999046 0.000821772 0.001194067 0.019245096 -0.000822209 0.999999583 0.000366090 -0.058966734 -0.001193766 -0.000367071 0.999999225 1.968086362
0.999999702 0.000452763 0.000558819 0.029648256 -0.000453332 0.999999344 0.001018871 -0.074032068 -0.000558357 -0.001019123 0.999999344 2.169898987
0.999999344 0.000633164 0.000927594 0.032571185 -0.000633939 0.999999464 0.000835090 -0.077066131 -0.000927065 -0.000835677 0.999999166 2.392814875
0.999999523 0.000850778 0.000494386 0.039191380 -0.000851086 0.999999464 0.000623500 -0.082216635 -0.000493856 -0.000623920 0.999999702 2.612290382
0.999999583 0.000691778 0.000505729 0.043587130 -0.000692144 0.999999523 0.000722087 -0.088784099 -0.000505230 -0.000722437 0.999999583 2.839487314
0.999999583 0.000539017 0.000705968 0.051652234 -0.000539962 0.999998868 0.001339733 -0.097262062 -0.000705245 -0.001340114 0.999998868 3.083791018
0.999999583 0.000789787 0.000463485 0.060703415 -0.000790464 0.999998569 0.001462293 -0.104179546 -0.000462329 -0.001462659 0.999998868 3.322818756
0.999999642 0.000394744 0.000641834 0.058432210 -0.000395398 0.999999404 0.001018124 -0.110169619 -0.000641431 -0.001018378 0.999999285 3.575260878
0.999999642 0.000439749 0.000738392 0.062585928 -0.000440492 0.999999404 0.001006729 -0.116521351 -0.000737949 -0.001007054 0.999999225 3.826636076
0.999999464 0.000792401 0.000637161 0.072961681 -0.000793097 0.999999106 0.001093277 -0.123831443 -0.000636294 -0.001093782 0.999999166 4.089584351
0.999999225 0.000947750 0.000798642 0.078569673 -0.000948663 0.999998868 0.001143334 -0.127383217 -0.000797557 -0.001144090 0.999999046 4.349775791
0.999999404 0.000684572 0.000778748 0.081326395 -0.000685204 0.999999404 0.000811720 -0.133340046 -0.000778192 -0.000812253 0.999999344 4.605869293
0.999998629 0.001378668 0.000915926 0.086258411 -0.001379804 0.999998271 0.001240396 -0.142333433 -0.000914214 -0.001241658 0.999998808 4.865902424
0.999997735 0.001884759 0.000974933 0.089885041 -0.001886150 0.999997199 0.001427860 -0.149603441 -0.000972239 -0.001429696 0.999998450 5.124101162
0.999998808 0.001037305 0.001074049 0.092325434 -0.001038838 0.999998450 0.001428081 -0.155061558 -0.001072566 -0.001429195 0.999998391 5.384681225
0.999998927 0.001041957 0.001020066 0.100590006 -0.001043466 0.999998331 0.001480386 -0.165777907 -0.001018522 -0.001481449 0.999998391 5.646373749
0.999998331 0.001293781 0.001300914 0.096943580 -0.001295915 0.999997795 0.001641438 -0.175107315 -0.001298787 -0.001643121 0.999997795 5.918853283
0.999997795 0.001492895 0.001480438 0.099982634 -0.001495322 0.999997556 0.001640134 -0.184824005 -0.001477986 -0.001642344 0.999997556 6.192424774
0.999998033 0.001360379 0.001444300 0.113108099 -0.001362149 0.999998331 0.001225366 -0.183039442 -0.001442631 -0.001227331 0.999998212 6.487004757
0.999997854 0.001635727 0.001239248 0.116143517 -0.001637297 0.999997914 0.001266826 -0.190045044 -0.001237174 -0.001268853 0.999998391 6.777803421
0.999997914 0.001530979 0.001354346 0.121103950 -0.001532404 0.999998271 0.001052286 -0.200092345 -0.001352733 -0.001054359 0.999998510 7.068077087
0.999998391 0.001335164 0.001183373 0.128108770 -0.001336572 0.999998391 0.001189412 -0.210378483 -0.001181783 -0.001190992 0.999998569 7.370648861
0.999998033 0.001486194 0.001334721 0.139894575 -0.001489194 0.999996364 0.002249647 -0.231485307 -0.001331373 -0.002251631 0.999996603 7.673246861
0.999997318 0.001740308 0.001585842 0.145463809 -0.001743738 0.999996185 0.002163832 -0.236620113 -0.001582070 -0.002166591 0.999996424 7.996318340
0.999998510 0.001027416 0.001370156 0.153568834 -0.001030621 0.999996841 0.002341050 -0.249953777 -0.001367746 -0.002342459 0.999996305 8.281731606
0.999999106 0.000626406 0.001176106 0.161785319 -0.000629058 0.999997258 0.002255361 -0.257879317 -0.001174690 -0.002256099 0.999996722 8.602629662
0.999998391 0.000747501 0.001625252 0.164856791 -0.000750305 0.999998212 0.001725240 -0.254894376 -0.001623959 -0.001726457 0.999997199 8.952231407
0.999998808 0.000958920 0.001168556 0.173442438 -0.000961017 0.999997854 0.001795282 -0.266552210 -0.001166832 -0.001796403 0.999997675 9.296253204
0.999998510 0.001070042 0.001313636 0.179032356 -0.001072891 0.999997079 0.002170352 -0.287391573 -0.001311310 -0.002171759 0.999996722 9.614210129
0.999998748 0.000784225 0.001373387 0.187171921 -0.000787841 0.999996245 0.002635059 -0.299100310 -0.001371315 -0.002636138 0.999995589 9.965987206
0.999997079 0.001606319 0.001768890 0.188430145 -0.001610238 0.999996245 0.002216506 -0.302184999 -0.001765323 -0.002219348 0.999996006 10.327524185
0.999996841 0.001944683 0.001601348 0.194847643 -0.001948808 0.999994874 0.002578056 -0.313762605 -0.001596326 -0.002581169 0.999995410 10.677495956
0.999997973 0.001476644 0.001324697 0.204000622 -0.001479788 0.999996126 0.002375015 -0.319063812 -0.001321185 -0.002376971 0.999996305 11.049250603
0.999998808 0.001092038 0.001041259 0.231894836 -0.001094053 0.999997556 0.001936291 -0.328947037 -0.001039142 -0.001937429 0.999997497 11.422444344
0.999997258 0.001876709 0.001396055 0.231355309 -0.001880235 0.999995053 0.002528558 -0.340505391 -0.001391303 -0.002531176 0.999995768 11.787184715
0.999997318 0.001897340 0.001297052 0.237677351 -0.001900926 0.999994397 0.002768641 -0.354226649 -0.001291792 -0.002771099 0.999995291 12.167819023
0.999995649 0.002162582 0.001961597 0.240685850 -0.002168497 0.999993205 0.003018822 -0.366566569 -0.001955055 -0.003023063 0.999993503 12.567997932
0.999997199 0.001547209 0.001780760 0.256001592 -0.001551495 0.999995828 0.002408321 -0.366972953 -0.001777026 -0.002411077 0.999995470 12.971667290
0.999998271 0.001212251 0.001405430 0.268018365 -0.001215411 0.999996662 0.002249543 -0.376451671 -0.001402698 -0.002251248 0.999996483 13.366508484
0.999995470 0.001901620 0.002329058 0.267600447 -0.001906867 0.999995649 0.002252429 -0.386923641 -0.002324764 -0.002256860 0.999994755 13.755039215
0.999996483 0.001325085 0.002274235 0.278349578 -0.001332110 0.999994338 0.003090568 -0.419575095 -0.002270127 -0.003093587 0.999992609 14.164834023
0.999995828 0.001617877 0.002371853 0.285042524 -0.001624869 0.999994278 0.002948846 -0.432588786 -0.002367069 -0.002952688 0.999992788 14.579426765
0.999994636 0.001457700 0.002941100 0.287898809 -0.001466390 0.999994576 0.002954649 -0.427667201 -0.002936777 -0.002958946 0.999991298 14.982539177
0.999991775 0.002129449 0.003459358 0.291485399 -0.002139135 0.999993801 0.002798801 -0.443213373 -0.003453377 -0.002806178 0.999990106 15.408047676
0.999991119 0.001994504 0.003692221 0.289578855 -0.002007369 0.999991894 0.003483995 -0.459238648 -0.003685242 -0.003491376 0.999987125 15.880111694
0.999990523 0.001749589 0.003964897 0.302672088 -0.001763436 0.999992371 0.003491424 -0.462303460 -0.003958758 -0.003498382 0.999986053 16.329732895
0.999989927 0.001923137 0.004053316 0.314935774 -0.001936159 0.999993026 0.003211354 -0.473097324 -0.004047112 -0.003219169 0.999986708 16.777099609
0.999990106 0.002215579 0.003861666 0.348830581 -0.002227326 0.999992907 0.003040124 -0.487607181 -0.003854903 -0.003048695 0.999987841 17.241146088
0.999988616 0.002482558 0.004081735 0.357587010 -0.002496083 0.999991357 0.003311713 -0.504479289 -0.004073479 -0.003321864 0.999986112 17.695009232
0.999987483 0.001373399 0.004815168 0.367723048 -0.001389408 0.999993503 0.003322960 -0.514678717 -0.004810574 -0.003329608 0.999982834 18.184669495
0.999988079 0.000790719 0.004828031 0.378073573 -0.000805506 0.999994993 0.003061536 -0.524730861 -0.004825587 -0.003065388 0.999983668 18.645973206
0.999987900 0.001524488 0.004691786 0.397466719 -0.001538747 0.999994218 0.003036959 -0.537017882 -0.004687129 -0.003044141 0.999984384 19.134237289
0.999984205 0.002148367 0.005198558 0.402181983 -0.002167579 0.999990821 0.003692788 -0.547435284 -0.005190577 -0.003703998 0.999979615 19.581233978
0.999981642 0.003000364 0.005269141 0.407451689 -0.003023033 0.999986172 0.004299584 -0.563063979 -0.005256167 -0.004315433 0.999976873 20.068880081
0.999983370 0.002395264 0.005245097 0.426458865 -0.002418187 0.999987483 0.004368471 -0.577139735 -0.005234568 -0.004381082 0.999976695 20.554647446
0.999992609 0.000817140 0.003762775 0.458970070 -0.000829992 0.999993801 0.003415267 -0.575676620 -0.003759960 -0.003418365 0.999987066 20.982778549
0.999992549 0.000947617 0.003736483 0.468344748 -0.000959503 0.999994397 0.003180589 -0.583645701 -0.003733448 -0.003184150 0.999987960 21.489948273
0.999993265 0.002344510 0.002793801 0.472245038 -0.002354365 0.999991000 0.003529440 -0.595762193 -0.002785501 -0.003535994 0.999989867 22.003921509
0.999996245 0.001302579 0.002395691 0.484240264 -0.001310374 0.999993801 0.003255458 -0.607301712 -0.002391435 -0.003258585 0.999991834 22.511461258
0.999993682 0.002345632 0.002659756 0.479383111 -0.002354957 0.999991059 0.003508354 -0.632612228 -0.002651502 -0.003514595 0.999990284 22.975507736
0.999991715 0.003171355 0.002550841 0.485294938 -0.003181204 0.999987483 0.003866328 -0.653723419 -0.002538547 -0.003874411 0.999989271 23.498409271
0.999996662 0.002036929 0.001623460 0.495814234 -0.002042566 0.999991834 0.003477952 -0.670124888 -0.001616363 -0.003481255 0.999992669 24.020210266
0.999998033 0.001675686 0.001079995 0.513361216 -0.001679691 0.999991655 0.003717979 -0.673620224 -0.001073756 -0.003719785 0.999992430 24.565610886
0.999993920 0.003219856 0.001322647 0.510022700 -0.003225152 0.999986708 0.004021448 -0.688910484 -0.001309681 -0.004025689 0.999991059 25.121841431
0.999993324 0.003546123 0.000782729 0.509639084 -0.003549441 0.999984562 0.004277983 -0.707466245 -0.000767546 -0.004280733 0.999990463 25.650978088
0.999992907 0.003767619 0.000154137 0.523594439 -0.003768274 0.999982774 0.004495953 -0.723970652 -0.000137196 -0.004496501 0.999989867 26.206604004
0.999994934 0.003158219 -0.000330530 0.538529992 -0.003156706 0.999984980 0.004482084 -0.729581118 0.000344680 -0.004481018 0.999989927 26.778518677
0.999996424 0.002336530 -0.001255533 0.568516016 -0.002329798 0.999983191 0.005336053 -0.762789309 0.001267980 -0.005333110 0.999984920 27.310005188
0.999994934 0.002724748 -0.001628946 0.578165174 -0.002716575 0.999983847 0.004998611 -0.772101998 0.001642540 -0.004994161 0.999986112 27.868682861
0.999992728 0.003430443 -0.001679960 0.580801368 -0.003422272 0.999982417 0.004842702 -0.801430345 0.001696543 -0.004836917 0.999986887 28.408912659
0.999991477 0.003626366 -0.002037536 0.587640584 -0.003616506 0.999981761 0.004822233 -0.816088617 0.002054987 -0.004814821 0.999986291 28.968339920
0.999990880 0.003642164 -0.002246781 0.589394093 -0.003630653 0.999980330 0.005105946 -0.835948765 0.002265333 -0.005097741 0.999984443 29.511344910
0.999991119 0.002797019 -0.003150472 0.605535269 -0.002781115 0.999983370 0.005041209 -0.837363839 0.003164520 -0.005032402 0.999982297 30.048044205
0.999989510 0.003178824 -0.003300534 0.614968538 -0.003162510 0.999982834 0.004936340 -0.864953995 0.003316169 -0.004925851 0.999982297 30.598915100
0.999987364 0.004085355 -0.002912342 0.613681793 -0.004069798 0.999977529 0.005327476 -0.882426500 0.002934041 -0.005315558 0.999981582 31.162189484
0.999981880 0.005396735 -0.002671529 0.615291297 -0.005382344 0.999971092 0.005365151 -0.893550277 0.002700407 -0.005350675 0.999982059 31.707366943
0.999985278 0.003802758 -0.003866147 0.635356426 -0.003780901 0.999976933 0.005644974 -0.930195391 0.003887525 -0.005630273 0.999976516 32.266437531
0.999983072 0.003802597 -0.004394873 0.641208768 -0.003777357 0.999976397 0.005737135 -0.949541211 0.004416585 -0.005720436 0.999973893 32.809169769
0.999986231 0.003859819 -0.003562871 0.655721545 -0.003839970 0.999977171 0.005561437 -0.964427650 0.003584256 -0.005547679 0.999978185 33.384357452
0.999982953 0.004164631 -0.004089695 0.672747970 -0.004140810 0.999974608 0.005815721 -0.978287518 0.004113812 -0.005798688 0.999974668 33.940383911
0.999981642 0.003773191 -0.004728667 0.680333376 -0.003742930 0.999972582 0.006391847 -0.999909222 0.004752656 -0.006374029 0.999968410 34.482120514
0.999979317 0.003794352 -0.005196124 0.692591548 -0.003760751 0.999972045 0.006461095 -1.019912958 0.005220495 -0.006441418 0.999965608 35.005405426
0.999987125 0.002095036 -0.004627923 0.687818646 -0.002064864 0.999976635 0.006514750 -1.033446074 0.004641464 -0.006505111 0.999967992 35.620132446
0.999984324 0.002713344 -0.004896976 0.696040630 -0.002680902 0.999974549 0.006619276 -1.048816681 0.004914812 -0.006606044 0.999966085 36.165859222
0.999984264 0.003078324 -0.004688292 0.701187074 -0.003053089 0.999980867 0.005380263 -1.056352615 0.004704764 -0.005365864 0.999974549 36.749294281
0.999980628 0.003569457 -0.005084077 0.710025668 -0.003541307 0.999978364 0.005535290 -1.067570806 0.005103726 -0.005517178 0.999971747 37.309741974
0.999980152 0.003569480 -0.005179157 0.719635546 -0.003543534 0.999981165 0.005010320 -1.075827956 0.005196943 -0.004991869 0.999974012 37.862640381
0.999979556 0.002942816 -0.005681373 0.723416924 -0.002915022 0.999983788 0.004894312 -1.095970511 0.005695684 -0.004877651 0.999971867 38.386390686
0.999981940 0.002741832 -0.005352434 0.730903625 -0.002716907 0.999985456 0.004658497 -1.110563755 0.005365129 -0.004643871 0.999974906 38.925682068
0.999977052 0.003814418 -0.005591961 0.730391383 -0.003783067 0.999977052 0.005606367 -1.123055696 0.005613219 -0.005585083 0.999968588 39.487709045
0.999976754 0.004531471 -0.005096544 0.732339144 -0.004503784 0.999975026 0.005430891 -1.133377790 0.005121027 -0.005407812 0.999972224 40.033969879
0.999979079 0.003049990 -0.005720094 0.752165675 -0.003018408 0.999980211 0.005521971 -1.164917350 0.005736823 -0.005504590 0.999968410 40.579540253
0.999977887 0.003226515 -0.005813586 0.761829257 -0.003195877 0.999980986 0.005271829 -1.176097035 0.005830485 -0.005253132 0.999969244 41.132839203
0.999979317 0.002867130 -0.005774729 0.761390865 -0.002833371 0.999978900 0.005845710 -1.198421240 0.005791367 -0.005829228 0.999966264 41.645385742
0.999977410 0.003559731 -0.005707755 0.767258644 -0.003530167 0.999980330 0.005181342 -1.207174420 0.005726087 -0.005161075 0.999970317 42.198196411
0.999976397 0.002943820 -0.006204959 0.780510545 -0.002910778 0.999981582 0.005327250 -1.223111510 0.006220527 -0.005309064 0.999966562 42.717838287
0.999978483 0.003450273 -0.005576881 0.783570766 -0.003416208 0.999975443 0.006106277 -1.239192486 0.005597813 -0.006087094 0.999965787 43.279987335
0.999978125 0.003418708 -0.005658860 0.794516325 -0.003383676 0.999975085 0.006188859 -1.256786466 0.005679877 -0.006169575 0.999964833 43.825965881
0.999977410 0.003723736 -0.005592219 0.792848289 -0.003692239 0.999977350 0.005632144 -1.262665749 0.005613064 -0.005611370 0.999968529 44.334163666
0.999977410 0.003564199 -0.005703785 0.795423031 -0.003531726 0.999977589 0.005693321 -1.278527021 0.005723949 -0.005673048 0.999967575 44.879646301
0.999976695 0.004135869 -0.005432331 0.807282090 -0.004105422 0.999975860 0.005604001 -1.288181543 0.005455377 -0.005581568 0.999969542 45.424243927
0.999976337 0.005220793 -0.004478786 0.805234194 -0.005196092 0.999971330 0.005509241 -1.303342581 0.004507421 -0.005485840 0.999974787 45.957920074
0.999977708 0.005044294 -0.004370828 0.813236237 -0.005020394 0.999972463 0.005461880 -1.323902607 0.004398259 -0.005439816 0.999975502 46.492527008
0.999968112 0.006709960 -0.004335206 0.820724487 -0.006685717 0.999962091 0.005582470 -1.327582479 0.004372500 -0.005553308 0.999974966 47.038143158
0.999979317 0.004473282 -0.004607987 0.824711740 -0.004448079 0.999975085 0.005465293 -1.336672783 0.004632319 -0.005444684 0.999974430 47.583442688
0.999977171 0.005082139 -0.004440212 0.829148650 -0.005058440 0.999972939 0.005332531 -1.348877430 0.004467193 -0.005309949 0.999975860 48.133651733
0.999977171 0.005191037 -0.004310791 0.842525840 -0.005169365 0.999974012 0.005023279 -1.363004446 0.004336755 -0.005000880 0.999978065 48.655178070
0.999973059 0.005929375 -0.004311522 0.850251675 -0.005907640 0.999969780 0.005036256 -1.376332283 0.004341254 -0.005010649 0.999978006 49.208793640
0.999970555 0.006489763 -0.004077001 0.863053083 -0.006467151 0.999963760 0.005535072 -1.393026590 0.004112775 -0.005508544 0.999976337 49.756397247
0.999972165 0.006104375 -0.004293397 0.873963475 -0.006084480 0.999970675 0.004631638 -1.404292107 0.004321545 -0.004605384 0.999980032 50.322631836
0.999976695 0.005396615 -0.004179512 0.875442505 -0.005375944 0.999973297 0.004941501 -1.424114466 0.004206068 -0.004918917 0.999979019 50.838203430
0.999972284 0.006050989 -0.004334967 0.886474013 -0.006029466 0.999969542 0.004961054 -1.436417222 0.004364853 -0.004934778 0.999978304 51.379611969
0.999968648 0.006891630 -0.003896558 0.890272141 -0.006868508 0.999958932 0.005916448 -1.460204005 0.003937171 -0.005889500 0.999974906 51.919487000
0.999963284 0.007768551 -0.003613936 0.908949196 -0.007749680 0.999956429 0.005207316 -1.467395186 0.003654232 -0.005179119 0.999979854 52.496112823
0.999966264 0.007325255 -0.003693158 0.908351600 -0.007303399 0.999955952 0.005897206 -1.487213373 0.003736194 -0.005870035 0.999975801 53.046157837
0.999963343 0.007645295 -0.003843761 0.914479136 -0.007624068 0.999955714 0.005506908 -1.501885891 0.003885693 -0.005477401 0.999977410 53.595443726
0.999960601 0.008207800 -0.003362991 0.920428634 -0.008191088 0.999954164 0.004953102 -1.513748765 0.003403491 -0.004925362 0.999982059 54.136302948
0.999952614 0.009205840 -0.003167477 0.937858343 -0.009188958 0.999943733 0.005303413 -1.540054083 0.003216122 -0.005274056 0.999980927 54.686531067
0.999964058 0.007865205 -0.003166253 0.943686843 -0.007847835 0.999954224 0.005461073 -1.550284863 0.003209061 -0.005436027 0.999980092 55.231906891
0.999962032 0.008110809 -0.003172207 0.947012246 -0.008093869 0.999953091 0.005316798 -1.557341933 0.003215180 -0.005290921 0.999980807 55.779174805
0.999959409 0.008256427 -0.003600270 0.961111009 -0.008236051 0.999950171 0.005638450 -1.572382450 0.003646644 -0.005608569 0.999977589 56.322353363
0.999951839 0.009294561 -0.003135152 0.969742656 -0.009277607 0.999942422 0.005380289 -1.589804649 0.003184978 -0.005350943 0.999980569 56.885799408
0.999950945 0.009530478 -0.002676630 0.975913048 -0.009515975 0.999940157 0.005380054 -1.593474150 0.002727745 -0.005354320 0.999981940 57.433750153
0.999953628 0.009222177 -0.002806284 0.984571934 -0.009206064 0.999941349 0.005701686 -1.615469694 0.002858701 -0.005675586 0.999979794 57.935729980
0.999949992 0.009794949 -0.001969093 0.981423855 -0.009783505 0.999935687 0.005739730 -1.630010843 0.002025186 -0.005720179 0.999981582 58.499607086
0.999952912 0.009341698 -0.002612619 0.999781013 -0.009326925 0.999940872 0.005610726 -1.644241691 0.002664878 -0.005586094 0.999980867 59.019752502
0.999952853 0.009463637 -0.002187777 1.005721211 -0.009451484 0.999940217 0.005500043 -1.662426353 0.002239696 -0.005479106 0.999982536 59.557857513
0.999959826 0.008548039 -0.002693592 1.019388318 -0.008532415 0.999946952 0.005759700 -1.671229482 0.002742684 -0.005736486 0.999979794 60.132953644
0.999952376 0.009367110 -0.002733636 1.027512670 -0.009352095 0.999941409 0.005454496 -1.678281903 0.002784569 -0.005428670 0.999981403 60.703819275
0.999950290 0.009634589 -0.002540285 1.033250928 -0.009621257 0.999940097 0.005210034 -1.691784859 0.002590329 -0.005185334 0.999983191 61.263072968
0.999959111 0.008687072 -0.002523561 1.047251225 -0.008673104 0.999947309 0.005494230 -1.699784040 0.002571157 -0.005472119 0.999981642 61.804279327
0.999951422 0.009584862 -0.002288830 1.053122997 -0.009571544 0.999937534 0.005759832 -1.724241734 0.002343894 -0.005737645 0.999980807 62.333637238
0.999950051 0.009662365 -0.002550882 1.066679716 -0.009647571 0.999936879 0.005749436 -1.739676476 0.002606274 -0.005724538 0.999980211 62.878475189
0.999942422 0.010501698 -0.002210280 1.075229287 -0.010489780 0.999930739 0.005335864 -1.745809436 0.002266163 -0.005312372 0.999983311 63.411426544
0.999943733 0.010499593 -0.001528629 1.084386110 -0.010491426 0.999931276 0.005255076 -1.765297294 0.001583699 -0.005238743 0.999985039 63.935256958
0.999942958 0.010586504 -0.001433306 1.095716834 -0.010578763 0.999929905 0.005305885 -1.780482054 0.001489376 -0.005290419 0.999984920 64.476730347
0.999936640 0.011189586 -0.001211287 1.096652269 -0.011182688 0.999921978 0.005559231 -1.796237230 0.001273397 -0.005545333 0.999983728 65.019538879
0.999955237 0.009004340 -0.002896264 1.144861579 -0.008989853 0.999947190 0.004976420 -1.802556753 0.002940920 -0.004950161 0.999983430 65.548629761
0.999955118 0.009157847 -0.002415699 1.152734756 -0.009146305 0.999946952 0.004746946 -1.812155128 0.002459042 -0.004724639 0.999985874 66.090415955
0.999951720 0.009642261 -0.001858537 1.142070651 -0.009634125 0.999944150 0.004338150 -1.825364351 0.001900263 -0.004320036 0.999988854 66.657447815
0.999947608 0.010091844 -0.001720540 1.147589803 -0.010083651 0.999938071 0.004705729 -1.845518351 0.001767923 -0.004688133 0.999987423 67.171775818
0.999949157 0.009929561 -0.001721457 1.162179470 -0.009921500 0.999939978 0.004630846 -1.854297519 0.001767337 -0.004613531 0.999987781 67.747673035
0.999951363 0.009734008 -0.001590479 1.169975162 -0.009726693 0.999942422 0.004544671 -1.868896246 0.001634626 -0.004528980 0.999988317 68.286056519
0.999952257 0.009633191 -0.001598655 1.189403057 -0.009626383 0.999944806 0.004213811 -1.884929895 0.001639160 -0.004198221 0.999989808 68.859016418
0.999951124 0.009778162 -0.001532137 1.186105132 -0.009770902 0.999941349 0.004675633 -1.903461456 0.001577766 -0.004660433 0.999987900 69.388099670
0.999944687 0.010423811 -0.001419373 1.203187346 -0.010417772 0.999936938 0.004198307 -1.910356522 0.001463046 -0.004183289 0.999990106 69.947174072
0.999945700 0.010321350 -0.001445509 1.211725235 -0.010314723 0.999936581 0.004520158 -1.924405932 0.001492071 -0.004505003 0.999988735 70.509025574
0.999944985 0.010406797 -0.001293323 1.218996882 -0.010400988 0.999936163 0.004420865 -1.941570997 0.001339248 -0.004407170 0.999989390 71.056243896
0.999945700 0.010336657 -0.001327233 1.237993836 -0.010331073 0.999938011 0.004147235 -1.953103304 0.001370019 -0.004133299 0.999990523 71.601768494
0.999943793 0.010522451 -0.001278256 1.244208694 -0.010516996 0.999935865 0.004202529 -1.966904879 0.001322394 -0.004188850 0.999990344 72.152816772
0.999942958 0.010610896 -0.001208942 1.254878521 -0.010605669 0.999934673 0.004251645 -1.983967185 0.001253977 -0.004238581 0.999990225 72.696060181
0.999943316 0.010602847 -0.000960800 1.256815076 -0.010598831 0.999935448 0.004094141 -2.001082420 0.001004149 -0.004083726 0.999991179 73.208885193
0.999929190 0.011889491 -0.000440966 1.258755326 -0.011887440 0.999919653 0.004393779 -2.014781952 0.000493170 -0.004388226 0.999990284 73.763168335
0.999943554 0.010584263 -0.000872912 1.296420693 -0.010580753 0.999936223 0.003934131 -2.026379585 0.000914497 -0.003924672 0.999991834 74.348495483
0.999941409 0.010805525 -0.000624582 1.302603364 -0.010802707 0.999932110 0.004347346 -2.037844181 0.000671515 -0.004340345 0.999990344 74.906700134
0.999938607 0.011062005 -0.000600762 1.316617727 -0.011059511 0.999930739 0.004007120 -2.049952507 0.000645047 -0.004000230 0.999991715 75.475524902
0.999929130 0.011898478 -0.000348768 1.321839571 -0.011896976 0.999921083 0.004032013 -2.066356182 0.000396715 -0.004027579 0.999991834 76.022979736
0.999917686 0.012824911 0.000390157 1.332120419 -0.012826339 0.999910057 0.003917941 -2.082306623 -0.000339875 -0.003922623 0.999992251 76.559516907
0.999918699 0.012744593 0.000089553 1.324505687 -0.012744843 0.999911249 0.003877074 -2.094447374 -0.000040133 -0.003877901 0.999992490 77.116424561
0.999926805 0.012097278 -0.000034889 1.347746730 -0.012097050 0.999919057 0.003912692 -2.108325720 0.000082219 -0.003911983 0.999992371 77.683532715
0.999930799 0.011737808 0.000685741 1.323561430 -0.011740795 0.999920785 0.004528231 -2.122712374 -0.000632535 -0.004535968 0.999989510 78.165817261
0.999927640 0.012029533 0.000088476 1.351708889 -0.012029803 0.999918580 0.004257321 -2.132792950 -0.000037255 -0.004258077 0.999990880 78.701751709
0.999924779 0.012264814 0.000410831 1.361249447 -0.012266375 0.999916613 0.004040015 -2.143377781 -0.000361247 -0.004044750 0.999991715 79.250778198
0.999926448 0.012114881 0.000572322 1.373505116 -0.012117178 0.999917805 0.004194656 -2.151159286 -0.000521457 -0.004201283 0.999991000 79.786071777
0.999914646 0.013026638 0.000918221 1.377798438 -0.013030288 0.999906659 0.004090048 -2.167655945 -0.000864856 -0.004101663 0.999991238 80.286079407
0.999908149 0.013317682 0.002492016 1.380697489 -0.013325589 0.999906123 0.003183319 -2.171156883 -0.002449388 -0.003216235 0.999991834 80.845382690
0.999917388 0.012513239 0.002932356 1.402236342 -0.012523252 0.999915719 0.003421390 -2.193839550 -0.002889296 -0.003457830 0.999989867 81.373756409
0.999918759 0.012204771 0.003683739 1.426876783 -0.012217144 0.999919713 0.003355633 -2.200906038 -0.003642489 -0.003400365 0.999987602 81.911537170
0.999903202 0.013075258 0.004753622 1.435807347 -0.013091574 0.999908447 0.003417695 -2.211507797 -0.004708500 -0.003479596 0.999982834 82.428672791
0.999891818 0.012487442 0.007770856 1.461627007 -0.012514103 0.999915957 0.003391637 -2.230668783 -0.007727850 -0.003488515 0.999964058 82.967842102
0.999848485 0.012837179 0.011754958 1.477549076 -0.012878661 0.999911070 0.003460047 -2.240847111 -0.011709496 -0.003610912 0.999924839 83.487396240
0.999804020 0.012955032 0.014970066 1.497658968 -0.013014449 0.999907792 0.003878468 -2.259982586 -0.014918438 -0.004072535 0.999880433 84.008613586
0.999735892 0.012391808 0.019351140 1.516035795 -0.012447570 0.999918699 0.002763857 -2.264874935 -0.019315317 -0.003004001 0.999809027 84.573844910
0.999592900 0.012714619 0.025542619 1.550949216 -0.012822872 0.999909461 0.004078873 -2.290305614 -0.025488446 -0.004404743 0.999665439 85.089797974
0.999427736 0.012357803 0.031485800 1.572207808 -0.012477850 0.999915600 0.003619074 -2.300382137 -0.031438418 -0.004009877 0.999497592 85.634086609
0.999210179 0.013129894 0.037505630 1.622749090 -0.013237998 0.999908864 0.002635424 -2.300493479 -0.037467610 -0.003129842 0.999292970 86.179244995
0.998896658 0.012669774 0.045220848 1.675517559 -0.012809229 0.999914050 0.002795515 -2.314437866 -0.045181558 -0.003371675 0.998973072 86.709411621
0.998515010 0.012159264 0.053101942 1.734275579 -0.012296693 0.999921858 0.002262082 -2.321414471 -0.053070284 -0.002911701 0.998586476 87.237426758
0.998117507 0.011510584 0.060240712 1.772612095 -0.011656811 0.999929845 0.002076503 -2.328764677 -0.060212582 -0.002774808 0.998181701 87.763229370
0.997465074 0.013519516 0.069861792 1.817133904 -0.013724769 0.999902725 0.002458775 -2.346086025 -0.069821775 -0.003411380 0.997553647 88.323539734
0.996733844 0.012147493 0.079837725 1.900269508 -0.012300222 0.999923348 0.001421435 -2.341539860 -0.079814322 -0.002398814 0.996806860 88.872787476
0.996016026 0.012246640 0.088329636 1.962055683 -0.012438786 0.999921322 0.001625181 -2.375512600 -0.088302769 -0.002717419 0.996089995 89.367347717
0.995366037 0.011473507 0.095471762 2.037672997 -0.011668801 0.999930799 0.001487491 -2.393375874 -0.095448107 -0.002594639 0.995431006 89.922241211
0.994335115 0.011043966 0.105716348 2.115877628 -0.011292647 0.999934673 0.001754018 -2.418866396 -0.105690077 -0.002937898 0.994394720 90.464256287
0.993128896 0.011524700 0.116456784 2.197718620 -0.011819651 0.999928474 0.001842429 -2.428643227 -0.116427213 -0.003206249 0.993194044 90.995185852
0.992068172 0.010607893 0.125252649 2.290736198 -0.010776450 0.999941707 0.000668237 -2.429431438 -0.125238284 -0.002012716 0.992124617 91.546661377
0.990518093 0.010426781 0.136985406 2.383866310 -0.010672601 0.999942482 0.001060130 -2.451303482 -0.136966452 -0.002512069 0.990572512 92.060470581
0.988699317 0.010493617 0.149544522 2.482268333 -0.010721205 0.999942243 0.000715750 -2.472687960 -0.149528369 -0.002310959 0.988754749 92.584503174
0.987062156 0.009506116 0.160056412 2.592178345 -0.009776356 0.999951839 0.000901014 -2.488471031 -0.160040125 -0.002454125 0.987107515 93.128700256
0.985278249 0.009996132 0.170666009 2.707940102 -0.010287617 0.999946713 0.000823628 -2.504915237 -0.170648694 -0.002567249 0.985328555 93.693428040
0.982967198 0.009747335 0.183522433 2.834321976 -0.010074460 0.999948919 0.000850182 -2.521882057 -0.183504775 -0.002684590 0.983015180 94.231094360
0.980661452 0.009123726 0.195498779 2.968335152 -0.009419810 0.999955475 0.000584797 -2.536553144 -0.195484757 -0.002415049 0.980703831 94.747009277
0.978537381 0.009073005 0.205869481 3.096591949 -0.009391561 0.999955654 0.000570212 -2.554696560 -0.205855176 -0.002491409 0.978579402 95.289199829
0.975614369 0.009487441 0.219286487 3.238491058 -0.009892943 0.999950767 0.000751168 -2.570558786 -0.219268620 -0.002902239 0.975660205 95.812263489
0.972574949 0.008139427 0.232447445 3.391914368 -0.008466612 0.999963999 0.000409892 -2.584577560 -0.232435763 -0.002366693 0.972608864 96.328224182
0.969827652 0.008410051 0.243646517 3.542226791 -0.008634281 0.999962747 -0.000147640 -2.591125011 -0.243638664 -0.001960528 0.969864130 96.882369995
0.967108190 0.007439149 0.254256636 3.713853836 -0.007842445 0.999969006 0.000572544 -2.631684303 -0.254244506 -0.002547705 0.967136621 97.362937927
0.963479042 0.007885611 0.267667949 3.882143021 -0.008391270 0.999964535 0.000745259 -2.648023367 -0.267652631 -0.002964116 0.963511050 97.870193481
0.959953308 0.007172939 0.280068040 4.057773590 -0.007561884 0.999971330 0.000308212 -2.666156292 -0.280057788 -0.002413711 0.959980190 98.394531250
0.956611991 0.006710051 0.291287690 4.248785019 -0.007010101 0.999975443 -0.000013530 -2.673206568 -0.291280657 -0.002029013 0.956635475 98.928634644
0.952185154 0.007162908 0.305437595 4.426723480 -0.007663051 0.999970496 0.000438535 -2.690238953 -0.305425465 -0.002758150 0.952211976 99.407104492
0.947712183 0.006023345 0.319069862 4.627683640 -0.006369116 0.999979734 0.000040321 -2.706756830 -0.319063187 -0.002070406 0.947731197 99.911552429
0.943847835 0.005739672 0.330330789 4.836845398 -0.006068973 0.999981642 -0.000034445 -2.722008705 -0.330324918 -0.001972258 0.943865180 100.418663025
0.938900173 0.006552303 0.344127268 5.039443970 -0.007108458 0.999974728 0.000354508 -2.734897852 -0.344116300 -0.002779062 0.938922942 100.974304199
0.933743834 0.005362896 0.357901603 5.237617493 -0.005784972 0.999983251 0.000108619 -2.753775597 -0.357894987 -0.002171873 0.933759332 101.410995483
0.929173410 0.004962879 0.369610637 5.468732834 -0.005354406 0.999985635 0.000033451 -2.769352674 -0.369605094 -0.002010128 0.929186761 101.912307739
0.924165070 0.005564621 0.381952912 5.686302185 -0.006135739 0.999981165 0.000277308 -2.788763523 -0.381944120 -0.002599842 0.924181700 102.421142578
0.918301761 0.005198761 0.395847291 5.899429321 -0.005897707 0.999982476 0.000548705 -2.809904099 -0.395837605 -0.002838469 0.918316185 102.825836182
0.912432492 0.005803494 0.409186125 6.145450592 -0.006759684 0.999976754 0.000890540 -2.827097654 -0.409171492 -0.003578527 0.912450552 103.320411682
0.907459140 0.004669811 0.420114338 6.398281097 -0.005348374 0.999985576 0.000437235 -2.839731216 -0.420106262 -0.002643703 0.907471061 103.827980042
0.901687682 0.003948122 0.432369560 6.657005310 -0.004470365 0.999989927 0.000191485 -2.851614237 -0.432364434 -0.002105510 0.901696444 104.313690186
0.895042479 0.004097513 0.445962042 6.926639557 -0.005007320 0.999987066 0.000861742 -2.874626637 -0.445952773 -0.003004370 0.895051479 104.815795898
0.888955653 0.004216429 0.457973927 7.199047089 -0.004906927 0.999987900 0.000318062 -2.882828236 -0.457967073 -0.002529989 0.888965547 105.295318604
0.882958829 0.003851544 0.469434828 7.466815948 -0.004664514 0.999988973 0.000568924 -2.895822525 -0.469427496 -0.002692022 0.882966936 105.778007507
0.875520587 0.002703942 0.483173221 7.748447418 -0.003471409 0.999993742 0.000694086 -2.919222593 -0.483168215 -0.002284978 0.875524521 106.243362427
0.868343174 0.002619356 0.495956987 8.035556793 -0.003139106 0.999995112 0.000214692 -2.933190823 -0.495953918 -0.001743288 0.868347168 106.699737549
