1.000000000 0.000000000 0.000000000 0.000000000 0.000000000 1.000000000 0.000000000 0.000000000 0.000000000 0.000000000 1.000000000 0.000000000
1.000000000 0.000062088 -0.000116058 0.002570566 -0.000062078 1.000000000 0.000082856 -0.002560114 0.000116063 -0.000082848 1.000000000 -0.002533008
1.000000000 0.000013921 0.000001091 0.000451220 -0.000013921 1.000000000 0.000013863 -0.000339346 -0.000001091 -0.000013863 1.000000000 -0.002800091
1.000000000 0.000010472 -0.000111448 0.003976735 -0.000010456 1.000000000 0.000139526 -0.001939140 0.000111449 -0.000139525 1.000000000 -0.006392456
1.000000000 -0.000057060 -0.000082906 0.001392662 0.000057059 1.000000000 -0.000012749 0.000409563 0.000082907 0.000012745 1.000000000 0.000934018
1.000000000 0.000030410 -0.000031036 0.000049543 -0.000030411 1.000000000 -0.000021802 -0.000618628 0.000031035 0.000021803 1.000000000 -0.001838920
1.000000000 -0.000068945 -0.000121536 0.003531104 0.000068965 1.000000000 0.000160595 -0.002006111 0.000121525 -0.000160603 1.000000000 -0.007617317
1.000000000 -0.000077379 -0.000042602 -0.001663839 0.000077380 1.000000000 0.000042440 0.000645400 0.000042599 -0.000042443 1.000000000 0.000062497
1.000000000 0.000042671 -0.000094470 0.002656487 -0.000042669 1.000000000 0.000019327 -0.002263833 0.000094470 -0.000019323 1.000000000 -0.007635723
1.000000000 -0.000008539 0.000026064 0.000961603 0.000008536 1.000000000 0.000106628 -0.001376073 -0.000026065 -0.000106628 1.000000000 -0.007615763
1.000000000 0.000144048 0.000075025 -0.001259198 -0.000144048 1.000000000 0.000010962 -0.001043631 -0.000075023 -0.000010973 1.000000000 -0.004159436
1.000000000 -0.000016037 -0.000065034 0.000522701 0.000016039 1.000000000 0.000025229 -0.002229252 0.000065034 -0.000025230 1.000000000 -0.008900578
1.000000000 -0.000012977 -0.000017749 0.000730294 0.000012978 1.000000000 0.000044322 -0.001226824 0.000017749 -0.000044322 1.000000000 -0.005698819
1.000000000 0.000003577 -0.000013804 0.000922188 -0.000003575 1.000000000 0.000091330 -0.002560191 0.000013804 -0.000091330 1.000000000 -0.007744187
1.000000000 -0.000206281 -0.000095245 0.001193864 0.000206293 0.999999940 0.000133298 -0.001471395 0.000095217 -0.000133318 1.000000000 -0.007476231
1.000000000 -0.000127718 -0.000109519 -0.000144187 0.000127725 1.000000000 0.000068489 -0.001591490 0.000109511 -0.000068503 1.000000000 -0.007803058
1.000000000 -0.000194635 0.000005601 0.000770376 0.000194634 1.000000000 0.000062597 -0.000838320 -0.000005614 -0.000062595 1.000000000 -0.008328798
1.000000000 0.000103936 -0.000010608 0.001837348 -0.000103935 1.000000000 0.000116898 -0.003338331 0.000010621 -0.000116897 1.000000000 -0.012974499
1.000000000 -0.000179611 -0.000057740 0.001698644 0.000179619 1.000000000 0.000126533 -0.004062507 0.000057717 -0.000126544 1.000000000 -0.013357061
1.000000000 -0.000153013 -0.000140477 0.002561413 0.000153031 1.000000000 0.000130088 -0.003963314 0.000140458 -0.000130109 1.000000000 -0.015072502
1.000000000 -0.000127371 -0.000068674 0.003590708 0.000127383 1.000000000 0.000177263 -0.004736065 0.000068651 -0.000177272 1.000000000 -0.009080993
1.000000000 0.000041505 0.000072215 -0.000360678 -0.000041513 1.000000000 0.000108506 -0.001235482 -0.000072210 -0.000108509 1.000000000 -0.006536835
0.999999940 -0.000175388 -0.000189347 0.005861093 0.000175427 0.999999940 0.000205129 -0.003430962 0.000189311 -0.000205163 0.999999940 -0.014475683
0.999999940 -0.000299416 -0.000080451 0.000924029 0.000299430 0.999999940 0.000176585 -0.002879090 0.000080398 -0.000176609 1.000000000 -0.007607172
1.000000000 0.000008044 -0.000101623 0.005274133 -0.000008026 1.000000000 0.000178228 -0.003195319 0.000101625 -0.000178227 1.000000000 -0.014686020
1.000000000 0.000001127 -0.000038679 0.001550690 -0.000001121 1.000000000 0.000169647 -0.002984178 0.000038679 -0.000169647 1.000000000 -0.011326252
1.000000000 -0.000140715 -0.000153901 0.001160168 0.000140742 1.000000000 0.000171994 -0.004964849 0.000153877 -0.000172015 1.000000000 -0.013448326
1.000000000 -0.000081386 -0.000056745 0.000342138 0.000081401 0.999999940 0.000267440 -0.004692434 0.000056723 -0.000267444 0.999999940 -0.009364135
0.999999940 -0.000309488 -0.000196318 0.001963979 0.000309519 0.999999940 0.000158366 -0.001238603 0.000196269 -0.000158427 0.999999940 -0.004815181
1.000000000 -0.000128685 -0.000065527 0.000576180 0.000128696 1.000000000 0.000172213 -0.002269192 0.000065505 -0.000172222 1.000000000 -0.008488202
1.000000000 -0.000170400 0.000000558 -0.001782045 0.000170400 1.000000000 0.000102238 -0.001161379 -0.000000575 -0.000102238 1.000000000 -0.003117665
1.000000000 -0.000199571 -0.000095916 -0.002166980 0.000199588 0.999999940 0.000172391 -0.002730515 0.000095882 -0.000172410 1.000000000 -0.010022528
1.000000000 -0.000202545 -0.000120578 0.002460113 0.000202571 0.999999940 0.000215394 -0.004094657 0.000120534 -0.000215418 0.999999940 -0.012158479
1.000000000 -0.000008891 -0.000127416 0.000465708 0.000008900 1.000000000 0.000069028 -0.001073153 0.000127416 -0.000069029 1.000000000 -0.005777581
1.000000000 -0.000120050 -0.000041160 -0.000120437 0.000120054 1.000000000 0.000093784 -0.001736456 0.000041148 -0.000093789 1.000000000 -0.006715531
1.000000000 -0.000099681 -0.000054328 -0.001716038 0.000099680 1.000000000 -0.000020501 -0.000879747 0.000054330 0.000020496 1.000000000 -0.008657127
0.999999940 -0.000217488 -0.000133056 0.002687061 0.000217501 1.000000000 0.000097944 -0.001563473 0.000133035 -0.000097973 1.000000000 -0.010689181
1.000000000 -0.000194734 -0.000098582 0.000141830 0.000194741 1.000000000 0.000070754 0.000010295 0.000098568 -0.000070774 1.000000000 -0.009125562
1.000000000 0.000014262 -0.000043752 -0.001079571 -0.000014251 0.999999940 0.000251875 -0.002881292 0.000043755 -0.000251875 0.999999940 -0.011776532
0.999999940 -0.000195289 -0.000189203 0.003458248 0.000195318 0.999999940 0.000155522 -0.004533110 0.000189173 -0.000155559 0.999999940 -0.007044485
1.000000000 -0.000130003 -0.000188893 0.006723098 0.000129920 0.999999881 -0.000435079 -0.008307462 0.000188949 0.000435054 0.999999881 0.041013122
1.000000000 -0.000089049 -0.000217316 0.006657240 0.000088783 0.999999225 -0.001223322 -0.005064100 0.000217424 0.001223303 0.999999225 0.141134337
1.000000000 -0.000046076 -0.000062198 0.002849917 0.000045996 0.999999166 -0.001296159 -0.012414712 0.000062258 0.001296156 0.999999166 0.262468338
0.999999940 -0.000269968 0.000047067 0.005487119 0.000270027 0.999999166 -0.001269002 -0.017307976 -0.000046724 0.001269015 0.999999166 0.389492065
1.000000000 -0.000026796 -0.000094313 0.007906858 0.000026689 0.999999344 -0.001134122 -0.023174852 0.000094344 0.001134119 0.999999344 0.531978190
1.000000000 0.000069478 0.000055080 0.013068076 -0.000069417 0.999999344 -0.001118271 -0.027611230 -0.000055157 0.001118267 0.999999344 0.687926173
1.000000000 -0.000055242 0.000035490 0.022252768 0.000055267 0.999999762 -0.000687420 -0.036909018 -0.000035452 0.000687422 0.999999762 0.847294092
1.000000000 -0.000155584 0.000057951 0.021389034 0.000155617 0.999999821 -0.000572141 -0.042105291 -0.000057862 0.000572150 0.999999821 1.027944446
0.999999940 -0.000211079 0.000156011 0.025959371 0.000211173 0.999999821 -0.000604819 -0.040119044 -0.000155883 0.000604852 0.999999821 1.196427584
0.999999821 -0.000480487 -0.000344008 0.047833610 0.000480396 0.999999821 -0.000263885 -0.055128079 0.000344135 0.000263720 0.999999881 1.409884810
1.000000000 0.000005170 -0.000141427 0.048582181 -0.000005225 0.999999940 -0.000388547 -0.064632185 0.000141425 0.000388547 0.999999940 1.626672983
0.999999940 -0.000376933 0.000058712 0.045824807 0.000376927 0.999999940 0.000092693 -0.069429994 -0.000058747 -0.000092671 1.000000000 1.814605355
0.999997854 -0.001068734 0.001761783 -0.006051615 0.001065786 0.999998033 0.001673211 -0.087613031 -0.001763567 -0.001671329 0.999997020 1.849209547
0.999997497 -0.000652676 0.002136956 -0.003853923 0.000649456 0.999998689 0.001507224 -0.092062235 -0.002137937 -0.001505832 0.999996603 2.077422142
0.999997020 -0.000362636 0.002414168 -0.003194543 0.000358241 0.999998331 0.001820754 -0.095410779 -0.002414824 -0.001819884 0.999995410 2.280910492
0.999997437 -0.001204389 0.001912215 0.009398828 0.001200726 0.999997437 0.001915499 -0.112355098 -0.001914517 -0.001913199 0.999996364 2.500836134
0.999996901 -0.000927753 0.002315745 0.010646526 0.000923020 0.999997497 0.002044225 -0.119425401 -0.002317636 -0.002042081 0.999995232 2.733507872
0.999997199 -0.001074533 0.002117949 0.017155614 0.001070457 0.999997616 0.001924874 -0.119593553 -0.002120013 -0.001922602 0.999995947 2.978777409
0.999996722 -0.001149804 0.002296893 0.022742653 0.001145280 0.999997377 0.001970020 -0.127292946 -0.002299152 -0.001967383 0.999995470 3.222032070
0.999996841 -0.001233235 0.002200026 0.021331541 0.001227877 0.999996305 0.002434703 -0.149401188 -0.002203020 -0.002431994 0.999994636 3.433918476
0.999996901 -0.000968461 0.002292713 0.026624918 0.000962774 0.999996424 0.002480539 -0.157396257 -0.002295107 -0.002478323 0.999994338 3.695207834
0.999997020 -0.001615369 0.001846821 0.037867550 0.001610785 0.999995589 0.002481307 -0.163901135 -0.001850821 -0.002478324 0.999995232 3.962384701
0.999996424 -0.000456777 0.002639254 0.034581982 0.000449267 0.999995828 0.002845636 -0.169867814 -0.002640543 -0.002844440 0.999992490 4.224696636
0.999996781 -0.001761358 0.001808246 0.038279511 0.001755603 0.999993324 0.003179436 -0.192345858 -0.001813834 -0.003176251 0.999993324 4.445472240
0.999996543 -0.001694139 0.001999535 0.047417551 0.001687802 0.999993563 0.003166317 -0.200038448 -0.002004886 -0.003162931 0.999993026 4.706426620
0.999996424 -0.001541019 0.002207987 0.054042526 0.001534498 0.999994397 0.002952409 -0.200053751 -0.002212525 -0.002949010 0.999993205 4.966883183
0.999995828 -0.001975797 0.002115648 0.052011803 0.001968965 0.999992788 0.003226687 -0.209032923 -0.002122008 -0.003222508 0.999992549 5.238993168
0.999994814 -0.001343325 0.002975616 0.034029029 0.001332280 0.999992251 0.003710760 -0.238148674 -0.002980578 -0.003706776 0.999988675 5.458383560
0.999994934 -0.001883119 0.002573058 0.043542247 0.001874021 0.999992073 0.003533613 -0.244912937 -0.002579692 -0.003528773 0.999990404 5.732654095
0.999993980 -0.001371532 0.003193954 0.046340194 0.001359929 0.999992490 0.003632206 -0.253789157 -0.003198911 -0.003627841 0.999988317 6.009651661
0.999992967 -0.000385262 0.003737138 0.032726910 0.000372578 0.999994159 0.003394060 -0.251490623 -0.003738423 -0.003392644 0.999987245 6.318288326
0.999995410 -0.001869929 0.002431450 0.057791997 0.001861598 0.999992430 0.003424153 -0.274413586 -0.002437834 -0.003419611 0.999991119 6.570118427
0.999994457 -0.002011657 0.002642459 0.064997837 0.002002649 0.999992192 0.003407116 -0.277856648 -0.002649293 -0.003401805 0.999990642 6.881265163
0.999995112 -0.001729253 0.002577370 0.074555263 0.001719808 0.999991834 0.003662039 -0.291321039 -0.002583681 -0.003657589 0.999989927 7.163193226
0.999995470 -0.000989332 0.002858742 0.083680287 0.000978337 0.999992192 0.003845221 -0.306348950 -0.002862524 -0.003842407 0.999988496 7.457576275
0.999995351 -0.001564813 0.002613120 0.098437212 0.001553876 0.999990106 0.004182022 -0.314217508 -0.002619638 -0.004177942 0.999987841 7.789453983
0.999993682 -0.002190070 0.002778884 0.075665526 0.002177798 0.999987900 0.004411356 -0.337222159 -0.002788512 -0.004405276 0.999986410 8.088401794
0.999993384 -0.002423492 0.002693495 0.089767650 0.002410934 0.999986172 0.004656141 -0.346959919 -0.002704742 -0.004649615 0.999985576 8.413048744
0.999993265 -0.002699239 0.002476202 0.092448100 0.002688094 0.999986291 0.004493023 -0.352364957 -0.002488296 -0.004486336 0.999986827 8.754196167
0.999992490 -0.002676305 0.002809123 0.100093968 0.002663137 0.999985516 0.004680946 -0.361785352 -0.002821610 -0.004673430 0.999985158 9.101110458
0.999992490 -0.002925222 0.002547024 0.107474998 0.002912652 0.999983549 0.004925360 -0.383150697 -0.002561390 -0.004917905 0.999984622 9.400378227
0.999993563 -0.002522669 0.002548000 0.115405120 0.002509095 0.999982715 0.005316443 -0.396029025 -0.002561368 -0.005310016 0.999982655 9.741220474
0.999993324 -0.002541528 0.002610987 0.113210782 0.002527645 0.999982595 0.005306734 -0.404059619 -0.002624429 -0.005300099 0.999982595 10.129016876
0.999992669 -0.002962892 0.002399221 0.130979985 0.002950122 0.999981463 0.005308623 -0.409649312 -0.002414905 -0.005301507 0.999983072 10.508190155
0.999993563 -0.002892039 0.002095441 0.132862300 0.002881162 0.999982417 0.005175462 -0.426073611 -0.002110371 -0.005169392 0.999984384 10.833941460
0.999995291 -0.001834095 0.002435154 0.133949459 0.001821261 0.999984503 0.005262267 -0.436477304 -0.002444767 -0.005257808 0.999983191 11.224169731
0.999992669 -0.003122004 0.002201619 0.144292071 0.003109425 0.999978960 0.005693774 -0.444394529 -0.002219348 -0.005686887 0.999981344 11.612628937
0.999992549 -0.003262315 0.002067349 0.156132832 0.003250519 0.999978542 0.005683987 -0.450824142 -0.002085848 -0.005677224 0.999981642 11.966868401
0.999991655 -0.003471404 0.002162050 0.154815823 0.003458750 0.999977052 0.005829450 -0.486250699 -0.002182237 -0.005821924 0.999980688 12.302379608
0.999991953 -0.003448971 0.002063305 0.164099410 0.003437189 0.999977887 0.005686528 -0.493141323 -0.002082872 -0.005679389 0.999981761 12.708363533
0.999992907 -0.003110460 0.002129610 0.174534723 0.003098333 0.999979079 0.005674505 -0.504502833 -0.002147216 -0.005667867 0.999981642 13.093779564
0.999993086 -0.002514340 0.002755988 0.183200806 0.002497014 0.999977231 0.006272305 -0.517019868 -0.002771697 -0.006265380 0.999976516 13.523210526
0.999990642 -0.003437439 0.002599344 0.184592143 0.003419785 0.999971271 0.006765648 -0.543184459 -0.002622526 -0.006756696 0.999973714 13.881078720
0.999990165 -0.003263890 0.003005783 0.193562329 0.003243814 0.999972463 0.006660069 -0.557518721 -0.003027439 -0.006650253 0.999973297 14.308789253
0.999987900 -0.003729667 0.003210265 0.201632112 0.003708248 0.999970973 0.006652534 -0.556072414 -0.003234983 -0.006640550 0.999972701 14.758286476
0.999985933 -0.003839331 0.003658785 0.223612756 0.003812792 0.999966502 0.007232971 -0.580424786 -0.003686433 -0.007218920 0.999967217 15.205699921
0.999987960 -0.003086823 0.003803238 0.250841260 0.003059544 0.999969661 0.007157773 -0.589482665 -0.003825217 -0.007146051 0.999967158 15.670356750
0.999986529 -0.003813331 0.003522477 0.222202182 0.003784352 0.999959230 0.008197124 -0.654645383 -0.003553592 -0.008183683 0.999960184 15.983715057
0.999984443 -0.004036177 0.003865448 0.232690319 0.004006630 0.999962926 0.007621566 -0.654806018 -0.003896066 -0.007605959 0.999963522 16.445987701
0.999985695 -0.002896263 0.004527685 0.243580163 0.002859163 0.999962389 0.008179273 -0.665678680 -0.004551205 -0.008166208 0.999956310 16.903488159
0.999985337 -0.003482772 0.004156280 0.255800545 0.003447905 0.999958992 0.008367090 -0.685668945 -0.004185250 -0.008352636 0.999956310 17.352388382
0.999981403 -0.004377059 0.004270561 0.278833866 0.004340095 0.999953330 0.008626599 -0.695797205 -0.004308121 -0.008607904 0.999953747 17.815515518
0.999979496 -0.003410869 0.005428452 0.274376750 0.003364095 0.999957323 0.008602557 -0.698153675 -0.005457562 -0.008584117 0.999948323 18.325563431
0.999979615 -0.004010613 0.004966982 0.266987264 0.003967084 0.999953866 0.008742888 -0.731066883 -0.005001817 -0.008723005 0.999949455 18.673349380
0.999978185 -0.004475077 0.004869385 0.282071143 0.004431481 0.999950349 0.008927359 -0.742056429 -0.004909094 -0.008905586 0.999948263 19.145601273
0.999979615 -0.003445348 0.005369152 0.293025196 0.003394714 0.999949992 0.009411425 -0.755515277 -0.005401309 -0.009393007 0.999941230 19.634368896
0.999979794 -0.003613936 0.005231753 0.295993298 0.003561652 0.999943972 0.009968812 -0.780996025 -0.005267487 -0.009949977 0.999936581 20.135454178
0.999983191 -0.002273124 0.005321168 0.335943550 0.002219507 0.999946952 0.010060601 -0.793830693 -0.005343755 -0.010048622 0.999935210 20.645891190
0.999977767 -0.005305299 0.004037661 0.303836405 0.005268547 0.999945045 0.009059307 -0.800190985 -0.004085501 -0.009037833 0.999950826 21.034553528
0.999980569 -0.005100786 0.003571620 0.314724684 0.005066888 0.999942601 0.009436555 -0.817475617 -0.003619549 -0.009418275 0.999949098 21.550359726
0.999975979 -0.006072466 0.003318351 0.327726245 0.006040140 0.999935031 0.009666286 -0.829926133 -0.003376834 -0.009646011 0.999947786 22.059389114
0.999977946 -0.006088345 0.002641587 0.345364094 0.006061950 0.999932826 0.009887885 -0.841596246 -0.002701610 -0.009871655 0.999947667 22.565496445
0.999975145 -0.006875894 0.001539129 0.354293317 0.006860359 0.999927759 0.009880117 -0.867823422 -0.001606952 -0.009869315 0.999949932 23.022422791
0.999969006 -0.007857319 0.000525037 0.361548066 0.007852023 0.999924719 0.009425146 -0.877235115 -0.000599053 -0.009420730 0.999955475 23.557558060
0.999973953 -0.007226694 0.000143112 0.359420776 0.007225070 0.999931514 0.009210495 -0.882280707 -0.000209664 -0.009209221 0.999957561 24.088582993
0.999977112 -0.006742965 -0.000557754 0.367115289 0.006748195 0.999927461 0.009977522 -0.895752370 0.000490435 -0.009981058 0.999950051 24.561544418
0.999972820 -0.007334535 -0.000781017 0.373379230 0.007341704 0.999926865 0.009610529 -0.898497939 0.000710471 -0.009616001 0.999953449 25.102914810
0.999973714 -0.007142760 -0.001317685 0.380802810 0.007155363 0.999926209 0.009821162 -0.912287712 0.001247438 -0.009830331 0.999950886 25.648221970
0.999960601 -0.008559045 -0.002353587 0.381770015 0.008583149 0.999908805 0.010429271 -0.914456964 0.002264108 -0.010449062 0.999942839 26.182397842
0.999962568 -0.008275376 -0.002527756 0.388235390 0.008300478 0.999914765 0.010087223 -0.924710870 0.002444065 -0.010107826 0.999945879 26.720281601
0.999967158 -0.007593022 -0.002831242 0.391990602 0.007622497 0.999915302 0.010549330 -0.944535613 0.002750900 -0.010570564 0.999940336 27.290241241
0.999967158 -0.007587353 -0.002821813 0.396864474 0.007617066 0.999914110 0.010672908 -0.952017486 0.002740592 -0.010694054 0.999939084 27.822807312
0.999958456 -0.008222768 -0.003923826 0.436004966 0.008263376 0.999911308 0.010447338 -0.964141130 0.003837572 -0.010479329 0.999937713 28.452369690
0.999960124 -0.008042419 -0.003858840 0.361150295 0.008086657 0.999900103 0.011588773 -1.042290211 0.003765253 -0.011619517 0.999925375 28.813055038
0.999964893 -0.007348373 -0.004017874 0.372418165 0.007392744 0.999910593 0.011142653 -1.037404656 0.003935635 -0.011171966 0.999929786 29.361337662
0.999961793 -0.007527648 -0.004428192 0.418650478 0.007578757 0.999903560 0.011640775 -1.074701071 0.004340137 -0.011673893 0.999922395 29.837810516
0.999951422 -0.008480859 -0.005013610 0.416719645 0.008542025 0.999887764 0.012307203 -1.099096060 0.004908672 -0.012349433 0.999911666 30.447277069
0.999957442 -0.007765804 -0.004983054 0.374022782 0.007826876 0.999892950 0.012355569 -1.135369062 0.004886569 -0.012394045 0.999911189 30.869615555
0.999965549 -0.006826963 -0.004728986 0.379653752 0.006887852 0.999892056 0.012981361 -1.151340961 0.004639852 -0.013013486 0.999904573 31.405616760
0.999968410 -0.006244682 -0.004925600 0.382501245 0.006304842 0.999904513 0.012294012 -1.146020651 0.004848359 -0.012324679 0.999912322 31.932134628
0.999974012 -0.005430678 -0.004734426 0.372804046 0.005487768 0.999911368 0.012130085 -1.158672929 0.004668132 -0.012155754 0.999915242 32.434421539
0.999970317 -0.005547307 -0.005342923 0.391384780 0.005607715 0.999919772 0.011358429 -1.165681601 0.005279485 -0.011388055 0.999921203 33.014549255
0.999954939 -0.007512014 -0.005793908 0.368547142 0.007586631 0.999887168 0.012965811 -1.202163100 0.005695854 -0.013009184 0.999899149 33.508457184
0.999949157 -0.008324808 -0.005694435 0.370738089 0.008398039 0.999880791 0.012959309 -1.209239721 0.005585873 -0.013006470 0.999899805 34.019763947
0.999945343 -0.008349651 -0.006296049 0.386731803 0.008428548 0.999885023 0.012610572 -1.217082739 0.006190031 -0.012662951 0.999900579 34.556518555
0.999962509 -0.006573444 -0.005635064 0.369601011 0.006646838 0.999891996 0.013106118 -1.235025406 0.005548303 -0.013143081 0.999898255 35.124794006
0.999967098 -0.005921391 -0.005538089 0.382863581 0.005995411 0.999891698 0.013445972 -1.259266734 0.005457870 -0.013478735 0.999894261 35.659103394
0.999969959 -0.005872422 -0.005057821 0.385488898 0.005940191 0.999891400 0.013489584 -1.268396974 0.004978056 -0.013519226 0.999896169 36.216648102
0.999960244 -0.007128031 -0.005349864 0.334457219 0.007199796 0.999882638 0.013517246 -1.277575612 0.005252886 -0.013555226 0.999894321 36.624198914
0.999953687 -0.007685216 -0.005790719 0.346346855 0.007763525 0.999877036 0.013624537 -1.294155359 0.005685301 -0.013668860 0.999890447 37.164714813
0.999954045 -0.007920271 -0.005399296 0.348556608 0.007994311 0.999872327 0.013832409 -1.298775554 0.005289051 -0.013874937 0.999889731 37.707393646
0.999946594 -0.008429359 -0.005983958 0.356792510 0.008515608 0.999858022 0.014537375 -1.321439981 0.005860568 -0.014587556 0.999876440 38.211868286
0.999949992 -0.008080224 -0.005888485 0.347641766 0.008164321 0.999862969 0.014400201 -1.308944345 0.005771321 -0.014447556 0.999878943 38.718025208
0.999943316 -0.008476886 -0.006436616 0.400902987 0.008573662 0.999848247 0.015159321 -1.342663646 0.006307136 -0.015213648 0.999864340 39.304428101
0.999960005 -0.007267808 -0.005212524 0.361922264 0.007343093 0.999866843 0.014572527 -1.331351638 0.005105920 -0.014610220 0.999880254 39.772232056
0.999942362 -0.008366589 -0.006731095 0.379062921 0.008462844 0.999860466 0.014401127 -1.379834652 0.006609670 -0.014457258 0.999873638 40.255668640
0.999941766 -0.008419401 -0.006751488 0.385096461 0.008522104 0.999846160 0.015330302 -1.396598577 0.006621378 -0.015386945 0.999859691 40.803443909
0.999935091 -0.009030114 -0.006954458 0.394336641 0.009136736 0.999838889 0.015455664 -1.410647869 0.006813772 -0.015518202 0.999856353 41.340248108
0.999927819 -0.009588227 -0.007239104 0.398257554 0.009702340 0.999826491 0.015896535 -1.428758025 0.007085430 -0.015965622 0.999847412 41.908267975
0.999929547 -0.009056803 -0.007673756 0.409983546 0.009173626 0.999840438 0.015327947 -1.438343644 0.007533711 -0.015397265 0.999853015 42.404003143
0.999936283 -0.009031101 -0.006763701 0.337135434 0.009136151 0.999835491 0.015664969 -1.469659090 0.006621118 -0.015725765 0.999854386 42.869174957
0.999930859 -0.009448904 -0.007003218 0.348338962 0.009557842 0.999831259 0.015688747 -1.472177505 0.006853794 -0.015754599 0.999852419 43.429298401
0.999929249 -0.009581973 -0.007048202 0.355609834 0.009689151 0.999835610 0.015332984 -1.483388424 0.006900121 -0.015400190 0.999857605 43.978145599
0.999920607 -0.010310803 -0.007234809 0.380377620 0.010422384 0.999824703 0.015558468 -1.477747083 0.007073119 -0.015632637 0.999852836 44.497856140
0.999922991 -0.009977448 -0.007384105 0.408798039 0.010086336 0.999838769 0.014859009 -1.476362944 0.007234659 -0.014932342 0.999862313 45.047828674
0.999953270 -0.007444978 -0.006161273 0.357739419 0.007545288 0.999836683 0.016420852 -1.579375029 0.006038014 -0.016466573 0.999846160 45.375953674
0.999954343 -0.007202595 -0.006274099 0.365355909 0.007305412 0.999836802 0.016521664 -1.587188959 0.006154077 -0.016566742 0.999843836 45.908061981
0.999950826 -0.007640694 -0.006314485 0.365378976 0.007745766 0.999829113 0.016786352 -1.592452765 0.006185147 -0.016834438 0.999839127 46.474685669
0.999956250 -0.007451381 -0.005652883 0.355809808 0.007543925 0.999834895 0.016530240 -1.598168373 0.005528778 -0.016572161 0.999847353 47.007949829
0.999960661 -0.006903219 -0.005565696 0.359358430 0.006999783 0.999822021 0.017521316 -1.618960142 0.005443753 -0.017559588 0.999830961 47.559314728
0.999958336 -0.007263524 -0.005523243 0.338801056 0.007359821 0.999817669 0.017619316 -1.643864870 0.005394255 -0.017659232 0.999829531 47.933090210
0.999953806 -0.007622823 -0.005859675 0.347334623 0.007724190 0.999817431 0.017475411 -1.648283005 0.005725395 -0.017519865 0.999830127 48.478897095
0.999960780 -0.007313351 -0.004996865 0.340328097 0.007397362 0.999827921 0.017006187 -1.650900841 0.004871634 -0.017042482 0.999842882 49.021049500
0.999963701 -0.006854631 -0.005064736 0.347660810 0.006944546 0.999814689 0.017954050 -1.662791491 0.004940731 -0.017988572 0.999826014 49.564811707
0.999960482 -0.007033749 -0.005437527 0.341275960 0.007135380 0.999795854 0.018902807 -1.684786081 0.005303460 -0.018940859 0.999806523 49.965660095
0.999965370 -0.006515703 -0.005186996 0.353530556 0.006610319 0.999808133 0.018437997 -1.690407515 0.005065865 -0.018471649 0.999816477 50.502998352
0.999957263 -0.007451658 -0.005486482 0.375774115 0.007554293 0.999792278 0.018930031 -1.689105749 0.005344284 -0.018970665 0.999805748 51.036426544
0.999966323 -0.006882029 -0.004478571 0.348310709 0.006962680 0.999809265 0.018248739 -1.695024490 0.004352129 -0.018279308 0.999823451 51.577541351
0.999966621 -0.006561885 -0.004864504 0.339852333 0.006655250 0.999789000 0.019432038 -1.731403708 0.004735967 -0.019463763 0.999799371 51.971813202
0.999968886 -0.006268459 -0.004783947 0.343529850 0.006360324 0.999790907 0.019435300 -1.736068845 0.004661118 -0.019465121 0.999799728 52.526428223
0.999965489 -0.006457843 -0.005228124 0.357885599 0.006556325 0.999797165 0.019044226 -1.739162564 0.005104078 -0.019077849 0.999804974 53.082996368
0.999961078 -0.007095717 -0.005252984 0.383783489 0.007192038 0.999802172 0.018550368 -1.727352500 0.005120317 -0.018587427 0.999814153 53.612743378
0.999962986 -0.006844263 -0.005218202 0.339110494 0.006946694 0.999778450 0.019870909 -1.766688228 0.005081045 -0.019906422 0.999788940 53.998878479
0.999968410 -0.006168900 -0.005021385 0.345088154 0.006266854 0.999785721 0.019731333 -1.781566620 0.004898589 -0.019762177 0.999792695 54.540309906
0.999968886 -0.006392851 -0.004628785 0.352756441 0.006482217 0.999787807 0.019556349 -1.779855371 0.004502782 -0.019585747 0.999798059 55.063697815
0.999968290 -0.006479057 -0.004620810 0.342372119 0.006572637 0.999767661 0.020533066 -1.810481906 0.004486701 -0.020562790 0.999778450 55.518562317
0.999967515 -0.006647224 -0.004556733 0.351019830 0.006741650 0.999756098 0.021029929 -1.822650433 0.004415831 -0.021059968 0.999768436 56.058143616
0.999964297 -0.006839112 -0.004968484 0.361191064 0.006938681 0.999769688 0.020307334 -1.811956286 0.004828456 -0.020341083 0.999781489 56.606067657
0.999961734 -0.007157199 -0.005046442 0.378852665 0.007254975 0.999780953 0.019630916 -1.808809757 0.004904835 -0.019666776 0.999794543 57.133945465
0.999957919 -0.007698008 -0.005001278 0.366339117 0.007794132 0.999779582 0.019493544 -1.811741710 0.004850113 -0.019531704 0.999797523 57.636222839
0.999958575 -0.007630217 -0.004948395 0.347061843 0.007733307 0.999746323 0.021159913 -1.854024768 0.004785686 -0.021197306 0.999763846 58.005283356
0.999956071 -0.008089284 -0.004721636 0.360951930 0.008183483 0.999760807 0.020284154 -1.858302593 0.004556422 -0.020321904 0.999783099 58.554283142
0.999958813 -0.007552944 -0.005032287 0.412586182 0.007658998 0.999741673 0.021399768 -1.882662654 0.004869356 -0.021437433 0.999758303 59.047714233
0.999959171 -0.007727596 -0.004684591 0.407629192 0.007826101 0.999740601 0.021386711 -1.896291256 0.004518108 -0.021422498 0.999760270 59.627403259
0.999958038 -0.007824374 -0.004767622 0.434705824 0.007922680 0.999748886 0.020961598 -1.883725882 0.004602415 -0.020998491 0.999768853 60.137893677
0.999959469 -0.007557299 -0.004889048 0.365813196 0.007659065 0.999747157 0.021142554 -1.875339508 0.004728030 -0.021179145 0.999764442 60.534309387
0.999962509 -0.007340835 -0.004583437 0.370280504 0.007436136 0.999749005 0.021133497 -1.885148883 0.004427149 -0.021166790 0.999766111 61.081207275
0.999964893 -0.007223037 -0.004259172 0.357391685 0.007314224 0.999735653 0.021797515 -1.913399816 0.004100601 -0.021827903 0.999753296 61.641426086
0.999960780 -0.007421075 -0.004829369 0.360742629 0.007524257 0.999736011 0.021710154 -1.923438430 0.004666981 -0.021745641 0.999752641 62.104873657
0.999960005 -0.007555896 -0.004787765 0.377071172 0.007659852 0.999726832 0.022079689 -1.933570504 0.004619624 -0.022115478 0.999744773 62.645572662
0.999963343 -0.007182601 -0.004652787 0.392800391 0.007281761 0.999738932 0.021657614 -1.935347915 0.004496015 -0.021690702 0.999754548 63.213760376
0.999965847 -0.006930248 -0.004505071 0.386213958 0.007027240 0.999735773 0.021882664 -1.941376209 0.004352229 -0.021913573 0.999750376 63.617389679
0.999965787 -0.006929015 -0.004515048 0.393874317 0.007024171 0.999746025 0.021412166 -1.944511294 0.004365536 -0.021443149 0.999760509 64.170791626
0.999959826 -0.007282682 -0.005229182 0.415715456 0.007394692 0.999736488 0.021730157 -1.948615909 0.005069549 -0.021767952 0.999750137 64.714965820
0.999967992 -0.006746980 -0.004302633 0.372272938 0.006841064 0.999729395 0.022240188 -1.983434319 0.004151415 -0.022268912 0.999743402 65.144950867
0.999970078 -0.006674617 -0.003900428 0.375978947 0.006758455 0.999737501 0.021892082 -1.980972052 0.003753285 -0.021917786 0.999752700 65.683364868
0.999969602 -0.006572960 -0.004201373 0.396611661 0.006666194 0.999722958 0.022576455 -1.996485353 0.004051816 -0.022603774 0.999736249 66.240715027
0.999973655 -0.006081095 -0.003961535 0.382708728 0.006168113 0.999731421 0.022336673 -2.004438877 0.003824638 -0.022360520 0.999742568 66.672271729
0.999970794 -0.006373605 -0.004215254 0.395462424 0.006465963 0.999731064 0.022272166 -2.007630348 0.004072167 -0.022298772 0.999742985 67.213203430
0.999969542 -0.006341714 -0.004554930 0.438817203 0.006441750 0.999730706 0.022293536 -2.010874271 0.004412323 -0.022322198 0.999741018 67.711723328
0.999980450 -0.005073867 -0.003643479 0.460179031 0.005153746 0.999738872 0.022260062 -2.018464088 0.003529585 -0.022278406 0.999745548 68.232772827
0.999975801 -0.005715071 -0.003967452 0.431368232 0.005804769 0.999719083 0.022977779 -2.051849842 0.003835016 -0.023000250 0.999728084 68.631881714
0.999975801 -0.005739867 -0.003929632 0.435639262 0.005825645 0.999737084 0.022176832 -2.046499729 0.003801307 -0.022199187 0.999746323 69.194869995
0.999969959 -0.006082712 -0.004802796 0.450874418 0.006189737 0.999725521 0.022592761 -2.055009842 0.004664053 -0.022621809 0.999733210 69.756332397
0.999972880 -0.005982914 -0.004312286 0.450771272 0.006076408 0.999739408 0.022003802 -2.051874638 0.004179515 -0.022029405 0.999748588 70.314987183
0.999979317 -0.005267838 -0.003686041 0.458120614 0.005351341 0.999720573 0.023023402 -2.073271036 0.003563726 -0.023042651 0.999728143 70.670188904
0.999978185 -0.005557314 -0.003566663 0.467228353 0.005639731 0.999707282 0.023529589 -2.081423044 0.003434857 -0.023549192 0.999716818 71.217033386
0.999974728 -0.006079929 -0.003670329 0.476841480 0.006162638 0.999717355 0.022960348 -2.078938007 0.003529695 -0.022982391 0.999729633 71.701461792
0.999982357 -0.004893807 -0.003365900 0.478210688 0.004972661 0.999703526 0.023832453 -2.095000267 0.003248269 -0.023848770 0.999710262 72.200187683
0.999980032 -0.005061618 -0.003791424 0.499630302 0.005149783 0.999707758 0.023616841 -2.102823257 0.003670776 -0.023635894 0.999713838 72.737556458
0.999982476 -0.004802688 -0.003468056 0.520719171 0.004882792 0.999712586 0.023470784 -2.113686562 0.003354337 -0.023487307 0.999718487 73.285644531
0.999971569 -0.006103819 -0.004431584 0.566233873 0.006204842 0.999712646 0.023151977 -2.116085529 0.004288995 -0.023178814 0.999722123 73.770828247
0.999976218 -0.005763596 -0.003785039 0.496189505 0.005851021 0.999706447 0.023507606 -2.100474596 0.003648440 -0.023529191 0.999716520 74.302925110
0.999985099 -0.004401262 -0.003231050 0.502909064 0.004473741 0.999730468 0.022778688 -2.100192547 0.003129924 -0.022792799 0.999735355 74.864646912
0.999970734 -0.006548289 -0.003960352 0.537832201 0.006636774 0.999718904 0.022758406 -2.108788013 0.003810211 -0.022784023 0.999733150 75.387611389
0.999979794 -0.005573958 -0.003062138 0.496017694 0.005644866 0.999704301 0.023657758 -2.109530449 0.002929365 -0.023674568 0.999715447 75.890747070
0.999984622 -0.004840308 -0.002706460 0.503580213 0.004902784 0.999710143 0.023574473 -2.109885931 0.002591567 -0.023587378 0.999718428 76.446449280
0.999985933 -0.005209759 -0.001017964 0.505615771 0.005231834 0.999720812 0.023041571 -2.110014915 0.000897638 -0.023046572 0.999733984 77.027130127
0.999988854 -0.004703530 -0.000115870 0.512171984 0.004704953 0.999713361 0.023475237 -2.117142916 0.000005422 -0.023475524 0.999724329 77.461189270
0.999985933 -0.005156352 0.001231674 0.513233244 0.005125906 0.999709249 0.023560576 -2.127458096 -0.001352801 -0.023553928 0.999721646 78.017143250
0.999985874 -0.004808009 0.002267014 0.523998141 0.004753478 0.999713063 0.023475356 -2.117616892 -0.002379234 -0.023464248 0.999721825 78.569686890
0.999973178 -0.005580615 0.004744228 0.555292249 0.005469633 0.999718368 0.023092642 -2.114109039 -0.004871762 -0.023066074 0.999722064 79.070899963
0.999952734 -0.004515240 0.008610362 0.571085095 0.004313126 0.999718010 0.023349211 -2.118199587 -0.008713362 -0.023310967 0.999690354 79.603660583
0.999919951 -0.005561828 0.011366161 0.594359636 0.005294418 0.999711692 0.023422968 -2.120685101 -0.011493158 -0.023360915 0.999660969 80.136566162
0.999862194 -0.005293646 0.015733084 0.599374175 0.004925010 0.999714494 0.023377772 -2.122400761 -0.015852347 -0.023297064 0.999602914 80.637443542
0.999750197 -0.004420430 0.021905679 0.632991791 0.003902792 0.999713421 0.023616947 -2.133413553 -0.022003802 -0.023525558 0.999481022 81.173110962
0.999616385 -0.005415698 0.027159633 0.672348022 0.004790914 0.999723554 0.023016652 -2.122746229 -0.027276775 -0.022877706 0.999366105 81.702011108
0.999432087 -0.005514217 0.033243414 0.690570354 0.004730436 0.999710083 0.023609765 -2.135307312 -0.033363964 -0.023439100 0.999168396 82.225814819
0.999134719 -0.005131435 0.041272134 0.754828453 0.004170655 0.999719083 0.023331650 -2.136794329 -0.041380264 -0.023139328 0.998875439 82.757476807
0.998755038 -0.006233681 0.049492534 0.794773817 0.005092883 0.999719203 0.023142662 -2.137772322 -0.049622893 -0.022861788 0.998506367 83.301956177
0.998356223 -0.005891473 0.057010975 0.840145350 0.004564357 0.999716222 0.023380555 -2.144166470 -0.057132538 -0.023081899 0.998099804 83.820472717
0.997859120 -0.006358460 0.065090775 0.905038357 0.004860902 0.999720454 0.023139801 -2.157195091 -0.065219715 -0.022773862 0.997611046 84.381248474
0.997146308 -0.006220667 0.075236209 0.943370819 0.004406820 0.999696195 0.024250723 -2.167869091 -0.075364217 -0.023849970 0.996870756 84.956573486
0.996393740 -0.006311329 0.084614523 1.003083229 0.004358239 0.999720216 0.023247072 -2.160101891 -0.084737562 -0.022794466 0.996142507 85.509376526
0.995655239 -0.005160165 0.092973590 1.091018200 0.002993888 0.999721169 0.023424352 -2.179611206 -0.093068533 -0.023044227 0.995392919 86.019042969
0.994779944 -0.007813832 0.101743095 1.179698467 0.005432779 0.999705374 0.023658689 -2.176976919 -0.101897985 -0.022982443 0.994529366 86.518943787
0.993554890 -0.006815503 0.113148101 1.224798203 0.004011070 0.999679565 0.024994692 -2.196662426 -0.113282196 -0.024379751 0.993263662 87.046943665
0.992400289 -0.006532324 0.122878239 1.306084633 0.003467304 0.999677896 0.025140885 -2.205657005 -0.123002894 -0.024523763 0.992103219 87.589622498
0.990983963 -0.005518417 0.133867592 1.411023140 0.002144318 0.999676764 0.025335852 -2.213735104 -0.133964106 -0.024820369 0.990675330 88.124389648
0.989247620 -0.005916016 0.146130577 1.495589256 0.002211109 0.999672353 0.025502823 -2.213131189 -0.146233574 -0.024905493 0.988936543 88.668121338
0.987667084 -0.006629074 0.156428084 1.629281998 0.002726930 0.999680042 0.025146730 -2.226693153 -0.156544730 -0.024410026 0.987369180 89.207427979
0.986155152 -0.007674164 0.165646955 1.680535316 0.003623785 0.999687314 0.024740262 -2.185458899 -0.165785015 -0.023797467 0.985874712 89.796035767
0.983969152 -0.007494342 0.178180903 1.798077583 0.003101191 0.999684632 0.024921302 -2.188913345 -0.178311467 -0.023969218 0.983682036 90.334632874
0.981640577 -0.007325678 0.190599173 1.934262276 0.002482440 0.999668181 0.025636962 -2.202742338 -0.190723747 -0.024693130 0.981333077 90.867187500
0.979629278 -0.009235911 0.200602248 2.081091881 0.004425836 0.999692142 0.024413437 -2.195253849 -0.200765997 -0.023028284 0.979368448 91.437644958
0.976537645 -0.007751390 0.215207219 2.175289154 0.002494731 0.999692082 0.024686927 -2.165643930 -0.215332314 -0.023570828 0.976256311 92.025108337
0.973404467 -0.007713783 0.228963315 2.321687698 0.002105735 0.999692082 0.024727432 -2.162612677 -0.229083553 -0.023587657 0.973120928 92.552970886
0.970728815 -0.008265140 0.240035877 2.487548828 0.002427441 0.999694347 0.024605595 -2.159756184 -0.240165874 -0.023302689 0.970452070 93.097999573
0.967786491 -0.008366262 0.251633286 2.700784683 0.002175461 0.999688327 0.024870606 -2.182777405 -0.251762956 -0.023522016 0.967503071 93.570144653
0.963779747 -0.007981455 0.266580075 2.830013275 0.001424073 0.999691844 0.024782436 -2.167699337 -0.266695678 -0.023505179 0.963494122 94.248176575
0.960211873 -0.007989879 0.279158235 3.005241394 0.001193844 0.999698937 0.024506284 -2.168924809 -0.279270023 -0.023197951 0.959932327 94.775047302
0.956997812 -0.008650666 0.289966404 3.195966721 0.001343637 0.999676704 0.025389194 -2.185291052 -0.290092260 -0.023907792 0.956700027 95.283248901
0.952368677 -0.008199974 0.304838628 3.371568680 0.000664421 0.999691844 0.024815338 -2.175376177 -0.304948151 -0.023430809 0.952080667 95.797431946
0.947936773 -0.010155674 0.318296552 3.585002899 0.002454253 0.999694705 0.024587436 -2.173895121 -0.318449080 -0.022526154 0.947672307 96.367752075
0.944139242 -0.010415272 0.329381883 3.770841599 0.002505285 0.999698400 0.024429977 -2.173004389 -0.329536974 -0.022240106 0.943880737 96.817199707
0.939855278 -0.010018772 0.341426343 4.017360687 0.001685357 0.999693573 0.024695545 -2.163367510 -0.341569185 -0.022634810 0.939584017 97.409507751
0.934476018 -0.009765670 0.355892271 4.237739563 0.000886414 0.999684453 0.025103820 -2.163419724 -0.356025219 -0.023143446 0.934189796 97.942565918
0.929929495 -0.011193197 0.367567390 4.471588135 0.002318684 0.999695182 0.024576645 -2.168416023 -0.367730469 -0.022002272 0.929672122 98.451370239
0.925104678 -0.010267373 0.379573524 4.698053360 0.000944375 0.999693453 0.024739819 -2.172022820 -0.379711211 -0.022528458 0.924830735 98.972724915
0.920029461 -0.014108036 0.391595244 4.961448669 0.004541120 0.999668479 0.025346057 -2.189729691 -0.391822934 -0.021540835 0.919788361 99.382011414
0.913044751 -0.008240736 0.407776177 5.205005646 -0.002737439 0.999649525 0.026331244 -2.201863527 -0.407850176 -0.025157861 0.912702203 100.044525146
0.907925248 -0.008077599 0.419054300 5.446327209 -0.003372619 0.999641180 0.026576001 -2.210141182 -0.419118524 -0.025542332 0.907572150 100.519683838
0.902599990 -0.009130603 0.430383384 5.709072113 -0.002634944 0.999639094 0.026733395 -2.215079546 -0.430472195 -0.025263598 0.902250171 100.991958618
0.895873189 -0.009382643 0.444210649 5.980781555 -0.002751334 0.999640703 0.026663294 -2.238041639 -0.444301218 -0.025109101 0.895525515 101.465316772
0.889599681 -0.007773037 0.456675082 6.246215820 -0.004953437 0.999632239 0.026663933 -2.245523691 -0.456714422 -0.025982333 0.889233887 101.970909119
0.883994579 -0.008896691 0.467412591 6.559997559 -0.003752005 0.999651730 0.026123263 -2.233788967 -0.467482239 -0.024846558 0.883653224 102.489669800
0.876901805 -0.011433843 0.480533540 6.802486420 -0.000676312 0.999686837 0.025020776 -2.147611618 -0.480669022 -0.022265753 0.876619339 102.996307373
0.869897962 -0.012409776 0.493075550 7.104515076 0.000034581 0.999684989 0.025099166 -2.151898861 -0.493231654 -0.021816662 0.869624317 103.460731506
