1.000000000 0.000000000 0.000000000 0.000000000 0.000000000 1.000000000 0.000000000 0.000000000 0.000000000 0.000000000 1.000000000 0.000000000
1.000000000 -0.000054443 -0.000203472 0.004942216 0.000054470 1.000000000 0.000134739 -0.003660459 0.000203465 -0.000134750 1.000000000 -0.003307920
1.000000000 0.000020092 0.000043243 0.000337581 -0.000020095 1.000000000 0.000085827 -0.002581040 -0.000043241 -0.000085828 1.000000000 -0.002995850
1.000000000 -0.000122277 -0.000157251 0.006045938 0.000122299 1.000000000 0.000141371 -0.002536077 0.000157234 -0.000141390 1.000000000 -0.004167522
1.000000000 -0.000009611 -0.000077512 0.001612991 0.000009615 1.000000000 0.000046184 0.000183239 0.000077512 -0.000046185 1.000000000 0.001656837
1.000000000 -0.000037083 0.000063900 -0.000346466 0.000037084 1.000000000 -0.000013863 -0.001133050 -0.000063900 0.000013865 1.000000000 -0.000682782
1.000000000 -0.000085880 -0.000129656 0.004325361 0.000085899 1.000000000 0.000150119 -0.002734358 0.000129643 -0.000150130 1.000000000 -0.006368929
1.000000000 -0.000113350 -0.000106592 -0.000163551 0.000113350 1.000000000 0.000005353 0.000751247 0.000106592 -0.000005365 1.000000000 0.001935541
1.000000000 0.000051604 -0.000089406 0.002337382 -0.000051596 1.000000000 0.000088012 -0.003118265 0.000089411 -0.000088007 1.000000000 -0.008597107
1.000000000 0.000042632 0.000031357 0.000740767 -0.000042635 1.000000000 0.000096147 -0.001833784 -0.000031353 -0.000096149 1.000000000 -0.005781322
1.000000000 0.000146224 0.000105641 -0.001847247 -0.000146225 1.000000000 0.000012040 -0.001216346 -0.000105640 -0.000012055 1.000000000 -0.004259469
1.000000000 -0.000120943 -0.000011224 -0.000483645 0.000120944 1.000000000 0.000079961 -0.003728458 0.000011214 -0.000079963 1.000000000 -0.009307876
1.000000000 -0.000051752 0.000031734 -0.000151858 0.000051751 1.000000000 0.000053361 -0.001777381 -0.000031737 -0.000053359 1.000000000 -0.006464571
1.000000000 -0.000015015 -0.000008438 0.000954999 0.000015015 1.000000000 0.000089161 -0.001892767 0.000008437 -0.000089161 1.000000000 -0.006880921
1.000000000 -0.000165918 -0.000069873 0.000312329 0.000165929 1.000000000 0.000164574 -0.001382587 0.000069845 -0.000164586 1.000000000 -0.008158810
0.999999940 -0.000251498 -0.000082577 -0.001343562 0.000251506 0.999999940 0.000098309 -0.002401071 0.000082553 -0.000098330 1.000000000 -0.008567088
1.000000000 -0.000210099 0.000009722 0.000253198 0.000210098 1.000000000 0.000089114 -0.001493866 -0.000009740 -0.000089112 1.000000000 -0.008865468
1.000000000 0.000068746 0.000014331 0.002098294 -0.000068749 1.000000000 0.000198864 -0.004195093 -0.000014317 -0.000198865 1.000000000 -0.012700869
1.000000000 -0.000228281 -0.000070088 0.002059362 0.000228289 0.999999940 0.000109082 -0.003568460 0.000070063 -0.000109098 1.000000000 -0.008631089
0.999999940 -0.000313907 -0.000095116 0.005804261 0.000313926 0.999999940 0.000192837 -0.005611871 0.000095056 -0.000192867 1.000000000 -0.020047996
1.000000000 -0.000050675 -0.000053393 0.005343413 0.000050690 0.999999940 0.000280174 -0.006376462 0.000053379 -0.000280177 0.999999940 -0.018628906
1.000000000 0.000083035 0.000026506 -0.000339642 -0.000083038 1.000000000 0.000112432 -0.001464379 -0.000026496 -0.000112434 1.000000000 -0.007033882
0.999999940 -0.000228610 -0.000165237 0.004422278 0.000228631 0.999999940 0.000130287 -0.003358828 0.000165207 -0.000130325 1.000000000 -0.012075798
0.999999940 -0.000230882 -0.000100986 0.001381667 0.000230905 0.999999940 0.000228025 -0.003905637 0.000100933 -0.000228049 0.999999940 -0.007456343
1.000000000 0.000015395 -0.000087095 0.005552811 -0.000015375 1.000000000 0.000222518 -0.003545802 0.000087099 -0.000222516 1.000000000 -0.016109530
1.000000000 -0.000055947 -0.000039653 0.000675045 0.000055956 1.000000000 0.000221655 -0.003090610 0.000039641 -0.000221657 1.000000000 -0.013690856
1.000000000 -0.000107034 -0.000002281 -0.001738700 0.000107034 1.000000000 0.000166098 -0.004612622 0.000002263 -0.000166098 1.000000000 -0.012756857
1.000000000 -0.000056804 0.000013426 -0.001391935 0.000056801 1.000000000 0.000204153 -0.003173463 -0.000013437 -0.000204152 1.000000000 -0.009775798
0.999999940 -0.000231784 -0.000111412 -0.000695283 0.000231799 0.999999940 0.000135944 -0.000356218 0.000111380 -0.000135970 1.000000000 -0.007093366
1.000000000 -0.000089448 -0.000094903 0.001050014 0.000089465 1.000000000 0.000183789 -0.002175256 0.000094886 -0.000183797 1.000000000 -0.007878713
1.000000000 -0.000155695 -0.000019051 -0.001305513 0.000155697 1.000000000 0.000138400 -0.001051306 0.000019029 -0.000138403 1.000000000 -0.001680540
0.999999940 -0.000243567 -0.000147951 -0.002507402 0.000243607 0.999999940 0.000272871 -0.003608582 0.000147884 -0.000272907 0.999999940 -0.010211496
0.999999940 -0.000239296 -0.000143531 0.002173132 0.000239340 0.999999940 0.000309823 -0.003855664 0.000143457 -0.000309857 0.999999940 -0.014203650
1.000000000 0.000008628 -0.000060880 -0.000840546 -0.000008621 1.000000000 0.000102251 -0.001397663 0.000060881 -0.000102250 1.000000000 -0.006686320
1.000000000 -0.000129795 -0.000068372 -0.001152641 0.000129801 1.000000000 0.000089575 -0.000969826 0.000068360 -0.000089584 1.000000000 -0.007428175
1.000000000 -0.000215659 -0.000046642 -0.003121393 0.000215660 1.000000000 0.000040363 -0.000429930 0.000046633 -0.000040373 1.000000000 -0.011323032
0.999999940 -0.000273157 -0.000173771 0.004200437 0.000273184 0.999999940 0.000155055 -0.001917423 0.000173728 -0.000155103 1.000000000 -0.013026858
1.000000000 -0.000187365 -0.000037020 -0.000117803 0.000187368 1.000000000 0.000077163 0.000096655 0.000037006 -0.000077170 1.000000000 -0.007178780
1.000000000 -0.000021313 -0.000067651 -0.001004387 0.000021334 0.999999940 0.000316248 -0.003192063 0.000067645 -0.000316249 0.999999940 -0.011847343
0.999999940 -0.000207355 -0.000222713 0.004784351 0.000207397 0.999999940 0.000188778 -0.005300588 0.000222674 -0.000188825 0.999999940 -0.006519443
1.000000000 -0.000121589 -0.000194251 0.008299455 0.000121513 0.999999940 -0.000392614 -0.008902707 0.000194299 0.000392591 0.999999881 0.041336928
1.000000000 -0.000081825 -0.000206577 0.008462922 0.000081580 0.999999285 -0.001184126 -0.004844954 0.000206674 0.001184109 0.999999285 0.144680828
1.000000000 -0.000120426 -0.000013479 0.003787361 0.000120409 0.999999166 -0.001272821 -0.011511216 0.000013632 0.001272819 0.999999166 0.264244854
0.999999881 -0.000409753 0.000115220 0.003436027 0.000409877 0.999999344 -0.001083901 -0.015950317 -0.000114776 0.001083948 0.999999404 0.384489834
1.000000000 0.000127815 -0.000050119 0.006497243 -0.000127867 0.999999464 -0.001021863 -0.021954188 0.000049988 0.001021869 0.999999464 0.530917525
1.000000000 0.000046741 0.000081684 0.011835327 -0.000046651 0.999999404 -0.001093247 -0.025749106 -0.000081735 0.001093243 0.999999404 0.686802149
1.000000000 -0.000013309 0.000146710 0.033008844 0.000013410 0.999999762 -0.000687987 -0.038493041 -0.000146701 0.000687989 0.999999762 0.854878724
0.999999940 -0.000120163 0.000301014 0.018115152 0.000120345 0.999999821 -0.000605613 -0.037891731 -0.000300941 0.000605649 0.999999762 1.023277283
0.999999821 0.000185219 0.000521144 0.014784249 -0.000184816 0.999999702 -0.000772427 -0.033319924 -0.000521287 0.000772331 0.999999583 1.189610243
0.999999940 -0.000270132 0.000053673 0.041828852 0.000270160 0.999999821 -0.000508202 -0.050963435 -0.000053536 0.000508217 0.999999881 1.413183928
0.999999940 0.000179499 0.000359021 0.031128131 -0.000179348 0.999999881 -0.000421085 -0.062206481 -0.000359097 0.000421021 0.999999821 1.606444836
0.999999881 0.000010689 0.000510861 0.031092795 -0.000010716 1.000000000 0.000051639 -0.069439180 -0.000510860 -0.000051644 0.999999881 1.800402999
0.999999404 -0.000736260 0.000706323 0.023625473 0.000735014 0.999998152 0.001762191 -0.099212602 -0.000707619 -0.001761671 0.999998212 1.997200012
0.999999344 -0.000328097 0.001055734 0.027534781 0.000326368 0.999998629 0.001637447 -0.104584098 -0.001056270 -0.001637101 0.999998212 2.218917370
0.999999464 -0.000237388 0.000952125 0.028619219 0.000235833 0.999998629 0.001633380 -0.109135300 -0.000952512 -0.001633155 0.999998212 2.433124065
0.999999464 -0.000233703 0.000994180 0.034897216 0.000231926 0.999998391 0.001786867 -0.121161811 -0.000994596 -0.001786636 0.999997854 2.657313347
0.999999046 -0.000224712 0.001392918 0.036609460 0.000222033 0.999998152 0.001923180 -0.122655563 -0.001393348 -0.001922869 0.999997139 2.895702600
0.999998987 -0.000185165 0.001408044 0.040652536 0.000182524 0.999998212 0.001875440 -0.127243161 -0.001408388 -0.001875181 0.999997199 3.133742571
0.999999166 -0.000130997 0.001289041 0.041811354 0.000128561 0.999998152 0.001889930 -0.139819905 -0.001289286 -0.001889763 0.999997377 3.374911070
0.999999225 -0.000063024 0.001182002 0.053429574 0.000060397 0.999997437 0.002222813 -0.149713129 -0.001182139 -0.002222740 0.999996841 3.618626118
0.999999046 0.000492099 0.001303087 0.052082784 -0.000494693 0.999997914 0.001991242 -0.151527390 -0.001302104 -0.001991885 0.999997139 3.875028133
0.999999046 -0.001007372 0.000945454 0.063711591 0.001005155 0.999996662 0.002342904 -0.167093471 -0.000947811 -0.002341951 0.999996781 4.159750938
0.999999285 -0.000735829 0.001024115 0.069580555 0.000733033 0.999996006 0.002728271 -0.177590117 -0.001026118 -0.002727518 0.999995768 4.408778667
0.999999344 -0.000628474 0.001002202 0.075482845 0.000625482 0.999995291 0.002982982 -0.183175951 -0.001004072 -0.002982353 0.999995053 4.678771496
0.999999166 -0.000618024 0.001188676 0.071180306 0.000614714 0.999996006 0.002783445 -0.188324153 -0.001190391 -0.002782712 0.999995410 4.945613861
0.999998569 -0.000556250 0.001664041 0.071749188 0.000551832 0.999996364 0.002654384 -0.193020195 -0.001665511 -0.002653461 0.999995053 5.182813644
0.999999404 -0.000931521 0.000605791 0.072711252 0.000929647 0.999994814 0.003085430 -0.212919816 -0.000608662 -0.003084865 0.999994993 5.489507675
0.999999642 -0.000644916 0.000508991 0.088009983 0.000643511 0.999995947 0.002755591 -0.208754286 -0.000510766 -0.002755263 0.999996066 5.756762505
0.999999464 -0.000472272 0.000916299 0.077152178 0.000469239 0.999994457 0.003307417 -0.234686524 -0.000917856 -0.003306985 0.999994099 6.000983238
0.999999344 -0.000433193 0.001048825 0.086820856 0.000429926 0.999995112 0.003113203 -0.232295632 -0.001050169 -0.003112750 0.999994636 6.310345173
0.999999106 -0.000416766 0.001300290 0.097216055 0.000412780 0.999995232 0.003064029 -0.237608895 -0.001301561 -0.003063489 0.999994516 6.584528446
0.999998152 -0.000105485 0.001928237 0.099273160 0.000100400 0.999996662 0.002637163 -0.252875626 -0.001928508 -0.002636965 0.999994636 6.848721027
0.999998808 -0.000262393 0.001557547 0.114690922 0.000258477 0.999996841 0.002513509 -0.258682311 -0.001558202 -0.002513102 0.999995530 7.142570972
0.999998331 -0.000474687 0.001771670 0.123148561 0.000470105 0.999996543 0.002585820 -0.270638734 -0.001772891 -0.002584982 0.999995053 7.430813313
0.999998510 -0.000144167 0.001726826 0.132812604 0.000139513 0.999996483 0.002694957 -0.283692628 -0.001727208 -0.002694712 0.999994814 7.737007141
0.999998271 -0.000276722 0.001851421 0.148276627 0.000270998 0.999995232 0.003091096 -0.290476620 -0.001852268 -0.003090589 0.999993503 8.061111450
0.999998331 -0.000198058 0.001824691 0.133321300 0.000192184 0.999994814 0.003219227 -0.306402326 -0.001825319 -0.003218871 0.999993145 8.340610504
0.999998569 -0.000339112 0.001697478 0.148375779 0.000334315 0.999995947 0.002825214 -0.308493555 -0.001698429 -0.002824642 0.999994576 8.667480469
0.999998212 -0.001133906 0.001514558 0.151406124 0.001129241 0.999994695 0.003077840 -0.320903003 -0.001518041 -0.003076124 0.999994099 9.005908966
0.999997795 -0.000651543 0.001995825 0.155705184 0.000645309 0.999994993 0.003122597 -0.329127699 -0.001997849 -0.003121303 0.999993086 9.355155945
0.999998152 -0.000782315 0.001756996 0.172754675 0.000776632 0.999994457 0.003232569 -0.341873378 -0.001759516 -0.003231198 0.999993205 9.685898781
0.999998033 -0.000592626 0.001937115 0.176029101 0.000585448 0.999993086 0.003704041 -0.347696662 -0.001939296 -0.003702900 0.999991238 10.036218643
0.999997258 -0.000035536 0.002333399 0.165328875 0.000027603 0.999994218 0.003399609 -0.367261887 -0.002333507 -0.003399536 0.999991477 10.357029915
0.999997079 -0.000167333 0.002402175 0.173585281 0.000159143 0.999994159 0.003409038 -0.377014279 -0.002402731 -0.003408646 0.999991298 10.715833664
0.999996901 -0.000046359 0.002489613 0.177753568 0.000037243 0.999993265 0.003661797 -0.384388655 -0.002489766 -0.003661693 0.999990225 11.097475052
0.999996722 -0.001361973 0.002172443 0.197645649 0.001354074 0.999992490 0.003633418 -0.390170544 -0.002177376 -0.003630464 0.999991059 11.489413261
0.999997437 -0.001055124 0.001985969 0.222552717 0.001049739 0.999995828 0.002710487 -0.389483452 -0.001988820 -0.002708395 0.999994338 11.864085197
0.999997258 -0.000761619 0.002197215 0.229080468 0.000754961 0.999995172 0.003029267 -0.396195889 -0.002199511 -0.003027600 0.999992967 12.268762589
0.999997675 -0.000592521 0.002068831 0.221249521 0.000583947 0.999991179 0.004142923 -0.436698377 -0.002071267 -0.004141705 0.999989271 12.569859505
0.999997914 -0.000497749 0.001949207 0.233669147 0.000489310 0.999990463 0.004327646 -0.443353653 -0.001951342 -0.004326683 0.999988735 12.977811813
0.999998391 -0.000821913 0.001603235 0.249471560 0.000815785 0.999992371 0.003819465 -0.452717364 -0.001606362 -0.003818151 0.999991477 13.369162560
0.999997199 -0.000261538 0.002339239 0.260221839 0.000251954 0.999991477 0.004096731 -0.454302669 -0.002340290 -0.004096130 0.999988914 13.811809540
0.999997020 0.000066695 0.002477351 0.266238719 -0.000078220 0.999989152 0.004652514 -0.476701409 -0.002477014 -0.004652694 0.999986053 14.231760979
0.999996603 -0.001118076 0.002359366 0.292396605 0.001106892 0.999988139 0.004736333 -0.504521132 -0.002364634 -0.004733705 0.999986053 14.702458382
0.999996126 -0.001696478 0.002217283 0.293785423 0.001683878 0.999982417 0.005671895 -0.555885553 -0.002226867 -0.005668138 0.999981463 14.966567993
0.999995053 -0.002439917 0.001971471 0.312941998 0.002428930 0.999981582 0.005555743 -0.566474557 -0.001984991 -0.005550927 0.999982595 15.404938698
0.999992907 -0.001015263 0.003630842 0.309135884 0.000993510 0.999981523 0.005988032 -0.580753565 -0.003636855 -0.005984382 0.999975502 15.851447105
0.999993086 -0.000885266 0.003624666 0.327893108 0.000861586 0.999978304 0.006529378 -0.595643342 -0.003630368 -0.006526209 0.999972165 16.285833359
0.999992907 -0.000722606 0.003698619 0.328949273 0.000700521 0.999981940 0.005969119 -0.589933872 -0.003702866 -0.005966485 0.999975383 16.755876541
0.999990880 -0.000359185 0.004270608 0.349398136 0.000334629 0.999983430 0.005749226 -0.605449200 -0.004272602 -0.005747744 0.999974370 17.175043106
0.999993503 -0.000009083 0.003609598 0.370081604 -0.000014937 0.999977827 0.006654388 -0.612691581 -0.003609578 -0.006654398 0.999971390 17.628328323
0.999990880 -0.001752886 0.003888031 0.353867531 0.001727761 0.999977648 0.006456071 -0.647057116 -0.003899261 -0.006449294 0.999971628 17.976373672
0.999988198 -0.002917003 0.003871755 0.374653041 0.002891032 0.999973416 0.006696709 -0.654119492 -0.003891185 -0.006685438 0.999970078 18.450609207
0.999989688 -0.002417294 0.003830732 0.388195962 0.002391197 0.999973953 0.006802554 -0.666042089 -0.003847075 -0.006793325 0.999969542 18.917633057
0.999989390 -0.001641834 0.004302360 0.399996668 0.001613293 0.999976695 0.006628787 -0.676843226 -0.004313143 -0.006621777 0.999968767 19.389375687
0.999986410 -0.000331736 0.005205982 0.397732228 0.000299806 0.999981105 0.006132969 -0.682450652 -0.005207918 -0.006131325 0.999967694 19.926378250
0.999986172 -0.000551450 0.005230412 0.409133255 0.000516482 0.999977529 0.006684363 -0.700205207 -0.005233981 -0.006681570 0.999963999 20.394563675
0.999988794 -0.002569226 0.003971060 0.421028912 0.002541831 0.999973059 0.006888341 -0.726962984 -0.003988650 -0.006878172 0.999968410 20.816026688
0.999990284 -0.002503442 0.003628212 0.429204702 0.002480566 0.999977112 0.006295738 -0.725324333 -0.003643889 -0.006286677 0.999973655 21.317468643
0.999992132 -0.002318619 0.003202701 0.439540237 0.002297779 0.999976277 0.006495419 -0.744376063 -0.003217686 -0.006488009 0.999973834 21.849678040
0.999992669 -0.002845440 0.002538273 0.444051147 0.002825674 0.999965966 0.007756583 -0.770639002 -0.002560257 -0.007749355 0.999966741 22.339990616
0.999989569 -0.004249162 0.001665624 0.446394175 0.004236719 0.999963641 0.007404027 -0.786130428 -0.001697024 -0.007396893 0.999971211 22.820131302
0.999987543 -0.004963598 0.000474402 0.460586637 0.004960102 0.999962509 0.007106400 -0.794636130 -0.000509658 -0.007103959 0.999974608 23.360235214
0.999990582 -0.004267403 0.000795158 0.459476858 0.004261985 0.999968588 0.006694553 -0.807745814 -0.000823701 -0.006691101 0.999977291 23.911582947
0.999993443 -0.003602943 -0.000190727 0.449136108 0.003604192 0.999968946 0.007013816 -0.829952478 0.000165451 -0.007014458 0.999975383 24.424142838
0.999988019 -0.004766322 -0.001128367 0.472357720 0.004775434 0.999954820 0.008214982 -0.849083781 0.001089161 -0.008220271 0.999965608 24.889142990
0.999985576 -0.005086258 -0.001741727 0.478588969 0.005100297 0.999953747 0.008153075 -0.854342818 0.001700178 -0.008161840 0.999965250 25.431257248
0.999985218 -0.005038913 -0.002076524 0.485753119 0.005055315 0.999955416 0.007970084 -0.860589981 0.002036271 -0.007980463 0.999966085 25.973724365
0.999978781 -0.006019295 -0.002495463 0.497113675 0.006041082 0.999942839 0.008816564 -0.873947918 0.002442251 -0.008831451 0.999958038 26.489521027
0.999977887 -0.005974930 -0.002946511 0.504936218 0.005999805 0.999945819 0.008506866 -0.885264099 0.002895524 -0.008524356 0.999959469 27.042581558
0.999981523 -0.005367287 -0.002888263 0.505513668 0.005392848 0.999945700 0.008916293 -0.904062271 0.002840250 -0.008931705 0.999956131 27.607997894
0.999979794 -0.005484680 -0.003223583 0.507714689 0.005511317 0.999950230 0.008313056 -0.903233826 0.003177828 -0.008330652 0.999960303 28.153141022
0.999972939 -0.005998539 -0.004268906 0.558449984 0.006038000 0.999938607 0.009291632 -0.932586372 0.004212908 -0.009317157 0.999947727 28.756978989
0.999965131 -0.006815063 -0.004824557 0.518031478 0.006863673 0.999925137 0.010131623 -0.976843715 0.004755148 -0.010164381 0.999937057 29.090360641
0.999966681 -0.006492496 -0.004948963 0.526161373 0.006542112 0.999927819 0.010076303 -0.980953574 0.004883185 -0.010108343 0.999936998 29.637624741
0.999965370 -0.006581670 -0.005100656 0.556546569 0.006632218 0.999928474 0.009957545 -1.007071018 0.005034753 -0.009991030 0.999937475 30.153020859
0.999966025 -0.006292155 -0.005349383 0.522295356 0.006346075 0.999928594 0.010123239 -1.027688265 0.005285305 -0.010156841 0.999934435 30.611795425
0.999969840 -0.005755747 -0.005217523 0.531938553 0.005810292 0.999927938 0.010500219 -1.042719722 0.005156712 -0.010530217 0.999931276 31.149610519
0.999968290 -0.005919526 -0.005331269 0.542643189 0.005973216 0.999931097 0.010111666 -1.057499647 0.005271045 -0.010143190 0.999934673 31.721958160
0.999973476 -0.005348286 -0.004953370 0.534051001 0.005394299 0.999941945 0.009322681 -1.026647806 0.004903222 -0.009349154 0.999944329 32.275741577
0.999979675 -0.004102849 -0.004900397 0.487557590 0.004151713 0.999941349 0.010003036 -1.075296760 0.004859070 -0.010023178 0.999937892 32.653060913
0.999978065 -0.004463226 -0.004890920 0.486704350 0.004513633 0.999936342 0.010344247 -1.089823604 0.004844439 -0.010366097 0.999934554 33.212551117
0.999979615 -0.004225274 -0.004767803 0.498151898 0.004276208 0.999933362 0.010723837 -1.103064775 0.004722175 -0.010744005 0.999931097 33.767993927
0.999972939 -0.004878234 -0.005493425 0.510284126 0.004935033 0.999934018 0.010373687 -1.099554896 0.005442457 -0.010400517 0.999931097 34.254009247
0.999962747 -0.005811992 -0.006376443 0.533426702 0.005880506 0.999924600 0.010779407 -1.131675363 0.006313312 -0.010816502 0.999921560 34.741615295
0.999966741 -0.005320284 -0.006189693 0.526890278 0.005386057 0.999928713 0.010658640 -1.146921396 0.006132544 -0.010691623 0.999924004 35.291858673
0.999970198 -0.004603888 -0.006209604 0.529060721 0.004668222 0.999935150 0.010385956 -1.143248320 0.006161385 -0.010414633 0.999926746 35.831573486
0.999970913 -0.004697832 -0.006009143 0.523218334 0.004759941 0.999934971 0.010363535 -1.149665594 0.005960066 -0.010391837 0.999928236 36.338161469
0.999972582 -0.004442928 -0.005933987 0.540434122 0.004505296 0.999934316 0.010538644 -1.168414950 0.005886775 -0.010565088 0.999926805 36.914363861
0.999953389 -0.006873196 -0.006771743 0.529002249 0.006956778 0.999898970 0.012397493 -1.224023461 0.006685848 -0.012444026 0.999900222 37.335735321
0.999951839 -0.006957808 -0.006924338 0.524202585 0.007045351 0.999894559 0.012699814 -1.245765805 0.006835245 -0.012747986 0.999895394 37.869285583
0.999947011 -0.007119687 -0.007442161 0.542952299 0.007211535 0.999897301 0.012388492 -1.236771226 0.007353195 -0.012441504 0.999895573 38.396984100
0.999939561 -0.007439820 -0.008098411 0.586827993 0.007546311 0.999884427 0.013199488 -1.263923049 0.007999274 -0.013259803 0.999880075 38.990257263
0.999950409 -0.005837142 -0.008064524 0.586330593 0.005937689 0.999904275 0.012500516 -1.252552509 0.007990785 -0.012547783 0.999889314 39.509933472
0.999958634 -0.005861482 -0.006960585 0.553381562 0.005940126 0.999918163 0.011332049 -1.242313862 0.006893592 -0.011372927 0.999911547 40.072902679
0.999954164 -0.006252464 -0.007246466 0.594204843 0.006340590 0.999905527 0.012202751 -1.289437652 0.007169484 -0.012248140 0.999899268 40.611473083
0.999961197 -0.006092307 -0.006372677 0.551764250 0.006157900 0.999927759 0.010324286 -1.234503269 0.006309318 -0.010363128 0.999926388 41.134368896
0.999971867 -0.004178463 -0.006236379 0.589652300 0.004239449 0.999943078 0.009798067 -1.224563479 0.006195082 -0.009824232 0.999932528 41.666072845
0.999970198 -0.004717353 -0.006115975 0.574677110 0.004776432 0.999941766 0.009681270 -1.229502916 0.006069950 -0.009710194 0.999934435 42.159084320
0.999944031 -0.007551715 -0.007406015 0.537610948 0.007651397 0.999879241 0.013524866 -1.320775867 0.007302986 -0.013580776 0.999881089 42.515178680
0.999940932 -0.007535699 -0.007831888 0.541186213 0.007638411 0.999884069 0.013168482 -1.327232361 0.007731748 -0.013227528 0.999882579 43.053298950
0.999942422 -0.007612124 -0.007564691 0.551002443 0.007704496 0.999895096 0.012257732 -1.319303989 0.007470591 -0.012315310 0.999896228 43.603485107
0.999948800 -0.006410608 -0.007822860 0.572643459 0.006499163 0.999914408 0.011347588 -1.307008028 0.007749447 -0.011397851 0.999904931 44.148601532
0.999946117 -0.006657816 -0.007960578 0.594388962 0.006750024 0.999909759 0.011612836 -1.313795805 0.007882545 -0.011665944 0.999900818 44.704479218
0.999945521 -0.006242152 -0.008355384 0.592610836 0.006336065 0.999916434 0.011260897 -1.328017473 0.008284394 -0.011313226 0.999901652 45.208610535
0.999944150 -0.007207704 -0.007724309 0.579663038 0.007318379 0.999869525 0.014397013 -1.400794744 0.007619532 -0.014452738 0.999866545 45.601333618
0.999942660 -0.007339554 -0.007799155 0.593409896 0.007448790 0.999873221 0.014070554 -1.401806951 0.007694895 -0.014127840 0.999870598 46.147655487
0.999946713 -0.007022979 -0.007561799 0.579455912 0.007124895 0.999882936 0.013536394 -1.402553320 0.007465849 -0.013589550 0.999879837 46.711730957
0.999954522 -0.006368358 -0.007096715 0.570266247 0.006462002 0.999891341 0.013251527 -1.411124706 0.007011554 -0.013296785 0.999886990 47.228706360
0.999957502 -0.006076287 -0.006929161 0.583637834 0.006170966 0.999886751 0.013725394 -1.423018098 0.006844976 -0.013767570 0.999881804 47.784763336
0.999968290 -0.004131313 -0.006804814 0.568453968 0.004221260 0.999903202 0.013257222 -1.420092106 0.006749386 -0.013285528 0.999889016 48.324527740
0.999948204 -0.007012899 -0.007375936 0.579156995 0.007119311 0.999869466 0.014500857 -1.441737413 0.007273280 -0.014552617 0.999867678 48.470027924
0.999954879 -0.006580627 -0.006844015 0.576103568 0.006682917 0.999864757 0.015032013 -1.451343060 0.006744169 -0.015077075 0.999863625 49.032371521
0.999955773 -0.006299213 -0.006983185 0.590165913 0.006402026 0.999869943 0.014799647 -1.457915187 0.006889051 -0.014843699 0.999866128 49.578033447
0.999960065 -0.006108801 -0.006523210 0.608656526 0.006205852 0.999868870 0.014962775 -1.460258245 0.006430949 -0.015002661 0.999866724 50.134696960
0.999949813 -0.006659517 -0.007484138 0.586035013 0.006776306 0.999853969 0.015689315 -1.494874835 0.007378562 -0.015739243 0.999848902 50.427970886
0.999950051 -0.006731567 -0.007381486 0.591445088 0.006846844 0.999853253 0.015704550 -1.493438601 0.007274684 -0.015754305 0.999849439 50.966648102
0.999955595 -0.006455996 -0.006873217 0.577076912 0.006556264 0.999870896 0.014666937 -1.502108812 0.006777641 -0.014711348 0.999868810 51.512130737
0.999939620 -0.008423558 -0.007053147 0.588346958 0.008525287 0.999858201 0.014519648 -1.526004791 0.006929841 -0.014578904 0.999869704 52.059135437
0.999949634 -0.006915560 -0.007267853 0.571842670 0.007026887 0.999856591 0.015405389 -1.522724152 0.007160276 -0.015455685 0.999854922 52.448841095
0.999959588 -0.006066276 -0.006634247 0.556816697 0.006165667 0.999867439 0.015064962 -1.527617455 0.006541980 -0.015105259 0.999864519 52.988521576
0.999966323 -0.005799468 -0.005815392 0.551047862 0.005884979 0.999873221 0.014796474 -1.534820318 0.005728843 -0.014830200 0.999873638 53.533611298
0.999959052 -0.006138792 -0.006657292 0.582775533 0.006235511 0.999873877 0.014606019 -1.531461716 0.006566789 -0.014646932 0.999871194 54.094268799
0.999958277 -0.006483717 -0.006425219 0.564570904 0.006585032 0.999852300 0.015874855 -1.558098078 0.006321342 -0.015916504 0.999853313 54.423717499
0.999950588 -0.007126471 -0.006933805 0.576739192 0.007232026 0.999856412 0.015319059 -1.555910587 0.006823640 -0.015368446 0.999858558 54.946277618
0.999955118 -0.006913086 -0.006488922 0.589277267 0.007001994 0.999880552 0.013780174 -1.552121401 0.006392882 -0.013824992 0.999883950 55.537528992
0.999962866 -0.006402772 -0.005758854 0.579657078 0.006484058 0.999877989 0.014208606 -1.564329505 0.005667178 -0.014245421 0.999882460 56.086853027
0.999951899 -0.006808595 -0.007052270 0.605204701 0.006909097 0.999873519 0.014325988 -1.552843809 0.006953837 -0.014374026 0.999872506 56.572345734
0.999948978 -0.007166444 -0.007120100 0.585075855 0.007277003 0.999851465 0.015625028 -1.590334892 0.007007066 -0.015676042 0.999852598 56.840938568
0.999952316 -0.007089088 -0.006708363 0.594762743 0.007192975 0.999852598 0.015590913 -1.601031780 0.006596848 -0.015638422 0.999855936 57.384738922
0.999953151 -0.006877645 -0.006819643 0.606583774 0.006974633 0.999873400 0.014301461 -1.579843521 0.006720419 -0.014348355 0.999874473 57.947063446
0.999951780 -0.007375054 -0.006477281 0.617167115 0.007463647 0.999877453 0.013761574 -1.587710977 0.006374994 -0.013809256 0.999884248 58.492382050
0.999953449 -0.006633859 -0.007001299 0.675591230 0.006741599 0.999857366 0.015478980 -1.643717289 0.006897613 -0.015525457 0.999855638 58.957210541
0.999941885 -0.008026386 -0.007197428 0.623761714 0.008141449 0.999837220 0.016102435 -1.635524511 0.007067012 -0.016160097 0.999844432 59.280452728
0.999941349 -0.008201371 -0.007077338 0.636229634 0.008310593 0.999844670 0.015543583 -1.643095374 0.006948761 -0.015601490 0.999854147 59.805629730
0.999943256 -0.008080559 -0.006943861 0.633358955 0.008185352 0.999850929 0.015198035 -1.638857007 0.006820017 -0.015254012 0.999860406 60.325839996
0.999948382 -0.007954007 -0.006316485 0.633185744 0.008045729 0.999860466 0.014630897 -1.650374770 0.006199230 -0.014680964 0.999872983 60.886013031
0.999942064 -0.008036207 -0.007158123 0.638015389 0.008151872 0.999834239 0.016278535 -1.661885619 0.007026120 -0.016335944 0.999841869 61.236110687
0.999930739 -0.008547417 -0.008093545 0.651712596 0.008677410 0.999831676 0.016164845 -1.660276771 0.007954015 -0.016233956 0.999836624 61.797164917
0.999942243 -0.007496750 -0.007708240 0.657037020 0.007617801 0.999846220 0.015796442 -1.684368134 0.007588631 -0.015854249 0.999845564 62.306617737
0.999957085 -0.007211925 -0.005821679 0.607233107 0.007305942 0.999840498 0.016292738 -1.710941672 0.005703248 -0.016334569 0.999850333 62.743724823
0.999951184 -0.007544746 -0.006389182 0.673870504 0.007636060 0.999867260 0.014390189 -1.649119377 0.006279763 -0.014438272 0.999876022 63.244564056
0.999936938 -0.008624809 -0.007191961 0.637975216 0.008742910 0.999824762 0.016554784 -1.703007817 0.007047916 -0.016616620 0.999837101 63.669338226
0.999940276 -0.008380265 -0.007027312 0.629414678 0.008493227 0.999832690 0.016201951 -1.706039310 0.006890360 -0.016260667 0.999844074 64.246353149
0.999938846 -0.008811717 -0.006694439 0.620113850 0.008917111 0.999834180 0.015880346 -1.713808179 0.006553396 -0.015939072 0.999851465 64.785812378
0.999932349 -0.009195470 -0.007128814 0.659891665 0.009299985 0.999847591 0.014769058 -1.695266724 0.006991921 -0.014834356 0.999865532 65.295074463
0.999927878 -0.009259565 -0.007637327 0.659035206 0.009383093 0.999823034 0.016300166 -1.722738981 0.007485043 -0.016370654 0.999837935 65.638565063
0.999935925 -0.008480204 -0.007495280 0.665265322 0.008595607 0.999842882 0.015501041 -1.725138307 0.007362650 -0.015564473 0.999851763 66.181884766
0.999931335 -0.009073531 -0.007410129 0.677550912 0.009184997 0.999843001 0.015149547 -1.725215435 0.007271507 -0.015216570 0.999857783 66.725570679
0.999932408 -0.009193739 -0.007118352 0.670780361 0.009300269 0.999843001 0.015079975 -1.730602860 0.006978594 -0.015145158 0.999860942 67.225105286
0.999923289 -0.009608667 -0.007808954 0.705251217 0.009719385 0.999850929 0.014266243 -1.718454361 0.007670709 -0.014341051 0.999867678 67.760360718
0.999916553 -0.010131022 -0.008009529 0.723918676 0.010260514 0.999814570 0.016295129 -1.737406731 0.007842958 -0.016375951 0.999835134 67.930885315
0.999925733 -0.009604511 -0.007504065 0.724905431 0.009718464 0.999835670 0.015299391 -1.746254921 0.007355889 -0.015371182 0.999854803 68.481811523
0.999910772 -0.010143404 -0.008690544 0.737458050 0.010273394 0.999834001 0.015045897 -1.748210311 0.008536485 -0.015133836 0.999849021 69.049896240
0.999903560 -0.010811091 -0.008720236 0.730589509 0.010935100 0.999837875 0.014300677 -1.736098051 0.008564216 -0.014394655 0.999859691 69.639053345
0.999901831 -0.010758404 -0.008979628 0.771164477 0.010892247 0.999828160 0.014991884 -1.754089475 0.008816798 -0.015088220 0.999847293 70.233398438
0.999913812 -0.010538708 -0.007831442 0.716741860 0.010660106 0.999821126 0.015624812 -1.740897655 0.007665376 -0.015706949 0.999847174 70.403251648
0.999912739 -0.010748565 -0.007691565 0.721746624 0.010864183 0.999826193 0.015151432 -1.746162176 0.007527371 -0.015233671 0.999855518 70.944107056
0.999914229 -0.010523329 -0.007802464 0.703568637 0.010639104 0.999831676 0.014948419 -1.749543309 0.007643842 -0.015030148 0.999857783 71.471229553
0.999863327 -0.013573111 -0.009437693 0.781774402 0.013711150 0.999797642 0.014718899 -1.754069448 0.009236001 -0.014846290 0.999846995 71.977828979
0.999878287 -0.012509465 -0.009321081 0.789779007 0.012638423 0.999823391 0.013906962 -1.741383672 0.009145465 -0.014023073 0.999859810 72.421455383
0.999849916 -0.014120597 -0.010039382 0.815154970 0.014260047 0.999800980 0.013957201 -1.765028119 0.009840298 -0.014098267 0.999852061 72.874519348
0.999894857 -0.012140049 -0.007932757 0.690295696 0.012255545 0.999817193 0.014676732 -1.721609592 0.007753131 -0.014772408 0.999860764 73.427413940
0.999893010 -0.012221394 -0.008042570 0.699142933 0.012332069 0.999827921 0.013858471 -1.723487973 0.007871818 -0.013956169 0.999871612 73.985923767
0.999867201 -0.013843226 -0.008597489 0.720797956 0.013963213 0.999803662 0.014056359 -1.733211160 0.008401218 -0.014174541 0.999864221 74.504997253
0.999865890 -0.013715230 -0.008945464 0.733974993 0.013840864 0.999804258 0.014137249 -1.729110837 0.008749818 -0.014259165 0.999860048 75.023612976
0.999905646 -0.011652596 -0.007271273 0.691411018 0.011751313 0.999837279 0.013684586 -1.755332828 0.007110631 -0.013768742 0.999879897 75.561279297
0.999909937 -0.011899795 -0.006204975 0.679754972 0.011987925 0.999824941 0.014365094 -1.738387823 0.006032946 -0.014438185 0.999877572 75.896751404
0.999922574 -0.011688026 -0.004273098 0.677395165 0.011744730 0.999840021 0.013495311 -1.740546823 0.004114680 -0.013544452 0.999899864 76.458885193
0.999922633 -0.012001148 -0.003288074 0.691733956 0.012047210 0.999824166 0.014366174 -1.764097929 0.003115086 -0.014404674 0.999891400 77.021446228
0.999938846 -0.010817209 -0.002295079 0.672758520 0.010850490 0.999828279 0.015022133 -1.792684674 0.002132187 -0.015046115 0.999884605 77.560768127
0.999936998 -0.011220419 0.000270756 0.698296428 0.011215301 0.999831438 0.014532396 -1.789036274 -0.000433770 -0.014528445 0.999894381 77.895797729
0.999925375 -0.011623990 0.003764084 0.719643235 0.011568937 0.999830306 0.014331833 -1.783797741 -0.003930039 -0.014287217 0.999890149 78.442916870
0.999908924 -0.011736212 0.006671766 0.748657465 0.011636376 0.999822557 0.014811029 -1.795814514 -0.006844408 -0.014732043 0.999868035 78.957061768
0.999870837 -0.011745929 0.010967636 0.777920961 0.011585371 0.999826312 0.014589927 -1.796280980 -0.011137105 -0.014460978 0.999833405 79.500556946
0.999796152 -0.009461727 0.017835187 0.799739540 0.009182209 0.999834716 0.015689597 -1.852161407 -0.017980689 -0.015522631 0.999717772 79.990180969
0.999665082 -0.010616540 0.023603665 0.839871407 0.010258497 0.999831200 0.015238678 -1.869187117 -0.023761464 -0.014991435 0.999605238 80.448661804
0.999510705 -0.010363794 0.029512227 0.785495281 0.009913784 0.999832988 0.015353939 -1.830502510 -0.029666424 -0.015053845 0.999446452 80.798271179
0.999233127 -0.010606637 0.037694156 0.832786322 0.010036614 0.999832928 0.015279500 -1.834810734 -0.037849918 -0.014889458 0.999172509 81.347145081
0.998869121 -0.010374857 0.046398748 0.881439686 0.009677522 0.999837279 0.015228625 -1.848532081 -0.046549186 -0.014762379 0.998806953 81.877342224
0.998545766 -0.011267865 0.052717224 0.928361416 0.010484465 0.999830842 0.015113435 -1.844917893 -0.052878596 -0.014538748 0.998495162 82.420326233
0.998010635 -0.011687084 0.061950736 0.967351913 0.010799164 0.999834359 0.014648189 -1.841107607 -0.062111665 -0.013950035 0.997971773 83.047157288
0.997381091 -0.012999191 0.071147196 1.066088676 0.011980870 0.999819875 0.014720961 -1.852012634 -0.071325727 -0.013830003 0.997357249 83.621406555
0.996664941 -0.011996559 0.080715388 1.071048737 0.010755622 0.999817371 0.015791498 -1.886510849 -0.080890104 -0.014870688 0.996612072 84.017852783
0.995975256 -0.012177958 0.088796772 1.142704010 0.010848259 0.999821842 0.015441898 -1.892477274 -0.088968992 -0.014416458 0.995930076 84.556694031
0.995009065 -0.011975604 0.099062875 1.220574856 0.010501860 0.999826491 0.015384971 -1.899778008 -0.099229947 -0.014267842 0.994962156 85.073043823
0.993849456 -0.011148753 0.110177413 1.294898987 0.009460477 0.999829888 0.015834155 -1.908830285 -0.110335201 -0.014694434 0.993785739 85.584426880
0.992840230 -0.012633133 0.118779741 1.375672340 0.010756678 0.999807239 0.016425652 -1.916407585 -0.118964352 -0.015030377 0.992784739 86.112960815
0.991430104 -0.012041784 0.130081624 1.466498375 0.009973731 0.999813497 0.016537923 -1.918640137 -0.130256519 -0.015098796 0.991365314 86.662803650
0.989725709 -0.011584310 0.142508775 1.558197021 0.009290887 0.999816656 0.016748128 -1.928336263 -0.142676666 -0.015252020 0.989651799 87.198089600
0.988122404 -0.012540257 0.153155878 1.668279648 0.010193193 0.999818444 0.016100315 -1.929983974 -0.153329968 -0.014347937 0.988070905 87.735809326
0.986641765 -0.012791751 0.162402198 1.778441429 0.010184646 0.999805689 0.016875822 -1.946097255 -0.162586510 -0.014996379 0.986580312 88.265075684
0.984425604 -0.013327758 0.175295845 1.861649513 0.010557326 0.999804378 0.016727433 -1.931355000 -0.175484508 -0.014616256 0.984373629 88.795104980
0.982205033 -0.013494547 0.187326506 1.976083755 0.010499932 0.999800861 0.016969165 -1.928951383 -0.187518194 -0.014700283 0.982151151 89.278625488
0.980103016 -0.013585145 0.198024318 2.106682777 0.010371973 0.999797344 0.017254390 -1.936699271 -0.198218569 -0.014857177 0.980045259 89.816024780
0.977309108 -0.013292762 0.211400822 2.244979858 0.009843449 0.999800861 0.017360501 -1.939150929 -0.211589500 -0.014885661 0.977245271 90.357086182
0.974261999 -0.013219455 0.225031048 2.384304047 0.009497757 0.999799788 0.017613152 -1.943775415 -0.225218818 -0.015022535 0.974192441 90.855354309
0.971317172 -0.012883509 0.237438619 2.535581589 0.008925511 0.999802768 0.017737081 -1.960612178 -0.237620309 -0.015109071 0.971240640 91.410278320
0.968259215 -0.011914877 0.249663770 2.671508789 0.007689070 0.999810338 0.017894477 -1.935756445 -0.249829635 -0.015406811 0.968167245 91.914688110
0.964702427 -0.012158250 0.263061345 2.847738266 0.007763910 0.999812603 0.017737720 -1.934967041 -0.263227731 -0.015069239 0.964616001 92.435485840
0.960738897 -0.011075819 0.277233213 2.996894836 0.006470003 0.999825537 0.017522799 -1.932274222 -0.277378947 -0.015041132 0.960642874 92.979217529
0.957843840 -0.013638201 0.286965251 3.210010529 0.008863666 0.999799907 0.017930619 -1.951625466 -0.287152410 -0.014631166 0.957773149 93.481605530
0.953410923 -0.013756718 0.301360667 3.405763626 0.008613981 0.999793828 0.018387331 -1.961446643 -0.301551461 -0.014934767 0.953332901 94.013336182
0.948790908 -0.013751263 0.315605402 3.547243118 0.008255910 0.999790251 0.018742537 -1.951287150 -0.315796882 -0.015177143 0.948705435 94.481254578
0.944975257 -0.013665935 0.326856256 3.761308670 0.008113142 0.999798834 0.018345874 -1.949659705 -0.327041209 -0.014684569 0.944895983 95.006599426
0.940233052 -0.013247433 0.340273947 3.953090668 0.007419970 0.999802828 0.018421391 -1.956817627 -0.340450883 -0.014795577 0.940145850 95.515136719
0.935261309 -0.013004037 0.353719145 4.181472778 0.007053286 0.999811172 0.018107343 -1.956947207 -0.353887826 -0.014440215 0.935176373 96.055473328
0.930579901 -0.014508682 0.365801305 4.397415161 0.008167972 0.999788463 0.018875446 -1.986776590 -0.365997821 -0.014577254 0.930501521 96.583908081
0.926129282 -0.014135225 0.376941264 4.642246246 0.007625879 0.999795020 0.018755648 -1.983032584 -0.377129138 -0.014495646 0.926047266 97.054450989
0.920233011 -0.014327467 0.391108632 4.897151947 0.007519765 0.999792457 0.018932227 -1.985220909 -0.391298711 -0.014481016 0.920149803 97.550476074
0.914251745 -0.016131755 0.404825211 5.083477020 0.009138470 0.999773860 0.019201489 -1.971423149 -0.405043364 -0.013855511 0.914192498 98.076522827
0.910107195 -0.015234996 0.414092839 5.524398804 0.008062442 0.999785781 0.019063467 -1.988499999 -0.414294600 -0.014011201 0.910034895 98.629844666
0.903606057 -0.013833153 0.428141057 5.464954376 0.006228121 0.999797046 0.019158587 -1.894338727 -0.428319186 -0.014645300 0.903508842 98.957633972
0.896843493 -0.013828713 0.442131758 5.730796814 0.005916480 0.999796748 0.019269701 -1.898906708 -0.442308396 -0.014666040 0.896743119 99.452720642
0.891069949 -0.014814763 0.453624159 6.000995636 0.006594017 0.999784231 0.019698769 -1.904272079 -0.453818083 -0.014561774 0.890975356 99.951568604
0.885073364 -0.014861767 0.465214193 6.278198242 0.006264318 0.999779940 0.020021133 -1.913046718 -0.465409398 -0.014805923 0.884971619 100.441246033
0.877290905 -0.013368091 0.479773015 6.524070740 0.004505057 0.999797344 0.019619977 -1.900736094 -0.479938060 -0.015051020 0.877173245 100.914047241
0.869849324 -0.013159798 0.493141949 6.819004059 0.003936275 0.999797463 0.019737050 -1.920400262 -0.493301779 -0.015227115 0.869724989 101.402877808
