1.000000000 0.000000000 0.000000000 0.000000000 0.000000000 1.000000000 0.000000000 0.000000000 0.000000000 0.000000000 1.000000000 0.000000000
1.000000000 -0.000009884 -0.000035852 0.000634604 0.000009885 1.000000000 0.000027178 -0.000088927 0.000035852 -0.000027178 1.000000000 -0.000653357
1.000000000 0.000013550 0.000060748 0.000727811 -0.000013554 1.000000000 0.000056158 0.000344565 -0.000060747 -0.000056158 1.000000000 0.000786802
1.000000000 -0.000169880 -0.000013114 0.001167684 0.000169880 1.000000000 -0.000020898 0.000796623 0.000013117 0.000020895 1.000000000 0.000885636
1.000000000 0.000079960 0.000132804 -0.000658997 -0.000079969 1.000000000 0.000066161 0.000557410 -0.000132798 -0.000066172 1.000000000 0.000912037
1.000000000 0.000162672 0.000108594 -0.001482408 -0.000162674 1.000000000 0.000017341 -0.000408337 -0.000108591 -0.000017359 1.000000000 -0.000023355
1.000000000 -0.000070827 0.000090324 -0.000079117 0.000070831 1.000000000 -0.000041581 0.000216575 -0.000090321 0.000041588 1.000000000 -0.000250836
1.000000000 0.000053161 0.000031864 -0.000564781 -0.000053163 1.000000000 0.000050927 0.000129117 -0.000031862 -0.000050928 1.000000000 0.000015792
1.000000000 0.000196577 0.000126570 -0.001166018 -0.000196590 1.000000000 0.000108220 -0.000337259 -0.000126549 -0.000108245 1.000000000 0.000148025
0.999999940 0.000265376 0.000070465 -0.000740048 -0.000265378 0.999999940 0.000027168 0.000015192 -0.000070458 -0.000027186 1.000000000 -0.000616357
1.000000000 0.000077384 0.000082305 -0.000645509 -0.000077389 1.000000000 0.000057787 -0.000444192 -0.000082301 -0.000057793 1.000000000 0.000087114
1.000000000 0.000150499 0.000102853 -0.001314444 -0.000150491 1.000000000 -0.000078004 0.001331170 -0.000102864 0.000077988 1.000000000 0.000974032
1.000000000 0.000064949 0.000100867 -0.000740890 -0.000064944 1.000000000 -0.000049430 0.001572643 -0.000100870 0.000049423 1.000000000 0.001430952
1.000000000 0.000138267 0.000151380 -0.001421738 -0.000138248 1.000000000 -0.000122245 0.002440693 -0.000151397 0.000122224 1.000000000 0.002040776
1.000000000 0.000191167 0.000105427 -0.001513287 -0.000191158 1.000000000 -0.000082402 0.001567331 -0.000105443 0.000082382 1.000000000 0.001013457
0.999999940 0.000228924 0.000147640 -0.001330186 -0.000228922 1.000000000 -0.000018179 0.002044447 -0.000147644 0.000018145 1.000000000 0.001771115
0.999999940 0.000230077 0.000199028 -0.001905956 -0.000230063 1.000000000 -0.000073488 0.001454842 -0.000199045 0.000073442 1.000000000 0.000737522
0.999999940 0.000215381 0.000234832 -0.002994525 -0.000215396 1.000000000 0.000062380 0.000856143 -0.000234819 -0.000062430 1.000000000 0.001078994
1.000000000 0.000202550 0.000107782 -0.001905474 -0.000202554 1.000000000 0.000032049 0.001011789 -0.000107775 -0.000032071 1.000000000 0.000370705
0.999999940 0.000184462 0.000161353 -0.002221344 -0.000184460 1.000000000 -0.000014679 0.001747428 -0.000161356 0.000014650 1.000000000 0.002325064
0.999999940 0.000209153 0.000176415 -0.002343329 -0.000209164 1.000000000 0.000063236 0.001559565 -0.000176402 -0.000063273 1.000000000 0.002499741
0.999999881 0.000403512 0.000181721 -0.002628788 -0.000403503 0.999999940 -0.000047235 0.002339137 -0.000181740 0.000047162 1.000000000 0.002867120
0.999999940 0.000228487 0.000223287 -0.001858512 -0.000228481 1.000000000 -0.000027646 0.001720995 -0.000223293 0.000027595 1.000000000 0.002014873
0.999999940 0.000160509 0.000203253 -0.002387508 -0.000160506 1.000000000 -0.000016297 0.002329438 -0.000203255 0.000016264 1.000000000 0.002479182
0.999999940 0.000181130 0.000199454 -0.002368029 -0.000181119 1.000000000 -0.000056144 0.002361493 -0.000199464 0.000056108 1.000000000 0.002835204
0.999999940 0.000221337 0.000116608 -0.003259789 -0.000221339 1.000000000 0.000012710 0.001656587 -0.000116605 -0.000012735 1.000000000 0.000658988
0.999999940 0.000235738 0.000152719 -0.002582894 -0.000235751 0.999999940 0.000089903 0.000880113 -0.000152698 -0.000089939 1.000000000 0.001326893
1.000000000 0.000094190 0.000177648 -0.001579139 -0.000094187 1.000000000 -0.000018799 0.001895079 -0.000177649 0.000018783 1.000000000 0.002701602
1.000000000 0.000150401 0.000166381 -0.001736838 -0.000150402 1.000000000 0.000010667 0.001654281 -0.000166379 -0.000010692 1.000000000 0.002879312
0.999999940 0.000268424 0.000190927 -0.002483018 -0.000268413 0.999999940 -0.000057184 0.002362825 -0.000190942 0.000057132 1.000000000 0.002670173
0.999999881 0.000364768 0.000253782 -0.001934169 -0.000364788 0.999999940 0.000078732 0.000771697 -0.000253754 -0.000078824 0.999999940 0.000044035
0.999999940 0.000271782 0.000181313 -0.002583997 -0.000271792 0.999999940 0.000050826 0.000408692 -0.000181299 -0.000050875 1.000000000 0.001562184
0.999999940 0.000232628 0.000189073 -0.001615682 -0.000232624 1.000000000 -0.000020725 0.000795248 -0.000189078 0.000020681 1.000000000 0.002204836
0.999999940 0.000280916 0.000162245 -0.003325924 -0.000280932 0.999999940 0.000102448 0.000779249 -0.000162216 -0.000102493 1.000000000 0.001504402
1.000000000 0.000083058 0.000143858 -0.002199613 -0.000083064 1.000000000 0.000040418 0.001666414 -0.000143855 -0.000040430 1.000000000 0.001971636
0.999999940 0.000261558 0.000204742 -0.002873799 -0.000261565 0.999999940 0.000035215 0.001143988 -0.000204733 -0.000035268 1.000000000 0.001340684
1.000000000 0.000195069 0.000142287 -0.000309641 -0.000195072 1.000000000 0.000021170 0.001521652 -0.000142283 -0.000021198 1.000000000 0.001617111
1.000000000 0.000121801 0.000132395 -0.000972039 -0.000121789 1.000000000 -0.000090248 0.001787970 -0.000132406 0.000090232 1.000000000 0.001665423
1.000000000 0.000399685 0.000357340 -0.003483196 -0.000399464 0.999999642 -0.000619109 -0.002451730 -0.000357588 0.000618966 0.999999762 0.047777675
0.999999881 0.000347623 0.000347177 -0.001947802 -0.000347192 0.999999166 -0.001240435 -0.003600725 -0.000347608 0.001240314 0.999999225 0.138331056
0.999999642 0.000701998 0.000647143 -0.003612878 -0.000701009 0.999998569 -0.001527100 -0.006892204 -0.000648214 0.001526646 0.999998629 0.249887347
0.999999464 0.000700314 0.000702355 -0.001287267 -0.000699223 0.999998510 -0.001551925 -0.009205693 -0.000703441 0.001551433 0.999998510 0.381725192
0.999999523 0.000702118 0.000615857 0.001924543 -0.000701324 0.999998927 -0.001289386 -0.013804264 -0.000616761 0.001288953 0.999998987 0.525548637
0.999999523 0.000587609 0.000693473 0.005858443 -0.000587333 0.999999702 -0.000397431 -0.024623465 -0.000693706 0.000397024 0.999999702 0.669909239
0.999999762 0.000138527 0.000609889 0.012775857 -0.000138425 0.999999940 -0.000166251 -0.028738635 -0.000609912 0.000166167 0.999999881 0.832233131
0.999999762 0.000263819 0.000607060 0.012627351 -0.000263521 0.999999821 -0.000490054 -0.032900337 -0.000607189 0.000489894 0.999999702 1.022281408
0.999999702 0.000379663 0.000513262 0.017931649 -0.000379470 0.999999821 -0.000376223 -0.037843991 -0.000513405 0.000376028 0.999999821 1.196189165
0.999999166 0.000933243 0.000882876 0.015819313 -0.000933327 0.999999523 0.000095311 -0.048214901 -0.000882787 -0.000096135 0.999999583 1.386990070
0.999999344 0.001033280 0.000488407 0.020942263 -0.001033317 0.999999464 0.000075802 -0.050183780 -0.000488328 -0.000076307 0.999999881 1.581782699
0.999999821 0.000263162 0.000750255 0.023646761 -0.000263556 0.999999940 0.000524501 -0.059138771 -0.000750117 -0.000524699 0.999999583 1.788310885
0.999999404 0.000841548 0.000674002 0.026612367 -0.000841987 0.999999404 0.000651725 -0.065127850 -0.000673453 -0.000652292 0.999999583 1.982809424
0.999999702 0.000162626 0.000658509 0.031935845 -0.000163031 0.999999821 0.000616096 -0.071884513 -0.000658409 -0.000616203 0.999999583 2.196460962
0.999999762 0.000236742 0.000598710 0.039891686 -0.000237143 0.999999702 0.000669706 -0.076335929 -0.000598552 -0.000669847 0.999999583 2.417309999
0.999999642 0.000514627 0.000670365 0.044000488 -0.000515068 0.999999642 0.000658409 -0.081883706 -0.000670026 -0.000658754 0.999999523 2.643271685
0.999999702 0.000048540 0.000740433 0.049261015 -0.000049226 0.999999583 0.000926326 -0.093320988 -0.000740388 -0.000926362 0.999999285 2.876974821
0.999999583 -0.000010102 0.000782976 0.055009045 0.000009308 0.999999464 0.001013273 -0.096931741 -0.000782986 -0.001013266 0.999999166 3.125447035
0.999999881 0.000090846 0.000511781 0.062079940 -0.000091348 0.999999464 0.000980134 -0.109746099 -0.000511692 -0.000980181 0.999999404 3.350856781
0.999999523 0.000421520 0.000848266 0.063902184 -0.000422518 0.999999166 0.001176725 -0.118615389 -0.000847769 -0.001177083 0.999998987 3.597120285
0.999999642 0.000407001 0.000773694 0.070038646 -0.000407453 0.999999762 0.000584060 -0.116278537 -0.000773456 -0.000584375 0.999999523 3.875907183
0.999999464 0.000145982 0.001101312 0.074359223 -0.000146675 0.999999881 0.000628893 -0.122913368 -0.001101220 -0.000629054 0.999999225 4.123126507
0.999999046 0.000514739 0.001278514 0.079212710 -0.000515814 0.999999523 0.000840447 -0.128976464 -0.001278081 -0.000841106 0.999998748 4.389893532
0.999998450 0.000432065 0.001682261 0.079335362 -0.000433809 0.999999344 0.001036307 -0.135184124 -0.001681812 -0.001037035 0.999997973 4.651031017
0.999999344 0.000192140 0.001121047 0.091337241 -0.000192801 0.999999821 0.000588857 -0.140097737 -0.001120934 -0.000589072 0.999999225 4.917103291
0.999999642 0.000097145 0.000804987 0.100481071 -0.000097721 0.999999762 0.000714885 -0.146503925 -0.000804916 -0.000714963 0.999999464 5.183145046
0.999998450 0.000951559 0.001498638 0.100460492 -0.000952671 0.999999285 0.000741417 -0.155076668 -0.001497932 -0.000742844 0.999998629 5.446140289
0.999998689 0.000669711 0.001492667 0.105805516 -0.000671431 0.999999106 0.001152029 -0.166070327 -0.001491894 -0.001153030 0.999998212 5.705824852
0.999998331 0.000753998 0.001666407 0.104065418 -0.000755433 0.999999285 0.000860639 -0.171635598 -0.001665757 -0.000861896 0.999998212 5.980307102
0.999998033 0.001040020 0.001685399 0.109862015 -0.001041320 0.999999166 0.000770935 -0.180437744 -0.001684596 -0.000772688 0.999998271 6.264191151
0.999998510 0.000977466 0.001426556 0.119024038 -0.000978701 0.999999166 0.000865235 -0.186949760 -0.001425709 -0.000866630 0.999998569 6.557318211
0.999997675 0.001305457 0.001722266 0.125086039 -0.001307299 0.999998569 0.001069160 -0.196186900 -0.001720868 -0.001071409 0.999997973 6.844445705
0.999998331 0.000865009 0.001607141 0.132701516 -0.000866350 0.999999285 0.000834224 -0.201174393 -0.001606419 -0.000835615 0.999998331 7.143273830
0.999997854 0.000883636 0.001866855 0.138809353 -0.000886093 0.999998868 0.001316258 -0.212191477 -0.001865689 -0.001317910 0.999997377 7.442785740
0.999997318 0.000989985 0.002043403 0.142282024 -0.000992619 0.999998689 0.001287937 -0.221295595 -0.002042125 -0.001289962 0.999997020 7.747628689
0.999996603 0.001432721 0.002163633 0.150817990 -0.001435739 0.999998033 0.001394347 -0.227036446 -0.002161631 -0.001397449 0.999996662 8.073218346
0.999995828 0.001939244 0.002110120 0.155919492 -0.001942344 0.999997020 0.001468062 -0.247037813 -0.002107267 -0.001472154 0.999996662 8.389703751
0.999996006 0.001872788 0.002067730 0.164920688 -0.001875050 0.999997556 0.001092780 -0.252399862 -0.002065679 -0.001096653 0.999997258 8.712625504
0.999995887 0.001324375 0.002517884 0.167060077 -0.001327181 0.999998510 0.001113084 -0.255771458 -0.002516406 -0.001116422 0.999996185 9.054686546
0.999995768 0.001617812 0.002364084 0.176388055 -0.001620471 0.999998033 0.001122820 -0.267517656 -0.002362263 -0.001126646 0.999996543 9.395156860
0.999995172 0.001909843 0.002456445 0.179585516 -0.001913060 0.999997318 0.001307577 -0.283493310 -0.002453941 -0.001312270 0.999996126 9.742163658
0.999994814 0.001862561 0.002624985 0.185780719 -0.001866582 0.999997139 0.001530136 -0.294471204 -0.002622128 -0.001535028 0.999995351 10.092073441
0.999993265 0.002574627 0.002622128 0.196750984 -0.002578061 0.999995828 0.001307133 -0.301841050 -0.002618751 -0.001313884 0.999995708 10.457563400
0.999992728 0.002844115 0.002529708 0.209347069 -0.002847549 0.999994993 0.001354496 -0.313108712 -0.002525844 -0.001361690 0.999995828 10.810593605
0.999992549 0.002856774 0.002569762 0.213692427 -0.002860552 0.999994814 0.001467522 -0.321315497 -0.002565556 -0.001474863 0.999995589 11.180851936
0.999992788 0.002563752 0.002795966 0.224835992 -0.002568277 0.999995351 0.001615983 -0.334395528 -0.002791810 -0.001623152 0.999994814 11.559916496
0.999993324 0.002593481 0.002546084 0.231496975 -0.002596925 0.999995708 0.001350082 -0.341199636 -0.002542572 -0.001356685 0.999995828 11.938392639
0.999992609 0.002614534 0.002825926 0.240638137 -0.002618766 0.999995470 0.001494852 -0.354095250 -0.002822005 -0.001502242 0.999994874 12.320235252
0.999992549 0.002606137 0.002848603 0.252076805 -0.002611387 0.999994814 0.001840749 -0.368747979 -0.002843791 -0.001848174 0.999994218 12.709681511
0.999989331 0.003087812 0.003414720 0.254146457 -0.003095394 0.999992728 0.002217303 -0.387716085 -0.003407848 -0.002227850 0.999991715 13.139014244
0.999992132 0.002539354 0.003055909 0.266404837 -0.002544873 0.999995053 0.001803622 -0.399356961 -0.003051314 -0.001811385 0.999993682 13.537788391
0.999987841 0.003049742 0.003858992 0.270726770 -0.003058802 0.999992490 0.002344207 -0.413669944 -0.003851814 -0.002355982 0.999989808 13.935229301
0.999986410 0.003481696 0.003881363 0.278874487 -0.003491579 0.999990702 0.002542506 -0.422430813 -0.003872476 -0.002556024 0.999989212 14.348507881
0.999986291 0.003689588 0.003730783 0.289063513 -0.003699023 0.999990046 0.002525188 -0.436065644 -0.003721429 -0.002538954 0.999989867 14.764910698
0.999985456 0.002958513 0.004503819 0.293613255 -0.002968965 0.999992907 0.002315796 -0.452111214 -0.004496937 -0.002329134 0.999987125 15.206570625
0.999982595 0.003559624 0.004690040 0.305017948 -0.003571392 0.999990404 0.002503228 -0.467353970 -0.004681084 -0.002519934 0.999985874 15.650136948
0.999980569 0.003591554 0.005094238 0.314346910 -0.003602590 0.999991059 0.002158752 -0.476171672 -0.005086440 -0.002177063 0.999984741 16.094905853
0.999978721 0.003673891 0.005390106 0.329617620 -0.003688697 0.999989390 0.002739455 -0.489363879 -0.005379985 -0.002759279 0.999981701 16.533836365
0.999978423 0.003897541 0.005291304 0.340494633 -0.003908982 0.999989986 0.002153442 -0.499450833 -0.005282858 -0.002174078 0.999983728 16.979444504
0.999976993 0.003861482 0.005576934 0.359878778 -0.003877641 0.999988317 0.002889458 -0.524247229 -0.005565711 -0.002911016 0.999980271 17.438280106
0.999975026 0.003439409 0.006164435 0.368977845 -0.003460181 0.999988317 0.003362037 -0.541344106 -0.006152800 -0.003383283 0.999975324 17.898481369
0.999972165 0.003329317 0.006669242 0.382201403 -0.003349573 0.999989867 0.003028429 -0.552717149 -0.006659091 -0.003050684 0.999973178 18.363979340
0.999964535 0.003757321 0.007531389 0.393303990 -0.003779110 0.999988794 0.002881101 -0.559975028 -0.007520478 -0.002909460 0.999967515 18.842622757
0.999966681 0.003865595 0.007193793 0.394310355 -0.003890681 0.999986410 0.003476714 -0.583317578 -0.007180255 -0.003504587 0.999968052 19.317176819
0.999966741 0.004342843 0.006921859 0.417926669 -0.004364493 0.999985635 0.003115678 -0.593921781 -0.006908229 -0.003145784 0.999971151 19.793531418
0.999967217 0.004518018 0.006725708 0.424564600 -0.004540338 0.999984205 0.003306947 -0.606551290 -0.006710661 -0.003337375 0.999971926 20.287588120
0.999961853 0.004075253 0.007725471 0.436731964 -0.004103130 0.999985099 0.003596031 -0.629838467 -0.007710701 -0.003627592 0.999963701 20.772808075
0.999971151 0.003360748 0.006804266 0.455962837 -0.003388109 0.999986172 0.004013519 -0.649633169 -0.006790685 -0.004036457 0.999968767 21.282493591
0.999975443 0.003214792 0.006229721 0.468599588 -0.003237265 0.999988258 0.003600623 -0.655885994 -0.006218073 -0.003620702 0.999974132 21.801273346
0.999980688 0.002870523 0.005510231 0.484513283 -0.002890518 0.999989331 0.003624152 -0.669716358 -0.005499768 -0.003640010 0.999978304 22.315734863
0.999974012 0.003480094 0.006311534 0.476198137 -0.003504639 0.999986291 0.003882019 -0.679173410 -0.006297939 -0.003904038 0.999972522 22.792163849
0.999979138 0.003544279 0.005418510 0.495688438 -0.003565456 0.999986053 0.003903794 -0.701441407 -0.005404599 -0.003923032 0.999977708 23.299037933
0.999985337 0.003089446 0.004437530 0.514464736 -0.003107824 0.999986589 0.004140736 -0.715728402 -0.004424678 -0.004154467 0.999981582 23.819778442
0.999994278 0.000865045 0.003266621 0.528362870 -0.000879267 0.999990106 0.004354789 -0.734215081 -0.003262823 -0.004357636 0.999985158 24.343931198
0.999988616 0.002682635 0.003929839 0.524806499 -0.002699121 0.999987543 0.004195974 -0.744075060 -0.003918534 -0.004206534 0.999983430 24.876495361
0.999994457 0.002037952 0.002681547 0.539110720 -0.002049854 0.999988019 0.004443001 -0.762472868 -0.002672460 -0.004448473 0.999986529 25.408975601
0.999992788 0.002851130 0.002520194 0.547834754 -0.002862264 0.999986053 0.004425145 -0.777341604 -0.002507542 -0.004432326 0.999987006 25.960968018
0.999993563 0.002988068 0.001991194 0.557030916 -0.002996676 0.999986231 0.004333542 -0.791183293 -0.001978217 -0.004339482 0.999988556 26.511558533
0.999994516 0.002684572 0.001944842 0.563881695 -0.002693924 0.999984682 0.004821951 -0.802822948 -0.001931867 -0.004827164 0.999986410 27.074378967
0.999996543 0.002366427 0.001140939 0.580287039 -0.002371983 0.999985218 0.004893460 -0.825147212 -0.001129342 -0.004896150 0.999987364 27.620315552
0.999996662 0.002422573 0.000926395 0.579610825 -0.002426887 0.999986112 0.004683231 -0.834170103 -0.000915036 -0.004685464 0.999988616 28.155157089
0.999995530 0.002947111 0.000662435 0.601961970 -0.002950450 0.999982655 0.005095800 -0.854687274 -0.000647405 -0.005097731 0.999986768 28.714559555
0.999993980 0.003412840 0.000619884 0.609963417 -0.003416060 0.999980211 0.005269141 -0.868136168 -0.000601889 -0.005271226 0.999985933 29.263971329
0.999993622 0.003519736 0.000643713 0.617759347 -0.003523029 0.999980330 0.005187661 -0.880472302 -0.000625441 -0.005189897 0.999986291 29.804988861
0.999995530 0.002980747 0.000032039 0.622712135 -0.002980875 0.999981165 0.005367269 -0.892821908 -0.000016040 -0.005367340 0.999985516 30.340505600
0.999994099 0.003407236 -0.000161755 0.631902099 -0.003406245 0.999977529 0.005778246 -0.912783504 0.000181439 -0.005777661 0.999983251 30.870769501
0.999994338 0.003327934 -0.000677516 0.663298070 -0.003324081 0.999978662 0.005610868 -0.923452377 0.000696173 -0.005608584 0.999983966 31.406654358
0.999989152 0.004609199 -0.000461848 0.665710807 -0.004606477 0.999972939 0.005730597 -0.936604083 0.000488249 -0.005728408 0.999983430 31.948892593
0.999994993 0.003018060 -0.000922172 0.668431282 -0.003013148 0.999981523 0.005281580 -0.948384643 0.000938095 -0.005278775 0.999985635 32.528598785
0.999991715 0.003763342 -0.001500435 0.668435812 -0.003754708 0.999976635 0.005717181 -0.974906147 0.001521916 -0.005711500 0.999982476 33.057617188
0.999994218 0.003089294 -0.001440181 0.691162944 -0.003081325 0.999980092 0.005502506 -0.977603436 0.001457151 -0.005498036 0.999983847 33.602737427
0.999993861 0.003120936 -0.001556515 0.697817206 -0.003111555 0.999977171 0.005993222 -0.994455457 0.001575184 -0.005988343 0.999980807 34.145477295
0.999992907 0.003456259 -0.001500615 0.705109894 -0.003448124 0.999979496 0.005390588 -1.001813054 0.001519215 -0.005385374 0.999984324 34.685260773
0.999990404 0.003949017 -0.001877675 0.714986920 -0.003938568 0.999976933 0.005535967 -1.021610737 0.001899493 -0.005528519 0.999982893 35.213424683
0.999989986 0.003869614 -0.002240202 0.712898493 -0.003857524 0.999978125 0.005375893 -1.026650071 0.002260956 -0.005367198 0.999983013 35.772758484
0.999988914 0.004114984 -0.002290165 0.717732847 -0.004103298 0.999978662 0.005083920 -1.035397530 0.002311036 -0.005074466 0.999984443 36.326091766
0.999991417 0.003263509 -0.002548352 0.750710726 -0.003249453 0.999979615 0.005500497 -1.051158905 0.002566251 -0.005492170 0.999981642 36.862243652
0.999990940 0.003422810 -0.002527595 0.757977724 -0.003409471 0.999980271 0.005263108 -1.056081653 0.002545559 -0.005254442 0.999982893 37.408721924
0.999988973 0.003718506 -0.002886225 0.770804286 -0.003703513 0.999979615 0.005182857 -1.068244934 0.002905438 -0.005172111 0.999982417 37.963668823
0.999988914 0.002932636 -0.003676138 0.796062469 -0.002915710 0.999985158 0.004601119 -1.082434893 0.003689575 -0.004590350 0.999982655 38.494968414
0.999990344 0.003018097 -0.003166756 0.795689046 -0.003004751 0.999986589 0.004210523 -1.087605715 0.003179421 -0.004200968 0.999986172 39.053417206
0.999987125 0.002743957 -0.004253510 0.822161019 -0.002721795 0.999982715 0.005207281 -1.119742632 0.004267726 -0.005195637 0.999977410 39.580059052
0.999986351 0.003512122 -0.003858684 0.820724368 -0.003492594 0.999981105 0.005056214 -1.139231682 0.003876369 -0.005042669 0.999979734 40.140792847
0.999986887 0.002781108 -0.004298742 0.841372788 -0.002758329 0.999982178 0.005296130 -1.154644489 0.004313394 -0.005284203 0.999976695 40.694549561
0.999986649 0.002473634 -0.004534304 0.852288842 -0.002450878 0.999984443 0.005017139 -1.164680123 0.004546644 -0.005005958 0.999977112 41.246833801
0.999983490 0.003584869 -0.004493457 0.841876149 -0.003562780 0.999981582 0.004914081 -1.174276590 0.004510990 -0.004897990 0.999977827 41.783557892
0.999985218 0.003922862 -0.003741989 0.845427871 -0.003907344 0.999983788 0.004145606 -1.185096979 0.003758191 -0.004130923 0.999984443 42.334053040
0.999985754 0.003274056 -0.004214677 0.866996408 -0.003253283 0.999982595 0.004926530 -1.212786317 0.004230733 -0.004912748 0.999979019 42.852001190
0.999984324 0.003226572 -0.004570724 0.859165907 -0.003200853 0.999979079 0.005622931 -1.231233597 0.004588770 -0.005608214 0.999973714 43.470859528
0.999985695 0.002640596 -0.004647076 0.858195603 -0.002614412 0.999980748 0.005631658 -1.252164483 0.004661857 -0.005619429 0.999973357 44.001327515
0.999985456 0.002822503 -0.004590964 0.868787169 -0.002795354 0.999978662 0.005909432 -1.264518857 0.004607548 -0.005896512 0.999971986 44.547466278
0.999982834 0.003040275 -0.005010152 0.876935780 -0.003012451 0.999980032 0.005551580 -1.276594162 0.005026930 -0.005536392 0.999972045 45.096557617
0.999986589 0.002376104 -0.004596957 0.869071245 -0.002350707 0.999981999 0.005522033 -1.284700394 0.004609996 -0.005511153 0.999974132 45.672145844
0.999983251 0.002797148 -0.005062884 0.901565552 -0.002771083 0.999982834 0.005148068 -1.300904512 0.005077197 -0.005133951 0.999973893 46.214649200
0.999985993 0.002182052 -0.004822117 0.897594690 -0.002157272 0.999984503 0.005138023 -1.313046217 0.004833254 -0.005127549 0.999975145 46.762622833
0.999986172 0.002693845 -0.004517283 0.912072659 -0.002673142 0.999985933 0.004582738 -1.321345806 0.004529565 -0.004570600 0.999979317 47.331390381
0.999984324 0.002646844 -0.004930273 0.911292970 -0.002622304 0.999984145 0.004977506 -1.331320882 0.004943370 -0.004964499 0.999975443 47.872158051
0.999986649 0.002496996 -0.004553850 0.917165637 -0.002476594 0.999986887 0.004480273 -1.343351722 0.004564977 -0.004468935 0.999979615 48.413074493
0.999985039 0.002314307 -0.004948149 0.923791111 -0.002288220 0.999983490 0.005271167 -1.360766411 0.004960267 -0.005259766 0.999973893 48.979072571
0.999986172 0.002745140 -0.004486145 0.932772279 -0.002721254 0.999982119 0.005322136 -1.377612233 0.004500675 -0.005309855 0.999975801 49.484745026
0.999987900 0.002981710 -0.003915535 0.926637471 -0.002960455 0.999980927 0.005423106 -1.393305540 0.003931631 -0.005411450 0.999977648 50.025249481
0.999985099 0.003539570 -0.004155408 0.944865823 -0.003515709 0.999977350 0.005735474 -1.411223412 0.004175615 -0.005720780 0.999974906 50.568717957
0.999985933 0.003191091 -0.004241996 0.958231151 -0.003165691 0.999977112 0.005980934 -1.433297396 0.004260985 -0.005967421 0.999973118 51.119529724
0.999983072 0.003834762 -0.004380038 0.965906858 -0.003809839 0.999976575 0.005684450 -1.442582607 0.004401734 -0.005667667 0.999974191 51.647830963
0.999984264 0.003489448 -0.004386883 0.970630169 -0.003460612 0.999972463 0.006563624 -1.464612126 0.004409665 -0.006548340 0.999968827 52.180591583
0.999981344 0.002788304 -0.005419868 1.000854731 -0.002756569 0.999979079 0.005853981 -1.463781476 0.005436077 -0.005838932 0.999968171 52.741722107
0.999986231 0.002849533 -0.004409721 0.993501484 -0.002822953 0.999977827 0.006022024 -1.483325958 0.004426782 -0.006009492 0.999972165 53.266124725
0.999979854 0.004080939 -0.004850621 1.008609653 -0.004053981 0.999976337 0.005554562 -1.494550943 0.004873175 -0.005534786 0.999972820 53.775760651
0.999984205 0.004120862 -0.003829834 1.002005816 -0.004099508 0.999976099 0.005567139 -1.508289695 0.003852684 -0.005551349 0.999977112 54.344470978
0.999983609 0.004587295 -0.003403152 1.003691673 -0.004568557 0.999974489 0.005493347 -1.519935489 0.003428265 -0.005477710 0.999979138 54.887840271
0.999984443 0.004245893 -0.003609307 1.010096550 -0.004224941 0.999974430 0.005792808 -1.544481874 0.003633810 -0.005777469 0.999976695 55.422035217
0.999984980 0.004183698 -0.003543198 1.017105937 -0.004163772 0.999975502 0.005612263 -1.555789948 0.003566590 -0.005597424 0.999977946 55.964706421
0.999983311 0.004411784 -0.003722352 1.020094872 -0.004389265 0.999972165 0.006036746 -1.572818041 0.003748882 -0.006020307 0.999974847 56.494537354
0.999984145 0.004423703 -0.003517085 1.026885748 -0.004402965 0.999972999 0.005882380 -1.587453127 0.003543013 -0.005866800 0.999976456 57.033576965
0.999984622 0.004365927 -0.003418419 1.030868173 -0.004346981 0.999975264 0.005530615 -1.592526555 0.003442481 -0.005515670 0.999978840 57.584129333
0.999985039 0.004404801 -0.003242717 1.040212393 -0.004386997 0.999975383 0.005477061 -1.612203240 0.003266763 -0.005462752 0.999979734 58.132862091
0.999985099 0.004617536 -0.002916674 1.039767861 -0.004601312 0.999974072 0.005544626 -1.632444024 0.002942200 -0.005531123 0.999980390 58.663856506
0.999986112 0.004356692 -0.002969610 1.041384101 -0.004338976 0.999972880 0.005946211 -1.644526243 0.002995435 -0.005933243 0.999977827 59.202526093
0.999986887 0.004242006 -0.002861298 1.050838590 -0.004225686 0.999974847 0.005685845 -1.659611344 0.002885346 -0.005673680 0.999979675 59.747215271
0.999986410 0.004238572 -0.003044498 1.050072312 -0.004221245 0.999975085 0.005674840 -1.682099819 0.003068474 -0.005661913 0.999979198 60.279956818
0.999985278 0.004643442 -0.002811301 1.051968217 -0.004626665 0.999971569 0.005945147 -1.691618443 0.002838827 -0.005932052 0.999978304 60.830940247
0.999983668 0.005100278 -0.002546023 1.054803252 -0.005085681 0.999970734 0.005707288 -1.709989905 0.002575058 -0.005694247 0.999980450 61.369033813
0.999985635 0.004849309 -0.002273826 1.060711622 -0.004835683 0.999970555 0.005960042 -1.722653627 0.002302662 -0.005948961 0.999979675 61.911323547
0.999984026 0.005237087 -0.002119289 1.062749624 -0.005224354 0.999968469 0.005969914 -1.743309498 0.002150487 -0.005958748 0.999979913 62.435020447
0.999983132 0.005613089 -0.001503266 1.064835072 -0.005604173 0.999967039 0.005870709 -1.765686035 0.001536170 -0.005862186 0.999981642 62.974502563
0.999976218 0.006805682 -0.001096479 1.059185505 -0.006797741 0.999951780 0.007090516 -1.802958965 0.001144682 -0.007082895 0.999974251 63.501716614
0.999975622 0.006931728 -0.000809192 1.059461951 -0.006925968 0.999952078 0.006917851 -1.816984057 0.000857105 -0.006912076 0.999975741 64.084732056
0.999977410 0.006633593 -0.001004538 1.072562814 -0.006626953 0.999957025 0.006475234 -1.818680286 0.001047449 -0.006468431 0.999978542 64.618446350
0.999978125 0.006532846 -0.001045334 1.079699397 -0.006525791 0.999956846 0.006615947 -1.831991315 0.001088509 -0.006608982 0.999977589 65.153297424
0.999979317 0.006361074 -0.000971352 1.092805624 -0.006354745 0.999959409 0.006385498 -1.840139627 0.001011933 -0.006379193 0.999979138 65.683280945
0.999978423 0.006485129 -0.001077191 1.104091525 -0.006478049 0.999958336 0.006450929 -1.852702379 0.001118981 -0.006443812 0.999978602 66.225395203
0.999977589 0.006659725 -0.000809507 1.113754511 -0.006654663 0.999959230 0.006103475 -1.861911416 0.000850121 -0.006097951 0.999981046 66.762077332
0.999975801 0.006938145 -0.000691222 1.123386502 -0.006933857 0.999957800 0.006026344 -1.876791596 0.000733004 -0.006021405 0.999981582 67.294151306
0.999978602 0.006484814 -0.000876868 1.136387944 -0.006479364 0.999960482 0.006084318 -1.887250185 0.000916289 -0.006078507 0.999981105 67.834335327
0.999975979 0.006887198 -0.000714279 1.145964861 -0.006882664 0.999957323 0.006166632 -1.905630708 0.000756719 -0.006161568 0.999980748 68.367187500
0.999978006 0.006540916 -0.001107094 1.158682346 -0.006534273 0.999961257 0.005900829 -1.914744973 0.001145648 -0.005893465 0.999981999 68.909484863
0.999978244 0.006509985 -0.001069462 1.163929105 -0.006503364 0.999960363 0.006082134 -1.926137924 0.001109013 -0.006075046 0.999980927 69.437637329
0.999974787 0.007049658 -0.000884778 1.177164674 -0.007044407 0.999958336 0.005803234 -1.939209342 0.000925652 -0.005796855 0.999982774 69.963233948
0.999972582 0.007404837 -0.000213258 1.181476593 -0.007403405 0.999954104 0.006073110 -1.952545881 0.000258220 -0.006071364 0.999981642 70.518241882
0.999975264 0.007005643 -0.000562659 1.197551608 -0.007002273 0.999958754 0.005784593 -1.965802908 0.000603161 -0.005780511 0.999983132 71.034919739
0.999973774 0.007226998 -0.000474741 1.207615852 -0.007224127 0.999957085 0.005790250 -1.979955435 0.000516567 -0.005786669 0.999983132 71.564704895
0.999977827 0.006628205 -0.000557532 1.220307708 -0.006624646 0.999959052 0.006157477 -1.994674683 0.000598322 -0.006153646 0.999980867 72.097625732
0.999972343 0.007420585 -0.000269570 1.224836588 -0.007418850 0.999954760 0.005951225 -2.008509159 0.000313719 -0.005949061 0.999982178 72.629432678
0.999973416 0.007308880 -0.000183981 1.235624790 -0.007307677 0.999956071 0.005863052 -2.020410538 0.000226826 -0.005861550 0.999982774 73.161277771
0.999975085 0.007057887 -0.000194566 1.246014833 -0.007056504 0.999954879 0.006363582 -2.033347130 0.000239470 -0.006362050 0.999979734 73.686775208
0.999971986 0.007477147 0.000171761 1.256948590 -0.007478023 0.999954879 0.005852159 -2.047730207 -0.000127994 -0.005853279 0.999982834 74.209274292
0.999971092 0.007602765 -0.000178496 1.271977305 -0.007601499 0.999951541 0.006255006 -2.059199095 0.000226043 -0.006253468 0.999980390 74.746162415
0.999970198 0.007713811 -0.000246831 1.282145739 -0.007712204 0.999952435 0.005955668 -2.071248055 0.000292760 -0.005953587 0.999982178 75.283096313
0.999968708 0.007911604 0.000062995 1.288838983 -0.007911840 0.999951661 0.005837037 -2.084466457 -0.000016813 -0.005837352 0.999982953 75.821731567
0.999967217 0.008095813 0.000075434 1.296837449 -0.008096122 0.999948800 0.006065633 -2.098459959 -0.000026324 -0.006066044 0.999981582 76.368804932
0.999968171 0.007973295 0.000242286 1.310307264 -0.007974586 0.999950767 0.005903051 -2.112596273 -0.000195208 -0.005904795 0.999982536 76.916053772
0.999964774 0.008377047 0.000549000 1.318884611 -0.008380027 0.999948800 0.005675785 -2.124216557 -0.000501425 -0.005680185 0.999983728 77.454711914
0.999961495 0.008769143 0.000348974 1.327292442 -0.008771083 0.999943435 0.006014171 -2.136791468 -0.000296215 -0.006016999 0.999981880 77.991867065
0.999969006 0.007864926 0.000394346 1.343723893 -0.007867051 0.999952853 0.005709777 -2.152212143 -0.000349420 -0.005712702 0.999983609 78.515968323
0.999961674 0.008714061 0.000824858 1.353029728 -0.008718615 0.999945760 0.005685494 -2.162781000 -0.000775269 -0.005692469 0.999983430 79.057174683
0.999963284 0.008533148 0.000697049 1.367276669 -0.008537062 0.999946594 0.005819228 -2.176928520 -0.000647355 -0.005824964 0.999982774 79.588958740
0.999964237 0.008428057 0.000690190 1.381557703 -0.008431780 0.999948800 0.005580980 -2.187768459 -0.000643118 -0.005586600 0.999984205 80.126167297
0.999963462 0.008352861 0.001804412 1.391903877 -0.008362364 0.999950826 0.005326026 -2.199988842 -0.001759836 -0.005340920 0.999984205 80.673690796
0.999959707 0.008438609 0.003069534 1.408998489 -0.008454067 0.999951422 0.005058231 -2.211921692 -0.003026701 -0.005083976 0.999982417 81.217140198
0.999958396 0.008180173 0.004030833 1.418102145 -0.008200400 0.999953687 0.005026949 -2.220239162 -0.003989525 -0.005059794 0.999979258 81.775054932
0.999953210 0.008115675 0.005266972 1.430376053 -0.008141314 0.999954998 0.004865125 -2.233209610 -0.005227252 -0.004907778 0.999974310 82.323829651
0.999928355 0.008218486 0.008694788 1.449982524 -0.008259896 0.999954641 0.004737373 -2.243530035 -0.008655460 -0.004808852 0.999951005 82.861343384
0.999885976 0.008321633 0.012599717 1.467461705 -0.008386428 0.999951839 0.005098586 -2.254426718 -0.012556683 -0.005203671 0.999907613 83.401336670
0.999840498 0.008520742 0.015695205 1.492252707 -0.008603923 0.999949276 0.005239931 -2.273036242 -0.015649764 -0.005374137 0.999863029 83.926200867
0.999760389 0.008783510 0.020055681 1.511705995 -0.008887049 0.999947548 0.005079211 -2.284469604 -0.020010024 -0.005256229 0.999785960 84.487052917
0.999629259 0.007817801 0.026080592 1.547490954 -0.007942929 0.999957561 0.004697630 -2.293236017 -0.026042759 -0.004903045 0.999648809 85.045341492
0.999444902 0.008358128 0.032253727 1.574020267 -0.008517955 0.999952078 0.004820983 -2.309476137 -0.032211892 -0.005093043 0.999468088 85.610740662
0.999228239 0.008070393 0.038442746 1.609452605 -0.008248101 0.999956012 0.004466309 -2.318369865 -0.038405009 -0.004779940 0.999250829 86.183914185
0.998876929 0.008173903 0.046669841 1.654259920 -0.008388869 0.999955058 0.004412116 -2.329134703 -0.046631671 -0.004798669 0.998900652 86.766212463
0.998437941 0.008397317 0.055237722 1.704076290 -0.008642561 0.999953806 0.004202411 -2.345467806 -0.055199880 -0.004673242 0.998464406 87.326858521
0.998025417 0.007544334 0.062358964 1.757678270 -0.007829978 0.999959946 0.004337523 -2.359134436 -0.062323757 -0.004817227 0.998044372 87.877754211
0.997427881 0.007721896 0.071261436 1.816884041 -0.008022529 0.999960005 0.003933497 -2.369765759 -0.071228236 -0.004495076 0.997449934 88.443695068
0.996616364 0.008127429 0.081791088 1.885260105 -0.008514717 0.999954104 0.004387409 -2.400990486 -0.081751674 -0.005068991 0.996639848 88.967460632
0.995838583 0.008223303 0.090762168 1.950601578 -0.008622289 0.999954820 0.004004716 -2.406340837 -0.090725139 -0.004770629 0.995864570 89.547798157
0.995170832 0.007094730 0.097902372 2.035593033 -0.007500793 0.999964714 0.003780198 -2.419983864 -0.097872116 -0.004496288 0.995188773 90.114776611
0.994124055 0.007107655 0.108012378 2.116117954 -0.007536187 0.999965250 0.003559768 -2.434256077 -0.107983336 -0.004352853 0.994143188 90.657127380
0.993048370 0.005662915 0.117570795 2.230277061 -0.006083171 0.999976277 0.003215970 -2.453011513 -0.117549784 -0.003908816 0.993059397 91.247566223
0.991792560 0.006498588 0.127691686 2.310087204 -0.007012237 0.999968946 0.003573436 -2.473153591 -0.127664521 -0.004439512 0.991807461 91.754425049
0.990184784 0.006824087 0.139597788 2.399646759 -0.007412724 0.999965668 0.003697140 -2.486538887 -0.139567763 -0.004695652 0.990201414 92.280448914
0.988306344 0.006755291 0.152331561 2.496878624 -0.007417946 0.999965310 0.003782190 -2.505784988 -0.152300730 -0.004867950 0.988322198 92.819030762
0.986627281 0.006224899 0.162873119 2.607859612 -0.006844824 0.999971271 0.003245299 -2.514684200 -0.162848249 -0.004316739 0.986641645 93.368103027
0.984725177 0.007266791 0.173963919 2.711923599 -0.008077687 0.999959528 0.003953726 -2.533279419 -0.173928127 -0.005298560 0.984744072 93.892234802
0.982448518 0.006366482 0.186425149 2.835351944 -0.007093155 0.999969542 0.003231163 -2.538235903 -0.186398968 -0.004496794 0.982463777 94.418533325
0.980086088 0.006152713 0.198477507 2.968758583 -0.006916688 0.999971032 0.003156106 -2.552143812 -0.198452368 -0.004466062 0.980100274 94.934486389
0.977889836 0.006049015 0.209033117 3.091808319 -0.006995222 0.999968290 0.003787593 -2.569899082 -0.209003597 -0.005166081 0.977901220 95.441261292
0.975102127 0.005175270 0.221695825 3.260931015 -0.006020423 0.999976933 0.003136632 -2.576253176 -0.221674472 -0.004393240 0.975110829 96.013534546
0.971974432 0.004423918 0.235044703 3.378944397 -0.005297334 0.999981225 0.003084691 -2.586393356 -0.235026687 -0.004243352 0.971979678 96.449729919
0.969052911 0.005101742 0.246800497 3.542404175 -0.006220152 0.999973595 0.003752218 -2.607751846 -0.246774867 -0.005171234 0.969059050 97.042999268
0.966304302 0.004111935 0.257369459 3.688829422 -0.005005909 0.999983490 0.002818379 -2.608888388 -0.257353663 -0.004011780 0.966308892 97.479606628
0.962687910 0.004188660 0.270581573 3.856060028 -0.005297961 0.999980211 0.003369430 -2.629495621 -0.270562202 -0.004677240 0.962691128 97.981430054
0.959030807 0.003539869 0.283279747 4.029893875 -0.004594192 0.999984682 0.003057603 -2.642123222 -0.283264637 -0.004233777 0.959032416 98.510864258
0.955740809 0.002568419 0.294198483 4.229106903 -0.003542624 0.999989867 0.002778522 -2.652319193 -0.294188350 -0.003697782 0.955740333 99.030319214
0.951298654 0.003032442 0.308255941 4.428016663 -0.004071568 0.999988019 0.002727833 -2.663140774 -0.308243960 -0.003850068 0.951299548 99.544921875
0.946827948 0.001561025 0.321736366 4.641281128 -0.002532386 0.999993503 0.002600638 -2.676965714 -0.321730226 -0.003277118 0.946825683 100.067771912
0.942712486 0.001449804 0.333603114 4.845344543 -0.002338035 0.999994755 0.002261069 -2.688774586 -0.333598077 -0.002911514 0.942710936 100.583435059
0.937734067 0.002844302 0.347342402 5.051885605 -0.004102316 0.999987423 0.002886533 -2.706282139 -0.347329855 -0.004131709 0.937733889 101.135696411
0.933160841 -0.001424480 0.359456211 5.310998917 0.000891995 0.999998271 0.001647217 -2.718827486 -0.359457940 -0.001216485 0.933160484 101.653656006
0.928433239 -0.002500904 0.371490717 5.544582367 0.001953696 0.999996424 0.001849357 -2.732878923 -0.371494055 -0.000991225 0.928434789 102.161239624
0.923583210 -0.002271937 0.383391380 5.758207321 0.001901094 0.999997258 0.001346176 -2.739929199 -0.383393377 -0.000514443 0.923584998 102.655754089
0.917788684 -0.002443062 0.397061467 6.007663727 0.002250492 0.999996960 0.000950935 -2.745301485 -0.397062600 0.000020826 0.917791545 103.157028198
0.911719501 -0.002737348 0.410804152 6.255252838 0.002237764 0.999996066 0.001696976 -2.774779320 -0.410807103 -0.000627884 0.911722064 103.663208008
0.906842649 -0.002852125 0.421459734 6.509914398 0.002180296 0.999995470 0.002075943 -2.787461519 -0.421463728 -0.000963647 0.906844795 104.153030396
0.900742233 -0.002781782 0.434345126 6.768447876 0.002224179 0.999995947 0.001792029 -2.805408478 -0.434348404 -0.000648095 0.900744736 104.651214600
0.893972993 -0.002836666 0.448111951 7.041271210 0.002398807 0.999996066 0.001544670 -2.811953783 -0.448114604 -0.000305959 0.893976033 105.140884399
0.887887299 -0.002889675 0.460051924 7.313800812 0.002287559 0.999995589 0.001866243 -2.832598209 -0.460055351 -0.000604618 0.887889981 105.637138367
0.881963730 -0.003424519 0.471304744 7.595687866 0.002674958 0.999993920 0.002260282 -2.846631289 -0.471309543 -0.000732767 0.881967485 106.112022400
0.874599099 -0.004272578 0.484827906 7.863616943 0.003490891 0.999990761 0.002515137 -2.869698763 -0.484834194 -0.000507256 0.874605894 106.566024780
0.867491245 -0.004243863 0.497434199 8.155265808 0.003430139 0.999990880 0.002549499 -2.885142565 -0.497440547 -0.000505399 0.867497861 107.020065308
0.861141026 -0.005202418 0.508339524 8.464996338 0.004740656 0.999986351 0.002203200 -2.890463114 -0.508344054 0.000512598 0.861153901 107.502136230
0.853342712 -0.005591032 0.521320403 8.779594421 0.005371062 0.999983788 0.001932753 -2.898497343 -0.521322727 0.001150743 0.853358805 107.958816528
