1.000000000 0.000000000 0.000000000 0.000000000 0.000000000 1.000000000 0.000000000 0.000000000 0.000000000 0.000000000 1.000000000 0.000000000
1.000000000 -0.000110246 -0.000029755 0.000384756 0.000110244 1.000000000 -0.000053660 0.000303489 0.000029760 0.000053657 1.000000000 0.000256491
1.000000000 -0.000073080 0.000047136 -0.000266487 0.000073083 1.000000000 -0.000063239 0.000842024 -0.000047131 0.000063242 1.000000000 0.000860339
1.000000000 -0.000027980 0.000121153 -0.000967741 0.000027994 1.000000000 -0.000117727 0.001374943 -0.000121149 0.000117731 1.000000000 0.001037299
1.000000000 -0.000186406 -0.000042499 0.001104112 0.000186405 1.000000000 -0.000034608 0.000932281 0.000042506 0.000034600 1.000000000 0.000483557
1.000000000 0.000032766 0.000067961 -0.000694238 -0.000032766 1.000000000 0.000002199 0.000259509 -0.000067961 -0.000002202 1.000000000 -0.000224743
1.000000000 0.000023857 0.000034314 -0.000536542 -0.000023852 1.000000000 -0.000157802 0.000925747 -0.000034318 0.000157801 1.000000000 -0.000009868
1.000000000 0.000024198 0.000084092 -0.000761417 -0.000024199 1.000000000 0.000018872 -0.000580918 -0.000084091 -0.000018874 1.000000000 -0.000316807
1.000000000 0.000152617 0.000079797 -0.001645814 -0.000152620 1.000000000 0.000037753 -0.000298368 -0.000079791 -0.000037766 1.000000000 -0.000198248
1.000000000 0.000024310 0.000127815 -0.000783150 -0.000024292 1.000000000 -0.000142675 0.001764597 -0.000127819 0.000142672 1.000000000 0.001102981
1.000000000 0.000135882 0.000050033 -0.001094923 -0.000135875 1.000000000 -0.000123987 0.000578027 -0.000050050 0.000123981 1.000000000 -0.000010577
1.000000000 -0.000050660 0.000050262 -0.000708082 0.000050661 1.000000000 -0.000013187 0.001003975 -0.000050262 0.000013190 1.000000000 0.000580668
1.000000000 0.000118804 0.000091650 -0.001498927 -0.000118790 1.000000000 -0.000147653 0.001421174 -0.000091667 0.000147642 1.000000000 0.000865756
1.000000000 0.000064084 0.000045047 -0.000452023 -0.000064081 1.000000000 -0.000060501 0.001505908 -0.000045051 0.000060498 1.000000000 0.001107621
1.000000000 0.000116563 0.000165261 -0.001408593 -0.000116535 1.000000000 -0.000168178 0.002604790 -0.000165281 0.000168158 1.000000000 0.002364233
0.999999940 0.000271955 0.000118383 -0.001764539 -0.000271936 0.999999940 -0.000160732 0.002148131 -0.000118427 0.000160700 1.000000000 0.002151415
0.999999940 0.000273801 0.000202962 -0.002267519 -0.000273767 0.999999940 -0.000169493 0.003572437 -0.000203008 0.000169438 0.999999940 0.004159704
1.000000000 0.000122735 0.000155371 -0.001038591 -0.000122712 1.000000000 -0.000145016 0.002205377 -0.000155389 0.000144997 1.000000000 0.003103554
0.999999940 0.000166835 0.000206471 -0.001928424 -0.000166821 1.000000000 -0.000069171 0.001908590 -0.000206482 0.000069137 1.000000000 0.002350291
1.000000000 0.000186061 0.000154968 -0.002184522 -0.000186048 1.000000000 -0.000080208 0.002435953 -0.000154983 0.000080180 1.000000000 0.002697867
0.999999940 0.000212279 0.000125966 -0.001418805 -0.000212271 1.000000000 -0.000065824 0.002391424 -0.000125980 0.000065797 1.000000000 0.002989620
1.000000000 0.000172522 0.000077273 -0.001701851 -0.000172514 1.000000000 -0.000105275 0.002386569 -0.000077291 0.000105262 1.000000000 0.002796549
0.999999940 0.000363270 0.000177369 -0.002807661 -0.000363246 0.999999940 -0.000133262 0.002736605 -0.000177417 0.000133198 1.000000000 0.003538146
0.999999940 0.000253141 0.000167850 -0.001602322 -0.000253120 0.999999940 -0.000121991 0.001927273 -0.000167881 0.000121949 1.000000000 0.002372871
1.000000000 0.000152605 0.000154082 -0.001025532 -0.000152590 1.000000000 -0.000100296 0.003098197 -0.000154097 0.000100273 1.000000000 0.004794274
0.999999940 0.000234704 0.000189857 -0.002070290 -0.000234692 1.000000000 -0.000064387 0.002175821 -0.000189872 0.000064342 1.000000000 0.002703615
1.000000000 0.000174102 0.000139774 -0.001456256 -0.000174083 1.000000000 -0.000135242 0.002845348 -0.000139798 0.000135218 1.000000000 0.002572678
1.000000000 0.000128115 0.000135750 -0.001517889 -0.000128098 1.000000000 -0.000127533 0.002465556 -0.000135766 0.000127516 1.000000000 0.003332775
0.999999940 0.000202939 0.000207290 -0.001459496 -0.000202916 1.000000000 -0.000110488 0.002305236 -0.000207312 0.000110446 1.000000000 0.003150769
1.000000000 0.000153499 0.000166036 -0.001506754 -0.000153481 1.000000000 -0.000109477 0.002042555 -0.000166053 0.000109452 1.000000000 0.003091871
0.999999940 0.000289348 0.000186049 -0.002011072 -0.000289325 0.999999940 -0.000128250 0.002839407 -0.000186086 0.000128196 1.000000000 0.003538017
0.999999940 0.000248541 0.000233472 -0.001910855 -0.000248534 0.999999940 -0.000027531 0.001509140 -0.000233479 0.000027473 1.000000000 0.002420773
0.999999940 0.000299502 0.000174391 -0.002285525 -0.000299483 0.999999940 -0.000108620 0.001482300 -0.000174424 0.000108568 1.000000000 0.002172228
0.999999940 0.000235408 0.000195215 -0.001380192 -0.000235375 0.999999940 -0.000168640 0.002259244 -0.000195255 0.000168594 0.999999940 0.002155103
1.000000000 0.000139476 0.000174428 -0.001711177 -0.000139450 1.000000000 -0.000151973 0.002613113 -0.000174449 0.000151949 1.000000000 0.003021593
1.000000000 0.000151516 0.000086068 -0.000867893 -0.000151508 1.000000000 -0.000093857 0.003052809 -0.000086082 0.000093844 1.000000000 0.003631166
0.999999940 0.000337308 0.000170679 -0.001788191 -0.000337297 0.999999940 -0.000064450 0.002142123 -0.000170701 0.000064393 1.000000000 0.002989224
0.999999940 0.000307323 0.000123503 -0.000768061 -0.000307314 0.999999940 -0.000077837 0.003039159 -0.000123527 0.000077799 1.000000000 0.002848666
0.999999940 0.000220790 0.000134193 -0.000706784 -0.000220775 0.999999940 -0.000115756 0.001725098 -0.000134218 0.000115727 1.000000000 0.003719030
0.999999821 0.000485420 0.000327789 -0.000959619 -0.000485193 0.999999642 -0.000689829 -0.001012747 -0.000328124 0.000689670 0.999999702 0.049593087
0.999999821 0.000492533 0.000331212 -0.001525794 -0.000492166 0.999999285 -0.001109604 -0.004715368 -0.000331758 0.001109440 0.999999344 0.137569174
0.999999166 -0.000553298 0.001192231 -0.007743105 0.000555042 0.999998689 -0.001462848 -0.008814036 -0.001191421 0.001463508 0.999998152 0.249941915
0.999999225 -0.000662730 0.001099789 -0.003095149 0.000664006 0.999999046 -0.001160319 -0.013661483 -0.001099019 0.001161049 0.999998629 0.379849076
0.999999225 -0.000578424 0.001150536 -0.002587312 0.000579506 0.999999404 -0.000941030 -0.016133094 -0.001149991 0.000941697 0.999998868 0.527612865
0.999998868 -0.000845466 0.001246205 0.001781578 0.000846513 0.999999285 -0.000839890 -0.024405204 -0.001245494 0.000840944 0.999998868 0.666375458
0.999998569 -0.001051066 0.001310940 0.005845875 0.001051865 0.999999225 -0.000609118 -0.027665375 -0.001310299 0.000610496 0.999998987 0.827854335
0.999998808 -0.000804818 0.001360594 0.007207461 0.000805550 0.999999523 -0.000537847 -0.031952024 -0.001360161 0.000538943 0.999998927 1.004024744
0.999998927 -0.000830652 0.001205642 0.010575978 0.000831165 0.999999583 -0.000425092 -0.037101626 -0.001205289 0.000426094 0.999999166 1.169564605
0.999998808 -0.000782060 0.001359486 0.012392101 0.000782052 0.999999642 0.000006379 -0.043841358 -0.001359491 -0.000005316 0.999999046 1.353164434
0.999998987 -0.000711109 0.001225710 0.016877344 0.000711328 0.999999702 -0.000178006 -0.046320021 -0.001225583 0.000178878 0.999999166 1.549737096
0.999998569 -0.001150270 0.001287515 0.024380719 0.001150324 0.999999404 -0.000041299 -0.050453082 -0.001287467 0.000042780 0.999999106 1.754825234
0.999998748 -0.001066710 0.001181990 0.021537041 0.001066437 0.999999404 0.000231474 -0.060608871 -0.001182236 -0.000230213 0.999999285 1.952834010
0.999997973 -0.001782407 0.000953584 0.030754624 0.001782065 0.999998391 0.000358480 -0.068239406 -0.000954221 -0.000356780 0.999999464 2.163762093
0.999998569 -0.001248441 0.001106473 0.031278234 0.001247910 0.999999046 0.000479988 -0.074824654 -0.001107071 -0.000478606 0.999999285 2.381434202
0.999998987 -0.000975077 0.001074951 0.038029991 0.000974703 0.999999523 0.000348394 -0.081329852 -0.001075290 -0.000347346 0.999999404 2.601764917
0.999998271 -0.001275731 0.001358111 0.040882077 0.001275181 0.999999106 0.000405858 -0.086848512 -0.001358628 -0.000404125 0.999999046 2.841064453
0.999997973 -0.001405344 0.001444218 0.039891608 0.001404318 0.999998748 0.000711360 -0.094739810 -0.001445216 -0.000709330 0.999998689 3.067884445
0.999998629 -0.001069317 0.001266967 0.045776282 0.001067982 0.999998868 0.001054266 -0.105092987 -0.001268093 -0.001052912 0.999998569 3.305936575
0.999997735 -0.001252044 0.001753521 0.046359848 0.001250518 0.999998808 0.000871211 -0.110409901 -0.001754610 -0.000869016 0.999998093 3.556182146
0.999998331 -0.000952087 0.001609079 0.055837777 0.000950342 0.999998987 0.001084942 -0.117809281 -0.001610111 -0.001083411 0.999998093 3.816421032
0.999998212 -0.001036794 0.001584825 0.052362565 0.001035816 0.999999285 0.000617924 -0.118162207 -0.001585465 -0.000616281 0.999998569 4.069700718
0.999998391 -0.000451653 0.001725173 0.057542402 0.000450613 0.999999702 0.000603036 -0.121387154 -0.001725445 -0.000602258 0.999998331 4.332151890
0.999997556 -0.000726578 0.002087589 0.060899485 0.000725042 0.999999464 0.000736336 -0.130834579 -0.002088123 -0.000734820 0.999997556 4.588146687
0.999997616 -0.000982202 0.001970009 0.073431477 0.000981109 0.999999404 0.000555738 -0.132870391 -0.001970554 -0.000553804 0.999997914 4.860002995
0.999997973 -0.000422887 0.001970028 0.074191049 0.000421625 0.999999702 0.000640852 -0.139547750 -0.001970298 -0.000640021 0.999997854 5.079237938
0.999997377 -0.000405417 0.002238041 0.078270324 0.000404594 0.999999821 0.000368000 -0.144463986 -0.002238190 -0.000367093 0.999997437 5.344806194
0.999996662 -0.000279132 0.002581049 0.080656998 0.000277254 0.999999702 0.000727822 -0.156571075 -0.002581252 -0.000727104 0.999996424 5.611107349
0.999997735 -0.000808332 0.001983253 0.089104176 0.000807066 0.999999464 0.000638926 -0.163630709 -0.001983768 -0.000637324 0.999997854 5.863099575
0.999997735 -0.000498765 0.002060694 0.097293645 0.000497409 0.999999702 0.000658487 -0.171457186 -0.002061022 -0.000657460 0.999997675 6.144449711
0.999996901 0.000117931 0.002491273 0.102100238 -0.000118290 0.999999940 0.000144152 -0.170465454 -0.002491256 -0.000144446 0.999996901 6.442876339
0.999997735 -0.000719020 0.002020379 0.106427900 0.000718593 0.999999702 0.000212225 -0.178118065 -0.002020532 -0.000210772 0.999997973 6.732278347
0.999997079 0.000372606 0.002359671 0.107864432 -0.000373112 0.999999821 0.000214159 -0.190108627 -0.002359590 -0.000215039 0.999997199 6.992235184
0.999997139 -0.000082485 0.002397344 0.114977680 0.000081681 0.999999940 0.000335476 -0.199447349 -0.002397372 -0.000335279 0.999997079 7.293581963
0.999997318 -0.000327001 0.002275721 0.124989286 0.000325709 0.999999762 0.000568163 -0.217175692 -0.002275907 -0.000567420 0.999997258 7.573876858
0.999997318 -0.000016816 0.002307140 0.130035639 0.000015523 0.999999821 0.000560580 -0.223223254 -0.002307149 -0.000560543 0.999997199 7.895629406
0.999997079 -0.000118921 0.002415968 0.133554876 0.000116987 0.999999702 0.000800473 -0.233921856 -0.002416062 -0.000800188 0.999996841 8.205353737
0.999997199 -0.000366808 0.002322768 0.140422925 0.000366355 0.999999881 0.000195400 -0.236964002 -0.002322840 -0.000194548 0.999997318 8.541821480
0.999997079 0.000017784 0.002410817 0.146980241 -0.000019104 0.999999762 0.000547681 -0.246687710 -0.002410807 -0.000547725 0.999996960 8.880969048
0.999997795 -0.000184604 0.002092426 0.160609722 0.000183805 0.999999881 0.000382516 -0.259021461 -0.002092496 -0.000382130 0.999997735 9.191230774
0.999996901 0.000701055 0.002415919 0.165452108 -0.000701114 0.999999762 0.000023701 -0.268721968 -0.002415902 -0.000025394 0.999997139 9.532280922
0.999996841 0.000482152 0.002472703 0.169124261 -0.000483389 0.999999762 0.000499326 -0.277168363 -0.002472461 -0.000500520 0.999996841 9.885283470
0.999997914 0.000176649 0.002037187 0.180494562 -0.000177193 0.999999940 0.000266630 -0.284566224 -0.002037141 -0.000266990 0.999997854 10.221350670
0.999997854 0.000130237 0.002070767 0.188477755 -0.000130488 1.000000000 0.000120884 -0.294630229 -0.002070752 -0.000121154 0.999997854 10.583580971
0.999997616 0.000180282 0.002180889 0.193787515 -0.000180486 1.000000000 0.000093336 -0.302397072 -0.002180872 -0.000093730 0.999997675 10.944839478
0.999998212 -0.000260337 0.001867869 0.206823781 0.000259680 0.999999821 0.000352066 -0.312899172 -0.001867960 -0.000351580 0.999998152 11.307407379
0.999997675 0.000483914 0.002096996 0.214158803 -0.000484300 0.999999821 0.000183271 -0.316432148 -0.002096907 -0.000184286 0.999997795 11.688267708
0.999997437 -0.000343286 0.002238218 0.225186527 0.000341735 0.999999702 0.000693202 -0.334464401 -0.002238455 -0.000692435 0.999997258 12.063206673
0.999997795 -0.000424000 0.002022473 0.235184833 0.000421836 0.999999285 0.001069928 -0.348625720 -0.002022926 -0.001069073 0.999997377 12.451218605
0.999997437 -0.000002973 0.002269819 0.232988268 0.000001078 0.999999642 0.000834982 -0.360029429 -0.002269821 -0.000834977 0.999997020 12.822155952
0.999997079 0.000054095 0.002416309 0.248840481 -0.000055944 0.999999702 0.000765225 -0.370285064 -0.002416267 -0.000765358 0.999996722 13.223754883
0.999997139 0.000037342 0.002389083 0.252086341 -0.000039848 0.999999464 0.001048725 -0.384434760 -0.002389043 -0.001048817 0.999996603 13.616278648
0.999995947 0.000553774 0.002795561 0.255233079 -0.000556705 0.999999344 0.001047691 -0.393345743 -0.002794979 -0.001049243 0.999995530 14.039721489
0.999995649 0.000313255 0.002928818 0.270550758 -0.000315811 0.999999583 0.000872587 -0.406548589 -0.002928544 -0.000873508 0.999995351 14.444739342
0.999996305 0.000272832 0.002701001 0.281333655 -0.000274491 0.999999762 0.000613822 -0.413699806 -0.002700834 -0.000614561 0.999996185 14.878535271
0.999994338 0.000110578 0.003363448 0.284034878 -0.000113961 0.999999464 0.001005777 -0.430550694 -0.003363334 -0.001006155 0.999993861 15.283033371
0.999993563 -0.000311085 0.003588766 0.295032710 0.000306814 0.999999225 0.001190497 -0.442648709 -0.003589134 -0.001189388 0.999992907 15.732388496
0.999990761 0.000673181 0.004247213 0.299247772 -0.000677648 0.999999225 0.001050426 -0.452233672 -0.004246503 -0.001053295 0.999990404 16.151910782
0.999990463 0.000638726 0.004312285 0.305993617 -0.000641160 0.999999702 0.000563045 -0.466090828 -0.004311924 -0.000565804 0.999990523 16.591548920
0.999989271 0.000457913 0.004612221 0.318336666 -0.000462153 0.999999404 0.000918238 -0.483899564 -0.004611799 -0.000920360 0.999988854 17.039640427
0.999988198 0.000521679 0.004836739 0.330965906 -0.000527701 0.999999046 0.001243865 -0.494607687 -0.004836085 -0.001246403 0.999987483 17.506053925
0.999985278 0.000705012 0.005383868 0.339398026 -0.000708183 0.999999583 0.000587281 -0.501375675 -0.005383453 -0.000591085 0.999985278 17.977016449
0.999986172 0.000193471 0.005255353 0.352650911 -0.000199859 0.999999225 0.001214994 -0.519173086 -0.005255114 -0.001216027 0.999985456 18.423103333
0.999984443 0.000598098 0.005548654 0.364067495 -0.000605684 0.999998927 0.001365503 -0.528838158 -0.005547831 -0.001368842 0.999983668 18.899120331
0.999984026 0.001048187 0.005556134 0.373987645 -0.001054066 0.999998868 0.001055318 -0.543180585 -0.005555021 -0.001061158 0.999984026 19.370256424
0.999982774 0.001592040 0.005650013 0.381743461 -0.001600236 0.999997675 0.001446332 -0.559815824 -0.005647698 -0.001455349 0.999983013 19.853075027
0.999984026 0.000749015 0.005596252 0.401794434 -0.000755604 0.999998987 0.001175513 -0.573192179 -0.005595367 -0.001179723 0.999983609 20.350564957
0.999988794 0.000151891 0.004728775 0.405622005 -0.000160200 0.999998450 0.001756832 -0.589262605 -0.004728501 -0.001757569 0.999987304 20.829736710
0.999991953 -0.000087983 0.004006671 0.419893980 0.000082363 0.999999046 0.001402808 -0.600477040 -0.004006790 -0.001402467 0.999991059 21.328144073
0.999993920 0.000323805 0.003482821 0.428505540 -0.000328397 0.999999106 0.001317963 -0.610859275 -0.003482392 -0.001319099 0.999993086 21.852306366
0.999994457 -0.000026449 0.003329268 0.437918007 0.000021618 0.999998927 0.001451127 -0.625138044 -0.003329303 -0.001451047 0.999993384 22.299962997
0.999993980 0.001038106 0.003312918 0.447111249 -0.001043700 0.999997914 0.001687412 -0.641263962 -0.003311160 -0.001690859 0.999993086 22.825634003
0.999996305 0.000389076 0.002695393 0.439831942 -0.000394779 0.999997675 0.002115718 -0.665998399 -0.002694563 -0.002116775 0.999994159 23.312238693
0.999996960 -0.001581442 0.001896268 0.452660561 0.001577563 0.999996662 0.002044962 -0.683086991 -0.001899496 -0.002041965 0.999996185 23.845296860
0.999998748 -0.001314767 0.000927154 0.466930866 0.001312547 0.999996185 0.002390906 -0.697730303 -0.000930294 -0.002389687 0.999996722 24.374563217
0.999999821 -0.000068175 0.000592838 0.479654193 0.000066719 0.999996960 0.002454894 -0.714859903 -0.000593004 -0.002454855 0.999996781 24.879791260
0.999998689 0.001437963 0.000809457 0.481088668 -0.001439637 0.999996781 0.002070695 -0.723748446 -0.000806477 -0.002071858 0.999997497 25.429977417
0.999999344 0.000972297 0.000597853 0.487622976 -0.000973836 0.999996126 0.002578136 -0.737034142 -0.000595344 -0.002578716 0.999996483 25.985603333
0.999999821 0.000541410 -0.000310467 0.502113640 -0.000540582 0.999996245 0.002662160 -0.756811202 0.000311907 -0.002661992 0.999996364 26.492422104
0.999999344 0.000734122 -0.000848997 0.515914559 -0.000731781 0.999995947 0.002754804 -0.770289302 0.000851016 -0.002754181 0.999995828 27.047431946
0.999998271 0.001232467 -0.001397333 0.526991487 -0.001228518 0.999995291 0.002823055 -0.789179206 0.001400806 -0.002821333 0.999995053 27.598836899
0.999997616 0.001711562 -0.001335851 0.529421926 -0.001708145 0.999995291 0.002554962 -0.798576832 0.001340218 -0.002552675 0.999995768 28.111253738
0.999996722 0.000957310 -0.002396536 0.548491955 -0.000951093 0.999996126 0.002593658 -0.811536551 0.002399010 -0.002591370 0.999993801 28.668502808
0.999996364 0.001733411 -0.002035363 0.549699187 -0.001727124 0.999993742 0.003086781 -0.828576326 0.002040701 -0.003083255 0.999993145 29.203798294
0.999995410 0.001944048 -0.002296751 0.550905168 -0.001937679 0.999994218 0.002771957 -0.838338435 0.002302126 -0.002767494 0.999993443 29.703315735
0.999993742 0.002210510 -0.002766935 0.570096612 -0.002203076 0.999993980 0.002687000 -0.856928766 0.002772858 -0.002680887 0.999992490 30.233482361
0.999994278 0.002233185 -0.002530038 0.566785216 -0.002226594 0.999994099 0.002604597 -0.865367472 0.002535841 -0.002598948 0.999993384 30.783201218
0.999990165 0.003508792 -0.002696720 0.572793901 -0.003502969 0.999991477 0.002160954 -0.875100732 0.002704280 -0.002151486 0.999994040 31.325260162
0.999991477 0.002794820 -0.003015946 0.581547916 -0.002786967 0.999992669 0.002605077 -0.892107904 0.003023205 -0.002596650 0.999992073 31.848724365
0.999990106 0.002747595 -0.003487366 0.586148024 -0.002735738 0.999990404 0.003400278 -0.909884572 0.003496676 -0.003390704 0.999988139 32.394519806
0.999989867 0.002102881 -0.003987769 0.610380888 -0.002089159 0.999991894 0.003442162 -0.934641421 0.003994975 -0.003433796 0.999986112 32.935543060
0.999991059 0.002612548 -0.003313842 0.596146882 -0.002600482 0.999989986 0.003640192 -0.942719758 0.003323318 -0.003631541 0.999987900 33.436931610
0.999988079 0.002645064 -0.004085215 0.608408928 -0.002633041 0.999992132 0.002945659 -0.951425433 0.004092975 -0.002934867 0.999987364 33.975402832
0.999986887 0.003083513 -0.004070740 0.610326707 -0.003071800 0.999991179 0.002880675 -0.969438970 0.004079586 -0.002868134 0.999987602 34.501403809
0.999988437 0.002266117 -0.004271931 0.621885836 -0.002253295 0.999992907 0.003004106 -0.971504152 0.004278709 -0.002994445 0.999986351 34.988273621
0.999986649 0.002910876 -0.004265705 0.631488681 -0.002898269 0.999991417 0.002958575 -0.986207306 0.004274280 -0.002946172 0.999986529 35.541622162
0.999984682 0.002946814 -0.004690021 0.637973428 -0.002932101 0.999990761 0.003140817 -1.002728343 0.004699233 -0.003127017 0.999984026 36.112842560
0.999984980 0.003148008 -0.004484059 0.635825813 -0.003134735 0.999990702 0.002964054 -1.015865684 0.004493349 -0.002949953 0.999985516 36.578334808
0.999985754 0.003306536 -0.004202479 0.641975582 -0.003296304 0.999991655 0.002439309 -1.023928761 0.004210509 -0.002425421 0.999988198 37.135562897
0.999983966 0.003329882 -0.004564553 0.651972651 -0.003319083 0.999991715 0.002371280 -1.039788961 0.004572411 -0.002356092 0.999986768 37.686641693
0.999985039 0.002934360 -0.004616609 0.653448939 -0.002921616 0.999991894 0.002764898 -1.058228254 0.004624686 -0.002751368 0.999985516 38.176670074
0.999983013 0.003448197 -0.004712827 0.662918985 -0.003436005 0.999990821 0.002592852 -1.069575310 0.004721723 -0.002576615 0.999985576 38.727291107
0.999984562 0.003239881 -0.004509530 0.671858549 -0.003227324 0.999990880 0.002789021 -1.084321737 0.004518527 -0.002774425 0.999985933 39.300209045
0.999984086 0.003426492 -0.004485584 0.672367275 -0.003414054 0.999990344 0.002777313 -1.097059011 0.004495058 -0.002761954 0.999986112 39.772224426
0.999984562 0.002810265 -0.004815282 0.687119126 -0.002795059 0.999991179 0.003161564 -1.114625573 0.004824125 -0.003148056 0.999983370 40.322303772
0.999984741 0.003354194 -0.004420084 0.689651370 -0.003340367 0.999989569 0.003131756 -1.123338699 0.004430544 -0.003116943 0.999985337 40.875831604
0.999983668 0.003678640 -0.004374758 0.688804507 -0.003666833 0.999989629 0.002704011 -1.135780096 0.004384659 -0.002687926 0.999986768 41.375988007
0.999983370 0.003526686 -0.004559488 0.701117337 -0.003514313 0.999990106 0.002718919 -1.149021268 0.004569031 -0.002702850 0.999985933 41.927848816
0.999981105 0.004050025 -0.004622350 0.712588787 -0.004035647 0.999986947 0.003115909 -1.171439648 0.004634909 -0.003097197 0.999984443 42.455108643
0.999982655 0.004133584 -0.004184904 0.697635174 -0.004119736 0.999986053 0.003312423 -1.186004877 0.004198537 -0.003295125 0.999985754 42.938426971
0.999984324 0.003905407 -0.004018626 0.703197479 -0.003890703 0.999985754 0.003660344 -1.201312065 0.004032863 -0.003644651 0.999985218 43.477748871
0.999983311 0.004314921 -0.003861560 0.701735973 -0.004300126 0.999983430 0.003831581 -1.212241054 0.003878030 -0.003814911 0.999985218 43.990230560
0.999981284 0.004540302 -0.004094956 0.722952247 -0.004525966 0.999983609 0.003503789 -1.225778818 0.004110797 -0.003485189 0.999985516 44.549560547
0.999983132 0.004224497 -0.003992099 0.723765373 -0.004211092 0.999985516 0.003360288 -1.233440638 0.004006236 -0.003343421 0.999986410 45.039772034
0.999984026 0.003798337 -0.004193228 0.733623803 -0.003785214 0.999987960 0.003133095 -1.248136997 0.004205078 -0.003117173 0.999986351 45.581283569
0.999982357 0.004434018 -0.003955704 0.740117967 -0.004420524 0.999984384 0.003413816 -1.266173959 0.003970779 -0.003396270 0.999986351 46.127990723
0.999983966 0.003610518 -0.004365839 0.745623231 -0.003594951 0.999987185 0.003568320 -1.272015452 0.004378666 -0.003552568 0.999984086 46.587993622
0.999981701 0.004087161 -0.004459629 0.750674009 -0.004073143 0.999986708 0.003147935 -1.285114408 0.004472437 -0.003129713 0.999985099 47.124439240
0.999982595 0.004499353 -0.003812996 0.756466389 -0.004485327 0.999983132 0.003679269 -1.298157573 0.003829487 -0.003662102 0.999985933 47.673892975
0.999984384 0.003699469 -0.004174312 0.757550061 -0.003685046 0.999987245 0.003457669 -1.311408520 0.004187050 -0.003442233 0.999985337 48.141670227
0.999982119 0.004321442 -0.004116427 0.766907454 -0.004307322 0.999984860 0.003432879 -1.322921991 0.004131200 -0.003415088 0.999985635 48.689262390
0.999981105 0.004214965 -0.004475957 0.770903826 -0.004201070 0.999986291 0.003109454 -1.333052397 0.004489002 -0.003090592 0.999985218 49.228828430
0.999984562 0.004282012 -0.003533787 0.767037213 -0.004271189 0.999986172 0.003064215 -1.345980406 0.003546860 -0.003049075 0.999989033 49.714958191
0.999983191 0.004608790 -0.003511410 0.776698828 -0.004597730 0.999984503 0.003151435 -1.358226299 0.003525879 -0.003135237 0.999988854 50.266307831
0.999981940 0.004572525 -0.003899886 0.786272407 -0.004559184 0.999983847 0.003422501 -1.373481512 0.003915473 -0.003404659 0.999986529 50.762153625
0.999982595 0.004808419 -0.003449444 0.790514112 -0.004797299 0.999983311 0.003224576 -1.386942983 0.003464892 -0.003207972 0.999988854 51.313838959
0.999982297 0.004824574 -0.003482441 0.794957817 -0.004813645 0.999983490 0.003139620 -1.394632220 0.003497532 -0.003122801 0.999989033 51.831890106
0.999981463 0.004935976 -0.003576291 0.807260513 -0.004925387 0.999983490 0.002963403 -1.407314777 0.003590860 -0.002945733 0.999989271 52.379867554
0.999981523 0.005026195 -0.003411375 0.804276228 -0.005016051 0.999983132 0.002975388 -1.422380328 0.003426271 -0.002958221 0.999989748 52.893764496
0.999979913 0.005467756 -0.003180478 0.808123589 -0.005458788 0.999981105 0.002821247 -1.432248116 0.003195844 -0.002803829 0.999990940 53.421775818
0.999980450 0.005493080 -0.002969460 0.816700161 -0.005484473 0.999980748 0.002898804 -1.445983410 0.002985326 -0.002882462 0.999991417 53.973258972
0.999983013 0.004872135 -0.003176798 0.828141689 -0.004864438 0.999985218 0.002425620 -1.451740980 0.003188570 -0.002410126 0.999992013 54.492755890
0.999982476 0.005348416 -0.002511175 0.829477787 -0.005341786 0.999982238 0.002639274 -1.464001894 0.002525246 -0.002625814 0.999993384 55.043560028
0.999983072 0.004899248 -0.003142397 0.843840957 -0.004890158 0.999983847 0.002893790 -1.486537814 0.003156523 -0.002878375 0.999990880 55.553749084
0.999980628 0.005418638 -0.003072247 0.852527380 -0.005409822 0.999981225 0.002870649 -1.501026630 0.003087744 -0.002853973 0.999991179 56.088829041
0.999982476 0.004903287 -0.003338214 0.868397713 -0.004894291 0.999984443 0.002697292 -1.515812635 0.003351387 -0.002680906 0.999990821 56.639789581
0.999982059 0.005312527 -0.002762503 0.858362913 -0.005304829 0.999982059 0.002786721 -1.523183942 0.002777258 -0.002772017 0.999992311 57.131584167
0.999981523 0.005268994 -0.003016769 0.868454099 -0.005261258 0.999982774 0.002566676 -1.533950686 0.003030241 -0.002550757 0.999992192 57.676353455
0.999982297 0.005331648 -0.002630835 0.878257632 -0.005325915 0.999983430 0.002181612 -1.550437927 0.002642423 -0.002167562 0.999994099 58.226902008
0.999982357 0.005241050 -0.002847395 0.877063036 -0.005234743 0.999983847 0.002217916 -1.561283112 0.002858973 -0.002202971 0.999993503 58.717285156
0.999979734 0.005849753 -0.002552595 0.883334696 -0.005842356 0.999978781 0.002895484 -1.574609399 0.002569478 -0.002880512 0.999992549 59.281253815
0.999981701 0.005413332 -0.002696277 0.889732122 -0.005407314 0.999982893 0.002234429 -1.583253026 0.002708326 -0.002219809 0.999993861 59.790042877
0.999978602 0.005896326 -0.002827349 0.902141571 -0.005889556 0.999979734 0.002396662 -1.596159816 0.002841424 -0.002379959 0.999993086 60.347068787
0.999980807 0.005523768 -0.002809257 0.904087067 -0.005517318 0.999982119 0.002298544 -1.612207055 0.002821903 -0.002283000 0.999993384 60.849338531
0.999979019 0.006159890 -0.002044693 0.908639312 -0.006156327 0.999979556 0.001744222 -1.624288797 0.002055396 -0.001731598 0.999996305 61.390987396
0.999978542 0.006036039 -0.002547289 0.916331053 -0.006029901 0.999979019 0.002410291 -1.639329195 0.002561783 -0.002394879 0.999993801 61.923828125
0.999978483 0.006243693 -0.002031434 0.915988863 -0.006239495 0.999978423 0.002066119 -1.655460596 0.002044290 -0.002053399 0.999995768 62.468807220
0.999979317 0.005892991 -0.002623636 0.931313992 -0.005887283 0.999980211 0.002178250 -1.668083072 0.002636421 -0.002162759 0.999994159 62.970981598
0.999981165 0.005584429 -0.002549888 0.936185122 -0.005578577 0.999981821 0.002296516 -1.684951663 0.002562667 -0.002282248 0.999994099 63.509044647
0.999982178 0.005384980 -0.002563778 0.943015933 -0.005379114 0.999982834 0.002289254 -1.693315625 0.002576062 -0.002275422 0.999994099 64.028755188
0.999979436 0.005999659 -0.002274449 0.943682969 -0.005995709 0.999980509 0.001739404 -1.702100277 0.002284840 -0.001725732 0.999995947 64.570541382
0.999980748 0.005760923 -0.002307861 0.952282429 -0.005756322 0.999981463 0.001995233 -1.716033816 0.002319314 -0.001981910 0.999995351 65.098922729
0.999980927 0.005858345 -0.001974419 0.950415611 -0.005855244 0.999981582 0.001573040 -1.732993007 0.001983598 -0.001561449 0.999996841 65.635047913
0.999983490 0.005166183 -0.002509233 0.974798024 -0.005161185 0.999984682 0.001994648 -1.744070649 0.002519500 -0.001981664 0.999994874 66.165382385
0.999981821 0.005525478 -0.002391566 0.980874538 -0.005521728 0.999983549 0.001572002 -1.758089542 0.002400213 -0.001558768 0.999995947 66.699523926
0.999981284 0.005600029 -0.002460299 0.992953598 -0.005595840 0.999982893 0.001705813 -1.772510886 0.002469810 -0.001692014 0.999995470 67.249000549
0.999980211 0.005608432 -0.002838035 1.001261234 -0.005603701 0.999982893 0.001671791 -1.787085414 0.002847362 -0.001655855 0.999994516 67.797317505
0.999978602 0.006086309 -0.002387341 1.010586739 -0.006080890 0.999978900 0.002271347 -1.810631871 0.002401114 -0.002256782 0.999994576 68.344688416
0.999984145 0.005314067 -0.001873460 1.015496135 -0.005310226 0.999983847 0.002048841 -1.813554049 0.001884317 -0.002038859 0.999996126 68.924560547
0.999983966 0.005299785 -0.001994712 1.014271975 -0.005296421 0.999984562 0.001687497 -1.823209882 0.002003626 -0.001676905 0.999996603 69.346946716
0.999982119 0.005630387 -0.002024870 1.021420956 -0.005627583 0.999983311 0.001387176 -1.837309241 0.002032647 -0.001375756 0.999996960 69.894210815
0.999985397 0.005137185 -0.001637410 1.033085227 -0.005134237 0.999985218 0.001798885 -1.851528525 0.001646627 -0.001790452 0.999997020 70.447700500
0.999980509 0.005978142 -0.001809404 1.038487554 -0.005974951 0.999980509 0.001764499 -1.869802117 0.001819917 -0.001753654 0.999996781 70.935668945
0.999984264 0.005243179 -0.001994574 1.052981734 -0.005239382 0.999984443 0.001903679 -1.883666635 0.002004524 -0.001893199 0.999996126 71.486526489
0.999977648 0.006443282 -0.001788816 1.055202842 -0.006439205 0.999976695 0.002274755 -1.898380399 0.001803431 -0.002263185 0.999995828 72.011672974
0.999981880 0.005744214 -0.001824499 1.072628260 -0.005741557 0.999982476 0.001458225 -1.912960529 0.001832843 -0.001447723 0.999997318 72.557884216
0.999981284 0.006010309 -0.001158816 1.077535152 -0.006008442 0.999980688 0.001606562 -1.917415738 0.001168449 -0.001599570 0.999998033 73.115104675
0.999979794 0.006165378 -0.001537646 1.082048535 -0.006162402 0.999979138 0.001933421 -1.934061050 0.001549534 -0.001923907 0.999996960 73.581626892
0.999981880 0.005669034 -0.002019752 1.098584533 -0.005666525 0.999983072 0.001246079 -1.942968607 0.002026782 -0.001234611 0.999997199 74.131286621
0.999978721 0.006336667 -0.001536932 1.110036969 -0.006334509 0.999978900 0.001406333 -1.961384773 0.001545811 -0.001396568 0.999997854 74.665229797
0.999978960 0.006306649 -0.001521706 1.111164093 -0.006304282 0.999978900 0.001555437 -1.970757246 0.001531483 -0.001545811 0.999997616 75.204643250
0.999973178 0.007234256 -0.001121552 1.117362380 -0.007232776 0.999972939 0.001317556 -1.983336210 0.001131054 -0.001309408 0.999998510 75.749305725
0.999981940 0.005761780 -0.001716000 1.125925064 -0.005758978 0.999982059 0.001632880 -1.995158672 0.001725377 -0.001622968 0.999997139 76.242607117
0.999980330 0.006000792 -0.001866410 1.136997342 -0.005998852 0.999981463 0.001043379 -2.007808447 0.001872637 -0.001032163 0.999997675 76.794692993
0.999978960 0.006380921 -0.001178040 1.140249252 -0.006379222 0.999978602 0.001440789 -2.019313335 0.001187209 -0.001433244 0.999998271 77.312599182
0.999976635 0.006709113 -0.001308565 1.152129889 -0.006707784 0.999976933 0.001017251 -2.033130407 0.001315359 -0.001008449 0.999998629 77.858283997
0.999984145 0.005418720 -0.001538457 1.168088555 -0.005417529 0.999984980 0.000777369 -2.043251038 0.001542646 -0.000769022 0.999998510 78.399192810
0.999975979 0.006921469 -0.000135194 1.171334982 -0.006921359 0.999975741 0.000798052 -2.052513599 0.000140714 -0.000797097 0.999999642 78.948875427
0.999982715 0.005863157 0.000444512 1.190951228 -0.005863502 0.999982536 0.000781383 -2.072558403 -0.000439923 -0.000783976 0.999999583 79.490005493
0.999986172 0.005171234 0.000977493 1.205057740 -0.005172941 0.999985099 0.001752788 -2.098704815 -0.000968415 -0.001757820 0.999997973 80.029182434
0.999974847 0.006368725 0.003129674 1.185338736 -0.006371077 0.999979436 0.000742928 -2.097932100 -0.003124878 -0.000762849 0.999994814 80.567932129
0.999966264 0.005597448 0.006008673 1.207168698 -0.005601842 0.999983966 0.000714888 -2.111310959 -0.006004575 -0.000748523 0.999981701 81.129882812
0.999940455 0.005781065 0.009255484 1.230220318 -0.005785906 0.999983132 0.000496353 -2.115986109 -0.009252459 -0.000549875 0.999956965 81.682769775
0.999892294 0.006403212 0.013201113 1.241188049 -0.006415780 0.999979019 0.000909940 -2.144383192 -0.013195010 -0.000994537 0.999912441 82.187835693
0.999834418 0.006021404 0.017167574 1.267863989 -0.006036683 0.999981463 0.000838257 -2.157610416 -0.017162208 -0.000941753 0.999852300 82.737930298
0.999715745 0.006016381 0.023066841 1.297182918 -0.006047850 0.999980927 0.001294798 -2.177773476 -0.023058612 -0.001433935 0.999733090 83.288444519
0.999549031 0.006459442 0.029325854 1.313508034 -0.006470494 0.999979019 0.000282025 -2.181638718 -0.029323412 -0.000471650 0.999569893 83.848495483
0.999373913 0.006423191 0.034793407 1.349317670 -0.006455388 0.999978781 0.000813168 -2.198395491 -0.034787443 -0.001037264 0.999394119 84.394493103
0.999036074 0.005879832 0.043502349 1.390310287 -0.005926638 0.999981940 0.000947013 -2.218706608 -0.043495998 -0.001203922 0.999052882 84.941932678
0.998642981 0.005949354 0.051737621 1.436369896 -0.005975106 0.999982059 0.000343101 -2.228834867 -0.051734664 -0.000651774 0.998660624 85.497932434
0.998253405 0.005104200 0.058856525 1.485970974 -0.005117464 0.999986887 0.000074651 -2.238433838 -0.058855370 -0.000375717 0.998266459 86.054374695
0.997656226 0.006130187 0.068150446 1.533934116 -0.006179503 0.999980688 0.000512834 -2.258650780 -0.068145975 -0.000932768 0.997674942 86.591148376
0.996947885 0.006121796 0.077830337 1.600184917 -0.006182929 0.999980688 0.000544484 -2.277866125 -0.077825516 -0.001024042 0.996966481 87.118446350
0.996241927 0.005393980 0.086447030 1.672996044 -0.005416467 0.999985218 0.000025571 -2.281989098 -0.086445630 -0.000493713 0.996256471 87.682418823
0.995541930 0.004956002 0.094189726 1.725215912 -0.004968419 0.999987602 -0.000102682 -2.299644470 -0.094189085 -0.000365750 0.995554268 88.239250183
0.994553328 0.005048735 0.104106307 1.805452824 -0.005045731 0.999987185 -0.000292216 -2.313399792 -0.104106456 -0.000234668 0.994566202 88.776290894
0.993412971 0.005145316 0.114474237 1.890106201 -0.005165165 0.999986589 -0.000123225 -2.330722570 -0.114473343 -0.000468865 0.993426204 89.312164307
0.992290020 0.004513329 0.123854682 1.975634575 -0.004455547 0.999989808 -0.000743508 -2.334241629 -0.123856783 0.000185935 0.992300093 89.889144897
0.990754426 0.004780822 0.135583043 2.065668106 -0.004771590 0.999988496 -0.000393077 -2.350978374 -0.135583401 -0.000257504 0.990765870 90.424789429
0.988957763 0.004038651 0.148142606 2.157248497 -0.004000709 0.999991834 -0.000554106 -2.369901180 -0.148143649 -0.000044688 0.988965809 90.958885193
0.987231016 0.004086305 0.159242719 2.262685776 -0.004058142 0.999991655 -0.000502045 -2.379691601 -0.159243479 -0.000150595 0.987239361 91.522499084
0.985585511 0.003601942 0.169139415 2.380617142 -0.003522023 0.999993563 -0.000772521 -2.390184641 -0.169141129 0.000165673 0.985591948 92.072364807
0.983208597 0.003837089 0.182444930 2.495519638 -0.003786740 0.999992728 -0.000624331 -2.408051729 -0.182445988 -0.000077024 0.983215928 92.609626770
0.980816305 0.003209003 0.194907829 2.633234024 -0.003079404 0.999994814 -0.000967932 -2.421550035 -0.194909930 0.000349163 0.980821013 93.181243896
0.978694081 0.002983378 0.205301940 2.762086868 -0.002974824 0.999995530 -0.000350330 -2.441763639 -0.205302089 -0.000267871 0.978698552 93.717559814
0.975890398 0.003052239 0.218239829 2.901386261 -0.003043622 0.999995291 -0.000375657 -2.462377310 -0.218239933 -0.000297639 0.975895107 94.231185913
0.972793162 0.002609830 0.231660753 3.045366287 -0.002430090 0.999996483 -0.001061232 -2.459715843 -0.231662706 0.000469403 0.972796082 94.818672180
0.970120430 0.002400319 0.242612422 3.197257996 -0.002199395 0.999996960 -0.001099012 -2.476217270 -0.242614314 0.000532573 0.970122695 95.343391418
0.967380285 0.001803782 0.253322363 3.369239807 -0.001587893 0.999998212 -0.001056690 -2.495659351 -0.253323793 0.000619972 0.967381358 95.832786560
0.963630915 0.002298667 0.267226875 3.520053864 -0.002171169 0.999997258 -0.000772586 -2.504962444 -0.267227918 0.000164293 0.963633478 96.372520447
0.960142374 0.001316795 0.279508382 3.698827744 -0.001020774 0.999998748 -0.001204633 -2.520891190 -0.279509634 0.000871304 0.960142612 96.898460388
0.956897676 0.000438162 0.290424854 3.890625000 -0.000007903 0.999998868 -0.001482652 -2.528575182 -0.290425181 0.001416451 0.956896663 97.431114197
0.952343345 0.001348615 0.305024952 4.069688797 -0.001098551 0.999998868 -0.000991444 -2.547849178 -0.305025935 0.000609109 0.952343822 97.958763123
0.947875619 0.000239659 0.318640560 4.275497437 0.000101597 0.999999464 -0.001054354 -2.561406374 -0.318640649 0.001031770 0.947874963 98.482505798
0.943973482 0.000140085 0.330021620 4.479900360 0.000277492 0.999999344 -0.001218192 -2.570839167 -0.330021530 0.001241519 0.943972647 98.988754272
0.939122975 0.000236756 0.343581200 4.691240311 0.000202985 0.999999225 -0.001243907 -2.586947918 -0.343581200 0.001237924 0.939122140 99.537796021
0.933779299 0.000514435 0.357849091 4.905588150 -0.000353540 0.999999821 -0.000515041 -2.604721308 -0.357849300 0.000354421 0.933779359 100.045768738
0.929006755 -0.001026150 0.370061487 5.131809235 0.001650037 0.999997675 -0.001369360 -2.618179560 -0.370059252 0.001882759 0.929006219 100.559730530
0.924264014 -0.000855259 0.381752938 5.348625183 0.001404355 0.999998331 -0.001159747 -2.634155035 -0.381751299 0.001608029 0.924263656 101.045936584
0.918197632 -0.000522623 0.396122456 5.586746216 0.000885853 0.999999285 -0.000734030 -2.651152134 -0.396121770 0.001024891 0.918197393 101.548126221
0.912422419 -0.001038194 0.409248382 5.830406189 0.001438473 0.999998808 -0.000670260 -2.662739515 -0.409247190 0.001200253 0.912422776 102.031654358
0.907695830 -0.002536410 0.419621050 6.086380005 0.003153254 0.999994755 -0.000776413 -2.678293705 -0.419616848 0.002027918 0.907698989 102.510879517
0.901242375 -0.000225584 0.433315277 6.336273193 0.000870436 0.999998927 -0.001289799 -2.676594257 -0.433314443 0.001539595 0.901241481 103.120544434
0.894651413 -0.001081084 0.446763664 6.604881287 0.001851093 0.999997497 -0.001287038 -2.692050219 -0.446761042 0.001978451 0.894651234 103.606201172
0.888673544 -0.000891049 0.458539546 6.876987457 0.001883806 0.999996901 -0.001707689 -2.703479052 -0.458536565 0.002381377 0.888672352 104.091873169
0.882897139 -0.001093822 0.469565064 7.150577545 0.001884072 0.999997437 -0.001213086 -2.726463318 -0.469562531 0.001955725 0.882897019 104.562034607
0.874988854 -0.001390300 0.484140962 7.406856537 0.002076303 0.999997377 -0.000880830 -2.730274439 -0.484138519 0.001775940 0.874989569 105.036849976
0.867940784 -0.001051613 0.496666521 7.697303772 0.001777666 0.999997914 -0.000989191 -2.745713234 -0.496664494 0.001741467 0.867940903 105.497390747
0.861822248 -0.001430982 0.507208526 7.989154816 0.002148360 0.999997258 -0.000829099 -2.764453888 -0.507205904 0.001804203 0.861823022 105.943290710
