1.000000000 0.000000000 0.000000000 0.000000000 0.000000000 1.000000000 0.000000000 0.000000000 0.000000000 0.000000000 1.000000000 0.000000000
1.000000000 0.000030240 0.000136604 -0.003409314 -0.000030212 1.000000000 -0.000206512 0.004508641 -0.000136610 0.000206508 0.999999940 0.004256548
1.000000000 0.000040911 0.000068629 -0.002292445 -0.000040902 1.000000000 -0.000136753 0.002323152 -0.000068634 0.000136750 1.000000000 0.000700019
0.999999940 0.000309652 0.000113740 -0.000010619 -0.000309634 0.999999940 -0.000157037 0.003713508 -0.000113788 0.000157001 1.000000000 -0.001936418
1.000000000 0.000232045 0.000047471 0.002530274 -0.000232041 0.999999940 -0.000081379 0.002036761 -0.000047490 0.000081368 1.000000000 -0.001361015
1.000000000 0.000146148 0.000063468 0.000192831 -0.000146144 1.000000000 -0.000063578 0.002169668 -0.000063477 0.000063569 1.000000000 -0.001266157
1.000000000 0.000126485 0.000133056 -0.002323113 -0.000126472 1.000000000 -0.000096978 0.002325194 -0.000133068 0.000096961 1.000000000 -0.000806234
1.000000000 0.000027938 -0.000002559 0.000803242 -0.000027938 1.000000000 -0.000027058 0.001694864 0.000002558 0.000027059 1.000000000 -0.002445783
1.000000000 0.000059740 0.000148449 -0.005256101 -0.000059714 1.000000000 -0.000175503 0.003901448 -0.000148459 0.000175494 1.000000000 0.004306308
0.999999940 0.000195555 0.000224311 -0.004715425 -0.000195527 1.000000000 -0.000123032 0.002094817 -0.000224335 0.000122988 0.999999940 -0.001425908
0.999999940 0.000188432 0.000202496 -0.003834757 -0.000188400 0.999999940 -0.000161288 0.002056977 -0.000202526 0.000161250 0.999999940 -0.000804138
1.000000000 0.000162236 0.000083551 0.000162649 -0.000162230 1.000000000 -0.000079344 0.002340282 -0.000083564 0.000079330 1.000000000 -0.004796178
1.000000000 0.000118124 0.000208943 -0.005622323 -0.000118114 1.000000000 -0.000049081 0.000568163 -0.000208949 0.000049057 1.000000000 -0.002974938
1.000000000 -0.000001146 0.000108314 -0.003205468 0.000001159 1.000000000 -0.000115784 0.000693735 -0.000108314 0.000115784 1.000000000 -0.001756959
1.000000000 0.000088447 0.000097388 -0.000991548 -0.000088433 1.000000000 -0.000142576 0.002715419 -0.000097400 0.000142568 1.000000000 -0.003406084
1.000000000 -0.000185016 -0.000115158 0.002321523 0.000185012 1.000000000 -0.000035378 0.001124070 0.000115165 0.000035357 1.000000000 -0.006545451
1.000000000 -0.000240160 0.000006816 -0.002196083 0.000240161 0.999999940 -0.000123348 0.000763459 -0.000006786 0.000123349 1.000000000 -0.004674341
1.000000000 -0.000059583 0.000050952 0.000185259 0.000059585 1.000000000 -0.000039941 0.000407231 -0.000050949 0.000039944 1.000000000 -0.006598152
1.000000000 0.000100089 -0.000001048 -0.000000403 -0.000100089 1.000000000 0.000000171 0.002425784 0.000001048 -0.000000171 1.000000000 -0.007701453
1.000000000 -0.000080349 -0.000002625 -0.001765266 0.000080349 1.000000000 -0.000032309 -0.000321086 0.000002628 0.000032308 1.000000000 -0.007388557
1.000000000 0.000002065 0.000069782 -0.001039105 -0.000002059 1.000000000 -0.000081761 0.001101572 -0.000069782 0.000081760 1.000000000 -0.007608426
1.000000000 -0.000130923 0.000020655 0.000202123 0.000130923 1.000000000 -0.000022215 -0.000497323 -0.000020652 0.000022218 1.000000000 -0.004078045
1.000000000 0.000130785 0.000163898 -0.006308505 -0.000130751 0.999999940 -0.000208558 0.003498720 -0.000163926 0.000208536 0.999999940 0.003617846
1.000000000 -0.000089490 -0.000080870 0.000713833 0.000089482 1.000000000 -0.000108844 0.000730536 0.000080880 0.000108837 1.000000000 0.000463293
1.000000000 -0.000062925 0.000018823 -0.000920472 0.000062925 1.000000000 -0.000010430 0.002057736 -0.000018822 0.000010432 1.000000000 0.000062786
1.000000000 0.000010567 -0.000047326 0.002327294 -0.000010574 1.000000000 -0.000142368 0.003473040 0.000047325 0.000142368 1.000000000 -0.006808121
1.000000000 -0.000064260 0.000112536 -0.003146153 0.000064278 1.000000000 -0.000161851 0.003472367 -0.000112526 0.000161859 1.000000000 -0.001103674
0.999999940 0.000255684 0.000213018 -0.005408434 -0.000255641 0.999999940 -0.000200074 0.003341657 -0.000213069 0.000200019 0.999999940 0.000243013
1.000000000 0.000030634 0.000120052 -0.003659407 -0.000030630 1.000000000 -0.000031961 0.002293549 -0.000120053 0.000031957 1.000000000 -0.000798480
1.000000000 -0.000186585 0.000031911 -0.004817406 0.000186590 0.999999940 -0.000158807 0.006077705 -0.000031881 0.000158813 1.000000000 0.002613114
1.000000000 -0.000070509 0.000041231 -0.003619854 0.000070512 1.000000000 -0.000090777 0.002501269 -0.000041224 0.000090780 1.000000000 0.000847191
1.000000000 -0.000122919 0.000123718 -0.003895215 0.000122917 1.000000000 0.000018800 0.001357677 -0.000123721 -0.000018785 1.000000000 0.000980502
1.000000000 -0.000180589 0.000084256 -0.005018361 0.000180590 1.000000000 -0.000019486 0.001962568 -0.000084253 0.000019502 1.000000000 -0.001359242
1.000000000 -0.000110959 0.000012774 -0.002758718 0.000110959 1.000000000 -0.000003229 0.001849578 -0.000012774 0.000003230 1.000000000 -0.002829441
1.000000000 0.000083278 0.000058599 -0.003767861 -0.000083270 1.000000000 -0.000142210 0.001459621 -0.000058611 0.000142205 1.000000000 -0.000283116
1.000000000 0.000050300 0.000103061 -0.004572401 -0.000050289 1.000000000 -0.000104921 0.002729671 -0.000103067 0.000104916 1.000000000 0.000106205
1.000000000 -0.000159252 -0.000178019 0.003236556 0.000159274 1.000000000 0.000124453 -0.000431644 0.000177999 -0.000124481 1.000000000 -0.012928195
1.000000000 0.000006838 0.000071020 -0.003819423 -0.000006820 0.999999940 -0.000260729 0.004542350 -0.000071022 0.000260728 0.999999940 0.000854495
1.000000000 -0.000174894 0.000056834 -0.002971730 0.000174895 1.000000000 -0.000030026 0.001734575 -0.000056828 0.000030036 1.000000000 -0.000641344
1.000000000 -0.000020739 -0.000035775 0.000863860 0.000020745 1.000000000 0.000165961 -0.001035699 0.000035772 -0.000165962 1.000000000 -0.008533997
0.999999940 -0.000271702 -0.000135133 0.000171843 0.000271701 0.999999940 -0.000003408 -0.000897554 0.000135134 0.000003371 1.000000000 -0.000580183
1.000000000 0.000056088 0.000085535 0.001988145 -0.000056036 0.999999821 -0.000611030 -0.003947418 -0.000085569 0.000611026 0.999999821 0.049022637
1.000000000 0.000051963 -0.000016045 0.000260022 -0.000051988 0.999998808 -0.001548945 0.001069496 0.000015964 0.001548946 0.999998808 0.148364648
1.000000000 -0.000051150 -0.000069656 0.004817628 0.000051042 0.999998808 -0.001557816 -0.007764978 0.000069735 0.001557812 0.999998808 0.263952583
1.000000000 -0.000218973 0.000009964 0.003297014 0.000218986 0.999999046 -0.001364502 -0.012617391 -0.000009665 0.001364504 0.999999046 0.393311918
1.000000000 0.000032750 -0.000103618 0.004789128 -0.000032873 0.999999285 -0.001186876 -0.017625462 0.000103579 0.001186879 0.999999285 0.538061380
1.000000000 -0.000014232 0.000153626 0.006298000 0.000014379 0.999999523 -0.000959188 -0.031554587 -0.000153612 0.000959190 0.999999523 0.680309832
0.999999881 -0.000436272 -0.000036234 0.019244689 0.000436251 0.999999702 -0.000594960 -0.031170236 0.000036493 0.000594944 0.999999821 0.850319743
0.999999940 -0.000207121 -0.000179984 0.023547944 0.000207012 0.999999821 -0.000602417 -0.036772557 0.000180109 0.000602380 0.999999821 1.030917764
0.999999940 -0.000129688 0.000225239 0.013039940 0.000129873 0.999999642 -0.000820779 -0.036617413 -0.000225133 0.000820808 0.999999642 1.211702108
1.000000000 -0.000089139 -0.000011980 0.029647201 0.000089131 0.999999821 -0.000605919 -0.047263861 0.000012034 0.000605918 0.999999821 1.416595340
0.999999464 -0.000654092 -0.000793255 0.043839078 0.000653875 0.999999762 -0.000273387 -0.056910936 0.000793434 0.000272868 0.999999642 1.612063050
0.999999344 0.000063701 0.001159618 0.007817868 -0.000064482 0.999999762 0.000673084 -0.073726907 -0.001159575 -0.000673159 0.999999046 1.687708139
0.999999166 -0.000187810 0.001290587 0.012921214 0.000186616 0.999999523 0.000924542 -0.078578755 -0.001290760 -0.000924300 0.999998748 1.894852519
0.999998868 0.000599646 0.001373537 0.013189591 -0.000600960 0.999999285 0.000956406 -0.089865267 -0.001372963 -0.000957230 0.999998569 2.085723162
0.999998927 0.000792820 0.001235948 0.020106336 -0.000794285 0.999998987 0.001185142 -0.096114360 -0.001235007 -0.001186123 0.999998629 2.304845810
0.999998391 0.001022360 0.001499118 0.014883656 -0.001024198 0.999998808 0.001226026 -0.103415310 -0.001497862 -0.001227559 0.999998212 2.538676500
0.999997020 0.001436233 0.001967060 0.016077565 -0.001438995 0.999997973 0.001403334 -0.111548997 -0.001965041 -0.001406161 0.999997139 2.770687103
0.999997675 0.001095969 0.001859239 0.025588533 -0.001098666 0.999998331 0.001449637 -0.123851560 -0.001857647 -0.001451676 0.999997318 3.009826183
0.999999106 0.000183675 0.001327096 0.034113262 -0.000185547 0.999998987 0.001410864 -0.126433715 -0.001326835 -0.001411109 0.999998152 3.214813471
0.999998987 0.000281453 0.001370984 0.043695837 -0.000283338 0.999998987 0.001374840 -0.131976381 -0.001370595 -0.001375227 0.999998152 3.485283136
0.999998748 0.000637751 0.001458234 0.044420697 -0.000639848 0.999998748 0.001437719 -0.139156312 -0.001457315 -0.001438650 0.999997914 3.726429701
0.999998927 0.000619715 0.001293260 0.062455684 -0.000621846 0.999998450 0.001648043 -0.145391956 -0.001292237 -0.001648845 0.999997795 3.998759031
0.999997497 0.001250133 0.001874493 0.039677620 -0.001253756 0.999997437 0.001932406 -0.152352974 -0.001872072 -0.001934752 0.999996424 4.216661453
0.999998987 0.000439469 0.001347570 0.057643428 -0.000442238 0.999997795 0.002054828 -0.172245637 -0.001346664 -0.002055421 0.999996960 4.465124607
0.999999285 0.000309564 0.001149067 0.068905689 -0.000312149 0.999997437 0.002250630 -0.178696170 -0.001148367 -0.002250988 0.999996841 4.724449158
0.999998510 0.000596103 0.001603020 0.069698669 -0.000599575 0.999997437 0.002166346 -0.183502913 -0.001601725 -0.002167304 0.999996305 4.975268364
0.999999344 -0.000288832 0.001130951 0.082014054 0.000286319 0.999997437 0.002221621 -0.193272054 -0.001131590 -0.002221296 0.999996841 5.236962795
0.999998689 0.000150621 0.001608800 0.065715708 -0.000154616 0.999996901 0.002483446 -0.221383572 -0.001608421 -0.002483692 0.999995649 5.497439861
0.999998748 0.000085721 0.001553527 0.070766114 -0.000089510 0.999997020 0.002439009 -0.228556141 -0.001553314 -0.002439146 0.999995828 5.768900871
0.999998212 0.000792968 0.001720576 0.079868145 -0.000797454 0.999996305 0.002607799 -0.238511845 -0.001718502 -0.002609166 0.999995112 6.037747860
0.999998152 0.000329141 0.001904865 0.081429556 -0.000334377 0.999996185 0.002748681 -0.249868929 -0.001903953 -0.002749313 0.999994397 6.317635536
0.999998868 -0.000225685 0.001480754 0.086559109 0.000221464 0.999995947 0.002850392 -0.266627222 -0.001481391 -0.002850061 0.999994814 6.612533569
0.999998510 0.000036908 0.001687940 0.093193084 -0.000040421 0.999997795 0.002081017 -0.256176353 -0.001687859 -0.002081082 0.999996424 6.897551537
0.999998748 0.000081092 0.001597663 0.107995182 -0.000084777 0.999997318 0.002306321 -0.274514258 -0.001597472 -0.002306453 0.999996126 7.190483570
0.999998868 -0.000509658 0.001393001 0.120322339 0.000506278 0.999996841 0.002425977 -0.289348662 -0.001394233 -0.002425269 0.999996066 7.501261234
0.999998152 0.000678691 0.001824485 0.114894003 -0.000683128 0.999996901 0.002432637 -0.288055032 -0.001822828 -0.002433879 0.999995410 7.832292080
0.999998271 0.000201375 0.001879116 0.114533529 -0.000205697 0.999997318 0.002300064 -0.284489274 -0.001878648 -0.002300446 0.999995589 8.140625954
0.999998212 -0.000232261 0.001873011 0.111485571 0.000225672 0.999993801 0.003517297 -0.327329487 -0.001873816 -0.003516868 0.999992073 8.425036430
0.999997795 -0.000545960 0.002023121 0.116056263 0.000539198 0.999994278 0.003341613 -0.333521247 -0.002024934 -0.003340514 0.999992430 8.759238243
0.999997020 0.000341136 0.002400748 0.125559434 -0.000349978 0.999993205 0.003683703 -0.349370897 -0.002399475 -0.003684532 0.999990344 9.084860802
0.999997735 -0.000987257 0.001879383 0.144222915 0.000980342 0.999992788 0.003676715 -0.355425507 -0.001882999 -0.003674864 0.999991477 9.435898781
0.999998331 -0.000578899 0.001750736 0.153030008 0.000572225 0.999992609 0.003810053 -0.360841721 -0.001752928 -0.003809045 0.999991238 9.769233704
0.999998450 -0.000209921 0.001757334 0.163505495 0.000203351 0.999992967 0.003737445 -0.369590044 -0.001758106 -0.003737082 0.999991477 10.088559151
0.999998987 -0.000584858 0.001318525 0.162539825 0.000580276 0.999993801 0.003473487 -0.386686414 -0.001320549 -0.003472719 0.999993026 10.452256203
0.999998033 -0.001442654 0.001403330 0.167633891 0.001437852 0.999993145 0.003416704 -0.392511070 -0.001408249 -0.003414680 0.999993086 10.834713936
0.999998391 -0.000992701 0.001460815 0.171746731 0.000987157 0.999992311 0.003791255 -0.407133341 -0.001464567 -0.003789807 0.999991775 11.213190079
0.999997079 -0.001876587 0.001494908 0.191706464 0.001871511 0.999992490 0.003389626 -0.407349020 -0.001501258 -0.003386818 0.999993145 11.595398903
0.999998748 -0.000601635 0.001495445 0.193907067 0.000595233 0.999990642 0.004277403 -0.425356448 -0.001498004 -0.004276508 0.999989748 11.956206322
0.999998748 -0.000777261 0.001377097 0.198705614 0.000770964 0.999989271 0.004567107 -0.443829179 -0.001380632 -0.004566039 0.999988675 12.312083244
0.999997973 -0.001969031 0.000668477 0.220526263 0.001965991 0.999987841 0.004518861 -0.458824158 -0.000677366 -0.004517538 0.999989510 12.656834602
0.999997854 -0.002025399 0.000526406 0.233937979 0.002022992 0.999987662 0.004533564 -0.471874148 -0.000535581 -0.004532489 0.999989569 13.041701317
0.999998331 -0.001409808 0.001109689 0.245138600 0.001404825 0.999988914 0.004479063 -0.472380996 -0.001115992 -0.004477496 0.999989390 13.470322609
0.999999166 -0.000738866 0.001145890 0.243455529 0.000732759 0.999985576 0.005320729 -0.490029395 -0.001149805 -0.005319885 0.999985218 13.875798225
0.999998033 -0.001231160 0.001577273 0.235678062 0.001223072 0.999986112 0.005118425 -0.496166527 -0.001583553 -0.005116485 0.999985635 14.309920311
0.999997735 -0.001273484 0.001721992 0.249705523 0.001262672 0.999979615 0.006265763 -0.538185060 -0.001729936 -0.006263574 0.999978960 14.678665161
0.999994099 -0.002959582 0.001750003 0.278111696 0.002948551 0.999975979 0.006272609 -0.601818204 -0.001768526 -0.006267413 0.999978781 15.138909340
0.999994338 -0.002301940 0.002479643 0.287416428 0.002286593 0.999978364 0.006174407 -0.610705435 -0.002493803 -0.006168703 0.999977827 15.569578171
0.999994218 -0.002263845 0.002543207 0.291936934 0.002245102 0.999970496 0.007348618 -0.636231184 -0.002559768 -0.007342865 0.999969721 15.995023727
0.999993682 -0.002019766 0.002926363 0.298177958 0.002000922 0.999977350 0.006428265 -0.630920887 -0.002939280 -0.006422369 0.999975026 16.453132629
0.999992073 -0.002829988 0.002806011 0.328006238 0.002812831 0.999977469 0.006099632 -0.648126960 -0.002823210 -0.006091691 0.999977469 16.869834900
0.999992132 -0.002880734 0.002762999 0.326407850 0.002862558 0.999974370 0.006559788 -0.662624240 -0.002781825 -0.006551827 0.999974668 17.312726974
0.999990940 -0.003132662 0.002892899 0.337711573 0.003113892 0.999974191 0.006470104 -0.671079457 -0.002913094 -0.006461038 0.999974906 17.781450272
0.999989331 -0.003617262 0.002843238 0.356043279 0.003599304 0.999973774 0.006295804 -0.679753840 -0.002865936 -0.006285504 0.999976158 18.246593475
0.999991000 -0.002645524 0.003309712 0.368993223 0.002622219 0.999971867 0.007025821 -0.699492753 -0.003328206 -0.007017079 0.999969780 18.728599548
0.999989688 -0.002868340 0.003508955 0.374766022 0.002842912 0.999969840 0.007229956 -0.706846952 -0.003529588 -0.007219907 0.999967754 19.175670624
0.999990284 -0.002784147 0.003416452 0.383904845 0.002758842 0.999968886 0.007389421 -0.715293646 -0.003436919 -0.007379924 0.999966860 19.656822205
0.999988437 -0.003185450 0.003608127 0.390627682 0.003155328 0.999960363 0.008323349 -0.781177640 -0.003634497 -0.008311868 0.999958873 20.096683502
0.999987483 -0.003784342 0.003298129 0.400734931 0.003755027 0.999953747 0.008849920 -0.802232504 -0.003331468 -0.008837423 0.999955356 20.585502625
0.999992490 -0.002776489 0.002715541 0.412543654 0.002754614 0.999963999 0.008026359 -0.795998514 -0.002737728 -0.008018818 0.999964178 21.109859467
0.999991417 -0.003509289 0.002201249 0.432199389 0.003489863 0.999955475 0.008767650 -0.817391276 -0.002231919 -0.008759893 0.999959171 21.615831375
0.999989152 -0.004256567 0.001905121 0.445723623 0.004237578 0.999942422 0.009862996 -0.842647731 -0.001946994 -0.009854816 0.999949515 22.070989609
0.999986053 -0.005135964 0.001334851 0.426556706 0.005122715 0.999939382 0.009746145 -0.878998399 -0.001384827 -0.009739171 0.999951601 22.527431488
0.999984860 -0.005481235 0.000552697 0.433414280 0.005475161 0.999930382 0.010448882 -0.899219096 -0.000609931 -0.010445698 0.999945283 23.050672531
0.999984980 -0.005478867 0.000325828 0.435506642 0.005475218 0.999931991 0.010305120 -0.913450301 -0.000382266 -0.010303181 0.999946833 23.600160599
0.999989629 -0.004529128 -0.000468092 0.428585917 0.004533696 0.999936938 0.010269240 -0.932795346 0.000421552 -0.010271255 0.999947131 24.130599976
0.999982774 -0.005747939 -0.001174567 0.448195487 0.005760914 0.999918818 0.011358928 -0.958621621 0.001109181 -0.011365498 0.999934793 24.579050064
0.999981880 -0.005676794 -0.001971929 0.455097675 0.005698288 0.999922395 0.011070798 -0.961099148 0.001908929 -0.011081834 0.999936759 25.120668411
0.999978364 -0.006084411 -0.002478840 0.463137269 0.006111756 0.999918818 0.011177489 -0.971103430 0.002410631 -0.011192396 0.999934494 25.658462524
0.999971449 -0.006760228 -0.003343640 0.494788349 0.006800060 0.999904275 0.012048255 -0.983873725 0.003261871 -0.012070650 0.999921858 26.201871872
0.999973476 -0.006535282 -0.003223530 0.451261371 0.006573504 0.999906480 0.011992560 -1.012042522 0.003144853 -0.012013432 0.999922872 26.816797256
0.999975801 -0.005947420 -0.003617093 0.468363494 0.005993212 0.999900341 0.012783594 -1.028622508 0.003540703 -0.012804963 0.999911726 27.273956299
0.999971688 -0.006367761 -0.004010710 0.473167598 0.006421134 0.999889076 0.013438304 -1.040999889 0.003924693 -0.013463676 0.999901712 27.832849503
0.999975085 -0.005900329 -0.003862232 0.467564553 0.005951880 0.999891460 0.013474866 -1.049802423 0.003782306 -0.013497517 0.999901772 28.388458252
0.999962628 -0.006888800 -0.005237404 0.495252430 0.006959552 0.999883175 0.013613016 -1.069306850 0.005143016 -0.013648956 0.999893665 28.933137894
0.999967337 -0.006506128 -0.004794290 0.466596007 0.006569656 0.999889195 0.013356270 -1.102032900 0.004706861 -0.013387331 0.999899328 29.384132385
0.999967515 -0.006462356 -0.004813177 0.481668413 0.006525715 0.999890685 0.013266503 -1.113217354 0.004726918 -0.013297482 0.999900460 29.928192139
0.999955356 -0.007364817 -0.005906992 0.495726109 0.007442950 0.999883592 0.013316127 -1.120932341 0.005808234 -0.013359499 0.999893844 30.489873886
0.999964833 -0.005997209 -0.005864684 0.498748064 0.006079071 0.999882936 0.014041730 -1.166095972 0.005779786 -0.014076889 0.999884188 31.018781662
0.999959171 -0.006411496 -0.006366137 0.511708736 0.006499421 0.999882400 0.013888298 -1.176451325 0.006276343 -0.013929107 0.999883294 31.544548035
0.999954045 -0.007252118 -0.006270166 0.511308908 0.007338165 0.999877691 0.013811006 -1.176428080 0.006169239 -0.013856384 0.999884903 32.077140808
0.999965906 -0.005907994 -0.005774717 0.482316792 0.005989781 0.999880493 0.014249865 -1.211041451 0.005689839 -0.014283968 0.999881744 32.563339233
0.999951005 -0.007233571 -0.006749275 0.499910116 0.007326473 0.999877274 0.013843094 -1.197571516 0.006648312 -0.013891866 0.999881327 33.197387695
0.999952853 -0.007041330 -0.006689061 0.504544497 0.007135504 0.999874234 0.014160997 -1.223557711 0.006588507 -0.014208060 0.999877274 33.721427917
0.999948800 -0.007240714 -0.007072879 0.522618651 0.007349716 0.999852657 0.015508789 -1.299566984 0.006959543 -0.015559978 0.999854684 34.148315430
0.999948084 -0.006852395 -0.007552005 0.534126759 0.006961731 0.999869943 0.014547718 -1.288604259 0.007451337 -0.014599536 0.999865651 34.700458527
0.999955475 -0.006045239 -0.007244494 0.529440880 0.006148905 0.999877751 0.014373878 -1.305048943 0.007156715 -0.014417782 0.999870479 35.230426788
0.999956787 -0.005876375 -0.007211632 0.531652987 0.005981131 0.999875665 0.014591394 -1.304768562 0.007124991 -0.014633898 0.999867558 35.786922455
0.999963045 -0.004804621 -0.007141607 0.549777031 0.004908071 0.999882221 0.014539113 -1.316404819 0.007070911 -0.014573628 0.999868870 36.301544189
0.999946177 -0.007153305 -0.007521644 0.552256286 0.007260685 0.999870598 0.014347014 -1.319180012 0.007418043 -0.014400854 0.999868810 36.887378693
0.999954104 -0.005922924 -0.007538183 0.548868895 0.006037568 0.999864995 0.015277560 -1.351435542 0.007446677 -0.015322370 0.999854922 37.418182373
0.999940455 -0.008199424 -0.007205300 0.518002629 0.008313081 0.999839187 0.015888605 -1.345793128 0.007073864 -0.015947558 0.999847829 37.940055847
0.999935806 -0.007379864 -0.008608773 0.589239657 0.007521924 0.999834061 0.016587721 -1.394786239 0.008484931 -0.016651409 0.999825358 38.515064240
0.999931872 -0.007178148 -0.009203170 0.580179334 0.007330243 0.999835312 0.016600551 -1.399274588 0.009082494 -0.016666884 0.999819815 38.855457306
0.999940693 -0.006883365 -0.008432879 0.573389113 0.007024126 0.999834597 0.016777737 -1.418337464 0.008315998 -0.016835978 0.999823689 39.377765656
0.999943376 -0.006144369 -0.008682473 0.597479522 0.006280305 0.999856770 0.015716828 -1.409556985 0.008584660 -0.015770467 0.999838769 39.933921814
0.999946713 -0.005634269 -0.008649532 0.601008177 0.005779196 0.999841750 0.016822860 -1.438611388 0.008553378 -0.016871950 0.999821067 40.483821869
0.999946296 -0.006031052 -0.008428558 0.589810848 0.006170363 0.999843121 0.016601253 -1.444718838 0.008327113 -0.016652368 0.999826670 41.018314362
0.999924898 -0.007083375 -0.010000473 0.639473855 0.007242793 0.999845743 0.015995782 -1.439368010 0.009885625 -0.016067011 0.999822021 41.563930511
0.999915004 -0.008227798 -0.010108641 0.611663818 0.008393822 0.999828696 0.016492786 -1.429726839 0.009971210 -0.016576234 0.999812901 42.042583466
0.999935389 -0.006634273 -0.009229432 0.628069639 0.006791187 0.999831140 0.017075285 -1.476533294 0.009114593 -0.017136863 0.999811590 42.638603210
0.999924064 -0.007793287 -0.009542579 0.599311113 0.007959407 0.999815226 0.017495815 -1.496822834 0.009404466 -0.017570440 0.999801397 43.050262451
0.999917150 -0.008103851 -0.009997018 0.612406313 0.008270555 0.999825478 0.016748214 -1.491942048 0.009859548 -0.016829507 0.999809742 43.606819153
0.999916255 -0.007828395 -0.010308646 0.629191756 0.008000208 0.999827921 0.016732389 -1.494948149 0.010175886 -0.016813459 0.999806762 44.162506104
0.999897718 -0.009101014 -0.011039039 0.659886479 0.009295032 0.999800920 0.017653598 -1.493594050 0.010876177 -0.017754400 0.999783158 44.712318420
0.999915004 -0.008143497 -0.010179874 0.618435442 0.008319275 0.999814868 0.017345792 -1.534503698 0.010036733 -0.017429005 0.999797702 45.154308319
0.999925494 -0.007137206 -0.009902669 0.610535860 0.007305081 0.999828398 0.017021170 -1.538790464 0.009779485 -0.017092239 0.999806046 45.710151672
0.999927938 -0.006958159 -0.009783659 0.599705100 0.007117780 0.999840498 0.016376052 -1.538263321 0.009668154 -0.016444510 0.999818027 46.266529083
0.999924421 -0.007748148 -0.009550155 0.608888090 0.007909101 0.999825299 0.016932463 -1.553349733 0.009417291 -0.017006716 0.999810994 46.798332214
0.999916434 -0.008281032 -0.009919394 0.640035748 0.008445233 0.999826014 0.016627770 -1.542101145 0.009779973 -0.016710153 0.999812543 47.328643799
0.999911129 -0.008225007 -0.010493453 0.615500033 0.008413272 0.999802053 0.018025149 -1.584257126 0.010343120 -0.018111831 0.999782383 47.761398315
0.999910891 -0.008418919 -0.010364150 0.623487294 0.008599515 0.999809682 0.017505737 -1.584412575 0.010214800 -0.017593304 0.999792993 48.314548492
0.999891520 -0.009411907 -0.011332956 0.642687976 0.009610302 0.999799192 0.017580723 -1.595279455 0.011165213 -0.017687729 0.999781191 48.855247498
0.999901652 -0.008849274 -0.010883634 0.641342402 0.009028177 0.999823034 0.016499933 -1.587350488 0.010735697 -0.016596569 0.999804556 49.414749146
0.999907851 -0.008557732 -0.010537847 0.636758387 0.008744704 0.999802828 0.017826483 -1.611995220 0.010383213 -0.017916992 0.999785542 49.793945312
0.999918044 -0.007514411 -0.010364424 0.625613213 0.007711030 0.999788523 0.019062925 -1.625027895 0.010218984 -0.019141281 0.999764562 50.335643768
0.999908268 -0.008261962 -0.010734581 0.636387765 0.008447980 0.999812901 0.017400656 -1.621778250 0.010588810 -0.017489746 0.999790907 50.886466980
0.999911427 -0.008368256 -0.010355635 0.650535703 0.008547350 0.999812543 0.017372794 -1.623415470 0.010208312 -0.017459769 0.999795377 51.423767090
0.999917507 -0.007806577 -0.010198820 0.623303771 0.007990342 0.999804139 0.018103449 -1.656646371 0.010055498 -0.018183447 0.999784052 51.859508514
0.999916553 -0.007910509 -0.010209032 0.644249082 0.008094346 0.999803483 0.018093392 -1.655815125 0.010063900 -0.018174520 0.999784112 52.394691467
0.999917865 -0.007674742 -0.010257793 0.620601118 0.007854409 0.999814332 0.017591238 -1.657878637 0.010120880 -0.017670361 0.999792695 52.926834106
0.999900758 -0.008725567 -0.011056025 0.669821680 0.008923190 0.999798954 0.017953211 -1.669259667 0.010897152 -0.018050086 0.999777675 53.501708984
0.999923587 -0.007182778 -0.010068373 0.636881769 0.007357989 0.999820173 0.017474484 -1.666203976 0.009941048 -0.017547229 0.999796569 53.978355408
0.999915838 -0.008527677 -0.009771714 0.600604296 0.008708790 0.999788344 0.018644374 -1.711879849 0.009610652 -0.018727908 0.999778450 54.431900024
0.999926805 -0.007529912 -0.009467611 0.613169491 0.007711755 0.999783635 0.019319482 -1.732926130 0.009320091 -0.019391080 0.999768555 54.827831268
0.999929786 -0.007196741 -0.009409102 0.618525863 0.007378945 0.999783158 0.019475348 -1.735092044 0.009266902 -0.019543411 0.999766111 55.357967377
0.999933302 -0.007122822 -0.009083181 0.624360979 0.007295080 0.999791443 0.019074557 -1.743203521 0.008945420 -0.019139549 0.999776781 55.946323395
0.999933064 -0.007440452 -0.008853102 0.624200463 0.007608854 0.999787807 0.019142693 -1.746546030 0.008708795 -0.019208774 0.999777555 56.499050140
0.999907315 -0.008811472 -0.010370349 0.682327151 0.009001771 0.999789298 0.018448884 -1.728719115 0.010205601 -0.018540528 0.999776006 56.998306274
0.999916852 -0.007857512 -0.010238996 0.633061767 0.008051636 0.999785960 0.019057903 -1.757520199 0.010087055 -0.019138755 0.999765933 57.287845612
0.999927580 -0.007544585 -0.009366594 0.641283631 0.007720399 0.999792039 0.018878218 -1.763798594 0.009222217 -0.018949162 0.999777853 57.840675354
0.999923348 -0.007744799 -0.009660972 0.648181260 0.007925888 0.999790967 0.018849079 -1.750647068 0.009512970 -0.018924205 0.999775648 58.397579193
0.999919772 -0.008150297 -0.009693296 0.647042871 0.008324491 0.999802113 0.018067991 -1.760527134 0.009544117 -0.018147234 0.999789715 58.913909912
0.999918044 -0.007780798 -0.010168382 0.656805873 0.007976098 0.999781668 0.019309495 -1.773881078 0.010015922 -0.019389013 0.999761820 59.259819031
0.999923646 -0.007608932 -0.009734682 0.651093900 0.007797661 0.999779522 0.019498704 -1.782141328 0.009584173 -0.019573122 0.999762475 59.805107117
0.999919057 -0.007777266 -0.010071593 0.673337102 0.007964237 0.999794185 0.018659065 -1.777252078 0.009924404 -0.018737763 0.999775112 60.331047058
0.999922216 -0.007687627 -0.009823143 0.665723145 0.007868896 0.999797046 0.018549966 -1.765884399 0.009678546 -0.018625822 0.999779642 60.822875977
0.999916375 -0.008205552 -0.009992979 0.643814623 0.008390128 0.999792337 0.018570930 -1.787625194 0.009838519 -0.018653221 0.999777555 61.299884796
0.999922931 -0.007288534 -0.010040535 0.647467673 0.007474953 0.999798000 0.018655933 -1.788937211 0.009902531 -0.018729553 0.999775529 61.854862213
0.999905169 -0.008974122 -0.010436351 0.641669333 0.009165458 0.999788046 0.018432707 -1.797373772 0.010268722 -0.018526614 0.999775648 62.371322632
0.999914587 -0.008130989 -0.010229207 0.658768296 0.008309923 0.999810934 0.017573450 -1.802539706 0.010084384 -0.017656954 0.999793172 62.919231415
0.999911904 -0.008335753 -0.010323443 0.687959433 0.008510746 0.999818861 0.017024644 -1.764274001 0.010179659 -0.017111005 0.999801695 63.374633789
0.999902189 -0.009437083 -0.010315999 0.654221237 0.009623948 0.999787688 0.018217020 -1.802169800 0.010141896 -0.018314518 0.999780774 63.771549225
0.999907970 -0.009118343 -0.010041470 0.656355321 0.009296923 0.999796867 0.017883589 -1.809803605 0.009876362 -0.017975301 0.999789536 64.318618774
0.999917984 -0.008193660 -0.009848813 0.657883584 0.008371701 0.999799788 0.018174434 -1.819710732 0.009697925 -0.018255392 0.999786317 64.859359741
0.999920309 -0.008181373 -0.009616923 0.664120317 0.008345016 0.999818981 0.017101120 -1.808376670 0.009475271 -0.017180013 0.999807477 65.353874207
0.999916196 -0.008755576 -0.009527308 0.649220288 0.008921351 0.999807060 0.017499011 -1.828690886 0.009372255 -0.017582543 0.999801517 65.781509399
0.999923646 -0.008317440 -0.009139476 0.631551445 0.008475285 0.999813199 0.017369915 -1.837599874 0.008993295 -0.017446050 0.999807417 66.338897705
0.999939740 -0.006616903 -0.008749880 0.664960206 0.006761071 0.999840081 0.016551010 -1.840779066 0.008638965 -0.016609175 0.999824822 66.829727173
0.999925375 -0.007874325 -0.009337373 0.688124001 0.008028032 0.999830961 0.016539883 -1.837884665 0.009205555 -0.016613610 0.999819696 67.366134644
0.999925017 -0.008273517 -0.009029174 0.670445263 0.008429768 0.999812961 0.017406506 -1.849404812 0.008883473 -0.017481316 0.999807656 67.730377197
0.999932110 -0.007379334 -0.009016781 0.684794605 0.007533475 0.999824047 0.017182209 -1.864472747 0.008888402 -0.017248970 0.999811649 68.272590637
0.999936521 -0.007250437 -0.008626337 0.682443857 0.007394745 0.999831200 0.016816115 -1.860545397 0.008502957 -0.016878834 0.999821365 68.816230774
0.999904513 -0.009763657 -0.009778136 0.722203970 0.009923845 0.999815047 0.016469900 -1.864310265 0.009615522 -0.016565362 0.999816537 69.382423401
0.999941409 -0.006556127 -0.008624635 0.716800511 0.006697412 0.999842167 0.016455853 -1.871548772 0.008515389 -0.016512651 0.999827385 69.802261353
0.999921024 -0.008982672 -0.008783953 0.678191721 0.009132303 0.999811292 0.017145591 -1.867355227 0.008628283 -0.017224455 0.999814391 70.178733826
0.999920189 -0.008809132 -0.009052911 0.685934246 0.008964357 0.999810994 0.017251570 -1.875857115 0.008899230 -0.017331347 0.999810159 70.730323792
0.999924600 -0.008813013 -0.008549332 0.683476686 0.008951264 0.999827564 0.016269704 -1.877233505 0.008404470 -0.016345005 0.999831080 71.314361572
0.999944806 -0.007075649 -0.007760077 0.691188693 0.007202908 0.999837935 0.016495680 -1.885479927 0.007642101 -0.016550668 0.999833763 71.767517090
0.999928653 -0.007963203 -0.008904694 0.696320772 0.008117192 0.999815702 0.017392654 -1.892005801 0.008764552 -0.017463692 0.999809086 72.112426758
0.999923110 -0.008691096 -0.008846476 0.711810350 0.008841021 0.999815464 0.017051857 -1.897015095 0.008696645 -0.017128758 0.999815464 72.644012451
0.999923706 -0.008358425 -0.009089287 0.736794710 0.008508715 0.999825537 0.016623661 -1.910448670 0.008948755 -0.016699733 0.999820530 73.221603394
0.999911427 -0.009362361 -0.009468618 0.753536522 0.009513642 0.999825716 0.016060168 -1.898446679 0.009316607 -0.016148824 0.999826252 73.777427673
0.999925017 -0.008346802 -0.008960773 0.762111604 0.008489414 0.999835908 0.015996950 -1.911108017 0.008825780 -0.016071821 0.999831855 74.287170410
0.999934494 -0.008058077 -0.008129192 0.701119840 0.008190648 0.999831796 0.016408704 -1.889950871 0.007995603 -0.016474213 0.999832332 74.637207031
0.999927402 -0.008744208 -0.008289292 0.710365891 0.008877492 0.999829650 0.016180910 -1.889919281 0.008146392 -0.016253324 0.999834776 75.180381775
0.999921322 -0.009153632 -0.008575563 0.716196537 0.009288673 0.999831319 0.015841933 -1.893636227 0.008429108 -0.015920345 0.999837697 75.708908081
0.999926746 -0.008890003 -0.008210808 0.719649613 0.009011800 0.999848068 0.014917960 -1.892126322 0.008076942 -0.014990861 0.999854982 76.229957581
0.999949872 -0.007656653 -0.006450593 0.724545419 0.007761009 0.999836862 0.016310960 -1.911057949 0.006324652 -0.016360205 0.999846160 76.624618530
0.999965489 -0.007153620 -0.004232016 0.718469322 0.007220533 0.999845743 0.016012898 -1.924003959 0.004116813 -0.016042901 0.999862850 77.184417725
0.999973357 -0.006629792 -0.003046514 0.734353840 0.006677500 0.999850929 0.015926370 -1.928696036 0.002940472 -0.015946288 0.999868572 77.755409241
0.999973595 -0.006793582 -0.002579587 0.733021319 0.006834143 0.999847770 0.016054885 -1.936363578 0.002470124 -0.016072091 0.999867797 78.182571411
0.999978542 -0.006509287 0.000788274 0.743418634 0.006495878 0.999851525 0.015962619 -1.950510979 -0.000892062 -0.015957154 0.999872267 78.728973389
0.999971092 -0.006100927 0.004534137 0.756465077 0.006024459 0.999842584 0.016691502 -1.973560452 -0.004635256 -0.016663704 0.999850333 79.291145325
0.999957323 -0.005461079 0.007452328 0.780230999 0.005342977 0.999861360 0.015776539 -1.940352917 -0.007537449 -0.015736049 0.999847770 79.867637634
0.999914706 -0.006833591 0.011124717 0.785641193 0.006657628 0.999853313 0.015778273 -1.937250257 -0.011230906 -0.015702862 0.999813616 80.208557129
0.999835491 -0.006453149 0.016947813 0.807247221 0.006193276 0.999863088 0.015341651 -1.938016891 -0.017044496 -0.015234163 0.999738634 80.794692993
0.999716818 -0.006986280 0.022747904 0.850923061 0.006634956 0.999858141 0.015483271 -1.942211866 -0.022852845 -0.015327956 0.999621332 81.315933228
0.999549866 -0.006576051 0.029267291 0.871690631 0.006116227 0.999856949 0.015773069 -1.959254980 -0.029366825 -0.015586966 0.999447227 81.848182678
0.999281228 -0.007040828 0.037247594 0.883213282 0.006480339 0.999864340 0.015147015 -1.940370083 -0.037349187 -0.014894749 0.999191284 82.388549805
0.998914540 -0.007134621 0.046031099 0.884612083 0.006403235 0.999851227 0.016016876 -1.987922907 -0.046138525 -0.015704742 0.998811662 82.864158630
0.998626649 -0.008031661 0.051773895 1.001500845 0.007263670 0.999861062 0.015004721 -1.926787972 -0.051887225 -0.014608044 0.998546064 83.219444275
0.998100340 -0.007283424 0.061177172 1.055584908 0.006397173 0.999871969 0.014670036 -1.932506561 -0.061276186 -0.014250807 0.998019040 83.761672974
0.997450411 -0.007882049 0.070926294 1.119763851 0.006873799 0.999872088 0.014448329 -1.937996745 -0.071031101 -0.013923960 0.997376859 84.346008301
0.996773183 -0.007856376 0.079884686 1.167757511 0.006717831 0.999872088 0.014511148 -1.959496498 -0.079988480 -0.013927669 0.996698499 84.886077881
0.996019900 -0.006204364 0.088915557 1.234114647 0.004972936 0.999888778 0.014064244 -1.964093447 -0.088992938 -0.013566092 0.995939851 85.441711426
0.995176435 -0.008392232 0.097741708 1.365483761 0.007108213 0.999883950 0.013477679 -1.976419687 -0.097843468 -0.012717900 0.995120585 85.905006409
0.994152904 -0.009569460 0.107556462 1.377622128 0.008003366 0.999855638 0.014982918 -1.962165236 -0.107684322 -0.014034498 0.994086087 86.192771912
0.993085861 -0.009898112 0.116972297 1.459710121 0.008205299 0.999854624 0.014944631 -1.973277330 -0.117103234 -0.013881510 0.993022680 86.731384277
0.991728723 -0.010280137 0.127939597 1.551926613 0.008423833 0.999851286 0.015041882 -1.969176054 -0.128075197 -0.013839724 0.991667926 87.281288147
0.990155220 -0.010884029 0.139550418 1.634781837 0.008970438 0.999857068 0.014334231 -1.966296196 -0.139686480 -0.012941285 0.990111232 87.871536255
0.988457501 -0.009896883 0.151174590 1.746376038 0.007706787 0.999856770 0.015066245 -1.989849329 -0.151302055 -0.013727274 0.988392234 88.383392334
0.986897528 -0.009513332 0.161067128 1.847438812 0.007279920 0.999869049 0.014450799 -1.990525603 -0.161183536 -0.013088903 0.986837685 88.949813843
0.984601498 -0.008062316 0.174627870 1.917578697 0.005564799 0.999875188 0.014786869 -1.977632046 -0.174725294 -0.013587405 0.984523475 89.476486206
0.982449889 -0.009906154 0.186263323 1.990916252 0.007313215 0.999866605 0.014602792 -1.953390598 -0.186383143 -0.012984326 0.982391357 89.955955505
0.980395079 -0.009674536 0.196804345 2.121911049 0.006872719 0.999865115 0.014914573 -1.962991834 -0.196922109 -0.013269593 0.980329394 90.491340637
0.977614999 -0.009651577 0.210180148 2.259246826 0.006676645 0.999867320 0.014859188 -1.962184072 -0.210295677 -0.013123267 0.977549732 91.033790588
0.974428058 -0.008317783 0.224545479 2.388748169 0.004916344 0.999864578 0.015702972 -1.973913193 -0.224645734 -0.014197474 0.974337101 91.529411316
0.971717417 -0.009351764 0.235961199 2.545984268 0.005952849 0.999868035 0.015112835 -1.989956141 -0.236071408 -0.013280765 0.971644998 92.082511902
0.968369901 -0.007426627 0.249408320 2.621097565 0.003487285 0.999862194 0.016232904 -2.032906532 -0.249494463 -0.014849699 0.968262434 92.401031494
0.964858294 -0.008923640 0.262619317 2.866285324 0.005491829 0.999889731 0.013798762 -1.884477615 -0.262713403 -0.011871589 0.964800894 93.066917419
0.961222708 -0.007905608 0.275659949 3.037693024 0.004228089 0.999894023 0.013932513 -1.895804405 -0.275740862 -0.012226732 0.961154282 93.604431152
0.958250165 -0.010351595 0.285743386 3.240997314 0.006568481 0.999877751 0.014194841 -1.910534739 -0.285855353 -0.011725309 0.958201110 94.109329224
0.953678727 -0.009704941 0.300670385 3.412967682 0.005783668 0.999886274 0.013929129 -1.909940124 -0.300771356 -0.011544936 0.953626454 94.691925049
0.949015915 -0.008776503 0.315105885 3.609537125 0.004443158 0.999885559 0.014467739 -1.915231228 -0.315196782 -0.012330049 0.948946238 95.204780579
0.945058763 -0.009306839 0.326768160 3.800117493 0.004740756 0.999879718 0.014767131 -1.922631383 -0.326866269 -0.012406676 0.944989204 95.684364319
0.941100478 -0.011041080 0.337946653 3.999729156 0.006680083 0.999878764 0.014064683 -1.918982387 -0.338060945 -0.010978769 0.941060185 96.140060425
0.935977280 -0.010375448 0.351907462 4.219125748 0.005834724 0.999885499 0.013961316 -1.920074940 -0.352011979 -0.011014191 0.935930669 96.659812927
0.931214213 -0.011684962 0.364284724 4.449241638 0.007213108 0.999881089 0.013633898 -1.930339694 -0.364400715 -0.010068457 0.931187809 97.185310364
0.926512122 -0.011211746 0.376097679 4.680662155 0.006836216 0.999892592 0.012966584 -1.931861639 -0.376202613 -0.009442614 0.926489294 97.692504883
0.921720982 -0.014487873 0.387582988 4.942913055 0.010026066 0.999858141 0.013531510 -1.955500960 -0.387724042 -0.008586343 0.921735525 98.109672546
0.916320801 -0.015034741 0.400162518 5.180070877 0.010500113 0.999853432 0.013522168 -1.967579365 -0.400307178 -0.008188893 0.916344464 98.574554443
0.910276294 -0.011676880 0.413836598 5.314556122 0.006319606 0.999877632 0.014312080 -1.928436995 -0.413953096 -0.010412662 0.910238624 99.061523438
0.904975116 -0.012257183 0.425287932 5.574329376 0.007019506 0.999879003 0.013880535 -1.933896661 -0.425406605 -0.009576227 0.904951692 99.539222717
0.898250043 -0.011453295 0.439335465 5.834457397 0.005697726 0.999879897 0.014417080 -1.951233268 -0.439447850 -0.010446931 0.898207307 100.038200378
0.892375171 -0.012409475 0.451123774 6.105560303 0.006443026 0.999870360 0.014759293 -1.960815310 -0.451248467 -0.010264224 0.892339289 100.520248413
0.886450827 -0.011973352 0.462668061 6.386528015 0.006248942 0.999883831 0.013903234 -1.962606549 -0.462780774 -0.009433347 0.886422575 101.000610352
0.879141688 -0.012695984 0.476391375 6.584621429 0.006647827 0.999874532 0.014378955 -1.945225596 -0.476514101 -0.009474169 0.879115760 101.388778687
