1.000000000 0.000000000 0.000000000 0.000000000 0.000000000 1.000000000 0.000000000 0.000000000 0.000000000 0.000000000 1.000000000 0.000000000
1.000000000 0.000115009 0.000039961 -0.001492641 -0.000115007 1.000000000 -0.000049723 0.001481978 -0.000039967 0.000049718 1.000000000 0.003454603
1.000000000 0.000120404 0.000023554 -0.000144179 -0.000120404 1.000000000 0.000005813 0.000567617 -0.000023553 -0.000005816 1.000000000 0.003738053
0.999999940 0.000250828 0.000099998 -0.000996126 -0.000250828 0.999999940 -0.000004151 0.001090614 -0.000099999 0.000004126 1.000000000 -0.001103459
1.000000000 0.000126364 0.000031948 0.000443414 -0.000126363 1.000000000 -0.000031465 0.000903718 -0.000031952 0.000031461 1.000000000 -0.000013823
1.000000000 0.000053616 -0.000001993 -0.000258984 -0.000053616 1.000000000 0.000046661 0.000659982 0.000001996 -0.000046661 1.000000000 0.000299734
1.000000000 0.000017995 0.000039492 -0.001862262 -0.000017994 1.000000000 -0.000034904 0.001014860 -0.000039493 0.000034903 1.000000000 0.001024108
1.000000000 0.000031369 0.000051958 -0.000217896 -0.000031372 1.000000000 0.000048644 0.000727700 -0.000051956 -0.000048646 1.000000000 -0.000097888
1.000000000 -0.000034908 0.000068800 -0.001652907 0.000034908 1.000000000 -0.000004392 0.000832880 -0.000068800 0.000004395 1.000000000 0.002464153
1.000000000 0.000149247 0.000103570 -0.000831186 -0.000149244 1.000000000 -0.000027654 0.000437984 -0.000103574 0.000027639 1.000000000 -0.001698434
1.000000000 0.000177272 0.000107016 -0.000525564 -0.000177278 1.000000000 0.000053465 0.000169984 -0.000107007 -0.000053484 1.000000000 -0.001140965
1.000000000 0.000048743 0.000051136 -0.001835808 -0.000048741 1.000000000 -0.000039725 0.000969710 -0.000051137 0.000039722 1.000000000 -0.002652004
1.000000000 0.000164322 0.000175906 -0.004263447 -0.000164327 1.000000000 0.000027676 0.001000100 -0.000175902 -0.000027705 1.000000000 -0.003884984
1.000000000 -0.000095484 0.000071344 -0.000793116 0.000095482 1.000000000 0.000030746 -0.000525343 -0.000071347 -0.000030740 1.000000000 0.000034238
1.000000000 0.000074230 0.000069124 -0.000179468 -0.000074229 1.000000000 -0.000019662 0.000809524 -0.000069125 0.000019656 1.000000000 -0.001724074
1.000000000 -0.000007279 0.000046231 -0.000056893 0.000007278 1.000000000 0.000017188 0.000775014 -0.000046231 -0.000017188 1.000000000 -0.002942901
1.000000000 -0.000076559 0.000055460 -0.001799007 0.000076557 1.000000000 0.000032894 0.000235679 -0.000055462 -0.000032890 1.000000000 -0.002048488
1.000000000 0.000068844 0.000127727 -0.001634061 -0.000068852 1.000000000 0.000064923 -0.000905153 -0.000127722 -0.000064932 1.000000000 -0.004129966
1.000000000 0.000096618 0.000059589 -0.000093279 -0.000096621 1.000000000 0.000048173 0.001228273 -0.000059584 -0.000048179 1.000000000 -0.004567327
1.000000000 -0.000103307 -0.000012244 -0.000406765 0.000103307 1.000000000 0.000019637 0.000445348 0.000012242 -0.000019638 1.000000000 -0.005841839
1.000000000 0.000070488 0.000067667 -0.000562809 -0.000070489 1.000000000 0.000016683 0.000272979 -0.000067665 -0.000016688 1.000000000 -0.006574160
1.000000000 -0.000072438 0.000018233 -0.000133215 0.000072437 1.000000000 0.000048311 -0.001484990 -0.000018237 -0.000048310 1.000000000 -0.004507441
1.000000000 0.000088682 0.000148960 -0.004759016 -0.000088669 1.000000000 -0.000088771 0.002078962 -0.000148967 0.000088758 1.000000000 0.003110872
1.000000000 -0.000002419 0.000034086 0.000170960 0.000002419 1.000000000 0.000017655 -0.000367828 -0.000034086 -0.000017655 1.000000000 -0.000477794
1.000000000 -0.000038697 0.000075679 -0.002006394 0.000038695 1.000000000 0.000020459 0.000850937 -0.000075679 -0.000020456 1.000000000 0.000391260
1.000000000 -0.000024357 -0.000005452 0.000711377 0.000024357 1.000000000 -0.000009251 0.000932754 0.000005452 0.000009251 1.000000000 -0.003565787
1.000000000 -0.000129883 0.000079866 -0.002560701 0.000129886 1.000000000 -0.000046869 0.002106610 -0.000079860 0.000046879 1.000000000 0.000730766
1.000000000 0.000144483 0.000149597 -0.004286174 -0.000144474 1.000000000 -0.000058056 0.002122561 -0.000149606 0.000058034 1.000000000 0.000059871
1.000000000 -0.000090516 0.000064665 -0.001931630 0.000090511 1.000000000 0.000075168 0.000150606 -0.000064672 -0.000075162 1.000000000 -0.000126753
1.000000000 -0.000110563 0.000024214 -0.002478012 0.000110564 1.000000000 -0.000020506 0.001725984 -0.000024212 0.000020509 1.000000000 0.001342426
1.000000000 -0.000040658 0.000019399 -0.001785618 0.000040659 1.000000000 -0.000037238 0.000860601 -0.000019397 0.000037239 1.000000000 0.001527790
1.000000000 -0.000076245 0.000066931 -0.003206871 0.000076243 1.000000000 0.000027750 0.000817313 -0.000066933 -0.000027745 1.000000000 0.002982906
1.000000000 -0.000128226 0.000029080 -0.002631196 0.000128227 1.000000000 -0.000016959 0.000837626 -0.000029078 0.000016963 1.000000000 -0.000651509
1.000000000 -0.000040692 0.000004292 -0.000657484 0.000040692 1.000000000 0.000030655 -0.000758437 -0.000004293 -0.000030655 1.000000000 -0.002152407
0.999999940 0.000209735 0.000181728 -0.004233513 -0.000209727 1.000000000 -0.000042365 0.001200203 -0.000181737 0.000042327 1.000000000 0.000756271
1.000000000 -0.000004699 0.000009661 -0.000823681 0.000004698 1.000000000 0.000031056 0.000411272 -0.000009662 -0.000031056 1.000000000 -0.001570698
1.000000000 0.000012209 0.000022879 -0.002142661 -0.000012209 1.000000000 0.000005110 0.001265230 -0.000022879 -0.000005111 1.000000000 -0.002676404
1.000000000 -0.000071828 0.000027165 -0.000625306 0.000071830 1.000000000 -0.000082615 0.001178838 -0.000027159 0.000082617 1.000000000 -0.003145704
1.000000000 -0.000021467 0.000105995 -0.003410779 0.000021470 1.000000000 -0.000024059 0.000907659 -0.000105994 0.000024062 1.000000000 0.000693324
1.000000000 -0.000061515 -0.000001659 -0.000255844 0.000061515 1.000000000 0.000019998 0.000327271 0.000001658 -0.000019999 1.000000000 -0.001527461
1.000000000 -0.000199427 -0.000034149 0.001078035 0.000199428 1.000000000 0.000030081 -0.000710393 0.000034143 -0.000030088 1.000000000 -0.000920265
1.000000000 0.000007437 0.000095952 0.002458723 -0.000007394 0.999999881 -0.000443501 -0.005815415 -0.000095956 0.000443500 0.999999881 0.048405737
1.000000000 -0.000027746 0.000074133 0.004059622 0.000027835 0.999999285 -0.001193406 -0.003480817 -0.000074100 0.001193408 0.999999285 0.144651085
1.000000000 -0.000066379 0.000015814 0.005505592 0.000066401 0.999998987 -0.001411830 -0.010758955 -0.000015720 0.001411831 0.999998987 0.260650396
1.000000000 0.000010538 0.000095297 0.005735095 -0.000010418 0.999999225 -0.001265913 -0.015770135 -0.000095311 0.001265912 0.999999166 0.390424907
1.000000000 0.000137926 0.000030095 0.007492799 -0.000137897 0.999999523 -0.000958030 -0.023806870 -0.000030227 0.000958026 0.999999523 0.532610059
1.000000000 0.000139231 0.000056609 0.007538865 -0.000139188 0.999999702 -0.000763744 -0.031886894 -0.000056716 0.000763736 0.999999702 0.684685946
1.000000000 0.000018441 0.000027336 0.014515503 -0.000018426 0.999999881 -0.000544946 -0.036623001 -0.000027346 0.000544946 0.999999881 0.855530679
1.000000000 -0.000007304 -0.000127878 0.021153750 0.000007237 0.999999881 -0.000520342 -0.036716774 0.000127882 0.000520341 0.999999881 1.028614759
0.999999940 0.000155789 0.000277859 0.008687783 -0.000155719 0.999999940 -0.000252360 -0.041764919 -0.000277898 0.000252317 0.999999940 1.208508372
0.999999940 -0.000306202 -0.000059619 0.024588510 0.000306201 0.999999881 -0.000022334 -0.051099304 0.000059625 0.000022316 1.000000000 1.399019241
0.999999523 0.000878013 0.000390945 0.016778938 -0.000878008 0.999999642 -0.000012751 -0.057913467 -0.000390956 0.000012408 0.999999940 1.590609193
0.999999166 0.001019653 0.000765517 0.013989177 -0.001019636 0.999999523 -0.000023495 -0.059918907 -0.000765540 0.000022714 0.999999762 1.789463997
0.999999404 0.000837334 0.000686499 0.020463679 -0.000837545 0.999999583 0.000306824 -0.063303806 -0.000686241 -0.000307399 0.999999702 1.995788336
0.999999464 0.000709772 0.000669262 0.027696041 -0.000709773 0.999999762 0.000001464 -0.065921493 -0.000669261 -0.000001939 0.999999762 2.221635103
0.999999166 0.001003445 0.000724024 0.033816386 -0.001003831 0.999999285 0.000532855 -0.078038476 -0.000723489 -0.000533581 0.999999583 2.416436672
0.999999285 0.001020781 0.000582335 0.038754180 -0.001021202 0.999999166 0.000722496 -0.087522559 -0.000581597 -0.000723090 0.999999583 2.644154072
0.999999642 0.000513311 0.000692706 0.039402995 -0.000513566 0.999999821 0.000367513 -0.092302762 -0.000692518 -0.000367869 0.999999642 2.870295763
0.999999583 0.000624864 0.000720492 0.048996691 -0.000625194 0.999999702 0.000457911 -0.096920244 -0.000720205 -0.000458361 0.999999642 3.109653950
0.999999285 0.000859720 0.000824099 0.048332069 -0.000860174 0.999999583 0.000551281 -0.107341804 -0.000823624 -0.000551990 0.999999464 3.353383064
0.999999225 0.000972470 0.000757561 0.053146340 -0.000972882 0.999999464 0.000543853 -0.111643940 -0.000757031 -0.000544590 0.999999583 3.606007099
0.999999702 0.000441942 0.000514510 0.068760194 -0.000442316 0.999999642 0.000726778 -0.120389439 -0.000514188 -0.000727006 0.999999583 3.860421896
0.999999702 0.000559690 0.000568928 0.077404805 -0.000560211 0.999999404 0.000915290 -0.131172583 -0.000568415 -0.000915609 0.999999404 4.119748592
0.999999166 0.000901897 0.000825718 0.072815813 -0.000902920 0.999998748 0.001238761 -0.139227837 -0.000824600 -0.001239505 0.999998868 4.361521244
0.999999225 0.001015231 0.000649217 0.082158841 -0.001016027 0.999998748 0.001227068 -0.147937313 -0.000647970 -0.001227727 0.999999046 4.621322155
0.999999642 0.000405881 0.000680336 0.091415279 -0.000406874 0.999998868 0.001460396 -0.157395840 -0.000679742 -0.001460672 0.999998689 4.876163006
0.999999583 0.000501619 0.000796062 0.093174294 -0.000502700 0.999998987 0.001357600 -0.167559370 -0.000795381 -0.001357999 0.999998689 5.135694981
0.999999404 0.000642435 0.000833718 0.097879365 -0.000643554 0.999998868 0.001343657 -0.174629048 -0.000832854 -0.001344193 0.999998689 5.408177376
0.999999046 0.000869654 0.001121500 0.102219619 -0.000871422 0.999998450 0.001577007 -0.182721719 -0.001120126 -0.001577983 0.999998152 5.664807796
0.999999344 0.000688749 0.000814146 0.104934685 -0.000689862 0.999998808 0.001366480 -0.191206411 -0.000813204 -0.001367041 0.999998748 5.946852684
0.999999523 0.000404456 0.000835438 0.114043891 -0.000405738 0.999998689 0.001535406 -0.201991692 -0.000834816 -0.001535745 0.999998510 6.212591648
0.999999046 0.000754298 0.001116543 0.114037707 -0.000755997 0.999998510 0.001521516 -0.203860089 -0.001115394 -0.001522359 0.999998212 6.505429268
0.999999404 0.000762945 0.000726006 0.125757948 -0.000763819 0.999998927 0.001204262 -0.215635374 -0.000725087 -0.001204816 0.999998987 6.788097382
0.999999642 0.000233212 0.000891894 0.130514458 -0.000234415 0.999998987 0.001348552 -0.220810980 -0.000891579 -0.001348760 0.999998689 7.090323448
0.999999821 0.000333091 0.000531150 0.143116012 -0.000333898 0.999998748 0.001520006 -0.236421719 -0.000530643 -0.001520183 0.999998689 7.372205734
0.999999881 0.000338193 0.000427386 0.155205771 -0.000338823 0.999998808 0.001474273 -0.251715690 -0.000426887 -0.001474418 0.999998808 7.669208527
0.999999881 -0.000036843 0.000471441 0.162853718 0.000036077 0.999998689 0.001623733 -0.259365529 -0.000471500 -0.001623716 0.999998569 8.005887985
0.999999762 0.000603068 0.000272083 0.173141733 -0.000603427 0.999998868 0.001320448 -0.269080818 -0.000271286 -0.001320612 0.999999166 8.312806129
0.999999881 0.000368810 0.000382503 0.178942293 -0.000369443 0.999998569 0.001656978 -0.276650697 -0.000381892 -0.001657119 0.999998569 8.657614708
0.999999821 0.000189912 0.000561676 0.182994395 -0.000190863 0.999998569 0.001694518 -0.284680545 -0.000561353 -0.001694625 0.999998450 8.991911888
0.999999881 -0.000204951 0.000437363 0.189853996 0.000204261 0.999998748 0.001575593 -0.292677522 -0.000437685 -0.001575504 0.999998689 9.339579582
0.999999762 0.000020776 0.000606832 0.191743493 -0.000021825 0.999998510 0.001727322 -0.301636040 -0.000606795 -0.001727335 0.999998331 9.669856071
0.999999702 -0.000677382 0.000367649 0.203738049 0.000676710 0.999998093 0.001825328 -0.316147387 -0.000368885 -0.001825079 0.999998271 10.017730713
0.999999702 -0.000221756 0.000676671 0.212661654 0.000220684 0.999998689 0.001583987 -0.326486707 -0.000677021 -0.001583837 0.999998510 10.375959396
0.999999762 0.000120413 0.000650142 0.222332940 -0.000121537 0.999998510 0.001728370 -0.339938432 -0.000649933 -0.001728448 0.999998331 10.723090172
0.999999940 0.000072204 0.000271391 0.232109264 -0.000072746 0.999998033 0.001995951 -0.349320889 -0.000271247 -0.001995971 0.999997973 11.105816841
0.999999940 -0.000162707 -0.000138273 0.239027381 0.000163028 0.999997258 0.002325607 -0.363093555 0.000137894 -0.002325630 0.999997318 11.488528252
0.999999821 -0.000358303 0.000500764 0.250818551 0.000357148 0.999997258 0.002304467 -0.380808145 -0.000501588 -0.002304288 0.999997199 11.850501060
0.999999702 -0.000433513 0.000725966 0.255361080 0.000431913 0.999997497 0.002202700 -0.390340209 -0.000726919 -0.002202386 0.999997318 12.230187416
0.999999702 -0.000439833 0.000769351 0.265338838 0.000437925 0.999996781 0.002478523 -0.407240182 -0.000770438 -0.002478185 0.999996603 12.627670288
0.999999642 -0.000414009 0.000768845 0.272476733 0.000412205 0.999997079 0.002345257 -0.409708887 -0.000769814 -0.002344939 0.999996901 13.020870209
0.999999821 -0.000557809 0.000291638 0.291078925 0.000556959 0.999995649 0.002906368 -0.438687950 -0.000293258 -0.002906205 0.999995708 13.406505585
0.999999702 0.000337020 0.000754228 0.294762015 -0.000339332 0.999995291 0.003067366 -0.451607645 -0.000753190 -0.003067621 0.999995053 13.821704865
0.999999583 0.000644307 0.000681212 0.307890683 -0.000646791 0.999993205 0.003652491 -0.469606757 -0.000678854 -0.003652930 0.999993145 14.234786034
0.999999464 -0.000651700 0.000961579 0.321067661 0.000648515 0.999994457 0.003309500 -0.485489666 -0.000963730 -0.003308875 0.999994040 14.646944046
0.999999344 -0.000151888 0.001120486 0.333521515 0.000147998 0.999994040 0.003471752 -0.499583423 -0.001121007 -0.003471583 0.999993324 15.051082611
0.999998868 -0.000858476 0.001285429 0.345124036 0.000853821 0.999993145 0.003617654 -0.507852435 -0.001288526 -0.003616552 0.999992609 15.492716789
0.999998331 -0.001166310 0.001402430 0.371918559 0.001161162 0.999992728 0.003666316 -0.540649831 -0.001406696 -0.003664682 0.999992311 15.921006203
0.999998212 -0.000959455 0.001632460 0.383311421 0.000953206 0.999992251 0.003824705 -0.551773071 -0.001636117 -0.003823142 0.999991357 16.364179611
0.999998093 -0.000976150 0.001690771 0.392656207 0.000969047 0.999990761 0.004196908 -0.569375992 -0.001694852 -0.004195260 0.999989808 16.803953171
0.999996901 -0.000352758 0.002475387 0.404814392 0.000342297 0.999991000 0.004225089 -0.581875205 -0.002476855 -0.004224228 0.999988019 17.254062653
0.999996245 -0.000706140 0.002639637 0.414067745 0.000694585 0.999990106 0.004375948 -0.596059322 -0.002642701 -0.004374098 0.999986947 17.712324142
0.999994516 -0.000956837 0.003152986 0.423728436 0.000943571 0.999990642 0.004206269 -0.609297276 -0.003156981 -0.004203271 0.999986231 18.183242798
0.999993324 -0.000697929 0.003587445 0.435228229 0.000681233 0.999988973 0.004653194 -0.621562481 -0.003590653 -0.004650719 0.999982774 18.648462296
0.999992728 -0.000453043 0.003798176 0.443643898 0.000436610 0.999990523 0.004326311 -0.631804049 -0.003800100 -0.004324622 0.999983430 19.111293793
0.999992728 -0.000052547 0.003808946 0.453213185 0.000035458 0.999989986 0.004486271 -0.649146974 -0.003809144 -0.004486104 0.999982655 19.574436188
0.999994218 -0.000568151 0.003360408 0.470355272 0.000551222 0.999987125 0.005036812 -0.659833312 -0.003363227 -0.005034930 0.999981642 20.023218155
0.999993682 -0.000805028 0.003473574 0.484309375 0.000788058 0.999987781 0.004883950 -0.674423754 -0.003477463 -0.004881182 0.999982059 20.506103516
0.999994755 -0.000461540 0.003200415 0.497822255 0.000445046 0.999986649 0.005152518 -0.691747248 -0.003202749 -0.005151066 0.999981582 21.002346039
0.999996185 -0.000847750 0.002624481 0.506720364 0.000833891 0.999985754 0.005277236 -0.696394086 -0.002628917 -0.005275026 0.999982595 21.512367249
0.999997079 -0.000421305 0.002385823 0.506462514 0.000408788 0.999986172 0.005244559 -0.710634589 -0.002388000 -0.005243569 0.999983370 22.004779816
0.999996960 -0.000436923 0.002438427 0.509768188 0.000422950 0.999983430 0.005727875 -0.748275042 -0.002440889 -0.005726825 0.999980569 22.486354828
0.999997616 -0.000151677 0.002193437 0.507394671 0.000138287 0.999981344 0.006103525 -0.765087783 -0.002194322 -0.006103207 0.999978900 22.992233276
0.999998987 -0.001002618 0.000991697 0.527986825 0.000996915 0.999983013 0.005734317 -0.774342775 -0.000997430 -0.005733322 0.999983072 23.522815704
0.999996901 -0.002488705 0.000091493 0.548785925 0.002488178 0.999982417 0.005373734 -0.785497367 -0.000104865 -0.005373489 0.999985576 24.035184860
0.999998271 -0.001757501 -0.000541823 0.557037711 0.001760501 0.999982834 0.005588268 -0.794559300 0.000531992 -0.005589213 0.999984264 24.558645248
0.999998093 -0.001562298 -0.001179689 0.567992806 0.001568967 0.999982595 0.005673163 -0.805306673 0.001170806 -0.005675003 0.999983132 25.080072403
0.999996662 -0.001674370 -0.002015897 0.575154483 0.001686137 0.999981403 0.005849453 -0.816982329 0.002006066 -0.005852831 0.999980867 25.602937698
0.999995649 -0.001653189 -0.002425570 0.586148560 0.001667561 0.999980986 0.005935573 -0.832560420 0.002415711 -0.005939593 0.999979436 26.137542725
0.999994338 -0.002062640 -0.002664330 0.596831203 0.002080885 0.999974251 0.006863283 -0.846760988 0.002650105 -0.006868788 0.999972880 26.682203293
0.999992549 -0.002367924 -0.003090131 0.609179795 0.002388195 0.999975562 0.006572738 -0.859119892 0.003074492 -0.006580069 0.999973595 27.205661774
0.999992371 -0.001937843 -0.003391611 0.615621328 0.001960030 0.999976635 0.006550815 -0.877591968 0.003378837 -0.006557412 0.999972761 27.737958908
0.999990761 -0.001975719 -0.003809607 0.622972071 0.002002156 0.999973834 0.006948208 -0.893636346 0.003795780 -0.006955772 0.999968588 28.270647049
0.999986529 -0.002397249 -0.004603580 0.641370296 0.002430140 0.999971390 0.007152202 -0.907789171 0.004586304 -0.007163293 0.999963760 28.808208466
0.999983311 -0.002595148 -0.005157313 0.652123213 0.002633055 0.999969423 0.007357092 -0.920587957 0.005138063 -0.007370549 0.999959588 29.355609894
0.999985516 -0.002002663 -0.004983716 0.651290059 0.002038305 0.999972284 0.007157046 -0.928608596 0.004969246 -0.007167102 0.999961972 29.870563507
0.999986112 -0.001800933 -0.004935827 0.655351222 0.001835648 0.999973536 0.007037779 -0.944152832 0.004923021 -0.007046743 0.999962986 30.403598785
0.999983072 -0.002253009 -0.005352506 0.669697225 0.002292580 0.999969959 0.007398527 -0.956339657 0.005335676 -0.007410674 0.999958217 30.940921783
0.999981701 -0.001890167 -0.005748438 0.676714778 0.001933145 0.999970138 0.007480202 -0.977632403 0.005734128 -0.007491178 0.999955475 31.461950302
0.999981582 -0.002101328 -0.005696874 0.686483979 0.002142513 0.999971569 0.007233014 -0.985526323 0.005681513 -0.007245087 0.999957621 32.024745941
0.999977469 -0.002196564 -0.006345226 0.693996847 0.002242988 0.999970734 0.007318432 -0.995884597 0.006328966 -0.007332501 0.999953091 32.519996643
0.999980211 -0.001760628 -0.006047654 0.691953361 0.001801906 0.999975026 0.006826737 -1.001289725 0.006035484 -0.006837498 0.999958396 33.103988647
0.999976635 -0.002005994 -0.006535951 0.697614610 0.002054216 0.999970675 0.007379591 -1.026083350 0.006520956 -0.007392844 0.999951422 33.581912994
0.999975741 -0.001485225 -0.006819990 0.700137854 0.001536052 0.999971092 0.007453514 -1.042691946 0.006808721 -0.007463808 0.999949038 34.129764557
0.999975383 -0.002169665 -0.006669386 0.698697925 0.002219235 0.999969900 0.007434023 -1.048646092 0.006653057 -0.007448641 0.999950171 34.634254456
0.999973059 -0.001659540 -0.007150065 0.727411389 0.001713127 0.999970436 0.007495020 -1.065969944 0.007137415 -0.007507067 0.999946296 35.166667938
0.999972165 -0.001696934 -0.007266552 0.727328658 0.001749413 0.999972403 0.007221668 -1.072913885 0.007254097 -0.007234180 0.999947488 35.715320587
0.999972403 -0.001554098 -0.007254876 0.736528635 0.001604924 0.999974132 0.007005099 -1.086980581 0.007243801 -0.007016549 0.999949217 36.264862061
0.999969542 -0.002137535 -0.007505397 0.740883410 0.002193111 0.999970198 0.007404259 -1.094630837 0.007489346 -0.007420493 0.999944448 36.787609100
0.999971807 -0.002411560 -0.007106755 0.707572103 0.002468816 0.999964535 0.008058850 -1.128714561 0.007087067 -0.008076169 0.999942303 37.291687012
0.999965310 -0.003061231 -0.007741985 0.735291481 0.003125007 0.999961197 0.008238910 -1.133349419 0.007716462 -0.008262818 0.999936104 37.836723328
0.999971390 -0.002459419 -0.007159228 0.703246593 0.002522617 0.999957860 0.008831751 -1.164552689 0.007137205 -0.008849558 0.999935389 38.379146576
0.999964237 -0.003016435 -0.007907598 0.749343395 0.003085178 0.999957442 0.008695530 -1.159713745 0.007881032 -0.008719615 0.999930918 38.871292114
0.999965847 -0.002707785 -0.007800607 0.766594946 0.002780596 0.999952555 0.009338345 -1.194882035 0.007774949 -0.009359718 0.999925911 39.456809998
0.999964297 -0.001693283 -0.008281622 0.820530593 0.001756539 0.999969244 0.007636758 -1.171841145 0.008268436 -0.007651033 0.999936521 39.982612610
0.999961019 -0.002001243 -0.008601299 0.824720979 0.002070331 0.999965608 0.008030897 -1.197403908 0.008584930 -0.008048391 0.999930739 40.490962982
0.999960840 -0.002106308 -0.008592714 0.813973665 0.002173359 0.999967217 0.007801346 -1.204607606 0.008576000 -0.007819715 0.999932647 41.007022858
0.999953330 -0.002308649 -0.009385060 0.834705114 0.002381522 0.999967098 0.007760943 -1.215816140 0.009366835 -0.007782930 0.999925852 41.525180817
0.999959230 -0.001784788 -0.008849783 0.838181973 0.001856422 0.999965489 0.008092742 -1.230383873 0.008835035 -0.008108842 0.999928057 42.062110901
0.999956489 -0.001999175 -0.009112905 0.850833297 0.002073057 0.999965012 0.008105190 -1.242482066 0.009096384 -0.008123729 0.999925613 42.612274170
0.999960959 -0.001203071 -0.008753103 0.849775851 0.001268813 0.999970973 0.007508991 -1.251514673 0.008743814 -0.007519805 0.999933481 43.138916016
0.999960363 -0.001399634 -0.008796033 0.856193125 0.001466542 0.999969959 0.007604753 -1.261502385 0.008785128 -0.007617351 0.999932408 43.668884277
0.999955833 -0.001987614 -0.009176294 0.870484591 0.002057560 0.999968827 0.007619349 -1.273661613 0.009160863 -0.007637893 0.999928892 44.202156067
0.999958932 -0.001230128 -0.008976397 0.877299428 0.001296771 0.999971628 0.007422242 -1.284950614 0.008967011 -0.007433578 0.999932110 44.739669800
0.999957085 -0.001531096 -0.009135751 0.882256150 0.001599099 0.999971032 0.007441015 -1.292913198 0.009124094 -0.007455305 0.999930561 45.269340515
0.999956965 -0.001633119 -0.009143639 0.895769060 0.001699111 0.999972522 0.007214045 -1.307820201 0.009131606 -0.007229270 0.999932170 45.793720245
0.999955833 -0.001589024 -0.009263084 0.904431999 0.001657067 0.999971628 0.007342590 -1.325487018 0.009251154 -0.007357615 0.999930143 46.348125458
0.999955177 -0.001196638 -0.009393730 0.902019262 0.001263966 0.999973536 0.007164615 -1.329441309 0.009384908 -0.007176166 0.999930203 46.861309052
0.999955118 -0.000887010 -0.009433663 0.917243958 0.000956114 0.999972701 0.007323294 -1.339226723 0.009426910 -0.007331985 0.999928653 47.437858582
0.999951959 -0.001526756 -0.009681874 0.917695761 0.001599581 0.999970376 0.007518481 -1.358947635 0.009670109 -0.007533608 0.999924779 47.919837952
0.999951243 -0.000985929 -0.009825769 0.931295037 0.001060640 0.999970555 0.007601295 -1.375477076 0.009817985 -0.007611348 0.999922812 48.436412811
0.999954641 -0.000733243 -0.009496037 0.935800493 0.000804862 0.999971390 0.007540353 -1.383482933 0.009490236 -0.007547655 0.999926507 48.963760376
0.999953210 -0.001037827 -0.009628491 0.940870404 0.001110721 0.999970853 0.007568387 -1.394288301 0.009620356 -0.007578728 0.999924958 49.483768463
0.999956310 -0.000537188 -0.009324373 0.944043100 0.000608941 0.999970198 0.007694122 -1.410054207 0.009319961 -0.007699464 0.999926925 50.008182526
0.999957561 -0.000226243 -0.009208018 0.948958158 0.000297605 0.999969900 0.007749421 -1.420434237 0.009205989 -0.007751832 0.999927580 50.527713776
0.999959409 -0.000418844 -0.008993634 0.946842313 0.000487668 0.999970615 0.007651704 -1.428976536 0.008990164 -0.007655781 0.999930263 51.053295135
0.999958575 0.000189683 -0.009090876 0.947291493 -0.000119948 0.999970615 0.007670808 -1.442381740 0.009092066 -0.007669401 0.999929249 51.577835083
0.999960601 0.000232247 -0.008872260 0.958746791 -0.000162416 0.999969006 0.007870547 -1.458245635 0.008873814 -0.007868796 0.999929667 52.081230164
0.999969423 0.000881276 -0.007772509 0.938333452 -0.000819086 0.999967635 0.008000793 -1.469503284 0.007779308 -0.007994181 0.999937713 52.641166687
0.999963403 -0.000186346 -0.008555273 0.957635760 0.000254896 0.999967813 0.008012271 -1.491334438 0.008553505 -0.008014158 0.999931276 53.123374939
0.999969721 0.000753334 -0.007746667 0.945300937 -0.000692532 0.999968946 0.007848549 -1.501998663 0.007752338 -0.007842946 0.999939144 53.662715912
0.999964774 0.000653253 -0.008364611 0.989789665 -0.000587014 0.999968469 0.007918945 -1.508023024 0.008369520 -0.007913756 0.999933660 54.111663818
0.999963045 0.001648678 -0.008435119 0.985255003 -0.001585804 0.999970973 0.007455186 -1.507541656 0.008447167 -0.007441535 0.999936640 54.784618378
0.999960482 0.000339230 -0.008889920 1.003516078 -0.000263235 0.999963403 0.008548141 -1.542241573 0.008892494 -0.008545464 0.999924004 55.217628479
0.999963403 0.000485143 -0.008537167 1.033397198 -0.000416758 0.999967873 0.008010082 -1.538639784 0.008540777 -0.008006233 0.999931514 55.698459625
0.999965191 0.000943914 -0.008289390 0.999279141 -0.000871175 0.999961138 0.008774201 -1.567584038 0.008297348 -0.008766675 0.999927104 56.155784607
0.999957502 0.000852551 -0.009179949 1.066737890 -0.000780117 0.999968529 0.007891206 -1.543633938 0.009186389 -0.007883710 0.999926686 56.828330994
0.999962866 0.000767532 -0.008580303 1.031106949 -0.000692436 0.999961436 0.008751658 -1.599420309 0.008586690 -0.008745391 0.999924898 57.188968658
0.999962449 0.000604185 -0.008644238 1.046285868 -0.000526556 0.999959528 0.008979917 -1.614388943 0.008649314 -0.008975028 0.999922335 57.720394135
0.999960899 0.000852740 -0.008817925 1.055367589 -0.000774055 0.999959886 0.008922936 -1.622778654 0.008825180 -0.008915760 0.999921322 58.257747650
0.999961495 0.000699088 -0.008750864 1.062201023 -0.000618278 0.999957144 0.009233873 -1.641831398 0.008756946 -0.009228108 0.999919057 58.797466278
0.999959707 0.000336289 -0.008973245 1.082984447 -0.000252608 0.999956429 0.009325141 -1.655077696 0.008975990 -0.009322498 0.999916255 59.334602356
0.999962926 0.001103047 -0.008540306 1.087451220 -0.001020853 0.999953210 0.009622733 -1.669070244 0.008550520 -0.009613659 0.999917209 59.893730164
0.999961078 0.001026621 -0.008767311 1.106670499 -0.000940711 0.999951541 0.009797352 -1.682186604 0.008776944 -0.009788724 0.999913573 60.427104950
0.999958217 0.001361507 -0.009046900 1.155814528 -0.001268888 0.999946833 0.010235516 -1.722539783 0.009060354 -0.010223608 0.999906659 60.956729889
0.999952018 0.001059289 -0.009739977 1.182172656 -0.000961163 0.999948800 0.010073815 -1.731184483 0.009750152 -0.010063971 0.999901772 61.534839630
0.999950171 0.001012394 -0.009932160 1.202799559 -0.000903850 0.999939919 0.010926907 -1.786109567 0.009942627 -0.010917386 0.999890924 62.012535095
0.999951661 0.001259054 -0.009756371 1.166753054 -0.001153702 0.999940991 0.010796379 -1.783481717 0.009769390 -0.010784600 0.999894083 62.424037933
0.999945879 0.000049697 -0.010408160 1.174330950 0.000070344 0.999933481 0.011532695 -1.785274148 0.010408040 -0.011532804 0.999879360 62.923412323
0.999954879 -0.000414497 -0.009487074 1.150524378 0.000513930 0.999944925 0.010480870 -1.755161047 0.009482208 -0.010485275 0.999900103 63.502048492
0.999954581 0.002038110 -0.009306216 1.241038322 -0.001938451 0.999940872 0.010705336 -1.757369280 0.009327483 -0.010686811 0.999899387 64.007835388
0.999961853 0.002029192 -0.008497966 1.204335093 -0.001941455 0.999944806 0.010320087 -1.798060179 0.008518440 -0.010303195 0.999910653 64.408828735
0.999960244 0.002446027 -0.008581080 1.216933966 -0.002359311 0.999946177 0.010101107 -1.812150478 0.008605327 -0.010080461 0.999912143 64.941513062
0.999963462 0.001999002 -0.008317896 1.208346844 -0.001926787 0.999960482 0.008680915 -1.803942919 0.008334921 -0.008664570 0.999927759 65.497688293
0.999959290 0.001868631 -0.008830930 1.241558552 -0.001775702 0.999943078 0.010519337 -1.850483656 0.008850086 -0.010503230 0.999905586 65.984863281
0.999958456 0.002139538 -0.008858920 1.247570515 -0.002048991 0.999945700 0.010217419 -1.856810331 0.008880298 -0.010198843 0.999908566 66.505973816
0.999961019 0.002487008 -0.008475747 1.256017566 -0.002399552 0.999943912 0.010312977 -1.872860432 0.008500921 -0.010292236 0.999910951 67.046997070
0.999960482 0.002447202 -0.008550948 1.261105537 -0.002354794 0.999938965 0.010800133 -1.886282802 0.008576854 -0.010779572 0.999905109 67.602523804
0.999963403 0.003383990 -0.007853070 1.255937338 -0.003301876 0.999939919 0.010445816 -1.894777775 0.007887948 -0.010419505 0.999914527 68.054855347
0.999962389 0.003432922 -0.007963778 1.269060254 -0.003349087 0.999939084 0.010516549 -1.903223038 0.007999397 -0.010489484 0.999912918 68.586105347
0.999961436 0.003287161 -0.008144772 1.273095608 -0.003199434 0.999936998 0.010760564 -1.913173318 0.008179630 -0.010734092 0.999908924 69.120201111
0.999961674 0.003632161 -0.007955672 1.283650398 -0.003548104 0.999938011 0.010554411 -1.936712503 0.007993515 -0.010525780 0.999912620 69.665924072
0.999961972 0.003752723 -0.007869793 1.297673702 -0.003667936 0.999935389 0.010760643 -1.952581167 0.007909667 -0.010731367 0.999911129 70.190597534
0.999961615 0.003399496 -0.008065922 1.299628973 -0.003315740 0.999940634 0.010374802 -1.959970117 0.008100712 -0.010347662 0.999913633 70.741355896
0.999958336 0.004199640 -0.008101989 1.313742876 -0.004113603 0.999935269 0.010606886 -1.977198362 0.008146008 -0.010573115 0.999910951 71.282363892
0.999963164 0.003887660 -0.007643477 1.295893192 -0.003809385 0.999940336 0.010228674 -1.984494686 0.007682789 -0.010199180 0.999918401 71.929229736
0.999963522 0.003496975 -0.007790599 1.320671082 -0.003419344 0.999944687 0.009955821 -1.995548964 0.007824983 -0.009928819 0.999920011 72.445091248
0.999966562 0.003202468 -0.007511675 1.328009844 -0.003127161 0.999944925 0.010015668 -2.008871078 0.007543337 -0.009991843 0.999921560 72.996902466
0.999962986 0.004330301 -0.007430336 1.323028445 -0.004254715 0.999939442 0.010158444 -2.022673607 0.007473874 -0.010126453 0.999920785 73.596214294
0.999964595 0.003364658 -0.007706888 1.350959539 -0.003286463 0.999943316 0.010136369 -2.039640188 0.007740555 -0.010110682 0.999918938 74.110176086
0.999963224 0.003737370 -0.007712040 1.369211912 -0.003658063 0.999940574 0.010272172 -2.057911396 0.007749971 -0.010243583 0.999917507 74.620010376
0.999963880 0.003314018 -0.007828176 1.371715546 -0.003234275 0.999942958 0.010177515 -2.065724850 0.007861458 -0.010151829 0.999917567 75.148368835
0.999964714 0.004025345 -0.007385226 1.383314610 -0.003951278 0.999942064 0.010016401 -2.080269337 0.007425117 -0.009986865 0.999922574 75.701644897
0.999962687 0.003214318 -0.008009522 1.411624908 -0.003129088 0.999938607 0.010630863 -2.099028111 0.008043204 -0.010605403 0.999911368 76.159103394
0.999963582 0.004152020 -0.007457964 1.417400837 -0.004074652 0.999938011 0.010359309 -2.116135359 0.007500515 -0.010328543 0.999918461 76.691505432
0.999961793 0.003812360 -0.007868804 1.438218355 -0.003727138 0.999934494 0.010816721 -2.134120226 0.007909526 -0.010786980 0.999910533 77.193565369
0.999961972 0.004436532 -0.007496946 1.426308393 -0.004356700 0.999934018 0.010631406 -2.144016981 0.007543617 -0.010598341 0.999915302 77.750549316
0.999963403 0.004355903 -0.007361972 1.440746665 -0.004278596 0.999935865 0.010484074 -2.155047417 0.007407168 -0.010452190 0.999917865 78.297874451
0.999971986 0.003954311 -0.006353973 1.459335089 -0.003887136 0.999936759 0.010550066 -2.170155764 0.006395290 -0.010525072 0.999924123 78.828071594
0.999981463 0.004156957 -0.004453296 1.467133880 -0.004108646 0.999933124 0.010803213 -2.188345432 0.004497907 -0.010784714 0.999931753 79.375404358
0.999982297 0.004925949 -0.003340867 1.486523151 -0.004889076 0.999927998 0.010956846 -2.213936806 0.003394599 -0.010940318 0.999934375 79.889099121
0.999988794 0.004243013 -0.002099082 1.492630243 -0.004219311 0.999928713 0.011170318 -2.222182274 0.002146329 -0.011161339 0.999935389 80.429733276
0.999985158 0.005197929 0.001626588 1.503311872 -0.005214262 0.999934316 0.010204154 -2.229630947 -0.001573441 -0.010212487 0.999946654 80.980316162
0.999978900 0.004986753 0.004145267 1.554219842 -0.005029475 0.999933660 0.010360474 -2.224531651 -0.004093327 -0.010381104 0.999937713 81.582870483
0.999969184 0.004238430 0.006597870 1.593625665 -0.004305951 0.999938190 0.010253505 -2.240517616 -0.006554003 -0.010281599 0.999925613 82.036880493
0.999931812 0.004463482 0.010792565 1.625674725 -0.004570990 0.999940038 0.009957238 -2.248455048 -0.010747474 -0.010005891 0.999892175 82.594078064
0.999844730 0.004605690 0.017006885 1.640657544 -0.004774716 0.999939501 0.009911457 -2.252614975 -0.016960209 -0.009991121 0.999806225 83.103446960
0.999754667 0.002949409 0.021953076 1.695989847 -0.003157571 0.999950230 0.009453480 -2.250397205 -0.021924105 -0.009520480 0.999714196 83.642784119
0.999566019 0.004268210 0.029147485 1.682447433 -0.004563333 0.999938905 0.010066125 -2.272011280 -0.029102739 -0.010194764 0.999524355 84.425216675
0.999322057 0.004282003 0.036564678 1.740088224 -0.004633363 0.999943912 0.009529967 -2.268116713 -0.036521815 -0.009692923 0.999285817 85.016578674
0.998980522 0.004170840 0.044949640 1.783251762 -0.004636021 0.999936640 0.010249655 -2.311381340 -0.044904046 -0.010447593 0.998936653 85.535072327
0.998656690 0.003241313 0.051713467 1.841712236 -0.003765395 0.999942482 0.010040139 -2.311697960 -0.051677946 -0.010221375 0.998611450 86.094703674
0.998170614 0.002804138 0.060394701 1.899826527 -0.003383027 0.999949276 0.009484977 -2.315952063 -0.060365032 -0.009671940 0.998129487 86.638504028
0.997498691 0.002923640 0.070624292 1.966626167 -0.003600063 0.999948859 0.009452389 -2.333882332 -0.070593074 -0.009682996 0.997458220 87.168029785
0.996851981 0.002469170 0.079246573 2.021976471 -0.003236362 0.999949038 0.009554090 -2.345275879 -0.079218954 -0.009780484 0.996809244 87.717018127
0.996174037 0.002312885 0.087360494 2.086119652 -0.003124477 0.999953210 0.009154550 -2.354719639 -0.087335229 -0.009392481 0.996134698 88.275032043
0.995234132 0.001672454 0.097499028 2.174560547 -0.002557589 0.999956608 0.008954122 -2.366177082 -0.097479835 -0.009160808 0.995195329 88.812118530
0.994181275 0.001381285 0.107711017 2.258211136 -0.002376038 0.999955833 0.009107605 -2.376924038 -0.107693657 -0.009310537 0.994140446 89.375854492
0.993146420 0.001384918 0.116868459 2.342597961 -0.002492052 0.999953330 0.009327740 -2.399091959 -0.116850093 -0.009555056 0.993103623 89.916160583
0.991775095 0.001329616 0.127985790 2.431978226 -0.002509138 0.999955833 0.009055246 -2.401479244 -0.127968088 -0.009301904 0.991734684 90.473251343
0.990088701 0.001277318 0.140437603 2.531831741 -0.002572730 0.999955714 0.009042940 -2.417481422 -0.140419856 -0.009314623 0.990048170 91.025741577
0.988515496 0.000587562 0.151118472 2.640844345 -0.001933275 0.999959767 0.008758254 -2.428778648 -0.151107237 -0.008949822 0.988476872 91.576667786
0.986998618 -0.000166721 0.160728738 2.746797562 -0.001243579 0.999961615 0.008673777 -2.435119152 -0.160724044 -0.008760884 0.986960530 92.118408203
0.984956324 -0.000182165 0.172802925 2.867899895 -0.001324756 0.999962091 0.008605092 -2.448583603 -0.172797948 -0.008704561 0.984918773 92.662742615
0.982756495 -0.000739227 0.184902608 2.993921280 -0.000786582 0.999966264 0.008178470 -2.456260204 -0.184902444 -0.008182887 0.982722759 93.198478699
0.980753422 -0.001332633 0.195245907 3.133016586 -0.000303440 0.999965012 0.008349399 -2.468573809 -0.195250243 -0.008247946 0.980718791 93.736457825
0.977965534 -0.001333140 0.208762079 3.272769928 -0.000401260 0.999965787 0.008265452 -2.482073307 -0.208765954 -0.008167096 0.977931559 94.274154663
0.975029171 -0.001848938 0.222069174 3.424877167 0.000024541 0.999966145 0.008217928 -2.489346027 -0.222076833 -0.008007268 0.974996209 94.811424255
0.972319901 -0.001454002 0.233649239 3.578010559 -0.000390019 0.999969125 0.007845866 -2.503789902 -0.233653426 -0.007719819 0.972289264 95.338058472
0.969331801 -0.002256684 0.245745435 3.753396988 0.000142841 0.999962986 0.008619242 -2.524202824 -0.245755762 -0.008319802 0.969296098 95.870674133
0.965726435 -0.002723967 0.259547710 3.926004410 0.000442270 0.999960721 0.008849042 -2.544602394 -0.259561628 -0.008430962 0.965689719 96.375457764
0.962400734 -0.003936018 0.271605194 4.109050751 0.001597946 0.999959767 0.008828974 -2.561268330 -0.271628946 -0.008063003 0.962368250 96.887840271
0.959240377 -0.004473642 0.282556057 4.304977417 0.001949225 0.999955654 0.009214699 -2.586179495 -0.282584697 -0.008288346 0.959206522 97.391601562
0.955028594 -0.004202983 0.296483964 4.496120453 0.001587565 0.999957621 0.009061653 -2.592261314 -0.296509504 -0.008183450 0.954994857 97.926612854
0.950649679 -0.004841977 0.310228586 4.701089859 0.002078920 0.999955118 0.009236531 -2.610745907 -0.310259342 -0.008135764 0.950617135 98.451698303
0.946775377 -0.005463829 0.321848601 4.902502060 0.002638306 0.999954045 0.009214567 -2.620522976 -0.321884155 -0.007874991 0.946746290 98.973403931
0.942437410 -0.005231013 0.334341705 5.120386124 0.002285789 0.999955058 0.009201859 -2.630554438 -0.334374785 -0.007907940 0.942406952 99.497352600
0.937331259 -0.005556702 0.348395228 5.340959549 0.002420448 0.999952555 0.009436631 -2.643764257 -0.348431140 -0.008001975 0.937300205 100.016998291
0.932683766 -0.006314219 0.360639870 5.563875198 0.003130851 0.999950826 0.009410534 -2.653841972 -0.360681534 -0.007647943 0.932657659 100.535354614
0.928241074 -0.007125851 0.371910810 5.783721924 0.003955989 0.999949038 0.009285492 -2.665920019 -0.371958017 -0.007147901 0.928221941 101.032722473
0.922452986 -0.007564639 0.386035323 6.029062271 0.004320985 0.999947727 0.009269462 -2.670508862 -0.386085242 -0.006882588 0.922437429 101.559989929
0.917189658 -0.008729588 0.398355305 6.274166107 0.005437504 0.999941051 0.009393258 -2.678299904 -0.398413718 -0.006449341 0.917183101 102.048446655
0.912563086 -0.008982761 0.408837259 6.526367188 0.005711860 0.999941111 0.009220785 -2.690122128 -0.408895969 -0.006079327 0.912560761 102.550445557
0.907095432 -0.009198479 0.420824468 6.785175323 0.005679905 0.999937594 0.009613723 -2.706861258 -0.420886636 -0.006330321 0.907091141 103.026039124
0.900734603 -0.010112836 0.434252143 7.043594360 0.006496820 0.999930739 0.009810491 -2.729552984 -0.434321254 -0.006015390 0.900737882 103.492439270
0.895054102 -0.010776238 0.445827425 7.313964844 0.007158729 0.999926388 0.009797503 -2.737609863 -0.445900142 -0.005577737 0.895065308 103.982284546
0.889459431 -0.011559476 0.456867844 7.587516785 0.007896994 0.999919474 0.009925168 -2.750682592 -0.456945896 -0.005220152 0.889479220 104.447990417
0.882910371 -0.012519463 0.469374448 7.884654999 0.008904491 0.999911129 0.009920616 -2.757451296 -0.469456941 -0.004579476 0.882943392 104.933128357
