1.000000000 0.000000000 0.000000000 0.000000000 0.000000000 1.000000000 0.000000000 0.000000000 0.000000000 0.000000000 1.000000000 0.000000000
1.000000000 0.000057844 -0.000025296 0.000259276 -0.000057844 1.000000000 0.000018502 0.000520302 0.000025298 -0.000018501 1.000000000 0.002352478
1.000000000 0.000026194 -0.000040041 0.000961194 -0.000026192 1.000000000 0.000056671 -0.001090778 0.000040042 -0.000056670 1.000000000 0.001092754
1.000000000 -0.000017387 -0.000027523 0.000533974 0.000017386 1.000000000 -0.000036344 0.000337638 0.000027524 0.000036344 1.000000000 -0.001700520
1.000000000 -0.000155138 -0.000112420 0.001297204 0.000155144 1.000000000 0.000056599 -0.000573030 0.000112412 -0.000056617 1.000000000 0.000408595
1.000000000 -0.000156656 -0.000111502 -0.000660676 0.000156661 1.000000000 0.000049432 -0.000029654 0.000111495 -0.000049449 1.000000000 -0.000436935
1.000000000 -0.000139186 -0.000056614 0.000726843 0.000139190 1.000000000 0.000066248 -0.000714635 0.000056604 -0.000066255 1.000000000 0.001424464
1.000000000 -0.000145143 -0.000059548 0.000069768 0.000145147 1.000000000 0.000077401 -0.000872556 0.000059537 -0.000077409 1.000000000 -0.000551195
1.000000000 -0.000036284 -0.000088949 0.000629251 0.000036289 1.000000000 0.000063315 -0.000148944 0.000088947 -0.000063318 1.000000000 -0.001903606
1.000000000 -0.000032400 -0.000007830 -0.000339752 0.000032400 1.000000000 0.000045549 0.000533153 0.000007829 -0.000045550 1.000000000 0.002496982
1.000000000 -0.000066746 -0.000073056 0.001073456 0.000066746 1.000000000 -0.000001301 0.000569266 0.000073056 0.000001296 1.000000000 -0.000004060
1.000000000 -0.000103167 -0.000130772 0.001059694 0.000103175 1.000000000 0.000059105 0.000141126 0.000130766 -0.000059119 1.000000000 -0.000348450
1.000000000 -0.000096029 -0.000054988 0.000025140 0.000096028 1.000000000 -0.000018800 0.001585360 0.000054990 0.000018795 1.000000000 0.002437558
0.999999940 -0.000209778 -0.000129779 0.000970380 0.000209792 1.000000000 0.000109486 0.000127609 0.000129756 -0.000109513 1.000000000 -0.001423060
1.000000000 -0.000116827 -0.000143905 0.001014867 0.000116835 1.000000000 0.000054348 -0.000400242 0.000143899 -0.000054365 1.000000000 -0.001944121
1.000000000 -0.000143933 -0.000166712 0.003191665 0.000143956 1.000000000 0.000133046 -0.000833258 0.000166693 -0.000133070 1.000000000 -0.005042583
1.000000000 -0.000120722 -0.000070659 0.001447187 0.000120727 1.000000000 0.000076239 -0.000325384 0.000070650 -0.000076248 1.000000000 -0.003151839
1.000000000 -0.000075554 -0.000084907 0.001561809 0.000075557 1.000000000 0.000032433 -0.000151478 0.000084904 -0.000032439 1.000000000 -0.000932750
1.000000000 -0.000027812 -0.000125416 0.001756823 0.000027826 1.000000000 0.000115765 -0.000833107 0.000125413 -0.000115768 1.000000000 -0.003445168
0.999999940 -0.000225242 -0.000142592 0.001565683 0.000225252 1.000000000 0.000069996 -0.000039673 0.000142576 -0.000070028 1.000000000 -0.003163651
1.000000000 -0.000199876 -0.000115618 0.001005800 0.000199886 1.000000000 0.000090103 0.000283257 0.000115600 -0.000090126 1.000000000 0.001012008
1.000000000 -0.000191003 -0.000115638 0.000529215 0.000191016 1.000000000 0.000113234 -0.001682097 0.000115617 -0.000113256 1.000000000 -0.003925634
1.000000000 -0.000072220 -0.000162494 0.003631977 0.000072239 1.000000000 0.000116263 -0.000674672 0.000162486 -0.000116275 1.000000000 -0.002443137
1.000000000 -0.000080898 -0.000165473 0.003506879 0.000080914 1.000000000 0.000096201 -0.001156245 0.000165466 -0.000096215 1.000000000 -0.002096294
0.999999940 -0.000191338 -0.000184313 0.002885279 0.000191362 1.000000000 0.000134168 -0.001342996 0.000184287 -0.000134203 1.000000000 -0.005449888
0.999999940 -0.000205135 -0.000203541 0.002933929 0.000205153 1.000000000 0.000088459 0.000350533 0.000203523 -0.000088501 1.000000000 -0.001662962
1.000000000 -0.000154275 -0.000142662 0.003043056 0.000154286 1.000000000 0.000078071 0.000200616 0.000142650 -0.000078093 1.000000000 -0.003305754
0.999999940 -0.000244211 -0.000165801 0.003593300 0.000244230 0.999999940 0.000110496 -0.000782991 0.000165774 -0.000110537 1.000000000 -0.004248428
0.999999940 -0.000224131 -0.000115427 0.000383551 0.000224140 1.000000000 0.000075299 -0.000876820 0.000115410 -0.000075325 1.000000000 -0.002821495
1.000000000 -0.000077820 -0.000195484 0.002639449 0.000077851 1.000000000 0.000155927 -0.001100951 0.000195472 -0.000155942 0.999999940 -0.003343069
0.999999940 -0.000227649 -0.000199659 0.003707631 0.000227672 0.999999940 0.000112523 -0.000822466 0.000199633 -0.000112569 1.000000000 -0.003665842
0.999999940 -0.000169529 -0.000206630 0.002970350 0.000169554 1.000000000 0.000119007 -0.000606889 0.000206610 -0.000119042 1.000000000 -0.003314468
0.999999940 -0.000203351 -0.000165532 0.002729084 0.000203371 1.000000000 0.000118897 -0.000722526 0.000165508 -0.000118931 1.000000000 -0.005140772
1.000000000 -0.000084162 -0.000144854 0.002902476 0.000084172 1.000000000 0.000068244 -0.001179821 0.000144849 -0.000068256 1.000000000 -0.003349151
1.000000000 -0.000133872 -0.000149156 0.002637470 0.000133884 1.000000000 0.000082998 -0.000615830 0.000149145 -0.000083018 1.000000000 -0.001628745
0.999999940 -0.000208695 -0.000160181 0.002246748 0.000208719 0.999999940 0.000150915 -0.001708693 0.000160150 -0.000150948 1.000000000 -0.005269564
0.999999940 -0.000219963 -0.000229854 0.003291775 0.000219984 1.000000000 0.000089426 0.000198267 0.000229834 -0.000089476 0.999999940 -0.002608494
0.999999940 -0.000204580 -0.000200077 0.003792497 0.000204608 0.999999940 0.000140304 0.000049183 0.000200048 -0.000140345 0.999999940 -0.004472566
1.000000000 -0.000157575 -0.000111098 0.001023541 0.000157586 1.000000000 0.000099622 -0.000270303 0.000111082 -0.000099640 1.000000000 -0.003228159
0.999999940 -0.000166388 -0.000184819 0.002463755 0.000166415 1.000000000 0.000143563 -0.000820619 0.000184795 -0.000143594 1.000000000 -0.004859312
0.999999940 -0.000160923 -0.000207503 0.004900420 0.000160939 1.000000000 0.000077607 -0.001833605 0.000207491 -0.000077640 1.000000000 -0.001561017
1.000000000 -0.000216375 -0.000009098 0.000886178 0.000216370 0.999999821 -0.000536721 -0.002516953 0.000009214 0.000536719 0.999999881 0.050285622
1.000000000 -0.000037390 -0.000162732 0.003480002 0.000037208 0.999999404 -0.001117280 -0.004100421 0.000162773 0.001117274 0.999999344 0.141387597
1.000000000 -0.000128375 -0.000074883 0.004040292 0.000128265 0.999998927 -0.001470212 -0.007871043 0.000075072 0.001470203 0.999998927 0.258840084
1.000000000 -0.000072647 -0.000029878 0.005999651 0.000072606 0.999999046 -0.001385116 -0.010880036 0.000029979 0.001385114 0.999999046 0.392996013
1.000000000 -0.000037097 -0.000132139 0.010211365 0.000036944 0.999999344 -0.001155855 -0.018636016 0.000132182 0.001155850 0.999999344 0.529419422
1.000000000 0.000047868 -0.000057201 0.012202190 -0.000047932 0.999999344 -0.001119236 -0.020917013 0.000057147 0.001119239 0.999999344 0.686509907
1.000000000 -0.000004846 0.000090694 0.015883988 0.000004929 0.999999583 -0.000921721 -0.024293937 -0.000090690 0.000921722 0.999999583 0.846789002
0.999999940 0.000320991 0.000217397 0.011368246 -0.000320823 0.999999642 -0.000773977 -0.026053406 -0.000217645 0.000773907 0.999999702 1.027068257
1.000000000 0.000070527 -0.000185681 0.025884621 -0.000070635 0.999999821 -0.000582846 -0.037307102 0.000185640 0.000582859 0.999999821 1.188145876
1.000000000 0.000016119 -0.000016653 0.027710998 -0.000016123 0.999999940 -0.000287900 -0.040704686 0.000016648 0.000287900 0.999999940 1.366307735
0.999999881 0.000179210 -0.000504658 0.037321776 -0.000179191 1.000000000 0.000036895 -0.065834284 0.000504664 -0.000036804 0.999999881 1.572299004
1.000000000 0.000158705 -0.000190808 0.037309323 -0.000158689 1.000000000 0.000082381 -0.069706433 0.000190822 -0.000082350 1.000000000 1.768095136
0.999999821 -0.000177347 -0.000495277 0.047476314 0.000177589 0.999999881 0.000489190 -0.077390298 0.000495190 -0.000489278 0.999999821 1.971214414
1.000000000 0.000129996 -0.000237707 0.045114636 -0.000129872 0.999999881 0.000520197 -0.083795555 0.000237775 -0.000520166 0.999999881 2.185576916
0.999999821 0.000550005 -0.000310333 0.049639069 -0.000549839 0.999999642 0.000535975 -0.092075072 0.000310628 -0.000535804 0.999999762 2.381238699
0.999999881 0.000477072 -0.000283990 0.055178870 -0.000476945 0.999999821 0.000447898 -0.098285623 0.000284204 -0.000447762 0.999999881 2.602755785
0.999999881 0.000401609 -0.000226816 0.060552485 -0.000401506 0.999999821 0.000457264 -0.104740262 0.000227000 -0.000457173 0.999999881 2.838095188
0.999999881 0.000434807 -0.000251172 0.065582879 -0.000434672 0.999999762 0.000535907 -0.110332593 0.000251405 -0.000535797 0.999999821 3.064567566
1.000000000 0.000324830 -0.000143734 0.067679651 -0.000324748 0.999999821 0.000568619 -0.116608098 0.000143919 -0.000568572 0.999999881 3.312289715
1.000000000 -0.000016091 -0.000157126 0.078273952 0.000016236 0.999999583 0.000922764 -0.131243601 0.000157111 -0.000922767 0.999999523 3.548632383
0.999999940 0.000102848 -0.000231204 0.084213883 -0.000102577 0.999999285 0.001170039 -0.138892964 0.000231324 -0.001170016 0.999999285 3.797147989
1.000000000 0.000124875 0.000059809 0.084874943 -0.000124944 0.999999285 0.001155781 -0.146285668 -0.000059665 -0.001155789 0.999999344 4.065660000
0.999999881 0.000421038 0.000195044 0.083474688 -0.000421336 0.999998689 0.001528048 -0.153164819 -0.000194400 -0.001528130 0.999998808 4.319305420
1.000000119 -0.000084916 -0.000123395 0.092468210 0.000085110 0.999998808 0.001572792 -0.161953226 0.000123262 -0.001572802 0.999998748 4.576016903
1.000000000 0.000030329 0.000189631 0.094392814 -0.000030678 0.999998331 0.001837868 -0.170154616 -0.000189575 -0.001837874 0.999998271 4.831665993
1.000000000 0.000099940 0.000021877 0.101878688 -0.000099985 0.999997795 0.002078269 -0.179846361 -0.000021669 -0.002078271 0.999997795 5.094325066
1.000000000 0.000089721 0.000035579 0.105580755 -0.000089790 0.999998033 0.001957797 -0.187735856 -0.000035403 -0.001957800 0.999998093 5.351254463
1.000000000 0.000072282 -0.000089711 0.112816542 -0.000072105 0.999998033 0.001967304 -0.197041437 0.000089853 -0.001967297 0.999998093 5.617320538
1.000000000 0.000191763 -0.000248315 0.116703160 -0.000191245 0.999997854 0.002084883 -0.202452362 0.000248715 -0.002084835 0.999997795 5.896409035
1.000000000 0.000086550 -0.000055378 0.119318992 -0.000086436 0.999997914 0.002047842 -0.214958146 0.000055555 -0.002047837 0.999997914 6.176762104
1.000000000 0.000281716 0.000124201 0.125334233 -0.000282007 0.999997258 0.002348935 -0.224761426 -0.000123539 -0.002348970 0.999997199 6.452177525
0.999999702 0.000620800 0.000272767 0.130762145 -0.000621446 0.999996960 0.002375894 -0.242611825 -0.000271291 -0.002376063 0.999997139 6.698079586
0.999999762 0.000666854 0.000088463 0.140488908 -0.000667070 0.999996781 0.002458429 -0.252230048 -0.000086823 -0.002458488 0.999996960 6.994122028
0.999999940 0.000429165 -0.000001936 0.149498761 -0.000429158 0.999996543 0.002571067 -0.265496910 0.000003040 -0.002571066 0.999996662 7.281648636
0.999999344 0.001011021 0.000422918 0.149963528 -0.001012106 0.999996185 0.002573401 -0.272699654 -0.000420314 -0.002573827 0.999996603 7.608960629
0.999999285 0.000973488 0.000622882 0.155047074 -0.000975307 0.999995232 0.002925935 -0.291408807 -0.000620031 -0.002926541 0.999995470 7.931290627
0.999999046 0.001142054 0.000791234 0.160535917 -0.001144507 0.999994516 0.003105944 -0.300687134 -0.000787682 -0.003106847 0.999994874 8.219914436
0.999999523 0.000747401 0.000692101 0.176854134 -0.000749621 0.999994516 0.003212885 -0.312358379 -0.000689696 -0.003213401 0.999994636 8.535725594
0.999998987 0.001120884 0.000839028 0.178588420 -0.001123549 0.999994278 0.003182056 -0.315671295 -0.000835457 -0.003182996 0.999994576 8.875082970
0.999998331 0.001483874 0.001057235 0.183930665 -0.001487277 0.999993682 0.003225483 -0.326712638 -0.001052442 -0.003227050 0.999994278 9.210385323
0.999998927 0.001232094 0.000761238 0.185979113 -0.001234570 0.999993920 0.003260274 -0.348696768 -0.000757217 -0.003261211 0.999994397 9.548616409
0.999998510 0.001568960 0.000714894 0.199434906 -0.001571380 0.999992967 0.003396439 -0.359617829 -0.000709560 -0.003397557 0.999993980 9.888165474
0.999999225 0.001049480 0.000691211 0.200571463 -0.001051768 0.999993980 0.003318185 -0.368758321 -0.000687725 -0.003318910 0.999994278 10.258840561
0.999999046 0.001053033 0.000828538 0.212928802 -0.001056041 0.999992788 0.003638612 -0.378683925 -0.000824701 -0.003639483 0.999993026 10.627009392
0.999999464 0.000850689 0.000461518 0.223152399 -0.000852376 0.999992847 0.003667920 -0.391175061 -0.000458394 -0.003668311 0.999993145 10.952649117
0.999999523 0.000799191 0.000538271 0.233625546 -0.000801200 0.999992669 0.003742517 -0.402618051 -0.000535276 -0.003742947 0.999992847 11.325677872
0.999998868 0.001240488 0.000768025 0.238934457 -0.001243468 0.999991596 0.003891685 -0.411507010 -0.000763191 -0.003892636 0.999992132 11.719480515
0.999998808 0.001309422 0.000762616 0.247586623 -0.001312576 0.999990463 0.004150986 -0.425916553 -0.000757173 -0.004151983 0.999991059 12.084569931
0.999998510 0.001336704 0.001100287 0.252654225 -0.001341347 0.999990165 0.004229950 -0.442579091 -0.001094622 -0.004231419 0.999990463 12.470344543
0.999998569 0.001336000 0.001025491 0.260514140 -0.001340346 0.999990106 0.004248666 -0.453312635 -0.001019805 -0.004250034 0.999990463 12.870820045
0.999999464 0.000755218 0.000645596 0.279858083 -0.000758064 0.999989986 0.004419379 -0.472128689 -0.000642252 -0.004419866 0.999990046 13.246514320
0.999998212 0.001381119 0.001323509 0.279410809 -0.001387158 0.999988616 0.004573289 -0.474944830 -0.001317178 -0.004575117 0.999988735 13.687311172
0.999999583 0.000384877 0.000833542 0.297128588 -0.000388924 0.999988139 0.004860058 -0.498484433 -0.000831662 -0.004860380 0.999987841 14.011038780
0.999999523 0.000168563 0.000909931 0.305246651 -0.000172761 0.999989331 0.004614937 -0.507886827 -0.000909143 -0.004615092 0.999988973 14.439671516
0.999999404 0.000029130 0.001129478 0.321237504 -0.000034581 0.999988377 0.004826938 -0.523189127 -0.001129325 -0.004826974 0.999987781 14.856362343
0.999999285 -0.000025987 0.001201795 0.328155309 0.000019767 0.999986589 0.005174616 -0.539134026 -0.001201914 -0.005174589 0.999985874 15.247677803
0.999998689 0.000067835 0.001630171 0.338705927 -0.000076542 0.999985754 0.005341273 -0.547246933 -0.001629786 -0.005341390 0.999984384 15.689771652
0.999998212 0.000496778 0.001825600 0.346535772 -0.000506775 0.999984860 0.005480232 -0.565155089 -0.001822850 -0.005481148 0.999983311 16.111730576
0.999998212 -0.000350495 0.001868216 0.358130395 0.000340156 0.999984622 0.005531752 -0.579615176 -0.001870126 -0.005531107 0.999982893 16.553995132
0.999997675 0.000556036 0.002073704 0.364232630 -0.000567439 0.999984682 0.005502087 -0.590257466 -0.002070612 -0.005503251 0.999982715 16.992700577
0.999997258 0.000251094 0.002345045 0.372821093 -0.000264879 0.999982715 0.005879757 -0.601751685 -0.002343527 -0.005880362 0.999979973 17.463266373
0.999997079 0.000012000 0.002424616 0.390404582 -0.000025768 0.999983788 0.005678559 -0.612630308 -0.002424509 -0.005678604 0.999980986 17.924137115
0.999995172 0.000423792 0.003073489 0.396149725 -0.000440738 0.999984682 0.005515036 -0.620427489 -0.003071105 -0.005516364 0.999980092 18.401496887
0.999996126 -0.000156596 0.002757560 0.401190042 0.000139105 0.999979794 0.006341955 -0.650831282 -0.002758499 -0.006341547 0.999976099 18.780689240
0.999996841 -0.000377513 0.002471513 0.421648532 0.000361334 0.999978483 0.006543384 -0.663007617 -0.002473930 -0.006542471 0.999975562 19.255321503
0.999996006 0.000224785 0.002801116 0.431153297 -0.000243545 0.999977529 0.006698932 -0.674610019 -0.002799547 -0.006699587 0.999973655 19.734674454
0.999995947 0.000255265 0.002825040 0.441808403 -0.000273307 0.999979496 0.006387724 -0.681097925 -0.002823352 -0.006388471 0.999975622 20.219604492
0.999997318 0.000125174 0.002318009 0.453034878 -0.000140573 0.999978065 0.006644225 -0.704724431 -0.002317127 -0.006644533 0.999975264 20.655946732
0.999998510 -0.000132575 0.001737610 0.462605655 0.000120712 0.999976814 0.006825197 -0.714076400 -0.001738475 -0.006824977 0.999975204 21.162607193
0.999998629 0.000112342 0.001647255 0.458409041 -0.000123079 0.999978781 0.006519610 -0.725913405 -0.001646488 -0.006519804 0.999977350 21.664316177
0.999998868 0.000225012 0.001479204 0.469399869 -0.000234979 0.999977291 0.006741282 -0.734359562 -0.001477653 -0.006741622 0.999976158 22.165916443
0.999999583 -0.000406641 0.000737135 0.486846924 0.000401293 0.999973714 0.007240381 -0.757136524 -0.000740061 -0.007240083 0.999973536 22.612565994
0.999999821 -0.000539196 0.000121826 0.495838463 0.000538257 0.999971151 0.007574684 -0.773915470 -0.000125907 -0.007574617 0.999971330 23.138572693
0.999998987 -0.001473856 -0.000110883 0.502740860 0.001474607 0.999973714 0.007106837 -0.783920109 0.000100406 -0.007106992 0.999974787 23.667667389
0.999999225 -0.000794588 -0.000891073 0.514773905 0.000801174 0.999972165 0.007415410 -0.798116624 0.000885156 -0.007416118 0.999972105 24.142904282
0.999997616 -0.000936900 -0.001961576 0.528963268 0.000951608 0.999971330 0.007510493 -0.806687593 0.001954483 -0.007512342 0.999969840 24.680374146
0.999996781 -0.000526840 -0.002467659 0.535040438 0.000546273 0.999968827 0.007881367 -0.817787528 0.002463429 -0.007882689 0.999965906 25.210620880
0.999995530 -0.000750618 -0.002887226 0.537376702 0.000773476 0.999968290 0.007923934 -0.835735857 0.002881187 -0.007926132 0.999964416 25.705698013
0.999994993 -0.001205431 -0.002935908 0.543000638 0.001231060 0.999960959 0.008743228 -0.848845243 0.002925254 -0.008746798 0.999957502 26.252767563
0.999991119 -0.001273062 -0.003997225 0.564115942 0.001308012 0.999960840 0.008753181 -0.861165881 0.003985926 -0.008758333 0.999953687 26.817447662
0.999990165 -0.000855511 -0.004353954 0.563103318 0.000891672 0.999965191 0.008310061 -0.878213882 0.004346693 -0.008313863 0.999956012 27.297769547
0.999990344 -0.000638161 -0.004351977 0.567126036 0.000674909 0.999964118 0.008447819 -0.888111413 0.004346430 -0.008450676 0.999954879 27.841400146
0.999987721 -0.000661829 -0.004915512 0.580255389 0.000704338 0.999962330 0.008651257 -0.910019934 0.004909601 -0.008654612 0.999950469 28.385938644
0.999985874 -0.000874884 -0.005240882 0.583485484 0.000920311 0.999961972 0.008671595 -0.921153784 0.005233096 -0.008676297 0.999948621 28.886056900
0.999985039 -0.000762473 -0.005416798 0.588568747 0.000809760 0.999961495 0.008732828 -0.933001518 0.005409931 -0.008737084 0.999947190 29.421730042
0.999981940 -0.000636120 -0.005978520 0.601045489 0.000688275 0.999961674 0.008725621 -0.943205655 0.005972741 -0.008729579 0.999943972 29.955270767
0.999981403 -0.000506222 -0.006078037 0.605602264 0.000559234 0.999961793 0.008723381 -0.954480231 0.006073389 -0.008726619 0.999943376 30.499137878
0.999978304 -0.000921475 -0.006515697 0.620982289 0.000977889 0.999962032 0.008660296 -0.969309747 0.006507469 -0.008666481 0.999941230 31.034273148
0.999976337 -0.000757580 -0.006836053 0.636649966 0.000818992 0.999959290 0.008985227 -1.001788259 0.006828966 -0.008990611 0.999936283 31.546770096
0.999974430 -0.000739933 -0.007108627 0.651812434 0.000802639 0.999960721 0.008822360 -1.008631229 0.007101820 -0.008827839 0.999935806 32.084514618
0.999974728 -0.000940998 -0.007045520 0.653231978 0.001004059 0.999959409 0.008952457 -1.016516685 0.007036809 -0.008959303 0.999935150 32.655357361
0.999973357 -0.000581815 -0.007275496 0.666995645 0.000647213 0.999959350 0.008989768 -1.035312653 0.007269969 -0.008994238 0.999933183 33.177951813
0.999967933 -0.001620103 -0.007838428 0.651234388 0.001698992 0.999947786 0.010068237 -1.075214863 0.007821707 -0.010081231 0.999918580 33.664756775
0.999964178 -0.002079821 -0.008197590 0.667248011 0.002164606 0.999944150 0.010347483 -1.090652943 0.008175611 -0.010364858 0.999912858 34.197818756
0.999963045 -0.002141779 -0.008326625 0.677904189 0.002227945 0.999943912 0.010352830 -1.096876383 0.008303985 -0.010371000 0.999911726 34.745697021
0.999961913 -0.002328255 -0.008410606 0.686274052 0.002415738 0.999942899 0.010406309 -1.103464007 0.008385898 -0.010426231 0.999910474 35.289836884
0.999971628 -0.000376039 -0.007524825 0.668341875 0.000453304 0.999947131 0.010269022 -1.127432704 0.007520567 -0.010272142 0.999918938 35.755287170
0.999967933 -0.000873192 -0.007957118 0.663395584 0.000953965 0.999948025 0.010152781 -1.136178255 0.007947839 -0.010160047 0.999916792 36.302589417
0.999964476 -0.001221932 -0.008341908 0.672830462 0.001307845 0.999946117 0.010301322 -1.146587133 0.008328872 -0.010311864 0.999912083 36.846923828
0.999966621 -0.001282539 -0.008069573 0.667029023 0.001368791 0.999941885 0.010692068 -1.166461468 0.008055392 -0.010702755 0.999910295 37.352466583
0.999963641 -0.001264572 -0.008420777 0.675119162 0.001354751 0.999941826 0.010712131 -1.181236625 0.008406740 -0.010723150 0.999907136 37.921260834
0.999964237 -0.000601444 -0.008438441 0.694502771 0.000688063 0.999947131 0.010265600 -1.187666893 0.008431820 -0.010271038 0.999911726 38.456306458
0.999956906 -0.001410898 -0.009177715 0.690438032 0.001506889 0.999944210 0.010460624 -1.199166775 0.009162444 -0.010474003 0.999903202 39.010612488
0.999956012 -0.001782923 -0.009211060 0.709449887 0.001891982 0.999928057 0.011844835 -1.275309205 0.009189279 -0.011861741 0.999887407 39.503639221
0.999956608 -0.001926467 -0.009117584 0.712436438 0.002032107 0.999930799 0.011591345 -1.283281446 0.009094623 -0.011609369 0.999891222 40.067337036
0.999956965 -0.001724567 -0.009121466 0.718657970 0.001832383 0.999928415 0.011824949 -1.292047977 0.009100421 -0.011841152 0.999888480 40.617111206
0.999957144 -0.001273320 -0.009166412 0.726597071 0.001380180 0.999931097 0.011660893 -1.299788713 0.009150931 -0.011673045 0.999889970 41.167545319
0.999950826 -0.001870644 -0.009738870 0.744536161 0.001987619 0.999925852 0.012015378 -1.316642523 0.009715672 -0.012034145 0.999880433 41.724407196
0.999947786 -0.002294395 -0.009961817 0.744828820 0.002412883 0.999926329 0.011898491 -1.318696260 0.009933783 -0.011921902 0.999879599 42.270416260
0.999946952 -0.003162254 -0.009803712 0.735642135 0.003290601 0.999908745 0.013103290 -1.360731840 0.009761381 -0.013134855 0.999866068 42.678203583
0.999944448 -0.003273712 -0.010012562 0.739567161 0.003405417 0.999907553 0.013165393 -1.372514844 0.009968536 -0.013198761 0.999863207 43.213554382
0.999947429 -0.002890207 -0.009835145 0.743118525 0.003018871 0.999909759 0.013092435 -1.378876448 0.009796419 -0.013121437 0.999865949 43.747173309
0.999950111 -0.002586479 -0.009640932 0.748302281 0.002709727 0.999914646 0.012792828 -1.388294697 0.009607019 -0.012818317 0.999871671 44.299095154
0.999945641 -0.003186595 -0.009924163 0.770000458 0.003321417 0.999902070 0.013598548 -1.405242443 0.009879857 -0.013630770 0.999858320 44.799430847
0.999942362 -0.003227175 -0.010228517 0.781318486 0.003368094 0.999899328 0.013789857 -1.428100348 0.010182983 -0.013823513 0.999852598 45.310543060
0.999941409 -0.003401987 -0.010274955 0.757408977 0.003540316 0.999902964 0.013474794 -1.418374300 0.010228118 -0.013510382 0.999856412 45.952091217
0.999941230 -0.002966943 -0.010430074 0.777241588 0.003111864 0.999898493 0.013905861 -1.447899103 0.010387756 -0.013937499 0.999848843 46.379318237
0.999943376 -0.002622707 -0.010315915 0.781400323 0.002765266 0.999900579 0.013829474 -1.454304695 0.010278618 -0.013857216 0.999851167 46.925312042
0.999942482 -0.003124775 -0.010258412 0.782867670 0.003269060 0.999895573 0.014078549 -1.466691971 0.010213351 -0.014111276 0.999848187 47.432937622
0.999939919 -0.003427791 -0.010411175 0.796153903 0.003573862 0.999894977 0.014044150 -1.477304220 0.010361942 -0.014080514 0.999847174 47.975147247
0.999938488 -0.003242301 -0.010609199 0.798987806 0.003390006 0.999897182 0.013934149 -1.488254547 0.010562929 -0.013969257 0.999846637 48.484142303
0.999950588 -0.002122629 -0.009714345 0.795000017 0.002253838 0.999906123 0.013515853 -1.484755158 0.009684742 -0.013537080 0.999861479 49.066963196
0.999937296 -0.003136249 -0.010748046 0.806134045 0.003287733 0.999895096 0.014105490 -1.506653428 0.010702682 -0.014139941 0.999842763 49.525180817
0.999942005 -0.002709647 -0.010415092 0.804614007 0.002855830 0.999897301 0.014046662 -1.510344982 0.010375962 -0.014075592 0.999847114 50.079387665
0.999937296 -0.003350242 -0.010684874 0.811851203 0.003504952 0.999888837 0.014493682 -1.523894310 0.010635130 -0.014530225 0.999837816 50.564964294
0.999939680 -0.003051123 -0.010552373 0.816632152 0.003201267 0.999893546 0.014240994 -1.532282352 0.010507798 -0.014273915 0.999842882 51.118530273
0.999938726 -0.002948510 -0.010663910 0.819210827 0.003100344 0.999893785 0.014249783 -1.539432883 0.010620762 -0.014281974 0.999841571 51.615856171
0.999931455 -0.003253853 -0.011240713 0.827995658 0.003412908 0.999893963 0.014159800 -1.547552347 0.011193447 -0.014197195 0.999836504 52.158172607
0.999939382 -0.003060653 -0.010578481 0.827151656 0.003210088 0.999894857 0.014138272 -1.558035970 0.010534097 -0.014171371 0.999844074 52.683635712
0.999940574 -0.002895807 -0.010512039 0.831592619 0.003046241 0.999892771 0.014322964 -1.568865657 0.010469438 -0.014354133 0.999842167 53.218002319
0.999937654 -0.003127686 -0.010718693 0.844198048 0.003281667 0.999891222 0.014378297 -1.585146189 0.010672558 -0.014412576 0.999839127 53.764888763
0.999939382 -0.003094770 -0.010566267 0.841514468 0.003247036 0.999890625 0.014423917 -1.581949234 0.010520473 -0.014457354 0.999840081 54.238040924
0.999933779 -0.003237630 -0.011043881 0.871357441 0.003386247 0.999903619 0.013464937 -1.553897381 0.010999222 -0.013501443 0.999848306 54.932914734
0.999941766 -0.003100363 -0.010329488 0.844389260 0.003256910 0.999879479 0.015173083 -1.603600502 0.010281201 -0.015205843 0.999831557 55.337024689
0.999946296 -0.002627502 -0.010028614 0.841417193 0.002779085 0.999881625 0.015131133 -1.611462951 0.009987670 -0.015158190 0.999835193 55.900527954
0.999955535 -0.001854902 -0.009247575 0.825596392 0.001997100 0.999879599 0.015391349 -1.627900839 0.009217912 -0.015409132 0.999838769 56.451641083
0.999940991 -0.003149308 -0.010399285 0.855629921 0.003300817 0.999888182 0.014584255 -1.640470266 0.010352193 -0.014617722 0.999839544 56.875011444
0.999932408 -0.003338942 -0.011139628 0.867808402 0.003505731 0.999881506 0.014986757 -1.650921345 0.011088268 -0.015024795 0.999825656 57.412338257
0.999941587 -0.002951651 -0.010398325 0.862107992 0.003102681 0.999889493 0.014538359 -1.652994275 0.010354264 -0.014569772 0.999840260 57.929397583
0.999944746 -0.002866320 -0.010110814 0.859306931 0.003014882 0.999887228 0.014708790 -1.666419148 0.010067514 -0.014738461 0.999840736 58.450912476
0.999939620 -0.003489872 -0.010418364 0.867168665 0.003646095 0.999880672 0.015013805 -1.665102243 0.010364723 -0.015050885 0.999833047 59.030441284
0.999937773 -0.003440447 -0.010613806 0.882004142 0.003595555 0.999886572 0.014629508 -1.674768209 0.010562268 -0.014666759 0.999836683 59.560997009
0.999931276 -0.003547685 -0.011172975 0.883982182 0.003707482 0.999890625 0.014314096 -1.675188303 0.011120973 -0.014354536 0.999835134 60.164764404
0.999943674 -0.002843226 -0.010222250 0.885966063 0.003001195 0.999875784 0.015471433 -1.722587228 0.010176993 -0.015501240 0.999827981 60.551536560
0.999942839 -0.002811491 -0.010313364 0.899401188 0.002968272 0.999879837 0.015218066 -1.732160091 0.010269338 -0.015247811 0.999830961 61.080425262
0.999944210 -0.002854792 -0.010164073 0.888921261 0.003016053 0.999869227 0.015885968 -1.743426085 0.010117391 -0.015915738 0.999822080 61.643302917
0.999940872 -0.002804829 -0.010511912 0.900401592 0.002973302 0.999866784 0.016045667 -1.755321622 0.010465506 -0.016075971 0.999815941 62.185195923
0.999947429 -0.002127138 -0.010039285 0.883541107 0.002286467 0.999871194 0.015885813 -1.784419537 0.010004200 -0.015907930 0.999823391 62.761699677
0.999941349 -0.003366845 -0.010298521 0.884556055 0.003534200 0.999861181 0.016275607 -1.797846913 0.010242295 -0.016311049 0.999814451 63.263919830
0.999943316 -0.002877097 -0.010251794 0.898310363 0.003039982 0.999868810 0.015908444 -1.796875954 0.010204678 -0.015938710 0.999820828 63.726478577
0.999938726 -0.003543830 -0.010493007 0.914633691 0.003709114 0.999868691 0.015774501 -1.800285339 0.010435728 -0.015812455 0.999820471 64.272216797
0.999933839 -0.003756764 -0.010881009 0.917476475 0.003927939 0.999868155 0.015753049 -1.803546429 0.010820393 -0.015794748 0.999816597 64.830818176
0.999929368 -0.004234012 -0.011106553 0.927394390 0.004410072 0.999864280 0.015875615 -1.812127113 0.011037828 -0.015923472 0.999812305 65.382606506
0.999945819 -0.002975008 -0.009968386 0.885140777 0.003136830 0.999862909 0.016257461 -1.833865523 0.009918653 -0.016287854 0.999818206 65.858657837
0.999942958 -0.003207023 -0.010185805 0.915493786 0.003367750 0.999869466 0.015801739 -1.839156747 0.010133798 -0.015835140 0.999823272 66.369064331
0.999955237 -0.001143772 -0.009394549 0.894690514 0.001299687 0.999861240 0.016607052 -1.873315811 0.009374251 -0.016618518 0.999817967 66.869781494
0.999949276 -0.002070927 -0.009855928 0.908217728 0.002235399 0.999857962 0.016705932 -1.876927137 0.009819932 -0.016727116 0.999811888 67.413085938
0.999948204 -0.002047750 -0.009973827 0.918392003 0.002215686 0.999855459 0.016855832 -1.894003630 0.009937867 -0.016877061 0.999808192 67.948982239
0.999949694 -0.001870477 -0.009849835 0.923906744 0.002036115 0.999856293 0.016833248 -1.893613577 0.009816932 -0.016852457 0.999809802 68.480812073
0.999953151 -0.001752932 -0.009516122 0.918908179 0.001907425 0.999866068 0.016250158 -1.893161893 0.009486363 -0.016267547 0.999822676 68.990425110
0.999959171 -0.000591117 -0.009033224 0.902144313 0.000748038 0.999848723 0.017378028 -1.939422369 0.009021584 -0.017384075 0.999808192 69.463050842
0.999958396 -0.000404466 -0.009117296 0.909003437 0.000562219 0.999850094 0.017306706 -1.944185257 0.009108929 -0.017311111 0.999808669 70.007255554
0.999958694 0.000115993 -0.009093885 0.913432837 0.000037533 0.999857485 0.016880330 -1.948086262 0.009094549 -0.016879974 0.999816179 70.569465637
0.999956191 -0.000537763 -0.009354951 0.928220034 0.000696129 0.999856412 0.016933585 -1.965589762 0.009344502 -0.016939353 0.999812841 71.061904907
0.999960780 0.000288859 -0.008849200 0.917344630 -0.000133696 0.999846339 0.017529789 -1.971498966 0.008852904 -0.017527921 0.999807179 71.605659485
0.999961019 -0.000140356 -0.008831359 0.926859260 0.000295783 0.999845028 0.017600624 -1.979263067 0.008827521 -0.017602550 0.999806106 72.157096863
0.999960303 -0.000209082 -0.008910248 0.928636909 0.000364639 0.999847472 0.017460169 -1.984510660 0.008905239 -0.017462727 0.999807775 72.680786133
0.999960482 -0.000521949 -0.008875223 0.922938645 0.000675846 0.999849319 0.017345916 -1.996897340 0.008864832 -0.017351225 0.999810159 73.247261047
0.999956787 -0.001129084 -0.009233885 0.947360873 0.001284201 0.999857843 0.016810104 -1.996156096 0.009213592 -0.016821235 0.999816000 73.744636536
0.999956667 -0.001208689 -0.009232334 0.945178151 0.001364522 0.999856412 0.016891418 -2.001011133 0.009210591 -0.016903287 0.999814689 74.298042297
0.999958456 -0.000801723 -0.009083282 0.951627970 0.000949350 0.999867260 0.016259974 -2.002833843 0.009069041 -0.016267918 0.999826491 74.857749939
0.999961555 -0.001063898 -0.008709628 0.929447532 0.001211328 0.999855757 0.016939482 -2.027252197 0.008690350 -0.016949376 0.999818683 75.347671509
0.999962628 0.000146595 -0.008644666 0.930921435 0.000008777 0.999838531 0.017970361 -2.049347162 0.008645907 -0.017969765 0.999801159 75.823768616
0.999961197 0.000047661 -0.008808241 0.939056993 0.000109256 0.999841273 0.017813422 -2.053041935 0.008807693 -0.017813692 0.999802589 76.378677368
0.999963105 -0.000110059 -0.008581981 0.940294206 0.000261899 0.999843419 0.017693743 -2.056574345 0.008578689 -0.017695341 0.999806643 76.904655457
0.999962747 -0.000240950 -0.008621907 0.946757555 0.000393387 0.999843538 0.017682910 -2.067394257 0.008616298 -0.017685639 0.999806464 77.428970337
0.999964952 0.000040671 -0.008372862 0.950176775 0.000108197 0.999841928 0.017778585 -2.077912807 0.008372260 -0.017778866 0.999806881 77.962059021
0.999964476 -0.000689447 -0.008414941 0.966134489 0.000837015 0.999845743 0.017545614 -2.077041149 0.008401547 -0.017552027 0.999810636 78.496047974
0.999974489 -0.000546084 -0.007118364 0.970937908 0.000668916 0.999850750 0.017264677 -2.079674721 0.007107873 -0.017268997 0.999825537 79.042869568
0.999983072 -0.000594607 -0.005790356 0.982337117 0.000694208 0.999851584 0.017214235 -2.086860180 0.005779260 -0.017217964 0.999835014 79.575172424
0.999988854 -0.001007114 -0.004607895 0.996654868 0.001085525 0.999854147 0.017045846 -2.088445425 0.004590055 -0.017050657 0.999844074 80.115150452
0.999998987 -0.000742917 -0.001190418 1.011873603 0.000763402 0.999850035 0.017301489 -2.096664190 0.001177385 -0.017302383 0.999849617 80.659385681
0.999996364 -0.001312666 0.002369985 1.037996292 0.001271124 0.999846995 0.017445559 -2.107588291 -0.002392523 -0.017442482 0.999844968 81.190788269
0.999984145 -0.001625302 0.005395575 1.055388451 0.001532478 0.999851465 0.017163534 -2.107458115 -0.005422671 -0.017154993 0.999838114 81.741188049
0.999951065 -0.001630484 0.009760059 1.112192035 0.001464960 0.999855459 0.016942488 -2.086721420 -0.009786271 -0.016927360 0.999808788 82.339096069
0.999870539 -0.001365694 0.016032768 1.107316494 0.001092047 0.999853730 0.017064331 -2.114682436 -0.016053727 -0.017044613 0.999725938 82.853378296
0.999760926 -0.001298450 0.021832051 1.136152506 0.000924110 0.999852479 0.017147690 -2.121073723 -0.021851100 -0.017123410 0.999614596 83.404319763
0.999621928 -0.001842369 0.027433161 1.162943721 0.001368789 0.999849856 0.017271809 -2.129060268 -0.027460864 -0.017227724 0.999474406 83.927383423
0.999371529 -0.001141134 0.035429101 1.203478336 0.000528663 0.999850333 0.017291792 -2.128882408 -0.035443537 -0.017262191 0.999222577 84.512542725
0.999077320 -0.002648580 0.042866461 1.250417471 0.001925718 0.999855399 0.016895620 -2.135623932 -0.042905014 -0.016797483 0.998937964 85.031227112
0.998775244 -0.003184320 0.049373135 1.296836853 0.002354444 0.999855161 0.016857302 -2.138679028 -0.049419656 -0.016720407 0.998638153 85.573638916
0.998298645 -0.003420532 0.058206040 1.345105171 0.002448220 0.999856412 0.016767776 -2.143461704 -0.058255043 -0.016596748 0.998163760 86.115234375
0.997680724 -0.003989353 0.067950718 1.412101269 0.002849359 0.999853730 0.016865436 -2.153935432 -0.068008080 -0.016632706 0.997546077 86.650978088
0.997054756 -0.004142903 0.076580696 1.473577023 0.002862212 0.999854326 0.016825611 -2.158648491 -0.076639250 -0.016556870 0.996921420 87.193954468
0.996405482 -0.003962939 0.084620379 1.535995483 0.002563498 0.999858141 0.016640129 -2.167405605 -0.084674358 -0.016363392 0.996274292 87.729766846
0.995440304 -0.003769067 0.095312051 1.606244087 0.002171902 0.999855518 0.016855411 -2.171870232 -0.095361814 -0.016571548 0.995304763 88.268791199
0.994408965 -0.004729494 0.105490677 1.701313496 0.002970255 0.999853909 0.016827600 -2.185942173 -0.105554871 -0.016420182 0.994277894 88.805091858
0.993419945 -0.005115444 0.114414364 1.790587425 0.003213363 0.999853671 0.016802756 -2.192566633 -0.114483580 -0.016324537 0.993290961 89.361885071
0.992055416 -0.004980765 0.125703648 1.878132820 0.002885802 0.999853969 0.016842498 -2.196323395 -0.125769183 -0.016345935 0.991924822 89.905067444
0.990439951 -0.004716691 0.137864083 1.972876549 0.002398033 0.999852896 0.016979694 -2.202853680 -0.137923926 -0.016486762 0.990305603 90.448013306
0.988985956 -0.006754152 0.147854641 2.084914207 0.004263058 0.999843657 0.017158689 -2.212347507 -0.147947416 -0.016339391 0.988860250 90.956527710
0.987274587 -0.005529720 0.158928782 2.197569847 0.002873451 0.999852300 0.016938530 -2.217914343 -0.158998966 -0.016266303 0.987144709 91.553405762
0.985171497 -0.006240265 0.171459109 2.321704865 0.003367216 0.999849081 0.017042195 -2.224808931 -0.171539560 -0.016212139 0.985043705 92.080558777
0.982837737 -0.005649147 0.184385747 2.434167862 0.002498589 0.999846995 0.017314645 -2.231432199 -0.184455365 -0.016556785 0.982701421 92.640686035
0.980902791 -0.006180619 0.194399968 2.560951233 0.002926354 0.999850810 0.017022781 -2.232656479 -0.194476157 -0.016128810 0.980774581 93.173820496
0.978256047 -0.006949492 0.207284302 2.700439453 0.003443101 0.999844849 0.017271839 -2.240566254 -0.207372174 -0.016182575 0.978128254 93.694465637
0.975244522 -0.006764716 0.221025586 2.845664978 0.003006254 0.999845207 0.017336614 -2.248444557 -0.221108675 -0.016242979 0.975113928 94.241394043
0.972616613 -0.006910196 0.232312754 2.991531372 0.002914132 0.999841869 0.017540017 -2.256492615 -0.232397258 -0.016382720 0.972482979 94.756790161
0.969653666 -0.007131376 0.244378403 3.158729553 0.002986413 0.999845326 0.017327577 -2.262796640 -0.244464204 -0.016071932 0.969525099 95.300979614
0.966191053 -0.008155084 0.257698059 3.333280563 0.003717348 0.999836266 0.017703207 -2.277213573 -0.257800251 -0.016146725 0.966063321 95.790336609
0.962690890 -0.007753860 0.270492315 3.503278732 0.003136801 0.999841988 0.017497223 -2.271098614 -0.270585269 -0.015995942 0.962563097 96.383079529
0.959366739 -0.007304467 0.282067686 3.672725677 0.002309547 0.999834597 0.018036652 -2.281589031 -0.282152832 -0.016652314 0.959224939 96.894699097
0.955213249 -0.008075018 0.295808166 3.867874146 0.002923802 0.999836326 0.017852256 -2.281927586 -0.295903921 -0.016187826 0.955080509 97.450965881
0.950884998 -0.008494657 0.309427857 4.067388535 0.003108648 0.999835014 0.017895253 -2.290498257 -0.309528828 -0.016054422 0.950754523 97.955039978
0.947178423 -0.009342740 0.320570946 4.267570496 0.003775970 0.999831200 0.017982438 -2.294114590 -0.320684820 -0.015822113 0.947053790 98.470947266
0.942789197 -0.009542806 0.333252668 4.478349686 0.003822458 0.999833941 0.017816657 -2.299163580 -0.333367288 -0.015523510 0.942669153 98.983749390
0.937686920 -0.009785819 0.347343445 4.691459656 0.003846052 0.999834538 0.017785875 -2.303826809 -0.347459942 -0.015341681 0.937569261 99.493736267
0.933039308 -0.010238897 0.359628767 4.911226273 0.003972161 0.999827325 0.018160239 -2.310409069 -0.359752625 -0.015515714 0.932918727 100.002410889
0.928885043 -0.010787088 0.370211095 5.133703232 0.004394630 0.999826431 0.018106183 -2.312878609 -0.370342135 -0.015191622 0.928771198 100.507369995
0.923344374 -0.010685146 0.383824140 5.361455917 0.003969747 0.999824941 0.018283982 -2.315185547 -0.383952260 -0.015358725 0.923225164 101.009864807
0.917762160 -0.011223065 0.396971822 5.597274780 0.004298578 0.999822795 0.018328764 -2.317979813 -0.397107214 -0.015115032 0.917647719 101.505294800
0.912791371 -0.011709868 0.408258170 5.845329285 0.004692962 0.999823570 0.018184837 -2.325086355 -0.408399075 -0.014683022 0.912685394 101.994560242
0.906437457 -0.011735337 0.422176987 6.098476410 0.004370530 0.999821007 0.018408449 -2.327129126 -0.422317445 -0.014840971 0.906326473 102.492935181
0.899812341 -0.011819094 0.436116934 6.366683960 0.004274514 0.999823809 0.018276637 -2.333129406 -0.436256140 -0.014581354 0.899704397 102.975677490
0.893838525 -0.012391217 0.448217779 6.630126953 0.004690270 0.999821782 0.018287238 -2.337674379 -0.448364496 -0.014243576 0.893737316 103.448196411
0.888358057 -0.012733954 0.458974808 6.896217346 0.004856763 0.999820054 0.018338958 -2.339929581 -0.459125668 -0.014062426 0.888260007 103.917884827
0.881208122 -0.013184967 0.472544581 7.179695129 0.005171143 0.999819994 0.018253813 -2.343741894 -0.472700208 -0.013641812 0.881117702 104.400009155
