1.000000000 0.000000000 0.000000000 0.000000000 0.000000000 1.000000000 0.000000000 0.000000000 0.000000000 0.000000000 1.000000000 0.000000000
1.000000000 -0.000166633 0.000001278 0.000070298 0.000166633 1.000000000 -0.000049636 0.000582970 -0.000001269 0.000049636 1.000000000 0.000483324
1.000000000 -0.000091634 0.000008237 -0.000112483 0.000091635 1.000000000 -0.000033020 0.000318228 -0.000008234 0.000033021 1.000000000 0.000046805
1.000000000 -0.000120021 0.000077196 0.000040720 0.000120029 1.000000000 -0.000103900 0.000994748 -0.000077184 0.000103909 1.000000000 0.000787275
1.000000000 -0.000137251 -0.000013075 0.000812822 0.000137250 1.000000000 -0.000055747 0.001259636 0.000013082 0.000055745 1.000000000 0.000813053
1.000000000 0.000019219 0.000076404 -0.001253724 -0.000019219 1.000000000 -0.000000770 0.000031803 -0.000076404 0.000000769 1.000000000 -0.000727183
1.000000000 -0.000003432 0.000038325 -0.000935492 0.000003438 1.000000000 -0.000165147 0.000518676 -0.000038325 0.000165147 1.000000000 -0.000529145
1.000000000 0.000080313 0.000112046 -0.001246514 -0.000080312 1.000000000 -0.000007999 -0.000395460 -0.000112047 0.000007990 1.000000000 -0.000201054
1.000000000 0.000176770 0.000093344 -0.001885837 -0.000176773 1.000000000 0.000025108 -0.000497915 -0.000093339 -0.000025125 1.000000000 -0.000424577
1.000000000 0.000042702 0.000121952 -0.001154926 -0.000042684 1.000000000 -0.000149679 0.001117742 -0.000121958 0.000149674 1.000000000 0.000690836
1.000000000 0.000190599 0.000049042 -0.001142085 -0.000190593 1.000000000 -0.000122103 0.000622570 -0.000049065 0.000122094 1.000000000 -0.000608412
1.000000000 0.000039221 0.000083520 -0.000984278 -0.000039218 1.000000000 -0.000039718 0.000796490 -0.000083521 0.000039715 1.000000000 0.000264089
1.000000000 0.000186627 0.000103212 -0.000914030 -0.000186608 0.999999940 -0.000191725 0.002129009 -0.000103248 0.000191706 1.000000000 0.001600024
1.000000000 0.000111846 0.000057929 -0.000681849 -0.000111841 1.000000000 -0.000095014 0.000909272 -0.000057939 0.000095008 1.000000000 -0.000198332
0.999999940 0.000148616 0.000203364 -0.002036877 -0.000148577 1.000000000 -0.000191971 0.002261537 -0.000203393 0.000191940 0.999999940 0.002007401
0.999999940 0.000354988 0.000182455 -0.002741674 -0.000354955 0.999999940 -0.000181890 0.002304917 -0.000182519 0.000181825 0.999999940 0.002309510
0.999999940 0.000300779 0.000236531 -0.002586797 -0.000300743 0.999999940 -0.000150507 0.002942998 -0.000236577 0.000150436 0.999999940 0.003494294
1.000000000 0.000145614 0.000189090 -0.001546437 -0.000145592 1.000000000 -0.000114252 0.001500249 -0.000189107 0.000114225 1.000000000 0.002388505
0.999999940 0.000136116 0.000213918 -0.002173751 -0.000136115 1.000000000 -0.000007038 0.001186277 -0.000213918 0.000007009 1.000000000 0.001800935
0.999999940 0.000203450 0.000157861 -0.002006313 -0.000203447 1.000000000 -0.000024189 0.001774326 -0.000157866 0.000024156 1.000000000 0.001851507
0.999999940 0.000201399 0.000145601 -0.001745024 -0.000201391 1.000000000 -0.000054643 0.001493559 -0.000145612 0.000054613 1.000000000 0.002022820
1.000000000 0.000175436 0.000089201 -0.001902660 -0.000175430 1.000000000 -0.000069343 0.001513160 -0.000089213 0.000069328 1.000000000 0.001868776
0.999999940 0.000350083 0.000211311 -0.002793303 -0.000350059 0.999999940 -0.000117718 0.002176253 -0.000211352 0.000117644 1.000000000 0.002438137
0.999999940 0.000333859 0.000251780 -0.002818135 -0.000333825 0.999999940 -0.000136533 0.002122083 -0.000251825 0.000136449 0.999999940 0.002379628
0.999999940 0.000181475 0.000254472 -0.002412500 -0.000181446 1.000000000 -0.000111888 0.002990508 -0.000254492 0.000111842 0.999999940 0.003786001
0.999999940 0.000243654 0.000228788 -0.002500211 -0.000243644 0.999999940 -0.000041006 0.001679913 -0.000228798 0.000040950 1.000000000 0.002424078
1.000000000 0.000160529 0.000131632 -0.001436462 -0.000160516 1.000000000 -0.000093718 0.002294297 -0.000131647 0.000093696 1.000000000 0.002163374
1.000000000 0.000061864 0.000150701 -0.001801943 -0.000061855 1.000000000 -0.000060654 0.001465223 -0.000150705 0.000060645 1.000000000 0.001827826
0.999999940 0.000154450 0.000200023 -0.001622902 -0.000154436 1.000000000 -0.000069298 0.001225798 -0.000200034 0.000069267 1.000000000 0.001853635
0.999999940 0.000161999 0.000190282 -0.001555382 -0.000161970 1.000000000 -0.000152752 0.002432608 -0.000190307 0.000152721 1.000000000 0.002916950
0.999999940 0.000260278 0.000204401 -0.001602493 -0.000260254 0.999999940 -0.000116625 0.002378783 -0.000204431 0.000116572 1.000000000 0.002653029
0.999999940 0.000301210 0.000268722 -0.002291728 -0.000301204 0.999999940 -0.000020045 0.000958574 -0.000268728 0.000019964 0.999999940 0.001384014
0.999999940 0.000316901 0.000222080 -0.002686558 -0.000316872 0.999999940 -0.000128504 0.001430340 -0.000222121 0.000128434 0.999999940 0.002059416
0.999999940 0.000256734 0.000216467 -0.001628262 -0.000256692 0.999999940 -0.000191201 0.001973938 -0.000216516 0.000191145 0.999999940 0.001624163
1.000000000 0.000120338 0.000190573 -0.001748907 -0.000120313 1.000000000 -0.000128027 0.001610346 -0.000190589 0.000128004 1.000000000 0.002181869
1.000000000 0.000147099 0.000161983 -0.001822137 -0.000147084 1.000000000 -0.000091259 0.002936917 -0.000161996 0.000091235 1.000000000 0.003258712
0.999999940 0.000247627 0.000228054 -0.002106115 -0.000247603 0.999999940 -0.000108206 0.002314703 -0.000228080 0.000108149 0.999999940 0.002513364
0.999999940 0.000332915 0.000165929 -0.001136546 -0.000332903 0.999999940 -0.000071278 0.002773086 -0.000165953 0.000071223 1.000000000 0.002541499
0.999999940 0.000258742 0.000186636 -0.001561223 -0.000258720 0.999999940 -0.000115668 0.001480159 -0.000186666 0.000115620 1.000000000 0.003144290
0.999999821 0.000458501 0.000327237 -0.002767969 -0.000458261 0.999999642 -0.000731860 -0.000357098 -0.000327573 0.000731710 0.999999702 0.049826536
0.999999762 0.000408221 0.000267364 -0.000405079 -0.000407896 0.999999166 -0.001217309 -0.002541284 -0.000267861 0.001217199 0.999999225 0.140173033
0.999999583 0.000738602 0.000465025 -0.000547937 -0.000738034 0.999998987 -0.001219490 -0.008139797 -0.000465925 0.001219146 0.999999166 0.253284186
0.999999702 0.000646026 0.000394725 0.003188112 -0.000645581 0.999999166 -0.001125606 -0.011177351 -0.000395452 0.001125351 0.999999285 0.385190666
0.999999702 0.000674105 0.000344492 0.005351478 -0.000673788 0.999999344 -0.000919146 -0.015178218 -0.000345112 0.000918914 0.999999523 0.527925968
0.999999642 0.000791662 0.000361185 0.012093830 -0.000791462 0.999999523 -0.000554839 -0.025545543 -0.000361624 0.000554553 0.999999762 0.677597642
0.999999821 0.000542821 0.000276115 0.017560091 -0.000542702 0.999999702 -0.000433481 -0.027892880 -0.000276350 0.000433331 0.999999881 0.837637544
0.999999762 0.000700301 0.000430676 0.018234227 -0.000700171 0.999999702 -0.000302133 -0.029393954 -0.000430887 0.000301832 0.999999821 1.012897849
0.999999523 0.000889811 0.000378630 0.021798143 -0.000889751 0.999999642 -0.000158470 -0.034507364 -0.000378770 0.000158133 0.999999881 1.188512802
0.999999702 0.000779968 0.000466167 0.023071498 -0.000780162 0.999999583 0.000417291 -0.046831518 -0.000465842 -0.000417654 0.999999762 1.365032077
0.999999344 0.001179353 0.000232468 0.025896816 -0.001179399 0.999999344 0.000198942 -0.048244476 -0.000232233 -0.000199216 0.999999940 1.559109926
0.999999523 0.000813257 0.000515810 0.027131684 -0.000813385 0.999999642 0.000248191 -0.053997383 -0.000515608 -0.000248611 0.999999821 1.760896921
0.999999464 0.000810916 0.000585228 0.029577412 -0.000811223 0.999999523 0.000524174 -0.061871447 -0.000584803 -0.000524649 0.999999702 1.955396175
0.999999762 0.000316541 0.000537258 0.037354864 -0.000316922 0.999999702 0.000709013 -0.068803713 -0.000537034 -0.000709183 0.999999583 2.169790983
0.999999404 0.000819528 0.000618295 0.038717691 -0.000819897 0.999999404 0.000597556 -0.071872160 -0.000617805 -0.000598062 0.999999642 2.387104511
0.999998927 0.001260436 0.000751297 0.041473642 -0.001260677 0.999999166 0.000321147 -0.075937621 -0.000750892 -0.000322094 0.999999702 2.612670183
0.999999225 0.000833810 0.000832972 0.049559526 -0.000834261 0.999999523 0.000541372 -0.085657783 -0.000832521 -0.000542067 0.999999523 2.837341070
0.999999106 0.000841312 0.001001802 0.054538343 -0.000841920 0.999999464 0.000606773 -0.088728331 -0.001001291 -0.000607616 0.999999344 3.080323219
0.999998868 0.001211041 0.000834539 0.058783986 -0.001211546 0.999999046 0.000604912 -0.097934701 -0.000833806 -0.000605922 0.999999464 3.318422079
0.999999702 0.000689259 0.000411178 0.070333384 -0.000689570 0.999999464 0.000756548 -0.101848111 -0.000410656 -0.000756831 0.999999642 3.566550970
0.999999344 0.001122356 0.000436637 0.074405275 -0.001122638 0.999999106 0.000647235 -0.107514881 -0.000435910 -0.000647725 0.999999702 3.827697277
0.999998987 0.000879596 0.001055275 0.074409224 -0.000880520 0.999999225 0.000875422 -0.119698815 -0.001054505 -0.000876350 0.999998987 4.079346180
0.999998748 0.001066580 0.001092030 0.080021620 -0.001067306 0.999999166 0.000665160 -0.122812137 -0.001091320 -0.000666325 0.999999106 4.338490009
0.999998987 0.000566123 0.001303243 0.084155507 -0.000567073 0.999999583 0.000727983 -0.130191386 -0.001302831 -0.000728721 0.999998927 4.597510815
0.999998927 0.000669613 0.001235501 0.080725387 -0.000671137 0.999998927 0.001232976 -0.136840910 -0.001234674 -0.001233804 0.999998450 4.855723858
0.999999106 0.000738172 0.001096336 0.088202387 -0.000739887 0.999998450 0.001564328 -0.145315126 -0.001095179 -0.001565138 0.999998152 5.113861561
0.999999106 0.000859588 0.001021052 0.103190996 -0.000860695 0.999999046 0.001084184 -0.149561927 -0.001020119 -0.001085062 0.999998868 5.356456757
0.999997556 0.001798551 0.001293811 0.106252156 -0.001799894 0.999997973 0.001037812 -0.158329591 -0.001291942 -0.001040139 0.999998569 5.626641750
0.999997973 0.001589799 0.001219176 0.108888693 -0.001591560 0.999997675 0.001444816 -0.167418078 -0.001216876 -0.001446754 0.999998212 5.886541843
0.999997556 0.001774284 0.001281299 0.112693831 -0.001776144 0.999997377 0.001452060 -0.176882029 -0.001278719 -0.001454332 0.999998152 6.168069839
0.999996841 0.001910163 0.001631418 0.123417467 -0.001911649 0.999997735 0.000909883 -0.170580670 -0.001629676 -0.000912999 0.999998271 6.458883286
0.999996543 0.002129998 0.001544053 0.128507569 -0.002131756 0.999997079 0.001137656 -0.190067917 -0.001541624 -0.001140943 0.999998093 6.742372513
0.999995828 0.002231103 0.001835550 0.136283636 -0.002233034 0.999996960 0.001050332 -0.186286494 -0.001833201 -0.001054426 0.999997735 7.057662010
0.999997079 0.001883646 0.001555166 0.144120067 -0.001885706 0.999997377 0.001324301 -0.198461264 -0.001552668 -0.001327230 0.999997914 7.353797436
0.999996841 0.002011129 0.001511088 0.155528829 -0.002012808 0.999997377 0.001110385 -0.218943104 -0.001508851 -0.001113423 0.999998271 7.654949665
0.999997437 0.001749661 0.001420208 0.163803264 -0.001751294 0.999997854 0.001149397 -0.225339115 -0.001418194 -0.001151881 0.999998391 7.962014675
0.999993145 0.003117560 0.001991419 0.159564853 -0.003119705 0.999994516 0.001074810 -0.233076364 -0.001988057 -0.001081016 0.999997377 8.291310310
0.999994040 0.002849297 0.001950596 0.166687921 -0.002851233 0.999995470 0.000990201 -0.241380677 -0.001947766 -0.000995756 0.999997616 8.605375290
0.999994576 0.002479052 0.002166126 0.170591757 -0.002481541 0.999996185 0.001146980 -0.253707856 -0.002163275 -0.001152350 0.999996960 8.944437981
0.999994099 0.002725770 0.002113130 0.177883059 -0.002728445 0.999995470 0.001264177 -0.268242121 -0.002109675 -0.001269935 0.999997020 9.279722214
0.999994755 0.002632423 0.001861412 0.192432135 -0.002634589 0.999995828 0.001162690 -0.270429611 -0.001858343 -0.001167589 0.999997616 9.625694275
0.999996364 0.002147475 0.001621961 0.203402236 -0.002149824 0.999996603 0.001448025 -0.281605303 -0.001618846 -0.001451507 0.999997675 9.972792625
0.999996841 0.002068522 0.001434318 0.211581886 -0.002070029 0.999997318 0.001049276 -0.286106199 -0.001432144 -0.001052242 0.999998450 10.318622589
0.999994814 0.002766326 0.001631946 0.220810965 -0.002768461 0.999995291 0.001307377 -0.297685772 -0.001628322 -0.001311888 0.999997735 10.673334122
0.999996126 0.002355133 0.001468314 0.229102358 -0.002356827 0.999996543 0.001153084 -0.305043191 -0.001465593 -0.001156540 0.999998212 11.039855003
0.999995649 0.002382203 0.001728972 0.235409409 -0.002384070 0.999996543 0.001078120 -0.313189447 -0.001726398 -0.001082238 0.999997854 11.421992302
0.999994457 0.002678730 0.001936300 0.239560127 -0.002680756 0.999995887 0.001044489 -0.320788532 -0.001933494 -0.001049674 0.999997556 11.799023628
0.999992907 0.002990505 0.002288640 0.243629128 -0.002993766 0.999994516 0.001422921 -0.338375270 -0.002284372 -0.001429763 0.999996364 12.176739693
0.999993265 0.002642910 0.002557223 0.256995112 -0.002647095 0.999995112 0.001634429 -0.351266205 -0.002552891 -0.001641187 0.999995470 12.564897537
0.999994099 0.002463976 0.002389665 0.268200815 -0.002467169 0.999996006 0.001334199 -0.357507408 -0.002386368 -0.001340087 0.999996245 12.970498085
0.999993861 0.002391837 0.002560208 0.282264471 -0.002395250 0.999996245 0.001331022 -0.369796962 -0.002557015 -0.001337146 0.999995828 13.374654770
0.999990940 0.003283893 0.002707236 0.282990098 -0.003288049 0.999993443 0.001531883 -0.383574128 -0.002702188 -0.001540771 0.999995172 13.783786774
0.999991715 0.003098682 0.002644472 0.295571327 -0.003103592 0.999993443 0.001854803 -0.397698820 -0.002638708 -0.001862995 0.999994755 14.192173958
0.999988616 0.003607755 0.003166399 0.301207274 -0.003612260 0.999992490 0.001418117 -0.408900976 -0.003161259 -0.001429538 0.999993920 14.609942436
0.999990880 0.002820336 0.003205019 0.321729660 -0.002825193 0.999994874 0.001512115 -0.416443884 -0.003200737 -0.001521156 0.999993742 15.030773163
0.999990165 0.003021414 0.003242912 0.337696075 -0.003026554 0.999994099 0.001581214 -0.432624608 -0.003238116 -0.001591013 0.999993503 15.464476585
0.999986947 0.003329893 0.003865003 0.344248593 -0.003336245 0.999993086 0.001638078 -0.445460021 -0.003859521 -0.001650952 0.999991179 15.905266762
0.999987781 0.003146083 0.003794061 0.361378223 -0.003152659 0.999993563 0.001728334 -0.461259961 -0.003788600 -0.001740274 0.999991238 16.340717316
0.999986708 0.003321530 0.003929071 0.370367557 -0.003326122 0.999993801 0.001162681 -0.472409308 -0.003925184 -0.001175734 0.999991596 16.787073135
0.999983668 0.003975739 0.004107642 0.382653862 -0.003982391 0.999990880 0.001612705 -0.481923193 -0.004101192 -0.001629037 0.999990284 17.247879028
0.999984026 0.003735901 0.004238461 0.416753143 -0.003743334 0.999991477 0.001747194 -0.493105084 -0.004231897 -0.001763032 0.999989510 17.677089691
0.999984562 0.003360244 0.004418235 0.431868911 -0.003366117 0.999993443 0.001322377 -0.502853453 -0.004413763 -0.001337229 0.999989390 18.145425797
0.999979556 0.003805476 0.005142534 0.430981278 -0.003813929 0.999991536 0.001634950 -0.515857100 -0.005136268 -0.001654530 0.999985456 18.603847504
0.999981403 0.004106237 0.004516535 0.447162271 -0.004116102 0.999989212 0.002177331 -0.528235316 -0.004507545 -0.002195881 0.999987483 19.074300766
0.999976695 0.003994536 0.005550978 0.429301560 -0.004002488 0.999990940 0.001422160 -0.543526113 -0.005545246 -0.001444345 0.999983549 19.592611313
0.999975622 0.004307498 0.005512909 0.434652448 -0.004317157 0.999989092 0.001741335 -0.557318032 -0.005505347 -0.001765093 0.999983311 20.078903198
0.999976516 0.004188557 0.005415305 0.451796830 -0.004194282 0.999990642 0.001046557 -0.560489416 -0.005410871 -0.001069246 0.999984801 20.578744888
0.999979794 0.004275470 0.004706950 0.465827435 -0.004279959 0.999990404 0.000943972 -0.575678945 -0.004702869 -0.000964098 0.999988496 21.071359634
0.999977946 0.004969789 0.004401537 0.476307690 -0.004974997 0.999986947 0.001173283 -0.591866851 -0.004395648 -0.001195155 0.999989629 21.578594208
0.999980867 0.004798846 0.003903884 0.476843596 -0.004802796 0.999987960 0.001002844 -0.607460141 -0.003899025 -0.001021574 0.999991894 22.082361221
0.999985218 0.004374653 0.003232070 0.491425455 -0.004377826 0.999989986 0.000975291 -0.620394289 -0.003227772 -0.000989426 0.999994278 22.603183746
0.999985635 0.004414433 0.003014528 0.501316190 -0.004417600 0.999989688 0.001044818 -0.642985225 -0.003009885 -0.001058120 0.999994934 23.144083023
0.999987841 0.003957904 0.002936151 0.511036873 -0.003962379 0.999991000 0.001520134 -0.660173118 -0.002930108 -0.001531750 0.999994516 23.653984070
0.999992251 0.003131219 0.002389615 0.518535197 -0.003135698 0.999993324 0.001872935 -0.700891972 -0.002383734 -0.001880413 0.999995410 24.203378677
0.999990821 0.003798641 0.001986314 0.519059062 -0.003801262 0.999991894 0.001317716 -0.700988591 -0.001981292 -0.001325254 0.999997139 24.752799988
0.999985218 0.005054307 0.001975187 0.520329237 -0.005057281 0.999986053 0.001504228 -0.720710158 -0.001967556 -0.001514195 0.999996901 25.301574707
0.999985874 0.005106107 0.001451365 0.537907898 -0.005108796 0.999985218 0.001854978 -0.736431956 -0.001441872 -0.001862366 0.999997139 25.838123322
0.999990523 0.004303275 0.000684437 0.563599885 -0.004304713 0.999988496 0.002111449 -0.758594453 -0.000675343 -0.002114375 0.999997556 26.379644394
0.999985814 0.005286552 0.000610751 0.567984760 -0.005288154 0.999982476 0.002652962 -0.776222765 -0.000596715 -0.002656155 0.999996245 26.945451736
0.999986172 0.005246138 0.000230150 0.576498270 -0.005246770 0.999982178 0.002832039 -0.799461067 -0.000215289 -0.002833207 0.999995947 27.494398117
0.999983788 0.005689476 0.000120859 0.578852952 -0.005689769 0.999980509 0.002566691 -0.811395228 -0.000106253 -0.002567337 0.999996722 28.049383163
0.999982357 0.005934101 -0.000033950 0.585715055 -0.005933995 0.999979079 0.002539987 -0.824696481 0.000049022 -0.002539740 0.999996781 28.594131470
0.999979615 0.006380181 0.000237830 0.587131619 -0.006380753 0.999976575 0.002486427 -0.840465128 -0.000221961 -0.002487894 0.999996901 29.147722244
0.999979079 0.006465158 -0.000028199 0.601960182 -0.006465072 0.999976218 0.002392931 -0.853103817 0.000043670 -0.002392698 0.999997139 29.683315277
0.999980688 0.006173614 -0.000691292 0.611671150 -0.006171723 0.999977291 0.002706146 -0.866097629 0.000707983 -0.002701827 0.999996126 30.228651047
0.999977827 0.006593334 -0.000918432 0.622791469 -0.006590907 0.999974787 0.002622091 -0.882807374 0.000935697 -0.002615980 0.999996126 30.764904022
0.999979675 0.006296379 -0.001007080 0.633943260 -0.006293568 0.999976277 0.002770087 -0.898348570 0.001024498 -0.002763693 0.999995649 31.299030304
0.999972284 0.007326706 -0.001338427 0.638612330 -0.007323185 0.999969661 0.002616952 -0.907766879 0.001357560 -0.002607078 0.999995708 31.849782944
0.999973834 0.006952053 -0.001997798 0.657906473 -0.006947012 0.999972701 0.002519020 -0.920587957 0.002015256 -0.002505075 0.999994755 32.422008514
0.999975562 0.006470583 -0.002638985 0.659406543 -0.006462833 0.999974906 0.002934641 -0.944377244 0.002657908 -0.002917514 0.999992192 32.956195831
0.999976158 0.006543555 -0.002168916 0.668903649 -0.006537537 0.999974728 0.002770606 -0.958016217 0.002186992 -0.002756360 0.999993801 33.519081116
0.999976158 0.006549646 -0.002200813 0.678438902 -0.006542936 0.999973953 0.003042402 -0.976483107 0.002220682 -0.003027929 0.999992967 34.062747955
0.999974251 0.006683392 -0.002663633 0.684706748 -0.006674834 0.999972522 0.003208977 -0.993130028 0.002685007 -0.003191114 0.999991238 34.611820221
0.999972165 0.006559930 -0.003576455 0.699218214 -0.006547484 0.999972522 0.003480590 -1.015997648 0.003599188 -0.003457076 0.999987543 35.136623383
0.999974310 0.006496190 -0.003028478 0.699271858 -0.006486627 0.999973953 0.003156686 -1.020317793 0.003048906 -0.003136961 0.999990344 35.684284210
0.999976754 0.006143260 -0.002930416 0.703799605 -0.006134317 0.999976516 0.003050965 -1.032909513 0.002949089 -0.003032919 0.999991059 36.234436035
0.999974430 0.006381333 -0.003229023 0.724620700 -0.006371984 0.999975622 0.002897488 -1.049569488 0.003247435 -0.002876838 0.999990582 36.798946381
0.999973178 0.006447514 -0.003468964 0.729201555 -0.006437754 0.999975264 0.002817499 -1.062447309 0.003487045 -0.002795092 0.999989927 37.347362518
0.999971628 0.006704248 -0.003432573 0.739260197 -0.006695445 0.999974251 0.002569728 -1.073785663 0.003449713 -0.002546672 0.999990821 37.902271271
0.999967039 0.007003383 -0.004071753 0.751211524 -0.006994599 0.999973238 0.002167446 -1.085846305 0.004086823 -0.002138895 0.999989331 38.430427551
0.999968529 0.007019504 -0.003668596 0.755743027 -0.007013513 0.999974072 0.001643086 -1.094280601 0.003680036 -0.001617305 0.999991894 38.982849121
0.999966562 0.007087305 -0.004080926 0.768923283 -0.007078406 0.999972522 0.002191270 -1.118025184 0.004096344 -0.002162310 0.999989212 39.532810211
0.999970198 0.006437187 -0.004267479 0.775124907 -0.006427490 0.999976754 0.002282355 -1.139594078 0.004282072 -0.002254858 0.999988317 40.086879730
0.999967039 0.006571373 -0.004777370 0.786293387 -0.006560114 0.999975741 0.002368613 -1.157697797 0.004792820 -0.002337195 0.999985814 40.632164001
0.999965727 0.006947386 -0.004493869 0.796581745 -0.006939802 0.999974489 0.001700583 -1.160353661 0.004505568 -0.001669339 0.999988437 41.212879181
0.999965072 0.007248184 -0.004163233 0.799616337 -0.007239691 0.999971688 0.002051386 -1.173101902 0.004177983 -0.002021174 0.999989212 41.766578674
0.999966562 0.006564962 -0.004875873 0.811304986 -0.006556977 0.999977052 0.001652131 -1.190114975 0.004886609 -0.001620105 0.999986708 42.291297913
0.999967992 0.006382771 -0.004823267 0.820895851 -0.006374202 0.999978006 0.001789854 -1.202025294 0.004834587 -0.001759052 0.999986708 42.846717834
0.999968171 0.006262757 -0.004932276 0.820961773 -0.006255157 0.999979198 0.001554899 -1.224164605 0.004941911 -0.001523998 0.999986649 43.380275726
0.999957025 0.008069173 -0.004564518 0.817332506 -0.008063135 0.999966621 0.001339747 -1.236611843 0.004575176 -0.001302885 0.999988675 43.945533752
0.999955654 0.008525291 -0.004020636 0.825213432 -0.008521037 0.999963164 0.001074413 -1.248028278 0.004029648 -0.001040105 0.999991357 44.496742249
0.999961197 0.007755846 -0.004183103 0.836349964 -0.007747073 0.999967754 0.002109680 -1.279820085 0.004199332 -0.002077191 0.999988973 45.031665802
0.999966800 0.006736452 -0.004574539 0.831876755 -0.006726618 0.999975026 0.002161649 -1.300265074 0.004588988 -0.002130807 0.999987185 45.586940765
0.999964297 0.007048797 -0.004651269 0.843224525 -0.007037533 0.999972224 0.002433449 -1.311827540 0.004668294 -0.002400629 0.999986231 46.170467377
0.999961376 0.007791596 -0.004058636 0.843064487 -0.007784463 0.999968112 0.001770561 -1.323248386 0.004072303 -0.001738898 0.999990165 46.742820740
0.999959350 0.007749769 -0.004609998 0.859016001 -0.007739047 0.999967337 0.002339080 -1.333855629 0.004627976 -0.002303309 0.999986649 47.272571564
0.999958277 0.007763627 -0.004797537 0.861003757 -0.007754429 0.999968052 0.001932741 -1.341791153 0.004812388 -0.001895459 0.999986649 47.819423676
0.999960899 0.007359497 -0.004895261 0.868857205 -0.007352622 0.999971986 0.001420910 -1.352982163 0.004905581 -0.001384862 0.999987006 48.367645264
0.999956548 0.008431282 -0.003957783 0.888951778 -0.008422754 0.999962211 0.002166391 -1.375874043 0.003975898 -0.002132962 0.999989808 48.908355713
0.999953628 0.008712179 -0.004127222 0.900928140 -0.008705330 0.999960661 0.001674530 -1.390282750 0.004141648 -0.001638523 0.999990106 49.452709198
0.999948144 0.009363146 -0.003985765 0.911872804 -0.009355577 0.999954402 0.001913869 -1.405490518 0.004003503 -0.001876480 0.999990225 50.005561829
0.999948144 0.009428576 -0.003879945 0.912396371 -0.009421595 0.999953985 0.001813155 -1.417515039 0.003896864 -0.001776505 0.999990821 50.562427521
0.999949813 0.009586629 -0.002942511 0.912257195 -0.009580882 0.999952137 0.001960418 -1.436986089 0.002961165 -0.001932128 0.999993742 51.082820892
0.999943495 0.009697910 -0.004353854 0.940033257 -0.009692004 0.999952078 0.001375722 -1.444763660 0.004366987 -0.001333447 0.999989569 51.660129547
0.999941051 0.010015820 -0.004185806 0.943255961 -0.010009705 0.999948800 0.001479366 -1.458240271 0.004200408 -0.001437380 0.999990165 52.198833466
0.999947190 0.009198043 -0.004584429 0.953069568 -0.009189227 0.999955893 0.001940296 -1.487601757 0.004602072 -0.001898066 0.999987602 52.747520447
0.999944627 0.009708481 -0.004060445 0.956520677 -0.009702107 0.999951661 0.001586502 -1.496110201 0.004075651 -0.001547020 0.999990523 53.292911530
0.999943852 0.009805348 -0.004047259 0.954260468 -0.009798998 0.999950707 0.001585444 -1.510251164 0.004062605 -0.001545695 0.999990582 53.852725983
0.999943793 0.009840976 -0.003930338 0.966513157 -0.009838977 0.999951482 0.000527816 -1.521356106 0.003935340 -0.000489116 0.999992132 54.392734528
0.999947429 0.009460067 -0.003938377 0.970060587 -0.009455271 0.999954641 0.001234168 -1.540328145 0.003949873 -0.001196865 0.999991477 54.943031311
0.999946952 0.009512312 -0.003931877 0.976839244 -0.009509754 0.999954581 0.000668391 -1.551991463 0.003938057 -0.000630965 0.999992073 55.485782623
0.999940813 0.010196202 -0.003795595 0.969583631 -0.010193975 0.999947786 0.000605555 -1.568979979 0.003801571 -0.000566827 0.999992609 56.002841949
0.999940217 0.010194357 -0.003985981 0.966882288 -0.010190286 0.999947548 0.001040664 -1.584133625 0.003996382 -0.000999983 0.999991477 56.527019501
0.999937296 0.010594393 -0.003605735 0.969263911 -0.010591624 0.999943614 0.000785832 -1.600227237 0.003613856 -0.000747592 0.999993205 57.053356171
0.999942958 0.010142411 -0.003341152 0.957730174 -0.010139203 0.999948084 0.000976019 -1.614273310 0.003350877 -0.000942086 0.999993920 57.573745728
0.999941885 0.010304271 -0.003167037 0.954236865 -0.010301900 0.999946654 0.000763939 -1.628905654 0.003174740 -0.000731268 0.999994695 58.101394653
0.999944210 0.010144184 -0.002944743 0.948599875 -0.010140950 0.999947965 0.001111964 -1.651852131 0.002955871 -0.001082040 0.999995053 58.616287231
0.999936581 0.010989133 -0.002458185 0.935434818 -0.010987210 0.999939322 0.000795429 -1.659604549 0.002466778 -0.000768370 0.999996662 59.138237000
0.999935806 0.011132816 -0.002090040 0.922426105 -0.011131630 0.999937892 0.000577657 -1.676179767 0.002096341 -0.000554354 0.999997675 59.663002014
0.999939263 0.010800282 -0.002192013 0.923570931 -0.010798973 0.999941528 0.000608485 -1.695123315 0.002198458 -0.000584776 0.999997437 60.183494568
0.999934018 0.011378156 -0.001555229 0.912142992 -0.011377692 0.999935329 0.000305313 -1.700803876 0.001558601 -0.000287598 0.999998748 60.725708008
0.999933600 0.011405053 -0.001655039 0.922318697 -0.011404656 0.999934912 0.000250226 -1.723171473 0.001657785 -0.000231334 0.999998569 61.233917236
0.999935865 0.011225183 -0.001494224 0.923711181 -0.011224575 0.999936879 0.000414326 -1.737340450 0.001498781 -0.000397528 0.999998748 61.759983063
0.999924719 0.012183293 -0.001439518 0.921281755 -0.012182604 0.999925792 0.000486914 -1.757367253 0.001445344 -0.000469340 0.999998868 62.274147034
0.999921501 0.012500740 -0.000807785 0.922149181 -0.012500511 0.999921799 0.000286487 -1.771925092 0.000811303 -0.000276367 0.999999642 62.789466858
0.999925673 0.012135534 -0.001170516 0.929890156 -0.012134693 0.999926031 0.000722694 -1.793571472 0.001179199 -0.000708437 0.999999046 63.304126740
0.999921501 0.012479345 -0.001139712 0.930068493 -0.012478732 0.999921978 0.000543772 -1.813491344 0.001146409 -0.000529507 0.999999225 63.827304840
0.999926448 0.012085059 -0.001025749 0.933688283 -0.012084334 0.999926686 0.000710150 -1.833829641 0.001034256 -0.000697702 0.999999225 64.328941345
0.999926686 0.012049766 -0.001173337 0.935690582 -0.012049252 0.999927223 0.000444577 -1.845826983 0.001178608 -0.000430406 0.999999166 64.855522156
0.999923766 0.012316988 -0.000850040 0.926908076 -0.012316663 0.999924064 0.000389098 -1.855072141 0.000854768 -0.000378598 0.999999583 65.378059387
0.999926507 0.012091429 -0.000849352 0.933330417 -0.012091191 0.999926865 0.000285020 -1.874227524 0.000852736 -0.000274729 0.999999583 65.887504578
0.999935091 0.011349888 -0.000949245 0.942250431 -0.011349410 0.999935389 0.000509430 -1.893762827 0.000954966 -0.000498623 0.999999404 66.413543701
0.999933183 0.011512890 -0.001094573 0.956074655 -0.011512757 0.999933660 0.000128641 -1.909523964 0.001095982 -0.000116031 0.999999404 66.969230652
0.999931455 0.011667884 -0.000900157 0.938265741 -0.011667692 0.999931931 0.000219465 -1.927294493 0.000902656 -0.000208948 0.999999583 67.457878113
0.999894559 0.014489983 0.000895345 0.907946467 -0.014490007 0.999895036 0.000019897 -1.936899185 -0.000894962 -0.000032868 0.999999583 68.022689819
0.999914110 0.013107478 -0.000098065 0.930420160 -0.013107476 0.999914050 -0.000006847 -1.960299253 0.000097966 0.000008132 1.000000000 68.523384094
0.999908328 0.013540160 -0.000070669 0.925131500 -0.013540111 0.999908030 0.000682104 -1.989246130 0.000079898 -0.000681085 0.999999762 69.036521912
0.999903858 0.013864879 0.000170485 0.933617830 -0.013864900 0.999903858 0.000119393 -1.998821020 -0.000168814 -0.000121745 1.000000000 69.561508179
0.999905586 0.013735973 0.000094139 0.942846954 -0.013735970 0.999905586 -0.000049585 -2.011274338 -0.000094811 0.000048288 1.000000000 70.115814209
0.999913394 0.013155556 -0.000198283 0.946527243 -0.013155521 0.999913573 0.000167023 -2.038144827 0.000200463 -0.000164400 0.999999940 70.630218506
0.999888778 0.014889139 0.000849160 0.941897810 -0.014889196 0.999889135 0.000059564 -2.055897713 -0.000848179 -0.000072201 0.999999642 71.155242920
0.999908686 0.013512086 0.000092962 0.959570765 -0.013512098 0.999908686 0.000137391 -2.069713831 -0.000091097 -0.000138635 1.000000000 71.731773376
0.999906003 0.013720352 -0.000129947 0.973078549 -0.013720366 0.999905825 -0.000110385 -2.091597319 0.000128420 0.000112158 0.999999940 72.250320435
0.999905705 0.013731903 -0.000110789 0.982218862 -0.013731907 0.999905705 -0.000055120 -2.108117819 0.000110022 0.000056636 1.000000000 72.786178589
0.999900222 0.014125097 0.000130267 0.981440485 -0.014125123 0.999900222 0.000189997 -2.126791477 -0.000127570 -0.000191818 1.000000000 73.332023621
0.999890864 0.014768248 0.000609378 0.983801126 -0.014768563 0.999890804 0.000511150 -2.160448074 -0.000601763 -0.000520094 0.999999702 73.851020813
0.999896049 0.014399132 0.000722361 0.986261845 -0.014399556 0.999896169 0.000584329 -2.178598881 -0.000713872 -0.000594670 0.999999583 74.401451111
0.999887407 0.014961764 0.001119420 0.982155681 -0.014962518 0.999887824 0.000669176 -2.195616484 -0.001109282 -0.000685850 0.999999166 74.965507507
0.999881625 0.015316830 0.001444602 0.979393959 -0.015317870 0.999882400 0.000712000 -2.225744724 -0.001433527 -0.000734044 0.999998629 75.515251160
0.999867857 0.016138054 0.001920158 0.955923557 -0.016139705 0.999869406 0.000848959 -2.267141104 -0.001906206 -0.000879838 0.999997795 76.046615601
0.999868810 0.016067287 0.002041916 0.969873488 -0.016069161 0.999870420 0.000903740 -2.280178070 -0.002027132 -0.000936433 0.999997437 76.587547302
0.999863982 0.016329436 0.002323504 0.953895390 -0.016332906 0.999865472 0.001481343 -2.324152708 -0.002299002 -0.001519091 0.999996185 77.117073059
0.999857664 0.016662659 0.002641031 0.938759267 -0.016667064 0.999859631 0.001654162 -2.349080563 -0.002613097 -0.001697945 0.999995172 77.654090881
0.999853015 0.016857151 0.003130357 0.942314982 -0.016862644 0.999856293 0.001736785 -2.377238512 -0.003100630 -0.001789316 0.999993503 78.223114014
0.999840915 0.017515229 0.003353188 0.942322671 -0.017522343 0.999844253 0.002104153 -2.408414125 -0.003315812 -0.002162574 0.999992132 78.752227783
0.999852717 0.016895764 0.003007706 0.963227928 -0.016899930 0.999856234 0.001365781 -2.400355339 -0.002984198 -0.001416410 0.999994516 79.426582336
0.999857485 0.016636083 0.002842789 0.985056400 -0.016639004 0.999861062 0.001007806 -2.409619808 -0.002825628 -0.001054964 0.999995470 80.027381897
0.999848545 0.016910274 0.004096424 0.984376669 -0.016914519 0.999856412 0.001004622 -2.433037758 -0.004078847 -0.001073759 0.999991059 80.579925537
0.999844730 0.016914094 0.004936200 1.012683034 -0.016916240 0.999856770 0.000393373 -2.436454058 -0.004928839 -0.000476814 0.999987662 81.143409729
0.999834120 0.017132105 0.006182488 1.022262812 -0.017136464 0.999852955 0.000652874 -2.452316046 -0.006170393 -0.000758711 0.999980688 81.688262939
0.999809265 0.017891087 0.007832794 1.023567677 -0.017894048 0.999839842 0.000308159 -2.465704918 -0.007826026 -0.000448260 0.999969304 82.229309082
0.999782324 0.017732251 0.010991883 1.050732732 -0.017734852 0.999842644 0.000138922 -2.464468718 -0.010987692 -0.000333831 0.999939561 82.787124634
0.999755085 0.016783938 0.014418757 1.081834316 -0.016792342 0.999858856 0.000461954 -2.482632160 -0.014408967 -0.000703966 0.999895871 83.337699890
0.999699175 0.017068891 0.017614316 1.109146476 -0.017074058 0.999854147 0.000142897 -2.494626045 -0.017609311 -0.000443602 0.999844790 83.885597229
0.999627650 0.016773146 0.021520143 1.145730495 -0.016775208 0.999859273 -0.000084665 -2.505786419 -0.021518530 -0.000276372 0.999768436 84.451988220
0.999471545 0.016741782 0.027862716 1.172064424 -0.016738748 0.999859750 -0.000342230 -2.515924692 -0.027864542 -0.000124338 0.999611676 85.025238037
0.999278069 0.017181383 0.033884745 1.202258587 -0.017182209 0.999852300 -0.000266774 -2.536555767 -0.033884324 -0.000315634 0.999425709 85.568939209
0.999065161 0.017174317 0.039670341 1.252061129 -0.017182227 0.999852359 -0.000141582 -2.554007053 -0.039666925 -0.000540176 0.999212742 86.089500427
0.998698115 0.017405173 0.047947690 1.293684483 -0.017427059 0.999848127 0.000038483 -2.574589491 -0.047939740 -0.000874021 0.998849869 86.645805359
0.998261631 0.017298046 0.056344803 1.344151258 -0.017290559 0.999850333 -0.000620454 -2.586872578 -0.056347109 -0.000354858 0.998411179 87.203376770
0.997835040 0.016836366 0.063574806 1.393854618 -0.016834581 0.999858081 -0.000563757 -2.599403381 -0.063575268 -0.000507718 0.997977018 87.761016846
0.997203112 0.017330613 0.072701804 1.451544285 -0.017338457 0.999849439 -0.000523242 -2.615715981 -0.072699919 -0.000738759 0.997353613 88.306518555
0.996440589 0.016753724 0.082615316 1.526024342 -0.016717046 0.999859571 -0.001135701 -2.629332066 -0.082622729 -0.000249425 0.996580958 88.855888367
0.995698750 0.016485779 0.091171235 1.596299648 -0.016408678 0.999864101 -0.001595214 -2.638891935 -0.091185138 0.000092353 0.995834053 89.412826538
0.995038688 0.015802024 0.098225802 1.672374249 -0.015684796 0.999875069 -0.001965568 -2.652527809 -0.098244607 0.000415165 0.995162189 89.946289062
0.994016886 0.015904594 0.108062498 1.754860878 -0.015758352 0.999873281 -0.002207186 -2.668084383 -0.108083919 0.000491094 0.994141638 90.486114502
0.992786586 0.016099492 0.118808478 1.842978477 -0.015978040 0.999870420 -0.001974792 -2.686300278 -0.118824884 0.000062219 0.992915213 91.038070679
0.991683781 0.015222665 0.127795100 1.939018250 -0.015013296 0.999883890 -0.002601472 -2.700188637 -0.127819881 0.000661211 0.991797090 91.585693359
0.990115523 0.014993981 0.139450222 2.036453247 -0.014770761 0.999887407 -0.002635592 -2.716450453 -0.139474049 0.000549754 0.990225554 92.132377625
0.988239288 0.015047241 0.152173087 2.142413139 -0.014784080 0.999886632 -0.002860726 -2.734580040 -0.152198881 0.000577343 0.988349736 92.691444397
0.986642122 0.014451600 0.162260756 2.257734299 -0.014136504 0.999895334 -0.003096352 -2.749856234 -0.162288517 0.000761191 0.986743033 93.242141724
0.984802008 0.014490173 0.173075140 2.380175591 -0.014134424 0.999894679 -0.003287811 -2.767943621 -0.173104554 0.000791526 0.984903157 93.796836853
0.982469320 0.014059721 0.185893327 2.503465652 -0.013696669 0.999900937 -0.003237184 -2.788795948 -0.185920417 0.000634314 0.982564747 94.317199707
0.980093300 0.013335802 0.198089093 2.637470245 -0.012867570 0.999910533 -0.003650839 -2.802764654 -0.198120087 0.001029237 0.980177224 94.855140686
0.977947712 0.013329418 0.208424196 2.766880035 -0.012843179 0.999910712 -0.003686097 -2.821196795 -0.208454743 0.000927981 0.978031516 95.386726379
0.974976242 0.013997787 0.221868217 2.911687851 -0.013578178 0.999901950 -0.003416504 -2.843679428 -0.221894294 0.000318443 0.975070655 95.923530579
0.972036481 0.012649523 0.234488711 3.073085785 -0.012066352 0.999919474 -0.003921600 -2.856972456 -0.234519422 0.000982515 0.972110927 96.437469482
0.969227076 0.012883527 0.245830879 3.222196579 -0.012393773 0.999916971 -0.003539324 -2.873762369 -0.245856032 0.000383637 0.969306290 96.958480835
0.966572225 0.011780303 0.256123543 3.418764114 -0.011091947 0.999929965 -0.004132024 -2.898659706 -0.256154299 0.001152991 0.966635227 97.485191345
0.962968647 0.011688737 0.269359767 3.593738556 -0.011019225 0.999931395 -0.003997496 -2.918270111 -0.269388020 0.000881328 0.963031292 97.994895935
0.959566355 0.010419229 0.281289846 3.774625778 -0.009538140 0.999944389 -0.004501306 -2.940684319 -0.281321108 0.001636319 0.959612310 98.508979797
0.956061482 0.010443518 0.292980045 3.965915680 -0.009611577 0.999944627 -0.004279064 -2.951980829 -0.293008476 0.001275047 0.956108987 99.046318054
0.951695979 0.010453904 0.306863964 4.163539886 -0.009592466 0.999944687 -0.004315321 -2.966756821 -0.306892037 0.001163292 0.951743603 99.566009521
0.947153807 0.009850522 0.320628524 4.373189926 -0.008785518 0.999950051 -0.004768118 -2.982592821 -0.320659488 0.001699254 0.947193027 100.081382751
0.943369746 0.009158377 0.331616908 4.583719254 -0.007881403 0.999955475 -0.005195434 -2.997359753 -0.331649750 0.002287609 0.943399787 100.596435547
0.938719571 0.009329783 0.344555259 4.801193237 -0.008203458 0.999955177 -0.004726721 -3.018354654 -0.344583929 0.001610521 0.938754082 101.099060059
0.933313906 0.008988027 0.358948827 5.013933182 -0.007709554 0.999957860 -0.004992951 -3.034646273 -0.358978629 0.001892655 0.933343887 101.600852966
0.928488493 0.008321752 0.371267974 5.247838974 -0.006770131 0.999962091 -0.005482425 -3.046737432 -0.371299565 0.002576835 0.928509593 102.107513428
0.923850954 0.007442565 0.382680088 5.513998032 -0.005675089 0.999967396 -0.005747323 -3.059803009 -0.382710367 0.003137927 0.923863053 102.656379700
0.917856097 0.007022263 0.396851212 5.752239227 -0.005314134 0.999971330 -0.005403664 -3.078751564 -0.396877736 0.002850865 0.917867064 103.152160645
0.912201226 0.006980340 0.409682989 6.031475067 -0.004843398 0.999968708 -0.006253536 -3.087281227 -0.409713835 0.003720226 0.912206531 103.667663574
0.907152951 0.006504324 0.420750737 6.277954102 -0.004305128 0.999971688 -0.006176412 -3.109547615 -0.420778930 0.003791564 0.907155335 104.145530701
0.901464820 0.006161373 0.432808548 6.558048248 -0.003711184 0.999971926 -0.006505643 -3.125375271 -0.432836503 0.004258377 0.901462376 104.668090820
0.894720256 0.006457853 0.446580380 6.821807861 -0.004200790 0.999972820 -0.006044031 -3.148684025 -0.446607351 0.003531727 0.894723117 105.153083801
0.889176548 0.004940012 0.457537800 7.121311188 -0.002131907 0.999975622 -0.006653547 -3.164021015 -0.457559615 0.004940749 0.889165282 105.642181396
0.883296251 0.004653014 0.468792140 7.397499084 -0.001995297 0.999978960 -0.006165798 -3.185496330 -0.468811005 0.004510846 0.883287013 106.116561890
0.875854313 0.004362431 0.482555836 7.699535370 -0.001654918 0.999980390 -0.006036356 -3.209394455 -0.482572764 0.004488378 0.875844419 106.606201172
0.868693113 0.004539127 0.495329827 7.989128113 -0.001642813 0.999978960 -0.006282545 -3.226383209 -0.495347917 0.004643870 0.868682265 107.060775757
0.862543762 0.003268831 0.505971909 8.319084167 0.000008882 0.999979019 -0.006475506 -3.237923622 -0.505982518 0.005589901 0.862525642 107.561836243
