1.000000000 0.000000000 0.000000000 0.000000000 0.000000000 1.000000000 0.000000000 0.000000000 0.000000000 0.000000000 1.000000000 0.000000000
1.000000000 -0.000068717 -0.000203065 0.003628516 0.000068740 1.000000000 0.000114019 -0.003031785 0.000203057 -0.000114033 1.000000000 -0.001665294
1.000000000 0.000064625 0.000080557 -0.001387839 -0.000064631 1.000000000 0.000069243 -0.002790379 -0.000080552 -0.000069248 1.000000000 -0.001227596
1.000000000 -0.000120310 -0.000164220 0.006430584 0.000120336 1.000000000 0.000157261 -0.003066370 0.000164201 -0.000157281 1.000000000 -0.004410656
1.000000000 -0.000030802 -0.000081690 0.001681870 0.000030805 1.000000000 0.000035426 0.000241114 0.000081688 -0.000035429 1.000000000 0.001615692
1.000000000 -0.000045253 0.000059608 -0.000600848 0.000045253 1.000000000 -0.000005273 -0.001234219 -0.000059608 0.000005276 1.000000000 -0.000916381
1.000000000 -0.000068460 -0.000118857 0.004200633 0.000068478 1.000000000 0.000148183 -0.002663370 0.000118847 -0.000148191 1.000000000 -0.006349816
1.000000000 -0.000107716 -0.000095856 -0.000246547 0.000107716 1.000000000 0.000008582 0.000741705 0.000095855 -0.000008592 1.000000000 0.002046047
1.000000000 0.000045486 -0.000091701 0.002286321 -0.000045478 1.000000000 0.000087094 -0.003093627 0.000091705 -0.000087090 1.000000000 -0.008534834
1.000000000 0.000042422 0.000030413 0.000744943 -0.000042425 1.000000000 0.000095846 -0.001824613 -0.000030409 -0.000095847 1.000000000 -0.005762333
1.000000000 0.000145427 0.000105639 -0.001846890 -0.000145428 1.000000000 0.000014150 -0.001221721 -0.000105637 -0.000014165 1.000000000 -0.004240618
1.000000000 -0.000102640 -0.000000666 -0.000615890 0.000102640 1.000000000 0.000089709 -0.003886846 0.000000657 -0.000089709 1.000000000 -0.009305312
1.000000000 -0.000049276 0.000032745 -0.000165035 0.000049274 1.000000000 0.000053973 -0.001767333 -0.000032748 -0.000053972 1.000000000 -0.006446817
1.000000000 -0.000017795 -0.000007996 0.000915237 0.000017795 1.000000000 0.000089272 -0.001887477 0.000007994 -0.000089272 1.000000000 -0.006835775
1.000000000 -0.000158842 -0.000067585 0.000282373 0.000158853 1.000000000 0.000162623 -0.001359869 0.000067559 -0.000162634 1.000000000 -0.008136071
0.999999940 -0.000248831 -0.000072970 -0.001496858 0.000248837 0.999999940 0.000086032 -0.002267211 0.000072948 -0.000086050 1.000000000 -0.008497765
1.000000000 -0.000209774 0.000008645 0.000180540 0.000209773 1.000000000 0.000087678 -0.001466959 -0.000008664 -0.000087676 1.000000000 -0.008790908
1.000000000 0.000047787 0.000005599 0.002189021 -0.000047788 1.000000000 0.000187896 -0.004111324 -0.000005590 -0.000187896 1.000000000 -0.012654785
1.000000000 -0.000221851 -0.000088560 0.002020489 0.000221861 0.999999940 0.000113200 -0.003590769 0.000088535 -0.000113219 1.000000000 -0.009236725
0.999999940 -0.000280119 -0.000110918 0.005740826 0.000280139 0.999999940 0.000179457 -0.005527816 0.000110868 -0.000179488 1.000000000 -0.019709045
1.000000000 -0.000056361 -0.000060734 0.005370068 0.000056378 0.999999940 0.000278231 -0.006364550 0.000060719 -0.000278234 0.999999940 -0.018604388
1.000000000 0.000083890 0.000030790 -0.000368113 -0.000083894 1.000000000 0.000111271 -0.001433039 -0.000030781 -0.000111274 1.000000000 -0.006960638
0.999999940 -0.000218116 -0.000162357 0.004410447 0.000218136 0.999999940 0.000123890 -0.003340658 0.000162330 -0.000123926 1.000000000 -0.011922658
0.999999940 -0.000224139 -0.000100760 0.001333159 0.000224162 0.999999940 0.000221322 -0.003913892 0.000100711 -0.000221345 1.000000000 -0.007440913
1.000000000 -0.000021910 -0.000120924 0.005790244 0.000021934 1.000000000 0.000199946 -0.003439674 0.000120920 -0.000199948 1.000000000 -0.016147047
1.000000000 -0.000039948 -0.000039326 0.000519210 0.000039956 1.000000000 0.000206613 -0.003167275 0.000039317 -0.000206615 1.000000000 -0.013465723
1.000000000 -0.000110665 -0.000005248 -0.001762893 0.000110666 1.000000000 0.000164849 -0.004594597 0.000005229 -0.000164850 1.000000000 -0.012733809
1.000000000 -0.000028927 -0.000006595 -0.001033108 0.000028928 1.000000000 0.000203445 -0.003295516 0.000006589 -0.000203445 1.000000000 -0.010539673
0.999999940 -0.000234849 -0.000115727 -0.000524623 0.000234865 0.999999940 0.000138993 -0.000429608 0.000115694 -0.000139021 1.000000000 -0.007635121
1.000000000 -0.000103599 -0.000098681 0.001271029 0.000103619 1.000000000 0.000196302 -0.002360952 0.000098661 -0.000196312 1.000000000 -0.008516226
1.000000000 -0.000166933 -0.000023159 -0.001026645 0.000166937 1.000000000 0.000146583 -0.001180003 0.000023135 -0.000146587 1.000000000 -0.002324675
0.999999940 -0.000239414 -0.000138831 -0.002616104 0.000239449 0.999999940 0.000254734 -0.003423897 0.000138770 -0.000254768 0.999999940 -0.010184645
0.999999940 -0.000235390 -0.000132885 0.001967281 0.000235432 0.999999940 0.000311912 -0.003822656 0.000132812 -0.000311943 0.999999940 -0.013973095
1.000000000 0.000019351 -0.000054059 -0.000891075 -0.000019345 1.000000000 0.000103979 -0.001409406 0.000054061 -0.000103978 1.000000000 -0.006714182
1.000000000 -0.000132745 -0.000070531 -0.001197411 0.000132751 1.000000000 0.000086994 -0.000942967 0.000070519 -0.000087003 1.000000000 -0.007387809
1.000000000 -0.000195347 -0.000061953 -0.003050743 0.000195349 1.000000000 0.000025449 -0.000696235 0.000061948 -0.000025461 1.000000000 -0.010847624
0.999999940 -0.000251194 -0.000192965 0.004226215 0.000251218 0.999999940 0.000124103 -0.001696112 0.000192933 -0.000124152 1.000000000 -0.012745962
1.000000000 -0.000199926 -0.000045857 -0.000037681 0.000199929 1.000000000 0.000066524 0.000156108 0.000045844 -0.000066533 1.000000000 -0.007245409
1.000000000 -0.000018093 -0.000066682 -0.001024100 0.000018113 0.999999940 0.000307063 -0.003089680 0.000066676 -0.000307064 0.999999940 -0.011802807
0.999999940 -0.000246505 -0.000221290 0.004619029 0.000246544 0.999999940 0.000178288 -0.005258603 0.000221246 -0.000178343 0.999999940 -0.006423869
1.000000000 -0.000104183 -0.000192187 0.008067456 0.000104105 0.999999940 -0.000408046 -0.008793696 0.000192229 0.000408026 0.999999881 0.041513622
1.000000000 -0.000046732 -0.000191178 0.008274182 0.000046502 0.999999285 -0.001199921 -0.004734942 0.000191234 0.001199912 0.999999285 0.144662037
1.000000000 -0.000076411 0.000000054 0.003126625 0.000076411 0.999999166 -0.001286626 -0.011348631 0.000000044 0.001286626 0.999999166 0.263496101
0.999999940 -0.000349731 0.000142585 0.003107578 0.000349891 0.999999285 -0.001126611 -0.015223485 -0.000142190 0.001126660 0.999999344 0.385030895
1.000000000 0.000153730 -0.000029831 0.007159229 -0.000153761 0.999999404 -0.001060886 -0.021405516 0.000029668 0.001060890 0.999999464 0.532081902
1.000000000 0.000094889 0.000100222 0.012451140 -0.000094775 0.999999344 -0.001129897 -0.026628619 -0.000100330 0.001129887 0.999999344 0.688204885
1.000000000 -0.000065426 0.000128089 0.031893909 0.000065512 0.999999762 -0.000673761 -0.038447134 -0.000128045 0.000673769 0.999999762 0.853127420
0.999999940 -0.000100619 0.000310020 0.018084040 0.000100812 0.999999821 -0.000623968 -0.037651177 -0.000309958 0.000624000 0.999999762 1.023578525
0.999999881 0.000148359 0.000457419 0.015971540 -0.000148015 0.999999702 -0.000750804 -0.033830747 -0.000457531 0.000750736 0.999999642 1.190320969
0.999999940 -0.000293661 0.000015708 0.042534214 0.000293669 0.999999821 -0.000531707 -0.050671674 -0.000015552 0.000531711 0.999999881 1.413448334
0.999999881 0.000336515 0.000429036 0.030502435 -0.000336294 0.999999821 -0.000513781 -0.061552875 -0.000429208 0.000513637 0.999999762 1.604455829
0.999999285 -0.001171800 -0.000165586 0.044696316 0.001171961 0.999998868 0.000972162 -0.073793940 0.000164447 -0.000972356 0.999999523 1.734117627
0.999997914 -0.001996926 -0.000297351 0.056897253 0.001997312 0.999997199 0.001301536 -0.082042247 0.000294751 -0.001302127 0.999999046 1.933100224
0.999999642 -0.000876032 0.000083703 0.052958701 0.000875968 0.999999344 0.000755697 -0.084262803 -0.000084365 -0.000755624 0.999999702 2.149308443
0.999999464 -0.001037951 -0.000139631 0.060378950 0.001038088 0.999999046 0.000988894 -0.088945769 0.000138605 -0.000989038 0.999999464 2.369839191
0.999999881 -0.000543515 0.000050854 0.056259613 0.000543454 0.999999106 0.001201517 -0.099128902 -0.000051507 -0.001201489 0.999999225 2.588518381
0.999999702 -0.000135766 0.000813449 0.055009790 0.000134650 0.999999106 0.001370830 -0.107494667 -0.000813634 -0.001370720 0.999998689 2.824898481
0.999999762 -0.000442365 0.000500861 0.062920555 0.000441754 0.999999166 0.001219525 -0.116782255 -0.000501400 -0.001219304 0.999999106 3.052051067
0.999999583 -0.000015462 0.000832324 0.058703765 0.000014677 0.999999523 0.000942881 -0.118170336 -0.000832338 -0.000942868 0.999999166 3.317597628
0.999999404 -0.000044780 0.001133032 0.061791968 0.000043167 0.999999046 0.001423679 -0.129092544 -0.001133094 -0.001423629 0.999998331 3.544575453
0.999999762 0.000159822 0.000617064 0.084263988 -0.000160466 0.999999464 0.001043305 -0.128874853 -0.000616897 -0.001043404 0.999999225 3.805443525
0.999999642 -0.000365657 0.000740632 0.081842415 0.000364536 0.999998748 0.001513476 -0.149078220 -0.000741185 -0.001513205 0.999998569 4.049567223
0.999999344 0.000328599 0.001029385 0.079643391 -0.000330660 0.999997973 0.002002832 -0.158463761 -0.001028725 -0.002003171 0.999997437 4.299717903
0.999999404 0.000130265 0.001086421 0.087144874 -0.000132499 0.999997854 0.002056543 -0.169307277 -0.001086151 -0.002056685 0.999997318 4.557480335
0.999999583 -0.000012675 0.000903296 0.093249984 0.000010869 0.999998033 0.001999210 -0.176861495 -0.000903320 -0.001999199 0.999997616 4.832569599
0.999999404 -0.000098255 0.001216717 0.091462187 0.000095545 0.999997497 0.002227182 -0.185588539 -0.001216933 -0.002227065 0.999996722 5.046201229
0.999999523 -0.000426549 0.000911735 0.098111399 0.000424334 0.999996901 0.002428607 -0.198634312 -0.000912769 -0.002428218 0.999996603 5.310518742
0.999998510 0.000540675 0.001648994 0.084674761 -0.000544700 0.999996841 0.002441056 -0.206736073 -0.001647669 -0.002441951 0.999995649 5.558707714
0.999998391 0.000688543 0.001673233 0.090746537 -0.000692697 0.999996662 0.002483078 -0.216911808 -0.001671518 -0.002484233 0.999995470 5.845293999
0.999999285 -0.000181505 0.001143623 0.129725069 0.000178817 0.999997199 0.002349386 -0.214678332 -0.001144046 -0.002349180 0.999996543 6.103704453
0.999999344 -0.000777065 0.000828498 0.126492634 0.000775190 0.999997139 0.002260527 -0.226961941 -0.000830252 -0.002259883 0.999997020 6.419358730
0.999999464 0.000063838 0.001048860 0.125851050 -0.000066026 0.999997854 0.002085899 -0.233920440 -0.001048725 -0.002085968 0.999997258 6.708569050
0.999999583 -0.000415341 0.000813994 0.135668129 0.000413729 0.999997973 0.001979763 -0.233882651 -0.000814814 -0.001979426 0.999997675 7.008469582
0.999999583 -0.000403132 0.000895553 0.146674067 0.000401221 0.999997675 0.002132947 -0.248856649 -0.000896411 -0.002132587 0.999997318 7.308229446
0.999998748 -0.000155099 0.001603163 0.141903862 0.000151287 0.999997199 0.002377539 -0.259912997 -0.001603527 -0.002377294 0.999995887 7.634896755
0.999998689 0.000532764 0.001557981 0.150232092 -0.000536864 0.999996424 0.002632387 -0.272464365 -0.001556573 -0.002633220 0.999995291 7.946661949
0.999998748 -0.000722034 0.001399269 0.147182748 0.000718073 0.999995708 0.002829304 -0.293642789 -0.001401306 -0.002828297 0.999994993 8.250017166
0.999999106 -0.000333577 0.001258969 0.158656567 0.000330200 0.999996364 0.002681304 -0.300762594 -0.001259859 -0.002680886 0.999995589 8.580121994
0.999999106 -0.000407530 0.001327967 0.156864628 0.000404520 0.999997437 0.002266205 -0.302218378 -0.001328887 -0.002265666 0.999996543 8.931489944
0.999998569 -0.000627367 0.001525661 0.163651347 0.000623435 0.999996483 0.002576601 -0.314885765 -0.001527272 -0.002575647 0.999995470 9.276623726
0.999998510 -0.001105048 0.001310581 0.180137888 0.001101210 0.999995053 0.002926237 -0.326010883 -0.001313808 -0.002924790 0.999994814 9.630229950
0.999998510 -0.000428129 0.001717437 0.169982687 0.000422539 0.999994695 0.003253951 -0.333020955 -0.001718821 -0.003253220 0.999993205 9.974750519
0.999998927 -0.000663837 0.001303312 0.187482238 0.000659058 0.999993086 0.003663818 -0.365894556 -0.001305736 -0.003662955 0.999992371 10.316395760
0.999998868 -0.000570565 0.001338442 0.195701584 0.000565472 0.999992549 0.003802222 -0.375425577 -0.001340601 -0.003801461 0.999991834 10.674676895
0.999998987 -0.000786177 0.001222823 0.198771864 0.000781696 0.999993026 0.003661119 -0.383343667 -0.001225693 -0.003660159 0.999992490 11.048278809
0.999998033 -0.001497546 0.001349418 0.213561565 0.001491842 0.999990046 0.004218147 -0.399284273 -0.001355721 -0.004216125 0.999990165 11.415850639
0.999998212 -0.001145538 0.001476463 0.232502744 0.001139687 0.999991596 0.003958057 -0.399361014 -0.001480984 -0.003956367 0.999991000 11.794803619
0.999997854 -0.001625138 0.001311979 0.222018689 0.001619928 0.999990821 0.003963055 -0.413379490 -0.001318407 -0.003960920 0.999991179 12.169091225
0.999998212 -0.001105128 0.001551981 0.230810180 0.001098344 0.999989867 0.004365351 -0.445134193 -0.001556789 -0.004363638 0.999989271 12.598704338
0.999998093 -0.001445404 0.001342939 0.243217573 0.001439479 0.999989271 0.004401985 -0.451133817 -0.001349287 -0.004400043 0.999989450 13.005720139
0.999998152 -0.001620939 0.001022724 0.259428054 0.001616268 0.999988377 0.004551058 -0.465654880 -0.001030090 -0.004549397 0.999989092 13.398669243
0.999997914 -0.000653151 0.001929800 0.268775344 0.000644502 0.999989808 0.004479307 -0.467066765 -0.001932706 -0.004478055 0.999988139 13.835364342
0.999996603 0.000341701 0.002603317 0.266672879 -0.000354039 0.999988735 0.004740257 -0.482829452 -0.002601668 -0.004741163 0.999985337 14.267241478
0.999996722 -0.001709624 0.001888664 0.293775767 0.001699601 0.999984562 0.005295801 -0.520036042 -0.001897688 -0.005292573 0.999984205 14.743797302
0.999995708 -0.002378219 0.001696025 0.307677180 0.002367004 0.999975443 0.006584290 -0.578375578 -0.001711642 -0.006580247 0.999976873 15.006806374
0.999992907 -0.003446264 0.001500923 0.326841354 0.003436294 0.999972343 0.006594707 -0.587905288 -0.001523608 -0.006589503 0.999977052 15.448551178
0.999993682 -0.002227166 0.002748441 0.326624811 0.002208767 0.999975204 0.006679737 -0.598131955 -0.002763250 -0.006673624 0.999973893 15.894485474
0.999993384 -0.002375981 0.002732205 0.343013674 0.002356809 0.999972641 0.006999164 -0.610522270 -0.002748760 -0.006992679 0.999971747 16.327026367
0.999994397 -0.002114681 0.002579921 0.345805228 0.002097432 0.999975562 0.006670443 -0.612349510 -0.002593964 -0.006664996 0.999974370 16.780883789
0.999992251 -0.002797808 0.002749532 0.367297679 0.002780475 0.999976277 0.006287859 -0.628133833 -0.002767059 -0.006280166 0.999976456 17.203147888
0.999995589 -0.000829679 0.002848755 0.383996338 0.000809804 0.999975324 0.006970666 -0.628413439 -0.002854469 -0.006968328 0.999971688 17.662185669
0.999992013 -0.001601319 0.003658773 0.369563460 0.001572559 0.999967933 0.007849840 -0.684862971 -0.003671226 -0.007844024 0.999962509 18.063016891
0.999989927 -0.002629564 0.003619707 0.390006900 0.002600621 0.999964774 0.007977822 -0.690447807 -0.003640559 -0.007968329 0.999961674 18.537641525
0.999990106 -0.002009623 0.003960598 0.400043726 0.001975922 0.999961853 0.008494699 -0.705249786 -0.003977518 -0.008486791 0.999956071 19.003536224
0.999989986 -0.001435971 0.004222166 0.414194614 0.001401495 0.999965727 0.008157167 -0.713513613 -0.004233734 -0.008151168 0.999957800 19.477804184
0.999989510 -0.000714887 0.004523806 0.415335834 0.000678942 0.999968171 0.007942241 -0.729938686 -0.004529340 -0.007939086 0.999958277 19.979299545
0.999988139 0.000107977 0.004863528 0.422739118 -0.000148037 0.999966025 0.008237202 -0.736870527 -0.004862473 -0.008237825 0.999954224 20.469766617
0.999991000 -0.000988460 0.004120226 0.474553466 0.000952369 0.999961376 0.008752158 -0.781519413 -0.004128718 -0.008748156 0.999953210 20.960241318
0.999991655 -0.000628669 0.004032901 0.481658399 0.000596299 0.999967694 0.008022748 -0.777367353 -0.004037814 -0.008020275 0.999959707 21.469360352
0.999992967 -0.000416854 0.003719507 0.489797235 0.000387840 0.999969542 0.007797841 -0.786875606 -0.003722643 -0.007796342 0.999962687 21.996370316
0.999993563 -0.001282436 0.003358709 0.481657416 0.001251863 0.999957860 0.009089092 -0.823817015 -0.003370223 -0.009084827 0.999953032 22.494945526
0.999993920 -0.002661275 0.002249121 0.523053586 0.002640781 0.999955416 0.009066115 -0.832067847 -0.002273148 -0.009060120 0.999956369 22.987880707
0.999995589 -0.002761863 0.001099229 0.539343357 0.002751794 0.999955237 0.009058306 -0.841565073 -0.001124198 -0.009055240 0.999958396 23.526868820
0.999997795 -0.000699418 0.001989533 0.528802216 0.000682844 0.999965131 0.008318859 -0.847217441 -0.001995282 -0.008317480 0.999963462 24.079339981
0.999998868 -0.000270699 0.001485924 0.534860611 0.000257887 0.999962866 0.008615496 -0.862283945 -0.001488201 -0.008615102 0.999961793 24.634437561
0.999997973 -0.001992929 -0.000273687 0.561171651 0.001995520 0.999949813 0.009818268 -0.875016809 0.000254106 -0.009818794 0.999951780 25.085464478
0.999995768 -0.002646164 -0.001147454 0.569597781 0.002657164 0.999949455 0.009693689 -0.879013836 0.001121745 -0.009696696 0.999952435 25.628616333
0.999995887 -0.002467225 -0.001481777 0.573113978 0.002481261 0.999951363 0.009546350 -0.886276126 0.001458152 -0.009549987 0.999953330 26.165746689
0.999993026 -0.003160743 -0.001980673 0.594368696 0.003181208 0.999940634 0.010415618 -0.901384950 0.001947634 -0.010421846 0.999943733 26.774911880
0.999990106 -0.003527202 -0.002720990 0.605636954 0.003552760 0.999949098 0.009445974 -0.907728076 0.002687534 -0.009455546 0.999951661 27.312095642
0.999994278 -0.002031797 -0.002735818 0.607793927 0.002058911 0.999948442 0.009944472 -0.926405072 0.002715472 -0.009950045 0.999946833 27.884057999
0.999989569 -0.003054915 -0.003394202 0.616658568 0.003086434 0.999951839 0.009320032 -0.921345055 0.003365567 -0.009330411 0.999950767 28.426122665
0.999984443 -0.003290018 -0.004506079 0.673633933 0.003337113 0.999939501 0.010484044 -0.957651973 0.004471314 -0.010498916 0.999934912 29.000881195
0.999989033 -0.002757646 -0.003788095 0.627244651 0.002798794 0.999936700 0.010900480 -0.978660226 0.003757796 -0.010910963 0.999933422 29.550977707
0.999988496 -0.002776640 -0.003910043 0.637494564 0.002818184 0.999939203 0.010659626 -0.980952501 0.003880208 -0.010670522 0.999935567 30.098787308
0.999985576 -0.003305443 -0.004249246 0.649642944 0.003350599 0.999937534 0.010663938 -0.999128938 0.004213731 -0.010678022 0.999934077 30.663722992
0.999986470 -0.002642106 -0.004474513 0.637934566 0.002695963 0.999923468 0.012073343 -1.053202271 0.004442271 -0.012085242 0.999917090 31.080137253
0.999986053 -0.002364087 -0.004704682 0.650837421 0.002422207 0.999920368 0.012386488 -1.067842484 0.004675023 -0.012397714 0.999912143 31.616563797
0.999985099 -0.002792527 -0.004675298 0.668159842 0.002847416 0.999926567 0.011774979 -1.078524590 0.004642073 -0.011788115 0.999919713 32.182098389
0.999984026 -0.002481510 -0.005072520 0.666630387 0.002541047 0.999927521 0.011764368 -1.059691191 0.005042958 -0.011777068 0.999917924 32.702484131
0.999988377 -0.000563503 -0.004777853 0.659608722 0.000616317 0.999938607 0.011059812 -1.067815423 0.004771329 -0.011062630 0.999927402 33.271320343
0.999985993 -0.002059512 -0.004876771 0.670829058 0.002117341 0.999927104 0.011882860 -1.079754829 0.004851942 -0.011893020 0.999917448 33.801567078
0.999976635 -0.003900278 -0.005617969 0.654699147 0.003976852 0.999898434 0.013684127 -1.162172079 0.005564025 -0.013706147 0.999890566 34.346374512
0.999974787 -0.004360741 -0.005620376 0.655564189 0.004437461 0.999896109 0.013710839 -1.168889284 0.005560002 -0.013735431 0.999890208 34.855163574
0.999973118 -0.003819630 -0.006255910 0.672617197 0.003905770 0.999896824 0.013815555 -1.184653521 0.006202493 -0.013839617 0.999884963 35.389610291
0.999974728 -0.003330976 -0.006272112 0.670579910 0.003416407 0.999900818 0.013659722 -1.198428392 0.006225989 -0.013680805 0.999886990 35.968929291
0.999977112 -0.002536978 -0.006272660 0.675312340 0.002620635 0.999907255 0.013364840 -1.213186860 0.006238171 -0.013380973 0.999890983 36.565773010
0.999974310 -0.002969460 -0.006528639 0.684233248 0.003056721 0.999905646 0.013396773 -1.226549864 0.006488240 -0.013416384 0.999888897 37.130737305
0.999975920 -0.002850050 -0.006333298 0.682114899 0.002933693 0.999908149 0.013237123 -1.227771401 0.006294989 -0.013255388 0.999892294 37.643993378
0.999970973 -0.003654695 -0.006683101 0.693147302 0.003747583 0.999895871 0.013939649 -1.251975060 0.006631459 -0.013964292 0.999880493 38.185268402
0.999962986 -0.004704373 -0.007205961 0.696816921 0.004805509 0.999889314 0.014082535 -1.259729862 0.007138913 -0.014116640 0.999874830 38.712150574
0.999969721 -0.003466430 -0.006969471 0.710461855 0.003560843 0.999901414 0.013580208 -1.263304949 0.006921710 -0.013604613 0.999883473 39.282691956
0.999964952 -0.003644145 -0.007533527 0.747634947 0.003756278 0.999881625 0.014924437 -1.290921450 0.007478247 -0.014952212 0.999860287 39.837203979
0.999967873 -0.003696540 -0.007114777 0.735593021 0.003796738 0.999893129 0.014121518 -1.268263817 0.007061815 -0.014148078 0.999874949 40.338100433
0.999965727 -0.004229194 -0.007125863 0.739196301 0.004331381 0.999887109 0.014386368 -1.298768520 0.007064216 -0.014416740 0.999871075 40.897895813
0.999971390 -0.003561204 -0.006669858 0.743345916 0.003660164 0.999882460 0.014883887 -1.311048746 0.006616069 -0.014907873 0.999866962 41.418228149
0.999965072 -0.004424774 -0.007083545 0.753766954 0.004535941 0.999865592 0.015755257 -1.328519106 0.007012879 -0.015786840 0.999850750 41.967033386
0.999960959 -0.004259804 -0.007736970 0.768920481 0.004376322 0.999876261 0.015105866 -1.327993631 0.007671664 -0.015139136 0.999855876 42.516220093
0.999968350 -0.003509837 -0.007143708 0.757206857 0.003622947 0.999867320 0.015882716 -1.346059561 0.007087015 -0.015908096 0.999848366 43.070575714
0.999974728 -0.003069106 -0.006403192 0.743767381 0.003169702 0.999870718 0.015759729 -1.352451324 0.006353996 -0.015779627 0.999855220 43.629211426
0.999963224 -0.004314763 -0.007412302 0.781728327 0.004429711 0.999869049 0.015561775 -1.348985553 0.007344187 -0.015594037 0.999851406 44.258674622
0.999960244 -0.004781032 -0.007524987 0.771337688 0.004902609 0.999856412 0.016221846 -1.395914555 0.007446349 -0.016258094 0.999840081 44.712203979
0.999958217 -0.004850677 -0.007742805 0.781083107 0.004971524 0.999864995 0.015665611 -1.398990631 0.007665769 -0.015703455 0.999847293 45.263782501
0.999958396 -0.005228676 -0.007470047 0.785358429 0.005347586 0.999857903 0.015988018 -1.405849218 0.007385388 -0.016027302 0.999844253 45.784866333
0.999964654 -0.004586648 -0.007050634 0.782686949 0.004699516 0.999859691 0.016075846 -1.414503574 0.006975911 -0.016108414 0.999845922 46.303882599
0.999966323 -0.004305962 -0.006978441 0.768382549 0.004411544 0.999875009 0.015185668 -1.397889376 0.006912178 -0.015215944 0.999860346 46.922161102
0.999952853 -0.006107981 -0.007550626 0.796425164 0.006228141 0.999852657 0.015994089 -1.429111838 0.007451822 -0.016040362 0.999843597 47.470962524
0.999966443 -0.003997880 -0.007149683 0.783432484 0.004115461 0.999855280 0.016507307 -1.473478317 0.007082654 -0.016536180 0.999838114 47.971504211
0.999968052 -0.004038307 -0.006891014 0.790284693 0.004150241 0.999858439 0.016307218 -1.484424591 0.006824185 -0.016335297 0.999843240 48.509555817
0.999968171 -0.004016710 -0.006895302 0.795599103 0.004132784 0.999848664 0.016903039 -1.495681047 0.006826364 -0.016930996 0.999833345 49.058742523
0.999960124 -0.004543692 -0.007690107 0.816760898 0.004668583 0.999856114 0.016301205 -1.490383863 0.007614935 -0.016336458 0.999837458 49.618877411
0.999961615 -0.004788434 -0.007346355 0.806114972 0.004913350 0.999841988 0.017081056 -1.509103894 0.007263404 -0.017116493 0.999827027 50.187564850
0.999972463 -0.003492381 -0.006550865 0.777739167 0.003607955 0.999836504 0.017714325 -1.522536516 0.006487931 -0.017737472 0.999821603 50.720115662
0.999957979 -0.004625081 -0.007917818 0.826754451 0.004761858 0.999838233 0.017343897 -1.528096437 0.007836320 -0.017380871 0.999818206 51.182342529
0.999952674 -0.004806782 -0.008462080 0.831696689 0.004950836 0.999841690 0.017085778 -1.529555321 0.008378614 -0.017126860 0.999818206 51.722488403
0.999957561 -0.004867283 -0.007820357 0.836279988 0.005002094 0.999837577 0.017312381 -1.541535378 0.007734820 -0.017350761 0.999819636 52.280635834
0.999956369 -0.005696997 -0.007405801 0.847412169 0.005825047 0.999831855 0.017385591 -1.539130688 0.007305509 -0.017427970 0.999821484 52.816879272
0.999955773 -0.005192008 -0.007841899 0.834835172 0.005329126 0.999831438 0.017566796 -1.563292265 0.007749371 -0.017607812 0.999814928 53.314662933
0.999964178 -0.004585925 -0.007117031 0.833589792 0.004711841 0.999830782 0.017777285 -1.570547819 0.007034304 -0.017810179 0.999816597 53.840179443
0.999953628 -0.005372492 -0.007992283 0.839923978 0.005510387 0.999834538 0.017332634 -1.568131208 0.007897843 -0.017375872 0.999817789 54.381629944
0.999953806 -0.005366753 -0.007967043 0.837428927 0.005509554 0.999822557 0.018011594 -1.603299856 0.007868967 -0.018054660 0.999806046 54.855022430
0.999962986 -0.004298779 -0.007463790 0.859738827 0.004430729 0.999832571 0.017752986 -1.576971531 0.007386225 -0.017785400 0.999814570 55.453536987
0.999958992 -0.004994301 -0.007555292 0.847114086 0.005133037 0.999816418 0.018456113 -1.610025048 0.007461732 -0.018494137 0.999801159 55.913509369
0.999961138 -0.004726171 -0.007440135 0.849500060 0.004862778 0.999817908 0.018450957 -1.629981637 0.007351577 -0.018486423 0.999802232 56.346508026
0.999961495 -0.004396467 -0.007589208 0.862638175 0.004536930 0.999816835 0.018591374 -1.629991412 0.007506082 -0.018625092 0.999798417 56.888931274
0.999964654 -0.004736358 -0.006952208 0.868577957 0.004859348 0.999830127 0.017781759 -1.636909842 0.006866806 -0.017814910 0.999817729 57.466804504
0.999968648 -0.004634213 -0.006421596 0.861399770 0.004746065 0.999835432 0.017513784 -1.639469504 0.006339376 -0.017543709 0.999826014 58.018951416
0.999959886 -0.005399433 -0.007153313 0.911056101 0.005517620 0.999846935 0.016606504 -1.621125460 0.007062553 -0.016645305 0.999836564 58.531055450
0.999962151 -0.005056072 -0.007078266 0.894398332 0.005179513 0.999832988 0.017531274 -1.665148854 0.006988443 -0.017567275 0.999821305 59.080677032
0.999971569 -0.004288953 -0.006193951 0.894082546 0.004399688 0.999828815 0.017976364 -1.676718712 0.006115790 -0.018003101 0.999819279 59.537113190
0.999962032 -0.004257794 -0.007602294 0.915707648 0.004405187 0.999800682 0.019477870 -1.701862812 0.007517845 -0.019510619 0.999781370 59.894081116
0.999963284 -0.003958018 -0.007602250 0.928090751 0.004100470 0.999814630 0.018814936 -1.706004858 0.007526371 -0.018845424 0.999794126 60.442367554
0.999950290 -0.004460042 -0.008909278 1.006756544 0.004631542 0.999802530 0.019322563 -1.726576209 0.008821338 -0.019362871 0.999773622 60.935005188
0.999957204 -0.004561340 -0.008049989 0.983732343 0.004712340 0.999811411 0.018839836 -1.725127578 0.007962536 -0.018876968 0.999790072 61.474712372
0.999957740 -0.004792439 -0.007830106 0.974370360 0.004936235 0.999817610 0.018449644 -1.702136397 0.007740259 -0.018487521 0.999799132 62.011680603
0.999961972 -0.004231050 -0.007626875 0.956991792 0.004380018 0.999797881 0.019622359 -1.715521693 0.007542310 -0.019655023 0.999778390 62.425685883
0.999966323 -0.003879529 -0.007228051 0.961277127 0.004013646 0.999818325 0.018633936 -1.713497996 0.007154446 -0.018662322 0.999800324 62.977081299
0.999969900 -0.003327757 -0.007010120 0.949347019 0.003462683 0.999807358 0.019323980 -1.733311772 0.006944463 -0.019347681 0.999788702 63.497528076
0.999959052 -0.004187043 -0.008022023 0.993783414 0.004339192 0.999809265 0.019043816 -1.719448447 0.007940756 -0.019077843 0.999786556 64.028511047
0.999965429 -0.002997126 -0.007752028 1.000514269 0.003148302 0.999803662 0.019563366 -1.744545698 0.007691870 -0.019587101 0.999778569 64.544654846
0.999953747 -0.005111011 -0.008151130 1.013501406 0.005271679 0.999789774 0.019813094 -1.742775321 0.008048152 -0.019855151 0.999770463 64.938796997
0.999958098 -0.004686430 -0.007871075 1.030683279 0.004844240 0.999785125 0.020151494 -1.761524677 0.007774946 -0.020188777 0.999765992 65.462265015
0.999962032 -0.004788733 -0.007292275 1.021540046 0.004929014 0.999800742 0.019342037 -1.749939203 0.007198199 -0.019377241 0.999786317 66.026519775
0.999965906 -0.004720365 -0.006781400 1.029005289 0.004852050 0.999797344 0.019535024 -1.753206372 0.006687813 -0.019567257 0.999786198 66.564743042
0.999963999 -0.004065592 -0.007453015 1.068311691 0.004206893 0.999809742 0.019042369 -1.737519503 0.007374180 -0.019073034 0.999790907 67.087295532
0.999945581 -0.005926840 -0.008587964 1.063270450 0.006093801 0.999790311 0.019547254 -1.754935741 0.008470307 -0.019598519 0.999772191 67.469200134
0.999951720 -0.005567155 -0.008097441 1.047822237 0.005720843 0.999801517 0.019082082 -1.758579373 0.007989600 -0.019127488 0.999785185 68.025588989
0.999953330 -0.004677772 -0.008449627 1.083604574 0.004841780 0.999798179 0.019495051 -1.780507565 0.008356729 -0.019535050 0.999774277 68.516601562
0.999936998 -0.006616718 -0.009072119 1.088433027 0.006782029 0.999809265 0.018313991 -1.750735998 0.008949211 -0.018374361 0.999791145 69.081405640
0.999944866 -0.005763986 -0.008775627 1.112793446 0.005934815 0.999790907 0.019566365 -1.772972584 0.008661012 -0.019617366 0.999770045 69.465667725
0.999935031 -0.006295609 -0.009498441 1.138578892 0.006483382 0.999781609 0.019869288 -1.789743781 0.009371278 -0.019929579 0.999757469 70.013290405
0.999943852 -0.005733496 -0.008913446 1.126745582 0.005905025 0.999795556 0.019338045 -1.781106949 0.008800750 -0.019389590 0.999773324 70.568283081
0.999936461 -0.006747326 -0.009032848 1.118266582 0.006920977 0.999789059 0.019333076 -1.795272708 0.008900496 -0.019394360 0.999772251 71.053070068
0.999938488 -0.006579195 -0.008930487 1.122645617 0.006748366 0.999795794 0.019047044 -1.797069311 0.008803350 -0.019106135 0.999778688 71.615570068
0.999950051 -0.004840992 -0.008748185 1.124692202 0.005006584 0.999806762 0.019006854 -1.800913334 0.008654482 -0.019049700 0.999781132 72.157402039
0.999937177 -0.006030402 -0.009444211 1.147244692 0.006209685 0.999798834 0.019070532 -1.803004622 0.009327307 -0.019127984 0.999773622 72.678321838
0.999943674 -0.006200513 -0.008611539 1.140923262 0.006369847 0.999784112 0.019777307 -1.826631904 0.008487050 -0.019831045 0.999767303 73.130203247
0.999945641 -0.006087814 -0.008464101 1.145226955 0.006252773 0.999788344 0.019601176 -1.831373334 0.008342981 -0.019653033 0.999772072 73.673339844
0.999948502 -0.005714963 -0.008385036 1.130876303 0.005877489 0.999792814 0.019488035 -1.835200667 0.008271925 -0.019536316 0.999774933 74.203765869
0.999934733 -0.007152520 -0.008900772 1.168587923 0.007320961 0.999791980 0.019037772 -1.828446865 0.008762751 -0.019101691 0.999779165 74.721397400
0.999931991 -0.007353017 -0.009047798 1.189015388 0.007527115 0.999784231 0.019360833 -1.829331636 0.008903485 -0.019427620 0.999771595 75.162490845
0.999933898 -0.006824804 -0.009255871 1.191135406 0.007007748 0.999777794 0.019879023 -1.847286940 0.009118143 -0.019942569 0.999759555 75.692092896
0.999934196 -0.006844020 -0.009211008 1.200352192 0.007031524 0.999765515 0.020480393 -1.854778647 0.009068680 -0.020543810 0.999747753 76.172248840
0.999918103 -0.008311192 -0.009730020 1.182792187 0.008498366 0.999776542 0.019356055 -1.834707618 0.009566973 -0.019437157 0.999765277 76.737289429
0.999937713 -0.006832813 -0.008824168 1.193520069 0.007007605 0.999776781 0.019931782 -1.848982334 0.008686006 -0.019992376 0.999762416 77.218185425
0.999944210 -0.006082737 -0.008643124 1.195542574 0.006256943 0.999774873 0.020273374 -1.854532123 0.008517860 -0.020326322 0.999757171 77.783348083
0.999925494 -0.007182251 -0.009865267 1.249297380 0.007371642 0.999786675 0.019297536 -1.857653379 0.009724561 -0.019368820 0.999765098 78.347213745
0.999953091 -0.006350300 -0.007311477 1.197401762 0.006493944 0.999782979 0.019793138 -1.865471244 0.007184198 -0.019839689 0.999777377 78.841857910
0.999969125 -0.005433768 -0.005678114 1.202405214 0.005545812 0.999786496 0.019906664 -1.875648618 0.005568734 -0.019937543 0.999785721 79.398674011
0.999972820 -0.005302690 -0.005114989 1.215179086 0.005401889 0.999793708 0.019579269 -1.885416269 0.005010111 -0.019606367 0.999795318 79.975135803
0.999979854 -0.005366561 -0.003389383 1.197462320 0.005433581 0.999783576 0.020083958 -1.902697086 0.003280869 -0.020101970 0.999792576 80.514381409
0.999976158 -0.006725877 -0.001569456 1.275985241 0.006757042 0.999761403 0.020778229 -1.915777445 0.001429330 -0.020788340 0.999782860 80.908515930
0.999978542 -0.006118311 0.002363575 1.290489435 0.006068291 0.999769092 0.020620061 -1.908513069 -0.002489188 -0.020605274 0.999784589 81.449180603
0.999966025 -0.006261313 0.005373884 1.317646980 0.006150451 0.999772847 0.020404132 -1.912718177 -0.005500420 -0.020370387 0.999777377 81.990905762
0.999934912 -0.006417278 0.009437309 1.346436501 0.006223541 0.999772131 0.020416852 -1.917048454 -0.009566179 -0.020356789 0.999746919 82.531059265
0.999870420 -0.005175910 0.015247662 1.382978439 0.004846634 0.999755979 0.021553591 -1.960855722 -0.015355499 -0.021476898 0.999651432 82.993560791
0.999751508 -0.006714938 0.021256348 1.341311336 0.006267000 0.999758363 0.021070087 -1.943114638 -0.021392696 -0.020931639 0.999551952 83.515609741
0.999608397 -0.006737576 0.027158558 1.375837803 0.006157427 0.999752283 0.021388898 -1.948258400 -0.027295940 -0.021213295 0.999402225 84.050483704
0.999319613 -0.006326834 0.036333129 1.380149722 0.005572732 0.999767721 0.020819126 -1.934676647 -0.036456414 -0.020602483 0.999122918 84.633300781
0.999016047 -0.005786077 0.043972041 1.445171833 0.004829710 0.999750078 0.021824654 -1.963189483 -0.044087339 -0.021590805 0.998794377 85.113876343
0.998694777 -0.006627010 0.050643791 1.499573708 0.005584746 0.999770224 0.020694172 -1.952732682 -0.050769299 -0.020384328 0.998502374 85.681068420
0.998157203 -0.005628288 0.060420301 1.561559200 0.004321161 0.999754250 0.021742811 -2.003275394 -0.060527831 -0.021441655 0.997936249 86.182426453
0.997552097 -0.007437515 0.069530770 1.624021053 0.005914837 0.999738693 0.022079632 -1.979615092 -0.069676824 -0.021614319 0.997335434 86.650161743
0.996883214 -0.007759367 0.078509547 1.683550358 0.006049920 0.999739885 0.021988224 -1.975324392 -0.078659743 -0.021444712 0.996670783 87.212089539
0.996209443 -0.008167275 0.086603247 1.729520798 0.006358229 0.999756217 0.021144200 -1.969517231 -0.086754836 -0.020513408 0.996018469 87.810913086
0.995256603 -0.007983811 0.096957728 1.818544388 0.005941508 0.999754727 0.021334333 -1.979527950 -0.097104296 -0.020657055 0.995059848 88.396766663
0.994098663 -0.007154904 0.108243361 1.889534473 0.004858236 0.999757707 0.021466484 -1.994284034 -0.108370736 -0.020813931 0.993892729 88.882164001
0.993070722 -0.007278756 0.117292158 1.958879471 0.004744695 0.999749541 0.021869456 -1.975507617 -0.117421962 -0.021161400 0.992856741 89.379043579
0.991706133 -0.006797374 0.128345996 2.051045418 0.004028382 0.999753773 0.021821709 -1.973597407 -0.128462732 -0.021123696 0.991489351 89.926063538
0.990011752 -0.006640832 0.140828252 2.139235497 0.003633959 0.999760211 0.021597782 -1.975244880 -0.140937895 -0.020870296 0.989798486 90.468399048
0.988409817 -0.007432209 0.151627034 2.245436668 0.004245603 0.999763489 0.021329019 -1.982234240 -0.151749700 -0.020438064 0.988207579 90.998321533
0.986933112 -0.007110312 0.160973161 2.354785919 0.003584810 0.999747574 0.022181023 -1.996795177 -0.161090240 -0.021314127 0.986709476 91.531471252
0.984770358 -0.008259505 0.173664093 2.438672066 0.004548439 0.999752998 0.021756351 -1.979928732 -0.173800901 -0.020635106 0.984564602 92.064201355
0.982706249 -0.008408675 0.184980154 2.614459038 0.004386430 0.999745131 0.022142705 -1.990962744 -0.185119197 -0.020948371 0.982492745 92.689468384
0.980592132 -0.008982466 0.195853099 2.744072914 0.004711199 0.999741018 0.022263499 -1.995510817 -0.196002319 -0.020908708 0.980380476 93.226463318
0.977855921 -0.008787539 0.209095150 2.881153107 0.004229350 0.999743700 0.022236742 -1.993828058 -0.209236979 -0.020859988 0.977642477 93.763549805
0.974665105 -0.008601950 0.223503634 3.011764526 0.003763496 0.999749422 0.022065174 -1.994039536 -0.223637417 -0.020665001 0.974453270 94.261924744
0.972007930 -0.009466619 0.234756976 3.170103073 0.004320384 0.999739170 0.022426177 -2.010659695 -0.234908044 -0.020784184 0.971795380 94.811035156
0.968695819 -0.008295349 0.248112142 3.299625397 0.002859040 0.999747992 0.022263000 -1.985006094 -0.248234287 -0.020856712 0.968475580 95.417114258
0.965020478 -0.008779615 0.262027323 3.461069107 0.002953691 0.999739766 0.022619622 -1.990500927 -0.262157738 -0.021054450 0.964795351 95.933532715
0.961375237 -0.008617304 0.275106281 3.636163712 0.002675287 0.999755085 0.021966929 -1.986925602 -0.275228202 -0.020382471 0.961162806 96.482772827
0.958453476 -0.010841858 0.285042822 3.835742950 0.004682842 0.999740779 0.022280024 -2.001567125 -0.285210520 -0.020019555 0.958255708 96.997085571
0.954022825 -0.009930607 0.299569458 4.029624939 0.003068791 0.999722242 0.023367377 -2.022753000 -0.299718320 -0.021373698 0.953788280 97.517097473
0.949379981 -0.009030756 0.314000219 4.189823151 0.001745170 0.999722898 0.023475859 -2.006345749 -0.314125150 -0.021739528 0.949132621 97.999031067
0.945819139 -0.009752052 0.324547291 4.408527374 0.002472138 0.999736190 0.022835765 -2.001157522 -0.324684292 -0.020796176 0.945593774 98.518562317
0.941188216 -0.009608118 0.337746084 4.602966309 0.001901949 0.999730349 0.023139980 -2.006006718 -0.337877333 -0.021136696 0.940952778 99.029457092
0.936082602 -0.009521401 0.351651371 4.822381973 0.001365563 0.999724567 0.023433708 -2.018640280 -0.351777613 -0.021455685 0.935837626 99.543548584
0.931504071 -0.011200785 0.363558620 5.050685883 0.002996435 0.999728203 0.023122950 -2.024060011 -0.363718778 -0.020449743 0.931284308 100.113037109
0.927172184 -0.011278473 0.374465764 5.289350510 0.002859532 0.999730706 0.023030562 -2.015013695 -0.374624670 -0.020282496 0.926954687 100.587905884
0.921068847 -0.011487793 0.389230311 5.493143082 0.002443216 0.999715567 0.023724141 -2.009874344 -0.389392138 -0.020900596 0.920834899 101.045532227
0.915325940 -0.011297481 0.402555227 5.734809875 0.001943930 0.999718726 0.023636447 -2.015545607 -0.402709007 -0.020852515 0.915090501 101.541679382
0.910819769 -0.012648287 0.412610620 5.984004974 0.003172583 0.999715388 0.023642242 -2.013327837 -0.412792295 -0.020224771 0.910600662 102.036018372
0.905288577 -0.012942688 0.424599975 6.239425659 0.002645307 0.999688029 0.024832513 -2.028864622 -0.424788952 -0.021357391 0.905040383 102.530708313
0.898888350 -0.013869103 0.437958419 6.500198364 0.003380409 0.999688745 0.024719652 -2.031463146 -0.438164920 -0.020739721 0.898655355 103.003387451
0.892541707 -0.013141365 0.450773299 6.766033173 0.002391014 0.999699175 0.024409898 -2.040760040 -0.450958520 -0.020709047 0.892304599 103.544921875
0.886468351 -0.013083119 0.462604135 7.033367157 0.001997438 0.999699175 0.024445346 -2.034742832 -0.462784797 -0.020746004 0.886227906 104.044029236
0.879635334 -0.013810229 0.475448191 7.321769714 0.002460220 0.999697089 0.024486264 -2.044920683 -0.475642383 -0.020369278 0.879402936 104.499847412
0.872548997 -0.013822488 0.488330901 7.606086731 0.001988105 0.999691844 0.024744503 -2.045128584 -0.488522500 -0.020619938 0.872307718 104.985076904
