1.000000000 0.000000000 0.000000000 0.000000000 0.000000000 1.000000000 0.000000000 0.000000000 0.000000000 0.000000000 1.000000000 0.000000000
1.000000000 -0.000007312 -0.000000594 0.000383652 0.000007312 1.000000000 0.000032713 0.000142283 0.000000594 -0.000032713 1.000000000 0.000249746
1.000000000 0.000004767 0.000102633 -0.000420381 -0.000004773 1.000000000 0.000056592 -0.000038932 -0.000102633 -0.000056592 1.000000000 0.000396800
1.000000000 -0.000179731 -0.000005967 0.000982230 0.000179731 1.000000000 -0.000018950 0.000432757 0.000005971 0.000018949 1.000000000 -0.000036856
1.000000000 0.000060610 0.000085729 -0.000343665 -0.000060613 1.000000000 0.000035191 0.000495485 -0.000085727 -0.000035196 1.000000000 0.000627651
1.000000000 0.000115187 0.000056858 -0.000239618 -0.000115187 1.000000000 -0.000009585 0.000113923 -0.000056859 0.000009578 1.000000000 -0.000732926
1.000000000 0.000010282 0.000044555 0.000970567 -0.000010283 1.000000000 0.000026177 0.000084264 -0.000044555 -0.000026177 1.000000000 0.000262398
1.000000000 0.000061804 0.000016987 -0.000139424 -0.000061805 1.000000000 0.000070696 0.000381380 -0.000016982 -0.000070697 1.000000000 0.000352789
1.000000000 0.000094875 0.000052523 0.000635648 -0.000094877 1.000000000 0.000037491 0.000494106 -0.000052519 -0.000037496 1.000000000 0.001075548
1.000000000 0.000187124 0.000019742 0.000233667 -0.000187123 1.000000000 -0.000015496 0.000223566 -0.000019745 0.000015493 1.000000000 -0.000684792
1.000000000 0.000042389 0.000049437 -0.000212448 -0.000042389 1.000000000 -0.000001320 0.000545074 -0.000049437 0.000001318 1.000000000 -0.000148992
1.000000000 0.000077184 0.000034719 -0.000642515 -0.000077181 1.000000000 -0.000095900 0.001667071 -0.000034727 0.000095897 1.000000000 0.000496122
1.000000000 0.000091481 0.000082112 -0.000370556 -0.000091477 1.000000000 -0.000056406 0.001384604 -0.000082117 0.000056399 1.000000000 0.000117041
1.000000000 0.000142901 0.000135121 -0.001234591 -0.000142895 1.000000000 -0.000045649 0.001915002 -0.000135128 0.000045630 1.000000000 0.001312028
0.999999940 0.000223988 0.000120211 -0.002217701 -0.000223978 1.000000000 -0.000086482 0.001962701 -0.000120230 0.000086455 1.000000000 0.001210947
0.999999940 0.000245224 0.000146985 -0.001877740 -0.000245218 0.999999940 -0.000036675 0.002348884 -0.000146994 0.000036639 1.000000000 0.001577364
0.999999940 0.000248875 0.000193904 -0.002434859 -0.000248860 0.999999940 -0.000082349 0.002338859 -0.000193925 0.000082301 1.000000000 0.002054692
1.000000000 0.000178059 0.000158377 -0.002105555 -0.000178057 1.000000000 -0.000009635 0.001748849 -0.000158379 0.000009607 1.000000000 0.001561611
1.000000000 0.000217101 0.000072277 -0.001382005 -0.000217101 1.000000000 -0.000003098 0.001941179 -0.000072277 0.000003083 1.000000000 0.001217489
1.000000000 0.000108496 0.000173480 -0.001883847 -0.000108484 1.000000000 -0.000063791 0.002036835 -0.000173486 0.000063772 1.000000000 0.001396437
0.999999940 0.000204222 0.000150877 -0.001830058 -0.000204231 1.000000000 0.000061073 0.001785816 -0.000150864 -0.000061104 1.000000000 0.002210521
0.999999940 0.000272766 0.000140236 -0.002329614 -0.000272760 0.999999940 -0.000045784 0.002516668 -0.000140248 0.000045746 1.000000000 0.001969135
0.999999940 0.000248647 0.000236985 -0.002043423 -0.000248642 0.999999940 -0.000019315 0.001643303 -0.000236990 0.000019256 1.000000000 0.001367288
0.999999940 0.000174213 0.000189640 -0.002570782 -0.000174205 1.000000000 -0.000039485 0.002471587 -0.000189647 0.000039452 1.000000000 0.001619805
1.000000000 0.000097525 0.000138938 -0.001615885 -0.000097519 1.000000000 -0.000042822 0.001885573 -0.000138943 0.000042808 1.000000000 0.002022082
1.000000000 0.000136672 0.000088858 -0.001916767 -0.000136670 1.000000000 -0.000017859 0.001946897 -0.000088860 0.000017847 1.000000000 0.000491459
1.000000000 0.000114188 0.000117763 -0.001564565 -0.000114190 1.000000000 0.000014500 0.001644497 -0.000117761 -0.000014514 1.000000000 0.001210626
1.000000000 0.000021381 0.000157137 -0.000965386 -0.000021380 1.000000000 -0.000002306 0.001553178 -0.000157137 0.000002303 1.000000000 0.001734768
1.000000000 0.000059302 0.000159356 -0.000813350 -0.000059295 1.000000000 -0.000045732 0.002260996 -0.000159359 0.000045722 1.000000000 0.002643741
0.999999940 0.000215471 0.000155073 -0.001765924 -0.000215459 1.000000000 -0.000075125 0.002213523 -0.000155089 0.000075091 1.000000000 0.001863166
0.999999940 0.000297183 0.000232828 -0.001953196 -0.000297198 0.999999940 0.000063846 0.000946721 -0.000232809 -0.000063915 1.000000000 0.000025982
0.999999940 0.000202117 0.000165024 -0.001710588 -0.000202112 1.000000000 -0.000026216 0.001510013 -0.000165030 0.000026183 1.000000000 0.000925312
1.000000000 0.000166463 0.000126903 -0.000328824 -0.000166459 1.000000000 -0.000035393 0.000602354 -0.000126909 0.000035372 1.000000000 0.000471228
1.000000000 0.000154875 0.000140365 -0.002350335 -0.000154878 1.000000000 0.000025685 0.001774892 -0.000140362 -0.000025706 1.000000000 0.001439981
1.000000000 0.000081201 0.000114813 -0.001513347 -0.000081199 1.000000000 -0.000021368 0.002204336 -0.000114815 0.000021359 1.000000000 0.002001010
0.999999940 0.000175154 0.000172686 -0.001884076 -0.000175157 1.000000000 0.000015561 0.001358021 -0.000172683 -0.000015592 1.000000000 0.001184530
1.000000000 0.000068587 0.000088521 0.000694437 -0.000068582 1.000000000 -0.000059377 0.002349690 -0.000088525 0.000059371 1.000000000 0.001379232
1.000000000 0.000124119 0.000141723 -0.001002194 -0.000124097 1.000000000 -0.000155370 0.002484237 -0.000141742 0.000155353 1.000000000 0.002805115
0.999999940 0.000190096 0.000305011 -0.000802653 -0.000189893 0.999999762 -0.000665827 -0.002154035 -0.000305138 0.000665769 0.999999762 0.047979027
0.999999940 0.000216636 0.000234023 0.000935594 -0.000216343 0.999999166 -0.001252929 -0.003134497 -0.000234294 0.001252878 0.999999225 0.140546247
0.999999881 0.000489399 0.000033406 0.002475848 -0.000489365 0.999999344 -0.001022196 -0.011756219 -0.000033906 0.001022179 0.999999464 0.248439729
0.999999762 0.000778000 0.000014837 0.004913871 -0.000777985 0.999999285 -0.000983505 -0.015003333 -0.000015602 0.000983494 0.999999523 0.379775435
0.999999762 0.000647861 0.000001807 0.009098437 -0.000647859 0.999999344 -0.000923142 -0.018053312 -0.000002405 0.000923140 0.999999583 0.520918369
0.999999702 0.000635022 0.000145688 0.011823911 -0.000634889 0.999999344 -0.000915622 -0.022925349 -0.000146269 0.000915529 0.999999583 0.672864079
0.999999821 0.000405127 0.000155487 0.016265942 -0.000405067 0.999999821 -0.000387648 -0.030409519 -0.000155644 0.000387585 0.999999881 0.834293246
0.999999762 0.000487974 0.000290650 0.017225252 -0.000487905 0.999999821 -0.000238784 -0.035732388 -0.000290766 0.000238642 0.999999940 1.003575206
0.999999821 0.000481227 0.000031066 0.021659296 -0.000481218 0.999999821 -0.000301579 -0.039668616 -0.000031211 0.000301564 1.000000000 1.173846364
0.999999940 0.000257151 0.000202874 0.024822824 -0.000257124 0.999999940 -0.000130197 -0.041328408 -0.000202907 0.000130145 1.000000000 1.363705993
0.999999881 0.000425702 0.000235253 0.028510718 -0.000425678 0.999999881 -0.000099429 -0.045249663 -0.000235295 0.000099329 0.999999940 1.553966284
0.999999940 0.000107641 0.000207983 0.032302558 -0.000107650 0.999999881 0.000045825 -0.051644336 -0.000207978 -0.000045847 0.999999881 1.752785325
0.999999821 0.000443923 0.000290628 0.034432732 -0.000443968 0.999999881 0.000156156 -0.057100367 -0.000290559 -0.000156285 0.999999940 1.952958703
0.999999940 -0.000376024 0.000028973 0.043569792 0.000376015 0.999999881 0.000281328 -0.065240927 -0.000029079 -0.000281317 0.999999940 2.164024115
0.999999940 -0.000413973 -0.000052084 0.049850043 0.000413994 0.999999821 0.000393572 -0.071490876 0.000051921 -0.000393594 0.999999940 2.378951550
0.999999940 0.000094652 0.000182238 0.051601563 -0.000094706 0.999999940 0.000296396 -0.077841565 -0.000182210 -0.000296413 0.999999940 2.600689888
0.999999940 -0.000007565 0.000296805 0.056377381 0.000007416 0.999999821 0.000503447 -0.085996881 -0.000296809 -0.000503444 0.999999821 2.829861879
0.999999881 0.000005321 0.000374383 0.059635773 -0.000005521 0.999999821 0.000533070 -0.091274664 -0.000374380 -0.000533072 0.999999762 3.065979481
0.999999940 -0.000108284 0.000242170 0.067165911 0.000108115 0.999999702 0.000695381 -0.099793032 -0.000242246 -0.000695355 0.999999642 3.302899837
0.999999881 -0.000000401 0.000463155 0.070732445 0.000000075 0.999999762 0.000703837 -0.105986491 -0.000463156 -0.000703837 0.999999583 3.550796509
0.999999881 0.000043955 0.000479635 0.073188648 -0.000044221 0.999999821 0.000554437 -0.112415589 -0.000479610 -0.000554458 0.999999702 3.801353216
0.999999940 0.000180221 0.000373319 0.080180749 -0.000180508 0.999999821 0.000768595 -0.119789347 -0.000373180 -0.000768663 0.999999642 4.056404114
0.999999642 0.000400506 0.000618762 0.085753657 -0.000401025 0.999999583 0.000839261 -0.125815064 -0.000618426 -0.000839509 0.999999464 4.315298557
0.999999762 0.000156951 0.000615643 0.089446306 -0.000157532 0.999999523 0.000944604 -0.135980442 -0.000615495 -0.000944700 0.999999344 4.565295696
0.999999464 0.000397806 0.000943246 0.089835547 -0.000398575 0.999999583 0.000814841 -0.140208021 -0.000942922 -0.000815216 0.999999225 4.807483673
0.999999225 0.000634068 0.001083584 0.098679341 -0.000635311 0.999999225 0.001147168 -0.146328777 -0.001082855 -0.001147855 0.999998748 5.064400673
0.999999583 0.000318595 0.000884038 0.106370859 -0.000319241 0.999999702 0.000731185 -0.152509958 -0.000883804 -0.000731467 0.999999344 5.338091850
0.999999583 0.000320702 0.000825730 0.111604281 -0.000321525 0.999999464 0.000997250 -0.161134064 -0.000825410 -0.000997515 0.999999166 5.602322578
0.999999523 0.000472653 0.000829332 0.114367619 -0.000473536 0.999999285 0.001065355 -0.168412954 -0.000828828 -0.001065747 0.999999046 5.868176460
0.999999404 0.000634148 0.000916397 0.119209401 -0.000634901 0.999999583 0.000821646 -0.173882365 -0.000915876 -0.000822227 0.999999225 6.148955345
0.999999464 0.000495432 0.000844597 0.126762673 -0.000495885 0.999999762 0.000536457 -0.179174438 -0.000844331 -0.000536875 0.999999464 6.434450626
0.999999404 0.000707408 0.000840086 0.130364418 -0.000708146 0.999999344 0.000878753 -0.191575110 -0.000839463 -0.000879347 0.999999285 6.713938713
0.999999285 0.000652651 0.001030872 0.138208911 -0.000653332 0.999999583 0.000660607 -0.196237072 -0.001030440 -0.000661280 0.999999166 7.014935017
0.999999285 0.000783581 0.000901282 0.142254367 -0.000784376 0.999999344 0.000882125 -0.208974883 -0.000900590 -0.000882831 0.999999166 7.310374737
0.999999166 0.000753731 0.001038661 0.148427695 -0.000754839 0.999999106 0.001066208 -0.223442882 -0.001037856 -0.001066991 0.999998868 7.609427929
0.999999106 0.000699170 0.001137151 0.156355053 -0.000700552 0.999998987 0.001216037 -0.230638012 -0.001136299 -0.001216832 0.999998629 7.917527199
0.999999106 0.000805546 0.001001914 0.160359159 -0.000806701 0.999998927 0.001152677 -0.241331980 -0.001000985 -0.001153484 0.999998808 8.243138313
0.999999285 0.000763161 0.000923065 0.168263212 -0.000764529 0.999998629 0.001483441 -0.251610070 -0.000921932 -0.001484146 0.999998450 8.564152718
0.999999404 0.000760647 0.000742450 0.174214944 -0.000761575 0.999998927 0.001250553 -0.257305920 -0.000741498 -0.001251118 0.999998927 8.912137032
0.999999642 0.000705034 0.000594808 0.183899373 -0.000705850 0.999998808 0.001372822 -0.270535588 -0.000593840 -0.001373241 0.999998868 9.252858162
0.999998689 0.001004174 0.001263396 0.188139662 -0.001005946 0.999998450 0.001401991 -0.281253219 -0.001261987 -0.001403260 0.999998152 9.588710785
0.999999106 0.000798409 0.001016963 0.197000057 -0.000800198 0.999998093 0.001760272 -0.292877197 -0.001015556 -0.001761084 0.999997914 9.936567307
0.999998868 0.001144903 0.000986788 0.207962468 -0.001146291 0.999998331 0.001407239 -0.299571812 -0.000985175 -0.001408369 0.999998510 10.294343948
0.999999166 0.000957724 0.000899969 0.216618598 -0.000958992 0.999998569 0.001410460 -0.311435401 -0.000898616 -0.001411322 0.999998569 10.653355598
0.999998510 0.001325229 0.001088083 0.224511340 -0.001327292 0.999997318 0.001897715 -0.321755886 -0.001085566 -0.001899157 0.999997556 11.034086227
0.999997973 0.001367560 0.001448290 0.228878319 -0.001370398 0.999997139 0.001960645 -0.332484156 -0.001445605 -0.001962626 0.999996960 11.415916443
0.999997556 0.001607656 0.001503367 0.233601347 -0.001610311 0.999997139 0.001766403 -0.338215709 -0.001500522 -0.001768819 0.999997318 11.789654732
0.999997556 0.001732504 0.001381970 0.248556286 -0.001734994 0.999996841 0.001802043 -0.346867114 -0.001378844 -0.001804436 0.999997377 12.188780785
0.999998093 0.001456157 0.001300212 0.260657370 -0.001458703 0.999997020 0.001959493 -0.360287786 -0.001297355 -0.001961386 0.999997199 12.574179649
0.999997854 0.001304209 0.001571901 0.265320361 -0.001307495 0.999996960 0.002091036 -0.368491679 -0.001569170 -0.002093087 0.999996603 12.977712631
0.999997914 0.001367983 0.001528978 0.276947409 -0.001370422 0.999997795 0.001595435 -0.380234659 -0.001526792 -0.001597527 0.999997556 13.375540733
0.999996722 0.001536583 0.002046555 0.280353487 -0.001540546 0.999996960 0.001936173 -0.392291427 -0.002043573 -0.001939319 0.999996006 13.797390938
0.999996901 0.001364086 0.002093389 0.293201208 -0.001368027 0.999997318 0.001882218 -0.401127249 -0.002090816 -0.001885076 0.999996066 14.202879906
0.999995530 0.001437399 0.002612317 0.299567193 -0.001442651 0.999996960 0.002009729 -0.418882191 -0.002609420 -0.002013488 0.999994576 14.625563622
0.999994576 0.001821114 0.002745493 0.305743814 -0.001826591 0.999996364 0.001993707 -0.429722250 -0.002741852 -0.001998712 0.999994159 15.052496910
0.999996245 0.001391008 0.002371061 0.325750798 -0.001396847 0.999995947 0.002463096 -0.451311350 -0.002367625 -0.002466399 0.999994159 15.468657494
0.999993026 0.001337039 0.003487071 0.325646192 -0.001344636 0.999996841 0.002177071 -0.463174164 -0.003484149 -0.002181745 0.999991477 15.906350136
0.999992609 0.001790976 0.003385364 0.343964189 -0.001799522 0.999995112 0.002522767 -0.478117168 -0.003380830 -0.002528840 0.999991059 16.348375320
0.999989748 0.002286008 0.003898218 0.350502580 -0.002294578 0.999994934 0.002195341 -0.488449007 -0.003893180 -0.002204263 0.999989986 16.797176361
0.999988675 0.001691639 0.004453614 0.362224340 -0.001703427 0.999994993 0.002644597 -0.503501236 -0.004449118 -0.002652154 0.999986589 17.266813278
0.999989629 0.002149936 0.004020094 0.373822957 -0.002161938 0.999993145 0.002983429 -0.512734652 -0.004013652 -0.002992088 0.999987423 17.717483521
0.999987423 0.001570171 0.004768765 0.387248814 -0.001582874 0.999995232 0.002661255 -0.527555466 -0.004764562 -0.002668770 0.999985099 18.205732346
0.999988317 0.001384123 0.004656714 0.399663657 -0.001395982 0.999995768 0.002544489 -0.536671817 -0.004653173 -0.002550960 0.999985933 18.672801971
0.999985516 0.001550163 0.005156360 0.412882894 -0.001563829 0.999995291 0.002647480 -0.547532976 -0.005152232 -0.002655505 0.999983191 19.185871124
0.999984682 0.001648062 0.005271357 0.428441644 -0.001660936 0.999995589 0.002438915 -0.556040406 -0.005267315 -0.002447633 0.999983132 19.676553726
0.999984622 0.001711249 0.005270438 0.433299273 -0.001726150 0.999994516 0.002824162 -0.568310916 -0.005265576 -0.002833216 0.999982059 20.172212601
0.999977648 0.002044477 0.006368720 0.441084683 -0.002060634 0.999994695 0.002531313 -0.579426765 -0.006363512 -0.002544381 0.999976516 20.676641464
0.999983430 0.001750167 0.005469671 0.461779028 -0.001764135 0.999995172 0.002549961 -0.591777623 -0.005465181 -0.002559569 0.999981761 21.171434402
0.999985397 0.001947868 0.005036725 0.472944766 -0.001959340 0.999995530 0.002273613 -0.599421680 -0.005032273 -0.002283449 0.999984801 21.677406311
0.999980092 0.002795974 0.005655232 0.471005321 -0.002806698 0.999994278 0.001889399 -0.611088812 -0.005649918 -0.001905234 0.999982178 22.207637787
0.999982476 0.003127759 0.005041874 0.492679894 -0.003140303 0.999992013 0.002481939 -0.623334229 -0.005034070 -0.002497728 0.999984205 22.718114853
0.999981940 0.003118366 0.005126935 0.487875521 -0.003129914 0.999992609 0.002245958 -0.641889036 -0.005119893 -0.002261965 0.999984264 23.208765030
0.999984503 0.003096702 0.004632653 0.501222014 -0.003107656 0.999992371 0.002359271 -0.655196846 -0.004625312 -0.002373631 0.999986470 23.736824036
0.999991834 0.001909429 0.003580930 0.514661670 -0.001916612 0.999996126 0.002003655 -0.669037223 -0.003577091 -0.002010502 0.999991596 24.262344360
0.999990940 0.002349014 0.003554373 0.521549165 -0.002355732 0.999995470 0.001887403 -0.682481170 -0.003549923 -0.001895759 0.999991894 24.794208527
0.999992251 0.002738794 0.002824657 0.533421874 -0.002745847 0.999993026 0.002496308 -0.699978352 -0.002817801 -0.002504045 0.999992847 25.327953339
0.999993503 0.002870043 0.002193271 0.546934605 -0.002876136 0.999992013 0.002780138 -0.716418147 -0.002185274 -0.002786428 0.999993742 25.875089645
0.999993265 0.002976855 0.002105471 0.551973343 -0.002981540 0.999993086 0.002225341 -0.727718830 -0.002098831 -0.002231604 0.999995291 26.426700592
0.999995649 0.002488767 0.001588707 0.566328704 -0.002492880 0.999993443 0.002592511 -0.735423386 -0.001582244 -0.002596460 0.999995351 26.990430832
0.999996126 0.002603394 0.000982168 0.576583385 -0.002605878 0.999993324 0.002536201 -0.752961695 -0.000975559 -0.002538751 0.999996305 27.552806854
0.999994278 0.003227498 0.001031457 0.586740971 -0.003229901 0.999992073 0.002337652 -0.764744878 -0.001023904 -0.002340970 0.999996722 28.111335754
0.999992371 0.003762146 0.001026231 0.590282202 -0.003764540 0.999990165 0.002341180 -0.773173988 -0.001017413 -0.002345026 0.999996662 28.668317795
0.999992490 0.003814103 0.000674022 0.602045298 -0.003815726 0.999989808 0.002423624 -0.791552663 -0.000664772 -0.002426179 0.999996781 29.214359283
0.999992192 0.003940641 0.000370631 0.607116044 -0.003941467 0.999989808 0.002252855 -0.803112924 -0.000361749 -0.002254298 0.999997377 29.771099091
0.999993563 0.003579174 0.000086356 0.617081106 -0.003579350 0.999991357 0.002117909 -0.816415787 -0.000078775 -0.002118205 0.999997735 30.319253922
0.999992549 0.003838376 -0.000237437 0.629775405 -0.003837876 0.999990463 0.002076166 -0.830024004 0.000245404 -0.002075239 0.999997735 30.871658325
0.999991417 0.004125823 -0.000331604 0.639993310 -0.004125109 0.999989212 0.002127229 -0.844524980 0.000340377 -0.002125843 0.999997675 31.421129227
0.999986827 0.005110549 -0.000384758 0.648743331 -0.005109721 0.999984682 0.002120257 -0.855359077 0.000395588 -0.002118264 0.999997675 31.977169037
0.999990821 0.004256195 -0.000435631 0.659125328 -0.004255222 0.999988496 0.002211515 -0.873770356 0.000445039 -0.002209641 0.999997437 32.529628754
0.999990523 0.004206683 -0.001140704 0.670221567 -0.004204495 0.999989271 0.001914251 -0.880662203 0.001148745 -0.001909436 0.999997497 33.091812134
0.999991119 0.004174791 -0.000575010 0.677260697 -0.004173396 0.999988496 0.002409218 -0.901839674 0.000585061 -0.002406796 0.999996960 33.627193451
0.999989212 0.004612289 -0.000549091 0.687809885 -0.004610982 0.999986529 0.002358950 -0.915378571 0.000559964 -0.002356392 0.999997020 34.179195404
0.999988794 0.004537755 -0.001321035 0.700582206 -0.004534528 0.999986768 0.002435268 -0.933116198 0.001332069 -0.002429251 0.999996185 34.719924927
0.999988616 0.004336893 -0.001978350 0.714211583 -0.004331313 0.999986649 0.002816310 -0.954761565 0.001990538 -0.002807709 0.999994099 35.244918823
0.999990165 0.003933569 -0.002038632 0.726049602 -0.003928826 0.999989569 0.002325351 -0.963410914 0.002047758 -0.002317319 0.999995232 35.762020111
0.999988735 0.003684342 -0.003001727 0.756433487 -0.003677529 0.999990702 0.002271937 -0.976554573 0.003010070 -0.002260873 0.999992907 36.338798523
0.999988735 0.003365993 -0.003344125 0.755400896 -0.003359193 0.999992311 0.002037134 -0.990072489 0.003350956 -0.002025877 0.999992251 36.846668243
0.999989390 0.003385468 -0.003116759 0.758849204 -0.003378534 0.999991834 0.002227613 -1.006183505 0.003124275 -0.002217059 0.999992669 37.425506592
0.999988437 0.003553374 -0.003225218 0.770964146 -0.003546828 0.999991596 0.002033341 -1.017194748 0.003232416 -0.002021878 0.999992788 37.976360321
0.999987543 0.003125589 -0.003888728 0.787091672 -0.003118733 0.999993563 0.001767850 -1.030792713 0.003894228 -0.001755700 0.999990880 38.521701813
0.999983907 0.003234490 -0.004647865 0.810205698 -0.003227051 0.999993443 0.001607213 -1.037989140 0.004653033 -0.001592189 0.999987900 39.086200714
0.999986649 0.002815919 -0.004320089 0.805511236 -0.002806952 0.999993920 0.002080055 -1.062190413 0.004325920 -0.002067901 0.999988437 39.609832764
0.999985576 0.002848170 -0.004549630 0.815260172 -0.002840722 0.999994636 0.001642683 -1.073923826 0.004554283 -0.001629735 0.999988317 40.161457062
0.999986410 0.002704554 -0.004450973 0.825249612 -0.002696288 0.999994636 0.001861922 -1.088745952 0.004455985 -0.001849896 0.999988377 40.709060669
0.999985576 0.002764096 -0.004598494 0.834145486 -0.002759300 0.999995649 0.001048918 -1.095341802 0.004601372 -0.001036214 0.999988854 41.265304565
0.999986827 0.002802260 -0.004306147 0.838540554 -0.002794691 0.999994516 0.001762751 -1.114955664 0.004311062 -0.001750693 0.999989152 41.794540405
0.999985874 0.003509282 -0.003992001 0.838880301 -0.003504855 0.999993205 0.001115489 -1.122833610 0.003995888 -0.001101482 0.999991357 42.362991333
0.999984086 0.003963059 -0.004032561 0.853458464 -0.003957890 0.999991298 0.001289055 -1.143172383 0.004037634 -0.001273074 0.999991059 42.881263733
0.999984741 0.003782510 -0.004006902 0.852187753 -0.003779494 0.999992549 0.000759985 -1.144379497 0.004009747 -0.000744829 0.999991655 43.443584442
0.999984860 0.003942237 -0.003819741 0.860347569 -0.003939219 0.999991834 0.000797248 -1.168045282 0.003822852 -0.000782189 0.999992430 43.999500275
0.999984384 0.004306823 -0.003569388 0.865010321 -0.004306487 0.999990702 0.000101882 -1.172190666 0.003569794 -0.000086509 0.999993622 44.546997070
0.999985516 0.004078345 -0.003520157 0.869527340 -0.004078013 0.999991596 0.000101322 -1.188669205 0.003520541 -0.000086966 0.999993801 45.097385406
0.999985337 0.004259242 -0.003352088 0.876204491 -0.004260111 0.999990880 -0.000252054 -1.201793909 0.003350985 0.000266330 0.999994338 45.654895782
0.999984801 0.004368179 -0.003359695 0.883022010 -0.004368854 0.999990404 -0.000193300 -1.214839578 0.003358819 0.000207975 0.999994338 46.201931000
0.999986112 0.004332331 -0.002997378 0.883781016 -0.004333138 0.999990523 -0.000262977 -1.230452895 0.002996210 0.000275961 0.999995470 46.752002716
0.999983311 0.004356894 -0.003809439 0.903347313 -0.004358074 0.999990463 -0.000301533 -1.237782359 0.003808089 0.000318130 0.999992669 47.311637878
0.999984741 0.004412352 -0.003322030 0.900901735 -0.004411929 0.999990284 0.000134662 -1.261846781 0.003322592 -0.000120004 0.999994397 47.863140106
0.999984622 0.004535034 -0.003188893 0.912468374 -0.004536096 0.999989688 -0.000326102 -1.272344112 0.003187381 0.000340562 0.999994874 48.420036316
0.999982297 0.005091488 -0.003078505 0.918896794 -0.005091771 0.999987006 -0.000084473 -1.289243460 0.003078036 0.000100147 0.999995232 48.958580017
0.999983132 0.004829849 -0.003234952 0.927244365 -0.004831152 0.999988258 -0.000395019 -1.300784707 0.003233006 0.000410640 0.999994695 49.516746521
0.999980748 0.005606266 -0.002636942 0.937766016 -0.005606650 0.999984205 -0.000138622 -1.321073055 0.002636124 0.000153403 0.999996543 50.056476593
0.999980330 0.005661095 -0.002672486 0.946602821 -0.005661930 0.999983907 -0.000305090 -1.333367229 0.002670716 0.000320216 0.999996364 50.596958160
0.999981880 0.005445422 -0.002608976 0.953342378 -0.005446721 0.999984980 -0.000491147 -1.347345352 0.002606263 0.000505348 0.999996483 51.134593964
0.999982476 0.005476718 -0.002247652 0.963958979 -0.005477514 0.999984860 -0.000348099 -1.364308238 0.002245711 0.000360404 0.999997437 51.684894562
0.999979854 0.005858838 -0.002437931 0.972714245 -0.005859166 0.999982774 -0.000127884 -1.381350756 0.002437139 0.000142166 0.999997020 52.225147247
0.999977708 0.006311309 -0.002166877 0.981517196 -0.006312160 0.999980032 -0.000386129 -1.396211624 0.002164397 0.000399798 0.999997556 52.732601166
0.999978065 0.006273847 -0.002114914 0.990204453 -0.006273529 0.999980330 0.000156283 -1.413734674 0.002115852 -0.000143012 0.999997675 53.258548737
0.999977171 0.006456621 -0.002000951 0.998987854 -0.006456659 0.999979079 -0.000012916 -1.427660346 0.002000827 0.000025835 0.999997914 53.779018402
0.999974251 0.006973901 -0.001707429 1.009068131 -0.006974541 0.999975622 -0.000370026 -1.440130353 0.001704807 0.000381925 0.999998450 54.290657043
0.999972939 0.007158227 -0.001662068 1.016562700 -0.007159198 0.999974191 -0.000578981 -1.451079011 0.001657881 0.000590864 0.999998450 54.812362671
0.999972999 0.007054039 -0.002022109 1.029033303 -0.007055634 0.999974787 -0.000782476 -1.464902401 0.002016539 0.000796722 0.999997616 55.363838196
0.999976158 0.006712807 -0.001635547 1.045766830 -0.006713803 0.999977231 -0.000604691 -1.477487326 0.001631451 0.000615658 0.999998450 55.850673676
0.999974787 0.006975129 -0.001353701 1.046111822 -0.006976366 0.999975264 -0.000910210 -1.485883117 0.001347319 0.000919631 0.999998629 56.458923340
0.999975443 0.006738539 -0.001917857 1.076841235 -0.006739948 0.999976933 -0.000729303 -1.504934907 0.001912899 0.000742212 0.999997914 56.885951996
0.999974012 0.007029814 -0.001559922 1.085670590 -0.007031058 0.999974966 -0.000793697 -1.518322349 0.001554303 0.000804644 0.999998450 57.413520813
0.999972999 0.007183100 -0.001539367 1.097074151 -0.007184815 0.999973595 -0.001111190 -1.533622861 0.001531344 0.001122220 0.999998152 57.958721161
0.999972343 0.007355520 -0.001118161 1.105807304 -0.007356485 0.999972701 -0.000864456 -1.550316930 0.001111772 0.000872658 0.999998987 58.465850830
0.999971509 0.007466693 -0.001053211 1.107350349 -0.007467548 0.999971747 -0.000809739 -1.558710694 0.001047134 0.000817581 0.999999106 59.067535400
0.999969721 0.007703880 -0.001091837 1.123011827 -0.007705020 0.999969780 -0.001044473 -1.583039641 0.001083757 0.001052854 0.999998808 59.501155853
0.999967933 0.007962121 -0.000875602 1.133106470 -0.007963416 0.999967098 -0.001486542 -1.594921470 0.000863738 0.001493467 0.999998510 60.034526825
0.999972343 0.007304730 -0.001452440 1.145954967 -0.007307357 0.999971569 -0.001810131 -1.606374145 0.001439176 0.001820695 0.999997258 60.584609985
0.999967635 0.008000477 -0.000826011 1.151363134 -0.008001696 0.999966800 -0.001482011 -1.623649955 0.000814127 0.001488572 0.999998569 61.093704224
0.999964297 0.008442936 -0.000259163 1.160315514 -0.008443339 0.999963105 -0.001589965 -1.635062337 0.000245729 0.001592097 0.999998689 61.627502441
0.999963820 0.008443058 -0.001058245 1.173063636 -0.008444579 0.999963343 -0.001441513 -1.653388500 0.001046035 0.001450397 0.999998331 62.174777985
0.999959886 0.008950670 0.000259470 1.176485062 -0.008950128 0.999957919 -0.002027468 -1.664445043 -0.000277607 0.002025065 0.999997914 62.666790009
0.999955058 0.009473689 0.000401257 1.186119556 -0.009472966 0.999953568 -0.001761529 -1.680838943 -0.000417927 0.001757649 0.999998391 63.186622620
0.999954045 0.009569376 0.000522340 1.195904970 -0.009568297 0.999952316 -0.002026677 -1.698199630 -0.000541709 0.002021587 0.999997795 63.710922241
0.999952435 0.009722543 0.000785300 1.207088351 -0.009720769 0.999950171 -0.002235670 -1.712421417 -0.000806997 0.002227929 0.999997199 64.233123779
0.999951303 0.009802725 0.001131716 1.213393807 -0.009799936 0.999948919 -0.002442137 -1.724022508 -0.001155598 0.002430928 0.999996364 64.759757996
0.999951839 0.009722505 0.001327994 1.227470398 -0.009718928 0.999949157 -0.002673665 -1.739521265 -0.001353921 0.002660629 0.999995530 65.279747009
0.999950588 0.009844693 0.001336273 1.240194440 -0.009841324 0.999948442 -0.002506199 -1.754927874 -0.001360877 0.002492924 0.999995887 65.805953979
0.999948502 0.010016439 0.001617950 1.248629332 -0.010011866 0.999945939 -0.002810614 -1.769011140 -0.001646015 0.002794271 0.999994755 66.339981079
0.999941647 0.010626822 0.001941101 1.259916067 -0.010621230 0.999939501 -0.002868283 -1.790206313 -0.001971465 0.002847499 0.999993980 66.861938477
0.999942183 0.010612723 0.001723057 1.276188016 -0.010608047 0.999940097 -0.002700687 -1.807120442 -0.001751616 0.002682253 0.999994874 67.395843506
0.999942243 0.010592116 0.001793685 1.284782171 -0.010586760 0.999939501 -0.002970677 -1.824630737 -0.001825042 0.002951516 0.999993980 67.920478821
0.999939203 0.010863431 0.001882458 1.294042110 -0.010857406 0.999935925 -0.003182066 -1.840100884 -0.001916906 0.003161434 0.999993086 68.449874878
0.999939442 0.010870813 0.001722818 1.304497600 -0.010865784 0.999936759 -0.002902128 -1.858118296 -0.001754257 0.002883232 0.999994218 68.977302551
0.999936581 0.011099763 0.001963987 1.318642735 -0.011093426 0.999933302 -0.003210755 -1.875030637 -0.001999495 0.003188764 0.999992907 69.506904602
0.999934673 0.011164278 0.002431959 1.325065970 -0.011156632 0.999932945 -0.003134814 -1.891957998 -0.002466794 0.003107477 0.999992073 70.086723328
0.999939859 0.010709132 0.002334903 1.343466878 -0.010702069 0.999938130 -0.003016858 -1.912979364 -0.002367067 0.002991688 0.999992728 70.551551819
0.999939144 0.010777325 0.002356153 1.352333069 -0.010769127 0.999935985 -0.003464464 -1.927438736 -0.002393340 0.003438880 0.999991179 71.074005127
0.999939919 0.010717377 0.002290158 1.365468979 -0.010709658 0.999936998 -0.003356732 -1.944905639 -0.002325989 0.003332004 0.999991715 71.597221375
0.999931872 0.011363911 0.002677675 1.368500471 -0.011353781 0.999928415 -0.003769502 -1.957653284 -0.002720320 0.003738843 0.999989271 72.130142212
0.999933422 0.011200494 0.002779249 1.380304098 -0.011189665 0.999929786 -0.003882134 -1.972250223 -0.002822536 0.003850776 0.999988616 72.642982483
0.999927759 0.011650358 0.002949793 1.388986468 -0.011640168 0.999926329 -0.003448712 -1.991776943 -0.002989755 0.003414126 0.999989688 73.165893555
0.999922395 0.012016448 0.003268286 1.402961731 -0.012003947 0.999920607 -0.003819403 -2.008353472 -0.003313922 0.003779875 0.999987364 73.683357239
0.999919236 0.012240366 0.003410005 1.414015889 -0.012229616 0.999920189 -0.003155834 -2.026414394 -0.003448361 0.003113875 0.999989152 74.202575684
0.999915063 0.012508104 0.003657283 1.425828695 -0.012494990 0.999915481 -0.003587402 -2.045147896 -0.003701845 0.003541399 0.999986887 74.727943420
0.999909699 0.012790420 0.004107190 1.433862686 -0.012775727 0.999911904 -0.003584682 -2.060768604 -0.004152678 0.003531886 0.999985158 75.255264282
0.999906123 0.013117437 0.003955381 1.445976257 -0.013101744 0.999906301 -0.003968185 -2.074016094 -0.004007063 0.003915991 0.999984264 75.782295227
0.999911010 0.012786304 0.003811629 1.458936095 -0.012770109 0.999909401 -0.004243715 -2.094240427 -0.003865545 0.004194664 0.999983668 76.308868408
0.999903023 0.013328014 0.004044999 1.471812844 -0.013311702 0.999903262 -0.004031749 -2.111300945 -0.004098343 0.003977512 0.999983668 76.839057922
0.999897361 0.013777061 0.003911497 1.484037638 -0.013763643 0.999899387 -0.003436244 -2.133961916 -0.003958445 0.003382055 0.999986470 77.367721558
0.999900699 0.013372280 0.004453395 1.493896365 -0.013355375 0.999903500 -0.003804831 -2.151955128 -0.004503844 0.003744976 0.999982834 77.861495972
0.999895036 0.013727282 0.004632673 1.505469084 -0.013709870 0.999898851 -0.003768989 -2.168589592 -0.004683943 0.003705080 0.999982178 78.389228821
0.999882579 0.014492334 0.004966881 1.516211510 -0.014473988 0.999888361 -0.003710175 -2.191627741 -0.005020095 0.003637850 0.999980807 78.926971436
0.999886036 0.014296912 0.004834351 1.533556581 -0.014278270 0.999890566 -0.003868958 -2.216364622 -0.004889136 0.003799490 0.999980748 79.444869995
0.999880970 0.014174351 0.006096812 1.548422694 -0.014150864 0.999892354 -0.003878965 -2.232177734 -0.006151138 0.003792228 0.999973893 79.978851318
0.999874771 0.014023571 0.007322537 1.563594818 -0.013991868 0.999892712 -0.004362923 -2.254561186 -0.007382934 0.004259921 0.999963701 80.535224915
0.999862015 0.014236022 0.008574591 1.585185051 -0.014202726 0.999891520 -0.003931574 -2.277660131 -0.008629632 0.003809248 0.999955535 81.100845337
0.999837697 0.014749484 0.010346283 1.586915970 -0.014708602 0.999883890 -0.004016440 -2.289670944 -0.010404324 0.003863610 0.999938369 81.673500061
0.999785721 0.015223513 0.014028034 1.605417013 -0.015172129 0.999877810 -0.003762254 -2.324016094 -0.014083592 0.003548612 0.999894500 82.197532654
0.999717355 0.015666552 0.017881228 1.641514540 -0.015617893 0.999873936 -0.002857493 -2.366384983 -0.017923737 0.002577419 0.999836028 82.623840332
0.999663711 0.015312909 0.020927483 1.663106561 -0.015220760 0.999873757 -0.004555553 -2.358512402 -0.020994600 0.004235488 0.999770641 83.492851257
0.999571741 0.014805804 0.025241792 1.713019609 -0.014693131 0.999881268 -0.004643461 -2.379563332 -0.025307544 0.004270592 0.999670506 84.274620056
0.999361694 0.015929069 0.031976193 1.742020965 -0.015774930 0.999862731 -0.005066851 -2.395739794 -0.032052517 0.004559194 0.999475718 84.979850769
0.999202430 0.013973569 0.037406210 1.781900048 -0.013696097 0.999876797 -0.007663851 -2.363707066 -0.037508700 0.007145419 0.999270737 85.991752625
0.998842239 0.015553981 0.045522384 1.813486576 -0.015270188 0.999861777 -0.006575266 -2.416142464 -0.045618363 0.005872517 0.998941660 86.438713074
0.998434544 0.016155645 0.053547688 1.876492262 -0.015843831 0.999854922 -0.006242526 -2.452779293 -0.053640779 0.005384354 0.998545706 86.944244385
0.997956395 0.016049733 0.061850380 1.928072691 -0.015687546 0.999856889 -0.006337063 -2.474590540 -0.061943233 0.005353832 0.998065293 87.507446289
0.997454822 0.016482424 0.069370292 1.980812550 -0.016101500 0.999852180 -0.006046770 -2.501170397 -0.069459684 0.004914413 0.997572780 88.077934265
0.996779084 0.015873006 0.078609668 2.038059711 -0.015406606 0.999859929 -0.006536136 -2.517356396 -0.078702405 0.005303976 0.996884048 88.654113770
0.995890677 0.016146867 0.089111976 2.107312679 -0.015571116 0.999853134 -0.007152425 -2.541294098 -0.089214370 0.005735462 0.995995939 89.214500427
0.995132744 0.014741660 0.097434342 2.180716038 -0.014063857 0.999871910 -0.007639626 -2.551705122 -0.097534478 0.006232139 0.995212615 89.780593872
0.994383633 0.014728468 0.104805917 2.248195648 -0.014064363 0.999876082 -0.007072831 -2.586886883 -0.104897097 0.005559078 0.994467556 90.326911926
0.993282437 0.014749507 0.114771277 2.330010414 -0.013974668 0.999873877 -0.007552886 -2.603895187 -0.114868186 0.005898258 0.993363261 90.862922668
0.991929352 0.013510929 0.126069680 2.404932022 -0.012543559 0.999885499 -0.008463999 -2.633003712 -0.126169607 0.006814325 0.991985261 91.481231689
0.990744233 0.012959964 0.135122001 2.507777214 -0.011916421 0.999892592 -0.008528979 -2.653649807 -0.135218069 0.006839867 0.990792274 91.976119995
0.988977373 0.016093271 0.147189483 2.597181320 -0.015216697 0.999859214 -0.007079559 -2.670717001 -0.147282690 0.004761786 0.989082932 92.472038269
0.987024784 0.012997117 0.160040960 2.702733040 -0.011781521 0.999894023 -0.008542124 -2.700210571 -0.160135061 0.006545763 0.987073421 93.060729980
0.985260487 0.012560375 0.170598671 2.822426796 -0.011229513 0.999898612 -0.008763868 -2.717564583 -0.170691431 0.006718954 0.985301554 93.601425171
0.983296096 0.013342883 0.181523204 2.923893929 -0.011933940 0.999889612 -0.008851806 -2.737166882 -0.181621268 0.006537659 0.983346760 94.108810425
0.980827868 0.012711318 0.194460452 3.058363914 -0.011208642 0.999898195 -0.008825818 -2.758110523 -0.194552824 0.006476973 0.980870664 94.660675049
0.978301346 0.013195867 0.206766441 3.186262131 -0.011647856 0.999894321 -0.008702370 -2.785392046 -0.206859425 0.006105154 0.978351653 95.156761169
0.976120353 0.012998826 0.216841102 3.319107056 -0.011382793 0.999897361 -0.008699982 -2.806728840 -0.216931939 0.006023972 0.976168096 95.685157776
0.973181069 0.012351928 0.229708672 3.474163055 -0.010527565 0.999902546 -0.009165951 -2.829556942 -0.229799435 0.006501855 0.973216414 96.197196960
0.969969213 0.011538444 0.242953941 3.635425568 -0.009493058 0.999909043 -0.009587908 -2.837240219 -0.243042469 0.006993599 0.969990492 96.769897461
0.967026949 0.011307448 0.254422933 3.786546707 -0.009027126 0.999907970 -0.010128531 -2.866982937 -0.254514009 0.007497855 0.967040062 97.240562439
0.964164019 0.011469430 0.265059263 3.971565247 -0.009440637 0.999915540 -0.008926847 -2.901348114 -0.265139282 0.006104616 0.964190781 97.738746643
0.960366666 0.012061544 0.278478652 4.154130936 -0.010149570 0.999913990 -0.008306549 -2.929429531 -0.278554887 0.005150894 0.960406482 98.242622375
0.956598163 0.012114981 0.291158110 4.332632065 -0.010029973 0.999912202 -0.008652564 -2.955181122 -0.291237384 0.005356719 0.956635773 98.764450073
0.953169882 0.010908490 0.302238554 4.530536652 -0.008630274 0.999923408 -0.008872255 -2.975452185 -0.302312195 0.005848364 0.953191042 99.294700623
0.948570907 0.011044099 0.316372037 4.724557877 -0.008721311 0.999923646 -0.008757006 -2.996138334 -0.316444635 0.005547462 0.948594749 99.824295044
0.943896830 0.010864424 0.330061734 4.932483673 -0.008409807 0.999925375 -0.008863857 -3.018057585 -0.330133438 0.005590811 0.943917572 100.324356079
0.939709246 0.010485001 0.341813713 5.144519806 -0.007752989 0.999926150 -0.009357937 -3.033929110 -0.341886580 0.006143662 0.939721107 100.833465576
0.935018659 0.010280415 0.354449272 5.369262695 -0.007481492 0.999929070 -0.009266068 -3.055946827 -0.354519337 0.006012138 0.935029268 101.356071472
0.929614604 0.009439749 0.368412256 5.583448410 -0.006660897 0.999938965 -0.008813787 -3.078254938 -0.368472934 0.005739470 0.929620743 101.851188660
0.924779713 0.009453630 0.380385488 5.827327728 -0.006457401 0.999937296 -0.009152195 -3.096179008 -0.380448103 0.006007463 0.924782693 102.359230042
0.919433355 0.010046002 0.393117487 6.063121796 -0.007412971 0.999938726 -0.008215502 -3.146409273 -0.393175960 0.004639438 0.919451535 102.890670776
0.913688123 0.009369927 0.406308055 6.315471649 -0.006401469 0.999941885 -0.008664453 -3.164821148 -0.406365633 0.005315639 0.913694978 103.372604370
0.907504439 0.008962109 0.419947177 6.565994263 -0.005990175 0.999946833 -0.008395157 -3.187369823 -0.420000166 0.005103083 0.907509685 103.886756897
0.902365029 0.008630069 0.430886418 6.818202972 -0.005327969 0.999946475 -0.008869706 -3.209565401 -0.430939913 0.005707962 0.902362585 104.359901428
0.896380424 0.007653852 0.443219781 7.062072754 -0.004251474 0.999953389 -0.008669645 -3.227698326 -0.443265527 0.005886961 0.896371067 104.823783875
0.889716327 0.007680358 0.456449330 7.337581635 -0.004146954 0.999953210 -0.008742234 -3.251664400 -0.456495166 0.005885234 0.889706552 105.296569824
0.883733213 0.006683345 0.467943341 7.609352112 -0.002807086 0.999955654 -0.008980440 -3.272482872 -0.467982590 0.006622755 0.883712888 105.758941650
0.877832472 0.006503452 0.478923649 7.893070221 -0.002828390 0.999960661 -0.008394543 -3.296872139 -0.478959441 0.006014419 0.877816558 106.238327026
0.870353699 0.006058222 0.492389888 8.189590454 -0.002199035 0.999962091 -0.008416203 -3.321702480 -0.492422193 0.006242289 0.870334089 106.700363159
0.863001227 0.005442632 0.505172670 8.482311249 -0.001251429 0.999961853 -0.008635540 -3.341309071 -0.505200446 0.006820293 0.862975180 107.156082153
0.856543005 0.005225131 0.516049206 8.792102814 -0.000967841 0.999963224 -0.008518456 -3.358406305 -0.516074717 0.006796972 0.856516600 107.625205994
0.848915339 0.005264684 0.528502703 9.106510162 -0.000550077 0.999958575 -0.009077527 -3.374946117 -0.528528690 0.007415334 0.848883092 108.072273254
