1.000000000 0.000000000 0.000000000 0.000000000 0.000000000 1.000000000 0.000000000 0.000000000 0.000000000 0.000000000 1.000000000 0.000000000
1.000000000 0.000021935 -0.000013349 0.000270929 -0.000021934 1.000000000 0.000051448 -0.000028970 0.000013350 -0.000051448 1.000000000 -0.001863823
1.000000000 0.000088518 0.000050851 -0.001500948 -0.000088518 1.000000000 -0.000001930 -0.000744296 -0.000050851 0.000001925 1.000000000 -0.002429318
1.000000000 -0.000018436 -0.000017923 0.001410984 0.000018437 1.000000000 0.000030937 -0.000190231 0.000017922 -0.000030937 1.000000000 -0.003300509
1.000000000 -0.000136267 -0.000046977 0.001867931 0.000136269 1.000000000 0.000039067 -0.000657136 0.000046972 -0.000039073 1.000000000 -0.001784584
1.000000000 0.000004237 0.000036954 -0.000690433 -0.000004238 1.000000000 0.000023013 -0.000186462 -0.000036954 -0.000023013 1.000000000 -0.001166997
1.000000000 -0.000036671 0.000042939 0.000577076 0.000036667 1.000000000 0.000108798 -0.000516641 -0.000042943 -0.000108797 1.000000000 -0.002609429
1.000000000 -0.000080161 0.000023207 -0.000292603 0.000080159 1.000000000 0.000095976 -0.000298879 -0.000023215 -0.000095974 1.000000000 0.001893388
1.000000000 0.000001880 0.000007094 0.000275674 -0.000001880 1.000000000 0.000026991 -0.000380272 -0.000007094 -0.000026991 1.000000000 -0.004726339
1.000000000 -0.000041469 0.000040419 0.000374128 0.000041467 1.000000000 0.000065579 -0.000151814 -0.000040422 -0.000065578 1.000000000 -0.004416538
1.000000000 0.000027842 0.000024686 -0.000096431 -0.000027843 1.000000000 0.000029326 -0.000226260 -0.000024685 -0.000029326 1.000000000 -0.001253925
1.000000000 -0.000091514 0.000002921 -0.000261635 0.000091514 1.000000000 0.000057300 -0.000555215 -0.000002926 -0.000057299 1.000000000 -0.005932741
1.000000000 -0.000118143 0.000083402 -0.000248888 0.000118136 1.000000000 0.000090110 -0.000643832 -0.000083413 -0.000090101 1.000000000 -0.001851203
1.000000000 -0.000048628 0.000079667 0.000213531 0.000048623 1.000000000 0.000064557 -0.000699500 -0.000079670 -0.000064554 1.000000000 -0.003598086
1.000000000 -0.000059680 0.000065572 -0.000229847 0.000059674 1.000000000 0.000083656 -0.000315133 -0.000065577 -0.000083652 1.000000000 -0.003325628
1.000000000 -0.000078635 0.000080887 -0.000394172 0.000078626 1.000000000 0.000105688 -0.000148633 -0.000080896 -0.000105682 1.000000000 -0.003308910
1.000000000 -0.000157126 0.000024292 -0.000460608 0.000157124 1.000000000 0.000052121 -0.000354848 -0.000024300 -0.000052117 1.000000000 -0.003412468
1.000000000 0.000030403 0.000028362 0.000918385 -0.000030406 1.000000000 0.000122661 -0.001312931 -0.000028358 -0.000122662 1.000000000 -0.008130825
1.000000000 -0.000188535 -0.000012366 0.002288575 0.000188536 1.000000000 0.000147363 -0.002946470 0.000012338 -0.000147365 1.000000000 -0.008339721
1.000000000 -0.000125980 -0.000005176 0.000433617 0.000125980 1.000000000 0.000036574 -0.000736047 0.000005171 -0.000036575 1.000000000 -0.005437574
1.000000000 -0.000115015 0.000027208 -0.000698462 0.000115011 1.000000000 0.000141874 -0.002973976 -0.000027225 -0.000141871 1.000000000 -0.003798296
1.000000000 -0.000015837 0.000130247 -0.002552614 0.000015829 1.000000000 0.000061226 -0.000191859 -0.000130248 -0.000061224 1.000000000 -0.000306815
1.000000000 -0.000069805 0.000041636 -0.000829795 0.000069796 1.000000000 0.000205401 -0.002540317 -0.000041650 -0.000205398 1.000000000 -0.007866492
1.000000000 -0.000232827 -0.000011949 0.000442098 0.000232829 0.999999940 0.000172498 -0.002522547 0.000011908 -0.000172501 1.000000000 -0.004152965
1.000000000 -0.000055982 -0.000009113 0.000717685 0.000055983 1.000000000 0.000148123 -0.000530529 0.000009105 -0.000148124 1.000000000 -0.006927389
0.999999940 -0.000286005 -0.000038770 0.002003991 0.000286014 0.999999940 0.000248493 -0.002258550 0.000038699 -0.000248504 0.999999940 -0.010969147
1.000000000 -0.000136796 -0.000029861 0.001342722 0.000136800 1.000000000 0.000139056 -0.003014478 0.000029842 -0.000139060 1.000000000 -0.005186055
1.000000000 -0.000151760 -0.000014635 0.000458352 0.000151763 1.000000000 0.000150603 -0.000618538 0.000014612 -0.000150605 1.000000000 -0.002406826
1.000000000 -0.000184125 -0.000042491 -0.000806791 0.000184130 1.000000000 0.000127724 -0.000040860 0.000042468 -0.000127732 1.000000000 -0.005382521
1.000000000 -0.000142968 0.000046573 -0.000969903 0.000142962 1.000000000 0.000128813 -0.000616586 -0.000046591 -0.000128806 1.000000000 0.001489113
1.000000000 -0.000109653 0.000045078 -0.001791268 0.000109648 1.000000000 0.000123045 -0.000479834 -0.000045092 -0.000123040 1.000000000 -0.000991804
1.000000000 -0.000156046 -0.000030193 -0.001107440 0.000156049 1.000000000 0.000101686 -0.001657647 0.000030177 -0.000101691 1.000000000 -0.005127860
1.000000000 -0.000185518 0.000002764 0.000136086 0.000185518 0.999999940 0.000174553 -0.002653485 -0.000002796 -0.000174552 1.000000000 -0.006113498
1.000000000 0.000122858 0.000093093 -0.000981188 -0.000122863 1.000000000 0.000056910 0.000050503 -0.000093086 -0.000056921 1.000000000 -0.001646372
1.000000000 -0.000098075 0.000007068 -0.000102987 0.000098075 1.000000000 0.000058270 -0.000726877 -0.000007074 -0.000058269 1.000000000 -0.002162335
1.000000000 -0.000146886 0.000019987 -0.000781085 0.000146886 1.000000000 0.000039308 -0.001120235 -0.000019993 -0.000039305 1.000000000 -0.004367045
1.000000000 -0.000141096 0.000040237 0.000509016 0.000141094 1.000000000 0.000049919 -0.000293579 -0.000040244 -0.000049914 1.000000000 -0.008465118
0.999999940 -0.000241486 -0.000054015 0.001269433 0.000241491 0.999999940 0.000096274 -0.000586137 0.000053992 -0.000096287 1.000000000 -0.005089196
1.000000000 -0.000150304 0.000000626 0.000118212 0.000150304 1.000000000 0.000169540 -0.000537242 -0.000000651 -0.000169540 1.000000000 -0.004203277
0.999999940 -0.000272962 -0.000089137 0.002981676 0.000272980 0.999999940 0.000206665 -0.004001751 0.000089080 -0.000206690 1.000000000 -0.006274434
1.000000000 -0.000204371 -0.000051630 0.003785332 0.000204347 0.999999881 -0.000465281 -0.006385801 0.000051725 0.000465270 0.999999881 0.048479717
0.999999940 -0.000271589 -0.000089386 0.007132621 0.000271495 0.999999404 -0.001047357 -0.006841271 0.000089671 0.001047332 0.999999464 0.140973344
0.999999940 -0.000260647 -0.000031217 0.004796237 0.000260605 0.999999046 -0.001337323 -0.012984692 0.000031565 0.001337314 0.999999106 0.259081066
0.999999940 -0.000348178 0.000113840 0.004559290 0.000348310 0.999999285 -0.001155506 -0.019092040 -0.000113438 0.001155545 0.999999344 0.390060097
1.000000000 0.000140213 -0.000039381 0.012475035 -0.000140252 0.999999523 -0.000992030 -0.024001004 0.000039242 0.000992035 0.999999523 0.534285605
1.000000000 -0.000000432 0.000090648 0.008433032 0.000000520 0.999999523 -0.000964344 -0.018715991 -0.000090648 0.000964344 0.999999523 0.697283745
1.000000000 -0.000141382 -0.000101016 0.019223779 0.000141319 0.999999762 -0.000628205 -0.024576787 0.000101105 0.000628191 0.999999821 0.865069985
0.999999940 0.000280985 0.000240851 0.016831947 -0.000280857 0.999999821 -0.000532334 -0.030792754 -0.000241000 0.000532267 0.999999821 1.021037459
0.999999821 0.000430357 0.000392864 0.019387340 -0.000430144 0.999999762 -0.000543106 -0.035883971 -0.000393098 0.000542937 0.999999762 1.194859862
0.999999762 0.000514488 0.000551316 0.017314961 -0.000514331 0.999999881 -0.000284947 -0.043330219 -0.000551463 0.000284663 0.999999821 1.388371825
0.999999881 0.000300363 0.000414692 0.024468791 -0.000300294 0.999999940 -0.000167504 -0.059533905 -0.000414743 0.000167379 0.999999881 1.584848762
0.999999762 0.000217841 0.000626740 0.026225537 -0.000217722 0.999999940 -0.000189133 -0.061047200 -0.000626781 0.000188997 0.999999762 1.783697844
0.999999762 0.000138395 0.000677254 0.016775087 -0.000138592 0.999999940 0.000292093 -0.062638231 -0.000677213 -0.000292187 0.999999642 1.989120960
0.999999762 0.000327034 0.000654036 0.022094648 -0.000327084 0.999999940 0.000075757 -0.065607831 -0.000654011 -0.000075971 0.999999702 2.215647459
0.999999583 0.000006388 0.000866975 0.031626608 -0.000006811 0.999999881 0.000488162 -0.075758256 -0.000866972 -0.000488168 0.999999523 2.421748877
0.999999523 0.000469704 0.000832189 0.037530415 -0.000470246 0.999999702 0.000651232 -0.090436146 -0.000831883 -0.000651623 0.999999464 2.652570009
0.999999702 0.000248137 0.000671882 0.045803331 -0.000248621 0.999999702 0.000719957 -0.098508120 -0.000671703 -0.000720124 0.999999523 2.889688969
0.999999464 0.000530692 0.000887947 0.048310164 -0.000531403 0.999999583 0.000801680 -0.103699483 -0.000887521 -0.000802152 0.999999344 3.141093254
0.999999762 0.000252834 0.000600485 0.051604208 -0.000253093 0.999999881 0.000431405 -0.107713200 -0.000600376 -0.000431557 0.999999642 3.352812290
0.999999881 0.000091364 0.000495656 0.058240958 -0.000091630 0.999999821 0.000536895 -0.116153114 -0.000495607 -0.000536941 0.999999642 3.605971336
0.999999523 0.000316714 0.000845776 0.059269838 -0.000317590 0.999999404 0.001035108 -0.130119339 -0.000845447 -0.001035376 0.999999046 3.866833925
0.999999404 0.000634644 0.001037528 0.063369945 -0.000635871 0.999999106 0.001182791 -0.138503626 -0.001036777 -0.001183450 0.999998748 4.125820160
0.999998629 0.000979271 0.001343110 0.065338239 -0.000981345 0.999998331 0.001544285 -0.148049399 -0.001341596 -0.001545601 0.999997914 4.372585297
0.999999821 0.000002309 0.000631292 0.079832897 -0.000003255 0.999998808 0.001498571 -0.156521052 -0.000631288 -0.001498573 0.999998629 4.637720108
0.999999583 0.000390287 0.000821805 0.083000064 -0.000391463 0.999998868 0.001431027 -0.166132018 -0.000821245 -0.001431349 0.999998629 4.896013737
0.999999225 0.000684482 0.001016429 0.087866411 -0.000685839 0.999998868 0.001336077 -0.175444007 -0.001015513 -0.001336773 0.999998629 5.160478592
0.999999762 0.000075914 0.000642446 0.098449200 -0.000076826 0.999998987 0.001419564 -0.176920786 -0.000642338 -0.001419614 0.999998808 5.428575516
0.999999762 -0.000054776 0.000622805 0.098490857 0.000053936 0.999999106 0.001348191 -0.185129464 -0.000622878 -0.001348157 0.999998927 5.682043076
0.999999583 0.000418142 0.000815830 0.100640200 -0.000419444 0.999998629 0.001596448 -0.198738709 -0.000815161 -0.001596789 0.999998391 5.971021652
0.999999583 0.000478685 0.000815798 0.108659975 -0.000480140 0.999998331 0.001783918 -0.211599633 -0.000814943 -0.001784309 0.999998093 6.229259968
0.999999166 0.000754021 0.001097594 0.108054161 -0.000755813 0.999998450 0.001633932 -0.212732464 -0.001096360 -0.001634760 0.999998093 6.533525467
0.999999344 0.000475116 0.001025874 0.113442004 -0.000476583 0.999998987 0.001429722 -0.220804602 -0.001025194 -0.001430210 0.999998450 6.818647385
0.999999464 -0.000283312 0.000977129 0.125373617 0.000281670 0.999998569 0.001680208 -0.232177198 -0.000977604 -0.001679932 0.999998152 7.107154846
0.999999762 0.000036318 0.000730517 0.135620847 -0.000037715 0.999998093 0.001911753 -0.249736950 -0.000730446 -0.001911780 0.999997914 7.407520771
0.999999702 0.000028625 0.000695812 0.148411587 -0.000030012 0.999997914 0.001993099 -0.266460747 -0.000695754 -0.001993120 0.999997795 7.702511787
0.999999344 0.000491179 0.001021746 0.150411010 -0.000493330 0.999997675 0.002106783 -0.271469682 -0.001020709 -0.002107286 0.999997199 8.034290314
0.999999225 0.000656568 0.001010883 0.163512737 -0.000658861 0.999997258 0.002269416 -0.283385485 -0.001009390 -0.002270080 0.999996841 8.343216896
0.999999583 0.000514012 0.000729154 0.172784448 -0.000515527 0.999997616 0.002079878 -0.289902002 -0.000728083 -0.002080253 0.999997556 8.690379143
0.999999642 0.000515373 0.000650919 0.176299736 -0.000516875 0.999997139 0.002308651 -0.299719661 -0.000649727 -0.002308987 0.999997139 9.024019241
0.999999583 0.000351547 0.000842261 0.181929722 -0.000353406 0.999997437 0.002208056 -0.308049738 -0.000841482 -0.002208353 0.999997139 9.366955757
0.999999583 -0.000060620 0.000837652 0.191327363 0.000058862 0.999997795 0.002099406 -0.316243619 -0.000837778 -0.002099355 0.999997437 9.712676048
0.999999762 0.000090480 0.000672871 0.199133277 -0.000091745 0.999998271 0.001879343 -0.326099843 -0.000672700 -0.001879404 0.999997973 10.049034119
0.999999762 -0.000036059 0.000682646 0.213457555 0.000034534 0.999997437 0.002233574 -0.339990646 -0.000682725 -0.002233550 0.999997258 10.407486916
0.999999583 0.000469594 0.000782535 0.213123500 -0.000471654 0.999996364 0.002635143 -0.355118006 -0.000781295 -0.002635512 0.999996185 10.769865990
0.999999762 -0.000038159 0.000651407 0.231865108 0.000036528 0.999996841 0.002503609 -0.365136981 -0.000651501 -0.002503585 0.999996662 11.145685196
0.999999702 0.000090437 0.000718935 0.235453680 -0.000092281 0.999996662 0.002565280 -0.377232075 -0.000718701 -0.002565345 0.999996483 11.521565437
0.999999702 0.000017987 0.000738674 0.247106314 -0.000020083 0.999995947 0.002837258 -0.389816999 -0.000738620 -0.002837272 0.999995708 11.902869225
0.999999583 -0.000039084 0.000795561 0.254821181 0.000036767 0.999995708 0.002912826 -0.400438309 -0.000795671 -0.002912796 0.999995470 12.281513214
0.999999046 0.000328111 0.001331243 0.259316504 -0.000332359 0.999994874 0.003192051 -0.418850005 -0.001330189 -0.003192490 0.999994040 12.670057297
0.999999225 0.000080902 0.001230815 0.268062592 -0.000085235 0.999993742 0.003520414 -0.424906909 -0.001230523 -0.003520516 0.999993026 13.071168900
0.999999523 -0.000435097 0.000862287 0.288325191 0.000431992 0.999993443 0.003596766 -0.458724290 -0.000863847 -0.003596392 0.999993145 13.481030464
0.999999344 0.000107965 0.001169850 0.292896956 -0.000112502 0.999992490 0.003878235 -0.472091466 -0.001169422 -0.003878364 0.999991834 13.895918846
0.999999166 0.000460615 0.001234566 0.304485798 -0.000465887 0.999990761 0.004273398 -0.484147549 -0.001232586 -0.004273970 0.999990106 14.313848495
0.999998868 -0.000285878 0.001496535 0.319352001 0.000279444 0.999990702 0.004297977 -0.513403952 -0.001497749 -0.004297554 0.999989629 14.745274544
0.999998569 -0.000107929 0.001734826 0.331464797 0.000099820 0.999989092 0.004673720 -0.531527579 -0.001735311 -0.004673540 0.999987602 15.143590927
0.999997973 -0.000188695 0.002015522 0.340859354 0.000179025 0.999988437 0.004796639 -0.538344741 -0.002016404 -0.004796269 0.999986470 15.585423470
0.999997735 -0.000140901 0.002132682 0.366807997 0.000130079 0.999987066 0.005073668 -0.567466080 -0.002133370 -0.005073378 0.999984860 16.037746429
0.999996841 -0.000767159 0.002400049 0.379381299 0.000755056 0.999987006 0.005039593 -0.579392612 -0.002403884 -0.005037765 0.999984443 16.478542328
0.999996781 -0.000522482 0.002478488 0.389068127 0.000509604 0.999986410 0.005193681 -0.595567822 -0.002481168 -0.005192401 0.999983430 16.913679123
0.999995232 0.000005226 0.003075148 0.402223587 -0.000021625 0.999985754 0.005332539 -0.609675527 -0.003075077 -0.005332580 0.999981046 17.390790939
0.999995470 -0.000614767 0.002944358 0.415242851 0.000598386 0.999984384 0.005560994 -0.622954607 -0.002947731 -0.005559208 0.999980211 17.847686768
0.999993801 -0.000202256 0.003494562 0.421403289 0.000183691 0.999985874 0.005312250 -0.629527450 -0.003495587 -0.005311575 0.999979734 18.323694229
0.999993265 -0.000176255 0.003657464 0.437010229 0.000157256 0.999986529 0.005194159 -0.637337923 -0.003658330 -0.005193548 0.999979854 18.789770126
0.999992728 -0.000325873 0.003785275 0.453099847 0.000306332 0.999986649 0.005161622 -0.653691411 -0.003786906 -0.005160426 0.999979496 19.269809723
0.999993384 -0.000314613 0.003611632 0.475294352 0.000295323 0.999985695 0.005340553 -0.668177068 -0.003613260 -0.005339452 0.999979198 19.723297119
0.999992073 0.000250967 0.003976860 0.490188718 -0.000275680 0.999980569 0.006214922 -0.700872362 -0.003975223 -0.006215970 0.999972761 20.175846100
0.999993443 -0.000466687 0.003581294 0.504001796 0.000445045 0.999981582 0.006041308 -0.714343190 -0.003584048 -0.006039676 0.999975324 20.665555954
0.999993384 -0.000600775 0.003586295 0.504425228 0.000577888 0.999979436 0.006379528 -0.735466242 -0.003590055 -0.006377414 0.999973238 21.165716171
0.999993503 0.000078563 0.003578457 0.510951042 -0.000102329 0.999977946 0.006641603 -0.748067260 -0.003577856 -0.006641927 0.999971569 21.678842545
0.999996006 -0.000682793 0.002753670 0.519804537 0.000665154 0.999979317 0.006401697 -0.761729121 -0.002757985 -0.006399840 0.999975741 22.177474976
0.999995530 -0.000315617 0.002959538 0.540860713 0.000294638 0.999974787 0.007086433 -0.780581236 -0.002961700 -0.007085531 0.999970436 22.660114288
0.999997079 -0.000714242 0.002299666 0.547526062 0.000696910 0.999971330 0.007528681 -0.799170375 -0.002304978 -0.007527056 0.999969006 23.169052124
0.999998927 -0.000436712 0.001349290 0.567519367 0.000427023 0.999974191 0.007172850 -0.808571398 -0.001352387 -0.007172266 0.999973357 23.685354233
0.999998152 -0.001794901 0.000708170 0.576108038 0.001789756 0.999972463 0.007200945 -0.823493421 -0.000721076 -0.007199665 0.999973834 24.203258514
0.999999642 -0.000863095 0.000156025 0.586785913 0.000861936 0.999973238 0.007283920 -0.833591819 -0.000162307 -0.007283784 0.999973476 24.725448608
0.999999523 -0.000839602 -0.000482870 0.597046971 0.000843193 0.999971628 0.007485772 -0.846789002 0.000476571 -0.007486175 0.999971867 25.253440857
0.999998808 -0.000680492 -0.001371347 0.600064874 0.000690901 0.999970853 0.007604204 -0.862454772 0.001366133 -0.007605144 0.999970138 25.774917603
0.999998689 -0.000670839 -0.001491138 0.611393452 0.000681931 0.999971986 0.007450582 -0.871688843 0.001486098 -0.007451587 0.999971151 26.316703796
0.999997377 -0.001154378 -0.001958300 0.622004032 0.001169922 0.999967694 0.007954867 -0.881930053 0.001949054 -0.007957136 0.999966443 26.849500656
0.999995291 -0.001557583 -0.002614721 0.635922253 0.001578993 0.999965072 0.008205933 -0.898638308 0.002601848 -0.008210024 0.999962926 27.376148224
0.999995887 -0.000888714 -0.002734480 0.645954728 0.000910153 0.999968708 0.007848743 -0.911537468 0.002727420 -0.007851199 0.999965489 27.908500671
0.999993742 -0.001215710 -0.003329924 0.650008261 0.001243327 0.999964774 0.008304003 -0.925589621 0.003319711 -0.008308091 0.999960005 28.442903519
0.999991298 -0.001383169 -0.003931187 0.671032488 0.001416877 0.999962151 0.008584632 -0.945098639 0.003919165 -0.008590127 0.999955416 28.969409943
0.999989808 -0.001460168 -0.004270135 0.679044724 0.001494652 0.999966145 0.008083521 -0.951213598 0.004258187 -0.008089822 0.999958217 29.514846802
0.999986827 -0.001477612 -0.004942919 0.693947077 0.001521687 0.999958992 0.008924852 -0.971664906 0.004929530 -0.008932255 0.999947965 30.019828796
0.999986708 -0.001177686 -0.005005791 0.704789340 0.001220988 0.999961793 0.008656011 -0.987487078 0.004995406 -0.008662010 0.999949932 30.558589935
0.999986351 -0.001079922 -0.005116989 0.713761747 0.001123186 0.999963582 0.008459728 -0.994382441 0.005107667 -0.008465360 0.999951124 31.096397400
0.999984503 -0.001215117 -0.005417528 0.718242347 0.001264176 0.999958158 0.009061540 -1.015977859 0.005406291 -0.009068249 0.999944270 31.629890442
0.999984145 -0.001187120 -0.005508325 0.721646905 0.001235533 0.999960542 0.008793808 -1.026084900 0.005497669 -0.008800474 0.999946117 32.169834137
0.999982059 -0.001165937 -0.005878068 0.722618878 0.001217156 0.999961376 0.008717518 -1.031773567 0.005867676 -0.008724517 0.999944746 32.727249146
0.999981105 -0.000771506 -0.006112712 0.721391737 0.000821668 0.999965966 0.008207958 -1.040486097 0.006106172 -0.008212824 0.999947667 33.262565613
0.999982536 -0.000621121 -0.005874856 0.721983314 0.000672687 0.999961197 0.008779356 -1.061431170 0.005869175 -0.008783154 0.999944210 33.745212555
0.999984741 -0.000073246 -0.005522122 0.717047334 0.000121331 0.999962091 0.008707965 -1.071444511 0.005521274 -0.008708503 0.999946892 34.323001862
0.999983549 -0.000265927 -0.005729138 0.717618585 0.000312890 0.999966323 0.008197864 -1.078562737 0.005726765 -0.008199521 0.999949992 34.794815063
0.999977231 -0.001183625 -0.006640859 0.751376867 0.001242513 0.999959886 0.008870403 -1.092539668 0.006630092 -0.008878454 0.999938607 35.345233917
0.999976635 -0.000681888 -0.006799841 0.754953563 0.000736860 0.999966979 0.008084975 -1.114609480 0.006794103 -0.008089797 0.999944210 35.849052429
0.999978662 -0.000413274 -0.006517126 0.754709542 0.000470504 0.999961317 0.008782478 -1.117118597 0.006513245 -0.008785358 0.999940217 36.416881561
0.999975979 -0.001451586 -0.006777254 0.749232769 0.001508932 0.999962986 0.008464133 -1.117436647 0.006764717 -0.008474157 0.999941230 36.906024933
0.999972582 -0.001464923 -0.007256576 0.761759043 0.001528165 0.999960840 0.008717290 -1.141512871 0.007243522 -0.008728141 0.999935687 37.437366486
0.999977291 -0.001174249 -0.006629855 0.764629602 0.001235583 0.999956369 0.009254783 -1.157888293 0.006618700 -0.009262766 0.999935210 37.810932159
0.999977410 -0.000632887 -0.006694001 0.780131221 0.000693058 0.999959290 0.008990273 -1.159894705 0.006688038 -0.008994709 0.999937177 38.423297882
0.999977291 -0.001091002 -0.006650371 0.745375395 0.001150736 0.999958992 0.008984860 -1.168683410 0.006640295 -0.008992309 0.999937534 38.884204865
0.999976635 0.000239151 -0.006832513 0.828944802 -0.000179341 0.999961615 0.008752991 -1.159360886 0.006834345 -0.008751560 0.999938369 39.339046478
0.999969721 -0.001708239 -0.007594630 0.817310989 0.001777850 0.999956310 0.009168474 -1.214740396 0.007578637 -0.009181698 0.999929130 40.103137970
0.999965847 -0.001788389 -0.008066929 0.850134552 0.001867041 0.999950707 0.009752901 -1.242168665 0.008049090 -0.009767631 0.999919832 40.643211365
0.999968112 -0.000972993 -0.007926465 0.845310509 0.001044390 0.999958873 0.009008430 -1.238828421 0.007917374 -0.009016421 0.999927998 41.178951263
0.999965191 -0.000883072 -0.008298071 0.866561890 0.000960729 0.999955773 0.009359188 -1.252228975 0.008289438 -0.009366834 0.999921799 41.716697693
0.999964237 -0.001486534 -0.008328578 0.868914485 0.001568090 0.999950826 0.009794394 -1.274427176 0.008313610 -0.009807106 0.999917269 42.258708954
0.999963224 -0.001673806 -0.008409694 0.875518322 0.001757074 0.999949396 0.009903923 -1.290000081 0.008392690 -0.009918335 0.999915600 42.803451538
0.999963760 -0.002005234 -0.008276478 0.881850719 0.002087808 0.999948025 0.009980313 -1.301079869 0.008256036 -0.009997233 0.999915957 43.332244873
0.999962091 -0.002558444 -0.008314968 0.885479987 0.002645074 0.999942183 0.010424485 -1.316360950 0.008287815 -0.010446085 0.999911070 43.859153748
0.999965370 -0.001761227 -0.008146796 0.886917233 0.001840269 0.999951124 0.009704839 -1.318604231 0.008129308 -0.009719494 0.999919713 44.399875641
0.999965549 -0.001562643 -0.008149670 0.895565569 0.001641313 0.999952137 0.009655512 -1.329354525 0.008134193 -0.009668555 0.999920189 44.938972473
0.999964952 -0.001779434 -0.008178566 0.900541663 0.001860132 0.999949515 0.009870024 -1.340719342 0.008160590 -0.009884891 0.999917865 45.467926025
0.999963999 -0.001710508 -0.008309985 0.908386946 0.001791119 0.999951243 0.009702699 -1.351338267 0.008292984 -0.009717234 0.999918342 45.989040375
0.999966025 -0.001254213 -0.008143730 0.910365939 0.001333998 0.999951065 0.009799046 -1.364825487 0.008131043 -0.009809578 0.999918759 46.553203583
0.999964297 -0.001713980 -0.008276973 0.911691964 0.001796720 0.999948382 0.009999181 -1.373222828 0.008259405 -0.010013696 0.999915779 47.051414490
0.999964476 -0.001101641 -0.008355009 0.932649255 0.001183504 0.999951243 0.009799501 -1.377820492 0.008343806 -0.009809040 0.999917090 47.631942749
0.999961793 -0.001852183 -0.008538509 0.924602151 0.001937579 0.999948084 0.010003891 -1.395650148 0.008519538 -0.010020053 0.999913514 48.108005524
0.999959171 -0.002027295 -0.008808462 0.939440012 0.002115173 0.999947965 0.009978755 -1.410180688 0.008787775 -0.009996979 0.999911427 48.623264313
0.999962091 -0.001652001 -0.008547768 0.944386959 0.001739318 0.999946296 0.010217845 -1.423828363 0.008530427 -0.010232326 0.999911249 49.158340454
0.999961913 -0.001775158 -0.008545979 0.944471359 0.001860888 0.999947906 0.010034173 -1.430925727 0.008527721 -0.010049693 0.999913156 49.682102203
0.999961674 -0.001880078 -0.008549611 0.946896076 0.001967876 0.999945223 0.010272536 -1.446532965 0.008529832 -0.010288966 0.999910653 50.202117920
0.999962151 -0.001663147 -0.008539205 0.952919126 0.001749778 0.999946952 0.010147674 -1.452282190 0.008521875 -0.010162232 0.999912024 50.719085693
0.999963641 -0.001519969 -0.008393849 0.954697251 0.001605751 0.999946415 0.010222437 -1.460212231 0.008377862 -0.010235542 0.999912500 51.242046356
0.999963343 -0.001484194 -0.008423902 0.959245324 0.001571413 0.999945164 0.010356617 -1.475089073 0.008408066 -0.010369476 0.999910891 51.755455017
0.999964535 -0.001468738 -0.008290972 0.969010234 0.001554208 0.999945641 0.010311756 -1.485419989 0.008275376 -0.010324274 0.999912441 52.276927948
0.999963701 -0.001994121 -0.008280756 0.969257474 0.002078913 0.999945402 0.010243668 -1.498621941 0.008259877 -0.010260510 0.999913216 52.815486908
0.999973834 -0.001183072 -0.007141359 0.940013468 0.001257331 0.999945045 0.010402908 -1.516691208 0.007128659 -0.010411614 0.999920368 53.310516357
0.999978662 -0.000143082 -0.006523481 0.922807217 0.000213236 0.999942183 0.010754809 -1.520209312 0.006521564 -0.010755971 0.999920845 53.845932007
0.999971926 -0.000135633 -0.007507165 0.974260449 0.000214037 0.999945462 0.010444083 -1.541214705 0.007505340 -0.010445396 0.999917209 54.259136200
0.999973238 -0.000329392 -0.007300459 0.909042537 0.000403064 0.999949038 0.010092285 -1.516430974 0.007296763 -0.010094957 0.999922395 55.058471680
0.999968886 -0.001178195 -0.007808572 0.984401703 0.001264564 0.999938011 0.011065110 -1.571323395 0.007795051 -0.011074640 0.999908209 55.351249695
0.999963462 -0.001587098 -0.008402002 1.029684424 0.001679576 0.999938011 0.011011163 -1.570304632 0.008384005 -0.011024874 0.999904096 55.846729279
0.999974668 0.000266419 -0.007103395 0.986782908 -0.000189963 0.999942064 0.010761884 -1.587018013 0.007105851 -0.010760263 0.999916852 56.256462097
0.999976099 0.000691774 -0.006879644 0.986385942 -0.000617407 0.999941349 0.010805951 -1.603426933 0.006886717 -0.010801444 0.999917924 56.781368256
0.999978244 0.000828414 -0.006533849 0.999950945 -0.000757395 0.999940634 0.010864390 -1.616672039 0.006542461 -0.010859206 0.999919593 57.310081482
0.999973714 -0.000209305 -0.007236655 1.010528326 0.000285403 0.999944687 0.010516257 -1.614367008 0.007234053 -0.010518047 0.999918461 57.792709351
0.999976873 0.000469850 -0.006784006 1.016202688 -0.000395796 0.999940336 0.010913153 -1.629914403 0.006788730 -0.010910218 0.999917388 58.311225891
0.999977410 0.000363781 -0.006701474 1.023490191 -0.000291601 0.999941945 0.010768701 -1.640064359 0.006705002 -0.010766504 0.999919593 58.858234406
0.999976218 0.000057132 -0.006898683 1.036922574 0.000019810 0.999937832 0.011152425 -1.656249881 0.006898892 -0.011152294 0.999913931 59.325042725
0.999976635 -0.000245023 -0.006833518 1.060049653 0.000320657 0.999938667 0.011069356 -1.672518134 0.006830388 -0.011071291 0.999915361 59.942344666
0.999972582 -0.000219715 -0.007398924 1.071965218 0.000304158 0.999934852 0.011413692 -1.682233334 0.007395933 -0.011415626 0.999907434 60.413558960
0.999964893 -0.001115279 -0.008310854 1.108071089 0.001208548 0.999936283 0.011226079 -1.705258131 0.008297807 -0.011235727 0.999902427 60.940486908
0.999975979 0.000407519 -0.006926545 1.081374168 -0.000331269 0.999939382 0.011005912 -1.688857079 0.006930610 -0.011003351 0.999915421 61.473358154
0.999967337 -0.000023059 -0.008088630 1.149935365 0.000103595 0.999950409 0.009956341 -1.680028200 0.008087999 -0.009956853 0.999917746 62.109512329
0.999967277 0.000576702 -0.008065486 1.162122369 -0.000491635 0.999944329 0.010545013 -1.730295420 0.008071118 -0.010540702 0.999911845 62.495822906
0.999954581 -0.001857940 -0.009350116 1.129057646 0.001965791 0.999931574 0.011538782 -1.759978294 0.009328038 -0.011556637 0.999889672 63.036785126
0.999971569 -0.000467735 -0.007522431 1.147766829 0.000549781 0.999940336 0.010908546 -1.709423542 0.007516880 -0.010912372 0.999912202 63.315372467
0.999974787 0.000319417 -0.007087638 1.158300281 -0.000241414 0.999939382 0.011003602 -1.720004559 0.007090723 -0.011001613 0.999914289 63.857742310
0.999968588 -0.000659254 -0.007891201 1.179747462 0.000746271 0.999938905 0.011029175 -1.727260828 0.007883449 -0.011034718 0.999907970 64.436088562
0.999966979 0.000362521 -0.008119935 1.198533773 -0.000274679 0.999941468 0.010816569 -1.701435566 0.008123379 -0.010813982 0.999908507 64.932403564
0.999967039 -0.000512513 -0.008099829 1.231289387 0.000598953 0.999942839 0.010673017 -1.725400209 0.008093895 -0.010677518 0.999910235 65.258834839
0.999973357 0.000524654 -0.007283100 1.227829218 -0.000444841 0.999939799 0.010956006 -1.736460328 0.007288410 -0.010952472 0.999913454 65.812614441
0.999968886 0.000100133 -0.007881482 1.265772700 -0.000016000 0.999942958 0.010674003 -1.744131327 0.007882101 -0.010673543 0.999911964 66.250221252
0.999970317 0.000355172 -0.007709873 1.275551319 -0.000275054 0.999945998 0.010390183 -1.757469654 0.007713148 -0.010387753 0.999916255 66.798851013
0.999972701 0.001363364 -0.007262700 1.297865868 -0.001284333 0.999939978 0.010875275 -1.766197920 0.007277090 -0.010865649 0.999914527 67.297782898
0.999968469 0.000561859 -0.007923803 1.332346559 -0.000475731 0.999940813 0.010867190 -1.773177743 0.007929441 -0.010863079 0.999909580 67.665725708
0.999969363 0.000406853 -0.007819875 1.335594177 -0.000324792 0.999944925 0.010492361 -1.773719430 0.007823713 -0.010489499 0.999914348 68.228195190
0.999966800 -0.000096620 -0.008145371 1.344435453 0.000181811 0.999945343 0.010458766 -1.780857801 0.008143912 -0.010459900 0.999912024 68.764694214
0.999969721 -0.000173762 -0.007780996 1.342966437 0.000257315 0.999942303 0.010738337 -1.812218189 0.007778681 -0.010740014 0.999912083 69.243202209
0.999966383 0.000219610 -0.008196833 1.377738714 -0.000130653 0.999941051 0.010851607 -1.833514452 0.008198733 -0.010850171 0.999907494 69.743835449
0.999968886 0.000522578 -0.007877576 1.378717661 -0.000438726 0.999943256 0.010642316 -1.843782187 0.007882691 -0.010638529 0.999912262 70.287986755
0.999966145 0.000062984 -0.008231577 1.402178526 0.000025281 0.999942482 0.010722229 -1.858332634 0.008231780 -0.010722074 0.999908626 70.846908569
0.999969900 0.000954954 -0.007699293 1.403898478 -0.000872983 0.999942899 0.010642899 -1.867643833 0.007709017 -0.010635857 0.999913692 71.392616272
0.999966919 0.000001826 -0.008126603 1.413315177 0.000084905 0.999943078 0.010672033 -1.873606563 0.008126158 -0.010672369 0.999909997 71.969108582
0.999968171 -0.000209237 -0.007969821 1.421126127 0.000292920 0.999944925 0.010500173 -1.885225773 0.007967182 -0.010502173 0.999913096 72.522331238
0.999967933 0.000427148 -0.008014277 1.429734468 -0.000343600 0.999945641 0.010423328 -1.904343128 0.008018292 -0.010420241 0.999913514 73.093841553
0.999967694 -0.000007970 -0.008027807 1.450623989 0.000093844 0.999942899 0.010696757 -1.925148487 0.008027261 -0.010697166 0.999910533 73.647155762
0.999965370 0.000156317 -0.008315869 1.473868608 -0.000066187 0.999941289 0.010837465 -1.940113187 0.008317074 -0.010836540 0.999906659 74.164726257
0.999967277 0.000087615 -0.008105718 1.472826242 0.000000291 0.999941170 0.010844241 -1.951591015 0.008106191 -0.010843888 0.999908268 74.701995850
0.999957442 -0.000803674 -0.009185925 1.532152414 0.000904389 0.999939501 0.010965226 -1.976438999 0.009176557 -0.010973066 0.999897659 75.276794434
0.999965370 0.000238671 -0.008310550 1.485034943 -0.000148053 0.999940693 0.010902964 -1.979215622 0.008312658 -0.010901358 0.999905944 75.833580017
0.999966502 0.000282492 -0.008181738 1.505632877 -0.000195378 0.999943316 0.010646141 -1.997116446 0.008184282 -0.010644185 0.999909818 76.391815186
0.999965489 -0.000604933 -0.008287276 1.513493538 0.000693093 0.999943137 0.010639210 -1.997653008 0.008280369 -0.010644588 0.999908984 76.931159973
0.999965012 0.000146711 -0.008362081 1.509953260 -0.000060420 0.999946892 0.010318684 -2.006947041 0.008363149 -0.010317822 0.999911726 77.486228943
0.999966621 0.000085842 -0.008162062 1.529361606 -0.000002968 0.999948442 0.010153034 -2.016088963 0.008162512 -0.010152671 0.999915063 78.058242798
0.999973297 -0.000022075 -0.007299333 1.534411907 0.000094169 0.999951243 0.009876600 -2.025721312 0.007298760 -0.009877025 0.999924600 78.647033691
0.999981225 -0.000348254 -0.006121807 1.546863914 0.000409791 0.999949396 0.010053639 -2.040828466 0.006117995 -0.010055959 0.999930739 79.213493347
0.999987423 -0.000546058 -0.004968048 1.546894550 0.000593944 0.999953270 0.009642429 -2.039706707 0.004962551 -0.009645256 0.999941170 79.801399231
0.999993324 -0.000489468 -0.003607931 1.545412660 0.000524690 0.999952137 0.009768054 -2.051765919 0.003602977 -0.009769882 0.999945760 80.349060059
0.999999881 0.000226005 0.000258605 1.556738138 -0.000228484 0.999953508 0.009629643 -2.063792467 -0.000256416 -0.009629699 0.999953568 80.899772644
0.999995947 -0.000050315 0.002836457 1.597304583 0.000020839 0.999945939 0.010390871 -2.095370770 -0.002836827 -0.010390770 0.999942005 81.461128235
0.999985039 -0.000754546 0.005419221 1.610935450 0.000699405 0.999947965 0.010169762 -2.105035305 -0.005426613 -0.010165821 0.999933600 82.009628296
0.999947906 -0.000389779 0.010206202 1.633107424 0.000292616 0.999954581 0.009519704 -2.115531206 -0.010209450 -0.009516221 0.999902606 82.553497314
0.999877214 -0.000255358 0.015667180 1.662814140 0.000103219 0.999952853 0.009710719 -2.123362064 -0.015668921 -0.009707908 0.999830067 83.097343445
0.999788404 -0.001629133 0.020510755 1.707735777 0.001440368 0.999956489 0.009214644 -2.118252039 -0.020524874 -0.009183151 0.999747217 83.612205505
0.999613702 -0.001099363 0.027771100 1.679780602 0.000833612 0.999953747 0.009579077 -2.135938644 -0.027780348 -0.009552228 0.999568403 84.335510254
0.999402344 -0.002096998 0.034502871 1.749353409 0.001782630 0.999956667 0.009139586 -2.153599262 -0.034520548 -0.009072619 0.999362767 84.825859070
0.999030113 -0.001967410 0.043987624 1.769063354 0.001595455 0.999962687 0.008489413 -2.152234554 -0.044002689 -0.008411000 0.998995960 85.492759705
0.998706937 -0.002191717 0.050792664 1.818136454 0.001745285 0.999959409 0.008831977 -2.162851572 -0.050809972 -0.008731906 0.998670161 86.047355652
0.998240650 -0.002607823 0.059234709 1.879523039 0.002106927 0.999961495 0.008516999 -2.176652431 -0.059254631 -0.008377209 0.998207748 86.572753906
0.997585595 -0.002744476 0.069393143 1.946042061 0.002139202 0.999958992 0.008795206 -2.204999924 -0.069414437 -0.008625524 0.997550607 87.103668213
0.996921360 -0.003232742 0.078341223 1.996541977 0.002531087 0.999955773 0.009054033 -2.216753244 -0.078367032 -0.008827870 0.996885478 87.676925659
0.996256351 -0.003668793 0.086370356 2.065825462 0.002915091 0.999956548 0.008850901 -2.229789734 -0.086399078 -0.008565988 0.996223807 88.223419189
0.995357454 -0.004430453 0.096145414 2.157339096 0.003604479 0.999955118 0.008762862 -2.243807077 -0.096179903 -0.008375625 0.995328844 88.756584167
0.994275630 -0.004929252 0.106731825 2.237243652 0.004025908 0.999954164 0.008677492 -2.250840664 -0.106769718 -0.008198127 0.994250000 89.318328857
0.993238986 -0.004851784 0.115985863 2.313752174 0.003848844 0.999953270 0.008869490 -2.269426107 -0.116023459 -0.008363111 0.993211269 89.858688354
0.991890550 -0.004947939 0.126998484 2.403816223 0.003899005 0.999956131 0.008506692 -2.274539471 -0.127035022 -0.007942540 0.991866410 90.417762756
0.990240335 -0.004323779 0.139303267 2.501955986 0.003133723 0.999956727 0.008761122 -2.292185783 -0.139335081 -0.008239078 0.990211010 90.972976685
0.988635123 -0.005108239 0.150248274 2.617887497 0.003846299 0.999954879 0.008688430 -2.305104494 -0.150285915 -0.008011788 0.988610029 91.543441772
0.987151265 -0.005949528 0.159677565 2.732396126 0.004661515 0.999953508 0.008439699 -2.308722258 -0.159720361 -0.007586921 0.987133086 92.103454590
0.985107481 -0.005865007 0.171839625 2.851173401 0.004460835 0.999953389 0.008556421 -2.330164909 -0.171881810 -0.007662445 0.985087752 92.643531799
0.982894421 -0.006035687 0.184070960 2.984162331 0.004541136 0.999953210 0.008539902 -2.344091892 -0.184113890 -0.007557931 0.982875824 93.188896179
0.980905652 -0.007050949 0.194356248 3.117037773 0.005527146 0.999949515 0.008381440 -2.351143122 -0.194405556 -0.007147167 0.980895221 93.740821838
0.978212714 -0.007528764 0.207469210 3.263289452 0.005854805 0.999945104 0.008681327 -2.377300262 -0.207523227 -0.007277493 0.978202999 94.236457825
0.975270748 -0.007849459 0.220874146 3.409286499 0.006025717 0.999942005 0.008929509 -2.387064695 -0.220931411 -0.007377765 0.975261450 94.793411255
0.972706735 -0.007885434 0.231904313 3.561134338 0.006037265 0.999944150 0.008678175 -2.398662567 -0.231959790 -0.007041250 0.972699940 95.328140259
0.969709873 -0.009261732 0.244083926 3.736131668 0.007416150 0.999936521 0.008479176 -2.406487465 -0.244146973 -0.006412177 0.969717026 95.878097534
0.966158211 -0.009682329 0.257768333 3.913808823 0.007573087 0.999929368 0.009174296 -2.428097725 -0.257838964 -0.006911720 0.966163099 96.385566711
0.962761700 -0.009989613 0.270166606 4.091299057 0.007792909 0.999927282 0.009202361 -2.446512699 -0.270238876 -0.006754297 0.962769568 96.893707275
0.959646106 -0.010718998 0.281006157 4.280075073 0.008403533 0.999920070 0.009443649 -2.464585543 -0.281084925 -0.006701116 0.959659517 97.395843506
0.955471337 -0.011058711 0.294876754 4.472202301 0.008553394 0.999915540 0.009784611 -2.472893953 -0.294959992 -0.006826716 0.955485225 97.947662354
0.951056242 -0.011586425 0.308800578 4.675310135 0.008932943 0.999910057 0.010005323 -2.487139225 -0.308888733 -0.006757127 0.951074183 98.474273682
0.947318971 -0.012179279 0.320060074 4.881587982 0.009462526 0.999904752 0.010042140 -2.497845173 -0.320151836 -0.006484533 0.947344065 99.001365662
0.942915440 -0.012135275 0.332811058 5.095926285 0.009174310 0.999903142 0.010466901 -2.512840033 -0.332905889 -0.006816092 0.942935348 99.535308838
0.937688351 -0.012152511 0.347264886 5.313327789 0.009063104 0.999903619 0.010519268 -2.518388271 -0.347359270 -0.006716496 0.937708080 100.061576843
0.933137357 -0.012880842 0.359289259 5.539125443 0.009624917 0.999894798 0.010849523 -2.531703711 -0.359391183 -0.006665966 0.933163166 100.576286316
0.928451955 -0.013176642 0.371218592 5.756711960 0.009758567 0.999890924 0.011084699 -2.545940161 -0.371324152 -0.006669050 0.928479314 101.085739136
0.922660828 -0.013224808 0.385385662 6.000156403 0.009863696 0.999894142 0.010697238 -2.548532963 -0.385486364 -0.006068596 0.922693491 101.598922729
0.917338252 -0.014033716 0.397861183 6.248924255 0.010631392 0.999885559 0.010756334 -2.556220531 -0.397966623 -0.005637378 0.917382538 102.095764160
0.912617266 -0.014644413 0.408552647 6.504119873 0.011331358 0.999880373 0.010528558 -2.562020540 -0.408657968 -0.004979089 0.912673950 102.621414185
0.907338023 -0.014881835 0.420138329 6.765594482 0.011444724 0.999877214 0.010700705 -2.576858521 -0.420245916 -0.004900790 0.907396972 103.097412109
0.900836706 -0.015769456 0.433871567 7.022018433 0.012092569 0.999863744 0.011233462 -2.594391584 -0.433989614 -0.004872893 0.900904715 103.596694946
0.894800901 -0.016564421 0.446157992 7.295230865 0.012731821 0.999851823 0.011586751 -2.603045940 -0.446283787 -0.004687431 0.894879222 104.102172852
0.889055610 -0.017285107 0.457472682 7.566772461 0.013304096 0.999840379 0.011922607 -2.612759113 -0.457605809 -0.004513601 0.889143705 104.587326050
0.882059097 -0.017338026 0.470819622 7.865776062 0.013259458 0.999840319 0.011978326 -2.626791954 -0.470952183 -0.004322779 0.882148147 105.070228577
0.875546277 -0.019200962 0.482752591 8.166458130 0.015133331 0.999809504 0.012319721 -2.636124134 -0.482897222 -0.003480831 0.875670135 105.544265747
