1.000000000 0.000000000 0.000000000 0.000000000 0.000000000 1.000000000 0.000000000 0.000000000 0.000000000 0.000000000 1.000000000 0.000000000
1.000000000 0.000102836 0.000017019 -0.001408884 -0.000102835 1.000000000 -0.000068465 0.001527969 -0.000017026 0.000068464 1.000000000 0.003503599
1.000000000 0.000120789 0.000001318 -0.000391207 -0.000120789 1.000000000 -0.000029706 0.000819373 -0.000001322 0.000029706 1.000000000 0.002559459
0.999999940 0.000243682 0.000049499 0.000155310 -0.000243680 0.999999940 -0.000031564 0.000837365 -0.000049507 0.000031552 1.000000000 -0.001286336
1.000000000 0.000102198 0.000016593 0.000934599 -0.000102197 1.000000000 -0.000077023 0.001529825 -0.000016601 0.000077021 1.000000000 -0.001306884
1.000000000 -0.000001900 -0.000010536 0.000357587 0.000001900 1.000000000 0.000010380 0.000364788 0.000010536 -0.000010380 1.000000000 -0.000636148
1.000000000 0.000006176 0.000032281 -0.001433127 -0.000006173 1.000000000 -0.000081285 0.000706602 -0.000032281 0.000081285 1.000000000 0.000503622
1.000000000 0.000036394 0.000038495 -0.000003648 -0.000036394 1.000000000 -0.000000832 0.001011666 -0.000038495 0.000000830 1.000000000 -0.000070192
1.000000000 -0.000098541 0.000056954 -0.001711723 0.000098543 1.000000000 -0.000045621 0.001283597 -0.000056949 0.000045626 1.000000000 0.002311967
1.000000000 0.000112292 0.000062097 -0.001667388 -0.000112289 1.000000000 -0.000045882 0.000697913 -0.000062102 0.000045875 1.000000000 -0.000178042
1.000000000 0.000145842 0.000055049 0.000200017 -0.000145842 1.000000000 0.000000701 0.001870636 -0.000055049 -0.000000709 1.000000000 -0.001757068
1.000000000 0.000075765 -0.000013192 0.000015553 -0.000075765 1.000000000 -0.000034280 0.000717776 0.000013189 0.000034281 1.000000000 -0.004932816
1.000000000 0.000072680 0.000078001 -0.001623197 -0.000072681 1.000000000 0.000011812 0.000668140 -0.000078000 -0.000011818 1.000000000 -0.003465370
1.000000000 -0.000092755 0.000058865 -0.000658700 0.000092755 1.000000000 0.000001640 0.000074728 -0.000058865 -0.000001635 1.000000000 -0.000322890
1.000000000 0.000061227 0.000058544 -0.000100774 -0.000061226 1.000000000 -0.000012124 0.000385569 -0.000058544 0.000012121 1.000000000 -0.002079096
1.000000000 -0.000006419 0.000011524 0.000407429 0.000006419 1.000000000 0.000013890 0.000305250 -0.000011524 -0.000013889 1.000000000 -0.002479567
1.000000000 -0.000015478 0.000041371 -0.001857039 0.000015478 1.000000000 -0.000005287 0.000487681 -0.000041371 0.000005288 1.000000000 -0.002990752
1.000000000 0.000021757 0.000071499 -0.000830155 -0.000021758 1.000000000 0.000010086 0.000139213 -0.000071499 -0.000010087 1.000000000 -0.004419266
1.000000000 0.000002622 -0.000017011 0.000549061 -0.000002623 1.000000000 -0.000016652 0.001105462 0.000017011 0.000016652 1.000000000 -0.004791172
1.000000000 -0.000129298 -0.000025387 -0.000110317 0.000129298 1.000000000 0.000015022 -0.000138306 0.000025386 -0.000015026 1.000000000 -0.004049336
1.000000000 0.000062451 0.000060359 -0.000395216 -0.000062454 1.000000000 0.000036048 -0.000113009 -0.000060356 -0.000036052 1.000000000 -0.006063823
1.000000000 -0.000103084 0.000001744 0.000613631 0.000103084 1.000000000 0.000023793 -0.001703009 -0.000001746 -0.000023793 1.000000000 -0.004155498
1.000000000 0.000095393 0.000155709 -0.004657488 -0.000095376 1.000000000 -0.000107248 0.002080581 -0.000155719 0.000107233 1.000000000 0.002449212
1.000000000 0.000018815 0.000017785 0.000839123 -0.000018815 1.000000000 -0.000014157 -0.000178484 -0.000017786 0.000014157 1.000000000 -0.001623180
1.000000000 -0.000040637 0.000071847 -0.001840443 0.000040637 1.000000000 0.000001630 0.001476169 -0.000071847 -0.000001627 1.000000000 0.001099035
1.000000000 0.000001796 -0.000032967 0.001039870 -0.000001797 1.000000000 -0.000014126 0.001000325 0.000032967 0.000014126 1.000000000 -0.004612280
1.000000000 -0.000127367 0.000044550 -0.001859592 0.000127367 1.000000000 -0.000002403 0.000945035 -0.000044549 0.000002409 1.000000000 -0.001308180
1.000000000 0.000117549 0.000113344 -0.003529424 -0.000117542 1.000000000 -0.000064361 0.001685927 -0.000113352 0.000064347 1.000000000 -0.000388018
1.000000000 -0.000098433 0.000045647 -0.002382951 0.000098430 1.000000000 0.000051238 0.000123503 -0.000045652 -0.000051234 1.000000000 -0.000402718
1.000000000 -0.000066722 0.000027586 -0.003235743 0.000066724 1.000000000 -0.000077867 0.003561701 -0.000027581 0.000077869 1.000000000 0.003601056
1.000000000 0.000030671 0.000046738 -0.001122516 -0.000030670 1.000000000 -0.000022435 0.000912850 -0.000046738 0.000022434 1.000000000 0.000190319
1.000000000 0.000002909 0.000044681 -0.002307882 -0.000002913 1.000000000 0.000079517 0.000166756 -0.000044681 -0.000079518 1.000000000 0.001217284
1.000000000 -0.000134563 -0.000013731 -0.001858323 0.000134563 1.000000000 0.000004372 0.000159469 0.000013731 -0.000004373 1.000000000 -0.002597458
1.000000000 -0.000107580 0.000019596 -0.000678182 0.000107579 1.000000000 0.000081064 -0.001457095 -0.000019605 -0.000081062 1.000000000 -0.002627678
1.000000000 0.000160737 0.000082545 -0.000967716 -0.000160737 1.000000000 -0.000001521 -0.000068363 -0.000082545 0.000001508 1.000000000 -0.002212280
1.000000000 -0.000093216 0.000010016 -0.000650681 0.000093216 1.000000000 -0.000008736 0.000054414 -0.000010015 0.000008737 1.000000000 -0.001147046
1.000000000 -0.000008822 -0.000082983 0.000858983 0.000008829 1.000000000 0.000076738 -0.000698423 0.000082982 -0.000076739 1.000000000 -0.006868296
1.000000000 -0.000057658 -0.000017711 -0.000480946 0.000057657 1.000000000 -0.000074310 0.000767466 0.000017715 0.000074309 1.000000000 -0.002993680
1.000000000 -0.000069880 0.000078496 -0.002565530 0.000069882 1.000000000 -0.000025416 0.000520169 -0.000078495 0.000025421 1.000000000 0.000782826
1.000000000 -0.000001644 0.000020724 0.000573918 0.000001643 1.000000000 0.000057315 0.000575638 -0.000020725 -0.000057314 1.000000000 -0.004973251
1.000000000 -0.000159670 -0.000065042 0.000656058 0.000159672 1.000000000 0.000030662 -0.000215199 0.000065037 -0.000030673 1.000000000 -0.003269282
1.000000000 -0.000064425 0.000052889 0.000989309 0.000064452 0.999999881 -0.000505496 -0.004462903 -0.000052857 0.000505499 0.999999881 0.051492840
1.000000000 -0.000057715 0.000074717 0.004054568 0.000057805 0.999999285 -0.001194432 -0.003393661 -0.000074648 0.001194436 0.999999285 0.144623399
1.000000000 -0.000044460 0.000007884 0.005190012 0.000044471 0.999999046 -0.001396202 -0.011103828 -0.000007822 0.001396202 0.999999046 0.259475201
1.000000000 -0.000027032 0.000075748 0.006154000 0.000027129 0.999999166 -0.001274881 -0.016269933 -0.000075714 0.001274883 0.999999166 0.389203101
1.000000000 0.000137433 -0.000006464 0.008139341 -0.000137440 0.999999464 -0.001037896 -0.022206418 0.000006321 0.001037897 0.999999464 0.532707810
1.000000000 0.000059967 0.000090557 0.007591911 -0.000059894 0.999999702 -0.000805882 -0.032272760 -0.000090605 0.000805877 0.999999642 0.684117615
1.000000000 -0.000099225 -0.000082971 0.018980024 0.000099175 0.999999821 -0.000602468 -0.035311844 0.000083031 0.000602460 0.999999821 0.848772109
1.000000000 0.000094269 -0.000072676 0.022081576 -0.000094309 0.999999821 -0.000549658 -0.036903325 0.000072624 0.000549665 0.999999821 1.026469588
0.999999940 0.000177361 0.000187021 0.019411264 -0.000177265 1.000000000 -0.000513178 -0.040744945 -0.000187113 0.000513145 0.999999821 1.192965388
1.000000000 -0.000141356 -0.000135040 0.036957726 0.000141318 1.000000000 -0.000282271 -0.045760978 0.000135080 0.000282252 0.999999940 1.386309624
0.999999762 0.000577857 0.000298792 0.027626382 -0.000577844 0.999999821 -0.000042648 -0.056804713 -0.000298817 0.000042475 0.999999940 1.571714640
0.999999702 0.000620011 0.000507837 0.031413026 -0.000619995 0.999999821 -0.000031026 -0.060504783 -0.000507856 0.000030712 0.999999821 1.767111778
0.999999762 0.000506884 0.000419199 0.031934801 -0.000507035 0.999999762 0.000361744 -0.069592297 -0.000419015 -0.000361956 0.999999821 1.966437459
0.999999523 0.000751551 0.000560050 0.034772191 -0.000751710 0.999999642 0.000283086 -0.075825170 -0.000559837 -0.000283507 0.999999762 2.187817574
0.999999702 0.000520235 0.000529412 0.042548615 -0.000520584 0.999999762 0.000660321 -0.084055744 -0.000529069 -0.000660596 0.999999642 2.388140440
0.999999583 0.000594296 0.000548529 0.048022162 -0.000594745 0.999999404 0.000819347 -0.091980204 -0.000548042 -0.000819673 0.999999523 2.623836994
0.999999881 0.000197964 0.000420434 0.056082498 -0.000198358 0.999999523 0.000937438 -0.100122169 -0.000420248 -0.000937521 0.999999464 2.850204706
0.999999464 0.000790578 0.000612882 0.062598489 -0.000791156 0.999999225 0.000943983 -0.105915189 -0.000612136 -0.000944467 0.999999344 3.083543301
0.999999881 0.000339227 0.000353983 0.068734273 -0.000339565 0.999999523 0.000955786 -0.116152331 -0.000353658 -0.000955906 0.999999464 3.331448555
0.999999642 0.000681746 0.000448399 0.072055846 -0.000682020 0.999999583 0.000611415 -0.116027363 -0.000447982 -0.000611721 0.999999702 3.579128504
0.999999881 0.000458703 0.000103992 0.085294247 -0.000458779 0.999999642 0.000730484 -0.125346407 -0.000103657 -0.000730532 0.999999702 3.822479725
0.999999702 0.000546556 0.000548853 0.079837441 -0.000547366 0.999998748 0.001477434 -0.139360860 -0.000548044 -0.001477734 0.999998748 4.075253010
0.999999404 0.000912347 0.000583759 0.086737379 -0.000913471 0.999997735 0.001926452 -0.152661949 -0.000582000 -0.001926984 0.999997973 4.318693638
0.999999821 0.000213268 0.000440099 0.095863022 -0.000213863 0.999999046 0.001353061 -0.155325413 -0.000439810 -0.001353154 0.999998987 4.586079597
0.999999881 -0.000063823 0.000428374 0.100724146 0.000063166 0.999998748 0.001533552 -0.162580833 -0.000428471 -0.001533525 0.999998748 4.837923050
0.999999642 0.000384558 0.000655065 0.095000796 -0.000385575 0.999998689 0.001552766 -0.176915050 -0.000654467 -0.001553018 0.999998569 5.089850426
0.999999762 0.000198756 0.000635998 0.105947860 -0.000199649 0.999998987 0.001403436 -0.174916074 -0.000635719 -0.001403563 0.999998808 5.350174427
0.999999881 0.000004771 0.000488590 0.112503566 -0.000005548 0.999998748 0.001590293 -0.185071439 -0.000488581 -0.001590295 0.999998569 5.621010780
0.999999762 0.000237024 0.000616817 0.115799561 -0.000238077 0.999998510 0.001707858 -0.200039849 -0.000616411 -0.001708004 0.999998271 5.888613701
0.999999702 0.000301154 0.000737124 0.119368427 -0.000302358 0.999998629 0.001634232 -0.211016983 -0.000736631 -0.001634455 0.999998391 6.150468826
0.999999166 0.000729823 0.001048157 0.122905515 -0.000731593 0.999998331 0.001689317 -0.215892449 -0.001046922 -0.001690082 0.999997973 6.447904587
0.999999404 0.000670893 0.000802189 0.122978620 -0.000672063 0.999998629 0.001459348 -0.221670896 -0.000801209 -0.001459886 0.999998629 6.730906963
0.999999642 0.000430194 0.000695321 0.137384623 -0.000431323 0.999998569 0.001624271 -0.237039894 -0.000694621 -0.001624570 0.999998450 7.017515182
0.999999881 -0.000049977 0.000389780 0.151425272 0.000049249 0.999998271 0.001868748 -0.248707652 -0.000389872 -0.001868729 0.999998152 7.303733349
0.999999881 -0.000455114 0.000089030 0.162267774 0.000454951 0.999998271 0.001828348 -0.257939667 -0.000089862 -0.001828308 0.999998271 7.599527359
0.999999523 0.000398829 0.000796560 0.161487311 -0.000400576 0.999997437 0.002194773 -0.271367520 -0.000795683 -0.002195091 0.999997258 7.926081657
0.999999821 0.000156647 0.000663746 0.167477250 -0.000158062 0.999997675 0.002131951 -0.277031064 -0.000663411 -0.002132055 0.999997497 8.242599487
0.999999642 0.000411954 0.000648678 0.177004069 -0.000413394 0.999997377 0.002222988 -0.285999805 -0.000647760 -0.002223256 0.999997318 8.571900368
0.999999702 0.000291312 0.000650792 0.183019102 -0.000292821 0.999997258 0.002319366 -0.298097074 -0.000650115 -0.002319556 0.999997079 8.907889366
0.999999523 0.000183182 0.000904096 0.183344901 -0.000185069 0.999997795 0.002088140 -0.309629798 -0.000903711 -0.002088306 0.999997437 9.212699890
0.999999285 0.000498706 0.001103090 0.188670114 -0.000501236 0.999997258 0.002294477 -0.316342533 -0.001101943 -0.002295028 0.999996781 9.557202339
0.999999523 0.000258269 0.000953455 0.198502988 -0.000260369 0.999997556 0.002202132 -0.325736195 -0.000952883 -0.002202379 0.999997139 9.885447502
0.999999821 -0.000183126 0.000529061 0.214142054 0.000182051 0.999997914 0.002031159 -0.339496583 -0.000529432 -0.002031062 0.999997795 10.233546257
0.999999881 0.000090040 0.000522447 0.225029930 -0.000091203 0.999997556 0.002226050 -0.345628560 -0.000522246 -0.002226097 0.999997437 10.605944633
0.999999762 -0.000350672 0.000488073 0.236588851 0.000349431 0.999996722 0.002540596 -0.358990878 -0.000488962 -0.002540425 0.999996662 10.958612442
0.999999881 0.000212916 0.000419340 0.241893545 -0.000213952 0.999996960 0.002472646 -0.369896412 -0.000418812 -0.002472736 0.999996841 11.344031334
0.999999821 0.000324448 0.000541760 0.256931722 -0.000326021 0.999995708 0.002906605 -0.385182053 -0.000540814 -0.002906781 0.999995649 11.703359604
0.999999464 0.000556767 0.000853897 0.260297269 -0.000559171 0.999995828 0.002818062 -0.393716693 -0.000852324 -0.002818538 0.999995708 12.085570335
0.999999344 0.000305341 0.001088827 0.272848219 -0.000308568 0.999995530 0.002965223 -0.408796310 -0.001087917 -0.002965556 0.999995053 12.485127449
0.999999642 0.000218547 0.000847702 0.275985807 -0.000221065 0.999995530 0.002970704 -0.417207539 -0.000847050 -0.002970890 0.999995232 12.841987610
0.999999762 -0.000036459 0.000681047 0.293911457 0.000034420 0.999995530 0.002993339 -0.430401266 -0.000681153 -0.002993314 0.999995291 13.238437653
0.999999583 0.000254985 0.000933033 0.299167752 -0.000258333 0.999993563 0.003589826 -0.446878284 -0.000932112 -0.003590066 0.999993205 13.659194946
0.999998808 0.000543058 0.001507615 0.300158173 -0.000548265 0.999993801 0.003455660 -0.464242816 -0.001505730 -0.003456482 0.999992847 14.063021660
0.999998510 0.000537817 0.001598446 0.315178931 -0.000543600 0.999993324 0.003620117 -0.493691266 -0.001596489 -0.003620981 0.999992192 14.474775314
0.999998212 0.000876502 0.001675285 0.328728020 -0.000882585 0.999993026 0.003634295 -0.510790706 -0.001672088 -0.003635767 0.999992013 14.872735023
0.999997139 0.000942581 0.002153224 0.337864816 -0.000950780 0.999992311 0.003809835 -0.519712746 -0.002149616 -0.003811872 0.999990463 15.306352615
0.999997437 0.000284938 0.002210733 0.354294747 -0.000294484 0.999990642 0.004318707 -0.536803186 -0.002209482 -0.004319347 0.999988258 15.744337082
0.999996960 0.000173765 0.002462660 0.366652191 -0.000184213 0.999991000 0.004242925 -0.549503148 -0.002461900 -0.004243366 0.999988019 16.180898666
0.999996126 0.000384937 0.002758281 0.377432346 -0.000397464 0.999989629 0.004542662 -0.568986177 -0.002756504 -0.004543741 0.999985874 16.609294891
0.999995768 -0.000040654 0.002881241 0.387065232 0.000027669 0.999989986 0.004506840 -0.573185802 -0.002881394 -0.004506743 0.999985695 17.080430984
0.999996066 -0.000236680 0.002754402 0.398103803 0.000223920 0.999989331 0.004631758 -0.583770275 -0.002755469 -0.004631124 0.999985456 17.534013748
0.999994457 0.000134726 0.003330163 0.406916559 -0.000150224 0.999989092 0.004654135 -0.600153685 -0.003329500 -0.004654610 0.999983609 17.986717224
0.999992847 -0.000169507 0.003797701 0.418258727 0.000151879 0.999989212 0.004641362 -0.609462500 -0.003798447 -0.004640752 0.999982059 18.458839417
0.999992490 -0.000301940 0.003861377 0.427199125 0.000284570 0.999989808 0.004497964 -0.624659002 -0.003862697 -0.004496831 0.999982476 18.910106659
0.999994099 -0.000574668 0.003394778 0.455754817 0.000558857 0.999989033 0.004656531 -0.638460100 -0.003397417 -0.004654606 0.999983370 19.395174026
0.999992490 0.000100228 0.003870485 0.456861317 -0.000121423 0.999984920 0.005476276 -0.668037474 -0.003869878 -0.005476705 0.999977529 19.874940872
0.999993801 -0.000323928 0.003523053 0.469509482 0.000304939 0.999985397 0.005389111 -0.680147231 -0.003524747 -0.005388003 0.999979377 20.363903046
0.999992609 0.000212917 0.003842483 0.474291980 -0.000234041 0.999984860 0.005497865 -0.698374510 -0.003841254 -0.005498724 0.999977529 20.874593735
0.999993145 0.000605291 0.003651320 0.466316044 -0.000626831 0.999982357 0.005901161 -0.722641349 -0.003647684 -0.005903409 0.999975920 21.418102264
0.999997258 -0.000119911 0.002346261 0.507797301 0.000106125 0.999982715 0.005875031 -0.731973946 -0.002346925 -0.005874766 0.999979973 21.864831924
0.999998033 -0.000812778 0.001823178 0.521523595 0.000801442 0.999980450 0.006209720 -0.745117724 -0.001828190 -0.006208248 0.999979079 22.390365601
0.999998689 -0.000883145 0.001390930 0.530381024 0.000874130 0.999978662 0.006468810 -0.757601738 -0.001396613 -0.006467585 0.999978125 22.891527176
0.999999642 -0.000761864 0.000634245 0.536989450 0.000757661 0.999977946 0.006601518 -0.779218853 -0.000639260 -0.006601035 0.999978006 23.395570755
0.999998033 -0.001976414 -0.000199857 0.549702704 0.001977569 0.999980330 0.005950697 -0.788191497 0.000188092 -0.005951080 0.999982297 23.921535492
0.999999464 -0.000592870 -0.000760930 0.554762602 0.000597448 0.999981642 0.006029567 -0.799413681 0.000757342 -0.006030019 0.999981523 24.437314987
0.999998868 -0.000902360 -0.001203398 0.561262548 0.000909733 0.999980748 0.006139946 -0.806184232 0.001197835 -0.006141035 0.999980450 24.982639313
0.999997675 -0.000907384 -0.001928909 0.570097566 0.000919993 0.999978125 0.006546170 -0.819929898 0.001922927 -0.006547930 0.999976635 25.503244400
0.999997377 -0.000696010 -0.002179869 0.576605856 0.000709725 0.999979913 0.006297376 -0.832200706 0.002175442 -0.006298908 0.999977767 26.049234390
0.999995351 -0.001489498 -0.002667292 0.587334871 0.001508307 0.999973834 0.007063572 -0.842948735 0.002656701 -0.007067563 0.999971509 26.590684891
0.999993503 -0.001746021 -0.003134677 0.600076139 0.001768532 0.999972522 0.007192971 -0.859401107 0.003122032 -0.007198469 0.999969244 27.119222641
0.999993622 -0.001096694 -0.003394231 0.609294832 0.001120652 0.999974430 0.007064472 -0.875523448 0.003386398 -0.007068230 0.999969244 27.652353287
0.999991834 -0.001201939 -0.003857994 0.615823984 0.001230237 0.999972284 0.007340869 -0.887805939 0.003849064 -0.007345555 0.999965608 28.177675247
0.999990463 -0.001077299 -0.004229817 0.629512191 0.001108351 0.999972403 0.007345567 -0.902841330 0.004221787 -0.007350186 0.999964058 28.720165253
0.999988437 -0.001193878 -0.004662779 0.641924560 0.001228796 0.999971211 0.007492984 -0.915970385 0.004653700 -0.007498628 0.999961019 29.266326904
0.999985576 -0.001405013 -0.005186629 0.635868430 0.001446917 0.999966264 0.008084332 -0.930059671 0.005175095 -0.008091719 0.999953866 29.805818558
0.999985397 -0.001226632 -0.005265802 0.646501422 0.001267018 0.999969780 0.007673141 -0.940865159 0.005256230 -0.007679701 0.999956667 30.333633423
0.999984086 -0.001281702 -0.005496626 0.658957541 0.001323278 0.999970436 0.007566873 -0.954224169 0.005486765 -0.007574026 0.999956250 30.876609802
0.999982536 -0.001407828 -0.005733506 0.673350394 0.001452491 0.999968588 0.007793107 -0.969072819 0.005722354 -0.007801299 0.999953210 31.404226303
0.999981225 -0.001742625 -0.005869481 0.684763849 0.001789320 0.999966741 0.007959628 -0.984121203 0.005855415 -0.007969982 0.999951065 31.950683594
0.999977112 -0.001418274 -0.006613992 0.683251262 0.001471651 0.999966323 0.008072553 -0.990670323 0.006602320 -0.008082102 0.999945521 32.463287354
0.999976814 -0.002087822 -0.006481898 0.697041929 0.002136300 0.999969780 0.007481106 -0.996860266 0.006466081 -0.007494779 0.999951005 33.036987305
0.999980450 0.000092852 -0.006248072 0.682778180 -0.000047448 0.999973595 0.007266594 -1.013565183 0.006248582 -0.007266155 0.999954104 33.494804382
0.999979615 0.000890256 -0.006320667 0.688410759 -0.000844241 0.999973178 0.007278950 -1.030481100 0.006326978 -0.007273467 0.999953568 34.037475586
0.999978602 0.000319533 -0.006532609 0.684453607 -0.000273654 0.999975383 0.007022760 -1.036987901 0.006534692 -0.007020823 0.999954045 34.543033600
0.999971151 -0.001423986 -0.007458859 0.723173380 0.001485622 0.999964774 0.008264387 -1.071310282 0.007446828 -0.008275229 0.999938011 35.081371307
0.999975979 -0.000049637 -0.006916637 0.712897360 0.000098484 0.999975026 0.007062052 -1.060823321 0.006916114 -0.007062564 0.999951184 35.675125122
0.999975681 -0.001507011 -0.006801858 0.712576210 0.001565375 0.999962032 0.008583421 -1.106981993 0.006788664 -0.008593861 0.999939978 36.147754669
0.999977112 -0.000061060 -0.006774903 0.687661231 0.000113277 0.999970317 0.007707343 -1.111974955 0.006774231 -0.007707933 0.999947309 36.622318268
0.999972105 -0.001395598 -0.007342567 0.689221382 0.001455024 0.999966264 0.008094275 -1.112558007 0.007331023 -0.008104733 0.999940217 37.180541992
0.999971390 0.000035971 -0.007563372 0.759376347 0.000018732 0.999973893 0.007232475 -1.105332613 0.007563435 -0.007232409 0.999945223 37.648628235
0.999969959 0.001350681 -0.007628335 0.772873163 -0.001299918 0.999977052 0.006655662 -1.089889765 0.007637149 -0.006645546 0.999948800 38.272354126
0.999968112 -0.000499345 -0.007960817 0.749089360 0.000559365 0.999971449 0.007539013 -1.127981424 0.007956825 -0.007543226 0.999939859 38.680915833
0.999959111 -0.000733423 -0.009010555 0.827813685 0.000795225 0.999976218 0.006857219 -1.100343585 0.009005310 -0.006864103 0.999935865 39.342662811
0.999962270 -0.001578601 -0.008545124 0.793750346 0.001658098 0.999955356 0.009304210 -1.195594430 0.008530055 -0.009318027 0.999920189 39.804985046
0.999961972 -0.001745105 -0.008541065 0.784982085 0.001828068 0.999951124 0.009715347 -1.226377130 0.008523693 -0.009730590 0.999916315 40.301067352
0.999959409 -0.001784667 -0.008829995 0.810722351 0.001862102 0.999959826 0.008769124 -1.209111452 0.008813990 -0.008785211 0.999922574 40.863040924
0.999961615 -0.001145577 -0.008690145 0.816779256 0.001217927 0.999964595 0.008324722 -1.218481421 0.008680300 -0.008334986 0.999927580 41.416103363
0.999963880 -0.000900521 -0.008448666 0.818038821 0.000972909 0.999962807 0.008567850 -1.221582532 0.008440636 -0.008575761 0.999927580 41.923152924
0.999962389 -0.000568627 -0.008651501 0.829211712 0.000642234 0.999963582 0.008507533 -1.228984356 0.008646348 -0.008512769 0.999926388 42.457149506
0.999966502 -0.000319165 -0.008182271 0.835918605 0.000388006 0.999964535 0.008413219 -1.242438436 0.008179297 -0.008416113 0.999931097 42.959339142
0.999962866 -0.000624243 -0.008598124 0.840693593 0.000696037 0.999964833 0.008349546 -1.251908422 0.008592611 -0.008355220 0.999928176 43.458774567
0.999965012 -0.000328972 -0.008374222 0.849396944 0.000400146 0.999963820 0.008498955 -1.263375401 0.008371123 -0.008502007 0.999928832 44.010147095
0.999965429 -0.000347101 -0.008309920 0.857262015 0.000415266 0.999966264 0.008202448 -1.281672478 0.008306793 -0.008205615 0.999931812 44.528179169
0.999961317 -0.000586707 -0.008786935 0.866789699 0.000661256 0.999963760 0.008483555 -1.289059877 0.008781642 -0.008489035 0.999925435 45.060054779
0.999963045 0.000167230 -0.008593350 0.867587984 -0.000096641 0.999966264 0.008214112 -1.307213306 0.008594436 -0.008212979 0.999929368 45.563579559
0.999961734 -0.000081568 -0.008756963 0.882230282 0.000158567 0.999961376 0.008792517 -1.318926573 0.008755907 -0.008793568 0.999922931 46.168788910
0.999957681 -0.000510651 -0.009186726 0.891865373 0.000597254 0.999955356 0.009426721 -1.334879994 0.009181504 -0.009431809 0.999913394 46.673171997
0.999964654 0.000325486 -0.008402177 0.890774369 -0.000251174 0.999960840 0.008844058 -1.356202841 0.008404725 -0.008841636 0.999925613 47.068767548
0.999956727 -0.000300554 -0.009296212 0.886102557 0.000384281 0.999959409 0.009006042 -1.370006323 0.009293130 -0.009009225 0.999916255 47.671249390
0.999957860 -0.000679957 -0.009145577 0.908575952 0.000758880 0.999962509 0.008628991 -1.379409552 0.009139366 -0.008635569 0.999920964 48.081367493
0.999957383 -0.000961421 -0.009177015 0.923454583 0.001040106 0.999962628 0.008573227 -1.390872121 0.009168431 -0.008582406 0.999921143 48.605369568
0.999957979 -0.000264693 -0.009159999 0.926962972 0.000349009 0.999957561 0.009204473 -1.411095381 0.009157175 -0.009207283 0.999915659 49.118370056
0.999955952 -0.000846820 -0.009344931 0.933408558 0.000928907 0.999961019 0.008783268 -1.420501947 0.009337131 -0.008791562 0.999917686 49.638172150
0.999958456 -0.000302295 -0.009105999 0.929122865 0.000384850 0.999958813 0.009065628 -1.429123998 0.009102885 -0.009068756 0.999917448 50.163616180
0.999957860 -0.000564678 -0.009163436 0.932050228 0.000649556 0.999956906 0.009262338 -1.440372229 0.009157812 -0.009267900 0.999915063 50.673675537
0.999958813 -0.000332798 -0.009069334 0.932952285 0.000417527 0.999956310 0.009342011 -1.457574487 0.009065830 -0.009345412 0.999915183 51.201530457
0.999958336 -0.000553000 -0.009104664 0.949544191 0.000640028 0.999954045 0.009558464 -1.465904474 0.009098961 -0.009563894 0.999912798 51.696094513
0.999969423 0.000597117 -0.007807261 0.923617780 -0.000528357 0.999961078 0.008806268 -1.465639830 0.007812217 -0.008801872 0.999930739 52.259365082
0.999954104 -0.001086974 -0.009519495 0.968848228 0.001181414 0.999950051 0.009920743 -1.495094061 0.009508237 -0.009931535 0.999905467 52.757896423
0.999962270 -0.000584886 -0.008670744 0.927944064 0.000672327 0.999948919 0.010085112 -1.513184190 0.008664403 -0.010090561 0.999911487 53.296340942
0.999963045 -0.000448659 -0.008584781 0.946609139 0.000532726 0.999951899 0.009792730 -1.532980561 0.008579975 -0.009796941 0.999915123 53.672306061
0.999960601 -0.000107697 -0.008873685 0.919704556 0.000198875 0.999947250 0.010274867 -1.546527147 0.008872111 -0.010276227 0.999907732 54.439075470
0.999963105 -0.000296798 -0.008582466 0.954627514 0.000384660 0.999947488 0.010237521 -1.554134369 0.008578977 -0.010240444 0.999910712 54.755649567
0.999960840 -0.000647311 -0.008820827 0.985631585 0.000735911 0.999949336 0.010044865 -1.554535627 0.008813879 -0.010050965 0.999910653 55.255084991
0.999960899 -0.000779788 -0.008807740 0.962934136 0.000866939 0.999950647 0.009895335 -1.564612627 0.008799587 -0.009902585 0.999912262 55.623786926
0.999960661 -0.000444201 -0.008861238 0.950655341 0.000536962 0.999945045 0.010468542 -1.586676598 0.008856100 -0.010472888 0.999905884 56.349887848
0.999956667 -0.001334490 -0.009209223 0.977581739 0.001427272 0.999948204 0.010075686 -1.595519900 0.009195302 -0.010088393 0.999906838 56.636554718
0.999958158 -0.001137791 -0.009067371 0.977803767 0.001229405 0.999948204 0.010104532 -1.600520730 0.009055405 -0.010115260 0.999907851 57.135238647
0.999959826 -0.001031375 -0.008907099 0.982441008 0.001121807 0.999947846 0.010153783 -1.612408519 0.008896164 -0.010163368 0.999908745 57.643287659
0.999957860 -0.001300743 -0.009090559 0.988327503 0.001395199 0.999944985 0.010391982 -1.624394655 0.009076541 -0.010404225 0.999904633 58.163841248
0.999954879 -0.001831207 -0.009334738 0.998483479 0.001927651 0.999944746 0.010333209 -1.632597446 0.009315300 -0.010350736 0.999903023 58.688282013
0.999956071 -0.001534417 -0.009251026 1.010341644 0.001629696 0.999945700 0.010300541 -1.652437925 0.009234720 -0.010315165 0.999904096 59.228385925
0.999952614 -0.001494670 -0.009619202 1.058351517 0.001605447 0.999932349 0.011518908 -1.688425064 0.009601334 -0.011533802 0.999887407 59.682868958
0.999954939 -0.001830980 -0.009328190 1.030011415 0.001935071 0.999935806 0.011161972 -1.683372736 0.009307155 -0.011179518 0.999894142 60.205898285
0.999957561 -0.001208524 -0.009136852 1.052827954 0.001306289 0.999941885 0.010701669 -1.687704563 0.009123387 -0.010713151 0.999900937 60.729488373
0.999956667 -0.000710792 -0.009289116 1.062697053 0.000810789 0.999941707 0.010765586 -1.691064358 0.009280923 -0.010772650 0.999898911 61.256458282
0.999951959 -0.001688235 -0.009656659 1.007229090 0.001804311 0.999926090 0.012024272 -1.752294302 0.009635647 -0.012041118 0.999881029 61.796234131
0.999947786 -0.002420609 -0.009926027 1.045043468 0.002536033 0.999929130 0.011632405 -1.728829145 0.009897166 -0.011656970 0.999883056 62.321014404
0.999945462 -0.003329056 -0.009900928 0.990201533 0.003437186 0.999934435 0.010924348 -1.745196819 0.009863910 -0.010957783 0.999891281 62.645389557
0.999954462 -0.002550376 -0.009202503 0.996271491 0.002648087 0.999940038 0.010621341 -1.755680799 0.009174862 -0.010645225 0.999901235 63.183650970
0.999946892 -0.003232424 -0.009778121 1.010444760 0.003341018 0.999932647 0.011109903 -1.768254638 0.009741551 -0.011141982 0.999890387 63.720577240
0.999950945 -0.002435405 -0.009606846 1.011210442 0.002543980 0.999932826 0.011305927 -1.764430285 0.009578666 -0.011329811 0.999889910 64.202529907
0.999954760 -0.002203033 -0.009253955 1.009334445 0.002304567 0.999937117 0.010975614 -1.781773806 0.009229194 -0.010996445 0.999896884 64.717826843
0.999956369 -0.002529966 -0.008997905 0.990761936 0.002628818 0.999936044 0.010991264 -1.802518129 0.008969522 -0.011014438 0.999899089 65.271667480
0.999957263 -0.001568943 -0.009110048 1.053589106 0.001674059 0.999931991 0.011542287 -1.815695524 0.009091318 -0.011557043 0.999891877 65.523925781
0.999956965 -0.001713186 -0.009120027 1.070988417 0.001823282 0.999925435 0.012077307 -1.842899799 0.009098655 -0.012093417 0.999885499 66.043807983
0.999960005 -0.000402550 -0.008931048 1.085237026 0.000515797 0.999919474 0.012681426 -1.862096667 0.008925223 -0.012685526 0.999879718 66.559036255
0.999963701 -0.000635298 -0.008497720 1.085927486 0.000740121 0.999923646 0.012337904 -1.860893488 0.008489230 -0.012343745 0.999887764 67.027252197
0.999958396 -0.000983719 -0.009061885 1.061829329 0.001092989 0.999926627 0.012061268 -1.878205299 0.009049353 -0.012070669 0.999886155 67.408187866
0.999953866 -0.001395169 -0.009505231 1.066316366 0.001509584 0.999926329 0.012040508 -1.885892153 0.009487731 -0.012054299 0.999882340 67.950500488
0.999956965 -0.001343998 -0.009173134 1.089864731 0.001455507 0.999925017 0.012160254 -1.896498799 0.009156103 -0.012173082 0.999883950 68.445716858
0.999953687 -0.001653512 -0.009484500 1.099879742 0.001768918 0.999924302 0.012172471 -1.919880509 0.009463655 -0.012188682 0.999880910 69.003623962
0.999952734 -0.001831960 -0.009550663 1.112823725 0.001948455 0.999923587 0.012202645 -1.933164597 0.009527577 -0.012220676 0.999879956 69.507293701
0.999959469 -0.000639287 -0.008990954 1.117455959 0.000749287 0.999924779 0.012236504 -1.950103402 0.008982454 -0.012242744 0.999884725 70.047309875
0.999954522 -0.001582452 -0.009403372 1.125668287 0.001697315 0.999923885 0.012219734 -1.952802420 0.009383320 -0.012235139 0.999881089 70.586547852
0.999951541 -0.002034059 -0.009630001 1.138667345 0.002149820 0.999925375 0.012025851 -1.962005973 0.009604823 -0.012045969 0.999881327 71.123931885
0.999955535 -0.001889024 -0.009241973 1.140642405 0.002003030 0.999921858 0.012342045 -1.973941803 0.009217937 -0.012360010 0.999881148 71.671966553
0.999958575 -0.001236154 -0.009019391 1.146205425 0.001345266 0.999925792 0.012101484 -1.984521747 0.009003763 -0.012113115 0.999886096 72.174095154
0.999954522 -0.001757532 -0.009378994 1.164234161 0.001870567 0.999925494 0.012056790 -2.001668453 0.009357106 -0.012073788 0.999883354 72.716903687
0.999956667 -0.001381232 -0.009208952 1.177259207 0.001494617 0.999922991 0.012316907 -2.017601013 0.009191230 -0.012330135 0.999881744 73.231117249
0.999954939 -0.001414540 -0.009387037 1.190716028 0.001529646 0.999923587 0.012266391 -2.034418583 0.009368967 -0.012280196 0.999880731 73.779655457
0.999956548 -0.001006064 -0.009263176 1.205127001 0.001118714 0.999925315 0.012163981 -2.045819044 0.009250247 -0.012173816 0.999883056 74.281455994
0.999953628 -0.001190544 -0.009553262 1.216724157 0.001308826 0.999922335 0.012384673 -2.057293892 0.009537778 -0.012396602 0.999877691 74.833122253
0.999955475 -0.001498182 -0.009315483 1.217212915 0.001609700 0.999926925 0.011975269 -2.059690952 0.009296860 -0.011989731 0.999884903 75.365089417
0.999955952 -0.001403822 -0.009271999 1.233414650 0.001517459 0.999923706 0.012260209 -2.074801207 0.009254080 -0.012273738 0.999881804 75.870391846
0.999952614 -0.001484484 -0.009619480 1.244144440 0.001601591 0.999924660 0.012177719 -2.087368965 0.009600678 -0.012192551 0.999879539 76.409523010
0.999958694 -0.000934115 -0.009039310 1.257372141 0.001044440 0.999924958 0.012208029 -2.098629475 0.009027226 -0.012216965 0.999884605 76.957778931
0.999969661 -0.000987310 -0.007723245 1.266609311 0.001079706 0.999927819 0.011968464 -2.104164124 0.007710869 -0.011976440 0.999898493 77.507125854
0.999978244 -0.001171916 -0.006494014 1.278198957 0.001249836 0.999927104 0.012007541 -2.120897532 0.006479470 -0.012015397 0.999906778 78.026565552
0.999987006 -0.000258398 -0.005111527 1.282914758 0.000320780 0.999925375 0.012207257 -2.134501696 0.005107991 -0.012208737 0.999912381 78.564186096
0.999989688 -0.000966475 -0.004431741 1.296101213 0.001020420 0.999925196 0.012186355 -2.142775536 0.004419631 -0.012190755 0.999915838 79.119995117
0.999999166 -0.000515670 -0.001180777 1.303305745 0.000529699 0.999928892 0.011912115 -2.153528929 0.001174550 -0.011912731 0.999928296 79.668113708
0.999996960 -0.000099783 0.002452627 1.325534105 0.000068763 0.999920011 0.012644333 -2.175058126 -0.002453693 -0.012644128 0.999916971 80.184455872
0.999989510 -0.000227930 0.004548503 1.331194282 0.000169994 0.999918938 0.012733665 -2.172985792 -0.004551037 -0.012732761 0.999908566 80.725219727
0.999959111 -0.000349550 0.009035543 1.391322017 0.000234353 0.999918759 0.012747204 -2.211506844 -0.009039264 -0.012744566 0.999877810 81.202163696
0.999890327 -0.000006993 0.014807429 1.405278206 -0.000185466 0.999915481 0.012996042 -2.206975937 -0.014806269 -0.012997365 0.999805868 81.716011047
0.999793828 -0.001327622 0.020260017 1.443337202 0.001083212 0.999926567 0.012069889 -2.185307503 -0.020274555 -0.012045456 0.999721825 82.285644531
0.999634385 -0.000695887 0.027028559 1.431369543 0.000369218 0.999926865 0.012089198 -2.204533100 -0.027034994 -0.012074801 0.999561489 82.911514282
0.999390006 -0.000324967 0.034922339 1.527774453 -0.000119868 0.999918878 0.012734982 -2.252349615 -0.034923639 -0.012731400 0.999308825 83.581703186
0.999039769 0.000106186 0.043810647 1.565017462 -0.000647134 0.999923706 0.012333419 -2.258105755 -0.043806002 -0.012349931 0.998963654 84.114189148
0.998703778 -0.000377733 0.050896969 1.612485409 -0.000263793 0.999920607 0.012597097 -2.272426844 -0.050897688 -0.012594193 0.998624444 84.662704468
0.998233616 -0.000743851 0.059405509 1.677182198 0.000032798 0.999928355 0.011969561 -2.276607752 -0.059410162 -0.011946470 0.998162150 85.216362000
0.997547984 -0.000099891 0.069985732 1.723432541 -0.000772495 0.999922335 0.012438020 -2.293350697 -0.069981538 -0.012461585 0.997470438 85.757286072
0.996885240 -0.000208364 0.078865163 1.780214787 -0.000751048 0.999926090 0.012135366 -2.295928955 -0.078861848 -0.012156798 0.996811450 86.306449890
0.996234834 -0.000801610 0.086691685 1.857753277 -0.000273017 0.999923289 0.012383401 -2.322700024 -0.086694948 -0.012360444 0.996158242 86.846748352
0.995250642 -0.001119941 0.097338326 1.932987213 -0.000097440 0.999921858 0.012501051 -2.332539558 -0.097344719 -0.012451163 0.995172799 87.394416809
0.994192004 -0.001547118 0.107609041 2.018563747 0.000185006 0.999919772 0.012666797 -2.345036507 -0.107620016 -0.012573322 0.994112551 87.939018250
0.993172705 -0.002382119 0.116628967 2.102669716 0.001027039 0.999931276 0.011677445 -2.349301338 -0.116648756 -0.011477937 0.993106902 88.481910706
0.991838753 -0.002108742 0.127480626 2.195531845 0.000567033 0.999926269 0.012128753 -2.358567476 -0.127496824 -0.011957482 0.991766870 89.029449463
0.990165055 -0.002341594 0.139884531 2.291039467 0.000705435 0.999930799 0.011744939 -2.364027023 -0.139902338 -0.011530748 0.990098178 89.573097229
0.988557458 -0.001976173 0.150831714 2.400734901 0.000182221 0.999929070 0.011906628 -2.377496958 -0.150844604 -0.011742903 0.988487661 90.140296936
0.987041175 -0.002603146 0.160445794 2.502679825 0.000727367 0.999930739 0.011748667 -2.379829884 -0.160465285 -0.011479716 0.986974716 90.678649902
0.985013008 -0.002496863 0.172461569 2.618983269 0.000521461 0.999933779 0.011498511 -2.390965462 -0.172478870 -0.011236251 0.984949112 91.211395264
0.982780516 -0.003267814 0.184747756 2.749637604 0.001130559 0.999931216 0.011672653 -2.406262398 -0.184773237 -0.011262790 0.982716620 91.754661560
0.980728567 -0.003698451 0.195340246 2.880554199 0.001460236 0.999931574 0.011600797 -2.414200783 -0.195369795 -0.011091988 0.980666935 92.284912109
0.977960587 -0.003953952 0.208751708 3.015991211 0.001618026 0.999934196 0.011359552 -2.424787760 -0.208782896 -0.010771431 0.977902710 92.815513611
0.974998713 -0.004167032 0.222171485 3.160926819 0.001602660 0.999930024 0.011721344 -2.433977365 -0.222204790 -0.011072230 0.974937081 93.340469360
0.972408295 -0.003844390 0.233253613 3.315025330 0.001196087 0.999933243 0.011494137 -2.447288990 -0.233282223 -0.010898001 0.972347975 93.870994568
0.969519019 -0.005375750 0.244957134 3.488195419 0.002525233 0.999925375 0.011949386 -2.468423367 -0.245003134 -0.010966583 0.969460249 94.361892700
0.965841174 -0.005313580 0.259080142 3.661035538 0.002296970 0.999926031 0.011944870 -2.476634979 -0.259124517 -0.010941749 0.965781927 94.892807007
0.962370813 -0.005749785 0.271678537 3.838346481 0.002525268 0.999922156 0.012216989 -2.493071079 -0.271727592 -0.011071212 0.962310493 95.410095215
0.959266365 -0.006895377 0.282418966 4.017332077 0.003597562 0.999919176 0.012193939 -2.503732681 -0.282480270 -0.010681217 0.959213555 95.909141541
0.954920590 -0.006123948 0.296797931 4.203092575 0.002732937 0.999926150 0.011838887 -2.504717827 -0.296848536 -0.010494070 0.954866886 96.449836731
0.950658977 -0.007391883 0.310149789 4.404611588 0.003985527 0.999924600 0.011615186 -2.512908459 -0.310212284 -0.009805972 0.950616658 96.950637817
0.946881413 -0.007172142 0.321503043 4.604038239 0.003535373 0.999922991 0.011894166 -2.522732258 -0.321563542 -0.010125732 0.946833849 97.469543457
0.942304373 -0.007235237 0.334679186 4.805179596 0.003498876 0.999924660 0.011765555 -2.533230305 -0.334739089 -0.009915733 0.942258656 97.983169556
0.937089264 -0.007354037 0.349012434 5.015819550 0.003272036 0.999919176 0.012283952 -2.541445971 -0.349074602 -0.010369179 0.937037528 98.503791809
0.932691097 -0.008592527 0.360573858 5.246694565 0.004433821 0.999913752 0.012359187 -2.554428577 -0.360649019 -0.009928583 0.932648718 99.001617432
0.928073525 -0.008655800 0.372296721 5.471134186 0.004455646 0.999916315 0.012140619 -2.561394215 -0.372370660 -0.009608563 0.928034365 99.505149841
0.922392249 -0.008819264 0.386153847 5.711416245 0.004527831 0.999917448 0.012021375 -2.568100929 -0.386228025 -0.009339984 0.922356069 100.017753601
0.916852057 -0.009424944 0.399115831 5.956459045 0.004814006 0.999909580 0.012553654 -2.582631826 -0.399198085 -0.009588496 0.916814566 100.505538940
0.912105918 -0.009819233 0.409837037 6.198524475 0.005173129 0.999909163 0.012443729 -2.584359646 -0.409921974 -0.009229857 0.912073910 101.010665894
0.906445622 -0.009717960 0.422210634 6.452720642 0.004660967 0.999904513 0.013008007 -2.597416401 -0.422296762 -0.009823141 0.906404495 101.498825073
0.900009334 -0.010469091 0.435744911 6.722038269 0.005097458 0.999895930 0.013494689 -2.617857933 -0.435840845 -0.009924154 0.899969041 101.988182068
0.894077599 -0.010590242 0.447786838 6.989479065 0.005156147 0.999897480 0.013352699 -2.622049809 -0.447882384 -0.009629495 0.894040644 102.478378296
0.888383806 -0.011119312 0.458966881 7.262752533 0.005611932 0.999894917 0.013361737 -2.630707264 -0.459067255 -0.009294658 0.888352871 102.951690674
0.881283343 -0.011101243 0.472457737 7.552875519 0.005477752 0.999896824 0.013276630 -2.644233942 -0.472556353 -0.009112466 0.881253302 103.428131104
