1.000000000 0.000000000 0.000000000 0.000000000 0.000000000 1.000000000 0.000000000 0.000000000 0.000000000 0.000000000 1.000000000 0.000000000
1.000000000 0.000019519 -0.000011093 -0.000365266 -0.000019519 1.000000000 0.000018828 -0.000184325 0.000011094 -0.000018828 1.000000000 -0.001651417
1.000000000 0.000100583 0.000086348 -0.002692037 -0.000100581 1.000000000 -0.000027437 -0.000582575 -0.000086351 0.000027429 1.000000000 -0.001756110
1.000000000 0.000041614 0.000026292 0.001418094 -0.000041615 1.000000000 0.000030953 -0.000127752 -0.000026291 -0.000030954 1.000000000 -0.003102042
1.000000000 -0.000000360 -0.000008840 0.001168363 0.000000361 1.000000000 0.000043254 -0.000511007 0.000008840 -0.000043254 1.000000000 -0.000832823
1.000000000 0.000006871 0.000034611 -0.000075680 -0.000006871 1.000000000 -0.000009337 -0.000096428 -0.000034611 0.000009337 1.000000000 -0.000457913
1.000000000 -0.000030122 0.000028373 0.000909649 0.000030118 1.000000000 0.000117683 -0.000482197 -0.000028377 -0.000117682 1.000000000 -0.003024669
1.000000000 -0.000093287 0.000019249 -0.000127873 0.000093285 1.000000000 0.000089904 -0.000443292 -0.000019257 -0.000089902 1.000000000 0.002375467
1.000000000 0.000032762 0.000029935 0.000383037 -0.000032763 1.000000000 0.000014269 -0.000445682 -0.000029935 -0.000014270 1.000000000 -0.003411367
1.000000000 -0.000075087 0.000060991 0.000296296 0.000075083 1.000000000 0.000074648 -0.000757624 -0.000060997 -0.000074644 1.000000000 -0.004210012
1.000000000 0.000054703 0.000032673 -0.000223252 -0.000054704 1.000000000 0.000028491 -0.000201172 -0.000032671 -0.000028493 1.000000000 -0.001781762
1.000000000 -0.000051821 0.000016239 0.000466086 0.000051821 1.000000000 0.000011408 -0.000672850 -0.000016240 -0.000011407 1.000000000 -0.004629865
1.000000000 -0.000116027 0.000074513 0.000126865 0.000116022 1.000000000 0.000067669 -0.000654929 -0.000074521 -0.000067660 1.000000000 -0.002166060
1.000000000 -0.000025002 0.000075610 0.000350449 0.000024997 1.000000000 0.000071479 -0.000987875 -0.000075611 -0.000071477 1.000000000 -0.004124722
1.000000000 -0.000086013 0.000062646 -0.000187927 0.000086005 1.000000000 0.000119090 -0.000523198 -0.000062656 -0.000119085 1.000000000 -0.003896453
1.000000000 -0.000112931 0.000037937 -0.000790391 0.000112928 1.000000000 0.000081721 -0.000458179 -0.000037946 -0.000081716 1.000000000 -0.003561074
1.000000000 -0.000110309 0.000039412 -0.000147204 0.000110307 1.000000000 0.000060933 -0.000351828 -0.000039418 -0.000060928 1.000000000 -0.005150529
1.000000000 0.000042472 0.000043055 0.000647769 -0.000042477 1.000000000 0.000103672 -0.001300683 -0.000043051 -0.000103674 1.000000000 -0.008384655
1.000000000 -0.000109908 0.000042695 0.000791080 0.000109904 1.000000000 0.000085547 -0.001063636 -0.000042704 -0.000085542 1.000000000 -0.006383836
1.000000000 -0.000072043 0.000022750 0.000231500 0.000072043 1.000000000 0.000037914 -0.001191563 -0.000022752 -0.000037913 1.000000000 -0.005849568
1.000000000 -0.000148489 -0.000043317 0.003421931 0.000148496 1.000000000 0.000152824 -0.004581051 0.000043294 -0.000152831 1.000000000 -0.007892655
1.000000000 -0.000071658 0.000092093 -0.000907634 0.000071650 1.000000000 0.000088544 -0.000829819 -0.000092100 -0.000088537 1.000000000 -0.002390209
1.000000000 -0.000045499 0.000035872 -0.000002366 0.000045492 1.000000000 0.000183662 -0.003104444 -0.000035881 -0.000183660 1.000000000 -0.009379510
1.000000000 -0.000211437 0.000063833 0.000621006 0.000211425 0.999999940 0.000186966 -0.002856600 -0.000063873 -0.000186952 1.000000000 -0.005185942
1.000000000 -0.000000758 0.000017660 0.000653862 0.000000756 1.000000000 0.000113624 -0.000531099 -0.000017660 -0.000113624 1.000000000 -0.006341277
1.000000000 -0.000239216 0.000006491 0.001456203 0.000239214 0.999999940 0.000254840 -0.003145564 -0.000006552 -0.000254838 0.999999940 -0.010403913
1.000000000 -0.000050024 0.000026105 0.000905962 0.000050021 1.000000000 0.000093154 -0.002570539 -0.000026110 -0.000093153 1.000000000 -0.004423925
1.000000000 -0.000104439 0.000042107 0.000194633 0.000104433 1.000000000 0.000137648 -0.001411692 -0.000042121 -0.000137643 1.000000000 -0.004190722
1.000000000 -0.000190995 -0.000014171 0.000333723 0.000190996 1.000000000 0.000094319 -0.000492925 0.000014153 -0.000094321 1.000000000 -0.002087970
1.000000000 -0.000103660 0.000026235 -0.000800430 0.000103659 1.000000000 0.000073221 -0.000670254 -0.000026243 -0.000073218 1.000000000 0.001840863
1.000000000 -0.000154446 0.000031100 -0.000429406 0.000154441 1.000000000 0.000138683 -0.002093351 -0.000031122 -0.000138678 1.000000000 -0.001380137
1.000000000 -0.000113482 0.000013805 -0.001642360 0.000113480 1.000000000 0.000106080 -0.002133382 -0.000013817 -0.000106079 1.000000000 -0.005285466
1.000000000 -0.000213899 -0.000015530 -0.000021435 0.000213901 0.999999940 0.000192085 -0.003076171 0.000015488 -0.000192088 1.000000000 -0.006375123
1.000000000 0.000105522 0.000083348 -0.000850291 -0.000105527 1.000000000 0.000064157 -0.000105891 -0.000083342 -0.000064166 1.000000000 -0.001573603
1.000000000 -0.000124890 0.000022173 -0.000572127 0.000124888 1.000000000 0.000074539 -0.000869991 -0.000022183 -0.000074537 1.000000000 -0.002277208
1.000000000 -0.000127171 -0.000016146 -0.000308607 0.000127171 1.000000000 0.000032264 -0.001226387 0.000016142 -0.000032266 1.000000000 -0.004197590
1.000000000 -0.000188781 0.000005925 -0.000562015 0.000188781 1.000000000 0.000056843 -0.000668743 -0.000005936 -0.000056842 1.000000000 -0.007746288
1.000000000 -0.000227333 -0.000007550 0.001132301 0.000227334 1.000000000 0.000045038 -0.000749329 0.000007539 -0.000045040 1.000000000 -0.004681234
1.000000000 -0.000087382 0.000031357 0.000273336 0.000087378 1.000000000 0.000127295 -0.000636161 -0.000031368 -0.000127292 1.000000000 -0.003425493
0.999999940 -0.000254133 -0.000089283 0.003140087 0.000254143 0.999999940 0.000115702 -0.003095705 0.000089254 -0.000115725 1.000000000 -0.005882566
1.000000000 -0.000230142 -0.000050248 0.002555245 0.000230118 0.999999881 -0.000489366 -0.006414296 0.000050361 0.000489355 0.999999881 0.048819296
0.999999940 -0.000264871 -0.000094045 0.008212826 0.000264767 0.999999344 -0.001095660 -0.006630091 0.000094336 0.001095635 0.999999404 0.141296461
1.000000000 -0.000208258 -0.000094588 0.008481599 0.000208136 0.999999166 -0.001286475 -0.013722012 0.000094856 0.001286455 0.999999166 0.254583091
0.999999940 -0.000294179 0.000019082 0.006784936 0.000294202 0.999999285 -0.001179801 -0.019095508 -0.000018735 0.001179807 0.999999285 0.387472123
1.000000000 0.000044992 -0.000135411 0.016323566 -0.000045128 0.999999523 -0.001003840 -0.022725454 0.000135366 0.001003846 0.999999464 0.533228397
1.000000000 -0.000105085 0.000023960 0.016817713 0.000105107 0.999999583 -0.000897278 -0.031253736 -0.000023865 0.000897281 0.999999583 0.685020566
1.000000000 -0.000064008 0.000060707 0.017741574 0.000064046 0.999999821 -0.000633417 -0.037278954 -0.000060666 0.000633421 0.999999821 0.854006350
1.000000000 -0.000000951 -0.000068790 0.028316520 0.000000912 0.999999821 -0.000555131 -0.040600859 0.000068791 0.000555131 0.999999821 1.021241188
0.999999940 0.000262010 0.000130856 0.019603128 -0.000261942 0.999999821 -0.000519461 -0.039161988 -0.000130993 0.000519427 0.999999881 1.176747322
0.999999940 0.000190653 -0.000086709 0.031811710 -0.000190668 0.999999940 -0.000172190 -0.049317688 0.000086676 0.000172207 1.000000000 1.365667701
0.999999881 0.000406990 0.000194044 0.024268236 -0.000406973 0.999999940 -0.000089592 -0.055576280 -0.000194080 0.000089513 1.000000000 1.558574915
0.999999940 0.000331121 0.000302700 0.029764527 -0.000331100 0.999999940 -0.000067004 -0.060385007 -0.000302722 0.000066903 0.999999940 1.754979491
0.999999881 0.000316943 0.000368573 0.032383144 -0.000317072 0.999999940 0.000349816 -0.070078395 -0.000368462 -0.000349933 0.999999821 1.963479757
0.999999762 0.000650946 0.000495198 0.036624040 -0.000651073 0.999999881 0.000256315 -0.072229244 -0.000495031 -0.000256638 0.999999821 2.162462950
0.999999762 0.000469637 0.000506234 0.045357525 -0.000469901 0.999999762 0.000520979 -0.082560442 -0.000505989 -0.000521217 0.999999762 2.370704889
0.999999404 0.000871822 0.000603881 0.048649333 -0.000872243 0.999999344 0.000698034 -0.090470836 -0.000603272 -0.000698561 0.999999642 2.601691723
0.999999642 0.000390992 0.000729550 0.048822600 -0.000391519 0.999999702 0.000722597 -0.097634450 -0.000729267 -0.000722883 0.999999464 2.833299398
0.999999881 0.000340391 0.000204052 0.061716359 -0.000340493 0.999999821 0.000500678 -0.102661200 -0.000203882 -0.000500747 0.999999821 3.061744690
0.999999940 0.000028299 0.000115432 0.070353225 -0.000028362 0.999999821 0.000546022 -0.113346085 -0.000115416 -0.000546025 0.999999821 3.309802532
0.999999702 0.000544938 0.000565258 0.065000959 -0.000545368 0.999999583 0.000760212 -0.119510688 -0.000564844 -0.000760520 0.999999523 3.550971270
0.999999464 0.000884382 0.000578405 0.072469324 -0.000884835 0.999999344 0.000784503 -0.128461912 -0.000577711 -0.000785014 0.999999523 3.796799183
0.999999702 0.000544638 0.000559046 0.072918177 -0.000545361 0.999998987 0.001294447 -0.140988395 -0.000558340 -0.001294751 0.999998987 4.053656101
0.999998987 0.001198724 0.000752910 0.078379855 -0.001199972 0.999997914 0.001659344 -0.153076604 -0.000750919 -0.001660246 0.999998331 4.296224594
0.999999642 0.000578176 0.000623899 0.085396148 -0.000579087 0.999998748 0.001460809 -0.156074792 -0.000623053 -0.001461169 0.999998748 4.571824074
0.999999404 0.000485398 0.000977635 0.090766132 -0.000486836 0.999998808 0.001470477 -0.162513122 -0.000976920 -0.001470952 0.999998391 4.833745480
0.999999404 0.000506369 0.000886222 0.093598738 -0.000507786 0.999998569 0.001599283 -0.173539579 -0.000885410 -0.001599732 0.999998331 5.082286358
0.999999702 0.000194110 0.000701482 0.097332694 -0.000195208 0.999998748 0.001566306 -0.179613888 -0.000701177 -0.001566443 0.999998569 5.350340366
0.999999762 -0.000035583 0.000705625 0.110439323 0.000034422 0.999998629 0.001644266 -0.191290155 -0.000705682 -0.001644241 0.999998331 5.610377312
0.999999166 0.000912497 0.000892939 0.108941197 -0.000914028 0.999998093 0.001715110 -0.200458944 -0.000891372 -0.001715925 0.999998152 5.895857334
0.999997973 0.001509710 0.001278793 0.106038600 -0.001511899 0.999997377 0.001712374 -0.210857406 -0.001276205 -0.001714303 0.999997735 6.168899059
0.999998629 0.000858199 0.001386041 0.118546367 -0.000860927 0.999997735 0.001969272 -0.219670907 -0.001384347 -0.001970463 0.999997079 6.453158379
0.999999523 0.000343443 0.000885076 0.123228610 -0.000345063 0.999998271 0.001830322 -0.222854272 -0.000884446 -0.001830627 0.999997914 6.743930817
0.999999762 0.000045241 0.000687217 0.142926946 -0.000046642 0.999997973 0.002038058 -0.239313796 -0.000687123 -0.002038090 0.999997735 7.024406910
0.999999404 0.000610662 0.000877060 0.142205968 -0.000612340 0.999997973 0.001915066 -0.245102197 -0.000875889 -0.001915602 0.999997795 7.335054398
0.999999523 0.000506004 0.000783902 0.157190353 -0.000507574 0.999997795 0.002003009 -0.259216666 -0.000782887 -0.002003406 0.999997735 7.631139278
0.999999285 0.000619153 0.000942586 0.162172243 -0.000621170 0.999997437 0.002141285 -0.268119127 -0.000941258 -0.002141869 0.999997258 7.947410583
0.999999464 0.000578891 0.000760775 0.177035958 -0.000580694 0.999996960 0.002371507 -0.282326996 -0.000759400 -0.002371948 0.999996901 8.254707336
0.999998987 0.001058469 0.001045417 0.177962005 -0.001061089 0.999996424 0.002508705 -0.293117970 -0.001042758 -0.002509812 0.999996305 8.588292122
0.999999583 0.000531956 0.000675328 0.177851185 -0.000533744 0.999996424 0.002649541 -0.302152455 -0.000673916 -0.002649901 0.999996305 8.932755470
0.999999702 0.000310742 0.000728339 0.190559477 -0.000312776 0.999996126 0.002795328 -0.312415183 -0.000727468 -0.002795555 0.999995828 9.263895035
0.999999225 0.000539758 0.001142103 0.195436761 -0.000542640 0.999996662 0.002524541 -0.320580572 -0.001140737 -0.002525158 0.999996126 9.600090981
0.999999464 0.000329328 0.000969123 0.202541664 -0.000331936 0.999996305 0.002692078 -0.334586114 -0.000968233 -0.002692398 0.999995887 9.941043854
0.999999046 0.000859249 0.001000328 0.211104408 -0.000861908 0.999996066 0.002660239 -0.347456753 -0.000998039 -0.002661099 0.999995947 10.295502663
0.999999464 0.000745530 0.000696839 0.226910964 -0.000747520 0.999995589 0.002860535 -0.357308865 -0.000694703 -0.002861054 0.999995649 10.649523735
0.999999642 0.000233224 0.000774360 0.233126566 -0.000235537 0.999995470 0.002988935 -0.365413725 -0.000773659 -0.002989116 0.999995232 11.029625893
0.999999046 0.000689187 0.001197950 0.232477635 -0.000692660 0.999995470 0.002901149 -0.375294238 -0.001195945 -0.002901976 0.999995112 11.419178009
0.999998748 0.000891352 0.001304177 0.247685313 -0.000895826 0.999993682 0.003433796 -0.394263744 -0.001301108 -0.003434959 0.999993265 11.789740562
0.999998808 0.000837461 0.001310972 0.252947539 -0.000841945 0.999993801 0.003423454 -0.401343077 -0.001308097 -0.003424553 0.999993265 12.169482231
0.999998868 0.000663793 0.001355076 0.264441878 -0.000668435 0.999993801 0.003428431 -0.419478148 -0.001352792 -0.003429333 0.999993205 12.571883202
0.999998748 0.000540941 0.001466973 0.269400418 -0.000546412 0.999993026 0.003732058 -0.431881398 -0.001464943 -0.003732855 0.999991894 12.952008247
0.999999583 0.000250874 0.000859593 0.289157331 -0.000254071 0.999993145 0.003721182 -0.448078275 -0.000858653 -0.003721399 0.999992728 13.341549873
0.999998450 0.000972272 0.001419288 0.297232509 -0.000977513 0.999992728 0.003696763 -0.452504337 -0.001415683 -0.003698145 0.999992073 13.763574600
0.999998152 0.001001482 0.001645998 0.296135128 -0.001008305 0.999990940 0.004149160 -0.470520020 -0.001641827 -0.004150812 0.999989986 14.150788307
0.999997556 0.000771693 0.002068484 0.309572339 -0.000780640 0.999990344 0.004328151 -0.496269196 -0.002065124 -0.004329755 0.999988496 14.579727173
0.999997258 0.000824821 0.002174419 0.321815372 -0.000835521 0.999987543 0.004924418 -0.516819179 -0.002170330 -0.004926221 0.999985516 14.983448982
0.999996543 0.000657856 0.002529992 0.331375957 -0.000670413 0.999987483 0.004965687 -0.523089528 -0.002526694 -0.004967367 0.999984503 15.414168358
0.999996722 0.000412965 0.002528659 0.346785069 -0.000425290 0.999987960 0.004875702 -0.547324538 -0.002526616 -0.004876761 0.999984920 15.845118523
0.999996662 -0.000733995 0.002486121 0.363883883 0.000721683 0.999987483 0.004949608 -0.556616783 -0.002489723 -0.004947797 0.999984682 16.294940948
0.999996066 -0.000731999 0.002699999 0.374988168 0.000718405 0.999987006 0.005032354 -0.569878042 -0.002703648 -0.005030395 0.999983668 16.726947784
0.999993801 0.000786786 0.003440299 0.383358181 -0.000805234 0.999985278 0.005364350 -0.587357521 -0.003436028 -0.005367086 0.999979615 17.167896271
0.999994397 0.000498460 0.003331477 0.395013005 -0.000516935 0.999984503 0.005547196 -0.598876715 -0.003328661 -0.005548886 0.999979019 17.621673584
0.999993861 0.000192421 0.003478693 0.414109886 -0.000211474 0.999984980 0.005477482 -0.609462023 -0.003477588 -0.005478185 0.999978960 18.074489594
0.999991000 0.000509985 0.004215359 0.425787687 -0.000533943 0.999983728 0.005684321 -0.618210256 -0.004212392 -0.005686521 0.999974966 18.546472549
0.999990642 0.000183097 0.004321371 0.431731820 -0.000208502 0.999982715 0.005879281 -0.634226739 -0.004320220 -0.005880128 0.999973416 18.999122620
0.999993265 -0.000583784 0.003621131 0.461951911 0.000562450 0.999982476 0.005889860 -0.650205553 -0.003624506 -0.005887784 0.999976099 19.473985672
0.999992728 -0.000647563 0.003751820 0.474508137 0.000623075 0.999978542 0.006524427 -0.688680053 -0.003755966 -0.006522043 0.999971688 19.944694519
0.999992788 -0.000820830 0.003709945 0.486813188 0.000796286 0.999977767 0.006612317 -0.701108217 -0.003715291 -0.006609315 0.999971271 20.431108475
0.999989867 0.000688917 0.004429585 0.484718561 -0.000718216 0.999977887 0.006616406 -0.713517189 -0.004424929 -0.006619520 0.999968350 20.944234848
0.999993622 0.000225211 0.003544415 0.499170244 -0.000248811 0.999977827 0.006659201 -0.741493225 -0.003542837 -0.006660041 0.999971569 21.462688446
0.999995351 -0.000534372 0.002994376 0.501358390 0.000514356 0.999977529 0.006681168 -0.747315764 -0.002997879 -0.006679596 0.999973178 21.882726669
0.999996424 -0.001450913 0.002216839 0.518653989 0.001435432 0.999974728 0.006968964 -0.758797944 -0.002226895 -0.006965758 0.999973238 22.419725418
0.999996901 -0.001311941 0.002091353 0.521820664 0.001296650 0.999972463 0.007296440 -0.769139409 -0.002100868 -0.007293707 0.999971151 22.919948578
0.999999344 -0.000495121 0.001005784 0.546750426 0.000488091 0.999975502 0.006978207 -0.781870484 -0.001009215 -0.006977713 0.999975085 23.398597717
0.999998331 -0.001786973 0.000334904 0.550880492 0.001784700 0.999976158 0.006670107 -0.796828151 -0.000346816 -0.006669499 0.999977708 23.902334213
0.999999523 -0.000927802 -0.000191402 0.559720933 0.000929177 0.999972939 0.007313844 -0.811717153 0.000184611 -0.007314018 0.999973178 24.422325134
0.999999046 -0.001044974 -0.000898594 0.571669042 0.001051301 0.999974430 0.007069736 -0.819944084 0.000891183 -0.007070675 0.999974608 24.958162308
0.999998987 -0.000703363 -0.001222189 0.574379206 0.000712443 0.999972045 0.007444835 -0.836570621 0.001216918 -0.007445699 0.999971509 25.463960648
0.999997914 -0.000871903 -0.001850412 0.585694849 0.000885305 0.999973297 0.007254283 -0.847046673 0.001844037 -0.007255905 0.999971986 26.003616333
0.999997497 -0.001183706 -0.001854491 0.594396412 0.001198242 0.999968350 0.007857076 -0.857401788 0.001845132 -0.007859278 0.999967396 26.547548294
0.999996781 -0.001059539 -0.002305426 0.607400894 0.001078940 0.999963880 0.008430367 -0.878258407 0.002296410 -0.008432828 0.999961734 27.060983658
0.999995768 -0.000818572 -0.002781432 0.625218630 0.000841671 0.999965072 0.008313502 -0.892609894 0.002774530 -0.008315808 0.999961555 27.583120346
0.999994457 -0.000972973 -0.003179476 0.626703918 0.001000633 0.999961495 0.008709510 -0.901375949 0.003170880 -0.008712643 0.999957025 28.128023148
0.999993920 -0.000760790 -0.003407709 0.638427377 0.000790571 0.999961436 0.008746414 -0.913953066 0.003400924 -0.008749054 0.999955952 28.678396225
0.999990165 -0.001205039 -0.004262882 0.654874206 0.001242383 0.999960780 0.008768735 -0.929213047 0.004252148 -0.008773943 0.999952495 29.170772552
0.999989390 -0.001275675 -0.004428787 0.659139991 0.001315207 0.999959230 0.008934721 -0.945122242 0.004417209 -0.008940454 0.999950230 29.705654144
0.999989092 -0.001125692 -0.004521886 0.667051017 0.001165596 0.999960303 0.008831683 -0.960523605 0.004511766 -0.008836857 0.999950767 30.227052689
0.999989510 -0.000430494 -0.004557906 0.675727963 0.000469474 0.999963284 0.008554424 -0.964912951 0.004554056 -0.008556475 0.999952972 30.768583298
0.999987960 -0.000309623 -0.004895814 0.684951305 0.000352392 0.999961793 0.008737477 -0.983847380 0.004892922 -0.008739097 0.999949813 31.298105240
0.999989808 -0.000009640 -0.004503635 0.693099439 0.000048129 0.999963522 0.008546264 -0.994912326 0.004503387 -0.008546394 0.999953330 31.848028183
0.999986410 0.000008121 -0.005210706 0.699121535 0.000037052 0.999962389 0.008668909 -1.006643891 0.005210582 -0.008668985 0.999948859 32.359790802
0.999984801 0.000009220 -0.005511859 0.702041149 0.000036934 0.999964952 0.008373510 -1.011496067 0.005511742 -0.008373587 0.999949753 32.919673920
0.999986470 0.000431385 -0.005182269 0.690284610 -0.000386257 0.999962032 0.008705991 -1.033877850 0.005185828 -0.008703872 0.999948680 33.391914368
0.999984086 0.001084152 -0.005541793 0.697449923 -0.001033445 0.999957681 0.009144586 -1.054957509 0.005551472 -0.009138713 0.999942839 33.925067902
0.999985337 0.000516809 -0.005386345 0.692028642 -0.000468074 0.999958992 0.009045154 -1.055920005 0.005390799 -0.009042501 0.999944627 34.447517395
0.999980509 -0.000194792 -0.006228883 0.717383862 0.000253078 0.999956191 0.009358027 -1.079843879 0.006226787 -0.009359422 0.999936819 34.977199554
0.999982834 -0.000058848 -0.005846933 0.713382542 0.000111015 0.999960184 0.008922297 -1.092547774 0.005846175 -0.008922792 0.999943078 35.527778625
0.999984145 -0.000418339 -0.005612570 0.723475337 0.000468201 0.999960423 0.008885804 -1.104032159 0.005608631 -0.008888290 0.999944746 36.070877075
0.999980927 -0.000393227 -0.006162988 0.737456501 0.000448777 0.999959230 0.009014710 -1.115367532 0.006159194 -0.009017304 0.999940336 36.607517242
0.999980271 -0.000510213 -0.006264617 0.753681958 0.000569381 0.999955177 0.009446735 -1.133901477 0.006259518 -0.009450115 0.999935746 37.138969421
0.999979675 -0.000624977 -0.006351848 0.747896552 0.000684955 0.999955177 0.009444901 -1.145203114 0.006345661 -0.009449058 0.999935210 37.629463196
0.999980807 -0.001038065 -0.006100564 0.733444214 0.001102216 0.999944031 0.010521633 -1.181946874 0.006089300 -0.010528155 0.999926090 38.084980011
0.999974370 -0.001006086 -0.007082066 0.763516426 0.001080377 0.999944389 0.010494022 -1.208068609 0.007071115 -0.010501404 0.999919891 38.646984100
0.999973416 -0.000689338 -0.007240190 0.824518561 0.000769190 0.999938846 0.011031899 -1.225636363 0.007232144 -0.011037175 0.999912977 39.059440613
0.999974787 -0.000746960 -0.007063678 0.780987620 0.000811578 0.999957860 0.009149482 -1.175118923 0.007056545 -0.009154986 0.999933243 39.727840424
0.999975622 0.001389558 -0.006838670 0.827891886 -0.001331309 0.999962866 0.008514817 -1.184438229 0.006850248 -0.008505505 0.999940336 40.224315643
0.999975681 0.001577235 -0.006788481 0.834163785 -0.001518986 0.999962091 0.008577206 -1.196350217 0.006801751 -0.008566685 0.999940157 40.770671844
0.999978483 0.002235790 -0.006156385 0.834220171 -0.002185848 0.999964774 0.008106960 -1.202386260 0.006174293 -0.008093328 0.999948204 41.299987793
0.999974370 0.001638385 -0.006969769 0.846280217 -0.001580377 0.999964118 0.008320092 -1.214995503 0.006983150 -0.008308864 0.999941111 41.826110840
0.999975681 0.002310408 -0.006582951 0.841444492 -0.002253220 0.999959886 0.008681503 -1.232282877 0.006602744 -0.008666458 0.999940634 42.331359863
0.999974370 0.002289786 -0.006787338 0.856584191 -0.002231193 0.999960303 0.008627693 -1.246100664 0.006806824 -0.008612328 0.999939740 42.855705261
0.999976397 0.002346984 -0.006458906 0.859493494 -0.002293995 0.999963760 0.008199243 -1.254372597 0.006477914 -0.008184234 0.999945462 43.388744354
0.999976277 0.002440928 -0.006442742 0.864736974 -0.002387168 0.999962389 0.008338814 -1.268470168 0.006462855 -0.008323236 0.999944389 43.924541473
0.999974847 0.001970096 -0.006811338 0.881353736 -0.001913201 0.999963224 0.008349372 -1.280827522 0.006827536 -0.008336132 0.999941945 44.462539673
0.999973834 0.002048306 -0.006930522 0.887999356 -0.001992514 0.999965549 0.008047617 -1.285677195 0.006946768 -0.008033599 0.999943674 44.996528625
0.999973297 0.001662649 -0.007113059 0.905171156 -0.001601244 0.999961495 0.008629809 -1.313107371 0.007127133 -0.008618189 0.999937475 45.508762360
0.999972284 0.002172325 -0.007115477 0.912010729 -0.002113255 0.999963224 0.008298751 -1.316983938 0.007133244 -0.008283484 0.999940276 46.098262787
0.999971211 0.001962089 -0.007318506 0.924948156 -0.001896713 0.999958396 0.008929146 -1.333321333 0.007335722 -0.008915009 0.999933362 46.619132996
0.999974906 0.002325280 -0.006685231 0.914846301 -0.002266130 0.999958336 0.008841867 -1.341687202 0.006705510 -0.008826495 0.999938548 47.067035675
0.999974847 0.001989625 -0.006813147 0.928686976 -0.001933813 0.999964595 0.008188588 -1.346553802 0.006829196 -0.008175205 0.999943256 47.605262756
0.999972224 0.001786906 -0.007234881 0.938961089 -0.001725231 0.999962330 0.008521949 -1.362669230 0.007249835 -0.008509231 0.999937534 48.113792419
0.999971986 0.001938252 -0.007229502 0.950981140 -0.001877317 0.999962687 0.008426021 -1.374123454 0.007245564 -0.008412212 0.999938369 48.639656067
0.999971271 0.001642145 -0.007388103 0.958450854 -0.001578646 0.999961972 0.008592414 -1.383819103 0.007401931 -0.008580505 0.999935806 49.164787292
0.999971867 0.001688418 -0.007308215 0.963930488 -0.001626633 0.999962986 0.008451805 -1.393607736 0.007322216 -0.008439680 0.999937594 49.697231293
0.999972761 0.002146718 -0.007049839 0.967002392 -0.002086592 0.999961495 0.008525075 -1.401780367 0.007067870 -0.008510135 0.999938786 50.222492218
0.999972582 0.001995113 -0.007133354 0.975698113 -0.001931335 0.999958217 0.008936507 -1.416552305 0.007150887 -0.008922486 0.999934614 50.734058380
0.999971509 0.002313487 -0.007181707 0.969859004 -0.002246561 0.999954104 0.009313191 -1.436609387 0.007202925 -0.009296793 0.999930859 51.253669739
0.999971807 0.002039027 -0.007221240 0.988531947 -0.001974369 0.999957919 0.008949700 -1.436204910 0.007239183 -0.008935191 0.999933839 51.736518860
0.999973714 0.002172416 -0.006915911 0.997463346 -0.002111593 0.999959111 0.008789875 -1.449120760 0.006934721 -0.008775041 0.999937475 52.261428833
0.999971628 0.001389376 -0.007410196 1.025381804 -0.001322059 0.999957860 0.009081546 -1.459730148 0.007422503 -0.009071493 0.999931335 52.785697937
0.999970317 0.002065918 -0.007426308 1.020012736 -0.001992341 0.999948978 0.009901419 -1.484574080 0.007446386 -0.009886329 0.999923408 53.340713501
0.999976099 0.002465252 -0.006454953 0.973703146 -0.002407344 0.999956906 0.008963548 -1.491255045 0.006476772 -0.008947794 0.999938965 53.802005768
0.999973416 0.002055603 -0.006989779 0.961183131 -0.001988275 0.999951720 0.009625692 -1.506492138 0.007009228 -0.009611540 0.999929249 54.442035675
0.999973893 0.002430822 -0.006796782 0.982753992 -0.002367876 0.999954343 0.009253968 -1.514449000 0.006818967 -0.009237633 0.999934077 54.893508911
0.999970913 0.002229929 -0.007288221 1.016470075 -0.002161142 0.999953210 0.009432422 -1.527900934 0.007308913 -0.009416398 0.999928892 55.378013611
0.999970973 0.001474315 -0.007476670 1.053664327 -0.001401391 0.999951422 0.009749520 -1.542890072 0.007490680 -0.009738759 0.999924481 55.760055542
0.999970019 0.001792768 -0.007533993 1.059184909 -0.001719314 0.999951005 0.009744857 -1.562520623 0.007551094 -0.009731611 0.999924123 56.276447296
0.999971569 0.001449736 -0.007402678 1.071414232 -0.001377778 0.999951839 0.009716447 -1.572479486 0.007416407 -0.009705971 0.999925375 56.772464752
0.999972284 0.001547132 -0.007281050 1.077459812 -0.001474931 0.999949813 0.009911219 -1.582425117 0.007296018 -0.009900205 0.999924362 57.297386169
0.999969542 0.000633952 -0.007777569 1.089731097 -0.000558256 0.999952495 0.009730983 -1.591421843 0.007783371 -0.009726345 0.999922395 57.823146820
0.999970973 0.000756596 -0.007577272 1.092178345 -0.000678815 0.999947071 0.010262351 -1.612076044 0.007584636 -0.010256911 0.999918580 58.349460602
0.999968946 0.000599054 -0.007857012 1.106317639 -0.000518495 0.999947309 0.010251121 -1.613065600 0.007862740 -0.010246729 0.999916613 58.844654083
0.999965250 0.000079735 -0.008332363 1.128259182 0.000005808 0.999947250 0.010265768 -1.635019422 0.008332742 -0.010265459 0.999912500 59.351848602
0.999962389 0.000009548 -0.008677470 1.148563147 0.000081772 0.999944627 0.010523377 -1.651856899 0.008677092 -0.010523690 0.999906838 59.888469696
0.999959350 -0.000226068 -0.009017596 1.170140028 0.000323242 0.999941885 0.010776040 -1.675990343 0.009014635 -0.010778517 0.999901175 60.411136627
0.999960363 -0.000272660 -0.008900451 1.148047447 0.000365985 0.999944985 0.010485559 -1.677945375 0.008897102 -0.010488399 0.999905407 60.897304535
0.999956667 -0.000250406 -0.009306489 1.165726423 0.000360210 0.999930322 0.011798894 -1.735478401 0.009302888 -0.011801735 0.999887049 61.402278900
0.999957085 -0.000035288 -0.009261366 1.182153463 0.000149653 0.999923706 0.012348164 -1.783867121 0.009260224 -0.012349020 0.999880731 61.942836761
0.999959528 -0.000141677 -0.008987871 1.147608757 0.000250891 0.999926150 0.012151334 -1.769350052 0.008985486 -0.012153098 0.999885738 62.513755798
0.999972463 0.000414468 -0.007411937 1.007893562 -0.000316189 0.999912083 0.013255796 -1.801336765 0.007416779 -0.013253087 0.999884725 63.045581818
0.999965608 0.000120682 -0.008287391 1.175118327 -0.000025409 0.999933898 0.011495249 -1.757214546 0.008288229 -0.011494644 0.999899566 63.328468323
0.999966860 0.000512083 -0.008130202 1.192998409 -0.000420219 0.999936044 0.011296800 -1.760190725 0.008135469 -0.011293009 0.999903083 63.878589630
0.999964654 -0.000663458 -0.008372841 1.186654806 0.000759802 0.999933422 0.011508785 -1.771555424 0.008364648 -0.011514740 0.999898732 64.316101074
0.999960423 -0.000303361 -0.008899851 1.206631899 0.000398992 0.999942183 0.010745330 -1.756360054 0.008896077 -0.010748456 0.999902606 64.914543152
0.999963999 0.000306890 -0.008474209 1.234811544 -0.000208003 0.999931872 0.011667619 -1.814899445 0.008477215 -0.011665436 0.999895990 65.337730408
0.999966800 0.000100287 -0.008146134 1.204842329 -0.000005889 0.999932885 0.011587323 -1.808906436 0.008146750 -0.011586891 0.999899685 65.723564148
0.999962389 -0.000448087 -0.008654000 1.230300665 0.000544007 0.999938428 0.011084688 -1.816738844 0.008648500 -0.011088980 0.999901056 66.377799988
0.999959886 -0.000705287 -0.008923342 1.229408979 0.000812581 0.999927402 0.012026093 -1.836376190 0.008914212 -0.012032863 0.999887884 66.784461975
0.999963999 0.000107044 -0.008484540 1.249206424 -0.000008322 0.999932349 0.011634706 -1.841114044 0.008485211 -0.011634216 0.999896348 67.278450012
0.999965250 0.000869437 -0.008282150 1.288704395 -0.000770729 0.999928713 0.011913863 -1.848412752 0.008291919 -0.011907066 0.999894679 67.544334412
0.999964356 -0.000533057 -0.008423563 1.231483340 0.000622656 0.999943316 0.010637618 -1.829824686 0.008417415 -0.010642487 0.999907970 68.380653381
0.999962687 0.000359334 -0.008620807 1.341037035 -0.000254611 0.999926150 0.012145701 -1.886119127 0.008624536 -0.012143055 0.999889076 68.448936462
0.999963343 0.000430926 -0.008551486 1.351312399 -0.000326882 0.999925911 0.012164420 -1.901989937 0.008556093 -0.012161178 0.999889433 68.963691711
0.999960542 0.000407386 -0.008876130 1.371993303 -0.000298639 0.999924958 0.012249445 -1.921087980 0.008880452 -0.012246310 0.999885559 69.410263062
0.999968648 0.002033408 -0.007650649 1.368524432 -0.001940319 0.999924302 0.012155285 -1.933542252 0.007674786 -0.012140060 0.999896884 70.042900085
0.999960840 0.000033616 -0.008852351 1.356693864 0.000076821 0.999922156 0.012474778 -1.956857443 0.008852080 -0.012474968 0.999882936 70.473754883
0.999962211 -0.000292547 -0.008682257 1.367539644 0.000403675 0.999917924 0.012800458 -1.969559669 0.008677798 -0.012803479 0.999880373 71.044914246
0.999964595 -0.000212160 -0.008414913 1.370353460 0.000320554 0.999916971 0.012881885 -1.979573250 0.008411480 -0.012884128 0.999881625 71.592445374
0.999960661 -0.000339670 -0.008860972 1.389473915 0.000450632 0.999921501 0.012523662 -2.004106045 0.008856022 -0.012527162 0.999882281 72.059867859
0.999962866 -0.000564069 -0.008607379 1.397973537 0.000676190 0.999914885 0.013028838 -2.003423214 0.008599299 -0.013034174 0.999878049 72.620979309
0.999955297 -0.001343973 -0.009362335 1.429022312 0.001463842 0.999916911 0.012808215 -2.046137810 0.009344344 -0.012821347 0.999874055 73.073532104
0.999957263 -0.000763530 -0.009217293 1.439436197 0.000878804 0.999921322 0.012508709 -2.058809280 0.009207019 -0.012516275 0.999879241 73.629768372
0.999959052 -0.000617826 -0.009029945 1.433305979 0.000734243 0.999916613 0.012894638 -2.072025299 0.009021224 -0.012900741 0.999876022 74.201171875
0.999959111 -0.000330689 -0.009046291 1.440653324 0.000448902 0.999914527 0.013068608 -2.079213619 0.009041196 -0.013072132 0.999873638 74.763145447
0.999963999 -0.000152563 -0.008473437 1.411555052 0.000261048 0.999917984 0.012803338 -2.080652475 0.008470788 -0.012805088 0.999882102 75.297637939
0.999961972 -0.000566780 -0.008694675 1.394749165 0.000678033 0.999917805 0.012797922 -2.085150957 0.008686709 -0.012803333 0.999880254 75.804702759
0.999960721 0.000199200 -0.008851465 1.414891481 -0.000079930 0.999909163 0.013472866 -2.116085529 0.008853348 -0.013471629 0.999870002 76.349929810
0.999962986 -0.000708996 -0.008570259 1.452884674 0.000822881 0.999911308 0.013292206 -2.151126862 0.008560075 -0.013298768 0.999874949 76.914817810
0.999973416 -0.000130587 -0.007289178 1.467096686 0.000227084 0.999912322 0.013239086 -2.164120674 0.007286810 -0.013240389 0.999885798 77.453521729
0.999986529 0.000664149 -0.005144747 1.471103072 -0.000595785 0.999911666 0.013278278 -2.174840689 0.005153112 -0.013275033 0.999898553 77.980758667
0.999992430 0.001183354 -0.003707031 1.475411177 -0.001134908 0.999914289 0.013043684 -2.180631876 0.003722148 -0.013039379 0.999907970 78.521942139
0.999994099 0.000396624 -0.003395146 1.511792064 -0.000352398 0.999915361 0.013016721 -2.201458931 0.003400021 -0.013015451 0.999909520 79.178588867
0.999999285 0.001128321 -0.000056585 1.521370888 -0.001127428 0.999903321 0.013866848 -2.220963240 0.000072225 -0.013866776 0.999903858 79.704597473
0.999988914 0.002292134 0.004103480 1.529653668 -0.002347873 0.999904335 0.013630508 -2.255085945 -0.004071844 -0.013639992 0.999898672 80.433876038
0.999979138 0.001679961 0.006231518 1.555690765 -0.001761203 0.999913216 0.013054656 -2.259874344 -0.006209046 -0.013065360 0.999895334 81.014831543
0.999935389 0.002833058 0.011011457 1.562057257 -0.002974096 0.999913454 0.012813083 -2.268554449 -0.010974204 -0.012845005 0.999857247 81.479759216
0.999864042 0.002270625 0.016328081 1.618034601 -0.002495410 0.999902248 0.013759605 -2.296091557 -0.016295243 -0.013798481 0.999772012 81.946876526
0.999751925 0.001818701 0.022196412 1.631734252 -0.002125863 0.999902248 0.013822639 -2.313054562 -0.022169100 -0.013866398 0.999658048 82.408729553
0.999621511 0.000610658 0.027503131 1.709910154 -0.000996377 0.999901295 0.014013063 -2.343468666 -0.027491858 -0.014035163 0.999523401 82.840660095
0.999308944 0.001798537 0.037126057 1.724454999 -0.002326684 0.999896646 0.014187468 -2.333486795 -0.037096702 -0.014264043 0.999209881 83.784988403
0.998960793 0.001447220 0.045554638 1.771522760 -0.002068254 0.999905527 0.013588550 -2.335807562 -0.045530666 -0.013668645 0.998869538 84.328292847
0.998630226 0.000788239 0.052316833 1.825711250 -0.001494345 0.999908268 0.013458989 -2.342822552 -0.052301418 -0.013518727 0.998539984 84.901115417
0.998129487 0.000595701 0.061131980 1.886202335 -0.001398949 0.999913216 0.013097617 -2.358139753 -0.061118875 -0.013158638 0.998043776 85.449241638
0.997456014 0.001098918 0.071276009 1.945801735 -0.002047056 0.999910355 0.013230660 -2.371284246 -0.071255073 -0.013342907 0.997368813 85.984115601
0.996798396 0.001117156 0.079947501 2.004304886 -0.002156520 0.999914229 0.012915422 -2.373719692 -0.079926223 -0.013046481 0.996715367 86.529693604
0.996086419 0.000401209 0.088382773 2.077682018 -0.001505464 0.999921560 0.012427697 -2.383459330 -0.088370867 -0.012512117 0.996009052 87.089569092
0.995140731 -0.000668435 0.098460667 2.152276516 -0.000522221 0.999926984 0.012066436 -2.376005411 -0.098461539 -0.012059217 0.995067894 87.666198730
0.994088590 -0.000852997 0.108568460 2.236457825 -0.000465947 0.999926448 0.012122545 -2.385825157 -0.108570814 -0.012101471 0.994015038 88.204269409
0.993026316 -0.001583897 0.117882289 2.329931259 0.000191914 0.999930143 0.011818669 -2.403970242 -0.117892772 -0.011713626 0.992957234 88.727958679
0.991683841 -0.001456251 0.128689706 2.427650452 -0.000043669 0.999932051 0.011651732 -2.409852028 -0.128697932 -0.011560455 0.991616428 89.297485352
0.989974082 -0.001285896 0.141243353 2.523028374 -0.000329490 0.999934793 0.011412919 -2.418987751 -0.141248822 -0.011345034 0.989908993 89.832031250
0.988418579 -0.002343000 0.151734173 2.626955032 0.000586409 0.999932230 0.011620482 -2.434444666 -0.151751131 -0.011396923 0.988353014 90.370719910
0.986845136 -0.002414849 0.161650464 2.731370926 0.000504750 0.999929607 0.011856251 -2.441122293 -0.161667719 -0.011618691 0.986776829 90.917129517
0.984777093 -0.002796366 0.173799336 2.847234726 0.000849889 0.999936044 0.011272976 -2.444070339 -0.173819751 -0.010953659 0.984716535 91.464561462
0.982506812 -0.003058504 0.186201498 2.975591660 0.000982237 0.999936342 0.011241881 -2.456711769 -0.186223999 -0.010862331 0.982447267 92.011680603
0.980344951 -0.003145110 0.197265640 3.098458290 0.000918272 0.999934852 0.011378977 -2.466866970 -0.197288588 -0.010974180 0.980284035 92.552246094
0.977652490 -0.003778755 0.210193589 3.241592407 0.001483522 0.999937534 0.011076218 -2.475451469 -0.210222334 -0.010516866 0.977596998 93.089912415
0.974699914 -0.004399230 0.223474219 3.396200180 0.001897753 0.999933064 0.011407118 -2.488112450 -0.223509476 -0.010694419 0.974643052 93.620605469
0.971955955 -0.004042545 0.235128090 3.551170349 0.001407051 0.999934256 0.011375457 -2.498241425 -0.235158637 -0.010725608 0.971897781 94.170532227
0.968993247 -0.005052616 0.247035444 3.728631973 0.002371134 0.999935031 0.011150926 -2.509320021 -0.247075722 -0.010219420 0.968942285 94.728912354
0.965399325 -0.005156475 0.260725111 3.901535034 0.002215623 0.999930561 0.011572174 -2.532267094 -0.260766745 -0.010594098 0.965343714 95.251907349
0.961956084 -0.005921468 0.273139954 4.088171005 0.002929279 0.999931157 0.011361293 -2.544840336 -0.273188442 -0.010128961 0.961907208 95.798309326
0.958858550 -0.006732259 0.283804417 4.278692245 0.003578970 0.999925971 0.011627848 -2.562976837 -0.283861786 -0.010133735 0.958811581 96.292617798
0.954521358 -0.006526321 0.298071086 4.456415176 0.003117970 0.999924242 0.011908762 -2.571427107 -0.298126221 -0.010437789 0.954469383 96.836570740
0.950340390 -0.007589363 0.311119735 4.685924530 0.004229284 0.999925256 0.011473193 -2.577569008 -0.311183512 -0.009587624 0.950301468 97.363265991
0.946761727 -0.009080750 0.321806967 4.897317886 0.005699702 0.999918163 0.011447075 -2.581950665 -0.321884602 -0.009003449 0.946736097 97.910942078
0.942055702 -0.008093306 0.335358620 5.085321426 0.004325375 0.999918878 0.011980917 -2.603600502 -0.335428417 -0.009836140 0.942014337 98.387786865
0.936898112 -0.008492827 0.349499285 5.302661896 0.004464690 0.999914050 0.012329460 -2.616344452 -0.349573970 -0.009991043 0.936855435 98.906776428
0.932256103 -0.008273792 0.361704439 5.520109177 0.004075282 0.999915123 0.012368898 -2.621768951 -0.361776114 -0.010056932 0.932210743 99.410797119
0.927625597 -0.008683770 0.373410463 5.748456955 0.004405322 0.999914527 0.012309610 -2.630255699 -0.373485476 -0.009773715 0.927584529 99.920921326
0.922202647 -0.009729945 0.386584401 5.994651794 0.005352257 0.999908745 0.012398823 -2.634267330 -0.386669725 -0.009365131 0.922170639 100.428131104
0.916454494 -0.010301648 0.400006324 6.227319717 0.005682668 0.999902725 0.012731650 -2.647724628 -0.400098592 -0.009394875 0.916423917 100.912521362
0.911815226 -0.010754642 0.410459936 6.483310699 0.006099257 0.999901354 0.012649685 -2.654179096 -0.410555482 -0.009030671 0.911790907 101.421524048
0.906414926 -0.011491509 0.422232211 6.748062134 0.006735996 0.999895990 0.012752953 -2.666440964 -0.422334760 -0.008715312 0.906398058 101.904930115
0.899800599 -0.011329031 0.436154217 7.011795044 0.006231370 0.999894559 0.013116562 -2.690776110 -0.436256886 -0.009084454 0.899776340 102.379043579
0.893794715 -0.011840542 0.448319972 7.279254913 0.006600447 0.999890387 0.013249017 -2.697062492 -0.448427737 -0.008882790 0.893774927 102.871093750
0.888479352 -0.013575424 0.458715796 7.556926727 0.008045672 0.999869466 0.014007017 -2.708516836 -0.458846092 -0.008754267 0.888472617 103.342193604
0.881309390 -0.013414398 0.472349197 7.844642639 0.007986880 0.999877036 0.013493912 -2.717705727 -0.472472191 -0.008119714 0.881308198 103.805541992
0.874137640 -0.012991484 0.485504359 8.130031586 0.007424714 0.999882758 0.013387605 -2.730009079 -0.485621363 -0.008097879 0.874131739 104.255950928
