1.000000000 0.000000000 0.000000000 0.000000000 0.000000000 1.000000000 0.000000000 0.000000000 0.000000000 0.000000000 1.000000000 0.000000000
1.000000000 0.000041866 0.000009042 0.000332881 -0.000041867 1.000000000 0.000129039 -0.000564638 -0.000009037 -0.000129040 1.000000000 0.000208866
1.000000000 0.000058059 -0.000150625 0.001339120 -0.000058051 1.000000000 0.000048442 0.000045297 0.000150627 -0.000048434 1.000000000 -0.000302276
1.000000000 0.000093063 -0.000029266 0.000374421 -0.000093061 1.000000000 0.000048771 -0.000660228 0.000029270 -0.000048768 1.000000000 0.000178456
0.999999940 0.000290535 0.000055380 -0.001260366 -0.000290539 0.999999940 0.000079652 -0.000466342 -0.000055357 -0.000079668 1.000000000 -0.000368214
1.000000000 0.000059078 -0.000016480 -0.000523522 -0.000059078 1.000000000 0.000026669 -0.000724857 0.000016482 -0.000026668 1.000000000 -0.000049359
1.000000000 -0.000103810 0.000005741 0.000503196 0.000103810 1.000000000 0.000008573 -0.000361428 -0.000005741 -0.000008572 1.000000000 -0.000284827
1.000000000 0.000016989 0.000025621 0.001080797 -0.000016991 1.000000000 0.000074800 -0.000718002 -0.000025620 -0.000074800 1.000000000 -0.000111654
1.000000000 -0.000134864 0.000098968 -0.000139186 0.000134861 1.000000000 0.000028303 -0.000114483 -0.000098971 -0.000028290 1.000000000 0.000136925
1.000000000 -0.000173405 -0.000054399 0.001532712 0.000173409 1.000000000 0.000061460 0.000076411 0.000054389 -0.000061469 1.000000000 0.000084309
1.000000000 -0.000021007 -0.000114940 0.000410602 0.000021016 1.000000000 0.000078406 -0.001583228 0.000114938 -0.000078409 1.000000000 -0.001050142
1.000000000 0.000126541 0.000097609 -0.001180356 -0.000126530 1.000000000 -0.000106116 0.001036301 -0.000097622 0.000106104 1.000000000 0.002188118
0.999999940 -0.000328612 -0.000034257 0.000432799 0.000328619 0.999999940 0.000180682 -0.001424399 0.000034198 -0.000180693 1.000000000 -0.000315063
1.000000000 0.000066295 0.000178889 -0.001624699 -0.000066314 1.000000000 0.000104729 -0.000431675 -0.000178882 -0.000104741 1.000000000 0.001291547
1.000000000 0.000085230 0.000013384 -0.000292198 -0.000085232 1.000000000 0.000155332 -0.001071145 -0.000013371 -0.000155333 1.000000000 -0.000162823
1.000000000 0.000024509 -0.000074398 0.000238252 -0.000024513 1.000000000 -0.000045476 0.000153445 0.000074397 0.000045477 1.000000000 0.000308308
0.999999940 0.000284253 0.000272247 -0.002363186 -0.000284269 0.999999940 0.000057560 0.000256451 -0.000272231 -0.000057637 0.999999940 0.001793069
1.000000000 0.000042267 -0.000084955 0.000225218 -0.000042267 1.000000000 0.000001707 -0.000258661 0.000084955 -0.000001703 1.000000000 0.001196237
1.000000000 -0.000059315 -0.000043929 0.000445596 0.000059323 1.000000000 0.000181039 -0.001695883 0.000043918 -0.000181042 1.000000000 0.000160836
1.000000000 0.000049216 -0.000008224 0.000082063 -0.000049216 1.000000000 0.000003842 0.000151482 0.000008224 -0.000003841 1.000000000 0.001115631
1.000000000 0.000227098 0.000030815 -0.001098310 -0.000227099 1.000000000 0.000023282 -0.000240935 -0.000030810 -0.000023289 1.000000000 0.001070885
1.000000000 0.000013216 -0.000080284 0.000040256 -0.000013215 1.000000000 0.000001373 0.000446874 0.000080284 -0.000001372 1.000000000 0.000232986
1.000000000 0.000070754 -0.000010602 0.000479988 -0.000070752 1.000000000 0.000102887 -0.000604987 0.000010609 -0.000102886 1.000000000 0.002358622
0.999999940 0.000251845 0.000184621 -0.000755122 -0.000251862 0.999999940 0.000089266 0.000084218 -0.000184599 -0.000089313 1.000000000 0.000213844
1.000000000 0.000002820 -0.000055099 0.000470495 -0.000002818 1.000000000 0.000042449 0.000457319 0.000055099 -0.000042448 1.000000000 0.000936039
1.000000000 0.000062151 0.000026393 -0.000540465 -0.000062147 1.000000000 -0.000140811 0.001397713 -0.000026402 0.000140809 1.000000000 0.000077814
1.000000000 0.000126619 0.000064662 -0.000750953 -0.000126611 1.000000000 -0.000121915 0.000331617 -0.000064677 0.000121907 1.000000000 -0.001456550
1.000000000 0.000203747 0.000103896 -0.001201773 -0.000203737 1.000000000 -0.000091580 0.000854486 -0.000103915 0.000091558 1.000000000 0.002262561
1.000000000 0.000013641 0.000028181 -0.001674963 -0.000013642 1.000000000 0.000009911 0.001517494 -0.000028181 -0.000009911 1.000000000 0.004210110
1.000000000 0.000102428 0.000009748 -0.000837887 -0.000102426 1.000000000 -0.000216756 0.002161291 -0.000009771 0.000216755 1.000000000 0.001739170
0.999999940 0.000307274 -0.000014882 -0.000336062 -0.000307273 0.999999940 0.000064558 0.000467418 0.000014902 -0.000064554 1.000000000 0.000098939
1.000000000 0.000032771 -0.000037891 -0.000327423 -0.000032771 1.000000000 -0.000004189 0.000832205 0.000037891 0.000004190 1.000000000 0.001127113
1.000000000 0.000035331 0.000062063 -0.000214324 -0.000035337 1.000000000 0.000095304 -0.000591912 -0.000062060 -0.000095306 1.000000000 0.000813136
1.000000000 0.000098466 -0.000003378 -0.000674631 -0.000098465 1.000000000 0.000163248 -0.000225373 0.000003395 -0.000163248 1.000000000 0.001277315
1.000000000 0.000096486 0.000043388 -0.000795160 -0.000096486 1.000000000 -0.000000536 0.001282880 -0.000043388 0.000000532 1.000000000 0.003015803
0.999999940 0.000219753 0.000162971 -0.002110047 -0.000219751 1.000000000 -0.000010055 0.002432650 -0.000162973 0.000010019 1.000000000 0.003824691
1.000000000 -0.000084635 0.000047139 -0.000634430 0.000084629 1.000000000 0.000137271 0.000172246 -0.000047151 -0.000137267 1.000000000 0.002100364
1.000000000 -0.000170324 0.000089149 -0.001198543 0.000170307 0.999999940 0.000196381 0.000254124 -0.000089183 -0.000196366 1.000000000 0.002028715
1.000000000 -0.000035483 0.000163691 -0.001382326 0.000035475 1.000000000 0.000049679 0.000838294 -0.000163692 -0.000049673 1.000000000 0.001361300
1.000000000 -0.000051600 0.000162353 0.000227963 0.000051571 1.000000000 0.000180156 -0.002266103 -0.000162362 -0.000180147 1.000000000 -0.000613758
0.999999940 -0.000023866 0.000299784 -0.001674157 0.000024044 0.999999821 -0.000593186 -0.002268290 -0.000299769 0.000593194 0.999999762 0.052949939
0.999999940 0.000313170 0.000179786 -0.000819200 -0.000312954 0.999999225 -0.001202196 -0.005411530 -0.000180163 0.001202140 0.999999285 0.136428431
0.999999583 0.000919813 -0.000067543 0.001760505 -0.000919913 0.999998450 -0.001499226 -0.004593825 0.000066164 0.001499287 0.999998868 0.258674502
0.999999583 0.000880217 0.000075023 0.002876390 -0.000880144 0.999999166 -0.000974760 -0.014309200 -0.000075881 0.000974694 0.999999523 0.385944843
0.999999881 0.000484137 -0.000079215 0.007432464 -0.000484209 0.999999464 -0.000914492 -0.018507883 0.000078772 0.000914530 0.999999583 0.527038574
0.999999821 0.000605340 -0.000056911 0.013325609 -0.000605392 0.999999404 -0.000925421 -0.022145258 0.000056351 0.000925455 0.999999583 0.683377683
0.999999821 0.000589324 0.000215995 0.017521808 -0.000589145 0.999999464 -0.000829327 -0.021923505 -0.000216483 0.000829199 0.999999642 0.851175487
0.999999583 0.000729830 0.000536728 0.013396501 -0.000729436 0.999999464 -0.000733090 -0.027195774 -0.000537263 0.000732698 0.999999583 1.017335534
0.999999881 0.000371548 0.000320105 0.016270630 -0.000371537 0.999999940 -0.000034577 -0.036510382 -0.000320118 0.000034458 0.999999940 1.188076496
0.999999881 0.000236735 0.000352010 0.021734798 -0.000236806 0.999999940 0.000201138 -0.041581575 -0.000351963 -0.000201221 0.999999940 1.377518058
0.999999821 0.000530728 0.000346653 0.029657675 -0.000530546 0.999999702 -0.000526547 -0.043854799 -0.000346932 0.000526363 0.999999821 1.577846169
0.999999583 0.000770043 0.000493112 0.026542805 -0.000769941 0.999999702 -0.000207004 -0.051750742 -0.000493271 0.000206624 0.999999881 1.765713215
0.999999881 0.000094777 -0.000535315 0.049777225 -0.000094533 0.999999881 0.000456655 -0.069815502 0.000535359 -0.000456604 0.999999762 1.949336648
1.000000000 0.000172039 0.000146080 0.048675720 -0.000172061 0.999999940 0.000149904 -0.072749421 -0.000146054 -0.000149929 0.999999940 2.156231403
1.000000000 0.000238867 0.000000575 0.056433521 -0.000238867 1.000000000 -0.000131309 -0.077625282 -0.000000606 0.000131309 1.000000000 2.373263359
0.999999940 0.000226601 -0.000155354 0.061135456 -0.000226522 0.999999821 0.000508726 -0.086935602 0.000155469 -0.000508691 0.999999881 2.595758438
0.999999702 0.000801286 0.000185415 0.060129549 -0.000801402 0.999999464 0.000629002 -0.094434455 -0.000184911 -0.000629150 0.999999821 2.830989599
1.000000000 -0.000021607 -0.000185748 0.065625228 0.000021767 0.999999642 0.000857551 -0.102281846 0.000185729 -0.000857555 0.999999642 3.064060688
0.999999940 -0.000111974 0.000014105 0.075854659 0.000111969 0.999999881 0.000348227 -0.105802432 -0.000014144 -0.000348226 0.999999940 3.310329676
1.000000000 0.000125882 0.000034812 0.073288172 -0.000125924 0.999999285 0.001206885 -0.119417891 -0.000034660 -0.001206890 0.999999285 3.536274195
1.000000000 0.000325286 0.000169678 0.078217067 -0.000325468 0.999999404 0.001078949 -0.124043852 -0.000169327 -0.001079004 0.999999464 3.791331053
0.999999940 -0.000252207 -0.000057179 0.087130710 0.000252239 0.999999821 0.000565320 -0.128452897 0.000057036 -0.000565335 0.999999821 4.049263954
0.999999881 0.000060940 0.000467725 0.084938459 -0.000061550 0.999999166 0.001303968 -0.137882620 -0.000467645 -0.001303997 0.999999046 4.297551155
1.000000000 -0.000099347 -0.000027544 0.093300208 0.000099377 0.999999404 0.001088042 -0.141447395 0.000027436 -0.001088045 0.999999404 4.555500984
0.999999821 -0.000500748 -0.000225860 0.103954434 0.000501045 0.999999046 0.001314819 -0.151279956 0.000225202 -0.001314932 0.999999106 4.808526516
0.999999881 -0.000344770 0.000175212 0.104469873 0.000344555 0.999999166 0.001227268 -0.154469848 -0.000175635 -0.001227207 0.999999166 5.073406219
0.999999642 -0.000881920 -0.000077933 0.113533102 0.000882012 0.999998868 0.001188947 -0.162198171 0.000076884 -0.001189015 0.999999285 5.334556580
0.999999762 -0.000447675 0.000554987 0.114190325 0.000447095 0.999999344 0.001045704 -0.165122136 -0.000555454 -0.001045456 0.999999285 5.609151363
0.999999642 -0.000812475 -0.000028539 0.118754596 0.000812517 0.999998629 0.001508698 -0.180020437 0.000027313 -0.001508721 0.999998868 5.872196198
0.999999642 -0.000824332 0.000039510 0.124961585 0.000824269 0.999998450 0.001562431 -0.189164907 -0.000040798 -0.001562398 0.999998808 6.161969185
0.999999583 -0.000813701 -0.000200362 0.133555979 0.000814011 0.999998391 0.001550609 -0.194018543 0.000199100 -0.001550772 0.999998808 6.445501804
0.999999821 -0.000434594 0.000464704 0.130785063 0.000434019 0.999999166 0.001237612 -0.203421548 -0.000465241 -0.001237410 0.999999106 6.714136124
0.999999881 -0.000464433 0.000200196 0.138510212 0.000464132 0.999998868 0.001501064 -0.215508714 -0.000200893 -0.001500971 0.999998808 7.012336731
0.999999821 -0.000389891 0.000376219 0.147113919 0.000389346 0.999998868 0.001449454 -0.221364424 -0.000376784 -0.001449307 0.999998868 7.303881168
0.999999881 -0.000468335 0.000393864 0.147880822 0.000468011 0.999999642 0.000821973 -0.221677586 -0.000394249 -0.000821788 0.999999583 7.621807575
1.000000000 0.000119559 0.000141138 0.166323766 -0.000119781 0.999998748 0.001568473 -0.239236593 -0.000140950 -0.001568490 0.999998808 7.921775818
0.999999523 -0.000367179 0.000811500 0.156605348 0.000365769 0.999998450 0.001737549 -0.253217041 -0.000812136 -0.001737252 0.999998152 8.244418144
0.999999464 0.000182110 0.000964365 0.162955537 -0.000183988 0.999998093 0.001947310 -0.266013920 -0.000964008 -0.001947486 0.999997675 8.572336197
0.999999404 -0.000237343 0.001092758 0.165563449 0.000235617 0.999998868 0.001579264 -0.270004123 -0.001093132 -0.001579006 0.999998152 8.907259941
0.999999583 -0.000212089 0.000914741 0.176049009 0.000210375 0.999998271 0.001873505 -0.285881609 -0.000915137 -0.001873312 0.999997795 9.239371300
0.999999344 -0.000110361 0.001122378 0.177634507 0.000108079 0.999997914 0.002032730 -0.294005901 -0.001122600 -0.002032607 0.999997318 9.593268394
0.999999404 -0.000551447 0.000931899 0.191248238 0.000549375 0.999997377 0.002221377 -0.304496318 -0.000933121 -0.002220863 0.999997079 9.932261467
0.999999404 -0.000042338 0.001019107 0.189956427 0.000040407 0.999998152 0.001894927 -0.311628878 -0.001019185 -0.001894885 0.999997675 10.295587540
0.999999225 0.000047874 0.001266375 0.196508691 -0.000050517 0.999997854 0.002087017 -0.322325081 -0.001266273 -0.002087080 0.999997020 10.651979446
0.999999106 -0.000105614 0.001272492 0.205582619 0.000103166 0.999998152 0.001923864 -0.331498027 -0.001272693 -0.001923731 0.999997258 11.021190643
0.999999046 0.000150679 0.001334312 0.211935386 -0.000153713 0.999997377 0.002273766 -0.343551487 -0.001333966 -0.002273969 0.999996424 11.399087906
0.999998808 -0.000549601 0.001399946 0.220283180 0.000546399 0.999997258 0.002286497 -0.354436070 -0.001401198 -0.002285729 0.999996424 11.773013115
0.999998689 -0.000155089 0.001596994 0.227190331 0.000151703 0.999997735 0.002120098 -0.365316689 -0.001597318 -0.002119853 0.999996483 12.157898903
0.999999166 -0.000188264 0.001291375 0.238764226 0.000185954 0.999998391 0.001788032 -0.372711658 -0.001291709 -0.001787791 0.999997556 12.553597450
0.999998450 -0.000615450 0.001619308 0.244138926 0.000611864 0.999997318 0.002213712 -0.383783758 -0.001620666 -0.002212718 0.999996185 12.943113327
0.999998271 -0.000561038 0.001787963 0.252799153 0.000557537 0.999998033 0.001957998 -0.392842114 -0.001789058 -0.001956997 0.999996543 13.345125198
0.999997854 -0.000661159 0.001953232 0.263174593 0.000656800 0.999997318 0.002231258 -0.404515743 -0.001954702 -0.002229970 0.999995589 13.750864029
0.999996305 -0.000376316 0.002681364 0.263545871 0.000370627 0.999997675 0.002121995 -0.413975447 -0.002682156 -0.002120994 0.999994099 14.173585892
0.999996066 0.000053295 0.002807067 0.275955379 -0.000059315 0.999997735 0.002144402 -0.427051902 -0.002806947 -0.002144561 0.999993742 14.589483261
0.999994874 -0.000267938 0.003218962 0.283192992 0.000259803 0.999996841 0.002527374 -0.439380288 -0.003219629 -0.002526524 0.999991596 15.016077995
0.999995410 -0.000865557 0.002908648 0.301406652 0.000859087 0.999997139 0.002224902 -0.444957525 -0.002910565 -0.002222393 0.999993324 15.463793755
0.999994159 -0.000709672 0.003323092 0.310892284 0.000701737 0.999996901 0.002388255 -0.459289819 -0.003324776 -0.002385909 0.999991655 15.902113914
0.999993920 -0.000761226 0.003410527 0.323290229 0.000753360 0.999997020 0.002307270 -0.468332529 -0.003412273 -0.002304687 0.999991477 16.349351883
0.999991775 -0.000455562 0.004037170 0.331588984 0.000446532 0.999997377 0.002237140 -0.481242031 -0.004038179 -0.002235319 0.999989390 16.795314789
0.999990940 -0.000358613 0.004241472 0.339765012 0.000349225 0.999997437 0.002214028 -0.492942542 -0.004242255 -0.002212526 0.999988556 17.252367020
0.999990344 -0.000396620 0.004381049 0.351259112 0.000385768 0.999996841 0.002477654 -0.504654109 -0.004382018 -0.002475939 0.999987304 17.720077515
0.999987721 -0.000296686 0.004947275 0.357522964 0.000285939 0.999997616 0.002172982 -0.513347983 -0.004947908 -0.002171540 0.999985397 18.187255859
0.999986649 -0.000421540 0.005156460 0.374996036 0.000411867 0.999998093 0.001876770 -0.516408086 -0.005157241 -0.001874621 0.999984920 18.646711349
0.999985635 0.000323145 0.005345182 0.384545475 -0.000333566 0.999998033 0.001948950 -0.538322866 -0.005344542 -0.001950705 0.999983788 19.130741119
0.999986708 -0.000812698 0.005098210 0.405789137 0.000801188 0.999997139 0.002259314 -0.549167812 -0.005100032 -0.002255200 0.999984443 19.611351013
0.999984682 -0.000636378 0.005494410 0.406564116 0.000625019 0.999997616 0.002068972 -0.556591034 -0.005495715 -0.002065506 0.999982774 20.121978760
0.999984562 0.000067528 0.005547559 0.424232662 -0.000079559 0.999997556 0.002168540 -0.576322615 -0.005547401 -0.002168948 0.999982297 20.596208572
0.999984443 0.000776422 0.005507663 0.424193680 -0.000785572 0.999998271 0.001659303 -0.579777837 -0.005506365 -0.001663604 0.999983430 21.121561050
0.999989450 0.000106688 0.004592676 0.437986314 -0.000114384 0.999998629 0.001675328 -0.586990535 -0.004592490 -0.001675836 0.999988019 21.633119583
0.999989450 0.000486648 0.004571536 0.438918471 -0.000496973 0.999997318 0.002257788 -0.608310699 -0.004570424 -0.002260036 0.999987006 22.130325317
0.999991596 0.000906836 0.004000830 0.457523704 -0.000915645 0.999997139 0.002200495 -0.622623205 -0.003998823 -0.002204140 0.999989569 22.654041290
0.999992907 0.000896947 0.003636988 0.468562424 -0.000904835 0.999997199 0.002167726 -0.638528168 -0.003635033 -0.002171002 0.999991059 23.170234680
0.999995887 0.000696875 0.002819898 0.479456067 -0.000702407 0.999997854 0.001961246 -0.651156783 -0.002818526 -0.001963218 0.999994099 23.698436737
0.999997079 0.000166390 0.002409567 0.487975031 -0.000169364 0.999999344 0.001233772 -0.660791993 -0.002409362 -0.001234177 0.999996364 24.233638763
0.999998331 0.000952226 0.001566635 0.503294110 -0.000954713 0.999998331 0.001587125 -0.676621437 -0.001565121 -0.001588618 0.999997556 24.765653610
0.999998510 0.001437140 0.000943911 0.513621092 -0.001439173 0.999996662 0.002156381 -0.695725083 -0.000940809 -0.002157736 0.999997199 25.313953400
0.999997854 0.001545975 0.001344979 0.510864735 -0.001548417 0.999997199 0.001816093 -0.703042984 -0.001342168 -0.001818171 0.999997437 25.863706589
0.999998748 0.001559573 0.000119680 0.528022707 -0.001559828 0.999996424 0.002159452 -0.724733829 -0.000116312 -0.002159637 0.999997616 26.417072296
0.999999642 0.000710790 -0.000411867 0.544880986 -0.000709662 0.999995947 0.002732456 -0.740751803 0.000413808 -0.002732163 0.999996126 26.959274292
0.999999762 0.000560191 -0.000627384 0.546758711 -0.000558503 0.999996364 0.002688257 -0.752706051 0.000628888 -0.002687906 0.999996185 27.522485733
0.999998212 0.001736135 -0.000769933 0.551223338 -0.001734006 0.999994755 0.002756993 -0.768783927 0.000774716 -0.002755653 0.999995887 28.078111649
0.999998510 0.001527252 -0.000775329 0.561479092 -0.001524482 0.999992549 0.003560942 -0.794887424 0.000780762 -0.003559754 0.999993324 28.623540878
0.999997556 0.001595248 -0.001546152 0.574698687 -0.001590260 0.999993503 0.003222483 -0.802111745 0.001551282 -0.003220016 0.999993622 29.160678864
0.999997437 0.001540740 -0.001676231 0.583637893 -0.001535658 0.999994159 0.003028966 -0.811486602 0.001680888 -0.003026384 0.999993980 29.720438004
0.999997258 0.001566879 -0.001743629 0.587785840 -0.001561459 0.999993920 0.003105304 -0.824222326 0.001748485 -0.003102573 0.999993622 30.260932922
0.999996245 0.001872561 -0.002012207 0.600563049 -0.001866493 0.999993742 0.003013194 -0.839997947 0.002017837 -0.003009427 0.999993443 30.803592682
0.999995470 0.001951783 -0.002293924 0.610936642 -0.001944850 0.999993563 0.003020667 -0.854378521 0.002299806 -0.003016192 0.999992728 31.366111755
0.999994814 0.001539243 -0.002823795 0.622492433 -0.001531100 0.999994695 0.002883577 -0.864412725 0.002828218 -0.002879238 0.999991834 31.912700653
0.999994099 0.001533678 -0.003078074 0.638415575 -0.001523132 0.999993086 0.003425550 -0.888430357 0.003083306 -0.003420842 0.999989390 32.481422424
0.999993026 0.002030805 -0.003115945 0.644354224 -0.002020402 0.999992311 0.003338281 -0.897918224 0.003122700 -0.003331963 0.999989569 33.036010742
0.999992728 0.001812645 -0.003361339 0.655483723 -0.001801777 0.999993145 0.003233519 -0.912247896 0.003367177 -0.003227439 0.999989152 33.587139130
0.999991596 0.002098771 -0.003511941 0.663279653 -0.002087209 0.999992430 0.003292363 -0.925744534 0.003518824 -0.003285005 0.999988437 34.143890381
0.999993682 0.001751854 -0.003088218 0.661863804 -0.001740923 0.999992192 0.003538835 -0.939360321 0.003094393 -0.003533437 0.999988973 34.695838928
0.999992609 0.001509830 -0.003537017 0.680340707 -0.001497057 0.999992371 0.003611027 -0.954971850 0.003542442 -0.003605706 0.999987245 35.241004944
0.999992192 0.001865659 -0.003510846 0.694820225 -0.001852541 0.999991238 0.003736262 -0.973063707 0.003517786 -0.003729728 0.999986887 35.782043457
0.999991000 0.002057083 -0.003717932 0.696039319 -0.002044754 0.999992430 0.003316700 -0.979055226 0.003724727 -0.003309067 0.999987543 36.333457947
0.999989808 0.002806202 -0.003542502 0.702517271 -0.002796217 0.999992132 0.002820507 -0.986939251 0.003550390 -0.002810573 0.999989748 36.886543274
0.999992132 0.001999233 -0.003418535 0.700525343 -0.001988529 0.999993145 0.003131827 -1.006775141 0.003424773 -0.003125004 0.999989271 37.432823181
0.999991775 0.002183604 -0.003399390 0.710557818 -0.002173028 0.999992847 0.003111786 -1.020969629 0.003406161 -0.003104374 0.999989390 37.982688904
0.999990880 0.001969381 -0.003783314 0.730043411 -0.001959471 0.999994695 0.002621340 -1.028016329 0.003788456 -0.002613903 0.999989390 38.536975861
0.999990761 0.002194085 -0.003703293 0.723769307 -0.002180483 0.999990880 0.003672936 -1.057279229 0.003711318 -0.003664827 0.999986351 39.099166870
0.999991477 0.002108947 -0.003558267 0.731845200 -0.002097068 0.999992251 0.003338906 -1.072026730 0.003565281 -0.003331416 0.999988139 39.637458801
0.999989688 0.002641718 -0.003724969 0.741393447 -0.002627278 0.999989033 0.003875991 -1.084545732 0.003735168 -0.003866164 0.999985516 40.185771942
0.999990463 0.002208459 -0.003767036 0.745143533 -0.002196950 0.999992907 0.003056751 -1.085607767 0.003773760 -0.003048446 0.999988258 40.749889374
0.999988556 0.002765269 -0.003897169 0.758444071 -0.002753407 0.999991536 0.003046058 -1.098555207 0.003905559 -0.003035293 0.999987781 41.292461395
0.999989867 0.002240636 -0.003903139 0.764692366 -0.002230294 0.999994040 0.002652158 -1.100963354 0.003909058 -0.002643426 0.999988914 41.821498871
0.999991119 0.002102045 -0.003649289 0.759196341 -0.002089950 0.999992251 0.003314933 -1.132625103 0.003656229 -0.003307276 0.999987841 42.408786774
0.999991357 0.002771809 -0.003087585 0.764397264 -0.002762840 0.999991894 0.002905267 -1.135892868 0.003095613 -0.002896711 0.999991000 42.959045410
0.999989927 0.003014489 -0.003321836 0.779091001 -0.003003238 0.999989748 0.003387125 -1.158829451 0.003332013 -0.003377115 0.999988735 43.508625031
0.999990523 0.002421797 -0.003593241 0.776938856 -0.002407326 0.999988973 0.004025973 -1.178396821 0.003602951 -0.004017286 0.999985456 44.072315216
0.999991715 0.002149306 -0.003425719 0.785490334 -0.002132932 0.999986291 0.004776395 -1.198592782 0.003435938 -0.004769049 0.999982715 44.616851807
0.999990404 0.002279430 -0.003745866 0.788864732 -0.002263795 0.999988735 0.004172952 -1.203003407 0.003755336 -0.004164432 0.999984264 45.176761627
0.999989986 0.002701504 -0.003548512 0.795097709 -0.002686162 0.999987066 0.004321148 -1.213876247 0.003560139 -0.004311573 0.999984384 45.725528717
0.999991655 0.002090663 -0.003504037 0.808611572 -0.002076907 0.999990165 0.003924916 -1.226122499 0.003512208 -0.003917606 0.999986172 46.298442841
0.999988377 0.001917216 -0.004417399 0.829272985 -0.001899015 0.999989688 0.004120781 -1.243097305 0.004425254 -0.004112344 0.999981761 46.838737488
0.999989450 0.002633314 -0.003766620 0.827176273 -0.002617355 0.999987602 0.004235694 -1.255959153 0.003777727 -0.004225791 0.999983847 47.392250061
0.999990582 0.002130235 -0.003776956 0.832877636 -0.002114574 0.999989092 0.004145560 -1.267444611 0.003785746 -0.004137535 0.999984264 47.940082550
0.999992311 0.002148739 -0.003277562 0.835455298 -0.002135931 0.999990046 0.003906184 -1.272968054 0.003285923 -0.003899153 0.999986947 48.494728088
0.999989748 0.002352013 -0.003868055 0.853954971 -0.002334622 0.999987185 0.004494302 -1.295457602 0.003878576 -0.004485226 0.999982417 49.055850983
0.999989867 0.002023665 -0.004025942 0.865068078 -0.002005607 0.999987960 0.004484354 -1.308717966 0.004034968 -0.004476234 0.999981880 49.603717804
0.999992311 0.002133817 -0.003298514 0.869261920 -0.002119296 0.999988139 0.004399487 -1.315575838 0.003307862 -0.004392462 0.999984860 50.166534424
0.999991596 0.002016860 -0.003602881 0.867624760 -0.002000691 0.999987960 0.004485871 -1.333873868 0.003611885 -0.004478625 0.999983430 50.725475311
0.999992251 0.002735473 -0.002838951 0.869642973 -0.002723479 0.999987423 0.004220168 -1.347678304 0.002850459 -0.004212404 0.999987066 51.276500702
0.999991000 0.001845188 -0.003834057 0.881334424 -0.001827801 0.999988079 0.004533560 -1.362766743 0.003842377 -0.004526511 0.999982357 51.826187134
0.999987364 0.002917059 -0.004086033 0.899873495 -0.002901710 0.999988735 0.003757220 -1.369601011 0.004096947 -0.003745316 0.999984562 52.394577026
0.999990106 0.002505398 -0.003655725 0.902071714 -0.002493742 0.999991834 0.003189415 -1.377504110 0.003663685 -0.003180267 0.999988258 52.944435120
0.999992013 0.002269245 -0.003292776 0.906057119 -0.002257945 0.999991536 0.003431676 -1.391528368 0.003300536 -0.003424214 0.999988675 53.488246918
0.999991298 0.002403570 -0.003402079 0.914431274 -0.002391948 0.999991238 0.003415917 -1.406574249 0.003410261 -0.003407750 0.999988317 54.031185150
0.999991775 0.002681896 -0.003024478 0.917188168 -0.002671675 0.999990642 0.003378340 -1.419976592 0.003033509 -0.003370232 0.999989748 54.584030151
0.999985397 0.004256119 -0.003319738 0.946168542 -0.004241302 0.999981105 0.004457812 -1.454134583 0.003338647 -0.004443667 0.999984562 55.087356567
0.999991536 0.002380181 -0.003363048 0.938905716 -0.002369677 0.999992311 0.003123813 -1.445783138 0.003370457 -0.003115817 0.999989450 55.688365936
0.999991477 0.002924996 -0.002917235 0.944009244 -0.002914682 0.999989450 0.003533648 -1.460673690 0.002927541 -0.003525115 0.999989510 56.237388611
0.999991894 0.002432408 -0.003216063 0.954679430 -0.002420502 0.999990225 0.003700593 -1.474764824 0.003225033 -0.003692779 0.999987960 56.787437439
0.999992847 0.002028839 -0.003207447 0.971164346 -0.002016123 0.999990106 0.003962612 -1.494292498 0.003215455 -0.003956117 0.999987006 57.317680359
0.999990463 0.002981845 -0.003184762 0.976038158 -0.002972515 0.999991238 0.002930396 -1.490573287 0.003193472 -0.002920902 0.999990582 57.882953644
0.999992311 0.002628995 -0.002923760 0.983437657 -0.002621678 0.999993503 0.002503624 -1.501680136 0.002930323 -0.002495940 0.999992609 58.433300018
0.999992251 0.002563188 -0.002986334 0.994447649 -0.002555809 0.999993682 0.002471945 -1.515697837 0.002992652 -0.002464294 0.999992490 58.967048645
0.999992251 0.002508637 -0.003040128 1.002726793 -0.002502863 0.999994993 0.001901100 -1.514598608 0.003044882 -0.001893476 0.999993563 59.538749695
0.999993145 0.002769159 -0.002452483 1.009808302 -0.002763945 0.999993920 0.002126809 -1.532274723 0.002458357 -0.002120016 0.999994695 60.081581116
0.999992073 0.002340523 -0.003223818 1.019030333 -0.002335923 0.999996364 0.001429496 -1.534782529 0.003227152 -0.001421954 0.999993801 60.635944366
0.999992311 0.002200944 -0.003239494 1.029212713 -0.002196384 0.999996543 0.001410381 -1.548408866 0.003242587 -0.001403255 0.999993801 61.178367615
0.999991059 0.002945295 -0.003030418 1.031867981 -0.002939943 0.999994040 0.001768832 -1.561944842 0.003035610 -0.001759907 0.999993861 61.720764160
0.999989748 0.003191798 -0.003207269 1.048542976 -0.003185137 0.999992728 0.002079805 -1.579945922 0.003213885 -0.002069568 0.999992728 62.263721466
0.999990225 0.003251828 -0.003002904 1.045585513 -0.003248730 0.999994159 0.001035514 -1.578047991 0.003006254 -0.001025748 0.999994934 62.816825867
0.999991298 0.003163651 -0.002734388 1.052876115 -0.003160415 0.999994278 0.001186549 -1.595438838 0.002738126 -0.001177897 0.999995530 63.369277954
0.999988973 0.004151713 -0.002237140 1.053717494 -0.004148918 0.999990582 0.001252728 -1.606220365 0.002242320 -0.001243433 0.999996722 63.930233002
0.999990582 0.003322855 -0.002776565 1.064270377 -0.003320726 0.999994218 0.000771184 -1.617931247 0.002779111 -0.000761956 0.999995768 64.468109131
0.999991238 0.003696553 -0.001968862 1.065050125 -0.003694721 0.999992788 0.000933590 -1.633436322 0.001972299 -0.000926308 0.999997616 65.015815735
0.999989927 0.003520983 -0.002752126 1.084974527 -0.003517077 0.999992728 0.001422702 -1.650000930 0.002757115 -0.001413008 0.999995172 65.548858643
0.999989271 0.003879799 -0.002504600 1.096834779 -0.003877067 0.999991894 0.001094326 -1.664838552 0.002508826 -0.001084604 0.999996245 66.102325439
0.999992311 0.003079437 -0.002436177 1.100038767 -0.003077626 0.999994993 0.000746759 -1.669821382 0.002438464 -0.000739256 0.999996722 66.657150269
0.999991477 0.003371944 -0.002405751 1.110175610 -0.003371063 0.999994338 0.000370055 -1.681422949 0.002406985 -0.000361942 0.999997079 67.212043762
0.999991953 0.003263356 -0.002298686 1.113858819 -0.003262093 0.999994457 0.000553009 -1.698756099 0.002300478 -0.000545506 0.999997199 67.752548218
0.999992251 0.003317076 -0.002081730 1.120992184 -0.003315474 0.999994159 0.000772688 -1.712845564 0.002084280 -0.000765780 0.999997556 68.302406311
0.999991536 0.003470355 -0.002198454 1.131916046 -0.003468822 0.999993742 0.000700816 -1.726877451 0.002200872 -0.000693184 0.999997258 68.841766357
0.999990284 0.004131627 -0.001479016 1.131378293 -0.004130699 0.999991298 0.000629789 -1.743225574 0.001481605 -0.000623673 0.999998689 69.389488220
0.999991000 0.003709276 -0.002054191 1.158315659 -0.003708595 0.999993086 0.000335061 -1.753682375 0.002055420 -0.000327440 0.999997854 69.931221008
0.999991715 0.003827513 -0.001365223 1.150560737 -0.003827606 0.999992669 -0.000064983 -1.764056683 0.001364965 0.000070207 0.999999046 70.471855164
0.999993801 0.003366518 -0.001050429 1.158770800 -0.003366595 0.999994338 -0.000070427 -1.776806951 0.001050187 0.000073962 0.999999404 71.027969360
0.999991655 0.003783793 -0.001537679 1.173439622 -0.003784320 0.999992847 -0.000339313 -1.784510255 0.001536384 0.000345129 0.999998808 71.576934814
0.999989808 0.004299245 -0.001398764 1.168359041 -0.004299226 0.999990702 0.000017309 -1.807541370 0.001398826 -0.000011295 0.999999046 72.094703674
0.999993086 0.003394335 -0.001554616 1.186009169 -0.003393404 0.999994040 0.000601024 -1.829159021 0.001556647 -0.000595744 0.999998629 72.638946533
0.999989569 0.004370316 -0.001308882 1.181347609 -0.004370431 0.999990463 -0.000084854 -1.838711500 0.001308498 0.000090574 0.999999166 73.185546875
0.999990284 0.004312277 -0.000898171 1.189234376 -0.004312210 0.999990702 0.000077811 -1.856084228 0.000898498 -0.000073937 0.999999583 73.731544495
0.999988258 0.004820940 -0.000404643 1.186579943 -0.004820941 0.999988377 0.000000539 -1.869311571 0.000404640 0.000001412 0.999999940 74.278633118
0.999989569 0.004400734 -0.001221894 1.208298683 -0.004400350 0.999990284 0.000316868 -1.889748216 0.001223277 -0.000311488 0.999999225 74.820709229
0.999989331 0.004406507 -0.001404336 1.224249840 -0.004405431 0.999989986 0.000768608 -1.906238914 0.001407708 -0.000762413 0.999998748 75.361656189
0.999989629 0.004365452 -0.001323332 1.230795741 -0.004364494 0.999990225 0.000726009 -1.918955326 0.001326488 -0.000720226 0.999998868 75.910507202
0.999994814 0.002903843 -0.001342378 1.247071624 -0.002903154 0.999995649 0.000514947 -1.939802647 0.001343867 -0.000511047 0.999998987 76.449600220
0.999992311 0.003569378 -0.001616628 1.256759048 -0.003568999 0.999993563 0.000237605 -1.952140927 0.001617466 -0.000231834 0.999998629 76.995437622
0.999991119 0.003934109 -0.001507062 1.267351389 -0.003933705 0.999992251 0.000271352 -1.969657421 0.001508118 -0.000265422 0.999998808 77.538757324
0.999992788 0.003515565 -0.001462025 1.277461410 -0.003515931 0.999993801 -0.000248236 -1.976000905 0.001461143 0.000253375 0.999998927 78.096145630
0.999992788 0.003266873 -0.001924511 1.289891601 -0.003266233 0.999994636 0.000335676 -1.996452093 0.001925597 -0.000329388 0.999998093 78.614593506
0.999992192 0.003609969 -0.001626021 1.298531055 -0.003609756 0.999993503 0.000134372 -2.009152412 0.001626495 -0.000128502 0.999998689 79.158912659
0.999990582 0.004127543 -0.001345348 1.304168940 -0.004127061 0.999991357 0.000360036 -2.025816917 0.001346824 -0.000354480 0.999999046 79.715736389
0.999990582 0.004164844 -0.001173142 1.312524915 -0.004164447 0.999991179 0.000339632 -2.041125298 0.001174547 -0.000334743 0.999999285 80.260177612
0.999989688 0.004402097 -0.001090793 1.317546606 -0.004402091 0.999990404 0.000007441 -2.053897619 0.001090814 -0.000002639 0.999999404 80.799690247
0.999991000 0.004222795 -0.000316868 1.331684232 -0.004222837 0.999991000 -0.000128518 -2.063290834 0.000316323 0.000129855 0.999999881 81.363479614
0.999986649 0.005009888 0.001310917 1.339307666 -0.005010155 0.999987304 0.000201084 -2.081694126 -0.001309893 -0.000207649 0.999999046 81.912956238
0.999988973 0.004146281 0.002195304 1.348003626 -0.004145619 0.999991298 -0.000306149 -2.094598055 -0.002196554 0.000297045 0.999997556 82.427520752
0.999983966 0.004358796 0.003608607 1.358573675 -0.004358184 0.999990463 -0.000177375 -2.111162186 -0.003609345 0.000161646 0.999993443 82.976509094
0.999971449 0.003840545 0.006500024 1.382675886 -0.003836608 0.999992430 -0.000618177 -2.124167442 -0.006502350 0.000593222 0.999978662 83.530715942
0.999934494 0.003705951 0.010822746 1.392334223 -0.003711742 0.999992967 0.000514996 -2.147854805 -0.010820761 -0.000555134 0.999941289 84.052703857
0.999887109 0.004412251 0.014362876 1.401831388 -0.004417449 0.999990106 0.000330343 -2.161804438 -0.014361278 -0.000393753 0.999896765 84.610176086
0.999812722 0.004538544 0.018809142 1.432983637 -0.004538869 0.999989629 -0.000025402 -2.177006006 -0.018809063 -0.000059974 0.999823093 85.177726746
0.999681413 0.004644958 0.024808094 1.459909081 -0.004646590 0.999989212 0.000008124 -2.192411661 -0.024807790 -0.000123394 0.999692202 85.725761414
0.999536395 0.003552511 0.030238559 1.494906187 -0.003557660 0.999993801 0.000116535 -2.210496902 -0.030237956 -0.000224060 0.999542654 86.272949219
0.999368370 0.002922061 0.035415690 1.537277937 -0.002936226 0.999995708 0.000347962 -2.227104187 -0.035414517 -0.000451730 0.999372602 86.812141418
0.999007225 0.003493191 0.044411834 1.561621189 -0.003491800 0.999993920 -0.000108889 -2.237681150 -0.044411935 -0.000046297 0.999013305 87.360908508
0.998619676 0.002811367 0.052447949 1.611276865 -0.002827869 0.999995947 0.000240426 -2.256183386 -0.052447062 -0.000388410 0.998623610 87.915405273
0.998233855 0.002620871 0.059348971 1.657938719 -0.002641791 0.999996424 0.000274019 -2.274312019 -0.059348047 -0.000430323 0.998237252 88.452369690
0.997640312 0.003202943 0.068582676 1.707696438 -0.003201120 0.999994874 -0.000136482 -2.282638550 -0.068582766 -0.000083382 0.997645438 89.017410278
0.996875286 0.003307568 0.078921862 1.769688129 -0.003289870 0.999994576 -0.000354271 -2.297200441 -0.078922614 0.000093521 0.996880770 89.545288086
0.996185184 0.002873442 0.087216526 1.842186928 -0.002910227 0.999995708 0.000294612 -2.320166111 -0.087215304 -0.000547308 0.996189415 90.096504211
0.995373368 0.002791340 0.096043527 1.884955406 -0.002767364 0.999996126 -0.000382838 -2.330613375 -0.096044227 0.000115280 0.995377064 90.649490356
0.994312704 0.002332641 0.106474712 1.969471455 -0.002305446 0.999997318 -0.000378491 -2.337488174 -0.106475301 0.000130867 0.994315326 91.203933716
0.992974699 0.002847598 0.118292779 2.032817841 -0.002845198 0.999995947 -0.000189165 -2.357977390 -0.118292823 -0.000148731 0.992978752 91.756324768
0.991857469 0.002002663 0.127337262 2.122675896 -0.001996301 0.999997973 -0.000177580 -2.378782034 -0.127337366 -0.000078069 0.991859436 92.293113708
0.990398884 0.002113517 0.138222873 2.222237587 -0.002105610 0.999997735 -0.000203427 -2.387018681 -0.138223007 -0.000089569 0.990401149 92.850616455
0.988673508 0.001792572 0.150071621 2.322168350 -0.001757100 0.999998331 -0.000368960 -2.398974180 -0.150072068 0.000101090 0.988675058 93.405136108
0.987008810 0.001240461 0.160661310 2.434376717 -0.001247957 0.999999225 -0.000054249 -2.419253588 -0.160661265 -0.000146954 0.987009645 93.948417664
0.985170960 0.000854926 0.171573579 2.541351318 -0.000783948 0.999999523 -0.000481444 -2.427622557 -0.171573907 0.000339799 0.985171139 94.486099243
0.982789516 0.000868577 0.184727475 2.661886215 -0.000720853 0.999999404 -0.000866845 -2.434579611 -0.184728131 0.000718765 0.982789338 95.030975342
0.980403543 0.000899606 0.196997672 2.786144257 -0.000798702 0.999999464 -0.000591659 -2.452885389 -0.196998119 0.000422722 0.980403721 95.547241211
0.978228271 0.000690312 0.207530662 2.917182922 -0.000605565 0.999999702 -0.000471887 -2.469825268 -0.207530946 0.000335940 0.978228331 96.096115112
0.975343287 0.000510866 0.220692813 3.064659119 -0.000505231 0.999999821 -0.000081980 -2.488917828 -0.220692858 -0.000031542 0.975343287 96.628784180
0.972226977 0.000398751 0.234039515 3.212402344 -0.000395732 0.999999881 -0.000059862 -2.504546881 -0.234039530 -0.000034417 0.972227097 97.146835327
0.969459295 -0.000246830 0.245252103 3.347717285 0.000334502 0.999999881 -0.000315823 -2.519159079 -0.245251998 0.000388215 0.969459295 97.685478210
0.966433108 -0.000992012 0.256916523 3.518152237 0.001078422 0.999999404 -0.000195440 -2.542859316 -0.256916195 0.000465944 0.966433585 98.203094482
0.962522388 -0.000571586 0.271202058 3.670911789 0.000787588 0.999999464 -0.000687626 -2.546784639 -0.271201551 0.000875451 0.962522209 98.726486206
0.959007502 -0.000620294 0.283380181 3.841499329 0.001009479 0.999998808 -0.001227344 -2.559105396 -0.283379108 0.001463098 0.959006786 99.259017944
0.955697954 -0.001623534 0.294344604 4.031297684 0.001986040 0.999997616 -0.000932663 -2.574729443 -0.294342339 0.001475924 0.955698907 99.775253296
0.951023757 -0.001120146 0.309115857 4.208341599 0.001022542 0.999999285 0.000477762 -2.609304190 -0.309116155 -0.000138279 0.951024294 100.306022644
0.946776986 -0.001690632 0.321885675 4.414621353 0.001607185 0.999998689 0.000524981 -2.626453876 -0.321886152 0.000020290 0.946778357 100.804992676
0.942927301 -0.001939554 0.332993239 4.622200012 0.001866651 0.999998152 0.000538855 -2.635801792 -0.332993716 0.000113481 0.942929089 101.311752319
0.938055634 -0.003505615 0.346466929 4.832712173 0.003526663 0.999993742 0.000569712 -2.654258966 -0.346466720 0.000687451 0.938062012 101.835136414
0.932809055 -0.003279469 0.360356241 5.056995392 0.003189191 0.999994576 0.000845124 -2.671878815 -0.360357046 0.000360905 0.932814419 102.337356567
0.927863538 -0.003075542 0.372906923 5.271295547 0.003193587 0.999994814 0.000301183 -2.678761244 -0.372905970 0.000911454 0.927868724 102.861770630
0.923175871 -0.004120660 0.384355664 5.500930786 0.004415241 0.999990165 0.000115975 -2.690380573 -0.384352416 0.001589958 0.923185110 103.356056213
0.917109668 -0.003853565 0.398616254 5.734161377 0.003856665 0.999992192 0.000794123 -2.713807106 -0.398616195 0.000809031 0.917117476 103.838020325
0.911276817 -0.004195107 0.411772907 5.977905273 0.004400218 0.999990225 0.000449880 -2.726237059 -0.411770761 0.001401925 0.911286414 104.324317932
0.906331599 -0.004858455 0.422539502 6.231746674 0.005125237 0.999986768 0.000504632 -2.744113684 -0.422536314 0.001708251 0.906344473 104.805091858
0.900119066 -0.005540509 0.435608834 6.503765106 0.005698519 0.999983311 0.000943669 -2.763440371 -0.435606778 0.001632911 0.900135636 105.294525146
0.893449664 -0.006150454 0.449120998 6.771457672 0.006319373 0.999979436 0.001122827 -2.783082247 -0.449118674 0.001834973 0.893470347 105.746612549
0.887241781 -0.006787617 0.461254507 7.013782501 0.007115982 0.999974132 0.001027293 -2.787707329 -0.461249530 0.002370822 0.887267232 106.246650696
0.881541967 -0.006844067 0.472055733 7.289268494 0.007196316 0.999973476 0.001059260 -2.799270391 -0.472050488 0.002463280 0.881568015 106.724853516
0.874282777 -0.007313111 0.485361844 7.583156586 0.007660271 0.999969780 0.001268429 -2.812400579 -0.485356510 0.002609038 0.874312520 107.197914124
0.866637766 -0.007776589 0.498877257 7.831932068 0.008590747 0.999962807 0.000663961 -2.815788269 -0.498863876 0.003710314 0.866672397 107.671897888
