1.000000000 0.000000000 0.000000000 0.000000000 0.000000000 1.000000000 0.000000000 0.000000000 0.000000000 0.000000000 1.000000000 0.000000000
1.000000000 0.000022688 -0.000021277 0.000444024 -0.000022689 1.000000000 -0.000038032 0.000772561 0.000021276 0.000038033 1.000000000 0.000389112
1.000000000 0.000027604 0.000033132 -0.000056429 -0.000027606 1.000000000 0.000036469 0.000067035 -0.000033131 -0.000036470 1.000000000 0.000086181
1.000000000 -0.000128981 0.000060229 -0.000078600 0.000128983 1.000000000 -0.000024216 0.000755872 -0.000060225 0.000024224 1.000000000 0.000120176
1.000000000 -0.000119241 0.000031690 -0.000100622 0.000119241 1.000000000 0.000020638 -0.000085886 -0.000031692 -0.000020634 1.000000000 -0.000564971
1.000000000 0.000027338 0.000119980 -0.000474237 -0.000027335 1.000000000 -0.000028280 0.000830485 -0.000119980 0.000028277 1.000000000 0.000065977
1.000000000 -0.000088099 0.000073819 0.000135001 0.000088100 1.000000000 -0.000007106 0.000510482 -0.000073818 0.000007113 1.000000000 0.000256372
1.000000000 -0.000020676 0.000075483 -0.000536711 0.000020669 1.000000000 0.000094351 -0.000114595 -0.000075485 -0.000094350 1.000000000 -0.000065253
1.000000000 -0.000012922 -0.000005178 -0.000738375 0.000012922 1.000000000 -0.000061947 -0.000165911 0.000005179 0.000061947 1.000000000 -0.001093909
1.000000000 -0.000046214 0.000080987 -0.000088762 0.000046211 1.000000000 0.000040928 -0.000724892 -0.000080989 -0.000040924 1.000000000 -0.000410945
1.000000000 0.000072026 0.000053060 -0.000834144 -0.000072029 1.000000000 0.000056691 -0.000900452 -0.000053056 -0.000056695 1.000000000 -0.000636319
1.000000000 -0.000043507 0.000066377 -0.000961345 0.000043505 1.000000000 0.000035881 -0.000404286 -0.000066378 -0.000035878 1.000000000 -0.000958086
1.000000000 0.000052313 0.000033670 -0.000812497 -0.000052310 1.000000000 -0.000075657 -0.000338566 -0.000033674 0.000075655 1.000000000 -0.001540433
1.000000000 0.000045463 0.000071922 -0.000997487 -0.000045461 1.000000000 -0.000028257 0.000501680 -0.000071923 0.000028254 1.000000000 0.000307687
1.000000000 0.000029401 0.000047641 -0.000966667 -0.000029395 1.000000000 -0.000116210 0.001250808 -0.000047644 0.000116209 1.000000000 0.000887124
1.000000000 -0.000018165 -0.000039589 0.000386714 0.000018162 1.000000000 -0.000083771 0.001315244 0.000039591 0.000083771 1.000000000 0.001332427
1.000000000 0.000087880 0.000107087 -0.001003645 -0.000087863 1.000000000 -0.000158044 0.002313331 -0.000107101 0.000158034 1.000000000 0.002549617
1.000000000 0.000170078 0.000079584 -0.001307260 -0.000170065 1.000000000 -0.000166874 0.001874066 -0.000079613 0.000166860 1.000000000 0.001593804
0.999999940 0.000215709 0.000161951 -0.001546773 -0.000215692 1.000000000 -0.000102962 0.002060356 -0.000161973 0.000102927 1.000000000 0.002369177
1.000000000 0.000091286 0.000150064 -0.001393756 -0.000091272 1.000000000 -0.000092083 0.000981650 -0.000150073 0.000092069 1.000000000 0.001279930
1.000000000 0.000027705 0.000077166 -0.001078729 -0.000027702 1.000000000 -0.000030845 0.000363824 -0.000077167 0.000030843 1.000000000 0.000736325
1.000000000 0.000157438 0.000051880 -0.000785443 -0.000157436 1.000000000 -0.000027655 0.001286262 -0.000051884 0.000027647 1.000000000 0.000937473
1.000000000 0.000119150 0.000016984 -0.000620009 -0.000119149 1.000000000 -0.000079122 0.001451991 -0.000016994 0.000079120 1.000000000 0.002235893
1.000000000 0.000099616 0.000078871 -0.001228914 -0.000099611 1.000000000 -0.000061220 0.001663017 -0.000078877 0.000061212 1.000000000 0.002433113
0.999999940 0.000376131 0.000051633 -0.001206341 -0.000376127 0.999999940 -0.000066175 0.002471946 -0.000051658 0.000066155 1.000000000 0.003717726
0.999999940 0.000252533 0.000110019 -0.001512123 -0.000252526 0.999999940 -0.000060479 0.002312711 -0.000110035 0.000060451 1.000000000 0.001974021
1.000000000 0.000066077 0.000109108 -0.000495701 -0.000066070 1.000000000 -0.000066339 0.002536926 -0.000109112 0.000066332 1.000000000 0.003043288
1.000000000 0.000129149 0.000183642 -0.001728506 -0.000129144 1.000000000 -0.000027344 0.001654373 -0.000183645 0.000027320 1.000000000 0.002423115
1.000000000 0.000135832 0.000056549 -0.001143838 -0.000135829 1.000000000 -0.000066678 0.002402290 -0.000056558 0.000066670 1.000000000 0.002322392
1.000000000 0.000082946 0.000117650 -0.001728006 -0.000082937 1.000000000 -0.000076671 0.001239742 -0.000117657 0.000076662 1.000000000 0.001698392
0.999999940 0.000144982 0.000203763 -0.001842207 -0.000144981 1.000000000 -0.000004496 0.001103385 -0.000203764 0.000004467 1.000000000 0.002044241
1.000000000 0.000126469 0.000192581 -0.001375523 -0.000126456 1.000000000 -0.000068480 0.002204988 -0.000192590 0.000068456 1.000000000 0.003818923
1.000000000 0.000221150 0.000102117 -0.000878256 -0.000221129 0.999999940 -0.000208548 0.003464798 -0.000102163 0.000208526 1.000000000 0.003901198
1.000000000 0.000097564 0.000133449 -0.000827157 -0.000097552 1.000000000 -0.000090769 0.001757762 -0.000133458 0.000090756 1.000000000 0.001958265
0.999999940 0.000244614 0.000190877 -0.002560323 -0.000244583 0.999999940 -0.000160056 0.002285390 -0.000190916 0.000160009 0.999999940 0.002649752
1.000000000 0.000150077 0.000178887 -0.001730183 -0.000150062 1.000000000 -0.000083012 0.000968781 -0.000178900 0.000082985 1.000000000 0.001473178
1.000000000 0.000092683 0.000046710 -0.002067217 -0.000092684 1.000000000 0.000019998 0.000486109 -0.000046708 -0.000020002 1.000000000 0.000318305
1.000000000 0.000147795 0.000091111 -0.001551110 -0.000147792 1.000000000 -0.000035806 0.001971676 -0.000091116 0.000035792 1.000000000 0.002439531
0.999999940 0.000181959 0.000186298 -0.001928104 -0.000181947 1.000000000 -0.000063627 0.001842805 -0.000186309 0.000063593 1.000000000 0.001821470
1.000000000 0.000209327 0.000125494 -0.000928087 -0.000209314 1.000000000 -0.000102107 0.002931728 -0.000125515 0.000102081 1.000000000 0.003218572
1.000000000 -0.000004864 0.000057420 0.000284874 0.000004869 1.000000000 -0.000099641 0.000792960 -0.000057420 0.000099641 1.000000000 0.002519580
0.999999821 0.000517775 0.000158775 -0.000006329 -0.000517677 0.999999642 -0.000617515 -0.001670655 -0.000159094 0.000617433 0.999999821 0.052715167
0.999999881 0.000420305 0.000184632 0.001530879 -0.000420073 0.999999106 -0.001252204 -0.002481302 -0.000185158 0.001252126 0.999999225 0.142253682
0.999999523 0.000803864 -0.000565814 0.006979616 -0.000804489 0.999999046 -0.001104508 -0.011258998 0.000564925 0.001104962 0.999999166 0.250456065
0.999999523 0.000774308 -0.000554544 0.010131803 -0.000774911 0.999998987 -0.001087890 -0.014048925 0.000553701 0.001088319 0.999999225 0.382725298
0.999999523 0.000803125 -0.000571729 0.011207750 -0.000803618 0.999999285 -0.000863151 -0.017356317 0.000571035 0.000863610 0.999999404 0.527073085
0.999999940 0.000371729 -0.000119508 0.020811392 -0.000371729 0.999999940 0.000001336 -0.031438414 0.000119509 -0.000001292 1.000000000 0.675345004
1.000000000 0.000035870 -0.000148822 0.026692148 -0.000035845 0.999999940 0.000168190 -0.035233863 0.000148829 -0.000168184 0.999999940 0.836737871
0.999999940 0.000175495 -0.000129088 0.027334612 -0.000175498 1.000000000 -0.000024349 -0.036702365 0.000129084 0.000024372 0.999999940 1.006721497
0.999999881 0.000352539 -0.000227212 0.032836739 -0.000352552 0.999999940 -0.000054882 -0.040958971 0.000227192 0.000054962 0.999999940 1.181263685
0.999999702 0.000804056 0.000044031 0.031160859 -0.000804065 0.999999583 0.000203524 -0.047713645 -0.000043867 -0.000203560 1.000000000 1.380970597
0.999999642 0.000845163 -0.000196040 0.036622353 -0.000845144 0.999999583 0.000096374 -0.049977310 0.000196121 -0.000096208 1.000000000 1.574761748
0.999999464 0.001004446 0.000061327 0.036911365 -0.001004474 0.999999404 0.000459936 -0.059068594 -0.000060865 -0.000459998 0.999999881 1.768956065
0.999999702 0.000694939 0.000052447 0.040125091 -0.000694987 0.999999344 0.000927379 -0.067574061 -0.000051803 -0.000927416 0.999999583 1.966173291
0.999999762 0.000562063 0.000011975 0.046270672 -0.000562077 0.999999166 0.001184285 -0.075460844 -0.000011309 -0.001184291 0.999999285 2.176417351
0.999999583 0.000891721 0.000219546 0.046714351 -0.000891972 0.999998927 0.001148402 -0.079619974 -0.000218522 -0.001148598 0.999999285 2.393156290
0.999999285 0.001174539 0.000314794 0.049969207 -0.001174868 0.999998748 0.001047400 -0.083678491 -0.000313563 -0.001047769 0.999999404 2.619256496
0.999999821 0.000585303 0.000048000 0.060602732 -0.000585336 0.999999523 0.000686186 -0.088020474 -0.000047599 -0.000686214 0.999999702 2.845275164
0.999999821 0.000526733 0.000082177 0.065295868 -0.000526808 0.999999404 0.000907317 -0.093326494 -0.000081699 -0.000907360 0.999999523 3.090767860
0.999999285 0.001175896 0.000185378 0.068756036 -0.001176040 0.999998927 0.000781257 -0.100484833 -0.000184459 -0.000781475 0.999999642 3.334644079
0.999999940 0.000363257 0.000134186 0.074865267 -0.000363402 0.999999344 0.001085798 -0.109213494 -0.000133792 -0.001085847 0.999999404 3.583937407
0.999999762 0.000742077 0.000162671 0.080107808 -0.000742251 0.999999166 0.001073931 -0.115261689 -0.000161874 -0.001074051 0.999999404 3.842925310
0.999999166 0.001140455 0.000532942 0.074970573 -0.001141050 0.999998748 0.001115942 -0.125591740 -0.000531669 -0.001116549 0.999999225 4.095830441
0.999998629 0.001558847 0.000551977 0.079677179 -0.001559492 0.999998152 0.001170653 -0.130643785 -0.000550151 -0.001171512 0.999999166 4.352996349
0.999999046 0.001218155 0.000534972 0.085776135 -0.001218857 0.999998391 0.001313856 -0.142297521 -0.000533371 -0.001314507 0.999998987 4.605959892
0.999998271 0.001630567 0.000823196 0.089479141 -0.001631612 0.999997854 0.001270272 -0.149153352 -0.000821123 -0.001271613 0.999998808 4.864586830
0.999999106 0.001307078 0.000344879 0.099381939 -0.001307682 0.999997616 0.001758440 -0.157368928 -0.000342579 -0.001758889 0.999998391 5.125828743
0.999998987 0.001367395 0.000409230 0.102957420 -0.001367998 0.999997914 0.001476984 -0.162894607 -0.000407209 -0.001477543 0.999998748 5.395147800
0.999998450 0.001659249 0.000764446 0.105969205 -0.001660353 0.999997556 0.001444877 -0.171479240 -0.000762047 -0.001446143 0.999998689 5.659755707
0.999998629 0.001444757 0.000793563 0.107535750 -0.001446058 0.999997616 0.001640819 -0.178854093 -0.000791191 -0.001641965 0.999998331 5.929470062
0.999998331 0.001724648 0.000519091 0.115810953 -0.001725430 0.999997377 0.001510986 -0.186413169 -0.000516484 -0.001511879 0.999998748 6.211118221
0.999997497 0.002079676 0.000844710 0.122061826 -0.002080811 0.999996901 0.001345154 -0.189645275 -0.000841910 -0.001346909 0.999998748 6.504690647
0.999997854 0.001960975 0.000696946 0.124870710 -0.001962234 0.999996424 0.001809747 -0.199713364 -0.000693395 -0.001811111 0.999998033 6.789290428
0.999997199 0.002187676 0.000853670 0.132571936 -0.002188890 0.999996603 0.001423640 -0.201978713 -0.000850553 -0.001425505 0.999998629 7.089617729
0.999997914 0.001924329 0.000701578 0.139180019 -0.001925425 0.999996841 0.001565275 -0.212009728 -0.000698563 -0.001566622 0.999998510 7.389392853
0.999997735 0.001986623 0.000934658 0.142119080 -0.001988302 0.999996543 0.001799023 -0.227921158 -0.000931081 -0.001800878 0.999997973 7.688166618
0.999996960 0.002164659 0.001189765 0.142581552 -0.002166848 0.999996006 0.001842409 -0.236458719 -0.001185772 -0.001844981 0.999997675 7.998413086
0.999996603 0.002266855 0.001295581 0.148754537 -0.002269485 0.999995351 0.002032810 -0.247177035 -0.001290967 -0.002035744 0.999997020 8.313511848
0.999998212 0.001576991 0.001063711 0.160226122 -0.001579245 0.999996543 0.002121344 -0.255894303 -0.001060362 -0.002123020 0.999997139 8.639148712
0.999996841 0.002164672 0.001225281 0.166061625 -0.002166779 0.999996185 0.001721204 -0.258904397 -0.001221550 -0.001723853 0.999997795 8.979710579
0.999997199 0.002174291 0.000978280 0.176679164 -0.002176048 0.999996066 0.001799339 -0.272134155 -0.000974364 -0.001801462 0.999997973 9.319620132
0.999995768 0.002741163 0.000996003 0.183254525 -0.002743364 0.999993801 0.002214617 -0.287316948 -0.000989926 -0.002217340 0.999997079 9.645656586
0.999997020 0.002290778 0.000819521 0.190547496 -0.002292778 0.999994397 0.002448964 -0.297349095 -0.000813907 -0.002450836 0.999996722 10.000536919
0.999996483 0.002530477 0.000813150 0.194267839 -0.002532269 0.999994278 0.002210307 -0.307671338 -0.000807552 -0.002212359 0.999997139 10.356305122
0.999997735 0.002002371 0.000689729 0.205268160 -0.002003901 0.999995470 0.002225250 -0.316752851 -0.000685270 -0.002226627 0.999997258 10.713739395
0.999997735 0.002074281 0.000721496 0.211144075 -0.002075730 0.999995828 0.002013475 -0.325120151 -0.000717316 -0.002014968 0.999997675 11.083559036
0.999997020 0.002358946 0.000660418 0.221356899 -0.002360383 0.999994755 0.002183141 -0.331757456 -0.000655265 -0.002184693 0.999997318 11.455795288
0.999994099 0.003190973 0.001205829 0.219500259 -0.003193692 0.999992311 0.002259782 -0.341923535 -0.001198609 -0.002263620 0.999996722 11.845293045
0.999995351 0.002814129 0.001119883 0.228972182 -0.002816715 0.999993384 0.002314608 -0.353805989 -0.001113362 -0.002317752 0.999996722 12.229669571
0.999994755 0.002999255 0.001241551 0.240275308 -0.003002587 0.999991834 0.002690180 -0.368874937 -0.001233472 -0.002693894 0.999995649 12.618003845
0.999995053 0.002813631 0.001482386 0.247115821 -0.002817615 0.999992371 0.002692152 -0.375492483 -0.001474801 -0.002696315 0.999995291 13.022149086
0.999995828 0.002404179 0.001603025 0.259808064 -0.002408523 0.999993443 0.002713647 -0.387625933 -0.001596490 -0.002717496 0.999995053 13.415412903
0.999994040 0.003013080 0.001701165 0.261708379 -0.003017795 0.999991596 0.002776134 -0.398329884 -0.001692786 -0.002781251 0.999994636 13.844584465
0.999994278 0.002866587 0.001781980 0.268383980 -0.002872081 0.999991059 0.003088304 -0.411775023 -0.001773112 -0.003093404 0.999993622 14.259255409
0.999991715 0.003383701 0.002236895 0.273008496 -0.003389755 0.999990582 0.002708122 -0.423778862 -0.002227710 -0.002715682 0.999993801 14.678506851
0.999992907 0.002979738 0.002306477 0.285892308 -0.002986155 0.999991655 0.002783451 -0.432807863 -0.002298164 -0.002790319 0.999993443 15.108651161
0.999992013 0.003053653 0.002576266 0.293791711 -0.003061873 0.999990225 0.003193185 -0.452048272 -0.002566490 -0.003201048 0.999991536 15.539581299
0.999991536 0.002906039 0.002918678 0.304374695 -0.002914227 0.999991834 0.002805226 -0.460859358 -0.002910501 -0.002813708 0.999991775 15.983323097
0.999988914 0.003125673 0.003498439 0.310747594 -0.003137230 0.999989569 0.003303012 -0.474342316 -0.003488078 -0.003313950 0.999988437 16.404909134
0.999985874 0.003683699 0.003815101 0.315291703 -0.003694837 0.999988914 0.002916583 -0.486204058 -0.003804314 -0.002930637 0.999988496 16.854276657
0.999987185 0.003370549 0.003785243 0.330826700 -0.003383394 0.999988496 0.003392057 -0.499021053 -0.003773767 -0.003404821 0.999987006 17.293601990
0.999984622 0.003514466 0.004293313 0.338532448 -0.003529294 0.999987841 0.003451192 -0.509354711 -0.004281132 -0.003466291 0.999984801 17.761228561
0.999984264 0.003081676 0.004699225 0.349633515 -0.003095685 0.999990821 0.002976768 -0.518234730 -0.004690008 -0.002991268 0.999984503 18.229988098
0.999981642 0.003410586 0.005002427 0.368015051 -0.003425652 0.999989629 0.003006225 -0.528080106 -0.004992122 -0.003023307 0.999982953 18.699958801
0.999984920 0.003289849 0.004400640 0.380294174 -0.003303940 0.999989450 0.003198561 -0.540971994 -0.004390072 -0.003213052 0.999985218 19.162092209
0.999980748 0.003741265 0.004945956 0.384255677 -0.003756551 0.999988198 0.003084925 -0.553399622 -0.004934357 -0.003103446 0.999983013 19.636667252
0.999980271 0.004065745 0.004794081 0.389233053 -0.004081906 0.999985933 0.003366080 -0.565059900 -0.004780328 -0.003385582 0.999982893 20.129571915
0.999982238 0.003414495 0.004881264 0.410828561 -0.003431104 0.999988317 0.003398208 -0.581552207 -0.004869604 -0.003414897 0.999982238 20.592441559
0.999984801 0.003381514 0.004356421 0.421129048 -0.003396417 0.999988377 0.003418114 -0.594450891 -0.004344812 -0.003432859 0.999984622 21.096141815
0.999987125 0.003271566 0.003879506 0.435488343 -0.003284332 0.999989152 0.003288684 -0.605923295 -0.003868704 -0.003301383 0.999987066 21.614133835
0.999990046 0.002835311 0.003447457 0.442709386 -0.002847049 0.999990165 0.003404941 -0.616298139 -0.003437768 -0.003414722 0.999988258 22.124372482
0.999992371 0.002680664 0.002827518 0.459552646 -0.002690448 0.999990404 0.003462215 -0.629834294 -0.002818209 -0.003469796 0.999990046 22.631841660
0.999990880 0.003174683 0.002851506 0.460723281 -0.003183373 0.999990284 0.003048310 -0.645349741 -0.002841801 -0.003057360 0.999991238 23.162071228
0.999993563 0.002871183 0.002151643 0.475146204 -0.002879286 0.999988735 0.003772262 -0.664785743 -0.002140788 -0.003778434 0.999990523 23.688213348
0.999997735 0.001329104 0.001691564 0.480037749 -0.001335318 0.999992311 0.003677813 -0.684486508 -0.001686663 -0.003680063 0.999991834 24.208866119
0.999997139 0.002242878 0.000792498 0.507788539 -0.002245569 0.999991655 0.003410412 -0.700325847 -0.000784842 -0.003412182 0.999993861 24.720111847
0.999997497 0.002206783 0.000324035 0.513649166 -0.002207988 0.999990463 0.003768726 -0.717112899 -0.000315716 -0.003769432 0.999992847 25.283208847
0.999996781 0.002491063 -0.000369151 0.517955661 -0.002489752 0.999990761 0.003507228 -0.729035139 0.000377885 -0.003506298 0.999993801 25.820312500
0.999995232 0.003095721 -0.000030585 0.530909538 -0.003095579 0.999987781 0.003878659 -0.750453532 0.000042592 -0.003878546 0.999992490 26.376348495
0.999997079 0.002072619 -0.001253384 0.548865616 -0.002067503 0.999989569 0.004069075 -0.758735895 0.001261804 -0.004066471 0.999990940 26.930231094
0.999996066 0.002123785 -0.001796779 0.561221957 -0.002115813 0.999987900 0.004426686 -0.779112041 0.001806158 -0.004422868 0.999988556 27.482713699
0.999994218 0.002798536 -0.001885629 0.569142699 -0.002790966 0.999988019 0.004005100 -0.787209272 0.001896815 -0.003999814 0.999990225 28.047574997
0.999992490 0.003605082 -0.001432063 0.568382978 -0.003598550 0.999983251 0.004538778 -0.808346629 0.001448402 -0.004533591 0.999988616 28.602296829
0.999993861 0.003421488 -0.000684490 0.562793851 -0.003418017 0.999981582 0.005010717 -0.829175293 0.000701622 -0.005008346 0.999987185 29.141082764
0.999993622 0.003327016 -0.001312516 0.568777263 -0.003320237 0.999981403 0.005134102 -0.850789785 0.001329574 -0.005129712 0.999985933 29.690332413
0.999992847 0.003478461 -0.001482947 0.575264275 -0.003471353 0.999982595 0.004769117 -0.851479352 0.001499511 -0.004763935 0.999987543 30.217323303
0.999990106 0.003912115 -0.002106369 0.596562803 -0.003902699 0.999982476 0.004456324 -0.859603107 0.002123766 -0.004448059 0.999987841 30.776409149
0.999989927 0.003356421 -0.002981035 0.612753391 -0.003342286 0.999983191 0.004734065 -0.870808005 0.002996875 -0.004724055 0.999984324 31.331705093
0.999985218 0.004732787 -0.002657225 0.613948822 -0.004721772 0.999980211 0.004136161 -0.879073381 0.002676749 -0.004123553 0.999987900 31.879434586
0.999989569 0.003462516 -0.002982252 0.627046764 -0.003448821 0.999983549 0.004585030 -0.899495006 0.002998080 -0.004574697 0.999985039 32.446971893
0.999986887 0.003173129 -0.004017842 0.632159710 -0.003152925 0.999982476 0.005025193 -0.921363056 0.004033716 -0.005012459 0.999979317 32.972053528
0.999984622 0.004023320 -0.003815797 0.652558923 -0.004007485 0.999983370 0.004148644 -0.928783774 0.003832423 -0.004133289 0.999984026 33.548271179
0.999985754 0.004360287 -0.003072905 0.649267614 -0.004345852 0.999979556 0.004688384 -0.941716552 0.003093284 -0.004674963 0.999984264 34.095085144
0.999982238 0.004697038 -0.003665812 0.657066703 -0.004681286 0.999979854 0.004293717 -0.954199791 0.003685906 -0.004276481 0.999984026 34.641990662
0.999981523 0.004630581 -0.003925514 0.670308948 -0.004614280 0.999980748 0.004151519 -0.972768784 0.003944664 -0.004133329 0.999983668 35.168319702
0.999984622 0.003792604 -0.004049397 0.675063133 -0.003774109 0.999982476 0.004565455 -0.985358119 0.004066640 -0.004550103 0.999981403 35.710735321
0.999983251 0.004039426 -0.004135299 0.681676984 -0.004019450 0.999980271 0.004827532 -1.000621080 0.004154718 -0.004810830 0.999979794 36.259647369
0.999984443 0.003329859 -0.004479955 0.692429781 -0.003311025 0.999985695 0.004205276 -1.016625643 0.004493893 -0.004190377 0.999981046 36.840854645
0.999981165 0.004074602 -0.004599507 0.695906997 -0.004056549 0.999984145 0.003927885 -1.027055740 0.004615438 -0.003909152 0.999981701 37.394863129
0.999983609 0.003629194 -0.004414327 0.714894474 -0.003612500 0.999986291 0.003784032 -1.041808486 0.004428000 -0.003768024 0.999983072 37.952796936
0.999983013 0.003101019 -0.004920813 0.726277232 -0.003080029 0.999986053 0.004267699 -1.058836222 0.004933978 -0.004252471 0.999978781 38.499782562
0.999983668 0.003227083 -0.004728447 0.731388450 -0.003207725 0.999986351 0.004095749 -1.066029429 0.004741601 -0.004080514 0.999980450 39.056159973
0.999982119 0.003908929 -0.004518872 0.741230369 -0.003890548 0.999984145 0.004069432 -1.085647583 0.004534707 -0.004051778 0.999981523 39.593372345
0.999983907 0.003740164 -0.004272552 0.748823047 -0.003723590 0.999985456 0.003880788 -1.100905776 0.004287004 -0.003864816 0.999983370 40.140132904
0.999981105 0.003513427 -0.005037273 0.759274721 -0.003492109 0.999984860 0.004234781 -1.125403643 0.005052075 -0.004217110 0.999978364 40.672195435
0.999982238 0.003458861 -0.004865469 0.767411351 -0.003440822 0.999987125 0.003711134 -1.131930590 0.004878243 -0.003694327 0.999981344 41.231773376
0.999981284 0.003375178 -0.005098366 0.776985943 -0.003354895 0.999986589 0.003981664 -1.148196578 0.005111736 -0.003964486 0.999979079 41.763858795
0.999979734 0.003731370 -0.005152803 0.789714992 -0.003712332 0.999986231 0.003699433 -1.156454325 0.005166535 -0.003680229 0.999979854 42.325180054
0.999981463 0.003513906 -0.004971273 0.795198619 -0.003495296 0.999986947 0.003747235 -1.174339771 0.004984376 -0.003729790 0.999980628 42.854633331
0.999979556 0.003627290 -0.005268301 0.811441779 -0.003605431 0.999984801 0.004152935 -1.192948461 0.005283285 -0.004133855 0.999977469 43.449756622
0.999980330 0.003045435 -0.005486057 0.817449987 -0.003022083 0.999986351 0.004259877 -1.208809853 0.005498954 -0.004243213 0.999975860 44.002281189
0.999979794 0.003963574 -0.004965727 0.830004454 -0.003943711 0.999984205 0.004003523 -1.222346067 0.004981517 -0.003983859 0.999979675 44.534877777
0.999978185 0.003956388 -0.005276266 0.836227298 -0.003934185 0.999983370 0.004211997 -1.240355849 0.005292843 -0.004191148 0.999977231 45.075588226
0.999976754 0.003963299 -0.005535792 0.844842553 -0.003943355 0.999985635 0.003608910 -1.247862935 0.005550017 -0.003586997 0.999978185 45.630290985
0.999975979 0.004312460 -0.005411427 0.845124841 -0.004293446 0.999984562 0.003520464 -1.255605221 0.005426527 -0.003497146 0.999979138 46.178440094
0.999976158 0.004548692 -0.005214623 0.847384095 -0.004531127 0.999984026 0.003375551 -1.273606062 0.005229895 -0.003351842 0.999980688 46.714229584
0.999973774 0.005350965 -0.004878237 0.848353148 -0.005336233 0.999981165 0.003027711 -1.280440807 0.004894345 -0.003001600 0.999983490 47.250854492
0.999976158 0.004491691 -0.005244236 0.859034657 -0.004474548 0.999984562 0.003276357 -1.294688821 0.005258872 -0.003252813 0.999980867 47.800907135
0.999975562 0.004943828 -0.004939933 0.858976126 -0.004928265 0.999982834 0.003157790 -1.307037354 0.004955460 -0.003133367 0.999982834 48.341163635
0.999976516 0.004255348 -0.005376420 0.872029662 -0.004238404 0.999985993 0.003158943 -1.320907950 0.005389787 -0.003136081 0.999980509 48.873737335
0.999976635 0.005072132 -0.004585735 0.864970505 -0.005060957 0.999984205 0.002445420 -1.326184511 0.004598067 -0.002422154 0.999986470 49.423591614
0.999973953 0.005932515 -0.004097566 0.868612289 -0.005920490 0.999978125 0.002940473 -1.344959021 0.004114923 -0.002916138 0.999987304 49.955497742
0.999974608 0.005901440 -0.003998962 0.870903492 -0.005889907 0.999978483 0.002889745 -1.356135964 0.004015930 -0.002866118 0.999987841 50.497142792
0.999973774 0.006045062 -0.003971300 0.873008251 -0.006033869 0.999977767 0.002824399 -1.374690175 0.003988285 -0.002800363 0.999988139 51.021533966
0.999973118 0.006094874 -0.004059416 0.879805923 -0.006082552 0.999976873 0.003041274 -1.388413548 0.004077858 -0.003016501 0.999987125 51.559299469
0.999969304 0.006847366 -0.003803229 0.883667707 -0.006835850 0.999972045 0.003032832 -1.398228765 0.003823889 -0.003006740 0.999988198 52.094097137
0.999978185 0.005329479 -0.003900482 0.878754258 -0.005316922 0.999980628 0.003222871 -1.421496153 0.003917584 -0.003202061 0.999987185 52.604713440
0.999972045 0.006551302 -0.003586925 0.900888622 -0.006539021 0.999972880 0.003424586 -1.432486653 0.003609261 -0.003401037 0.999987662 53.159683228
0.999969542 0.007108860 -0.003212613 0.907256961 -0.007099966 0.999970973 0.002771785 -1.446327686 0.003232224 -0.002748891 0.999990940 53.689769745
0.999972701 0.006628841 -0.003263647 0.916637182 -0.006619629 0.999974072 0.002824590 -1.468601465 0.003282286 -0.002802909 0.999990702 54.236663818
0.999972165 0.006428713 -0.003794209 0.944668055 -0.006414530 0.999972463 0.003738446 -1.502336740 0.003818139 -0.003714004 0.999985814 54.766822815
0.999969304 0.007005411 -0.003502813 0.955616713 -0.006993019 0.999969304 0.003536872 -1.520485401 0.003527482 -0.003512268 0.999987602 55.274757385
0.999968946 0.007197074 -0.003206557 0.958830953 -0.007187415 0.999969542 0.003014100 -1.522942901 0.003228153 -0.002990960 0.999990344 55.818946838
0.999967158 0.007299157 -0.003497933 0.967327356 -0.007287360 0.999967754 0.003373396 -1.535478115 0.003522444 -0.003347795 0.999988198 56.334049225
0.999968708 0.007082941 -0.003527011 0.986564815 -0.007070187 0.999968469 0.003615328 -1.562081575 0.003552508 -0.003590278 0.999987245 56.876613617
0.999966621 0.007496690 -0.003240331 0.992300630 -0.007485870 0.999966323 0.003338220 -1.573279738 0.003265248 -0.003313852 0.999989152 57.417125702
0.999967158 0.007168618 -0.003777932 1.017639875 -0.007156336 0.999969125 0.003254418 -1.591954708 0.003801145 -0.003227275 0.999987483 57.958011627
0.999965966 0.007642207 -0.003109789 1.015088797 -0.007631372 0.999964833 0.003481032 -1.611782670 0.003136282 -0.003457182 0.999989092 58.482017517
0.999962986 0.007858085 -0.003489168 1.035607576 -0.007846304 0.999963462 0.003378069 -1.618692040 0.003515586 -0.003350567 0.999988198 59.024318695
0.999966443 0.007500807 -0.003277347 1.045201540 -0.007487757 0.999964058 0.003976331 -1.642195106 0.003307054 -0.003951658 0.999986708 59.567874908
0.999966025 0.007472337 -0.003462563 1.056737065 -0.007461354 0.999967098 0.003174321 -1.652162313 0.003486170 -0.003148378 0.999988973 60.108192444
0.999962628 0.007984672 -0.003300331 1.067911267 -0.007974556 0.999963522 0.003067183 -1.662013650 0.003324701 -0.003040750 0.999989808 60.668788910
0.999960601 0.008244754 -0.003265741 1.071933985 -0.008234641 0.999961317 0.003098564 -1.682024717 0.003291161 -0.003071550 0.999989808 61.203102112
0.999961436 0.008317810 -0.002811264 1.080199242 -0.008309114 0.999960721 0.003090626 -1.692839980 0.002836861 -0.003067148 0.999991238 61.752872467
0.999961138 0.008291372 -0.003005025 1.091115594 -0.008281846 0.999960661 0.003168799 -1.714710474 0.003031180 -0.003143789 0.999990463 62.271732330
0.999958813 0.008613648 -0.002831403 1.100931406 -0.008604676 0.999957979 0.003164826 -1.730215073 0.002858544 -0.003140333 0.999990940 62.806915283
0.999955058 0.009093381 -0.002650757 1.107989311 -0.009084073 0.999952614 0.003502373 -1.747686148 0.002682481 -0.003478136 0.999990344 63.344692230
0.999957144 0.008777823 -0.002930973 1.117362142 -0.008768991 0.999957025 0.003012699 -1.762410641 0.002957292 -0.002986869 0.999991179 63.883621216
0.999957085 0.008824360 -0.002826202 1.127165556 -0.008815297 0.999956012 0.003202355 -1.776915550 0.002854335 -0.003177304 0.999990880 64.418647766
0.999953508 0.009260742 -0.002677911 1.130798101 -0.009252748 0.999952674 0.002982355 -1.788904190 0.002705404 -0.002957439 0.999991894 64.941352844
0.999957204 0.008852053 -0.002694317 1.142724872 -0.008844174 0.999956608 0.002922839 -1.804933071 0.002720073 -0.002898885 0.999992013 65.468780518
0.999955237 0.009038660 -0.002799932 1.152204871 -0.009030558 0.999955058 0.002892984 -1.818325043 0.002825955 -0.002867569 0.999991894 65.999671936
0.999953449 0.009305313 -0.002555198 1.160291553 -0.009298082 0.999952793 0.002827466 -1.832850695 0.002581388 -0.002803575 0.999992728 66.539649963
0.999952435 0.009373503 -0.002686194 1.170879722 -0.009366514 0.999952734 0.002602593 -1.851293921 0.002710463 -0.002577309 0.999992967 67.068092346
0.999951363 0.009481646 -0.002684615 1.180765867 -0.009475179 0.999952197 0.002411252 -1.862522721 0.002707350 -0.002385698 0.999993443 67.605278015
0.999950111 0.009663907 -0.002533450 1.188945293 -0.009658299 0.999950886 0.002215475 -1.878067851 0.002554736 -0.002190895 0.999994338 68.139839172
0.999951899 0.009435106 -0.002668716 1.201118112 -0.009428333 0.999952257 0.002539605 -1.903212309 0.002692552 -0.002514321 0.999993205 68.679145813
0.999950409 0.009563690 -0.002767927 1.211170673 -0.009555413 0.999949872 0.002988078 -1.927843213 0.002796365 -0.002961481 0.999991715 69.166290283
0.999952793 0.009294776 -0.002800948 1.224186778 -0.009287375 0.999953389 0.002643608 -1.942001820 0.002825388 -0.002617470 0.999992609 69.745658875
0.999958277 0.008791627 -0.002474266 1.230314851 -0.008784930 0.999957740 0.002705314 -1.954821825 0.002497947 -0.002683465 0.999993324 70.300827026
0.999951601 0.009502540 -0.002556696 1.240387321 -0.009495066 0.999950647 0.002920846 -1.970433235 0.002584325 -0.002896429 0.999992430 70.811096191
0.999948740 0.009796527 -0.002525344 1.249459863 -0.009789732 0.999948442 0.002688749 -1.986153483 0.002551554 -0.002663889 0.999993205 71.334655762
0.999952853 0.009418841 -0.002369416 1.257607102 -0.009412143 0.999951839 0.002822217 -1.999774933 0.002395885 -0.002799782 0.999993205 71.868789673
0.999947011 0.010086089 -0.002057870 1.259781599 -0.010081094 0.999946177 0.002424223 -2.011414051 0.002082210 -0.002403348 0.999994934 72.405982971
0.999948502 0.009942693 -0.002048156 1.270487428 -0.009938220 0.999948204 0.002182932 -2.021723032 0.002069755 -0.002162464 0.999995530 72.946815491
0.999943674 0.010439987 -0.001869221 1.275730371 -0.010435188 0.999942303 0.002558387 -2.037860394 0.001895824 -0.002538738 0.999994993 73.472091675
0.999943554 0.010496235 -0.001639337 1.285437107 -0.010492061 0.999941766 0.002532806 -2.055519342 0.001665825 -0.002515463 0.999995470 74.004577637
0.999938846 0.010979185 -0.001329842 1.292317986 -0.010975763 0.999936521 0.002553652 -2.068449974 0.001357795 -0.002538900 0.999995828 74.533401489
0.999938130 0.011043733 -0.001319443 1.299520254 -0.011040471 0.999936044 0.002455218 -2.084937811 0.001346473 -0.002440499 0.999996126 75.071105957
0.999934554 0.011387696 -0.001113183 1.308204889 -0.011385147 0.999932587 0.002270655 -2.100694656 0.001138965 -0.002257833 0.999996781 75.593292236
0.999929667 0.011825511 -0.000875690 1.314536572 -0.011823558 0.999927700 0.002200183 -2.114837885 0.000901645 -0.002189674 0.999997199 76.125946045
0.999931216 0.011698816 -0.000766769 1.325056076 -0.011697152 0.999929309 0.002139173 -2.131647110 0.000791741 -0.002130057 0.999997437 76.673805237
0.999926388 0.012100763 -0.000875412 1.332247019 -0.012098977 0.999924719 0.002017318 -2.143795729 0.000899757 -0.002006578 0.999997616 77.218460083
0.999930739 0.011721515 -0.001077885 1.346092463 -0.011719262 0.999929190 0.002073474 -2.155777931 0.001102112 -0.002060698 0.999997199 77.760147095
0.999938726 0.010992856 -0.001248330 1.362539172 -0.010990314 0.999937534 0.002025757 -2.173586607 0.001270522 -0.002011913 0.999997199 78.298828125
0.999928653 0.011916083 -0.000821597 1.363902569 -0.011914160 0.999926388 0.002305467 -2.187147617 0.000849009 -0.002295514 0.999996960 78.853347778
0.999932826 0.011539905 -0.001091404 1.376720548 -0.011537411 0.999930859 0.002266138 -2.203737020 0.001117480 -0.002253394 0.999996781 79.394203186
0.999932349 0.011582163 -0.001041945 1.386910796 -0.011580016 0.999930978 0.002042361 -2.216478109 0.001065528 -0.002030158 0.999997377 79.935813904
0.999931395 0.011708994 -0.000002057 1.396061540 -0.011708969 0.999929905 0.001823981 -2.227692604 0.000023414 -0.001823832 0.999998331 80.482833862
0.999927342 0.011997462 0.001095500 1.409660697 -0.011999229 0.999926686 0.001621094 -2.241950989 -0.001075970 -0.001634121 0.999998093 81.024757385
0.999931812 0.011514015 0.001957098 1.428340554 -0.011517009 0.999932528 0.001525268 -2.259178877 -0.001939404 -0.001547704 0.999996901 81.559165955
0.999931216 0.011283205 0.003182805 1.429700136 -0.011287742 0.999935269 0.001412127 -2.270388603 -0.003166665 -0.001447957 0.999993920 82.111145020
0.999904513 0.011929051 0.006977245 1.443086147 -0.011940098 0.999927521 0.001543938 -2.287511349 -0.006958321 -0.001627100 0.999974489 82.657600403
0.999884844 0.011290032 0.010132492 1.470549107 -0.011305768 0.999934971 0.001497147 -2.298255205 -0.010114930 -0.001611530 0.999947488 83.202842712
0.999845207 0.011307061 0.013482091 1.486917853 -0.011325200 0.999935091 0.001269761 -2.309479475 -0.013466856 -0.001422252 0.999908328 83.744255066
0.999776840 0.011622390 0.017636046 1.514651179 -0.011650677 0.999930918 0.001502060 -2.330204964 -0.017617369 -0.001707197 0.999843359 84.285903931
0.999657631 0.011605873 0.023450198 1.547430754 -0.011645792 0.999930978 0.001566373 -2.340383530 -0.023430403 -0.001838932 0.999723792 84.837272644
0.999481499 0.012021831 0.029870711 1.573271036 -0.012068649 0.999926209 0.001387494 -2.360269785 -0.029851826 -0.001747273 0.999552786 85.365669250
0.999293089 0.012059253 0.035607923 1.612108827 -0.012112155 0.999925852 0.001270321 -2.373294353 -0.035589963 -0.001700712 0.999365032 85.931663513
0.998947322 0.011861967 0.044311345 1.652252197 -0.011937058 0.999927700 0.001430379 -2.389341831 -0.044291180 -0.001957820 0.999016881 86.478294373
0.998540044 0.011941245 0.052680604 1.697691441 -0.011995210 0.999927759 0.000708329 -2.398962736 -0.052668341 -0.001339209 0.998611152 87.026481628
0.998168170 0.011275573 0.059440169 1.744804382 -0.011362887 0.999934793 0.001131132 -2.415969133 -0.059423532 -0.001804471 0.998231351 87.578659058
0.997576237 0.011475678 0.068628706 1.799376011 -0.011556456 0.999932945 0.000780101 -2.432020426 -0.068615146 -0.001571315 0.997641981 88.123252869
0.996825814 0.011810985 0.078731328 1.864861012 -0.011878580 0.999929488 0.000390280 -2.451574802 -0.078721143 -0.001324258 0.996895730 88.659683228
0.996123612 0.011160634 0.087253876 1.932215214 -0.011237493 0.999936759 0.000389702 -2.462862730 -0.087243997 -0.001368706 0.996186018 89.203193665
0.995445073 0.010897215 0.094712064 1.999284744 -0.010939007 0.999940097 -0.000077965 -2.481771469 -0.094707243 -0.000958446 0.995504618 89.743049622
0.994413078 0.011227956 0.104959473 2.075582981 -0.011277911 0.999936402 -0.000117538 -2.495806217 -0.104954109 -0.001066842 0.994476497 90.281875610
0.993237555 0.011712047 0.115507521 2.164781570 -0.011792451 0.999930382 0.000012761 -2.509407520 -0.115499347 -0.001374791 0.993306577 90.826652527
0.992199540 0.010044958 0.124254651 2.256852150 -0.010109175 0.999948919 -0.000113680 -2.532603502 -0.124249443 -0.001143318 0.992250383 91.355209351
0.990613580 0.010846302 0.136260897 2.348953247 -0.010908545 0.999940455 -0.000289922 -2.545691252 -0.136255935 -0.001199208 0.990672886 91.910728455
0.988769233 0.010555306 0.149078012 2.454425812 -0.010599441 0.999943674 -0.000498486 -2.566563845 -0.149074882 -0.001087256 0.988825262 92.471687317
0.987070203 0.009689436 0.159995258 2.565168381 -0.009733292 0.999952495 -0.000509597 -2.580315351 -0.159992591 -0.001054272 0.987117589 93.021492004
0.985398471 0.009950891 0.169973120 2.686394691 -0.009938978 0.999950111 -0.000920977 -2.589502811 -0.169973806 -0.000781829 0.985448182 93.631568909
0.983181119 0.009070969 0.182407916 2.810277939 -0.009124178 0.999958217 -0.000547516 -2.616577148 -0.182405293 -0.001126016 0.983222783 94.163871765
0.980767608 0.009328756 0.194955960 2.940433502 -0.009386541 0.999955773 -0.000627463 -2.632008314 -0.194953158 -0.001214568 0.980811775 94.717269897
0.978703439 0.008628862 0.205097735 3.070964813 -0.008528467 0.999962687 -0.001373492 -2.648004770 -0.205101937 -0.000404928 0.978740513 95.273597717
0.975861192 0.008694704 0.218218505 3.215436935 -0.008546919 0.999962151 -0.001621173 -2.663931131 -0.218224332 -0.000283056 0.975898564 95.810829163
0.972743571 0.007823904 0.231751427 3.367078781 -0.007641850 0.999969304 -0.001683288 -2.680234432 -0.231757537 -0.000133602 0.972773552 96.376930237
0.970077038 0.007739350 0.242674068 3.525197983 -0.007686412 0.999969780 -0.001164954 -2.693593740 -0.242675737 -0.000735197 0.970107198 96.904487610
0.967366695 0.007301764 0.253275096 3.709379196 -0.007137328 0.999973297 -0.001568077 -2.729963779 -0.253279746 -0.000290801 0.967393041 97.447113037
0.963487744 0.007530386 0.267646551 3.875854492 -0.007520439 0.999971151 -0.001062284 -2.749683619 -0.267646760 -0.000989322 0.963516593 97.958854675
0.959922373 0.007345569 0.280169874 4.050235748 -0.007143142 0.999972999 -0.001743619 -2.767096758 -0.280175090 -0.000327554 0.959948897 98.483596802
0.956497014 0.007301012 0.291650772 4.242998123 -0.007094350 0.999973238 -0.001766125 -2.786075830 -0.291655868 -0.000379780 0.956523240 99.066711426
0.952046275 0.007337729 0.305865943 4.443580627 -0.007181086 0.999972880 -0.001637329 -2.804930925 -0.305869699 -0.000637637 0.952073097 99.627532959
0.947520077 0.006555807 0.319629073 4.654592514 -0.006248997 0.999978483 -0.001985478 -2.820131779 -0.319635302 -0.000116080 0.947540641 100.147460938
0.943570912 0.006565856 0.331105769 4.861282349 -0.006046023 0.999978304 -0.002599963 -2.831885815 -0.331115723 0.000451376 0.943590045 100.666603088
0.938816130 0.006970024 0.344348252 5.085901260 -0.006662863 0.999975622 -0.002075372 -2.860735178 -0.344354302 -0.000345953 0.938839853 101.216575623
0.933542192 0.006378324 0.358410984 5.313720703 -0.005989561 0.999979615 -0.002194930 -2.873498678 -0.358417690 -0.000097664 0.933561325 101.725540161
0.928605437 0.005709838 0.371024787 5.547031403 -0.005204489 0.999983668 -0.002363259 -2.886712790 -0.371032208 0.000263541 0.928620040 102.256263733
0.924082875 0.000775663 0.382191300 5.824733734 0.000702409 0.999992728 -0.003727823 -2.923463345 -0.382191449 0.003713272 0.924075723 102.908653259
0.918152511 0.000697927 0.396226674 6.066711426 0.000897361 0.999992192 -0.003840820 -2.938752413 -0.396226287 0.003882017 0.918144763 103.406036377
0.912149251 0.002552419 0.409850299 6.287570953 -0.001411497 0.999994218 -0.003086270 -2.961539984 -0.409855813 0.002236636 0.912147582 103.851776123
0.907540619 0.002025231 0.419959515 6.544956207 -0.000842609 0.999995112 -0.003001526 -2.982925653 -0.419963509 0.002370145 0.907537937 104.328353882
0.901364088 0.001447201 0.433059543 6.790885925 -0.000065741 0.999994874 -0.003204956 -2.993244171 -0.433061868 0.002860363 0.901359618 104.829704285
0.894624949 0.001988743 0.446813166 7.063617706 -0.000515268 0.999994040 -0.003419237 -3.006585598 -0.446817279 0.002828707 0.894620717 105.325088501
0.888784468 -0.001260853 0.458323658 7.333446503 0.003317435 0.999987721 -0.003682217 -3.023436069 -0.458313406 0.004793156 0.888777673 105.807250977
0.882950902 -0.001542491 0.469462782 7.612323761 0.003305805 0.999990284 -0.002931835 -3.043864727 -0.469453722 0.004140619 0.882947385 106.283691406
0.875203073 0.000496854 0.483755440 7.884250641 0.000968383 0.999995649 -0.002779054 -3.061712027 -0.483754724 0.002900697 0.875198781 106.747955322
