1.000000000 0.000000000 0.000000000 0.000000000 0.000000000 1.000000000 0.000000000 0.000000000 0.000000000 0.000000000 1.000000000 0.000000000
1.000000000 0.000001187 -0.000021863 0.001671318 -0.000001186 1.000000000 0.000050014 -0.001812256 0.000021863 -0.000050014 1.000000000 0.001364358
1.000000000 0.000067933 0.000024549 0.000457620 -0.000067934 1.000000000 0.000047347 -0.000488583 -0.000024546 -0.000047349 1.000000000 -0.001443302
1.000000000 0.000086629 -0.000004940 0.002023445 -0.000086629 1.000000000 -0.000024469 -0.000759253 0.000004938 0.000024470 1.000000000 -0.001587798
1.000000000 0.000010248 -0.000081387 0.001759091 -0.000010243 1.000000000 0.000066195 -0.000784789 0.000081388 -0.000066194 1.000000000 -0.000823031
1.000000000 -0.000020005 -0.000048660 -0.001122249 0.000020006 1.000000000 0.000011481 0.000520346 0.000048660 -0.000011482 1.000000000 0.001156189
1.000000000 -0.000044229 -0.000061686 0.000831468 0.000044233 1.000000000 0.000067316 -0.000635761 0.000061683 -0.000067319 1.000000000 -0.000251592
1.000000000 -0.000002437 -0.000025633 0.000503187 0.000002439 1.000000000 0.000063656 -0.000506345 0.000025633 -0.000063656 1.000000000 -0.000787603
1.000000000 0.000119298 -0.000066434 0.002492943 -0.000119295 1.000000000 0.000047726 0.000721716 0.000066440 -0.000047718 1.000000000 -0.002480282
1.000000000 0.000027298 -0.000006966 0.002337617 -0.000027297 1.000000000 0.000068450 0.000048318 0.000006968 -0.000068449 1.000000000 -0.001061899
1.000000000 0.000038155 -0.000002214 0.000944016 -0.000038155 1.000000000 -0.000028450 0.000477848 0.000002213 0.000028450 1.000000000 0.001404055
1.000000000 0.000034577 -0.000033896 0.000352052 -0.000034574 1.000000000 0.000061514 -0.000531959 0.000033898 -0.000061512 1.000000000 -0.000267006
1.000000000 0.000034839 0.000036384 -0.001411726 -0.000034840 1.000000000 0.000005609 0.000014975 -0.000036384 -0.000005610 1.000000000 0.000228549
1.000000000 -0.000093868 -0.000055585 0.000441304 0.000093874 1.000000000 0.000093693 0.000517611 0.000055576 -0.000093698 1.000000000 0.000380133
1.000000000 -0.000013111 -0.000105272 0.002331479 0.000013116 1.000000000 0.000046945 -0.001116127 0.000105272 -0.000046947 1.000000000 -0.002593166
1.000000000 0.000091188 -0.000058867 0.002066643 -0.000091184 1.000000000 0.000076807 0.000885308 0.000058874 -0.000076801 1.000000000 -0.003165004
1.000000000 0.000021051 -0.000030049 0.001446388 -0.000021048 1.000000000 0.000085020 -0.000646819 0.000030051 -0.000085019 1.000000000 -0.003451178
1.000000000 0.000018406 -0.000032792 0.001230464 -0.000018404 1.000000000 0.000038604 0.000048180 0.000032793 -0.000038604 1.000000000 -0.001906906
1.000000000 0.000124027 -0.000019424 0.001584134 -0.000124025 1.000000000 0.000090880 -0.000460839 0.000019436 -0.000090878 1.000000000 -0.002773692
1.000000000 -0.000036960 -0.000090632 0.003145641 0.000036966 1.000000000 0.000063274 -0.000574058 0.000090630 -0.000063278 1.000000000 -0.004465533
1.000000000 -0.000155284 -0.000109581 0.003263308 0.000155299 1.000000000 0.000133506 -0.000075936 0.000109561 -0.000133523 1.000000000 -0.002175821
1.000000000 -0.000099247 -0.000078142 0.001553760 0.000099256 1.000000000 0.000118001 -0.001080378 0.000078130 -0.000118009 1.000000000 -0.004184569
1.000000000 0.000016074 -0.000079136 0.002535166 -0.000016068 1.000000000 0.000077917 0.000220693 0.000079137 -0.000077915 1.000000000 -0.003794488
1.000000000 -0.000031425 -0.000138558 0.002678199 0.000031436 1.000000000 0.000084366 -0.000522926 0.000138555 -0.000084370 1.000000000 -0.004149767
1.000000000 -0.000095319 -0.000093199 0.002922967 0.000095326 1.000000000 0.000076516 -0.000494646 0.000093192 -0.000076525 1.000000000 -0.003299767
1.000000000 0.000032009 -0.000057808 0.001191342 -0.000032006 1.000000000 0.000054403 0.000362117 0.000057810 -0.000054401 1.000000000 -0.001842745
1.000000000 -0.000008604 -0.000035546 0.002850167 0.000008606 1.000000000 0.000058489 0.000256369 0.000035546 -0.000058489 1.000000000 -0.002881337
1.000000000 -0.000077718 -0.000096334 0.002687915 0.000077730 1.000000000 0.000119421 0.000277798 0.000096325 -0.000119429 1.000000000 -0.003457789
1.000000000 -0.000142684 -0.000081966 0.001216988 0.000142689 1.000000000 0.000064609 -0.000390256 0.000081957 -0.000064621 1.000000000 -0.001569893
1.000000000 0.000053060 -0.000124880 0.005039421 -0.000053039 1.000000000 0.000170012 -0.001202033 0.000124889 -0.000170006 1.000000000 -0.007433516
1.000000000 -0.000161731 -0.000176196 0.004067639 0.000161750 1.000000000 0.000106995 -0.000134710 0.000176179 -0.000107024 1.000000000 -0.004716319
1.000000000 -0.000021926 -0.000098203 0.003054099 0.000021935 1.000000000 0.000088857 0.000144007 0.000098201 -0.000088859 1.000000000 -0.006438945
1.000000000 -0.000056006 -0.000080162 0.002502012 0.000056013 1.000000000 0.000093074 0.000206604 0.000080156 -0.000093079 1.000000000 -0.003268801
1.000000000 -0.000039139 -0.000072043 0.002711842 0.000039144 1.000000000 0.000065141 0.001425027 0.000072041 -0.000065144 1.000000000 -0.002323291
1.000000000 -0.000106240 -0.000102080 0.001895834 0.000106249 1.000000000 0.000084109 0.000508498 0.000102072 -0.000084120 1.000000000 -0.003607220
1.000000000 -0.000134199 -0.000112261 0.003146879 0.000134213 1.000000000 0.000126936 -0.001201528 0.000112244 -0.000126951 1.000000000 -0.005003626
1.000000000 -0.000133841 -0.000120388 0.002622155 0.000133850 1.000000000 0.000073873 0.000696237 0.000120378 -0.000073890 1.000000000 -0.003280910
1.000000000 -0.000061545 -0.000149913 0.004285785 0.000061565 1.000000000 0.000135890 -0.000664423 0.000149904 -0.000135899 1.000000000 -0.006154110
1.000000000 -0.000119863 -0.000102299 0.002000351 0.000119873 1.000000000 0.000099321 0.000668164 0.000102287 -0.000099334 1.000000000 -0.003820103
1.000000000 -0.000006601 -0.000074429 0.001015561 0.000006612 1.000000000 0.000138221 -0.000506751 0.000074428 -0.000138222 1.000000000 -0.003709631
1.000000000 -0.000124597 -0.000112150 0.003656496 0.000124610 1.000000000 0.000113137 -0.001660304 0.000112136 -0.000113151 1.000000000 -0.002981522
1.000000000 -0.000164178 -0.000003729 0.002537389 0.000164176 0.999999821 -0.000536769 -0.003575430 0.000003817 0.000536768 0.999999881 0.052684326
1.000000000 -0.000052591 -0.000111050 0.006224747 0.000052470 0.999999404 -0.001086490 -0.006809890 0.000111107 0.001086484 0.999999404 0.136033058
1.000000000 -0.000025580 0.000003466 0.006326485 0.000025585 0.999998987 -0.001416626 -0.009640477 -0.000003429 0.001416626 0.999998987 0.255091310
1.000000000 -0.000043114 -0.000033864 0.010087742 0.000043066 0.999998987 -0.001428699 -0.012563422 0.000033925 0.001428697 0.999998987 0.390014887
1.000000000 0.000001193 -0.000031462 0.010290314 -0.000001230 0.999999344 -0.001166990 -0.017462602 0.000031460 0.001166990 0.999999344 0.525462925
1.000000000 0.000014678 0.000025579 0.015226908 -0.000014652 0.999999523 -0.001002098 -0.023054879 -0.000025594 0.001002098 0.999999523 0.678700626
0.999999940 0.000157192 0.000195007 0.015565590 -0.000157031 0.999999642 -0.000825945 -0.027618352 -0.000195136 0.000825915 0.999999642 0.845029652
0.999999821 0.000525259 0.000303500 0.017596016 -0.000525049 0.999999642 -0.000690481 -0.028082769 -0.000303863 0.000690321 0.999999702 1.022972703
0.999999881 0.000514323 0.000085811 0.024601897 -0.000514275 0.999999702 -0.000556882 -0.034813181 -0.000086097 0.000556838 0.999999821 1.196663618
1.000000000 0.000169312 0.000017521 0.030922912 -0.000169307 0.999999940 -0.000292510 -0.042395979 -0.000017570 0.000292507 0.999999940 1.371089816
0.999999940 0.000181452 -0.000254885 0.041331265 -0.000181493 1.000000000 -0.000162701 -0.050734654 0.000254856 0.000162747 0.999999940 1.554996371
1.000000000 -0.000139558 -0.000076561 0.037315927 0.000139552 1.000000000 -0.000081465 -0.059502136 0.000076572 0.000081455 1.000000000 1.762085557
0.999999881 -0.000279815 -0.000361945 0.047954664 0.000279895 0.999999940 0.000222059 -0.063618377 0.000361883 -0.000222160 0.999999881 1.947843313
1.000000000 0.000013623 0.000049445 0.036764883 -0.000013633 1.000000000 0.000202243 -0.072694331 -0.000049443 -0.000202244 1.000000000 2.160952091
0.999999940 0.000102138 -0.000319905 0.046488464 -0.000102049 0.999999940 0.000279488 -0.070187308 0.000319934 -0.000279455 0.999999881 2.383421898
0.999998152 0.000793845 0.001765983 0.014459983 -0.000794804 0.999999523 0.000542659 -0.072386205 -0.001765552 -0.000544062 0.999998271 2.617412090
0.999997437 0.001085124 0.001990041 0.017829997 -0.001086412 0.999999166 0.000646078 -0.078850418 -0.001989338 -0.000648238 0.999997795 2.848184586
0.999997616 0.001300019 0.001719960 0.022736076 -0.001301714 0.999998629 0.000985060 -0.085544474 -0.001718677 -0.000987297 0.999998033 3.083205462
0.999998271 0.000531690 0.001815995 0.026823012 -0.000533048 0.999999583 0.000747562 -0.089015812 -0.001815596 -0.000748529 0.999998093 3.331657410
0.999998987 0.000561514 0.001305194 0.053395934 -0.000563132 0.999999046 0.001239915 -0.116170488 -0.001304497 -0.001240649 0.999998391 3.553537846
0.999998808 0.000676517 0.001384981 0.058804214 -0.000678342 0.999998868 0.001317656 -0.122078754 -0.001384088 -0.001318594 0.999998212 3.806219578
0.999998629 0.000723895 0.001495023 0.062345929 -0.000725957 0.999998689 0.001379478 -0.127720073 -0.001494022 -0.001380561 0.999997973 4.073196411
0.999998033 0.001022987 0.001709503 0.061333593 -0.001025896 0.999997973 0.001701570 -0.135345221 -0.001707759 -0.001703320 0.999997199 4.334930420
0.999999106 -0.000136434 0.001317775 0.083620153 0.000133837 0.999998033 0.001970400 -0.155969143 -0.001318041 -0.001970222 0.999997199 4.558996201
0.999998271 0.000154583 0.001852940 0.089041129 -0.000158491 0.999997795 0.002109304 -0.166468725 -0.001852610 -0.002109594 0.999996126 4.820844650
0.999998629 -0.000500214 0.001535648 0.100098059 0.000496643 0.999997139 0.002324888 -0.175211132 -0.001536807 -0.002324123 0.999996066 5.075985909
0.999998868 -0.000562716 0.001359541 0.103939645 0.000559471 0.999996901 0.002386040 -0.183258012 -0.001360880 -0.002385277 0.999996245 5.332249165
0.999997437 0.000888374 0.002079782 0.084659755 -0.000894373 0.999995410 0.002885381 -0.209935308 -0.002077209 -0.002887234 0.999993682 5.589658260
0.999997854 0.000886801 0.001859168 0.090383030 -0.000891985 0.999995708 0.002789551 -0.217452258 -0.001856686 -0.002791204 0.999994397 5.860338688
0.999998212 0.000285949 0.001887579 0.097328246 -0.000291737 0.999995112 0.003066617 -0.228247240 -0.001886693 -0.003067162 0.999993563 6.134611607
0.999997318 0.001082732 0.002048905 0.102576248 -0.001088982 0.999994636 0.003051738 -0.232468903 -0.002045590 -0.003053961 0.999993265 6.428905010
0.999996364 0.001182578 0.002430252 0.097624689 -0.001190113 0.999994457 0.003101408 -0.237877354 -0.002426571 -0.003104289 0.999992251 6.717535496
0.999996305 0.001202023 0.002448065 0.112462662 -0.001209797 0.999994159 0.003176813 -0.248612970 -0.002444232 -0.003179763 0.999992013 7.000024796
0.999996543 0.001125622 0.002353974 0.123517968 -0.001133081 0.999994218 0.003169428 -0.259816140 -0.002350393 -0.003172084 0.999992251 7.288456440
0.999998271 0.000466833 0.001796570 0.134305283 -0.000471976 0.999995768 0.002863665 -0.263300896 -0.001795225 -0.002864508 0.999994278 7.558176041
0.999998391 0.000398088 0.001718926 0.141134590 -0.000402857 0.999996066 0.002774647 -0.270427912 -0.001717815 -0.002775335 0.999994695 7.873705387
0.999998331 0.000126112 0.001835454 0.143674701 -0.000131383 0.999995887 0.002871620 -0.277807623 -0.001835084 -0.002871856 0.999994159 8.207600594
0.999998510 0.000103985 0.001734179 0.159243912 -0.000109261 0.999995291 0.003042693 -0.291517556 -0.001733855 -0.003042878 0.999993801 8.516690254
0.999997616 0.000730863 0.002065161 0.156352371 -0.000737548 0.999994516 0.003238139 -0.301385701 -0.002062783 -0.003239654 0.999992609 8.877604485
0.999996305 0.001098939 0.002481191 0.158403382 -0.001107300 0.999993801 0.003370919 -0.314245313 -0.002477471 -0.003373655 0.999991179 9.196393967
0.999997318 0.000242639 0.002312750 0.160064995 -0.000249912 0.999995053 0.003144840 -0.331896573 -0.002311976 -0.003145409 0.999992371 9.515818596
0.999996960 0.000646983 0.002401673 0.168428227 -0.000654655 0.999994636 0.003194738 -0.339834809 -0.002399594 -0.003196300 0.999992013 9.856686592
0.999997020 0.000284317 0.002437836 0.175067186 -0.000291708 0.999995410 0.003031665 -0.348880231 -0.002436963 -0.003032367 0.999992430 10.237243652
0.999997318 0.000640273 0.002233326 0.191395283 -0.000648487 0.999993026 0.003679024 -0.368318141 -0.002230955 -0.003680462 0.999990761 10.565505981
0.999997497 0.000457839 0.002183691 0.200982839 -0.000466430 0.999992073 0.003935326 -0.377916574 -0.002181872 -0.003936334 0.999989867 10.924762726
0.999996543 0.000725672 0.002508553 0.209224433 -0.000735025 0.999992728 0.003729242 -0.387415349 -0.002505828 -0.003731073 0.999989927 11.306716919
0.999996781 0.000623354 0.002453299 0.220471472 -0.000632583 0.999992728 0.003763176 -0.391647488 -0.002450935 -0.003764716 0.999989927 11.653583527
0.999997735 0.000325594 0.002093850 0.233498067 -0.000333958 0.999991894 0.003995349 -0.404473782 -0.002092532 -0.003996039 0.999989867 12.036682129
0.999996424 0.000652417 0.002582352 0.239753410 -0.000662932 0.999991477 0.004072849 -0.413984090 -0.002579673 -0.004074547 0.999988317 12.424019814
0.999997139 0.000501756 0.002321213 0.249626890 -0.000511401 0.999991238 0.004156659 -0.437487185 -0.002319107 -0.004157834 0.999988675 12.813384056
0.999998152 0.000334237 0.001882268 0.267894447 -0.000342053 0.999991298 0.004153701 -0.446971387 -0.001880863 -0.004154337 0.999989569 13.210272789
0.999997079 0.000214059 0.002389402 0.270632952 -0.000224446 0.999990523 0.004347541 -0.459105819 -0.002388449 -0.004348064 0.999987662 13.614287376
0.999996424 0.000556053 0.002637955 0.276182324 -0.000568160 0.999989450 0.004591036 -0.470453978 -0.002635374 -0.004592518 0.999985993 14.031837463
0.999995708 0.000487409 0.002896898 0.281912863 -0.000500481 0.999989688 0.004513608 -0.480100721 -0.002894668 -0.004515039 0.999985576 14.415997505
0.999994576 0.000217713 0.003288292 0.296151519 -0.000233667 0.999988198 0.004852160 -0.496505231 -0.003287197 -0.004852902 0.999982834 14.825379372
0.999994397 0.000265556 0.003377961 0.307466149 -0.000282233 0.999987781 0.004937532 -0.506985068 -0.003376608 -0.004938457 0.999982119 15.263899803
0.999993742 0.000210661 0.003528432 0.324675232 -0.000229665 0.999985456 0.005386342 -0.526632071 -0.003527246 -0.005387119 0.999979317 15.672309875
0.999992311 0.000216564 0.003916703 0.320158303 -0.000239575 0.999982834 0.005875514 -0.553882957 -0.003915363 -0.005876408 0.999975085 16.089221954
0.999990582 0.000657586 0.004277627 0.326581508 -0.000681956 0.999983490 0.005698141 -0.564968824 -0.004273809 -0.005701005 0.999974668 16.534244537
0.999991775 0.000360346 0.004023558 0.346672535 -0.000383041 0.999984026 0.005641344 -0.573877215 -0.004021461 -0.005642840 0.999975979 17.002983093
0.999989569 0.000472069 0.004545419 0.358578473 -0.000499084 0.999982178 0.005944250 -0.593802154 -0.004542532 -0.005946456 0.999971986 17.482858658
0.999989152 0.000501114 0.004642182 0.375642627 -0.000527497 0.999983728 0.005683794 -0.604381621 -0.004639259 -0.005686180 0.999973059 17.945850372
0.999986410 0.000449488 0.005200921 0.387077063 -0.000479731 0.999983013 0.005815146 -0.616494060 -0.005198218 -0.005817562 0.999969602 18.420770645
0.999988496 0.000394678 0.004790579 0.406761169 -0.000421916 0.999983847 0.005686104 -0.628338277 -0.004788257 -0.005688059 0.999972343 18.892204285
0.999985933 0.000733648 0.005247836 0.399481535 -0.000765844 0.999980867 0.006135721 -0.637626767 -0.005243235 -0.006139654 0.999967396 19.314611435
0.999986708 0.000904742 0.005074542 0.413779289 -0.000936029 0.999980569 0.006166444 -0.648666620 -0.005068866 -0.006171111 0.999968112 19.797866821
0.999988616 -0.000063872 0.004761238 0.430377334 0.000034527 0.999980927 0.006163121 -0.661327779 -0.004761542 -0.006162886 0.999969661 20.279830933
0.999989152 0.000644171 0.004617372 0.425616801 -0.000670917 0.999983013 0.005793243 -0.670378983 -0.004613562 -0.005796279 0.999972582 20.734012604
0.999991357 0.000547960 0.004120868 0.438550055 -0.000574362 0.999979317 0.006408401 -0.687192619 -0.004117270 -0.006410713 0.999971032 21.230337143
0.999992371 0.000908288 0.003799098 0.447873890 -0.000931853 0.999980271 0.006205817 -0.698062181 -0.003793386 -0.006209310 0.999973536 21.730276108
0.999995112 -0.001028280 0.002956162 0.475296646 0.001008336 0.999976754 0.006740407 -0.720982730 -0.002963024 -0.006737393 0.999972939 22.136520386
0.999995589 -0.001322368 0.002661151 0.485013157 0.001305558 0.999979258 0.006308695 -0.727072120 -0.002669438 -0.006305193 0.999976575 22.654405594
0.999996841 -0.001994552 0.001531448 0.502061784 0.001985277 0.999979854 0.006034424 -0.738402009 -0.001543453 -0.006031365 0.999980628 23.180137634
0.999996662 -0.001818647 0.001790090 0.477143019 0.001806393 0.999975026 0.006823398 -0.766776323 -0.001802455 -0.006820141 0.999975145 23.540746689
0.999998450 -0.000761644 0.001554041 0.485652387 0.000750947 0.999976039 0.006872501 -0.774749100 -0.001559238 -0.006871323 0.999975204 24.079742432
0.999999762 -0.000614218 0.000413377 0.505465627 0.000611331 0.999975622 0.006949567 -0.783583105 -0.000417636 -0.006949312 0.999975801 24.559921265
1.000000000 -0.000052951 0.000236694 0.494689196 0.000051157 0.999971330 0.007572908 -0.803204358 -0.000237088 -0.007572895 0.999971271 25.020740509
1.000000000 -0.000258130 0.000031453 0.507759750 0.000257881 0.999970615 0.007668814 -0.815143228 -0.000033432 -0.007668806 0.999970615 25.569845200
1.000000000 -0.000345821 0.000000886 0.509628117 0.000345802 0.999965429 0.008311355 -0.826925337 -0.000003760 -0.008311354 0.999965429 26.092073441
0.999998808 -0.000940634 -0.001221581 0.517526686 0.000950424 0.999967158 0.008038151 -0.839256525 0.001213980 -0.008039301 0.999966919 26.567207336
0.999999285 0.000508768 -0.001084711 0.518636823 -0.000500214 0.999968827 0.007871511 -0.850182772 0.001088682 -0.007870963 0.999968410 27.115394592
0.999998629 0.000335131 -0.001611000 0.530519903 -0.000323029 0.999971688 0.007506865 -0.858280718 0.001613471 -0.007506334 0.999970555 27.658311844
0.999993622 -0.002177567 -0.002812927 0.565841258 0.002204725 0.999950647 0.009687926 -0.904578567 0.002791693 -0.009694066 0.999949098 28.012430191
0.999991179 -0.002550195 -0.003322419 0.577052951 0.002583840 0.999945045 0.010162151 -0.916876554 0.003296321 -0.010170647 0.999942839 28.556741714
0.999992788 -0.001494311 -0.003520263 0.582999051 0.001525978 0.999958217 0.009010041 -0.933429360 0.003506653 -0.009015349 0.999953210 29.045646667
0.999991596 -0.001372025 -0.003874079 0.598236561 0.001407237 0.999957502 0.009100879 -0.947778463 0.003861428 -0.009106251 0.999951124 29.601406097
0.999993086 -0.001012028 -0.003570121 0.599932551 0.001045409 0.999955595 0.009360733 -0.971351027 0.003560490 -0.009364402 0.999949813 30.072168350
0.999988675 -0.001398488 -0.004533644 0.622268438 0.001442042 0.999952614 0.009617956 -0.990416944 0.004519979 -0.009624386 0.999943495 30.609500885
0.999989271 -0.001313360 -0.004430971 0.631388426 0.001356069 0.999952495 0.009649572 -1.003970265 0.004418088 -0.009655477 0.999943614 31.150623322
0.999989808 -0.001439401 -0.004282729 0.644178152 0.001481299 0.999950945 0.009795898 -1.024662375 0.004268420 -0.009802142 0.999942839 31.667985916
0.999987006 -0.001321733 -0.004920426 0.654101014 0.001369839 0.999951124 0.009786420 -1.034771323 0.004907251 -0.009793035 0.999940038 32.217948914
0.999989271 -0.000838934 -0.004562276 0.654213190 0.000883185 0.999952495 0.009705993 -1.037357569 0.004553917 -0.009709919 0.999942541 32.774181366
0.999985456 -0.001751861 -0.005088895 0.660037696 0.001803968 0.999945819 0.010252928 -1.069666386 0.005070657 -0.010261960 0.999934494 33.197082520
0.999983609 -0.001946439 -0.005379952 0.675276279 0.002001888 0.999944746 0.010320595 -1.080591679 0.005359568 -0.010331196 0.999932289 33.748210907
0.999984145 -0.001621527 -0.005395005 0.680627704 0.001676257 0.999947071 0.010155533 -1.088208079 0.005378251 -0.010164417 0.999933898 34.293865204
0.999983430 -0.002129599 -0.005345601 0.690712392 0.002184997 0.999943733 0.010378953 -1.095495343 0.005323197 -0.010390462 0.999931812 34.825477600
0.999984622 -0.001282700 -0.005400230 0.684075534 0.001339178 0.999944448 0.010467752 -1.130831361 0.005386502 -0.010474823 0.999930620 35.348487854
0.999982834 -0.001320571 -0.005711068 0.694284678 0.001381129 0.999942720 0.010612705 -1.141456604 0.005696726 -0.010620411 0.999927342 35.905136108
0.999981165 -0.001295312 -0.006001060 0.701905966 0.001360307 0.999940395 0.010839178 -1.155376792 0.005986663 -0.010847137 0.999923229 36.444961548
0.999979079 -0.001695096 -0.006238731 0.714390039 0.001763992 0.999937415 0.011054481 -1.169958234 0.006219601 -0.011065257 0.999919415 36.967643738
0.999978781 -0.000901127 -0.006449212 0.729920805 0.000970885 0.999940991 0.010821538 -1.188206434 0.006439079 -0.010827570 0.999920666 37.508148193
0.999976873 -0.001630476 -0.006600719 0.739020050 0.001703452 0.999937356 0.011065300 -1.199866533 0.006582263 -0.011076288 0.999916971 38.045818329
0.999979436 -0.001318789 -0.006285805 0.740552545 0.001392244 0.999930680 0.011695781 -1.217504025 0.006269945 -0.011704292 0.999911904 38.556751251
0.999977231 -0.001073843 -0.006666251 0.762101173 0.001150706 0.999932826 0.011537048 -1.231658340 0.006653415 -0.011544455 0.999911249 39.122100830
0.999973297 -0.002566666 -0.006833405 0.738169789 0.002651399 0.999919295 0.012419933 -1.295133948 0.006800976 -0.012437719 0.999899507 39.696632385
0.999972880 -0.002763956 -0.006829579 0.748862386 0.002851523 0.999913335 0.012845524 -1.304675460 0.006793484 -0.012864650 0.999894202 40.237979889
0.999972880 -0.002484303 -0.006923017 0.767007113 0.002573331 0.999913752 0.012880678 -1.325342894 0.006890420 -0.012898144 0.999893129 40.768226624
0.999975026 -0.002183357 -0.006731147 0.771324396 0.002268188 0.999917746 0.012620944 -1.316612720 0.006703038 -0.012635895 0.999897718 41.296104431
0.999971509 -0.002053831 -0.007259550 0.729344130 0.002150009 0.999909639 0.013265656 -1.396704793 0.007231648 -0.013280887 0.999885678 41.936973572
0.999971807 -0.002055110 -0.007231615 0.741616428 0.002154647 0.999902666 0.013783338 -1.413519621 0.007202585 -0.013798527 0.999878883 42.490203857
0.999970913 -0.001978815 -0.007360431 0.750782967 0.002079056 0.999904871 0.013636257 -1.421453834 0.007332746 -0.013651162 0.999879956 43.022071838
0.999965310 -0.003059503 -0.007758149 0.766052365 0.003168267 0.999896348 0.014046051 -1.433590889 0.007714372 -0.014070139 0.999871314 43.529380798
0.999975562 -0.001283772 -0.006865586 0.744710684 0.001374638 0.999911249 0.013246702 -1.443254352 0.006847971 -0.013255816 0.999888659 44.062160492
0.999977291 -0.001093667 -0.006645091 0.753092647 0.001179974 0.999914765 0.012998090 -1.447677016 0.006630310 -0.013005637 0.999893486 44.604793549
0.999976695 -0.000744174 -0.006788044 0.766923606 0.000829957 0.999919713 0.012643283 -1.448915839 0.006778090 -0.012648623 0.999897003 45.149383545
0.999977708 -0.001074465 -0.006587719 0.768738568 0.001166981 0.999900520 0.014056011 -1.486434460 0.006571962 -0.014063386 0.999879479 45.654617310
0.999969125 -0.001709472 -0.007673153 0.804525971 0.001810529 0.999911427 0.013182682 -1.457162142 0.007649938 -0.013196168 0.999883592 46.130329132
0.999969840 -0.001386188 -0.007640083 0.808704555 0.001485513 0.999914289 0.013010220 -1.463130713 0.007621394 -0.013021178 0.999886096 46.677768707
0.999969184 -0.001891678 -0.007623232 0.814709544 0.001993979 0.999907672 0.013434465 -1.473647594 0.007597115 -0.013449252 0.999880672 47.231018066
0.999976277 -0.000582251 -0.006868083 0.816033483 0.000673217 0.999911964 0.013249804 -1.482983589 0.006859764 -0.013254113 0.999888599 47.744937897
0.999968827 -0.001375321 -0.007777648 0.836803317 0.001478922 0.999910057 0.013330242 -1.499235868 0.007758615 -0.013341326 0.999880910 48.246799469
0.999974251 -0.000628349 -0.007141539 0.837828815 0.000726432 0.999905288 0.013739826 -1.509834766 0.007132229 -0.013744659 0.999880135 48.777088165
0.999971986 -0.001185980 -0.007389513 0.839371324 0.001282789 0.999913216 0.013109928 -1.514016867 0.007373323 -0.013119038 0.999886811 49.316719055
0.999974489 -0.000861608 -0.007088528 0.843526363 0.000954539 0.999913573 0.013117096 -1.522712469 0.007076612 -0.013123527 0.999888837 49.873107910
0.999970973 -0.001360493 -0.007490251 0.848124206 0.001462063 0.999906838 0.013571572 -1.530484915 0.007471089 -0.013582133 0.999879837 50.324790955
0.999973595 -0.001501133 -0.007115295 0.855779052 0.001593432 0.999914467 0.012984129 -1.533265829 0.007095196 -0.012995124 0.999890387 50.875747681
0.999970913 -0.001317819 -0.007501687 0.863446236 0.001417096 0.999911308 0.013244165 -1.538133144 0.007483569 -0.013254412 0.999884129 51.389019012
0.999970019 -0.001253954 -0.007627281 0.874293804 0.001353926 0.999913096 0.013116258 -1.551010728 0.007610171 -0.013126193 0.999884903 51.926193237
0.999970973 -0.001184103 -0.007516700 0.888565183 0.001282550 0.999913335 0.013105889 -1.563277245 0.007500529 -0.013115150 0.999885798 52.480003357
0.999971986 -0.000824892 -0.007428147 0.878522873 0.000921698 0.999914587 0.013038260 -1.566181183 0.007416756 -0.013044743 0.999887347 52.959606171
0.999972701 -0.000153466 -0.007388733 0.882631660 0.000248341 0.999917507 0.012841209 -1.572146177 0.007386152 -0.012842692 0.999890268 53.513381958
0.999973357 -0.000532389 -0.007279428 0.884968042 0.000626249 0.999916613 0.012897754 -1.579616308 0.007271955 -0.012901969 0.999890327 54.003116608
0.999974310 -0.000469249 -0.007156428 0.889125228 0.000562215 0.999915421 0.012994176 -1.583410978 0.007149725 -0.012997865 0.999889970 54.552536011
0.999975264 -0.000239769 -0.007029854 0.897922277 0.000331987 0.999913812 0.013119723 -1.599664211 0.007026103 -0.013121730 0.999889255 55.102104187
0.999974668 -0.000416149 -0.007104323 0.909561038 0.000506370 0.999919176 0.012702390 -1.602612019 0.007098463 -0.012705665 0.999894083 55.579208374
0.999973774 -0.000414654 -0.007226326 0.920146346 0.000506686 0.999918699 0.012738406 -1.617975712 0.007220457 -0.012741733 0.999892771 56.115539551
0.999971449 -0.000937207 -0.007486441 0.929513097 0.001034960 0.999914169 0.013064077 -1.625956059 0.007473555 -0.013071455 0.999886632 56.662895203
0.999974608 -0.000157351 -0.007122308 0.929601014 0.000249238 0.999916732 0.012902305 -1.628260851 0.007119684 -0.012903752 0.999891400 57.226615906
0.999974310 -0.000478863 -0.007154401 0.926319480 0.000567624 0.999922752 0.012409665 -1.635292768 0.007147906 -0.012413408 0.999897420 57.657173157
0.999973178 -0.000723039 -0.007295876 0.940884113 0.000815103 0.999919951 0.012623666 -1.649800062 0.007286166 -0.012629273 0.999893665 58.189514160
0.999976099 -0.000131717 -0.006918158 0.945381880 0.000218877 0.999920547 0.012599351 -1.654786825 0.006915949 -0.012600564 0.999896705 58.731422424
0.999974787 -0.000359065 -0.007093037 0.938700914 0.000448109 0.999921024 0.012556082 -1.659975052 0.007087969 -0.012558943 0.999895990 59.223003387
0.999976456 0.000060924 -0.006862935 0.950218618 0.000026511 0.999918818 0.012739312 -1.669899702 0.006863154 -0.012739195 0.999895275 59.759403229
0.999973476 0.000089609 -0.007282411 0.960485935 0.000002282 0.999920309 0.012617157 -1.681757689 0.007282962 -0.012616841 0.999893844 60.313556671
0.999975324 0.000575655 -0.007012668 0.964292765 -0.000489012 0.999923587 0.012350701 -1.689138293 0.007019242 -0.012346967 0.999899089 60.851383209
0.999976099 0.000070527 -0.006913472 0.967753172 0.000017486 0.999918997 0.012729734 -1.708171844 0.006913809 -0.012729549 0.999895096 61.330978394
0.999974251 0.000221802 -0.007180346 0.989287615 -0.000126849 0.999912620 0.013221867 -1.727641940 0.007182652 -0.013220614 0.999886811 61.859199524
0.999975026 0.000955558 -0.007003590 0.990997195 -0.000862411 0.999911308 0.013290960 -1.730697155 0.007015670 -0.013284587 0.999887168 62.413471222
0.999975622 0.001595637 -0.006802323 0.988596499 -0.001509668 0.999919176 0.012624671 -1.729274273 0.006821919 -0.012614094 0.999897182 62.977291107
0.999977231 0.000450014 -0.006729633 0.989990115 -0.000363329 0.999917030 0.012876933 -1.761774063 0.006734870 -0.012874196 0.999894440 63.425563812
0.999978900 0.000118416 -0.006492414 1.000134826 -0.000035153 0.999917805 0.012823325 -1.767117620 0.006493399 -0.012822826 0.999896705 63.970996857
0.999978006 0.000127709 -0.006616015 1.012135386 -0.000043644 0.999919295 0.012705008 -1.772601843 0.006617104 -0.012704440 0.999897420 64.519927979
0.999974489 -0.000348416 -0.007136313 1.017350435 0.000441400 0.999914944 0.013032245 -1.786338329 0.007131167 -0.013035061 0.999889672 65.083244324
0.999978304 0.001430287 -0.006433582 1.004705667 -0.001344841 0.999911070 0.013265914 -1.815126181 0.006451984 -0.013256975 0.999891222 65.530136108
0.999978304 0.001138433 -0.006488245 1.014153957 -0.001052184 0.999911249 0.013281027 -1.824064136 0.006502789 -0.013273912 0.999890685 66.077064514
0.999982119 0.002136469 -0.005595426 0.994638503 -0.002063714 0.999913633 0.012976241 -1.831810713 0.005622666 -0.012964461 0.999900103 66.611259460
0.999979734 0.000692845 -0.006339457 1.031031966 -0.000605195 0.999904335 0.013817551 -1.850266933 0.006348425 -0.013813434 0.999884367 67.129058838
0.999979615 0.002346403 -0.005931951 1.001295567 -0.002266834 0.999907851 0.013384682 -1.889009714 0.005962809 -0.013370964 0.999892771 67.589538574
0.999977708 0.002704594 -0.006108943 1.008294582 -0.002620544 0.999902368 0.013724779 -1.896509647 0.006145468 -0.013708464 0.999887109 68.138389587
0.999976218 0.002524973 -0.006413497 1.025843024 -0.002438350 0.999906123 0.013478288 -1.911302567 0.006446927 -0.013462330 0.999888599 68.663368225
0.999979138 0.002641700 -0.005894346 1.036307693 -0.002561666 0.999904990 0.013544478 -1.920925140 0.005929566 -0.013529095 0.999890924 69.205932617
0.999980092 0.003018925 -0.005527689 1.022413254 -0.002944574 0.999905765 0.013409507 -1.931409597 0.005567650 -0.013392964 0.999894798 69.697059631
0.999979973 0.002658257 -0.005736100 1.028544426 -0.002580962 0.999906361 0.013440972 -1.936178923 0.005771294 -0.013425901 0.999893188 70.246551514
0.999982834 0.003418511 -0.004759958 1.018130779 -0.003353150 0.999900877 0.013672534 -1.945997119 0.004806226 -0.013656341 0.999895155 70.801544189
0.999980628 0.004017917 -0.004736265 1.047687173 -0.003952873 0.999898851 0.013663290 -1.958782673 0.004790683 -0.013644305 0.999895394 71.332557678
0.999983609 0.002918430 -0.004908840 1.070978522 -0.002852975 0.999907613 0.013288657 -1.964028358 0.004947169 -0.013274437 0.999899685 71.938697815
0.999981880 0.003678471 -0.004761766 1.053148270 -0.003613346 0.999900758 0.013613787 -1.986015081 0.004811370 -0.013596334 0.999895990 72.354972839
0.999980211 0.003892019 -0.004934656 1.061322451 -0.003827769 0.999908686 0.012963594 -1.992341995 0.004984659 -0.012944452 0.999903798 72.900947571
0.999981344 0.003194535 -0.005195376 1.080840707 -0.003125954 0.999908566 0.013155320 -2.006075382 0.005236926 -0.013138835 0.999899924 73.417602539
0.999978244 0.004175767 -0.005108020 1.082611084 -0.004109387 0.999907911 0.012937600 -2.007269859 0.005161573 -0.012916327 0.999903262 73.953643799
0.999978840 0.004605083 -0.004579328 1.084256053 -0.004546212 0.999907970 0.012784120 -2.012616396 0.004637778 -0.012763031 0.999907732 74.542152405
0.999981701 0.003652471 -0.004821818 1.113160253 -0.003587216 0.999902785 0.013473241 -2.022103310 0.004870560 -0.013455697 0.999897540 74.979873657
0.999980450 0.002481818 -0.005741522 1.129757881 -0.002402482 0.999902129 0.013783791 -2.034767628 0.005775169 -0.013769727 0.999888420 75.528152466
0.999983072 0.003489872 -0.004663456 1.133954525 -0.003426205 0.999901772 0.013591046 -2.039405346 0.004710429 -0.013574837 0.999896705 76.073715210
0.999982476 0.003869881 -0.004480980 1.131141186 -0.003810125 0.999904692 0.013267987 -2.046174526 0.004531899 -0.013250680 0.999901950 76.596153259
0.999982297 0.004787979 -0.003514325 1.144457936 -0.004740552 0.999899268 0.013381871 -2.037861347 0.003578043 -0.013364975 0.999904275 77.213760376
0.999981403 0.004608677 -0.003993462 1.144306898 -0.004555613 0.999902546 0.013196424 -2.068483829 0.004053891 -0.013177985 0.999904931 77.655471802
0.999985099 0.003966227 -0.003727876 1.154415846 -0.003916643 0.999904990 0.013215477 -2.072308302 0.003779938 -0.013200681 0.999905646 78.193145752
0.999984980 0.004964299 -0.002315348 1.160347581 -0.004933533 0.999901891 0.013109273 -2.082417011 0.002380200 -0.013097653 0.999911368 78.723152161
0.999987125 0.004988519 -0.000954134 1.176676750 -0.004975392 0.999899149 0.013298518 -2.094303131 0.001020378 -0.013293599 0.999911070 79.277595520
0.999986410 0.005142701 0.000871874 1.179499865 -0.005153719 0.999900341 0.013144758 -2.106206179 -0.000804188 -0.013149071 0.999913216 79.799301147
0.999967933 0.006156131 0.005121090 1.192471147 -0.006224211 0.999890983 0.013386127 -2.114977837 -0.005038126 -0.013417570 0.999897301 80.349143982
0.999944568 0.005696471 0.008853282 1.213254213 -0.005815629 0.999891996 0.013492162 -2.123953819 -0.008775468 -0.013542901 0.999869823 80.896415710
0.999918640 0.005591729 0.011467258 1.233062267 -0.005740143 0.999899685 0.012950668 -2.125984192 -0.011393691 -0.013015437 0.999850333 81.419296265
0.999832809 0.006343016 0.017151672 1.257886529 -0.006570252 0.999890924 0.013224793 -2.132331371 -0.017065918 -0.013335272 0.999765396 82.022178650
0.999731779 0.005940944 0.022382613 1.284232855 -0.006239238 0.999892354 0.013280882 -2.152868271 -0.022301299 -0.013416968 0.999661386 82.506462097
0.999588072 0.006174767 0.028025925 1.314130783 -0.006551611 0.999889076 0.013374401 -2.162004471 -0.027940236 -0.013552507 0.999517739 83.058120728
0.999406934 0.006305111 0.033853300 1.340444088 -0.006746542 0.999893486 0.012941161 -2.165065765 -0.033768095 -0.013161879 0.999342978 83.599525452
0.999117792 0.006278772 0.041524388 1.382708788 -0.006809603 0.999896765 0.012654526 -2.170686722 -0.041440647 -0.012926128 0.999057293 84.158111572
0.998761177 0.005858310 0.049413860 1.434980631 -0.006483516 0.999900818 0.012501675 -2.184504986 -0.049335714 -0.012806563 0.998700082 84.697669983
0.998375356 0.006178424 0.056643635 1.479637146 -0.006911862 0.999894619 0.012761524 -2.193576336 -0.056558829 -0.013132304 0.998312831 85.249588013
0.997842968 0.006324980 0.065341890 1.537475109 -0.007123884 0.999902666 0.012000781 -2.200033188 -0.065259628 -0.012440383 0.997790754 85.787124634
0.997104347 0.006632614 0.075755700 1.588417053 -0.007616914 0.999890149 0.012711531 -2.214495182 -0.075663082 -0.013251750 0.997045338 86.332695007
0.996419191 0.006345565 0.084311709 1.654881477 -0.007457545 0.999889255 0.012880531 -2.224796772 -0.084220625 -0.013463168 0.996356189 86.879196167
0.995705962 0.006303227 0.092357785 1.722797871 -0.007479299 0.999895155 0.012393277 -2.231177807 -0.092270002 -0.013030830 0.995648801 87.436103821
0.994610667 0.006791278 0.103457488 1.804364204 -0.008165470 0.999883890 0.012864937 -2.263150215 -0.103358120 -0.013640382 0.994550645 87.966285706
0.993518472 0.006447005 0.113487497 1.889892578 -0.007954869 0.999885857 0.012838777 -2.276334763 -0.113391779 -0.013658340 0.993456542 88.507438660
0.992368460 0.006833405 0.123118617 1.968956947 -0.008430771 0.999886870 0.012457915 -2.274627924 -0.123019554 -0.013400826 0.992313743 89.086250305
0.990897477 0.006871553 0.134442449 2.072684288 -0.008577611 0.999889731 0.012114760 -2.281830788 -0.134344384 -0.013157680 0.990847349 89.581031799
0.989193797 0.006853203 0.146453440 2.182532310 -0.008746877 0.999886215 0.012290152 -2.297867775 -0.146352544 -0.013438352 0.989141226 90.154731750
0.987527013 0.006171788 0.157328203 2.294791222 -0.008183171 0.999892831 0.012140078 -2.307132006 -0.157236427 -0.013276100 0.987471819 90.702239990
0.985762537 0.006542273 0.168016002 2.397949219 -0.008721083 0.999887168 0.012233259 -2.315771103 -0.167916983 -0.013524370 0.985708356 91.267730713
0.983467638 0.006187485 0.180978268 2.520768166 -0.008445556 0.999895751 0.011709093 -2.322669744 -0.180886969 -0.013043975 0.983417392 91.794883728
0.981112659 0.006702439 0.193321094 2.674203873 -0.009167055 0.999887705 0.011857094 -2.331190586 -0.193219915 -0.013405331 0.981063843 92.437973022
0.979056954 0.006208766 0.203491434 2.805539131 -0.008743328 0.999894917 0.011558735 -2.338674545 -0.203398272 -0.013095853 0.979008496 92.978645325
0.976303637 0.005568747 0.216333300 2.961301804 -0.008248690 0.999900043 0.011487072 -2.355072737 -0.216247678 -0.012999338 0.976252079 93.503547668
0.973303676 0.005113658 0.229464471 3.100900650 -0.007983509 0.999901116 0.011580121 -2.376960278 -0.229382560 -0.013102907 0.973248124 93.988121033
0.970350087 0.006590684 0.241613895 3.297319412 -0.009803443 0.999878764 0.012097347 -2.413302660 -0.241504848 -0.014107309 0.970297039 94.579414368
0.967114627 0.006556552 0.254256278 3.457546234 -0.009939699 0.999878347 0.012023592 -2.421826839 -0.254146516 -0.014155423 0.967062116 95.101112366
0.963270783 0.006957796 0.268441826 3.617635727 -0.010672501 0.999866366 0.012381235 -2.438915968 -0.268319815 -0.014791426 0.963216305 95.613471985
0.960052252 0.005128286 0.279773742 3.826351166 -0.008541810 0.999903202 0.010983137 -2.407771587 -0.279690355 -0.012934162 0.960003138 96.297203064
0.956820428 0.003973464 0.290652573 4.017957687 -0.007598234 0.999906778 0.011343619 -2.423981190 -0.290580392 -0.013062252 0.956761420 96.836540222
0.952473462 0.003580065 0.304600388 4.208667755 -0.007297531 0.999912143 0.011066814 -2.433300972 -0.304533958 -0.012763677 0.952416003 97.356491089
0.947883546 0.004811402 0.318580717 4.421194077 -0.008604902 0.999907851 0.010501218 -2.433507442 -0.318500847 -0.012695287 0.947837591 97.940727234
0.944056451 0.004789383 0.329749316 4.620304108 -0.008780624 0.999905109 0.010615568 -2.444491386 -0.329667181 -0.012917100 0.944008887 98.440689087
0.939524412 0.003053222 0.342468321 4.827985764 -0.007119380 0.999918222 0.010616629 -2.434610844 -0.342407852 -0.012412745 0.939469516 98.977340698
0.934265554 0.004467119 0.356550038 5.034095764 -0.008588739 0.999913394 0.009977368 -2.459289074 -0.356474519 -0.012383827 0.934222937 99.478088379
0.929598451 0.001608931 0.368570447 5.272039413 -0.005956722 0.999925435 0.010658880 -2.453240395 -0.368525863 -0.012103949 0.929538727 99.987960815
0.925320089 0.002841064 0.379176229 5.557983398 -0.007227911 0.999922335 0.010146434 -2.470185280 -0.379118025 -0.012129352 0.925268829 100.616149902
0.919615030 0.002492466 0.392812937 5.795190811 -0.006989737 0.999925375 0.010018989 -2.474785328 -0.392758608 -0.011959272 0.919563890 101.115882874
0.913988352 0.001534325 0.405737519 6.037513733 -0.006211491 0.999928474 0.010211074 -2.488037586 -0.405692846 -0.011853036 0.913932621 101.585617065
0.908703148 0.001759964 0.417439163 6.299602509 -0.006168884 0.999938548 0.009212908 -2.496642590 -0.417397290 -0.010946932 0.908658147 102.140304565
0.902205527 0.001904859 0.431302130 6.555732727 -0.006722176 0.999930859 0.009645347 -2.507982969 -0.431253940 -0.011601373 0.902155936 102.621528625
0.895465732 0.000864719 0.445129454 6.832496643 -0.005633215 0.999940038 0.009389818 -2.520615578 -0.445094675 -0.010915768 0.895416915 103.085273743
0.889287293 0.000730045 0.457348347 7.100341797 -0.005544227 0.999942482 0.009184264 -2.527163744 -0.457315266 -0.010703092 0.889240146 103.598411560
0.883437455 0.000565555 0.468548656 7.362766266 -0.004851125 0.999956667 0.007939701 -2.473266602 -0.468523860 -0.009287218 0.883401990 104.117317200
0.876349986 0.000385494 0.481674850 7.649650574 -0.004592915 0.999960899 0.007555971 -2.483611584 -0.481653094 -0.008833966 0.876317382 104.586410522
