1.000000000 0.000000000 0.000000000 0.000000000 0.000000000 1.000000000 0.000000000 0.000000000 0.000000000 0.000000000 1.000000000 0.000000000
1.000000000 0.000011639 -0.000119830 0.001118027 -0.000011650 1.000000000 -0.000095366 0.000187263 0.000119828 0.000095367 1.000000000 -0.002155046
1.000000000 0.000118746 -0.000024360 0.000453962 -0.000118745 1.000000000 0.000037874 -0.000453819 0.000024364 -0.000037872 1.000000000 -0.001058877
1.000000000 -0.000051194 -0.000043558 0.000699282 0.000051197 1.000000000 0.000076110 -0.000757162 0.000043554 -0.000076112 1.000000000 -0.002233715
1.000000000 -0.000126229 -0.000039679 0.000584451 0.000126226 1.000000000 -0.000068320 0.000366642 0.000039688 0.000068315 1.000000000 -0.000164999
1.000000000 -0.000148359 0.000082069 0.000200776 0.000148356 1.000000000 0.000039423 -0.000167905 -0.000082075 -0.000039410 1.000000000 0.000215944
1.000000000 0.000029270 0.000062362 0.000632081 -0.000029266 1.000000000 -0.000067270 0.000604092 -0.000062364 0.000067268 1.000000000 -0.000120463
1.000000000 -0.000211882 0.000065528 0.000795728 0.000211878 1.000000000 0.000074818 -0.000678163 -0.000065543 -0.000074804 1.000000000 -0.001605201
1.000000000 -0.000148910 0.000002506 0.001221829 0.000148910 1.000000000 0.000000862 0.000792392 -0.000002506 -0.000000861 1.000000000 0.001311527
1.000000000 0.000014417 -0.000087002 0.001402880 -0.000014409 1.000000000 0.000100432 -0.000627933 0.000087003 -0.000100430 1.000000000 -0.000879673
1.000000000 0.000044750 0.000040714 -0.000634085 -0.000044747 1.000000000 -0.000089041 0.001702485 -0.000040718 0.000089039 1.000000000 0.001544679
1.000000000 -0.000046417 -0.000029092 -0.000021296 0.000046421 1.000000000 0.000104915 -0.000530152 0.000029087 -0.000104916 1.000000000 0.000174206
1.000000000 -0.000113540 0.000110523 -0.000808908 0.000113530 1.000000000 0.000087272 0.000135662 -0.000110533 -0.000087260 1.000000000 0.001419060
1.000000000 0.000043459 0.000066871 -0.000196828 -0.000043470 1.000000000 0.000172083 -0.001093937 -0.000066864 -0.000172086 1.000000000 -0.001670288
1.000000000 -0.000084708 0.000085658 0.000023477 0.000084693 1.000000000 0.000176628 -0.001444881 -0.000085673 -0.000176621 1.000000000 -0.001407677
0.999999940 0.000193203 0.000286049 -0.001036301 -0.000193237 1.000000000 0.000119010 0.000014217 -0.000286026 -0.000119065 0.999999940 0.000961962
1.000000000 0.000032153 0.000090337 -0.000300070 -0.000032173 1.000000000 0.000224964 -0.000772131 -0.000090330 -0.000224967 1.000000000 0.000049709
1.000000000 0.000145244 0.000014549 -0.000027776 -0.000145247 0.999999940 0.000201047 -0.000845493 -0.000014519 -0.000201049 1.000000000 -0.001068548
1.000000000 0.000029470 0.000171593 -0.001013994 -0.000029473 1.000000000 0.000018705 0.000402134 -0.000171593 -0.000018710 1.000000000 0.000478116
1.000000000 0.000170817 0.000153101 -0.000835404 -0.000170813 1.000000000 -0.000026334 0.000612066 -0.000153105 0.000026308 1.000000000 0.000214362
1.000000000 -0.000090200 -0.000091716 0.000812205 0.000090205 1.000000000 0.000055579 -0.000047530 0.000091711 -0.000055587 1.000000000 -0.000152145
1.000000000 -0.000004109 0.000065849 -0.000107238 0.000004098 1.000000000 0.000159601 -0.000874302 -0.000065850 -0.000159601 1.000000000 -0.000580432
0.999999940 0.000154973 0.000226510 -0.001596796 -0.000155010 1.000000000 0.000163933 0.000492449 -0.000226485 -0.000163968 0.999999940 0.000147842
1.000000000 0.000129429 0.000090615 -0.000123573 -0.000129448 1.000000000 0.000206709 -0.000733839 -0.000090588 -0.000206720 1.000000000 -0.001011783
1.000000000 0.000159229 -0.000001744 0.000485967 -0.000159229 1.000000000 0.000113720 -0.000212203 0.000001762 -0.000113720 1.000000000 -0.001955001
1.000000000 0.000229875 -0.000009897 -0.000027952 -0.000229876 1.000000000 -0.000078914 0.001308368 0.000009879 0.000078916 1.000000000 0.000811361
0.999999881 0.000488144 0.000204205 -0.001855948 -0.000488145 0.999999881 0.000006254 0.000831615 -0.000204202 -0.000006353 1.000000000 0.001785575
1.000000000 0.000159828 0.000046513 -0.001284998 -0.000159833 1.000000000 0.000106035 0.001273246 -0.000046496 -0.000106043 1.000000000 0.002736918
1.000000000 0.000173636 -0.000051952 0.000728942 -0.000173635 1.000000000 0.000013199 0.000979640 0.000051955 -0.000013190 1.000000000 0.000442098
0.999999940 0.000255099 0.000028519 0.000034417 -0.000255103 0.999999940 0.000139893 -0.000675558 -0.000028483 -0.000139901 1.000000000 -0.002110452
1.000000000 0.000009664 -0.000040274 0.000705079 -0.000009663 1.000000000 0.000021345 0.000562971 0.000040274 -0.000021345 1.000000000 0.000409026
1.000000000 0.000097140 0.000040012 0.001401077 -0.000097142 1.000000000 0.000049001 -0.000269244 -0.000040007 -0.000049005 1.000000000 -0.001837493
1.000000000 0.000046688 -0.000124653 0.001186016 -0.000046669 1.000000000 0.000155170 -0.000407713 0.000124660 -0.000155164 1.000000000 0.000120910
1.000000000 0.000067235 -0.000053115 0.000990587 -0.000067228 1.000000000 0.000134770 -0.000284249 0.000053124 -0.000134767 1.000000000 -0.000507909
1.000000000 0.000223950 0.000048656 0.000466648 -0.000223954 1.000000000 0.000071865 0.000635923 -0.000048640 -0.000071876 1.000000000 -0.001240723
1.000000000 0.000037849 0.000073268 -0.001083390 -0.000037845 1.000000000 -0.000059441 0.002443241 -0.000073270 0.000059439 1.000000000 0.003358020
1.000000000 -0.000008606 0.000030283 0.000480274 0.000008601 1.000000000 0.000164545 -0.000383210 -0.000030284 -0.000164545 1.000000000 -0.001390798
1.000000000 -0.000066765 -0.000029678 0.000761916 0.000066765 1.000000000 -0.000013110 0.001171902 0.000029679 0.000013108 1.000000000 0.000363633
1.000000000 -0.000073542 0.000179271 0.000143129 0.000073523 1.000000000 0.000104108 -0.000171587 -0.000179279 -0.000104095 1.000000000 0.001574029
0.999999940 -0.000382831 0.000138442 0.001765264 0.000382919 0.999999702 -0.000630767 -0.002394455 -0.000138200 0.000630820 0.999999821 0.051631488
0.999999940 0.000261468 0.000233925 0.001012606 -0.000261215 0.999999404 -0.001079894 -0.007427379 -0.000234207 0.001079833 0.999999404 0.134046271
0.999999940 0.000386032 -0.000130586 0.005840527 -0.000386223 0.999998868 -0.001464176 -0.007326292 0.000130021 0.001464227 0.999998927 0.251699448
0.999999762 0.000713052 0.000097038 0.005110903 -0.000712942 0.999999106 -0.001124487 -0.013134987 -0.000097840 0.001124418 0.999999344 0.382354200
0.999999940 0.000394525 -0.000133071 0.009987850 -0.000394675 0.999999285 -0.001128493 -0.016131511 0.000132626 0.001128545 0.999999344 0.521753967
0.999999881 0.000497143 0.000028247 0.015184495 -0.000497117 0.999999464 -0.000912728 -0.024857307 -0.000028700 0.000912714 0.999999583 0.674691737
0.999999344 0.000927349 0.000629437 0.015678318 -0.000926764 0.999999166 -0.000928638 -0.026143009 -0.000630298 0.000928054 0.999999344 0.835171998
0.999999821 0.000411830 0.000449365 0.016876107 -0.000411302 0.999999225 -0.001174007 -0.025567964 -0.000449848 0.001173822 0.999999225 1.013812423
0.999999762 0.000548371 0.000386736 0.022479128 -0.000548253 0.999999821 -0.000306063 -0.038817152 -0.000386904 0.000305851 0.999999881 1.178885937
0.999999702 0.000667631 0.000428140 0.023025695 -0.000667428 0.999999642 -0.000475370 -0.041315474 -0.000428457 0.000475084 0.999999821 1.363207459
1.000000000 0.000144686 0.000033853 0.038015325 -0.000144679 1.000000000 -0.000195483 -0.058052253 -0.000033881 0.000195478 1.000000000 1.548746347
0.999999225 0.001179857 0.000192953 0.034466155 -0.001180056 0.999998748 0.001035993 -0.074594527 -0.000191731 -0.001036220 0.999999464 1.715281725
0.999999404 0.001139652 -0.000069894 0.041096777 -0.001139559 0.999998510 0.001304290 -0.080432579 0.000071380 -0.001304209 0.999999166 1.914460659
0.999999344 0.001107214 0.000116171 0.045101110 -0.001107307 0.999999046 0.000800476 -0.083062448 -0.000115285 -0.000800604 0.999999702 2.123311996
0.999998510 0.001734078 0.000174650 0.043287020 -0.001734277 0.999997795 0.001141795 -0.089926407 -0.000172669 -0.001142097 0.999999285 2.346850634
0.999998391 0.001797817 -0.000103253 0.052555304 -0.001797686 0.999997556 0.001248327 -0.095930040 0.000105497 -0.001248139 0.999999285 2.573446751
0.999998152 0.001923664 -0.000017333 0.057859477 -0.001923635 0.999996901 0.001502749 -0.104946747 0.000020223 -0.001502713 0.999998927 2.795810461
0.999998927 0.001488294 -0.000027955 0.066161007 -0.001488247 0.999997556 0.001619722 -0.112986654 0.000030366 -0.001619679 0.999998689 3.037621260
0.999999046 0.001321362 -0.000295278 0.071338899 -0.001320867 0.999997735 0.001670107 -0.122111976 0.000297484 -0.001669715 0.999998569 3.272928238
0.999999404 0.001035491 -0.000461688 0.078364290 -0.001034693 0.999998033 0.001723344 -0.131190985 0.000463472 -0.001722865 0.999998391 3.517535925
0.999998808 0.001600153 -0.000135414 0.076106571 -0.001599939 0.999997556 0.001560948 -0.132158756 0.000137911 -0.001560729 0.999998808 3.780614138
0.999998987 0.001443857 -0.000194622 0.083571456 -0.001443594 0.999998033 0.001340929 -0.137706965 0.000196558 -0.001340647 0.999999106 4.040060520
0.999998868 0.001518496 -0.000056359 0.085997097 -0.001518373 0.999996603 0.002129657 -0.149025500 0.000059593 -0.002129569 0.999997735 4.268282413
0.999999106 0.001342639 -0.000076297 0.092696898 -0.001342510 0.999997735 0.001676863 -0.153353915 0.000078548 -0.001676759 0.999998629 4.528672695
0.999999046 0.001372313 -0.000147280 0.101058640 -0.001371985 0.999996603 0.002203238 -0.163381249 0.000150303 -0.002203034 0.999997556 4.785288334
0.999999404 0.001111047 -0.000089805 0.105865009 -0.001110852 0.999997020 0.002141873 -0.169031695 0.000092184 -0.002141772 0.999997675 5.045372486
0.999999285 0.001063914 -0.000440036 0.115924172 -0.001063020 0.999997377 0.002026399 -0.177485824 0.000442191 -0.002025930 0.999997854 5.308181286
0.999999464 0.001001910 -0.000165877 0.114160322 -0.001001439 0.999995470 0.002815694 -0.195017323 0.000168697 -0.002815526 0.999996006 5.574204445
0.999999404 0.001054192 -0.000224708 0.119499750 -0.001053509 0.999994814 0.003019294 -0.205661118 0.000227890 -0.003019055 0.999995351 5.837425709
0.999999642 0.000703317 -0.000427551 0.128064036 -0.000701906 0.999994397 0.003291975 -0.212830901 0.000429864 -0.003291674 0.999994457 6.120892048
0.999999344 0.001125735 -0.000242672 0.128235132 -0.001124977 0.999994516 0.003103378 -0.218450814 0.000246164 -0.003103103 0.999995112 6.411716461
0.999998450 0.001768718 0.000160740 0.130799204 -0.001769212 0.999993563 0.003124447 -0.236296639 -0.000155213 -0.003124726 0.999995053 6.687118053
0.999998569 0.001591523 0.000559873 0.134765610 -0.001593059 0.999994934 0.002753192 -0.240344718 -0.000555489 -0.002754080 0.999996006 6.988715172
0.999998927 0.001495321 0.000246707 0.143527776 -0.001495968 0.999995351 0.002638903 -0.242552564 -0.000242760 -0.002639269 0.999996424 7.295580864
0.999999225 0.001189798 0.000361553 0.151147455 -0.001190800 0.999995410 0.002783512 -0.257000178 -0.000358240 -0.002783941 0.999996066 7.608527660
0.999998987 0.001417272 0.000224123 0.162293851 -0.001418149 0.999991119 0.003960293 -0.276104391 -0.000218508 -0.003960607 0.999992132 7.897522449
0.999999225 0.001153992 0.000381893 0.160608232 -0.001155565 0.999990761 0.004146351 -0.291572362 -0.000377104 -0.004146789 0.999991357 8.221588135
0.999999046 0.001282808 0.000553093 0.168134958 -0.001284893 0.999992073 0.003785600 -0.299885690 -0.000548232 -0.003786307 0.999992728 8.551403999
0.999999046 0.001084789 0.000796570 0.169731453 -0.001088286 0.999989688 0.004402180 -0.312596053 -0.000791787 -0.004403044 0.999989986 8.887886047
0.999998569 0.001513282 0.000647709 0.178946063 -0.001516214 0.999988437 0.004551708 -0.327208519 -0.000640814 -0.004552685 0.999989450 9.215742111
0.999998927 0.001124370 0.000905944 0.180371493 -0.001128633 0.999988258 0.004718529 -0.334007353 -0.000900628 -0.004719547 0.999988377 9.573059082
0.999999464 0.000820878 0.000696679 0.192366317 -0.000824212 0.999988258 0.004798447 -0.343223870 -0.000692732 -0.004799019 0.999988198 9.910926819
0.999998868 0.001236800 0.000852949 0.189305320 -0.001240507 0.999989748 0.004359837 -0.349079669 -0.000847548 -0.004360890 0.999990106 10.284081459
0.999998629 0.001372317 0.000903055 0.198947996 -0.001376454 0.999988556 0.004596235 -0.361405373 -0.000896737 -0.004597472 0.999989033 10.638963699
0.999998629 0.001187508 0.001154623 0.204135746 -0.001192573 0.999989569 0.004396323 -0.366097450 -0.001149391 -0.004397694 0.999989629 11.004438400
0.999996781 0.001976834 0.001591343 0.208408162 -0.001984329 0.999986887 0.004722093 -0.378344297 -0.001581987 -0.004725236 0.999987662 11.379981041
0.999998987 0.000913762 0.001025476 0.221747875 -0.000919052 0.999986231 0.005169386 -0.394751608 -0.001020738 -0.005170323 0.999986053 11.760843277
0.999998212 0.001255328 0.001423326 0.227852166 -0.001262095 0.999987841 0.004762891 -0.402217388 -0.001417330 -0.004764679 0.999987662 12.147765160
0.999998093 0.001235076 0.001487047 0.238014489 -0.001241525 0.999989748 0.004343961 -0.408386350 -0.001481666 -0.004345799 0.999989510 12.541999817
0.999998033 0.001155182 0.001613396 0.239644200 -0.001163745 0.999985218 0.005316569 -0.423451573 -0.001607231 -0.005318437 0.999984562 12.935564041
0.999997437 0.001481285 0.001708313 0.249171019 -0.001489893 0.999986172 0.005048567 -0.432842642 -0.001700811 -0.005051100 0.999985814 13.332393646
0.999998033 0.000854839 0.001795720 0.258387953 -0.000864176 0.999986053 0.005205079 -0.440992951 -0.001791246 -0.005206620 0.999984860 13.744257927
0.999996245 0.001346956 0.002364894 0.261798292 -0.001359843 0.999984205 0.005456066 -0.452213109 -0.002357507 -0.005459263 0.999982238 14.169305801
0.999995291 0.001311021 0.002792819 0.272121966 -0.001326134 0.999984503 0.005416498 -0.464357436 -0.002785674 -0.005420176 0.999981403 14.585576057
0.999995589 0.001211715 0.002761151 0.281505167 -0.001227065 0.999983728 0.005564313 -0.476014465 -0.002754364 -0.005567676 0.999980628 15.021734238
0.999995708 0.001059164 0.002716998 0.295988023 -0.001073439 0.999985576 0.005257979 -0.484532654 -0.002711389 -0.005260873 0.999982476 15.457962990
0.999994338 0.001115540 0.003169370 0.306833565 -0.001131982 0.999985874 0.005190776 -0.495731264 -0.003163536 -0.005194335 0.999981463 15.900778770
0.999994636 0.000876557 0.003134136 0.319579244 -0.000893734 0.999984503 0.005483419 -0.506888151 -0.003129280 -0.005486191 0.999980032 16.344800949
0.999993145 0.001252619 0.003488133 0.327255756 -0.001270847 0.999985516 0.005228449 -0.514520526 -0.003481534 -0.005232847 0.999980211 16.795923233
0.999991596 0.001206623 0.003921618 0.334705114 -0.001227428 0.999985278 0.005307385 -0.525817335 -0.003915155 -0.005312155 0.999978185 17.246461868
0.999990761 0.001083618 0.004152399 0.345819056 -0.001105823 0.999985099 0.005349015 -0.534936190 -0.004146540 -0.005353558 0.999977052 17.707923889
0.999988377 0.001384687 0.004625326 0.353453159 -0.001407519 0.999986827 0.004936650 -0.542666495 -0.004618430 -0.004943104 0.999977052 18.174444199
0.999991477 0.001243353 0.003944051 0.383139133 -0.001265538 0.999983370 0.005627352 -0.557668805 -0.003936989 -0.005632296 0.999976397 18.632852554
0.999984980 0.002042238 0.005081294 0.379494280 -0.002069771 0.999983191 0.005419096 -0.572107553 -0.005070142 -0.005429532 0.999972343 19.104742050
0.999983311 0.001891360 0.005441977 0.392749131 -0.001917357 0.999986768 0.004775905 -0.577425361 -0.005432873 -0.004786260 0.999973774 19.590234756
0.999985814 0.001079985 0.005215171 0.406474620 -0.001107571 0.999985397 0.005289656 -0.589954555 -0.005209383 -0.005295357 0.999972403 20.075763702
0.999986708 0.001752573 0.004836828 0.418685555 -0.001781997 0.999979854 0.006085693 -0.615060329 -0.004826065 -0.006094232 0.999969721 20.561771393
0.999987304 0.001752848 0.004719650 0.427531064 -0.001779565 0.999982357 0.005662718 -0.616895020 -0.004709641 -0.005671045 0.999972880 21.072761536
0.999987900 0.001662712 0.004624689 0.435379982 -0.001689839 0.999981403 0.005867875 -0.625642300 -0.004614845 -0.005875619 0.999972045 21.573499680
0.999990582 0.001678000 0.004009214 0.440965801 -0.001701415 0.999981463 0.005843855 -0.638963938 -0.003999333 -0.005850621 0.999974906 22.065401077
0.999992013 0.002108017 0.003405398 0.457673073 -0.002126744 0.999982595 0.005504976 -0.642664671 -0.003393735 -0.005512176 0.999979019 22.574361801
0.999993086 0.001970374 0.003152845 0.457214773 -0.001988615 0.999981225 0.005792955 -0.660153866 -0.003141371 -0.005799185 0.999978185 23.111829758
0.999993861 0.002372877 0.002588075 0.464401484 -0.002388278 0.999979436 0.005963971 -0.674452424 -0.002573870 -0.005970116 0.999978840 23.640495300
0.999996960 0.001523236 0.001943250 0.478988886 -0.001534062 0.999983251 0.005581590 -0.685970485 -0.001934715 -0.005584554 0.999982536 24.171958923
0.999996305 0.002304695 0.001426176 0.491121262 -0.002313346 0.999978781 0.006094140 -0.699593246 -0.001412101 -0.006097417 0.999980390 24.699928284
0.999996603 0.002575474 0.000084701 0.506535411 -0.002575959 0.999976635 0.006334622 -0.713576794 -0.000068384 -0.006334820 0.999979913 25.245702744
0.999995768 0.002878248 -0.000245007 0.508132160 -0.002876764 0.999978721 0.005854480 -0.718636155 0.000261852 -0.005853751 0.999982834 25.806413651
0.999996364 0.002558635 -0.000786652 0.524077475 -0.002553874 0.999978781 0.005993912 -0.736978531 0.000801972 -0.005991881 0.999981701 26.348613739
0.999998689 0.001506349 -0.000576956 0.527947128 -0.001502500 0.999976933 0.006615613 -0.750372648 0.000586909 -0.006614737 0.999977887 26.894250870
0.999998510 0.001498041 -0.000739609 0.538750648 -0.001492843 0.999974489 0.006978815 -0.767232478 0.000750044 -0.006977701 0.999975324 27.441396713
0.999994934 0.003130742 -0.000613891 0.547692716 -0.003126316 0.999970019 0.007082940 -0.786319673 0.000636047 -0.007080985 0.999974728 27.988031387
0.999995351 0.002766253 -0.001213253 0.546739101 -0.002757747 0.999971986 0.006957300 -0.796539903 0.001232464 -0.006953923 0.999975026 28.521083832
0.999995828 0.002634757 -0.001187315 0.553268790 -0.002626766 0.999974251 0.006682297 -0.804019451 0.001204890 -0.006679150 0.999976993 29.073928833
0.999994040 0.002844123 -0.002009014 0.569156528 -0.002829208 0.999968708 0.007388419 -0.823858500 0.002029965 -0.007382690 0.999970675 29.618034363
0.999994040 0.002804157 -0.002001207 0.570320845 -0.002789797 0.999970615 0.007143174 -0.830333352 0.002021178 -0.007137549 0.999972463 30.165132523
0.999991536 0.003207566 -0.002573729 0.586949348 -0.003188794 0.999968529 0.007265340 -0.846468270 0.002596953 -0.007257071 0.999970317 30.709615707
0.999990702 0.003133220 -0.002936566 0.600262642 -0.003111169 0.999967158 0.007483559 -0.860317469 0.002959917 -0.007474354 0.999967694 31.253797531
0.999988914 0.003305180 -0.003345548 0.610372961 -0.003279468 0.999965250 0.007662046 -0.870704889 0.003370757 -0.007650990 0.999965072 31.805652618
0.999988914 0.003052590 -0.003570403 0.616610765 -0.003027303 0.999970436 0.007066435 -0.877019525 0.003591868 -0.007055548 0.999968708 32.364509583
0.999989033 0.003128318 -0.003462701 0.625576735 -0.003102027 0.999966502 0.007572140 -0.893246055 0.003486273 -0.007561316 0.999965310 32.907245636
0.999987245 0.003258262 -0.003841271 0.638335943 -0.003229836 0.999967456 0.007383353 -0.906309485 0.003865204 -0.007370852 0.999965310 33.445755005
0.999985933 0.003618461 -0.003874802 0.642687559 -0.003589823 0.999966383 0.007372532 -0.912713408 0.003901349 -0.007358518 0.999965310 34.003311157
0.999988377 0.002714953 -0.003976232 0.649847031 -0.002684738 0.999967635 0.007584648 -0.924834013 0.003996696 -0.007573885 0.999963343 34.553207397
0.999986649 0.003073531 -0.004147087 0.660543501 -0.003042960 0.999968231 0.007358093 -0.934333682 0.004169571 -0.007345376 0.999964297 35.087978363
0.999977231 0.002565640 -0.006227651 0.677958846 -0.002521820 0.999972045 0.007034147 -0.945522010 0.006245524 -0.007018283 0.999955893 35.638763428
0.999985933 0.002803552 -0.004496875 0.674800634 -0.002770358 0.999969006 0.007370974 -0.955453396 0.004517401 -0.007358412 0.999962747 36.177738190
0.999982536 0.002962708 -0.005119390 0.688736320 -0.002924619 0.999968171 0.007431615 -0.968722463 0.005141245 -0.007416512 0.999959350 36.719100952
0.999986708 0.003484237 -0.003800843 0.691813350 -0.003455948 0.999966443 0.007424302 -0.978613496 0.003826584 -0.007411067 0.999965250 37.260391235
0.999984443 0.003518353 -0.004313649 0.689947248 -0.003486401 0.999966621 0.007392504 -0.993045568 0.004339514 -0.007377350 0.999963343 37.820667267
0.999986410 0.003072640 -0.004189434 0.698971689 -0.003043372 0.999971092 0.006974520 -1.003134251 0.004210742 -0.006961677 0.999966860 38.368553162
0.999983966 0.003607137 -0.004377158 0.710665941 -0.003576475 0.999969244 0.006992579 -1.014488816 0.004402246 -0.006976812 0.999965906 38.914520264
0.999982774 0.003525575 -0.004690332 0.721259713 -0.003493898 0.999971151 0.006744862 -1.022048593 0.004713976 -0.006728359 0.999966204 39.470935822
0.999984145 0.003052022 -0.004726143 0.719210625 -0.003014968 0.999964833 0.007827600 -1.043386936 0.004749866 -0.007813227 0.999958158 40.001022339
0.999982178 0.003696204 -0.004689850 0.732002378 -0.003657745 0.999959826 0.008182690 -1.062453270 0.004719906 -0.008165391 0.999955535 40.531478882
0.999981463 0.003689243 -0.004825665 0.747035861 -0.003651193 0.999962389 0.007870167 -1.070664406 0.004854518 -0.007852401 0.999957442 41.091384888
0.999981642 0.003612171 -0.004863140 0.740165174 -0.003575583 0.999965310 0.007511265 -1.075330853 0.004890102 -0.007493738 0.999959946 41.658668518
0.999979973 0.003403309 -0.005338352 0.757011712 -0.003362929 0.999965787 0.007554866 -1.093911290 0.005363882 -0.007536762 0.999957204 42.188484192
0.999978364 0.003852681 -0.005330650 0.766012788 -0.003815420 0.999968350 0.006982613 -1.092054605 0.005357383 -0.006962123 0.999961376 42.735713959
0.999977589 0.003417619 -0.005750878 0.773566425 -0.003370056 0.999960184 0.008259950 -1.117102027 0.005778878 -0.008240384 0.999949336 43.308856964
0.999977589 0.004141899 -0.005254045 0.775769472 -0.004100726 0.999960959 0.007823140 -1.127334476 0.005286243 -0.007801419 0.999955535 43.859863281
0.999981940 0.003116638 -0.005134245 0.776112914 -0.003073813 0.999960601 0.008327854 -1.140464306 0.005159997 -0.008311923 0.999952078 44.410778046
0.999980569 0.003193324 -0.005350416 0.785690844 -0.003150031 0.999962330 0.008080560 -1.148337841 0.005376018 -0.008063547 0.999953032 44.965667725
0.999980748 0.003574468 -0.005054992 0.795549035 -0.003533403 0.999961019 0.008109235 -1.159221530 0.005083781 -0.008091220 0.999954343 45.524234772
0.999981165 0.003480005 -0.005060677 0.809415221 -0.003439388 0.999962032 0.008012687 -1.170576811 0.005088370 -0.007995130 0.999955118 46.063442230
0.999981761 0.002968561 -0.005259506 0.811129868 -0.002926221 0.999963343 0.008039611 -1.180322886 0.005283180 -0.008024073 0.999953866 46.632850647
0.999979258 0.003545876 -0.005375598 0.823898792 -0.003502711 0.999961734 0.008017936 -1.191608906 0.005403822 -0.007998940 0.999953449 47.187660217
0.999981761 0.002638581 -0.005423908 0.825060844 -0.002596462 0.999966562 0.007757701 -1.190691948 0.005444195 -0.007743477 0.999955177 47.735370636
0.999980450 0.002852218 -0.005566018 0.835562944 -0.002811889 0.999969840 0.007239906 -1.197474718 0.005586501 -0.007224114 0.999958217 48.298339844
0.999981105 0.002782276 -0.005486171 0.850016356 -0.002739274 0.999965608 0.007830303 -1.209736586 0.005507769 -0.007815126 0.999954283 48.850460052
0.999982297 0.002697543 -0.005305490 0.847415090 -0.002657071 0.999967396 0.007620668 -1.222541690 0.005325873 -0.007606436 0.999956846 49.402389526
0.999982297 0.002638924 -0.005333876 0.857834935 -0.002596596 0.999965310 0.007927082 -1.234277010 0.005354610 -0.007913092 0.999954283 49.953510284
0.999983251 0.002396797 -0.005287505 0.866255522 -0.002356941 0.999968827 0.007531156 -1.241602540 0.005305392 -0.007518567 0.999957621 50.510734558
0.999982715 0.003019219 -0.005044492 0.857126176 -0.002982483 0.999969125 0.007274155 -1.252330422 0.005066299 -0.007258984 0.999960840 51.047069550
0.999984205 0.002885561 -0.004833056 0.865847886 -0.002850641 0.999969959 0.007216542 -1.263152838 0.004853735 -0.007202649 0.999962330 51.604560852
0.999980867 0.002942272 -0.005427935 0.876571059 -0.002901161 0.999967158 0.007566433 -1.277523518 0.005450020 -0.007550542 0.999956667 52.154666901
0.999984384 0.002851126 -0.004811008 0.877977788 -0.002815788 0.999969065 0.007336238 -1.289487600 0.004831776 -0.007322576 0.999961495 52.707309723
0.999984860 0.002481072 -0.004908908 0.887181282 -0.002444713 0.999969780 0.007398752 -1.298425436 0.004927116 -0.007386640 0.999960542 53.257293701
0.999984264 0.002648129 -0.004970182 0.895778716 -0.002611346 0.999969363 0.007392672 -1.312110305 0.004989607 -0.007379577 0.999960244 53.796092987
0.999984384 0.003189060 -0.004603283 0.905139923 -0.003154806 0.999967396 0.007429351 -1.321463704 0.004626826 -0.007414712 0.999961793 54.349594116
0.999985278 0.002382291 -0.004876703 0.908414721 -0.002347566 0.999971926 0.007113948 -1.332150936 0.004893513 -0.007102395 0.999962747 54.896995544
0.999984324 0.002490066 -0.005013646 0.914854348 -0.002454476 0.999971867 0.007092282 -1.346549988 0.005031165 -0.007079865 0.999962270 55.441558838
0.999986529 0.002280803 -0.004686516 0.920246840 -0.002248009 0.999973118 0.006990968 -1.353596210 0.004702335 -0.006980338 0.999964595 55.982456207
0.999983013 0.002466087 -0.005270166 0.934297085 -0.002428874 0.999972105 0.007055709 -1.365259290 0.005287420 -0.007042788 0.999961138 56.558006287
0.999983191 0.002290693 -0.005314047 0.953795671 -0.002251049 0.999969661 0.007454291 -1.384108782 0.005330962 -0.007442203 0.999958038 57.087974548
0.999982536 0.003197122 -0.004971195 0.955671310 -0.003164096 0.999972939 0.006637231 -1.383863568 0.004992280 -0.006621386 0.999965608 57.660789490
0.999983609 0.003201960 -0.004739349 0.958881259 -0.003170488 0.999972939 0.006633303 -1.394439340 0.004760460 -0.006618169 0.999966800 58.216537476
0.999984980 0.002725103 -0.004755343 0.968760371 -0.002695554 0.999977112 0.006209307 -1.405229688 0.004772155 -0.006196395 0.999969482 58.753494263
0.999984086 0.002746131 -0.004918267 0.976570725 -0.002717127 0.999978900 0.005894191 -1.406803250 0.004934350 -0.005880733 0.999970555 59.285575867
0.999984503 0.002766324 -0.004831224 0.986521363 -0.002739115 0.999980390 0.005629352 -1.419234991 0.004846703 -0.005616031 0.999972463 59.828746796
0.999983907 0.002719698 -0.004982494 0.991829038 -0.002691356 0.999980211 0.005686198 -1.428496003 0.004997861 -0.005672697 0.999971390 60.384090424
0.999981880 0.002872299 -0.005301371 1.004091382 -0.002839884 0.999977231 0.006111878 -1.441855431 0.005318806 -0.006096712 0.999967337 60.931083679
0.999982417 0.003160950 -0.005011965 1.005233407 -0.003129651 0.999975622 0.006240390 -1.456578374 0.005031568 -0.006224595 0.999967992 61.469436646
0.999981880 0.003397755 -0.004959662 1.015869975 -0.003366902 0.999975085 0.006215998 -1.468017817 0.004980659 -0.006199188 0.999968350 62.014015198
0.999983966 0.003532286 -0.004404764 1.018287659 -0.003506596 0.999976814 0.005826313 -1.473856926 0.004425242 -0.005810774 0.999973357 62.585208893
0.999981344 0.003199041 -0.005189675 1.030123234 -0.003169062 0.999978304 0.005774666 -1.486295104 0.005208035 -0.005758112 0.999969840 63.114837646
0.999983370 0.003099255 -0.004851459 1.035845757 -0.003071047 0.999978364 0.005811012 -1.494125247 0.004869363 -0.005796017 0.999971330 63.667461395
0.999982417 0.003690768 -0.004645240 1.032160521 -0.003664247 0.999976993 0.005704829 -1.510799646 0.004666187 -0.005687708 0.999972880 64.201454163
0.999984443 0.003683815 -0.004191146 1.035325050 -0.003659821 0.999976933 0.005718187 -1.522144794 0.004212113 -0.005702759 0.999974847 64.745315552
0.999982774 0.003798622 -0.004467403 1.045563698 -0.003771693 0.999974787 0.006020878 -1.531278849 0.004490160 -0.006003925 0.999971867 65.292724609
0.999983013 0.003667331 -0.004525233 1.056510091 -0.003641548 0.999977171 0.005692696 -1.542507052 0.004546007 -0.005676121 0.999973536 65.842391968
0.999984205 0.003551537 -0.004356678 1.068542838 -0.003525189 0.999975622 0.006040594 -1.554741263 0.004378024 -0.006025141 0.999972224 66.391510010
0.999984264 0.003638275 -0.004249296 1.067164421 -0.003614852 0.999978304 0.005506790 -1.560954690 0.004269239 -0.005491343 0.999975801 66.943237305
0.999981403 0.003886344 -0.004687638 1.084506750 -0.003861865 0.999978960 0.005219689 -1.571326971 0.004707824 -0.005201488 0.999975383 67.487365723
0.999984264 0.003736023 -0.004177396 1.084112287 -0.003711238 0.999975562 0.005925226 -1.587796569 0.004199430 -0.005909631 0.999973655 68.026908875
0.999981582 0.003907998 -0.004648951 1.101203680 -0.003879284 0.999973416 0.006169364 -1.606156111 0.004672938 -0.006151215 0.999970138 68.554924011
0.999980807 0.004650592 -0.004104490 1.104604125 -0.004625618 0.999970853 0.006073403 -1.623868465 0.004132616 -0.006054300 0.999973118 69.098876953
0.999982953 0.004154620 -0.004097880 1.099456668 -0.004129997 0.999973476 0.005999065 -1.633905768 0.004122696 -0.005982039 0.999973595 69.658630371
0.999984205 0.004126078 -0.003817742 1.109702349 -0.004103025 0.999973416 0.006026523 -1.646467328 0.003842507 -0.006010764 0.999974489 70.195854187
0.999982774 0.004085803 -0.004216609 1.121891141 -0.004059555 0.999972403 0.006214746 -1.661132097 0.004241885 -0.006197521 0.999971807 70.739967346
0.999985397 0.003877722 -0.003747949 1.116579890 -0.003856926 0.999977350 0.005539786 -1.662385345 0.003769346 -0.005525250 0.999977648 71.287147522
0.999980569 0.004338980 -0.004468641 1.132973552 -0.004312552 0.999973238 0.005906845 -1.678761363 0.004494152 -0.005887459 0.999972641 71.835678101
0.999985099 0.004075322 -0.003621165 1.128984094 -0.004053048 0.999972939 0.006137248 -1.690523863 0.003646079 -0.006122480 0.999974608 72.387565613
0.999987483 0.003557902 -0.003524133 1.136568666 -0.003539236 0.999979734 0.005288783 -1.698472023 0.003542879 -0.005276244 0.999979854 72.933723450
0.999984324 0.004537034 -0.003284717 1.142612934 -0.004518047 0.999973118 0.005764851 -1.714822769 0.003310784 -0.005749919 0.999978006 73.489151001
0.999982119 0.004665043 -0.003761442 1.151098371 -0.004643121 0.999972284 0.005815785 -1.726824045 0.003788469 -0.005798216 0.999976039 74.035400391
0.999984145 0.004519107 -0.003354636 1.157369375 -0.004500287 0.999974191 0.005596596 -1.738231659 0.003379841 -0.005581411 0.999978662 74.578628540
0.999984562 0.004048681 -0.003804452 1.175694227 -0.004025699 0.999973714 0.006029108 -1.750543952 0.003828762 -0.006013699 0.999974608 75.122489929
0.999986768 0.003825915 -0.003456833 1.180133581 -0.003804477 0.999973595 0.006187187 -1.760710239 0.003480413 -0.006173954 0.999974906 75.675216675
0.999986291 0.003881362 -0.003511772 1.188943744 -0.003860521 0.999974966 0.005922362 -1.775795937 0.003534671 -0.005908723 0.999976277 76.209083557
0.999983191 0.004641736 -0.003459810 1.195780158 -0.004621231 0.999971867 0.005911263 -1.784543991 0.003487151 -0.005895176 0.999976516 76.760192871
0.999985814 0.003959784 -0.003560518 1.208770037 -0.003936971 0.999971807 0.006391666 -1.808844924 0.003585726 -0.006377558 0.999973178 77.292808533
0.999985039 0.003603476 -0.004115498 1.222718835 -0.003578260 0.999974906 0.006118335 -1.815494537 0.004137443 -0.006103517 0.999972820 77.845382690
0.999984920 0.003710295 -0.004051802 1.225303769 -0.003686263 0.999975681 0.005922590 -1.824650168 0.004073680 -0.005907565 0.999974251 78.380065918
0.999985218 0.003635158 -0.004057009 1.239933252 -0.003613442 0.999979198 0.005347250 -1.834209204 0.004076364 -0.005332511 0.999977469 78.936614990
0.999984264 0.004050428 -0.003860896 1.242827892 -0.004027538 0.999974370 0.005918014 -1.848884821 0.003884767 -0.005902372 0.999975026 79.475128174
0.999983847 0.004180363 -0.003849835 1.254365325 -0.004157758 0.999974191 0.005861051 -1.860608578 0.003874238 -0.005844951 0.999975383 80.026397705
0.999984264 0.004037799 -0.003879994 1.267864347 -0.004015298 0.999975204 0.005789527 -1.872892618 0.003903275 -0.005773857 0.999975741 80.579475403
0.999986649 0.004428307 -0.002661202 1.272673488 -0.004412473 0.999972701 0.005926616 -1.884072661 0.002687375 -0.005914795 0.999978900 81.133651733
0.999989986 0.004254707 -0.001402017 1.282293677 -0.004246189 0.999972820 0.006024092 -1.899482489 0.001427610 -0.006018078 0.999980927 81.669433594
0.999990463 0.004348318 -0.000407424 1.294378638 -0.004345795 0.999972582 0.006000593 -1.911532164 0.000433507 -0.005998765 0.999981940 82.209732056
0.999990821 0.004203231 0.000799257 1.307710409 -0.004207635 0.999975502 0.005590320 -1.921265483 -0.000775741 -0.005593631 0.999984026 82.757217407
0.999983609 0.004284528 0.003788332 1.328441978 -0.004302975 0.999978840 0.004874701 -1.928525090 -0.003767367 -0.004890922 0.999980927 83.311119080
0.999960721 0.004082056 0.007863013 1.342229843 -0.004126352 0.999975622 0.005625427 -1.942342401 -0.007839858 -0.005657651 0.999953270 83.847160339
0.999930561 0.003991435 0.011085131 1.353528857 -0.004055641 0.999975085 0.005775753 -1.958326578 -0.011061802 -0.005820310 0.999921799 84.388603210
0.999865830 0.003922392 0.015901467 1.374201417 -0.004012282 0.999976099 0.005625020 -1.967890382 -0.015879022 -0.005688066 0.999857724 84.940559387
0.999755085 0.003747606 0.021810865 1.401607752 -0.003869358 0.999977171 0.005542582 -1.977034092 -0.021789595 -0.005625618 0.999746740 85.487022400
0.999616563 0.004284176 0.027356064 1.430397511 -0.004437931 0.999974608 0.005562239 -1.995718002 -0.027331540 -0.005681510 0.999610305 86.035003662
0.999450028 0.003805186 0.032941293 1.469691157 -0.003996928 0.999975443 0.005756817 -2.008997440 -0.032918576 -0.005885315 0.999440849 86.585083008
0.999139786 0.004145352 0.041262008 1.504736900 -0.004383234 0.999974251 0.005676363 -2.020100832 -0.041237414 -0.005852341 0.999132216 87.147903442
0.998781204 0.003838914 0.049207181 1.553235531 -0.004124849 0.999975145 0.005710621 -2.034386635 -0.049184036 -0.005906633 0.998772264 87.695404053
0.998397529 0.003636685 0.056472231 1.594519377 -0.003948206 0.999977529 0.005405783 -2.043761969 -0.056451309 -0.005620084 0.998389542 88.244842529
0.997855484 0.003568181 0.065357760 1.647293568 -0.003943338 0.999976456 0.005611966 -2.055169344 -0.065336190 -0.005857659 0.997846127 88.796432495
0.997138023 0.003125817 0.075537764 1.712423801 -0.003609560 0.999973893 0.006268325 -2.070433140 -0.075516194 -0.006523044 0.997123301 89.320938110
0.996511459 0.002936742 0.083404727 1.786891460 -0.003418169 0.999978364 0.005629963 -2.081862211 -0.083386391 -0.005895414 0.996499836 89.875061035
0.995768011 0.002772724 0.091860406 1.842803478 -0.003256990 0.999981523 0.005122274 -2.086807013 -0.091844514 -0.005399784 0.995758712 90.448730469
0.994695604 0.002846595 0.102822855 1.922909737 -0.003348462 0.999983251 0.004708609 -2.088470936 -0.102807753 -0.005027931 0.994688511 91.000816345
0.993519902 0.002790645 0.113624185 1.990510941 -0.003425544 0.999979556 0.005392842 -2.111478806 -0.113606825 -0.005747120 0.993509114 91.552284241
0.992419660 0.001991388 0.122879788 2.078870773 -0.002637617 0.999983549 0.005096589 -2.125717163 -0.122867621 -0.005382064 0.992408454 92.091835022
0.990971088 0.002628654 0.134049535 2.171021461 -0.003410381 0.999978483 0.005602344 -2.141443014 -0.134031922 -0.006008922 0.990958750 92.661781311
0.989256084 0.002019745 0.146178558 2.272356033 -0.002801880 0.999982834 0.005144849 -2.149442911 -0.146165639 -0.005499149 0.989244819 93.207115173
0.987579823 0.001766824 0.157108098 2.377154350 -0.002649317 0.999981821 0.005407869 -2.165851593 -0.157095686 -0.005756932 0.987566590 93.754684448
0.985910892 0.001544246 0.167264342 2.488132477 -0.002471323 0.999982715 0.005334583 -2.175597429 -0.167253211 -0.005672787 0.985897660 94.294136047
0.983599126 0.001332337 0.180363625 2.608013153 -0.002270600 0.999984980 0.004995706 -2.183878899 -0.180354252 -0.005323307 0.983587265 94.830429077
0.981210530 0.001839303 0.192931816 2.725667000 -0.002911218 0.999981821 0.005272571 -2.197180748 -0.192918673 -0.005735168 0.981198013 95.383445740
0.979130805 0.001523487 0.203225225 2.849325180 -0.002563342 0.999984980 0.004853643 -2.202892065 -0.203214765 -0.005273289 0.979119956 95.918586731
0.976330817 0.001065168 0.216279864 3.002407074 -0.002319590 0.999981940 0.005546234 -2.222918034 -0.216270044 -0.005916640 0.976315677 96.463424683
0.973307252 0.000802705 0.229504660 3.154100418 -0.002164155 0.999981523 0.005680484 -2.235458851 -0.229495838 -0.006025540 0.973291039 96.994613647
0.970577180 0.000741457 0.240789175 3.297779083 -0.002113665 0.999982893 0.005440567 -2.244195938 -0.240781039 -0.005789437 0.970562220 97.528182983
0.967525125 0.000743280 0.252773821 3.459411621 -0.002267230 0.999980927 0.005737680 -2.266893387 -0.252764761 -0.006124445 0.967508435 98.050018311
0.963713586 0.000967069 0.266936630 3.612537384 -0.002559907 0.999980867 0.005619184 -2.272081852 -0.266926199 -0.006098616 0.963697612 98.580749512
0.959908307 0.000672047 0.280313581 3.777029037 -0.002163916 0.999984980 0.005012685 -2.273497105 -0.280306071 -0.005418293 0.959895432 99.132034302
0.957023561 -0.000858171 0.290008783 3.976146698 -0.000738795 0.999985158 0.005397088 -2.293941975 -0.290009052 -0.005379398 0.957008839 99.596000671
0.952532768 -0.000659151 0.304435700 4.145801544 -0.001084812 0.999984086 0.005559334 -2.308484793 -0.304434508 -0.005625703 0.952516675 100.144821167
0.948300481 -0.001145060 0.317371845 4.349302292 -0.000729932 0.999983072 0.005788907 -2.326466799 -0.317373067 -0.005721283 0.948283553 100.642044067
0.944279790 -0.001476774 0.329140842 4.548521042 -0.000376132 0.999984443 0.005565779 -2.331561089 -0.329143971 -0.005379453 0.944264472 101.174140930
0.939494789 -0.001783177 0.342558414 4.759199142 -0.000010246 0.999986351 0.005233499 -2.339937449 -0.342563033 -0.004920356 0.939481974 101.700111389
0.934267640 -0.001844045 0.356567711 4.977750778 -0.000206425 0.999983668 0.005712440 -2.363113165 -0.356572419 -0.005410552 0.934252024 102.214294434
0.929444253 -0.001989772 0.368957072 5.200765610 -0.000272732 0.999981463 0.006079908 -2.381195784 -0.368962318 -0.005751561 0.929426610 102.716796875
0.924708426 -0.002757108 0.380666167 5.426006317 0.000756134 0.999985039 0.005405954 -2.382748365 -0.380675465 -0.004711095 0.924696684 103.243804932
0.918720603 -0.003350220 0.394893944 5.663162231 0.001240904 0.999983490 0.005596746 -2.393340826 -0.394906193 -0.004651820 0.918709576 103.735382080
0.913020194 -0.003561838 0.407898784 5.909969330 0.001345683 0.999982715 0.005719902 -2.406238556 -0.407912105 -0.004673484 0.913009226 104.228118896
0.908099949 -0.003936999 0.418734908 6.159172058 0.001577530 0.999980867 0.005980800 -2.422780037 -0.418750376 -0.004770597 0.908088863 104.709838867
0.901828408 -0.004773519 0.432067692 6.438964844 0.002740826 0.999982059 0.005327127 -2.427512407 -0.432085335 -0.003619933 0.901825488 105.221664429
0.895173848 -0.004456703 0.445694864 6.691505432 0.001883318 0.999978900 0.006216610 -2.450791359 -0.445713162 -0.004725562 0.895163298 105.689537048
0.888904393 -0.005436006 0.458060563 6.962314606 0.003077455 0.999977887 0.005895121 -2.457330704 -0.458082467 -0.003830537 0.888901412 106.212234497
0.883191645 -0.005619174 0.468978614 7.236064911 0.003079428 0.999976158 0.006182188 -2.467813730 -0.469002157 -0.004015871 0.883187890 106.694030762
0.876068473 -0.006195068 0.482147068 7.528011322 0.003811991 0.999975264 0.005922152 -2.478898525 -0.482171774 -0.003350270 0.876070261 107.155387878
0.869233847 -0.006778281 0.494354725 7.837062836 0.004380173 0.999972343 0.006009245 -2.494430780 -0.494381785 -0.003058080 0.869239509 107.641510010
0.863581002 -0.007038536 0.504160941 8.129566193 0.004533732 0.999970555 0.006194618 -2.508437634 -0.504189730 -0.003063823 0.863587499 108.100311279
