1.000000000 0.000000000 0.000000000 0.000000000 0.000000000 1.000000000 0.000000000 0.000000000 0.000000000 0.000000000 1.000000000 0.000000000
1.000000000 0.000050350 -0.000003743 -0.000262512 -0.000050350 1.000000000 0.000020022 -0.000649174 0.000003744 -0.000020022 1.000000000 0.000597836
1.000000000 0.000021654 -0.000046306 0.000924997 -0.000021651 1.000000000 0.000045113 -0.000600430 0.000046307 -0.000045112 1.000000000 0.000752532
1.000000000 -0.000037653 -0.000045695 0.000998646 0.000037651 1.000000000 -0.000043696 -0.000163317 0.000045697 0.000043694 1.000000000 -0.000608873
1.000000000 -0.000136728 -0.000096467 0.001497819 0.000136737 1.000000000 0.000096903 -0.000942708 0.000096454 -0.000096916 1.000000000 -0.000261829
1.000000000 -0.000105785 -0.000118918 -0.000541720 0.000105784 1.000000000 -0.000008235 0.000914233 0.000118919 0.000008223 1.000000000 0.001246109
1.000000000 -0.000079018 -0.000053314 0.000931096 0.000079022 1.000000000 0.000070910 -0.000329621 0.000053309 -0.000070914 1.000000000 0.001392202
1.000000000 -0.000074273 -0.000030986 -0.000035411 0.000074275 1.000000000 0.000083281 -0.000772869 0.000030980 -0.000083283 1.000000000 -0.001093098
1.000000000 0.000020202 -0.000066313 0.000900931 -0.000020198 1.000000000 0.000055942 -0.000307500 0.000066314 -0.000055941 1.000000000 -0.000913086
1.000000000 0.000038047 -0.000008191 -0.000166532 -0.000038047 1.000000000 0.000020214 0.000643847 0.000008192 -0.000020214 1.000000000 0.002260209
1.000000000 0.000063152 -0.000012957 0.000262259 -0.000063152 1.000000000 0.000000307 0.000205122 0.000012957 -0.000000306 1.000000000 0.001974863
1.000000000 -0.000084179 -0.000100431 0.001401546 0.000084189 1.000000000 0.000095539 -0.001253481 0.000100423 -0.000095548 1.000000000 0.000040315
1.000000000 -0.000029718 -0.000052145 0.000386059 0.000029716 1.000000000 -0.000024592 0.000800865 0.000052145 0.000024591 1.000000000 0.002331556
1.000000000 -0.000174487 -0.000122296 0.000979656 0.000174498 1.000000000 0.000088344 0.000070733 0.000122280 -0.000088365 1.000000000 0.000294323
1.000000000 -0.000101042 -0.000127483 0.001426977 0.000101045 1.000000000 0.000025955 -0.000399258 0.000127481 -0.000025968 1.000000000 -0.003747750
1.000000000 -0.000053482 -0.000125947 0.002711082 0.000053491 1.000000000 0.000072234 -0.000715459 0.000125944 -0.000072240 1.000000000 -0.001802473
1.000000000 -0.000024165 -0.000058013 0.001624000 0.000024169 1.000000000 0.000084708 -0.000399474 0.000058011 -0.000084709 1.000000000 -0.002889695
1.000000000 -0.000005532 -0.000072109 0.002107816 0.000005535 1.000000000 0.000040119 0.000049552 0.000072109 -0.000040119 1.000000000 0.000598009
1.000000000 0.000043193 -0.000085135 0.002002150 -0.000043185 1.000000000 0.000092185 -0.000743021 0.000085139 -0.000092181 1.000000000 -0.002120284
1.000000000 -0.000100064 -0.000087977 0.001683852 0.000100067 1.000000000 0.000031272 -0.000845274 0.000087973 -0.000031280 1.000000000 -0.002900188
1.000000000 -0.000134702 -0.000123086 0.001587969 0.000134709 1.000000000 0.000055439 0.000200999 0.000123079 -0.000055456 1.000000000 0.001463266
1.000000000 -0.000118974 -0.000092370 0.001394662 0.000118982 1.000000000 0.000084982 -0.001512471 0.000092360 -0.000084993 1.000000000 -0.005039902
1.000000000 -0.000006639 -0.000139301 0.004168125 0.000006653 1.000000000 0.000098674 -0.000527376 0.000139300 -0.000098675 1.000000000 -0.001183099
1.000000000 -0.000106549 -0.000169903 0.003333591 0.000106559 1.000000000 0.000059567 -0.000957233 0.000169897 -0.000059585 1.000000000 -0.002528414
1.000000000 -0.000155921 -0.000140300 0.002565939 0.000155930 1.000000000 0.000069376 -0.000972578 0.000140289 -0.000069397 1.000000000 -0.002986565
1.000000000 -0.000078521 -0.000142966 0.003274743 0.000078530 1.000000000 0.000060499 -0.000179678 0.000142961 -0.000060510 1.000000000 -0.000615845
1.000000000 -0.000145180 -0.000115416 0.003512145 0.000145186 1.000000000 0.000054397 0.000072480 0.000115408 -0.000054413 1.000000000 -0.001535827
1.000000000 -0.000173422 -0.000158662 0.002509697 0.000173441 1.000000000 0.000119870 -0.000535031 0.000158642 -0.000119898 1.000000000 -0.002847112
1.000000000 -0.000170646 -0.000080917 0.000613340 0.000170651 1.000000000 0.000072826 -0.000953167 0.000080904 -0.000072840 1.000000000 -0.002781768
1.000000000 -0.000067529 -0.000192052 0.004724666 0.000067563 1.000000000 0.000177612 -0.002363659 0.000192040 -0.000177625 0.999999940 -0.005292637
1.000000000 -0.000158099 -0.000169513 0.004342021 0.000158111 1.000000000 0.000070401 -0.000699183 0.000169502 -0.000070427 1.000000000 -0.003233067
1.000000000 -0.000123967 -0.000157873 0.003595239 0.000123979 1.000000000 0.000081052 -0.000536515 0.000157863 -0.000081072 1.000000000 -0.001996087
1.000000000 -0.000129522 -0.000148847 0.003355548 0.000129536 1.000000000 0.000096120 -0.000803585 0.000148835 -0.000096140 1.000000000 -0.004057222
1.000000000 -0.000080557 -0.000101644 0.002968152 0.000080563 1.000000000 0.000057643 -0.000282415 0.000101639 -0.000057651 1.000000000 -0.003194790
1.000000000 -0.000072455 -0.000134749 0.002492692 0.000072464 1.000000000 0.000066697 -0.000432233 0.000134744 -0.000066707 1.000000000 -0.001293228
1.000000000 -0.000177754 -0.000105054 0.001980429 0.000177768 1.000000000 0.000131756 -0.001412444 0.000105030 -0.000131774 1.000000000 -0.004927489
0.999999940 -0.000196721 -0.000207931 0.003866303 0.000196738 1.000000000 0.000083073 -0.000771474 0.000207915 -0.000083114 1.000000000 -0.003520651
1.000000000 -0.000105522 -0.000149550 0.003990310 0.000105542 1.000000000 0.000133245 -0.000396338 0.000149536 -0.000133261 1.000000000 -0.005613819
1.000000000 -0.000059051 -0.000075369 0.000654855 0.000059054 1.000000000 0.000037579 -0.000120388 0.000075367 -0.000037583 1.000000000 -0.000753174
1.000000000 -0.000132518 -0.000163936 0.002716621 0.000132545 1.000000000 0.000163683 -0.001204450 0.000163914 -0.000163705 1.000000000 -0.003582366
1.000000000 -0.000099297 -0.000193039 0.004855594 0.000099307 1.000000000 0.000053369 -0.002077376 0.000193034 -0.000053388 1.000000000 -0.002841564
1.000000000 -0.000214583 -0.000036563 0.001974511 0.000214563 0.999999821 -0.000527173 -0.002412376 0.000036676 0.000527165 0.999999881 0.051184364
1.000000000 0.000080209 -0.000083724 0.003178018 -0.000080308 0.999999285 -0.001178804 -0.004739445 0.000083630 0.001178811 0.999999285 0.139415145
1.000000000 -0.000065665 0.000007684 0.004910666 0.000065677 0.999998927 -0.001471300 -0.008254243 -0.000007587 0.001471301 0.999998927 0.255227715
1.000000000 -0.000084746 -0.000002033 0.007179951 0.000084743 0.999998927 -0.001445595 -0.010835866 0.000002155 0.001445595 0.999998927 0.390495032
1.000000000 -0.000029299 -0.000057463 0.009607736 0.000029230 0.999999285 -0.001200372 -0.017072445 0.000057498 0.001200370 0.999999285 0.528160512
1.000000000 0.000164646 0.000027297 0.013690279 -0.000164617 0.999999404 -0.001083018 -0.022982370 -0.000027475 0.001083013 0.999999404 0.682671845
1.000000000 -0.000027626 0.000131013 0.013675937 0.000027743 0.999999583 -0.000890885 -0.027121317 -0.000130988 0.000890888 0.999999583 0.842773259
0.999999940 0.000328934 0.000221194 0.012202315 -0.000328761 0.999999642 -0.000782957 -0.026560521 -0.000221451 0.000782885 0.999999642 1.025134325
0.999999940 0.000243031 -0.000040657 0.024404043 -0.000243053 0.999999821 -0.000540279 -0.036752522 0.000040525 0.000540289 0.999999881 1.187372684
1.000000000 0.000162735 -0.000037588 0.030286497 -0.000162729 1.000000000 0.000149869 -0.048744094 0.000037612 -0.000149863 0.999999940 1.360058546
1.000000000 0.000064022 -0.000201854 0.036710016 -0.000063983 0.999999940 0.000193155 -0.055160072 0.000201867 -0.000193142 0.999999940 1.550883770
0.999999881 0.000311314 -0.000073839 0.032862715 -0.000311311 0.999999881 0.000038928 -0.055065591 0.000073851 -0.000038905 1.000000000 1.753002286
0.999999940 0.000396215 -0.000261827 0.040465359 -0.000396174 0.999999940 0.000153823 -0.059587587 0.000261888 -0.000153719 1.000000000 1.959062576
0.999999940 0.000217904 -0.000139231 0.045303740 -0.000217877 0.999999940 0.000187473 -0.067896329 0.000139271 -0.000187442 1.000000000 2.164401054
0.999999702 0.000786006 0.000052304 0.041624635 -0.000786020 0.999999702 0.000272596 -0.071916111 -0.000052090 -0.000272637 1.000000000 2.385037422
0.999999940 0.000330764 0.000256862 0.044635404 -0.000330952 0.999999642 0.000731807 -0.084795229 -0.000256620 -0.000731892 0.999999702 2.604849815
0.999999940 0.000389773 0.000359698 0.046608459 -0.000389995 0.999999702 0.000618767 -0.090227477 -0.000359456 -0.000618907 0.999999762 2.838124752
0.999999940 0.000093762 0.000291324 0.053828131 -0.000093999 0.999999642 0.000813675 -0.095745951 -0.000291248 -0.000813703 0.999999642 3.065896988
0.999999881 0.000333485 0.000405965 0.056551319 -0.000333904 0.999999344 0.001031812 -0.110885821 -0.000405620 -0.001031947 0.999999404 3.276751280
0.999999821 0.000411960 0.000484719 0.063041598 -0.000412498 0.999999344 0.001108932 -0.119960085 -0.000484262 -0.001109132 0.999999285 3.519674540
0.999999940 -0.000296721 -0.000034570 0.075592391 0.000296761 0.999999225 0.001149580 -0.123799302 0.000034228 -0.001149590 0.999999285 3.780560493
0.999999940 -0.000312895 0.000174300 0.079164863 0.000312697 0.999999285 0.001136715 -0.129761606 -0.000174656 -0.001136660 0.999999344 4.046022415
1.000000000 0.000384904 0.000293216 0.082090802 -0.000385308 0.999999106 0.001380877 -0.132787079 -0.000292684 -0.001380990 0.999998987 4.292773724
1.000000000 0.000209222 0.000164375 0.090216801 -0.000209468 0.999998868 0.001502408 -0.141368836 -0.000164061 -0.001502442 0.999998868 4.550310612
0.999999881 0.000316184 0.000324332 0.092744321 -0.000316712 0.999998569 0.001629134 -0.149135262 -0.000323817 -0.001629237 0.999998629 4.808498383
0.999999762 -0.000234022 0.000648376 0.086739063 0.000232645 0.999997735 0.002123352 -0.168621793 -0.000648871 -0.002123201 0.999997556 5.054370403
0.999999881 -0.000357778 0.000342240 0.095591284 0.000357122 0.999998093 0.001915149 -0.173603445 -0.000342925 -0.001915026 0.999998152 5.316141129
0.999999821 -0.000509191 0.000433332 0.103592768 0.000508282 0.999997675 0.002094651 -0.182522222 -0.000434397 -0.002094430 0.999997735 5.580050945
0.999999881 -0.000147670 0.000446606 0.106490575 0.000146696 0.999997556 0.002180093 -0.186705992 -0.000446927 -0.002180028 0.999997556 5.856196404
0.999999523 0.000131147 0.000966302 0.103637576 -0.000133204 0.999997854 0.002129696 -0.204733446 -0.000966020 -0.002129824 0.999997258 6.106336594
0.999999344 0.000297318 0.001122814 0.107849829 -0.000299769 0.999997616 0.002183709 -0.213611573 -0.001122162 -0.002184044 0.999997020 6.390349388
0.999998808 0.000660753 0.001387441 0.111516908 -0.000664009 0.999997079 0.002347604 -0.222549036 -0.001385886 -0.002348522 0.999996245 6.678236961
0.999999583 0.000189006 0.000896963 0.123569161 -0.000191438 0.999996305 0.002712443 -0.232269213 -0.000896447 -0.002712613 0.999995947 6.954291821
0.999999642 0.000102153 0.000806189 0.128906056 -0.000104360 0.999996185 0.002737969 -0.239238948 -0.000805907 -0.002738052 0.999995947 7.252371788
0.999999523 0.000357974 0.000900631 0.139063865 -0.000360447 0.999996066 0.002746983 -0.251686305 -0.000899644 -0.002747306 0.999995828 7.573338032
0.999999464 -0.000646835 0.000724722 0.146846995 0.000644754 0.999995708 0.002867700 -0.270572186 -0.000726573 -0.002867231 0.999995649 7.865490913
0.999999404 -0.000582958 0.000910182 0.149184585 0.000580388 0.999995887 0.002821151 -0.274667144 -0.000911822 -0.002820621 0.999995649 8.195425034
0.999999404 -0.000786434 0.000780329 0.161322713 0.000783955 0.999994636 0.003172321 -0.291110337 -0.000782820 -0.003171708 0.999994576 8.511711121
0.999999404 -0.000211422 0.001183917 0.159162715 0.000207695 0.999995053 0.003147085 -0.297470927 -0.001184577 -0.003146837 0.999994338 8.851703644
0.999999225 -0.000306825 0.001219521 0.169335037 0.000302765 0.999994397 0.003328008 -0.308090240 -0.001220535 -0.003327636 0.999993682 9.189199448
0.999999225 0.000458105 0.001085628 0.175479621 -0.000461989 0.999993503 0.003579807 -0.330389380 -0.001083981 -0.003580306 0.999993026 9.513435364
0.999998808 0.000696768 0.001293446 0.182901904 -0.000701452 0.999993145 0.003624093 -0.338952959 -0.001290912 -0.003624997 0.999992609 9.862653732
0.999999404 0.000142650 0.001051395 0.194156557 -0.000146436 0.999993503 0.003602413 -0.351419479 -0.001050875 -0.003602564 0.999992967 10.215261459
0.999999285 0.000037092 0.001150887 0.200715184 -0.000041224 0.999993563 0.003590337 -0.358091384 -0.001150747 -0.003590382 0.999992907 10.571210861
0.999999166 0.000047655 0.001262929 0.205537081 -0.000052231 0.999993443 0.003623336 -0.366755277 -0.001262748 -0.003623400 0.999992669 10.934390068
0.999999225 0.000009408 0.001255939 0.218522236 -0.000014179 0.999992788 0.003798804 -0.381657511 -0.001255894 -0.003798819 0.999992013 11.306269646
0.999998927 0.000513878 0.001383234 0.225981995 -0.000518891 0.999993324 0.003626595 -0.388633162 -0.001381361 -0.003627309 0.999992490 11.687148094
0.999999404 -0.000196274 0.001047758 0.244738042 0.000192211 0.999992490 0.003876408 -0.404648423 -0.001048511 -0.003876204 0.999991894 12.065304756
0.999998689 0.000619892 0.001500286 0.240248352 -0.000626189 0.999990940 0.004200232 -0.418437243 -0.001497669 -0.004201165 0.999989986 12.440349579
0.999999344 0.000125885 0.001196736 0.253434062 -0.000130896 0.999991238 0.004188003 -0.427258939 -0.001196198 -0.004188156 0.999990463 12.831920624
0.999998748 0.000634274 0.001427416 0.258180529 -0.000640744 0.999989510 0.004536885 -0.441519469 -0.001424523 -0.004537794 0.999988616 13.233249664
0.999997735 0.000675712 0.001986540 0.264807880 -0.000684582 0.999989748 0.004467603 -0.449778676 -0.001983501 -0.004468952 0.999988019 13.644755363
0.999998152 0.000261469 0.001893443 0.274759471 -0.000270312 0.999989033 0.004671397 -0.468721688 -0.001892201 -0.004671900 0.999987304 14.026630402
0.999998510 -0.000312331 0.001710220 0.288654029 0.000304212 0.999988675 0.004746053 -0.479986250 -0.001711683 -0.004745526 0.999987304 14.455078125
0.999997616 -0.000231733 0.002165552 0.296383083 0.000221469 0.999988675 0.004738843 -0.492128730 -0.002166626 -0.004738351 0.999986470 14.883419991
0.999997318 0.000141934 0.002306699 0.307548493 -0.000153208 0.999988019 0.004888023 -0.509277701 -0.002305978 -0.004888364 0.999985397 15.267822266
0.999996066 0.000475021 0.002737757 0.318324775 -0.000488923 0.999986947 0.005079413 -0.521522403 -0.002735308 -0.005080732 0.999983370 15.705840111
0.999994993 0.000237603 0.003150208 0.327271134 -0.000255083 0.999984562 0.005549817 -0.544784963 -0.003148841 -0.005550592 0.999979615 16.148788452
0.999994874 -0.000136806 0.003196900 0.336070389 0.000119550 0.999985456 0.005397230 -0.555212796 -0.003197591 -0.005396820 0.999980330 16.596313477
0.999994755 0.000079858 0.003237648 0.354337126 -0.000098122 0.999984086 0.005641341 -0.566111743 -0.003237145 -0.005641628 0.999978840 17.060518265
0.999992669 0.000441801 0.003799597 0.359632730 -0.000464143 0.999982595 0.005881311 -0.581132472 -0.003796931 -0.005883032 0.999975502 17.497619629
0.999990702 0.000391969 0.004287014 0.373270184 -0.000417497 0.999982297 0.005955703 -0.592934668 -0.004284602 -0.005957440 0.999973118 17.962577820
0.999989569 0.000565041 0.004544596 0.384568036 -0.000592135 0.999982059 0.005962726 -0.603041947 -0.004541146 -0.005965354 0.999971867 18.442209244
0.999990940 0.000341085 0.004241276 0.403102309 -0.000364631 0.999984562 0.005552093 -0.610360324 -0.004239317 -0.005553590 0.999975562 18.925313950
0.999991238 -0.000333900 0.004161790 0.422557175 0.000307692 0.999980152 0.006296201 -0.638576329 -0.004163808 -0.006294866 0.999971509 19.354316711
0.999990284 0.000257750 0.004392228 0.432318151 -0.000285797 0.999979615 0.006386292 -0.650066853 -0.004390492 -0.006387486 0.999969959 19.836139679
0.999991238 -0.000272773 0.004160393 0.450449288 0.000245379 0.999978304 0.006583523 -0.661331415 -0.004162097 -0.006582444 0.999969721 20.321441650
0.999993443 -0.000961679 0.003487284 0.464431852 0.000939314 0.999979019 0.006409198 -0.694936216 -0.003493375 -0.006405880 0.999973357 20.831411362
0.999994934 -0.000449642 0.003121789 0.472729236 0.000428890 0.999977887 0.006645010 -0.704288363 -0.003124708 -0.006643637 0.999973059 21.338338852
0.999995649 0.000256657 0.002940198 0.474030465 -0.000276288 0.999977708 0.006678437 -0.718385339 -0.002938418 -0.006679221 0.999973357 21.837068558
0.999996603 -0.001019436 0.002406285 0.490597099 0.001000848 0.999969721 0.007713122 -0.765663922 -0.002414075 -0.007710688 0.999967337 22.239416122
0.999997556 -0.000881064 0.002031594 0.501884639 0.000865236 0.999969304 0.007778871 -0.774330497 -0.002038385 -0.007777093 0.999967694 22.757162094
0.999998868 -0.000571988 0.001412479 0.518523514 0.000561724 0.999973476 0.007255954 -0.766060293 -0.001416592 -0.007255153 0.999972701 23.263603210
0.999998391 -0.001611968 0.000811799 0.529339194 0.001606320 0.999974787 0.006909590 -0.780537486 -0.000822917 -0.006908275 0.999975801 23.776456833
0.999999583 0.000007131 0.000835827 0.526783168 -0.000013177 0.999973834 0.007233869 -0.801044583 -0.000835754 -0.007233877 0.999973476 24.307332993
1.000000000 -0.000219412 -0.000070068 0.525549471 0.000219929 0.999972105 0.007466475 -0.799159467 0.000068428 -0.007466491 0.999972045 24.825695038
0.999999583 -0.000019450 -0.000917168 0.530714989 0.000026310 0.999972045 0.007480627 -0.809071541 0.000916996 -0.007480649 0.999971509 25.357849121
0.999999464 0.000060020 -0.000999393 0.541664779 -0.000052459 0.999971390 0.007564422 -0.823517859 0.000999818 -0.007564366 0.999970913 25.913652420
0.999997139 -0.001551331 -0.001811625 0.550776601 0.001565151 0.999969423 0.007652256 -0.842687964 0.001799699 -0.007655069 0.999969006 26.431930542
0.999994159 -0.002410685 -0.002428129 0.571452379 0.002430635 0.999962926 0.008246912 -0.865083575 0.002408158 -0.008252766 0.999962986 26.974624634
0.999995410 -0.000920579 -0.002868028 0.579759777 0.000943590 0.999967277 0.008032165 -0.873868525 0.002860540 -0.008034835 0.999963641 27.497226715
0.999993503 -0.001489762 -0.003278594 0.583639503 0.001515550 0.999967873 0.007877160 -0.879177630 0.003266754 -0.007882079 0.999963641 28.061119080
0.999993265 -0.000984497 -0.003540326 0.564371645 0.001014159 0.999964297 0.008386326 -0.887630045 0.003531944 -0.008389860 0.999958575 28.510335922
0.999991000 -0.001397356 -0.004014755 0.578396738 0.001430791 0.999964297 0.008337322 -0.902798772 0.004002961 -0.008342991 0.999957204 29.048353195
0.999993145 -0.001006704 -0.003564944 0.569414437 0.001036334 0.999964833 0.008319554 -0.905569553 0.003556443 -0.008323191 0.999959052 29.562294006
0.999992788 -0.000543829 -0.003760132 0.580012381 0.000574183 0.999967158 0.008076283 -0.916569233 0.003755617 -0.008078382 0.999960363 30.115264893
0.999990523 -0.000721022 -0.004279565 0.585087359 0.000756331 0.999965668 0.008254840 -0.923897147 0.004273465 -0.008257999 0.999956787 30.617166519
0.999988675 -0.000614061 -0.004725484 0.606494546 0.000652899 0.999966025 0.008221720 -0.938610554 0.004720276 -0.008224713 0.999955118 31.152162552
0.999986053 -0.001138495 -0.005144633 0.620412052 0.001179565 0.999967456 0.007987212 -0.953453600 0.005135373 -0.007993170 0.999954879 31.687103271
0.999986112 -0.000499385 -0.005253586 0.639660239 0.000541694 0.999967515 0.008054986 -0.965164542 0.005249393 -0.008057720 0.999953747 32.216316223
0.999987543 -0.000679735 -0.004943252 0.595031023 0.000725087 0.999957621 0.009178475 -0.995421886 0.004936804 -0.009181946 0.999945581 32.695510864
0.999983370 -0.001480603 -0.005564690 0.621036530 0.001532617 0.999955058 0.009354532 -1.020334840 0.005550589 -0.009362904 0.999940693 33.204769135
0.999982834 -0.001186253 -0.005742644 0.626146376 0.001241301 0.999953270 0.009591885 -1.034249187 0.005730996 -0.009598848 0.999937475 33.724216461
0.999982417 -0.000947551 -0.005862221 0.624301434 0.001002473 0.999955654 0.009372935 -1.045206666 0.005853080 -0.009378647 0.999938846 34.277187347
0.999983728 -0.001260283 -0.005557335 0.612050295 0.001316037 0.999948740 0.010040252 -1.059989095 0.005544396 -0.010047403 0.999934077 34.690826416
0.999984980 -0.000289228 -0.005463144 0.617558599 0.000340955 0.999955058 0.009469695 -1.080363393 0.005460159 -0.009471416 0.999940217 35.280197144
0.999984622 0.000237275 -0.005535656 0.626416802 -0.000185105 0.999955595 0.009423100 -1.090794563 0.005537645 -0.009421933 0.999940276 35.831638336
0.999980927 -0.001137432 -0.006066956 0.637562990 0.001196410 0.999951959 0.009726298 -1.113713622 0.006055603 -0.009733371 0.999934316 36.356143951
0.999978364 -0.001490676 -0.006392735 0.645702422 0.001551446 0.999953568 0.009511779 -1.125936270 0.006378259 -0.009521493 0.999934375 36.901447296
0.999978721 -0.001361747 -0.006383681 0.658741355 0.001422501 0.999953628 0.009522267 -1.131777287 0.006370417 -0.009531145 0.999934316 37.457237244
0.999979973 -0.001125842 -0.006226472 0.658109784 0.001184876 0.999954224 0.009485587 -1.144687295 0.006215508 -0.009492774 0.999935687 38.001605988
0.999976695 -0.000730518 -0.006790968 0.681000829 0.000790920 0.999960065 0.008895983 -1.137435913 0.006784199 -0.008901145 0.999937356 38.536415100
0.999981523 0.000030134 -0.006068518 0.659279227 0.000030065 0.999950767 0.009919565 -1.210120201 0.006068519 -0.009919566 0.999932408 38.949352264
0.999979138 -0.000050340 -0.006454030 0.675771952 0.000114736 0.999950230 0.009977662 -1.225951910 0.006453206 -0.009978196 0.999929428 39.474376678
0.999978960 -0.000730330 -0.006440166 0.683883846 0.000796280 0.999947250 0.010243884 -1.239163876 0.006432346 -0.010248796 0.999926805 40.036594391
0.999977529 -0.000267327 -0.006692263 0.695665181 0.000336573 0.999946415 0.010348167 -1.246614337 0.006689139 -0.010350189 0.999924064 40.582443237
0.999979496 0.000495328 -0.006380301 0.707182884 -0.000429759 0.999947131 0.010274103 -1.260460019 0.006385053 -0.010271150 0.999926865 41.116737366
0.999976039 -0.000590951 -0.006899322 0.693807900 0.000664011 0.999943674 0.010592081 -1.277784824 0.006892675 -0.010596411 0.999920070 41.659515381
0.999973118 -0.000620003 -0.007302711 0.708319187 0.000698094 0.999942601 0.010695648 -1.286693573 0.007295660 -0.010700459 0.999916136 42.200954437
0.999975681 -0.000564731 -0.006948956 0.698388755 0.000636647 0.999946177 0.010351304 -1.304092765 0.006942736 -0.010355475 0.999922276 42.709632874
0.999975443 -0.000531561 -0.006990036 0.708960235 0.000605242 0.999944150 0.010543053 -1.315209866 0.006984042 -0.010547023 0.999920011 43.202007294
0.999977529 0.000652589 -0.006673512 0.701830387 -0.000583938 0.999946952 0.010283966 -1.324475527 0.006679869 -0.010279838 0.999924779 43.758075714
0.999977648 0.000256428 -0.006679989 0.707699537 -0.000186358 0.999944985 0.010488068 -1.334284782 0.006682311 -0.010486589 0.999922693 44.302047729
0.999975860 -0.000255561 -0.006944484 0.723779917 0.000329125 0.999943793 0.010594107 -1.343369961 0.006941386 -0.010596138 0.999919772 44.831855774
0.999975204 -0.000502333 -0.007018229 0.724695981 0.000577156 0.999942958 0.010663286 -1.360755444 0.007012473 -0.010667073 0.999918520 45.358058929
0.999975145 0.000867154 -0.006991845 0.738910854 -0.000795951 0.999947846 0.010180066 -1.355965853 0.007000308 -0.010174250 0.999923706 45.936485291
0.999973834 -0.000483174 -0.007209904 0.737691641 0.000564041 0.999936938 0.011218404 -1.386893868 0.007204030 -0.011222178 0.999911129 46.464424133
0.999975920 -0.000380884 -0.006931319 0.745296717 0.000456675 0.999940097 0.010936359 -1.396621466 0.006926739 -0.010939263 0.999916196 46.928012848
0.999975681 -0.000570760 -0.006942414 0.768685102 0.000645117 0.999942362 0.010713106 -1.400780082 0.006935899 -0.010717324 0.999918520 47.519588470
0.999974370 -0.000463781 -0.007142838 0.765364289 0.000541092 0.999941170 0.010825410 -1.413866520 0.007137398 -0.010828995 0.999915898 47.978572845
0.999976158 -0.000180968 -0.006890055 0.754778564 0.000257816 0.999937773 0.011154189 -1.437829256 0.006887606 -0.011155699 0.999913990 48.503311157
0.999974728 -0.000042200 -0.007095225 0.757070124 0.000123461 0.999934435 0.011452850 -1.448877454 0.007094275 -0.011453437 0.999909163 49.044784546
0.999975920 -0.000140949 -0.006938864 0.762555182 0.000217070 0.999939799 0.010970642 -1.445343018 0.006936900 -0.010971887 0.999915659 49.563365936
0.999980569 -0.000008743 -0.006235685 0.763033688 0.000079416 0.999935687 0.011333470 -1.462845802 0.006235186 -0.011333747 0.999916315 50.155101776
0.999977708 0.000515857 -0.006645651 0.784900427 -0.000441424 0.999937177 0.011197004 -1.466226578 0.006651009 -0.011193821 0.999915242 50.592357635
0.999977589 0.000532213 -0.006674530 0.792302370 -0.000457623 0.999937475 0.011171836 -1.473734379 0.006680058 -0.011168531 0.999915302 51.132183075
0.999978840 0.000592602 -0.006477215 0.791993380 -0.000518409 0.999934316 0.011450228 -1.484426260 0.006483574 -0.011446628 0.999913394 51.659568787
0.999977946 0.000499725 -0.006624653 0.801033676 -0.000425702 0.999937594 0.011170605 -1.493594289 0.006629821 -0.011167539 0.999915659 52.209732056
0.999981463 0.001104139 -0.005989355 0.802685738 -0.001038237 0.999939024 0.010995154 -1.502141714 0.006001129 -0.010988733 0.999921501 52.783222198
0.999978721 0.001020963 -0.006441301 0.823559761 -0.000948977 0.999937117 0.011168668 -1.510647178 0.006452300 -0.011162315 0.999916911 53.234451294
0.999979198 0.001376096 -0.006292453 0.823254347 -0.001308696 0.999941885 0.010702821 -1.498609066 0.006306815 -0.010694366 0.999922931 53.921749115
0.999977291 0.001165513 -0.006637250 0.847244143 -0.001091810 0.999937832 0.011097218 -1.531299114 0.006649770 -0.011089721 0.999916315 54.271976471
0.999979675 0.001166796 -0.006258368 0.850982308 -0.001096606 0.999936521 0.011207144 -1.536967993 0.006271048 -0.011200054 0.999917567 54.822422028
0.999979734 0.001079278 -0.006280655 0.860291541 -0.001007366 0.999934077 0.011441713 -1.555534601 0.006292589 -0.011435155 0.999914765 55.364253998
0.999980211 0.001249584 -0.006163010 0.847748041 -0.001182801 0.999940634 0.010827806 -1.555371284 0.006176175 -0.010820303 0.999922395 55.883678436
0.999979079 0.001576722 -0.006258031 0.898473382 -0.001508682 0.999939859 0.010862334 -1.555402517 0.006274782 -0.010852666 0.999921381 56.454437256
0.999982595 0.002057168 -0.005527024 0.852085114 -0.001999588 0.999944031 0.010403352 -1.567914963 0.005548116 -0.010392120 0.999930620 56.941654205
0.999981880 0.002663611 -0.005403416 0.859194756 -0.002607889 0.999943674 0.010293348 -1.575052381 0.005430529 -0.010279070 0.999932468 57.496051788
0.999980152 0.001749861 -0.006054847 0.881486356 -0.001685707 0.999942541 0.010584065 -1.586527586 0.006073019 -0.010573648 0.999925673 57.969951630
0.999984384 0.002770525 -0.004837033 0.879650474 -0.002719613 0.999941170 0.010500549 -1.592954636 0.004865841 -0.010487233 0.999933183 58.585563660
0.999982178 0.002266083 -0.005530884 0.895513713 -0.002204390 0.999935508 0.011134838 -1.614205837 0.005555762 -0.011122447 0.999922693 59.039703369
0.999980986 0.001525860 -0.005975261 0.936267972 -0.001460018 0.999938309 0.011007953 -1.621152759 0.005991689 -0.010999020 0.999921620 59.572662354
0.999980390 0.002529390 -0.005740376 0.945197344 -0.002462307 0.999928832 0.011663125 -1.641371250 0.005769469 -0.011648759 0.999915540 60.098102570
0.999978781 0.002972969 -0.005808561 0.980399489 -0.002907987 0.999933481 0.011163824 -1.654079437 0.005841364 -0.011146697 0.999920845 60.616813660
0.999974132 0.001066877 -0.007120357 1.002286911 -0.000988633 0.999939144 0.010983082 -1.666136026 0.007131641 -0.010975759 0.999914348 61.107154846
0.999969542 0.001919802 -0.007557789 1.091897488 -0.001837114 0.999938488 0.010932480 -1.709945917 0.007578313 -0.010918262 0.999911726 61.563339233
0.999969184 0.002506935 -0.007444688 1.121169925 -0.002422798 0.999933362 0.011289073 -1.723100066 0.007472493 -0.011270689 0.999908626 62.107875824
0.999977231 0.002690240 -0.006183186 0.995919406 -0.002623860 0.999939084 0.010718801 -1.679438353 0.006211645 -0.010702333 0.999923468 62.726879120
0.999979556 0.003220850 -0.005524775 0.927609324 -0.003160936 0.999936461 0.010819249 -1.716704845 0.005559271 -0.010801565 0.999926209 62.933994293
0.999979734 0.002896456 -0.005669881 0.938241482 -0.002833745 0.999935031 0.011037412 -1.727972031 0.005701482 -0.011021122 0.999923050 63.487045288
0.999979973 0.003350263 -0.005370838 0.946592331 -0.003288845 0.999929607 0.011403837 -1.739157438 0.005408665 -0.011385947 0.999920547 64.033081055
0.999977529 0.002799567 -0.006098072 0.961292744 -0.002730044 0.999931633 0.011379486 -1.752779722 0.006129512 -0.011362582 0.999916673 64.562301636
0.999976695 0.002239654 -0.006457226 0.973552644 -0.002170393 0.999940276 0.010713208 -1.761086702 0.006480834 -0.010698946 0.999921739 65.068893433
0.999979854 0.003220035 -0.005468838 0.966241658 -0.003163166 0.999941111 0.010375807 -1.768683791 0.005501926 -0.010358299 0.999931276 65.593635559
0.999976933 0.003290154 -0.005938202 1.021666169 -0.003225077 0.999935031 0.010935428 -1.830573678 0.005973795 -0.010916024 0.999922574 65.758056641
0.999975860 0.003920786 -0.005740139 1.030054331 -0.003854430 0.999926209 0.011525785 -1.842045665 0.005784904 -0.011503380 0.999917090 66.307281494
0.999973476 0.004381961 -0.005816366 1.026200533 -0.004311602 0.999918103 0.012054636 -1.851647377 0.005868712 -0.012029238 0.999910474 66.874343872
0.999970675 0.004539332 -0.006162272 1.042112470 -0.004466107 0.999919891 0.011845068 -1.863518953 0.006215547 -0.011817199 0.999910891 67.374053955
0.999979079 0.003241849 -0.005592828 1.013141632 -0.003179551 0.999933183 0.011112145 -1.899670839 0.005628478 -0.011094128 0.999922633 68.071472168
0.999973714 0.004095313 -0.005982910 1.036190152 -0.004035327 0.999941885 0.010004154 -1.835057735 0.006023531 -0.009979749 0.999932051 68.546951294
0.999980569 0.003436883 -0.005199078 1.033214569 -0.003378245 0.999931037 0.011245537 -1.924349546 0.005237370 -0.011227753 0.999923229 69.142166138
0.999978304 0.004692317 -0.004618166 1.000429869 -0.004642346 0.999931157 0.010772469 -1.922079086 0.004668396 -0.010750796 0.999931335 69.637985229
0.999980032 0.003014331 -0.005542248 1.049994349 -0.002956052 0.999940515 0.010493666 -1.932690144 0.005573548 -0.010477073 0.999929607 70.232368469
0.999978662 0.004834834 -0.004414344 1.012059689 -0.004787873 0.999932408 0.010587647 -1.942157865 0.004465235 -0.010566283 0.999934196 70.765884399
0.999978423 0.004798917 -0.004482542 1.020571232 -0.004750447 0.999930739 0.010761695 -1.949978352 0.004533875 -0.010740168 0.999932051 71.306198120
0.999978006 0.005152967 -0.004178329 1.030223012 -0.005108991 0.999932170 0.010467925 -1.960197210 0.004231986 -0.010446348 0.999936461 71.875984192
0.999978483 0.004776365 -0.004489730 1.036961675 -0.004728121 0.999931574 0.010695278 -1.971717119 0.004540506 -0.010673820 0.999932706 72.408050537
0.999974430 0.006181070 -0.003596580 1.029336452 -0.006144409 0.999929965 0.010116477 -1.965293407 0.003658858 -0.010094119 0.999942362 73.053634644
0.999976337 0.005982487 -0.003406960 1.041304588 -0.005948099 0.999932110 0.010015946 -1.972554445 0.003466649 -0.009995443 0.999944091 73.593994141
0.999974847 0.006181819 -0.003472470 1.051641345 -0.006146975 0.999931574 0.009956867 -1.983167768 0.003533784 -0.009935272 0.999944389 74.127105713
0.999975741 0.005840551 -0.003787770 1.093515515 -0.005802243 0.999932647 0.010047211 -2.014502048 0.003846196 -0.010024990 0.999942362 74.767044067
0.999975264 0.006259890 -0.003203197 1.070755720 -0.006230188 0.999938309 0.009200128 -1.952288985 0.003260591 -0.009179944 0.999952555 75.316993713
0.999977767 0.005166114 -0.004207573 1.103913188 -0.005123364 0.999935806 0.010108181 -2.046405077 0.004259522 -0.010086400 0.999940038 75.834197998
0.999980330 0.005069576 -0.003691388 1.112894297 -0.005032751 0.999938130 0.009917624 -2.056005955 0.003741437 -0.009898850 0.999944031 76.381858826
0.999980628 0.004393674 -0.004409006 1.144368172 -0.004351104 0.999944210 0.009619029 -2.058368206 0.004451023 -0.009599660 0.999944031 76.952560425
0.999978781 0.004963395 -0.004217020 1.147059679 -0.004922015 0.999940336 0.009766708 -2.070266724 0.004265243 -0.009745747 0.999943376 77.529281616
0.999978542 0.005361068 -0.003764928 1.154328108 -0.005323589 0.999936819 0.009895132 -2.079363823 0.003817739 -0.009874877 0.999943912 78.094207764
0.999979615 0.005509822 -0.003232633 1.164107919 -0.005477990 0.999937177 0.009774657 -2.085378170 0.003286286 -0.009756749 0.999947011 78.662239075
0.999983132 0.005345515 -0.002233035 1.182088852 -0.005323885 0.999939919 0.009582849 -2.096934319 0.002284126 -0.009570800 0.999951601 79.210395813
0.999984503 0.005509619 -0.000766935 1.178165197 -0.005501900 0.999937534 0.009726858 -2.112845659 0.000820478 -0.009722487 0.999952376 79.711341858
0.999986112 0.005234407 0.000540504 1.208740950 -0.005239206 0.999943018 0.009294488 -2.121223450 -0.000491822 -0.009297189 0.999956667 80.287475586
0.999974608 0.005746122 0.004245689 1.218483925 -0.005786367 0.999937892 0.009528192 -2.136916399 -0.004190676 -0.009552515 0.999945581 80.832748413
0.999951839 0.005515236 0.008116798 1.238972068 -0.005591364 0.999940336 0.009386598 -2.147623539 -0.008064544 -0.009431531 0.999922991 81.385108948
0.999925792 0.005283856 0.010976085 1.269430161 -0.005386618 0.999941766 0.009353938 -2.171111584 -0.010926020 -0.009412368 0.999895990 81.911834717
0.999849558 0.006238441 0.016182585 1.289175510 -0.006391085 0.999935508 0.009398090 -2.183421135 -0.016122909 -0.009500100 0.999824822 82.475997925
0.999744833 0.005475811 0.021916769 1.327458501 -0.005687279 0.999937773 0.009598034 -2.191095352 -0.021862851 -0.009720231 0.999713719 83.060737610
0.999611080 0.005752146 0.027285965 1.366672993 -0.006022730 0.999933422 0.009844791 -2.210370541 -0.027227515 -0.010005298 0.999579191 83.555702209
0.999432981 0.005719407 0.033180892 1.397127509 -0.006019456 0.999941826 0.008949918 -2.203530788 -0.033127774 -0.009144572 0.999409318 84.171638489
0.999140799 0.005599232 0.041064594 1.444650173 -0.005967015 0.999943137 0.008839127 -2.216219187 -0.041012771 -0.009076565 0.999117315 84.754829407
0.998778582 0.005513392 0.049100190 1.490712166 -0.005955261 0.999943018 0.008857609 -2.228110790 -0.049048558 -0.009139195 0.998754501 85.324325562
0.998419821 0.004771061 0.055992585 1.537743807 -0.005250124 0.999950886 0.008411870 -2.235277653 -0.055949703 -0.008692547 0.998395681 85.847961426
0.997881830 0.005382434 0.064829893 1.600656986 -0.005969216 0.999942899 0.008860781 -2.247080088 -0.064778507 -0.009228997 0.997856915 86.417739868
0.997185349 0.005030239 0.074806534 1.666891575 -0.005719286 0.999943137 0.008999703 -2.265241861 -0.074756987 -0.009402213 0.997157454 86.977577209
0.996506035 0.004660962 0.083390214 1.732390881 -0.005375231 0.999950767 0.008342923 -2.266204834 -0.083347209 -0.008762015 0.996482015 87.534355164
0.995823383 0.004372207 0.091195494 1.802275658 -0.005132995 0.999953926 0.008109511 -2.277384043 -0.091155857 -0.008543747 0.995799959 88.076736450
0.994851589 0.003785126 0.101272494 1.891678333 -0.004656932 0.999954045 0.008373487 -2.295681477 -0.101236172 -0.008801995 0.994823515 88.586616516
0.993742108 0.003290148 0.111650251 1.983107090 -0.004233237 0.999957323 0.008210810 -2.308672667 -0.111618474 -0.008632069 0.993713617 89.175964355
0.992586732 0.003835616 0.121478602 2.067685127 -0.004873876 0.999954045 0.008250861 -2.321724653 -0.121441379 -0.008781767 0.992559731 89.736808777
0.991221964 0.003497895 0.132162541 2.165223122 -0.004590543 0.999957681 0.007963669 -2.330548048 -0.132129118 -0.008500461 0.991196036 90.272659302
0.989498019 0.004083942 0.144488871 2.283196449 -0.005333009 0.999951661 0.008258473 -2.358266115 -0.144448131 -0.008942303 0.989471972 90.792175293
0.987874389 0.003214563 0.155221939 2.389005661 -0.004525831 0.999956965 0.008095043 -2.368257523 -0.155189261 -0.008699395 0.987846375 91.372299194
0.986234546 0.002588701 0.165331841 2.502712250 -0.003956893 0.999960542 0.007946606 -2.376943588 -0.165304750 -0.008491417 0.986205995 91.915542603
0.983955979 0.002690894 0.178390861 2.625498772 -0.004147762 0.999960959 0.007794268 -2.386106491 -0.178362921 -0.008409140 0.983928859 92.458915710
0.981677055 0.002116889 0.190540135 2.748985291 -0.003660079 0.999963284 0.007747469 -2.395832777 -0.190516725 -0.008302906 0.981648862 92.987716675
0.979752600 0.000767859 0.200210661 2.887472153 -0.002322129 0.999969065 0.007528456 -2.409153700 -0.200198635 -0.007840940 0.979724050 93.506988525
0.976858854 0.001536084 0.213879421 3.017868042 -0.003246881 0.999965429 0.007647829 -2.421371698 -0.213860303 -0.008165290 0.976830125 94.042533875
0.973939002 0.000622497 0.226809025 3.177780151 -0.002416545 0.999967873 0.007632371 -2.428533792 -0.226796985 -0.007981557 0.973909318 94.582283020
0.971347868 0.000042757 0.237662748 3.330347061 -0.001873607 0.999970257 0.007477685 -2.442032337 -0.237655386 -0.007708720 0.971318901 95.114143372
0.968314111 -0.000240896 0.249735013 3.492385864 -0.001589826 0.999973238 0.007128920 -2.451340675 -0.249730051 -0.007300070 0.968287885 95.645309448
0.964498103 -0.000259997 0.264089674 3.663736343 -0.001713141 0.999972463 0.007241143 -2.462611675 -0.264084250 -0.007436492 0.964470923 96.185836792
0.961077690 -0.000219096 0.276278406 3.836797714 -0.001762183 0.999974549 0.006923033 -2.473433733 -0.276272833 -0.007140426 0.961052716 96.711029053
0.957804382 -0.001249017 0.287417978 4.028610229 -0.000991269 0.999970257 0.007648867 -2.493301392 -0.287418962 -0.007611028 0.957774699 97.222518921
0.953329206 -0.000154471 0.301932782 4.212583542 -0.002363047 0.999965429 0.007972727 -2.503623962 -0.301923543 -0.008314114 0.953295887 97.749275208
0.949020386 -0.001626703 0.315210462 4.424316406 -0.000792676 0.999971211 0.007547089 -2.511770964 -0.315213710 -0.007412201 0.948991716 98.277153015
0.945103467 -0.002026273 0.326764882 4.619712830 -0.000474908 0.999971211 0.007574414 -2.522535563 -0.326770782 -0.007313788 0.945075333 98.793251038
0.940641880 -0.001982758 0.339394927 4.830909729 -0.000711231 0.999969244 0.007813052 -2.535957336 -0.339400053 -0.007590672 0.940611482 99.309280396
0.935516357 -0.002253795 0.353276193 5.050022125 -0.000422116 0.999971807 0.007497325 -2.541998386 -0.353283167 -0.007162994 0.935488999 99.816390991
0.930737197 -0.002842194 0.365677655 5.273077011 0.000181104 0.999973238 0.007311244 -2.549544096 -0.365688652 -0.006738621 0.930712819 100.319976807
0.926588118 -0.003088596 0.376064956 5.497856140 0.000472063 0.999975026 0.007049607 -2.560906887 -0.376077414 -0.006354556 0.926566482 100.823593140
0.921046555 -0.003315794 0.389438391 5.736782074 0.000842897 0.999978364 0.006520608 -2.564220667 -0.389451534 -0.005677527 0.921029449 101.325904846
0.915421963 -0.004182261 0.402473748 5.979103088 0.001614375 0.999976039 0.006719264 -2.575008392 -0.402492255 -0.005501218 0.915406883 101.818931580
0.910635293 -0.005308581 0.413176984 6.235866547 0.002823189 0.999974012 0.006625604 -2.586424828 -0.413201421 -0.004867032 0.910626709 102.316352844
0.904237688 -0.005197000 0.426997721 6.495529175 0.002499841 0.999973118 0.006876875 -2.597945213 -0.427022010 -0.005150903 0.904226601 102.811386108
0.897214234 -0.004811774 0.441569299 6.780895233 0.002194743 0.999976814 0.006437287 -2.598666668 -0.441590011 -0.004806494 0.897204041 103.333152771
0.891391277 -0.006044072 0.453194290 7.049953461 0.003427965 0.999972403 0.006593743 -2.609910011 -0.453221709 -0.004324070 0.891387343 103.809082031
0.885726333 -0.006005866 0.464168966 7.327323914 0.003221587 0.999971747 0.006791174 -2.620023251 -0.464196622 -0.004519761 0.885720670 104.302719116
0.878628850 -0.006744327 0.477457732 7.615451813 0.004280474 0.999971330 0.006248066 -2.626717567 -0.477486193 -0.003445987 0.878632486 104.776306152
