1.000000000 0.000000000 0.000000000 0.000000000 0.000000000 1.000000000 0.000000000 0.000000000 0.000000000 0.000000000 1.000000000 0.000000000
1.000000000 0.000027751 -0.000020521 0.000270426 -0.000027750 1.000000000 0.000028326 -0.000939672 0.000020522 -0.000028326 1.000000000 -0.001638625
1.000000000 -0.000030096 -0.000008143 0.000967756 0.000030096 1.000000000 -0.000005802 -0.000476039 0.000008143 0.000005802 1.000000000 -0.002545800
1.000000000 -0.000155432 -0.000111596 0.001748515 0.000155439 1.000000000 0.000061711 -0.001742095 0.000111587 -0.000061728 1.000000000 -0.004168195
1.000000000 -0.000140495 -0.000079628 -0.000265970 0.000140495 1.000000000 -0.000007026 0.000340539 0.000079629 0.000007015 1.000000000 -0.003023665
1.000000000 -0.000152281 -0.000036745 0.000799491 0.000152283 1.000000000 0.000054836 -0.000683070 0.000036736 -0.000054842 1.000000000 -0.001489581
1.000000000 -0.000195166 -0.000010620 0.000078384 0.000195167 1.000000000 0.000037815 -0.000630478 0.000010612 -0.000037817 1.000000000 -0.003819335
1.000000000 -0.000090770 -0.000046457 0.000073345 0.000090772 1.000000000 0.000037153 0.000457763 0.000046454 -0.000037158 1.000000000 -0.003874054
1.000000000 -0.000062010 -0.000026075 0.000300294 0.000062010 1.000000000 -0.000012696 0.000557325 0.000026075 0.000012695 1.000000000 -0.000359134
1.000000000 -0.000072894 -0.000061329 -0.000356551 0.000072894 1.000000000 -0.000001755 0.001215606 0.000061329 0.000001751 1.000000000 -0.001642157
1.000000000 -0.000145603 -0.000126261 0.000857638 0.000145608 1.000000000 0.000037352 -0.000338194 0.000126255 -0.000037370 1.000000000 -0.002766923
1.000000000 -0.000199576 -0.000095513 0.000088498 0.000199576 1.000000000 -0.000009203 0.000565945 0.000095515 0.000009184 1.000000000 -0.000370062
1.000000000 -0.000214923 -0.000048442 -0.000865473 0.000214925 1.000000000 0.000029401 0.001051230 0.000048435 -0.000029411 1.000000000 -0.000548515
1.000000000 -0.000162370 -0.000048898 0.000324046 0.000162371 1.000000000 0.000027525 -0.000095413 0.000048893 -0.000027533 1.000000000 -0.003526218
1.000000000 -0.000129892 -0.000087189 0.001292836 0.000129902 1.000000000 0.000119855 -0.000569033 0.000087173 -0.000119866 1.000000000 -0.003949608
1.000000000 -0.000114699 -0.000046837 0.002081998 0.000114704 1.000000000 0.000114083 -0.001337640 0.000046824 -0.000114088 1.000000000 -0.007222548
1.000000000 -0.000165459 -0.000099406 0.001135183 0.000165462 1.000000000 0.000030897 0.000768611 0.000099401 -0.000030913 1.000000000 -0.002487985
1.000000000 -0.000092988 -0.000096475 0.001037105 0.000092995 1.000000000 0.000077256 -0.000230685 0.000096468 -0.000077265 1.000000000 -0.004392762
0.999999940 -0.000260639 -0.000132603 0.000808092 0.000260648 0.999999940 0.000067487 -0.000571058 0.000132585 -0.000067522 1.000000000 -0.003744690
0.999999940 -0.000278966 -0.000129899 0.000990719 0.000278972 0.999999940 0.000040932 0.000583405 0.000129887 -0.000040968 1.000000000 -0.000536446
0.999999940 -0.000253989 -0.000102711 0.000095608 0.000253995 0.999999940 0.000055071 -0.000937278 0.000102697 -0.000055098 1.000000000 -0.003409761
1.000000000 -0.000166803 -0.000112731 0.002966618 0.000166812 1.000000000 0.000080922 -0.000029889 0.000112718 -0.000080941 1.000000000 -0.002081598
1.000000000 -0.000164891 -0.000112883 0.002462660 0.000164901 1.000000000 0.000084975 -0.000916358 0.000112869 -0.000084994 1.000000000 -0.002181445
0.999999940 -0.000234209 -0.000151971 0.001628380 0.000234224 0.999999940 0.000094177 -0.000714448 0.000151949 -0.000094212 1.000000000 -0.004505079
0.999999940 -0.000238022 -0.000184404 0.002767465 0.000238037 0.999999940 0.000080167 -0.000706721 0.000184385 -0.000080211 1.000000000 -0.004158110
0.999999940 -0.000281917 -0.000141123 0.001678635 0.000281927 0.999999940 0.000066149 0.000429394 0.000141105 -0.000066189 1.000000000 -0.002995531
0.999999940 -0.000268030 -0.000155591 0.002778043 0.000268041 0.999999940 0.000065970 -0.000284228 0.000155573 -0.000066012 1.000000000 -0.004333789
0.999999940 -0.000385028 -0.000129038 0.000834449 0.000385036 0.999999940 0.000059928 -0.000640967 0.000129015 -0.000059978 1.000000000 -0.005341678
0.999999940 -0.000201939 -0.000163844 0.001699250 0.000201952 1.000000000 0.000079066 -0.000129317 0.000163828 -0.000079099 1.000000000 -0.002369175
0.999999940 -0.000219865 -0.000123857 0.002711421 0.000219880 0.999999940 0.000114944 -0.001136814 0.000123832 -0.000114971 1.000000000 -0.004224767
0.999999940 -0.000274886 -0.000162222 0.000706836 0.000274898 0.999999940 0.000073793 0.000651029 0.000162202 -0.000073838 1.000000000 -0.001293063
0.999999940 -0.000293634 -0.000152286 0.000593439 0.000293648 0.999999940 0.000091653 0.000192462 0.000152259 -0.000091698 1.000000000 -0.003655660
0.999999940 -0.000211307 -0.000151247 0.001525984 0.000211309 1.000000000 0.000014412 0.000200210 0.000151244 -0.000014444 1.000000000 -0.002220685
0.999999940 -0.000306950 -0.000150136 0.001970771 0.000306957 0.999999940 0.000046451 0.000019390 0.000150121 -0.000046497 1.000000000 -0.001732949
0.999999940 -0.000296096 -0.000093887 0.000827835 0.000296104 0.999999940 0.000087780 -0.000821431 0.000093861 -0.000087807 1.000000000 -0.005632795
0.999999940 -0.000318726 -0.000191646 0.002944364 0.000318733 0.999999940 0.000033946 0.000234971 0.000191635 -0.000034007 1.000000000 -0.003194150
1.000000000 -0.000198874 -0.000139788 0.002829690 0.000198889 1.000000000 0.000104082 -0.000387291 0.000139767 -0.000104110 1.000000000 -0.006731609
0.999999940 -0.000288321 -0.000124710 0.000410342 0.000288327 0.999999940 0.000051283 0.000025324 0.000124695 -0.000051319 1.000000000 -0.004406755
0.999999940 -0.000262017 -0.000164161 0.001133931 0.000262038 0.999999940 0.000123791 0.000001238 0.000164128 -0.000123834 1.000000000 -0.003561319
0.999999940 -0.000292694 -0.000176956 0.002632346 0.000292700 0.999999940 0.000036328 -0.001046238 0.000176945 -0.000036380 1.000000000 0.000029600
0.999999940 -0.000266420 -0.000106548 0.001647233 0.000266363 0.999999821 -0.000541130 -0.000791460 0.000106692 0.000541102 0.999999821 0.048469238
1.000000000 -0.000106950 -0.000137174 0.001871696 0.000106796 0.999999344 -0.001124298 -0.003175014 0.000137294 0.001124283 0.999999344 0.140407890
1.000000000 -0.000187299 -0.000149459 0.005173814 0.000187087 0.999998987 -0.001422097 -0.007464169 0.000149725 0.001422069 0.999998987 0.254329145
1.000000000 -0.000208511 -0.000076803 0.005976086 0.000208403 0.999998987 -0.001396336 -0.012443760 0.000077094 0.001396320 0.999999046 0.389666528
1.000000000 -0.000113866 -0.000202550 0.011124827 0.000113636 0.999999344 -0.001138063 -0.019214163 0.000202680 0.001138040 0.999999344 0.524217844
1.000000000 -0.000170049 -0.000094132 0.012555066 0.000169949 0.999999404 -0.001059668 -0.022292130 0.000094313 0.001059652 0.999999464 0.684736967
1.000000000 -0.000137136 -0.000144980 0.020254640 0.000136999 0.999999523 -0.000949382 -0.025583554 0.000145110 0.000949363 0.999999523 0.844588399
0.999999940 0.000326023 0.000067702 0.017160704 -0.000325968 0.999999642 -0.000810031 -0.025793659 -0.000067966 0.000810009 0.999999642 1.021689296
1.000000000 -0.000112288 -0.000192047 0.028534811 0.000112180 0.999999821 -0.000563577 -0.037669040 0.000192110 0.000563555 0.999999821 1.179030895
1.000000000 0.000116653 0.000016488 0.029751645 -0.000116648 0.999999940 -0.000328637 -0.041374996 -0.000016527 0.000328636 0.999999940 1.368182421
1.000000000 0.000036604 -0.000116464 0.038324766 -0.000036634 0.999999940 -0.000258196 -0.048691325 0.000116455 0.000258201 0.999999940 1.560834169
0.999999940 -0.000005826 0.000249756 0.034243397 0.000005898 0.999999940 -0.000289612 -0.055108543 -0.000249754 0.000289614 0.999999940 1.778542638
0.999992549 0.003312456 -0.001956125 0.059485648 -0.003311140 0.999994218 0.000675637 -0.094196782 0.001958352 -0.000669155 0.999997854 1.947356582
0.999991834 0.003709205 -0.001549967 0.058294505 -0.003708321 0.999992907 0.000572804 -0.102102920 0.001552081 -0.000567051 0.999998629 2.151092768
0.999992967 0.003140814 -0.002052404 0.069510162 -0.003139026 0.999994695 0.000873999 -0.107756101 0.002055138 -0.000867550 0.999997497 2.370865345
0.999992609 0.003280955 -0.001977892 0.079821847 -0.003279314 0.999994218 0.000832212 -0.115921237 0.001980611 -0.000825720 0.999997735 2.580818653
0.999993265 0.003047711 -0.002048933 0.081918798 -0.003046057 0.999994934 0.000810217 -0.122797191 0.002051392 -0.000803970 0.999997556 2.819278240
0.999992788 0.003395568 -0.001765976 0.076532736 -0.003394506 0.999994040 0.000604363 -0.125552565 0.001768018 -0.000598364 0.999998271 3.069264889
0.999993145 0.003234550 -0.001793630 0.081145152 -0.003233410 0.999994576 0.000638047 -0.132429570 0.001795684 -0.000632243 0.999998212 3.308646679
0.999993563 0.003172365 -0.001691794 0.085821114 -0.003170946 0.999994576 0.000840760 -0.142876506 0.001694452 -0.000835390 0.999998212 3.544668198
0.999994278 0.002811686 -0.001908894 0.099080265 -0.002809547 0.999995410 0.001122714 -0.154929742 0.001912042 -0.001117344 0.999997616 3.805151701
0.999994874 0.002648668 -0.001795159 0.094351664 -0.002646774 0.999995887 0.001057132 -0.161837503 0.001797951 -0.001052375 0.999997914 4.063258648
0.999992907 0.003450074 -0.001516528 0.092960760 -0.003447524 0.999992669 0.001681170 -0.174630493 0.001522317 -0.001675930 0.999997437 4.322653294
0.999992490 0.003516017 -0.001651527 0.096584484 -0.003512848 0.999992013 0.001917813 -0.182553560 0.001658257 -0.001911997 0.999996781 4.574296474
0.999993563 0.003195761 -0.001649639 0.103770226 -0.003192589 0.999993086 0.001921943 -0.186268106 0.001655769 -0.001916664 0.999996781 4.840194225
0.999993980 0.003037856 -0.001674479 0.106823348 -0.003034220 0.999993086 0.002169293 -0.198755711 0.001681057 -0.002164199 0.999996245 5.108040810
0.999994814 0.002616446 -0.001813599 0.116518684 -0.002612416 0.999994159 0.002220622 -0.207933858 0.001819398 -0.002215873 0.999995887 5.365968227
0.999995112 0.002835314 -0.001314157 0.109775342 -0.002832446 0.999993622 0.002178893 -0.226487190 0.001320326 -0.002175160 0.999996781 5.632087708
0.999994874 0.002898579 -0.001318269 0.113019899 -0.002895565 0.999993205 0.002281708 -0.234595180 0.001324873 -0.002277879 0.999996543 5.907103062
0.999996483 0.002226488 -0.001441893 0.120167173 -0.002223099 0.999994755 0.002347600 -0.245423853 0.001447113 -0.002344387 0.999996245 6.179131031
0.999994993 0.002975813 -0.001063224 0.123244539 -0.002973318 0.999992788 0.002340851 -0.248755693 0.001070182 -0.002337678 0.999996722 6.476120949
0.999994814 0.003080129 -0.000972372 0.123378634 -0.003077833 0.999992549 0.002354175 -0.256495416 0.000979616 -0.002351170 0.999996841 6.751136303
0.999994338 0.003259645 -0.000828720 0.125514418 -0.003257546 0.999991536 0.002521942 -0.265967399 0.000836933 -0.002519228 0.999996483 7.042504311
0.999995708 0.002725223 -0.001000106 0.142636463 -0.002722130 0.999991477 0.003080392 -0.313702732 0.001008492 -0.003077657 0.999994755 7.311023712
0.999995470 0.002789176 -0.001126300 0.150939688 -0.002785564 0.999990940 0.003195425 -0.321621180 0.001135202 -0.003192273 0.999994278 7.629346848
0.999996722 0.002288343 -0.001132735 0.161335304 -0.002284626 0.999992073 0.003271547 -0.335327387 0.001140212 -0.003268948 0.999993980 7.948217869
0.999996603 0.002390886 -0.001037037 0.161760837 -0.002387384 0.999991477 0.003365681 -0.341220319 0.001045076 -0.003363194 0.999993801 8.258775711
0.999996006 0.002578517 -0.001089292 0.169783697 -0.002574974 0.999991477 0.003240944 -0.348183483 0.001097639 -0.003238126 0.999994159 8.582804680
0.999994278 0.003344182 -0.000491806 0.170237511 -0.003342433 0.999988198 0.003514246 -0.355620116 0.000503552 -0.003512582 0.999993682 8.935004234
0.999996126 0.002610867 -0.000868032 0.177818239 -0.002607771 0.999990284 0.003547821 -0.367569178 0.000877286 -0.003545544 0.999993265 9.238692284
0.999993443 0.003576264 -0.000516640 0.178046346 -0.003574397 0.999987245 0.003570153 -0.392363369 0.000529401 -0.003568283 0.999993503 9.632355690
0.999992788 0.003757832 -0.000460621 0.189067155 -0.003756027 0.999985516 0.003858484 -0.402566493 0.000475114 -0.003856727 0.999992430 9.972427368
0.999992371 0.003906226 -0.000163480 0.190175503 -0.003905591 0.999985397 0.003723635 -0.411301911 0.000178023 -0.003722968 0.999993026 10.346171379
0.999993563 0.003579107 -0.000114769 0.202295333 -0.003578633 0.999985993 0.003901358 -0.421289802 0.000128731 -0.003900923 0.999992371 10.708079338
0.999995172 0.003145748 -0.000204787 0.206424803 -0.003144787 0.999984741 0.004536479 -0.445018828 0.000219055 -0.004535813 0.999989629 11.063700676
0.999995053 0.003143245 -0.000273236 0.216240466 -0.003141957 0.999984503 0.004594479 -0.457567334 0.000287673 -0.004593598 0.999989390 11.433787346
0.999993145 0.003695680 0.000179134 0.217991531 -0.003696460 0.999982715 0.004568250 -0.463051409 -0.000162249 -0.004568881 0.999989569 11.825095177
0.999994755 0.003241455 -0.000187227 0.232811168 -0.003240525 0.999983370 0.004769135 -0.477247894 0.000202683 -0.004768503 0.999988616 12.199406624
0.999996722 0.002557077 -0.000229774 0.249827638 -0.002555909 0.999984443 0.004948678 -0.495607615 0.000242425 -0.004948074 0.999987721 12.571942329
0.999995708 0.002930454 -0.000008176 0.253894001 -0.002930379 0.999983609 0.004917177 -0.504178762 0.000022585 -0.004917133 0.999987900 12.977183342
0.999995768 0.002878059 -0.000472128 0.270621717 -0.002875599 0.999982774 0.005131245 -0.518747211 0.000486888 -0.005129866 0.999986708 13.360350609
0.999996126 0.002759985 -0.000108724 0.278173238 -0.002759391 0.999983072 0.005132921 -0.528195739 0.000122889 -0.005132601 0.999986768 13.772125244
0.999996543 0.002618833 -0.000029644 0.290700972 -0.002618640 0.999982774 0.005259591 -0.539687037 0.000043418 -0.005259496 0.999986172 14.191088676
0.999996901 0.002461320 0.000126744 0.295498163 -0.002461967 0.999982595 0.005388124 -0.565545082 -0.000113480 -0.005388421 0.999985456 14.571613312
0.999997497 0.002220010 0.000294811 0.302100509 -0.002221606 0.999982297 0.005528581 -0.574786961 -0.000282532 -0.005529223 0.999984622 14.998888016
0.999997556 0.002165265 0.000316041 0.312534004 -0.002167005 0.999981999 0.005612291 -0.587373376 -0.000303883 -0.005612963 0.999984145 15.441693306
0.999997199 0.002241054 0.000797108 0.333391726 -0.002245923 0.999978483 0.006161706 -0.614047289 -0.000783283 -0.006163479 0.999980688 15.850694656
0.999997079 0.002247552 0.000964698 0.344012976 -0.002253595 0.999977589 0.006308768 -0.625221550 -0.000950497 -0.006310923 0.999979675 16.298149109
0.999997735 0.001891181 0.001015638 0.359339982 -0.001897568 0.999978125 0.006325378 -0.642735660 -0.001003654 -0.006327291 0.999979436 16.726234436
0.999996841 0.001880005 0.001637771 0.357942343 -0.001890398 0.999977887 0.006367682 -0.660210192 -0.001625763 -0.006370759 0.999978364 17.180124283
0.999996185 0.001884464 0.002052298 0.365159065 -0.001897484 0.999978006 0.006360712 -0.667129040 -0.002040267 -0.006364582 0.999977589 17.652149200
0.999996305 0.001493593 0.002265598 0.380891114 -0.001508185 0.999978065 0.006452681 -0.680596828 -0.002255910 -0.006456073 0.999976635 18.113950729
0.999995768 0.001635852 0.002411077 0.391824126 -0.001652304 0.999975264 0.006837416 -0.691863358 -0.002399833 -0.006841371 0.999973714 18.556579590
0.999995172 0.001786662 0.002546712 0.401246071 -0.001803890 0.999975443 0.006778697 -0.703122914 -0.002534538 -0.006783258 0.999973774 19.022642136
0.999994516 0.002103053 0.002547096 0.418222904 -0.002120077 0.999975324 0.006699316 -0.712424397 -0.002532945 -0.006704679 0.999974251 19.502351761
0.999994099 0.002331774 0.002530989 0.425430536 -0.002349475 0.999972701 0.007013551 -0.729431391 -0.002514566 -0.007019456 0.999972165 19.967962265
0.999996066 0.001674817 0.002211241 0.440310925 -0.001690711 0.999972582 0.007205786 -0.748047352 -0.002199112 -0.007209498 0.999971509 20.458606720
0.999997616 0.001331031 0.001732875 0.449974209 -0.001343378 0.999973595 0.007143603 -0.757864416 -0.001723322 -0.007145914 0.999972939 20.952142715
0.999998510 0.001359983 0.001029219 0.463630408 -0.001367143 0.999974608 0.006988803 -0.761041641 -0.001019689 -0.006990200 0.999975026 21.461135864
0.999999344 0.000661762 0.000837866 0.455296904 -0.000668290 0.999969244 0.007814146 -0.805640161 -0.000832670 -0.007814700 0.999969125 21.931243896
0.999998927 0.001148163 0.000883939 0.464321792 -0.001155003 0.999969125 0.007776189 -0.810272098 -0.000874983 -0.007777201 0.999969363 22.428695679
0.999999762 0.000742094 0.000158268 0.480175048 -0.000743314 0.999968886 0.007849240 -0.824443221 -0.000152438 -0.007849354 0.999969184 22.966712952
0.999999523 -0.000283658 -0.000912735 0.500898182 0.000291098 0.999966621 0.008161154 -0.845290899 0.000910390 -0.008161414 0.999966264 23.402614594
0.999999344 -0.000515487 -0.001003643 0.503400326 0.000523487 0.999967992 0.007987801 -0.858521938 0.000999493 -0.007988320 0.999967575 23.926731110
0.999997675 -0.000758722 -0.002019916 0.518703043 0.000775093 0.999966800 0.008116560 -0.862062454 0.002013691 -0.008118105 0.999965012 24.454767227
0.999997675 0.000707239 -0.002004048 0.514260352 -0.000690992 0.999966979 0.008096106 -0.875088811 0.002009708 -0.008094703 0.999965191 24.945306778
0.999996185 0.000698440 -0.002647704 0.519314229 -0.000675564 0.999962449 0.008631121 -0.886620164 0.002653633 -0.008629300 0.999959230 25.482830048
0.999995589 0.000772016 -0.002866633 0.528194129 -0.000749042 0.999967635 0.008006759 -0.894024730 0.002872722 -0.008004577 0.999963820 26.041122437
0.999993980 0.000317133 -0.003453894 0.539104104 -0.000286970 0.999961853 0.008729937 -0.911971986 0.003456531 -0.008728894 0.999955952 26.542140961
0.999990880 -0.000013433 -0.004273278 0.558947742 0.000051567 0.999960244 0.008923895 -0.931229532 0.004272988 -0.008924033 0.999951065 27.090948105
0.999989569 0.000911562 -0.004465257 0.565442801 -0.000871946 0.999960303 0.008865972 -0.943005979 0.004473161 -0.008861986 0.999950767 27.621149063
0.999987960 0.001150999 -0.004772732 0.574808717 -0.001108468 0.999959767 0.008904400 -0.950088978 0.004782788 -0.008899001 0.999948978 28.133443832
0.999987543 0.000797583 -0.004923474 0.569345057 -0.000752102 0.999957025 0.009232466 -0.966861367 0.004930626 -0.009228646 0.999945283 28.645376205
0.999985576 0.000730740 -0.005331861 0.579771280 -0.000683122 0.999959886 0.008927201 -0.976781547 0.005338171 -0.008923428 0.999945998 29.193883896
0.999983013 0.000765160 -0.005770069 0.587298989 -0.000713174 0.999959171 0.009006290 -0.987750053 0.005776724 -0.009002022 0.999942839 29.745513916
0.999982059 0.000462713 -0.005976018 0.592061520 -0.000405790 0.999954581 0.009522904 -1.003016710 0.005980153 -0.009520307 0.999936819 30.292230606
0.999983549 0.000527693 -0.005712365 0.591449857 -0.000472473 0.999953151 0.009663620 -1.021946073 0.005717197 -0.009660764 0.999936938 30.795354843
0.999979973 0.000269569 -0.006318089 0.605991542 -0.000209123 0.999954283 0.009565872 -1.038642406 0.006320378 -0.009564361 0.999934256 31.335481644
0.999976635 0.000007272 -0.006847139 0.628947258 0.000059501 0.999952435 0.009751783 -1.060199618 0.006846884 -0.009751962 0.999929011 31.852006912
0.999980688 0.000412712 -0.006200844 0.603043497 -0.000352268 0.999952435 0.009745633 -1.058508158 0.006204571 -0.009743262 0.999933302 32.386524200
0.999978423 0.000616783 -0.006551167 0.607867897 -0.000551840 0.999950707 0.009910317 -1.072825670 0.006556957 -0.009906488 0.999929488 32.930282593
0.999977767 0.000341915 -0.006664265 0.616328239 -0.000278101 0.999954104 0.009574147 -1.079093218 0.006667234 -0.009572080 0.999931991 33.468750000
0.999973774 0.000674196 -0.007212707 0.631282568 -0.000602178 0.999949932 0.009982417 -1.109966755 0.007219076 -0.009977812 0.999924123 33.997520447
0.999972761 0.000613993 -0.007362214 0.638429582 -0.000541913 0.999951899 0.009788478 -1.119036198 0.007367870 -0.009784222 0.999925017 34.535697937
0.999971867 0.000984223 -0.007432002 0.650018334 -0.000911476 0.999951661 0.009785342 -1.131767750 0.007441274 -0.009778294 0.999924481 35.081851959
0.999972463 0.000406797 -0.007419680 0.660135865 -0.000332908 0.999950349 0.009957027 -1.137606025 0.007423362 -0.009954281 0.999922872 35.628890991
0.999969542 0.000045910 -0.007795287 0.654489875 0.000037575 0.999942601 0.010709200 -1.188503981 0.007795332 -0.010709167 0.999912202 36.152484894
0.999964833 -0.000032874 -0.008377285 0.662595809 0.000122597 0.999942601 0.010710031 -1.195907712 0.008376452 -0.010710682 0.999907553 36.688983917
0.999963045 -0.000114610 -0.008594005 0.669245362 0.000209040 0.999939620 0.010987828 -1.213207126 0.008592227 -0.010989219 0.999902666 37.246742249
0.999965608 0.000118417 -0.008294309 0.670799255 -0.000030293 0.999943554 0.010623969 -1.216913819 0.008295098 -0.010623353 0.999909103 37.785461426
0.999965668 0.000620889 -0.008268598 0.672745109 -0.000530103 0.999939561 0.010977326 -1.234780073 0.008274914 -0.010972567 0.999905527 38.309440613
0.999962568 -0.000804013 -0.008606529 0.676110506 0.000904431 0.999931455 0.011670074 -1.254340410 0.008596556 -0.011677424 0.999894798 38.832050323
0.999962151 -0.000370365 -0.008683462 0.686886966 0.000475032 0.999927223 0.012054677 -1.269392252 0.008678365 -0.012058347 0.999889672 39.371379852
0.999959588 -0.000628936 -0.008960939 0.699804544 0.000740129 0.999922752 0.012410766 -1.287366629 0.008952440 -0.012416896 0.999882817 39.921760559
0.999961078 -0.000432406 -0.008809694 0.704940319 0.000537219 0.999929070 0.011898519 -1.297922492 0.008803924 -0.011902791 0.999890387 40.479393005
0.999963224 0.000316758 -0.008562814 0.692244172 -0.000216371 0.999931276 0.011721996 -1.291690826 0.008565937 -0.011719713 0.999894619 40.995502472
0.999959707 -0.000894509 -0.008931254 0.716493428 0.001012709 0.999911845 0.013238646 -1.365309000 0.008918625 -0.013247157 0.999872446 41.491695404
0.999956131 -0.001372897 -0.009261782 0.726992488 0.001498188 0.999907315 0.013534321 -1.371597409 0.009242342 -0.013547603 0.999865532 42.037776947
0.999953568 -0.001307313 -0.009548833 0.735282063 0.001436767 0.999907017 0.013562826 -1.378772497 0.009530213 -0.013575915 0.999862432 42.587970734
0.999951780 -0.001034376 -0.009766222 0.748310864 0.001161791 0.999914229 0.013049890 -1.386154413 0.009751885 -0.013060606 0.999867201 43.134773254
0.999958098 -0.001210190 -0.009076806 0.745261908 0.001332441 0.999908268 0.013474558 -1.415152073 0.009059668 -0.013486089 0.999868035 43.636238098
0.999958575 -0.000812238 -0.009061063 0.757352591 0.000934136 0.999908984 0.013456861 -1.425621152 0.009049309 -0.013464770 0.999868333 44.169437408
0.999955237 -0.001216685 -0.009375195 0.761091232 0.001341580 0.999910295 0.013327131 -1.434176445 0.009358139 -0.013339113 0.999867260 44.709918976
0.999951899 -0.001666236 -0.009663192 0.775280178 0.001796927 0.999906838 0.013531720 -1.452668548 0.009639746 -0.013548435 0.999861777 45.234397888
0.999951482 -0.001770541 -0.009682775 0.777142763 0.001900247 0.999908388 0.013402806 -1.458353877 0.009658158 -0.013420556 0.999863327 45.789291382
0.999956727 -0.000920324 -0.009250574 0.781782150 0.001046304 0.999906719 0.013623096 -1.477801085 0.009237173 -0.013632188 0.999864459 46.308734894
0.999956429 -0.001075605 -0.009271032 0.769402027 0.001203514 0.999903977 0.013802099 -1.481853247 0.009255297 -0.013812656 0.999861717 46.846752167
0.999952793 -0.001238981 -0.009636955 0.776202142 0.001370998 0.999905169 0.013704532 -1.489071965 0.009619062 -0.013717097 0.999859691 47.392658234
0.999955356 -0.000975375 -0.009400734 0.782509744 0.001106492 0.999902070 0.013952423 -1.499017835 0.009386204 -0.013962200 0.999858499 47.935173035
0.999952912 -0.001604600 -0.009566727 0.800718307 0.001732940 0.999908447 0.013422067 -1.508060217 0.009544315 -0.013438014 0.999864101 48.464233398
0.999953270 -0.001324843 -0.009576347 0.800359726 0.001458854 0.999900877 0.014000546 -1.522632122 0.009556849 -0.014013863 0.999856114 48.968730927
0.999957740 -0.001039358 -0.009136032 0.802409768 0.001170320 0.999896467 0.014341095 -1.531599283 0.009120180 -0.014351182 0.999855459 49.503849030
0.999954104 -0.001358337 -0.009481884 0.806133807 0.001492770 0.999898255 0.014185235 -1.543398499 0.009461651 -0.014198740 0.999854445 50.017223358
0.999955595 -0.000836764 -0.009384708 0.816420078 0.000970620 0.999897718 0.014267687 -1.554234624 0.009371811 -0.014276163 0.999854207 50.556514740
0.999953330 -0.001022657 -0.009600553 0.819118142 0.001161086 0.999895215 0.014424395 -1.560052872 0.009584795 -0.014434868 0.999849856 51.079868317
0.999951303 -0.001135312 -0.009796416 0.827055931 0.001271651 0.999902248 0.013922297 -1.566817045 0.009779653 -0.013934080 0.999855042 51.631652832
0.999954045 -0.001042593 -0.009541664 0.828571498 0.001181120 0.999893844 0.014524000 -1.578171015 0.009525510 -0.014534601 0.999849021 52.141712189
0.999951065 -0.001488600 -0.009776206 0.838040411 0.001627667 0.999897480 0.014232555 -1.588261366 0.009754017 -0.014247773 0.999850929 52.677703857
0.999950588 -0.001202092 -0.009873669 0.845781565 0.001344043 0.999895632 0.014382663 -1.601318836 0.009855350 -0.014395224 0.999847829 53.238323212
0.999954104 -0.000827307 -0.009536993 0.846681595 0.000968657 0.999889612 0.014826134 -1.610858917 0.009523672 -0.014834694 0.999844551 53.719490051
0.999953926 -0.000823721 -0.009561597 0.851466179 0.000961481 0.999895632 0.014411964 -1.619699478 0.009548727 -0.014420493 0.999850392 54.274269104
0.999953210 -0.000710381 -0.009649131 0.854330778 0.000848481 0.999897182 0.014315603 -1.621165991 0.009637970 -0.014323121 0.999850929 54.831565857
0.999955833 -0.000748437 -0.009366294 0.864692807 0.000890162 0.999885023 0.015136359 -1.643340588 0.009353890 -0.015144030 0.999841511 55.284172058
0.999953806 -0.001205876 -0.009534899 0.874785304 0.001352168 0.999881208 0.015351291 -1.654541254 0.009515256 -0.015363475 0.999836683 55.832256317
0.999952614 -0.001228423 -0.009650977 0.891604960 0.001376058 0.999881864 0.015305749 -1.660388708 0.009631036 -0.015318304 0.999836266 56.359157562
0.999953330 -0.001211429 -0.009585515 0.887604594 0.001360489 0.999877930 0.015559388 -1.673210859 0.009565498 -0.015571701 0.999832928 56.923847198
0.999958038 -0.000683274 -0.009135301 0.893870652 0.000819428 0.999888539 0.014908707 -1.671713948 0.009124096 -0.014915567 0.999847114 57.381103516
0.999957561 -0.000643584 -0.009185597 0.901458442 0.000781480 0.999886990 0.015016501 -1.678340793 0.009174895 -0.015023042 0.999845028 57.927013397
0.999954581 -0.000354182 -0.009532316 0.913063824 0.000496099 0.999889135 0.014889666 -1.687400460 0.009525985 -0.014893716 0.999843717 58.455204010
0.999956191 -0.000482783 -0.009349111 0.924201787 0.000622698 0.999887824 0.014968483 -1.689882517 0.009340836 -0.014973649 0.999844253 58.999233246
0.999953866 -0.001284780 -0.009515286 0.934752405 0.001429721 0.999882817 0.015241316 -1.702752113 0.009494588 -0.015254218 0.999838531 59.482883453
0.999956548 -0.000963773 -0.009273957 0.944944620 0.001102011 0.999888182 0.014912487 -1.710855007 0.009258547 -0.014922057 0.999845803 60.030281067
0.999950767 -0.001326635 -0.009835782 0.972076833 0.001477723 0.999880731 0.015369794 -1.723030210 0.009814220 -0.015383571 0.999833465 60.566825867
0.999952316 -0.001006213 -0.009713029 0.972047329 0.001157647 0.999877691 0.015597807 -1.730905652 0.009696145 -0.015608308 0.999831140 61.123317719
0.999955952 -0.000786171 -0.009354721 0.978716910 0.000928275 0.999884129 0.015195916 -1.743884683 0.009341691 -0.015203930 0.999840736 61.632896423
0.999945998 -0.001933055 -0.010207418 0.977532148 0.002088282 0.999881864 0.015218565 -1.750531197 0.010176795 -0.015239059 0.999832094 62.173011780
0.999958456 -0.000332137 -0.009110500 0.977357447 0.000474278 0.999878109 0.015604086 -1.777228594 0.009104207 -0.015607757 0.999836743 62.641643524
0.999958396 -0.000205233 -0.009123866 0.978167355 0.000346748 0.999879599 0.015511578 -1.780237198 0.009119586 -0.015514095 0.999837995 63.171527863
0.999953806 -0.000498045 -0.009598770 0.984974146 0.000649899 0.999874532 0.015823448 -1.795105219 0.009589685 -0.015828954 0.999828756 63.721309662
0.999960899 0.000276971 -0.008845204 0.971198738 -0.000139142 0.999878645 0.015579124 -1.803014159 0.008848445 -0.015577283 0.999839544 64.267028809
0.999958038 -0.000683091 -0.009133252 0.998769999 0.000825957 0.999877214 0.015647739 -1.807188392 0.009121440 -0.015654625 0.999835849 64.748794556
0.999958515 -0.000408166 -0.009089280 1.000647783 0.000550428 0.999877274 0.015654694 -1.812350512 0.009081774 -0.015659044 0.999836147 65.307212830
0.999959826 0.000021627 -0.008963307 1.006470203 0.000115559 0.999882877 0.015304502 -1.816604614 0.008962589 -0.015304921 0.999842644 65.844284058
0.999954224 -0.000794962 -0.009532587 1.018310070 0.000942265 0.999880075 0.015458111 -1.832767963 0.009519155 -0.015466383 0.999835074 66.360649109
0.999961197 0.000747169 -0.008775424 1.012264371 -0.000615145 0.999886692 0.015037796 -1.845615387 0.008785665 -0.015031811 0.999848425 66.905319214
0.999957860 -0.000800266 -0.009144384 1.007860661 0.000941387 0.999880373 0.015438664 -1.855133057 0.009130936 -0.015446622 0.999839008 67.381019592
0.999951422 -0.001447517 -0.009750053 1.021432638 0.001597233 0.999880672 0.015365165 -1.859027743 0.009726649 -0.015379992 0.999834359 67.932365417
0.999951601 -0.001309583 -0.009751884 1.033277154 0.001462295 0.999876142 0.015669161 -1.877599478 0.009730157 -0.015682662 0.999829650 68.461555481
0.999952972 -0.000817466 -0.009656501 1.034363389 0.000968343 0.999877393 0.015630074 -1.870968699 0.009642540 -0.015638690 0.999831200 68.997978210
0.999960005 -0.000634892 -0.008916009 1.041039228 0.000767446 0.999889135 0.014871404 -1.861538529 0.008905577 -0.014877653 0.999849677 69.536361694
0.999966383 0.000271760 -0.008191465 0.990577638 -0.000142329 0.999875188 0.015797092 -1.923769236 0.008194736 -0.015795397 0.999841690 69.873451233
0.999964952 0.000362817 -0.008367372 0.998028636 -0.000228398 0.999870896 0.016060000 -1.930391669 0.008372120 -0.016057529 0.999836028 70.419853210
0.999966860 0.001402706 -0.008017235 1.000226378 -0.001277217 0.999876857 0.015636157 -1.934446096 0.008038182 -0.015625400 0.999845684 70.982009888
0.999967813 0.000700639 -0.007987148 1.015676975 -0.000574496 0.999875128 0.015784590 -1.957872510 0.007997212 -0.015779495 0.999843478 71.461090088
0.999966085 0.000884615 -0.008182865 1.020970345 -0.000758543 0.999881148 0.015397143 -1.955461383 0.008195514 -0.015390414 0.999848008 72.017593384
0.999963105 -0.000130609 -0.008590924 1.025047064 0.000267594 0.999872804 0.015946105 -1.958180189 0.008587749 -0.015947815 0.999835968 72.544685364
0.999966919 0.000557485 -0.008131847 1.023171067 -0.000428578 0.999874353 0.015845306 -1.963981271 0.008139660 -0.015841294 0.999841392 73.082862854
0.999966621 0.000501191 -0.008161540 1.030197263 -0.000372189 0.999875128 0.015799887 -1.973429441 0.008168442 -0.015796321 0.999841869 73.597747803
0.999964893 -0.000001149 -0.008381898 1.025073051 0.000135218 0.999872088 0.015994545 -1.981642246 0.008380810 -0.015995117 0.999836922 74.092651367
0.999967098 0.000074081 -0.008102871 1.036396503 0.000052254 0.999878407 0.015590106 -1.986671925 0.008103042 -0.015590020 0.999845684 74.615058899
0.999966025 0.000126021 -0.008237117 1.061441422 0.000002861 0.999877572 0.015644612 -1.989045620 0.008238079 -0.015644103 0.999843657 75.086547852
0.999962091 -0.000590465 -0.008688063 1.071607113 0.000727747 0.999874771 0.015806485 -2.002780199 0.008677642 -0.015812209 0.999837279 75.609382629
0.999961495 -0.000452612 -0.008763155 1.072351217 0.000592145 0.999873042 0.015926559 -2.013563156 0.008754833 -0.015931135 0.999834716 76.163246155
0.999963641 -0.000441542 -0.008509335 1.082516670 0.000572429 0.999881446 0.015385360 -2.008650780 0.008501533 -0.015389675 0.999845386 76.701301575
0.999970913 0.000490432 -0.007625339 1.079649687 -0.000370208 0.999875665 0.015759857 -2.010830879 0.007632121 -0.015756572 0.999846756 77.167747498
0.999971271 0.000173179 -0.007581966 1.090079308 -0.000055621 0.999879718 0.015502323 -2.018173218 0.007583739 -0.015501453 0.999851167 77.718276978
0.999972165 0.001305400 -0.007342537 1.081240177 -0.001190251 0.999876559 0.015665084 -2.032603264 0.007362081 -0.015655911 0.999850273 78.183494568
0.999972880 0.000217081 -0.007378337 1.071595311 -0.000097841 0.999869406 0.016157337 -2.091324329 0.007380883 -0.016156172 0.999842227 78.507575989
0.999978781 -0.000016623 -0.006522688 1.080564857 0.000118703 0.999877512 0.015649809 -2.095114470 0.006521629 -0.015650250 0.999856293 79.052215576
0.999988794 0.000296846 -0.004718621 1.074118853 -0.000225802 0.999886751 0.015049564 -2.045113564 0.004722554 -0.015048333 0.999875605 79.909057617
0.999995172 0.000430048 -0.003061615 1.102885723 -0.000383569 0.999884844 0.015165721 -2.055444717 0.003067784 -0.015164476 0.999880254 80.447158813
0.999999404 0.000957274 0.000497536 1.119632125 -0.000964701 0.999884784 0.015147737 -2.064774513 -0.000482979 -0.015148208 0.999885082 80.989379883
0.999990880 0.000699518 0.004206237 1.141009927 -0.000764597 0.999879658 0.015490288 -2.072193384 -0.004194895 -0.015493363 0.999871194 81.544647217
0.999973238 0.000182237 0.007313009 1.146463394 -0.000295871 0.999879122 0.015540525 -2.075409412 -0.007309295 -0.015542274 0.999852479 82.089675903
0.999925554 0.000725145 0.012177288 1.166660070 -0.000904832 0.999890625 0.014756946 -2.067614079 -0.012165255 -0.014766867 0.999817073 82.647857666
0.999836445 0.000496791 0.018077213 1.194454670 -0.000770931 0.999884784 0.015161120 -2.083465576 -0.018067602 -0.015172577 0.999721646 83.199729919
0.999722302 0.000081684 0.023564871 1.226593256 -0.000425674 0.999893427 0.014592910 -2.092689037 -0.023561172 -0.014598886 0.999615848 83.745605469
0.999572933 -0.000038046 0.029220788 1.252195120 -0.000382232 0.999896526 0.014377143 -2.090784073 -0.029218312 -0.014382173 0.999469519 84.288810730
0.999315858 -0.000406951 0.036981292 1.288710356 -0.000111395 0.999901772 0.014013298 -2.091497898 -0.036983363 -0.014007830 0.999217629 84.856689453
0.998984873 -0.000245403 0.045046214 1.332885504 -0.000401343 0.999897003 0.014347778 -2.100915432 -0.045045108 -0.014351295 0.998881817 85.403900146
0.998655856 -0.001108927 0.051819041 1.381909847 0.000386110 0.999902546 0.013956805 -2.103110552 -0.051829476 -0.013918038 0.998558939 85.961067200
0.998146474 -0.000085061 0.060857601 1.431548119 -0.000789143 0.999896884 0.014340565 -2.118454933 -0.060852546 -0.014362010 0.998043358 86.469070435
0.997510254 -0.001141895 0.070512399 1.500360966 0.000128319 0.999896646 0.014377286 -2.134230137 -0.070521541 -0.014332442 0.997407258 87.008018494
0.996878922 -0.001817283 0.078924991 1.567199707 0.000690765 0.999897540 0.014298229 -2.140279293 -0.078942880 -0.014199083 0.996777952 87.542732239
0.996188045 -0.001139130 0.087224230 1.624629974 -0.000107675 0.999897897 0.014288214 -2.156425476 -0.087231606 -0.014243142 0.996086180 88.072494507
0.995201707 -0.001097706 0.097838625 1.700338364 -0.000277552 0.999901354 0.014041671 -2.164485216 -0.097844392 -0.014001449 0.995103240 88.614196777
0.994075239 -0.000947535 0.108689860 1.776813030 -0.000642955 0.999893248 0.014597305 -2.162824154 -0.108692080 -0.014580705 0.993968487 89.222526550
0.993132949 -0.002498840 0.116964065 1.875990868 0.000859088 0.999900699 0.014067602 -2.176503658 -0.116987601 -0.013870521 0.993036568 89.703010559
0.991593957 -0.000838009 0.129386336 1.950634956 -0.001050937 0.999893904 0.014530310 -2.171892166 -0.129384771 -0.014544144 0.991487801 90.336669922
0.990081429 -0.002516214 0.140473008 2.077626228 0.000528122 0.999899209 0.014188319 -2.186411858 -0.140494585 -0.013973402 0.989982784 90.861312866
0.988544583 -0.003525395 0.150887534 2.188309669 0.001365429 0.999895155 0.014416285 -2.200734138 -0.150922552 -0.014045115 0.988445818 91.390228271
0.986835539 -0.002366209 0.161709189 2.300481796 0.000149293 0.999905884 0.013720053 -2.203178406 -0.161726445 -0.013515295 0.986743093 91.971534729
0.984646380 -0.002691363 0.174540371 2.422345161 0.000303833 0.999906063 0.013704234 -2.210412502 -0.174560890 -0.013440792 0.984554648 92.500648499
0.982386708 -0.003650185 0.186823517 2.536697388 0.001073209 0.999902904 0.013892920 -2.214554310 -0.186856091 -0.013447721 0.982295275 93.037590027
0.980450153 -0.004154598 0.196723551 2.681776047 0.001417890 0.999900281 0.014050246 -2.225367069 -0.196762294 -0.013496633 0.980358303 93.597610474
0.977802992 -0.004176605 0.209484681 2.822782516 0.001227830 0.999898374 0.014204403 -2.233165264 -0.209522694 -0.013631896 0.977708757 94.125717163
0.974814415 -0.004921701 0.222963423 2.962356567 0.001857728 0.999900937 0.013949705 -2.237248898 -0.223009959 -0.013184167 0.974726975 94.656951904
0.971987009 -0.004394012 0.234993741 3.093669891 0.001202486 0.999905109 0.013722895 -2.234113932 -0.235031724 -0.013055897 0.971900105 95.183677673
0.969129801 -0.004860015 0.246503100 3.273046494 0.001448659 0.999900699 0.014018461 -2.266675711 -0.246546775 -0.013228608 0.969040632 95.723495483
0.965584636 -0.005157699 0.260038078 3.440347672 0.001430566 0.999893606 0.014520250 -2.278749943 -0.260085344 -0.013648528 0.965489209 96.241149902
0.962227702 -0.005778282 0.272184342 3.617599487 0.002114956 0.999903262 0.013750436 -2.278154373 -0.272237450 -0.012655394 0.962146997 96.783378601
0.958928943 -0.005978404 0.283583432 3.837568283 0.002136457 0.999901712 0.013855202 -2.265103579 -0.283638418 -0.012680290 0.958847463 97.413330078
0.954612255 -0.005595361 0.297798932 3.985084534 0.001588029 0.999904871 0.013696749 -2.269550800 -0.297847271 -0.012602169 0.954530418 97.888648987
0.950277269 -0.006474965 0.311337501 4.224739075 0.002216878 0.999899089 0.014028710 -2.281759262 -0.311396837 -0.012640970 0.950195849 98.463569641
0.946540952 -0.006857692 0.322510749 4.421310425 0.002481530 0.999899149 0.013978233 -2.289657593 -0.322574168 -0.012430648 0.946462572 98.974197388
0.942157328 -0.007633734 0.335084081 4.633586884 0.003072104 0.999895275 0.014141315 -2.300460339 -0.335156947 -0.012293929 0.942082107 99.491760254
0.937125683 -0.008131893 0.348897368 4.851533890 0.003559703 0.999899209 0.013743824 -2.307632446 -0.348973960 -0.011637720 0.937060177 100.011772156
0.932555974 -0.007997235 0.360936970 5.072580338 0.003142579 0.999896526 0.014035078 -2.318282604 -0.361011803 -0.011954221 0.932484686 100.512207031
0.928251982 -0.009187046 0.371838480 5.302484512 0.004222000 0.999890745 0.014164649 -2.320721626 -0.371928066 -0.011578460 0.928189337 101.028625488
0.922839284 -0.009491295 0.385068238 5.533994675 0.004382282 0.999890327 0.014143236 -2.325951576 -0.385160297 -0.011364454 0.922779739 101.528137207
0.917047083 -0.008715613 0.398683727 5.768039703 0.003367490 0.999894738 0.014112812 -2.328740120 -0.398764819 -0.011599547 0.916979849 102.008605957
0.911870003 -0.008602038 0.410388976 6.019245148 0.003145243 0.999897420 0.013969926 -2.336920977 -0.410467058 -0.011447982 0.911803544 102.519302368
0.905547500 -0.008501137 0.424159616 6.275447845 0.002793288 0.999896944 0.014076792 -2.340918064 -0.424235582 -0.011562401 0.905478060 103.015548706
0.898874760 -0.009387269 0.438105077 6.559806824 0.003544023 0.999893546 0.014153306 -2.351160049 -0.438191324 -0.011169393 0.898812354 103.516204834
0.892880380 -0.009596718 0.450191557 6.831150055 0.003547581 0.999891758 0.014278621 -2.364023924 -0.450279891 -0.011152009 0.892817855 103.988845825
0.887448847 -0.011049906 0.460773796 7.120006561 0.004913282 0.999882519 0.014515416 -2.369360447 -0.460880011 -0.010617780 0.887398899 104.505775452
0.880297363 -0.011712915 0.474277645 7.408889771 0.005336219 0.999876380 0.014788819 -2.380581856 -0.474392414 -0.010487707 0.880250990 104.986862183
0.873425364 -0.011658182 0.486818552 7.703758240 0.005277784 0.999881208 0.014475726 -2.377344131 -0.486929476 -0.010074141 0.873383284 105.477149963
