1.000000000 0.000000000 0.000000000 0.000000000 0.000000000 1.000000000 0.000000000 0.000000000 0.000000000 0.000000000 1.000000000 0.000000000
1.000000000 0.000060723 0.000085995 -0.000578332 -0.000060735 1.000000000 0.000144733 -0.000476682 -0.000085986 -0.000144738 1.000000000 0.000429084
1.000000000 0.000040085 0.000145954 -0.001046567 -0.000040085 1.000000000 -0.000003865 0.000291126 -0.000145954 0.000003859 1.000000000 0.000193878
1.000000000 0.000060289 0.000056383 -0.000610308 -0.000060292 1.000000000 0.000041143 -0.000540232 -0.000056380 -0.000041146 1.000000000 -0.000455706
1.000000000 0.000044717 0.000172768 -0.001206817 -0.000044732 1.000000000 0.000086292 -0.000296365 -0.000172764 -0.000086300 1.000000000 0.000386397
1.000000000 -0.000089030 0.000043387 -0.000593253 0.000089028 1.000000000 0.000058628 -0.000772090 -0.000043392 -0.000058624 1.000000000 -0.000158009
1.000000000 0.000017372 0.000085043 -0.000841116 -0.000017380 1.000000000 0.000096196 -0.001044679 -0.000085042 -0.000096198 1.000000000 -0.001020954
1.000000000 0.000113694 0.000040272 -0.000633530 -0.000113692 1.000000000 -0.000050653 0.000171880 -0.000040278 0.000050649 1.000000000 -0.000348873
1.000000000 0.000138338 0.000154804 -0.000934545 -0.000138341 1.000000000 0.000022980 -0.000997199 -0.000154800 -0.000023002 1.000000000 -0.000477895
1.000000000 0.000142635 0.000121584 -0.001044009 -0.000142649 1.000000000 0.000119825 -0.001062984 -0.000121567 -0.000119842 1.000000000 0.000051108
1.000000000 0.000025440 0.000136660 -0.000636865 -0.000025449 1.000000000 0.000072189 -0.000818118 -0.000136658 -0.000072192 1.000000000 -0.000061854
1.000000000 0.000092266 0.000151686 -0.001146944 -0.000092265 1.000000000 -0.000009203 -0.000431973 -0.000151687 0.000009189 1.000000000 -0.000376640
1.000000000 0.000069904 0.000083022 -0.000382210 -0.000069908 1.000000000 0.000053142 0.000038286 -0.000083018 -0.000053148 1.000000000 0.000440520
1.000000000 0.000140451 0.000147183 -0.001596596 -0.000140440 1.000000000 -0.000077228 0.000924957 -0.000147194 0.000077207 1.000000000 0.000317466
1.000000000 0.000095777 0.000142209 -0.001357841 -0.000095781 1.000000000 0.000028264 0.000448762 -0.000142206 -0.000028277 1.000000000 0.000469511
0.999999940 0.000258750 0.000154131 -0.002109434 -0.000258748 0.999999940 -0.000011112 0.000626240 -0.000154134 0.000011072 1.000000000 0.001031937
0.999999940 0.000319359 0.000190561 -0.002476523 -0.000319358 0.999999940 -0.000006822 0.000039106 -0.000190563 0.000006761 1.000000000 0.000668259
0.999999940 0.000248150 0.000214998 -0.002236742 -0.000248149 0.999999940 -0.000006618 0.000435013 -0.000215000 0.000006565 1.000000000 0.000874644
0.999999940 0.000224922 0.000239205 -0.002076373 -0.000224900 0.999999940 -0.000092072 0.001158491 -0.000239226 0.000092018 0.999999881 0.000886611
0.999999940 0.000150551 0.000229878 -0.002250681 -0.000150562 1.000000000 0.000045874 -0.000179164 -0.000229872 -0.000045909 0.999999940 0.000667549
0.999999940 0.000240637 0.000170175 -0.002311054 -0.000240633 0.999999940 -0.000020836 0.000666246 -0.000170180 0.000020795 0.999999940 0.000718843
0.999999940 0.000216046 0.000218678 -0.001731387 -0.000216034 1.000000000 -0.000053703 0.000743490 -0.000218689 0.000053655 0.999999940 0.000890296
0.999999940 0.000194029 0.000260867 -0.001935237 -0.000194042 1.000000000 0.000049266 0.000485937 -0.000260858 -0.000049317 0.999999881 0.000916137
0.999999881 0.000365965 0.000185286 -0.002132652 -0.000365969 0.999999881 0.000022405 0.000783417 -0.000185278 -0.000022473 0.999999940 0.001062713
0.999999821 0.000376951 0.000292530 -0.002446208 -0.000376963 0.999999881 0.000038117 0.000219992 -0.000292516 -0.000038227 0.999999881 0.000766043
0.999999940 0.000311819 0.000275069 -0.002053505 -0.000311812 0.999999940 -0.000023312 0.001316935 -0.000275076 0.000023227 0.999999881 0.001493255
0.999999940 0.000272878 0.000248829 -0.001795114 -0.000272890 0.999999940 0.000047738 0.000649338 -0.000248816 -0.000047805 0.999999881 0.000935407
0.999999940 0.000300855 0.000169585 -0.001754693 -0.000300842 0.999999940 -0.000075766 0.001143157 -0.000169608 0.000075715 0.999999940 0.000227920
0.999999940 0.000341888 0.000194071 -0.002139365 -0.000341884 0.999999940 -0.000020152 0.000821184 -0.000194078 0.000020085 0.999999940 0.000194194
0.999999821 0.000363555 0.000272480 -0.002039751 -0.000363553 0.999999881 -0.000008214 0.000860544 -0.000272483 0.000008115 0.999999881 0.001256052
0.999999940 0.000259828 0.000266701 -0.001966504 -0.000259830 0.999999940 0.000009502 0.001005707 -0.000266699 -0.000009572 0.999999881 0.001638418
0.999999940 0.000330130 0.000225076 -0.001968561 -0.000330124 0.999999940 -0.000027410 0.001154025 -0.000225085 0.000027336 0.999999940 0.001379440
0.999999881 0.000400635 0.000247905 -0.002300980 -0.000400647 0.999999940 0.000049012 0.000225142 -0.000247885 -0.000049111 0.999999881 0.000680991
0.999999881 0.000388211 0.000322118 -0.003051451 -0.000388221 0.999999940 0.000032691 0.000137348 -0.000322105 -0.000032816 0.999999881 0.000638118
0.999999940 0.000335075 0.000230806 -0.002183918 -0.000335059 0.999999940 -0.000069707 0.000508842 -0.000230829 0.000069630 0.999999940 0.000268971
0.999999940 0.000335455 0.000228042 -0.001961963 -0.000335463 0.999999940 0.000033142 0.000133498 -0.000228031 -0.000033218 0.999999940 0.000066429
0.999999881 0.000428362 0.000215781 -0.002459039 -0.000428355 0.999999881 -0.000033520 0.000745830 -0.000215796 0.000033428 0.999999940 0.000149123
0.999999821 0.000381390 0.000270584 -0.002535526 -0.000381394 0.999999881 0.000014873 0.000631186 -0.000270579 -0.000014977 0.999999881 0.000218199
0.999999821 0.000379747 0.000248213 -0.001841069 -0.000379740 0.999999881 -0.000029583 0.001696665 -0.000248225 0.000029488 0.999999940 0.001402908
0.999999940 0.000272774 0.000239306 -0.001698045 -0.000272753 0.999999940 -0.000090689 0.000961534 -0.000239331 0.000090624 0.999999881 0.001025716
0.999999821 0.000468937 0.000318059 -0.001581989 -0.000468752 0.999999702 -0.000580731 -0.002561260 -0.000318331 0.000580582 0.999999702 0.047434341
0.999999464 0.000936244 0.000408664 -0.004652233 -0.000935888 0.999999106 -0.000868799 -0.007204056 -0.000409477 0.000868416 0.999999523 0.137081712
0.999999464 0.000918349 0.000461311 -0.001917464 -0.000918009 0.999999225 -0.000735974 -0.018261889 -0.000461987 0.000735550 0.999999583 0.243714541
0.999999285 0.001133955 0.000430015 0.003505541 -0.001133619 0.999998987 -0.000781560 -0.020518154 -0.000430901 0.000781072 0.999999583 0.373466074
0.999999464 0.000972665 0.000355564 0.005267896 -0.000972442 0.999999285 -0.000625399 -0.024232255 -0.000356172 0.000625053 0.999999762 0.517972410
0.999999821 0.000438010 0.000327269 0.010060444 -0.000437842 0.999999762 -0.000515004 -0.027774367 -0.000327494 0.000514861 0.999999821 0.666585207
0.999999881 0.000368357 0.000376671 0.014845758 -0.000368412 0.999999940 0.000144993 -0.032534175 -0.000376618 -0.000145132 0.999999940 0.831490815
0.999999940 0.000236134 -0.000112637 0.020470355 -0.000236172 0.999999881 -0.000339267 -0.033277370 0.000112556 0.000339294 0.999999881 1.004459381
0.999999940 0.000101824 -0.000103537 0.024110181 -0.000101848 1.000000000 -0.000237665 -0.038092326 0.000103513 0.000237676 1.000000000 1.178424716
0.999999881 0.000296199 0.000325457 0.024786947 -0.000296257 0.999999940 0.000180598 -0.044567652 -0.000325403 -0.000180694 0.999999881 1.373497367
0.999999702 0.000619797 0.000297579 0.027484328 -0.000619786 0.999999821 -0.000038462 -0.046036452 -0.000297603 0.000038278 0.999999940 1.565196276
0.999999762 0.000533142 0.000247000 0.033585012 -0.000533237 0.999999702 0.000386568 -0.056719102 -0.000246794 -0.000386699 0.999999881 1.759854317
0.999999881 0.000364212 0.000328114 0.035369236 -0.000364415 0.999999702 0.000618136 -0.066255055 -0.000327889 -0.000618255 0.999999762 1.956762075
0.999999940 -0.000309633 0.000092449 0.043134224 0.000309573 0.999999762 0.000642280 -0.071449056 -0.000092648 -0.000642251 0.999999762 2.169268131
0.999999881 0.000253055 0.000412825 0.042734396 -0.000253273 0.999999821 0.000529472 -0.076168902 -0.000412691 -0.000529577 0.999999702 2.394716740
0.999999881 0.000357505 0.000337465 0.046120871 -0.000357736 0.999999702 0.000684792 -0.086443990 -0.000337220 -0.000684913 0.999999702 2.617023945
0.999999762 0.000487931 0.000477359 0.046510920 -0.000488289 0.999999583 0.000748252 -0.094248533 -0.000476994 -0.000748485 0.999999583 2.847611427
0.999999762 0.000382325 0.000539336 0.054202620 -0.000382806 0.999999523 0.000890966 -0.100556985 -0.000538995 -0.000891172 0.999999464 3.078734159
0.999999762 0.000487570 0.000532302 0.060366958 -0.000488049 0.999999464 0.000901663 -0.107610546 -0.000531862 -0.000901923 0.999999404 3.316901445
0.999999642 0.000566805 0.000588539 0.064216442 -0.000567474 0.999999166 0.001138165 -0.116658539 -0.000587893 -0.001138498 0.999999166 3.564866066
0.999999583 0.000575692 0.000723347 0.071118526 -0.000576562 0.999999106 0.001203398 -0.123796232 -0.000722654 -0.001203815 0.999998927 3.815498352
0.999999523 0.000720477 0.000716548 0.076286472 -0.000721327 0.999998987 0.001186469 -0.128596351 -0.000715692 -0.001186985 0.999998987 4.076100826
0.999999464 0.000638744 0.000840915 0.076375820 -0.000640023 0.999998629 0.001521326 -0.136287197 -0.000839942 -0.001521864 0.999998510 4.331144810
0.999999285 0.000814596 0.000900735 0.082621351 -0.000815914 0.999998510 0.001464759 -0.142887890 -0.000899540 -0.001465493 0.999998569 4.589031696
0.999999106 0.000987301 0.000846007 0.093613230 -0.000988583 0.999998391 0.001516196 -0.148784772 -0.000844508 -0.001517031 0.999998510 4.853344917
0.999998748 0.001214098 0.000887643 0.100190893 -0.001215505 0.999998033 0.001586990 -0.156218007 -0.000885714 -0.001588067 0.999998391 5.115690708
0.999998689 0.001115486 0.001152566 0.098933242 -0.001117296 0.999998152 0.001571058 -0.165395007 -0.001150812 -0.001572343 0.999998093 5.370260239
0.999998987 0.000939788 0.001086975 0.102762043 -0.000941371 0.999998450 0.001457181 -0.170719594 -0.001085604 -0.001458203 0.999998331 5.639864922
0.999999106 0.000790586 0.001045380 0.105346479 -0.000792293 0.999998331 0.001633281 -0.180680841 -0.001044087 -0.001634108 0.999998093 5.907671928
0.999998868 0.000956774 0.001168840 0.111265965 -0.000958697 0.999998212 0.001645722 -0.190145388 -0.001167263 -0.001646840 0.999997914 6.188153267
0.999999464 0.000529509 0.000921384 0.124982804 -0.000530779 0.999999046 0.001379368 -0.190509140 -0.000920653 -0.001379856 0.999998629 6.483746529
0.999999106 0.001085301 0.000931648 0.122616462 -0.001086662 0.999998331 0.001461964 -0.201489836 -0.000930060 -0.001462975 0.999998450 6.778465271
0.999999404 0.000418690 0.001009627 0.131031588 -0.000420292 0.999998629 0.001587441 -0.210340351 -0.001008961 -0.001587864 0.999998212 7.077659130
0.999998748 0.001117831 0.001117788 0.138784215 -0.001119600 0.999998093 0.001582514 -0.221508607 -0.001116017 -0.001583764 0.999998152 7.376067162
0.999998569 0.001193335 0.001144786 0.142965108 -0.001195364 0.999997675 0.001773547 -0.233452305 -0.001142667 -0.001774913 0.999997735 7.675227165
0.999998808 0.001034311 0.001171460 0.154965714 -0.001036537 0.999997675 0.001900933 -0.243473798 -0.001169491 -0.001902145 0.999997497 7.989424706
0.999997973 0.001219335 0.001614287 0.156222165 -0.001223191 0.999996364 0.002389458 -0.257320017 -0.001611368 -0.002391427 0.999995887 8.299437523
0.999998569 0.000809240 0.001481000 0.165941805 -0.000812430 0.999997318 0.002154483 -0.264907300 -0.001479252 -0.002155683 0.999996603 8.629270554
0.999997497 0.001739031 0.001406643 0.169772103 -0.001741819 0.999996543 0.001983325 -0.271541268 -0.001403189 -0.001985771 0.999997020 8.965207100
0.999996841 0.002059984 0.001462773 0.177787125 -0.002063019 0.999995828 0.002076138 -0.283975184 -0.001458490 -0.002079149 0.999996781 9.303208351
0.999996483 0.002075078 0.001665180 0.182792217 -0.002078088 0.999996185 0.001807699 -0.288439274 -0.001661422 -0.001811153 0.999996901 9.643240929
0.999995232 0.002214915 0.002132259 0.185930774 -0.002219321 0.999995351 0.002066324 -0.295570433 -0.002127673 -0.002071046 0.999995589 9.993599892
0.999996841 0.002064152 0.001436710 0.197914615 -0.002067250 0.999995470 0.002157546 -0.315388739 -0.001432250 -0.002160509 0.999996662 10.351823807
0.999996841 0.002015044 0.001512700 0.206742033 -0.002018245 0.999995708 0.002117868 -0.324375004 -0.001508426 -0.002120915 0.999996662 10.715072632
0.999997258 0.001741278 0.001578472 0.210114256 -0.001745031 0.999995649 0.002379808 -0.335495442 -0.001574321 -0.002382556 0.999995947 11.071767807
0.999997377 0.001629997 0.001620652 0.220226675 -0.001633849 0.999995828 0.002378300 -0.343611240 -0.001616769 -0.002380942 0.999995887 11.448637962
0.999997199 0.001695268 0.001599077 0.228723064 -0.001699216 0.999995530 0.002470990 -0.355401993 -0.001594880 -0.002473700 0.999995649 11.834517479
0.999996722 0.001662261 0.001938342 0.235221118 -0.001667977 0.999994278 0.002951241 -0.369302481 -0.001933425 -0.002954464 0.999993742 12.225221634
0.999996245 0.001887359 0.002001462 0.246937364 -0.001892832 0.999994457 0.002736352 -0.382346779 -0.001996286 -0.002740131 0.999994278 12.595067024
0.999995887 0.001855475 0.002152698 0.249302328 -0.001862240 0.999993324 0.003144325 -0.393112451 -0.002146849 -0.003148322 0.999992728 13.000249863
0.999997675 0.001188205 0.001786800 0.267790377 -0.001192706 0.999996126 0.002520074 -0.402489424 -0.001783799 -0.002522200 0.999995172 13.399456024
0.999994457 0.002270601 0.002408669 0.267053306 -0.002278129 0.999992490 0.003127533 -0.414243817 -0.002401549 -0.003133003 0.999992192 13.804181099
0.999995291 0.002177713 0.002165552 0.280749917 -0.002183731 0.999993742 0.002780708 -0.418476850 -0.002159483 -0.002785424 0.999993742 14.227399826
0.999993563 0.002303585 0.002751462 0.287744939 -0.002311110 0.999993503 0.002734855 -0.433937192 -0.002745145 -0.002741197 0.999992490 14.637555122
0.999993801 0.002337890 0.002636175 0.299808443 -0.002345217 0.999993384 0.002779432 -0.443099797 -0.002629660 -0.002785598 0.999992609 15.083986282
0.999994397 0.002024488 0.002669869 0.319770783 -0.002033213 0.999992609 0.003269579 -0.463434368 -0.002663231 -0.003274989 0.999991059 15.486484528
0.999991417 0.002354209 0.003406894 0.323008448 -0.002365233 0.999991953 0.003235365 -0.474827081 -0.003399250 -0.003243395 0.999988914 15.933442116
0.999989092 0.002668466 0.003825833 0.332208514 -0.002681521 0.999990582 0.003411173 -0.492690891 -0.003816695 -0.003421395 0.999986887 16.369638443
0.999990046 0.002490278 0.003690183 0.342489243 -0.002502320 0.999991536 0.003262251 -0.504627526 -0.003682028 -0.003271452 0.999987900 16.817972183
0.999987423 0.002406582 0.004406125 0.343797982 -0.002420951 0.999991715 0.003258563 -0.513023496 -0.004398247 -0.003269188 0.999984980 17.263431549
0.999985695 0.002317956 0.004825243 0.353633255 -0.002335157 0.999990940 0.003562396 -0.529591143 -0.004816941 -0.003573613 0.999981940 17.728782654
0.999985099 0.001844580 0.005145784 0.367019713 -0.001860503 0.999993503 0.003091484 -0.536264658 -0.005140048 -0.003101011 0.999981940 18.196132660
0.999985695 0.002474779 0.004740882 0.386542052 -0.002489770 0.999991894 0.003158626 -0.542406678 -0.004733026 -0.003170385 0.999983788 18.661449432
0.999984145 0.002781923 0.004885800 0.396409988 -0.002796887 0.999991417 0.003058654 -0.562360764 -0.004877249 -0.003072271 0.999983370 19.112360001
0.999983013 0.003325401 0.004784056 0.408953339 -0.003338656 0.999990642 0.002765479 -0.572872102 -0.004774816 -0.002781405 0.999984682 19.587347031
0.999982774 0.003019802 0.005029109 0.410957247 -0.003039272 0.999987900 0.003868349 -0.591420710 -0.005017367 -0.003883567 0.999979913 20.090404510
0.999985635 0.002161745 0.004901214 0.442404985 -0.002181596 0.999989450 0.004048361 -0.610419452 -0.004892411 -0.004058995 0.999979794 20.567876816
0.999987483 0.002162332 0.004497366 0.453883678 -0.002181207 0.999988854 0.004196131 -0.622191131 -0.004488243 -0.004205889 0.999981046 21.062923431
0.999990642 0.001824772 0.003924223 0.473710716 -0.001839774 0.999991000 0.003822623 -0.633787215 -0.003917213 -0.003829807 0.999984980 21.573688507
0.999992967 0.002204767 0.003040949 0.492271096 -0.002214791 0.999992192 0.003296836 -0.631313086 -0.003033656 -0.003303548 0.999989927 22.114227295
0.999990165 0.002545945 0.003618576 0.486227930 -0.002559226 0.999989986 0.003670511 -0.658454418 -0.003609194 -0.003679736 0.999986708 22.590065002
0.999993742 0.002231756 0.002707256 0.501728773 -0.002241828 0.999990582 0.003723251 -0.673785627 -0.002698921 -0.003729297 0.999989390 23.111045837
0.999993086 0.002668798 0.002582985 0.514629006 -0.002678602 0.999989152 0.003799583 -0.691101491 -0.002572817 -0.003806476 0.999989450 23.609272003
0.999997079 0.001097296 0.002118879 0.526605964 -0.001104546 0.999993563 0.003423515 -0.707311392 -0.002115108 -0.003425846 0.999991894 24.136819839
0.999998212 0.001620411 0.000989035 0.529682517 -0.001624591 0.999989688 0.004239951 -0.732160151 -0.000982155 -0.004241550 0.999990523 24.666067123
0.999999166 0.001301221 0.000014631 0.542696536 -0.001301274 0.999989092 0.004483325 -0.739891589 -0.000008798 -0.004483340 0.999989927 25.221231461
0.999996960 0.002455917 -0.000072482 0.546767056 -0.002455564 0.999986768 0.004518527 -0.762900114 0.000083578 -0.004518336 0.999989808 25.750188828
0.999998629 0.001340959 -0.001098095 0.576987922 -0.001335986 0.999988914 0.004516947 -0.776778400 0.001104140 -0.004515473 0.999989212 26.305959702
0.999998331 0.001070564 -0.001533251 0.588396847 -0.001063553 0.999989033 0.004566309 -0.782637239 0.001538122 -0.004564670 0.999988437 26.870977402
0.999994755 0.002977417 -0.001264137 0.585892558 -0.002971793 0.999985695 0.004427509 -0.798570216 0.001277301 -0.004423729 0.999989390 27.442031860
0.999996543 0.001662754 -0.002043980 0.603711247 -0.001653747 0.999988914 0.004400754 -0.802124321 0.002051275 -0.004397359 0.999988198 28.007707596
0.999993324 0.003157040 -0.001805195 0.610572934 -0.003148434 0.999983728 0.004749794 -0.825940490 0.001820161 -0.004744078 0.999987066 28.536334991
0.999992907 0.002817269 -0.002505737 0.630788088 -0.002805202 0.999984503 0.004806177 -0.838306844 0.002519239 -0.004799114 0.999985278 29.097066879
0.999991596 0.002946703 -0.002842307 0.637493312 -0.002933708 0.999985278 0.004564824 -0.846690476 0.002855716 -0.004556447 0.999985516 29.647531509
0.999988794 0.003463224 -0.003263031 0.634657860 -0.003449819 0.999985576 0.004104809 -0.852482438 0.003277200 -0.004093506 0.999986231 30.215726852
0.999986827 0.003657248 -0.003605484 0.647090971 -0.003640676 0.999982893 0.004592218 -0.872422516 0.003622217 -0.004579031 0.999982953 30.749080658
0.999989092 0.003375386 -0.003260161 0.662775755 -0.003359316 0.999982238 0.004922379 -0.892535627 0.003276718 -0.004911372 0.999982595 31.311332703
0.999986410 0.003123152 -0.004171555 0.660637856 -0.003106130 0.999986887 0.004080908 -0.887632906 0.004184246 -0.004067896 0.999982953 31.868837357
0.999985754 0.002875245 -0.004499959 0.694869220 -0.002853672 0.999984443 0.004793048 -0.913652062 0.004513671 -0.004780138 0.999978364 32.402633667
0.999983788 0.004567860 -0.003382557 0.676156998 -0.004552400 0.999979317 0.004563917 -0.930717468 0.003403334 -0.004548445 0.999983907 32.951015472
0.999985278 0.002742226 -0.004678982 0.699525714 -0.002718990 0.999983907 0.004965175 -0.942435026 0.004692524 -0.004952380 0.999976695 33.503555298
0.999984741 0.003036203 -0.004609684 0.707916379 -0.003013623 0.999983430 0.004897577 -0.946471989 0.004624479 -0.004883610 0.999977350 34.046115875
0.999981523 0.002957495 -0.005316185 0.718977094 -0.002931039 0.999983311 0.004977379 -0.967616737 0.005330818 -0.004961704 0.999973476 34.591503143
0.999980509 0.002467192 -0.005727015 0.731601417 -0.002440282 0.999985993 0.004700827 -0.983617544 0.005738532 -0.004686760 0.999972522 35.125419617
0.999978185 0.002135858 -0.006258262 0.745621562 -0.002105758 0.999986231 0.004812286 -0.996271968 0.006268454 -0.004799002 0.999968827 35.675834656
0.999972582 0.002346837 -0.007027344 0.757047772 -0.002313519 0.999986112 0.004745539 -1.009538889 0.007038383 -0.004729151 0.999964058 36.220302582
0.999976754 0.002316687 -0.006399161 0.760854125 -0.002288809 0.999987841 0.004360439 -1.021817207 0.006409185 -0.004345692 0.999969959 36.758117676
0.999970019 0.002342806 -0.007381470 0.783022821 -0.002309726 0.999987304 0.004486835 -1.017330408 0.007391888 -0.004469651 0.999962628 37.325294495
0.999976993 0.002536380 -0.006309282 0.769302845 -0.002506215 0.999985397 0.004784444 -1.052783489 0.006321325 -0.004768522 0.999968588 37.848327637
0.999975443 0.002466982 -0.006557659 0.776797414 -0.002434248 0.999984503 0.004995099 -1.066679597 0.006569879 -0.004979013 0.999965966 38.395401001
0.999973178 0.003141370 -0.006608047 0.780322075 -0.003110199 0.999984026 0.004722047 -1.074832916 0.006622774 -0.004701368 0.999966979 38.940128326
0.999971867 0.002751183 -0.006974622 0.811361313 -0.002721376 0.999987066 0.004279479 -1.091127992 0.006986304 -0.004260377 0.999966502 39.467655182
0.999967337 0.003106756 -0.007451500 0.829000950 -0.003078171 0.999987900 0.003844538 -1.076697707 0.007463354 -0.003821475 0.999964893 40.041526794
0.999974370 0.002644546 -0.006653160 0.815935731 -0.002616322 0.999987543 0.004247330 -1.110928535 0.006664312 -0.004229815 0.999968827 40.591854095
0.999967873 0.002409762 -0.007636556 0.848959446 -0.002384704 0.999991715 0.003288713 -1.120730400 0.007644419 -0.003270397 0.999965429 41.129787445
0.999972284 0.003198480 -0.006717556 0.831568718 -0.003168897 0.999985278 0.004409835 -1.143271089 0.006731561 -0.004388426 0.999967694 41.684265137
0.999971509 0.003211647 -0.006836800 0.839549363 -0.003183747 0.999986649 0.004087726 -1.151295424 0.006849837 -0.004065843 0.999968231 42.241325378
0.999968827 0.002990665 -0.007300496 0.853090048 -0.002960135 0.999986887 0.004189177 -1.168157578 0.007312928 -0.004167437 0.999964595 42.780799866
0.999972939 0.004144104 -0.006080649 0.829174280 -0.004118832 0.999982953 0.004162644 -1.178510666 0.006097795 -0.004137486 0.999972820 43.311580658
0.999970376 0.003263733 -0.006971492 0.855895162 -0.003238619 0.999988258 0.003610746 -1.189617634 0.006983195 -0.003588061 0.999969125 43.800956726
0.999970913 0.002939476 -0.007044792 0.859916568 -0.002910711 0.999987483 0.004089991 -1.207165599 0.007056725 -0.004069366 0.999966800 44.335174561
0.999971986 0.003447110 -0.006632539 0.849302649 -0.003423733 0.999987900 0.003532600 -1.204713941 0.006644636 -0.003509793 0.999971688 44.890541077
0.999974072 0.003611526 -0.006228301 0.867861032 -0.003588924 0.999986947 0.003636088 -1.239084721 0.006241352 -0.003613640 0.999974012 45.436740875
0.999974012 0.003812525 -0.006121762 0.873614788 -0.003789101 0.999985456 0.003833525 -1.251203895 0.006136288 -0.003810230 0.999973893 45.979782104
0.999971449 0.003865444 -0.006491207 0.921667576 -0.003842770 0.999986470 0.003501680 -1.282557487 0.006504656 -0.003476636 0.999972820 46.505901337
0.999970317 0.003664670 -0.006778584 0.934629500 -0.003640239 0.999986887 0.003612968 -1.295215130 0.006791735 -0.003588185 0.999970496 47.051441193
0.999970078 0.003676139 -0.006806162 0.934942484 -0.003652059 0.999987006 0.003547217 -1.304957747 0.006819114 -0.003522255 0.999970555 47.611183167
0.999968708 0.003231212 -0.007209593 0.927507639 -0.003207607 0.999989450 0.003283184 -1.301101089 0.007220126 -0.003259956 0.999968588 48.258201599
0.999971747 0.004973835 -0.005634105 0.913150549 -0.004953815 0.999981403 0.003561433 -1.320069313 0.005651715 -0.003533423 0.999977708 48.680095673
0.999971628 0.004895806 -0.005723894 0.925460935 -0.004879140 0.999983847 0.002921975 -1.325187564 0.005738107 -0.002893965 0.999979317 49.236694336
0.999969542 0.004532680 -0.006356207 0.958129525 -0.004509838 0.999983311 0.003603554 -1.351846337 0.006372435 -0.003574778 0.999973238 49.751216888
0.999968827 0.005811273 -0.005343155 0.933429360 -0.005793226 0.999977589 0.003386899 -1.362831116 0.005362717 -0.003355841 0.999979973 50.320339203
0.999967277 0.005980689 -0.005454592 0.942230046 -0.005962056 0.999976397 0.003426023 -1.377382994 0.005474953 -0.003393390 0.999979258 50.852317810
0.999971688 0.004530976 -0.006006097 0.957279682 -0.004514740 0.999986112 0.002714183 -1.373056769 0.006018311 -0.002686990 0.999978304 51.550632477
0.999970257 0.004556602 -0.006221363 0.958205581 -0.004539261 0.999985754 0.002798723 -1.390791178 0.006234028 -0.002770400 0.999976695 52.087436676
0.999970496 0.004170328 -0.006454909 1.003129125 -0.004147539 0.999985099 0.003539738 -1.426417828 0.006469575 -0.003512861 0.999972880 52.612026215
0.999968886 0.004508414 -0.006471987 1.015465736 -0.004486937 0.999984324 0.003329304 -1.436612844 0.006486897 -0.003300160 0.999973476 53.165561676
0.999969006 0.005074572 -0.006012554 1.005053043 -0.005055299 0.999982059 0.003216303 -1.452971816 0.006028765 -0.003185808 0.999976695 53.696289062
0.999971151 0.005144144 -0.005590185 1.008937597 -0.005129328 0.999983251 0.002661416 -1.465011954 0.005603784 -0.002632665 0.999980748 54.229881287
0.999967098 0.005440837 -0.006021302 1.014420629 -0.005424018 0.999981344 0.002805952 -1.474993944 0.006036458 -0.002773200 0.999977946 54.760654449
0.999969304 0.005010305 -0.006023469 1.022159219 -0.004994501 0.999984026 0.002635776 -1.486807466 0.006036579 -0.002605611 0.999978423 55.311206818
0.999972105 0.005082774 -0.005471604 1.027233839 -0.005070722 0.999984682 0.002214622 -1.482895732 0.005482777 -0.002186816 0.999982536 55.859622955
0.999973774 0.004980690 -0.005256096 1.028655052 -0.004966751 0.999984264 0.002661540 -1.501989484 0.005269273 -0.002635365 0.999982655 56.397865295
0.999968171 0.005465817 -0.005811448 1.057143688 -0.005454663 0.999983251 0.001933316 -1.507948279 0.005821918 -0.001901555 0.999981225 56.996204376
0.999968708 0.005790579 -0.005391559 1.060827732 -0.005782010 0.999981999 0.001603669 -1.520444512 0.005400748 -0.001572445 0.999984205 57.534595490
0.999974489 0.005121785 -0.004976486 1.053524494 -0.005112579 0.999985158 0.001861050 -1.542878747 0.004985945 -0.001835560 0.999985874 58.105224609
0.999972403 0.005382285 -0.005124376 1.068278432 -0.005373434 0.999984026 0.001739272 -1.556216598 0.005133656 -0.001711688 0.999985278 58.642650604
0.999975383 0.004882941 -0.005067924 1.079030275 -0.004872974 0.999986112 0.001977367 -1.569906950 0.005077509 -0.001952622 0.999985218 59.184417725
0.999974430 0.004955763 -0.005148755 1.086032867 -0.004946778 0.999986231 0.001756516 -1.579968333 0.005157390 -0.001731001 0.999985218 59.742053986
0.999975681 0.004959948 -0.004885671 1.096692920 -0.004949916 0.999985576 0.002063338 -1.610800505 0.004895834 -0.002039104 0.999985933 60.278964996
0.999976397 0.005004812 -0.004694446 1.105329752 -0.004996873 0.999986053 0.001701003 -1.615032673 0.004702894 -0.001677505 0.999987483 60.843891144
0.999974847 0.005243578 -0.004759621 1.110772491 -0.005237190 0.999985397 0.001353414 -1.629689693 0.004766649 -0.001328453 0.999987781 61.377658844
0.999975383 0.005136120 -0.004778969 1.125812888 -0.005128155 0.999985516 0.001677332 -1.647281408 0.004787514 -0.001652784 0.999987185 61.924610138
0.999977469 0.004536360 -0.004971520 1.136554241 -0.004528023 0.999988317 0.001686675 -1.661429405 0.004979113 -0.001664126 0.999986231 62.476741791
0.999978602 0.004894745 -0.004340287 1.140010953 -0.004888454 0.999987006 0.001458877 -1.674772620 0.004347372 -0.001437629 0.999989510 63.025665283
0.999975681 0.005526813 -0.004286734 1.149379611 -0.005520930 0.999983788 0.001383023 -1.686051488 0.004294310 -0.001359322 0.999989867 63.572116852
0.999973655 0.005878946 -0.004263295 1.156015635 -0.005874559 0.999982238 0.001040929 -1.701498151 0.004269339 -0.001015856 0.999990404 64.125602722
0.999975741 0.005434906 -0.004348617 1.169387341 -0.005429310 0.999984443 0.001297650 -1.717343807 0.004355603 -0.001274009 0.999989629 64.654190063
0.999975264 0.005556543 -0.004310153 1.173166752 -0.005551155 0.999983728 0.001261322 -1.732932091 0.004317092 -0.001237365 0.999989927 65.191642761
0.999976635 0.005506190 -0.004052023 1.183197618 -0.005500682 0.999983847 0.001369279 -1.751837850 0.004059498 -0.001346958 0.999990821 65.733955383
0.999975741 0.005818987 -0.003817149 1.190493822 -0.005814855 0.999982417 0.001092414 -1.763983369 0.003823438 -0.001070192 0.999992073 66.274482727
0.999976635 0.005378176 -0.004226228 1.209273100 -0.005372679 0.999984682 0.001310525 -1.786474109 0.004233213 -0.001287788 0.999990225 66.831909180
0.999976635 0.004843131 -0.004813511 1.226658106 -0.004837581 0.999987602 0.001164119 -1.792843580 0.004819090 -0.001140806 0.999987781 67.385047913
0.999975622 0.005721714 -0.003985293 1.224185944 -0.005716585 0.999982774 0.001297305 -1.813731670 0.003992648 -0.001274492 0.999991179 67.926963806
0.999972343 0.006272810 -0.003988951 1.231422186 -0.006269544 0.999979973 0.000830690 -1.826144338 0.003994082 -0.000805658 0.999991715 68.469535828
0.999974072 0.006297028 -0.003490126 1.233090520 -0.006294812 0.999979913 0.000645445 -1.844866514 0.003494119 -0.000623458 0.999993682 69.025985718
0.999970794 0.006607498 -0.003853344 1.242979646 -0.006603741 0.999977648 0.000986781 -1.860963106 0.003859778 -0.000961305 0.999992073 69.574577332
0.999970138 0.007001160 -0.003272702 1.243040562 -0.006998456 0.999975145 0.000837366 -1.883896708 0.003278484 -0.000814437 0.999994278 70.106613159
0.999969006 0.007225208 -0.003134038 1.250474095 -0.007222762 0.999973595 0.000791101 -1.898521185 0.003139670 -0.000768440 0.999994755 70.661186218
0.999976814 0.006079768 -0.003043344 1.265164495 -0.006077064 0.999981105 0.000896599 -1.913196802 0.003048738 -0.000878083 0.999994993 71.166107178
0.999976933 0.006086790 -0.003012967 1.270906329 -0.006084486 0.999981165 0.000773026 -1.927564263 0.003017615 -0.000754676 0.999995172 71.705146790
0.999978721 0.005732503 -0.003123033 1.283809304 -0.005728813 0.999983013 0.001188625 -1.947210670 0.003129793 -0.001170708 0.999994397 72.234123230
0.999978364 0.005737984 -0.003219251 1.288732767 -0.005734459 0.999983072 0.001103110 -1.963056087 0.003225526 -0.001084626 0.999994218 72.742843628
0.999977887 0.005692922 -0.003430357 1.294727206 -0.005688241 0.999982834 0.001372706 -1.981836557 0.003438113 -0.001353163 0.999993086 73.265754700
0.999976397 0.005876003 -0.003568424 1.306180716 -0.005871140 0.999981761 0.001371661 -2.003315687 0.003576419 -0.001350678 0.999992609 73.809135437
0.999976158 0.006280518 -0.002876818 1.314542294 -0.006277594 0.999979734 0.001024516 -2.018341064 0.002883194 -0.001006432 0.999995291 74.335098267
0.999977589 0.005942837 -0.003061552 1.328517199 -0.005938912 0.999981523 0.001289477 -2.034637690 0.003069158 -0.001271266 0.999994397 74.870925903
0.999977291 0.006214087 -0.002590206 1.334293842 -0.006211338 0.999980152 0.001067737 -2.051383257 0.002596789 -0.001051624 0.999996066 75.392471313
0.999979913 0.005688266 -0.002791177 1.348481417 -0.005685551 0.999983490 0.000979694 -2.065376282 0.002796705 -0.000963805 0.999995649 75.920188904
0.999976695 0.006405877 -0.002342850 1.352452993 -0.006403787 0.999979079 0.000897872 -2.080211639 0.002348553 -0.000882848 0.999996781 76.443473816
0.999977231 0.006060441 -0.002969309 1.367007256 -0.006057671 0.999981225 0.000940167 -2.096102476 0.002974949 -0.000922158 0.999995172 76.972053528
0.999971330 0.007154057 -0.002484287 1.372150779 -0.007152102 0.999974132 0.000796156 -2.112695932 0.002489918 -0.000778365 0.999996543 77.493919373
0.999969482 0.007440113 -0.002373103 1.366833329 -0.007438288 0.999972045 0.000776920 -2.129782438 0.002378817 -0.000759244 0.999996901 78.003501892
0.999973834 0.006903566 -0.002149405 1.385143876 -0.006903109 0.999976158 0.000220429 -2.138044596 0.002150877 -0.000205586 0.999997675 78.523269653
0.999968648 0.007686276 -0.001876835 1.392642498 -0.007687191 0.999970436 -0.000480517 -2.147794485 0.001873087 0.000494929 0.999998093 79.070396423
0.999974489 0.006771515 -0.002271762 1.400639653 -0.006770324 0.999976933 0.000532060 -2.172601700 0.002275312 -0.000516665 0.999997258 79.564750671
0.999972820 0.006765691 -0.002918386 1.419545054 -0.006765977 0.999977112 -0.000088501 -2.163740873 0.002917720 0.000108244 0.999995708 80.225654602
0.999976695 0.006740791 -0.001082415 1.414752960 -0.006740274 0.999977171 0.000480733 -2.202362537 0.001085631 -0.000473426 0.999999285 80.600959778
0.999970376 0.007660657 0.000692504 1.417720556 -0.007660681 0.999970734 0.000030805 -2.217576742 -0.000692247 -0.000036109 0.999999702 81.140495300
0.999973476 0.007186339 0.001142730 1.440444827 -0.007186566 0.999974132 0.000193292 -2.234380722 -0.001141311 -0.000201499 0.999999344 81.648368835
0.999971986 0.007083585 0.002413388 1.451184392 -0.007084203 0.999974966 0.000247911 -2.251671553 -0.002411571 -0.000265001 0.999997079 82.179634094
0.999953508 0.007606842 0.005927166 1.463759184 -0.007609821 0.999970913 0.000480082 -2.269532919 -0.005923343 -0.000525164 0.999982357 82.736701965
0.999930859 0.007112126 0.009366742 1.494524479 -0.007116416 0.999974549 0.000424884 -2.274853945 -0.009363484 -0.000491513 0.999955952 83.270034790
0.999902248 0.006357949 0.012451886 1.515409589 -0.006357430 0.999979794 -0.000081253 -2.288602114 -0.012452151 0.000002083 0.999922454 83.799613953
0.999843776 0.006632220 0.016380522 1.537828445 -0.006629993 0.999977946 -0.000190330 -2.302022219 -0.016381422 0.000081698 0.999865830 84.350234985
0.999723852 0.006803401 0.022493813 1.560852647 -0.006805649 0.999976814 0.000023314 -2.318264484 -0.022493131 -0.000176392 0.999747097 84.879310608
0.999575794 0.006574997 0.028372157 1.590515614 -0.006561759 0.999978304 -0.000559663 -2.328794718 -0.028375218 0.000373254 0.999597371 85.412635803
0.999385893 0.006583713 0.034415640 1.621190786 -0.006580621 0.999978304 -0.000203178 -2.346889734 -0.034416240 -0.000023423 0.999407589 85.947387695
0.999070108 0.006471780 0.042624682 1.660683155 -0.006467124 0.999979019 -0.000247192 -2.358968496 -0.042625386 -0.000028697 0.999091148 86.492294312
0.998679578 0.006498775 0.050958905 1.705255032 -0.006470080 0.999978781 -0.000728089 -2.374281168 -0.050962556 0.000397419 0.998700500 87.037544250
0.998305321 0.005979429 0.057885062 1.757270575 -0.005953076 0.999982059 -0.000627698 -2.388975620 -0.057887781 0.000282041 0.998323023 87.593795776
0.997730911 0.005576731 0.067096397 1.799402714 -0.005540363 0.999984384 -0.000728084 -2.404314280 -0.067099407 0.000354694 0.997746229 88.108596802
0.997036695 0.004757657 0.076779902 1.866265774 -0.004677989 0.999988317 -0.001217436 -2.416899681 -0.076784804 0.000854653 0.997047305 88.638397217
0.996325552 0.005040880 0.085498318 1.933499813 -0.004971198 0.999987066 -0.001027897 -2.430550814 -0.085502401 0.000599091 0.996337771 89.199806213
0.995650649 0.004963305 0.093033217 1.998176098 -0.004860657 0.999987304 -0.001329922 -2.445819378 -0.093038619 0.000871936 0.995662093 89.741096497
0.994681716 0.005467474 0.102852479 2.081040859 -0.005391438 0.999984920 -0.001017266 -2.465926886 -0.102856487 0.000457333 0.994696140 90.271369934
0.993513048 0.004738968 0.113619290 2.159483910 -0.004655660 0.999988616 -0.000998549 -2.486252069 -0.113622740 0.000463099 0.993523955 90.848342896
0.992423713 0.004207031 0.122790173 2.253054619 -0.004082859 0.999990880 -0.001262868 -2.496371746 -0.122794360 0.000751966 0.992431879 91.394104004
0.990900338 0.004094979 0.134534985 2.345978737 -0.003987441 0.999991477 -0.001068777 -2.513532877 -0.134538218 0.000522601 0.990908325 91.927848816
0.989171803 0.004289365 0.146699622 2.451149940 -0.004163803 0.999990582 -0.001162987 -2.531798124 -0.146703258 0.000539566 0.989180386 92.473213196
0.987577319 0.002747144 0.157109305 2.569252014 -0.002537246 0.999995589 -0.001536545 -2.545582294 -0.157112852 0.001118833 0.987580061 93.029350281
0.985741913 0.003463559 0.168228671 2.666271210 -0.003269015 0.999993622 -0.001433355 -2.556515455 -0.168232560 0.000862976 0.985746980 93.573043823
0.983421087 0.003780558 0.181297570 2.792218208 -0.003490458 0.999992013 -0.001919163 -2.574108362 -0.181303367 0.001254534 0.983426392 94.091781616
0.981164217 0.002712828 0.193156078 2.917837143 -0.002438381 0.999995649 -0.001658574 -2.587923050 -0.193159729 0.001156345 0.981166601 94.648551941
0.979091704 0.002852575 0.203398973 3.046203613 -0.002693804 0.999995828 -0.001057435 -2.606107950 -0.203401104 0.000487408 0.979095399 95.183090210
0.976404667 0.001979926 0.215939835 3.193883896 -0.001784837 0.999997795 -0.001098448 -2.628961563 -0.215941489 0.000687113 0.976406097 95.696044922
0.973248243 0.001714606 0.229749590 3.336643219 -0.001367970 0.999997675 -0.001668022 -2.633774757 -0.229751945 0.001309109 0.973248482 96.283523560
0.970536649 0.001351671 0.240949705 3.489742279 -0.001051586 0.999998569 -0.001374007 -2.647204876 -0.240951225 0.001080144 0.970536649 96.800804138
0.967797875 0.000811084 0.251727194 3.658008575 -0.000414717 0.999998510 -0.001627638 -2.671100855 -0.251728177 0.001470829 0.967796803 97.332725525
0.964348376 0.001006516 0.264633805 3.832336426 -0.000839576 0.999999285 -0.000743940 -2.695460796 -0.264634401 0.000495237 0.964348674 97.847908020
0.960727811 0.000716518 0.277491480 4.007289886 -0.000308121 0.999998748 -0.001515347 -2.707009554 -0.277492255 0.001370335 0.960726857 98.395324707
0.957390904 0.000353772 0.288794875 4.190656662 -0.000050957 0.999999464 -0.001056062 -2.722886086 -0.288795084 0.000996348 0.957390428 98.920623779
0.952991545 0.000421060 0.302996546 4.383182526 -0.000119052 0.999999464 -0.001015209 -2.746479034 -0.302996814 0.000931414 0.952991128 99.432487488
0.948522627 -0.000120074 0.316709340 4.589597702 0.000530993 0.999999106 -0.001211160 -2.758981228 -0.316708952 0.001316983 0.948521852 99.961669922
0.944743335 -0.000949861 0.327809483 4.798177719 0.001520229 0.999997675 -0.001483689 -2.771804810 -0.327807307 0.001900051 0.944742680 100.475868225
0.940119445 -0.001434400 0.340842038 5.008220673 0.001902412 0.999997675 -0.001038892 -2.796964169 -0.340839773 0.001625105 0.940119982 100.952529907
0.935195446 -0.001895467 0.354126930 5.220592499 0.002372299 0.999996722 -0.000912391 -2.820080757 -0.354124069 0.001693359 0.935196936 101.430389404
0.930392981 -0.002253504 0.366556674 5.417718887 0.002505973 0.999996901 -0.000212907 -2.846218586 -0.366555065 0.001116668 0.930395722 101.909339905
0.925345659 -0.001866522 0.379119933 5.705953598 0.002227713 0.999997377 -0.000514052 -2.853627443 -0.379117966 0.001320246 0.925347388 102.560073853
0.919586658 -0.003179622 0.392874509 5.950748444 0.003772114 0.999992609 -0.000736081 -2.866828442 -0.392869234 0.002158857 0.919591725 103.058517456
0.913860083 -0.003131326 0.406017125 6.198707581 0.003632333 0.999993324 -0.000463378 -2.879232407 -0.406012952 0.001898252 0.913865328 103.560096741
0.908825159 -0.003257482 0.417164445 6.438381195 0.003729244 0.999992967 -0.000315875 -2.899115562 -0.417160541 0.001842783 0.908830941 104.032546997
0.903308034 -0.004455552 0.428969443 6.701873779 0.005224798 0.999986112 -0.000615689 -2.911602497 -0.428960770 0.002797436 0.903318763 104.503570557
0.896732509 -0.004356158 0.442551732 6.963375092 0.004946256 0.999987841 -0.000179330 -2.930977106 -0.442545563 0.002349785 0.896742880 104.985809326
0.890622854 -0.004751183 0.454718083 7.237892151 0.005469712 0.999984980 -0.000264642 -2.943437815 -0.454710037 0.002722873 0.890635371 105.474990845
0.885381818 -0.005029431 0.464837283 7.507511139 0.005645125 0.999983966 0.000067250 -2.969456673 -0.464830220 0.002564523 0.885396123 105.911376953
0.877809525 -0.005561912 0.478977501 7.798625946 0.006040081 0.999981582 0.000542340 -2.991177320 -0.478971779 0.002416992 0.877826989 106.405563354
0.870697677 -0.006237699 0.491779119 8.087753296 0.006907121 0.999976039 0.000454543 -3.006126404 -0.491770089 0.003001009 0.870719910 106.863998413
