1.000000000 0.000000000 0.000000000 0.000000000 0.000000000 1.000000000 0.000000000 0.000000000 0.000000000 0.000000000 1.000000000 0.000000000
1.000000000 -0.000024548 0.000025703 -0.001273889 0.000024550 1.000000000 -0.000072728 0.001352170 -0.000025701 0.000072729 1.000000000 0.003333867
1.000000000 0.000133088 0.000030000 -0.000746098 -0.000133087 1.000000000 -0.000018996 0.000546577 -0.000030002 0.000018992 1.000000000 -0.000123653
1.000000000 0.000212408 0.000044311 0.000737693 -0.000212403 1.000000000 -0.000100372 0.002487892 -0.000044333 0.000100362 1.000000000 -0.001428439
1.000000000 0.000190282 0.000022028 0.002560889 -0.000190281 1.000000000 -0.000045471 0.001304018 -0.000022036 0.000045466 1.000000000 -0.001993925
1.000000000 0.000041270 -0.000016442 0.000841881 -0.000041271 1.000000000 -0.000066926 0.001969340 0.000016439 0.000066927 1.000000000 0.000427409
1.000000000 0.000131164 0.000044577 -0.000794090 -0.000131161 1.000000000 -0.000062932 0.000722986 -0.000044586 0.000062926 1.000000000 -0.001135124
1.000000000 0.000097390 0.000040613 0.000057049 -0.000097390 1.000000000 0.000002703 0.001041713 -0.000040612 -0.000002707 1.000000000 -0.001537354
0.999999940 0.000087620 0.000275834 -0.009668517 -0.000087598 1.000000000 -0.000081263 0.002901316 -0.000275841 0.000081239 0.999999940 -0.001838111
0.999999940 0.000240232 0.000183019 -0.003699430 -0.000240223 0.999999940 -0.000047271 0.001150754 -0.000183030 0.000047227 1.000000000 0.000019279
0.999999940 0.000216282 0.000200806 -0.004059315 -0.000216268 1.000000000 -0.000068775 0.002491712 -0.000200821 0.000068731 1.000000000 -0.000350061
1.000000000 0.000116520 0.000056658 -0.000813408 -0.000116519 1.000000000 -0.000017379 0.000711614 -0.000056660 0.000017373 1.000000000 -0.002482242
1.000000000 0.000117902 0.000165010 -0.004416696 -0.000117898 1.000000000 -0.000025228 0.000504357 -0.000165013 0.000025209 1.000000000 -0.001430012
1.000000000 -0.000011963 0.000105938 -0.002066658 0.000011968 1.000000000 -0.000048609 0.000529849 -0.000105937 0.000048611 1.000000000 -0.000359068
1.000000000 0.000104287 0.000113234 -0.000532728 -0.000104285 1.000000000 -0.000015620 0.000953341 -0.000113236 0.000015608 1.000000000 -0.002797265
1.000000000 0.000022270 0.000027573 0.000402771 -0.000022271 1.000000000 0.000021692 0.000940625 -0.000027572 -0.000021693 1.000000000 -0.004783106
1.000000000 0.000035193 0.000083477 -0.003050367 -0.000035190 1.000000000 -0.000026752 0.001496786 -0.000083478 0.000026749 1.000000000 -0.002788569
1.000000000 -0.000014878 0.000039006 0.000367993 0.000014876 1.000000000 0.000047369 -0.000751334 -0.000039007 -0.000047369 1.000000000 -0.006272188
1.000000000 0.000089936 0.000021252 0.000100888 -0.000089938 1.000000000 0.000106700 0.000409414 -0.000021242 -0.000106702 1.000000000 -0.006638992
1.000000000 -0.000002328 0.000058830 -0.001446812 0.000002331 1.000000000 -0.000040892 0.000329276 -0.000058830 0.000040892 1.000000000 -0.004849580
1.000000000 0.000027331 0.000099041 -0.001050034 -0.000027323 1.000000000 -0.000075324 0.000916828 -0.000099043 0.000075321 1.000000000 -0.006418622
1.000000000 -0.000010153 0.000055778 -0.001278086 0.000010155 1.000000000 -0.000027377 0.000067110 -0.000055778 0.000027377 1.000000000 -0.000950795
1.000000000 0.000064895 0.000159657 -0.005830939 -0.000064874 1.000000000 -0.000131683 0.002798904 -0.000159666 0.000131673 1.000000000 0.003299313
1.000000000 0.000134685 0.000096726 -0.002773660 -0.000134682 1.000000000 -0.000035419 0.000759817 -0.000096730 0.000035406 1.000000000 -0.001822407
1.000000000 -0.000046216 0.000101618 -0.002430004 0.000046219 1.000000000 -0.000029543 0.001118868 -0.000101617 0.000029548 1.000000000 -0.000436937
1.000000000 0.000044304 -0.000013628 0.001429476 -0.000044305 1.000000000 -0.000079831 0.003137950 0.000013624 0.000079832 1.000000000 -0.006449515
1.000000000 -0.000034583 0.000101007 -0.003855967 0.000034581 1.000000000 0.000018895 0.000719003 -0.000101007 -0.000018891 1.000000000 -0.002729017
1.000000000 0.000172750 0.000164977 -0.004607075 -0.000172737 1.000000000 -0.000080155 0.001627994 -0.000164991 0.000080126 1.000000000 -0.001134481
1.000000000 0.000047403 0.000032873 -0.001099564 -0.000047404 1.000000000 0.000055320 0.000258205 -0.000032870 -0.000055321 1.000000000 -0.003614080
1.000000000 -0.000078286 0.000030917 -0.004085572 0.000078288 1.000000000 -0.000057648 0.004042643 -0.000030912 0.000057651 1.000000000 0.004219084
1.000000000 0.000122236 0.000045324 -0.000681931 -0.000122241 1.000000000 0.000106985 0.000170020 -0.000045311 -0.000106990 1.000000000 -0.005270006
1.000000000 0.000065807 0.000127775 -0.005051757 -0.000065816 1.000000000 0.000069000 0.000242240 -0.000127771 -0.000069008 1.000000000 -0.000232709
1.000000000 0.000011305 0.000105440 -0.005519683 -0.000011309 1.000000000 0.000044889 0.001073394 -0.000105440 -0.000044890 1.000000000 -0.001674949
1.000000000 -0.000073429 0.000022928 -0.001509650 0.000073425 1.000000000 0.000149086 -0.001452057 -0.000022939 -0.000149084 1.000000000 -0.004370021
1.000000000 0.000200758 0.000070234 -0.003179684 -0.000200758 1.000000000 0.000006911 0.000203675 -0.000070233 -0.000006926 1.000000000 -0.001527271
1.000000000 0.000083847 0.000123526 -0.004817461 -0.000083840 1.000000000 -0.000049213 0.001551415 -0.000123530 0.000049202 1.000000000 -0.000496358
1.000000000 -0.000071920 -0.000091227 0.001958558 0.000071928 1.000000000 0.000092547 -0.001043623 0.000091221 -0.000092554 1.000000000 -0.011471575
1.000000000 0.000029758 0.000096793 -0.004242587 -0.000029747 1.000000000 -0.000115236 0.001935774 -0.000096797 0.000115233 1.000000000 -0.003215091
1.000000000 0.000030942 0.000107289 -0.004662097 -0.000030939 1.000000000 -0.000029287 0.001091807 -0.000107290 0.000029284 1.000000000 -0.000973353
1.000000000 0.000076676 0.000018298 -0.000914188 -0.000076678 1.000000000 0.000112648 -0.000486799 -0.000018289 -0.000112649 1.000000000 -0.008609518
1.000000000 -0.000002805 0.000061413 -0.003075301 0.000002807 1.000000000 -0.000027997 0.000800652 -0.000061413 0.000027997 1.000000000 0.001352309
1.000000000 0.000135155 0.000086822 0.001122469 -0.000135104 0.999999821 -0.000579602 -0.004218741 -0.000086901 0.000579591 0.999999821 0.049968436
1.000000000 -0.000082580 0.000051925 0.001306271 0.000082647 0.999999166 -0.001283145 -0.001798073 -0.000051819 0.001283150 0.999999166 0.144590542
1.000000000 -0.000013668 0.000056291 0.004974004 0.000013748 0.999998987 -0.001424783 -0.010960396 -0.000056271 0.001424783 0.999998987 0.261439621
1.000000000 0.000028856 0.000174101 0.003010972 -0.000028649 0.999999285 -0.001190575 -0.017672684 -0.000174135 0.001190570 0.999999285 0.391967535
1.000000000 0.000132827 0.000056840 0.004762561 -0.000132765 0.999999404 -0.001092330 -0.020857805 -0.000056985 0.001092323 0.999999404 0.538806379
0.999999940 0.000201998 0.000249343 0.006097003 -0.000201770 0.999999583 -0.000914415 -0.032460053 -0.000249527 0.000914365 0.999999523 0.680928230
0.999999940 -0.000244550 -0.000148526 0.018335210 0.000244467 0.999999821 -0.000562459 -0.033975925 0.000148664 0.000562422 0.999999821 0.851027191
1.000000000 -0.000057949 -0.000020777 0.019917043 0.000057940 0.999999881 -0.000426601 -0.042317588 0.000020802 0.000426600 0.999999881 1.037693262
0.999999940 0.000042161 0.000315733 0.016049460 -0.000041960 0.999999821 -0.000636213 -0.040227417 -0.000315760 0.000636200 0.999999762 1.194190621
0.999999940 -0.000306582 0.000098197 0.029597757 0.000306599 0.999999940 -0.000172525 -0.051601660 -0.000098144 0.000172555 1.000000000 1.409254193
0.999999702 -0.000224841 -0.000751379 0.044483766 0.000224790 1.000000000 -0.000068024 -0.056097135 0.000751394 0.000067855 0.999999702 1.604807734
1.000000000 -0.000092179 -0.000048755 0.044279475 0.000092182 1.000000000 0.000062921 -0.057719931 0.000048749 -0.000062925 1.000000000 1.766283989
0.999999881 0.000381359 0.000268392 0.047079466 -0.000381444 0.999999881 0.000316765 -0.064689845 -0.000268272 -0.000316868 0.999999940 1.954526544
0.999993563 0.003208817 0.001583100 0.011212796 -0.003211879 0.999992967 0.001935759 -0.132367700 -0.001576877 -0.001940832 0.999996901 2.122459888
0.999993026 0.003319821 0.001728662 0.014574669 -0.003323361 0.999992371 0.002049102 -0.138764277 -0.001721847 -0.002054832 0.999996364 2.340661287
0.999994218 0.002832827 0.001856599 0.015753789 -0.002837675 0.999992549 0.002613952 -0.156156495 -0.001849181 -0.002619206 0.999994814 2.556805134
0.999996126 0.002282334 0.001614616 0.025642291 -0.002287015 0.999993086 0.002903569 -0.169037536 -0.001607978 -0.002907251 0.999994516 2.781173706
0.999994457 0.002797381 0.001838696 0.033799630 -0.002802464 0.999992192 0.002767595 -0.169091597 -0.001830940 -0.002772733 0.999994516 3.029890537
0.999993503 0.003053422 0.001927077 0.033442039 -0.003058510 0.999991834 0.002643036 -0.173574865 -0.001918991 -0.002648913 0.999994695 3.260759115
0.999992728 0.003132588 0.002164914 0.028154094 -0.003138673 0.999991119 0.002813014 -0.187089741 -0.002156083 -0.002819788 0.999993682 3.502034903
0.999992788 0.003286734 0.001895373 0.037462842 -0.003292173 0.999990463 0.002874222 -0.194783136 -0.001885908 -0.002880441 0.999994040 3.750355721
0.999993205 0.003019186 0.002108507 0.039289191 -0.003025889 0.999990404 0.003182868 -0.202745840 -0.002098877 -0.003189227 0.999992669 4.015991211
0.999992609 0.003182367 0.002148406 0.047843225 -0.003189117 0.999989927 0.003146079 -0.204057127 -0.002138373 -0.003152907 0.999992728 4.290596008
0.999993980 0.002791853 0.002057877 0.050642923 -0.002799080 0.999989927 0.003517085 -0.226303086 -0.002048037 -0.003522825 0.999991655 4.517087936
0.999993980 0.002697201 0.002165347 0.058762599 -0.002704998 0.999989867 0.003605841 -0.234875470 -0.002155599 -0.003611676 0.999991179 4.782147884
0.999993026 0.002808064 0.002430562 0.066213332 -0.002816713 0.999989688 0.003562434 -0.241699621 -0.002420534 -0.003569255 0.999990702 5.047622681
0.999990940 0.003368969 0.002587775 0.055605546 -0.003378464 0.999987602 0.003673437 -0.248079032 -0.002575367 -0.003682147 0.999989927 5.301668167
0.999993622 0.002694498 0.002347479 0.080556363 -0.002703123 0.999989629 0.003678996 -0.250955611 -0.002337542 -0.003685318 0.999990463 5.546608448
0.999992132 0.003146253 0.002380835 0.067877322 -0.003155560 0.999987304 0.003915556 -0.277439088 -0.002368485 -0.003923038 0.999989510 5.827308178
0.999991536 0.003198690 0.002544884 0.067211054 -0.003209045 0.999986529 0.004075679 -0.287989736 -0.002531813 -0.004083811 0.999988437 6.091019154
0.999989688 0.003397440 0.003002847 0.075214401 -0.003409532 0.999986053 0.004030989 -0.291197002 -0.002989110 -0.004041186 0.999987364 6.394433498
0.999987900 0.003821282 0.003093519 0.084122732 -0.003834040 0.999984145 0.004128719 -0.304616481 -0.003077693 -0.004140530 0.999986708 6.667393684
0.999991953 0.003133557 0.002505691 0.094407551 -0.003144001 0.999986351 0.004174980 -0.325085104 -0.002492574 -0.004182824 0.999988139 6.972224712
0.999992609 0.003101851 0.002294873 0.109536693 -0.003112313 0.999984741 0.004569582 -0.338103354 -0.002280664 -0.004576690 0.999986947 7.268427372
0.999993324 0.002891170 0.002235739 0.122428104 -0.002901422 0.999985278 0.004595922 -0.354280412 -0.002222418 -0.004602378 0.999986947 7.563444138
0.999992371 0.003164172 0.002296366 0.130156457 -0.003175255 0.999983251 0.004838935 -0.356387198 -0.002281016 -0.004846190 0.999985635 7.900087357
0.999990523 0.003349037 0.002789680 0.116731167 -0.003361376 0.999984682 0.004430085 -0.360533595 -0.002774800 -0.004439421 0.999986291 8.176885605
0.999990702 0.003233775 0.002857103 0.127141580 -0.003246042 0.999985576 0.004299236 -0.367675364 -0.002843159 -0.004308471 0.999986649 8.502063751
0.999990106 0.003232989 0.003060287 0.129869357 -0.003245427 0.999986589 0.004068046 -0.368941903 -0.003047093 -0.004077938 0.999987066 8.842761993
0.999988019 0.003726145 0.003165172 0.141436428 -0.003740051 0.999983370 0.004398861 -0.382795423 -0.003148729 -0.004410646 0.999985337 9.177534103
0.999991775 0.003076680 0.002646920 0.155866027 -0.003089824 0.999982834 0.004976186 -0.400182277 -0.002631565 -0.004984324 0.999984086 9.505036354
0.999991059 0.003308676 0.002645018 0.166125357 -0.003321656 0.999982417 0.004918098 -0.410651535 -0.002628699 -0.004926840 0.999984443 9.846896172
0.999988616 0.003817827 0.002870374 0.166959271 -0.003832804 0.999979019 0.005230715 -0.424584806 -0.002850344 -0.005241657 0.999982238 10.210515976
0.999988258 0.003842090 0.002931868 0.169758171 -0.003857332 0.999978960 0.005210900 -0.429198384 -0.002911786 -0.005222148 0.999982178 10.562108040
0.999988914 0.003491687 0.003158970 0.180133134 -0.003508646 0.999979377 0.005378884 -0.454558760 -0.003140123 -0.005389908 0.999980569 10.924360275
0.999986887 0.003879047 0.003344203 0.184828669 -0.003896841 0.999978185 0.005330700 -0.465170771 -0.003323452 -0.005343662 0.999980271 11.311702728
0.999988616 0.003482827 0.003251417 0.201752871 -0.003500798 0.999978542 0.005537691 -0.476088703 -0.003232060 -0.005549010 0.999979436 11.679841995
0.999986947 0.003772278 0.003433121 0.203561753 -0.003792366 0.999975622 0.005863940 -0.491625875 -0.003410917 -0.005876884 0.999976933 12.033998489
0.999988377 0.003358597 0.003434900 0.210131228 -0.003378473 0.999977469 0.005797214 -0.494606584 -0.003415352 -0.005808753 0.999977291 12.423418999
0.999987721 0.003399409 0.003594880 0.216807634 -0.003419956 0.999977767 0.005725088 -0.509917319 -0.003575339 -0.005737312 0.999977171 12.816280365
0.999989569 0.003098804 0.003360861 0.235265270 -0.003119160 0.999976695 0.006068540 -0.541609943 -0.003341978 -0.006078960 0.999975920 13.183581352
0.999985695 0.003828197 0.003730477 0.240047812 -0.003852386 0.999971509 0.006498552 -0.554403007 -0.003705494 -0.006512830 0.999971867 13.599084854
0.999984026 0.004119236 0.003883834 0.255889088 -0.004144625 0.999969959 0.006551986 -0.566592693 -0.003856728 -0.006567977 0.999970973 14.011562347
0.999987543 0.003191803 0.003846166 0.262380898 -0.003215682 0.999975502 0.006218336 -0.574725568 -0.003826225 -0.006230627 0.999973238 14.452777863
0.999990821 0.002059162 0.003765277 0.291917294 -0.002086030 0.999972224 0.007145545 -0.624803603 -0.003750459 -0.007153333 0.999967396 14.785655022
0.999990702 0.001882419 0.003886536 0.301419735 -0.001911099 0.999970853 0.007388927 -0.640189052 -0.003872514 -0.007396286 0.999965131 15.208819389
0.999986827 0.002377606 0.004553857 0.315901726 -0.002409590 0.999972403 0.007030962 -0.641883492 -0.004537014 -0.007041841 0.999964952 15.670114517
0.999986708 0.002207022 0.004666881 0.321252316 -0.002242271 0.999968946 0.007561196 -0.664204359 -0.004650048 -0.007571560 0.999960482 16.077838898
0.999987364 0.002145946 0.004542393 0.337952614 -0.002179944 0.999969661 0.007493210 -0.680518806 -0.004526175 -0.007503019 0.999961615 16.504335403
0.999985993 0.002283945 0.004760509 0.351876676 -0.002320156 0.999968350 0.007615036 -0.692942858 -0.004742966 -0.007625974 0.999959648 16.966812134
0.999985456 0.002284162 0.004880724 0.366186857 -0.002321942 0.999967277 0.007749134 -0.700795710 -0.004862864 -0.007760354 0.999958098 17.427820206
0.999983668 0.001938437 0.005373296 0.375993758 -0.001981043 0.999966621 0.007935286 -0.713173747 -0.005357734 -0.007945802 0.999954104 17.889616013
0.999981225 0.001978869 0.005791650 0.384777129 -0.002024909 0.999966323 0.007954392 -0.726728737 -0.005775714 -0.007965971 0.999951541 18.325956345
0.999983490 0.001751865 0.005487198 0.401118338 -0.001795550 0.999966681 0.007966431 -0.737840056 -0.005473059 -0.007976151 0.999953210 18.796058655
0.999983132 0.001878951 0.005489081 0.419985771 -0.001922880 0.999966085 0.008008722 -0.748218894 -0.005473847 -0.008019143 0.999952853 19.265569687
0.999978244 0.002893651 0.005928787 0.431464612 -0.002943266 0.999960601 0.008377030 -0.770480037 -0.005904313 -0.008394297 0.999947369 19.748901367
0.999979317 0.002773016 0.005807342 0.441180855 -0.002821750 0.999960721 0.008400594 -0.791483760 -0.005783819 -0.008416806 0.999947846 20.175033569
0.999982774 0.002372650 0.005378102 0.458222628 -0.002418994 0.999959886 0.008627123 -0.804366350 -0.005357417 -0.008639984 0.999948323 20.680303574
0.999987125 0.002459079 0.004455931 0.466989189 -0.002497949 0.999958694 0.008738647 -0.828761935 -0.004434258 -0.008749664 0.999951899 21.202045441
0.999986827 0.002798762 0.004310373 0.482477665 -0.002834375 0.999961734 0.008278435 -0.823974967 -0.004287038 -0.008290543 0.999956429 21.692935944
0.999990463 0.001198872 0.004205913 0.484470218 -0.001238965 0.999953687 0.009542958 -0.861311138 -0.004194277 -0.009548078 0.999945641 22.100652695
0.999992967 0.000773002 0.003682773 0.487502247 -0.000808116 0.999954164 0.009542715 -0.873397350 -0.003675227 -0.009545623 0.999947727 22.612945557
0.999991477 0.001880579 0.003680998 0.491873145 -0.001914829 0.999954700 0.009323311 -0.883571088 -0.003663298 -0.009330281 0.999949813 23.149692535
0.999995708 0.000519470 0.002901154 0.505248964 -0.000547469 0.999953210 0.009658820 -0.895673990 -0.002896000 -0.009660368 0.999949217 23.701370239
0.999996841 0.001567484 0.001955939 0.517175138 -0.001585395 0.999956429 0.009189577 -0.902578115 -0.001941450 -0.009192647 0.999955833 24.112548828
0.999997914 0.001687204 0.001121053 0.529319525 -0.001697056 0.999959409 0.008845978 -0.910914123 -0.001106083 -0.008847862 0.999960184 24.649513245
0.999998987 0.001318753 0.000636316 0.539761603 -0.001324494 0.999957681 0.009107280 -0.918599784 -0.000624279 -0.009108111 0.999958336 25.194412231
0.999998033 0.001778429 0.000910085 0.535358012 -0.001787049 0.999952674 0.009559852 -0.937907338 -0.000893041 -0.009561460 0.999953806 25.678039551
0.999998391 0.001624110 0.000782872 0.545403540 -0.001632006 0.999946713 0.010192049 -0.946373880 -0.000766277 -0.010193310 0.999947727 26.223329544
0.999999702 0.000820251 0.000349027 0.558967173 -0.000823732 0.999948800 0.010092050 -0.964246035 -0.000340731 -0.010092333 0.999948978 26.772239685
0.999994934 0.003113738 0.000616432 0.542654812 -0.003119569 0.999948144 0.009695785 -0.986709595 -0.000586210 -0.009697661 0.999952793 27.352287292
0.999998391 0.001750391 -0.000671335 0.583059371 -0.001742925 0.999938309 0.010964522 -1.000828743 0.000690485 -0.010963332 0.999939680 27.787925720
0.999996841 0.002425544 -0.000734798 0.592618227 -0.002417533 0.999939620 0.010713817 -1.014497995 0.000760740 -0.010712005 0.999942303 28.331565857
0.999996543 0.002519422 -0.000880661 0.583833635 -0.002509329 0.999933243 0.011280357 -1.032725811 0.000909022 -0.011278107 0.999936044 28.906528473
0.999996603 0.002133619 -0.001465348 0.601081192 -0.002117574 0.999938726 0.010865145 -1.035200477 0.001488441 -0.010862007 0.999939859 29.379556656
0.999996841 0.001635105 -0.001925137 0.613766551 -0.001612849 0.999932468 0.011506218 -1.055937648 0.001943820 -0.011503075 0.999931991 29.917631149
0.999995649 0.002412827 -0.001705048 0.621071577 -0.002393531 0.999934077 0.011229413 -1.067551613 0.001732030 -0.011225283 0.999935508 30.474380493
0.999996185 0.001151844 -0.002506904 0.648777902 -0.001121937 0.999928594 0.011898794 -1.094388723 0.002520430 -0.011895937 0.999926090 30.960168839
0.999996066 0.000542311 -0.002749190 0.662403822 -0.000509379 0.999928296 0.011965134 -1.106463075 0.002755482 -0.011963688 0.999924660 31.498643875
0.999995351 0.001249205 -0.002780430 0.670267463 -0.001217394 0.999934137 0.011413337 -1.106240034 0.002794505 -0.011409898 0.999930978 32.014839172
0.999996066 0.000878966 -0.002657807 0.643750906 -0.000846917 0.999927223 0.012035892 -1.133157134 0.002668193 -0.012033593 0.999923944 32.497657776
0.999995351 0.001144050 -0.002807002 0.659780383 -0.001109287 0.999923110 0.012354844 -1.151757836 0.002820919 -0.012351673 0.999919653 33.052539825
0.999993443 0.001342923 -0.003343006 0.665523589 -0.001301824 0.999923944 0.012265737 -1.162073493 0.003359224 -0.012261304 0.999919176 33.621562958
0.999994695 0.000560330 -0.003206835 0.667930007 -0.000520690 0.999923646 0.012348589 -1.178701401 0.003213509 -0.012346854 0.999918640 34.064491272
0.999994218 0.000791350 -0.003317536 0.678152323 -0.000750737 0.999925077 0.012225473 -1.183281660 0.003326962 -0.012222913 0.999919772 34.599391937
0.999993265 0.000484641 -0.003630589 0.686586022 -0.000439466 0.999922633 0.012433497 -1.197898507 0.003636334 -0.012431821 0.999916136 35.148372650
0.999994755 0.001567803 -0.002833599 0.677545846 -0.001534004 0.999928176 0.011891181 -1.199665427 0.002852038 -0.011886772 0.999925375 35.665649414
0.999994099 0.001395323 -0.003128122 0.698220849 -0.001356428 0.999922216 0.012401949 -1.218818307 0.003145183 -0.012397632 0.999918222 36.181118011
0.999992609 0.000605419 -0.003798810 0.703018367 -0.000557849 0.999921620 0.012510777 -1.220987082 0.003806086 -0.012508564 0.999914587 36.750041962
0.999993742 0.000831220 -0.003443584 0.710698843 -0.000785606 0.999912202 0.013226146 -1.255028725 0.003454275 -0.013223357 0.999906600 37.239967346
0.999992907 0.000445197 -0.003745422 0.720047832 -0.000395992 0.999913752 0.013127640 -1.262816191 0.003750943 -0.013126065 0.999906778 37.786731720
0.999992251 -0.000204623 -0.003909791 0.711339831 0.000258942 0.999903381 0.013897648 -1.276669025 0.003906569 -0.013898553 0.999895811 38.271194458
0.999993801 0.000690849 -0.003450262 0.700424075 -0.000648839 0.999925792 0.012162238 -1.241623878 0.003458408 -0.012159924 0.999920070 38.844726562
0.999990165 0.001082639 -0.004298372 0.783450127 -0.001026834 0.999915421 0.012963681 -1.268973112 0.004312043 -0.012959138 0.999906719 39.417087555
0.999987960 -0.000570944 -0.004881491 0.782375932 0.000640473 0.999898255 0.014253847 -1.309557915 0.004872856 -0.014256803 0.999886453 39.922885895
0.999990761 0.000153203 -0.004300802 0.771655858 -0.000093412 0.999903381 0.013898917 -1.322548032 0.004302517 -0.013898388 0.999894083 40.391647339
0.999991238 0.000819348 -0.004122561 0.775929928 -0.000763682 0.999908686 0.013486381 -1.327271223 0.004133235 -0.013483115 0.999900520 40.945365906
0.999989271 0.000421476 -0.004620112 0.791910768 -0.000357073 0.999902844 0.013931584 -1.339111447 0.004625537 -0.013929782 0.999892235 41.480323792
0.999990344 0.000123862 -0.004397103 0.799790859 -0.000062128 0.999901474 0.014036898 -1.348807573 0.004398408 -0.014036488 0.999891818 42.002021790
0.999988139 -0.000303612 -0.004860109 0.819024920 0.000375398 0.999890745 0.014776321 -1.379322290 0.004855092 -0.014777970 0.999879003 42.542522430
0.999986827 -0.001237266 -0.004979135 0.817575574 0.001313283 0.999882221 0.015292814 -1.399805188 0.004959627 -0.015299152 0.999870658 43.034675598
0.999984264 -0.001489049 -0.005408062 0.830122352 0.001570550 0.999884844 0.015097468 -1.401468039 0.005384958 -0.015105725 0.999871373 43.592582703
0.999984205 -0.001273610 -0.005475771 0.850214899 0.001354551 0.999889493 0.014803379 -1.412518024 0.005456313 -0.014810563 0.999875367 44.132164001
0.999987066 -0.001061961 -0.004975781 0.837746978 0.001137253 0.999884546 0.015153398 -1.428020000 0.004959116 -0.015158861 0.999872804 44.627517700
0.999983490 -0.001883799 -0.005428245 0.857394516 0.001965285 0.999884903 0.015045370 -1.437200069 0.005399278 -0.015055791 0.999872088 45.175823212
0.999986112 -0.001071250 -0.005172159 0.853114128 0.001149975 0.999883175 0.015242147 -1.451577663 0.005155225 -0.015247884 0.999870420 45.743812561
0.999988198 -0.000874781 -0.004770892 0.845886528 0.000947502 0.999883056 0.015261798 -1.453016639 0.004756983 -0.015266139 0.999872148 46.218643188
0.999988914 -0.000538252 -0.004683892 0.854504228 0.000610848 0.999879420 0.015511649 -1.463369966 0.004674978 -0.015514337 0.999868691 46.768421173
0.999990642 -0.000318690 -0.004308558 0.865711451 0.000386591 0.999875605 0.015767908 -1.477783918 0.004302996 -0.015769426 0.999866366 47.303764343
0.999989867 -0.000455764 -0.004489492 0.874223053 0.000527272 0.999872804 0.015939496 -1.489514112 0.004481654 -0.015941702 0.999862850 47.818168640
0.999989927 -0.000709674 -0.004426949 0.868271053 0.000780514 0.999871373 0.016020793 -1.503782511 0.004415009 -0.016024090 0.999861777 48.292942047
0.999990284 -0.000844925 -0.004321436 0.873924851 0.000914544 0.999869466 0.016133629 -1.508941650 0.004307240 -0.016137427 0.999860466 48.837261200
0.999990046 -0.000597939 -0.004413756 0.870334029 0.000667040 0.999876916 0.015670888 -1.516825080 0.004403842 -0.015673677 0.999867439 49.376022339
0.999987483 -0.001556061 -0.004737491 0.892410994 0.001630736 0.999873817 0.015799623 -1.524367332 0.004712307 -0.015807150 0.999863982 49.840450287
0.999988556 -0.001201882 -0.004610014 0.889356315 0.001275961 0.999869525 0.016100040 -1.530688167 0.004590062 -0.016105739 0.999859750 50.395206451
0.999989450 -0.001286144 -0.004397841 0.896413028 0.001354903 0.999876380 0.015667530 -1.535221338 0.004377147 -0.015673326 0.999867618 50.908794403
0.999990404 -0.000937274 -0.004274094 0.900482595 0.001006921 0.999866307 0.016322143 -1.546036124 0.004258226 -0.016326291 0.999857605 51.445079803
0.999989152 -0.001621936 -0.004368227 0.903153539 0.001690910 0.999873221 0.015832836 -1.555625081 0.004341994 -0.015840050 0.999865115 51.914985657
0.999990046 -0.001244084 -0.004282755 0.921948910 0.001313891 0.999865770 0.016335454 -1.560434818 0.004261856 -0.016340915 0.999857426 52.475585938
0.999990165 -0.001329336 -0.004230881 0.928037524 0.001399729 0.999859869 0.016678626 -1.570154071 0.004208116 -0.016684385 0.999851882 52.995521545
0.999988556 -0.001440539 -0.004578008 0.959765792 0.001516578 0.999860227 0.016649911 -1.579467297 0.004553382 -0.016656661 0.999850929 53.514068604
0.999991953 -0.000991933 -0.003884327 0.925981760 0.001053973 0.999871314 0.016002474 -1.590058804 0.003867953 -0.016006440 0.999864399 53.961872101
0.999991119 -0.001281006 -0.004012562 0.920353413 0.001345813 0.999868035 0.016190097 -1.600308657 0.003991292 -0.016195353 0.999860823 54.486366272
0.999993980 -0.000527390 -0.003424994 0.927604437 0.000583220 0.999866664 0.016320145 -1.606867194 0.003415930 -0.016322047 0.999860942 55.028385162
0.999991536 -0.001159287 -0.003932146 0.950475454 0.001222661 0.999868810 0.016153019 -1.607414484 0.003912903 -0.016157690 0.999861777 55.483303070
0.999991298 -0.001273946 -0.003962174 0.966186345 0.001339973 0.999859631 0.016706854 -1.633420467 0.003940332 -0.016712017 0.999852598 56.041088104
0.999992013 -0.001270892 -0.003773076 0.980332494 0.001330939 0.999871910 0.015954869 -1.617202044 0.003752315 -0.015959768 0.999865532 56.588809967
0.999991298 -0.001636204 -0.003834008 0.973556578 0.001697932 0.999868095 0.016152648 -1.634927988 0.003807073 -0.016159019 0.999862194 57.029857635
0.999991119 -0.001557734 -0.003911759 0.981736779 0.001617526 0.999881148 0.015328871 -1.637773037 0.003887417 -0.015335063 0.999874830 57.571453094
0.999992788 -0.001239277 -0.003580729 0.993993282 0.001295857 0.999873638 0.015842179 -1.655923724 0.003560642 -0.015846707 0.999868095 58.110694885
0.999990702 -0.001707704 -0.003962397 0.990862846 0.001771126 0.999869406 0.016058294 -1.657472491 0.003934457 -0.016065164 0.999863207 58.597999573
0.999992251 -0.001246568 -0.003734504 1.002645731 0.001304298 0.999879062 0.015495982 -1.667809367 0.003714736 -0.015500734 0.999872983 59.140415192
0.999991894 -0.001361764 -0.003800814 1.038983583 0.001423134 0.999867857 0.016190927 -1.685478568 0.003778264 -0.016196202 0.999861717 59.650108337
0.999992013 -0.001421120 -0.003731603 1.020518184 0.001480485 0.999871612 0.015954480 -1.677692652 0.003708451 -0.015959876 0.999865770 60.146434784
0.999991000 -0.001741097 -0.003858343 1.034836054 0.001800165 0.999880373 0.015359093 -1.676890373 0.003831140 -0.015365902 0.999874592 60.679149628
0.999990582 -0.001807278 -0.003940828 1.029424429 0.001867725 0.999879777 0.015389367 -1.674373388 0.003912542 -0.015396582 0.999873817 61.217941284
0.999992311 -0.001185945 -0.003727292 1.038653493 0.001242807 0.999882340 0.015290250 -1.691283345 0.003708722 -0.015294764 0.999876201 61.771484375
0.999989808 -0.002217610 -0.003932238 1.049810410 0.002281594 0.999863863 0.016342483 -1.725910306 0.003895461 -0.016351290 0.999858677 62.190231323
0.999989986 -0.002258775 -0.003892803 1.048466563 0.002323580 0.999857426 0.016724072 -1.740927458 0.003854472 -0.016732948 0.999852538 62.712150574
0.999991536 -0.001753097 -0.003722426 1.064294219 0.001810858 0.999877155 0.015570974 -1.732516527 0.003694672 -0.015577580 0.999871850 63.282268524
0.999992013 -0.002093758 -0.003399156 1.056601524 0.002147228 0.999872863 0.015803721 -1.750918984 0.003365634 -0.015810894 0.999869287 63.821472168
0.999991655 -0.001894800 -0.003608834 1.091408968 0.001951763 0.999872506 0.015846753 -1.730377436 0.003578349 -0.015853662 0.999867916 64.218238831
0.999993503 -0.001403735 -0.003343034 1.099884033 0.001454015 0.999885082 0.015085562 -1.730405569 0.003321474 -0.015090321 0.999880612 64.778236389
0.999993801 -0.001508186 -0.003178802 1.097541451 0.001557086 0.999879599 0.015437256 -1.731260896 0.003155137 -0.015442107 0.999875784 65.356681824
0.999993742 -0.001374554 -0.003259516 1.121206522 0.001424836 0.999879181 0.015474411 -1.761527419 0.003237851 -0.015478956 0.999874949 65.813247681
0.999994397 -0.001424276 -0.003019582 1.112960696 0.001471631 0.999875069 0.015738850 -1.773750544 0.002996790 -0.015743205 0.999871552 66.256881714
0.999992371 -0.001622808 -0.003533263 1.126736045 0.001678859 0.999871910 0.015918892 -1.783410549 0.003506980 -0.015924701 0.999867022 66.793304443
0.999995530 -0.000778797 -0.002884909 1.147611022 0.000824248 0.999875069 0.015787302 -1.806364655 0.002872255 -0.015789608 0.999871194 67.301116943
0.999994814 -0.000846886 -0.003089937 1.160260677 0.000894044 0.999882698 0.015292236 -1.802203774 0.003076624 -0.015294921 0.999878168 67.853256226
0.999994695 -0.001288400 -0.002994064 1.152778387 0.001335975 0.999872029 0.015942471 -1.817326546 0.002973141 -0.015946386 0.999868453 68.291015625
0.999995112 -0.001153911 -0.002893687 1.175804138 0.001199830 0.999872625 0.015917417 -1.830254197 0.002874951 -0.015920812 0.999869168 68.809967041
0.999995410 -0.001219600 -0.002804006 1.182171226 0.001262804 0.999879777 0.015458493 -1.821752310 0.002784814 -0.015461965 0.999876559 69.351554871
0.999994040 -0.001615165 -0.003034073 1.183784127 0.001661590 0.999880612 0.015361505 -1.833655238 0.003008899 -0.015366456 0.999877393 69.849853516
0.999993861 -0.001590628 -0.003121386 1.202746034 0.001638907 0.999878049 0.015525778 -1.826142788 0.003096309 -0.015530799 0.999874592 70.284431458
0.999994397 -0.001587003 -0.002939702 1.209954500 0.001631946 0.999880791 0.015349650 -1.829334140 0.002914991 -0.015354362 0.999877870 70.831336975
0.999993920 -0.001646168 -0.003074679 1.221032977 0.001692097 0.999886155 0.014995473 -1.836043477 0.003049644 -0.015000586 0.999882817 71.410522461
0.999994755 -0.001376292 -0.002940160 1.233095884 0.001422130 0.999876618 0.015645597 -1.859090328 0.002918266 -0.015649695 0.999873221 71.845878601
0.999994934 -0.000981917 -0.003047400 1.247559428 0.001029717 0.999875844 0.015723757 -1.873953342 0.003031581 -0.015726810 0.999871731 72.386940002
0.999992847 -0.002080607 -0.003175762 1.259854436 0.002129106 0.999880075 0.015345578 -1.876301765 0.003143453 -0.015352230 0.999877214 72.957229614
0.999994099 -0.001458453 -0.003088141 1.278475761 0.001507246 0.999873102 0.015857313 -1.887397885 0.003064621 -0.015861874 0.999869525 73.349098206
0.999993265 -0.001825967 -0.003192296 1.289574385 0.001875336 0.999877632 0.015530977 -1.897378683 0.003163546 -0.015536860 0.999874294 73.891868591
0.999992669 -0.001911676 -0.003328596 1.309434772 0.001961766 0.999883950 0.015110509 -1.903980970 0.003299323 -0.015116928 0.999880254 74.398506165
0.999988496 -0.002326748 -0.004178427 1.351125956 0.002391219 0.999877155 0.015491523 -1.929638386 0.004141869 -0.015501336 0.999871254 74.919189453
0.999995172 -0.001212999 -0.002860123 1.323462129 0.001257311 0.999878347 0.015542697 -1.922727704 0.002840922 -0.015546218 0.999875069 75.392791748
0.999993324 -0.001828691 -0.003159103 1.338174224 0.001876755 0.999881506 0.015279055 -1.921476007 0.003130789 -0.015284882 0.999878228 75.930168152
0.999994695 -0.001033602 -0.003090695 1.337888360 0.001080650 0.999882936 0.015259558 -1.929973483 0.003074561 -0.015262819 0.999878705 76.415489197
0.999994814 -0.001225005 -0.002984939 1.349130869 0.001270194 0.999883890 0.015184374 -1.934384584 0.002965993 -0.015188087 0.999880254 76.975074768
0.999998391 -0.000800059 -0.001617791 1.368184328 0.000824942 0.999880493 0.015439020 -1.949888587 0.001605245 -0.015440330 0.999879479 77.462318420
0.999998629 -0.001538048 -0.000662823 1.373548150 0.001547909 0.999884129 0.015142035 -1.955819368 0.000639458 -0.015143040 0.999885142 78.013031006
0.999998748 -0.001132714 0.001123151 1.377246261 0.001115726 0.999886692 0.015012286 -1.955467820 -0.001140028 -0.015011013 0.999886692 78.517524719
0.999996662 -0.001544799 0.002094393 1.387373686 0.001512937 0.999884367 0.015130400 -1.961027622 -0.002117524 -0.015127182 0.999883294 79.069343567
0.999986827 -0.001228205 0.004980676 1.399790406 0.001151150 0.999880016 0.015444191 -1.972530007 -0.004999047 -0.015438255 0.999868333 79.623687744
0.999963403 -0.001040105 0.008490138 1.406787157 0.000910299 0.999882877 0.015278580 -1.987225890 -0.008505034 -0.015270292 0.999847233 80.126579285
0.999932826 -0.000864728 0.011556142 1.433496833 0.000687551 0.999882340 0.015327057 -2.000287056 -0.011568036 -0.015318080 0.999815822 80.705421448
0.999874890 -0.001022193 0.015783817 1.454421878 0.000790257 0.999891758 0.014693812 -1.994882107 -0.015797127 -0.014679501 0.999767423 81.211486816
0.999764264 -0.001288747 0.021672513 1.469062448 0.000971240 0.999892175 0.014654374 -1.989233017 -0.021689059 -0.014629867 0.999657810 81.722702026
0.999627054 -0.001928324 0.027239626 1.500218868 0.001539050 0.999896526 0.014304482 -1.985471487 -0.027264392 -0.014257225 0.999526560 82.285140991
0.999425888 -0.001553852 0.033844441 1.527040482 0.001058002 0.999891996 0.014663832 -1.989994764 -0.033863571 -0.014619607 0.999319553 82.779533386
0.999113142 -0.001568361 0.042079207 1.542451859 0.000947247 0.999890327 0.014776477 -2.006179333 -0.042097766 -0.014723511 0.999004960 83.310623169
0.998715222 -0.001388885 0.050657146 1.594321728 0.000636576 0.999889374 0.014864103 -2.016505957 -0.050672188 -0.014812756 0.998605490 83.855728149
0.998350143 -0.001182737 0.057406962 1.638042450 0.000328782 0.999889135 0.014882632 -2.028983116 -0.057418194 -0.014839205 0.998239934 84.375991821
0.997811735 -0.002199845 0.066081047 1.706848621 0.001228870 0.999890745 0.014730757 -2.036847830 -0.066106230 -0.014617318 0.997705519 84.914955139
0.997062325 -0.001749647 0.076574400 1.745285988 0.000610887 0.999888897 0.014892181 -2.045105457 -0.076591954 -0.014801654 0.996952653 85.470535278
0.996331811 -0.001303858 0.085563436 1.800647259 -0.000016035 0.999881089 0.015423391 -2.081500769 -0.085573375 -0.015368191 0.996213377 85.970222473
0.995609760 -0.002519917 0.093566142 1.823748112 0.001113439 0.999885678 0.015081072 -2.110713482 -0.093593441 -0.014910683 0.995498776 86.520004272
0.994604111 -0.002541526 0.103711054 1.907886982 0.000997429 0.999887884 0.014937587 -2.114954472 -0.103737384 -0.014753542 0.994495273 87.062225342
0.993409693 -0.002776236 0.114584252 1.997746944 0.001036032 0.999883235 0.015243869 -2.136912346 -0.114613183 -0.015024693 0.993296564 87.571411133
0.992361188 -0.003982489 0.123301864 2.048974037 0.002142897 0.999884486 0.015048438 -2.141395569 -0.123347580 -0.014669261 0.992255092 88.075675964
0.990889251 -0.003596964 0.134630859 2.135040283 0.001533985 0.999879956 0.015423832 -2.148204565 -0.134670168 -0.015076788 0.990775764 88.624580383
0.989144981 -0.003634617 0.146897703 2.239826202 0.001392839 0.999881089 0.015360788 -2.158954620 -0.146936074 -0.014989438 0.989032447 89.159759521
0.987510622 -0.004042885 0.157500014 2.341670036 0.001718860 0.999887645 0.014889135 -2.156373978 -0.157542512 -0.014432456 0.987406671 89.722038269
0.985972285 -0.004467468 0.166848704 2.456423759 0.001999246 0.999886155 0.014958212 -2.162952423 -0.166896537 -0.014414812 0.985868931 90.256820679
0.983707249 -0.003888833 0.179735810 2.568009377 0.001196086 0.999885440 0.015087641 -2.171836376 -0.179773897 -0.014626841 0.983599246 90.811508179
0.981370866 -0.004190214 0.192077354 2.694954872 0.001270739 0.999881804 0.015320139 -2.186636448 -0.192118853 -0.014790659 0.981260180 91.334678650
0.979247749 -0.005215863 0.202600181 2.822185516 0.002181910 0.999882162 0.015195538 -2.188612223 -0.202655584 -0.014438140 0.979143620 91.860748291
0.976453304 -0.005902645 0.215648115 2.967123032 0.002772499 0.999886394 0.014814688 -2.196714401 -0.215711042 -0.013867967 0.976358771 92.391532898
0.973244190 -0.005364710 0.229710743 3.109088898 0.001900033 0.999881148 0.015301313 -2.203819513 -0.229765519 -0.014455455 0.973138630 92.916519165
0.970412433 -0.005992169 0.241378739 3.268407822 0.002355822 0.999879479 0.015350679 -2.230413675 -0.241441607 -0.014327845 0.970309556 93.409706116
0.967368484 -0.005817233 0.253307253 3.440731049 0.001887318 0.999874175 0.015754659 -2.262204885 -0.253367007 -0.014762485 0.967257500 93.877838135
0.963622034 -0.006063089 0.267199993 3.599229813 0.001920474 0.999873936 0.015762402 -2.256939888 -0.267261863 -0.014675848 0.963512182 94.497940063
0.960175276 -0.007088854 0.279308677 3.785829544 0.002774732 0.999870718 0.015838064 -2.266923428 -0.279384851 -0.014432310 0.960070729 95.010147095
0.956715167 -0.006600908 0.290950954 3.972307205 0.001891073 0.999862671 0.016465943 -2.282485008 -0.291019708 -0.015203010 0.956596196 95.544029236
0.952296317 -0.007083331 0.305092573 4.136001587 0.002242673 0.999866009 0.016213749 -2.288694143 -0.305166483 -0.014756069 0.952184677 96.106185913
0.947839141 -0.007348099 0.318664461 4.339050293 0.002209229 0.999861598 0.016484698 -2.298697472 -0.318741560 -0.014920840 0.947724223 96.621185303
0.943772972 -0.007064312 0.330518931 4.535295486 0.001781979 0.999865830 0.016282216 -2.302362442 -0.330589682 -0.014777737 0.943658948 97.138458252
0.939249933 -0.007301316 0.343156189 4.733930588 0.001753709 0.999862731 0.016473964 -2.312325954 -0.343229353 -0.014871374 0.939133883 97.626251221
0.934109449 -0.009196573 0.356868178 4.983388901 0.003564218 0.999858558 0.016437167 -2.309503555 -0.356968850 -0.014082158 0.934010148 98.177604675
0.929310262 -0.009626182 0.369174302 5.202173233 0.004026592 0.999864936 0.015935369 -2.312839508 -0.369277865 -0.013322391 0.929223537 98.686408997
0.924795687 -0.010485909 0.380319566 5.436220169 0.004743761 0.999860168 0.016032394 -2.325852871 -0.380434543 -0.013022544 0.924716115 99.191825867
0.919252992 -0.011660102 0.393494517 5.666383743 0.005443086 0.999842167 0.016911769 -2.343032837 -0.393629581 -0.013404371 0.919171453 99.607917786
0.913629174 -0.011685050 0.406380594 5.939376831 0.005069717 0.999836564 0.017351469 -2.368840694 -0.406516939 -0.013792573 0.913539112 100.155921936
0.908797383 -0.012256137 0.417057633 6.187835693 0.005584717 0.999836266 0.017212857 -2.365170479 -0.417200327 -0.013313852 0.908717036 100.660148621
0.903119206 -0.011684385 0.429230779 6.449333191 0.004758589 0.999840677 0.017205080 -2.382846832 -0.429363459 -0.013495707 0.903030932 101.151168823
0.896444321 -0.012797167 0.442971528 6.731880188 0.005574250 0.999829471 0.017603796 -2.392911434 -0.443121284 -0.013311589 0.896362841 101.670761108
0.890541911 -0.013434373 0.454702646 7.003513336 0.006165624 0.999828458 0.017464867 -2.391793728 -0.454859316 -0.012749672 0.890472114 102.173751831
0.884441793 -0.012927013 0.466471404 7.265789032 0.005426513 0.999833465 0.017418914 -2.388644218 -0.466619015 -0.012874703 0.884364724 102.656158447
0.876816571 -0.012061571 0.480673552 7.542259216 0.004396440 0.999844611 0.017069433 -2.385060310 -0.480804831 -0.012853509 0.876733422 103.147392273
