1.000000000 0.000000000 0.000000000 0.000000000 0.000000000 1.000000000 0.000000000 0.000000000 0.000000000 0.000000000 1.000000000 0.000000000
1.000000000 0.000083824 -0.000023444 -0.000025794 -0.000083824 1.000000000 -0.000024938 0.000146277 0.000023442 0.000024940 1.000000000 -0.000705548
1.000000000 0.000084217 0.000058569 -0.000271079 -0.000084220 1.000000000 0.000054185 -0.000691611 -0.000058564 -0.000054190 1.000000000 -0.000594746
1.000000000 -0.000076914 0.000076080 0.000079219 0.000076917 1.000000000 -0.000030514 0.000674086 -0.000076078 0.000030520 1.000000000 0.000827833
1.000000000 -0.000070008 0.000044237 -0.000221429 0.000070006 1.000000000 0.000045830 -0.000474538 -0.000044241 -0.000045827 1.000000000 -0.000670947
1.000000000 0.000008518 0.000144661 -0.000782117 -0.000008522 1.000000000 0.000029916 -0.000001262 -0.000144661 -0.000029917 1.000000000 -0.000016887
1.000000000 -0.000076389 0.000074573 0.000126895 0.000076388 1.000000000 0.000022301 -0.000311427 -0.000074574 -0.000022295 1.000000000 0.000107004
1.000000000 0.000055976 0.000049394 -0.000266271 -0.000055981 1.000000000 0.000105600 -0.000901895 -0.000049388 -0.000105603 1.000000000 -0.000966079
1.000000000 0.000041446 -0.000007159 -0.000317692 -0.000041446 1.000000000 -0.000031191 -0.000222243 0.000007158 0.000031192 1.000000000 -0.000754260
1.000000000 0.000013978 0.000090425 -0.000324789 -0.000013990 1.000000000 0.000136130 -0.001653292 -0.000090423 -0.000136132 1.000000000 -0.001084514
1.000000000 0.000072047 0.000080326 -0.000906419 -0.000072054 1.000000000 0.000083416 -0.000762351 -0.000080320 -0.000083421 1.000000000 -0.000167288
1.000000000 0.000018058 0.000098177 -0.000698384 -0.000018064 1.000000000 0.000055973 -0.000149648 -0.000098176 -0.000055975 1.000000000 0.000171192
1.000000000 0.000105922 0.000055386 -0.001013864 -0.000105924 1.000000000 0.000035438 -0.000741666 -0.000055382 -0.000035444 1.000000000 -0.000928652
1.000000000 0.000063092 0.000069529 -0.000674198 -0.000063097 1.000000000 0.000070346 -0.000381378 -0.000069524 -0.000070350 1.000000000 -0.000231676
1.000000000 -0.000030079 0.000064408 -0.000838551 0.000030083 1.000000000 -0.000061908 0.000123234 -0.000064406 0.000061910 1.000000000 0.000022408
1.000000000 0.000052405 0.000016590 -0.000286998 -0.000052405 1.000000000 -0.000019907 0.000396757 -0.000016591 0.000019906 1.000000000 0.001459328
1.000000000 0.000112484 0.000112751 -0.000994889 -0.000112477 1.000000000 -0.000059813 0.001113950 -0.000112758 0.000059800 1.000000000 0.001833690
1.000000000 0.000109633 0.000104516 -0.001618460 -0.000109625 1.000000000 -0.000074341 0.000803824 -0.000104524 0.000074330 1.000000000 0.000466766
0.999999940 0.000194690 0.000170189 -0.001815926 -0.000194690 1.000000000 -0.000000081 0.000414949 -0.000170189 0.000000048 1.000000000 0.000926431
1.000000000 0.000123515 0.000147892 -0.002049056 -0.000123507 1.000000000 -0.000053307 0.000558395 -0.000147898 0.000053288 1.000000000 0.000712952
1.000000000 0.000101364 0.000123583 -0.000941837 -0.000101368 1.000000000 0.000032008 0.000032672 -0.000123580 -0.000032021 1.000000000 0.000519702
1.000000000 0.000162739 0.000061607 -0.001293788 -0.000162741 1.000000000 0.000031272 0.000376164 -0.000061602 -0.000031282 1.000000000 0.000267797
1.000000000 0.000131919 0.000009012 -0.000203690 -0.000131919 1.000000000 0.000006076 0.000234450 -0.000009011 -0.000006077 1.000000000 0.000304704
0.999999702 0.000562535 -0.000523872 0.000977719 -0.000562537 0.999999821 -0.000003222 -0.000176326 0.000523870 0.000003516 0.999999881 0.000417274
0.999999523 0.000752330 -0.000587893 0.000754295 -0.000752319 0.999999702 0.000019313 0.000184375 0.000587908 -0.000018871 0.999999821 0.000767525
0.999999642 0.000696919 -0.000522222 0.000815713 -0.000696905 0.999999762 0.000026523 -0.000164243 0.000522240 -0.000026159 0.999999881 0.000699886
0.999999702 0.000524679 -0.000497176 0.001003194 -0.000524667 0.999999821 0.000022764 0.000362764 0.000497188 -0.000022503 0.999999881 0.001383067
0.999999762 0.000559509 -0.000460036 0.000531061 -0.000559502 0.999999821 0.000015421 -0.000154386 0.000460045 -0.000015164 0.999999940 0.001407869
0.999999702 0.000542501 -0.000564669 0.001180023 -0.000542491 0.999999821 0.000017620 -0.000504936 0.000564678 -0.000017314 0.999999881 -0.000031700
0.999999702 0.000521300 -0.000518185 0.000716326 -0.000521310 0.999999821 -0.000019857 -0.000066657 0.000518174 0.000020127 0.999999881 0.000813345
0.999999702 0.000516875 -0.000484381 0.000889039 -0.000516869 0.999999821 0.000011477 -0.000127845 0.000484387 -0.000011227 0.999999881 0.001231098
0.999999702 0.000517883 -0.000483598 0.000699692 -0.000517896 0.999999821 -0.000027271 0.000540703 0.000483583 0.000027522 0.999999881 0.001962598
0.999999642 0.000619485 -0.000561865 0.000995451 -0.000619535 0.999999762 -0.000089127 0.000763668 0.000561809 0.000089475 0.999999881 0.000793695
0.999999702 0.000595081 -0.000484067 0.000625935 -0.000595083 0.999999821 -0.000005029 -0.000280898 0.000484064 0.000005318 0.999999881 -0.000000248
0.999999702 0.000631958 -0.000464774 -0.000317702 -0.000631989 0.999999762 -0.000064848 -0.000304707 0.000464733 0.000065142 0.999999940 0.000480966
0.999999702 0.000615834 -0.000450926 0.000476987 -0.000615860 0.999999762 -0.000056955 -0.000182475 0.000450891 0.000057233 0.999999940 0.000859721
0.999999642 0.000622686 -0.000500170 0.000444231 -0.000622659 0.999999762 0.000054131 -0.000459470 0.000500204 -0.000053819 0.999999881 0.000781291
0.999999702 0.000608177 -0.000509429 0.000527595 -0.000608156 0.999999821 0.000042390 -0.000202465 0.000509455 -0.000042081 0.999999881 0.000792983
0.999999702 0.000583866 -0.000476194 0.000652494 -0.000583857 0.999999821 0.000019552 -0.000445601 0.000476205 -0.000019274 0.999999881 0.000442576
0.999999642 0.000632439 -0.000503804 0.000883900 -0.000632438 0.999999762 0.000003108 0.000542535 0.000503806 -0.000002790 0.999999881 0.001156270
0.999999762 0.000495550 -0.000566659 0.002156932 -0.000495569 0.999999881 -0.000033104 -0.000497042 0.000566643 0.000033385 0.999999881 0.001547771
0.999999940 0.000343807 0.000189813 0.000304537 -0.000343702 0.999999762 -0.000551445 -0.002623903 -0.000190003 0.000551380 0.999999821 0.050574679
0.999999642 0.000429327 -0.000606568 0.002011269 -0.000429827 0.999999523 -0.000824314 -0.012140323 0.000606214 0.000824574 0.999999464 0.135357007
0.999999702 0.000400640 -0.000578938 0.004633064 -0.000401352 0.999999106 -0.001230977 -0.014731558 0.000578444 0.001231208 0.999999106 0.249086559
0.999999583 0.000649341 -0.000620362 0.009382544 -0.000650053 0.999999106 -0.001148106 -0.016870009 0.000619616 0.001148509 0.999999106 0.385463089
0.999999702 0.000309778 -0.000728643 0.010355982 -0.000310372 0.999999642 -0.000815731 -0.025249241 0.000728390 0.000815957 0.999999344 0.518095791
0.999999702 0.000447228 -0.000613680 0.011705694 -0.000447671 0.999999642 -0.000722428 -0.025360443 0.000613356 0.000722702 0.999999523 0.672839761
0.999999702 0.000469641 -0.000590988 0.014696759 -0.000469890 0.999999821 -0.000420008 -0.029661367 0.000590791 0.000420286 0.999999702 0.835434735
0.999999702 0.000548372 -0.000570038 0.017556969 -0.000548720 0.999999583 -0.000610405 -0.034113783 0.000569703 0.000610718 0.999999642 1.007322192
0.999999583 0.000668702 -0.000532596 0.019495402 -0.000669150 0.999999404 -0.000841652 -0.034992199 0.000532033 0.000842008 0.999999464 1.185623884
0.999999702 0.000519759 -0.000441707 0.024531888 -0.000519878 0.999999821 -0.000270636 -0.042313084 0.000441566 0.000270866 0.999999881 1.373115063
0.999999285 0.001029042 -0.000576136 0.027917691 -0.001029276 0.999999404 -0.000405436 -0.044642545 0.000575719 0.000406028 0.999999762 1.564657688
0.999999821 0.000439249 -0.000457357 0.031672284 -0.000439345 0.999999881 -0.000209554 -0.052610330 0.000457265 0.000209755 0.999999881 1.764295220
0.999999821 0.000541354 -0.000133393 0.030262144 -0.000541351 0.999999821 0.000023055 -0.059171453 0.000133406 -0.000022983 1.000000000 1.968108892
0.999999940 0.000109582 -0.000305262 0.037636384 -0.000109506 0.999999940 0.000249632 -0.067982413 0.000305289 -0.000249599 0.999999940 2.180599689
0.999999940 0.000157018 -0.000145741 0.041570477 -0.000156968 0.999999940 0.000341598 -0.073520280 0.000145794 -0.000341575 0.999999940 2.398996353
0.999999821 0.000427684 -0.000263181 0.047001071 -0.000427720 0.999999881 -0.000138544 -0.077358484 0.000263122 0.000138657 0.999999881 2.627631187
0.999999881 0.000412895 -0.000173771 0.052397907 -0.000412883 0.999999881 0.000068801 -0.085447542 0.000173799 -0.000068730 1.000000000 2.857265234
1.000000000 0.000385498 -0.000060499 0.057564024 -0.000385472 0.999999821 0.000420742 -0.093275629 0.000060661 -0.000420718 0.999999881 3.103466034
0.999999940 0.000399813 -0.000183855 0.064119719 -0.000399711 0.999999762 0.000555721 -0.102382623 0.000184077 -0.000555648 0.999999762 3.343017578
0.999999762 0.000535618 0.000289864 0.063332155 -0.000535806 0.999999583 0.000648788 -0.109601431 -0.000289516 -0.000648943 0.999999702 3.597759962
0.999999642 0.000694855 0.000472839 0.065348834 -0.000695210 0.999999464 0.000752655 -0.117398188 -0.000472315 -0.000752984 0.999999642 3.849060297
0.999999523 0.000839358 0.000424961 0.069585629 -0.000839630 0.999999464 0.000639266 -0.122596405 -0.000424424 -0.000639623 0.999999702 4.122279167
0.999999285 0.000939330 0.000802029 0.073200397 -0.000939724 0.999999464 0.000491690 -0.123817861 -0.000801566 -0.000492443 0.999999583 4.390745163
0.999999642 0.000729351 0.000438970 0.082241595 -0.000729533 0.999999702 0.000414613 -0.133033291 -0.000438668 -0.000414933 0.999999762 4.646090031
0.999999523 0.000898404 0.000445498 0.086621888 -0.000898628 0.999999464 0.000503292 -0.142384931 -0.000445045 -0.000503692 0.999999762 4.902579308
0.999999464 0.000957458 0.000410978 0.091668427 -0.000957678 0.999999404 0.000535425 -0.149522200 -0.000410465 -0.000535818 0.999999762 5.162461281
0.999999285 0.000927303 0.000720221 0.091515288 -0.000927603 0.999999464 0.000415919 -0.156881556 -0.000719835 -0.000416586 0.999999583 5.426072598
0.999999106 0.001061604 0.000948830 0.095633768 -0.001062137 0.999999285 0.000561814 -0.164785653 -0.000948233 -0.000562821 0.999999404 5.691281319
0.999998987 0.001058227 0.000962773 0.097174197 -0.001058802 0.999999225 0.000596799 -0.172698006 -0.000962141 -0.000597818 0.999999344 5.967247963
0.999997675 0.001514587 0.001542132 0.097036533 -0.001515457 0.999998629 0.000563067 -0.181207910 -0.001541277 -0.000565402 0.999998689 6.245158195
0.999998510 0.001112589 0.001295665 0.108103320 -0.001113398 0.999999106 0.000624174 -0.188309282 -0.001294970 -0.000625616 0.999998987 6.535306454
0.999998510 0.001436742 0.001037492 0.112344965 -0.001437680 0.999998510 0.000904625 -0.197501048 -0.001036190 -0.000906116 0.999999106 6.827169418
0.999998569 0.001164984 0.001208384 0.118809700 -0.001165650 0.999999166 0.000550972 -0.203683466 -0.001207741 -0.000552380 0.999999106 7.138690472
0.999998629 0.001191271 0.001109727 0.125580102 -0.001192221 0.999998868 0.000856466 -0.214660525 -0.001108705 -0.000857788 0.999998987 7.432270527
0.999998569 0.001198680 0.001176897 0.128268167 -0.001199662 0.999998927 0.000833410 -0.228474289 -0.001175897 -0.000834821 0.999998987 7.753968716
0.999999166 0.000610033 0.001057686 0.140763253 -0.000610952 0.999999404 0.000869299 -0.235061899 -0.001057155 -0.000869945 0.999999106 8.080829620
0.999997616 0.001646885 0.001425986 0.140734956 -0.001648477 0.999998033 0.001115537 -0.248630375 -0.001424146 -0.001117885 0.999998331 8.371503830
0.999997973 0.001378904 0.001466267 0.148107231 -0.001380543 0.999998450 0.001117537 -0.256220639 -0.001464724 -0.001119560 0.999998331 8.697920799
0.999997556 0.001470019 0.001639653 0.153047666 -0.001471506 0.999998450 0.000906358 -0.261985838 -0.001638318 -0.000908769 0.999998212 9.048293114
0.999997139 0.001880813 0.001447645 0.162209779 -0.001882319 0.999997675 0.001039461 -0.275001198 -0.001445687 -0.001042183 0.999998450 9.389887810
0.999994814 0.002482623 0.002036948 0.161816940 -0.002484765 0.999996364 0.001049669 -0.288932055 -0.002034335 -0.001054724 0.999997377 9.720903397
0.999995887 0.002044061 0.002019972 0.169965059 -0.002047126 0.999996722 0.001516782 -0.300354421 -0.002016865 -0.001520911 0.999996781 10.076317787
0.999995351 0.002348088 0.001920267 0.174570471 -0.002350148 0.999996662 0.001071121 -0.310652286 -0.001917745 -0.001075629 0.999997556 10.440853119
0.999996006 0.002080512 0.001958013 0.183954835 -0.002083063 0.999997079 0.001301742 -0.322352648 -0.001955299 -0.001305815 0.999997199 10.803602219
0.999994874 0.002494952 0.001984086 0.189479232 -0.002497865 0.999995828 0.001467277 -0.331634820 -0.001980418 -0.001472226 0.999996960 11.156058311
0.999994516 0.002527262 0.002140099 0.197881684 -0.002530715 0.999995530 0.001612487 -0.340041876 -0.002136015 -0.001617894 0.999996424 11.546582222
0.999993980 0.002499702 0.002411128 0.203327462 -0.002503016 0.999995887 0.001372571 -0.351752162 -0.002407687 -0.001378597 0.999996066 11.922719002
0.999993980 0.002328116 0.002563213 0.211336523 -0.002331798 0.999996305 0.001434670 -0.364447862 -0.002559863 -0.001440639 0.999995649 12.312275887
0.999993384 0.002546721 0.002586777 0.220078081 -0.002551105 0.999995291 0.001692898 -0.379732460 -0.002582453 -0.001699486 0.999995232 12.696145058
0.999992907 0.002542703 0.002779734 0.225342065 -0.002548122 0.999994874 0.001947717 -0.389544398 -0.002774767 -0.001954786 0.999994218 13.099553108
0.999993980 0.002252461 0.002613511 0.236024305 -0.002257291 0.999995768 0.001846675 -0.401491642 -0.002609340 -0.001852564 0.999994874 13.498878479
0.999993563 0.002203857 0.002829083 0.245832413 -0.002209301 0.999995708 0.001922620 -0.412712425 -0.002824834 -0.001928858 0.999994099 13.901587486
0.999993265 0.002430409 0.002756764 0.255071521 -0.002436133 0.999994874 0.002074622 -0.423299193 -0.002751708 -0.002081324 0.999994040 14.320788383
0.999990702 0.002727197 0.003327164 0.261068583 -0.002733216 0.999994636 0.001805647 -0.433462977 -0.003322223 -0.001814724 0.999992847 14.740493774
0.999992907 0.002196388 0.003073671 0.274177223 -0.002202426 0.999995649 0.001962378 -0.446445018 -0.003069348 -0.001969134 0.999993324 15.178538322
0.999988794 0.002624936 0.003945330 0.281167150 -0.002633000 0.999994397 0.002039819 -0.458989203 -0.003939953 -0.002050185 0.999990165 15.601455688
0.999986172 0.002780645 0.004464419 0.291233093 -0.002789061 0.999994338 0.001879904 -0.469197631 -0.004459166 -0.001892330 0.999988198 16.044883728
0.999984384 0.003098978 0.004635753 0.301257730 -0.003107385 0.999993563 0.001807350 -0.480735868 -0.004630121 -0.001821727 0.999987602 16.487665176
0.999981761 0.003483757 0.004933739 0.308954239 -0.003492421 0.999992430 0.001748652 -0.497169048 -0.004927609 -0.001765851 0.999986291 16.928085327
0.999980927 0.003162025 0.005303361 0.322409689 -0.003171379 0.999993384 0.001756323 -0.503384471 -0.005297773 -0.001773109 0.999984384 17.375972748
0.999977171 0.003954195 0.005475190 0.333969235 -0.003966830 0.999989510 0.002298699 -0.518773675 -0.005466043 -0.002320366 0.999982357 17.838228226
0.999975145 0.003922666 0.005865048 0.343861222 -0.003934289 0.999990344 0.001971451 -0.526549280 -0.005857258 -0.001994477 0.999980927 18.313026428
0.999974430 0.003635171 0.006154513 0.361627221 -0.003644679 0.999992192 0.001534350 -0.534505188 -0.006148887 -0.001556742 0.999979913 18.784708023
0.999974370 0.003540293 0.006215321 0.368054271 -0.003550868 0.999992251 0.001691253 -0.553125679 -0.006209286 -0.001713280 0.999979258 19.255058289
0.999971330 0.003948269 0.006461901 0.383217931 -0.003957448 0.999991179 0.001408171 -0.561321974 -0.006456284 -0.001433704 0.999978125 19.736932755
0.999969602 0.004156068 0.006597306 0.387718081 -0.004170365 0.999988973 0.002154652 -0.577322066 -0.006588278 -0.002182100 0.999975920 20.236473083
0.999971449 0.003630508 0.006618856 0.400105506 -0.003646797 0.999990344 0.002450710 -0.601073265 -0.006609894 -0.002474778 0.999975085 20.705163956
0.999977708 0.003491401 0.005700752 0.416809887 -0.003504983 0.999991000 0.002374296 -0.612517893 -0.005692411 -0.002394223 0.999980927 21.204141617
0.999977708 0.003741387 0.005519006 0.424334407 -0.003754274 0.999990165 0.002326605 -0.620948613 -0.005510248 -0.002347274 0.999982059 21.706785202
0.999977887 0.004101742 0.005231098 0.438260853 -0.004113812 0.999988854 0.002298668 -0.630596995 -0.005221612 -0.002320137 0.999983728 22.227800369
0.999980390 0.004011777 0.004805043 0.447824419 -0.004020887 0.999990046 0.001887796 -0.641712189 -0.004797422 -0.001907080 0.999986649 22.740598679
0.999979913 0.004014045 0.004924760 0.451694548 -0.004024325 0.999989748 0.002079218 -0.662402213 -0.004916365 -0.002098995 0.999985695 23.245306015
0.999984264 0.003665996 0.004252208 0.465754271 -0.003675178 0.999990940 0.002153651 -0.677878737 -0.004244274 -0.002169244 0.999988616 23.767923355
0.999990463 0.002458793 0.003614862 0.476077586 -0.002464958 0.999995530 0.001701793 -0.694524586 -0.003610661 -0.001710687 0.999992073 24.285911560
0.999989986 0.003294303 0.003062395 0.488441527 -0.003301159 0.999992073 0.002236375 -0.707347751 -0.003055003 -0.002246462 0.999992788 24.819908142
0.999987900 0.004047459 0.002778705 0.497011214 -0.004054195 0.999988794 0.002422884 -0.723779261 -0.002768868 -0.002434120 0.999993205 25.352396011
0.999986768 0.004728450 0.002057073 0.509987295 -0.004733056 0.999986291 0.002239793 -0.734041929 -0.002046454 -0.002249500 0.999995410 25.901489258
0.999988675 0.004400862 0.001796524 0.515936971 -0.004405045 0.999987602 0.002331007 -0.751540542 -0.001786243 -0.002338894 0.999995589 26.450380325
0.999992490 0.003632461 0.001348036 0.530523598 -0.003635688 0.999990523 0.002399409 -0.762675762 -0.001339308 -0.002404292 0.999996185 27.019039154
0.999990582 0.004165111 0.001227162 0.535914779 -0.004168209 0.999988079 0.002532617 -0.778675377 -0.001216599 -0.002537708 0.999996066 27.541996002
0.999985218 0.005288193 0.001301514 0.537701070 -0.005291656 0.999982357 0.002671395 -0.799472094 -0.001287364 -0.002678243 0.999995649 28.082616806
0.999987125 0.005005820 0.000821561 0.557290137 -0.005008087 0.999983549 0.002780114 -0.811912894 -0.000807631 -0.002784192 0.999995828 28.628555298
0.999985874 0.005254800 0.000790333 0.567038596 -0.005257149 0.999981701 0.002999809 -0.827600002 -0.000774555 -0.003003921 0.999995172 29.174547195
0.999986351 0.005180001 0.000613622 0.576970458 -0.005181823 0.999982119 0.003006679 -0.840482414 -0.000598036 -0.003009818 0.999995291 29.726768494
0.999987006 0.005103400 0.000017758 0.591452420 -0.005103430 0.999982595 0.002936697 -0.851002812 -0.000002770 -0.002936749 0.999995708 30.277997971
0.999984682 0.005539126 -0.000106817 0.607348323 -0.005538721 0.999978662 0.003472683 -0.882095397 0.000126050 -0.003472038 0.999994040 30.791147232
0.999987900 0.004913405 -0.000139383 0.613864183 -0.004912980 0.999983728 0.002903775 -0.882799864 0.000153648 -0.002903055 0.999995768 31.363227844
0.999979854 0.006345268 -0.000175644 0.618555427 -0.006344792 0.999976516 0.002590104 -0.895048499 0.000192075 -0.002588936 0.999996662 31.918098450
0.999985695 0.005253228 -0.001016467 0.642838478 -0.005250647 0.999983132 0.002526080 -0.909845233 0.001029720 -0.002520707 0.999996305 32.460571289
0.999984503 0.005431371 -0.001237447 0.638084054 -0.005427860 0.999981284 0.002823529 -0.915814638 0.001252759 -0.002816768 0.999995291 33.024055481
0.999986291 0.005032735 -0.001504493 0.663871050 -0.005027794 0.999981999 0.003270008 -0.944602728 0.001520923 -0.003262399 0.999993563 33.565677643
0.999987066 0.004811823 -0.001640538 0.674539983 -0.004807146 0.999984324 0.002843034 -0.954637885 0.001654192 -0.002835111 0.999994636 34.105628967
0.999985516 0.004909643 -0.002180056 0.684341431 -0.004903985 0.999984562 0.002593917 -0.967198312 0.002192758 -0.002583189 0.999994278 34.646617889
0.999985039 0.004744709 -0.002704669 0.693736970 -0.004737257 0.999984920 0.002754712 -0.988861144 0.002717699 -0.002741858 0.999992609 35.170246124
0.999987662 0.003729424 -0.003271009 0.707051992 -0.003719901 0.999988735 0.002912763 -1.000758052 0.003281835 -0.002900559 0.999990404 35.701931000
0.999985099 0.003533753 -0.004163838 0.744195580 -0.003522959 0.999990344 0.002597056 -1.012134790 0.004172975 -0.002582348 0.999987960 36.268577576
0.999989569 0.003828416 -0.002488452 0.743376136 -0.003821406 0.999988735 0.002815041 -1.027980804 0.002499201 -0.002805503 0.999992967 36.825706482
0.999984622 0.004841648 -0.002712297 0.749295115 -0.004834437 0.999984682 0.002658669 -1.040290117 0.002725127 -0.002645516 0.999992788 37.373474121
0.999988198 0.004113876 -0.002556187 0.763469338 -0.004107426 0.999988377 0.002522746 -1.053609014 0.002566536 -0.002512217 0.999993503 37.918079376
0.999987841 0.003851238 -0.003077522 0.775094151 -0.003842883 0.999988973 0.002715686 -1.069090843 0.003087948 -0.002703827 0.999991536 38.464168549
0.999986529 0.004280350 -0.002905992 0.782708168 -0.004273394 0.999987960 0.002395662 -1.077648520 0.002916212 -0.002383211 0.999992907 39.011524200
0.999988675 0.003494131 -0.003235816 0.799992442 -0.003485504 0.999990463 0.002668266 -1.095627189 0.003245109 -0.002656958 0.999991179 39.506214142
0.999987304 0.003855531 -0.003240468 0.827201009 -0.003847688 0.999989688 0.002423128 -1.100222230 0.003249777 -0.002410629 0.999991834 40.115158081
0.999988437 0.003236058 -0.003562065 0.819617152 -0.003226902 0.999991477 0.002573460 -1.128078818 0.003570362 -0.002561936 0.999990344 40.610797882
0.999987543 0.002936845 -0.004048268 0.832680106 -0.002927341 0.999992907 0.002351807 -1.139933586 0.004055147 -0.002339927 0.999989092 41.162075043
0.999988019 0.003327337 -0.003629672 0.839678645 -0.003318598 0.999991596 0.002411006 -1.151894808 0.003637664 -0.002398931 0.999990523 41.703090668
0.999986827 0.003446175 -0.003811576 0.851746261 -0.003437068 0.999991238 0.002393333 -1.164299369 0.003819790 -0.002380201 0.999989867 42.259052277
0.999986470 0.002626652 -0.004495842 0.873935819 -0.002614473 0.999992907 0.002712647 -1.184937716 0.004502935 -0.002700856 0.999986231 42.796283722
0.999986291 0.003601545 -0.003809971 0.865000963 -0.003593420 0.999991298 0.002137269 -1.191662788 0.003817635 -0.002123549 0.999990463 43.378154755
0.999985039 0.003752767 -0.003984867 0.880788743 -0.003745572 0.999991357 0.001811392 -1.197199702 0.003991631 -0.001796439 0.999990344 43.906658173
0.999982953 0.003344412 -0.004799569 0.889275432 -0.003336255 0.999993026 0.001706552 -1.212044716 0.004805242 -0.001690510 0.999987006 44.438980103
0.999983788 0.004010436 -0.004029941 0.893519104 -0.004000693 0.999989092 0.002422311 -1.229066133 0.004039611 -0.002406150 0.999988973 44.991512299
0.999984920 0.003803527 -0.003966009 0.902291417 -0.003796708 0.999991298 0.001725624 -1.237078190 0.003972538 -0.001710540 0.999990642 45.547645569
0.999985278 0.003705555 -0.003961116 0.908245087 -0.003699428 0.999991953 0.001553120 -1.246254802 0.003966840 -0.001538443 0.999990940 46.097492218
0.999986053 0.003485575 -0.003955693 0.919304192 -0.003479687 0.999992847 0.001494526 -1.266187668 0.003960873 -0.001480741 0.999991000 46.621070862
0.999984980 0.003630926 -0.004126204 0.932176113 -0.003623948 0.999992073 0.001697640 -1.278338909 0.004132335 -0.001682661 0.999990046 47.167224884
0.999985278 0.003218715 -0.004359112 0.936637580 -0.003212085 0.999993682 0.001527364 -1.289912462 0.004364002 -0.001513340 0.999989271 47.716831207
0.999985635 0.003043761 -0.004406237 0.946617424 -0.003039487 0.999994934 0.000976377 -1.303400755 0.004409186 -0.000962970 0.999989808 48.258224487
0.999988735 0.002581521 -0.003979291 0.945609152 -0.002574556 0.999995112 0.001754674 -1.319794774 0.003983800 -0.001744409 0.999990463 48.814975739
0.999989688 0.002775210 -0.003602865 0.949191689 -0.002769090 0.999994755 0.001702681 -1.332331538 0.003607571 -0.001692687 0.999992013 49.364692688
0.999988079 0.003549020 -0.003345250 0.961880684 -0.003542628 0.999991894 0.001914224 -1.353993177 0.003352017 -0.001902350 0.999992490 49.888740540
0.999987721 0.003733736 -0.003263632 0.965079188 -0.003726475 0.999990582 0.002228287 -1.370393634 0.003271921 -0.002216098 0.999992192 50.424152374
0.999988616 0.003874785 -0.002787956 0.966333747 -0.003868885 0.999990284 0.002118500 -1.385292411 0.002796139 -0.002107690 0.999993861 50.960803986
0.999987721 0.003545181 -0.003446034 0.983092070 -0.003536989 0.999990940 0.002380249 -1.403312683 0.003454442 -0.002368031 0.999991179 51.499576569
0.999985576 0.004068258 -0.003488935 0.990386784 -0.004059341 0.999988496 0.002558865 -1.414259672 0.003499304 -0.002544666 0.999990642 52.046432495
0.999986827 0.003649450 -0.003602508 1.001671314 -0.003641640 0.999991000 0.002172349 -1.431000829 0.003610404 -0.002159201 0.999991179 52.582263947
0.999988317 0.003138983 -0.003680137 1.008613348 -0.003130879 0.999992788 0.002205412 -1.444916010 0.003687031 -0.002193864 0.999990821 53.120037079
0.999986887 0.003686742 -0.003549203 1.014646411 -0.003680262 0.999991536 0.001830438 -1.457640290 0.003555920 -0.001817352 0.999992013 53.670246124
0.999986649 0.003880247 -0.003417006 1.017434597 -0.003873789 0.999990642 0.001894714 -1.473969340 0.003424326 -0.001881452 0.999992371 54.196945190
0.999985874 0.004254276 -0.003188946 1.021154761 -0.004248125 0.999989092 0.001932808 -1.488995671 0.003197136 -0.001919233 0.999993026 54.728599548
0.999986112 0.004117312 -0.003291521 1.030663848 -0.004110409 0.999989390 0.002101283 -1.503277421 0.003300139 -0.002087724 0.999992371 55.280883789
0.999987125 0.003506140 -0.003672520 1.046329975 -0.003500196 0.999992549 0.001623802 -1.518181920 0.003678187 -0.001610927 0.999991894 55.806865692
0.999988496 0.003379903 -0.003392146 1.045992494 -0.003373923 0.999992669 0.001767278 -1.529377580 0.003398093 -0.001755813 0.999992609 56.351409912
0.999985397 0.004059374 -0.003544171 1.048822045 -0.004052893 0.999990106 0.001833645 -1.542415023 0.003551580 -0.001819254 0.999991953 56.884872437
0.999985099 0.004904656 -0.002368661 1.044890761 -0.004900069 0.999986112 0.001938725 -1.556919098 0.002378137 -0.001927089 0.999995291 57.424171448
0.999987483 0.003968606 -0.003046859 1.058135867 -0.003963647 0.999990821 0.001631921 -1.573879600 0.003053308 -0.001619824 0.999993980 57.934150696
0.999988437 0.003747654 -0.003009189 1.070971489 -0.003742662 0.999991655 0.001662478 -1.585461855 0.003015394 -0.001651197 0.999994099 58.479110718
0.999987602 0.003180552 -0.003830470 1.079707861 -0.003175528 0.999994099 0.001316772 -1.593672872 0.003834635 -0.001304592 0.999991775 59.011085510
0.999989033 0.003645579 -0.002912594 1.075605273 -0.003640918 0.999992073 0.001603703 -1.614794016 0.002918416 -0.001593081 0.999994397 59.532440186
0.999989212 0.003601325 -0.002939709 1.086231112 -0.003597408 0.999992609 0.001336903 -1.631461382 0.002944502 -0.001326313 0.999994814 60.058769226
0.999989390 0.003306879 -0.003208718 1.097071409 -0.003302477 0.999993563 0.001376255 -1.642441034 0.003213248 -0.001365644 0.999993920 60.613307953
0.999989450 0.003686505 -0.002743771 1.094888687 -0.003684593 0.999992967 0.000701576 -1.653135300 0.002746338 -0.000691459 0.999996006 61.152156830
0.999989331 0.003779304 -0.002661560 1.105124354 -0.003776427 0.999992192 0.001084801 -1.664104223 0.002665637 -0.001074738 0.999995887 61.693424225
0.999989033 0.003656056 -0.002904417 1.112156749 -0.003652025 0.999992371 0.001391910 -1.685617208 0.002909483 -0.001381288 0.999994814 62.216747284
0.999987006 0.004377643 -0.002620842 1.116292834 -0.004374838 0.999989867 0.001074716 -1.697908878 0.002625520 -0.001063236 0.999996006 62.767047882
0.999987185 0.004420931 -0.002478152 1.127810955 -0.004418478 0.999989748 0.000994105 -1.711645842 0.002482520 -0.000983143 0.999996364 63.272605896
0.999989510 0.003884530 -0.002410430 1.140550971 -0.003880896 0.999991357 0.001510320 -1.731744647 0.002416275 -0.001500950 0.999995947 63.881446838
0.999987066 0.004516270 -0.002313986 1.142464757 -0.004513877 0.999989271 0.001038028 -1.747472048 0.002318651 -0.001027570 0.999996781 64.322502136
0.999988854 0.004215341 -0.002139461 1.146782398 -0.004213351 0.999990702 0.000933861 -1.759751081 0.002143378 -0.000924837 0.999997199 64.848739624
0.999987900 0.004476067 -0.002000045 1.154597044 -0.004474828 0.999989748 0.000623338 -1.772029638 0.002002815 -0.000614381 0.999997795 65.379783630
0.999989808 0.003944817 -0.002186460 1.170068622 -0.003943710 0.999992073 0.000510736 -1.783350468 0.002188456 -0.000502108 0.999997497 65.912261963
0.999989748 0.004134868 -0.001837890 1.172387481 -0.004134458 0.999991417 0.000226660 -1.797347546 0.001838812 -0.000219059 0.999998271 66.443664551
0.999989510 0.004295998 -0.001614023 1.181374431 -0.004296944 0.999990582 -0.000582490 -1.811770916 0.001611505 0.000589419 0.999998510 66.987686157
0.999988019 0.004481927 -0.001971437 1.196855545 -0.004480482 0.999989688 0.000736502 -1.832192302 0.001974718 -0.000727661 0.999997795 67.505569458
0.999989867 0.004128808 -0.001762913 1.206605673 -0.004127343 0.999991119 0.000833371 -1.852089643 0.001766339 -0.000826086 0.999998093 68.038566589
0.999989450 0.004310463 -0.001590517 1.210633993 -0.004309912 0.999990642 0.000349452 -1.861129403 0.001592007 -0.000342593 0.999998689 68.572898865
0.999987483 0.004760439 -0.001558812 1.212429047 -0.004759356 0.999988437 0.000697735 -1.878226995 0.001562117 -0.000690307 0.999998569 69.107688904
0.999985039 0.005413413 -0.000791787 1.220743299 -0.005413174 0.999985337 0.000304666 -1.893817425 0.000793425 -0.000300375 0.999999702 69.660125732
0.999988139 0.004723991 -0.001187137 1.229489565 -0.004723412 0.999988675 0.000490589 -1.909817219 0.001189441 -0.000484976 0.999999166 70.155265808
0.999987721 0.004743656 -0.001423558 1.232106686 -0.004742423 0.999988377 0.000868599 -1.933819056 0.001427662 -0.000861837 0.999998629 70.679840088
0.999990821 0.004065075 -0.001435742 1.257100582 -0.004064634 0.999991834 0.000310013 -1.940412402 0.001436990 -0.000304175 0.999998868 71.229194641
0.999991119 0.003948826 -0.001476862 1.265870214 -0.003948632 0.999992192 0.000134265 -1.953841448 0.001477383 -0.000128432 0.999998927 71.777221680
0.999991000 0.003893045 -0.001670034 1.276473880 -0.003893723 0.999992371 -0.000403688 -1.966432691 0.001668451 0.000410187 0.999998510 72.333915710
0.999990761 0.004060477 -0.001426982 1.282980680 -0.004060248 0.999991715 0.000162621 -1.984972715 0.001427631 -0.000156825 0.999998987 72.844604492
0.999992549 0.003457746 -0.001677004 1.296226501 -0.003457235 0.999993980 0.000307872 -1.997438669 0.001678061 -0.000302072 0.999998510 73.388824463
0.999992192 0.003616780 -0.001580723 1.310031652 -0.003616533 0.999993443 0.000159602 -2.010482311 0.001581291 -0.000153884 0.999998689 73.928970337
0.999992609 0.003543742 -0.001450307 1.317938924 -0.003543304 0.999993622 0.000304493 -2.024846554 0.001451376 -0.000299352 0.999998868 74.467224121
0.999991119 0.003881303 -0.001605275 1.326499104 -0.003880373 0.999992311 0.000581643 -2.046465874 0.001607520 -0.000575409 0.999998569 75.000122070
0.999991417 0.003925646 -0.001313902 1.338421702 -0.003925204 0.999992251 0.000339139 -2.061159849 0.001315224 -0.000333979 0.999999106 75.528022766
0.999991536 0.003942672 -0.001198008 1.341797471 -0.003942238 0.999992192 0.000364063 -2.077705145 0.001199436 -0.000359337 0.999999166 76.064346313
0.999991238 0.004055201 -0.001030659 1.351769805 -0.004055162 0.999991894 0.000040325 -2.093566418 0.001030816 -0.000036145 0.999999464 76.599395752
0.999990165 0.004212127 -0.001367963 1.362363100 -0.004212727 0.999991000 -0.000436379 -2.109317780 0.001366112 0.000442138 0.999998927 77.141403198
0.999991119 0.004060780 -0.001122599 1.370825648 -0.004060385 0.999991715 0.000354377 -2.122875690 0.001124031 -0.000349816 0.999999285 77.657096863
0.999992609 0.003711999 -0.001003880 1.383942485 -0.003711920 0.999993086 0.000080479 -2.140599728 0.001004172 -0.000076752 0.999999404 78.185615540
0.999991834 0.003925159 -0.001021317 1.394864202 -0.003925363 0.999992251 -0.000198283 -2.150993109 0.001020531 0.000202290 0.999999404 78.741401672
0.999989808 0.004461338 -0.000731471 1.397572875 -0.004461259 0.999989986 0.000111199 -2.172003984 0.000731959 -0.000107934 0.999999702 79.259346008
0.999991119 0.004064512 -0.001138791 1.413573742 -0.004064451 0.999991715 0.000056626 -2.187570095 0.001139012 -0.000051998 0.999999344 79.794059753
0.999990106 0.004463489 -0.000094779 1.423301220 -0.004463475 0.999990046 0.000161299 -2.204611063 0.000095497 -0.000160874 0.999999940 80.340232849
0.999991775 0.003928075 0.001005561 1.436245441 -0.003928169 0.999992251 0.000092203 -2.217751026 -0.001005191 -0.000096153 0.999999464 80.887680054
0.999992430 0.003425074 0.001897604 1.456159115 -0.003424510 0.999994040 -0.000300478 -2.231771708 -0.001898623 0.000293978 0.999998093 81.430618286
0.999987662 0.003704797 0.003313885 1.462685347 -0.003706065 0.999993026 0.000376603 -2.251166344 -0.003312467 -0.000388879 0.999994397 81.974105835
0.999969304 0.004338617 0.006522866 1.482791066 -0.004337895 0.999990582 -0.000124821 -2.267693281 -0.006523347 0.000096521 0.999978721 82.499656677
0.999935150 0.004150740 0.010605088 1.500428081 -0.004151807 0.999991417 0.000078513 -2.282150269 -0.010604672 -0.000122538 0.999943733 83.045364380
0.999909580 0.003543015 0.012973920 1.541052341 -0.003540148 0.999993682 -0.000243917 -2.283992767 -0.012974701 0.000197965 0.999915779 83.601684570
0.999839962 0.003882567 0.017458556 1.559734583 -0.003875956 0.999992430 -0.000412484 -2.298871756 -0.017460024 0.000344750 0.999847531 84.143363953
0.999719501 0.004124758 0.023321416 1.586195469 -0.004109910 0.999991238 -0.000684576 -2.310698748 -0.023324037 0.000588535 0.999727786 84.698112488
0.999565125 0.003624967 0.029264519 1.618920445 -0.003603498 0.999993205 -0.000786340 -2.327995300 -0.029267170 0.000680543 0.999571383 85.221588135
0.999372065 0.003403452 0.035272010 1.650361776 -0.003388235 0.999994159 -0.000491224 -2.343586922 -0.035273477 0.000371405 0.999377608 85.768180847
0.999038815 0.004113530 0.043641485 1.692801952 -0.004090304 0.999991417 -0.000621484 -2.349474907 -0.043643668 0.000442380 0.999047041 86.318473816
0.998643577 0.003690659 0.051936805 1.736982346 -0.003639975 0.999992788 -0.001070435 -2.368877411 -0.051940382 0.000879934 0.998649776 86.833930969
0.998227477 0.003316175 0.059422571 1.786858559 -0.003268808 0.999994218 -0.000894326 -2.382758379 -0.059425194 0.000698500 0.998232543 87.391716003
0.997676075 0.002772348 0.068077907 1.840399742 -0.002710066 0.999995828 -0.001007206 -2.398752213 -0.068080403 0.000820370 0.997679472 87.944358826
0.996930718 0.002141632 0.078258626 1.900468349 -0.002002273 0.999996245 -0.001859182 -2.408093452 -0.078262314 0.001696780 0.996931255 88.455123901
0.996223629 0.003006704 0.086771801 1.969883442 -0.002939963 0.999995232 -0.000896950 -2.437783003 -0.086774066 0.000638456 0.996227801 89.036056519
0.995493174 0.002690850 0.094795041 2.034711838 -0.002573473 0.999995768 -0.001360450 -2.451906443 -0.094798312 0.001110365 0.995495856 89.569099426
0.994562149 0.002226309 0.104120463 2.112833023 -0.002133650 0.999997139 -0.001001296 -2.478800297 -0.104122393 0.000773695 0.994564176 90.131950378
0.993390858 0.002155689 0.114760339 2.199182510 -0.002072129 0.999997497 -0.000847416 -2.495679140 -0.114761882 0.000604016 0.993392825 90.659736633
0.992318451 0.001851463 0.123695835 2.288009644 -0.001732400 0.999998033 -0.001070094 -2.512575626 -0.123697557 0.000847584 0.992319584 91.202575684
0.990749717 0.001774731 0.135689840 2.381409645 -0.001652434 0.999998093 -0.001013922 -2.529331923 -0.135691404 0.000780324 0.990750849 91.736381531
0.988999844 0.001331767 0.147910267 2.480525017 -0.001248616 0.999998987 -0.000655025 -2.551279783 -0.147911027 0.000463136 0.989000499 92.278953552
0.987350583 0.000516067 0.158551142 2.590497971 -0.000374072 0.999999464 -0.000925423 -2.565839529 -0.158551544 0.000854408 0.987350345 92.815589905
0.985563934 0.001176476 0.169299617 2.696670532 -0.001059890 0.999999106 -0.000779005 -2.579307079 -0.169300422 0.000588320 0.985564291 93.378952026
0.983213067 0.001357024 0.182456046 2.814679146 -0.001138268 0.999998450 -0.001303668 -2.590516567 -0.182457536 0.001074100 0.983213186 93.914108276
0.981009245 -0.000087474 0.193960950 2.953722000 0.000232491 0.999999702 -0.000724894 -2.614539146 -0.193960860 0.000756222 0.981009007 94.465080261
0.978808284 0.000445446 0.204778403 3.078203201 -0.000406680 0.999999881 -0.000231394 -2.628769636 -0.204778478 0.000143211 0.978808343 95.004615784
0.976155758 -0.000020973 0.217070863 3.227802277 -0.000030599 0.999999940 0.000234218 -2.650974274 -0.217070892 -0.000235276 0.976155877 95.516822815
0.972922027 -0.000435517 0.231133148 3.368476868 0.000617346 0.999999523 -0.000714363 -2.666324615 -0.231132746 0.000837709 0.972921848 96.081359863
0.970139682 0.000146726 0.242547184 3.515668869 0.000007096 0.999999821 -0.000633322 -2.679646969 -0.242547274 0.000616132 0.970139444 96.600463867
0.967327952 -0.001024424 0.253526300 3.673725128 0.001191334 0.999999166 -0.000504830 -2.697671175 -0.253525555 0.000790371 0.967328370 97.142799377
0.963720739 -0.000984955 0.266911179 3.842712402 0.001142142 0.999999344 -0.000433670 -2.712266445 -0.266910523 0.000722787 0.963721097 97.655723572
0.960143864 -0.000957470 0.279504776 4.019710541 0.001056238 0.999999404 -0.000202756 -2.733895779 -0.279504389 0.000489898 0.960144341 98.183601379
0.956772447 -0.001650929 0.290832788 4.208908081 0.001648406 0.999998748 0.000253673 -2.759410381 -0.290832788 0.000236703 0.956773818 98.751869202
0.952208817 -0.001634392 0.305443227 4.396240234 0.001645704 0.999998629 0.000220452 -2.771514654 -0.305443168 0.000292753 0.952210248 99.289138794
0.947966754 -0.003154523 0.318353683 4.621356964 0.003446380 0.999993980 -0.000353535 -2.785935640 -0.318350643 0.001432307 0.947971940 99.852600098
0.944044232 -0.002419553 0.329809844 4.822631836 0.002460230 0.999996960 0.000294045 -2.805170298 -0.329809487 0.000533817 0.944047451 100.368080139
0.939417362 -0.002136716 0.342768818 5.037620544 0.001903130 0.999997735 0.001017820 -2.836288214 -0.342770159 -0.000303825 0.939419270 100.847976685
0.933956265 -0.002696990 0.357376963 5.243337631 0.002624713 0.999996364 0.000687263 -2.845624208 -0.357377470 0.000296138 0.933959961 101.344673157
0.929187357 -0.003770384 0.369589567 5.463169098 0.004379233 0.999990106 -0.000808417 -2.835871458 -0.369582802 0.002369690 0.929194808 101.877540588
0.924186826 -0.004282154 0.381916940 5.701744080 0.004589790 0.999989450 0.000105481 -2.879023075 -0.381913424 0.001655434 0.924196661 102.453887939
0.918078721 -0.004045326 0.396377355 5.941631317 0.004279962 0.999990761 0.000292515 -2.892007351 -0.396374941 0.001427928 0.918087602 102.958969116
0.912269771 -0.004462445 0.409565479 6.181316376 0.004696072 0.999988914 0.000435365 -2.904393435 -0.409562916 0.001526179 0.912280560 103.441085815
0.907375932 -0.005949113 0.420278192 6.454528809 0.006352953 0.999979734 0.000438940 -2.940781832 -0.420272291 0.002271724 0.907395184 103.983741760
0.901592255 -0.005987860 0.432545453 6.713035583 0.006207985 0.999980390 0.000903188 -2.951539755 -0.432542354 0.001870929 0.901611686 104.472610474
0.894973874 -0.005357869 0.446086377 6.979496002 0.005404260 0.999984801 0.001168191 -2.974121571 -0.446085840 0.001365267 0.894989073 104.965232849
0.889347494 -0.008998799 0.457143217 7.280384064 0.009661751 0.999952912 0.000887512 -2.991292000 -0.457129687 0.003627498 0.889392555 105.494491577
0.883664668 -0.009469593 0.468024582 7.561222076 0.010062446 0.999948680 0.001233434 -3.007710934 -0.468012273 0.003619530 0.883714557 105.970809937
0.876078725 -0.009699850 0.482070506 7.840438843 0.010195346 0.999946773 0.001591899 -3.019804716 -0.482060343 0.003520247 0.876130879 106.448181152
