1.000000000 0.000000000 0.000000000 0.000000000 0.000000000 1.000000000 0.000000000 0.000000000 0.000000000 0.000000000 1.000000000 0.000000000
1.000000000 0.000002500 -0.000109815 0.000656198 -0.000002507 1.000000000 -0.000066347 0.000094529 0.000109815 0.000066347 1.000000000 -0.001201537
1.000000000 0.000065765 -0.000035491 0.000095533 -0.000065763 1.000000000 0.000059471 -0.000335166 0.000035495 -0.000059468 1.000000000 -0.000017844
1.000000000 -0.000132884 -0.000199607 0.001523284 0.000132879 1.000000000 -0.000023503 -0.000628265 0.000199610 0.000023477 1.000000000 -0.003100930
0.999999940 -0.000109464 -0.000226075 0.001326633 0.000109459 1.000000000 -0.000022701 -0.000469967 0.000226077 0.000022677 1.000000000 -0.001476994
1.000000000 0.000036969 -0.000028371 0.000824067 -0.000036973 1.000000000 -0.000147505 0.000942588 0.000028366 0.000147506 1.000000000 -0.000018186
1.000000000 -0.000023877 -0.000059795 0.000966924 0.000023867 1.000000000 -0.000159310 0.001272249 0.000059799 0.000159308 1.000000000 -0.000007983
0.999999940 -0.000258107 -0.000149682 0.001859212 0.000258105 0.999999940 -0.000016685 -0.000026100 0.000149686 0.000016646 1.000000000 -0.001064247
1.000000000 -0.000219397 -0.000051632 0.001844997 0.000219392 1.000000000 -0.000095514 0.001476820 0.000051653 0.000095502 1.000000000 0.001490163
1.000000000 0.000087327 -0.000185626 0.002398877 -0.000087323 1.000000000 0.000021753 -0.000600664 0.000185628 -0.000021737 1.000000000 -0.001929603
1.000000000 -0.000172528 -0.000093921 0.001747370 0.000172522 1.000000000 -0.000062210 0.001090268 0.000093932 0.000062193 1.000000000 0.000375174
1.000000000 -0.000043684 -0.000059115 0.000808226 0.000043691 1.000000000 0.000109534 -0.000517658 0.000059110 -0.000109537 1.000000000 -0.000810003
1.000000000 -0.000048099 -0.000094546 0.001265558 0.000048106 1.000000000 0.000082705 -0.000274347 0.000094542 -0.000082709 1.000000000 0.000067461
0.999999940 -0.000302210 -0.000154707 0.002312136 0.000302209 0.999999940 -0.000006805 -0.000024825 0.000154709 0.000006759 1.000000000 -0.000786052
0.999999940 -0.000330685 -0.000151719 0.000795893 0.000330693 0.999999940 0.000054808 -0.000355020 0.000151700 -0.000054858 1.000000000 -0.000472506
1.000000000 -0.000083795 -0.000015803 0.001146964 0.000083796 1.000000000 0.000094073 -0.000169809 0.000015795 -0.000094075 1.000000000 0.000005671
1.000000000 -0.000118459 -0.000120433 0.001058583 0.000118467 1.000000000 0.000071034 0.000216614 0.000120425 -0.000071048 1.000000000 0.000382279
1.000000000 -0.000048148 0.000030074 0.000549035 0.000048145 1.000000000 0.000072868 -0.000214093 -0.000030077 -0.000072867 1.000000000 -0.000303567
1.000000000 -0.000118505 0.000015984 0.000948816 0.000118503 1.000000000 0.000085459 0.000001727 -0.000015994 -0.000085457 1.000000000 0.000291988
1.000000000 -0.000183338 -0.000061551 0.001640167 0.000183331 1.000000000 -0.000104279 0.001092127 0.000061571 0.000104268 1.000000000 0.000404193
1.000000000 -0.000158411 -0.000120400 0.000776401 0.000158409 1.000000000 -0.000020331 0.000566496 0.000120403 0.000020312 1.000000000 0.000744301
0.999999940 -0.000361454 -0.000192799 0.003024403 0.000361466 0.999999940 0.000061018 -0.000021456 0.000192777 -0.000061087 1.000000000 0.000261403
1.000000000 -0.000082371 0.000048194 0.000940770 0.000082368 1.000000000 0.000043038 0.000528522 -0.000048198 -0.000043034 1.000000000 -0.000259965
1.000000000 -0.000156502 -0.000122455 0.002428213 0.000156495 1.000000000 -0.000060349 0.000729321 0.000122464 0.000060330 1.000000000 -0.000242272
1.000000000 -0.000081131 -0.000141609 0.001661663 0.000081126 1.000000000 -0.000031890 0.000696193 0.000141611 0.000031879 1.000000000 -0.001615020
0.999999940 -0.000179071 -0.000200008 0.001774058 0.000179050 1.000000000 -0.000106256 0.000435434 0.000200027 0.000106220 1.000000000 -0.001900692
1.000000000 0.000079925 -0.000110398 0.000803358 -0.000079933 1.000000000 -0.000074062 0.000807070 0.000110392 0.000074071 1.000000000 -0.000525882
1.000000000 -0.000022242 -0.000020127 0.000136183 0.000022243 1.000000000 0.000034890 0.000387162 0.000020126 -0.000034890 1.000000000 0.000251269
1.000000000 0.000061664 -0.000028247 0.000570698 -0.000061669 1.000000000 -0.000165873 0.001857181 0.000028237 0.000165875 1.000000000 0.000055732
1.000000000 0.000122754 0.000005413 0.000844543 -0.000122754 1.000000000 -0.000026713 0.000540630 -0.000005416 0.000026712 1.000000000 -0.001324267
1.000000000 -0.000016537 0.000081622 0.000375540 0.000016534 1.000000000 0.000041591 0.000070543 -0.000081623 -0.000041590 1.000000000 -0.000247690
1.000000000 -0.000120917 -0.000069442 0.001754336 0.000120915 1.000000000 -0.000021242 0.000362133 0.000069444 0.000021234 1.000000000 -0.000465288
1.000000000 0.000089958 -0.000022888 0.000637510 -0.000089958 1.000000000 0.000004495 0.000919376 0.000022888 -0.000004493 1.000000000 0.000953619
1.000000000 -0.000026838 -0.000001364 0.001008742 0.000026837 1.000000000 -0.000147520 0.001832048 0.000001368 0.000147520 1.000000000 0.001097736
1.000000000 -0.000134092 -0.000092695 0.001471873 0.000134077 1.000000000 -0.000155326 0.001478005 0.000092716 0.000155314 1.000000000 -0.000905630
1.000000000 -0.000122149 -0.000016351 0.000482450 0.000122148 1.000000000 -0.000041282 0.000980337 0.000016356 0.000041280 1.000000000 0.000078865
1.000000000 -0.000086226 -0.000052130 0.001270217 0.000086225 1.000000000 -0.000007828 0.000924856 0.000052131 0.000007824 1.000000000 0.000696546
1.000000000 -0.000120710 -0.000099858 0.001586794 0.000120708 1.000000000 -0.000017827 0.001386819 0.000099860 0.000017815 1.000000000 0.000835614
1.000000000 -0.000177060 0.000104018 0.000939592 0.000177072 1.000000000 -0.000110755 0.001553546 -0.000103998 0.000110773 1.000000000 0.003055667
0.999999821 -0.000560427 0.000082175 0.002522875 0.000560482 0.999999642 -0.000667825 -0.002106190 -0.000081801 0.000667871 0.999999762 0.049414553
1.000000000 -0.000164926 0.000086763 0.002859730 0.000165043 0.999999046 -0.001352016 -0.004355495 -0.000086540 0.001352030 0.999999106 0.135378048
0.999999940 0.000397705 -0.000098882 0.005024707 -0.000397850 0.999998808 -0.001474281 -0.006728980 0.000098296 0.001474320 0.999998927 0.252324343
1.000000000 -0.000015822 -0.000193714 0.009286399 0.000015603 0.999999344 -0.001130155 -0.013172226 0.000193731 0.001130152 0.999999344 0.384312689
1.000000000 -0.000089285 -0.000137417 0.009805605 0.000089177 0.999999702 -0.000791536 -0.021987179 0.000137488 0.000791524 0.999999702 0.517484963
1.000000000 -0.000161399 -0.000076156 0.012286549 0.000161322 0.999999464 -0.001020674 -0.022837963 0.000076320 0.001020661 0.999999464 0.673327744
1.000000000 -0.000038619 0.000221221 0.018180775 0.000038855 0.999999404 -0.001066361 -0.025626361 -0.000221179 0.001066370 0.999999404 0.835471153
0.999999940 -0.000359337 0.000085963 0.020167191 0.000359405 0.999999642 -0.000786480 -0.028875513 -0.000085680 0.000786511 0.999999702 1.010952711
0.999999940 0.000331033 0.000131978 0.023582302 -0.000330987 0.999999881 -0.000353173 -0.038304113 -0.000132095 0.000353129 0.999999940 1.185086489
0.999999940 0.000122436 0.000335539 0.022719966 -0.000122121 0.999999583 -0.000937527 -0.033275500 -0.000335654 0.000937486 0.999999523 1.373960137
0.999999881 -0.000240306 0.000370896 0.026721461 0.000240609 0.999999642 -0.000818068 -0.042703733 -0.000370699 0.000818157 0.999999583 1.554987192
0.999999762 -0.000706670 -0.000182121 0.040047452 0.000706593 0.999999642 -0.000424466 -0.052692145 0.000182421 0.000424338 0.999999881 1.751939654
0.999999940 0.000267954 0.000212803 0.030821623 -0.000268055 0.999999762 0.000476436 -0.067023501 -0.000212676 -0.000476493 0.999999881 1.930015564
0.999998689 0.000912924 0.001304912 0.026469074 -0.000912937 0.999999523 0.000009379 -0.069005199 -0.001304903 -0.000010570 0.999999166 2.144164324
0.999999344 0.000837353 0.000807097 0.037670285 -0.000837385 0.999999583 0.000040423 -0.076660320 -0.000807062 -0.000041098 0.999999642 2.360742092
0.999999762 0.000582213 0.000430021 0.043276902 -0.000582479 0.999999642 0.000619286 -0.085585199 -0.000429661 -0.000619537 0.999999702 2.580023766
0.999999762 0.000627383 0.000280074 0.048492771 -0.000627641 0.999999464 0.000923774 -0.094470084 -0.000279494 -0.000923950 0.999999523 2.805219650
0.999999702 0.000649354 0.000428496 0.053496644 -0.000649712 0.999999404 0.000833799 -0.101594754 -0.000427955 -0.000834078 0.999999523 3.041273594
0.999999762 0.000260154 0.000524101 0.052934036 -0.000260248 0.999999881 0.000178187 -0.101195723 -0.000524055 -0.000178324 0.999999821 3.293216467
0.999999821 0.000063650 0.000554986 0.061444104 -0.000063828 0.999999881 0.000320808 -0.111200735 -0.000554965 -0.000320843 0.999999762 3.538901567
0.999999762 0.000388416 0.000511188 0.064288251 -0.000388600 0.999999821 0.000360297 -0.114550211 -0.000511048 -0.000360495 0.999999762 3.797798157
0.999999702 0.000415487 0.000587183 0.065772809 -0.000415536 0.999999881 0.000084605 -0.119086608 -0.000587148 -0.000084849 0.999999762 4.056309223
0.999999583 0.000667438 0.000519487 0.069646500 -0.000667828 0.999999523 0.000750785 -0.130424246 -0.000518985 -0.000751132 0.999999523 4.296633720
0.999999940 0.000063365 0.000199756 0.079166375 -0.000063536 0.999999702 0.000856473 -0.139145851 -0.000199702 -0.000856486 0.999999523 4.552422047
0.999999940 -0.000219666 0.000349627 0.086317576 0.000219334 0.999999583 0.000948518 -0.145793065 -0.000349836 -0.000948441 0.999999464 4.812915325
0.999999940 0.000156320 0.000342995 0.089037411 -0.000156640 0.999999583 0.000935272 -0.152729392 -0.000342849 -0.000935326 0.999999464 5.079692841
0.999999464 0.000738690 0.000630955 0.087192759 -0.000739148 0.999999404 0.000725848 -0.161394179 -0.000630418 -0.000726314 0.999999523 5.325927258
0.999998808 0.001119972 0.000980970 0.090616852 -0.001120391 0.999999285 0.000426303 -0.166266054 -0.000980491 -0.000427402 0.999999464 5.593703270
0.999999344 0.000889265 0.000631919 0.101277456 -0.000889867 0.999999106 0.000953126 -0.176056921 -0.000631070 -0.000953688 0.999999344 5.865464211
0.999999285 0.000951940 0.000646515 0.106843710 -0.000952594 0.999998987 0.001011804 -0.183662266 -0.000645552 -0.001012419 0.999999285 6.149406433
0.999999523 0.000604766 0.000755862 0.110428780 -0.000605509 0.999999344 0.000982780 -0.194513157 -0.000755267 -0.000983238 0.999999225 6.426529884
0.999999702 0.000502234 0.000576508 0.117446862 -0.000502786 0.999999404 0.000957254 -0.204256549 -0.000576027 -0.000957544 0.999999404 6.712161541
0.999999642 0.000460299 0.000716220 0.123459168 -0.000461090 0.999999285 0.001105124 -0.216120839 -0.000715711 -0.001105453 0.999999106 7.005693436
0.999999762 0.000587433 0.000338670 0.134666219 -0.000587836 0.999999166 0.001190880 -0.224678084 -0.000337970 -0.001191079 0.999999225 7.304234505
0.999999702 0.000193743 0.000734910 0.139217466 -0.000194461 0.999999523 0.000976100 -0.233642116 -0.000734721 -0.000976243 0.999999225 7.600901604
0.999999404 0.000497100 0.000950206 0.143635690 -0.000498105 0.999999344 0.001057300 -0.244030610 -0.000949680 -0.001057772 0.999998987 7.925090790
0.999999642 0.000365051 0.000724762 0.151347995 -0.000366033 0.999999046 0.001354323 -0.250789732 -0.000724267 -0.001354588 0.999998808 8.236797333
0.999999344 0.000643398 0.000992537 0.157444283 -0.000644459 0.999999225 0.001068846 -0.263229579 -0.000991849 -0.001069485 0.999998868 8.561362267
0.999999285 0.000478871 0.001088819 0.163368747 -0.000480410 0.999998987 0.001413351 -0.273422658 -0.001088141 -0.001413874 0.999998391 8.888344765
0.999999285 0.000346688 0.001126432 0.173216522 -0.000348615 0.999998450 0.001711253 -0.289275497 -0.001125837 -0.001711644 0.999997854 9.219044685
0.999999404 0.000056222 0.001093257 0.179693237 -0.000058080 0.999998450 0.001699006 -0.296648353 -0.001093160 -0.001699069 0.999997914 9.574019432
0.999998987 0.000138238 0.001411355 0.187046036 -0.000140104 0.999999106 0.001322263 -0.298945934 -0.001411172 -0.001322460 0.999998033 9.922616959
0.999999523 0.000140666 0.000925849 0.186285377 -0.000142173 0.999998689 0.001627244 -0.315615118 -0.000925619 -0.001627375 0.999998212 10.272030830
0.999999464 0.000045435 0.001041875 0.193331510 -0.000047239 0.999998510 0.001732101 -0.330095112 -0.001041795 -0.001732150 0.999997973 10.629182816
0.999999166 -0.000328398 0.001228678 0.202015102 0.000326323 0.999998510 0.001688860 -0.333681524 -0.001229231 -0.001688458 0.999997854 10.988787651
0.999999046 0.000002964 0.001376809 0.207335398 -0.000005219 0.999998629 0.001637883 -0.343463600 -0.001376802 -0.001637889 0.999997735 11.373211861
0.999999106 0.000368207 0.001252967 0.210094213 -0.000370132 0.999998689 0.001536104 -0.349644482 -0.001252400 -0.001536567 0.999998033 11.736524582
0.999998510 0.000523243 0.001642981 0.215256572 -0.000525072 0.999999225 0.001113067 -0.360236377 -0.001642397 -0.001113928 0.999998033 12.123842239
0.999998987 0.000574456 0.001335219 0.231507361 -0.000576074 0.999999106 0.001211516 -0.370328039 -0.001334522 -0.001212284 0.999998391 12.514510155
0.999998152 0.001021650 0.001663559 0.236841530 -0.001024933 0.999997556 0.001974174 -0.386902094 -0.001661538 -0.001975875 0.999996662 12.885210037
0.999997735 0.000849349 0.001931095 0.238848135 -0.000852533 0.999998212 0.001648768 -0.397693127 -0.001929691 -0.001650411 0.999996781 13.280221939
0.999996901 0.000914646 0.002327378 0.245787650 -0.000918367 0.999998271 0.001598329 -0.405869901 -0.002325912 -0.001600461 0.999996066 13.693162918
0.999995649 0.001415826 0.002597854 0.252982914 -0.001418726 0.999998331 0.001115080 -0.414354950 -0.002596270 -0.001118761 0.999996066 14.109884262
0.999997437 0.000380863 0.002228410 0.264724135 -0.000384502 0.999998569 0.001632592 -0.430652589 -0.002227785 -0.001633445 0.999996185 14.516482353
0.999996066 0.000265049 0.002798808 0.273025066 -0.000271422 0.999997377 0.002276846 -0.441530764 -0.002798197 -0.002277597 0.999993503 14.950945854
0.999995530 0.000496918 0.002944777 0.287961841 -0.000503439 0.999997377 0.002214323 -0.458203077 -0.002943670 -0.002215796 0.999993205 15.380769730
0.999995947 -0.000129185 0.002846136 0.296012074 0.000124387 0.999998510 0.001686089 -0.465926319 -0.002846349 -0.001685728 0.999994516 15.813481331
0.999995410 -0.000034059 0.003043340 0.306928039 0.000028796 0.999998450 0.001729690 -0.476574540 -0.003043394 -0.001729595 0.999993861 16.259920120
0.999993742 -0.000252259 0.003526086 0.317296833 0.000246399 0.999998569 0.001662087 -0.485847503 -0.003526500 -0.001661208 0.999992371 16.699232101
0.999993265 -0.000074946 0.003655114 0.323160172 0.000067130 0.999997735 0.002138436 -0.506932080 -0.003655266 -0.002138176 0.999991059 17.153671265
0.999991894 -0.000036881 0.004008177 0.332223356 0.000025955 0.999996305 0.002725873 -0.520844519 -0.004008263 -0.002725746 0.999988258 17.616493225
0.999991179 0.000079655 0.004211757 0.346167386 -0.000089073 0.999997437 0.002236020 -0.530570090 -0.004211569 -0.002236375 0.999988616 18.077686310
0.999989986 0.000198910 0.004470185 0.356798887 -0.000209332 0.999997258 0.002331245 -0.540290713 -0.004469709 -0.002332157 0.999987304 18.520483017
0.999990344 0.000559015 0.004351338 0.371302336 -0.000567663 0.999997854 0.001986470 -0.551329434 -0.004350218 -0.001988921 0.999988556 18.989740372
0.999988973 0.000299936 0.004697070 0.386975408 -0.000308568 0.999998271 0.001837082 -0.559936166 -0.004696511 -0.001838511 0.999987245 19.476179123
0.999988317 0.000227162 0.004830075 0.386184603 -0.000237140 0.999997795 0.002065327 -0.574790835 -0.004829596 -0.002066448 0.999986231 19.963300705
0.999988198 0.000628311 0.004814938 0.400262296 -0.000639537 0.999997020 0.002330450 -0.590917528 -0.004813460 -0.002333502 0.999985754 20.451896667
0.999989331 0.000783953 0.004554411 0.413126051 -0.000794443 0.999997079 0.002301933 -0.600741744 -0.004552593 -0.002305526 0.999986947 20.951044083
0.999992192 0.000880212 0.003857760 0.420353174 -0.000889718 0.999996543 0.002462866 -0.618681431 -0.003855579 -0.002466280 0.999989510 21.464349747
0.999993622 0.000675322 0.003523680 0.427469373 -0.000682043 0.999997914 0.001906493 -0.626468480 -0.003522385 -0.001908884 0.999992013 21.973028183
0.999996006 0.000598141 0.002766229 0.446100563 -0.000605300 0.999996483 0.002587716 -0.645303845 -0.002764672 -0.002589379 0.999992847 22.481819153
0.999997616 0.000509547 0.002143271 0.458444417 -0.000515219 0.999996305 0.002647077 -0.663499534 -0.002141915 -0.002648174 0.999994159 22.994108200
0.999998629 0.000393982 0.001597222 0.465032905 -0.000397832 0.999997020 0.002411012 -0.672856629 -0.001596268 -0.002411644 0.999995828 23.525272369
0.999999344 -0.000897820 0.000717825 0.478839487 0.000896593 0.999998093 0.001707563 -0.682884812 -0.000719356 -0.001706918 0.999998331 24.064226151
0.999999762 0.000130318 0.000755823 0.482682467 -0.000132372 0.999996364 0.002719095 -0.700915337 -0.000755466 -0.002719194 0.999996006 24.571788788
1.000000000 0.000225322 -0.000064903 0.491746515 -0.000225148 0.999996364 0.002680144 -0.712067187 0.000065507 -0.002680130 0.999996424 25.119031906
0.999999523 0.000758552 -0.000594484 0.499147236 -0.000757306 0.999997497 0.002093873 -0.722547293 0.000596071 -0.002093422 0.999997675 25.662700653
0.999998689 0.001420895 -0.000719967 0.503740132 -0.001419569 0.999997199 0.001838451 -0.736209571 0.000722577 -0.001837427 0.999998093 26.230449677
0.999999046 -0.000012370 -0.001331579 0.514635682 0.000016816 0.999994397 0.003339282 -0.758788764 0.001331530 -0.003339300 0.999993503 26.742740631
0.999998629 0.000003958 -0.001637799 0.523148119 0.000001385 0.999994636 0.003261727 -0.773152292 0.001637803 -0.003261724 0.999993324 27.298933029
0.999997258 0.000670133 -0.002216620 0.533607721 -0.000663715 0.999995589 0.002895015 -0.787546635 0.002218551 -0.002893536 0.999993324 27.854732513
0.999997616 0.001052700 -0.001915446 0.524345279 -0.001046714 0.999994576 0.003123269 -0.799873650 0.001918723 -0.003121257 0.999993265 28.392190933
0.999997020 0.000452163 -0.002424916 0.535746336 -0.000444453 0.999994874 0.003179178 -0.816195011 0.002426341 -0.003178091 0.999992013 28.931066513
0.999996841 0.001028605 -0.002297314 0.547693133 -0.001019970 0.999992430 0.003757021 -0.836050510 0.002301161 -0.003754666 0.999990344 29.464952469
0.999994099 0.001007992 -0.003261820 0.558516204 -0.000996032 0.999992788 0.003666164 -0.845197380 0.003265492 -0.003662894 0.999987960 29.994424820
0.999993205 0.000972131 -0.003549070 0.568303108 -0.000959635 0.999993384 0.003520899 -0.859230816 0.003552468 -0.003517469 0.999987483 30.546983719
0.999991596 0.001849609 -0.003650266 0.581587672 -0.001835537 0.999990880 0.003854862 -0.877028763 0.003657362 -0.003848130 0.999985874 31.080091476
0.999991357 0.001618351 -0.003836682 0.593804479 -0.001604263 0.999992013 0.003672202 -0.883261144 0.003842595 -0.003666016 0.999985874 31.640077591
0.999992430 0.000868734 -0.003789786 0.582765043 -0.000855756 0.999993682 0.003424636 -0.895432115 0.003792738 -0.003421367 0.999986887 32.188453674
0.999991953 0.001206534 -0.003825283 0.584635973 -0.001194496 0.999994338 0.003147690 -0.903011680 0.003829059 -0.003143095 0.999987721 32.747707367
0.999991059 0.000879462 -0.004134932 0.596189737 -0.000865779 0.999994099 0.003309652 -0.920609713 0.004137819 -0.003306043 0.999985993 33.281986237
0.999991775 0.000622468 -0.004012513 0.610864580 -0.000609264 0.999994457 0.003291005 -0.935719132 0.004014540 -0.003288534 0.999986529 33.812408447
0.999989867 0.001014131 -0.004388706 0.608796954 -0.001000069 0.999994278 0.003205149 -0.949379265 0.004391931 -0.003200727 0.999985218 34.366867065
0.999990463 0.001191804 -0.004209396 0.617680430 -0.001176122 0.999992311 0.003725922 -0.969042182 0.004213804 -0.003720936 0.999984205 34.905807495
0.999988794 0.001610510 -0.004462790 0.635697603 -0.001594614 0.999992311 0.003563303 -0.982171118 0.004468494 -0.003556146 0.999983668 35.459388733
0.999987781 0.001766844 -0.004617065 0.641302347 -0.001747600 0.999989688 0.004168786 -0.996574998 0.004624383 -0.004160666 0.999980569 35.987873077
0.999988198 0.001285560 -0.004691215 0.638574600 -0.001269039 0.999992967 0.003522876 -1.008518696 0.004695712 -0.003516881 0.999982774 36.533180237
0.999986827 0.000837748 -0.005068660 0.647492051 -0.000819399 0.999993086 0.003621096 -1.020349383 0.005071659 -0.003616895 0.999980569 37.077266693
0.999986887 0.001511833 -0.004889997 0.653647363 -0.001495538 0.999993265 0.003334251 -1.035713553 0.004895006 -0.003326894 0.999982476 37.627067566
0.999987006 0.001931232 -0.004719820 0.650578976 -0.001915783 0.999992788 0.003275529 -1.048772573 0.004726111 -0.003266444 0.999983490 38.170719147
0.999987006 0.002188399 -0.004621109 0.657831788 -0.002171125 0.999990642 0.003739717 -1.066076040 0.004629248 -0.003729635 0.999982297 38.716922760
0.999986947 0.002015088 -0.004693329 0.669546008 -0.001999619 0.999992549 0.003298267 -1.081547260 0.004699940 -0.003288839 0.999983549 39.254970551
0.999985456 0.002168071 -0.004936400 0.678215206 -0.002147937 0.999989390 0.004080382 -1.098676443 0.004945193 -0.004069719 0.999979496 39.808738708
0.999984324 0.002018156 -0.005227328 0.693875253 -0.001994982 0.999988198 0.004434545 -1.119541526 0.005236216 -0.004424046 0.999976516 40.336311340
0.999984026 0.001664476 -0.005397544 0.711464703 -0.001645834 0.999992728 0.003456544 -1.123644471 0.005403257 -0.003447605 0.999979496 40.887619019
0.999983251 0.002154028 -0.005375080 0.700430036 -0.002133209 0.999990225 0.003875806 -1.138981223 0.005383376 -0.003864275 0.999978065 41.448024750
0.999981284 0.002458338 -0.005600643 0.710681915 -0.002438985 0.999991000 0.003459774 -1.149934173 0.005609099 -0.003446049 0.999978423 41.996246338
0.999978185 0.002727262 -0.006024127 0.730926991 -0.002706844 0.999990523 0.003394815 -1.163249135 0.006033328 -0.003378434 0.999976158 42.538192749
0.999982893 0.002523389 -0.005277226 0.713295698 -0.002502240 0.999988854 0.004010494 -1.177764416 0.005287289 -0.003997222 0.999978006 43.084529877
0.999984682 0.002082876 -0.005134448 0.719043612 -0.002063947 0.999991119 0.003689249 -1.191586971 0.005142087 -0.003678595 0.999979913 43.628349304
0.999985993 0.002216437 -0.004791992 0.725722790 -0.002196132 0.999988675 0.004238341 -1.211011767 0.004801332 -0.004227758 0.999979496 44.168132782
0.999982357 0.002825299 -0.005215507 0.727114260 -0.002803021 0.999986947 0.004273868 -1.222466230 0.005227512 -0.004259175 0.999977291 44.713321686
0.999984622 0.003040075 -0.004643211 0.735285044 -0.003020854 0.999986887 0.004140869 -1.235847473 0.004655738 -0.004126779 0.999980688 45.255928040
0.999985397 0.002090096 -0.004989772 0.753807783 -0.002067728 0.999987841 0.004483787 -1.253869534 0.004999083 -0.004473404 0.999977529 45.784770966
0.999985039 0.002509985 -0.004861915 0.752656460 -0.002487601 0.999986291 0.004604530 -1.270134330 0.004873407 -0.004592366 0.999977589 46.353748322
0.999984801 0.003287820 -0.004423171 0.764288425 -0.003265752 0.999982238 0.004987083 -1.288688064 0.004439489 -0.004972562 0.999977767 46.897480011
0.999985576 0.002654174 -0.004681102 0.767446876 -0.002633954 0.999987185 0.004320381 -1.286364913 0.004692510 -0.004307989 0.999979675 47.449436188
0.999986291 0.001958167 -0.004852915 0.777405024 -0.001934905 0.999986589 0.004793359 -1.310520887 0.004862237 -0.004783905 0.999976695 47.993392944
0.999984682 0.002081458 -0.005150074 0.783778191 -0.002056937 0.999986470 0.004762140 -1.314437389 0.005159917 -0.004751473 0.999975383 48.539665222
0.999981701 0.002393660 -0.005552675 0.796495914 -0.002369294 0.999987543 0.004390550 -1.328565359 0.005563115 -0.004377314 0.999974966 49.084308624
0.999980271 0.002753812 -0.005654912 0.810851455 -0.002729907 0.999987364 0.004230649 -1.342563391 0.005666491 -0.004215127 0.999975085 49.636325836
0.999983191 0.002260371 -0.005324518 0.813138723 -0.002236846 0.999987662 0.004420008 -1.350469470 0.005334443 -0.004408023 0.999976039 50.172279358
0.999979079 0.003284418 -0.005570891 0.818141520 -0.003259844 0.999984920 0.004414582 -1.366477251 0.005585306 -0.004396329 0.999974728 50.712238312
0.999979198 0.002768801 -0.005813525 0.832952857 -0.002741734 0.999985337 0.004658803 -1.382699966 0.005826340 -0.004642767 0.999972284 51.266746521
0.999980152 0.002470215 -0.005789877 0.839269996 -0.002445835 0.999988079 0.004214142 -1.391938686 0.005800219 -0.004199897 0.999974370 51.810138702
0.999982417 0.001890629 -0.005626471 0.850780249 -0.001867096 0.999989510 0.004184787 -1.406480312 0.005634323 -0.004174208 0.999975383 52.352825165
0.999982119 0.001929986 -0.005659975 0.850058913 -0.001909064 0.999991357 0.003699437 -1.413255453 0.005667065 -0.003688566 0.999977171 52.903541565
0.999983013 0.002856203 -0.005069692 0.853167892 -0.002834526 0.999986827 0.004278001 -1.429090619 0.005081844 -0.004263558 0.999978006 53.451187134
0.999981940 0.003122747 -0.005130277 0.863043904 -0.003100409 0.999985695 0.004356395 -1.442989588 0.005143807 -0.004340411 0.999977350 54.004791260
0.999982715 0.002564031 -0.005279313 0.871160746 -0.002539966 0.999986351 0.004559952 -1.465759993 0.005290932 -0.004546465 0.999975681 54.526947021
0.999985576 0.002836290 -0.004568507 0.865798712 -0.002817774 0.999987781 0.004054354 -1.475267410 0.004579951 -0.004041422 0.999981344 55.087478638
0.999982715 0.003520595 -0.004712410 0.876071692 -0.003500020 0.999984324 0.004367360 -1.491298556 0.004727711 -0.004350791 0.999979377 55.624008179
0.999986291 0.002583567 -0.004558232 0.883343220 -0.002563447 0.999987006 0.004414179 -1.502526879 0.004569578 -0.004402435 0.999979913 56.174213409
0.999986708 0.002843007 -0.004304741 0.904465318 -0.002825226 0.999987423 0.004131103 -1.524132371 0.004316431 -0.004118886 0.999982238 56.700328827
0.999984384 0.002529372 -0.005001934 0.920962453 -0.002507820 0.999987543 0.004310195 -1.534153938 0.005012774 -0.004297584 0.999978185 57.254302979
0.999981940 0.003208385 -0.005086316 0.911908984 -0.003187376 0.999986351 0.004133262 -1.542769909 0.005099508 -0.004116976 0.999978542 57.803398132
0.999983728 0.002920661 -0.004900382 0.925483584 -0.002900868 0.999987543 0.004041527 -1.557419658 0.004912126 -0.004027246 0.999979854 58.341339111
0.999985516 0.003047299 -0.004443242 0.924140334 -0.003029341 0.999987185 0.004042815 -1.561035872 0.004455505 -0.004029296 0.999981940 58.894596100
0.999983311 0.003043500 -0.004910134 0.936354518 -0.003023996 0.999987543 0.003974722 -1.579672098 0.004922172 -0.003959808 0.999979973 59.435264587
0.999982297 0.003306743 -0.004954150 0.945458293 -0.003288177 0.999987662 0.003751095 -1.591367722 0.004966494 -0.003734739 0.999980628 59.982124329
0.999981463 0.002890058 -0.005360326 0.958959818 -0.002866841 0.999986470 0.004333922 -1.607939243 0.005372779 -0.004318475 0.999976218 60.523166656
0.999982119 0.003508160 -0.004845993 0.955371857 -0.003488486 0.999985635 0.004062387 -1.622541785 0.004860176 -0.004045409 0.999980032 61.055038452
0.999981821 0.003739692 -0.004708976 0.964927435 -0.003719311 0.999983668 0.004329373 -1.636402130 0.004725090 -0.004311780 0.999979615 61.602706909
0.999980688 0.004189543 -0.004585245 0.970426917 -0.004170842 0.999982953 0.004080846 -1.641657233 0.004602263 -0.004061643 0.999981225 62.157268524
0.999981880 0.003649557 -0.004812230 0.978438616 -0.003631317 0.999986351 0.003793692 -1.656434774 0.004826010 -0.003776149 0.999981225 62.713523865
0.999983490 0.003600299 -0.004488925 0.986877799 -0.003584431 0.999987364 0.003537822 -1.664557815 0.004501604 -0.003521674 0.999983668 63.269790649
0.999981940 0.003862581 -0.004591153 0.983847916 -0.003844777 0.999985099 0.003880318 -1.684813499 0.004606073 -0.003862596 0.999981940 63.805999756
0.999982774 0.003487952 -0.004722404 0.993958414 -0.003470299 0.999987006 0.003741123 -1.693910480 0.004735391 -0.003724670 0.999981821 64.358718872
0.999980807 0.003528096 -0.005094456 1.010802031 -0.003508649 0.999986529 0.003821105 -1.706203461 0.005107868 -0.003803157 0.999979734 64.902183533
0.999983966 0.003940050 -0.004065997 0.999956012 -0.003925126 0.999985576 0.003672082 -1.720166326 0.004080407 -0.003656063 0.999984980 65.446998596
0.999983370 0.004677210 -0.003366610 1.001120567 -0.004665249 0.999982834 0.003551902 -1.731776953 0.003383164 -0.003536137 0.999988019 65.999946594
0.999984682 0.004449273 -0.003300507 1.005248547 -0.004436877 0.999983072 0.003753955 -1.744341135 0.003317154 -0.003739254 0.999987423 66.543510437
0.999980807 0.004341824 -0.004409042 1.037127614 -0.004323514 0.999981999 0.004153962 -1.769661784 0.004426998 -0.004134820 0.999981642 67.067558289
0.999983609 0.004050356 -0.004039265 1.039985895 -0.004032998 0.999982595 0.004296172 -1.777585387 0.004056597 -0.004279811 0.999982595 67.627578735
0.999982119 0.004808084 -0.003557035 1.038838148 -0.004793154 0.999979675 0.004193931 -1.797474146 0.003577127 -0.004176806 0.999984860 68.186088562
0.999981046 0.005035311 -0.003553503 1.053070784 -0.005023841 0.999982178 0.003229314 -1.804486752 0.003569700 -0.003211401 0.999988496 68.742797852
0.999981761 0.004555036 -0.003968866 1.047772050 -0.004539068 0.999981523 0.004023067 -1.813715935 0.003987120 -0.004004978 0.999983966 69.240447998
0.999979436 0.005206686 -0.003742343 1.053634286 -0.005192413 0.999979198 0.003813680 -1.821208835 0.003762122 -0.003794170 0.999985695 69.795150757
0.999983132 0.004459959 -0.003730092 1.072031856 -0.004444191 0.999981105 0.004225104 -1.846490622 0.003748867 -0.004208456 0.999984086 70.333831787
0.999981701 0.004451963 -0.004099602 1.074425459 -0.004436255 0.999982834 0.003832721 -1.849822640 0.004116595 -0.003814464 0.999984264 70.857162476
0.999981582 0.004336292 -0.004245531 1.092838883 -0.004320467 0.999983788 0.003729634 -1.866629362 0.004261635 -0.003711224 0.999984026 71.400474548
0.999974728 0.005734499 -0.004196519 1.092665434 -0.005716783 0.999974787 0.004221598 -1.882834792 0.004220623 -0.004197500 0.999982297 71.950424194
0.999982059 0.004660971 -0.003745714 1.098777652 -0.004648025 0.999983191 0.003457492 -1.885522842 0.003761765 -0.003440019 0.999987006 72.492851257
0.999980271 0.004893791 -0.003929990 1.109976292 -0.004879367 0.999981403 0.003671477 -1.904454589 0.003947884 -0.003652228 0.999985576 73.029785156
0.999985874 0.003769786 -0.003734903 1.115024567 -0.003756454 0.999986529 0.003570281 -1.913832188 0.003748311 -0.003556200 0.999986649 73.588401794
0.999982953 0.004353165 -0.003891717 1.120481014 -0.004338870 0.999983788 0.003674180 -1.926698446 0.003907649 -0.003657231 0.999985695 74.107490540
0.999981999 0.004246243 -0.004257300 1.137993097 -0.004228348 0.999982178 0.004203646 -1.940798402 0.004275075 -0.004185569 0.999982059 74.651092529
0.999981940 0.004783545 -0.003638980 1.137157202 -0.004769200 0.999980927 0.003940227 -1.950170040 0.003657758 -0.003922801 0.999985635 75.195457458
0.999985278 0.003391746 -0.004215925 1.167722464 -0.003376823 0.999988019 0.003541703 -1.966588497 0.004227887 -0.003527415 0.999984801 75.742851257
0.999980271 0.004080058 -0.004780730 1.176181078 -0.004062857 0.999985278 0.003602042 -1.980349541 0.004795356 -0.003582547 0.999982059 76.289794922
0.999985456 0.003601630 -0.004009951 1.190158725 -0.003588306 0.999988019 0.003325206 -1.989759207 0.004021880 -0.003310769 0.999986410 76.843902588
0.999986947 0.003527841 -0.003687150 1.186122656 -0.003515521 0.999988258 0.003342437 -2.001885653 0.003698897 -0.003329431 0.999987602 77.375389099
0.999984741 0.003712531 -0.004095273 1.193895698 -0.003700544 0.999988914 0.002930727 -2.012808800 0.004106107 -0.002915528 0.999987304 77.908233643
0.999987304 0.003646826 -0.003496783 1.199807525 -0.003636559 0.999989152 0.002937999 -2.028778791 0.003507460 -0.002925245 0.999989510 78.475158691
0.999985874 0.003536943 -0.003958471 1.207008123 -0.003523454 0.999987900 0.003409616 -2.043504238 0.003970482 -0.003395621 0.999986351 78.983253479
0.999985158 0.004018171 -0.003688993 1.209274769 -0.004004256 0.999984801 0.003771791 -2.058973551 0.003704092 -0.003756963 0.999986053 79.536506653
0.999986172 0.003710072 -0.003726676 1.220089436 -0.003696697 0.999986649 0.003589575 -2.073054314 0.003739944 -0.003575749 0.999986589 80.074584961
0.999991000 0.003062763 -0.002920391 1.232948184 -0.003052871 0.999989569 0.003385593 -2.084687233 0.002930730 -0.003376648 0.999989986 80.615753174
0.999992311 0.003692984 -0.001301453 1.240154386 -0.003688640 0.999987662 0.003324685 -2.092840195 0.001313715 -0.003319858 0.999993622 81.171890259
0.999991655 0.004067200 0.000321153 1.247586250 -0.004068184 0.999986827 0.003124544 -2.104671478 -0.000308440 -0.003125824 0.999995112 81.719520569
0.999988616 0.004654312 0.001064250 1.256619453 -0.004657776 0.999983788 0.003275660 -2.118368864 -0.001048986 -0.003280580 0.999994099 82.247573853
0.999980450 0.004283763 0.004551854 1.280755758 -0.004296758 0.999986708 0.002849184 -2.126024008 -0.004539589 -0.002868687 0.999985576 82.794395447
0.999962747 0.003915564 0.007687969 1.305322289 -0.003937515 0.999988198 0.002842216 -2.139576912 -0.007676750 -0.002872381 0.999966383 83.334503174
0.999932587 0.004321476 0.010777905 1.334230065 -0.004359738 0.999984264 0.003529062 -2.168742418 -0.010762484 -0.003575812 0.999935687 83.888977051
0.999860704 0.003824911 0.016242299 1.343521595 -0.003871257 0.999988496 0.002822977 -2.171025038 -0.016231313 -0.002885462 0.999864161 84.457336426
0.999746501 0.004143639 0.022130320 1.358196378 -0.004223912 0.999984682 0.003581780 -2.197799206 -0.022115143 -0.003674348 0.999748707 84.980148315
0.999601483 0.004845784 0.027810253 1.386316419 -0.004953125 0.999980569 0.003792208 -2.214403629 -0.027791336 -0.003928444 0.999606013 85.540184021
0.999422491 0.004178633 0.033722181 1.421393037 -0.004314260 0.999982893 0.003950134 -2.229479313 -0.033705100 -0.004093339 0.999423444 86.066558838
0.999121249 0.003928011 0.041727118 1.453522682 -0.004089755 0.999984503 0.003791561 -2.234591484 -0.041711584 -0.003958882 0.999121904 86.618881226
0.998721838 0.004260702 0.050364412 1.487934589 -0.004435795 0.999984443 0.003365238 -2.251471519 -0.050349291 -0.003584343 0.998725235 87.163719177
0.998360336 0.003018779 0.057162158 1.537982702 -0.003201882 0.999989986 0.003111901 -2.263313055 -0.057152186 -0.003289825 0.998359978 87.709175110
0.997771561 0.003928868 0.066607803 1.584325790 -0.004164109 0.999985576 0.003393258 -2.276857853 -0.066593513 -0.003663059 0.997773468 88.250801086
0.997048318 0.004702817 0.076631598 1.644079685 -0.004978845 0.999981821 0.003411360 -2.288634062 -0.076614149 -0.003782828 0.997053564 88.775688171
0.996364236 0.003293953 0.085131809 1.701359272 -0.003556157 0.999989510 0.002928526 -2.295315981 -0.085121252 -0.003220621 0.996365309 89.349945068
0.995641947 0.003249204 0.093201920 1.770669460 -0.003530670 0.999989688 0.002855218 -2.311782360 -0.093191668 -0.003171840 0.995643079 89.894989014
0.994577527 0.002981788 0.103955738 1.849272251 -0.003375787 0.999987781 0.003614326 -2.324582815 -0.103943683 -0.003945661 0.994575262 90.426567078
0.993385136 0.002895188 0.114793822 1.923184395 -0.003294502 0.999989271 0.003288957 -2.342954636 -0.114783056 -0.003645390 0.993383884 90.982917786
0.992322445 0.002302021 0.123656444 2.010041237 -0.002674260 0.999992371 0.002844373 -2.353069305 -0.123648964 -0.003153224 0.992321014 91.528617859
0.990809381 0.002689190 0.135238662 2.097303391 -0.003133623 0.999990344 0.003073523 -2.365157127 -0.135229096 -0.003469062 0.990808308 92.078788757
0.989138722 0.001782198 0.146973968 2.204799652 -0.002216220 0.999993622 0.002789352 -2.378564596 -0.146968082 -0.003084782 0.989136398 92.617263794
0.987486243 0.001404947 0.157699227 2.315817833 -0.001834638 0.999994934 0.002579211 -2.390619516 -0.157694817 -0.002836256 0.987483859 93.160339355
0.985753715 0.001963015 0.168183342 2.417120934 -0.002528317 0.999991775 0.003147155 -2.413951635 -0.168175787 -0.003527541 0.985750735 93.680984497
0.983526766 0.001997424 0.180751726 2.544066429 -0.002639360 0.999991000 0.003311029 -2.434256315 -0.180743530 -0.003733555 0.983523190 94.206161499
0.981094062 0.001977556 0.193521202 2.660295486 -0.002678340 0.999990702 0.003359658 -2.444159746 -0.193512753 -0.003814457 0.981090367 94.738357544
0.978987932 0.001255034 0.203914285 2.789115906 -0.001938363 0.999993145 0.003151368 -2.450464964 -0.203908920 -0.003480411 0.978983641 95.296089172
0.976178229 0.000846567 0.216968536 2.935848236 -0.001617610 0.999992967 0.003376136 -2.469308853 -0.216964141 -0.003646681 0.976172686 95.811439514
0.973154664 0.000074075 0.230152398 3.088014603 -0.000847064 0.999994278 0.003259793 -2.477848291 -0.230150849 -0.003367236 0.973149061 96.343009949
0.970381141 0.001268137 0.241575465 3.220708847 -0.002173997 0.999991596 0.003483300 -2.487246513 -0.241569027 -0.003905313 0.970375776 96.888717651
0.967444837 0.000610767 0.253081173 3.390512466 -0.001463325 0.999993920 0.003180493 -2.508318663 -0.253077686 -0.003447293 0.967439771 97.399993896
0.963667929 0.000825328 0.267101705 3.553222656 -0.001847208 0.999991953 0.003574573 -2.513375044 -0.267096579 -0.003938094 0.963661730 97.917358398
0.960346818 0.000127939 0.278807998 3.736673355 -0.001209238 0.999992371 0.003706313 -2.536215305 -0.278805435 -0.003896491 0.960339785 98.387573242
0.956564486 0.000193638 0.291520655 3.877782822 -0.001214724 0.999993861 0.003321633 -2.536283731 -0.291518271 -0.003531474 0.956558704 98.979972839
0.952326179 -0.000233692 0.305081546 4.060150146 -0.000637555 0.999996006 0.002756153 -2.547367573 -0.305081010 -0.002819263 0.952322245 99.489540100
0.947891235 -0.000502176 0.318593889 4.256376266 -0.000533366 0.999994874 0.003163106 -2.563742876 -0.318593919 -0.003168208 0.947886050 99.998161316
0.943973958 -0.000974975 0.330018401 4.450780869 -0.000049804 0.999995232 0.003096749 -2.564982891 -0.330019861 -0.002939687 0.943969488 100.502357483
0.939145863 -0.001334412 0.343515962 4.661102295 0.000167815 0.999994040 0.003425754 -2.592828512 -0.343518406 -0.003159635 0.939140618 101.049613953
0.934072733 -0.001759608 0.357078522 4.883867264 0.000748128 0.999995232 0.002970757 -2.604303360 -0.357082039 -0.002507763 0.934069693 101.543945312
0.929180264 -0.001570266 0.369623721 5.098749161 0.000301084 0.999993801 0.003491377 -2.618615389 -0.369626880 -0.003132831 0.929174960 102.052192688
0.924496412 -0.002027298 0.381185383 5.326808929 0.000961193 0.999994993 0.002987177 -2.628582954 -0.381189585 -0.002395242 0.924493790 102.548698425
0.918289602 -0.002795911 0.395899504 5.559719086 0.001648390 0.999993384 0.003238682 -2.636907578 -0.395905882 -0.002321451 0.918288171 103.060989380
0.912573397 -0.003884901 0.408894479 5.800865173 0.002843175 0.999990940 0.003155484 -2.645745516 -0.408903062 -0.001717053 0.912576258 103.550773621
0.907730401 -0.004373089 0.419531226 6.054496765 0.003394364 0.999989450 0.003079334 -2.662355661 -0.419540226 -0.001371164 0.907735765 104.024505615
0.901058495 -0.004024699 0.433678865 6.290538788 0.002937404 0.999990642 0.003177209 -2.667583227 -0.433687657 -0.001588961 0.901061893 104.533889771
0.894677341 -0.004109215 0.446693897 6.566822052 0.002898709 0.999989986 0.003393294 -2.684984684 -0.446703374 -0.001741068 0.894680381 105.004905701
0.888811529 -0.004933794 0.458246171 6.834602356 0.003860468 0.999987185 0.003278809 -2.697935343 -0.458256483 -0.001145198 0.888819277 105.487709045
0.882706523 -0.005508182 0.469892323 7.093460083 0.004452752 0.999984443 0.003357411 -2.702053547 -0.469903469 -0.000871294 0.882717371 105.980010986
0.875552535 -0.005810395 0.483087957 7.385387421 0.004746106 0.999982834 0.003425526 -2.715331316 -0.483099520 -0.000706442 0.875565171 106.452552795
0.868598282 -0.005748635 0.495483547 7.677570343 0.004639573 0.999983191 0.003468558 -2.734804392 -0.495495111 -0.000713951 0.868610442 106.908248901
0.862554491 -0.006541201 0.505921841 7.958019257 0.005588099 0.999978602 0.003401752 -2.740397215 -0.505933344 -0.000107055 0.862572491 107.378219604
