1.000000000 0.000000000 0.000000000 0.000000000 0.000000000 1.000000000 0.000000000 0.000000000 0.000000000 0.000000000 1.000000000 0.000000000
0.999999940 -0.000321766 0.000044080 0.000286642 0.000321765 0.999999940 0.000010418 0.000299188 -0.000044083 -0.000010403 1.000000000 -0.000123536
1.000000000 -0.000113595 0.000143191 -0.000673453 0.000113569 1.000000000 0.000177620 -0.000440500 -0.000143211 -0.000177603 1.000000000 0.000260103
1.000000000 -0.000109032 0.000019535 0.000289649 0.000109030 1.000000000 0.000107166 0.000092680 -0.000019547 -0.000107164 1.000000000 0.000042975
1.000000000 -0.000042850 0.000052211 0.000303537 0.000042847 1.000000000 0.000060438 -0.000758794 -0.000052213 -0.000060436 1.000000000 -0.000687080
0.999999940 -0.000287412 0.000049114 0.000242244 0.000287412 0.999999940 -0.000005786 0.000162579 -0.000049112 0.000005800 1.000000000 -0.000834088
0.999999940 -0.000385990 0.000120253 -0.000650364 0.000385988 0.999999940 0.000017208 -0.000034792 -0.000120259 -0.000017161 1.000000000 0.000562592
0.999999940 -0.000315712 0.000096510 0.000501961 0.000315695 0.999999940 0.000175802 -0.000668224 -0.000096566 -0.000175771 1.000000000 0.001308968
1.000000000 -0.000115706 0.000116728 -0.000017851 0.000115708 1.000000000 -0.000009663 0.000828179 -0.000116727 0.000009677 1.000000000 0.000944200
1.000000000 -0.000015704 0.000134920 -0.000693616 0.000015703 1.000000000 0.000007509 -0.000107042 -0.000134920 -0.000007507 1.000000000 -0.000553857
1.000000000 -0.000170573 0.000050356 0.001169516 0.000170571 1.000000000 0.000043340 0.000418096 -0.000050363 -0.000043331 1.000000000 -0.000780672
1.000000000 -0.000048278 -0.000023254 0.001105342 0.000048278 1.000000000 -0.000031842 -0.000198396 0.000023256 0.000031841 1.000000000 -0.002169305
1.000000000 0.000030755 0.000072753 0.000502286 -0.000030745 1.000000000 -0.000144787 0.002067454 -0.000072757 0.000144784 1.000000000 0.000762851
1.000000000 -0.000066284 0.000074035 -0.000550206 0.000066281 1.000000000 0.000033374 0.000590536 -0.000074038 -0.000033369 1.000000000 -0.000057596
1.000000000 0.000119192 0.000130632 -0.000691594 -0.000119173 1.000000000 -0.000145149 0.001364822 -0.000130650 0.000145134 1.000000000 -0.000031541
1.000000000 -0.000102087 -0.000008437 0.000729183 0.000102088 1.000000000 0.000129426 0.000070143 0.000008424 -0.000129427 1.000000000 -0.000091552
0.999999940 -0.000403828 0.000012114 0.000118473 0.000403826 0.999999881 0.000157642 -0.000427373 -0.000012178 -0.000157638 1.000000000 -0.000702743
0.999999940 -0.000280312 0.000037426 0.000132230 0.000280309 0.999999940 0.000092014 -0.000908767 -0.000037452 -0.000092004 1.000000000 -0.001652170
1.000000000 0.000074723 0.000121649 -0.000320937 -0.000074736 1.000000000 0.000111484 -0.000403076 -0.000121641 -0.000111493 1.000000000 -0.001159647
1.000000000 0.000237502 -0.000005145 -0.000205431 -0.000237501 0.999999940 0.000132502 -0.000179391 0.000005176 -0.000132500 1.000000000 -0.000396638
1.000000000 -0.000145131 -0.000035038 0.000691476 0.000145135 1.000000000 0.000126957 0.000158928 0.000035020 -0.000126962 1.000000000 -0.000632144
1.000000000 -0.000095558 0.000089300 -0.000269010 0.000095546 1.000000000 0.000134065 -0.000384796 -0.000089313 -0.000134057 1.000000000 -0.000894400
1.000000000 -0.000151858 0.000031586 0.000448690 0.000151853 1.000000000 0.000153848 -0.000518630 -0.000031610 -0.000153843 1.000000000 -0.001491751
0.999999940 -0.000239828 0.000100073 0.000836080 0.000239828 1.000000000 0.000008198 0.000849725 -0.000100075 -0.000008174 1.000000000 0.000734153
1.000000000 0.000115331 0.000116752 0.000110537 -0.000115342 1.000000000 0.000093984 0.000321623 -0.000116742 -0.000093998 1.000000000 0.000523334
1.000000000 -0.000099006 0.000010463 0.001686958 0.000099004 1.000000000 0.000099930 0.000536982 -0.000010473 -0.000099929 1.000000000 -0.001176388
0.999999940 -0.000230431 0.000081019 0.000290807 0.000230428 1.000000000 0.000032046 0.000092657 -0.000081026 -0.000032027 1.000000000 -0.001999512
1.000000000 -0.000238284 0.000019016 -0.000199564 0.000238283 0.999999940 0.000084966 -0.000539212 -0.000019036 -0.000084961 1.000000000 -0.002023294
0.999999940 0.000228434 0.000177712 -0.001260898 -0.000228465 0.999999940 0.000170735 0.000235018 -0.000177673 -0.000170775 0.999999940 0.001077118
1.000000000 -0.000044361 -0.000017805 0.000580243 0.000044363 1.000000000 0.000156556 -0.000230891 0.000017798 -0.000156556 1.000000000 -0.000952969
0.999999940 -0.000196991 0.000201719 -0.000828575 0.000196984 1.000000000 0.000034488 0.000411750 -0.000201725 -0.000034448 1.000000000 -0.000149918
1.000000000 -0.000117964 0.000158022 -0.000849341 0.000117939 1.000000000 0.000157269 -0.000530668 -0.000158040 -0.000157250 1.000000000 -0.001202754
1.000000000 0.000005978 0.000104605 -0.000533027 -0.000005997 1.000000000 0.000179810 -0.001301056 -0.000104604 -0.000179811 1.000000000 -0.002148957
1.000000000 -0.000084947 0.000143240 -0.000318678 0.000084957 1.000000000 -0.000065337 0.000809902 -0.000143234 0.000065350 1.000000000 -0.000993058
1.000000000 -0.000145615 0.000112290 -0.000154405 0.000145614 1.000000000 0.000015919 0.000382776 -0.000112292 -0.000015902 1.000000000 -0.000644185
1.000000000 0.000090052 0.000084987 0.000060862 -0.000090067 1.000000000 0.000166628 -0.000135456 -0.000084972 -0.000166636 1.000000000 -0.001502214
0.999999940 -0.000241017 0.000132038 0.000570534 0.000241021 1.000000000 -0.000031438 0.001714212 -0.000132030 0.000031469 1.000000000 -0.000123596
1.000000000 -0.000102140 0.000103532 -0.000489840 0.000102127 1.000000000 0.000119470 0.000903367 -0.000103544 -0.000119459 1.000000000 0.001008417
1.000000000 0.000003304 0.000134942 -0.000466371 -0.000003312 1.000000000 0.000059133 0.000146242 -0.000134942 -0.000059134 1.000000000 -0.000919739
1.000000000 0.000104137 0.000196473 -0.001072522 -0.000104150 1.000000000 0.000064897 0.000172682 -0.000196466 -0.000064917 1.000000000 -0.000494120
0.999999940 0.000010492 0.000306757 -0.000831861 -0.000010438 1.000000000 -0.000176201 0.001457289 -0.000306759 0.000176198 0.999999940 0.002217758
0.999970853 0.006815538 0.003442299 -0.213962629 -0.006805192 0.999972343 -0.003008415 0.055604704 -0.003462708 0.002984902 0.999989569 0.164263010
0.999971390 0.006847051 0.003227043 -0.211701989 -0.006835478 0.999970257 -0.003583938 0.053242911 -0.003251486 0.003561777 0.999988377 0.252145708
0.999972641 0.006929640 0.002583106 -0.176518649 -0.006916886 0.999963999 -0.004913890 0.077323109 -0.002617064 0.004895889 0.999984562 0.404429585
0.999978006 0.006144278 0.002498022 -0.169892848 -0.006142928 0.999980927 -0.000547968 -0.014979511 -0.002501342 0.000532611 0.999996662 0.450376540
0.999977350 0.006262905 0.002464243 -0.166852534 -0.006261421 0.999980152 -0.000609385 -0.018643677 -0.002468010 0.000593941 0.999996781 0.587935269
0.999978244 0.006153878 0.002373492 -0.162879497 -0.006152506 0.999980927 -0.000584698 -0.024338687 -0.002377044 0.000570082 0.999997020 0.738311768
0.999985099 0.005079055 0.001987238 -0.160877183 -0.005078251 0.999987006 -0.000409550 -0.043486770 -0.001989292 0.000399453 0.999997914 0.857734978
0.999970198 0.007290856 0.002531637 -0.174383849 -0.007284948 0.999970734 -0.002334974 0.013650065 -0.002548586 0.002316462 0.999994099 1.090395212
0.999982119 0.005186025 0.002985519 -0.171996936 -0.005183988 0.999986291 -0.000689651 -0.013610672 -0.002989055 0.000674162 0.999995232 1.228588343
0.999969363 0.007371507 0.002625692 -0.173189774 -0.007362963 0.999967635 -0.003248775 0.015159664 -0.002649555 0.003229342 0.999991298 1.498717189
0.999982417 0.005673360 0.001713534 -0.135993376 -0.005670757 0.999982774 -0.001519514 -0.027415674 -0.001722126 0.001509770 0.999997318 1.618726969
0.999982953 0.005632564 0.001518167 -0.129544348 -0.005630553 0.999983311 -0.001325855 -0.031691480 -0.001525610 0.001317284 0.999998033 1.816993117
0.999980330 0.006088790 0.001494740 -0.126713872 -0.006084435 0.999977291 -0.002900586 -0.028416004 -0.001512367 0.002891435 0.999994636 2.004014254
0.999978960 0.006113388 0.002139821 -0.127605364 -0.006107676 0.999977827 -0.002665468 -0.035951976 -0.002156069 0.002652343 0.999994099 2.213116646
0.999975443 0.006510080 0.002601534 -0.143637791 -0.006502585 0.999974668 -0.002879167 -0.024882048 -0.002620212 0.002862179 0.999992490 2.466573954
0.999968767 0.006936720 0.003777486 -0.131392613 -0.006928007 0.999973297 -0.002314722 -0.028980995 -0.003793442 0.002288480 0.999990165 2.702903509
0.999972284 0.006540551 0.003549699 -0.124377094 -0.006532873 0.999976337 -0.002170336 -0.037076749 -0.003563810 0.002147086 0.999991357 2.935317516
0.999965668 0.007555504 0.003382927 -0.135064587 -0.007548564 0.999969304 -0.002059602 -0.048823059 -0.003398385 0.002033995 0.999992132 3.166696787
0.999968112 0.006770820 0.004218962 -0.148984611 -0.006757072 0.999971867 -0.003264387 -0.038031589 -0.004240945 0.003235776 0.999985695 3.400206089
0.999954939 0.008666216 0.003880715 -0.134337828 -0.008658057 0.999960244 -0.002114889 -0.064079434 -0.003898889 0.002081195 0.999990165 3.649621964
0.999961197 0.008102631 0.003466076 -0.128141329 -0.008094539 0.999964535 -0.002342651 -0.068679012 -0.003484934 0.002314504 0.999991238 3.904103756
0.999966621 0.007621799 0.002934848 -0.112135209 -0.007612496 0.999966025 -0.003168124 -0.064306453 -0.002958895 0.003145676 0.999990702 4.182176113
0.999962747 0.008003051 0.003234552 -0.112765677 -0.007996107 0.999965668 -0.002154168 -0.086982682 -0.003251681 0.002128224 0.999992371 4.397100925
0.999966919 0.007674783 0.002687238 -0.094571471 -0.007671250 0.999969661 -0.001322800 -0.097022869 -0.002697309 0.001302142 0.999995470 4.664185047
0.999967635 0.007502644 0.002885973 -0.089644551 -0.007499184 0.999971211 -0.001208044 -0.106313407 -0.002894953 0.001186363 0.999995112 4.921112061
0.999966204 0.007524117 0.003315660 -0.091235138 -0.007517289 0.999969602 -0.002067026 -0.102764010 -0.003331112 0.002042032 0.999992371 5.172011852
0.999960959 0.007828617 0.004088300 -0.102942489 -0.007820369 0.999967277 -0.002029591 -0.113143772 -0.004104055 0.001997540 0.999989569 5.428474426
0.999954641 0.008760553 0.003730158 -0.077564433 -0.008750067 0.999957740 -0.002818077 -0.100943796 -0.003754689 0.002785310 0.999989092 5.687742233
0.999960482 0.008256921 0.003286807 -0.068951517 -0.008248665 0.999962807 -0.002517360 -0.113003284 -0.003307470 0.002490148 0.999991477 5.954489708
0.999980390 0.005586782 0.002811244 -0.056379024 -0.005578097 0.999979615 -0.003087807 -0.110872805 -0.002828437 0.003072065 0.999991298 6.268657207
0.999977827 0.005734393 0.003376563 -0.055517733 -0.005724791 0.999979556 -0.002846705 -0.120093435 -0.003392819 0.002827311 0.999990284 6.528022289
0.999966025 0.007371971 0.003685451 -0.068211310 -0.007368312 0.999972343 -0.001005581 -0.175569579 -0.003692762 0.000978391 0.999992728 6.771369934
0.999970019 0.007348156 0.002445378 -0.011327054 -0.007341579 0.999969423 -0.002687752 -0.140834063 -0.002465053 0.002669719 0.999993384 7.058675289
0.999963760 0.007516995 0.004001713 -0.060851164 -0.007517489 0.999971747 0.000108481 -0.199505761 -0.004000785 -0.000138560 0.999992013 7.343583107
0.999953687 0.008394706 0.004711485 -0.048007011 -0.008381047 0.999960601 -0.002911513 -0.179404661 -0.004735741 0.002871890 0.999984622 7.647619247
0.999972761 0.005617309 0.004791138 -0.039611451 -0.005621511 0.999983847 0.000864136 -0.229604959 -0.004786207 -0.000891046 0.999988139 7.914213181
0.999963403 0.007866519 0.003370946 -0.028155539 -0.007860648 0.999967575 -0.001751285 -0.204975665 -0.003384613 0.001724723 0.999992728 8.284439087
0.999954879 0.008609401 0.004016022 -0.020432916 -0.008603783 0.999961972 -0.001413995 -0.224465892 -0.004028043 0.001379378 0.999990940 8.597127914
0.999964535 0.007122730 0.004477471 -0.017374925 -0.007120704 0.999974489 -0.000468359 -0.241047531 -0.004480693 0.000436459 0.999989867 8.918241501
0.999955058 0.008472116 0.004285039 -0.006974511 -0.008467353 0.999963522 -0.001128652 -0.238411784 -0.004294446 0.001092318 0.999990106 9.245643616
0.999955595 0.008413375 0.004270506 0.007917143 -0.008403687 0.999962091 -0.002281774 -0.238492489 -0.004289541 0.002245784 0.999988258 9.607953072
0.999954700 0.008486761 0.004314726 0.003418542 -0.008483630 0.999963760 -0.000743490 -0.271046698 -0.004320879 0.000706852 0.999990404 9.936338425
0.999953568 0.008424296 0.004677258 0.026302986 -0.008424408 0.999964535 0.000004266 -0.300096989 -0.004677057 -0.000043670 0.999988973 10.277452469
0.999957263 0.008446815 0.003737060 0.031901468 -0.008443782 0.999963939 -0.000826690 -0.291686922 -0.003743909 0.000795100 0.999992669 10.671113968
0.999972999 0.006418616 0.003580641 0.046424232 -0.006419586 0.999979317 0.000259306 -0.309632897 -0.003578903 -0.000282285 0.999993503 11.037796974
0.999957502 0.008009747 0.004567050 0.044080522 -0.008012431 0.999967754 0.000569837 -0.330621153 -0.004562339 -0.000606406 0.999989390 11.372537613
0.999961495 0.007626041 0.004336016 0.054736733 -0.007626235 0.999970913 0.000028251 -0.336391181 -0.004335674 -0.000061318 0.999990582 11.746662140
0.999959767 0.008069736 0.003909347 0.068045221 -0.008069520 0.999967456 -0.000070831 -0.351600796 -0.003909791 0.000039282 0.999992371 12.120043755
0.999950349 0.008688606 0.004871345 0.076398723 -0.008686597 0.999962091 -0.000433366 -0.361429214 -0.004874926 0.000391029 0.999988019 12.520094872
0.999956608 0.007891389 0.004951373 0.078882828 -0.007893302 0.999968708 0.000366847 -0.377160966 -0.004948323 -0.000405914 0.999987662 12.880064011
0.999954522 0.008191767 0.004869183 0.093505517 -0.008193506 0.999966383 0.000337422 -0.385615468 -0.004866255 -0.000377302 0.999988019 13.293736458
0.999952614 0.008368093 0.004979582 0.104605585 -0.008369664 0.999964952 0.000294822 -0.397250623 -0.004976940 -0.000336486 0.999987543 13.667412758
0.999940574 0.009414533 0.005490665 0.098991692 -0.009417047 0.999955595 0.000432320 -0.407995999 -0.005486351 -0.000484001 0.999984860 14.086534500
0.999940813 0.009315533 0.005620746 0.111911222 -0.009316988 0.999956548 0.000232843 -0.422747225 -0.005618333 -0.000285198 0.999984205 14.517809868
0.999946892 0.008969727 0.005072236 0.133204535 -0.008970577 0.999959767 0.000145007 -0.426498204 -0.005070731 -0.000190501 0.999987125 14.948294640
0.999938190 0.009779148 0.005286261 0.136220619 -0.009780349 0.999952137 0.000201465 -0.444322705 -0.005284039 -0.000253154 0.999985933 15.367320061
0.999930441 0.009741561 0.006647815 0.140799403 -0.009744057 0.999952435 0.000342916 -0.458466232 -0.006644159 -0.000407669 0.999977767 15.787946701
0.999929368 0.009637007 0.006955509 0.148238242 -0.009643435 0.999953032 0.000890950 -0.479111135 -0.006946596 -0.000957962 0.999975443 16.232509613
0.999949098 0.007966986 0.006194754 0.166671544 -0.007966276 0.999968171 -0.000139398 -0.479612380 -0.006195668 0.000090041 0.999980807 16.704908371
0.999946654 0.008134930 0.006353296 0.185060561 -0.008144627 0.999965727 0.001502105 -0.511582017 -0.006340858 -0.001553770 0.999978662 17.114286423
0.999964654 0.006271146 0.005587969 0.207870573 -0.006277946 0.999979556 0.001200309 -0.521611631 -0.005580327 -0.001235348 0.999983609 17.569076538
0.999966085 0.006317688 0.005281066 0.222341910 -0.006323668 0.999979377 0.001116486 -0.536779881 -0.005273903 -0.001149844 0.999985397 18.035505295
0.999958217 0.006865307 0.006028588 0.224629104 -0.006878897 0.999973834 0.002236457 -0.552054226 -0.006013077 -0.002277833 0.999979317 18.499998093
0.999962628 0.006631567 0.005544436 0.242553979 -0.006642499 0.999976039 0.001955583 -0.568983078 -0.005531334 -0.001992338 0.999982715 18.948413849
0.999962568 0.006588382 0.005606454 0.262165427 -0.006601351 0.999975562 0.002297823 -0.566610098 -0.005591178 -0.002334747 0.999981642 19.472002029
0.999956071 0.006307643 0.006936933 0.259823799 -0.006325788 0.999976635 0.002596854 -0.592371941 -0.006920391 -0.002640622 0.999972582 19.940618515
0.999951243 0.007160951 0.006796627 0.273156762 -0.007181479 0.999969661 0.003000665 -0.613366544 -0.006774934 -0.003049329 0.999972403 20.399969101
0.999940515 0.008054200 0.007343447 0.274544358 -0.008065525 0.999966264 0.001513989 -0.605852485 -0.007331006 -0.001573128 0.999971867 20.916494370
0.999956191 0.007125861 0.006067787 0.288786888 -0.007141815 0.999971092 0.002611670 -0.627589166 -0.006049002 -0.002654891 0.999978125 21.407403946
0.999939382 0.008556806 0.006921227 0.293633640 -0.008574631 0.999960005 0.002549938 -0.645027697 -0.006899131 -0.002609131 0.999972761 21.905742645
0.999956071 0.007778096 0.005224281 0.315394014 -0.007787664 0.999968052 0.001813806 -0.651129484 -0.005210005 -0.001854411 0.999984682 22.420476913
0.999954522 0.008454363 0.004407567 0.325966567 -0.008462593 0.999962568 0.001852168 -0.668456674 -0.004391743 -0.001889384 0.999988556 22.940803528
0.999959052 0.008021540 0.004184167 0.330198109 -0.008030448 0.999965489 0.002116627 -0.685671926 -0.004167044 -0.002150141 0.999989033 23.461090088
0.999963701 0.007367948 0.004280107 0.342156440 -0.007372333 0.999972284 0.001009623 -0.696334422 -0.004272550 -0.001041141 0.999990284 23.986423492
0.999963939 0.007326820 0.004283386 0.310412824 -0.007338332 0.999969423 0.002677931 -0.732665181 -0.004263634 -0.002709267 0.999987245 24.477573395
0.999951482 0.009481855 0.002680527 0.350920916 -0.009486349 0.999953628 0.001669257 -0.721577525 -0.002664575 -0.001694605 0.999994993 25.032403946
0.999959648 0.008565191 0.002700377 0.347061038 -0.008571187 0.999960840 0.002216376 -0.748145580 -0.002681287 -0.002239432 0.999993920 25.547685623
0.999961376 0.008647787 0.001527429 0.354404807 -0.008650900 0.999960482 0.002043753 -0.762480438 -0.001509695 -0.002056888 0.999996722 26.079683304
0.999968410 0.007884643 0.001002162 0.369822979 -0.007887381 0.999965191 0.002759382 -0.776066780 -0.000980370 -0.002767200 0.999995649 26.642946243
0.999967754 0.008010676 0.000521960 0.393169820 -0.008012115 0.999963939 0.002816237 -0.794825673 -0.000499382 -0.002820329 0.999995828 27.152795792
0.999961674 0.008703223 0.000910431 0.372822613 -0.008705115 0.999959886 0.002096380 -0.790247917 -0.000892148 -0.002104226 0.999997377 27.706233978
0.999963105 0.008583525 -0.000077408 0.394344151 -0.008583291 0.999959648 0.002641005 -0.824899018 0.000100074 -0.002640244 0.999996424 28.262014389
0.999962270 0.008684358 -0.000248777 0.408977389 -0.008683599 0.999957979 0.002908576 -0.838142872 0.000274026 -0.002906305 0.999995708 28.795976639
0.999953210 0.009672386 -0.000060892 0.405601919 -0.009672224 0.999950826 0.002245528 -0.845016181 0.000082608 -0.002244834 0.999997497 29.353689194
0.999954760 0.009482631 -0.000616083 0.420175999 -0.009480701 0.999950349 0.003062118 -0.862300217 0.000645089 -0.003056139 0.999995053 29.876729965
0.999956548 0.009308607 -0.000483614 0.431221873 -0.009307161 0.999952376 0.002913336 -0.880665898 0.000510710 -0.002908708 0.999995649 30.417488098
0.999949038 0.010087567 -0.000189511 0.431911290 -0.010087028 0.999945581 0.002654683 -0.886168659 0.000216280 -0.002652636 0.999996483 30.969516754
0.999947667 0.010223571 -0.000115799 0.439287752 -0.010223225 0.999944150 0.002673408 -0.901001096 0.000143125 -0.002672085 0.999996424 31.512636185
0.999936104 0.011303012 -0.000067330 0.448970109 -0.011302772 0.999931991 0.002878677 -0.900120974 0.000099863 -0.002877732 0.999995828 32.062065125
0.999954462 0.009481813 -0.001064979 0.455686063 -0.009479568 0.999952793 0.002094171 -0.918259919 0.001084785 -0.002083980 0.999997258 32.607707977
0.999961257 0.008770092 -0.000655739 0.458152682 -0.008769225 0.999960661 0.001312193 -0.926410854 0.000667221 -0.001306392 0.999998868 33.160373688
0.999947786 0.010073385 -0.001712994 0.474430501 -0.010070324 0.999947608 0.001787060 -0.949980736 0.001730905 -0.001769716 0.999996960 33.702224731
0.999956906 0.009150142 -0.001585718 0.473628849 -0.009146352 0.999955356 0.002380600 -0.967490911 0.001607430 -0.002365994 0.999995887 34.245334625
0.999966264 0.008009146 -0.001782174 0.481652498 -0.008004340 0.999964297 0.002687304 -0.995962143 0.001803634 -0.002672948 0.999994814 34.777450562
0.999955714 0.009334437 -0.001202329 0.478441954 -0.009331108 0.999952614 0.002745385 -1.001266003 0.001227899 -0.002734044 0.999995530 35.338130951
0.999949455 0.009919081 -0.001656428 0.503097117 -0.009915741 0.999948919 0.002012079 -1.004375458 0.001676301 -0.001995553 0.999996603 35.913078308
0.999950528 0.009874686 -0.001202724 0.493125558 -0.009871528 0.999947906 0.002604380 -1.025900245 0.001228378 -0.002592378 0.999995887 36.443687439
0.999951243 0.009676720 -0.001977697 0.529278815 -0.009673035 0.999951482 0.001864477 -1.038974047 0.001995642 -0.001845256 0.999996305 37.000080109
0.999948323 0.009957970 -0.002059919 0.520481884 -0.009954840 0.999949217 0.001524388 -1.042830944 0.002074993 -0.001503803 0.999996722 37.564220428
0.999953210 0.009561902 -0.001447878 0.530081034 -0.009559339 0.999952734 0.001767147 -1.062495947 0.001464708 -0.001753223 0.999997377 38.093551636
0.999949932 0.009854104 -0.001740411 0.539149523 -0.009850794 0.999949634 0.001900498 -1.068353772 0.001759052 -0.001883259 0.999996662 38.622753143
0.999943554 0.010545892 -0.001287131 0.533829868 -0.010544019 0.999943316 0.001454110 -1.074259281 0.001302395 -0.001440456 0.999998093 39.183292389
0.999945343 0.010367651 -0.001349598 0.552815557 -0.010364808 0.999944091 0.002097032 -1.101261139 0.001371264 -0.002082929 0.999996901 39.723854065
0.999944031 0.010358289 -0.002142262 0.568433583 -0.010355638 0.999945581 0.001244800 -1.107387424 0.002155039 -0.001222546 0.999996901 40.270675659
0.999945939 0.010204865 -0.001991711 0.570180953 -0.010202871 0.999947429 0.001008658 -1.120897532 0.002001899 -0.000988283 0.999997437 40.826602936
0.999950349 0.009551965 -0.002846355 0.590241075 -0.009549658 0.999954045 0.000823062 -1.131494164 0.002854087 -0.000795839 0.999995589 41.373783112
0.999943972 0.010079196 -0.003240354 0.605878294 -0.010078721 0.999949336 0.000162553 -1.141019821 0.003241827 -0.000129885 0.999994695 41.938888550
0.999942839 0.010395816 -0.002470004 0.603045523 -0.010393378 0.999945462 0.000997266 -1.162291288 0.002480237 -0.000971537 0.999996424 42.477081299
0.999933898 0.011184270 -0.002638449 0.610620975 -0.011180623 0.999936521 0.001392776 -1.175246596 0.002653859 -0.001363185 0.999995530 43.019515991
0.999939263 0.010747337 -0.002440517 0.617030621 -0.010743632 0.999941111 0.001526190 -1.195060372 0.002456776 -0.001499877 0.999995768 43.556819916
0.999936938 0.010765452 -0.003201285 0.629475892 -0.010759005 0.999940097 0.002024386 -1.214455843 0.003222886 -0.001989816 0.999992847 44.079811096
0.999938369 0.010530482 -0.003521077 0.641437948 -0.010525174 0.999943435 0.001522476 -1.224653482 0.003536910 -0.001485322 0.999992669 44.626220703
0.999940157 0.010355911 -0.003525422 0.661067605 -0.010350456 0.999945164 0.001562277 -1.246458054 0.003541407 -0.001525694 0.999992549 45.169097900
0.999936223 0.011194792 -0.001435835 0.623614848 -0.011194196 0.999937236 0.000422142 -1.213614464 0.001440471 -0.000406041 0.999998808 45.652488708
0.999935329 0.011166474 -0.002160758 0.653163731 -0.011162314 0.999935806 0.001928113 -1.283772707 0.002182149 -0.001903869 0.999995768 46.221492767
0.999935031 0.011291229 -0.001564274 0.653417587 -0.011289213 0.999935448 0.001291938 -1.278443575 0.001578760 -0.001274194 0.999997914 46.773246765
0.999931216 0.011644341 -0.001424368 0.654764056 -0.011642931 0.999931753 0.000994219 -1.291832685 0.001435846 -0.000977566 0.999998510 47.307533264
0.999922931 0.012356433 -0.001203380 0.664538503 -0.012354518 0.999922395 0.001586124 -1.316249013 0.001222885 -0.001571134 0.999997973 47.857120514
0.999927044 0.012032738 -0.001078399 0.676570356 -0.012031120 0.999926507 0.001493823 -1.327383637 0.001096295 -0.001480739 0.999998331 48.405139923
0.999923587 0.012352510 -0.000332543 0.672142744 -0.012351831 0.999921799 0.001969872 -1.343966246 0.000356850 -0.001965614 0.999998033 48.930164337
0.999925435 0.012185104 -0.000829840 0.688158870 -0.012184402 0.999925375 0.000847483 -1.347586989 0.000840104 -0.000837309 0.999999285 49.489204407
0.999927759 0.011987522 -0.000847215 0.705774605 -0.011986881 0.999927878 0.000758025 -1.366446376 0.000856240 -0.000747815 0.999999344 50.007640839
0.999926031 0.012140445 -0.000610703 0.705899477 -0.012139842 0.999925852 0.000979623 -1.382298470 0.000622551 -0.000972137 0.999999344 50.547985077
0.999928772 0.011890845 -0.001009749 0.721015394 -0.011888980 0.999927640 0.001834370 -1.404235363 0.001031488 -0.001822234 0.999997735 51.092571259
0.999930084 0.011785160 -0.000883061 0.724584460 -0.011784319 0.999930084 0.000950197 -1.407933950 0.000894197 -0.000939725 0.999999166 51.619155884
0.999925077 0.012227627 -0.000385727 0.732803881 -0.012227322 0.999924958 0.000778859 -1.422369719 0.000395222 -0.000774085 0.999999583 52.163768768
0.999919593 0.012677025 0.000162666 0.725697398 -0.012676984 0.999919593 -0.000248690 -1.430681109 -0.000165805 0.000246608 0.999999940 52.700500488
0.999889553 0.014807125 0.001275741 0.700309038 -0.014807705 0.999890387 0.000448478 -1.457991362 -0.001268960 -0.000467319 0.999999106 53.217475891
0.999901950 0.014000391 0.000041202 0.755410671 -0.014000417 0.999901652 0.000716221 -1.468541384 -0.000031170 -0.000716727 0.999999762 53.748859406
0.999918103 0.012778448 -0.000837463 0.786224961 -0.012777924 0.999918163 0.000630993 -1.476982594 0.000845458 -0.000620240 0.999999404 54.315940857
0.999920726 0.012544901 -0.001074826 0.785307646 -0.012545127 0.999921262 -0.000203905 -1.482870460 0.001072184 0.000217372 0.999999404 54.868556976
0.999894917 0.014372871 0.001882928 0.763152540 -0.014371900 0.999896586 -0.000528415 -1.489930630 -0.001890328 0.000501298 0.999998093 55.341255188
0.999912083 0.013256664 -0.000169031 0.804737866 -0.013256700 0.999912083 -0.000200118 -1.503550410 0.000166363 0.000202341 0.999999940 55.913173676
0.999897420 0.014315528 0.000353411 0.819434166 -0.014315382 0.999897420 -0.000409823 -1.517379642 -0.000359242 0.000404722 0.999999881 56.437496185
0.999888241 0.014927886 0.000797647 0.831529737 -0.014927679 0.999888539 -0.000265355 -1.534165025 -0.000801519 0.000253418 0.999999642 56.946315765
0.999893427 0.014581698 0.000733271 0.849475026 -0.014581681 0.999893665 -0.000029021 -1.555489779 -0.000733616 0.000018325 0.999999702 57.479862213
0.999883175 0.015270975 0.000684674 0.861036062 -0.015270510 0.999883175 -0.000680350 -1.565448642 -0.000694984 0.000669815 0.999999523 57.996181488
0.999889731 0.014766935 0.001554607 0.868949056 -0.014765451 0.999890625 -0.000961174 -1.578010440 -0.001568630 0.000938114 0.999998331 58.517173767
0.999889314 0.014800467 0.001493760 0.881181598 -0.014798836 0.999889910 -0.001095760 -1.598701715 -0.001509813 0.001073533 0.999998212 59.023208618
0.999879956 0.015419543 0.001493547 0.905730128 -0.015417878 0.999880493 -0.001119364 -1.605493784 -0.001510629 0.001096202 0.999998212 59.547782898
0.999882579 0.015192633 0.001961209 0.931904435 -0.015192362 0.999884546 -0.000153160 -1.634858847 -0.001963309 0.000123347 0.999998093 60.036987305
0.999874532 0.015751842 0.001632392 0.963345766 -0.015750946 0.999875784 -0.000559245 -1.644682407 -0.001640999 0.000533463 0.999998450 60.568878174
0.999872863 0.015925830 0.000902459 1.000621080 -0.015925899 0.999873161 0.000068300 -1.659399509 -0.000901257 -0.000082663 0.999999523 61.087615967
0.999858260 0.016798003 0.001126327 1.005228639 -0.016798398 0.999858856 0.000343609 -1.669384480 -0.001120396 -0.000362481 0.999999225 61.622936249
0.999863267 0.016400980 0.002071047 1.021639705 -0.016401477 0.999865413 0.000223050 -1.687850833 -0.002067110 -0.000256987 0.999997854 62.122730255
0.999858916 0.016729981 0.001460556 1.049680114 -0.016729873 0.999860048 -0.000084963 -1.700742364 -0.001461773 0.000060516 0.999998868 62.632335663
0.999846160 0.017437238 0.001862056 1.066709161 -0.017436737 0.999847949 -0.000284392 -1.700827718 -0.001866732 0.000251881 0.999998212 63.147079468
0.999850690 0.017211001 0.001516951 1.115839362 -0.017208947 0.999850988 -0.001355417 -1.690221786 -0.001540053 0.001329109 0.999997914 63.672843933
0.999837041 0.018042849 0.000480195 1.159247160 -0.018042753 0.999837160 -0.000205015 -1.719976306 -0.000483816 0.000196317 0.999999881 64.146545410
0.999854565 0.016993038 0.001390331 1.182186723 -0.016992237 0.999855459 -0.000585566 -1.725274205 -0.001400080 0.000561856 0.999998808 64.646209717
0.999858022 0.016848247 0.000151419 1.206065893 -0.016847773 0.999854267 -0.002730757 -1.709272027 -0.000197405 0.002727818 0.999996245 65.194801331
0.999849200 0.017349480 0.000770210 1.227596760 -0.017348809 0.999849141 -0.000869580 -1.751334667 -0.000785181 0.000856086 0.999999344 65.703353882
0.999821007 0.018916726 -0.000351040 1.289528728 -0.018916516 0.999820888 0.000592238 -1.804341435 0.000362180 -0.000585492 0.999999762 66.140144348
0.999844611 0.017420886 -0.002670839 1.375259638 -0.017415410 0.999846220 0.002059221 -1.858509660 0.002706302 -0.002012387 0.999994338 66.622184753
0.999841809 0.017579798 -0.002691491 1.390789032 -0.017576680 0.999844849 0.001177032 -1.878211975 0.002711765 -0.001129538 0.999995708 67.137626648
0.999832571 0.017817983 -0.004170294 1.452280164 -0.017809296 0.999839187 0.002111129 -1.893897414 0.004207239 -0.002036505 0.999989092 67.620819092
0.999855757 0.016217722 -0.005050383 1.475106001 -0.016199788 0.999862373 0.003571740 -1.943604827 0.005107614 -0.003489409 0.999980867 68.023223877
0.999807835 0.019368261 -0.003032879 1.476789713 -0.019363677 0.999811351 0.001533853 -1.921406984 0.003062014 -0.001474831 0.999994218 68.731483459
0.999845624 0.017234873 -0.003410529 1.500183821 -0.017230071 0.999850512 0.001431995 -1.935748696 0.003434699 -0.001373010 0.999993086 69.347190857
0.999850333 0.016958009 -0.003423295 1.519644260 -0.016957015 0.999856174 0.000319365 -1.934921265 0.003428219 -0.000261268 0.999994099 69.964546204
0.999859989 0.016347712 -0.003572006 1.548141241 -0.016348016 0.999866366 -0.000056318 -1.957157612 0.003570608 0.000114706 0.999993622 70.578887939
0.999844372 0.017498117 -0.002243669 1.553321600 -0.017498380 0.999846876 -0.000096940 -1.974137425 0.002241629 0.000136185 0.999997497 71.157653809
0.999874771 0.015513172 -0.003104541 1.589141607 -0.015514086 0.999879599 -0.000270607 -2.000082016 0.003099969 0.000318737 0.999995112 71.755439758
0.999901593 0.013845569 -0.002259265 1.620786905 -0.013842884 0.999903381 0.001200535 -2.030561447 0.002275669 -0.001169142 0.999996722 72.376487732
0.999883831 0.015003350 -0.002679861 1.653317571 -0.015003581 0.999887466 -0.000066155 -2.016246796 0.002678568 0.000106355 0.999996364 72.993957520
0.999907911 0.013293854 -0.002697361 1.691694498 -0.013298297 0.999910235 -0.001636413 -2.023089170 0.002675364 0.001672133 0.999995053 73.590782166
0.999892116 0.014574378 -0.001900012 1.706282735 -0.014575446 0.999893546 -0.000547859 -2.042136192 0.001891825 0.000575493 0.999998033 74.177513123
0.999911845 0.012896270 -0.003158243 1.755872250 -0.012905745 0.999912202 -0.002997998 -2.030614138 0.003119303 0.003038493 0.999990523 74.813262939
0.999923170 0.011768471 -0.003877185 1.800662994 -0.011782040 0.999924481 -0.003495860 -2.046702147 0.003835751 0.003541272 0.999986351 75.406463623
0.999925375 0.011353199 -0.004499804 1.869639039 -0.011359476 0.999934494 -0.001372044 -2.128689766 0.004483932 0.001423057 0.999988854 76.022445679
0.999908149 0.010862090 -0.008100186 2.045986652 -0.010861276 0.999940932 0.000144410 -2.202851534 0.008101277 -0.000056419 0.999967098 76.659149170
0.999884784 0.010770175 -0.010693661 2.119349957 -0.010785745 0.999940813 -0.001399469 -2.192077160 0.010677955 0.001514647 0.999941826 77.229560852
0.999866307 0.010439672 -0.012586443 2.215777874 -0.010451903 0.999944985 -0.000906361 -2.226480722 0.012576288 0.001037792 0.999920368 77.789787292
0.999842286 0.010257390 -0.014492390 2.270220280 -0.010273120 0.999946713 -0.001011436 -2.239727736 0.014481242 0.001160159 0.999894440 78.394554138
0.999843419 0.009090194 -0.015191476 2.298912048 -0.009107970 0.999957860 -0.001101249 -2.258201122 0.015180829 0.001239439 0.999883950 78.946998596
0.999851763 0.009904777 -0.014082651 2.304544687 -0.009921717 0.999950111 -0.001133537 -2.269281626 0.014070721 0.001273092 0.999900222 79.546653748
0.999846220 0.009356324 -0.014833483 2.342877865 -0.009372958 0.999955475 -0.001052254 -2.290363312 0.014822978 0.001191126 0.999889433 80.139266968
0.999838054 0.007502935 -0.016354814 2.430327892 -0.007557071 0.999966085 -0.003250799 -2.281890631 0.016329870 0.003373867 0.999860942 80.787925720
0.999814630 0.008278561 -0.017383035 2.513259888 -0.008332512 0.999960661 -0.003033556 -2.298309803 0.017357238 0.003177838 0.999844313 81.396232605
0.999575377 -0.004245852 -0.028827233 2.704667807 0.003982682 0.999949872 -0.009180486 -2.231662750 0.028864769 0.009061777 0.999542236 82.130722046
0.999901414 0.006248603 -0.012576678 2.461398125 -0.006291956 0.999974370 -0.003410302 -2.333477974 0.012555046 0.003489098 0.999915123 82.540252686
0.999944329 0.006380348 -0.008397888 2.466723442 -0.006395805 0.999977827 -0.001814955 -2.385208607 0.008386122 0.001868566 0.999963105 83.083389282
0.999959111 0.007378858 -0.005228597 2.460540295 -0.007387908 0.999971271 -0.001713601 -2.397011518 0.005215802 0.001752159 0.999984801 83.623695374
0.999975204 0.006952416 -0.001038158 2.462320805 -0.006954301 0.999974132 -0.001823768 -2.398937941 0.001025453 0.001830943 0.999997735 84.154762268
0.999966621 0.006849259 0.004455670 2.455309629 -0.006839141 0.999974012 -0.002281821 -2.410258770 -0.004471180 0.002251272 0.999987423 84.656639099
0.999886334 0.008444461 0.012498643 2.438733101 -0.008423987 0.999963105 -0.001689950 -2.432842970 -0.012512455 0.001584470 0.999920487 85.187141418
0.999810219 0.008133907 0.017701393 2.468187571 -0.008106111 0.999965787 -0.001641499 -2.454512596 -0.017714137 0.001497698 0.999841988 85.742584229
0.999695480 0.008070982 0.023319125 2.495570660 -0.007989490 0.999961674 -0.003585593 -2.457855225 -0.023347177 0.003398194 0.999721646 86.276893616
0.999463379 0.007474601 0.031892028 2.517017841 -0.007407498 0.999970078 -0.002221704 -2.484303236 -0.031907674 0.001984271 0.999488831 86.844161987
0.999121189 0.008081335 0.041128691 2.542819500 -0.007997137 0.999965489 -0.002211324 -2.509513617 -0.041145150 0.001880469 0.999151349 87.374137878
0.998777688 0.009000816 0.048601035 2.568071365 -0.008937282 0.999958873 -0.001524410 -2.523931026 -0.048612747 0.001088186 0.998817086 87.916679382
0.998325169 0.008312890 0.057252042 2.624680042 -0.008172988 0.999963045 -0.002677347 -2.533770323 -0.057272196 0.002204942 0.998356164 88.470764160
0.997600079 0.008633036 0.068698719 2.657677412 -0.008518646 0.999961734 -0.001957870 -2.560134172 -0.068712987 0.001367951 0.997635484 88.999717712
0.996979356 0.008759375 0.077171743 2.713215828 -0.008614374 0.999960423 -0.002211600 -2.569401503 -0.077188067 0.001540133 0.997015357 89.540473938
0.996297657 0.007744274 0.085620731 2.764305592 -0.007492939 0.999966621 -0.003256422 -2.587231159 -0.085643098 0.002602815 0.996322453 90.084098816
0.995283842 0.008501063 0.096633486 2.826157093 -0.008254467 0.999961555 -0.002951351 -2.605626106 -0.096654847 0.002139773 0.995315790 90.622680664
0.994196057 0.007235493 0.107340060 2.898361683 -0.006966394 0.999971569 -0.002881744 -2.621098280 -0.107357875 0.002117245 0.994218171 91.147460938
0.993159652 0.007760648 0.116506115 2.972157955 -0.007503204 0.999968469 -0.002648117 -2.637326717 -0.116523020 0.001755834 0.993186355 91.685508728
0.991732657 0.008096575 0.128065437 3.045167923 -0.007763535 0.999965072 -0.003099516 -2.644186497 -0.128086090 0.002079651 0.991760850 92.223411560
0.990086377 0.007400041 0.140264660 3.123898506 -0.007128283 0.999971628 -0.002439769 -2.677168369 -0.140278712 0.001415736 0.990111053 92.727394104
0.988323152 0.008084314 0.152158678 3.209964752 -0.007832185 0.999966800 -0.002256315 -2.695947647 -0.152171880 0.001038233 0.988353491 93.287551880
0.986672223 0.007355110 0.162554041 3.304620743 -0.007000647 0.999971688 -0.002753294 -2.696412563 -0.162569702 0.001578615 0.986695826 93.798736572
0.984300673 0.007085162 0.176357463 3.400279999 -0.006659964 0.999973297 -0.003002803 -2.712551594 -0.176374003 0.001781127 0.984321535 94.314476013
0.981909454 0.007300287 0.189210147 3.521200180 -0.006855503 0.999971926 -0.003005117 -2.732009411 -0.189226821 0.001653622 0.981932044 94.857070923
0.979795814 0.007220959 0.199870124 3.629351616 -0.006898735 0.999973536 -0.002308581 -2.750541449 -0.199881539 0.000883087 0.979819655 95.378211975
0.977124095 0.007000149 0.212554410 3.771987915 -0.006552218 0.999974549 -0.002811711 -2.767451763 -0.212568700 0.001354688 0.977145195 95.899406433
0.974179268 0.006890342 0.225670710 3.920461655 -0.006395418 0.999975204 -0.002924121 -2.778069973 -0.225685313 0.001405360 0.974199235 96.400695801
0.971689820 0.006379852 0.236173823 4.070863724 -0.005816307 0.999978304 -0.003082756 -2.790310621 -0.236188352 0.001621823 0.971705914 96.911651611
0.968671799 0.006440890 0.248260915 4.206993103 -0.005724340 0.999977112 -0.003608042 -2.804552794 -0.248278484 0.002073877 0.968686402 97.384468079
0.964798808 0.007188603 0.262890756 4.352579117 -0.006388822 0.999972105 -0.003896949 -2.817514896 -0.262911409 0.002080210 0.964817762 97.892311096
0.961195290 0.006619580 0.275789768 4.517791748 -0.005653682 0.999974787 -0.004297195 -2.835651398 -0.275811225 0.002571216 0.961208403 98.402900696
0.957718432 0.006899556 0.287624568 4.682760239 -0.005892082 0.999973118 -0.004368247 -2.852802515 -0.287646860 0.002488843 0.957733393 98.906478882
0.953603029 0.006115392 0.301004738 4.860397339 -0.005198120 0.999979079 -0.003848187 -2.867388248 -0.301021993 0.002104984 0.953614891 99.405464172
0.949087799 0.006941628 0.314935118 5.042692184 -0.005719903 0.999972045 -0.004803351 -2.879021168 -0.314959675 0.002757404 0.949101031 99.897354126
0.945356369 0.005546529 0.325991511 5.234451294 -0.004414883 0.999981344 -0.004211115 -2.899246693 -0.326008767 0.002541790 0.945363343 100.377243042
0.940683901 0.005769846 0.339235008 5.445709229 -0.004265487 0.999977529 -0.005180011 -2.910207987 -0.339257270 0.003425750 0.940687418 100.903327942
0.935344756 0.004736274 0.353705823 5.636238098 -0.002977764 0.999980271 -0.005515730 -2.918085098 -0.353724957 0.004105857 0.935340464 101.429946899
0.930998147 0.003082820 0.365010858 5.857963562 -0.001136814 0.999983966 -0.005546131 -2.937093973 -0.365022182 0.004748488 0.930986702 101.899803162
0.926328242 0.003224922 0.376703590 6.076822281 -0.001067078 0.999981821 -0.005936758 -2.949566841 -0.376715899 0.005097415 0.926314831 102.367530823
0.920650065 0.001994356 0.390383631 6.303871155 0.000109807 0.999985516 -0.005367593 -2.964385748 -0.390388727 0.004984542 0.920636594 102.852005005
0.914773047 0.002164674 0.403962255 6.533061981 0.000194765 0.999983191 -0.005799558 -2.979258537 -0.403968126 0.005383957 0.914757192 103.327888489
0.909911215 0.000882699 0.414802015 6.768951416 0.001688204 0.999981523 -0.005831210 -2.991438389 -0.414799541 0.006006155 0.909892976 103.797920227
0.903256416 0.002288725 0.429095119 7.011405945 0.000680570 0.999976873 -0.006766337 -3.004603624 -0.429100603 0.006403767 0.903234005 104.280883789
0.896859944 0.001448215 0.442312330 7.257793427 0.001383893 0.999980509 -0.006080196 -3.022454023 -0.442312479 0.006065197 0.896840632 104.740966797
0.890613019 0.001361487 0.454760224 7.497680664 0.001831758 0.999976695 -0.006581145 -3.034071684 -0.454758584 0.006694263 0.890589595 105.194580078
0.885016561 0.001010664 0.465558469 7.770183563 0.002470620 0.999973357 -0.006867401 -3.049311876 -0.465552986 0.007227982 0.884990454 105.666336060
0.877582610 0.000937813 0.479424536 8.030818939 0.002292313 0.999978423 -0.006152138 -3.069811344 -0.479420066 0.006498000 0.877561450 106.127601624
