1.000000000 0.000000000 0.000000000 0.000000000 0.000000000 1.000000000 0.000000000 0.000000000 0.000000000 0.000000000 1.000000000 0.000000000
0.999999940 -0.000323087 0.000043918 0.000289662 0.000323086 0.999999940 0.000010919 0.000298174 -0.000043922 -0.000010905 1.000000000 -0.000123114
1.000000000 -0.000124567 0.000142742 -0.000669169 0.000124543 1.000000000 0.000168923 -0.000370017 -0.000142763 -0.000168906 1.000000000 0.000315825
1.000000000 -0.000108941 0.000033103 0.000224914 0.000108937 1.000000000 0.000111643 0.000078562 -0.000033116 -0.000111639 1.000000000 0.000063726
1.000000000 -0.000004439 0.000053489 0.000216014 0.000004435 1.000000000 0.000081540 -0.000836129 -0.000053490 -0.000081539 1.000000000 -0.000534631
0.999999940 -0.000288681 0.000066081 0.000112184 0.000288681 0.999999940 -0.000001137 0.000157120 -0.000066080 0.000001156 1.000000000 -0.000803066
0.999999940 -0.000372042 0.000158553 -0.001102511 0.000372043 0.999999940 -0.000001492 0.000177298 -0.000158552 0.000001551 1.000000000 0.000835863
0.999999940 -0.000317238 0.000099295 0.000487563 0.000317220 0.999999940 0.000180424 -0.000690698 -0.000099352 -0.000180393 1.000000000 0.001314838
1.000000000 -0.000124247 0.000120250 -0.000026730 0.000124247 1.000000000 -0.000007643 0.000817604 -0.000120249 0.000007658 1.000000000 0.000949016
1.000000000 -0.000032733 0.000136110 -0.000668677 0.000032729 1.000000000 0.000026636 -0.000199996 -0.000136111 -0.000026632 1.000000000 -0.000478054
1.000000000 -0.000189366 0.000064776 0.001121352 0.000189363 1.000000000 0.000046604 0.000412387 -0.000064785 -0.000046591 1.000000000 -0.000720431
1.000000000 -0.000057715 -0.000026229 0.001126157 0.000057714 1.000000000 -0.000030886 -0.000222511 0.000026231 0.000030885 1.000000000 -0.002211712
1.000000000 0.000030749 0.000059817 0.000563801 -0.000030741 1.000000000 -0.000140394 0.002039527 -0.000059821 0.000140392 1.000000000 0.000791572
1.000000000 -0.000065830 0.000076377 -0.000564649 0.000065828 1.000000000 0.000026602 0.000625089 -0.000076379 -0.000026597 1.000000000 -0.000064393
1.000000000 0.000117560 0.000121205 -0.000622835 -0.000117545 1.000000000 -0.000124358 0.001152513 -0.000121219 0.000124343 1.000000000 -0.000097579
1.000000000 -0.000128526 0.000016308 0.000553498 0.000128525 1.000000000 0.000116706 0.000134513 -0.000016323 -0.000116704 1.000000000 -0.000117733
0.999999940 -0.000335405 0.000007320 0.000033868 0.000335404 0.999999940 0.000124558 -0.000212139 -0.000007362 -0.000124556 1.000000000 -0.000743580
0.999999940 -0.000302908 0.000017798 0.000294350 0.000302906 0.999999940 0.000074604 -0.000820383 -0.000017821 -0.000074599 1.000000000 -0.001693419
1.000000000 0.000064802 0.000111537 -0.000253675 -0.000064810 1.000000000 0.000074339 -0.000217557 -0.000111532 -0.000074347 1.000000000 -0.001196815
1.000000000 0.000230791 0.000001850 -0.000238071 -0.000230791 0.999999940 0.000122170 -0.000119166 -0.000001822 -0.000122171 1.000000000 -0.000382383
1.000000000 -0.000145446 -0.000035327 0.000696998 0.000145451 1.000000000 0.000127041 0.000156418 0.000035309 -0.000127046 1.000000000 -0.000633847
1.000000000 -0.000083684 0.000093180 -0.000306237 0.000083672 1.000000000 0.000130341 -0.000382539 -0.000093191 -0.000130333 1.000000000 -0.000912438
1.000000000 -0.000157106 0.000030249 0.000465780 0.000157101 1.000000000 0.000163839 -0.000594009 -0.000030274 -0.000163834 1.000000000 -0.001511756
0.999999940 -0.000234954 0.000099657 0.000817799 0.000234953 1.000000000 0.000008462 0.000867469 -0.000099659 -0.000008438 1.000000000 0.000816865
1.000000000 0.000132161 0.000134478 -0.000012205 -0.000132175 1.000000000 0.000102425 0.000285989 -0.000134465 -0.000102442 1.000000000 0.000566879
1.000000000 -0.000097256 0.000008280 0.001771898 0.000097255 1.000000000 0.000107300 0.000455278 -0.000008291 -0.000107299 1.000000000 -0.001295592
0.999999940 -0.000234477 0.000080441 0.000300960 0.000234474 1.000000000 0.000032806 0.000078302 -0.000080449 -0.000032787 1.000000000 -0.002002810
1.000000000 -0.000213256 0.000000239 -0.000056256 0.000213256 1.000000000 0.000013422 -0.000066471 -0.000000242 -0.000013422 1.000000000 -0.001927300
0.999999940 0.000211479 0.000171250 -0.001196617 -0.000211507 0.999999940 0.000159827 0.000300734 -0.000171216 -0.000159863 1.000000000 0.001103261
1.000000000 -0.000009642 0.000001746 0.000391860 0.000009641 1.000000000 0.000162198 -0.000218029 -0.000001748 -0.000162198 1.000000000 -0.000935577
0.999999940 -0.000249353 0.000215050 -0.000827884 0.000249352 0.999999940 0.000005072 0.000553046 -0.000215051 -0.000005019 1.000000000 -0.000138272
1.000000000 -0.000131202 0.000163716 -0.000804015 0.000131177 1.000000000 0.000153075 -0.000707249 -0.000163736 -0.000153053 1.000000000 -0.001193137
1.000000000 0.000000846 0.000089102 -0.000399438 -0.000000863 1.000000000 0.000190114 -0.001373627 -0.000089102 -0.000190114 1.000000000 -0.002118399
1.000000000 -0.000085015 0.000138989 -0.000293452 0.000085021 1.000000000 -0.000045354 0.000686272 -0.000138985 0.000045366 1.000000000 -0.001007404
1.000000000 -0.000145004 0.000111855 -0.000203208 0.000145002 1.000000000 0.000015034 0.000372064 -0.000111858 -0.000015018 1.000000000 -0.000720030
1.000000000 0.000096411 0.000093259 0.000066720 -0.000096426 1.000000000 0.000161834 0.000031120 -0.000093243 -0.000161843 1.000000000 -0.001124312
0.999999940 -0.000227637 0.000134221 0.000530721 0.000227641 1.000000000 -0.000026832 0.001687028 -0.000134215 0.000026863 1.000000000 -0.000136603
1.000000000 -0.000113981 0.000093265 -0.000350132 0.000113973 1.000000000 0.000093288 0.001073593 -0.000093276 -0.000093278 1.000000000 0.001082333
1.000000000 -0.000038365 0.000132588 -0.000378111 0.000038362 1.000000000 0.000027763 0.000803341 -0.000132589 -0.000027758 1.000000000 -0.000666014
1.000000000 0.000081790 0.000176978 -0.000974299 -0.000081797 1.000000000 0.000040430 0.000480023 -0.000176975 -0.000040444 1.000000000 -0.000427421
0.999999940 0.000004455 0.000315665 -0.000928227 -0.000004399 1.000000000 -0.000178819 0.001581137 -0.000315665 0.000178817 0.999999940 0.002379982
1.000000000 -0.000097924 0.000177503 0.000870289 0.000098041 0.999999702 -0.000660296 -0.001347196 -0.000177438 0.000660313 0.999999762 0.051517565
1.000000000 -0.000070408 -0.000045018 0.002958175 0.000070351 0.999999106 -0.001269581 -0.003308043 0.000045108 0.001269578 0.999999166 0.139410496
1.000000000 0.000204032 0.000062493 0.003601056 -0.000203942 0.999998927 -0.001444554 -0.006501968 -0.000062787 0.001444541 0.999998927 0.254932791
1.000000000 0.000158496 0.000066864 0.007339530 -0.000158392 0.999998808 -0.001554918 -0.009304601 -0.000067110 0.001554908 0.999998808 0.384082258
0.999999940 0.000227294 0.000068565 0.010057682 -0.000227185 0.999998689 -0.001584080 -0.012958187 -0.000068925 0.001584064 0.999998748 0.521679163
0.999999940 0.000209481 0.000025231 0.012935703 -0.000209440 0.999998689 -0.001635905 -0.018925570 -0.000025574 0.001635900 0.999998689 0.670936644
0.999999940 0.000227007 0.000161259 0.014454866 -0.000226813 0.999999225 -0.001204358 -0.022249980 -0.000161533 0.001204321 0.999999285 0.837658167
1.000000000 0.000159725 0.000057487 0.017077966 -0.000159649 0.999999046 -0.001317501 -0.026247455 -0.000057697 0.001317492 0.999999046 1.008330107
1.000000000 0.000196203 0.000013976 0.023566376 -0.000196189 0.999999404 -0.001046746 -0.030888105 -0.000014181 0.001046743 0.999999464 1.184598565
0.999999940 -0.000356620 -0.000038175 0.030461585 0.000356580 0.999999404 -0.001029575 -0.034962099 0.000038542 0.001029562 0.999999404 1.370609999
0.999999940 0.000341355 0.000156986 0.030565171 -0.000341201 0.999999464 -0.000974917 -0.038485844 -0.000157319 0.000974864 0.999999523 1.563256979
0.999999881 0.000458444 0.000236708 0.033464685 -0.000458223 0.999999464 -0.000935413 -0.040496480 -0.000237136 0.000935305 0.999999523 1.769773602
0.999999762 0.000717892 0.000099283 0.037332639 -0.000717814 0.999999464 -0.000783523 -0.049412929 -0.000099845 0.000783452 0.999999702 1.963208795
0.999999464 0.000768181 0.000793659 0.038272142 -0.000767744 0.999999583 -0.000551152 -0.057945613 -0.000794082 0.000550542 0.999999583 2.168721914
0.999999702 0.000137218 0.000672015 0.037019093 -0.000136758 0.999999762 -0.000684828 -0.057140633 -0.000672109 0.000684736 0.999999523 2.386771202
0.999999344 -0.000578662 0.000914122 0.042885978 0.000578744 0.999999821 -0.000089624 -0.078963272 -0.000914070 0.000090153 0.999999523 2.596801281
0.999999344 -0.000572004 0.000903945 0.048306536 0.000571962 0.999999762 0.000046361 -0.084691934 -0.000903971 -0.000045844 0.999999583 2.833773375
0.999999821 -0.000171597 0.000413713 0.059940841 0.000171531 1.000000000 0.000158843 -0.092740975 -0.000413741 -0.000158772 0.999999881 3.053759336
0.999999821 0.000170111 0.000402861 0.068607949 -0.000169972 0.999999940 -0.000346727 -0.094146430 -0.000402920 0.000346658 0.999999881 3.318575859
0.999999285 0.000690331 0.001000474 0.063923717 -0.000689721 0.999999583 -0.000609555 -0.094506077 -0.001000894 0.000608865 0.999999225 3.555111647
0.999999702 0.000045282 0.000758985 0.069065541 -0.000044489 0.999999464 -0.001044125 -0.097398639 -0.000759033 0.001044091 0.999999106 3.807698727
0.999999821 -0.000124478 0.000542707 0.077266589 0.000124852 0.999999762 -0.000688415 -0.109936483 -0.000542621 0.000688483 0.999999642 4.072089672
0.999998450 0.001501097 0.000893050 0.071851589 -0.001501083 0.999998868 -0.000016251 -0.125820875 -0.000893073 0.000014910 0.999999583 4.307646751
0.999998987 0.001149691 0.000795326 0.078299291 -0.001149456 0.999999344 -0.000295408 -0.130179420 -0.000795665 0.000294494 0.999999642 4.563329220
0.999999762 -0.000291711 0.000625573 0.081469670 0.000292006 0.999999821 -0.000470896 -0.122900926 -0.000625435 0.000471079 0.999999702 4.808276653
0.999998927 0.000895309 0.001147519 0.085407823 -0.000894986 0.999999583 -0.000281739 -0.137193948 -0.001147771 0.000280712 0.999999285 5.076518059
0.999998927 0.000479706 0.001353781 0.087349318 -0.000479344 0.999999881 -0.000267222 -0.144451857 -0.001353909 0.000266573 0.999999046 5.336774349
0.999998510 0.000704658 0.001533053 0.094078004 -0.000704120 0.999999642 -0.000351483 -0.152642280 -0.001533300 0.000350403 0.999998748 5.598504066
0.999999464 -0.000077089 0.001002704 0.103612080 0.000076864 0.999999940 0.000224730 -0.164734870 -0.001002721 -0.000224653 0.999999464 5.868127823
0.999999404 -0.000037131 0.001106595 0.112351589 0.000036861 1.000000000 0.000243998 -0.172838315 -0.001106604 -0.000243957 0.999999285 6.140337467
0.999999225 0.000853165 0.000900751 0.116876855 -0.000853281 0.999999642 0.000128937 -0.186823756 -0.000900641 -0.000129705 0.999999583 6.409142017
0.999999583 0.000648371 0.000675788 0.116971366 -0.000648042 0.999999642 -0.000486814 -0.183502495 -0.000676104 0.000486376 0.999999642 6.688925266
0.999999523 0.000452941 0.000976564 0.120493956 -0.000452695 0.999999821 -0.000252120 -0.196076721 -0.000976678 0.000251678 0.999999523 6.982114792
0.999999046 0.001092838 0.000847596 0.132317245 -0.001092784 0.999999404 -0.000064179 -0.205945045 -0.000847666 0.000063252 0.999999642 7.311321259
0.999998391 0.001070815 0.001426974 0.133953691 -0.001070664 0.999999523 -0.000106906 -0.221574768 -0.001427087 0.000105379 0.999998987 7.601446629
0.999999106 0.000631996 0.001142122 0.143752024 -0.000632415 0.999999762 0.000367018 -0.232282698 -0.001141890 -0.000367740 0.999999285 7.916729450
0.999997973 0.000996427 0.001745198 0.146796077 -0.000996310 0.999999464 -0.000067864 -0.235301703 -0.001745264 0.000066125 0.999998450 8.240234375
0.999997675 0.001180681 0.001803595 0.149004981 -0.001179383 0.999998987 -0.000720461 -0.236514449 -0.001804444 0.000718332 0.999998093 8.566129684
0.999997914 0.000559771 0.001921667 0.156996563 -0.000561711 0.999999285 0.001008775 -0.261317313 -0.001921101 -0.001009852 0.999997616 8.895047188
0.999997973 0.001005372 0.001751482 0.164412528 -0.001006032 0.999999404 0.000375588 -0.269090146 -0.001751103 -0.000377349 0.999998391 9.230668068
0.999998927 0.000597229 0.001356398 0.176180258 -0.000597425 0.999999762 0.000144005 -0.278545558 -0.001356312 -0.000144815 0.999998987 9.576812744
0.999998987 0.000852576 0.001135773 0.186111614 -0.000852839 0.999999523 0.000231168 -0.287903428 -0.001135576 -0.000232136 0.999999285 9.913099289
0.999999464 -0.000188332 0.000948268 0.196322858 0.000187397 0.999999464 0.000985197 -0.304892391 -0.000948453 -0.000985019 0.999999046 10.253608704
0.999998093 0.001028432 0.001666864 0.195468992 -0.001028936 0.999999404 0.000301676 -0.305098385 -0.001666553 -0.000303391 0.999998569 10.615723610
0.999998629 0.000590597 0.001554439 0.202948600 -0.000591008 0.999999762 0.000264070 -0.317924440 -0.001554283 -0.000264988 0.999998748 10.976366043
0.999997854 0.000853205 0.001879788 0.207950607 -0.000853633 0.999999583 0.000226354 -0.331228256 -0.001879594 -0.000227958 0.999998212 11.352222443
0.999998510 0.000696225 0.001590263 0.225499645 -0.000696669 0.999999702 0.000279020 -0.338011444 -0.001590068 -0.000280127 0.999998689 11.741083145
0.999997854 0.000997476 0.001777930 0.225908518 -0.000999056 0.999999106 0.000887906 -0.358810931 -0.001777043 -0.000889680 0.999997973 12.117973328
0.999997377 0.000603347 0.002197221 0.236314639 -0.000603394 0.999999821 0.000020900 -0.359859169 -0.002197208 -0.000022226 0.999997556 12.512208939
0.999997497 0.000773936 0.002090511 0.235385418 -0.000774275 0.999999702 0.000161291 -0.370502383 -0.002090385 -0.000162909 0.999997795 12.886012077
0.999997139 0.001300352 0.001974002 0.252373755 -0.001300282 0.999999106 -0.000036752 -0.378307998 -0.001974048 0.000034185 0.999998033 13.288101196
0.999996543 0.001056831 0.002391024 0.260335565 -0.001056521 0.999999404 -0.000130961 -0.389921784 -0.002391161 0.000128434 0.999997139 13.701243401
0.999996006 0.001258550 0.002536081 0.268204361 -0.001258119 0.999999166 -0.000171221 -0.401405662 -0.002536295 0.000168029 0.999996781 14.105452538
0.999997318 0.000692465 0.002275963 0.283856243 -0.000691781 0.999999702 -0.000300921 -0.412818044 -0.002276171 0.000299346 0.999997318 14.525782585
0.999995708 0.000813203 0.002813738 0.286809832 -0.000814193 0.999999583 0.000350839 -0.436780632 -0.002813452 -0.000353129 0.999996006 14.936091423
0.999995470 0.001149010 0.002754887 0.301805854 -0.001148047 0.999999285 -0.000351034 -0.438216746 -0.002755288 0.000347870 0.999996126 15.371218681
0.999994993 0.001328058 0.002919936 0.312872559 -0.001328278 0.999999046 0.000073254 -0.457759112 -0.002919837 -0.000077132 0.999995708 15.802727699
0.999995410 0.000798299 0.002919113 0.329067320 -0.000797678 0.999999642 -0.000214029 -0.464378804 -0.002919283 0.000211700 0.999995708 16.249986649
0.999995470 0.000500937 0.002968858 0.337003738 -0.000500560 1.000000000 -0.000127819 -0.476054668 -0.002968922 0.000126332 0.999995589 16.692081451
0.999990702 0.001254861 0.004122565 0.338237375 -0.001255618 0.999999166 0.000181078 -0.493629396 -0.004122335 -0.000186253 0.999991417 17.147277832
0.999992788 0.001090835 0.003644308 0.355733484 -0.001091347 0.999999404 0.000138314 -0.504040062 -0.003644155 -0.000142291 0.999993324 17.594663620
0.999993980 0.000857112 0.003371189 0.371339351 -0.000858593 0.999999464 0.000437848 -0.520593524 -0.003370812 -0.000440739 0.999994218 18.066101074
0.999988556 0.000592885 0.004752986 0.370091289 -0.000593613 0.999999762 0.000151691 -0.531555951 -0.004752895 -0.000154510 0.999988616 18.509738922
0.999991059 0.000031688 0.004251277 0.384725302 -0.000034354 0.999999881 0.000627212 -0.549498558 -0.004251257 -0.000627353 0.999990702 18.967046738
0.999987483 0.001099137 0.004881787 0.394717753 -0.001098888 0.999999404 -0.000053539 -0.556266665 -0.004881843 0.000048174 0.999988079 19.484457016
0.999989152 0.001677406 0.004342890 0.415904552 -0.001676518 0.999998569 -0.000208044 -0.563343465 -0.004343233 0.000200760 0.999990463 19.954177856
0.999991715 0.001106792 0.003914360 0.420914024 -0.001106713 0.999999404 -0.000022162 -0.585268319 -0.003914382 0.000017830 0.999992311 20.445676804
0.999991298 0.000997372 0.004035734 0.433747143 -0.000999282 0.999999404 0.000471251 -0.605299294 -0.004035261 -0.000475280 0.999991775 20.930490494
0.999992728 0.000890214 0.003712589 0.438291013 -0.000890767 0.999999583 0.000147213 -0.608128130 -0.003712457 -0.000150519 0.999993086 21.438013077
0.999991834 0.001217765 0.003842234 0.438992620 -0.001221302 0.999998808 0.000918235 -0.642255485 -0.003841111 -0.000922920 0.999992192 21.919778824
0.999995947 0.000740667 0.002756687 0.458455473 -0.000741949 0.999999642 0.000464329 -0.644250333 -0.002756342 -0.000466372 0.999996066 22.437297821
0.999996185 0.000690928 0.002658918 0.461472034 -0.000691891 0.999999702 0.000361160 -0.662090123 -0.002658667 -0.000362999 0.999996364 22.935293198
0.999998629 0.000312179 0.001594831 0.475517899 -0.000312148 0.999999881 -0.000019618 -0.673430979 -0.001594837 0.000019120 0.999998748 23.445184708
0.999999106 -0.001038724 0.000850015 0.482198656 0.001038318 0.999999344 0.000477926 -0.699928641 -0.000850511 -0.000477043 0.999999523 23.954290390
0.999999225 0.000727114 0.000993363 0.482237369 -0.000727498 0.999999642 0.000385906 -0.709794819 -0.000993082 -0.000386628 0.999999404 24.484035492
0.999999762 0.000559244 0.000074023 0.497582436 -0.000559282 0.999999702 0.000519427 -0.723412573 -0.000073732 -0.000519469 0.999999821 25.015232086
0.999999404 0.000405593 -0.000945872 0.509639561 -0.000405083 0.999999702 0.000539815 -0.736493886 0.000946091 -0.000539431 0.999999404 25.556015015
0.999998510 0.000607948 -0.001573807 0.518047333 -0.000606931 0.999999583 0.000646265 -0.752441347 0.001574200 -0.000645309 0.999998569 26.102327347
0.999998152 -0.000176277 -0.001870326 0.532343209 0.000177013 0.999999881 0.000393406 -0.754892290 0.001870256 -0.000393736 0.999998152 26.688949585
0.999995470 -0.001288911 -0.002719070 0.539379716 0.001291585 0.999998629 0.000982128 -0.784004688 0.002717801 -0.000985636 0.999995768 27.206893921
0.999996185 -0.000417863 -0.002729217 0.543971479 0.000418934 0.999999821 0.000392128 -0.795794368 0.002729053 -0.000393269 0.999996185 27.732452393
0.999992013 -0.000657094 -0.003943732 0.559440076 0.000662408 0.999998868 0.001346435 -0.818909228 0.003942842 -0.001349037 0.999991298 28.271631241
0.999991775 -0.000025064 -0.004040174 0.567765534 0.000031223 0.999998748 0.001524541 -0.838053823 0.004040131 -0.001524654 0.999990702 28.814573288
0.999990404 -0.000307302 -0.004363795 0.572450638 0.000313357 0.999998927 0.001387001 -0.855087578 0.004363365 -0.001388355 0.999989510 29.356237411
0.999987602 -0.000386690 -0.004960713 0.583411813 0.000392617 0.999999225 0.001193720 -0.868412733 0.004960248 -0.001195653 0.999987006 29.879730225
0.999989033 -0.000495690 -0.004676454 0.592813849 0.000501730 0.999999046 0.001290563 -0.887736678 0.004675811 -0.001292896 0.999988258 30.418678284
0.999985099 -0.000097319 -0.005462834 0.604599237 0.000106056 0.999998689 0.001599056 -0.898105562 0.005462672 -0.001599611 0.999983788 30.984029770
0.999985158 -0.000168320 -0.005450799 0.606848717 0.000174777 0.999999225 0.001184014 -0.908420265 0.005450596 -0.001184949 0.999984443 31.530042648
0.999981880 -0.000463823 -0.005990485 0.617781639 0.000469406 0.999999464 0.000930688 -0.928943932 0.005990048 -0.000933484 0.999981642 32.087146759
0.999979138 -0.001072338 -0.006366234 0.623971045 0.001078595 0.999998868 0.000979545 -0.944822133 0.006365176 -0.000986391 0.999979198 32.627841949
0.999979377 -0.000795354 -0.006367185 0.621172369 0.000800778 0.999999344 0.000849422 -0.959850729 0.006366504 -0.000854503 0.999979377 33.176704407
0.999974549 -0.000827860 -0.007079049 0.634222865 0.000836243 0.999998868 0.001181309 -0.979919374 0.007078065 -0.001187199 0.999974251 33.710048676
0.999973118 -0.001053548 -0.007258460 0.639436007 0.001060883 0.999998927 0.001006767 -0.993092656 0.007257391 -0.001014440 0.999973118 34.250072479
0.999969661 -0.001342128 -0.007675292 0.648238063 0.001348400 0.999998689 0.000812006 -1.006793499 0.007674191 -0.000822331 0.999970198 34.798393250
0.999969661 -0.001650363 -0.007631889 0.659045160 0.001659627 0.999998033 0.001207714 -1.027108550 0.007629881 -0.001220344 0.999970138 35.327037811
0.999970257 -0.001475138 -0.007565812 0.662108064 0.001479810 0.999998689 0.000612003 -1.032837152 0.007564899 -0.000623181 0.999971151 35.903202057
0.999969482 -0.001683694 -0.007617757 0.666136801 0.001686993 0.999998510 0.000426629 -1.048639297 0.007617027 -0.000439467 0.999970853 36.452037811
0.999967277 -0.001984345 -0.007834620 0.669690311 0.001989627 0.999997735 0.000666450 -1.063372374 0.007833279 -0.000682016 0.999969065 36.996433258
0.999967217 -0.001319104 -0.007985578 0.672885656 0.001321422 0.999999046 0.000284960 -1.074558735 0.007985196 -0.000295503 0.999967992 37.545658112
0.999969482 -0.000996820 -0.007765473 0.673041224 0.000997318 0.999999523 0.000060306 -1.087192297 0.007765410 -0.000068049 0.999969840 38.092670441
0.999971449 -0.000900390 -0.007505383 0.681397319 0.000903456 0.999999523 0.000405144 -1.105427265 0.007505015 -0.000411913 0.999971688 38.642807007
0.999965787 -0.001340356 -0.008163825 0.691830337 0.001340221 0.999999106 -0.000021930 -1.118734956 0.008163848 0.000010988 0.999966681 39.197994232
0.999967575 -0.001694728 -0.007872371 0.701626778 0.001698672 0.999998450 0.000494280 -1.135347962 0.007871523 -0.000507637 0.999968886 39.734840393
0.999970436 -0.000877647 -0.007631830 0.710842788 0.000876600 0.999999583 -0.000140470 -1.143934608 0.007631950 0.000133776 0.999970853 40.283538818
0.999963820 -0.000748451 -0.008474647 0.718435943 0.000747961 0.999999642 -0.000061113 -1.163214803 0.008474691 0.000054772 0.999964058 40.822566986
0.999961674 -0.001121040 -0.008683432 0.723662138 0.001121037 0.999999344 -0.000005195 -1.178216219 0.008683432 -0.000004540 0.999962270 41.371089935
0.999965250 -0.000513660 -0.008317539 0.715595603 0.000513032 0.999999881 -0.000077628 -1.200123906 0.008317580 0.000073358 0.999965429 41.910442352
0.999957323 -0.000752482 -0.009208509 0.739280224 0.000751882 0.999999642 -0.000068620 -1.208900332 0.009208558 0.000061693 0.999957621 42.476150513
0.999962807 0.000294988 -0.008622165 0.733283103 -0.000295877 0.999999940 -0.000101727 -1.220864177 0.008622136 0.000104274 0.999962807 43.030281067
0.999961197 -0.000328486 -0.008800168 0.737749517 0.000329418 0.999999940 0.000104521 -1.241233826 0.008800132 -0.000107416 0.999961257 43.556549072
0.999957502 -0.001312783 -0.009127904 0.747403860 0.001313538 0.999999046 0.000076642 -1.253444791 0.009127794 -0.000088629 0.999958336 44.097129822
0.999959886 -0.000397854 -0.008944428 0.755013585 0.000398580 0.999999881 0.000079383 -1.272369266 0.008944394 -0.000082945 0.999960005 44.642040253
0.999965906 -0.000100566 -0.008271604 0.757821321 0.000094460 0.999999702 -0.000738667 -1.274848938 0.008271676 0.000737860 0.999965489 45.209239960
0.999962091 -0.000647191 -0.008673666 0.766950607 0.000641023 0.999999464 -0.000713877 -1.292466640 0.008674125 0.000708290 0.999962151 45.755409241
0.999963999 -0.000604178 -0.008457601 0.770962834 0.000599163 0.999999642 -0.000595439 -1.307209611 0.008457959 0.000590350 0.999964058 46.304992676
0.999966979 0.000334068 -0.008122515 0.771223068 -0.000340288 0.999999762 -0.000764390 -1.318070650 0.008122256 0.000767129 0.999966681 46.854145050
0.999966919 -0.000092576 -0.008134604 0.774779201 0.000086417 0.999999702 -0.000757525 -1.326840281 0.008134671 0.000756797 0.999966562 47.425697327
0.999968469 0.000119814 -0.007942678 0.781402469 -0.000126159 0.999999702 -0.000798384 -1.345377684 0.007942581 0.000799361 0.999968112 47.977821350
0.999965370 0.000447405 -0.008308927 0.793224812 -0.000455471 0.999999404 -0.000968916 -1.355463862 0.008308488 0.000972667 0.999965012 48.528575897
0.999973238 0.000327150 -0.007296499 0.791152358 -0.000333928 0.999999642 -0.000927703 -1.377368689 0.007296193 0.000930115 0.999972939 49.075439453
0.999970317 0.000802417 -0.007663914 0.812536955 -0.000803396 0.999999642 -0.000124592 -1.400445700 0.007663812 0.000130746 0.999970615 49.622257233
0.999970675 0.000506598 -0.007633190 0.816389680 -0.000506630 0.999999881 -0.000002324 -1.412182450 0.007633187 0.000006191 0.999970853 50.166572571
0.999973059 0.000847377 -0.007289590 0.821971297 -0.000849111 0.999999583 -0.000234767 -1.428549409 0.007289388 0.000240951 0.999973357 50.720539093
0.999974489 0.001265298 -0.007026316 0.832745373 -0.001268457 0.999999046 -0.000445139 -1.445741534 0.007025747 0.000454040 0.999975145 51.277778625
0.999968231 0.000212267 -0.007967627 0.849267960 -0.000219192 0.999999583 -0.000868233 -1.454246044 0.007967439 0.000869952 0.999967873 51.823047638
0.999978542 0.001263969 -0.006424601 0.841352940 -0.001267596 0.999998987 -0.000560520 -1.477885246 0.006423885 0.000568652 0.999979198 52.358974457
0.999978364 0.001131935 -0.006479803 0.851652145 -0.001133038 0.999999344 -0.000166623 -1.496755958 0.006479610 0.000173961 0.999979019 52.897979736
0.999980271 0.001590575 -0.006074160 0.853965819 -0.001593664 0.999998629 -0.000503909 -1.514938235 0.006073351 0.000513580 0.999981403 53.428680420
0.999980807 0.002043106 -0.005843973 0.859757602 -0.002046132 0.999997735 -0.000511682 -1.532650113 0.005842915 0.000523630 0.999982774 53.964679718
0.999980152 0.002349089 -0.005846883 0.863554180 -0.002348620 0.999997258 0.000086919 -1.554983735 0.005847071 -0.000073185 0.999982893 54.498542786
0.999982357 0.001754790 -0.005674392 0.877096415 -0.001756457 0.999998391 -0.000288898 -1.567758441 0.005673876 0.000298859 0.999983847 55.048057556
0.999983430 0.002227853 -0.005311924 0.883171797 -0.002226600 0.999997497 0.000241774 -1.589156389 0.005312449 -0.000229942 0.999985874 55.595344543
0.999983072 0.002220562 -0.005375177 0.889177203 -0.002219984 0.999997556 0.000113586 -1.602551937 0.005375416 -0.000101652 0.999985516 56.147575378
0.999980092 0.002516636 -0.005783797 0.895744443 -0.002519667 0.999996722 -0.000516756 -1.613925219 0.005782478 0.000531319 0.999983132 56.706825256
0.999987245 0.002372703 -0.004444426 0.896483958 -0.002377186 0.999996662 -0.001003506 -1.615485191 0.004442030 0.001014058 0.999989569 57.262382507
0.999985337 0.002878134 -0.004587505 0.908460259 -0.002878956 0.999995828 -0.000172393 -1.642600775 0.004586990 0.000185598 0.999989450 57.801357269
0.999980927 0.002026403 -0.005835986 0.927506208 -0.002033662 0.999997139 -0.001238266 -1.649746656 0.005833460 0.001250111 0.999982178 58.359130859
0.999982476 0.002031070 -0.005561057 0.926487982 -0.002038903 0.999996960 -0.001403235 -1.662053108 0.005558190 0.001414549 0.999983549 58.912071228
0.999979079 0.002659795 -0.005900338 0.934378505 -0.002668068 0.999995470 -0.001394687 -1.680017352 0.005896603 0.001410400 0.999981642 59.453525543
0.999981344 0.002821415 -0.005443008 0.938065112 -0.002830465 0.999994636 -0.001655704 -1.692262530 0.005438308 0.001671079 0.999983728 60.002124786
0.999978840 0.002395171 -0.006046633 0.950134635 -0.002404839 0.999995828 -0.001592044 -1.707130909 0.006042795 0.001606551 0.999980450 60.563392639
0.999979258 0.002795569 -0.005789182 0.957398057 -0.002808365 0.999993622 -0.002203310 -1.719865322 0.005782984 0.002219523 0.999980807 61.110622406
0.999977350 0.003322331 -0.005850757 0.963311911 -0.003333300 0.999992728 -0.001866128 -1.739759207 0.005844514 0.001885589 0.999981165 61.657287598
0.999980152 0.004473438 -0.004418274 0.939057469 -0.004482616 0.999987841 -0.002069437 -1.746220708 0.004408963 0.002089202 0.999988079 62.251422882
0.999980867 0.004336374 -0.004411947 0.952154875 -0.004344461 0.999988914 -0.001824996 -1.776330709 0.004403985 0.001844129 0.999988616 62.756649017
0.999982536 0.004265568 -0.004091054 0.953759789 -0.004273443 0.999989033 -0.001918225 -1.788236976 0.004082828 0.001935675 0.999989808 63.313087463
0.999979138 0.004713566 -0.004422161 0.964391828 -0.004720400 0.999987602 -0.001536425 -1.811930776 0.004414864 0.001557267 0.999989033 63.862274170
0.999983609 0.003806025 -0.004283644 0.974551439 -0.003814532 0.999990702 -0.001979519 -1.823516011 0.004276070 0.001995826 0.999988854 64.417160034
0.999981463 0.004269463 -0.004323701 0.982439041 -0.004276894 0.999989390 -0.001710712 -1.844424725 0.004316351 0.001729172 0.999989212 64.964843750
0.999982119 0.004496993 -0.003935366 0.986949086 -0.004503754 0.999988317 -0.001710642 -1.862419605 0.003927628 0.001728335 0.999990821 65.517662048
0.999984920 0.004113713 -0.003623745 0.992303371 -0.004117031 0.999991119 -0.000908466 -1.882686019 0.003619976 0.000923371 0.999993026 66.068115234
0.999982595 0.004319701 -0.004018268 1.002435088 -0.004324514 0.999989927 -0.001189827 -1.896869421 0.004013088 0.001207183 0.999991238 66.623283386
0.999982476 0.004366685 -0.004033262 1.017148137 -0.004372249 0.999989510 -0.001371746 -1.914237499 0.004027230 0.001389356 0.999990940 67.169273376
0.999981761 0.004864008 -0.003579733 1.017997265 -0.004870437 0.999986470 -0.001789279 -1.925736070 0.003570982 0.001806681 0.999992013 67.719886780
0.999982297 0.004755842 -0.003574314 1.029002666 -0.004761395 0.999987483 -0.001546440 -1.950102091 0.003566915 0.001563431 0.999992371 68.264610291
0.999979556 0.005432261 -0.003401968 1.040029049 -0.005437755 0.999983907 -0.001607690 -1.966545820 0.003393181 0.001626156 0.999992907 68.814262390
0.999980986 0.005007891 -0.003597046 1.044137359 -0.005012109 0.999986887 -0.001164754 -1.990070939 0.003591165 0.001182761 0.999992847 69.357185364
0.999979556 0.005517499 -0.003229817 1.049969196 -0.005522166 0.999983728 -0.001438100 -2.007026911 0.003221830 0.001455907 0.999993742 69.912796021
0.999978900 0.005384103 -0.003611493 1.065907478 -0.005388118 0.999984801 -0.001102507 -2.026455164 0.003605503 0.001121943 0.999992788 70.461494446
0.999980152 0.005132676 -0.003645542 1.074786782 -0.005136616 0.999986231 -0.001072371 -2.046498775 0.003639988 0.001091076 0.999992728 71.006553650
0.999980927 0.005256685 -0.003244885 1.078960419 -0.005261396 0.999985218 -0.001444692 -2.057796001 0.003237243 0.001461737 0.999993682 71.556236267
0.999978364 0.005798923 -0.003106563 1.082728624 -0.005802996 0.999982297 -0.001303584 -2.075441360 0.003098949 0.001321584 0.999994278 72.101303101
0.999977589 0.006082687 -0.002787257 1.082936049 -0.006085307 0.999981046 -0.000932808 -2.097043514 0.002781531 0.000949748 0.999995649 72.640922546
0.999979377 0.005777503 -0.002809535 1.103221178 -0.005780944 0.999982536 -0.001217800 -2.109303474 0.002802450 0.001234016 0.999995291 73.191238403
0.999979377 0.005613470 -0.003119997 1.113602638 -0.005616338 0.999983728 -0.000910986 -2.126732588 0.003114833 0.000928491 0.999994695 73.731178284
0.999978960 0.005611441 -0.003255613 1.125354886 -0.005614555 0.999983788 -0.000948159 -2.146663666 0.003250240 0.000966418 0.999994218 74.265457153
0.999975860 0.006102758 -0.003330428 1.139508843 -0.006105297 0.999981105 -0.000752937 -2.161231518 0.003325771 0.000773252 0.999994159 74.811119080
0.999975741 0.006006304 -0.003535543 1.151980162 -0.006009498 0.999981523 -0.000893382 -2.178964615 0.003530111 0.000914608 0.999993324 75.356697083
0.999976695 0.001856788 -0.006572899 1.218027353 -0.001860124 0.999998152 -0.000501467 -2.213396788 0.006571956 0.000513682 0.999978244 75.913002014
0.999977827 0.003223910 -0.005823916 1.221109033 -0.003226091 0.999994695 -0.000365110 -2.235626459 0.005822708 0.000383891 0.999982953 76.440872192
0.999977887 0.003394491 -0.005713427 1.233363867 -0.003397911 0.999994040 -0.000588847 -2.252955914 0.005711395 0.000608248 0.999983490 76.997314453
0.999979138 0.002764059 -0.005835918 1.248267174 -0.002767122 0.999996066 -0.000516735 -2.270537853 0.005834466 0.000532873 0.999982834 77.537094116
0.999975979 0.003492082 -0.005984762 1.249045730 -0.003492255 0.999993920 -0.000018518 -2.285493135 0.005984661 0.000039417 0.999982119 78.066574097
0.999977946 0.003312324 -0.005741633 1.252797842 -0.003316049 0.999994278 -0.000639277 -2.298680067 0.005739483 0.000658302 0.999983311 78.606758118
0.999978185 0.003355874 -0.005678818 1.263057709 -0.003362226 0.999993682 -0.001109442 -2.305911064 0.005675058 0.001128511 0.999983251 79.151817322
0.999979913 0.003788366 -0.005084945 1.259708643 -0.003795076 0.999991953 -0.001310731 -2.319539547 0.005079939 0.001330002 0.999986231 79.704956055
0.999978006 0.003800035 -0.005431761 1.280048370 -0.003802660 0.999992669 -0.000472920 -2.348272324 0.005429924 0.000493565 0.999985158 80.226280212
0.999979794 0.004443911 -0.004528980 1.285540938 -0.004445250 0.999990106 -0.000285609 -2.365616083 0.004527665 0.000305736 0.999989688 80.771827698
0.999985039 0.003879531 -0.003863195 1.298364401 -0.003880180 0.999992430 -0.000160368 -2.379621744 0.003862544 0.000175355 0.999992549 81.333541870
0.999988496 0.004292116 -0.002145848 1.306770325 -0.004293275 0.999990642 -0.000535727 -2.394992352 0.002143529 0.000544933 0.999997497 81.865417480
0.999989629 0.004373879 -0.001231033 1.323295116 -0.004374275 0.999990404 -0.000318698 -2.413976669 0.001229628 0.000324079 0.999999166 82.421287537
0.999991655 0.003468570 0.002204230 1.344957352 -0.003466668 0.999993622 -0.000865818 -2.428380966 -0.002207219 0.000858169 0.999997199 82.971107483
0.999979079 0.003401612 0.005496372 1.353973150 -0.003394603 0.999993443 -0.001284105 -2.421847105 -0.005500703 0.001265420 0.999984086 83.488563538
0.999950528 0.004174566 0.009018848 1.371634483 -0.004168253 0.999991059 -0.000718606 -2.450044870 -0.009021767 0.000680978 0.999958992 84.052284241
0.999893606 0.004070069 0.014005486 1.391947269 -0.004076850 0.999991536 0.000455631 -2.481133461 -0.014003514 -0.000512681 0.999901831 84.594993591
0.999797225 0.003706808 0.019788221 1.417018294 -0.003699948 0.999993086 -0.000383274 -2.478256464 -0.019789504 0.000309981 0.999804080 85.127395630
0.999674857 0.004340482 0.025123810 1.445648432 -0.004309795 0.999989927 -0.001275455 -2.485587120 -0.025129095 0.001166763 0.999683559 85.674209595
0.999522567 0.003339036 0.030715786 1.483663797 -0.003299288 0.999993682 -0.001344652 -2.499560833 -0.030720081 0.001242670 0.999527276 86.207885742
0.999211729 0.003187111 0.039568961 1.514350414 -0.003163950 0.999994755 -0.000647939 -2.518883944 -0.039570812 0.000522234 0.999216557 86.757835388
0.998870552 0.003059822 0.047415823 1.562128544 -0.003009666 0.999994755 -0.001129138 -2.531783342 -0.047419030 0.000985158 0.998874605 87.296730042
0.998476863 0.003596446 0.055053879 1.595709801 -0.003518680 0.999992669 -0.001509396 -2.544400930 -0.055058897 0.001313380 0.998482168 87.833770752
0.997901797 0.004067300 0.064617552 1.642978668 -0.003992892 0.999991238 -0.001280615 -2.565057039 -0.064622179 0.001019917 0.997909307 88.357833862
0.997219622 0.004433520 0.074386850 1.710261822 -0.004428229 0.999990165 -0.000236065 -2.585621357 -0.074387185 -0.000093994 0.997229457 88.901283264
0.996579945 0.003054257 0.082577884 1.775444508 -0.002980463 0.999995053 -0.001016877 -2.590342045 -0.082580589 0.000767279 0.996584058 89.453514099
0.995918095 0.003206364 0.090205908 1.842090607 -0.003040499 0.999993443 -0.001976095 -2.598898411 -0.090211667 0.001693758 0.995921195 90.009460449
0.994878709 0.001763470 0.101060659 1.926063538 -0.001487679 0.999994934 -0.002804264 -2.601998329 -0.101065099 0.002639557 0.994876325 90.573295593
0.993807256 0.002087852 0.111098133 2.008120537 -0.001909087 0.999996722 -0.001715421 -2.627794743 -0.111101337 0.001492701 0.993807971 91.102279663
0.992715001 0.000479832 0.120485328 2.094982147 -0.000160893 0.999996483 -0.002656833 -2.635102510 -0.120486163 0.002618093 0.992711544 91.655075073
0.991341770 0.000883462 0.131304085 2.188207626 -0.000514368 0.999995828 -0.002844875 -2.647645712 -0.131306067 0.002752705 0.991338015 92.193214417
0.989610493 0.001261238 0.143768996 2.280177116 -0.001017815 0.999997914 -0.001766689 -2.670315266 -0.143770933 0.001602004 0.989609659 92.745178223
0.988051832 -0.000400656 0.154121548 2.390821457 0.000861126 0.999995351 -0.002920958 -2.683617115 -0.154119670 0.003018776 0.988047600 93.268661499
0.986435950 -0.000536987 0.164145842 2.505455017 0.001047060 0.999994874 -0.003020930 -2.700371742 -0.164143369 0.003151824 0.986431479 93.795753479
0.984268665 -0.000471979 0.176677600 2.624675751 0.000980952 0.999995530 -0.002793468 -2.719492435 -0.176675543 0.002922836 0.984264791 94.327453613
0.981923103 -0.000864553 0.189278379 2.748029709 0.001343396 0.999996185 -0.002401554 -2.735713005 -0.189275593 0.002612417 0.981920540 94.857772827
0.979926169 -0.001191292 0.199357286 2.873192787 0.001697498 0.999995768 -0.002368288 -2.752089024 -0.199353591 0.002659156 0.979924023 95.376953125
0.977173507 -0.001663378 0.212435916 3.009632111 0.002307352 0.999993443 -0.002783501 -2.770536184 -0.212429911 0.003210128 0.977171004 95.908462524
0.974159598 -0.001552091 0.225855500 3.152839661 0.002183480 0.999994397 -0.002545770 -2.784585953 -0.225850224 0.002973137 0.974157512 96.433242798
0.971539676 -0.001771115 0.236870170 3.292005539 0.002362747 0.999994755 -0.002213861 -2.802448273 -0.236865044 0.002710518 0.971538782 96.951942444
0.968504667 -0.001913732 0.248987824 3.448101044 0.002460435 0.999995291 -0.001884511 -2.818869591 -0.248983040 0.002437776 0.968504786 97.449264526
0.964754283 -0.001183139 0.263149649 3.614719391 0.001700530 0.999996960 -0.001738397 -2.843021870 -0.263146877 0.002124619 0.964753449 97.985015869
0.961220801 -0.001361870 0.275776714 3.786989212 0.002087611 0.999995053 -0.002338096 -2.854555607 -0.275772184 0.002823140 0.961218834 98.511695862
0.958030403 -0.002080638 0.286659002 3.972686768 0.002588114 0.999995649 -0.001391420 -2.878947735 -0.286654860 0.002074928 0.958031654 99.031051636
0.953647971 -0.002360957 0.300915211 4.148464203 0.003012342 0.999994040 -0.001700715 -2.887891293 -0.300909460 0.002528343 0.953649342 99.555442810
0.949418128 -0.002825466 0.314001828 4.351776123 0.003474897 0.999992847 -0.001508542 -2.903400421 -0.313995451 0.002523362 0.949421167 100.060333252
0.945519984 -0.003181461 0.325548261 4.540725708 0.003943556 0.999990761 -0.001681105 -2.915692568 -0.325539917 0.002873336 0.945523918 100.562675476
0.940694809 -0.002610698 0.339243650 4.747625351 0.003584570 0.999991059 -0.002244147 -2.926023960 -0.339234769 0.003327101 0.940695882 101.093887329
0.935485542 -0.003268560 0.353349745 4.963626862 0.003892926 0.999991834 -0.001056297 -2.959243059 -0.353343487 0.002363715 0.935490668 101.594879150
0.931006193 -0.003981622 0.364981532 5.188199997 0.004864855 0.999987066 -0.001500459 -2.964276314 -0.364970863 0.003172519 0.931013525 102.101455688
0.926421523 -0.004847578 0.376456708 5.413785934 0.005818512 0.999981999 -0.001442142 -2.982781887 -0.376442969 0.003526450 0.926433086 102.585258484
0.920593739 -0.004397886 0.390496910 5.651000977 0.005399629 0.999984324 -0.001467484 -2.994892836 -0.390484393 0.003459495 0.920603037 103.067985535
0.914794505 -0.004837945 0.403890520 5.893127441 0.005812751 0.999982417 -0.001187483 -3.011038065 -0.403877646 0.003434018 0.914806545 103.555183411
0.909711242 -0.005297564 0.415207684 6.131401062 0.006264631 0.999979913 -0.000967099 -3.028503895 -0.415194213 0.003480904 0.909726143 104.048881531
0.903554618 -0.006003665 0.428430915 6.384601593 0.007037648 0.999974906 -0.000829502 -3.045229197 -0.428415179 0.003764647 0.903574169 104.526840210
0.897021413 -0.005839682 0.441948533 6.661376953 0.006983949 0.999975085 -0.000962137 -3.061419964 -0.441931933 0.003949603 0.897039890 105.011268616
0.891120970 -0.006618293 0.453717589 6.925830841 0.007657713 0.999970555 -0.000453696 -3.080349684 -0.453701258 0.003878738 0.891145408 105.494949341
0.885548413 -0.006561929 0.464500904 7.196411133 0.007636092 0.999970734 -0.000431410 -3.091727972 -0.464484453 0.003929006 0.885572493 105.970489502
0.878417253 -0.006290931 0.477853119 7.479686737 0.007379851 0.999972641 -0.000401437 -3.110961437 -0.477837473 0.003879114 0.878439665 106.434020996
