1.000000000 0.000000000 0.000000000 0.000000000 0.000000000 1.000000000 0.000000000 0.000000000 0.000000000 0.000000000 1.000000000 0.000000000
1.000000000 0.000063903 -0.000000023 0.000229289 -0.000063903 1.000000000 -0.000051270 0.000828574 0.000000020 0.000051270 1.000000000 0.000430029
1.000000000 0.000040510 0.000054739 -0.000259378 -0.000040512 1.000000000 0.000041886 0.000004456 -0.000054737 -0.000041888 1.000000000 0.000283675
1.000000000 -0.000095297 0.000067972 -0.000316962 0.000095298 1.000000000 -0.000008080 0.000692657 -0.000067971 0.000008086 1.000000000 0.000567237
1.000000000 -0.000079443 0.000100585 -0.000332575 0.000079439 1.000000000 0.000040945 -0.000061099 -0.000100589 -0.000040937 1.000000000 0.000090250
1.000000000 0.000048658 0.000134140 -0.000675129 -0.000048659 1.000000000 0.000009912 0.000594407 -0.000134140 -0.000009919 1.000000000 0.000276830
1.000000000 -0.000122178 0.000075653 0.000069839 0.000122178 1.000000000 -0.000009986 0.000194438 -0.000075652 0.000009996 1.000000000 0.000331971
1.000000000 0.000003380 0.000070140 -0.000525157 -0.000003384 1.000000000 0.000056247 -0.000292930 -0.000070140 -0.000056248 1.000000000 0.000243608
1.000000000 0.000011899 -0.000019511 -0.000724846 -0.000011900 1.000000000 -0.000063850 -0.000260865 0.000019510 0.000063850 1.000000000 -0.000771853
1.000000000 -0.000036531 0.000067441 0.000015154 0.000036531 1.000000000 0.000014112 -0.000860576 -0.000067441 -0.000014109 1.000000000 -0.000055365
1.000000000 0.000042631 0.000048699 -0.000743080 -0.000042634 1.000000000 0.000055616 -0.001111787 -0.000048696 -0.000055618 1.000000000 -0.000378602
1.000000000 -0.000053399 0.000056003 -0.000671667 0.000053397 1.000000000 0.000043872 -0.000612675 -0.000056006 -0.000043869 1.000000000 -0.000775256
1.000000000 0.000044351 0.000022276 -0.000870634 -0.000044349 1.000000000 -0.000059201 -0.000722393 -0.000022278 0.000059200 1.000000000 -0.001335042
1.000000000 0.000012569 0.000074083 -0.000840950 -0.000012567 1.000000000 -0.000024787 0.000351485 -0.000074084 0.000024786 1.000000000 0.000909174
1.000000000 0.000015004 0.000059695 -0.000863293 -0.000014999 1.000000000 -0.000095245 0.000964175 -0.000059696 0.000095244 1.000000000 0.000964454
1.000000000 -0.000015202 -0.000014657 0.000744081 0.000015201 1.000000000 -0.000079925 0.000881798 0.000014658 0.000079924 1.000000000 0.001982313
1.000000000 0.000095841 0.000098570 -0.000856862 -0.000095828 1.000000000 -0.000135524 0.001660509 -0.000098583 0.000135514 1.000000000 0.002151000
1.000000000 0.000132998 0.000075597 -0.001047739 -0.000132988 1.000000000 -0.000139360 0.000871108 -0.000075615 0.000139350 1.000000000 0.001536143
1.000000000 0.000159363 0.000133991 -0.001028970 -0.000159351 1.000000000 -0.000091144 0.001431850 -0.000134006 0.000091122 1.000000000 0.002335417
1.000000000 0.000097951 0.000144650 -0.001013324 -0.000097939 1.000000000 -0.000078240 0.000430787 -0.000144658 0.000078226 1.000000000 0.001214331
1.000000000 0.000034792 0.000119730 -0.001308925 -0.000034784 1.000000000 -0.000066659 0.000410263 -0.000119733 0.000066655 1.000000000 0.000818606
1.000000000 0.000140105 0.000116711 -0.001335631 -0.000140100 1.000000000 -0.000048335 0.001095244 -0.000116717 0.000048319 1.000000000 0.000741556
1.000000000 0.000119826 0.000020546 -0.000792490 -0.000119824 1.000000000 -0.000087518 0.001263594 -0.000020556 0.000087516 1.000000000 0.002335885
1.000000000 0.000065946 0.000052944 -0.000954543 -0.000065943 1.000000000 -0.000066517 0.001793195 -0.000052949 0.000066513 1.000000000 0.002423020
0.999999940 0.000353926 0.000047351 -0.001151432 -0.000353923 0.999999940 -0.000053101 0.002055445 -0.000047370 0.000053084 1.000000000 0.003441484
0.999999940 0.000238404 0.000105617 -0.001346777 -0.000238401 1.000000000 -0.000036522 0.001550499 -0.000105625 0.000036496 1.000000000 0.001505328
1.000000000 0.000042050 0.000142854 -0.000630120 -0.000042044 1.000000000 -0.000039760 0.002422288 -0.000142856 0.000039754 1.000000000 0.003119148
1.000000000 0.000136727 0.000174494 -0.001652030 -0.000136723 1.000000000 -0.000024912 0.001604013 -0.000174498 0.000024888 1.000000000 0.002352783
1.000000000 0.000174476 0.000092204 -0.001369080 -0.000174469 1.000000000 -0.000077060 0.002337235 -0.000092218 0.000077044 1.000000000 0.002190703
1.000000000 0.000010036 0.000054399 -0.001076196 -0.000010034 1.000000000 -0.000032813 0.000997258 -0.000054400 0.000032812 1.000000000 0.001467524
1.000000000 0.000087246 0.000169914 -0.001659529 -0.000087253 1.000000000 0.000040037 0.000991483 -0.000169910 -0.000040052 1.000000000 0.002382781
1.000000000 0.000043052 0.000187992 -0.001185190 -0.000043038 1.000000000 -0.000075801 0.002304774 -0.000187995 0.000075793 1.000000000 0.003764369
1.000000000 0.000205718 0.000085401 -0.000735129 -0.000205700 0.999999940 -0.000210227 0.003460970 -0.000085444 0.000210209 1.000000000 0.003779686
1.000000000 0.000157081 0.000139748 -0.001143850 -0.000157068 1.000000000 -0.000095341 0.001720737 -0.000139763 0.000095319 1.000000000 0.001521886
0.999999940 0.000228003 0.000174815 -0.002344806 -0.000227977 0.999999940 -0.000146396 0.002068745 -0.000174848 0.000146356 1.000000000 0.002367953
0.999999940 0.000160616 0.000198848 -0.001761663 -0.000160598 1.000000000 -0.000091481 0.001126885 -0.000198862 0.000091449 1.000000000 0.001353426
1.000000000 0.000091860 0.000026428 -0.001895822 -0.000091860 1.000000000 0.000006479 0.000518570 -0.000026428 -0.000006481 1.000000000 -0.000087805
1.000000000 0.000158918 0.000081305 -0.001540822 -0.000158917 1.000000000 -0.000018086 0.001786076 -0.000081308 0.000018073 1.000000000 0.001734214
1.000000000 0.000176065 0.000154193 -0.002045688 -0.000176057 1.000000000 -0.000048488 0.001577543 -0.000154201 0.000048461 1.000000000 0.000954901
0.999999940 0.000220266 0.000129077 -0.000921547 -0.000220257 1.000000000 -0.000070847 0.002823970 -0.000129093 0.000070818 1.000000000 0.002940418
1.000000000 -0.000022609 0.000032563 0.000254721 0.000022613 1.000000000 -0.000101066 0.000976673 -0.000032561 0.000101067 1.000000000 0.002412931
0.999999762 0.000658976 -0.000136097 0.000227166 -0.000659066 0.999999702 -0.000663658 -0.001268823 0.000135660 0.000663748 0.999999762 0.053078905
0.999999821 0.000581010 -0.000119033 0.001671422 -0.000581163 0.999999046 -0.001294749 -0.002020987 0.000118281 0.001294818 0.999999166 0.142710418
0.999999642 0.000794512 0.000344527 0.000411433 -0.000794166 0.999999166 -0.001002582 -0.009106692 -0.000345323 0.001002308 0.999999404 0.259070635
0.999999642 0.000767190 0.000336716 0.003840593 -0.000766872 0.999999225 -0.000943227 -0.012191137 -0.000337439 0.000942968 0.999999464 0.391372025
0.999999583 0.000769531 0.000274125 0.005733932 -0.000769326 0.999999344 -0.000747104 -0.015946303 -0.000274700 0.000746893 0.999999702 0.533667505
0.999999702 0.000601745 0.000306681 0.011572454 -0.000601659 0.999999762 -0.000280933 -0.025790006 -0.000306849 0.000280748 0.999999940 0.686070740
0.999999940 0.000322986 0.000303024 0.017459549 -0.000322944 0.999999940 -0.000140757 -0.029287562 -0.000303070 0.000140660 1.000000000 0.848504782
0.999999702 0.000518192 0.000603641 0.015716951 -0.000517970 0.999999821 -0.000366869 -0.032331090 -0.000603831 0.000366557 0.999999762 1.020680904
0.999999762 0.000467137 0.000481322 0.021372987 -0.000466999 0.999999821 -0.000288387 -0.037065271 -0.000481457 0.000288162 0.999999821 1.195614338
0.999999464 0.000739113 0.000598676 0.024138210 -0.000739108 0.999999702 -0.000008310 -0.041954931 -0.000598682 0.000007868 0.999999762 1.386876225
0.999999642 0.000776613 0.000367824 0.029709756 -0.000776632 0.999999702 0.000049532 -0.045483965 -0.000367785 -0.000049818 0.999999940 1.580776095
0.999999762 0.000368518 0.000508969 0.031123389 -0.000368642 0.999999821 0.000243408 -0.054396100 -0.000508879 -0.000243595 0.999999821 1.779528022
0.999999523 0.000545015 0.000743198 0.031840287 -0.000545654 0.999999404 0.000860319 -0.063417621 -0.000742729 -0.000860725 0.999999344 1.975683928
0.999999762 0.000052694 0.000690476 0.036448400 -0.000053405 0.999999464 0.001030978 -0.072750084 -0.000690422 -0.001031015 0.999999225 2.179678202
0.999999642 0.000415985 0.000621565 0.041011401 -0.000416628 0.999999404 0.001034633 -0.074710757 -0.000621134 -0.001034892 0.999999285 2.407475948
0.999999464 0.000751113 0.000700384 0.044589430 -0.000751701 0.999999344 0.000839670 -0.079438195 -0.000699753 -0.000840196 0.999999404 2.633675575
0.999999523 0.000610039 0.000670550 0.052558299 -0.000610649 0.999999404 0.000911007 -0.087896012 -0.000669994 -0.000911416 0.999999285 2.857031107
0.999999464 0.000708958 0.000720474 0.057639305 -0.000709706 0.999999225 0.001038093 -0.091939807 -0.000719737 -0.001038603 0.999999166 3.101718903
0.999999464 0.000671162 0.000713052 0.063100077 -0.000672095 0.999998927 0.001309680 -0.103680059 -0.000712172 -0.001310159 0.999998868 3.336140633
0.999999404 0.000626817 0.000792832 0.066648737 -0.000627744 0.999999106 0.001170441 -0.109921351 -0.000792098 -0.001170938 0.999998927 3.588070393
0.999999106 0.001133006 0.000709311 0.070791878 -0.001133822 0.999998689 0.001150842 -0.115532391 -0.000708006 -0.001151645 0.999998987 3.847444773
0.999999344 0.000760066 0.000867346 0.074988775 -0.000760859 0.999999285 0.000913632 -0.119985074 -0.000866651 -0.000914291 0.999999225 4.107585430
0.999999046 0.000827949 0.001034843 0.079959281 -0.000828855 0.999999285 0.000875396 -0.124627143 -0.001034118 -0.000876253 0.999999106 4.364721775
0.999998868 0.000674974 0.001322763 0.081405409 -0.000676206 0.999999344 0.000931123 -0.131787449 -0.001322134 -0.000932016 0.999998689 4.622053623
0.999998748 0.001035098 0.001176543 0.092474177 -0.001036463 0.999998808 0.001159572 -0.139951259 -0.001175341 -0.001160790 0.999998629 4.879024506
0.999998450 0.001406582 0.001005183 0.099184848 -0.001408118 0.999997914 0.001529297 -0.149034753 -0.001003030 -0.001530711 0.999998331 5.140416145
0.999998748 0.001084586 0.001153821 0.099354029 -0.001086149 0.999998510 0.001354371 -0.158550590 -0.001152350 -0.001355623 0.999998391 5.393186092
0.999998450 0.001177816 0.001277479 0.101385228 -0.001179382 0.999998510 0.001225409 -0.165696427 -0.001276034 -0.001226914 0.999998450 5.667826176
0.999998391 0.001033933 0.001453334 0.103173658 -0.001035786 0.999998629 0.001274726 -0.171866089 -0.001452015 -0.001276230 0.999998093 5.931601048
0.999998152 0.001096814 0.001539089 0.107859679 -0.001098772 0.999998569 0.001271885 -0.180691153 -0.001537692 -0.001273574 0.999998033 6.213550091
0.999997973 0.001223014 0.001584251 0.113286190 -0.001225571 0.999998033 0.001614034 -0.187592492 -0.001582274 -0.001615973 0.999997497 6.503525257
0.999997914 0.001360932 0.001529570 0.121426150 -0.001363068 0.999998093 0.001395937 -0.194003344 -0.001527667 -0.001398019 0.999997854 6.788633347
0.999997556 0.001379843 0.001732068 0.126647219 -0.001382139 0.999998093 0.001325177 -0.202295035 -0.001730236 -0.001327567 0.999997616 7.085390568
0.999997675 0.001428380 0.001624459 0.134024143 -0.001430896 0.999997735 0.001548121 -0.213149980 -0.001622245 -0.001550442 0.999997437 7.390835762
0.999997914 0.001217209 0.001644787 0.139802366 -0.001219523 0.999998271 0.001406998 -0.223296911 -0.001643072 -0.001409001 0.999997675 7.694575787
0.999998331 0.001078005 0.001474547 0.151000619 -0.001079962 0.999998510 0.001326809 -0.232393235 -0.001473115 -0.001328399 0.999998033 8.011523247
0.999997437 0.001404717 0.001787370 0.152195156 -0.001407866 0.999997437 0.001761635 -0.245093450 -0.001784891 -0.001764147 0.999996841 8.332348824
0.999997377 0.001495871 0.001741668 0.158892825 -0.001498712 0.999997556 0.001630860 -0.254413635 -0.001739225 -0.001633466 0.999997139 8.648221016
0.999996483 0.001770844 0.001967550 0.165853426 -0.001774001 0.999997139 0.001604042 -0.260885477 -0.001964704 -0.001607527 0.999996781 8.992506981
0.999997258 0.001641471 0.001651724 0.176726684 -0.001644508 0.999997020 0.001838881 -0.273230642 -0.001648701 -0.001841592 0.999996960 9.333531380
0.999995589 0.002205760 0.001999616 0.181071386 -0.002209059 0.999996126 0.001649379 -0.284003079 -0.001995971 -0.001653789 0.999996662 9.672540665
0.999996483 0.001855933 0.001905284 0.190629154 -0.001859827 0.999996126 0.002044039 -0.293928981 -0.001901483 -0.002047576 0.999996066 10.020545006
0.999994874 0.002431907 0.002096784 0.190640420 -0.002435546 0.999995530 0.001735232 -0.303340048 -0.002092555 -0.001740330 0.999996305 10.385918617
0.999995530 0.002202338 0.002034997 0.199545979 -0.002206059 0.999995828 0.001827823 -0.316210419 -0.002030964 -0.001832304 0.999996245 10.741083145
0.999996543 0.001896551 0.001797188 0.209187225 -0.001900225 0.999996126 0.002045056 -0.326276213 -0.001793303 -0.002048464 0.999996305 11.111799240
0.999996483 0.001835136 0.001915483 0.218020827 -0.001838965 0.999996305 0.001999711 -0.336173505 -0.001911806 -0.002003226 0.999996185 11.489848137
0.999996006 0.001868731 0.002081579 0.225172549 -0.001872643 0.999996483 0.001878777 -0.345571011 -0.002078061 -0.001882668 0.999996006 11.871150970
0.999995232 0.002253280 0.002110128 0.231260806 -0.002257947 0.999994993 0.002212251 -0.359064251 -0.002105133 -0.002217005 0.999995351 12.251863480
0.999994874 0.002264003 0.002290712 0.242785752 -0.002269975 0.999994040 0.002608058 -0.373682529 -0.002284794 -0.002613245 0.999993980 12.642020226
0.999992430 0.002542449 0.002948245 0.242972687 -0.002550117 0.999993384 0.002599902 -0.381985635 -0.002941615 -0.002607401 0.999992251 13.044098854
0.999994338 0.001885561 0.002795022 0.255320370 -0.001891824 0.999995708 0.002239802 -0.393261403 -0.002790787 -0.002245077 0.999993563 13.438355446
0.999992192 0.002296706 0.003250414 0.260737836 -0.002305365 0.999993801 0.002662668 -0.405595601 -0.003244279 -0.002670140 0.999991179 13.845124245
0.999988735 0.003025601 0.003663067 0.270140648 -0.003035056 0.999992013 0.002578301 -0.416132897 -0.003655237 -0.002589389 0.999989986 14.254796982
0.999985158 0.003372095 0.004283412 0.276214391 -0.003384606 0.999989986 0.002916909 -0.432597518 -0.004273534 -0.002931364 0.999986589 14.670318604
0.999989510 0.002532111 0.003821590 0.295720220 -0.002540897 0.999994159 0.002296067 -0.436820775 -0.003815754 -0.002305754 0.999990046 15.120522499
0.999988317 0.002813522 0.003925207 0.305400401 -0.002823430 0.999992788 0.002521057 -0.453085780 -0.003918087 -0.002532110 0.999989033 15.551618576
0.999985278 0.002937578 0.004550309 0.314709097 -0.002947797 0.999993145 0.002240741 -0.461931497 -0.004543696 -0.002254122 0.999987125 15.998691559
0.999984086 0.003194820 0.004681352 0.326930523 -0.003206651 0.999991596 0.002522026 -0.474041104 -0.004673257 -0.002536997 0.999985814 16.436899185
0.999982595 0.003390003 0.004846510 0.335941344 -0.003399907 0.999992132 0.002036771 -0.486618668 -0.004839567 -0.002053212 0.999986231 16.875511169
0.999983847 0.002927084 0.004855677 0.350690484 -0.002942749 0.999990404 0.003221915 -0.507426798 -0.004846199 -0.003236152 0.999983013 17.338935852
0.999983728 0.002833485 0.004953405 0.360416293 -0.002848729 0.999991238 0.003073200 -0.517872393 -0.004944654 -0.003087261 0.999983013 17.796651840
0.999985158 0.002170213 0.005003974 0.376612127 -0.002183290 0.999994278 0.002609240 -0.527619958 -0.004998282 -0.002620127 0.999984086 18.259950638
0.999986768 0.002043038 0.004729595 0.393353939 -0.002053646 0.999995410 0.002239063 -0.535122633 -0.004724999 -0.002248746 0.999986351 18.731250763
0.999980628 0.002122702 0.005847202 0.398530722 -0.002139061 0.999993742 0.002792850 -0.556065321 -0.005841237 -0.002805303 0.999979019 19.182146072
0.999979436 0.002433898 0.005932732 0.414865017 -0.002446837 0.999994636 0.002174653 -0.561610579 -0.005927408 -0.002189125 0.999979973 19.663078308
0.999978364 0.002595724 0.006035801 0.419072270 -0.002610194 0.999993742 0.002390736 -0.573258400 -0.006029558 -0.002406440 0.999978900 20.155029297
0.999980211 0.002057051 0.005943590 0.441932797 -0.002071914 0.999994695 0.002495670 -0.592311680 -0.005938426 -0.002507936 0.999979198 20.628862381
0.999985397 0.001494649 0.005198894 0.460250765 -0.001508529 0.999995232 0.002667089 -0.607141495 -0.005194883 -0.002674892 0.999982953 21.125841141
0.999987960 0.001860011 0.004539066 0.468528628 -0.001871155 0.999995232 0.002452076 -0.617879450 -0.004534483 -0.002460540 0.999986708 21.635036469
0.999988496 0.001854612 0.004427066 0.478167862 -0.001865460 0.999995291 0.002447412 -0.633311152 -0.004422506 -0.002455643 0.999987125 22.146213531
0.999991536 0.001679205 0.003737363 0.495058805 -0.001689060 0.999995112 0.002635137 -0.649616063 -0.003732919 -0.002641428 0.999989510 22.638914108
0.999990821 0.001826929 0.003875724 0.498533934 -0.001837380 0.999994695 0.002694583 -0.663476944 -0.003870780 -0.002701680 0.999988794 23.170249939
0.999994218 0.001549091 0.003036733 0.510797679 -0.001558528 0.999994099 0.003107805 -0.684576154 -0.003031901 -0.003112520 0.999990582 23.683916092
0.999997139 -0.000357218 0.002367043 0.522018969 0.000350184 0.999995530 0.002971267 -0.701553345 -0.002368094 -0.002970429 0.999992788 24.205331802
0.999998987 0.000320332 0.001387073 0.535142183 -0.000324025 0.999996424 0.002662648 -0.712799668 -0.001386215 -0.002663094 0.999995470 24.733053207
0.999998868 0.001225443 0.000864316 0.544838190 -0.001228080 0.999994576 0.003057476 -0.727398396 -0.000860565 -0.003058534 0.999994934 25.269962311
0.999998689 0.001517982 0.000416789 0.553138375 -0.001519325 0.999993563 0.003242242 -0.741423666 -0.000411864 -0.003242872 0.999994636 25.814464569
0.999998748 0.001567063 0.000057552 0.563737750 -0.001567230 0.999994218 0.003017633 -0.756689131 -0.000052823 -0.003017720 0.999995470 26.366750717
0.999999166 0.001189193 -0.000391209 0.577108443 -0.001187845 0.999993384 0.003426063 -0.768408954 0.000395281 -0.003425596 0.999994040 26.930599213
0.999998569 0.001398815 -0.000860264 0.585278928 -0.001395616 0.999992132 0.003708520 -0.791345000 0.000865445 -0.003707314 0.999992728 27.482131958
0.999998033 0.001743943 -0.000948277 0.591415167 -0.001740636 0.999992430 0.003477440 -0.805354953 0.000954334 -0.003475783 0.999993443 28.040126801
0.999997377 0.002073882 -0.001097943 0.600764632 -0.002069966 0.999991536 0.003556365 -0.814596355 0.001105309 -0.003554082 0.999993086 28.603929520
0.999996901 0.002045064 -0.001385520 0.613643229 -0.002039906 0.999990940 0.003714468 -0.830376208 0.001393105 -0.003711630 0.999992132 29.162593842
0.999997020 0.001851709 -0.001675034 0.618094862 -0.001846108 0.999992728 0.003339811 -0.840676010 0.001681206 -0.003336709 0.999993026 29.718770981
0.999996126 0.001956740 -0.001981469 0.624471128 -0.001949617 0.999991655 0.003590415 -0.854902923 0.001988478 -0.003586538 0.999991596 30.266626358
0.999995232 0.002124427 -0.002228723 0.638224781 -0.002117175 0.999992490 0.003251016 -0.867138863 0.002235613 -0.003246282 0.999992251 30.822286606
0.999994814 0.002046113 -0.002483743 0.646688044 -0.002037726 0.999992251 0.003374847 -0.883131862 0.002490629 -0.003369768 0.999991179 31.370304108
0.999992192 0.003108958 -0.002453656 0.650816679 -0.003101067 0.999990106 0.003212945 -0.893499672 0.002463621 -0.003205311 0.999991834 31.917915344
0.999993026 0.002372389 -0.002885168 0.662729263 -0.002362050 0.999990761 0.003581535 -0.910290718 0.002893638 -0.003574695 0.999989390 32.475627899
0.999991596 0.001544187 -0.003806208 0.675720692 -0.001531511 0.999993265 0.003331091 -0.917672098 0.003811327 -0.003325234 0.999987245 33.038887024
0.999992192 0.002256500 -0.003250296 0.681805909 -0.002244885 0.999991119 0.003572577 -0.940852284 0.003258329 -0.003565253 0.999988317 33.561660767
0.999991477 0.002539268 -0.003261478 0.689237773 -0.002527318 0.999990106 0.003663152 -0.953743279 0.003270748 -0.003654878 0.999987960 34.115264893
0.999990284 0.002485225 -0.003622818 0.695594609 -0.002470990 0.999989212 0.003928341 -0.967664123 0.003632543 -0.003919351 0.999985695 34.655498505
0.999988198 0.002708652 -0.004034515 0.708158374 -0.002692953 0.999988794 0.003891594 -0.988253891 0.004045011 -0.003880684 0.999984264 35.174915314
0.999989688 0.001962942 -0.004098481 0.714307129 -0.001947210 0.999990880 0.003838919 -0.996003330 0.004105978 -0.003830899 0.999984205 35.725471497
0.999988794 0.001829285 -0.004369244 0.733400941 -0.001812373 0.999990880 0.003871296 -1.003507614 0.004376286 -0.003863335 0.999982893 36.307872772
0.999988198 0.001482075 -0.004632435 0.735497534 -0.001465063 0.999992132 0.003673620 -1.025102973 0.004637842 -0.003666790 0.999982536 36.838417053
0.999986351 0.001478687 -0.005007830 0.740860581 -0.001461644 0.999993265 0.003405231 -1.036055803 0.005012831 -0.003397865 0.999981582 37.387123108
0.999985814 0.001728066 -0.005024560 0.750463367 -0.001712483 0.999993742 0.003103955 -1.048084974 0.005029891 -0.003095307 0.999982536 37.942897797
0.999983132 0.001492713 -0.005610663 0.760652661 -0.001474915 0.999993861 0.003174932 -1.060883284 0.005615367 -0.003166603 0.999979138 38.495975494
0.999983788 0.002137985 -0.005277554 0.764448345 -0.002124754 0.999994576 0.002511395 -1.067741871 0.005282894 -0.002500141 0.999982953 39.046787262
0.999981463 0.001172615 -0.005979300 0.796270609 -0.001156590 0.999995708 0.002682782 -1.088161469 0.005982420 -0.002675816 0.999978542 39.583248138
0.999982357 0.001556076 -0.005753453 0.802070260 -0.001541780 0.999995708 0.002488475 -1.101456881 0.005757302 -0.002479560 0.999980330 40.137996674
0.999980509 0.001425872 -0.006080046 0.813197494 -0.001410594 0.999995947 0.002516263 -1.117132306 0.006083611 -0.002507637 0.999978364 40.687511444
0.999980927 0.001328330 -0.006033166 0.821304381 -0.001315901 0.999997020 0.002063657 -1.125056505 0.006035890 -0.002055678 0.999979675 41.247337341
0.999980927 0.001193082 -0.006064761 0.822879314 -0.001175648 0.999995172 0.002877334 -1.148222685 0.006068165 -0.002870149 0.999977410 41.780635834
0.999980807 0.001184017 -0.006092613 0.838705420 -0.001170328 0.999996781 0.002249841 -1.151440501 0.006095257 -0.002242667 0.999978900 42.350086212
0.999979496 0.001548671 -0.006222482 0.842425227 -0.001534062 0.999996006 0.002351733 -1.176313996 0.006226099 -0.002342139 0.999977827 42.844402313
0.999978840 0.001478479 -0.006337904 0.853852034 -0.001462962 0.999995887 0.002452234 -1.179159164 0.006341504 -0.002442909 0.999976933 43.429721832
0.999976099 0.001387168 -0.006781307 0.876831710 -0.001371768 0.999996424 0.002275023 -1.188248277 0.006784438 -0.002265667 0.999974430 43.984592438
0.999975741 0.000504036 -0.006938558 0.877705574 -0.000486528 0.999996662 0.002524643 -1.208013177 0.006939807 -0.002521206 0.999972761 44.529258728
0.999974310 0.000355362 -0.007156063 0.884157300 -0.000336207 0.999996364 0.002677787 -1.223567605 0.007156986 -0.002675313 0.999970794 45.080963135
0.999975085 0.000376217 -0.007046534 0.893026531 -0.000357240 0.999996305 0.002694130 -1.238608956 0.007047523 -0.002691546 0.999971569 45.630275726
0.999974728 0.000310253 -0.007094282 0.898795128 -0.000292199 0.999996662 0.002545676 -1.249095678 0.007095050 -0.002543539 0.999971628 46.175678253
0.999974906 0.000128426 -0.007084724 0.907470465 -0.000110125 0.999996603 0.002583480 -1.257698655 0.007085034 -0.002582635 0.999971569 46.747322083
0.999972939 0.000311705 -0.007351096 0.917438507 -0.000294676 0.999997258 0.002317507 -1.265244484 0.007351797 -0.002315278 0.999970257 47.298030853
0.999969542 -0.000074023 -0.007792998 0.925588012 0.000093649 0.999996841 0.002518152 -1.279541969 0.007792787 -0.002518805 0.999966383 47.856426239
0.999973834 0.000542565 -0.007211123 0.927315116 -0.000527898 0.999997795 0.002035644 -1.292481065 0.007212211 -0.002031784 0.999971926 48.391189575
0.999972820 0.000543981 -0.007355813 0.937667251 -0.000529471 0.999997854 0.001974311 -1.302965283 0.007356871 -0.001970363 0.999970973 48.926967621
0.999972105 0.000648918 -0.007438268 0.939963996 -0.000634634 0.999997973 0.001922531 -1.317502499 0.007439498 -0.001917757 0.999970496 49.470069885
0.999974549 0.001233277 -0.007025732 0.946397662 -0.001218799 0.999997079 0.002064563 -1.331855297 0.007028258 -0.002055948 0.999973118 50.015121460
0.999973059 0.001429652 -0.007188959 0.948909581 -0.001415436 0.999997020 0.001982123 -1.344104767 0.007191770 -0.001971894 0.999972165 50.556621552
0.999975204 0.001442794 -0.006912384 0.951785266 -0.001429179 0.999997020 0.001974157 -1.360272408 0.006915211 -0.001964230 0.999974132 51.103713989
0.999973834 0.001254272 -0.007127593 0.965709567 -0.001239967 0.999997199 0.002011139 -1.374389529 0.007130094 -0.002002248 0.999972522 51.648662567
0.999967694 0.001319140 -0.007923841 0.971028805 -0.001303600 0.999997139 0.001966013 -1.386048317 0.007926411 -0.001955620 0.999966681 52.195423126
0.999967635 0.000976514 -0.007989661 0.978274703 -0.000959046 0.999997139 0.002189725 -1.401190281 0.007991779 -0.002181991 0.999965668 52.742694855
0.999968767 0.001235106 -0.007818279 0.981820226 -0.001222777 0.999997973 0.001581593 -1.408559084 0.007820216 -0.001571984 0.999968171 53.286289215
0.999967217 0.001183050 -0.008007973 0.986725390 -0.001171672 0.999998271 0.001425418 -1.424152255 0.008009644 -0.001415988 0.999966919 53.828147888
0.999970853 0.001225928 -0.007534090 0.986286163 -0.001216910 0.999998450 0.001201532 -1.438903928 0.007535551 -0.001192328 0.999970853 54.367313385
0.999973774 0.001525295 -0.007074033 0.985896766 -0.001521382 0.999998629 0.000558507 -1.449954391 0.007074877 -0.000547730 0.999974847 54.913105011
0.999972343 0.001412122 -0.007301660 0.994559109 -0.001407797 0.999998808 0.000597276 -1.463916183 0.007302494 -0.000586980 0.999973118 55.466667175
0.999976516 0.001933909 -0.006579048 0.996320248 -0.001927492 0.999997675 0.000981567 -1.475806117 0.006580931 -0.000968863 0.999977827 56.016292572
0.999972224 0.000835358 -0.007402603 1.007658243 -0.000823095 0.999998391 0.001659403 -1.493530393 0.007403976 -0.001653264 0.999971211 56.574172974
0.999975502 0.002152456 -0.006649856 1.009664416 -0.002143627 0.999996841 0.001334793 -1.511623263 0.006652708 -0.001320506 0.999976933 57.114891052
0.999975324 0.002471224 -0.006565756 1.013873100 -0.002460695 0.999995649 0.001611154 -1.529558301 0.006569711 -0.001594958 0.999977171 57.649616241
0.999976158 0.002349284 -0.006497937 1.023684144 -0.002341045 0.999996424 0.001275114 -1.543791890 0.006500909 -0.001259872 0.999978065 58.202079773
0.999977648 0.002353668 -0.006252283 1.033480644 -0.002344396 0.999996066 0.001489754 -1.557360768 0.006255766 -0.001475062 0.999979317 58.757179260
0.999977052 0.002467002 -0.006311994 1.043606997 -0.002458330 0.999996006 0.001381421 -1.570068955 0.006315377 -0.001365873 0.999979138 59.300457001
0.999980092 0.001476045 -0.006133060 1.045849800 -0.001469594 0.999998391 0.001056227 -1.581936955 0.006134609 -0.001047193 0.999980628 59.854183197
0.999978304 0.002582836 -0.006059145 1.068658948 -0.002575773 0.999996006 0.001173134 -1.600970626 0.006062149 -0.001157501 0.999980867 60.387596130
0.999977231 0.002336713 -0.006333429 1.077787876 -0.002328825 0.999996543 0.001252512 -1.611612797 0.006336332 -0.001237734 0.999979138 60.939495087
0.999977529 0.003155623 -0.005911204 1.108409643 -0.003150379 0.999994576 0.000896355 -1.629087567 0.005914000 -0.000877713 0.999982119 61.469696045
0.999977410 0.003147054 -0.005934854 1.126414180 -0.003138282 0.999993920 0.001486748 -1.645420432 0.005939498 -0.001468090 0.999981225 62.008678436
0.999975324 0.003610763 -0.006030067 1.136824369 -0.003605330 0.999993086 0.000911607 -1.659508824 0.006033317 -0.000889844 0.999981403 62.538124084
0.999977350 0.003915806 -0.005472719 1.150619030 -0.003910218 0.999991775 0.001031521 -1.677952170 0.005476714 -0.001010098 0.999984503 63.070613861
0.999975443 0.003868373 -0.005833946 1.172937751 -0.003860839 0.999991834 0.001301920 -1.693808675 0.005838933 -0.001279365 0.999982119 63.605518341
0.999975383 0.003920740 -0.005823412 1.190912485 -0.003911885 0.999991179 0.001531302 -1.717746496 0.005829365 -0.001508484 0.999981880 64.133842468
0.999976337 0.003979390 -0.005608780 1.202017069 -0.003972319 0.999991238 0.001270890 -1.726994753 0.005613788 -0.001248580 0.999983490 64.688697815
0.999975443 0.004808480 -0.005100556 1.201412439 -0.004802640 0.999987781 0.001156599 -1.741217136 0.005106055 -0.001132075 0.999986351 65.222816467
0.999977469 0.004655893 -0.004833298 1.211905479 -0.004650343 0.999988496 0.001159045 -1.758580685 0.004838640 -0.001136542 0.999987662 65.759025574
0.999976814 0.004492277 -0.005119963 1.226111293 -0.004485365 0.999988973 0.001360767 -1.773654938 0.005126019 -0.001337771 0.999985933 66.305976868
0.999977291 0.005006609 -0.004501150 1.227771759 -0.005003174 0.999987185 0.000773869 -1.786690474 0.004504967 -0.000751332 0.999989569 66.857154846
0.999977529 0.004830167 -0.004642867 1.242972374 -0.004826094 0.999987900 0.000888186 -1.807631016 0.004647102 -0.000865759 0.999988854 67.404418945
0.999974608 0.005019487 -0.005050419 1.255320907 -0.005015384 0.999987066 0.000824688 -1.821949959 0.005054493 -0.000799337 0.999986887 67.956230164
0.999976397 0.004867240 -0.004845427 1.265090942 -0.004862507 0.999987662 0.000987759 -1.842386842 0.004850174 -0.000964175 0.999987781 68.500465393
0.999976695 0.004849249 -0.004803090 1.272034764 -0.004845976 0.999988019 0.000692942 -1.855817080 0.004806393 -0.000669650 0.999988198 69.044845581
0.999971747 0.005705871 -0.004890252 1.274077296 -0.005701048 0.999983191 0.000999778 -1.872626066 0.004895876 -0.000971870 0.999987483 69.574569702
0.999972820 0.005892837 -0.004430157 1.282870531 -0.005889836 0.999982417 0.000690158 -1.888689876 0.004434147 -0.000664046 0.999989927 70.114608765
0.999975443 0.005634536 -0.004171886 1.290573359 -0.005631913 0.999983847 0.000639843 -1.904355168 0.004175425 -0.000616331 0.999991119 70.658515930
0.999975264 0.005503414 -0.004361626 1.301742911 -0.005499837 0.999984503 0.000831653 -1.923307896 0.004366136 -0.000807644 0.999990106 71.198150635
0.999975860 0.005504697 -0.004268053 1.309795618 -0.005501657 0.999984622 0.000723846 -1.936592817 0.004271973 -0.000700347 0.999990642 71.739433289
0.999978781 0.004752779 -0.004439910 1.320555568 -0.004749571 0.999988377 0.000732764 -1.949785590 0.004443342 -0.000711661 0.999989867 72.273330688
0.999976456 0.005463845 -0.004133849 1.324113131 -0.005462455 0.999985039 0.000347485 -1.964586377 0.004135686 -0.000324896 0.999991357 72.808830261
0.999978960 0.005184666 -0.003876172 1.333060145 -0.005182574 0.999986410 0.000549315 -1.981023550 0.003878967 -0.000529214 0.999992311 73.342926025
0.999977350 0.005303421 -0.004143952 1.341588259 -0.005300587 0.999985635 0.000694381 -1.995426893 0.004147575 -0.000672399 0.999991179 73.885414124
0.999978960 0.005417273 -0.003565940 1.348070264 -0.005414991 0.999985099 0.000649313 -2.013673544 0.003569404 -0.000629990 0.999993384 74.431282043
0.999979079 0.005311268 -0.003695664 1.359331250 -0.005308585 0.999985635 0.000735605 -2.026142836 0.003699517 -0.000715972 0.999992907 74.970642090
0.999979377 0.005582813 -0.003170078 1.365910888 -0.005580373 0.999984145 0.000777879 -2.043542624 0.003174370 -0.000760173 0.999994695 75.519142151
0.999977946 0.005778859 -0.003274925 1.374864817 -0.005777795 0.999983251 0.000334714 -2.055434704 0.003276805 -0.000315785 0.999994576 76.064552307
0.999976814 0.005871252 -0.003440652 1.383292794 -0.005870258 0.999982655 0.000299360 -2.072754622 0.003442351 -0.000279156 0.999994040 76.611282349
0.999978662 0.005617675 -0.003309449 1.389567971 -0.005618545 0.999984205 -0.000253664 -2.086391449 0.003307972 0.000272253 0.999994516 77.173469543
0.999978840 0.005592109 -0.003325259 1.396535873 -0.005592637 0.999984324 -0.000149388 -2.102754593 0.003324372 0.000167982 0.999994397 77.720367432
0.999974012 0.006359523 -0.003384670 1.397435784 -0.006359226 0.999979794 0.000098685 -2.119183064 0.003385229 -0.000077159 0.999994278 78.263526917
0.999978065 0.006130177 -0.002508200 1.401908159 -0.006131201 0.999981046 -0.000400853 -2.131776571 0.002505694 0.000416223 0.999996722 78.825088501
0.999979913 0.005947546 -0.002188005 1.405389071 -0.005949247 0.999981999 -0.000770712 -2.148304939 0.002183381 0.000783713 0.999997258 79.370887756
0.999980986 0.005435701 -0.002903546 1.420644522 -0.005437470 0.999985039 -0.000602001 -2.166617155 0.002900230 0.000617777 0.999995530 79.933700562
0.999979615 0.005922696 -0.002394357 1.432580709 -0.005924058 0.999982297 -0.000562351 -2.185282946 0.002390984 0.000576524 0.999996960 80.477691650
0.999980152 0.006126252 -0.001468684 1.437228084 -0.006127209 0.999981046 -0.000648008 -2.200154781 0.001464687 0.000656994 0.999998629 81.048973083
0.999985576 0.005371180 -0.000018374 1.441342235 -0.005371195 0.999985218 -0.000776462 -2.220622540 0.000014203 0.000776549 0.999999702 81.600395203
0.999987364 0.004847867 0.001342759 1.448372006 -0.004846104 0.999987423 -0.001313827 -2.232090235 -0.001349113 0.001307303 0.999998212 82.205215454
0.999988198 0.004377674 0.002070914 1.456766725 -0.004375136 0.999989688 -0.001227776 -2.251704216 -0.002076267 0.001218701 0.999997079 82.780090332
0.999978244 0.003183219 0.005773450 1.463750601 -0.003169482 0.999992132 -0.002386774 -2.257755518 -0.005781002 0.002368424 0.999980509 83.392425537
0.999945521 0.004507265 0.009414931 1.485468388 -0.004495027 0.999989033 -0.001320305 -2.290317535 -0.009420780 0.001277912 0.999954760 83.924705505
0.999903560 0.003880187 0.013332527 1.495284319 -0.003852331 0.999990284 -0.002114371 -2.295613527 -0.013340604 0.002062806 0.999908805 84.457244873
0.999835670 0.004098744 0.017657697 1.518627405 -0.004062082 0.999989450 -0.002111720 -2.314945936 -0.017666167 0.002039646 0.999841869 84.992752075
0.999715388 0.003430881 0.023607891 1.548481226 -0.003372422 0.999991179 -0.002515608 -2.318666458 -0.023616308 0.002435277 0.999718130 85.548767090
0.999557376 0.003571644 0.029534915 1.581113219 -0.003501096 0.999990880 -0.002440027 -2.338253021 -0.029543361 0.002335543 0.999560773 86.079536438
0.999348700 0.003682093 0.035897657 1.614093304 -0.003610783 0.999991298 -0.002051095 -2.359223843 -0.035904903 0.001920141 0.999353349 86.619430542
0.999021888 0.003702068 0.044063076 1.660491943 -0.003623222 0.999991715 -0.001869121 -2.378546715 -0.044069637 0.001707642 0.999026954 87.158843994
0.998633921 0.002830785 0.052175742 1.712002993 -0.002696946 0.999992847 -0.002635337 -2.389621496 -0.052182831 0.002491021 0.998634458 87.716415405
0.998224914 0.002657236 0.059496943 1.756349325 -0.002515139 0.999993801 -0.002463073 -2.404770374 -0.059503116 0.002309058 0.998225451 88.237091064
0.997645855 0.002971891 0.068512462 1.813736916 -0.002805079 0.999992847 -0.002530870 -2.421437740 -0.068519495 0.002332729 0.997647047 88.778518677
0.996946812 0.001732417 0.078064561 1.883638859 -0.001508612 0.999994576 -0.002925795 -2.450082302 -0.078069210 0.002799093 0.996943951 89.249862671
0.996195734 0.002231043 0.087114826 1.950307846 -0.001984332 0.999993801 -0.002918501 -2.448191881 -0.087120786 0.002734534 0.996194005 89.831932068
0.995514870 0.001743541 0.094589435 2.001230240 -0.001457479 0.999994159 -0.003093236 -2.460740805 -0.094594270 0.002941499 0.995511591 90.371803284
0.994565129 0.000736663 0.104113974 2.106805325 -0.000409693 0.999994934 -0.003161844 -2.481288910 -0.104115777 0.003102005 0.994560361 90.871887207
0.993380725 0.001450800 0.114859045 2.190531731 -0.001115712 0.999994934 -0.002981637 -2.493215561 -0.114862777 0.002833751 0.993377328 91.429542542
0.992305636 0.000357563 0.123811796 2.279921532 0.000041127 0.999994934 -0.003217563 -2.512316704 -0.123812303 0.003197899 0.992300510 91.953750610
0.990746796 0.000688977 0.135721266 2.373077393 -0.000202942 0.999993443 -0.003594913 -2.521385670 -0.135722890 0.003534105 0.990740538 92.488151550
0.988956869 0.001381916 0.148197070 2.476636887 -0.000900131 0.999994099 -0.003317996 -2.543685198 -0.148200750 0.003147959 0.988952279 93.009544373
0.987277150 -0.000276221 0.159008354 2.585844994 0.000878210 0.999992728 -0.003715640 -2.550107718 -0.159006163 0.003808011 0.987270176 93.558372498
0.985551655 -0.000519604 0.169374287 2.711153984 0.001216882 0.999991119 -0.004013004 -2.563290358 -0.169370726 0.004161131 0.985543549 94.108276367
0.983278811 -0.000993762 0.182103679 2.829507828 0.001757186 0.999990284 -0.004030949 -2.581867218 -0.182097927 0.004283537 0.983271062 94.644477844
0.980829239 -0.000378135 0.194868892 2.943042755 0.001084045 0.999993205 -0.003515850 -2.604090452 -0.194866270 0.003659695 0.980822921 95.146141052
0.978808522 -0.001419324 0.204772457 3.068840027 0.002187733 0.999991417 -0.003526158 -2.623978615 -0.204765677 0.003899421 0.978803277 95.649688721
0.975922823 -0.000549052 0.218115121 3.209239960 0.001306224 0.999993682 -0.003327261 -2.645401716 -0.218111888 0.003532057 0.975917339 96.178634644
0.973006070 -0.002228446 0.230768725 3.365459442 0.003113595 0.999989152 -0.003471548 -2.651022911 -0.230758473 0.004096357 0.973002553 96.701278687
0.970242202 -0.002320536 0.242125422 3.518802643 0.003128127 0.999990821 -0.002951055 -2.670163155 -0.242116332 0.003620637 0.970240414 97.248291016
0.967537045 -0.003016836 0.252711117 3.681880951 0.004089138 0.999984741 -0.003718088 -2.673477650 -0.252696037 0.004630758 0.967534661 97.717880249
0.963849962 -0.002562850 0.266433209 3.840261459 0.003611952 0.999987543 -0.003447628 -2.697860718 -0.266420990 0.004285340 0.963847220 98.217369080
0.960438073 -0.003696715 0.278469205 4.014034271 0.004898064 0.999981463 -0.003618498 -2.709846973 -0.278450668 0.004839303 0.960438371 98.729873657
0.956980824 -0.004634908 0.290114164 4.189653397 0.006033355 0.999974072 -0.003926102 -2.727956533 -0.290088385 0.005507566 0.956983984 99.216041565
0.952592731 -0.004180839 0.304219753 4.372886658 0.005322560 0.999981582 -0.002923773 -2.749908686 -0.304201961 0.004404393 0.952597380 99.703216553
0.948231637 -0.005202477 0.317536920 4.575725555 0.006670452 0.999971509 -0.003535982 -2.764230013 -0.317509502 0.005471045 0.948239267 100.201629639
0.944333851 -0.005562134 0.328941822 4.779886246 0.007094108 0.999968886 -0.003457285 -2.780776262 -0.328912318 0.005598379 0.944343865 100.720352173
0.939590156 -0.004868143 0.342267036 4.983201981 0.006486341 0.999972582 -0.003583438 -2.793221951 -0.342240125 0.005587024 0.939595819 101.263122559
0.934218824 -0.005551141 0.356657237 5.179557800 0.007191014 0.999968708 -0.003272082 -2.808591366 -0.356627941 0.005621567 0.934229612 101.702888489
0.929426074 -0.005750157 0.368963748 5.407358170 0.007432128 0.999967456 -0.003137554 -2.825228930 -0.368933707 0.005658310 0.929438591 102.209587097
0.924985528 -0.006870155 0.379940212 5.639440536 0.008456089 0.999961138 -0.002505320 -2.856913090 -0.379908234 0.005530194 0.925007641 102.644104004
0.918914616 -0.006208322 0.394407600 5.874244690 0.007633495 0.999968767 -0.002044590 -2.872817993 -0.394382656 0.004889513 0.918933332 103.143882751
0.913276613 -0.006354188 0.407290429 6.125732422 0.008290052 0.999961197 -0.002988458 -2.871325731 -0.407255620 0.006105747 0.913293958 103.630500793
0.908347964 -0.006779333 0.418160290 6.367557526 0.008693979 0.999958634 -0.002673869 -2.887477875 -0.418124825 0.006064279 0.908369482 104.105674744
0.902631760 -0.008164608 0.430336118 6.621475220 0.010111655 0.999946356 -0.002237626 -2.908075809 -0.430294812 0.006371163 0.902665854 104.575675964
0.895951092 -0.008324352 0.444074541 6.888660431 0.010334650 0.999944389 -0.002106524 -2.916073799 -0.444032311 0.006476698 0.895987332 105.064819336
0.890155435 -0.008369848 0.455580115 7.158397675 0.010560805 0.999941647 -0.002263921 -2.936918736 -0.455534577 0.006826534 0.890191913 105.532516479
0.884435296 -0.008276530 0.466589421 7.428749084 0.010178011 0.999946892 -0.001555331 -2.958649635 -0.466551811 0.006124541 0.884472728 105.990585327
0.876888335 -0.009267229 0.480604798 7.730617523 0.011524998 0.999932051 -0.001746833 -2.979299068 -0.480555981 0.007070748 0.876935542 106.491912842
