1.000000000 0.000000000 0.000000000 0.000000000 0.000000000 1.000000000 0.000000000 0.000000000 0.000000000 0.000000000 1.000000000 0.000000000
1.000000000 0.000049840 -0.000024178 0.000058082 -0.000049841 1.000000000 -0.000033597 0.000220840 0.000024177 0.000033598 1.000000000 -0.000646809
1.000000000 0.000023191 -0.000008730 -0.000153195 -0.000023191 1.000000000 0.000062481 -0.000593997 0.000008732 -0.000062480 1.000000000 -0.000731215
1.000000000 -0.000088063 0.000065422 -0.000104515 0.000088063 1.000000000 0.000001662 0.000324299 -0.000065422 -0.000001656 1.000000000 0.000183304
1.000000000 -0.000094213 0.000070977 -0.000291832 0.000094209 1.000000000 0.000053274 -0.000587287 -0.000070982 -0.000053267 1.000000000 -0.000914077
1.000000000 -0.000021680 0.000145341 -0.000736615 0.000021676 1.000000000 0.000027530 -0.000056803 -0.000145342 -0.000027527 1.000000000 -0.000247504
1.000000000 -0.000128340 0.000093274 0.000243899 0.000128340 1.000000000 0.000002689 0.000022215 -0.000093275 -0.000002678 1.000000000 -0.000093642
1.000000000 -0.000024199 0.000081681 -0.000555370 0.000024190 1.000000000 0.000120667 -0.000692845 -0.000081684 -0.000120665 1.000000000 -0.000603904
1.000000000 -0.000015187 -0.000012770 -0.000196182 0.000015186 1.000000000 -0.000049809 0.000033552 0.000012771 0.000049809 1.000000000 -0.000069190
1.000000000 -0.000130522 0.000033266 -0.000202456 0.000130519 1.000000000 0.000073138 -0.001318285 -0.000033275 -0.000073133 1.000000000 -0.001269694
1.000000000 0.000028207 0.000050547 -0.000941143 -0.000028211 1.000000000 0.000084234 -0.000960252 -0.000050545 -0.000084235 1.000000000 -0.000417983
1.000000000 -0.000037116 0.000059997 -0.000702513 0.000037113 1.000000000 0.000047024 -0.000377924 -0.000059998 -0.000047022 1.000000000 -0.001623123
1.000000000 0.000011291 -0.000000379 -0.000637901 -0.000011291 1.000000000 -0.000062369 -0.000356495 0.000000379 0.000062369 1.000000000 -0.001027549
1.000000000 -0.000011802 0.000054575 -0.001183512 0.000011803 1.000000000 -0.000008865 0.000905955 -0.000054575 0.000008866 1.000000000 0.000641932
1.000000000 -0.000069605 0.000027588 -0.001226897 0.000069608 1.000000000 -0.000093246 0.000672974 -0.000027582 0.000093247 1.000000000 -0.000808009
1.000000000 0.000048462 -0.000043383 0.000362424 -0.000048467 1.000000000 -0.000114979 0.002375633 0.000043377 0.000114981 1.000000000 0.002083637
1.000000000 0.000030507 0.000075131 -0.000829880 -0.000030496 1.000000000 -0.000141652 0.002433821 -0.000075135 0.000141650 1.000000000 0.003101732
1.000000000 0.000090737 0.000062804 -0.001296822 -0.000090729 1.000000000 -0.000127240 0.001641701 -0.000062815 0.000127234 1.000000000 0.001361205
1.000000000 0.000152551 0.000135174 -0.001659536 -0.000152539 1.000000000 -0.000086248 0.002225432 -0.000135187 0.000086228 1.000000000 0.002720832
1.000000000 0.000082555 0.000139631 -0.001199877 -0.000082539 1.000000000 -0.000118905 0.002082160 -0.000139641 0.000118894 1.000000000 0.002227306
1.000000000 0.000099154 0.000140457 -0.001635600 -0.000099140 1.000000000 -0.000098533 0.001780639 -0.000140467 0.000098519 1.000000000 0.002059758
1.000000000 0.000125879 0.000066069 -0.001422393 -0.000125873 1.000000000 -0.000087111 0.002145535 -0.000066080 0.000087102 1.000000000 0.001993223
1.000000000 0.000120948 0.000001305 -0.000265725 -0.000120948 1.000000000 -0.000092322 0.002171304 -0.000001316 0.000092322 1.000000000 0.003398553
1.000000000 0.000080230 0.000028796 -0.000966126 -0.000080227 1.000000000 -0.000086980 0.002526887 -0.000028803 0.000086978 1.000000000 0.003647475
0.999999940 0.000331767 0.000013602 -0.001183767 -0.000331766 0.999999940 -0.000072886 0.002636578 -0.000013626 0.000072882 1.000000000 0.004253936
0.999999940 0.000241700 0.000067658 -0.001213551 -0.000241698 0.999999940 -0.000039545 0.001584123 -0.000067668 0.000039528 1.000000000 0.001845624
1.000000000 0.000105929 0.000138120 -0.001726323 -0.000105921 1.000000000 -0.000057338 0.003021376 -0.000138126 0.000057323 1.000000000 0.003930689
1.000000000 0.000149231 0.000147266 -0.001796414 -0.000149230 1.000000000 -0.000004232 0.001669435 -0.000147267 0.000004210 1.000000000 0.003000022
1.000000000 0.000118593 0.000087160 -0.001316742 -0.000118584 1.000000000 -0.000103363 0.002745913 -0.000087172 0.000103353 1.000000000 0.002808266
1.000000000 0.000141781 0.000158990 -0.002222584 -0.000141762 1.000000000 -0.000116710 0.002814435 -0.000159006 0.000116688 1.000000000 0.003373385
1.000000000 0.000111399 0.000182868 -0.001493926 -0.000111393 1.000000000 -0.000031979 0.001918122 -0.000182871 0.000031958 1.000000000 0.003508216
1.000000000 0.000057262 0.000128259 -0.000766373 -0.000057250 1.000000000 -0.000096973 0.003407541 -0.000128265 0.000096966 1.000000000 0.004291439
1.000000000 0.000155115 0.000051169 -0.000405260 -0.000155102 0.999999940 -0.000240699 0.004369846 -0.000051206 0.000240691 0.999999940 0.004461365
1.000000000 0.000071826 0.000101602 -0.000582581 -0.000071820 1.000000000 -0.000062526 0.001890958 -0.000101606 0.000062519 1.000000000 0.002366690
1.000000000 0.000174404 0.000137644 -0.002111077 -0.000174386 1.000000000 -0.000130508 0.001993557 -0.000137667 0.000130484 1.000000000 0.002232200
0.999999940 0.000178314 0.000167598 -0.001316856 -0.000178293 1.000000000 -0.000122805 0.002258066 -0.000167620 0.000122776 1.000000000 0.002460301
1.000000000 0.000123562 0.000077555 -0.001057745 -0.000123557 1.000000000 -0.000071684 0.002037203 -0.000077563 0.000071674 1.000000000 0.002297076
1.000000000 0.000155161 0.000106140 -0.001603610 -0.000155154 1.000000000 -0.000066758 0.002973136 -0.000106151 0.000066741 1.000000000 0.004116474
0.999999940 0.000225197 0.000161977 -0.001508369 -0.000225184 1.000000000 -0.000082942 0.002798449 -0.000161996 0.000082905 1.000000000 0.002565438
1.000000000 0.000152635 0.000070708 -0.000309294 -0.000152626 1.000000000 -0.000123509 0.003940715 -0.000070727 0.000123498 1.000000000 0.003589291
1.000000000 0.000047688 0.000069074 -0.000004565 -0.000047680 1.000000000 -0.000114242 0.001863429 -0.000069080 0.000114239 1.000000000 0.004337457
0.999999881 0.000425893 0.000139237 0.000902027 -0.000425817 0.999999762 -0.000543393 -0.001690393 -0.000139468 0.000543334 0.999999821 0.051403686
0.999999940 0.000368878 0.000117186 0.001801875 -0.000368750 0.999999344 -0.001094635 -0.004283983 -0.000117590 0.001094592 0.999999404 0.138961360
1.000000000 0.000160471 -0.000016070 0.004827754 -0.000160493 0.999998987 -0.001400442 -0.008454442 0.000015845 0.001400445 0.999999046 0.254369855
1.000000000 0.000138161 0.000026690 0.008313129 -0.000138127 0.999999166 -0.001284426 -0.010638198 -0.000026867 0.001284422 0.999999166 0.387905002
1.000000000 0.000121555 0.000193266 0.007998352 -0.000121353 0.999999464 -0.001046676 -0.013977809 -0.000193394 0.001046653 0.999999404 0.536800563
0.999999940 -0.000305612 -0.000111235 0.014351502 0.000305498 0.999999404 -0.001022963 -0.020822762 0.000111548 0.001022929 0.999999464 0.683064520
1.000000000 -0.000045299 0.000062451 0.020937508 0.000045339 0.999999762 -0.000653996 -0.024330033 -0.000062422 0.000653998 0.999999762 0.844792545
0.999999940 0.000030869 0.000327770 0.013250370 -0.000030686 0.999999821 -0.000555794 -0.028447604 -0.000327787 0.000555784 0.999999821 1.022146463
1.000000000 0.000093881 -0.000020859 0.023996264 -0.000093896 0.999999762 -0.000696756 -0.028782142 0.000020794 0.000696758 0.999999762 1.209903717
0.999999821 0.000090858 0.000559007 0.019335395 -0.000090715 0.999999940 -0.000254952 -0.044176452 -0.000559030 0.000254901 0.999999821 1.382950425
0.999999464 0.000328564 0.000980449 0.001676749 -0.000329824 0.999999046 0.001286010 -0.070979603 -0.000980025 -0.001286333 0.999998689 1.573631167
0.999999344 0.000239627 0.001127489 0.006273905 -0.000241288 0.999998808 0.001473944 -0.074836642 -0.001127135 -0.001474215 0.999998331 1.774218082
0.999999464 0.000206390 0.001000488 0.007360389 -0.000208143 0.999998450 0.001751887 -0.083439872 -0.001000125 -0.001752094 0.999997973 1.981473804
0.999999523 -0.000456445 0.000806570 0.015764801 0.000455022 0.999998331 0.001763008 -0.089664847 -0.000807373 -0.001762640 0.999998152 2.191348076
0.999999523 -0.000295689 0.000959697 0.017938124 0.000293768 0.999997973 0.002001627 -0.094528213 -0.000960287 -0.002001344 0.999997556 2.413666725
0.999998927 0.000282383 0.001416667 0.016448455 -0.000285019 0.999998212 0.001860732 -0.102127731 -0.001416139 -0.001861134 0.999997258 2.637029648
0.999998927 -0.000114656 0.001440286 0.023602230 0.000111861 0.999998152 0.001940356 -0.108477920 -0.001440506 -0.001940193 0.999997079 2.868510246
0.999998510 0.000000975 0.001691986 0.026517237 -0.000004289 0.999998033 0.001958416 -0.112285040 -0.001691981 -0.001958420 0.999996662 3.108541012
0.999998629 0.000381097 0.001593197 0.027639158 -0.000384614 0.999997437 0.002207848 -0.125269204 -0.001592352 -0.002208457 0.999996305 3.346718550
0.999998450 0.000214859 0.001731244 0.031134402 -0.000218633 0.999997616 0.002180088 -0.131949902 -0.001730772 -0.002180463 0.999996126 3.599336624
0.999997914 0.000425458 0.002014548 0.034169421 -0.000430102 0.999997258 0.002305541 -0.139376551 -0.002013561 -0.002306402 0.999995351 3.860573053
0.999997556 0.000611267 0.002107285 0.040379856 -0.000616810 0.999996364 0.002630903 -0.145014256 -0.002105670 -0.002632197 0.999994397 4.123389244
0.999998033 0.000610021 0.001869613 0.044202670 -0.000614860 0.999996424 0.002588823 -0.151760772 -0.001868027 -0.002589967 0.999994874 4.354929447
0.999997973 0.000296683 0.002018497 0.050466482 -0.000301715 0.999996841 0.002492843 -0.158281326 -0.002017752 -0.002493447 0.999994755 4.615556717
0.999998033 0.000182158 0.001994209 0.060417403 -0.000187287 0.999996722 0.002572404 -0.161437109 -0.001993734 -0.002572773 0.999994695 4.875744820
0.999997973 0.000674419 0.001911759 0.067363992 -0.000679448 0.999996305 0.002631021 -0.168472290 -0.001909977 -0.002632314 0.999994695 5.135748863
0.999997556 0.000664143 0.002075610 0.064722933 -0.000669566 0.999996364 0.002613091 -0.184050813 -0.002073867 -0.002614475 0.999994397 5.395702839
0.999997199 0.000835817 0.002215636 0.068718471 -0.000841644 0.999996185 0.002630068 -0.191986352 -0.002213430 -0.002631926 0.999994099 5.663538933
0.999997258 0.000751747 0.002207660 0.072323740 -0.000757288 0.999996543 0.002509929 -0.195580423 -0.002205766 -0.002511593 0.999994457 5.940764904
0.999996841 0.000709764 0.002395858 0.075827979 -0.000715585 0.999996722 0.002429683 -0.202138290 -0.002394125 -0.002431390 0.999994218 6.227643490
0.999995947 0.001157674 0.002585001 0.086552225 -0.001165216 0.999995053 0.002918173 -0.212295890 -0.002581610 -0.002921173 0.999992430 6.504770279
0.999997199 0.000456202 0.002297384 0.083910204 -0.000462633 0.999995947 0.002799391 -0.220538691 -0.002296098 -0.002800446 0.999993443 6.790216446
0.999996483 0.000868655 0.002515157 0.088572845 -0.000875641 0.999995708 0.002777937 -0.226220697 -0.002512733 -0.002780130 0.999992967 7.092637539
0.999996960 0.000756670 0.002379953 0.098112725 -0.000762985 0.999996185 0.002653961 -0.232423022 -0.002377936 -0.002655768 0.999993682 7.392016411
0.999996126 0.000486981 0.002739439 0.097198837 -0.000495078 0.999995470 0.002955471 -0.247930661 -0.002737988 -0.002956816 0.999991894 7.697332382
0.999995530 0.000962174 0.002828327 0.096829250 -0.000971256 0.999994397 0.003211349 -0.266098380 -0.002825222 -0.003214081 0.999990821 8.014728546
0.999993324 0.001730600 0.003232502 0.095419288 -0.001740691 0.999993622 0.003121389 -0.272618383 -0.003227080 -0.003126995 0.999989867 8.332354546
0.999993443 0.001608845 0.003281122 0.101574548 -0.001618977 0.999993920 0.003087653 -0.282439083 -0.003276135 -0.003092944 0.999989808 8.659235954
0.999990642 0.002142810 0.003777703 0.105517820 -0.002155161 0.999992430 0.003268615 -0.288812548 -0.003770670 -0.003276726 0.999987483 9.003990173
0.999993980 0.001548050 0.003111810 0.116556764 -0.001559043 0.999992549 0.003533668 -0.304399699 -0.003106316 -0.003538499 0.999988854 9.319932938
0.999992132 0.002126868 0.003351576 0.121312432 -0.002137841 0.999992371 0.003274028 -0.312829435 -0.003344587 -0.003281167 0.999989092 9.662137985
0.999991596 0.002134355 0.003512781 0.128307760 -0.002145767 0.999992430 0.003248207 -0.318696350 -0.003505822 -0.003255717 0.999988556 10.014711380
0.999995053 0.001504250 0.002755823 0.142622873 -0.001513850 0.999992728 0.003484772 -0.332143009 -0.002750561 -0.003488926 0.999990106 10.376605034
0.999994516 0.001718868 0.002852610 0.149210796 -0.001728919 0.999992311 0.003524624 -0.342524201 -0.002846530 -0.003529537 0.999989688 10.736655235
0.999994397 0.001670940 0.002898532 0.157186687 -0.001681018 0.999992490 0.003477879 -0.347503543 -0.002892699 -0.003482732 0.999989748 11.106119156
0.999994934 0.001221577 0.002946119 0.164566621 -0.001233354 0.999991238 0.003999055 -0.364709288 -0.002941208 -0.004002669 0.999987602 11.471818924
0.999994338 0.001625760 0.002958537 0.174702108 -0.001637271 0.999991119 0.003892322 -0.369116783 -0.002952182 -0.003897144 0.999988019 11.853497505
0.999993205 0.001524318 0.003369683 0.182505831 -0.001538654 0.999989748 0.004255847 -0.384311944 -0.003363162 -0.004261003 0.999985278 12.234419823
0.999993086 0.001366884 0.003481935 0.188862950 -0.001383088 0.999988258 0.004655373 -0.397505611 -0.003475531 -0.004660156 0.999983132 12.635867119
0.999993742 0.001440667 0.003210728 0.196108624 -0.001454922 0.999989092 0.004441803 -0.408429444 -0.003204294 -0.004446447 0.999984980 13.004251480
0.999993265 0.001700152 0.003254548 0.208344594 -0.001715352 0.999987662 0.004673203 -0.422180533 -0.003246563 -0.004678754 0.999983788 13.393005371
0.999992311 0.001976175 0.003378455 0.215677589 -0.001991712 0.999987423 0.004601744 -0.431104511 -0.003369319 -0.004608437 0.999983668 13.816549301
0.999989748 0.002744844 0.003582902 0.219206646 -0.002762255 0.999984384 0.004863470 -0.439373612 -0.003569496 -0.004873318 0.999981761 14.253430367
0.999990880 0.001672659 0.003914202 0.228678033 -0.001691704 0.999986649 0.004867585 -0.453433096 -0.003906008 -0.004874162 0.999980509 14.654657364
0.999991596 0.002062658 0.003549350 0.238057271 -0.002080085 0.999985754 0.004913451 -0.463674188 -0.003539165 -0.004920793 0.999981642 15.080831528
0.999988854 0.002076188 0.004227378 0.250328809 -0.002096117 0.999986649 0.004715404 -0.477532238 -0.004217532 -0.004724213 0.999979973 15.500954628
0.999989033 0.001566863 0.004403859 0.271251261 -0.001588968 0.999986112 0.005020511 -0.487983495 -0.004395932 -0.005027454 0.999977708 15.955491066
0.999986708 0.001678941 0.004870826 0.264786571 -0.001706101 0.999982953 0.005577330 -0.511475623 -0.004861380 -0.005585566 0.999972582 16.342689514
0.999986947 0.001566371 0.004853185 0.274489790 -0.001592644 0.999984026 0.005414446 -0.521283209 -0.004844628 -0.005422105 0.999973595 16.793796539
0.999985635 0.001630977 0.005100218 0.287059426 -0.001657884 0.999984741 0.005275878 -0.532413006 -0.005091535 -0.005284258 0.999973059 17.255905151
0.999980688 0.001834793 0.005938067 0.282781392 -0.001869052 0.999981523 0.005769093 -0.547190845 -0.005927372 -0.005780080 0.999965727 17.701637268
0.999978781 0.001391078 0.006369094 0.297284335 -0.001426840 0.999983132 0.005613757 -0.557455599 -0.006361178 -0.005622725 0.999963939 18.168195724
0.999979496 0.001658264 0.006195012 0.313770890 -0.001691441 0.999984205 0.005353886 -0.563548863 -0.006186037 -0.005364255 0.999966502 18.638866425
0.999977350 0.001855958 0.006471553 0.320194930 -0.001891701 0.999982893 0.005521301 -0.579904616 -0.006461196 -0.005533417 0.999963760 19.093318939
0.999975383 0.001971273 0.006730899 0.338500023 -0.002005807 0.999984801 0.005127714 -0.585811734 -0.006720688 -0.005141088 0.999964178 19.578994751
0.999975860 0.002207933 0.006586119 0.340638220 -0.002246755 0.999980092 0.005892998 -0.601153433 -0.006572976 -0.005907653 0.999960959 20.050100327
0.999980390 0.001262116 0.006128601 0.361490905 -0.001295248 0.999984562 0.005405214 -0.610969424 -0.006121684 -0.005413046 0.999966681 20.537570953
0.999980628 0.001388425 0.006063142 0.362460732 -0.001421102 0.999984443 0.005388604 -0.619561672 -0.006055567 -0.005397116 0.999967098 21.027624130
0.999982834 0.000789609 0.005806960 0.374952197 -0.000819217 0.999986649 0.005098212 -0.624834180 -0.005802857 -0.005102882 0.999970138 21.535568237
0.999984145 0.001843190 0.005319061 0.383181036 -0.001871530 0.999984086 0.005327975 -0.639466465 -0.005309155 -0.005337846 0.999971688 22.049200058
0.999984562 0.001992151 0.005190314 0.386849284 -0.002022688 0.999980748 0.005885016 -0.659377396 -0.005178490 -0.005895425 0.999969125 22.529157639
0.999987125 0.002017532 0.004660213 0.399854749 -0.002045956 0.999979258 0.006102534 -0.673980057 -0.004647804 -0.006111990 0.999970496 23.052335739
0.999985039 0.003079671 0.004531733 0.395263225 -0.003107307 0.999976516 0.006103975 -0.686916113 -0.004512828 -0.006117965 0.999971092 23.567737579
0.999992669 0.001553342 0.003495385 0.404924482 -0.001573882 0.999981463 0.005881481 -0.705972850 -0.003486185 -0.005886939 0.999976575 24.085329056
0.999991953 0.001963671 0.003500934 0.417079687 -0.001986090 0.999977469 0.006411712 -0.713341236 -0.003488265 -0.006418613 0.999973297 24.641002655
0.999992907 0.002707652 0.002622763 0.424293965 -0.002724039 0.999976575 0.006264633 -0.727214396 -0.002605740 -0.006271733 0.999976873 25.147987366
0.999989748 0.003465694 0.002889341 0.406586319 -0.003484875 0.999971747 0.006660185 -0.751803339 -0.002866177 -0.006670186 0.999973655 25.663002014
0.999992311 0.003207680 0.002249440 0.419882149 -0.003222907 0.999971688 0.006798618 -0.760562301 -0.002227569 -0.006805816 0.999974370 26.230043411
0.999993205 0.003134603 0.001889631 0.426956773 -0.003147152 0.999972820 0.006675261 -0.770891666 -0.001868656 -0.006681163 0.999975920 26.777341843
0.999991834 0.003639405 0.001769961 0.431556553 -0.003651641 0.999969125 0.006959937 -0.789545059 -0.001744576 -0.006966343 0.999974132 27.307832718
0.999986291 0.004974228 0.001684310 0.441828460 -0.004985646 0.999964178 0.006843446 -0.802606821 -0.001650209 -0.006851749 0.999975085 27.859323502
0.999987245 0.004890275 0.001311177 0.454939693 -0.004898753 0.999966562 0.006543412 -0.810807168 -0.001279134 -0.006549752 0.999977708 28.411334991
0.999989569 0.004387071 0.001221054 0.458768427 -0.004395737 0.999964535 0.007186410 -0.826134503 -0.001189483 -0.007191702 0.999973416 28.931108475
0.999989927 0.004419103 0.000844582 0.465024769 -0.004425243 0.999962747 0.007411140 -0.839727461 -0.000811800 -0.007414802 0.999972165 29.480684280
0.999989808 0.004483850 0.000398911 0.480355650 -0.004486599 0.999964178 0.007181816 -0.848836422 -0.000366694 -0.007183532 0.999974132 30.030252457
0.999989390 0.004571164 0.000438962 0.478236288 -0.004574164 0.999964356 0.007095734 -0.860651910 -0.000406510 -0.007097668 0.999974668 30.519653320
0.999986351 0.005157101 0.000817040 0.482002109 -0.005163053 0.999958813 0.007459585 -0.873023033 -0.000778536 -0.007463702 0.999971807 31.069074631
0.999989927 0.004520634 -0.000051217 0.496518582 -0.004520189 0.999967337 0.006701268 -0.876161218 0.000081509 -0.006700968 0.999977469 31.597738266
0.999985218 0.005435772 -0.000451748 0.510789812 -0.005432615 0.999962687 0.006720639 -0.887212276 0.000488263 -0.006718084 0.999977231 32.141265869
0.999986708 0.005143736 -0.000380790 0.510781288 -0.005141007 0.999963343 0.006849553 -0.896766782 0.000416008 -0.006847504 0.999976456 32.661045074
0.999990702 0.004272144 -0.000612576 0.523738682 -0.004267963 0.999968708 0.006671106 -0.916623890 0.000641057 -0.006668430 0.999977589 33.181297302
0.999987066 0.005043952 -0.000748160 0.524047852 -0.005039140 0.999967396 0.006299912 -0.918955803 0.000779912 -0.006296060 0.999979854 33.764675140
0.999986470 0.005128270 -0.000834144 0.528721213 -0.005122361 0.999962747 0.006937438 -0.933198392 0.000869690 -0.006933072 0.999975562 34.254768372
0.999986887 0.005020521 -0.000989187 0.543306172 -0.005012874 0.999958575 0.007587741 -0.951432824 0.001027241 -0.007582683 0.999970734 34.799339294
0.999989629 0.004483016 -0.000821634 0.549282610 -0.004476798 0.999962449 0.007419281 -0.957760036 0.000854864 -0.007415527 0.999972165 35.347358704
0.999987543 0.004958946 -0.000688699 0.556989670 -0.004953913 0.999962330 0.007126720 -0.967284262 0.000724014 -0.007123218 0.999974370 35.887180328
0.999989927 0.004394667 -0.000897454 0.550230920 -0.004388225 0.999965489 0.007058350 -0.979440629 0.000928443 -0.007054342 0.999974668 36.395530701
0.999985814 0.005121368 -0.001433253 0.559958696 -0.005111660 0.999964476 0.006696919 -0.986886978 0.001467499 -0.006689499 0.999976575 36.946369171
0.999985397 0.005286471 -0.001082018 0.567511201 -0.005279882 0.999967992 0.006005424 -0.993031979 0.001113731 -0.005999624 0.999981403 37.498558044
0.999986589 0.004958879 -0.001485589 0.568994522 -0.004948993 0.999966085 0.006585324 -1.005243897 0.001518194 -0.006577884 0.999977171 37.992424011
0.999986112 0.005037000 -0.001510368 0.579588711 -0.005027522 0.999968112 0.006214814 -1.011487722 0.001541624 -0.006207136 0.999979496 38.543601990
0.999985993 0.005091331 -0.001457786 0.580715477 -0.005081884 0.999966562 0.006411550 -1.025500774 0.001490380 -0.006404052 0.999978304 39.044952393
0.999985397 0.005232216 -0.001375949 0.588955462 -0.005223608 0.999967217 0.006186965 -1.035109162 0.001408275 -0.006179687 0.999979854 39.594638824
0.999981761 0.005900042 -0.001331970 0.606305540 -0.005891471 0.999962568 0.006350157 -1.054932952 0.001369387 -0.006342194 0.999978960 40.129364014
0.999985337 0.005260968 -0.001304185 0.597959936 -0.005253270 0.999969184 0.005836342 -1.051942468 0.001334851 -0.005829405 0.999982119 40.674846649
0.999981463 0.006014063 -0.001033405 0.605983317 -0.006007797 0.999964178 0.005963703 -1.059023738 0.001069235 -0.005957383 0.999981642 41.220779419
0.999980152 0.006177713 -0.001229904 0.624026060 -0.006170744 0.999965370 0.005591896 -1.075290442 0.001264406 -0.005584196 0.999983609 41.748844147
0.999984384 0.005423818 -0.001367744 0.615993321 -0.005415282 0.999966443 0.006169338 -1.088052511 0.001401159 -0.006161837 0.999980032 42.216106415
0.999983311 0.005698449 -0.000920244 0.622835040 -0.005692611 0.999964416 0.006225648 -1.101342797 0.000955688 -0.006220305 0.999980152 42.759429932
0.999983072 0.005678466 -0.001266636 0.642023265 -0.005670885 0.999966502 0.005910278 -1.110731125 0.001300156 -0.005902995 0.999981761 43.302478790
0.999981761 0.005945571 -0.001042890 0.640871346 -0.005939456 0.999965727 0.005772288 -1.114547729 0.001077173 -0.005765989 0.999982774 43.797824860
0.999980807 0.006072535 -0.001219402 0.650111258 -0.006065669 0.999966145 0.005558116 -1.126269341 0.001253113 -0.005550613 0.999983847 44.343463898
0.999978244 0.006503467 -0.001056251 0.663170159 -0.006498198 0.999966800 0.004918035 -1.133327365 0.001088200 -0.004911064 0.999987304 44.900413513
0.999974906 0.007063762 -0.000590249 0.659535944 -0.007060216 0.999958217 0.005809506 -1.149930358 0.000631261 -0.005805193 0.999982893 45.379325867
0.999980092 0.006285444 -0.000640439 0.668865502 -0.006281743 0.999964476 0.005625779 -1.164192557 0.000675776 -0.005621644 0.999983907 45.919727325
0.999978423 0.006526724 -0.000886095 0.693814337 -0.006521811 0.999963939 0.005438613 -1.176527619 0.000921560 -0.005432717 0.999984801 46.439350128
0.999978840 0.006311969 -0.001519674 0.688047588 -0.006303082 0.999963403 0.005783863 -1.176115155 0.001556126 -0.005774163 0.999982119 46.958618164
0.999979794 0.006199866 -0.001362946 0.694188595 -0.006192303 0.999965787 0.005486021 -1.188445807 0.001396912 -0.005477470 0.999984026 47.489486694
0.999976873 0.006739195 -0.000907073 0.704624057 -0.006734080 0.999961972 0.005529838 -1.200858116 0.000944305 -0.005523602 0.999984264 48.036457062
0.999982893 0.005649191 -0.001514611 0.703700781 -0.005640784 0.999969006 0.005497289 -1.203522086 0.001545620 -0.005488651 0.999983728 48.518066406
0.999973774 0.007175473 -0.000999947 0.709697485 -0.007169803 0.999958873 0.005562673 -1.213949680 0.001039821 -0.005555357 0.999984026 49.067451477
0.999978542 0.006498853 -0.000713535 0.713066041 -0.006494781 0.999963462 0.005568950 -1.224352360 0.000749700 -0.005564197 0.999984264 49.602348328
0.999980152 0.006216759 -0.001016350 0.719303608 -0.006211150 0.999965966 0.005430105 -1.235201597 0.001050073 -0.005423685 0.999984741 50.093040466
0.999980807 0.006082301 -0.001171376 0.730492592 -0.006076405 0.999969244 0.004972498 -1.243200302 0.001201584 -0.004965285 0.999987006 50.643585205
0.999978960 0.006377223 -0.001140419 0.740040302 -0.006371736 0.999968410 0.004751951 -1.252002239 0.001170687 -0.004744585 0.999988079 51.162322998
0.999974549 0.007094385 -0.000739145 0.742981076 -0.007090189 0.999959528 0.005533749 -1.266443253 0.000778374 -0.005528368 0.999984443 51.680595398
0.999971330 0.007547197 -0.000558006 0.751541734 -0.007544104 0.999957144 0.005352274 -1.273740530 0.000598377 -0.005347911 0.999985576 52.228073120
0.999967396 0.008056462 -0.000314545 0.760357976 -0.008054578 0.999951959 0.005591366 -1.285695434 0.000359577 -0.005588651 0.999984324 52.795944214
0.999972999 0.007334461 -0.000489329 0.774016440 -0.007331867 0.999960005 0.005111464 -1.297433853 0.000526799 -0.005107738 0.999986827 53.265327454
0.999968708 0.007895049 -0.000365609 0.780044794 -0.007893143 0.999956548 0.004949846 -1.306737304 0.000404672 -0.004946805 0.999987721 53.812564850
0.999973059 0.007305718 -0.000716620 0.792572975 -0.007301868 0.999959648 0.005236538 -1.319865108 0.000754848 -0.005231165 0.999985993 54.376476288
0.999971509 0.007534301 -0.000416772 0.801995158 -0.007532273 0.999960721 0.004670018 -1.322934151 0.000451940 -0.004666746 0.999988973 54.859416962
0.999970496 0.007676163 -0.000219064 0.807053983 -0.007674953 0.999957621 0.005078617 -1.336471558 0.000258039 -0.005076786 0.999987066 55.404106140
0.999974012 0.007192682 -0.000425468 0.822122931 -0.007190497 0.999961913 0.004932253 -1.347628832 0.000460928 -0.004929066 0.999987721 55.960994720
0.999973416 0.007305845 -0.000291892 0.820526123 -0.007304251 0.999960124 0.005141074 -1.359042048 0.000329440 -0.005138805 0.999986708 56.439170837
0.999971867 0.007473926 -0.000609590 0.831891119 -0.007471072 0.999961674 0.004558378 -1.369538307 0.000643636 -0.004553696 0.999989450 56.983860016
0.999974608 0.007110411 -0.000577349 0.842050254 -0.007107467 0.999962568 0.004951105 -1.378931165 0.000612531 -0.004946876 0.999987602 57.551948547
0.999973476 0.007281075 -0.000175325 0.844063163 -0.007280273 0.999964595 0.004209145 -1.386282325 0.000205967 -0.004207756 0.999991119 58.092601776
0.999973893 0.007221057 -0.000165497 0.853012919 -0.007220249 0.999964178 0.004444841 -1.397863507 0.000197587 -0.004443530 0.999990106 58.524959564
0.999972820 0.007363197 -0.000454742 0.867621899 -0.007361346 0.999965131 0.003949300 -1.407857656 0.000483806 -0.003945846 0.999992073 59.073879242
0.999971867 0.007494337 -0.000193929 0.875323355 -0.007493519 0.999964297 0.003923911 -1.414577961 0.000223329 -0.003922347 0.999992311 59.631923676
0.999970734 0.007649465 -0.000260383 0.884091139 -0.007648411 0.999963403 0.003833410 -1.421906352 0.000289696 -0.003831307 0.999992609 60.110420227
0.999969423 0.007828847 -0.000088691 0.899223387 -0.007828395 0.999960065 0.004293893 -1.438347101 0.000122304 -0.004293068 0.999990761 60.660278320
0.999973834 0.007238052 -0.000047762 0.905816078 -0.007237842 0.999967813 0.003481944 -1.444544315 0.000072963 -0.003481507 0.999993980 61.201663971
0.999967515 0.008048644 0.000352950 0.906476140 -0.008049911 0.999960482 0.003752525 -1.453486323 -0.000322733 -0.003755244 0.999992907 61.687858582
0.999960899 0.008826326 0.000597546 0.913768649 -0.008828538 0.999953806 0.003805357 -1.463847280 -0.000563931 -0.003810484 0.999992549 62.238769531
0.999967933 0.007992077 0.000515063 0.931756496 -0.007994021 0.999960423 0.003890487 -1.481668830 -0.000483949 -0.003894480 0.999992251 62.787773132
0.999966979 0.008090899 0.000691761 0.930675209 -0.008093367 0.999960601 0.003641913 -1.492104292 -0.000662268 -0.003647392 0.999993145 63.242733002
0.999968469 0.007933193 0.000225262 0.942867696 -0.007934039 0.999960363 0.004035994 -1.506190181 -0.000193235 -0.004037655 0.999991834 63.792533875
0.999967694 0.007984597 0.000913442 0.946097374 -0.007987838 0.999961615 0.003601067 -1.516526937 -0.000884655 -0.003608248 0.999993086 64.288383484
0.999961257 0.008705287 0.001302975 0.952544630 -0.008709136 0.999957561 0.002977511 -1.523973107 -0.001276999 -0.002988744 0.999994695 64.837173462
0.999965131 0.008290648 0.000934772 0.961315811 -0.008293347 0.999961436 0.002924969 -1.533638000 -0.000910486 -0.002932620 0.999995291 65.355422974
0.999957800 0.009040351 0.001627436 0.966261327 -0.009045608 0.999953806 0.003252999 -1.551522613 -0.001597953 -0.003267583 0.999993324 65.910118103
0.999966919 0.008080917 0.000953981 0.983213782 -0.008083595 0.999963284 0.002838971 -1.559624195 -0.000931005 -0.002846588 0.999995530 66.403205872
0.999969602 0.007743734 0.000913202 0.994952798 -0.007746281 0.999966025 0.002818078 -1.573028088 -0.000891349 -0.002825066 0.999995649 66.939071655
0.999965131 0.008261980 0.001196681 1.002024770 -0.008264998 0.999962628 0.002539523 -1.583220363 -0.001175655 -0.002549325 0.999996006 67.462532043
0.999968112 0.007962688 0.000668717 1.012978554 -0.007964146 0.999965847 0.002208078 -1.596386909 -0.000651112 -0.002213333 0.999997318 68.003761292
0.999952912 0.009526368 0.001835422 1.018714547 -0.009531396 0.999950826 0.002750952 -1.615407228 -0.001809125 -0.002768316 0.999994516 68.561325073
0.999957323 0.009120103 0.001482646 1.025372624 -0.009123554 0.999955654 0.002336470 -1.618144393 -0.001461271 -0.002349897 0.999996185 69.018524170
0.999958456 0.009026245 0.001254459 1.036125541 -0.009028529 0.999957561 0.001827168 -1.630913734 -0.001237913 -0.001838418 0.999997616 69.568084717
0.999957144 0.009102700 0.001698342 1.042788982 -0.009105726 0.999956965 0.001782305 -1.643734217 -0.001682045 -0.001797694 0.999996960 70.064697266
0.999962449 0.008496602 0.001744676 1.056568980 -0.008500278 0.999961615 0.002109706 -1.660183668 -0.001726685 -0.002124456 0.999996245 70.608596802
0.999955118 0.009289525 0.001855797 1.056293607 -0.009292532 0.999955535 0.001617787 -1.665653110 -0.001840686 -0.001634959 0.999996960 71.145797729
0.999960482 0.008670441 0.001959799 1.071332097 -0.008673425 0.999961317 0.001519557 -1.680161357 -0.001946548 -0.001536495 0.999996841 71.686134338
0.999955058 0.009382605 0.001388755 1.081828237 -0.009385316 0.999953985 0.001958937 -1.697001219 -0.001370311 -0.001971883 0.999997079 72.241760254
0.999955297 0.009265821 0.001898170 1.090872526 -0.009269406 0.999955177 0.001888960 -1.709028959 -0.001880582 -0.001906470 0.999996424 72.702049255
0.999953926 0.009388248 0.001994517 1.102644920 -0.009391193 0.999954760 0.001472858 -1.714182377 -0.001980599 -0.001491521 0.999996901 73.258689880
0.999949098 0.009877988 0.002068423 1.111974359 -0.009881523 0.999949694 0.001704841 -1.730726242 -0.002051479 -0.001725194 0.999996364 73.754875183
0.999948919 0.009885143 0.002113804 1.124768138 -0.009888528 0.999949753 0.001595230 -1.745483398 -0.002097929 -0.001616051 0.999996483 74.300727844
0.999948919 0.009823203 0.002372604 1.132336497 -0.009826836 0.999950528 0.001525506 -1.754116416 -0.002357502 -0.001548744 0.999996006 74.788551331
0.999946713 0.010028807 0.002452750 1.146486282 -0.010030748 0.999949336 0.000781213 -1.762641668 -0.002444791 -0.000805774 0.999996662 75.340660095
0.999941170 0.010547454 0.002534120 1.150629401 -0.010550045 0.999943793 0.001012226 -1.776629090 -0.002523301 -0.001038901 0.999996245 75.837638855
0.999939322 0.010774531 0.002294658 1.161389589 -0.010776592 0.999941528 0.000888416 -1.788633227 -0.002284952 -0.000913091 0.999996960 76.396949768
0.999942780 0.010359350 0.002666557 1.165890217 -0.010362246 0.999945760 0.001074596 -1.803271413 -0.002655279 -0.001102166 0.999995887 76.859863281
0.999932051 0.011285831 0.002925921 1.179221511 -0.011289432 0.999935508 0.001217210 -1.816306472 -0.002911995 -0.001250159 0.999994993 77.407653809
0.999939740 0.010641732 0.002702081 1.188519478 -0.010644516 0.999942839 0.001017870 -1.832327962 -0.002691094 -0.001046571 0.999995828 77.926078796
0.999937475 0.010860710 0.002659046 1.200401425 -0.010862184 0.999940872 0.000540583 -1.846236706 -0.002653017 -0.000569433 0.999996305 78.472373962
0.999934316 0.010812283 0.003809226 1.208254457 -0.010815518 0.999941170 0.000829284 -1.856441498 -0.003800035 -0.000870428 0.999992430 78.970039368
0.999924660 0.011117217 0.005210594 1.219682693 -0.011120786 0.999937952 0.000655949 -1.873817444 -0.005202978 -0.000713845 0.999986231 79.522659302
0.999921322 0.010901525 0.006200357 1.236424685 -0.010905424 0.999940276 0.000595379 -1.885909677 -0.006193496 -0.000662949 0.999980628 80.028411865
0.999899328 0.011715058 0.008004522 1.243993044 -0.011722482 0.999930859 0.000881086 -1.901798725 -0.007993645 -0.000974830 0.999967575 80.579910278
0.999868989 0.012048865 0.010804029 1.261505842 -0.012058136 0.999926925 0.000793438 -1.918058395 -0.010793682 -0.000923611 0.999941289 81.103363037
0.999829352 0.011711626 0.014286387 1.287230015 -0.011725198 0.999930799 0.000866492 -1.934762120 -0.014275252 -0.001033855 0.999897599 81.639289856
0.999782324 0.011799384 0.017207410 1.312763453 -0.011822517 0.999929249 0.001243270 -1.962040901 -0.017191522 -0.001446434 0.999851167 82.168563843
0.999695063 0.011616724 0.021790531 1.324764013 -0.011631186 0.999932349 0.000537108 -1.954672217 -0.021782814 -0.000790394 0.999762356 82.700256348
0.999526262 0.012078171 0.028305724 1.352566123 -0.012089354 0.999926925 0.000224013 -1.964409590 -0.028300948 -0.000566105 0.999599278 83.251304626
0.999353349 0.011584701 0.034037475 1.390275717 -0.011583426 0.999932945 -0.000234652 -1.979233623 -0.034037910 -0.000159771 0.999420524 83.792213440
0.999135077 0.011482819 0.039967027 1.420473576 -0.011467573 0.999934018 -0.000610701 -1.990291834 -0.039971404 0.000151848 0.999200881 84.326210022
0.998769462 0.011730155 0.048184965 1.460886002 -0.011734482 0.999931157 -0.000193110 -1.995344758 -0.048183914 -0.000372553 0.998838425 84.842849731
0.998349249 0.011043398 0.056361742 1.515411854 -0.011025799 0.999939084 -0.000623182 -2.005492687 -0.056365184 0.000000720 0.998410225 85.399528503
0.997914374 0.010861664 0.063630410 1.565642357 -0.010848093 0.999940991 -0.000558788 -2.022840500 -0.063632727 -0.000132646 0.997973323 85.955451965
0.997276604 0.011883014 0.072788686 1.609164715 -0.011857568 0.999929368 -0.000781709 -2.033561468 -0.072792836 -0.000083517 0.997347057 86.447540283
0.996486247 0.011958336 0.082898781 1.679962158 -0.011910094 0.999928474 -0.001076453 -2.052324295 -0.082905725 0.000085338 0.996557355 86.972648621
0.995747685 0.010612697 0.091508642 1.752470016 -0.010536908 0.999943614 -0.001311329 -2.059475183 -0.091517404 0.000341535 0.995803475 87.534141541
0.995043635 0.011127767 0.098815806 1.807340145 -0.011024171 0.999937952 -0.001594367 -2.072148085 -0.098827437 0.000497102 0.995104492 88.082878113
0.993976891 0.010948407 0.109041236 1.891396046 -0.010833345 0.999939978 -0.001647600 -2.087459803 -0.109052733 0.000456396 0.994035840 88.621284485
0.992760062 0.010822515 0.119625956 1.974227905 -0.010682540 0.999941289 -0.001811327 -2.098220110 -0.119638562 0.000520304 0.992817342 89.169746399
0.991668582 0.010339657 0.128399998 2.061460495 -0.010165050 0.999946237 -0.002015109 -2.105977774 -0.128413945 0.000693127 0.991720438 89.655723572
0.990082800 0.010469870 0.140094891 2.153871536 -0.010320540 0.999945104 -0.001792398 -2.123670101 -0.140105993 0.000328769 0.990136564 90.188796997
0.988306046 0.009953725 0.152158231 2.246269226 -0.009785211 0.999950349 -0.001856278 -2.146682501 -0.152169183 0.000345670 0.988354445 90.698730469
0.986511171 0.009401665 0.163423792 2.344366074 -0.009138076 0.999955475 -0.002364615 -2.150156021 -0.163438722 0.000839339 0.986553252 91.216125488
0.984757662 0.009453340 0.173675030 2.459939957 -0.009162624 0.999954939 -0.002475593 -2.163484812 -0.173690617 0.000846540 0.984799981 91.762886047
0.982441783 0.008985223 0.186352566 2.584124565 -0.008588231 0.999958754 -0.002937527 -2.180963516 -0.186371267 0.001285511 0.982478619 92.282394409
0.979990423 0.008801456 0.198849589 2.720179558 -0.008434485 0.999960780 -0.002692470 -2.194869280 -0.198865473 0.000961401 0.980026305 92.814346313
0.977857113 0.007866174 0.209125698 2.853727341 -0.007479032 0.999968529 -0.002641959 -2.212917089 -0.209139884 0.001019400 0.977885187 93.351280212
0.974981487 0.007905908 0.222145215 2.993541718 -0.007494241 0.999968231 -0.002696028 -2.236513376 -0.222159475 0.000963768 0.975009859 93.863571167
0.971805274 0.007949444 0.235650510 3.126617432 -0.007417552 0.999967694 -0.003143508 -2.230694771 -0.235667810 0.001306928 0.971832812 94.394836426
0.969144642 0.007751491 0.246370867 3.282590866 -0.007255195 0.999969423 -0.002922105 -2.250298500 -0.246385977 0.001044474 0.969171226 94.918594360
0.966234386 0.007902730 0.257543325 3.450487137 -0.007441774 0.999968469 -0.002764526 -2.271512508 -0.257557034 0.000754601 0.966262877 95.408645630
0.962477028 0.008086169 0.271242559 3.598096848 -0.007494943 0.999966741 -0.003215533 -2.271718979 -0.271259546 0.001061928 0.962505639 95.917152405
0.958914340 0.007147997 0.283605546 3.779420853 -0.006323317 0.999972701 -0.003823207 -2.288303852 -0.283625126 0.001872801 0.958933413 96.442573547
0.955477118 0.007038829 0.294981122 3.970138550 -0.006198884 0.999973655 -0.003782450 -2.299654961 -0.294999987 0.001785491 0.955495596 96.983116150
0.950971305 0.007783244 0.309181094 4.148475647 -0.006988127 0.999968827 -0.003679052 -2.315664053 -0.309200078 0.001338076 0.950996041 97.472839355
0.946300447 0.006607424 0.323220760 4.354423523 -0.005598347 0.999976099 -0.004051560 -2.330514669 -0.323239803 0.002024491 0.946314871 97.995254517
0.942471445 0.006965902 0.334213883 4.565530777 -0.006165027 0.999975026 -0.003456968 -2.347006559 -0.334229648 0.001197655 0.942490876 98.502929688
0.937626243 0.006643780 0.347581476 4.765499115 -0.005608662 0.999976337 -0.003984082 -2.353420734 -0.347599745 0.001786113 0.937641263 99.004257202
0.932261705 0.006732894 0.361721814 4.984395981 -0.005724414 0.999976158 -0.003859539 -2.371343851 -0.361739188 0.001527455 0.932278097 99.510513306
0.927572727 0.005667915 0.373599768 5.213665009 -0.004400317 0.999981344 -0.004245708 -2.388901234 -0.373616844 0.002294245 0.927580237 100.014282227
0.922465622 0.006247326 0.386028618 5.408735275 -0.005251063 0.999979615 -0.003635153 -2.409701347 -0.386043459 0.001326243 0.922479630 100.468360901
0.916567206 0.005240024 0.399846345 5.654243469 -0.003784483 0.999983013 -0.004429705 -2.421094894 -0.399862736 0.002546910 0.916571438 100.961669922
0.910562277 0.005274238 0.413338125 5.897090912 -0.003884286 0.999983728 -0.004203015 -2.436496735 -0.413353533 0.002221584 0.910567880 101.451873779
0.905653894 0.004229300 0.423996300 6.160667419 -0.002727949 0.999987662 -0.004147841 -2.451101542 -0.424008638 0.002599868 0.905654371 101.947769165
0.899688482 0.005277320 0.436500579 6.375152588 -0.003840229 0.999983907 -0.004174622 -2.466235638 -0.436515659 0.002079597 0.899694264 102.391372681
0.892916918 0.005595312 0.450186580 6.641239166 -0.004176219 0.999982774 -0.004145387 -2.484775066 -0.450202048 0.001821409 0.892924845 102.880020142
0.887044728 0.005333488 0.461652637 6.917430878 -0.003817292 0.999983847 -0.004218091 -2.503159046 -0.461667687 0.001979373 0.887050748 103.353004456
0.881255627 0.004220287 0.472621083 7.150981903 -0.002562569 0.999988079 -0.004151230 -2.514662027 -0.472632974 0.002447171 0.881255984 103.745368958
0.873623788 0.004216250 0.486583769 7.433021545 -0.002431214 0.999987781 -0.004299840 -2.536262512 -0.486595958 0.002573454 0.873623371 104.203277588
