1.000000000 0.000000000 0.000000000 0.000000000 0.000000000 1.000000000 0.000000000 0.000000000 0.000000000 0.000000000 1.000000000 0.000000000
1.000000000 0.000010798 0.000046702 0.000213118 -0.000010803 1.000000000 0.000097919 -0.000514552 -0.000046701 -0.000097919 1.000000000 -0.000363717
1.000000000 0.000024103 -0.000106235 0.001120456 -0.000024095 1.000000000 0.000067998 -0.000886229 0.000106237 -0.000067995 1.000000000 -0.001310247
1.000000000 0.000068308 -0.000052995 0.000421072 -0.000068306 1.000000000 0.000034524 0.000039202 0.000052997 -0.000034520 1.000000000 0.001689421
1.000000000 0.000054612 0.000024536 -0.000423772 -0.000054612 1.000000000 0.000022453 -0.000202615 -0.000024535 -0.000022454 1.000000000 -0.000081346
1.000000000 0.000067699 -0.000054300 -0.000289657 -0.000067699 1.000000000 0.000012298 -0.000291475 0.000054301 -0.000012294 1.000000000 -0.000430586
1.000000000 0.000076965 -0.000080292 0.000619801 -0.000076962 1.000000000 0.000039380 -0.000992046 0.000080295 -0.000039374 1.000000000 -0.001774381
1.000000000 -0.000000190 -0.000011434 0.000567298 0.000000190 1.000000000 -0.000055506 0.000460086 0.000011434 0.000055506 1.000000000 -0.000180211
1.000000000 -0.000013241 0.000110503 0.000412473 0.000013237 1.000000000 0.000036829 -0.000566076 -0.000110504 -0.000036828 1.000000000 -0.001506136
1.000000000 -0.000140962 -0.000021847 0.000854764 0.000140961 1.000000000 -0.000053947 0.001035250 0.000021854 0.000053944 1.000000000 0.001706277
1.000000000 -0.000084720 -0.000050963 0.000843857 0.000084721 1.000000000 0.000015989 -0.000036064 0.000050962 -0.000015993 1.000000000 0.001849985
1.000000000 0.000005490 0.000028117 0.000233927 -0.000005485 1.000000000 -0.000184894 0.002276682 -0.000028119 0.000184894 1.000000000 0.003292408
1.000000000 -0.000118080 0.000004053 0.000170068 0.000118080 1.000000000 0.000046846 0.000355065 -0.000004058 -0.000046846 1.000000000 0.001356219
1.000000000 -0.000049100 -0.000008855 0.000490216 0.000049101 1.000000000 0.000099615 0.000181843 0.000008850 -0.000099616 1.000000000 0.001061305
1.000000000 -0.000085988 -0.000051794 0.001074609 0.000085993 1.000000000 0.000106174 -0.000462924 0.000051785 -0.000106179 1.000000000 0.000394538
1.000000000 -0.000060015 -0.000051558 0.000027876 0.000060013 1.000000000 -0.000025831 0.000150703 0.000051559 0.000025827 1.000000000 -0.000188351
1.000000000 0.000157607 0.000077494 -0.000942181 -0.000157608 1.000000000 0.000015731 0.000318519 -0.000077492 -0.000015743 1.000000000 0.001257074
0.999999940 -0.000009741 -0.000255158 0.001333068 0.000009712 1.000000000 -0.000115799 0.000574895 0.000255160 0.000115797 0.999999940 0.000278768
0.999999940 -0.000246856 -0.000082343 0.001098828 0.000246853 0.999999940 -0.000045847 -0.000020420 0.000082354 0.000045827 1.000000000 0.000640489
1.000000000 -0.000083389 0.000038235 0.000496423 0.000083391 1.000000000 -0.000032512 0.000551824 -0.000038232 0.000032515 1.000000000 0.001670010
1.000000000 0.000100413 0.000051766 -0.000693613 -0.000100409 1.000000000 -0.000072913 0.001026838 -0.000051773 0.000072907 1.000000000 0.002346599
1.000000000 -0.000041700 -0.000040988 0.000329645 0.000041702 1.000000000 0.000028058 0.000816093 0.000040987 -0.000028060 1.000000000 0.001090070
1.000000000 -0.000179084 -0.000064811 0.001879753 0.000179083 1.000000000 -0.000016364 0.000585547 0.000064814 0.000016353 1.000000000 0.001852152
1.000000000 -0.000041764 0.000094511 -0.000172369 0.000041768 1.000000000 -0.000044638 0.001667702 -0.000094509 0.000044642 1.000000000 0.001604012
1.000000000 -0.000061173 -0.000102485 0.001534031 0.000061169 1.000000000 -0.000038659 0.000950950 0.000102487 0.000038653 1.000000000 0.001101401
1.000000000 0.000071053 -0.000007695 0.000321966 -0.000071054 1.000000000 -0.000115788 0.001412443 0.000007686 0.000115789 1.000000000 0.000519903
1.000000000 0.000069801 0.000159061 -0.000819372 -0.000069780 1.000000000 -0.000130284 0.000769939 -0.000159070 0.000130273 1.000000000 -0.000076465
1.000000000 -0.000017626 -0.000014908 -0.000050921 0.000017624 1.000000000 -0.000092003 0.000381889 0.000014910 0.000092003 1.000000000 0.000094294
1.000000000 -0.000028949 0.000002739 -0.001383678 0.000028949 1.000000000 0.000006729 0.001139172 -0.000002739 -0.000006729 1.000000000 0.002577875
1.000000000 0.000090264 0.000161807 -0.001575606 -0.000090255 1.000000000 -0.000055574 0.001293465 -0.000161812 0.000055559 1.000000000 0.001653487
1.000000000 -0.000004753 -0.000011652 0.000636692 0.000004754 1.000000000 0.000086717 0.000248038 0.000011651 -0.000086717 1.000000000 0.000215368
1.000000000 0.000018475 0.000126803 -0.001464451 -0.000018483 1.000000000 0.000068927 0.000408507 -0.000126802 -0.000068929 1.000000000 0.001786820
1.000000000 -0.000042814 0.000105151 -0.000881782 0.000042813 1.000000000 0.000014782 -0.000140472 -0.000105152 -0.000014777 1.000000000 0.000677001
1.000000000 -0.000068953 0.000044534 -0.000471237 0.000068951 1.000000000 0.000041840 0.000604448 -0.000044537 -0.000041837 1.000000000 0.001279799
1.000000000 0.000039089 0.000128179 -0.001200397 -0.000039082 1.000000000 -0.000060729 0.001894404 -0.000128181 0.000060724 1.000000000 0.003105544
1.000000000 0.000092066 0.000176311 -0.002121925 -0.000092049 1.000000000 -0.000095927 0.002892775 -0.000176319 0.000095911 1.000000000 0.003666262
0.999999940 -0.000255272 0.000049585 -0.000394179 0.000255270 0.999999940 0.000022001 0.000870301 -0.000049591 -0.000021988 1.000000000 0.001931185
1.000000000 -0.000009936 0.000094219 -0.001099366 0.000009927 1.000000000 0.000097369 0.000527624 -0.000094220 -0.000097368 1.000000000 0.001055883
1.000000000 -0.000128448 -0.000016235 -0.000136311 0.000128448 1.000000000 -0.000027427 0.001195950 0.000016238 0.000027425 1.000000000 0.001569023
0.999999940 0.000087847 0.000284963 -0.001990384 -0.000087864 1.000000000 0.000059255 -0.000522917 -0.000284957 -0.000059280 0.999999940 0.002256293
0.999999940 -0.000085921 0.000281721 -0.000707039 0.000086117 0.999999762 -0.000696258 -0.001727247 -0.000281661 0.000696282 0.999999702 0.052190237
0.999999940 0.000239875 0.000202257 -0.000164115 -0.000239616 0.999999166 -0.001282859 -0.004571471 -0.000202564 0.001282810 0.999999166 0.134287983
0.999999881 0.000530604 -0.000009925 0.003045964 -0.000530618 0.999998808 -0.001463282 -0.004200995 0.000009149 0.001463287 0.999998927 0.253740042
0.999999940 0.000339687 0.000019092 0.004513081 -0.000339663 0.999999166 -0.001224837 -0.012895570 -0.000019508 0.001224830 0.999999225 0.382048398
0.999999940 0.000387684 0.000135614 0.006810000 -0.000387528 0.999999285 -0.001149653 -0.015463347 -0.000136060 0.001149600 0.999999344 0.527967989
1.000000000 0.000235055 0.000035999 0.013332055 -0.000235013 0.999999285 -0.001178146 -0.018690048 -0.000036276 0.001178137 0.999999285 0.681043088
0.999999940 0.000127799 0.000223415 0.016032949 -0.000127551 0.999999404 -0.001110463 -0.021158097 -0.000223556 0.001110434 0.999999344 0.851146877
0.999999821 0.000483833 0.000309875 0.013824794 -0.000483573 0.999999523 -0.000838293 -0.025982732 -0.000310280 0.000838143 0.999999583 1.019178033
0.999999881 0.000176836 0.000452974 0.015963918 -0.000176736 0.999999940 -0.000220561 -0.035108428 -0.000453012 0.000220481 0.999999881 1.188763022
0.999999881 0.000355604 0.000367557 0.018106695 -0.000355444 0.999999821 -0.000435373 -0.036465980 -0.000367712 0.000435243 0.999999821 1.372675300
0.999999940 0.000311577 0.000093727 0.030206900 -0.000311531 0.999999821 -0.000496473 -0.043884002 -0.000093882 0.000496444 0.999999881 1.572031379
0.999998808 0.001355427 0.000773863 0.021272436 -0.001355046 0.999998987 -0.000493334 -0.045724869 -0.000774531 0.000492285 0.999999583 1.776694894
0.999999881 0.000520102 -0.000022184 0.040683258 -0.000520114 0.999999702 -0.000561296 -0.048758488 0.000021892 0.000561308 0.999999821 1.963231564
0.999999344 0.000702321 0.000904457 0.030756105 -0.000701673 0.999999523 -0.000716388 -0.054512337 -0.000904959 0.000715753 0.999999344 2.179446697
0.999999106 0.000978488 0.000881226 0.030190952 -0.000977813 0.999999225 -0.000766012 -0.061733395 -0.000881974 0.000765150 0.999999344 2.386619806
0.999999404 0.000963826 -0.000566332 0.067401074 -0.000963885 0.999999464 -0.000103500 -0.079394341 0.000566232 0.000104046 0.999999821 2.611341715
0.999999940 0.000203550 -0.000277148 0.074641958 -0.000203454 0.999999940 0.000347607 -0.092971221 0.000277219 -0.000347551 0.999999881 2.827169180
0.999999225 0.001041323 -0.000709560 0.078407913 -0.001041282 0.999999404 0.000058519 -0.093412362 0.000709620 -0.000057780 0.999999762 3.072455168
0.999999106 0.000867159 -0.001039843 0.088453837 -0.000867491 0.999999642 -0.000318060 -0.096947074 0.001039566 0.000318962 0.999999464 3.308763504
0.999999464 0.000361374 -0.000939984 0.093462244 -0.000361223 0.999999940 0.000160584 -0.109824337 0.000940042 -0.000160244 0.999999583 3.545026541
0.999999523 0.000658975 -0.000711161 0.093509324 -0.000658940 0.999999762 0.000049070 -0.112920053 0.000711193 -0.000048602 0.999999762 3.818228006
0.999999523 0.000775475 -0.000552824 0.094932981 -0.000775622 0.999999642 -0.000265676 -0.117097087 0.000552618 0.000266104 0.999999821 4.078322411
0.999999404 0.000978047 -0.000354357 0.097691230 -0.000977934 0.999999464 0.000319039 -0.127891272 0.000354668 -0.000318693 0.999999940 4.330566883
0.999999702 0.000659408 -0.000169995 0.102184899 -0.000659378 0.999999762 0.000174301 -0.130033985 0.000170110 -0.000174189 1.000000000 4.585866928
0.999999404 0.000873281 -0.000642608 0.114751346 -0.000873298 0.999999642 -0.000026233 -0.135939941 0.000642585 0.000026794 0.999999762 4.852719784
0.999999285 0.000990684 -0.000559769 0.117757872 -0.000990798 0.999999464 -0.000203672 -0.138063848 0.000559567 0.000204226 0.999999821 5.112510204
0.999999523 0.000929365 -0.000353274 0.120303757 -0.000929462 0.999999583 -0.000274472 -0.150225997 0.000353019 0.000274801 0.999999881 5.375930786
0.999999404 0.000903850 -0.000644495 0.138068751 -0.000904047 0.999999583 -0.000305564 -0.154703066 0.000644218 0.000306147 0.999999762 5.647534847
0.999999583 0.000695050 -0.000474625 0.126341015 -0.000694895 0.999999642 0.000325570 -0.168535769 0.000474851 -0.000325240 0.999999821 5.905150414
0.999999642 0.000627107 -0.000625557 0.133988827 -0.000626932 0.999999702 0.000279625 -0.178197056 0.000625733 -0.000279232 0.999999762 6.181823254
0.999999404 0.001047338 -0.000107092 0.135940909 -0.001047279 0.999999285 0.000551155 -0.186122432 0.000107669 -0.000551042 0.999999821 6.464343548
0.999999642 0.000827281 -0.000070897 0.143785432 -0.000827249 0.999999523 0.000445760 -0.196349084 0.000071266 -0.000445701 0.999999940 6.739891052
0.999999285 0.001141372 -0.000343493 0.146817401 -0.001141285 0.999999344 0.000252208 -0.202340379 0.000343780 -0.000251815 0.999999881 7.057490349
0.999999702 0.000681062 -0.000410941 0.153360128 -0.000680975 0.999999762 0.000212470 -0.208259374 0.000411086 -0.000212190 0.999999881 7.354801178
0.999999642 0.000819130 -0.000134426 0.160801977 -0.000819144 0.999999702 -0.000105055 -0.217795417 0.000134340 0.000105165 0.999999940 7.667253017
0.999999642 0.000832144 -0.000163488 0.172192246 -0.000832051 0.999999583 0.000569019 -0.236982465 0.000163962 -0.000568883 0.999999762 7.962076187
0.999999702 0.000751314 -0.000247100 0.167545766 -0.000751189 0.999999523 0.000503564 -0.240690261 0.000247478 -0.000503378 0.999999762 8.310224533
0.999999642 0.000791447 -0.000152824 0.175773501 -0.000791365 0.999999523 0.000535423 -0.254336745 0.000153248 -0.000535302 0.999999821 8.632831573
0.999999821 0.000577375 0.000005394 0.189318016 -0.000577380 0.999999464 0.000897854 -0.266659975 -0.000004875 -0.000897857 0.999999583 8.960288048
0.999999762 0.000618575 -0.000195316 0.192451939 -0.000618321 0.999998927 0.001296211 -0.281740963 0.000196118 -0.001296090 0.999999166 9.301289558
0.999999404 0.001109075 0.000124860 0.188080236 -0.001109160 0.999999166 0.000679869 -0.284056634 -0.000124106 -0.000680007 0.999999762 9.658102989
0.999999940 0.000420770 -0.000331420 0.202937111 -0.000420586 0.999999762 0.000556254 -0.292373270 0.000331654 -0.000556115 0.999999762 10.003780365
0.999999821 0.000679419 -0.000240115 0.215269387 -0.000679147 0.999999166 0.001132168 -0.308591545 0.000240884 -0.001132005 0.999999404 10.354506493
0.999999762 0.000830878 -0.000052324 0.209295884 -0.000830843 0.999999404 0.000682422 -0.315034389 0.000052891 -0.000682378 0.999999762 10.732291222
0.999999762 0.000591669 0.000239220 0.213367179 -0.000591794 0.999999702 0.000521397 -0.320499510 -0.000238912 -0.000521538 0.999999881 11.104686737
0.999999821 0.000582254 0.000029172 0.224339947 -0.000582270 0.999999702 0.000549592 -0.334526330 -0.000028852 -0.000549609 0.999999881 11.479362488
0.999999940 0.000363722 -0.000074211 0.233330056 -0.000363651 0.999999404 0.000955739 -0.345999926 0.000074558 -0.000955712 0.999999523 11.851265907
0.999999762 0.000682434 -0.000098147 0.243325979 -0.000682333 0.999999166 0.001028490 -0.359934986 0.000098849 -0.001028422 0.999999464 12.234383583
0.999999881 0.000505187 -0.000186747 0.254285723 -0.000505078 0.999999702 0.000582929 -0.365553439 0.000187042 -0.000582834 0.999999821 12.627606392
0.999999404 0.001060128 0.000169102 0.256950468 -0.001060231 0.999999285 0.000610207 -0.374344796 -0.000168455 -0.000610386 0.999999821 13.031006813
0.999999702 0.000768997 -0.000052490 0.267290592 -0.000768964 0.999999523 0.000631679 -0.385912418 0.000052975 -0.000631638 0.999999821 13.435492516
0.999999762 0.000442355 0.000491863 0.271383703 -0.000442673 0.999999702 0.000645732 -0.392603070 -0.000491577 -0.000645949 0.999999702 13.858321190
0.999999821 0.000340055 0.000459466 0.280574828 -0.000340338 0.999999762 0.000614071 -0.405374199 -0.000459257 -0.000614227 0.999999702 14.258340836
0.999999464 0.000904397 0.000521738 0.289928883 -0.000904558 0.999999583 0.000307653 -0.413496971 -0.000521459 -0.000308124 0.999999821 14.687354088
0.999999702 0.000656388 0.000475602 0.302111596 -0.000656801 0.999999344 0.000868184 -0.430379719 -0.000475032 -0.000868496 0.999999464 15.108213425
0.999999821 0.000414292 0.000481989 0.316547632 -0.000414673 0.999999583 0.000789174 -0.443731576 -0.000481662 -0.000789374 0.999999583 15.541685104
0.999999523 0.000225445 0.000894539 0.325854391 -0.000226130 0.999999821 0.000765829 -0.455543846 -0.000894366 -0.000766031 0.999999285 15.980829239
0.999999464 0.000180318 0.001036843 0.335954726 -0.000181227 0.999999583 0.000876729 -0.466642648 -0.001036684 -0.000876917 0.999999106 16.425731659
0.999998987 0.000219515 0.001375224 0.343283683 -0.000220335 0.999999821 0.000596786 -0.478560925 -0.001375092 -0.000597089 0.999998808 16.868553162
0.999998987 0.000141770 0.001409298 0.354016840 -0.000142792 0.999999762 0.000724787 -0.491851211 -0.001409195 -0.000724988 0.999998748 17.327489853
0.999997675 0.000458172 0.002096095 0.359475195 -0.000459782 0.999999583 0.000767692 -0.501079977 -0.002095742 -0.000768654 0.999997497 17.792921066
0.999996960 0.000544875 0.002402399 0.369117737 -0.000545888 0.999999702 0.000421066 -0.511432052 -0.002402170 -0.000422377 0.999997020 18.261228561
0.999997377 0.000428043 0.002247221 0.388251483 -0.000429654 0.999999583 0.000716500 -0.523535192 -0.002246914 -0.000717464 0.999997139 18.724414825
0.999995291 0.001116656 0.002844909 0.388724148 -0.001117014 0.999999344 0.000124471 -0.529494703 -0.002844769 -0.000127648 0.999995887 19.200218201
0.999995172 0.000999788 0.002923862 0.404476672 -0.001000065 0.999999464 0.000093330 -0.541210115 -0.002923767 -0.000096254 0.999995649 19.678377151
0.999996126 0.000739570 0.002730415 0.411799133 -0.000740019 0.999999702 0.000163363 -0.551782727 -0.002730294 -0.000165383 0.999996245 20.157062531
0.999996066 0.001030642 0.002614000 0.426196367 -0.001031742 0.999999404 0.000419358 -0.568470299 -0.002613566 -0.000422054 0.999996543 20.647197723
0.999996781 0.000966120 0.002340268 0.436375648 -0.000964819 0.999999344 -0.000556948 -0.567185938 -0.002340804 0.000554689 0.999997079 21.156063080
0.999998629 0.000842513 0.001429675 0.454412937 -0.000843088 0.999999523 0.000401292 -0.594292581 -0.001429337 -0.000402497 0.999998868 21.654134750
0.999997735 0.001241688 0.001724984 0.456110507 -0.001242679 0.999999046 0.000573756 -0.612160683 -0.001724271 -0.000575898 0.999998391 22.158638000
0.999999344 0.000964407 0.000603988 0.474327087 -0.000964914 0.999999166 0.000839357 -0.630560935 -0.000603178 -0.000839939 0.999999464 22.654664993
0.999999285 0.001182800 -0.000040644 0.487999886 -0.001182764 0.999998868 0.000860681 -0.644374549 0.000041662 -0.000860632 0.999999642 23.192089081
0.999999166 0.000264430 -0.001216831 0.502658784 -0.000263830 0.999999821 0.000493399 -0.659269094 0.001216961 -0.000493078 0.999999166 23.711797714
0.999999166 0.000028411 -0.001275895 0.504558563 -0.000028123 1.000000000 0.000226200 -0.673030376 0.001275902 -0.000226164 0.999999166 24.245609283
0.999998152 0.000764855 -0.001727901 0.510846555 -0.000764137 0.999999702 0.000416638 -0.685524881 0.001728219 -0.000415317 0.999998391 24.783321381
0.999995172 0.001700032 -0.002608154 0.524034858 -0.001698104 0.999998212 0.000741397 -0.704805315 0.002609410 -0.000736965 0.999996245 25.321365356
0.999994218 0.001465803 -0.003076915 0.533398569 -0.001463540 0.999998629 0.000737585 -0.716126025 0.003077992 -0.000733078 0.999994993 25.878627777
0.999993384 0.001408514 -0.003350085 0.539866805 -0.001405614 0.999998569 0.000868069 -0.734848142 0.003351302 -0.000863355 0.999993980 26.427177429
0.999991715 0.001120121 -0.003910788 0.541605473 -0.001115586 0.999998629 0.001161561 -0.745932400 0.003912084 -0.001157189 0.999991655 26.963413239
0.999990225 0.000032792 -0.004413560 0.557051003 -0.000025865 0.999998748 0.001569448 -0.769928753 0.004413607 -0.001569319 0.999989033 27.502653122
0.999988854 0.001313913 -0.004533614 0.560758352 -0.001311122 0.999998987 0.000618390 -0.779056489 0.004534421 -0.000612439 0.999989510 28.061595917
0.999987841 0.001817056 -0.004589415 0.556715250 -0.001811557 0.999997616 0.001202076 -0.792001009 0.004591589 -0.001193747 0.999988675 28.621339798
0.999985218 0.001789989 -0.005132686 0.565805197 -0.001785721 0.999998093 0.000836055 -0.804547608 0.005134173 -0.000826878 0.999986470 29.162591934
0.999984026 0.001577143 -0.005428907 0.575119078 -0.001569812 0.999997854 0.001354380 -0.823412776 0.005431032 -0.001345836 0.999984324 29.716650009
0.999981999 0.001836652 -0.005710097 0.578988969 -0.001828227 0.999997199 0.001480222 -0.836167455 0.005712800 -0.001469756 0.999982595 30.259395599
0.999979377 0.001435140 -0.006266684 0.592372954 -0.001425013 0.999997735 0.001620111 -0.855758190 0.006268994 -0.001611147 0.999979019 30.798376083
0.999976397 0.001573295 -0.006688811 0.600033641 -0.001563274 0.999997616 0.001503158 -0.868452072 0.006691160 -0.001492666 0.999976516 31.353733063
0.999975502 0.001887873 -0.006738745 0.605980635 -0.001877913 0.999997079 0.001483972 -0.880728245 0.006741527 -0.001471281 0.999976218 31.905639648
0.999970376 0.001522237 -0.007541812 0.619525909 -0.001509703 0.999997437 0.001667433 -0.898827374 0.007544331 -0.001655997 0.999970198 32.448562622
0.999972641 0.001904666 -0.007139732 0.618775010 -0.001892639 0.999996781 0.001690854 -0.907139957 0.007142930 -0.001677296 0.999973059 32.985633850
0.999967575 0.001823492 -0.007832057 0.626406908 -0.001815304 0.999997795 0.001052495 -0.921861231 0.007833958 -0.001038243 0.999968767 33.525409698
0.999970436 0.002261110 -0.007351248 0.631238341 -0.002251844 0.999996662 0.001268492 -0.932824314 0.007354091 -0.001251900 0.999972165 34.084613800
0.999969602 0.001807403 -0.007583400 0.633896351 -0.001799447 0.999997854 0.001055739 -0.948581278 0.007585293 -0.001042061 0.999970675 34.630149841
0.999967635 0.002273861 -0.007706755 0.642134666 -0.002263563 0.999996543 0.001344651 -0.964246511 0.007709785 -0.001327163 0.999969423 35.173805237
0.999969125 0.002110666 -0.007560621 0.644784570 -0.002101521 0.999997020 0.001217402 -0.976313233 0.007563170 -0.001201475 0.999970734 35.722526550
0.999967098 0.002606276 -0.007675420 0.653776169 -0.002596119 0.999995649 0.001332964 -0.998715520 0.007678861 -0.001312994 0.999969661 36.264884949
0.999964237 0.002187230 -0.008186585 0.662860274 -0.002175256 0.999996543 0.001471241 -1.009334087 0.008189776 -0.001453380 0.999965429 36.813934326
0.999964833 0.002543069 -0.007994550 0.669246674 -0.002529620 0.999995351 0.001691842 -1.025265098 0.007998817 -0.001671559 0.999966621 37.360355377
0.999958813 0.001808353 -0.008891662 0.677423477 -0.001794075 0.999997079 0.001613538 -1.041800141 0.008894553 -0.001597519 0.999959171 37.913204193
0.999957383 0.001291753 -0.009138282 0.684252977 -0.001279331 0.999998212 0.001365112 -1.055032492 0.009140030 -0.001353363 0.999957323 38.463542938
0.999957144 0.001902492 -0.009050689 0.689633191 -0.001884624 0.999996245 0.001982276 -1.076992989 0.009054426 -0.001965134 0.999957085 39.006378174
0.999954760 0.002202514 -0.009240445 0.699642897 -0.002184930 0.999995708 0.001912592 -1.093105912 0.009244617 -0.001892316 0.999955535 39.551803589
0.999955952 0.002154709 -0.009134221 0.705763757 -0.002136008 0.999995649 0.002056617 -1.106635571 0.009138614 -0.002037016 0.999956191 40.102394104
0.999955535 0.001936672 -0.009230291 0.706745267 -0.001918245 0.999996066 0.002004742 -1.120011806 0.009234137 -0.001986946 0.999955416 40.650272369
0.999957085 0.002152810 -0.009019096 0.715316415 -0.002136261 0.999995947 0.001844098 -1.132305264 0.009023032 -0.001824751 0.999957621 41.192367554
0.999960005 0.002752066 -0.008515903 0.714776516 -0.002735012 0.999994218 0.002013605 -1.140913010 0.008521395 -0.001990233 0.999961734 41.727184296
0.999950767 0.002431418 -0.009622469 0.721428633 -0.002412447 0.999995112 0.001982635 -1.159734964 0.009627242 -0.001959323 0.999951720 42.292594910
0.999951839 0.002882218 -0.009379407 0.726425767 -0.002865874 0.999994397 0.001755487 -1.170579672 0.009384415 -0.001728522 0.999954462 42.843009949
0.999945462 0.003532924 -0.009825674 0.739858508 -0.003513576 0.999991834 0.001985606 -1.185562611 0.009832608 -0.001950975 0.999949753 43.380458832
0.999949574 0.002672222 -0.009681916 0.732318878 -0.002651836 0.999994218 0.002117851 -1.199391246 0.009687521 -0.002092069 0.999950826 43.937427521
0.999950945 0.001999120 -0.009697210 0.736663103 -0.001976874 0.999995410 0.002303058 -1.213610888 0.009701771 -0.002283775 0.999950290 44.475658417
0.999948263 0.002322439 -0.009904520 0.739376366 -0.002298099 0.999994338 0.002468137 -1.229965806 0.009910196 -0.002445247 0.999947846 45.025131226
0.999949336 0.002828797 -0.009658752 0.741126001 -0.002812258 0.999994576 0.001725508 -1.233949661 0.009663581 -0.001698258 0.999951780 45.581420898
0.999948263 0.002114855 -0.009954222 0.753550887 -0.002097694 0.999996305 0.001734176 -1.248587966 0.009957853 -0.001713205 0.999948919 46.130699158
0.999944448 0.001352599 -0.010456808 0.764270306 -0.001338434 0.999998212 0.001361517 -1.259145379 0.010458631 -0.001347446 0.999944389 46.662269592
0.999947071 0.002519908 -0.009975108 0.764960408 -0.002497978 0.999994457 0.002210328 -1.278239608 0.009980621 -0.002185293 0.999947786 47.209667206
0.999939859 0.001834656 -0.010809937 0.779148579 -0.001811416 0.999996066 0.002159280 -1.292790651 0.010813856 -0.002139569 0.999939203 47.746887207
0.999947071 0.002271747 -0.010031226 0.764520645 -0.002253987 0.999995887 0.001781377 -1.299833417 0.010035232 -0.001758673 0.999948084 48.322895050
0.999947011 0.002358623 -0.010018975 0.772850871 -0.002334013 0.999994159 0.002467258 -1.322932124 0.010024735 -0.002443743 0.999946713 48.850410461
0.999949157 0.002571134 -0.009749725 0.775758028 -0.002547605 0.999993801 0.002424897 -1.335592866 0.009755899 -0.002399935 0.999949515 49.400661469
0.999947786 0.002765257 -0.009838851 0.781755626 -0.002742233 0.999993503 0.002352815 -1.348474860 0.009845293 -0.002325712 0.999948859 49.954563141
0.999948382 0.002651963 -0.009809087 0.787163496 -0.002628275 0.999993622 0.002427075 -1.364167333 0.009815462 -0.002401169 0.999948919 50.497245789
0.999945223 0.002451958 -0.010175075 0.792837143 -0.002433074 0.999995410 0.001867889 -1.374690175 0.010179608 -0.001843030 0.999946535 51.052272797
0.999943733 0.002244608 -0.010366484 0.799156427 -0.002222651 0.999995291 0.002129128 -1.392195940 0.010371212 -0.002105967 0.999943972 51.592632294
0.999940515 0.002326044 -0.010655143 0.809325933 -0.002303687 0.999995112 0.002109982 -1.407491446 0.010659999 -0.002085310 0.999940991 52.143505096
0.999939740 0.002092657 -0.010780417 0.818513513 -0.002075174 0.999996543 0.001632673 -1.421373129 0.010783797 -0.001610203 0.999940574 52.697559357
0.999944627 0.001935601 -0.010341435 0.819648981 -0.001916725 0.999996483 0.001834860 -1.433565259 0.010344950 -0.001814937 0.999944866 53.232273102
0.999944210 0.002262171 -0.010330043 0.823563516 -0.002242904 0.999995649 0.001876343 -1.450685859 0.010334246 -0.001853069 0.999944866 53.778636932
0.999944270 0.002156809 -0.010337382 0.833927095 -0.002135970 0.999995649 0.002026530 -1.467410326 0.010341707 -0.002004337 0.999944508 54.323364258
0.999947250 0.002014220 -0.010074262 0.826302707 -0.001996771 0.999996483 0.001741829 -1.477325439 0.010077734 -0.001721621 0.999947727 54.860805511
0.999950886 0.002092592 -0.009685444 0.825698853 -0.002078956 0.999996841 0.001417702 -1.490792036 0.009688380 -0.001397496 0.999952078 55.405754089
0.999946296 0.002610053 -0.010023397 0.833338916 -0.002593769 0.999995232 0.001637249 -1.502007127 0.010027621 -0.001611163 0.999948442 55.949092865
0.999944270 0.002327413 -0.010296413 0.836888254 -0.002310543 0.999996066 0.001650057 -1.516362429 0.010300212 -0.001626175 0.999945641 56.484008789
0.999943137 0.002282012 -0.010412144 0.852363348 -0.002265557 0.999996185 0.001591914 -1.537133694 0.010415738 -0.001568235 0.999944568 57.011753082
0.999944448 0.002615687 -0.010205568 0.853859425 -0.002599198 0.999995291 0.001628642 -1.543776155 0.010209780 -0.001602025 0.999946535 57.577850342
0.999941766 0.002539475 -0.010483712 0.861673355 -0.002521367 0.999995291 0.001740074 -1.565285921 0.010488083 -0.001713540 0.999943435 58.110984802
0.999942839 0.002825895 -0.010307188 0.869108617 -0.002804946 0.999994040 0.002046278 -1.581765890 0.010312906 -0.002017251 0.999944746 58.645210266
0.999948859 0.002947019 -0.009669716 0.855736434 -0.002931873 0.999994457 0.001580140 -1.589044809 0.009674320 -0.001551709 0.999952018 59.197303772
0.999946058 0.002139144 -0.010161162 0.867213488 -0.002128393 0.999997139 0.001068725 -1.602937937 0.010163421 -0.001047040 0.999947846 59.737426758
0.999946892 0.002884796 -0.009894004 0.867948353 -0.002868688 0.999994516 0.001641912 -1.618462086 0.009898688 -0.001613442 0.999949694 60.288780212
0.999945045 0.003298415 -0.009942818 0.875495613 -0.003283909 0.999993503 0.001474938 -1.630398870 0.009947618 -0.001442206 0.999949455 60.814025879
0.999947667 0.003651925 -0.009554399 0.882795393 -0.003637776 0.999992251 0.001497827 -1.648947716 0.009559797 -0.001462992 0.999953210 61.362449646
0.999948144 0.003008705 -0.009725927 0.885985255 -0.002996490 0.999994695 0.001270243 -1.651698112 0.009729698 -0.001241034 0.999951839 61.923973083
0.999938726 0.003392299 -0.010539643 0.903070629 -0.003381324 0.999993742 0.001058896 -1.669998407 0.010543169 -0.001023193 0.999943852 62.420143127
0.999937773 0.003660410 -0.010535869 0.910933375 -0.003642805 0.999992013 0.001689626 -1.692259669 0.010541967 -0.001651141 0.999943078 62.961631775
0.999947369 0.003541564 -0.009632592 0.895919502 -0.003529388 0.999993026 0.001280751 -1.695670366 0.009637061 -0.001246686 0.999952734 63.535171509
0.999938667 0.003773733 -0.010410902 0.913290679 -0.003762711 0.999992311 0.001078093 -1.708569884 0.010414890 -0.001038853 0.999945223 64.039825439
0.999941051 0.003677395 -0.010217438 0.912454009 -0.003664680 0.999992490 0.001262879 -1.724820018 0.010222002 -0.001225361 0.999947011 64.586639404
0.999935746 0.003879808 -0.010648557 0.927127481 -0.003861421 0.999991059 0.001746714 -1.739956498 0.010655235 -0.001705484 0.999941766 65.117095947
0.999940455 0.004339566 -0.010011943 0.918981493 -0.004323225 0.999989271 0.001653170 -1.750758052 0.010019009 -0.001609788 0.999948561 65.652244568
0.999939203 0.003284232 -0.010529145 0.936614037 -0.003274175 0.999994159 0.000972185 -1.759208202 0.010532276 -0.000937651 0.999944091 66.198898315
0.999940395 0.003740121 -0.010260232 0.934625030 -0.003735658 0.999992907 0.000454128 -1.767454028 0.010261858 -0.000415772 0.999947250 66.750381470
0.999933183 0.003488706 -0.011024750 0.950364053 -0.003483827 0.999993801 0.000461634 -1.789390802 0.011026293 -0.000423195 0.999939084 67.294898987
0.999935091 0.003592438 -0.010812739 0.950124145 -0.003584623 0.999993324 0.000742033 -1.800719261 0.010815335 -0.000703225 0.999941289 67.813072205
0.999933422 0.003715728 -0.010925213 0.961955369 -0.003704450 0.999992669 0.001052311 -1.819420576 0.010929042 -0.001011769 0.999939799 68.345581055
0.999932826 0.003974217 -0.010881895 0.962586462 -0.003965216 0.999991834 0.000848639 -1.835956335 0.010885178 -0.000805433 0.999940455 68.896507263
0.999936759 0.003932472 -0.010534870 0.957205296 -0.003929088 0.999992251 0.000341948 -1.839118600 0.010536130 -0.000300534 0.999944389 69.432868958
0.999935627 0.003897352 -0.010653153 0.967195213 -0.003897918 0.999992490 -0.000032457 -1.850116014 0.010652944 0.000073980 0.999943197 69.974746704
0.999934494 0.004256382 -0.010623004 0.963699937 -0.004252527 0.999991000 0.000385418 -1.868110180 0.010624547 -0.000340218 0.999943495 70.506088257
0.999942422 0.004129036 -0.009899473 0.960392237 -0.004128412 0.999991477 0.000083388 -1.874906182 0.009899733 -0.000042514 0.999950945 71.057937622
0.999939919 0.003632086 -0.010346918 0.976356089 -0.003630241 0.999993384 0.000197095 -1.895158291 0.010347564 -0.000159521 0.999946475 71.599182129
0.999939799 0.003972994 -0.010230122 0.976425111 -0.003965927 0.999991834 0.000710981 -1.917056441 0.010232864 -0.000670367 0.999947429 72.144180298
0.999938846 0.004573611 -0.010082030 0.981390297 -0.004569093 0.999989390 0.000471190 -1.930370808 0.010084078 -0.000425095 0.999949038 72.680374146
0.999938488 0.004786330 -0.010009665 0.988521039 -0.004781504 0.999988437 0.000506016 -1.949328423 0.010011972 -0.000458124 0.999949753 73.227012634
0.999936223 0.003716332 -0.010667181 0.994729102 -0.003705575 0.999992669 0.001027945 -1.969347358 0.010670923 -0.000988351 0.999942601 73.775115967
0.999940157 0.003986069 -0.010189378 0.997143805 -0.003986554 0.999992013 -0.000027231 -1.968167186 0.010189186 0.000067849 0.999948084 74.314025879
0.999937594 0.003934967 -0.010456635 1.006926417 -0.003931443 0.999992132 0.000357580 -1.984481931 0.010457961 -0.000316448 0.999945283 74.849678040
0.999932170 0.004471785 -0.010763306 1.010679722 -0.004464463 0.999989748 0.000704158 -2.002544641 0.010766346 -0.000656058 0.999941826 75.393852234
0.999938607 0.003728951 -0.010434974 1.016798258 -0.003727196 0.999992967 0.000187493 -2.015143156 0.010435600 -0.000148589 0.999945462 75.936943054
0.999936998 0.004639328 -0.010223133 1.022002220 -0.004633977 0.999989033 0.000547087 -2.035766125 0.010225560 -0.000499678 0.999947548 76.478042603
0.999932170 0.003582257 -0.011085511 1.031871557 -0.003578637 0.999993563 0.000346370 -2.050562382 0.011086680 -0.000306676 0.999938488 77.011756897
0.999936163 0.003588836 -0.010714243 1.040844083 -0.003586610 0.999993563 0.000227082 -2.060017109 0.010714989 -0.000188640 0.999942601 77.575233459
0.999931753 0.003453660 -0.011160580 1.047155380 -0.003445914 0.999993801 0.000713175 -2.082639456 0.011162973 -0.000674668 0.999937534 78.115234375
0.999931335 0.003246184 -0.011259677 1.054357171 -0.003244803 0.999994814 0.000140938 -2.094684362 0.011260074 -0.000104393 0.999936640 78.660980225
0.999931216 0.003325128 -0.011248969 1.056472063 -0.003323356 0.999994457 0.000176282 -2.105101585 0.011249494 -0.000138886 0.999936700 79.173782349
0.999933541 0.004426922 -0.010647901 1.053206682 -0.004429103 0.999990165 -0.000181251 -2.116184473 0.010646994 0.000228400 0.999943316 79.728973389
0.999932647 0.003712868 -0.010996456 1.065733194 -0.003713242 0.999993086 -0.000013454 -2.133578539 0.010996331 0.000054286 0.999939501 80.271018982
0.999945343 0.003698649 -0.009779043 1.073644042 -0.003698648 0.999993086 0.000018285 -2.148765802 0.009779044 0.000017886 0.999952197 80.830993652
0.999953270 0.004113135 -0.008750279 1.081945539 -0.004113643 0.999991477 -0.000040021 -2.163937330 0.008750042 0.000076015 0.999961734 81.382347107
0.999962747 0.004018314 -0.007653886 1.085897207 -0.004015602 0.999991894 0.000369775 -2.186201572 0.007655310 -0.000339026 0.999970615 81.912971497
0.999973357 0.003935297 -0.006143323 1.092590570 -0.003933724 0.999992251 0.000268200 -2.199958324 0.006144330 -0.000244027 0.999981105 82.461990356
0.999989033 0.003538116 -0.003045818 1.108262181 -0.003537745 0.999993742 0.000127499 -2.212537289 0.003046250 -0.000116722 0.999995351 83.016670227
0.999992192 0.003933473 0.000025306 1.128239632 -0.003933497 0.999991775 0.001015501 -2.236335039 -0.000021312 -0.001015592 0.999999464 83.550308228
0.999984682 0.004079635 0.003735587 1.144796848 -0.004080032 0.999991655 0.000098647 -2.246302843 -0.003735153 -0.000113886 0.999993026 84.107620239
0.999957144 0.003524662 0.008561833 1.166606784 -0.003525365 0.999993742 0.000066903 -2.264705181 -0.008561545 -0.000097084 0.999963343 84.654724121
0.999889135 0.003992254 0.014337780 1.192730904 -0.003988728 0.999992013 -0.000274542 -2.276264668 -0.014338762 0.000217322 0.999897122 85.199546814
0.999791443 0.003972682 0.020031167 1.208885431 -0.003970145 0.999992073 -0.000166401 -2.290071964 -0.020031668 0.000086839 0.999799490 85.756721497
0.999674082 0.002777604 0.025377830 1.246155500 -0.002770459 0.999996126 -0.000316703 -2.305543184 -0.025378611 0.000246292 0.999677896 86.297378540
0.999423742 0.003055081 0.033806466 1.275813699 -0.003068596 0.999995232 0.000347917 -2.327903986 -0.033805236 -0.000451455 0.999428272 86.848785400
0.999101758 0.004104081 0.042176880 1.312051535 -0.004117423 0.999991477 0.000229464 -2.345115423 -0.042175587 -0.000402918 0.999110162 87.402244568
0.998774886 0.004107398 0.049314141 1.349594831 -0.004128880 0.999991298 0.000333754 -2.359542847 -0.049312353 -0.000536957 0.998783290 87.952629089
0.998308778 0.003889676 0.058004335 1.402671099 -0.003929924 0.999992073 0.000579822 -2.372889280 -0.058001623 -0.000806794 0.998316228 88.493904114
0.997675776 0.004306277 0.068003267 1.463271618 -0.004339907 0.999990523 0.000346825 -2.388852596 -0.068001144 -0.000641147 0.997685015 89.039367676
0.997042239 0.003205696 0.076789156 1.518564224 -0.003185516 0.999994814 -0.000385281 -2.391237020 -0.076790005 0.000139528 0.997047305 89.590721130
0.996405900 0.003376294 0.084638998 1.588003635 -0.003358256 0.999994278 -0.000355502 -2.411415577 -0.084639698 0.000069985 0.996411741 90.142654419
0.995438516 0.003383382 0.095345102 1.665441513 -0.003358588 0.999994278 -0.000420530 -2.425897598 -0.095345967 0.000098387 0.995444179 90.681755066
0.994350731 0.003713821 0.106079169 1.733510494 -0.003737140 0.999993145 0.000021051 -2.445318937 -0.106078342 -0.000417364 0.994357646 91.240447998
0.993369997 0.003165137 0.114917159 1.819192886 -0.003151827 0.999995053 -0.000297522 -2.457555532 -0.114917524 -0.000066649 0.993375063 91.790557861
0.992011130 0.003051973 0.126114190 1.911273003 -0.003089280 0.999995172 0.000100235 -2.475123882 -0.126113281 -0.000489036 0.992015839 92.338462830
0.990365326 0.002688936 0.138453022 2.006847382 -0.002740616 0.999996245 0.000182627 -2.491099834 -0.138451993 -0.000560314 0.990368962 92.877754211
0.988866627 0.001909180 0.148791909 2.110611916 -0.001957505 0.999998093 0.000178334 -2.511794329 -0.148791268 -0.000467609 0.988868535 93.426200867
0.987212360 0.002043295 0.159397304 2.214798927 -0.002076684 0.999997854 0.000042899 -2.524133682 -0.159396857 -0.000373368 0.987214506 93.979911804
0.985075414 0.001894417 0.172113255 2.336870193 -0.001936493 0.999998152 0.000076566 -2.539284945 -0.172112793 -0.000408720 0.985077143 94.513473511
0.982786000 0.001928834 0.184737593 2.457631111 -0.001992801 0.999998033 0.000160587 -2.556747913 -0.184736922 -0.000525968 0.982787848 95.045509338
0.980749786 0.001732425 0.195261151 2.574532509 -0.001839736 0.999998212 0.000368220 -2.569814920 -0.195260137 -0.000720360 0.980751216 95.583221436
0.978015661 0.001704223 0.208524913 2.710830688 -0.001849015 0.999998152 0.000499440 -2.586500883 -0.208523661 -0.000874026 0.978016913 96.116012573
0.975109220 0.000844186 0.221723542 2.854513168 -0.000985634 0.999999344 0.000527302 -2.601102352 -0.221722960 -0.000732715 0.975109398 96.649658203
0.972535014 0.000719468 0.232755750 2.996707916 -0.000946428 0.999999225 0.000863426 -2.620239973 -0.232754976 -0.001059999 0.972534835 97.184211731
0.969543755 0.000138992 0.244918182 3.150344849 -0.000267981 0.999999762 0.000493335 -2.628608704 -0.244918078 -0.000543943 0.969543636 97.710746765
0.966029346 0.000376053 0.258432180 3.314691544 -0.000562940 0.999999702 0.000649160 -2.646832943 -0.258431822 -0.000772589 0.966029286 98.244049072
0.962377191 0.000470188 0.271716326 3.476606369 -0.000599121 0.999999702 0.000391559 -2.660485506 -0.271716058 -0.000539618 0.962377310 98.790328979
0.959273636 0.000237158 0.282478452 3.650745392 -0.000430796 0.999999702 0.000623388 -2.677649021 -0.282478243 -0.000719691 0.959273517 99.307182312
0.955127537 -0.000354554 0.296194673 3.844865799 0.000198240 0.999999821 0.000557772 -2.686587572 -0.296194881 -0.000474026 0.955127418 99.842201233
0.950875998 -0.000540449 0.309571505 4.037191391 0.000310310 0.999999642 0.000792651 -2.702438354 -0.309571803 -0.000657650 0.950875819 100.354011536
0.946757376 -0.001219134 0.321945876 4.220144272 0.001087785 0.999999225 0.000587876 -2.710690975 -0.321946412 -0.000206368 0.946757793 100.878494263
0.942046165 -0.001262859 0.335481107 4.425571442 0.001039096 0.999999166 0.000846488 -2.730066299 -0.335481882 -0.000448834 0.942046583 101.413742065
0.937219441 -0.001578329 0.348736376 4.634153366 0.001496954 0.999998689 0.000502822 -2.738877296 -0.348736763 0.000050787 0.937220693 101.891258240
0.932443023 -0.001067378 0.361315519 4.866548538 0.000906444 0.999999404 0.000614892 -2.762799025 -0.361315906 -0.000245839 0.932443440 102.440917969
0.927939355 -0.001901479 0.372726321 5.098844528 0.002045262 0.999997973 0.000009648 -2.770617723 -0.372725546 0.000753370 0.927941322 102.954978943
0.922236621 -0.002151262 0.386619985 5.325096130 0.002137219 0.999997556 0.000466183 -2.787863970 -0.386620015 0.000396361 0.922239006 103.436347961
0.916380346 -0.003110551 0.400296450 5.567470551 0.003131817 0.999994934 0.000601054 -2.805572033 -0.400296241 0.000702861 0.916385531 103.937294006
0.911533356 -0.003636477 0.411210060 5.814334869 0.003552801 0.999993265 0.000967767 -2.825426579 -0.411210805 0.000578795 0.911540151 104.419311523
0.905434906 -0.003508917 0.424470603 6.063892365 0.003171569 0.999993920 0.001501274 -2.848526955 -0.424473226 -0.000013068 0.905440450 104.901786804
0.898719430 -0.004864059 0.438497126 6.349872589 0.004776968 0.999987662 0.001301824 -2.858046770 -0.438498050 0.000924711 0.898731589 105.445556641
0.893133879 -0.005555260 0.449756831 6.620750427 0.005472366 0.999983966 0.001484395 -2.876857996 -0.449757844 0.001135470 0.893149793 105.913337708
0.887337327 -0.005084593 0.461092800 6.883605957 0.004896703 0.999986649 0.001603797 -2.890542269 -0.461094826 0.000834725 0.887350440 106.407577515
0.880160570 -0.005599943 0.474643081 7.164943695 0.005490546 0.999983549 0.001616561 -2.904736757 -0.474644333 0.001183216 0.880176902 106.891464233
0.873420775 -0.005946629 0.486930251 7.459392548 0.006345305 0.999979496 0.000830485 -2.903394938 -0.486925185 0.002364358 0.873440504 107.368965149
