1.000000000 0.000000000 0.000000000 0.000000000 0.000000000 1.000000000 0.000000000 0.000000000 0.000000000 0.000000000 1.000000000 0.000000000
1.000000000 0.000025734 -0.000059671 0.000209550 -0.000025739 1.000000000 -0.000077330 0.000232992 0.000059669 0.000077331 1.000000000 -0.000817226
1.000000000 0.000102496 -0.000044563 0.000609426 -0.000102495 1.000000000 0.000013090 -0.000273437 0.000044564 -0.000013085 1.000000000 -0.001452970
1.000000000 -0.000022746 -0.000066892 0.000784142 0.000022750 1.000000000 0.000051301 -0.000370872 0.000066891 -0.000051302 1.000000000 -0.002733977
1.000000000 -0.000059848 -0.000023977 0.000421894 0.000059845 1.000000000 -0.000104388 0.001053741 0.000023983 0.000104387 1.000000000 0.000874035
1.000000000 0.000032918 -0.000045857 0.001275046 -0.000032922 1.000000000 -0.000081359 0.000489665 0.000045855 0.000081360 1.000000000 0.000080346
1.000000000 0.000024305 -0.000015201 0.000799613 -0.000024306 1.000000000 -0.000104041 0.000396728 0.000015198 0.000104042 1.000000000 -0.000835854
1.000000000 -0.000153260 0.000003814 0.001038807 0.000153260 1.000000000 -0.000068984 0.000285947 -0.000003803 0.000068985 1.000000000 -0.001016576
1.000000000 -0.000229330 -0.000014142 0.001054329 0.000229327 0.999999940 -0.000173990 0.002019272 0.000014182 0.000173987 1.000000000 0.002143952
1.000000000 -0.000077014 -0.000088371 0.001938589 0.000077012 1.000000000 -0.000020144 0.000343781 0.000088373 0.000020137 1.000000000 0.000373307
1.000000000 -0.000128843 -0.000100031 0.002158583 0.000128831 1.000000000 -0.000120685 0.001289029 0.000100047 0.000120672 1.000000000 0.000195534
1.000000000 -0.000142009 -0.000022278 0.000148378 0.000142008 1.000000000 -0.000009881 0.000226158 0.000022279 0.000009878 1.000000000 0.000589801
0.999999940 -0.000281506 -0.000160222 0.002181779 0.000281512 0.999999940 0.000040925 -0.000003427 0.000160210 -0.000040970 1.000000000 -0.000206375
1.000000000 -0.000150988 -0.000154634 0.001875872 0.000151000 1.000000000 0.000079256 -0.000494864 0.000154622 -0.000079279 1.000000000 -0.000637731
1.000000000 -0.000175136 -0.000108537 0.000367274 0.000175142 1.000000000 0.000056171 -0.000017168 0.000108527 -0.000056190 1.000000000 0.000279274
1.000000000 0.000141431 0.000123033 -0.000035815 -0.000141435 1.000000000 0.000032408 0.000747289 -0.000123029 -0.000032426 1.000000000 0.002006442
1.000000000 -0.000009604 -0.000086899 0.000754406 0.000009603 1.000000000 -0.000005661 0.000884177 0.000086899 0.000005660 1.000000000 0.001460181
1.000000000 -0.000032167 -0.000036663 0.000591681 0.000032164 1.000000000 -0.000072252 0.000784815 0.000036665 0.000072250 1.000000000 0.000623054
1.000000000 -0.000080649 0.000123981 -0.000135279 0.000080655 1.000000000 -0.000047481 0.000345660 -0.000123977 0.000047491 1.000000000 0.000456553
1.000000000 -0.000059177 -0.000012103 0.001123368 0.000059176 1.000000000 -0.000106419 0.000658529 0.000012110 0.000106418 1.000000000 -0.000042110
1.000000000 -0.000113461 -0.000060072 0.000893144 0.000113466 1.000000000 0.000077901 -0.000106559 0.000060063 -0.000077908 1.000000000 0.000451276
0.999999940 -0.000287673 -0.000010990 0.001772176 0.000287674 0.999999940 0.000082863 -0.000741718 0.000010966 -0.000082866 1.000000000 -0.000399859
1.000000000 -0.000130316 0.000149261 -0.000026961 0.000130317 1.000000000 -0.000005859 0.000888117 -0.000149260 0.000005878 1.000000000 -0.000513926
1.000000000 0.000016669 0.000020678 0.001352827 -0.000016672 1.000000000 0.000151527 -0.000620400 -0.000020675 -0.000151527 1.000000000 -0.001453315
1.000000000 0.000122103 0.000067862 0.000674297 -0.000122102 1.000000000 -0.000012174 0.000570555 -0.000067863 0.000012166 1.000000000 -0.001183318
1.000000000 0.000000381 -0.000092679 0.001496998 -0.000000393 1.000000000 -0.000128584 0.001171547 0.000092679 0.000128584 1.000000000 -0.000988037
1.000000000 0.000090893 0.000018297 -0.000521183 -0.000090891 1.000000000 -0.000147624 0.001610414 -0.000018311 0.000147623 1.000000000 0.001630362
1.000000000 -0.000015352 0.000020987 -0.000744720 0.000015352 1.000000000 -0.000007486 0.002050218 -0.000020987 0.000007487 1.000000000 0.002862680
0.999999940 0.000205805 0.000132515 -0.000508042 -0.000205799 1.000000000 -0.000045367 0.001423581 -0.000132525 0.000045340 1.000000000 0.001028582
1.000000000 0.000113375 0.000125556 0.000042653 -0.000113381 1.000000000 0.000048997 -0.000338277 -0.000125550 -0.000049011 1.000000000 -0.001931509
1.000000000 0.000193978 0.000123500 -0.000344771 -0.000193994 1.000000000 0.000130025 -0.000676397 -0.000123475 -0.000130049 1.000000000 -0.000997254
1.000000000 -0.000024811 0.000073199 0.001024820 0.000024814 1.000000000 -0.000038789 0.000335893 -0.000073198 0.000038791 1.000000000 -0.000688695
1.000000000 -0.000052352 -0.000014744 0.000770662 0.000052351 1.000000000 -0.000024119 0.000758234 0.000014746 0.000024118 1.000000000 0.000679728
1.000000000 0.000108962 0.000071094 0.000769582 -0.000108963 1.000000000 0.000021419 0.000276288 -0.000071092 -0.000021427 1.000000000 -0.000781665
1.000000000 0.000167835 0.000025956 0.000483977 -0.000167833 1.000000000 -0.000086426 0.001420643 -0.000025971 0.000086422 1.000000000 -0.000901300
1.000000000 -0.000161345 0.000045016 -0.000555565 0.000161352 1.000000000 -0.000135819 0.002608180 -0.000044994 0.000135827 1.000000000 0.003480015
1.000000000 -0.000047553 -0.000012011 0.000408138 0.000047553 1.000000000 0.000048284 0.000805109 0.000012009 -0.000048285 1.000000000 0.000873631
1.000000000 -0.000119369 -0.000014392 0.000907610 0.000119369 1.000000000 0.000019451 0.000807985 0.000014390 -0.000019453 1.000000000 0.000211339
0.999999940 0.000002830 0.000258588 -0.000736776 -0.000002834 1.000000000 0.000017232 0.000466678 -0.000258588 -0.000017233 0.999999940 0.002018685
0.999999940 -0.000409316 0.000085297 0.001928732 0.000409368 0.999999702 -0.000615797 -0.002730609 -0.000085045 0.000615832 0.999999821 0.049972158
1.000000000 0.000045004 0.000176714 0.000956385 -0.000044795 0.999999285 -0.001183758 -0.006073113 -0.000176767 0.001183750 0.999999285 0.132509977
0.999999940 0.000297219 -0.000104275 0.005293446 -0.000297374 0.999998868 -0.001494158 -0.006234712 0.000103831 0.001494189 0.999998868 0.251213402
0.999999940 0.000332639 0.000045774 0.006199361 -0.000332585 0.999999285 -0.001174288 -0.013712574 -0.000046165 0.001174273 0.999999285 0.380414754
1.000000000 0.000219102 0.000084621 0.008252951 -0.000219013 0.999999404 -0.001052212 -0.016231120 -0.000084851 0.001052194 0.999999464 0.524910569
0.999999940 0.000308882 -0.000006154 0.014390969 -0.000308889 0.999999225 -0.001230182 -0.021315238 0.000005774 0.001230184 0.999999225 0.673940063
0.999999940 0.000159459 0.000231736 0.017701242 -0.000159223 0.999999464 -0.001016999 -0.025351949 -0.000231898 0.001016962 0.999999464 0.834878325
0.999999881 0.000197183 0.000378132 0.014737730 -0.000196833 0.999999523 -0.000925123 -0.026633497 -0.000378314 0.000925049 0.999999523 1.013523936
0.999999940 0.000169544 0.000285613 0.021124829 -0.000169382 0.999999821 -0.000568773 -0.036110375 -0.000285709 0.000568725 0.999999821 1.183339596
0.999999464 0.000800768 0.000626902 0.017666819 -0.000800326 0.999999404 -0.000705479 -0.039396390 -0.000627467 0.000704977 0.999999583 1.362835407
1.000000000 0.000023972 0.000092392 0.034715395 -0.000023951 1.000000000 -0.000222316 -0.054109123 -0.000092397 0.000222314 1.000000000 1.556784391
0.999999821 0.000319345 0.000449198 0.032233838 -0.000319118 0.999999821 -0.000506577 -0.050426308 -0.000449360 0.000506433 0.999999762 1.760128498
0.999999940 0.000357954 -0.000174883 0.041537311 -0.000357996 0.999999881 -0.000239756 -0.058135614 0.000174797 0.000239818 0.999999940 1.957268953
0.999999464 0.000572782 0.000884954 0.027945753 -0.000572428 0.999999762 -0.000399812 -0.059506077 -0.000885183 0.000399305 0.999999523 2.162209511
0.999998510 0.001542925 0.000748168 0.034648500 -0.001543309 0.999998689 0.000513346 -0.086629175 -0.000747375 -0.000514499 0.999999523 2.368923664
0.999999344 0.001168708 -0.000133523 0.051653426 -0.001168658 0.999999285 0.000373602 -0.093413763 0.000133960 -0.000373445 0.999999881 2.581826210
0.999998450 0.001639981 0.000618786 0.049577154 -0.001640448 0.999998391 0.000755377 -0.103708707 -0.000617546 -0.000756391 0.999999523 2.810600519
0.999998748 0.001542329 0.000296815 0.059885688 -0.001542621 0.999998391 0.000986471 -0.111662969 -0.000295293 -0.000986928 0.999999464 3.043614864
0.999999166 0.001264959 0.000199379 0.061942033 -0.001265090 0.999999046 0.000661303 -0.112467147 -0.000198543 -0.000661555 0.999999821 3.284803629
0.999999046 0.001330099 0.000361434 0.068026878 -0.001330440 0.999998689 0.000945438 -0.123009510 -0.000360176 -0.000945918 0.999999404 3.522649765
0.999999225 0.001208869 0.000342278 0.071605273 -0.001209066 0.999999166 0.000577691 -0.124043189 -0.000341579 -0.000578104 0.999999702 3.785794735
0.999999166 0.001289246 0.000254141 0.082008332 -0.001289419 0.999998927 0.000683556 -0.133563295 -0.000253260 -0.000683884 0.999999702 4.037593365
0.999999285 0.001200084 0.000237463 0.086573869 -0.001200372 0.999998569 0.001214672 -0.144858137 -0.000236005 -0.001214956 0.999999106 4.291979313
0.999998450 0.001653437 0.000594143 0.083431505 -0.001653928 0.999998212 0.000827981 -0.146805748 -0.000592773 -0.000828963 0.999999464 4.549232483
0.999998271 0.001767014 0.000641622 0.090979643 -0.001767753 0.999997735 0.001152962 -0.155855700 -0.000639584 -0.001154094 0.999999166 4.804934978
0.999999106 0.001329405 0.000406719 0.099756435 -0.001329920 0.999998331 0.001268197 -0.164508805 -0.000405032 -0.001268737 0.999999106 5.067104340
0.999998689 0.001538028 0.000491612 0.102739684 -0.001538544 0.999998271 0.001049629 -0.168984309 -0.000489997 -0.001050384 0.999999344 5.326427937
0.999997973 0.001780987 0.000946814 0.105021514 -0.001781902 0.999997973 0.000965806 -0.175022706 -0.000945092 -0.000967491 0.999999106 5.597191811
0.999998391 0.001621985 0.000742364 0.114833474 -0.001623083 0.999997556 0.001479822 -0.186164483 -0.000739962 -0.001481024 0.999998629 5.869096279
0.999998450 0.001699402 0.000495776 0.120930895 -0.001700055 0.999997675 0.001319956 -0.193599269 -0.000493532 -0.001320797 0.999998987 6.148162842
0.999998152 0.001730507 0.000778224 0.118864693 -0.001731504 0.999997616 0.001281286 -0.205014616 -0.000776005 -0.001282631 0.999998868 6.422048092
0.999998868 0.001142780 0.000950865 0.123701334 -0.001143965 0.999998569 0.001246298 -0.212026805 -0.000949439 -0.001247384 0.999998748 6.708872318
0.999998391 0.001639660 0.000750297 0.132566452 -0.001640659 0.999997795 0.001332651 -0.221152976 -0.000748110 -0.001333880 0.999998808 7.003190994
0.999998629 0.001561342 0.000546362 0.144629985 -0.001562192 0.999997556 0.001558877 -0.233682483 -0.000543926 -0.001559729 0.999998629 7.297710419
0.999998689 0.001518887 0.000580080 0.148776308 -0.001519593 0.999998093 0.001217476 -0.239828929 -0.000578230 -0.001218355 0.999999106 7.618058205
0.999997020 0.002154050 0.001082068 0.148578823 -0.002155614 0.999996603 0.001446862 -0.252679557 -0.001078947 -0.001449190 0.999998391 7.924423695
0.999996722 0.002168740 0.001275553 0.153634235 -0.002170207 0.999996960 0.001149493 -0.253385991 -0.001273056 -0.001152258 0.999998569 8.250816345
0.999996066 0.002350485 0.001548609 0.157322407 -0.002352244 0.999996603 0.001134780 -0.266505122 -0.001545937 -0.001138418 0.999998152 8.579276085
0.999994874 0.002496728 0.002003395 0.157277852 -0.002498375 0.999996543 0.000819691 -0.271880656 -0.002001342 -0.000824693 0.999997616 8.919333458
0.999996543 0.002115747 0.001543209 0.172223493 -0.002117112 0.999997377 0.000883064 -0.281446546 -0.001541336 -0.000886328 0.999998391 9.267039299
0.999996424 0.002082389 0.001652186 0.171185032 -0.002085689 0.999995828 0.001998799 -0.310535967 -0.001648017 -0.002002238 0.999996662 9.596129417
0.999996364 0.002216545 0.001495977 0.179551214 -0.002218901 0.999996305 0.001575210 -0.316750258 -0.001492480 -0.001578524 0.999997675 9.940247536
0.999996841 0.001932772 0.001602186 0.188213140 -0.001935589 0.999996603 0.001758868 -0.328377277 -0.001598781 -0.001761964 0.999997199 10.295547485
0.999995887 0.002123923 0.001922642 0.187580764 -0.002128201 0.999995172 0.002225518 -0.342939794 -0.001917906 -0.002229600 0.999995589 10.651600838
0.999996066 0.001895449 0.002080929 0.193980515 -0.001899814 0.999995947 0.002097796 -0.349409997 -0.002076945 -0.002101741 0.999995589 11.027900696
0.999994516 0.002150482 0.002503125 0.200207904 -0.002155457 0.999995708 0.001986517 -0.360051155 -0.002498843 -0.001991901 0.999994874 11.400833130
0.999996603 0.001835446 0.001840568 0.214702711 -0.001839686 0.999995649 0.002304752 -0.372476071 -0.001836330 -0.002308130 0.999995649 11.780645370
0.999996662 0.001890519 0.001744336 0.225736663 -0.001894343 0.999995768 0.002193513 -0.384581625 -0.001740182 -0.002196810 0.999996066 12.163525581
0.999996483 0.001988373 0.001726777 0.236397564 -0.001991737 0.999996066 0.001948204 -0.392668992 -0.001722897 -0.001951636 0.999996603 12.564357758
0.999997020 0.001643311 0.001828221 0.244033843 -0.001646708 0.999996901 0.001858140 -0.400585026 -0.001825162 -0.001861145 0.999996603 12.962927818
0.999995708 0.002284680 0.001841920 0.250554502 -0.002288591 0.999995053 0.002123596 -0.413570493 -0.001837059 -0.002127802 0.999996066 13.366789818
0.999995232 0.002213956 0.002180145 0.256618708 -0.002218270 0.999995530 0.001978393 -0.419686228 -0.002175755 -0.001983219 0.999995649 13.786106110
0.999995410 0.001822873 0.002408584 0.264968663 -0.001828182 0.999995887 0.002204163 -0.431785196 -0.002404556 -0.002208556 0.999994695 14.197873116
0.999994576 0.002056423 0.002562641 0.276334792 -0.002062071 0.999995470 0.002203135 -0.442934990 -0.002558099 -0.002208408 0.999994338 14.622847557
0.999995768 0.001887258 0.002201588 0.288888603 -0.001892824 0.999994993 0.002529015 -0.455403566 -0.002196804 -0.002533172 0.999994397 15.050194740
0.999994874 0.001875190 0.002594132 0.300457716 -0.001880938 0.999995708 0.002215056 -0.468561232 -0.002589967 -0.002219924 0.999994099 15.483780861
0.999993443 0.001861949 0.003099175 0.309074461 -0.001868765 0.999995828 0.002197965 -0.480168760 -0.003095070 -0.002203742 0.999992788 15.925019264
0.999993324 0.001779962 0.003175801 0.321023375 -0.001787036 0.999995947 0.002225867 -0.489175260 -0.003171826 -0.002231527 0.999992430 16.370361328
0.999990940 0.002089262 0.003700359 0.329030603 -0.002097025 0.999995589 0.002095391 -0.501257777 -0.003695965 -0.002103131 0.999990880 16.815828323
0.999991179 0.001806244 0.003794175 0.343662262 -0.001817147 0.999994278 0.002872158 -0.520751894 -0.003788965 -0.002879027 0.999988675 17.259021759
0.999987841 0.002204231 0.004395328 0.346362472 -0.002215085 0.999994516 0.002466241 -0.525248885 -0.004389868 -0.002475948 0.999987304 17.736759186
0.999985814 0.002136427 0.004887338 0.359935075 -0.002147536 0.999995172 0.002268945 -0.537078857 -0.004882466 -0.002279409 0.999985516 18.198900223
0.999987781 0.002174658 0.004440196 0.376992136 -0.002185098 0.999994874 0.002347777 -0.547360420 -0.004435068 -0.002357451 0.999987364 18.676536560
0.999987721 0.002043716 0.004515033 0.390650511 -0.002053704 0.999995470 0.002208565 -0.556806505 -0.004510499 -0.002217811 0.999987364 19.145788193
0.999987662 0.001969179 0.004578938 0.410243213 -0.001978898 0.999995887 0.002119048 -0.566043675 -0.004574747 -0.002128084 0.999987245 19.625162125
0.999984384 0.002210228 0.005133184 0.403387576 -0.002221760 0.999994934 0.002241876 -0.581884384 -0.005128203 -0.002253246 0.999984324 20.126745224
0.999984443 0.002366454 0.005050555 0.418843716 -0.002378332 0.999994397 0.002347176 -0.597829998 -0.005044973 -0.002359151 0.999984503 20.615776062
0.999981105 0.003378242 0.005147273 0.426619172 -0.003386171 0.999993145 0.001532581 -0.595539987 -0.005142061 -0.001549981 0.999985576 21.133274078
0.999989152 0.002512039 0.003908101 0.446255982 -0.002521242 0.999994040 0.002351848 -0.621873438 -0.003902170 -0.002361676 0.999989510 21.642339706
0.999988854 0.002689461 0.003882335 0.454714954 -0.002700227 0.999992430 0.002770353 -0.642127335 -0.003874855 -0.002780806 0.999988556 22.149435043
0.999992549 0.002529278 0.002899889 0.472399265 -0.002536540 0.999993563 0.002503241 -0.649448156 -0.002893539 -0.002510578 0.999992669 22.659303665
0.999995232 0.002188510 0.002164333 0.488551468 -0.002195002 0.999993026 0.003001987 -0.668479025 -0.002157748 -0.003006723 0.999993145 23.174852371
0.999996185 0.002061329 0.001853516 0.495758355 -0.002066026 0.999994636 0.002535600 -0.679767787 -0.001848280 -0.002539420 0.999995053 23.697790146
0.999997973 0.001399804 0.001441977 0.496511549 -0.001402912 0.999996603 0.002156516 -0.696481645 -0.001438953 -0.002158534 0.999996603 24.223680496
0.999996781 0.002274639 0.001072740 0.503321111 -0.002277519 0.999993682 0.002691078 -0.709376156 -0.001066612 -0.002693512 0.999995828 24.761455536
0.999995530 0.002982797 0.000091171 0.520337582 -0.002983018 0.999992371 0.002526882 -0.723586500 -0.000083633 -0.002527143 0.999996722 25.306568146
0.999995828 0.002851373 -0.000485249 0.533303142 -0.002850306 0.999993503 0.002187607 -0.733387172 0.000491483 -0.002186215 0.999997437 25.838201523
0.999995828 0.002718591 -0.000942987 0.545881569 -0.002715918 0.999992251 0.002824598 -0.755774140 0.000950659 -0.002822025 0.999995530 26.401592255
0.999996722 0.002341366 -0.001025117 0.538667977 -0.002338252 0.999992609 0.003029434 -0.763315678 0.001032202 -0.003027026 0.999994874 26.943189621
0.999997437 0.001904196 -0.001182921 0.551017344 -0.001900043 0.999992013 0.003502474 -0.786428809 0.001189580 -0.003500219 0.999993145 27.486215591
0.999994934 0.002979021 -0.001153318 0.554494262 -0.002975992 0.999992132 0.002618972 -0.793542266 0.001161111 -0.002615526 0.999995887 28.053470612
0.999993145 0.003358531 -0.001576410 0.557538867 -0.003353590 0.999989510 0.003126584 -0.808848500 0.001586894 -0.003121276 0.999993801 28.592323303
0.999993861 0.002663387 -0.002310786 0.571362495 -0.002656498 0.999992073 0.002979490 -0.819555581 0.002318704 -0.002973333 0.999992847 29.136289597
0.999991596 0.003290103 -0.002432443 0.579604685 -0.003281071 0.999987721 0.003707904 -0.843089223 0.002444613 -0.003699892 0.999990165 29.688915253
0.999990404 0.003403207 -0.002757644 0.583715677 -0.003393270 0.999987721 0.003600259 -0.852868736 0.002769862 -0.003590867 0.999989629 30.235862732
0.999989569 0.003467470 -0.002971771 0.599407136 -0.003457181 0.999988019 0.003460377 -0.869403303 0.002983734 -0.003450067 0.999989569 30.778860092
0.999987841 0.003761348 -0.003190260 0.604525447 -0.003749494 0.999986053 0.003713624 -0.885275841 0.003204183 -0.003701617 0.999987960 31.327512741
0.999985874 0.003829716 -0.003676328 0.614629209 -0.003816041 0.999985814 0.003719680 -0.896308422 0.003690521 -0.003705598 0.999986351 31.877710342
0.999984682 0.003642987 -0.004157078 0.629456639 -0.003626458 0.999985576 0.003976373 -0.914129794 0.004171504 -0.003961237 0.999983430 32.421520233
0.999983490 0.004069003 -0.004047645 0.632871628 -0.004053754 0.999984682 0.003768498 -0.924107552 0.004062917 -0.003752028 0.999984682 32.972446442
0.999982536 0.003849948 -0.004494688 0.643438637 -0.003834662 0.999986887 0.003404531 -0.938845634 0.004507736 -0.003387236 0.999984145 33.512901306
0.999982476 0.004215856 -0.004152121 0.645094216 -0.004201069 0.999984801 0.003563692 -0.947406173 0.004167083 -0.003546186 0.999984980 34.080421448
0.999981105 0.004260140 -0.004436769 0.650622368 -0.004242198 0.999982774 0.004045668 -0.966776729 0.004453928 -0.004026770 0.999981940 34.629669189
0.999981761 0.003996284 -0.004512720 0.661774814 -0.003978598 0.999984384 0.003921202 -0.979373574 0.004528319 -0.003903176 0.999982119 35.167163849
0.999982595 0.004049381 -0.004271829 0.668431938 -0.004033957 0.999985278 0.003613014 -0.990071833 0.004286397 -0.003595719 0.999984384 35.714660645
0.999980152 0.004566032 -0.004343938 0.678505659 -0.004548592 0.999981582 0.004016493 -1.012926459 0.004362197 -0.003996655 0.999982536 36.259887695
0.999978781 0.004575463 -0.004635438 0.679933488 -0.004558277 0.999982715 0.003711395 -1.021703959 0.004652340 -0.003690187 0.999982297 36.809944153
0.999977052 0.005286483 -0.004205628 0.685524464 -0.005271013 0.999979377 0.003680908 -1.032860994 0.004225001 -0.003658656 0.999984324 37.357585907
0.999976754 0.004753980 -0.004881754 0.691690683 -0.004737067 0.999982774 0.003470335 -1.048322797 0.004898169 -0.003447130 0.999981999 37.918014526
0.999978721 0.003988727 -0.005161410 0.701278448 -0.003970562 0.999985993 0.003524642 -1.060608864 0.005175397 -0.003504073 0.999980450 38.468582153
0.999974787 0.004779021 -0.005246412 0.708195448 -0.004758995 0.999981403 0.003822951 -1.076951981 0.005264584 -0.003797887 0.999978960 39.023059845
0.999972343 0.004825972 -0.005658348 0.724807262 -0.004806776 0.999982655 0.003401200 -1.084380865 0.005674663 -0.003373907 0.999978125 39.565937042
0.999972641 0.004774842 -0.005647833 0.735308528 -0.004756054 0.999983072 0.003335290 -1.097467661 0.005663665 -0.003308338 0.999978423 40.117027283
0.999971509 0.004447540 -0.006111867 0.754081964 -0.004425300 0.999983549 0.003647475 -1.117730856 0.006127989 -0.003620324 0.999974608 40.664764404
0.999969959 0.004751651 -0.006121232 0.757205367 -0.004730714 0.999982953 0.003430481 -1.128712058 0.006137426 -0.003401420 0.999975383 41.226707458
0.999967098 0.005162361 -0.006241072 0.768037498 -0.005138581 0.999979556 0.003820319 -1.142176628 0.006260666 -0.003788124 0.999973238 41.778110504
0.999963939 0.004793522 -0.007006956 0.789652586 -0.004765821 0.999980748 0.003964876 -1.163396597 0.007025827 -0.003931339 0.999967575 42.315097809
0.999964058 0.005449177 -0.006490860 0.779243827 -0.005425871 0.999978781 0.003602848 -1.167043447 0.006510356 -0.003567501 0.999972403 42.878425598
0.999964237 0.005154118 -0.006702702 0.789364100 -0.005128319 0.999979377 0.003860583 -1.181193590 0.006722463 -0.003826072 0.999970019 43.420108795
0.999959230 0.005889426 -0.006848316 0.801675200 -0.005864473 0.999976099 0.003658100 -1.196893692 0.006869697 -0.003617789 0.999969900 43.967800140
0.999966562 0.004908124 -0.006538665 0.795570731 -0.004882925 0.999980569 0.003864325 -1.209390998 0.006557505 -0.003832268 0.999971151 44.516853333
0.999964178 0.005556371 -0.006374440 0.804336250 -0.005534654 0.999978900 0.003419363 -1.217265487 0.006393304 -0.003383961 0.999973893 45.069885254
0.999967635 0.005374203 -0.005980536 0.811882496 -0.005356211 0.999981105 0.003020376 -1.222996712 0.005996655 -0.002988245 0.999977529 45.611846924
0.999966681 0.004952879 -0.006490747 0.820484579 -0.004926030 0.999979258 0.004146080 -1.255606413 0.006511149 -0.004113968 0.999970317 46.160976410
0.999965727 0.004622610 -0.006859775 0.834498346 -0.004594375 0.999980927 0.004126131 -1.271726131 0.006878717 -0.004094473 0.999967933 46.698001862
0.999959826 0.004834012 -0.007549267 0.852617145 -0.004801205 0.999978960 0.004357749 -1.287585497 0.007570175 -0.004321328 0.999961972 47.230571747
0.999968171 0.004361971 -0.006673426 0.832348466 -0.004337564 0.999983847 0.003667438 -1.287676334 0.006689316 -0.003638376 0.999970973 47.805603027
0.999964476 0.005146286 -0.006680606 0.840292454 -0.005117205 0.999977350 0.004362977 -1.308939219 0.006702908 -0.004328636 0.999968112 48.357440948
0.999963760 0.004581139 -0.007175037 0.858605504 -0.004552831 0.999981761 0.003956580 -1.316092134 0.007193032 -0.003923770 0.999966443 48.880855560
0.999966323 0.004649463 -0.006752246 0.849020004 -0.004621777 0.999980867 0.004109972 -1.327356935 0.006771225 -0.004078627 0.999968767 49.440906525
0.999963164 0.004916370 -0.007035191 0.864646435 -0.004889160 0.999980569 0.003879525 -1.340449095 0.007054127 -0.003844986 0.999967813 49.985855103
0.999964714 0.004580360 -0.007037153 0.873347163 -0.004552601 0.999981821 0.003955527 -1.356211782 0.007055141 -0.003923350 0.999967456 50.529491425
0.999965370 0.004610559 -0.006930398 0.878092170 -0.004585654 0.999983072 0.003605122 -1.364733219 0.006946902 -0.003573217 0.999969542 51.087459564
0.999967456 0.004479177 -0.006709236 0.886110902 -0.004452947 0.999982417 0.003919397 -1.381803155 0.006726674 -0.003889394 0.999969780 51.655632019
0.999963880 0.004465073 -0.007231404 0.894734740 -0.004440542 0.999984384 0.003404852 -1.388857722 0.007246493 -0.003372618 0.999968052 52.203197479
0.999965906 0.004676558 -0.006807239 0.896609068 -0.004653659 0.999983490 0.003375999 -1.407187700 0.006822916 -0.003344206 0.999971151 52.758094788
0.999969602 0.004007220 -0.006679364 0.901974797 -0.003982863 0.999985337 0.003655825 -1.418493986 0.006693916 -0.003629111 0.999971032 53.293102264
0.999967396 0.004181433 -0.006910824 0.910234809 -0.004155736 0.999984384 0.003728390 -1.434078097 0.006926307 -0.003699548 0.999969184 53.832969666
0.999970078 0.004037954 -0.006602549 0.916293323 -0.004015583 0.999986231 0.003398019 -1.446359158 0.006616179 -0.003371404 0.999972403 54.379901886
0.999967158 0.004185361 -0.006954129 0.927996397 -0.004158854 0.999984026 0.003821908 -1.459501505 0.006970015 -0.003792861 0.999968529 54.922767639
0.999966860 0.004939193 -0.006472368 0.925369740 -0.004916762 0.999981821 0.003477029 -1.472948074 0.006489424 -0.003445091 0.999972999 55.475025177
0.999965668 0.004380004 -0.007049114 0.943457127 -0.004354690 0.999984026 0.003602376 -1.485606551 0.007064781 -0.003571555 0.999968588 56.017665863
0.999964595 0.004406739 -0.007161602 0.945494056 -0.004381819 0.999984264 0.003491591 -1.496090770 0.007176876 -0.003460087 0.999968231 56.564006805
0.999964774 0.003995460 -0.007388769 0.967443466 -0.003967973 0.999985158 0.003731039 -1.517490387 0.007403567 -0.003701589 0.999965787 57.093601227
0.999964714 0.004684255 -0.006966013 0.966633797 -0.004659951 0.999983013 0.003501026 -1.521780968 0.006982294 -0.003468442 0.999969602 57.674030304
0.999963403 0.004385687 -0.007337510 0.973697662 -0.004361146 0.999984801 0.003357250 -1.536180973 0.007352122 -0.003325127 0.999967456 58.218372345
0.999962568 0.004623868 -0.007319058 0.986297727 -0.004599208 0.999983728 0.003382525 -1.551070333 0.007334580 -0.003348737 0.999967456 58.742996216
0.999966383 0.004636775 -0.006762579 0.977867246 -0.004615407 0.999984264 0.003171965 -1.562085032 0.006777180 -0.003140646 0.999972105 59.309177399
0.999964893 0.004719024 -0.006923552 0.987923980 -0.004698718 0.999984622 0.002946244 -1.577174783 0.006937347 -0.002913608 0.999971688 59.848751068
0.999965549 0.004667994 -0.006862863 0.994748652 -0.004645643 0.999983907 0.003269090 -1.589143395 0.006878009 -0.003237095 0.999971092 60.401618958
0.999961793 0.005102172 -0.007090085 1.001809120 -0.005082117 0.999983072 0.002843661 -1.595150828 0.007104473 -0.002807520 0.999970794 60.937072754
0.999964952 0.005399218 -0.006405185 1.008489609 -0.005381558 0.999981761 0.002771219 -1.612887859 0.006420029 -0.002736652 0.999975622 61.483985901
0.999961376 0.005321769 -0.006999701 1.018032670 -0.005303417 0.999982476 0.002637862 -1.618474841 0.007013617 -0.002600638 0.999971986 62.041225433
0.999957561 0.005150986 -0.007636656 1.031874657 -0.005131075 0.999983370 0.002624390 -1.634013057 0.007650047 -0.002585094 0.999967396 62.558502197
0.999958754 0.005128719 -0.007493691 1.040078163 -0.005108498 0.999983251 0.002714912 -1.652474880 0.007507490 -0.002676518 0.999968231 63.100612640
0.999960124 0.005339059 -0.007161870 1.032031417 -0.005319595 0.999982119 0.002734004 -1.658561468 0.007176340 -0.002695796 0.999970615 63.673873901
0.999957800 0.005306343 -0.007499833 1.048889279 -0.005287523 0.999982834 0.002527155 -1.671625137 0.007513114 -0.002487392 0.999968708 64.204147339
0.999960721 0.004968936 -0.007332377 1.049234509 -0.004952560 0.999985278 0.002249844 -1.683536649 0.007343449 -0.002213442 0.999970615 64.751876831
0.999954045 0.005624788 -0.007772387 1.061250925 -0.005601164 0.999979734 0.003057896 -1.696748376 0.007789430 -0.003014221 0.999965131 65.286605835
0.999955952 0.005605512 -0.007530092 1.058924198 -0.005587364 0.999981463 0.002429005 -1.705743670 0.007543569 -0.002386824 0.999968708 65.820495605
0.999958396 0.005010407 -0.007610786 1.080461264 -0.004994724 0.999985337 0.002078180 -1.716799974 0.007621089 -0.002040080 0.999968827 66.376869202
0.999957561 0.004881513 -0.007806106 1.086619854 -0.004866255 0.999986231 0.001972452 -1.726956248 0.007815626 -0.001934383 0.999967575 66.930503845
0.999954402 0.005658826 -0.007689169 1.093844175 -0.005639393 0.999980867 0.002546682 -1.751218438 0.007703432 -0.002503204 0.999967217 67.473045349
0.999952495 0.004910531 -0.008416079 1.111615658 -0.004886725 0.999983966 0.002846781 -1.770272851 0.008429923 -0.002805518 0.999960542 68.005989075
0.999953806 0.006095427 -0.007434869 1.100007534 -0.006074935 0.999977708 0.002775609 -1.787734985 0.007451621 -0.002730314 0.999968529 68.561180115
0.999953985 0.005824946 -0.007625694 1.102921724 -0.005809453 0.999981105 0.002052277 -1.795830369 0.007637503 -0.002007882 0.999968827 69.108673096
0.999951899 0.005648133 -0.008031440 1.122269630 -0.005627924 0.999980986 0.002536676 -1.815044045 0.008045616 -0.002491353 0.999964595 69.646430969
0.999952018 0.006530694 -0.007305278 1.121200442 -0.006513842 0.999976218 0.002328123 -1.819282174 0.007320308 -0.002280426 0.999970615 70.174697876
0.999953151 0.006329489 -0.007335263 1.124823570 -0.006314316 0.999977887 0.002089857 -1.829582691 0.007348329 -0.002043442 0.999970973 70.732032776
0.999951363 0.006232026 -0.007644215 1.134919763 -0.006216659 0.999978662 0.002032195 -1.841183901 0.007656717 -0.001984575 0.999968708 71.266983032
0.999951661 0.006223505 -0.007611201 1.137950182 -0.006207617 0.999978483 0.002109414 -1.856529713 0.007624166 -0.002062065 0.999968767 71.798759460
0.999951303 0.006471827 -0.007447329 1.145223379 -0.006455783 0.999976814 0.002176454 -1.870820522 0.007461241 -0.002128270 0.999969900 72.345054626
0.999950767 0.006304901 -0.007679825 1.150277138 -0.006289826 0.999978244 0.001985558 -1.882616997 0.007692178 -0.001937155 0.999968529 72.883453369
0.999951661 0.006083858 -0.007728821 1.160278082 -0.006067737 0.999979377 0.002107480 -1.900964499 0.007741485 -0.002060482 0.999967933 73.424743652
0.999949574 0.005594982 -0.008341121 1.166897774 -0.005582289 0.999983191 0.001544266 -1.910922050 0.008349623 -0.001497625 0.999963999 73.978767395
0.999949396 0.006282022 -0.007858612 1.168004394 -0.006265494 0.999978125 0.002126067 -1.924709201 0.007871797 -0.002076722 0.999966800 74.495361328
0.999948978 0.006196527 -0.007990259 1.178517938 -0.006175744 0.999977469 0.002623243 -1.941112399 0.008006336 -0.002573764 0.999964595 75.029571533
0.999946296 0.006260877 -0.008255558 1.182811975 -0.006238056 0.999976635 0.002787100 -1.955836654 0.008272816 -0.002735452 0.999961972 75.574157715
0.999949634 0.005359122 -0.008486992 1.196533680 -0.005335622 0.999981880 0.002789119 -1.973659158 0.008501785 -0.002743695 0.999960124 76.111961365
0.999946296 0.006000315 -0.008445475 1.202508688 -0.005980777 0.999979377 0.002336743 -1.981429577 0.008459325 -0.002286108 0.999961555 76.650848389
0.999947548 0.006194537 -0.008153533 1.206892967 -0.006176841 0.999978542 0.002193571 -1.994542122 0.008166947 -0.002143093 0.999964356 77.201210022
0.999951422 0.005620002 -0.008100056 1.214499235 -0.005602649 0.999981940 0.002163374 -2.008780003 0.008112067 -0.002117888 0.999964833 77.745613098
0.999944150 0.006211447 -0.008555212 1.227781057 -0.006188874 0.999977291 0.002662443 -2.029363394 0.008571552 -0.002609346 0.999959826 78.299057007
0.999947608 0.005780741 -0.008450774 1.232374430 -0.005762596 0.999981046 0.002169800 -2.040069580 0.008463159 -0.002120988 0.999961913 78.839706421
0.999945045 0.005442418 -0.008956112 1.248822689 -0.005421973 0.999982655 0.002305531 -2.054660082 0.008968504 -0.002256845 0.999957204 79.383117676
0.999947309 0.005591691 -0.008604018 1.247732639 -0.005573770 0.999982238 0.002105519 -2.068742514 0.008615637 -0.002057451 0.999960780 79.916511536
0.999945462 0.005942847 -0.008579250 1.256278753 -0.005926076 0.999980450 0.001978819 -2.078522921 0.008590844 -0.001927870 0.999961257 80.458961487
0.999953508 0.006042009 -0.007514679 1.264615536 -0.006026488 0.999979675 0.002086274 -2.093651295 0.007527130 -0.002040890 0.999969602 81.009231567
0.999957085 0.006333150 -0.006764511 1.270985365 -0.006319864 0.999977946 0.001983888 -2.107696295 0.006776926 -0.001941052 0.999975145 81.553184509
0.999966323 0.006380389 -0.005156510 1.277958751 -0.006368658 0.999977112 0.002288237 -2.125381708 0.005170992 -0.002255320 0.999984086 82.080772400
0.999972820 0.006339704 -0.003742988 1.287830472 -0.006331334 0.999977469 0.002243629 -2.138204336 0.003757126 -0.002219871 0.999990463 82.621231079
0.999981701 0.006029139 -0.000512682 1.302934885 -0.006027880 0.999978960 0.002422764 -2.153380394 0.000527278 -0.002419629 0.999996960 83.170326233
0.999977469 0.005674037 0.003570066 1.313842177 -0.005682922 0.999980807 0.002483717 -2.168879986 -0.003555905 -0.002503950 0.999990523 83.707534790
0.999959826 0.006485657 0.006187636 1.334841251 -0.006499150 0.999976456 0.002163057 -2.179794788 -0.006173463 -0.002203185 0.999978483 84.248863220
0.999922037 0.006490040 0.010672772 1.361336708 -0.006511489 0.999976814 0.001976186 -2.195358753 -0.010659699 -0.002045527 0.999941111 84.793792725
0.999838471 0.006706585 0.016669974 1.388805270 -0.006743069 0.999974966 0.002133438 -2.213677883 -0.016655248 -0.002245501 0.999858797 85.342277527
0.999733210 0.005777394 0.022359107 1.416622400 -0.005828024 0.999980509 0.002199882 -2.230354548 -0.022345966 -0.002329604 0.999747634 85.887413025
0.999607027 0.005830553 0.027415106 1.454495430 -0.005906415 0.999978900 0.002686983 -2.252251625 -0.027398866 -0.002847852 0.999620497 86.408004761
0.999329269 0.005964515 0.036130674 1.482589960 -0.006048277 0.999979258 0.002209458 -2.257396221 -0.036116745 -0.002426504 0.999344647 86.979560852
0.999013245 0.005560645 0.044064321 1.531469822 -0.005669431 0.999981105 0.002344192 -2.272932529 -0.044050455 -0.002591698 0.999025941 87.525276184
0.998664439 0.005414070 0.051380824 1.561572790 -0.005527466 0.999982595 0.002065132 -2.282765150 -0.051368747 -0.002346381 0.998676956 88.081985474
0.998148143 0.005528470 0.060577720 1.617580175 -0.005654685 0.999982119 0.001912293 -2.296425343 -0.060566068 -0.002251300 0.998161614 88.623977661
0.997490466 0.005929556 0.070552349 1.682108879 -0.006077528 0.999979734 0.001882850 -2.316948414 -0.070539758 -0.002306909 0.997506261 89.142845154
0.996852577 0.005375509 0.079094782 1.729161263 -0.005528243 0.999983251 0.001712182 -2.325189590 -0.079084255 -0.002144048 0.996865630 89.730506897
0.996191502 0.004755081 0.087062508 1.796577930 -0.004937931 0.999985993 0.001884976 -2.341121674 -0.087052345 -0.002307706 0.996201038 90.277717590
0.995213985 0.004340122 0.097622015 1.870571613 -0.004527164 0.999988377 0.001694568 -2.354510546 -0.097613513 -0.002128409 0.995222092 90.801231384
0.994057655 0.004963040 0.108741581 1.945562363 -0.005206765 0.999984622 0.001957503 -2.375287056 -0.108730175 -0.002512063 0.994068146 91.378265381
0.993049324 0.003920125 0.117634483 2.033880234 -0.004119094 0.999990463 0.001448335 -2.384348631 -0.117627703 -0.001922816 0.993055940 91.924880981
0.991665006 0.004562285 0.128762111 2.119376183 -0.004843930 0.999986470 0.001874245 -2.397150517 -0.128751829 -0.002482338 0.991673708 92.455162048
0.989998996 0.004208677 0.141011670 2.213485718 -0.004513595 0.999988139 0.001842589 -2.417515278 -0.141002223 -0.002460631 0.990006149 93.023490906
0.988321424 0.004476050 0.152317747 2.312545776 -0.004832086 0.999986470 0.001967367 -2.434899569 -0.152306885 -0.002680404 0.988329530 93.570755005
0.986711740 0.003652945 0.162439644 2.419829369 -0.004027848 0.999989927 0.001978683 -2.443344355 -0.162430748 -0.002606672 0.986716509 94.111289978
0.984587073 0.003532232 0.174859554 2.541179657 -0.003961336 0.999989927 0.002105026 -2.462917566 -0.174850360 -0.002765259 0.984591246 94.632446289
0.982226193 0.002965222 0.187677801 2.666676521 -0.003324559 0.999993145 0.001599910 -2.470599651 -0.187671795 -0.002195419 0.982229292 95.181800842
0.980180442 0.003315151 0.198079094 2.789132118 -0.003757193 0.999991179 0.001855850 -2.483864069 -0.198071241 -0.002563289 0.980184257 95.712699890
0.977472603 0.002815773 0.211043909 2.937179565 -0.003247414 0.999993324 0.001698718 -2.501742840 -0.211037710 -0.002345797 0.977475107 96.237579346
0.974523187 0.002413655 0.224273697 3.083600998 -0.002971160 0.999993205 0.002148381 -2.519685268 -0.224267036 -0.002760000 0.974523842 96.777908325
0.971875072 0.001896424 0.235489190 3.230384827 -0.002478417 0.999994576 0.002175464 -2.538338184 -0.235483825 -0.002697920 0.971874475 97.306396484
0.968866289 0.001710841 0.247578561 3.379505157 -0.002253563 0.999995649 0.001908760 -2.544420958 -0.247574195 -0.002407267 0.968865871 97.843734741
0.965246379 0.001829472 0.261335373 3.544986725 -0.002468285 0.999994695 0.002116214 -2.559695244 -0.261330098 -0.002687718 0.965245724 98.368965149
0.961874962 0.001181703 0.273486763 3.712202072 -0.001849152 0.999995887 0.002182757 -2.574493647 -0.273483038 -0.002605258 0.961873293 98.882347107
0.958516240 0.001259541 0.285034895 3.889226913 -0.001747233 0.999997437 0.001456708 -2.578131199 -0.285032362 -0.001894301 0.958516002 99.428031921
0.954298079 0.001365504 0.298853457 4.070676804 -0.001954112 0.999996781 0.001670737 -2.593164682 -0.298850209 -0.002178374 0.954297602 99.940185547
0.949870706 0.000906146 0.312641501 4.268014908 -0.001481752 0.999997616 0.001603525 -2.607164621 -0.312639296 -0.001986399 0.949869752 100.465850830
0.945991576 0.000411357 0.324190944 4.460382462 -0.001036239 0.999997854 0.001754882 -2.616108179 -0.324189484 -0.001996043 0.945990026 100.981872559
0.941232920 0.000490109 0.337757975 4.663547516 -0.001090773 0.999998033 0.001588601 -2.633770704 -0.337756604 -0.001863661 0.941231608 101.504684448
0.936129570 0.000591406 0.351654798 4.877223969 -0.001180481 0.999998212 0.001460747 -2.648990631 -0.351653308 -0.001782570 0.936128676 102.002502441
0.931572735 0.000149281 0.363554984 5.100740433 -0.000776026 0.999998391 0.001577875 -2.661698580 -0.363554150 -0.001752034 0.931571424 102.531295776
0.927153885 -0.000988422 0.374679416 5.337181091 0.000622213 0.999999106 0.001098362 -2.672448158 -0.374680191 -0.000785220 0.927153766 103.040687561
0.920925021 -0.000899765 0.389738679 5.555198669 0.000391085 0.999998987 0.001384527 -2.686550379 -0.389739573 -0.001122625 0.920924425 103.529602051
0.915287971 -0.001698870 0.402796566 5.794517517 0.001308139 0.999998391 0.001245151 -2.695908785 -0.402797967 -0.000612758 0.915288746 104.022583008
0.910438776 -0.002096852 0.413638502 6.045818329 0.001663365 0.999997556 0.001408125 -2.716907024 -0.413640469 -0.000593980 0.910440087 104.499710083
0.903958559 -0.002341804 0.427613646 6.298328400 0.001674825 0.999996722 0.001935913 -2.737702131 -0.427616805 -0.001033808 0.903959453 105.007850647
0.897885442 -0.002685586 0.440220803 6.569919586 0.002050679 0.999996126 0.001917901 -2.759916782 -0.440224200 -0.000819304 0.897887468 105.466255188
0.891797423 -0.002892821 0.452425689 6.848522186 0.002710571 0.999995768 0.001051065 -2.761488676 -0.452426791 0.000288995 0.891801476 105.989608765
0.885876834 -0.003704989 0.463905692 7.099090576 0.003112702 0.999993086 0.002042426 -2.778509140 -0.463910043 -0.000365337 0.885882378 106.464805603
0.878699660 -0.003722560 0.477360547 7.384067535 0.003216147 0.999993086 0.001878049 -2.789280653 -0.477364182 -0.000114979 0.878705621 106.948501587
0.871841609 -0.003968251 0.489771843 7.671390533 0.003361264 0.999992073 0.002118804 -2.808218718 -0.489776462 -0.000201010 0.871848047 107.413154602
0.865922987 -0.004285597 0.500159025 7.954936981 0.003709465 0.999990821 0.002146210 -2.819436073 -0.500163615 -0.000003130 0.865930915 107.878349304
