1.000000000 0.000000000 0.000000000 0.000000000 0.000000000 1.000000000 0.000000000 0.000000000 0.000000000 0.000000000 1.000000000 0.000000000
1.000000000 0.000083840 0.000032892 -0.000122913 -0.000083840 1.000000000 -0.000005087 0.000332926 -0.000032893 0.000005084 1.000000000 0.000233669
1.000000000 0.000070634 0.000101080 -0.000587957 -0.000070643 1.000000000 0.000087051 -0.000369155 -0.000101074 -0.000087059 1.000000000 0.000221656
1.000000000 0.000012538 0.000060899 -0.000269629 -0.000012536 1.000000000 -0.000035326 0.000576509 -0.000060899 0.000035326 1.000000000 0.000239431
1.000000000 0.000006254 0.000075790 -0.000299533 -0.000006252 1.000000000 -0.000028530 0.000410139 -0.000075790 0.000028530 1.000000000 0.000193131
1.000000000 0.000114757 0.000111236 -0.001177046 -0.000114759 1.000000000 0.000016473 0.000325767 -0.000111234 -0.000016485 1.000000000 0.000002185
1.000000000 -0.000032573 0.000039708 -0.000395476 0.000032572 1.000000000 0.000030495 -0.000276819 -0.000039709 -0.000030493 1.000000000 0.000133200
1.000000000 0.000077777 0.000047100 0.000027986 -0.000077779 1.000000000 0.000046797 0.000217005 -0.000047096 -0.000046800 1.000000000 0.000951830
1.000000000 0.000120071 0.000001681 -0.000153754 -0.000120071 1.000000000 -0.000081508 -0.000055772 -0.000001691 0.000081507 1.000000000 -0.000148376
1.000000000 0.000071110 0.000076841 -0.000735527 -0.000071109 1.000000000 -0.000009437 -0.000014986 -0.000076842 0.000009432 1.000000000 0.001069926
1.000000000 0.000157502 0.000094698 -0.001020046 -0.000157504 1.000000000 0.000021035 -0.000003764 -0.000094695 -0.000021050 1.000000000 0.000420958
1.000000000 0.000126708 0.000081663 -0.000290967 -0.000126703 1.000000000 -0.000066310 0.001161694 -0.000081672 0.000066300 1.000000000 0.001431879
1.000000000 0.000084123 0.000041276 -0.000413680 -0.000084120 1.000000000 -0.000075364 0.000281018 -0.000041282 0.000075361 1.000000000 0.000097304
1.000000000 0.000128710 0.000049027 -0.000692920 -0.000128706 1.000000000 -0.000087174 0.001159378 -0.000049038 0.000087168 1.000000000 0.000996944
1.000000000 0.000061154 0.000096808 -0.001508128 -0.000061148 1.000000000 -0.000056803 0.000908690 -0.000096811 0.000056797 1.000000000 0.000306676
1.000000000 0.000107485 0.000060834 -0.000261752 -0.000107483 1.000000000 -0.000028546 0.001131032 -0.000060837 0.000028540 1.000000000 0.001556154
1.000000000 0.000174814 0.000116568 -0.001072903 -0.000174807 1.000000000 -0.000060584 0.001281204 -0.000116579 0.000060564 1.000000000 0.001674319
1.000000000 0.000137543 0.000096784 -0.001293188 -0.000137534 1.000000000 -0.000090194 0.001104782 -0.000096796 0.000090181 1.000000000 0.001084693
0.999999940 0.000246275 0.000166188 -0.002207942 -0.000246268 0.999999940 -0.000041880 0.001734081 -0.000166198 0.000041839 1.000000000 0.001715704
1.000000000 0.000160796 0.000123293 -0.001388974 -0.000160788 1.000000000 -0.000065024 0.001572620 -0.000123303 0.000065004 1.000000000 0.001783380
1.000000000 0.000143749 0.000160751 -0.001972520 -0.000143740 1.000000000 -0.000057376 0.001320418 -0.000160759 0.000057353 1.000000000 0.001797626
1.000000000 0.000189496 0.000114615 -0.001778522 -0.000189489 1.000000000 -0.000061562 0.001734464 -0.000114626 0.000061540 1.000000000 0.001704516
1.000000000 0.000187772 0.000111843 -0.001204402 -0.000187762 1.000000000 -0.000090746 0.001903155 -0.000111860 0.000090725 1.000000000 0.002344905
1.000000000 0.000183919 0.000106652 -0.001690635 -0.000183911 1.000000000 -0.000072000 0.002374754 -0.000106665 0.000071981 1.000000000 0.003037464
0.999999940 0.000319860 0.000117521 -0.001759120 -0.000319849 0.999999940 -0.000088893 0.002259090 -0.000117549 0.000088855 1.000000000 0.002555364
0.999999940 0.000347399 0.000136448 -0.001742210 -0.000347398 0.999999940 -0.000007246 0.001074737 -0.000136451 0.000007199 1.000000000 0.001262605
0.999999940 0.000149017 0.000199018 -0.001992204 -0.000149016 1.000000000 -0.000005934 0.002319180 -0.000199018 0.000005904 1.000000000 0.002525256
0.999999940 0.000202956 0.000184727 -0.001788749 -0.000202965 1.000000000 0.000044058 0.001179840 -0.000184719 -0.000044096 1.000000000 0.002017560
0.999999940 0.000213339 0.000149694 -0.002137676 -0.000213339 1.000000000 0.000001712 0.002061314 -0.000149694 -0.000001744 1.000000000 0.002672704
0.999999940 0.000222914 0.000157166 -0.001973505 -0.000222907 1.000000000 -0.000044207 0.002071735 -0.000157176 0.000044172 1.000000000 0.002382277
0.999999940 0.000247792 0.000201444 -0.001520896 -0.000247788 0.999999940 -0.000023796 0.001370594 -0.000201450 0.000023746 1.000000000 0.002237150
1.000000000 0.000101183 0.000178255 -0.001139345 -0.000101175 1.000000000 -0.000045234 0.002425928 -0.000178260 0.000045216 1.000000000 0.003187034
1.000000000 0.000194905 0.000081883 -0.000642456 -0.000194896 1.000000000 -0.000102848 0.002454728 -0.000081903 0.000102832 1.000000000 0.002949207
1.000000000 0.000187885 0.000137071 -0.001133054 -0.000187880 1.000000000 -0.000034247 0.001586594 -0.000137077 0.000034222 1.000000000 0.002157971
0.999999940 0.000284857 0.000213314 -0.002458937 -0.000284846 0.999999940 -0.000053561 0.001757307 -0.000213330 0.000053500 1.000000000 0.001939025
0.999999940 0.000268455 0.000208779 -0.001465443 -0.000268446 0.999999940 -0.000046799 0.001337514 -0.000208792 0.000046743 1.000000000 0.001522576
1.000000000 0.000173564 0.000140064 -0.001371820 -0.000173564 1.000000000 -0.000005538 0.001733971 -0.000140065 0.000005514 1.000000000 0.002005760
0.999999940 0.000264342 0.000124726 -0.001837082 -0.000264335 0.999999940 -0.000059515 0.002458994 -0.000124742 0.000059482 1.000000000 0.003034048
0.999999940 0.000309760 0.000180051 -0.001570671 -0.000309749 0.999999940 -0.000059967 0.002186076 -0.000180070 0.000059911 1.000000000 0.001527230
0.999999940 0.000233874 0.000114029 -0.000756938 -0.000233866 0.999999940 -0.000073144 0.002898593 -0.000114046 0.000073118 1.000000000 0.002972181
1.000000000 0.000075033 0.000081456 -0.000050461 -0.000075024 1.000000000 -0.000104228 0.001580311 -0.000081464 0.000104222 1.000000000 0.002891307
0.999999881 0.000424668 0.000246971 -0.000691444 -0.000424503 0.999999702 -0.000668210 -0.001623178 -0.000247255 0.000668105 0.999999762 0.051070422
0.999999881 0.000387495 0.000196541 0.001773761 -0.000387249 0.999999166 -0.001249386 -0.002833119 -0.000197025 0.001249310 0.999999225 0.140349373
1.000000000 0.000062684 0.000072938 0.004244562 -0.000062583 0.999999046 -0.001392563 -0.009235784 -0.000073025 0.001392558 0.999999046 0.252480119
0.999999940 0.000221033 0.000192141 0.005413457 -0.000220787 0.999999166 -0.001281914 -0.011617390 -0.000192425 0.001281872 0.999999166 0.385638565
0.999999940 0.000019310 0.000359951 0.006522531 -0.000018883 0.999999285 -0.001185615 -0.014160013 -0.000359973 0.001185608 0.999999225 0.531366825
0.999999940 -0.000357009 0.000160310 0.012515713 0.000357190 0.999999285 -0.001131393 -0.019410869 -0.000159906 0.001131450 0.999999344 0.684252203
0.999999881 0.000203334 0.000388581 0.015310374 -0.000203000 0.999999583 -0.000860801 -0.024451632 -0.000388756 0.000860722 0.999999583 0.843693674
0.999999821 0.000085797 0.000569920 0.014305536 -0.000085448 0.999999821 -0.000613675 -0.031666730 -0.000569973 0.000613627 0.999999642 1.023717999
1.000000000 0.000051780 0.000225392 0.023031170 -0.000051611 0.999999702 -0.000749149 -0.029694432 -0.000225430 0.000749138 0.999999702 1.206427217
0.999999881 -0.000114425 0.000494285 0.027862024 0.000114607 0.999999940 -0.000369189 -0.041406255 -0.000494243 0.000369246 0.999999821 1.388566136
0.999999940 0.000133655 0.000366124 0.028042968 -0.000133602 1.000000000 -0.000144200 -0.048873179 -0.000366143 0.000144151 0.999999940 1.587564826
0.999999940 0.000001070 0.000345045 0.028742678 -0.000001073 1.000000000 0.000010419 -0.056346737 -0.000345045 -0.000010419 0.999999940 1.765679240
0.999998868 -0.001412517 0.000559304 0.032441474 0.001412567 0.999998987 -0.000087884 -0.057405360 -0.000559180 0.000088674 0.999999821 1.918105960
0.999998152 -0.001831012 0.000519198 0.038255129 0.001831065 0.999998271 -0.000101422 -0.064813361 -0.000519011 0.000102372 0.999999821 2.128155947
0.999996841 -0.002459281 0.000409380 0.045298789 0.002459223 0.999996841 0.000141476 -0.070199117 -0.000409726 -0.000140469 0.999999940 2.343906164
0.999998212 -0.001818084 0.000740954 0.045705043 0.001818024 0.999998331 0.000081661 -0.076984778 -0.000741101 -0.000080314 0.999999642 2.551913023
0.999997675 -0.001901058 0.001013367 0.048953526 0.001900849 0.999998093 0.000206483 -0.083314858 -0.001013758 -0.000204556 0.999999404 2.785953760
0.999997020 -0.002191506 0.001106570 0.053555880 0.002191097 0.999997556 0.000370404 -0.090263769 -0.001107379 -0.000367978 0.999999285 3.023447752
0.999997556 -0.001955783 0.001057748 0.057215836 0.001955363 0.999998033 0.000398161 -0.100776486 -0.001058524 -0.000396092 0.999999344 3.243386269
0.999997735 -0.001666401 0.001296138 0.061983179 0.001665820 0.999998510 0.000448953 -0.105527163 -0.001296884 -0.000446793 0.999999046 3.498174906
0.999997735 -0.001639792 0.001339948 0.067949951 0.001639188 0.999998510 0.000451360 -0.113823943 -0.001340686 -0.000449162 0.999998987 3.754477262
0.999997497 -0.001764237 0.001338349 0.067337014 0.001763325 0.999998152 0.000681727 -0.121534906 -0.001339550 -0.000679365 0.999998868 3.992801905
0.999997258 -0.001781030 0.001547407 0.072500505 0.001779896 0.999998152 0.000733591 -0.125440225 -0.001548710 -0.000730834 0.999998569 4.252476215
0.999996841 -0.001972130 0.001566246 0.078168981 0.001970836 0.999997675 0.000827166 -0.135119975 -0.001567874 -0.000824076 0.999998450 4.508809566
0.999996662 -0.002104604 0.001500113 0.083764322 0.002103183 0.999997318 0.000948261 -0.143217787 -0.001502104 -0.000945103 0.999998450 4.734395504
0.999997318 -0.001596366 0.001706029 0.088161878 0.001594370 0.999998033 0.001170414 -0.151937515 -0.001707894 -0.001167691 0.999997854 4.992152214
0.999996901 -0.001711841 0.001821063 0.094074704 0.001709797 0.999997854 0.001123317 -0.157792553 -0.001822982 -0.001120200 0.999997735 5.257015705
0.999997258 -0.001556825 0.001750496 0.097472027 0.001554906 0.999998212 0.001097538 -0.165167257 -0.001752202 -0.001094813 0.999997854 5.502202034
0.999997497 -0.001539625 0.001615882 0.102932364 0.001537738 0.999998152 0.001168299 -0.172747925 -0.001617677 -0.001165812 0.999997973 5.776962757
0.999997437 -0.001144419 0.001947228 0.105894826 0.001142259 0.999998748 0.001109855 -0.180972010 -0.001948495 -0.001107628 0.999997497 6.056602478
0.999997437 -0.001639829 0.001569010 0.115371041 0.001637841 0.999997854 0.001267547 -0.189985767 -0.001571086 -0.001264974 0.999997973 6.320212364
0.999998093 -0.001330301 0.001480766 0.120832823 0.001328534 0.999998450 0.001193285 -0.197161302 -0.001482352 -0.001191315 0.999998212 6.617567062
0.999997616 -0.001602404 0.001490948 0.124461345 0.001600975 0.999998271 0.000959193 -0.204626024 -0.001492482 -0.000956804 0.999998510 6.915918350
0.999998033 -0.001356219 0.001426921 0.133164555 0.001354595 0.999998450 0.001138565 -0.213538438 -0.001428463 -0.001136630 0.999998331 7.185697079
0.999997616 -0.001777359 0.001227565 0.142328799 0.001775845 0.999997616 0.001233405 -0.223415688 -0.001229754 -0.001231222 0.999998510 7.495009899
0.999997973 -0.001629409 0.001190558 0.147569805 0.001627838 0.999997914 0.001318666 -0.232063383 -0.001192704 -0.001316725 0.999998450 7.807685375
0.999997497 -0.001468119 0.001695293 0.144548357 0.001466048 0.999998271 0.001221937 -0.242170736 -0.001697084 -0.001219448 0.999997735 8.103654861
0.999997020 -0.001602424 0.001840579 0.152121633 0.001600178 0.999997973 0.001220962 -0.251089215 -0.001842532 -0.001218013 0.999997497 8.427274704
0.999997318 -0.001642999 0.001649961 0.161425322 0.001641127 0.999997973 0.001135357 -0.255848020 -0.001651823 -0.001132646 0.999997973 8.770116806
0.999997675 -0.001298898 0.001712320 0.162061796 0.001296680 0.999998271 0.001296008 -0.271852672 -0.001714001 -0.001293784 0.999997675 9.079401970
0.999997854 -0.000777741 0.001893203 0.168193579 0.000774607 0.999998271 0.001655675 -0.286629319 -0.001894488 -0.001654205 0.999996841 9.416409492
0.999997914 -0.000924822 0.001806657 0.176034138 0.000922168 0.999998450 0.001469172 -0.292577893 -0.001808013 -0.001467503 0.999997258 9.771552086
0.999997914 -0.001070776 0.001796558 0.178180248 0.001068318 0.999998450 0.001368931 -0.302905142 -0.001798022 -0.001367009 0.999997437 10.107782364
0.999997914 -0.000988839 0.001777382 0.186192572 0.000986210 0.999998391 0.001479896 -0.313667864 -0.001778842 -0.001478141 0.999997318 10.470036507
0.999997437 -0.001337429 0.001799128 0.195908755 0.001334594 0.999997854 0.001576397 -0.322415948 -0.001801233 -0.001573992 0.999997139 10.838849068
0.999996781 -0.001817722 0.001726429 0.203417540 0.001815196 0.999997258 0.001463390 -0.329471976 -0.001729084 -0.001460252 0.999997437 11.182941437
0.999997556 -0.001228473 0.001814304 0.211589575 0.001225291 0.999997735 0.001753709 -0.338520646 -0.001816454 -0.001751481 0.999996781 11.564424515
0.999997139 -0.001417465 0.001913625 0.222555548 0.001413847 0.999997199 0.001890396 -0.354467213 -0.001916299 -0.001887686 0.999996364 11.943414688
0.999996543 -0.001516291 0.002130197 0.233302787 0.001511309 0.999996126 0.002338445 -0.368170112 -0.002133735 -0.002335218 0.999994993 12.328766823
0.999996722 -0.001224841 0.002255939 0.227315366 0.001219009 0.999995828 0.002584593 -0.380801946 -0.002259096 -0.002581835 0.999994099 12.683191299
0.999997437 -0.000770996 0.002161778 0.240861267 0.000766189 0.999997139 0.002223623 -0.389442712 -0.002163487 -0.002221961 0.999995172 13.091909409
0.999997318 -0.000286240 0.002292599 0.240859970 0.000280708 0.999996960 0.002412984 -0.400640249 -0.002293282 -0.002412334 0.999994457 13.505988121
0.999997616 -0.000295309 0.002170256 0.251022220 0.000289476 0.999996305 0.002687438 -0.409414262 -0.002171042 -0.002686803 0.999993980 13.936343193
0.999995708 -0.001058452 0.002727611 0.257530183 0.001052465 0.999997020 0.002195117 -0.420927703 -0.002729926 -0.002192237 0.999993801 14.307840347
0.999995589 -0.000916138 0.002842091 0.265216321 0.000909842 0.999997139 0.002215754 -0.430613130 -0.002844113 -0.002213158 0.999993443 14.738348007
0.999995053 -0.001378285 0.002805213 0.281322211 0.001370929 0.999995589 0.002622445 -0.450663805 -0.002808815 -0.002618586 0.999992609 15.151642799
0.999993086 -0.001383203 0.003438962 0.285251439 0.001374101 0.999995530 0.002647670 -0.457766384 -0.003442608 -0.002642927 0.999990523 15.566572189
0.999992549 -0.001264553 0.003641857 0.296115398 0.001254454 0.999995351 0.002773813 -0.469111145 -0.003645348 -0.002769225 0.999989510 16.008457184
0.999990582 -0.001142626 0.004192871 0.305820823 0.001130090 0.999994874 0.002990840 -0.480757773 -0.004196267 -0.002986074 0.999986708 16.454324722
0.999989152 -0.000739750 0.004594672 0.302519202 0.000725895 0.999995172 0.003016465 -0.501271307 -0.004596882 -0.003013097 0.999984920 16.882295609
0.999987602 -0.001008831 0.004861966 0.313538849 0.000994302 0.999995053 0.002989648 -0.511853218 -0.004864958 -0.002984777 0.999983788 17.351293564
0.999987125 -0.000747823 0.005019144 0.324260294 0.000733508 0.999995649 0.002853201 -0.520437062 -0.005021257 -0.002849483 0.999983370 17.818136215
0.999984622 -0.001134397 0.005429280 0.333135188 0.001117526 0.999994516 0.003109357 -0.534810841 -0.005432777 -0.003103242 0.999980450 18.242383957
0.999986589 -0.001127926 0.005060916 0.349332124 0.001111105 0.999993861 0.003325378 -0.548532367 -0.005064635 -0.003319710 0.999981642 18.721666336
0.999986112 -0.000401979 0.005256672 0.361930192 0.000386856 0.999995768 0.002877522 -0.555259645 -0.005257808 -0.002875449 0.999982119 19.204671860
0.999985099 -0.000808690 0.005422904 0.368578374 0.000790147 0.999993861 0.003420697 -0.572500765 -0.005425638 -0.003416361 0.999979377 19.635097504
0.999984682 -0.001267240 0.005386416 0.382657140 0.001247665 0.999992669 0.003635757 -0.587773561 -0.005390984 -0.003628981 0.999978840 20.125858307
0.999986410 -0.000492728 0.005191068 0.394537389 0.000474720 0.999993920 0.003469700 -0.595000446 -0.005192745 -0.003467189 0.999980450 20.640193939
0.999989212 -0.000719158 0.004585415 0.396670520 0.000704848 0.999994874 0.003121481 -0.606312454 -0.004587636 -0.003118216 0.999984622 21.089700699
0.999991953 -0.000572242 0.003975475 0.410518378 0.000561778 0.999996424 0.002632729 -0.614556909 -0.003976966 -0.002630475 0.999988735 21.606344223
0.999992967 -0.000499163 0.003720051 0.417594343 0.000490508 0.999997199 0.002327037 -0.622994483 -0.003721202 -0.002325196 0.999990344 22.127389908
0.999992967 -0.000377287 0.003731327 0.414307773 0.000367042 0.999996185 0.002746188 -0.634683728 -0.003732348 -0.002744800 0.999989212 22.601474762
0.999995649 -0.000751200 0.002828682 0.430445731 0.000742227 0.999994695 0.003171952 -0.650838792 -0.002831050 -0.003169840 0.999990940 23.127124786
0.999996185 -0.001581172 0.002239869 0.439705640 0.001575237 0.999995232 0.002648990 -0.661324501 -0.002244047 -0.002645452 0.999993980 23.658956528
0.999996662 -0.000437248 0.002540770 0.435366511 0.000429800 0.999995530 0.002931010 -0.676171064 -0.002542040 -0.002929909 0.999992490 24.116729736
0.999998689 -0.000643524 0.001484116 0.450655073 0.000638429 0.999993861 0.003430763 -0.691845298 -0.001486314 -0.003429811 0.999993026 24.652093887
0.999999285 -0.000407307 0.001090565 0.465806812 0.000402962 0.999991953 0.003981140 -0.710843980 -0.001092178 -0.003980698 0.999991477 25.198305130
0.999999702 -0.000501566 0.000537945 0.467812955 0.000499686 0.999993801 0.003488444 -0.721663833 -0.000539692 -0.003488174 0.999993742 25.691541672
0.999998868 -0.001440060 0.000251833 0.479912400 0.001439056 0.999991238 0.003940633 -0.731844425 -0.000257506 -0.003940267 0.999992132 26.253442764
0.999999046 -0.001366508 -0.000220528 0.496975869 0.001367364 0.999991357 0.003930302 -0.748982787 0.000215155 -0.003930600 0.999992192 26.790790558
0.999999821 -0.000527470 -0.000099042 0.485308349 0.000527840 0.999992728 0.003783088 -0.761684537 0.000097045 -0.003783140 0.999992788 27.267803192
0.999999940 -0.000039369 -0.000267223 0.496552140 0.000040298 0.999993980 0.003480026 -0.769377351 0.000267084 -0.003480036 0.999993920 27.820619583
0.999999821 -0.000076851 -0.000565841 0.509590566 0.000078984 0.999992907 0.003770198 -0.789242864 0.000565547 -0.003770242 0.999992669 28.361856461
0.999999583 0.000273214 -0.000814696 0.518595397 -0.000269912 0.999991715 0.004050650 -0.801581264 0.000815796 -0.004050428 0.999991477 28.891361237
0.999999523 -0.000485064 -0.000837399 0.488882780 0.000488451 0.999991655 0.004049443 -0.813408852 0.000835427 -0.004049851 0.999991417 29.352512360
0.999999404 -0.000304304 -0.001017763 0.504035115 0.000308613 0.999990940 0.004237017 -0.832840979 0.001016464 -0.004237329 0.999990523 29.887985229
0.999999404 -0.000170949 -0.001148712 0.513668358 0.000175247 0.999993026 0.003742600 -0.841947913 0.001148064 -0.003742798 0.999992311 30.423049927
0.999998987 0.000233232 -0.001349421 0.515559912 -0.000228023 0.999992490 0.003857930 -0.855219066 0.001350310 -0.003857617 0.999991596 30.912450790
0.999998987 -0.000013400 -0.001407765 0.526404023 0.000018553 0.999993265 0.003659404 -0.869357109 0.001407707 -0.003659426 0.999992311 31.452890396
0.999998868 -0.000189475 -0.001490976 0.536252975 0.000195568 0.999991596 0.004087546 -0.882966697 0.001490189 -0.004087833 0.999990523 32.005908966
0.999997973 0.000104630 -0.002032842 0.553281665 -0.000095895 0.999990761 0.004296205 -0.907699168 0.002033273 -0.004296001 0.999988675 32.578754425
0.999998748 0.000581869 -0.001424153 0.552322865 -0.000575879 0.999991059 0.004202417 -0.924628377 0.001426586 -0.004201592 0.999990225 33.118041992
0.999997079 0.000237451 -0.002411979 0.538987756 -0.000228282 0.999992847 0.003800994 -0.903722882 0.002412865 -0.003800431 0.999989867 33.506946564
0.999996126 0.000239069 -0.002787468 0.551093936 -0.000229624 0.999994278 0.003388272 -0.915911496 0.002788261 -0.003387619 0.999990404 34.052574158
0.999994814 -0.000410860 -0.003209039 0.563771307 0.000421123 0.999994755 0.003197869 -0.924992621 0.003207708 -0.003199203 0.999989748 34.592685699
0.999994814 -0.000629809 -0.003180071 0.569102466 0.000643060 0.999991119 0.004167276 -0.951990485 0.003177418 -0.004169298 0.999986351 35.137725830
0.999994993 0.000286712 -0.003150600 0.596680582 -0.000275523 0.999993682 0.003551389 -0.958464861 0.003151599 -0.003550503 0.999988735 35.680282593
0.999996364 -0.000416131 -0.002658390 0.559746206 0.000426953 0.999991596 0.004071855 -0.972179770 0.002656675 -0.004072975 0.999988198 36.081317902
0.999996364 0.000362424 -0.002655216 0.567005694 -0.000353216 0.999993920 0.003467991 -0.981186509 0.002656457 -0.003467042 0.999990463 36.637142181
0.999994755 0.000208261 -0.003216051 0.582929194 -0.000197164 0.999994040 0.003450797 -0.990106225 0.003216751 -0.003450145 0.999988914 37.190444946
0.999995768 0.000024617 -0.002880902 0.577047408 -0.000014184 0.999993443 0.003621724 -1.004601955 0.002880974 -0.003621669 0.999989271 37.638969421
0.999995291 0.000633087 -0.002999410 0.584823608 -0.000623465 0.999994695 0.003207719 -1.014530182 0.003001425 -0.003205834 0.999990344 38.183128357
0.999994934 -0.000150753 -0.003178108 0.603630006 0.000161402 0.999994338 0.003351056 -1.030202031 0.003177586 -0.003351551 0.999989271 38.749820709
0.999994516 0.000099402 -0.003300169 0.623108864 -0.000088072 0.999994099 0.003433074 -1.038045049 0.003300492 -0.003432764 0.999988616 39.297916412
0.999995172 -0.000146872 -0.003103836 0.588659108 0.000157269 0.999994397 0.003349645 -1.037648439 0.003103326 -0.003350117 0.999989510 39.706905365
0.999996305 0.000049757 -0.002711170 0.593566656 -0.000040350 0.999993980 0.003469805 -1.047521830 0.002711327 -0.003469683 0.999990284 40.258049011
0.999995530 -0.000388680 -0.002964847 0.622282088 0.000398385 0.999994576 0.003273185 -1.067344189 0.002963559 -0.003274351 0.999990225 40.791294098
0.999996901 0.000226583 -0.002445977 0.630699277 -0.000217787 0.999993503 0.003595809 -1.084747910 0.002446775 -0.003595265 0.999990523 41.299152374
0.999995172 0.000481310 -0.003085539 0.645734787 -0.000471321 0.999994636 0.003237105 -1.088533163 0.003087081 -0.003235635 0.999989927 41.887870789
0.999996424 0.000285103 -0.002643008 0.609425724 -0.000276444 0.999994576 0.003275890 -1.100177050 0.002643927 -0.003275148 0.999991059 42.278457642
0.999995768 -0.000292449 -0.002890175 0.619033635 0.000302530 0.999993861 0.003488008 -1.117753744 0.002889138 -0.003488868 0.999989688 42.815525055
0.999995947 -0.000185182 -0.002831469 0.630758524 0.000195790 0.999992907 0.003746864 -1.129910231 0.002830756 -0.003747404 0.999988973 43.356895447
0.999996305 0.000341372 -0.002721575 0.643373132 -0.000331254 0.999993026 0.003717501 -1.139959931 0.002722825 -0.003716585 0.999989390 43.892860413
0.999997318 0.000595107 -0.002249056 0.629396915 -0.000586778 0.999992967 0.003702033 -1.151609898 0.002251245 -0.003700703 0.999990642 44.334651947
0.999997556 0.000545536 -0.002135761 0.637332857 -0.000537318 0.999992430 0.003846361 -1.167235970 0.002137843 -0.003845204 0.999990344 44.877414703
0.999997377 -0.000346074 -0.002248475 0.655244768 0.000355978 0.999990225 0.004405919 -1.186584473 0.002246928 -0.004406709 0.999987781 45.413314819
0.999996901 -0.000215810 -0.002486081 0.665693581 0.000227160 0.999989569 0.004566418 -1.194086909 0.002485069 -0.004566969 0.999986470 45.965530396
0.999997079 -0.000032973 -0.002420974 0.649763823 0.000042122 0.999992847 0.003779097 -1.199969292 0.002420832 -0.003779188 0.999989927 46.397407532
0.999997973 0.000165723 -0.002006781 0.658186257 -0.000158482 0.999993503 0.003608149 -1.209889650 0.002007367 -0.003607824 0.999991536 46.956302643
0.999997377 0.000009561 -0.002307300 0.666937172 -0.000001153 0.999993384 0.003643705 -1.223629832 0.002307319 -0.003643691 0.999990702 47.507293701
0.999997973 0.000787626 -0.001824745 0.691043615 -0.000780222 0.999991477 0.004055073 -1.241236687 0.001827923 -0.004053643 0.999990165 48.037292480
0.999997854 0.000022327 -0.002060968 0.669821322 -0.000013612 0.999991000 0.004228236 -1.250804663 0.002061043 -0.004228199 0.999988854 48.477466583
0.999998033 0.000158317 -0.001980252 0.678679526 -0.000151099 0.999993324 0.003644873 -1.264979243 0.001980815 -0.003644566 0.999991357 49.016387939
0.999997199 0.000624825 -0.002263961 0.693011224 -0.000616628 0.999993265 0.003619829 -1.274611235 0.002266207 -0.003618423 0.999990821 49.562194824
0.999998093 0.001165755 -0.001583933 0.699353933 -0.001159557 0.999991715 0.003908499 -1.288459778 0.001588476 -0.003906655 0.999991059 50.108406067
0.999998093 0.000732207 -0.001801306 0.688814700 -0.000724612 0.999991000 0.004213036 -1.298724174 0.001804375 -0.004211723 0.999989510 50.528873444
0.999999166 0.000429007 -0.001259666 0.696799040 -0.000423810 0.999991477 0.004122673 -1.309399366 0.001261424 -0.004122136 0.999990702 51.075500488
0.999998510 0.000890209 -0.001479503 0.707465053 -0.000883993 0.999990821 0.004196753 -1.324647546 0.001483226 -0.004195439 0.999990106 51.638755798
0.999998748 0.000542365 -0.001469957 0.725776911 -0.000535812 0.999989986 0.004454252 -1.341594338 0.001472359 -0.004453459 0.999989033 52.173805237
0.999998212 0.000590931 -0.001788075 0.713763833 -0.000583276 0.999990642 0.004278440 -1.355271578 0.001790586 -0.004277389 0.999989271 52.633388519
0.999998093 0.000557114 -0.001856860 0.724485636 -0.000548824 0.999989867 0.004461950 -1.368114948 0.001859328 -0.004460922 0.999988377 53.184696198
0.999998033 0.000449762 -0.001919855 0.739144087 -0.000442058 0.999991834 0.004011446 -1.372632384 0.001921644 -0.004010588 0.999990165 53.742145538
0.999997199 0.000917246 -0.002188032 0.749170244 -0.000907987 0.999990702 0.004229161 -1.396028399 0.002191892 -0.004227163 0.999988675 54.251636505
0.999998987 0.000355592 -0.001398037 0.725398123 -0.000349812 0.999991417 0.004132087 -1.405499935 0.001399495 -0.004131594 0.999990463 54.726383209
0.999998569 0.000641558 -0.001561614 0.733997285 -0.000634722 0.999990225 0.004374547 -1.413918018 0.001564405 -0.004373549 0.999989152 55.283370972
0.999998748 0.001049920 -0.001260325 0.744410396 -0.001044497 0.999990225 0.004296408 -1.432878256 0.001264824 -0.004295086 0.999989986 55.826747894
0.999999464 0.000381742 -0.000975060 0.757138371 -0.000377552 0.999990761 0.004294459 -1.444721937 0.000976691 -0.004294088 0.999990284 56.359153748
0.999999225 0.001144195 -0.000474621 0.736495614 -0.001142513 0.999993086 0.003531636 -1.439471006 0.000478658 -0.003531091 0.999993622 56.787624359
0.999999166 0.001123205 -0.000568176 0.746343911 -0.001121367 0.999994099 0.003225234 -1.455483079 0.000571795 -0.003224594 0.999994576 57.329792023
0.999998987 0.000655469 -0.001237450 0.767716467 -0.000651506 0.999994695 0.003200526 -1.464746833 0.001239542 -0.003199716 0.999994099 57.892997742
0.999999702 0.000212089 -0.000705481 0.759165466 -0.000209435 0.999992907 0.003760516 -1.483003378 0.000706274 -0.003760368 0.999992669 58.404144287
0.999997973 0.001714450 -0.001058892 0.793714225 -0.001712076 0.999996066 0.002238306 -1.478334069 0.001062725 -0.002236488 0.999996901 59.002861023
0.999998868 0.001417544 -0.000462847 0.800038576 -0.001415885 0.999992669 0.003566463 -1.499085546 0.000467899 -0.003565804 0.999993503 59.536193848
0.999999702 0.000788338 -0.000174296 0.756624520 -0.000787695 0.999992967 0.003663039 -1.522108912 0.000177183 -0.003662900 0.999993265 59.886188507
0.999999881 0.000514888 0.000258288 0.767999589 -0.000515875 0.999992549 0.003833714 -1.535923481 -0.000256311 -0.003833847 0.999992609 60.437358856
0.999999702 0.000709932 0.000361999 0.782441020 -0.000711207 0.999993503 0.003535701 -1.544212103 -0.000359486 -0.003535958 0.999993622 60.989021301
0.999999881 0.000414149 0.000322982 0.789342940 -0.000415461 0.999991655 0.004068678 -1.572449923 -0.000321294 -0.004068811 0.999991715 61.514282227
0.999999285 0.001073933 0.000554690 0.769764245 -0.001075965 0.999992669 0.003676939 -1.579246402 -0.000550737 -0.003677533 0.999993026 61.959568024
0.999999464 0.001029859 0.000365615 0.783109367 -0.001030955 0.999994934 0.003011451 -1.587883949 -0.000362512 -0.003011826 0.999995410 62.511814117
0.999998987 0.001300746 0.000540824 0.790725410 -0.001302474 0.999993980 0.003207252 -1.603119135 -0.000536649 -0.003207954 0.999994695 63.052082062
0.999999404 0.000937920 0.000514186 0.788486302 -0.000939821 0.999992669 0.003706437 -1.624088645 -0.000510706 -0.003706918 0.999993026 63.560413361
0.999999225 0.000870195 0.000860030 0.794957757 -0.000873280 0.999993145 0.003594037 -1.625107288 -0.000856896 -0.003594785 0.999993145 64.011383057
0.999998868 0.001051352 0.001031621 0.805920124 -0.001054472 0.999994755 0.003028077 -1.635832071 -0.001028432 -0.003029162 0.999994874 64.568565369
0.999998808 0.000642835 0.001381904 0.812073290 -0.000646854 0.999995470 0.002910547 -1.649202228 -0.001380027 -0.002911438 0.999994814 65.100212097
0.999998510 0.001391755 0.001039158 0.813002944 -0.001395326 0.999993205 0.003447305 -1.665374637 -0.001034354 -0.003448750 0.999993443 65.547058105
0.999998271 0.001238754 0.001377404 0.825067103 -0.001242962 0.999994636 0.003058275 -1.673758507 -0.001373609 -0.003059982 0.999994338 66.103599548
0.999996781 0.002081638 0.001417437 0.825682759 -0.002086590 0.999991715 0.003501991 -1.696234345 -0.001410136 -0.003504937 0.999992788 66.636039734
0.999994040 0.003118887 0.001476229 0.864888489 -0.003124356 0.999988198 0.003717551 -1.725530267 -0.001464618 -0.003722140 0.999991953 67.147331238
0.999996364 0.002012466 0.001803161 0.824776947 -0.002019550 0.999990225 0.003936096 -1.725202680 -0.001795222 -0.003939723 0.999990642 67.605796814
0.999995291 0.002400510 0.001940601 0.831994414 -0.002407507 0.999990582 0.003611854 -1.738990545 -0.001931912 -0.003616509 0.999991596 68.154556274
0.999994576 0.002418038 0.002233422 0.845103979 -0.002425872 0.999990821 0.003511516 -1.751356840 -0.002224911 -0.003516915 0.999991357 68.682250977
0.999994814 0.002516025 0.002015282 0.851414204 -0.002524308 0.999988317 0.004118861 -1.763572812 -0.002004896 -0.004123928 0.999989450 69.181564331
0.999996424 0.002116687 0.001627794 0.868380249 -0.002123093 0.999989927 0.003943591 -1.773569107 -0.001619431 -0.003947033 0.999990880 69.734512329
0.999997199 0.001901377 0.001432117 0.884194493 -0.001906821 0.999990880 0.003809675 -1.790985107 -0.001424860 -0.003812396 0.999991655 70.273902893
0.999998152 0.001708701 0.000895471 0.891938448 -0.001711808 0.999992430 0.003482165 -1.798749685 -0.000889514 -0.003483692 0.999993563 70.861312866
0.999991596 0.003300244 0.002423286 0.885203660 -0.003312123 0.999982417 0.004914560 -1.836095214 -0.002407025 -0.004922545 0.999984980 71.356803894
0.999991953 0.003067725 0.002588687 0.867603898 -0.003078973 0.999985814 0.004352398 -1.847378850 -0.002575298 -0.004360333 0.999987185 71.701904297
0.999992609 0.002953877 0.002467729 0.882759273 -0.002963932 0.999987304 0.004080684 -1.857620716 -0.002455644 -0.004087968 0.999988616 72.261482239
0.999994516 0.002377835 0.002307803 0.909049273 -0.002386957 0.999989390 0.003957728 -1.871735096 -0.002298367 -0.003963215 0.999989569 72.782844543
0.999991357 0.003275877 0.002549898 0.897877276 -0.003285960 0.999986708 0.003959716 -1.877468228 -0.002536892 -0.003968061 0.999988914 73.290168762
0.999991655 0.003125856 0.002613630 0.915022433 -0.003135168 0.999988735 0.003566021 -1.889077067 -0.002602454 -0.003574186 0.999990225 73.830368042
0.999994099 0.002675288 0.002119373 0.940184772 -0.002682077 0.999991238 0.003206237 -1.906272769 -0.002110777 -0.003211903 0.999992609 74.379043579
0.999991536 0.003146574 0.002660068 0.923066199 -0.003157683 0.999986291 0.004182930 -1.916002870 -0.002646869 -0.004191294 0.999987721 74.842643738
0.999990642 0.003475089 0.002588608 0.939454675 -0.003485278 0.999986231 0.003942320 -1.929849148 -0.002574872 -0.003951304 0.999988854 75.402404785
0.999988377 0.003872197 0.002899606 0.943632424 -0.003885200 0.999982357 0.004492059 -1.943292379 -0.002882160 -0.004503273 0.999985754 75.938400269
0.999995470 0.002497220 0.001677985 0.970595956 -0.002503718 0.999989331 0.003882188 -1.958666682 -0.001668273 -0.003886371 0.999991119 76.486534119
0.999991894 0.003007376 0.002676290 0.969235539 -0.003017340 0.999988496 0.003726379 -1.968407631 -0.002665053 -0.003734425 0.999989450 76.915229797
0.999987245 0.003134469 0.003971529 0.979448795 -0.003147955 0.999989390 0.003394007 -1.980764270 -0.003960848 -0.003406466 0.999986291 77.459602356
0.999983490 0.002850587 0.004999702 0.993141294 -0.002866762 0.999990761 0.003231006 -1.994421363 -0.004990445 -0.003245285 0.999982297 78.004974365
0.999977469 0.002879425 0.006063543 1.006637931 -0.002902105 0.999988794 0.003734533 -2.003433704 -0.006052722 -0.003752045 0.999974608 78.504692078
0.999965310 0.003518770 0.007562662 1.015376210 -0.003548312 0.999986112 0.003896238 -2.017525673 -0.007548847 -0.003922938 0.999963760 79.053451538
0.999937296 0.003796580 0.010534415 1.037332773 -0.003837464 0.999985158 0.003863527 -2.036074400 -0.010519590 -0.003903710 0.999936998 79.604736328
0.999894619 0.002996894 0.014202530 1.045097589 -0.003049508 0.999988556 0.003684589 -2.039163828 -0.014191326 -0.003727512 0.999892354 80.071578979
0.999842048 0.002587000 0.017582893 1.070196748 -0.002650936 0.999989927 0.003613984 -2.051429033 -0.017573366 -0.003660024 0.999838889 80.613365173
0.999776423 0.002215551 0.021026436 1.103608131 -0.002289889 0.999991179 0.003512086 -2.065477371 -0.021018472 -0.003559449 0.999772727 81.143646240
0.999612272 0.003333994 0.027647378 1.110501647 -0.003437319 0.999987304 0.003690513 -2.071435452 -0.027634727 -0.003784114 0.999610841 81.656990051
0.999433815 0.002908482 0.033520248 1.143216014 -0.003015805 0.999990463 0.003151599 -2.081347227 -0.033510763 -0.003250906 0.999433041 82.205055237
0.999217391 0.002762320 0.039457511 1.181612492 -0.002893100 0.999990642 0.003257722 -2.096108913 -0.039448138 -0.003369326 0.999215901 82.753265381
0.998849988 0.003291724 0.047831062 1.210834503 -0.003479445 0.999986589 0.003841970 -2.110600471 -0.047817770 -0.004003978 0.998848081 83.257339478
0.998406231 0.003107540 0.056349657 1.257966518 -0.003297057 0.999989212 0.003270607 -2.120059013 -0.056338884 -0.003451182 0.998405814 83.808502197
0.997971416 0.003153048 0.063584670 1.307701111 -0.003380079 0.999988258 0.003463289 -2.135036945 -0.063573003 -0.003671184 0.997970462 84.358703613
0.997347534 0.003303743 0.072711818 1.346756935 -0.003576339 0.999987006 0.003619129 -2.144743919 -0.072698921 -0.003869571 0.997346401 84.877761841
0.996566653 0.003294854 0.082729995 1.414975643 -0.003620362 0.999986351 0.003784871 -2.162597895 -0.082716383 -0.004071389 0.996564806 85.399162292
0.995835781 0.002449112 0.091133282 1.495975018 -0.002762534 0.999990702 0.003313174 -2.166261435 -0.091124311 -0.003551136 0.995833218 85.954513550
0.995097756 0.002396048 0.098866969 1.544544697 -0.002714585 0.999991477 0.003087482 -2.179079294 -0.098858736 -0.003340729 0.995095849 86.508773804
0.994043112 0.002309706 0.108962759 1.627896786 -0.002659007 0.999991715 0.003060502 -2.191771984 -0.108954802 -0.003332005 0.994041085 87.044044495
0.992834091 0.002418306 0.119476520 1.725193977 -0.002879913 0.999988973 0.003691072 -2.211103678 -0.119466290 -0.004008705 0.992830157 87.560768127
0.991708815 0.001790312 0.128493100 1.804222107 -0.002213035 0.999992728 0.003147149 -2.219880104 -0.128486529 -0.003405416 0.991705358 88.101196289
0.990163207 0.001342016 0.139910534 1.897966385 -0.001807771 0.999993265 0.003201911 -2.232341766 -0.139905289 -0.003423341 0.990158916 88.635391235
0.988294721 0.001673497 0.152547419 1.991504669 -0.002148713 0.999993384 0.002950397 -2.244552135 -0.152541459 -0.003243643 0.988291740 89.183151245
0.986562967 0.001316229 0.163376346 2.099149704 -0.001867364 0.999993026 0.003219878 -2.257328033 -0.163370997 -0.003481695 0.986558497 89.687316895
0.984864831 0.000735718 0.173323154 2.214929581 -0.001274539 0.999994636 0.002997491 -2.269249439 -0.173320025 -0.003173030 0.984860361 90.221435547
0.982491016 0.000127078 0.186309472 2.333287239 -0.000682517 0.999995530 0.002917129 -2.283237934 -0.186308250 -0.002993212 0.982486725 90.737747192
0.980068505 0.000590804 0.198659211 2.467047691 -0.001265991 0.999993861 0.003271722 -2.298624516 -0.198656067 -0.003458014 0.980063140 91.271240234
0.977808118 0.000387559 0.209502175 2.579435349 -0.001055759 0.999994695 0.003077641 -2.302908182 -0.209499851 -0.003230527 0.977803290 91.832054138
0.974942923 0.000234617 0.222455382 2.725643158 -0.000899164 0.999995351 0.002886050 -2.317319870 -0.222453699 -0.003013758 0.974938571 92.361923218
0.971854508 -0.000127267 0.235582143 2.875394821 -0.000532077 0.999996126 0.002735218 -2.329673290 -0.235581547 -0.002783582 0.971850574 92.887222290
0.969059646 -0.000593086 0.246826023 3.031372070 -0.000073318 0.999996364 0.002690697 -2.338972092 -0.246826708 -0.002625542 0.969056129 93.397560120
0.966101527 -0.000324638 0.258162200 3.156478882 -0.000455755 0.999995530 0.002963026 -2.349359989 -0.258161992 -0.002980242 0.966097057 93.902839661
0.962501943 -0.000433256 0.271274656 3.328468323 -0.000381441 0.999995589 0.002950489 -2.363249779 -0.271274656 -0.002943327 0.962497473 94.418685913
0.958907127 -0.000679757 0.283719450 3.505037308 -0.000128798 0.999996006 0.002831180 -2.375556231 -0.283720225 -0.002751380 0.958903193 94.958045959
0.955471873 -0.000946640 0.295080781 3.700590134 0.000083551 0.999995768 0.002937516 -2.388273001 -0.295082331 -0.002782060 0.955467761 95.471115112
0.950824976 -0.000695586 0.309727877 3.844984055 -0.000418557 0.999993622 0.003530701 -2.404774666 -0.309728414 -0.003486718 0.950818837 95.934234619
0.946270764 -0.001000183 0.323373795 4.053264618 -0.000171025 0.999993503 0.003593403 -2.415910244 -0.323375285 -0.003455637 0.946264505 96.459571838
0.942248642 -0.000908978 0.334912837 4.254840851 -0.000211123 0.999994516 0.003308035 -2.424631834 -0.334914029 -0.003187699 0.942243397 96.958961487
0.937532604 -0.001555048 0.347893834 4.455476761 0.000443320 0.999994457 0.003275171 -2.441679955 -0.347897023 -0.002916351 0.937528193 97.465202332
0.931979775 -0.001455269 0.362507313 4.656867981 0.000169188 0.999993563 0.003579461 -2.451383591 -0.362510204 -0.003274653 0.931974053 97.953842163
0.927297175 -0.002490075 0.374317884 4.888715744 0.001074870 0.999991477 0.003989468 -2.466123581 -0.374324620 -0.003297079 0.927291811 98.456741333
0.922276497 -0.002376982 0.386523634 5.113077164 0.000827205 0.999990940 0.004175811 -2.478940248 -0.386530071 -0.003531518 0.922270000 98.959152222
0.916261196 -0.002455715 0.400573879 5.357807159 0.000981095 0.999991953 0.003886314 -2.477833271 -0.400580198 -0.003167877 0.916256189 99.479484558
0.910288990 -0.002014523 0.413968474 5.557041168 0.000480289 0.999992609 0.003810208 -2.483367920 -0.413973123 -0.003269566 0.910283267 99.925857544
0.905244887 -0.002602881 0.424882382 5.810150146 0.000961198 0.999991179 0.004078161 -2.498004913 -0.424889326 -0.003283339 0.905239344 100.411865234
0.899392486 -0.002441589 0.437135130 6.069980621 0.000856292 0.999992311 0.003823594 -2.510863304 -0.437141150 -0.003064597 0.899387717 100.897521973
0.893072903 -0.003408089 0.449899137 6.346179962 0.001845946 0.999990582 0.003910862 -2.534516096 -0.449908257 -0.002662195 0.893070877 101.352905273
0.886621058 -0.002967067 0.462487042 6.590923309 0.001413208 0.999992132 0.003706186 -2.529030323 -0.462494403 -0.002632392 0.886618316 101.856628418
0.880854249 -0.003483324 0.473374575 6.872905731 0.002086781 0.999991834 0.003475354 -2.538968563 -0.473382831 -0.002073451 0.880854368 102.338356018
0.873310208 -0.003691513 0.487150639 7.146499634 0.002236624 0.999991179 0.003568122 -2.556560516 -0.487159491 -0.002026504 0.873310685 102.785614014
