1.000000000 0.000000000 0.000000000 0.000000000 0.000000000 1.000000000 0.000000000 0.000000000 0.000000000 0.000000000 1.000000000 0.000000000
1.000000000 0.000051244 -0.000035913 0.000298375 -0.000051244 1.000000000 0.000025383 0.000556334 0.000035914 -0.000025381 1.000000000 0.002463063
1.000000000 0.000033720 -0.000047543 0.000748097 -0.000033717 1.000000000 0.000059945 -0.001174557 0.000047545 -0.000059943 1.000000000 0.000841684
1.000000000 -0.000033550 -0.000036683 0.000634997 0.000033548 1.000000000 -0.000052203 0.000604513 0.000036685 0.000052202 1.000000000 -0.001590303
1.000000000 -0.000148149 -0.000109229 0.001047489 0.000148156 1.000000000 0.000068011 -0.000881065 0.000109219 -0.000068027 1.000000000 0.000366569
1.000000000 -0.000170239 -0.000124349 -0.000735072 0.000170246 1.000000000 0.000052145 -0.000099209 0.000124341 -0.000052166 1.000000000 -0.000615592
1.000000000 -0.000134450 -0.000065827 0.000801424 0.000134455 1.000000000 0.000070452 -0.000731001 0.000065817 -0.000070461 1.000000000 0.001370418
1.000000000 -0.000162041 -0.000065524 0.000066800 0.000162047 1.000000000 0.000095471 -0.000800757 0.000065508 -0.000095482 1.000000000 -0.000328791
1.000000000 -0.000053093 -0.000089770 0.000601706 0.000053098 1.000000000 0.000057379 0.000046421 0.000089767 -0.000057384 1.000000000 -0.001714421
1.000000000 -0.000017844 -0.000017780 -0.000351274 0.000017844 1.000000000 0.000038723 0.000639791 0.000017779 -0.000038723 1.000000000 0.002596451
1.000000000 -0.000059845 -0.000064399 0.000805732 0.000059847 1.000000000 0.000029857 0.000492182 0.000064397 -0.000029861 1.000000000 -0.000106744
1.000000000 -0.000117962 -0.000139352 0.001233158 0.000117971 1.000000000 0.000065213 0.000020552 0.000139344 -0.000065230 1.000000000 -0.000639996
1.000000000 -0.000084324 -0.000060908 -0.000254288 0.000084323 1.000000000 -0.000012720 0.001496760 0.000060909 0.000012714 1.000000000 0.002181368
0.999999940 -0.000204688 -0.000137270 0.001059434 0.000204703 1.000000000 0.000108150 0.000045246 0.000137248 -0.000108178 1.000000000 -0.001642342
1.000000000 -0.000102702 -0.000142296 0.001073257 0.000102710 1.000000000 0.000057901 -0.000543076 0.000142290 -0.000057915 1.000000000 -0.002171713
0.999999940 -0.000172739 -0.000177441 0.003212499 0.000172761 1.000000000 0.000124158 -0.000628528 0.000177419 -0.000124189 1.000000000 -0.004775621
1.000000000 -0.000133962 -0.000082250 0.001317173 0.000133969 1.000000000 0.000083310 -0.000404583 0.000082239 -0.000083321 1.000000000 -0.003328918
1.000000000 -0.000071511 -0.000086789 0.001560984 0.000071515 1.000000000 0.000046366 -0.000199381 0.000086786 -0.000046372 1.000000000 -0.000873357
1.000000000 -0.000050954 -0.000125696 0.001866776 0.000050969 1.000000000 0.000117687 -0.000794862 0.000125690 -0.000117693 1.000000000 -0.003488067
0.999999940 -0.000229151 -0.000146369 0.001649506 0.000229162 1.000000000 0.000078277 -0.000126304 0.000146351 -0.000078310 1.000000000 -0.003346167
1.000000000 -0.000205234 -0.000122719 0.001141703 0.000205245 1.000000000 0.000085391 0.000232732 0.000122702 -0.000085416 1.000000000 0.000805140
0.999999940 -0.000231526 -0.000122312 0.000612340 0.000231541 0.999999940 0.000121483 -0.001678556 0.000122284 -0.000121512 1.000000000 -0.003731139
1.000000000 -0.000089551 -0.000172524 0.003740835 0.000089572 1.000000000 0.000120318 -0.000656806 0.000172513 -0.000120334 1.000000000 -0.002402617
1.000000000 -0.000103539 -0.000169240 0.003392156 0.000103556 1.000000000 0.000099482 -0.001488823 0.000169230 -0.000099499 1.000000000 -0.002457114
0.999999940 -0.000217992 -0.000197364 0.002948828 0.000218019 0.999999940 0.000138369 -0.001195836 0.000197334 -0.000138412 1.000000000 -0.005214186
0.999999940 -0.000195216 -0.000204828 0.002937341 0.000195235 1.000000000 0.000093314 0.000306873 0.000204810 -0.000093354 1.000000000 -0.001702519
1.000000000 -0.000174543 -0.000157235 0.003091038 0.000174554 1.000000000 0.000067166 0.000294014 0.000157223 -0.000067193 1.000000000 -0.002964738
0.999999940 -0.000234454 -0.000170994 0.003550931 0.000234472 0.999999940 0.000102125 -0.000775612 0.000170970 -0.000102165 1.000000000 -0.004142393
0.999999940 -0.000237007 -0.000120469 0.000419473 0.000237016 0.999999940 0.000077566 -0.000912083 0.000120451 -0.000077594 1.000000000 -0.002852524
1.000000000 -0.000081888 -0.000213184 0.002887695 0.000081922 1.000000000 0.000158489 -0.001287199 0.000213171 -0.000158507 0.999999940 -0.003474429
0.999999940 -0.000214609 -0.000192398 0.003647998 0.000214630 1.000000000 0.000107651 -0.000817115 0.000192375 -0.000107693 1.000000000 -0.003576203
0.999999940 -0.000218276 -0.000218480 0.003069074 0.000218304 0.999999940 0.000129746 -0.000494161 0.000218452 -0.000129794 0.999999940 -0.003095520
1.000000000 -0.000166483 -0.000150510 0.002573305 0.000166501 1.000000000 0.000118687 -0.000718823 0.000150490 -0.000118712 1.000000000 -0.005095586
1.000000000 -0.000124705 -0.000164707 0.003089813 0.000124719 1.000000000 0.000086196 -0.001205337 0.000164696 -0.000086216 1.000000000 -0.003155958
1.000000000 -0.000156152 -0.000174180 0.002860265 0.000156169 1.000000000 0.000099866 -0.000574936 0.000174165 -0.000099893 1.000000000 -0.001380637
0.999999940 -0.000223529 -0.000170541 0.002244435 0.000223554 0.999999940 0.000147152 -0.001626562 0.000170508 -0.000147190 1.000000000 -0.004987719
0.999999940 -0.000216234 -0.000232209 0.003395910 0.000216255 1.000000000 0.000092074 0.000192780 0.000232189 -0.000092124 0.999999940 -0.002622291
0.999999940 -0.000191047 -0.000202257 0.004081116 0.000191075 1.000000000 0.000136027 0.000238279 0.000202231 -0.000136066 1.000000000 -0.004625862
1.000000000 -0.000161943 -0.000117938 0.001257466 0.000161955 1.000000000 0.000107889 -0.000617527 0.000117921 -0.000107908 1.000000000 -0.003864470
0.999999940 -0.000200815 -0.000189313 0.002854161 0.000200847 0.999999940 0.000168201 -0.001463016 0.000189279 -0.000168239 0.999999940 -0.005122605
0.999999940 -0.000213888 -0.000233980 0.005287242 0.000213904 1.000000000 0.000066031 -0.001870814 0.000233966 -0.000066081 1.000000000 -0.002009555
1.000000000 -0.000221447 -0.000014322 0.001010945 0.000221440 0.999999821 -0.000523764 -0.002666613 0.000014438 0.000523761 0.999999881 0.049761631
1.000000000 -0.000042211 -0.000144758 0.003507519 0.000042048 0.999999344 -0.001123738 -0.004132823 0.000144805 0.001123732 0.999999344 0.140964180
1.000000000 -0.000191102 -0.000092030 0.004320777 0.000190968 0.999998927 -0.001461560 -0.007757859 0.000092309 0.001461542 0.999998927 0.258622944
1.000000000 -0.000141745 -0.000043496 0.006282688 0.000141685 0.999999046 -0.001371423 -0.011402871 0.000043691 0.001371416 0.999999046 0.393056005
1.000000000 -0.000040603 -0.000153653 0.010031429 0.000040425 0.999999344 -0.001157295 -0.018714394 0.000153700 0.001157289 0.999999344 0.528184593
1.000000000 0.000033691 -0.000071877 0.011811544 -0.000033771 0.999999404 -0.001114294 -0.020821005 0.000071839 0.001114296 0.999999404 0.685811818
1.000000000 -0.000047467 0.000093470 0.015340967 0.000047550 0.999999583 -0.000890881 -0.025401762 -0.000093427 0.000890885 0.999999583 0.845852911
0.999999940 0.000312496 0.000194896 0.011865357 -0.000312342 0.999999642 -0.000787503 -0.025475431 -0.000195142 0.000787442 0.999999642 1.028051734
1.000000000 0.000095219 -0.000213103 0.026478760 -0.000095336 0.999999821 -0.000548825 -0.038636435 0.000213050 0.000548845 0.999999821 1.189191580
1.000000000 0.000026209 0.000004620 0.026569711 -0.000026208 0.999999940 -0.000282526 -0.040054638 -0.000004627 0.000282526 0.999999940 1.365437031
0.999999642 0.000839207 -0.000019078 0.029373327 -0.000839209 0.999999642 -0.000120521 -0.051081859 0.000018977 0.000120537 1.000000000 1.573125601
0.999999762 0.000700346 0.000269659 0.030199513 -0.000700331 0.999999762 -0.000057709 -0.055339783 -0.000269699 0.000057520 0.999999940 1.768370152
0.999999881 0.000404687 -0.000040613 0.040365193 -0.000404673 0.999999821 0.000322774 -0.062403511 0.000040744 -0.000322757 1.000000000 1.973071814
0.999999702 0.000762032 0.000133528 0.039495096 -0.000762073 0.999999702 0.000304558 -0.068845846 -0.000133296 -0.000304660 0.999999940 2.184009552
0.999999702 0.000806427 0.000040305 0.042761829 -0.000806450 0.999999523 0.000565575 -0.079084501 -0.000039849 -0.000565608 0.999999821 2.388462305
0.999999583 0.000918534 -0.000164931 0.051808503 -0.000918465 0.999999464 0.000420808 -0.084212363 0.000165318 -0.000420656 0.999999940 2.608435869
0.999999821 0.000687611 0.000123862 0.053251375 -0.000687673 0.999999642 0.000501600 -0.092076048 -0.000123517 -0.000501685 0.999999881 2.845786810
0.999999881 0.000577148 0.000043513 0.059481636 -0.000577175 0.999999642 0.000600751 -0.096881256 -0.000043166 -0.000600776 0.999999821 3.072500467
0.999999881 0.000525769 0.000098311 0.061417256 -0.000525830 0.999999702 0.000617891 -0.104411177 -0.000097987 -0.000617942 0.999999762 3.315491676
0.999999762 0.000594585 0.000266583 0.069164760 -0.000594787 0.999999523 0.000757583 -0.113375239 -0.000266132 -0.000757742 0.999999702 3.564485550
0.999999881 0.000529644 0.000060396 0.075456277 -0.000529695 0.999999523 0.000862202 -0.119860239 -0.000059939 -0.000862234 0.999999642 3.816520214
0.999999642 0.000723857 0.000345503 0.078058504 -0.000724196 0.999999225 0.000982602 -0.128854096 -0.000344792 -0.000982851 0.999999464 4.077988625
0.999999166 0.001080219 0.000583701 0.078215301 -0.001080909 0.999998629 0.001183040 -0.135128289 -0.000582422 -0.001183670 0.999999106 4.329578876
0.999999702 0.000672786 0.000286426 0.085902788 -0.000673154 0.999998927 0.001285388 -0.144819707 -0.000285561 -0.001285580 0.999999106 4.583952904
0.999999523 0.000826055 0.000595455 0.089617252 -0.000826905 0.999998689 0.001428803 -0.150499582 -0.000594274 -0.001429295 0.999998748 4.843920231
0.999999464 0.000840814 0.000515915 0.097065061 -0.000841688 0.999998152 0.001694883 -0.160847142 -0.000514489 -0.001695316 0.999998391 5.104189873
0.999999464 0.000841515 0.000576411 0.100728080 -0.000842467 0.999998271 0.001653054 -0.169986486 -0.000575019 -0.001653539 0.999998450 5.358466148
0.999999583 0.000644081 0.000595833 0.097035706 -0.000645131 0.999998152 0.001764847 -0.188093126 -0.000594695 -0.001765231 0.999998271 5.634070396
0.999999762 0.000643477 0.000198901 0.103222348 -0.000643863 0.999997854 0.001946634 -0.196222782 -0.000197648 -0.001946761 0.999998093 5.909405708
0.999999821 0.000441680 0.000473043 0.107859500 -0.000442589 0.999997973 0.001922881 -0.206118301 -0.000472192 -0.001923089 0.999998033 6.183009624
0.999999523 0.000696641 0.000696854 0.112620503 -0.000698019 0.999997735 0.001979508 -0.211715892 -0.000695473 -0.001979993 0.999997795 6.479564190
0.999999583 0.000614324 0.000728112 0.120419651 -0.000615691 0.999997973 0.001878242 -0.219909266 -0.000726957 -0.001878689 0.999997973 6.740155697
0.999999523 0.000652398 0.000800527 0.121135913 -0.000653999 0.999997735 0.002002041 -0.231622502 -0.000799219 -0.002002563 0.999997675 7.043935299
0.999999046 0.001010453 0.000919838 0.129449725 -0.001012756 0.999996364 0.002506958 -0.260653198 -0.000917302 -0.002507888 0.999996364 7.323215008
0.999998748 0.001280418 0.000913438 0.133873582 -0.001282832 0.999995708 0.002646951 -0.267225057 -0.000910045 -0.002648120 0.999996006 7.642923832
0.999999523 0.000633044 0.000699198 0.146170959 -0.000634917 0.999996185 0.002681811 -0.281788409 -0.000697498 -0.002682254 0.999996126 7.970493317
0.999999046 0.000812372 0.001114316 0.149366736 -0.000815471 0.999995887 0.002783529 -0.292906374 -0.001112050 -0.002784436 0.999995470 8.255933762
0.999999464 0.000578092 0.000914246 0.162547752 -0.000580709 0.999995708 0.002865264 -0.302239776 -0.000912586 -0.002865793 0.999995470 8.579072952
0.999998748 0.001004635 0.001190032 0.167524949 -0.001008257 0.999994874 0.003047206 -0.312560618 -0.001186964 -0.003048403 0.999994636 8.907853127
0.999998510 0.001209371 0.001257214 0.175312757 -0.001213140 0.999994814 0.003001932 -0.322207540 -0.001253577 -0.003003452 0.999994695 9.254308701
0.999998093 0.001467056 0.001393661 0.170041859 -0.001470898 0.999995112 0.002759516 -0.329462826 -0.001389606 -0.002761561 0.999995232 9.599483490
0.999998212 0.001343680 0.001333023 0.185120404 -0.001347593 0.999994814 0.002938806 -0.339334518 -0.001329067 -0.002940597 0.999994814 9.941488266
0.999998093 0.001258713 0.001543472 0.185928926 -0.001263252 0.999994874 0.002943765 -0.348586172 -0.001539759 -0.002945709 0.999994516 10.304699898
0.999998093 0.001215979 0.001520086 0.197835401 -0.001220654 0.999994516 0.003078132 -0.358983576 -0.001516335 -0.003079982 0.999994099 10.676530838
0.999998450 0.001167882 0.001257500 0.203159064 -0.001172260 0.999993265 0.003486100 -0.381662160 -0.001253419 -0.003487569 0.999993145 11.027001381
0.999999046 0.000827793 0.001078021 0.214485347 -0.000831408 0.999994099 0.003357393 -0.392895132 -0.001075236 -0.003358287 0.999993742 11.401271820
0.999997616 0.001518645 0.001547219 0.217595056 -0.001524054 0.999992728 0.003500296 -0.400816798 -0.001541893 -0.003502646 0.999992669 11.793217659
0.999998212 0.001288767 0.001339163 0.232744783 -0.001293819 0.999992013 0.003779134 -0.418044209 -0.001334282 -0.003780860 0.999991953 12.156611443
0.999998152 0.001442677 0.001292892 0.242716372 -0.001447739 0.999991179 0.003922217 -0.428438485 -0.001287222 -0.003924081 0.999991417 12.549177170
0.999997795 0.001527790 0.001461568 0.248360157 -0.001533439 0.999991298 0.003871972 -0.437453210 -0.001455640 -0.003874205 0.999991417 12.952187538
0.999998331 0.001489729 0.001058683 0.265673369 -0.001494060 0.999990404 0.004101809 -0.456074715 -0.001052563 -0.004103383 0.999991000 13.339776039
0.999997675 0.001607335 0.001415757 0.274242550 -0.001613265 0.999989867 0.004197907 -0.464447588 -0.001408995 -0.004200181 0.999990165 13.750733376
0.999997079 0.001854224 0.001545476 0.288009465 -0.001861142 0.999988198 0.004487281 -0.475968152 -0.001537137 -0.004490145 0.999988735 14.163826942
0.999997497 0.001167164 0.001896927 0.290515095 -0.001175314 0.999990046 0.004300506 -0.501231074 -0.001891889 -0.004302725 0.999988973 14.561523438
0.999997914 0.000604687 0.001932994 0.304775089 -0.000613455 0.999989450 0.004538881 -0.515232265 -0.001930229 -0.004540057 0.999987900 14.978302002
0.999997437 0.000703985 0.002161630 0.312492669 -0.000714111 0.999988735 0.004686763 -0.528267145 -0.002158306 -0.004688294 0.999986768 15.423117638
0.999995768 0.000848265 0.002759172 0.322927356 -0.000860983 0.999988973 0.004611614 -0.544447601 -0.002755230 -0.004613970 0.999985576 15.848330498
0.999995947 0.000872661 0.002690289 0.336883664 -0.000885066 0.999988914 0.004613452 -0.554994762 -0.002686233 -0.004615814 0.999985754 16.295965195
0.999995232 0.000779470 0.002984360 0.349524885 -0.000793872 0.999987960 0.004827613 -0.572527289 -0.002980561 -0.004829959 0.999983847 16.731372833
0.999994338 0.001017281 0.003216217 0.356433064 -0.001033306 0.999987066 0.004984809 -0.592034042 -0.003211105 -0.004988104 0.999982417 17.180025101
0.999993026 0.000815821 0.003635404 0.365901709 -0.000834868 0.999985993 0.005240688 -0.603135228 -0.003631077 -0.005243686 0.999979675 17.648900986
0.999993265 0.000485792 0.003655388 0.384748906 -0.000504894 0.999986172 0.005226507 -0.615539372 -0.003652799 -0.005228316 0.999979615 18.108341217
0.999992073 0.000456801 0.003981456 0.395066082 -0.000477077 0.999986947 0.005093100 -0.625604331 -0.003979077 -0.005094958 0.999979138 18.581209183
0.999992609 0.000286961 0.003820015 0.405513167 -0.000307906 0.999984920 0.005483442 -0.657409787 -0.003818383 -0.005484577 0.999977648 19.022439957
0.999993145 0.000222126 0.003677860 0.421980292 -0.000243768 0.999982595 0.005884873 -0.668862402 -0.003676489 -0.005885730 0.999975860 19.504932404
0.999992907 0.000608860 0.003710673 0.429956466 -0.000631505 0.999981165 0.006104621 -0.680176795 -0.003706886 -0.006106921 0.999974430 19.994461060
0.999992371 0.000612712 0.003858526 0.437406540 -0.000636882 0.999980152 0.006265815 -0.690607071 -0.003854610 -0.006268226 0.999972939 20.498147964
0.999996006 -0.000274193 0.002784712 0.475392848 0.000257485 0.999981940 0.005998267 -0.719573736 -0.002786306 -0.005997526 0.999978125 20.917503357
0.999996841 -0.000000503 0.002484243 0.479533464 -0.000013624 0.999983788 0.005686597 -0.723298550 -0.002484206 -0.005686612 0.999980748 21.435337067
0.999997795 -0.000248373 0.002073384 0.481560320 0.000235813 0.999981582 0.006055790 -0.741648555 -0.002074850 -0.006055287 0.999979496 21.931755066
0.999998331 -0.000130926 0.001826700 0.492389500 0.000119728 0.999981284 0.006128794 -0.746379733 -0.001827468 -0.006128564 0.999979615 22.437759399
0.999998868 -0.000084734 0.001478990 0.510882497 0.000074458 0.999975860 0.006946516 -0.787407935 -0.001479543 -0.006946397 0.999974787 22.893095016
0.999999404 -0.001018584 0.000423645 0.526577413 0.001015658 0.999976039 0.006850057 -0.803435743 -0.000430612 -0.006849621 0.999976456 23.416339874
0.999998510 -0.001659193 0.000276305 0.521263719 0.001657211 0.999973953 0.007026540 -0.817984223 -0.000287956 -0.007026072 0.999975264 23.906143188
0.999999762 -0.000625446 -0.000050682 0.533518791 0.000625786 0.999975145 0.007014033 -0.823575914 0.000046294 -0.007014064 0.999975383 24.434555054
0.999999166 -0.000736064 -0.001048509 0.548583627 0.000743493 0.999974489 0.007102651 -0.833252013 0.001043254 -0.007103423 0.999974251 24.965845108
0.999998689 -0.000259658 -0.001551597 0.548861325 0.000271286 0.999971807 0.007498524 -0.850200534 0.001549607 -0.007498935 0.999970675 25.474483490
0.999997258 -0.000928454 -0.002137931 0.560964346 0.000944561 0.999971092 0.007545347 -0.867781639 0.002130864 -0.007547346 0.999969244 26.025911331
0.999995589 -0.001808558 -0.002341056 0.564445376 0.001827396 0.999965787 0.008070104 -0.875970960 0.002326380 -0.008074349 0.999964654 26.547443390
0.999993801 -0.001550864 -0.003151214 0.587343335 0.001576742 0.999964952 0.008226170 -0.895116806 0.003138346 -0.008231089 0.999961197 27.095310211
0.999994397 -0.000718318 -0.003309063 0.579781651 0.000745194 0.999966681 0.008127611 -0.908874631 0.003303115 -0.008130030 0.999961495 27.609809875
0.999993324 -0.000457351 -0.003626146 0.587010622 0.000485323 0.999970078 0.007716674 -0.917704165 0.003622509 -0.007718383 0.999963641 28.148881912
0.999991655 -0.000607884 -0.004038969 0.596574247 0.000640648 0.999966860 0.008115518 -0.938771069 0.004033901 -0.008118037 0.999958932 28.710088730
0.999989390 -0.000824954 -0.004517093 0.612260938 0.000863220 0.999963641 0.008476010 -0.949909568 0.004509937 -0.008479820 0.999953806 29.233522415
0.999989092 -0.000552226 -0.004640478 0.615091085 0.000593094 0.999960959 0.008809967 -0.968612373 0.004635431 -0.008812624 0.999950349 29.761636734
0.999987006 -0.000727862 -0.005030053 0.621370256 0.000768895 0.999966383 0.008160507 -0.969018936 0.005023945 -0.008164270 0.999954045 30.298931122
0.999984920 -0.001141513 -0.005370087 0.627463937 0.001185955 0.999965012 0.008279925 -0.981657386 0.005360448 -0.008286171 0.999951243 30.838857651
0.999982953 -0.001380371 -0.005652996 0.640149653 0.001426942 0.999965012 0.008242538 -0.994245648 0.005641419 -0.008250465 0.999950051 31.382078171
0.999982297 -0.001278346 -0.005800238 0.650060654 0.001328327 0.999961972 0.008621321 -1.026608586 0.005788998 -0.008628874 0.999945998 31.934070587
0.999979675 -0.001207251 -0.006251216 0.679165602 0.001260226 0.999963224 0.008477356 -1.029687881 0.006240753 -0.008485062 0.999944508 32.433853149
0.999981225 -0.000804059 -0.006074766 0.651997268 0.000857526 0.999960899 0.008804047 -1.055366874 0.006067450 -0.008809089 0.999942780 32.945091248
0.999978840 -0.001201009 -0.006393327 0.659309268 0.001255832 0.999962389 0.008577917 -1.061289787 0.006382785 -0.008585766 0.999942780 33.505355835
0.999977708 -0.000797662 -0.006627601 0.660888910 0.000855088 0.999962091 0.008666331 -1.070062399 0.006620436 -0.008671804 0.999940455 34.047748566
0.999976993 -0.001171871 -0.006678052 0.678027153 0.001232583 0.999957919 0.009094460 -1.092337847 0.006667113 -0.009102481 0.999936342 34.548404694
0.999978960 -0.000504436 -0.006464903 0.682759047 0.000561462 0.999960899 0.008822207 -1.098459721 0.006460200 -0.008825652 0.999940217 35.078372955
0.999975622 -0.001313501 -0.006852452 0.693303704 0.001374622 0.999959290 0.008922519 -1.110543966 0.006840453 -0.008931722 0.999936700 35.625743866
0.999977291 -0.001041066 -0.006659863 0.670931756 0.001107350 0.999949753 0.009956765 -1.169436097 0.006649163 -0.009963915 0.999928236 36.123481750
0.999976695 -0.001083221 -0.006740064 0.678100169 0.001151758 0.999947548 0.010173073 -1.179845095 0.006728692 -0.010180599 0.999925494 36.661911011
0.999966741 -0.002373332 -0.007808665 0.690960765 0.002457574 0.999938667 0.010796357 -1.196658611 0.007782562 -0.010815188 0.999911189 37.222888947
0.999971271 -0.001480374 -0.007435231 0.695354223 0.001556237 0.999946654 0.010207793 -1.199682951 0.007419725 -0.010219070 0.999920189 37.763679504
0.999972939 -0.000759819 -0.007322560 0.700611115 0.000833931 0.999948382 0.010123314 -1.209202409 0.007314489 -0.010129146 0.999921918 38.303417206
0.999969721 -0.001976929 -0.007533402 0.712104142 0.002057877 0.999940097 0.010752690 -1.229756117 0.007511693 -0.010767868 0.999913752 38.830333710
0.999965489 -0.002221503 -0.008008535 0.715349555 0.002313643 0.999931037 0.011514429 -1.285751104 0.007982404 -0.011532560 0.999901652 39.352539062
0.999962866 -0.002158586 -0.008346830 0.731477380 0.002254537 0.999931276 0.011503197 -1.301029682 0.008321426 -0.011521587 0.999899030 39.878734589
0.999963701 -0.002245874 -0.008216097 0.731914639 0.002338717 0.999933362 0.011308134 -1.307151079 0.008190152 -0.011326941 0.999902308 40.452892303
0.999959767 -0.002940487 -0.008469465 0.743324935 0.003041636 0.999923944 0.011954889 -1.326158285 0.008433668 -0.011980169 0.999892712 40.994609833
0.999960542 -0.003115054 -0.008319600 0.744261563 0.003215362 0.999921978 0.012070764 -1.328050017 0.008281351 -0.012097037 0.999892592 41.578662872
0.999965847 -0.001829878 -0.008062659 0.744180977 0.001928723 0.999922872 0.012268904 -1.373253345 0.008039586 -0.012284035 0.999892235 42.006027222
0.999963284 -0.001662453 -0.008408437 0.755363286 0.001767013 0.999921024 0.012443013 -1.381862164 0.008387088 -0.012457415 0.999887168 42.553485870
0.999956906 -0.002380384 -0.008976117 0.769489408 0.002492120 0.999919355 0.012457641 -1.395678997 0.008945738 -0.012479473 0.999882162 43.100078583
0.999962807 -0.002450608 -0.008270107 0.762330472 0.002554167 0.999918163 0.012534913 -1.405638218 0.008238712 -0.012555569 0.999887228 43.601005554
0.999960363 -0.002416997 -0.008566589 0.769080102 0.002525431 0.999916553 0.012669593 -1.416377544 0.008535252 -0.012690726 0.999883056 44.134902954
0.999959886 -0.002304794 -0.008647819 0.775718510 0.002412190 0.999919891 0.012429113 -1.425331354 0.008618479 -0.012449475 0.999885321 44.685920715
0.999961138 -0.002194595 -0.008533981 0.789491653 0.002303057 0.999916375 0.012720446 -1.437449694 0.008505352 -0.012739608 0.999882638 45.199726105
0.999959707 -0.002156205 -0.008722558 0.790099144 0.002268152 0.999914944 0.012844707 -1.446462154 0.008694121 -0.012863974 0.999879420 45.743602753
0.999960661 -0.002052085 -0.008619067 0.800275028 0.002165234 0.999911308 0.013139104 -1.471500635 0.008591341 -0.013157249 0.999876559 46.253604889
0.999960482 -0.002260017 -0.008598537 0.807269335 0.002371998 0.999912202 0.013035423 -1.479177117 0.008568324 -0.013055303 0.999878109 46.804359436
0.999965131 -0.001544153 -0.008203124 0.805262923 0.001647828 0.999918699 0.012646751 -1.484004021 0.008182928 -0.012659826 0.999886453 47.348724365
0.999962449 -0.001968881 -0.008442287 0.804717660 0.002081464 0.999908745 0.013347533 -1.506119967 0.008415238 -0.013364603 0.999875247 47.823562622
0.999959290 -0.002134563 -0.008770839 0.816004395 0.002249358 0.999911666 0.013099337 -1.516170025 0.008742102 -0.013118532 0.999875724 48.370159149
0.999959409 -0.002334150 -0.008704949 0.816781938 0.002449131 0.999909580 0.013221570 -1.521792889 0.008673303 -0.013242355 0.999874711 48.892627716
0.999961197 -0.001967226 -0.008580436 0.819525361 0.002080839 0.999909997 0.013252147 -1.528920531 0.008553596 -0.013269489 0.999875307 49.432338715
0.999959111 -0.002265103 -0.008754777 0.821180224 0.002383376 0.999905705 0.013522837 -1.548169971 0.008723321 -0.013543152 0.999870241 49.943962097
0.999959111 -0.002187285 -0.008776097 0.829226494 0.002306748 0.999904513 0.013625426 -1.555382252 0.008745456 -0.013645114 0.999868691 50.491588593
0.999964178 -0.001712818 -0.008290973 0.822431386 0.001822956 0.999909937 0.013294823 -1.559257865 0.008267456 -0.013309460 0.999877274 51.007389069
0.999966621 -0.001549913 -0.008032912 0.829122663 0.001652747 0.999916553 0.012810711 -1.565989852 0.008012388 -0.012823559 0.999885738 51.558708191
0.999961615 -0.002033962 -0.008523433 0.840471387 0.002148309 0.999907553 0.013427996 -1.579702377 0.008495333 -0.013445792 0.999873519 52.076522827
0.999963701 -0.001959720 -0.008299442 0.845358551 0.002069018 0.999911010 0.013181266 -1.587757111 0.008272874 -0.013197959 0.999878705 52.621452332
0.999958098 -0.002397736 -0.008844573 0.857452095 0.002513986 0.999910235 0.013155968 -1.601593733 0.008812236 -0.013177650 0.999874353 53.166851044
0.999960780 -0.001878689 -0.008654290 0.863207579 0.001996316 0.999905407 0.013603128 -1.612853646 0.008627917 -0.013619872 0.999870002 53.657512665
0.999959111 -0.002228992 -0.008773702 0.873517931 0.002346310 0.999907613 0.013383972 -1.625622749 0.008743059 -0.013404009 0.999871969 54.217056274
0.999963343 -0.001626097 -0.008409292 0.868782759 0.001738717 0.999908686 0.013402345 -1.625268221 0.008386731 -0.013416477 0.999874771 54.718643188
0.999962926 -0.001855356 -0.008404531 0.874345899 0.001966718 0.999910116 0.013261523 -1.621952295 0.008379170 -0.013277561 0.999876738 55.320121765
0.999964178 -0.001788292 -0.008273776 0.884159088 0.001900458 0.999906182 0.013568901 -1.644807100 0.008248734 -0.013584140 0.999873698 55.810031891
0.999965787 -0.001472856 -0.008137833 0.895914197 0.001582772 0.999907374 0.013516841 -1.655830264 0.008117171 -0.013529262 0.999875546 56.344688416
0.999965847 -0.000935990 -0.008220853 0.934952259 0.001045837 0.999910116 0.013367925 -1.661894798 0.008207603 -0.013376067 0.999876797 56.887367249
0.999962449 -0.001832142 -0.008466925 0.906273484 0.001944829 0.999909401 0.013320049 -1.672883511 0.008441755 -0.013336019 0.999875367 57.350467682
0.999960542 -0.001757970 -0.008707482 0.913929641 0.001875607 0.999906778 0.013520224 -1.685801029 0.008682902 -0.013536022 0.999870658 57.892452240
0.999958336 -0.001649887 -0.008983701 0.927060306 0.001769176 0.999910116 0.013286699 -1.694162846 0.008960973 -0.013302038 0.999871314 58.426010132
0.999961078 -0.002137146 -0.008555659 0.919194162 0.002251383 0.999908090 0.013364967 -1.694275618 0.008526308 -0.013383707 0.999874055 58.932277679
0.999954641 -0.002419692 -0.009208076 0.951985300 0.002535924 0.999916971 0.012632099 -1.654955149 0.009176746 -0.012654879 0.999877751 59.573097229
0.999965191 -0.001598359 -0.008191727 0.935571790 0.001706160 0.999911785 0.013169595 -1.718368292 0.008169955 -0.013183113 0.999879718 60.017452240
0.999964178 -0.001488300 -0.008330981 0.951843917 0.001603637 0.999902725 0.013854858 -1.726721764 0.008309550 -0.013867722 0.999869287 60.570243835
0.999961376 -0.002018903 -0.008548155 0.955469906 0.002136587 0.999902725 0.013780551 -1.749250293 0.008519501 -0.013798285 0.999868453 61.071605682
0.999958694 -0.002453399 -0.008745254 0.966627181 0.002569930 0.999907672 0.013338828 -1.753755569 0.008711720 -0.013360755 0.999872804 61.538761139
0.999956906 -0.002534826 -0.008927663 0.968992352 0.002653855 0.999907315 0.013346120 -1.755313039 0.008893005 -0.013369238 0.999871135 62.096504211
0.999957979 -0.002142443 -0.008906263 0.974841058 0.002261142 0.999908388 0.013339026 -1.767059088 0.008876869 -0.013358607 0.999871314 62.651844025
0.999960244 -0.001958556 -0.008699715 0.980768442 0.002075411 0.999907434 0.013443345 -1.778727531 0.008672582 -0.013460868 0.999871790 63.138576508
0.999953210 -0.002220684 -0.009414560 0.998240709 0.002346039 0.999908447 0.013324915 -1.777561426 0.009384106 -0.013346381 0.999866903 63.668357849
0.999962449 -0.001487811 -0.008536723 0.950708270 0.001603082 0.999907434 0.013511994 -1.820923328 0.008515828 -0.013525172 0.999872327 64.292251587
0.999961674 -0.002017119 -0.008517967 0.983745873 0.002136439 0.999899387 0.014022342 -1.821967602 0.008488826 -0.014040003 0.999865413 64.744079590
0.999965191 -0.001691617 -0.008166905 0.985972881 0.001803424 0.999904454 0.013702248 -1.826530933 0.008142946 -0.013716500 0.999872744 65.301918030
0.999963224 -0.002049356 -0.008320561 0.994942486 0.002163416 0.999903560 0.013722487 -1.834768772 0.008291636 -0.013739985 0.999871254 65.835449219
0.999957144 -0.002704799 -0.008852669 1.006673813 0.002825836 0.999902308 0.013688564 -1.848613262 0.008814778 -0.013712994 0.999867141 66.352951050
0.999956310 -0.002241491 -0.009082901 1.015110731 0.002361898 0.999909103 0.013267425 -1.861181259 0.009052338 -0.013288298 0.999870718 66.882362366
0.999967158 -0.001059124 -0.008027579 1.011476040 0.001173241 0.999898136 0.014224233 -1.877415180 0.008011695 -0.014233185 0.999866605 67.363815308
0.999961734 -0.001574132 -0.008605780 1.026231289 0.001697008 0.999896407 0.014289740 -1.883094311 0.008582395 -0.014303796 0.999860823 67.907844543
0.999962270 -0.001099698 -0.008604290 1.036709309 0.001223517 0.999895573 0.014398379 -1.898286581 0.008587558 -0.014408364 0.999859333 68.449264526
0.999959826 -0.001348689 -0.008862236 1.042011380 0.001474176 0.999898493 0.014168442 -1.893961906 0.008842227 -0.014180938 0.999860346 68.958900452
0.999959171 -0.001762096 -0.008870335 1.063524961 0.001887407 0.999898255 0.014138490 -1.907258391 0.008844520 -0.014154653 0.999860704 69.520042419
0.999963462 -0.001990217 -0.008315308 1.050925493 0.002106818 0.999899209 0.014037275 -1.917636156 0.008286531 -0.014054283 0.999866903 69.976593018
0.999962687 -0.001969911 -0.008417372 1.058961272 0.002090405 0.999895096 0.014330200 -1.926421285 0.008388259 -0.014347260 0.999861896 70.519088745
0.999961853 -0.002007684 -0.008503249 1.068913937 0.002124588 0.999903023 0.013761554 -1.931869745 0.008474796 -0.013779096 0.999869168 71.072128296
0.999959171 -0.002540546 -0.008671052 1.081929922 0.002658430 0.999903798 0.013610831 -1.947492838 0.008635639 -0.013633327 0.999869823 71.564559937
0.999965727 -0.001361261 -0.008165557 1.078442574 0.001474192 0.999903142 0.013840145 -1.947685003 0.008145926 -0.013851710 0.999870896 72.111183167
0.999966860 -0.001510431 -0.008004863 1.088317156 0.001617916 0.999908328 0.013438010 -1.953879833 0.007983831 -0.013450515 0.999877632 72.668594360
0.999964774 -0.001586077 -0.008240680 1.090172052 0.001697777 0.999906540 0.013565352 -1.963573933 0.008218394 -0.013578865 0.999873996 73.174613953
0.999967992 -0.001195042 -0.007917242 1.097862959 0.001301036 0.999909461 0.013396076 -1.973417282 0.007900515 -0.013405948 0.999878943 73.767272949
0.999963701 -0.002034998 -0.008278700 1.111137390 0.002149335 0.999902070 0.013825668 -1.988868713 0.008249753 -0.013842961 0.999870121 74.238578796
0.999966502 -0.001455216 -0.008055680 1.110839248 0.001564078 0.999907315 0.013523985 -1.991548538 0.008035255 -0.013536133 0.999876082 74.785461426
0.999966264 -0.001488184 -0.008072013 1.113400578 0.001594337 0.999912083 0.013160370 -1.996191382 0.008051717 -0.013172798 0.999880850 75.330184937
0.999971509 -0.000839170 -0.007505856 1.096789360 0.000942219 0.999905169 0.013736106 -2.011450768 0.007493617 -0.013742787 0.999877512 75.867561340
0.999967277 -0.001246877 -0.007992208 1.111544251 0.001357361 0.999903381 0.013833410 -2.023246765 0.007974187 -0.013843808 0.999872386 76.329612732
0.999965131 -0.002140873 -0.008068773 1.121842623 0.002251714 0.999902904 0.013753189 -2.027285814 0.008038544 -0.013770879 0.999872804 76.887428284
0.999967098 -0.001531118 -0.007962571 1.131036162 0.001640568 0.999903977 0.013757245 -2.034818649 0.007940742 -0.013769857 0.999873638 77.399559021
0.999968886 -0.001263515 -0.007788440 1.135435104 0.001369125 0.999907017 0.013569456 -2.044937611 0.007770570 -0.013579695 0.999877572 77.935470581
0.999970496 -0.000882947 -0.007622530 1.141820908 0.000986677 0.999906778 0.013615270 -2.055850029 0.007609799 -0.013622389 0.999878228 78.462783813
0.999974191 -0.001076901 -0.007104266 1.147403002 0.001173810 0.999906123 0.013650894 -2.057526350 0.007088898 -0.013658883 0.999881566 79.020988464
0.999983072 -0.000887560 -0.005748890 1.150219798 0.000963014 0.999913216 0.013135539 -2.059188366 0.005736733 -0.013140853 0.999897182 79.565330505
0.999990344 -0.000657064 -0.004336365 1.162727594 0.000714256 0.999912620 0.013200715 -2.068949699 0.004327314 -0.013203682 0.999903500 80.118782043
0.999995708 -0.000758720 -0.002816535 1.165843844 0.000796388 0.999909878 0.013396638 -2.079077482 0.002806117 -0.013398823 0.999906242 80.654396057
0.999999702 -0.000531788 0.000571167 1.194146633 0.000523925 0.999906301 0.013678989 -2.090138435 -0.000578388 -0.013678687 0.999906242 81.214035034
0.999989629 -0.000610330 0.004525215 1.199932575 0.000548469 0.999906480 0.013658935 -2.096118927 -0.004533129 -0.013656311 0.999896407 81.749084473
0.999971449 -0.000621847 0.007546509 1.218844175 0.000522237 0.999912798 0.013194300 -2.089713812 -0.007554055 -0.013189981 0.999884486 82.245613098
0.999929488 -0.000848903 0.011844680 1.254125595 0.000692899 0.999913037 0.013168684 -2.104125500 -0.011854828 -0.013159551 0.999843121 82.775321960
0.999835312 -0.000260357 0.018142246 1.274734139 0.000019314 0.999911666 0.013285177 -2.112045765 -0.018144105 -0.013282640 0.999747157 83.316879272
0.999712229 -0.000886154 0.023968089 1.301694155 0.000573224 0.999914527 0.013059832 -2.118757010 -0.023977611 -0.013042338 0.999627411 83.841201782
0.999571204 -0.000918832 0.029266257 1.346672654 0.000537215 0.999914706 0.013044680 -2.127561808 -0.029275749 -0.013023365 0.999486506 84.403854370
0.999296904 -0.000232053 0.037490804 1.374837756 -0.000258561 0.999914408 0.013080846 -2.133059263 -0.037490625 -0.013081343 0.999211371 84.947586060
0.998972535 -0.000830232 0.045314986 1.418815136 0.000247785 0.999917269 0.012857393 -2.140322685 -0.045321915 -0.012832954 0.998889983 85.488609314
0.998655975 -0.001299645 0.051812187 1.467906952 0.000640154 0.999918580 0.012743045 -2.145714283 -0.051824525 -0.012692750 0.998575509 86.022232056
0.998162329 -0.001315848 0.060582679 1.523320913 0.000538530 0.999917328 0.012845252 -2.152210712 -0.060594574 -0.012789020 0.998080552 86.569374084
0.997488678 -0.001714550 0.070804775 1.578811169 0.000805864 0.999916971 0.012860244 -2.159971237 -0.070820957 -0.012770889 0.997407258 87.117774963
0.996837020 -0.001847721 0.079451196 1.646993637 0.000829071 0.999917090 0.012852159 -2.169155359 -0.079468362 -0.012745637 0.996755838 87.656135559
0.996163189 -0.002039421 0.087490581 1.715682983 0.000942414 0.999920428 0.012578048 -2.176743984 -0.087509267 -0.012447337 0.996085942 88.199752808
0.995182574 -0.001485046 0.098027200 1.788043022 0.000225499 0.999917209 0.012858781 -2.185488701 -0.098038204 -0.012774730 0.995100677 88.743278503
0.994086683 -0.002266784 0.108565249 1.884022713 0.000867514 0.999915957 0.012934244 -2.200400114 -0.108585469 -0.012763577 0.994005203 89.300025940
0.993068278 -0.002399303 0.117514655 1.976682663 0.000880752 0.999915481 0.012972459 -2.209033489 -0.117535852 -0.012779034 0.992986381 89.867050171
0.991708398 -0.002309372 0.128488064 2.067957878 0.000623764 0.999913275 0.013157487 -2.216883183 -0.128507286 -0.012968242 0.991623759 90.406417847
0.990096450 -0.002927588 0.140358344 2.169620514 0.001112519 0.999914706 0.013008405 -2.229532003 -0.140384436 -0.012723424 0.990015328 90.925796509
0.988503695 -0.003311441 0.151160449 2.259627342 0.001234093 0.999903500 0.013834410 -2.241990805 -0.151191697 -0.013488820 0.988412440 91.449440002
0.986883998 -0.003846428 0.161384717 2.388735771 0.001778199 0.999914467 0.012957996 -2.245384693 -0.161420748 -0.012501066 0.986806512 92.012634277
0.984691620 -0.003806183 0.174264029 2.509859085 0.001597024 0.999916613 0.012815556 -2.253669024 -0.174298242 -0.012341066 0.984615564 92.543205261
0.982418418 -0.004354057 0.186641619 2.629867554 0.001894231 0.999908984 0.013355727 -2.265434265 -0.186682746 -0.012767372 0.982337236 93.091346741
0.980464995 -0.004998136 0.196629941 2.761230469 0.002437248 0.999909043 0.013263723 -2.270981312 -0.196678340 -0.012525380 0.980388045 93.628280640
0.977811635 -0.005818408 0.209405139 2.907323837 0.003194979 0.999912143 0.012864102 -2.276068449 -0.209461614 -0.011909625 0.977744341 94.156021118
0.974784136 -0.005445716 0.223083511 3.047010422 0.002531277 0.999907732 0.013348212 -2.288593292 -0.223135620 -0.012446939 0.974707961 94.689979553
0.971996725 -0.005040574 0.234940663 3.192142487 0.001963996 0.999909222 0.013327277 -2.296583891 -0.234986514 -0.012492644 0.971918285 95.218872070
0.969151318 -0.006322275 0.246385843 3.369436264 0.003158998 0.999907434 0.013231866 -2.303963661 -0.246446699 -0.012045345 0.969081521 95.767005920
0.965612173 -0.006683044 0.259901077 3.537727356 0.003415176 0.999909401 0.013023045 -2.310353756 -0.259964585 -0.011687599 0.965547502 96.285331726
0.962030053 -0.006211712 0.272873044 3.705610275 0.002720162 0.999909580 0.013171962 -2.316637516 -0.272930175 -0.011929564 0.961959958 96.832878113
0.958817303 -0.006727597 0.283943892 3.905933380 0.002980994 0.999902725 0.013624924 -2.328184605 -0.284007877 -0.012217380 0.958744109 97.393112183
0.954621434 -0.007031393 0.297738969 4.091997147 0.003212513 0.999906242 0.013313677 -2.318122864 -0.297804654 -0.011753030 0.954554558 97.912979126
0.950222492 -0.007006886 0.311493099 4.303213120 0.002856542 0.999900937 0.013778288 -2.343066692 -0.311558843 -0.012202647 0.950148523 98.444839478
0.946450830 -0.007758269 0.322754741 4.502391815 0.003516399 0.999899626 0.013723706 -2.346718311 -0.322828829 -0.011853880 0.946383119 98.956680298
0.942060530 -0.007981713 0.335348219 4.713193893 0.003530014 0.999897420 0.013882307 -2.357059956 -0.335424662 -0.011894189 0.941991985 99.472930908
0.937019229 -0.008473605 0.349174917 4.931905746 0.003837081 0.999895096 0.013968064 -2.365728617 -0.349256635 -0.011748531 0.936953425 99.985412598
0.932327449 -0.008837074 0.361506969 5.153627396 0.004002568 0.999892294 0.014119833 -2.374499321 -0.361592829 -0.011717350 0.932262480 100.499839783
0.928089023 -0.009076805 0.372247815 5.373176575 0.004155179 0.999893069 0.014021463 -2.378647804 -0.372335255 -0.011466411 0.928027451 101.001358032
0.922478557 -0.008887834 0.385946095 5.605298996 0.003681770 0.999891996 0.014226135 -2.384327412 -0.386030853 -0.011702337 0.922411740 101.506011963
0.916907549 -0.009322342 0.398990721 5.843441010 0.003992263 0.999891400 0.014187781 -2.389838696 -0.399079710 -0.011416008 0.916845202 102.003555298
0.911808729 -0.009750245 0.410499394 6.094055176 0.004266526 0.999889016 0.014272634 -2.403059244 -0.410593033 -0.011262505 0.911749184 102.495254517
0.905418217 -0.009738521 0.424408972 6.352073669 0.004100053 0.999890804 0.014196671 -2.402184010 -0.424500883 -0.011113824 0.905359328 103.002593994
0.898680389 -0.009951640 0.438490987 6.625778198 0.004154197 0.999890864 0.014178755 -2.411674023 -0.438584268 -0.010920592 0.898623586 103.496360779
0.892722130 -0.010634039 0.450481981 6.901729584 0.004744010 0.999887884 0.014202041 -2.418287277 -0.450582504 -0.010541386 0.892672479 103.985649109
0.887267530 -0.010965823 0.461124539 7.180107117 0.004931731 0.999885678 0.014288563 -2.422223806 -0.461228430 -0.010403637 0.887220383 104.466415405
0.880148053 -0.011497255 0.474559844 7.469375610 0.005418079 0.999884844 0.014175699 -2.429215908 -0.474668205 -0.009905512 0.880109072 104.949981689
