1.000000000 0.000000000 0.000000000 0.000000000 0.000000000 1.000000000 0.000000000 0.000000000 0.000000000 0.000000000 1.000000000 0.000000000
1.000000000 0.000071365 -0.000030643 0.000300726 -0.000071365 1.000000000 0.000020728 0.000492920 0.000030644 -0.000020726 1.000000000 0.002209300
1.000000000 0.000026375 -0.000048810 0.001044311 -0.000026372 1.000000000 0.000064044 -0.001100805 0.000048811 -0.000064042 1.000000000 0.000970774
1.000000000 -0.000013920 -0.000024512 0.000524259 0.000013919 1.000000000 -0.000041357 0.000355573 0.000024512 0.000041357 1.000000000 -0.001756155
1.000000000 -0.000155930 -0.000114607 0.001341744 0.000155937 1.000000000 0.000063170 -0.000647030 0.000114597 -0.000063188 1.000000000 0.000360570
1.000000000 -0.000150409 -0.000111670 -0.000640996 0.000150414 1.000000000 0.000043213 0.000245386 0.000111664 -0.000043230 1.000000000 -0.000359000
1.000000000 -0.000128137 -0.000058367 0.000785528 0.000128141 1.000000000 0.000062096 -0.000815171 0.000058359 -0.000062104 1.000000000 0.001126225
1.000000000 -0.000146734 -0.000058133 -0.000000192 0.000146738 1.000000000 0.000083193 -0.000790780 0.000058121 -0.000083202 1.000000000 -0.000393252
1.000000000 -0.000040641 -0.000086303 0.000561920 0.000040646 1.000000000 0.000063701 -0.000047996 0.000086300 -0.000063705 1.000000000 -0.001773962
1.000000000 -0.000033550 -0.000010919 -0.000407498 0.000033550 1.000000000 0.000042301 0.000663588 0.000010918 -0.000042301 1.000000000 0.002717591
1.000000000 -0.000053409 -0.000063427 0.000826666 0.000053410 1.000000000 0.000015566 0.000549038 0.000063426 -0.000015569 1.000000000 -0.000167915
1.000000000 -0.000109483 -0.000138154 0.001120855 0.000109491 1.000000000 0.000056203 0.000147160 0.000138148 -0.000056218 1.000000000 -0.000414444
1.000000000 -0.000101422 -0.000059043 -0.000084469 0.000101421 1.000000000 -0.000019924 0.001699426 0.000059045 0.000019918 1.000000000 0.002566435
0.999999940 -0.000224369 -0.000139064 0.001124483 0.000224384 0.999999940 0.000109452 0.000033624 0.000139039 -0.000109484 1.000000000 -0.001638088
1.000000000 -0.000119882 -0.000145646 0.001235798 0.000119889 1.000000000 0.000049092 -0.000365217 0.000145640 -0.000049109 1.000000000 -0.001950411
1.000000000 -0.000158436 -0.000178544 0.003601539 0.000158459 1.000000000 0.000123940 -0.000510529 0.000178525 -0.000123968 1.000000000 -0.004868203
1.000000000 -0.000114686 -0.000063124 0.001456676 0.000114691 1.000000000 0.000076156 -0.000377882 0.000063115 -0.000076164 1.000000000 -0.003125360
1.000000000 -0.000062913 -0.000083583 0.002062951 0.000062917 1.000000000 0.000044353 -0.000394279 0.000083580 -0.000044359 1.000000000 -0.000530034
1.000000000 -0.000055702 -0.000136628 0.002177190 0.000055719 1.000000000 0.000119824 -0.000522397 0.000136621 -0.000119831 1.000000000 -0.003291099
0.999999940 -0.000231446 -0.000141653 0.001378573 0.000231456 1.000000000 0.000076032 -0.000366010 0.000141635 -0.000076065 1.000000000 -0.003356398
1.000000000 -0.000206532 -0.000117263 0.000976088 0.000206543 1.000000000 0.000092242 0.000376793 0.000117244 -0.000092266 1.000000000 0.001109742
1.000000000 -0.000213452 -0.000116014 0.000462040 0.000213465 1.000000000 0.000115236 -0.001686394 0.000115990 -0.000115260 1.000000000 -0.003764492
1.000000000 -0.000069408 -0.000161139 0.003594781 0.000069427 1.000000000 0.000117049 -0.000886281 0.000161131 -0.000117060 1.000000000 -0.002595090
1.000000000 -0.000122954 -0.000176250 0.003432946 0.000122970 1.000000000 0.000089755 -0.001384265 0.000176239 -0.000089777 1.000000000 -0.002436368
0.999999940 -0.000190831 -0.000182272 0.002850902 0.000190854 1.000000000 0.000124174 -0.001396617 0.000182248 -0.000124208 1.000000000 -0.005496362
0.999999940 -0.000176612 -0.000187570 0.002736009 0.000176629 1.000000000 0.000088654 0.000151771 0.000187554 -0.000088688 1.000000000 -0.001657392
1.000000000 -0.000145078 -0.000142864 0.003080596 0.000145089 1.000000000 0.000075563 0.000293323 0.000142853 -0.000075583 1.000000000 -0.002985601
0.999999940 -0.000230984 -0.000160407 0.003443385 0.000231001 0.999999940 0.000102728 -0.000718458 0.000160383 -0.000102765 1.000000000 -0.004015848
0.999999940 -0.000224673 -0.000113223 0.000367382 0.000224682 1.000000000 0.000078561 -0.000900644 0.000113206 -0.000078586 1.000000000 -0.002791331
1.000000000 -0.000073740 -0.000190987 0.002583707 0.000073771 1.000000000 0.000159352 -0.001038296 0.000190975 -0.000159366 0.999999940 -0.003191793
0.999999940 -0.000237357 -0.000198493 0.003728803 0.000237380 0.999999940 0.000115931 -0.000802796 0.000198466 -0.000115978 1.000000000 -0.003655423
0.999999940 -0.000191161 -0.000211866 0.003055492 0.000191183 1.000000000 0.000105712 -0.000644123 0.000211846 -0.000105753 1.000000000 -0.003405718
1.000000000 -0.000181602 -0.000147275 0.002531347 0.000181617 1.000000000 0.000098612 -0.000592003 0.000147257 -0.000098639 1.000000000 -0.004982964
1.000000000 -0.000098772 -0.000137340 0.002731172 0.000098781 1.000000000 0.000063703 -0.001012486 0.000137334 -0.000063717 1.000000000 -0.002876157
1.000000000 -0.000115985 -0.000144646 0.002714513 0.000115998 1.000000000 0.000087988 -0.000736777 0.000144636 -0.000088005 1.000000000 -0.001571870
0.999999940 -0.000216116 -0.000154259 0.002189965 0.000216139 0.999999940 0.000147492 -0.001662911 0.000154228 -0.000147525 1.000000000 -0.005145519
0.999999940 -0.000192188 -0.000214832 0.003198097 0.000192204 1.000000000 0.000078240 0.000180148 0.000214817 -0.000078281 1.000000000 -0.002549029
0.999999940 -0.000235509 -0.000204745 0.003961919 0.000235535 0.999999940 0.000128180 0.000068433 0.000204714 -0.000128228 1.000000000 -0.004610093
1.000000000 -0.000203024 -0.000125985 0.001310161 0.000203036 1.000000000 0.000092227 -0.000336697 0.000125967 -0.000092253 1.000000000 -0.003628325
0.999999940 -0.000168246 -0.000187330 0.002512597 0.000168275 1.000000000 0.000150426 -0.000844801 0.000187305 -0.000150457 1.000000000 -0.004894973
0.999999940 -0.000185366 -0.000216826 0.005310421 0.000185382 1.000000000 0.000073805 -0.001807247 0.000216812 -0.000073846 1.000000000 -0.001645733
1.000000000 -0.000214518 -0.000010218 0.001004017 0.000214512 0.999999821 -0.000536564 -0.002275335 0.000010333 0.000536562 0.999999881 0.050870501
1.000000000 -0.000055345 -0.000166334 0.003491064 0.000055161 0.999999404 -0.001105676 -0.004652538 0.000166395 0.001105667 0.999999404 0.141443625
1.000000000 -0.000142205 -0.000078479 0.004072219 0.000142090 0.999998927 -0.001461302 -0.007831781 0.000078687 0.001461291 0.999998927 0.259025902
1.000000000 -0.000118244 -0.000035576 0.005947836 0.000118194 0.999999046 -0.001386806 -0.010889756 0.000035740 0.001386801 0.999999046 0.392764479
1.000000000 -0.000050506 -0.000140016 0.010229902 0.000050342 0.999999344 -0.001165698 -0.018589746 0.000140075 0.001165691 0.999999285 0.529227912
1.000000000 0.000080640 -0.000056983 0.011719176 -0.000080704 0.999999344 -0.001118139 -0.020688666 0.000056893 0.001118143 0.999999344 0.686263084
1.000000000 -0.000024993 0.000085940 0.015154538 0.000025070 0.999999583 -0.000892183 -0.025341470 -0.000085917 0.000892185 0.999999583 0.846152663
0.999999940 0.000337911 0.000205769 0.011905498 -0.000337745 0.999999642 -0.000805145 -0.024902705 -0.000206041 0.000805076 0.999999642 1.029139996
1.000000000 0.000069909 -0.000205205 0.026029320 -0.000070025 0.999999821 -0.000564656 -0.038342863 0.000205165 0.000564670 0.999999821 1.188706279
1.000000000 0.000013450 -0.000021351 0.028487151 -0.000013456 0.999999940 -0.000264875 -0.041702151 0.000021348 0.000264875 0.999999940 1.366044283
1.000000000 0.000170339 -0.000111739 0.030570956 -0.000170376 0.999999940 -0.000336674 -0.048849147 0.000111681 0.000336693 0.999999940 1.573759556
0.999999940 0.000139703 0.000232504 0.030527538 -0.000139637 0.999999940 -0.000283939 -0.055032145 -0.000232544 0.000283907 0.999999940 1.772456884
0.999999940 -0.000233898 -0.000166724 0.040812779 0.000233903 1.000000000 0.000031846 -0.059707567 0.000166717 -0.000031885 1.000000000 1.969539404
1.000000000 0.000190298 0.000070211 0.038306039 -0.000190301 1.000000000 0.000048631 -0.068444900 -0.000070202 -0.000048644 1.000000000 2.187267303
0.999999940 -0.000185887 -0.000375314 0.045945089 0.000185992 0.999999940 0.000278266 -0.072531879 0.000375262 -0.000278336 0.999999881 2.399787426
0.999999940 -0.000231569 -0.000129894 0.060232822 0.000231614 0.999999940 0.000346377 -0.085074767 0.000129814 -0.000346407 0.999999940 2.599586964
0.999999762 -0.000343100 -0.000636374 0.067608550 0.000342873 0.999999881 -0.000357761 -0.075334504 0.000636497 0.000357542 0.999999762 2.882147789
0.999999940 -0.000048350 -0.000482961 0.070628054 0.000048192 0.999999940 -0.000325631 -0.080842480 0.000482976 0.000325608 0.999999881 3.111761093
0.999999583 -0.000750948 -0.000639126 0.081425302 0.000750741 0.999999702 -0.000323970 -0.086894572 0.000639369 0.000323490 0.999999762 3.357105494
0.999999642 -0.000490929 -0.000549434 0.084495641 0.000490871 0.999999881 -0.000104222 -0.100819319 0.000549485 0.000103952 0.999999821 3.591606617
0.999999702 -0.000327899 -0.000639875 0.090020992 0.000327965 0.999999881 0.000102684 -0.107799761 0.000639842 -0.000102894 0.999999762 3.841712475
0.999999642 -0.000612244 -0.000513045 0.091883786 0.000612324 0.999999762 0.000155519 -0.114806347 0.000512950 -0.000155833 0.999999821 4.108464241
0.999999940 -0.000056492 -0.000188532 0.092097111 0.000056566 0.999999940 0.000394272 -0.122592151 0.000188510 -0.000394283 0.999999821 4.357515335
0.999999881 -0.000071250 -0.000210797 0.099166527 0.000071379 0.999999762 0.000608812 -0.132513985 0.000210754 -0.000608827 0.999999702 4.606109619
0.999999523 -0.000779038 -0.000470006 0.109828204 0.000779504 0.999999225 0.000992334 -0.145155251 0.000469232 -0.000992700 0.999999344 4.884797573
0.999999285 -0.001001649 -0.000552713 0.116744921 0.001002283 0.999998868 0.001146311 -0.151609972 0.000551565 -0.001146864 0.999999225 5.137519360
0.999999106 -0.001176352 -0.000576148 0.120506749 0.001176943 0.999998808 0.001025184 -0.158165440 0.000574941 -0.001025861 0.999999344 5.408856392
0.999999523 -0.000770019 -0.000632846 0.128087193 0.000770767 0.999999046 0.001182273 -0.167117268 0.000631935 -0.001182760 0.999999166 5.667037964
0.999999404 -0.000947872 -0.000556433 0.130130097 0.000948616 0.999998689 0.001339712 -0.177620485 0.000555163 -0.001340239 0.999998987 5.936582565
0.999998868 -0.001387772 -0.000611537 0.131706983 0.001388529 0.999998271 0.001239961 -0.194929972 0.000609816 -0.001240808 0.999999046 6.218282223
0.999999285 -0.001077720 -0.000517258 0.134166077 0.001078415 0.999998569 0.001344982 -0.201758206 0.000515808 -0.001345539 0.999998987 6.511120796
0.999999702 -0.000812638 -0.000209817 0.142163128 0.000812898 0.999998868 0.001244869 -0.211416304 0.000208805 -0.001245040 0.999999225 6.781175613
0.999999583 -0.000891022 -0.000372554 0.150647506 0.000891498 0.999998808 0.001279854 -0.222534582 0.000371414 -0.001280185 0.999999106 7.080267429
0.999999225 -0.001203384 -0.000447750 0.159504160 0.001204039 0.999998212 0.001464224 -0.231585577 0.000445987 -0.001464762 0.999998808 7.376580715
0.999999762 -0.000700587 -0.000298775 0.161676720 0.000701032 0.999998689 0.001492441 -0.242790669 0.000297730 -0.001492650 0.999998808 7.681632996
0.999998987 -0.001319183 -0.000396838 0.166197732 0.001319794 0.999997854 0.001544334 -0.252020806 0.000394800 -0.001544856 0.999998748 7.986879349
0.999999344 -0.001147931 -0.000316572 0.172673672 0.001148417 0.999998152 0.001537951 -0.258560181 0.000314806 -0.001538314 0.999998748 8.308489799
0.999998629 -0.001609005 -0.000545404 0.179947913 0.001609862 0.999997437 0.001573921 -0.267715544 0.000542871 -0.001574797 0.999998569 8.635380745
0.999998927 -0.001425496 -0.000344382 0.177817732 0.001426019 0.999997795 0.001523828 -0.277035564 0.000342209 -0.001524317 0.999998808 8.969979286
0.999999523 -0.000997766 0.000012847 0.183064356 0.000997741 0.999997854 0.001799592 -0.289256781 -0.000014642 -0.001799578 0.999998391 9.309274673
0.999999106 -0.001375069 -0.000362887 0.201209933 0.001375706 0.999997437 0.001761229 -0.299770057 0.000360465 -0.001761727 0.999998391 9.640085220
0.999999225 -0.001229405 -0.000166160 0.208039105 0.001229707 0.999997556 0.001829842 -0.309744596 0.000163910 -0.001830044 0.999998271 9.983806610
0.999998808 -0.001499803 -0.000196184 0.214528352 0.001500193 0.999996841 0.001998961 -0.318228275 0.000193186 -0.001999252 0.999998033 10.350566864
0.999999046 -0.001377766 0.000060896 0.221495718 0.001377639 0.999997020 0.002026472 -0.330415756 -0.000063688 -0.002026386 0.999998033 10.704586029
0.999998868 -0.001447437 -0.000261908 0.229626074 0.001448000 0.999996603 0.002162468 -0.340925932 0.000258777 -0.002162845 0.999997556 11.062767982
0.999999523 -0.000986879 -0.000139714 0.237144217 0.000987152 0.999997556 0.001960612 -0.351511240 0.000137779 -0.001960749 0.999998033 11.440535545
0.999999464 -0.000997482 0.000032212 0.244489267 0.000997405 0.999996841 0.002301199 -0.363585472 -0.000034507 -0.002301167 0.999997318 11.826333046
0.999999464 -0.000977532 0.000068260 0.252335906 0.000977362 0.999996483 0.002454940 -0.378523618 -0.000070660 -0.002454872 0.999996960 12.198077202
0.999999642 -0.000874001 0.000310785 0.258866251 0.000873302 0.999997079 0.002241428 -0.384197503 -0.000312743 -0.002241156 0.999997437 12.587483406
0.999998748 -0.001558958 0.000185850 0.266701072 0.001558456 0.999995232 0.002674020 -0.406995028 -0.000190018 -0.002673727 0.999996424 12.958347321
0.999999285 -0.001196833 0.000126977 0.275397569 0.001196503 0.999995947 0.002569221 -0.415473998 -0.000130051 -0.002569068 0.999996722 13.378684998
0.999998510 -0.001718048 0.000102231 0.290951937 0.001717726 0.999993861 0.003073646 -0.434784442 -0.000107512 -0.003073465 0.999995232 13.760875702
0.999998927 -0.001444940 0.000306978 0.295219541 0.001443909 0.999993443 0.003330776 -0.447481364 -0.000311788 -0.003330330 0.999994397 14.178137779
0.999998927 -0.001330336 0.000548356 0.301621854 0.001328610 0.999994218 0.003135476 -0.463843465 -0.000552524 -0.003134745 0.999994874 14.581755638
0.999998510 -0.001456829 0.000831998 0.309847027 0.001454085 0.999993563 0.003288318 -0.476070404 -0.000836783 -0.003287104 0.999994218 15.006113052
0.999998152 -0.001797080 0.000775994 0.325331926 0.001794307 0.999992132 0.003558293 -0.491356134 -0.000782383 -0.003556894 0.999993443 15.430814743
0.999998093 -0.001428641 0.001375126 0.331776828 0.001423408 0.999991834 0.003798303 -0.505477428 -0.001380541 -0.003796339 0.999991894 15.861927986
0.999997318 -0.001665507 0.001592731 0.333997101 0.001659058 0.999990463 0.004041587 -0.523527145 -0.001599447 -0.004038933 0.999990523 16.288877487
0.999996841 -0.001866667 0.001649890 0.343637735 0.001860082 0.999990344 0.003983991 -0.535941005 -0.001657311 -0.003980909 0.999990642 16.730739594
0.999997079 -0.001814585 0.001606157 0.360937893 0.001808087 0.999990225 0.004037959 -0.548640609 -0.001613468 -0.004035043 0.999990582 17.193105698
0.999995708 -0.002006775 0.002109732 0.362590313 0.001997892 0.999989152 0.004204018 -0.564005196 -0.002118146 -0.004199786 0.999988914 17.636070251
0.999995112 -0.002158659 0.002237038 0.377357841 0.002149160 0.999988675 0.004240205 -0.577075481 -0.002246165 -0.004235376 0.999988496 18.094509125
0.999993622 -0.002662342 0.002355203 0.389754623 0.002651972 0.999986887 0.004395380 -0.588984370 -0.002366874 -0.004389106 0.999987543 18.572620392
0.999993920 -0.002357568 0.002568302 0.397228181 0.002345389 0.999985993 0.004734721 -0.610789180 -0.002579428 -0.004728668 0.999985516 19.022941589
0.999994695 -0.001942401 0.002580434 0.413229913 0.001929835 0.999986291 0.004863096 -0.624418914 -0.002589844 -0.004858091 0.999984801 19.494033813
0.999994636 -0.002194964 0.002398226 0.424065083 0.002182646 0.999984503 0.005126833 -0.636780560 -0.002409441 -0.005121571 0.999984026 19.969348907
0.999994218 -0.002468587 0.002345901 0.439253092 0.002456650 0.999984145 0.005077560 -0.647062600 -0.002358397 -0.005071767 0.999984324 20.463802338
0.999994218 -0.003103514 0.001380271 0.467199296 0.003096295 0.999981642 0.005201704 -0.669989824 -0.001396389 -0.005197399 0.999985516 20.918718338
0.999995947 -0.002691098 0.000960761 0.470459849 0.002685966 0.999982297 0.005302971 -0.681483984 -0.000975015 -0.005300369 0.999985516 21.427040100
0.999995470 -0.002966403 0.000565075 0.471813440 0.002963334 0.999981225 0.005356119 -0.695905745 -0.000580953 -0.005354420 0.999985456 21.926412582
0.999994814 -0.003209200 0.000295927 0.482106924 0.003207518 0.999979615 0.005520655 -0.703645349 -0.000313637 -0.005519676 0.999984682 22.429370880
0.999994099 -0.003430357 0.000102187 0.491188407 0.003429724 0.999978065 0.005654914 -0.722125769 -0.000121583 -0.005654531 0.999984026 22.903293610
0.999991298 -0.004040162 -0.001009867 0.503777027 0.004045558 0.999977171 0.005400575 -0.737700999 0.000988025 -0.005404613 0.999984980 23.429466248
0.999988019 -0.004682653 -0.001342056 0.514583588 0.004689943 0.999974012 0.005481073 -0.753772557 0.001316355 -0.005487302 0.999984086 23.944715500
0.999990463 -0.004035900 -0.001657207 0.524127722 0.004045636 0.999974310 0.005914313 -0.768979728 0.001633294 -0.005920961 0.999981165 24.435565948
0.999989390 -0.003929040 -0.002412932 0.535336614 0.003944148 0.999972463 0.006288348 -0.781232893 0.002388159 -0.006297798 0.999977350 24.972446442
0.999987423 -0.003883733 -0.003153677 0.538852215 0.003903432 0.999972761 0.006264212 -0.787006855 0.003129262 -0.006276444 0.999975443 25.497690201
0.999988377 -0.003413795 -0.003405947 0.545480192 0.003435880 0.999972939 0.006499656 -0.808187604 0.003383667 -0.006511282 0.999973059 26.011802673
0.999985158 -0.004104631 -0.003578996 0.551721275 0.004130358 0.999965429 0.007210562 -0.822171748 0.003549275 -0.007225238 0.999967635 26.560113907
0.999980807 -0.003937072 -0.004783126 0.573397219 0.003970242 0.999968052 0.006945306 -0.831331968 0.004755629 -0.006964163 0.999964416 27.119794846
0.999984741 -0.002923731 -0.004686162 0.571647167 0.002955407 0.999972701 0.006766743 -0.848970115 0.004666250 -0.006780490 0.999966145 27.651750565
0.999977469 -0.004123156 -0.005295198 0.580421925 0.004161729 0.999964654 0.007294189 -0.867439091 0.005264936 -0.007316059 0.999959350 28.148738861
0.999976873 -0.003676204 -0.005722777 0.586823702 0.003717661 0.999966741 0.007250515 -0.880063891 0.005695933 -0.007271622 0.999957263 28.700654984
0.999971271 -0.004344674 -0.006210185 0.598741055 0.004391044 0.999962389 0.007472668 -0.893783510 0.006177485 -0.007499724 0.999952793 29.256048203
0.999969900 -0.004376937 -0.006410878 0.598495126 0.004427254 0.999959350 0.007855661 -0.914308906 0.006376233 -0.007883809 0.999948621 29.758686066
0.999970138 -0.004244843 -0.006469334 0.609096766 0.004294815 0.999960899 0.007730176 -0.925915718 0.006436268 -0.007757729 0.999949217 30.307193756
0.999969482 -0.004093058 -0.006673472 0.615196586 0.004142475 0.999963999 0.007407949 -0.933236122 0.006642912 -0.007435366 0.999950349 30.849044800
0.999964416 -0.004439417 -0.007191907 0.647483110 0.004491531 0.999963701 0.007246190 -0.949381590 0.007159477 -0.007278232 0.999947906 31.377948761
0.999963224 -0.004325285 -0.007409383 0.638937414 0.004384366 0.999958515 0.007976159 -0.981608450 0.007374576 -0.008008351 0.999940693 31.909601212
0.999960423 -0.004585372 -0.007625245 0.656363547 0.004648240 0.999955177 0.008247524 -0.993226826 0.007587086 -0.008282642 0.999936879 32.445270538
0.999957800 -0.004327264 -0.008106171 0.657135248 0.004392470 0.999958038 0.008043691 -1.002723217 0.008071024 -0.008078958 0.999934793 33.004833221
0.999954522 -0.004942442 -0.008158660 0.661904991 0.005010386 0.999952793 0.008328503 -1.027987480 0.008117110 -0.008369003 0.999932051 33.518962860
0.999951005 -0.004922983 -0.008588546 0.668627024 0.004997596 0.999949813 0.008687756 -1.042834044 0.008545343 -0.008730252 0.999925435 34.064422607
0.999951303 -0.004668199 -0.008703776 0.677015185 0.004741712 0.999953091 0.008444587 -1.057157516 0.008663947 -0.008485445 0.999926448 34.586887360
0.999950886 -0.004865525 -0.008630955 0.682029724 0.004937946 0.999952614 0.008389547 -1.060195923 0.008589726 -0.008431754 0.999927640 35.122970581
0.999946952 -0.005300231 -0.008832647 0.676235914 0.005380969 0.999943733 0.009142329 -1.096426964 0.008783693 -0.009189374 0.999919176 35.638607025
0.999951780 -0.004737063 -0.008606068 0.682329774 0.004816491 0.999945760 0.009232090 -1.110326290 0.008561868 -0.009273094 0.999920368 36.187244415
0.999952734 -0.004367290 -0.008684678 0.680155694 0.004448836 0.999946058 0.009392651 -1.128854752 0.008643189 -0.009430842 0.999918163 36.692626953
0.999949396 -0.004414022 -0.009038611 0.685401320 0.004500367 0.999944210 0.009554873 -1.143957376 0.008995932 -0.009595067 0.999913454 37.239696503
0.999945939 -0.005201938 -0.009003258 0.691305399 0.005286479 0.999941885 0.009391975 -1.142822504 0.008953879 -0.009439061 0.999915361 37.771392822
0.999934852 -0.005933962 -0.009745444 0.700276375 0.006033139 0.999929965 0.010179118 -1.179166794 0.009684361 -0.010237251 0.999900699 38.334510803
0.999929547 -0.006338453 -0.010028989 0.712164700 0.006445298 0.999922454 0.010657406 -1.193350911 0.009960660 -0.010721299 0.999892950 38.884662628
0.999935150 -0.005861694 -0.009763522 0.712222517 0.005966106 0.999924898 0.010699589 -1.207787633 0.009700072 -0.010757145 0.999895096 39.438365936
0.999938905 -0.005361294 -0.009666930 0.720774353 0.005462217 0.999930620 0.010444035 -1.213569403 0.009610267 -0.010496202 0.999898732 39.998413086
0.999934316 -0.005664804 -0.009968791 0.728938222 0.005766763 0.999931037 0.010228949 -1.219180346 0.009910160 -0.010285764 0.999897957 40.527194977
0.999929190 -0.006365988 -0.010052289 0.726116180 0.006474806 0.999920309 0.010830042 -1.257893085 0.009982547 -0.010894361 0.999890804 41.016124725
0.999927282 -0.006414187 -0.010209145 0.738195777 0.006523999 0.999920845 0.010759640 -1.271278501 0.010139322 -0.010825464 0.999889970 41.556350708
0.999926507 -0.006363952 -0.010310588 0.742321074 0.006473614 0.999922454 0.010637642 -1.267414093 0.010242091 -0.010703608 0.999890208 42.102779388
0.999920845 -0.006577773 -0.010720870 0.745561123 0.006695118 0.999917686 0.010946635 -1.276645422 0.010647982 -0.011017547 0.999882579 42.656509399
0.999916852 -0.007204686 -0.010695414 0.753288090 0.007328450 0.999906123 0.011577984 -1.319214940 0.010610993 -0.011655403 0.999875724 43.165786743
0.999917150 -0.007131048 -0.010720833 0.759261191 0.007256899 0.999904692 0.011746264 -1.333213806 0.010636049 -0.011823090 0.999873519 43.709659576
0.999909759 -0.007755804 -0.010975370 0.771405816 0.007884381 0.999900281 0.011720682 -1.330232978 0.010883372 -0.011806158 0.999871075 44.258045197
0.999914408 -0.007288615 -0.010864926 0.768574417 0.007415598 0.999904096 0.011693317 -1.349436283 0.010778656 -0.011772885 0.999872625 44.783172607
0.999907732 -0.008093264 -0.010913492 0.779040813 0.008223200 0.999895334 0.011914029 -1.359481812 0.010815927 -0.012002675 0.999869525 45.319805145
0.999912262 -0.007452921 -0.010953584 0.786449552 0.007581225 0.999902606 0.011718774 -1.368477345 0.010865178 -0.011800787 0.999871373 45.855751038
0.999909401 -0.007675185 -0.011057138 0.789220691 0.007808869 0.999896348 0.012098339 -1.389685035 0.010963136 -0.012183589 0.999865651 46.373664856
0.999912262 -0.007398417 -0.010995518 0.791533232 0.007532154 0.999897599 0.012171623 -1.396817923 0.010904343 -0.012253374 0.999865472 46.930717468
0.999915898 -0.007134812 -0.010833277 0.789675415 0.007264922 0.999901414 0.012018779 -1.401739359 0.010746459 -0.012096471 0.999869108 47.489528656
0.999916375 -0.007056475 -0.010834575 0.794690371 0.007184368 0.999904454 0.011810903 -1.412386060 0.010750199 -0.011887756 0.999871492 48.002593994
0.999902070 -0.007929815 -0.011531645 0.804295540 0.008072331 0.999890983 0.012365044 -1.429799080 0.011432336 -0.012456921 0.999857008 48.508754730
0.999898553 -0.007913789 -0.011841426 0.816658437 0.008063060 0.999888003 0.012611800 -1.445852995 0.011740291 -0.012705999 0.999850333 49.052394867
0.999907732 -0.007334038 -0.011439210 0.812968910 0.007481644 0.999888659 0.012914483 -1.455006599 0.011343220 -0.012998875 0.999851167 49.572040558
0.999902785 -0.007804799 -0.011555307 0.811902046 0.007950543 0.999888718 0.012621034 -1.473078728 0.011455517 -0.012711677 0.999853551 50.079326630
0.999901772 -0.007689441 -0.011725642 0.817830026 0.007833802 0.999893427 0.012315779 -1.475591302 0.011629692 -0.012406426 0.999855399 50.631748199
0.999897778 -0.008121029 -0.011779291 0.828624964 0.008273717 0.999881566 0.012972079 -1.491800308 0.011672548 -0.013068210 0.999846458 51.128536224
0.999898911 -0.007875917 -0.011836923 0.830406964 0.008023779 0.999889731 0.012496497 -1.494939566 0.011737194 -0.012590209 0.999851823 51.690357208
0.999900520 -0.007797480 -0.011751334 0.838539779 0.007947051 0.999887347 0.012735566 -1.506032944 0.011650703 -0.012827689 0.999849856 52.203350067
0.999897659 -0.008230910 -0.011699368 0.842874229 0.008378379 0.999885380 0.012612279 -1.518250585 0.011594214 -0.012709011 0.999852061 52.740158081
0.999902010 -0.007714553 -0.011676204 0.843380153 0.007860489 0.999890864 0.012504886 -1.527703524 0.011578461 -0.012595443 0.999853611 53.288547516
0.999899447 -0.007801896 -0.011843749 0.855899215 0.007955890 0.999883711 0.013011238 -1.538115740 0.011740862 -0.013104156 0.999845147 53.773147583
0.999910951 -0.007271455 -0.011180688 0.850949407 0.007404360 0.999901831 0.011891987 -1.534238338 0.011093119 -0.011973716 0.999866724 54.366123199
0.999904811 -0.007445467 -0.011619950 0.861136258 0.007586950 0.999897063 0.012179723 -1.546942949 0.011528070 -0.012266723 0.999858260 54.881191254
0.999899030 -0.007846199 -0.011850058 0.869414687 0.007997826 0.999886036 0.012802663 -1.555621505 0.011748258 -0.012896146 0.999847770 55.357776642
0.999900162 -0.008066403 -0.011601525 0.875016749 0.008212822 0.999886513 0.012628792 -1.567041516 0.011498340 -0.012722812 0.999852955 55.899024963
0.999893367 -0.008313049 -0.012003160 0.890835583 0.008465499 0.999883473 0.012706319 -1.577358246 0.011896132 -0.012806579 0.999847174 56.435905457
0.999907792 -0.007433186 -0.011363938 0.879730225 0.007574130 0.999894261 0.012410304 -1.586183667 0.011270488 -0.012495230 0.999858439 56.980175018
0.999900162 -0.007969957 -0.011669978 0.891577363 0.008123260 0.999880493 0.013148353 -1.604636908 0.011563793 -0.013241839 0.999845386 57.457252502
0.999894917 -0.008052046 -0.012053105 0.899984121 0.008215131 0.999874473 0.013542728 -1.615714550 0.011942547 -0.013640322 0.999835610 57.992065430
0.999904394 -0.007382573 -0.011691785 0.903932810 0.007538052 0.999882996 0.013310344 -1.623503208 0.011592153 -0.013397205 0.999843001 58.512844086
0.999899089 -0.007922725 -0.011789645 0.914808631 0.008080278 0.999877870 0.013376671 -1.631706595 0.011682225 -0.013470587 0.999840975 59.055541992
0.999900818 -0.007714318 -0.011784696 0.917969823 0.007865606 0.999886513 0.012845730 -1.629466295 0.011684265 -0.012937150 0.999848008 59.617763519
0.999903142 -0.007503866 -0.011722520 0.922831118 0.007656863 0.999885321 0.013061565 -1.644146085 0.011623165 -0.013150058 0.999845922 60.053730011
0.999910831 -0.006892932 -0.011438440 0.933360934 0.007045871 0.999885619 0.013384603 -1.654717445 0.011344871 -0.013464005 0.999844968 60.597358704
0.999891877 -0.008006794 -0.012328931 0.952431560 0.008172288 0.999876440 0.013431830 -1.670332670 0.012219862 -0.013531134 0.999833763 61.109359741
0.999901235 -0.007619066 -0.011806525 0.943020761 0.007769017 0.999889076 0.012707364 -1.671193838 0.011708397 -0.012797833 0.999849498 61.682750702
0.999909103 -0.007198420 -0.011399192 0.952493966 0.007342009 0.999893606 0.012605099 -1.673993826 0.011307242 -0.012687644 0.999855518 62.123371124
0.999899805 -0.007552232 -0.011984195 0.959506154 0.007712245 0.999880910 0.013362319 -1.689963579 0.011881856 -0.013453402 0.999838829 62.673923492
0.999901533 -0.007344267 -0.011963186 0.958043516 0.007502171 0.999884546 0.013208190 -1.695471883 0.011864801 -0.013296637 0.999841213 63.201984406
0.999895632 -0.007648755 -0.012256759 0.961988449 0.007808928 0.999884009 0.013074021 -1.704869032 0.012155340 -0.013168368 0.999839365 63.754474640
0.999901533 -0.007272347 -0.012004700 0.961563110 0.007423783 0.999892771 0.012618810 -1.707923651 0.011911646 -0.012706685 0.999848306 64.276748657
0.999898851 -0.007767738 -0.011913665 0.978581607 0.007928209 0.999877691 0.013481968 -1.724375725 0.011807484 -0.013575061 0.999838054 64.745498657
0.999898076 -0.007939285 -0.011865484 0.979284227 0.008099348 0.999875963 0.013503279 -1.732556581 0.011756804 -0.013598005 0.999838352 65.297805786
0.999903798 -0.007554977 -0.011634692 0.982033670 0.007708988 0.999882519 0.013249754 -1.738748908 0.011533223 -0.013338172 0.999844432 65.836692810
0.999888957 -0.008479869 -0.012249896 0.993912816 0.008642747 0.999874115 0.013305224 -1.753986835 0.012135526 -0.013409620 0.999836385 66.355659485
0.999910235 -0.006770561 -0.011563383 0.988948822 0.006921150 0.999891102 0.013032855 -1.760543585 0.011473886 -0.013111717 0.999848127 66.789108276
0.999916196 -0.006446313 -0.011231280 0.995060384 0.006589877 0.999896467 0.012792745 -1.767515898 0.011147653 -0.012865685 0.999855101 67.325477600
0.999912262 -0.006828151 -0.011355935 0.986444592 0.006972960 0.999894261 0.012761530 -1.767256975 0.011267597 -0.012839593 0.999854088 67.909881592
0.999919236 -0.006117396 -0.011139465 0.982341647 0.006258926 0.999899507 0.012715152 -1.779664516 0.011060563 -0.012783847 0.999857068 68.361991882
0.999914944 -0.006307382 -0.011426507 1.009250045 0.006448010 0.999903381 0.012312430 -1.782224417 0.011347745 -0.012385059 0.999858856 68.944114685
0.999912143 -0.006531918 -0.011533623 1.010171175 0.006681659 0.999893188 0.012992616 -1.793929100 0.011447525 -0.013068539 0.999849081 69.351539612
0.999905586 -0.007027128 -0.011809938 1.020403624 0.007179904 0.999890387 0.012943982 -1.802850008 0.011717685 -0.013027553 0.999846518 69.898223877
0.999907553 -0.006994181 -0.011663157 1.019624710 0.007142075 0.999893963 0.012687312 -1.807206869 0.011573186 -0.012769436 0.999851465 70.451225281
0.999915838 -0.006296705 -0.011339696 1.025377274 0.006439925 0.999899387 0.012637994 -1.826875448 0.011258977 -0.012709957 0.999855876 70.929397583
0.999907076 -0.007171819 -0.011595847 1.040766239 0.007310488 0.999901772 0.011960669 -1.833108664 0.011508930 -0.012044328 0.999861240 71.455650330
0.999908388 -0.006934899 -0.011621315 1.036408901 0.007082638 0.999894023 0.012720254 -1.827409744 0.011531869 -0.012801401 0.999851584 71.896369934
0.999905527 -0.007216568 -0.011699010 1.046383977 0.007367769 0.999889195 0.012933053 -1.838406324 0.011604384 -0.013018027 0.999847949 72.452011108
0.999901354 -0.007590296 -0.011824602 1.057507038 0.007738219 0.999891758 0.012514547 -1.849145889 0.011728335 -0.012604816 0.999851823 72.978820801
0.999886453 -0.008207954 -0.012635441 1.077921391 0.008366184 0.999886632 0.012521278 -1.864156008 0.012531236 -0.012625568 0.999841809 73.463928223
0.999908686 -0.007133747 -0.011482168 1.060893297 0.007273670 0.999899209 0.012190734 -1.858370662 0.011394045 -0.012273137 0.999859750 73.995277405
0.999914408 -0.006626597 -0.011280056 1.046228051 0.006770345 0.999895692 0.012753457 -1.875849009 0.011194368 -0.012828734 0.999855042 74.489830017
0.999922156 -0.006082982 -0.010889900 1.044223666 0.006216481 0.999905407 0.012267385 -1.880077600 0.010814247 -0.012334126 0.999865472 75.051376343
0.999915063 -0.006684520 -0.011189168 1.056408405 0.006825848 0.999896765 0.012640551 -1.897194028 0.011103517 -0.012715852 0.999857485 75.573181152
0.999905586 -0.006809973 -0.011932484 1.069812298 0.006958064 0.999898732 0.012413496 -1.907391906 0.011846740 -0.012495350 0.999851763 76.124847412
0.999912202 -0.007086677 -0.011189623 1.055472255 0.007224536 0.999897897 0.012328276 -1.903486967 0.011101114 -0.012408032 0.999861360 76.553794861
0.999917150 -0.006783050 -0.010942163 1.059963703 0.006919552 0.999898136 0.012485521 -1.909599185 0.010856358 -0.012560201 0.999862194 77.089378357
0.999911427 -0.007169076 -0.011216002 1.067870975 0.007308302 0.999896109 0.012421710 -1.917881012 0.011125783 -0.012502579 0.999859929 77.615928650
0.999912798 -0.007163965 -0.011090716 1.074532986 0.007299986 0.999898016 0.012272879 -1.927370787 0.011001662 -0.012352774 0.999863148 78.144500732
0.999914765 -0.007350239 -0.010782945 1.082147837 0.007480517 0.999898851 0.012091625 -1.931427956 0.010692978 -0.012171255 0.999868691 78.682922363
0.999933958 -0.006719320 -0.009318448 1.082671642 0.006827384 0.999909163 0.011613876 -1.935618639 0.009239564 -0.011676732 0.999889135 79.209793091
0.999944210 -0.006651483 -0.008212732 1.096643925 0.006747190 0.999908984 0.011681376 -1.946166277 0.008134287 -0.011736137 0.999898076 79.762687683
0.999954522 -0.006939864 -0.006545060 1.093626022 0.007017198 0.999904931 0.011867531 -1.955872893 0.006462079 -0.011912918 0.999908090 80.261558533
0.999972522 -0.006687193 -0.003225459 1.124351144 0.006724289 0.999909759 0.011630668 -1.959455013 0.003147390 -0.011652038 0.999927163 80.834854126
0.999976873 -0.006762858 0.000697906 1.140487075 0.006754058 0.999906123 0.011922958 -1.972819805 -0.000778475 -0.011917970 0.999928713 81.362960815
0.999972820 -0.006127605 0.004119341 1.151751399 0.006077208 0.999907792 0.012137227 -1.993084550 -0.004193333 -0.012111861 0.999917805 81.872840881
0.999941111 -0.007325960 0.008003137 1.170360327 0.007229769 0.999902189 0.011982696 -1.990026832 -0.008090138 -0.011924133 0.999896109 82.392982483
0.999875963 -0.007410199 0.013895222 1.223944187 0.007247255 0.999904811 0.011740533 -1.997506380 -0.013980896 -0.011638375 0.999834597 82.972595215
0.999777079 -0.007633551 0.019681942 1.216102839 0.007399509 0.999901295 0.011936708 -2.007153511 -0.019771118 -0.011788412 0.999735057 83.454849243
0.999648571 -0.007849249 0.025317078 1.245381594 0.007545394 0.999898553 0.012075228 -2.012631416 -0.025409291 -0.011879959 0.999606550 84.007392883
0.999411106 -0.007477682 0.033489976 1.278732657 0.007085198 0.999904990 0.011822840 -2.017616034 -0.033575200 -0.011578595 0.999369085 84.567634583
0.999119818 -0.008178731 0.041141085 1.322161198 0.007692012 0.999898732 0.011974927 -2.025365829 -0.041234855 -0.011647929 0.999081612 85.131263733
0.998811305 -0.008591464 0.047979180 1.368840456 0.008028193 0.999896646 0.011920286 -2.029466629 -0.048076637 -0.011520931 0.998777211 85.641014099
0.998349428 -0.008559756 0.056789324 1.415282249 0.007901045 0.999899030 0.011813609 -2.038664579 -0.056884710 -0.011345416 0.998316228 86.162368774
0.997734070 -0.009056954 0.066668428 1.478532314 0.008285880 0.999895573 0.011833232 -2.047527313 -0.066768654 -0.011254012 0.997705162 86.690643311
0.997145236 -0.009783198 0.074871711 1.547914028 0.008921172 0.999890029 0.011839159 -2.053454876 -0.074979328 -0.011137416 0.997122943 87.223754883
0.996468604 -0.009222267 0.083458148 1.596461296 0.008257568 0.999895155 0.011896894 -2.064340115 -0.083559126 -0.011165720 0.996440291 87.747734070
0.995561063 -0.009614766 0.093625292 1.688225269 0.008535602 0.999892473 0.011920052 -2.077803135 -0.093729846 -0.011067992 0.995536149 88.294624329
0.994499743 -0.010020779 0.104257740 1.756377220 0.008820393 0.999889493 0.011968333 -2.083799362 -0.104366161 -0.010982913 0.994478285 88.833557129
0.993481815 -0.010011815 0.113549940 1.835759163 0.008688848 0.999888599 0.012139896 -2.092041731 -0.113658838 -0.011074147 0.993458152 89.390953064
0.992142677 -0.010286096 0.124687850 1.928433418 0.008827145 0.999886096 0.012247659 -2.097256899 -0.124799639 -0.011050788 0.992120385 89.929794312
0.990574002 -0.010433962 0.136580840 2.040749550 0.008819445 0.999883890 0.012420760 -2.105574131 -0.136694580 -0.011099111 0.990551174 90.515159607
0.989021897 -0.011206245 0.147342592 2.142977715 0.009528060 0.999881446 0.012090569 -2.112439156 -0.147460610 -0.010553950 0.989011645 91.050819397
0.987411857 -0.010738476 0.157804966 2.251695633 0.008890767 0.999883473 0.012410082 -2.130794525 -0.157919839 -0.010850854 0.987392247 91.548309326
0.985317886 -0.011517837 0.170340583 2.376775742 0.009612220 0.999881685 0.012007599 -2.138962030 -0.170458719 -0.010193950 0.985312045 92.077255249
0.983120561 -0.011766777 0.182579949 2.517997742 0.009629236 0.999874353 0.012589555 -2.149843216 -0.182705119 -0.010618945 0.983110428 92.644912720
0.981195629 -0.013064139 0.192573085 2.648561478 0.010847272 0.999862254 0.012561690 -2.153879166 -0.192710683 -0.010236585 0.981202245 93.168350220
0.978589773 -0.013457878 0.205379903 2.788471222 0.011093752 0.999858260 0.012658194 -2.164721012 -0.205521196 -0.010108745 0.978600502 93.683151245
0.975651324 -0.013380599 0.218918473 2.928365707 0.010857421 0.999860108 0.012724681 -2.172573805 -0.219058126 -0.010037963 0.975660205 94.226104736
0.973008692 -0.013932823 0.230347782 3.081266403 0.011308469 0.999855220 0.012709357 -2.181727886 -0.230491519 -0.009761431 0.973025501 94.742195129
0.970097780 -0.014412005 0.242286175 3.222074509 0.011641190 0.999849498 0.012863892 -2.182114601 -0.242435127 -0.009658734 0.970119536 95.268730164
0.966580331 -0.014485080 0.255954623 3.387975693 0.011479914 0.999846578 0.013231248 -2.196455956 -0.256107062 -0.009850727 0.966598213 95.769142151
0.963122010 -0.014470147 0.268675655 3.556303024 0.011272785 0.999846160 0.013439441 -2.199264288 -0.268828809 -0.009915101 0.963136911 96.324081421
0.960004807 -0.014732296 0.279595494 3.734893799 0.011486213 0.999846220 0.013244889 -2.195364475 -0.279747695 -0.009503664 0.960026503 96.858108521
0.955900073 -0.015286770 0.293294132 3.939355850 0.012008793 0.999843657 0.012973925 -2.202041149 -0.293446600 -0.008879666 0.955934227 97.393562317
0.951489031 -0.015022396 0.307315737 4.128717422 0.011495475 0.999845684 0.013283601 -2.199826241 -0.307467788 -0.009106463 0.951514900 97.931289673
0.947738886 -0.015832622 0.318653762 4.329483032 0.012177422 0.999835253 0.013459745 -2.207129955 -0.318814278 -0.008875942 0.947775602 98.436386108
0.943311155 -0.015770102 0.331534803 4.532743454 0.011834878 0.999833584 0.013885438 -2.219412088 -0.331698656 -0.009174614 0.943340778 98.946197510
0.938380122 -0.017407352 0.345166177 4.741113663 0.013297246 0.999809682 0.014271881 -2.226348400 -0.345349014 -0.008802689 0.938433051 99.472946167
0.933436513 -0.016099485 0.358381212 4.957178116 0.011823069 0.999830306 0.014120913 -2.227145672 -0.358547777 -0.008943810 0.933468521 99.973587036
0.929644287 -0.016897522 0.368070602 5.187786102 0.012452838 0.999818087 0.014447608 -2.231150150 -0.368247777 -0.008847613 0.929685593 100.468704224
0.924282074 -0.017328886 0.381316781 5.419147491 0.012691665 0.999811888 0.014672711 -2.233512878 -0.381499290 -0.008722179 0.924327970 100.970916748
0.918485463 -0.017568650 0.395064086 5.687702179 0.012779052 0.999809444 0.014751854 -2.231856346 -0.395248085 -0.008500818 0.918534994 101.525634766
0.913677454 -0.017444687 0.406065375 5.904235840 0.012633400 0.999814689 0.014526231 -2.243145943 -0.406243533 -0.008142304 0.913728595 101.969314575
0.907173812 -0.017751759 0.420381397 6.185607910 0.012651527 0.999808669 0.014917945 -2.245133877 -0.420565844 -0.008214702 0.907224834 102.500221252
0.900751650 -0.018692203 0.433932066 6.458652496 0.013432352 0.999794483 0.015184744 -2.255270004 -0.434126735 -0.007848954 0.900817633 102.968055725
0.895233750 -0.019716954 0.445160478 6.732021332 0.014255817 0.999776602 0.015612924 -2.268090010 -0.445368916 -0.007631089 0.895314693 103.426742554
0.889325619 -0.019329483 0.456865728 6.996269226 0.013882834 0.999786913 0.015275834 -2.262718439 -0.457063615 -0.007242601 0.889404476 103.937232971
0.882491708 -0.019925067 0.469905585 7.284458160 0.014194233 0.999775410 0.015735716 -2.273442268 -0.470113575 -0.007216691 0.882576406 104.396293640
