1.000000000 0.000000000 0.000000000 0.000000000 0.000000000 1.000000000 0.000000000 0.000000000 0.000000000 0.000000000 1.000000000 0.000000000
1.000000000 0.000049490 -0.000034977 0.000242497 -0.000049485 1.000000000 0.000139457 -0.000366657 0.000034984 -0.000139456 1.000000000 -0.000013723
0.999999940 0.000214877 -0.000126952 0.001014992 -0.000214861 0.999999940 0.000128488 -0.000468042 0.000126979 -0.000128460 1.000000000 -0.000974048
0.999999940 0.000290462 0.000042719 -0.000668075 -0.000290466 0.999999940 0.000080306 -0.000027092 -0.000042696 -0.000080318 1.000000000 0.000712869
1.000000000 0.000048975 0.000048406 -0.000832480 -0.000048973 1.000000000 -0.000050273 0.000955920 -0.000048408 0.000050271 1.000000000 -0.000310042
1.000000000 0.000006139 -0.000011075 -0.000522213 -0.000006138 1.000000000 0.000061878 -0.000619194 0.000011075 -0.000061878 1.000000000 -0.000797438
1.000000000 0.000036030 0.000000447 0.000657377 -0.000036030 1.000000000 0.000104246 -0.000776135 -0.000000443 -0.000104246 1.000000000 -0.001106767
1.000000000 0.000125963 0.000066140 0.000006784 -0.000125971 1.000000000 0.000132670 -0.000313503 -0.000066123 -0.000132678 1.000000000 0.000641187
1.000000000 -0.000071873 0.000140560 -0.000103514 0.000071870 1.000000000 0.000020053 -0.000207333 -0.000140562 -0.000020043 1.000000000 -0.001330988
1.000000000 -0.000082232 -0.000003467 0.000838540 0.000082233 1.000000000 0.000096742 0.000178105 0.000003459 -0.000096742 1.000000000 0.000103097
1.000000000 0.000112635 -0.000041259 0.000553979 -0.000112632 1.000000000 0.000058093 -0.000412862 0.000041265 -0.000058088 1.000000000 -0.001227616
1.000000000 0.000166313 0.000017157 0.000298966 -0.000166312 1.000000000 -0.000068565 0.001567388 -0.000017169 0.000068562 1.000000000 0.001283413
1.000000000 -0.000157372 -0.000052863 0.000669599 0.000157376 1.000000000 0.000080061 0.000087056 0.000052850 -0.000080070 1.000000000 0.000453985
1.000000000 0.000034416 -0.000040426 0.000802845 -0.000034413 1.000000000 0.000081585 -0.000454014 0.000040429 -0.000081584 1.000000000 -0.001442520
1.000000000 -0.000006380 -0.000052751 0.000714166 0.000006384 1.000000000 0.000075940 0.000276001 0.000052751 -0.000075940 1.000000000 0.000361538
1.000000000 -0.000139668 -0.000124373 0.000978889 0.000139688 1.000000000 0.000153191 -0.000871669 0.000124352 -0.000153209 1.000000000 -0.000617884
1.000000000 0.000100812 0.000159444 -0.000982515 -0.000100830 1.000000000 0.000111764 -0.000337914 -0.000159433 -0.000111780 1.000000000 -0.000362864
1.000000000 0.000108257 -0.000015079 0.000025278 -0.000108256 1.000000000 0.000054223 -0.000141699 0.000015085 -0.000054221 1.000000000 -0.001003762
1.000000000 -0.000047329 0.000101733 -0.000073867 0.000047321 1.000000000 0.000081505 -0.000414321 -0.000101737 -0.000081500 1.000000000 -0.000116809
1.000000000 -0.000018827 -0.000010650 0.000722067 0.000018827 1.000000000 0.000044106 -0.000234191 0.000010649 -0.000044106 1.000000000 -0.000929715
1.000000000 0.000207691 0.000039997 -0.000241159 -0.000207692 1.000000000 0.000019862 -0.000411354 -0.000039993 -0.000019870 1.000000000 -0.001105279
1.000000000 0.000192337 -0.000044902 0.000385025 -0.000192334 1.000000000 0.000073841 -0.000058773 0.000044916 -0.000073832 1.000000000 -0.000521064
1.000000000 -0.000037052 0.000086518 0.000696442 0.000037046 1.000000000 0.000075167 -0.000374837 -0.000086521 -0.000075164 1.000000000 0.000407218
0.999999940 0.000308270 0.000027033 0.000440651 -0.000308274 0.999999940 0.000150962 0.000005061 -0.000026986 -0.000150970 1.000000000 0.000808575
1.000000000 0.000177869 0.000013484 0.000544875 -0.000177868 1.000000000 -0.000044505 0.000736258 -0.000013492 0.000044502 1.000000000 -0.000646486
1.000000000 0.000180915 -0.000029162 0.000643589 -0.000180921 0.999999940 -0.000201247 0.001864706 0.000029126 0.000201252 1.000000000 -0.001498246
1.000000000 0.000120351 -0.000067761 0.000497069 -0.000120351 1.000000000 0.000012722 0.000087318 0.000067763 -0.000012714 1.000000000 -0.001317031
1.000000000 0.000086306 0.000007228 0.000574284 -0.000086307 0.999999940 0.000231434 -0.000249437 -0.000007208 -0.000231435 1.000000000 0.001463177
1.000000000 -0.000048566 -0.000042104 0.000392296 0.000048576 1.000000000 0.000235205 -0.000686511 0.000042093 -0.000235207 1.000000000 0.000694316
1.000000000 -0.000084765 -0.000064466 0.001114198 0.000084774 1.000000000 0.000138470 0.000156543 0.000064455 -0.000138475 1.000000000 0.001605569
1.000000000 0.000074018 0.000044805 -0.000278978 -0.000074027 1.000000000 0.000193381 -0.000729674 -0.000044791 -0.000193384 1.000000000 0.000010684
1.000000000 -0.000110674 -0.000056449 0.000675717 0.000110671 1.000000000 -0.000039617 0.000559209 0.000056454 0.000039610 1.000000000 -0.000712863
1.000000000 -0.000111960 -0.000031750 0.000535131 0.000111961 1.000000000 0.000020114 -0.000041571 0.000031747 -0.000020117 1.000000000 -0.000017034
1.000000000 -0.000109512 -0.000004155 0.000682228 0.000109513 1.000000000 0.000112556 -0.000465441 0.000004142 -0.000112556 1.000000000 -0.000631836
1.000000000 0.000099242 0.000039792 -0.000291864 -0.000099244 1.000000000 0.000042659 -0.000261794 -0.000039788 -0.000042663 1.000000000 -0.000854011
1.000000000 0.000154567 -0.000022503 -0.000213824 -0.000154565 1.000000000 0.000089554 0.000285813 0.000022517 -0.000089551 1.000000000 0.001742759
1.000000000 -0.000192534 -0.000082323 0.001205271 0.000192540 1.000000000 0.000072112 -0.000027131 0.000082309 -0.000072128 1.000000000 0.000341275
1.000000000 0.000056937 0.000022619 -0.000214846 -0.000056941 1.000000000 0.000174362 -0.000283274 -0.000022609 -0.000174363 1.000000000 0.000154517
1.000000000 -0.000172858 -0.000023958 0.001294516 0.000172859 1.000000000 0.000060137 0.000349010 0.000023948 -0.000060141 1.000000000 -0.000776430
1.000000000 -0.000116553 0.000162638 -0.000186929 0.000116552 1.000000000 0.000006893 0.000470527 -0.000162639 -0.000006874 1.000000000 0.001934540
0.999994814 0.002599292 0.001892024 -0.013048337 -0.002595233 0.999994338 -0.002144748 0.027502494 -0.001897588 0.002139826 0.999995887 0.077533238
0.999994636 0.002821549 0.001684314 -0.011118867 -0.002816746 0.999992013 -0.002847172 0.025796523 -0.001692334 0.002842413 0.999994516 0.164125472
0.999994516 0.002930772 0.001562572 -0.008822859 -0.002925998 0.999991119 -0.003049202 0.021777695 -0.001571495 0.003044613 0.999994099 0.280738622
0.999992788 0.003332376 0.001827412 -0.013100745 -0.003325661 0.999987781 -0.003665331 0.027696826 -0.001839604 0.003659227 0.999991596 0.417291552
0.999992430 0.003476251 0.001776922 -0.009645135 -0.003469564 0.999987006 -0.003752558 0.023205847 -0.001789943 0.003746364 0.999991298 0.555736542
0.999990642 0.003857223 0.001948748 -0.007344753 -0.003849866 0.999985576 -0.003764959 0.020672027 -0.001963242 0.003757422 0.999990940 0.711812317
0.999987662 0.004465641 0.002156833 -0.008320770 -0.004458020 0.999983847 -0.003525293 0.016903147 -0.002172541 0.003515635 0.999991477 0.870059431
0.999989212 0.004338489 0.001659095 0.008956864 -0.004334616 0.999987900 -0.002330966 -0.007484802 -0.001669188 0.002323749 0.999995887 1.005868316
0.999991834 0.003779421 0.001417096 0.012017604 -0.003776011 0.999989986 -0.002401859 -0.010093115 -0.001426160 0.002396489 0.999996126 1.182713747
0.999993086 0.003441930 0.001403903 0.017884843 -0.003438752 0.999991536 -0.002259583 -0.015231941 -0.001411668 0.002254739 0.999996483 1.369735837
0.999972284 0.006907438 0.002784592 -0.002321430 -0.006905208 0.999975860 -0.000809916 -0.031249752 -0.002790119 0.000790666 0.999995768 1.514957666
0.999972641 0.006969797 0.002514934 0.004810673 -0.006967847 0.999975443 -0.000783414 -0.031783950 -0.002520332 0.000765869 0.999996543 1.719060421
0.999995828 0.002518287 0.001397833 0.029097818 -0.002516192 0.999995649 -0.001498326 -0.029893406 -0.001401601 0.001494802 0.999997854 1.928930521
0.999993086 0.002938801 0.002239924 0.014647033 -0.002933895 0.999993265 -0.002190372 -0.023805758 -0.002246346 0.002183786 0.999995112 2.163167477
0.999982297 0.005218294 0.002858177 0.013940067 -0.005211839 0.999983847 -0.002260935 -0.031071581 -0.002869929 0.002245998 0.999993384 2.384571314
0.999985099 0.004769914 0.002661526 0.021878626 -0.004763810 0.999985993 -0.002295162 -0.037785329 -0.002672436 0.002282449 0.999993801 2.596092701
0.999985635 0.004702048 0.002543520 0.028119253 -0.004696753 0.999986768 -0.002083550 -0.046426106 -0.002553283 0.002071574 0.999994576 2.825911999
0.999986589 0.004382579 0.002757287 0.024599474 -0.004374345 0.999985993 -0.002985095 -0.047837831 -0.002770331 0.002972994 0.999991715 3.038931370
0.999989808 0.003622556 0.002705014 0.032724839 -0.003616322 0.999990761 -0.002305903 -0.066447914 -0.002713342 0.002296097 0.999993682 3.291435957
0.999989808 0.004057061 0.001966797 0.045384035 -0.004052715 0.999989331 -0.002208581 -0.070731774 -0.001975737 0.002200588 0.999995649 3.512933731
0.999991715 0.003731566 0.001561856 0.051752277 -0.003727748 0.999989986 -0.002440137 -0.075949863 -0.001570946 0.002434294 0.999995887 3.766483545
0.999990463 0.003955859 0.001804343 0.058108903 -0.003950917 0.999988377 -0.002734652 -0.086712085 -0.001815140 0.002727497 0.999994636 4.024204254
0.999985456 0.004829682 0.002406122 0.057302274 -0.004825632 0.999986947 -0.001686324 -0.098043256 -0.002414235 0.001674688 0.999995708 4.270867348
0.999985516 0.004684101 0.002639918 0.063109919 -0.004678452 0.999986768 -0.002141891 -0.102448441 -0.002649916 0.002129509 0.999994218 4.525879860
0.999986410 0.004494769 0.002626569 0.069767244 -0.004488727 0.999987245 -0.002301290 -0.110187620 -0.002636879 0.002289468 0.999993920 4.786541939
0.999984860 0.004820455 0.002645410 0.082602948 -0.004817765 0.999987900 -0.001022470 -0.130281925 -0.002650306 0.001009710 0.999996006 5.023087978
0.999987781 0.004333533 0.002384162 0.092288122 -0.004331111 0.999990106 -0.001020241 -0.136785686 -0.002388560 0.001009902 0.999996722 5.295763016
0.999983013 0.004924063 0.003125496 0.090269379 -0.004919025 0.999986529 -0.001617909 -0.141292661 -0.003133421 0.001602507 0.999993742 5.546970844
0.999985635 0.004639334 0.002681520 0.096445926 -0.004636690 0.999988735 -0.000991313 -0.155792639 -0.002686089 0.000978866 0.999995828 5.822266579
0.999977887 0.005752752 0.003330234 0.099879995 -0.005747971 0.999982417 -0.001443321 -0.153528824 -0.003338479 0.001424147 0.999993384 6.083326817
0.999976039 0.005983626 0.003479711 0.102256313 -0.005979156 0.999981284 -0.001293461 -0.160285100 -0.003487385 0.001272625 0.999993026 6.361200333
0.999982357 0.005062465 0.003100084 0.112874843 -0.005057856 0.999986112 -0.001492695 -0.172867343 -0.003107598 0.001476989 0.999994099 6.640944481
0.999987006 0.004223655 0.002839617 0.134573594 -0.004219183 0.999989867 -0.001578809 -0.177409694 -0.002846257 0.001566808 0.999994636 6.911989689
0.999982715 0.004638355 0.003595405 0.130620599 -0.004629870 0.999986470 -0.002364429 -0.181933671 -0.003606323 0.002347742 0.999990761 7.219196320
0.999975324 0.005724485 0.004056599 0.130696058 -0.005714525 0.999980628 -0.002462466 -0.186558023 -0.004070616 0.002439224 0.999988735 7.522310257
0.999972284 0.006325353 0.003958312 0.148248658 -0.006319956 0.999979079 -0.001374742 -0.213653550 -0.003966926 0.001349688 0.999991179 7.822880268
0.999970019 0.006333968 0.004449845 0.149304122 -0.006328875 0.999979317 -0.001157737 -0.218937457 -0.004457086 0.001129540 0.999989450 8.109408379
0.999977350 0.005628224 0.003671838 0.164688155 -0.005625588 0.999983907 -0.000727474 -0.239396408 -0.003675873 0.000706801 0.999992967 8.404099464
0.999973059 0.005919050 0.004341917 0.181337640 -0.005913057 0.999981523 -0.001392022 -0.237889886 -0.004350075 0.001366311 0.999989629 8.725019455
0.999973536 0.006089619 0.003973222 0.188468158 -0.006086322 0.999981105 -0.000841498 -0.247508138 -0.003978272 0.000817293 0.999991775 9.063490868
0.999975085 0.005729322 0.004107650 0.193363950 -0.005723435 0.999982595 -0.001443409 -0.253182054 -0.004115848 0.001419863 0.999990523 9.404148102
0.999971628 0.006401896 0.003963099 0.205762714 -0.006397640 0.999978900 -0.001085781 -0.271052808 -0.003969966 0.001060396 0.999991536 9.738056183
0.999968886 0.006444208 0.004542966 0.211213708 -0.006439275 0.999978602 -0.001099693 -0.284643829 -0.004549955 0.001070405 0.999989092 10.069519043
0.999974489 0.005649016 0.004355853 0.230942920 -0.005643446 0.999983191 -0.001289950 -0.294289500 -0.004363067 0.001265335 0.999989688 10.440926552
0.999963939 0.007190572 0.004516491 0.246407688 -0.007183812 0.999973059 -0.001511263 -0.305418402 -0.004527236 0.001478763 0.999988675 10.783809662
0.999964714 0.006915729 0.004762134 0.258622825 -0.006910132 0.999975383 -0.001190975 -0.318129182 -0.004770252 0.001158026 0.999987960 11.147559166
0.999966800 0.006583793 0.004796959 0.263497055 -0.006577018 0.999977350 -0.001426896 -0.328458667 -0.004806244 0.001395299 0.999987483 11.516067505
0.999964595 0.006686675 0.005103126 0.272562921 -0.006683485 0.999977469 -0.000641857 -0.354870319 -0.005107303 0.000607728 0.999986768 11.860901833
0.999957263 0.007403973 0.005541782 0.285900652 -0.007401264 0.999972463 -0.000509107 -0.363806188 -0.005545399 0.000468069 0.999984503 12.249336243
0.999961495 0.007138429 0.005102907 0.298845679 -0.007137134 0.999974489 -0.000271968 -0.376076251 -0.005104717 0.000235538 0.999986947 12.643221855
0.999954641 0.007602706 0.005737540 0.301714063 -0.007597733 0.999970734 -0.000888126 -0.385475487 -0.005744124 0.000844494 0.999983132 13.045649529
0.999954939 0.007881267 0.005296773 0.323625863 -0.007878361 0.999968827 -0.000569219 -0.405722588 -0.005301095 0.000527463 0.999985814 13.427731514
0.999943614 0.008600995 0.006225455 0.324744344 -0.008592673 0.999962151 -0.001362371 -0.403010249 -0.006236936 0.001308801 0.999979675 13.842990875
0.999954760 0.007445145 0.005942467 0.346764117 -0.007441444 0.999972105 -0.000644951 -0.433833212 -0.005947104 0.000600701 0.999982059 14.238471031
0.999948800 0.008044427 0.006137699 0.368069530 -0.008042394 0.999967575 -0.000355873 -0.448608369 -0.006140363 0.000306493 0.999981105 14.663951874
0.999949753 0.007831389 0.006260404 0.384433180 -0.007830034 0.999969304 -0.000240930 -0.460281789 -0.006262099 0.000191898 0.999980390 15.084181786
0.999950469 0.008042914 0.005859285 0.420219034 -0.008043196 0.999967635 0.000024576 -0.486936957 -0.005858898 -0.000071703 0.999982834 15.511384010
0.999947786 0.007696691 0.006725468 0.424832642 -0.007698255 0.999970317 0.000206654 -0.498161107 -0.006723678 -0.000258418 0.999977350 15.910306931
0.999942183 0.008443257 0.006651686 0.441660166 -0.008440509 0.999964237 -0.000440965 -0.508047938 -0.006655171 0.000384796 0.999977767 16.367090225
0.999933600 0.008507212 0.007773723 0.458232462 -0.008509179 0.999963760 0.000219925 -0.530724704 -0.007771570 -0.000286059 0.999969721 16.776700974
0.999930680 0.008610695 0.008032575 0.470402777 -0.008609734 0.999962926 -0.000154215 -0.533907235 -0.008033605 0.000085046 0.999967754 17.237731934
0.999934196 0.008486469 0.007723341 0.487843871 -0.008486426 0.999963999 -0.000038274 -0.551014662 -0.007723388 -0.000027272 0.999970198 17.706396103
0.999928057 0.008714872 0.008232397 0.507824123 -0.008715128 0.999962032 -0.000004777 -0.565598965 -0.008232125 -0.000066970 0.999966085 18.148908615
0.999928951 0.008480408 0.008370055 0.523811221 -0.008489130 0.999963462 0.001007192 -0.592623472 -0.008361207 -0.001078175 0.999964416 18.602647781
0.999914944 0.009861834 0.008537215 0.553336263 -0.009872682 0.999950528 0.001229406 -0.621147931 -0.008524668 -0.001313587 0.999962807 19.072622299
0.999915183 0.009907654 0.008444153 0.572995126 -0.009916795 0.999950290 0.001041572 -0.631840348 -0.008433414 -0.001125223 0.999963760 19.547679901
0.999912977 0.010075354 0.008516534 0.585407913 -0.010085864 0.999948561 0.001192231 -0.643263817 -0.008504084 -0.001278024 0.999962986 20.031993866
0.999912679 0.010239433 0.008355905 0.613784790 -0.010255313 0.999945700 0.001859828 -0.671991527 -0.008336409 -0.001945359 0.999963284 20.494033813
0.999936223 0.009087211 0.006708809 0.649125218 -0.009104589 0.999955237 0.002564322 -0.694067717 -0.006685206 -0.002625240 0.999974191 20.975036621
0.999925435 0.010371472 0.006444715 0.677383780 -0.010392592 0.999940693 0.003252416 -0.720031500 -0.006410600 -0.003319151 0.999973953 21.440195084
0.999928415 0.010290684 0.006102084 0.693207085 -0.010309380 0.999942362 0.003040348 -0.727094173 -0.006070444 -0.003103039 0.999976754 21.942523956
0.999928892 0.010606699 0.005456038 0.713291705 -0.010626101 0.999937236 0.003539294 -0.753708839 -0.005418156 -0.003597019 0.999978840 22.442285538
0.999933004 0.010484286 0.004898636 0.725606441 -0.010498899 0.999940455 0.002967257 -0.761028111 -0.004867235 -0.003018488 0.999983549 22.961326599
0.999944329 0.009476868 0.004620821 0.745631695 -0.009491146 0.999950349 0.003078289 -0.781220675 -0.004591417 -0.003121976 0.999984562 23.473016739
0.999939263 0.010429612 0.003570810 0.766842902 -0.010440243 0.999941111 0.002971699 -0.780264914 -0.003539606 -0.003008800 0.999989212 23.982587814
0.999939263 0.010513118 0.003316075 0.779410660 -0.010524867 0.999938309 0.003546038 -0.813442826 -0.003278591 -0.003580724 0.999988139 24.498931885
0.999945164 0.010223589 0.002266671 0.826550424 -0.010231942 0.999940753 0.003704148 -0.828220725 -0.002228667 -0.003727137 0.999990523 25.045715332
0.999947488 0.010054377 0.001957255 0.825437367 -0.010060589 0.999944270 0.003190543 -0.830376565 -0.001925067 -0.003210066 0.999992967 25.572971344
0.999948025 0.010075493 0.001548784 0.854659498 -0.010080134 0.999944627 0.003019030 -0.833110631 -0.001518280 -0.003034485 0.999994218 26.108211517
0.999945700 0.010358350 0.001161777 0.868587077 -0.010362632 0.999939322 0.003742443 -0.854357958 -0.001122941 -0.003754279 0.999992311 26.640087128
0.999938786 0.010971335 0.001433108 0.883751690 -0.010976654 0.999932706 0.003757842 -0.873768449 -0.001391784 -0.003773343 0.999991894 27.170459747
0.999925375 0.012186109 0.000882363 0.917795718 -0.012190931 0.999909520 0.005682104 -0.919553518 -0.000813040 -0.005692438 0.999983490 27.686532974
0.999932349 0.011622681 -0.000371440 0.956596076 -0.011620412 0.999916613 0.005618773 -0.933346510 0.000436715 -0.005614076 0.999984145 28.192958832
0.999927461 0.012018780 -0.000783895 0.980441928 -0.012014795 0.999915719 0.004905354 -0.932435393 0.000842785 -0.004895580 0.999987602 28.739015579
0.999938846 0.011019243 -0.000953891 0.999651968 -0.011012944 0.999919057 0.006374160 -0.957923412 0.001024052 -0.006363265 0.999979258 29.272195816
0.999923885 0.012234939 -0.001579724 1.041990042 -0.012226901 0.999912739 0.005001539 -0.958923995 0.001640780 -0.004981843 0.999986231 29.833864212
0.999914706 0.012941663 -0.001772199 1.071170688 -0.012932601 0.999903679 0.005032564 -0.966628075 0.001837156 -0.005009215 0.999985695 30.363281250
0.999912202 0.013166122 -0.001536990 1.073461056 -0.013158384 0.999901235 0.004940010 -0.977711082 0.001601878 -0.004919352 0.999986589 30.910577774
0.999914646 0.011626058 -0.005952685 1.225797415 -0.011592986 0.999917328 0.005560419 -1.012571931 0.006016839 -0.005490935 0.999966800 31.439050674
0.999928057 0.010157830 -0.006375057 1.280824542 -0.010122138 0.999933064 0.005606217 -1.026239872 0.006431577 -0.005541286 0.999963939 31.996374130
0.999916971 0.012620149 -0.002604949 1.191608310 -0.012609270 0.999911904 0.004151180 -1.027746916 0.002657108 -0.004117989 0.999987960 32.657958984
0.999909818 0.012444180 -0.005049888 1.276019692 -0.012410956 0.999901414 0.006557988 -1.116368532 0.005131000 -0.006494723 0.999965727 33.182746887
0.999920130 0.011495077 -0.005254331 1.301528931 -0.011460628 0.999912918 0.006540004 -1.129150867 0.005329051 -0.006479263 0.999964833 33.747665405
0.999922872 0.011065670 -0.005634172 1.312816978 -0.011028413 0.999917388 0.006601428 -1.141348481 0.005706756 -0.006538783 0.999962330 34.364891052
0.999926746 0.010750092 -0.005548007 1.320447206 -0.010714890 0.999922514 0.006335962 -1.142862678 0.005615689 -0.006276053 0.999964535 34.972980499
0.999925256 0.011016053 -0.005300160 1.322518110 -0.010979465 0.999915957 0.006883728 -1.161886692 0.005375547 -0.006825020 0.999962270 35.566738129
0.999917865 0.011210519 -0.006216145 1.387515306 -0.011165710 0.999911785 0.007196908 -1.186951995 0.006296278 -0.007126909 0.999954760 36.159057617
0.999912024 0.011442198 -0.006706120 1.412495255 -0.011399063 0.999914348 0.006435483 -1.180601001 0.006779181 -0.006358474 0.999956787 36.726222992
0.999929190 0.010116314 -0.006266896 1.418367863 -0.010084474 0.999936104 0.005091736 -1.171440363 0.006318005 -0.005028177 0.999967337 37.398971558
0.999900699 0.011004130 -0.008801598 1.512329459 -0.010945328 0.999917567 0.006701467 -1.229408622 0.008874617 -0.006604464 0.999938786 37.967071533
0.999896288 0.009257895 -0.011033041 1.611157775 -0.009170683 0.999926507 0.007929132 -1.263720274 0.011105638 -0.007827129 0.999907672 38.483135223
0.999888539 0.010055115 -0.011032849 1.597797632 -0.009976359 0.999924541 0.007170170 -1.274322867 0.011104112 -0.007059304 0.999913454 39.115337372
0.999886811 0.010189341 -0.011064790 1.641369820 -0.010101710 0.999917328 0.007947120 -1.292594433 0.011144852 -0.007834448 0.999907136 39.708309174
0.999875426 0.010995734 -0.011317719 1.677774906 -0.010915957 0.999915302 0.007086598 -1.334478617 0.011394681 -0.006962172 0.999910831 40.275833130
0.999857306 0.010524655 -0.013213733 1.737125158 -0.010443034 0.999926031 0.006230857 -1.295163631 0.013278333 -0.006091977 0.999893308 40.872699738
0.999828160 0.010859956 -0.015022830 1.795049429 -0.010747741 0.999913871 0.007530321 -1.323158741 0.015103316 -0.007367566 0.999858797 41.434162140
0.999812722 0.012070375 -0.015125101 1.820165157 -0.011985403 0.999911964 0.005696085 -1.305710673 0.015192525 -0.005513738 0.999869406 42.014934540
0.999815583 0.010890177 -0.015812784 1.836546898 -0.010788792 0.999920785 0.006482727 -1.347364426 0.015882129 -0.006310931 0.999853969 42.575252533
0.999804139 0.011419570 -0.016165746 1.870306969 -0.011310943 0.999912918 0.006795125 -1.370486021 0.016241938 -0.006610943 0.999846220 43.162723541
0.999804497 0.010925703 -0.016479477 1.892029285 -0.010794188 0.999909461 0.008048411 -1.404019833 0.016565919 -0.007868957 0.999831796 43.720470428
0.999677837 0.004908093 -0.024899829 2.078112125 -0.004723194 0.999960840 0.007479111 -1.387617111 0.024935560 -0.007359096 0.999661982 44.454299927
0.999586165 0.006497398 -0.028021974 2.224609375 -0.006231296 0.999934733 0.009573087 -1.500566483 0.028082347 -0.009394513 0.999561489 44.951587677
0.999799371 0.009934787 -0.017388433 1.910260916 -0.009813584 0.999926984 0.007041760 -1.429670334 0.017457122 -0.006869704 0.999823987 45.527805328
0.999802709 0.009693410 -0.017336933 1.896265745 -0.009564491 0.999926209 0.007503598 -1.449551463 0.017408388 -0.007336300 0.999821544 46.037223816
0.999832094 0.009901228 -0.015418529 1.862274528 -0.009793025 0.999926984 0.007077472 -1.454636216 0.015487478 -0.006925290 0.999856055 46.584041595
0.999835014 0.010372113 -0.014917851 1.864766002 -0.010261321 0.999919355 0.007484260 -1.461274028 0.014994279 -0.007329947 0.999860644 47.152900696
0.999837995 0.009878502 -0.015044979 1.863487720 -0.009766383 0.999924123 0.007507597 -1.474885702 0.015118001 -0.007359446 0.999858618 47.706707001
0.999830842 0.010556940 -0.015070940 1.863593698 -0.010439900 0.999914885 0.007823537 -1.489865065 0.015152252 -0.007664873 0.999855816 48.269527435
0.999848247 0.010420039 -0.013959845 1.844853640 -0.010314820 0.999917984 0.007588219 -1.497964382 0.014037770 -0.007443075 0.999873757 48.814800262
0.999847829 0.010071100 -0.014244195 1.841266751 -0.009972799 0.999926031 0.006955442 -1.503828168 0.014313191 -0.006812329 0.999874353 49.364704132
0.999854445 0.010535616 -0.013415160 1.837754369 -0.010445203 0.999922395 0.006791918 -1.508705139 0.013485677 -0.006650805 0.999886930 49.915027618
0.999861300 0.010075276 -0.013256801 1.835612416 -0.009984622 0.999926448 0.006886709 -1.519495964 0.013325211 -0.006753390 0.999888420 50.458675385
0.999875546 0.010623667 -0.011660548 1.809686422 -0.010546818 0.999922395 0.006632278 -1.536616802 0.011730101 -0.006508471 0.999909997 51.006904602
0.999877751 0.010068321 -0.011964165 1.829076409 -0.009984400 0.999925256 0.007053507 -1.550393701 0.012034288 -0.006933189 0.999903560 51.557590485
0.999862254 0.010608341 -0.012766515 1.830412149 -0.010511400 0.999915540 0.007636705 -1.565183997 0.012846450 -0.007501459 0.999889314 52.124618530
0.999859691 0.010881604 -0.012737104 1.831240654 -0.010794700 0.999918103 0.006871828 -1.576882482 0.012810837 -0.006733370 0.999895275 52.681823730
0.999874473 0.011809534 -0.010564216 1.795615673 -0.011732352 0.999904275 0.007338377 -1.602110863 0.010649867 -0.007213512 0.999917269 53.220252991
0.999883473 0.011946478 -0.009501709 1.771111012 -0.011884440 0.999907851 0.006559182 -1.613282442 0.009579194 -0.006445496 0.999933302 53.787052155
0.999874711 0.011937779 -0.010396305 1.800079703 -0.011867075 0.999906182 0.006836349 -1.616372466 0.010476941 -0.006712118 0.999922574 54.311847687
0.999890685 0.011381336 -0.009437967 1.794115782 -0.011313584 0.999909997 0.007201377 -1.646867990 0.009519080 -0.007093812 0.999929547 54.822814941
0.999894261 0.010927378 -0.009592335 1.802051783 -0.010856939 0.999913871 0.007364700 -1.659547329 0.009671986 -0.007259777 0.999926865 55.360187531
0.999891281 0.011402438 -0.009342976 1.797467470 -0.011332248 0.999907434 0.007531369 -1.670297027 0.009427986 -0.007424674 0.999927998 55.885803223
0.999915659 0.009059916 -0.009305339 1.772120953 -0.008990021 0.999931216 0.007525863 -1.687687993 0.009372883 -0.007441572 0.999928355 56.417415619
0.999909282 0.010101658 -0.008906181 1.787342072 -0.010040821 0.999926150 0.006849256 -1.672747850 0.008974710 -0.006759210 0.999936879 56.943389893
0.999894261 0.012464021 -0.007493774 1.758235693 -0.012407437 0.999894500 0.007550548 -1.696677208 0.007587094 -0.007456771 0.999943376 57.470111847
0.999893308 0.011689388 -0.008760233 1.804797053 -0.011642610 0.999917805 0.005371952 -1.671844482 0.008822308 -0.005269387 0.999947190 58.018760681
0.999898255 0.011833023 -0.007963101 1.794891119 -0.011781606 0.999909759 0.006472971 -1.702621460 0.008038978 -0.006378496 0.999947309 58.538707733
0.999906600 0.011266592 -0.007735303 1.793778896 -0.011226079 0.999923110 0.005260890 -1.692814112 0.007793981 -0.005173562 0.999956191 59.116699219
0.999925077 0.009951772 -0.007121126 1.779882908 -0.009910331 0.999933898 0.005831065 -1.715782523 0.007178685 -0.005760055 0.999957621 59.656246185
0.999912441 0.011547777 -0.006463448 1.772220969 -0.011501767 0.999908566 0.007111209 -1.745774746 0.006544976 -0.007036246 0.999953806 60.202808380
0.999908388 0.011820648 -0.006596400 1.782816648 -0.011773643 0.999905348 0.007119739 -1.759617567 0.006679937 -0.007041424 0.999952912 60.724922180
0.999900758 0.012825202 -0.005830383 1.777579427 -0.012782662 0.999891818 0.007275670 -1.776636124 0.005923063 -0.007200420 0.999956548 61.277160645
0.999905884 0.012501378 -0.005653515 1.786862016 -0.012459927 0.999895632 0.007308857 -1.788114905 0.005744297 -0.007237727 0.999957263 61.827983856
0.999907196 0.012566292 -0.005263772 1.795486093 -0.012526488 0.999893129 0.007527883 -1.797270775 0.005357807 -0.007461247 0.999957800 62.352554321
0.999910235 0.012391818 -0.005091683 1.799598098 -0.012359604 0.999903798 0.006309886 -1.801474094 0.005169384 -0.006246390 0.999967158 62.919166565
0.999921918 0.011601444 -0.004643374 1.801755428 -0.011570754 0.999911368 0.006582088 -1.809712768 0.004719324 -0.006527847 0.999967575 63.471168518
0.999910355 0.012711993 -0.004186337 1.799750686 -0.012687819 0.999902964 0.005751810 -1.811281562 0.004259048 -0.005698179 0.999974668 63.999992371
0.999919116 0.012073565 -0.004004961 1.813439250 -0.012051222 0.999911964 0.005556915 -1.819992661 0.004071700 -0.005508201 0.999976516 64.559082031
0.999912858 0.012523104 -0.004180423 1.815141678 -0.012495973 0.999901116 0.006453868 -1.838456988 0.004260832 -0.006401068 0.999970376 65.060752869
0.999915838 0.012401160 -0.003791051 1.812623501 -0.012378233 0.999905288 0.006012352 -1.850149274 0.003865251 -0.005964920 0.999974728 65.614326477
0.999919713 0.012299373 -0.003033275 1.813103437 -0.012281692 0.999907851 0.005780251 -1.857799530 0.003104087 -0.005742533 0.999978721 66.174026489
0.999923289 0.012034666 -0.002939828 1.813323736 -0.012018374 0.999912679 0.005497382 -1.867568016 0.003005732 -0.005461629 0.999980509 66.721305847
0.999912560 0.013042648 -0.002148537 1.819123745 -0.013030282 0.999899030 0.005672764 -1.882651091 0.002222306 -0.005644272 0.999981582 67.253097534
0.999926388 0.011947307 -0.002121846 1.831410289 -0.011936439 0.999915957 0.005063330 -1.884053588 0.002182159 -0.005037630 0.999984920 67.823547363
0.999924064 0.012132885 -0.002166409 1.838627338 -0.012121424 0.999912858 0.005226647 -1.899486780 0.002229637 -0.005199991 0.999983966 68.353240967
0.999904275 0.013800617 -0.001020032 1.836410046 -0.013795731 0.999894023 0.004651321 -1.910957813 0.001084115 -0.004636804 0.999988675 68.897666931
0.999910355 0.013237592 -0.002024996 1.863589406 -0.013229047 0.999903679 0.004178083 -1.917808294 0.002080108 -0.004150919 0.999989212 69.439483643
0.999902129 0.013933819 -0.001242854 1.860222101 -0.013928227 0.999893308 0.004399927 -1.931755781 0.001304029 -0.004382186 0.999989569 69.991630554
0.999901235 0.014043701 -0.000582000 1.852441788 -0.014041144 0.999892652 0.004188452 -1.936296582 0.000640757 -0.004179867 0.999991059 70.526817322
0.999904752 0.013783514 -0.000639677 1.863829732 -0.013780723 0.999896288 0.004179182 -1.949912548 0.000697213 -0.004169969 0.999991059 71.072723389
0.999906421 0.013662952 -0.000721151 1.881669402 -0.013659617 0.999896944 0.004443339 -1.969389439 0.000781786 -0.004433073 0.999989867 71.621192932
0.999891579 0.014702085 -0.000715426 1.893632174 -0.014699217 0.999884427 0.003864459 -1.974181414 0.000772159 -0.003853525 0.999992192 72.170898438
0.999896944 0.014356985 -0.000098676 1.896965027 -0.014356454 0.999888361 0.004136073 -1.997305155 0.000158048 -0.004134230 0.999991417 72.701942444
0.999901116 0.014055585 -0.000445316 1.910336494 -0.014053298 0.999889731 0.004780365 -2.014286518 0.000512456 -0.004773634 0.999988496 73.218322754
0.999909043 0.013478541 -0.000469945 1.916764617 -0.013476622 0.999901712 0.003870469 -2.014290810 0.000522067 -0.003863784 0.999992371 73.763481140
0.999899089 0.014177197 -0.000861823 1.931351781 -0.014174219 0.999893785 0.003367308 -2.023073673 0.000909471 -0.003354752 0.999993980 74.313392639
0.999905109 0.013725416 -0.001118763 1.944430947 -0.013721438 0.999899745 0.003489710 -2.035820484 0.001166549 -0.003474029 0.999993265 74.837425232
0.999915719 0.012940861 -0.001068134 1.955371618 -0.012937680 0.999912143 0.002930713 -2.041697502 0.001105966 -0.002916647 0.999995112 75.389495850
0.999915481 0.012908623 -0.001562817 1.971289396 -0.012904587 0.999913454 0.002565173 -2.048790216 0.001595795 -0.002544789 0.999995470 75.923316956
0.999915242 0.012883981 -0.001884762 1.986613393 -0.012879035 0.999913633 0.002611804 -2.066601992 0.001918250 -0.002587308 0.999994814 76.432434082
0.999910712 0.013237246 -0.001812623 2.003122807 -0.013232171 0.999908507 0.002784468 -2.080241680 0.001849318 -0.002760235 0.999994457 76.995155334
0.999920607 0.012463559 -0.001863455 2.010289669 -0.012457397 0.999916971 0.003282230 -2.101746321 0.001904208 -0.003258755 0.999992788 77.526527405
0.999912143 0.013121991 -0.001883634 2.011417389 -0.013117145 0.999910593 0.002563500 -2.105627775 0.001917104 -0.002538567 0.999994934 78.044586182
0.999916971 0.012736478 -0.001945003 2.014416218 -0.012731913 0.999916196 0.002341118 -2.122201920 0.001974657 -0.002316160 0.999995351 78.574844360
0.999916911 0.012781804 -0.001630626 2.029498100 -0.012777992 0.999915659 0.002326815 -2.129983902 0.001660229 -0.002305786 0.999995947 79.118797302
0.999909878 0.013355325 -0.001374044 2.034954786 -0.013351876 0.999907732 0.002489094 -2.144620657 0.001407161 -0.002470523 0.999995947 79.634902954
0.999915421 0.012921801 -0.001423165 2.048251629 -0.012918742 0.999914289 0.002138496 -2.161593437 0.001450677 -0.002119930 0.999996722 80.170127869
0.999910414 0.013381604 -0.000233636 2.057452917 -0.013381162 0.999908805 0.001804407 -2.168515444 0.000257761 -0.001801119 0.999998271 80.723587036
0.999916732 0.012902168 0.000339201 2.071037531 -0.012902712 0.999915361 0.001662566 -2.182124376 -0.000317723 -0.001666805 0.999998569 81.265029907
0.999911904 0.013091125 0.002181139 2.080233335 -0.013095265 0.999912441 0.001893914 -2.206440210 -0.002156154 -0.001922310 0.999995828 81.782951355
0.999896944 0.013939474 0.003394746 2.086775064 -0.013945125 0.999901354 0.001646965 -2.213461876 -0.003371453 -0.001694135 0.999992847 82.326499939
0.999884129 0.013546928 0.006933822 2.105916262 -0.013559372 0.999906540 0.001751323 -2.225935459 -0.006909452 -0.001845139 0.999974430 82.848854065
0.999873400 0.012706733 0.009576960 2.135274410 -0.012725885 0.999917090 0.001941350 -2.237363100 -0.009551499 -0.002062979 0.999952257 83.392204285
0.999840140 0.011876073 0.013367615 2.150696993 -0.011892448 0.999928594 0.001146126 -2.248625994 -0.013353053 -0.001304917 0.999909997 83.943412781
0.999766529 0.010891851 0.018662160 2.148114443 -0.010909661 0.999940038 0.000852592 -2.246439219 -0.018651756 -0.001055990 0.999825478 84.517944336
0.999613047 0.012061073 0.025064453 2.166574240 -0.012106280 0.999925375 0.001652760 -2.252100706 -0.025042649 -0.001955558 0.999684393 85.043426514
0.999467254 0.011442426 0.030563192 2.201416016 -0.011450692 0.999934435 0.000095478 -2.260099649 -0.030560095 -0.000445397 0.999532819 85.605804443
0.999306560 0.011114012 0.035535987 2.261449814 -0.011142788 0.999937654 0.000611840 -2.283976316 -0.035526965 -0.001007385 0.999368191 86.133911133
0.998947203 0.011070963 0.044517219 2.277595758 -0.011098480 0.999938369 0.000370968 -2.299385071 -0.044510376 -0.000864651 0.999008477 86.679618835
0.998555720 0.010157809 0.052756470 2.329024553 -0.010177812 0.999948204 0.000110545 -2.304618120 -0.052752607 -0.000647331 0.998607397 87.241249084
0.998168409 0.010792836 0.059525993 2.370392799 -0.010794745 0.999941707 -0.000289496 -2.315318108 -0.059525661 -0.000353602 0.998226702 87.768417358
0.997590125 0.010254452 0.068618909 2.426324844 -0.010224040 0.999947429 -0.000794401 -2.325654984 -0.068623453 0.000090924 0.997642636 88.318351746
0.996857107 0.009709454 0.078623652 2.497364998 -0.009667843 0.999952853 -0.000909891 -2.343621969 -0.078628771 0.000146910 0.996903956 88.841903687
0.996158779 0.009906672 0.087003306 2.557859898 -0.009797646 0.999950588 -0.001680066 -2.348365307 -0.087015666 0.000821185 0.996206582 89.419815063
0.995458841 0.008533091 0.094811037 2.629351616 -0.008379741 0.999962866 -0.002015495 -2.366444349 -0.094824739 0.001211850 0.995493233 89.924102783
0.994264960 0.009718509 0.106502190 2.690528393 -0.009606662 0.999952614 -0.001563153 -2.383976221 -0.106512316 0.000531058 0.994311213 90.453254700
0.992954314 0.009666555 0.118102282 2.761114120 -0.009521024 0.999953032 -0.001796385 -2.392299414 -0.118114114 0.000659273 0.992999792 90.969024658
0.991877198 0.010601429 0.126756534 2.845332146 -0.010530484 0.999943793 -0.001229812 -2.409636974 -0.126762450 -0.000114985 0.991933107 91.504554749
0.990375876 0.010100133 0.138034552 2.944993019 -0.010066997 0.999948800 -0.000938205 -2.426973104 -0.138036981 -0.000460417 0.990426958 92.097732544
0.988451183 0.008523153 0.151299268 3.013040543 -0.008321245 0.999963462 -0.001967608 -2.423378468 -0.151310518 0.000685887 0.988486052 92.670745850
0.987027764 0.006367809 0.160423458 3.142847061 -0.005947959 0.999977529 -0.003097212 -2.416759968 -0.160439596 0.002102842 0.987043381 93.154060364
0.985180914 0.009032685 0.171280473 3.229438782 -0.008571368 0.999957323 -0.003432703 -2.450345993 -0.171304151 0.001913726 0.985216320 93.704277039
0.982975185 0.006546291 0.183621556 3.360893250 -0.006009025 0.999975801 -0.003482213 -2.459138870 -0.183639959 0.002319542 0.982990861 94.254211426
0.980394065 0.006897036 0.196926072 3.479388237 -0.006350553 0.999973953 -0.003406409 -2.472983837 -0.196944475 0.002089034 0.980412424 94.785354614
0.978176594 0.007373820 0.207644358 3.589970589 -0.006806073 0.999970853 -0.003448511 -2.476716042 -0.207663715 0.001960010 0.978198290 95.338829041
0.975202143 0.008161093 0.221165389 3.735496521 -0.007571780 0.999965131 -0.003512274 -2.498969078 -0.221186340 0.001750562 0.975229919 95.874191284
0.972299457 0.005760572 0.233667672 3.892745972 -0.004978504 0.999979854 -0.003936612 -2.500179529 -0.233685642 0.002664250 0.972308576 96.388572693
0.969103813 0.006643881 0.246563807 3.972225189 -0.005916523 0.999975622 -0.003690708 -2.526875496 -0.246582359 0.002117879 0.969119549 96.850624084
0.965940595 0.006079098 0.258692294 4.107221603 -0.005585957 0.999980927 -0.002641274 -2.571424961 -0.258703381 0.001106270 0.965956151 97.402084351
0.962605596 0.006007700 0.270840168 4.345647812 -0.005614754 0.999981701 -0.002225654 -2.592398405 -0.270848572 0.000621726 0.962621748 97.833892822
0.958865643 0.006187783 0.283793241 4.516675949 -0.005330509 0.999978602 -0.003792931 -2.580998898 -0.283810675 0.002124148 0.958877981 98.452827454
0.955572546 0.006307253 0.294688612 4.711227417 -0.005642163 0.999979198 -0.003107099 -2.610103607 -0.294702113 0.001306377 0.955588281 98.915603638
0.951347351 0.004011817 0.308094352 4.866260529 -0.002788924 0.999986410 -0.004409452 -2.597651243 -0.308107853 0.003335669 0.951345563 99.413841248
0.946731985 0.007735504 0.321929753 5.070522308 -0.007020831 0.999969661 -0.003380938 -2.630707264 -0.321946114 0.000940627 0.946757495 99.964469910
0.943046808 0.004077049 0.332635045 5.274110794 -0.003347832 0.999990523 -0.002765337 -2.653627872 -0.332643181 0.001494236 0.943051577 100.433074951
0.938002408 0.004564594 0.346598446 5.476787567 -0.003630401 0.999987781 -0.003344543 -2.667967796 -0.346609473 0.001878898 0.938007593 100.954811096
0.933094025 0.005429176 0.359591454 5.709634781 -0.004257648 0.999982715 -0.004049862 -2.674738646 -0.359607249 0.002247889 0.933101058 101.447547913
0.928450584 0.002755208 0.371445745 5.934984207 -0.001015549 0.999987602 -0.004879009 -2.676385880 -0.371454507 0.004152698 0.928441823 101.980125427
0.923338950 0.004064285 0.383964360 6.134160995 -0.002417491 0.999985635 -0.004771441 -2.702023506 -0.383978277 0.003477426 0.923335552 102.461303711
0.917205751 0.004407483 0.398389429 6.351230621 -0.003197333 0.999988019 -0.003701953 -2.736652136 -0.398400962 0.002121669 0.917208910 102.926788330
0.912188292 0.001591737 0.409768224 6.602222443 -0.000087295 0.999993324 -0.003690124 -2.762393475 -0.409771234 0.003330318 0.912182212 103.323364258
0.906918526 0.001643735 0.421303064 6.839351654 0.000055243 0.999991894 -0.004020434 -2.766083717 -0.421306342 0.003669480 0.906911016 103.840759277
0.901068509 0.002311427 0.433670580 7.155204773 -0.000886604 0.999993443 -0.003487720 -2.793027163 -0.433675855 0.002758180 0.901064694 104.338699341
0.893509865 0.003256154 0.449031711 7.346027374 -0.001614131 0.999990523 -0.004039539 -2.797962427 -0.449040622 0.002884572 0.893506646 104.826995850
0.887735784 0.001560705 0.460350692 7.617938995 0.000041042 0.999993980 -0.003469376 -2.825039387 -0.460353345 0.003098783 0.887730360 105.280044556
0.881793439 0.002091626 0.471631140 7.893089294 -0.000443514 0.999993324 -0.003605626 -2.830016136 -0.471635580 0.002970241 0.881788552 105.784286499
0.874549091 0.001280520 0.484935313 8.177406311 0.000559263 0.999993205 -0.003649175 -2.846838951 -0.484936714 0.003462590 0.874542356 106.255256653
0.867867827 0.000712058 0.496794879 8.486698151 0.001393543 0.999991536 -0.003867718 -2.863924742 -0.496793419 0.004048973 0.867859423 106.724578857
