1.000000000 0.000000000 0.000000000 0.000000000 0.000000000 1.000000000 0.000000000 0.000000000 0.000000000 0.000000000 1.000000000 0.000000000
1.000000000 0.000020787 0.000033696 0.000314109 -0.000020791 1.000000000 0.000114748 -0.000588006 -0.000033693 -0.000114749 1.000000000 -0.000334472
1.000000000 0.000080867 -0.000123535 0.001046344 -0.000080859 1.000000000 0.000061898 -0.000699066 0.000123540 -0.000061888 1.000000000 -0.000782504
1.000000000 0.000019845 -0.000029110 0.000074390 -0.000019843 1.000000000 0.000047665 -0.000547380 0.000029111 -0.000047665 1.000000000 0.000349747
1.000000000 0.000080021 -0.000022399 -0.000486797 -0.000080021 1.000000000 0.000013463 -0.000120434 0.000022400 -0.000013462 1.000000000 -0.000481183
1.000000000 0.000060046 -0.000066905 -0.000177209 -0.000060047 1.000000000 -0.000024894 -0.000123834 0.000066903 0.000024898 1.000000000 -0.000400154
1.000000000 0.000062016 -0.000090115 0.000733968 -0.000062019 1.000000000 -0.000026152 -0.000584291 0.000090114 0.000026158 1.000000000 -0.001388042
1.000000000 -0.000026033 -0.000071308 0.001012988 0.000026028 1.000000000 -0.000068321 0.000322298 0.000071309 0.000068319 1.000000000 -0.000330861
1.000000000 -0.000132595 -0.000000554 0.000728284 0.000132595 1.000000000 -0.000028914 -0.000267592 0.000000557 0.000028914 1.000000000 -0.001181977
1.000000000 -0.000212764 -0.000036453 0.000996191 0.000212760 1.000000000 -0.000094006 0.001374525 0.000036473 0.000093998 1.000000000 0.002319954
1.000000000 -0.000150220 -0.000103312 0.000819787 0.000150219 1.000000000 -0.000009628 -0.000090630 0.000103314 0.000009613 1.000000000 0.001493422
1.000000000 0.000011541 0.000083056 -0.000716908 -0.000011528 1.000000000 -0.000164020 0.001930257 -0.000083058 0.000164019 1.000000000 0.002725090
1.000000000 -0.000134853 0.000029773 -0.000617434 0.000134851 1.000000000 0.000065772 0.000257289 -0.000029782 -0.000065768 1.000000000 0.001518360
1.000000000 -0.000055322 0.000017625 -0.000426222 0.000055321 1.000000000 0.000080247 0.000048603 -0.000017629 -0.000080246 1.000000000 0.001429526
1.000000000 -0.000200740 -0.000122079 0.001176061 0.000200749 1.000000000 0.000066394 -0.000451301 0.000122066 -0.000066419 1.000000000 0.000238512
1.000000000 0.000021319 0.000022880 -0.000787202 -0.000021319 1.000000000 -0.000004121 -0.000162623 -0.000022880 0.000004121 1.000000000 -0.000080578
0.999999940 0.000224185 0.000182492 -0.001857214 -0.000224200 1.000000000 0.000084051 -0.000367051 -0.000182473 -0.000084092 1.000000000 0.000370645
1.000000000 -0.000038756 -0.000143085 0.000391358 0.000038740 1.000000000 -0.000114867 0.000746392 0.000143090 0.000114861 1.000000000 0.000442281
1.000000000 -0.000202969 -0.000006586 0.000280175 0.000202969 1.000000000 -0.000003305 -0.000158462 0.000006587 0.000003304 1.000000000 0.000639650
1.000000000 -0.000007815 0.000141330 -0.000453217 0.000007813 1.000000000 0.000015668 -0.000130511 -0.000141330 -0.000015667 1.000000000 0.001044403
1.000000000 0.000032857 0.000031529 -0.000952896 -0.000032855 1.000000000 -0.000059871 0.000580353 -0.000031531 0.000059870 1.000000000 0.001642890
1.000000000 -0.000094078 -0.000049971 0.000027001 0.000094078 1.000000000 -0.000008049 0.000541109 0.000049972 0.000008045 1.000000000 0.000255417
1.000000000 -0.000069019 -0.000049133 0.001025946 0.000069021 1.000000000 0.000027437 0.000272103 0.000049131 -0.000027440 1.000000000 0.001738653
1.000000000 -0.000069480 0.000095447 -0.000331272 0.000069484 1.000000000 -0.000047568 0.001237994 -0.000095443 0.000047574 1.000000000 0.000440035
1.000000000 -0.000033527 -0.000061037 0.000849176 0.000033526 1.000000000 -0.000012900 0.000735370 0.000061038 0.000012898 1.000000000 0.001184580
1.000000000 0.000042555 -0.000006252 -0.000171281 -0.000042556 1.000000000 -0.000085241 0.000940360 0.000006248 0.000085242 1.000000000 0.000476659
1.000000000 0.000033994 0.000071660 -0.000479878 -0.000033983 1.000000000 -0.000155497 0.000406246 -0.000071665 0.000155494 1.000000000 -0.000613843
1.000000000 -0.000059594 -0.000073607 0.000244278 0.000059583 1.000000000 -0.000149541 0.000731789 0.000073616 0.000149536 1.000000000 0.000225521
1.000000000 -0.000065282 -0.000032242 -0.000942955 0.000065282 1.000000000 -0.000013868 0.001513348 0.000032243 0.000013866 1.000000000 0.002611389
1.000000000 0.000034462 0.000171177 -0.001675828 -0.000034451 1.000000000 -0.000061957 0.001332354 -0.000171179 0.000061951 1.000000000 0.001907753
1.000000000 -0.000132871 -0.000041286 0.000404627 0.000132871 1.000000000 -0.000011159 0.000511243 0.000041288 0.000011154 1.000000000 -0.000217698
1.000000000 0.000008496 0.000046797 -0.001332309 -0.000008496 1.000000000 0.000000083 0.000575997 -0.000046797 -0.000000084 1.000000000 0.001980565
1.000000000 0.000024005 0.000127709 -0.001468810 -0.000023999 1.000000000 -0.000046653 0.000076062 -0.000127710 0.000046650 1.000000000 0.000985011
1.000000000 -0.000107865 0.000024706 -0.000562639 0.000107865 1.000000000 -0.000012410 0.001034990 -0.000024705 0.000012413 1.000000000 0.001771423
1.000000000 -0.000042552 0.000113871 -0.001402203 0.000042562 1.000000000 -0.000083515 0.002262198 -0.000113867 0.000083520 1.000000000 0.003789781
1.000000000 0.000097263 0.000163074 -0.002386577 -0.000097248 1.000000000 -0.000091930 0.002795876 -0.000163083 0.000091914 1.000000000 0.003533422
1.000000000 -0.000211845 0.000055811 -0.000804420 0.000211843 1.000000000 0.000025588 0.000805017 -0.000055817 -0.000025576 1.000000000 0.001823400
1.000000000 -0.000047177 0.000085728 -0.001208844 0.000047171 1.000000000 0.000062563 0.000865295 -0.000085731 -0.000062559 1.000000000 0.001539284
1.000000000 -0.000124192 0.000017315 -0.000559333 0.000124192 1.000000000 -0.000033585 0.001334474 -0.000017311 0.000033587 1.000000000 0.002039705
0.999999940 -0.000025659 0.000251763 -0.001821393 0.000025658 1.000000000 0.000006687 -0.000280041 -0.000251763 -0.000006681 0.999999940 0.002053213
0.999999940 -0.000122690 0.000330033 -0.001541574 0.000122920 0.999999762 -0.000696948 -0.001525214 -0.000329948 0.000696988 0.999999702 0.052765924
0.999999940 0.000168146 0.000218922 -0.000314691 -0.000167864 0.999999166 -0.001288292 -0.004294413 -0.000219138 0.001288255 0.999999166 0.134435758
0.999999881 0.000459096 0.000031488 0.003078812 -0.000459049 0.999998808 -0.001485607 -0.003754525 -0.000032170 0.001485593 0.999998868 0.254780114
0.999999940 0.000250826 0.000036005 0.004347718 -0.000250784 0.999999285 -0.001181091 -0.013465579 -0.000036301 0.001181082 0.999999285 0.382829547
0.999999940 0.000343504 0.000118279 0.007503278 -0.000343381 0.999999404 -0.001040566 -0.017136227 -0.000118637 0.001040525 0.999999464 0.526936531
1.000000000 0.000137072 -0.000003918 0.014055940 -0.000137076 0.999999344 -0.001122529 -0.019661423 0.000003764 0.001122529 0.999999344 0.680073917
1.000000000 -0.000054626 0.000186933 0.016598474 0.000054809 0.999999523 -0.000978871 -0.021540824 -0.000186880 0.000978882 0.999999523 0.851837456
0.999999881 0.000414476 0.000300703 0.015148773 -0.000414248 0.999999642 -0.000759614 -0.026569946 -0.000301018 0.000759490 0.999999642 1.016931534
0.999999940 0.000147598 0.000257960 0.018960766 -0.000147525 0.999999940 -0.000279788 -0.034653597 -0.000258001 0.000279750 0.999999940 1.187905073
0.999999940 0.000318658 0.000179926 0.019654691 -0.000318557 0.999999821 -0.000560364 -0.035842318 -0.000180104 0.000560307 0.999999821 1.376139283
0.999999821 0.000569678 -0.000036052 0.028819708 -0.000569697 0.999999702 -0.000509996 -0.043109361 0.000035762 0.000510016 0.999999881 1.579058647
0.999999046 0.001112473 0.000781622 0.024463464 -0.001112145 0.999999285 -0.000421106 -0.047364838 -0.000782090 0.000420236 0.999999583 1.766742706
0.999999881 0.000443521 0.000048210 0.042723823 -0.000443494 0.999999762 -0.000565752 -0.048088714 -0.000048461 0.000565730 0.999999821 1.967302561
0.999999464 0.000581563 0.000879250 0.029292976 -0.000580908 0.999999583 -0.000745191 -0.051440381 -0.000879683 0.000744680 0.999999344 2.186350822
0.999999225 0.000795034 0.000979900 0.029633507 -0.000794646 0.999999583 -0.000396325 -0.066427670 -0.000980215 0.000395546 0.999999464 2.383454084
0.999999166 0.000407649 -0.001166086 0.087494537 -0.000407293 0.999999881 0.000305311 -0.087953202 0.001166210 -0.000304835 0.999999225 2.620229483
0.999999642 -0.000284786 -0.000734949 0.093702853 0.000285235 0.999999762 0.000611665 -0.099604636 0.000734774 -0.000611875 0.999999523 2.837997437
0.999998927 0.000332063 -0.001505288 0.101259977 -0.000331890 0.999999940 0.000114881 -0.096638277 0.001505326 -0.000114381 0.999998808 3.081293583
0.999998271 0.000026411 -0.001852276 0.111533552 -0.000026835 1.000000000 -0.000228760 -0.098908082 0.001852270 0.000228810 0.999998271 3.317518473
0.999999285 -0.000110394 -0.001171164 0.111370064 0.000111310 0.999999762 0.000781427 -0.120937124 0.001171077 -0.000781557 0.999998987 3.552703857
0.999999523 0.000259983 -0.001047158 0.112229347 -0.000260011 0.999999940 -0.000027476 -0.114050657 0.001047151 0.000027749 0.999999464 3.827195406
0.999999464 0.000329633 -0.000963947 0.114774913 -0.000329940 0.999999881 -0.000317871 -0.118786022 0.000963842 0.000318189 0.999999464 4.086631298
0.999999464 0.000636619 -0.000682639 0.114933170 -0.000636549 0.999999762 0.000103371 -0.126167178 0.000682705 -0.000102937 0.999999702 4.344569206
0.999999583 0.000160770 -0.000741700 0.123620339 -0.000160697 0.999999940 0.000098140 -0.131767750 0.000741716 -0.000098021 0.999999702 4.591148853
0.999999225 0.000394304 -0.001177713 0.134073302 -0.000394253 0.999999881 0.000043834 -0.137842909 0.001177730 -0.000043370 0.999999285 4.852594852
0.999999404 0.000315519 -0.001089127 0.136835843 -0.000315809 0.999999940 -0.000265592 -0.140162736 0.001089043 0.000265936 0.999999404 5.116254807
0.999999464 0.000522930 -0.000930077 0.140701413 -0.000523203 0.999999821 -0.000293674 -0.152622804 0.000929924 0.000294161 0.999999523 5.376842976
0.999999225 0.000719255 -0.001007913 0.149231195 -0.000719286 0.999999762 -0.000031094 -0.156591952 0.001007891 0.000031819 0.999999464 5.644665718
0.999998927 0.000958081 -0.001061812 0.151477799 -0.000958199 0.999999523 -0.000109954 -0.165761143 0.001061706 0.000110971 0.999999344 5.912940025
0.999999166 0.000822204 -0.001011139 0.159511194 -0.000822329 0.999999642 -0.000122655 -0.172271863 0.001011038 0.000123487 0.999999404 6.193631649
0.999999046 0.001185644 -0.000696258 0.160914242 -0.001185451 0.999999285 0.000277507 -0.187054485 0.000696586 -0.000276681 0.999999702 6.472677708
0.999999344 0.000999197 -0.000577939 0.164976060 -0.000999224 0.999999583 -0.000045833 -0.194117650 0.000577893 0.000046411 0.999999821 6.765062809
0.999999166 0.001098623 -0.000689100 0.178688064 -0.001098571 0.999999464 0.000077259 -0.205368116 0.000689185 -0.000076502 0.999999762 7.047176361
0.999999523 0.000737155 -0.000726057 0.183171585 -0.000736956 0.999999702 0.000274323 -0.214089766 0.000726259 -0.000273788 0.999999702 7.348321438
0.999999464 0.000901578 -0.000524573 0.184407324 -0.000901915 0.999999404 -0.000643717 -0.215671420 0.000523993 0.000644190 0.999999642 7.672946453
0.999999404 0.000638083 -0.000864085 0.197252840 -0.000637940 0.999999821 0.000165972 -0.230390698 0.000864191 -0.000165421 0.999999642 7.983517647
0.999999404 0.001024909 -0.000406157 0.197680116 -0.001025046 0.999999464 -0.000338041 -0.234284505 0.000405811 0.000338457 0.999999821 8.305480957
0.999999344 0.001130366 -0.000372331 0.203291535 -0.001130271 0.999999404 0.000253700 -0.252454996 0.000372618 -0.000253279 0.999999881 8.623721123
0.999999523 0.000908219 -0.000316832 0.209997609 -0.000908215 0.999999583 0.000011995 -0.256433725 0.000316843 -0.000011707 0.999999940 8.955231667
0.999999702 0.000277454 -0.000767165 0.228953645 -0.000277166 0.999999940 0.000375150 -0.276045054 0.000767269 -0.000374938 0.999999642 9.275742531
0.999999523 0.001004332 -0.000048740 0.225991815 -0.001004308 0.999999404 0.000473250 -0.284897029 0.000049215 -0.000473201 0.999999821 9.625917435
0.999999583 0.000856280 -0.000063932 0.233911484 -0.000856256 0.999999583 0.000381883 -0.289747864 0.000064259 -0.000381828 0.999999881 9.969987869
0.999999344 0.001036166 -0.000420039 0.237588108 -0.001036059 0.999999404 0.000254101 -0.300228119 0.000420301 -0.000253665 0.999999881 10.343624115
0.999999404 0.001097742 -0.000166699 0.243446827 -0.001097647 0.999999225 0.000571734 -0.312455595 0.000167326 -0.000571551 0.999999821 10.702948570
0.999998868 0.001533943 0.000153627 0.248471946 -0.001534012 0.999998689 0.000453589 -0.320689023 -0.000152931 -0.000453824 0.999999881 11.061852455
0.999999523 0.000877381 0.000236122 0.247707278 -0.000877354 0.999999583 -0.000112506 -0.322246522 -0.000236221 0.000112299 0.999999940 11.448105812
0.999999762 0.000406556 0.000540526 0.257086188 -0.000406641 0.999999940 0.000157298 -0.332381725 -0.000540462 -0.000157518 0.999999821 11.823469162
0.999999821 0.000562916 0.000271700 0.265230089 -0.000562986 0.999999821 0.000257617 -0.349908412 -0.000271555 -0.000257770 0.999999940 12.209224701
0.999999583 0.000839196 0.000370823 0.275005311 -0.000839222 0.999999583 0.000071045 -0.360391766 -0.000370763 -0.000071356 0.999999881 12.602634430
0.999999285 0.000974101 0.000659669 0.277068228 -0.000974345 0.999999583 0.000370642 -0.370123714 -0.000659307 -0.000371285 0.999999702 13.000541687
0.999999106 0.001039060 0.000829836 0.283781976 -0.001039090 0.999999523 0.000035258 -0.379036009 -0.000829798 -0.000036120 0.999999583 13.403045654
0.999999523 0.000901278 0.000660744 0.296782166 -0.000901560 0.999999642 0.000426094 -0.394191712 -0.000660360 -0.000426690 0.999999702 13.811306000
0.999999166 0.000938001 0.000864392 0.303138971 -0.000938377 0.999999464 0.000434739 -0.403416276 -0.000863982 -0.000435550 0.999999523 14.233066559
0.999998510 0.001258558 0.001138644 0.313778579 -0.001259238 0.999999046 0.000596821 -0.417125970 -0.001137892 -0.000598254 0.999999166 14.643677711
0.999998987 0.001135436 0.001016964 0.325212866 -0.001136216 0.999999046 0.000766153 -0.431838751 -0.001016093 -0.000767307 0.999999166 15.085762978
0.999998569 0.001168615 0.001179557 0.336271256 -0.001169019 0.999999285 0.000341776 -0.440145791 -0.001179157 -0.000343155 0.999999166 15.527746201
0.999998271 0.000887389 0.001622222 0.347238511 -0.000887728 0.999999583 0.000208039 -0.452202022 -0.001622036 -0.000209478 0.999998689 15.965112686
0.999997854 0.001021347 0.001796243 0.355965912 -0.001021774 0.999999464 0.000237152 -0.461372524 -0.001796000 -0.000238987 0.999998331 16.415405273
0.999996662 0.001387903 0.002192707 0.363057256 -0.001387824 0.999998987 -0.000037800 -0.472876936 -0.002192757 0.000034757 0.999997616 16.867195129
0.999996006 0.001421653 0.002419412 0.375542343 -0.001421783 0.999998927 0.000052091 -0.486133784 -0.002419336 -0.000055531 0.999997079 17.322065353
0.999995172 0.001322263 0.002798004 0.381844610 -0.001323344 0.999998987 0.000384442 -0.498529315 -0.002797493 -0.000388143 0.999995947 17.784357071
0.999993920 0.001547799 0.003140454 0.390043736 -0.001548023 0.999998808 0.000068931 -0.509096324 -0.003140344 -0.000073793 0.999994993 18.249994278
0.999994397 0.001255147 0.003102629 0.407592118 -0.001256197 0.999999166 0.000336549 -0.523629844 -0.003102204 -0.000340444 0.999995053 18.724185944
0.999991119 0.001886959 0.003768106 0.415558696 -0.001888555 0.999998152 0.000419828 -0.535572708 -0.003767306 -0.000426940 0.999992728 19.192653656
0.999992073 0.001330219 0.003738317 0.428454399 -0.001329151 0.999999046 -0.000288302 -0.544062376 -0.003738698 0.000283331 0.999992907 19.691413879
0.999992549 0.001247168 0.003657229 0.439588010 -0.001247039 0.999999225 -0.000037609 -0.556116700 -0.003657273 0.000033048 0.999993265 20.179191589
0.999992132 0.001564992 0.003662305 0.454406649 -0.001565928 0.999998748 0.000252587 -0.576651812 -0.003661905 -0.000258320 0.999993205 20.658491135
0.999993384 0.001479896 0.003354162 0.464932859 -0.001478347 0.999998808 -0.000464289 -0.577200234 -0.003354846 0.000459327 0.999994278 21.179975510
0.999993086 0.001677804 0.003323833 0.467222184 -0.001674903 0.999998212 -0.000875376 -0.585039437 -0.003325297 0.000869802 0.999994159 21.693958282
0.999991238 0.002285021 0.003491773 0.463178337 -0.002282344 0.999997139 -0.000770480 -0.603175402 -0.003493524 0.000762503 0.999993622 22.193738937
0.999994934 0.002069393 0.002410145 0.485719770 -0.002067405 0.999997497 -0.000826682 -0.611679435 -0.002411850 0.000821695 0.999996781 22.706903458
0.999995410 0.002344647 0.001944263 0.496841758 -0.002344152 0.999997199 -0.000256368 -0.633619845 -0.001944859 0.000251809 0.999998093 23.218160629
0.999995708 0.002312162 0.001819476 0.503598869 -0.002310738 0.999997079 -0.000784669 -0.646438420 -0.001821285 0.000780461 0.999998033 23.754810333
0.999998987 0.001210421 0.000772591 0.515868306 -0.001209702 0.999998808 -0.000930045 -0.669047356 -0.000773716 0.000929109 0.999999285 24.282091141
0.999998331 0.001760923 0.000610204 0.521663964 -0.001760709 0.999998331 -0.000349876 -0.683968067 -0.000610819 0.000348801 0.999999762 24.818792343
0.999996603 0.002507091 -0.000655394 0.537540197 -0.002507338 0.999996781 -0.000377374 -0.700188220 0.000654446 0.000379016 0.999999702 25.368560791
0.999997497 0.002056248 -0.000972829 0.549916506 -0.002056207 0.999997914 0.000043722 -0.715018570 0.000972917 -0.000041721 0.999999523 25.906326294
0.999997318 0.001886827 -0.001347885 0.557029247 -0.001886363 0.999998093 0.000346367 -0.735109627 0.001348537 -0.000343824 0.999998987 26.475603104
0.999995708 0.002199162 -0.001950348 0.561258554 -0.002199022 0.999997556 0.000073858 -0.746048868 0.001950506 -0.000069569 0.999998033 27.019235611
0.999996185 0.002119672 -0.001809743 0.570335746 -0.002119335 0.999997735 0.000188012 -0.767216682 0.001810137 -0.000184176 0.999998331 27.565826416
0.999991894 0.003188922 -0.002455883 0.579734325 -0.003188317 0.999994874 0.000250177 -0.784486115 0.002456668 -0.000242345 0.999996901 28.125509262
0.999992788 0.002907762 -0.002481644 0.580980420 -0.002906335 0.999995589 0.000578756 -0.801763415 0.002483316 -0.000571540 0.999996722 28.674942017
0.999991775 0.003174183 -0.002540805 0.587020993 -0.003173290 0.999994874 0.000355394 -0.814804256 0.002541920 -0.000347329 0.999996722 29.218097687
0.999990702 0.002903614 -0.003186540 0.602880776 -0.002900739 0.999995351 0.000906509 -0.838264346 0.003189158 -0.000897257 0.999994516 29.770048141
0.999988973 0.003011054 -0.003582188 0.608157635 -0.003008120 0.999995053 0.000824231 -0.848411381 0.003584652 -0.000813446 0.999993265 30.316904068
0.999988198 0.003232500 -0.003622228 0.620415151 -0.003229340 0.999994338 0.000878018 -0.868278742 0.003625046 -0.000866310 0.999993086 30.858158112
0.999986231 0.003165485 -0.004209749 0.628108025 -0.003162076 0.999994695 0.000816474 -0.882757366 0.004212311 -0.000803151 0.999990821 31.411996841
0.999984622 0.003404222 -0.004382194 0.635482609 -0.003400390 0.999993801 0.000881669 -0.895667970 0.004385169 -0.000866754 0.999989927 31.963649750
0.999982655 0.003340401 -0.004853288 0.649915099 -0.003334892 0.999993801 0.001142945 -0.917132556 0.004857076 -0.001126740 0.999987483 32.504943848
0.999982059 0.003514524 -0.004846116 0.655515313 -0.003508769 0.999993145 0.001195491 -0.930434406 0.004850285 -0.001178466 0.999987483 33.052341461
0.999981582 0.003287644 -0.005104118 0.663618028 -0.003285093 0.999994516 0.000508152 -0.946821392 0.005105760 -0.000491375 0.999986827 33.591205597
0.999980748 0.003692611 -0.004982278 0.665131271 -0.003688300 0.999992728 0.000874217 -0.955625176 0.004985470 -0.000855824 0.999987185 34.165092468
0.999981642 0.003853075 -0.004667083 0.666933537 -0.003846535 0.999991536 0.001409701 -0.976651788 0.004672475 -0.001391723 0.999988019 34.710945129
0.999980927 0.003691626 -0.004936618 0.674856305 -0.003686455 0.999992669 0.001056325 -0.987908185 0.004940480 -0.001038106 0.999987245 35.254486084
0.999984264 0.002874119 -0.004817280 0.682411909 -0.002869506 0.999995530 0.000964226 -1.002408862 0.004820029 -0.000950388 0.999987900 35.798488617
0.999981284 0.003850287 -0.004759154 0.688992798 -0.003843629 0.999991715 0.001407352 -1.023656130 0.004764533 -0.001389033 0.999987662 36.342479706
0.999976516 0.003973920 -0.005599615 0.701779664 -0.003967965 0.999991536 0.001074418 -1.032279134 0.005603838 -0.001052174 0.999983728 36.890281677
0.999977350 0.004139701 -0.005306728 0.711213827 -0.004135065 0.999991059 0.000884242 -1.045896411 0.005310341 -0.000862278 0.999985516 37.433677673
0.999973536 0.004227296 -0.005912055 0.713384390 -0.004221439 0.999990582 0.001002796 -1.065705061 0.005916238 -0.000977812 0.999981999 37.993976593
0.999976277 0.003626739 -0.005850454 0.720509171 -0.003621138 0.999993026 0.000967684 -1.078573346 0.005853922 -0.000946476 0.999982417 38.545661926
0.999973834 0.003988230 -0.006029288 0.729177833 -0.003981172 0.999991357 0.001182212 -1.099542260 0.006033951 -0.001158177 0.999981105 39.099704742
0.999970376 0.004027134 -0.006560571 0.739466906 -0.004019858 0.999991298 0.001121849 -1.109732747 0.006565032 -0.001095443 0.999977827 39.643535614
0.999972045 0.004108564 -0.006252622 0.751447678 -0.004100136 0.999990642 0.001360256 -1.126726389 0.006258153 -0.001334581 0.999979436 40.186698914
0.999971032 0.003875164 -0.006554842 0.761377692 -0.003867099 0.999991715 0.001242685 -1.143092275 0.006559603 -0.001217301 0.999977648 40.740936279
0.999969125 0.004042595 -0.006741597 0.762947202 -0.004035337 0.999991179 0.001089717 -1.153664947 0.006745943 -0.001062479 0.999976695 41.300350189
0.999965847 0.004289913 -0.007062518 0.775607586 -0.004279357 0.999989629 0.001508932 -1.168061256 0.007068918 -0.001478657 0.999973953 41.853549957
0.999964833 0.004586135 -0.007026535 0.789286673 -0.004577945 0.999988735 0.001181081 -1.183946013 0.007031873 -0.001148872 0.999974608 42.398841858
0.999963582 0.004665769 -0.007147713 0.783733428 -0.004656462 0.999988317 0.001318018 -1.199262500 0.007153778 -0.001284687 0.999973595 42.959468842
0.999965310 0.004397335 -0.007072936 0.791444063 -0.004386666 0.999989212 0.001523221 -1.214046717 0.007079558 -0.001492141 0.999973774 43.499095917
0.999965966 0.005086354 -0.006498567 0.795632720 -0.005077806 0.999986231 0.001331113 -1.229850173 0.006505248 -0.001298070 0.999978006 44.055633545
0.999966502 0.004431273 -0.006881003 0.795809388 -0.004421309 0.999989152 0.001462508 -1.242580295 0.006887410 -0.001432036 0.999975204 44.612674713
0.999963939 0.004910781 -0.006927029 0.806908190 -0.004902413 0.999987185 0.001224527 -1.254071116 0.006932955 -0.001190523 0.999975264 45.164890289
0.999962807 0.005066754 -0.006990178 0.812180877 -0.005059619 0.999986649 0.001038014 -1.262101412 0.006995345 -0.001002607 0.999975026 45.690196991
0.999967873 0.004262863 -0.006784477 0.814677954 -0.004251151 0.999989450 0.001739799 -1.289617658 0.006791822 -0.001710901 0.999975443 46.244995117
0.999966025 0.003614810 -0.007400058 0.831622660 -0.003605414 0.999992669 0.001282735 -1.301695824 0.007404641 -0.001256011 0.999971747 46.785366058
0.999963582 0.004670864 -0.007142030 0.842354536 -0.004656359 0.999987066 0.002046363 -1.326696873 0.007151496 -0.002013033 0.999972343 47.321483612
0.999971449 0.003736565 -0.006563540 0.818841636 -0.003729377 0.999992430 0.001106990 -1.321604609 0.006567627 -0.001082481 0.999977827 47.896896362
0.999968052 0.004351323 -0.006706138 0.827363729 -0.004341428 0.999989450 0.001489432 -1.341064334 0.006712548 -0.001460270 0.999976337 48.450710297
0.999970913 0.003707061 -0.006665770 0.840037704 -0.003700238 0.999992609 0.001035628 -1.348137617 0.006669560 -0.001010933 0.999977231 48.991943359
0.999973118 0.003925400 -0.006189883 0.828456998 -0.003916547 0.999991298 0.001441928 -1.366748333 0.006195490 -0.001417647 0.999979794 49.541038513
0.999971151 0.004187024 -0.006343131 0.841233969 -0.004179133 0.999990463 0.001256853 -1.381914258 0.006348334 -0.001230308 0.999979138 50.089027405
0.999972939 0.004466966 -0.005852176 0.847442985 -0.004455533 0.999988198 0.001965043 -1.402985334 0.005860885 -0.001938915 0.999980927 50.632469177
0.999971747 0.003759647 -0.006505262 0.857743859 -0.003753174 0.999992430 0.001006926 -1.411792994 0.006508998 -0.000982482 0.999978304 51.196228027
0.999973118 0.003911129 -0.006211329 0.864386797 -0.003902180 0.999991298 0.001452244 -1.428443193 0.006216955 -0.001427967 0.999979615 51.751045227
0.999972463 0.003825017 -0.006354749 0.873258293 -0.003818698 0.999992192 0.001006122 -1.439906955 0.006358548 -0.000981827 0.999979258 52.304389954
0.999970734 0.003599338 -0.006748716 0.885226130 -0.003591346 0.999992847 0.001195890 -1.460153818 0.006752972 -0.001171618 0.999976516 52.844341278
0.999972284 0.003394019 -0.006626828 0.888459623 -0.003385109 0.999993384 0.001355232 -1.473432302 0.006631383 -0.001332762 0.999977171 53.384323120
0.999971032 0.003650149 -0.006679025 0.896371245 -0.003640459 0.999992311 0.001462286 -1.491221666 0.006684310 -0.001437929 0.999976635 53.929969788
0.999973476 0.003705760 -0.006265093 0.905121863 -0.003698266 0.999992430 0.001207323 -1.506000876 0.006269520 -0.001184121 0.999979675 54.475044250
0.999974132 0.003847714 -0.006063689 0.900578380 -0.003840473 0.999991834 0.001205400 -1.513234854 0.006068277 -0.001182081 0.999980867 55.034626007
0.999974489 0.004011049 -0.005895301 0.903251886 -0.004004949 0.999991417 0.001046124 -1.529198885 0.005899446 -0.001022487 0.999982059 55.580463409
0.999973357 0.003451351 -0.006430945 0.918920040 -0.003443891 0.999993384 0.001170734 -1.542962670 0.006434944 -0.001148555 0.999978662 56.121513367
0.999972880 0.003220539 -0.006623862 0.924094141 -0.003214051 0.999994338 0.000989816 -1.553591847 0.006627013 -0.000968500 0.999977529 56.671241760
0.999974608 0.003403280 -0.006263536 0.936097741 -0.003397925 0.999993801 0.000865575 -1.569581866 0.006266444 -0.000844270 0.999979973 57.220188141
0.999973834 0.003786802 -0.006164901 0.938235223 -0.003780616 0.999992311 0.001014807 -1.583949208 0.006168697 -0.000991473 0.999980450 57.771854401
0.999968767 0.003560437 -0.007054311 0.949310958 -0.003552275 0.999992907 0.001169085 -1.602417588 0.007058424 -0.001143990 0.999974430 58.316711426
0.999975741 0.003425431 -0.006070330 0.957636952 -0.003420139 0.999993742 0.000882062 -1.614440322 0.006073313 -0.000861280 0.999981225 58.859279633
0.999974430 0.003653454 -0.006141655 0.960752249 -0.003650593 0.999993145 0.000477075 -1.620251060 0.006143356 -0.000454642 0.999981046 59.399452209
0.999975026 0.003298517 -0.006248857 0.971082568 -0.003297992 0.999994516 0.000094402 -1.634558439 0.006249135 -0.000073791 0.999980509 59.946414948
0.999974489 0.003658054 -0.006144386 0.976821780 -0.003656864 0.999993265 0.000204969 -1.648389816 0.006145095 -0.000182495 0.999981105 60.492389679
0.999972582 0.003917888 -0.006271830 0.979767144 -0.003917135 0.999992311 0.000132450 -1.662438631 0.006272302 -0.000107879 0.999980271 61.032440186
0.999974370 0.004335690 -0.005700374 0.987601519 -0.004332903 0.999990463 0.000501325 -1.683157325 0.005702493 -0.000476613 0.999983609 61.582466125
0.999977350 0.003824231 -0.005529228 0.992570281 -0.003822853 0.999992669 0.000259881 -1.688697100 0.005530181 -0.000238738 0.999984682 62.140323639
0.999973238 0.004019684 -0.006108987 1.008018017 -0.004017512 0.999991834 0.000367666 -1.712421536 0.006110415 -0.000343113 0.999981344 62.662532806
0.999971747 0.004402523 -0.006091753 1.001491547 -0.004401722 0.999990225 0.000144951 -1.724113941 0.006092332 -0.000118133 0.999981463 63.210803986
0.999973893 0.004555291 -0.005612428 1.000157118 -0.004555320 0.999989629 0.000007513 -1.733434916 0.005612404 0.000018053 0.999984264 63.760944366
0.999968469 0.004838162 -0.006283008 1.010918856 -0.004836028 0.999988198 0.000354757 -1.757518530 0.006284650 -0.000324361 0.999980211 64.306617737
0.999968350 0.004848863 -0.006311464 1.019137383 -0.004849469 0.999988258 -0.000080679 -1.768351674 0.006310998 0.000111284 0.999980152 64.847740173
0.999967873 0.004673004 -0.006503033 1.040305972 -0.004670470 0.999989033 0.000404859 -1.785763860 0.006504851 -0.000374474 0.999978781 65.385101318
0.999968469 0.004531823 -0.006527109 1.049752474 -0.004531413 0.999989748 0.000077362 -1.800177336 0.006527391 -0.000047783 0.999978721 65.938453674
0.999969840 0.004210197 -0.006523352 1.062059641 -0.004207178 0.999991059 0.000476365 -1.817093730 0.006525299 -0.000448905 0.999978602 66.479156494
0.999965787 0.004146158 -0.007157493 1.076732635 -0.004145935 0.999991417 0.000045781 -1.827172279 0.007157621 -0.000016105 0.999974370 67.017189026
0.999970496 0.004469236 -0.006251620 1.059163570 -0.004466770 0.999989927 0.000408125 -1.846429110 0.006253382 -0.000380189 0.999980390 67.569816589
0.999971688 0.004212274 -0.006232644 1.064741611 -0.004211199 0.999991179 0.000185415 -1.859509349 0.006233369 -0.000159163 0.999980628 68.114891052
0.999970317 0.004980551 -0.005884734 1.072992325 -0.004975155 0.999987125 0.000931154 -1.882863164 0.005889297 -0.000901849 0.999982238 68.663398743
0.999970138 0.004929370 -0.005952377 1.074888349 -0.004927635 0.999987781 0.000306181 -1.892174125 0.005953813 -0.000276840 0.999982178 69.202087402
0.999970317 0.005235173 -0.005660217 1.077762723 -0.005236953 0.999986231 -0.000299629 -1.896833658 0.005658571 0.000329262 0.999983907 69.758575439
0.999971688 0.005074882 -0.005575676 1.097925782 -0.005075186 0.999987185 -0.000040266 -1.915171504 0.005575399 0.000068562 0.999984384 70.288452148
0.999974906 0.004960432 -0.005056598 1.079465389 -0.004958760 0.999987662 0.000342832 -1.935284853 0.005058237 -0.000317749 0.999987185 70.820930481
0.999972105 0.005309707 -0.005256950 1.091140509 -0.005308080 0.999985814 0.000323350 -1.952135682 0.005258594 -0.000295437 0.999986112 71.368324280
0.999973178 0.005237326 -0.005116818 1.098150969 -0.005238725 0.999986231 -0.000259904 -1.961322308 0.005115385 0.000286702 0.999986887 71.919738770
0.999969780 0.005544364 -0.005454553 1.106740475 -0.005542031 0.999984562 0.000443034 -1.986232042 0.005456925 -0.000412791 0.999985039 72.449951172
0.999966204 0.005605918 -0.006014064 1.119611382 -0.005601335 0.999984086 0.000778661 -2.006787300 0.006018335 -0.000744948 0.999981642 72.994735718
0.999969840 0.005608311 -0.005373573 1.117903829 -0.005607023 0.999984384 0.000254575 -2.017751455 0.005374917 -0.000224437 0.999985456 73.542457581
0.999970794 0.005457578 -0.005348205 1.124161363 -0.005454076 0.999984860 0.000669167 -2.033586025 0.005351775 -0.000639978 0.999985456 74.090690613
0.999968648 0.005614369 -0.005581440 1.134851336 -0.005612476 0.999984205 0.000354731 -2.049239159 0.005583344 -0.000323395 0.999984324 74.613906860
0.999966681 0.005746496 -0.005799165 1.146143317 -0.005742638 0.999983370 0.000681884 -2.065243006 0.005802986 -0.000648559 0.999982953 75.151481628
0.999968588 0.005225853 -0.005964682 1.154402733 -0.005221389 0.999986053 0.000763795 -2.083954096 0.005968591 -0.000732627 0.999981880 75.689727783
0.999968588 0.005198388 -0.005979303 1.162219167 -0.005195828 0.999986410 0.000443715 -2.097486496 0.005981529 -0.000412634 0.999981999 76.231651306
0.999961555 0.006220080 -0.006179629 1.169643283 -0.006215599 0.999980450 0.000744102 -2.112900257 0.006184136 -0.000705663 0.999980628 76.781265259
0.999967694 0.005473708 -0.005885780 1.177876592 -0.005472165 0.999984980 0.000278238 -2.128495455 0.005887215 -0.000246021 0.999982655 77.320442200
0.999970138 0.005099257 -0.005810584 1.185397029 -0.005097130 0.999986947 0.000380867 -2.139324188 0.005812450 -0.000351238 0.999983072 77.876136780
0.999969006 0.004751915 -0.006285911 1.198346138 -0.004747738 0.999988496 0.000679363 -2.160303116 0.006289066 -0.000649498 0.999980032 78.413345337
0.999968350 0.005522334 -0.005733162 1.200516462 -0.005520693 0.999984741 0.000302141 -2.170446873 0.005734743 -0.000270481 0.999983549 78.977012634
0.999968112 0.005052160 -0.006185771 1.209756494 -0.005048929 0.999987125 0.000537953 -2.187876463 0.006188409 -0.000506704 0.999980748 79.495407104
0.999966800 0.005255591 -0.006233763 1.215262771 -0.005252420 0.999986053 0.000525070 -2.202148438 0.006236436 -0.000492311 0.999980390 80.045478821
0.999966085 0.005336542 -0.006268631 1.226013660 -0.005336536 0.999985695 0.000017355 -2.213876009 0.006268635 0.000016098 0.999980271 80.582260132
0.999975443 0.004756921 -0.005151054 1.236429691 -0.004755110 0.999988556 0.000363743 -2.231400251 0.005152727 -0.000339240 0.999986649 81.137733459
0.999974012 0.005809342 -0.004265926 1.243850112 -0.005806555 0.999982834 0.000665118 -2.250021458 0.004269717 -0.000640331 0.999990642 81.679702759
0.999982059 0.005318453 -0.002745580 1.251401901 -0.005317158 0.999985874 0.000478418 -2.265712500 0.002748086 -0.000463811 0.999996126 82.212287903
0.999984801 0.005365332 -0.001346010 1.260453224 -0.005364865 0.999985516 0.000350869 -2.277119160 0.001347873 -0.000343643 0.999999046 82.754554749
0.999983132 0.005581440 0.001624000 1.278585553 -0.005581747 0.999984503 0.000184567 -2.290803194 -0.001622945 -0.000193629 0.999998629 83.306282043
0.999972284 0.005405854 0.005110953 1.297133923 -0.005406897 0.999985337 0.000190137 -2.305859327 -0.005109849 -0.000217766 0.999986947 83.840667725
0.999947071 0.005872389 0.008448101 1.311303020 -0.005874947 0.999982655 0.000278004 -2.319351912 -0.008446321 -0.000327621 0.999964297 84.401535034
0.999898851 0.005722703 0.013018399 1.343571424 -0.005728293 0.999983490 0.000392115 -2.342511654 -0.013015940 -0.000466648 0.999915123 84.956359863
0.999802947 0.005587332 0.019048451 1.367709279 -0.005594011 0.999984264 0.000297393 -2.356468201 -0.019046487 -0.000403892 0.999818504 85.516189575
0.999681592 0.005516340 0.024625115 1.397675991 -0.005546676 0.999983966 0.001163832 -2.380074739 -0.024618302 -0.001300049 0.999696016 86.035659790
0.999537408 0.005068441 0.029991977 1.430313468 -0.005064867 0.999987125 -0.000195137 -2.379305363 -0.029992588 0.000043141 0.999550104 86.604560852
0.999273181 0.005344373 0.037743229 1.468273282 -0.005350592 0.999985695 0.000063771 -2.397814512 -0.037742347 -0.000265673 0.999287426 87.150230408
0.998913229 0.005564037 0.046275988 1.511467934 -0.005580626 0.999984384 0.000229303 -2.418049335 -0.046273991 -0.000487303 0.998928666 87.694252014
0.998573005 0.005124736 0.053156395 1.554221869 -0.005147590 0.999986708 0.000293028 -2.436001301 -0.053154185 -0.000566237 0.998586297 88.244529724
0.998043597 0.005225123 0.062301911 1.607034206 -0.005239449 0.999986291 0.000066590 -2.450055838 -0.062300712 -0.000392887 0.998057365 88.790817261
0.997403979 0.005412989 0.071805321 1.668757915 -0.005410144 0.999985397 -0.000234108 -2.459448814 -0.071805552 -0.000154977 0.997418642 89.344192505
0.996706605 0.004997311 0.080937885 1.727241516 -0.005011320 0.999987423 -0.000030062 -2.482221365 -0.080937035 -0.000375642 0.996719122 89.899375916
0.996036828 0.004582586 0.088823304 1.798058510 -0.004605399 0.999989390 0.000051915 -2.501059055 -0.088822119 -0.000460776 0.996047437 90.441558838
0.995064557 0.004326217 0.099134833 1.875024319 -0.004359945 0.999990463 0.000123571 -2.516535521 -0.099133357 -0.000555184 0.995073974 90.970924377
0.993850946 0.004814158 0.110621274 1.943840027 -0.004860903 0.999988139 0.000152882 -2.534214020 -0.110619210 -0.000689661 0.993862629 91.566764832
0.992808878 0.003722495 0.119651869 2.031618118 -0.003714496 0.999993086 -0.000289865 -2.543668509 -0.119652100 -0.000156666 0.992815852 92.114700317
0.991408050 0.004375055 0.130731702 2.117742538 -0.004417851 0.999990225 0.000037332 -2.555397272 -0.130730256 -0.000614564 0.991417825 92.674530029
0.989725769 0.003853450 0.142926708 2.220067978 -0.003875744 0.999992490 -0.000122424 -2.580818415 -0.142926097 -0.000432782 0.989733279 93.224235535
0.988087475 0.003959545 0.153842226 2.323478699 -0.004067875 0.999991655 0.000389379 -2.601505280 -0.153839365 -0.001010552 0.988095403 93.770965576
0.986399055 0.003685392 0.164326996 2.427036285 -0.003730353 0.999992967 -0.000034985 -2.607083797 -0.164325953 -0.000578489 0.986405909 94.321243286
0.984179854 0.003264928 0.177142084 2.548558235 -0.003337333 0.999994397 0.000110791 -2.626994848 -0.177140728 -0.000700220 0.984185278 94.845954895
0.981853902 0.002685725 0.189619958 2.673920631 -0.002755809 0.999996185 0.000105930 -2.639599323 -0.189618990 -0.000626564 0.981857538 95.393356323
0.979822516 0.003056830 0.199846312 2.798614502 -0.003176613 0.999994934 0.000278730 -2.653618097 -0.199844480 -0.000907940 0.979827225 95.925575256
0.977132797 0.002655939 0.212613672 2.941072464 -0.002813592 0.999995887 0.000438946 -2.672889471 -0.212611645 -0.001027117 0.977136195 96.443275452
0.974155307 0.002211380 0.225868449 3.094739914 -0.002293329 0.999997318 0.000100428 -2.684316397 -0.225867599 -0.000615823 0.974157810 96.989868164
0.971509993 0.001684104 0.236992478 3.244338989 -0.001734894 0.999998450 0.000005763 -2.700123549 -0.236992061 -0.000416755 0.971511543 97.522171021
0.968524575 0.001499992 0.248913601 3.397033691 -0.001576619 0.999998868 0.000108486 -2.712825060 -0.248913139 -0.000497514 0.968525648 98.035140991
0.964696646 0.001653665 0.263358504 3.564552307 -0.001812774 0.999998271 0.000361158 -2.734993696 -0.263357460 -0.000825818 0.964697957 98.629516602
0.961224079 0.000999570 0.275766611 3.736755371 -0.001138307 0.999999285 0.000343041 -2.749580383 -0.275766075 -0.000643646 0.961224496 99.158416748
0.958201945 0.000052958 0.286092848 3.884134293 -0.000003763 1.000000000 -0.000172506 -2.760995626 -0.286092848 0.000164219 0.958201826 99.625518799
0.953545511 0.000919245 0.301247656 4.089536667 -0.001190943 0.999999046 0.000718261 -2.787355423 -0.301246703 -0.001043663 0.953545690 100.222534180
0.949334741 0.000639205 0.314265966 4.288963318 -0.000925376 0.999999285 0.000761416 -2.804496050 -0.314265281 -0.001013653 0.949334741 100.717315674
0.945498466 -0.000495682 0.325626045 4.486457825 0.000439350 0.999999940 0.000246531 -2.807071447 -0.325626135 -0.000090031 0.945498586 101.236885071
0.940695167 -0.000169290 0.339252859 4.703302383 0.000035136 0.999999940 0.000401581 -2.829157352 -0.339252889 -0.000365845 0.940695107 101.786560059
0.935700297 -0.000171627 0.352795899 4.926183701 -0.000030767 0.999999881 0.000568077 -2.844653845 -0.352795929 -0.000542404 0.935700119 102.296020508
0.930858552 -0.000670635 0.365379155 5.138879776 0.000408973 0.999999583 0.000793529 -2.859634161 -0.365379542 -0.000589233 0.930858433 102.802223206
0.926229894 -0.001147370 0.376957715 5.374340057 0.001041728 0.999999344 0.000484112 -2.879140139 -0.376958072 -0.000055712 0.926230371 103.315811157
0.920516610 -0.001863979 0.390698969 5.612926483 0.001799395 0.999998271 0.000531364 -2.892759800 -0.390699267 0.000213892 0.920518398 103.806724548
0.914521098 -0.001978770 0.404533386 5.855060577 0.001748451 0.999998033 0.000938785 -2.911130905 -0.404534400 -0.000151232 0.914522767 104.315689087
0.909634888 -0.002486218 0.415401369 6.104526520 0.002376339 0.999996841 0.000781433 -2.930088282 -0.415401995 0.000276316 0.909637868 104.788604736
0.903460085 -0.002688971 0.428663701 6.370849609 0.002463834 0.999996364 0.001080067 -2.943398476 -0.428665102 0.000080358 0.903463423 105.297912598
0.896973431 -0.002676884 0.442076176 6.637561798 0.002254229 0.999996364 0.001481397 -2.964796066 -0.442078531 -0.000332233 0.896976352 105.765617371
0.891498983 -0.003736197 0.453007340 6.914093018 0.003473093 0.999992967 0.001412585 -2.980388641 -0.453009427 0.000314018 0.891505659 106.244750977
0.885317326 -0.004528028 0.464965284 7.175437927 0.004559983 0.999989033 0.001055879 -2.983243227 -0.464964986 0.001185446 0.885328293 106.739944458
0.878095329 -0.004322438 0.478466183 7.461441040 0.004516600 0.999989510 0.000744855 -2.989608049 -0.478464365 0.001506987 0.878105760 107.239257812
0.871084332 -0.004589890 0.491112053 7.743873596 0.004691490 0.999988437 0.001024521 -3.012919903 -0.491111040 0.001411602 0.871095896 107.690353394
