1.000000000 0.000000000 0.000000000 0.000000000 0.000000000 1.000000000 0.000000000 0.000000000 0.000000000 0.000000000 1.000000000 0.000000000
1.000000000 -0.000028411 -0.000134098 0.003919510 0.000028417 1.000000000 0.000047976 -0.000477751 0.000134097 -0.000047980 1.000000000 -0.000813129
1.000000000 0.000109667 -0.000027103 0.000719846 -0.000109667 1.000000000 0.000027897 -0.000736611 0.000027106 -0.000027894 1.000000000 -0.002989789
1.000000000 -0.000173183 -0.000146763 0.006170769 0.000173202 1.000000000 0.000124338 -0.001756100 0.000146741 -0.000124363 1.000000000 -0.002846890
1.000000000 -0.000143703 -0.000168847 0.003954996 0.000143717 1.000000000 0.000079122 -0.001479901 0.000168836 -0.000079146 1.000000000 -0.003100348
1.000000000 0.000018587 0.000011602 -0.000705318 -0.000018587 1.000000000 -0.000050447 -0.000335577 -0.000011603 0.000050447 1.000000000 -0.002226972
1.000000000 -0.000039120 -0.000095173 0.003138104 0.000039132 1.000000000 0.000125782 -0.002418561 0.000095169 -0.000125786 1.000000000 -0.005712955
1.000000000 -0.000045571 -0.000052545 -0.001154208 0.000045574 1.000000000 0.000058929 -0.000209379 0.000052543 -0.000058931 1.000000000 0.002721166
1.000000000 0.000001224 -0.000071187 0.002210542 -0.000001222 1.000000000 0.000031540 -0.002882751 0.000071187 -0.000031540 1.000000000 -0.007217950
1.000000000 -0.000073956 -0.000053772 0.001837750 0.000073962 1.000000000 0.000100530 -0.000759569 0.000053765 -0.000100534 1.000000000 -0.005999623
1.000000000 -0.000018887 0.000018657 0.000087966 0.000018886 1.000000000 0.000037066 -0.000857563 -0.000018657 -0.000037066 1.000000000 -0.002479864
0.999999940 -0.000222520 -0.000125639 0.001308827 0.000222533 0.999999940 0.000106751 -0.003078883 0.000125615 -0.000106779 1.000000000 -0.008414652
1.000000000 -0.000026165 0.000053059 -0.000043784 0.000026161 1.000000000 0.000073389 -0.001679104 -0.000053061 -0.000073387 1.000000000 -0.004002937
1.000000000 -0.000096405 -0.000014414 0.001614068 0.000096407 1.000000000 0.000127607 -0.002369637 0.000014402 -0.000127608 1.000000000 -0.006638834
1.000000000 -0.000164657 -0.000080997 0.001724370 0.000164667 1.000000000 0.000134241 -0.001974758 0.000080975 -0.000134255 1.000000000 -0.006405598
1.000000000 -0.000097382 -0.000077967 0.000758980 0.000097391 1.000000000 0.000122781 -0.001555427 0.000077955 -0.000122789 1.000000000 -0.005994624
1.000000000 -0.000237596 -0.000052258 0.001168878 0.000237600 0.999999940 0.000087943 -0.001800437 0.000052237 -0.000087955 1.000000000 -0.007161266
1.000000000 -0.000065244 -0.000083424 0.002829757 0.000065259 1.000000000 0.000181778 -0.003155891 0.000083412 -0.000181783 1.000000000 -0.009936069
0.999999940 -0.000346837 -0.000106720 0.003475927 0.000346860 0.999999940 0.000216803 -0.004573759 0.000106645 -0.000216840 1.000000000 -0.010135976
1.000000000 -0.000120187 -0.000052415 0.001736406 0.000120193 1.000000000 0.000105528 -0.003557587 0.000052402 -0.000105534 1.000000000 -0.006228154
1.000000000 -0.000087593 -0.000060651 0.003288449 0.000087611 0.999999940 0.000291118 -0.005985667 0.000060626 -0.000291123 0.999999940 -0.008813853
1.000000000 -0.000006214 0.000017443 0.000057858 0.000006212 1.000000000 0.000120971 -0.001296123 -0.000017444 -0.000120971 1.000000000 -0.005360721
0.999999940 -0.000219775 -0.000192064 0.005665123 0.000219827 0.999999940 0.000275086 -0.003383986 0.000192003 -0.000275128 0.999999940 -0.013236412
0.999999940 -0.000294176 -0.000072546 0.000010435 0.000294196 0.999999940 0.000271273 -0.004009038 0.000072466 -0.000271294 0.999999940 -0.007662972
0.999999940 -0.000267068 -0.000193278 0.005749762 0.000267115 0.999999940 0.000245283 -0.003536802 0.000193213 -0.000245335 0.999999940 -0.011775116
1.000000000 -0.000177607 -0.000107681 0.002716771 0.000177636 0.999999940 0.000271058 -0.003789952 0.000107633 -0.000271078 0.999999940 -0.011217838
1.000000000 -0.000047640 -0.000088216 0.001589681 0.000047658 1.000000000 0.000204504 -0.004806232 0.000088206 -0.000204508 1.000000000 -0.011018758
1.000000000 -0.000193844 -0.000091194 0.002580745 0.000193870 0.999999940 0.000279119 -0.004261898 0.000091140 -0.000279137 0.999999940 -0.006304287
1.000000000 -0.000193463 -0.000083379 -0.000561672 0.000193474 1.000000000 0.000139635 0.000532684 0.000083352 -0.000139651 1.000000000 -0.006060388
1.000000000 -0.000047004 -0.000031118 -0.002243896 0.000047010 1.000000000 0.000172226 -0.000428078 0.000031110 -0.000172228 1.000000000 0.000541285
1.000000000 -0.000121302 -0.000077890 -0.000738410 0.000121320 0.999999940 0.000228877 -0.001638702 0.000077862 -0.000228887 1.000000000 -0.001876975
0.999999940 -0.000298784 -0.000197082 -0.001299128 0.000298831 0.999999940 0.000236069 -0.003002213 0.000197012 -0.000236128 0.999999940 -0.009880259
0.999999940 -0.000358351 -0.000169673 0.002829836 0.000358394 0.999999881 0.000253376 -0.004017312 0.000169583 -0.000253437 0.999999940 -0.008552738
1.000000000 -0.000092139 -0.000139340 0.000600783 0.000092159 1.000000000 0.000138846 -0.001909863 0.000139328 -0.000138859 1.000000000 -0.003462456
1.000000000 -0.000191568 -0.000096161 0.000934791 0.000191582 1.000000000 0.000138185 -0.002617359 0.000096135 -0.000138204 1.000000000 -0.003456408
0.999999940 -0.000295900 -0.000091780 -0.000401508 0.000295900 0.999999940 0.000000418 -0.000795901 0.000091780 -0.000000446 1.000000000 -0.006360833
0.999999940 -0.000265249 -0.000114606 0.002638441 0.000265268 0.999999940 0.000159962 -0.001904337 0.000114564 -0.000159992 1.000000000 -0.008424773
0.999999940 -0.000247602 -0.000192330 0.001641840 0.000247635 0.999999940 0.000168516 -0.001451561 0.000192289 -0.000168563 0.999999940 -0.007637002
0.999999940 -0.000237546 -0.000122084 0.000388023 0.000237580 0.999999940 0.000283124 -0.002635936 0.000122016 -0.000283153 0.999999940 -0.009477662
0.999999940 -0.000319681 -0.000177292 0.003087024 0.000319728 0.999999940 0.000267610 -0.005126652 0.000177206 -0.000267667 0.999999940 -0.008199170
0.999999940 -0.000231161 -0.000160362 0.007764739 0.000231103 0.999999881 -0.000363975 -0.009382790 0.000160446 0.000363938 0.999999940 0.043880478
0.999999940 -0.000281652 -0.000192673 0.006406785 0.000281448 0.999999404 -0.001060763 -0.007326997 0.000192972 0.001060709 0.999999404 0.140028834
0.999999940 -0.000280232 -0.000133861 0.003314704 0.000280062 0.999999166 -0.001271589 -0.013608697 0.000134217 0.001271552 0.999999166 0.260955513
0.999999940 -0.000408987 0.000009253 0.001700101 0.000408998 0.999999106 -0.001259525 -0.018490842 -0.000008738 0.001259529 0.999999225 0.395240545
0.999999940 -0.000148027 -0.000250926 0.015191317 0.000147769 0.999999464 -0.001028839 -0.022923511 0.000251078 0.001028801 0.999999464 0.530116796
1.000000000 -0.000116441 -0.000078327 0.013815667 0.000116366 0.999999523 -0.000946473 -0.030250840 0.000078437 0.000946464 0.999999523 0.690884233
0.999999881 -0.000273577 0.000398120 0.010224573 0.000273917 0.999999583 -0.000854060 -0.030942393 -0.000397886 0.000854169 0.999999583 0.869016290
0.999999821 -0.000507744 -0.000270663 0.023097679 0.000507629 0.999999762 -0.000424612 -0.041631773 0.000270878 0.000424475 0.999999881 1.027829289
0.999999940 -0.000079270 0.000245252 0.023377933 0.000079428 0.999999762 -0.000645187 -0.039587993 -0.000245200 0.000645206 0.999999762 1.204423547
0.999999940 -0.000272841 0.000050057 0.041467257 0.000272852 0.999999940 -0.000213756 -0.055687837 -0.000049999 0.000213770 1.000000000 1.419145107
1.000000000 -0.000181558 -0.000024520 0.040425986 0.000181552 0.999999940 -0.000253446 -0.063911684 0.000024566 0.000253441 0.999999940 1.602563024
0.999999881 -0.000182715 0.000426955 0.026700182 0.000182631 0.999999940 0.000198068 -0.069991320 -0.000426991 -0.000197990 0.999999881 1.787325144
0.999997795 0.000845155 0.001919048 0.017315980 -0.000844280 0.999999523 -0.000456838 -0.100398548 -0.001919433 0.000455217 0.999997973 1.948342681
0.999996245 0.001323086 0.002380748 0.016691655 -0.001321236 0.999998868 -0.000778656 -0.103967749 -0.002381775 0.000775508 0.999996841 2.177928925
0.999996662 0.001306549 0.002236243 0.029701736 -0.001305196 0.999998987 -0.000606544 -0.114716828 -0.002237033 0.000603624 0.999997318 2.378265142
0.999996364 0.001559533 0.002217453 0.035721175 -0.001558456 0.999998689 -0.000487039 -0.123050764 -0.002218210 0.000483582 0.999997377 2.611683369
0.999994993 0.001530466 0.002780433 0.037656680 -0.001529213 0.999998808 -0.000452612 -0.127019182 -0.002781122 0.000448358 0.999996006 2.847556591
0.999995708 0.001552508 0.002474910 0.051387243 -0.001551071 0.999998629 -0.000582387 -0.133335248 -0.002475810 0.000578546 0.999996781 3.074738503
0.999993324 0.002232030 0.002871247 0.046668693 -0.002229353 0.999997079 -0.000935282 -0.136891514 -0.002873326 0.000928875 0.999995410 3.333218098
0.999994636 0.001873868 0.002711214 0.059643727 -0.001872661 0.999998152 -0.000447734 -0.151182637 -0.002712049 0.000442654 0.999996245 3.563115597
0.999993026 0.002353426 0.002873717 0.070922785 -0.002352550 0.999997199 -0.000308068 -0.164119840 -0.002874434 0.000301305 0.999995768 3.805387259
0.999993861 0.002137845 0.002800548 0.080554865 -0.002137236 0.999997675 -0.000220504 -0.168973550 -0.002801013 0.000214517 0.999996066 4.073757648
0.999996364 0.000891173 0.002540950 0.070192575 -0.000892573 0.999999404 0.000549659 -0.189939812 -0.002540459 -0.000551924 0.999996603 4.288646698
0.999996424 0.001097413 0.002444012 0.080533087 -0.001098181 0.999999344 0.000312782 -0.194340393 -0.002443667 -0.000315465 0.999996960 4.550135136
0.999995410 0.001083077 0.002822669 0.084589273 -0.001084662 0.999999285 0.000559850 -0.205886781 -0.002822060 -0.000562909 0.999995828 4.819388390
0.999994040 0.001847303 0.002919497 0.100145645 -0.001848437 0.999998271 0.000385864 -0.207535103 -0.002918779 -0.000391258 0.999995589 5.085496902
0.999995470 0.001294376 0.002706588 0.085653037 -0.001296293 0.999998987 0.000706578 -0.221319556 -0.002705670 -0.000710083 0.999996006 5.351047039
0.999993682 0.001630871 0.003135013 0.066952720 -0.001635723 0.999997497 0.001545804 -0.264293075 -0.003132484 -0.001550922 0.999993920 5.566875458
0.999994278 0.001730630 0.002904317 0.073781565 -0.001735347 0.999997199 0.001622290 -0.271885723 -0.002901501 -0.001627321 0.999994516 5.831079006
0.999994695 0.000924526 0.003104941 0.083264217 -0.000929687 0.999998152 0.001661374 -0.282306701 -0.003103399 -0.001664252 0.999993861 6.111872196
0.999993682 0.001157219 0.003345480 0.087060511 -0.001163409 0.999997616 0.001848888 -0.291470349 -0.003343333 -0.001852768 0.999992728 6.388131142
0.999993622 0.001536380 0.003224522 0.079713345 -0.001541379 0.999997556 0.001548225 -0.299360394 -0.003222136 -0.001553186 0.999993622 6.675496101
0.999993742 0.001201571 0.003362148 0.093611404 -0.001207905 0.999997556 0.001882616 -0.311813802 -0.003359878 -0.001886665 0.999992609 6.965807438
0.999993801 0.001174544 0.003325510 0.101238415 -0.001181485 0.999997079 0.002085969 -0.320785075 -0.003323050 -0.002089885 0.999992371 7.266458035
0.999992311 0.001515496 0.003619722 0.106665462 -0.001523476 0.999996364 0.002202793 -0.333367556 -0.003616370 -0.002208290 0.999991059 7.574076653
0.999991119 0.002149285 0.003620246 0.106535241 -0.002156336 0.999995708 0.001944808 -0.340523005 -0.003616051 -0.001952597 0.999991477 7.903392792
0.999991834 0.001987673 0.003509297 0.116430067 -0.001993183 0.999996722 0.001567448 -0.345678091 -0.003506170 -0.001574430 0.999992549 8.220592499
0.999990761 0.002196595 0.003683163 0.125003949 -0.002201811 0.999996543 0.001412803 -0.344162047 -0.003680047 -0.001420899 0.999992251 8.546701431
0.999990523 0.001550711 0.004067027 0.113531254 -0.001559486 0.999996483 0.002155171 -0.373031706 -0.004063671 -0.002161494 0.999989390 8.845950127
0.999991536 0.001312276 0.003890151 0.125292987 -0.001320212 0.999997020 0.002038169 -0.382658899 -0.003887465 -0.002043287 0.999990344 9.192116737
0.999991119 0.000891372 0.004117139 0.137776524 -0.000899935 0.999997437 0.002078414 -0.393959433 -0.004115276 -0.002082101 0.999989331 9.543936729
0.999992132 0.001282549 0.003759674 0.149106055 -0.001291598 0.999996305 0.002405473 -0.403670043 -0.003756574 -0.002410311 0.999990046 9.876476288
0.999992073 0.001248163 0.003787745 0.159755081 -0.001257940 0.999995887 0.002579803 -0.425372839 -0.003784509 -0.002584547 0.999989510 10.185423851
0.999992847 0.000908969 0.003685093 0.172801688 -0.000919587 0.999995410 0.002880520 -0.434610695 -0.003682458 -0.002883888 0.999989092 10.549168587
0.999992371 0.001045728 0.003756967 0.175673679 -0.001056217 0.999995530 0.002790971 -0.445310116 -0.003754032 -0.002794918 0.999989092 10.936080933
0.999991477 0.001418424 0.003870318 0.179954752 -0.001430360 0.999994159 0.003083187 -0.459166884 -0.003865922 -0.003088696 0.999987721 11.303437233
0.999993682 0.000369104 0.003542908 0.211829007 -0.000380666 0.999994576 0.003263260 -0.467624515 -0.003541684 -0.003264588 0.999988437 11.676674843
0.999992430 0.001145338 0.003710937 0.207358375 -0.001157114 0.999994278 0.003172705 -0.495243400 -0.003707282 -0.003176975 0.999988079 12.022861481
0.999993622 0.000336971 0.003559830 0.221834958 -0.000348744 0.999994516 0.003307014 -0.507052779 -0.003558696 -0.003308235 0.999988198 12.409577370
0.999991596 0.001239683 0.003896776 0.236870125 -0.001253889 0.999992549 0.003645151 -0.515917540 -0.003892228 -0.003650006 0.999985695 12.800600052
0.999993682 0.000135504 0.003558719 0.237692922 -0.000149534 0.999992311 0.003942486 -0.545246840 -0.003558157 -0.003942994 0.999985814 13.194537163
0.999991059 0.000671132 0.004173447 0.243134424 -0.000687941 0.999991655 0.004027363 -0.556026161 -0.004170710 -0.004030198 0.999983132 13.614143372
0.999991596 0.000838852 0.004002123 0.253959239 -0.000856729 0.999989629 0.004467361 -0.568246484 -0.003998334 -0.004470753 0.999982059 14.027738571
0.999989510 -0.000112432 0.004579402 0.260348201 0.000093256 0.999991238 0.004187407 -0.577730179 -0.004579833 -0.004186936 0.999980748 14.478122711
0.999989331 0.000327863 0.004610728 0.287527174 -0.000350140 0.999988258 0.004831592 -0.618317366 -0.004609091 -0.004833155 0.999977648 14.827562332
0.999988377 0.000161562 0.004826318 0.298985898 -0.000184423 0.999988794 0.004736763 -0.629887104 -0.004825499 -0.004737597 0.999977112 15.251316071
0.999983609 0.000608073 0.005691560 0.313046873 -0.000636478 0.999987304 0.004990114 -0.639641583 -0.005688453 -0.004993654 0.999971390 15.732438087
0.999986112 0.000333905 0.005261343 0.329297990 -0.000358763 0.999988794 0.004724372 -0.646047890 -0.005259706 -0.004726194 0.999974966 16.162811279
0.999981523 0.000482379 0.006054027 0.329789698 -0.000515394 0.999984980 0.005453002 -0.685115516 -0.006051306 -0.005456022 0.999966800 16.577447891
0.999975145 0.001332335 0.006918953 0.344497412 -0.001371063 0.999983430 0.005595556 -0.695664227 -0.006911382 -0.005604903 0.999960423 17.044021606
0.999979794 0.000337366 0.006336519 0.365626007 -0.000374003 0.999983191 0.005781515 -0.704646409 -0.006334463 -0.005783768 0.999963164 17.499944687
0.999975741 0.000661347 0.006928652 0.375386566 -0.000705877 0.999979079 0.006426436 -0.728943884 -0.006924257 -0.006431172 0.999955356 17.949234009
0.999972641 -0.000251695 0.007393357 0.389987141 0.000210327 0.999984324 0.005595598 -0.724040031 -0.007394650 -0.005593890 0.999957025 18.441928864
0.999972284 0.000492716 0.007424193 0.396416724 -0.000536458 0.999982476 0.005890963 -0.739498794 -0.007421160 -0.005894784 0.999955118 18.900646210
0.999970675 0.000643986 0.007639208 0.415585876 -0.000690097 0.999981523 0.006034925 -0.751402020 -0.007635180 -0.006040019 0.999952674 19.377979279
0.999972701 0.001019172 0.007321242 0.426953495 -0.001061369 0.999982774 0.005762046 -0.757197320 -0.007315244 -0.005769659 0.999956608 19.870922089
0.999969840 0.001382894 0.007649085 0.431402802 -0.001427846 0.999981701 0.005874330 -0.773039103 -0.007640822 -0.005885074 0.999953568 20.386016846
0.999973893 0.000815990 0.007168532 0.464902639 -0.000862983 0.999978125 0.006554836 -0.803306818 -0.007163027 -0.006560851 0.999952734 20.829298019
0.999978423 0.000984760 0.006483343 0.477322936 -0.001026418 0.999978781 0.006425255 -0.802856624 -0.006476879 -0.006431771 0.999958336 21.340528488
0.999980569 0.001043672 0.006147431 0.490205765 -0.001083507 0.999978423 0.006480100 -0.825898647 -0.006140536 -0.006486635 0.999960065 21.828454971
0.999979436 0.001555736 0.006219134 0.511637390 -0.001598419 0.999975145 0.006864036 -0.844554424 -0.006208300 -0.006873836 0.999957025 22.336462021
0.999982238 0.000642483 0.005928460 0.511779368 -0.000682322 0.999977112 0.006720541 -0.847293139 -0.005924006 -0.006724467 0.999959826 22.804443359
0.999984264 0.000676285 0.005579243 0.519329667 -0.000716960 0.999973118 0.007291666 -0.872620225 -0.005574163 -0.007295551 0.999957800 23.338016510
0.999990702 -0.000896807 0.004217718 0.540475368 0.000869555 0.999978781 0.006458631 -0.875042260 -0.004223420 -0.006454903 0.999970257 23.854675293
0.999992311 -0.000037517 0.003925940 0.549490631 0.000009781 0.999975026 0.007064661 -0.888993204 -0.003926108 -0.007064569 0.999967337 24.390663147
0.999995232 0.000133062 0.003093016 0.566646457 -0.000154313 0.999976337 0.006871285 -0.898560107 -0.003092029 -0.006871730 0.999971628 24.933902740
0.999997020 0.000082617 0.002447157 0.570571780 -0.000099128 0.999977231 0.006747680 -0.907893181 -0.002446544 -0.006747902 0.999974251 25.471519470
0.999997377 -0.000514856 0.002233640 0.582388103 0.000500427 0.999979019 0.006455420 -0.918036819 -0.002236917 -0.006454285 0.999976695 26.018514633
0.999997914 -0.000373068 0.001984562 0.593040705 0.000358367 0.999972522 0.007402727 -0.928394377 -0.001987270 -0.007402001 0.999970555 26.564802170
0.999998629 -0.000438396 0.001634925 0.605957329 0.000426326 0.999972701 0.007375870 -0.944551528 -0.001638114 -0.007375163 0.999971449 27.103830338
0.999998510 0.000840729 0.001541693 0.620526552 -0.000852560 0.999970019 0.007689957 -0.967924774 -0.001535182 -0.007691260 0.999969244 27.644193649
0.999998987 0.000323486 0.001382599 0.603813887 -0.000334673 0.999967158 0.008098575 -0.984155536 -0.001379934 -0.008099031 0.999966204 28.202903748
0.999998987 0.000706405 0.001265847 0.618261039 -0.000717037 0.999964356 0.008418380 -1.002213597 -0.001259855 -0.008419279 0.999963760 28.751905441
0.999998212 0.001430133 0.001179367 0.615417540 -0.001439261 0.999968767 0.007775526 -1.010651827 -0.001168210 -0.007777210 0.999969125 29.338403702
1.000000000 0.000153988 0.000093882 0.639037907 -0.000154737 0.999967813 0.008023300 -1.019487023 -0.000092643 -0.008023314 0.999967813 29.858119965
1.000000000 0.000275383 -0.000035186 0.652762294 -0.000275081 0.999965370 0.008318956 -1.034706831 0.000037476 -0.008318946 0.999965370 30.403661728
0.999999881 0.000483057 -0.000169275 0.669584811 -0.000481612 0.999964356 0.008431735 -1.044994593 0.000173342 -0.008431653 0.999964356 30.958383560
0.999999642 -0.000019628 -0.000839361 0.679767787 0.000026988 0.999961555 0.008770166 -1.074366212 0.000839157 -0.008770184 0.999961197 31.523969650
0.999999404 -0.000008510 -0.001137377 0.696961582 0.000017757 0.999966919 0.008130942 -1.086294055 0.001137271 -0.008130955 0.999966323 32.053733826
0.999999225 0.000920965 -0.000750042 0.695090711 -0.000915041 0.999968767 0.007861020 -1.087270021 0.000757258 -0.007860330 0.999968827 32.583065033
0.999999464 0.000396830 -0.001069430 0.697392166 -0.000388034 0.999966204 0.008213212 -1.101857424 0.001072653 -0.008212790 0.999965727 33.123973846
0.999999285 0.000473897 -0.001069439 0.711164951 -0.000465326 0.999967813 0.008000978 -1.110771418 0.001073196 -0.008000476 0.999967396 33.689979553
0.999999523 0.000392922 -0.000904479 0.710817754 -0.000384804 0.999959826 0.008958292 -1.131519794 0.000907963 -0.008957941 0.999959469 34.226890564
0.999997973 0.000556747 -0.001923250 0.746113420 -0.000539894 0.999961555 0.008752339 -1.141582727 0.001928049 -0.008751283 0.999959826 34.752998352
0.999998569 0.000208258 -0.001689037 0.736017287 -0.000193385 0.999961257 0.008801017 -1.163501024 0.001690804 -0.008800678 0.999959826 35.280860901
0.999998271 -0.000302808 -0.001871677 0.736192882 0.000319041 0.999962330 0.008678520 -1.175785542 0.001868978 -0.008679103 0.999960542 35.840370178
0.999998093 0.000285741 -0.001966808 0.763393819 -0.000268629 0.999962211 0.008695318 -1.185329676 0.001969218 -0.008694774 0.999960244 36.413501740
0.999998033 0.000705701 -0.001867023 0.767409921 -0.000689616 0.999962687 0.008602170 -1.198737860 0.001873024 -0.008600865 0.999961257 36.961872101
0.999997675 0.000818887 -0.002034631 0.780977368 -0.000801641 0.999963820 0.008462518 -1.205171943 0.002041487 -0.008460864 0.999962151 37.521804810
0.999998152 0.001105239 -0.001566194 0.780825615 -0.001090888 0.999957621 0.009134247 -1.224993229 0.001576224 -0.009132522 0.999957085 38.048755646
0.999996722 0.000132003 -0.002559132 0.798622191 -0.000109324 0.999960780 0.008860134 -1.239845872 0.002560201 -0.008859826 0.999957442 38.605998993
0.999997616 -0.000229060 -0.002174805 0.806274891 0.000250509 0.999951243 0.009867509 -1.262476444 0.002172439 -0.009868030 0.999948978 39.118179321
0.999995828 -0.000537316 -0.002848287 0.824307919 0.000566654 0.999946713 0.010309180 -1.288890243 0.002842596 -0.010310749 0.999942780 39.702247620
0.999996364 -0.000698948 -0.002644303 0.835799515 0.000725910 0.999947608 0.010209037 -1.299637079 0.002637029 -0.010210918 0.999944329 40.260391235
0.999996901 0.000282726 -0.002474234 0.844184220 -0.000259425 0.999955654 0.009412847 -1.302494645 0.002476786 -0.009412173 0.999952614 40.790168762
0.999995470 -0.000085776 -0.003014603 0.864030600 0.000115078 0.999952674 0.009720924 -1.315187097 0.003013627 -0.009721226 0.999948204 41.353988647
0.999996841 0.001061806 -0.002290817 0.859136879 -0.001039699 0.999953032 0.009629916 -1.324516535 0.002300935 -0.009627503 0.999950945 41.903175354
0.999995649 -0.000520841 -0.002943163 0.873929560 0.000552788 0.999940753 0.010864301 -1.356722355 0.002937331 -0.010865880 0.999936640 42.440692902
0.999995649 -0.000633112 -0.002878317 0.884465158 0.000666132 0.999933779 0.011485592 -1.371433496 0.002870855 -0.011487461 0.999929905 42.987533569
0.999995172 -0.000425085 -0.003123357 0.896500468 0.000457795 0.999944985 0.010479638 -1.372927189 0.003118732 -0.010481014 0.999940217 43.542892456
0.999995589 -0.000527981 -0.002929285 0.899737358 0.000559274 0.999942780 0.010692339 -1.383277535 0.002923473 -0.010693931 0.999938548 44.084403992
0.999995112 -0.000505160 -0.003079837 0.914569259 0.000536398 0.999948323 0.010150472 -1.384649992 0.003074551 -0.010152073 0.999943733 44.643165588
0.999995768 -0.000425637 -0.002858468 0.925456941 0.000454269 0.999949634 0.010023179 -1.397077084 0.002854058 -0.010024436 0.999945641 45.193836212
0.999995649 -0.000250039 -0.002950899 0.928641558 0.000279267 0.999950826 0.009908578 -1.402293682 0.002948277 -0.009909361 0.999946535 45.716976166
0.999995410 -0.000298695 -0.003005427 0.949330449 0.000328859 0.999949515 0.010040909 -1.421333909 0.003002275 -0.010041852 0.999944985 46.277103424
0.999990821 -0.000832125 -0.004193021 0.963749051 0.000875470 0.999946117 0.010346051 -1.441564798 0.004184185 -0.010349629 0.999937654 46.827194214
0.999993086 -0.000134302 -0.003699636 0.980922699 0.000171428 0.999949634 0.010036555 -1.437163115 0.003698101 -0.010037121 0.999942780 47.383998871
0.999994814 -0.000306307 -0.003189593 0.993325770 0.000338800 0.999947965 0.010191605 -1.456387758 0.003186306 -0.010192635 0.999942958 47.902114868
0.999994457 -0.000788496 -0.003248864 1.008360386 0.000822309 0.999945343 0.010419412 -1.470803618 0.003240471 -0.010422027 0.999940395 48.446678162
0.999996543 -0.000435873 -0.002545878 1.005213261 0.000463556 0.999940693 0.010883034 -1.485034704 0.002540983 -0.010884179 0.999937534 48.993232727
0.999994278 0.000103223 -0.003360899 1.027252555 -0.000066496 0.999940276 0.010926017 -1.494851470 0.003361827 -0.010925732 0.999934614 49.533302307
0.999993980 0.000342207 -0.003448891 1.031849027 -0.000306148 0.999945343 0.010450166 -1.498522997 0.003452278 -0.010449047 0.999939382 50.079708099
0.999995172 0.000230095 -0.003105276 1.037684679 -0.000195003 0.999936163 0.011296602 -1.515092015 0.003107677 -0.011295943 0.999931335 50.597251892
0.999995530 0.000643191 -0.002915262 1.039183855 -0.000610046 0.999935389 0.011356104 -1.525119424 0.002922377 -0.011354275 0.999931276 51.136585236
0.999996185 0.000650246 -0.002664691 1.047724009 -0.000622533 0.999945939 0.010387865 -1.516037822 0.002671301 -0.010386169 0.999942482 51.668048859
0.999993384 -0.000079177 -0.003630858 1.071396589 0.000120323 0.999935746 0.011333490 -1.552680016 0.003629728 -0.011333852 0.999929190 52.225086212
0.999994457 -0.000178748 -0.003320500 1.082231998 0.000217050 0.999933422 0.011538195 -1.559579372 0.003318217 -0.011538852 0.999927938 52.766189575
0.999994516 0.000034157 -0.003308429 1.074235439 0.000002915 0.999937177 0.011204761 -1.572463632 0.003308604 -0.011204708 0.999931753 53.309455872
0.999994993 0.000071737 -0.003169819 1.087973118 -0.000035128 0.999933302 0.011547797 -1.595208645 0.003170437 -0.011547628 0.999928296 53.835285187
0.999994934 0.000255134 -0.003178187 1.094150543 -0.000217235 0.999928951 0.011919383 -1.606164694 0.003181002 -0.011918631 0.999923944 54.390727997
0.999994218 -0.000188286 -0.003403299 1.108883858 0.000226531 0.999936759 0.011240713 -1.609456062 0.003400968 -0.011241419 0.999931037 54.934398651
0.999994874 0.000141634 -0.003199724 1.109732389 -0.000103728 0.999929845 0.011843638 -1.629146695 0.003201179 -0.011843245 0.999924719 55.450313568
0.999994755 0.000827237 -0.003129774 1.113008857 -0.000789847 0.999928534 0.011929074 -1.632098436 0.003139419 -0.011926540 0.999923944 56.019748688
0.999994099 0.000406065 -0.003423607 1.130054832 -0.000364793 0.999927342 0.012047260 -1.645954847 0.003428251 -0.012045939 0.999921560 56.545951843
0.999994636 0.000283941 -0.003256015 1.139149070 -0.000246633 0.999934316 0.011453138 -1.647926569 0.003259052 -0.011452273 0.999929070 57.065914154
0.999995649 0.000838399 -0.002834365 1.146982431 -0.000803628 0.999924660 0.012246578 -1.668876052 0.002844419 -0.012244248 0.999921024 57.626770020
0.999995112 0.000341145 -0.003083829 1.163192630 -0.000306962 0.999938607 0.011078062 -1.664562225 0.003087417 -0.011077061 0.999933898 58.171474457
0.999995887 0.000350253 -0.002856917 1.156491160 -0.000316791 0.999931395 0.011704946 -1.685560226 0.002860821 -0.011703994 0.999927402 58.677860260
0.999996245 0.000265609 -0.002738715 1.163173914 -0.000233389 0.999930799 0.011758406 -1.695085526 0.002741649 -0.011757723 0.999927104 59.219463348
0.999996126 0.000339696 -0.002777034 1.178507090 -0.000306666 0.999929309 0.011885990 -1.709726691 0.002780876 -0.011885094 0.999925494 59.760765076
0.999995112 0.000156049 -0.003103337 1.189904451 -0.000117761 0.999923944 0.012334244 -1.717178345 0.003105028 -0.012333817 0.999919116 60.272502899
0.999996543 0.000257390 -0.002605441 1.203258514 -0.000226499 0.999929845 0.011849623 -1.729410172 0.002608309 -0.011848990 0.999926388 60.818912506
0.999996126 0.000602279 -0.002722073 1.217035055 -0.000569496 0.999927461 0.012028307 -1.742240071 0.002729120 -0.012026710 0.999923885 61.353240967
0.999994636 -0.000133757 -0.003276669 1.224553108 0.000174470 0.999922752 0.012428010 -1.766054153 0.003274754 -0.012428517 0.999917328 61.893463135
0.999995172 -0.000446044 -0.003082429 1.235158563 0.000482798 0.999928653 0.011933293 -1.766646028 0.003076887 -0.011934724 0.999924004 62.438247681
0.999996126 0.000774073 -0.002662861 1.241097569 -0.000740730 0.999921739 0.012500051 -1.767837524 0.002672326 -0.012498033 0.999918282 62.951850891
0.999996066 0.000733187 -0.002711651 1.247055054 -0.000700124 0.999925673 0.012173734 -1.779706120 0.002720374 -0.012171788 0.999922156 63.502639771
0.999995947 0.000553996 -0.002795891 1.244086146 -0.000519708 0.999924898 0.012249288 -1.784440994 0.002802467 -0.012247785 0.999921083 64.024909973
0.999996662 0.000485088 -0.002537784 1.245255947 -0.000453562 0.999923050 0.012408592 -1.812304139 0.002543608 -0.012407402 0.999919713 64.568649292
0.999995589 0.000535899 -0.002923950 1.273124576 -0.000499426 0.999922276 0.012460019 -1.821864724 0.002930400 -0.012458502 0.999918044 65.121452332
0.999996185 0.000629124 -0.002677634 1.278274894 -0.000593446 0.999911368 0.013304479 -1.836019993 0.002685767 -0.013302840 0.999907851 65.656021118
0.999997675 0.001026132 -0.001901994 1.275610805 -0.001001746 0.999917805 0.012778625 -1.841654181 0.001914950 -0.012776689 0.999916553 66.169342041
0.999997318 0.001426277 -0.001848142 1.284569263 -0.001402650 0.999918044 0.012722824 -1.851679325 0.001866136 -0.012720197 0.999917388 66.713661194
0.999996364 0.000763866 -0.002588040 1.302501202 -0.000729612 0.999912441 0.013210637 -1.869444013 0.002597905 -0.013208701 0.999909341 67.269653320
0.999997556 0.001615137 -0.001525862 1.278574944 -0.001595075 0.999913454 0.013058978 -1.902149558 0.001546823 -0.013056512 0.999913573 67.736633301
0.999998033 0.001562697 -0.001257676 1.290541053 -0.001545873 0.999910712 0.013268678 -1.915715933 0.001278300 -0.013266707 0.999911129 68.274955750
0.999997675 0.001940434 -0.000996746 1.288988233 -0.001926691 0.999905527 0.013608867 -1.932779789 0.001023060 -0.013606915 0.999906898 68.819404602
0.999996841 0.001893134 -0.001637095 1.305042028 -0.001872243 0.999918044 0.012669649 -1.918161511 0.001660946 -0.012666545 0.999918342 69.347106934
0.999997377 0.001154066 -0.001975504 1.320280910 -0.001127566 0.999909997 0.013363465 -1.947714567 0.001990749 -0.013361201 0.999908686 69.825386047
0.999997318 0.001027126 -0.002041640 1.323908687 -0.000999753 0.999910176 0.013363375 -1.954386473 0.002055183 -0.013361299 0.999908626 70.375877380
0.999996781 0.002182615 -0.001278812 1.341198683 -0.002165087 0.999905765 0.013551757 -1.975901127 0.001308271 -0.013548942 0.999907315 70.899719238
0.999997199 0.001225195 -0.002049291 1.377037644 -0.001197064 0.999905765 0.013672918 -1.984588981 0.002065850 -0.013670427 0.999904394 71.443206787
0.999995232 0.002071979 -0.002285159 1.398220658 -0.002039839 0.999900222 0.013978559 -2.011186600 0.002313892 -0.013973831 0.999899685 71.864616394
0.999989927 0.004114144 -0.001781570 1.404517531 -0.004089221 0.999896824 0.013773934 -2.021897316 0.001838053 -0.013766510 0.999903560 72.403282166
0.999995947 0.002203905 -0.001795277 1.414105892 -0.002179254 0.999904871 0.013619036 -2.025200367 0.001825120 -0.013615069 0.999905586 72.943199158
0.999996543 0.002025466 -0.001685341 1.424415112 -0.002001495 0.999898553 0.014105673 -2.038566589 0.001713741 -0.014102251 0.999899030 73.491554260
0.999995947 0.001389304 -0.002502417 1.457988262 -0.001353647 0.999898374 0.014194592 -2.055105686 0.002521883 -0.014191149 0.999896049 74.022720337
0.999996841 0.001905511 -0.001590812 1.438621044 -0.001883094 0.999900579 0.013975952 -2.058545589 0.001617287 -0.013972912 0.999901056 74.498519897
0.999996722 0.000925304 -0.002361238 1.462232828 -0.000892347 0.999902725 0.013920289 -2.067071199 0.002373888 -0.013918139 0.999900281 75.050918579
0.999994695 0.001125198 -0.003068424 1.529756308 -0.001081275 0.999897480 0.014278688 -2.113389015 0.003084175 -0.014275294 0.999893367 75.511352539
0.999995887 0.002446826 -0.001482437 1.472458959 -0.002426008 0.999900639 0.013885734 -2.088577986 0.001516265 -0.013882079 0.999902427 76.033714294
0.999996722 0.001950505 -0.001614158 1.486047029 -0.001928344 0.999905348 0.013618646 -2.095316887 0.001640568 -0.013615488 0.999905944 76.567687988
0.999996126 0.002503292 -0.001255435 1.475908279 -0.002485905 0.999903500 0.013665558 -2.096299648 0.001289525 -0.013662383 0.999905825 77.134925842
0.999996483 0.002142664 -0.001579448 1.501222968 -0.002120488 0.999900997 0.013910777 -2.113528013 0.001609096 -0.013907376 0.999901950 77.600975037
0.999995351 0.002484471 -0.001810733 1.507389903 -0.002458772 0.999898076 0.014059354 -2.116877556 0.001845480 -0.014054834 0.999899507 78.154350281
0.999995112 0.002827358 -0.001294302 1.520974398 -0.002808685 0.999895036 0.014208082 -2.133682966 0.001334338 -0.014204377 0.999898195 78.635856628
0.999995708 0.002758218 -0.000988367 1.531632781 -0.002744078 0.999897718 0.014032895 -2.138776779 0.001026972 -0.014030122 0.999900997 79.189231873
0.999996781 0.002538690 0.000168387 1.554974318 -0.002540828 0.999895513 0.014226086 -2.157775402 -0.000132254 -0.014226464 0.999898791 79.701423645
0.999993324 0.003048882 0.002028011 1.560133457 -0.003076532 0.999900401 0.013773609 -2.170009375 -0.001985816 -0.013779756 0.999903083 80.252426147
0.999986410 0.004014689 0.003332634 1.562910914 -0.004060946 0.999893844 0.013991107 -2.189208269 -0.003276110 -0.014004451 0.999896586 80.770782471
0.999988914 0.002837314 0.003744862 1.592838526 -0.002890943 0.999892175 0.014393675 -2.195275784 -0.003703618 -0.014404342 0.999889374 81.278030396
0.999974668 0.003008578 0.006447901 1.614471078 -0.003100266 0.999893606 0.014257479 -2.204299927 -0.006404320 -0.014277109 0.999877512 81.832862854
0.999935269 0.004190040 0.010572231 1.627972603 -0.004345716 0.999881864 0.014745192 -2.225590706 -0.010509199 -0.014790183 0.999835372 82.375984192
0.999895811 0.004529535 0.013705071 1.649463058 -0.004730775 0.999880970 0.014687015 -2.233315468 -0.013636914 -0.014750321 0.999798119 82.864700317
0.999813795 0.005427661 0.018513564 1.698651195 -0.005709227 0.999868333 0.015189843 -2.271336794 -0.018428678 -0.015292709 0.999713361 83.195861816
0.999663651 0.006320436 0.025151100 1.724258184 -0.006702958 0.999862671 0.015153811 -2.280871868 -0.025051868 -0.015317301 0.999568880 83.733543396
0.999526262 0.005207589 0.030330075 1.769655108 -0.005681530 0.999862790 0.015560918 -2.293389320 -0.030244878 -0.015725872 0.999418795 84.295898438
0.999353707 0.004268889 0.035688765 1.820645690 -0.004806090 0.999876201 0.014980192 -2.275166750 -0.035620399 -0.015142035 0.999250710 84.825080872
0.999047637 0.004526705 0.043396160 1.877184272 -0.005144425 0.999886811 0.014133323 -2.258860350 -0.043327279 -0.014343114 0.998957872 85.405784607
0.998256207 -0.001680622 0.059006248 1.796458483 0.000892216 0.999909937 0.013385206 -2.254961014 -0.059023432 -0.013309219 0.998167872 85.629432678
0.997798562 -0.000938507 0.066311345 1.855179548 0.000054685 0.999911129 0.013328920 -2.258339882 -0.066317961 -0.013295951 0.997709990 86.152572632
0.997183025 -0.001650287 0.074989654 1.907851219 0.000681550 0.999915957 0.012942022 -2.273519516 -0.075004719 -0.012854456 0.997100294 86.666168213
0.996304929 -0.001750396 0.085869670 1.962923050 0.000598272 0.999909461 0.013441022 -2.292783737 -0.085885428 -0.013339980 0.996215641 87.247344971
0.995451331 -0.000876667 0.095267564 2.021867275 -0.000393555 0.999911249 0.013313610 -2.315744162 -0.095270783 -0.013290541 0.995362580 87.775840759
0.994761825 -0.004404051 0.102124996 2.055528164 0.003041589 0.999904275 0.013493009 -2.326592922 -0.102174655 -0.013111711 0.994680047 88.100578308
0.993635118 -0.004232465 0.112566695 2.146342278 0.002747711 0.999907255 0.013341865 -2.335837364 -0.112612724 -0.012947647 0.993554592 88.625129700
0.992372692 -0.003552130 0.123222962 2.227108002 0.001933418 0.999910235 0.013253534 -2.348278999 -0.123258986 -0.012914206 0.992290497 89.169143677
0.991210282 -0.004800003 0.132208630 2.328344345 0.003097538 0.999909639 0.013079758 -2.359857082 -0.132259488 -0.012555270 0.991135538 89.781837463
0.989709437 -0.004977371 0.143004879 2.432463646 0.003172982 0.999912500 0.012842947 -2.355964184 -0.143056288 -0.012257035 0.989638627 90.327705383
0.987955272 -0.006597839 0.154598445 2.560566902 0.004547441 0.999896944 0.013612622 -2.391587257 -0.154672354 -0.012745638 0.987883627 90.860275269
0.986213386 -0.007340525 0.165315270 2.678460121 0.005163240 0.999894261 0.013596395 -2.402358055 -0.165397599 -0.012555387 0.986147046 91.403907776
0.984504938 -0.006403409 0.175239772 2.783832550 0.004070288 0.999898195 0.013670061 -2.405448437 -0.175309479 -0.012744970 0.984430790 91.885658264
0.982266188 -0.006831178 0.187367290 2.911520004 0.004393579 0.999900222 0.013421942 -2.412678242 -0.187440306 -0.012360705 0.982198238 92.416503906
0.979782522 -0.006741919 0.199951977 3.042487144 0.004091450 0.999898195 0.013665794 -2.423984766 -0.200023800 -0.012571412 0.979710340 92.960723877
0.977488220 -0.006971832 0.210874707 3.177703857 0.004135036 0.999894977 0.013890482 -2.436719179 -0.210949376 -0.012705809 0.977414429 93.431777954
0.974495053 -0.007017739 0.224298924 3.319047928 0.004050808 0.999898195 0.013685002 -2.440247297 -0.224372074 -0.012427374 0.974424422 93.982719421
0.971375346 -0.007206794 0.237440452 3.487516403 0.003783835 0.999882221 0.014868657 -2.471965313 -0.237519681 -0.013544611 0.971288264 94.429389954
0.968433738 -0.006513556 0.249185860 3.643058777 0.002753564 0.999877095 0.015434702 -2.484057426 -0.249255762 -0.014261339 0.968332648 94.969650269
0.965359449 -0.007258708 0.260822594 3.833133698 0.003346400 0.999875188 0.015440853 -2.502180815 -0.260902137 -0.014033156 0.965263247 95.463043213
0.961406231 -0.007754846 0.275023520 4.115938187 0.003767760 0.999880016 0.015022600 -2.547066689 -0.275106996 -0.013406603 0.961320043 96.336204529
0.957714617 -0.007745215 0.287615955 4.304115295 0.003664089 0.999884784 0.014725096 -2.553047657 -0.287696868 -0.013048590 0.957632542 96.854591370
0.954375267 -0.010649515 0.298419952 4.534572601 0.006417954 0.999864519 0.015156270 -2.556568623 -0.298540950 -0.012549527 0.954314232 97.535820007
0.949747205 -0.010060132 0.312856317 4.721870422 0.005455733 0.999863505 0.015589241 -2.565501213 -0.312970459 -0.013098976 0.949672461 98.070281982
0.944702566 -0.008954697 0.327806175 4.909122467 0.003860078 0.999861479 0.016188934 -2.586527348 -0.327905774 -0.014028368 0.944606245 98.601440430
0.940966487 -0.008253738 0.338399142 5.111961365 0.003218354 0.999875665 0.015438418 -2.578940868 -0.338484526 -0.013437944 0.940876007 99.025535583
0.936329246 -0.008352485 0.351024061 5.333187103 0.003073694 0.999873757 0.015592778 -2.589881897 -0.351109922 -0.013521034 0.936236620 99.537200928
0.930999577 -0.008966347 0.364910156 5.536182404 0.003376813 0.999867022 0.015952813 -2.602004528 -0.365004659 -0.013619830 0.930906057 100.032630920
0.926155686 -0.011651106 0.376961559 5.759685516 0.006025586 0.999852359 0.016099133 -2.599139690 -0.377093583 -0.012638886 0.926088870 100.536308289
0.921493709 -0.011263342 0.388229936 5.990148544 0.005327378 0.999852002 0.016362799 -2.615694761 -0.388356775 -0.013009966 0.921417177 101.022239685
0.915359139 -0.011690374 0.402468622 6.210094452 0.005558840 0.999850094 0.016399508 -2.620224476 -0.402600050 -0.012774177 0.915286839 101.456764221
0.909633815 -0.012391161 0.415226191 6.465389252 0.006238339 0.999849856 0.016171174 -2.629619598 -0.415364236 -0.012119523 0.909574509 101.943519592
0.904775679 -0.012877691 0.425693780 6.718288422 0.006602255 0.999846756 0.016213903 -2.636437416 -0.425837398 -0.011859403 0.904721975 102.418861389
0.898814380 -0.012554316 0.438149750 6.980487823 0.005853566 0.999844491 0.016640645 -2.638134956 -0.438290477 -0.012392111 0.898747981 102.951324463
0.891959369 -0.013382475 0.451917410 7.234859467 0.006543575 0.999839365 0.016692689 -2.650873661 -0.452068150 -0.011932050 0.891903579 103.401535034
0.885816216 -0.012719752 0.463861972 7.510646820 0.005866522 0.999851227 0.016214311 -2.645899773 -0.463999212 -0.011641645 0.885759115 103.905288696
0.880134404 -0.014720318 0.474496305 7.790325165 0.007294602 0.999820590 0.017486837 -2.681364536 -0.474668652 -0.011929509 0.880083740 104.339477539
0.872650981 -0.014042602 0.488142550 8.078216553 0.006196323 0.999824464 0.017685218 -2.691476345 -0.488305181 -0.012408336 0.872584701 104.808227539
0.865178347 -0.014413524 0.501257002 8.359142303 0.006370170 0.999822080 0.017754616 -2.690601349 -0.501423776 -0.012167820 0.865116179 105.266265869
