1.000000000 0.000000000 0.000000000 0.000000000 0.000000000 1.000000000 0.000000000 0.000000000 0.000000000 0.000000000 1.000000000 0.000000000
1.000000000 0.000090677 0.000095849 -0.000857801 -0.000090688 1.000000000 0.000112136 -0.000114704 -0.000095839 -0.000112144 1.000000000 0.000353867
1.000000000 0.000050445 0.000134187 -0.001570948 -0.000050445 1.000000000 0.000005708 0.000290613 -0.000134186 -0.000005715 1.000000000 0.000246091
1.000000000 0.000044514 0.000044950 -0.000702527 -0.000044516 1.000000000 0.000052311 -0.000753526 -0.000044948 -0.000052313 1.000000000 -0.000733894
1.000000000 0.000087425 0.000169916 -0.001974447 -0.000087439 1.000000000 0.000086175 -0.000586828 -0.000169909 -0.000086190 1.000000000 -0.000695528
1.000000000 -0.000132309 -0.000013169 0.000140393 0.000132309 1.000000000 -0.000027017 0.000351031 0.000013172 0.000027015 1.000000000 -0.000274320
1.000000000 0.000063289 0.000125112 -0.001838603 -0.000063297 1.000000000 0.000064951 -0.000366468 -0.000125108 -0.000064959 1.000000000 -0.000356127
1.000000000 0.000056807 0.000087480 -0.001555421 -0.000056804 1.000000000 -0.000033343 -0.000080680 -0.000087481 0.000033338 1.000000000 -0.000638613
1.000000000 0.000081274 0.000153053 -0.001395472 -0.000081276 1.000000000 0.000013315 -0.000855354 -0.000153052 -0.000013327 1.000000000 -0.000711220
1.000000000 0.000128855 0.000145100 -0.001890225 -0.000128873 1.000000000 0.000121183 -0.000707191 -0.000145084 -0.000121202 1.000000000 0.000583712
1.000000000 0.000097987 0.000157953 -0.001615304 -0.000097999 1.000000000 0.000077985 -0.000509712 -0.000157945 -0.000078000 1.000000000 0.000060357
1.000000000 0.000135469 0.000161345 -0.001604418 -0.000135473 1.000000000 0.000026425 -0.000972386 -0.000161342 -0.000026447 1.000000000 -0.000939278
1.000000000 0.000073686 0.000144924 -0.001099432 -0.000073692 1.000000000 0.000038485 0.000258574 -0.000144921 -0.000038496 1.000000000 0.000209694
1.000000000 0.000146634 0.000114232 -0.001569157 -0.000146623 1.000000000 -0.000097247 0.000861118 -0.000114247 0.000097230 1.000000000 0.000612159
1.000000000 0.000099565 0.000116494 -0.001564129 -0.000099571 1.000000000 0.000046100 -0.000188998 -0.000116490 -0.000046111 1.000000000 -0.000082001
0.999999940 0.000255787 0.000178708 -0.002197604 -0.000255776 0.999999940 -0.000057948 0.001393677 -0.000178723 0.000057902 1.000000000 0.001153156
0.999999940 0.000360683 0.000209734 -0.002753109 -0.000360674 0.999999940 -0.000043426 0.001051205 -0.000209749 0.000043350 1.000000000 0.001833971
0.999999940 0.000251824 0.000257428 -0.002370036 -0.000251823 0.999999940 -0.000003440 0.001436401 -0.000257429 0.000003375 0.999999940 0.002238477
0.999999940 0.000200697 0.000269281 -0.002481343 -0.000200679 1.000000000 -0.000066717 0.000445594 -0.000269294 0.000066663 0.999999940 0.000752546
0.999999940 0.000212483 0.000216290 -0.002533867 -0.000212499 1.000000000 0.000070597 -0.000123308 -0.000216275 -0.000070643 1.000000000 0.001653281
0.999999940 0.000302608 0.000170743 -0.001941100 -0.000302602 0.999999940 -0.000031906 0.001304300 -0.000170753 0.000031854 1.000000000 0.001595161
0.999999940 0.000250256 0.000181485 -0.002415695 -0.000250252 0.999999940 -0.000020542 0.000399955 -0.000181490 0.000020497 1.000000000 0.001737445
1.000000000 0.000165570 0.000178805 -0.002303336 -0.000165580 1.000000000 0.000052928 0.000161636 -0.000178797 -0.000052958 1.000000000 0.000921969
0.999999881 0.000380655 0.000186493 -0.002460031 -0.000380657 0.999999940 0.000011728 0.001337066 -0.000186488 -0.000011799 1.000000000 0.003032321
0.999999940 0.000296717 0.000243644 -0.002122954 -0.000296724 0.999999940 0.000027544 0.001325804 -0.000243635 -0.000027616 0.999999940 0.001974881
0.999999940 0.000217597 0.000209114 -0.001451508 -0.000217588 1.000000000 -0.000042052 0.002068125 -0.000209123 0.000042006 1.000000000 0.003092545
0.999999940 0.000339380 0.000241850 -0.002399802 -0.000339390 0.999999940 0.000041177 0.001220162 -0.000241836 -0.000041259 0.999999940 0.002303645
0.999999940 0.000341954 0.000123413 -0.002225370 -0.000341940 0.999999940 -0.000114226 0.001942457 -0.000123452 0.000114184 1.000000000 0.001044482
0.999999940 0.000300691 0.000126480 -0.001919624 -0.000300681 0.999999940 -0.000077344 0.001453592 -0.000126503 0.000077306 1.000000000 0.000859451
0.999999881 0.000345525 0.000263354 -0.002537395 -0.000345520 0.999999940 -0.000017030 0.000212460 -0.000263360 0.000016939 0.999999940 0.001009871
0.999999940 0.000200840 0.000287457 -0.002908511 -0.000200854 1.000000000 0.000046357 0.000151170 -0.000287448 -0.000046415 0.999999940 0.001851208
0.999999940 0.000314087 0.000186941 -0.001997218 -0.000314076 0.999999940 -0.000062176 0.001518752 -0.000186961 0.000062117 1.000000000 0.002426053
0.999999881 0.000416432 0.000241941 -0.002166002 -0.000416436 0.999999940 0.000013229 -0.000004774 -0.000241936 -0.000013330 1.000000000 -0.000065718
0.999999881 0.000388572 0.000299521 -0.003177852 -0.000388574 0.999999940 0.000008410 0.000670346 -0.000299518 -0.000008527 0.999999940 0.002333631
0.999999881 0.000382487 0.000248551 -0.001785764 -0.000382469 0.999999940 -0.000071120 0.000342384 -0.000248579 0.000071025 0.999999940 0.001062326
0.999999940 0.000326166 0.000217540 -0.003335131 -0.000326168 0.999999940 0.000012212 0.000703174 -0.000217536 -0.000012283 1.000000000 0.000796156
0.999999881 0.000400610 0.000207014 -0.002740707 -0.000400592 0.999999940 -0.000085753 0.002160608 -0.000207048 0.000085670 1.000000000 0.001291129
0.999999881 0.000398953 0.000301295 -0.003348705 -0.000398960 0.999999940 0.000022284 0.000805231 -0.000301286 -0.000022404 0.999999940 0.001878629
0.999999881 0.000386224 0.000184241 -0.001109209 -0.000386229 0.999999940 0.000024222 0.000700748 -0.000184231 -0.000024293 1.000000000 -0.000143812
0.999999940 0.000250503 0.000191910 -0.001770420 -0.000250489 0.999999940 -0.000071230 0.000466257 -0.000191928 0.000071181 1.000000000 0.000022626
0.999999762 0.000499305 0.000248291 -0.001028611 -0.000499158 0.999999702 -0.000591245 -0.002232145 -0.000248586 0.000591121 0.999999821 0.049711075
0.999999821 0.000363779 0.000260956 0.000268568 -0.000363479 0.999999225 -0.001147674 -0.004032281 -0.000261374 0.001147579 0.999999285 0.140462026
0.999998987 0.001173377 0.000802550 -0.003870373 -0.001172676 0.999998868 -0.000873408 -0.016388750 -0.000803574 0.000872467 0.999999285 0.243822172
0.999998748 0.001288915 0.000878267 -0.001302901 -0.001288175 0.999998808 -0.000841743 -0.018873872 -0.000879351 0.000840611 0.999999225 0.375901401
0.999998927 0.001254890 0.000738078 0.001426502 -0.001254448 0.999998987 -0.000598526 -0.022934547 -0.000738829 0.000597600 0.999999523 0.520063102
0.999999285 0.001123740 0.000354197 0.010390274 -0.001123626 0.999999344 -0.000321551 -0.026357831 -0.000354558 0.000321152 0.999999881 0.662027836
0.999999642 0.000679015 0.000195882 0.018573610 -0.000679004 0.999999702 -0.000054608 -0.030872868 -0.000195919 0.000054475 0.999999940 0.820971549
0.999999404 0.000772349 0.000668694 0.016306547 -0.000772425 0.999999642 0.000113042 -0.043214850 -0.000668606 -0.000113558 0.999999762 1.002513528
0.999999285 0.001021940 0.000623249 0.020277428 -0.001022117 0.999999464 0.000284512 -0.048323728 -0.000622958 -0.000285149 0.999999702 1.175796032
0.999998510 0.001525766 0.000696657 0.021979559 -0.001525988 0.999998808 0.000319071 -0.047937199 -0.000696169 -0.000320134 0.999999702 1.366452456
0.999998450 0.001639136 0.000492604 0.026528362 -0.001639221 0.999998689 0.000171760 -0.049794961 -0.000492322 -0.000172567 0.999999881 1.559992194
0.999998629 0.001608661 0.000427744 0.031558242 -0.001608887 0.999998569 0.000528744 -0.060245074 -0.000426892 -0.000529431 0.999999762 1.756901860
0.999999166 0.001171363 0.000526784 0.032471567 -0.001171825 0.999998927 0.000878495 -0.070546366 -0.000525755 -0.000879111 0.999999464 1.948077440
0.999999702 0.000671973 0.000308364 0.040013935 -0.000672202 0.999999523 0.000743809 -0.075758196 -0.000307864 -0.000744016 0.999999702 2.160887480
0.999998987 0.001238666 0.000599972 0.040215794 -0.001238972 0.999999106 0.000509646 -0.078282431 -0.000599340 -0.000510389 0.999999702 2.379836321
0.999998569 0.001539440 0.000652345 0.043864232 -0.001539782 0.999998689 0.000523861 -0.084110536 -0.000651538 -0.000524865 0.999999642 2.604670048
0.999999404 0.000752691 0.000702814 0.053200502 -0.000753340 0.999999225 0.000923167 -0.096529260 -0.000702119 -0.000923696 0.999999344 2.826486111
0.999999225 0.000831414 0.000934615 0.056113716 -0.000832280 0.999999225 0.000927221 -0.099307068 -0.000933843 -0.000927998 0.999999166 3.070235729
0.999998510 0.001582036 0.000713773 0.062512048 -0.001582506 0.999998510 0.000658748 -0.106866948 -0.000712730 -0.000659877 0.999999523 3.320406199
0.999999702 0.000679465 0.000309644 0.072391793 -0.000679748 0.999999344 0.000915287 -0.114057213 -0.000309022 -0.000915498 0.999999464 3.562141895
0.999999523 0.000892277 0.000356316 0.078643464 -0.000892528 0.999999344 0.000705524 -0.119179465 -0.000355687 -0.000705841 0.999999642 3.827027559
0.999998331 0.001727160 0.000599587 0.070307359 -0.001727929 0.999997675 0.001284953 -0.131202951 -0.000597366 -0.001285987 0.999998987 4.075574398
0.999997675 0.002025439 0.000650240 0.075479843 -0.002026355 0.999996901 0.001410906 -0.136033535 -0.000647380 -0.001412220 0.999998808 4.334194660
0.999997973 0.001736083 0.001065919 0.076961450 -0.001737589 0.999997437 0.001413726 -0.141988575 -0.001063462 -0.001415575 0.999998391 4.598673344
0.999998808 0.001131025 0.001061658 0.087842792 -0.001132572 0.999998271 0.001458061 -0.148573503 -0.001060007 -0.001459262 0.999998391 4.863630295
0.999998689 0.001326621 0.000953731 0.093207330 -0.001328177 0.999997795 0.001633026 -0.155742630 -0.000951562 -0.001634291 0.999998271 5.125848293
0.999998152 0.001516650 0.001114870 0.093585938 -0.001518239 0.999997854 0.001425790 -0.163528636 -0.001112706 -0.001427480 0.999998391 5.375632286
0.999998629 0.001226599 0.001092212 0.098643832 -0.001228175 0.999998212 0.001443540 -0.170952976 -0.001090439 -0.001444880 0.999998331 5.650449276
0.999998868 0.001018418 0.001086011 0.100035161 -0.001019673 0.999998748 0.001155583 -0.178335398 -0.001084832 -0.001156689 0.999998748 5.912716389
0.999998152 0.001393584 0.001294832 0.113150239 -0.001394908 0.999998510 0.001022435 -0.185058266 -0.001293405 -0.001024240 0.999998569 6.201352596
0.999997675 0.001531539 0.001504671 0.119724900 -0.001532936 0.999998450 0.000927649 -0.189279035 -0.001503248 -0.000929953 0.999998391 6.493759632
0.999998510 0.001178953 0.001241034 0.125212580 -0.001180418 0.999998629 0.001180360 -0.198266923 -0.001239640 -0.001181823 0.999998510 6.787714481
0.999998689 0.001169842 0.001085162 0.135731146 -0.001170933 0.999998748 0.001005914 -0.206955016 -0.001083984 -0.001007183 0.999998927 7.079989433
0.999999106 0.000883924 0.001004694 0.141917586 -0.000885381 0.999998569 0.001451217 -0.218625322 -0.001003409 -0.001452105 0.999998450 7.380730152
0.999998629 0.000967633 0.001351058 0.137114033 -0.000969976 0.999998033 0.001734349 -0.234400079 -0.001349377 -0.001735658 0.999997556 7.686038494
0.999998331 0.001045847 0.001482293 0.145472735 -0.001048399 0.999997914 0.001721866 -0.240088478 -0.001480489 -0.001723417 0.999997377 8.010180473
0.999997079 0.001751859 0.001679311 0.148810029 -0.001754274 0.999997437 0.001436920 -0.247380197 -0.001676789 -0.001439861 0.999997556 8.321497917
0.999997556 0.001427806 0.001726535 0.157018006 -0.001430279 0.999998033 0.001431656 -0.254500598 -0.001724487 -0.001434122 0.999997497 8.649200439
0.999997497 0.001366863 0.001764876 0.159106016 -0.001369457 0.999997914 0.001469479 -0.263667375 -0.001762864 -0.001471892 0.999997377 8.992332458
0.999997854 0.001453566 0.001509139 0.168358326 -0.001455634 0.999997973 0.001369734 -0.273380429 -0.001507145 -0.001371928 0.999997973 9.336053848
0.999995351 0.002613982 0.001567357 0.175243244 -0.002616508 0.999995291 0.001611467 -0.279714227 -0.001563137 -0.001615560 0.999997497 9.666712761
0.999996126 0.002260052 0.001661176 0.182560176 -0.002263063 0.999995887 0.001813271 -0.290428907 -0.001657071 -0.001817023 0.999997020 10.017702103
0.999997556 0.001630691 0.001478729 0.187449694 -0.001633247 0.999997199 0.001729383 -0.299640417 -0.001475905 -0.001731794 0.999997437 10.378331184
0.999997437 0.001877170 0.001275383 0.192318246 -0.001879966 0.999995828 0.002195344 -0.314491391 -0.001271257 -0.002197736 0.999996722 10.719923973
0.999998093 0.001665360 0.001081048 0.200337216 -0.001667475 0.999996662 0.001958271 -0.321039498 -0.001077783 -0.001960070 0.999997497 11.088787079
0.999998450 0.001384011 0.001088353 0.208029792 -0.001386296 0.999996781 0.002102485 -0.339589238 -0.001085440 -0.002103990 0.999997199 11.474586487
0.999996901 0.002070723 0.001382097 0.220476136 -0.002073831 0.999995232 0.002251104 -0.344689965 -0.001377429 -0.002253963 0.999996483 11.845065117
0.999997437 0.001832143 0.001339364 0.230202496 -0.001835303 0.999995530 0.002361314 -0.361993909 -0.001335032 -0.002363766 0.999996305 12.227910042
0.999996126 0.002229766 0.001675041 0.236675560 -0.002233369 0.999995172 0.002152278 -0.367218703 -0.001670233 -0.002156011 0.999996245 12.626775742
0.999997199 0.001479192 0.001833572 0.239698797 -0.001483553 0.999996066 0.002379133 -0.378676653 -0.001830045 -0.002381847 0.999995470 13.030032158
0.999995828 0.002117374 0.001977883 0.247518882 -0.002121043 0.999995947 0.001854837 -0.388239384 -0.001973947 -0.001859024 0.999996245 13.429010391
0.999995172 0.002084684 0.002306099 0.258747548 -0.002090093 0.999994993 0.002345479 -0.401505977 -0.002301199 -0.002350288 0.999994576 13.829396248
0.999995232 0.001728835 0.002524517 0.267274588 -0.001734788 0.999995708 0.002357584 -0.405403316 -0.002520430 -0.002361952 0.999994040 14.243000031
0.999992847 0.002450409 0.002884517 0.270278662 -0.002456880 0.999994397 0.002241910 -0.422453940 -0.002879008 -0.002248980 0.999993324 14.655961990
0.999991894 0.002894774 0.002788363 0.286587477 -0.002901527 0.999992847 0.002421201 -0.439997941 -0.002781334 -0.002429273 0.999993145 15.082825661
0.999992609 0.002696806 0.002746218 0.292356431 -0.002703856 0.999993145 0.002566919 -0.451591939 -0.002739277 -0.002574325 0.999992907 15.509750366
0.999992073 0.002350563 0.003221931 0.300976217 -0.002358414 0.999994218 0.002435104 -0.464463651 -0.003216188 -0.002442684 0.999991775 15.948462486
0.999989867 0.002679355 0.003625690 0.308734119 -0.002688273 0.999993384 0.002456987 -0.475186497 -0.003619083 -0.002466709 0.999990404 16.392726898
0.999988794 0.002658347 0.003920280 0.319763720 -0.002667540 0.999993742 0.002341608 -0.488381386 -0.003914030 -0.002352039 0.999989569 16.835651398
0.999988198 0.002763639 0.004028749 0.327667952 -0.002772511 0.999993742 0.002198087 -0.489705533 -0.004022649 -0.002209231 0.999989450 17.306278229
0.999987304 0.002927577 0.004109336 0.339270830 -0.002939804 0.999991238 0.002972363 -0.506409049 -0.004100597 -0.002984406 0.999987125 17.761993408
0.999987483 0.001972951 0.004600099 0.349835694 -0.001985152 0.999994516 0.002649292 -0.527214348 -0.004594848 -0.002658391 0.999985933 18.211730957
0.999988198 0.001955917 0.004454134 0.355451792 -0.001967828 0.999994516 0.002671570 -0.536756277 -0.004448884 -0.002680303 0.999986529 18.659910202
0.999976695 0.005020413 0.004619249 0.369947910 -0.005032349 0.999984026 0.002576231 -0.552948773 -0.004606242 -0.002599417 0.999985933 19.208114624
0.999970198 0.005097311 0.005792357 0.364771128 -0.005114117 0.999982774 0.002890509 -0.552418113 -0.005777523 -0.002920046 0.999978960 19.628221512
0.999971569 0.005191402 0.005459796 0.375273049 -0.005207840 0.999981999 0.003000941 -0.564304054 -0.005444119 -0.003029289 0.999980509 20.118728638
0.999975562 0.004655643 0.005213382 0.392563552 -0.004672457 0.999983907 0.003217663 -0.589949608 -0.005198318 -0.003241944 0.999981165 20.577381134
0.999985695 0.003426529 0.004109390 0.408894986 -0.003439115 0.999989390 0.003059671 -0.598853350 -0.004098862 -0.003073760 0.999986887 21.126562119
0.999977648 0.004804932 0.004645089 0.401703119 -0.004821198 0.999982238 0.003496620 -0.618333459 -0.004628206 -0.003518937 0.999983072 21.603775024
0.999981642 0.004677753 0.003854668 0.415697455 -0.004690941 0.999983072 0.003419274 -0.632510066 -0.003838608 -0.003437293 0.999986649 22.116407394
0.999980330 0.004852124 0.003971331 0.432098240 -0.004865352 0.999982595 0.003327977 -0.648009658 -0.003955114 -0.003347233 0.999986589 22.645223618
0.999976635 0.005854706 0.003524086 0.436066270 -0.005865283 0.999978304 0.002998586 -0.654872239 -0.003506454 -0.003019186 0.999989212 23.167404175
0.999981940 0.005221130 0.002971824 0.448257297 -0.005231538 0.999980152 0.003505300 -0.680273354 -0.002953464 -0.003520784 0.999989390 23.675119400
0.999989867 0.003843502 0.002374845 0.456178725 -0.003851324 0.999987125 0.003297905 -0.698401093 -0.002362138 -0.003307018 0.999991775 24.202646255
0.999979138 0.006094101 0.002120088 0.457717001 -0.006100103 0.999977350 0.002836403 -0.697456896 -0.002102754 -0.002849277 0.999993682 24.751516342
0.999982715 0.005757406 0.001213488 0.475667298 -0.005761560 0.999977410 0.003446822 -0.718777955 -0.001193616 -0.003453754 0.999993265 25.285926819
0.999979019 0.006399943 0.001017762 0.475936115 -0.006403508 0.999973238 0.003539054 -0.732233167 -0.000995085 -0.003545497 0.999993205 25.817659378
0.999978960 0.006480316 0.000521520 0.486885965 -0.006481900 0.999974191 0.003092933 -0.743124008 -0.000501464 -0.003096248 0.999995053 26.368404388
0.999981403 0.006095660 0.000288423 0.500451565 -0.006096652 0.999975026 0.003574593 -0.754805982 -0.000266627 -0.003576285 0.999993563 26.911483765
0.999982417 0.005919606 -0.000276563 0.509656012 -0.005918593 0.999976277 0.003530749 -0.777320147 0.000297457 -0.003529050 0.999993742 27.440898895
0.999978542 0.006537684 -0.000429840 0.522373736 -0.006536212 0.999973059 0.003340749 -0.790815115 0.000451670 -0.003337868 0.999994338 27.986555099
0.999976516 0.006791661 -0.000895087 0.536769271 -0.006788743 0.999971867 0.003222074 -0.797412694 0.000916945 -0.003215923 0.999994397 28.526275635
0.999974370 0.007123036 -0.000644686 0.535810173 -0.007120694 0.999968290 0.003563989 -0.822156608 0.000670052 -0.003559307 0.999993443 29.078344345
0.999975383 0.006964867 -0.000836688 0.536889195 -0.006961915 0.999969721 0.003480802 -0.841549218 0.000860906 -0.003474891 0.999993563 29.603853226
0.999971151 0.007556448 -0.000744433 0.547833085 -0.007553510 0.999963939 0.003872986 -0.861202955 0.000773673 -0.003867251 0.999992251 30.151782990
0.999973297 0.007214801 -0.001145854 0.568865597 -0.007210003 0.999965429 0.004137845 -0.880565703 0.001175668 -0.004129473 0.999990761 30.680011749
0.999965310 0.008210047 -0.001413508 0.582939744 -0.008204824 0.999959767 0.003661029 -0.887660205 0.001443508 -0.003649305 0.999992311 31.237302780
0.999956012 0.009203881 -0.001812727 0.589069426 -0.009197406 0.999951422 0.003548682 -0.897198737 0.001845301 -0.003531853 0.999992073 31.793556213
0.999961913 0.008482482 -0.002054242 0.601686716 -0.008474451 0.999956548 0.003887238 -0.917043209 0.002087127 -0.003869682 0.999990344 32.330371857
0.999954641 0.009056897 -0.002960824 0.611607134 -0.009044424 0.999950290 0.004199579 -0.935947776 0.002998711 -0.004172610 0.999986827 32.870853424
0.999964178 0.008107586 -0.002406799 0.634022415 -0.008099162 0.999961138 0.003489426 -0.930760622 0.002434995 -0.003469808 0.999991000 33.402557373
0.999970853 0.006973350 -0.003108756 0.645665407 -0.006960860 0.999967873 0.004010895 -0.975153208 0.003136625 -0.003989139 0.999987125 33.935230255
0.999965787 0.007837984 -0.002649126 0.633355439 -0.007827554 0.999961674 0.003924194 -0.965709746 0.002679782 -0.003903323 0.999988735 34.431102753
0.999967575 0.007458151 -0.003055908 0.647623181 -0.007446952 0.999965608 0.003660046 -0.984894335 0.003083100 -0.003637170 0.999988616 34.954372406
0.999970376 0.006481694 -0.004152633 0.696944416 -0.006469349 0.999974549 0.002979520 -0.992295504 0.004171840 -0.002952567 0.999986947 35.545681000
0.999967575 0.006663061 -0.004526071 0.709293485 -0.006649354 0.999973178 0.003036802 -1.008929491 0.004546185 -0.003006608 0.999985158 36.093204498
0.999975264 0.005508155 -0.004377000 0.703638196 -0.005495011 0.999980390 0.003009105 -1.019723177 0.004393488 -0.002984980 0.999985874 36.651462555
0.999967575 0.006635448 -0.004550551 0.708293438 -0.006616796 0.999969840 0.004101238 -1.059745073 0.004577626 -0.004070996 0.999981225 37.261333466
0.999946833 0.009328707 -0.004383248 0.752355993 -0.009313862 0.999950826 0.003395237 -1.061862826 0.004414707 -0.003354232 0.999984622 37.664478302
0.999948263 0.008670130 -0.005316280 0.767974257 -0.008650622 0.999955714 0.003681557 -1.075592279 0.005347966 -0.003635378 0.999979079 38.213027954
0.999948680 0.008994016 -0.004662856 0.770538330 -0.008980320 0.999955297 0.002950097 -1.083020210 0.004689182 -0.002908071 0.999984801 38.773277283
0.999970257 0.006260829 -0.004508473 0.764621019 -0.006246465 0.999975324 0.003192961 -1.099870920 0.004528350 -0.003164704 0.999984741 39.359985352
0.999962866 0.007342232 -0.004507598 0.765171647 -0.007329423 0.999969065 0.002851815 -1.108603358 0.004528395 -0.002818671 0.999985695 39.943042755
0.999965906 0.006557555 -0.005004845 0.781163931 -0.006541037 0.999973118 0.003309401 -1.141656280 0.005026411 -0.003276552 0.999981999 40.473587036
0.999967039 0.006438829 -0.004937910 0.788877666 -0.006424347 0.999975026 0.002942948 -1.150631547 0.004956736 -0.002911128 0.999983490 41.030120850
0.999966979 0.006512114 -0.004853085 0.783296406 -0.006498204 0.999974668 0.002876384 -1.152479410 0.004871693 -0.002844753 0.999984086 41.560108185
0.999962687 0.007455941 -0.004375817 0.793765306 -0.007446156 0.999969780 0.002248023 -1.159989476 0.004392445 -0.002215357 0.999987900 42.117359161
0.999965549 0.006722540 -0.004862782 0.810373008 -0.006709672 0.999973953 0.002657764 -1.181516528 0.004880521 -0.002625045 0.999984682 42.636966705
0.999964237 0.006016681 -0.005941335 0.829077661 -0.006005221 0.999980092 0.001944967 -1.176319480 0.005952918 -0.001909219 0.999980390 43.171752930
0.999971390 0.003942275 -0.006454738 0.845793724 -0.003930743 0.999990642 0.001798392 -1.191522956 0.006461768 -0.001772969 0.999977529 43.715389252
0.999965906 0.005947185 -0.005727945 0.844375134 -0.005935851 0.999980390 0.001993891 -1.211796165 0.005739691 -0.001959823 0.999981582 44.257335663
0.999967456 0.005586616 -0.005816136 0.850157380 -0.005572912 0.999981642 0.002369686 -1.236423850 0.005829268 -0.002337196 0.999980271 44.781028748
0.999972105 0.005061836 -0.005491488 0.850654840 -0.005051390 0.999985397 0.001914588 -1.234075069 0.005501099 -0.001886795 0.999983072 45.336345673
0.999969363 0.005922982 -0.005116958 0.853244841 -0.005915799 0.999981523 0.001417727 -1.242338061 0.005125260 -0.001387413 0.999985874 45.894279480
0.999976397 0.002445646 -0.006408229 0.929520369 -0.002434864 0.999995530 0.001689652 -1.260423303 0.006412333 -0.001674009 0.999978065 46.424770355
0.999971688 0.005001794 -0.005625125 0.907701135 -0.004992788 0.999986231 0.001613978 -1.264243603 0.005633122 -0.001585847 0.999982893 46.982036591
0.999972165 0.004376928 -0.006041780 0.900987864 -0.004366706 0.999989033 0.001704010 -1.271755219 0.006049172 -0.001677580 0.999980211 47.547515869
0.999972284 0.005171095 -0.005341298 0.906099677 -0.005164653 0.999985933 0.001219118 -1.285719395 0.005347528 -0.001191498 0.999984980 48.090267181
0.999972284 0.004851836 -0.005642805 0.912468076 -0.004844134 0.999987245 0.001378019 -1.301017642 0.005649420 -0.001350646 0.999983072 48.617038727
0.999973953 0.004471592 -0.005653052 0.923029304 -0.004464190 0.999989152 0.001320921 -1.320179820 0.005658897 -0.001295650 0.999983132 49.143814087
0.999974847 0.005147526 -0.004871543 0.929403305 -0.005140410 0.999985695 0.001472228 -1.335210919 0.004879052 -0.001447149 0.999987006 49.676380157
0.999969363 0.006305784 -0.004637098 0.932238460 -0.006300629 0.999979496 0.001125681 -1.347872615 0.004644101 -0.001096430 0.999988616 50.203899384
0.999972999 0.006107956 -0.004082489 0.931405962 -0.006103627 0.999980807 0.001071997 -1.366819739 0.004088958 -0.001047051 0.999991059 50.724109650
0.999973416 0.005573163 -0.004686651 0.952059984 -0.005569704 0.999984205 0.000750270 -1.371813416 0.004690758 -0.000724147 0.999988735 51.262073517
0.999969006 0.006041857 -0.005066063 0.953666806 -0.006036005 0.999981046 0.001169724 -1.389380932 0.005073035 -0.001139109 0.999986410 51.789268494
0.999972820 0.005464910 -0.004945640 0.970388651 -0.005459237 0.999984384 0.001159622 -1.405298233 0.004951899 -0.001132591 0.999987125 52.342002869
0.999970973 0.006100260 -0.004566092 0.971254587 -0.006096076 0.999980986 0.000929444 -1.419077635 0.004571674 -0.000901582 0.999989152 52.868534088
0.999969840 0.006193471 -0.004691660 0.980801225 -0.006190604 0.999980569 0.000625528 -1.434239626 0.004695444 -0.000596465 0.999988794 53.403549194
0.999967575 0.006755542 -0.004378376 0.983099103 -0.006753268 0.999977052 0.000534196 -1.449551344 0.004381885 -0.000504610 0.999990284 53.928493500
0.999973238 0.005966498 -0.004238274 0.986672521 -0.005964905 0.999982119 0.000388373 -1.464185953 0.004240516 -0.000363081 0.999990880 54.472091675
0.999970198 0.006492183 -0.004159659 0.999487877 -0.006491748 0.999978900 0.000117544 -1.474261642 0.004160334 -0.000090537 0.999991357 55.029754639
0.999971986 0.006146017 -0.004272522 1.013057947 -0.006144639 0.999981046 0.000335344 -1.481503010 0.004274504 -0.000309081 0.999990821 55.560565948
0.999966443 0.006774672 -0.004609122 1.043172002 -0.006774084 0.999977052 0.000143116 -1.496832490 0.004609986 -0.000111888 0.999989390 56.069023132
0.999970496 0.006075408 -0.004700631 1.036885977 -0.006072809 0.999981344 0.000566870 -1.530710340 0.004703987 -0.000538307 0.999988794 56.652572632
0.999968588 0.007037072 -0.003631666 1.027856112 -0.007036804 0.999975264 0.000086946 -1.540645242 0.003632188 -0.000061388 0.999993384 57.193534851
0.999969184 0.006860643 -0.003819813 1.033350468 -0.006859132 0.999976397 0.000408882 -1.554320931 0.003822528 -0.000382668 0.999992609 57.733322144
0.999971688 0.006266210 -0.004171116 1.056975245 -0.006265350 0.999980330 0.000218818 -1.575903654 0.004172405 -0.000192678 0.999991298 58.241931915
0.999970198 0.006366894 -0.004362307 1.057470083 -0.006365585 0.999979675 0.000313859 -1.593561053 0.004364217 -0.000286081 0.999990463 58.768898010
0.999968231 0.006996719 -0.003815483 1.067656875 -0.006995560 0.999975502 0.000316849 -1.606650233 0.003817606 -0.000290148 0.999992669 59.307193756
0.999973774 0.006008299 -0.004031876 1.079232812 -0.006006777 0.999981880 0.000389618 -1.631732583 0.004034143 -0.000365390 0.999991775 59.871627808
0.999972463 0.005899190 -0.004488520 1.092428565 -0.005896615 0.999982476 0.000586616 -1.644505501 0.004491901 -0.000560133 0.999989748 60.421733856
0.999960899 0.008128650 -0.003483503 1.084858418 -0.008126279 0.999966741 0.000693590 -1.664533973 0.003489026 -0.000665255 0.999993682 60.929283142
0.999966741 0.007434223 -0.003392539 1.102201581 -0.007432857 0.999972224 0.000415311 -1.674044609 0.003395532 -0.000390080 0.999994159 61.499855042
0.999965131 0.007446417 -0.003778884 1.112142801 -0.007444882 0.999972165 0.000420390 -1.691126943 0.003781909 -0.000392242 0.999992788 61.994220734
0.999962986 0.007848199 -0.003509369 1.108945727 -0.007847107 0.999969184 0.000324535 -1.712813854 0.003511808 -0.000296985 0.999993801 62.556224823
0.999961853 0.007925878 -0.003678184 1.127143621 -0.007924170 0.999968410 0.000478493 -1.725288153 0.003681861 -0.000449328 0.999993145 63.099754333
0.999962389 0.008043189 -0.003250753 1.130398512 -0.008041597 0.999967515 0.000502376 -1.744446874 0.003254687 -0.000476216 0.999994576 63.637794495
0.999964774 0.007852814 -0.002962830 1.123669624 -0.007853035 0.999969184 -0.000062899 -1.754897118 0.002962244 0.000086164 0.999995530 64.184715271
0.999963701 0.007999733 -0.002941013 1.132193446 -0.007998817 0.999967933 0.000323884 -1.773944736 0.002943509 -0.000300348 0.999995649 64.709312439
0.999962866 0.008143508 -0.002827560 1.145324469 -0.008143838 0.999966800 -0.000104841 -1.782308698 0.002826613 0.000127864 0.999995947 65.263771057
0.999957263 0.008720339 -0.003086251 1.152551889 -0.008720569 0.999961972 -0.000060633 -1.797430634 0.003085605 0.000087544 0.999995232 65.804580688
0.999970675 0.006916875 -0.003268907 1.159418106 -0.006918183 0.999975979 -0.000388472 -1.809355021 0.003266142 0.000411075 0.999994576 66.325881958
0.999972641 0.006654680 -0.003235975 1.170772195 -0.006655373 0.999977827 -0.000202784 -1.837007880 0.003234555 0.000224315 0.999994755 66.854248047
0.999966979 0.007430949 -0.003288017 1.183900118 -0.007432798 0.999972224 -0.000551068 -1.848760009 0.003283829 0.000575489 0.999994457 67.394226074
0.999971509 0.006820841 -0.003229684 1.198265314 -0.006821854 0.999976695 -0.000302390 -1.870715499 0.003227547 0.000324414 0.999994695 67.933403015
0.999971092 0.007045765 -0.002845767 1.195665121 -0.007047215 0.999974966 -0.000500015 -1.882350683 0.002842173 0.000520055 0.999995768 68.460067749
0.999970973 0.007235963 -0.002396130 1.200203300 -0.007236033 0.999973834 -0.000019360 -1.897345901 0.002395928 0.000036698 0.999997079 68.975273132
0.999967277 0.007693483 -0.002486269 1.210608244 -0.007693869 0.999970317 -0.000145809 -1.918900132 0.002485072 0.000164934 0.999996901 69.512588501
0.999969602 0.007424622 -0.002385961 1.224914074 -0.007426527 0.999972045 -0.000789814 -1.929816961 0.002380030 0.000807509 0.999996841 70.092491150
0.999969661 0.007517021 -0.002068586 1.231994629 -0.007518022 0.999971569 -0.000475807 -1.947276592 0.002064951 0.000491344 0.999997795 70.644660950
0.999978185 0.006098765 -0.002528094 1.253407598 -0.006102760 0.999980152 -0.001575476 -1.952062249 0.002518434 0.001590870 0.999995589 71.431472778
0.999980330 0.005470142 -0.003062871 1.265974998 -0.005473181 0.999984562 -0.000985170 -1.976327300 0.003057434 0.001001915 0.999994755 72.012695312
0.999976575 0.006088958 -0.003102787 1.272877336 -0.006092439 0.999980748 -0.001113654 -1.990916133 0.003095947 0.001132532 0.999994516 72.566833496
0.999978364 0.005808323 -0.003063633 1.283378959 -0.005812014 0.999982417 -0.001196814 -2.008254766 0.003056627 0.001214594 0.999994576 73.131202698
0.999977827 0.005997911 -0.002896473 1.291995883 -0.006000438 0.999981582 -0.000864921 -2.027190685 0.002891231 0.000882282 0.999995410 73.687126160
0.999977708 0.006071274 -0.002774091 1.300969124 -0.006076085 0.999980032 -0.001729124 -2.036977291 0.002763537 0.001745941 0.999994636 74.241882324
0.999977767 0.005922153 -0.003070606 1.310642362 -0.005926821 0.999981284 -0.001513945 -2.052266359 0.003061584 0.001532111 0.999994159 74.776977539
0.999977887 0.006154848 -0.002510163 1.315086246 -0.006158248 0.999980152 -0.001349478 -2.065982342 0.002501807 0.001364907 0.999995947 75.330299377
0.999977469 0.006533144 -0.001518416 1.299209356 -0.006537192 0.999975026 -0.002676829 -2.050700665 0.001500890 0.002686695 0.999995291 75.910446167
0.999980986 0.005613467 -0.002547065 1.354369521 -0.005616808 0.999983311 -0.001306527 -2.098487377 0.002539689 0.001320808 0.999995828 76.446403503
0.999977410 0.006482415 -0.001765626 1.358587027 -0.006484814 0.999978006 -0.001356017 -2.120164871 0.001756796 0.001367436 0.999997497 76.983123779
0.999971807 0.007255454 -0.001933618 1.357545614 -0.007258382 0.999972522 -0.001512117 -2.132893801 0.001922595 0.001526110 0.999996960 77.445297241
0.999978960 0.006048673 -0.002323472 1.368968725 -0.006052496 0.999980271 -0.001641960 -2.145931959 0.002313497 0.001655989 0.999995947 77.976631165
0.999979258 0.006204032 -0.001722881 1.376773596 -0.006207171 0.999979079 -0.001822382 -2.163076639 0.001711539 0.001833038 0.999996841 78.534332275
0.999974430 0.007045106 -0.001213821 1.385141850 -0.007047193 0.999973655 -0.001723129 -2.180868864 0.001201649 0.001731639 0.999997795 79.089347839
0.999978304 0.006303115 -0.001901878 1.415031314 -0.006306388 0.999978781 -0.001720141 -2.197531939 0.001890994 0.001732098 0.999996662 79.631095886
0.999979496 0.006086548 -0.001994201 1.417769670 -0.006090963 0.999979138 -0.002216159 -2.207479000 0.001980670 0.002228261 0.999995530 80.166862488
0.999981463 0.006015918 -0.000924280 1.429084778 -0.006018151 0.999979019 -0.002436103 -2.218000650 0.000909605 0.002441621 0.999996603 80.699310303
0.999983668 0.005696964 0.000403886 1.444635391 -0.005696127 0.999981701 -0.002043384 -2.243260145 -0.000415519 0.002041051 0.999997854 81.256874084
0.999978065 0.006466110 0.001415264 1.449965715 -0.006462980 0.999976695 -0.002204515 -2.256426573 -0.001429485 0.002195319 0.999996543 81.800666809
0.999979377 0.005811858 0.002731515 1.460762978 -0.005804898 0.999979913 -0.002549344 -2.270161867 -0.002746276 0.002533435 0.999993026 82.328636169
0.999963403 0.005998625 0.006098982 1.483902335 -0.005983145 0.999978781 -0.002553368 -2.282416105 -0.006114169 0.002516783 0.999978125 82.873947144
0.999933481 0.006244411 0.009694776 1.501901388 -0.006223609 0.999978244 -0.002174394 -2.301393270 -0.009708143 0.002113913 0.999950647 83.415374756
0.999901652 0.005766051 0.012785382 1.523345232 -0.005735453 0.999980628 -0.002428542 -2.319708824 -0.012799136 0.002354973 0.999915302 83.928367615
0.999839246 0.006078873 0.016863888 1.547242880 -0.006037540 0.999978662 -0.002500829 -2.335735321 -0.016878728 0.002398611 0.999854684 84.467216492
0.999718904 0.007218754 0.022582477 1.582691312 -0.007165189 0.999971330 -0.002451942 -2.347824574 -0.022599528 0.002289445 0.999741971 84.994377136
0.999565244 0.006080798 0.028853754 1.604164600 -0.006000008 0.999977767 -0.002885788 -2.365248442 -0.028870663 0.002711411 0.999579489 85.530944824
0.999386847 0.005900928 0.034511827 1.642794967 -0.005819707 0.999980032 -0.002453470 -2.384599924 -0.034525618 0.002251116 0.999401271 86.071250916
0.999058366 0.006474674 0.042903461 1.683534145 -0.006382009 0.999976933 -0.002296479 -2.404442310 -0.042917348 0.002020506 0.999076605 86.604553223
0.998659492 0.006026137 0.051409695 1.731763363 -0.005884212 0.999978423 -0.002911521 -2.420048237 -0.051426135 0.002605112 0.998673379 87.154960632
0.998296976 0.004979907 0.058123425 1.780667543 -0.004846910 0.999985278 -0.002428921 -2.438269377 -0.058134668 0.002143065 0.998306453 87.687316895
0.997694373 0.005774276 0.067620642 1.830059052 -0.005596310 0.999980390 -0.002820967 -2.453255653 -0.067635618 0.002436036 0.997707129 88.215507507
0.996947885 0.005696746 0.077862099 1.890328407 -0.005493318 0.999980927 -0.002826607 -2.472685814 -0.077876709 0.002390259 0.996960044 88.755294800
0.996227920 0.005910657 0.086572751 1.965649605 -0.005688105 0.999979854 -0.002817154 -2.483077526 -0.086587660 0.002314091 0.996241510 89.288322449
0.995567918 0.004926901 0.093916290 2.030136108 -0.004607813 0.999982774 -0.003614149 -2.496440887 -0.093932472 0.003165382 0.995573521 89.847244263
0.994593561 0.004670900 0.103739873 2.108810425 -0.004285390 0.999983072 -0.003938713 -2.510839462 -0.103756510 0.003472853 0.994596660 90.381240845
0.993471682 0.004606684 0.113986179 2.216342926 -0.004244616 0.999985158 -0.003418922 -2.526284695 -0.114000238 0.002912776 0.993476450 90.945457458
0.992400467 0.003632269 0.122996390 2.299569130 -0.003189845 0.999987662 -0.003793753 -2.541758060 -0.123008661 0.003372582 0.992399871 91.470634460
0.990813613 0.004089631 0.135172620 2.386517525 -0.003646504 0.999987125 -0.003525663 -2.558999538 -0.135185286 0.003000368 0.990815938 91.988113403
0.989052892 0.004115822 0.147503808 2.488021851 -0.003645972 0.999987364 -0.003455576 -2.581041336 -0.147516131 0.002879953 0.989055455 92.503662109
0.987438560 0.003566329 0.157963067 2.595499039 -0.003043440 0.999989033 -0.003551968 -2.596258163 -0.157974005 0.003026600 0.987438679 93.046035767
0.985744655 0.003042029 0.168220565 2.722289085 -0.002438874 0.999989808 -0.003791993 -2.612173796 -0.168230385 0.003327668 0.985742092 93.620216370
0.983428776 0.003093841 0.181268603 2.840833664 -0.002485397 0.999990463 -0.003583641 -2.632358551 -0.181277931 0.003073732 0.983427107 94.147727966
0.981030822 0.002325035 0.193837896 2.965559006 -0.001526483 0.999989748 -0.004268950 -2.640087605 -0.193845823 0.003892081 0.981024265 94.674827576
0.979002357 0.002072172 0.203838378 3.094329834 -0.001288021 0.999991179 -0.003979520 -2.658373117 -0.203844860 0.003633413 0.978996456 95.215293884
0.976117909 0.002519577 0.217227042 3.237611771 -0.001736490 0.999991238 -0.003795736 -2.675948381 -0.217234761 0.003327872 0.976113737 95.759445190
0.973115444 0.001500349 0.230313003 3.375511169 -0.000615042 0.999992132 -0.003915672 -2.699709177 -0.230317056 0.003668750 0.973108649 96.252159119
0.970422983 0.001202374 0.241407856 3.528882980 -0.000297164 0.999992788 -0.003786087 -2.707643509 -0.241410673 0.003602368 0.970416248 96.776695251
0.967698157 0.001179696 0.252108932 3.697813034 -0.000392912 0.999994874 -0.003171128 -2.747670889 -0.252111435 0.002969638 0.967693567 97.244552612
0.964109898 0.001266164 0.265500337 3.864656448 -0.000491175 0.999995351 -0.002985350 -2.760476112 -0.265502870 0.002747799 0.964106143 97.769012451
0.960596085 0.000207623 0.277947724 4.039173126 0.000733685 0.999994338 -0.003282621 -2.786477327 -0.277946860 0.003357199 0.960590601 98.287796021
0.957290351 -0.000222565 0.289128155 4.221094131 0.001115391 0.999995112 -0.002923234 -2.804369450 -0.289126068 0.003120875 0.957285941 98.791763306
0.952910542 -0.000082241 0.303251594 4.409088135 0.000922929 0.999996126 -0.002628930 -2.822711706 -0.303250194 0.002785014 0.952906907 99.293434143
0.948598206 -0.001288009 0.316480130 4.613649368 0.002351765 0.999992788 -0.002979273 -2.833806515 -0.316473991 0.003570420 0.948594451 99.807792664
0.944616199 -0.001738687 0.328172594 4.819353104 0.002928116 0.999990821 -0.003130288 -2.847537994 -0.328164160 0.003917848 0.944612622 100.328826904
0.940037549 -0.000984621 0.341069609 5.020616531 0.002004513 0.999994516 -0.002637881 -2.875567198 -0.341065139 0.003163385 0.940034330 100.807167053
0.934704185 -0.001003789 0.355425179 5.242103577 0.002235340 0.999992907 -0.003054372 -2.882458210 -0.355419606 0.003649431 0.934699714 101.317901611
0.929931641 -0.001613969 0.367728949 5.453578949 0.002737895 0.999993086 -0.002534741 -2.906202793 -0.367722273 0.003363938 0.929929614 101.800445557
0.925179601 -0.003213249 0.379515886 5.682550430 0.004450717 0.999987245 -0.002383312 -2.923811436 -0.379503399 0.003894110 0.925182164 102.319374084
0.919386268 -0.003031179 0.393344313 5.923831940 0.003653030 0.999993026 -0.000832318 -2.946954489 -0.393339038 0.002202121 0.919390917 102.818649292
0.913577974 -0.004227862 0.406641394 6.189449310 0.005651096 0.999981403 -0.002299163 -2.957098007 -0.406623989 0.004398435 0.913585007 103.332107544
0.908670604 -0.003874407 0.417495698 6.439083099 0.005266404 0.999983728 -0.002182256 -2.974781036 -0.417480499 0.004181653 0.908676267 103.801628113
0.903051257 -0.004375293 0.429510593 6.711761475 0.005923140 0.999979913 -0.002266984 -3.007524490 -0.429491967 0.004591254 0.903059006 104.293785095
0.896526515 -0.003694838 0.442974567 6.976951599 0.005115122 0.999984920 -0.002011541 -3.017206192 -0.442960411 0.004069269 0.896531880 104.780067444
0.890619636 -0.005320088 0.454717726 7.266819000 0.007260637 0.999970555 -0.002521425 -3.029414892 -0.454690874 0.005547172 0.890631974 105.319305420
0.884954274 -0.006098511 0.465637863 7.544975281 0.007936031 0.999966562 -0.001985920 -3.044632196 -0.465610117 0.005452765 0.884973168 105.789627075
0.877092004 -0.005420079 0.480291784 7.824199677 0.007039915 0.999974012 -0.001571368 -3.066924334 -0.480270773 0.004759448 0.877107382 106.277130127
0.869873941 -0.004900977 0.493249685 8.117427826 0.006782360 0.999974906 -0.002025230 -3.076786041 -0.493227422 0.005107092 0.869885445 106.737281799
