1.000000000 0.000000000 0.000000000 0.000000000 0.000000000 1.000000000 0.000000000 0.000000000 0.000000000 0.000000000 1.000000000 0.000000000
1.000000000 0.000086339 0.000018794 -0.001311533 -0.000086338 1.000000000 -0.000063679 0.001389043 -0.000018800 0.000063677 1.000000000 0.003056986
1.000000000 0.000077021 -0.000021610 0.000895195 -0.000077021 1.000000000 -0.000020173 0.000826229 0.000021609 0.000020174 1.000000000 0.003150577
1.000000000 0.000202829 0.000064435 -0.000073044 -0.000202829 1.000000000 0.000012866 0.000551787 -0.000064432 -0.000012879 1.000000000 -0.002941638
1.000000000 0.000070951 -0.000035261 0.003571752 -0.000070954 1.000000000 -0.000089197 0.001984195 0.000035255 0.000089200 1.000000000 -0.001405132
1.000000000 0.000028844 -0.000011037 0.001160663 -0.000028844 1.000000000 0.000034496 0.000638474 0.000011038 -0.000034496 1.000000000 0.000192406
1.000000000 0.000056617 0.000016629 -0.000536270 -0.000056616 1.000000000 -0.000046746 0.001177494 -0.000016632 0.000046745 1.000000000 -0.001643423
1.000000000 0.000038605 0.000039043 0.000080079 -0.000038607 1.000000000 0.000035167 0.000997852 -0.000039042 -0.000035168 1.000000000 -0.000264290
1.000000000 0.000006204 0.000138401 -0.004302557 -0.000006193 1.000000000 -0.000081151 0.002889599 -0.000138402 0.000081150 1.000000000 0.004176880
1.000000000 0.000102083 0.000091509 -0.001569725 -0.000102080 1.000000000 -0.000031583 0.000648618 -0.000091513 0.000031574 1.000000000 -0.001189723
1.000000000 0.000180450 0.000072819 0.000066807 -0.000180452 1.000000000 0.000022699 0.001653893 -0.000072815 -0.000022712 1.000000000 -0.002102377
1.000000000 0.000096238 0.000023976 -0.000040746 -0.000096238 1.000000000 -0.000002902 0.000791142 -0.000023976 0.000002900 1.000000000 -0.006379414
1.000000000 0.000046458 0.000085161 -0.001771962 -0.000046459 1.000000000 0.000021660 0.000782363 -0.000085160 -0.000021664 1.000000000 -0.003687379
1.000000000 -0.000064710 0.000090134 -0.000991676 0.000064709 1.000000000 0.000012598 -0.000203415 -0.000090135 -0.000012592 1.000000000 -0.000174207
1.000000000 0.000076345 0.000063064 -0.000022196 -0.000076344 1.000000000 -0.000007390 0.000773692 -0.000063065 0.000007385 1.000000000 -0.002336549
1.000000000 0.000006330 0.000035356 0.000106530 -0.000006330 1.000000000 0.000012764 0.000718579 -0.000035356 -0.000012764 1.000000000 -0.003257273
1.000000000 -0.000036418 0.000027829 -0.001515912 0.000036418 1.000000000 0.000014553 0.000490855 -0.000027830 -0.000014552 1.000000000 -0.003027863
1.000000000 0.000127859 0.000137123 -0.003590484 -0.000127861 1.000000000 0.000013410 0.000075012 -0.000137121 -0.000013427 1.000000000 -0.002533618
1.000000000 0.000083626 0.000030246 0.000146521 -0.000083627 1.000000000 0.000011314 0.001460933 -0.000030245 -0.000011316 1.000000000 -0.004972786
1.000000000 -0.000078613 -0.000027898 -0.000439455 0.000078614 1.000000000 0.000010614 0.000316553 0.000027897 -0.000010616 1.000000000 -0.005384246
1.000000000 0.000059295 0.000048474 -0.000520780 -0.000059297 1.000000000 0.000042838 -0.000504099 -0.000048472 -0.000042841 1.000000000 -0.007181363
1.000000000 -0.000059140 0.000007611 -0.000044574 0.000059139 1.000000000 0.000020269 -0.001144528 -0.000007613 -0.000020269 1.000000000 -0.004691946
1.000000000 0.000090537 0.000148104 -0.004815840 -0.000090518 1.000000000 -0.000129518 0.002451180 -0.000148116 0.000129504 1.000000000 0.002203822
1.000000000 -0.000044703 0.000000144 0.001042437 0.000044703 1.000000000 -0.000019718 0.000043504 -0.000000143 0.000019718 1.000000000 -0.002198069
1.000000000 -0.000104108 0.000030763 -0.001635694 0.000104108 1.000000000 0.000021163 0.001111162 -0.000030765 -0.000021159 1.000000000 0.000235345
1.000000000 -0.000009851 -0.000021407 0.001110159 0.000009851 1.000000000 -0.000020912 0.000933072 0.000021407 0.000020911 1.000000000 -0.005295863
1.000000000 -0.000133907 0.000029582 -0.001557805 0.000133908 1.000000000 -0.000032782 0.002273969 -0.000029578 0.000032786 1.000000000 -0.001546130
1.000000000 0.000093054 0.000052654 -0.000535532 -0.000093053 1.000000000 -0.000029994 0.000511798 -0.000052657 0.000029989 1.000000000 -0.005419445
1.000000000 -0.000098683 0.000044159 -0.001906626 0.000098680 1.000000000 0.000073270 -0.000103550 -0.000044166 -0.000073265 1.000000000 -0.002144835
1.000000000 -0.000075183 0.000062120 -0.004328522 0.000075187 1.000000000 -0.000063982 0.003891775 -0.000062115 0.000063986 1.000000000 0.001744928
1.000000000 -0.000079083 0.000019996 -0.001515516 0.000079084 1.000000000 -0.000039774 0.001061237 -0.000019993 0.000039776 1.000000000 0.000025153
1.000000000 0.000009107 0.000086450 -0.002650388 -0.000009111 1.000000000 0.000045717 0.000444370 -0.000086450 -0.000045718 1.000000000 0.000558964
1.000000000 -0.000165565 0.000045710 -0.003199133 0.000165564 1.000000000 0.000008876 0.000900906 -0.000045711 -0.000008869 1.000000000 -0.001031402
1.000000000 -0.000040426 0.000035257 -0.000726453 0.000040424 1.000000000 0.000050736 -0.000797371 -0.000035259 -0.000050735 1.000000000 -0.003483383
0.999999940 0.000239970 0.000137020 -0.002987608 -0.000239966 1.000000000 -0.000025450 0.000585766 -0.000137026 0.000025417 1.000000000 -0.000798446
1.000000000 0.000008582 0.000055252 -0.001125397 -0.000008583 1.000000000 0.000032412 0.000454721 -0.000055252 -0.000032412 1.000000000 -0.001315200
1.000000000 -0.000024525 -0.000028356 0.000370416 0.000024528 1.000000000 0.000090030 -0.000179850 0.000028354 -0.000090031 1.000000000 -0.007460616
1.000000000 -0.000006403 0.000008708 -0.000604750 0.000006404 1.000000000 -0.000105887 0.002055754 -0.000008707 0.000105887 1.000000000 -0.002770660
1.000000000 -0.000045603 -0.000005399 0.000746802 0.000045604 1.000000000 0.000071046 -0.000409598 0.000005395 -0.000071046 1.000000000 -0.004214517
1.000000000 -0.000026878 -0.000015185 0.000306639 0.000026879 1.000000000 0.000039430 0.000867860 0.000015184 -0.000039430 1.000000000 -0.003546870
1.000000000 -0.000222170 -0.000024932 0.001203018 0.000222172 1.000000000 0.000060847 -0.000769223 0.000024919 -0.000060853 1.000000000 -0.001921009
1.000000000 -0.000069054 0.000054300 0.002464407 0.000069079 0.999999881 -0.000453048 -0.005383653 -0.000054268 0.000453052 0.999999881 0.049084898
1.000000000 -0.000035008 0.000071398 0.003922495 0.000035094 0.999999285 -0.001206699 -0.003272985 -0.000071356 0.001206701 0.999999285 0.144837528
1.000000000 -0.000085685 -0.000007309 0.006014119 0.000085675 0.999999046 -0.001399047 -0.011315469 0.000007429 0.001399046 0.999999046 0.258552819
1.000000000 -0.000058846 0.000124795 0.004691232 0.000059015 0.999999106 -0.001352574 -0.015545471 -0.000124715 0.001352581 0.999999106 0.386624336
1.000000000 0.000038176 -0.000025792 0.007603742 -0.000038202 0.999999523 -0.001003167 -0.023038195 0.000025754 0.001003168 0.999999523 0.531347930
1.000000000 0.000102212 0.000073297 0.007540009 -0.000102151 0.999999642 -0.000828270 -0.032184329 -0.000073382 0.000828262 0.999999642 0.682106614
1.000000000 -0.000072464 -0.000009937 0.014589780 0.000072458 0.999999821 -0.000605958 -0.034855146 0.000009981 0.000605957 0.999999821 0.854753375
1.000000000 0.000021573 -0.000100548 0.023185335 -0.000021631 0.999999821 -0.000573311 -0.036206394 0.000100535 0.000573313 0.999999821 1.025029659
1.000000000 0.000197913 0.000117895 0.007976335 -0.000197888 0.999999940 -0.000212379 -0.048743822 -0.000117937 0.000212355 1.000000000 1.200340867
1.000000000 -0.000120188 -0.000303930 0.026712324 0.000120217 0.999999940 0.000094362 -0.055794425 0.000303918 -0.000094398 0.999999940 1.388676047
0.999999940 0.000091205 0.000015489 0.021672128 -0.000091205 1.000000000 -0.000015769 -0.060505550 -0.000015490 0.000015768 1.000000000 1.574909329
1.000000000 0.000273273 0.000267267 0.022997251 -0.000273277 1.000000000 0.000013850 -0.065979399 -0.000267264 -0.000013923 1.000000000 1.774026155
0.999999762 0.000434494 0.000458589 0.019200118 -0.000434678 0.999999762 0.000401924 -0.076505221 -0.000458414 -0.000402123 0.999999821 1.973203540
0.999999881 0.000161223 0.000438139 0.025738731 -0.000161371 0.999999940 0.000338207 -0.079927742 -0.000438085 -0.000338278 0.999999762 2.196976185
0.999999940 0.000082447 0.000384675 0.034178197 -0.000082642 0.999999881 0.000505878 -0.087636560 -0.000384633 -0.000505910 0.999999821 2.410673857
0.999999940 0.000443435 0.000236735 0.041615728 -0.000443579 0.999999642 0.000607676 -0.095056579 -0.000236465 -0.000607781 0.999999762 2.635047913
1.000000000 -0.000318149 0.000261365 0.044970535 0.000317954 0.999999762 0.000747808 -0.104184136 -0.000261603 -0.000747725 0.999999702 2.871082544
0.999999821 -0.000083122 0.000435705 0.049029779 0.000082747 0.999999642 0.000861761 -0.109825850 -0.000435776 -0.000861725 0.999999464 3.098348141
0.999999881 -0.000391404 0.000254696 0.059256680 0.000391204 0.999999642 0.000786171 -0.117383413 -0.000255004 -0.000786072 0.999999642 3.348747492
0.999999762 0.000272274 0.000646898 0.054166861 -0.000272755 0.999999642 0.000744858 -0.122923926 -0.000646695 -0.000745034 0.999999523 3.595301867
0.999999762 0.000414109 0.000552317 0.060739867 -0.000414547 0.999999583 0.000793851 -0.131432101 -0.000551988 -0.000794080 0.999999523 3.838440418
0.999999762 0.000214693 0.000659723 0.063064650 -0.000215424 0.999999344 0.001108174 -0.141023442 -0.000659485 -0.001108316 0.999999166 4.097974300
0.999999642 0.000499460 0.000741785 0.066540562 -0.000500487 0.999998927 0.001384532 -0.150260448 -0.000741093 -0.001384903 0.999998748 4.351933479
0.999999821 0.000098115 0.000570041 0.075974174 -0.000098837 0.999999166 0.001266580 -0.156122506 -0.000569916 -0.001266637 0.999999046 4.617219925
0.999999702 0.000056723 0.000764159 0.079666287 -0.000057737 0.999999046 0.001327658 -0.163801134 -0.000764083 -0.001327702 0.999998808 4.873007774
0.999999523 0.000320054 0.000977445 0.076203242 -0.000321402 0.999998987 0.001379056 -0.174046457 -0.000977003 -0.001379369 0.999998510 5.121788979
0.999999583 0.000214338 0.000888790 0.085317776 -0.000215756 0.999998689 0.001595762 -0.181740850 -0.000888447 -0.001595953 0.999998331 5.384018421
0.999999583 0.000126798 0.000834265 0.093528636 -0.000128125 0.999998689 0.001590873 -0.195326820 -0.000834062 -0.001590980 0.999998391 5.652132988
0.999999702 0.000337002 0.000882376 0.098829553 -0.000338334 0.999998808 0.001509150 -0.200636894 -0.000881866 -0.001509448 0.999998450 5.925568581
0.999999702 0.000016180 0.000826434 0.106356800 -0.000017643 0.999998391 0.001770222 -0.215708226 -0.000826403 -0.001770236 0.999998093 6.181274891
0.999999523 0.000411389 0.000977488 0.113810211 -0.000413067 0.999998450 0.001716604 -0.221704677 -0.000976781 -0.001717007 0.999998033 6.473153114
0.999999464 0.000280509 0.001022371 0.110854603 -0.000282098 0.999998748 0.001554881 -0.226135805 -0.001021934 -0.001555168 0.999998271 6.772053719
0.999999523 0.000282057 0.000944541 0.122986421 -0.000283649 0.999998510 0.001686156 -0.237039343 -0.000944063 -0.001686424 0.999998152 7.064149857
0.999999583 0.000470964 0.000790626 0.136451289 -0.000472455 0.999998093 0.001887049 -0.253230065 -0.000789736 -0.001887422 0.999997914 7.347419739
0.999999523 0.000372580 0.000975481 0.146289587 -0.000374420 0.999998152 0.001886564 -0.267519444 -0.000974776 -0.001886928 0.999997795 7.641446114
0.999999285 0.000442953 0.001080329 0.149009481 -0.000445090 0.999997914 0.001978580 -0.273650199 -0.001079450 -0.001979060 0.999997377 7.975782394
0.999998808 0.000944644 0.001174748 0.159989193 -0.000947140 0.999997258 0.002126137 -0.286308855 -0.001172737 -0.002127247 0.999997020 8.281336784
0.999999166 0.000710283 0.001098032 0.167320713 -0.000712458 0.999997735 0.001981892 -0.291095316 -0.001096622 -0.001982673 0.999997437 8.612302780
0.999999583 0.000150336 0.000857533 0.175996125 -0.000152436 0.999996901 0.002448896 -0.302520990 -0.000857163 -0.002449026 0.999996543 8.955814362
0.999998987 0.000639320 0.001243995 0.169486031 -0.000641945 0.999997556 0.002110980 -0.309589177 -0.001242643 -0.002111776 0.999997020 9.287718773
0.999999404 0.000218063 0.001037623 0.182356268 -0.000220272 0.999997735 0.002129031 -0.317465156 -0.001037157 -0.002129259 0.999997199 9.627785683
0.999999225 0.000138336 0.001233111 0.186507136 -0.000141112 0.999997437 0.002251946 -0.330134481 -0.001232797 -0.002252119 0.999996722 9.970339775
0.999999464 0.000085119 0.001038028 0.195144415 -0.000087118 0.999998093 0.001925820 -0.338891238 -0.001037862 -0.001925910 0.999997616 10.333734512
0.999999344 0.000414804 0.001093565 0.209586963 -0.000417186 0.999997497 0.002179256 -0.352503270 -0.001092659 -0.002179711 0.999997079 10.685054779
0.999999523 0.000078756 0.000966886 0.216591552 -0.000081038 0.999997199 0.002359793 -0.361562908 -0.000966697 -0.002359870 0.999996722 11.066665649
0.999999344 0.000515018 0.001030188 0.222903058 -0.000517460 0.999997079 0.002371568 -0.371558517 -0.001028963 -0.002372099 0.999996662 11.449031830
0.999999404 0.000228569 0.001086636 0.234314620 -0.000231195 0.999997020 0.002417185 -0.386385173 -0.001086080 -0.002417435 0.999996424 11.819939613
0.999999404 -0.000397746 0.001045286 0.245411217 0.000395254 0.999997020 0.002382789 -0.396098197 -0.001046230 -0.002382374 0.999996543 12.202877045
0.999998987 0.000321139 0.001481643 0.253101707 -0.000324667 0.999997139 0.002381333 -0.409558743 -0.001480874 -0.002381812 0.999996066 12.601736069
0.999999046 0.000250580 0.001379998 0.260661036 -0.000254101 0.999996781 0.002551320 -0.412895620 -0.001379354 -0.002551667 0.999995828 12.989259720
0.999999404 -0.000100697 0.001045702 0.273298323 0.000097608 0.999995649 0.002954153 -0.442761749 -0.001045995 -0.002954049 0.999995112 13.373239517
0.999998987 0.000270999 0.001405997 0.278770596 -0.000275258 0.999995410 0.003029749 -0.454150051 -0.001405169 -0.003030133 0.999994457 13.792455673
0.999999106 0.000225821 0.001374293 0.289672911 -0.000230208 0.999994934 0.003192285 -0.461796790 -0.001373564 -0.003192598 0.999993920 14.211109161
0.999998808 -0.000009499 0.001505081 0.296569228 0.000004056 0.999993443 0.003615772 -0.497165948 -0.001505105 -0.003615762 0.999992251 14.583090782
0.999998748 -0.000123483 0.001582273 0.310783565 0.000117887 0.999993742 0.003536438 -0.512492716 -0.001582700 -0.003536247 0.999992430 14.990499496
0.999998093 -0.000230230 0.001921210 0.318220764 0.000222480 0.999991894 0.004033037 -0.533036172 -0.001922122 -0.004032603 0.999989986 15.384750366
0.999997497 -0.000220515 0.002235783 0.336831987 0.000210874 0.999990702 0.004311253 -0.553691566 -0.002236714 -0.004310770 0.999988198 15.839904785
0.999996781 -0.000470201 0.002513980 0.351033658 0.000459409 0.999990702 0.004291399 -0.563351631 -0.002515976 -0.004290231 0.999987602 16.285449982
0.999997854 -0.000341204 0.002081956 0.361894429 0.000332275 0.999990821 0.004287588 -0.581037164 -0.002083400 -0.004286887 0.999988616 16.705001831
0.999995768 -0.000242810 0.002903007 0.374023288 0.000229790 0.999989927 0.004484565 -0.592351735 -0.002904067 -0.004483878 0.999985754 17.175357819
0.999995887 -0.000446300 0.002825730 0.384946316 0.000432135 0.999987364 0.005011534 -0.604508758 -0.002827931 -0.005010292 0.999983490 17.628231049
0.999994755 -0.000820200 0.003137903 0.400340110 0.000804766 0.999987602 0.004916610 -0.625511050 -0.003141897 -0.004914059 0.999983013 18.080564499
0.999993145 -0.000207278 0.003715148 0.409326047 0.000189575 0.999988675 0.004764825 -0.628389478 -0.003716093 -0.004764087 0.999981761 18.557142258
0.999992609 -0.000404409 0.003841091 0.414959937 0.000385758 0.999988139 0.004855129 -0.645793617 -0.003843009 -0.004853611 0.999980867 19.003374100
0.999993742 -0.001177629 0.003352376 0.442947686 0.001159635 0.999984920 0.005364427 -0.666853428 -0.003358643 -0.005360506 0.999980092 19.467380524
0.999992132 -0.000333404 0.003975524 0.443119377 0.000311995 0.999985456 0.005384746 -0.686883688 -0.003977262 -0.005383463 0.999977529 19.956281662
0.999993861 -0.000694898 0.003444885 0.460083306 0.000675635 0.999984145 0.005589857 -0.700816989 -0.003448715 -0.005587494 0.999978423 20.438493729
0.999992132 0.000324208 0.003958237 0.454091460 -0.000345554 0.999985397 0.005393182 -0.710272491 -0.003956431 -0.005394509 0.999977529 20.968654633
0.999994874 -0.000047427 0.003204350 0.467399299 0.000028806 0.999983132 0.005811024 -0.743408322 -0.003204571 -0.005810902 0.999978006 21.479862213
0.999995410 -0.000201888 0.002995535 0.483281344 0.000184440 0.999983013 0.005823751 -0.757360041 -0.002996659 -0.005823172 0.999978542 21.920246124
0.999996364 -0.001426828 0.002273563 0.499207914 0.001413531 0.999981880 0.005839521 -0.766203642 -0.002281854 -0.005836287 0.999980330 22.454704285
0.999997675 -0.001101193 0.001813568 0.511373699 0.001089800 0.999979734 0.006271054 -0.779043972 -0.001820437 -0.006269063 0.999978721 22.951059341
0.999998689 -0.001081523 0.001208683 0.516811073 0.001074072 0.999980509 0.006148356 -0.794310510 -0.001215309 -0.006147050 0.999980390 23.452209473
0.999997854 -0.001992026 0.000528641 0.526527524 0.001988983 0.999981821 0.005694158 -0.804240942 -0.000539975 -0.005693094 0.999983668 23.968324661
0.999999046 -0.001361140 -0.000094795 0.536943734 0.001361675 0.999981582 0.005899739 -0.816195011 0.000086763 -0.005899863 0.999982536 24.481439590
0.999998808 -0.001204681 -0.000886777 0.549362361 0.001209962 0.999981403 0.005979222 -0.826483190 0.000879557 -0.005980289 0.999981642 25.013931274
0.999998391 -0.001116367 -0.001421997 0.552286327 0.001124997 0.999980807 0.006082342 -0.838593841 0.001415180 -0.006083931 0.999980509 25.528068542
0.999997795 -0.001072727 -0.001777421 0.561145782 0.001083315 0.999981523 0.005966912 -0.849413037 0.001770987 -0.005968825 0.999980628 26.065496445
0.999996662 -0.001458895 -0.002106802 0.570783436 0.001472555 0.999977827 0.006496796 -0.859065294 0.002097277 -0.006499877 0.999976635 26.608070374
0.999995530 -0.001511950 -0.002589804 0.582910180 0.001528884 0.999977350 0.006549301 -0.874460936 0.002579844 -0.006553231 0.999975145 27.129055023
0.999994934 -0.001225597 -0.002964316 0.601047218 0.001243370 0.999981225 0.006001339 -0.886932969 0.002956905 -0.006004993 0.999977589 27.671222687
0.999994099 -0.001308428 -0.003174874 0.597043693 0.001329789 0.999976456 0.006735402 -0.899965584 0.003165987 -0.006739583 0.999972284 28.191785812
0.999991536 -0.001211564 -0.003920232 0.614180565 0.001236652 0.999978721 0.006403563 -0.914090991 0.003912391 -0.006408357 0.999971867 28.733819962
0.999989748 -0.001606960 -0.004227867 0.615795374 0.001636053 0.999974906 0.006886807 -0.928420842 0.004216694 -0.006893654 0.999967337 29.258131027
0.999988496 -0.001742894 -0.004472810 0.619331241 0.001773793 0.999974489 0.006913641 -0.939029336 0.004460647 -0.006921494 0.999966085 29.785932541
0.999987662 -0.001551052 -0.004724100 0.629296303 0.001582710 0.999976218 0.006704953 -0.949922740 0.004713589 -0.006712348 0.999966323 30.331560135
0.999987125 -0.001121381 -0.004946501 0.636185229 0.001154336 0.999977112 0.006664530 -0.960602999 0.004938914 -0.006670155 0.999965489 30.876470566
0.999986112 -0.001017396 -0.005192679 0.643725932 0.001051700 0.999977529 0.006607628 -0.975953281 0.005185841 -0.006612996 0.999964714 31.410739899
0.999983668 -0.001532097 -0.005504338 0.655696392 0.001567612 0.999977887 0.006453530 -0.992032409 0.005494329 -0.006462053 0.999964058 31.950857162
0.999983132 -0.001266151 -0.005669382 0.660382807 0.001304157 0.999976635 0.006705016 -0.998491406 0.005660760 -0.006712297 0.999961436 32.488632202
0.999981403 -0.001286242 -0.005949154 0.663730383 0.001325121 0.999977648 0.006535985 -1.013888955 0.005940616 -0.006543746 0.999960959 33.057086945
0.999981999 -0.001125073 -0.005895969 0.659144163 0.001163643 0.999977946 0.006542511 -1.021454930 0.005888477 -0.006549254 0.999961138 33.533847809
0.999979615 -0.000732551 -0.006345539 0.664521754 0.000776296 0.999975920 0.006894046 -1.040109634 0.006340337 -0.006898831 0.999956071 34.076759338
0.999980569 -0.000682443 -0.006194969 0.657461226 0.000723300 0.999978006 0.006595422 -1.045680761 0.006190331 -0.006599775 0.999959052 34.640506744
0.999977052 -0.001835780 -0.006520730 0.672708094 0.001882327 0.999972701 0.007139227 -1.067857385 0.006507448 -0.007151337 0.999953270 35.141674042
0.999978542 -0.001001709 -0.006463158 0.666484118 0.001046778 0.999975145 0.006973665 -1.081693053 0.006456013 -0.006980280 0.999954820 35.710010529
0.999975204 -0.002146004 -0.006705479 0.686859429 0.002193316 0.999972701 0.007056377 -1.090299606 0.006690152 -0.007070910 0.999952614 36.248954773
0.999978960 -0.001879865 -0.006210123 0.660865068 0.001925327 0.999971330 0.007322853 -1.099105358 0.006196180 -0.007334655 0.999953926 36.714591980
0.999971867 -0.002584668 -0.007043986 0.668876946 0.002637631 0.999968231 0.007519976 -1.123407125 0.007024325 -0.007538344 0.999946892 37.275238037
0.999969780 -0.002463372 -0.007381715 0.696293712 0.002516793 0.999970615 0.007236420 -1.132862806 0.007363672 -0.007254778 0.999946535 37.839664459
0.999968112 -0.001578609 -0.007830558 0.714177728 0.001637076 0.999970794 0.007465744 -1.138297915 0.007818543 -0.007478325 0.999941468 38.274261475
0.999966621 -0.002296160 -0.007846378 0.721197307 0.002352289 0.999971688 0.007151748 -1.140113354 0.007829735 -0.007169967 0.999943674 38.808982849
0.999970257 -0.001321972 -0.007593242 0.747695684 0.001378206 0.999971628 0.007405365 -1.183641434 0.007583239 -0.007415612 0.999943674 39.311084747
0.999971926 -0.000645970 -0.007458640 0.758565009 0.000698856 0.999974549 0.007090114 -1.194116116 0.007453870 -0.007095128 0.999946952 39.853580475
0.999968767 -0.000277254 -0.007899836 0.770550251 0.000328172 0.999979138 0.006444962 -1.200944185 0.007897884 -0.006447353 0.999948025 40.402050018
0.999969959 -0.000890077 -0.007696531 0.767704248 0.000947160 0.999972045 0.007416327 -1.221756458 0.007689716 -0.007423396 0.999942899 40.892513275
0.999963284 -0.000825846 -0.008524945 0.796795309 0.000883771 0.999976516 0.006793228 -1.225015163 0.008519135 -0.006800514 0.999940515 41.476310730
0.999970853 -0.000592812 -0.007613271 0.785593688 0.000648406 0.999973059 0.007301839 -1.247192383 0.007608739 -0.007306562 0.999944389 41.934642792
0.999969900 -0.000680137 -0.007743151 0.792191863 0.000738026 0.999971807 0.007475859 -1.259837151 0.007737848 -0.007481349 0.999942064 42.456813812
0.999971807 -0.000414667 -0.007500127 0.797313690 0.000468126 0.999974489 0.007127441 -1.267433405 0.007496979 -0.007130751 0.999946415 42.979675293
0.999970973 -0.000558707 -0.007592458 0.801278651 0.000613552 0.999973714 0.007223204 -1.281148672 0.007588224 -0.007227653 0.999945104 43.502132416
0.999969959 -0.000613928 -0.007727685 0.813881755 0.000667987 0.999975324 0.006994812 -1.287923098 0.007723200 -0.006999764 0.999945700 44.037647247
0.999969840 -0.000548543 -0.007748369 0.822481036 0.000603080 0.999975026 0.007038005 -1.304899931 0.007744316 -0.007042464 0.999945164 44.565303802
0.999969125 -0.000828605 -0.007809737 0.828024626 0.000883585 0.999974847 0.007039121 -1.311714411 0.007803707 -0.007045805 0.999944746 45.100784302
0.999969363 -0.000456673 -0.007812524 0.835543036 0.000508985 0.999977469 0.006695173 -1.324406743 0.007809289 -0.006698945 0.999947071 45.611801147
0.999969721 0.000235968 -0.007777024 0.847219110 -0.000182919 0.999976754 0.006821295 -1.338469386 0.007778451 -0.006819667 0.999946475 46.161350250
0.999966323 -0.000738089 -0.008171620 0.844685018 0.000795811 0.999974728 0.007062698 -1.350029230 0.008166200 -0.007068964 0.999941647 46.673770905
0.999965966 -0.000574957 -0.008229665 0.853509188 0.000632047 0.999975741 0.006936259 -1.360214114 0.008225477 -0.006941225 0.999942064 47.222579956
0.999966383 -0.000664883 -0.008162526 0.862887263 0.000725630 0.999972045 0.007441488 -1.382242560 0.008157351 -0.007447162 0.999939024 47.707584381
0.999955893 -0.001625684 -0.009250447 0.890337467 0.001698630 0.999967456 0.007883297 -1.398625374 0.009237332 -0.007898663 0.999926150 48.285598755
0.999965072 -0.000862947 -0.008324918 0.886078000 0.000926607 0.999970317 0.007646109 -1.409222126 0.008318073 -0.007653557 0.999936104 48.731876373
0.999963164 -0.001117114 -0.008506030 0.890676975 0.001180084 0.999971926 0.007401634 -1.419004440 0.008497522 -0.007411400 0.999936342 49.257564545
0.999964178 -0.001027752 -0.008401965 0.893409371 0.001091086 0.999970973 0.007536931 -1.433688402 0.008393977 -0.007545830 0.999936283 49.775821686
0.999963939 -0.000940282 -0.008431832 0.895295084 0.001005348 0.999969721 0.007715809 -1.444987535 0.008424324 -0.007724009 0.999934614 50.292167664
0.999965429 -0.000887571 -0.008258305 0.899724364 0.000951693 0.999969423 0.007763790 -1.454435110 0.008251161 -0.007771380 0.999935746 50.813392639
0.999970376 -0.000107603 -0.007694010 0.893306315 0.000169382 0.999967754 0.008029328 -1.473849893 0.007692900 -0.008030393 0.999938190 51.308620453
0.999968410 -0.000564234 -0.007927161 0.909219265 0.000628494 0.999966919 0.008106085 -1.488561153 0.007922329 -0.008110811 0.999935746 51.822574615
0.999974847 -0.000319258 -0.007074201 0.891766429 0.000379766 0.999963343 0.008553558 -1.497237921 0.007071209 -0.008556030 0.999938428 52.423027039
0.999969602 -0.001003134 -0.007735034 0.905838490 0.001073587 0.999957919 0.009109516 -1.535219193 0.007725573 -0.009117544 0.999928594 52.845371246
0.999979496 0.000217513 -0.006394787 0.856538296 -0.000160494 0.999960303 0.008915576 -1.545993328 0.006396473 -0.008914368 0.999939859 53.349742889
0.999974191 -0.000006149 -0.007174881 0.892285228 0.000068609 0.999962091 0.008705067 -1.567954302 0.007174554 -0.008705336 0.999936283 53.848274231
0.999972403 -0.000200645 -0.007422422 0.899326444 0.000265216 0.999962091 0.008699530 -1.577823877 0.007420394 -0.008701257 0.999934614 54.362701416
0.999971747 -0.000235710 -0.007519535 0.908239365 0.000298463 0.999965191 0.008345356 -1.585943580 0.007517307 -0.008347364 0.999936938 54.906700134
0.999974787 -0.000450455 -0.007088149 0.911595464 0.000512697 0.999961317 0.008781766 -1.599269271 0.007083920 -0.008785179 0.999936342 55.413566589
0.999979615 -0.000604210 -0.006362301 0.902254641 0.000660855 0.999960124 0.008904891 -1.607441902 0.006356667 -0.008908914 0.999940097 55.874061584
0.999969780 -0.001576600 -0.007608360 0.911998987 0.001649690 0.999952495 0.009609810 -1.641991019 0.007592847 -0.009622070 0.999924839 56.414421082
0.999971032 -0.000859709 -0.007557821 0.942786932 0.000930419 0.999955714 0.009357307 -1.643626690 0.007549442 -0.009364068 0.999927640 56.865158081
0.999969482 -0.001141653 -0.007728488 0.953852355 0.001213708 0.999955773 0.009325042 -1.653403282 0.007717503 -0.009334139 0.999926567 57.386230469
0.999969661 -0.001199032 -0.007697175 0.960348964 0.001270816 0.999955833 0.009328021 -1.663530111 0.007685650 -0.009337519 0.999926805 57.906078339
0.999972045 -0.000565646 -0.007462529 0.965866029 0.000639051 0.999951422 0.009837806 -1.680889845 0.007456602 -0.009842300 0.999923766 58.446144104
0.999969721 -0.001152381 -0.007698186 0.978775620 0.001227183 0.999952018 0.009719247 -1.686701059 0.007686616 -0.009728400 0.999923110 58.939586639
0.999969602 -0.001163376 -0.007711729 0.990977168 0.001237750 0.999952734 0.009646529 -1.704007149 0.007700142 -0.009655781 0.999923706 59.458705902
0.999967039 -0.001078725 -0.008041742 1.014101744 0.001158119 0.999950647 0.009874659 -1.723872304 0.008030692 -0.009883649 0.999918818 59.990299225
0.999966323 -0.001019290 -0.008136933 1.018910766 0.001103102 0.999946356 0.010302291 -1.739709139 0.008125992 -0.010310921 0.999913812 60.561977386
0.999967575 -0.001160888 -0.007974306 1.015176058 0.001239894 0.999950171 0.009909759 -1.747288227 0.007962402 -0.009919324 0.999919057 61.055675507
0.999962270 -0.001603441 -0.008535287 1.038991451 0.001690970 0.999946058 0.010257591 -1.751529098 0.008518378 -0.010271638 0.999910951 61.540309906
0.999970317 -0.000636729 -0.007673400 1.016770840 0.000716213 0.999946117 0.010360069 -1.783586025 0.007666390 -0.010365256 0.999916911 62.126483917
0.999969840 -0.000453754 -0.007755741 1.014345407 0.000538906 0.999939620 0.010980692 -1.793046355 0.007750290 -0.010984540 0.999909580 62.635345459
0.999958992 -0.002350412 -0.008746458 0.962424278 0.002450729 0.999931157 0.011476425 -1.833236337 0.008718879 -0.011497390 0.999895871 63.217372894
0.999962151 -0.001205193 -0.008624624 1.096740484 0.001304145 0.999933302 0.011476737 -1.823632956 0.008610216 -0.011487552 0.999896944 63.549659729
0.999966681 -0.001059571 -0.008096070 1.107976794 0.001151607 0.999934673 0.011371746 -1.822151184 0.008083494 -0.011380691 0.999902487 63.902824402
0.999968231 -0.000832832 -0.007928253 1.111202121 0.000923605 0.999934018 0.011452621 -1.837310314 0.007918192 -0.011459580 0.999902904 64.453453064
0.999968231 -0.000936785 -0.007912816 1.116810441 0.001029610 0.999930620 0.011735068 -1.847624660 0.007901275 -0.011742843 0.999899805 64.996101379
0.999966264 -0.000162726 -0.008207369 1.160049081 0.000256756 0.999934316 0.011457060 -1.857852101 0.008204965 -0.011458782 0.999900699 65.469635010
0.999965727 -0.001209809 -0.008189301 1.153162241 0.001306993 0.999928594 0.011872262 -1.890458822 0.008174356 -0.011882558 0.999895990 65.884803772
0.999964118 -0.001350498 -0.008354466 1.165707350 0.001445542 0.999934137 0.011380804 -1.903238297 0.008338546 -0.011392474 0.999900281 66.418235779
0.999957919 -0.002099234 -0.008931214 1.184720516 0.002201692 0.999931633 0.011477452 -1.915954351 0.008906510 -0.011496633 0.999894261 66.937095642
0.999967277 -0.000978908 -0.008029672 1.177089453 0.001070157 0.999934793 0.011367630 -1.908141971 0.008018021 -0.011375851 0.999903083 67.460052490
0.999965608 -0.000862406 -0.008245052 1.196165800 0.000965537 0.999921381 0.012512404 -1.954397678 0.008233611 -0.012519937 0.999887645 67.902442932
0.999954283 -0.002098676 -0.009328367 1.196583152 0.002215821 0.999918580 0.012565405 -1.937155724 0.009301238 -0.012585501 0.999877512 68.511894226
0.999962389 -0.001440481 -0.008542220 1.222215176 0.001545921 0.999922574 0.012349623 -1.983873844 0.008523771 -0.012362366 0.999887228 68.973869324
0.999956369 -0.001995594 -0.009121712 1.245389462 0.002109777 0.999919355 0.012525302 -1.998582602 0.009095982 -0.012544001 0.999879956 69.497589111
0.999961019 -0.001402460 -0.008712754 1.239107132 0.001513516 0.999917507 0.012752864 -2.020090818 0.008694150 -0.012765554 0.999880731 70.021064758
0.999970138 -0.000030799 -0.007717079 1.244165540 0.000132518 0.999913156 0.013180893 -2.029305696 0.007716006 -0.013181522 0.999883354 70.562011719
0.999959588 -0.001596156 -0.008845084 1.255149126 0.001706398 0.999920785 0.012470285 -2.038821936 0.008824481 -0.012484875 0.999883056 71.103088379
0.999957204 -0.002017289 -0.009025023 1.267886996 0.002129868 0.999919772 0.012481908 -2.052462578 0.008999122 -0.012500597 0.999881327 71.655029297
0.999959886 -0.001719740 -0.008790147 1.272064805 0.001830072 0.999919474 0.012559162 -2.064115524 0.008767841 -0.012574745 0.999882460 72.203918457
0.999962986 -0.001361099 -0.008496217 1.265141010 0.001469175 0.999917924 0.012727202 -2.079824924 0.008478196 -0.012739215 0.999882936 72.729057312
0.999949753 -0.002980619 -0.009566436 1.310200453 0.003102473 0.999913931 0.012748290 -2.078453541 0.009527616 -0.012777330 0.999872983 73.260437012
0.999960363 -0.001604494 -0.008752603 1.298330545 0.001719638 0.999911845 0.013163677 -2.113576174 0.008730712 -0.013178208 0.999875069 73.756523132
0.999958098 -0.001740461 -0.008980287 1.311273336 0.001853133 0.999919534 0.012553598 -2.123263359 0.008957714 -0.012569713 0.999880850 74.308975220
0.999954164 -0.002202862 -0.009316046 1.330190539 0.002317872 0.999921024 0.012352651 -2.126097918 0.009288101 -0.012373678 0.999880254 74.814231873
0.999958932 -0.001611487 -0.008914644 1.320149183 0.001732313 0.999906540 0.013562493 -2.151968956 0.008891956 -0.013577379 0.999868274 75.312652588
0.999960184 -0.001521828 -0.008796006 1.332230091 0.001639231 0.999909461 0.013355490 -2.167351723 0.008774884 -0.013369375 0.999872088 75.851959229
0.999958932 -0.001509537 -0.008938458 1.339129448 0.001628196 0.999910414 0.013282784 -2.173136711 0.008917607 -0.013296792 0.999871790 76.397613525
0.999960005 -0.001346626 -0.008838981 1.348363400 0.001467631 0.999905109 0.013697742 -2.189033985 0.008819698 -0.013710164 0.999867141 76.921226501
0.999959767 -0.001462201 -0.008850629 1.357224822 0.001581861 0.999907255 0.013528042 -2.196260691 0.008830028 -0.013541500 0.999869347 77.472938538
0.999973118 -0.001174303 -0.007239406 1.365590334 0.001272207 0.999907613 0.013534049 -2.206979275 0.007222845 -0.013542894 0.999882221 78.004531860
0.999981046 -0.001505218 -0.005966379 1.374199152 0.001586203 0.999906301 0.013592177 -2.216297865 0.005945362 -0.013601381 0.999889791 78.541603088
0.999988616 -0.001044481 -0.004652866 1.382315040 0.001108917 0.999903142 0.013867687 -2.231237411 0.004637931 -0.013872686 0.999893010 79.060142517
0.999991477 -0.001418634 -0.003865461 1.390511751 0.001472657 0.999900758 0.014009094 -2.239160061 0.003845203 -0.014014668 0.999894381 79.592613220
0.999999881 -0.000461259 -0.000193075 1.403601289 0.000463964 0.999898314 0.014251560 -2.258885622 0.000186482 -0.014251648 0.999898374 80.132957458
0.999995410 -0.001251389 0.002742326 1.426498055 0.001211084 0.999891877 0.014649863 -2.260209084 -0.002760363 -0.014646476 0.999888897 80.658485413
0.999981582 -0.001609843 0.005847084 1.437228084 0.001527836 0.999900758 0.014002775 -2.265224695 -0.005869046 -0.013993585 0.999884844 81.181549072
0.999949336 -0.001205476 0.009987879 1.466395974 0.001067503 0.999904096 0.013807861 -2.278397560 -0.010003566 -0.013796500 0.999854803 81.718605042
0.999872446 -0.001020938 0.015938137 1.500068069 0.000791869 0.999896348 0.014372069 -2.288577080 -0.015951160 -0.014357616 0.999769628 82.262092590
0.999769449 -0.001298634 0.021430077 1.540526390 0.000991273 0.999896586 0.014346929 -2.297313690 -0.021446493 -0.014322380 0.999667346 82.733116150
0.999636471 -0.001705647 0.026908340 1.560409904 0.001320726 0.999896705 0.014316208 -2.308569431 -0.026929978 -0.014275464 0.999535382 83.322036743
0.999327779 0.000010131 0.036658496 1.564045310 -0.000506235 0.999908328 0.013523865 -2.281938076 -0.036655001 -0.013533333 0.999236345 83.992591858
0.998996198 -0.000597083 0.044790808 1.598322153 -0.000047766 0.999896407 0.014394444 -2.336400032 -0.044794764 -0.014382135 0.998892605 84.464431763
0.998660445 -0.001108746 0.051731043 1.649729013 0.000354461 0.999893546 0.014587793 -2.343528271 -0.051741716 -0.014549913 0.998554528 85.003295898
0.998180389 -0.001401374 0.060281772 1.706231833 0.000557347 0.999901593 0.014015911 -2.348269463 -0.060295481 -0.013956810 0.998082995 85.535583496
0.997518897 -0.001570915 0.070383571 1.769302368 0.000570728 0.999898612 0.014228377 -2.365841389 -0.070398800 -0.014152900 0.997418642 86.061408997
0.996837080 -0.001374552 0.079461291 1.814733028 0.000230341 0.999896169 0.014406976 -2.381155968 -0.079472840 -0.014343103 0.996733844 86.583679199
0.996178985 -0.001909866 0.087314591 1.894911289 0.000672800 0.999898970 0.014195150 -2.385046244 -0.087332889 -0.014082165 0.996079624 87.111801147
0.995222986 -0.002320575 0.097600497 1.974465847 0.000966868 0.999902725 0.013914885 -2.389527798 -0.097623289 -0.013754045 0.995128393 87.652801514
0.994157791 -0.002928588 0.107896835 2.063597679 0.001413911 0.999899447 0.014112020 -2.401076078 -0.107927330 -0.013877019 0.994061947 88.193595886
0.993140161 -0.003634864 0.116873436 2.151292801 0.002039667 0.999903142 0.013765627 -2.413722515 -0.116912149 -0.013432814 0.993051410 88.715904236
0.991763532 -0.003082206 0.128045067 2.240764618 0.001304194 0.999901593 0.013967353 -2.417402029 -0.128075525 -0.013685314 0.991670012 89.272827148
0.990102172 -0.002979740 0.140316844 2.339591026 0.001045315 0.999903440 0.013857804 -2.424715996 -0.140344590 -0.013573965 0.990009665 89.805511475
0.988539636 -0.003605639 0.150918454 2.444410324 0.001524990 0.999902248 0.013900046 -2.435682297 -0.150953814 -0.013510595 0.988448501 90.357780457
0.987000883 -0.003889537 0.160668343 2.548287392 0.001675418 0.999901772 0.013913857 -2.440567970 -0.160706729 -0.013463801 0.986910343 90.897705078
0.984947920 -0.003926592 0.172806695 2.666887283 0.001548414 0.999902189 0.013894717 -2.450917721 -0.172844380 -0.013417998 0.984857678 91.430351257
0.982633352 -0.003706260 0.185520485 2.783535957 0.001119865 0.999900699 0.014044137 -2.457168579 -0.185554132 -0.013592482 0.982539952 91.968658447
0.980598629 -0.004299494 0.195979148 2.923324585 0.001663369 0.999905944 0.013613650 -2.464530706 -0.196019232 -0.013023539 0.980513513 92.520164490
0.977871180 -0.004801956 0.209152877 3.064039230 0.001944873 0.999902010 0.013863783 -2.479190350 -0.209198937 -0.013150217 0.977784634 93.053695679
0.974907577 -0.005365930 0.222545400 3.213211060 0.002336171 0.999900997 0.013875137 -2.485575676 -0.222597823 -0.013007070 0.974823594 93.595153809
0.972236693 -0.005587815 0.233932570 3.366613388 0.002359513 0.999898076 0.014077735 -2.499704838 -0.233987391 -0.013134924 0.972150922 94.123886108
0.969245672 -0.006404422 0.246011823 3.541410446 0.002997990 0.999894381 0.014218651 -2.510601044 -0.246076941 -0.013043826 0.969162524 94.676551819
0.965713799 -0.006690133 0.259522706 3.720714569 0.003042460 0.999890924 0.014454448 -2.525642395 -0.259591043 -0.013169275 0.965628803 95.186531067
0.962251544 -0.007080952 0.272069603 3.895111084 0.003284675 0.999890745 0.014406223 -2.538730621 -0.272141904 -0.012968749 0.962169707 95.707534790
0.959047258 -0.007715281 0.283141077 4.076988220 0.003718191 0.999885738 0.014651629 -2.552329779 -0.283221811 -0.012998831 0.958966315 96.216339111
0.954793572 -0.007709997 0.297169566 4.268238068 0.003452310 0.999883771 0.014849626 -2.557905674 -0.297249615 -0.013152407 0.954709172 96.744361877
0.950287282 -0.008051984 0.311270416 4.463800430 0.003594751 0.999882579 0.014890568 -2.567847252 -0.311353803 -0.013031379 0.950204730 97.264884949
0.946583331 -0.008670336 0.322342724 4.671222687 0.004162017 0.999883711 0.014672673 -2.569566727 -0.322432518 -0.012547311 0.946509302 97.796798706
0.942137659 -0.008412316 0.335120738 4.879220963 0.003585309 0.999880791 0.015019832 -2.586069584 -0.335207134 -0.012949240 0.942055464 98.307968140
0.936871469 -0.008246792 0.349576861 5.090620041 0.003185089 0.999881685 0.015051904 -2.591260433 -0.349659592 -0.012988267 0.936786830 98.825904846
0.932424486 -0.009670889 0.361235499 5.317241669 0.004416750 0.999872088 0.015367716 -2.602318764 -0.361337960 -0.012733748 0.932347953 99.316490173
0.927781045 -0.009756014 0.372997344 5.539144516 0.004234343 0.999869049 0.015619936 -2.615057230 -0.373100787 -0.012912480 0.927700937 99.822364807
0.921953142 -0.009747630 0.387178749 5.779806137 0.004055555 0.999871373 0.015515690 -2.619213581 -0.387280226 -0.012734515 0.921874106 100.335128784
0.916608572 -0.010953151 0.399635851 6.034675598 0.005007463 0.999860704 0.015918851 -2.627942801 -0.399754494 -0.012590194 0.916535735 100.835456848
0.911985099 -0.011497207 0.410062134 6.280269623 0.005618831 0.999863446 0.015537518 -2.634760857 -0.410184771 -0.011865914 0.911925197 101.322937012
0.906467736 -0.011714141 0.422112495 6.538299561 0.005496962 0.999857843 0.015942803 -2.646711349 -0.422239274 -0.012131300 0.906403244 101.806571960
0.899906754 -0.012296443 0.435909033 6.811649323 0.005814353 0.999851823 0.016201194 -2.664053917 -0.436043650 -0.012045036 0.899844885 102.303482056
0.894045949 -0.012608952 0.447797745 7.082660675 0.005998578 0.999851167 0.016177103 -2.666962624 -0.447935075 -0.011776924 0.893988550 102.802963257
0.888297141 -0.013331942 0.459075600 7.354671478 0.006560680 0.999844968 0.016341623 -2.677491665 -0.459222376 -0.011504369 0.888246775 103.272682190
0.881013691 -0.012623527 0.472922325 7.637058258 0.005622951 0.999852657 0.016213598 -2.686210155 -0.473057389 -0.011625181 0.880954921 103.749862671
