1.000000000 0.000000000 0.000000000 0.000000000 0.000000000 1.000000000 0.000000000 0.000000000 0.000000000 0.000000000 1.000000000 0.000000000
1.000000000 0.000002195 0.000037143 0.000253111 -0.000002199 1.000000000 0.000093614 -0.000454402 -0.000037142 -0.000093614 1.000000000 -0.000255830
1.000000000 0.000020665 -0.000136357 0.001190684 -0.000020659 1.000000000 0.000045609 -0.000487571 0.000136358 -0.000045607 1.000000000 -0.000850141
1.000000000 0.000047017 -0.000021606 0.000446588 -0.000047017 1.000000000 0.000028562 0.000322697 0.000021607 -0.000028561 1.000000000 0.000492333
1.000000000 0.000067349 -0.000050762 -0.000037504 -0.000067349 1.000000000 -0.000000364 0.000303826 0.000050762 0.000000368 1.000000000 0.000060315
1.000000000 0.000092828 -0.000066751 -0.000296316 -0.000092828 1.000000000 0.000013005 -0.000476669 0.000066752 -0.000012999 1.000000000 -0.000123075
1.000000000 0.000108184 -0.000099241 0.000680224 -0.000108182 1.000000000 0.000029003 -0.000809317 0.000099244 -0.000028992 1.000000000 -0.001523280
1.000000000 -0.000014958 -0.000055389 0.001080148 0.000014953 1.000000000 -0.000077913 0.000822845 0.000055391 0.000077912 1.000000000 -0.000266114
1.000000000 -0.000005247 0.000079811 0.000625473 0.000005245 1.000000000 0.000026014 -0.000782416 -0.000079811 -0.000026013 1.000000000 -0.001560605
1.000000000 -0.000123002 -0.000028067 0.000803017 0.000123000 1.000000000 -0.000079883 0.001060247 0.000028077 0.000079880 1.000000000 0.001598082
1.000000000 -0.000058940 -0.000031184 0.000574451 0.000058940 1.000000000 -0.000017759 0.000186391 0.000031185 0.000017757 1.000000000 0.001983225
1.000000000 0.000054014 0.000025487 0.000205718 -0.000054009 1.000000000 -0.000202714 0.002352850 -0.000025498 0.000202712 1.000000000 0.003199385
1.000000000 -0.000090240 0.000000188 0.000181448 0.000090240 1.000000000 0.000026406 0.000365053 -0.000000190 -0.000026406 1.000000000 0.001300951
1.000000000 -0.000090293 0.000061596 0.000086529 0.000090287 1.000000000 0.000082358 0.000422315 -0.000061603 -0.000082352 1.000000000 0.001308359
1.000000000 -0.000126427 -0.000089058 0.001094415 0.000126432 1.000000000 0.000061610 -0.000433210 0.000089050 -0.000061621 1.000000000 0.000077703
1.000000000 -0.000030107 -0.000061064 0.000014749 0.000030106 1.000000000 -0.000008424 -0.000032587 0.000061064 0.000008422 1.000000000 -0.000135407
1.000000000 0.000157064 0.000132425 -0.001193392 -0.000157068 1.000000000 0.000029911 0.000184948 -0.000132421 -0.000029932 1.000000000 0.001237190
0.999999940 -0.000026598 -0.000245522 0.001338155 0.000026570 1.000000000 -0.000114840 0.000564513 0.000245525 0.000114833 0.999999940 0.000261098
1.000000000 -0.000173541 -0.000054809 0.000948312 0.000173540 1.000000000 -0.000018903 0.000066400 0.000054812 0.000018893 1.000000000 0.000766636
1.000000000 -0.000046201 0.000049151 0.000413544 0.000046202 1.000000000 -0.000020468 0.000498991 -0.000049150 0.000020470 1.000000000 0.001828199
1.000000000 0.000094788 0.000007977 -0.000264411 -0.000094788 1.000000000 -0.000097806 0.001011615 -0.000007986 0.000097805 1.000000000 0.002167577
1.000000000 -0.000058988 -0.000058943 0.000660532 0.000058985 1.000000000 -0.000037137 0.001232416 0.000058945 0.000037133 1.000000000 0.000950442
1.000000000 -0.000177490 -0.000066825 0.002090676 0.000177485 1.000000000 -0.000064430 0.000810251 0.000066836 0.000064418 1.000000000 0.001763307
1.000000000 -0.000035707 0.000094444 0.000093446 0.000035712 1.000000000 -0.000050233 0.001481537 -0.000094442 0.000050237 1.000000000 0.001064386
1.000000000 0.000036664 -0.000070255 0.001504972 -0.000036665 1.000000000 -0.000019322 0.000507898 0.000070255 0.000019324 1.000000000 0.000604615
1.000000000 0.000088987 -0.000003981 0.000475638 -0.000088988 1.000000000 -0.000091875 0.000729896 0.000003972 0.000091876 1.000000000 0.000014604
1.000000000 0.000094793 0.000153339 -0.000800757 -0.000094774 1.000000000 -0.000122971 0.000177111 -0.000153351 0.000122956 1.000000000 -0.001114816
1.000000000 -0.000051878 -0.000059277 0.000876552 0.000051872 1.000000000 -0.000106449 0.001110180 0.000059283 0.000106446 1.000000000 0.000558421
1.000000000 -0.000050307 -0.000051231 -0.000693098 0.000050306 1.000000000 -0.000008146 0.001659165 0.000051231 0.000008143 1.000000000 0.002710852
1.000000000 0.000089083 0.000116463 -0.000934940 -0.000089075 1.000000000 -0.000068391 0.001571994 -0.000116469 0.000068381 1.000000000 0.001384128
1.000000000 0.000005445 0.000006059 0.000296629 -0.000005446 1.000000000 0.000088482 0.000334859 -0.000006058 -0.000088482 1.000000000 0.000212224
1.000000000 0.000069970 0.000083218 -0.001275863 -0.000069973 1.000000000 0.000043368 0.000727856 -0.000083215 -0.000043374 1.000000000 0.001727753
1.000000000 -0.000034762 0.000084024 -0.000730180 0.000034760 1.000000000 0.000029249 -0.000261606 -0.000084025 -0.000029247 1.000000000 0.000757608
1.000000000 -0.000100228 0.000027561 -0.000154777 0.000100228 1.000000000 0.000029094 0.000782740 -0.000027564 -0.000029091 1.000000000 0.001207059
1.000000000 0.000033546 0.000146636 -0.001315526 -0.000033538 1.000000000 -0.000053276 0.001878610 -0.000146638 0.000053271 1.000000000 0.003190961
1.000000000 0.000115093 0.000177190 -0.001950141 -0.000115081 1.000000000 -0.000063525 0.002562974 -0.000177198 0.000063505 1.000000000 0.003517251
0.999999940 -0.000289723 0.000030150 0.000161789 0.000289721 0.999999940 0.000043642 0.000644705 -0.000030162 -0.000043633 1.000000000 0.001692240
1.000000000 -0.000064173 0.000082160 -0.000973120 0.000064164 1.000000000 0.000111554 0.000565820 -0.000082167 -0.000111549 1.000000000 0.001261995
1.000000000 -0.000139485 -0.000016693 0.000057450 0.000139485 1.000000000 -0.000036847 0.001329386 0.000016698 0.000036845 1.000000000 0.001446085
0.999999940 0.000030880 0.000263734 -0.001755255 -0.000030898 1.000000000 0.000070729 -0.000527251 -0.000263731 -0.000070737 0.999999940 0.002349747
0.999999940 -0.000128145 0.000242636 -0.000322316 0.000128303 0.999999762 -0.000649373 -0.001835968 -0.000242553 0.000649404 0.999999762 0.052270204
0.999999940 0.000247236 0.000181561 0.000158902 -0.000246996 0.999999106 -0.001319756 -0.003774380 -0.000181887 0.001319711 0.999999106 0.134923682
0.999999881 0.000521108 -0.000010880 0.003070589 -0.000521123 0.999998748 -0.001484047 -0.003972889 0.000010107 0.001484052 0.999998927 0.253984988
0.999999940 0.000248871 -0.000024517 0.005305430 -0.000248901 0.999999225 -0.001233151 -0.012870058 0.000024210 0.001233157 0.999999225 0.383045137
0.999999940 0.000294081 0.000104841 0.007467681 -0.000293960 0.999999285 -0.001151388 -0.015518457 -0.000105179 0.001151357 0.999999344 0.528089821
1.000000000 0.000177127 0.000043207 0.013108546 -0.000177076 0.999999285 -0.001176711 -0.018329181 -0.000043416 0.001176703 0.999999285 0.680824041
1.000000000 0.000061992 0.000188147 0.016005807 -0.000061773 0.999999344 -0.001163068 -0.019619931 -0.000188219 0.001163057 0.999999285 0.851907551
0.999999940 0.000263489 0.000236872 0.014893061 -0.000263299 0.999999642 -0.000803308 -0.025523286 -0.000237084 0.000803245 0.999999642 1.019986272
0.999999881 0.000253247 0.000401354 0.016511831 -0.000253153 0.999999940 -0.000234426 -0.034483876 -0.000401413 0.000234324 0.999999881 1.188470125
0.999999881 0.000426561 0.000275938 0.018209329 -0.000426386 0.999999702 -0.000633012 -0.034881331 -0.000276208 0.000632895 0.999999762 1.376528621
1.000000000 -0.000051151 0.000120681 0.031393450 0.000051209 0.999999881 -0.000480540 -0.043190643 -0.000120657 0.000480546 0.999999881 1.571145296
0.999999166 0.001095974 0.000644359 0.024246033 -0.001095775 0.999999344 -0.000307830 -0.046919886 -0.000644696 0.000307123 0.999999762 1.771321654
0.999999940 0.000165549 -0.000235257 0.044294402 -0.000165701 0.999999762 -0.000648294 -0.048038468 0.000235150 0.000648333 0.999999762 1.959211469
0.999999523 0.000555846 0.000803880 0.030821942 -0.000555307 0.999999642 -0.000670418 -0.054408085 -0.000804253 0.000669971 0.999999464 2.181671381
0.999999225 0.000985994 0.000741307 0.029742682 -0.000985544 0.999999344 -0.000607916 -0.064301610 -0.000741906 0.000607185 0.999999523 2.391800404
0.999999344 0.001130735 -0.000272673 0.053574409 -0.001130704 0.999999344 0.000114270 -0.087797686 0.000272802 -0.000113962 0.999999881 2.601619244
0.999999940 0.000363073 0.000052921 0.062208425 -0.000363100 0.999999821 0.000508633 -0.100832410 -0.000052737 -0.000508652 0.999999821 2.815530062
0.999999344 0.001078191 -0.000228429 0.061953012 -0.001078165 0.999999404 0.000116029 -0.098578654 0.000228554 -0.000115783 0.999999881 3.061868191
0.999999583 0.000795139 -0.000582874 0.072230883 -0.000795303 0.999999642 -0.000281809 -0.100974098 0.000582649 0.000282272 0.999999762 3.297758102
0.999999821 0.000570343 -0.000334371 0.075888194 -0.000570234 0.999999821 0.000325252 -0.116356812 0.000334557 -0.000325061 0.999999821 3.533980370
0.999999344 0.001143897 -0.000230337 0.077675089 -0.001143830 0.999999285 0.000288909 -0.118955709 0.000230667 -0.000288645 0.999999881 3.801556826
0.999999344 0.001139578 -0.000215486 0.081186555 -0.001139585 0.999999344 -0.000028871 -0.124557361 0.000215453 0.000029116 1.000000000 4.063093185
0.999999106 0.001331800 0.000131072 0.082151279 -0.001331863 0.999998927 0.000485457 -0.132784069 -0.000130425 -0.000485631 0.999999881 4.317507267
0.999999344 0.001068898 0.000153851 0.088648014 -0.001068974 0.999999225 0.000493834 -0.136394873 -0.000153323 -0.000493998 0.999999821 4.567081928
0.999998927 0.001423242 -0.000310628 0.099697694 -0.001423150 0.999998927 0.000295031 -0.143444195 0.000311048 -0.000294588 0.999999881 4.838252068
0.999999106 0.001203024 -0.000503462 0.104627140 -0.001202935 0.999999225 0.000176453 -0.147386074 0.000503674 -0.000175847 0.999999821 5.101305962
0.999998689 0.001617893 -0.000113692 0.107091777 -0.001617891 0.999998629 0.000012433 -0.158103287 0.000113712 -0.000012249 0.999999940 5.359338284
0.999999404 0.001064936 0.000143313 0.110386662 -0.001064931 0.999999404 -0.000032971 -0.158374339 -0.000143348 0.000032819 1.000000000 5.628423214
0.999998868 0.001509345 0.000211836 0.112608008 -0.001509355 0.999998808 0.000044599 -0.167356417 -0.000211768 -0.000044919 1.000000000 5.895267487
0.999999523 0.000966629 0.000116228 0.122298114 -0.000966628 0.999999523 -0.000012408 -0.174734265 -0.000116240 0.000012295 1.000000000 6.172815323
0.999998987 0.001368226 0.000428322 0.123510629 -0.001368366 0.999998987 0.000325635 -0.186529636 -0.000427876 -0.000326221 0.999999881 6.448741913
0.999998569 0.001588601 0.000568820 0.121772967 -0.001588683 0.999998748 0.000143316 -0.194125116 -0.000568592 -0.000144220 0.999999762 6.732174873
0.999998331 0.001684821 0.000722219 0.125868782 -0.001684546 0.999998510 -0.000381027 -0.196659014 -0.000722860 0.000379810 0.999999642 7.032050610
0.999998868 0.001348424 0.000622354 0.136695966 -0.001348502 0.999999046 0.000123731 -0.211179167 -0.000622187 -0.000124570 0.999999821 7.322706699
0.999998629 0.001423684 0.000853697 0.139375150 -0.001423249 0.999998868 -0.000510961 -0.213126794 -0.000854424 0.000509745 0.999999523 7.641145229
0.999998093 0.001678215 0.001026699 0.147001117 -0.001678209 0.999998569 -0.000007099 -0.226582751 -0.001026710 0.000005376 0.999999464 7.936872959
0.999998450 0.001702429 0.000439307 0.158144355 -0.001702777 0.999998152 0.000794446 -0.249325499 -0.000437953 -0.000795193 0.999999583 8.261455536
0.999998510 0.001675742 0.000451619 0.165831327 -0.001675995 0.999998331 0.000560989 -0.257189333 -0.000450678 -0.000561745 0.999999762 8.590732574
0.999997556 0.001915849 0.001071804 0.166163892 -0.001916501 0.999997973 0.000606997 -0.264113128 -0.001070639 -0.000609049 0.999999225 8.931065559
0.999997556 0.001994225 0.000996247 0.174109176 -0.001995174 0.999997556 0.000952821 -0.280425966 -0.000994344 -0.000954807 0.999999046 9.260380745
0.999996483 0.002186774 0.001521360 0.167538241 -0.002187413 0.999997497 0.000418165 -0.280373752 -0.001520442 -0.000421492 0.999998808 9.629446030
0.999998987 0.001380221 0.000609740 0.178240687 -0.001380632 0.999998748 0.000674788 -0.294110328 -0.000608807 -0.000675629 0.999999583 9.938345909
0.999997675 0.002032131 0.000776773 0.185952678 -0.002032570 0.999997735 0.000565226 -0.304336429 -0.000775623 -0.000566803 0.999999583 10.295361519
0.999998391 0.001634515 0.000710569 0.194552645 -0.001635285 0.999998093 0.001083918 -0.321680576 -0.000708796 -0.001085079 0.999999106 10.649893761
0.999998629 0.001421231 0.000809326 0.202478215 -0.001422035 0.999998510 0.000993242 -0.328821182 -0.000807913 -0.000994391 0.999999106 11.021641731
0.999997675 0.001715420 0.001314659 0.202788502 -0.001716169 0.999998331 0.000568371 -0.335239857 -0.001313682 -0.000570626 0.999998927 11.404510498
0.999998689 0.001372852 0.000772410 0.216304109 -0.001373717 0.999998450 0.001121386 -0.348742753 -0.000770869 -0.001122446 0.999999046 11.766809464
0.999997616 0.001876988 0.001054341 0.223104745 -0.001877785 0.999997973 0.000755883 -0.359011441 -0.001052920 -0.000757861 0.999999106 12.153200150
0.999998689 0.001483993 0.000527309 0.235675156 -0.001484462 0.999998510 0.000888995 -0.370408386 -0.000525989 -0.000889777 0.999999464 12.546484947
0.999998271 0.001719342 0.000613472 0.240425721 -0.001720017 0.999997914 0.001100222 -0.380513310 -0.000611579 -0.001101275 0.999999166 12.947440147
0.999997616 0.001999343 0.000853390 0.249002323 -0.002000066 0.999997556 0.000846174 -0.390745908 -0.000851697 -0.000847879 0.999999225 13.340888977
0.999998033 0.001478488 0.001280748 0.259765565 -0.001480002 0.999998093 0.001181468 -0.401176393 -0.001278999 -0.001183361 0.999998450 13.749181747
0.999997497 0.001782839 0.001339747 0.263204008 -0.001784107 0.999997973 0.000945829 -0.410893738 -0.001338059 -0.000948217 0.999998629 14.170590401
0.999996603 0.002054329 0.001587022 0.274300307 -0.002055957 0.999997377 0.001025003 -0.423252910 -0.001584912 -0.001028263 0.999998212 14.589114189
0.999997854 0.001504327 0.001422058 0.288087130 -0.001506489 0.999997854 0.001520474 -0.439867526 -0.001419767 -0.001522613 0.999997854 15.009824753
0.999997973 0.001267218 0.001515074 0.302323818 -0.001269000 0.999998510 0.001176140 -0.450711519 -0.001513581 -0.001178061 0.999998152 15.438146591
0.999997377 0.001201847 0.001963327 0.310137004 -0.001203930 0.999998689 0.001059921 -0.460569352 -0.001962051 -0.001062282 0.999997497 15.880930901
0.999997079 0.001251706 0.002080419 0.321537226 -0.001254432 0.999998450 0.001309394 -0.475328147 -0.002078776 -0.001312000 0.999996960 16.317485809
0.999996364 0.001413550 0.002284109 0.329806745 -0.001415840 0.999998510 0.001001174 -0.484684736 -0.002282690 -0.001004405 0.999996901 16.765626907
0.999995589 0.001174795 0.002696083 0.339656562 -0.001178422 0.999998391 0.001344488 -0.499671578 -0.002694499 -0.001347659 0.999995410 17.219142914
0.999994814 0.001409639 0.002901010 0.348814517 -0.001413465 0.999998152 0.001317384 -0.509320438 -0.002899147 -0.001321478 0.999994874 17.682720184
0.999993801 0.001585951 0.003153968 0.360515416 -0.001588801 0.999998331 0.000901323 -0.518559754 -0.003152533 -0.000906328 0.999994636 18.145765305
0.999993503 0.001529509 0.003262800 0.375136077 -0.001533733 0.999997973 0.001292684 -0.532462060 -0.003260816 -0.001297680 0.999993801 18.610721588
0.999992728 0.001568399 0.003479400 0.384131968 -0.001572985 0.999997854 0.001315499 -0.542220831 -0.003477329 -0.001320962 0.999993145 19.085769653
0.999989212 0.001643869 0.004337233 0.389097571 -0.001646419 0.999998391 0.000584289 -0.546274662 -0.004336266 -0.000591423 0.999990523 19.582246780
0.999992967 0.000657782 0.003687917 0.397511333 -0.000660530 0.999999523 0.000744049 -0.555251181 -0.003687426 -0.000746480 0.999992907 20.055185318
0.999992013 0.001519204 0.003674974 0.409415215 -0.001521618 0.999998569 0.000654209 -0.569755554 -0.003673975 -0.000659796 0.999993026 20.547945023
0.999993205 0.001754068 0.003239366 0.421756744 -0.001755154 0.999998391 0.000332443 -0.574139476 -0.003238778 -0.000338126 0.999994695 21.058345795
0.999995708 0.001041894 0.002705444 0.436870247 -0.001044473 0.999998927 0.000951963 -0.597478628 -0.002704450 -0.000954785 0.999995887 21.544471741
0.999995291 0.001185540 0.002815492 0.442645639 -0.001189027 0.999998450 0.001237047 -0.615262866 -0.002814022 -0.001240389 0.999995232 22.049772263
0.999995291 0.001812800 0.002489889 0.454298794 -0.001815785 0.999997556 0.001197009 -0.629077792 -0.002487713 -0.001201525 0.999996185 22.555521011
0.999997497 0.001577488 0.001601508 0.461692572 -0.001579141 0.999998212 0.001031826 -0.644539475 -0.001599878 -0.001034352 0.999998212 23.073072433
0.999999106 0.001124377 0.000729256 0.477265805 -0.001125255 0.999998629 0.001203928 -0.663944483 -0.000727901 -0.001204747 0.999999046 23.593133926
0.999999940 0.000216980 0.000297506 0.481911600 -0.000217060 0.999999940 0.000270017 -0.672484815 -0.000297448 -0.000270081 0.999999940 24.122421265
0.999999404 0.001084214 0.000132723 0.486750752 -0.001084334 0.999999046 0.000902474 -0.685827255 -0.000131745 -0.000902617 0.999999583 24.665008545
0.999998212 0.001502795 -0.001170039 0.503945708 -0.001501830 0.999998629 0.000825412 -0.699527621 0.001171277 -0.000823654 0.999998987 25.189264297
0.999996543 0.002002398 -0.001741982 0.505828321 -0.002002164 0.999998033 0.000136545 -0.705700517 0.001742252 -0.000133057 0.999998510 25.750190735
0.999996603 0.001750210 -0.001931854 0.515502691 -0.001748542 0.999998033 0.000864515 -0.728830099 0.001933363 -0.000861134 0.999997675 26.276432037
0.999996126 0.001270567 -0.002439955 0.529344380 -0.001266426 0.999997735 0.001697741 -0.748818517 0.002442107 -0.001694645 0.999995470 26.815114975
0.999996006 0.001510349 -0.002392516 0.530703545 -0.001506580 0.999997616 0.001576202 -0.761551082 0.002394891 -0.001572591 0.999995887 27.369827271
0.999995291 0.001584620 -0.002626530 0.532341063 -0.001581235 0.999997914 0.001290348 -0.770348191 0.002628570 -0.001286189 0.999995708 27.918420792
0.999994874 0.002130323 -0.002395417 0.536524415 -0.002125742 0.999996006 0.001913262 -0.787507534 0.002399483 -0.001908160 0.999995291 28.459007263
0.999993384 0.002714019 -0.002431117 0.541330755 -0.002710833 0.999995470 0.001312719 -0.797397614 0.002434670 -0.001306119 0.999996185 29.000654221
0.999991596 0.001985863 -0.003581256 0.560217500 -0.001979242 0.999996245 0.001851435 -0.821717978 0.003584919 -0.001844331 0.999991894 29.548095703
0.999990225 0.002306244 -0.003764855 0.562015951 -0.002299754 0.999995887 0.001727361 -0.832828522 0.003768823 -0.001718686 0.999991417 30.093702316
0.999988973 0.002357257 -0.004049204 0.571977675 -0.002350706 0.999995947 0.001621569 -0.847616315 0.004053010 -0.001612033 0.999990463 30.645809174
0.999988735 0.002207712 -0.004188203 0.583589494 -0.002200647 0.999996126 0.001690621 -0.864581943 0.004191919 -0.001681385 0.999989748 31.188095093
0.999987185 0.002237248 -0.004542426 0.591276348 -0.002229482 0.999996066 0.001713813 -0.878108561 0.004546243 -0.001703664 0.999988139 31.738935471
0.999989688 0.001979310 -0.004087411 0.597998500 -0.001972827 0.999996901 0.001589441 -0.892520308 0.004090544 -0.001581361 0.999990344 32.286090851
0.999985754 0.002603281 -0.004657602 0.602933526 -0.002594768 0.999994874 0.001832884 -0.904321909 0.004662350 -0.001820773 0.999987483 32.838634491
0.999984384 0.002773705 -0.004843652 0.609186649 -0.002766554 0.999995053 0.001482522 -0.919035554 0.004847741 -0.001469098 0.999987185 33.382099152
0.999983013 0.002555543 -0.005238981 0.620041132 -0.002546748 0.999995291 0.001684633 -0.934381187 0.005243263 -0.001671262 0.999984801 33.939697266
0.999985635 0.001799829 -0.005042733 0.620287061 -0.001791137 0.999996901 0.001727837 -0.948912144 0.005045827 -0.001718781 0.999985814 34.487449646
0.999982893 0.002757074 -0.005153297 0.628923416 -0.002747183 0.999994397 0.001925535 -0.967320502 0.005158576 -0.001911345 0.999984860 35.016170502
0.999984205 0.003119347 -0.004679963 0.627023458 -0.003112525 0.999994099 0.001464304 -0.977183461 0.004684503 -0.001449714 0.999987960 35.569919586
0.999979913 0.003494916 -0.005298105 0.637618184 -0.003487614 0.999993026 0.001386800 -0.996694803 0.005302914 -0.001368294 0.999984980 36.112529755
0.999980569 0.003309252 -0.005287655 0.646757245 -0.003300363 0.999993145 0.001688760 -1.007064700 0.005293207 -0.001671275 0.999984622 36.654346466
0.999979138 0.003406411 -0.005506844 0.655669391 -0.003397729 0.999993026 0.001585145 -1.019950747 0.005512205 -0.001566401 0.999983609 37.203159332
0.999980032 0.003995560 -0.004905900 0.652394414 -0.003993183 0.999992013 0.000494144 -1.024881482 0.004907835 -0.000474544 0.999987900 37.752685547
0.999979138 0.003141315 -0.005639712 0.664106786 -0.003129487 0.999992907 0.002104960 -1.062132955 0.005646284 -0.002087266 0.999981880 38.303443909
0.999980092 0.003181067 -0.005438082 0.667409658 -0.003166441 0.999991357 0.002696024 -1.079017043 0.005446611 -0.002678751 0.999981582 38.849826813
0.999976516 0.003640234 -0.005793720 0.681785703 -0.003626797 0.999990702 0.002327921 -1.093805432 0.005802141 -0.002306854 0.999980569 39.396415710
0.999974489 0.003590723 -0.006163274 0.705472112 -0.003575804 0.999990642 0.002429937 -1.113989949 0.006171941 -0.002407837 0.999978065 39.924976349
0.999972105 0.003354824 -0.006670979 0.713697970 -0.003339812 0.999991894 0.002260317 -1.118048787 0.006678507 -0.002237974 0.999975204 40.503448486
0.999973238 0.003612821 -0.006348636 0.714819193 -0.003603007 0.999992371 0.001556531 -1.121396422 0.006354210 -0.001533615 0.999978662 41.063808441
0.999971330 0.003670559 -0.006613523 0.726100206 -0.003655408 0.999990702 0.002301518 -1.140329838 0.006621909 -0.002277277 0.999975502 41.593421936
0.999967873 0.003515116 -0.007205592 0.736615419 -0.003503523 0.999992549 0.001620867 -1.146445394 0.007211235 -0.001595570 0.999972761 42.128559113
0.999966383 0.003823915 -0.007256293 0.742229402 -0.003809116 0.999990582 0.002052115 -1.165684700 0.007264072 -0.002024405 0.999971569 42.704425812
0.999965727 0.004094780 -0.007206808 0.749926925 -0.004076988 0.999988616 0.002481694 -1.182428837 0.007216888 -0.002452226 0.999970973 43.252067566
0.999962687 0.004272555 -0.007517198 0.763103366 -0.004255098 0.999988198 0.002336591 -1.198459983 0.007527093 -0.002304517 0.999969006 43.792278290
0.999965370 0.003661140 -0.007465171 0.763670623 -0.003643280 0.999990463 0.002404643 -1.209920287 0.007473903 -0.002377362 0.999969244 44.365695953
0.999964178 0.004563459 -0.007116168 0.768539429 -0.004549072 0.999987602 0.002036634 -1.220500469 0.007125373 -0.002004189 0.999972641 44.923019409
0.999969900 0.004057379 -0.006604706 0.776369750 -0.004044842 0.999990046 0.001910418 -1.226128817 0.006612391 -0.001883646 0.999976397 45.463161469
0.999964952 0.003923572 -0.007392064 0.785116315 -0.003906093 0.999989688 0.002377459 -1.253725171 0.007401315 -0.002348502 0.999969840 46.020839691
0.999965370 0.003240355 -0.007657982 0.797260761 -0.003225941 0.999993086 0.001893856 -1.267896652 0.007664065 -0.001869087 0.999968886 46.566028595
0.999964416 0.003648543 -0.007602052 0.805511057 -0.003631546 0.999990940 0.002248415 -1.282629609 0.007610187 -0.002220729 0.999968529 47.085327148
0.999962568 0.002991719 -0.008121285 0.810557008 -0.002976937 0.999993920 0.001831548 -1.288253665 0.008126715 -0.001807303 0.999965370 47.676197052
0.999959350 0.003450059 -0.008342150 0.818529606 -0.003435339 0.999992609 0.001778177 -1.302832842 0.008348223 -0.001749447 0.999963641 48.230514526
0.999963105 0.002476815 -0.008228340 0.829774380 -0.002461906 0.999995351 0.001821582 -1.314442635 0.008232814 -0.001801258 0.999964535 48.773586273
0.999965549 0.003180052 -0.007668519 0.817687631 -0.003162531 0.999992311 0.002295721 -1.333522797 0.007675761 -0.002271390 0.999967933 49.327262878
0.999964476 0.003252514 -0.007777493 0.830548763 -0.003236181 0.999992549 0.002111745 -1.348251581 0.007784303 -0.002086500 0.999967515 49.874538422
0.999965012 0.003384961 -0.007650637 0.834351778 -0.003366248 0.999991298 0.002457600 -1.364918709 0.007658890 -0.002431759 0.999967694 50.421199799
0.999965787 0.003178052 -0.007626950 0.839843750 -0.003164428 0.999993384 0.001797835 -1.376433134 0.007632613 -0.001773639 0.999969244 50.987926483
0.999965549 0.002955914 -0.007751344 0.850316286 -0.002939305 0.999993384 0.002153223 -1.394652605 0.007757657 -0.002130366 0.999967575 51.540061951
0.999961138 0.003048076 -0.008271714 0.869485617 -0.003032860 0.999993682 0.001851367 -1.406086206 0.008277304 -0.001826208 0.999964118 52.076416016
0.999963403 0.003167690 -0.007945500 0.865851641 -0.003152867 0.999993265 0.001877471 -1.420589328 0.007951394 -0.001852351 0.999966681 52.642333984
0.999968171 0.003054150 -0.007369054 0.867083251 -0.003040123 0.999993563 0.001913931 -1.432741404 0.007374851 -0.001891467 0.999971092 53.185455322
0.999962687 0.003262211 -0.008001681 0.877868295 -0.003246172 0.999992609 0.002016725 -1.448573589 0.008008203 -0.001990675 0.999965906 53.742221832
0.999962330 0.003651055 -0.007879475 0.887503386 -0.003633816 0.999990940 0.002201044 -1.463570595 0.007887440 -0.002172329 0.999966502 54.292560577
0.999962270 0.003257350 -0.008050379 0.892367244 -0.003242142 0.999992847 0.001901541 -1.474645615 0.008056518 -0.001875369 0.999965727 54.838489532
0.999962628 0.003563304 -0.007863648 0.891736746 -0.003550638 0.999992371 0.001624026 -1.488771915 0.007869375 -0.001596045 0.999967754 55.389026642
0.999961257 0.003572876 -0.008041695 0.905345500 -0.003558996 0.999992132 0.001739729 -1.503374815 0.008047847 -0.001711042 0.999966145 55.932003021
0.999961197 0.003286752 -0.008173435 0.909178138 -0.003272473 0.999993026 0.001759822 -1.515480161 0.008179163 -0.001733006 0.999965072 56.488639832
0.999963462 0.003421223 -0.007841869 0.919942975 -0.003409517 0.999993026 0.001505685 -1.529578090 0.007846967 -0.001478893 0.999968171 57.037429810
0.999960124 0.004049707 -0.007957389 0.923945844 -0.004035910 0.999990344 0.001748994 -1.544538140 0.007964394 -0.001716809 0.999966800 57.584037781
0.999958754 0.003781017 -0.008255083 0.931297839 -0.003763706 0.999990702 0.002111429 -1.566025615 0.008262989 -0.002080272 0.999963701 58.126873016
0.999959111 0.003637373 -0.008275523 0.943373322 -0.003624159 0.999992132 0.001611217 -1.574476957 0.008281318 -0.001581160 0.999964416 58.667224884
0.999961257 0.003756912 -0.007959722 0.940535545 -0.003745352 0.999991894 0.001466824 -1.584425330 0.007965168 -0.001436955 0.999967217 59.224395752
0.999964118 0.003473197 -0.007719224 0.947762132 -0.003466632 0.999993682 0.000863773 -1.597908735 0.007722176 -0.000836983 0.999969840 59.769306183
0.999963820 0.003713293 -0.007648208 0.951979280 -0.003702672 0.999992192 0.001402414 -1.612574458 0.007653355 -0.001374045 0.999969661 60.320247650
0.999958277 0.003800458 -0.008301134 0.960890770 -0.003789873 0.999991953 0.001290521 -1.627025008 0.008305972 -0.001259007 0.999964714 60.876808167
0.999958515 0.004321143 -0.008011929 0.968779743 -0.004308952 0.999989569 0.001538246 -1.646949649 0.008018492 -0.001503659 0.999966741 61.425228119
0.999958813 0.003870189 -0.008217939 0.977047145 -0.003859050 0.999991655 0.001370866 -1.656896353 0.008223176 -0.001339096 0.999965310 61.972419739
0.999954581 0.003842126 -0.008723721 0.986613989 -0.003832622 0.999992073 0.001105797 -1.671063066 0.008727901 -0.001072312 0.999961257 62.503040314
0.999957144 0.004206323 -0.008257621 0.990201116 -0.004192898 0.999989927 0.001642403 -1.693133712 0.008264446 -0.001607709 0.999964476 63.048046112
0.999958932 0.004103397 -0.008087638 0.984502554 -0.004088935 0.999990046 0.001803894 -1.703549504 0.008094958 -0.001770750 0.999965668 63.614051819
0.999953926 0.004324308 -0.008569290 0.999133468 -0.004314339 0.999989986 0.001181440 -1.716059685 0.008574313 -0.001144415 0.999962568 64.157768250
0.999954402 0.004432154 -0.008448873 0.999022245 -0.004422101 0.999989390 0.001208212 -1.730691433 0.008454137 -0.001170795 0.999963582 64.707412720
0.999952078 0.004518753 -0.008672860 1.012250662 -0.004505667 0.999988675 0.001527755 -1.744292736 0.008679666 -0.001488605 0.999961197 65.247863770
0.999953389 0.004678803 -0.008442663 1.014924884 -0.004668433 0.999988317 0.001247563 -1.761567354 0.008448402 -0.001208091 0.999963522 65.779823303
0.999954462 0.004684511 -0.008309177 1.022258043 -0.004673926 0.999988258 0.001292876 -1.775429249 0.008315137 -0.001253981 0.999964595 66.338981628
0.999954879 0.005094368 -0.008004393 1.024029255 -0.005084927 0.999986351 0.001199491 -1.784035087 0.008010395 -0.001158735 0.999967217 66.891616821
0.999951422 0.004740902 -0.008639105 1.038991332 -0.004726256 0.999987304 0.001714985 -1.810472608 0.008647126 -0.001674071 0.999961197 67.426986694
0.999953449 0.004665785 -0.008448155 1.037326574 -0.004651711 0.999987781 0.001684745 -1.822649240 0.008455913 -0.001645368 0.999962807 67.979187012
0.999950707 0.004873490 -0.008650690 1.046533108 -0.004859098 0.999986768 0.001683879 -1.842034578 0.008658783 -0.001641762 0.999961078 68.514839172
0.999950051 0.005278969 -0.008479811 1.055638790 -0.005262340 0.999984264 0.001982215 -1.858993292 0.008490142 -0.001937492 0.999962032 69.061141968
0.999953806 0.004705181 -0.008384524 1.045942187 -0.004690530 0.999987364 0.001766195 -1.869527817 0.008392730 -0.001726786 0.999963224 69.626243591
0.999953151 0.004718217 -0.008448616 1.057141066 -0.004702169 0.999987006 0.001918364 -1.883424282 0.008457557 -0.001878547 0.999962449 70.173728943
0.999958396 0.004839013 -0.007732181 1.057047963 -0.004821818 0.999985874 0.002240896 -1.903125882 0.007742914 -0.002203519 0.999967575 70.731254578
0.999955714 0.004681113 -0.008167762 1.059275031 -0.004671693 0.999988317 0.001172035 -1.904222727 0.008173156 -0.001133825 0.999965966 71.276725769
0.999952734 0.005062162 -0.008305860 1.073408842 -0.005053611 0.999986589 0.001050344 -1.920018435 0.008311066 -0.001008320 0.999964952 71.827156067
0.999951363 0.005546036 -0.008162541 1.073463440 -0.005536930 0.999983966 0.001137797 -1.933748960 0.008168722 -0.001092546 0.999966025 72.371047974
0.999954402 0.005161794 -0.008028821 1.078791738 -0.005151784 0.999985874 0.001267083 -1.952525735 0.008035247 -0.001225662 0.999966979 72.917358398
0.999956369 0.004742557 -0.008042218 1.089703083 -0.004730336 0.999987602 0.001537892 -1.972809792 0.008049412 -0.001499783 0.999966443 73.459205627
0.999956012 0.004298568 -0.008338216 1.092567682 -0.004285558 0.999989569 0.001577523 -1.988312364 0.008344910 -0.001541719 0.999964058 74.010108948
0.999957800 0.004272025 -0.008135890 1.097339392 -0.004261504 0.999990165 0.001309924 -1.996274948 0.008141405 -0.001275198 0.999966025 74.544235229
0.999956250 0.004265212 -0.008318775 1.108607054 -0.004250443 0.999989331 0.001792185 -2.013636351 0.008326331 -0.001756748 0.999963760 75.082588196
0.999952972 0.004584407 -0.008548307 1.116345048 -0.004564631 0.999986887 0.002331423 -2.035407782 0.008558883 -0.002292294 0.999960780 75.616699219
0.999955952 0.004259296 -0.008365847 1.120473981 -0.004246599 0.999989808 0.001534938 -2.043945074 0.008372300 -0.001499344 0.999963760 76.175285339
0.999948025 0.004969538 -0.008905305 1.128707290 -0.004952457 0.999985874 0.001939111 -2.065017700 0.008914816 -0.001894907 0.999958396 76.719139099
0.999958694 0.003704293 -0.008295697 1.131637812 -0.003691312 0.999991953 0.001579652 -2.076742172 0.008301482 -0.001548965 0.999964297 77.286323547
0.999952734 0.003896054 -0.008904125 1.141000509 -0.003880494 0.999990940 0.001764151 -2.091351748 0.008910917 -0.001729515 0.999958813 77.832397461
0.999959588 0.003240340 -0.008398435 1.147013664 -0.003224832 0.999993145 0.001859515 -2.110028982 0.008404402 -0.001832356 0.999962986 78.373489380
0.999954998 0.004160863 -0.008523654 1.151441813 -0.004151105 0.999990702 0.001162135 -2.113797188 0.008528411 -0.001126700 0.999962926 78.924018860
0.999954939 0.004248540 -0.008479941 1.162416101 -0.004239261 0.999990404 0.001111724 -2.127544165 0.008484582 -0.001075726 0.999963343 79.472381592
0.999960721 0.004438712 -0.007677614 1.156784534 -0.004436221 0.999990106 0.000341454 -2.135945320 0.007679055 -0.000307381 0.999970436 80.023925781
0.999952137 0.004264633 -0.008803726 1.175483346 -0.004253657 0.999990165 0.001265100 -2.154479504 0.008809035 -0.001227591 0.999960423 80.560348511
0.999961853 0.004478894 -0.007496869 1.182624817 -0.004469788 0.999989271 0.001231049 -2.167050600 0.007502303 -0.001197492 0.999971151 81.123901367
0.999965727 0.004929801 -0.006643693 1.189408064 -0.004920945 0.999987006 0.001348658 -2.183945417 0.006650256 -0.001315919 0.999977052 81.662239075
0.999975502 0.004716972 -0.005173327 1.199040055 -0.004709255 0.999987721 0.001503200 -2.202908039 0.005180354 -0.001478801 0.999985516 82.206878662
0.999981761 0.004550083 -0.003964963 1.209315777 -0.004544696 0.999988735 0.001366522 -2.214906931 0.003971137 -0.001348477 0.999991119 82.748664856
0.999989688 0.004460524 -0.000865617 1.225129724 -0.004459660 0.999989629 0.000996785 -2.228502035 0.000870054 -0.000992915 0.999999106 83.294372559
0.999986708 0.004472599 0.002569518 1.244220257 -0.004477444 0.999988139 0.001882699 -2.244207382 -0.002561067 -0.001894179 0.999994874 83.824859619
0.999968529 0.005029457 0.006132836 1.260953903 -0.005037386 0.999986470 0.001278152 -2.261384726 -0.006126324 -0.001309006 0.999980390 84.395423889
0.999926269 0.004864920 0.011124082 1.283717394 -0.004882645 0.999986827 0.001566707 -2.281503439 -0.011116314 -0.001620906 0.999936879 84.949806213
0.999847889 0.005035046 0.016698107 1.307415962 -0.005052561 0.999986708 0.001006876 -2.288454294 -0.016692817 -0.001091090 0.999859989 85.504013062
0.999746203 0.004054688 0.022159277 1.338480711 -0.004078344 0.999991119 0.001022472 -2.305357933 -0.022154935 -0.001112585 0.999753952 86.054092407
0.999602616 0.004530235 0.027824527 1.368940949 -0.004571032 0.999988496 0.001402812 -2.320435286 -0.027817851 -0.001529442 0.999611855 86.581901550
0.999328017 0.004200606 0.036412779 1.398790240 -0.004254167 0.999989986 0.001393568 -2.339750528 -0.036406558 -0.001547538 0.999335885 87.153266907
0.999007642 0.004442587 0.044315785 1.448169231 -0.004513521 0.999988675 0.001500740 -2.356770992 -0.044308618 -0.001699272 0.999016464 87.698852539
0.998653173 0.004097014 0.051719796 1.479385853 -0.004175217 0.999990284 0.001404117 -2.366058826 -0.051713541 -0.001618167 0.998660564 88.264289856
0.998112977 0.004196747 0.061260626 1.530433416 -0.004272188 0.999990225 0.001100537 -2.379184008 -0.061255414 -0.001360177 0.998121142 88.807449341
0.997455180 0.004219821 0.071171328 1.597178936 -0.004316720 0.999989986 0.001207724 -2.398631573 -0.071165524 -0.001511877 0.997463286 89.318359375
0.996843219 0.003667105 0.079311781 1.655068398 -0.003751915 0.999992549 0.000920330 -2.408221483 -0.079307824 -0.001214996 0.996849418 89.899971008
0.996163189 0.003395620 0.087448969 1.718993187 -0.003462700 0.999993861 0.000615396 -2.420735598 -0.087446347 -0.000915845 0.996168852 90.451438904
0.995159507 0.003625856 0.098205492 1.794418335 -0.003728917 0.999992728 0.000865927 -2.437645197 -0.098201647 -0.001227936 0.995165825 90.978225708
0.994028986 0.003142725 0.109070323 1.866061211 -0.003276155 0.999994099 0.001044151 -2.455364466 -0.109066404 -0.001395248 0.994033515 91.554977417
0.993036211 0.002225755 0.117788568 1.956727028 -0.002321742 0.999997139 0.000677705 -2.467801571 -0.117786720 -0.000946460 0.993038535 92.099052429
0.991588652 0.003205704 0.129389718 2.038403511 -0.003376978 0.999993742 0.001104335 -2.477946281 -0.129385382 -0.001531992 0.991593182 92.638237000
0.989937007 0.002400611 0.141488180 2.133387566 -0.002541892 0.999996543 0.000817812 -2.499129057 -0.141485721 -0.001169230 0.989939570 93.209365845
0.988274038 0.002807756 0.152664825 2.233688354 -0.003096878 0.999993801 0.001656079 -2.521295071 -0.152659222 -0.002109443 0.988276660 93.749412537
0.986655295 0.001918561 0.162811533 2.345040321 -0.002149860 0.999996901 0.001244478 -2.530922413 -0.162808672 -0.001577893 0.986656427 94.295112610
0.984505951 0.001759729 0.175342292 2.467741966 -0.002011185 0.999997199 0.001256398 -2.549168110 -0.175339550 -0.001589577 0.984506786 94.817855835
0.982101798 0.001225826 0.188346893 2.593213081 -0.001428593 0.999998569 0.000940815 -2.561942816 -0.188345477 -0.001193047 0.982102096 95.352165222
0.980027616 0.001822401 0.198853597 2.699182510 -0.002114585 0.999996960 0.001256981 -2.572477579 -0.198850706 -0.001652368 0.980028391 95.915824890
0.977293909 0.001603123 0.211882293 2.838935852 -0.001908961 0.999997377 0.001238878 -2.588285208 -0.211879760 -0.001615223 0.977294445 96.448364258
0.974303007 0.000975485 0.225239128 2.990453720 -0.001284676 0.999998391 0.001226166 -2.601841211 -0.225237563 -0.001484017 0.974302709 96.989830017
0.971735179 0.000807259 0.236072347 3.137384415 -0.001249782 0.999997675 0.001724893 -2.621971607 -0.236070439 -0.001971178 0.971733987 97.515838623
0.968680859 0.000156328 0.248308972 3.293987274 -0.000489521 0.999998987 0.001280108 -2.633366823 -0.248308539 -0.001361569 0.968680024 98.049842834
0.965057313 0.000614223 0.262038380 3.456209183 -0.001068966 0.999998093 0.001592863 -2.649925709 -0.262036920 -0.001817315 0.965056121 98.582931519
0.961371422 0.000419865 0.275254130 3.618808746 -0.000855507 0.999998569 0.001462633 -2.663409710 -0.275253117 -0.001641616 0.961370409 99.123229980
0.958198488 0.000191803 0.286104083 3.788806915 -0.000678990 0.999998510 0.001603628 -2.680596590 -0.286103368 -0.001730855 0.958197236 99.634094238
0.953940868 -0.000524086 0.299994230 3.981018066 0.000014431 0.999998569 0.001701096 -2.690371513 -0.299994707 -0.001618416 0.953939497 100.134811401
0.949500918 -0.000310795 0.313764036 4.179550171 -0.000199688 0.999998629 0.001594823 -2.704389572 -0.313764095 -0.001576940 0.949499607 100.692947388
0.945574105 -0.000849340 0.325405777 4.377185822 0.000508710 0.999999225 0.001131866 -2.710332870 -0.325406492 -0.000904726 0.945573747 101.214523315
0.941089153 -0.001559905 0.338154912 4.582147598 0.001049249 0.999997973 0.001692909 -2.733586550 -0.338156849 -0.001238370 0.941088974 101.723922729
0.935850799 -0.001469543 0.352393359 4.798618317 0.000965110 0.999998212 0.001607129 -2.752081156 -0.352395207 -0.001163934 0.935850501 102.225280762
0.931252778 -0.001306140 0.364371717 5.020408630 0.000664472 0.999997973 0.001886387 -2.768257380 -0.364373535 -0.001514589 0.931251645 102.729476929
0.926603794 -0.002486924 0.376030892 5.243413925 0.002222651 0.999996841 0.001136608 -2.770728111 -0.376032561 -0.000217400 0.926606417 103.240928650
0.920489132 -0.002323019 0.390761197 5.477367401 0.001786721 0.999996841 0.001735984 -2.791432619 -0.390764087 -0.000899773 0.920490444 103.751564026
0.914734423 -0.002648311 0.404047102 5.716880798 0.001979017 0.999995828 0.002074080 -2.806532860 -0.404050976 -0.001097616 0.914735794 104.238037109
0.909919679 -0.003111469 0.414772689 5.963535309 0.002564678 0.999994934 0.001875250 -2.821326256 -0.414776474 -0.000642569 0.909923196 104.721527100
0.903389752 -0.002960692 0.428810149 6.217281342 0.002319810 0.999995291 0.002017174 -2.832810402 -0.428814083 -0.000827536 0.903392375 105.250595093
0.896879137 -0.003072962 0.442264944 6.481605530 0.002206188 0.999994516 0.002474220 -2.854336500 -0.442270070 -0.001243357 0.896881044 105.721862793
0.891117156 -0.003877257 0.453756660 6.756465912 0.003133449 0.999992251 0.002391053 -2.868943691 -0.453762352 -0.000708885 0.891122401 106.206176758
0.885175467 -0.004494429 0.465235621 7.012020111 0.003996612 0.999989927 0.002056337 -2.871319294 -0.465240210 0.000039147 0.885184467 106.697898865
0.878000915 -0.004867059 0.478634208 7.300315857 0.004608798 0.999987900 0.001714192 -2.878855705 -0.478636682 0.000700867 0.878012776 107.183105469
0.871164918 -0.005155944 0.490963489 7.585643768 0.004743310 0.999986589 0.002085022 -2.899730444 -0.490967661 0.000512394 0.871177614 107.643569946
