1.000000000 0.000000000 0.000000000 0.000000000 0.000000000 1.000000000 0.000000000 0.000000000 0.000000000 0.000000000 1.000000000 0.000000000
1.000000000 0.000087603 0.000113167 -0.003234744 -0.000087585 1.000000000 -0.000160463 0.004099568 -0.000113181 0.000160453 1.000000000 0.003812585
1.000000000 0.000050128 0.000050955 -0.002216355 -0.000050120 1.000000000 -0.000167639 0.002845051 -0.000050963 0.000167637 1.000000000 0.001181013
0.999999940 0.000310149 0.000140468 -0.000856034 -0.000310131 0.999999940 -0.000129529 0.003251299 -0.000140508 0.000129485 1.000000000 -0.002073267
1.000000000 0.000209632 0.000054821 0.002474451 -0.000209630 1.000000000 -0.000032115 0.001482805 -0.000054828 0.000032103 1.000000000 -0.001189649
1.000000000 0.000114464 0.000004930 0.000844255 -0.000114464 1.000000000 0.000003138 0.001282956 -0.000004930 -0.000003138 1.000000000 -0.002669795
1.000000000 0.000058391 0.000120019 -0.002916895 -0.000058377 1.000000000 -0.000123611 0.001946238 -0.000120026 0.000123604 1.000000000 -0.001440264
1.000000000 -0.000002141 -0.000024117 0.000365900 0.000002140 1.000000000 -0.000027096 0.001730519 0.000024117 0.000027096 1.000000000 -0.002578725
1.000000000 -0.000003331 0.000124461 -0.005487130 0.000003353 1.000000000 -0.000172543 0.004067063 -0.000124461 0.000172543 1.000000000 0.004235144
0.999999940 0.000187163 0.000239628 -0.005724166 -0.000187129 1.000000000 -0.000144534 0.002725423 -0.000239655 0.000144489 0.999999940 -0.000919066
0.999999940 0.000222106 0.000131223 0.000201254 -0.000222090 0.999999940 -0.000122048 0.002321520 -0.000131250 0.000122019 1.000000000 -0.003611923
1.000000000 0.000179359 0.000143222 -0.002369673 -0.000179342 1.000000000 -0.000120475 0.003367098 -0.000143244 0.000120449 1.000000000 -0.002577895
1.000000000 0.000072501 0.000181610 -0.004732042 -0.000072490 1.000000000 -0.000060231 0.000792403 -0.000181614 0.000060218 1.000000000 -0.003867777
1.000000000 -0.000014222 0.000111692 -0.002826936 0.000014229 1.000000000 -0.000059726 0.000348053 -0.000111691 0.000059728 1.000000000 -0.001974899
1.000000000 0.000066922 0.000065853 -0.000608551 -0.000066916 1.000000000 -0.000089901 0.002221630 -0.000065859 0.000089897 1.000000000 -0.004076988
1.000000000 -0.000153861 -0.000087050 0.002098674 0.000153862 1.000000000 0.000015867 0.000644090 0.000087048 -0.000015880 1.000000000 -0.006847417
0.999999940 -0.000306684 -0.000106956 0.001863063 0.000306681 0.999999940 -0.000031940 -0.000900185 0.000106965 0.000031908 1.000000000 -0.009441565
1.000000000 -0.000051329 0.000125447 -0.003662930 0.000051334 1.000000000 -0.000041943 0.000185183 -0.000125445 0.000041949 1.000000000 -0.003033320
1.000000000 0.000070960 -0.000021172 0.000212567 -0.000070959 1.000000000 0.000030005 0.001590087 0.000021174 -0.000030004 1.000000000 -0.007719757
1.000000000 -0.000097381 -0.000027104 -0.001448837 0.000097380 1.000000000 -0.000035607 -0.000230276 0.000027107 0.000035605 1.000000000 -0.007139246
1.000000000 -0.000005390 0.000047633 -0.001063662 0.000005395 1.000000000 -0.000098656 0.001848393 -0.000047632 0.000098656 1.000000000 -0.007260137
1.000000000 -0.000132251 0.000040098 -0.000982938 0.000132251 1.000000000 -0.000003217 -0.000454901 -0.000040097 0.000003223 1.000000000 -0.005188907
1.000000000 0.000128121 0.000170707 -0.007251161 -0.000128086 1.000000000 -0.000200672 0.003095632 -0.000170733 0.000200650 0.999999940 0.002861466
1.000000000 -0.000111140 -0.000068952 -0.000103897 0.000111132 1.000000000 -0.000116082 0.000893674 0.000068965 0.000116074 1.000000000 0.001109492
1.000000000 -0.000060502 0.000039561 -0.001372184 0.000060502 1.000000000 -0.000008765 0.002436302 -0.000039561 0.000008768 1.000000000 0.000564510
1.000000000 0.000084127 -0.000021578 0.002126390 -0.000084129 1.000000000 -0.000095904 0.003102150 0.000021570 0.000095906 1.000000000 -0.006738849
1.000000000 -0.000075918 0.000091447 -0.001914856 0.000075927 1.000000000 -0.000092493 0.002276636 -0.000091440 0.000092500 1.000000000 -0.004771287
0.999999940 0.000230192 0.000238735 -0.005433803 -0.000230138 0.999999940 -0.000224885 0.003266121 -0.000238787 0.000224830 0.999999940 0.000353438
1.000000000 0.000043543 0.000134757 -0.004288290 -0.000043540 1.000000000 -0.000024021 0.002198975 -0.000134758 0.000024015 1.000000000 0.000453232
1.000000000 -0.000134781 0.000059813 -0.004994750 0.000134788 1.000000000 -0.000115785 0.005637078 -0.000059797 0.000115793 1.000000000 0.003092438
1.000000000 -0.000068972 0.000053253 -0.004217942 0.000068977 1.000000000 -0.000086213 0.002692682 -0.000053247 0.000086217 1.000000000 0.001437251
1.000000000 -0.000128010 0.000127184 -0.003950380 0.000128002 1.000000000 0.000056612 0.001119557 -0.000127191 -0.000056596 1.000000000 0.000321451
1.000000000 -0.000166108 0.000118179 -0.004915283 0.000166104 1.000000000 0.000033721 0.001359522 -0.000118185 -0.000033702 1.000000000 -0.002175066
1.000000000 -0.000163354 0.000025760 -0.002912833 0.000163353 1.000000000 0.000023349 0.002242955 -0.000025764 -0.000023345 1.000000000 -0.002237554
1.000000000 0.000083550 0.000092128 -0.004222236 -0.000083537 1.000000000 -0.000144097 0.001658318 -0.000092140 0.000144090 1.000000000 0.000137677
1.000000000 0.000039970 0.000107179 -0.004542054 -0.000039957 1.000000000 -0.000124314 0.002889261 -0.000107184 0.000124310 1.000000000 0.000897564
1.000000000 -0.000194641 -0.000145192 0.002665063 0.000194658 1.000000000 0.000122124 -0.000463597 0.000145168 -0.000122152 1.000000000 -0.012447644
1.000000000 -0.000009597 0.000069094 -0.004018917 0.000009616 0.999999940 -0.000269110 0.004798933 -0.000069092 0.000269111 0.999999940 0.001508426
1.000000000 -0.000160067 0.000107747 -0.003681666 0.000160064 1.000000000 0.000022088 0.001471110 -0.000107751 -0.000022071 1.000000000 -0.000119776
1.000000000 -0.000027113 -0.000031828 0.000891678 0.000027120 1.000000000 0.000228396 -0.001602769 0.000031822 -0.000228397 1.000000000 -0.008601859
0.999999940 -0.000281384 -0.000152897 0.000357054 0.000281389 0.999999940 0.000035223 -0.000972780 0.000152887 -0.000035266 1.000000000 -0.000777629
1.000000000 0.000083019 0.000077044 0.002411147 -0.000082975 0.999999821 -0.000570921 -0.004795854 -0.000077092 0.000570915 0.999999821 0.048785657
1.000000000 0.000021418 -0.000020395 0.000839460 -0.000021448 0.999998927 -0.001447332 -0.000050302 0.000020364 0.001447332 0.999998927 0.149398461
1.000000000 -0.000061242 -0.000047683 0.004072665 0.000061175 0.999998987 -0.001403072 -0.009800438 0.000047769 0.001403069 0.999998987 0.263592720
0.999999940 -0.000238904 0.000062745 0.001199121 0.000238989 0.999999046 -0.001364221 -0.010597930 -0.000062419 0.001364236 0.999999046 0.392037243
1.000000000 -0.000010069 -0.000117734 0.006625804 0.000009927 0.999999285 -0.001202211 -0.017973771 0.000117746 0.001202210 0.999999285 0.534983456
0.999999940 0.000072072 0.000366489 -0.002554345 -0.000071693 0.999999464 -0.001034130 -0.032457467 -0.000366563 0.001034104 0.999999404 0.692321777
0.999999821 -0.000568115 -0.000117644 0.018608857 0.000568051 0.999999702 -0.000544163 -0.032183532 0.000117953 0.000544097 0.999999821 0.851550817
0.999999940 -0.000295836 -0.000299343 0.024786009 0.000295707 0.999999881 -0.000431424 -0.037797824 0.000299471 0.000431336 0.999999881 1.029490471
1.000000000 -0.000144702 0.000016503 0.018831344 0.000144712 0.999999762 -0.000632555 -0.037606880 -0.000016412 0.000632557 0.999999821 1.216900945
0.999999762 -0.000492065 -0.000427374 0.038941544 0.000491898 0.999999821 -0.000391893 -0.046588238 0.000427566 0.000391683 0.999999821 1.414491892
0.999999344 -0.000617568 -0.000979067 0.045595411 0.000617540 0.999999821 -0.000028342 -0.062134780 0.000979085 0.000027737 0.999999523 1.612087250
0.999998808 -0.000659641 0.001406596 0.017092982 0.000658247 0.999999285 0.000990732 -0.075679369 -0.001407248 -0.000989805 0.999998510 1.664272428
0.999998391 -0.001083370 0.001432222 0.024208847 0.001081654 0.999998629 0.001198565 -0.081325136 -0.001433518 -0.001197014 0.999998212 1.870799303
0.999998212 -0.000543311 0.001779610 0.019061083 0.000541466 0.999999285 0.001037236 -0.090179421 -0.001780172 -0.001036270 0.999997854 2.077821255
0.999998510 -0.000420518 0.001693341 0.026798598 0.000418408 0.999999046 0.001246284 -0.095713913 -0.001693863 -0.001245573 0.999997795 2.296369553
0.999998391 -0.000195008 0.001774756 0.023947285 0.000192730 0.999999166 0.001283488 -0.101704814 -0.001775005 -0.001283144 0.999997616 2.530984879
0.999997020 0.000312631 0.002416105 0.024929313 -0.000316230 0.999998808 0.001489523 -0.112281941 -0.002415637 -0.001490283 0.999996006 2.754776001
0.999998868 -0.000442545 0.001448129 0.042840630 0.000439726 0.999998033 0.001946744 -0.124203198 -0.001448987 -0.001946105 0.999997079 2.991411448
0.999998510 -0.000040494 0.001715724 0.040207282 0.000037752 0.999998689 0.001598353 -0.125146136 -0.001715787 -0.001598286 0.999997258 3.250748396
0.999998152 -0.000076949 0.001939389 0.044795465 0.000073285 0.999998271 0.001889343 -0.134411797 -0.001939531 -0.001889198 0.999996305 3.486256123
0.999998689 0.000336668 0.001590222 0.065508835 -0.000339291 0.999998629 0.001649497 -0.133544460 -0.001589665 -0.001650034 0.999997318 3.743689060
0.999998331 -0.001226490 0.001353926 0.078966990 0.001223932 0.999997497 0.001888286 -0.146875575 -0.001356238 -0.001886626 0.999997318 4.013028145
0.999998152 -0.001625713 0.001019221 0.068701416 0.001623306 0.999995887 0.002358258 -0.171836227 -0.001023051 -0.002356600 0.999996662 4.282690048
0.999998510 -0.001258620 0.001119589 0.079958923 0.001256187 0.999996781 0.002171396 -0.175168097 -0.001122318 -0.002169987 0.999997079 4.541161537
0.999998391 -0.001256714 0.001226212 0.089960732 0.001253661 0.999996066 0.002487312 -0.188662618 -0.001229333 -0.002485771 0.999996126 4.800652981
0.999998748 -0.000998848 0.001260211 0.104533203 0.000996005 0.999997020 0.002253809 -0.194100365 -0.001262458 -0.002252551 0.999996662 5.078336716
0.999996841 -0.002413109 0.000734859 0.084588803 0.002410882 0.999992490 0.003016641 -0.211971879 -0.000742134 -0.003014860 0.999995112 5.372014523
0.999997139 -0.002250754 0.000839627 0.091976851 0.002248472 0.999993801 0.002708603 -0.211374760 -0.000845718 -0.002706707 0.999995947 5.644579887
0.999996901 -0.002399012 0.000754494 0.093522929 0.002396744 0.999992609 0.002992967 -0.228353664 -0.000761669 -0.002991149 0.999995232 5.899192810
0.999997556 -0.002024818 0.000923341 0.096399873 0.002022177 0.999993861 0.002852662 -0.229155049 -0.000929112 -0.002850787 0.999995470 6.195705414
0.999996543 -0.002529250 0.000756126 0.104531989 0.002526784 0.999991536 0.003245106 -0.251809567 -0.000764327 -0.003243184 0.999994457 6.540267467
0.999997914 -0.001855698 0.000879101 0.102531619 0.001852927 0.999993384 0.003142454 -0.258086592 -0.000884927 -0.003140819 0.999994636 6.835216999
0.999996305 -0.002593193 0.000859322 0.110651895 0.002590599 0.999992132 0.003006715 -0.259044558 -0.000867112 -0.003004477 0.999995172 7.130364418
0.999996006 -0.002797881 0.000528539 0.126705751 0.002796214 0.999991179 0.003129961 -0.270276755 -0.000537292 -0.003128470 0.999994934 7.431777000
0.999996901 -0.002321442 0.000956055 0.121700644 0.002318422 0.999992371 0.003148091 -0.285819262 -0.000963356 -0.003145865 0.999994636 7.752089024
0.999997377 -0.002121707 0.000895072 0.129377216 0.002118351 0.999990821 0.003733495 -0.292004675 -0.000902986 -0.003731589 0.999992669 8.065815926
0.999994576 -0.003072829 0.001161079 0.071502604 0.003068291 0.999987841 0.003890013 -0.331348747 -0.001173018 -0.003886430 0.999991775 8.560893059
0.999993920 -0.003413432 0.000647716 0.090516612 0.003411042 0.999987483 0.003656195 -0.336550176 -0.000660188 -0.003653963 0.999993145 8.882084846
0.999993265 -0.003566646 0.000878373 0.086272471 0.003563371 0.999986827 0.003702852 -0.343618542 -0.000891568 -0.003699697 0.999992847 9.234111786
0.999992728 -0.003698262 0.000890562 0.089282870 0.003694894 0.999986172 0.003753281 -0.355534434 -0.000904431 -0.003749964 0.999992609 9.580322266
0.999989152 -0.004619189 0.000366085 0.115671083 0.004617627 0.999980628 0.004158458 -0.367778569 -0.000385287 -0.004156723 0.999991357 9.921482086
0.999994040 -0.003251557 0.001106275 0.107646078 0.003246656 0.999985039 0.004403752 -0.373378605 -0.001120578 -0.004400135 0.999989748 10.269845963
0.999988079 -0.004867318 0.000409241 0.087197013 0.004865464 0.999978423 0.004413940 -0.417733371 -0.000430717 -0.004411897 0.999990106 10.795607567
0.999986768 -0.005125403 0.000365881 0.096424147 0.005123644 0.999976039 0.004656242 -0.428220600 -0.000389738 -0.004654306 0.999989033 11.153951645
0.999987543 -0.004965661 0.000591018 0.096225545 0.004962610 0.999974966 0.005055977 -0.438799977 -0.000616109 -0.005052980 0.999987006 11.532615662
0.999984026 -0.005642160 0.000405590 0.113639452 0.005640018 0.999971151 0.005101528 -0.444386840 -0.000434362 -0.005099159 0.999986887 11.928965569
0.999984026 -0.005650830 0.000430790 0.136002958 0.005648780 0.999973416 0.004620311 -0.448218793 -0.000456888 -0.004617804 0.999989212 12.298678398
0.999983728 -0.005681896 0.000343169 0.138418198 0.005680135 0.999971747 0.004929485 -0.460242569 -0.000371168 -0.004927456 0.999987721 12.724690437
0.999985397 -0.005406250 0.000410718 0.120903626 0.005403832 0.999969244 0.005677783 -0.513981700 -0.000441401 -0.005675480 0.999983788 13.214777946
0.999984026 -0.005639337 0.000403723 0.131727368 0.005637021 0.999968946 0.005524721 -0.519138873 -0.000434866 -0.005522357 0.999984682 13.620604515
0.999982774 -0.005871201 -0.000023281 0.148079962 0.005871239 0.999966860 0.005645629 -0.532720506 -0.000009867 -0.005645669 0.999984086 14.011411667
0.999985695 -0.005291679 0.000723605 0.159644544 0.005287362 0.999968946 0.005843058 -0.537145317 -0.000754502 -0.005839149 0.999982655 14.450074196
0.999990344 -0.004209715 0.001226170 0.147502437 0.004201877 0.999971211 0.006326364 -0.559978545 -0.001252767 -0.006321150 0.999979258 14.846635818
0.999979496 -0.006381275 0.000423139 0.178929031 0.006378167 0.999955416 0.006977837 -0.602643549 -0.000467647 -0.006974995 0.999975562 15.282120705
0.999974608 -0.007105801 0.000489971 0.187264726 0.007101973 0.999947309 0.007415338 -0.659033775 -0.000542637 -0.007411672 0.999972403 15.893423080
0.999968827 -0.007884552 0.000354521 0.203554019 0.007881814 0.999943376 0.007156476 -0.664492667 -0.000410927 -0.007153459 0.999974370 16.337106705
0.999973059 -0.007220489 0.001315565 0.207210690 0.007210784 0.999947786 0.007238574 -0.676766813 -0.001367763 -0.007228892 0.999972939 16.784206390
0.999974310 -0.007001975 0.001516281 0.220493481 0.006990091 0.999945819 0.007705793 -0.691565454 -0.001570154 -0.007694995 0.999969125 17.215564728
0.999976814 -0.006593685 0.001701050 0.220837116 0.006580149 0.999947608 0.007844000 -0.697219074 -0.001752682 -0.007832625 0.999967754 17.664430618
0.999970973 -0.007392939 0.001828107 0.240508869 0.007377810 0.999939620 0.008148308 -0.722959995 -0.001888236 -0.008134585 0.999965131 18.087596893
0.999981403 -0.005837560 0.001741942 0.263105035 0.005822670 0.999947488 0.008433770 -0.712929785 -0.001791083 -0.008423472 0.999962926 18.552494049
0.999965489 -0.008152898 0.001608772 0.245988280 0.008138677 0.999929368 0.008657535 -0.770292580 -0.001679242 -0.008644142 0.999961197 19.207551956
0.999957681 -0.009057232 0.001554501 0.266164452 0.009043223 0.999920487 0.008794092 -0.775700390 -0.001634028 -0.008779663 0.999960184 19.681642532
0.999962687 -0.008442296 0.001810968 0.275685161 0.008425768 0.999924481 0.008947409 -0.787537217 -0.001886368 -0.008931817 0.999958336 20.148508072
0.999969304 -0.007470341 0.002382037 0.286897689 0.007446849 0.999925017 0.009723126 -0.804472089 -0.002454493 -0.009705089 0.999949932 20.619689941
0.999977589 -0.005785524 0.003366431 0.283318073 0.005752908 0.999937236 0.009619231 -0.817728639 -0.003421871 -0.009599649 0.999948084 21.144342422
0.999974132 -0.006383237 0.003332085 0.294126451 0.006350485 0.999932289 0.009749301 -0.829212308 -0.003394092 -0.009727888 0.999946952 21.617557526
0.999966741 -0.007706679 0.002678064 0.292606741 0.007679286 0.999919593 0.010092419 -0.872428596 -0.002755627 -0.010071517 0.999945462 22.193412781
0.999966323 -0.007857594 0.002391709 0.302423298 0.007832724 0.999916971 0.010235994 -0.876214623 -0.002471941 -0.010216916 0.999944746 22.707901001
0.999969900 -0.007295806 0.002628464 0.301266909 0.007267239 0.999916136 0.010718562 -0.898675680 -0.002706444 -0.010699137 0.999939084 23.228088379
0.999970913 -0.007216774 0.002485834 0.286267072 0.007188689 0.999912202 0.011127549 -0.914690495 -0.002565921 -0.011109355 0.999934971 23.736974716
0.999963224 -0.008448803 0.001455971 0.288770437 0.008431833 0.999900758 0.011291659 -0.927770376 -0.001551227 -0.011278967 0.999935210 24.226081848
0.999950767 -0.009921482 -0.000158464 0.346474469 0.009922621 0.999891102 0.010922142 -0.946195126 0.000050082 -0.010923177 0.999940336 24.749923706
0.999949038 -0.010098276 0.000083165 0.347748667 0.010096782 0.999890387 0.010830068 -0.955668926 -0.000192521 -0.010828677 0.999941349 25.293161392
0.999956608 -0.009314978 -0.000234226 0.347241998 0.009316884 0.999904513 0.010207599 -0.957465410 0.000139120 -0.010209339 0.999947906 25.837760925
0.999958336 -0.009116377 -0.000451812 0.374025315 0.009121024 0.999890447 0.011651855 -0.968224764 0.000345540 -0.011655489 0.999931991 26.377943039
0.999958158 -0.008781191 -0.002552674 0.376332104 0.008809314 0.999898195 0.011223174 -0.986737847 0.002453861 -0.011245191 0.999933779 26.859844208
0.999952018 -0.009218599 -0.003309193 0.386400074 0.009255081 0.999894619 0.011184071 -0.996552706 0.003205743 -0.011214159 0.999932051 27.409652710
0.999948323 -0.009657260 -0.003191130 0.398476809 0.009693172 0.999887586 0.011436710 -0.994744062 0.003080324 -0.011467049 0.999929488 27.963748932
0.999965250 -0.007907076 -0.002620714 0.372706443 0.007938705 0.999893010 0.012286415 -1.037539363 0.002523284 -0.012306792 0.999921083 28.514053345
0.999974728 -0.006503093 -0.002872434 0.377582431 0.006539675 0.999895215 0.012915937 -1.061401248 0.002788139 -0.012934396 0.999912500 29.092117310
0.999943852 -0.009555922 -0.004609439 0.432426631 0.009611507 0.999879420 0.012191105 -1.026264668 0.004492387 -0.012234723 0.999915063 29.583019257
0.999943435 -0.009663550 -0.004455542 0.434911788 0.009720850 0.999867916 0.013023105 -1.046502352 0.004329104 -0.013065680 0.999905288 30.144727707
0.999930918 -0.010471860 -0.005350349 0.450191051 0.010542526 0.999855220 0.013354926 -1.063815475 0.005209724 -0.013410410 0.999896526 30.726165771
0.999927044 -0.010724260 -0.005556192 0.463350058 0.010798528 0.999850392 0.013514059 -1.063451409 0.005410432 -0.013573072 0.999893248 31.257089615
0.999881923 -0.013572295 -0.007211663 0.523694754 0.013673645 0.999805748 0.014195296 -1.084516644 0.007017599 -0.014292230 0.999873221 31.815303802
0.999940038 -0.009326907 -0.005741852 0.445279509 0.009403500 0.999865174 0.013460063 -1.141564131 0.005615538 -0.013513249 0.999892950 32.178886414
0.999944031 -0.008751228 -0.005952184 0.456842989 0.008833843 0.999862969 0.013998070 -1.158486128 0.005828868 -0.014049866 0.999884367 32.715427399
0.999934971 -0.009663368 -0.006056202 0.470732868 0.009744989 0.999860048 0.013595845 -1.169533968 0.005923972 -0.013653979 0.999889195 33.291313171
0.999931693 -0.009775755 -0.006419315 0.482419372 0.009862886 0.999857724 0.013684854 -1.167213917 0.006284622 -0.013747229 0.999885798 33.770641327
0.999947429 -0.008492224 -0.005750880 0.458672762 0.008568785 0.999873281 0.013421854 -1.172087908 0.005636170 -0.013470428 0.999893367 34.354663849
0.999939382 -0.009218929 -0.006026261 0.487347782 0.009300462 0.999863684 0.013644448 -1.180829883 0.005899651 -0.013699666 0.999888718 34.905471802
0.999946475 -0.008437888 -0.005991144 0.481810242 0.008522529 0.999862194 0.014245566 -1.203755140 0.005870115 -0.014295862 0.999880612 35.353191376
0.999939978 -0.008917828 -0.006365998 0.472048759 0.009011370 0.999849558 0.014819784 -1.248109221 0.006232881 -0.014876260 0.999869883 35.869323730
0.999939740 -0.008722289 -0.006656753 0.483365834 0.008820532 0.999850512 0.014874489 -1.249958158 0.006526018 -0.014932312 0.999867201 36.413738251
0.999944150 -0.008330855 -0.006502852 0.479791880 0.008429604 0.999847293 0.015309015 -1.270613432 0.006374322 -0.015362976 0.999861658 36.945518494
0.999944806 -0.007995293 -0.006811495 0.504450440 0.008099599 0.999848187 0.015425666 -1.285957098 0.006687128 -0.015479987 0.999857783 37.534278870
0.999956727 -0.007027620 -0.006089929 0.498929977 0.007125142 0.999844313 0.016142648 -1.330076933 0.005975537 -0.016185340 0.999851167 38.068698883
0.999946296 -0.008648977 -0.005713398 0.491564989 0.008736291 0.999842703 0.015438094 -1.297981620 0.005578976 -0.015487178 0.999864519 38.617588043
0.999945939 -0.007907747 -0.006750534 0.522285342 0.008019558 0.999828398 0.016700115 -1.357473254 0.006617316 -0.016753349 0.999837756 39.197483063
0.999931931 -0.009310327 -0.007035743 0.528520703 0.009428066 0.999812901 0.016890630 -1.327862501 0.006877169 -0.016955815 0.999832571 39.721595764
0.999945521 -0.007901575 -0.006820946 0.549506724 0.008016220 0.999824286 0.016947653 -1.373801708 0.006685833 -0.017001407 0.999833107 40.215694427
0.999907970 -0.011412697 -0.007332702 0.457999021 0.011549236 0.999755502 0.018856285 -1.395373344 0.007115709 -0.018939234 0.999795318 40.589385986
0.999899864 -0.011862383 -0.007701436 0.467633218 0.012003637 0.999755621 0.018561892 -1.402484298 0.007479365 -0.018652478 0.999798059 41.137622833
0.999912143 -0.011009697 -0.007382653 0.477944672 0.011142315 0.999772787 0.018169669 -1.399509907 0.007180934 -0.018250329 0.999807596 41.683704376
0.999908924 -0.011158919 -0.007596379 0.490596235 0.011302293 0.999753714 0.019100126 -1.423241019 0.007381371 -0.019184239 0.999788702 42.227802277
0.999913454 -0.010940813 -0.007313882 0.489861012 0.011078945 0.999755800 0.019120701 -1.426898241 0.007102900 -0.019200074 0.999790430 42.764396667
0.999907613 -0.011094484 -0.007858328 0.509332657 0.011247910 0.999741495 0.019756503 -1.446959257 0.007637108 -0.019843064 0.999773920 43.343208313
0.999914646 -0.010612810 -0.007627775 0.497291714 0.010765468 0.999736845 0.020259239 -1.430412292 0.007410760 -0.020339621 0.999765694 43.889190674
0.999907613 -0.011381755 -0.007425293 0.528578401 0.011532992 0.999720216 0.020653618 -1.454889059 0.007188139 -0.020737344 0.999759138 44.461517334
0.999891400 -0.012380727 -0.007998056 0.527273893 0.012545324 0.999703586 0.020868039 -1.473661661 0.007737322 -0.020966109 0.999750316 44.895359039
0.999858856 -0.014359938 -0.008713584 0.539433658 0.014550831 0.999646425 0.022254728 -1.498304605 0.008390926 -0.022378378 0.999714375 45.151576996
0.999871790 -0.013569742 -0.008497650 0.546003580 0.013750364 0.999672771 0.021570751 -1.493596077 0.008202158 -0.021684837 0.999731243 45.710468292
0.999862075 -0.014022311 -0.008898758 0.553507686 0.014218209 0.999649167 0.022346308 -1.501370430 0.008582289 -0.022469752 0.999710739 46.221897125
0.999870777 -0.013601216 -0.008570771 0.552878022 0.013788675 0.999658287 0.022206271 -1.508975029 0.008265810 -0.022321582 0.999716699 46.731506348
0.999874771 -0.013673332 -0.007961700 0.520343423 0.013843858 0.999667108 0.021772392 -1.491132498 0.007661347 -0.021879885 0.999731243 47.310153961
0.999865711 -0.014302231 -0.008003071 0.546564579 0.014477792 0.999645889 0.022326440 -1.510952234 0.007680920 -0.022439308 0.999718666 47.869922638
0.999859512 -0.014540404 -0.008335468 0.581994236 0.014730152 0.999622941 0.023173442 -1.505514860 0.007995374 -0.023292970 0.999696732 48.375419617
0.999856591 -0.014838397 -0.008160647 0.541164994 0.015022335 0.999623537 0.022960210 -1.512282014 0.007816881 -0.023079511 0.999703050 48.942462921
0.999874234 -0.013511260 -0.008305603 0.551262259 0.013706313 0.999620497 0.023894476 -1.574543118 0.007979604 -0.024005311 0.999679983 49.181770325
0.999866605 -0.014207647 -0.008064209 0.562154770 0.014397190 0.999609292 0.023954375 -1.576644421 0.007720724 -0.024067281 0.999680519 49.729995728
0.999852002 -0.015000725 -0.008426210 0.568888724 0.015195745 0.999606431 0.023578014 -1.577754021 0.008069206 -0.023702567 0.999686480 50.290596008
0.999855757 -0.014735800 -0.008450953 0.581211746 0.014927588 0.999621630 0.023099037 -1.566984177 0.008107373 -0.023221854 0.999697506 50.872375488
0.999863148 -0.014338641 -0.008249781 0.598205686 0.014534596 0.999601245 0.024204360 -1.572817087 0.007899434 -0.024320956 0.999673009 51.382732391
0.999851882 -0.014947085 -0.008533267 0.612623811 0.015145821 0.999603808 0.023720639 -1.552327633 0.008175333 -0.023846375 0.999682188 51.918792725
0.999877751 -0.013517355 -0.007848490 0.555820823 0.013710171 0.999592006 0.025056761 -1.627344370 0.007506588 -0.025161304 0.999655247 52.287364960
0.999868691 -0.014298210 -0.007617045 0.571482956 0.014484282 0.999583542 0.024960665 -1.623526692 0.007256981 -0.025067715 0.999659479 52.835472107
0.999870420 -0.014103229 -0.007755757 0.566008210 0.014295231 0.999578059 0.025284560 -1.629328132 0.007395891 -0.025392152 0.999650240 53.386882782
0.999851167 -0.015328398 -0.007918173 0.554279983 0.015529320 0.999542177 0.025969461 -1.663291335 0.007516478 -0.026088556 0.999631464 53.910537720
0.999899745 -0.012574902 -0.006493914 0.494285882 0.012735228 0.999599516 0.025267869 -1.640196085 0.006173574 -0.025348037 0.999659717 54.446647644
0.999873817 -0.013996596 -0.007512639 0.522276282 0.014183632 0.999575496 0.025448646 -1.641771674 0.007153255 -0.025551993 0.999647915 55.022037506
0.999895394 -0.012529561 -0.007213393 0.536700487 0.012715540 0.999572158 0.026341183 -1.668502212 0.006880263 -0.026430158 0.999626935 55.439819336
0.999914289 -0.011420068 -0.006408873 0.523100734 0.011587869 0.999574006 0.026786491 -1.676304698 0.006100239 -0.026858462 0.999620616 55.976661682
0.999898612 -0.012413397 -0.006971159 0.544078231 0.012587715 0.999594390 0.025544569 -1.663476110 0.006651237 -0.025629731 0.999649465 56.525051117
0.999884188 -0.013107461 -0.007723020 0.568334103 0.013305679 0.999568224 0.026199562 -1.665256262 0.007376274 -0.026299290 0.999626935 57.143260956
0.999892652 -0.012727059 -0.007251324 0.556736887 0.012911543 0.999578714 0.025989627 -1.684503436 0.006917499 -0.026080461 0.999635875 57.667671204
0.999891460 -0.012807205 -0.007283262 0.590721130 0.012989273 0.999589741 0.025525680 -1.663618922 0.006953361 -0.025617514 0.999647677 58.209793091
0.999891639 -0.013015074 -0.006879371 0.527753174 0.013200945 0.999529064 0.027701417 -1.708325028 0.006515595 -0.027789233 0.999592543 58.517990112
0.999894917 -0.012882202 -0.006650968 0.534945011 0.013060333 0.999537289 0.027472697 -1.709748745 0.006293981 -0.027556675 0.999600470 59.069877625
0.999885619 -0.013420873 -0.006969008 0.559369922 0.013608212 0.999527216 0.027568603 -1.710319281 0.006595719 -0.027660286 0.999595582 59.625316620
0.999909222 -0.011803233 -0.006494931 0.543653250 0.011976924 0.999553144 0.027387334 -1.706937432 0.006168770 -0.027462639 0.999603808 60.150234222
0.999884665 -0.013086161 -0.007704590 0.570842683 0.013289846 0.999546826 0.027007623 -1.699688911 0.007347671 -0.027106900 0.999605536 60.683990479
0.999882698 -0.013201728 -0.007761064 0.569556236 0.013416360 0.999509811 0.028286099 -1.706778765 0.007383836 -0.028386904 0.999569714 61.083587646
0.999895871 -0.012693592 -0.006870691 0.560568810 0.012885503 0.999506533 0.028648224 -1.710755706 0.006503651 -0.028733768 0.999565959 61.637107849
0.999892890 -0.012767502 -0.007145287 0.580993176 0.012965776 0.999511778 0.028427038 -1.712705612 0.006778859 -0.028516639 0.999570310 62.177043915
0.999908447 -0.011776167 -0.006662764 0.586348474 0.011966661 0.999498665 0.029312579 -1.711856246 0.006314234 -0.029389624 0.999548078 62.712112427
0.999888003 -0.013317817 -0.006826781 0.554442406 0.013508549 0.999496818 0.028698804 -1.740483761 0.006441139 -0.028787816 0.999564707 63.183277130
0.999894857 -0.012759635 -0.006878545 0.561458409 0.012953476 0.999497950 0.028913947 -1.737630963 0.006506159 -0.029000012 0.999558151 63.740047455
0.999874175 -0.014042911 -0.007366481 0.572666645 0.014249369 0.999484658 0.028765885 -1.735959649 0.006958727 -0.028867237 0.999559045 64.302604675
0.999898851 -0.012425740 -0.006919574 0.567544639 0.012622818 0.999493718 0.029205812 -1.753278136 0.006553167 -0.029290207 0.999549448 64.795547485
0.999885499 -0.013533838 -0.006768083 0.596176028 0.013721853 0.999498129 0.028551254 -1.712288141 0.006378278 -0.028640861 0.999569416 65.336975098
0.999861538 -0.014865525 -0.007474506 0.604487658 0.015076542 0.999465227 0.029016186 -1.730258226 0.007039168 -0.029124863 0.999550998 65.758224487
0.999856114 -0.015056467 -0.007812954 0.612643003 0.015270994 0.999486566 0.028166186 -1.727245092 0.007384860 -0.028281445 0.999572754 66.311225891
0.999873221 -0.014200257 -0.007200625 0.608551979 0.014400236 0.999489307 0.028526092 -1.726667762 0.006791870 -0.028626168 0.999567091 66.859779358
0.999855995 -0.015238613 -0.007460970 0.604312003 0.015447753 0.999465048 0.028825637 -1.728624701 0.007017717 -0.028936746 0.999556661 67.420478821
0.999863267 -0.014932193 -0.007108002 0.594843745 0.015133847 0.999458551 0.029215679 -1.744925737 0.006667897 -0.029319255 0.999547839 67.851119995
0.999878109 -0.014065652 -0.006772394 0.582440734 0.014254951 0.999484539 0.028765563 -1.745655298 0.006364296 -0.028858596 0.999563277 68.419349670
0.999882162 -0.013432065 -0.007440258 0.628731012 0.013640819 0.999493420 0.028755775 -1.748082995 0.007050239 -0.028853878 0.999558747 68.928436279
0.999852836 -0.015243812 -0.007869118 0.641160846 0.015463268 0.999470592 0.028624469 -1.732824683 0.007428605 -0.028741943 0.999559283 69.478500366
0.999867857 -0.014512185 -0.007328703 0.656529963 0.014718187 0.999474406 0.028884139 -1.735581160 0.006905679 -0.028988186 0.999555886 69.955650330
0.999920368 -0.011090537 -0.006010696 0.636082292 0.011266366 0.999484777 0.030054286 -1.789918661 0.005674282 -0.030119613 0.999530196 70.397727966
0.999921203 -0.011137269 -0.005788239 0.658497572 0.011308665 0.999471664 0.030474104 -1.796455383 0.005445780 -0.030537160 0.999518871 70.922615051
0.999916315 -0.011529916 -0.005869997 0.665858686 0.011696864 0.999503732 0.029248677 -1.787248850 0.005529851 -0.029314892 0.999554932 71.439231873
0.999942541 -0.009153996 -0.005566252 0.682129979 0.009314783 0.999518991 0.029581247 -1.800968409 0.005292789 -0.029631400 0.999546826 71.955863953
0.999925256 -0.010531815 -0.006207906 0.654122114 0.010706160 0.999529123 0.028754110 -1.788989544 0.005902152 -0.028818425 0.999567211 72.635688782
0.999892473 -0.012933211 -0.006917872 0.717318952 0.013131140 0.999482214 0.029374897 -1.776064873 0.006534380 -0.029462578 0.999544501 73.091598511
0.999896407 -0.013105915 -0.005945896 0.671145797 0.013279409 0.999457479 0.030143615 -1.784252167 0.005547611 -0.030219451 0.999527812 73.415596008
0.999904454 -0.012543113 -0.005805371 0.676849365 0.012711411 0.999471366 0.029923163 -1.780130625 0.005426972 -0.029994100 0.999535322 73.957786560
0.999896169 -0.012905880 -0.006398619 0.670930862 0.013094439 0.999453247 0.030359153 -1.788854599 0.006003308 -0.030439790 0.999518573 74.482742310
0.999866962 -0.014543506 -0.007376226 0.751191437 0.014762320 0.999424696 0.030532932 -1.795272112 0.006927926 -0.030637763 0.999506533 74.967514038
0.999851286 -0.015319236 -0.007915790 0.750590861 0.015548334 0.999436677 0.029740106 -1.767565250 0.007455735 -0.029858764 0.999526322 75.427764893
0.999882698 -0.013862089 -0.006507199 0.720639944 0.014052916 0.999443352 0.030258035 -1.778610229 0.006084137 -0.030345934 0.999520898 75.959426880
0.999869287 -0.014463611 -0.007231404 0.733450651 0.014678374 0.999424458 0.030584149 -1.775747538 0.006784885 -0.030686295 0.999505997 76.519241333
0.999883235 -0.013682837 -0.006799529 0.706907392 0.013883712 0.999440551 0.030429799 -1.772139788 0.006379359 -0.030520651 0.999513805 77.113800049
0.999857605 -0.015170345 -0.007389138 0.747930408 0.015382165 0.999446273 0.029507145 -1.741235256 0.006937411 -0.029616605 0.999537230 77.606048584
0.999885023 -0.013615588 -0.006669485 0.717934251 0.013815328 0.999427736 0.030878751 -1.759434223 0.006245235 -0.030967347 0.999500871 78.197189331
0.999900341 -0.012864427 -0.005810953 0.744646549 0.013033912 0.999460816 0.030136613 -1.764066219 0.005420129 -0.030209349 0.999528885 78.496276855
0.999906301 -0.012874927 -0.004649972 0.761318564 0.013013176 0.999433577 0.031037021 -1.768914461 0.004247737 -0.031094627 0.999507368 79.023986816
0.999915898 -0.012380005 -0.003829888 0.776458979 0.012492167 0.999447584 0.030797729 -1.777017832 0.003446496 -0.030842988 0.999518335 79.591033936
0.999923527 -0.012209711 -0.001943985 0.803413272 0.012263871 0.999449193 0.030837452 -1.781622410 0.001566398 -0.030858936 0.999522567 80.136528015
0.999926627 -0.012106280 -0.000261756 0.758178771 0.012108583 0.999448240 0.030928900 -1.779370546 -0.000112821 -0.030929798 0.999521554 80.623962402
0.999922693 -0.012206087 0.002384495 0.780806899 0.012126426 0.999446809 0.030969039 -1.787741661 -0.002761186 -0.030937728 0.999517500 81.172973633
0.999914825 -0.011387517 0.006370672 0.789720833 0.011182662 0.999447048 0.031316679 -1.790917635 -0.006723768 -0.031242777 0.999489129 81.729942322
0.999882579 -0.012441719 0.008938714 0.818331122 0.012170656 0.999482810 0.029764663 -1.733608723 -0.009304414 -0.029652379 0.999516964 82.316909790
0.999847114 -0.011786507 0.012915634 0.854018390 0.011386171 0.999465525 0.030643273 -1.760670424 -0.013269910 -0.030491533 0.999446929 82.729103088
0.999747276 -0.010740586 0.019750062 0.854821980 0.010122430 0.999463856 0.031136861 -1.770337105 -0.020073906 -0.030929072 0.999319971 83.309669495
0.999620736 -0.011687649 0.024936803 0.924509525 0.010910693 0.999457777 0.031068780 -1.754583597 -0.025286399 -0.030784914 0.999206126 83.823440552
0.999444604 -0.012526851 0.030877059 0.940602541 0.011571250 0.999454439 0.030935293 -1.743851900 -0.031247735 -0.030560831 0.999044299 84.390281677
0.999171376 -0.011429923 0.039063722 0.986846685 0.010237962 0.999479949 0.030578304 -1.724920511 -0.039392922 -0.030153031 0.998768687 84.922096252
0.998796403 -0.011249876 0.047741421 1.037394285 0.009749785 0.999454975 0.031538561 -1.737383366 -0.048070211 -0.031035127 0.998361707 85.453903198
0.998484313 -0.012060978 0.053699099 1.090134382 0.010417116 0.999471664 0.030787852 -1.706709862 -0.054042056 -0.030181797 0.998082519 85.934501648
0.997936487 -0.012608954 0.062958792 1.147416592 0.010717073 0.999483585 0.030297339 -1.700222254 -0.063308284 -0.029560087 0.997556150 86.483207703
0.997274041 -0.012060220 0.072794765 1.196744919 0.009891770 0.999498785 0.030075930 -1.692476273 -0.073120981 -0.029273879 0.996893406 87.058555603
0.996529222 -0.012037020 0.082368009 1.251746655 0.009625631 0.999515176 0.029610543 -1.699519157 -0.082684487 -0.028714931 0.996161938 87.598899841
0.995835066 -0.009283152 0.090698920 1.340519905 0.006511664 0.999504268 0.030805284 -1.736733675 -0.090939917 -0.030086383 0.995401800 88.071052551
0.994910061 -0.012451338 0.099993840 1.423947811 0.009409263 0.999480188 0.030836834 -1.725845337 -0.100325815 -0.029739015 0.994510055 88.574928284
0.993775487 -0.013199273 0.110616043 1.409579277 0.009690991 0.999434590 0.032193709 -1.785789728 -0.110978432 -0.030921342 0.993341684 89.177909851
0.992676318 -0.013159752 0.120086119 1.491464615 0.009330190 0.999431551 0.032396849 -1.794334650 -0.120444186 -0.031039158 0.992234766 89.711891174
0.991242707 -0.013071890 0.131403685 1.582592964 0.008876767 0.999433577 0.032460686 -1.776557446 -0.131753579 -0.031009981 0.990797400 90.264915466
0.989483893 -0.010924553 0.144229814 1.669793129 0.006270831 0.999446154 0.032681279 -1.783711433 -0.144506961 -0.031433158 0.989004374 90.823341370
0.987948537 -0.011625768 0.154345512 1.780580521 0.006599701 0.999432325 0.033036277 -1.780360937 -0.154641971 -0.031619508 0.987464428 91.387199402
0.986372948 -0.010976771 0.164157882 1.872857094 0.005619950 0.999437511 0.033061042 -1.766786337 -0.164428443 -0.031687960 0.985879838 91.966300964
0.984221041 -0.013220251 0.176448867 1.968176842 0.007524685 0.999430001 0.032909043 -1.738407373 -0.176783353 -0.031062050 0.983759522 92.449401855
0.981933892 -0.012882703 0.188785791 2.095383644 0.006774647 0.999433577 0.032964092 -1.740025997 -0.189103529 -0.031089598 0.981464863 92.979270935
0.979614675 -0.012166823 0.200517461 2.208904266 0.005759657 0.999454916 0.032505635 -1.733417273 -0.200803652 -0.030688083 0.979150653 93.534858704
0.976913452 -0.012335613 0.213279426 2.345964432 0.005365085 0.999433398 0.033230584 -1.728996038 -0.213568449 -0.031319141 0.976425946 94.112236023
0.973867774 -0.014155374 0.226674065 2.479801178 0.006808327 0.999426842 0.033161487 -1.708639383 -0.227013543 -0.030751636 0.973405957 94.550300598
0.971203804 -0.015460260 0.237747937 2.635101318 0.007878316 0.999430656 0.032807887 -1.702461481 -0.238119781 -0.029990096 0.970772684 95.096549988
0.968231082 -0.015105374 0.249600440 2.817024231 0.007064569 0.999427795 0.033079244 -1.708388090 -0.249957263 -0.030265035 0.967783749 95.606063843
0.964440405 -0.014331533 0.263911396 2.987133026 0.005732041 0.999428093 0.033326052 -1.709203720 -0.264238089 -0.030628240 0.963971019 96.172317505
0.960707128 -0.015566902 0.277127206 3.146053314 0.006587803 0.999423623 0.033302326 -1.692327976 -0.277485907 -0.030168122 0.960255921 96.771713257
0.957594812 -0.017106213 0.287609965 3.338884354 0.007873430 0.999416769 0.033227928 -1.687193871 -0.288010627 -0.029554410 0.957171082 97.289138794
0.953072667 -0.016480671 0.302292496 3.522436142 0.006608905 0.999411821 0.033650219 -1.687465191 -0.302669346 -0.030073283 0.952621102 97.837188721
0.948676109 -0.017789312 0.315748453 3.735227585 0.007559826 0.999406993 0.033592995 -1.680090904 -0.316158801 -0.029481873 0.948248088 98.361854553
0.944794536 -0.017588073 0.327190876 3.924577713 0.007062017 0.999419391 0.033331323 -1.669348001 -0.327587187 -0.029180625 0.944370210 98.885185242
0.939880729 -0.016114252 0.341122478 4.108102798 0.004929699 0.999422371 0.033629004 -1.666500568 -0.341467351 -0.029925624 0.939417124 99.418258667
0.934569299 -0.015194450 0.355456620 4.331695557 0.003495873 0.999431610 0.033530612 -1.656632900 -0.355764091 -0.030094048 0.934091210 99.943817139
0.930019021 -0.016712554 0.367131352 4.559181213 0.004737370 0.999427676 0.033495214 -1.661789894 -0.367481023 -0.029411947 0.929565787 100.438781738
0.925304294 -0.016891116 0.378848970 4.802061081 0.004410925 0.999419391 0.033786185 -1.665796280 -0.379199684 -0.029591430 0.924841523 100.947204590
0.919767916 -0.018443653 0.392029315 5.049278259 0.005346360 0.999391317 0.034474507 -1.674661636 -0.392426491 -0.029612614 0.919306517 101.410072327
0.914223194 -0.017867327 0.404816866 5.312213898 0.004178787 0.999390006 0.034672674 -1.693885326 -0.405189425 -0.030006919 0.913740158 101.933242798
0.909326911 -0.017522302 0.415713191 5.557170868 0.003299342 0.999385118 0.034907110 -1.694055319 -0.416069239 -0.030370388 0.908825576 102.414985657
0.903448284 -0.018035725 0.428317457 5.819026947 0.003374705 0.999382913 0.034964073 -1.685256481 -0.428683728 -0.030142784 0.902951658 102.938179016
0.897204578 -0.018795310 0.441215008 6.083274841 0.003549133 0.999368548 0.035354961 -1.705078363 -0.441600889 -0.030154705 0.896704674 103.376617432
0.890865684 -0.018252548 0.453899980 6.354919434 0.002872818 0.999398768 0.034550082 -1.694979906 -0.454257727 -0.029475505 0.890382528 103.904006958
0.885517359 -0.019262915 0.464206785 6.656875610 0.003802585 0.999407172 0.034218028 -1.684957027 -0.464590698 -0.028535470 0.885065675 104.390640259
0.878082931 -0.019202311 0.478122920 6.862251282 0.003180640 0.999406636 0.034296729 -1.652459145 -0.478497803 -0.028594628 0.877623022 104.800842285
