1.000000000 0.000000000 0.000000000 0.000000000 0.000000000 1.000000000 0.000000000 0.000000000 0.000000000 0.000000000 1.000000000 0.000000000
1.000000000 0.000005122 0.000130804 -0.001484033 -0.000005136 1.000000000 0.000109693 0.000253088 -0.000130804 -0.000109694 1.000000000 0.002092852
1.000000000 0.000182816 0.000154751 -0.001613789 -0.000182842 0.999999940 0.000172916 0.000497392 -0.000154719 -0.000172945 1.000000000 0.002296767
1.000000000 0.000139289 -0.000054440 0.000173135 -0.000139281 1.000000000 0.000137426 -0.000467816 0.000054459 -0.000137419 1.000000000 0.000033620
0.999999940 0.000335079 0.000203583 -0.002202434 -0.000335101 0.999999940 0.000105941 0.000276799 -0.000203547 -0.000106009 1.000000000 0.001338870
1.000000000 0.000110240 0.000049896 -0.001531984 -0.000110244 1.000000000 0.000075381 0.000347500 -0.000049888 -0.000075387 1.000000000 0.000042589
1.000000000 -0.000121208 0.000127832 -0.001195711 0.000121202 1.000000000 0.000048333 0.000374513 -0.000127838 -0.000048317 1.000000000 0.001028136
0.999999940 -0.000235086 0.000227800 -0.001910575 0.000235077 1.000000000 0.000041783 0.001611750 -0.000227809 -0.000041729 1.000000000 0.003908761
0.999999940 0.000058992 0.000251412 -0.001715839 -0.000059014 1.000000000 0.000089171 0.000925964 -0.000251407 -0.000089186 0.999999940 0.003478040
1.000000000 -0.000112172 0.000113777 -0.000552228 0.000112160 1.000000000 0.000105066 0.000464995 -0.000113788 -0.000105053 1.000000000 0.001656989
1.000000000 -0.000124400 0.000207827 -0.000371050 0.000124402 1.000000000 -0.000010443 0.001550752 -0.000207826 0.000010469 1.000000000 0.001675421
1.000000000 -0.000021521 0.000110425 -0.000883483 0.000021505 1.000000000 0.000148677 0.000334586 -0.000110428 -0.000148675 1.000000000 0.002107737
0.999999940 0.000150014 0.000278113 -0.003350500 -0.000150005 1.000000000 -0.000032712 0.002799285 -0.000278118 0.000032670 0.999999940 0.006305692
0.999999940 -0.000183603 0.000209058 -0.001715941 0.000183563 0.999999940 0.000190383 0.000410325 -0.000209093 -0.000190344 0.999999940 0.003001777
1.000000000 -0.000102929 0.000150925 -0.002084283 0.000102912 1.000000000 0.000111628 0.000721472 -0.000150936 -0.000111612 1.000000000 0.002912145
1.000000000 0.000023920 0.000240584 -0.002293892 -0.000023942 1.000000000 0.000089631 0.000320902 -0.000240581 -0.000089637 0.999999940 0.001907210
1.000000000 -0.000093709 0.000140967 -0.000753351 0.000093693 1.000000000 0.000112800 -0.000266006 -0.000140977 -0.000112787 1.000000000 -0.000148050
0.999999881 0.000178652 0.000436718 -0.003997089 -0.000178678 1.000000000 0.000058259 0.001780465 -0.000436708 -0.000058337 0.999999881 0.005032915
0.999999940 0.000120012 0.000338279 -0.003441720 -0.000120066 1.000000000 0.000157966 0.000980761 -0.000338260 -0.000158006 0.999999940 0.004641465
1.000000000 0.000141652 0.000094457 -0.001450342 -0.000141659 1.000000000 0.000072350 0.000831869 -0.000094447 -0.000072363 1.000000000 0.002898778
0.999999881 0.000313606 0.000349833 -0.003825783 -0.000313666 0.999999940 0.000171774 0.001096742 -0.000349779 -0.000171884 0.999999940 0.005404735
0.999999881 0.000369924 0.000310721 -0.003362331 -0.000369947 0.999999940 0.000072808 0.001232365 -0.000310694 -0.000072923 0.999999940 0.003657898
1.000000000 0.000024537 0.000229475 -0.002603631 -0.000024576 1.000000000 0.000172847 0.000814643 -0.000229471 -0.000172853 0.999999940 0.004087658
0.999999881 0.000233400 0.000398101 -0.002940312 -0.000233497 0.999999940 0.000244580 -0.000194737 -0.000398044 -0.000244672 0.999999881 0.003571345
0.999999940 0.000196320 0.000258925 -0.001506345 -0.000196395 0.999999940 0.000288028 -0.000935069 -0.000258869 -0.000288079 0.999999940 -0.000150738
1.000000000 -0.000004063 0.000216535 -0.002098589 0.000004051 1.000000000 0.000055245 0.001722178 -0.000216535 -0.000055244 1.000000000 0.003815841
1.000000000 -0.000011824 0.000198203 -0.001318618 0.000011813 1.000000000 0.000058507 0.000423388 -0.000198204 -0.000058504 1.000000000 0.000266123
0.999999940 0.000111700 0.000245823 -0.002736254 -0.000111693 1.000000000 -0.000029047 0.002170925 -0.000245826 0.000029020 0.999999940 0.004737278
0.999999940 0.000147234 0.000282157 -0.004578447 -0.000147217 1.000000000 -0.000060129 0.003814175 -0.000282165 0.000060088 0.999999940 0.007786077
1.000000000 -0.000098740 0.000140542 -0.002479650 0.000098727 1.000000000 0.000091360 0.002005222 -0.000140551 -0.000091346 1.000000000 0.004898876
0.999999940 0.000021550 0.000265197 -0.002853166 -0.000021590 1.000000000 0.000150857 -0.000231200 -0.000265194 -0.000150862 0.999999940 0.002425086
1.000000000 -0.000018157 0.000230728 -0.002098584 0.000018115 1.000000000 0.000183910 0.000757569 -0.000230732 -0.000183906 0.999999940 0.003289687
0.999999940 0.000051624 0.000294690 -0.002639801 -0.000051639 1.000000000 0.000049790 0.001713066 -0.000294688 -0.000049805 0.999999940 0.004124948
0.999999940 0.000047700 0.000390215 -0.002788045 -0.000047709 1.000000000 0.000022424 0.002108130 -0.000390214 -0.000022443 0.999999940 0.004431315
0.999999940 -0.000063844 0.000240299 -0.001925294 0.000063831 1.000000000 0.000055871 0.001360432 -0.000240303 -0.000055856 0.999999940 0.003658842
0.999999940 0.000181518 0.000278688 -0.001456777 -0.000181558 1.000000000 0.000145209 0.000541769 -0.000278662 -0.000145259 0.999999940 0.000939611
1.000000000 0.000095244 0.000212534 -0.002524726 -0.000095248 1.000000000 0.000016074 0.003045963 -0.000212532 -0.000016094 1.000000000 0.005306249
0.999999940 -0.000014400 0.000300104 -0.003763424 0.000014365 1.000000000 0.000114941 0.002402681 -0.000300106 -0.000114937 0.999999940 0.007500240
1.000000000 -0.000009306 0.000213049 -0.002888243 0.000009262 1.000000000 0.000203748 0.001453612 -0.000213051 -0.000203746 0.999999940 0.005521126
1.000000000 -0.000150857 0.000185431 -0.000591052 0.000150830 1.000000000 0.000149813 0.000680258 -0.000185454 -0.000149785 1.000000000 0.001962402
0.999999881 -0.000326509 0.000326055 -0.000656783 0.000326500 0.999999940 0.000028179 0.001004400 -0.000326064 -0.000028073 0.999999940 0.002241504
0.999999881 -0.000424720 0.000228021 0.001504370 0.000424856 0.999999702 -0.000597111 -0.001245149 -0.000227767 0.000597208 0.999999821 0.051655751
0.999999940 0.000152008 0.000283207 -0.001323355 -0.000151697 0.999999404 -0.001097478 -0.004914200 -0.000283373 0.001097434 0.999999344 0.136409283
1.000000000 0.000163309 0.000096456 0.002102416 -0.000163163 0.999998868 -0.001514163 -0.004525628 -0.000096703 0.001514147 0.999998868 0.254633158
1.000000000 0.000003166 -0.000220338 0.006969034 -0.000003429 0.999999285 -0.001193267 -0.011441373 0.000220334 0.001193268 0.999999285 0.385221779
0.999999940 0.000349534 -0.000196514 0.010895947 -0.000349772 0.999999344 -0.001213002 -0.019093985 0.000196090 0.001213071 0.999999225 0.517636597
1.000000000 0.000180028 -0.000269519 0.016151581 -0.000180324 0.999999344 -0.001099790 -0.026732389 0.000269321 0.001099838 0.999999344 0.665205717
0.999999881 0.000453106 -0.000252122 0.018628595 -0.000453325 0.999999464 -0.000866673 -0.029155254 0.000251729 0.000866787 0.999999523 0.829155684
0.999999940 0.000279348 -0.000290245 0.023863792 -0.000279548 0.999999762 -0.000687097 -0.036563661 0.000290053 0.000687178 0.999999702 0.996567190
0.999999881 0.000489186 -0.000226961 0.026500981 -0.000489336 0.999999702 -0.000660295 -0.040428665 0.000226638 0.000660406 0.999999762 1.173234344
0.999999940 0.000289716 -0.000315441 0.028127385 -0.000289948 0.999999702 -0.000734682 -0.040562380 0.000315228 0.000734773 0.999999702 1.364420533
0.999999881 0.000392895 -0.000229327 0.033254188 -0.000393051 0.999999702 -0.000678439 -0.047116611 0.000229060 0.000678529 0.999999762 1.563340425
0.999999642 0.000855684 -0.000291540 0.039570324 -0.000855809 0.999999583 -0.000426670 -0.052526895 0.000291175 0.000426919 0.999999940 1.756116271
0.999999523 0.000605193 -0.000712742 0.047696751 -0.000605395 0.999999762 -0.000283715 -0.059838038 0.000712570 0.000284146 0.999999762 1.958075047
0.999999940 0.000295424 -0.000298079 0.050014313 -0.000295456 1.000000000 -0.000106892 -0.068000197 0.000298048 0.000106980 1.000000000 2.164928675
0.999999642 0.000794898 -0.000244256 0.050701793 -0.000794928 0.999999642 -0.000123459 -0.073026866 0.000244158 0.000123653 0.999999881 2.386057377
0.999999762 0.000656942 -0.000363090 0.059753995 -0.000657084 0.999999762 -0.000392054 -0.075129315 0.000362833 0.000392293 0.999999881 2.606667757
0.999999702 0.000748224 -0.000289911 0.061875232 -0.000748252 0.999999762 -0.000094303 -0.084898360 0.000289840 0.000094520 0.999999940 2.828960657
0.999999642 0.000393059 -0.000720956 0.074541390 -0.000393220 0.999999940 -0.000223382 -0.093706138 0.000720868 0.000223665 0.999999702 3.067786217
0.999999702 0.000318090 -0.000595596 0.076824330 -0.000318438 0.999999762 -0.000584213 -0.097607709 0.000595410 0.000584403 0.999999642 3.320885897
0.999999404 0.000461218 -0.000944092 0.087809660 -0.000461460 0.999999881 -0.000255206 -0.109873526 0.000943974 0.000255642 0.999999523 3.562035561
0.999999642 0.000377486 -0.000811847 0.089256145 -0.000377911 0.999999821 -0.000523142 -0.111561567 0.000811650 0.000523449 0.999999464 3.820585966
0.999999702 0.000420665 -0.000505702 0.088688865 -0.000421176 0.999999344 -0.001010237 -0.116181105 0.000505276 0.001010450 0.999999404 4.077482224
0.999999642 0.000553385 -0.000665080 0.092757478 -0.000553197 0.999999821 0.000283741 -0.133660883 0.000665237 -0.000283373 0.999999702 4.325156212
0.999999702 0.000614609 -0.000491148 0.098348029 -0.000614753 0.999999821 -0.000294182 -0.137194678 0.000490967 0.000294484 0.999999821 4.584569931
0.999999702 0.000581585 -0.000616747 0.107745089 -0.000581468 0.999999821 0.000190687 -0.147177234 0.000616858 -0.000190328 0.999999821 4.836099148
0.999999583 0.000582553 -0.000735975 0.112750590 -0.000582481 0.999999821 0.000097127 -0.147677734 0.000736031 -0.000096698 0.999999762 5.111377716
0.999999642 0.000825417 -0.000278716 0.107220396 -0.000825421 0.999999642 -0.000014471 -0.162546635 0.000278704 0.000014701 0.999999881 5.377120972
0.999999940 0.000530382 0.000046874 0.110787556 -0.000530366 0.999999821 -0.000345754 -0.165532768 -0.000047058 0.000345729 0.999999821 5.648004055
0.999999821 0.000775650 -0.000335473 0.118374825 -0.000775663 0.999999702 -0.000040725 -0.175379232 0.000335441 0.000040985 0.999999940 5.918826580
0.999999642 0.000448391 -0.000759344 0.133024365 -0.000448037 0.999999762 0.000467287 -0.189583048 0.000759553 -0.000466947 0.999999583 6.186090469
0.999999762 0.000616186 -0.000400586 0.128875971 -0.000616080 0.999999762 0.000263668 -0.192142949 0.000400748 -0.000263421 0.999999821 6.463148594
0.999999344 0.001121956 0.000163999 0.130295411 -0.001121945 0.999999344 -0.000068846 -0.206489131 -0.000164077 0.000068662 1.000000000 6.767045498
0.999998748 0.001480961 0.000457882 0.134213358 -0.001481021 0.999998808 0.000130660 -0.216842547 -0.000457688 -0.000131338 0.999999881 7.065844536
0.999999583 0.000839840 0.000150860 0.140577793 -0.000839795 0.999999583 -0.000293592 -0.217443749 -0.000151107 0.000293465 0.999999940 7.373192310
0.999999523 0.000787588 0.000406380 0.148728266 -0.000787403 0.999999583 -0.000452653 -0.227885440 -0.000406737 0.000452333 0.999999821 7.673648357
0.999999225 0.001137261 -0.000328791 0.166231066 -0.001137194 0.999999344 0.000201481 -0.247228161 0.000329020 -0.000201107 0.999999940 7.985364914
0.999999046 0.001285716 0.000350887 0.161334649 -0.001286004 0.999998808 0.000823698 -0.264062017 -0.000349827 -0.000824149 0.999999523 8.311556816
0.999999285 0.000925396 0.000696099 0.166446075 -0.000925745 0.999999404 0.000501703 -0.274840295 -0.000695634 -0.000502347 0.999999583 8.626551628
0.999998987 0.001265069 0.000642021 0.169103131 -0.001265595 0.999998868 0.000819668 -0.280402899 -0.000640983 -0.000820479 0.999999464 8.975440025
0.999999285 0.001018180 0.000531851 0.178178072 -0.001018772 0.999998868 0.001114060 -0.297068179 -0.000530716 -0.001114601 0.999999225 9.309240341
0.999999046 0.001214021 0.000508070 0.185811207 -0.001214599 0.999998629 0.001138088 -0.307596177 -0.000506688 -0.001138704 0.999999225 9.667896271
0.999999106 0.001257986 0.000325447 0.196994826 -0.001258346 0.999998629 0.001110976 -0.317293674 -0.000324048 -0.001111385 0.999999344 10.011809349
0.999999464 0.000944017 0.000379611 0.203904480 -0.000944288 0.999999344 0.000713068 -0.325148165 -0.000378937 -0.000713426 0.999999642 10.371365547
0.999998629 0.001501622 0.000611156 0.208064914 -0.001502406 0.999998033 0.001285080 -0.341065079 -0.000609225 -0.001285996 0.999998987 10.734274864
0.999997437 0.002025770 0.001016291 0.208980590 -0.002027089 0.999997139 0.001297888 -0.348696887 -0.001013659 -0.001299945 0.999998689 11.108599663
0.999998093 0.001734071 0.000924597 0.218685195 -0.001735180 0.999997795 0.001199755 -0.361561090 -0.000922515 -0.001201357 0.999998868 11.493469238
0.999998748 0.001436528 0.000735160 0.231955186 -0.001437254 0.999998510 0.000987955 -0.370017529 -0.000733740 -0.000989010 0.999999225 11.871210098
0.999998093 0.001513591 0.001215710 0.235528633 -0.001515113 0.999998033 0.001251755 -0.383711040 -0.001213813 -0.001253595 0.999998450 12.252174377
0.999998331 0.001371972 0.001204961 0.245906398 -0.001373577 0.999998212 0.001332756 -0.395130247 -0.001203130 -0.001334409 0.999998391 12.645933151
0.999997914 0.001594112 0.001272885 0.245174274 -0.001595999 0.999997735 0.001482519 -0.406876236 -0.001270519 -0.001484548 0.999998033 13.038123131
0.999997497 0.001812132 0.001317001 0.250130862 -0.001813541 0.999997735 0.001069744 -0.415549755 -0.001315059 -0.001072130 0.999998510 13.449298859
0.999997258 0.002084765 0.001117247 0.261045039 -0.002086025 0.999997258 0.001127193 -0.427164912 -0.001114894 -0.001129520 0.999998689 13.855974197
0.999995053 0.002161200 0.002249848 0.262047589 -0.002163564 0.999997079 0.001049096 -0.432643741 -0.002247574 -0.001053959 0.999996901 14.287127495
0.999996603 0.001575361 0.002082361 0.276974857 -0.001578231 0.999997795 0.001377128 -0.449615419 -0.002080187 -0.001380410 0.999996901 14.706085205
0.999995589 0.001646919 0.002449952 0.283684552 -0.001650876 0.999997318 0.001614242 -0.459773868 -0.002447287 -0.001618279 0.999995768 15.129802704
0.999995828 0.001380285 0.002504792 0.303290069 -0.001385468 0.999996901 0.002068487 -0.481071830 -0.002501929 -0.002071949 0.999994695 15.558682442
0.999994516 0.001407494 0.002977553 0.310408741 -0.001411874 0.999997914 0.001469387 -0.487244785 -0.002975479 -0.001473583 0.999994516 16.007030487
0.999994278 0.000957493 0.003258027 0.323434711 -0.000961548 0.999998868 0.001243353 -0.494941115 -0.003256832 -0.001246479 0.999993980 16.454069138
0.999991417 0.001847184 0.003710309 0.327569395 -0.001852019 0.999997377 0.001300064 -0.506583393 -0.003707897 -0.001306924 0.999992192 16.895282745
0.999990165 0.002011681 0.003950773 0.337213933 -0.002017253 0.999996901 0.001406819 -0.520086050 -0.003947930 -0.001414775 0.999991179 17.354909897
0.999985814 0.002296277 0.004803612 0.344222724 -0.002304775 0.999995768 0.001764366 -0.531647444 -0.004799541 -0.001775412 0.999986887 17.808073044
0.999987364 0.001816129 0.004686698 0.361030817 -0.001822266 0.999997497 0.001305645 -0.544041038 -0.004684315 -0.001314169 0.999988139 18.272340775
0.999987245 0.001767782 0.004730292 0.369653404 -0.001777176 0.999996483 0.001982592 -0.559837699 -0.004726770 -0.001990973 0.999986768 18.735635757
0.999985754 0.002179282 0.004867281 0.381030083 -0.002188195 0.999996006 0.001826785 -0.570142269 -0.004863279 -0.001837410 0.999986410 19.211488724
0.999986649 0.001420643 0.004961424 0.401757032 -0.001430599 0.999996960 0.002003869 -0.581728280 -0.004958562 -0.002010940 0.999985695 19.690826416
0.999988675 0.001533131 0.004503869 0.411911488 -0.001542413 0.999996722 0.002058207 -0.597417295 -0.004500699 -0.002065131 0.999987662 20.161544800
0.999982238 0.002077818 0.005590759 0.401478916 -0.002092391 0.999994397 0.002602039 -0.626196504 -0.005585322 -0.002613691 0.999980986 20.688653946
0.999981701 0.002584194 0.005468083 0.410517067 -0.002595467 0.999994457 0.002055433 -0.631086051 -0.005462741 -0.002069588 0.999982953 21.184839249
0.999985158 0.002645753 0.004770340 0.421564788 -0.002655435 0.999994338 0.002024542 -0.641434789 -0.004764956 -0.002037179 0.999986589 21.700708389
0.999985933 0.002306805 0.004785226 0.420565516 -0.002321087 0.999992847 0.002981204 -0.672109127 -0.004778315 -0.002992269 0.999984086 22.186269760
0.999988854 0.002728377 0.003848293 0.435963392 -0.002740072 0.999991775 0.003036685 -0.683307111 -0.003839975 -0.003047196 0.999987960 22.708227158
0.999993086 0.002380088 0.002843829 0.447973341 -0.002388642 0.999992669 0.003008191 -0.698512435 -0.002836648 -0.003014964 0.999991417 23.231817245
0.999994457 0.002481070 0.002193477 0.460852683 -0.002487226 0.999993026 0.002808012 -0.713313460 -0.002186495 -0.002813452 0.999993622 23.768466949
0.999996781 0.001583625 0.001989877 0.468312025 -0.001588690 0.999995470 0.002546272 -0.731809735 -0.001985835 -0.002549425 0.999994695 24.287847519
0.999992788 0.003105692 0.002213981 0.472166985 -0.003111103 0.999992132 0.002444768 -0.740213931 -0.002206370 -0.002451638 0.999994516 24.828067780
0.999994099 0.003287791 0.000907818 0.488459200 -0.003290582 0.999989808 0.003090258 -0.762120426 -0.000897649 -0.003093228 0.999994814 25.364610672
0.999994159 0.003351826 0.000587018 0.496828616 -0.003353554 0.999989927 0.002966311 -0.774944484 -0.000577069 -0.002968262 0.999995410 25.900882721
0.999996245 0.002719815 0.000205306 0.514453828 -0.002720444 0.999991357 0.003129969 -0.790150583 -0.000196792 -0.003130516 0.999995112 26.446563721
0.999996364 0.002655020 -0.000504589 0.514369726 -0.002653364 0.999991119 0.003254878 -0.798775673 0.000513227 -0.003253527 0.999994576 27.013841629
0.999996662 0.002496701 -0.000681306 0.522797823 -0.002494461 0.999991536 0.003268647 -0.812203288 0.000689461 -0.003266937 0.999994397 27.568088531
0.999992430 0.003800944 -0.000833845 0.526802719 -0.003798863 0.999989629 0.002483116 -0.823774993 0.000843275 -0.002479930 0.999996543 28.141260147
0.999993324 0.003398591 -0.001322266 0.538008153 -0.003393478 0.999986827 0.003850597 -0.851762474 0.001335335 -0.003846085 0.999991715 28.639959335
0.999992788 0.003574267 -0.001273665 0.544071436 -0.003569719 0.999987304 0.003555507 -0.861906886 0.001286357 -0.003550935 0.999992847 29.187131882
0.999991417 0.003819601 -0.001586970 0.547532022 -0.003813069 0.999984324 0.004099393 -0.879780352 0.001602603 -0.004093306 0.999990344 29.741950989
0.999992192 0.003588519 -0.001609275 0.551414013 -0.003582350 0.999986231 0.003820222 -0.889458835 0.001622961 -0.003814427 0.999991417 30.280277252
0.999990463 0.003999633 -0.001716103 0.569433033 -0.003993026 0.999984622 0.003836342 -0.906040907 0.001731421 -0.003829453 0.999991179 30.823917389
0.999990344 0.003720544 -0.002350037 0.576409400 -0.003711792 0.999986112 0.003717460 -0.916026413 0.002363836 -0.003708701 0.999990344 31.368164062
0.999989390 0.003990067 -0.002290004 0.583968163 -0.003981458 0.999985039 0.003751572 -0.929449081 0.002304939 -0.003742415 0.999990344 31.922828674
0.999989092 0.004127734 -0.002152905 0.590142965 -0.004119703 0.999984503 0.003721807 -0.941002131 0.002168234 -0.003712898 0.999990761 32.468551636
0.999988317 0.004209151 -0.002382335 0.594861031 -0.004200380 0.999984443 0.003674679 -0.949584544 0.002397766 -0.003664631 0.999990404 33.007678986
0.999984384 0.004607564 -0.003170448 0.609143972 -0.004594425 0.999980927 0.004139158 -0.972851515 0.003189459 -0.004124526 0.999986470 33.536464691
0.999987423 0.004089631 -0.002882520 0.614189506 -0.004079534 0.999985576 0.003499476 -0.974441469 0.002896789 -0.003487672 0.999989748 34.101989746
0.999987245 0.003908611 -0.003195951 0.625034153 -0.003895544 0.999984086 0.004084791 -0.994278908 0.003211866 -0.004072289 0.999986529 34.641265869
0.999987185 0.004430548 -0.002443543 0.623700142 -0.004421809 0.999983847 0.003570186 -0.998498797 0.002459321 -0.003559335 0.999990642 35.200828552
0.999985337 0.004178154 -0.003451248 0.643811047 -0.004164906 0.999983966 0.003836926 -1.016949177 0.003467224 -0.003822496 0.999986708 35.727767944
0.999985397 0.004401058 -0.003142683 0.648327291 -0.004390068 0.999984264 0.003495668 -1.027273297 0.003158018 -0.003481820 0.999989033 36.281158447
0.999983132 0.004489653 -0.003680410 0.663617134 -0.004477123 0.999984145 0.003405915 -1.041190505 0.003695643 -0.003389380 0.999987423 36.837314606
0.999985158 0.003938798 -0.003748172 0.674377859 -0.003926785 0.999987125 0.003207091 -1.051821351 0.003760756 -0.003192325 0.999987781 37.387321472
0.999982834 0.004425612 -0.003839174 0.677845538 -0.004412433 0.999984384 0.003434569 -1.070199966 0.003854314 -0.003417570 0.999986649 37.934822083
0.999983251 0.004177430 -0.003991287 0.690068960 -0.004164114 0.999985754 0.003338777 -1.081288218 0.004005178 -0.003322101 0.999986470 38.476650238
0.999983013 0.004605557 -0.003595076 0.694902182 -0.004592588 0.999982953 0.003607633 -1.100107312 0.003611630 -0.003591060 0.999986947 39.019817352
0.999979675 0.004466378 -0.004550843 0.708928287 -0.004451795 0.999984860 0.003209763 -1.105614066 0.004565110 -0.003189438 0.999984443 39.574691772
0.999976456 0.004363045 -0.005297474 0.732167006 -0.004340983 0.999981880 0.004168995 -1.128165960 0.005315567 -0.004145901 0.999977291 40.102340698
0.999980748 0.004428230 -0.004339313 0.735715926 -0.004413149 0.999984205 0.003478824 -1.135612130 0.004354649 -0.003459607 0.999984562 40.656311035
0.999979138 0.004516928 -0.004598246 0.731736779 -0.004501135 0.999983966 0.003438957 -1.145426393 0.004613707 -0.003418188 0.999983490 41.220146179
0.999974787 0.005255015 -0.004772395 0.743504345 -0.005240933 0.999981940 0.002958390 -1.149718404 0.004787856 -0.002933304 0.999984145 41.766815186
0.999979019 0.004544298 -0.004616196 0.755990386 -0.004528380 0.999983788 0.003453016 -1.174719572 0.004631812 -0.003432039 0.999983370 42.292053223
0.999976635 0.004560997 -0.005088200 0.753740549 -0.004542496 0.999983013 0.003641953 -1.187008023 0.005104725 -0.003618755 0.999980450 42.874938965
0.999973536 0.004660788 -0.005588162 0.768929958 -0.004638491 0.999981225 0.003996491 -1.207781196 0.005606684 -0.003970464 0.999976516 43.401908875
0.999971330 0.004770071 -0.005867439 0.784588814 -0.004746769 0.999980807 0.003978960 -1.220226288 0.005886307 -0.003950995 0.999974906 43.957508087
0.999976575 0.004533306 -0.005132422 0.774619997 -0.004512161 0.999981344 0.004124144 -1.232901573 0.005151023 -0.004100889 0.999978244 44.513687134
0.999972999 0.005183008 -0.005218012 0.785235286 -0.005163937 0.999980032 0.003661637 -1.237255931 0.005236886 -0.003634593 0.999979615 45.068195343
0.999977589 0.005132501 -0.004295143 0.792093694 -0.005116743 0.999980092 0.003671797 -1.246387005 0.004313904 -0.003649737 0.999984026 45.603904724
0.999975264 0.004780429 -0.005152407 0.797091067 -0.004759875 0.999980688 0.003994299 -1.271930933 0.005171401 -0.003969675 0.999978721 46.155666351
0.999975383 0.004498214 -0.005385071 0.811526537 -0.004478861 0.999983430 0.003600481 -1.282085896 0.005401177 -0.003576274 0.999979019 46.697826385
0.999975801 0.005175373 -0.004651180 0.813446879 -0.005160426 0.999981523 0.003220084 -1.290559292 0.004667759 -0.003196004 0.999983966 47.238277435
0.999977410 0.004069541 -0.005347858 0.812207937 -0.004049247 0.999984562 0.003800099 -1.305797577 0.005363240 -0.003778358 0.999978483 47.804836273
0.999975741 0.004897279 -0.004944438 0.813543916 -0.004878719 0.999981105 0.003758780 -1.316619158 0.004962753 -0.003734567 0.999980748 48.364273071
0.999977410 0.004290878 -0.005169657 0.832434297 -0.004271956 0.999984145 0.003665751 -1.325522184 0.005185304 -0.003643583 0.999979973 48.916992188
0.999976873 0.003937294 -0.005539115 0.837612867 -0.003915114 0.999984324 0.004009411 -1.348281622 0.005554814 -0.003987632 0.999976635 49.453723907
0.999977052 0.003914278 -0.005533001 0.848287284 -0.003893985 0.999985754 0.003673563 -1.358218908 0.005547300 -0.003651933 0.999977946 50.000133514
0.999977589 0.003899099 -0.005438275 0.848992229 -0.003877134 0.999984264 0.004043572 -1.373403668 0.005453955 -0.004022396 0.999977052 50.548057556
0.999978006 0.003920803 -0.005340879 0.855455458 -0.003903688 0.999987185 0.003211315 -1.381851792 0.005353402 -0.003190395 0.999980569 51.088047028
0.999978781 0.003920096 -0.005207550 0.863052249 -0.003901493 0.999985993 0.003577380 -1.399087429 0.005221501 -0.003556987 0.999980032 51.644813538
0.999977887 0.003884220 -0.005401016 0.870518923 -0.003865628 0.999986529 0.003448602 -1.407678723 0.005414339 -0.003427647 0.999979496 52.190132141
0.999977410 0.004036438 -0.005363780 0.878181875 -0.004016373 0.999984920 0.003746475 -1.427316546 0.005378821 -0.003724848 0.999978602 52.741844177
0.999979496 0.003802086 -0.005152119 0.881204188 -0.003783416 0.999986231 0.003628780 -1.435228348 0.005165845 -0.003609213 0.999980152 53.293270111
0.999980628 0.003742747 -0.004995853 0.888202429 -0.003724332 0.999986231 0.003690374 -1.451526284 0.005009597 -0.003671696 0.999980628 53.836231232
0.999978244 0.004626633 -0.004707637 0.895510554 -0.004607567 0.999981105 0.004052777 -1.469193459 0.004726299 -0.004030998 0.999980628 54.375247955
0.999980927 0.003273333 -0.005222470 0.906706691 -0.003256238 0.999989331 0.003278915 -1.478880644 0.005233147 -0.003261847 0.999980986 54.913097382
0.999980330 0.003512548 -0.005177871 0.906972408 -0.003496755 0.999989212 0.003056022 -1.491298318 0.005188550 -0.003037856 0.999981880 55.469749451
0.999980509 0.003607441 -0.005082570 0.918432236 -0.003592121 0.999988914 0.003020002 -1.498282313 0.005093408 -0.003001686 0.999982536 56.010307312
0.999978900 0.003478369 -0.005475356 0.927478671 -0.003462074 0.999989569 0.002982864 -1.509235501 0.005485674 -0.002963845 0.999980509 56.551719666
0.999980569 0.003456587 -0.005192047 0.946316719 -0.003438160 0.999987721 0.003553894 -1.535826087 0.005204268 -0.003535974 0.999980152 57.082180023
0.999977469 0.003643691 -0.005637908 0.956852973 -0.003625820 0.999988377 0.003176822 -1.537736297 0.005649419 -0.003156309 0.999979079 57.647315979
0.999979794 0.003452505 -0.005343324 0.960757017 -0.003436340 0.999989510 0.003031610 -1.555354595 0.005353734 -0.003013187 0.999981225 58.195545197
0.999980330 0.003300980 -0.005335610 0.968536019 -0.003286652 0.999991000 0.002691936 -1.564021707 0.005344449 -0.002674347 0.999982178 58.740055084
0.999977589 0.003769187 -0.005532349 0.972473979 -0.003758596 0.999991000 0.001923688 -1.562620878 0.005539552 -0.001902850 0.999982834 59.289886475
0.999979317 0.003259291 -0.005545591 0.983208895 -0.003249894 0.999993205 0.001702639 -1.577086210 0.005551103 -0.001684580 0.999983191 59.834770203
0.999978006 0.003618032 -0.005557394 0.983433008 -0.003609270 0.999992251 0.001586005 -1.581905007 0.005563090 -0.001565911 0.999983311 60.386421204
0.999975979 0.003844386 -0.005755556 0.991975188 -0.003833628 0.999990821 0.001878994 -1.598545432 0.005762727 -0.001856884 0.999981761 60.931644440
0.999975264 0.004019641 -0.005773310 0.998075247 -0.004010438 0.999990642 0.001604732 -1.607786059 0.005779706 -0.001581539 0.999982059 61.466716766
0.999972582 0.003932753 -0.006277877 1.015334845 -0.003920925 0.999990523 0.001895128 -1.628602624 0.006285271 -0.001870461 0.999978542 62.001121521
0.999974549 0.003469218 -0.006233439 1.022296906 -0.003462482 0.999993384 0.001091174 -1.629876614 0.006237183 -0.001069564 0.999979973 62.552124023
0.999975801 0.004144721 -0.005595688 1.027784586 -0.004136845 0.999990404 0.001418042 -1.648935676 0.005601511 -0.001394859 0.999983370 63.098350525
0.999976218 0.003796945 -0.005749234 1.018555880 -0.003788331 0.999991596 0.001508580 -1.662819743 0.005754915 -0.001486764 0.999982297 63.640727997
0.999977112 0.004076654 -0.005394700 1.027543187 -0.004069031 0.999990702 0.001423109 -1.683852315 0.005400451 -0.001401126 0.999984443 64.187942505
0.999978364 0.004216859 -0.005030456 1.030267596 -0.004211205 0.999990523 0.001134153 -1.695455551 0.005035190 -0.001112944 0.999986708 64.737075806
0.999974072 0.004335364 -0.005732998 1.044470191 -0.004327757 0.999989688 0.001338794 -1.708031058 0.005738743 -0.001313949 0.999982655 65.257934570
0.999976993 0.004548947 -0.005025899 1.040194035 -0.004544613 0.999989390 0.000873492 -1.716867447 0.005029818 -0.000850631 0.999987006 65.791801453
0.999979496 0.003997734 -0.005028476 1.054021955 -0.003990282 0.999990940 0.001491203 -1.734957457 0.005034393 -0.001471107 0.999986231 66.371406555
0.999981880 0.003875263 -0.004616334 1.057565331 -0.003872283 0.999992251 0.000654344 -1.738702774 0.004618833 -0.000636457 0.999989092 66.928955078
0.999977410 0.004671746 -0.004824387 1.061802626 -0.004665714 0.999988317 0.001260774 -1.761342049 0.004830219 -0.001238237 0.999987483 67.466461182
0.999978602 0.004639837 -0.004590785 1.064642787 -0.004634261 0.999988496 0.001224341 -1.774235606 0.004596412 -0.001203040 0.999988675 68.012916565
0.999973655 0.005502450 -0.004737598 1.073605061 -0.005494265 0.999983370 0.001738902 -1.798326373 0.004747087 -0.001712827 0.999987245 68.539283752
0.999977291 0.004375627 -0.005116627 1.091875911 -0.004367440 0.999989152 0.001610021 -1.813392639 0.005123618 -0.001587638 0.999985635 69.083030701
0.999975264 0.004484571 -0.005415038 1.104211330 -0.004476805 0.999988914 0.001445425 -1.819267869 0.005421461 -0.001421147 0.999984384 69.632713318
0.999978662 0.004686350 -0.004548166 1.090430737 -0.004681759 0.999988496 0.001019478 -1.826633573 0.004552892 -0.000998163 0.999989092 70.156394958
0.999977410 0.005228159 -0.004210053 1.092656374 -0.005224322 0.999985933 0.000921504 -1.836604118 0.004214812 -0.000899488 0.999990702 70.714576721
0.999977231 0.004725694 -0.004819215 1.109690189 -0.004720109 0.999988079 0.001169785 -1.854843616 0.004824687 -0.001147011 0.999987721 71.244247437
0.999966919 0.005856078 -0.005635191 1.132968068 -0.005850823 0.999982417 0.000948471 -1.878219485 0.005640646 -0.000915469 0.999983668 71.769607544
0.999968350 0.005628334 -0.005619107 1.142516375 -0.005623371 0.999983728 0.000898824 -1.894110322 0.005624076 -0.000867198 0.999983788 72.318992615
0.999968052 0.006045128 -0.005227136 1.131890655 -0.006041836 0.999981642 0.000645092 -1.905033946 0.005230939 -0.000613490 0.999986053 72.854446411
0.999968648 0.005994875 -0.005176238 1.142993450 -0.005990619 0.999981642 0.000837470 -1.921159148 0.005181163 -0.000806435 0.999986172 73.392379761
0.999966741 0.006311834 -0.005164874 1.145699382 -0.006309432 0.999979913 0.000481210 -1.930347800 0.005167807 -0.000448607 0.999986529 73.936996460
0.999969065 0.005806292 -0.005297253 1.157040596 -0.005801339 0.999982655 0.000949983 -1.949375391 0.005302678 -0.000919222 0.999985516 74.459220886
0.999966145 0.005624108 -0.005993200 1.178994775 -0.005613910 0.999982774 0.001716856 -1.975467682 0.006002751 -0.001683153 0.999980509 74.990745544
0.999968410 0.005615775 -0.005613864 1.178613186 -0.005604986 0.999982476 0.001935845 -1.991229177 0.005624637 -0.001904318 0.999982357 75.537834167
0.999969900 0.005055296 -0.005883525 1.198612690 -0.005042790 0.999984980 0.002138523 -2.016058445 0.005894247 -0.002108789 0.999980390 76.044075012
0.999966323 0.005207842 -0.006336714 1.205845833 -0.005194753 0.999984324 0.002080173 -2.024443150 0.006347448 -0.002047185 0.999977708 76.603919983
0.999972463 0.004834401 -0.005633042 1.201609969 -0.004825482 0.999987066 0.001595868 -2.031501770 0.005640685 -0.001568642 0.999982834 77.136924744
0.999972045 0.005440565 -0.005137413 1.204576850 -0.005435114 0.999984622 0.001074242 -2.037256718 0.005143178 -0.001046290 0.999986231 77.697807312
0.999971390 0.004793735 -0.005837691 1.220744014 -0.004782293 0.999986649 0.001972200 -2.066431999 0.005847068 -0.001944226 0.999980986 78.193763733
0.999974906 0.004661351 -0.005318182 1.228851318 -0.004655642 0.999988616 0.001085131 -2.073704720 0.005323180 -0.001060345 0.999985218 78.749572754
0.999970019 0.005001430 -0.005907438 1.236102700 -0.004990084 0.999985695 0.001933880 -2.098030806 0.005917025 -0.001904343 0.999980628 79.272880554
0.999969184 0.005191396 -0.005876773 1.243357182 -0.005181185 0.999984980 0.001751479 -2.114617825 0.005885776 -0.001720976 0.999981225 79.825668335
0.999968290 0.005061279 -0.006152980 1.257992148 -0.005051626 0.999985993 0.001583230 -2.124829769 0.006160907 -0.001552098 0.999979794 80.356727600
0.999976575 0.004990818 -0.004687077 1.261460185 -0.004982791 0.999986112 0.001722428 -2.138556957 0.004695607 -0.001699033 0.999987483 80.908683777
0.999980509 0.005296539 -0.003307753 1.268568516 -0.005291390 0.999984741 0.001563229 -2.152089357 0.003315981 -0.001545696 0.999993265 81.453140259
0.999982953 0.005142045 -0.002747927 1.288280368 -0.005136416 0.999984682 0.002051802 -2.176876545 0.002758435 -0.002037653 0.999994099 81.988037109
0.999986172 0.005099403 -0.001303461 1.298435330 -0.005097250 0.999985635 0.001649843 -2.182722092 0.001311856 -0.001643176 0.999997795 82.526847839
0.999982774 0.005462677 0.002113977 1.315244675 -0.005464938 0.999984503 0.001064807 -2.191860199 -0.002108127 -0.001076342 0.999997199 83.079544067
0.999971390 0.004938740 0.005723522 1.334564328 -0.004944489 0.999987304 0.000990550 -2.201025963 -0.005718557 -0.001018822 0.999983072 83.625961304
0.999940932 0.005972666 0.009078095 1.342231989 -0.005988453 0.999980628 0.001712699 -2.228169918 -0.009067689 -0.001766961 0.999957323 84.181121826
0.999888599 0.005924661 0.013697914 1.372118711 -0.005950368 0.999980628 0.001836748 -2.248391151 -0.013686768 -0.001918051 0.999904513 84.716613770
0.999788344 0.006300336 0.019582814 1.393172503 -0.006342974 0.999977648 0.002116003 -2.259587765 -0.019569041 -0.002239768 0.999805987 85.271446228
0.999677062 0.006170151 0.024650417 1.431944132 -0.006215738 0.999979138 0.001773124 -2.277457237 -0.024638962 -0.001925772 0.999694586 85.808219910
0.999509931 0.005748671 0.030770708 1.451553822 -0.005803105 0.999981761 0.001679983 -2.289260387 -0.030760488 -0.001857726 0.999525070 86.358131409
0.999226511 0.005394298 0.038952917 1.485602975 -0.005475468 0.999983072 0.001977375 -2.305266380 -0.038941592 -0.002189131 0.999239028 86.899291992
0.998901606 0.004654199 0.046624728 1.537436485 -0.004767576 0.999985993 0.002320785 -2.325092077 -0.046613272 -0.002540523 0.998909712 87.443260193
0.998511255 0.005803678 0.054235119 1.568992138 -0.005910284 0.999980867 0.001805474 -2.333704948 -0.054223612 -0.002123331 0.998526573 87.985809326
0.997986436 0.005836091 0.063158490 1.621578693 -0.005950265 0.999980986 0.001619796 -2.349406242 -0.063147843 -0.001992345 0.998002112 88.536445618
0.997285724 0.006214052 0.073366694 1.677642822 -0.006364358 0.999978125 0.001815082 -2.362446070 -0.073353820 -0.002277088 0.997303367 89.065231323
0.996621847 0.005421791 0.081948228 1.747986317 -0.005575373 0.999983132 0.001645426 -2.377531528 -0.081937931 -0.002096760 0.996635199 89.606460571
0.995985270 0.004907610 0.089382179 1.817572117 -0.005092671 0.999985337 0.001842525 -2.394163370 -0.089371823 -0.002290321 0.995995760 90.163253784
0.995006263 0.004952799 0.099689156 1.895776272 -0.005214174 0.999983609 0.002361526 -2.413366556 -0.099675819 -0.002869530 0.995015800 90.677337646
0.993708909 0.005391453 0.111865178 1.953608513 -0.005625275 0.999982595 0.001774686 -2.419918776 -0.111853667 -0.002392794 0.993721783 91.271736145
0.992703140 0.004176337 0.120511577 2.043251038 -0.004376929 0.999989450 0.001399860 -2.432572126 -0.120504461 -0.001917116 0.992710948 91.823379517
0.991201282 0.004636903 0.132282123 2.129236221 -0.004877517 0.999987006 0.001494969 -2.442332506 -0.132273480 -0.002127023 0.991210997 92.393638611
0.989580274 0.003856845 0.143930182 2.235027313 -0.004087003 0.999990821 0.001303468 -2.457949162 -0.143923774 -0.001878129 0.989587009 92.932052612
0.987986267 0.003526126 0.154501483 2.346913338 -0.003760657 0.999992192 0.001225745 -2.474036694 -0.154495969 -0.001792046 0.987991810 93.479804993
0.986350358 0.003284978 0.164627656 2.458636284 -0.003557494 0.999992788 0.001360534 -2.486488819 -0.164621964 -0.001927625 0.986354947 94.019905090
0.984002590 0.003550247 0.178118929 2.568563461 -0.003842583 0.999991715 0.001296292 -2.500419617 -0.178112879 -0.001959991 0.984008253 94.553436279
0.981609106 0.003407108 0.190871775 2.693753242 -0.003771964 0.999991655 0.001548238 -2.513707161 -0.190864936 -0.002239726 0.981613874 95.081970215
0.979556501 0.003390394 0.201141328 2.813009262 -0.003742039 0.999992013 0.001368047 -2.527980328 -0.201135114 -0.002092757 0.979561210 95.635917664
0.976819277 0.003536488 0.214036494 2.955574036 -0.003904898 0.999991536 0.001298477 -2.546005726 -0.214030087 -0.002104169 0.976824820 96.168548584
0.973793328 0.002591089 0.227420151 3.103338242 -0.002983923 0.999994636 0.001383563 -2.553814888 -0.227415368 -0.002025909 0.973795772 96.695297241
0.970981479 0.003166556 0.239134148 3.231868744 -0.003681065 0.999991894 0.001704963 -2.573218584 -0.239126846 -0.002535756 0.970985055 97.226188660
0.968003631 0.002861201 0.250919789 3.398763657 -0.003397692 0.999992788 0.001704917 -2.593169212 -0.250913084 -0.002502914 0.968006432 97.750358582
0.964223444 0.003097625 0.265072793 3.551492691 -0.003574318 0.999992669 0.001316008 -2.595035315 -0.265066862 -0.002216380 0.964227498 98.279830933
0.960768878 0.002285383 0.277340770 3.723484039 -0.002698130 0.999995708 0.001106602 -2.609549046 -0.277337015 -0.001811490 0.960771024 98.797843933
0.957463801 0.001940947 0.288546890 3.909465790 -0.002399683 0.999996364 0.001236089 -2.626293659 -0.288543433 -0.001875932 0.957464993 99.342048645
0.953189075 0.002134083 0.302367210 4.095985413 -0.002650066 0.999995649 0.001296240 -2.641675711 -0.302363098 -0.002036855 0.953190625 99.869026184
0.948789477 0.001856008 0.315903515 4.290357590 -0.002251012 0.999997079 0.000885502 -2.651684523 -0.315900952 -0.001551258 0.948790908 100.384956360
0.944822192 0.001050742 0.327581823 4.489360809 -0.001551822 0.999997973 0.001268249 -2.665363789 -0.327579796 -0.001706618 0.944821954 100.905632019
0.940201283 0.000677315 0.340618908 4.692798615 -0.001022675 0.999999166 0.000834382 -2.680608749 -0.340618044 -0.001132829 0.940201104 101.410537720
0.935033500 -0.000104458 0.354559332 4.917003632 -0.000222748 0.999999583 0.000882037 -2.694288492 -0.354559332 -0.000903712 0.935033083 101.941406250
0.930125833 0.000044217 0.367240936 5.130535126 -0.000421312 0.999999464 0.000946672 -2.707231283 -0.367240697 -0.001035247 0.930125356 102.458084106
0.925550818 -0.000847137 0.378622413 5.354440689 0.000658306 0.999999583 0.000628173 -2.723538399 -0.378622741 -0.000332157 0.925551116 102.942787170
0.919692636 -0.001044788 0.392637521 5.596996307 0.000523119 0.999998748 0.001435620 -2.743958473 -0.392638564 -0.001114933 0.919692099 103.439903259
0.914031565 -0.001901144 0.405638576 5.844295502 0.001604469 0.999998152 0.001071409 -2.750051975 -0.405639917 -0.000328467 0.914032936 103.939445496
0.908805072 -0.002112156 0.417215466 6.090335846 0.001771568 0.999997735 0.001203552 -2.770462036 -0.417217106 -0.000354669 0.908806860 104.422821045
0.902682185 -0.002674406 0.430299461 6.364021301 0.002563771 0.999996364 0.000836919 -2.779128790 -0.430300117 0.000347717 0.902685821 104.925354004
0.896081865 -0.002892404 0.443879485 6.621868134 0.002545749 0.999995828 0.001376934 -2.801108122 -0.443881541 -0.000103840 0.896085560 105.418975830
0.890112460 -0.003281141 0.455729127 6.890277863 0.003035470 0.999994576 0.001270959 -2.813193798 -0.455730915 0.000252056 0.890117586 105.907264709
0.884276271 -0.003395134 0.466951728 7.160190582 0.003071135 0.999994159 0.001454930 -2.828132153 -0.466954023 0.000147512 0.884281635 106.387611389
0.877251148 -0.002952987 0.480022639 7.443904877 0.002630528 0.999995649 0.001344396 -2.843809128 -0.480024517 0.000083341 0.877255082 106.850814819
