1.000000000 0.000000000 0.000000000 0.000000000 0.000000000 1.000000000 0.000000000 0.000000000 0.000000000 0.000000000 1.000000000 0.000000000
1.000000000 0.000016573 -0.000025397 -0.000220255 -0.000016574 1.000000000 -0.000071994 0.000679136 0.000025396 0.000071995 1.000000000 0.000934133
1.000000000 -0.000101057 -0.000037996 -0.000484715 0.000101056 1.000000000 -0.000028838 0.000681555 0.000037999 0.000028834 1.000000000 0.001689835
1.000000000 -0.000049373 -0.000104339 -0.001324285 0.000049370 1.000000000 -0.000029414 0.001725269 0.000104340 0.000029409 1.000000000 0.001305996
1.000000000 -0.000031699 -0.000020125 -0.000695785 0.000031700 1.000000000 0.000030049 0.000185403 0.000020124 -0.000030049 1.000000000 0.000536795
1.000000000 -0.000103433 -0.000015076 -0.000474767 0.000103433 1.000000000 0.000010976 -0.000162979 0.000015075 -0.000010978 1.000000000 0.000194879
1.000000000 0.000104569 -0.000054173 0.000229373 -0.000104569 1.000000000 -0.000011940 0.000465574 0.000054171 0.000011946 1.000000000 -0.002203790
1.000000000 -0.000000136 -0.000000927 -0.000074955 0.000000136 1.000000000 -0.000037172 0.001203003 0.000000927 0.000037172 1.000000000 0.002240176
1.000000000 0.000076033 0.000016696 -0.001439939 -0.000076033 1.000000000 -0.000026732 0.001411370 -0.000016698 0.000026731 1.000000000 0.001570360
1.000000000 -0.000022107 -0.000071408 -0.000233470 0.000022105 1.000000000 -0.000021752 0.001474551 0.000071408 0.000021751 1.000000000 0.002062821
1.000000000 -0.000032797 -0.000102660 -0.000119484 0.000032791 1.000000000 -0.000055786 0.001407876 0.000102662 0.000055783 1.000000000 0.000775295
1.000000000 -0.000037203 -0.000053260 -0.001599327 0.000037206 1.000000000 0.000049869 0.001453884 0.000053258 -0.000049871 1.000000000 0.001249498
1.000000000 -0.000098708 -0.000089838 -0.000210044 0.000098706 1.000000000 -0.000018316 0.000789291 0.000089840 0.000018308 1.000000000 -0.000886933
1.000000000 -0.000036380 -0.000063568 0.000832009 0.000036385 1.000000000 0.000073291 -0.000225421 0.000063565 -0.000073294 1.000000000 -0.002983056
1.000000000 -0.000083745 -0.000078598 0.000847604 0.000083750 1.000000000 0.000059277 0.000244964 0.000078593 -0.000059283 1.000000000 -0.002648708
1.000000000 -0.000010656 -0.000046945 -0.000030904 0.000010655 1.000000000 -0.000032979 0.001929578 0.000046945 0.000032978 1.000000000 0.001217929
1.000000000 -0.000009873 -0.000054254 0.000105515 0.000009875 1.000000000 0.000034735 0.000764725 0.000054254 -0.000034735 1.000000000 -0.001122066
1.000000000 -0.000081777 -0.000123523 0.000772310 0.000081777 1.000000000 -0.000002618 0.000711300 0.000123523 0.000002608 1.000000000 -0.002904236
1.000000000 -0.000090498 -0.000082875 -0.000415880 0.000090501 1.000000000 0.000030666 0.000761575 0.000082872 -0.000030673 1.000000000 0.000980281
1.000000000 -0.000111874 -0.000116954 -0.000211772 0.000111881 1.000000000 0.000056821 -0.000287219 0.000116948 -0.000056834 1.000000000 -0.002799227
1.000000000 -0.000083545 -0.000127036 0.001944023 0.000083551 1.000000000 0.000048680 -0.000105188 0.000127032 -0.000048690 1.000000000 -0.000699833
1.000000000 -0.000127699 -0.000125247 0.001011452 0.000127702 1.000000000 0.000024355 0.000580615 0.000125244 -0.000024371 1.000000000 -0.001911150
1.000000000 -0.000121166 -0.000100180 -0.000018680 0.000121169 1.000000000 0.000026406 0.000673029 0.000100177 -0.000026418 1.000000000 -0.001010097
1.000000000 -0.000082114 -0.000085931 0.000989403 0.000082119 1.000000000 0.000058675 0.000523488 0.000085926 -0.000058682 1.000000000 -0.001441968
1.000000000 -0.000139148 -0.000098333 0.001133629 0.000139147 1.000000000 -0.000005315 0.001909375 0.000098334 0.000005301 1.000000000 0.000253769
1.000000000 -0.000189693 -0.000145636 0.001231723 0.000189704 1.000000000 0.000075355 0.000278312 0.000145622 -0.000075382 1.000000000 -0.002106369
0.999999940 -0.000287637 -0.000096589 -0.000285254 0.000287637 0.999999940 0.000002980 0.000232584 0.000096589 -0.000003008 1.000000000 -0.002688067
1.000000000 -0.000065632 -0.000114561 0.000501483 0.000065638 1.000000000 0.000053747 0.000781251 0.000114558 -0.000053754 1.000000000 -0.000776758
1.000000000 -0.000135503 -0.000121796 0.001871504 0.000135507 1.000000000 0.000037961 0.000543310 0.000121791 -0.000037978 1.000000000 -0.001597347
0.999999940 -0.000198587 -0.000188497 0.001533669 0.000198601 1.000000000 0.000072986 0.000321171 0.000188482 -0.000073023 1.000000000 -0.002751761
1.000000000 -0.000165139 -0.000119599 0.001203228 0.000165145 1.000000000 0.000049467 -0.000096709 0.000119591 -0.000049486 1.000000000 -0.003461767
0.999999940 -0.000197418 -0.000158492 0.002160370 0.000197422 1.000000000 0.000021816 -0.000321572 0.000158488 -0.000021848 1.000000000 -0.004783825
1.000000000 -0.000106170 -0.000097794 0.000947225 0.000106177 1.000000000 0.000069320 -0.000274682 0.000097787 -0.000069331 1.000000000 -0.003145299
1.000000000 -0.000167785 -0.000116019 0.000959482 0.000167790 1.000000000 0.000043441 0.000209275 0.000116011 -0.000043461 1.000000000 -0.003000173
1.000000000 -0.000160291 -0.000108851 0.000139237 0.000160291 1.000000000 -0.000005253 0.000918007 0.000108852 0.000005235 1.000000000 -0.001354604
1.000000000 -0.000147157 -0.000127648 0.002376995 0.000147173 1.000000000 0.000121316 0.000015937 0.000127630 -0.000121335 1.000000000 -0.002701688
1.000000000 -0.000156196 -0.000139689 0.000667288 0.000156204 1.000000000 0.000058094 -0.000123467 0.000139680 -0.000058116 1.000000000 -0.002525048
1.000000000 -0.000195480 -0.000099383 0.000739358 0.000195486 1.000000000 0.000061698 0.000049706 0.000099371 -0.000061718 1.000000000 -0.001467582
0.999999940 -0.000212621 -0.000135767 0.001108344 0.000212617 1.000000000 -0.000023204 0.000603673 0.000135772 0.000023175 1.000000000 0.003239821
1.000000000 -0.000220193 -0.000047015 -0.000368970 0.000220166 0.999999821 -0.000580108 -0.001268110 0.000047143 0.000580098 0.999999821 0.055247739
1.000000000 0.000006727 -0.000077284 0.001157331 -0.000006822 0.999999225 -0.001230378 -0.003155007 0.000077276 0.001230379 0.999999225 0.143824369
1.000000000 -0.000184767 -0.000018146 0.003233353 0.000184740 0.999998868 -0.001508207 -0.007568888 0.000018425 0.001508204 0.999998868 0.259006977
1.000000000 -0.000127696 -0.000059453 0.004963043 0.000127609 0.999998927 -0.001450135 -0.010775371 0.000059638 0.001450128 0.999998927 0.392458797
1.000000000 0.000070926 -0.000040809 0.008753364 -0.000070976 0.999999225 -0.001240231 -0.015977448 0.000040721 0.001240234 0.999999225 0.530231357
1.000000000 -0.000014754 0.000026694 0.012253875 0.000014781 0.999999464 -0.001009637 -0.022658244 -0.000026679 0.001009637 0.999999464 0.685414970
1.000000000 -0.000012007 -0.000072935 0.019163679 0.000011936 0.999999523 -0.000978031 -0.026466174 0.000072947 0.000978030 0.999999523 0.846167743
0.999999940 0.000398699 0.000106173 0.016312050 -0.000398612 0.999999583 -0.000820142 -0.025204947 -0.000106500 0.000820100 0.999999642 1.024227500
1.000000000 0.000015737 -0.000130635 0.031572640 -0.000015817 0.999999821 -0.000612362 -0.032553207 0.000130625 0.000612364 0.999999821 1.205179453
1.000000000 -0.000031704 -0.000044406 0.033373237 0.000031694 1.000000000 -0.000211982 -0.039477315 0.000044413 0.000211981 1.000000000 1.382779837
1.000000000 0.000111334 -0.000040941 0.033182602 -0.000111344 0.999999940 -0.000247839 -0.043932151 0.000040913 0.000247843 0.999999940 1.578751445
0.999999940 -0.000281644 -0.000245326 0.032181188 0.000281847 0.999999642 0.000828747 -0.069059260 0.000245093 -0.000828817 0.999999642 1.724336386
0.999999940 -0.000169428 -0.000394712 0.037406467 0.000169806 0.999999583 0.000959151 -0.074200660 0.000394550 -0.000959218 0.999999523 1.930684805
1.000000119 0.000316867 -0.000002156 0.037146218 -0.000316865 0.999999344 0.001179070 -0.082501091 0.000002530 -0.001179069 0.999999344 2.130009890
0.999999881 -0.000091837 -0.000583818 0.046028264 0.000092611 0.999999106 0.001327379 -0.088039137 0.000583695 -0.001327433 0.999998987 2.348687649
0.999999821 -0.000030329 -0.000478942 0.050251149 0.000030854 0.999999404 0.001096985 -0.094057709 0.000478908 -0.001097000 0.999999285 2.579795361
0.999999940 -0.000067265 -0.000351964 0.051370647 0.000067629 0.999999464 0.001033793 -0.098815210 0.000351894 -0.001033816 0.999999404 2.813162804
0.999999940 -0.000100353 -0.000395767 0.054032389 0.000100794 0.999999404 0.001113830 -0.102978155 0.000395655 -0.001113870 0.999999285 3.051110983
1.000000000 0.000118360 -0.000262847 0.056454066 -0.000118089 0.999999464 0.001029251 -0.111627370 0.000262969 -0.001029220 0.999999404 3.294514656
0.999999940 -0.000183287 -0.000226530 0.064902201 0.000183556 0.999999285 0.001187338 -0.121463709 0.000226312 -0.001187380 0.999999225 3.536985397
0.999999523 -0.000697194 -0.000553780 0.069879904 0.000697964 0.999998808 0.001391273 -0.126500130 0.000552809 -0.001391659 0.999998868 3.764843941
0.999999464 -0.000897519 -0.000441999 0.075364433 0.000898180 0.999998510 0.001499120 -0.132216945 0.000440652 -0.001499516 0.999998808 4.030113220
0.999999821 0.000323804 0.000351408 0.066036284 -0.000324459 0.999998212 0.001865848 -0.140666127 -0.000350803 -0.001865962 0.999998212 4.277498245
0.999999940 0.000108669 0.000122712 0.072440855 -0.000108894 0.999998331 0.001831776 -0.147267401 -0.000122512 -0.001831789 0.999998271 4.537703037
1.000000000 0.000107787 0.000240482 0.078803271 -0.000108274 0.999997973 0.002028776 -0.155632496 -0.000240263 -0.002028802 0.999997914 4.796428204
0.999999940 -0.000060839 0.000353328 0.076750182 0.000060059 0.999997556 0.002208396 -0.162194714 -0.000353462 -0.002208375 0.999997437 5.071324825
0.999999821 -0.000319847 0.000458385 0.080160670 0.000318744 0.999997079 0.002404501 -0.177873805 -0.000459152 -0.002404355 0.999997020 5.324439526
0.999999821 -0.000132554 0.000574162 0.086193338 0.000131123 0.999996960 0.002490408 -0.186519742 -0.000574491 -0.002490333 0.999996781 5.596056938
0.999999821 -0.000123049 0.000488054 0.088958047 0.000121819 0.999996781 0.002519717 -0.189775974 -0.000488362 -0.002519657 0.999996722 5.877078533
0.999999762 -0.000547545 0.000353926 0.095787138 0.000546607 0.999996364 0.002645027 -0.202640802 -0.000355373 -0.002644833 0.999996483 6.144806385
0.999999702 -0.000162530 0.000727319 0.095901884 0.000160532 0.999996305 0.002745064 -0.212180004 -0.000727763 -0.002744946 0.999995947 6.433898449
0.999999940 -0.000091523 0.000142378 0.106457271 0.000091124 0.999996006 0.002796666 -0.228572577 -0.000142633 -0.002796652 0.999996066 6.677571297
0.999999940 0.000219767 0.000042292 0.112363994 -0.000219884 0.999996066 0.002775921 -0.236317709 -0.000041682 -0.002775930 0.999996126 6.981218338
1.000000000 -0.000062478 0.000224367 0.116327517 0.000061868 0.999996305 0.002717486 -0.240892351 -0.000224536 -0.002717472 0.999996305 7.284370899
0.999999881 0.000122033 0.000451415 0.117934272 -0.000123331 0.999995828 0.002875292 -0.250396550 -0.000451062 -0.002875347 0.999995768 7.602769375
0.999999881 -0.000085593 0.000379696 0.124849536 0.000084488 0.999995768 0.002909675 -0.259807736 -0.000379944 -0.002909643 0.999995708 7.942377090
0.999999464 -0.000788647 0.000628862 0.137085497 0.000786510 0.999993861 0.003390665 -0.276762664 -0.000631532 -0.003390169 0.999993980 8.196417809
0.999999464 -0.000799168 0.000637127 0.149169609 0.000797011 0.999993980 0.003379222 -0.287330657 -0.000639823 -0.003378712 0.999994099 8.522064209
0.999999464 0.000162290 0.001031593 0.148460627 -0.000165711 0.999994457 0.003317388 -0.290780574 -0.001031049 -0.003317557 0.999993980 8.861861229
0.999999583 -0.000331065 0.000837411 0.159368962 0.000328294 0.999994457 0.003306188 -0.303660601 -0.000838501 -0.003305912 0.999994159 9.218151093
0.999999821 -0.000348075 0.000429260 0.170798719 0.000346660 0.999994516 0.003289984 -0.318866074 -0.000430403 -0.003289835 0.999994516 9.533129692
0.999999762 -0.000480903 0.000370861 0.178022444 0.000479622 0.999993920 0.003446283 -0.324729681 -0.000372516 -0.003446105 0.999994040 9.879008293
0.999999821 -0.000495726 0.000262820 0.185666516 0.000494798 0.999993622 0.003522549 -0.339853555 -0.000264565 -0.003522418 0.999993801 10.243450165
0.999999821 -0.000160388 0.000548196 0.191881016 0.000158720 0.999995351 0.003041891 -0.348798275 -0.000548682 -0.003041804 0.999995172 10.613231659
0.999999702 -0.000274861 0.000756025 0.198291004 0.000272478 0.999995053 0.003149543 -0.357115507 -0.000756887 -0.003149336 0.999994814 10.980340004
0.999999702 -0.000113481 0.000774965 0.205357239 0.000111101 0.999995291 0.003070224 -0.367374629 -0.000775310 -0.003070137 0.999994934 11.364209175
0.999999762 -0.000165723 0.000652173 0.222882777 0.000163527 0.999994278 0.003364434 -0.385791868 -0.000652727 -0.003364326 0.999994099 11.716999054
0.999999762 -0.000537953 0.000476902 0.233898818 0.000536180 0.999992967 0.003710354 -0.400297612 -0.000478895 -0.003710097 0.999992967 12.105130196
0.999999762 -0.000169124 0.000673860 0.242165506 0.000166644 0.999993205 0.003678775 -0.407203913 -0.000674477 -0.003678662 0.999993026 12.493527412
0.999999642 0.000054348 0.000741249 0.259331793 -0.000057221 0.999992430 0.003876749 -0.429089963 -0.000741033 -0.003876791 0.999992192 12.888831139
0.999999523 0.000663762 0.000638834 0.271466255 -0.000666152 0.999992728 0.003747274 -0.438340485 -0.000636342 -0.003747698 0.999992788 13.300004005
0.999999642 -0.000038465 0.000846579 0.276528865 0.000035063 0.999991953 0.004017596 -0.449004769 -0.000846727 -0.004017565 0.999991596 13.697000504
0.999999464 -0.000948724 0.000464763 0.306281894 0.000946802 0.999991059 0.004117124 -0.471508026 -0.000468665 -0.004116682 0.999991357 14.132285118
0.999999523 -0.000855465 0.000485335 0.317882121 0.000853602 0.999992311 0.003826424 -0.481564671 -0.000488605 -0.003826009 0.999992549 14.559068680
0.999999166 -0.000913686 0.000955480 0.329286784 0.000909745 0.999991119 0.004117567 -0.496451467 -0.000959234 -0.004116694 0.999991119 14.975703239
0.999998391 -0.001581540 0.000811892 0.340918213 0.001577822 0.999988377 0.004560072 -0.522665262 -0.000819094 -0.004558784 0.999989271 15.378324509
0.999997914 -0.001656624 0.001145774 0.351519644 0.001651692 0.999989450 0.004292234 -0.530822217 -0.001152873 -0.004290333 0.999990165 15.819907188
0.999997914 -0.001186632 0.001609162 0.358235627 0.001178591 0.999986827 0.004989252 -0.545351982 -0.001615062 -0.004987346 0.999986231 16.258365631
0.999996841 -0.001904058 0.001615124 0.364526778 0.001896186 0.999986410 0.004861556 -0.560975671 -0.001624358 -0.004858478 0.999986827 16.700149536
0.999996245 -0.002259480 0.001538345 0.380007565 0.002251495 0.999984086 0.005172634 -0.573145151 -0.001550008 -0.005169151 0.999985456 17.158826828
0.999995291 -0.002387594 0.001941756 0.391140044 0.002377321 0.999983311 0.005275493 -0.585018694 -0.001954319 -0.005270851 0.999984205 17.618862152
0.999992847 -0.003034888 0.002253709 0.391468942 0.003022644 0.999980688 0.005416304 -0.613435864 -0.002270104 -0.005409452 0.999982715 18.051462173
0.999993622 -0.002105042 0.002869885 0.398341119 0.002089771 0.999983609 0.005313741 -0.621225238 -0.002881024 -0.005307710 0.999981701 18.525257111
0.999992728 -0.003039864 0.002298252 0.420145541 0.003027402 0.999980807 0.005406672 -0.638184667 -0.002314644 -0.005399675 0.999982715 18.989620209
0.999992609 -0.002976829 0.002419935 0.431029528 0.002963334 0.999980152 0.005561158 -0.654573262 -0.002436442 -0.005553946 0.999981642 19.459810257
0.999995232 -0.001885829 0.002421566 0.476470232 0.001872839 0.999983847 0.005355685 -0.699324310 -0.002431628 -0.005351124 0.999982715 19.985559464
0.999994695 -0.002460267 0.002159835 0.491089046 0.002448933 0.999983311 0.005234516 -0.709113359 -0.002172678 -0.005229198 0.999983966 20.482084274
0.999995947 -0.001936272 0.002019850 0.493529141 0.001925605 0.999984205 0.005269644 -0.717154324 -0.002030022 -0.005265734 0.999984026 20.995559692
0.999996006 -0.002528593 0.001365381 0.521803081 0.002520777 0.999980569 0.005696461 -0.745796919 -0.001379759 -0.005692997 0.999982774 21.434148788
0.999996603 -0.002400518 0.001065240 0.527349055 0.002394716 0.999982476 0.005415106 -0.760610044 -0.001078220 -0.005412536 0.999984741 21.944461823
0.999995768 -0.002865688 0.000489622 0.542073965 0.002862910 0.999980330 0.005583976 -0.767864168 -0.000505614 -0.005582551 0.999984264 22.450477600
0.999997556 -0.002175882 0.000507849 0.543691218 0.002173090 0.999982893 0.005434774 -0.780493379 -0.000519666 -0.005433658 0.999985099 22.958005905
0.999989867 -0.004411680 -0.000857220 0.581298411 0.004416947 0.999970734 0.006243946 -0.830579698 0.000829648 -0.006247668 0.999980092 23.270786285
0.999977648 -0.006307663 -0.002212015 0.592445076 0.006320677 0.999962449 0.005926371 -0.840593874 0.002174550 -0.005940219 0.999980032 23.800388336
0.999993443 -0.003248147 -0.001613568 0.594701231 0.003258799 0.999972641 0.006643273 -0.860532224 0.001591945 -0.006648488 0.999976575 24.240137100
0.999989748 -0.003797330 -0.002494761 0.607317090 0.003815547 0.999965787 0.007338200 -0.875409424 0.002466810 -0.007347642 0.999969959 24.767515182
0.999994516 -0.002277171 -0.002404268 0.608232200 0.002294140 0.999972224 0.007078989 -0.883577049 0.002388082 -0.007084467 0.999972045 25.266695023
0.999992013 -0.002770452 -0.002899532 0.622524321 0.002789502 0.999974370 0.006586439 -0.895355701 0.002881211 -0.006594473 0.999974132 25.817871094
0.999991834 -0.002753200 -0.002942274 0.571214139 0.002775641 0.999966860 0.007650536 -0.893052518 0.002921113 -0.007658640 0.999966383 26.272409439
0.999988496 -0.002886249 -0.003819697 0.591409504 0.002916916 0.999963403 0.008047726 -0.911161661 0.003796329 -0.008058775 0.999960303 26.817010880
0.999984682 -0.002928659 -0.004699050 0.657837152 0.002966240 0.999963522 0.008010709 -0.968266428 0.004675419 -0.008024526 0.999956787 27.451301575
0.999983847 -0.002750199 -0.004995975 0.661447585 0.002789913 0.999964476 0.007959735 -0.975380719 0.004973907 -0.007973544 0.999955714 28.000062943
0.999978721 -0.002943719 -0.005813171 0.672458649 0.002991184 0.999962151 0.008173273 -0.990905166 0.005788892 -0.008190489 0.999949634 28.546827316
0.999985874 -0.002218253 -0.004829194 0.629029989 0.002258191 0.999963164 0.008280298 -0.957046568 0.004810649 -0.008291086 0.999954045 28.879714966
0.999980807 -0.002941515 -0.005451942 0.631452858 0.002987066 0.999960542 0.008365824 -0.984814823 0.005427120 -0.008381950 0.999950111 29.425891876
0.999975562 -0.002959533 -0.006334004 0.654384553 0.003010745 0.999962687 0.008091035 -0.996030629 0.006309825 -0.008109907 0.999947190 29.965503693
0.999981642 -0.002435270 -0.005549136 0.653710246 0.002483648 0.999958813 0.008728005 -1.005558729 0.005527652 -0.008741627 0.999946535 30.326683044
0.999978244 -0.002339188 -0.006167785 0.672186494 0.002393974 0.999957561 0.008890218 -1.031011343 0.006146728 -0.008904791 0.999941528 30.842716217
0.999975264 -0.002467626 -0.006586128 0.683196127 0.002525960 0.999957561 0.008863592 -1.041953087 0.006563976 -0.008880010 0.999939084 31.398168564
0.999973595 -0.002604382 -0.006780181 0.689425945 0.002664276 0.999957383 0.008839629 -1.054962039 0.006756871 -0.008857461 0.999938011 31.918155670
0.999969542 -0.002490729 -0.007397801 0.690904081 0.002555926 0.999957860 0.008816752 -1.063804150 0.007375530 -0.008835391 0.999933779 32.499767303
0.999980450 -0.001577671 -0.006054382 0.641529799 0.001630437 0.999960601 0.008720181 -1.054587364 0.006040385 -0.008729882 0.999943674 32.864570618
0.999979973 -0.001576815 -0.006131960 0.648634076 0.001630645 0.999960124 0.008783520 -1.064590931 0.006117865 -0.008793344 0.999942660 33.403507233
0.999977112 -0.002097627 -0.006435768 0.660416424 0.002156845 0.999955297 0.009208299 -1.081906796 0.006416164 -0.009221971 0.999936938 33.942096710
0.999979794 -0.001621009 -0.006157615 0.660401821 0.001677589 0.999956369 0.009194644 -1.089908719 0.006142441 -0.009204788 0.999938786 34.485851288
0.999978781 -0.001441421 -0.006358052 0.664441764 0.001495397 0.999962866 0.008492869 -1.092501760 0.006345573 -0.008502197 0.999943733 34.996589661
0.999973118 -0.002168762 -0.007003639 0.685540318 0.002233707 0.999954462 0.009278622 -1.106421351 0.006983198 -0.009294017 0.999932408 35.417015076
0.999972045 -0.002044851 -0.007199191 0.692296684 0.002110634 0.999956012 0.009141811 -1.113722563 0.007180181 -0.009156751 0.999932289 35.961929321
0.999965906 -0.002662207 -0.007816424 0.700731516 0.002733357 0.999954820 0.009106181 -1.127348900 0.007791829 -0.009127237 0.999927938 36.516212463
0.999959826 -0.003349458 -0.008320678 0.717207789 0.003428322 0.999949217 0.009481979 -1.135904908 0.008288497 -0.009510122 0.999920487 37.094215393
0.999964535 -0.002529354 -0.008034494 0.719178379 0.002605065 0.999952197 0.009426716 -1.153202295 0.008010265 -0.009447311 0.999923289 37.567787170
0.999966145 -0.002636261 -0.007795636 0.705454469 0.002708239 0.999953687 0.009236945 -1.139793277 0.007770924 -0.009257746 0.999926925 38.034549713
0.999962211 -0.003031899 -0.008145608 0.717642069 0.003110542 0.999948502 0.009659315 -1.152935147 0.008115903 -0.009684287 0.999920189 38.576698303
0.999963820 -0.002459127 -0.008146567 0.730873644 0.002537480 0.999950469 0.009621571 -1.174209595 0.008122505 -0.009641895 0.999920487 39.081249237
0.999965250 -0.002454693 -0.007970269 0.739081144 0.002529395 0.999952793 0.009376009 -1.184396267 0.007946878 -0.009395842 0.999924242 39.657039642
0.999966681 -0.002133799 -0.007876533 0.730084062 0.002203843 0.999958038 0.008894796 -1.172990203 0.007857223 -0.008911858 0.999929368 40.170097351
0.999956846 -0.002924543 -0.008810965 0.731153131 0.003007325 0.999951422 0.009396858 -1.162590384 0.008783055 -0.009422951 0.999916971 40.532352448
0.999954641 -0.003145139 -0.008988828 0.742132306 0.003229133 0.999951124 0.009345075 -1.172775030 0.008958999 -0.009373678 0.999915898 41.074157715
0.999953330 -0.003135152 -0.009141496 0.751255631 0.003220795 0.999950886 0.009368941 -1.184488535 0.009111675 -0.009397947 0.999914289 41.614654541
0.999954164 -0.002838420 -0.009144690 0.758776546 0.002922171 0.999953747 0.009158237 -1.196225643 0.009118272 -0.009184538 0.999916196 42.146633148
0.999958456 -0.002416341 -0.008788375 0.754078150 0.002502250 0.999949038 0.009777408 -1.249349594 0.008764303 -0.009798992 0.999913514 42.594093323
0.999959409 -0.001756601 -0.008829620 0.781947136 0.001838589 0.999955177 0.009286159 -1.238130569 0.008812912 -0.009302016 0.999917924 43.157386780
0.999961913 -0.001199032 -0.008638611 0.784755707 0.001278271 0.999957085 0.009172983 -1.247623682 0.008627241 -0.009183676 0.999920666 43.707927704
0.999963403 -0.001505075 -0.008423996 0.781086922 0.001587001 0.999951363 0.009727042 -1.325141668 0.008408946 -0.009740056 0.999917150 44.205070496
0.999958813 -0.001714926 -0.008911851 0.804756522 0.001795969 0.999957025 0.009093862 -1.267752290 0.008895873 -0.009109493 0.999918997 44.767028809
0.999964356 -0.000843129 -0.008401821 0.815438271 0.000929225 0.999947071 0.010248560 -1.369549513 0.008392735 -0.010256004 0.999912143 45.237712860
0.999958932 -0.002216415 -0.008780370 0.764255106 0.002302831 0.999948919 0.009844160 -1.341694355 0.008758103 -0.009863979 0.999912977 45.768867493
0.999965549 -0.000778985 -0.008264372 0.817130268 0.000856356 0.999955773 0.009362497 -1.369441628 0.008256713 -0.009369252 0.999921978 46.347896576
0.999954700 -0.002661402 -0.009130973 0.759887397 0.002753028 0.999945819 0.010036854 -1.371727705 0.009103766 -0.010061538 0.999907911 46.903331757
0.999959350 -0.002370700 -0.008687729 0.793174624 0.002457790 0.999946773 0.010027678 -1.381283045 0.008663493 -0.010048624 0.999911964 47.391216278
0.999961674 -0.001642424 -0.008591899 0.766883969 0.001726400 0.999950707 0.009775566 -1.385808706 0.008575418 -0.009790025 0.999915302 47.936195374
0.999960721 -0.001359140 -0.008755436 0.772633195 0.001445297 0.999950469 0.009841627 -1.395183325 0.008741626 -0.009853895 0.999913275 48.473720551
0.999958754 -0.002461399 -0.008739733 0.745415747 0.002547718 0.999947965 0.009879238 -1.402425051 0.008714961 -0.009901097 0.999912977 48.978374481
0.999959826 -0.002299451 -0.008657998 0.746466994 0.002385678 0.999947548 0.009962183 -1.412663937 0.008634635 -0.009982439 0.999912858 49.526664734
0.999959588 -0.001923580 -0.008784272 0.786053896 0.002013965 0.999944925 0.010292081 -1.447287798 0.008763991 -0.010309357 0.999908447 50.005916595
0.999962509 -0.001728260 -0.008487873 0.791722536 0.001811872 0.999949753 0.009852922 -1.454257250 0.008470419 -0.009867932 0.999915481 50.560005188
0.999962926 -0.001328489 -0.008508805 0.785222173 0.001416905 0.999944985 0.010393561 -1.467552900 0.008494529 -0.010405233 0.999909759 51.049110413
0.999965787 -0.000823357 -0.008231740 0.788929701 0.000907243 0.999947667 0.010192022 -1.462963223 0.008222917 -0.010199142 0.999914169 51.603302002
0.999967813 -0.000496348 -0.008006102 0.790942252 0.000578081 0.999947786 0.010209733 -1.473769665 0.008000617 -0.010214034 0.999915779 52.159770966
0.999964774 -0.001135749 -0.008317030 0.801715136 0.001221151 0.999946594 0.010270465 -1.484473825 0.008304920 -0.010280261 0.999912679 52.703342438
0.999966800 -0.000477087 -0.008132796 0.796935797 0.000561222 0.999946296 0.010345974 -1.501974106 0.008127424 -0.010350194 0.999913335 53.070262909
0.999965608 -0.000936289 -0.008238883 0.802685499 0.001023975 0.999942839 0.010645197 -1.514201403 0.008228445 -0.010653268 0.999909401 53.617134094
0.999965489 -0.001019613 -0.008243596 0.817523956 0.001104918 0.999945819 0.010350145 -1.510623455 0.008232596 -0.010358899 0.999912441 54.185127258
0.999965131 -0.001007693 -0.008284475 0.826179147 0.001093517 0.999945700 0.010361630 -1.523235559 0.008273584 -0.010370329 0.999911964 54.728263855
0.999965727 -0.001029224 -0.008212239 0.827942967 0.001111639 0.999948978 0.010037405 -1.522839069 0.008201488 -0.010046192 0.999915957 55.287876129
0.999967039 -0.000901592 -0.008068023 0.840126753 0.000987061 0.999943376 0.010595824 -1.550092936 0.008058013 -0.010603439 0.999911368 55.820716858
0.999969542 0.000196584 -0.007798724 0.852681518 -0.000115093 0.999945343 0.010448373 -1.574205160 0.007800353 -0.010447158 0.999915004 56.230270386
0.999963641 -0.000587371 -0.008507849 0.868738532 0.000679269 0.999941409 0.010802771 -1.588938355 0.008501005 -0.010808156 0.999905467 56.767654419
0.999970019 0.000731134 -0.007707161 0.862803519 -0.000649197 0.999943316 0.010628376 -1.609661698 0.007714495 -0.010623056 0.999913812 57.247402191
0.999962389 -0.000234408 -0.008657071 0.886477053 0.000330121 0.999938786 0.011056365 -1.602256536 0.008653949 -0.011058809 0.999901414 57.880901337
0.999970376 0.000307318 -0.007683342 0.868271708 -0.000225137 0.999942720 0.010694610 -1.618102074 0.007686189 -0.010692563 0.999913275 58.319160461
0.999974608 0.000560810 -0.007098673 0.874393225 -0.000486638 0.999945343 0.010446247 -1.630016088 0.007104144 -0.010442527 0.999920189 58.866451263
0.999972343 0.000326577 -0.007429603 0.900171757 -0.000246726 0.999942243 0.010746077 -1.648976088 0.007432682 -0.010743946 0.999914587 59.393939972
0.999970555 0.000034996 -0.007666949 0.901350379 0.000045985 0.999944210 0.010561972 -1.653809071 0.007666891 -0.010562015 0.999914825 59.945747375
0.999974728 0.000875818 -0.007050897 0.897648215 -0.000801023 0.999943376 0.010603860 -1.674719810 0.007059785 -0.010597944 0.999918878 60.465145111
0.999975622 0.000176260 -0.006979018 0.853331685 -0.000098828 0.999938428 0.011093817 -1.678628802 0.006980544 -0.011092859 0.999914050 60.948577881
0.999969065 0.001064223 -0.007794969 0.925663471 -0.000979884 0.999941051 0.010815442 -1.705244780 0.007806017 -0.010807471 0.999911129 61.456233978
0.999967337 0.000798620 -0.008045871 0.931260943 -0.000713574 0.999943912 0.010567582 -1.710467458 0.008053859 -0.010561496 0.999911785 61.993854523
0.999968231 0.000737881 -0.007937114 0.933506191 -0.000650999 0.999939919 0.010943350 -1.722054720 0.007944711 -0.010937836 0.999908626 62.550754547
0.999968708 0.000961560 -0.007852934 0.928474128 -0.000876947 0.999941647 0.010770963 -1.732034445 0.007862831 -0.010763738 0.999911129 63.091373444
0.999969423 0.000108319 -0.007818305 0.943999529 -0.000022973 0.999940395 0.010915428 -1.753565311 0.007819023 -0.010914916 0.999909818 63.590808868
0.999972165 0.000648369 -0.007433050 0.943979144 -0.000565912 0.999938309 0.011090008 -1.763567209 0.007439782 -0.011085492 0.999910891 64.142448425
0.999970734 0.000262455 -0.007648929 0.953456879 -0.000181788 0.999944389 0.010545062 -1.771226287 0.007651272 -0.010543363 0.999915123 64.677841187
0.999968708 0.000065041 -0.007913430 0.960635781 0.000017056 0.999946117 0.010373925 -1.785661101 0.007913680 -0.010373734 0.999914885 65.198135376
0.999968767 0.000597161 -0.007893378 0.975085437 -0.000512073 0.999941885 0.010777234 -1.784442663 0.007899358 -0.010772854 0.999910712 65.685081482
0.999969602 0.000690105 -0.007762893 0.989798367 -0.000606718 0.999942124 0.010738896 -1.796782970 0.007769857 -0.010733859 0.999912143 66.216598511
0.999968946 0.000386795 -0.007871083 0.981696367 -0.000298358 0.999936819 0.011233650 -1.800001979 0.007874932 -0.011230952 0.999905884 66.804023743
0.999968946 0.001210875 -0.007795139 0.989820004 -0.001126959 0.999941468 0.010760617 -1.811030865 0.007807714 -0.010751498 0.999911666 67.304336548
0.999970853 0.001156975 -0.007528278 0.999062657 -0.001076188 0.999941885 0.010726276 -1.817618608 0.007540251 -0.010717865 0.999914169 67.834976196
0.999973416 0.002605642 -0.006811512 0.965866268 -0.002530040 0.999935389 0.011084501 -1.861865520 0.006839954 -0.011066972 0.999915361 68.350402832
0.999970496 0.001300525 -0.007568711 0.985544026 -0.001213578 0.999933422 0.011480963 -1.875719428 0.007583138 -0.011471439 0.999905467 68.897789001
0.999971151 0.001579972 -0.007435517 0.988572717 -0.001497736 0.999937832 0.011052351 -1.877762914 0.007452517 -0.011040896 0.999911249 69.460418701
0.999971807 0.001455795 -0.007365598 0.994909346 -0.001374414 0.999938190 0.011041836 -1.896147490 0.007381217 -0.011031402 0.999911904 69.961723328
0.999973714 0.002081986 -0.006943956 1.004119158 -0.002003446 0.999934137 0.011298385 -1.944405079 0.006967021 -0.011284178 0.999912083 70.520446777
0.999971092 0.001918333 -0.007365315 1.012968063 -0.001833508 0.999932170 0.011506384 -1.950635314 0.007386888 -0.011492547 0.999906659 71.070312500
0.999974251 0.002221894 -0.006816775 1.019641161 -0.002145225 0.999934614 0.011233722 -1.958676100 0.006841288 -0.011218812 0.999913633 71.590019226
0.999975085 0.002469640 -0.006612645 1.019814134 -0.002395758 0.999934912 0.011157452 -1.966417193 0.006639768 -0.011141334 0.999915898 72.125198364
0.999974012 0.002574137 -0.006737125 1.023226142 -0.002502319 0.999940217 0.010646822 -1.970190287 0.006764128 -0.010629687 0.999920607 72.686256409
0.999974549 0.002979199 -0.006482185 1.024085879 -0.002910199 0.999939322 0.010628153 -1.983416796 0.006513454 -0.010609019 0.999922514 73.181777954
0.999974132 0.002497680 -0.006744345 1.048287511 -0.002420828 0.999932289 0.011379172 -2.006761074 0.006772311 -0.011362553 0.999912441 73.717384338
0.999976993 0.002878368 -0.006141041 1.024446249 -0.002813285 0.999940038 0.010580533 -2.002411842 0.006171128 -0.010563012 0.999925137 74.239341736
0.999974072 0.001326614 -0.007072241 1.061824560 -0.001246002 0.999934375 0.011390575 -2.029183388 0.007086888 -0.011381470 0.999910116 74.807044983
0.999974728 0.002654025 -0.006583213 1.065539002 -0.002578338 0.999930799 0.011478923 -2.043688059 0.006613221 -0.011461658 0.999912441 75.368659973
0.999976158 0.002118091 -0.006576417 1.078516722 -0.002044886 0.999936044 0.011118341 -2.051030159 0.006599546 -0.011104629 0.999916553 75.915649414
0.999975562 0.001928727 -0.006720297 1.079702020 -0.001852578 0.999934196 0.011319029 -2.062585831 0.006741686 -0.011306303 0.999913335 76.463569641
0.999974728 0.002072308 -0.006801600 1.088350892 -0.001995370 0.999934196 0.011299144 -2.075683355 0.006824567 -0.011285285 0.999912977 77.012969971
0.999976277 0.002300975 -0.006486267 1.095208406 -0.002229246 0.999936521 0.011044299 -2.084875584 0.006511268 -0.011029581 0.999917984 77.564582825
0.999979556 0.002112246 -0.006036975 1.101470947 -0.002045300 0.999936521 0.011074176 -2.088796139 0.006059985 -0.011061601 0.999920428 78.123786926
0.999985933 0.002538206 -0.004669250 1.107195020 -0.002486856 0.999936700 0.010970686 -2.098609924 0.004696799 -0.010958917 0.999928892 78.669998169
0.999991477 0.002126585 -0.003537750 1.132973909 -0.002088444 0.999940038 0.010750217 -2.109616756 0.003560399 -0.010742737 0.999935985 79.217247009
0.999996006 0.001526553 -0.002351417 1.147292852 -0.001501778 0.999943733 0.010502344 -2.118781805 0.002367317 -0.010498772 0.999942005 79.759010315
0.999996066 0.002365952 0.001495696 1.160524845 -0.002381559 0.999941945 0.010520325 -2.130164146 -0.001470718 -0.010523847 0.999943554 80.308715820
0.999986231 0.001694732 0.004980135 1.181354284 -0.001747248 0.999942720 0.010559556 -2.135518074 -0.004961954 -0.010568111 0.999931931 80.862991333
0.999962807 0.001874655 0.008409899 1.192353487 -0.001963306 0.999942482 0.010545481 -2.138429165 -0.008389646 -0.010561601 0.999909043 81.428817749
0.999917030 0.001746181 0.012762729 1.233775973 -0.001879895 0.999943316 0.010472454 -2.157207489 -0.012743720 -0.010495578 0.999863684 81.943862915
0.999819994 0.001727097 0.018892998 1.246934891 -0.001925011 0.999943435 0.010462349 -2.165252209 -0.018873857 -0.010496834 0.999766707 82.486991882
0.999699175 0.001217642 0.024492923 1.275400400 -0.001465652 0.999947846 0.010110351 -2.176621199 -0.024479333 -0.010143209 0.999648869 83.038696289
0.999534249 0.002341576 0.030427260 1.318747163 -0.002662518 0.999941230 0.010511588 -2.188880444 -0.030400857 -0.010587705 0.999481738 83.612747192
0.999270618 0.002113421 0.038127281 1.358352184 -0.002516269 0.999941468 0.010520998 -2.197937489 -0.038102817 -0.010609266 0.999217451 84.166053772
0.998932481 0.001740425 0.046161033 1.402895689 -0.002216272 0.999944925 0.010259250 -2.205332518 -0.046140634 -0.010350604 0.998881340 84.721481323
0.998609602 0.001187901 0.052701473 1.454656363 -0.001718613 0.999948263 0.010025989 -2.209489584 -0.052686833 -0.010102624 0.998559892 85.260734558
0.998101413 0.000972570 0.061583731 1.504885912 -0.001593736 0.999948323 0.010038204 -2.217913866 -0.061570786 -0.010117292 0.998051465 85.806167603
0.997405827 0.001098422 0.071974859 1.562000275 -0.001839099 0.999946058 0.010225310 -2.232518196 -0.071959749 -0.010331154 0.997353971 86.349685669
0.996768475 0.000447637 0.080326974 1.627943516 -0.001250438 0.999949753 0.009944148 -2.238538980 -0.080318488 -0.010012457 0.996718943 86.906295776
0.996120751 -0.000166691 0.087996617 1.700057507 -0.000695044 0.999952078 0.009762091 -2.251411200 -0.087994032 -0.009785381 0.996072888 87.467735291
0.995149136 -0.000633704 0.098376058 1.778765202 -0.000332658 0.999951839 0.009806433 -2.259966612 -0.098377541 -0.009791588 0.995101035 88.019233704
0.993997812 0.000283752 0.109399170 1.857876301 -0.001368894 0.999950588 0.009844138 -2.272194862 -0.109390967 -0.009934809 0.993949175 88.566421509
0.992987990 -0.000796136 0.118212745 1.952074051 -0.000340616 0.999953866 0.009595645 -2.280499220 -0.118214935 -0.009568624 0.992941916 89.143516541
0.991642952 -0.000465006 0.129011735 2.060014725 -0.000801105 0.999952018 0.009761862 -2.294476748 -0.129010066 -0.009783632 0.991595030 89.685218811
0.989947319 -0.000585221 0.141435280 2.161854744 -0.000849742 0.999948800 0.010085108 -2.310038567 -0.141433910 -0.010103909 0.989896119 90.247489929
0.988379598 -0.000816724 0.152004346 2.270504951 -0.000657669 0.999953151 0.009649142 -2.315870285 -0.152005121 -0.009636981 0.988332748 90.816978455
0.986676872 -0.001326466 0.162686884 2.386901855 -0.000252637 0.999953091 0.009685325 -2.324946165 -0.162692070 -0.009597388 0.986630201 91.371238708
0.984517097 -0.001628301 0.175281152 2.513066292 -0.000076456 0.999952853 0.009718650 -2.338173151 -0.175288722 -0.009581578 0.984470487 91.894042969
0.982186317 -0.001596034 0.187902674 2.632563591 -0.000253977 0.999951720 0.009821095 -2.350653410 -0.187909275 -0.009693866 0.982138574 92.463310242
0.980138481 -0.002093675 0.198302999 2.761637688 0.000177543 0.999953151 0.009679934 -2.357396126 -0.198313981 -0.009452469 0.980092943 93.010437012
0.977373004 -0.002121615 0.211512193 2.897026062 0.000095451 0.999954045 0.009589169 -2.366981268 -0.211522803 -0.009352006 0.977328241 93.536026001
0.974386632 -0.002367556 0.224866837 3.055826187 0.000103487 0.999949157 0.010079741 -2.383606434 -0.224879250 -0.009798293 0.974337399 94.096305847
0.971697450 -0.002498101 0.236215562 3.206560135 0.000098708 0.999948263 0.010168921 -2.392628670 -0.236228764 -0.009857797 0.971647382 94.650894165
0.968699872 -0.002917020 0.248217687 3.368070602 0.000407652 0.999948323 0.010160341 -2.404856205 -0.248234496 -0.009741135 0.968650997 95.186157227
0.965002358 -0.002765519 0.262226671 3.536542892 0.000044304 0.999946117 0.010382679 -2.417507172 -0.262241244 -0.010007693 0.964950502 95.711044312
0.961681485 -0.003252229 0.274149984 3.711431503 0.000568926 0.999951184 0.009866656 -2.418715715 -0.274168700 -0.009332611 0.961636305 96.252021790
0.958177805 -0.003330442 0.286154062 3.907453537 0.000310008 0.999943793 0.010599927 -2.431144238 -0.286173314 -0.010067903 0.958124936 96.824241638
0.954044759 -0.003417532 0.299644291 4.105634689 0.000422122 0.999949276 0.010060714 -2.410593510 -0.299663484 -0.009471883 0.953997850 97.347206116
0.949546397 -0.003635169 0.313605607 4.314270020 0.000405841 0.999946237 0.010362091 -2.444986820 -0.313626379 -0.009712012 0.949496806 97.907218933
0.945803225 -0.004208555 0.324712992 4.517259598 0.000904139 0.999946296 0.010326629 -2.456766605 -0.324739069 -0.009473373 0.945756197 98.409187317
0.941360056 -0.004864973 0.337368459 4.728181839 0.001389727 0.999943495 0.010541778 -2.464981079 -0.337400675 -0.009454760 0.941313565 98.924095154
0.936269224 -0.004922009 0.351248801 4.940044403 0.001363431 0.999945283 0.010377831 -2.473651409 -0.351280600 -0.009237540 0.936224639 99.431137085
0.931602180 -0.005727366 0.363434345 5.178077698 0.002143141 0.999945045 0.010264567 -2.476711512 -0.363473147 -0.008783604 0.931563258 99.957344055
0.927506149 -0.006466627 0.373751938 5.405853271 0.002915444 0.999945104 0.010065980 -2.482772827 -0.373796523 -0.008246605 0.927474082 100.468055725
0.921868980 -0.006285228 0.387450725 5.637733459 0.002703040 0.999948382 0.009789770 -2.484191418 -0.387492269 -0.007977592 0.921838403 100.970001221
0.916248083 -0.006985880 0.400550306 5.880035400 0.003239923 0.999944389 0.010028503 -2.492712021 -0.400598049 -0.007890845 0.916219890 101.466850281
0.911187291 -0.007195263 0.411929548 6.130405426 0.003593242 0.999948263 0.009518070 -2.501044512 -0.411976755 -0.007192583 0.911165953 101.961959839
0.904638827 -0.006917276 0.426122874 6.386535645 0.002993939 0.999946773 0.009876200 -2.506907701 -0.426168531 -0.007658609 0.904611290 102.471954346
0.897832572 -0.007605630 0.440271258 6.655445099 0.003497763 0.999942362 0.010140988 -2.523519754 -0.440323114 -0.007564945 0.897807479 102.941780090
0.891920447 -0.008226980 0.452117503 6.927394867 0.004100254 0.999940455 0.010106645 -2.527714252 -0.452173769 -0.007160526 0.891901135 103.435363770
0.886427581 -0.008939787 0.462780982 7.201164246 0.004762796 0.999936700 0.010193478 -2.534693480 -0.462842792 -0.006831648 0.886413991 103.917602539
0.879343092 -0.009235899 0.476099104 7.484237671 0.005019637 0.999936104 0.010126727 -2.548892021 -0.476162255 -0.006515022 0.879333258 104.378829956
0.872558653 -0.009848172 0.488410085 7.778953552 0.005566653 0.999932289 0.010217385 -2.553349495 -0.488477707 -0.006196455 0.872554421 104.864425659
0.866503775 -0.010097468 0.499068379 8.063144684 0.005845693 0.999932110 0.010081721 -2.561263800 -0.499136239 -0.005818448 0.866503954 105.303588867
