1.000000000 0.000000000 0.000000000 0.000000000 0.000000000 1.000000000 0.000000000 0.000000000 0.000000000 0.000000000 1.000000000 0.000000000
1.000000000 0.000041478 0.000162795 -0.001039129 -0.000041481 1.000000000 0.000017107 0.000208577 -0.000162795 -0.000017113 1.000000000 -0.000211536
0.999999940 0.000197095 0.000150510 -0.001563218 -0.000197106 1.000000000 0.000068924 0.000837265 -0.000150496 -0.000068954 1.000000000 0.001670812
1.000000000 0.000193463 -0.000003799 0.000086653 -0.000193462 0.999999940 0.000156647 -0.001168490 0.000003829 -0.000156647 1.000000000 -0.000373950
0.999999940 0.000263902 0.000138943 -0.001312648 -0.000263915 0.999999940 0.000092253 -0.000165210 -0.000138918 -0.000092289 1.000000000 -0.000007040
1.000000000 0.000030727 0.000024480 -0.000737879 -0.000030729 1.000000000 0.000086018 -0.000170912 -0.000024477 -0.000086019 1.000000000 -0.000700504
1.000000000 0.000074292 0.000146342 -0.002238549 -0.000074289 1.000000000 -0.000017569 0.001451450 -0.000146344 0.000017558 1.000000000 0.003766640
1.000000000 -0.000039845 0.000183267 -0.001519024 0.000039831 1.000000000 0.000076134 0.000809367 -0.000183270 -0.000076127 1.000000000 0.003083983
1.000000000 0.000023376 0.000179018 -0.001782392 -0.000023366 1.000000000 -0.000056531 0.001360761 -0.000179019 0.000056526 1.000000000 0.002600671
1.000000000 -0.000007928 0.000179841 -0.000684371 0.000007922 1.000000000 0.000035521 0.000151712 -0.000179841 -0.000035520 1.000000000 0.000741680
1.000000000 -0.000090785 0.000184215 -0.000930069 0.000090786 1.000000000 -0.000003964 0.001477616 -0.000184214 0.000003980 1.000000000 0.002549408
1.000000000 0.000055499 0.000088356 -0.000529090 -0.000055503 1.000000000 0.000052829 -0.000122272 -0.000088353 -0.000052834 1.000000000 0.000407394
1.000000000 0.000057625 0.000155963 -0.001514385 -0.000057624 1.000000000 -0.000010700 0.001653679 -0.000155964 0.000010691 1.000000000 0.004151560
0.999999940 -0.000025319 0.000262451 -0.002436339 0.000025290 1.000000000 0.000110603 0.001256287 -0.000262454 -0.000110596 0.999999940 0.003979141
1.000000000 0.000015854 0.000162828 -0.002060739 -0.000015865 1.000000000 0.000066711 0.001068163 -0.000162827 -0.000066714 1.000000000 0.003551059
1.000000000 0.000099906 0.000097331 -0.001373210 -0.000099910 1.000000000 0.000046224 0.000498816 -0.000097326 -0.000046234 1.000000000 0.001978559
1.000000000 0.000040433 0.000149732 -0.000764670 -0.000040458 1.000000000 0.000165131 -0.001332352 -0.000149725 -0.000165137 1.000000000 -0.001454163
0.999999940 0.000156232 0.000340290 -0.001885607 -0.000156281 1.000000000 0.000145546 -0.000137769 -0.000340267 -0.000145599 0.999999940 0.001142660
0.999999940 0.000203387 0.000291017 -0.003260630 -0.000203405 1.000000000 0.000060659 0.000661599 -0.000291004 -0.000060718 0.999999940 0.002763634
0.999999940 0.000194510 0.000193990 -0.002239521 -0.000194525 1.000000000 0.000077994 0.000860804 -0.000193974 -0.000078032 1.000000000 0.003635475
0.999999881 0.000377581 0.000311224 -0.003203587 -0.000377638 0.999999940 0.000183067 0.000570877 -0.000311155 -0.000183185 0.999999940 0.003637552
0.999999821 0.000480187 0.000352873 -0.003753511 -0.000480190 0.999999881 0.000008652 0.001408945 -0.000352868 -0.000008821 0.999999940 0.003703454
0.999999940 0.000112009 0.000228850 -0.002476605 -0.000112035 1.000000000 0.000115099 0.000914329 -0.000228837 -0.000115125 0.999999940 0.002968176
0.999999940 0.000117231 0.000320797 -0.001707447 -0.000117269 1.000000000 0.000116650 -0.000268072 -0.000320783 -0.000116688 0.999999940 0.001577082
0.999999940 0.000084964 0.000255739 -0.002143912 -0.000084969 1.000000000 0.000016144 0.000501102 -0.000255737 -0.000016166 0.999999940 0.000293706
1.000000000 0.000039411 0.000200254 -0.001032504 -0.000039400 1.000000000 -0.000054175 0.001596237 -0.000200257 0.000054167 1.000000000 0.002530431
1.000000000 0.000045785 0.000214734 -0.001616221 -0.000045800 1.000000000 0.000071656 0.000286389 -0.000214730 -0.000071666 1.000000000 0.001531513
0.999999940 0.000051313 0.000253780 -0.001409541 -0.000051318 1.000000000 0.000017586 0.000972174 -0.000253779 -0.000017599 0.999999940 0.002188483
0.999999881 0.000244177 0.000355485 -0.003027806 -0.000244172 0.999999940 -0.000015672 0.000960351 -0.000355489 0.000015585 0.999999940 0.001214486
0.999999940 0.000135477 0.000331547 -0.003658074 -0.000135479 1.000000000 0.000005060 0.001796478 -0.000331546 -0.000005104 0.999999940 0.003597286
0.999999940 0.000217833 0.000340396 -0.003130951 -0.000217863 1.000000000 0.000086158 0.000958118 -0.000340378 -0.000086233 0.999999940 0.003135128
0.999999940 0.000131748 0.000301501 -0.002324178 -0.000131784 1.000000000 0.000120324 0.000451622 -0.000301485 -0.000120363 0.999999940 0.001635341
0.999999881 0.000308554 0.000388907 -0.004123777 -0.000308544 0.999999940 -0.000025050 0.002075023 -0.000388915 0.000024930 0.999999940 0.003943436
0.999999881 0.000263689 0.000437229 -0.003256786 -0.000263700 0.999999940 0.000024975 0.001025813 -0.000437222 -0.000025090 0.999999881 0.002486881
0.999999940 0.000164942 0.000268030 -0.000939648 -0.000164979 1.000000000 0.000138646 -0.000359380 -0.000268008 -0.000138691 0.999999940 0.000105399
0.999999881 0.000326594 0.000317075 -0.003255456 -0.000326573 0.999999940 -0.000068707 0.003465042 -0.000317097 0.000068603 0.999999940 0.006206411
0.999999940 0.000171182 0.000309641 -0.003439329 -0.000171167 1.000000000 -0.000048323 0.004433767 -0.000309650 0.000048270 0.999999940 0.007129667
0.999999940 -0.000091179 0.000259596 -0.001252412 0.000091166 1.000000000 0.000049245 0.001307130 -0.000259601 -0.000049221 0.999999940 0.002650066
0.999999881 0.000330322 0.000348389 -0.002882522 -0.000330383 0.999999940 0.000176164 0.000948341 -0.000348331 -0.000176279 0.999999940 0.003243731
0.999999940 0.000006175 0.000251646 -0.001434346 -0.000006191 1.000000000 0.000062365 0.001480053 -0.000251646 -0.000062366 0.999999940 0.002796435
0.999999881 0.000101148 0.000476129 -0.003207166 -0.000101139 1.000000000 -0.000017980 0.001717193 -0.000476130 0.000017932 0.999999881 0.004856113
0.999999940 -0.000194229 0.000235832 0.000480167 0.000194426 0.999999642 -0.000836976 0.001075362 -0.000235669 0.000837022 0.999999642 0.055315342
0.999999881 0.000259542 0.000380449 -0.002031426 -0.000259146 0.999999404 -0.001040016 -0.006846654 -0.000380718 0.001039918 0.999999404 0.131726936
1.000000000 0.000214128 0.000090297 0.002927261 -0.000213975 0.999998569 -0.001691832 -0.002976683 -0.000090659 0.001691813 0.999998569 0.255951643
1.000000000 0.000199770 0.000086848 0.004766770 -0.000199666 0.999999285 -0.001195811 -0.012103778 -0.000087087 0.001195793 0.999999285 0.386275917
0.999999940 0.000226948 0.000182242 0.008222147 -0.000226776 0.999999523 -0.000941535 -0.017528106 -0.000182456 0.000941494 0.999999523 0.524741173
0.999999940 0.000334516 0.000092304 0.012831733 -0.000334440 0.999999583 -0.000820235 -0.025633696 -0.000092579 0.000820204 0.999999642 0.666769445
0.999999881 0.000378633 0.000337592 0.015756017 -0.000378339 0.999999523 -0.000871879 -0.026245806 -0.000337922 0.000871751 0.999999583 0.837606013
0.999999940 0.000316245 0.000159148 0.017496316 -0.000316130 0.999999702 -0.000720281 -0.027947871 -0.000159376 0.000720231 0.999999702 1.014655948
1.000000000 0.000047455 0.000021155 0.021856839 -0.000047447 0.999999940 -0.000350542 -0.033870023 -0.000021171 0.000350541 0.999999940 1.191747785
0.999999821 0.000440733 0.000333374 0.018446980 -0.000440544 0.999999762 -0.000566799 -0.036365077 -0.000333624 0.000566652 0.999999762 1.368298531
1.000000000 0.000167367 0.000053176 0.036382221 -0.000167371 1.000000000 0.000062423 -0.052124813 -0.000053165 -0.000062432 1.000000000 1.567225456
0.999999762 0.000548849 0.000395617 0.036412966 -0.000548783 0.999999821 -0.000166064 -0.052039340 -0.000395708 0.000165847 0.999999881 1.760250211
0.999999940 0.000272422 -0.000059539 0.040702675 -0.000272452 0.999999821 -0.000502923 -0.052277174 0.000059402 0.000502939 0.999999881 1.958473444
0.999999583 0.000735664 0.000593637 0.038944323 -0.000735594 0.999999702 -0.000117857 -0.067032397 -0.000593724 0.000117420 0.999999821 2.157817841
0.999999702 0.000668361 -0.000447610 0.060207795 -0.000669369 0.999997199 -0.002255801 -0.043513454 0.000446101 0.002256100 0.999997377 2.397863865
0.999999523 0.000863568 -0.000606524 0.072141007 -0.000864798 0.999997616 -0.002031845 -0.053483449 0.000604768 0.002032369 0.999997735 2.610061169
0.999999523 0.000777262 -0.000557165 0.070463493 -0.000778584 0.999996841 -0.002376073 -0.056449290 0.000555317 0.002376505 0.999997020 2.841332197
0.999999404 0.000425917 -0.001011113 0.081903718 -0.000427863 0.999998093 -0.001925904 -0.066510133 0.001010291 0.001926335 0.999997675 3.075983286
0.999999404 0.000325915 -0.000964464 0.081042781 -0.000328412 0.999996603 -0.002589645 -0.065279216 0.000963616 0.002589961 0.999996185 3.315258026
0.999999642 0.000549734 -0.000551176 0.086132362 -0.000551022 0.999997139 -0.002339381 -0.077329084 0.000549889 0.002339685 0.999997079 3.559471130
0.999999642 0.000236916 -0.000822265 0.089274466 -0.000239225 0.999996066 -0.002809405 -0.077692151 0.000821596 0.002809600 0.999995708 3.825355768
0.999999762 0.000263238 -0.000696375 0.097967878 -0.000265082 0.999996543 -0.002648925 -0.088883534 0.000695675 0.002649109 0.999996364 4.079676628
0.999999762 0.000306976 -0.000648436 0.099230222 -0.000308412 0.999997497 -0.002215601 -0.098159924 0.000647754 0.002215800 0.999997377 4.337963581
0.999999940 0.000248302 -0.000323315 0.095572636 -0.000249081 0.999997079 -0.002410321 -0.101664819 0.000322716 0.002410401 0.999997020 4.589335918
0.999999821 0.000557336 -0.000276486 0.102911368 -0.000557933 0.999997497 -0.002161811 -0.111260265 0.000275281 0.002161965 0.999997616 4.844793797
0.999999940 0.000046681 -0.000282211 0.105920263 -0.000047329 0.999997377 -0.002295952 -0.116415426 0.000282103 0.002295965 0.999997318 5.114559650
1.000000000 0.000252734 -0.000132163 0.109280422 -0.000253037 0.999997318 -0.002297103 -0.123527713 0.000131582 0.002297136 0.999997318 5.368784904
0.999999762 0.000591182 -0.000372936 0.123315722 -0.000591982 0.999997497 -0.002147811 -0.141779095 0.000371665 0.002148031 0.999997616 5.644072056
0.999999762 0.000370948 -0.000558196 0.128430769 -0.000371956 0.999998212 -0.001805224 -0.150743574 0.000557525 0.001805432 0.999998212 5.911933899
0.999999821 0.000411225 -0.000484263 0.137496457 -0.000412050 0.999998450 -0.001705437 -0.162147462 0.000483561 0.001705636 0.999998391 6.189544678
0.999999285 0.000948919 -0.000735729 0.143338636 -0.000950276 0.999997795 -0.001845875 -0.170400813 0.000733976 0.001846573 0.999998033 6.465611458
0.999999702 0.000682998 -0.000268194 0.138366371 -0.000683508 0.999997973 -0.001907089 -0.182552695 0.000266891 0.001907272 0.999998152 6.752680302
0.999999523 0.000904768 0.000004472 0.140138149 -0.000904756 0.999997020 -0.002274495 -0.186697409 -0.000006530 0.002274490 0.999997377 7.056022644
0.999999642 0.000869152 -0.000070914 0.144764796 -0.000869316 0.999996901 -0.002344169 -0.192965806 0.000068876 0.002344230 0.999997258 7.355339050
0.999999642 0.000764471 0.000298730 0.151738927 -0.000763714 0.999996483 -0.002527821 -0.201108977 -0.000300662 0.002527592 0.999996781 7.660820961
0.999999702 0.000713510 0.000173701 0.160809502 -0.000713186 0.999997973 -0.001860535 -0.218270928 -0.000175028 0.001860411 0.999998212 7.953401089
0.999999583 0.000934546 -0.000039167 0.167678505 -0.000934613 0.999998033 -0.001756673 -0.231893674 0.000037525 0.001756709 0.999998450 8.293686867
0.999999583 0.000916449 0.000015473 0.175883636 -0.000916414 0.999997318 -0.002123571 -0.240380511 -0.000017420 0.002123556 0.999997735 8.620920181
0.999999166 0.001108388 0.000747208 0.170176774 -0.001106601 0.999996483 -0.002388183 -0.243059456 -0.000749852 0.002387354 0.999996841 8.972037315
0.999999404 0.000955030 0.000569600 0.177705303 -0.000953689 0.999996841 -0.002350173 -0.257410049 -0.000571842 0.002349628 0.999997020 9.303717613
0.999999642 0.000857566 0.000512959 0.183031470 -0.000856681 0.999998093 -0.001724599 -0.273395300 -0.000514437 0.001724159 0.999998391 9.634016037
1.000000000 0.000311695 0.000282841 0.197635338 -0.000311157 0.999998093 -0.001901174 -0.284882724 -0.000283433 0.001901086 0.999998212 9.974820137
0.999999762 0.000732852 0.000211385 0.203729331 -0.000732518 0.999998450 -0.001575974 -0.298238158 -0.000212540 0.001575818 0.999998748 10.334493637
0.999999344 0.001094900 0.000375620 0.200241163 -0.001094353 0.999998331 -0.001455609 -0.311087310 -0.000377214 0.001455197 0.999998868 10.688510895
0.999999464 0.000814198 0.000497324 0.210767016 -0.000813475 0.999998569 -0.001454198 -0.321625084 -0.000498507 0.001453793 0.999998808 11.053792953
0.999999106 0.001099548 0.000735826 0.213508591 -0.001098275 0.999997854 -0.001728578 -0.331025004 -0.000737726 0.001727768 0.999998212 11.435774803
0.999999344 0.000948524 0.000661577 0.221688330 -0.000947673 0.999998748 -0.001285235 -0.346335560 -0.000662796 0.001284607 0.999998927 11.803380013
0.999998927 0.001321772 0.000705929 0.230763420 -0.001320740 0.999998093 -0.001460301 -0.359706581 -0.000707858 0.001459367 0.999998689 12.185272217
0.999999106 0.001155855 0.000704577 0.239617467 -0.001154562 0.999997675 -0.001832826 -0.363591552 -0.000706694 0.001832011 0.999998093 12.582594872
0.999998927 0.001107101 0.000980822 0.244999692 -0.001105240 0.999997616 -0.001896029 -0.373981357 -0.000982919 0.001894943 0.999997735 12.980222702
0.999998689 0.001279454 0.000924000 0.250215381 -0.001277799 0.999997556 -0.001789367 -0.385512978 -0.000926288 0.001788184 0.999997973 13.375727654
0.999998152 0.001308708 0.001332105 0.257481307 -0.001306456 0.999997675 -0.001690014 -0.394855410 -0.001334314 0.001688271 0.999997675 13.792223930
0.999998093 0.001306391 0.001437093 0.267078996 -0.001303774 0.999997497 -0.001820377 -0.407540709 -0.001439467 0.001818500 0.999997318 14.193200111
0.999997735 0.001462615 0.001570564 0.277604550 -0.001459481 0.999997020 -0.001994784 -0.418866962 -0.001573477 0.001992487 0.999996781 14.618051529
0.999998271 0.001095999 0.001461895 0.292549998 -0.001094081 0.999998569 -0.001312143 -0.440213114 -0.001463331 0.001310541 0.999998093 15.036619186
0.999998093 0.001156122 0.001560999 0.305221796 -0.001153554 0.999997973 -0.001645061 -0.451274693 -0.001562897 0.001643257 0.999997437 15.463326454
0.999997556 0.001032475 0.001945561 0.315031052 -0.001029559 0.999998331 -0.001499581 -0.465034068 -0.001947105 0.001497575 0.999996960 15.898995399
0.999997318 0.001074884 0.002119458 0.324912816 -0.001071221 0.999997914 -0.001728858 -0.475525886 -0.002121310 0.001726583 0.999996185 16.340902328
0.999995887 0.001361399 0.002515197 0.332142532 -0.001357196 0.999997675 -0.001672102 -0.490714401 -0.002517468 0.001668682 0.999995351 16.787137985
0.999994814 0.001324615 0.002934632 0.342345923 -0.001320194 0.999997973 -0.001508017 -0.505820632 -0.002936624 0.001504135 0.999994576 17.237245560
0.999994099 0.001400027 0.003135144 0.351967186 -0.001395762 0.999998093 -0.001361998 -0.517333627 -0.003137044 0.001357614 0.999994159 17.698400497
0.999991596 0.001482071 0.003817393 0.362008572 -0.001476412 0.999997795 -0.001484834 -0.530285478 -0.003819585 0.001479186 0.999991596 18.159763336
0.999992430 0.001242259 0.003688412 0.378462076 -0.001237975 0.999998510 -0.001163517 -0.542797148 -0.003689851 0.001158942 0.999992549 18.619686127
0.999991238 0.001217331 0.004014820 0.387796432 -0.001213126 0.999998689 -0.001049605 -0.555325449 -0.004016093 0.001044725 0.999991417 19.095624924
0.999989450 0.001236015 0.004407742 0.398546815 -0.001227089 0.999997199 -0.002027061 -0.560372770 -0.004410234 0.002021631 0.999988258 19.582496643
0.999991059 0.000972477 0.004105263 0.404719770 -0.000965019 0.999997854 -0.001818311 -0.574898958 -0.004107022 0.001814333 0.999989927 20.053163528
0.999989808 0.001798285 0.004149499 0.417704821 -0.001790433 0.999996603 -0.001895126 -0.590285242 -0.004152893 0.001887677 0.999989629 20.541999817
0.999989748 0.001730309 0.004193799 0.432350755 -0.001722465 0.999996781 -0.001873203 -0.602307916 -0.004197026 0.001865959 0.999989450 21.037677765
0.999993682 0.001587611 0.003175913 0.444337696 -0.001582584 0.999997437 -0.001584433 -0.620126486 -0.003178420 0.001579397 0.999993682 21.538019180
0.999993145 0.001593349 0.003345915 0.449310422 -0.001588408 0.999997616 -0.001478858 -0.637266576 -0.003348263 0.001473533 0.999993324 22.046020508
0.999996126 0.001566443 0.002291979 0.467748702 -0.001563015 0.999997675 -0.001496081 -0.649831653 -0.002294317 0.001492493 0.999996245 22.545520782
0.999997437 0.001558303 0.001629938 0.480456442 -0.001556572 0.999998271 -0.001063055 -0.669701278 -0.001631592 0.001060516 0.999998093 23.063331604
0.999997616 0.001705437 0.001347110 0.488163173 -0.001703671 0.999997735 -0.001310619 -0.689365268 -0.001349342 0.001308321 0.999998212 23.585424423
0.999999642 0.000718866 0.000410179 0.496799529 -0.000718176 0.999998331 -0.001680835 -0.703443229 -0.000411387 0.001680540 0.999998510 24.094976425
0.999998808 0.001569410 -0.000159974 0.503994882 -0.001569667 0.999997497 -0.001621290 -0.716555536 0.000157429 0.001621539 0.999998748 24.633670807
0.999997199 0.002214535 -0.000813554 0.518950701 -0.002215713 0.999996483 -0.001449308 -0.732914329 0.000810341 0.001451107 0.999998569 25.160598755
0.999996185 0.001981157 -0.001939460 0.538938940 -0.001983043 0.999997616 -0.000970874 -0.752992809 0.001937532 0.000974716 0.999997616 25.683734894
0.999996006 0.001529391 -0.002346417 0.552269816 -0.001531640 0.999998331 -0.000957222 -0.775112569 0.002344949 0.000960813 0.999996722 26.239181519
0.999996722 0.001716338 -0.001897263 0.536724865 -0.001718535 0.999997854 -0.001157192 -0.773965836 0.001895273 0.001160449 0.999997556 26.792634964
0.999997079 0.001367877 -0.001987448 0.549206674 -0.001369138 0.999998868 -0.000633680 -0.800138593 0.001986579 0.000636399 0.999997854 27.332035065
0.999994874 0.002315377 -0.002236528 0.559899092 -0.002317273 0.999997020 -0.000845206 -0.818790674 0.002234564 0.000850385 0.999997199 27.886039734
0.999991775 0.002872370 -0.002865629 0.569286227 -0.002875323 0.999995351 -0.001026452 -0.827076435 0.002862668 0.001034683 0.999995351 28.413934708
0.999991536 0.002881463 -0.002943105 0.577172995 -0.002884267 0.999995530 -0.000948877 -0.843357444 0.002940357 0.000957358 0.999995232 28.955415726
0.999989808 0.002809909 -0.003528236 0.587377369 -0.002813054 0.999995589 -0.000886700 -0.858649671 0.003525729 0.000896616 0.999993384 29.510087967
0.999988198 0.002981053 -0.003815273 0.590816498 -0.002984653 0.999995112 -0.000938256 -0.871209621 0.003812457 0.000949633 0.999992311 30.052801132
0.999987125 0.002801968 -0.004216205 0.605801225 -0.002806170 0.999995589 -0.000990913 -0.890012324 0.004213409 0.001002731 0.999990702 30.593887329
0.999986172 0.003034311 -0.004321805 0.609714150 -0.003038071 0.999994993 -0.000863638 -0.906391680 0.004319164 0.000876756 0.999990225 31.136232376
0.999984086 0.003326328 -0.004538334 0.617860377 -0.003330093 0.999994099 -0.000822361 -0.920551896 0.004535572 0.000837461 0.999989390 31.683448792
0.999981582 0.003292605 -0.005086564 0.631646752 -0.003295737 0.999994397 -0.000607538 -0.942066371 0.005084535 0.000624291 0.999986887 32.225589752
0.999983490 0.003337302 -0.004677835 0.631226838 -0.003340132 0.999994218 -0.000597327 -0.950637281 0.004675814 0.000612942 0.999988854 32.766483307
0.999979556 0.004189252 -0.004823292 0.638145804 -0.004195525 0.999990344 -0.001291205 -0.965224266 0.004817836 0.001311415 0.999987543 33.299896240
0.999980450 0.003524238 -0.005169638 0.650670111 -0.003527974 0.999993503 -0.000713815 -0.982559383 0.005167088 0.000732039 0.999986410 33.862869263
0.999979496 0.003283188 -0.005503304 0.652903438 -0.003285189 0.999994516 -0.000354581 -1.000038266 0.005502110 0.000372653 0.999984860 34.413249969
0.999980211 0.003610425 -0.005146344 0.657964766 -0.003615580 0.999992967 -0.000992684 -1.010424733 0.005142724 0.001011272 0.999986291 34.963245392
0.999982357 0.003253870 -0.004971438 0.664554298 -0.003257836 0.999994397 -0.000789835 -1.026583910 0.004968841 0.000806017 0.999987364 35.507572174
0.999978840 0.003535987 -0.005463328 0.680224895 -0.003539431 0.999993563 -0.000620981 -1.052800059 0.005461097 0.000640305 0.999984920 36.040447235
0.999976754 0.003659471 -0.005745080 0.686532557 -0.003665559 0.999992728 -0.001049529 -1.057455540 0.005741197 0.001070564 0.999982953 36.609394073
0.999964178 0.003289266 -0.007800536 0.703998148 -0.003297402 0.999994040 -0.001030270 -1.072124004 0.007797101 0.001055954 0.999969065 37.157417297
0.999974191 0.003742091 -0.006129061 0.700084567 -0.003748085 0.999992490 -0.000966911 -1.092623949 0.006125397 0.000989858 0.999980688 37.711891174
0.999975383 0.003215516 -0.006239836 0.706909835 -0.003223809 0.999993980 -0.001319581 -1.103323340 0.006235555 0.001339664 0.999979675 38.259723663
0.999975383 0.003680176 -0.005973867 0.709406316 -0.003688190 0.999992311 -0.001331132 -1.118869185 0.005968922 0.001353132 0.999981225 38.810928345
0.999970734 0.003985875 -0.006527772 0.721780539 -0.003992402 0.999991477 -0.000987168 -1.141128898 0.006523783 0.001013201 0.999978185 39.356033325
0.999969363 0.004149919 -0.006640344 0.735505223 -0.004155431 0.999991059 -0.000816630 -1.160338640 0.006636896 0.000844198 0.999977589 39.899539948
0.999969959 0.003793086 -0.006763744 0.740684032 -0.003797631 0.999992669 -0.000659344 -1.177551270 0.006761193 0.000685010 0.999976933 40.461788177
0.999967933 0.003966554 -0.006962731 0.754129887 -0.003973241 0.999991715 -0.000946944 -1.191677213 0.006958916 0.000974578 0.999975383 41.003433228
0.999969602 0.003928093 -0.006737136 0.756258845 -0.003933595 0.999991894 -0.000803624 -1.199317575 0.006733925 0.000830100 0.999976993 41.553146362
0.999965847 0.004207380 -0.007111536 0.755772352 -0.004214281 0.999990642 -0.000955496 -1.216038942 0.007107451 0.000985433 0.999974251 42.107383728
0.999963522 0.004276054 -0.007392988 0.768728614 -0.004287951 0.999989569 -0.001594017 -1.222680807 0.007386095 0.001625659 0.999971390 42.663856506
0.999962628 0.003927186 -0.007707479 0.785895348 -0.003931168 0.999992132 -0.000501478 -1.253860235 0.007705449 0.000531758 0.999970138 43.187362671
0.999967277 0.004167972 -0.006935569 0.767345190 -0.004173657 0.999990880 -0.000805379 -1.262627363 0.006932150 0.000834299 0.999975562 43.749649048
0.999971092 0.003961884 -0.006496234 0.770539761 -0.003962864 0.999992073 -0.000137759 -1.282952428 0.006495637 0.000163499 0.999978840 44.290195465
0.999967813 0.004751850 -0.006476980 0.773452520 -0.004751207 0.999988675 0.000114665 -1.298517823 0.006477452 -0.000083888 0.999979079 44.833515167
0.999965906 0.004350491 -0.007010587 0.786577106 -0.004358019 0.999989927 -0.001058929 -1.301315784 0.007005909 0.001089445 0.999974847 45.392040253
0.999968648 0.004119424 -0.006769382 0.799267530 -0.004128742 0.999990582 -0.001363229 -1.315937757 0.006763702 0.001391135 0.999976158 45.932384491
0.999965191 0.003330599 -0.007649188 0.814890027 -0.003341470 0.999993324 -0.001408859 -1.329482794 0.007644446 0.001434370 0.999969780 46.466388702
0.999959767 0.004177419 -0.007951766 0.825181723 -0.004182582 0.999991179 -0.000632651 -1.350848675 0.007949053 0.000665885 0.999968171 47.026165009
0.999958873 0.003386311 -0.008415419 0.836277008 -0.003391522 0.999994099 -0.000604825 -1.367099404 0.008413321 0.000633341 0.999964356 47.564147949
0.999958038 0.004094386 -0.008202385 0.837691844 -0.004099137 0.999991477 -0.000562461 -1.382622361 0.008200012 0.000596061 0.999966145 48.113548279
0.999961495 0.003747563 -0.007935652 0.837998688 -0.003753299 0.999992728 -0.000708159 -1.393696308 0.007932940 0.000737917 0.999968290 48.669811249
0.999959826 0.004049551 -0.007994059 0.848365426 -0.004053232 0.999991655 -0.000444390 -1.411908746 0.007992193 0.000476774 0.999967933 49.210613251
0.999957800 0.004196426 -0.008173534 0.859551072 -0.004201537 0.999991000 -0.000608422 -1.426036954 0.008170906 0.000642738 0.999966502 49.754123688
0.999958873 0.003761899 -0.008248913 0.861867249 -0.003765893 0.999992788 -0.000468609 -1.446727991 0.008247091 0.000499655 0.999965787 50.305969238
0.999956906 0.003688801 -0.008511787 0.870565176 -0.003696859 0.999992669 -0.000931153 -1.460670710 0.008508289 0.000962580 0.999963343 50.854381561
0.999957323 0.003123656 -0.008687012 0.877451777 -0.003129496 0.999994814 -0.000658747 -1.479688168 0.008684910 0.000685904 0.999962032 51.392654419
0.999952614 0.003870876 -0.008931119 0.883592248 -0.003876896 0.999992192 -0.000656785 -1.495854974 0.008928508 0.000691379 0.999959886 51.949142456
0.999950588 0.003924883 -0.009127509 0.896185637 -0.003935147 0.999991596 -0.001106819 -1.510000944 0.009123088 0.001142682 0.999957800 52.492984772
0.999958277 0.003458889 -0.008452493 0.893637300 -0.003466059 0.999993682 -0.000833785 -1.526656270 0.008449555 0.000863047 0.999963939 53.035675049
0.999954283 0.003596714 -0.008855038 0.897957921 -0.003605308 0.999993026 -0.000954737 -1.540987372 0.008851542 0.000986619 0.999960363 53.595172882
0.999958396 0.002788425 -0.008690624 0.910860956 -0.002798508 0.999995530 -0.001148322 -1.557379007 0.008687383 0.001172595 0.999961615 54.143676758
0.999956429 0.003768281 -0.008554352 0.913398921 -0.003774397 0.999992609 -0.000698989 -1.579477549 0.008551655 0.000731246 0.999963284 54.684680939
0.999950051 0.003648806 -0.009303778 0.924688458 -0.003660638 0.999992490 -0.001255164 -1.587238312 0.009299130 0.001289160 0.999955893 55.213577271
0.999950707 0.004091089 -0.009052813 0.928349316 -0.004104879 0.999990463 -0.001505229 -1.601630688 0.009046569 0.001542316 0.999957919 55.765647888
0.999947965 0.004124437 -0.009332682 0.930855095 -0.004137435 0.999990523 -0.001373835 -1.613527656 0.009326926 0.001412377 0.999955535 56.293624878
0.999953449 0.003807613 -0.008871107 0.946113110 -0.003818379 0.999991953 -0.001196938 -1.633137226 0.008866480 0.001230755 0.999959946 56.826793671
0.999947011 0.003850795 -0.009549004 0.949818730 -0.003864530 0.999991536 -0.001420283 -1.644920111 0.009543453 0.001457110 0.999953389 57.382804871
0.999944448 0.003811592 -0.009826356 0.956400573 -0.003826854 0.999991477 -0.001534849 -1.664039373 0.009820421 0.001572368 0.999950528 57.926120758
0.999950230 0.003914904 -0.009178535 0.960162759 -0.003929537 0.999991059 -0.001576690 -1.677491188 0.009172281 0.001612679 0.999956548 58.469768524
0.999950111 0.004181058 -0.009072194 0.962023318 -0.004195939 0.999989867 -0.001621850 -1.689665794 0.009065321 0.001659835 0.999957502 59.018009186
0.999950171 0.004226920 -0.009045430 0.970166564 -0.004241166 0.999989808 -0.001556270 -1.708266973 0.009038759 0.001594555 0.999957860 59.551147461
0.999946773 0.004144780 -0.009441380 0.973200381 -0.004163811 0.999989450 -0.001997060 -1.719790459 0.009433001 0.002036266 0.999953449 60.109771729
0.999941766 0.004060967 -0.009997250 0.980822980 -0.004080843 0.999989748 -0.001968445 -1.734681964 0.009989155 0.002009128 0.999948084 60.662189484
0.999944210 0.003789888 -0.009868042 0.991865695 -0.003811247 0.999990463 -0.002146409 -1.750390530 0.009859812 0.002183899 0.999948978 61.204254150
0.999947011 0.004559115 -0.009220441 0.981282771 -0.004579715 0.999987066 -0.002214276 -1.759860396 0.009210226 0.002256386 0.999955058 61.742740631
0.999946654 0.004509492 -0.009287806 0.984152913 -0.004533091 0.999986649 -0.002521380 -1.775823951 0.009276311 0.002563348 0.999953687 62.291633606
0.999950945 0.004762468 -0.008687443 0.988145292 -0.004780307 0.999986529 -0.002033707 -1.795740366 0.008677642 0.002075136 0.999960184 62.848735809
0.999948502 0.004890685 -0.008894661 0.987294257 -0.004909099 0.999985814 -0.002049513 -1.810488701 0.008884511 0.002093072 0.999958336 63.375308990
0.999949634 0.005027069 -0.008684371 0.990605235 -0.005043530 0.999985456 -0.001874564 -1.830383778 0.008674821 0.001918269 0.999960542 63.935180664
0.999953926 0.005266360 -0.008020977 0.982040465 -0.005280970 0.999984443 -0.001801327 -1.848366618 0.008011365 0.001843602 0.999966204 64.483078003
0.999945700 0.005294650 -0.008977493 1.001117468 -0.005312063 0.999984026 -0.001916859 -1.861189961 0.008967200 0.001964444 0.999957860 64.994468689
0.999943495 0.004930927 -0.009420319 1.013328910 -0.004945242 0.999986649 -0.001496936 -1.882694483 0.009412812 0.001543437 0.999954522 65.541473389
0.999948144 0.005015410 -0.008870091 1.019968629 -0.005028622 0.999986172 -0.001467799 -1.897604704 0.008862608 0.001512327 0.999959588 66.081756592
0.999948621 0.005159622 -0.008726829 1.011823297 -0.005175498 0.999984980 -0.001797677 -1.912666917 0.008717422 0.001842750 0.999960303 66.625625610
0.999943912 0.005488774 -0.009057997 1.021368265 -0.005504634 0.999983311 -0.001726886 -1.931244731 0.009048369 0.001776650 0.999957502 67.173988342
0.999944389 0.005387729 -0.009057360 1.030117035 -0.005402912 0.999983966 -0.001652635 -1.946971893 0.009048311 0.001701479 0.999957621 67.709129333
0.999943078 0.005933632 -0.008868353 1.039440751 -0.005945794 0.999981523 -0.001345728 -1.971997261 0.008860203 0.001398381 0.999959767 68.245574951
0.999942541 0.006241570 -0.008707207 1.036849499 -0.006258406 0.999978602 -0.001907716 -1.985412836 0.008695113 0.001962100 0.999960303 68.795127869
0.999944031 0.006116267 -0.008643389 1.051960230 -0.006128566 0.999980211 -0.001397083 -2.007253647 0.008634673 0.001449977 0.999961674 69.333549500
0.999946535 0.006209212 -0.008265988 1.047748804 -0.006223844 0.999979079 -0.001745628 -2.014514923 0.008254976 0.001796981 0.999964297 69.860336304
0.999947965 0.006274802 -0.008043508 1.048273206 -0.006289996 0.999978483 -0.001865092 -2.026509762 0.008031633 0.001915589 0.999965847 70.419555664
0.999945521 0.006096806 -0.008463853 1.057786465 -0.006112825 0.999979496 -0.001867926 -2.043458939 0.008452291 0.001919563 0.999962449 70.953941345
0.999937773 0.006321314 -0.009186696 1.076425195 -0.006337978 0.999978244 -0.001785867 -2.059074879 0.009175208 0.001843981 0.999956250 71.502731323
0.999943972 0.006273263 -0.008523602 1.068780422 -0.006288283 0.999978662 -0.001736518 -2.077142000 0.008512527 0.001790019 0.999962151 72.042877197
0.999939024 0.006735129 -0.008744331 1.074523926 -0.006750938 0.999975622 -0.001779794 -2.095076799 0.008732131 0.001838718 0.999960184 72.594085693
0.999945998 0.006178431 -0.008356974 1.076869488 -0.006194207 0.999979079 -0.001863075 -2.110371351 0.008345287 0.001914739 0.999963343 73.132522583
0.999944210 0.006414344 -0.008392548 1.078355312 -0.006432507 0.999976993 -0.002139033 -2.122399092 0.008378635 0.002192899 0.999962449 73.681709290
0.999941945 0.006151657 -0.008847404 1.092853069 -0.006168663 0.999979198 -0.001896220 -2.144496441 0.008835556 0.001950687 0.999958992 74.207473755
0.999940991 0.006227398 -0.008894850 1.104513288 -0.006240468 0.999979496 -0.001442384 -2.162955999 0.008885683 0.001497807 0.999959409 74.738647461
0.999944270 0.005782253 -0.008828077 1.106743693 -0.005793366 0.999982476 -0.001233604 -2.179887295 0.008820787 0.001284679 0.999960303 75.284294128
0.999942362 0.005945501 -0.008938344 1.115313530 -0.005958728 0.999981105 -0.001453993 -2.198184490 0.008929533 0.001507171 0.999958932 75.822944641
0.999935389 0.006252102 -0.009491516 1.124773502 -0.006265568 0.999979317 -0.001389710 -2.215073586 0.009482632 0.001449089 0.999954045 76.365348816
0.999944448 0.005855692 -0.008763764 1.129471302 -0.005870860 0.999981284 -0.001705936 -2.231916189 0.008753612 0.001757292 0.999960184 76.911506653
0.999944627 0.005770818 -0.008802832 1.126803041 -0.005783022 0.999982357 -0.001361560 -2.247521877 0.008794820 0.001412391 0.999960303 77.446563721
0.999940455 0.005839127 -0.009217077 1.136003137 -0.005845131 0.999982715 -0.000624546 -2.274304628 0.009213272 0.000678384 0.999957323 77.978958130
0.999948204 0.005884348 -0.008308188 1.133863211 -0.005899799 0.999980927 -0.001836460 -2.277936935 0.008297224 0.001885382 0.999963760 78.543991089
0.999944806 0.005830516 -0.008742515 1.146458983 -0.005841194 0.999982178 -0.001196497 -2.299449921 0.008735384 0.001247498 0.999961078 79.065002441
0.999944568 0.006287253 -0.008455495 1.146317482 -0.006302585 0.999978483 -0.001787790 -2.309954882 0.008444074 0.001840982 0.999962628 79.617866516
0.999940276 0.006097375 -0.009065779 1.158706188 -0.006112440 0.999979973 -0.001634982 -2.326775551 0.009055628 0.001690299 0.999957502 80.142974854
0.999950945 0.006077588 -0.007823508 1.163339734 -0.006088696 0.999980509 -0.001396782 -2.342487812 0.007814866 0.001444348 0.999968410 80.694229126
0.999955118 0.006641081 -0.006763980 1.167481899 -0.006650691 0.999976873 -0.001399303 -2.361701965 0.006754532 0.001444226 0.999976099 81.227035522
0.999964595 0.006277062 -0.005600337 1.181465268 -0.006283245 0.999979675 -0.001087128 -2.382614136 0.005593400 0.001122277 0.999983728 81.766220093
0.999971271 0.006361176 -0.004102484 1.189804077 -0.006367173 0.999978662 -0.001450498 -2.394107103 0.004093169 0.001476578 0.999990463 82.314338684
0.999980271 0.006184218 -0.001066644 1.206961870 -0.006185960 0.999979556 -0.001638667 -2.408478737 0.001056489 0.001645233 0.999998033 82.869346619
0.999977171 0.006357116 0.002276842 1.222694993 -0.006354223 0.999979019 -0.001275501 -2.425298214 -0.002284904 0.001261005 0.999996603 83.407272339
0.999957681 0.006769931 0.006224635 1.222385049 -0.006761952 0.999976277 -0.001301811 -2.449420929 -0.006233299 0.001259665 0.999979794 83.928047180
0.999922931 0.006517053 0.010558531 1.251664996 -0.006505337 0.999978185 -0.001143506 -2.472509146 -0.010565752 0.001074731 0.999943614 84.468589783
0.999836743 0.006799093 0.016741559 1.275702119 -0.006781927 0.999976397 -0.001081848 -2.487610579 -0.016748516 0.000968132 0.999859273 85.006034851
0.999734163 0.005959569 0.022272728 1.305047512 -0.005935459 0.999981701 -0.001148417 -2.504306555 -0.022279164 0.001015913 0.999751270 85.556861877
0.999597907 0.006225360 0.027663995 1.340925574 -0.006197207 0.999980152 -0.001103305 -2.520838499 -0.027670313 0.000931422 0.999616623 86.080177307
0.999313474 0.006570149 0.036458921 1.363547325 -0.006537165 0.999978065 -0.001023820 -2.536714554 -0.036464848 0.000784779 0.999334633 86.630218506
0.998984814 0.006413280 0.044588551 1.407960415 -0.006365369 0.999979079 -0.001216391 -2.551535368 -0.044595420 0.000931334 0.999004722 87.183052063
0.998639703 0.006033672 0.051791612 1.443855762 -0.005980168 0.999981403 -0.001187991 -2.566872358 -0.051797807 0.000876652 0.998657346 87.713020325
0.998125434 0.005893558 0.060917266 1.496425867 -0.005818855 0.999982119 -0.001403625 -2.579814911 -0.060924444 0.001046525 0.998141944 88.260459900
0.997435689 0.006659725 0.071257845 1.555833340 -0.006566842 0.999977291 -0.001537685 -2.594855070 -0.071266465 0.001065803 0.997456789 88.793312073
0.996832073 0.005806904 0.079321198 1.614938736 -0.005728245 0.999982834 -0.001219176 -2.618852377 -0.079326913 0.000760943 0.996848345 89.340316772
0.996187329 0.005098884 0.087089889 1.684395313 -0.004994966 0.999986470 -0.001411115 -2.635687351 -0.087095916 0.000970724 0.996199489 89.885864258
0.995154500 0.005449102 0.098172523 1.749590397 -0.005350346 0.999984860 -0.001269171 -2.650337934 -0.098177955 0.000737764 0.995168626 90.416481018
0.994018376 0.005781641 0.109059967 1.817858696 -0.005664833 0.999982953 -0.001380834 -2.662242889 -0.109066099 0.000754767 0.994034290 90.965026855
0.992973804 0.004961280 0.118230164 1.903188705 -0.004805523 0.999987185 -0.001602448 -2.675194502 -0.118236601 0.001023031 0.992984951 91.469245911
0.991564810 0.005574744 0.129491195 1.984334946 -0.005499186 0.999984384 -0.000941041 -2.701861382 -0.129494414 0.000221007 0.991580069 92.047988892
0.989961565 0.004842145 0.141253784 2.089478493 -0.004697431 0.999988019 -0.001357918 -2.716409922 -0.141258702 0.000680756 0.989972472 92.590309143
0.988340378 0.005234447 0.152170807 2.191381454 -0.005178698 0.999986172 -0.000762691 -2.738987684 -0.152172729 -0.000034249 0.988353848 93.133193970
0.986694217 0.004324040 0.162529334 2.302866936 -0.004176184 0.999990463 -0.001251365 -2.748692036 -0.162533224 0.000555963 0.986702859 93.663406372
0.984444797 0.004694729 0.175631464 2.420650482 -0.004533192 0.999988914 -0.001320949 -2.766185760 -0.175635710 0.000504230 0.984455168 94.190460205
0.982224345 0.003713512 0.187673956 2.548775673 -0.003518476 0.999992907 -0.001372342 -2.781773329 -0.187677741 0.000687621 0.982230425 94.710113525
0.980066776 0.003739370 0.198633030 2.655642509 -0.003595392 0.999992967 -0.001085522 -2.799070120 -0.198635668 0.000349720 0.980073333 95.265487671
0.977373660 0.004016059 0.211481854 2.798002243 -0.003817712 0.999991834 -0.001346193 -2.819142580 -0.211485535 0.000508356 0.977380931 95.786125183
0.974405169 0.003475272 0.224772215 2.943820953 -0.003234487 0.999993801 -0.001439458 -2.824970245 -0.224775821 0.000675593 0.974410295 96.328849792
0.971733749 0.003312687 0.236056820 3.085519791 -0.003147937 0.999994457 -0.001074795 -2.850427389 -0.236059114 0.000301323 0.971738636 96.863616943
0.968811870 0.002782554 0.247782037 3.248462677 -0.002531860 0.999995947 -0.001330392 -2.872277498 -0.247784734 0.000661550 0.968814909 97.381935120
0.965148151 0.003121952 0.261685461 3.420274734 -0.002978597 0.999995112 -0.000944454 -2.890476704 -0.261687160 0.000132082 0.965152740 97.916358948
0.961533189 0.002882524 0.274673581 3.563928604 -0.002748813 0.999995828 -0.000871715 -2.901968241 -0.274674952 0.000083156 0.961537123 98.417755127
0.958353639 0.002312826 0.285574943 3.739446640 -0.002163944 0.999997318 -0.000836896 -2.917482615 -0.285576075 0.000184074 0.958356082 98.932655334
0.954084158 0.001713602 0.299533665 3.923994064 -0.001544261 0.999998569 -0.000802061 -2.928535938 -0.299534619 0.000302676 0.954085350 99.438713074
0.949698150 0.001898856 0.313160896 4.106708527 -0.001613267 0.999998033 -0.001171077 -2.944859028 -0.313162625 0.000606957 0.949699342 99.979858398
0.946035683 0.001137224 0.324060351 4.308952332 -0.000720087 0.999998808 -0.001407129 -2.955306768 -0.324061573 0.001097842 0.946035385 100.492462158
0.941379488 0.000801579 0.337348223 4.505863190 -0.000343168 0.999998868 -0.001418493 -2.977540255 -0.337349057 0.001219573 0.941378832 100.997589111
0.936078906 -0.000065638 0.351790100 4.711597443 0.000449607 0.999999404 -0.001009777 -2.992708206 -0.351789743 0.001103398 0.936078370 101.498573303
0.931319118 -0.000300165 0.364204109 4.930765152 0.000657137 0.999999464 -0.000856222 -3.007808685 -0.364203602 0.001036748 0.931318760 102.005828857
0.926645160 -0.000720586 0.375936478 5.152017593 0.001198142 0.999998868 -0.001036524 -3.021586180 -0.375935197 0.001410916 0.926644742 102.505638123
0.920768738 -0.000902395 0.390107781 5.384067535 0.001511456 0.999998093 -0.001254290 -3.032138824 -0.390105903 0.001744541 0.920768321 103.017471313
0.914996684 -0.001334178 0.403458983 5.622509003 0.001827113 0.999998033 -0.000836831 -3.048455477 -0.403457105 0.001502863 0.914997339 103.505622864
0.910061121 -0.001556006 0.414471179 5.867614746 0.002086891 0.999997556 -0.000828034 -3.064907551 -0.414468884 0.001618518 0.910062075 103.982925415
0.903555810 -0.002346648 0.428463995 6.114814758 0.002997747 0.999995172 -0.000844867 -3.078371286 -0.428459942 0.002047811 0.903558433 104.493446350
0.897144973 -0.001845037 0.441732317 6.379497528 0.002042728 0.999997973 0.000028096 -3.106030464 -0.441731453 0.000877132 0.897146881 104.960510254
0.890934944 -0.003319566 0.454118848 6.650680542 0.004108396 0.999991298 -0.000750415 -3.111893415 -0.454112351 0.002534271 0.890940726 105.461807251
0.885340691 -0.003268072 0.464931369 6.894149780 0.004052598 0.999991536 -0.000688027 -3.124818802 -0.464925200 0.002493318 0.885346413 105.927902222
0.878099144 -0.003339079 0.478467107 7.180767059 0.004342403 0.999990046 -0.000990696 -3.138895035 -0.478459090 0.002947627 0.878104925 106.398048401
