1.000000000 0.000000000 0.000000000 0.000000000 0.000000000 1.000000000 0.000000000 0.000000000 0.000000000 0.000000000 1.000000000 0.000000000
1.000000000 0.000057844 -0.000025296 0.000259276 -0.000057844 1.000000000 0.000018502 0.000520302 0.000025298 -0.000018501 1.000000000 0.002352478
1.000000000 0.000020008 -0.000044106 0.001003874 -0.000020005 1.000000000 0.000053209 -0.001092088 0.000044107 -0.000053208 1.000000000 0.001030777
1.000000000 -0.000033497 -0.000039831 0.000568212 0.000033495 1.000000000 -0.000039340 0.000468230 0.000039833 0.000039339 1.000000000 -0.001535353
1.000000000 -0.000171723 -0.000120173 0.001292305 0.000171731 1.000000000 0.000063664 -0.000998580 0.000120162 -0.000063685 1.000000000 0.000000178
1.000000000 -0.000158224 -0.000116102 -0.000768475 0.000158230 1.000000000 0.000051473 -0.000150853 0.000116094 -0.000051491 1.000000000 -0.000605857
1.000000000 -0.000135928 -0.000059084 0.000631926 0.000135932 1.000000000 0.000067528 -0.000641571 0.000059075 -0.000067536 1.000000000 0.001679922
1.000000000 -0.000149801 -0.000061181 0.000035151 0.000149805 1.000000000 0.000080038 -0.000805600 0.000061169 -0.000080047 1.000000000 -0.000440261
1.000000000 -0.000044846 -0.000090026 0.000602152 0.000044852 1.000000000 0.000062983 -0.000058441 0.000090023 -0.000062987 1.000000000 -0.001827356
1.000000000 -0.000036327 -0.000015706 -0.000313787 0.000036327 1.000000000 0.000042715 0.000630467 0.000015704 -0.000042715 1.000000000 0.002625940
1.000000000 -0.000084258 -0.000053949 0.000723334 0.000084258 1.000000000 0.000013609 0.000617726 0.000053948 -0.000013614 1.000000000 0.000190259
1.000000000 -0.000109785 -0.000132815 0.001058423 0.000109792 1.000000000 0.000053344 0.000175488 0.000132809 -0.000053359 1.000000000 -0.000301835
1.000000000 -0.000099303 -0.000051074 -0.000108708 0.000099302 1.000000000 -0.000025149 0.001720644 0.000051076 0.000025144 1.000000000 0.002449273
0.999999940 -0.000210586 -0.000138918 0.001110282 0.000210601 1.000000000 0.000108605 0.000004364 0.000138895 -0.000108635 1.000000000 -0.001716937
1.000000000 -0.000120755 -0.000146713 0.001311569 0.000120762 1.000000000 0.000052209 -0.000490182 0.000146706 -0.000052227 1.000000000 -0.002154157
1.000000000 -0.000135165 -0.000170575 0.003566678 0.000135187 1.000000000 0.000126311 -0.000744002 0.000170558 -0.000126334 1.000000000 -0.005038166
1.000000000 -0.000132216 -0.000075074 0.001503660 0.000132221 1.000000000 0.000068449 -0.000357967 0.000075065 -0.000068459 1.000000000 -0.003186208
1.000000000 -0.000024738 -0.000072384 0.001827388 0.000024740 1.000000000 0.000024339 -0.000255882 0.000072383 -0.000024340 1.000000000 -0.000263910
1.000000000 -0.000037088 -0.000127701 0.002137377 0.000037104 1.000000000 0.000119545 -0.000574379 0.000127696 -0.000119550 1.000000000 -0.003340263
0.999999940 -0.000232049 -0.000140873 0.001361986 0.000232060 0.999999940 0.000076646 -0.000337245 0.000140855 -0.000076679 1.000000000 -0.003312244
1.000000000 -0.000200521 -0.000113843 0.000926302 0.000200531 1.000000000 0.000088138 0.000406258 0.000113825 -0.000088161 1.000000000 0.001126446
1.000000000 -0.000206943 -0.000113433 0.000373798 0.000206956 1.000000000 0.000113146 -0.001663225 0.000113410 -0.000113169 1.000000000 -0.003653995
1.000000000 -0.000071172 -0.000160028 0.003569068 0.000071191 1.000000000 0.000115764 -0.000867938 0.000160020 -0.000115775 1.000000000 -0.002549769
1.000000000 -0.000119762 -0.000172210 0.003124211 0.000119775 1.000000000 0.000075048 -0.001097499 0.000172201 -0.000075069 1.000000000 -0.001630452
0.999999940 -0.000210189 -0.000187907 0.002802504 0.000210215 0.999999940 0.000136564 -0.001366937 0.000187879 -0.000136603 1.000000000 -0.005248756
0.999999940 -0.000182489 -0.000198008 0.002733940 0.000182507 1.000000000 0.000092556 0.000245479 0.000197991 -0.000092592 1.000000000 -0.001508340
1.000000000 -0.000174514 -0.000150313 0.003175955 0.000174524 1.000000000 0.000071174 0.000167949 0.000150301 -0.000071200 1.000000000 -0.003163743
0.999999940 -0.000235258 -0.000168038 0.003406594 0.000235276 0.999999940 0.000105505 -0.000678477 0.000168013 -0.000105545 1.000000000 -0.003824381
0.999999940 -0.000234717 -0.000115234 0.000287703 0.000234725 0.999999940 0.000075082 -0.000805070 0.000115216 -0.000075109 1.000000000 -0.002708422
1.000000000 -0.000105067 -0.000205794 0.002752175 0.000105097 1.000000000 0.000144503 -0.000993310 0.000205778 -0.000144525 0.999999940 -0.003154043
0.999999940 -0.000247727 -0.000197007 0.003705154 0.000247750 0.999999940 0.000120536 -0.000805922 0.000196977 -0.000120585 1.000000000 -0.003521464
0.999999940 -0.000174229 -0.000202961 0.002820824 0.000174252 1.000000000 0.000116643 -0.000451603 0.000202940 -0.000116679 1.000000000 -0.002907939
1.000000000 -0.000180018 -0.000159224 0.002502820 0.000180035 1.000000000 0.000107309 -0.000478068 0.000159205 -0.000107337 1.000000000 -0.004738692
1.000000000 -0.000091828 -0.000142268 0.002804076 0.000091838 1.000000000 0.000071242 -0.001020765 0.000142262 -0.000071255 1.000000000 -0.003046161
1.000000000 -0.000135560 -0.000151718 0.002679606 0.000135573 1.000000000 0.000086839 -0.000597484 0.000151707 -0.000086859 1.000000000 -0.001423311
0.999999940 -0.000200828 -0.000159008 0.002109528 0.000200851 0.999999940 0.000148233 -0.001640602 0.000158978 -0.000148265 1.000000000 -0.004955330
0.999999940 -0.000202357 -0.000225880 0.003266710 0.000202377 1.000000000 0.000088629 0.000221561 0.000225862 -0.000088675 1.000000000 -0.002546330
0.999999940 -0.000199063 -0.000196525 0.004020936 0.000199088 1.000000000 0.000129033 0.000323064 0.000196499 -0.000129072 1.000000000 -0.004399822
1.000000000 -0.000136727 -0.000104973 0.000849294 0.000136736 1.000000000 0.000088195 -0.000226582 0.000104961 -0.000088209 1.000000000 -0.002986093
1.000000000 -0.000155394 -0.000184678 0.002212430 0.000155421 1.000000000 0.000147708 -0.000572585 0.000184655 -0.000147737 1.000000000 -0.004176995
0.999999940 -0.000171695 -0.000206780 0.005056994 0.000171711 1.000000000 0.000076814 -0.001970137 0.000206767 -0.000076850 1.000000000 -0.001715880
1.000000000 -0.000237182 -0.000017007 0.001179807 0.000237173 0.999999821 -0.000533106 -0.002653852 0.000017134 0.000533102 0.999999881 0.050782043
1.000000000 -0.000037822 -0.000162079 0.003507601 0.000037640 0.999999344 -0.001121972 -0.004401841 0.000162122 0.001121966 0.999999344 0.141538084
1.000000000 -0.000153542 -0.000073708 0.004018066 0.000153434 0.999998927 -0.001473495 -0.007912023 0.000073934 0.001473483 0.999998927 0.258793533
1.000000000 -0.000106935 -0.000036082 0.006354075 0.000106884 0.999999046 -0.001387435 -0.011229134 0.000036230 0.001387431 0.999999046 0.393216312
1.000000000 -0.000044394 -0.000142134 0.010001035 0.000044233 0.999999344 -0.001132464 -0.019036625 0.000142185 0.001132458 0.999999344 0.528545618
1.000000000 0.000074473 -0.000057394 0.012031377 -0.000074536 0.999999404 -0.001110101 -0.020991970 0.000057312 0.001110106 0.999999404 0.686467469
1.000000000 -0.000004567 0.000100402 0.015643779 0.000004658 0.999999583 -0.000910033 -0.024287462 -0.000100398 0.000910034 0.999999583 0.847314239
0.999999940 0.000327811 0.000219589 0.010978514 -0.000327637 0.999999642 -0.000789286 -0.025605289 -0.000219848 0.000789214 0.999999642 1.027838111
1.000000000 0.000073760 -0.000184735 0.025893504 -0.000073867 0.999999821 -0.000580098 -0.037280388 0.000184692 0.000580112 0.999999821 1.188232422
1.000000000 0.000018812 -0.000019588 0.027889347 -0.000018818 0.999999940 -0.000278598 -0.040880635 0.000019582 0.000278598 0.999999940 1.365877151
1.000000000 0.000168571 -0.000111574 0.029461594 -0.000168610 0.999999940 -0.000357206 -0.049051918 0.000111513 0.000357224 0.999999940 1.577103853
1.000000000 0.000088241 0.000191210 0.033289380 -0.000088190 0.999999940 -0.000266393 -0.056473322 -0.000191234 0.000266376 0.999999940 1.773132324
0.999994278 0.002197515 -0.002567886 0.078373633 -0.002200260 0.999997020 -0.001066759 -0.079632401 0.002565534 0.001072403 0.999996126 1.957528591
0.999993563 0.002736487 -0.002338037 0.073932603 -0.002738971 0.999995708 -0.001059996 -0.086120516 0.002335127 0.001066393 0.999996722 2.170678616
0.999993682 0.002172457 -0.002797721 0.087654293 -0.002174607 0.999997318 -0.000765646 -0.092514224 0.002796050 0.000771725 0.999995768 2.384436607
0.999994457 0.002244768 -0.002455602 0.096130028 -0.002246805 0.999997139 -0.000827384 -0.100838140 0.002453738 0.000832897 0.999996662 2.597315073
0.999994636 0.002177053 -0.002415249 0.093045510 -0.002178410 0.999997497 -0.000559162 -0.115729176 0.002414026 0.000564420 0.999996901 2.814941645
0.999994695 0.002184426 -0.002408197 0.097711913 -0.002185888 0.999997497 -0.000604355 -0.119649932 0.002406870 0.000609616 0.999996901 3.049692154
0.999994874 0.001910629 -0.002583485 0.102955453 -0.001911740 0.999998093 -0.000427614 -0.128529698 0.002582663 0.000432551 0.999996483 3.288147926
0.999995112 0.001952401 -0.002451465 0.109645583 -0.001953375 0.999998093 -0.000394947 -0.137730449 0.002450689 0.000399734 0.999996901 3.526410580
0.999994516 0.002490077 -0.002148727 0.103808865 -0.002489925 0.999996901 0.000073240 -0.153633967 0.002148903 -0.000067890 0.999997675 3.777320385
0.999994874 0.002587116 -0.001888374 0.106932059 -0.002587112 0.999996662 0.000004161 -0.158884659 0.001888379 0.000000724 0.999998152 4.041115284
0.999994755 0.002731217 -0.001732881 0.110021040 -0.002730809 0.999996245 0.000237906 -0.167610168 0.001733524 -0.000233172 0.999998450 4.297132969
0.999995291 0.002150926 -0.002143672 0.123169772 -0.002149748 0.999997437 0.000551828 -0.178094730 0.002144854 -0.000547217 0.999997556 4.538218021
0.999996126 0.001862363 -0.002028918 0.129579708 -0.001861174 0.999998033 0.000587941 -0.185297012 0.002030009 -0.000584162 0.999997795 4.799767017
0.999995828 0.002174008 -0.001868806 0.126926407 -0.002172325 0.999997199 0.000902201 -0.197649673 0.001870762 -0.000898137 0.999997854 5.056797981
0.999996185 0.001558780 -0.002283137 0.141509160 -0.001556157 0.999998152 0.001149973 -0.213391826 0.002284925 -0.001146415 0.999996662 5.305201530
0.999995768 0.001996213 -0.002131022 0.146144629 -0.001993731 0.999997377 0.001166163 -0.221773967 0.002133344 -0.001161910 0.999997020 5.574301720
0.999995410 0.001944203 -0.002307442 0.152164519 -0.001941348 0.999997318 0.001238828 -0.228754953 0.002309845 -0.001234343 0.999996543 5.844823837
0.999995947 0.001347793 -0.002535380 0.155834690 -0.001344440 0.999998331 0.001323349 -0.239999920 0.002537159 -0.001319935 0.999995887 6.126217365
0.999996066 0.001586203 -0.002302041 0.160292894 -0.001582943 0.999997795 0.001416925 -0.246090382 0.002304283 -0.001413276 0.999996305 6.399726868
0.999994636 0.002472726 -0.002118852 0.162341371 -0.002469394 0.999995649 0.001573608 -0.280979991 0.002122734 -0.001568367 0.999996543 6.639937878
0.999994695 0.002374388 -0.002229549 0.171228245 -0.002370627 0.999995768 0.001687952 -0.290559649 0.002233548 -0.001682658 0.999996126 6.933153152
0.999994755 0.002311208 -0.002282807 0.179943755 -0.002307134 0.999995768 0.001785427 -0.303539038 0.002286924 -0.001780151 0.999995828 7.210614204
0.999994636 0.002575729 -0.002037142 0.183225825 -0.002572099 0.999995112 0.001782632 -0.312347621 0.002041724 -0.001777383 0.999996364 7.530433178
0.999995828 0.002129144 -0.001961683 0.192136765 -0.002125278 0.999995828 0.001970616 -0.326458603 0.001965870 -0.001966439 0.999996185 7.856785297
0.999996126 0.002063515 -0.001850170 0.184896529 -0.002059914 0.999995947 0.001946099 -0.330681145 0.001854178 -0.001942280 0.999996424 8.155817032
0.999996483 0.001993815 -0.001732729 0.195314676 -0.001990470 0.999996126 0.001930030 -0.339992970 0.001736570 -0.001926575 0.999996662 8.477418900
0.999996006 0.002274546 -0.001674186 0.200215280 -0.002271205 0.999995351 0.001994915 -0.346750379 0.001678716 -0.001991104 0.999996603 8.814023972
0.999995887 0.002433954 -0.001533069 0.204835102 -0.002430592 0.999994636 0.002190535 -0.360691994 0.001538392 -0.002186799 0.999996483 9.146843910
0.999995112 0.002839283 -0.001326200 0.209058970 -0.002836685 0.999994099 0.001956499 -0.366124421 0.001331747 -0.001952727 0.999997258 9.491665840
0.999995768 0.002536558 -0.001488534 0.214327276 -0.002533222 0.999994278 0.002239383 -0.387672484 0.001494206 -0.002235602 0.999996364 9.824359894
0.999995947 0.002519068 -0.001324549 0.216302097 -0.002516218 0.999994516 0.002149004 -0.395212919 0.001329955 -0.002145662 0.999996781 10.196732521
0.999995589 0.002663588 -0.001291674 0.227165222 -0.002660376 0.999993384 0.002481969 -0.407942772 0.001298277 -0.002478522 0.999996066 10.540396690
0.999995887 0.002491135 -0.001381223 0.233364910 -0.002487776 0.999993920 0.002428256 -0.419890285 0.001387264 -0.002424809 0.999996126 10.890198708
0.999995470 0.002784540 -0.001183387 0.239460081 -0.002781669 0.999993205 0.002421709 -0.432080239 0.001190122 -0.002418406 0.999996424 11.266667366
0.999994278 0.003260060 -0.000927144 0.244922787 -0.003257717 0.999991596 0.002517482 -0.440163136 0.000935344 -0.002514447 0.999996483 11.657567024
0.999994338 0.003243829 -0.000909557 0.256171823 -0.003241244 0.999990821 0.002829226 -0.457147121 0.000918726 -0.002826262 0.999995649 12.023317337
0.999995112 0.002942380 -0.001145345 0.263104498 -0.002938955 0.999991238 0.002980855 -0.474473000 0.001154106 -0.002977473 0.999994874 12.379973412
0.999994159 0.003212070 -0.001180854 0.268277854 -0.003208222 0.999989629 0.003246003 -0.484896034 0.001191268 -0.003242195 0.999994040 12.787729263
0.999994040 0.003079860 -0.001579340 0.282842904 -0.003074554 0.999989629 0.003350446 -0.500737190 0.001589642 -0.003345571 0.999993086 13.175708771
0.999995172 0.002981048 -0.000894182 0.289549321 -0.002978024 0.999989927 0.003364888 -0.509951055 0.000904204 -0.003362209 0.999993920 13.582541466
0.999993920 0.003480477 -0.000123253 0.284426838 -0.003479958 0.999985993 0.003986154 -0.537656546 0.000137125 -0.003985702 0.999992013 13.982495308
0.999994576 0.003282329 -0.000105745 0.294827849 -0.003281901 0.999987364 0.003813844 -0.549330354 0.000118262 -0.003813475 0.999992788 14.407372475
0.999995053 0.003134628 0.000259583 0.308965862 -0.003135665 0.999986649 0.004093867 -0.563485026 -0.000246746 -0.004094661 0.999991655 14.825457573
0.999994516 0.003233583 0.000549615 0.319069296 -0.003236033 0.999984503 0.004515558 -0.584380150 -0.000535005 -0.004517314 0.999989688 15.256281853
0.999994218 0.003339221 0.000643341 0.325098395 -0.003341952 0.999985158 0.004291568 -0.587914348 -0.000629001 -0.004293693 0.999990582 15.656477928
0.999993443 0.003558107 0.000752655 0.338636220 -0.003561437 0.999983668 0.004470285 -0.601672828 -0.000736737 -0.004472936 0.999989748 16.099380493
0.999994993 0.003100625 0.000686634 0.352452934 -0.003103683 0.999985039 0.004498768 -0.616231561 -0.000672675 -0.004500876 0.999989688 16.539968491
0.999997318 0.002178749 0.000706784 0.353864312 -0.002181774 0.999988317 0.004308218 -0.626699269 -0.000697389 -0.004309749 0.999990404 16.962749481
0.999996901 0.002227020 0.001126698 0.362615079 -0.002232155 0.999987006 0.004577312 -0.635970235 -0.001116490 -0.004579812 0.999988914 17.430349350
0.999997914 0.001721828 0.001162226 0.378139406 -0.001726843 0.999989092 0.004328491 -0.649937928 -0.001154761 -0.004330489 0.999989927 17.893920898
0.999998271 0.001274849 0.001386260 0.388578564 -0.001281042 0.999989152 0.004476016 -0.661327899 -0.001380539 -0.004477784 0.999989033 18.366270065
0.999997437 0.001594865 0.001618694 0.386261374 -0.001602463 0.999987602 0.004703716 -0.677947581 -0.001611172 -0.004706297 0.999987543 18.779777527
0.999997616 0.001595723 0.001493419 0.402381480 -0.001602827 0.999987364 0.004768062 -0.688777328 -0.001485791 -0.004770444 0.999987483 19.257810593
0.999995410 0.002498724 0.001732758 0.413363755 -0.002507026 0.999985337 0.004805855 -0.703094661 -0.001720724 -0.004810178 0.999986887 19.718372345
0.999996126 0.002273274 0.001669538 0.424985498 -0.002281444 0.999985397 0.004908049 -0.712355077 -0.001658356 -0.004911839 0.999986529 20.224159241
0.999998212 0.001707510 0.000815051 0.442422658 -0.001711656 0.999985397 0.005113210 -0.727545083 -0.000806308 -0.005114595 0.999986529 20.648839951
0.999998987 0.001405245 0.000188964 0.448318690 -0.001406153 0.999987066 0.004895002 -0.732367218 -0.000182083 -0.004895263 0.999987960 21.164659500
0.999998331 0.001861598 0.000187411 0.447927475 -0.001862474 0.999986827 0.004786303 -0.747784615 -0.000178499 -0.004786643 0.999988556 21.660978317
0.999998748 0.001525511 -0.000093043 0.458361477 -0.001525029 0.999986410 0.004980803 -0.757079482 0.000100640 -0.004980655 0.999987602 22.157688141
0.999999344 0.001023904 -0.000529487 0.453038961 -0.001021044 0.999984980 0.005374535 -0.779748321 0.000534982 -0.005373989 0.999985397 22.579986572
0.999999046 0.000776053 -0.001123524 0.462924361 -0.000769861 0.999984562 0.005501148 -0.798249960 0.001127776 -0.005500278 0.999984205 23.106592178
0.999998808 -0.000320402 -0.001487675 0.471922040 0.000328085 0.999986649 0.005167079 -0.805908442 0.001486000 -0.005167562 0.999985516 23.641727448
0.999996841 0.000309645 -0.002495795 0.482772529 -0.000295754 0.999984503 0.005564079 -0.824527979 0.002497480 -0.005563322 0.999981403 24.128900528
0.999993682 0.000215091 -0.003554035 0.493992388 -0.000194142 0.999982595 0.005893653 -0.835855603 0.003555241 -0.005892926 0.999976337 24.660879135
0.999991298 0.000630706 -0.004115830 0.498739123 -0.000607723 0.999984205 0.005583116 -0.842168033 0.004119286 -0.005580566 0.999975920 25.194532394
0.999990463 0.001178778 -0.004202711 0.498216629 -0.001154922 0.999983191 0.005674336 -0.859674156 0.004209329 -0.005669428 0.999975085 25.713306427
0.999990404 0.000417438 -0.004361233 0.502287149 -0.000389530 0.999979436 0.006397893 -0.875506639 0.004363814 -0.006396133 0.999970078 26.261730194
0.999983668 0.000636745 -0.005670839 0.523578882 -0.000601132 0.999980092 0.006279444 -0.886284053 0.005674725 -0.006275935 0.999964178 26.825439453
0.999982536 0.001755383 -0.005655235 0.523909628 -0.001721584 0.999980748 0.005975982 -0.902056992 0.005665616 -0.005966141 0.999966145 27.355779648
0.999982536 0.000701782 -0.005869384 0.528317213 -0.000664045 0.999979138 0.006428897 -0.916196346 0.005873773 -0.006424886 0.999962091 27.826692581
0.999980628 0.000977639 -0.006157759 0.531678379 -0.000936445 0.999977231 0.006689102 -0.933892369 0.006164158 -0.006683206 0.999958634 28.374750137
0.999978244 0.000461954 -0.006582757 0.540587306 -0.000416856 0.999976516 0.006850671 -0.947417736 0.006585767 -0.006847777 0.999954820 28.931982040
0.999975979 0.000274329 -0.006929419 0.547092319 -0.000226130 0.999975801 0.006955598 -0.963471413 0.006931159 -0.006953862 0.999951780 29.379280090
0.999970257 -0.001110468 -0.007637898 0.569595098 0.001166269 0.999972701 0.007305227 -0.981806993 0.007629577 -0.007313916 0.999944150 29.916265488
0.999973357 0.000655853 -0.007261781 0.567919731 -0.000607567 0.999977648 0.006649453 -0.982266009 0.007265979 -0.006644865 0.999951541 30.462957382
0.999973118 0.001346434 -0.007203181 0.572220325 -0.001298106 0.999976635 0.006709642 -1.001660466 0.007212047 -0.006700112 0.999951541 30.990047455
0.999970317 0.001139907 -0.007612916 0.585581064 -0.001087422 0.999975622 0.006894734 -1.024969459 0.007620589 -0.006886251 0.999947309 31.509729385
0.999967575 0.001117387 -0.007972950 0.575074673 -0.001062783 0.999975920 0.006849642 -1.031871557 0.007980412 -0.006840946 0.999944806 32.100307465
0.999966919 0.000502095 -0.008119857 0.582443595 -0.000442283 0.999972761 0.007366346 -1.057823420 0.008123334 -0.007362513 0.999939859 32.565326691
0.999966145 0.000933958 -0.008171608 0.581877947 -0.000876975 0.999975264 0.006974108 -1.062112689 0.008177920 -0.006966706 0.999942243 33.128379822
0.999962747 0.000992423 -0.008583619 0.584337771 -0.000929708 0.999972820 0.007307358 -1.076613426 0.008590639 -0.007299104 0.999936461 33.672557831
0.999962747 0.000925046 -0.008583479 0.598061442 -0.000860095 0.999970973 0.007567598 -1.092317343 0.008590230 -0.007559932 0.999934554 34.184791565
0.999964178 0.001714016 -0.008292765 0.606795490 -0.001655287 0.999973595 0.007083674 -1.098615408 0.008304688 -0.007069695 0.999940515 34.701011658
0.999966145 0.000555564 -0.008207371 0.563135266 -0.000488521 0.999966502 0.008168478 -1.169286966 0.008211634 -0.008164192 0.999932945 35.175209045
0.999965668 0.001263938 -0.008182240 0.564715564 -0.001196984 0.999965787 0.008182678 -1.182770371 0.008192303 -0.008172604 0.999933064 35.719127655
0.999962091 0.001491779 -0.008573453 0.570935547 -0.001421462 0.999965310 0.008201968 -1.199203253 0.008585392 -0.008189471 0.999929547 36.248100281
0.999962389 0.001099153 -0.008607525 0.571630478 -0.001027692 0.999965012 0.008302135 -1.204260945 0.008616349 -0.008292979 0.999928474 36.810317993
0.999961734 0.000826615 -0.008711638 0.575743735 -0.000754697 0.999965608 0.008255356 -1.213776827 0.008718165 -0.008248466 0.999927938 37.354576111
0.999958575 0.000251543 -0.009111422 0.583972216 -0.000173490 0.999963224 0.008566286 -1.234453440 0.009113245 -0.008564350 0.999921739 37.848152161
0.999951422 -0.000407666 -0.009847427 0.599381447 0.000492036 0.999963164 0.008566784 -1.247948050 0.009843572 -0.008571213 0.999914765 38.393054962
0.999953508 0.000264098 -0.009639386 0.601150095 -0.000183762 0.999965191 0.008334067 -1.257959604 0.009641253 -0.008331909 0.999918818 38.935928345
0.999957383 0.000749410 -0.009208970 0.607901275 -0.000672713 0.999965072 0.008328768 -1.271211267 0.009214891 -0.008322219 0.999922872 39.512962341
0.999955297 0.000357959 -0.009445718 0.604177952 -0.000276891 0.999963164 0.008582394 -1.282058001 0.009448443 -0.008579396 0.999918580 40.054977417
0.999957800 0.000820755 -0.009151284 0.601422966 -0.000743330 0.999963880 0.008460775 -1.282821178 0.009157898 -0.008453616 0.999922335 40.592720032
0.999957085 -0.000022341 -0.009266694 0.585136116 0.000109562 0.999955714 0.009411919 -1.336251259 0.009266074 -0.009412530 0.999912739 41.051860809
0.999956548 -0.000412734 -0.009319900 0.592513561 0.000500453 0.999955595 0.009411602 -1.340895414 0.009315602 -0.009415857 0.999912262 41.600734711
0.999956906 -0.000223519 -0.009285360 0.597630739 0.000313467 0.999953091 0.009686756 -1.352088094 0.009282759 -0.009689248 0.999909937 42.156398773
0.999954283 -0.000309249 -0.009561972 0.611673594 0.000399041 0.999955773 0.009390087 -1.363497972 0.009558645 -0.009393473 0.999910176 42.688026428
0.999954760 -0.000710432 -0.009485325 0.599645972 0.000807435 0.999947309 0.010226776 -1.401554346 0.009477558 -0.010233971 0.999902725 43.182800293
0.999952793 -0.000460717 -0.009713579 0.608974099 0.000559014 0.999948561 0.010119249 -1.410400867 0.009708419 -0.010124200 0.999901593 43.722454071
0.999950349 -0.000954371 -0.009919491 0.612970591 0.001055526 0.999947429 0.010197418 -1.422740340 0.009909238 -0.010207380 0.999898791 44.266929626
0.999946237 -0.001031538 -0.010322543 0.632173359 0.001134487 0.999949574 0.009972339 -1.440822840 0.010311736 -0.009983512 0.999897003 44.803733826
0.999946535 -0.001444853 -0.010244435 0.636233985 0.001546881 0.999949217 0.009958438 -1.444912434 0.010229528 -0.009973750 0.999897897 45.337341309
0.999950588 -0.000158762 -0.009943713 0.626705945 0.000257165 0.999951005 0.009895457 -1.461973310 0.009941656 -0.009897524 0.999901593 45.888710022
0.999951541 -0.000539124 -0.009829673 0.614629507 0.000643302 0.999943614 0.010598256 -1.473609924 0.009823406 -0.010604067 0.999895453 46.365898132
0.999950349 -0.000688190 -0.009941816 0.618423402 0.000792098 0.999945045 0.010451486 -1.480500698 0.009934078 -0.010458843 0.999895930 46.915016174
0.999950647 -0.000701890 -0.009916153 0.624763668 0.000809261 0.999940991 0.010828015 -1.496240735 0.009907969 -0.010835506 0.999892175 47.453613281
0.999953210 -0.000659959 -0.009650762 0.632602036 0.000766381 0.999938905 0.011027783 -1.511285782 0.009642895 -0.011034665 0.999892592 47.934844971
0.999950707 -0.000313695 -0.009923973 0.646601081 0.000422472 0.999939799 0.010960908 -1.524116516 0.009919939 -0.010964559 0.999890685 48.471115112
0.999954164 -0.000137104 -0.009571283 0.644768715 0.000246819 0.999934375 0.011462740 -1.537418604 0.009569081 -0.011464576 0.999888480 48.979843140
0.999954164 -0.000562823 -0.009556044 0.636492968 0.000669907 0.999936998 0.011206424 -1.548522949 0.009549134 -0.011212312 0.999891520 49.480018616
0.999953508 -0.000577699 -0.009621710 0.643920302 0.000685626 0.999936879 0.011217537 -1.555565357 0.009614621 -0.011223612 0.999890745 50.025688171
0.999952018 -0.000756545 -0.009779982 0.649443686 0.000867150 0.999935687 0.011310024 -1.566147566 0.009770798 -0.011317961 0.999888182 50.530155182
0.999950767 -0.000547849 -0.009910296 0.654001474 0.000658293 0.999937713 0.011144555 -1.577787876 0.009903573 -0.011150530 0.999888718 51.083667755
0.999954641 -0.000299781 -0.009518422 0.655964494 0.000406966 0.999936461 0.011260809 -1.586808681 0.009514442 -0.011264171 0.999891281 51.584873199
0.999953032 -0.000623110 -0.009666775 0.662588537 0.000728045 0.999940872 0.010855508 -1.595871925 0.009659438 -0.010862038 0.999894321 52.123615265
0.999952972 -0.000263859 -0.009696453 0.675931811 0.000368725 0.999941409 0.010814680 -1.609286547 0.009693032 -0.010817748 0.999894559 52.649070740
0.999950349 -0.000568453 -0.009948157 0.679754674 0.000682263 0.999934316 0.011440636 -1.621275544 0.009941000 -0.011446853 0.999885082 53.124881744
0.999954581 -0.000417889 -0.009515900 0.680253983 0.000521010 0.999941111 0.010836715 -1.626749754 0.009510810 -0.010841182 0.999896049 53.685420990
0.999949574 -0.000536793 -0.010023474 0.687054992 0.000645167 0.999941349 0.010811955 -1.634136677 0.010017082 -0.010817876 0.999891341 54.229461670
0.999951005 -0.000706807 -0.009873539 0.689818978 0.000822285 0.999931276 0.011696509 -1.648093581 0.009864594 -0.011704056 0.999882758 54.707702637
0.999955118 -0.000395509 -0.009468525 0.692468643 0.000504935 0.999933064 0.011557222 -1.658802986 0.009463320 -0.011561484 0.999888301 55.253894806
0.999954402 -0.000422199 -0.009532822 0.709513545 0.000530684 0.999935150 0.011380454 -1.666748047 0.009527399 -0.011384996 0.999889672 55.776641846
0.999954939 -0.000276582 -0.009494597 0.700200379 0.000384579 0.999935210 0.011374635 -1.677071691 0.009490837 -0.011377772 0.999890149 56.327419281
0.999955416 -0.000312880 -0.009438607 0.715541303 0.000424224 0.999930322 0.011796963 -1.701391697 0.009434259 -0.011800442 0.999885798 56.748462677
0.999960721 0.000379997 -0.008866223 0.717540145 -0.000269343 0.999922156 0.012478193 -1.714718699 0.008870275 -0.012475314 0.999882817 57.289684296
0.999955773 0.000162292 -0.009403338 0.725621939 -0.000045565 0.999922991 0.012412210 -1.727464914 0.009404629 -0.012411233 0.999878764 57.822952271
0.999956906 0.000337447 -0.009279073 0.732883334 -0.000227790 0.999930203 0.011816182 -1.728923321 0.009282412 -0.011813560 0.999887049 58.356418610
0.999953568 0.000338120 -0.009630533 0.775765717 -0.000227938 0.999934494 0.011439726 -1.720669746 0.009633770 -0.011436998 0.999888182 58.983718872
0.999950171 -0.001202189 -0.009909716 0.747568607 0.001319993 0.999928415 0.011889740 -1.745730639 0.009894715 -0.011902229 0.999880135 59.333652496
0.999939978 -0.001976722 -0.010772387 0.773753405 0.002102192 0.999929905 0.011648489 -1.757559896 0.010748607 -0.011670434 0.999874115 59.861614227
0.999936521 -0.002260467 -0.011047971 0.804935694 0.002394475 0.999923527 0.012131558 -1.784338713 0.011019705 -0.012157240 0.999865353 60.346870422
0.999944568 -0.001534439 -0.010417144 0.798468053 0.001657103 0.999929249 0.011776772 -1.792293310 0.010398336 -0.011793381 0.999876380 60.913066864
0.999944806 -0.001606165 -0.010382803 0.795979440 0.001725055 0.999932885 0.011451848 -1.773436069 0.010363714 -0.011469126 0.999880493 61.473087311
0.999952197 -0.000171474 -0.009769605 0.804981351 0.000296189 0.999918401 0.012765577 -1.834746361 0.009766619 -0.012767861 0.999870777 61.912857056
0.999953449 0.000414941 -0.009644552 0.803883076 -0.000292352 0.999919176 0.012708679 -1.845014811 0.009649046 -0.012705267 0.999872744 62.433742523
0.999946415 -0.000171073 -0.010341345 0.807859004 0.000301450 0.999920428 0.012607115 -1.850956678 0.010338366 -0.012609559 0.999867022 63.004474640
0.999946654 0.000040924 -0.010322708 0.804401398 0.000089656 0.999920011 0.012649081 -1.861416221 0.010322398 -0.012649333 0.999866664 63.541156769
0.999952435 -0.000245103 -0.009761281 0.812077105 0.000370736 0.999917090 0.012870781 -1.878263712 0.009757319 -0.012873784 0.999869466 64.027069092
0.999951780 -0.000285829 -0.009817204 0.814112782 0.000411776 0.999917626 0.012829592 -1.884558916 0.009812729 -0.012833015 0.999869466 64.580253601
0.999951303 -0.000687779 -0.009844064 0.822595835 0.000812047 0.999919951 0.012625158 -1.891023278 0.009834594 -0.012632537 0.999871790 65.123985291
0.999947429 -0.001047332 -0.010200686 0.834885120 0.001178061 0.999917150 0.012818124 -1.909333229 0.010186417 -0.012829466 0.999865770 65.636032104
0.999944568 -0.000513815 -0.010520303 0.839292288 0.000640919 0.999926746 0.012081949 -1.916191459 0.010513326 -0.012088021 0.999871612 66.171875000
0.999954939 -0.000081938 -0.009492612 0.817664683 0.000207405 0.999912620 0.013217091 -1.947169781 0.009490699 -0.013218465 0.999867558 66.601097107
0.999950945 -0.000901266 -0.009862893 0.831264257 0.001032636 0.999910712 0.013322560 -1.952924728 0.009850005 -0.013332090 0.999862671 67.145072937
0.999950767 -0.000708904 -0.009891514 0.839734912 0.000841546 0.999909699 0.013412030 -1.971410990 0.009881112 -0.013419694 0.999861121 67.677398682
0.999952972 -0.000799488 -0.009662797 0.844508708 0.000927356 0.999912024 0.013235751 -1.971247077 0.009651365 -0.013244089 0.999865770 68.207603455
0.999949157 -0.000905046 -0.010042423 0.863450825 0.001035228 0.999915421 0.012965593 -1.976645112 0.010029838 -0.012975333 0.999865532 68.779098511
0.999956071 0.000258752 -0.009360410 0.833451450 -0.000134534 0.999911904 0.013268767 -2.006994724 0.009363018 -0.013266923 0.999868155 69.180526733
0.999954820 0.000219991 -0.009497602 0.839883506 -0.000094422 0.999912620 0.013219573 -2.013218403 0.009499679 -0.013218079 0.999867499 69.725387573
0.999956548 0.001140271 -0.009243070 0.842250884 -0.001019849 0.999914706 0.013022572 -2.021714926 0.009257130 -0.013012581 0.999872446 70.287582397
0.999957204 0.000517242 -0.009235163 0.858782887 -0.000397236 0.999915481 0.012991543 -2.045407295 0.009241101 -0.012987317 0.999872983 70.758781433
0.999955773 0.000844978 -0.009360216 0.860036075 -0.000721890 0.999913335 0.013145675 -2.047366858 0.009370513 -0.013138335 0.999869764 71.328765869
0.999956906 0.000088708 -0.009280296 0.865932286 0.000033578 0.999913156 0.013175985 -2.044949532 0.009280659 -0.013175729 0.999870121 71.859596252
0.999958336 0.000503406 -0.009105391 0.864829123 -0.000384944 0.999915302 0.013007098 -2.051090956 0.009111167 -0.013003052 0.999873996 72.400268555
0.999959409 0.000792764 -0.008965191 0.869651377 -0.000678078 0.999917984 0.012788223 -2.060988903 0.008974591 -0.012781625 0.999878049 72.911209106
0.999961793 0.000218394 -0.008734060 0.861916423 -0.000102391 0.999911845 0.013280008 -2.068489075 0.008736189 -0.013278607 0.999873698 73.409584045
0.999957383 0.000016315 -0.009229658 0.880460441 0.000105388 0.999913096 0.013185378 -2.075512886 0.009229073 -0.013185790 0.999870420 73.936584473
0.999956012 -0.000045347 -0.009377555 0.891868591 0.000166902 0.999915957 0.012961924 -2.085109711 0.009376179 -0.012962917 0.999872029 74.486572266
0.999952018 -0.000979487 -0.009740203 0.903426886 0.001108975 0.999910951 0.013297677 -2.099824429 0.009726310 -0.013307841 0.999864161 75.009590149
0.999947727 -0.001316597 -0.010138088 0.907904208 0.001450770 0.999911308 0.013238608 -2.111088991 0.010119760 -0.013252621 0.999861002 75.554893494
0.999956727 -0.000465767 -0.009290721 0.896926820 0.000588016 0.999913216 0.013159819 -2.116413593 0.009283787 -0.013164710 0.999870241 76.104461670
0.999958932 -0.000446948 -0.009054126 0.897860885 0.000565354 0.999914289 0.013079245 -2.116718769 0.009047505 -0.013083826 0.999873459 76.582122803
0.999953747 -0.001347150 -0.009523902 0.910313249 0.001470756 0.999914646 0.012983429 -2.127981901 0.009505598 -0.012996837 0.999870360 77.129821777
0.999960661 0.000050838 -0.008861283 0.898822427 0.000061589 0.999919474 0.012686720 -2.127127171 0.008861213 -0.012686769 0.999880254 77.666404724
0.999961257 -0.000667822 -0.008777915 0.911004961 0.000777968 0.999920964 0.012550663 -2.130229473 0.008768839 -0.012557008 0.999882698 78.204116821
0.999970198 -0.000692285 -0.007696476 0.918269873 0.000786373 0.999924958 0.012228598 -2.135624886 0.007687433 -0.012234287 0.999895573 78.750366211
0.999981284 -0.000225245 -0.006109943 0.923202276 0.000300769 0.999923527 0.012362715 -2.149406195 0.006106692 -0.012364320 0.999904871 79.271003723
0.999988437 -0.000707555 -0.004753126 0.943560958 0.000765869 0.999924242 0.012278081 -2.149247885 0.004744079 -0.012281578 0.999913275 79.828292847
0.999999106 -0.000398443 -0.001275533 0.960950911 0.000413717 0.999927878 0.011996890 -2.156428814 0.001270661 -0.011997405 0.999927223 80.370582581
0.999996662 -0.001130606 0.002307856 0.986918390 0.001101941 0.999922693 0.012384232 -2.166981697 -0.002321679 -0.012381648 0.999920666 80.912322998
0.999983788 -0.000459773 0.005678867 0.988092542 0.000391001 0.999926627 0.012105246 -2.175505877 -0.005684016 -0.012102829 0.999910533 81.467231750
0.999946058 -0.000094483 0.010388776 1.005814672 -0.000032050 0.999925852 0.012178966 -2.182168484 -0.010389155 -0.012178645 0.999871790 81.990440369
0.999864101 -0.000389138 0.016479122 1.033019066 0.000182995 0.999921739 0.012508994 -2.190404415 -0.016482700 -0.012504277 0.999785960 82.610168457
0.999759555 -0.000930589 0.021908624 1.067291498 0.000664457 0.999925971 0.012151536 -2.196103096 -0.021918310 -0.012134058 0.999686122 83.062072754
0.999625564 -0.001063958 0.027344307 1.098654628 0.000739130 0.999929070 0.011886538 -2.200790405 -0.027355015 -0.011861875 0.999555409 83.616836548
0.999372840 -0.000684667 0.035404447 1.139161229 0.000256253 0.999926686 0.012103689 -2.208427906 -0.035410140 -0.012087024 0.999299765 84.218505859
0.999071658 -0.002175049 0.043026023 1.180509329 0.001672288 0.999929965 0.011717600 -2.212463856 -0.043048486 -0.011634767 0.999005258 84.741500854
0.998749375 -0.001261392 0.049979523 1.226280451 0.000664277 0.999928176 0.011962016 -2.221519947 -0.049991030 -0.011913857 0.998678625 85.279426575
0.998269677 -0.001571417 0.058782730 1.282615662 0.000869927 0.999928057 0.011957284 -2.231971741 -0.058797292 -0.011885457 0.998199165 85.818336487
0.997630239 -0.001680072 0.068781793 1.343031406 0.000866629 0.999929368 0.011854558 -2.239795446 -0.068796858 -0.011766860 0.997561276 86.354087830
0.997019172 -0.002326268 0.077118143 1.411449432 0.001435445 0.999931633 0.011604842 -2.245100975 -0.077139862 -0.011459553 0.996954441 86.893638611
0.996360421 -0.002276632 0.085210204 1.468052864 0.001270454 0.999928832 0.011860550 -2.263112068 -0.085231155 -0.011709127 0.996292412 87.420906067
0.995419979 -0.002204210 0.095573530 1.541576862 0.001067820 0.999928176 0.011939733 -2.270388603 -0.095592983 -0.011782993 0.995350778 87.965797424
0.994317532 -0.002537278 0.106424809 1.629252434 0.001276859 0.999928236 0.011909745 -2.281864643 -0.106447414 -0.011706178 0.994249403 88.546195984
0.993314922 -0.002890142 0.115400046 1.715960503 0.001540058 0.999929368 0.011786611 -2.290742397 -0.115425982 -0.011530094 0.993249178 89.095977783
0.991966724 -0.002882079 0.126465812 1.806729317 0.001388274 0.999928176 0.011898479 -2.296852589 -0.126491040 -0.011627326 0.991899550 89.643569946
0.990309477 -0.002622574 0.138852924 1.912352562 0.000965139 0.999927521 0.012002610 -2.313124895 -0.138874292 -0.011752286 0.990240276 90.202186584
0.988775015 -0.003963818 0.149359539 2.022827148 0.002232865 0.999928415 0.011755083 -2.325090885 -0.149395436 -0.011289634 0.988713086 90.730949402
0.987154007 -0.003430646 0.159734920 2.132848740 0.001526966 0.999926388 0.012038968 -2.338906288 -0.159764454 -0.011640405 0.987086535 91.319595337
0.984907269 -0.003441348 0.173049197 2.249708176 0.001370402 0.999926090 0.012085433 -2.347901344 -0.173077986 -0.011665883 0.984839082 91.851982117
0.982717395 -0.003739754 0.185074553 2.371189117 0.001536475 0.999926269 0.012046809 -2.352779388 -0.185105950 -0.011554246 0.982650638 92.405158997
0.980781138 -0.004700983 0.195054606 2.499051094 0.002396624 0.999924481 0.012048245 -2.356071949 -0.195096523 -0.011349220 0.980718374 92.954299927
0.978129208 -0.004789376 0.207943633 2.639789581 0.002306625 0.999923110 0.012180378 -2.365361214 -0.207985982 -0.011434333 0.978064954 93.486305237
0.975156248 -0.004953582 0.221462145 2.791004181 0.002253668 0.999920070 0.012442337 -2.372358322 -0.221506089 -0.011634124 0.975089550 94.037376404
0.972388506 -0.004920770 0.233315751 2.928472519 0.002028743 0.999918163 0.012633695 -2.384350300 -0.233358815 -0.011811526 0.972319007 94.573043823
0.969482481 -0.005516948 0.245098218 3.109243393 0.002619094 0.999922752 0.012147604 -2.383495331 -0.245146304 -0.011134954 0.969422102 95.153404236
0.965991795 -0.006012047 0.258502662 3.275438309 0.002973963 0.999921918 0.012142045 -2.393047333 -0.258555502 -0.010960341 0.965934217 95.667984009
0.962432086 -0.005101434 0.271474689 3.444755554 0.001897987 0.999925494 0.012061416 -2.398579121 -0.271515965 -0.011093038 0.962369978 96.224014282
0.959305763 -0.005955981 0.282306463 3.634069443 0.002565158 0.999920070 0.012379217 -2.405128956 -0.282357693 -0.011151293 0.959244370 96.792907715
0.954881251 -0.005294933 0.296940595 3.822656631 0.001741933 0.999923706 0.012228675 -2.394150734 -0.296982676 -0.011159680 0.954817653 97.327133179
0.950556576 -0.006450826 0.310484380 4.015880585 0.002711087 0.999918461 0.012474894 -2.415265083 -0.310539514 -0.011016342 0.950496614 97.854843140
0.946776211 -0.006746725 0.321821779 4.215887070 0.002788149 0.999914706 0.012759846 -2.424092293 -0.321880430 -0.011183431 0.946714282 98.377349854
0.942294776 -0.006748246 0.334716380 4.417598724 0.002532559 0.999911904 0.013029645 -2.436605692 -0.334774882 -0.011430076 0.942228794 98.886047363
0.937123477 -0.007157853 0.348924458 4.642759323 0.002885445 0.999914408 0.012762710 -2.437946320 -0.348986000 -0.010953436 0.937063932 99.429557800
0.932475090 -0.007254052 0.361161262 4.860933304 0.002763092 0.999912381 0.012949621 -2.449756622 -0.361223578 -0.011077279 0.932413459 99.936454773
0.928447127 -0.007739077 0.371383995 5.094465256 0.003089163 0.999909222 0.013113790 -2.460493565 -0.371451735 -0.011028194 0.928386867 100.447456360
0.923010051 -0.008278702 0.384686768 5.331453323 0.003469938 0.999906957 0.013192923 -2.467575788 -0.384760201 -0.010842361 0.922952890 100.955780029
0.917332470 -0.008379650 0.398033917 5.565288544 0.003495660 0.999909520 0.012994393 -2.474343300 -0.398106784 -0.010528789 0.917278647 101.441261292
0.912386835 -0.009122823 0.409227282 5.831607819 0.004062989 0.999904215 0.013232087 -2.482022524 -0.409308851 -0.010410096 0.912336528 101.973953247
0.906030297 -0.009304793 0.423110366 6.080875397 0.004029318 0.999902606 0.013361059 -2.492720604 -0.423193544 -0.010400679 0.905979633 102.455261230
0.899234295 -0.009596224 0.437362105 6.365634918 0.004117333 0.999900758 0.013473557 -2.496135712 -0.437448055 -0.010315119 0.899184525 102.979278564
0.893325508 -0.009662598 0.449306369 6.632572174 0.004082127 0.999902070 0.013387267 -2.506713629 -0.449391663 -0.010125060 0.893277466 103.453338623
0.887676895 -0.010209466 0.460353643 6.923954010 0.004473616 0.999898136 0.013548936 -2.512481689 -0.460445106 -0.009967633 0.887632191 103.970993042
0.880787730 -0.011106950 0.473381013 7.205890656 0.005184111 0.999891043 0.013814747 -2.522421837 -0.473482937 -0.009713801 0.880749404 104.436248779
