1.000000000 0.000000000 0.000000000 0.000000000 0.000000000 1.000000000 0.000000000 0.000000000 0.000000000 0.000000000 1.000000000 0.000000000
1.000000000 0.000032398 0.000134106 -0.001004309 -0.000032401 1.000000000 0.000026131 0.000151352 -0.000134105 -0.000026135 1.000000000 0.000135679
1.000000000 0.000166598 0.000164129 -0.001725147 -0.000166612 1.000000000 0.000082168 0.000770205 -0.000164116 -0.000082195 1.000000000 0.001849872
1.000000000 0.000193325 -0.000006785 0.000062863 -0.000193324 0.999999940 0.000154683 -0.001101258 0.000006815 -0.000154682 1.000000000 -0.000435876
0.999999940 0.000229998 0.000123446 -0.001198538 -0.000230009 0.999999940 0.000082394 -0.000058655 -0.000123427 -0.000082422 1.000000000 0.000292811
1.000000000 -0.000014205 0.000017177 -0.000585074 0.000014203 1.000000000 0.000069856 -0.000167353 -0.000017178 -0.000069855 1.000000000 -0.000749147
1.000000000 0.000013002 0.000131713 -0.001662533 -0.000012991 1.000000000 -0.000083857 0.001898109 -0.000131714 0.000083856 1.000000000 0.003636453
1.000000000 -0.000061541 0.000174403 -0.000962467 0.000061526 1.000000000 0.000085490 0.000899957 -0.000174408 -0.000085479 1.000000000 0.003509335
1.000000000 -0.000000626 0.000160561 -0.001513918 0.000000634 1.000000000 -0.000050041 0.001261527 -0.000160561 0.000050042 1.000000000 0.002479636
1.000000000 0.000002533 0.000196385 -0.001145663 -0.000002538 1.000000000 0.000023451 0.000151825 -0.000196385 -0.000023451 1.000000000 0.000232181
1.000000000 -0.000103864 0.000186127 -0.000933166 0.000103866 1.000000000 -0.000016068 0.001533752 -0.000186126 0.000016087 1.000000000 0.002493996
1.000000000 0.000037791 0.000071307 -0.000474358 -0.000037794 1.000000000 0.000050326 0.000000738 -0.000071305 -0.000050329 1.000000000 0.000625479
1.000000000 0.000078968 0.000169632 -0.001630119 -0.000078966 1.000000000 -0.000014330 0.001582353 -0.000169633 0.000014317 1.000000000 0.004269707
0.999999940 -0.000029830 0.000266795 -0.002478335 0.000029795 1.000000000 0.000128568 0.001181854 -0.000266799 -0.000128560 0.999999940 0.003982183
1.000000000 0.000031058 0.000168333 -0.002105913 -0.000031071 1.000000000 0.000076783 0.000954695 -0.000168331 -0.000076788 1.000000000 0.003493799
1.000000000 0.000105386 0.000098007 -0.001333146 -0.000105392 1.000000000 0.000066161 0.000374808 -0.000098000 -0.000066171 1.000000000 0.001878608
1.000000000 0.000009495 0.000098820 -0.001162625 -0.000009505 1.000000000 0.000101225 -0.000356737 -0.000098819 -0.000101226 1.000000000 0.000645559
0.999999940 0.000159231 0.000322355 -0.001940083 -0.000159274 1.000000000 0.000134168 -0.000160832 -0.000322333 -0.000134220 0.999999940 0.000952620
0.999999940 0.000197052 0.000286878 -0.003155915 -0.000197068 1.000000000 0.000057980 0.000661149 -0.000286867 -0.000058036 0.999999940 0.002724734
0.999999940 0.000181195 0.000206695 -0.002327928 -0.000181207 1.000000000 0.000060536 0.001010376 -0.000206684 -0.000060573 1.000000000 0.003717348
0.999999881 0.000400573 0.000321573 -0.002657081 -0.000400654 0.999999881 0.000251655 -0.000670529 -0.000321472 -0.000251784 0.999999940 0.001190556
0.999999762 0.000556543 0.000389695 -0.003466577 -0.000556579 0.999999821 0.000092454 0.000114045 -0.000389644 -0.000092671 0.999999940 0.001473866
0.999999940 0.000173180 0.000269453 -0.002826443 -0.000173213 1.000000000 0.000122518 0.000700380 -0.000269431 -0.000122564 0.999999940 0.002987341
0.999999940 0.000097339 0.000333963 -0.001800826 -0.000097380 1.000000000 0.000122920 -0.000201251 -0.000333951 -0.000122953 0.999999940 0.001831508
0.999999940 0.000145741 0.000287040 -0.002621749 -0.000145752 1.000000000 0.000040198 0.000611431 -0.000287034 -0.000040240 0.999999940 0.000833975
0.999999940 0.000047454 0.000240447 -0.001180851 -0.000047446 1.000000000 -0.000034609 0.001397043 -0.000240448 0.000034597 1.000000000 0.002173675
0.999999940 0.000151881 0.000299537 -0.002119373 -0.000151904 1.000000000 0.000075778 -0.000021160 -0.000299525 -0.000075823 0.999999940 0.000835204
0.999999940 0.000060502 0.000251056 -0.001450395 -0.000060504 1.000000000 0.000005212 0.001093308 -0.000251056 -0.000005227 0.999999940 0.002270125
0.999999940 0.000228206 0.000350076 -0.003014960 -0.000228196 1.000000000 -0.000028489 0.001041319 -0.000350083 0.000028409 0.999999940 0.001159937
0.999999940 0.000101103 0.000311764 -0.003539812 -0.000101104 1.000000000 0.000002289 0.001904747 -0.000311764 -0.000002320 0.999999940 0.003830271
0.999999940 0.000178016 0.000337432 -0.003017153 -0.000178043 1.000000000 0.000081294 0.000962579 -0.000337418 -0.000081354 0.999999940 0.002969269
0.999999940 0.000102910 0.000303064 -0.002286028 -0.000102949 1.000000000 0.000128035 0.000411025 -0.000303051 -0.000128066 0.999999940 0.001399121
0.999999881 0.000245817 0.000382921 -0.003823477 -0.000245824 0.999999940 0.000017785 0.001690955 -0.000382916 -0.000017880 0.999999940 0.003404438
0.999999881 0.000232072 0.000436677 -0.002994354 -0.000232074 1.000000000 0.000005671 0.001527682 -0.000436676 -0.000005773 0.999999881 0.003315779
0.999999940 0.000184858 0.000251281 -0.000945431 -0.000184896 1.000000000 0.000151012 -0.000533356 -0.000251253 -0.000151058 0.999999940 0.000276528
0.999999881 0.000242344 0.000372361 -0.003201265 -0.000242330 0.999999940 -0.000039457 0.003137177 -0.000372371 0.000039367 0.999999940 0.005474912
0.999999940 0.000204107 0.000323295 -0.003615222 -0.000204080 1.000000000 -0.000082279 0.004577495 -0.000323312 0.000082213 0.999999940 0.007094610
0.999999940 -0.000063621 0.000264813 -0.001339663 0.000063607 1.000000000 0.000053103 0.001328455 -0.000264816 -0.000053087 0.999999940 0.002714525
0.999999940 0.000239018 0.000328130 -0.002624103 -0.000239070 0.999999940 0.000158284 0.000978196 -0.000328092 -0.000158362 0.999999940 0.003082434
0.999999940 0.000005345 0.000246153 -0.001396398 -0.000005362 1.000000000 0.000069404 0.001432173 -0.000246153 -0.000069405 0.999999940 0.002793195
0.999999881 0.000085433 0.000461555 -0.003085361 -0.000085430 1.000000000 -0.000007506 0.001644598 -0.000461556 0.000007466 0.999999881 0.004823470
0.999999940 -0.000181300 0.000246536 0.000041456 0.000181510 0.999999642 -0.000851137 0.001388502 -0.000246382 0.000851181 0.999999583 0.055322636
0.999999881 0.000210848 0.000381248 -0.001934958 -0.000210458 0.999999464 -0.001022031 -0.007011319 -0.000381463 0.001021951 0.999999404 0.131557405
1.000000000 0.000202865 0.000083948 0.003000217 -0.000202723 0.999998569 -0.001683532 -0.003000321 -0.000084290 0.001683514 0.999998569 0.255860686
1.000000000 0.000202227 0.000090702 0.004781677 -0.000202120 0.999999285 -0.001173892 -0.012110358 -0.000090940 0.001173874 0.999999285 0.386482358
0.999999940 0.000192458 0.000200368 0.008147723 -0.000192264 0.999999523 -0.000969545 -0.017319642 -0.000200555 0.000969506 0.999999523 0.524834573
0.999999940 0.000335533 0.000119019 0.012638123 -0.000335434 0.999999583 -0.000832355 -0.025497476 -0.000119298 0.000832315 0.999999642 0.666964412
0.999999881 0.000381015 0.000344711 0.015519881 -0.000380730 0.999999583 -0.000825788 -0.026335852 -0.000345026 0.000825656 0.999999583 0.837855041
0.999999940 0.000289506 0.000146857 0.017925244 -0.000289408 0.999999762 -0.000667734 -0.028649323 -0.000147051 0.000667691 0.999999762 1.014450431
1.000000000 0.000104489 0.000057907 0.022427447 -0.000104471 0.999999940 -0.000312590 -0.034772996 -0.000057940 0.000312584 0.999999940 1.189346671
0.999999702 0.000599884 0.000428697 0.015977696 -0.000599556 0.999999523 -0.000765775 -0.033136770 -0.000429156 0.000765518 0.999999642 1.370303512
0.999999881 0.000418948 0.000190449 0.035317626 -0.000418976 0.999999881 0.000147332 -0.054217365 -0.000190387 -0.000147412 1.000000000 1.565131068
0.999999702 0.000590474 0.000466684 0.036127746 -0.000590384 0.999999821 -0.000192880 -0.051713299 -0.000466798 0.000192604 0.999999881 1.759757161
0.999999940 0.000278186 -0.000215203 0.040746711 -0.000278296 0.999999821 -0.000511528 -0.051035937 0.000215060 0.000511588 0.999999821 1.962459683
0.999999583 0.000731690 0.000581974 0.037619650 -0.000731501 0.999999702 -0.000324704 -0.064401120 -0.000582211 0.000324278 0.999999762 2.161189079
0.999999404 0.001005289 0.000272903 0.035677373 -0.001004886 0.999998331 -0.001473496 -0.057499960 -0.000274384 0.001473221 0.999998868 2.383640051
0.999999166 0.001311736 0.000143529 0.046428643 -0.001311558 0.999998331 -0.001231794 -0.066752754 -0.000145144 0.001231604 0.999999285 2.598526955
0.999998748 0.001546582 0.000227221 0.047136575 -0.001546296 0.999997973 -0.001251772 -0.073332235 -0.000229156 0.001251419 0.999999166 2.827590227
0.999998927 0.001471488 -0.000028833 0.054921500 -0.001471523 0.999998093 -0.001254281 -0.078664236 0.000026987 0.001254322 0.999999225 3.071828365
0.999999344 0.001129408 -0.000098838 0.058838703 -0.001129562 0.999998152 -0.001561510 -0.081125841 0.000097074 0.001561621 0.999998748 3.301860809
0.999999225 0.001237455 0.000069006 0.063496247 -0.001237361 0.999998331 -0.001343076 -0.092908025 -0.000070668 0.001342990 0.999999106 3.539613724
0.999999464 0.000978919 -0.000196850 0.066570237 -0.000979255 0.999998033 -0.001712116 -0.093398698 0.000195174 0.001712308 0.999998510 3.805244923
0.999999464 0.001019566 0.000022128 0.074592091 -0.001019528 0.999998093 -0.001659410 -0.103690758 -0.000023820 0.001659387 0.999998629 4.060682774
0.999999583 0.000848305 -0.000177788 0.076287434 -0.000848522 0.999998868 -0.001224979 -0.111783199 0.000176749 0.001225130 0.999999225 4.322011948
0.999998689 0.001484946 0.000640100 0.068242610 -0.001484049 0.999997854 -0.001399666 -0.113210626 -0.000642177 0.001398714 0.999998748 4.562908649
0.999997795 0.001831318 0.000971638 0.073276639 -0.001830154 0.999997556 -0.001197649 -0.121437997 -0.000973829 0.001195868 0.999998748 4.821354866
0.999998629 0.001478935 0.000659684 0.082626276 -0.001478219 0.999998271 -0.001083480 -0.131346241 -0.000661285 0.001082503 0.999999225 5.082629204
0.999998391 0.001541416 0.000867442 0.084781863 -0.001540210 0.999997854 -0.001389465 -0.133626118 -0.000869582 0.001388127 0.999998689 5.350408554
0.999997497 0.001899076 0.001111990 0.087309301 -0.001897307 0.999996960 -0.001589905 -0.142378896 -0.001115006 0.001587791 0.999998033 5.619369030
0.999998033 0.001728550 0.000924604 0.092932351 -0.001727264 0.999997497 -0.001389446 -0.151616767 -0.000927004 0.001387846 0.999998569 5.885785580
0.999998152 0.001563655 0.001166270 0.101368934 -0.001562028 0.999997914 -0.001395068 -0.161205620 -0.001168449 0.001393244 0.999998331 6.164969921
0.999997139 0.002100553 0.001138993 0.101755261 -0.002098829 0.999996603 -0.001512544 -0.167782083 -0.001142167 0.001510149 0.999998152 6.439400673
0.999996960 0.001881989 0.001621893 0.100345083 -0.001879073 0.999996662 -0.001797587 -0.173567161 -0.001625271 0.001794534 0.999997079 6.734893322
0.999996305 0.002146343 0.001640456 0.105212666 -0.002143323 0.999996006 -0.001839975 -0.180916637 -0.001644398 0.001836452 0.999996960 7.034987926
0.999997258 0.001929901 0.001317817 0.120448671 -0.001928088 0.999997139 -0.001375822 -0.199232742 -0.001320468 0.001373277 0.999998152 7.316528797
0.999996662 0.002043549 0.001595512 0.119636238 -0.002040966 0.999996603 -0.001618227 -0.204738960 -0.001598814 0.001614965 0.999997377 7.631909370
0.999997556 0.001734884 0.001378414 0.128190681 -0.001732997 0.999997556 -0.001368818 -0.217307225 -0.001380785 0.001366426 0.999998152 7.948709488
0.999997079 0.001760579 0.001701241 0.131777108 -0.001757667 0.999996901 -0.001711924 -0.220826611 -0.001704250 0.001708928 0.999997139 8.267955780
0.999995708 0.002154044 0.001989870 0.130708411 -0.002150808 0.999996305 -0.001626773 -0.233345166 -0.001993367 0.001622487 0.999996722 8.600188255
0.999994338 0.002225887 0.002516517 0.132726133 -0.002222284 0.999996483 -0.001433687 -0.243567258 -0.002519700 0.001428087 0.999995828 8.928241730
0.999996126 0.001496401 0.002314412 0.146584019 -0.001493065 0.999997854 -0.001442470 -0.259001255 -0.002316566 0.001439009 0.999996245 9.259823799
0.999994516 0.002193101 0.002469669 0.148357525 -0.002190810 0.999997139 -0.000929888 -0.271146744 -0.002471701 0.000924473 0.999996543 9.607488632
0.999993682 0.002132165 0.002816687 0.153287649 -0.002128156 0.999996603 -0.001425784 -0.274496794 -0.002819718 0.001419781 0.999995053 9.962113380
0.999994695 0.002142909 0.002445951 0.160156518 -0.002140167 0.999997020 -0.001123267 -0.288480639 -0.002448351 0.001118026 0.999996364 10.303225517
0.999994099 0.001949139 0.002829988 0.164374247 -0.001947434 0.999997854 -0.000605170 -0.309388638 -0.002831162 0.000599655 0.999995768 10.650173187
0.999993026 0.002196992 0.003016622 0.173286274 -0.002195089 0.999997377 -0.000633986 -0.317978978 -0.003018007 0.000627359 0.999995291 11.017621994
0.999991715 0.002296465 0.003355003 0.177591696 -0.002294271 0.999997139 -0.000657825 -0.329673469 -0.003356505 0.000650123 0.999994218 11.397571564
0.999993086 0.002022610 0.003122713 0.180988058 -0.002020597 0.999997675 -0.000647714 -0.338728160 -0.003124016 0.000641399 0.999994934 11.773348808
0.999992669 0.002225680 0.003122721 0.192350879 -0.002223672 0.999997258 -0.000646446 -0.353488982 -0.003124151 0.000639498 0.999994934 12.155668259
0.999991417 0.002406291 0.003364858 0.199524030 -0.002403036 0.999996662 -0.000971237 -0.359996557 -0.003367183 0.000963143 0.999993861 12.542908669
0.999990523 0.002652478 0.003446261 0.206858337 -0.002648594 0.999995828 -0.001131436 -0.370362461 -0.003449247 0.001122298 0.999993384 12.943865776
0.999989510 0.002898559 0.003552138 0.211680681 -0.002894732 0.999995232 -0.001082012 -0.381074995 -0.003555257 0.001071718 0.999993086 13.340098381
0.999987841 0.002785187 0.004068723 0.217990309 -0.002781411 0.999995649 -0.000933475 -0.389486283 -0.004071306 0.000922147 0.999991298 13.762620926
0.999987185 0.002693731 0.004293335 0.226681545 -0.002689630 0.999995947 -0.000960718 -0.403149247 -0.004295905 0.000949158 0.999990344 14.160938263
0.999985218 0.003041927 0.004496920 0.237490416 -0.003037800 0.999994993 -0.000924372 -0.414556682 -0.004499710 0.000910698 0.999989510 14.584583282
0.999986708 0.002584239 0.004490977 0.251588672 -0.002581935 0.999996483 -0.000518701 -0.433905095 -0.004492302 0.000507098 0.999989748 15.012753487
0.999986649 0.002303869 0.004631344 0.264628649 -0.002300648 0.999997079 -0.000700586 -0.445411265 -0.004632944 0.000689922 0.999989033 15.445479393
0.999983549 0.002676546 0.005073618 0.273755759 -0.002672384 0.999996066 -0.000826875 -0.456260055 -0.005075812 0.000813302 0.999986768 15.887919426
0.999982774 0.002768754 0.005170619 0.286035478 -0.002764938 0.999995828 -0.000745147 -0.469903141 -0.005172662 0.000730837 0.999986291 16.328891754
0.999979973 0.002648973 0.005741674 0.293595552 -0.002643671 0.999996066 -0.000930661 -0.482832044 -0.005744116 0.000915463 0.999983072 16.776103973
0.999978364 0.002572358 0.006053864 0.306030989 -0.002569477 0.999996543 -0.000483695 -0.499883980 -0.006055088 0.000468129 0.999981582 17.227912903
0.999974608 0.003008665 0.006461699 0.313420951 -0.003005456 0.999995470 -0.000506242 -0.509323239 -0.006463192 0.000486809 0.999979019 17.695846558
0.999978840 0.002859049 0.005857164 0.330780268 -0.002855130 0.999995768 -0.000677332 -0.521002412 -0.005859075 0.000660595 0.999982655 18.159927368
0.999971926 0.002930132 0.006890445 0.343077779 -0.002926162 0.999995530 -0.000586100 -0.533097446 -0.006892132 0.000565921 0.999976158 18.637315750
0.999967456 0.003461151 0.007288305 0.349238575 -0.003454607 0.999993563 -0.000910226 -0.544569552 -0.007291410 0.000885018 0.999972999 19.107748032
0.999970376 0.003069923 0.007069290 0.370083988 -0.003062614 0.999994755 -0.001044531 -0.556283593 -0.007072460 0.001022850 0.999974489 19.586034775
0.999965370 0.003474061 0.007562322 0.373006880 -0.003471475 0.999993861 -0.000355019 -0.570741355 -0.007563510 0.000328754 0.999971390 20.077833176
0.999967098 0.003217297 0.007447031 0.381251246 -0.003207195 0.999993920 -0.001368065 -0.575378895 -0.007451386 0.001344136 0.999971330 20.558599472
0.999969363 0.003019939 0.007229455 0.392130911 -0.003007164 0.999993980 -0.001777320 -0.582749307 -0.007234778 0.001755525 0.999972284 21.064504623
0.999971986 0.002748683 0.006957044 0.403849244 -0.002737158 0.999994814 -0.001665537 -0.593853593 -0.006961585 0.001646447 0.999974370 21.569059372
0.999970675 0.003198483 0.006973752 0.403987110 -0.003193706 0.999994636 -0.000696056 -0.627375066 -0.006975942 0.000673764 0.999975443 22.052963257
0.999973655 0.003125521 0.006555918 0.421467543 -0.003122622 0.999995053 -0.000452251 -0.642691612 -0.006557299 0.000431768 0.999978423 22.563903809
0.999975026 0.003598645 0.006085285 0.427312434 -0.003592829 0.999993026 -0.000966374 -0.653167963 -0.006088720 0.000944486 0.999981046 23.088132858
0.999980390 0.003260484 0.005339629 0.440109611 -0.003255022 0.999994159 -0.001031096 -0.671084046 -0.005342959 0.001013695 0.999985218 23.608806610
0.999984682 0.002515399 0.004935598 0.452240705 -0.002508214 0.999995768 -0.001461498 -0.685458183 -0.004939252 0.001449096 0.999986768 24.129199982
0.999983490 0.003409271 0.004621948 0.463391542 -0.003405835 0.999993861 -0.000751212 -0.703707695 -0.004624481 0.000735458 0.999989033 24.659864426
0.999986827 0.003823144 0.003432424 0.480426371 -0.003820610 0.999992430 -0.000744671 -0.720769286 -0.003435245 0.000731547 0.999993861 25.203155518
0.999990702 0.003145030 0.002978941 0.492811888 -0.003142684 0.999994755 -0.000791814 -0.734543979 -0.002981416 0.000782445 0.999995291 25.750289917
0.999991834 0.003184431 0.002499330 0.506866217 -0.003183072 0.999994755 -0.000547928 -0.754568458 -0.002501061 0.000539968 0.999996722 26.301906586
0.999993622 0.002959957 0.002003485 0.512194037 -0.002960360 0.999995589 0.000198118 -0.773110807 -0.002002890 -0.000204048 0.999997973 26.845624924
0.999994397 0.002906744 0.001686668 0.527603328 -0.002907150 0.999995768 0.000238540 -0.795727015 -0.001685968 -0.000243443 0.999998569 27.387130737
0.999988616 0.004432957 0.001770141 0.527552485 -0.004432167 0.999990046 -0.000450159 -0.804840028 -0.001772119 0.000442308 0.999998331 27.958217621
0.999991894 0.003834579 0.001242900 0.538754463 -0.003834760 0.999992609 0.000143158 -0.822990179 -0.001242342 -0.000147923 0.999999225 28.481407166
0.999992669 0.003633423 0.001221004 0.547709107 -0.003633433 0.999993324 0.000005740 -0.836173117 -0.001220975 -0.000010177 0.999999285 29.027444839
0.999993324 0.003622657 0.000487956 0.563324392 -0.003622722 0.999993443 0.000132738 -0.856115282 -0.000487472 -0.000134505 0.999999821 29.582551956
0.999992728 0.003807710 0.000224166 0.569270492 -0.003807761 0.999992669 0.000224703 -0.869197190 -0.000223309 -0.000225554 0.999999940 30.124597549
0.999994516 0.003319688 -0.000209661 0.588003755 -0.003319615 0.999994397 0.000346382 -0.889607012 0.000210809 -0.000345684 0.999999881 30.663946152
0.999992788 0.003771938 -0.000460547 0.594894350 -0.003771855 0.999992847 0.000182537 -0.903389275 0.000461233 -0.000180799 0.999999881 31.217082977
0.999991000 0.004171380 -0.000700079 0.603952885 -0.004171047 0.999991179 0.000475341 -0.919142365 0.000702056 -0.000472417 0.999999642 31.763107300
0.999992132 0.003736243 -0.001263856 0.621055901 -0.003735135 0.999992669 0.000877257 -0.939367235 0.001267124 -0.000872530 0.999998868 32.308830261
0.999991417 0.004074651 -0.000666595 0.617147028 -0.004074454 0.999991596 0.000296154 -0.944358706 0.000667796 -0.000293435 0.999999762 32.848518372
0.999990523 0.003898053 -0.001942990 0.638493538 -0.003898292 0.999992311 -0.000119151 -0.966177106 0.001942511 0.000126724 0.999998152 33.376438141
0.999990821 0.004211426 -0.000769505 0.633298993 -0.004211122 0.999991059 0.000396681 -0.975785732 0.000771169 -0.000393436 0.999999642 33.947132111
0.999991238 0.004090669 -0.000901199 0.640086114 -0.004090130 0.999991536 0.000599289 -0.994013548 0.000903643 -0.000595598 0.999999404 34.491149902
0.999991357 0.004004604 -0.001052864 0.652404606 -0.004004035 0.999991834 0.000541064 -1.009314775 0.001055022 -0.000536843 0.999999285 35.029319763
0.999992907 0.003545126 -0.001219968 0.663768351 -0.003544386 0.999993503 0.000607775 -1.025305748 0.001222115 -0.000603447 0.999998987 35.577667236
0.999991357 0.003933344 -0.001343468 0.677563250 -0.003932733 0.999992192 0.000456799 -1.046637416 0.001345254 -0.000451511 0.999998987 36.116798401
0.999988437 0.004594020 -0.001435507 0.681391656 -0.004593614 0.999989331 0.000285924 -1.054103851 0.001436806 -0.000279327 0.999998868 36.667789459
0.999987483 0.004860557 -0.001185962 0.690570891 -0.004860499 0.999988139 0.000052210 -1.066310644 0.001186202 -0.000046445 0.999999285 37.216945648
0.999987364 0.004686258 -0.001808466 0.699417412 -0.004685988 0.999988973 0.000153708 -1.085885882 0.001809167 -0.000145232 0.999998331 37.773468018
0.999990463 0.003878677 -0.001965759 0.711852252 -0.003878368 0.999992430 0.000160724 -1.099628925 0.001966367 -0.000153099 0.999998033 38.322555542
0.999987721 0.004633555 -0.001756235 0.722478211 -0.004633242 0.999989212 0.000181942 -1.116503477 0.001757059 -0.000173803 0.999998391 38.864051819
0.999986351 0.004738328 -0.002212000 0.727075815 -0.004737571 0.999988735 0.000347211 -1.131946206 0.002213620 -0.000336727 0.999997437 39.410507202
0.999986470 0.004869016 -0.001841624 0.737990260 -0.004868784 0.999988139 0.000130610 -1.145006299 0.001842238 -0.000121642 0.999998271 39.960456848
0.999984741 0.004960458 -0.002391192 0.759376168 -0.004958224 0.999987364 0.000938857 -1.171690226 0.002395819 -0.000926986 0.999996722 40.495906830
0.999985397 0.004579540 -0.002861045 0.765660286 -0.004577556 0.999989271 0.000699985 -1.184793115 0.002864220 -0.000686879 0.999995649 41.053867340
0.999983311 0.005180108 -0.002574465 0.774995685 -0.005178019 0.999986231 0.000817583 -1.196229100 0.002578666 -0.000804239 0.999996305 41.608684540
0.999983072 0.004857769 -0.003194924 0.795019865 -0.004854743 0.999987841 0.000954298 -1.215817213 0.003199521 -0.000938771 0.999994457 42.149669647
0.999981999 0.005447811 -0.002501596 0.781854987 -0.005445970 0.999984860 0.000742145 -1.226145387 0.002505601 -0.000728508 0.999996603 42.708522797
0.999982178 0.005248276 -0.002861212 0.798047483 -0.005244760 0.999985456 0.001235359 -1.246110201 0.002867655 -0.001220330 0.999995172 43.240623474
0.999979913 0.005898288 -0.002354143 0.804685354 -0.005897216 0.999982536 0.000462289 -1.254050016 0.002356829 -0.000448397 0.999997079 43.802257538
0.999982536 0.005049195 -0.003063483 0.815236211 -0.005045686 0.999986529 0.001152055 -1.277339220 0.003069259 -0.001136578 0.999994576 44.345558167
0.999981582 0.005448662 -0.002654121 0.822684050 -0.005448471 0.999985158 0.000079108 -1.281511068 0.002654512 -0.000064646 0.999996483 44.900379181
0.999980867 0.005774410 -0.002202595 0.829557657 -0.005774674 0.999983191 -0.000113599 -1.291907310 0.002201903 0.000126317 0.999997556 45.433616638
0.999982893 0.004998561 -0.003035143 0.846589327 -0.004994974 0.999986827 0.001188706 -1.323288918 0.003041045 -0.001173525 0.999994695 45.981586456
0.999984324 0.004715125 -0.003017693 0.858450174 -0.004711932 0.999988317 0.001064130 -1.339695692 0.003022675 -0.001049894 0.999994874 46.525146484
0.999979258 0.005457218 -0.003416254 0.865967095 -0.005453771 0.999984622 0.001017547 -1.349251151 0.003421755 -0.000998894 0.999993622 47.068855286
0.999982119 0.005147062 -0.003040299 0.869048715 -0.005144100 0.999986351 0.000981250 -1.364572287 0.003045308 -0.000965593 0.999994874 47.610500336
0.999980509 0.005209683 -0.003445814 0.878290057 -0.005205611 0.999985754 0.001189470 -1.377893090 0.003451962 -0.001171509 0.999993384 48.171764374
0.999982953 0.004744862 -0.003414429 0.893804431 -0.004740433 0.999987960 0.001304101 -1.392240286 0.003420575 -0.001287893 0.999993384 48.708896637
0.999983013 0.004655014 -0.003499784 0.903058410 -0.004649432 0.999987900 0.001601246 -1.408855796 0.003507195 -0.001584947 0.999992669 49.239402771
0.999981523 0.004933697 -0.003534670 0.909929276 -0.004930066 0.999987304 0.001035360 -1.422442913 0.003539734 -0.001017915 0.999993205 49.811733246
0.999981523 0.005221975 -0.003098770 0.915101647 -0.005217659 0.999985456 0.001399285 -1.437543154 0.003106032 -0.001383091 0.999994278 50.354030609
0.999981940 0.004814936 -0.003572158 0.922976255 -0.004811484 0.999987900 0.000974136 -1.452027440 0.003576805 -0.000956931 0.999993145 50.905838013
0.999984145 0.004428060 -0.003447959 0.939253628 -0.004423119 0.999989092 0.001439617 -1.471013665 0.003454295 -0.001424344 0.999993086 51.444881439
0.999979436 0.004752666 -0.004286725 0.953977287 -0.004746919 0.999987841 0.001349994 -1.484857440 0.004293088 -0.001329617 0.999989927 51.997291565
0.999984443 0.004392635 -0.003415378 0.959750950 -0.004391906 0.999990284 0.000220685 -1.494354010 0.003416314 -0.000205681 0.999994218 52.550014496
0.999983132 0.004035894 -0.004166164 0.972491980 -0.004031759 0.999991298 0.001000522 -1.515177369 0.004170166 -0.000983708 0.999990821 53.095787048
0.999982417 0.004017206 -0.004385870 0.981799543 -0.004011942 0.999991238 0.001208490 -1.532491088 0.004390687 -0.001190872 0.999989629 53.631862640
0.999983013 0.004682984 -0.003466464 0.987156928 -0.004679694 0.999988616 0.000956295 -1.547334790 0.003470903 -0.000940057 0.999993503 54.175537109
0.999985456 0.004459586 -0.003029998 0.984938264 -0.004457018 0.999989688 0.000853861 -1.553887606 0.003033775 -0.000840344 0.999994993 54.730876923
0.999981701 0.004380577 -0.004167516 1.005457520 -0.004377258 0.999990106 0.000805174 -1.573610544 0.004171002 -0.000786917 0.999991000 55.267227173
0.999982119 0.004765667 -0.003602711 1.011155128 -0.004761567 0.999988019 0.001145595 -1.590232968 0.003608127 -0.001128420 0.999992907 55.817050934
0.999981046 0.004464197 -0.004224187 1.017866611 -0.004461088 0.999989748 0.000745174 -1.599849582 0.004227471 -0.000726315 0.999990761 56.359115601
0.999984741 0.003933232 -0.003886097 1.036170959 -0.003929565 0.999991834 0.000950866 -1.618173480 0.003889806 -0.000935581 0.999991953 56.893512726
0.999980688 0.004384170 -0.004388189 1.040001750 -0.004381132 0.999990165 0.000701640 -1.628543496 0.004391221 -0.000682401 0.999990106 57.444641113
0.999979973 0.004894731 -0.004007990 1.041018486 -0.004890819 0.999987662 0.000985379 -1.646498680 0.004012763 -0.000965757 0.999991477 57.998134613
0.999980807 0.004537281 -0.004217876 1.056619048 -0.004535340 0.999989629 0.000469562 -1.655865073 0.004219963 -0.000450423 0.999991000 58.532096863
0.999981642 0.004456045 -0.004103316 1.064017653 -0.004454516 0.999990046 0.000381846 -1.668315887 0.004104977 -0.000363561 0.999991536 59.073554993
0.999981701 0.004781628 -0.003702548 1.066123605 -0.004780768 0.999988556 0.000241123 -1.682002664 0.003703658 -0.000223417 0.999993145 59.620769501
0.999978960 0.004754211 -0.004406997 1.080283642 -0.004753071 0.999988675 0.000269127 -1.697780609 0.004408227 -0.000248174 0.999990225 60.158081055
0.999977946 0.005184794 -0.004157264 1.085338473 -0.005182798 0.999986529 0.000490742 -1.712423921 0.004159752 -0.000469185 0.999991238 60.710693359
0.999978483 0.005097271 -0.004125045 1.101445436 -0.005095529 0.999986947 0.000432802 -1.727207065 0.004127197 -0.000411774 0.999991417 61.248661041
0.999976635 0.005176422 -0.004459479 1.106210589 -0.005176255 0.999986589 0.000049148 -1.738398075 0.004459674 -0.000026064 0.999990046 61.812278748
0.999977946 0.005137906 -0.004213036 1.111884952 -0.005139766 0.999986649 -0.000430852 -1.750748992 0.004210766 0.000452497 0.999991059 62.366638184
0.999978125 0.005530678 -0.003608066 1.114102721 -0.005530333 0.999984682 0.000105963 -1.769563913 0.003608596 -0.000086007 0.999993503 62.917919159
0.999975443 0.005387399 -0.004472178 1.133583784 -0.005386380 0.999985456 0.000239834 -1.787940025 0.004473405 -0.000215739 0.999989927 63.452686310
0.999974966 0.005535133 -0.004407710 1.140213251 -0.005536284 0.999984682 -0.000249080 -1.802356482 0.004406265 0.000273476 0.999990225 64.011878967
0.999978006 0.005769433 -0.003274017 1.135532379 -0.005771519 0.999983132 -0.000628108 -1.814996004 0.003270338 0.000646990 0.999994457 64.562667847
0.999969959 0.006488286 -0.004250957 1.160360694 -0.006488257 0.999978960 0.000020731 -1.834621191 0.004251001 0.000006851 0.999990940 65.073204041
0.999975383 0.005200440 -0.004713580 1.164736271 -0.005201429 0.999986470 -0.000197852 -1.843920827 0.004712488 0.000222364 0.999988794 65.612594604
0.999975085 0.005439326 -0.004500074 1.173269272 -0.005440977 0.999985039 -0.000354763 -1.857164383 0.004498078 0.000379239 0.999989748 66.164619446
0.999980032 0.004953290 -0.003917955 1.175635219 -0.004956579 0.999987364 -0.000830186 -1.865133166 0.003913793 0.000849589 0.999991953 66.726417542
0.999974370 0.005543162 -0.004539623 1.193783402 -0.005544493 0.999984682 -0.000280744 -1.890966654 0.004537996 0.000305907 0.999989629 67.259307861
0.999972939 0.005551402 -0.004814112 1.202767611 -0.005551596 0.999984682 -0.000027090 -1.904919982 0.004813887 0.000053815 0.999988437 67.783477783
0.999970615 0.005980886 -0.004790506 1.217783689 -0.005980028 0.999982059 0.000193427 -1.925852180 0.004791578 -0.000164774 0.999988496 68.312294006
0.999971211 0.005972080 -0.004674810 1.223509312 -0.005970760 0.999982059 0.000296453 -1.943808913 0.004676498 -0.000268532 0.999988973 68.870170593
0.999969125 0.006052996 -0.004998903 1.230240703 -0.006052707 0.999981701 0.000072964 -1.955750346 0.004999253 -0.000042705 0.999987423 69.395309448
0.999969959 0.005794803 -0.005148040 1.244826198 -0.005795800 0.999983132 -0.000178592 -1.968282223 0.005146918 0.000208424 0.999986708 69.944328308
0.999973059 0.005540458 -0.004838400 1.243175864 -0.005540540 0.999984622 -0.000003208 -1.985937476 0.004838308 0.000030015 0.999988317 70.485382080
0.999973476 0.005199407 -0.005110558 1.256867051 -0.005197153 0.999986410 0.000453981 -2.002377987 0.005112849 -0.000427409 0.999986827 71.032524109
0.999969602 0.005834029 -0.005162881 1.265135884 -0.005834164 0.999982953 -0.000011097 -2.018096685 0.005162728 0.000041218 0.999986649 71.579734802
0.999969780 0.005786820 -0.005178930 1.277817369 -0.005788194 0.999983132 -0.000250456 -2.032973766 0.005177393 0.000280425 0.999986589 72.128494263
0.999967933 0.006254614 -0.005003472 1.280077219 -0.006255208 0.999980390 -0.000103145 -2.051257610 0.005002729 0.000134439 0.999987483 72.674003601
0.999969065 0.006435516 -0.004525412 1.287905693 -0.006434501 0.999979317 0.000238736 -2.069907427 0.004526854 -0.000209610 0.999989748 73.218353271
0.999970675 0.006054214 -0.004705137 1.296026230 -0.006056061 0.999981701 -0.000378664 -2.081349611 0.004702758 0.000407148 0.999988914 73.757591248
0.999971628 0.005656773 -0.004968440 1.298166990 -0.005655917 0.999983966 0.000186327 -2.097650766 0.004969415 -0.000158220 0.999987662 74.298156738
0.999970913 0.005615525 -0.005149590 1.309697747 -0.005614717 0.999984145 0.000171300 -2.111065626 0.005150471 -0.000142381 0.999986708 74.843742371
0.999972045 0.005531054 -0.005022654 1.312474251 -0.005530338 0.999984682 0.000156521 -2.126353502 0.005023443 -0.000128740 0.999987364 75.386642456
0.999973774 0.005228926 -0.005008776 1.322978377 -0.005228117 0.999986291 0.000174618 -2.146735907 0.005009621 -0.000148427 0.999987364 75.930023193
0.999971628 0.005553709 -0.005085617 1.331660271 -0.005553035 0.999984443 0.000146613 -2.160936594 0.005086352 -0.000118368 0.999987006 76.478248596
0.999972880 0.005159277 -0.005259793 1.341284752 -0.005157216 0.999986768 0.000405210 -2.183580875 0.005261813 -0.000378073 0.999986112 77.021049500
0.999969482 0.005197546 -0.005839802 1.352024317 -0.005195494 0.999986470 0.000366224 -2.197681427 0.005841626 -0.000335872 0.999982893 77.569786072
0.999973714 0.004858475 -0.005385351 1.366919398 -0.004855657 0.999988079 0.000536161 -2.212522507 0.005387892 -0.000509998 0.999985337 78.126884460
0.999972403 0.005336857 -0.005156834 1.365114927 -0.005336644 0.999985754 0.000055226 -2.222966909 0.005157054 -0.000027704 0.999986708 78.660713196
0.999975860 0.004564046 -0.005227331 1.380494833 -0.004564332 0.999989569 -0.000042911 -2.237531424 0.005227080 0.000066769 0.999986291 79.205871582
0.999977529 0.004683483 -0.004805902 1.382441282 -0.004685123 0.999988914 -0.000330245 -2.247999430 0.004804301 0.000352754 0.999988437 79.760688782
0.999971688 0.005133984 -0.005498416 1.399097681 -0.005134756 0.999986827 -0.000126344 -2.263659716 0.005497695 0.000154574 0.999984801 80.290763855
0.999974191 0.005695344 -0.004368692 1.406342983 -0.005694979 0.999983788 0.000096212 -2.280331135 0.004369169 -0.000071330 0.999990463 80.846397400
0.999979198 0.005444222 -0.003452344 1.418146133 -0.005444671 0.999985099 -0.000120923 -2.294617891 0.003451635 0.000139717 0.999994040 81.390594482
0.999982595 0.005500996 -0.002101674 1.425559640 -0.005500933 0.999984860 0.000035564 -2.310558558 0.002101838 -0.000024002 0.999997735 81.929588318
0.999985039 0.005432379 -0.000829692 1.438354015 -0.005432137 0.999985218 0.000292962 -2.328764200 0.000831271 -0.000288451 0.999999642 82.469833374
0.999983549 0.005373322 0.002045888 1.457571030 -0.005373177 0.999985576 -0.000076316 -2.343111277 -0.002046267 0.000065322 0.999997973 83.018402100
0.999965906 0.005566914 0.006100058 1.480781198 -0.005563551 0.999984384 -0.000568060 -2.338955879 -0.006103125 0.000534103 0.999981284 83.517723083
0.999938667 0.005896410 0.009372671 1.491247416 -0.005897144 0.999982595 0.000050596 -2.372381926 -0.009372209 -0.000105865 0.999956071 84.115226746
0.999882638 0.005936758 0.014120560 1.518679857 -0.005939883 0.999982297 0.000179282 -2.394005060 -0.014119246 -0.000263135 0.999900222 84.661750793
0.999782324 0.005443351 0.020138664 1.544831514 -0.005440562 0.999985158 -0.000193301 -2.405157089 -0.020139417 0.000083694 0.999797106 85.211235046
0.999652624 0.005749661 0.025721619 1.565444469 -0.005756020 0.999983430 0.000173208 -2.430622578 -0.025720194 -0.000321202 0.999669075 85.766166687
0.999508321 0.004757655 0.030994043 1.606775403 -0.004763862 0.999988675 0.000126448 -2.443521738 -0.030993089 -0.000274037 0.999519587 86.312980652
0.999196291 0.004660642 0.039811824 1.635365009 -0.004675901 0.999989033 0.000290205 -2.463091373 -0.039810032 -0.000476128 0.999207199 86.867347717
0.998833239 0.005658146 0.047959827 1.679023027 -0.005685479 0.999983728 0.000433521 -2.480182886 -0.047956593 -0.000705690 0.998849154 87.401435852
0.998467267 0.005695978 0.055051476 1.719589233 -0.005725709 0.999983490 0.000382348 -2.492509365 -0.055048402 -0.000696970 0.998483419 87.950904846
0.997950971 0.005406628 0.063753769 1.775699615 -0.005430825 0.999985218 0.000206247 -2.502938986 -0.063751712 -0.000552060 0.997965634 88.491073608
0.997267246 0.005302362 0.073688090 1.836860180 -0.005330057 0.999985754 0.000179194 -2.518554211 -0.073686086 -0.000571466 0.997281253 89.054534912
0.996578872 0.004694386 0.082513735 1.894225121 -0.004652802 0.999988914 -0.000696246 -2.521143198 -0.082516067 0.000309944 0.996589661 89.608215332
0.995864570 0.004607105 0.090733021 1.959039688 -0.004594260 0.999989331 -0.000350423 -2.544296503 -0.090733677 -0.000067877 0.995875180 90.158149719
0.994827807 0.004345065 0.101482056 2.039388657 -0.004339021 0.999990582 -0.000280290 -2.557432652 -0.101482309 -0.000161493 0.994837284 90.698120117
0.993679523 0.004879634 0.112148263 2.113535881 -0.004921691 0.999987900 0.000098151 -2.577105999 -0.112146430 -0.000649490 0.993691504 91.260841370
0.992653847 0.004034373 0.120921858 2.204832077 -0.004044717 0.999991775 -0.000159902 -2.591960430 -0.120921537 -0.000330367 0.992661953 91.801994324
0.991154313 0.004777797 0.132628083 2.290861130 -0.004880002 0.999987960 0.000445576 -2.612606525 -0.132624373 -0.001088860 0.991165817 92.338821411
0.989515662 0.004186553 0.144364491 2.390167236 -0.004185045 0.999991119 -0.000314132 -2.621978998 -0.144364551 -0.000293334 0.989524543 92.914108276
0.987886429 0.004159997 0.155122697 2.494238853 -0.004239757 0.999990940 0.000183331 -2.644223690 -0.155120566 -0.000838793 0.987895131 93.454933167
0.986167848 0.003268606 0.165717557 2.602591515 -0.003305895 0.999994516 -0.000050806 -2.652403355 -0.165716782 -0.000497742 0.986173272 93.995346069
0.984001875 0.003556425 0.178122416 2.726948738 -0.003656171 0.999993265 0.000231745 -2.674363136 -0.178120360 -0.000879283 0.984008312 94.523834229
0.981635571 0.002792630 0.190745607 2.859449387 -0.002855704 0.999995887 0.000055792 -2.688308716 -0.190744668 -0.000599481 0.981639445 95.060112000
0.979487896 0.002770649 0.201483995 2.978530884 -0.002842682 0.999995947 0.000068166 -2.696995020 -0.201483026 -0.000639523 0.979491711 95.606773376
0.976652741 0.002939691 0.214804187 3.117681503 -0.003022237 0.999995410 0.000055859 -2.714101791 -0.214803025 -0.000703744 0.976657093 96.137054443
0.973647475 0.002203522 0.228047863 3.268083572 -0.002285851 0.999997377 0.000096894 -2.721621513 -0.228047073 -0.000615624 0.973649919 96.664710999
0.971078217 0.002175273 0.238751709 3.419046402 -0.002260017 0.999997437 0.000081194 -2.742564201 -0.238750950 -0.000618429 0.971080661 97.196403503
0.968228817 0.001800354 0.250059634 3.583730698 -0.001863461 0.999998271 0.000015623 -2.762769461 -0.250059158 -0.000481103 0.968230486 97.723960876
0.964539766 0.001670513 0.263932288 3.757873535 -0.001772609 0.999998450 0.000148683 -2.779807568 -0.263931632 -0.000611260 0.964541197 98.244247437
0.960749030 0.002121638 0.277410805 3.914613724 -0.002193167 0.999997735 -0.000052448 -2.791659355 -0.277410239 -0.000558019 0.960751414 98.796516418
0.957533717 0.001758892 0.288315833 4.092300415 -0.001876342 0.999998331 0.000131011 -2.809196234 -0.288315088 -0.000666426 0.957535386 99.307868958
0.953507185 0.001383708 0.301366836 4.286060333 -0.001368479 0.999999106 -0.000261650 -2.821323156 -0.301366925 -0.000162929 0.953508198 99.806640625
0.948883355 0.000829747 0.315625876 4.481941223 -0.000927464 0.999999583 0.000159394 -2.838982582 -0.315625548 -0.000443978 0.948883712 100.356704712
0.944998026 0.000237878 0.327075928 4.681137085 -0.000250949 1.000000000 -0.000002235 -2.847907066 -0.327075928 -0.000079968 0.944998026 100.874862671
0.940271795 0.000483655 0.340424448 4.881216049 -0.000532117 0.999999821 0.000048997 -2.870552778 -0.340424359 -0.000227216 0.940271914 101.389480591
0.935240567 -0.000022231 0.354012668 5.098770142 -0.000184567 0.999999940 0.000550393 -2.892903566 -0.354012668 -0.000580089 0.935240448 101.873191833
0.930461466 -0.000370787 0.366389483 5.331293106 0.000299539 0.999999881 0.000251311 -2.900745869 -0.366389602 -0.000124087 0.930461526 102.421043396
0.925992668 -0.001021926 0.377539992 5.566236496 0.001380980 0.999998868 -0.000680331 -2.909440994 -0.377538949 0.001151356 0.925993025 102.927711487
0.919784486 -0.000961224 0.392423004 5.786815643 0.000997489 0.999999464 0.000111484 -2.925987005 -0.392422974 0.000288897 0.919784844 103.416297913
0.914055228 -0.001147641 0.405588448 6.027290344 0.001140962 0.999999404 0.000258236 -2.941965342 -0.405588508 0.000226719 0.914055824 103.907714844
0.909303904 -0.001304591 0.416130692 6.275142670 0.001402445 0.999999046 0.000070507 -2.958554268 -0.416130394 0.000519488 0.909304738 104.361816406
0.902753532 -0.002529704 0.430150777 6.542682648 0.002405103 0.999996722 0.000833382 -2.984459162 -0.430151492 0.000282218 0.902756691 104.892593384
0.896193862 -0.002920966 0.443653136 6.810695648 0.002763751 0.999995708 0.001000999 -3.001568079 -0.443654150 0.000329057 0.896197975 105.368621826
0.890312433 -0.003403487 0.455337554 7.083961487 0.003484556 0.999993742 0.000661316 -3.014729023 -0.455336958 0.000997872 0.890318692 105.855224609
0.884597600 -0.004018093 0.466337740 7.339233398 0.004106895 0.999991238 0.000825813 -3.023240805 -0.466336936 0.001184688 0.884606302 106.339271545
0.877382219 -0.004212281 0.479773551 7.626544952 0.004418478 0.999990046 0.000699382 -3.035783768 -0.479771674 0.001506243 0.877391994 106.817291260
