1.000000000 0.000000000 0.000000000 0.000000000 0.000000000 1.000000000 0.000000000 0.000000000 0.000000000 0.000000000 1.000000000 0.000000000
1.000000000 0.000022688 -0.000021277 0.000444024 -0.000022689 1.000000000 -0.000038032 0.000772561 0.000021276 0.000038033 1.000000000 0.000389112
1.000000000 0.000027691 0.000033123 -0.000056526 -0.000027692 1.000000000 0.000036437 0.000067190 -0.000033122 -0.000036438 1.000000000 0.000086103
1.000000000 -0.000129094 0.000060237 -0.000078406 0.000129096 1.000000000 -0.000024189 0.000755815 -0.000060234 0.000024197 1.000000000 0.000120174
1.000000000 -0.000133516 0.000038770 -0.000110370 0.000133515 1.000000000 0.000031747 -0.000142035 -0.000038774 -0.000031742 1.000000000 -0.000572202
1.000000000 0.000034647 0.000116202 -0.000464248 -0.000034644 1.000000000 -0.000025584 0.000819631 -0.000116203 0.000025580 1.000000000 0.000058528
1.000000000 -0.000080361 0.000069920 0.000145119 0.000080362 1.000000000 -0.000004675 0.000504332 -0.000069920 0.000004680 1.000000000 0.000252777
1.000000000 0.000009457 0.000047898 -0.000406907 -0.000009461 1.000000000 0.000094716 -0.000110507 -0.000047897 -0.000094717 1.000000000 -0.000124378
1.000000000 -0.000034967 -0.000002033 -0.000720112 0.000034967 1.000000000 -0.000083498 -0.000085480 0.000002036 0.000083498 1.000000000 -0.001089262
1.000000000 -0.000046214 0.000080987 -0.000088755 0.000046211 1.000000000 0.000040928 -0.000724893 -0.000080989 -0.000040925 1.000000000 -0.000410950
1.000000000 0.000072026 0.000053060 -0.000834149 -0.000072029 1.000000000 0.000056692 -0.000900464 -0.000053056 -0.000056696 1.000000000 -0.000636302
1.000000000 -0.000032374 0.000069312 -0.000906237 0.000032371 1.000000000 0.000039807 -0.000338977 -0.000069313 -0.000039805 1.000000000 -0.000867102
1.000000000 0.000053409 0.000033275 -0.000812227 -0.000053406 1.000000000 -0.000075491 -0.000338751 -0.000033279 0.000075489 1.000000000 -0.001540915
1.000000000 0.000045463 0.000071922 -0.000997487 -0.000045461 1.000000000 -0.000028257 0.000501680 -0.000071923 0.000028254 1.000000000 0.000307689
1.000000000 0.000029277 0.000047566 -0.000965345 -0.000029272 1.000000000 -0.000116326 0.001253494 -0.000047569 0.000116325 1.000000000 0.000890229
1.000000000 -0.000018165 -0.000039589 0.000386716 0.000018162 1.000000000 -0.000083771 0.001315243 0.000039591 0.000083771 1.000000000 0.001332424
1.000000000 0.000087880 0.000107087 -0.001003646 -0.000087863 1.000000000 -0.000158044 0.002313330 -0.000107101 0.000158034 1.000000000 0.002549615
1.000000000 0.000157433 0.000084036 -0.001338541 -0.000157419 1.000000000 -0.000163140 0.001904483 -0.000084061 0.000163127 1.000000000 0.001660506
1.000000000 0.000174162 0.000151459 -0.001492062 -0.000174147 1.000000000 -0.000097486 0.001936386 -0.000151476 0.000097460 1.000000000 0.002290741
1.000000000 0.000115656 0.000157607 -0.001397879 -0.000115641 1.000000000 -0.000094353 0.001097256 -0.000157618 0.000094335 1.000000000 0.001365042
1.000000000 0.000042270 0.000081040 -0.001120869 -0.000042267 1.000000000 -0.000035697 0.000384051 -0.000081042 0.000035693 1.000000000 0.000719542
1.000000000 0.000171857 0.000055962 -0.000830233 -0.000171856 1.000000000 -0.000032702 0.001313969 -0.000055967 0.000032692 1.000000000 0.000930415
1.000000000 0.000092191 0.000006966 -0.000566349 -0.000092191 1.000000000 -0.000078360 0.001346131 -0.000006973 0.000078359 1.000000000 0.002182084
1.000000000 0.000097409 0.000079190 -0.001193575 -0.000097404 1.000000000 -0.000062923 0.001646830 -0.000079197 0.000062915 1.000000000 0.002454424
0.999999940 0.000354147 0.000037520 -0.001141065 -0.000354144 0.999999940 -0.000072460 0.002384331 -0.000037546 0.000072447 1.000000000 0.003677870
0.999999940 0.000228571 0.000098707 -0.001403576 -0.000228565 1.000000000 -0.000064839 0.002148801 -0.000098722 0.000064817 1.000000000 0.001756073
1.000000000 0.000052237 0.000105309 -0.000500712 -0.000052229 1.000000000 -0.000071060 0.002436548 -0.000105313 0.000071055 1.000000000 0.002969573
1.000000000 0.000140556 0.000172928 -0.001785797 -0.000140552 1.000000000 -0.000022377 0.001467054 -0.000172931 0.000022352 1.000000000 0.002298039
1.000000000 0.000121696 0.000053760 -0.001171689 -0.000121692 1.000000000 -0.000079487 0.002340967 -0.000053770 0.000079480 1.000000000 0.002231182
1.000000000 0.000047076 0.000109190 -0.001702479 -0.000047068 1.000000000 -0.000069249 0.001062175 -0.000109194 0.000069243 1.000000000 0.001601682
1.000000000 0.000129372 0.000199190 -0.001887272 -0.000129371 1.000000000 -0.000008306 0.000970845 -0.000199191 0.000008280 1.000000000 0.001920093
1.000000000 0.000130293 0.000190176 -0.001448468 -0.000130277 1.000000000 -0.000085827 0.002163842 -0.000190187 0.000085802 1.000000000 0.003711454
1.000000000 0.000206756 0.000098584 -0.000893249 -0.000206735 0.999999940 -0.000211718 0.003331122 -0.000098628 0.000211697 1.000000000 0.003801475
1.000000000 0.000109056 0.000132323 -0.000901660 -0.000109042 1.000000000 -0.000105747 0.001697541 -0.000132334 0.000105732 1.000000000 0.001869324
0.999999940 0.000204688 0.000184221 -0.002498614 -0.000204660 0.999999940 -0.000152164 0.002098303 -0.000184252 0.000152127 1.000000000 0.002563473
1.000000000 0.000142272 0.000179450 -0.001724374 -0.000142253 1.000000000 -0.000102403 0.001067329 -0.000179465 0.000102377 1.000000000 0.001452053
1.000000000 0.000090984 0.000044194 -0.002016324 -0.000090985 1.000000000 0.000020812 0.000462205 -0.000044192 -0.000020816 1.000000000 0.000264576
1.000000000 0.000147796 0.000091111 -0.001551118 -0.000147792 1.000000000 -0.000035806 0.001971677 -0.000091116 0.000035793 1.000000000 0.002439519
1.000000000 0.000128286 0.000153945 -0.001947407 -0.000128280 1.000000000 -0.000038556 0.001532945 -0.000153950 0.000038536 1.000000000 0.001332150
1.000000000 0.000185755 0.000123326 -0.000875429 -0.000185744 1.000000000 -0.000095950 0.002899755 -0.000123344 0.000095927 1.000000000 0.003222645
1.000000000 -0.000004863 0.000057420 0.000284869 0.000004869 1.000000000 -0.000099640 0.000792950 -0.000057419 0.000099640 1.000000000 0.002519581
0.999999762 0.000523337 0.000156917 -0.000010983 -0.000523240 0.999999583 -0.000622112 -0.001666466 -0.000157242 0.000622030 0.999999821 0.052726701
0.999999821 0.000423506 0.000202427 0.001469589 -0.000423251 0.999999046 -0.001256315 -0.002487816 -0.000202959 0.001256229 0.999999225 0.142382056
0.999999523 0.000976241 0.000220884 0.001791724 -0.000976018 0.999999046 -0.001005000 -0.009582213 -0.000221865 0.001004784 0.999999404 0.256835461
0.999999523 0.000960451 0.000238396 0.004990471 -0.000960216 0.999999046 -0.000981452 -0.012427205 -0.000239339 0.000981223 0.999999464 0.389187813
0.999999523 0.000984307 0.000219885 0.006134206 -0.000984141 0.999999225 -0.000753684 -0.015783070 -0.000220626 0.000753467 0.999999702 0.533418655
0.999999881 0.000410372 0.000190312 0.015722642 -0.000410370 0.999999940 -0.000008178 -0.030537069 -0.000190315 0.000008100 1.000000000 0.683750749
0.999999940 0.000060074 0.000174163 0.021590453 -0.000060101 1.000000000 0.000152755 -0.034173772 -0.000174154 -0.000152766 1.000000000 0.844886720
0.999999821 0.000441408 0.000220310 0.020917600 -0.000441369 0.999999821 -0.000178347 -0.034413919 -0.000220388 0.000178250 0.999999940 1.022470117
0.999999821 0.000479983 0.000161339 0.026000882 -0.000479962 0.999999881 -0.000130027 -0.039001700 -0.000161402 0.000129950 0.999999940 1.197519660
0.999999702 0.000619081 0.000472087 0.027799690 -0.000619232 0.999999762 0.000319751 -0.045456685 -0.000471889 -0.000320043 0.999999821 1.388685346
0.999999821 0.000615193 0.000237564 0.033433113 -0.000615254 0.999999762 0.000258161 -0.048697934 -0.000237405 -0.000258307 0.999999881 1.582447648
0.999999702 0.000711990 0.000323743 0.031865451 -0.000712156 0.999999583 0.000511378 -0.057031434 -0.000323378 -0.000511608 0.999999821 1.784580946
0.999999583 0.000586679 0.000597208 0.035361379 -0.000587254 0.999999344 0.000963056 -0.064991474 -0.000596643 -0.000963406 0.999999285 1.980884075
0.999999762 0.000393316 0.000514391 0.040113002 -0.000393826 0.999999344 0.000990625 -0.072773002 -0.000514001 -0.000990827 0.999999404 2.192978382
0.999999762 0.000253089 0.000542115 0.045566551 -0.000253555 0.999999523 0.000860733 -0.076210104 -0.000541896 -0.000860871 0.999999464 2.416527987
0.999999702 0.000531779 0.000582059 0.049903534 -0.000532282 0.999999404 0.000863899 -0.081567980 -0.000581599 -0.000864208 0.999999464 2.643279791
0.999999523 0.000569993 0.000763959 0.054343227 -0.000570571 0.999999523 0.000756836 -0.087571785 -0.000763527 -0.000757272 0.999999404 2.867525816
0.999999523 0.000589770 0.000800300 0.058574893 -0.000590592 0.999999285 0.001027499 -0.093079261 -0.000799693 -0.001027971 0.999999166 3.112620592
0.999999523 0.000690741 0.000634168 0.063966118 -0.000691515 0.999998987 0.001222072 -0.106075324 -0.000633324 -0.001222510 0.999998987 3.344585896
0.999999106 0.000958457 0.000883281 0.065990448 -0.000959678 0.999998569 0.001383338 -0.114144757 -0.000881953 -0.001384185 0.999998569 3.591382027
0.999999344 0.000863752 0.000657214 0.075193867 -0.000864353 0.999999225 0.000914359 -0.113916606 -0.000656424 -0.000914927 0.999999285 3.864285946
0.999999166 0.000870919 0.000949478 0.076764025 -0.000871906 0.999999106 0.001039350 -0.120993093 -0.000948572 -0.001040177 0.999998927 4.117297649
0.999998868 0.001241641 0.000861145 0.084944718 -0.001242518 0.999998748 0.001018249 -0.126022413 -0.000859879 -0.001019318 0.999999046 4.376207829
0.999998033 0.001192989 0.001586515 0.085010037 -0.001195036 0.999998569 0.001289584 -0.135634020 -0.001584974 -0.001291478 0.999997795 4.631258965
0.999997795 0.001979105 0.000671830 0.094265677 -0.001979815 0.999997497 0.001057778 -0.143036515 -0.000669735 -0.001059105 0.999999225 4.891406536
0.999997556 0.002111498 0.000703648 0.099769577 -0.002112475 0.999996781 0.001390636 -0.152135611 -0.000700710 -0.001392119 0.999998808 5.153311729
0.999998391 0.001592470 0.000790957 0.105977893 -0.001593325 0.999998152 0.001081785 -0.153388277 -0.000789233 -0.001083044 0.999999106 5.414848804
0.999997437 0.002070661 0.000914773 0.106376275 -0.002071763 0.999997139 0.001205694 -0.162682369 -0.000912274 -0.001207586 0.999998868 5.682267666
0.999998391 0.001631069 0.000762065 0.109659433 -0.001631953 0.999997973 0.001160793 -0.172045216 -0.000760170 -0.001162035 0.999998987 5.950844288
0.999997854 0.001885369 0.000911617 0.113585934 -0.001886347 0.999997675 0.001073593 -0.181485206 -0.000909590 -0.001075311 0.999998987 6.229527473
0.999996901 0.002147489 0.001275026 0.123271286 -0.002149020 0.999996960 0.001199942 -0.184071183 -0.001272445 -0.001202679 0.999998450 6.515789986
0.999996483 0.002425866 0.001138583 0.126415029 -0.002427391 0.999996185 0.001340429 -0.191410661 -0.001135327 -0.001343188 0.999998450 6.820478916
0.999996543 0.002411447 0.001051549 0.140551552 -0.002412023 0.999996960 0.000546369 -0.190740198 -0.001050229 -0.000548903 0.999999285 7.096017838
0.999997437 0.002063259 0.000887792 0.149788067 -0.002063958 0.999997556 0.000786805 -0.200632423 -0.000886166 -0.000788636 0.999999225 7.396328449
0.999997318 0.002027835 0.001075375 0.152376890 -0.002028705 0.999997616 0.000808519 -0.212414578 -0.001073733 -0.000810698 0.999999106 7.697700024
0.999996662 0.002106736 0.001511240 0.154391736 -0.002108599 0.999997020 0.001232123 -0.226189867 -0.001508640 -0.001235305 0.999998093 8.029893875
0.999995351 0.002450656 0.001845807 0.159890682 -0.002453153 0.999996126 0.001351319 -0.235122383 -0.001842488 -0.001355840 0.999997437 8.345602989
0.999996245 0.002197478 0.001670795 0.168436900 -0.002199365 0.999996960 0.001128660 -0.243528292 -0.001668310 -0.001132331 0.999997973 8.675344467
0.999996126 0.002063157 0.001864194 0.166768253 -0.002064818 0.999997616 0.000889796 -0.246219322 -0.001862353 -0.000893642 0.999997795 9.002367020
0.999996185 0.002142254 0.001734048 0.174593002 -0.002143791 0.999997318 0.000885110 -0.258505046 -0.001732147 -0.000888825 0.999998093 9.337427139
0.999992609 0.003066408 0.002321719 0.176114157 -0.003069422 0.999994457 0.001295678 -0.271543950 -0.002317733 -0.001302795 0.999996424 9.684172630
0.999993384 0.002828633 0.002297791 0.184641480 -0.002831832 0.999995053 0.001389895 -0.282308429 -0.002293849 -0.001396393 0.999996364 10.034681320
0.999991417 0.003280795 0.002510844 0.189871982 -0.003284822 0.999993324 0.001601250 -0.294118673 -0.002505574 -0.001609484 0.999995589 10.397520065
0.999994636 0.002513323 0.002063568 0.202429935 -0.002515914 0.999996066 0.001254123 -0.304916173 -0.002060408 -0.001259308 0.999997079 10.752948761
0.999995291 0.002501015 0.001846257 0.217244312 -0.002503258 0.999996126 0.001213213 -0.303504199 -0.001843216 -0.001217829 0.999997497 11.109637260
0.999994993 0.002480656 0.001962751 0.227716789 -0.002483260 0.999996006 0.001325269 -0.315116107 -0.001959455 -0.001330137 0.999997199 11.487367630
0.999988377 0.004019433 0.002705054 0.220182806 -0.004022991 0.999991000 0.001310971 -0.329963833 -0.002699761 -0.001321838 0.999995410 11.852871895
0.999991119 0.003443018 0.002425092 0.232102096 -0.003447171 0.999992609 0.001710073 -0.340663612 -0.002419187 -0.001718418 0.999995589 12.253939629
0.999990404 0.003576661 0.002528684 0.244192705 -0.003581969 0.999991417 0.002097547 -0.355806828 -0.002521160 -0.002106584 0.999994576 12.640611649
0.999991715 0.003085734 0.002644531 0.249493346 -0.003089836 0.999993980 0.001548273 -0.362087667 -0.002639738 -0.001556431 0.999995291 13.040560722
0.999992132 0.003038847 0.002541985 0.258762747 -0.003042582 0.999994278 0.001466601 -0.371150792 -0.002537514 -0.001474323 0.999995708 13.449244499
0.999988317 0.003754375 0.003045016 0.261633605 -0.003760176 0.999991119 0.001901691 -0.386634558 -0.003037849 -0.001913119 0.999993563 13.842615128
0.999988377 0.003755562 0.003000757 0.277832955 -0.003760638 0.999991477 0.001687592 -0.389697492 -0.002994394 -0.001698856 0.999994099 14.270415306
0.999983490 0.004251572 0.003847075 0.280821562 -0.004257337 0.999989808 0.001491780 -0.402056694 -0.003840693 -0.001508134 0.999991477 14.690909386
0.999984741 0.004108823 0.003668419 0.288609266 -0.004114540 0.999990344 0.001552157 -0.415829271 -0.003662005 -0.001567228 0.999992073 15.122820854
0.999981523 0.004473354 0.004116306 0.288625240 -0.004480474 0.999988496 0.001722209 -0.430081666 -0.004108555 -0.001740621 0.999990046 15.556748390
0.999979258 0.004391183 0.004710013 0.297104001 -0.004398447 0.999989152 0.001532906 -0.438696593 -0.004703231 -0.001553591 0.999987721 16.002986908
0.999983013 0.004017819 0.004203992 0.327039570 -0.004025760 0.999990046 0.001882562 -0.456670135 -0.004196386 -0.001899454 0.999989390 16.406482697
0.999982178 0.004306597 0.004133425 0.333858848 -0.004313372 0.999989331 0.001631668 -0.469214022 -0.004126355 -0.001649468 0.999990106 16.856510162
0.999979377 0.004566949 0.004512508 0.345597506 -0.004575388 0.999987781 0.001861611 -0.480121672 -0.004503950 -0.001882219 0.999988079 17.320129395
0.999978840 0.004396178 0.004795634 0.358441353 -0.004407616 0.999987483 0.002377011 -0.501121700 -0.004785125 -0.002398098 0.999985695 17.779897690
0.999981284 0.003822161 0.004771069 0.374622166 -0.003832484 0.999990404 0.002156449 -0.511661828 -0.004762780 -0.002174694 0.999986351 18.246227264
0.999976754 0.004264175 0.005331719 0.387042671 -0.004275223 0.999988735 0.002062486 -0.520030856 -0.005322864 -0.002085232 0.999983668 18.727516174
0.999980569 0.003408404 0.005215879 0.411567062 -0.003418013 0.999992490 0.001834688 -0.535755873 -0.005209585 -0.001852480 0.999984682 19.203222275
0.999979079 0.003740682 0.005281113 0.427420080 -0.003751942 0.999990702 0.002123768 -0.555196166 -0.005273120 -0.002143538 0.999983728 19.663295746
0.999980330 0.003813416 0.004986889 0.434524804 -0.003827014 0.999988973 0.002719981 -0.571141720 -0.004976462 -0.002739012 0.999983788 20.152730942
0.999982893 0.002265887 0.005411585 0.434031874 -0.002282235 0.999992847 0.003016741 -0.600326896 -0.005404711 -0.003029041 0.999980807 20.611829758
0.999987423 0.002165014 0.004524874 0.446666420 -0.002178457 0.999993265 0.002968015 -0.614579558 -0.004518417 -0.002977835 0.999985397 21.116744995
0.999984741 0.003121001 0.004561006 0.461004078 -0.003132917 0.999991715 0.002607730 -0.622218609 -0.004552830 -0.002621979 0.999986172 21.623632431
0.999988079 0.003009588 0.003856026 0.473973006 -0.003020015 0.999991834 0.002701203 -0.637181759 -0.003847865 -0.002712816 0.999988914 22.139280319
0.999983549 0.004026936 0.004118599 0.488681644 -0.004037635 0.999988437 0.002592446 -0.647219837 -0.004108113 -0.002609032 0.999988079 22.664234161
0.999986768 0.003721836 0.003543225 0.496585488 -0.003731337 0.999989450 0.002678791 -0.662958801 -0.003533218 -0.002691977 0.999990106 23.174324036
0.999990880 0.003429295 0.002533230 0.507048011 -0.003437145 0.999989271 0.003101129 -0.688228607 -0.002522568 -0.003109808 0.999991953 23.671749115
0.999995589 0.002082964 0.002125292 0.515584886 -0.002088274 0.999994695 0.002499288 -0.703791618 -0.002120075 -0.002503716 0.999994636 24.198125839
0.999994636 0.002657877 0.001895807 0.515237927 -0.002663899 0.999991417 0.003181029 -0.720962882 -0.001887335 -0.003186062 0.999993145 24.690408707
0.999993443 0.003244101 0.001555747 0.530798793 -0.003249341 0.999989033 0.003377519 -0.741199017 -0.001544773 -0.003382553 0.999993026 25.214195251
0.999994516 0.003284288 0.000389855 0.545258641 -0.003285856 0.999986231 0.004093620 -0.758859992 -0.000376405 -0.004094879 0.999991477 25.764303207
0.999995470 0.002993176 0.000088666 0.556161821 -0.002993505 0.999987602 0.003975417 -0.780515611 -0.000076766 -0.003975665 0.999992073 26.318655014
0.999997020 0.002442666 -0.000204037 0.560232341 -0.002441691 0.999986231 0.004651059 -0.789637744 0.000215395 -0.004650547 0.999989152 26.887247086
0.999997139 0.002056770 -0.001240734 0.575169265 -0.002050953 0.999987006 0.004670984 -0.805157483 0.001250325 -0.004668426 0.999988258 27.443450928
0.999996006 0.002295147 -0.001680975 0.584966660 -0.002287729 0.999987721 0.004401518 -0.814804316 0.001691056 -0.004397655 0.999988854 28.003511429
0.999993682 0.003266382 -0.001473160 0.594387591 -0.003259711 0.999984443 0.004508587 -0.835860252 0.001487864 -0.004503756 0.999988735 28.553247452
0.999992609 0.003446346 -0.001672305 0.607125282 -0.003438271 0.999982476 0.004807013 -0.860240638 0.001688842 -0.004801228 0.999987006 29.106016159
0.999995172 0.001971222 -0.002407080 0.622238994 -0.001958613 0.999984324 0.005229748 -0.873946011 0.002417352 -0.005225008 0.999983430 29.659675598
0.999990702 0.003614039 -0.002317973 0.611725748 -0.003603531 0.999983430 0.004521907 -0.880374789 0.002334277 -0.004513513 0.999987066 30.179508209
0.999991536 0.003349110 -0.002378730 0.619070232 -0.003338212 0.999983907 0.004570942 -0.890993357 0.002394001 -0.004562962 0.999986649 30.740489960
0.999987841 0.004081766 -0.002753118 0.645086348 -0.004068691 0.999980509 0.004738254 -0.906333923 0.002772405 -0.004726994 0.999984980 31.277624130
0.999982893 0.004967205 -0.003082242 0.651056945 -0.004953771 0.999978304 0.004350833 -0.910651565 0.003103786 -0.004335490 0.999985814 31.834009171
0.999988258 0.004183067 -0.002454167 0.649459481 -0.004170250 0.999977708 0.005205242 -0.948395610 0.002475885 -0.005194946 0.999983430 32.391178131
0.999985635 0.004198298 -0.003359790 0.652796507 -0.004178340 0.999973595 0.005925498 -0.968314469 0.003384579 -0.005911373 0.999976814 32.925045013
0.999987662 0.004192085 -0.002672244 0.672765136 -0.004179058 0.999979436 0.004861931 -0.958225310 0.002692571 -0.004850703 0.999984622 33.486419678
0.999984205 0.004829938 -0.002860860 0.682391524 -0.004816954 0.999978125 0.004527634 -0.973155439 0.002882666 -0.004513782 0.999985635 34.043151855
0.999983430 0.004268729 -0.003846419 0.698158085 -0.004246885 0.999974906 0.005669213 -1.005658031 0.003870522 -0.005652783 0.999976516 34.573841095
0.999982178 0.004324950 -0.004115700 0.710300446 -0.004303856 0.999977589 0.005120452 -1.021118879 0.004137754 -0.005102647 0.999978423 35.102481842
0.999981046 0.005212407 -0.003261872 0.699575663 -0.005197605 0.999976337 0.004530015 -1.018460274 0.003285407 -0.004512976 0.999984443 35.671237946
0.999979258 0.005656986 -0.003086651 0.704399228 -0.005642158 0.999972641 0.004791541 -1.036752462 0.003113672 -0.004774025 0.999983788 36.211601257
0.999961615 0.007624376 -0.004310233 0.729556203 -0.007603406 0.999959230 0.004860763 -1.067872167 0.004347117 -0.004827804 0.999978900 36.788726807
0.999983072 0.003924375 -0.004277252 0.731275916 -0.003904973 0.999982119 0.004534854 -1.062039375 0.004294972 -0.004518075 0.999980569 37.336986542
0.999983132 0.003698765 -0.004461645 0.742350578 -0.003679371 0.999983788 0.004347118 -1.073226571 0.004477652 -0.004330628 0.999980628 37.888702393
0.999980092 0.001119767 -0.006207439 0.787773013 -0.001090844 0.999988556 0.004661041 -1.105803490 0.006212587 -0.004654177 0.999969840 38.426963806
0.999979913 0.000700187 -0.006300291 0.790710032 -0.000672136 0.999989867 0.004453265 -1.112855792 0.006303344 -0.004448941 0.999970317 38.983104706
0.999979317 0.003110949 -0.005629045 0.783466935 -0.003087176 0.999986291 0.004227185 -1.118646622 0.005642119 -0.004209720 0.999975204 39.522884369
0.999980271 0.003267289 -0.005350547 0.783400476 -0.003245751 0.999986529 0.004029255 -1.133468151 0.005363639 -0.004011809 0.999977589 40.075805664
0.999978960 0.003473803 -0.005470674 0.791713655 -0.003450337 0.999984860 0.004292968 -1.149360299 0.005485504 -0.004274003 0.999975801 40.623123169
0.999978364 0.002717732 -0.005985954 0.810237229 -0.002695875 0.999989629 0.003656489 -1.149278998 0.005995830 -0.003640271 0.999975383 41.163383484
0.999979079 0.003537824 -0.005421412 0.810403645 -0.003516184 0.999985754 0.003995864 -1.161359787 0.005435472 -0.003976716 0.999977350 41.710151672
0.999980390 0.003914666 -0.004882968 0.802507877 -0.003894166 0.999983549 0.004200700 -1.184056282 0.004899331 -0.004181603 0.999979258 42.274684906
0.999981523 0.003898878 -0.004646664 0.810375333 -0.003879368 0.999983668 0.004200500 -1.193069100 0.004662964 -0.004182396 0.999980390 42.828891754
0.999980569 0.004139508 -0.004661425 0.823333204 -0.004119056 0.999981880 0.004388636 -1.216477156 0.004679507 -0.004369351 0.999979556 43.335033417
0.999980390 0.001475548 -0.006077169 0.834616184 -0.001451949 0.999991357 0.003885756 -1.221498251 0.006082851 -0.003876856 0.999974012 43.921962738
0.999981105 0.001686718 -0.005915735 0.839296460 -0.001664759 0.999991715 0.003715012 -1.233753681 0.005921953 -0.003705094 0.999975681 44.465942383
0.999975145 0.002191666 -0.006692185 0.869405389 -0.002164016 0.999989152 0.004136158 -1.247071624 0.006701177 -0.004121573 0.999969125 45.008094788
0.999977767 0.001890024 -0.006434029 0.876497328 -0.001867667 0.999992192 0.003478948 -1.252503633 0.006440556 -0.003466853 0.999973297 45.577362061
0.999979019 0.001969162 -0.006191810 0.880769610 -0.001949251 0.999992907 0.003220218 -1.264071107 0.006198109 -0.003208080 0.999975681 46.126831055
0.999979436 0.001916821 -0.006117091 0.878649116 -0.001896170 0.999992490 0.003380004 -1.274038196 0.006123523 -0.003368336 0.999975562 46.659374237
0.999975502 0.003211721 -0.006221509 0.891488433 -0.003189811 0.999988616 0.003528556 -1.285512686 0.006232771 -0.003508623 0.999974430 47.210018158
0.999974310 0.003111469 -0.006461657 0.891358078 -0.003089458 0.999989331 0.003413490 -1.295272350 0.006472209 -0.003393439 0.999973297 47.748725891
0.999976993 0.002805468 -0.006172603 0.895255208 -0.002786283 0.999991238 0.003114598 -1.301375508 0.006181287 -0.003097328 0.999976099 48.297931671
0.999975324 0.003047941 -0.006328210 0.901915193 -0.003028723 0.999990761 0.003044346 -1.314942598 0.006337431 -0.003025105 0.999975324 48.829463959
0.999975502 0.003175136 -0.006238724 0.899746299 -0.003155244 0.999989927 0.003195929 -1.339456797 0.006248809 -0.003176166 0.999975443 49.341854095
0.999974430 0.003846805 -0.006031311 0.913797021 -0.003827870 0.999987662 0.003147828 -1.349866390 0.006043346 -0.003124660 0.999976873 49.888458252
0.999970853 0.003376441 -0.006841161 0.928908706 -0.003352844 0.999988377 0.003457856 -1.365452528 0.006852757 -0.003434819 0.999970615 50.404106140
0.999973774 0.003554567 -0.006310651 0.930023432 -0.003531630 0.999987125 0.003642060 -1.387274981 0.006323516 -0.003619677 0.999973476 50.934257507
0.999973893 0.002707953 -0.006702588 0.943336248 -0.002683242 0.999989569 0.003692976 -1.397867203 0.006712519 -0.003674895 0.999970675 51.495281219
0.999973297 0.002552361 -0.006837791 0.950998724 -0.002525711 0.999989152 0.003903348 -1.413906813 0.006847681 -0.003885973 0.999969006 52.040653229
0.999969125 0.004188935 -0.006647429 0.951533556 -0.004164726 0.999984682 0.003651542 -1.436295986 0.006662623 -0.003623744 0.999971211 52.549987793
0.999971926 0.003048048 -0.006841281 0.964278042 -0.003023570 0.999988973 0.003585351 -1.434097767 0.006852133 -0.003564566 0.999970198 53.098838806
0.999970198 0.003991489 -0.006611928 0.963693619 -0.003968349 0.999985993 0.003509193 -1.455120802 0.006625840 -0.003482850 0.999971986 53.613864899
0.999971330 0.003223068 -0.006851420 0.969654918 -0.003200328 0.999989331 0.003327394 -1.471387625 0.006862070 -0.003305372 0.999970913 54.152587891
0.999972820 0.004041981 -0.006153252 0.961593032 -0.004023102 0.999987185 0.003077395 -1.484368801 0.006165612 -0.003052556 0.999976337 54.695625305
0.999972701 0.003664949 -0.006410966 0.969897628 -0.003645550 0.999988675 0.003034996 -1.497824550 0.006422017 -0.003011542 0.999974906 55.245491028
0.999974191 0.003089225 -0.006474214 0.990160346 -0.003065140 0.999988317 0.003726882 -1.523472309 0.006485651 -0.003706941 0.999972105 55.784648895
0.999973416 0.003241177 -0.006534195 0.998510957 -0.003214398 0.999986410 0.004104466 -1.535434842 0.006547407 -0.004083353 0.999970257 56.295196533
0.999975979 0.002735320 -0.006372811 1.013655424 -0.002713573 0.999990463 0.003418428 -1.550720692 0.006382101 -0.003401053 0.999973774 56.861797333
0.999973834 0.003492608 -0.006333853 1.006471395 -0.003469184 0.999987125 0.003705406 -1.568140388 0.006346713 -0.003683336 0.999973059 57.382984161
0.999972403 0.003483383 -0.006557231 1.021782279 -0.003458590 0.999986768 0.003788554 -1.578182697 0.006570343 -0.003765770 0.999971330 57.924770355
0.999973893 0.003344149 -0.006399684 1.027994633 -0.003321055 0.999987960 0.003616009 -1.587983608 0.006411696 -0.003594662 0.999972999 58.465324402
0.999971986 0.003311174 -0.006701767 1.030146599 -0.003288002 0.999988616 0.003465793 -1.606291533 0.006713165 -0.003443660 0.999971509 59.007286072
0.999977767 0.003234459 -0.005831997 1.029786468 -0.003211803 0.999987245 0.003889954 -1.628519177 0.005844506 -0.003871137 0.999975443 59.544277191
0.999974132 0.003463108 -0.006297023 1.047174335 -0.003440063 0.999987304 0.003667009 -1.640685320 0.006309642 -0.003645252 0.999973416 60.075958252
0.999974489 0.004779188 -0.005304853 1.036241293 -0.004758407 0.999981105 0.003923207 -1.652923822 0.005323501 -0.003897864 0.999978244 60.638500214
0.999977529 0.003721679 -0.005572808 1.048508167 -0.003702699 0.999987304 0.003412048 -1.671828151 0.005585437 -0.003391337 0.999978662 61.177940369
0.999979854 0.003358691 -0.005388360 1.057469606 -0.003337846 0.999986947 0.003872840 -1.681140065 0.005401297 -0.003854777 0.999978006 61.729980469
0.999979019 0.003577871 -0.005396990 1.064087033 -0.003558198 0.999986947 0.003650580 -1.695630908 0.005409982 -0.003631300 0.999978721 62.269462585
0.999977648 0.004524099 -0.004928586 1.074121952 -0.004505855 0.999982953 0.003706669 -1.712176085 0.004945273 -0.003684379 0.999980986 62.811145782
0.999976099 0.004039347 -0.005608452 1.086966991 -0.004019022 0.999985278 0.003630594 -1.725953102 0.005623036 -0.003607967 0.999977708 63.332729340
0.999974966 0.004636183 -0.005342264 1.084700346 -0.004619529 0.999984443 0.003125462 -1.739006758 0.005356671 -0.003100705 0.999980867 63.874721527
0.999975681 0.003924423 -0.005780878 1.099781394 -0.003907969 0.999988258 0.002854928 -1.749029994 0.005792015 -0.002832266 0.999979198 64.403022766
0.999976337 0.003821189 -0.005722710 1.104638219 -0.003805530 0.999988973 0.002744686 -1.759382606 0.005733135 -0.002722843 0.999979854 64.930778503
0.999977827 0.004313413 -0.005078577 1.112478614 -0.004297285 0.999985695 0.003182424 -1.777856708 0.005092232 -0.003160530 0.999982059 65.459892273
0.999976873 0.003930569 -0.005547724 1.125384569 -0.003914942 0.999988258 0.002824800 -1.790440798 0.005558763 -0.002803015 0.999980628 65.992546082
0.999977827 0.004021489 -0.005308784 1.126976132 -0.004006472 0.999988079 0.002836108 -1.806101084 0.005320126 -0.002814775 0.999981880 66.552543640
0.999978542 0.004636506 -0.004621275 1.126297712 -0.004625667 0.999986589 0.002353300 -1.823313594 0.004632124 -0.002331873 0.999986529 67.092864990
0.999980986 0.003729012 -0.004897106 1.154232979 -0.003715702 0.999989331 0.002724267 -1.837611198 0.004907212 -0.002706018 0.999984264 67.657218933
0.999977827 0.003587558 -0.005610652 1.168691754 -0.003572834 0.999990165 0.002632222 -1.855768323 0.005620040 -0.002612118 0.999980748 68.202262878
0.999978483 0.004142066 -0.005091588 1.176285505 -0.004129378 0.999988377 0.002500121 -1.869062543 0.005101885 -0.002479042 0.999983907 68.733665466
0.999975622 0.003914260 -0.005767261 1.182826638 -0.003898810 0.999988735 0.002687675 -1.885360837 0.005777715 -0.002665124 0.999979734 69.272644043
0.999975801 0.004389904 -0.005399995 1.188384891 -0.004377542 0.999987781 0.002298733 -1.897282481 0.005410021 -0.002275039 0.999982774 69.818519592
0.999977946 0.003935965 -0.005360716 1.196053982 -0.003920376 0.999988079 0.002915364 -1.914492011 0.005372125 -0.002894283 0.999981403 70.373313904
0.999976635 0.003890714 -0.005623042 1.218520761 -0.003876759 0.999989331 0.002490685 -1.924519897 0.005632672 -0.002468827 0.999981046 70.981819153
0.999978960 0.003547243 -0.005419874 1.222234488 -0.003536623 0.999991834 0.001967739 -1.939539433 0.005426809 -0.001948530 0.999983370 71.532493591
0.999981105 0.003952075 -0.004706287 1.229800344 -0.003943674 0.999990642 0.001792827 -1.945255160 0.004713328 -0.001774233 0.999987245 72.092208862
0.999981105 0.004274677 -0.004415496 1.228536487 -0.004264175 0.999988019 0.002385175 -1.972142816 0.004425641 -0.002366302 0.999987423 72.648933411
0.999983668 0.003678774 -0.004369236 1.237368345 -0.003669713 0.999991119 0.002080157 -1.995240331 0.004376849 -0.002064089 0.999988317 73.189147949
0.999979675 0.004348675 -0.004663743 1.244876623 -0.004337688 0.999987781 0.002363648 -2.002449036 0.004673964 -0.002343371 0.999986351 73.762466431
0.999980628 0.004333423 -0.004490442 1.257446766 -0.004327796 0.999989808 0.001262242 -2.007978439 0.004495867 -0.001242783 0.999989092 74.326477051
0.999978006 0.005184595 -0.004165614 1.263521194 -0.005176909 0.999984860 0.001853601 -2.029106855 0.004175163 -0.001831995 0.999989569 74.893241882
0.999969065 0.006427125 -0.004523574 1.267311096 -0.006413265 0.999974728 0.003071417 -2.049571753 0.004543201 -0.003042311 0.999985039 75.441085815
0.999967277 0.006895486 -0.004236402 1.279294252 -0.006884881 0.999973118 0.002512886 -2.064277172 0.004253617 -0.002483636 0.999987781 75.983139038
0.999975562 0.005782681 -0.003935468 1.288802385 -0.005774852 0.999981344 0.001997278 -2.071386099 0.003946944 -0.001974503 0.999990225 76.558174133
0.999965012 0.007356139 -0.003983860 1.289995313 -0.007349305 0.999971509 0.001727588 -2.084807873 0.003996454 -0.001698249 0.999990582 77.059555054
0.999967158 0.006784987 -0.004435105 1.297745466 -0.006778472 0.999975920 0.001482610 -2.088246107 0.004445058 -0.001452498 0.999989092 77.541114807
0.999970496 0.006364920 -0.004293298 1.307422876 -0.006354965 0.999977112 0.002328496 -2.107420683 0.004308020 -0.002301144 0.999988079 78.078079224
0.999969840 0.006694373 -0.003941894 1.334379792 -0.006685600 0.999975145 0.002234538 -2.123299599 0.003956754 -0.002208116 0.999989748 78.538497925
0.999955475 0.008796089 -0.003412277 1.316260219 -0.008787612 0.999958277 0.002491666 -2.141770363 0.003434052 -0.002461569 0.999991059 79.051643372
0.999962926 0.007719193 -0.003815195 1.336193919 -0.007710846 0.999967813 0.002197277 -2.158627987 0.003832034 -0.002167777 0.999990284 79.596618652
0.999966621 0.007480026 -0.003281862 1.347840667 -0.007471327 0.999968529 0.002655196 -2.171798944 0.003301620 -0.002630588 0.999991119 80.051574707
0.999970973 0.007194276 -0.002495861 1.350241661 -0.007188821 0.999971688 0.002187439 -2.182297230 0.002511527 -0.002169433 0.999994516 80.595680237
0.999965608 0.008205059 -0.001180497 1.359492421 -0.008202490 0.999963999 0.002163070 -2.197177172 0.001198202 -0.002153313 0.999996960 81.127288818
0.999964893 0.008376015 0.000035755 1.373252749 -0.008376068 0.999963045 0.001948649 -2.209899426 -0.000019432 -0.001948880 0.999998093 81.653266907
0.999974132 0.007093083 0.001168234 1.382432103 -0.007095106 0.999973297 0.001736323 -2.222813129 -0.001155887 -0.001744567 0.999997795 82.199897766
0.999963164 0.007675878 0.003837951 1.404763818 -0.007683125 0.999968827 0.001877657 -2.238169909 -0.003823418 -0.001907076 0.999990821 82.758743286
0.999941826 0.007568740 0.007680250 1.423305392 -0.007590025 0.999967396 0.002745889 -2.264721394 -0.007659218 -0.002804023 0.999966741 83.267768860
0.999918759 0.007175839 0.010526530 1.441461563 -0.007196834 0.999972105 0.001958048 -2.269178391 -0.010512186 -0.002033646 0.999942601 83.812232971
0.999857426 0.007774576 0.014989475 1.466598034 -0.007805911 0.999967456 0.002033074 -2.296764851 -0.014973181 -0.002149791 0.999885499 84.322479248
0.999766052 0.007168309 0.020408172 1.498947501 -0.007228761 0.999969721 0.002889958 -2.312229156 -0.020386837 -0.003036808 0.999787569 84.858047485
0.999629557 0.006852292 0.026336718 1.528702736 -0.006913710 0.999973595 0.002241765 -2.317553043 -0.026320659 -0.002423019 0.999650598 85.410629272
0.999456942 0.006625748 0.032283172 1.554838181 -0.006705623 0.999974668 0.002366497 -2.335800409 -0.032266684 -0.002581690 0.999475896 85.949722290
0.999161780 0.007258049 0.040286720 1.597473741 -0.007353144 0.999970436 0.002212743 -2.347362518 -0.040269472 -0.002507122 0.999185681 86.527740479
0.998795271 0.007105888 0.048553705 1.641896725 -0.007207123 0.999972165 0.001910244 -2.362610102 -0.048538778 -0.002257875 0.998818696 87.056114197
0.998406768 0.007109077 0.055976436 1.675777674 -0.007242334 0.999971390 0.002178086 -2.386212826 -0.055959344 -0.002580016 0.998429716 87.594200134
0.997829378 0.007583400 0.065413989 1.723306179 -0.007768151 0.999966502 0.002570459 -2.402186394 -0.065392308 -0.003073025 0.997854888 88.146812439
0.997157216 0.006703518 0.075050570 1.797750473 -0.006899051 0.999973476 0.002346403 -2.419208765 -0.075032867 -0.002857511 0.997176886 88.669807434
0.996467471 0.006881899 0.083697148 1.852519989 -0.007067919 0.999973178 0.001926432 -2.427921057 -0.083681643 -0.002511191 0.996489406 89.207939148
0.995833039 0.006148722 0.090987049 1.915401936 -0.006315492 0.999978840 0.001545099 -2.441434860 -0.090975612 -0.002113288 0.995850861 89.759162903
0.994864047 0.006189635 0.101030596 1.994142056 -0.006391481 0.999978185 0.001674291 -2.459058046 -0.101018041 -0.002311427 0.994881928 90.289443970
0.993775308 0.005912029 0.111246035 2.078697681 -0.006142320 0.999979615 0.001727508 -2.476593494 -0.111233562 -0.002400064 0.993791342 90.834152222
0.992719471 0.005056440 0.120342851 2.168626785 -0.005282515 0.999984860 0.001559651 -2.494417906 -0.120333128 -0.002184008 0.992731154 91.367057800
0.991264522 0.005094653 0.131790131 2.265262604 -0.005389494 0.999983728 0.001880601 -2.510037661 -0.131778404 -0.002574455 0.991275847 91.903533936
0.989519954 0.004873272 0.144313812 2.364510536 -0.005246420 0.999983788 0.002205226 -2.532903433 -0.144300744 -0.002939246 0.989529431 92.453170776
0.987963021 0.003964396 0.154639706 2.473965645 -0.004355547 0.999988079 0.002190710 -2.547569990 -0.154629186 -0.002837881 0.987968445 92.993904114
0.986161590 0.004350834 0.165729806 2.576482773 -0.004619110 0.999988496 0.001233363 -2.550126314 -0.165722549 -0.001981819 0.986170411 93.585319519
0.983841956 0.003737316 0.179000095 2.693005562 -0.004123278 0.999989867 0.001784223 -2.567664146 -0.178991601 -0.002493460 0.983847439 94.124679565
0.981548727 0.004214178 0.191165745 2.835895538 -0.004618555 0.999987960 0.001669803 -2.587596893 -0.191156372 -0.002521903 0.981556356 94.708656311
0.979571581 0.003334885 0.201068118 2.965138435 -0.003763572 0.999991357 0.001749813 -2.606814146 -0.201060593 -0.002470802 0.979575634 95.243385315
0.976776004 0.003239442 0.214238659 3.107049942 -0.003630660 0.999992371 0.001432626 -2.620865822 -0.214232400 -0.002177183 0.976780236 95.780418396
0.973806739 0.002389168 0.227364793 3.253303528 -0.002707939 0.999995768 0.001090102 -2.628776312 -0.227361202 -0.001677239 0.973809004 96.306175232
0.971175075 0.002711463 0.238352492 3.410903931 -0.002985076 0.999995232 0.000786988 -2.646098852 -0.238349214 -0.001475804 0.971178412 96.866516113
0.968415499 0.002536072 0.249329209 3.572784424 -0.002904122 0.999995172 0.001108323 -2.669141293 -0.249325156 -0.001797399 0.968418181 97.375862122
0.964863598 0.002071734 0.262743086 3.743114471 -0.002518906 0.999995828 0.001365115 -2.685746193 -0.262739182 -0.001978975 0.964864790 97.891937256
0.961250067 0.002348168 0.275667816 3.910289764 -0.002822312 0.999995112 0.001323300 -2.704925776 -0.275663286 -0.002050043 0.961252034 98.419006348
0.957977414 0.000858965 0.286842316 4.099712372 -0.001319981 0.999998152 0.001413840 -2.718131781 -0.286840558 -0.001733054 0.957976758 98.955566406
0.953637719 0.001350117 0.300954312 4.286352158 -0.001803617 0.999997616 0.001229032 -2.732569218 -0.300951898 -0.001714857 0.953637779 99.477127075
0.949162960 0.000740208 0.314784259 4.488925934 -0.001151141 0.999998689 0.001119540 -2.748857975 -0.314782977 -0.001424987 0.949162602 99.991043091
0.945355594 0.000183957 0.326041102 4.697458267 -0.000596417 0.999999166 0.001165097 -2.761899233 -0.326040596 -0.001295887 0.945354939 100.508499146
0.940703809 -0.000083470 0.339228988 4.907220840 -0.000545444 0.999998331 0.001758610 -2.787297010 -0.339228600 -0.001839362 0.940702200 101.036048889
0.935417414 -0.000032265 0.353545070 5.125465393 -0.000790368 0.999997318 0.002182433 -2.803772449 -0.353544205 -0.002320917 0.935414970 101.544029236
0.930793107 -0.002035435 0.365540534 5.353649139 0.001604534 0.999997616 0.001482574 -2.820026159 -0.365542680 -0.000793448 0.930794120 102.073745728
0.926222205 -0.002710648 0.376968086 5.587419510 0.002155545 0.999995887 0.001894385 -2.840379477 -0.376971751 -0.000942049 0.926224232 102.568229675
0.920118809 -0.002124460 0.391633302 5.807056427 0.001419977 0.999996781 0.002088447 -2.856638670 -0.391636431 -0.001365510 0.920118988 103.059082031
0.914558470 -0.003154882 0.404441357 6.053287506 0.002637883 0.999994814 0.001835539 -2.867400408 -0.404445082 -0.000611839 0.914562106 103.548912048
0.909816563 -0.003644553 0.414994627 6.298549652 0.003109685 0.999993145 0.001964569 -2.884626865 -0.414998949 -0.000496894 0.909821749 104.023445129
0.903998792 -0.004148490 0.427514941 6.549514771 0.003610827 0.999991357 0.002068400 -2.896920204 -0.427519679 -0.000326149 0.904005945 104.516571045
0.897579968 -0.004689747 0.440826654 6.814315796 0.004043024 0.999988973 0.002406293 -2.917226076 -0.440833092 -0.000377567 0.897588968 105.001739502
0.891597867 -0.005129560 0.452798933 7.072742462 0.004632752 0.999986768 0.002206147 -2.929397583 -0.452804327 0.000130709 0.891609848 105.466911316
0.885907114 -0.005596892 0.463828951 7.337863922 0.005002858 0.999984264 0.002511136 -2.951472521 -0.463835716 0.000095837 0.885921240 105.930938721
0.878278255 -0.005336656 0.478120118 7.630771637 0.004621121 0.999985754 0.002672864 -2.962079525 -0.478127569 -0.000138068 0.878290415 106.420082092
