1.000000000 0.000000000 0.000000000 0.000000000 0.000000000 1.000000000 0.000000000 0.000000000 0.000000000 0.000000000 1.000000000 0.000000000
1.000000000 0.000080130 0.000043694 -0.000348117 -0.000080130 1.000000000 -0.000001201 -0.000807803 -0.000043694 0.000001197 1.000000000 -0.000752312
1.000000000 0.000144032 0.000041824 0.001916865 -0.000144033 1.000000000 0.000014117 0.000541488 -0.000041822 -0.000014123 1.000000000 -0.001872900
1.000000000 0.000025544 -0.000003374 -0.000088391 -0.000025544 1.000000000 0.000030642 0.000872995 0.000003375 -0.000030642 1.000000000 0.002064854
1.000000000 -0.000018432 0.000035786 -0.000309702 0.000018431 1.000000000 0.000026315 0.000653261 -0.000035786 -0.000026315 1.000000000 0.001531527
1.000000000 0.000023814 0.000077737 -0.000357854 -0.000023822 1.000000000 0.000110495 -0.000037519 -0.000077734 -0.000110497 1.000000000 -0.003724885
1.000000000 -0.000107272 0.000075585 -0.001309797 0.000107269 1.000000000 0.000038141 0.000538621 -0.000075589 -0.000038133 1.000000000 -0.002066823
1.000000000 0.000077229 0.000065644 0.000031563 -0.000077229 1.000000000 -0.000001679 -0.000294009 -0.000065644 0.000001674 1.000000000 -0.000442295
1.000000000 -0.000003871 0.000071462 0.000054828 0.000003870 1.000000000 0.000019121 -0.000028379 -0.000071462 -0.000019121 1.000000000 -0.000682187
1.000000000 0.000019830 -0.000016112 -0.000273778 -0.000019829 1.000000000 0.000039082 0.000197113 0.000016112 -0.000039082 1.000000000 -0.003631802
1.000000000 -0.000111415 0.000001081 0.000685122 0.000111415 1.000000000 0.000029341 -0.000835855 -0.000001084 -0.000029341 1.000000000 0.000412454
1.000000000 -0.000202750 -0.000000587 0.000025842 0.000202750 1.000000000 0.000066112 -0.000542121 0.000000574 -0.000066112 1.000000000 -0.000783034
1.000000000 -0.000016837 0.000097418 0.000431110 0.000016836 1.000000000 0.000003994 -0.000095055 -0.000097418 -0.000003993 1.000000000 -0.001122398
0.999999940 -0.000266113 -0.000004264 -0.000002398 0.000266113 0.999999940 0.000127131 0.000143717 0.000004230 -0.000127133 1.000000000 -0.002472603
1.000000000 -0.000169149 0.000026555 -0.000310626 0.000169149 1.000000000 0.000030977 -0.000161279 -0.000026561 -0.000030972 1.000000000 -0.001066811
1.000000000 -0.000163093 0.000046953 -0.000982771 0.000163091 1.000000000 0.000039825 -0.000794730 -0.000046959 -0.000039817 1.000000000 -0.001797125
1.000000000 -0.000064232 -0.000006803 -0.000800872 0.000064232 1.000000000 0.000062485 -0.000153110 0.000006799 -0.000062486 1.000000000 -0.005119679
1.000000000 -0.000225199 -0.000013744 0.000642115 0.000225200 1.000000000 0.000043253 -0.000521446 0.000013735 -0.000043257 1.000000000 -0.002645406
1.000000000 -0.000124539 -0.000026072 0.000894596 0.000124540 1.000000000 0.000027817 -0.000244938 0.000026068 -0.000027821 1.000000000 -0.007052318
1.000000000 -0.000192155 -0.000053544 0.002358273 0.000192160 1.000000000 0.000108448 -0.002780189 0.000053524 -0.000108458 1.000000000 -0.006017689
1.000000000 -0.000057451 0.000066414 -0.000761215 0.000057445 1.000000000 0.000089118 -0.002232162 -0.000066419 -0.000089114 1.000000000 -0.002692696
1.000000000 0.000002834 0.000094456 -0.000982265 -0.000002852 1.000000000 0.000183347 -0.002561515 -0.000094455 -0.000183348 1.000000000 -0.005332778
1.000000000 -0.000132566 0.000075652 -0.000376969 0.000132563 1.000000000 0.000029526 0.001458744 -0.000075656 -0.000029516 1.000000000 -0.006155760
1.000000000 -0.000072371 0.000041631 0.001136159 0.000072367 1.000000000 0.000080281 -0.000405516 -0.000041637 -0.000080278 1.000000000 -0.006366401
1.000000000 -0.000119804 -0.000006385 0.000754170 0.000119804 1.000000000 0.000123075 -0.001639679 0.000006370 -0.000123076 1.000000000 -0.003759184
1.000000000 -0.000054653 0.000091671 -0.002715884 0.000054651 1.000000000 0.000016182 -0.000553496 -0.000091672 -0.000016177 1.000000000 -0.001959327
1.000000000 -0.000195903 0.000025646 -0.002064876 0.000195901 1.000000000 0.000060751 0.000293716 -0.000025658 -0.000060746 1.000000000 -0.000985883
1.000000000 -0.000197548 -0.000000452 -0.002265426 0.000197548 1.000000000 0.000105760 0.000878999 0.000000431 -0.000105760 1.000000000 -0.001681414
1.000000000 -0.000145734 -0.000009260 0.000372349 0.000145735 1.000000000 0.000065552 -0.001188689 0.000009250 -0.000065553 1.000000000 0.001496647
1.000000000 -0.000140236 0.000080947 -0.002545148 0.000140229 1.000000000 0.000087655 -0.001026095 -0.000080959 -0.000087643 1.000000000 0.002405131
0.999999940 -0.000251540 0.000044361 -0.002468166 0.000251533 0.999999940 0.000150057 -0.001907281 -0.000044399 -0.000150046 1.000000000 -0.003473933
1.000000000 -0.000133006 0.000031614 0.000084736 0.000133002 1.000000000 0.000129872 -0.002159573 -0.000031631 -0.000129868 1.000000000 -0.004081005
1.000000000 0.000031839 0.000076030 -0.002926335 -0.000031846 1.000000000 0.000091693 -0.000917771 -0.000076027 -0.000091695 1.000000000 -0.004992715
1.000000000 -0.000080459 0.000003171 -0.001581236 0.000080459 1.000000000 -0.000007892 0.001361448 -0.000003170 0.000007892 1.000000000 -0.004294775
1.000000000 -0.000090712 0.000034819 -0.002833595 0.000090713 1.000000000 -0.000026854 0.001683410 -0.000034816 0.000026857 1.000000000 -0.000756129
1.000000000 -0.000101034 0.000027314 -0.001454623 0.000101034 1.000000000 0.000004635 -0.000258362 -0.000027314 -0.000004633 1.000000000 -0.004089274
1.000000000 -0.000216849 0.000028063 -0.003184365 0.000216847 1.000000000 0.000079691 -0.002619999 -0.000028080 -0.000079685 1.000000000 -0.001916335
1.000000000 -0.000134690 0.000036374 -0.000676756 0.000134689 1.000000000 0.000040246 -0.000350004 -0.000036380 -0.000040241 1.000000000 -0.000244717
0.999999940 -0.000348242 -0.000057771 0.000397569 0.000348251 0.999999940 0.000145583 -0.002108745 0.000057720 -0.000145603 1.000000000 0.000077533
1.000000000 -0.000119001 0.000057554 0.002050923 0.000119034 0.999999821 -0.000567157 -0.005429940 -0.000057487 0.000567164 0.999999821 0.048123069
1.000000000 -0.000097381 0.000034968 0.003044055 0.000097422 0.999999344 -0.001155649 -0.004762347 -0.000034855 0.001155652 0.999999344 0.139553607
0.999999940 -0.000304653 -0.000115067 0.008689606 0.000304487 0.999998927 -0.001436345 -0.012213346 0.000115504 0.001436310 0.999998987 0.256075442
1.000000000 -0.000061666 0.000150900 0.003515820 0.000061846 0.999999285 -0.001193312 -0.018314688 -0.000150826 0.001193321 0.999999285 0.386359125
1.000000000 0.000083710 0.000015969 0.008803614 -0.000083692 0.999999404 -0.001074090 -0.021698898 -0.000016059 0.001074089 0.999999404 0.533785105
0.999999821 0.000500472 0.000242027 0.006945753 -0.000500232 0.999999523 -0.000989529 -0.022826977 -0.000242522 0.000989407 0.999999464 0.701669455
1.000000000 0.000099890 0.000117698 0.017377080 -0.000099787 0.999999642 -0.000876789 -0.023337536 -0.000117785 0.000876777 0.999999523 0.869102895
0.999999940 0.000286881 -0.000050380 0.014732292 -0.000286900 0.999999881 -0.000363594 -0.039687973 0.000050276 0.000363608 0.999999940 1.033915639
0.999999940 0.000379409 0.000076640 0.016265975 -0.000379379 0.999999821 -0.000387477 -0.046056386 -0.000076787 0.000387448 0.999999940 1.207769394
0.999999940 0.000325989 0.000058125 0.020612309 -0.000325991 0.999999881 0.000021875 -0.055325918 -0.000058118 -0.000021893 0.999999940 1.401880264
0.999999762 0.000398957 0.000380844 0.018761104 -0.000398798 0.999999762 -0.000417040 -0.053389627 -0.000381010 0.000416889 0.999999762 1.591267228
0.999999762 0.000059285 0.000514239 0.027765047 -0.000059180 0.999999881 -0.000204424 -0.057171211 -0.000514251 0.000204394 0.999999821 1.784551620
0.999999881 0.000377795 0.000389652 0.031776238 -0.000377893 0.999999821 0.000252475 -0.065872408 -0.000389556 -0.000252622 0.999999881 1.974630117
0.999999821 0.000510059 0.000380369 0.036903117 -0.000510099 0.999999881 0.000106951 -0.069619462 -0.000380315 -0.000107145 0.999999940 2.204328299
0.999999702 0.000617382 0.000484224 0.038471412 -0.000617610 0.999999702 0.000472453 -0.087456830 -0.000483932 -0.000472752 0.999999762 2.414586544
0.999999583 0.000819126 0.000478362 0.040961135 -0.000819383 0.999999464 0.000538447 -0.092459656 -0.000477920 -0.000538839 0.999999762 2.657155037
0.999999702 0.000646965 0.000454004 0.048574641 -0.000647110 0.999999762 0.000320655 -0.094709650 -0.000453796 -0.000320949 0.999999821 2.874643087
0.999999583 0.000757668 0.000492698 0.060626425 -0.000757894 0.999999642 0.000457452 -0.101079285 -0.000492351 -0.000457825 0.999999762 3.110872030
0.999999702 0.000494485 0.000605885 0.056556102 -0.000494791 0.999999762 0.000504143 -0.113382131 -0.000605636 -0.000504443 0.999999702 3.350157261
0.999999583 0.000572880 0.000667122 0.060895622 -0.000573238 0.999999702 0.000535961 -0.116086848 -0.000666815 -0.000536343 0.999999642 3.595934391
0.999999642 0.000660595 0.000500848 0.074610963 -0.000660891 0.999999583 0.000591900 -0.123796679 -0.000500457 -0.000592231 0.999999642 3.850968122
0.999999344 0.000972651 0.000529766 0.081749357 -0.000972935 0.999999404 0.000535526 -0.128558040 -0.000529244 -0.000536041 0.999999702 4.121190071
0.999999166 0.001017771 0.000830503 0.078566998 -0.001018547 0.999999046 0.000934145 -0.139264748 -0.000829552 -0.000934990 0.999999225 4.364098072
0.999999464 0.000841090 0.000604673 0.088410981 -0.000841570 0.999999344 0.000792392 -0.146591663 -0.000604006 -0.000792901 0.999999523 4.622457504
0.999999583 0.000546659 0.000727457 0.094292291 -0.000547392 0.999999344 0.001007428 -0.155526683 -0.000726906 -0.001007825 0.999999166 4.878889084
0.999999166 0.000933121 0.000926718 0.095414184 -0.000934204 0.999998868 0.001169404 -0.164736748 -0.000925625 -0.001170269 0.999998927 5.135542393
0.999999046 0.001079420 0.000854107 0.102218293 -0.001080264 0.999998927 0.000987853 -0.172417194 -0.000853040 -0.000988775 0.999999166 5.395558834
0.999999046 0.000980710 0.000961911 0.102486283 -0.000981781 0.999998927 0.001113905 -0.181510791 -0.000960818 -0.001114848 0.999998927 5.655351639
0.999999583 0.000647616 0.000655259 0.110603631 -0.000648300 0.999999225 0.001043928 -0.192894205 -0.000654583 -0.001044352 0.999999225 5.938918591
0.999999642 0.000727475 0.000691309 0.117173262 -0.000728187 0.999999166 0.001029506 -0.202755958 -0.000690560 -0.001030009 0.999999225 6.202846050
0.999998927 0.001054184 0.001068990 0.120667644 -0.001055225 0.999998987 0.000973513 -0.204537243 -0.001067963 -0.000974640 0.999998987 6.494454384
0.999999166 0.000899754 0.000870698 0.122733153 -0.000900613 0.999999106 0.000987161 -0.215374574 -0.000869809 -0.000987945 0.999999046 6.790055752
0.999999464 0.000706073 0.000738195 0.133138329 -0.000706768 0.999999285 0.000940876 -0.225932419 -0.000737530 -0.000941398 0.999999285 7.080906391
0.999999225 0.000907466 0.000780090 0.137073010 -0.000908380 0.999998868 0.001172392 -0.235667780 -0.000779026 -0.001173099 0.999998987 7.384889126
0.999999225 0.000964041 0.000787920 0.145862654 -0.000965094 0.999998689 0.001337338 -0.251272410 -0.000786629 -0.001338097 0.999998808 7.684986591
0.999999583 0.000424784 0.000786211 0.161417782 -0.000425733 0.999999106 0.001207156 -0.256147474 -0.000785698 -0.001207490 0.999998987 8.013553619
0.999999344 0.000991705 0.000652552 0.171390235 -0.000992441 0.999998868 0.001128100 -0.265335649 -0.000651433 -0.001128747 0.999999166 8.320735931
0.999998987 0.001070511 0.000947389 0.168073237 -0.001071739 0.999998569 0.001296586 -0.273796558 -0.000945999 -0.001297600 0.999998689 8.662008286
0.999999166 0.000982431 0.000869410 0.170670152 -0.000983724 0.999998450 0.001488992 -0.281712085 -0.000867946 -0.001489847 0.999998510 9.000694275
0.999999046 0.000959175 0.000995115 0.177498326 -0.000960495 0.999998629 0.001327550 -0.291661263 -0.000993840 -0.001328505 0.999998629 9.344701767
0.999999583 0.000259535 0.000856445 0.188670680 -0.000260740 0.999998987 0.001406915 -0.305114448 -0.000856079 -0.001407138 0.999998629 9.676472664
0.999999583 0.000389925 0.000855862 0.196380585 -0.000391222 0.999998689 0.001516126 -0.315825999 -0.000855270 -0.001516461 0.999998510 10.017563820
0.999998808 0.000930108 0.001198776 0.204877988 -0.000931753 0.999998510 0.001372644 -0.327454209 -0.001197498 -0.001373760 0.999998391 10.379108429
0.999998689 0.001371297 0.000914428 0.217179179 -0.001372984 0.999997377 0.001847380 -0.342963040 -0.000911892 -0.001848633 0.999997914 10.720885277
0.999999642 0.000447153 0.000665024 0.230777055 -0.000448345 0.999998271 0.001793680 -0.351146519 -0.000664221 -0.001793978 0.999998093 11.106771469
0.999999702 0.000660319 0.000482159 0.233285859 -0.000661060 0.999998569 0.001538926 -0.361162931 -0.000481142 -0.001539244 0.999998689 11.490148544
0.999999404 0.000615373 0.000887965 0.245863646 -0.000617351 0.999997318 0.002228950 -0.382652253 -0.000886591 -0.002229497 0.999997139 11.862747192
0.999999523 0.000157691 0.000985482 0.252576679 -0.000160083 0.999997079 0.002427158 -0.393454880 -0.000985096 -0.002427315 0.999996543 12.245664597
0.999999344 0.000271163 0.001147005 0.262518108 -0.000273976 0.999996960 0.002453067 -0.409449488 -0.001146336 -0.002453380 0.999996364 12.643074036
0.999998868 0.000492244 0.001373068 0.268715590 -0.000495619 0.999996781 0.002459155 -0.416667342 -0.001371853 -0.002459833 0.999996066 13.027253151
0.999999404 0.000272220 0.001029452 0.282699853 -0.000275326 0.999995351 0.003018637 -0.446185559 -0.001028626 -0.003018919 0.999994934 13.443511963
0.999998331 0.001002656 0.001492020 0.286030889 -0.001007249 0.999994755 0.003080599 -0.459588587 -0.001488924 -0.003082097 0.999994218 13.855405807
0.999997377 0.001649602 0.001553823 0.294660121 -0.001654637 0.999993384 0.003244605 -0.470668584 -0.001548461 -0.003247168 0.999993503 14.275800705
0.999998093 0.000970784 0.001678450 0.307259858 -0.000976544 0.999993622 0.003434498 -0.491218686 -0.001675105 -0.003436131 0.999992669 14.680268288
0.999997318 0.000908505 0.002094209 0.319419384 -0.000915827 0.999993443 0.003498506 -0.506711304 -0.002091017 -0.003500415 0.999991715 15.084175110
0.999997973 0.000308568 0.002007296 0.331247419 -0.000315937 0.999993205 0.003671866 -0.514603198 -0.002006149 -0.003672493 0.999991238 15.522404671
0.999996603 0.000859829 0.002452782 0.349494249 -0.000869860 0.999991238 0.004091589 -0.545790970 -0.002449243 -0.004093709 0.999988616 15.952381134
0.999997020 0.000492082 0.002369067 0.363720953 -0.000501146 0.999992549 0.003826745 -0.554147363 -0.002367166 -0.003827921 0.999989927 16.393281937
0.999996841 0.000221668 0.002473577 0.373898447 -0.000232267 0.999990821 0.004285524 -0.574158847 -0.002472604 -0.004286085 0.999987781 16.824022293
0.999994278 0.000999304 0.003228194 0.382906616 -0.001013819 0.999989390 0.004497556 -0.588796616 -0.003223666 -0.004500802 0.999984682 17.289922714
0.999994397 0.001030778 0.003171538 0.394793987 -0.001045359 0.999988854 0.004599282 -0.601495385 -0.003166761 -0.004602571 0.999984384 17.746152878
0.999993742 0.000558878 0.003491780 0.404631913 -0.000575536 0.999988437 0.004771655 -0.616239786 -0.003489072 -0.004773634 0.999982536 18.208528519
0.999992907 0.000720202 0.003713038 0.424114764 -0.000740103 0.999985397 0.005361055 -0.630675972 -0.003709123 -0.005363764 0.999978781 18.686218262
0.999992967 0.000241230 0.003756259 0.427703351 -0.000258715 0.999989092 0.004654999 -0.641502798 -0.003755095 -0.004655938 0.999982119 19.149717331
0.999994576 -0.000088050 0.003289137 0.457642198 0.000071892 0.999987960 0.004912236 -0.660835981 -0.003289530 -0.004911972 0.999982536 19.602506638
0.999991059 0.000890768 0.004145066 0.456994265 -0.000913352 0.999984801 0.005449843 -0.671110034 -0.004140148 -0.005453580 0.999976516 20.065231323
0.999992073 0.000592924 0.003918479 0.467433870 -0.000614895 0.999984086 0.005608353 -0.691677511 -0.003915091 -0.005610719 0.999976575 20.561027527
0.999992728 0.000580751 0.003772037 0.477924645 -0.000602478 0.999983251 0.005761493 -0.706317782 -0.003768629 -0.005763724 0.999976277 21.054954529
0.999994516 0.000732170 0.003234326 0.484654814 -0.000751342 0.999982178 0.005930656 -0.720128000 -0.003229925 -0.005933052 0.999977231 21.590316772
0.999992430 0.001587693 0.003555866 0.494393766 -0.001608655 0.999981403 0.005899850 -0.736695290 -0.003546434 -0.005905526 0.999976218 22.089809418
0.999996662 -0.000033541 0.002571817 0.536285460 0.000016295 0.999977529 0.006705798 -0.778686643 -0.002571984 -0.006705734 0.999974191 22.567325592
0.999997735 0.000106224 0.002159994 0.536949098 -0.000123015 0.999969780 0.007775200 -0.801544607 -0.002159103 -0.007775446 0.999967396 23.073945999
0.999998569 0.000148715 0.001646870 0.551265478 -0.000160004 0.999976456 0.006856715 -0.808740020 -0.001645812 -0.006856970 0.999975145 23.602336884
0.999999106 -0.000992301 0.000926162 0.565904200 0.000986279 0.999978542 0.006479868 -0.819994330 -0.000932573 -0.006478948 0.999978542 24.125421524
0.999999881 -0.000037697 0.000514840 0.571178436 0.000034311 0.999978304 0.006573994 -0.829231441 -0.000515077 -0.006573974 0.999978244 24.651510239
0.999999940 0.000255009 -0.000063000 0.585745275 -0.000254561 0.999975324 0.007017714 -0.844964623 0.000064788 -0.007017697 0.999975324 25.184534073
0.999999642 0.000507315 -0.000703119 0.591600418 -0.000502346 0.999974966 0.007048344 -0.857299805 0.000706677 -0.007047989 0.999974847 25.708816528
0.999999344 0.000557338 -0.001105968 0.603223562 -0.000549279 0.999973416 0.007273562 -0.872763455 0.001109993 -0.007272949 0.999972880 26.251102448
0.999999046 -0.000013729 -0.001376876 0.618083596 0.000024661 0.999968469 0.007940048 -0.883409739 0.001376724 -0.007940074 0.999967515 26.798278809
0.999997973 -0.000527241 -0.001936656 0.631896377 0.000542929 0.999966979 0.008109088 -0.901782095 0.001932317 -0.008110124 0.999965250 27.327630997
0.999997675 0.000132806 -0.002143886 0.643497467 -0.000115405 0.999967098 0.008114592 -0.915789366 0.002144893 -0.008114327 0.999964714 27.862844467
0.999997020 0.000224725 -0.002478461 0.650401175 -0.000204557 0.999966919 0.008134142 -0.926983476 0.002480207 -0.008133609 0.999963820 28.401809692
0.999994338 -0.000282566 -0.003329074 0.669015467 0.000311198 0.999962926 0.008603432 -0.943319798 0.003326519 -0.008604420 0.999957442 28.935907364
0.999993205 0.000027180 -0.003664338 0.678863466 0.000003598 0.999964714 0.008399119 -0.953783691 0.003664437 -0.008399075 0.999958038 29.481132507
0.999992311 0.000056045 -0.003919377 0.685726404 -0.000022445 0.999963284 0.008572462 -0.966218948 0.003919713 -0.008572308 0.999955595 30.009376526
0.999992549 0.000196851 -0.003835933 0.695192635 -0.000164903 0.999965250 0.008327154 -0.978646100 0.003837439 -0.008326459 0.999957979 30.541660309
0.999991536 0.000362830 -0.004079626 0.706500411 -0.000328058 0.999963641 0.008520632 -0.992458105 0.004082569 -0.008519222 0.999955356 31.074470520
0.999990106 0.000511486 -0.004421697 0.717634320 -0.000472086 0.999960244 0.008907070 -1.014998198 0.004426077 -0.008904895 0.999950528 31.599523544
0.999987006 0.000199177 -0.005111741 0.736571014 -0.000156550 0.999965250 0.008338142 -1.023096919 0.005113224 -0.008337233 0.999952197 32.135169983
0.999986708 -0.000047762 -0.005147564 0.732485056 0.000094785 0.999958277 0.009135220 -1.039425373 0.005146913 -0.009135587 0.999945045 32.664878845
0.999987304 -0.000247540 -0.005039008 0.728841722 0.000290902 0.999962926 0.008606399 -1.043699026 0.005036691 -0.008607756 0.999950171 33.191719055
0.999988854 0.000444262 -0.004701418 0.718421698 -0.000401438 0.999958396 0.009105864 -1.073718905 0.004705269 -0.009103876 0.999947429 33.685718536
0.999986529 0.000197585 -0.005190038 0.722781241 -0.000148052 0.999954402 0.009542295 -1.092764854 0.005191687 -0.009541398 0.999940991 34.237079620
0.999986529 -0.000316297 -0.005188100 0.723949790 0.000364565 0.999956608 0.009305392 -1.095879674 0.005184930 -0.009307159 0.999943197 34.735019684
0.999982655 -0.000491712 -0.005859753 0.748545170 0.000552688 0.999945700 0.010408872 -1.137625217 0.005854317 -0.010411931 0.999928653 35.267707825
0.999982238 -0.000635231 -0.005918259 0.750015676 0.000695527 0.999947846 0.010191605 -1.145759583 0.005911477 -0.010195541 0.999930561 35.816299438
0.999983788 0.000227158 -0.005677307 0.758211613 -0.000173252 0.999954939 0.009493618 -1.154649734 0.005679208 -0.009492482 0.999938786 36.368362427
0.999983370 -0.000132055 -0.005765066 0.749337912 0.000187179 0.999954224 0.009562128 -1.158780575 0.005763540 -0.009563047 0.999937654 36.849822998
0.999983549 -0.000245372 -0.005720998 0.738376737 0.000301505 0.999951899 0.009812953 -1.161123395 0.005718314 -0.009814518 0.999935448 37.357002258
0.999979377 -0.001363693 -0.006274380 0.748260140 0.001431568 0.999940336 0.010826185 -1.198259234 0.006259243 -0.010834945 0.999921739 37.876480103
0.999979675 -0.001136085 -0.006281952 0.725759268 0.001199393 0.999948442 0.010083125 -1.190576315 0.006270174 -0.010090455 0.999929428 38.379570007
0.999979496 -0.000381086 -0.006391504 0.769659400 0.000439595 0.999958038 0.009155390 -1.181527257 0.006387746 -0.009158012 0.999937654 38.867340088
0.999985039 0.001078586 -0.005354638 0.763133109 -0.001025784 0.999950945 0.009853987 -1.218442440 0.005365004 -0.009848348 0.999937117 39.341087341
0.999979556 0.000182358 -0.006390099 0.842268288 -0.000121806 0.999955118 0.009475067 -1.217864871 0.006391540 -0.009474097 0.999934614 39.977779388
0.999977112 -0.000106415 -0.006762982 0.848958671 0.000174443 0.999949336 0.010059059 -1.243375182 0.006761570 -0.010060008 0.999926507 40.467601776
0.999979615 0.000068995 -0.006384126 0.833089948 -0.000005524 0.999950528 0.009941519 -1.256293178 0.006384496 -0.009941278 0.999930203 40.984760284
0.999973178 -0.000389010 -0.007317637 0.845396459 0.000463900 0.999947488 0.010235353 -1.270945787 0.007313272 -0.010238473 0.999920785 41.479808807
0.999973357 -0.000438820 -0.007286472 0.855672956 0.000514652 0.999945700 0.010408579 -1.288941383 0.007281508 -0.010412053 0.999919236 42.040969849
0.999972820 -0.000486040 -0.007358150 0.862315536 0.000564141 0.999943495 0.010615884 -1.303468466 0.007352572 -0.010619745 0.999916553 42.580669403
0.999973238 -0.000475718 -0.007304412 0.869248748 0.000553144 0.999943674 0.010601645 -1.313919425 0.007298956 -0.010605404 0.999917090 43.102466583
0.999971807 -0.000683018 -0.007469415 0.874946356 0.000762939 0.999942362 0.010702157 -1.324705601 0.007461677 -0.010707553 0.999914825 43.614631653
0.999971807 -0.000379561 -0.007493544 0.883243024 0.000459131 0.999943495 0.010619644 -1.331817389 0.007489090 -0.010622784 0.999915540 44.152881622
0.999970138 -0.000768071 -0.007686684 0.897276640 0.000848647 0.999944687 0.010484713 -1.344702721 0.007678208 -0.010490926 0.999915421 44.686344147
0.999968052 -0.000830645 -0.007943305 0.903403163 0.000914388 0.999943972 0.010544757 -1.351830006 0.007934101 -0.010551685 0.999912858 45.212375641
0.999967635 -0.000743004 -0.008008577 0.912388086 0.000827227 0.999944270 0.010518427 -1.366753578 0.008000318 -0.010524709 0.999912620 45.740383148
0.999969304 -0.000332354 -0.007824308 0.921519220 0.000412712 0.999947190 0.010270937 -1.381212711 0.007820483 -0.010273852 0.999916613 46.291213989
0.999965847 -0.001226655 -0.008172339 0.920121670 0.001310590 0.999946296 0.010273208 -1.383240104 0.008159299 -0.010283567 0.999913752 46.800376892
0.999966681 -0.000364611 -0.008148554 0.935244679 0.000446243 0.999949694 0.010018382 -1.388842821 0.008144492 -0.010021685 0.999916613 47.379505157
0.999967337 -0.000802646 -0.008032571 0.932569325 0.000887462 0.999943852 0.010561085 -1.409849882 0.008023643 -0.010567870 0.999911964 47.854934692
0.999965787 -0.000902116 -0.008223646 0.945216775 0.000987737 0.999945283 0.010413401 -1.419805050 0.008213805 -0.010421168 0.999911904 48.379875183
0.999967575 -0.001068451 -0.007978740 0.955407858 0.001152497 0.999943852 0.010536698 -1.432184577 0.007967036 -0.010545554 0.999912679 48.916702271
0.999968410 -0.000668121 -0.007919878 0.957685232 0.000750606 0.999945402 0.010416535 -1.438516378 0.007912488 -0.010422151 0.999914348 49.447139740
0.999967396 -0.000721904 -0.008040531 0.965179801 0.000805801 0.999945164 0.010435889 -1.452130318 0.008032557 -0.010442028 0.999913216 49.969017029
0.999968350 -0.000844284 -0.007927953 0.970970392 0.000928645 0.999942899 0.010643208 -1.460339308 0.007918516 -0.010650233 0.999911845 50.500942230
0.999969065 -0.000310100 -0.007871981 0.975770116 0.000392823 0.999944687 0.010509118 -1.466736794 0.007868288 -0.010511886 0.999913752 51.029781342
0.999967217 -0.000024429 -0.008094604 0.983673573 0.000108223 0.999946415 0.010351649 -1.477172375 0.008093919 -0.010352186 0.999913633 51.573410034
0.999971867 0.000357204 -0.007493664 0.978465855 -0.000276693 0.999942183 0.010742224 -1.492305875 0.007497068 -0.010739848 0.999914169 52.042594910
0.999973178 0.000612789 -0.007286464 0.981121182 -0.000541629 0.999952137 0.009763983 -1.490061998 0.007292098 -0.009759777 0.999925792 52.638820648
0.999976575 0.000968666 -0.006770218 0.976468086 -0.000903507 0.999953210 0.009620860 -1.500773191 0.006779220 -0.009614521 0.999930859 53.142910004
0.999974310 0.001377980 -0.007031755 0.972677112 -0.001310845 0.999953568 0.009543022 -1.507220030 0.007044579 -0.009533561 0.999929786 53.682571411
0.999973714 0.001444925 -0.007107862 0.983967066 -0.001369488 0.999942839 0.010606703 -1.535696983 0.007122781 -0.010596693 0.999918461 53.987491608
0.999970019 0.001468391 -0.007610242 1.039869308 -0.001393312 0.999950409 0.009861381 -1.527792335 0.007624344 -0.009850481 0.999922454 54.774120331
0.999970675 0.001248282 -0.007572258 1.001525164 -0.001167446 0.999942482 0.010670400 -1.553231835 0.007585143 -0.010661246 0.999914408 55.088012695
0.999971628 0.001233845 -0.007438172 1.025216103 -0.001155100 0.999943435 0.010581663 -1.565746665 0.007450806 -0.010572772 0.999916315 55.567104340
0.999974847 0.001875139 -0.006841100 1.022669315 -0.001798757 0.999936163 0.011154224 -1.574429750 0.006861579 -0.011141638 0.999914408 55.927391052
0.999970555 0.001189422 -0.007585090 1.056866169 -0.001110731 0.999945641 0.010370270 -1.557307482 0.007597012 -0.010361539 0.999917448 56.728210449
0.999974728 0.001757308 -0.006888676 1.034514308 -0.001680175 0.999935985 0.011186874 -1.602398872 0.006907891 -0.011175018 0.999913692 56.925056458
0.999975562 0.001342399 -0.006860404 1.045349121 -0.001266499 0.999938011 0.011055859 -1.609692812 0.006874823 -0.011046901 0.999915361 57.425220490
0.999975264 0.001652443 -0.006836825 1.042874813 -0.001577738 0.999939084 0.010917834 -1.611395001 0.006854450 -0.010906775 0.999917030 57.931480408
0.999975801 0.001520013 -0.006783370 1.051264882 -0.001444094 0.999936402 0.011182913 -1.624973178 0.006799936 -0.011172847 0.999914467 58.472576141
0.999975324 0.001584865 -0.006835205 1.081364512 -0.001507521 0.999934971 0.011305900 -1.648000240 0.006852678 -0.011295319 0.999912679 58.984004974
0.999976277 0.001906761 -0.006620669 1.082731247 -0.001833970 0.999937952 0.010983150 -1.645908594 0.006641202 -0.010970747 0.999917805 59.564384460
0.999974847 0.002281449 -0.006715281 1.109743357 -0.002204473 0.999932110 0.011447865 -1.670670509 0.006740941 -0.011432774 0.999911964 60.067409515
0.999971092 0.001625316 -0.007431007 1.136772990 -0.001543825 0.999938786 0.010958957 -1.676085711 0.007448362 -0.010947168 0.999912322 60.580581665
0.999975741 0.002567784 -0.006472361 1.090849876 -0.002493995 0.999932110 0.011383116 -1.679521799 0.006501151 -0.011366697 0.999914229 61.106018066
0.999962509 0.000119220 -0.008651722 1.152109504 -0.000025562 0.999941409 0.010824651 -1.679838181 0.008652506 -0.010824022 0.999904037 61.536567688
0.999965489 0.000574978 -0.008283922 1.133096695 -0.000480441 0.999934793 0.011409627 -1.734115839 0.008289943 -0.011405255 0.999900579 62.028610229
0.999954879 0.000105688 -0.009490862 1.179837227 0.000007808 0.999928534 0.011957696 -1.717925906 0.009491446 -0.011957232 0.999883473 62.649204254
0.999970138 0.001672744 -0.007539998 1.166425228 -0.001582754 0.999927700 0.011925104 -1.731397986 0.007559402 -0.011912815 0.999900460 63.157810211
0.999972463 0.002559876 -0.006965900 1.181769013 -0.002477754 0.999927580 0.011772376 -1.691042423 0.006995532 -0.011754792 0.999906421 63.172084808
0.999971867 0.001823145 -0.007276898 1.205142736 -0.001736889 0.999928296 0.011842092 -1.700314760 0.007297965 -0.011829118 0.999903381 63.735137939
0.999973118 0.001077513 -0.007254504 1.197547793 -0.000990442 0.999927580 0.011995140 -1.716314912 0.007266904 -0.011987632 0.999901712 64.249076843
0.999973834 0.002053729 -0.006924802 1.184699893 -0.001969287 0.999923885 0.012178917 -1.732707024 0.006949286 -0.012164962 0.999901831 64.638244629
0.999974668 0.002678246 -0.006600397 1.205066204 -0.002603405 0.999932528 0.011321434 -1.722789288 0.006630272 -0.011303962 0.999914110 65.318679810
0.999975622 0.003194720 -0.006210304 1.179551840 -0.003116176 0.999915540 0.012616101 -1.763455868 0.006250084 -0.012596442 0.999901116 65.590515137
0.999975204 0.002783601 -0.006457001 1.202114820 -0.002702950 0.999918640 0.012465705 -1.781964064 0.006491174 -0.012447945 0.999901414 66.116493225
0.999975502 0.002623532 -0.006499050 1.203392148 -0.002542530 0.999919355 0.012440808 -1.776211262 0.006531165 -0.012423980 0.999901474 66.686912537
0.999971569 0.001690544 -0.007337753 1.213175058 -0.001600312 0.999923170 0.012285454 -1.780936599 0.007357960 -0.012273363 0.999897599 67.065902710
0.999972939 0.002217214 -0.007017395 1.222228765 -0.002130702 0.999921918 0.012311788 -1.789380550 0.007044144 -0.012296505 0.999899566 67.584648132
0.999968946 0.001292548 -0.007770951 1.230664372 -0.001198905 0.999926746 0.012043064 -1.795030355 0.007785946 -0.012033377 0.999897242 68.125915527
0.999972522 0.002003199 -0.007124880 1.243386865 -0.001915931 0.999923348 0.012234136 -1.813671947 0.007148842 -0.012220152 0.999899805 68.623619080
0.999972641 0.002379377 -0.007007487 1.252611876 -0.002291408 0.999918938 0.012534993 -1.841579914 0.007036743 -0.012518595 0.999896884 69.176399231
0.999973297 0.002455071 -0.006892605 1.257354498 -0.002369173 0.999919772 0.012442909 -1.851783037 0.006922599 -0.012426247 0.999898851 69.719573975
0.999973893 0.003269077 -0.006431307 1.243538618 -0.003191861 0.999923170 0.011980191 -1.853140831 0.006469978 -0.011959351 0.999907553 70.337547302
0.999974549 0.002647418 -0.006618361 1.268986464 -0.002565889 0.999921024 0.012296936 -1.876885891 0.006650395 -0.012279642 0.999902487 70.859947205
0.999973893 0.002437386 -0.006798207 1.288584113 -0.002351927 0.999918461 0.012550498 -1.886485815 0.006828245 -0.012534181 0.999898136 71.349731445
0.999975264 0.002828604 -0.006438849 1.292528868 -0.002749147 0.999920368 0.012315830 -1.897051334 0.006473173 -0.012297826 0.999903381 71.897956848
0.999972582 0.002305973 -0.007033718 1.315002561 -0.002216970 0.999917686 0.012635469 -1.944581747 0.007062275 -0.012619531 0.999895394 72.533439636
0.999974847 0.001772996 -0.006866022 1.318192959 -0.001687513 0.999921203 0.012435940 -1.922857523 0.006887530 -0.012424042 0.999899089 73.088165283
0.999974966 0.002012458 -0.006783329 1.332911849 -0.001926134 0.999917388 0.012708464 -1.936309814 0.006808343 -0.012695081 0.999896228 73.612197876
0.999974787 0.002156653 -0.006761368 1.355382681 -0.002069976 0.999915898 0.012800331 -1.983101845 0.006788407 -0.012786012 0.999895215 74.101921082
0.999975264 0.001976371 -0.006747396 1.345037699 -0.001888084 0.999912798 0.013065941 -1.969946742 0.006772631 -0.013052879 0.999891818 74.659927368
0.999971569 0.003383266 -0.006738052 1.401529789 -0.003293629 0.999906480 0.013270042 -2.014134407 0.006782317 -0.013247470 0.999889255 75.163764954
0.999972463 0.003258226 -0.006668747 1.427884817 -0.003170411 0.999908626 0.013136596 -2.027012348 0.006710941 -0.013115092 0.999891460 75.719566345
0.999971747 0.003142266 -0.006832602 1.445164204 -0.003051809 0.999908030 0.013209378 -2.033204079 0.006873480 -0.013188151 0.999889374 76.253616333
0.999970913 0.003431014 -0.006808630 1.457645178 -0.003340438 0.999906361 0.013270240 -2.046913624 0.006853523 -0.013247111 0.999888778 76.791351318
0.999970078 0.003788583 -0.006743519 1.470573187 -0.003700036 0.999907434 0.013094903 -2.054561138 0.006792505 -0.013069560 0.999891520 77.347564697
0.999978900 0.003467427 -0.005497654 1.494767547 -0.003391678 0.999899983 0.013728345 -2.080637455 0.005544707 -0.013709408 0.999890625 77.874633789
0.999984920 0.003615333 -0.004124349 1.507345200 -0.003560002 0.999904633 0.013344857 -2.091454506 0.004172202 -0.013329973 0.999902368 78.435249329
0.999989271 0.003706554 -0.002787892 1.517609954 -0.003669296 0.999905467 0.013252607 -2.107335329 0.002836751 -0.013242236 0.999908268 78.953430176
0.999992847 0.003330879 -0.001755477 1.529040337 -0.003305954 0.999896288 0.014015476 -2.112882137 0.001801980 -0.014009574 0.999900162 79.526924133
0.999989748 0.004140031 0.001843266 1.539328575 -0.004165239 0.999894857 0.013888285 -2.127615690 -0.001785574 -0.013895821 0.999901772 80.073600769
0.999981582 0.004042528 0.004528318 1.571140528 -0.004106538 0.999890447 0.014216173 -2.143433094 -0.004470353 -0.014234507 0.999888659 80.630004883
0.999962747 0.004116484 0.007590453 1.592891932 -0.004229044 0.999880433 0.014873196 -2.155991316 -0.007528320 -0.014904741 0.999860525 81.097351074
0.999926090 0.003813758 0.011543218 1.611579895 -0.003967472 0.999903321 0.013323056 -2.139642239 -0.011491293 -0.013367870 0.999844611 81.704177856
0.999830246 0.004837140 0.017778564 1.635013342 -0.005090601 0.999885619 0.014238990 -2.161425352 -0.017707657 -0.014327078 0.999740481 82.224021912
0.999722004 0.004038399 0.023230148 1.680037618 -0.004365313 0.999891818 0.014039380 -2.152817249 -0.023170944 -0.014136884 0.999631524 82.762123108
0.999535263 0.004116459 0.030203890 1.666082025 -0.004517800 0.999902248 0.013231539 -2.189044952 -0.030146467 -0.013361845 0.999456167 83.662551880
0.999283850 0.004940030 0.037515499 1.739648104 -0.005486949 0.999879956 0.014489557 -2.216698170 -0.037439417 -0.014685026 0.999191046 83.748497009
0.998934388 0.003725323 0.046000365 1.785704136 -0.004363886 0.999895394 0.013789087 -2.233564377 -0.045944188 -0.013975135 0.998846233 84.719490051
0.998595655 0.003248727 0.052878726 1.850753784 -0.003978259 0.999898255 0.013696906 -2.247243643 -0.052828856 -0.013888035 0.998506963 85.268508911
0.998110890 0.002678019 0.061379731 1.919319153 -0.003487212 0.999908328 0.013080051 -2.258481979 -0.061339084 -0.013269384 0.998028696 85.791870117
0.997401893 0.003441353 0.071955673 1.982257843 -0.004457412 0.999892533 0.013964823 -2.285313368 -0.071899876 -0.014249275 0.997309983 86.315757751
0.996733129 0.002918597 0.080713101 2.044101715 -0.004032678 0.999898791 0.013643417 -2.298855066 -0.080665112 -0.013924335 0.996644020 86.874557495
0.996050596 0.003307823 0.088725902 2.120315075 -0.004527945 0.999898016 0.013553832 -2.309595585 -0.088672027 -0.013902049 0.995963812 87.399299622
0.995125771 0.001516505 0.098601758 2.212344646 -0.002810518 0.999911726 0.012986048 -2.307862282 -0.098573364 -0.013199873 0.995042264 87.969604492
0.994052112 0.001690961 0.108892083 2.305082321 -0.003174620 0.999904454 0.013453114 -2.334654808 -0.108858936 -0.013718788 0.993962526 88.475418091
0.992985964 0.001421652 0.118223555 2.382294655 -0.003009017 0.999907613 0.013249390 -2.345045328 -0.118193798 -0.013512195 0.992898524 89.009956360
0.991597354 0.001973373 0.129347667 2.472781181 -0.003752724 0.999901652 0.013514054 -2.353376389 -0.129308283 -0.013885907 0.991507173 89.574386597
0.989947557 0.001766735 0.141423434 2.573888779 -0.003664084 0.999906659 0.013156811 -2.362177849 -0.141386986 -0.013542740 0.989861786 90.114608765
0.988374650 0.000708343 0.152036250 2.685778618 -0.002690724 0.999913990 0.012833528 -2.372894049 -0.152014092 -0.013093422 0.988291621 90.646293640
0.986830533 0.000269725 0.161757424 2.792531967 -0.002376504 0.999914885 0.012830968 -2.376122236 -0.161740199 -0.013046407 0.986747146 91.196685791
0.984788358 -0.000117198 0.173758179 2.911551476 -0.002066139 0.999921143 0.012384441 -2.383193493 -0.173745930 -0.012555061 0.984710455 91.734100342
0.982508898 0.000015035 0.186215580 3.036939621 -0.002352302 0.999921143 0.012330465 -2.390796661 -0.186200723 -0.012552826 0.982431531 92.276336670
0.980483592 -0.000812491 0.196598828 3.172180176 -0.001612340 0.999924541 0.012173533 -2.396517754 -0.196593881 -0.012252934 0.980408430 92.808975220
0.977607012 0.000273342 0.210438699 3.308080673 -0.002878473 0.999922931 0.012073320 -2.412609339 -0.210419223 -0.012408705 0.977532506 93.354240417
0.974677503 -0.000703856 0.223613888 3.451665878 -0.002044392 0.999925315 0.012058403 -2.412384748 -0.223605663 -0.012210210 0.974603236 93.855400085
0.971814394 -0.000414012 0.235747084 3.596794128 -0.002598558 0.999918878 0.012467998 -2.430487156 -0.235733151 -0.012729182 0.971734524 94.381477356
0.969067693 -0.001926185 0.246787488 3.799448013 -0.001177682 0.999922037 0.012428862 -2.449321270 -0.246792197 -0.012335045 0.968989909 94.966270447
0.965263963 -0.001878893 0.261269867 3.972028732 -0.001473165 0.999919116 0.012633434 -2.456574440 -0.261272430 -0.012579490 0.965183258 95.526458740
0.961830497 -0.002228390 0.273636907 4.148948669 -0.001234354 0.999921441 0.012481706 -2.473298073 -0.273643136 -0.012343050 0.961752057 96.022819519
0.958621323 -0.002901513 0.284669459 4.350013733 -0.000753278 0.999918699 0.012728396 -2.487107277 -0.284683198 -0.012416148 0.958541214 96.554946899
0.954414904 -0.002802189 0.298470050 4.543214798 -0.001033621 0.999918818 0.012692950 -2.497651339 -0.298481464 -0.012422844 0.954334557 97.068801880
0.950006902 -0.003377495 0.312210530 4.756900787 -0.000701266 0.999915838 0.012950930 -2.519547462 -0.312228084 -0.012522416 0.949924648 97.593139648
0.946138442 -0.003723742 0.323740989 4.956071854 -0.000571490 0.999913096 0.013171417 -2.531206131 -0.323761821 -0.012646999 0.946054101 98.112892151
0.941591799 -0.003871017 0.336733937 5.172506332 -0.000689584 0.999909699 0.013422983 -2.548550606 -0.336755455 -0.012871178 0.941504180 98.640853882
0.936520636 -0.004041929 0.350589216 5.395698547 -0.000723037 0.999909163 0.013459348 -2.558334351 -0.350611746 -0.012858448 0.936432540 99.158905029
0.931796789 -0.004332915 0.362954468 5.612848282 -0.000636110 0.999907732 0.013569858 -2.571785927 -0.362979800 -0.012875229 0.931708038 99.674140930
0.927101374 -0.004345554 0.374785513 5.848459244 -0.000712609 0.999910533 0.013356513 -2.581254482 -0.374810010 -0.012649915 0.927015305 100.197296143
0.921501398 -0.005037562 0.388342261 6.103284836 -0.000238743 0.999908328 0.013537287 -2.591601372 -0.388374954 -0.012567343 0.921415687 100.707336426
0.916035712 -0.006048857 0.401051104 6.357204437 0.000648509 0.999907315 0.013599859 -2.599653959 -0.401096135 -0.012197871 0.915954709 101.217422485
0.911373258 -0.006683540 0.411526561 6.610496521 0.001338853 0.999910951 0.013274356 -2.606701374 -0.411578685 -0.011546917 0.911301017 101.734527588
0.905848622 -0.006990448 0.423543662 6.870693207 0.001213201 0.999902606 0.013908343 -2.624661446 -0.423599631 -0.012085011 0.905768871 102.208374023
0.899530351 -0.007707231 0.436790109 7.150817871 0.001810948 0.999901533 0.013913932 -2.641154289 -0.436854392 -0.011725000 0.899455845 102.722007751
0.893543184 -0.007942973 0.448906809 7.420276642 0.001941005 0.999902487 0.013828761 -2.650677919 -0.448972911 -0.011485264 0.893471539 103.211448669
0.887938499 -0.009025808 0.459873617 7.697273254 0.002872154 0.999896705 0.014079047 -2.661745548 -0.459953159 -0.011180500 0.887872756 103.685340881
0.880857170 -0.009061432 0.473295391 7.992958069 0.002848973 0.999900103 0.013841230 -2.675174713 -0.473373532 -0.010843743 0.880795062 104.162803650
0.873827994 -0.010014384 0.486131996 8.292991638 0.003576017 0.999893188 0.014170002 -2.680824280 -0.486221999 -0.010643727 0.873770475 104.651573181
0.867930055 -0.010491073 0.496575654 8.587051392 0.004095173 0.999894083 0.013966929 -2.695723057 -0.496669650 -0.010088754 0.867881060 105.102828979
