1.000000000 0.000000000 0.000000000 0.000000000 0.000000000 1.000000000 0.000000000 0.000000000 0.000000000 0.000000000 1.000000000 0.000000000
1.000000000 0.000050427 0.000133232 -0.003669477 -0.000050401 1.000000000 -0.000195889 0.004347733 -0.000133242 0.000195882 1.000000000 0.004878813
1.000000000 -0.000062084 0.000045100 -0.003099095 0.000062089 1.000000000 -0.000110360 0.000958291 -0.000045093 0.000110363 1.000000000 0.000764008
0.999999940 0.000288998 0.000094896 0.000865785 -0.000288993 0.999999940 -0.000058102 0.002160656 -0.000094913 0.000058074 1.000000000 -0.005274542
1.000000000 0.000129149 0.000016658 0.002242387 -0.000129148 1.000000000 -0.000051745 0.001515652 -0.000016665 0.000051743 1.000000000 -0.002474838
1.000000000 0.000022940 0.000005430 0.001377122 -0.000022940 1.000000000 -0.000021976 0.002002768 -0.000005431 0.000021976 1.000000000 -0.001766800
1.000000000 0.000043546 0.000083221 -0.000922736 -0.000043539 1.000000000 -0.000081991 0.001292791 -0.000083224 0.000081987 1.000000000 -0.003501658
1.000000000 -0.000038284 -0.000022021 0.000480409 0.000038283 1.000000000 -0.000047590 0.002206231 0.000022023 0.000047589 1.000000000 -0.000679158
1.000000000 -0.000053300 0.000146144 -0.006359475 0.000053333 1.000000000 -0.000226742 0.003616673 -0.000146132 0.000226750 0.999999940 0.005013915
1.000000000 0.000087079 0.000188919 -0.004551659 -0.000087060 1.000000000 -0.000105192 0.001218594 -0.000188928 0.000105176 1.000000000 -0.001126531
1.000000000 0.000136967 0.000152085 -0.003451861 -0.000136941 1.000000000 -0.000175134 0.002731336 -0.000152109 0.000175113 1.000000000 -0.002208728
1.000000000 0.000068795 0.000045845 0.000903884 -0.000068790 1.000000000 -0.000106169 0.001290230 -0.000045852 0.000106166 1.000000000 -0.007371451
0.999999940 0.000135563 0.000204393 -0.005769874 -0.000135544 1.000000000 -0.000094896 0.001083062 -0.000204406 0.000094869 1.000000000 -0.001526993
1.000000000 -0.000096239 0.000091567 -0.003060560 0.000096246 1.000000000 -0.000074489 -0.000262593 -0.000091560 0.000074498 1.000000000 -0.002974623
1.000000000 -0.000007136 0.000048333 -0.000054124 0.000007140 1.000000000 -0.000083567 0.001197473 -0.000048333 0.000083567 1.000000000 -0.004733056
1.000000000 -0.000090095 0.000066859 -0.003983568 0.000090104 1.000000000 -0.000130949 0.003111719 -0.000066847 0.000130955 1.000000000 0.001550750
1.000000000 -0.000186575 0.000033992 -0.003815986 0.000186578 1.000000000 -0.000096723 0.000751013 -0.000033974 0.000096730 1.000000000 -0.003287389
1.000000000 -0.000067419 0.000162020 -0.003956341 0.000067434 1.000000000 -0.000091921 0.000719382 -0.000162014 0.000091932 1.000000000 -0.001886868
1.000000000 0.000096473 0.000061183 -0.001138662 -0.000096470 1.000000000 -0.000041251 0.001184497 -0.000061187 0.000041245 1.000000000 -0.005661625
1.000000000 -0.000085312 -0.000001274 -0.002510569 0.000085312 1.000000000 -0.000106146 0.000021616 0.000001283 0.000106146 1.000000000 -0.003820331
1.000000000 -0.000023441 0.000096090 -0.002690449 0.000023451 1.000000000 -0.000109118 0.000767771 -0.000096087 0.000109120 1.000000000 -0.006262936
1.000000000 -0.000100486 0.000077917 -0.001664311 0.000100490 1.000000000 -0.000050818 -0.000869060 -0.000077912 0.000050826 1.000000000 -0.001985450
1.000000000 0.000021335 0.000185336 -0.006784570 -0.000021296 1.000000000 -0.000213275 0.003377646 -0.000185341 0.000213271 0.999999940 0.003470026
0.999999940 -0.000220261 -0.000112562 0.001261531 0.000220251 1.000000000 -0.000094753 0.000371171 0.000112583 0.000094728 1.000000000 -0.000481525
1.000000000 -0.000073872 -0.000015805 -0.000477557 0.000073872 1.000000000 -0.000024273 0.001536063 0.000015807 0.000024272 1.000000000 -0.002086466
1.000000000 0.000054841 -0.000002607 0.001311627 -0.000054841 1.000000000 -0.000132615 0.002637415 0.000002600 0.000132616 1.000000000 -0.007199376
1.000000000 -0.000075946 0.000102886 -0.003223505 0.000075956 1.000000000 -0.000092650 0.002805961 -0.000102879 0.000092658 1.000000000 -0.001390117
0.999999940 0.000160229 0.000206334 -0.004931411 -0.000160191 1.000000000 -0.000181852 0.002479283 -0.000206363 0.000181819 0.999999940 -0.001273888
1.000000000 0.000052721 0.000097771 -0.003922134 -0.000052718 1.000000000 -0.000036401 0.001991186 -0.000097773 0.000036396 1.000000000 0.000314537
1.000000000 -0.000189221 0.000071555 -0.004851497 0.000189229 1.000000000 -0.000119467 0.005435013 -0.000071533 0.000119480 1.000000000 0.002182475
1.000000000 -0.000114852 0.000058043 -0.003380719 0.000114860 1.000000000 -0.000131892 0.001891553 -0.000058027 0.000131898 1.000000000 0.000383488
1.000000000 -0.000057433 0.000117445 -0.003633101 0.000057429 1.000000000 0.000033495 0.000424516 -0.000117447 -0.000033489 1.000000000 -0.000333432
1.000000000 -0.000071703 0.000123803 -0.005567136 0.000071698 1.000000000 0.000043614 0.001250470 -0.000123806 -0.000043605 1.000000000 -0.001550291
1.000000000 -0.000081503 0.000006923 -0.002851870 0.000081503 1.000000000 0.000022369 0.001404903 -0.000006925 -0.000022368 1.000000000 -0.003125962
1.000000000 0.000057777 0.000095393 -0.003416434 -0.000057769 1.000000000 -0.000083440 0.000389437 -0.000095398 0.000083434 1.000000000 -0.002340227
1.000000000 -0.000021455 0.000085537 -0.005129978 0.000021460 1.000000000 -0.000057849 0.003064519 -0.000085535 0.000057851 1.000000000 0.001017560
1.000000000 0.000018585 0.000066379 -0.005315844 -0.000018584 1.000000000 -0.000012649 0.002141137 -0.000066379 0.000012647 1.000000000 -0.002330857
1.000000000 -0.000079498 0.000113019 -0.003854419 0.000079520 1.000000000 -0.000199025 0.004439392 -0.000113003 0.000199034 1.000000000 -0.000211775
1.000000000 -0.000048299 0.000123700 -0.004930400 0.000048305 1.000000000 -0.000051758 0.002289357 -0.000123698 0.000051764 1.000000000 0.000958527
1.000000000 -0.000029777 0.000057449 -0.003610414 0.000029775 1.000000000 0.000041527 0.000659656 -0.000057450 -0.000041525 1.000000000 -0.002841457
0.999999940 -0.000246109 -0.000038295 -0.002229122 0.000246108 0.999999940 -0.000012018 -0.000031457 0.000038298 0.000012009 1.000000000 0.001524822
1.000000000 -0.000037295 -0.000009392 0.004826864 0.000037290 0.999999821 -0.000584435 -0.005705507 0.000009413 0.000584434 0.999999821 0.043311004
1.000000000 0.000075366 0.000022183 0.001169915 -0.000075332 0.999998868 -0.001508895 -0.000809969 -0.000022297 0.001508893 0.999998868 0.145874023
1.000000000 0.000127568 -0.000091697 0.007817470 -0.000127717 0.999998689 -0.001626519 -0.005343726 0.000091490 0.001626530 0.999998689 0.266572177
1.000000000 -0.000000302 0.000023227 0.002136870 0.000000336 0.999998927 -0.001473626 -0.011629969 -0.000023226 0.001473626 0.999998927 0.397628099
1.000000000 0.000223397 -0.000070156 0.004546024 -0.000223484 0.999999166 -0.001254063 -0.014988678 0.000069875 0.001254078 0.999999225 0.535870612
0.999999940 0.000239102 0.000050973 0.012804148 -0.000239033 0.999999046 -0.001339842 -0.023291759 -0.000051293 0.001339830 0.999999106 0.694118321
0.999999940 -0.000313873 -0.000027743 0.018663440 0.000313854 0.999999702 -0.000677871 -0.034210585 0.000027956 0.000677862 0.999999762 0.847604096
0.999999940 -0.000142660 -0.000245890 0.025603326 0.000142498 0.999999762 -0.000657554 -0.036771972 0.000245984 0.000657519 0.999999762 1.037552834
0.999999940 0.000180255 0.000209294 0.009140014 -0.000180094 0.999999702 -0.000769752 -0.043725286 -0.000209433 0.000769714 0.999999702 1.226016879
0.999999881 -0.000328831 -0.000279444 0.035565682 0.000328688 0.999999821 -0.000513587 -0.046374258 0.000279613 0.000513495 0.999999821 1.420262933
0.999999583 -0.000572032 -0.000745596 0.049899556 0.000571966 0.999999821 -0.000088710 -0.063171528 0.000745646 0.000088283 0.999999702 1.595257521
0.999999523 -0.000869516 0.000462783 0.014017865 0.000869815 0.999999404 -0.000647498 -0.048478790 -0.000462219 0.000647900 0.999999702 1.696386814
0.999998927 -0.001421289 0.000035740 0.024840152 0.001421309 0.999998748 -0.000565234 -0.053286411 -0.000034936 0.000565284 0.999999821 1.897802353
0.999998868 -0.001494903 0.000089701 0.031736135 0.001494960 0.999998629 -0.000644094 -0.060717829 -0.000088738 0.000644227 0.999999762 2.117175817
0.999999166 -0.001151969 0.000484097 0.029832285 0.001152203 0.999999166 -0.000483578 -0.064357601 -0.000483540 0.000484135 0.999999821 2.325634003
0.999999225 -0.001191622 0.000053748 0.033445414 0.001191649 0.999999106 -0.000499569 -0.073845141 -0.000053153 0.000499633 0.999999881 2.564632654
0.999999285 -0.000709320 0.000920537 0.026029648 0.000709584 0.999999642 -0.000286934 -0.086615644 -0.000920333 0.000287587 0.999999523 2.762784958
0.999999344 -0.000726157 0.000823832 0.034498002 0.000726295 0.999999762 -0.000166842 -0.094455019 -0.000823710 0.000167440 0.999999642 3.014545918
0.999999106 -0.001104118 0.000707521 0.040244415 0.001104413 0.999999285 -0.000416608 -0.098491654 -0.000707061 0.000417389 0.999999702 3.261402845
0.999999285 -0.000651828 0.001073318 0.041320991 0.000652048 0.999999762 -0.000204626 -0.109561123 -0.001073184 0.000205326 0.999999404 3.509652615
0.999999166 -0.000784968 0.000995576 0.031024594 0.000784721 0.999999583 0.000248700 -0.126211062 -0.000995771 -0.000247918 0.999999464 3.678456068
0.999999166 -0.001032755 0.000782188 0.040777873 0.001032578 0.999999404 0.000226700 -0.133192986 -0.000782422 -0.000225893 0.999999702 3.950280905
0.999998987 -0.001126402 0.000944713 0.044086054 0.001125774 0.999999106 0.000665640 -0.139592439 -0.000945461 -0.000664576 0.999999285 4.209475040
0.999998868 -0.001270436 0.000905101 0.053558640 0.001269768 0.999998927 0.000738223 -0.149526715 -0.000906038 -0.000737072 0.999999285 4.467597961
0.999998629 -0.001276389 0.001009810 0.037095848 0.001275194 0.999998510 0.001183673 -0.176373109 -0.001011319 -0.001182384 0.999998808 4.651092529
0.999998093 -0.001522752 0.001180711 0.042498190 0.001521291 0.999998093 0.001236862 -0.185869366 -0.001182592 -0.001235063 0.999998569 4.914143562
0.999998689 -0.001124985 0.001123930 0.045619946 0.001123412 0.999998450 0.001399528 -0.193101913 -0.001125503 -0.001398263 0.999998450 5.173767090
0.999998629 -0.001017509 0.001288455 0.041866437 0.001015765 0.999998689 0.001353059 -0.198460162 -0.001289830 -0.001351748 0.999998271 5.464340687
0.999997914 -0.001806657 0.000977637 0.057840809 0.001805258 0.999997377 0.001430139 -0.209907293 -0.000980218 -0.001428371 0.999998510 5.722154617
0.999998868 -0.000881358 0.001209125 0.052114565 0.000880113 0.999999106 0.001029859 -0.215938494 -0.001210032 -0.001028794 0.999998748 5.971730709
0.999998391 -0.001216655 0.001245852 0.056311045 0.001215135 0.999998510 0.001220594 -0.224553108 -0.001247335 -0.001219078 0.999998450 6.256769657
0.999998093 -0.001514762 0.001240069 0.059041552 0.001513408 0.999998331 0.001091981 -0.232094273 -0.001241721 -0.001090102 0.999998629 6.530234337
0.999998212 -0.001239790 0.001412640 0.066815354 0.001238301 0.999998689 0.001054055 -0.237229601 -0.001413944 -0.001052304 0.999998391 6.845376015
0.999998212 -0.001189988 0.001381533 0.082808666 0.001188417 0.999998569 0.001137253 -0.249723449 -0.001382884 -0.001135609 0.999998450 7.130091667
0.999998033 -0.001413376 0.001380612 0.083603606 0.001411801 0.999998331 0.001140553 -0.262471914 -0.001382222 -0.001138601 0.999998391 7.435623646
0.999998808 -0.001061790 0.001083369 0.083473682 0.001059689 0.999997556 0.001938011 -0.278690040 -0.001085424 -0.001936861 0.999997556 7.696205139
0.999998510 -0.001176476 0.001224697 0.090203755 0.001174395 0.999997854 0.001698735 -0.284593821 -0.001226693 -0.001697294 0.999997854 8.020178795
0.999998748 -0.001043377 0.001213980 0.098427825 0.001041167 0.999997795 0.001819969 -0.288718611 -0.001215876 -0.001818703 0.999997616 8.343665123
0.999998450 -0.001178778 0.001295652 0.101923794 0.001176331 0.999997497 0.001887653 -0.299284667 -0.001297873 -0.001886126 0.999997377 8.689430237
0.999998808 -0.001097570 0.001074568 0.111859962 0.001095653 0.999997795 0.001782776 -0.305276066 -0.001076523 -0.001781596 0.999997795 9.039908409
0.999998510 -0.001239209 0.001251567 0.106417887 0.001236690 0.999997258 0.002011987 -0.316644460 -0.001254057 -0.002010436 0.999997199 9.379818916
0.999998629 -0.001279564 0.001072139 0.114442684 0.001277397 0.999997079 0.002019402 -0.326274961 -0.001074720 -0.002018029 0.999997437 9.701987267
0.999996960 -0.002285926 0.000856109 0.113254815 0.002284152 0.999995232 0.002066032 -0.363019675 -0.000860828 -0.002064071 0.999997437 9.945490837
0.999997377 -0.002004431 0.001125035 0.119133264 0.002001622 0.999994814 0.002492060 -0.375163794 -0.001130024 -0.002489801 0.999996245 10.302391052
0.999996483 -0.002484564 0.000909596 0.120595858 0.002482147 0.999993384 0.002649105 -0.385667801 -0.000916172 -0.002646838 0.999996066 10.676798820
0.999996364 -0.002435141 0.001165594 0.128522888 0.002431733 0.999992728 0.002916483 -0.400152415 -0.001172687 -0.002913638 0.999995053 11.044536591
0.999994397 -0.003258262 0.000683034 0.163761675 0.003256328 0.999990761 0.002812993 -0.398787379 -0.000692193 -0.002810754 0.999995828 11.437859535
0.999996722 -0.002108584 0.001492483 0.142635465 0.002104041 0.999993145 0.003038765 -0.415355057 -0.001498880 -0.003035615 0.999994218 11.803076744
0.999994814 -0.003169281 0.000488702 0.165842175 0.003167647 0.999989450 0.003308384 -0.427067369 -0.000499182 -0.003306818 0.999994397 12.182577133
0.999996543 -0.002477992 0.000884670 0.166990429 0.002475373 0.999992490 0.002949194 -0.424480975 -0.000891972 -0.002946994 0.999995232 12.570625305
0.999995232 -0.002882531 0.001108199 0.165677145 0.002878668 0.999989808 0.003471128 -0.518844247 -0.001118193 -0.003467921 0.999993384 12.849613190
0.999996722 -0.001954561 0.001652989 0.169838563 0.001948442 0.999991298 0.003695160 -0.529893517 -0.001660197 -0.003691928 0.999991834 13.266553879
0.999997020 -0.001077949 0.002181774 0.178374812 0.001069077 0.999991119 0.004063785 -0.539909124 -0.002186135 -0.004061440 0.999989390 13.686554909
0.999992311 -0.003663226 0.001396282 0.197838932 0.003657218 0.999984086 0.004281565 -0.560499489 -0.001411945 -0.004276426 0.999989867 14.114720345
0.999990702 -0.004051733 0.001453857 0.204881191 0.004045086 0.999981463 0.004546201 -0.580196202 -0.001472250 -0.004540279 0.999988675 14.510888100
0.999987423 -0.004793189 0.001484233 0.220725179 0.004786815 0.999979436 0.004268654 -0.574997544 -0.001504663 -0.004261496 0.999989867 14.914446831
0.999993324 -0.002696424 0.002426008 0.232124418 0.002686427 0.999987900 0.004114894 -0.583855629 -0.002437074 -0.004108349 0.999988616 15.398669243
0.999983847 -0.005518432 0.001319031 0.246535778 0.005513202 0.999977171 0.003935449 -0.630896270 -0.001340719 -0.003928115 0.999991298 15.853094101
0.999983728 -0.005519392 0.001410371 0.261531472 0.005513894 0.999977291 0.003871803 -0.639366031 -0.001431709 -0.003863964 0.999991417 16.320459366
0.999987066 -0.004620977 0.002136636 0.267845988 0.004612293 0.999981165 0.004052095 -0.647592783 -0.002155320 -0.004042187 0.999989450 16.793960571
0.999985635 -0.004807418 0.002338586 0.276012123 0.004797383 0.999979377 0.004277561 -0.664058030 -0.002359102 -0.004266280 0.999988079 17.233169556
0.999979258 -0.006107013 0.002031581 0.299049646 0.006098036 0.999971747 0.004395858 -0.663899481 -0.002058369 -0.004383378 0.999988258 17.711196899
0.999980628 -0.005776296 0.002307093 0.303202957 0.005766831 0.999974966 0.004088826 -0.671284616 -0.002330654 -0.004075442 0.999988973 18.219974518
0.999979973 -0.005964525 0.002105661 0.298590928 0.005955427 0.999972999 0.004300655 -0.705541551 -0.002131256 -0.004288029 0.999988496 18.583381653
0.999971807 -0.007351728 0.001534402 0.311192125 0.007345204 0.999964118 0.004215012 -0.721448839 -0.001565335 -0.004203622 0.999989927 19.041753769
0.999983907 -0.005079418 0.002520795 0.327818811 0.005066903 0.999974966 0.004946429 -0.745796561 -0.002545857 -0.004933577 0.999984622 19.535263062
0.999972343 -0.007265374 0.001592505 0.330745429 0.007258912 0.999965549 0.004026374 -0.747050643 -0.001621704 -0.004014703 0.999990642 20.058702469
0.999971926 -0.007393361 0.001190299 0.345132113 0.007388166 0.999963462 0.004311125 -0.781790137 -0.001222129 -0.004302211 0.999990046 20.570394516
0.999976814 -0.006713019 0.001146355 0.325600415 0.006706891 0.999963582 0.005268863 -0.792390645 -0.001181683 -0.005261052 0.999985456 20.967708588
0.999975264 -0.007029095 0.000420010 0.338885695 0.007027114 0.999964893 0.004547523 -0.795002460 -0.000451961 -0.004544459 0.999989629 21.487251282
0.999970615 -0.007661526 0.000318299 0.345246971 0.007659882 0.999958813 0.004880881 -0.816524506 -0.000355681 -0.004878301 0.999987960 22.008527756
0.999970436 -0.007683809 -0.000296024 0.335262328 0.007685191 0.999958098 0.004991262 -0.832988203 0.000257660 -0.004993390 0.999987483 22.526582718
0.999962270 -0.008603510 -0.001227199 0.347196579 0.008610377 0.999946654 0.005705628 -0.860601962 0.001178045 -0.005715980 0.999982953 23.082582474
0.999951124 -0.009728516 -0.001776806 0.323433131 0.009738306 0.999936938 0.005587055 -0.888883770 0.001722340 -0.005604086 0.999982834 23.424365997
0.999957502 -0.008939578 -0.002281681 0.330223531 0.008951484 0.999946058 0.005262088 -0.893132150 0.002234517 -0.005282288 0.999983490 23.960094452
0.999948978 -0.009662288 -0.002967054 0.354442865 0.009678819 0.999937415 0.005607842 -0.907433569 0.002912684 -0.005636273 0.999979973 24.484077454
0.999963522 -0.008077336 -0.002775066 0.309494078 0.008094735 0.999947309 0.006316785 -0.945750117 0.002723897 -0.006339019 0.999976277 24.961011887
0.999965489 -0.007603814 -0.003343221 0.303623319 0.007623754 0.999952912 0.005992659 -0.960201383 0.003297497 -0.006017939 0.999976456 25.506340027
0.999970555 -0.006798170 -0.003574028 0.315793335 0.006820153 0.999957681 0.006174963 -0.963951826 0.003531899 -0.006199156 0.999974608 26.060432434
0.999962986 -0.007513852 -0.004190594 0.314943910 0.007539471 0.999952674 0.006131725 -0.990841925 0.004144323 -0.006163093 0.999972343 26.620531082
0.999965847 -0.006911111 -0.004520608 0.324811220 0.006938037 0.999958098 0.005968233 -1.007085562 0.004479172 -0.005999392 0.999971926 27.178758621
0.999952912 -0.007988068 -0.005496699 0.363896310 0.008020224 0.999950647 0.005853034 -0.996731758 0.005449673 -0.005896844 0.999967754 27.748754501
0.999963880 -0.006432501 -0.005546993 0.355032802 0.006461972 0.999965012 0.005311674 -1.021373630 0.005512631 -0.005347328 0.999970496 28.285907745
0.999960363 -0.007262058 -0.005154362 0.309956729 0.007298394 0.999948382 0.007066241 -1.073093057 0.005102781 -0.007103579 0.999961674 28.592218399
0.999961972 -0.006811999 -0.005451196 0.318710178 0.006852003 0.999949455 0.007353855 -1.084672570 0.005400827 -0.007390927 0.999958038 29.143613815
0.999967694 -0.005726459 -0.005650558 0.340469122 0.005761511 0.999964178 0.006206854 -1.101657987 0.005614812 -0.006239209 0.999964714 29.667993546
0.999943793 -0.008080767 -0.006871914 0.340388447 0.008134208 0.999936521 0.007784527 -1.116404891 0.006808572 -0.007839986 0.999946058 30.304056168
0.999948502 -0.007087486 -0.007267857 0.369817674 0.007143166 0.999945104 0.007664003 -1.127914906 0.007213140 -0.007715524 0.999944150 30.804281235
0.999943316 -0.007979630 -0.007058032 0.365346372 0.008041779 0.999928653 0.008821286 -1.180211663 0.006987139 -0.008877546 0.999936163 31.250333786
0.999929607 -0.008767290 -0.007997813 0.385298818 0.008836514 0.999923468 0.008661503 -1.168243289 0.007921262 -0.008731565 0.999930501 31.928852081
0.999958754 -0.005361920 -0.007339246 0.374340892 0.005419769 0.999954224 0.007885073 -1.183201909 0.007296630 -0.007924525 0.999941945 32.315906525
0.999956489 -0.006234882 -0.006930407 0.229351074 0.006295278 0.999942064 0.008727451 -1.297852993 0.006875589 -0.008770701 0.999937832 32.853870392
0.999959469 -0.005919956 -0.006775653 0.236384913 0.005983566 0.999937892 0.009406670 -1.316211939 0.006719544 -0.009446832 0.999932826 33.394714355
0.999949157 -0.006948594 -0.007311880 0.226293012 0.007011851 0.999937892 0.008661476 -1.310310483 0.007251241 -0.008712305 0.999935746 33.906799316
0.999943614 -0.007190285 -0.007816432 0.219243944 0.007258132 0.999935985 0.008686589 -1.310723543 0.007753473 -0.008742833 0.999931693 34.424415588
0.999952793 -0.006211541 -0.007474329 0.208555758 0.006278046 0.999940634 0.008907600 -1.358623147 0.007418556 -0.008954104 0.999932349 34.992698669
0.999959826 -0.005491325 -0.007081919 0.197928816 0.005554321 0.999944925 0.008906550 -1.376262426 0.007032620 -0.008945529 0.999935210 35.597557068
0.999959469 -0.005622905 -0.007029493 0.191668600 0.005683514 0.999946654 0.008632058 -1.369455695 0.006980579 -0.008671662 0.999938011 36.086673737
0.999928653 -0.008923305 -0.007945982 0.202538013 0.008999703 0.999913096 0.009631329 -1.353561997 0.007859347 -0.009702153 0.999922037 36.613700867
0.999895334 -0.010721240 -0.009709321 0.218087524 0.010817404 0.999892533 0.009906768 -1.396283388 0.009602064 -0.010010762 0.999903798 36.939697266
0.999890506 -0.011049815 -0.009841830 0.211448342 0.011155381 0.999880195 0.010736907 -1.422407031 0.009722010 -0.010845521 0.999893904 37.476459503
0.999890387 -0.010677808 -0.010263680 0.228709549 0.010781057 0.999891341 0.010057631 -1.410313129 0.010155170 -0.010167181 0.999896765 38.005332947
0.999909341 -0.009725425 -0.009315731 0.210452735 0.009811304 0.999909341 0.009217559 -1.396843553 0.009225241 -0.009308122 0.999914110 38.556213379
0.999866307 -0.012051350 -0.011054564 0.251681149 0.012173036 0.999865353 0.011007628 -1.456617594 0.010920417 -0.011140724 0.999878287 39.121917725
0.999889851 -0.010903834 -0.010072268 0.219019502 0.011004033 0.999890029 0.009946869 -1.436151981 0.009962700 -0.010056606 0.999899745 39.636955261
0.999879420 -0.010798042 -0.011155212 0.271770060 0.010907651 0.999892354 0.009812240 -1.446691632 0.011048058 -0.009932735 0.999889612 40.235282898
0.999871492 -0.011355315 -0.011317682 0.285621673 0.011471174 0.999881923 0.010225147 -1.475415945 0.011200238 -0.010353660 0.999883652 40.765918732
0.999865294 -0.011008264 -0.012178952 0.302915275 0.011124457 0.999892890 0.009514246 -1.473421097 0.012072911 -0.009648449 0.999880552 41.358215332
0.999848962 -0.012287298 -0.012288277 0.274612665 0.012408040 0.999875009 0.009798301 -1.472797751 0.012166345 -0.009949295 0.999876440 41.844573975
0.999873579 -0.011829515 -0.010622323 0.154291332 0.011935822 0.999878764 0.010000851 -1.495710731 0.010502731 -0.010126373 0.999893546 42.043575287
0.999881625 -0.011622085 -0.010079419 0.149043351 0.011723620 0.999880552 0.010073519 -1.506950378 0.009961139 -0.010190493 0.999898434 42.581600189
0.999878764 -0.011624463 -0.010355248 0.159500897 0.011714959 0.999893367 0.008721710 -1.498809099 0.010252756 -0.008841964 0.999908268 43.142299652
0.999873459 -0.011273888 -0.011225695 0.175444901 0.011360013 0.999906301 0.007638178 -1.490338087 0.011138530 -0.007764735 0.999907732 43.664253235
0.999876201 -0.011262156 -0.010986177 0.178710073 0.011360941 0.999895275 0.008971099 -1.521365881 0.010883991 -0.009094801 0.999899387 44.179977417
0.999886215 -0.011223962 -0.010072114 0.143496335 0.011329495 0.999880791 0.010482666 -1.572433829 0.009953256 -0.010595585 0.999894321 44.533535004
0.999893427 -0.010671803 -0.009958344 0.148777336 0.010781193 0.999881387 0.010996517 -1.590466738 0.009839810 -0.011102708 0.999889910 45.070697784
0.999889672 -0.010727330 -0.010274142 0.148262799 0.010833446 0.999887943 0.010329097 -1.586868286 0.010162186 -0.010439261 0.999893904 45.640724182
0.999899745 -0.010308434 -0.009714556 0.134574503 0.010405780 0.999895573 0.010023999 -1.596856475 0.009610209 -0.010124081 0.999902606 46.194263458
0.999895871 -0.010110497 -0.010301669 0.162920058 0.010203124 0.999907613 0.008978834 -1.582011819 0.010209936 -0.009083008 0.999906659 46.671653748
0.999882340 -0.011244670 -0.010433335 0.138181210 0.011361763 0.999872506 0.011232488 -1.636348605 0.010305699 -0.011349709 0.999882400 46.972179413
0.999888361 -0.011008481 -0.010102692 0.142521948 0.011119198 0.999878049 0.010969059 -1.641677141 0.009980707 -0.011080166 0.999888778 47.529998779
0.999867499 -0.012346315 -0.010599984 0.152324319 0.012447937 0.999876678 0.009575283 -1.641955733 0.010480458 -0.009705963 0.999897957 48.088432312
0.999899030 -0.010540975 -0.009519551 0.154646605 0.010629660 0.999900103 0.009314086 -1.640260696 0.009420422 -0.009414335 0.999911308 48.675643921
0.999874830 -0.011662870 -0.010693519 0.153043211 0.011778253 0.999872386 0.010791318 -1.673890829 0.010566298 -0.010915919 0.999884546 48.887622833
0.999875307 -0.011601320 -0.010715212 0.147889674 0.011718938 0.999871016 0.010980079 -1.685379744 0.010586445 -0.011104282 0.999882281 49.427268982
0.999871314 -0.011806478 -0.010856139 0.156453371 0.011916747 0.999877512 0.010149478 -1.685375690 0.010734978 -0.010277543 0.999889553 49.984771729
0.999883890 -0.011221267 -0.010315842 0.182614625 0.011317912 0.999892116 0.009358407 -1.675492048 0.010209717 -0.009474074 0.999902964 50.547405243
0.999876559 -0.011693904 -0.010495606 0.136651218 0.011809767 0.999869227 0.011045936 -1.730205417 0.010365065 -0.011168523 0.999883890 50.802799225
0.999887168 -0.011028839 -0.010199926 0.148036480 0.011136110 0.999882638 0.010520522 -1.728887558 0.010082699 -0.010632922 0.999892652 51.346729279
0.999875426 -0.011547324 -0.010759567 0.155027151 0.011656870 0.999880314 0.010174913 -1.730792522 0.010640787 -0.010299069 0.999890327 51.903308868
0.999866426 -0.012301262 -0.010761738 0.166641831 0.012407335 0.999874532 0.009845977 -1.739977360 0.010639268 -0.009978185 0.999893606 52.431236267
0.999880254 -0.011025284 -0.010862149 0.168849587 0.011127431 0.999893963 0.009388845 -1.735349417 0.010757483 -0.009508588 0.999896884 52.952888489
0.999900222 -0.010608805 -0.009326349 0.113969564 0.010703028 0.999891520 0.010111766 -1.772963524 0.009218065 -0.010210576 0.999905348 53.393177032
0.999875486 -0.012035989 -0.010206359 0.118433297 0.012154780 0.999858081 0.011657751 -1.807568550 0.010064598 -0.011780355 0.999879956 53.581962585
0.999875426 -0.012042374 -0.010213855 0.126257658 0.012159414 0.999860227 0.011475073 -1.809117556 0.010074241 -0.011597837 0.999881983 54.115509033
0.999870360 -0.012104370 -0.010625007 0.139411032 0.012220416 0.999865651 0.010925882 -1.820847034 0.010491328 -0.011054308 0.999883831 54.697479248
0.999881685 -0.011752341 -0.009926602 0.132515371 0.011860732 0.999869823 0.010931770 -1.827544451 0.009796835 -0.011048214 0.999890924 55.262054443
0.999883771 -0.011721184 -0.009755093 0.136075437 0.011822528 0.999876082 0.010396838 -1.820150375 0.009632019 -0.010510959 0.999898374 55.779876709
0.999866486 -0.012424623 -0.010612907 0.123617113 0.012549050 0.999852359 0.011739180 -1.851683140 0.010465484 -0.011870795 0.999874771 55.940177917
0.999873459 -0.012264681 -0.010124285 0.136368394 0.012380920 0.999857187 0.011499613 -1.861029863 0.009981800 -0.011623506 0.999882579 56.488021851
0.999870539 -0.012102047 -0.010604162 0.148256719 0.012213109 0.999870658 0.010472130 -1.847001195 0.010476054 -0.010600284 0.999888957 57.047981262
0.999891341 -0.011274307 -0.009496477 0.133101642 0.011374242 0.999879777 0.010535872 -1.863123536 0.009376549 -0.010642742 0.999899447 57.519763947
0.999869466 -0.012520337 -0.010208886 0.117004573 0.012642028 0.999848664 0.011943940 -1.892731667 0.010057800 -0.012071442 0.999876559 57.779933929
0.999872029 -0.012352776 -0.010164679 0.118169248 0.012468024 0.999857724 0.011354022 -1.899406910 0.010022979 -0.011479301 0.999883950 58.325046539
0.999880016 -0.011859236 -0.009962675 0.137935877 0.011966238 0.999870598 0.010750202 -1.905552745 0.009833897 -0.010868129 0.999892592 58.845569611
0.999879539 -0.011985303 -0.009858110 0.137662113 0.012089217 0.999871254 0.010549811 -1.892127752 0.009730397 -0.010667718 0.999895751 59.310356140
0.999861956 -0.012871156 -0.010508315 0.109548211 0.012994168 0.999846816 0.011722923 -1.931849003 0.010355818 -0.011857850 0.999876082 59.650150299
0.999870300 -0.012360634 -0.010323850 0.107136905 0.012487669 0.999846041 0.012332462 -1.950936079 0.010169825 -0.012459781 0.999870718 60.190597534
0.999862492 -0.012878078 -0.010448851 0.116506934 0.013004481 0.999841988 0.012120817 -1.955182791 0.010291108 -0.012255030 0.999871969 60.755050659
0.999880552 -0.011917408 -0.009848359 0.093785286 0.012034256 0.999856889 0.011891698 -1.984198809 0.009705232 -0.012008794 0.999880791 61.206382751
0.999850810 -0.013565717 -0.010694285 0.107687593 0.013690920 0.999837577 0.011722324 -1.969439983 0.010533527 -0.011866990 0.999874055 61.504375458
0.999863446 -0.012949884 -0.010266527 0.126449585 0.013069481 0.999846578 0.011668888 -1.984575033 0.010113841 -0.011801474 0.999879181 62.030662537
0.999865353 -0.012974224 -0.010045669 0.122310340 0.013082864 0.999855816 0.010825510 -1.974794388 0.009903767 -0.010955479 0.999890924 62.548149109
0.999851823 -0.013585884 -0.010562974 0.134745181 0.013704214 0.999843240 0.011212173 -1.997903824 0.010408989 -0.011355269 0.999881327 63.060974121
0.999840617 -0.014380145 -0.010580060 0.128253639 0.014489970 0.999841154 0.010378010 -1.979309559 0.010429142 -0.010529660 0.999890149 63.549880981
0.999859273 -0.013345877 -0.010162535 0.094707251 0.013465582 0.999839604 0.011803226 -2.027769327 0.010003381 -0.011938408 0.999878705 63.821994781
0.999857128 -0.013217148 -0.010540497 0.092903078 0.013342745 0.999839723 0.011935617 -2.045101643 0.010381051 -0.012074550 0.999873161 64.391242981
0.999885142 -0.011753362 -0.009569101 0.112251341 0.011859352 0.999868095 0.011096186 -2.048877239 0.009437421 -0.011208395 0.999892652 64.865417480
0.999852240 -0.013452000 -0.010702394 0.142620802 0.013568220 0.999848962 0.010861877 -2.047906876 0.010554665 -0.011005485 0.999883711 65.424377441
0.999881208 -0.011951571 -0.009734848 0.120721102 0.012069101 0.999853909 0.012105117 -2.071863174 0.009588750 -0.012221170 0.999879360 65.654029846
0.999884129 -0.011680743 -0.009771490 0.143257260 0.011792585 0.999864697 0.011467520 -2.085868835 0.009636220 -0.011581421 0.999886572 66.189239502
0.999876380 -0.012075233 -0.010063196 0.157695413 0.012186506 0.999864459 0.011070471 -2.075344086 0.009928153 -0.011191740 0.999888122 66.713722229
0.999881804 -0.011870259 -0.009769968 0.147610188 0.011978417 0.999866724 0.011087237 -2.093232632 0.009637059 -0.011202956 0.999890804 67.228553772
0.999894738 -0.011037453 -0.009416394 0.115602791 0.011153210 0.999861777 0.012330421 -2.126640797 0.009278994 -0.012434146 0.999879658 67.546241760
0.999899507 -0.010870507 -0.009102759 0.118880451 0.010979136 0.999868095 0.011969824 -2.129656792 0.008971438 -0.012068561 0.999886930 68.102188110
0.999895275 -0.011061972 -0.009318404 0.127749205 0.011171322 0.999868333 0.011765864 -2.139743328 0.009187022 -0.011868732 0.999887347 68.656402588
0.999880850 -0.012216787 -0.009439088 0.154836416 0.012324853 0.999858201 0.011476829 -2.143237114 0.009297539 -0.011591796 0.999889612 69.177703857
0.999890566 -0.011464673 -0.009338248 0.170953214 0.011565612 0.999874473 0.010827865 -2.149265289 0.009212938 -0.010934683 0.999897778 69.710731506
0.999884248 -0.011981144 -0.009376123 0.140502393 0.012099145 0.999846935 0.012631289 -2.157782316 0.009223348 -0.012743270 0.999876201 69.824958801
0.999877155 -0.012335151 -0.009673616 0.151870906 0.012453543 0.999847114 0.012275410 -2.165308952 0.009520719 -0.012394372 0.999877810 70.362365723
0.999874651 -0.012605770 -0.009583754 0.171146870 0.012718374 0.999849677 0.011780598 -2.179057837 0.009433812 -0.011901010 0.999884665 70.930892944
0.999876976 -0.012721892 -0.009171541 0.129711032 0.012825638 0.999853432 0.011343220 -2.166162491 0.009025887 -0.011459456 0.999893606 71.441108704
0.999874532 -0.012776637 -0.009363944 0.126408041 0.012882781 0.999852419 0.011363990 -2.159560919 0.009217368 -0.011483198 0.999891639 71.845550537
0.999893665 -0.011497610 -0.008966780 0.140649736 0.011600077 0.999867022 0.011460281 -2.184735060 0.008833821 -0.011563079 0.999894142 72.353782654
0.999894142 -0.011728290 -0.008606252 0.092836797 0.011832641 0.999855816 0.012176080 -2.183696747 0.008462206 -0.012276625 0.999888778 72.752258301
0.999901116 -0.011232142 -0.008463440 0.094450772 0.011333472 0.999863505 0.012021274 -2.189741135 0.008327260 -0.012116005 0.999891877 73.312629700
0.999882758 -0.012272901 -0.009159074 0.138722003 0.012372583 0.999863982 0.010907367 -2.193316698 0.009023962 -0.011019407 0.999898553 73.874778748
0.999908507 -0.011547152 -0.007045047 0.116925359 0.011624905 0.999870837 0.011097514 -2.208938122 0.006915993 -0.011178394 0.999913633 74.291542053
0.999939501 -0.009795378 -0.005007942 0.091436505 0.009856372 0.999875724 0.012303450 -2.229609489 0.004886801 -0.012352067 0.999911726 74.652305603
0.999942303 -0.010016798 -0.003901427 0.105461061 0.010064074 0.999873817 0.012292420 -2.244353056 0.003777803 -0.012330974 0.999916852 75.202285767
0.999946058 -0.010102488 -0.002436088 0.101767883 0.010130285 0.999880433 0.011681324 -2.238475323 0.002317787 -0.011705372 0.999928892 75.742210388
0.999955952 -0.009368530 0.000556642 0.107139349 0.009360815 0.999877572 0.012538416 -2.266626596 -0.000674040 -0.012532653 0.999921262 76.095191956
0.999943495 -0.009895415 0.003878513 0.132735386 0.009843346 0.999864101 0.013221815 -2.270415306 -0.004008821 -0.013182890 0.999905109 76.636795044
0.999928176 -0.009443212 0.007379620 0.140268803 0.009354562 0.999884725 0.011956238 -2.264622688 -0.007491675 -0.011886346 0.999901354 77.158622742
0.999891579 -0.008953849 0.011688132 0.170178294 0.008810593 0.999886096 0.012251105 -2.271824837 -0.011796496 -0.012146798 0.999856651 77.662139893
0.999815106 -0.008126314 0.017426210 0.165155292 0.007902095 0.999885559 0.012897291 -2.305658340 -0.017529024 -0.012757202 0.999764979 78.049507141
0.999693096 -0.008827855 0.023143943 0.197731495 0.008541836 0.999886274 0.012428125 -2.299467325 -0.023251025 -0.012226619 0.999654889 78.600784302
0.999537587 -0.008399004 0.029225307 0.239453793 0.008013758 0.999879718 0.013274206 -2.317256451 -0.029333284 -0.013033862 0.999484658 79.120643616
0.999256372 -0.008251948 0.037664872 0.268633127 0.007779712 0.999889433 0.012667223 -2.312835217 -0.037765246 -0.012364781 0.999210119 79.691101074
0.998884857 -0.007021157 0.046687130 0.268053055 0.006377952 0.999882877 0.013911634 -2.356325865 -0.046779338 -0.013598353 0.998812675 80.087455750
0.998524725 -0.007142738 0.053827066 0.306410789 0.006424030 0.999888062 0.013513394 -2.353880882 -0.053917564 -0.013147673 0.998458862 80.640533447
0.998014331 -0.007638562 0.062521257 0.387442112 0.006773064 0.999878466 0.014043525 -2.375048637 -0.062620923 -0.013592179 0.997944891 81.139595032
0.997270405 -0.006833657 0.073518477 0.432998180 0.005831196 0.999887228 0.013841514 -2.380631924 -0.073604777 -0.013375034 0.997197807 81.782249451
0.996557534 -0.006169574 0.082672440 0.485242367 0.005070549 0.999895990 0.013497095 -2.391252041 -0.082747124 -0.013031440 0.996485353 82.316116333
0.995963693 -0.008792019 0.089325622 0.490855217 0.007584670 0.999875307 0.013846736 -2.387751102 -0.089436226 -0.013113339 0.995906353 82.560165405
0.994948924 -0.007830584 0.100077108 0.561896801 0.006506760 0.999887049 0.013547621 -2.385478973 -0.100171894 -0.012828012 0.994887471 83.122680664
0.993891597 -0.009834195 0.109922871 0.658172607 0.008361457 0.999869168 0.013850869 -2.408021927 -0.110044695 -0.012847146 0.993843675 83.633476257
0.992967248 -0.011134890 0.117865026 0.797284126 0.009638137 0.999865711 0.013261259 -2.414165258 -0.117996857 -0.012031998 0.992941082 84.126884460
0.991486549 -0.009810403 0.129839480 0.847671509 0.008100935 0.999873459 0.013687629 -2.405940533 -0.129957333 -0.012519279 0.991440535 84.702239990
0.989770651 -0.009986045 0.142317414 0.950298309 0.008096554 0.999871254 0.013849515 -2.436391354 -0.142437428 -0.012555564 0.989724219 85.289680481
0.987865448 -0.008451995 0.155081928 0.826663971 0.006421780 0.999887049 0.013587570 -2.367743731 -0.155179262 -0.012426789 0.987808108 85.653892517
0.986383140 -0.008545080 0.164241672 0.942892075 0.006348411 0.999883294 0.013894886 -2.375067234 -0.164341226 -0.012663007 0.986322284 86.197921753
0.984244466 -0.009223843 0.176572323 1.050684929 0.006902278 0.999881446 0.013757656 -2.384972095 -0.176678315 -0.012322144 0.984191597 86.730445862
0.981810689 -0.007898942 0.189697966 1.174697876 0.005340847 0.999887824 0.013992531 -2.404532194 -0.189787209 -0.012724869 0.981742740 87.263313293
0.979863942 -0.009517618 0.199439272 1.297386169 0.006857302 0.999878109 0.014025494 -2.385756016 -0.199548468 -0.012375463 0.979809761 87.741401672
0.977025568 -0.009579261 0.212906688 1.436399460 0.006857479 0.999885082 0.013518726 -2.385684490 -0.213011697 -0.011748138 0.976979017 88.303665161
0.974050522 -0.009698521 0.226122797 1.587085724 0.006584827 0.999872863 0.014520139 -2.402266741 -0.226234883 -0.012654370 0.973990500 88.794395447
0.971395016 -0.010598776 0.237232983 1.775720596 0.007510041 0.999874890 0.013919790 -2.440458775 -0.237350851 -0.011739985 0.971353054 89.294876099
0.968167961 -0.009598348 0.250117213 1.918342590 0.006553556 0.999893904 0.013003457 -2.335593224 -0.250215501 -0.010950373 0.968128264 89.873558044
0.964440405 -0.009236773 0.264138877 2.086601257 0.005983740 0.999895990 0.013117536 -2.344963551 -0.264232606 -0.011070543 0.964395404 90.390655518
0.960833013 -0.009198198 0.276974976 2.277057648 0.005861793 0.999899983 0.012871468 -2.346507549 -0.277065635 -0.010743761 0.960790992 90.923461914
0.957913816 -0.010835628 0.286851436 2.484720230 0.007340271 0.999885082 0.013257864 -2.370835781 -0.286962152 -0.010594322 0.957883358 91.409027100
0.953369439 -0.010232125 0.301632196 2.681026459 0.006657251 0.999894857 0.012877374 -2.354585648 -0.301732242 -0.010268851 0.953337431 92.072097778
0.948884428 -0.010716787 0.315441817 2.809337616 0.006865018 0.999887705 0.013319332 -2.351505756 -0.315549135 -0.010472992 0.948851466 92.427238464
0.945041060 -0.010677363 0.326777697 3.019620895 0.006741010 0.999890447 0.013176123 -2.356750965 -0.326882631 -0.010249164 0.945009351 92.953933716
0.940516829 -0.010878778 0.339573026 3.220672607 0.006780343 0.999889135 0.013253543 -2.365398884 -0.339679569 -0.010162758 0.940486312 93.470558167
0.935433924 -0.011363738 0.353318989 3.449821472 0.007175707 0.999887645 0.013161082 -2.375699520 -0.353428841 -0.009776007 0.935410261 93.974334717
0.930789351 -0.012442308 0.365343988 3.675220490 0.008123425 0.999877810 0.013356150 -2.398371696 -0.365465552 -0.009463918 0.930776834 94.555503845
0.926365793 -0.012690596 0.376411319 3.919570923 0.008545469 0.999883115 0.012679963 -2.402446270 -0.376528263 -0.008529672 0.926365852 95.080986023
0.920310318 -0.012109208 0.391001880 4.071014404 0.007400101 0.999880850 0.013548217 -2.369478226 -0.391119391 -0.009575110 0.920290112 95.360702515
0.914644480 -0.011989073 0.404081404 4.315490723 0.006959576 0.999879003 0.013913251 -2.381232500 -0.404199302 -0.009913442 0.914617240 95.856246948
0.910039842 -0.014126777 0.414280057 4.566925049 0.009298592 0.999863327 0.013668912 -2.387213707 -0.414416581 -0.008587033 0.910046816 96.328575134
0.904815376 -0.014370430 0.425561547 4.812683105 0.009431365 0.999861538 0.013710817 -2.401505947 -0.425699651 -0.008392133 0.904825628 96.790504456
0.898326755 -0.014898456 0.439075321 5.083797455 0.009562339 0.999851108 0.014362307 -2.429046154 -0.439223915 -0.008703457 0.898335516 97.259704590
0.892575324 -0.016487472 0.450596869 5.310733795 0.011371707 0.999836564 0.014058404 -2.432119370 -0.450754941 -0.007424128 0.892616868 97.702117920
0.886082292 -0.014888265 0.463288844 5.507339478 0.009446364 0.999856472 0.014064385 -2.368838787 -0.463431746 -0.008085809 0.886095762 98.193046570
0.878630579 -0.014584401 0.477279454 5.788284302 0.008615999 0.999854982 0.014691619 -2.386214733 -0.477424473 -0.008796266 0.878628850 98.668777466
