1.000000000 0.000000000 0.000000000 0.000000000 0.000000000 1.000000000 0.000000000 0.000000000 0.000000000 0.000000000 1.000000000 0.000000000
0.999999940 -0.000320331 0.000046087 0.000274661 0.000320330 0.999999940 0.000012947 0.000293695 -0.000046092 -0.000012933 1.000000000 -0.000109237
1.000000000 -0.000116688 0.000137224 -0.000649544 0.000116663 1.000000000 0.000181970 -0.000444151 -0.000137245 -0.000181954 1.000000000 0.000306230
1.000000000 -0.000112518 0.000034188 0.000229022 0.000112514 1.000000000 0.000109148 0.000093130 -0.000034201 -0.000109145 1.000000000 0.000081202
1.000000000 -0.000026066 0.000076606 -0.000119322 0.000026062 1.000000000 0.000052067 -0.000571075 -0.000076607 -0.000052065 1.000000000 -0.000140214
0.999999940 -0.000304688 0.000073059 0.000097434 0.000304685 0.999999940 0.000047606 -0.000121030 -0.000073073 -0.000047584 1.000000000 -0.000801168
0.999999940 -0.000373453 0.000133160 -0.000751016 0.000373453 0.999999940 0.000003538 0.000031385 -0.000133161 -0.000003489 1.000000000 0.000528402
0.999999940 -0.000319348 0.000087081 0.000558625 0.000319333 0.999999940 0.000170516 -0.000656657 -0.000087136 -0.000170488 1.000000000 0.001263244
1.000000000 -0.000113515 0.000114932 -0.000011461 0.000113516 1.000000000 -0.000009910 0.000828506 -0.000114931 0.000009923 1.000000000 0.000941006
1.000000000 -0.000012200 0.000143563 -0.000744852 0.000012198 1.000000000 0.000015054 -0.000133580 -0.000143564 -0.000015052 1.000000000 -0.000516324
1.000000000 -0.000154480 0.000051661 0.001138088 0.000154479 1.000000000 0.000027316 0.000512525 -0.000051665 -0.000027308 1.000000000 -0.000782977
1.000000000 -0.000046744 -0.000028051 0.001130901 0.000046743 1.000000000 -0.000030599 -0.000202839 0.000028052 0.000030598 1.000000000 -0.002167904
1.000000000 0.000019918 0.000061474 0.000576708 -0.000019910 1.000000000 -0.000134616 0.002012529 -0.000061476 0.000134614 1.000000000 0.000815803
1.000000000 -0.000063615 0.000074186 -0.000555195 0.000063613 1.000000000 0.000024262 0.000639265 -0.000074187 -0.000024258 1.000000000 -0.000065209
1.000000000 0.000122538 0.000123124 -0.000655820 -0.000122521 1.000000000 -0.000139728 0.001338909 -0.000123141 0.000139713 1.000000000 -0.000020457
1.000000000 -0.000134662 0.000020200 0.000524363 0.000134660 1.000000000 0.000114028 0.000135479 -0.000020215 -0.000114025 1.000000000 -0.000128814
0.999999940 -0.000337570 0.000006445 0.000044466 0.000337569 0.999999940 0.000126730 -0.000267405 -0.000006488 -0.000126727 1.000000000 -0.000735491
0.999999940 -0.000306038 0.000032517 0.000199466 0.000306036 0.999999940 0.000077063 -0.000832578 -0.000032541 -0.000077053 1.000000000 -0.001681636
1.000000000 0.000048586 0.000115329 -0.000252179 -0.000048593 1.000000000 0.000064094 -0.000160402 -0.000115326 -0.000064100 1.000000000 -0.001194118
1.000000000 0.000240349 0.000005320 -0.000274355 -0.000240350 0.999999940 0.000116806 -0.000097600 -0.000005292 -0.000116808 1.000000000 -0.000385742
1.000000000 -0.000134603 -0.000044613 0.000730143 0.000134609 1.000000000 0.000122113 0.000181176 0.000044597 -0.000122119 1.000000000 -0.000641902
1.000000000 0.000022986 0.000068613 -0.000363194 -0.000022995 1.000000000 0.000121568 -0.000295914 -0.000068611 -0.000121569 1.000000000 -0.000697480
1.000000000 -0.000132213 0.000033104 0.000400283 0.000132208 1.000000000 0.000145556 -0.000495532 -0.000033123 -0.000145552 1.000000000 -0.001500294
1.000000000 -0.000220020 0.000093154 0.000824309 0.000220020 1.000000000 -0.000006083 0.000916367 -0.000093153 0.000006103 1.000000000 0.000767290
1.000000000 0.000124524 0.000135517 -0.000010509 -0.000124538 1.000000000 0.000105176 0.000294667 -0.000135504 -0.000105192 1.000000000 0.000610146
1.000000000 -0.000098463 0.000021285 0.001623629 0.000098461 1.000000000 0.000095675 0.000571627 -0.000021294 -0.000095673 1.000000000 -0.001146455
1.000000000 -0.000223169 0.000080926 0.000351048 0.000223166 1.000000000 0.000030584 0.000127300 -0.000080933 -0.000030566 1.000000000 -0.001929996
1.000000000 -0.000212050 0.000003577 -0.000090499 0.000212050 1.000000000 0.000028550 -0.000183177 -0.000003583 -0.000028549 1.000000000 -0.001964873
0.999999940 0.000201649 0.000179005 -0.001241609 -0.000201678 0.999999940 0.000163951 0.000279547 -0.000178972 -0.000163987 1.000000000 0.001170859
1.000000000 -0.000030996 0.000008692 0.000384174 0.000030994 1.000000000 0.000175171 -0.000269878 -0.000008698 -0.000175171 1.000000000 -0.000897416
0.999999940 -0.000226231 0.000200846 -0.000783534 0.000226228 1.000000000 0.000017528 0.000482389 -0.000200850 -0.000017482 1.000000000 -0.000181675
1.000000000 -0.000124549 0.000144924 -0.000721985 0.000124527 1.000000000 0.000151725 -0.000708537 -0.000144943 -0.000151707 1.000000000 -0.001188451
1.000000000 0.000010221 0.000095158 -0.000417623 -0.000010238 1.000000000 0.000183296 -0.001302596 -0.000095156 -0.000183297 1.000000000 -0.002124933
1.000000000 -0.000101018 0.000143250 -0.000284814 0.000101025 1.000000000 -0.000051751 0.000711651 -0.000143245 0.000051765 1.000000000 -0.001064395
1.000000000 -0.000145408 0.000110409 -0.000139044 0.000145406 1.000000000 0.000013059 0.000399684 -0.000110411 -0.000013043 1.000000000 -0.000643142
1.000000000 0.000089696 0.000094033 0.000004276 -0.000089712 1.000000000 0.000170611 -0.000156783 -0.000094018 -0.000170619 1.000000000 -0.001493697
0.999999940 -0.000221686 0.000133693 0.000525111 0.000221690 1.000000000 -0.000027466 0.001693547 -0.000133687 0.000027496 1.000000000 -0.000127464
1.000000000 -0.000105034 0.000173593 -0.000911279 0.000105012 1.000000000 0.000125286 0.000845454 -0.000173606 -0.000125268 1.000000000 0.000982338
1.000000000 -0.000047409 0.000124041 -0.000285113 0.000047401 1.000000000 0.000064622 0.000413149 -0.000124044 -0.000064617 1.000000000 -0.000664093
1.000000000 0.000066803 0.000168044 -0.000918775 -0.000066813 1.000000000 0.000057566 0.000304735 -0.000168040 -0.000057577 1.000000000 -0.000395306
0.999999940 -0.000001642 0.000298605 -0.000764748 0.000001691 1.000000000 -0.000166120 0.001406971 -0.000298605 0.000166120 0.999999940 0.002234293
0.999996960 0.002058122 0.001358411 -0.028287366 -0.002049404 0.999977529 -0.006387560 0.110016733 -0.001371527 0.006384756 0.999978662 0.084581748
0.999997139 0.002097193 0.001188542 -0.026489656 -0.002088872 0.999973655 -0.006959586 0.107218727 -0.001203106 0.006957082 0.999975085 0.171993688
0.999993324 0.003493943 0.001013942 -0.008809820 -0.003486475 0.999967456 -0.007275518 0.119029976 -0.001039329 0.007271935 0.999972999 0.272199690
0.999999344 0.001134634 -0.000096458 -0.007432942 -0.001135152 0.999983966 -0.005542763 0.086263210 0.000090167 0.005542869 0.999984562 0.439241260
0.999999344 0.001135406 -0.000086585 -0.004720740 -0.001135867 0.999984026 -0.005529573 0.081523627 0.000080305 0.005529668 0.999984682 0.576511264
0.999999225 0.001254678 -0.000119165 -0.001736835 -0.001255321 0.999983728 -0.005565391 0.075060360 0.000112181 0.005565537 0.999984503 0.727394700
0.999994218 0.002606769 0.002180963 -0.036939275 -0.002591070 0.999970913 -0.007170178 0.081876241 -0.002199590 0.007164486 0.999971926 0.833593309
0.999990940 0.004068220 0.001256880 0.004285890 -0.004059521 0.999968290 -0.006847288 0.089007691 -0.001284697 0.006842123 0.999975741 1.002610683
0.999997914 0.001962519 0.000511135 0.014901038 -0.001959387 0.999979734 -0.006056983 0.064488873 -0.000523012 0.006055969 0.999981523 1.143591404
0.999998927 0.001370526 0.000300059 0.022905283 -0.001368714 0.999981344 -0.005956838 0.058625374 -0.000308217 0.005956422 0.999982178 1.327818036
0.999996424 0.002220948 0.001492914 0.007741537 -0.002212163 0.999980509 -0.005860153 0.046349004 -0.001505899 0.005856830 0.999981701 1.540798426
0.999996483 0.002259111 0.001417140 0.013429225 -0.002250907 0.999980867 -0.005763972 0.042711701 -0.001430134 0.005760762 0.999982357 1.743373752
0.999995649 0.002926443 -0.000404873 0.055116378 -0.002929070 0.999973595 -0.006647361 0.059308793 0.000385409 0.006648519 0.999977827 1.923191190
0.999992013 0.002643223 0.002995309 -0.008971771 -0.002626187 0.999980450 -0.005677481 0.034450013 -0.003010258 0.005669570 0.999979377 2.072308302
0.999996066 0.002725106 0.000638867 0.036972854 -0.002720967 0.999975860 -0.006392729 0.057032391 -0.000656272 0.006390966 0.999979377 2.344542742
0.999995947 0.002474602 0.001350984 0.023939105 -0.002466007 0.999976873 -0.006327203 0.028164925 -0.001366610 0.006323846 0.999979079 2.538248539
0.999995410 0.002810426 0.001119675 0.032504480 -0.002803813 0.999978900 -0.005864766 0.015953792 -0.001136134 0.005861600 0.999982178 2.774038315
0.999993503 0.003348161 0.001341539 0.034363881 -0.003339637 0.999974668 -0.006306817 0.011152139 -0.001362621 0.006302296 0.999979198 3.001348972
0.999995947 0.002798211 0.000539838 0.048859898 -0.002794958 0.999978483 -0.005934500 0.004102593 -0.000556433 0.005932967 0.999982238 3.245952606
0.999995589 0.002628460 0.001371976 0.043978050 -0.002620889 0.999981463 -0.005491003 -0.009756656 -0.001386384 0.005487383 0.999983966 3.471635342
0.999996543 0.002352171 0.001142925 0.049548469 -0.002345371 0.999979734 -0.005914913 -0.015011579 -0.001156815 0.005912212 0.999981821 3.723913431
0.999997139 0.001994913 0.001305352 0.057769746 -0.001987123 0.999980330 -0.005942228 -0.021240590 -0.001317181 0.005939617 0.999981523 3.982231140
0.999996841 0.002232039 0.001095716 0.067163192 -0.002226458 0.999984622 -0.005068738 -0.036010146 -0.001107013 0.005066283 0.999986529 4.247344017
0.999997199 0.002160087 0.001096262 0.070870973 -0.002154636 0.999985576 -0.004949354 -0.044879511 -0.001106936 0.004946978 0.999987125 4.473212719
0.999998212 0.001580650 0.001109458 0.078034215 -0.001575137 0.999986529 -0.004952086 -0.053713039 -0.001117271 0.004950329 0.999987125 4.731945038
0.999994755 0.002958259 0.001388322 0.079832092 -0.002950652 0.999980807 -0.005450540 -0.054801278 -0.001404419 0.005446414 0.999984205 4.988410473
0.999994397 0.003064332 0.001356240 0.086800493 -0.003057040 0.999981046 -0.005346944 -0.064349256 -0.001372599 0.005342768 0.999984801 5.253571510
0.999997556 0.002122829 0.000616972 0.095286489 -0.002120113 0.999988139 -0.004370370 -0.085712366 -0.000626242 0.004369051 0.999990225 5.495615482
0.999998569 0.001636244 0.000196568 0.103735462 -0.001635453 0.999990761 -0.003962334 -0.098846719 -0.000203049 0.003962007 0.999992132 5.768584251
0.999997616 0.001600637 0.001430589 0.106945924 -0.001594261 0.999988794 -0.004447402 -0.115297928 -0.001437692 0.004445111 0.999989092 6.026755810
0.999996960 0.001921886 0.001516291 0.109117620 -0.001915192 0.999988437 -0.004403673 -0.122697592 -0.001524737 0.004400756 0.999989152 6.306177139
0.999994397 0.002739892 0.001936272 0.098744683 -0.002732026 0.999988019 -0.004053981 -0.142868489 -0.001947356 0.004048668 0.999989927 6.526871681
0.999996722 0.002117670 0.001441738 0.127361760 -0.002110727 0.999986231 -0.004800460 -0.146457300 -0.001451884 0.004797401 0.999987423 6.882741451
0.999995768 0.002834713 0.000623123 0.143744290 -0.002831743 0.999984801 -0.004717227 -0.140269995 -0.000636485 0.004715443 0.999988616 7.202135086
0.999997079 0.002179009 0.001025863 0.142225280 -0.002173090 0.999981284 -0.005736095 -0.147623047 -0.001038343 0.005733849 0.999983013 7.479672432
0.999994338 0.002633205 0.002081965 0.135689929 -0.002624152 0.999987066 -0.004339449 -0.173808515 -0.002093365 0.004333961 0.999988377 7.767173767
0.999993503 0.002947930 0.002067539 0.147095174 -0.002938691 0.999985754 -0.004457686 -0.181305349 -0.002080651 0.004451581 0.999987900 8.097030640
0.999991775 0.003220705 0.002454847 0.142331451 -0.003209195 0.999983847 -0.004678214 -0.190000370 -0.002469874 0.004670297 0.999985993 8.399310112
0.999992192 0.003063878 0.002507686 0.152829468 -0.003052849 0.999985635 -0.004390101 -0.202769741 -0.002521101 0.004382411 0.999987245 8.739182472
0.999993980 0.002510284 0.002374063 0.152190551 -0.002499692 0.999986887 -0.004454070 -0.215047240 -0.002385213 0.004448108 0.999987245 9.050363541
0.999992907 0.003105355 0.002129581 0.159242406 -0.003095626 0.999984801 -0.004556547 -0.230121702 -0.002143698 0.004549922 0.999987364 9.382548332
0.999996066 0.002026706 0.001906870 0.179430276 -0.002018626 0.999988973 -0.004230121 -0.232974529 -0.001915422 0.004226254 0.999989212 9.742170334
0.999996424 0.001847522 0.001943478 0.186366111 -0.001837416 0.999984860 -0.005188854 -0.243246257 -0.001953035 0.005185264 0.999984622 10.066111565
0.999993324 0.002928096 0.002186454 0.192515582 -0.002917094 0.999983132 -0.005018008 -0.258084774 -0.002201110 0.005011597 0.999985039 10.435405731
0.999994814 0.002584193 0.001922494 0.211432010 -0.002575136 0.999985754 -0.004698107 -0.275877416 -0.001934607 0.004693132 0.999987125 10.786003113
0.999996662 0.002080700 0.001474062 0.223996818 -0.002073219 0.999985039 -0.005058629 -0.288478553 -0.001484565 0.005055557 0.999986112 11.152738571
0.999990821 0.002784784 0.003250115 0.201482370 -0.002767149 0.999981523 -0.005418040 -0.285646617 -0.003265143 0.005408997 0.999980032 11.522135735
0.999991655 0.002960258 0.002822685 0.221237913 -0.002948920 0.999987543 -0.004012460 -0.333562762 -0.002834528 0.004004103 0.999987960 11.881126404
0.999988019 0.003533351 0.003376737 0.230325058 -0.003517307 0.999982536 -0.004745596 -0.338958919 -0.003393446 0.004733662 0.999983013 12.265231133
0.999996245 0.001273700 0.002429974 0.245266572 -0.001263638 0.999990642 -0.004137742 -0.352688998 -0.002435222 0.004134655 0.999988496 12.669302940
0.999994457 0.002018298 0.002622418 0.259716123 -0.002006539 0.999987960 -0.004478875 -0.375545174 -0.002631426 0.004473588 0.999986529 13.033564568
0.999990940 0.002992599 0.003022644 0.264429629 -0.002975892 0.999980330 -0.005516728 -0.380633801 -0.003039094 0.005507683 0.999980211 13.434976578
0.999985993 0.003887563 0.003598514 0.269812316 -0.003866852 0.999976039 -0.005744840 -0.388527870 -0.003620760 0.005730845 0.999977052 13.854427338
0.999987543 0.002831482 0.004104853 0.279268593 -0.002809879 0.999982238 -0.005259004 -0.415106416 -0.004119670 0.005247405 0.999977767 14.263230324
0.999987781 0.003153940 0.003791503 0.292447746 -0.003135517 0.999983311 -0.004855037 -0.435368985 -0.003806752 0.004843090 0.999981046 14.677031517
0.999979138 0.003939404 0.005138290 0.298188865 -0.003910007 0.999975979 -0.005718720 -0.439407110 -0.005160696 0.005698510 0.999970376 15.129962921
0.999985278 0.002955171 0.004543344 0.319379866 -0.002930633 0.999981165 -0.005397968 -0.470849812 -0.004559210 0.005384575 0.999975026 15.513125420
0.999986470 0.002664013 0.004470249 0.328913897 -0.002643394 0.999985874 -0.004611966 -0.496140122 -0.004482472 0.004600087 0.999979377 15.944001198
0.999988317 0.001542432 0.004562318 0.343393445 -0.001517576 0.999984026 -0.005446534 -0.500166953 -0.004570645 0.005439547 0.999974728 16.395313263
0.999969721 0.004433981 0.006390556 0.336589038 -0.004399976 0.999976158 -0.005325398 -0.507446527 -0.006414017 0.005297118 0.999965429 16.837186813
0.999968469 0.003828181 0.006955586 0.342152476 -0.003794562 0.999981046 -0.004840184 -0.544572294 -0.006973983 0.004813638 0.999964058 17.234394073
0.999968767 0.003806052 0.006920482 0.355671972 -0.003773723 0.999981940 -0.004678607 -0.562964737 -0.006938164 0.004652346 0.999965072 17.705698013
0.999973416 0.002885021 0.006696477 0.380716443 -0.002856419 0.999986708 -0.004276923 -0.595428169 -0.006708727 0.004257682 0.999968350 18.135271072
0.999973536 0.002750237 0.006727710 0.395757258 -0.002726050 0.999989748 -0.003601660 -0.617546976 -0.006737546 0.003583225 0.999970853 18.601554871
0.999969065 0.004054148 0.006729339 0.411163032 -0.004026121 0.999983191 -0.004173312 -0.626052260 -0.006746145 0.004146090 0.999968648 19.057352066
0.999972999 0.003717412 0.006343376 0.434358120 -0.003694772 0.999986708 -0.003577160 -0.656778157 -0.006356588 0.003553626 0.999973476 19.503204346
0.999978185 0.003086125 0.005840491 0.445322245 -0.003066482 0.999989569 -0.003369361 -0.679872870 -0.005850829 0.003351378 0.999977231 19.981386185
0.999967277 0.005050079 0.006336845 0.460761666 -0.005025886 0.999980032 -0.003827966 -0.697142839 -0.006356051 0.003795992 0.999972582 20.463300705
0.999975085 0.004524419 0.005415027 0.480000436 -0.004503578 0.999982417 -0.003854856 -0.721023262 -0.005432373 0.003830373 0.999977887 20.973484039
0.999975622 0.004536789 0.005307163 0.504893959 -0.004515063 0.999981403 -0.004098518 -0.749880075 -0.005325659 0.004074456 0.999977529 21.464817047
0.999969244 0.006130634 0.004895917 0.516698301 -0.006107922 0.999970555 -0.004640405 -0.764192462 -0.004924222 0.004610358 0.999977231 21.948759079
0.999977350 0.005369955 0.004052789 0.540341258 -0.005354141 0.999978065 -0.003902623 -0.798015833 -0.004073657 0.003880835 0.999984145 22.441219330
0.999976337 0.005838466 0.003627545 0.555769145 -0.005824013 0.999975026 -0.003982028 -0.822909594 -0.003650703 0.003960807 0.999985516 22.951967239
0.999986649 0.004626733 0.002264951 0.579196930 -0.004617347 0.999980807 -0.004131288 -0.842398405 -0.002284021 0.004120776 0.999988854 23.470161438
0.999986529 0.004969149 0.001516240 0.588387728 -0.004963382 0.999980509 -0.003784008 -0.858742177 -0.001535013 0.003776431 0.999991715 23.975555420
0.999979913 0.006215325 0.001227502 0.601072550 -0.006210537 0.999973238 -0.003866193 -0.883834481 -0.001251499 0.003858492 0.999991775 24.504859924
0.999980211 0.006207273 0.001000831 0.611405432 -0.006202887 0.999971390 -0.004327245 -0.891063869 -0.001027663 0.004320951 0.999990165 25.025424957
0.999975979 0.006803028 0.001283395 0.611269712 -0.006796158 0.999962926 -0.005283823 -0.897797465 -0.001319293 0.005274974 0.999985218 25.574184418
0.999977589 0.006588283 0.001197081 0.616286993 -0.006583989 0.999971986 -0.003556305 -0.935429037 -0.001220477 0.003548344 0.999992967 26.070810318
0.999976695 0.006807313 0.000385104 0.636783779 -0.006806075 0.999971926 -0.003127766 -0.966852427 -0.000406385 0.003125072 0.999995053 26.605102539
0.999973297 0.007307233 -0.000083436 0.646280050 -0.007307526 0.999963880 -0.004336567 -0.972998619 0.000051745 0.004337061 0.999990582 27.158361435
0.999971211 0.007583942 0.000040096 0.656133890 -0.007583753 0.999964952 -0.003540454 -1.001325607 -0.000066945 0.003540048 0.999993682 27.687067032
0.999973893 0.007219428 -0.000309465 0.667369545 -0.007220745 0.999963820 -0.004488362 -1.024007916 0.000277051 0.004490480 0.999989808 28.202491760
0.999969244 0.007793214 -0.000909951 0.690885603 -0.007796447 0.999963105 -0.003606260 -1.051883698 0.000881814 0.003613243 0.999993026 28.715978622
0.999964476 0.008385382 -0.000831916 0.699496865 -0.008388452 0.999957740 -0.003758244 -1.072520018 0.000800367 0.003765089 0.999992609 29.240345001
0.999959469 0.008939422 -0.001003848 0.716281176 -0.008942845 0.999954045 -0.003460582 -1.101554513 0.000972867 0.003469419 0.999993503 29.758556366
0.999960542 0.008751114 -0.001514169 0.729829013 -0.008755694 0.999957025 -0.003045256 -1.141982198 0.001487454 0.003058393 0.999994218 30.297588348
0.999959528 0.008884343 -0.001418334 0.733188450 -0.008887542 0.999957979 -0.002265035 -1.164030671 0.001398151 0.002277549 0.999996424 30.845449448
0.999965370 0.007926461 -0.002544405 0.773763001 -0.007933351 0.999964833 -0.002709049 -1.197394252 0.002522843 0.002729140 0.999993086 31.357776642
0.999963462 0.007766038 -0.003573728 0.811185956 -0.007772964 0.999967873 -0.001928235 -1.251611471 0.003558639 0.001955942 0.999991715 31.860576630
0.999963105 0.008220621 -0.002481104 0.793747962 -0.008225292 0.999964416 -0.001877953 -1.279417038 0.002465579 0.001898292 0.999995172 32.395027161
0.999959230 0.008551704 -0.002874059 0.805418253 -0.008557374 0.999961436 -0.001966568 -1.311010242 0.002857130 0.001991082 0.999993861 32.933891296
0.999969602 0.007219176 -0.002924159 0.809015989 -0.007225421 0.999971569 -0.002130861 -1.336897254 0.002908693 0.002151924 0.999993443 33.461360931
0.999967396 0.007204625 -0.003629899 0.836062670 -0.007214130 0.999970555 -0.002612596 -1.352936506 0.003610969 0.002638698 0.999989927 33.998195648
0.999970317 0.006162997 -0.004621944 0.871517181 -0.006163436 0.999980927 -0.000080606 -1.417216897 0.004621360 0.000109091 0.999989271 34.494899750
0.999962389 0.007481788 -0.004389581 0.871878982 -0.007480740 0.999971926 0.000255411 -1.443037629 0.004391368 -0.000222564 0.999990344 35.041614532
0.999963224 0.008028601 -0.003020001 0.876232266 -0.008032766 0.999966800 -0.001369614 -1.459331989 0.003008904 0.001393823 0.999994516 35.578468323
0.999961615 0.007938823 -0.003684393 0.889089823 -0.007937475 0.999968410 0.000380044 -1.497304916 0.003687295 -0.000350785 0.999993145 36.110858917
0.999953985 0.008834179 -0.003743791 0.900799036 -0.008832814 0.999960899 0.000381145 -1.530913115 0.003747010 -0.000348059 0.999992847 36.651020050
0.999954402 0.008928975 -0.003374114 0.909695864 -0.008926821 0.999959946 0.000652794 -1.555927277 0.003379808 -0.000622644 0.999994099 37.157592773
0.999942005 0.010000247 -0.003990030 0.941116393 -0.009992246 0.999948144 0.002019585 -1.605264068 0.004010019 -0.001979599 0.999989927 37.708217621
0.999945879 0.009535183 -0.004140960 0.952934146 -0.009533268 0.999954462 0.000481663 -1.600655079 0.004145364 -0.000442160 0.999991298 38.268009186
0.999959171 0.007985763 -0.004230842 0.972712994 -0.007972968 0.999963641 0.003032516 -1.665148497 0.004254905 -0.002998660 0.999986470 38.779232025
0.999957800 0.008058760 -0.004414887 0.991705418 -0.008051346 0.999966145 0.001694438 -1.673837662 0.004428393 -0.001658821 0.999988735 39.331111908
0.999954998 0.007840226 -0.005333910 1.013391376 -0.007828977 0.999967098 0.002126557 -1.714662671 0.005350406 -0.002084702 0.999983490 39.860916138
0.999957263 0.007507126 -0.005390199 1.025489092 -0.007494889 0.999969423 0.002286525 -1.723873019 0.005407198 -0.002246029 0.999982834 40.410518646
0.999950409 0.008061013 -0.005850612 1.038442254 -0.008047073 0.999964833 0.002402173 -1.755190015 0.005869770 -0.002354974 0.999979973 40.963584900
0.999947190 0.007900968 -0.006572908 1.058255553 -0.007882520 0.999964952 0.002828018 -1.777772307 0.006595022 -0.002776057 0.999974370 41.520065308
0.999958336 0.007610854 -0.005043493 1.037866712 -0.007593325 0.999965072 0.003485696 -1.806308031 0.005069844 -0.003447254 0.999981225 42.072895050
0.999953389 0.007785300 -0.005708554 1.063688397 -0.007759179 0.999959409 0.004583579 -1.852057576 0.005744005 -0.004539073 0.999973118 42.625507355
0.999965429 0.005753602 -0.006006088 1.064144135 -0.005714749 0.999962687 0.006466321 -1.914367914 0.006043071 -0.006431774 0.999961019 43.139667511
0.999954820 0.007518365 -0.005815465 1.078062177 -0.007490051 0.999960065 0.004875262 -1.889009356 0.005851887 -0.004831483 0.999971211 43.731132507
0.999952853 0.007752189 -0.005842708 1.088943005 -0.007724885 0.999959230 0.004681370 -1.905902505 0.005878759 -0.004636016 0.999971926 44.297382355
0.999959290 0.007051080 -0.005626095 1.091359854 -0.007020182 0.999960184 0.005492865 -1.931380391 0.005664601 -0.005453145 0.999969065 44.859931946
0.999947786 0.008891035 -0.005036720 1.097326040 -0.008859213 0.999940991 0.006305212 -1.959141135 0.005092483 -0.006260262 0.999967456 45.390209198
0.999951124 0.008586448 -0.004902037 1.109283328 -0.008555829 0.999944091 0.006233149 -1.974081755 0.004955284 -0.006190905 0.999968469 45.948192596
0.999956071 0.007861800 -0.005102732 1.117223978 -0.007831934 0.999952257 0.005846663 -1.986489058 0.005148455 -0.005806442 0.999969900 46.515430450
0.999958694 0.007288588 -0.005416229 1.132311106 -0.007250631 0.999949276 0.006994706 -2.014789581 0.005466936 -0.006955147 0.999960780 47.079105377
0.999954879 0.007661556 -0.005620781 1.155715108 -0.007618235 0.999941349 0.007688613 -2.045227766 0.005679360 -0.007645445 0.999954641 47.623039246
0.999960124 0.006401069 -0.006230036 1.175927281 -0.006351045 0.999947727 0.008016302 -2.072301865 0.006281023 -0.007976415 0.999948442 48.189701080
0.999952734 0.007860294 -0.005722941 1.191262722 -0.007814008 0.999936938 0.008065738 -2.088469982 0.005785978 -0.008020638 0.999951124 48.759078979
0.999948859 0.008136244 -0.005993681 1.202159882 -0.008079298 0.999922514 0.009464711 -2.122582436 0.006070225 -0.009415802 0.999937236 49.311843872
0.999956131 0.007373598 -0.005771625 1.204796076 -0.007324208 0.999936759 0.008532241 -2.133014917 0.005834174 -0.008489594 0.999946952 49.886077881
0.999952734 0.007529441 -0.006150186 1.228444576 -0.007467642 0.999922037 0.010010200 -2.168404102 0.006225077 -0.009963800 0.999930918 50.457302094
0.999960661 0.006233793 -0.006297975 1.240526795 -0.006173571 0.999935389 0.009536759 -2.171500206 0.006357018 -0.009497503 0.999934673 51.030883789
0.999958038 0.006690710 -0.006243572 1.253710270 -0.006631352 0.999933004 0.009479878 -2.200865984 0.006306581 -0.009438077 0.999935567 51.597370148
0.999958694 0.006978130 -0.005823530 1.266945243 -0.006920894 0.999928236 0.009791055 -2.222310781 0.005891435 -0.009750348 0.999935091 52.162956238
0.999958396 0.007784952 -0.004739552 1.267971396 -0.007735165 0.999915659 0.010433790 -2.248706341 0.004820379 -0.010396697 0.999934256 52.714958191
0.999958873 0.007889152 -0.004455002 1.278062105 -0.007843867 0.999918282 0.010092258 -2.269646168 0.004534257 -0.010056900 0.999939144 53.315364838
0.999972641 0.006314791 -0.003856338 1.319816828 -0.006273985 0.999925137 0.010503504 -2.334698915 0.003922376 -0.010479023 0.999937415 53.897106171
0.999975860 0.003973143 -0.005700133 1.347469449 -0.003909410 0.999930203 0.011148777 -2.358050823 0.005744031 -0.011126224 0.999921620 54.496761322
0.999974430 0.004684766 -0.005406299 1.346124411 -0.004619456 0.999916911 0.012030281 -2.367134571 0.005462209 -0.012004999 0.999913037 55.060310364
0.999810219 0.014032132 -0.013514712 1.677563906 -0.013318599 0.998583496 0.051513094 -3.463598490 0.014218408 -0.051323321 0.998580873 55.370868683
0.999880970 0.014405204 -0.005524140 1.444280505 -0.014255698 0.999554753 0.026210485 -2.899273634 0.005899248 -0.026128614 0.999641180 56.318241119
0.999890387 0.013659919 -0.005709209 1.460639834 -0.013491071 0.999498904 0.028634802 -2.993160725 0.006097496 -0.028554641 0.999573648 56.989891052
0.999889731 0.013701543 -0.005727730 1.446758866 -0.013554546 0.999596477 0.024960250 -2.873626947 0.006067413 -0.024879860 0.999672055 57.537193298
0.999909103 0.011898603 -0.006332711 1.470843315 -0.011746817 0.999655068 0.023488849 -2.853377581 0.006610011 -0.023412326 0.999704063 58.148880005
0.999911129 0.012253267 -0.005239351 1.442630529 -0.012128781 0.999658048 0.023165578 -2.842611313 0.005521414 -0.023099976 0.999717832 58.719005585
0.999910355 0.012220363 -0.005462896 1.451383352 -0.012098195 0.999687731 0.021863099 -2.832976818 0.005728364 -0.021795047 0.999746025 59.297370911
0.999915838 0.011473529 -0.006043085 1.484098077 -0.011329609 0.999663472 0.023334466 -2.851622105 0.006308780 -0.023264037 0.999709368 59.853248596
0.999905527 0.012419263 -0.005889603 1.487491012 -0.012287989 0.999686301 0.021824552 -2.834963322 0.006158800 -0.021750119 0.999744475 60.459720612
0.999924242 0.010660102 -0.006156587 1.510848284 -0.010525441 0.999713302 0.021505751 -2.855109930 0.006384076 -0.021439321 0.999749720 61.045021057
0.999929547 0.010100165 -0.006240372 1.518689036 -0.009958626 0.999701500 0.022310631 -2.857530832 0.006463850 -0.022246912 0.999731600 61.608238220
0.999913573 0.011133330 -0.006994138 1.542098880 -0.010964437 0.999657989 0.023739027 -2.888913631 0.007256041 -0.023660287 0.999693751 62.160221100
0.999907911 0.011500286 -0.007205477 1.570951939 -0.011314204 0.999614477 0.025354508 -2.928673506 0.007494284 -0.025270648 0.999652565 62.779533386
0.999913633 0.010556208 -0.007826709 1.581139922 -0.010351536 0.999615073 0.025745220 -2.921562195 0.008095467 -0.025661983 0.999637902 63.348892212
0.999882758 0.012708972 -0.008544541 1.607787848 -0.012471362 0.999549389 0.027308907 -2.970299244 0.008887758 -0.027199147 0.999590456 63.905975342
0.999896169 0.010300702 -0.010075931 1.640206814 -0.009973266 0.999437332 0.032024398 -3.012977123 0.010400137 -0.031920590 0.999436259 64.446418762
0.999914408 0.010029397 -0.008399766 1.610832453 -0.009816463 0.999638915 0.025018599 -2.909922600 0.008647653 -0.024934007 0.999651670 65.081153870
0.999929070 0.009996687 -0.006477165 1.595855236 -0.009837192 0.999658585 0.024205176 -2.917716742 0.006716926 -0.024139743 0.999686003 65.664436340
0.999929190 0.010394082 -0.005790607 1.582061648 -0.010271382 0.999730229 0.020830853 -2.844677925 0.006005562 -0.020769900 0.999766231 66.238723755
0.999923706 0.010491697 -0.006521970 1.603372216 -0.010350433 0.999718964 0.021328637 -2.854214191 0.006743911 -0.021259505 0.999751270 66.826988220
0.999917865 0.011155172 -0.006307224 1.612386227 -0.011019547 0.999715865 0.021143716 -2.849880934 0.006541293 -0.021072479 0.999756575 67.396881104
0.999921262 0.010851240 -0.006300759 1.613744497 -0.010717547 0.999724567 0.020878069 -2.852686882 0.006525576 -0.020808896 0.999762177 67.930351257
0.999927282 0.010473572 -0.005978406 1.614530325 -0.010351715 0.999745250 0.020062091 -2.843217611 0.006187004 -0.019998748 0.999780834 68.505897522
0.999928355 0.009286215 -0.007542028 1.646788716 -0.009133443 0.999757409 0.020043824 -2.845673323 0.007726329 -0.019973507 0.999770582 69.055702209
0.999925315 0.010633306 -0.006024816 1.637022614 -0.010508185 0.999736130 0.020431949 -2.849650383 0.006240484 -0.020367116 0.999773085 69.643676758
0.999919057 0.011236581 -0.005957645 1.644093275 -0.011120370 0.999753952 0.019193007 -2.832789421 0.006171843 -0.019125203 0.999798059 70.204170227
0.999921501 0.011697925 -0.004490710 1.629975915 -0.011610395 0.999751210 0.019046184 -2.832976818 0.004712394 -0.018992549 0.999808490 70.741096497
0.999920547 0.011309744 -0.005565297 1.657061696 -0.011207424 0.999773562 0.018085441 -2.825292110 0.005768579 -0.018021630 0.999820948 71.299957275
0.999919295 0.011278462 -0.005847380 1.663530231 -0.011175536 0.999787092 0.017345918 -2.824485540 0.006041770 -0.017279170 0.999832451 71.856658936
0.999913573 0.011890827 -0.005613086 1.669153094 -0.011791406 0.999778569 0.017425090 -2.832484245 0.005819043 -0.017357396 0.999832392 72.395462036
0.999902129 0.012714319 -0.005837870 1.679670572 -0.012616789 0.999785066 0.016449900 -2.836563587 0.006045765 -0.016374636 0.999847591 72.913505554
0.999925673 0.010167883 -0.006728753 1.695381165 -0.010050677 0.999801040 0.017229091 -2.837133646 0.006902598 -0.017160185 0.999828875 73.493331909
0.999907911 0.012697230 -0.004772494 1.684619546 -0.012620018 0.999794304 0.015874676 -2.825322628 0.004973077 -0.015812987 0.999862552 74.052368164
0.999911666 0.012290244 -0.005058752 1.693452120 -0.012203798 0.999784768 0.016778169 -2.847731590 0.005263871 -0.016714951 0.999846458 74.578689575
0.999921143 0.011289365 -0.005501173 1.700401545 -0.011203641 0.999819100 0.015372071 -2.832272053 0.005673719 -0.015309226 0.999866724 75.118431091
0.999926507 0.010384914 -0.006259189 1.718908548 -0.010280923 0.999812245 0.016423415 -2.853133440 0.006428570 -0.016357861 0.999845505 75.647361755
0.999928355 0.010478676 -0.005785062 1.736367106 -0.010387570 0.999825001 0.015560176 -2.845296621 0.005947099 -0.015498969 0.999862194 76.138183594
0.999924719 0.010422254 -0.006479574 1.729838133 -0.010318678 0.999821663 0.015818110 -2.861183405 0.006643279 -0.015750058 0.999853909 76.701690674
0.999920666 0.011649052 -0.004791444 1.727765083 -0.011583091 0.999840796 0.013571260 -2.830901623 0.004948774 -0.013514685 0.999896348 77.234138489
0.999923348 0.011718553 -0.003995012 1.714202881 -0.011658515 0.999823451 0.014733947 -2.863874197 0.004166967 -0.014686242 0.999883473 77.724212646
0.999928892 0.010846818 -0.004945630 1.736400723 -0.010777934 0.999847412 0.013748089 -2.854227543 0.005093998 -0.013693809 0.999893248 78.291267395
0.999928951 0.010987309 -0.004624287 1.735047936 -0.010919154 0.999834955 0.014514550 -2.878630161 0.004783000 -0.014463024 0.999883950 78.783721924
0.999935091 0.010332700 -0.004796889 1.728406072 -0.010265340 0.999851167 0.013860893 -2.863103390 0.004939396 -0.013810752 0.999892354 79.336585999
0.999926031 0.011530465 -0.003864881 1.735787272 -0.011482649 0.999859989 0.012173639 -2.834445715 0.004004708 -0.012128360 0.999918401 79.897483826
0.999927044 0.011561913 -0.003486918 1.726720929 -0.011512941 0.999839127 0.013751943 -2.864452362 0.003645356 -0.013710796 0.999899328 80.448028564
0.999929368 0.011668812 -0.002261934 1.743572712 -0.011636416 0.999836504 0.013841836 -2.884716749 0.002423082 -0.013814538 0.999901652 80.964836121
0.999925256 0.012212877 0.000501240 1.716596484 -0.012218738 0.999825656 0.014121142 -2.903283596 -0.000328692 -0.014126212 0.999900103 81.466148376
0.999911010 0.013336044 0.000369550 1.751739979 -0.013339900 0.999813795 0.013942666 -2.896593332 -0.000183542 -0.013946355 0.999902725 82.005493164
0.999924004 0.012203177 0.001741569 1.763313651 -0.012225656 0.999833524 0.013539660 -2.888287544 -0.001576052 -0.013559923 0.999906778 82.557998657
0.999913275 0.012085282 0.005224992 1.779113173 -0.012150776 0.999845624 0.012690259 -2.880586147 -0.005070822 -0.012752648 0.999905765 83.109962463
0.999898851 0.011273215 0.008675200 1.814661145 -0.011378788 0.999860585 0.012218009 -2.892596722 -0.008536255 -0.012315486 0.999887705 83.653762817
0.999876022 0.011221846 0.011043354 1.831845045 -0.011355140 0.999862671 0.012082472 -2.901592016 -0.010906248 -0.012206375 0.999866009 84.204200745
0.999795556 0.012117281 0.016185671 1.853184223 -0.012320474 0.999845803 0.012513704 -2.913187504 -0.016031547 -0.012710562 0.999790609 84.758041382
0.999706388 0.011353236 0.021405416 1.887997389 -0.011601399 0.999866426 0.011505118 -2.895723343 -0.021271938 -0.011750071 0.999704659 85.307128906
0.999568164 0.010344082 0.027504571 1.912633657 -0.010664786 0.999876559 0.011539022 -2.908217430 -0.027381822 -0.011827370 0.999555051 85.855239868
0.999406099 0.009910274 0.033002779 1.948950529 -0.010309907 0.999875247 0.011960945 -2.924073219 -0.032880124 -0.012294094 0.999383807 86.389396667
0.999101281 0.009721716 0.041259017 1.985757113 -0.010194141 0.999884665 0.011255316 -2.924873829 -0.041144840 -0.011665800 0.999085069 86.934616089
0.998718381 0.009766374 0.049660783 2.036653042 -0.010288409 0.999894381 0.010267241 -2.921704292 -0.049555253 -0.010765014 0.998713315 87.491592407
0.998351991 0.009704902 0.056561094 2.084397078 -0.010320698 0.999890506 0.010605348 -2.929501057 -0.056451973 -0.011171621 0.998342752 88.045921326
0.997823954 0.010137424 0.065152384 2.137861252 -0.010839059 0.999886930 0.010424686 -2.945436239 -0.065039344 -0.011108191 0.997820854 88.591873169
0.997093439 0.009310712 0.075616553 2.185181141 -0.010081328 0.999900997 0.009815798 -2.940649509 -0.075517654 -0.010549584 0.997088671 89.135635376
0.996440589 0.009387115 0.083773583 2.244697094 -0.010231639 0.999900997 0.009657394 -2.947553158 -0.083674647 -0.010480162 0.996437967 89.690956116
0.995701969 0.008694410 0.092206284 2.320522785 -0.009668202 0.999902010 0.010119575 -2.964341640 -0.092109270 -0.010967549 0.995688498 90.226943970
0.994548440 0.010183757 0.103776962 2.367225170 -0.011192890 0.999895453 0.009146320 -2.956074953 -0.103672981 -0.010258023 0.994558454 90.751457214
0.993507981 0.008831186 0.113419160 2.470530987 -0.009967211 0.999905646 0.009452983 -2.975851297 -0.113324977 -0.010522086 0.993502259 91.285720825
0.992350280 0.008384275 0.123169214 2.545239449 -0.009599698 0.999910831 0.009277752 -2.985475779 -0.123080455 -0.010389166 0.992342234 91.826049805
0.990913868 0.008565148 0.134225011 2.639357567 -0.009938889 0.999904811 0.009567889 -2.995927334 -0.134130284 -0.010815002 0.990904689 92.366065979
0.989247203 0.008001840 0.146034032 2.743173599 -0.009473673 0.999911070 0.009385998 -3.006675005 -0.145945966 -0.010668552 0.989235044 92.915245056
0.987551332 0.007702145 0.157108456 2.843491554 -0.009201661 0.999918759 0.008819342 -3.018661499 -0.157027781 -0.010155212 0.987541914 93.454246521
0.985912621 0.007987700 0.167070180 2.965896606 -0.009502712 0.999920666 0.008270639 -3.019050121 -0.166990891 -0.009741748 0.985910296 93.997520447
0.983519316 0.008585228 0.180599153 3.068703651 -0.010420538 0.999903262 0.009216014 -3.038395882 -0.180502534 -0.010946068 0.983513594 94.523376465
0.981173337 0.007823825 0.192970604 3.188648224 -0.009673285 0.999915838 0.008643816 -3.037975311 -0.192886740 -0.010347742 0.981166482 95.044685364
0.979037225 0.007980072 0.203525081 3.310088158 -0.009751602 0.999922812 0.007702864 -3.034709215 -0.203447893 -0.009526086 0.979039431 95.586601257
0.976303220 0.007657951 0.216272056 3.445543289 -0.009652127 0.999920070 0.008165926 -3.054342985 -0.216192231 -0.010059903 0.976298988 96.097084045
0.973415554 0.006977829 0.228939593 3.608907700 -0.009010412 0.999928713 0.007834142 -3.052102804 -0.228868589 -0.009688716 0.973409116 96.626716614
0.970698655 0.006974807 0.240198463 3.750009537 -0.009156492 0.999926329 0.007968004 -3.063843250 -0.240125179 -0.009933907 0.970691085 97.122528076
0.967801332 0.005452941 0.251656115 3.932170868 -0.007469903 0.999947190 0.007060147 -3.063804626 -0.251604319 -0.008712666 0.967790961 97.612075806
0.964132249 0.007011300 0.265329629 4.087127686 -0.009327720 0.999928594 0.007471295 -3.078022480 -0.265258312 -0.009678238 0.964128733 98.112495422
0.960728049 0.006528177 0.277414829 4.279251099 -0.008922254 0.999933064 0.007368460 -3.089245081 -0.277348071 -0.009554251 0.960721970 98.631958008
0.957056105 0.007363154 0.289809316 4.440454483 -0.009413610 0.999939561 0.005681818 -3.064622164 -0.289749920 -0.008165971 0.957067549 99.163711548
0.953231812 0.005866469 0.302183598 4.641901016 -0.008160402 0.999946654 0.006329253 -3.097558975 -0.302130401 -0.008499185 0.953228652 99.671951294
0.948786676 0.005319214 0.315872639 4.837131500 -0.007729396 0.999949753 0.006377887 -3.115507126 -0.315822899 -0.008492759 0.948780060 100.155349731
0.944667578 0.004137398 0.328002870 5.023797989 -0.006591785 0.999957979 0.006371356 -3.102664471 -0.327962697 -0.008180939 0.944655240 100.710914612
0.939721525 0.004957786 0.341904432 5.229476929 -0.007197718 0.999960184 0.005282949 -3.110041618 -0.341864645 -0.007425433 0.939719915 101.233367920
0.934997439 0.004426367 0.354626775 5.437551498 -0.006762976 0.999962807 0.005349746 -3.144752741 -0.354589909 -0.007400331 0.934992611 101.686172485
0.930204690 0.002910435 0.367029727 5.670715332 -0.005543186 0.999965906 0.006119291 -3.156692505 -0.366999418 -0.007726707 0.930189073 102.216545105
0.925399184 0.003483863 0.378977835 5.882537842 -0.006006702 0.999966979 0.005474857 -3.162819862 -0.378946185 -0.007342834 0.925389588 102.694252014
0.919667184 0.003954470 0.392678559 6.133937836 -0.006647594 0.999962807 0.005498778 -3.168833017 -0.392642200 -0.007667415 0.919659257 103.212913513
0.913714826 0.004082044 0.406335592 6.360031128 -0.006969125 0.999959886 0.005625677 -3.174315929 -0.406296283 -0.007972068 0.913706601 103.691795349
0.908797801 0.002176118 0.417231470 6.597396851 -0.004585383 0.999978125 0.004772207 -3.187715530 -0.417212009 -0.006250137 0.908787727 104.142158508
0.902342200 0.001665147 0.431017041 6.855354309 -0.004193061 0.999979138 0.004915035 -3.201815128 -0.430999845 -0.006242324 0.902330399 104.629447937
0.896230519 0.002149622 0.443583429 7.121185303 -0.005326000 0.999968350 0.005914941 -3.233942032 -0.443556696 -0.007663676 0.896213531 105.105613708
0.890250266 0.001004071 0.455470622 7.382011414 -0.003478499 0.999983370 0.004594546 -3.222409248 -0.455458462 -0.005674651 0.890238941 105.576835632
0.884703994 0.000832069 0.466152549 7.655792236 -0.003369650 0.999983728 0.004610266 -3.233644009 -0.466141135 -0.005649493 0.884692311 106.055862427
0.877663314 -0.000798658 0.479276925 7.940525055 -0.002467260 0.999977827 0.006184450 -3.275666952 -0.479271203 -0.006610367 0.877641976 106.511131287
