1.000000000 0.000000000 0.000000000 0.000000000 0.000000000 1.000000000 0.000000000 0.000000000 0.000000000 0.000000000 1.000000000 0.000000000
1.000000000 0.000162725 0.000124923 -0.003259495 -0.000162709 1.000000000 -0.000126538 0.002935326 -0.000124944 0.000126517 1.000000000 0.004470577
1.000000000 0.000119615 0.000038609 -0.000020146 -0.000119613 1.000000000 -0.000049977 0.001671108 -0.000038615 0.000049972 1.000000000 0.004377002
0.999999940 0.000300329 0.000117537 -0.000482254 -0.000300324 0.999999940 -0.000046575 0.001750667 -0.000117551 0.000046540 1.000000000 -0.000759940
1.000000000 0.000165327 0.000013144 0.002056967 -0.000165326 1.000000000 -0.000052430 0.001640476 -0.000013153 0.000052428 1.000000000 0.000846879
1.000000000 0.000052092 -0.000033569 0.000425474 -0.000052093 1.000000000 -0.000025102 0.000850323 0.000033568 0.000025104 1.000000000 -0.000036813
1.000000000 0.000121189 0.000180979 -0.005549866 -0.000121164 1.000000000 -0.000138547 0.002767961 -0.000180995 0.000138525 1.000000000 0.002274746
1.000000000 0.000023616 0.000000887 0.000006045 -0.000023616 1.000000000 0.000012146 0.000965137 -0.000000887 -0.000012146 1.000000000 -0.001358278
1.000000000 -0.000018772 0.000125283 -0.003765049 0.000018776 1.000000000 -0.000029511 0.001635745 -0.000125283 0.000029513 1.000000000 0.001938898
0.999999940 0.000170146 0.000207899 -0.003898260 -0.000170121 1.000000000 -0.000117928 0.001363972 -0.000207919 0.000117892 1.000000000 0.000033769
1.000000000 0.000156735 0.000054960 0.001669014 -0.000156736 1.000000000 0.000019438 0.001368160 -0.000054956 -0.000019447 1.000000000 -0.003361150
1.000000000 0.000093171 0.000158207 -0.002665689 -0.000093161 1.000000000 -0.000060849 0.001726033 -0.000158213 0.000060835 1.000000000 -0.002441361
1.000000000 -0.000030728 0.000018226 -0.000759011 0.000030728 1.000000000 -0.000007467 0.000775689 -0.000018226 0.000007467 1.000000000 -0.007260659
1.000000000 -0.000083403 0.000080589 -0.001348774 0.000083403 1.000000000 0.000000792 -0.000087599 -0.000080589 -0.000000785 1.000000000 -0.001147698
1.000000000 0.000038130 0.000043247 0.000190258 -0.000038128 1.000000000 -0.000048685 0.000584855 -0.000043248 0.000048683 1.000000000 -0.003310651
1.000000000 -0.000195738 -0.000137096 0.003750727 0.000195736 1.000000000 -0.000018127 0.000380444 0.000137100 0.000018100 1.000000000 -0.007108886
1.000000000 -0.000104595 -0.000072153 0.002285957 0.000104595 1.000000000 -0.000001442 -0.000902460 0.000072153 0.000001435 1.000000000 -0.006986204
1.000000000 0.000012343 0.000140045 -0.002200624 -0.000012364 1.000000000 0.000145758 -0.003527254 -0.000140044 -0.000145760 1.000000000 -0.006411432
1.000000000 0.000065430 0.000013099 0.001125459 -0.000065431 1.000000000 0.000045568 0.000959642 -0.000013096 -0.000045568 1.000000000 -0.006511805
1.000000000 -0.000164026 -0.000027860 0.000310057 0.000164027 1.000000000 0.000031233 -0.000907523 0.000027855 -0.000031238 1.000000000 -0.008460580
1.000000000 0.000011265 0.000062057 -0.000463544 -0.000011265 1.000000000 0.000005214 -0.000245235 -0.000062057 -0.000005215 1.000000000 -0.007063476
1.000000000 -0.000115768 0.000041478 -0.000075428 0.000115765 1.000000000 0.000064810 -0.001748399 -0.000041485 -0.000064805 1.000000000 -0.004555381
1.000000000 0.000113230 0.000111521 -0.002943661 -0.000113224 1.000000000 -0.000055077 0.000507857 -0.000111527 0.000055065 1.000000000 0.000300456
1.000000000 0.000013975 -0.000028023 0.001357867 -0.000013976 1.000000000 -0.000043844 -0.000041204 0.000028022 0.000043844 1.000000000 -0.001423551
1.000000000 -0.000033550 0.000067282 -0.002597455 0.000033545 1.000000000 0.000069892 0.000341811 -0.000067284 -0.000069890 1.000000000 -0.000860806
1.000000000 -0.000109501 -0.000118916 0.004388509 0.000109490 1.000000000 -0.000091992 0.001856379 0.000118926 0.000091979 1.000000000 -0.007105946
1.000000000 -0.000094445 0.000064723 -0.002626546 0.000094452 1.000000000 -0.000107098 0.002534645 -0.000064712 0.000107105 1.000000000 -0.000085184
0.999999940 0.000237993 0.000152760 -0.004313701 -0.000237975 0.999999940 -0.000117307 0.002010887 -0.000152788 0.000117270 1.000000000 -0.001000475
1.000000000 0.000001412 0.000083214 -0.002687871 -0.000001413 1.000000000 0.000011605 0.000930573 -0.000083214 -0.000011605 1.000000000 0.000017177
1.000000000 -0.000076215 0.000021316 -0.003597613 0.000076216 1.000000000 -0.000050221 0.003063666 -0.000021312 0.000050222 1.000000000 -0.001430180
1.000000000 0.000019486 0.000081040 -0.003590288 -0.000019483 1.000000000 -0.000035228 0.001310333 -0.000081041 0.000035227 1.000000000 -0.000285617
1.000000000 -0.000072938 0.000072474 -0.003161062 0.000072930 1.000000000 0.000122038 0.000313656 -0.000072483 -0.000122033 1.000000000 0.002187075
1.000000000 -0.000194699 0.000011055 -0.003257941 0.000194699 1.000000000 0.000031070 0.000118546 -0.000011061 -0.000031067 1.000000000 -0.004772778
1.000000000 -0.000119062 -0.000008901 -0.001633132 0.000119063 1.000000000 0.000048420 0.000266478 0.000008896 -0.000048421 1.000000000 -0.006645679
0.999999940 0.000249507 0.000177636 -0.004423775 -0.000249503 0.999999940 -0.000023695 0.000943682 -0.000177642 0.000023651 1.000000000 -0.001689115
1.000000000 0.000029135 0.000151574 -0.004005624 -0.000029137 1.000000000 0.000012392 0.001072011 -0.000151574 -0.000012396 1.000000000 -0.000081762
1.000000000 0.000060041 0.000095086 -0.005285937 -0.000060037 1.000000000 -0.000037470 0.002118749 -0.000095088 0.000037464 1.000000000 -0.000531308
1.000000000 0.000059125 0.000087223 -0.004097087 -0.000059115 1.000000000 -0.000116517 0.002806725 -0.000087229 0.000116512 1.000000000 -0.001167603
1.000000000 -0.000128123 0.000042222 -0.002995142 0.000128121 1.000000000 0.000033708 0.000999238 -0.000042226 -0.000033702 1.000000000 0.000746761
1.000000000 -0.000115066 -0.000031753 0.000248076 0.000115070 1.000000000 0.000106712 -0.000535269 0.000031741 -0.000106716 1.000000000 -0.006789624
1.000000000 -0.000233276 -0.000031879 -0.002583385 0.000233276 1.000000000 0.000022527 -0.000808911 0.000031874 -0.000022535 1.000000000 -0.001040407
1.000000000 0.000109530 0.000074702 0.002684538 -0.000109493 0.999999881 -0.000496770 -0.005416609 -0.000074757 0.000496761 0.999999881 0.050121117
1.000000000 0.000075079 0.000037146 0.003038473 -0.000075033 0.999999225 -0.001250548 -0.003366736 -0.000037240 0.001250545 0.999999225 0.148455650
1.000000000 0.000005225 -0.000065418 0.004804924 -0.000005324 0.999998868 -0.001513614 -0.010361920 0.000065410 0.001513615 0.999998868 0.261155814
1.000000000 -0.000016647 0.000065326 0.002298144 0.000016738 0.999999046 -0.001400493 -0.016134828 -0.000065303 0.001400494 0.999999046 0.391607732
1.000000000 -0.000020497 -0.000115752 0.005362025 0.000020367 0.999999344 -0.001121053 -0.020418627 0.000115775 0.001121051 0.999999344 0.533743858
1.000000000 -0.000078832 -0.000207003 0.017136883 0.000078635 0.999999523 -0.000948392 -0.028359834 0.000207077 0.000948375 0.999999523 0.691508532
0.999999881 -0.000433914 -0.000145816 0.021943489 0.000433836 0.999999762 -0.000531856 -0.032485519 0.000146047 0.000531792 0.999999821 0.850939512
0.999999881 -0.000225706 -0.000410434 0.029215384 0.000225452 0.999999762 -0.000617905 -0.038228821 0.000410573 0.000617812 0.999999702 1.035190463
1.000000000 -0.000061578 0.000082461 0.015670165 0.000061629 0.999999821 -0.000626000 -0.045416944 -0.000082422 0.000626005 0.999999821 1.213712335
0.999999762 -0.000574269 -0.000364002 0.039185766 0.000574106 0.999999762 -0.000447488 -0.049890663 0.000364259 0.000447279 0.999999821 1.421411753
0.999999344 -0.000703470 -0.000896078 0.046167001 0.000703431 0.999999762 -0.000043435 -0.061331175 0.000896108 0.000042805 0.999999583 1.606888056
0.999999702 0.000356402 0.000711102 0.033514615 -0.000356201 0.999999881 -0.000283800 -0.067437366 -0.000711203 0.000283547 0.999999702 1.766425848
0.999999642 0.000165239 0.000807054 0.045016956 -0.000165191 0.999999940 -0.000059034 -0.077532299 -0.000807063 0.000058901 0.999999702 1.966457367
0.999999523 0.000479351 0.000747865 0.040355891 -0.000479348 0.999999881 -0.000004145 -0.087984249 -0.000747866 0.000003786 0.999999642 2.179578066
0.999999404 0.000595871 0.000798253 0.049386986 -0.000596009 0.999999762 0.000172292 -0.094902061 -0.000798150 -0.000172768 0.999999642 2.392912865
0.999999106 0.001124981 0.000752310 0.053980272 -0.001125070 0.999999344 0.000118231 -0.094167978 -0.000752176 -0.000119077 0.999999642 2.641067743
0.999998569 0.000951882 0.001393119 0.049145706 -0.000952764 0.999999344 0.000632613 -0.112078801 -0.001392517 -0.000633940 0.999998748 2.857534647
0.999999344 0.000593743 0.000951247 0.059556618 -0.000594162 0.999999702 0.000441121 -0.117060035 -0.000950985 -0.000441686 0.999999464 3.085426569
0.999998629 0.000980215 0.001266471 0.057172354 -0.000980532 0.999999464 0.000249736 -0.122047253 -0.001266226 -0.000250978 0.999999166 3.345279932
0.999999106 0.000723072 0.001113881 0.070041694 -0.000723617 0.999999642 0.000489293 -0.130451173 -0.001113526 -0.000490098 0.999999285 3.590315342
0.999998450 0.001408014 0.001014402 0.074506953 -0.001408331 0.999998987 0.000311628 -0.139364451 -0.001013962 -0.000313056 0.999999464 3.818931580
0.999999166 0.000674607 0.001065803 0.079862393 -0.000675237 0.999999583 0.000591189 -0.145827621 -0.001065403 -0.000591908 0.999999285 4.085138798
0.999998689 0.000475934 0.001492540 0.069720358 -0.000477822 0.999999106 0.001264710 -0.174173996 -0.001491937 -0.001265421 0.999998093 4.330352783
0.999998629 0.001003499 0.001240966 0.080962062 -0.001004788 0.999998987 0.001038304 -0.179754987 -0.001239922 -0.001039549 0.999998689 4.591259480
0.999998152 0.000845381 0.001724892 0.086968876 -0.000847618 0.999998868 0.001296606 -0.188519806 -0.001723794 -0.001298066 0.999997735 4.855919361
0.999997377 0.001337096 0.001850187 0.102406852 -0.001338692 0.999998808 0.000861795 -0.193528160 -0.001849032 -0.000864269 0.999997973 5.135209084
0.999997914 0.001081697 0.001712634 0.088918552 -0.001084255 0.999998331 0.001493398 -0.205772445 -0.001711016 -0.001495252 0.999997437 5.393865585
0.999997735 0.000540404 0.002057766 0.082603328 -0.000544196 0.999998152 0.001842267 -0.235402659 -0.002056767 -0.001843382 0.999996185 5.611865520
0.999997556 0.000976268 0.001981670 0.092328958 -0.000979772 0.999997914 0.001767963 -0.241722643 -0.001979940 -0.001769900 0.999996483 5.885266304
0.999997854 0.000316886 0.002062254 0.098740749 -0.000320712 0.999998271 0.001855019 -0.252655506 -0.002061663 -0.001855677 0.999996126 6.158330917
0.999995112 0.001596330 0.002671240 0.096302122 -0.001602386 0.999996126 0.002266511 -0.261006266 -0.002667612 -0.002270781 0.999993861 6.441023350
0.999997318 0.000905572 0.002102574 0.103465624 -0.000909200 0.999998033 0.001724949 -0.271196932 -0.002101008 -0.001726856 0.999996305 6.721361637
0.999997973 0.000385671 0.001996493 0.118494436 -0.000389572 0.999998033 0.001953792 -0.283214062 -0.001995736 -0.001954565 0.999996126 7.013831139
0.999997020 0.000873176 0.002268862 0.124342859 -0.000877280 0.999997973 0.001808378 -0.290190995 -0.002267279 -0.001810363 0.999995828 7.311003685
0.999996483 0.000852165 0.002489801 0.129557803 -0.000856861 0.999997795 0.001885668 -0.301628768 -0.002488189 -0.001887795 0.999995172 7.615885735
0.999997199 0.000622940 0.002256338 0.133011043 -0.000627667 0.999997616 0.002095143 -0.312393665 -0.002255027 -0.002096553 0.999995232 7.958065510
0.999996781 0.000801476 0.002351331 0.140076101 -0.000805395 0.999998331 0.001666504 -0.317360699 -0.002349991 -0.001668393 0.999995768 8.277893066
0.999997258 0.000498126 0.002271386 0.154524565 -0.000500777 0.999999166 0.001166848 -0.317135662 -0.002270802 -0.001167983 0.999996722 8.600653648
0.999996960 0.000177925 0.002471114 0.149890959 -0.000182258 0.999998450 0.001753291 -0.334321678 -0.002470799 -0.001753736 0.999995410 8.925809860
0.999997497 0.000050758 0.002225077 0.162240565 -0.000054290 0.999998748 0.001587354 -0.344110429 -0.002224994 -0.001587471 0.999996245 9.272122383
0.999997258 -0.000465764 0.002318115 0.175734892 0.000461559 0.999998271 0.001814164 -0.356860280 -0.002318956 -0.001813089 0.999995649 9.619447708
0.999998152 -0.000166892 0.001951643 0.184572116 0.000162753 0.999997735 0.002121083 -0.366112232 -0.001951992 -0.002120761 0.999995887 9.950585365
0.999995828 0.000555525 0.002809292 0.183398187 -0.000561320 0.999997675 0.002062718 -0.384402454 -0.002808139 -0.002064287 0.999993920 10.279495239
0.999997079 0.000236949 0.002382803 0.196154937 -0.000243006 0.999996722 0.002541909 -0.395703912 -0.002382193 -0.002542481 0.999993980 10.637675285
0.999995351 0.000383426 0.003048320 0.193824351 -0.000391311 0.999996603 0.002586654 -0.407399744 -0.003047318 -0.002587834 0.999992013 11.024428368
0.999995649 0.000522249 0.002890667 0.204790428 -0.000530038 0.999996185 0.002694151 -0.419364750 -0.002889249 -0.002695672 0.999992192 11.390164375
0.999996662 -0.000210002 0.002547362 0.224027097 0.000204250 0.999997437 0.002258162 -0.429217249 -0.002547830 -0.002257635 0.999994218 11.767889023
0.999994457 0.000725297 0.003258754 0.225964829 -0.000733172 0.999996841 0.002416079 -0.439621896 -0.003256992 -0.002418455 0.999991775 12.155178070
0.999995649 0.000126842 0.002953268 0.240445077 -0.000134657 0.999996483 0.002646295 -0.455914438 -0.002952922 -0.002646681 0.999992132 12.542559624
0.999996185 0.000168560 0.002733662 0.260042310 -0.000175252 0.999997020 0.002448228 -0.458424687 -0.002733241 -0.002448698 0.999993324 12.943113327
0.999996305 -0.000210556 0.002678375 0.260420293 0.000203206 0.999996126 0.002744300 -0.482829273 -0.002678942 -0.002743746 0.999992669 13.317995071
0.999994695 0.000255086 0.003230970 0.268235207 -0.000263544 0.999996483 0.002617699 -0.492322028 -0.003230291 -0.002618537 0.999991357 13.731816292
0.999993443 0.000973210 0.003488871 0.278197289 -0.000983051 0.999995470 0.002820029 -0.505458415 -0.003486110 -0.002823441 0.999989986 14.153455734
0.999994040 -0.000116574 0.003426252 0.298386931 0.000104521 0.999993742 0.003517620 -0.543716133 -0.003426641 -0.003517241 0.999987960 14.579097748
0.999992549 0.000501683 0.003815647 0.305777282 -0.000515990 0.999992788 0.003749606 -0.554307580 -0.003813739 -0.003751547 0.999985754 15.001482010
0.999992132 -0.000630435 0.003913838 0.321242601 0.000615240 0.999992251 0.003882261 -0.566260278 -0.003916255 -0.003879822 0.999984801 15.413637161
0.999988914 0.000529657 0.004677632 0.326578289 -0.000548408 0.999991834 0.004008274 -0.575731397 -0.004675471 -0.004010794 0.999981046 15.870119095
0.999982417 0.001722322 0.005679804 0.319517672 -0.001743939 0.999991238 0.003803186 -0.598062754 -0.005673204 -0.003813024 0.999976695 16.358184814
0.999988496 -0.000704018 0.004749863 0.388727486 0.000680092 0.999987185 0.005036886 -0.669205725 -0.004753349 -0.005033598 0.999976039 16.723539352
0.999986410 0.000510072 0.005186250 0.402531028 -0.000537172 0.999986231 0.005225346 -0.678018689 -0.005183514 -0.005228061 0.999972880 17.193105698
0.999983728 0.000484548 0.005700037 0.414110512 -0.000514972 0.999985635 0.005337366 -0.687206149 -0.005697369 -0.005340214 0.999969482 17.648303986
0.999982476 0.000193353 0.005926127 0.423351824 -0.000226123 0.999984622 0.005529595 -0.709443152 -0.005924967 -0.005530837 0.999967158 18.101985931
0.999980927 -0.000783528 0.006140548 0.437545717 0.000751503 0.999986053 0.005215976 -0.706603289 -0.006144551 -0.005211262 0.999967515 18.595643997
0.999979556 -0.000038463 0.006398919 0.453130871 0.000002359 0.999984026 0.005642024 -0.738607109 -0.006399034 -0.005641893 0.999963582 19.038843155
0.999978662 0.000114807 0.006539595 0.471705854 -0.000152675 0.999983251 0.005790341 -0.750520527 -0.006538820 -0.005791215 0.999961853 19.516530991
0.999976337 0.000769234 0.006845919 0.480444700 -0.000810447 0.999981523 0.006019457 -0.763788342 -0.006841162 -0.006024863 0.999958396 19.996255875
0.999971330 0.001768306 0.007369808 0.482555509 -0.001813927 0.999979198 0.006188133 -0.782313108 -0.007358713 -0.006201324 0.999953628 20.499300003
0.999981463 0.000391536 0.006078440 0.528748453 -0.000430212 0.999979675 0.006362756 -0.805123091 -0.006075826 -0.006365254 0.999961257 20.951173782
0.999984026 0.000842065 0.005594259 0.539254546 -0.000879486 0.999977291 0.006690052 -0.820236921 -0.005588498 -0.006694865 0.999961913 21.459804535
0.999983847 0.000515394 0.005659383 0.546019673 -0.000554094 0.999976516 0.006838811 -0.839245796 -0.005655725 -0.006841836 0.999960542 21.941452026
0.999983191 0.000941235 0.005730540 0.557488322 -0.000981411 0.999975026 0.007012215 -0.850682974 -0.005723797 -0.007017722 0.999958932 22.460235596
0.999988914 0.000012498 0.004707507 0.573856652 -0.000042350 0.999980032 0.006341258 -0.856244802 -0.004707333 -0.006341386 0.999968767 22.940849304
0.999989510 0.000340788 0.004570169 0.579921782 -0.000370782 0.999978364 0.006563720 -0.873479187 -0.004567834 -0.006565344 0.999967992 23.488473892
0.999990225 -0.000199928 0.004406700 0.579743624 0.000173518 0.999981999 0.005992873 -0.887095571 -0.004407820 -0.005992050 0.999972343 24.009822845
0.999994934 0.000065221 0.003185975 0.610234320 -0.000086101 0.999978542 0.006554021 -0.893360496 -0.003185479 -0.006554262 0.999973476 24.516094208
0.999996305 0.000244912 0.002711762 0.619140387 -0.000261836 0.999980569 0.006242093 -0.900198281 -0.002710180 -0.006242781 0.999976873 25.054399490
0.999998152 0.000404121 0.001917340 0.632735252 -0.000416169 0.999980152 0.006287296 -0.904763460 -0.001914761 -0.006288082 0.999978483 25.599201202
0.999998927 -0.000194463 0.001461681 0.645054162 0.000184786 0.999978006 0.006617598 -0.924329400 -0.001462936 -0.006617320 0.999976993 26.123378754
0.999999166 0.000023092 0.001320945 0.657116294 -0.000032246 0.999975920 0.006930322 -0.931836128 -0.001320753 -0.006930360 0.999975085 26.670158386
0.999999106 0.000234185 0.001314802 0.666815102 -0.000244006 0.999972045 0.007474549 -0.956472039 -0.001313015 -0.007474863 0.999971271 27.232645035
0.999999464 0.000870481 0.000514410 0.694622815 -0.000874225 0.999972761 0.007323775 -0.964318037 -0.000508021 -0.007324224 0.999973059 27.738561630
0.999999881 0.000412918 -0.000117513 0.703840792 -0.000412080 0.999975145 0.007048618 -0.972660780 0.000120420 -0.007048569 0.999975145 28.288124084
0.999999881 0.000555147 0.000185442 0.712873578 -0.000556526 0.999971628 0.007520190 -0.987089694 -0.000181262 -0.007520294 0.999971747 28.835283279
0.999999881 0.000042103 -0.000719546 0.735445678 -0.000036617 0.999970973 0.007622789 -1.002897263 0.000719846 -0.007622760 0.999970675 29.399414062
0.999999225 -0.000034238 -0.001275918 0.747872174 0.000044124 0.999970019 0.007749399 -1.010534763 0.001275614 -0.007749447 0.999969184 29.940174103
0.999999106 -0.000176973 -0.001305195 0.766209841 0.000186581 0.999972820 0.007365316 -1.021526098 0.001303856 -0.007365552 0.999972045 30.470834732
0.999997675 -0.000488515 -0.002073887 0.782137990 0.000504560 0.999969840 0.007743345 -1.034472942 0.002070042 -0.007744373 0.999967933 31.030633926
0.999997020 -0.000248427 -0.002427567 0.789276063 0.000266242 0.999973059 0.007340831 -1.045189261 0.002425677 -0.007341454 0.999970078 31.571294785
0.999998152 -0.000376722 -0.001845300 0.793965518 0.000391495 0.999967754 0.008011906 -1.076277733 0.001842223 -0.008012614 0.999966204 32.132621765
0.999997973 -0.000543932 -0.001936493 0.800965071 0.000559454 0.999967635 0.008023859 -1.078087687 0.001932066 -0.008024929 0.999965966 32.683174133
0.999998271 -0.000510217 -0.001773722 0.799296558 0.000524867 0.999965668 0.008268884 -1.098210454 0.001769442 -0.008269802 0.999964297 33.208160400
0.999998391 0.000086023 -0.001757371 0.795027733 -0.000071230 0.999964595 0.008415990 -1.119165778 0.001758033 -0.008415852 0.999962986 33.712699890
0.999998093 0.000337199 -0.001917708 0.817407966 -0.000320936 0.999964178 0.008474318 -1.124640107 0.001920497 -0.008473688 0.999962270 34.316429138
0.999996960 -0.000186725 -0.002438492 0.837680995 0.000207406 0.999964118 0.008483704 -1.133112073 0.002436820 -0.008484185 0.999961078 34.844810486
0.999996603 0.000291816 -0.002579597 0.845260382 -0.000269782 0.999963522 0.008538038 -1.149679184 0.002581995 -0.008537311 0.999960303 35.383773804
0.999997675 0.000469778 -0.002116929 0.840093195 -0.000450815 0.999959826 0.008949206 -1.173781753 0.002121049 -0.008948231 0.999957740 35.932113647
0.999996364 0.001267601 -0.002423872 0.877863467 -0.001247270 0.999964178 0.008370630 -1.189679384 0.002434396 -0.008367577 0.999962032 36.502056122
0.999995768 0.001521062 -0.002509672 0.885306120 -0.001500481 0.999965310 0.008182273 -1.197820663 0.002522032 -0.008178473 0.999963343 37.059555054
0.999996185 0.000878117 -0.002616969 0.891905189 -0.000856489 0.999965549 0.008254061 -1.209020734 0.002624127 -0.008251788 0.999962568 37.584545135
0.999994040 0.000907696 -0.003336067 0.920703769 -0.000879200 0.999963164 0.008533474 -1.231590509 0.003343689 -0.008530488 0.999957979 38.168720245
0.999995649 0.000340923 -0.002925699 0.908519149 -0.000315115 0.999961019 0.008816856 -1.242796421 0.002928590 -0.008815896 0.999956846 38.658218384
0.999994695 0.000572735 -0.003200494 0.926188707 -0.000545718 0.999964237 0.008436084 -1.230096340 0.003205210 -0.008434292 0.999959290 39.226657867
0.999996126 -0.000268447 -0.002758317 0.941486657 0.000297272 0.999945223 0.010455102 -1.308941603 0.002755360 -0.010455880 0.999941528 39.771965027
0.999994695 -0.000775833 -0.003172803 0.953069925 0.000808566 0.999946296 0.010328414 -1.320822716 0.003164620 -0.010330926 0.999941587 40.313049316
0.999996483 0.000594442 -0.002556287 0.957525730 -0.000567636 0.999944985 0.010474090 -1.336731672 0.002562373 -0.010472603 0.999941885 40.846450806
0.999996006 0.000775403 -0.002762703 0.979657650 -0.000746939 0.999946773 0.010288949 -1.346754909 0.002770534 -0.010286843 0.999943256 41.408271790
0.999996245 0.000357397 -0.002739605 0.981311619 -0.000329298 0.999947429 0.010250238 -1.352872849 0.002743125 -0.010249297 0.999943674 41.957065582
0.999995470 0.000335347 -0.002992107 1.018469572 -0.000302851 0.999941051 0.010854353 -1.373036385 0.002995570 -0.010853399 0.999936581 42.504608154
0.999995470 0.001034605 -0.002806636 1.027272105 -0.001004601 0.999942601 0.010670848 -1.379749775 0.002817514 -0.010667982 0.999939144 43.052272797
0.999995232 0.001401075 -0.002778555 1.041074038 -0.001370900 0.999940455 0.010832315 -1.397479534 0.002793567 -0.010828454 0.999937475 43.569038391
0.999995828 0.000788563 -0.002782921 1.044968486 -0.000758632 0.999942005 0.010740091 -1.404688239 0.002791228 -0.010737936 0.999938428 44.152893066
0.999996006 0.000467680 -0.002786301 1.056910038 -0.000438538 0.999945283 0.010450481 -1.408089638 0.002791036 -0.010449216 0.999941528 44.709548950
0.999996364 0.000634201 -0.002616617 1.071990371 -0.000606654 0.999944508 0.010514905 -1.426602364 0.002623140 -0.010513280 0.999941289 45.264011383
0.999995530 0.000084375 -0.002977776 1.082251549 -0.000052507 0.999942720 0.010700746 -1.434086680 0.002978509 -0.010700543 0.999938309 45.800807953
0.999996722 0.000502482 -0.002503985 1.091965437 -0.000475337 0.999941170 0.010829743 -1.445125103 0.002509280 -0.010828517 0.999938190 46.362339020
0.999995649 0.000617631 -0.002875702 1.134496450 -0.000586282 0.999940515 0.010889422 -1.476158381 0.002882256 -0.010887689 0.999936581 46.919155121
0.999995291 0.001167570 -0.002839511 1.147888899 -0.001135854 0.999937236 0.011145771 -1.488360167 0.002852348 -0.011142493 0.999933898 47.464340210
0.999994814 0.000917137 -0.003074156 1.150972009 -0.000883740 0.999940813 0.010847325 -1.491294622 0.003083922 -0.010844553 0.999936461 48.016380310
0.999996364 0.000234502 -0.002695713 1.151260734 -0.000204206 0.999936879 0.011233271 -1.509752035 0.002698178 -0.011232679 0.999933302 48.577602386
0.999996245 0.000161895 -0.002728499 1.166995525 -0.000130399 0.999933422 0.011539651 -1.524250984 0.002730185 -0.011539252 0.999929667 49.089977264
0.999996543 0.001048029 -0.002428579 1.177907825 -0.001018889 0.999927819 0.011969369 -1.536772490 0.002440949 -0.011966852 0.999925435 49.638610840
0.999995947 0.000983885 -0.002679812 1.197936535 -0.000952175 0.999929845 0.011808900 -1.545409203 0.002691242 -0.011806301 0.999926627 50.174991608
0.999997258 0.001133964 -0.002101197 1.195271969 -0.001109254 0.999930620 0.011723780 -1.556140900 0.002114346 -0.011721418 0.999929011 50.731288910
0.999997497 0.001136565 -0.001932293 1.203203082 -0.001113407 0.999928057 0.011943812 -1.567149162 0.001945729 -0.011941630 0.999926805 51.275112152
0.999997795 0.001580468 -0.001374575 1.203499675 -0.001564326 0.999930680 0.011666223 -1.570905328 0.001392918 -0.011664049 0.999930978 51.832630157
0.999997556 0.000882775 -0.002014439 1.228944421 -0.000858281 0.999926090 0.012128203 -1.589441538 0.002024996 -0.012126444 0.999924362 52.359336853
0.999997199 0.000604080 -0.002270388 1.238407493 -0.000576021 0.999923646 0.012339167 -1.596004725 0.002277669 -0.012337826 0.999921262 52.902301788
0.999997377 0.001924965 -0.001289948 1.224065185 -0.001909485 0.999927402 0.011896015 -1.603070974 0.001312754 -0.011893519 0.999928415 53.458969116
0.999998033 0.001577095 -0.001284242 1.258292794 -0.001561672 0.999927700 0.011923070 -1.624048591 0.001302952 -0.011921041 0.999928057 54.008693695
0.999998152 0.001328276 -0.001385362 1.264911890 -0.001311629 0.999927819 0.011948854 -1.633956909 0.001401132 -0.011947014 0.999927700 54.563747406
0.999997139 0.002174107 -0.001015378 1.268985868 -0.002162171 0.999930203 0.011612294 -1.640603781 0.001040553 -0.011610069 0.999932051 55.099697113
0.999998987 0.001177847 -0.000802297 1.271818161 -0.001167938 0.999924541 0.012240998 -1.662799478 0.000816654 -0.012240051 0.999924719 55.638599396
0.999998808 0.001192099 -0.001001208 1.280466676 -0.001179726 0.999924064 0.012269230 -1.668773651 0.001015758 -0.012268034 0.999924242 56.199337006
0.999998808 0.001588276 -0.000243772 1.292890906 -0.001585180 0.999924242 0.012213226 -1.679957390 0.000263151 -0.012212823 0.999925375 56.734863281
0.999998450 0.001702711 -0.000255937 1.297340155 -0.001699465 0.999924242 0.012188150 -1.684570670 0.000276670 -0.012187696 0.999925613 57.298698425
0.999998331 0.001771137 -0.000402869 1.313307762 -0.001765985 0.999920964 0.012447914 -1.703231812 0.000424884 -0.012447180 0.999922395 57.853404999
0.999997675 0.002172161 0.000334987 1.315876365 -0.002175925 0.999929488 0.011674915 -1.703276873 -0.000309603 -0.011675614 0.999931812 58.413471222
0.999998629 0.001570183 0.000464474 1.318012357 -0.001575725 0.999924541 0.012180988 -1.716778874 -0.000445311 -0.012181705 0.999925613 58.926692963
0.999999344 0.001102905 0.000362681 1.327009320 -0.001107225 0.999925673 0.012136126 -1.723587632 -0.000349269 -0.012136521 0.999926209 59.471355438
0.999999166 0.001187104 0.000553837 1.345061779 -0.001193830 0.999923527 0.012307019 -1.740427494 -0.000539185 -0.012307670 0.999924123 60.010498047
0.999998808 0.001263484 0.000790773 1.342405796 -0.001273181 0.999922514 0.012384934 -1.746697783 -0.000775062 -0.012385928 0.999922991 60.586811066
0.999999106 0.001092213 0.000792587 1.356498718 -0.001101710 0.999926448 0.012081529 -1.757881761 -0.000779333 -0.012082391 0.999926686 61.141796112
0.999997139 0.002093506 0.001062160 1.377154112 -0.002106468 0.999921501 0.012353860 -1.768090010 -0.001036213 -0.012356064 0.999923170 61.673679352
0.999998510 0.001634912 0.000319781 1.409959793 -0.001638705 0.999923706 0.012246213 -1.797147870 -0.000299735 -0.012246720 0.999924898 62.216129303
0.999997139 0.001746016 0.001618425 1.383622050 -0.001765530 0.999924779 0.012135135 -1.785485983 -0.001597114 -0.012137956 0.999925077 62.733463287
0.999997139 0.001922550 0.001416920 1.393206954 -0.001940138 0.999919713 0.012518126 -1.797042847 -0.001392740 -0.012520838 0.999920666 63.267654419
0.999995232 0.002338459 0.001993551 1.391636252 -0.002363027 0.999920130 0.012411620 -1.808969498 -0.001964367 -0.012416273 0.999921083 63.824314117
0.999995649 0.002171976 0.002000494 1.407815933 -0.002197182 0.999917090 0.012685147 -1.828976512 -0.001972776 -0.012689489 0.999917567 64.365196228
0.999995589 0.002098783 0.002090823 1.405032158 -0.002125554 0.999914765 0.012884961 -1.840629458 -0.002063602 -0.012889349 0.999914825 64.901649475
0.999996245 0.002213423 0.001614822 1.433053732 -0.002233886 0.999915779 0.012782346 -1.850981236 -0.001586394 -0.012785905 0.999917030 65.450729370
0.999994457 0.002206135 0.002469616 1.450582147 -0.002237344 0.999916732 0.012706487 -1.853379250 -0.002441377 -0.012711942 0.999916196 65.977516174
0.999993682 0.002461106 0.002559060 1.475341320 -0.002494127 0.999912560 0.012981442 -1.879050970 -0.002526888 -0.012987743 0.999912441 66.491416931
0.999988973 0.003347883 0.003279673 1.460526228 -0.003387315 0.999921143 0.012092408 -1.862677574 -0.003238931 -0.012103384 0.999921441 67.083999634
0.999988616 0.003353467 0.003402977 1.479358315 -0.003396058 0.999914944 0.012587807 -1.886665821 -0.003360475 -0.012599220 0.999915004 67.590660095
0.999990165 0.002994253 0.003291037 1.493622780 -0.003035782 0.999914825 0.012686996 -1.897266626 -0.003252769 -0.012696860 0.999914110 68.138999939
0.999990880 0.002618053 0.003387322 1.516049743 -0.002657980 0.999926388 0.011836934 -1.884319425 -0.003356084 -0.011845830 0.999924183 68.665710449
0.999982536 0.004023249 0.004312097 1.507167578 -0.004078338 0.999909222 0.012844018 -1.923707485 -0.004260031 -0.012861380 0.999908149 69.175918579
0.999977112 0.004678521 0.004883719 1.519675612 -0.004739495 0.999910057 0.012549482 -1.931895256 -0.004824566 -0.012572342 0.999909282 69.706642151
0.999984622 0.003646285 0.004187100 1.545329213 -0.003696572 0.999920428 0.012065905 -1.930242896 -0.004142770 -0.012081197 0.999918461 70.266433716
0.999986112 0.003415590 0.003993050 1.558134437 -0.003463494 0.999921381 0.012052178 -1.931973219 -0.003951570 -0.012065841 0.999919355 70.766983032
0.999987483 0.003194198 0.003827975 1.588379383 -0.003237800 0.999929309 0.011438883 -1.937135696 -0.003791167 -0.011451135 0.999927223 71.286369324
0.999978185 0.004749156 0.004594667 1.586843848 -0.004805775 0.999911666 0.012391035 -1.966803789 -0.004535414 -0.012412847 0.999912679 71.835380554
0.999981403 0.004224470 0.004395772 1.597994328 -0.004276413 0.999920309 0.011874918 -1.968650460 -0.004345256 -0.011893496 0.999919891 72.425849915
0.999981344 0.004209004 0.004422307 1.632215023 -0.004262364 0.999917388 0.012126790 -1.981762409 -0.004370900 -0.012145415 0.999916613 72.780609131
0.999979019 0.004539547 0.004624487 1.642389536 -0.004594180 0.999918997 0.011872592 -1.984724164 -0.004570216 -0.011893590 0.999918818 73.342514038
0.999978304 0.004763869 0.004546710 1.655780911 -0.004815678 0.999922872 0.011452937 -1.996961117 -0.004491799 -0.011474585 0.999924004 73.904563904
0.999979496 0.004486879 0.004575962 1.680947065 -0.004539498 0.999922931 0.011554103 -2.010720253 -0.004523769 -0.011574638 0.999922752 74.429473877
0.999967635 0.005548845 0.005821187 1.682418942 -0.005619253 0.999910414 0.012149427 -2.027960777 -0.005753250 -0.012181743 0.999909222 74.889572144
0.999981642 0.003789484 0.004720672 1.711965322 -0.003845656 0.999921203 0.011947536 -2.039381742 -0.004675026 -0.011965472 0.999917448 75.436721802
0.999980509 0.004290891 0.004541136 1.771384597 -0.004346068 0.999916077 0.012211035 -2.071414709 -0.004488360 -0.012230534 0.999915004 75.931304932
0.999956429 0.006725363 0.006472948 1.732300162 -0.006806405 0.999897718 0.012580734 -2.080138683 -0.006387675 -0.012624243 0.999899924 76.406700134
0.999956191 0.007086636 0.006103588 1.754642248 -0.007165831 0.999889195 0.013052654 -2.091941118 -0.006010412 -0.013095818 0.999896169 76.945533752
0.999956727 0.006793830 0.006350310 1.756118536 -0.006874263 0.999895334 0.012731165 -2.097610950 -0.006263153 -0.012774268 0.999898791 77.501571655
0.999956131 0.006653417 0.006594609 1.775512099 -0.006734417 0.999901235 0.012337595 -2.102850437 -0.006511871 -0.012381461 0.999902129 77.973114014
0.999955893 0.006446791 0.006827050 1.785220861 -0.006531666 0.999900699 0.012483515 -2.105710745 -0.006745894 -0.012527553 0.999898732 78.529815674
0.999954283 0.006774297 0.006747552 1.809696913 -0.006859093 0.999896765 0.012623940 -2.126132727 -0.006661336 -0.012669644 0.999897540 79.002784729
0.999955475 0.006249336 0.007068531 1.824788332 -0.006335376 0.999905229 0.012216124 -2.132836819 -0.006991520 -0.012260360 0.999900341 79.552505493
0.999942541 0.006861893 0.008237282 1.859894037 -0.006965031 0.999896824 0.012558130 -2.151785851 -0.008150260 -0.012614780 0.999887228 80.085258484
0.999922574 0.007422009 0.009994401 1.878492713 -0.007545698 0.999894679 0.012395606 -2.172648191 -0.009901349 -0.012470060 0.999873221 80.608108521
0.999892592 0.008754472 0.011754950 1.866189003 -0.008897405 0.999886453 0.012162661 -2.183325529 -0.011647137 -0.012265945 0.999856949 81.223304749
0.999894381 0.007529604 0.012428497 1.914299488 -0.007687914 0.999889433 0.012739440 -2.189324379 -0.012331198 -0.012833649 0.999841630 81.639083862
0.999851882 0.007535227 0.015475336 1.937765837 -0.007730404 0.999890864 0.012591339 -2.198627472 -0.015378769 -0.012709103 0.999800980 82.191261292
0.999782085 0.008480732 0.019076969 1.957451344 -0.008718555 0.999884903 0.012418038 -2.215594530 -0.018969461 -0.012581651 0.999740958 82.741409302
0.999715030 0.008295794 0.022384524 1.974106908 -0.008580843 0.999883056 0.012668378 -2.209239960 -0.022276809 -0.012856848 0.999669194 83.262542725
0.999625206 0.007609977 0.026295312 2.018735409 -0.007940198 0.999890625 0.012476636 -2.225607872 -0.026197486 -0.012680750 0.999576390 83.798583984
0.999425650 0.008811289 0.032722309 2.033757448 -0.009223239 0.999879837 0.012459731 -2.220689774 -0.032608591 -0.012754381 0.999386787 84.338470459
0.999215424 0.008548384 0.038671754 2.087102413 -0.009017483 0.999887586 0.011972194 -2.216916084 -0.038565062 -0.012311527 0.999180317 84.865821838
0.998947859 0.007537962 0.045236412 2.079288721 -0.008108749 0.999889672 0.012447664 -2.240270853 -0.045137595 -0.012801379 0.998898685 85.327842712
0.998494565 0.008157194 0.054239586 2.127808571 -0.008837704 0.999885082 0.012318380 -2.245575905 -0.054132871 -0.012779191 0.998451889 85.882675171
0.998010337 0.007935340 0.062549241 2.183034658 -0.008753750 0.999879599 0.012821115 -2.273363113 -0.062439963 -0.013343145 0.997959495 86.381584167
0.997566998 0.007947084 0.069258913 2.244348288 -0.008795078 0.999890029 0.011947527 -2.265057087 -0.069156334 -0.012527595 0.997527182 86.965644836
0.996967614 0.007206647 0.077482924 2.316272259 -0.008102739 0.999903858 0.011256875 -2.269301176 -0.077394351 -0.011850565 0.996930182 87.555854797
0.996064782 0.008082346 0.088259123 2.403374195 -0.009225930 0.999878705 0.012556886 -2.297117710 -0.088146925 -0.013321743 0.996018350 87.947891235
0.995282054 0.008052424 0.096688978 2.480527401 -0.009251489 0.999885738 0.011959351 -2.295122147 -0.096581623 -0.012797442 0.995242715 88.512535095
0.994476616 0.007104055 0.104716957 2.540785789 -0.008413964 0.999891639 0.012072591 -2.319095612 -0.104619861 -0.012886998 0.994428813 89.042312622
0.993326128 0.006712323 0.115143120 2.629961967 -0.008100582 0.999899924 0.011593138 -2.323669910 -0.115053795 -0.012448495 0.993281245 89.585899353
0.992043674 0.007204982 0.125688225 2.715329170 -0.008795312 0.999888122 0.012102641 -2.343349457 -0.125586957 -0.013111817 0.991995990 90.126670837
0.990888894 0.006135863 0.134542078 2.814441681 -0.007837916 0.999895871 0.012124689 -2.366292000 -0.134453654 -0.013068751 0.990833700 90.621055603
0.989289463 0.006152194 0.145837635 2.913699150 -0.007974794 0.999897182 0.011916091 -2.363750458 -0.145749360 -0.012951488 0.989236772 91.172149658
0.987432361 0.005885088 0.157932699 3.032091141 -0.007856345 0.999898732 0.011860214 -2.386841774 -0.157846943 -0.012951932 0.987378657 91.747673035
0.985644519 0.005060367 0.168758720 3.149165154 -0.007129522 0.999906600 0.011657345 -2.397238255 -0.168683961 -0.012693166 0.985588491 92.289810181
0.984012842 0.004408961 0.178043097 3.266252518 -0.006571984 0.999911487 0.011560936 -2.404897928 -0.177976340 -0.012546208 0.983954787 92.835441589
0.981747448 0.003846331 0.190150455 3.398795128 -0.006074002 0.999919415 0.011133895 -2.412612915 -0.190092325 -0.012085646 0.981691837 93.370635986
0.979299188 0.003734750 0.202383757 3.539012909 -0.006184651 0.999915004 0.011474198 -2.432598352 -0.202323705 -0.012488345 0.979239106 93.903465271
0.977058411 0.003333158 0.212945879 3.698822021 -0.005893983 0.999917686 0.011392003 -2.444633961 -0.212890401 -0.012385749 0.976997554 94.499382019
0.973963678 0.004039897 0.226668313 3.836763382 -0.006811784 0.999911189 0.011447963 -2.451746464 -0.226601973 -0.012693916 0.973904669 95.055061340
0.970543623 0.002312278 0.240914747 4.011384964 -0.005138469 0.999925137 0.011103522 -2.474701405 -0.240871057 -0.012014382 0.970482707 95.654747009
0.967642903 0.002643519 0.252309740 4.168100357 -0.005664733 0.999920726 0.011248590 -2.489790201 -0.252260000 -0.012313887 0.967581153 96.183311462
0.964355111 0.002307575 0.264601201 4.353355408 -0.005460000 0.999922633 0.011179020 -2.506529093 -0.264554948 -0.012225266 0.964293182 96.700782776
0.960627437 0.002072260 0.277831942 4.547166824 -0.005461715 0.999919951 0.011426252 -2.528504848 -0.277785957 -0.012493816 0.960561752 97.233474731
0.956772327 0.002940675 0.290823162 4.731092453 -0.006473151 0.999916553 0.011185156 -2.536695719 -0.290765941 -0.012584192 0.956711531 97.760025024
0.953562558 0.000786462 0.301193953 4.937026978 -0.004261568 0.999931633 0.010880910 -2.549228191 -0.301164836 -0.011659188 0.953500807 98.275802612
0.948630750 0.002911310 0.316371948 5.113239288 -0.006927476 0.999909163 0.011570470 -2.570149899 -0.316309452 -0.013167765 0.948564649 98.799034119
0.944070399 -0.006170960 0.329686254 5.326623917 0.002209473 0.999920785 0.012389271 -2.611562729 -0.329736620 -0.010967910 0.944009244 99.480537415
0.940262139 -0.005981147 0.340398818 5.545846939 0.001930278 0.999923229 0.012237761 -2.620365620 -0.340445936 -0.010849637 0.940201461 100.001655579
0.935676873 -0.006177851 0.352804124 5.748123169 0.001779720 0.999916613 0.012789228 -2.639771700 -0.352853775 -0.011338690 0.935609818 100.485977173
0.930217624 -0.006907066 0.366943508 5.984382629 0.002313443 0.999913335 0.012956936 -2.651324511 -0.367001235 -0.011203865 0.930152893 101.022369385
0.925102353 -0.006492289 0.379662246 6.203266144 0.001557955 0.999910235 0.013302448 -2.657471657 -0.379714549 -0.011714633 0.925029516 101.541664124
0.919771671 -0.001761595 0.392449856 6.400350571 -0.003050271 0.999927640 0.011637212 -2.628847122 -0.392441869 -0.011900658 0.919699788 101.928848267
0.913852572 -0.001687643 0.406042546 6.655742645 -0.003248890 0.999929011 0.011468084 -2.636528015 -0.406033009 -0.011799324 0.913782179 102.436981201
0.907840550 -0.002312093 0.419309229 6.900337219 -0.002469498 0.999937952 0.010860384 -2.647702694 -0.419308364 -0.010894980 0.907778502 102.896720886
0.902699828 -0.004944725 0.430242270 7.127082825 0.000125844 0.999936938 0.011228122 -2.636322021 -0.430270761 -0.010081480 0.902643621 103.411552429
0.897112966 -0.005873120 0.441762030 7.391498566 0.000842197 0.999932528 0.011583556 -2.651141405 -0.441800296 -0.010019708 0.897057533 103.875709534
0.889417470 -0.007696341 0.457031220 7.642139435 0.002882483 0.999932945 0.011229190 -2.647179127 -0.457087010 -0.008670053 0.889379680 104.418815613
0.883551478 -0.008855729 0.468250483 7.923755646 0.004005988 0.999927640 0.011352026 -2.659283638 -0.468317062 -0.008154294 0.883522868 104.885528564
0.877457142 -0.007834214 0.479591012 8.205104828 0.002848540 0.999934077 0.011122442 -2.660475254 -0.479646593 -0.008393330 0.877421618 105.359848022
0.869807124 -0.007031063 0.493341714 8.491291046 0.001803670 0.999937117 0.011070980 -2.670934200 -0.493388504 -0.008739791 0.869765222 105.828056335
