1.000000000 0.000000000 0.000000000 0.000000000 0.000000000 1.000000000 0.000000000 0.000000000 0.000000000 0.000000000 1.000000000 0.000000000
1.000000000 0.000162725 0.000124923 -0.003259495 -0.000162709 1.000000000 -0.000126538 0.002935326 -0.000124944 0.000126517 1.000000000 0.004470577
1.000000000 0.000113330 0.000048825 -0.000122099 -0.000113327 1.000000000 -0.000058921 0.001739094 -0.000048832 0.000058915 1.000000000 0.004471552
0.999999940 0.000299320 0.000117163 -0.000439034 -0.000299315 0.999999940 -0.000047859 0.001720806 -0.000117178 0.000047824 1.000000000 -0.000738890
1.000000000 0.000166334 0.000038261 0.001717026 -0.000166331 1.000000000 -0.000068513 0.001930007 -0.000038272 0.000068506 1.000000000 0.001163467
1.000000000 0.000055340 -0.000032188 0.000406967 -0.000055340 1.000000000 -0.000024886 0.000846022 0.000032187 0.000024888 1.000000000 -0.000034379
1.000000000 0.000125277 0.000180771 -0.005556716 -0.000125252 1.000000000 -0.000136874 0.002732969 -0.000180788 0.000136851 1.000000000 0.002275671
1.000000000 0.000019834 -0.000002535 0.000029939 -0.000019834 1.000000000 0.000013475 0.000959998 0.000002535 -0.000013475 1.000000000 -0.001335669
1.000000000 -0.000016852 0.000127103 -0.003779151 0.000016856 1.000000000 -0.000030147 0.001635102 -0.000127103 0.000030149 1.000000000 0.001917603
0.999999940 0.000173946 0.000201760 -0.003877693 -0.000173921 1.000000000 -0.000124315 0.001240282 -0.000201782 0.000124280 1.000000000 -0.000165486
1.000000000 0.000182682 0.000077772 0.001437134 -0.000182683 1.000000000 0.000020421 0.001348107 -0.000077768 -0.000020435 1.000000000 -0.003205274
1.000000000 0.000106621 0.000188186 -0.002904003 -0.000106608 1.000000000 -0.000066495 0.001693559 -0.000188193 0.000066475 1.000000000 -0.002253711
1.000000000 -0.000007485 0.000023362 -0.000590794 0.000007485 1.000000000 0.000000714 0.000619051 -0.000023362 -0.000000713 1.000000000 -0.007325586
1.000000000 -0.000084773 0.000084885 -0.001386780 0.000084772 1.000000000 0.000004769 -0.000112727 -0.000084885 -0.000004762 1.000000000 -0.001156201
1.000000000 0.000036473 0.000041962 0.000203685 -0.000036472 1.000000000 -0.000038181 0.000350487 -0.000041963 0.000038180 1.000000000 -0.003375387
0.999999940 -0.000232021 -0.000149974 0.003872748 0.000232017 1.000000000 -0.000030643 0.000395175 0.000149982 0.000030608 1.000000000 -0.007101797
1.000000000 -0.000091791 -0.000071653 0.002097122 0.000091791 1.000000000 0.000001463 -0.000968911 0.000071652 -0.000001470 1.000000000 -0.007123019
1.000000000 0.000018830 0.000139631 -0.002208677 -0.000018851 1.000000000 0.000146762 -0.003406766 -0.000139628 -0.000146765 1.000000000 -0.006419984
1.000000000 0.000067410 0.000012922 0.001123646 -0.000067410 1.000000000 0.000046452 0.000952505 -0.000012919 -0.000046453 1.000000000 -0.006539538
1.000000000 -0.000159766 -0.000027073 0.000295201 0.000159767 1.000000000 0.000031185 -0.000898654 0.000027068 -0.000031189 1.000000000 -0.008405059
1.000000000 0.000005079 0.000059251 -0.000488314 -0.000005079 1.000000000 0.000006986 -0.000381305 -0.000059251 -0.000006987 1.000000000 -0.007121389
1.000000000 -0.000135017 0.000031693 0.000026071 0.000135015 1.000000000 0.000059026 -0.001782751 -0.000031701 -0.000059022 1.000000000 -0.004702083
1.000000000 0.000115591 0.000118511 -0.003029826 -0.000115587 1.000000000 -0.000041167 0.000364288 -0.000118516 0.000041153 1.000000000 0.000286857
1.000000000 -0.000046924 -0.000034522 0.001575299 0.000046922 1.000000000 -0.000036066 0.000032021 0.000034523 0.000036065 1.000000000 -0.001504921
1.000000000 -0.000047882 0.000060829 -0.002612848 0.000047877 1.000000000 0.000078651 0.000361944 -0.000060833 -0.000078648 1.000000000 -0.000723979
1.000000000 -0.000093852 -0.000086323 0.004032067 0.000093844 1.000000000 -0.000096861 0.001974307 0.000086333 0.000096853 1.000000000 -0.006834678
1.000000000 -0.000101122 0.000062303 -0.002616453 0.000101129 1.000000000 -0.000105454 0.002525522 -0.000062292 0.000105460 1.000000000 -0.000085618
0.999999940 0.000226973 0.000156471 -0.004341592 -0.000226954 0.999999940 -0.000121510 0.002032747 -0.000156498 0.000121474 1.000000000 -0.000970055
1.000000000 -0.000027958 0.000026358 -0.000719439 0.000027957 1.000000000 0.000032265 0.000171604 -0.000026359 -0.000032264 1.000000000 -0.002226304
1.000000000 -0.000117829 -0.000102817 0.000677471 0.000117829 1.000000000 0.000007742 0.001908505 0.000102816 -0.000007754 1.000000000 -0.005936804
1.000000000 -0.000022505 0.000072848 -0.003670584 0.000022507 1.000000000 -0.000028924 0.000717714 -0.000072847 0.000028925 1.000000000 -0.000842780
1.000000000 -0.000078506 0.000069157 -0.003102064 0.000078497 1.000000000 0.000128120 0.000305255 -0.000069167 -0.000128115 1.000000000 0.002198558
1.000000000 -0.000177636 0.000015056 -0.003300486 0.000177636 1.000000000 0.000024384 0.000073662 -0.000015060 -0.000024382 1.000000000 -0.005036484
1.000000000 -0.000129679 -0.000015126 -0.001575320 0.000129680 1.000000000 0.000050810 0.000237811 0.000015119 -0.000050812 1.000000000 -0.006598112
0.999999940 0.000233859 0.000175547 -0.004309845 -0.000233856 1.000000000 -0.000017984 0.000977675 -0.000175551 0.000017943 1.000000000 -0.001772577
1.000000000 0.000018298 0.000164817 -0.004217594 -0.000018298 1.000000000 -0.000000640 0.001028092 -0.000164817 0.000000637 1.000000000 -0.000165059
1.000000000 0.000069448 0.000085053 -0.005362942 -0.000069447 1.000000000 -0.000017248 0.001754656 -0.000085055 0.000017242 1.000000000 -0.000642970
1.000000000 0.000058021 0.000078639 -0.003996170 -0.000058013 1.000000000 -0.000110937 0.002748086 -0.000078645 0.000110932 1.000000000 -0.001186956
1.000000000 -0.000146053 0.000041542 -0.002761900 0.000146052 1.000000000 0.000040337 0.001169552 -0.000041547 -0.000040330 1.000000000 0.000675005
1.000000000 -0.000113875 -0.000015489 0.000129130 0.000113877 1.000000000 0.000106826 -0.000494010 0.000015476 -0.000106828 1.000000000 -0.006615990
0.999999940 -0.000248412 -0.000048649 -0.002411667 0.000248413 0.999999940 0.000020379 -0.000844904 0.000048644 -0.000020391 1.000000000 -0.001191868
1.000000000 0.000109451 0.000087982 0.002199811 -0.000109407 0.999999881 -0.000501726 -0.005165359 -0.000088037 0.000501717 0.999999881 0.051417198
1.000000000 -0.000008214 0.000003226 0.003425908 0.000008218 0.999999166 -0.001280249 -0.003458385 -0.000003215 0.001280249 0.999999166 0.148303583
1.000000000 0.000022045 -0.000059358 0.004643030 -0.000022134 0.999998868 -0.001512981 -0.010215690 0.000059325 0.001512982 0.999998868 0.261048406
1.000000000 -0.000006979 0.000087730 0.002187023 0.000007100 0.999999046 -0.001380431 -0.016282165 -0.000087720 0.001380432 0.999999046 0.391942650
1.000000000 -0.000021984 -0.000137495 0.005491771 0.000021831 0.999999404 -0.001114829 -0.020443881 0.000137519 0.001114826 0.999999344 0.533757865
0.999999940 -0.000097388 -0.000289711 0.017974596 0.000097095 0.999999464 -0.001011236 -0.027854465 0.000289810 0.001011208 0.999999464 0.690314233
0.999999881 -0.000494716 -0.000183699 0.022253096 0.000494613 0.999999702 -0.000563965 -0.032644264 0.000183978 0.000563874 0.999999821 0.850036561
0.999999881 -0.000186649 -0.000420220 0.029295281 0.000186409 0.999999821 -0.000571155 -0.038724899 0.000420326 0.000571076 0.999999762 1.034873843
1.000000000 -0.000048430 0.000017135 0.016677029 0.000048440 0.999999821 -0.000591486 -0.044581067 -0.000017107 0.000591486 0.999999821 1.209813476
0.999999821 -0.000522957 -0.000372065 0.039008595 0.000522792 0.999999762 -0.000441395 -0.049923509 0.000372296 0.000441200 0.999999821 1.419997811
0.999999464 -0.000602546 -0.000859729 0.045298982 0.000602503 0.999999821 -0.000050261 -0.061065082 0.000859759 0.000049743 0.999999642 1.606351495
0.999993443 -0.001041547 0.003463307 -0.022598870 0.001043981 0.999999166 -0.000701035 -0.075054415 -0.003462574 0.000704646 0.999993742 1.727400184
0.999993026 -0.001185838 0.003515203 -0.010687394 0.001187272 0.999999106 -0.000405751 -0.085495055 -0.003514719 0.000409921 0.999993742 1.928334236
0.999991775 -0.000814770 0.003968249 -0.022054862 0.000818269 0.999999285 -0.000880314 -0.092448056 -0.003967529 0.000883554 0.999991655 2.148425341
0.999991596 -0.000695386 0.004043069 -0.012589790 0.000698329 0.999999523 -0.000726545 -0.099724591 -0.004042561 0.000729362 0.999991536 2.362569332
0.999992251 -0.000258402 0.003940833 -0.005772287 0.000260903 0.999999821 -0.000634144 -0.101707593 -0.003940668 0.000635167 0.999992013 2.599247217
0.999989450 -0.000280041 0.004588376 -0.010638664 0.000281610 0.999999881 -0.000341334 -0.115461931 -0.004588279 0.000342623 0.999989450 2.833385944
0.999990880 -0.000502044 0.004232218 -0.004465782 0.000502825 0.999999881 -0.000183580 -0.124846473 -0.004232125 0.000185707 0.999991000 3.042891026
0.999990642 -0.000196484 0.004338380 0.000871218 0.000197667 1.000000000 -0.000272274 -0.132247820 -0.004338326 0.000273129 0.999990523 3.294295311
0.999990702 -0.000539865 0.004281772 0.004948703 0.000540019 0.999999881 -0.000034719 -0.141453728 -0.004281753 0.000037031 0.999990821 3.541848898
0.999990463 0.000321367 0.004362225 0.011631817 -0.000319914 0.999999940 -0.000333743 -0.144914463 -0.004362332 0.000332344 0.999990404 3.778772593
0.999990821 -0.000626418 0.004232453 0.028152125 0.000627220 0.999999821 -0.000188177 -0.152278572 -0.004232334 0.000190830 0.999990940 4.057319164
0.999987125 -0.001056433 0.004954894 -0.000609636 0.001053024 0.999999166 0.000690585 -0.184657022 -0.004955619 -0.000685359 0.999987483 4.276826859
0.999988437 -0.000498705 0.004786501 0.011746665 0.000496099 0.999999762 0.000545787 -0.189053774 -0.004786771 -0.000543406 0.999988437 4.539603710
0.999986112 -0.001211995 0.005125447 0.016432662 0.001208699 0.999999106 0.000645929 -0.197186857 -0.005126225 -0.000639725 0.999986589 4.812633991
0.999986827 -0.000319482 0.005120897 0.036397710 0.000317588 0.999999940 0.000370618 -0.203958929 -0.005121015 -0.000368987 0.999986827 5.085165024
0.999987304 -0.000726564 0.004982923 0.024847969 0.000721261 0.999999166 0.001065873 -0.215899512 -0.004983693 -0.001062265 0.999986947 5.345580578
0.999985218 -0.001033810 0.005330686 0.011179695 0.001027508 0.999998868 0.001184929 -0.248632655 -0.005331904 -0.001179434 0.999985099 5.573677540
0.999985754 -0.000421237 0.005328162 0.019658042 0.000414942 0.999999225 0.001182460 -0.255518556 -0.005328656 -0.001180232 0.999985099 5.850200176
0.999983072 -0.000720956 0.005769250 0.019040059 0.000714666 0.999999106 0.001092229 -0.262733608 -0.005770033 -0.001088087 0.999982834 6.138713837
0.999981761 0.000113422 0.006048209 0.026436981 -0.000122713 0.999998808 0.001535826 -0.277364403 -0.006048028 -0.001536540 0.999980569 6.401861668
0.999985218 -0.000411658 0.005421828 0.036048200 0.000404484 0.999998987 0.001324176 -0.280705214 -0.005422368 -0.001321963 0.999984443 6.696425915
0.999985099 -0.000849544 0.005401502 0.051537625 0.000840891 0.999998391 0.001603960 -0.293572903 -0.005402856 -0.001599394 0.999984145 6.987801552
0.999984920 -0.000502832 0.005462573 0.060698062 0.000493825 0.999998450 0.001650235 -0.301312178 -0.005463396 -0.001647513 0.999983728 7.283396244
0.999985099 -0.000555517 0.005435138 0.065857284 0.000548632 0.999999046 0.001268271 -0.310992986 -0.005435838 -0.001265271 0.999984443 7.604584694
0.999985576 -0.000580746 0.005346217 0.082709923 0.000571985 0.999998510 0.001640160 -0.328317940 -0.005347162 -0.001637079 0.999984384 7.926942348
0.999984741 -0.000511637 0.005493466 0.080189526 0.000504755 0.999999046 0.001253972 -0.330554247 -0.005494102 -0.001251180 0.999984145 8.244916916
0.999984860 -0.000824187 0.005431331 0.081949398 0.000819512 0.999999225 0.000862963 -0.333604544 -0.005432038 -0.000858499 0.999984860 8.564382553
0.999984980 -0.001220978 0.005356921 0.090101525 0.001213872 0.999998331 0.001329611 -0.344265282 -0.005358535 -0.001323088 0.999984741 8.896937370
0.999982536 -0.001074646 0.005824462 0.100512408 0.001065084 0.999998093 0.001644537 -0.358938217 -0.005826218 -0.001638304 0.999981701 9.231449127
0.999983013 -0.001463123 0.005638756 0.108016104 0.001455093 0.999997914 0.001427931 -0.364002198 -0.005640834 -0.001419702 0.999983013 9.588335991
0.999985039 -0.001361635 0.005313106 0.124873415 0.001352284 0.999997497 0.001763184 -0.372976810 -0.005315494 -0.001755973 0.999984324 9.911219597
0.999980211 -0.001092648 0.006191782 0.110168070 0.001083151 0.999998212 0.001537006 -0.390573978 -0.006193451 -0.001530269 0.999979675 10.225080490
0.999980867 -0.000673338 0.006140560 0.120611548 0.000664272 0.999998689 0.001478311 -0.398414791 -0.006141547 -0.001474203 0.999980092 10.590573311
0.999979258 -0.000906781 0.006360310 0.126775205 0.000895724 0.999998033 0.001741096 -0.409358561 -0.006361877 -0.001735363 0.999978244 10.971576691
0.999978542 -0.001027636 0.006460642 0.133591384 0.001016100 0.999997914 0.001788558 -0.420986950 -0.006462467 -0.001781955 0.999977529 11.333415985
0.999981225 -0.001807925 0.005842823 0.165588289 0.001796933 0.999996603 0.001885999 -0.429342479 -0.005846213 -0.001875464 0.999981165 11.718928337
0.999978304 -0.001031251 0.006508076 0.153696448 0.001018471 0.999997497 0.001966676 -0.452023625 -0.006510089 -0.001960005 0.999976814 12.075234413
0.999977708 -0.001002629 0.006610298 0.167458504 0.000989118 0.999997318 0.002046942 -0.464226991 -0.006612333 -0.002040358 0.999975979 12.461131096
0.999977410 -0.001484145 0.006557746 0.184799552 0.001471157 0.999996901 0.001984993 -0.470167369 -0.006560672 -0.001975300 0.999976516 12.854312897
0.999979317 -0.001341305 0.006287379 0.207323939 0.001326981 0.999996543 0.002281789 -0.481951922 -0.006290417 -0.002273398 0.999977648 13.244851112
0.999974489 -0.000686390 0.007111334 0.196627915 0.000668563 0.999996603 0.002508790 -0.506206095 -0.007113032 -0.002503972 0.999971509 13.618941307
0.999972999 -0.000472238 0.007329905 0.207003444 0.000452535 0.999996126 0.002689502 -0.516702294 -0.007331147 -0.002686112 0.999969542 14.039702415
0.999972463 -0.001125758 0.007346202 0.225762516 0.001103794 0.999994874 0.002993308 -0.537538648 -0.007349535 -0.002985117 0.999968529 14.457147598
0.999970853 -0.000840842 0.007588018 0.228322044 0.000813974 0.999993265 0.003543270 -0.547090530 -0.007590947 -0.003536991 0.999964952 14.864095688
0.999968469 -0.001261427 0.007842171 0.239487141 0.001235943 0.999994040 0.003253515 -0.565084279 -0.007846229 -0.003243719 0.999963880 15.278682709
0.999965608 -0.001063826 0.008220607 0.254636586 0.001039731 0.999995172 0.002934678 -0.573613763 -0.008223689 -0.002926029 0.999961913 15.716688156
0.999963582 -0.000638382 0.008508059 0.264369726 0.000612989 0.999995351 0.002986944 -0.582906663 -0.008509926 -0.002981619 0.999959350 16.163097382
0.999959767 -0.000859811 0.008927782 0.274776220 0.000835497 0.999995887 0.002726769 -0.588877201 -0.008930093 -0.002719201 0.999956369 16.607606888
0.999955475 -0.000402993 0.009425417 0.286109805 0.000372873 0.999994814 0.003197091 -0.620889962 -0.009426656 -0.003193435 0.999950409 17.031875610
0.999954581 -0.000529986 0.009515650 0.300583005 0.000498286 0.999994338 0.003333348 -0.635283113 -0.009517362 -0.003328455 0.999949098 17.484630585
0.999954224 -0.000652311 0.009539569 0.317425609 0.000615274 0.999992251 0.003884781 -0.658628047 -0.009542028 -0.003878734 0.999946952 17.953466415
0.999947965 -0.001424749 0.010095073 0.331949413 0.001389713 0.999992967 0.003476689 -0.658709228 -0.010099955 -0.003462479 0.999943018 18.431278229
0.999946296 -0.000921619 0.010334944 0.337622464 0.000884546 0.999993145 0.003591139 -0.670811594 -0.010338184 -0.003581804 0.999940157 18.846233368
0.999946058 -0.000561906 0.010374310 0.358617306 0.000525052 0.999993503 0.003554757 -0.682718635 -0.010376241 -0.003549118 0.999939859 19.325635910
0.999948084 -0.000273329 0.010184566 0.378555596 0.000233995 0.999992549 0.003863155 -0.700448394 -0.010185545 -0.003860573 0.999940693 19.789571762
0.999942064 0.000111015 0.010768666 0.375513881 -0.000154147 0.999991894 0.004004608 -0.719284952 -0.010768134 -0.004006035 0.999934018 20.301334381
0.999948740 -0.000591360 0.010107712 0.415951401 0.000546023 0.999989808 0.004487589 -0.739455283 -0.010110264 -0.004481840 0.999938786 20.750709534
0.999954700 -0.000997867 0.009463769 0.432281137 0.000954590 0.999989033 0.004576373 -0.750505388 -0.009468233 -0.004567131 0.999944746 21.274669647
0.999953806 -0.000877146 0.009575131 0.435383499 0.000829387 0.999987245 0.004990571 -0.773837447 -0.009579387 -0.004982399 0.999941647 21.748958588
0.999960005 -0.001046248 0.008892789 0.453709573 0.001002403 0.999987364 0.004933465 -0.783767402 -0.008897840 -0.004924353 0.999948263 22.255640030
0.999961674 -0.000977064 0.008696350 0.454011440 0.000934433 0.999987483 0.004904916 -0.796639919 -0.008701034 -0.004896601 0.999950171 22.745943069
0.999963224 -0.001438860 0.008455457 0.464278162 0.001391704 0.999983430 0.005580211 -0.825043201 -0.008463346 -0.005568238 0.999948740 23.288040161
0.999965489 -0.001777367 0.008121443 0.463167280 0.001737574 0.999986470 0.004904062 -0.834124923 -0.008130051 -0.004889782 0.999954998 23.820749283
0.999973953 -0.000384979 0.007206272 0.485487759 0.000350835 0.999988675 0.004738752 -0.833216369 -0.007208015 -0.004736099 0.999962807 24.333665848
0.999979436 -0.000282202 0.006412070 0.498600692 0.000249296 0.999986827 0.005132176 -0.845714092 -0.006413434 -0.005130472 0.999966323 24.869686127
0.999979913 0.000298440 0.006328501 0.501234531 -0.000326909 0.999989748 0.004497908 -0.848740458 -0.006327094 -0.004499887 0.999969840 25.408199310
0.999982417 -0.000858199 0.005866431 0.518999457 0.000830906 0.999988735 0.004653261 -0.862684488 -0.005870359 -0.004648305 0.999971926 25.954204559
0.999985218 -0.000824199 0.005379562 0.539390385 0.000793395 0.999983251 0.005725702 -0.876990974 -0.005384190 -0.005721349 0.999969125 26.518587112
0.999986172 -0.001414958 0.005054304 0.543767035 0.001383599 0.999979734 0.006202577 -0.912613630 -0.005062978 -0.006195498 0.999967992 27.040122986
0.999988317 -0.000587158 0.004808057 0.555607319 0.000556488 0.999979436 0.006377650 -0.933353186 -0.004811704 -0.006374898 0.999968112 27.591112137
0.999989271 -0.001181517 0.004495666 0.564967811 0.001153066 0.999979317 0.006325769 -0.937510490 -0.004503048 -0.006320518 0.999969900 28.132417679
0.999990642 -0.000666075 0.004276013 0.591381907 0.000633707 0.999971271 0.007566569 -0.964432240 -0.004280930 -0.007563788 0.999962270 28.678087234
0.999991953 -0.000477874 0.003982551 0.589724362 0.000453811 0.999981642 0.006040867 -0.966052353 -0.003985365 -0.006039012 0.999973774 29.247859955
0.999992907 -0.000546477 0.003727492 0.603979707 0.000523849 0.999981403 0.006068872 -0.973583937 -0.003730739 -0.006066877 0.999974608 29.792531967
0.999994278 -0.000106816 0.003377537 0.615766704 0.000087585 0.999983728 0.005693250 -0.988147140 -0.003378091 -0.005692921 0.999978065 30.327283859
0.999995649 0.000315054 0.002924981 0.630168736 -0.000334233 0.999978423 0.006558836 -1.007883787 -0.002922852 -0.006559785 0.999974191 30.880619049
0.999995649 -0.000367580 0.002918861 0.633381128 0.000348475 0.999978542 0.006543167 -1.027833700 -0.002921203 -0.006542123 0.999974310 31.402219772
0.999996185 -0.000222346 0.002760666 0.656842589 0.000204080 0.999978125 0.006615113 -1.048485398 -0.002762077 -0.006614524 0.999974310 31.928720474
0.999996185 0.000385000 0.002728035 0.650832713 -0.000401656 0.999981225 0.006107442 -1.049560905 -0.002725633 -0.006108514 0.999977589 32.456104279
0.999995291 0.000675244 0.002998331 0.644166410 -0.000693660 0.999980867 0.006145266 -1.064384580 -0.002994124 -0.006147317 0.999976635 32.974483490
0.999996006 0.000480405 0.002790759 0.657015502 -0.000497819 0.999980390 0.006242588 -1.078846455 -0.002787706 -0.006243953 0.999976575 33.529579163
0.999995410 0.000383393 0.002991450 0.661355734 -0.000404650 0.999974608 0.007108741 -1.107342839 -0.002988649 -0.007109920 0.999970257 34.049175262
0.999996781 0.000018055 0.002529677 0.687826693 -0.000034567 0.999978721 0.006527289 -1.107833147 -0.002529505 -0.006527355 0.999975502 34.636463165
0.999997497 -0.000514046 0.002150403 0.703712940 0.000500292 0.999979436 0.006391509 -1.115545630 -0.002153644 -0.006390418 0.999977291 35.175930023
0.999997795 -0.000344469 0.002064107 0.714479446 0.000330407 0.999976754 0.006809478 -1.136867285 -0.002066405 -0.006808781 0.999974728 35.717323303
0.999997377 0.000633831 0.002198247 0.728679359 -0.000648206 0.999978364 0.006544812 -1.147385478 -0.002194051 -0.006546220 0.999976158 36.283367157
0.999997020 0.000952871 0.002241047 0.731231451 -0.000966952 0.999979794 0.006290251 -1.162260056 -0.002235007 -0.006292399 0.999977708 36.833789825
0.999997497 0.000319129 0.002190942 0.745591521 -0.000332708 0.999980688 0.006200239 -1.166281581 -0.002188920 -0.006200952 0.999978423 37.372291565
0.999998093 0.000644020 0.001855927 0.761071265 -0.000654984 0.999982238 0.005913108 -1.166490316 -0.001852087 -0.005914313 0.999980748 37.934040070
0.999998212 -0.000803885 0.001707695 0.762119651 0.000791007 0.999971330 0.007528107 -1.221399903 -0.001713698 -0.007526742 0.999970138 38.455093384
0.999998629 -0.000500878 0.001583323 0.786176801 0.000487913 0.999966443 0.008178530 -1.243059635 -0.001587367 -0.008177747 0.999965250 38.978244781
0.999998689 -0.000566577 0.001537279 0.803159058 0.000553753 0.999965131 0.008329717 -1.260668993 -0.001541944 -0.008328855 0.999964178 39.553546906
0.999998450 0.000029794 0.001761954 0.814647675 -0.000043798 0.999968350 0.007948183 -1.262349010 -0.001761661 -0.007948248 0.999966860 40.098217010
0.999998689 -0.001110837 0.001239471 0.821162045 0.001100696 0.999966085 0.008153038 -1.285492659 -0.001248486 -0.008151663 0.999965966 40.689147949
0.999999046 -0.000905233 0.001040592 0.844276249 0.000897302 0.999970734 0.007596199 -1.281775475 -0.001047438 -0.007595260 0.999970615 41.191581726
0.999998629 -0.000994120 0.001331913 0.854840577 0.000983167 0.999965906 0.008199244 -1.297366381 -0.001340018 -0.008197922 0.999965549 41.742568970
0.999999046 -0.000766379 0.001121414 0.871074677 0.000757234 0.999966681 0.008132604 -1.311962843 -0.001127609 -0.008131748 0.999966264 42.283435822
0.999998987 -0.000727851 0.001266503 0.882842898 0.000717057 0.999963641 0.008502077 -1.315813541 -0.001272644 -0.008501160 0.999963105 42.850505829
0.999999046 -0.001210645 0.000812506 0.883772254 0.001203949 0.999965727 0.008192375 -1.334132671 -0.000822397 -0.008191387 0.999966025 43.365131378
0.999998331 -0.001623798 0.000875593 0.890504122 0.001616526 0.999964774 0.008243827 -1.345890641 -0.000888949 -0.008242397 0.999965549 43.908435822
0.999998510 -0.001591129 0.000706526 0.910799503 0.001585250 0.999964714 0.008245885 -1.353675127 -0.000719622 -0.008244753 0.999965668 44.473506927
0.999997556 -0.002166158 0.000510903 0.930164754 0.002161973 0.999965250 0.008053995 -1.370806694 -0.000528331 -0.008052871 0.999967396 45.026885986
0.999998033 -0.001766238 0.000992733 0.936665356 0.001757634 0.999961436 0.008602631 -1.379463553 -0.001007889 -0.008600869 0.999962509 45.556190491
0.999998629 -0.001464822 0.000714061 0.951690197 0.001459000 0.999966264 0.008086086 -1.394148469 -0.000725881 -0.008085035 0.999966979 46.105792999
0.999997914 -0.001921875 0.000644772 0.972710907 0.001916302 0.999961793 0.008535389 -1.415496469 -0.000661151 -0.008534136 0.999963343 46.639709473
0.999998569 -0.001614182 0.000446650 0.987574995 0.001610543 0.999966443 0.008032301 -1.414414644 -0.000459600 -0.008031572 0.999967635 47.209960938
0.999999046 -0.001192539 0.000725947 0.991742074 0.001186581 0.999966025 0.008153056 -1.424394608 -0.000735645 -0.008152189 0.999966443 47.715873718
0.999998808 -0.001524062 0.000253720 1.012377977 0.001521898 0.999964178 0.008321272 -1.439287901 -0.000266393 -0.008320878 0.999965310 48.262298584
0.999998569 -0.001630568 0.000401774 1.022079110 0.001627277 0.999966204 0.008058482 -1.448593140 -0.000414900 -0.008057816 0.999967456 48.807273865
0.999999464 -0.001016210 0.000242292 1.044267535 0.001014185 0.999965787 0.008218572 -1.453849196 -0.000250636 -0.008218323 0.999966145 49.362445831
0.999997795 -0.002064778 0.000211581 1.047023058 0.002062865 0.999960303 0.008670053 -1.477544427 -0.000229474 -0.008669600 0.999962330 49.860591888
0.999999166 -0.001175770 0.000528738 1.049383521 0.001171086 0.999960899 0.008773995 -1.490882754 -0.000539034 -0.008773369 0.999961317 50.405830383
0.999998569 -0.001599600 0.000571195 1.059223890 0.001594398 0.999958217 0.008993777 -1.504141688 -0.000585557 -0.008992853 0.999959409 50.931411743
0.999997616 -0.002148618 0.000211595 1.067944169 0.002146737 0.999961317 0.008519727 -1.511004448 -0.000229892 -0.008519253 0.999963760 51.484607697
0.999998093 -0.001956413 0.000081886 1.087382436 0.001955654 0.999962628 0.008418173 -1.513868332 -0.000098352 -0.008417997 0.999964595 52.011779785
0.999997616 -0.002153121 0.000362135 1.096970320 0.002149607 0.999953151 0.009437531 -1.534348011 -0.000382438 -0.009436729 0.999955356 52.547660828
0.999997616 -0.001983044 0.000827166 1.104957700 0.001975285 0.999954998 0.009277042 -1.540580034 -0.000845526 -0.009275386 0.999956667 53.105194092
0.999998093 -0.001846000 0.000626173 1.123067260 0.001840441 0.999959946 0.008764675 -1.552416682 -0.000642327 -0.008763505 0.999961436 53.661048889
0.999998569 -0.001595465 0.000508719 1.118215203 0.001590782 0.999957561 0.009076305 -1.565574169 -0.000523179 -0.009075481 0.999958634 54.175659180
0.999998271 -0.001660176 0.000760816 1.125277996 0.001653403 0.999959767 0.008817711 -1.575365782 -0.000775425 -0.008816438 0.999960840 54.728298187
0.999998271 -0.001444248 0.001061976 1.129794598 0.001435201 0.999963105 0.008470947 -1.579256058 -0.001074171 -0.008469408 0.999963522 55.284690857
0.999997556 -0.002035877 0.000795963 1.155455947 0.002028681 0.999957979 0.008939254 -1.587404370 -0.000814128 -0.008937617 0.999959707 55.807144165
0.999997914 -0.001782108 0.001004374 1.157818317 0.001772146 0.999950111 0.009833347 -1.639955163 -0.001021848 -0.009831547 0.999951124 56.284095764
0.999997973 -0.001849646 0.000837196 1.180859447 0.001841388 0.999950707 0.009758518 -1.645632505 -0.000855204 -0.009756953 0.999952018 56.814815521
0.999998987 -0.001304645 0.000531446 1.188709974 0.001299570 0.999954581 0.009440565 -1.654624939 -0.000543739 -0.009439865 0.999955297 57.402206421
0.999998808 -0.000570925 0.001470746 1.197187066 0.000557236 0.999956727 0.009291643 -1.665314198 -0.001475987 -0.009290813 0.999955773 57.967182159
0.999997139 -0.002100367 0.001267021 1.201114655 0.002087515 0.999947131 0.010061301 -1.679290295 -0.001288086 -0.010058627 0.999948561 58.448474884
0.999996126 -0.002403072 0.001399349 1.214720488 0.002388245 0.999941945 0.010502274 -1.697004557 -0.001424505 -0.010498892 0.999943852 58.986495972
0.999995887 -0.002337846 0.001687661 1.226508617 0.002320595 0.999945819 0.010152210 -1.711503267 -0.001711304 -0.010148250 0.999947011 59.528465271
0.999997020 -0.002055955 0.001318388 1.244272113 0.002042216 0.999944448 0.010339217 -1.711997628 -0.001339571 -0.010336494 0.999945700 60.056106567
0.999997139 -0.002023767 0.001263665 1.261512280 0.002011222 0.999949455 0.009851352 -1.722866535 -0.001283538 -0.009848781 0.999950707 60.607490540
0.999997854 -0.001583407 0.001375393 1.306581855 0.001568265 0.999938905 0.010941084 -1.757302761 -0.001392633 -0.010938904 0.999939203 61.098373413
0.999997020 -0.002257468 0.000897359 1.320036411 0.002248230 0.999945760 0.010165517 -1.770811319 -0.000920259 -0.010163470 0.999947906 61.675052643
0.999997675 -0.001755793 0.001237299 1.332714796 0.001742583 0.999942422 0.010598090 -1.768992305 -0.001255836 -0.010595911 0.999943018 62.205661774
0.999998331 -0.000992568 0.001540332 1.335118890 0.000975623 0.999939382 0.010963102 -1.779533148 -0.001551121 -0.010961581 0.999938667 62.740589142
0.999998033 -0.001577605 0.001162659 1.347730041 0.001565311 0.999943554 0.010500249 -1.790428758 -0.001179158 -0.010498410 0.999944210 63.267551422
0.999998212 -0.001339231 0.001323888 1.358662844 0.001324638 0.999938965 0.010963380 -1.807675600 -0.001338491 -0.010961607 0.999938965 63.823699951
0.999998391 -0.001391586 0.001138032 1.357440352 0.001378717 0.999935985 0.011232152 -1.821673036 -0.001153590 -0.011230564 0.999936283 64.356246948
0.999997854 -0.001965087 0.000556063 1.389476895 0.001958741 0.999935508 0.011192127 -1.833610892 -0.000578021 -0.011191015 0.999937177 64.913856506
0.999998331 -0.000783908 0.001703971 1.414685488 0.000765117 0.999939203 0.011001038 -1.820988059 -0.001712492 -0.010999716 0.999937952 65.443595886
0.999998093 -0.001134307 0.001557197 1.442863703 0.001117078 0.999938726 0.011020705 -1.848015070 -0.001569603 -0.011018947 0.999938011 65.958702087
0.999998093 -0.000423025 0.001879981 1.444057107 0.000402142 0.999938428 0.011094708 -1.843794107 -0.001884559 -0.011093932 0.999936640 66.524971008
0.999997795 -0.000443156 0.002062509 1.453515291 0.000420675 0.999940634 0.010887241 -1.854216099 -0.002067212 -0.010886349 0.999938607 67.036849976
0.999996781 -0.000824371 0.002399991 1.464661002 0.000799149 0.999944627 0.010491082 -1.858301520 -0.002408508 -0.010489129 0.999942124 67.599128723
0.999996960 -0.001252511 0.002162702 1.492835045 0.001230141 0.999946058 0.010314042 -1.855329514 -0.002175504 -0.010311349 0.999944448 68.112022400
0.999997497 0.000250474 0.002220446 1.513392568 -0.000276451 0.999931455 0.011706240 -1.897116661 -0.002217361 -0.011706825 0.999929011 68.631896973
0.999997497 0.000074980 0.002245881 1.520301700 -0.000099504 0.999940336 0.010921695 -1.894456387 -0.002244927 -0.010921892 0.999937773 69.202415466
0.999997854 0.000003420 0.002075862 1.542973399 -0.000026476 0.999938369 0.011107072 -1.906331539 -0.002075696 -0.011107106 0.999936163 69.736915588
0.999997675 -0.000520115 0.002064631 1.553490281 0.000495831 0.999930918 0.011744685 -1.929029465 -0.002070597 -0.011743634 0.999928892 70.269088745
0.999996781 -0.000423304 0.002489982 1.580177903 0.000395203 0.999936402 0.011275193 -1.932932854 -0.002494596 -0.011274173 0.999933302 70.800033569
0.999995530 0.000922690 0.002861368 1.582999468 -0.000955512 0.999933481 0.011490745 -1.956539631 -0.002850576 -0.011493427 0.999929845 71.357475281
0.999997437 -0.000224856 0.002265804 1.595218062 0.000198576 0.999932766 0.011592120 -1.961782336 -0.002268260 -0.011591640 0.999930203 71.888816833
0.999997437 0.000103356 0.002258040 1.605654836 -0.000129679 0.999931991 0.011660320 -1.971249580 -0.002256681 -0.011660582 0.999929428 72.452713013
0.999994159 0.001351724 0.003151927 1.608238578 -0.001388461 0.999930739 0.011682441 -1.978709936 -0.003135917 -0.011686746 0.999926805 72.986236572
0.999996841 -0.000043978 0.002515550 1.626116753 0.000015231 0.999934733 0.011426887 -1.989229679 -0.002515888 -0.011426810 0.999931574 73.503181458
0.999996483 -0.000172642 0.002647187 1.638535738 0.000140730 0.999927402 0.012050363 -2.006601810 -0.002649075 -0.012049949 0.999923944 74.055175781
0.999995351 0.000046086 0.003052031 1.648982286 -0.000080137 0.999937773 0.011157620 -2.002086639 -0.003051327 -0.011157812 0.999933124 74.575180054
0.999995649 0.000228684 0.002953221 1.645919919 -0.000261780 0.999937057 0.011211026 -2.012094259 -0.002950471 -0.011211749 0.999932826 75.227416992
0.999995053 0.000458708 0.003101777 1.673192024 -0.000494194 0.999934316 0.011449563 -2.035118580 -0.003096320 -0.011451041 0.999929667 75.696067810
0.999996185 -0.000579192 0.002700671 1.693233371 0.000549826 0.999940872 0.010861853 -2.037837029 -0.002706803 -0.010860326 0.999937415 76.257438660
0.999996722 -0.000204930 0.002562754 1.706120968 0.000175727 0.999935091 0.011390523 -2.054489613 -0.002564921 -0.011390034 0.999931872 76.800765991
0.999995112 0.000306778 0.003106508 1.709859729 -0.000340783 0.999939978 0.010951580 -2.054910183 -0.003102961 -0.010952586 0.999935210 77.359291077
0.999993086 0.000416496 0.003672603 1.696321726 -0.000458596 0.999934137 0.011469752 -2.064389944 -0.003667583 -0.011471358 0.999927461 77.894584656
0.999992967 0.000306838 0.003721823 1.707819819 -0.000348843 0.999936163 0.011290551 -2.069362164 -0.003718122 -0.011291772 0.999929249 78.443298340
0.999993145 0.000749673 0.003634051 1.722882271 -0.000791936 0.999931872 0.011642572 -2.082011700 -0.003625074 -0.011645371 0.999925613 78.975296021
0.999992371 0.000540660 0.003887247 1.734607577 -0.000584631 0.999935746 0.011319373 -2.087166071 -0.003880877 -0.011321560 0.999928415 79.529869080
0.999988556 0.000162235 0.004784110 1.753072858 -0.000217503 0.999933243 0.011554180 -2.099928141 -0.004781915 -0.011555091 0.999921799 80.110092163
0.999978304 0.000924699 0.006525976 1.758394241 -0.000999549 0.999933720 0.011475564 -2.116036892 -0.006514932 -0.011481838 0.999912798 80.668258667
0.999971092 0.001132468 0.007507956 1.774294376 -0.001221143 0.999929428 0.011816795 -2.145331860 -0.007494044 -0.011825625 0.999901950 81.196670532
0.999959111 0.000603871 0.009025629 1.780493498 -0.000708325 0.999932766 0.011574441 -2.119970798 -0.009018033 -0.011580358 0.999892294 81.736587524
0.999933600 -0.000105642 0.011519958 1.805460691 -0.000020702 0.999939859 0.010966727 -2.131036758 -0.011520425 -0.010966237 0.999873519 82.281646729
0.999869347 0.001740941 0.016072504 1.817501545 -0.001931762 0.999927700 0.011864652 -2.154464960 -0.016050689 -0.011894150 0.999800444 82.841682434
0.999822676 0.000669237 0.018818166 1.842656732 -0.000885159 0.999933779 0.011468169 -2.146874666 -0.018809246 -0.011482792 0.999757171 83.373703003
0.999748588 0.000351817 0.022421397 1.889183283 -0.000613009 0.999931991 0.011643417 -2.164456844 -0.022415776 -0.011654235 0.999680817 83.905395508
0.999581218 0.001079717 0.028916297 1.899358988 -0.001401391 0.999937296 0.011106360 -2.154145718 -0.028902495 -0.011142232 0.999520063 84.450897217
0.999397337 0.000724183 0.034702897 1.953713655 -0.001093668 0.999942839 0.010629309 -2.146416426 -0.034693219 -0.010660856 0.999341190 84.972328186
0.999136627 0.001966830 0.041499157 1.938447356 -0.002450834 0.999929488 0.011615325 -2.199491501 -0.041473385 -0.011707003 0.999071002 85.546768188
0.998769701 0.001568136 0.049563296 1.996927977 -0.002117967 0.999936700 0.011042943 -2.199952364 -0.049542844 -0.011134330 0.998709917 86.092803955
0.998303175 0.001676409 0.058207117 2.046026468 -0.002321988 0.999936581 0.011025208 -2.214931011 -0.058184929 -0.011141658 0.998243630 86.617691040
0.997862041 0.002013762 0.065324478 2.095942020 -0.002742657 0.999934912 0.011070305 -2.220884562 -0.065297931 -0.011225801 0.997802615 87.189872742
0.997278929 0.001012205 0.073714495 2.156002045 -0.001771256 0.999945998 0.010232529 -2.219849586 -0.073700167 -0.010335254 0.997226834 87.795074463
0.996385157 0.002200002 0.084923565 2.224037647 -0.003172056 0.999930918 0.011312977 -2.220824242 -0.084892832 -0.011541465 0.996323168 88.238731384
0.995632768 0.001859313 0.093337782 2.295440674 -0.002911084 0.999933720 0.011133552 -2.224947691 -0.093310907 -0.011356643 0.995572209 88.796630859
0.994907022 0.000701217 0.100794509 2.365810871 -0.001779952 0.999942124 0.010612794 -2.228886127 -0.100781232 -0.010738154 0.994850636 89.332542419
0.993714511 0.001931504 0.111926809 2.410848141 -0.003149193 0.999937773 0.010703557 -2.223073721 -0.111899145 -0.010988762 0.993658781 89.845352173
0.992476583 0.001650825 0.122423515 2.501703262 -0.002984471 0.999938250 0.010711131 -2.231531382 -0.122398250 -0.010995917 0.992420197 90.385139465
0.991390526 0.000920854 0.130935088 2.607937813 -0.002321996 0.999941707 0.010548772 -2.252051115 -0.130917743 -0.010761984 0.991334796 90.892372131
0.989761353 0.001075440 0.142727986 2.694678307 -0.002594901 0.999941885 0.010460136 -2.255467653 -0.142708465 -0.010723404 0.989706635 91.506324768
0.987978399 0.000813645 0.154590040 2.803371429 -0.002466363 0.999941826 0.010499485 -2.266088724 -0.154572517 -0.010754538 0.987922907 92.049034119
0.986220777 0.000542419 0.165433735 2.919773102 -0.002243891 0.999946475 0.010098200 -2.274052143 -0.165419370 -0.010330270 0.986169219 92.609001160
0.984627128 -0.000043220 0.174669698 3.039272308 -0.001738596 0.999948025 0.010048027 -2.276170969 -0.174661040 -0.010197238 0.984575808 93.150520325
0.982246876 0.000227074 0.187592641 3.147832870 -0.002214085 0.999943674 0.010382698 -2.287465096 -0.187579677 -0.010613719 0.982192039 93.669891357
0.979770482 0.000612672 0.200122848 3.276058197 -0.002774642 0.999940872 0.010522924 -2.301196575 -0.200104520 -0.010865320 0.979714334 94.191192627
0.977557182 -0.000385879 0.210669786 3.407846451 -0.001836146 0.999944687 0.010351724 -2.306823969 -0.210662112 -0.010506222 0.977502406 94.741119385
0.974553227 0.000257077 0.224156007 3.554569244 -0.002687815 0.999940991 0.010538902 -2.315785170 -0.224140063 -0.010873211 0.974496305 95.263366699
0.971313834 -0.000274142 0.237800807 3.707447052 -0.002327981 0.999940515 0.010661552 -2.325668573 -0.237789541 -0.010909312 0.971255422 95.779853821
0.968599856 -0.001584981 0.248619840 3.875446320 -0.001119817 0.999941766 0.010737448 -2.335724354 -0.248622388 -0.010678700 0.968541622 96.312294006
0.965193033 -0.000106829 0.261538565 4.042863846 -0.002759011 0.999940097 0.010590411 -2.337207556 -0.261524022 -0.010943376 0.965134919 96.887115479
0.961325288 -0.000558189 0.275415003 4.216875076 -0.002391613 0.999943316 0.010374439 -2.349295139 -0.275405169 -0.010631897 0.961269498 97.396881104
0.957493722 0.000326210 0.288453937 4.403964996 -0.003537878 0.999937415 0.010612807 -2.359009981 -0.288432449 -0.011182212 0.957434893 97.962753296
0.954238296 -0.000773254 0.299046099 4.602731705 -0.002390514 0.999944925 0.010213579 -2.371793509 -0.299037576 -0.010461063 0.954183936 98.476623535
0.949585557 -0.000034290 0.313508004 4.794996262 -0.003386461 0.999940515 0.010366632 -2.375337839 -0.313489705 -0.010905689 0.949528933 99.029747009
0.944846988 -0.001729709 0.327507347 4.984962463 -0.001883105 0.999940932 0.010713807 -2.385083675 -0.327506512 -0.010739642 0.944787800 99.539962769
0.940917253 -0.001900544 0.338631392 5.199808121 -0.001924632 0.999938130 0.010959837 -2.396272898 -0.338631302 -0.010964042 0.940855265 100.070434570
0.936437011 -0.002116341 0.350829363 5.398305893 -0.001696565 0.999942720 0.010560538 -2.406154156 -0.350831628 -0.010484482 0.936379850 100.537216187
0.930949867 -0.002121278 0.365140915 5.622333527 -0.002001145 0.999938428 0.010911167 -2.427967072 -0.365141600 -0.010888449 0.930888295 101.057128906
0.925959170 -0.003201156 0.377610087 5.855163574 -0.000912950 0.999942183 0.010715619 -2.438129663 -0.377622545 -0.010266965 0.925902724 101.601303101
0.921299160 -0.002895555 0.388843685 6.081558228 -0.001531061 0.999937534 0.011073699 -2.438695908 -0.388851523 -0.010797533 0.921237171 102.105995178
0.915433705 -0.003460025 0.402453691 6.333862305 -0.001147718 0.999936581 0.011207416 -2.447100163 -0.402466953 -0.010721549 0.915371716 102.612892151
0.909539223 -0.004042887 0.415598541 6.580451965 -0.000444263 0.999942660 0.010699581 -2.459859133 -0.415617913 -0.009916323 0.909485221 103.080497742
0.904298663 -0.005023729 0.426870763 6.818767548 0.000260736 0.999937057 0.011215643 -2.457850933 -0.426900268 -0.010030988 0.904242992 103.599472046
0.898502529 -0.004283908 0.438947409 7.075897217 -0.000790165 0.999934971 0.011376298 -2.473768711 -0.438967586 -0.010568473 0.898440659 104.069396973
0.891824424 -0.004785276 0.452356577 7.349590302 -0.000605263 0.999930561 0.011771093 -2.496345520 -0.452381492 -0.010771543 0.891759396 104.557556152
0.885581613 -0.005145804 0.464455307 7.619647980 -0.000199320 0.999934316 0.011458537 -2.500430822 -0.464483768 -0.010240046 0.885522425 105.058288574
0.879819930 -0.006778356 0.475258857 7.902008057 0.001344274 0.999929786 0.011772867 -2.511640310 -0.475305319 -0.009719126 0.879767239 105.519271851
0.872253776 -0.005791790 0.489019483 8.191471100 0.000495680 0.999939740 0.010958835 -2.517547131 -0.489053607 -0.009316488 0.872204006 106.018119812
