1.000000000 0.000000000 0.000000000 0.000000000 0.000000000 1.000000000 0.000000000 0.000000000 0.000000000 0.000000000 1.000000000 0.000000000
1.000000000 -0.000011455 0.000033902 -0.000272617 0.000011453 1.000000000 0.000057445 -0.000278250 -0.000033903 -0.000057444 1.000000000 0.000283864
1.000000000 -0.000102730 0.000092474 -0.000539180 0.000102724 1.000000000 0.000062397 0.000281597 -0.000092480 -0.000062387 1.000000000 0.000813731
1.000000000 -0.000006738 0.000029067 -0.000616888 0.000006736 1.000000000 0.000061731 -0.000283054 -0.000029067 -0.000061731 1.000000000 -0.000437307
1.000000000 0.000015942 0.000126942 -0.001022039 -0.000015952 1.000000000 0.000075322 0.000154611 -0.000126940 -0.000075324 1.000000000 0.000464961
1.000000000 -0.000069086 0.000066578 -0.000787582 0.000069082 1.000000000 0.000056819 -0.000175420 -0.000066581 -0.000056814 1.000000000 -0.000141139
1.000000000 -0.000135263 0.000048147 -0.001139597 0.000135261 1.000000000 0.000037216 -0.000350461 -0.000048152 -0.000037209 1.000000000 -0.001262623
1.000000000 0.000010350 0.000088431 -0.001050698 -0.000010353 1.000000000 0.000028718 -0.000175785 -0.000088431 -0.000028719 1.000000000 -0.000487470
1.000000000 -0.000008538 0.000076553 -0.000642055 0.000008541 1.000000000 -0.000039320 0.000094037 -0.000076553 0.000039321 1.000000000 -0.000861025
1.000000000 -0.000057406 0.000098413 -0.001119361 0.000057394 1.000000000 0.000124947 -0.000542104 -0.000098420 -0.000124941 1.000000000 -0.000006084
1.000000000 0.000032188 0.000072709 -0.000287147 -0.000032192 1.000000000 0.000043796 -0.000230036 -0.000072707 -0.000043798 1.000000000 -0.000260420
1.000000000 0.000006914 0.000140753 -0.000876789 -0.000006914 1.000000000 -0.000002348 0.000608318 -0.000140753 0.000002347 1.000000000 0.000586865
1.000000000 -0.000043906 0.000020507 -0.000128907 0.000043905 1.000000000 0.000026386 0.000225147 -0.000020508 -0.000026385 1.000000000 0.000304379
1.000000000 -0.000016828 0.000061974 -0.000371249 0.000016827 1.000000000 0.000019986 0.000867516 -0.000061974 -0.000019985 1.000000000 0.000662232
1.000000000 -0.000046329 0.000098142 -0.000937350 0.000046324 1.000000000 0.000046696 0.000263564 -0.000098144 -0.000046692 1.000000000 -0.000839492
1.000000000 -0.000054833 0.000078514 -0.001573587 0.000054830 1.000000000 0.000033691 0.000946375 -0.000078516 -0.000033687 1.000000000 -0.000411611
1.000000000 0.000034560 0.000102254 -0.001713815 -0.000034558 1.000000000 -0.000025578 0.001286516 -0.000102255 0.000025574 1.000000000 0.000951914
1.000000000 0.000040333 0.000094393 -0.001211612 -0.000040330 1.000000000 -0.000032034 0.001725959 -0.000094394 0.000032030 1.000000000 0.002016810
1.000000000 -0.000061443 0.000133622 -0.000752155 0.000061457 1.000000000 -0.000101999 0.001361329 -0.000133616 0.000102007 1.000000000 0.001760643
0.999999702 0.000711157 0.000322625 -0.007444410 -0.000711166 0.999999762 0.000028387 -0.000386444 -0.000322605 -0.000028617 0.999999940 0.004531261
0.999999702 0.000728128 0.000322766 -0.007960214 -0.000728102 0.999999762 -0.000081268 0.000555491 -0.000322825 0.000081033 0.999999940 0.005042586
0.999999702 0.000716814 0.000358965 -0.007492571 -0.000716774 0.999999762 -0.000112647 0.000312580 -0.000359046 0.000112390 0.999999940 0.005046824
0.999999702 0.000724784 0.000347508 -0.007721912 -0.000724769 0.999999762 -0.000042401 0.000784849 -0.000347539 0.000042149 0.999999940 0.005247460
0.999999583 0.000875263 0.000311768 -0.007806002 -0.000875242 0.999999642 -0.000067646 0.000467151 -0.000311827 0.000067373 0.999999940 0.005014776
0.999999583 0.000847130 0.000335920 -0.007396439 -0.000847116 0.999999642 -0.000041508 0.000343634 -0.000335955 0.000041224 0.999999940 0.004209231
0.999999642 0.000757245 0.000330817 -0.007143113 -0.000757226 0.999999702 -0.000056897 0.000689940 -0.000330860 0.000056646 0.999999940 0.005326324
0.999999702 0.000686190 0.000315318 -0.007215653 -0.000686192 0.999999762 0.000006839 0.000343586 -0.000315313 -0.000007055 0.999999940 0.005281297
0.999999642 0.000776506 0.000320063 -0.007544158 -0.000776486 0.999999702 -0.000063890 0.000348136 -0.000320112 0.000063642 0.999999940 0.004561857
0.999999702 0.000696199 0.000291449 -0.006843536 -0.000696184 0.999999762 -0.000053453 -0.000290996 -0.000291486 0.000053250 0.999999940 0.003519707
0.999999642 0.000775168 0.000388334 -0.007789670 -0.000775160 0.999999702 -0.000020506 0.000443464 -0.000388350 0.000020205 0.999999940 0.006139568
0.999999702 0.000718608 0.000380662 -0.007806937 -0.000718591 0.999999762 -0.000046571 0.001001760 -0.000380695 0.000046297 0.999999940 0.005979117
0.999999642 0.000767511 0.000340207 -0.007347713 -0.000767497 0.999999702 -0.000042473 0.000404762 -0.000340240 0.000042211 0.999999940 0.004893727
0.999999642 0.000804127 0.000326222 -0.007303691 -0.000804109 0.999999702 -0.000053734 0.000262027 -0.000326265 0.000053472 0.999999940 0.003953235
0.999999642 0.000783330 0.000384719 -0.008081478 -0.000783356 0.999999702 0.000066013 -0.000362160 -0.000384667 -0.000066314 0.999999940 0.004030329
0.999999702 0.000731264 0.000306368 -0.006709966 -0.000731276 0.999999762 0.000036368 0.000005910 -0.000306342 -0.000036593 0.999999940 0.004285422
0.999999762 0.000664392 0.000360720 -0.007413977 -0.000664395 0.999999821 0.000005840 0.000101370 -0.000360716 -0.000006080 0.999999940 0.004503059
0.999999642 0.000762015 0.000301182 -0.007656280 -0.000762012 0.999999702 -0.000008099 0.000166713 -0.000301188 0.000007869 0.999999940 0.004637843
0.999999642 0.000767118 0.000408455 -0.008104499 -0.000767117 0.999999702 -0.000003309 0.000136727 -0.000408457 0.000002996 0.999999940 0.004658650
0.999999642 0.000774854 0.000349670 -0.006900401 -0.000774838 0.999999702 -0.000044597 0.000620159 -0.000349705 0.000044327 0.999999940 0.005250965
0.999999642 0.000770038 0.000339561 -0.007281487 -0.000769989 0.999999702 -0.000145212 0.000925557 -0.000339672 0.000144950 0.999999940 0.006403801
0.999999940 0.000134419 0.000233553 -0.000905349 -0.000134263 0.999999762 -0.000667931 -0.000499035 -0.000233643 0.000667899 0.999999762 0.052476864
0.999999940 0.000216489 0.000312565 0.000786943 -0.000216065 0.999999046 -0.001356426 -0.001650170 -0.000312858 0.001356359 0.999999046 0.142019555
0.999999881 0.000457704 -0.000219716 0.004098272 -0.000458130 0.999998033 -0.001939881 -0.003129259 0.000218827 0.001939982 0.999998093 0.267077178
1.000000000 0.000207745 -0.000306913 0.008878768 -0.000208323 0.999998212 -0.001884238 -0.008660046 0.000306521 0.001884302 0.999998152 0.396609247
0.999999881 0.000463122 -0.000256926 0.012338325 -0.000463524 0.999998629 -0.001567269 -0.013808828 0.000256200 0.001567388 0.999998748 0.541253686
1.000000000 0.000259544 -0.000176792 0.015573249 -0.000259801 0.999998927 -0.001458408 -0.018345447 0.000176414 0.001458454 0.999998927 0.688189864
1.000000000 0.000170347 -0.000286990 0.020677717 -0.000170652 0.999999464 -0.001060660 -0.024761546 0.000286809 0.001060709 0.999999404 0.848226905
0.999999762 0.000674200 0.000225664 0.003920447 -0.000674019 0.999999404 -0.000798894 -0.029217599 -0.000226203 0.000798742 0.999999642 1.020784140
0.999999702 0.000653910 0.000164508 0.010935176 -0.000653770 0.999999344 -0.000849930 -0.031604044 -0.000165063 0.000849822 0.999999642 1.205214620
0.999999583 0.000959046 0.000162422 0.013228015 -0.000958971 0.999999464 -0.000461346 -0.040616516 -0.000162865 0.000461190 0.999999881 1.378889084
0.999999702 0.000861107 0.000036015 0.017472791 -0.000861097 0.999999642 -0.000289088 -0.047325511 -0.000036264 0.000289057 1.000000000 1.565247297
0.999999762 0.000341956 0.000456470 0.015358326 -0.000341974 0.999999940 0.000039450 -0.055988841 -0.000456456 -0.000039606 0.999999881 1.772922635
0.999999583 0.000534704 0.000710317 0.017287575 -0.000534822 0.999999881 0.000166139 -0.060864430 -0.000710228 -0.000166519 0.999999762 1.976549029
0.999999940 0.000079397 0.000440272 0.027560124 -0.000079444 1.000000000 0.000104984 -0.066707380 -0.000440264 -0.000105019 0.999999881 2.189302206
0.999999762 0.000426540 0.000617916 0.031624138 -0.000426499 0.999999940 -0.000066609 -0.069384582 -0.000617945 0.000066346 0.999999821 2.400732040
0.999999762 0.000400574 0.000593979 0.035974354 -0.000400680 0.999999881 0.000178389 -0.082301170 -0.000593907 -0.000178627 0.999999821 2.633048058
0.999999523 0.000386546 0.000899608 0.040138930 -0.000386756 0.999999881 0.000232967 -0.089879900 -0.000899518 -0.000233315 0.999999642 2.861809015
0.999999762 0.000265850 0.000713423 0.047734566 -0.000266103 0.999999821 0.000354599 -0.095466390 -0.000713328 -0.000354789 0.999999702 3.093969584
0.999999702 0.000524353 0.000624182 0.052796546 -0.000524749 0.999999642 0.000633893 -0.104622543 -0.000623849 -0.000634221 0.999999583 3.336570740
0.999999464 0.000463902 0.000924969 0.043015797 -0.000464588 0.999999642 0.000741092 -0.117733486 -0.000924625 -0.000741521 0.999999225 3.572205067
0.999999106 0.000834195 0.000982638 0.046116740 -0.000834794 0.999999464 0.000608707 -0.125689298 -0.000982130 -0.000609527 0.999999285 3.824895620
0.999999404 0.000808730 0.000761678 0.053675611 -0.000809375 0.999999344 0.000847045 -0.131985366 -0.000760993 -0.000847661 0.999999344 4.085078239
0.999999464 0.000616759 0.000844002 0.061668567 -0.000617196 0.999999642 0.000518025 -0.129565939 -0.000843682 -0.000518546 0.999999523 4.341222286
0.999999583 0.000388258 0.000818665 0.069813728 -0.000388789 0.999999702 0.000647643 -0.137946382 -0.000818414 -0.000647961 0.999999404 4.600017071
0.999999464 0.000660915 0.000701838 0.081457987 -0.000661407 0.999999523 0.000701451 -0.146588907 -0.000701374 -0.000701915 0.999999523 4.847365379
0.999999225 0.000910362 0.000856647 0.083294101 -0.000911008 0.999999285 0.000753962 -0.150613517 -0.000855960 -0.000754742 0.999999344 5.108512878
0.999999404 0.000864385 0.000729840 0.090635031 -0.000865052 0.999999166 0.000914641 -0.160315275 -0.000729049 -0.000915272 0.999999344 5.370699883
0.999998927 0.000934215 0.001114512 0.085946336 -0.000934791 0.999999404 0.000515908 -0.162811965 -0.001114030 -0.000516949 0.999999225 5.641495705
0.999999106 0.000711288 0.001091710 0.088622399 -0.000711727 0.999999642 0.000401908 -0.166511655 -0.001091424 -0.000402685 0.999999225 5.915238380
0.999998987 0.000834864 0.001170729 0.096039504 -0.000835441 0.999999523 0.000491716 -0.176054537 -0.001170318 -0.000492694 0.999999166 6.190564156
0.999998927 0.000989861 0.001144446 0.107709177 -0.000990909 0.999999106 0.000915771 -0.191775799 -0.001143539 -0.000916904 0.999998987 6.463321209
0.999998569 0.001115870 0.001242613 0.111407958 -0.001116601 0.999999225 0.000587313 -0.192042664 -0.001241956 -0.000588700 0.999998987 6.765523434
0.999998868 0.001130474 0.001062134 0.119443685 -0.001131275 0.999999225 0.000753939 -0.200233445 -0.001061280 -0.000755140 0.999999106 7.061978817
0.999998748 0.001026610 0.001254045 0.124933265 -0.001027774 0.999999106 0.000927850 -0.210525274 -0.001253092 -0.000929138 0.999998748 7.360544682
0.999998271 0.001270411 0.001331589 0.137846991 -0.001271887 0.999998569 0.001107960 -0.230548590 -0.001330179 -0.001109652 0.999998510 7.674755096
0.999999106 0.000452410 0.001269297 0.139892027 -0.000453219 0.999999702 0.000637474 -0.234126136 -0.001269008 -0.000638049 0.999998987 7.991934776
0.999998629 0.000773302 0.001513886 0.145468593 -0.000774764 0.999999225 0.000965449 -0.246279836 -0.001513139 -0.000966621 0.999998391 8.302358627
0.999998033 0.001145518 0.001631142 0.147944361 -0.001146926 0.999998987 0.000862319 -0.255426258 -0.001630152 -0.000864188 0.999998271 8.627305031
0.999998510 0.000534534 0.001652836 0.152962372 -0.000535760 0.999999583 0.000741557 -0.259745628 -0.001652439 -0.000742441 0.999998391 8.984995842
0.999998569 0.000644190 0.001609585 0.156368673 -0.000645278 0.999999642 0.000675668 -0.269953758 -0.001609150 -0.000676706 0.999998450 9.316804886
0.999997914 0.000930633 0.001800892 0.174042672 -0.000932250 0.999999166 0.000897556 -0.297777444 -0.001800055 -0.000899233 0.999997973 9.663736343
0.999998689 0.000744240 0.001456835 0.185688928 -0.000745309 0.999999464 0.000733405 -0.305017143 -0.001456289 -0.000734490 0.999998689 10.006733894
0.999998927 0.000779170 0.001285912 0.190843657 -0.000779954 0.999999523 0.000609183 -0.315465719 -0.001285437 -0.000610185 0.999999046 10.376935959
0.999999166 0.000689952 0.001111775 0.213753968 -0.000690896 0.999999523 0.000849171 -0.328268468 -0.001111188 -0.000849938 0.999999046 10.719261169
0.999999523 0.000496357 0.000921780 0.224205643 -0.000497219 0.999999464 0.000935162 -0.335357815 -0.000921315 -0.000935620 0.999999106 11.088777542
0.999999225 0.000331993 0.001205299 0.229265839 -0.000333044 0.999999583 0.000872047 -0.346906394 -0.001205009 -0.000872448 0.999998868 11.468888283
0.999998093 0.000662658 0.001805013 0.220529795 -0.000664405 0.999999225 0.000967235 -0.353135943 -0.001804371 -0.000968433 0.999997914 11.890753746
0.999998689 0.000148742 0.001623320 0.232618853 -0.000150596 0.999999285 0.001142210 -0.366495132 -0.001623149 -0.001142453 0.999998093 12.280214310
0.999996960 0.000984784 0.002258237 0.238377228 -0.000986197 0.999999344 0.000624840 -0.371995687 -0.002257621 -0.000627065 0.999997258 12.678146362
0.999996424 0.001138525 0.002385839 0.243228108 -0.001140816 0.999998808 0.000959125 -0.381486148 -0.002384745 -0.000961844 0.999996722 13.083984375
0.999996841 0.000897469 0.002350207 0.260859460 -0.000899941 0.999999046 0.001051235 -0.396531820 -0.002349262 -0.001053347 0.999996722 13.472686768
0.999996543 0.001143782 0.002378420 0.262936831 -0.001146185 0.999998808 0.001009132 -0.412618399 -0.002377263 -0.001011855 0.999996662 13.869156837
0.999995649 0.001423677 0.002601572 0.270706803 -0.001426649 0.999998391 0.001141025 -0.421872467 -0.002599943 -0.001144732 0.999996006 14.284453392
0.999995172 0.001038153 0.002917929 0.282087117 -0.001042328 0.999998450 0.001429791 -0.441070735 -0.002916440 -0.001432825 0.999994695 14.696209908
0.999995589 0.000916037 0.002830336 0.291970164 -0.000920860 0.999998093 0.001703100 -0.457767367 -0.002828771 -0.001705698 0.999994576 15.123692513
0.999994516 0.000630250 0.003251799 0.304172486 -0.000635136 0.999998689 0.001501729 -0.462354958 -0.003250848 -0.001503787 0.999993503 15.553116798
0.999988735 0.001099412 0.004616109 0.302673638 -0.001106830 0.999998033 0.001604599 -0.477333903 -0.004614336 -0.001609690 0.999988079 16.014898300
0.999987185 0.001371240 0.004870564 0.311833858 -0.001380373 0.999997258 0.001872399 -0.489530414 -0.004867984 -0.001879098 0.999986410 16.465736389
0.999984324 0.001712687 0.005337045 0.323738039 -0.001721542 0.999997139 0.001655094 -0.498783410 -0.005334195 -0.001664256 0.999984443 16.911142349
0.999985099 0.002014559 0.005056681 0.339166909 -0.002020930 0.999997199 0.001255018 -0.517003536 -0.005054138 -0.001265218 0.999986410 17.356616974
0.999981821 0.002180984 0.005615812 0.347436905 -0.002191065 0.999996066 0.001789459 -0.529453993 -0.005611887 -0.001801731 0.999982595 17.823894501
0.999981761 0.002069036 0.005671043 0.360548943 -0.002075273 0.999997258 0.001094171 -0.537245750 -0.005668764 -0.001105920 0.999983251 18.295829773
0.999980628 0.002205716 0.005840532 0.377012432 -0.002213805 0.999996603 0.001378830 -0.554440141 -0.005837472 -0.001391734 0.999981999 18.757261276
0.999981999 0.002180987 0.005596692 0.395769447 -0.002185315 0.999997318 0.000767319 -0.564627588 -0.005595003 -0.000779535 0.999984086 19.231449127
0.999977171 0.003055327 0.006036323 0.404886097 -0.003059643 0.999995112 0.000705914 -0.577255368 -0.006034137 -0.000724366 0.999981523 19.717727661
0.999975502 0.002730880 0.006448632 0.407049537 -0.002743139 0.999994576 0.001892906 -0.604663253 -0.006443426 -0.001910549 0.999977410 20.203113556
0.999975562 0.002999370 0.006324875 0.423837930 -0.003013268 0.999993145 0.002189005 -0.618238568 -0.006318266 -0.002208010 0.999977648 20.702003479
0.999977589 0.002888509 0.006042829 0.434903979 -0.002900607 0.999993801 0.001994132 -0.634245574 -0.006037032 -0.002011616 0.999979675 21.193872452
0.999980986 0.002268543 0.005736036 0.448360145 -0.002279022 0.999995768 0.001820872 -0.643862128 -0.005731880 -0.001833910 0.999981880 21.697248459
0.999979317 0.002598517 0.005886201 0.447074354 -0.002606039 0.999995768 0.001270590 -0.652856648 -0.005882875 -0.001285903 0.999981880 22.200756073
0.999980152 0.003077052 0.005494852 0.464709848 -0.003091419 0.999991834 0.002608111 -0.679899693 -0.005486782 -0.002625045 0.999981523 22.696985245
0.999981225 0.003404340 0.005088769 0.476877689 -0.003418481 0.999990344 0.002772892 -0.693859279 -0.005079280 -0.002790235 0.999983251 23.218729019
0.999986351 0.002906981 0.004335029 0.486257195 -0.002916556 0.999993265 0.002204049 -0.703910887 -0.004328593 -0.002216662 0.999988198 23.758348465
0.999992013 0.001925115 0.003504010 0.497738987 -0.001931729 0.999996305 0.001885294 -0.720142841 -0.003500368 -0.001892048 0.999992073 24.283342361
0.999991596 0.002757905 0.003028314 0.508445144 -0.002763777 0.999994278 0.001936500 -0.732309103 -0.003022956 -0.001944853 0.999993563 24.823978424
0.999991715 0.003288241 0.002410413 0.522511482 -0.003293671 0.999992013 0.002252509 -0.748511076 -0.002402988 -0.002260430 0.999994516 25.374492645
0.999993682 0.003186698 0.001582177 0.534253001 -0.003190438 0.999992073 0.002366526 -0.759671688 -0.001574624 -0.002371559 0.999995947 25.912269592
0.999992669 0.003549918 0.001460515 0.547857404 -0.003553028 0.999991417 0.002132097 -0.774820864 -0.001452934 -0.002137271 0.999996722 26.459772110
0.999995828 0.002647584 0.001129966 0.557413638 -0.002650473 0.999993205 0.002563159 -0.788239002 -0.001123172 -0.002566143 0.999996066 27.031515121
0.999995172 0.003057472 0.000549706 0.566074669 -0.003058811 0.999992371 0.002451912 -0.802097559 -0.000542205 -0.002453582 0.999996841 27.591522217
0.999992311 0.003915980 0.000335170 0.575749815 -0.003916536 0.999991000 0.001676058 -0.810308933 -0.000328603 -0.001677358 0.999998569 28.126836777
0.999991417 0.004101576 0.000416701 0.573832035 -0.004102295 0.999990165 0.001738594 -0.824324489 -0.000409566 -0.001740289 0.999998450 28.677547455
0.999993920 0.003461860 -0.000098604 0.594935417 -0.003461533 0.999989092 0.003142851 -0.863508821 0.000109483 -0.003142492 0.999995053 29.200868607
0.999994576 0.003297052 -0.000036984 0.599745631 -0.003296931 0.999990404 0.002913070 -0.879663408 0.000046588 -0.002912933 0.999995708 29.749044418
0.999993086 0.003697682 -0.000458114 0.607873917 -0.003696459 0.999989688 0.002645384 -0.882473409 0.000467891 -0.002643673 0.999996424 30.307041168
0.999991477 0.004129484 -0.000353152 0.620588183 -0.004128523 0.999987900 0.002681070 -0.903923631 0.000364220 -0.002679589 0.999996364 30.853641510
0.999990463 0.004324090 -0.000597194 0.633050919 -0.004322427 0.999986887 0.002757831 -0.911981106 0.000609111 -0.002755223 0.999996006 31.417282104
0.999991059 0.004185157 -0.000652038 0.636667371 -0.004183166 0.999986649 0.003025203 -0.935496747 0.000664690 -0.003022449 0.999995232 31.949674606
0.999991477 0.004037774 -0.000861170 0.655007243 -0.004034987 0.999986649 0.003213218 -0.948756218 0.000874133 -0.003209716 0.999994457 32.491958618
0.999992132 0.003840295 -0.001033433 0.661366284 -0.003836678 0.999986529 0.003480670 -0.963957906 0.001046786 -0.003476677 0.999993443 33.053466797
0.999989510 0.004417513 -0.001211606 0.662224233 -0.004413925 0.999985933 0.002948410 -0.975390077 0.001224614 -0.002943030 0.999994934 33.597686768
0.999988377 0.004700994 -0.001076944 0.667302132 -0.004697891 0.999984920 0.002865282 -0.985213339 0.001090397 -0.002860189 0.999995351 34.159881592
0.999987483 0.004712073 -0.001686562 0.685995579 -0.004707046 0.999984503 0.002972632 -0.999050796 0.001700543 -0.002964656 0.999994159 34.695495605
0.999985635 0.005156127 -0.001483471 0.687314987 -0.005151280 0.999981403 0.003252338 -1.023528337 0.001500213 -0.003244650 0.999993622 35.242008209
0.999985576 0.005035009 -0.001886146 0.702969790 -0.005028660 0.999981701 0.003355373 -1.036817312 0.001903006 -0.003345840 0.999992609 35.785984039
0.999983013 0.005642441 -0.001537559 0.708266079 -0.005637736 0.999979436 0.003047779 -1.049710512 0.001554724 -0.003039058 0.999994218 36.325218201
0.999988258 0.004475316 -0.001847712 0.726906478 -0.004469212 0.999984562 0.003294639 -1.074016333 0.001862428 -0.003286343 0.999992847 36.890956879
0.999985337 0.005238631 -0.001316812 0.729455113 -0.005234187 0.999980628 0.003356067 -1.083765864 0.001334367 -0.003349125 0.999993503 37.447154999
0.999986172 0.004972024 -0.001714199 0.748902082 -0.004966555 0.999982595 0.003180100 -1.099144578 0.001729980 -0.003171542 0.999993443 37.999080658
0.999985099 0.005313355 -0.001194227 0.752516747 -0.005309753 0.999981403 0.002999400 -1.099939704 0.001210141 -0.002993015 0.999994755 38.511985779
0.999986470 0.004634340 -0.002363916 0.770238161 -0.004625935 0.999983013 0.003548733 -1.138628364 0.002380321 -0.003537751 0.999990880 39.072032928
0.999987543 0.004288660 -0.002525391 0.784539342 -0.004277217 0.999980628 0.004519015 -1.156692386 0.002544723 -0.004508158 0.999986529 39.619655609
0.999988019 0.003935930 -0.002923952 0.805876315 -0.003922287 0.999981463 0.004657255 -1.178986907 0.002942228 -0.004645731 0.999984860 40.177391052
0.999989510 0.003779603 -0.002593755 0.805858433 -0.003767905 0.999982893 0.004500207 -1.195465088 0.002610720 -0.004490387 0.999986470 40.702789307
0.999989271 0.003686900 -0.002808871 0.820558846 -0.003675083 0.999984443 0.004200635 -1.207887053 0.002824315 -0.004190267 0.999987245 41.254524231
0.999989092 0.003723178 -0.002848898 0.831057012 -0.003710122 0.999982655 0.004574889 -1.216603637 0.002865882 -0.004564269 0.999985456 41.804588318
0.999986887 0.004413359 -0.002582119 0.831588924 -0.004402840 0.999981999 0.004066100 -1.225717425 0.002600018 -0.004054677 0.999988377 42.364845276
0.999984086 0.004990148 -0.002632636 0.840146303 -0.004979668 0.999979675 0.003972727 -1.241686344 0.002652407 -0.003959554 0.999988556 42.911849976
0.999982715 0.005071962 -0.002981583 0.855323434 -0.005059545 0.999978483 0.004157218 -1.257662654 0.003002605 -0.004142060 0.999986887 43.466556549
0.999986529 0.004416562 -0.002711933 0.859260678 -0.004405837 0.999982417 0.003948102 -1.265693069 0.002729323 -0.003936100 0.999988556 43.995227814
0.999985635 0.004673421 -0.002635419 0.863951027 -0.004663338 0.999981761 0.003819259 -1.275898099 0.002653219 -0.003806914 0.999989212 44.539253235
0.999984741 0.004854359 -0.002669062 0.871886492 -0.004844270 0.999981105 0.003773963 -1.289192200 0.002687332 -0.003760975 0.999989271 45.092018127
0.999985218 0.004788624 -0.002562982 0.881907523 -0.004779257 0.999981940 0.003648251 -1.304267287 0.002580406 -0.003635947 0.999989986 45.632984161
0.999983013 0.005246971 -0.002548608 0.889755905 -0.005237657 0.999979615 0.003647725 -1.317242265 0.002567696 -0.003634315 0.999990106 46.178859711
0.999982536 0.005180046 -0.002866715 0.900114477 -0.005169229 0.999979556 0.003767961 -1.332874775 0.002886176 -0.003753076 0.999988794 46.723873138
0.999981403 0.005502556 -0.002641648 0.908436596 -0.005492853 0.999978244 0.003666468 -1.348310709 0.002661766 -0.003651890 0.999989808 47.275894165
0.999982536 0.005308367 -0.002616817 0.923906386 -0.005298845 0.999979377 0.003632754 -1.360055208 0.002636048 -0.003618825 0.999989986 47.823226929
0.999982357 0.005760382 -0.001463554 0.897724509 -0.005754997 0.999976754 0.003656698 -1.369405031 0.001484584 -0.003648211 0.999992251 48.353450775
0.999979913 0.006217347 -0.001198864 0.905705452 -0.006213558 0.999975801 0.003138229 -1.379016638 0.001218347 -0.003130716 0.999994338 48.881889343
0.999979734 0.006231443 -0.001281609 0.915355146 -0.006227613 0.999976277 0.002969240 -1.391950846 0.001300081 -0.002961198 0.999994755 49.428459167
0.999980628 0.006102322 -0.001242272 0.926195979 -0.006098261 0.999976158 0.003248101 -1.409335017 0.001262063 -0.003240462 0.999993980 49.970020294
0.999980569 0.006228674 -0.000369953 0.923611581 -0.006227531 0.999976099 0.003013657 -1.417153597 0.000388716 -0.003011294 0.999995470 50.511234283
0.999980927 0.006051840 -0.001226560 0.941261888 -0.006047792 0.999976277 0.003278801 -1.438029289 0.001246374 -0.003271321 0.999993861 51.042484283
0.999982893 0.005621113 -0.001623177 0.956058681 -0.005615203 0.999977648 0.003623154 -1.452406406 0.001643508 -0.003613978 0.999992073 51.592956543
0.999979079 0.006380997 -0.001066861 0.957952380 -0.006377308 0.999973774 0.003425821 -1.464709878 0.001088693 -0.003418945 0.999993503 52.120254517
0.999977291 0.006707499 -0.000677962 0.964326501 -0.006705210 0.999971926 0.003325112 -1.478171229 0.000700246 -0.003320490 0.999994218 52.669620514
0.999977410 0.006716886 -0.000342823 0.973310649 -0.006715698 0.999971747 0.003359927 -1.491533518 0.000365382 -0.003357548 0.999994278 53.198604584
0.999976754 0.006810046 -0.000429679 0.983552277 -0.006808380 0.999969721 0.003769823 -1.507737875 0.000455339 -0.003766809 0.999992728 53.739944458
0.999973178 0.007311155 0.000249312 0.985228837 -0.007311858 0.999968886 0.002951798 -1.518356562 -0.000227722 -0.002953541 0.999995589 54.287830353
0.999971628 0.007512090 0.000378773 0.984777629 -0.007513192 0.999967277 0.002992436 -1.533430099 -0.000356282 -0.002995197 0.999995410 54.827999115
0.999966681 0.008143484 0.000442582 0.992211521 -0.008144495 0.999964058 0.002332193 -1.540510654 -0.000423574 -0.002335720 0.999997199 55.382736206
0.999974310 0.007127056 0.000787469 1.007191181 -0.007129465 0.999969721 0.003100568 -1.561895013 -0.000765347 -0.003106103 0.999994874 55.890918732
0.999969244 0.007792674 0.000883464 1.014234066 -0.007795410 0.999964654 0.003138273 -1.565859556 -0.000858978 -0.003145064 0.999994695 56.474330902
0.999971688 0.007466138 0.000963659 1.021935225 -0.007469051 0.999967456 0.003055149 -1.590682149 -0.000940818 -0.003062260 0.999994814 56.978588104
0.999969184 0.007727126 0.001382654 1.028427124 -0.007731408 0.999965191 0.003119414 -1.601701379 -0.001358502 -0.003130008 0.999994159 57.525375366
0.999966025 0.008070037 0.001737576 1.033699155 -0.008074964 0.999963284 0.002848308 -1.615808725 -0.001714526 -0.002862242 0.999994397 58.079593658
0.999967098 0.007941267 0.001662937 1.047570944 -0.007945997 0.999964476 0.002858022 -1.628366947 -0.001640181 -0.002871142 0.999994516 58.601207733
0.999962270 0.008505838 0.001712252 1.062924862 -0.008510448 0.999960124 0.002704089 -1.639978528 -0.001689183 -0.002718559 0.999994814 59.149513245
0.999963224 0.008351011 0.001943937 1.063530684 -0.008356228 0.999961376 0.002690883 -1.651725531 -0.001921391 -0.002707027 0.999994516 59.682094574
0.999963522 0.008299176 0.002015408 1.073502064 -0.008304816 0.999961555 0.002806708 -1.664748669 -0.001992038 -0.002823343 0.999994040 60.234043121
0.999965250 0.008100631 0.001946600 1.087221503 -0.008106171 0.999963045 0.002855630 -1.679873586 -0.001923396 -0.002871311 0.999993980 60.752086639
0.999965847 0.007995432 0.002104052 1.097934842 -0.008000773 0.999964714 0.002542810 -1.690547585 -0.002083647 -0.002559556 0.999994576 61.290039062
0.999968827 0.007721156 0.001677453 1.122803688 -0.007724839 0.999967754 0.002199600 -1.705117464 -0.001660415 -0.002212489 0.999996245 61.838451385
0.999961972 0.008401875 0.002393150 1.117335558 -0.008407962 0.999961436 0.002544262 -1.718643188 -0.002371682 -0.002564286 0.999993861 62.363471985
0.999975979 0.006834010 0.001169602 1.150030136 -0.006836155 0.999974906 0.001841197 -1.726822376 -0.001156990 -0.001849149 0.999997675 62.935577393
0.999956787 0.008955725 0.002487365 1.145784020 -0.008962055 0.999956608 0.002544462 -1.750895381 -0.002464469 -0.002566644 0.999993682 63.451194763
0.999964356 0.008129567 0.002262950 1.163163066 -0.008133924 0.999965131 0.001922944 -1.759305954 -0.002247238 -0.001941282 0.999995649 63.996295929
0.999959767 0.008621211 0.002489747 1.168296933 -0.008627002 0.999960065 0.002324865 -1.777310014 -0.002469604 -0.002346251 0.999994218 64.516014099
0.999961257 0.008408266 0.002594640 1.175485373 -0.008413972 0.999962211 0.002196375 -1.788136125 -0.002576074 -0.002218121 0.999994218 65.049545288
0.999965549 0.007869126 0.002623873 1.192989588 -0.007873700 0.999967515 0.001738086 -1.801620483 -0.002610110 -0.001758686 0.999995053 65.586997986
0.999961317 0.008356072 0.002748380 1.199342728 -0.008361652 0.999962986 0.002024682 -1.816807866 -0.002731360 -0.002047585 0.999994159 66.118881226
0.999965787 0.007689304 0.003044702 1.213544011 -0.007693874 0.999969304 0.001492065 -1.830291390 -0.003033135 -0.001515439 0.999994218 66.710266113
0.999957025 0.008847225 0.002766587 1.212786198 -0.008851362 0.999959707 0.001486454 -1.841488600 -0.002753325 -0.001510878 0.999995053 67.209747314
0.999962211 0.008277002 0.002658739 1.241721630 -0.008282564 0.999963522 0.002087676 -1.870079041 -0.002641363 -0.002109618 0.999994218 67.730857849
0.999964774 0.007976975 0.002616590 1.262694955 -0.007981183 0.999966860 0.001601743 -1.880505919 -0.002603726 -0.001622570 0.999995291 68.320747375
0.999959886 0.008452485 0.002934323 1.267509222 -0.008458536 0.999962091 0.002055601 -1.901837468 -0.002916837 -0.002080338 0.999993563 68.805587769
0.999964356 0.007972106 0.002777131 1.278087378 -0.007977664 0.999966204 0.001995668 -1.913138270 -0.002761127 -0.002017752 0.999994159 69.360443115
0.999956310 0.008909463 0.002829543 1.299390078 -0.008914993 0.999958336 0.001947321 -1.935829401 -0.002812076 -0.001972461 0.999994099 69.871726990
0.999957919 0.008705433 0.002888668 1.309455514 -0.008711034 0.999960184 0.001932278 -1.944628119 -0.002871731 -0.001957360 0.999993980 70.422424316
0.999950409 0.009313507 0.003548940 1.311710119 -0.009319941 0.999954998 0.001800243 -1.956292748 -0.003532014 -0.001833229 0.999992073 70.956649780
0.999962091 0.008301855 0.002622251 1.346332908 -0.008306931 0.999963641 0.001930037 -1.976069093 -0.002606133 -0.001951746 0.999994695 71.480720520
0.999967277 0.007575746 0.002843685 1.354183197 -0.007582078 0.999968708 0.002222456 -1.993655205 -0.002826759 -0.002243944 0.999993503 72.021316528
0.999968886 0.007563932 0.002253232 1.368322372 -0.007568172 0.999969542 0.001878842 -2.008463860 -0.002238952 -0.001895836 0.999995708 72.586906433
0.999959171 0.008440157 0.003234454 1.376856327 -0.008447111 0.999962032 0.002142872 -2.023767471 -0.003216245 -0.002170107 0.999992490 73.086311340
0.999957085 0.008693905 0.003204460 1.385667562 -0.008700286 0.999960184 0.001983272 -2.034884214 -0.003187090 -0.002011067 0.999992847 73.626358032
0.999952018 0.009105121 0.003623948 1.396619558 -0.009112281 0.999956548 0.001963864 -2.053750038 -0.003605910 -0.001996792 0.999991477 74.180976868
0.999958813 0.008429978 0.003363953 1.419973731 -0.008437275 0.999962091 0.002161354 -2.065236092 -0.003345605 -0.002189647 0.999992013 74.693618774
0.999960303 0.008285074 0.003280280 1.434566021 -0.008291187 0.999963880 0.001854558 -2.081783533 -0.003264796 -0.001881681 0.999992907 75.236190796
0.999961197 0.008258183 0.003072728 1.455699682 -0.008263387 0.999964416 0.001684479 -2.092652321 -0.003058708 -0.001709805 0.999993861 75.768623352
0.999955475 0.008849741 0.003276767 1.467207193 -0.008854529 0.999959767 0.001449980 -2.105349541 -0.003263803 -0.001478930 0.999993563 76.306961060
0.999964297 0.007985568 0.002771412 1.492914557 -0.007989556 0.999967039 0.001430802 -2.123421192 -0.002759895 -0.001452893 0.999995112 76.851325989
0.999957740 0.008603076 0.003243404 1.499284506 -0.008606965 0.999962211 0.001187010 -2.139400721 -0.003233069 -0.001214875 0.999994040 77.384590149
0.999960721 0.008379972 0.002883590 1.506972551 -0.008384841 0.999963462 0.001679782 -2.151133537 -0.002869407 -0.001703895 0.999994457 77.909355164
0.999960005 0.008354999 0.003225669 1.522510529 -0.008359071 0.999964297 0.001250634 -2.164802074 -0.003215105 -0.001277547 0.999994040 78.439575195
0.999955893 0.008671034 0.003609808 1.529459119 -0.008676003 0.999961555 0.001363201 -2.176125526 -0.003597848 -0.001394460 0.999992549 78.980674744
0.999955356 0.008759441 0.003545922 1.543323517 -0.008764682 0.999960542 0.001465349 -2.195759773 -0.003532946 -0.001496362 0.999992669 79.502922058
0.999950171 0.009233468 0.003798964 1.555484772 -0.009238941 0.999956310 0.001425560 -2.208616495 -0.003785635 -0.001460587 0.999991715 80.037269592
0.999940574 0.009539220 0.005267333 1.565848827 -0.009545602 0.999953687 0.001187678 -2.218638659 -0.005255760 -0.001237887 0.999985397 80.572937012
0.999936700 0.009364545 0.006238176 1.586507559 -0.009370500 0.999955654 0.000926022 -2.231074572 -0.006229228 -0.000984418 0.999980092 81.120925903
0.999930024 0.009165798 0.007476482 1.603141069 -0.009175149 0.999957144 0.001217023 -2.249283075 -0.007465007 -0.001285536 0.999971271 81.653991699
0.999919295 0.009181071 0.008781224 1.615171671 -0.009192348 0.999956965 0.001244584 -2.265132666 -0.008769419 -0.001325203 0.999960661 82.188980103
0.999889851 0.009215621 0.011626709 1.643083215 -0.009227818 0.999956906 0.000995932 -2.276551008 -0.011617029 -0.001103112 0.999931872 82.729690552
0.999835193 0.009335067 0.015572265 1.659589171 -0.009350963 0.999955833 0.000948185 -2.284187317 -0.015562725 -0.001093644 0.999878287 83.285041809
0.999789655 0.008773535 0.018538980 1.691476226 -0.008786371 0.999961138 0.000611027 -2.301134586 -0.018532900 -0.000773789 0.999827981 83.810340881
0.999704242 0.009089778 0.022557672 1.717693567 -0.009109646 0.999958217 0.000778180 -2.318435192 -0.022549657 -0.000983442 0.999745250 84.358428955
0.999546468 0.009215493 0.028670024 1.747602582 -0.009237331 0.999957144 0.000629388 -2.327016830 -0.028662991 -0.000893937 0.999588847 84.903038025
0.999354601 0.009016136 0.034770675 1.782347798 -0.009038845 0.999959052 0.000495987 -2.344168901 -0.034764774 -0.000809953 0.999395192 85.440452576
0.999120355 0.008851545 0.040989522 1.818992138 -0.008879140 0.999960423 0.000491236 -2.357825279 -0.040983558 -0.000854755 0.999159455 85.981002808
0.998743653 0.009362407 0.049227692 1.860002041 -0.009408439 0.999955475 0.000703451 -2.373780012 -0.049218919 -0.001165722 0.998787344 86.537658691
0.998294055 0.009056463 0.057679437 1.912828922 -0.009081855 0.999958754 0.000178102 -2.388617992 -0.057675444 -0.000701635 0.998335063 87.075691223
0.997844815 0.008392545 0.065077804 1.965314150 -0.008439560 0.999964416 0.000447594 -2.406708717 -0.065071717 -0.000995857 0.997880101 87.613220215
0.997185826 0.009073548 0.074417479 2.016688347 -0.009129346 0.999958158 0.000409665 -2.421009064 -0.074410662 -0.001087895 0.997227073 88.151771545
0.996427834 0.008894775 0.083978757 2.089671135 -0.008903283 0.999960244 -0.000273212 -2.433890104 -0.083977871 -0.000475451 0.996467531 88.705322266
0.995672822 0.008248282 0.092561513 2.160810947 -0.008259442 0.999965847 -0.000262511 -2.447252989 -0.092560530 -0.000503131 0.995706916 89.253608704
0.994948983 0.007852687 0.100074485 2.231386185 -0.007819573 0.999969184 -0.000723139 -2.461140394 -0.100077063 -0.000063053 0.994979680 89.810516357
0.993853807 0.008172756 0.110399038 2.310123444 -0.008090233 0.999966562 -0.001195427 -2.474148273 -0.110405117 0.000294926 0.993886650 90.348358154
0.992684066 0.007067926 0.120533898 2.405805588 -0.006986572 0.999974906 -0.001097556 -2.491296053 -0.120538659 0.000247407 0.992708623 90.882835388
0.991510987 0.007426155 0.129810676 2.486076355 -0.007308458 0.999972403 -0.001383023 -2.502368212 -0.129817337 0.000422566 0.991537809 91.437873840
0.989972949 0.005928033 0.141132474 2.598544121 -0.005774372 0.999982119 -0.001498283 -2.519572258 -0.141138837 0.000668308 0.989989519 91.973022461
0.988160908 0.005248750 0.153330892 2.707888603 -0.005034020 0.999985754 -0.001788647 -2.542840242 -0.153338075 0.000995600 0.988173425 92.496192932
0.986426234 0.004823988 0.164134070 2.817636490 -0.004631863 0.999988079 -0.001553245 -2.560936451 -0.164139599 0.000771915 0.986436903 93.042472839
0.984673083 0.004858639 0.174342409 2.940559387 -0.004585353 0.999987543 -0.001970285 -2.569609642 -0.174349815 0.001140665 0.984683096 93.587844849
0.982323289 0.004646120 0.187134519 3.060380936 -0.004468604 0.999989092 -0.001370437 -2.586967468 -0.187138841 0.000509982 0.982333362 94.119552612
0.979894578 0.003862265 0.199478209 3.201473236 -0.003595868 0.999992073 -0.001697739 -2.610661268 -0.199483186 0.000946308 0.979900718 94.658523560
0.977763236 0.003923832 0.209675208 3.340602875 -0.003698352 0.999992073 -0.001467451 -2.626875639 -0.209679335 0.000659367 0.977769971 95.199546814
0.974775195 0.004260446 0.223148495 3.486715317 -0.004027298 0.999990761 -0.001499883 -2.646271944 -0.223152816 0.000563363 0.974783361 95.730300903
0.971692681 0.003231813 0.236226305 3.632787704 -0.002929059 0.999994397 -0.001632546 -2.660093069 -0.236230224 0.000894412 0.971696675 96.277534485
0.968927801 0.003163766 0.247323141 3.788846970 -0.002940702 0.999994874 -0.001271296 -2.678061008 -0.247325867 0.000504491 0.968932152 96.788162231
0.966081321 0.002676442 0.258224159 3.966506958 -0.002331883 0.999995887 -0.001640599 -2.701769352 -0.258227497 0.000982804 0.966083646 97.346656799
0.962409019 0.002336991 0.271594167 4.139257431 -0.002041640 0.999996960 -0.001370030 -2.723478079 -0.271596491 0.000764032 0.962410927 97.857078552
0.958775878 0.001856621 0.284157723 4.325727463 -0.001367971 0.999997199 -0.001918083 -2.734118938 -0.284160465 0.001450292 0.958775640 98.414466858
0.954942644 0.002400496 0.296780795 4.493770599 -0.002095806 0.999996841 -0.001344810 -2.754004240 -0.296783119 0.000662221 0.954944670 98.925514221
0.950939834 0.001428538 0.309372634 4.709247589 -0.000955603 0.999998152 -0.001680219 -2.767526150 -0.309374452 0.001302150 0.950939417 99.475097656
0.946395636 0.000585815 0.323009193 4.917381287 0.000050359 0.999998093 -0.001961161 -2.779465914 -0.323009789 0.001872301 0.946393788 100.012489319
0.942382991 0.000453964 0.334535688 5.125305176 0.000271208 0.999997735 -0.002120986 -2.797497034 -0.334535837 0.002089510 0.942380726 100.528503418
0.937634766 -0.000317202 0.347621858 5.344442368 0.001076797 0.999997437 -0.001991939 -2.818462372 -0.347620279 0.002242030 0.937632740 101.029815674
0.932188809 -0.000532341 0.361972094 5.561536789 0.001299694 0.999997318 -0.001876444 -2.836305618 -0.361970156 0.002219652 0.932187080 101.534736633
0.927430272 -0.001088781 0.373994857 5.809125900 0.001949181 0.999996185 -0.001922357 -2.851057053 -0.373991370 0.002511835 0.927428782 102.079963684
0.922652364 -0.001351899 0.385630488 6.020706177 0.002219725 0.999995887 -0.001805202 -2.871295929 -0.385626525 0.002521567 0.922651529 102.513618469
0.916513085 -0.001490287 0.400001884 6.297473907 0.002372716 0.999995708 -0.001710854 -2.886692047 -0.399997622 0.002517111 0.916512728 103.116516113
0.910878718 -0.002000035 0.412669361 6.550910950 0.003052996 0.999993563 -0.001892282 -2.900127649 -0.412662894 0.002983517 0.910878956 103.610115051
0.905883074 -0.002864989 0.423518449 6.806007385 0.004139985 0.999989271 -0.002090544 -2.917894602 -0.423507929 0.003647148 0.905884981 104.102249146
0.900061905 -0.002930097 0.435752362 7.066204071 0.004213020 0.999989212 -0.001977988 -2.931105852 -0.435741842 0.003616145 0.900064349 104.592857361
0.893334031 -0.004007953 0.449375391 7.355628967 0.005502743 0.999982953 -0.002020369 -2.952442408 -0.449359626 0.004277663 0.893340707 105.112304688
0.887569785 -0.004109570 0.460654914 7.627056122 0.005717690 0.999981463 -0.002095615 -2.970626116 -0.460637808 0.004493886 0.887576818 105.559425354
0.881833613 -0.004291477 0.471541107 7.904865265 0.006002306 0.999979734 -0.002124196 -2.986152172 -0.471522421 0.004703521 0.881841540 106.033287048
0.874112606 -0.005436135 0.485692948 8.180656433 0.007132365 0.999973238 -0.001644045 -3.004168987 -0.485671014 0.004901219 0.874127924 106.485244751
0.866710842 -0.004869266 0.498787224 8.488418579 0.006700992 0.999975741 -0.001881912 -3.010679483 -0.498765975 0.004973444 0.866722405 106.981643677
