1.000000000 0.000000000 0.000000000 0.000000000 0.000000000 1.000000000 0.000000000 0.000000000 0.000000000 0.000000000 1.000000000 0.000000000
1.000000000 0.000012281 0.000106004 -0.000614702 -0.000012283 1.000000000 0.000013916 0.000463700 -0.000106004 -0.000013918 1.000000000 0.000964083
0.999999940 0.000134719 0.000236526 -0.001659525 -0.000134769 0.999999940 0.000213145 -0.000445358 -0.000236497 -0.000213177 0.999999940 0.000392182
1.000000000 0.000130180 0.000019905 -0.000235538 -0.000130185 0.999999940 0.000235771 -0.000923893 -0.000019874 -0.000235774 1.000000000 -0.000109439
1.000000000 0.000127605 0.000199634 -0.001676050 -0.000127642 1.000000000 0.000184361 -0.001350815 -0.000199610 -0.000184387 0.999999940 -0.000172223
1.000000000 -0.000106906 0.000072924 -0.001036769 0.000106894 1.000000000 0.000160633 -0.001494938 -0.000072941 -0.000160625 1.000000000 -0.001530928
1.000000000 -0.000128541 0.000152837 -0.001485298 0.000128544 1.000000000 -0.000018213 -0.000319594 -0.000152834 0.000018233 1.000000000 0.000334282
1.000000000 -0.000136085 0.000188333 -0.001181483 0.000136059 1.000000000 0.000136054 -0.000493563 -0.000188351 -0.000136028 1.000000000 0.001176503
1.000000000 0.000065939 0.000214417 -0.001817076 -0.000065958 1.000000000 0.000091239 0.000312422 -0.000214411 -0.000091253 1.000000000 0.001101895
1.000000000 -0.000018886 0.000172346 -0.000783545 0.000018878 1.000000000 0.000045279 -0.000602747 -0.000172347 -0.000045276 1.000000000 -0.000933539
1.000000000 -0.000018652 0.000130321 -0.000438110 0.000018641 1.000000000 0.000084854 0.000122482 -0.000130322 -0.000084852 1.000000000 0.001125316
1.000000000 0.000140928 0.000125671 -0.000501133 -0.000140946 1.000000000 0.000136397 -0.001030989 -0.000125652 -0.000136415 1.000000000 -0.000127463
0.999999940 0.000175778 0.000305408 -0.002071544 -0.000175791 1.000000000 0.000041058 0.000306422 -0.000305401 -0.000041112 0.999999940 0.001483612
1.000000000 0.000001204 0.000137893 -0.000997086 -0.000001218 1.000000000 0.000100312 0.000697667 -0.000137893 -0.000100312 1.000000000 0.000491839
0.999999940 0.000016862 0.000273292 -0.001966684 -0.000016907 1.000000000 0.000164400 -0.000363855 -0.000273290 -0.000164405 0.999999940 0.000012494
1.000000000 -0.000033440 0.000058641 -0.001631607 0.000033438 1.000000000 0.000045854 0.001400294 -0.000058643 -0.000045852 1.000000000 0.002622976
1.000000000 -0.000191084 0.000097646 -0.001782717 0.000191074 1.000000000 0.000101291 0.000713276 -0.000097665 -0.000101272 1.000000000 0.002643946
0.999999881 -0.000041599 0.000268064 -0.001990582 0.000041554 1.000000000 0.000167104 -0.000753516 -0.000268070 -0.000167093 0.999999940 0.001455412
0.999999881 0.000044844 0.000284883 -0.002072893 -0.000044889 1.000000000 0.000157983 -0.000892352 -0.000284876 -0.000157996 0.999999940 0.000596317
0.999999881 0.000276295 0.000190857 -0.001448864 -0.000276350 1.000000000 0.000289255 -0.001015775 -0.000190777 -0.000289308 0.999999940 0.000133290
0.999999940 0.000027341 0.000204952 -0.001287792 -0.000027399 1.000000000 0.000282115 -0.001419639 -0.000204944 -0.000282120 0.999999940 0.000660514
0.999999881 0.000144402 0.000209151 -0.001551070 -0.000144427 1.000000000 0.000120600 -0.000630844 -0.000209133 -0.000120630 0.999999940 0.000335112
0.999999881 -0.000084232 0.000238383 -0.001393844 0.000084193 1.000000000 0.000162176 -0.000635575 -0.000238397 -0.000162156 0.999999940 -0.000382016
0.999999940 0.000034860 0.000225824 -0.001368360 -0.000034867 1.000000000 0.000032455 0.000142326 -0.000225823 -0.000032463 1.000000000 0.000977355
0.999999881 0.000010995 0.000322144 -0.002116246 -0.000011010 1.000000000 0.000048520 -0.000559331 -0.000322143 -0.000048524 0.999999940 0.000244357
0.999999940 -0.000003256 0.000207270 -0.000989018 0.000003215 1.000000000 0.000197399 -0.001012360 -0.000207270 -0.000197398 0.999999881 0.000604008
0.999999940 0.000030586 0.000062350 -0.000783758 -0.000030594 1.000000000 0.000127597 -0.001541604 -0.000062346 -0.000127599 1.000000000 -0.001668878
0.999999881 0.000003681 0.000264147 -0.002043877 -0.000003734 1.000000000 0.000201707 -0.001901913 -0.000264146 -0.000201708 0.999999940 -0.001560263
0.999999821 0.000447096 0.000211654 -0.002549491 -0.000447173 0.999999821 0.000366130 -0.002419514 -0.000211490 -0.000366225 0.999999940 0.000135463
0.999999940 0.000080918 0.000179157 -0.001435865 -0.000080970 1.000000000 0.000290060 -0.001651522 -0.000179134 -0.000290074 0.999999940 -0.000494891
0.999999881 0.000189040 0.000223322 -0.001906276 -0.000189101 1.000000000 0.000271420 -0.001768347 -0.000223270 -0.000271462 0.999999940 -0.000250690
0.999999940 0.000065772 0.000051325 -0.000305228 -0.000065790 0.999999940 0.000352899 -0.002101256 -0.000051302 -0.000352902 0.999999881 0.000487415
0.999999940 0.000195127 0.000154456 -0.001689870 -0.000195181 0.999999940 0.000352188 -0.002122346 -0.000154387 -0.000352218 0.999999940 -0.000078901
0.999999881 0.000068623 0.000283677 -0.002096039 -0.000068672 1.000000000 0.000172885 -0.000941562 -0.000283666 -0.000172904 0.999999940 0.000254059
0.999999940 0.000028327 0.000202681 -0.001077413 -0.000028352 1.000000000 0.000123835 -0.000484044 -0.000202677 -0.000123840 0.999999940 0.000870033
0.999999940 0.000125816 0.000180603 -0.001136372 -0.000125841 1.000000000 0.000138259 0.000473854 -0.000180586 -0.000138282 0.999999940 0.001812817
0.999999881 0.000041493 0.000293630 -0.001986018 -0.000041522 1.000000000 0.000099440 0.000509413 -0.000293626 -0.000099453 0.999999940 0.000591394
0.999999881 0.000197793 0.000212722 -0.001670646 -0.000197862 1.000000000 0.000323158 -0.001685303 -0.000212658 -0.000323200 0.999999940 -0.000437071
0.999999940 0.000032234 0.000194427 -0.001230540 -0.000032287 1.000000000 0.000267838 -0.000916780 -0.000194418 -0.000267844 0.999999940 0.001345670
0.999999940 -0.000093862 0.000228251 -0.000894315 0.000093838 1.000000000 0.000103714 -0.000175952 -0.000228260 -0.000103693 0.999999881 0.000620528
0.999999881 -0.000059521 0.000299413 -0.001358836 0.000059500 1.000000000 0.000068901 0.000564547 -0.000299417 -0.000068883 0.999999940 0.003308356
0.999999940 -0.000134324 0.000345476 -0.000810923 0.000134473 0.999999940 -0.000431941 -0.002859272 -0.000345418 0.000431988 0.999999762 0.049766365
0.999999762 0.000011905 0.000630489 -0.010414690 -0.000011588 0.999999881 -0.000501594 -0.022845443 -0.000630494 0.000501586 0.999999702 0.139008865
0.999999702 0.000565952 0.000666594 -0.009995205 -0.000565397 0.999999523 -0.000832765 -0.025003852 -0.000667065 0.000832388 0.999999464 0.254325986
0.999999762 -0.000456921 0.000501964 -0.003973954 0.000457250 0.999999702 -0.000655708 -0.030271379 -0.000501665 0.000655938 0.999999642 0.382875144
0.999999106 -0.001270259 0.000271009 -0.003657349 0.001270411 0.999999046 -0.000562782 -0.025677104 -0.000270293 0.000563126 0.999999821 0.518192172
0.999999762 -0.000090279 0.000691306 0.003339561 0.000090578 0.999999881 -0.000432376 -0.030447794 -0.000691267 0.000432439 0.999999642 0.670522034
0.999999642 -0.000421354 0.000765208 0.007296308 0.000421512 0.999999881 -0.000205468 -0.034030844 -0.000765121 0.000205790 0.999999702 0.834365606
0.999999762 -0.000096262 0.000724934 0.010863003 0.000096158 0.999999940 0.000143313 -0.044537026 -0.000724948 -0.000143243 0.999999762 0.991933584
0.999999762 0.000020896 0.000719508 0.011133894 -0.000020835 1.000000119 -0.000084989 -0.051631115 -0.000719510 0.000084974 0.999999762 1.195727825
0.999999523 0.000209491 0.000939022 0.011263473 -0.000209333 1.000000000 -0.000168532 -0.050679378 -0.000939057 0.000168335 0.999999583 1.384557128
0.999999762 -0.000114936 0.000752485 0.019456781 0.000115082 1.000000000 -0.000194850 -0.058128737 -0.000752462 0.000194937 0.999999702 1.569681644
0.999999464 0.000665746 0.000788023 0.023374123 -0.000666201 0.999999523 0.000577799 -0.070381276 -0.000787638 -0.000578324 0.999999464 1.771135449
0.999999821 0.000279571 0.000511889 0.030272344 -0.000279878 0.999999762 0.000598957 -0.075401500 -0.000511721 -0.000599101 0.999999702 1.971808434
0.999999702 -0.000718162 0.000329457 0.037897367 0.000718045 0.999999702 0.000356329 -0.077548079 -0.000329713 -0.000356092 0.999999881 2.192198753
0.999999642 -0.000700522 0.000320046 0.043692447 0.000700499 0.999999821 0.000071086 -0.080574840 -0.000320096 -0.000070862 0.999999940 2.410073280
0.999999702 0.000234190 0.000713749 0.042279229 -0.000234199 1.000000000 0.000012350 -0.089397781 -0.000713746 -0.000012517 0.999999762 2.631422997
0.999999404 0.000475576 0.000968412 0.043084435 -0.000476022 0.999999762 0.000460920 -0.096762471 -0.000968192 -0.000461381 0.999999344 2.870985270
0.999999583 0.000274224 0.000885340 0.045995127 -0.000274676 0.999999881 0.000510088 -0.103709958 -0.000885200 -0.000510331 0.999999404 3.101972103
0.999999762 -0.000226882 0.000609242 0.060528398 0.000226728 0.999999881 0.000252552 -0.110949129 -0.000609300 -0.000252414 0.999999762 3.344173431
0.999999702 -0.000021345 0.000675930 0.065847434 0.000021198 0.999999940 0.000217631 -0.118712142 -0.000675934 -0.000217616 0.999999702 3.589789867
0.999999821 -0.000530505 0.000202765 0.078402407 0.000530409 0.999999762 0.000469590 -0.126982182 -0.000203014 -0.000469482 0.999999821 3.844823360
0.999999583 -0.000563371 0.000713070 0.068944767 0.000563388 0.999999821 -0.000024354 -0.128824532 -0.000713056 0.000024756 0.999999762 4.107290268
0.999999702 0.000322419 0.000724284 0.073940076 -0.000323129 0.999999464 0.000980799 -0.146204457 -0.000723968 -0.000981033 0.999999285 4.354648113
0.999999642 -0.000058331 0.000921183 0.079628646 0.000057302 0.999999404 0.001116919 -0.153160900 -0.000921247 -0.001116866 0.999998987 4.612171650
0.999999642 -0.000007840 0.000865559 0.086464189 0.000007041 0.999999583 0.000923350 -0.156401128 -0.000865566 -0.000923343 0.999999225 4.867246151
0.999998093 0.001726985 0.000827193 0.092168078 -0.001727830 0.999997973 0.001021490 -0.166601136 -0.000825427 -0.001022917 0.999999166 5.125749588
0.999997437 0.002091356 0.000802408 0.097229578 -0.002091936 0.999997556 0.000722962 -0.172847852 -0.000800894 -0.000724639 0.999999404 5.392912388
0.999999642 0.000157665 0.000836597 0.105468228 -0.000158727 0.999999106 0.001269223 -0.186406955 -0.000836396 -0.001269355 0.999998868 5.667162418
0.999999583 -0.000526477 0.000712163 0.115388982 0.000525349 0.999998569 0.001583445 -0.194458693 -0.000712996 -0.001583070 0.999998569 5.932067394
0.999999762 -0.000198889 0.000608854 0.122607656 0.000198095 0.999999046 0.001303991 -0.200624883 -0.000609112 -0.001303870 0.999998927 6.213340282
0.999999523 0.000188783 0.000871102 0.123715080 -0.000189589 0.999999583 0.000925129 -0.207189336 -0.000870927 -0.000925294 0.999999166 6.494051933
0.999999583 -0.000153944 0.000849084 0.129431486 0.000153493 0.999999881 0.000531537 -0.213932380 -0.000849166 -0.000531407 0.999999464 6.782035828
0.999999523 0.000161046 0.000954800 0.135971934 -0.000162911 0.999998033 0.001953511 -0.234139204 -0.000954484 -0.001953665 0.999997616 7.086705208
0.999999762 0.000208035 0.000635237 0.145944670 -0.000209244 0.999998212 0.001904132 -0.241376996 -0.000634840 -0.001904264 0.999997973 7.391646385
0.999999762 0.000330238 0.000646695 0.154736593 -0.000331187 0.999998868 0.001467980 -0.249684155 -0.000646209 -0.001468193 0.999998689 7.674018860
0.999999642 0.000354648 0.000850475 0.158784166 -0.000356447 0.999997735 0.002116081 -0.263444632 -0.000849722 -0.002116384 0.999997377 7.987753391
0.999999583 -0.000179842 0.001015869 0.161652535 0.000178131 0.999998569 0.001684210 -0.264881909 -0.001016171 -0.001684028 0.999998093 8.295008659
0.999999881 -0.000030051 0.000431002 0.176728815 0.000029179 0.999997973 0.002021176 -0.278189898 -0.000431062 -0.002021164 0.999997795 8.615480423
0.999999464 -0.000136827 0.001011454 0.179129064 0.000134675 0.999997675 0.002127304 -0.286900818 -0.001011743 -0.002127167 0.999997199 8.949846268
0.999999523 -0.000356731 0.000886455 0.186674938 0.000354932 0.999997854 0.002029499 -0.297149062 -0.000887177 -0.002029183 0.999997556 9.287636757
0.999999404 -0.000339681 0.000990205 0.191095129 0.000337601 0.999997735 0.002099906 -0.308258623 -0.000990916 -0.002099570 0.999997258 9.626188278
0.999999344 -0.000333243 0.001118715 0.198445335 0.000331353 0.999998510 0.001689797 -0.309037924 -0.001119276 -0.001689425 0.999997973 9.981246948
0.999999642 -0.000244695 0.000820602 0.210347742 0.000242998 0.999997854 0.002067335 -0.323634446 -0.000821106 -0.002067135 0.999997437 10.328204155
0.999999642 -0.000362370 0.000771413 0.218757242 0.000360592 0.999997258 0.002303121 -0.336975098 -0.000772245 -0.002302842 0.999997079 10.671800613
0.999999762 -0.000112649 0.000640564 0.226022437 0.000111174 0.999997258 0.002301966 -0.343286663 -0.000640821 -0.002301894 0.999997139 11.042572975
0.999998987 0.000050812 0.001435500 0.224056482 -0.000054011 0.999997437 0.002228032 -0.354249060 -0.001435384 -0.002228107 0.999996424 11.415792465
0.999999404 -0.000737113 0.000773688 0.243400276 0.000735302 0.999996960 0.002337929 -0.364310563 -0.000775409 -0.002337359 0.999996960 11.787392616
0.999999166 -0.000106767 0.001295429 0.247588933 0.000104005 0.999997735 0.002132094 -0.375574529 -0.001295654 -0.002131957 0.999996901 12.172244072
0.999999344 -0.000582955 0.000968912 0.261249095 0.000580802 0.999997318 0.002221263 -0.385210752 -0.000970205 -0.002220699 0.999997020 12.557294846
0.999999106 -0.000233346 0.001296350 0.262910306 0.000230147 0.999996901 0.002467465 -0.397096694 -0.001296922 -0.002467165 0.999996126 12.949952126
0.999999046 -0.000063839 0.001390372 0.269943237 0.000060876 0.999997735 0.002130719 -0.407659560 -0.001390505 -0.002130633 0.999996722 13.343145370
0.999998987 -0.000709864 0.001233667 0.284126461 0.000706741 0.999996543 0.002530146 -0.420290977 -0.001235459 -0.002529272 0.999996066 13.751119614
0.999998093 0.000402851 0.001915104 0.282955736 -0.000407462 0.999997020 0.002407902 -0.427455187 -0.001914128 -0.002408678 0.999995232 14.165306091
0.999998152 -0.000566441 0.001831021 0.292499185 0.000561757 0.999996543 0.002557664 -0.445490897 -0.001832464 -0.002556631 0.999995053 14.576945305
0.999997616 -0.000244873 0.002157005 0.302229226 0.000239266 0.999996603 0.002598953 -0.454366386 -0.002157634 -0.002598431 0.999994278 15.004272461
0.999997377 -0.000266060 0.002283140 0.312823772 0.000260104 0.999996543 0.002608301 -0.466967642 -0.002283826 -0.002607700 0.999993920 15.436756134
0.999996364 -0.000306045 0.002683895 0.322858423 0.000298210 0.999995708 0.002919342 -0.482216477 -0.002684777 -0.002918531 0.999992073 15.871790886
0.999996245 -0.001037787 0.002522358 0.338176906 0.001030460 0.999995351 0.002904553 -0.493072748 -0.002525360 -0.002901944 0.999992549 16.307178497
0.999995589 -0.000551256 0.002917891 0.343514860 0.000543065 0.999995887 0.002807200 -0.504745305 -0.002919427 -0.002805603 0.999991775 16.747232437
0.999995112 -0.000789318 0.003029118 0.356673926 0.000779629 0.999994576 0.003198316 -0.519374669 -0.003031626 -0.003195939 0.999990284 17.197330475
0.999993801 -0.000724134 0.003443250 0.368906528 0.000712006 0.999993563 0.003522160 -0.531542540 -0.003445778 -0.003519686 0.999987900 17.665128708
0.999992907 -0.000523372 0.003714785 0.375429511 0.000510574 0.999993920 0.003445098 -0.544978201 -0.003716565 -0.003443177 0.999987185 18.105157852
0.999989152 -0.000168214 0.004650984 0.375013888 0.000149151 0.999991536 0.004098695 -0.560459077 -0.004651635 -0.004097957 0.999980807 18.540319443
0.999993324 -0.000690872 0.003596324 0.400742382 0.000677799 0.999993145 0.003635001 -0.572126985 -0.003598811 -0.003632539 0.999986947 19.018938065
0.999993682 -0.000930283 0.003428848 0.416877121 0.000916613 0.999991655 0.003985906 -0.587500095 -0.003432527 -0.003982739 0.999986172 19.495613098
0.999994397 -0.001115063 0.003149969 0.430559129 0.001102605 0.999991596 0.003953962 -0.597383976 -0.003154351 -0.003950466 0.999987185 19.972982407
0.999993384 -0.001268098 0.003420550 0.439430326 0.001256234 0.999993145 0.003468282 -0.605513453 -0.003424925 -0.003463961 0.999988139 20.466823578
0.999995828 -0.001156631 0.002656345 0.454577386 0.001146292 0.999991715 0.003890528 -0.618860781 -0.002660824 -0.003887467 0.999988914 20.963365555
0.999997318 -0.000994866 0.002082722 0.463544667 0.000987131 0.999992549 0.003711339 -0.628041148 -0.002086399 -0.003709273 0.999990940 21.467573166
0.999996960 -0.000897269 0.002301801 0.473150849 0.000889929 0.999994516 0.003187914 -0.639436483 -0.002304649 -0.003185856 0.999992311 21.966192245
0.999998808 -0.000932452 0.001233484 0.480446905 0.000928538 0.999994695 0.003169187 -0.645513177 -0.001236432 -0.003168039 0.999994218 22.500427246
0.999999702 -0.000681324 0.000648633 0.489181221 0.000679136 0.999994040 0.003366564 -0.661815524 -0.000650923 -0.003366122 0.999994040 23.018493652
0.999999583 -0.000830096 0.000213203 0.498443127 0.000829428 0.999994814 0.003113055 -0.674361169 -0.000215786 -0.003112877 0.999995112 23.539657593
0.999997914 -0.001961246 -0.000606584 0.508039534 0.001962780 0.999994874 0.002538119 -0.686080992 0.000601603 -0.002539304 0.999996603 24.062974930
0.999998868 -0.000989161 -0.001127116 0.518060386 0.000992881 0.999994040 0.003304745 -0.704243839 0.001123840 -0.003305860 0.999993861 24.590610504
0.999997914 -0.000664606 -0.001940639 0.527538717 0.000670823 0.999994636 0.003204747 -0.715369046 0.001938498 -0.003206041 0.999992967 25.124250412
0.999996901 -0.000491326 -0.002434647 0.534005821 0.000499603 0.999994099 0.003400185 -0.728547871 0.002432962 -0.003401391 0.999991238 25.663080215
0.999996364 -0.000658353 -0.002606321 0.540210128 0.000667315 0.999993920 0.003439008 -0.741252899 0.002604041 -0.003440734 0.999990702 26.214769363
0.999993742 -0.001434795 -0.003226667 0.554207861 0.001448185 0.999990344 0.004151218 -0.761990428 0.003220680 -0.004155865 0.999986172 26.764657974
0.999991655 -0.001359949 -0.003849086 0.565642595 0.001377893 0.999988139 0.004663035 -0.786142707 0.003842698 -0.004668300 0.999981701 27.315164566
0.999990284 -0.000513085 -0.004365972 0.574201882 0.000529646 0.999992669 0.003792814 -0.797882140 0.004363993 -0.003795089 0.999983311 27.860998154
0.999987841 -0.001037858 -0.004816819 0.580251813 0.001057615 0.999991000 0.004100737 -0.807966292 0.004812520 -0.004105781 0.999979973 28.417690277
0.999985158 -0.000969029 -0.005358720 0.591888785 0.000992512 0.999989867 0.004381231 -0.826918602 0.005354422 -0.004386485 0.999976039 28.957233429
0.999982178 -0.001293285 -0.005824202 0.601673603 0.001319456 0.999989033 0.004491988 -0.839080095 0.005818328 -0.004499591 0.999972939 29.504671097
0.999981165 -0.001157575 -0.006018146 0.605242968 0.001186223 0.999987900 0.004758955 -0.853639185 0.006012565 -0.004766005 0.999970555 30.045892715
0.999977767 -0.001613026 -0.006471567 0.618237913 0.001643254 0.999987781 0.004668316 -0.868713200 0.006463957 -0.004678847 0.999968171 30.593250275
0.999973357 -0.001546558 -0.007136823 0.629140258 0.001581020 0.999987125 0.004825668 -0.883983076 0.007129268 -0.004836821 0.999962866 31.130031586
0.999970257 -0.001639857 -0.007539897 0.636709213 0.001676738 0.999986649 0.004887742 -0.897406936 0.007531783 -0.004900239 0.999959588 31.674762726
0.999967635 -0.001873562 -0.007826729 0.645649672 0.001911673 0.999986351 0.004864700 -0.912075162 0.007817508 -0.004879504 0.999957561 32.213687897
0.999960423 -0.001964798 -0.008673749 0.653418779 0.002006449 0.999986470 0.004795819 -0.924611330 0.008664208 -0.004813033 0.999950886 32.753028870
0.999959409 -0.001951214 -0.008787758 0.659317374 0.001993066 0.999986708 0.004756372 -0.938441634 0.008778361 -0.004773695 0.999949992 33.295528412
0.999957085 -0.002046884 -0.009033198 0.667675138 0.002089878 0.999986529 0.004752764 -0.949755847 0.009023348 -0.004771438 0.999947906 33.840747833
0.999953091 -0.002227349 -0.009427646 0.672456980 0.002277705 0.999983191 0.005333910 -0.969746470 0.009415607 -0.005355133 0.999941349 34.371086121
0.999954045 -0.002138283 -0.009346224 0.682143450 0.002188908 0.999982953 0.005409704 -0.984144926 0.009334499 -0.005429914 0.999941647 34.914745331
0.999953568 -0.002135390 -0.009398414 0.690840006 0.002187796 0.999982059 0.005569289 -0.998155832 0.009386352 -0.005589593 0.999940276 35.454792023
0.999951720 -0.002095494 -0.009599452 0.697566032 0.002149946 0.999981761 0.005665643 -1.016597033 0.009587403 -0.005686007 0.999937892 35.995136261
0.999956131 -0.001826935 -0.009184897 0.699706793 0.001875106 0.999984503 0.005238719 -1.022994995 0.009175184 -0.005255712 0.999944091 36.555664062
0.999956429 -0.001887010 -0.009139149 0.704667687 0.001934754 0.999984503 0.005218093 -1.034048796 0.009129163 -0.005235548 0.999944627 37.082210541
0.999953330 -0.001417550 -0.009557747 0.711938560 0.001470943 0.999983311 0.005581730 -1.053037524 0.009549676 -0.005595528 0.999938726 37.625061035
0.999954700 -0.001482327 -0.009417473 0.717912078 0.001532430 0.999984682 0.005315316 -1.061791897 0.009409449 -0.005329506 0.999941528 38.164474487
0.999950349 -0.001449347 -0.009860395 0.726457655 0.001506236 0.999982238 0.005764414 -1.078147769 0.009851865 -0.005778980 0.999934793 38.700496674
0.999949336 -0.001627193 -0.009935354 0.728198886 0.001679887 0.999984562 0.005297690 -1.087545991 0.009926580 -0.005314112 0.999936581 39.241935730
0.999951482 -0.001253807 -0.009772652 0.738621652 0.001311636 0.999981582 0.005913276 -1.105697870 0.009765059 -0.005925807 0.999934733 39.783313751
0.999943972 -0.002254554 -0.010345378 0.754383981 0.002315927 0.999979734 0.005924239 -1.122463942 0.010331812 -0.005947866 0.999928892 40.310943604
0.999951243 -0.001115358 -0.009811339 0.738867879 0.001173927 0.999981523 0.005965795 -1.131282210 0.009804501 -0.005977022 0.999934077 40.862796783
0.999950945 -0.001237332 -0.009821628 0.746540189 0.001297052 0.999980688 0.006076458 -1.141420722 0.009813922 -0.006088899 0.999933243 41.398056030
0.999947429 -0.000807552 -0.010221654 0.748120785 0.000871279 0.999980152 0.006231590 -1.159621477 0.010216420 -0.006240168 0.999928296 41.939247131
0.999938130 -0.000829125 -0.011087319 0.770157158 0.000898504 0.999980092 0.006253975 -1.171847582 0.011081914 -0.006263550 0.999918938 42.470951080
0.999944866 -0.001374702 -0.010411780 0.763139784 0.001440546 0.999979138 0.006319157 -1.182262301 0.010402877 -0.006333809 0.999925852 43.015457153
0.999950707 -0.001197853 -0.009861073 0.773840785 0.001260738 0.999978900 0.006373342 -1.198477983 0.009853231 -0.006385459 0.999931097 43.588275909
0.999943972 -0.001670800 -0.010447854 0.769465268 0.001739379 0.999976933 0.006558192 -1.207790017 0.010436656 -0.006575997 0.999923825 44.092887878
0.999939680 -0.001326465 -0.010896666 0.778091669 0.001398049 0.999977469 0.006564322 -1.218391895 0.010887712 -0.006579160 0.999919057 44.647212982
0.999942780 -0.001138946 -0.010629599 0.782133341 0.001201630 0.999981940 0.005892579 -1.225128651 0.010622695 -0.005905015 0.999926150 45.193954468
0.999941111 -0.002118564 -0.010642799 0.785735190 0.002186357 0.999977350 0.006362284 -1.246105194 0.010629079 -0.006385178 0.999923110 45.740367889
0.999939203 -0.002044604 -0.010838882 0.786450088 0.002117115 0.999975443 0.006682662 -1.257202148 0.010824952 -0.006705203 0.999918938 46.283222198
0.999940515 -0.001923764 -0.010731533 0.790959060 0.001993745 0.999976754 0.006514176 -1.262843132 0.010718753 -0.006535185 0.999921203 46.830818176
0.999944389 -0.002545661 -0.010233367 0.784871697 0.002611761 0.999975801 0.006451130 -1.271196365 0.010216697 -0.006477499 0.999926746 47.378067017
0.999945879 -0.002024908 -0.010206667 0.790409982 0.002089631 0.999977767 0.006334620 -1.281151533 0.010193611 -0.006355606 0.999927759 47.923675537
0.999946654 -0.002353108 -0.010059580 0.795962512 0.002420736 0.999974430 0.006715811 -1.295984507 0.010043521 -0.006739804 0.999926865 48.473690033
0.999949098 -0.002152936 -0.009856676 0.801346958 0.002224125 0.999971449 0.007217160 -1.315288782 0.009840855 -0.007238716 0.999925435 49.007587433
0.999938190 -0.002926803 -0.010728092 0.811774850 0.002995021 0.999975324 0.006348202 -1.323166609 0.010709248 -0.006379941 0.999922216 49.591018677
0.999945283 -0.002148308 -0.010236478 0.810580492 0.002217320 0.999974847 0.006735167 -1.336443424 0.010221752 -0.006757495 0.999924898 50.125949860
0.999948263 -0.001905008 -0.009987799 0.820342541 0.001970116 0.999976873 0.006512908 -1.347167253 0.009975160 -0.006532248 0.999928892 50.653259277
0.999950469 -0.002078747 -0.009731971 0.823866129 0.002140910 0.999977291 0.006381398 -1.359177828 0.009718482 -0.006401916 0.999932289 51.198204041
0.999951065 -0.002007633 -0.009685255 0.831618667 0.002067481 0.999978781 0.006173306 -1.368933201 0.009672654 -0.006193027 0.999934018 51.737972260
0.999958873 -0.002254292 -0.008787234 0.834393740 0.002308372 0.999978364 0.006149091 -1.382195115 0.008773183 -0.006169122 0.999942482 52.285568237
0.999958992 -0.002243401 -0.008771756 0.837795496 0.002293282 0.999981165 0.005680630 -1.388652802 0.008758846 -0.005700513 0.999945343 52.827171326
0.999958634 -0.002352373 -0.008787060 0.839071989 0.002404413 0.999979615 0.005916442 -1.404369950 0.008772966 -0.005937326 0.999943912 53.373188019
0.999960482 -0.001475318 -0.008766240 0.847513437 0.001522569 0.999984324 0.005385905 -1.412608743 0.008758156 -0.005399039 0.999947071 53.921127319
0.999959707 -0.001413045 -0.008864484 0.851527691 0.001465814 0.999981165 0.005949107 -1.432145357 0.008855913 -0.005961860 0.999943018 54.463779449
0.999956131 -0.001782745 -0.009193355 0.861372590 0.001830594 0.999984741 0.005198987 -1.438825011 0.009183946 -0.005215589 0.999944150 55.011436462
0.999951839 -0.002327799 -0.009535903 0.870963693 0.002381796 0.999981165 0.005655061 -1.454978943 0.009522560 -0.005677500 0.999938548 55.555587769
0.999948144 -0.002404807 -0.009893464 0.874425828 0.002460280 0.999981284 0.005598690 -1.462926388 0.009879816 -0.005622740 0.999935389 56.107406616
0.999955595 -0.002194566 -0.009158028 0.879839838 0.002244353 0.999982715 0.005429782 -1.479125977 0.009145955 -0.005450095 0.999943316 56.643283844
0.999942660 -0.002858953 -0.010319634 0.903149128 0.002920363 0.999978006 0.005940688 -1.495384216 0.010302423 -0.005970485 0.999929130 57.189552307
0.999948442 -0.002344902 -0.009876280 0.903921604 0.002401488 0.999980748 0.005721508 -1.508403778 0.009862673 -0.005744932 0.999934793 57.741996765
0.999950588 -0.002457197 -0.009632981 0.913672328 0.002508375 0.999982715 0.005304338 -1.516284704 0.009619783 -0.005328239 0.999939501 58.289989471
0.999950051 -0.002633477 -0.009643925 0.913962305 0.002688835 0.999979973 0.005731680 -1.527071834 0.009628640 -0.005757325 0.999937057 58.838489532
0.999950707 -0.002919247 -0.009481300 0.919400156 0.002969923 0.999981344 0.005335184 -1.536431074 0.009465545 -0.005363082 0.999940813 59.386295319
0.999957800 -0.002254159 -0.008908479 0.925996423 0.002299607 0.999984384 0.005094723 -1.550329804 0.008896856 -0.005114994 0.999947309 59.930896759
0.999957263 -0.002365791 -0.008937961 0.931532800 0.002414041 0.999982536 0.005391313 -1.562693954 0.008925054 -0.005412660 0.999945462 60.484451294
0.999964595 -0.002183387 -0.008115921 0.935859919 0.002226371 0.999983549 0.005290960 -1.576232314 0.008104236 -0.005308843 0.999953032 61.031253815
0.999963284 -0.002167299 -0.008289310 0.947678506 0.002212493 0.999982715 0.005446828 -1.592413425 0.008277362 -0.005464969 0.999950767 61.571090698
0.999966085 -0.001942876 -0.008000814 0.950399637 0.001983844 0.999984860 0.005115697 -1.600881577 0.007990756 -0.005131396 0.999954820 62.121032715
0.999970734 -0.001824362 -0.007418877 0.952215672 0.001864650 0.999983549 0.005427173 -1.614940166 0.007408852 -0.005440850 0.999957740 62.673801422
0.999973536 -0.001930008 -0.007015132 0.957793117 0.001968346 0.999983132 0.005462223 -1.626595855 0.007004471 -0.005475888 0.999960423 63.214992523
0.999976754 -0.001613618 -0.006621774 0.960047007 0.001647679 0.999985337 0.005141649 -1.640623569 0.006613382 -0.005152440 0.999964833 63.763088226
0.999975324 -0.002550638 -0.006542556 0.973887920 0.002584034 0.999983609 0.005101155 -1.651940465 0.006529438 -0.005117936 0.999965608 64.306190491
0.999979973 -0.001661370 -0.006103592 0.976009250 0.001696651 0.999981880 0.005779873 -1.667337656 0.006093878 -0.005790112 0.999964654 64.851402283
0.999983191 -0.001672800 -0.005546934 0.979863167 0.001703327 0.999983430 0.005503194 -1.682026982 0.005537637 -0.005512550 0.999969482 65.398895264
0.999983490 -0.002116120 -0.005342809 0.990570664 0.002142302 0.999985695 0.004899452 -1.687577248 0.005332366 -0.004910818 0.999973655 65.953445435
0.999988496 -0.001425886 -0.004575191 0.989017248 0.001449095 0.999986053 0.005073580 -1.701055884 0.004567892 -0.005080150 0.999976635 66.505935669
0.999989092 -0.000956283 -0.004558055 1.003884554 0.000979764 0.999986231 0.005152087 -1.715369940 0.004553066 -0.005156497 0.999976277 67.051834106
0.999991655 -0.000827588 -0.003995021 1.013302445 0.000849423 0.999984622 0.005466952 -1.730563402 0.003990436 -0.005470301 0.999977052 67.591278076
0.999991357 -0.001184662 -0.004008918 1.031980395 0.001206276 0.999984741 0.005393224 -1.747190714 0.004002468 -0.005398012 0.999977410 68.120834351
0.999990940 -0.001308791 -0.004037692 1.049158931 0.001328553 0.999987125 0.004895535 -1.753576279 0.004031232 -0.004900855 0.999979854 68.668968201
0.999982417 -0.002245363 -0.005491970 1.089592814 0.002270932 0.999986529 0.004653856 -1.762881160 0.005481447 -0.004666246 0.999974072 69.208351135
0.999983430 -0.002098716 -0.005363792 1.104931712 0.002121813 0.999988496 0.004303997 -1.774486184 0.005354697 -0.004315307 0.999976337 69.749114990
0.999987841 -0.001647715 -0.004653580 1.099864125 0.001665116 0.999991655 0.003737955 -1.773907900 0.004647381 -0.003745658 0.999982178 70.315567017
0.999984086 -0.002178610 -0.005201643 1.115985632 0.002201615 0.999987781 0.004421094 -1.795717955 0.005191948 -0.004432476 0.999976695 70.844856262
0.999988914 -0.001642917 -0.004394850 1.117707014 0.001662631 0.999988556 0.004485814 -1.808004975 0.004387430 -0.004493072 0.999980211 71.385078430
0.999989927 -0.001533415 -0.004216419 1.124312878 0.001552021 0.999988973 0.004412986 -1.819210291 0.004209606 -0.004419485 0.999981344 71.915779114
0.999988914 -0.001321345 -0.004522864 1.131492257 0.001338805 0.999991596 0.003859453 -1.822602272 0.004517727 -0.003865465 0.999982297 72.451667786
0.999987662 -0.001853463 -0.004607620 1.148896337 0.001871969 0.999990106 0.004015184 -1.838374734 0.004600133 -0.004023759 0.999981284 72.993667603
0.999989152 -0.001833336 -0.004276065 1.151882529 0.001847336 0.999992967 0.003272508 -1.838778615 0.004270035 -0.003280373 0.999985516 73.539916992
0.999986947 -0.001548206 -0.004871481 1.167732000 0.001568701 0.999989927 0.004206040 -1.864607811 0.004864920 -0.004213628 0.999979258 74.070121765
0.999983132 -0.002181934 -0.005374303 1.189182997 0.002206920 0.999986768 0.004647699 -1.879654527 0.005364091 -0.004659481 0.999974787 74.589797974
0.999982536 -0.002638409 -0.005293643 1.198668242 0.002662511 0.999986112 0.004551167 -1.893691659 0.005281562 -0.004565181 0.999975622 75.130790710
0.999981642 -0.002577412 -0.005478965 1.209029436 0.002602300 0.999986291 0.004540135 -1.906238794 0.005467189 -0.004554310 0.999974608 75.677772522
0.999981642 -0.002339465 -0.005577991 1.219916701 0.002365322 0.999986410 0.004633423 -1.917028904 0.005567076 -0.004646533 0.999973655 76.227851868
0.999976277 -0.002591417 -0.006383758 1.241976500 0.002622885 0.999984443 0.004926043 -1.939502239 0.006370893 -0.004942670 0.999967456 76.754409790
0.999974608 -0.002615184 -0.006632940 1.253984928 0.002646723 0.999985218 0.004750535 -1.948778152 0.006620418 -0.004767970 0.999966741 77.301933289
0.999971271 -0.002491974 -0.007162887 1.261419177 0.002525830 0.999985635 0.004721402 -1.957917452 0.007151019 -0.004739359 0.999963224 77.837165833
0.999975383 -0.001912072 -0.006749844 1.269579172 0.001942100 0.999988258 0.004444913 -1.969333887 0.006741265 -0.004457913 0.999967337 78.379379272
0.999975383 -0.001766293 -0.006793512 1.281805754 0.001798141 0.999987423 0.004684641 -1.983656645 0.006785153 -0.004696743 0.999965966 78.928382874
0.999973416 -0.002159055 -0.006967880 1.291033983 0.002188441 0.999988735 0.004212498 -1.990186095 0.006958707 -0.004227635 0.999966800 79.485252380
0.999979317 -0.002103171 -0.006077600 1.292279005 0.002130261 0.999987781 0.004454425 -2.004500389 0.006068157 -0.004467280 0.999971628 80.027130127
0.999989748 -0.000793500 -0.004463257 1.296006680 0.000813554 0.999989569 0.004493115 -2.013997793 0.004459646 -0.004496699 0.999979973 80.577789307
0.999993205 -0.001879887 -0.003166211 1.311897993 0.001892899 0.999989748 0.004111547 -2.025382042 0.003158449 -0.004117513 0.999986529 81.124244690
0.999997258 -0.001176917 -0.002021935 1.322297454 0.001185898 0.999989390 0.004446485 -2.049480915 0.002016680 -0.004448869 0.999988079 81.656120300
0.999998450 -0.001488800 -0.000924080 1.336766362 0.001492529 0.999990642 0.004047730 -2.054757118 0.000918045 -0.004049103 0.999991357 82.207145691
0.999996066 -0.000972844 0.002598495 1.352241158 0.000962417 0.999991417 0.004011014 -2.067626238 -0.002602375 -0.004008497 0.999988556 82.756973267
0.999978602 -0.001644217 0.006327651 1.374479532 0.001615865 0.999988556 0.004483155 -2.083449125 -0.006334952 -0.004472833 0.999969900 83.298332214
0.999951065 -0.001189673 0.009822932 1.390065193 0.001146507 0.999989688 0.004398877 -2.098618031 -0.009828065 -0.004387400 0.999942064 83.841285706
0.999892235 -0.001064867 0.014636742 1.413253665 0.001000057 0.999989629 0.004434525 -2.113294363 -0.014641314 -0.004419410 0.999883056 84.387161255
0.999789834 -0.000832884 0.020484023 1.444860339 0.000746084 0.999990642 0.004244766 -2.125786543 -0.020487366 -0.004228591 0.999781311 84.940643311
0.999648809 -0.001417592 0.026462408 1.473144650 0.001315503 0.999991655 0.003874917 -2.136446714 -0.026467679 -0.003838745 0.999642313 85.512245178
0.999508739 -0.001146713 0.031319998 1.511813402 0.001010995 0.999989986 0.004348781 -2.152382612 -0.031324673 -0.004314980 0.999499977 86.049468994
0.999207735 -0.001278819 0.039777163 1.544264913 0.001114766 0.999990702 0.004146209 -2.159690857 -0.039782103 -0.004098582 0.999199986 86.612045288
0.998817265 -0.001295472 0.048604272 1.587396383 0.001123869 0.999992967 0.003557768 -2.169640303 -0.048608549 -0.003498935 0.998811781 87.170143127
0.998482049 -0.001528983 0.055058543 1.633253098 0.001310863 0.999991179 0.003997503 -2.181408405 -0.055064160 -0.003919261 0.998475254 87.712463379
0.997940004 -0.002047165 0.064121112 1.689515591 0.001820849 0.999991894 0.003587748 -2.189053297 -0.064127937 -0.003463603 0.997935653 88.262474060
0.997264385 -0.001973390 0.073891014 1.753760338 0.001687365 0.999990821 0.003933129 -2.204913855 -0.073898099 -0.003797689 0.997258544 88.789993286
0.996600032 -0.002505374 0.082352467 1.815358639 0.002187015 0.999989808 0.003955782 -2.212259293 -0.082361549 -0.003762226 0.996595442 89.340370178
0.995891988 -0.002659046 0.090510137 1.882952213 0.002339510 0.999990642 0.003636295 -2.222072363 -0.090518989 -0.003409608 0.995888829 89.894050598
0.994863868 -0.002887137 0.101180546 1.958021164 0.002490834 0.999988675 0.004042909 -2.236365557 -0.101191096 -0.003770120 0.994859874 90.424972534
0.993710518 -0.003575919 0.111922257 2.040176392 0.003155611 0.999987304 0.003932283 -2.243583679 -0.111934900 -0.003554367 0.993709207 90.963752747
0.992589653 -0.003300675 0.121469297 2.120712280 0.002874319 0.999989033 0.003685047 -2.254877567 -0.121480152 -0.003308599 0.992588282 91.512969971
0.991147697 -0.003392305 0.132720172 2.211085320 0.002877958 0.999987721 0.004067058 -2.269802570 -0.132732272 -0.003649093 0.991145194 92.054748535
0.989447117 -0.003400150 0.144854665 2.309813499 0.002870800 0.999988377 0.003863224 -2.282450438 -0.144866139 -0.003406606 0.989445329 92.600723267
0.987722754 -0.003239307 0.156183451 2.412383080 0.002666214 0.999988914 0.003878714 -2.293718815 -0.156194255 -0.003414676 0.987720430 93.153602600
0.985996485 -0.003734856 0.166724265 2.516424179 0.003101128 0.999986947 0.004061232 -2.306737661 -0.166737258 -0.003487327 0.985995173 93.686187744
0.983760417 -0.003523558 0.179451972 2.646831512 0.002817170 0.999987245 0.004191052 -2.319516897 -0.179464445 -0.003617445 0.983757794 94.234107971
0.981401086 -0.003988167 0.191927657 2.772043228 0.003320618 0.999987245 0.003799656 -2.326724529 -0.191940397 -0.003091668 0.981401742 94.778205872
0.979287982 -0.004401897 0.202424362 2.899927139 0.003578602 0.999983788 0.004432978 -2.341796160 -0.202440605 -0.003616767 0.979287803 95.301086426
0.976463437 -0.004279483 0.215640292 3.040946960 0.003429108 0.999984801 0.004317462 -2.352702141 -0.215655491 -0.003476391 0.976463258 95.839447021
0.973426223 -0.004726434 0.228952080 3.191736221 0.003809226 0.999982834 0.004447885 -2.363907814 -0.228969172 -0.003457557 0.973427474 96.348869324
0.970802426 -0.005166202 0.239825010 3.344877243 0.004196464 0.999980867 0.004554015 -2.381211042 -0.239843935 -0.003414631 0.970805466 96.858139038
0.967732608 -0.004969681 0.251930058 3.500350952 0.003997016 0.999982595 0.004372445 -2.382705927 -0.251947314 -0.003224389 0.967735589 97.361640930
0.964003026 -0.004929091 0.265845537 3.662353516 0.003899071 0.999982715 0.004402142 -2.389679432 -0.265862584 -0.003207128 0.964005709 97.901756287
0.960392237 -0.005102052 0.278604925 3.831045151 0.004036425 0.999982119 0.004398381 -2.400958776 -0.278622508 -0.003099603 0.960395634 98.423355103
0.957127273 -0.005379777 0.289617807 4.017007828 0.004395211 0.999982119 0.004049839 -2.406955242 -0.289634466 -0.002603279 0.957133770 98.948410034
0.952690899 -0.005553848 0.303890020 4.190408707 0.004383877 0.999980092 0.004532091 -2.424264669 -0.303909183 -0.002985466 0.952696264 99.464836121
0.948235989 -0.005757535 0.317514151 4.386293411 0.004515376 0.999979019 0.004647891 -2.433889151 -0.317534238 -0.002973602 0.948242128 99.963241577
0.944217026 -0.006486419 0.329260051 4.578153610 0.005148207 0.999974549 0.004936007 -2.448196888 -0.329283655 -0.002965563 0.944226503 100.464309692
0.939516604 -0.006210542 0.342447370 4.788652420 0.005117320 0.999978483 0.004095819 -2.452289581 -0.342465460 -0.002095676 0.939528167 100.990516663
0.934125602 -0.006316415 0.356888533 5.003162384 0.005037581 0.999977052 0.004512718 -2.466232538 -0.356908858 -0.002417591 0.934136093 101.507392883
0.928881347 -0.006218042 0.370325536 5.223781586 0.004976054 0.999978304 0.004309033 -2.475391388 -0.370344281 -0.002159820 0.928892016 102.065612793
0.924214661 -0.006300327 0.381821305 5.438804626 0.004875243 0.999976993 0.004699610 -2.492950678 -0.381842166 -0.002481976 0.924224198 102.507583618
0.918374479 -0.006491273 0.395659208 5.675945282 0.005048292 0.999976397 0.004688116 -2.502741814 -0.395680219 -0.002308043 0.918385386 102.991592407
0.912477970 -0.006990741 0.409066141 5.905334473 0.005533947 0.999973416 0.004744833 -2.511870623 -0.409088433 -0.002065806 0.912492335 103.477142334
0.907772839 -0.007854232 0.419388592 6.160739899 0.006304482 0.999967158 0.005081057 -2.532312393 -0.419414729 -0.001968418 0.907792628 103.949066162
0.900981724 -0.007527714 0.433791757 6.410770416 0.005868670 0.999969423 0.005163583 -2.537811756 -0.433817327 -0.002106513 0.900998354 104.439399719
0.894072890 -0.008165030 0.447846949 6.673160553 0.006455469 0.999964833 0.005343528 -2.546304464 -0.447874814 -0.001886441 0.894094288 104.914505005
0.888852239 -0.008807713 0.458109438 6.954620361 0.007184122 0.999960184 0.005286378 -2.564613581 -0.458137751 -0.001407694 0.888880074 105.338668823
0.882501543 -0.008413461 0.470234156 7.188175201 0.006787822 0.999963701 0.005152525 -2.566738129 -0.470260471 -0.001355246 0.882526577 105.835304260
0.875354528 -0.008836205 0.483400732 7.467117310 0.007245240 0.999960423 0.005158662 -2.580037355 -0.483427227 -0.001013304 0.875383973 106.289108276
