1.000000000 0.000000000 0.000000000 0.000000000 0.000000000 1.000000000 0.000000000 0.000000000 0.000000000 0.000000000 1.000000000 0.000000000
0.999999940 -0.000329033 0.000046123 0.000285788 0.000329033 0.999999940 0.000010246 0.000302904 -0.000046126 -0.000010231 1.000000000 -0.000117706
1.000000000 -0.000120031 0.000125095 -0.000569728 0.000120009 1.000000000 0.000175450 -0.000422010 -0.000125116 -0.000175435 1.000000000 0.000276530
1.000000000 -0.000110608 0.000030373 0.000263463 0.000110605 1.000000000 0.000109420 0.000098258 -0.000030385 -0.000109417 1.000000000 0.000087435
1.000000000 -0.000011974 0.000081146 0.000129557 0.000011967 1.000000000 0.000087507 -0.000765288 -0.000081147 -0.000087506 1.000000000 -0.000419889
0.999999940 -0.000325024 0.000077688 0.000185904 0.000325021 0.999999940 0.000030184 -0.000040191 -0.000077698 -0.000030159 1.000000000 -0.000648779
0.999999940 -0.000396576 0.000141324 -0.000800494 0.000396566 0.999999940 0.000068464 -0.000331772 -0.000141351 -0.000068408 1.000000000 0.000526652
0.999999940 -0.000295423 0.000089271 0.000522693 0.000295405 0.999999940 0.000205983 -0.000833482 -0.000089332 -0.000205956 1.000000000 0.001313297
1.000000000 -0.000095206 0.000112500 -0.000024551 0.000095199 1.000000000 0.000054443 0.000463605 -0.000112506 -0.000054432 1.000000000 0.000941886
1.000000000 0.000010100 0.000139415 -0.000760013 -0.000010102 1.000000000 0.000010078 -0.000104411 -0.000139415 -0.000010080 1.000000000 -0.000504468
1.000000000 -0.000113008 0.000041347 0.001166822 0.000113006 1.000000000 0.000059449 0.000365583 -0.000041354 -0.000059444 1.000000000 -0.000694984
1.000000000 -0.000030218 -0.000037374 0.001171140 0.000030217 1.000000000 -0.000024922 -0.000220044 0.000037375 0.000024921 1.000000000 -0.002239443
1.000000000 -0.000022102 0.000078470 0.000602415 0.000022113 1.000000000 -0.000134652 0.002047569 -0.000078467 0.000134653 1.000000000 0.000889535
1.000000000 -0.000061111 0.000079401 -0.000588051 0.000061108 1.000000000 0.000028807 0.000636391 -0.000079403 -0.000028802 1.000000000 -0.000038720
1.000000000 0.000115292 0.000155050 -0.000893406 -0.000115274 1.000000000 -0.000112997 0.001146265 -0.000155063 0.000112979 1.000000000 0.000050241
1.000000000 -0.000095163 0.000010081 0.000514050 0.000095161 1.000000000 0.000134412 0.000065179 -0.000010094 -0.000134411 1.000000000 -0.000087274
0.999999940 -0.000401567 -0.000000850 0.000201642 0.000401567 0.999999881 0.000160431 -0.000395690 0.000000786 -0.000160431 1.000000000 -0.000716837
0.999999940 -0.000271388 0.000028312 0.000186219 0.000271385 0.999999940 0.000081361 -0.000849854 -0.000028334 -0.000081353 1.000000000 -0.001815403
1.000000000 0.000067741 0.000131274 -0.000358424 -0.000067752 1.000000000 0.000083164 -0.000230935 -0.000131268 -0.000083172 1.000000000 -0.001114990
0.999999940 0.000259157 -0.000005727 -0.000178047 -0.000259156 0.999999940 0.000123773 -0.000111241 0.000005759 -0.000123771 1.000000000 -0.000353584
1.000000000 -0.000131980 -0.000045953 0.000791859 0.000131985 1.000000000 0.000117902 0.000225503 0.000045938 -0.000117908 1.000000000 -0.000575371
1.000000000 0.000003608 0.000093005 -0.000457895 -0.000003620 1.000000000 0.000135210 -0.000336759 -0.000093004 -0.000135211 1.000000000 -0.000641249
1.000000000 -0.000133619 0.000043184 0.000357608 0.000133613 1.000000000 0.000158585 -0.000537378 -0.000043205 -0.000158579 1.000000000 -0.001500262
1.000000000 -0.000207679 0.000109948 0.000813447 0.000207676 1.000000000 0.000019984 0.000753128 -0.000109952 -0.000019962 1.000000000 0.000548179
1.000000000 0.000159319 0.000156641 -0.000195973 -0.000159341 1.000000000 0.000145604 0.000086638 -0.000156617 -0.000145629 1.000000000 0.000658069
1.000000000 -0.000105587 0.000007195 0.001849394 0.000105586 1.000000000 0.000162841 0.000111151 -0.000007212 -0.000162840 1.000000000 -0.001442476
1.000000000 -0.000233447 0.000070432 0.000392553 0.000233444 1.000000000 0.000037589 0.000091308 -0.000070441 -0.000037573 1.000000000 -0.002050822
0.999999940 -0.000268935 0.000027296 -0.000134797 0.000268934 0.999999940 0.000059975 -0.000389498 -0.000027312 -0.000059967 1.000000000 -0.001981215
0.999999940 0.000238991 0.000164887 -0.001191028 -0.000239023 0.999999940 0.000190815 0.000160528 -0.000164842 -0.000190855 0.999999940 0.001067365
1.000000000 0.000009890 0.000017468 0.000354315 -0.000009894 1.000000000 0.000184913 -0.000331289 -0.000017466 -0.000184913 1.000000000 -0.001009209
0.999999940 -0.000227921 0.000176662 -0.000631069 0.000227916 1.000000000 0.000025781 0.000403787 -0.000176668 -0.000025741 1.000000000 -0.000249182
1.000000000 -0.000118016 0.000153039 -0.000817448 0.000117998 1.000000000 0.000114237 -0.000278066 -0.000153052 -0.000114219 1.000000000 -0.001107163
1.000000000 0.000012217 0.000077613 -0.000325355 -0.000012234 1.000000000 0.000211847 -0.001458375 -0.000077611 -0.000211848 1.000000000 -0.002089405
1.000000000 -0.000134092 0.000125743 -0.000227552 0.000134102 1.000000000 -0.000077795 0.000933423 -0.000125733 0.000077811 1.000000000 -0.001097350
1.000000000 -0.000082713 0.000128897 -0.000465521 0.000082709 1.000000000 0.000035316 0.000314879 -0.000128900 -0.000035306 1.000000000 -0.000800456
1.000000000 0.000101098 0.000079403 0.000201413 -0.000101113 1.000000000 0.000179465 -0.000034359 -0.000079385 -0.000179473 1.000000000 -0.001048575
0.999999940 -0.000240856 0.000124165 0.000671870 0.000240856 1.000000000 0.000002771 0.001510136 -0.000124166 -0.000002742 1.000000000 -0.000090982
1.000000000 -0.000166767 0.000096785 -0.000287280 0.000166751 1.000000000 0.000157009 0.000659285 -0.000096811 -0.000156993 1.000000000 0.000926992
1.000000000 -0.000005988 0.000125222 -0.000336213 0.000005978 1.000000000 0.000082799 0.000007976 -0.000125222 -0.000082799 1.000000000 -0.001020190
1.000000000 0.000083217 0.000189000 -0.001014957 -0.000083237 1.000000000 0.000106770 -0.000053226 -0.000188991 -0.000106785 1.000000000 -0.000589638
0.999999940 0.000019382 0.000287393 -0.000738196 -0.000019321 1.000000000 -0.000212488 0.001657646 -0.000287398 0.000212482 0.999999940 0.002073731
1.000000000 -0.000103149 0.000145094 0.001069610 0.000103243 0.999999702 -0.000649204 -0.001481905 -0.000145027 0.000649219 0.999999702 0.051360548
1.000000000 0.000002368 -0.000066346 0.002953691 -0.000002451 0.999999166 -0.001257245 -0.003384077 0.000066343 0.001257245 0.999999225 0.139210880
0.999999940 0.000002888 -0.000156495 0.006399137 -0.000003123 0.999998868 -0.001498284 -0.006081447 0.000156490 0.001498284 0.999998868 0.254053026
0.999999881 0.000468199 -0.000134036 0.008308163 -0.000468380 0.999998987 -0.001353520 -0.010892711 0.000133403 0.001353582 0.999999046 0.381884784
0.999999821 0.000651678 -0.000113748 0.010442363 -0.000651839 0.999998868 -0.001414215 -0.014471609 0.000112827 0.001414289 0.999998987 0.519995391
0.999999762 0.000661579 -0.000181062 0.013829888 -0.000661837 0.999998748 -0.001427049 -0.019762499 0.000180118 0.001427169 0.999998927 0.670061827
0.999999940 -0.000174093 -0.000326169 0.020828895 0.000173656 0.999999106 -0.001342134 -0.019844681 0.000326402 0.001342078 0.999999046 0.841481388
0.999999583 -0.000518063 -0.000747939 0.026665790 0.000517450 0.999999464 -0.000819306 -0.025289707 0.000748363 0.000818919 0.999999404 1.006075621
0.999999940 -0.000342756 -0.000225530 0.021566236 0.000342593 0.999999702 -0.000726267 -0.037908703 0.000225779 0.000726189 0.999999702 1.190266132
0.999999762 -0.000738320 -0.000345655 0.028548839 0.000738127 0.999999642 -0.000558074 -0.043448649 0.000346067 0.000557819 0.999999821 1.375510335
0.999999821 0.000551840 0.000078517 0.031139707 -0.000551796 0.999999642 -0.000562160 -0.040447772 -0.000078827 0.000562117 0.999999821 1.576521754
0.999999821 0.000510856 -0.000142361 0.036695361 -0.000510918 0.999999762 -0.000435733 -0.041663375 0.000142138 0.000435805 0.999999881 1.782365322
0.999999762 -0.000557410 -0.000266486 0.040780198 0.000557242 0.999999642 -0.000629373 -0.050571118 0.000266837 0.000629224 0.999999702 2.000497103
0.999999821 -0.000050472 0.000559156 0.038234930 0.000050824 0.999999762 -0.000629895 -0.056933772 -0.000559124 0.000629924 0.999999583 2.176928997
0.999999881 -0.000047863 0.000499804 0.043429360 0.000048219 0.999999762 -0.000713678 -0.060102858 -0.000499769 0.000713702 0.999999642 2.395820618
1.000000000 0.000015982 -0.000137335 0.055478554 -0.000016032 0.999999940 -0.000360337 -0.073096178 0.000137329 0.000360340 0.999999940 2.618737698
0.999999523 0.000489168 0.000780033 0.045579620 -0.000488655 0.999999583 -0.000657708 -0.079329811 -0.000780354 0.000657326 0.999999464 2.849702358
0.999999404 0.000739613 0.000813616 0.047771715 -0.000738979 0.999999344 -0.000779205 -0.085673213 -0.000814192 0.000778603 0.999999344 3.080294847
0.999999523 -0.000895525 -0.000444008 0.069753468 0.000895364 0.999999464 -0.000361454 -0.100280292 0.000444332 0.000361056 0.999999821 3.313415051
0.999999881 0.000371548 0.000217956 0.070054315 -0.000371442 0.999999821 -0.000486830 -0.104237922 -0.000218137 0.000486749 0.999999881 3.572439432
1.000000000 0.000064111 0.000000154 0.073134027 -0.000064111 0.999999642 -0.000854872 -0.107385993 -0.000000208 0.000854872 0.999999642 3.826558828
0.999999523 0.000877730 0.000406561 0.074214950 -0.000877592 0.999999583 -0.000339547 -0.112029970 -0.000406859 0.000339190 0.999999881 4.085435390
0.999999762 0.000409527 0.000556237 0.076237075 -0.000409655 0.999999881 0.000230392 -0.124750756 -0.000556142 -0.000230619 0.999999762 4.318019390
0.999999702 0.000211564 0.000719031 0.081086218 -0.000211434 1.000000000 -0.000180776 -0.127184287 -0.000719069 0.000180624 0.999999642 4.582011700
0.999999762 0.000091041 0.000642056 0.089983977 -0.000091049 1.000000000 0.000011647 -0.135849014 -0.000642055 -0.000011705 0.999999821 4.841711998
0.999999762 0.000115476 0.000656309 0.099289596 -0.000115670 1.000000000 0.000295409 -0.146985859 -0.000656275 -0.000295485 0.999999821 5.093039989
0.999999940 -0.000319287 0.000267845 0.103087842 0.000319133 0.999999762 0.000577074 -0.160404474 -0.000268029 -0.000576989 0.999999821 5.356113434
0.999999464 0.000525324 0.000866639 0.102028817 -0.000525918 0.999999642 0.000685743 -0.174477339 -0.000866279 -0.000686199 0.999999404 5.626177311
0.999999821 0.000187889 0.000597817 0.106329910 -0.000188549 0.999999404 0.001104152 -0.182881862 -0.000597610 -0.001104264 0.999999225 5.900961399
0.999999762 0.000229329 0.000495578 0.123250656 -0.000229548 0.999999881 0.000440460 -0.181337789 -0.000495477 -0.000440574 0.999999762 6.190475464
0.999999762 0.000597572 0.000245473 0.129010662 -0.000597651 0.999999881 0.000320086 -0.185288042 -0.000245281 -0.000320233 0.999999881 6.472141743
0.999999821 0.000418369 0.000460437 0.128588706 -0.000418653 0.999999642 0.000616676 -0.200020790 -0.000460179 -0.000616868 0.999999642 6.738719940
0.999999762 0.000119622 0.000728317 0.134095475 -0.000120477 0.999999225 0.001174135 -0.212237641 -0.000728176 -0.001174222 0.999999046 7.028824329
0.999999285 0.000781065 0.000934854 0.136479616 -0.000782181 0.999998987 0.001193594 -0.225215092 -0.000933920 -0.001194324 0.999998868 7.323463917
0.999999225 0.000617861 0.001106291 0.139714956 -0.000618814 0.999999464 0.000861504 -0.232584700 -0.001105759 -0.000862188 0.999999046 7.639647961
0.999998271 0.001028130 0.001547356 0.147374377 -0.001030305 0.999998510 0.001405292 -0.248472333 -0.001545909 -0.001406883 0.999997795 7.954329491
0.999999166 0.000395490 0.001213724 0.156937465 -0.000397516 0.999998450 0.001669084 -0.257654458 -0.001213062 -0.001669565 0.999997854 8.292337418
0.999998689 0.000866787 0.001360148 0.162733540 -0.000867548 0.999999464 0.000558952 -0.258565277 -0.001359663 -0.000560131 0.999998927 8.614173889
0.999997675 0.000970834 0.001894584 0.163629383 -0.000973250 0.999998629 0.001274874 -0.273808002 -0.001893344 -0.001276715 0.999997377 8.952759743
0.999997616 0.001017292 0.001920230 0.171400651 -0.001019510 0.999998748 0.001154633 -0.284251273 -0.001919053 -0.001156588 0.999997437 9.277019501
0.999998271 0.000723393 0.001694398 0.181334078 -0.000724861 0.999999344 0.000866071 -0.289511561 -0.001693770 -0.000867298 0.999998212 9.621932030
0.999996901 0.001574827 0.001896554 0.186517432 -0.001576422 0.999998391 0.000839704 -0.297037393 -0.001895229 -0.000842691 0.999997795 9.966484070
0.999997795 0.001251243 0.001668405 0.198129326 -0.001252459 0.999998927 0.000727565 -0.306381136 -0.001667493 -0.000729654 0.999998271 10.333577156
0.999996901 0.001328223 0.002118313 0.201775908 -0.001330536 0.999998510 0.001090949 -0.321417093 -0.002116860 -0.001093764 0.999997139 10.698037148
0.999997318 0.001327617 0.001908521 0.212117150 -0.001329824 0.999998450 0.001155882 -0.326333076 -0.001906983 -0.001158417 0.999997497 11.066821098
0.999996483 0.001371929 0.002276491 0.218894944 -0.001373143 0.999998927 0.000532025 -0.330903232 -0.002275758 -0.000535149 0.999997199 11.433416367
0.999995410 0.001625731 0.002526134 0.221656814 -0.001628778 0.999997914 0.001204563 -0.351026952 -0.002524171 -0.001208672 0.999996066 11.818655968
0.999996245 0.001257661 0.002426517 0.232296377 -0.001261319 0.999998033 0.001506818 -0.368247390 -0.002424618 -0.001509873 0.999995947 12.192607880
0.999995410 0.001554689 0.002591946 0.242916301 -0.001557892 0.999998033 0.001234065 -0.376081020 -0.002590022 -0.001238097 0.999995828 12.583487511
0.999996424 0.001245419 0.002365818 0.254074425 -0.001249072 0.999998033 0.001543461 -0.384321749 -0.002363892 -0.001546410 0.999996006 12.979774475
0.999994755 0.001705522 0.002727328 0.262490511 -0.001708799 0.999997795 0.001200010 -0.397241771 -0.002725275 -0.001204664 0.999995530 13.380816460
0.999995053 0.001084199 0.002927803 0.272548258 -0.001088023 0.999998569 0.001304837 -0.401511461 -0.002926384 -0.001308016 0.999994814 13.810989380
0.999991238 0.002084536 0.003628371 0.275176078 -0.002087375 0.999997437 0.000779145 -0.405835539 -0.003626736 -0.000786712 0.999993086 14.201904297
0.999993622 0.001433504 0.003274908 0.289182186 -0.001436668 0.999998450 0.000963803 -0.421343118 -0.003273521 -0.000968502 0.999994159 14.621705055
0.999992669 0.001329697 0.003621376 0.299144298 -0.001332874 0.999998748 0.000874991 -0.437535286 -0.003620208 -0.000879811 0.999993086 15.041275024
0.999990344 0.001742257 0.004021508 0.307028174 -0.001745909 0.999998093 0.000904755 -0.448956996 -0.004019924 -0.000911767 0.999991417 15.479428291
0.999988317 0.002293989 0.004250226 0.320550174 -0.002298212 0.999996841 0.000988987 -0.462325066 -0.004247944 -0.000998743 0.999990463 15.920855522
0.999989688 0.001673151 0.004217250 0.336887479 -0.001676737 0.999998212 0.000847045 -0.470463008 -0.004215825 -0.000854108 0.999990761 16.370082855
0.999984920 0.002286405 0.004996904 0.344411522 -0.002288667 0.999997258 0.000446977 -0.480426043 -0.004995869 -0.000458407 0.999987423 16.815387726
0.999985337 0.001995747 0.005033547 0.358075678 -0.002001095 0.999997437 0.001057667 -0.497168541 -0.005031425 -0.001067724 0.999986768 17.271322250
0.999981463 0.001942224 0.005775436 0.368836373 -0.001945079 0.999997914 0.000488810 -0.501570046 -0.005774476 -0.000500035 0.999983132 17.726747513
0.999978364 0.002506626 0.006081705 0.379310340 -0.002506749 0.999996841 0.000012475 -0.512279987 -0.006081655 -0.000027720 0.999981463 18.200048447
0.999979496 0.001905245 0.006118380 0.396077275 -0.001912250 0.999997437 0.001139274 -0.531447828 -0.006116194 -0.001150950 0.999980628 18.656368256
0.999977469 0.002168051 0.006352894 0.407955647 -0.002179192 0.999996006 0.001747305 -0.552727640 -0.006349080 -0.001761109 0.999978304 19.122579575
0.999974370 0.002816167 0.006573087 0.423520207 -0.002823148 0.999995470 0.001053108 -0.565698385 -0.006570092 -0.001071638 0.999977827 19.626708984
0.999977827 0.002594526 0.006131613 0.437789440 -0.002602430 0.999995768 0.001281250 -0.577383757 -0.006128263 -0.001297178 0.999980390 20.122314453
0.999979258 0.002553515 0.005915613 0.447211325 -0.002558365 0.999996424 0.000812496 -0.585975707 -0.005913516 -0.000827613 0.999982178 20.621814728
0.999980152 0.002780744 0.005670312 0.465085745 -0.002788410 0.999995232 0.001344432 -0.607367516 -0.005666547 -0.001360216 0.999983013 21.108636856
0.999980748 0.002432707 0.005693840 0.469222158 -0.002437168 0.999996662 0.000776815 -0.610802293 -0.005691932 -0.000790677 0.999983490 21.624551773
0.999985576 0.002303217 0.004857875 0.487121463 -0.002307540 0.999996901 0.000884205 -0.629878044 -0.004855824 -0.000895402 0.999987721 22.125879288
0.999989748 0.002213649 0.003954177 0.501658559 -0.002216615 0.999997258 0.000745729 -0.637937367 -0.003952515 -0.000754486 0.999991894 22.635204315
0.999987125 0.002975143 0.004107996 0.508113921 -0.002979428 0.999994993 0.001037399 -0.661256492 -0.004104888 -0.001049625 0.999991000 23.145204544
0.999984920 0.003608657 0.004135192 0.512457132 -0.003610398 0.999993384 0.000413622 -0.664836705 -0.004133672 -0.000428545 0.999991298 23.673645020
0.999992311 0.001964856 0.003368660 0.528038323 -0.001964757 0.999998033 -0.000032626 -0.680361152 -0.003368717 0.000026008 0.999994338 24.198003769
0.999989867 0.003182473 0.003191969 0.530383170 -0.003184317 0.999994695 0.000572753 -0.699886441 -0.003190129 -0.000582911 0.999994755 24.733793259
0.999990821 0.003463531 0.002511641 0.546269059 -0.003464968 0.999993861 0.000568218 -0.712000608 -0.002509658 -0.000576916 0.999996662 25.267566681
0.999991536 0.003384201 0.002333405 0.551573634 -0.003384528 0.999994218 0.000136416 -0.720669866 -0.002332930 -0.000144313 0.999997258 25.816650391
0.999990940 0.003633366 0.002269641 0.559081674 -0.003634924 0.999993265 0.000682523 -0.739557564 -0.002267147 -0.000690767 0.999997199 26.363180161
0.999995291 0.002885798 0.000971731 0.577971101 -0.002887149 0.999994874 0.001392367 -0.757008851 -0.000967708 -0.001395166 0.999998569 26.904684067
0.999995172 0.003010984 0.000775274 0.582460523 -0.003011778 0.999994874 0.001024373 -0.771718800 -0.000772186 -0.001026703 0.999999166 27.450698853
0.999994278 0.003260829 0.000924771 0.592899680 -0.003261589 0.999994278 0.000821378 -0.787055492 -0.000922087 -0.000824389 0.999999225 27.992778778
0.999995947 0.002864569 -0.000307009 0.609916031 -0.002864210 0.999995232 0.001163262 -0.803874016 0.000310340 -0.001162377 0.999999285 28.544305801
0.999994040 0.003428034 -0.000275762 0.616974950 -0.003427736 0.999993563 0.001076821 -0.817066073 0.000279451 -0.001075870 0.999999344 29.080116272
0.999993801 0.003451675 -0.000701225 0.634007514 -0.003451159 0.999993801 0.000735485 -0.829601169 0.000703759 -0.000733060 0.999999464 29.623958588
0.999993324 0.003469948 -0.001158780 0.637778759 -0.003468621 0.999993324 0.001145104 -0.847094178 0.001162746 -0.001141077 0.999998689 30.155649185
0.999992371 0.003861761 -0.000566733 0.644621253 -0.003861255 0.999992132 0.000892812 -0.860514641 0.000570176 -0.000890617 0.999999464 30.701309204
0.999990642 0.004213205 -0.001008503 0.664792418 -0.004212427 0.999990821 0.000773474 -0.871360779 0.001011753 -0.000769219 0.999999106 31.245012283
0.999990165 0.004296976 -0.001112355 0.669649780 -0.004295982 0.999990344 0.000893749 -0.887221873 0.001116185 -0.000888961 0.999998987 31.785299301
0.999990642 0.004159220 -0.001212631 0.686203718 -0.004158449 0.999991119 0.000637318 -0.908740938 0.001215271 -0.000632270 0.999999046 32.329875946
0.999990404 0.004184538 -0.001303187 0.692422986 -0.004183860 0.999991059 0.000522976 -0.921689749 0.001305364 -0.000517518 0.999998927 32.873500824
0.999990582 0.004122071 -0.001456439 0.699880362 -0.004120612 0.999991000 0.001003667 -0.944395781 0.001460564 -0.000997656 0.999998450 33.424919128
0.999988377 0.004588956 -0.001422473 0.710475564 -0.004588260 0.999989331 0.000492455 -0.952024162 0.001424718 -0.000485923 0.999998868 33.975017548
0.999988735 0.004494322 -0.001526052 0.717535019 -0.004493393 0.999989748 0.000610169 -0.970534623 0.001528779 -0.000603305 0.999998629 34.515636444
0.999989569 0.004123405 -0.001959743 0.736109853 -0.004122153 0.999991238 0.000642246 -0.990940690 0.001962374 -0.000634161 0.999997854 35.058135986
0.999989986 0.003891501 -0.002221283 0.751231611 -0.003890004 0.999992192 0.000677557 -1.004789591 0.002223902 -0.000668909 0.999997318 35.608127594
0.999988496 0.004026552 -0.002595115 0.760844290 -0.004024291 0.999991536 0.000875625 -1.024119854 0.002598618 -0.000865171 0.999996245 36.163612366
0.999988139 0.004308506 -0.002266147 0.768983901 -0.004306825 0.999990463 0.000746588 -1.040678620 0.002269343 -0.000736819 0.999997079 36.721836090
0.999988914 0.004124819 -0.002261561 0.776774406 -0.004121900 0.999990642 0.001293789 -1.057393789 0.002266876 -0.001284453 0.999996603 37.259025574
0.999982893 0.005114903 -0.002833252 0.792809308 -0.005113874 0.999986827 0.000369997 -1.066898346 0.002835107 -0.000355501 0.999995947 37.800666809
0.999987185 0.004465434 -0.002390334 0.794495881 -0.004463147 0.999989569 0.000960994 -1.092468500 0.002394600 -0.000950313 0.999996662 38.336299896
0.999983788 0.005406624 -0.001758028 0.797310114 -0.005404866 0.999984920 0.001003182 -1.107532501 0.001763425 -0.000993664 0.999997973 38.882396698
0.999984264 0.005189293 -0.002121027 0.810306430 -0.005186900 0.999985874 0.001131755 -1.122008920 0.002126870 -0.001120735 0.999997139 39.429561615
0.999986589 0.004806516 -0.001928046 0.819980085 -0.004804129 0.999987602 0.001240955 -1.146070838 0.001933987 -0.001231676 0.999997318 39.961688995
0.999982178 0.005744023 -0.001612404 0.826203167 -0.005742498 0.999983072 0.000949149 -1.156838417 0.001617828 -0.000939873 0.999998271 40.506484985
0.999985516 0.004712762 -0.002595984 0.842288494 -0.004710055 0.999988377 0.001047645 -1.176967740 0.002600891 -0.001035403 0.999996006 41.045349121
0.999983907 0.005153120 -0.002370239 0.848432481 -0.005149578 0.999985576 0.001497941 -1.190182090 0.002377924 -0.001485711 0.999996066 41.600799561
0.999985516 0.004722753 -0.002588522 0.852730334 -0.004720331 0.999988556 0.000940885 -1.203789711 0.002592935 -0.000928653 0.999996185 42.160655975
0.999983013 0.005017613 -0.002959160 0.857785225 -0.005014760 0.999986947 0.000970513 -1.214952111 0.002963991 -0.000955657 0.999995172 42.697002411
0.999982655 0.004848526 -0.003346569 0.867927551 -0.004843600 0.999987125 0.001478661 -1.232212782 0.003353694 -0.001462426 0.999993324 43.256389618
0.999983668 0.004846466 -0.003026038 0.873394787 -0.004843282 0.999987662 0.001058736 -1.244578958 0.003031132 -0.001044063 0.999994874 43.808135986
0.999986172 0.004169452 -0.003185485 0.879287302 -0.004166010 0.999990702 0.001086709 -1.256083131 0.003189987 -0.001073423 0.999994338 44.343307495
0.999982893 0.004761199 -0.003374392 0.889515996 -0.004758298 0.999988317 0.000867043 -1.268031955 0.003378482 -0.000850972 0.999993920 44.893356323
0.999982297 0.005105277 -0.003038179 0.899868548 -0.005102040 0.999986410 0.001072327 -1.285748243 0.003043612 -0.001056807 0.999994814 45.439620972
0.999982238 0.005123994 -0.003042843 0.911515117 -0.005122839 0.999986768 0.000387234 -1.290213227 0.003044787 -0.000371639 0.999995291 45.983776093
0.999984324 0.004686985 -0.003036577 0.920451581 -0.004685228 0.999988854 0.000585857 -1.311940551 0.003039290 -0.000571621 0.999995172 46.524475098
0.999983191 0.004996124 -0.002937082 0.930048048 -0.004993308 0.999987066 0.000965154 -1.324667335 0.002941866 -0.000950472 0.999995232 47.069873810
0.999985456 0.004715646 -0.002617186 0.931362271 -0.004713208 0.999988437 0.000936989 -1.343047023 0.002621575 -0.000924640 0.999996126 47.620220184
0.999983907 0.004932964 -0.002793084 0.942272723 -0.004930477 0.999987423 0.000896860 -1.354762077 0.002797473 -0.000883074 0.999995708 48.161731720
0.999982834 0.005298449 -0.002504739 0.955046773 -0.005296599 0.999985695 0.000744434 -1.364417315 0.002508647 -0.000731154 0.999996603 48.723434448
0.999983609 0.005163702 -0.002468534 0.966942012 -0.005161903 0.999986410 0.000734636 -1.383487225 0.002472294 -0.000721882 0.999996662 49.270179749
0.999983311 0.005341577 -0.002184501 0.974650919 -0.005341316 0.999985695 0.000125318 -1.391072392 0.002185139 -0.000113647 0.999997616 49.820343018
0.999982834 0.005609463 -0.001676634 0.975246549 -0.005608749 0.999984145 0.000430841 -1.405180216 0.001679025 -0.000421429 0.999998450 50.356002808
0.999980628 0.006104291 -0.001149826 0.977088511 -0.006103749 0.999981284 0.000474900 -1.421942592 0.001152703 -0.000467872 0.999999225 50.894126892
0.999982297 0.005698723 -0.001661549 1.002226114 -0.005698365 0.999983728 0.000221221 -1.436265469 0.001662782 -0.000211749 0.999998569 51.439533234
0.999983490 0.005377923 -0.002038403 1.015438199 -0.005377670 0.999985516 0.000129726 -1.453413248 0.002039071 -0.000118762 0.999997854 51.967929840
0.999982715 0.005759015 -0.001128532 1.020145059 -0.005759222 0.999983370 -0.000180966 -1.466566443 0.001127471 0.000187462 0.999999344 52.527793884
0.999981344 0.006096536 -0.000383803 1.022250652 -0.006096601 0.999981403 -0.000170449 -1.481305718 0.000382757 0.000172785 0.999999940 53.066307068
0.999976277 0.006885659 -0.000128261 1.028538227 -0.006885618 0.999976158 0.000309840 -1.503318191 0.000130392 -0.000308949 0.999999940 53.615436554
0.999977946 0.006640233 0.000113596 1.035457373 -0.006640225 0.999977946 -0.000082463 -1.514850020 -0.000114141 0.000081707 1.000000000 54.156959534
0.999979615 0.006362129 -0.000362423 1.052610993 -0.006362125 0.999979734 0.000013279 -1.530398011 0.000362501 -0.000010973 0.999999881 54.694862366
0.999979794 0.006357805 0.000106031 1.060772300 -0.006357830 0.999979734 0.000230482 -1.552159667 -0.000104564 -0.000231152 0.999999940 55.239227295
0.999978185 0.006602591 0.000172962 1.064639926 -0.006602704 0.999978006 0.000659834 -1.570914745 -0.000168601 -0.000660962 0.999999702 55.772525787
0.999979019 0.006458160 0.000278836 1.070950866 -0.006458261 0.999979019 0.000362900 -1.582522511 -0.000276486 -0.000364693 0.999999881 56.319484711
0.999977410 0.006666161 0.000871477 1.076510787 -0.006666200 0.999977708 0.000042593 -1.592011690 -0.000871174 -0.000048401 0.999999642 56.866237640
0.999976277 0.006850868 0.000708753 1.088886380 -0.006850553 0.999976456 -0.000443203 -1.601582170 -0.000711772 0.000438337 0.999999642 57.412353516
0.999980330 0.006224897 0.000773877 1.097133160 -0.006224399 0.999980450 -0.000644462 -1.619895458 -0.000777874 0.000639633 0.999999464 57.977390289
0.999975145 0.007036119 0.000383579 1.115598321 -0.007035897 0.999975085 -0.000577076 -1.633878469 -0.000387630 0.000574363 0.999999702 58.518451691
0.999979794 0.006335489 0.000522766 1.123052597 -0.006335093 0.999979615 -0.000756876 -1.645028949 -0.000527551 0.000753548 0.999999583 59.067016602
0.999971986 0.007443810 0.000703960 1.125219584 -0.007443209 0.999971926 -0.000855261 -1.660196900 -0.000710307 0.000849997 0.999999404 59.603404999
0.999977171 0.006740169 0.000452828 1.143410444 -0.006739821 0.999976933 -0.000762875 -1.678925395 -0.000457959 0.000759806 0.999999523 60.154182434
0.999971747 0.007492458 0.000520629 1.153112292 -0.007492261 0.999971867 -0.000379424 -1.697838902 -0.000523457 0.000375513 0.999999821 60.697246552
0.999975801 0.006776301 0.001519867 1.158203244 -0.006777080 0.999976873 0.000508074 -1.728618026 -0.001516389 -0.000518362 0.999998689 61.248523712
0.999973536 0.007160279 0.001310588 1.176870465 -0.007159604 0.999974191 -0.000519490 -1.731495142 -0.001314274 0.000510093 0.999998927 61.810699463
0.999976873 0.006772053 0.000526087 1.193968892 -0.006772022 0.999977052 -0.000063031 -1.750787139 -0.000526502 0.000059467 0.999999881 62.358470917
0.999975204 0.006965239 0.000995081 1.204099417 -0.006964868 0.999975681 -0.000375212 -1.766924381 -0.000997670 0.000368272 0.999999464 62.903823853
0.999976575 0.006794840 0.000814824 1.214957237 -0.006795270 0.999976754 0.000527043 -1.785878181 -0.000811224 -0.000532568 0.999999464 63.449031830
0.999972403 0.007391612 0.000753723 1.222794771 -0.007391553 0.999972701 -0.000083259 -1.796690583 -0.000754318 0.000077686 0.999999702 64.005935669
0.999972820 0.007247785 0.001329557 1.234659433 -0.007247540 0.999973714 -0.000187506 -1.810365200 -0.001330881 0.000177865 0.999999046 64.553649902
0.999972939 0.007218041 0.001387332 1.244345069 -0.007217230 0.999973774 -0.000589629 -1.821321607 -0.001391551 0.000579601 0.999998808 65.087677002
0.999972701 0.007094520 0.002038638 1.256536007 -0.007093263 0.999974608 -0.000622455 -1.838894367 -0.002043002 0.000607977 0.999997735 65.640296936
0.999970555 0.007297448 0.002383379 1.260161161 -0.007296155 0.999973178 -0.000551149 -1.851154327 -0.002387337 0.000533743 0.999997020 66.175476074
0.999967098 0.007774028 0.002297130 1.274551511 -0.007771874 0.999969363 -0.000945174 -1.864266515 -0.002304407 0.000927290 0.999996901 66.726593018
0.999966979 0.007672844 0.002681331 1.293471813 -0.007671378 0.999970376 -0.000556999 -1.886491537 -0.002685525 0.000536410 0.999996185 67.268287659
0.999971628 0.007175925 0.002288542 1.306190372 -0.007173930 0.999973893 -0.000879227 -1.898069978 -0.002294791 0.000862784 0.999997020 67.810371399
0.999969780 0.007305108 0.002643729 1.318476915 -0.007302879 0.999972999 -0.000851841 -1.914877176 -0.002649880 0.000832508 0.999996126 68.361495972
0.999961078 0.008367912 0.002770900 1.326494575 -0.008366771 0.999964893 -0.000422831 -1.935022831 -0.002774341 0.000399631 0.999996066 68.911468506
0.999963105 0.008110089 0.002813078 1.337691188 -0.008107249 0.999966562 -0.001019724 -1.945338249 -0.002821254 0.000996881 0.999995530 69.453575134
0.999959767 0.008592738 0.002565297 1.347143173 -0.008590432 0.999962687 -0.000909347 -1.963784337 -0.002573015 0.000887273 0.999996305 70.001007080
0.999965668 0.007971396 0.002254853 1.365209222 -0.007968256 0.999967277 -0.001397704 -1.970848441 -0.002265920 0.001379689 0.999996483 70.549522400
0.999967456 0.007759172 0.002215359 1.374938488 -0.007755960 0.999968827 -0.001455908 -1.991136551 -0.002226586 0.001438678 0.999996483 71.094886780
0.999964476 0.007961249 0.002816920 1.380789757 -0.007957374 0.999967337 -0.001384175 -2.009763956 -0.002827849 0.001361710 0.999994993 71.642143250
0.999962270 0.008327005 0.002483332 1.393288970 -0.008323625 0.999964416 -0.001369605 -2.022709608 -0.002494648 0.001348883 0.999996006 72.190658569
0.999963343 0.008124891 0.002670944 1.405465841 -0.008121064 0.999965906 -0.001440601 -2.042263269 -0.002682558 0.001418857 0.999995410 72.728408813
0.999959469 0.008511998 0.002919027 1.416139126 -0.008508470 0.999963045 -0.001219731 -2.059481621 -0.002929301 0.001194845 0.999994993 73.291847229
0.999965429 0.007624368 0.003325921 1.425945401 -0.007620553 0.999970317 -0.001157977 -2.071093321 -0.003334650 0.001132592 0.999993742 73.830131531
0.999961257 0.008318116 0.002875582 1.440148711 -0.008314038 0.999964416 -0.001427195 -2.082737207 -0.002887350 0.001403232 0.999994814 74.383476257
0.999966264 0.007551383 0.003218812 1.456465483 -0.007546361 0.999970317 -0.001568987 -2.094389915 -0.003230564 0.001544644 0.999993503 74.943092346
0.999967873 0.007440564 0.002952714 1.470042586 -0.007436106 0.999971211 -0.001518075 -2.113443375 -0.002963924 0.001496070 0.999994516 75.496841431
0.999970436 0.007394347 0.002121742 1.489023805 -0.007390588 0.999971092 -0.001773562 -2.127493858 -0.002134795 0.001757829 0.999996185 76.047920227
0.999958098 0.008505192 0.003391928 1.487174749 -0.008497939 0.999961615 -0.002146435 -2.133972168 -0.003410053 0.002117521 0.999991953 76.636268616
0.999966741 0.007633017 0.002867582 1.509028792 -0.007626935 0.999968648 -0.002125346 -2.154564381 -0.002883715 0.002103405 0.999993563 77.176620483
0.999960423 0.008351180 0.003073799 1.526848435 -0.008346789 0.999964237 -0.001438501 -2.179182768 -0.003085702 0.001412788 0.999994218 77.670043945
0.999957025 0.008816521 0.002910154 1.532456875 -0.008811723 0.999959767 -0.001657016 -2.180215836 -0.002924646 0.001631301 0.999994338 78.180305481
0.999955952 0.009065301 0.002411118 1.552919030 -0.009060939 0.999957323 -0.001813427 -2.199280739 -0.002427454 0.001791501 0.999995410 78.717422485
0.999964237 0.008052159 0.002581987 1.562531471 -0.008046153 0.999964833 -0.002328344 -2.214841604 -0.002600645 0.002307486 0.999993920 79.266082764
0.999960065 0.008331384 0.003212800 1.567381382 -0.008324256 0.999962807 -0.002224969 -2.230763435 -0.003231218 0.002198136 0.999992371 79.818252563
0.999967515 0.007542887 0.002838962 1.585808992 -0.007534591 0.999967456 -0.002921341 -2.246599436 -0.002860905 0.002899856 0.999991655 80.370315552
0.999941289 0.009207325 0.005703456 1.568174601 -0.009195277 0.999955356 -0.002135141 -2.271136045 -0.005722861 0.002082571 0.999981403 80.901031494
0.999942362 0.008583511 0.006472481 1.591551065 -0.008566774 0.999959826 -0.002609515 -2.288681030 -0.006494621 0.002553916 0.999975622 81.469100952
0.999939203 0.008056813 0.007523357 1.607619047 -0.008037860 0.999964476 -0.002545717 -2.301095963 -0.007543600 0.002485091 0.999968410 82.021308899
0.999927044 0.008768363 0.008310561 1.632080913 -0.008747874 0.999958634 -0.002498582 -2.322745800 -0.008332125 0.002425700 0.999962330 82.560897827
0.999897361 0.008666659 0.011406902 1.647371650 -0.008644392 0.999960601 -0.001999816 -2.362432957 -0.011423783 0.001901005 0.999932945 83.130714417
0.999857783 0.008488990 0.014567676 1.684921980 -0.008473814 0.999963403 -0.001103156 -2.382648468 -0.014576509 0.000979555 0.999893188 83.646362305
0.999807894 0.007820598 0.017971789 1.705237150 -0.007782929 0.999967337 -0.002165006 -2.396699190 -0.017988134 0.002024717 0.999836147 84.188468933
0.999706089 0.008387970 0.022752220 1.726049304 -0.008344069 0.999963105 -0.002023770 -2.408284664 -0.022768361 0.001833329 0.999739110 84.757766724
0.999522984 0.008755267 0.029613804 1.751150846 -0.008703042 0.999960363 -0.001892000 -2.426677227 -0.029629195 0.001633368 0.999559581 85.318679810
0.999329329 0.009021570 0.035490103 1.785112500 -0.008949670 0.999957561 -0.002184332 -2.441300154 -0.035508301 0.001865242 0.999367595 85.873283386
0.999064684 0.009869479 0.042098813 1.825351000 -0.009826006 0.999950945 -0.001239387 -2.476260424 -0.042108979 0.000824565 0.999112666 86.412315369
0.998700023 0.009400050 0.050098017 1.856580496 -0.009312970 0.999954641 -0.001971398 -2.473213434 -0.050114274 0.001502274 0.998742342 86.956611633
0.998266101 0.009582245 0.058077157 1.915864468 -0.009475996 0.999952912 -0.002104573 -2.493742943 -0.058094587 0.001550584 0.998309851 87.498840332
0.997791886 0.009942739 0.065668598 1.954493046 -0.009814057 0.999949336 -0.002281863 -2.506801844 -0.065687947 0.001632350 0.997838855 88.046386719
0.997166574 0.009574502 0.074614905 2.017838478 -0.009435665 0.999953032 -0.002213022 -2.524476051 -0.074632592 0.001502710 0.997209966 88.592239380
0.996292651 0.010314789 0.085408144 2.077708244 -0.010159977 0.999945879 -0.002247099 -2.540411949 -0.085426696 0.001371023 0.996343493 89.130477905
0.995539904 0.009820137 0.093828931 2.146764755 -0.009596981 0.999949872 -0.002829281 -2.549727201 -0.093852013 0.001916188 0.995584249 89.661277771
0.994692981 0.009346251 0.102462105 2.208352089 -0.009058587 0.999953628 -0.003272487 -2.564794779 -0.102487959 0.002326958 0.994731545 90.217720032
0.993540704 0.010040962 0.113031283 2.288210392 -0.009727675 0.999947190 -0.003322894 -2.573958158 -0.113058679 0.002201898 0.993585885 90.732566833
0.992237687 0.009981488 0.123954713 2.372414589 -0.009675597 0.999948502 -0.003069524 -2.587243080 -0.123978972 0.001846361 0.992283046 91.277015686
0.991102219 0.008734542 0.132816255 2.457219124 -0.008304815 0.999958277 -0.003789138 -2.604557276 -0.132843778 0.002652409 0.991133392 91.812019348
0.989530683 0.009617368 0.144001737 2.549593925 -0.009182771 0.999951065 -0.003682362 -2.619428158 -0.144030139 0.002321476 0.989570558 92.345367432
0.987729192 0.008981370 0.155918583 2.652823448 -0.008520745 0.999957144 -0.003622401 -2.639575720 -0.155944452 0.002249409 0.987763286 92.873054504
0.985922098 0.008581611 0.166984752 2.759250641 -0.008072096 0.999960482 -0.003729772 -2.655150414 -0.167010143 0.002329348 0.985952437 93.410903931
0.984119236 0.008832403 0.177288935 2.878292084 -0.008274603 0.999958217 -0.003885396 -2.669071436 -0.177315816 0.002356696 0.984151185 93.948417664
0.981694162 0.008862697 0.190257639 3.000164032 -0.008248614 0.999957860 -0.004019328 -2.685992479 -0.190285251 0.002376388 0.981725991 94.487304688
0.979238868 0.008603908 0.202527106 3.131690025 -0.007968958 0.999960423 -0.003950359 -2.708222866 -0.202553079 0.002254416 0.979268670 95.013076782
0.977086306 0.007391937 0.212714672 3.268409729 -0.006711990 0.999969780 -0.003918500 -2.718690395 -0.212737232 0.002400975 0.977106512 95.554786682
0.974114418 0.007910765 0.225917131 3.407485962 -0.007201866 0.999966204 -0.003961870 -2.740513086 -0.225940809 0.002232290 0.974138498 96.071792603
0.970956445 0.006992816 0.239154071 3.561363220 -0.006179055 0.999972284 -0.004152257 -2.751667261 -0.239176467 0.002553915 0.970972717 96.592758179
0.968158901 0.006928027 0.250240594 3.706439972 -0.006198755 0.999973893 -0.003702306 -2.776942492 -0.250259697 0.002033240 0.968176603 97.092491150
0.964868665 0.007271512 0.262631774 3.859016418 -0.006355619 0.999970376 -0.004336714 -2.791091442 -0.262655586 0.002515173 0.964886367 97.588111877
0.961108804 0.006740270 0.276087821 4.036954880 -0.005900134 0.999975085 -0.003873516 -2.809115171 -0.276106983 0.002093916 0.961124599 98.107856750
0.957362175 0.007317426 0.288797557 4.216461182 -0.006458343 0.999971390 -0.003927460 -2.830338955 -0.288818002 0.001894848 0.957382143 98.609344482
0.953923464 0.006725691 0.299974591 4.394887924 -0.005748841 0.999974906 -0.004138906 -2.842268229 -0.299994886 0.002223694 0.953938127 99.119247437
0.949506819 0.006065709 0.313687772 4.581836700 -0.005107114 0.999979377 -0.003877566 -2.859256744 -0.313704878 0.002079736 0.949518204 99.635986328
0.944983184 0.005983176 0.327064216 4.780443192 -0.004763682 0.999978423 -0.004529531 -2.871706247 -0.327084243 0.002722301 0.944991231 100.135108948
0.940944016 0.005155511 0.338522971 4.979232788 -0.003807264 0.999981940 -0.004646643 -2.884508371 -0.338540763 0.003083384 0.940946639 100.626647949
0.935983837 0.006128475 0.351989448 5.192876816 -0.004293150 0.999972820 -0.005994463 -2.896275520 -0.352016628 0.004099577 0.935984671 101.148597717
0.930609822 0.005753419 0.365967363 5.408735275 -0.004215050 0.999978602 -0.005002435 -2.916916370 -0.365988314 0.003112745 0.930614173 101.661087036
0.925772369 0.005643750 0.378039181 5.622106552 -0.004112499 0.999979734 -0.004857690 -2.934311152 -0.378058910 0.002942430 0.925776780 102.118164062
0.921201587 0.004595566 0.389058530 5.862567902 -0.002957249 0.999984086 -0.004809740 -2.952954054 -0.389074445 0.003280197 0.921200454 102.599388123
0.915411592 0.004479596 0.402493924 6.102420807 -0.002688732 0.999983788 -0.005014306 -2.973617554 -0.402509928 0.003507955 0.915408909 103.067962646
0.909362197 0.004380755 0.415982187 6.346191406 -0.002327127 0.999982417 -0.005443687 -2.984881401 -0.415998697 0.003982240 0.909356475 103.551742554
0.903942764 0.004044428 0.427634299 6.582675934 -0.001646748 0.999980807 -0.005976564 -2.989436626 -0.427650183 0.004698267 0.903932035 104.045257568
0.897698045 0.003845271 0.440594405 6.845497131 -0.001688403 0.999984622 -0.005287256 -3.022479296 -0.440607965 0.004002458 0.897690713 104.500564575
0.890893400 0.003546849 0.454198420 7.114093781 -0.001142989 0.999983847 -0.005566973 -3.038884163 -0.454210877 0.004440437 0.890883148 104.990135193
0.884782732 0.002723244 0.465995789 7.377304077 -0.000090813 0.999983907 -0.005671407 -3.052239656 -0.466003746 0.004975644 0.884768784 105.451095581
0.879265130 0.002721114 0.476324856 7.654975891 0.000156454 0.999981940 -0.006001427 -3.066594601 -0.476332635 0.005351368 0.879248977 105.918701172
0.872000456 0.002475128 0.489498824 7.957191467 0.000330251 0.999984026 -0.005644683 -3.091881752 -0.489505023 0.005083824 0.871985674 106.393859863
