1.000000000 0.000000000 0.000000000 0.000000000 0.000000000 1.000000000 0.000000000 0.000000000 0.000000000 0.000000000 1.000000000 0.000000000
1.000000000 0.000037116 0.000036860 -0.000623517 -0.000037120 1.000000000 0.000114806 -0.000475957 -0.000036856 -0.000114807 1.000000000 -0.000097350
1.000000000 -0.000002846 0.000069512 -0.000860419 0.000002846 1.000000000 0.000002547 0.000102390 -0.000069512 -0.000002547 1.000000000 -0.000115722
1.000000000 0.000113974 0.000030369 -0.000513100 -0.000113973 1.000000000 -0.000013683 -0.000206235 -0.000030370 0.000013679 1.000000000 -0.000284358
1.000000000 0.000088639 0.000128664 -0.001492285 -0.000088646 1.000000000 0.000053540 -0.000162961 -0.000128659 -0.000053551 1.000000000 0.000465028
1.000000000 -0.000001136 0.000004620 -0.000344965 0.000001136 1.000000000 0.000006641 -0.000516425 -0.000004620 -0.000006641 1.000000000 -0.000242268
1.000000000 0.000052346 0.000070633 -0.000284907 -0.000052345 1.000000000 -0.000005724 -0.000064177 -0.000070634 0.000005720 1.000000000 0.000714841
1.000000000 0.000062207 -0.000040304 0.000052409 -0.000062210 1.000000000 -0.000084869 0.000234318 0.000040299 0.000084872 1.000000000 -0.000201859
1.000000000 0.000083283 0.000079890 -0.000393558 -0.000083282 1.000000000 -0.000016360 -0.000476013 -0.000079891 0.000016354 1.000000000 0.000154358
1.000000000 0.000154463 0.000047856 -0.000521657 -0.000154467 1.000000000 0.000091472 -0.000479298 -0.000047842 -0.000091479 1.000000000 0.000635093
1.000000000 0.000083964 0.000030452 0.000494697 -0.000083963 1.000000000 -0.000008502 0.000338469 -0.000030453 0.000008499 1.000000000 0.002191802
1.000000000 0.000112334 0.000064969 -0.001009545 -0.000112336 1.000000000 0.000031983 -0.001073547 -0.000064965 -0.000031991 1.000000000 -0.000232261
1.000000000 0.000114709 0.000066037 -0.000777686 -0.000114707 1.000000000 -0.000031420 0.000077780 -0.000066041 0.000031412 1.000000000 0.000493807
1.000000000 0.000152548 0.000127001 -0.002071874 -0.000152540 1.000000000 -0.000058512 0.000630991 -0.000127010 0.000058492 1.000000000 0.000433439
1.000000000 0.000121105 0.000083609 -0.000204845 -0.000121105 1.000000000 0.000003207 0.000751023 -0.000083608 -0.000003217 1.000000000 0.002144561
1.000000000 0.000194750 0.000108720 -0.001080776 -0.000194748 1.000000000 -0.000020159 0.000733050 -0.000108724 0.000020138 1.000000000 0.001665379
0.999999940 0.000227084 0.000125829 -0.001406109 -0.000227081 1.000000000 -0.000031177 0.000782067 -0.000125836 0.000031148 1.000000000 0.002269441
1.000000000 0.000155363 0.000139933 -0.001809615 -0.000155364 1.000000000 0.000008503 0.001038048 -0.000139931 -0.000008525 1.000000000 0.001960844
0.999999940 0.000239660 0.000192524 -0.001986730 -0.000239640 0.999999940 -0.000104603 0.001476149 -0.000192549 0.000104557 1.000000000 0.001522866
0.999999940 0.000253128 0.000181302 -0.002246395 -0.000253121 0.999999940 -0.000036048 0.000748035 -0.000181311 0.000036002 1.000000000 0.001682310
0.999999940 0.000310681 0.000137864 -0.002000892 -0.000310675 0.999999940 -0.000047327 0.001140348 -0.000137878 0.000047284 1.000000000 0.001355233
0.999999940 0.000253712 0.000158543 -0.002168405 -0.000253697 0.999999940 -0.000092334 0.001368102 -0.000158566 0.000092294 1.000000000 0.002099662
0.999999940 0.000241421 0.000163774 -0.001941493 -0.000241413 0.999999940 -0.000050714 0.001480160 -0.000163786 0.000050674 1.000000000 0.001947331
0.999999940 0.000319639 0.000128346 -0.002140966 -0.000319631 0.999999940 -0.000058677 0.001473124 -0.000128365 0.000058636 1.000000000 0.001748041
0.999999940 0.000296894 0.000204806 -0.001643202 -0.000296891 0.999999940 -0.000014473 0.000786444 -0.000204811 0.000014412 1.000000000 0.001612143
0.999999940 0.000270883 0.000213689 -0.002329760 -0.000270873 0.999999940 -0.000047978 0.002191038 -0.000213702 0.000047920 1.000000000 0.002232805
0.999999940 0.000260765 0.000182836 -0.001842911 -0.000260765 0.999999940 -0.000001364 0.001105719 -0.000182837 0.000001316 1.000000000 0.001408335
0.999999940 0.000296132 0.000137107 -0.002320751 -0.000296113 0.999999940 -0.000141249 0.002200728 -0.000137149 0.000141208 1.000000000 0.001494551
0.999999940 0.000323540 0.000135814 -0.001946055 -0.000323522 0.999999940 -0.000130750 0.002103362 -0.000135856 0.000130706 1.000000000 0.001037871
0.999999881 0.000369586 0.000229426 -0.001856937 -0.000369575 0.999999940 -0.000050772 0.000621806 -0.000229445 0.000050687 1.000000000 0.001609728
0.999999940 0.000262218 0.000295701 -0.002504580 -0.000262187 0.999999940 -0.000107241 0.001729182 -0.000295729 0.000107163 0.999999940 0.002750592
0.999999940 0.000270340 0.000165773 -0.001551144 -0.000270325 0.999999940 -0.000089025 0.001413772 -0.000165797 0.000088980 1.000000000 0.002213944
0.999999940 0.000284098 0.000196054 -0.001735287 -0.000284092 0.999999940 -0.000031936 0.000572482 -0.000196063 0.000031880 1.000000000 0.001015634
0.999999881 0.000358995 0.000263207 -0.002636543 -0.000358975 0.999999940 -0.000075527 0.001345810 -0.000263234 0.000075433 0.999999940 0.001623174
0.999999940 0.000296339 0.000185420 -0.001236341 -0.000296322 0.999999940 -0.000095088 0.001220004 -0.000185448 0.000095033 1.000000000 0.001151399
0.999999940 0.000276993 0.000219484 -0.002593519 -0.000276970 0.999999940 -0.000106742 0.001703075 -0.000219514 0.000106681 1.000000000 0.001810728
0.999999940 0.000329882 0.000165170 -0.001957537 -0.000329857 0.999999940 -0.000147517 0.002403568 -0.000165219 0.000147463 1.000000000 0.001936554
0.999999881 0.000386830 0.000234166 -0.002569712 -0.000386809 0.999999940 -0.000090473 0.001742009 -0.000234201 0.000090382 0.999999940 0.001780618
0.999999940 0.000328127 0.000200333 -0.001092535 -0.000328111 0.999999940 -0.000082357 0.002054816 -0.000200360 0.000082292 1.000000000 0.001877056
1.000000000 0.000180047 0.000148802 -0.000569781 -0.000180022 0.999999940 -0.000168567 0.001233641 -0.000148832 0.000168540 1.000000000 0.001796640
0.999999762 0.000596482 0.000320256 -0.003238076 -0.000596250 0.999999583 -0.000724204 -0.001893385 -0.000320688 0.000724012 0.999999702 0.048009466
0.999999881 0.000482425 0.000225092 0.000675666 -0.000482129 0.999999046 -0.001313633 -0.003797859 -0.000225726 0.001313524 0.999999106 0.138862684
0.999999940 0.000226881 0.000162254 0.002392115 -0.000226648 0.999998927 -0.001437349 -0.007996256 -0.000162580 0.001437312 0.999998927 0.252546638
0.999999702 0.000615382 0.000409027 0.003021721 -0.000614919 0.999999166 -0.001132532 -0.012788628 -0.000409723 0.001132280 0.999999285 0.384832919
0.999999881 0.000293278 0.000361052 0.004658875 -0.000292857 0.999999285 -0.001167082 -0.015391840 -0.000361394 0.001166977 0.999999225 0.526235640
0.999999940 -0.000274376 0.000297427 0.010947416 0.000274661 0.999999523 -0.000957391 -0.020041157 -0.000297164 0.000957473 0.999999523 0.689606249
0.999999881 0.000297519 0.000402948 0.016335461 -0.000297239 0.999999702 -0.000694120 -0.025354175 -0.000403155 0.000694001 0.999999702 0.843324840
0.999999642 0.000462866 0.000709895 0.010289526 -0.000462232 0.999999523 -0.000892496 -0.028719747 -0.000710308 0.000892168 0.999999344 1.021253467
0.999999940 0.000129435 0.000297241 0.021535657 -0.000129139 0.999999523 -0.000995085 -0.027094398 -0.000297370 0.000995046 0.999999464 1.205215216
0.999999642 0.000279609 0.000815599 0.008342523 -0.000279333 0.999999881 -0.000337934 -0.044709656 -0.000815694 0.000337706 0.999999583 1.380569935
0.999999642 0.000651506 0.000575179 0.020362789 -0.000651519 0.999999762 0.000022422 -0.052361634 -0.000575164 -0.000022796 0.999999821 1.559738278
0.999998271 -0.001874032 -0.000054227 0.033062696 0.001874060 0.999998093 0.000524639 -0.062905729 0.000053244 -0.000524740 0.999999881 1.708395600
0.999999046 -0.001370992 0.000284476 0.033592358 0.001370809 0.999998868 0.000643839 -0.068715297 -0.000285358 -0.000643448 0.999999762 1.915416718
0.999997854 -0.002032981 -0.000218741 0.039239042 0.002033150 0.999997616 0.000776884 -0.074936159 0.000217161 -0.000777327 0.999999702 2.114074707
0.999998391 -0.001778421 -0.000092662 0.043027095 0.001778477 0.999998212 0.000607154 -0.077445470 0.000091582 -0.000607317 0.999999881 2.332281828
0.999998808 -0.001535242 0.000177374 0.046357069 0.001535126 0.999998629 0.000656255 -0.082947463 -0.000178381 -0.000655982 0.999999762 2.564114809
0.999998033 -0.001955914 -0.000025841 0.053692821 0.001955933 0.999997735 0.000775166 -0.091668151 0.000024324 -0.000775215 0.999999702 2.766668081
0.999997795 -0.002111075 -0.000037873 0.057531741 0.002111105 0.999997437 0.000795662 -0.094377562 0.000036194 -0.000795740 0.999999702 3.002529383
0.999998093 -0.001930638 0.000101964 0.066183314 0.001930539 0.999997675 0.000960359 -0.105335467 -0.000103818 -0.000960160 0.999999583 3.251739264
0.999997973 -0.001991480 0.000199847 0.067455836 0.001991295 0.999997735 0.000924790 -0.110495351 -0.000201688 -0.000924390 0.999999523 3.478779078
0.999997377 -0.002286750 0.000078883 0.072232515 0.002286672 0.999996960 0.000983079 -0.115493067 -0.000081131 -0.000982896 0.999999464 3.736991644
0.999998391 -0.001761411 0.000350911 0.073831849 0.001761074 0.999997973 0.000960626 -0.121610947 -0.000352602 -0.000960007 0.999999464 4.000096321
0.999997735 -0.002104530 0.000305235 0.078314736 0.002104094 0.999996722 0.001424375 -0.129770681 -0.000308232 -0.001423729 0.999998927 4.229752541
0.999998212 -0.001891896 0.000350762 0.082954928 0.001891439 0.999997377 0.001299659 -0.137179270 -0.000353220 -0.001298993 0.999999106 4.488424301
0.999997735 -0.002066423 0.000497318 0.091516897 0.002065717 0.999996841 0.001416506 -0.143931046 -0.000500244 -0.001415476 0.999998808 4.748560905
0.999998212 -0.001835221 0.000448062 0.093824908 0.001834553 0.999997199 0.001486899 -0.149106458 -0.000450789 -0.001486074 0.999998808 4.983021259
0.999998212 -0.001700598 0.000786155 0.096486673 0.001699531 0.999997556 0.001356656 -0.154748231 -0.000788460 -0.001355318 0.999998808 5.248528481
0.999998152 -0.001700425 0.000891635 0.101060033 0.001698966 0.999997139 0.001634112 -0.166395620 -0.000894412 -0.001632594 0.999998271 5.514211178
0.999998271 -0.001726941 0.000741022 0.108624429 0.001725720 0.999997079 0.001644533 -0.175064936 -0.000743860 -0.001643251 0.999998391 5.784371853
0.999998152 -0.001833019 0.000580952 0.110795289 0.001832094 0.999997079 0.001588887 -0.182284698 -0.000583862 -0.001587820 0.999998569 6.022881031
0.999998927 -0.001260789 0.000766286 0.115682408 0.001259412 0.999997616 0.001794160 -0.190082848 -0.000768546 -0.001793193 0.999998093 6.308608532
0.999998808 -0.001505208 0.000424317 0.121364184 0.001504476 0.999997437 0.001718965 -0.199091345 -0.000426903 -0.001718325 0.999998450 6.597482204
0.999998450 -0.001718194 0.000486907 0.130170077 0.001717364 0.999997079 0.001699694 -0.207364157 -0.000489826 -0.001698855 0.999998450 6.905426025
0.999998748 -0.001500141 0.000544343 0.133859992 0.001499035 0.999996841 0.002027173 -0.213652402 -0.000547382 -0.002026354 0.999997795 7.174785137
0.999998450 -0.001688878 0.000571893 0.140250534 0.001687744 0.999996662 0.001977523 -0.224129856 -0.000575231 -0.001976554 0.999997854 7.481214523
0.999998450 -0.001625213 0.000792017 0.149332762 0.001623658 0.999996722 0.001960559 -0.228103891 -0.000795201 -0.001959270 0.999997735 7.800476074
0.999998689 -0.001513635 0.000757213 0.146846294 0.001512146 0.999996901 0.001962885 -0.239406198 -0.000760182 -0.001961738 0.999997735 8.097702026
0.999998689 -0.001533095 0.000586668 0.156301990 0.001531951 0.999996960 0.001945308 -0.245684877 -0.000589648 -0.001944407 0.999997914 8.423663139
0.999998391 -0.001531936 0.000999392 0.164090618 0.001530018 0.999997020 0.001917306 -0.253065348 -0.001002327 -0.001915774 0.999997616 8.763226509
0.999998689 -0.001417478 0.000803984 0.162650824 0.001416066 0.999997437 0.001754651 -0.264092326 -0.000806469 -0.001753510 0.999998093 9.076832771
0.999999225 -0.000536403 0.001098942 0.166720092 0.000534291 0.999997973 0.001920692 -0.277516007 -0.001099970 -0.001920103 0.999997556 9.414868355
0.999999285 -0.000639445 0.001088626 0.175320536 0.000637328 0.999997795 0.001943652 -0.286334246 -0.001089867 -0.001942957 0.999997556 9.768193245
0.999998927 -0.001312547 0.000630108 0.182952523 0.001311486 0.999997854 0.001682043 -0.290487707 -0.000632314 -0.001681215 0.999998331 10.108521461
0.999999046 -0.001119028 0.000835879 0.190606326 0.001117600 0.999997914 0.001706826 -0.301282734 -0.000837788 -0.001705890 0.999998212 10.468723297
0.999998450 -0.001542417 0.000676810 0.199766785 0.001540868 0.999996245 0.002284188 -0.313172072 -0.000680331 -0.002283142 0.999997139 10.835895538
0.999997258 -0.002236839 0.000595487 0.206228122 0.002235787 0.999995947 0.001760890 -0.315650761 -0.000599423 -0.001759554 0.999998212 11.193083763
0.999997854 -0.001991643 0.000627559 0.215557054 0.001990468 0.999996305 0.001866346 -0.323545665 -0.000631274 -0.001865093 0.999998033 11.577682495
0.999997854 -0.001829672 0.001005678 0.223312601 0.001827520 0.999996006 0.002137107 -0.339134604 -0.001009584 -0.002135264 0.999997199 11.954736710
0.999997079 -0.002188826 0.000960042 0.237488240 0.002186604 0.999994993 0.002309665 -0.350337088 -0.000965092 -0.002307559 0.999996841 12.327682495
0.999997795 -0.001724586 0.001158006 0.230678260 0.001721954 0.999995947 0.002270126 -0.357416004 -0.001161916 -0.002268128 0.999996722 12.692912102
0.999998212 -0.001485070 0.001220558 0.241465345 0.001482293 0.999996364 0.002272234 -0.372390091 -0.001223928 -0.002270421 0.999996722 13.080238342
0.999997973 -0.001239236 0.001574561 0.243000671 0.001235420 0.999996305 0.002422449 -0.382249534 -0.001577557 -0.002420499 0.999995828 13.500629425
0.999998271 -0.000693094 0.001737565 0.248753786 0.000688251 0.999995947 0.002785706 -0.389425755 -0.001739488 -0.002784506 0.999994636 13.944080353
0.999997318 -0.001466824 0.001781273 0.256882578 0.001462721 0.999996305 0.002302349 -0.400691658 -0.001784643 -0.002299737 0.999995708 14.317819595
0.999997675 -0.001326799 0.001638744 0.265803486 0.001322981 0.999996424 0.002328839 -0.410343587 -0.001641828 -0.002326666 0.999995887 14.749317169
0.999995828 -0.001331774 0.002535649 0.271728665 0.001325388 0.999995947 0.002518266 -0.425619334 -0.002538993 -0.002514894 0.999993622 15.170575142
0.999995112 -0.001726451 0.002600022 0.290095150 0.001719953 0.999995410 0.002499091 -0.435772747 -0.002604325 -0.002494607 0.999993503 15.622793198
0.999993920 -0.001269103 0.003225307 0.281641215 0.001259796 0.999995053 0.002885832 -0.454252422 -0.003228952 -0.002881752 0.999990642 16.002601624
0.999992609 -0.001776239 0.003388565 0.289167970 0.001766570 0.999994338 0.002854237 -0.465960354 -0.003393616 -0.002848229 0.999990225 16.457809448
0.999990821 -0.001143585 0.004130548 0.297059506 0.001130283 0.999994278 0.003221399 -0.481906354 -0.004134208 -0.003216702 0.999986351 16.901536942
0.999990523 -0.001564413 0.004069503 0.301556200 0.001550586 0.999993026 0.003398526 -0.496424437 -0.004074792 -0.003392184 0.999985933 17.325395584
0.999989033 -0.001938423 0.004263119 0.314913481 0.001925446 0.999993503 0.003045887 -0.506497025 -0.004268995 -0.003037645 0.999986231 17.795244217
0.999989092 -0.001759848 0.004324448 0.330137432 0.001746344 0.999993682 0.003124317 -0.513658106 -0.004329919 -0.003116731 0.999985754 18.273286819
0.999987602 -0.001754292 0.004654837 0.335017234 0.001738947 0.999993026 0.003298549 -0.529132783 -0.004660591 -0.003290413 0.999983728 18.702440262
0.999986887 -0.001127178 0.004982651 0.347662449 0.001112684 0.999995112 0.002910787 -0.538109481 -0.004985908 -0.002905205 0.999983370 19.182279587
0.999986768 -0.001336409 0.004972445 0.350760907 0.001318967 0.999992967 0.003509384 -0.550356507 -0.004977101 -0.003502779 0.999981463 19.640779495
0.999985278 -0.001898800 0.005068495 0.366326243 0.001882818 0.999993324 0.003156078 -0.560297906 -0.005074453 -0.003146488 0.999982178 20.133409500
0.999987245 -0.001900539 0.004689182 0.376914442 0.001886326 0.999993563 0.003033639 -0.568676233 -0.004694917 -0.003024755 0.999984443 20.649379730
0.999988854 -0.001941485 0.004299690 0.374148667 0.001927475 0.999992788 0.003260369 -0.580163062 -0.004305989 -0.003252045 0.999985456 21.103410721
0.999991119 -0.001370704 0.003995142 0.386184990 0.001356536 0.999992728 0.003546861 -0.593153954 -0.003999976 -0.003541410 0.999985754 21.621768951
0.999993265 -0.001186188 0.003473229 0.394077063 0.001174204 0.999993324 0.003450178 -0.603489220 -0.003477298 -0.003446077 0.999988019 22.140357971
0.999993086 -0.000774156 0.003628291 0.403131813 0.000761299 0.999993384 0.003543563 -0.619968474 -0.003631011 -0.003540776 0.999987125 22.657314301
0.999994874 -0.001244426 0.002956630 0.396248728 0.001234035 0.999993086 0.003513610 -0.635718405 -0.002960982 -0.003509944 0.999989450 23.086589813
0.999994576 -0.002334930 0.002335277 0.407027036 0.002328042 0.999992907 0.002947376 -0.646993577 -0.002342142 -0.002941923 0.999992907 23.619899750
0.999996543 -0.001803895 0.001956698 0.420756102 0.001798267 0.999994278 0.002874248 -0.657044649 -0.001961872 -0.002870719 0.999993920 24.161186218
0.999998271 -0.001496654 0.001127303 0.441345185 0.001492943 0.999993503 0.003285591 -0.677988946 -0.001132213 -0.003283902 0.999993980 24.665981293
0.999998629 -0.001372267 0.000936505 0.417792171 0.001368895 0.999992609 0.003592380 -0.683315396 -0.000941428 -0.003591093 0.999993086 25.167659760
0.999999404 -0.000876461 0.000614952 0.428878665 0.000874258 0.999993205 0.003573506 -0.693868279 -0.000618080 -0.003572966 0.999993384 25.732154846
0.999999583 -0.000921554 0.000329196 0.432509184 0.000920232 0.999991596 0.003994768 -0.707749546 -0.000332875 -0.003994463 0.999991953 26.290365219
0.999999344 -0.001158022 -0.000100165 0.442472726 0.001158412 0.999991417 0.003980262 -0.723647952 0.000095555 -0.003980377 0.999992013 26.766456604
0.999999881 -0.000569751 0.000209917 0.451178372 0.000568909 0.999991834 0.003990830 -0.739302039 -0.000212190 -0.003990710 0.999992013 27.320249557
0.999999881 -0.000261057 0.000184179 0.456611663 0.000260290 0.999991417 0.004148480 -0.751709759 -0.000185261 -0.004148433 0.999991357 27.868515015
0.999999762 -0.000260948 -0.000653198 0.464036822 0.000263541 0.999992013 0.003972035 -0.759250760 0.000652156 -0.003972206 0.999991834 28.362041473
0.999999940 0.000015558 -0.000390333 0.463192254 -0.000013816 0.999989927 0.004459732 -0.778648913 0.000390399 -0.004459727 0.999989927 28.912391663
0.999999821 -0.000076391 -0.000655236 0.477376074 0.000079111 0.999991357 0.004151144 -0.785238206 0.000654914 -0.004151194 0.999991119 29.463430405
0.999999464 0.000494315 -0.000944078 0.486840457 -0.000489978 0.999989331 0.004587304 -0.808944881 0.000946336 -0.004586839 0.999989033 29.998979568
0.999999762 -0.000102131 -0.000712273 0.474204779 0.000105101 0.999991238 0.004168750 -0.814384758 0.000711841 -0.004168823 0.999991000 30.445587158
0.999999404 -0.000193260 -0.001068862 0.485135376 0.000197639 0.999991536 0.004097563 -0.824500680 0.001068061 -0.004097770 0.999991000 30.994676590
0.999999404 0.000741489 -0.000796904 0.491022140 -0.000738793 0.999993920 0.003378186 -0.823965847 0.000799404 -0.003377595 0.999993980 31.540151596
0.999999583 -0.000064960 -0.000973426 0.502595425 0.000069340 0.999989867 0.004500044 -0.852963865 0.000973124 -0.004500109 0.999989450 32.085006714
0.999999404 0.000094984 -0.001104006 0.483844876 -0.000090697 0.999992430 0.003882589 -0.855952382 0.001104367 -0.003882486 0.999991775 32.563194275
0.999999166 -0.000169323 -0.001255908 0.496703207 0.000174157 0.999992490 0.003851189 -0.869130731 0.001255246 -0.003851405 0.999991715 33.112918854
0.999998093 0.000139160 -0.001990008 0.514472365 -0.000130605 0.999990761 0.004298063 -0.886150241 0.001990588 -0.004297794 0.999988794 33.645622253
0.999998748 0.000214840 -0.001566226 0.501988113 -0.000208529 0.999991775 0.004028798 -0.893976927 0.001567078 -0.004028466 0.999990642 34.130271912
0.999998689 -0.000396992 -0.001537599 0.514665365 0.000403254 0.999991536 0.004075302 -0.907590389 0.001535968 -0.004075916 0.999990523 34.678165436
0.999998689 0.000001715 -0.001616801 0.522898793 0.000004849 0.999991715 0.004060410 -0.922048807 0.001616795 -0.004060412 0.999990463 35.215553284
0.999997914 -0.000275080 -0.002033506 0.547019303 0.000283073 0.999992251 0.003931248 -0.935303271 0.002032409 -0.003931816 0.999990225 35.759834290
0.999998212 -0.000521409 -0.001795610 0.528540850 0.000529400 0.999989927 0.004452270 -0.955837250 0.001793271 -0.004453212 0.999988496 36.220642090
0.999997735 -0.000282295 -0.002141097 0.543229699 0.000290709 0.999992192 0.003929831 -0.966111362 0.002139971 -0.003930444 0.999990046 36.769615173
0.999996483 -0.000251100 -0.002628703 0.554470778 0.000261242 0.999992430 0.003858027 -0.975280046 0.002627714 -0.003858701 0.999989092 37.326087952
0.999998629 0.000928701 -0.001365731 0.528025687 -0.000923767 0.999993086 0.003608850 -1.002542019 0.001369073 -0.003607583 0.999992609 37.786148071
0.999997973 0.000779298 -0.001820956 0.573887169 -0.000772936 0.999993622 0.003491505 -1.002995610 0.001823665 -0.003490090 0.999992251 38.388610840
0.999998748 -0.000126897 -0.001562713 0.537563860 0.000132330 0.999993920 0.003476568 -0.997191727 0.001562263 -0.003476770 0.999992669 38.869190216
0.999998808 0.000393568 -0.001499448 0.547777534 -0.000387823 0.999992609 0.003829572 -1.014859080 0.001500944 -0.003828986 0.999991536 39.418376923
0.999997616 0.000553460 -0.002087617 0.559964478 -0.000546537 0.999994338 0.003315139 -1.018566012 0.002089440 -0.003313990 0.999992311 39.970817566
0.999997020 0.001119863 -0.002176418 0.563548028 -0.001112790 0.999994099 0.003248363 -1.027531266 0.002180043 -0.003245931 0.999992311 40.499469757
0.999999583 0.000139816 -0.000926626 0.542291939 -0.000136735 0.999994457 0.003324082 -1.048376083 0.000927086 -0.003323954 0.999993980 40.925941467
0.999999642 0.000687131 -0.000628429 0.550750792 -0.000684978 0.999993980 0.003420238 -1.060978889 0.000630775 -0.003419806 0.999993920 41.480998993
0.999999225 -0.000229940 -0.001244627 0.566884398 0.000234608 0.999992907 0.003752463 -1.085145116 0.001243756 -0.003752752 0.999992132 42.011348724
0.999999404 0.000280818 -0.001096145 0.580832660 -0.000277248 0.999994636 0.003255957 -1.091069937 0.001097054 -0.003255651 0.999994040 42.520309448
0.999999166 0.000996179 -0.000808853 0.565712392 -0.000993401 0.999993622 0.003426434 -1.093896508 0.000812261 -0.003425628 0.999993801 42.962947845
0.999999642 0.000762711 -0.000330800 0.569970787 -0.000761527 0.999993384 0.003558210 -1.107370377 0.000333512 -0.003557957 0.999993622 43.518238068
0.999998927 0.001279173 -0.000685637 0.586310208 -0.001276927 0.999993861 0.003265564 -1.117071033 0.000689809 -0.003264686 0.999994457 44.069610596
0.999998748 0.001578596 -0.000076715 0.594413161 -0.001578339 0.999993563 0.003222653 -1.128272533 0.000081802 -0.003222528 0.999994874 44.570648193
0.999999464 0.001053369 -0.000207673 0.595820785 -0.001052717 0.999994576 0.003108247 -1.136247396 0.000210947 -0.003108027 0.999995172 45.087482452
0.999998868 0.001500736 0.000015457 0.571363091 -0.001500777 0.999993980 0.003117628 -1.146444082 -0.000010778 -0.003117647 0.999995112 45.567424774
0.999999225 0.000995193 -0.000777356 0.589158595 -0.000992450 0.999993265 0.003520014 -1.162878990 0.000780854 -0.003519239 0.999993503 46.120903015
0.999997258 0.002324835 0.000208357 0.587219000 -0.002325482 0.999992311 0.003156899 -1.175461292 -0.000201016 -0.003157375 0.999994993 46.666839600
0.999997318 0.002294260 -0.000201795 0.616203010 -0.002293471 0.999990046 0.003825367 -1.204087377 0.000210569 -0.003824894 0.999992669 47.152927399
0.999999046 0.001296455 0.000494730 0.582672238 -0.001297951 0.999994576 0.003035274 -1.184516549 -0.000490793 -0.003035913 0.999995291 47.646862030
0.999998093 0.001863033 0.000625526 0.594329774 -0.001865175 0.999992371 0.003441580 -1.200961113 -0.000619109 -0.003442740 0.999993920 48.194545746
0.999998331 0.001666899 0.000709246 0.603968382 -0.001669120 0.999993742 0.003141985 -1.209361911 -0.000704005 -0.003143163 0.999994814 48.737815857
0.999997139 0.002099952 0.001211143 0.612222672 -0.002104329 0.999991238 0.003624680 -1.227619648 -0.001203521 -0.003627217 0.999992728 49.253936768
0.999997973 0.001731702 0.000950364 0.604497492 -0.001734534 0.999993980 0.002986945 -1.234981656 -0.000945186 -0.002988587 0.999995112 49.715728760
0.999996901 0.002306446 0.000864072 0.615174353 -0.002309197 0.999992251 0.003196653 -1.252769709 -0.000856693 -0.003198639 0.999994576 50.257076263
0.999995530 0.002792096 0.000984236 0.628127754 -0.002795383 0.999990463 0.003354184 -1.271484613 -0.000974861 -0.003356919 0.999993920 50.789623260
0.999995232 0.002581833 0.001659253 0.634390295 -0.002587322 0.999991119 0.003313388 -1.283723712 -0.001650683 -0.003317665 0.999993145 51.338474274
0.999997139 0.001802804 0.001489661 0.651033640 -0.001807288 0.999993801 0.003014817 -1.289022684 -0.001484216 -0.003017500 0.999994397 51.868343353
0.999994040 0.002795129 0.002003374 0.630976796 -0.002800980 0.999991775 0.002924231 -1.293257356 -0.001995183 -0.002929825 0.999993742 52.289066315
0.999993920 0.002922498 0.001906020 0.640085399 -0.002927627 0.999992013 0.002693995 -1.305556655 -0.001898132 -0.002699559 0.999994576 52.839508057
0.999994338 0.002739422 0.001975685 0.650593400 -0.002743997 0.999993563 0.002318085 -1.313163042 -0.001969322 -0.002323493 0.999995410 53.396232605
0.999994218 0.002634698 0.002182615 0.672658861 -0.002640203 0.999993324 0.002523770 -1.329964876 -0.002175952 -0.002529518 0.999994457 53.908859253
0.999991238 0.003237777 0.002655863 0.647893429 -0.003244766 0.999991298 0.002631094 -1.341834188 -0.002647321 -0.002639689 0.999993026 54.371406555
0.999990702 0.003372727 0.002699424 0.659723341 -0.003379561 0.999991119 0.002530838 -1.355781436 -0.002690864 -0.002539937 0.999993145 54.919403076
0.999986708 0.004208658 0.002975439 0.671679497 -0.004214245 0.999989390 0.001873750 -1.363484263 -0.002967522 -0.001886264 0.999993801 55.469322205
0.999990761 0.003864279 0.001919794 0.705577970 -0.003867347 0.999991238 0.001597055 -1.371637344 -0.001913606 -0.001604464 0.999996841 56.045299530
0.999989271 0.003028020 0.003503437 0.665168583 -0.003035856 0.999992907 0.002233292 -1.394552588 -0.003496650 -0.002243904 0.999991298 56.470294952
0.999989331 0.003090239 0.003433453 0.677143276 -0.003097721 0.999992847 0.002176152 -1.405742049 -0.003426703 -0.002186764 0.999991715 57.016796112
0.999987841 0.003326791 0.003630573 0.694089532 -0.003333749 0.999992609 0.001912054 -1.426768184 -0.003624185 -0.001924134 0.999991536 57.554267883
0.999987543 0.003505439 0.003560951 0.709009230 -0.003511740 0.999992311 0.001764918 -1.434931755 -0.003554737 -0.001777402 0.999992013 58.103130341
0.999983668 0.004035294 0.004049328 0.702977061 -0.004041754 0.999990523 0.001588865 -1.442013502 -0.004042879 -0.001605206 0.999990523 58.555389404
0.999982357 0.004114114 0.004305494 0.716243804 -0.004121484 0.999990046 0.001704728 -1.454649687 -0.004298438 -0.001722443 0.999989271 59.104637146
0.999977171 0.004970875 0.004573997 0.734846711 -0.004978109 0.999986351 0.001571682 -1.467174411 -0.004566121 -0.001594416 0.999988317 59.659130096
0.999979436 0.004541305 0.004530371 0.742522120 -0.004551286 0.999987245 0.002195694 -1.489081144 -0.004520342 -0.002216268 0.999987304 60.180660248
0.999979317 0.004004552 0.005037241 0.732393444 -0.004012011 0.999990880 0.001470953 -1.486699581 -0.005031304 -0.001491132 0.999986231 60.624553680
0.999977827 0.004304009 0.005082319 0.744864941 -0.004311867 0.999989510 0.001536174 -1.497592211 -0.005075654 -0.001558054 0.999985933 61.175746918
0.999969602 0.005292927 0.005724960 0.750230193 -0.005298815 0.999985397 0.001013580 -1.508856773 -0.005719512 -0.001043885 0.999983072 61.736042023
0.999966443 0.005409229 0.006161317 0.762747407 -0.005415773 0.999984741 0.001046038 -1.529507995 -0.006155565 -0.001079371 0.999980450 62.246070862
0.999974072 0.004584068 0.005553992 0.749954820 -0.004589280 0.999989033 0.000925929 -1.537140489 -0.005549687 -0.000951394 0.999984145 62.727016449
0.999973834 0.004292666 0.005819651 0.767076790 -0.004298592 0.999990225 0.001006263 -1.553033113 -0.005815275 -0.001031252 0.999982536 63.272018433
0.999973357 0.004114207 0.006029064 0.782319903 -0.004119532 0.999991059 0.000871422 -1.566489220 -0.006025425 -0.000896236 0.999981463 63.812713623
0.999973059 0.004501649 0.005798180 0.811494470 -0.004506617 0.999989450 0.000843906 -1.582887769 -0.005794320 -0.000870014 0.999982834 64.346496582
0.999969482 0.004768948 0.006190065 0.783540606 -0.004774156 0.999988258 0.000827081 -1.592314601 -0.006186048 -0.000856609 0.999980509 64.817169189
0.999966919 0.005238602 0.006223348 0.796230018 -0.005244521 0.999985754 0.000935113 -1.604939938 -0.006218361 -0.000967721 0.999980211 65.368972778
0.999960661 0.005796775 0.006721684 0.812009037 -0.005801905 0.999982893 0.000744095 -1.625169158 -0.006717256 -0.000783064 0.999977171 65.892875671
0.999964595 0.005204895 0.006623390 0.835795045 -0.005209300 0.999986172 0.000648150 -1.641156197 -0.006619925 -0.000682631 0.999977887 66.449523926
0.999963224 0.005328407 0.006718286 0.815905392 -0.005329721 0.999985754 0.000177472 -1.631096244 -0.006717245 -0.000213272 0.999977410 66.916252136
0.999956906 0.006286661 0.006835050 0.830784321 -0.006282276 0.999980032 -0.000663003 -1.642556787 -0.006839082 0.000620035 0.999976397 67.468009949
0.999963522 0.005376574 0.006637527 0.851044893 -0.005374501 0.999985516 -0.000329925 -1.660121799 -0.006639206 0.000294240 0.999977887 68.025154114
0.999963820 0.005495479 0.006485779 0.863752067 -0.005498597 0.999984741 0.000463037 -1.678631663 -0.006483136 -0.000498684 0.999978840 68.560325623
0.999950767 0.005845201 0.008009912 0.835065603 -0.005845621 0.999982893 0.000029070 -1.695628405 -0.008009605 -0.000075892 0.999967933 69.004020691
0.999950290 0.005998551 0.007955132 0.851050973 -0.006003717 0.999981701 0.000625847 -1.715023875 -0.007951233 -0.000673577 0.999968171 69.554450989
0.999943793 0.006936345 0.008010222 0.861594260 -0.006942041 0.999975681 0.000683562 -1.730342627 -0.008005286 -0.000739131 0.999967754 70.114921570
0.999940813 0.006285809 0.008874382 0.870147765 -0.006290684 0.999979973 0.000521316 -1.751853824 -0.008870928 -0.000577112 0.999960542 70.638244629
0.999946892 0.006019298 0.008367178 0.874100327 -0.006019496 0.999981821 -0.000001863 -1.748811841 -0.008367037 -0.000048503 0.999964952 71.112876892
0.999948025 0.006025281 0.008229287 0.891596317 -0.006024020 0.999981880 -0.000178336 -1.764717340 -0.008230213 0.000128753 0.999966085 71.666954041
0.999932408 0.007249577 0.009099433 0.899110079 -0.007248328 0.999973655 -0.000170703 -1.776006937 -0.009100432 0.000104735 0.999958575 72.236221313
0.999938548 0.006842472 0.008722133 0.911042750 -0.006840264 0.999976575 -0.000282921 -1.785160422 -0.008723864 0.000223242 0.999961913 72.745010376
0.999937296 0.006677992 0.008987810 0.928596735 -0.006671967 0.999977469 -0.000700386 -1.796295881 -0.008992285 0.000640375 0.999959350 73.296493530
0.999944985 0.006202522 0.008454703 0.951562047 -0.006194277 0.999980390 -0.001000822 -1.810852647 -0.008460744 0.000948396 0.999963820 73.841712952
0.999936223 0.006604798 0.009163635 0.953618288 -0.006599905 0.999978185 -0.000563693 -1.830432653 -0.009167157 0.000503178 0.999957860 74.328491211
0.999932349 0.006877981 0.009382821 0.967136025 -0.006868941 0.999975979 -0.000995689 -1.841465235 -0.009389442 0.000931172 0.999955535 74.876480103
0.999933481 0.006520990 0.009512593 0.975829959 -0.006516833 0.999978781 -0.000467657 -1.859889984 -0.009515439 0.000405634 0.999954641 75.394203186
0.999934077 0.006815178 0.009240352 0.994984269 -0.006808655 0.999976695 -0.000737352 -1.870032310 -0.009245161 0.000674389 0.999956965 75.894515991
0.999929845 0.007354745 0.009284053 1.012371540 -0.007349598 0.999972820 -0.000588589 -1.885767579 -0.009288130 0.000520314 0.999956727 76.437461853
0.999923468 0.007916382 0.009505110 1.017648220 -0.007910293 0.999968588 -0.000678242 -1.897785664 -0.009510178 0.000603002 0.999954581 76.971244812
0.999923706 0.007644429 0.009698838 1.033836484 -0.007637553 0.999970555 -0.000745694 -1.913192391 -0.009704254 0.000671561 0.999952674 77.518142700
0.999914825 0.007650757 0.010575341 1.050844312 -0.007641109 0.999970376 -0.000952215 -1.929297924 -0.010582313 0.000871326 0.999943614 78.061195374
0.999904454 0.006871255 0.011994590 1.066524863 -0.006856740 0.999975681 -0.001250698 -1.942337394 -0.012002892 0.001168335 0.999927282 78.613288879
0.999883533 0.007404042 0.013347375 1.078396320 -0.007393424 0.999972224 -0.000844608 -1.956816435 -0.013353261 0.000745826 0.999910533 79.125022888
0.999860525 0.007984853 0.014671700 1.092178583 -0.007978158 0.999967992 -0.000514767 -1.974195838 -0.014675342 0.000397642 0.999892235 79.670288086
0.999811590 0.007967036 0.017701633 1.119947910 -0.007954503 0.999968052 -0.000778275 -1.994781733 -0.017707272 0.000637321 0.999843001 80.216613770
0.999737859 0.007482512 0.021636082 1.138429642 -0.007461412 0.999971628 -0.001055629 -1.997815371 -0.021643359 0.000893917 0.999765456 80.757575989
0.999661267 0.007528408 0.024912158 1.166710734 -0.007510774 0.999971449 -0.000801295 -2.015847683 -0.024917478 0.000613914 0.999689341 81.300247192
0.999544561 0.007941054 0.029115982 1.194967985 -0.007909135 0.999968052 -0.001211258 -2.028176546 -0.029124672 0.000980425 0.999575317 81.851478577
0.999347389 0.008274157 0.035162058 1.220071077 -0.008244613 0.999965549 -0.000984988 -2.039954185 -0.035168994 0.000694448 0.999381125 82.371063232
0.999113262 0.007927764 0.041350562 1.254014254 -0.007877238 0.999968052 -0.001384656 -2.054606676 -0.041360214 0.001057700 0.999143779 82.919036865
0.998843789 0.008450603 0.047324426 1.292263031 -0.008401784 0.999963999 -0.001230383 -2.071560621 -0.047333114 0.000831351 0.998878837 83.467414856
0.998430908 0.008229441 0.055388995 1.338542223 -0.008178618 0.999965906 -0.001144153 -2.079585791 -0.055396523 0.000689352 0.998464167 83.991767883
0.997911334 0.008135757 0.064084321 1.391389370 -0.008045276 0.999966264 -0.001669863 -2.092051744 -0.064095736 0.001150799 0.997943103 84.547492981
0.997461915 0.007263474 0.070830852 1.452193737 -0.007148847 0.999972701 -0.001871665 -2.103976965 -0.070842519 0.001360555 0.997486532 85.118453979
0.996734023 0.008465016 0.080311298 1.497747421 -0.008373149 0.999963760 -0.001480579 -2.123901129 -0.080320947 0.000803285 0.996768653 85.610618591
0.995898843 0.008152785 0.090106428 1.573159218 -0.008038165 0.999966323 -0.001634841 -2.143835306 -0.090116717 0.000903846 0.995930791 86.139793396
0.995078862 0.007533880 0.098799713 1.657359123 -0.007374053 0.999970853 -0.001982750 -2.152115107 -0.098811775 0.001244438 0.995105326 86.686393738
0.994247794 0.008384855 0.106775366 1.722465992 -0.008259576 0.999964535 -0.001615470 -2.175464869 -0.106785126 0.000724258 0.994281888 87.246696472
0.993185461 0.007790490 0.116283312 1.794710159 -0.007607279 0.999969006 -0.002019267 -2.182365656 -0.116295435 0.001120907 0.993214011 87.767723083
0.991925240 0.007575706 0.126596823 1.891018867 -0.007397117 0.999970794 -0.001880738 -2.194072247 -0.126607373 0.000929100 0.991952419 88.308799744
0.990687490 0.006970163 0.135977298 1.985773087 -0.006770555 0.999975204 -0.001930365 -2.217617273 -0.135987341 0.000991746 0.990710020 88.831428528
0.989067078 0.007072162 0.147296473 2.091497421 -0.006876104 0.999974549 -0.001840197 -2.236581802 -0.147305742 0.000807252 0.989090621 89.360557556
0.987085283 0.007043168 0.160040826 2.174186707 -0.006779457 0.999974608 -0.002193735 -2.244068146 -0.160052240 0.001080414 0.987107873 89.889747620
0.985246956 0.006816352 0.171002701 2.287439346 -0.006499222 0.999976039 -0.002414287 -2.257463455 -0.171015054 0.001267284 0.985267460 90.430053711
0.983415127 0.006183727 0.181263566 2.401066780 -0.005778699 0.999979496 -0.002762486 -2.268160105 -0.181276947 0.001669202 0.983430684 90.974685669
0.980959892 0.005934790 0.194119632 2.520456314 -0.005541494 0.999981284 -0.002569002 -2.288789034 -0.194131270 0.001444375 0.980974495 91.467132568
0.978492975 0.005747833 0.206199795 2.657857895 -0.005325557 0.999982357 -0.002602871 -2.302965879 -0.206211135 0.001448762 0.978506386 91.993888855
0.976255119 0.005381454 0.216556937 2.789531708 -0.004978475 0.999984622 -0.002406341 -2.317303181 -0.216566607 0.001271079 0.976267099 92.537971497
0.973188698 0.005675524 0.229938135 2.920370102 -0.005152490 0.999982536 -0.002875033 -2.318546772 -0.229950413 0.001613196 0.973200917 93.065910339
0.970024168 0.005273872 0.242951125 3.075887680 -0.004644778 0.999984205 -0.003162128 -2.333005905 -0.242963970 0.001938886 0.970033288 93.590789795
0.967186868 0.004995506 0.254017234 3.232183456 -0.004317957 0.999985397 -0.003224825 -2.351401329 -0.254029632 0.002022173 0.967194200 94.102050781
0.964242399 0.004607820 0.264981896 3.388366699 -0.003929923 0.999987483 -0.003088386 -2.363934994 -0.264992774 0.001936595 0.964248419 94.572402954
0.960487127 0.005233964 0.278275281 3.563707352 -0.004807872 0.999985993 -0.002213609 -2.389923811 -0.278283000 0.000788231 0.960498750 95.087707520
0.956673265 0.005253378 0.291115940 3.738426208 -0.004691802 0.999985576 -0.002627074 -2.403694630 -0.291125566 0.001147394 0.956684113 95.623016357
0.953185141 0.004684113 0.302350849 3.925996780 -0.003993048 0.999987781 -0.002903729 -2.414952040 -0.302360773 0.001560490 0.953192234 96.126457214
0.948697388 0.003997537 0.316160023 4.124732971 -0.003353290 0.999991000 -0.002581743 -2.430768728 -0.316167444 0.001389116 0.948702455 96.649955750
0.943891346 0.003382455 0.330238611 4.328466415 -0.002441753 0.999991715 -0.003263331 -2.438947201 -0.330246896 0.002273868 0.943891883 97.169288635
0.939934433 0.004015618 0.341331482 4.531373978 -0.003217523 0.999990582 -0.002904271 -2.465145350 -0.341339946 0.001631582 0.939938486 97.663650513
0.934928060 0.003842520 0.354816824 4.746805191 -0.003047847 0.999991417 -0.002798541 -2.484528780 -0.354824543 0.001535006 0.934931636 98.172302246
0.929517567 0.003699467 0.368759304 4.966619492 -0.002902683 0.999992132 -0.002715437 -2.502907276 -0.368766457 0.001453654 0.929520965 98.660644531
0.924604416 0.003431590 0.380913258 5.198436737 -0.002674066 0.999993265 -0.002517929 -2.522471189 -0.380919337 0.001309502 0.924607396 99.184211731
0.919624150 0.003115672 0.392787069 5.411653519 -0.002252521 0.999993920 -0.002658387 -2.527915001 -0.392792910 0.001559956 0.919625640 99.666030884
0.913467526 0.002995099 0.406900555 5.657768250 -0.002146340 0.999994516 -0.002542317 -2.545410156 -0.406905949 0.001448977 0.913468957 100.156707764
0.907310903 0.003110328 0.420448750 5.897495270 -0.002067106 0.999993503 -0.002936859 -2.553651810 -0.420455188 0.001795533 0.907311499 100.638397217
0.902456701 0.001695252 0.430777282 6.164382935 -0.000250544 0.999994099 -0.003410435 -2.573486090 -0.430780649 0.002969841 0.902451873 101.120285034
0.896819472 0.001655863 0.442393422 6.447170258 -0.000572343 0.999996483 -0.002582698 -2.613303185 -0.442396194 0.002063015 0.896817446 101.582489014
0.889680564 0.002063229 0.456578642 6.650119781 -0.000869931 0.999995649 -0.002823740 -2.598056316 -0.456582487 0.002115035 0.889678478 102.077346802
0.883617401 0.002056220 0.468205243 6.928642273 -0.000599223 0.999994516 -0.003260805 -2.607013941 -0.468209386 0.002600745 0.883613706 102.558288574
0.877723396 0.002018627 0.479163170 7.224590302 -0.000587615 0.999994874 -0.003136412 -2.626014471 -0.479167104 0.002471340 0.877720177 103.044746399
0.869865596 0.001828401 0.493285388 7.500488281 -0.000733571 0.999996841 -0.002412978 -2.663134575 -0.493288249 0.001737107 0.869864106 103.463539124
0.862219572 0.001407156 0.506532729 7.758922577 0.000105604 0.999995649 -0.002957762 -2.649193764 -0.506534636 0.002603732 0.862215698 103.978210449
