1.000000000 0.000000000 0.000000000 0.000000000 0.000000000 1.000000000 0.000000000 0.000000000 0.000000000 0.000000000 1.000000000 0.000000000
1.000000000 0.000009936 0.000058813 -0.000194671 -0.000009940 1.000000000 0.000078310 0.000205829 -0.000058812 -0.000078310 1.000000000 0.000540902
1.000000000 0.000021716 0.000133053 -0.000888009 -0.000021715 1.000000000 -0.000004037 0.000887578 -0.000133053 0.000004034 1.000000000 0.000787157
1.000000000 0.000056722 0.000039063 -0.000316461 -0.000056725 1.000000000 0.000067519 -0.000620499 -0.000039059 -0.000067521 1.000000000 0.000341045
1.000000000 0.000053582 0.000156330 -0.001109815 -0.000053589 1.000000000 0.000043403 0.000247749 -0.000156328 -0.000043412 1.000000000 0.000721617
1.000000000 -0.000044313 0.000049627 -0.000624061 0.000044312 1.000000000 0.000017630 -0.000325490 -0.000049627 -0.000017628 1.000000000 -0.000131726
1.000000000 -0.000056407 0.000028508 -0.001010985 0.000056405 1.000000000 0.000072939 -0.000828154 -0.000028512 -0.000072937 1.000000000 -0.000970424
1.000000000 0.000016935 0.000045063 -0.000896681 -0.000016935 1.000000000 0.000012843 -0.000817084 -0.000045063 -0.000012843 1.000000000 -0.000554680
1.000000000 -0.000031622 0.000066747 -0.000784245 0.000031621 1.000000000 0.000006300 -0.000289517 -0.000066748 -0.000006298 1.000000000 0.000404432
1.000000000 -0.000019033 0.000073866 -0.001053170 0.000019022 1.000000000 0.000147908 -0.001003604 -0.000073869 -0.000147906 1.000000000 -0.000147613
1.000000000 0.000049222 0.000119786 -0.000783910 -0.000049229 1.000000000 0.000057449 -0.000575724 -0.000119783 -0.000057455 1.000000000 0.000181793
1.000000000 0.000039053 0.000120250 -0.001495008 -0.000039052 1.000000000 -0.000012599 0.000117512 -0.000120251 0.000012594 1.000000000 0.000352902
1.000000000 -0.000021872 0.000035125 -0.000372188 0.000021869 1.000000000 0.000065691 -0.000297183 -0.000035126 -0.000065690 1.000000000 0.000731621
1.000000000 0.000090976 0.000071611 -0.000803994 -0.000090977 1.000000000 0.000014081 0.000939382 -0.000071610 -0.000014088 1.000000000 0.000320204
1.000000000 0.000121002 0.000108526 -0.001292418 -0.000121010 1.000000000 0.000071015 -0.000225267 -0.000108517 -0.000071028 1.000000000 -0.000927408
1.000000000 0.000088566 0.000094759 -0.001701769 -0.000088570 1.000000000 0.000047162 0.000347386 -0.000094755 -0.000047171 1.000000000 0.000644711
1.000000000 0.000068675 0.000115397 -0.001800293 -0.000068673 1.000000000 -0.000016632 0.000931946 -0.000115398 0.000016624 1.000000000 0.001435451
0.999999940 0.000184061 0.000185200 -0.002173792 -0.000184061 1.000000000 0.000002686 0.001544408 -0.000185199 -0.000002720 1.000000000 0.002220318
1.000000000 0.000072192 0.000173093 -0.001708056 -0.000072177 1.000000000 -0.000082768 0.001129642 -0.000173099 0.000082755 1.000000000 0.001860404
1.000000000 0.000169309 0.000130877 -0.001499947 -0.000169319 1.000000000 0.000079914 0.000018221 -0.000130864 -0.000079936 1.000000000 0.000945610
1.000000000 0.000109650 0.000093043 -0.001374464 -0.000109644 1.000000000 -0.000062424 0.001303005 -0.000093050 0.000062413 1.000000000 0.001135358
1.000000000 0.000155160 0.000126168 -0.001105795 -0.000155152 1.000000000 -0.000064016 0.001125835 -0.000126178 0.000063996 1.000000000 0.001831075
1.000000000 0.000087406 0.000093312 -0.001985680 -0.000087405 1.000000000 -0.000014629 0.001166517 -0.000093314 0.000014621 1.000000000 0.001212707
0.999999940 0.000306641 0.000109316 -0.001811007 -0.000306636 0.999999940 -0.000044795 0.001066657 -0.000109330 0.000044761 1.000000000 0.001298392
1.000000000 0.000179949 0.000139592 -0.001941308 -0.000179944 1.000000000 -0.000035735 0.001513616 -0.000139598 0.000035710 1.000000000 0.001072102
1.000000000 0.000070860 0.000148793 -0.000831140 -0.000070849 1.000000000 -0.000075073 0.002039864 -0.000148798 0.000075062 1.000000000 0.002537387
0.999999940 0.000215908 0.000163347 -0.001725974 -0.000215902 1.000000000 -0.000038030 0.001731427 -0.000163356 0.000037994 1.000000000 0.002477072
1.000000000 0.000057782 0.000068068 -0.001890633 -0.000057776 1.000000000 -0.000080331 0.001345793 -0.000068072 0.000080327 1.000000000 0.000787138
0.999999940 0.000226845 0.000162899 -0.002071156 -0.000226830 0.999999940 -0.000091913 0.002266837 -0.000162920 0.000091876 1.000000000 0.001653156
1.000000000 0.000126229 0.000116572 -0.001061086 -0.000126223 1.000000000 -0.000044922 0.000927898 -0.000116578 0.000044907 1.000000000 0.001643786
1.000000000 0.000005715 0.000189802 -0.001378468 -0.000005725 1.000000000 0.000053448 0.000404680 -0.000189802 -0.000053449 1.000000000 0.000997293
1.000000000 0.000037288 0.000094056 -0.000745265 -0.000037284 1.000000000 -0.000047584 0.000992406 -0.000094058 0.000047580 1.000000000 0.001781157
1.000000000 0.000079825 0.000080191 -0.001220092 -0.000079824 1.000000000 -0.000015750 0.000870281 -0.000080192 0.000015744 1.000000000 0.001117217
0.999999940 0.000217075 0.000265765 -0.002604704 -0.000217088 1.000000000 0.000048246 0.001031586 -0.000265755 -0.000048304 0.999999940 0.001414536
1.000000000 0.000073302 0.000160724 -0.001209956 -0.000073290 1.000000000 -0.000078246 0.001413921 -0.000160730 0.000078234 1.000000000 0.002656194
1.000000000 0.000081648 0.000127951 -0.000921907 -0.000081644 1.000000000 -0.000027915 0.001390356 -0.000127954 0.000027904 1.000000000 0.002135727
1.000000000 0.000036779 0.000071258 -0.001464161 -0.000036778 1.000000000 -0.000021028 0.001583288 -0.000071259 0.000021025 1.000000000 0.001724138
1.000000000 0.000050035 0.000134938 -0.001001239 -0.000050030 1.000000000 -0.000036559 0.001076199 -0.000134940 0.000036552 1.000000000 0.000982938
0.999999940 0.000214329 0.000131646 -0.001157210 -0.000214329 1.000000000 -0.000002732 0.001650826 -0.000131646 0.000002703 1.000000000 0.001869816
1.000000000 -0.000014427 0.000118492 -0.001363169 0.000014438 1.000000000 -0.000090290 0.001179155 -0.000118491 0.000090291 1.000000000 0.001801313
0.999999940 0.000261771 0.000235063 -0.001943961 -0.000261622 0.999999762 -0.000634366 -0.001680255 -0.000235229 0.000634304 0.999999762 0.050123367
0.999999940 0.000287395 0.000266296 0.001116594 -0.000287009 0.999998927 -0.001446895 -0.000878024 -0.000266712 0.001446819 0.999998927 0.139616922
0.999999940 0.000149531 0.000214090 0.002954832 -0.000149215 0.999998927 -0.001476006 -0.005707356 -0.000214310 0.001475974 0.999998868 0.253211766
0.999999821 0.000545810 0.000250964 0.005526681 -0.000545490 0.999999046 -0.001273209 -0.009046363 -0.000251659 0.001273072 0.999999166 0.385971636
0.999999940 0.000152541 0.000309608 0.005496149 -0.000152152 0.999999225 -0.001255799 -0.013298994 -0.000309799 0.001255752 0.999999166 0.531615138
0.999999940 -0.000232210 0.000174115 0.011993768 0.000232430 0.999999166 -0.001269195 -0.017140388 -0.000173820 0.001269235 0.999999166 0.685426295
0.999999821 0.000468695 0.000318315 0.017326985 -0.000468381 0.999999404 -0.000987399 -0.016982516 -0.000318778 0.000987250 0.999999464 0.843253672
0.999999821 0.000278464 0.000523935 0.012975191 -0.000277936 0.999999464 -0.001008494 -0.026305171 -0.000524216 0.001008348 0.999999344 1.023475170
0.999999940 0.000100784 0.000235896 0.020476541 -0.000100475 0.999999166 -0.001309200 -0.025243888 -0.000236028 0.001309176 0.999999106 1.203731775
1.000000000 0.000018869 -0.000013166 0.027855592 -0.000018878 0.999999762 -0.000668314 -0.040440865 0.000013153 0.000668314 0.999999762 1.381138086
0.999999821 0.000567121 0.000098867 0.032630127 -0.000567061 0.999999642 -0.000601068 -0.048310943 -0.000099208 0.000601012 0.999999821 1.579172492
0.999999285 0.000886812 0.000789605 0.015445689 -0.000886551 0.999999523 -0.000329716 -0.049972009 -0.000789897 0.000329016 0.999999642 1.780620098
0.999999344 -0.000453222 0.001009229 0.013985883 0.000452080 0.999999285 0.001131037 -0.083021164 -0.001009741 -0.001130580 0.999998868 1.965443730
0.999999523 -0.000537526 0.000796321 0.023302065 0.000536478 0.999999046 0.001314560 -0.091734894 -0.000797027 -0.001314132 0.999998808 2.177469492
0.999999702 -0.000523768 0.000565224 0.023824519 0.000522951 0.999998868 0.001443568 -0.095031120 -0.000565979 -0.001443272 0.999998868 2.406717539
0.999999285 -0.000858958 0.000830978 0.029889980 0.000858033 0.999998927 0.001112843 -0.101207048 -0.000831933 -0.001112129 0.999998987 2.628818989
0.999998748 -0.001311323 0.000804729 0.036536813 0.001310120 0.999997973 0.001493545 -0.109109037 -0.000806686 -0.001492489 0.999998569 2.860265970
0.999998629 -0.001166636 0.001133304 0.040242150 0.001164917 0.999998093 0.001516445 -0.112228602 -0.001135071 -0.001515123 0.999998212 3.089234829
0.999998927 -0.001048813 0.000999121 0.051274341 0.001047016 0.999997735 0.001798245 -0.124013774 -0.001001005 -0.001797197 0.999997914 3.325454950
0.999999344 -0.000716882 0.000906613 0.052626040 0.000715332 0.999998271 0.001709582 -0.131149441 -0.000907837 -0.001708932 0.999998152 3.582667112
0.999999523 -0.000418407 0.000990363 0.055045329 0.000416898 0.999998808 0.001524021 -0.135967106 -0.000991000 -0.001523607 0.999998391 3.840905905
0.999999404 -0.000584756 0.000978283 0.064552203 0.000582660 0.999997497 0.002141511 -0.144410089 -0.000979533 -0.002140939 0.999997318 4.104254246
0.999999106 -0.000912574 0.001047990 0.074425235 0.000910117 0.999996841 0.002343303 -0.152958721 -0.001050126 -0.002342348 0.999996781 4.351501942
0.999999106 -0.000735432 0.001142671 0.069199726 0.000733174 0.999997735 0.001975402 -0.161897868 -0.001144121 -0.001974562 0.999997377 4.613728523
0.999998808 -0.000371525 0.001523565 0.075833060 0.000368537 0.999997973 0.001961203 -0.167349398 -0.001524290 -0.001960639 0.999996901 4.872447968
0.999998927 -0.000089839 0.001517399 0.084609933 0.000086957 0.999998212 0.001899262 -0.168407246 -0.001517567 -0.001899128 0.999997020 5.142061234
0.999998927 -0.000470223 0.001420365 0.089209870 0.000467399 0.999997973 0.001987569 -0.180037960 -0.001421297 -0.001986903 0.999997020 5.400808811
0.999998331 -0.000069137 0.001815986 0.084973216 0.000065599 0.999998093 0.001948492 -0.184468210 -0.001816117 -0.001948370 0.999996424 5.656373024
0.999998450 -0.000598656 0.001643053 0.092644244 0.000595519 0.999997973 0.001909101 -0.190789893 -0.001644193 -0.001908119 0.999996841 5.919275284
0.999998033 -0.000253141 0.001948661 0.096449897 0.000249455 0.999998152 0.001891514 -0.196654975 -0.001949136 -0.001891024 0.999996305 6.211024761
0.999997854 0.000190071 0.002030307 0.108753316 -0.000195128 0.999996841 0.002490993 -0.208074361 -0.002029828 -0.002491384 0.999994874 6.501331329
0.999998748 -0.000124847 0.001582906 0.116777755 0.000120936 0.999996960 0.002470419 -0.219652742 -0.001583210 -0.002470225 0.999995708 6.802598000
0.999998212 -0.000127573 0.001884417 0.110964477 0.000124070 0.999998212 0.001859349 -0.220997825 -0.001884651 -0.001859112 0.999996483 7.074357986
0.999998748 -0.000158856 0.001568507 0.121442840 0.000155784 0.999998033 0.001958827 -0.227678210 -0.001568815 -0.001958580 0.999996841 7.373114109
0.999998212 -0.000646313 0.001754722 0.123120561 0.000641867 0.999996603 0.002532995 -0.251432091 -0.001756353 -0.002531864 0.999995232 7.666784286
0.999997973 -0.000138789 0.001993214 0.122475222 0.000133973 0.999997079 0.002415662 -0.254541934 -0.001993544 -0.002415390 0.999995112 7.998448849
0.999997914 -0.000167368 0.002011570 0.135744274 0.000162612 0.999997199 0.002364048 -0.258270293 -0.002011960 -0.002363716 0.999995112 8.320807457
0.999998152 0.000013504 0.001937655 0.137947902 -0.000017234 0.999998152 0.001924736 -0.261950672 -0.001937625 -0.001924766 0.999996245 8.627116203
0.999997735 0.000314252 0.002165033 0.144076645 -0.000317782 0.999998629 0.001630596 -0.263881236 -0.002164518 -0.001631280 0.999996245 8.972916603
0.999998510 0.000014906 0.001758188 0.153396338 -0.000018114 0.999998331 0.001824706 -0.276729167 -0.001758159 -0.001824735 0.999996781 9.293875694
0.999997377 0.000813079 0.002137823 0.155742735 -0.000817304 0.999997675 0.001976107 -0.287385523 -0.002136212 -0.001977849 0.999995708 9.624341965
0.999997735 0.000600364 0.002029080 0.170462713 -0.000604874 0.999997377 0.002222551 -0.295067996 -0.002027741 -0.002223773 0.999995410 9.981174469
0.999997795 0.000038545 0.002090493 0.165494993 -0.000043182 0.999997497 0.002217763 -0.319785833 -0.002090403 -0.002217848 0.999995291 10.343441963
0.999998093 -0.000309205 0.001918123 0.177344263 0.000304869 0.999997318 0.002260021 -0.331003726 -0.001918817 -0.002259432 0.999995530 10.694592476
0.999997854 0.000098433 0.002036830 0.183773100 -0.000102809 0.999997675 0.002148653 -0.334264427 -0.002036614 -0.002148857 0.999995589 11.071849823
0.999997735 -0.000231463 0.002109545 0.190942541 0.000227356 0.999998033 0.001946872 -0.344621778 -0.002109992 -0.001946388 0.999995828 11.463536263
0.999996960 0.000381609 0.002428668 0.201348379 -0.000387514 0.999996960 0.002431293 -0.358227611 -0.002427733 -0.002432227 0.999994099 11.813663483
0.999996722 0.000267367 0.002551001 0.197837755 -0.000274059 0.999996543 0.002623315 -0.368333787 -0.002550291 -0.002624006 0.999993324 12.199679375
0.999997079 0.000370886 0.002399468 0.211268067 -0.000378740 0.999994576 0.003273709 -0.383619815 -0.002398241 -0.003274608 0.999991834 12.586900711
0.999997199 -0.000205431 0.002329474 0.221899718 0.000198081 0.999995053 0.003155481 -0.388780981 -0.002330111 -0.003155011 0.999992311 12.984436035
0.999996662 0.000114820 0.002565379 0.232227713 -0.000123323 0.999994516 0.003314668 -0.405126035 -0.002564984 -0.003314973 0.999991238 13.383767128
0.999996126 0.000557774 0.002723825 0.229578555 -0.000566270 0.999994993 0.003119208 -0.412925661 -0.002722071 -0.003120738 0.999991477 13.809538841
0.999996722 0.000230436 0.002543774 0.243648827 -0.000238345 0.999995232 0.003109482 -0.426815569 -0.002543046 -0.003110079 0.999991953 14.169841766
0.999995947 0.000025886 0.002853510 0.251673996 -0.000034058 0.999995887 0.002863842 -0.439021349 -0.002853424 -0.002863927 0.999991834 14.592596054
0.999995053 0.000158827 0.003121160 0.261175632 -0.000167335 0.999996245 0.002725729 -0.444059372 -0.003120715 -0.002726238 0.999991417 15.034179688
0.999994636 -0.000100177 0.003281517 0.271594495 0.000090966 0.999996066 0.002806718 -0.455911845 -0.003281785 -0.002806405 0.999990642 15.452541351
0.999992490 0.000545091 0.003852799 0.278479129 -0.000557137 0.999994993 0.003126006 -0.470418602 -0.003851075 -0.003128128 0.999987781 15.886949539
0.999992311 0.000518520 0.003892892 0.293443859 -0.000533254 0.999992788 0.003784700 -0.487522870 -0.003890901 -0.003786747 0.999985278 16.301816940
0.999989629 0.000083653 0.004557268 0.299729645 -0.000096855 0.999995828 0.002896805 -0.490438432 -0.004557006 -0.002897216 0.999985397 16.785467148
0.999989212 -0.000139354 0.004646049 0.310498923 0.000124855 0.999995112 0.003120894 -0.505005300 -0.004646461 -0.003120280 0.999984324 17.239065170
0.999989271 -0.000078001 0.004641406 0.322619736 0.000064009 0.999995470 0.003014611 -0.515120149 -0.004641620 -0.003014282 0.999984622 17.698932648
0.999987185 -0.000437360 0.005067361 0.330805212 0.000422808 0.999995887 0.002872393 -0.526253581 -0.005068596 -0.002870213 0.999982953 18.151582718
0.999987006 -0.000048338 0.005100521 0.344113171 0.000032472 0.999995172 0.003110635 -0.536259413 -0.005100647 -0.003110429 0.999982119 18.616825104
0.999985754 -0.000344281 0.005321449 0.354422927 0.000330545 0.999996603 0.002582058 -0.548429906 -0.005322319 -0.002580262 0.999982476 19.103252411
0.999986887 -0.000218052 0.005116630 0.368969083 0.000202315 0.999995232 0.003076043 -0.563159883 -0.005117277 -0.003074967 0.999982119 19.574607849
0.999986887 0.000017407 0.005121324 0.383979440 -0.000037173 0.999992549 0.003859457 -0.580902696 -0.005121218 -0.003859597 0.999979436 20.049722672
0.999987781 -0.000700505 0.004895264 0.401622891 0.000681855 0.999992490 0.003810426 -0.593722105 -0.004897896 -0.003807041 0.999980807 20.534250259
0.999988914 -0.000713020 0.004649054 0.401656389 0.000697833 0.999994516 0.003267391 -0.596154392 -0.004651357 -0.003264111 0.999983847 21.019182205
0.999990642 -0.000772350 0.004241074 0.415464610 0.000758319 0.999994218 0.003308988 -0.608791173 -0.004243606 -0.003305741 0.999985516 21.523574829
0.999991536 -0.000739091 0.004051310 0.421946168 0.000725594 0.999994159 0.003331959 -0.620472431 -0.004053749 -0.003328991 0.999986231 22.020376205
0.999993801 -0.000657170 0.003458580 0.429625392 0.000645722 0.999994457 0.003310201 -0.630346715 -0.003460736 -0.003307948 0.999988556 22.509063721
0.999995708 -0.000208737 0.002921192 0.438850641 0.000199322 0.999994874 0.003222984 -0.643575668 -0.002921850 -0.003222388 0.999990582 23.027767181
0.999995708 0.000600800 0.002870788 0.440339655 -0.000611456 0.999992967 0.003712469 -0.664383829 -0.002868537 -0.003714208 0.999989033 23.540395737
0.999997139 -0.001534160 0.001793353 0.455421060 0.001528540 0.999993920 0.003130501 -0.678931177 -0.001798144 -0.003127751 0.999993503 24.057403564
0.999998271 -0.001019822 0.001486980 0.464752853 0.001014911 0.999994040 0.003299903 -0.688647628 -0.001490336 -0.003298388 0.999993443 24.599288940
0.999999225 0.000108028 0.001185967 0.473104179 -0.000111442 0.999995887 0.002878574 -0.700266302 -0.001185651 -0.002878704 0.999995172 25.122016907
1.000000000 -0.000054566 0.000296460 0.472847044 0.000053538 0.999993980 0.003468293 -0.717312574 -0.000296648 -0.003468277 0.999993920 25.649076462
0.999999762 0.000684842 0.000260434 0.480607063 -0.000685754 0.999993563 0.003518992 -0.731573224 -0.000258022 -0.003519170 0.999993742 26.209350586
0.999999881 -0.000371207 -0.000348241 0.496131778 0.000372529 0.999992728 0.003802920 -0.738202512 0.000346827 -0.003803049 0.999992669 26.757282257
0.999999523 -0.000459592 -0.000878712 0.500103414 0.000463046 0.999992132 0.003933977 -0.761009216 0.000876897 -0.003934382 0.999991894 27.280323029
0.999998987 0.000297830 -0.001375068 0.512624919 -0.000292880 0.999993503 0.003598414 -0.770027518 0.001376131 -0.003598008 0.999992609 27.827478409
0.999998987 0.000273493 -0.001428515 0.522256076 -0.000268579 0.999994099 0.003438826 -0.781115651 0.001429447 -0.003438439 0.999993145 28.378059387
0.999998808 0.000288946 -0.001524717 0.521130800 -0.000283386 0.999993324 0.003645940 -0.793154180 0.001525760 -0.003645504 0.999992192 28.912521362
0.999998689 0.000383492 -0.001614861 0.527492940 -0.000377608 0.999993324 0.003642208 -0.805894971 0.001616247 -0.003641594 0.999992073 29.472246170
0.999997914 0.000184074 -0.002065671 0.540973306 -0.000176593 0.999993384 0.003621220 -0.815854311 0.002066324 -0.003620847 0.999991357 30.022626877
0.999997854 0.001109202 -0.001758482 0.542549729 -0.001102481 0.999992073 0.003818139 -0.833239853 0.001762703 -0.003816192 0.999991119 30.550786972
0.999997020 0.000858560 -0.002279224 0.553126037 -0.000850447 0.999993324 0.003558491 -0.839536369 0.002282264 -0.003556543 0.999991059 31.060132980
0.999994934 0.000474172 -0.003141646 0.565278530 -0.000464786 0.999995410 0.002987706 -0.851175487 0.003143048 -0.002986231 0.999990582 31.603450775
0.999994099 0.000713805 -0.003359808 0.583808601 -0.000703014 0.999994636 0.003211594 -0.865239561 0.003362083 -0.003209213 0.999989212 32.129722595
0.999994934 0.001001359 -0.003019011 0.560829997 -0.000992375 0.999994993 0.002975355 -0.866118312 0.003021975 -0.002972344 0.999991000 32.669128418
0.999995828 0.000655560 -0.002829024 0.563511729 -0.000645919 0.999993920 0.003407370 -0.884593189 0.002831241 -0.003405528 0.999990165 33.215961456
0.999995410 0.001751043 -0.002457328 0.573587060 -0.001743271 0.999993503 0.003161380 -0.892526150 0.002462848 -0.003157082 0.999992013 33.775642395
0.999993742 0.000726299 -0.003456727 0.579791009 -0.000715470 0.999994814 0.003132813 -0.908589900 0.003458985 -0.003130320 0.999989092 34.270996094
0.999992847 0.000240441 -0.003788786 0.592810810 -0.000230083 0.999996185 0.002733953 -0.923820376 0.003789430 -0.002733062 0.999989092 34.800334930
0.999993682 0.000164344 -0.003552180 0.598432720 -0.000153599 0.999995351 0.003024857 -0.937681317 0.003552662 -0.003024292 0.999989092 35.336116791
0.999992847 0.000511115 -0.003731132 0.587868392 -0.000499660 0.999995172 0.003070418 -0.947409570 0.003732683 -0.003068532 0.999988258 35.879699707
0.999992013 0.000142551 -0.003983844 0.599558592 -0.000129908 0.999994993 0.003173627 -0.960104227 0.003984277 -0.003173084 0.999987006 36.425209045
0.999990463 0.000486304 -0.004335251 0.612026513 -0.000473109 0.999995232 0.003044302 -0.970884919 0.004336711 -0.003042222 0.999985933 36.964889526
0.999990404 0.000301768 -0.004374349 0.619690776 -0.000287482 0.999994576 0.003266136 -0.991045117 0.004375312 -0.003264847 0.999985039 37.496856689
0.999989152 0.000239810 -0.004659856 0.632842779 -0.000223839 0.999994040 0.003427366 -1.005299449 0.004660650 -0.003426286 0.999983191 38.034877777
0.999987602 0.000886920 -0.004906779 0.647309721 -0.000872047 0.999994993 0.003032303 -1.013478160 0.004909444 -0.003027986 0.999983370 38.583961487
0.999988556 0.000393641 -0.004768095 0.642413974 -0.000378547 0.999994934 0.003166451 -1.026748657 0.004769318 -0.003164610 0.999983609 39.102581024
0.999988437 0.000144002 -0.004817181 0.656573534 -0.000128199 0.999994695 0.003280729 -1.045925975 0.004817628 -0.003280073 0.999983013 39.645004272
0.999986470 0.000092934 -0.005210309 0.670322239 -0.000076255 0.999994874 0.003201229 -1.062531114 0.005210579 -0.003200788 0.999981284 40.175071716
0.999987483 0.000364122 -0.004982311 0.656348348 -0.000350186 0.999996006 0.002797674 -1.062989950 0.004983310 -0.002795894 0.999983609 40.716842651
0.999987245 0.000777153 -0.004976895 0.664177597 -0.000762975 0.999995649 0.002849997 -1.071183085 0.004979087 -0.002846163 0.999983549 41.260242462
0.999983251 0.000274856 -0.005793406 0.692082047 -0.000258185 0.999995828 0.002878082 -1.090160728 0.005794172 -0.002876537 0.999979079 41.803123474
0.999987423 0.000565403 -0.004982205 0.670789242 -0.000550929 0.999995649 0.002905848 -1.099362493 0.004983827 -0.002903067 0.999983370 42.292881012
0.999988317 0.000804940 -0.004770803 0.677869558 -0.000791612 0.999995828 0.002794774 -1.110707879 0.004773034 -0.002790965 0.999984741 42.846256256
0.999987543 0.000659273 -0.004944575 0.691574991 -0.000646679 0.999996543 0.002548217 -1.125824213 0.004946237 -0.002544987 0.999984503 43.383140564
0.999987662 0.000939719 -0.004860843 0.683273077 -0.000925213 0.999995112 0.002985715 -1.137307167 0.004863625 -0.002981181 0.999983728 43.882270813
0.999987125 0.001207337 -0.004915880 0.690844059 -0.001191616 0.999994218 0.003199804 -1.155115128 0.004919714 -0.003193905 0.999982834 44.424781799
0.999988198 0.001622150 -0.004561314 0.707119465 -0.001608618 0.999994278 0.002968778 -1.165678263 0.004566103 -0.002961406 0.999985218 44.954959869
0.999988973 0.001305453 -0.004505530 0.700918853 -0.001293773 0.999995828 0.002594257 -1.170023084 0.004508897 -0.002588399 0.999986470 45.482437134
0.999990046 0.001479140 -0.004200075 0.708401203 -0.001468211 0.999995589 0.002603797 -1.180985808 0.004203909 -0.002597605 0.999987781 46.029834747
0.999990940 0.001653202 -0.003923714 0.713156521 -0.001643940 0.999995887 0.002362543 -1.196380138 0.003927604 -0.002356071 0.999989450 46.577186584
0.999987900 0.001276794 -0.004742738 0.710285783 -0.001263624 0.999995351 0.002778944 -1.210084200 0.004746263 -0.002772918 0.999984920 47.080711365
0.999986768 0.001738730 -0.004828251 0.723779917 -0.001724005 0.999993861 0.003052352 -1.224842310 0.004833527 -0.003043988 0.999983728 47.635070801
0.999987900 0.001998009 -0.004501792 0.734781623 -0.001986480 0.999994814 0.002564250 -1.239569664 0.004506892 -0.002555277 0.999986649 48.167163849
0.999988139 0.001164081 -0.004735547 0.730638564 -0.001151201 0.999995649 0.002721529 -1.249895573 0.004738694 -0.002716045 0.999985099 48.666282654
0.999986887 0.001407072 -0.004926875 0.745132804 -0.001391672 0.999994159 0.003127703 -1.266607404 0.004931247 -0.003120805 0.999982953 49.212722778
0.999987900 0.001426354 -0.004719491 0.750269115 -0.001413719 0.999995470 0.002679439 -1.275009155 0.004723291 -0.002672736 0.999985278 49.771091461
0.999987245 0.000935167 -0.004963392 0.754243493 -0.000920088 0.999994934 0.003039428 -1.291678071 0.004966210 -0.003034822 0.999983072 50.248756409
0.999988258 0.001414638 -0.004636946 0.756834447 -0.001400132 0.999994099 0.003129964 -1.307657003 0.004641347 -0.003123435 0.999984324 50.781562805
0.999987841 0.001716356 -0.004621950 0.763844490 -0.001703536 0.999994636 0.002776254 -1.309521675 0.004626689 -0.002768346 0.999985456 51.325225830
0.999988198 0.001870836 -0.004476039 0.763999104 -0.001858731 0.999994636 0.002707154 -1.324672222 0.004481079 -0.002698802 0.999986291 51.818431854
0.999988496 0.001425875 -0.004586102 0.768000603 -0.001412641 0.999994874 0.002887554 -1.338390708 0.004590194 -0.002881042 0.999985337 52.363121033
0.999990821 0.002614888 -0.003409088 0.766813397 -0.002605906 0.999993145 0.002636543 -1.349536300 0.003415959 -0.002627635 0.999990702 52.922428131
0.999988973 0.001782571 -0.004347804 0.785015881 -0.001770861 0.999994814 0.002695766 -1.368944287 0.004352587 -0.002688037 0.999986887 53.413566589
0.999989331 0.002437079 -0.003925393 0.788682044 -0.002426718 0.999993563 0.002642217 -1.377651215 0.003931807 -0.002632663 0.999988735 53.963886261
0.999989331 0.002190931 -0.004070903 0.796902239 -0.002181409 0.999994874 0.002341865 -1.390383363 0.004076013 -0.002332960 0.999988914 54.522777557
0.999989510 0.002478760 -0.003855301 0.805635214 -0.002469477 0.999994099 0.002410817 -1.397330284 0.003861254 -0.002401271 0.999989629 55.051647186
0.999990046 0.002054813 -0.003954394 0.795577407 -0.002044440 0.999994457 0.002625426 -1.419522166 0.003959767 -0.002617315 0.999988735 55.523944855
0.999991715 0.002284157 -0.003359011 0.799366057 -0.002276519 0.999994755 0.002276090 -1.430920005 0.003364193 -0.002268424 0.999991775 56.072654724
0.999990761 0.002756407 -0.003287619 0.799757898 -0.002748430 0.999993324 0.002428497 -1.446596980 0.003294292 -0.002419439 0.999991655 56.613552094
0.999991059 0.001687688 -0.003871919 0.803957641 -0.001678195 0.999995530 0.002453889 -1.461562514 0.003876042 -0.002447369 0.999989450 57.160499573
0.999990940 0.001513586 -0.003966080 0.817137837 -0.001504634 0.999996305 0.002259143 -1.472290397 0.003969484 -0.002253155 0.999989569 57.709537506
0.999992251 0.002122083 -0.003316678 0.814302683 -0.002115022 0.999995470 0.002131195 -1.483701110 0.003321186 -0.002124163 0.999992192 58.238967896
0.999990880 0.001643631 -0.003931328 0.836519003 -0.001637384 0.999997318 0.001591760 -1.499741435 0.003933934 -0.001585308 0.999991000 58.774688721
0.999992073 0.001771013 -0.003551978 0.827244699 -0.001762832 0.999995708 0.002304921 -1.516107082 0.003556045 -0.002298641 0.999991059 59.279067993
0.999992311 0.002187132 -0.003259363 0.831791997 -0.002180530 0.999995589 0.002027742 -1.526284456 0.003263784 -0.002020619 0.999992669 59.832515717
0.999992371 0.001985718 -0.003368332 0.846245825 -0.001979436 0.999996245 0.001867357 -1.541986108 0.003372028 -0.001860675 0.999992609 60.380039215
0.999992013 0.000517483 -0.003961230 0.878443122 -0.000508513 0.999997318 0.002265339 -1.552562594 0.003962391 -0.002263306 0.999989569 60.922393799
0.999992549 0.001075455 -0.003684851 0.851867795 -0.001068144 0.999997377 0.001985691 -1.555057287 0.003686978 -0.001981741 0.999991179 61.405872345
0.999992549 0.001945129 -0.003317808 0.855198503 -0.001939686 0.999996662 0.001643108 -1.564940333 0.003320993 -0.001636660 0.999993145 61.955673218
0.999994278 0.001232884 -0.003125595 0.864800990 -0.001228389 0.999998152 0.001439910 -1.573322535 0.003127365 -0.001436062 0.999994099 62.504245758
0.999992788 0.000474656 -0.003774056 0.880792975 -0.000469352 0.999998927 0.001406156 -1.590074539 0.003774720 -0.001404375 0.999991894 63.053421021
0.999994397 0.000937019 -0.003202288 0.864652574 -0.000930978 0.999997735 0.001887408 -1.608728647 0.003204050 -0.001884417 0.999993086 63.524841309
0.999995172 0.001388523 -0.002774584 0.870085716 -0.001383727 0.999997497 0.001729595 -1.621832013 0.002776979 -0.001725747 0.999994636 64.075805664
0.999996126 0.001013320 -0.002607123 0.881533384 -0.001009387 0.999998331 0.001509137 -1.634151101 0.002608648 -0.001506500 0.999995470 64.617576599
0.999994636 0.001114421 -0.003089055 0.891093493 -0.001110326 0.999998510 0.001326739 -1.647609115 0.003090530 -0.001323302 0.999994338 65.147987366
0.999994874 0.000273155 -0.003194365 0.898578405 -0.000268109 0.999998629 0.001579935 -1.658955336 0.003194793 -0.001579071 0.999993622 65.635833740
0.999995410 0.000495608 -0.003006472 0.908011258 -0.000492118 0.999999166 0.001161621 -1.672357917 0.003007044 -0.001160135 0.999994755 66.179588318
0.999992967 -0.000488884 -0.003709428 0.925840318 0.000491431 0.999999583 0.000685844 -1.678184390 0.003709092 -0.000687662 0.999992847 66.730842590
0.999995410 0.000642673 -0.002938799 0.915514946 -0.000638802 0.999998868 0.001318207 -1.699806094 0.002939644 -0.001316323 0.999994814 67.223907471
0.999996245 0.000942530 -0.002560305 0.919396579 -0.000939832 0.999998987 0.001054847 -1.712984920 0.002561296 -0.001052437 0.999996126 67.775321960
0.999994755 0.001483098 -0.002881672 0.926007867 -0.001479842 0.999998212 0.001131981 -1.731662035 0.002883346 -0.001127710 0.999995232 68.313812256
0.999995708 0.001375468 -0.002579742 0.926439404 -0.001372655 0.999998450 0.001091661 -1.741634727 0.002581239 -0.001088115 0.999996066 68.815689087
0.999996722 0.001297941 -0.002190045 0.939758599 -0.001294778 0.999998152 0.001444965 -1.762308955 0.002191916 -0.001442124 0.999996543 69.347343445
0.999997258 0.001417332 -0.001817684 0.935022473 -0.001415037 0.999998212 0.001263151 -1.771497846 0.001819471 -0.001260575 0.999997556 69.893211365
0.999996185 0.001462421 -0.002353841 0.953931451 -0.001459679 0.999998212 0.001166603 -1.780999422 0.002355543 -0.001163162 0.999996483 70.383407593
0.999996722 0.001029810 -0.002343799 0.963086307 -0.001028302 0.999999285 0.000644373 -1.791945100 0.002344461 -0.000641960 0.999997020 70.940383911
0.999995291 0.001830908 -0.002469269 0.969726443 -0.001829956 0.999998271 0.000387909 -1.807098031 0.002469975 -0.000383388 0.999996841 71.502319336
0.999995768 0.001825119 -0.002254700 0.974369466 -0.001822644 0.999997735 0.001098444 -1.826449037 0.002256700 -0.001094330 0.999996841 71.982513428
0.999994159 0.002692412 -0.002104844 0.975069284 -0.002690054 0.999995708 0.001122660 -1.839304209 0.002107858 -0.001116992 0.999997139 72.533714294
0.999995887 0.001907912 -0.002135187 0.987289846 -0.001905735 0.999997556 0.001020901 -1.858033538 0.002137130 -0.001016828 0.999997199 73.096343994
0.999996483 0.001676245 -0.002058881 0.997653067 -0.001673964 0.999997914 0.001109002 -1.866656065 0.002060736 -0.001105552 0.999997258 73.556274414
0.999995470 0.002543279 -0.001612210 1.002475142 -0.002542458 0.999996603 0.000511234 -1.878865480 0.001613504 -0.000507133 0.999998629 74.117881775
0.999997199 0.001191038 -0.002057509 1.025745749 -0.001189891 0.999999106 0.000558857 -1.893679380 0.002058172 -0.000556408 0.999997675 74.648086548
0.999995232 0.002104325 -0.002267804 1.027296066 -0.002102599 0.999997437 0.000763798 -1.904014587 0.002269406 -0.000759026 0.999997139 75.160583496
0.999996185 0.002020405 -0.001907389 1.037331223 -0.002019445 0.999997795 0.000505065 -1.919347286 0.001908405 -0.000501211 0.999998033 75.709060669
0.999995291 0.001765327 -0.002509272 1.052431703 -0.001763716 0.999998271 0.000644337 -1.936803937 0.002510405 -0.000639909 0.999996603 76.272338867
0.999995887 0.001075094 -0.002644671 1.049218059 -0.001072765 0.999999046 0.000881920 -1.950631738 0.002645617 -0.000879079 0.999996126 76.734626770
0.999995708 0.001925006 -0.002249015 1.061299324 -0.001923318 0.999997914 0.000752723 -1.964573264 0.002250461 -0.000748394 0.999997139 77.288154602
0.999994874 0.002347725 -0.002160395 1.072079659 -0.002345501 0.999996781 0.001031493 -1.982580423 0.002162810 -0.001026421 0.999997139 77.834503174
0.999996126 0.001796572 -0.002179096 1.067160368 -0.001795230 0.999998212 0.000617604 -1.994860172 0.002180201 -0.000613689 0.999997437 78.325958252
0.999996066 0.001688256 -0.002241061 1.083005548 -0.001686941 0.999998391 0.000588559 -2.010851622 0.002242050 -0.000584777 0.999997318 78.867576599
0.999998033 0.001591118 -0.001177868 1.092559934 -0.001590780 0.999998689 0.000289205 -2.027404547 0.001178327 -0.000287331 0.999999285 79.420463562
0.999998033 0.001975859 0.000223737 1.090770125 -0.001975966 0.999997914 0.000477558 -2.035418034 -0.000222793 -0.000477999 0.999999881 79.937957764
0.999997377 0.001801007 0.001414816 1.103988051 -0.001801147 0.999998391 0.000097469 -2.048232794 -0.001414638 -0.000100017 0.999999046 80.489593506
0.999992669 0.002435026 0.002955252 1.114860415 -0.002435933 0.999996960 0.000303155 -2.069326639 -0.002954505 -0.000310351 0.999995589 81.013778687
0.999977946 0.002766281 0.006041398 1.127167940 -0.002769832 0.999995947 0.000579458 -2.074627399 -0.006039770 -0.000596179 0.999981582 81.533737183
0.999950469 0.002477952 0.009645183 1.147757649 -0.002485222 0.999996543 0.000741919 -2.089255333 -0.009643311 -0.000765853 0.999953210 82.080245972
0.999914944 0.002220246 0.012852166 1.178442836 -0.002229511 0.999997258 0.000706646 -2.110918045 -0.012850560 -0.000735240 0.999917150 82.579681396
0.999857962 0.002228591 0.016711738 1.199503541 -0.002244365 0.999997079 0.000925213 -2.121695042 -0.016709626 -0.000962589 0.999859929 83.147750854
0.999739587 0.001759519 0.022750936 1.218063235 -0.001770667 0.999998331 0.000469917 -2.125748158 -0.022750070 -0.000510079 0.999741077 83.649894714
0.999593556 0.001484147 0.028467754 1.265728712 -0.001500912 0.999998689 0.000567564 -2.148105860 -0.028466875 -0.000610061 0.999594569 84.164314270
0.999382973 0.001760829 0.035077825 1.280176520 -0.001780605 0.999998271 0.000532535 -2.150498152 -0.035076827 -0.000594667 0.999384463 84.734710693
0.999061465 0.002230400 0.043255828 1.305346489 -0.002274510 0.999996960 0.000970554 -2.167211294 -0.043253530 -0.001068029 0.999063551 85.249382019
0.998657763 0.002368869 0.051740970 1.354948044 -0.002390049 0.999997139 0.000347470 -2.179064989 -0.051739991 -0.000470667 0.998660505 85.801765442
0.998291969 0.001560467 0.058401424 1.413475513 -0.001576130 0.999998808 0.000222127 -2.198114395 -0.058401011 -0.000313796 0.998293161 86.337234497
0.997696042 0.001905447 0.067815512 1.451106071 -0.001942833 0.999997973 0.000485360 -2.203008652 -0.067814454 -0.000615996 0.997697771 86.859771729
0.996979415 0.001046885 0.077658907 1.522202015 -0.001063217 0.999999404 0.000168956 -2.217767477 -0.077658691 -0.000251014 0.996980011 87.393348694
0.996265411 0.000794861 0.086339667 1.582919598 -0.000789964 0.999999702 -0.000090897 -2.223991394 -0.086339705 0.000022352 0.996265769 87.959617615
0.995625556 0.000185505 0.093434066 1.651463032 -0.000129554 0.999999821 -0.000604898 -2.233832359 -0.093434155 0.000590147 0.995625257 88.504409790
0.994609296 0.000598425 0.103691861 1.728506565 -0.000567532 0.999999762 -0.000327446 -2.250585556 -0.103692040 0.000266833 0.994609356 89.043663025
0.993520796 -0.000000233 0.113650903 1.817294121 0.000037581 1.000000000 -0.000326478 -2.264176846 -0.113650888 0.000328634 0.993520737 89.587142944
0.992356300 -0.000235689 0.123406015 1.911870003 0.000303125 0.999999821 -0.000527691 -2.283478022 -0.123405859 0.000561065 0.992356181 90.136116028
0.990908980 -0.000543217 0.134533063 2.005539894 0.000635140 0.999999583 -0.000640356 -2.283521891 -0.134532660 0.000719982 0.990908921 90.653228760
0.989084542 -0.000813438 0.147346735 2.104904175 0.000922846 0.999999344 -0.000674157 -2.301843405 -0.147346079 0.000802776 0.989084721 91.185356140
0.987387836 -0.000958842 0.158317417 2.218448639 0.001078994 0.999999166 -0.000672977 -2.318952322 -0.158316627 0.000835313 0.987388074 91.740669250
0.985673845 -0.000497702 0.168661922 2.317267418 0.000585658 0.999999702 -0.000471753 -2.330888271 -0.168661654 0.000563773 0.985673785 92.294883728
0.983373582 -0.000542130 0.181593716 2.431616783 0.000647846 0.999999642 -0.000522842 -2.345336914 -0.181593373 0.000631794 0.983373463 92.830780029
0.980990052 -0.001265786 0.194054127 2.559594154 0.001348734 0.999999046 -0.000295330 -2.365795612 -0.194053590 0.000551444 0.980990827 93.339729309
0.979038060 -0.001768024 0.203669459 2.697565079 0.001854805 0.999998271 -0.000235207 -2.381613255 -0.203668699 0.000608044 0.979039609 93.842391968
0.976141572 -0.001509979 0.217129499 2.839759827 0.001525496 0.999998748 0.000096149 -2.398169518 -0.217129394 0.000237376 0.976142764 94.378417969
0.973186910 -0.002272511 0.230004519 2.985416412 0.002334313 0.999997318 0.000003396 -2.416991234 -0.230003893 0.000533598 0.973189592 94.899108887
0.970537484 -0.002665807 0.240935609 3.135259628 0.002687855 0.999996364 0.000237129 -2.428756475 -0.240935385 0.000417457 0.970541060 95.414688110
0.967625141 -0.003029942 0.252373606 3.286359787 0.003247930 0.999994576 -0.000447167 -2.429095745 -0.252370894 0.001252382 0.967629790 95.968955994
0.964099646 -0.003371305 0.265519172 3.454128265 0.003546170 0.999993682 -0.000179185 -2.444489717 -0.265516907 0.001114328 0.964105606 96.488967896
0.960602582 -0.003580969 0.277902544 3.635505676 0.003674705 0.999993205 0.000183568 -2.468610525 -0.277901322 0.000844874 0.960609317 96.996368408
0.957028151 -0.002965237 0.289980114 3.816741943 0.003072416 0.999995351 0.000085642 -2.479011059 -0.289979011 0.000808977 0.957032740 97.548324585
0.952665627 -0.003375823 0.304001361 3.982856750 0.003536920 0.999993682 0.000020724 -2.485748291 -0.303999513 0.001055485 0.952671587 98.022598267
0.948163569 -0.004591264 0.317749500 4.185729980 0.004819530 0.999988317 0.000067692 -2.501080990 -0.317746073 0.001467220 0.948174715 98.527328491
0.944243073 -0.004028456 0.329224497 4.396139145 0.004253754 0.999990880 0.000035968 -2.508253813 -0.329221666 0.001366478 0.944251657 99.070953369
0.939631641 -0.004638498 0.342156261 4.598526001 0.004824336 0.999988317 0.000307887 -2.531337738 -0.342153698 0.001361377 0.939642906 99.542587280
0.934194446 -0.004960963 0.356729627 4.795217514 0.005245984 0.999986351 0.000168541 -2.544486523 -0.356725514 0.001713948 0.934207678 100.072395325
0.929487765 -0.005486144 0.368812114 5.021080017 0.005858498 0.999982774 0.000110213 -2.560531616 -0.368806362 0.002058244 0.929504037 100.576690674
0.924674094 -0.005711774 0.380716741 5.245161057 0.006006026 0.999981880 0.000415148 -2.573467970 -0.380712181 0.001902718 0.924691677 101.069854736
0.919043243 -0.005996272 0.394111246 5.474029541 0.006051424 0.999981046 0.001102830 -2.604543447 -0.394110352 0.001371386 0.919062138 101.490951538
0.912959039 -0.005454597 0.408014685 5.703678131 0.005572231 0.999984086 0.000900188 -2.598046303 -0.408013076 0.001451717 0.912974894 102.030830383
0.908142328 -0.006122979 0.418616802 5.958915710 0.006392417 0.999979258 0.000758756 -2.615700245 -0.418612808 0.001986915 0.908162594 102.506759644
0.902288377 -0.005842457 0.431093395 6.213481903 0.005936782 0.999981761 0.001126580 -2.629573345 -0.431092083 0.001542807 0.902306557 102.998748779
0.895822287 -0.005915401 0.444373220 6.487777710 0.005919059 0.999981523 0.001379170 -2.647576571 -0.444373190 0.001394780 0.895840645 103.504089355
0.889788210 -0.006669142 0.456324905 6.718437195 0.006926486 0.999975383 0.001108580 -2.655143738 -0.456321120 0.002174327 0.889812469 103.938171387
0.883913279 -0.006946006 0.467599243 6.991527557 0.007216647 0.999973297 0.001212428 -2.667097807 -0.467595220 0.002302817 0.883939683 104.421600342
0.876531124 -0.006734007 0.481297910 7.276142120 0.006982211 0.999974847 0.001275117 -2.679275513 -0.481294334 0.002242844 0.876556158 104.904472351
0.869240761 -0.007672083 0.494329482 7.556629181 0.007715912 0.999968290 0.001951846 -2.697070122 -0.494328797 0.002117578 0.869272530 105.347335815
