1.000000000 0.000000000 0.000000000 0.000000000 0.000000000 1.000000000 0.000000000 0.000000000 0.000000000 0.000000000 1.000000000 0.000000000
1.000000000 0.000060309 -0.000050292 0.000098700 -0.000060314 1.000000000 -0.000101986 0.000438021 0.000050286 0.000101989 1.000000000 -0.000846626
1.000000000 0.000068244 -0.000005354 0.000443264 -0.000068244 1.000000000 0.000023391 -0.000307222 0.000005355 -0.000023391 1.000000000 -0.001458117
1.000000000 0.000045446 -0.000056693 0.000522351 -0.000045443 1.000000000 0.000058233 -0.000295558 0.000056696 -0.000058231 1.000000000 -0.002318784
1.000000000 0.000031877 -0.000017411 0.000234611 -0.000031879 1.000000000 -0.000083896 0.000916159 0.000017408 0.000083896 1.000000000 0.001005876
1.000000000 0.000069465 -0.000041283 0.001198929 -0.000069467 1.000000000 -0.000047678 0.000005846 0.000041279 0.000047681 1.000000000 -0.000340464
1.000000000 0.000087138 0.000002725 0.000736457 -0.000087138 1.000000000 -0.000116381 0.000575628 -0.000002735 0.000116381 1.000000000 -0.000882632
1.000000000 -0.000099864 0.000019826 0.000827783 0.000099864 1.000000000 -0.000024518 0.000191906 -0.000019823 0.000024520 1.000000000 -0.000677279
1.000000000 -0.000162060 -0.000008359 0.000893975 0.000162059 1.000000000 -0.000147964 0.001839625 0.000008383 0.000147962 1.000000000 0.001382612
1.000000000 0.000043498 -0.000044319 0.001408574 -0.000043496 1.000000000 0.000051975 -0.000242934 0.000044321 -0.000051973 1.000000000 -0.000172151
1.000000000 -0.000010040 -0.000062957 0.001842111 0.000010035 1.000000000 -0.000083499 0.000873091 0.000062957 0.000083498 1.000000000 -0.000362422
1.000000000 -0.000007515 -0.000019917 0.000128497 0.000007515 1.000000000 0.000017688 0.000127623 0.000019917 -0.000017688 1.000000000 0.000243967
1.000000000 -0.000130561 -0.000135485 0.001801687 0.000130581 1.000000000 0.000141347 -0.000808778 0.000135466 -0.000141365 1.000000000 -0.000362538
1.000000000 -0.000161640 -0.000141614 0.002011179 0.000161650 1.000000000 0.000073552 -0.000695630 0.000141602 -0.000073575 1.000000000 -0.000883880
1.000000000 -0.000189560 -0.000126014 0.000946953 0.000189569 1.000000000 0.000071582 -0.000749300 0.000126000 -0.000071606 1.000000000 -0.000791885
1.000000000 0.000149432 0.000123706 0.000268401 -0.000149436 1.000000000 0.000032861 0.000514736 -0.000123701 -0.000032880 1.000000000 0.001254786
1.000000000 0.000029063 -0.000066379 0.000735228 -0.000029065 1.000000000 -0.000025461 0.000764483 0.000066378 0.000025463 1.000000000 0.001137930
1.000000000 0.000018764 -0.000024246 0.000855982 -0.000018766 1.000000000 -0.000089124 0.001036217 0.000024244 0.000089124 1.000000000 0.000346833
1.000000000 0.000057754 0.000136721 -0.000355733 -0.000057752 1.000000000 -0.000019910 0.000389979 -0.000136722 0.000019902 1.000000000 0.000521252
1.000000000 0.000117290 0.000080026 0.000320806 -0.000117284 1.000000000 -0.000065774 0.000414568 -0.000080034 0.000065765 1.000000000 -0.000118290
1.000000000 0.000014240 -0.000039082 0.000616552 -0.000014236 1.000000000 0.000100212 -0.000084797 0.000039083 -0.000100212 1.000000000 0.000859498
0.999999940 -0.000286109 0.000014393 0.001327790 0.000286108 0.999999940 0.000061296 -0.000564003 -0.000014410 -0.000061292 1.000000000 -0.000338109
1.000000000 -0.000018656 0.000164221 -0.000198350 0.000018657 1.000000000 -0.000006226 0.001643096 -0.000164221 0.000006229 1.000000000 -0.000009891
1.000000000 0.000037360 0.000046127 0.001148003 -0.000037363 1.000000000 0.000062690 0.000044625 -0.000046125 -0.000062692 1.000000000 -0.000878421
1.000000000 0.000208370 0.000072924 0.000586396 -0.000208368 1.000000000 -0.000024991 0.000407722 -0.000072929 0.000024976 1.000000000 -0.001674866
1.000000000 -0.000029219 -0.000078338 0.001671353 0.000029208 1.000000000 -0.000140402 0.001131670 0.000078342 0.000140400 1.000000000 -0.000885626
1.000000000 0.000087608 0.000026468 -0.000244400 -0.000087605 1.000000000 -0.000111190 0.001057170 -0.000026478 0.000111187 1.000000000 0.000720804
1.000000000 -0.000062885 0.000060757 -0.000781000 0.000062885 1.000000000 -0.000000892 0.001475914 -0.000060756 0.000000896 1.000000000 0.001926815
1.000000000 0.000146135 0.000101633 -0.000097507 -0.000146131 1.000000000 -0.000042101 0.001529217 -0.000101639 0.000042086 1.000000000 0.000940352
1.000000000 0.000078694 0.000086311 0.000515957 -0.000078696 1.000000000 0.000021225 -0.000118397 -0.000086310 -0.000021231 1.000000000 -0.001915308
1.000000000 0.000101580 0.000129006 -0.000240135 -0.000101593 1.000000000 0.000099601 -0.000459121 -0.000128996 -0.000099614 1.000000000 -0.001011449
1.000000000 0.000068385 0.000060442 0.000663167 -0.000068387 1.000000000 0.000033367 -0.000269797 -0.000060440 -0.000033371 1.000000000 -0.000958617
1.000000000 -0.000011001 0.000093638 0.000157632 0.000010998 1.000000000 0.000033425 0.000515093 -0.000093638 -0.000033424 1.000000000 0.000927593
1.000000000 0.000152616 0.000103736 0.000490140 -0.000152623 1.000000000 0.000070028 0.000023693 -0.000103725 -0.000070044 1.000000000 -0.000338870
1.000000000 0.000216897 0.000076206 0.000130470 -0.000216894 1.000000000 -0.000044760 0.001369969 -0.000076216 0.000044743 1.000000000 -0.000436815
1.000000000 -0.000100606 0.000042374 -0.000358301 0.000100611 1.000000000 -0.000113736 0.002379553 -0.000042362 0.000113740 1.000000000 0.002730452
1.000000000 0.000029848 0.000031852 0.000552872 -0.000029851 1.000000000 0.000092694 0.000079162 -0.000031849 -0.000092695 1.000000000 -0.000570008
1.000000000 -0.000065483 -0.000002547 0.000714547 0.000065483 1.000000000 0.000078740 0.000471002 0.000002542 -0.000078740 1.000000000 0.000157638
0.999999940 0.000067304 0.000285335 -0.000842702 -0.000067297 1.000000000 -0.000024447 0.001116103 -0.000285337 0.000024428 0.999999940 0.002577058
0.999999881 -0.000440808 0.000173289 0.000976414 0.000440923 0.999999702 -0.000662838 -0.001887462 -0.000172997 0.000662915 0.999999762 0.051066019
1.000000000 0.000013409 0.000189578 0.001089336 -0.000013188 0.999999344 -0.001166444 -0.006291826 -0.000189594 0.001166441 0.999999285 0.132178396
0.999999940 0.000319032 -0.000101499 0.005319911 -0.000319175 0.999998927 -0.001409688 -0.006670565 0.000101049 0.001409721 0.999998987 0.250827640
1.000000000 0.000183533 0.000028941 0.006201269 -0.000183502 0.999999464 -0.001046747 -0.014651528 -0.000029133 0.001046742 0.999999464 0.380003452
1.000000000 0.000103876 0.000089719 0.008418103 -0.000103778 0.999999404 -0.001089128 -0.015886888 -0.000089832 0.001089118 0.999999404 0.525287271
0.999999940 0.000266582 0.000050946 0.013934348 -0.000266516 0.999999166 -0.001284403 -0.019784287 -0.000051288 0.001284389 0.999999166 0.674639106
1.000000000 -0.000119781 0.000136247 0.019062772 0.000119936 0.999999344 -0.001141836 -0.023891702 -0.000136110 0.001141852 0.999999344 0.838528633
0.999999940 -0.000045013 0.000307082 0.017292073 0.000045304 0.999999523 -0.000948323 -0.025874201 -0.000307039 0.000948337 0.999999523 1.014703989
0.999999940 0.000172364 0.000289567 0.020816358 -0.000172215 0.999999881 -0.000515772 -0.035935540 -0.000289656 0.000515722 0.999999821 1.182734013
0.999999464 0.000796168 0.000658214 0.017431589 -0.000795647 0.999999344 -0.000790802 -0.037566751 -0.000658843 0.000790278 0.999999464 1.367379785
1.000000000 -0.000194955 0.000093510 0.035153434 0.000194984 0.999999940 -0.000305358 -0.052920524 -0.000093451 0.000305376 0.999999940 1.557261586
0.999999762 0.000593865 0.000383193 0.031819958 -0.000593665 0.999999702 -0.000522865 -0.049793139 -0.000383504 0.000522638 0.999999762 1.760149121
0.999999940 0.000168946 -0.000306672 0.044940487 -0.000169114 0.999999821 -0.000547082 -0.055201683 0.000306580 0.000547134 0.999999821 1.951766133
0.999999344 0.000608152 0.000987197 0.026065001 -0.000607895 0.999999762 -0.000260655 -0.061321624 -0.000987355 0.000260055 0.999999464 2.162505388
0.999999523 0.000912154 -0.000388730 0.055198461 -0.000911994 0.999999523 0.000411431 -0.083518699 0.000389105 -0.000411076 0.999999821 2.350336313
0.999999106 0.000475621 -0.001285799 0.071863279 -0.000474884 0.999999762 0.000573855 -0.092096552 0.001286071 -0.000573244 0.999998987 2.562881231
0.999998808 0.001462375 -0.000506075 0.068043627 -0.001462093 0.999998748 0.000557559 -0.099848285 0.000506890 -0.000556818 0.999999702 2.792232513
0.999998748 0.000989653 -0.001248954 0.082446836 -0.000988684 0.999999225 0.000776656 -0.108130537 0.001249722 -0.000775421 0.999998927 3.029751778
0.999998868 0.001163142 -0.000942549 0.080693707 -0.001162769 0.999999225 0.000395547 -0.108340591 0.000943009 -0.000394451 0.999999464 3.263828278
0.999998808 0.001246852 -0.000816021 0.083883815 -0.001246295 0.999998987 0.000681788 -0.118665479 0.000816871 -0.000680770 0.999999464 3.504792213
0.999998927 0.001225321 -0.000702645 0.085112706 -0.001225322 0.999999225 -0.000000845 -0.116931520 0.000702644 0.000001706 0.999999762 3.770229101
0.999999225 0.000915001 -0.000821462 0.094519466 -0.000914655 0.999999523 0.000420858 -0.128655031 0.000821846 -0.000420106 0.999999642 4.024640560
0.999998927 0.001177748 -0.000809845 0.098123498 -0.001177264 0.999999106 0.000598025 -0.137713388 0.000810548 -0.000597071 0.999999523 4.274696350
0.999999106 0.001162297 -0.000616952 0.098655485 -0.001161785 0.999998927 0.000829452 -0.142644718 0.000617916 -0.000828735 0.999999404 4.528100491
0.999998510 0.001676525 -0.000279536 0.101625912 -0.001676327 0.999998271 0.000707115 -0.147936031 0.000280721 -0.000706645 0.999999642 4.787364006
0.999999106 0.001183948 -0.000550710 0.112857178 -0.001183268 0.999998510 0.001233510 -0.160655111 0.000552170 -0.001232857 0.999999106 5.046658993
0.999998629 0.001453128 -0.000638122 0.114606060 -0.001452392 0.999998212 0.001152938 -0.166278556 0.000639796 -0.001152010 0.999999106 5.307179451
0.999997973 0.001925823 -0.000456155 0.120048784 -0.001925464 0.999997795 0.000785921 -0.177151203 0.000457668 -0.000785041 0.999999523 5.582343578
0.999998689 0.001505005 -0.000527974 0.125295401 -0.001504500 0.999998450 0.000955345 -0.184472293 0.000529411 -0.000954549 0.999999404 5.849498272
0.999998987 0.001306420 -0.000616602 0.133914158 -0.001305713 0.999998510 0.001145926 -0.194062188 0.000618098 -0.001145120 0.999999166 6.127165794
0.999997854 0.001886174 -0.000829996 0.137197584 -0.001885383 0.999997795 0.000952464 -0.199394509 0.000831791 -0.000950897 0.999999225 6.407286644
0.999998391 0.001742735 -0.000396028 0.144142419 -0.001742232 0.999997616 0.001266164 -0.218172744 0.000398233 -0.001265472 0.999999106 6.691945553
0.999997854 0.002056853 -0.000323122 0.146247253 -0.002056475 0.999997199 0.001167059 -0.223544106 0.000325521 -0.001166392 0.999999285 6.996096611
0.999997854 0.002007717 -0.000458534 0.153542191 -0.002007236 0.999997377 0.001046985 -0.229877204 0.000460635 -0.001046062 0.999999344 7.295189857
0.999998808 0.001521387 -0.000083602 0.156283751 -0.001521322 0.999998510 0.000769982 -0.236111388 0.000084773 -0.000769854 0.999999702 7.602775574
0.999998033 0.001948301 -0.000362151 0.172766954 -0.001947818 0.999997199 0.001330642 -0.250356913 0.000364742 -0.001329934 0.999999046 7.898815632
0.999998510 0.001709516 -0.000306832 0.171831861 -0.001709114 0.999997616 0.001305031 -0.260104328 0.000309062 -0.001304504 0.999999046 8.233782768
0.999998689 0.001606095 -0.000312444 0.181879148 -0.001605735 0.999997973 0.001149609 -0.270227224 0.000314290 -0.001149106 0.999999225 8.557477951
0.999998748 0.001559912 0.000216110 0.175486445 -0.001560112 0.999998331 0.000929284 -0.270046741 -0.000214661 -0.000929620 0.999999583 8.913317680
0.999998629 0.001635362 0.000327495 0.180891901 -0.001635684 0.999998212 0.000984526 -0.284554183 -0.000325885 -0.000985061 0.999999523 9.244548798
0.999998033 0.001946407 0.000330672 0.181816012 -0.001946826 0.999997318 0.001271668 -0.296243936 -0.000328196 -0.001272309 0.999999166 9.591206551
0.999999106 0.001250037 -0.000434384 0.204677701 -0.001249275 0.999997675 0.001749307 -0.312261432 0.000436570 -0.001748763 0.999998331 9.909731865
0.999998689 0.001536859 -0.000389117 0.212847844 -0.001536072 0.999996781 0.002012204 -0.324413329 0.000392208 -0.002011604 0.999997914 10.266078949
0.999998510 0.001720961 0.000012321 0.214954168 -0.001720982 0.999996424 0.002011008 -0.339852512 -0.000008860 -0.002011026 0.999997914 10.625828743
0.999998868 0.001451274 0.000171234 0.225479305 -0.001451616 0.999996960 0.002015350 -0.347918570 -0.000168309 -0.002015596 0.999997973 10.991040230
0.999998927 0.001243277 0.000673484 0.225462049 -0.001244211 0.999998271 0.001387429 -0.354076684 -0.000671758 -0.001388266 0.999998808 11.370388985
0.999998689 0.001523036 0.000513757 0.229674578 -0.001524085 0.999996722 0.002047176 -0.367413640 -0.000510637 -0.002047957 0.999997795 11.763826370
0.999996662 0.002432660 0.000885850 0.235159770 -0.002434171 0.999995649 0.001707873 -0.377598345 -0.000881692 -0.001710023 0.999998152 12.149473190
0.999999046 0.001240768 0.000643829 0.247202188 -0.001241957 0.999997437 0.001850541 -0.389579237 -0.000641531 -0.001851339 0.999998093 12.537308693
0.999999166 0.001173098 0.000555978 0.257171065 -0.001174368 0.999996603 0.002290196 -0.401808590 -0.000553290 -0.002290847 0.999997199 12.931917191
0.999998093 0.001769622 0.000827995 0.258986712 -0.001771147 0.999996722 0.001844978 -0.409069240 -0.000824727 -0.001846441 0.999997973 13.337079048
0.999997735 0.001644965 0.001388303 0.263639301 -0.001647571 0.999996901 0.001877876 -0.416071683 -0.001385210 -0.001880159 0.999997258 13.754586220
0.999998271 0.001320941 0.001323940 0.272975653 -0.001323590 0.999997258 0.002001784 -0.430832565 -0.001321292 -0.002003533 0.999997139 14.159932137
0.999997675 0.001549983 0.001558316 0.283943981 -0.001553387 0.999996424 0.002185240 -0.443810701 -0.001554923 -0.002187655 0.999996424 14.578849792
0.999997973 0.001402283 0.001443503 0.296559781 -0.001406055 0.999995589 0.002615928 -0.461000741 -0.001439830 -0.002617953 0.999995470 15.006774902
0.999997675 0.001402496 0.001647110 0.308517635 -0.001406497 0.999996185 0.002431062 -0.471047491 -0.001643694 -0.002433373 0.999995708 15.441946030
0.999996901 0.001313232 0.002087819 0.318799973 -0.001317652 0.999996901 0.002117210 -0.481022894 -0.002085032 -0.002119955 0.999995589 15.883112907
0.999996781 0.001233417 0.002214712 0.327925712 -0.001238826 0.999996245 0.002442586 -0.494609833 -0.002211691 -0.002445322 0.999994516 16.325788498
0.999995828 0.001173796 0.002644974 0.335515976 -0.001179682 0.999996841 0.002225183 -0.506479204 -0.002642354 -0.002228294 0.999994040 16.775571823
0.999994993 0.001509447 0.002783780 0.347959250 -0.001516339 0.999995768 0.002475303 -0.518998146 -0.002780032 -0.002479512 0.999993086 17.233644485
0.999994338 0.001549991 0.002988517 0.358248532 -0.001557412 0.999995649 0.002482587 -0.530146837 -0.002984656 -0.002487228 0.999992430 17.696746826
0.999992847 0.001479003 0.003479767 0.365233004 -0.001486259 0.999996722 0.002083764 -0.537343502 -0.003476673 -0.002088921 0.999991715 18.166740417
0.999994099 0.001048298 0.003267032 0.391314566 -0.001054844 0.999997437 0.002002479 -0.544553220 -0.003264925 -0.002005914 0.999992609 18.627216339
0.999990284 0.001848203 0.003998836 0.389642835 -0.001857118 0.999995708 0.002226611 -0.564032555 -0.003994704 -0.002234015 0.999989510 19.117258072
0.999990106 0.001351404 0.004242442 0.405838400 -0.001360667 0.999996662 0.002181191 -0.573823452 -0.004239479 -0.002186942 0.999988616 19.597768784
0.999992073 0.000929791 0.003859329 0.419684559 -0.000938981 0.999996662 0.002380074 -0.585962772 -0.003857103 -0.002383680 0.999989688 20.071163177
0.999993026 0.001443091 0.003430339 0.428345740 -0.001451689 0.999995828 0.002505270 -0.602506995 -0.003426710 -0.002510232 0.999991000 20.567052841
0.999991834 0.001877346 0.003576477 0.435092419 -0.001884818 0.999996066 0.002086988 -0.609542608 -0.003572545 -0.002093712 0.999991417 21.067523956
0.999993980 0.001581611 0.003076357 0.444251716 -0.001587510 0.999996960 0.001916011 -0.615682840 -0.003073318 -0.001920884 0.999993443 21.580829620
0.999994755 0.001760560 0.002725631 0.450146645 -0.001768873 0.999993742 0.003050706 -0.650642693 -0.002720243 -0.003055512 0.999991596 22.066886902
0.999994695 0.002156730 0.002440179 0.463782132 -0.002165661 0.999990940 0.003663473 -0.662655592 -0.002432256 -0.003668739 0.999990284 22.578727722
0.999995828 0.002213059 0.001870150 0.468256861 -0.002219085 0.999992311 0.003226540 -0.675847173 -0.001862994 -0.003230677 0.999992967 23.103654861
0.999998450 0.001661354 0.000549099 0.488397866 -0.001663243 0.999992669 0.003457750 -0.697070479 -0.000543351 -0.003458658 0.999993801 23.614187241
0.999999046 0.001130060 0.000815556 0.485514939 -0.001132074 0.999996305 0.002473080 -0.701734126 -0.000812758 -0.002474001 0.999996603 24.150516510
0.999999046 0.001453548 0.000048464 0.496607661 -0.001453686 0.999994516 0.002986791 -0.715696514 -0.000044122 -0.002986858 0.999995530 24.681486130
0.999997437 0.002097608 -0.000855352 0.511835933 -0.002094946 0.999993026 0.003101223 -0.729848623 0.000861851 -0.003099423 0.999994814 25.215282440
0.999996841 0.002082045 -0.001491429 0.520748198 -0.002077610 0.999993503 0.002968389 -0.740338147 0.001497599 -0.002965280 0.999994457 25.773736954
0.999996006 0.002369264 -0.001485113 0.522551119 -0.002364735 0.999992549 0.003043991 -0.753779769 0.001492314 -0.003040466 0.999994278 26.316202164
0.999996483 0.002106735 -0.001565106 0.533647299 -0.002100989 0.999991059 0.003663423 -0.768092811 0.001572810 -0.003660122 0.999992073 26.858772278
0.999996603 0.001947313 -0.001687408 0.536173522 -0.001941269 0.999991715 0.003575497 -0.777118325 0.001694357 -0.003572210 0.999992251 27.415809631
0.999992788 0.002787721 -0.002555856 0.546362042 -0.002778103 0.999989212 0.003758468 -0.801493227 0.002566306 -0.003751341 0.999989688 27.958116531
0.999992549 0.003107210 -0.002248197 0.548698246 -0.003098337 0.999987483 0.003939120 -0.812195063 0.002260408 -0.003932125 0.999989748 28.501543045
0.999991238 0.002980030 -0.002936425 0.565792680 -0.002968007 0.999987245 0.004090417 -0.827098966 0.002948577 -0.004081666 0.999987364 29.035505295
0.999989510 0.003007993 -0.003458065 0.575866342 -0.002994233 0.999987602 0.003977369 -0.843727231 0.003469986 -0.003966973 0.999986112 29.597146988
0.999988914 0.002975894 -0.003645729 0.577518106 -0.002961493 0.999987841 0.003949182 -0.853982568 0.003657436 -0.003938342 0.999985576 30.147796631
0.999987543 0.003278391 -0.003767403 0.585868359 -0.003264177 0.999987543 0.003772938 -0.867704332 0.003779725 -0.003760593 0.999985814 30.698268890
0.999987602 0.003098443 -0.003891920 0.595121682 -0.003083834 0.999988198 0.003754066 -0.881304920 0.003903507 -0.003742018 0.999985397 31.239847183
0.999985158 0.003271349 -0.004358248 0.603905201 -0.003254631 0.999987364 0.003837389 -0.894607127 0.004370746 -0.003823148 0.999983132 31.788904190
0.999985635 0.003154278 -0.004336205 0.615705490 -0.003136330 0.999986529 0.004139830 -0.913290501 0.004349205 -0.004126170 0.999982059 32.329193115
0.999984205 0.003523211 -0.004385160 0.614238501 -0.003505385 0.999985576 0.004066212 -0.920275986 0.004399423 -0.004050776 0.999982119 32.878993988
0.999981999 0.004107436 -0.004377676 0.619755030 -0.004092600 0.999985814 0.003392675 -0.932555676 0.004391549 -0.003374697 0.999984682 33.421077728
0.999981940 0.003523093 -0.004873144 0.630711377 -0.003503899 0.999986112 0.003941537 -0.946761489 0.004886962 -0.003924391 0.999980330 33.970630646
0.999982655 0.003568054 -0.004673316 0.632429421 -0.003548107 0.999984562 0.004269622 -0.963753641 0.004688477 -0.004252967 0.999979973 34.512096405
0.999982774 0.003114089 -0.004976160 0.641317546 -0.003093692 0.999986827 0.004101569 -0.974626780 0.004988868 -0.004086104 0.999979138 35.055522919
0.999981999 0.002934469 -0.005237046 0.648376226 -0.002913575 0.999987841 0.003992829 -0.987434626 0.005248699 -0.003977499 0.999978304 35.599948883
0.999981344 0.003694223 -0.004867857 0.655738473 -0.003672356 0.999983191 0.004493590 -1.011138201 0.004884376 -0.004475629 0.999978006 36.134075165
0.999978900 0.003715335 -0.005326821 0.663194716 -0.003693435 0.999984682 0.004115373 -1.017700434 0.005342030 -0.004095612 0.999977350 36.697040558
0.999981642 0.003625930 -0.004860034 0.669456005 -0.003606704 0.999985635 0.003959014 -1.029838920 0.004874320 -0.003941412 0.999980390 37.239868164
0.999978662 0.003901548 -0.005238702 0.669321179 -0.003880962 0.999984741 0.003934094 -1.043921947 0.005253971 -0.003913679 0.999978542 37.799640656
0.999978065 0.003222287 -0.005771036 0.679005384 -0.003202870 0.999989212 0.003370676 -1.052514434 0.005781834 -0.003352119 0.999977648 38.346439362
0.999979377 0.004086869 -0.004944901 0.682928324 -0.004066974 0.999983609 0.004026824 -1.073644638 0.004961277 -0.004006631 0.999979675 38.891510010
0.999977350 0.003935101 -0.005449979 0.692575514 -0.003913157 0.999984145 0.004031334 -1.083331347 0.005465756 -0.004009916 0.999977052 39.435596466
0.999976218 0.004322958 -0.005381959 0.705307603 -0.004299260 0.999981046 0.004407156 -1.100290775 0.005400910 -0.004383912 0.999975801 39.979892731
0.999975920 0.004261190 -0.005484346 0.722424805 -0.004235617 0.999980092 0.004666205 -1.121212482 0.005504121 -0.004642862 0.999974132 40.517181396
0.999973655 0.003745277 -0.006219036 0.727594614 -0.003718635 0.999983907 0.004290006 -1.129584908 0.006235003 -0.004266766 0.999971449 41.083179474
0.999971211 0.003896587 -0.006525248 0.742106676 -0.003866598 0.999981999 0.004602136 -1.142984509 0.006543064 -0.004576772 0.999968171 41.629749298
0.999969125 0.004319415 -0.006569696 0.757381082 -0.004288252 0.999979496 0.004750381 -1.163175941 0.006590080 -0.004722061 0.999967158 42.166194916
0.999971688 0.004544551 -0.005992339 0.742310584 -0.004519505 0.999981046 0.004186724 -1.164047599 0.006011252 -0.004159524 0.999973238 42.735305786
0.999970496 0.004347829 -0.006325827 0.756186485 -0.004318901 0.999980211 0.004579515 -1.180166125 0.006345613 -0.004552060 0.999969482 43.272003174
0.999971330 0.004806867 -0.005856730 0.760761738 -0.004783982 0.999980927 0.003915298 -1.189171791 0.005875438 -0.003887167 0.999975204 43.825313568
0.999974847 0.003941495 -0.005889330 0.755035758 -0.003913931 0.999981344 0.004684660 -1.208217502 0.005907684 -0.004661492 0.999971688 44.365955353
0.999972641 0.004769758 -0.005645419 0.762158751 -0.004747064 0.999980628 0.004026571 -1.214248538 0.005664515 -0.003999663 0.999975979 44.920536041
0.999974608 0.004879195 -0.005193278 0.776903391 -0.004859347 0.999980867 0.003827715 -1.223946333 0.005211855 -0.003802382 0.999979198 45.444664001
0.999976039 0.004158291 -0.005525770 0.772807717 -0.004130446 0.999978721 0.005040917 -1.251438022 0.005546614 -0.005017973 0.999971986 46.014949799
0.999976575 0.003666802 -0.005774626 0.784670353 -0.003642691 0.999984682 0.004180247 -1.262206316 0.005789865 -0.004159114 0.999974608 46.558025360
0.999976873 0.004200852 -0.005345426 0.789420128 -0.004178143 0.999982297 0.004252376 -1.268257856 0.005363194 -0.004229944 0.999976635 47.084018707
0.999976337 0.004154192 -0.005506333 0.786806166 -0.004129639 0.999981523 0.004462825 -1.283064723 0.005524772 -0.004439980 0.999974906 47.657089233
0.999975204 0.004749829 -0.005206082 0.789722145 -0.004726191 0.999978542 0.004543516 -1.297203422 0.005227551 -0.004518798 0.999976218 48.203567505
0.999974668 0.003761571 -0.006042474 0.817428708 -0.003736394 0.999984324 0.004172337 -1.306118369 0.006058074 -0.004149654 0.999973118 48.732860565
0.999978364 0.004191035 -0.005087481 0.810011148 -0.004167096 0.999980330 0.004707127 -1.323800206 0.005107108 -0.004685825 0.999976039 49.273780823
0.999978542 0.004211738 -0.005012742 0.808527946 -0.004190472 0.999982238 0.004245136 -1.334083796 0.005030532 -0.004224040 0.999978423 49.862064362
0.999978125 0.004294783 -0.005016308 0.816143036 -0.004269111 0.999977827 0.005117155 -1.353098392 0.005038173 -0.005095628 0.999974370 50.400882721
0.999979734 0.004798841 -0.004160518 0.806406260 -0.004779379 0.999977708 0.004675380 -1.359104276 0.004182861 -0.004655401 0.999980390 50.938903809
0.999977827 0.004085022 -0.005253495 0.830084503 -0.004063238 0.999983132 0.004150596 -1.369913220 0.005270362 -0.004129158 0.999977589 51.499374390
0.999974489 0.004401537 -0.005609631 0.838952184 -0.004379172 0.999982417 0.003992893 -1.382318020 0.005627106 -0.003968225 0.999976397 52.041194916
0.999976397 0.004626079 -0.005068276 0.841497779 -0.004604210 0.999980092 0.004318002 -1.399948478 0.005088151 -0.004294565 0.999977827 52.589668274
0.999980807 0.003258938 -0.005255743 0.852322578 -0.003237810 0.999986589 0.004023355 -1.411462307 0.005268784 -0.004006261 0.999978065 53.158649445
0.999979794 0.003452909 -0.005334070 0.857263505 -0.003431693 0.999986172 0.003981312 -1.424518347 0.005347745 -0.003962927 0.999977767 53.704772949
0.999981582 0.003737927 -0.004764839 0.864294171 -0.003721621 0.999987185 0.003426370 -1.435030460 0.004777586 -0.003408574 0.999982715 54.258693695
0.999979556 0.003559306 -0.005309538 0.875533581 -0.003538923 0.999986291 0.003843482 -1.449661255 0.005323146 -0.003824614 0.999978542 54.806350708
0.999981582 0.003998465 -0.004577316 0.870253921 -0.003983255 0.999986529 0.003327150 -1.459885836 0.004590559 -0.003308856 0.999984026 55.360015869
0.999979019 0.003530666 -0.005433869 0.890931249 -0.003510233 0.999986768 0.003765388 -1.474208713 0.005447092 -0.003746235 0.999978065 55.903377533
0.999979675 0.003244138 -0.005482619 0.894891083 -0.003224439 0.999988317 0.003598117 -1.484522820 0.005494227 -0.003580365 0.999978483 56.449050903
0.999979258 0.003023028 -0.005675954 0.916323304 -0.003002817 0.999989152 0.003565964 -1.502999067 0.005686672 -0.003548846 0.999977529 56.978401184
0.999978483 0.003675712 -0.005434390 0.916412711 -0.003655545 0.999986410 0.003716126 -1.511465907 0.005447976 -0.003696180 0.999978244 57.551151276
0.999976575 0.003744822 -0.005726340 0.922147870 -0.003724866 0.999986947 0.003491692 -1.526524067 0.005739340 -0.003470280 0.999977410 58.100627899
0.999978185 0.003550585 -0.005559064 0.933338225 -0.003531932 0.999988079 0.003361754 -1.535085917 0.005570935 -0.003342046 0.999978840 58.633216858
0.999978721 0.003563193 -0.005448649 0.937315524 -0.003544802 0.999988019 0.003381378 -1.546237946 0.005460632 -0.003361992 0.999979377 59.180541992
0.999978185 0.004045453 -0.005209680 0.937889695 -0.004028895 0.999986827 0.003184866 -1.556397080 0.005222495 -0.003163808 0.999981344 59.710567474
0.999978781 0.003925464 -0.005189052 0.947117090 -0.003910668 0.999988258 0.002858695 -1.565746665 0.005200213 -0.002838342 0.999982417 60.255802155
0.999977231 0.003825259 -0.005553212 0.960971355 -0.003805672 0.999986529 0.003533418 -1.580588698 0.005566654 -0.003512204 0.999978304 60.812545776
0.999978065 0.004044381 -0.005244075 0.963451326 -0.004027461 0.999986649 0.003233413 -1.596059799 0.005257083 -0.003212221 0.999981046 61.358875275
0.999977171 0.004198843 -0.005300372 0.978835464 -0.004179461 0.999984622 0.003662642 -1.614199400 0.005315670 -0.003640406 0.999979258 61.899375916
0.999977529 0.004277236 -0.005168592 0.986149192 -0.004262522 0.999986887 0.002854425 -1.617180824 0.005180732 -0.002832329 0.999982536 62.457305908
0.999974310 0.004839892 -0.005280246 0.987925172 -0.004822618 0.999982953 0.003279322 -1.636931658 0.005296027 -0.003253773 0.999980688 62.998821259
0.999975920 0.004548395 -0.005241954 0.993341446 -0.004530854 0.999984145 0.003353300 -1.645309091 0.005257124 -0.003329469 0.999980628 63.556266785
0.999975502 0.004818082 -0.005092232 0.997517645 -0.004801541 0.999983191 0.003255460 -1.665956140 0.005107832 -0.003230929 0.999981761 64.096672058
0.999977529 0.004401790 -0.005061698 1.002536535 -0.004386458 0.999985754 0.003036117 -1.671894908 0.005074990 -0.003013846 0.999982595 64.639663696
0.999974132 0.004882084 -0.005300734 1.015488267 -0.004864932 0.999982834 0.003243926 -1.685121298 0.005316481 -0.003218055 0.999980688 65.182662964
0.999976277 0.004422434 -0.005277326 1.027663589 -0.004410307 0.999987543 0.002307226 -1.689013004 0.005287464 -0.002283896 0.999983430 65.739425659
0.999978244 0.004894019 -0.004436361 1.022773027 -0.004882491 0.999984682 0.002605506 -1.703782320 0.004449044 -0.002583789 0.999986768 66.295700073
0.999978662 0.004366015 -0.004854251 1.030572057 -0.004349530 0.999984741 0.003401115 -1.730751276 0.004869026 -0.003379929 0.999982417 66.823036194
0.999975204 0.005156924 -0.004797051 1.041000009 -0.005140484 0.999980867 0.003433139 -1.745489955 0.004814664 -0.003408395 0.999982595 67.377151489
0.999975204 0.004927725 -0.005037089 1.050290108 -0.004909142 0.999981165 0.003694924 -1.760308027 0.005055202 -0.003670105 0.999980450 67.911788940
0.999973357 0.005337500 -0.004978275 1.065815806 -0.005317675 0.999977827 0.003986967 -1.781766653 0.004999445 -0.003960388 0.999979675 68.458724976
0.999974251 0.005532133 -0.004551655 1.065062046 -0.005517138 0.999979258 0.003300378 -1.793889523 0.004569818 -0.003275182 0.999984264 69.005966187
0.999975026 0.005267011 -0.004716574 1.080368161 -0.005250819 0.999980271 0.003438721 -1.806729674 0.004734593 -0.003413869 0.999983013 69.563041687
0.999975979 0.005290129 -0.004477450 1.077951074 -0.005275442 0.999980688 0.003285727 -1.805429101 0.004494746 -0.003262028 0.999984562 70.085311890
0.999977112 0.005207568 -0.004299570 1.082457781 -0.005192849 0.999980628 0.003427495 -1.816504955 0.004317336 -0.003405090 0.999984920 70.643470764
0.999976099 0.005222460 -0.004531409 1.093418598 -0.005205764 0.999979615 0.003688698 -1.833718061 0.004550581 -0.003665020 0.999982953 71.176841736
0.999973416 0.005714701 -0.004526979 1.094618082 -0.005699886 0.999978304 0.003278945 -1.849384665 0.004545620 -0.003253055 0.999984384 71.725509644
0.999975085 0.005421524 -0.004524009 1.105241776 -0.005405321 0.999978960 0.003586257 -1.866690636 0.004543358 -0.003561713 0.999983311 72.268783569
0.999974310 0.005574366 -0.004507529 1.110732555 -0.005559040 0.999978721 0.003405486 -1.877065897 0.004526416 -0.003380341 0.999984026 72.814788818
0.999972224 0.005987520 -0.004446132 1.121556759 -0.005971750 0.999975920 0.003551820 -1.894515395 0.004467291 -0.003525170 0.999983788 73.356941223
0.999977291 0.005230076 -0.004245470 1.126629591 -0.005216381 0.999981165 0.003230855 -1.906338811 0.004262288 -0.003208635 0.999985754 73.908050537
0.999973893 0.005538038 -0.004636599 1.133597612 -0.005522213 0.999978900 0.003418823 -1.913880825 0.004655435 -0.003393129 0.999983370 74.441192627
0.999974489 0.005375889 -0.004703649 1.144778609 -0.005359809 0.999979794 0.003424462 -1.925218821 0.004721964 -0.003399164 0.999983072 74.979698181
0.999973476 0.005493077 -0.004794008 1.154025555 -0.005474641 0.999977648 0.003850221 -1.943311930 0.004815050 -0.003823873 0.999981105 75.514495850
0.999974072 0.005314214 -0.004862873 1.160776377 -0.005297760 0.999980152 0.003390177 -1.954194903 0.004880794 -0.003364325 0.999982357 76.059013367
0.999969244 0.005026805 -0.006027776 1.173971891 -0.005006493 0.999981761 0.003380095 -1.966301918 0.006044657 -0.003349812 0.999976099 76.607284546
0.999976516 0.005087761 -0.004591962 1.180194616 -0.005073885 0.999982536 0.003028231 -1.982176304 0.004607289 -0.003004860 0.999984920 77.143501282
0.999976575 0.004757144 -0.004917461 1.193064332 -0.004742894 0.999984503 0.002905445 -1.989235401 0.004931207 -0.002882054 0.999983668 77.714469910
0.999974847 0.004993534 -0.005032411 1.201686025 -0.004974475 0.999980450 0.003792630 -2.011383295 0.005051251 -0.003767501 0.999980152 78.262580872
0.999978781 0.004691575 -0.004516178 1.209137797 -0.004679134 0.999985218 0.002761440 -2.018334150 0.004529066 -0.002740250 0.999985933 78.819671631
0.999975264 0.005121478 -0.004820535 1.213270903 -0.005103645 0.999980092 0.003704194 -2.038714647 0.004839411 -0.003679499 0.999981523 79.334991455
0.999974668 0.005107990 -0.004959887 1.223167539 -0.005088861 0.999979556 0.003861624 -2.056364536 0.004979512 -0.003836286 0.999980211 79.878387451
0.999975085 0.005332415 -0.004611260 1.226603985 -0.005316943 0.999980211 0.003361199 -2.062245131 0.004629091 -0.003336598 0.999983728 80.426544189
0.999980152 0.005273934 -0.003442903 1.234887600 -0.005262288 0.999980450 0.003382844 -2.074646235 0.003460677 -0.003364659 0.999988377 80.978950500
0.999979377 0.005922164 -0.002465478 1.244187713 -0.005913659 0.999976635 0.003442800 -2.089238405 0.002485809 -0.003428149 0.999991059 81.526397705
0.999982119 0.005890299 -0.001053416 1.252762437 -0.005886862 0.999977350 0.003236114 -2.102150440 0.001072453 -0.003229855 0.999994218 82.072822571
0.999983668 0.005688087 0.000436485 1.261652946 -0.005689528 0.999978125 0.003373862 -2.116059542 -0.000417284 -0.003376290 0.999994218 82.614089966
0.999974787 0.006152122 0.003532746 1.278476596 -0.006163469 0.999975860 0.003210186 -2.128722429 -0.003512912 -0.003231880 0.999988675 83.166763306
0.999959111 0.005380827 0.007266113 1.298272371 -0.005408112 0.999978304 0.003740517 -2.146330833 -0.007245828 -0.003779660 0.999966621 83.708137512
0.999926984 0.005806842 0.010597507 1.313699722 -0.005842859 0.999977171 0.003370853 -2.162292480 -0.010577692 -0.003432526 0.999938130 84.257789612
0.999851882 0.005829133 0.016196245 1.332005501 -0.005887766 0.999976218 0.003574785 -2.179923058 -0.016175024 -0.003669615 0.999862432 84.816322327
0.999735177 0.006267366 0.022140484 1.362521648 -0.006344322 0.999974132 0.003407327 -2.193296432 -0.022118554 -0.003546891 0.999749005 85.360557556
0.999633014 0.005470469 0.026528230 1.394155622 -0.005562504 0.999978781 0.003396768 -2.209733963 -0.026509088 -0.003543086 0.999642313 85.885765076
0.999461651 0.005084375 0.032412387 1.431026816 -0.005205899 0.999979734 0.003666048 -2.223718882 -0.032393094 -0.003832810 0.999467909 86.429779053
0.999159098 0.005330024 0.040653024 1.457632542 -0.005487025 0.999977827 0.003751362 -2.240377903 -0.040632132 -0.003971271 0.999166310 86.964569092
0.998775780 0.005503106 0.049161296 1.504655361 -0.005687478 0.999977291 0.003611251 -2.253444195 -0.049140316 -0.003886433 0.998784363 87.514549255
0.998426735 0.004889412 0.055857182 1.547430038 -0.005114850 0.999979317 0.003893730 -2.268239021 -0.055836983 -0.004173306 0.998431146 88.056114197
0.997938991 0.004218738 0.064031750 1.606475353 -0.004490735 0.999981403 0.004104514 -2.282836914 -0.064013258 -0.004383604 0.997939467 88.593109131
0.997201800 0.004538324 0.074619628 1.665582180 -0.004870983 0.999978900 0.004276659 -2.299143314 -0.074598655 -0.004628163 0.997202933 89.071670532
0.996488929 0.004828661 0.083585426 1.720765591 -0.005123649 0.999981403 0.003315035 -2.301849604 -0.083567850 -0.003731658 0.996495128 89.699447632
0.995799184 0.004560081 0.091450877 1.789804459 -0.004865992 0.999983311 0.003122399 -2.314002752 -0.091435105 -0.003554282 0.995804727 90.251152039
0.994717836 0.004242942 0.102559164 1.858888149 -0.004590081 0.999984503 0.003148996 -2.326824903 -0.102544188 -0.003603118 0.994721889 90.775413513
0.993500113 0.004539919 0.113740996 1.929266930 -0.004922421 0.999983132 0.003082284 -2.337431908 -0.113725081 -0.003622130 0.993505657 91.320518494
0.992498994 0.003878719 0.122190863 2.026508331 -0.004285836 0.999986112 0.003069157 -2.356106520 -0.122177251 -0.003569825 0.992501915 91.846420288
0.991040468 0.004217200 0.133495331 2.118381500 -0.004732523 0.999982476 0.003543159 -2.375045776 -0.133478045 -0.004143184 0.991043031 92.413276672
0.989379406 0.003521378 0.145313263 2.222390175 -0.004040422 0.999986470 0.003276919 -2.388385534 -0.145299792 -0.003829243 0.989380240 92.944801331
0.987748027 0.003743339 0.156012237 2.329748154 -0.004385914 0.999983251 0.003774707 -2.409543276 -0.155995503 -0.004412716 0.987747908 93.487266541
0.985996544 0.003263604 0.166733786 2.434734344 -0.003873748 0.999986947 0.003334300 -2.412990332 -0.166720688 -0.003933493 0.985996306 94.030433655
0.983666539 0.003473822 0.179967344 2.550639153 -0.004108689 0.999986589 0.003155043 -2.426778078 -0.179953948 -0.003842939 0.983667493 94.560165405
0.981449127 0.002478621 0.191707268 2.685338974 -0.003180862 0.999989331 0.003355426 -2.446596622 -0.191696912 -0.003902974 0.981446385 95.080848694
0.979304612 0.002874909 0.202371210 2.801473618 -0.003668790 0.999986947 0.003547897 -2.454868317 -0.202358380 -0.004216929 0.979302406 95.614662170
0.976591289 0.002481617 0.215089142 2.947015762 -0.003263424 0.999989271 0.003279764 -2.467331409 -0.215078741 -0.003904917 0.976588845 96.145324707
0.973550618 0.002384218 0.228459165 3.091913223 -0.003321310 0.999987662 0.003717400 -2.486245871 -0.228447467 -0.004377861 0.973546445 96.667907715
0.970747292 0.002471939 0.240090460 3.232845306 -0.003472460 0.999986887 0.003744317 -2.495908260 -0.240078062 -0.004468490 0.970743299 97.214134216
0.967729330 0.002126756 0.251982838 3.395677567 -0.003179240 0.999987841 0.003769757 -2.516862869 -0.251971811 -0.004449219 0.967724323 97.732360840
0.964139760 0.001975403 0.265387714 3.569797516 -0.003081310 0.999988317 0.003750866 -2.529784203 -0.265377194 -0.004434102 0.964134514 98.253120422
0.960482776 0.001553719 0.278334767 3.723508835 -0.002593419 0.999990940 0.003367277 -2.535982132 -0.278327018 -0.003956051 0.960478246 98.765075684
0.957060575 0.001095094 0.289885968 3.886802673 -0.002310572 0.999989927 0.003850734 -2.557247639 -0.289878786 -0.004355188 0.957053423 99.297691345
0.952583969 0.001269887 0.304273337 4.062833786 -0.002471102 0.999990642 0.003562770 -2.562459230 -0.304265976 -0.004145727 0.952578068 99.812728882
0.948297918 0.000740073 0.317380607 4.275751114 -0.001991023 0.999991477 0.003617159 -2.580598354 -0.317375213 -0.004062056 0.948291302 100.333770752
0.944376886 -0.000021372 0.328865200 4.470829010 -0.001181763 0.999993265 0.003458565 -2.585930586 -0.328863114 -0.003654829 0.944370508 100.855102539
0.939730763 -0.000346470 0.341915369 4.680730820 -0.000849385 0.999994040 0.003347793 -2.601037264 -0.341914445 -0.003436442 0.939724743 101.378150940
0.934717536 -0.000092484 0.355391592 4.901016235 -0.001323292 0.999992192 0.003740629 -2.625725746 -0.355389118 -0.003966718 0.934710026 101.858680725
0.929764926 -0.000692232 0.368153036 5.119735718 -0.000598766 0.999994040 0.003392448 -2.629875422 -0.368153095 -0.003374616 0.929759026 102.387939453
0.925147712 -0.001508019 0.379604340 5.354896545 0.000485905 0.999995947 0.002788374 -2.637359381 -0.379607052 -0.002395206 0.925144732 102.899223328
0.919135511 -0.001627986 0.393938124 5.579032898 0.000281533 0.999993861 0.003475696 -2.654565573 -0.393941402 -0.003083728 0.919130385 103.384399414
0.913625658 -0.002561431 0.406548381 5.828273773 0.001432003 0.999994218 0.003082294 -2.663005352 -0.406553924 -0.002233885 0.913624048 103.859283447
0.908686817 -0.002001565 0.417473823 6.073944092 0.000815720 0.999995112 0.003018923 -2.680061340 -0.417477876 -0.002402714 0.908683956 104.331550598
0.902145505 -0.002675802 0.431423604 6.319065094 0.001183319 0.999992311 0.003727786 -2.696983337 -0.431430280 -0.002852493 0.902141750 104.841682434
0.895871997 -0.003086320 0.444301605 6.594253540 0.001318179 0.999989927 0.004288459 -2.722983599 -0.444310397 -0.003256241 0.895866930 105.293762207
0.889906287 -0.003522964 0.456129700 6.866600037 0.001783065 0.999989390 0.004244771 -2.735898972 -0.456139773 -0.002964139 0.889903128 105.784934998
0.883731604 -0.003826220 0.467978418 7.107967377 0.002304979 0.999989986 0.003823248 -2.726896524 -0.467988402 -0.002300044 0.883731604 106.284790039
0.876541853 -0.003932994 0.481309503 7.398353577 0.002741629 0.999991119 0.003178425 -2.732559204 -0.481317788 -0.001466450 0.876544893 106.765411377
0.869570255 -0.003969612 0.493793488 7.676887512 0.002321526 0.999989450 0.003950721 -2.758862495 -0.493804038 -0.002289074 0.869570136 107.211074829
0.863890886 -0.004815865 0.503655970 7.971523285 0.003216366 0.999986589 0.004044849 -2.767533064 -0.503668725 -0.001874367 0.863894820 107.652206421
