1.000000000 0.000000000 0.000000000 0.000000000 0.000000000 1.000000000 0.000000000 0.000000000 0.000000000 0.000000000 1.000000000 0.000000000
1.000000000 0.000070378 0.000107514 -0.003169933 -0.000070360 1.000000000 -0.000171478 0.004188824 -0.000107526 0.000171470 1.000000000 0.003839684
1.000000000 0.000064696 0.000065747 -0.002277904 -0.000064685 1.000000000 -0.000169116 0.002835518 -0.000065758 0.000169112 1.000000000 0.000953614
0.999999940 0.000301433 0.000141524 -0.000780474 -0.000301413 0.999999940 -0.000140513 0.003445114 -0.000141567 0.000140470 1.000000000 -0.001996144
1.000000000 0.000186422 0.000040996 0.002726021 -0.000186419 1.000000000 -0.000071412 0.001681464 -0.000041009 0.000071404 1.000000000 -0.001153177
1.000000000 0.000095730 0.000011920 0.000911530 -0.000095730 1.000000000 -0.000007967 0.001340993 -0.000011921 0.000007966 1.000000000 -0.002837559
1.000000000 0.000030892 0.000105930 -0.002740533 -0.000030879 1.000000000 -0.000116816 0.001728579 -0.000105934 0.000116813 1.000000000 -0.002170703
1.000000000 0.000008321 -0.000011152 0.000432604 -0.000008322 1.000000000 -0.000025884 0.001718346 0.000011151 0.000025884 1.000000000 -0.002789111
1.000000000 0.000007350 0.000127343 -0.005381274 -0.000007328 1.000000000 -0.000173738 0.003976530 -0.000127345 0.000173737 1.000000000 0.004082049
0.999999940 0.000179667 0.000239923 -0.005720510 -0.000179629 1.000000000 -0.000157460 0.002860038 -0.000239951 0.000157417 0.999999940 -0.000864305
1.000000000 0.000202693 0.000118649 0.000533800 -0.000202676 0.999999940 -0.000141505 0.002345854 -0.000118677 0.000141481 1.000000000 -0.004118329
0.999999940 0.000218814 0.000158314 -0.002415641 -0.000218801 1.000000000 -0.000080669 0.002669792 -0.000158331 0.000080635 1.000000000 -0.003125695
1.000000000 0.000074949 0.000190018 -0.004910966 -0.000074937 1.000000000 -0.000064115 0.000567458 -0.000190023 0.000064101 1.000000000 -0.003225039
1.000000000 -0.000030376 0.000113331 -0.002756814 0.000030382 1.000000000 -0.000054031 0.000215629 -0.000113329 0.000054034 1.000000000 -0.001976446
1.000000000 0.000053814 0.000050366 0.000123557 -0.000053810 1.000000000 -0.000080135 0.001799145 -0.000050370 0.000080133 1.000000000 -0.005510066
1.000000000 -0.000160402 -0.000081498 0.001913403 0.000160404 1.000000000 0.000031968 0.000545174 0.000081492 -0.000031982 1.000000000 -0.006575459
0.999999940 -0.000305424 -0.000106907 0.002104307 0.000305421 0.999999940 -0.000029529 -0.000963903 0.000106916 0.000029496 1.000000000 -0.009058923
1.000000000 -0.000035556 0.000128856 -0.003705787 0.000035560 1.000000000 -0.000031419 0.000104425 -0.000128855 0.000031424 1.000000000 -0.003025402
1.000000000 0.000093676 -0.000014800 0.000154334 -0.000093676 1.000000000 0.000047973 0.001392326 0.000014804 -0.000047972 1.000000000 -0.007800059
1.000000000 -0.000107856 -0.000034816 -0.001444871 0.000107855 1.000000000 -0.000027531 -0.000340685 0.000034819 0.000027527 1.000000000 -0.007229534
1.000000000 0.000009683 0.000049480 -0.001118918 -0.000009678 1.000000000 -0.000097358 0.001750312 -0.000049481 0.000097357 1.000000000 -0.007155598
1.000000000 -0.000138669 0.000048965 -0.001027633 0.000138669 1.000000000 0.000001464 -0.000389371 -0.000048966 -0.000001457 1.000000000 -0.005311754
1.000000000 0.000112986 0.000170435 -0.006505345 -0.000112952 1.000000000 -0.000202562 0.003348463 -0.000170458 0.000202543 0.999999940 0.002357684
1.000000000 -0.000135558 -0.000092646 0.000202996 0.000135548 1.000000000 -0.000108128 0.000508206 0.000092661 0.000108116 1.000000000 0.000359761
1.000000000 -0.000052373 0.000043398 -0.001506186 0.000052373 1.000000000 -0.000004978 0.002187654 -0.000043398 0.000004980 1.000000000 0.000783765
1.000000000 0.000079573 -0.000023643 0.002186472 -0.000079575 1.000000000 -0.000091227 0.002886485 0.000023636 0.000091229 1.000000000 -0.006779126
1.000000000 -0.000074315 0.000086874 -0.001878621 0.000074323 1.000000000 -0.000084692 0.002382935 -0.000086867 0.000084699 1.000000000 -0.004626574
0.999999940 0.000228921 0.000240471 -0.005387499 -0.000228867 0.999999940 -0.000222023 0.003134237 -0.000240522 0.000221968 0.999999940 0.000265570
1.000000000 0.000057638 0.000141126 -0.004282725 -0.000057636 1.000000000 -0.000009076 0.001978893 -0.000141126 0.000009068 1.000000000 0.000344401
1.000000000 -0.000142300 0.000059991 -0.004907581 0.000142307 1.000000000 -0.000118854 0.005754634 -0.000059974 0.000118863 1.000000000 0.003029528
1.000000000 -0.000093592 0.000029808 -0.002413990 0.000093593 1.000000000 -0.000033822 0.001763061 -0.000029805 0.000033825 1.000000000 -0.001676184
1.000000000 -0.000174578 0.000098414 -0.004226480 0.000174574 1.000000000 0.000036055 0.001644279 -0.000098421 -0.000036038 1.000000000 0.001986672
1.000000000 -0.000184381 0.000083976 -0.003845957 0.000184375 1.000000000 0.000074255 0.000524854 -0.000083990 -0.000074240 1.000000000 -0.004982186
1.000000000 -0.000190044 -0.000003372 -0.001269960 0.000190044 1.000000000 0.000070495 0.001059422 0.000003359 -0.000070496 1.000000000 -0.004989821
1.000000000 0.000048043 0.000063222 -0.003264346 -0.000048037 1.000000000 -0.000088797 0.000786200 -0.000063226 0.000088794 1.000000000 -0.001881100
1.000000000 0.000027709 0.000101912 -0.004148125 -0.000027699 1.000000000 -0.000097174 0.002574582 -0.000101914 0.000097171 1.000000000 -0.000478263
1.000000000 -0.000177554 -0.000148406 0.002394582 0.000177570 1.000000000 0.000110042 -0.000007866 0.000148387 -0.000110069 1.000000000 -0.011589158
1.000000000 -0.000032557 0.000069174 -0.003373566 0.000032573 1.000000000 -0.000236189 0.004228689 -0.000069166 0.000236191 0.999999940 0.000515331
1.000000000 -0.000162798 0.000112242 -0.003515347 0.000162796 1.000000000 0.000019427 0.001583579 -0.000112245 -0.000019409 1.000000000 0.000035755
1.000000000 0.000001282 -0.000043428 0.001473628 -0.000001272 1.000000000 0.000226138 -0.002292261 0.000043429 -0.000226138 1.000000000 -0.009514323
0.999999940 -0.000280295 -0.000157216 0.000501020 0.000280303 0.999999940 0.000052785 -0.001330675 0.000157201 -0.000052829 1.000000000 -0.001095095
1.000000000 0.000073679 0.000068100 0.002405686 -0.000073639 0.999999821 -0.000595119 -0.004624816 -0.000068144 0.000595114 0.999999821 0.048744518
1.000000000 0.000041170 -0.000017240 0.000922612 -0.000041195 0.999998987 -0.001431282 -0.000203397 0.000017181 0.001431283 0.999998987 0.149260551
1.000000000 -0.000067091 -0.000071036 0.004780348 0.000066989 0.999998987 -0.001433113 -0.009699659 0.000071132 0.001433108 0.999998987 0.264558911
0.999999940 -0.000261240 0.000026468 0.001748580 0.000261277 0.999998987 -0.001382979 -0.010186534 -0.000026107 0.001382986 0.999999046 0.391879082
1.000000000 0.000000813 -0.000166408 0.007656464 -0.000001011 0.999999285 -0.001194745 -0.017889487 0.000166407 0.001194745 0.999999285 0.534316540
1.000000000 0.000016032 0.000015980 0.008003526 -0.000016018 0.999999642 -0.000874791 -0.033240773 -0.000015994 0.000874791 0.999999642 0.679602265
0.999999881 -0.000467052 -0.000056860 0.015565033 0.000467020 0.999999702 -0.000564748 -0.032273155 0.000057124 0.000564722 0.999999821 0.853457570
0.999999940 -0.000221772 -0.000319652 0.026736489 0.000221600 0.999999821 -0.000537327 -0.036656506 0.000319771 0.000537256 0.999999821 1.028337598
1.000000000 -0.000127136 0.000035607 0.024265613 0.000127161 0.999999762 -0.000701784 -0.035485812 -0.000035518 0.000701789 0.999999762 1.205535293
0.999999821 -0.000520349 -0.000331090 0.039421827 0.000520179 0.999999702 -0.000515728 -0.046086438 0.000331358 0.000515556 0.999999821 1.414021611
0.999999464 -0.000664961 -0.000790868 0.044056203 0.000664847 0.999999762 -0.000143971 -0.061572231 0.000790964 0.000143445 0.999999702 1.609938622
0.999997437 -0.000256063 0.002240604 -0.018014621 0.000253721 0.999999404 0.001045176 -0.071217403 -0.002240870 -0.001044605 0.999996960 1.724522829
0.999997973 -0.001075240 0.001671782 -0.003666107 0.001073329 0.999998748 0.001143174 -0.076750048 -0.001673009 -0.001141378 0.999997973 1.922086596
0.999998033 -0.001001445 0.001696130 0.005175341 0.000999651 0.999998868 0.001058476 -0.084086843 -0.001697188 -0.001056778 0.999998033 2.143537760
0.999997795 -0.000762063 0.001958277 0.008971088 0.000759745 0.999998927 0.001183961 -0.085228533 -0.001959177 -0.001182470 0.999997377 2.343237162
0.999998391 -0.000178272 0.001827542 0.011613557 0.000176504 0.999999523 0.000967678 -0.092384554 -0.001827714 -0.000967354 0.999997914 2.589383125
0.999997377 -0.000759239 0.002168876 0.013336599 0.000755409 0.999998152 0.001766372 -0.111747503 -0.002170213 -0.001764729 0.999996066 2.818192482
0.999997258 -0.000758955 0.002228889 0.023911502 0.000754476 0.999997735 0.002009916 -0.119381092 -0.002230410 -0.002008229 0.999995470 3.057421446
0.999997914 -0.000746006 0.001932629 0.037181605 0.000742833 0.999998391 0.001641747 -0.121564813 -0.001933851 -0.001640308 0.999996722 3.316224337
0.999997556 -0.000737740 0.002095972 0.044533022 0.000733660 0.999997854 0.001946579 -0.130266681 -0.002097403 -0.001945036 0.999995828 3.572851658
0.999997973 -0.000822886 0.001831779 0.040468756 0.000819320 0.999997795 0.001946565 -0.143796816 -0.001833377 -0.001945060 0.999996424 3.810910225
0.999996603 -0.002054749 0.001606705 0.045608580 0.002051128 0.999995410 0.002252104 -0.154299676 -0.001611325 -0.002248801 0.999996185 4.075498104
0.999997675 -0.001107309 0.001849208 0.047800407 0.001102556 0.999996185 0.002569041 -0.160016403 -0.001852046 -0.002566996 0.999994993 4.330098629
0.999996603 -0.001721620 0.001967880 0.054770254 0.001716495 0.999995232 0.002603328 -0.169501215 -0.001972352 -0.002599941 0.999994695 4.593155384
0.999996901 -0.000609241 0.002413526 0.031347550 0.000602747 0.999996185 0.002690189 -0.189174578 -0.002415156 -0.002688726 0.999993443 4.854333878
0.999996603 -0.000978765 0.002410490 0.042391695 0.000972612 0.999996305 0.002552593 -0.194988325 -0.002412979 -0.002550240 0.999993801 5.111753941
0.999997139 -0.000764158 0.002235669 0.049324468 0.000758302 0.999996245 0.002619195 -0.202406198 -0.002237662 -0.002617493 0.999994040 5.377190113
0.999996126 -0.001158335 0.002519177 0.049501959 0.001152464 0.999996662 0.002330856 -0.204743132 -0.002521868 -0.002327945 0.999994099 5.642755985
0.999996603 -0.001182565 0.002314259 0.061202716 0.001176183 0.999995530 0.002757204 -0.218479350 -0.002317509 -0.002754473 0.999993503 5.911276817
0.999996543 -0.000807154 0.002469055 0.063380338 0.000799667 0.999995112 0.003031583 -0.235007957 -0.002471489 -0.003029598 0.999992371 6.181931496
0.999996364 -0.001312412 0.002343595 0.067538999 0.001305185 0.999994397 0.003082396 -0.239216417 -0.002347628 -0.003079326 0.999992549 6.468610287
0.999996781 -0.000940908 0.002349108 0.082082696 0.000934041 0.999995351 0.002922953 -0.250278234 -0.002351847 -0.002920749 0.999992967 6.769403458
0.999995470 -0.001532563 0.002575713 0.088745408 0.001525214 0.999994755 0.002852862 -0.249560684 -0.002580072 -0.002848921 0.999992669 7.070376873
0.999995947 -0.001193565 0.002568735 0.101454020 0.001185987 0.999994993 0.002949757 -0.267059922 -0.002572243 -0.002946699 0.999992371 7.366123199
0.999996126 -0.002000138 0.001943955 0.137900755 0.001994217 0.999993384 0.003042876 -0.287489861 -0.001950028 -0.003038988 0.999993503 7.679872990
0.999996603 -0.001444263 0.002132474 0.123136386 0.001437427 0.999993801 0.003203888 -0.287619054 -0.002137088 -0.003200812 0.999992609 8.029061317
0.999995887 -0.000765102 0.002773053 0.115435496 0.000754868 0.999992907 0.003689644 -0.304614097 -0.002775857 -0.003687536 0.999989271 8.294030190
0.999996305 -0.000541083 0.002667426 0.129763454 0.000531644 0.999993563 0.003538285 -0.312250972 -0.002669323 -0.003536854 0.999990165 8.617100716
0.999996364 -0.000617080 0.002644646 0.133280873 0.000607693 0.999993563 0.003548634 -0.319856644 -0.002646818 -0.003547014 0.999990225 8.954825401
0.999997020 -0.000775183 0.002334681 0.146095902 0.000767171 0.999993801 0.003430869 -0.329834312 -0.002337326 -0.003429067 0.999991357 9.296296120
0.999996185 -0.001533735 0.002300438 0.162488461 0.001524864 0.999991417 0.003852641 -0.341352463 -0.002306327 -0.003849119 0.999989927 9.638360977
0.999997377 -0.000831638 0.002121882 0.164050937 0.000823157 0.999991655 0.003994599 -0.345879972 -0.002125186 -0.003992842 0.999989748 9.976470947
0.999997079 -0.001361351 0.001998878 0.167178452 0.001353123 0.999990642 0.004112073 -0.355996192 -0.002004457 -0.004109356 0.999989569 10.309844017
0.999995530 -0.001262285 0.002690771 0.154880181 0.001250825 0.999990106 0.004256579 -0.391446769 -0.002696117 -0.004253194 0.999987304 10.736433983
0.999994338 -0.002250106 0.002483660 0.164653450 0.002238872 0.999987245 0.004516697 -0.397933215 -0.002493792 -0.004511111 0.999986708 11.116028786
0.999994576 -0.001951716 0.002656182 0.167669624 0.001939049 0.999986827 0.004763052 -0.411368042 -0.002665443 -0.004757875 0.999985099 11.501402855
0.999992728 -0.003090871 0.002224626 0.182808802 0.003081684 0.999986827 0.004121363 -0.410951465 -0.002237335 -0.004114477 0.999989092 11.861143112
0.999994516 -0.002033476 0.002598695 0.192709163 0.002021440 0.999987304 0.004625989 -0.419691920 -0.002608069 -0.004620710 0.999985933 12.272171974
0.999994874 -0.001532261 0.002802820 0.193055600 0.001518881 0.999987483 0.004769664 -0.436203450 -0.002810093 -0.004765383 0.999984622 12.626271248
0.999994755 -0.002117106 0.002452000 0.214843541 0.002104922 0.999985516 0.004961053 -0.442361116 -0.002462467 -0.004955865 0.999984682 13.047395706
0.999995530 -0.001584976 0.002511831 0.212147683 0.001571915 0.999985278 0.005193148 -0.481872499 -0.002520025 -0.005189177 0.999983370 13.431104660
0.999994755 0.000236234 0.003231635 0.212091669 -0.000253626 0.999985456 0.005382661 -0.493110389 -0.003230316 -0.005383452 0.999980271 13.848559380
0.999993980 -0.000439763 0.003442487 0.220609620 0.000419829 0.999983072 0.005789315 -0.501467884 -0.003444975 -0.005787835 0.999977291 14.271204948
0.999994457 -0.001496433 0.002965671 0.237584800 0.001479483 0.999982595 0.005709162 -0.525612056 -0.002974164 -0.005704743 0.999979317 14.662418365
0.999993145 -0.002472128 0.002748935 0.251490474 0.002455627 0.999979138 0.005990086 -0.529103994 -0.002763685 -0.005983295 0.999978364 15.069149971
0.999992967 -0.001897819 0.003235248 0.250932932 0.001876202 0.999975979 0.006671781 -0.549977422 -0.003247832 -0.006665663 0.999972582 15.500979424
0.999992192 -0.001807807 0.003501464 0.281631142 0.001784882 0.999977171 0.006539253 -0.594889522 -0.003513205 -0.006532954 0.999972463 16.010400772
0.999991417 -0.002738517 0.003115389 0.300436556 0.002719467 0.999977767 0.006102814 -0.599051058 -0.003132032 -0.006094290 0.999976516 16.455823898
0.999990702 -0.002801874 0.003286282 0.312001973 0.002779828 0.999973774 0.006693768 -0.611755610 -0.003304951 -0.006684570 0.999972165 16.915914536
0.999989152 -0.002695639 0.003789392 0.314152569 0.002671736 0.999976575 0.006298934 -0.618109405 -0.003806283 -0.006288741 0.999972880 17.396696091
0.999990582 -0.001782857 0.003953856 0.325254202 0.001756951 0.999977052 0.006545976 -0.625668585 -0.003965436 -0.006538967 0.999970734 17.856956482
0.999989092 -0.000668605 0.004622359 0.331900090 0.000635705 0.999974549 0.007115340 -0.638739705 -0.004626998 -0.007112324 0.999963939 18.289216995
0.999984205 -0.001131573 0.005512369 0.336342722 0.001090445 0.999971628 0.007458396 -0.653235972 -0.005520652 -0.007452268 0.999956906 18.758972168
0.999984980 -0.001365079 0.005304117 0.339095771 0.001325995 0.999972105 0.007365168 -0.685984373 -0.005314022 -0.007358025 0.999958813 19.234024048
0.999983311 -0.001346346 0.005605851 0.357948303 0.001304010 0.999970615 0.007548880 -0.692798018 -0.005615850 -0.007541445 0.999955773 19.718730927
0.999982536 -0.000089323 0.005897356 0.361173153 0.000045074 0.999971807 0.007503007 -0.714418471 -0.005897860 -0.007502610 0.999954522 20.214523315
0.999984682 -0.001134304 0.005420412 0.368094146 0.001092133 0.999969184 0.007776825 -0.728828251 -0.005429067 -0.007770786 0.999955058 20.735130310
0.999982178 0.000058057 0.005973887 0.381791055 -0.000104744 0.999969423 0.007815042 -0.750950992 -0.005973251 -0.007815528 0.999951661 21.227338791
0.999987721 -0.000996994 0.004848669 0.396515012 0.000957746 0.999966800 0.008090083 -0.765295506 -0.004856573 -0.008085340 0.999955535 21.668062210
0.999987841 -0.001264443 0.004756229 0.403014541 0.001224641 0.999964297 0.008362038 -0.776380122 -0.004766632 -0.008356111 0.999953806 22.188503265
0.999989927 -0.001369687 0.004265612 0.413254648 0.001333452 0.999962986 0.008485829 -0.793778539 -0.004277077 -0.008480058 0.999954939 22.704471588
0.999993503 -0.001581924 0.003212607 0.406098992 0.001556251 0.999966919 0.007978211 -0.794507265 -0.003225122 -0.007973161 0.999963045 23.235187531
0.999993145 -0.002813738 0.002404406 0.436420530 0.002792689 0.999958277 0.008713320 -0.820761204 -0.002428822 -0.008706546 0.999959171 23.725305557
0.999992430 -0.003487303 0.001696734 0.440900981 0.003472169 0.999954939 0.008842051 -0.833515167 -0.001727492 -0.008836091 0.999959528 24.262481689
0.999995828 -0.002404004 0.001609664 0.439866126 0.002390542 0.999962568 0.008313691 -0.839351654 -0.001629589 -0.008309809 0.999964118 24.790388107
0.999997258 -0.002284103 0.000518888 0.468337536 0.002279193 0.999954402 0.009275129 -0.867671847 -0.000540049 -0.009273921 0.999956787 25.286617279
0.999995887 -0.002851991 0.000071055 0.473820686 0.002851213 0.999953270 0.009236935 -0.871875644 -0.000097396 -0.009236693 0.999957323 25.830392838
0.999996305 -0.002700104 -0.000209287 0.479912043 0.002701955 0.999952078 0.009413368 -0.883855164 0.000183860 -0.009413898 0.999955714 26.372331619
0.999989212 -0.004366849 -0.001564619 0.514450192 0.004382204 0.999940932 0.009948241 -0.884322643 0.001521084 -0.009954988 0.999949276 26.927314758
0.999994814 -0.003094641 -0.000845350 0.469653547 0.003102727 0.999947786 0.009736279 -0.917273104 0.000815176 -0.009738850 0.999952257 27.441780090
0.999993742 -0.003183074 -0.001569646 0.487323344 0.003198999 0.999942362 0.010249369 -0.936769783 0.001536931 -0.010254325 0.999946237 27.990856171
0.999991000 -0.003832172 -0.001829858 0.493619323 0.003850421 0.999941826 0.010075476 -0.943737328 0.001791141 -0.010082431 0.999947608 28.540775299
0.999993503 -0.003174719 -0.001723911 0.506744862 0.003192722 0.999939322 0.010542637 -0.951952338 0.001690337 -0.010548072 0.999942958 29.090063095
0.999991477 -0.003291760 -0.002500879 0.500787497 0.003317618 0.999940336 0.010407384 -0.972232223 0.002466472 -0.010415591 0.999942720 29.545192719
0.999991179 -0.003192136 -0.002735938 0.509989738 0.003219627 0.999943793 0.010103494 -0.976578057 0.002703533 -0.010112213 0.999945223 30.090003967
0.999987185 -0.003853728 -0.003282258 0.525155067 0.003888691 0.999935091 0.010713382 -1.002666354 0.003240758 -0.010726008 0.999937236 30.638732910
0.999994934 -0.001924419 -0.002539848 0.502235830 0.001953765 0.999930799 0.011602789 -1.062197924 0.002517342 -0.011607693 0.999929488 31.078159332
0.999995112 -0.001506827 -0.002720702 0.514989734 0.001539362 0.999926865 0.011996445 -1.076757789 0.002702427 -0.012000576 0.999924421 31.616390228
0.999992609 -0.002760628 -0.002676527 0.529722095 0.002791903 0.999927104 0.011752625 -1.086659193 0.002643888 -0.011760013 0.999927402 32.197986603
0.999995649 -0.001541818 -0.002497173 0.517592967 0.001570840 0.999930799 0.011662156 -1.072196603 0.002479018 -0.011666030 0.999928892 32.751010895
0.999995828 -0.001166298 -0.002622522 0.536281884 0.001197132 0.999929786 0.011786837 -1.094846010 0.002608592 -0.011789927 0.999927163 33.282844543
0.999994695 -0.001492399 -0.002940412 0.486087054 0.001528335 0.999923706 0.012257369 -1.146937966 0.002921895 -0.012261799 0.999920547 33.716228485
0.999995530 -0.001014803 -0.002816363 0.500648081 0.001051906 0.999912202 0.013204097 -1.170296431 0.002802717 -0.013207000 0.999908864 34.253292084
0.999993801 -0.001482327 -0.003204548 0.492153406 0.001524763 0.999910593 0.013280763 -1.170811415 0.003184576 -0.013285568 0.999906659 34.758335114
0.999991834 -0.001766823 -0.003625333 0.506767869 0.001814853 0.999910116 0.013288127 -1.193083763 0.003601529 -0.013294599 0.999905109 35.342548370
0.999993682 -0.001486993 -0.003218904 0.495893389 0.001531754 0.999901533 0.013948310 -1.227415800 0.003197846 -0.013953155 0.999897480 35.913501740
0.999988735 -0.002199326 -0.004201411 0.526502669 0.002256191 0.999905288 0.013578372 -1.229540110 0.004171149 -0.013587697 0.999898970 36.459426880
0.999986649 -0.002613506 -0.004465567 0.538905323 0.002674923 0.999901175 0.013803096 -1.245693207 0.004429052 -0.013814857 0.999894738 37.019248962
0.999985695 -0.002905416 -0.004500276 0.538549721 0.002967336 0.999900222 0.013814085 -1.250078440 0.004459691 -0.013827243 0.999894381 37.541160583
0.999980748 -0.003204037 -0.005321835 0.558627129 0.003280303 0.999891222 0.014384392 -1.265086651 0.005275168 -0.014401572 0.999882340 38.072483063
0.999980271 -0.003693054 -0.005088550 0.549216151 0.003763773 0.999895513 0.013958815 -1.269411802 0.005036467 -0.013977691 0.999889612 38.614337921
0.999986947 -0.002662073 -0.004380475 0.545633376 0.002726146 0.999888361 0.014686631 -1.293812752 0.004340889 -0.014698381 0.999882519 39.137317657
0.999986112 -0.002194621 -0.004805435 0.577235222 0.002268060 0.999879897 0.015330671 -1.302113771 0.004771212 -0.015341355 0.999870896 39.667739868
0.999982417 -0.003162056 -0.005004034 0.528647006 0.003236631 0.999882758 0.014965589 -1.297993660 0.004956125 -0.014981523 0.999875486 40.130393982
0.999979436 -0.003470492 -0.005384319 0.542480052 0.003550696 0.999881804 0.014958522 -1.316017747 0.005331769 -0.014977334 0.999873638 40.690505981
0.999988735 -0.002219968 -0.004185179 0.539127290 0.002281207 0.999889553 0.014684831 -1.308343887 0.004152117 -0.014694214 0.999883354 41.255260468
0.999986768 -0.002076699 -0.004693457 0.555228829 0.002149821 0.999875546 0.015628561 -1.332517624 0.004660416 -0.015638446 0.999866843 41.809810638
0.999987602 -0.002229058 -0.004447617 0.567336738 0.002298188 0.999875665 0.015598889 -1.335603476 0.004412292 -0.015608918 0.999868393 42.358123779
0.999982715 -0.002893754 -0.005113699 0.582552433 0.002975978 0.999865234 0.016145164 -1.352854967 0.005066291 -0.016160104 0.999856591 42.933914185
0.999988437 -0.001679166 -0.004496423 0.596556306 0.001750244 0.999872863 0.015850728 -1.356126308 0.004469236 -0.015858417 0.999864221 43.475662231
0.999982297 -0.003774616 -0.004586985 0.548839748 0.003848771 0.999860287 0.016266638 -1.383911610 0.004524945 -0.016284006 0.999857128 43.993392944
0.999983490 -0.003341574 -0.004661934 0.564715266 0.003412265 0.999877989 0.015238976 -1.382054329 0.004610445 -0.015254633 0.999872923 44.367156982
0.999985099 -0.002890118 -0.004617644 0.576848388 0.002957104 0.999889493 0.014566314 -1.381632209 0.004575036 -0.014579754 0.999883175 44.926284790
0.999984980 -0.003312646 -0.004368659 0.580001235 0.003378279 0.999880254 0.015102474 -1.393073559 0.004318105 -0.015117005 0.999876380 45.442111969
0.999987006 -0.002877508 -0.004207121 0.578758299 0.002943549 0.999871135 0.015776223 -1.410473824 0.004161182 -0.015788402 0.999866605 45.956253052
0.999991417 -0.002014517 -0.003612333 0.551917672 0.002067660 0.999888778 0.014768688 -1.399220705 0.003582179 -0.014776031 0.999884367 46.531574249
0.999989331 -0.001649732 -0.004309852 0.568392932 0.001720580 0.999862611 0.016486742 -1.479705334 0.004282061 -0.016493982 0.999854803 46.998844147
0.999992669 -0.001341067 -0.003596233 0.569752872 0.001399366 0.999866843 0.016257964 -1.485287428 0.003573951 -0.016262878 0.999861360 47.550987244
0.999994874 -0.001153140 -0.002974218 0.570646763 0.001202154 0.999862671 0.016530629 -1.493801236 0.002954746 -0.016534120 0.999858916 48.096290588
0.999994695 -0.001171306 -0.003024508 0.578809619 0.001223597 0.999848902 0.017345665 -1.512969375 0.003003735 -0.017349279 0.999844968 48.619728088
0.999994457 -0.001173600 -0.003104174 0.611391068 0.001225686 0.999857605 0.016830973 -1.510757446 0.003083980 -0.016834684 0.999853551 49.171611786
0.999994338 -0.001075209 -0.003173777 0.616373777 0.001127434 0.999863327 0.016499303 -1.511798263 0.003155604 -0.016502788 0.999858856 49.716648102
0.999993086 -0.000164669 -0.003701490 0.589017570 0.000229304 0.999847412 0.017468454 -1.543916702 0.003698047 -0.017469184 0.999840498 50.136600494
0.999992549 0.000081292 -0.003863913 0.606468916 -0.000014256 0.999849498 0.017345937 -1.546931744 0.003864742 -0.017345753 0.999842048 50.683429718
0.999995232 0.000068764 -0.003102796 0.597259700 -0.000013959 0.999844074 0.017659625 -1.556225538 0.003103527 -0.017659495 0.999839187 51.228469849
0.999994159 0.000160091 -0.003435459 0.628068924 -0.000100741 0.999850810 0.017268900 -1.552420139 0.003437712 -0.017268451 0.999844968 51.750205994
0.999993682 -0.000264032 -0.003557798 0.624014854 0.000327406 0.999841154 0.017823786 -1.559009314 0.003552526 -0.017824838 0.999834776 52.268665314
0.999993086 -0.000344617 -0.003736520 0.606954694 0.000412275 0.999835730 0.018121559 -1.587764502 0.003729662 -0.018122973 0.999828815 52.708652496
0.999994218 -0.000385549 -0.003378598 0.613906503 0.000447588 0.999831021 0.018380929 -1.597600818 0.003370939 -0.018382337 0.999825358 53.228591919
0.999993801 -0.000850486 -0.003415365 0.608165622 0.000913212 0.999830127 0.018406350 -1.605383158 0.003399131 -0.018409353 0.999824822 53.753753662
0.999991000 -0.000983302 -0.004128948 0.619741321 0.001057751 0.999836266 0.018067488 -1.618733525 0.004110505 -0.018071692 0.999828279 54.268619537
0.999993205 0.000090721 -0.003702460 0.644222379 -0.000024913 0.999842167 0.017770192 -1.595115900 0.003703486 -0.017769977 0.999835253 54.843208313
0.999995053 0.000210966 -0.003146762 0.641357005 -0.000153234 0.999831975 0.018335193 -1.619948387 0.003150102 -0.018334618 0.999826968 55.328151703
0.999997616 0.000462676 -0.002129201 0.581500888 -0.000422566 0.999823034 0.018800536 -1.653361440 0.002137523 -0.018799594 0.999821007 55.742923737
0.999997973 0.000350697 -0.001948270 0.592179954 -0.000313089 0.999814272 0.019269902 -1.660164118 0.001954666 -0.019269258 0.999812365 56.276977539
0.999998450 0.000413556 -0.001684565 0.604938149 -0.000381663 0.999821484 0.018889291 -1.668558478 0.001692076 -0.018888619 0.999820173 56.855911255
0.999998450 0.000440044 -0.001652167 0.605375409 -0.000409050 0.999824703 0.018713471 -1.672982454 0.001660112 -0.018712763 0.999823570 57.408935547
0.999996603 0.000463729 -0.002537964 0.665888965 -0.000415657 0.999821067 0.018908957 -1.660617113 0.002546279 -0.018907841 0.999817967 57.911079407
0.999995649 0.000504159 -0.002916533 0.615506530 -0.000447438 0.999811411 0.019416062 -1.694630146 0.002925772 -0.019414671 0.999807239 58.264759064
0.999997318 0.000703754 -0.002217888 0.628508806 -0.000659068 0.999798119 0.020084787 -1.708031893 0.002231575 -0.020083273 0.999795794 58.815204620
0.999997199 0.000780855 -0.002263309 0.631864905 -0.000735181 0.999797463 0.020111099 -1.706750512 0.002278554 -0.020109376 0.999795258 59.341167450
0.999998629 0.000940133 -0.001354359 0.633894563 -0.000913365 0.999806881 0.019631131 -1.716840267 0.001372554 -0.019629866 0.999806345 59.865470886
0.999995649 0.000470123 -0.002920697 0.655639052 -0.000410617 0.999792993 0.020341212 -1.722622514 0.002929656 -0.020339925 0.999788821 60.320945740
0.999996722 0.000650654 -0.002476918 0.651790321 -0.000600323 0.999794424 0.020266801 -1.728124261 0.002489597 -0.020265251 0.999791563 60.871280670
0.999996185 0.000451260 -0.002734828 0.677299201 -0.000396563 0.999800444 0.019967936 -1.736350775 0.002743292 -0.019966776 0.999796867 61.409103394
0.999996066 0.000710320 -0.002746783 0.697730601 -0.000655480 0.999801397 0.019914854 -1.719571114 0.002760383 -0.019912973 0.999797940 61.908649445
0.999995112 0.000583071 -0.003047100 0.681643724 -0.000520122 0.999787271 0.020618943 -1.758947253 0.003058474 -0.020617263 0.999782741 62.432971954
0.999995887 0.001588707 -0.002359876 0.682293892 -0.001540345 0.999791622 0.020355942 -1.758809566 0.002391724 -0.020352226 0.999790013 62.983718872
0.999995172 0.000468868 -0.003067122 0.694839895 -0.000404626 0.999781191 0.020912427 -1.769965529 0.003076256 -0.020911088 0.999776542 63.535060883
0.999993026 0.001029429 -0.003585031 0.714435458 -0.000954444 0.999781966 0.020855401 -1.778212667 0.003605720 -0.020851830 0.999776125 64.061714172
0.999995589 0.000062356 -0.002940708 0.697299123 -0.000002064 0.999789894 0.020498009 -1.766431689 0.002941368 -0.020497916 0.999785542 64.499847412
0.999996006 0.000521874 -0.002774737 0.719347835 -0.000463143 0.999776721 0.021125244 -1.783073664 0.002785143 -0.021123875 0.999772966 65.023895264
0.999996424 0.000187990 -0.002654664 0.717855215 -0.000134969 0.999800742 0.019958738 -1.770132542 0.002657887 -0.019958310 0.999797285 65.586166382
0.999997735 0.000690954 -0.001990377 0.737277865 -0.000650781 0.999797463 0.020113776 -1.771721482 0.002003871 -0.020112436 0.999795735 66.136955261
0.999994695 0.000998592 -0.003110686 0.774348199 -0.000935090 0.999792457 0.020349409 -1.772315621 0.003130361 -0.020346392 0.999788105 66.649566650
0.999992907 -0.000490634 -0.003732955 0.778603733 0.000566580 0.999792278 0.020371009 -1.793102860 0.003722185 -0.020372979 0.999785542 67.104980469
0.999993742 -0.000061601 -0.003537432 0.767064691 0.000132870 0.999796867 0.020150425 -1.798941135 0.003535473 -0.020150766 0.999790788 67.659568787
0.999992251 0.001340491 -0.003685215 0.804343104 -0.001271052 0.999822795 0.018780785 -1.793004036 0.003709737 -0.018775951 0.999816895 68.171073914
0.999991775 -0.000775653 -0.003970851 0.810673356 0.000850232 0.999822617 0.018814581 -1.785334229 0.003955553 -0.018817797 0.999815106 68.722442627
0.999990165 -0.000694490 -0.004375506 0.820848465 0.000781322 0.999802172 0.019874720 -1.801816702 0.004360837 -0.019877944 0.999792874 69.232406616
0.999994159 0.000260213 -0.003411334 0.827553213 -0.000190349 0.999790668 0.020464316 -1.819361687 0.003415943 -0.020463549 0.999784768 69.651611328
0.999996006 -0.000305697 -0.002821469 0.830193162 0.000366053 0.999770582 0.021415822 -1.831940174 0.002814276 -0.021416768 0.999766707 70.152542114
0.999994040 -0.000913601 -0.003340657 0.863357961 0.000980529 0.999797761 0.020088116 -1.832807779 0.003321628 -0.020091271 0.999792635 70.691116333
0.999992549 0.002214583 -0.003168437 0.885213017 -0.002148689 0.999784410 0.020651337 -1.859215260 0.003213488 -0.020644372 0.999781787 71.238128662
0.999991417 -0.000967912 -0.004025857 0.879689813 0.001050287 0.999789059 0.020510003 -1.825436711 0.004005156 -0.020514054 0.999781549 71.717361450
0.999987483 -0.002191267 -0.004493352 0.893113375 0.002283744 0.999783516 0.020679869 -1.829831481 0.004447063 -0.020689871 0.999776125 72.265579224
0.999989927 -0.002078932 -0.003964933 0.902838469 0.002159836 0.999787271 0.020511117 -1.834820509 0.003921449 -0.020519475 0.999781787 72.823280334
0.999990404 -0.001387925 -0.004175228 0.915391326 0.001470923 0.999800086 0.019941648 -1.835111380 0.004146717 -0.019947596 0.999792457 73.309028625
0.999980688 -0.002978797 -0.005447933 0.931771994 0.003088108 0.999791801 0.020167645 -1.836936951 0.005386724 -0.020184077 0.999781847 73.812751770
0.999991417 -0.001522595 -0.003841502 0.883411169 0.001600470 0.999791622 0.020350806 -1.834961057 0.003809715 -0.020356780 0.999785542 74.253150940
0.999988496 -0.002126435 -0.004310310 0.897727489 0.002213937 0.999789476 0.020398384 -1.838179588 0.004266027 -0.020407688 0.999782741 74.803634644
0.999982297 -0.002939143 -0.005177572 0.921052814 0.003040712 0.999800920 0.019719735 -1.834417939 0.005118584 -0.019735124 0.999792159 75.354362488
0.999980450 -0.003178927 -0.005398874 0.942725718 0.003289604 0.999781966 0.020616334 -1.857773900 0.005332161 -0.020633690 0.999772906 75.826309204
0.999989510 -0.001541611 -0.004308783 0.913120866 0.001630104 0.999786258 0.020610312 -1.844628692 0.004276089 -0.020617120 0.999778271 76.342323303
0.999990046 -0.001527557 -0.004186173 0.919286609 0.001613043 0.999788642 0.020494277 -1.842688680 0.004153983 -0.020500826 0.999781191 76.887847900
0.999988616 -0.001961244 -0.004341667 0.928294122 0.002050056 0.999786735 0.020546621 -1.849862933 0.004300445 -0.020555289 0.999779463 77.422775269
0.999986708 -0.001689700 -0.004863367 0.948417842 0.001787088 0.999796510 0.020090668 -1.851720095 0.004828431 -0.020099096 0.999786377 77.947105408
0.999995649 -0.001246617 -0.002640487 0.924836755 0.001301289 0.999782681 0.020805823 -1.855368137 0.002613976 -0.020809174 0.999780059 78.428169250
0.999999464 -0.000826385 -0.000561435 0.922393918 0.000837616 0.999793351 0.020308362 -1.863719225 0.000544538 -0.020308822 0.999793649 78.983505249
0.999998391 -0.001786288 -0.000149083 0.948937356 0.001788921 0.999796808 0.020077435 -1.870014191 0.000113189 -0.020077672 0.999798417 79.555168152
0.999998569 0.000565458 0.001582327 0.923269510 -0.000598314 0.999782622 0.020841671 -1.891698599 -0.001570197 -0.020842586 0.999781609 80.101753235
0.999991894 -0.001504762 0.003728151 0.940126181 0.001427045 0.999783337 0.020761840 -1.858153939 -0.003758586 -0.020756356 0.999777436 80.561988831
0.999973595 -0.001584325 0.007088462 0.966024876 0.001437954 0.999786675 0.020606719 -1.847954631 -0.007119598 -0.020595985 0.999762475 81.113250732
0.999949217 -0.001540703 0.009951035 0.997308552 0.001332933 0.999781728 0.020852212 -1.859005213 -0.009980989 -0.020837892 0.999733090 81.632766724
0.999897122 -0.001664707 0.014244473 1.022534609 0.001372306 0.999788702 0.020512531 -1.855939150 -0.014275610 -0.020490879 0.999688148 82.167678833
0.999787271 -0.000023752 0.020626778 1.061099529 -0.000421826 0.999766767 0.021597294 -1.896351576 -0.020622479 -0.021601401 0.999554038 82.629791260
0.999640048 -0.000859800 0.026811784 1.089785576 0.000296448 0.999779224 0.021008251 -1.907269120 -0.026823927 -0.020992748 0.999419689 83.139953613
0.999507904 -0.000660524 0.031360406 1.141178489 -0.000018222 0.999765873 0.021638189 -1.896546364 -0.031367362 -0.021628112 0.999273837 83.729560852
0.999198914 -0.002444930 0.039943125 1.131634235 0.001636998 0.999793589 0.020247236 -1.832430840 -0.039984383 -0.020165624 0.998996794 84.256675720
0.998823762 -0.001733733 0.048456185 1.195313454 0.000713537 0.999777794 0.021063359 -1.858005404 -0.048481941 -0.021004008 0.998603284 84.763427734
0.998437166 -0.002571679 0.055827074 1.215711832 0.001404184 0.999779642 0.020941874 -1.845242262 -0.055868626 -0.020830750 0.998220801 85.359642029
0.997930467 -0.003455079 0.064210102 1.270684242 0.002165251 0.999794722 0.020146357 -1.837413073 -0.064266518 -0.019965632 0.997732997 85.963050842
0.997198701 -0.002635267 0.074750632 1.342896461 0.001167472 0.999805748 0.019672785 -1.852432132 -0.074787974 -0.019530408 0.997008145 86.519889832
0.996509016 -0.004699746 0.083353549 1.368407726 0.003048137 0.999796748 0.019930704 -1.841753364 -0.083430268 -0.019607050 0.996320665 87.062316895
0.995868802 -0.003041112 0.090752900 1.530099869 0.001133836 0.999777615 0.021060305 -1.916228652 -0.090796754 -0.020870402 0.995650709 87.656761169
0.994719207 -0.002568827 0.102600954 1.490361214 0.000361827 0.999768376 0.021523355 -1.940239191 -0.102632478 -0.021372573 0.994489729 88.127685547
0.993599534 -0.002719440 0.112927042 1.577734947 0.000291069 0.999768496 0.021514818 -1.943646789 -0.112959415 -0.021344244 0.993370354 88.666213989
0.992539227 -0.003155804 0.121885009 1.667808533 0.000618428 0.999782383 0.020850003 -1.945694327 -0.121924296 -0.020619070 0.992325187 89.208297729
0.991094053 -0.002369400 0.133142680 1.764816284 -0.000548641 0.999760509 0.021875689 -1.950572371 -0.133162633 -0.021753913 0.990855455 89.773262024
0.989437640 -0.002764419 0.144933522 1.863480568 -0.000360286 0.999768198 0.021528900 -1.956623793 -0.144959450 -0.021353720 0.989207208 90.361526489
0.987784863 -0.003319990 0.155788079 1.949211121 0.000040370 0.999778390 0.021050250 -1.952713966 -0.155823439 -0.020786829 0.987566233 90.857582092
0.985826313 -0.000245608 0.167768896 1.970807076 -0.003622448 0.999734759 0.022749437 -1.959453821 -0.167730004 -0.023034729 0.985563815 91.432022095
0.983672380 -0.000440872 0.179968134 2.094736099 -0.003614867 0.999746919 0.022207288 -1.959112406 -0.179932415 -0.022495260 0.983421683 91.971176147
0.981477141 -0.001587831 0.191572160 2.239805222 -0.002824322 0.999737024 0.022756029 -1.973194838 -0.191557944 -0.022875583 0.981214643 92.510429382
0.979337752 -0.003217825 0.202205881 2.380762100 -0.001279761 0.999754786 0.022107935 -1.973190069 -0.202227443 -0.021909907 0.979093432 93.061866760
0.976801634 -0.003606684 0.214115724 2.563455582 -0.001197079 0.999750614 0.022301463 -2.006559134 -0.214142755 -0.022040419 0.976553679 93.543235779
0.973595083 -0.004331154 0.228240713 2.718097687 -0.000707539 0.999758005 0.021989781 -2.001119614 -0.228280723 -0.021570634 0.973356366 94.101371765
0.970398366 -0.003413098 0.241485700 2.766490936 -0.001662816 0.999782026 0.020812603 -1.883784294 -0.241504118 -0.020598061 0.970181167 94.785438538
0.967476189 -0.003542409 0.252937227 2.946538925 -0.001807558 0.999779582 0.020915847 -1.893924117 -0.252955616 -0.020692784 0.967256606 95.282600403
0.963881135 -0.003665514 0.266307682 3.134071350 -0.002060845 0.999772727 0.021220149 -1.919359922 -0.266324937 -0.021002522 0.963654399 95.731117249
0.960074544 -0.003157924 0.279726297 3.309883118 -0.002784973 0.999778867 0.020845408 -1.908957601 -0.279730201 -0.020792179 0.959853411 96.291976929
0.956903160 -0.005406987 0.290357083 3.497667313 -0.000708309 0.999780238 0.020952066 -1.929098487 -0.290406615 -0.020254765 0.956688881 96.893859863
0.952652156 -0.001779521 0.304057091 3.719421387 -0.005235674 0.999738693 0.022255132 -1.967110634 -0.304017216 -0.022793343 0.952393770 97.388107300
0.947456062 -0.001630699 0.319882065 3.875932693 -0.005654411 0.999745309 0.021844266 -1.941863537 -0.319836259 -0.022505227 0.947205544 98.053207397
0.943422496 -0.002161389 0.331585944 4.089380264 -0.005222060 0.999757826 0.021374473 -1.935450554 -0.331551820 -0.021896724 0.943182945 98.584342957
0.938898563 -0.001900805 0.344188690 4.286516190 -0.005800674 0.999755263 0.021344641 -1.948181629 -0.344145060 -0.022036977 0.938657820 99.075393677
0.933485985 -0.002340791 0.358606011 4.508205414 -0.005674969 0.999757051 0.021298381 -1.954079151 -0.358568758 -0.021916820 0.933246017 99.599533081
0.928837001 -0.002838160 0.370477676 4.731786728 -0.005831386 0.999734700 0.022278847 -1.977330923 -0.370442599 -0.022853818 0.928574085 100.153930664
0.924169719 -0.003267394 0.381968170 4.971473694 -0.004989105 0.999774814 0.020623278 -1.952407479 -0.381949544 -0.020965092 0.923945308 100.645820618
0.918276906 -0.003444595 0.395923734 5.228641510 -0.005388035 0.999760807 0.021194693 -1.964216232 -0.395902038 -0.021595849 0.918038785 101.115989685
0.912369847 -0.005072494 0.409335345 5.490940094 -0.003825782 0.999773920 0.020916529 -1.957888126 -0.409348905 -0.020649642 0.912144125 101.862823486
0.907484233 -0.004870402 0.420057982 5.738845825 -0.004524505 0.999761462 0.021366468 -1.966958761 -0.420061886 -0.021290287 0.907245696 102.343910217
0.901762724 -0.005785238 0.432192802 6.007980347 -0.003637613 0.999773383 0.020972565 -1.961901426 -0.432216197 -0.020484429 0.901537359 102.868461609
0.894992709 -0.006672596 0.446030885 6.272846222 -0.003237496 0.999764681 0.021452684 -1.984296322 -0.446069032 -0.020644020 0.894760370 103.339477539
0.888896227 -0.006271689 0.458065629 6.584358215 -0.003339987 0.999790967 0.020170210 -1.960328460 -0.458096355 -0.019459160 0.888689458 103.966827393
0.883138657 -0.006459451 0.469067544 6.859493256 -0.003327158 0.999793828 0.020032212 -1.961543918 -0.469100177 -0.019251885 0.882935047 104.443031311
0.875212848 -0.006257610 0.483697414 7.140197754 -0.003744710 0.999798715 0.019710194 -1.958992600 -0.483723372 -0.019061923 0.875013292 104.940902710
