1.000000000 0.000000000 0.000000000 0.000000000 0.000000000 1.000000000 0.000000000 0.000000000 0.000000000 0.000000000 1.000000000 0.000000000
1.000000000 0.000015641 0.000130592 -0.003361580 -0.000015614 1.000000000 -0.000208085 0.004352960 -0.000130596 0.000208083 0.999999940 0.004208380
1.000000000 0.000029971 0.000061999 -0.002331902 -0.000029962 1.000000000 -0.000133003 0.002313100 -0.000062003 0.000133001 1.000000000 0.000525079
0.999999940 0.000302938 0.000106669 0.000107247 -0.000302921 0.999999940 -0.000155475 0.003700398 -0.000106716 0.000155442 1.000000000 -0.001921338
1.000000000 0.000219884 0.000047917 0.002730627 -0.000219880 1.000000000 -0.000085374 0.001975728 -0.000047935 0.000085364 1.000000000 -0.001330621
1.000000000 0.000169327 0.000064565 0.000212071 -0.000169323 1.000000000 -0.000055945 0.002135228 -0.000064575 0.000055934 1.000000000 -0.001222096
1.000000000 0.000127837 0.000127193 -0.001796309 -0.000127824 1.000000000 -0.000097700 0.001943993 -0.000127205 0.000097684 1.000000000 -0.000790885
1.000000000 0.000011724 -0.000011203 0.000980985 -0.000011725 1.000000000 -0.000020453 0.001753663 0.000011203 0.000020453 1.000000000 -0.002465161
1.000000000 0.000085560 0.000168201 -0.005594369 -0.000085531 1.000000000 -0.000171129 0.003936416 -0.000168216 0.000171115 1.000000000 0.004230430
0.999999940 0.000213697 0.000232605 -0.004797196 -0.000213667 0.999999940 -0.000125960 0.002198517 -0.000232632 0.000125910 0.999999940 -0.001344000
0.999999940 0.000197673 0.000210676 -0.003928198 -0.000197637 0.999999940 -0.000170330 0.002306913 -0.000210710 0.000170289 0.999999940 -0.000657075
1.000000000 0.000155163 0.000079828 0.000040669 -0.000155157 1.000000000 -0.000081478 0.002298486 -0.000079841 0.000081465 1.000000000 -0.004767898
1.000000000 0.000117532 0.000197820 -0.005508121 -0.000117522 1.000000000 -0.000049469 0.000550596 -0.000197826 0.000049446 1.000000000 -0.003065171
1.000000000 0.000008128 0.000111874 -0.003063280 -0.000008115 1.000000000 -0.000117468 0.000554238 -0.000111874 0.000117467 1.000000000 -0.001868333
1.000000000 0.000087081 0.000091698 -0.000908402 -0.000087068 1.000000000 -0.000143129 0.002697920 -0.000091710 0.000143121 1.000000000 -0.003454197
1.000000000 -0.000195209 -0.000118064 0.002360112 0.000195205 1.000000000 -0.000032546 0.000780178 0.000118070 0.000032523 1.000000000 -0.006607614
1.000000000 -0.000239350 0.000006344 -0.002281750 0.000239351 0.999999940 -0.000120294 0.000679324 -0.000006315 0.000120296 1.000000000 -0.004772379
1.000000000 -0.000098968 0.000007029 0.000625427 0.000098968 1.000000000 -0.000018320 -0.000155447 -0.000007027 0.000018320 1.000000000 -0.007615996
1.000000000 0.000103183 -0.000002090 0.000038572 -0.000103183 1.000000000 0.000001609 0.002272533 0.000002090 -0.000001609 1.000000000 -0.007371070
1.000000000 -0.000112831 -0.000026184 -0.001224922 0.000112830 1.000000000 -0.000036827 -0.000485638 0.000026188 0.000036824 1.000000000 -0.007913219
1.000000000 -0.000017050 0.000060403 -0.001256134 0.000017057 1.000000000 -0.000105330 0.001257052 -0.000060401 0.000105331 1.000000000 -0.007135528
1.000000000 -0.000151326 0.000020467 0.000011232 0.000151326 1.000000000 -0.000025847 -0.000362660 -0.000020463 0.000025850 1.000000000 -0.003752050
1.000000000 0.000139144 0.000179271 -0.006270597 -0.000139105 0.999999940 -0.000214713 0.003845312 -0.000179301 0.000214688 0.999999940 0.004029503
1.000000000 -0.000083629 -0.000074045 0.000627805 0.000083621 1.000000000 -0.000111370 0.000833232 0.000074055 0.000111364 1.000000000 0.000788669
1.000000000 -0.000019721 0.000029154 -0.001162640 0.000019721 1.000000000 -0.000007369 0.002028626 -0.000029154 0.000007369 1.000000000 0.000026171
1.000000000 0.000019631 -0.000043987 0.002545350 -0.000019637 1.000000000 -0.000143196 0.003237310 0.000043985 0.000143197 1.000000000 -0.006940813
1.000000000 -0.000010712 0.000117171 -0.003325157 0.000010731 1.000000000 -0.000164474 0.003150303 -0.000117169 0.000164475 1.000000000 -0.001448719
0.999999940 0.000255199 0.000203277 -0.005261107 -0.000255159 0.999999940 -0.000196942 0.003089118 -0.000203328 0.000196891 0.999999940 -0.000110796
1.000000000 0.000016218 0.000100516 -0.003101697 -0.000016215 1.000000000 -0.000034476 0.002003646 -0.000100516 0.000034475 1.000000000 -0.001147773
1.000000000 -0.000195845 0.000015023 -0.004722166 0.000195848 0.999999940 -0.000170030 0.006101206 -0.000014990 0.000170033 1.000000000 0.003095597
1.000000000 -0.000109100 0.000018416 -0.002498512 0.000109102 1.000000000 -0.000064857 0.002225867 -0.000018409 0.000064859 1.000000000 -0.001396028
1.000000000 -0.000119929 0.000117235 -0.003607024 0.000119925 1.000000000 0.000038770 0.000978814 -0.000117240 -0.000038756 1.000000000 0.000424328
1.000000000 -0.000197574 0.000064393 -0.003800014 0.000197573 1.000000000 0.000023401 0.001045853 -0.000064398 -0.000023388 1.000000000 -0.004526078
1.000000000 -0.000132739 0.000005371 -0.002915453 0.000132739 1.000000000 -0.000009189 0.001973683 -0.000005370 0.000009190 1.000000000 -0.002043240
1.000000000 0.000083198 0.000063134 -0.003889445 -0.000083188 1.000000000 -0.000159459 0.001839764 -0.000063147 0.000159454 1.000000000 -0.000074038
1.000000000 0.000068200 0.000116895 -0.004779248 -0.000068188 1.000000000 -0.000098916 0.002909556 -0.000116901 0.000098909 1.000000000 0.000470789
1.000000000 -0.000125422 -0.000170139 0.003253572 0.000125445 1.000000000 0.000139826 -0.000638681 0.000170121 -0.000139848 1.000000000 -0.013010842
1.000000000 -0.000000247 0.000069263 -0.003692881 0.000000264 0.999999940 -0.000251772 0.004315265 -0.000069263 0.000251772 0.999999940 0.001454380
1.000000000 -0.000168450 0.000070424 -0.002773756 0.000168451 1.000000000 -0.000024834 0.001950363 -0.000070420 0.000024846 1.000000000 -0.000591505
1.000000000 -0.000031196 -0.000048763 0.001202410 0.000031205 1.000000000 0.000170238 -0.001087140 0.000048757 -0.000170239 1.000000000 -0.008790986
0.999999940 -0.000264218 -0.000126383 0.000341788 0.000264220 0.999999940 0.000017347 -0.001015838 0.000126378 -0.000017380 1.000000000 -0.001057981
1.000000000 0.000063786 0.000088344 0.002011270 -0.000063728 0.999999762 -0.000652907 -0.003652445 -0.000088386 0.000652901 0.999999762 0.049106572
1.000000000 0.000027810 -0.000015462 -0.000338468 -0.000027835 0.999998748 -0.001569348 0.001018693 0.000015418 0.001569348 0.999998748 0.147986695
1.000000000 -0.000060825 -0.000084370 0.004526968 0.000060694 0.999998808 -0.001556361 -0.007696261 0.000084464 0.001556356 0.999998808 0.263084769
1.000000000 -0.000221531 0.000023549 0.002522155 0.000221564 0.999998987 -0.001395238 -0.012308855 -0.000023240 0.001395244 0.999999046 0.395838141
1.000000000 0.000045701 -0.000074587 0.004872158 -0.000045790 0.999999285 -0.001194281 -0.017419558 0.000074532 0.001194284 0.999999285 0.537871420
1.000000000 0.000002039 0.000178145 0.006083468 -0.000001866 0.999999523 -0.000971155 -0.031392105 -0.000178146 0.000971155 0.999999523 0.680527925
0.999999881 -0.000446739 -0.000012641 0.020222990 0.000446732 0.999999702 -0.000588012 -0.032271020 0.000012904 0.000588006 0.999999821 0.847048044
0.999999940 -0.000191637 -0.000167075 0.023307947 0.000191540 0.999999821 -0.000575684 -0.037157118 0.000167186 0.000575652 0.999999821 1.030835629
0.999999940 -0.000052266 0.000268827 0.012602491 0.000052461 0.999999762 -0.000728156 -0.038828313 -0.000268789 0.000728170 0.999999702 1.213908315
0.999999940 -0.000396599 -0.000113899 0.032062110 0.000396538 0.999999762 -0.000536075 -0.045176730 0.000114112 0.000536030 0.999999821 1.417885423
0.999999583 -0.000489938 -0.000775364 0.048963986 0.000489641 0.999999821 -0.000382446 -0.051426612 0.000775551 0.000382067 0.999999642 1.604329586
0.999998212 0.000001427 0.001891705 -0.004991292 -0.000001077 1.000000000 -0.000185361 -0.057227474 -0.001891705 0.000185359 0.999998212 1.689515471
0.999998033 -0.000357885 0.001966863 0.001611935 0.000357701 0.999999940 0.000094225 -0.063818797 -0.001966896 -0.000093521 0.999998093 1.896328330
0.999998510 0.000192025 0.001709870 0.007068095 -0.000191729 0.999999881 -0.000173781 -0.071212679 -0.001709903 0.000173453 0.999998450 2.089022160
0.999998629 0.000436579 0.001603030 0.013866179 -0.000436588 0.999999940 0.000005186 -0.077173583 -0.001603027 -0.000005885 0.999998748 2.308851719
0.999998033 0.000679984 0.001850665 0.007543320 -0.000680175 0.999999762 0.000102841 -0.085724697 -0.001850595 -0.000104100 0.999998331 2.539762020
0.999995887 0.001354022 0.002511198 0.009713696 -0.001354508 0.999999046 0.000191980 -0.092155010 -0.002510935 -0.000195380 0.999996841 2.777552843
0.999998033 0.000393912 0.001900039 0.022061722 -0.000394875 0.999999762 0.000506460 -0.104428962 -0.001899839 -0.000507210 0.999998093 2.986130953
0.999996722 0.000969156 0.002343991 0.016185822 -0.000969461 0.999999523 0.000128970 -0.106340133 -0.002343865 -0.000131242 0.999997258 3.246181250
0.999997377 0.000624526 0.002192882 0.024970345 -0.000625230 0.999999821 0.000320636 -0.112047240 -0.002192681 -0.000322006 0.999997556 3.482704401
0.999996543 0.001630129 0.002051579 0.055045649 -0.001629991 0.999998748 -0.000069261 -0.103288449 -0.002051689 0.000065917 0.999997973 3.759912729
0.999998450 -0.001631667 0.000666836 0.059948709 0.001631117 0.999998331 0.000825407 -0.142515346 -0.000668182 -0.000824318 0.999999464 4.012632370
0.999998927 -0.001261680 0.000678248 0.060576096 0.001260789 0.999998331 0.001312047 -0.153277084 -0.000679902 -0.001311191 0.999998927 4.265523434
0.999998569 -0.001308823 0.001059472 0.062279407 0.001307478 0.999998391 0.001269090 -0.165365860 -0.001061131 -0.001267703 0.999998629 4.514698505
0.999996126 -0.002681775 -0.000755799 0.091571309 0.002682840 0.999995351 0.001411655 -0.172305703 0.000752009 -0.001413677 0.999998689 4.804948330
0.999995232 -0.003061907 -0.000593019 0.089043804 0.003062721 0.999994338 0.001375999 -0.182786599 0.000588802 -0.001377809 0.999998868 5.061018944
0.999995232 -0.002910791 -0.001016396 0.102171876 0.002912224 0.999994755 0.001411149 -0.186914742 0.001012283 -0.001414102 0.999998450 5.336073875
0.999995172 -0.002983268 -0.000827538 0.103017248 0.002984284 0.999994695 0.001229068 -0.199480087 0.000823867 -0.001231532 0.999998868 5.591812134
0.999994814 -0.003098175 -0.000802641 0.111016706 0.003099429 0.999993920 0.001564998 -0.214712396 0.000797788 -0.001567478 0.999998450 5.885036469
0.999998391 -0.001768824 0.000235477 0.098741017 0.001768545 0.999997735 0.001179690 -0.209926635 -0.000237563 -0.001179271 0.999999285 6.134801865
0.999997914 -0.002046738 0.000200741 0.100472122 0.002046505 0.999997199 0.001158144 -0.216039643 -0.000203111 -0.001157731 0.999999344 6.426852703
0.999998569 -0.001672689 0.000206566 0.112124056 0.001672486 0.999998093 0.000975943 -0.219491273 -0.000208198 -0.000975596 0.999999523 6.716448307
0.999997258 -0.002316885 0.000188278 0.118692502 0.002316747 0.999997079 0.000725615 -0.223030865 -0.000189959 -0.000725177 0.999999702 7.013155937
0.999996781 -0.002465848 0.000446028 0.126646206 0.002465349 0.999996305 0.001116171 -0.244874299 -0.000448779 -0.001115068 0.999999285 7.298536777
0.999995887 -0.002843856 -0.000593115 0.111117788 0.002844405 0.999995530 0.000925898 -0.248335019 0.000590479 -0.000927581 0.999999404 7.655336380
0.999996066 -0.002779426 -0.000392408 0.120392032 0.002780007 0.999994993 0.001486909 -0.262662470 0.000388273 -0.001487994 0.999998808 7.978827953
0.999995351 -0.003002887 -0.000393743 0.118687324 0.003003386 0.999994695 0.001272442 -0.270087481 0.000389920 -0.001273619 0.999999106 8.302815437
0.999995351 -0.002954426 -0.000706195 0.126838535 0.002955066 0.999995172 0.000905480 -0.274167478 0.000703517 -0.000907562 0.999999285 8.636324883
0.999996841 -0.002496753 -0.000288587 0.132503092 0.002497130 0.999996006 0.001311870 -0.284125060 0.000285310 -0.001312586 0.999999106 8.952754974
0.999995351 -0.003039530 -0.000261236 0.145225897 0.003039895 0.999994397 0.001409092 -0.296186626 0.000256951 -0.001409880 0.999998987 9.293765068
0.999991059 -0.004182007 -0.000550375 0.141377270 0.004182854 0.999989986 0.001547189 -0.316490799 0.000543900 -0.001549477 0.999998629 9.657616615
0.999991417 -0.004074421 -0.000789827 0.152289703 0.004075488 0.999990761 0.001353991 -0.327034920 0.000784303 -0.001357198 0.999998748 10.002612114
0.999993443 -0.003610514 -0.000454314 0.148643211 0.003611229 0.999992192 0.001580890 -0.342613280 0.000448603 -0.001582520 0.999998569 10.373185158
0.999991596 -0.004092525 -0.000260818 0.150342420 0.004092988 0.999989927 0.001802338 -0.350115478 0.000253439 -0.001803391 0.999998271 10.736986160
0.999992073 -0.003967349 -0.000288808 0.165096760 0.003967919 0.999990046 0.001999791 -0.354250759 0.000280872 -0.002000921 0.999997914 11.126304626
0.999991894 -0.004041739 0.000008430 0.162145317 0.004041710 0.999989331 0.002235595 -0.376026005 -0.000017465 -0.002235543 0.999997437 11.498703957
0.999988854 -0.004716040 0.000156173 0.175568506 0.004715789 0.999987662 0.001568041 -0.391387612 -0.000163566 -0.001567287 0.999998748 11.779391289
0.999987543 -0.004992060 -0.000116821 0.189389512 0.004992276 0.999985635 0.001933243 -0.407341450 0.000107168 -0.001933802 0.999998152 12.156250954
0.999990046 -0.004446971 0.000244436 0.198564783 0.004446511 0.999988377 0.001851825 -0.417343676 -0.000252668 -0.001850720 0.999998212 12.543831825
0.999985695 -0.005317071 -0.000307370 0.222283036 0.005317617 0.999984205 0.001807220 -0.423055857 0.000297756 -0.001808829 0.999998331 12.942028999
0.999982655 -0.005852040 -0.000555817 0.230450124 0.005853503 0.999979377 0.002669842 -0.439480871 0.000540181 -0.002673049 0.999996245 13.320517540
0.999990642 -0.004326486 0.000268041 0.234493092 0.004325918 0.999988556 0.002081933 -0.443848640 -0.000277046 -0.002080754 0.999997735 13.747147560
0.999992549 -0.003822138 0.000385833 0.248806149 0.003821156 0.999989569 0.002511518 -0.463693708 -0.000395428 -0.002510025 0.999996781 14.142322540
0.999986291 -0.005225388 -0.000117891 0.258932471 0.005225685 0.999982774 0.002683556 -0.501420081 0.000103866 -0.002684136 0.999996305 14.551709175
0.999986529 -0.005196325 0.000200925 0.271931797 0.005195688 0.999981880 0.003055551 -0.514986157 -0.000216799 -0.003054465 0.999995291 14.953267097
0.999984562 -0.005556401 -0.000015726 0.283739954 0.005556422 0.999978244 0.003578822 -0.531163216 -0.000004159 -0.003578854 0.999993622 15.379056931
0.999987245 -0.004998060 0.000765535 0.292006195 0.004995453 0.999981880 0.003370760 -0.545593798 -0.000782368 -0.003366893 0.999994040 15.817901611
0.999992728 -0.003457624 0.001569424 0.270556629 0.003451668 0.999987006 0.003781761 -0.562019587 -0.001582480 -0.003776317 0.999991596 16.319570541
0.999985337 -0.005357929 0.000695065 0.319261730 0.005355335 0.999978900 0.003679460 -0.564861298 -0.000714765 -0.003675685 0.999992967 16.752155304
0.999989271 -0.004246227 0.001849578 0.301211536 0.004239095 0.999983668 0.003843107 -0.583610296 -0.001865866 -0.003835225 0.999990940 17.141548157
0.999988735 -0.004544297 0.001358909 0.328394949 0.004538930 0.999982059 0.003926666 -0.604044974 -0.001376729 -0.003920454 0.999991357 17.691425323
0.999978244 -0.006414170 0.001526887 0.316569656 0.006408233 0.999971986 0.003861699 -0.658624828 -0.001551614 -0.003851829 0.999991357 18.112262726
0.999971807 -0.007346103 0.001561288 0.335032374 0.007339028 0.999962986 0.004489865 -0.670613587 -0.001594213 -0.004478280 0.999988616 18.584560394
0.999975383 -0.006847593 0.001533240 0.345883101 0.006840141 0.999965072 0.004813059 -0.690133452 -0.001566144 -0.004802453 0.999987245 19.034799576
0.999977112 -0.006566020 0.001646904 0.364670217 0.006558448 0.999968112 0.004562100 -0.697463930 -0.001676806 -0.004551194 0.999988258 19.521678925
0.999981105 -0.005951842 0.001551174 0.369364202 0.005944197 0.999970376 0.004887836 -0.715152442 -0.001580220 -0.004878523 0.999986827 19.998008728
0.999979675 -0.006164550 0.001641178 0.375731140 0.006155748 0.999966919 0.005315509 -0.732019186 -0.001673891 -0.005305297 0.999984503 20.476484299
0.999972641 -0.007288043 0.001250773 0.392858475 0.007281446 0.999959946 0.005200253 -0.758652151 -0.001288622 -0.005191005 0.999985635 21.037847519
0.999978423 -0.006493802 0.000987801 0.397543430 0.006488321 0.999963999 0.005454840 -0.765249431 -0.001023188 -0.005448312 0.999984562 21.548461914
0.999978721 -0.006496074 0.000576397 0.401709825 0.006492461 0.999960482 0.006063086 -0.791699409 -0.000615760 -0.006059214 0.999981463 22.068389893
0.999976516 -0.006830772 0.000563651 0.387234658 0.006827163 0.999957681 0.006173480 -0.812195718 -0.000605797 -0.006169487 0.999980807 22.581939697
0.999961257 -0.008761903 -0.000892999 0.398825049 0.008766648 0.999946594 0.005456047 -0.811723232 0.000845146 -0.005463664 0.999984741 23.067255020
0.999950290 -0.009843485 -0.001550146 0.422728419 0.009852854 0.999932528 0.006156791 -0.852127254 0.001489436 -0.006171759 0.999979854 23.533300400
0.999943495 -0.010442942 -0.001992531 0.425272048 0.010454821 0.999927044 0.006047087 -0.864601135 0.001929236 -0.006067577 0.999979794 24.073326111
0.999955118 -0.009113927 -0.002570696 0.424035609 0.009129923 0.999938607 0.006280031 -0.881027341 0.002513302 -0.006303219 0.999977052 24.604328156
0.999936521 -0.010737911 -0.003404504 0.455520689 0.010760398 0.999919891 0.006656706 -0.896824479 0.003332753 -0.006692916 0.999972045 25.119945526
0.999953687 -0.009066765 -0.003218519 0.386800438 0.009088077 0.999936402 0.006669711 -0.942906260 0.003157842 -0.006698652 0.999972582 25.645030975
0.999940872 -0.009999633 -0.004258887 0.399542809 0.010027224 0.999928534 0.006507443 -0.952380776 0.004193511 -0.006549764 0.999969780 26.196290970
0.999927044 -0.011046929 -0.004876146 0.413426846 0.011082822 0.999911308 0.007396697 -0.959922731 0.004794002 -0.007450199 0.999960780 26.739562988
0.999940276 -0.010018084 -0.004357950 0.374280185 0.010054369 0.999914348 0.008385078 -1.016326785 0.004273574 -0.008428394 0.999955416 27.283712387
0.999951899 -0.008725967 -0.004473941 0.387236416 0.008764727 0.999923646 0.008718641 -1.036592245 0.004397521 -0.008757435 0.999952018 27.867666245
0.999948442 -0.008698054 -0.005266000 0.423530519 0.008740121 0.999929786 0.008018980 -1.008781075 0.005195881 -0.008064592 0.999953926 28.348815918
0.999941647 -0.009153460 -0.005742142 0.429887474 0.009201393 0.999922633 0.008377474 -1.029187560 0.005665015 -0.008429822 0.999948442 28.903392792
0.999928594 -0.010347106 -0.005976720 0.426509887 0.010399423 0.999907315 0.008789791 -1.055983901 0.005885216 -0.008851319 0.999943495 29.462827682
0.999931455 -0.009861247 -0.006311651 0.421157062 0.009916647 0.999912143 0.008807506 -1.063905358 0.006224242 -0.008869492 0.999941349 29.997125626
0.999889731 -0.012510869 -0.008002089 0.483541191 0.012586217 0.999876320 0.009436151 -1.069671869 0.007883044 -0.009535827 0.999923468 30.541944504
0.999934494 -0.008866866 -0.007230877 0.455795169 0.008932286 0.999918997 0.009065523 -1.122404814 0.007149907 -0.009129520 0.999932766 31.044998169
0.999936640 -0.008545541 -0.007327543 0.463776350 0.008614796 0.999918044 0.009472475 -1.139388442 0.007245995 -0.009535001 0.999928236 31.585678101
0.999929667 -0.009273515 -0.007396223 0.477914751 0.009339740 0.999916077 0.008969982 -1.154868126 0.007312421 -0.009038431 0.999932349 32.156673431
0.999924660 -0.009487433 -0.007786997 0.461113662 0.009559453 0.999911427 0.009264089 -1.153988361 0.007698416 -0.009337830 0.999926686 32.680881500
0.999937713 -0.008617664 -0.007085508 0.440145314 0.008687399 0.999913514 0.009870831 -1.183192492 0.006999832 -0.009931768 0.999926150 33.195831299
0.999937594 -0.008296887 -0.007473609 0.437519819 0.008367386 0.999920249 0.009451374 -1.157603264 0.007394596 -0.009513318 0.999927402 33.642765045
0.999933720 -0.008658029 -0.007588414 0.477982014 0.008736745 0.999907732 0.010402035 -1.185166240 0.007497652 -0.010467642 0.999917030 34.207744598
0.999932408 -0.008201963 -0.008236536 0.472254038 0.008280745 0.999919772 0.009576745 -1.212555170 0.008157327 -0.009644301 0.999920249 34.769119263
0.999927521 -0.008210576 -0.008802272 0.485388428 0.008298882 0.999915063 0.010043079 -1.220843554 0.008719066 -0.010115400 0.999910831 35.314281464
0.999928594 -0.008311555 -0.008587969 0.481630772 0.008400758 0.999910593 0.010403699 -1.243637204 0.008500730 -0.010475102 0.999909103 35.846782684
0.999934912 -0.007516087 -0.008586125 0.481126308 0.007601996 0.999920905 0.010017167 -1.248801708 0.008510157 -0.010081788 0.999912977 36.382190704
0.999941230 -0.006844189 -0.008397988 0.495582342 0.006930413 0.999923110 0.010281472 -1.270670414 0.008326974 -0.010339072 0.999911904 36.910804749
0.999924719 -0.008753736 -0.008600548 0.493092746 0.008834777 0.999916494 0.009430516 -1.262603641 0.008517278 -0.009505791 0.999918580 37.485637665
0.999931872 -0.007526004 -0.008920697 0.504884720 0.007617237 0.999918520 0.010237635 -1.300594330 0.008842924 -0.010304890 0.999907792 38.030483246
0.999916434 -0.008846987 -0.009419066 0.513016462 0.008943307 0.999907613 0.010233640 -1.294477820 0.009327660 -0.010317023 0.999903321 38.570953369
0.999918222 -0.008342527 -0.009685234 0.543094516 0.008439983 0.999913752 0.010065494 -1.338165164 0.009600427 -0.010146417 0.999902487 39.136207581
0.999914885 -0.009369775 -0.009079977 0.455072492 0.009467877 0.999896586 0.010821938 -1.332050204 0.008977639 -0.010906984 0.999900222 39.610660553
0.999907911 -0.010081302 -0.009090049 0.458509386 0.010182490 0.999885917 0.011154807 -1.353082180 0.008976559 -0.011246342 0.999896467 40.144077301
0.999914110 -0.009447874 -0.009090072 0.468217760 0.009547297 0.999894381 0.010957008 -1.358731985 0.008985592 -0.011042854 0.999898672 40.696464539
0.999916852 -0.008768253 -0.009455027 0.489225984 0.008872925 0.999899209 0.011085748 -1.384926558 0.009356872 -0.011168719 0.999893844 41.270595551
0.999917448 -0.009203861 -0.008968737 0.479554445 0.009306193 0.999891281 0.011435489 -1.390785813 0.008862512 -0.011518009 0.999894440 41.790390015
0.999906123 -0.009282785 -0.010080499 0.507324994 0.009389372 0.999900043 0.010578077 -1.387271881 0.009981299 -0.010671735 0.999893248 42.360153198
0.999900579 -0.009862825 -0.010074365 0.502292335 0.009971020 0.999892592 0.010746404 -1.386944294 0.009967292 -0.010845788 0.999891520 42.901134491
0.999902606 -0.010095411 -0.009639356 0.516912758 0.010204718 0.999883473 0.011358519 -1.422948837 0.009523565 -0.011455781 0.999889016 43.441444397
0.999904990 -0.010005724 -0.009479044 0.517628849 0.010112780 0.999884903 0.011314093 -1.437838316 0.009364747 -0.011408879 0.999891102 43.943134308
0.999894321 -0.010698384 -0.009844593 0.519980550 0.010820247 0.999864459 0.012409694 -1.446841002 0.009710496 -0.012514900 0.999874532 44.312511444
0.999902785 -0.009698457 -0.010017219 0.528796315 0.009812429 0.999887049 0.011391860 -1.443574429 0.009905604 -0.011489046 0.999884903 44.869808197
0.999886453 -0.010693259 -0.010618018 0.539556265 0.010827979 0.999860525 0.012712424 -1.461786985 0.010480600 -0.012825952 0.999862790 45.390769958
0.999881029 -0.011018216 -0.010797410 0.545651555 0.011159347 0.999851882 0.013099056 -1.475019932 0.010651483 -0.013217990 0.999855876 45.908416748
0.999891877 -0.010924382 -0.009850099 0.515859246 0.011044244 0.999864578 0.012197495 -1.468943000 0.009715517 -0.012304964 0.999877036 46.503173828
0.999880373 -0.011088106 -0.010784698 0.554785192 0.011221271 0.999860525 0.012366596 -1.504392624 0.010646069 -0.012486135 0.999865413 47.072200775
0.999913871 -0.008666797 -0.009846378 0.551723897 0.008786537 0.999887109 0.012183269 -1.500597835 0.009739676 -0.012268735 0.999877334 47.593502045
0.999879181 -0.011810984 -0.010111301 0.527564108 0.011939502 0.999847412 0.012745702 -1.503534794 0.009959220 -0.012864885 0.999867618 48.134651184
0.999898970 -0.010159948 -0.009935891 0.472069532 0.010293503 0.999856114 0.013484326 -1.583259106 0.009797461 -0.013585241 0.999859631 48.654384613
0.999895692 -0.010387161 -0.010032332 0.482666612 0.010522115 0.999853671 0.013494315 -1.591116309 0.009890695 -0.013598469 0.999858558 49.203639984
0.999885738 -0.010814562 -0.010563924 0.490616024 0.010951978 0.999854982 0.013037949 -1.595532656 0.010421395 -0.013152153 0.999859095 49.764350891
0.999895036 -0.010418785 -0.010069152 0.494858623 0.010543429 0.999867439 0.012406116 -1.591294646 0.009938559 -0.012510977 0.999872327 50.343349457
0.999904513 -0.009854804 -0.009689331 0.507007122 0.009982331 0.999863029 0.013202508 -1.604849935 0.009557896 -0.013297970 0.999865830 50.844486237
0.999891341 -0.010976883 -0.009837170 0.536730170 0.011106494 0.999850929 0.013219377 -1.598724604 0.009690595 -0.013327197 0.999864161 51.362133026
0.999912202 -0.008831998 -0.009875203 0.488054514 0.008974918 0.999854267 0.014523098 -1.666156530 0.009745495 -0.014610454 0.999845743 51.783245087
0.999905288 -0.009774664 -0.009689379 0.503321469 0.009911968 0.999849737 0.014225457 -1.665223241 0.009548874 -0.014320153 0.999851823 52.331645966
0.999908328 -0.009731639 -0.009415493 0.482352883 0.009868295 0.999845028 0.014578041 -1.689872742 0.009272166 -0.014669620 0.999849379 52.863273621
0.999917984 -0.009673846 -0.008394754 0.435758144 0.009803886 0.999830425 0.015590135 -1.731862545 0.008242512 -0.015671156 0.999843180 53.362941742
0.999929130 -0.008479459 -0.008362032 0.426353186 0.008606805 0.999845684 0.015312429 -1.699324608 0.008230901 -0.015383312 0.999847710 53.938762665
0.999920547 -0.008800795 -0.009030590 0.409228951 0.008937310 0.999844611 0.015189642 -1.704094291 0.008895505 -0.015269144 0.999843836 54.472709656
0.999923050 -0.008602880 -0.008938882 0.433932185 0.008725401 0.999867260 0.013759264 -1.700892806 0.008819326 -0.013836199 0.999865294 55.206378937
0.999912202 -0.009919041 -0.008793572 0.430680066 0.010051932 0.999833941 0.015199329 -1.727562428 0.008641348 -0.015286387 0.999845743 55.693866730
0.999928951 -0.008500250 -0.008355065 0.370608896 0.008631816 0.999837220 0.015839210 -1.755019426 0.008219069 -0.015910203 0.999839664 56.094169617
0.999923587 -0.008940657 -0.008536032 0.380350292 0.009077880 0.999827862 0.016174829 -1.761498690 0.008389950 -0.016251083 0.999832749 56.628433228
0.999921679 -0.009060785 -0.008626245 0.386515915 0.009199986 0.999825835 0.016236532 -1.778417349 0.008477626 -0.016314624 0.999830961 57.204486847
0.999934196 -0.008390157 -0.007817976 0.380012274 0.008518804 0.999826431 0.016570263 -1.783084154 0.007677591 -0.016635776 0.999832153 57.770011902
0.999930024 -0.008847282 -0.007847136 0.394875795 0.008974637 0.999826133 0.016345883 -1.776042700 0.007701154 -0.016415166 0.999835610 58.305732727
0.999931216 -0.008544628 -0.008029208 0.354510009 0.008682531 0.999812603 0.017300325 -1.805685163 0.007879877 -0.017368851 0.999818146 58.760803223
0.999945462 -0.007984170 -0.006718344 0.369619071 0.008107034 0.999796629 0.018463977 -1.834038377 0.006569556 -0.018517436 0.999807060 59.251560211
0.999925077 -0.008969953 -0.008316694 0.366610944 0.009118502 0.999796391 0.017999219 -1.834997058 0.008153548 -0.018073708 0.999803424 59.948623657
0.999924183 -0.009076427 -0.008319235 0.286928117 0.009220874 0.999804497 0.017492138 -1.831782103 0.008158845 -0.017567523 0.999812365 60.361232758
0.999915838 -0.009297732 -0.009051966 0.312535405 0.009457193 0.999797940 0.017735668 -1.841270089 0.008885236 -0.017819781 0.999801755 60.889629364
0.999922633 -0.009043518 -0.008538178 0.283193111 0.009190653 0.999807179 0.017353786 -1.832503915 0.008379593 -0.017430918 0.999812961 61.440357208
0.999915242 -0.009391372 -0.009013806 0.283585489 0.009557114 0.999782741 0.018524146 -1.855257154 0.008837879 -0.018608727 0.999787807 62.014636993
0.999917209 -0.009570015 -0.008600086 0.192939103 0.009720392 0.999797523 0.017617352 -1.817292094 0.008429746 -0.017699489 0.999807835 62.509368896
0.999921501 -0.009396693 -0.008290340 0.262266576 0.009543885 0.999794304 0.017897559 -1.884633541 0.008120457 -0.017975276 0.999805450 63.126266479
0.999925852 -0.009117759 -0.008074529 0.266339839 0.009263555 0.999791384 0.018207029 -1.888485670 0.007906836 -0.018280476 0.999801636 63.683765411
0.999919713 -0.009646709 -0.008220620 0.260885537 0.009800375 0.999774098 0.018862113 -1.905515909 0.008036805 -0.018941164 0.999788344 64.219032288
0.999923527 -0.008873560 -0.008619965 0.284199953 0.009033433 0.999784648 0.018688424 -1.908885956 0.008452275 -0.018764863 0.999788225 64.772941589
0.999911189 -0.009885463 -0.008944435 0.310495436 0.010046314 0.999785364 0.018121023 -1.900720119 0.008763378 -0.018209273 0.999795854 65.350517273
0.999908805 -0.010127918 -0.008939332 0.322535574 0.010292327 0.999775171 0.018541481 -1.931286097 0.008749534 -0.018631795 0.999788165 65.921714783
0.999925196 -0.009321226 -0.007932771 0.250419676 0.009468099 0.999780595 0.018683193 -1.979615331 0.007756882 -0.018756906 0.999794006 66.458633423
0.999936163 -0.008568721 -0.007366723 0.246626228 0.008704905 0.999788105 0.018657617 -1.987430215 0.007205291 -0.018720554 0.999798834 67.019485474
0.999926150 -0.009354160 -0.007765301 0.258983910 0.009499736 0.999775708 0.018926509 -1.989869595 0.007586520 -0.018998878 0.999790728 67.581024170
0.999920905 -0.009452668 -0.008283059 0.297097206 0.009606618 0.999778092 0.018747697 -1.984636903 0.008104006 -0.018825788 0.999789953 68.154502869
0.999919653 -0.009357965 -0.008547289 0.302027643 0.009526310 0.999757111 0.019872209 -2.025442123 0.008359251 -0.019952038 0.999765992 68.704856873
0.999936044 -0.008340284 -0.007636177 0.286155403 0.008485957 0.999778748 0.019247258 -2.017537594 0.007473961 -0.019310830 0.999785602 69.223823547
0.999950051 -0.007579150 -0.006513261 0.204523027 0.007708429 0.999769092 0.020058116 -2.072494984 0.006359732 -0.020107321 0.999777615 69.702751160
0.999951243 -0.007354172 -0.006591970 0.221682459 0.007481975 0.999780416 0.019577174 -2.069577217 0.006446548 -0.019625537 0.999786615 70.277000427
0.999946058 -0.007509678 -0.007172234 0.307629764 0.007660252 0.999745846 0.021202521 -2.099859715 0.007011186 -0.021256320 0.999749541 70.733589172
0.999948442 -0.007863315 -0.006420850 0.258875161 0.007990195 0.999768376 0.019980218 -2.093124390 0.006262254 -0.020030495 0.999779761 71.352790833
0.999949574 -0.006873700 -0.007316208 0.326080084 0.007023717 0.999761462 0.020680543 -2.145020962 0.007172310 -0.020730888 0.999759436 71.833915710
0.999963284 -0.006227738 -0.005883615 0.257607102 0.006349741 0.999760449 0.020950310 -2.160182238 0.005751732 -0.020986900 0.999763191 72.370590210
0.999965847 -0.006375581 -0.005255457 0.263082802 0.006483258 0.999764025 0.020732967 -2.160005569 0.005122032 -0.020766336 0.999771178 72.927467346
0.999974310 -0.005014923 -0.005131169 0.269712687 0.005120472 0.999771118 0.020768026 -2.167798519 0.005025844 -0.020793764 0.999771118 73.479385376
0.999967158 -0.006111805 -0.005315354 0.297257632 0.006222541 0.999758482 0.021072155 -2.185150146 0.005185282 -0.021104539 0.999763787 74.026573181
0.999976814 -0.004861986 -0.004783492 0.337787092 0.004961784 0.999765515 0.021077141 -2.204776764 0.004679894 -0.021100387 0.999766409 74.516822815
0.999966323 -0.005892122 -0.005713541 0.266122788 0.006012754 0.999754369 0.021331273 -2.173328400 0.005586451 -0.021364909 0.999756157 75.037292480
0.999963522 -0.006206519 -0.005871944 0.281599075 0.006329526 0.999755919 0.021166965 -2.180063725 0.005739138 -0.021203360 0.999758780 75.575553894
0.999968410 -0.005864318 -0.005372720 0.290713638 0.005976617 0.999758899 0.021129800 -2.191963434 0.005247513 -0.021161245 0.999762356 76.161521912
0.999960959 -0.006859001 -0.005585400 0.293657929 0.006974384 0.999757111 0.020907210 -2.187327862 0.005440641 -0.020945350 0.999765873 76.711639404
0.999965191 -0.006035168 -0.005758941 0.348503739 0.006157010 0.999752522 0.021379339 -2.214155912 0.005628487 -0.021414053 0.999754846 77.207015991
0.999967098 -0.005855357 -0.005616584 0.305138320 0.005972713 0.999759436 0.021110540 -2.204688072 0.005491622 -0.021143395 0.999761283 77.706451416
0.999970257 -0.005451512 -0.005470796 0.313481629 0.005565979 0.999761224 0.021130897 -2.204761982 0.005354294 -0.021160720 0.999761701 78.250457764
0.999964237 -0.006026028 -0.005944620 0.316345006 0.006148175 0.999765873 0.020747788 -2.204369307 0.005818202 -0.020783592 0.999767065 78.784965515
0.999975502 -0.004697307 -0.005205533 0.324515373 0.004804645 0.999772072 0.020802783 -2.211488724 0.005106630 -0.020827284 0.999770045 79.308395386
0.999984145 -0.004439785 -0.003457037 0.317482203 0.004512598 0.999761939 0.021347381 -2.213454962 0.003361437 -0.021362646 0.999766111 79.859977722
0.999990880 -0.004062317 -0.001324113 0.315222740 0.004089654 0.999763846 0.021341240 -2.226886272 0.001237106 -0.021346463 0.999771416 80.416297913
0.999993324 -0.003603273 -0.000434378 0.337328166 0.003611607 0.999772608 0.021018464 -2.233308792 0.000358544 -0.021019896 0.999778986 80.983352661
0.999996662 -0.001836330 0.001792896 0.306576848 0.001797506 0.999768913 0.021421183 -2.256606579 -0.001831818 -0.021417886 0.999768972 81.527236938
0.999984562 -0.004322145 0.003477894 0.341902226 0.004246639 0.999761224 0.021432566 -2.239880323 -0.003569698 -0.021417465 0.999764264 82.036483765
0.999966264 -0.004211706 0.007038551 0.365350425 0.004056407 0.999751151 0.021934569 -2.247923374 -0.007129181 -0.021905283 0.999734640 82.579681396
0.999936998 -0.003494236 0.010662100 0.385039508 0.003266328 0.999767482 0.021318497 -2.242960930 -0.010734112 -0.021282330 0.999715924 83.130104065
0.999875605 -0.004089189 0.015229241 0.408198595 0.003767030 0.999769866 0.021122947 -2.228961945 -0.015312113 -0.021062953 0.999660909 83.657806396
0.999764979 -0.001381920 0.021634025 0.437200665 0.000898646 0.999750257 0.022332435 -2.291006565 -0.021659482 -0.022307746 0.999516547 84.148200989
0.999646366 -0.002970815 0.026424108 0.439222813 0.002391994 0.999757111 0.021909665 -2.290839434 -0.026482781 -0.021838712 0.999410689 84.781982422
0.999464393 -0.002687352 0.032614909 0.472946882 0.001968215 0.999754727 0.022061421 -2.293806553 -0.032666195 -0.021985414 0.999224544 85.325492859
0.999123812 -0.002419310 0.041782387 0.484223604 0.001520679 0.999767125 0.021525826 -2.276851177 -0.041824736 -0.021443428 0.998894751 85.898902893
0.998762071 -0.001599287 0.049719051 0.561697483 0.000497257 0.999754131 0.022169614 -2.312022686 -0.049742289 -0.022117445 0.998517156 86.395759583
0.998378336 -0.002514454 0.056871250 0.584201813 0.001244198 0.999749184 0.022360034 -2.299430370 -0.056913212 -0.022253014 0.998131156 86.950698853
0.997867942 -0.001428665 0.065249532 0.704134941 -0.000009469 0.999757171 0.022034908 -2.354342222 -0.065265164 -0.021988548 0.997625589 87.475868225
0.997148752 -0.002138306 0.075431019 0.737766743 0.000406058 0.999736011 0.022972509 -2.356057882 -0.075460248 -0.022876380 0.996886313 88.061447144
0.996396422 -0.001674389 0.084801629 0.794829845 -0.000282278 0.999734163 0.023056211 -2.357510328 -0.084817678 -0.022997061 0.996131003 88.612144470
0.995680571 -0.001700267 0.092829436 0.852596760 -0.000386923 0.999747634 0.022461519 -2.360925913 -0.092844196 -0.022400413 0.995428681 89.194625854
0.994659543 -0.001510522 0.103199050 0.959400177 -0.000827709 0.999743938 0.022610903 -2.367152691 -0.103206784 -0.022575565 0.994403660 89.753768921
0.993440986 -0.000667519 0.114344239 1.032846451 -0.001949596 0.999738753 0.022774691 -2.384317875 -0.114329562 -0.022848232 0.993180096 90.261100769
0.992373288 -0.001644804 0.123258002 1.065888405 -0.001327758 0.999710321 0.024030570 -2.388309956 -0.123261832 -0.024010953 0.992083669 90.782783508
0.990926802 -0.000528042 0.134401351 1.156085968 -0.002648940 0.999721229 0.023458108 -2.383857489 -0.134376287 -0.023601290 0.990649283 91.334236145
0.989150643 -0.000143538 0.146905154 1.250570297 -0.003411025 0.999707460 0.023944110 -2.391635656 -0.146865621 -0.024185427 0.988860667 91.861526489
0.987395823 0.000021342 0.158270329 1.358186722 -0.003775916 0.999718606 0.023421869 -2.390944004 -0.158225268 -0.023724275 0.987118006 92.426437378
0.985757411 0.000872665 0.168170884 1.438107491 -0.004928859 0.999706864 0.023703568 -2.400477409 -0.168100908 -0.024194865 0.985472739 92.921508789
0.983662426 -0.000888834 0.180020973 1.546606064 -0.003490483 0.999705672 0.024008481 -2.393196583 -0.179989323 -0.024244601 0.983369708 93.456207275
0.981377840 -0.001041345 0.192084491 1.705114365 -0.003641080 0.999704719 0.024022307 -2.378279686 -0.192052826 -0.024274353 0.981084347 94.076324463
0.979302168 -0.002177727 0.202392250 1.841289520 -0.002580475 0.999726534 0.023242967 -2.375413656 -0.202387497 -0.023284154 0.979028761 94.613769531
0.976336002 -0.002132040 0.216248751 1.977968216 -0.002981377 0.999723673 0.023317019 -2.377814054 -0.216238722 -0.023409965 0.976059794 95.137313843
0.973013878 -0.001310719 0.230742663 2.111499786 -0.004211583 0.999716461 0.023438558 -2.375550270 -0.230707958 -0.023777835 0.972732425 95.648857117
0.970331490 -0.001474757 0.241774067 2.272426605 -0.004443440 0.999703765 0.023931138 -2.398842573 -0.241737753 -0.024295446 0.970037341 96.184791565
0.967046261 -0.000919089 0.254599094 2.444864273 -0.005335074 0.999700785 0.023873135 -2.363504171 -0.254544854 -0.024444731 0.966751993 96.842147827
0.963346362 -0.001192870 0.268257797 2.622776031 -0.005375642 0.999703586 0.023749990 -2.362686396 -0.268206567 -0.024321526 0.963054359 97.369880676
0.959478199 -0.000160938 0.281782955 2.782409668 -0.006771711 0.999697864 0.023628822 -2.365467310 -0.281701535 -0.024579491 0.959187150 97.889625549
0.956601918 -0.001929266 0.291391581 2.990327835 -0.005364849 0.999692082 0.024230957 -2.381268501 -0.291348487 -0.024742650 0.956296921 98.365447998
0.952079654 -0.001768037 0.305845112 3.172414780 -0.005742626 0.999703765 0.023655603 -2.378931761 -0.305796266 -0.024278373 0.951787353 98.958358765
0.947299182 -0.002088934 0.320343643 3.343103409 -0.005789673 0.999703765 0.023639824 -2.362935543 -0.320298195 -0.024248671 0.947006345 99.456710815
0.943405747 -0.002295964 0.331632614 3.552833557 -0.005818483 0.999707460 0.023473211 -2.364034653 -0.331589520 -0.024074361 0.943116546 99.972412109
0.938784599 -0.002395023 0.344496250 3.747848511 -0.006047709 0.999707222 0.023430781 -2.369499922 -0.344451517 -0.024079869 0.938495278 100.473968506
0.933557570 -0.002017805 0.358421713 3.972974777 -0.006875902 0.999699295 0.023537213 -2.379630804 -0.358361453 -0.024437815 0.933263063 100.988716125
0.928827643 -0.003814882 0.370492339 4.196468353 -0.005238810 0.999711812 0.023427570 -2.393069744 -0.370474935 -0.023701113 0.928540111 101.541755676
0.924181223 -0.003386098 0.381939024 4.437641144 -0.005869212 0.999716759 0.023064820 -2.386970997 -0.381908953 -0.023557756 0.923899651 102.015571594
0.918614507 -0.003149970 0.395142287 4.695278168 -0.006423055 0.999717116 0.022901591 -2.378400564 -0.395102739 -0.023575755 0.918334424 102.460899353
0.912987292 -0.005613343 0.407949209 4.907871246 -0.003773017 0.999746382 0.022200402 -2.382595778 -0.407970369 -0.021807883 0.912734747 102.966781616
0.907853723 -0.004364519 0.419264585 5.207790375 -0.005902946 0.999713659 0.023188891 -2.379024744 -0.419245809 -0.023527013 0.907567918 103.575363159
0.902044475 -0.004182077 0.431622982 5.466354370 -0.006616723 0.999701560 0.023514519 -2.385531425 -0.431592584 -0.024067070 0.901747644 104.067733765
0.895152152 -0.003468447 0.445747256 5.727584839 -0.007389399 0.999716818 0.022618430 -2.379946232 -0.445699513 -0.023540739 0.894873142 104.600234985
0.889195323 -0.004040032 0.457509965 5.997814178 -0.006959843 0.999725878 0.022354890 -2.379328012 -0.457474798 -0.023062058 0.888923526 105.076324463
0.883067548 -0.003295480 0.469234288 6.282905579 -0.008311039 0.999708593 0.022661874 -2.397930384 -0.469172210 -0.023911789 0.882782996 105.559982300
0.875838876 -0.004488288 0.482582837 6.572151184 -0.007178724 0.999724925 0.022326652 -2.394729614 -0.482550323 -0.023018878 0.875565708 106.057823181
