1.000000000 0.000000000 0.000000000 0.000000000 0.000000000 1.000000000 0.000000000 0.000000000 0.000000000 0.000000000 1.000000000 0.000000000
1.000000000 0.000027957 -0.000013471 0.000338229 -0.000027956 1.000000000 0.000034013 -0.000934096 0.000013472 -0.000034012 1.000000000 -0.001607818
1.000000000 -0.000063196 -0.000021786 0.001170584 0.000063196 1.000000000 0.000002077 -0.000225030 0.000021786 -0.000002078 1.000000000 -0.002790791
1.000000000 -0.000160679 -0.000107772 0.001923634 0.000160686 1.000000000 0.000065094 -0.001461844 0.000107761 -0.000065111 1.000000000 -0.004234784
1.000000000 -0.000099609 -0.000095233 0.000100009 0.000099608 1.000000000 -0.000018893 0.000585783 0.000095235 0.000018883 1.000000000 -0.002566441
1.000000000 -0.000137330 -0.000028179 0.000755729 0.000137331 1.000000000 0.000042345 -0.000622013 0.000028174 -0.000042349 1.000000000 -0.001556246
1.000000000 -0.000166080 -0.000006471 0.000049456 0.000166080 1.000000000 0.000033602 -0.000826587 0.000006466 -0.000033603 1.000000000 -0.004103731
1.000000000 -0.000043387 -0.000050685 -0.000056317 0.000043388 1.000000000 0.000017406 0.000175298 0.000050684 -0.000017408 1.000000000 -0.004368478
1.000000000 -0.000052725 -0.000026170 0.000353305 0.000052725 1.000000000 -0.000003322 0.000334499 0.000026170 0.000003320 1.000000000 -0.000503726
1.000000000 0.000025250 -0.000036168 -0.000827437 -0.000025251 1.000000000 -0.000026985 0.001665158 0.000036167 0.000026986 1.000000000 -0.001453202
1.000000000 -0.000120840 -0.000104392 0.000605958 0.000120844 1.000000000 0.000033711 -0.000251817 0.000104388 -0.000033723 1.000000000 -0.002577173
1.000000000 -0.000165479 -0.000087846 -0.000254559 0.000165476 1.000000000 -0.000028704 0.001106731 0.000087851 0.000028689 1.000000000 -0.000702362
1.000000000 -0.000120867 -0.000027558 -0.001495585 0.000120867 1.000000000 0.000001199 0.001711988 0.000027558 -0.000001202 1.000000000 -0.000928774
1.000000000 -0.000126608 -0.000041659 0.000187299 0.000126608 1.000000000 -0.000001073 0.000424011 0.000041659 0.000001067 1.000000000 -0.004423717
1.000000000 -0.000063816 -0.000044665 0.000823694 0.000063818 1.000000000 0.000048401 0.000011046 0.000044662 -0.000048404 1.000000000 -0.004656038
1.000000000 -0.000089242 -0.000042079 0.001562254 0.000089246 1.000000000 0.000090275 -0.000805540 0.000042071 -0.000090279 1.000000000 -0.007091251
1.000000000 -0.000091939 -0.000054128 0.000681868 0.000091939 1.000000000 0.000000918 0.001115156 0.000054128 -0.000000923 1.000000000 -0.003588521
1.000000000 -0.000033097 -0.000064602 0.000437663 0.000033101 1.000000000 0.000061730 0.000166472 0.000064600 -0.000061732 1.000000000 -0.005175633
1.000000000 -0.000197227 -0.000115645 0.000541278 0.000197230 1.000000000 0.000025939 -0.000333951 0.000115639 -0.000025962 1.000000000 -0.004512152
1.000000000 -0.000208363 -0.000116109 0.000584433 0.000208364 1.000000000 0.000007228 0.000930320 0.000116107 -0.000007252 1.000000000 -0.001623158
0.999999940 -0.000225157 -0.000095016 0.000452497 0.000225162 1.000000000 0.000053406 -0.000694695 0.000095004 -0.000053427 1.000000000 -0.005671507
1.000000000 -0.000093677 -0.000084957 0.002348901 0.000093680 1.000000000 0.000036032 0.000447090 0.000084953 -0.000036040 1.000000000 -0.003149287
1.000000000 -0.000102699 -0.000095909 0.002500648 0.000102703 1.000000000 0.000044819 -0.000550085 0.000095904 -0.000044829 1.000000000 -0.002350523
1.000000000 -0.000190904 -0.000112254 0.000649252 0.000190909 1.000000000 0.000047611 0.000071199 0.000112245 -0.000047633 1.000000000 -0.004739465
1.000000000 -0.000166379 -0.000102851 0.001605155 0.000166385 1.000000000 0.000048958 0.000310021 0.000102843 -0.000048975 1.000000000 -0.003855218
0.999999940 -0.000239582 -0.000078515 0.000518068 0.000239584 1.000000000 0.000024660 0.001414718 0.000078509 -0.000024678 1.000000000 -0.002246524
0.999999940 -0.000213285 -0.000136169 0.002256385 0.000213293 1.000000000 0.000056881 0.000241263 0.000136157 -0.000056910 1.000000000 -0.005178133
0.999999940 -0.000350352 -0.000112412 0.000698416 0.000350359 0.999999940 0.000064639 -0.000236196 0.000112390 -0.000064679 1.000000000 -0.004346645
1.000000000 -0.000127538 -0.000107549 0.001185463 0.000127544 1.000000000 0.000056219 0.000401912 0.000107542 -0.000056233 1.000000000 -0.003489484
1.000000000 -0.000176027 -0.000097664 0.002138884 0.000176035 1.000000000 0.000086421 -0.000688763 0.000097649 -0.000086438 1.000000000 -0.004951142
0.999999940 -0.000276923 -0.000118952 0.000022202 0.000276928 0.999999940 0.000042402 0.001397011 0.000118940 -0.000042435 1.000000000 -0.002104237
0.999999940 -0.000273276 -0.000107726 -0.000032981 0.000273283 0.999999940 0.000068865 0.001086912 0.000107707 -0.000068894 1.000000000 -0.002687793
0.999999940 -0.000275113 -0.000140680 0.001596086 0.000275113 0.999999940 -0.000001035 0.000632521 0.000140680 0.000000996 1.000000000 -0.001536595
0.999999940 -0.000259355 -0.000122890 0.001167494 0.000259357 0.999999940 0.000008532 0.000407060 0.000122888 -0.000008564 1.000000000 -0.000660048
0.999999940 -0.000304786 -0.000102269 0.000429406 0.000304797 0.999999940 0.000110455 -0.000224460 0.000102235 -0.000110486 1.000000000 -0.005495970
0.999999940 -0.000273149 -0.000160662 0.002523653 0.000273152 0.999999940 0.000022448 0.000646949 0.000160656 -0.000022492 1.000000000 -0.003843460
1.000000000 -0.000151093 -0.000104919 0.001805737 0.000151100 1.000000000 0.000073295 0.000486004 0.000104908 -0.000073311 1.000000000 -0.005441359
0.999999940 -0.000302603 -0.000134342 0.000505231 0.000302610 0.999999940 0.000050009 0.000027558 0.000134327 -0.000050050 1.000000000 -0.005032712
0.999999940 -0.000236685 -0.000136935 0.000352460 0.000236699 0.999999940 0.000104101 0.000124323 0.000136910 -0.000104134 1.000000000 -0.002626718
1.000000000 -0.000197806 -0.000136428 0.002621357 0.000197810 1.000000000 0.000028950 -0.001009796 0.000136423 -0.000028977 1.000000000 -0.000372672
0.999999940 -0.000234936 -0.000087518 0.001703838 0.000234889 0.999999821 -0.000544117 -0.000845273 0.000087646 0.000544097 0.999999821 0.047575582
1.000000000 -0.000137781 -0.000182725 0.002987253 0.000137583 0.999999404 -0.001087222 -0.004267083 0.000182875 0.001087197 0.999999404 0.139755011
1.000000000 -0.000182225 -0.000100985 0.005447784 0.000182080 0.999998927 -0.001435961 -0.007621849 0.000101247 0.001435943 0.999998987 0.253230631
1.000000000 -0.000196376 -0.000083030 0.007003285 0.000196257 0.999998987 -0.001427291 -0.012247120 0.000083310 0.001427275 0.999998987 0.389601856
1.000000000 -0.000087903 -0.000120694 0.010480503 0.000087767 0.999999344 -0.001124480 -0.019887129 0.000120793 0.001124470 0.999999344 0.525043070
1.000000000 -0.000096998 0.000013186 0.012906194 0.000097012 0.999999404 -0.001063209 -0.022932049 -0.000013083 0.001063210 0.999999464 0.684273422
1.000000000 -0.000155596 -0.000033297 0.016495343 0.000155565 0.999999583 -0.000930050 -0.025350153 0.000033441 0.000930045 0.999999583 0.843210459
0.999999940 0.000317158 0.000120960 0.017645363 -0.000317064 0.999999642 -0.000781213 -0.025774185 -0.000121208 0.000781174 0.999999702 1.022056699
1.000000000 -0.000059758 -0.000132506 0.029467341 0.000059678 0.999999821 -0.000603196 -0.039319020 0.000132542 0.000603188 0.999999821 1.181590319
1.000000000 0.000115048 0.000027094 0.028266674 -0.000115040 0.999999940 -0.000308417 -0.042629346 -0.000027129 0.000308414 0.999999940 1.364277005
1.000000000 0.000116245 0.000145390 0.030173834 -0.000116248 0.999999940 0.000024324 -0.060802069 -0.000145387 -0.000024340 1.000000000 1.573792100
1.000000000 -0.000113377 0.000333959 0.031439710 0.000113378 0.999999940 -0.000002061 -0.064690866 -0.000333959 0.000002099 1.000000000 1.771606922
0.999999881 -0.000577235 0.000042692 0.043142937 0.000577217 0.999999702 0.000427686 -0.071816117 -0.000042939 -0.000427661 0.999999940 1.976331949
0.999999881 0.000007038 0.000522411 0.037639044 -0.000007151 0.999999940 0.000216443 -0.075906225 -0.000522409 -0.000216447 0.999999881 2.190003157
0.999999940 0.000096220 0.000321199 0.041590113 -0.000096403 0.999999762 0.000568784 -0.084365100 -0.000321144 -0.000568815 0.999999702 2.404398680
0.999999940 -0.000163285 0.000177162 0.049064755 0.000163199 0.999999821 0.000481933 -0.089609921 -0.000177240 -0.000481904 0.999999881 2.625605345
0.999999940 0.000081267 0.000374710 0.052042723 -0.000081449 0.999999881 0.000484168 -0.097974606 -0.000374670 -0.000484198 0.999999762 2.863352537
0.999999940 0.000045158 0.000385122 0.060397651 -0.000045376 0.999999821 0.000565332 -0.102661289 -0.000385096 -0.000565349 0.999999762 3.083295107
1.000000000 -0.000252784 0.000247175 0.061385665 0.000252643 0.999999881 0.000569003 -0.106263608 -0.000247319 -0.000568940 0.999999762 3.323315144
0.999999940 0.000014494 0.000405847 0.068300843 -0.000014871 0.999999523 0.000929974 -0.122978881 -0.000405833 -0.000929980 0.999999464 3.569928169
1.000000000 0.000028118 0.000308683 0.075400241 -0.000028447 0.999999464 0.001064721 -0.129422277 -0.000308653 -0.001064730 0.999999404 3.819297552
0.999999881 0.000093160 0.000515542 0.076495312 -0.000093719 0.999999464 0.001083926 -0.138825163 -0.000515441 -0.001083974 0.999999285 4.089173794
0.999999583 0.000655708 0.000644289 0.074306883 -0.000656400 0.999999225 0.001074230 -0.141499028 -0.000643584 -0.001074653 0.999999166 4.339354038
0.999999821 0.000353963 0.000491287 0.081999019 -0.000354501 0.999999344 0.001096138 -0.150060713 -0.000490899 -0.001096312 0.999999225 4.598458290
0.999999821 0.000317329 0.000576933 0.086442374 -0.000318134 0.999998987 0.001394809 -0.158099845 -0.000576490 -0.001394993 0.999998927 4.855018139
0.999999762 0.000167014 0.000657366 0.092711419 -0.000168033 0.999998748 0.001549873 -0.167471856 -0.000657107 -0.001549984 0.999998569 5.121809483
0.999999940 -0.000106085 0.000406987 0.095566094 0.000105356 0.999998391 0.001790839 -0.179291978 -0.000407176 -0.001790796 0.999998331 5.376428127
0.999999881 0.000146928 0.000418268 0.103484094 -0.000147705 0.999998271 0.001858019 -0.189745709 -0.000417995 -0.001858081 0.999998212 5.638457298
0.999999940 0.000293829 0.000453862 0.103905544 -0.000294677 0.999998271 0.001868073 -0.195102051 -0.000453313 -0.001868207 0.999998152 5.920801163
0.999999881 0.000052620 0.000477102 0.111273855 -0.000053495 0.999998271 0.001833770 -0.205272838 -0.000477005 -0.001833795 0.999998152 6.192876816
0.999999583 0.000524598 0.000755940 0.117726386 -0.000526322 0.999997199 0.002282952 -0.217845321 -0.000754740 -0.002283349 0.999997079 6.464725018
0.999999702 0.000483246 0.000565371 0.130658537 -0.000484496 0.999997437 0.002214347 -0.228398487 -0.000564299 -0.002214621 0.999997318 6.739851952
0.999999642 0.000502148 0.000685352 0.137823299 -0.000503685 0.999997377 0.002243515 -0.236097693 -0.000684223 -0.002243859 0.999997139 7.020925999
0.999999464 0.000660468 0.000831863 0.140117168 -0.000662291 0.999997377 0.002192628 -0.244630337 -0.000830413 -0.002193178 0.999997199 7.336685181
0.999998748 0.000848078 0.001267736 0.137821332 -0.000851204 0.999996603 0.002467854 -0.259781659 -0.001265639 -0.002468930 0.999996126 7.636518002
0.999999285 0.000425518 0.001099614 0.150023669 -0.000428466 0.999996305 0.002682087 -0.271489471 -0.001098469 -0.002682557 0.999995768 7.951055527
0.999999166 0.000476344 0.001137731 0.155001104 -0.000479233 0.999996662 0.002540620 -0.278292537 -0.001136517 -0.002541163 0.999996126 8.264694214
0.999999166 0.000194328 0.001266326 0.153805792 -0.000197609 0.999996603 0.002591479 -0.283109874 -0.001265818 -0.002591727 0.999995828 8.579224586
0.999998689 0.000756647 0.001444662 0.155665904 -0.000760479 0.999996185 0.002654093 -0.289684325 -0.001442649 -0.002655189 0.999995351 8.918379784
0.999998748 0.000666449 0.001458652 0.168200880 -0.000670429 0.999996006 0.002729414 -0.303728282 -0.001456828 -0.002730389 0.999995172 9.236456871
0.999997675 0.001151612 0.001826923 0.167264730 -0.001156988 0.999995112 0.002944464 -0.320137531 -0.001823523 -0.002946571 0.999993980 9.579240799
0.999997139 0.001275206 0.002038177 0.174197018 -0.001281786 0.999994040 0.003230368 -0.326855004 -0.002034045 -0.003232971 0.999992669 9.923954964
0.999997556 0.000925965 0.002031993 0.185841441 -0.000932475 0.999994397 0.003205132 -0.340921879 -0.002029014 -0.003207019 0.999992788 10.286019325
0.999998271 0.000742928 0.001693552 0.192377284 -0.000748289 0.999994695 0.003167002 -0.351124644 -0.001691189 -0.003168264 0.999993563 10.642618179
0.999998331 0.000635316 0.001681823 0.201814473 -0.000640991 0.999994099 0.003376102 -0.360497534 -0.001679668 -0.003377175 0.999992907 11.010468483
0.999997795 0.000892604 0.001871669 0.209328189 -0.000899178 0.999993443 0.003514571 -0.377216220 -0.001868519 -0.003516247 0.999992013 11.368459702
0.999997735 0.000745647 0.001985509 0.216637135 -0.000752974 0.999992907 0.003692348 -0.385158271 -0.001982742 -0.003693834 0.999991179 11.747520447
0.999998569 0.000498037 0.001625213 0.233692020 -0.000504190 0.999992728 0.003787502 -0.403879255 -0.001623314 -0.003788316 0.999991536 12.125220299
0.999997437 0.001053361 0.001994082 0.239232928 -0.001060889 0.999992311 0.003778405 -0.411544383 -0.001990086 -0.003780512 0.999990880 12.494100571
0.999998808 0.000209430 0.001517607 0.255997986 -0.000214841 0.999993622 0.003566021 -0.421205878 -0.001516850 -0.003566343 0.999992490 12.886372566
0.999997973 0.000879868 0.001809675 0.263502449 -0.000886609 0.999992609 0.003727353 -0.433327019 -0.001806382 -0.003728950 0.999991357 13.275588036
0.999997139 0.000975211 0.002172634 0.267278314 -0.000983230 0.999992609 0.003692571 -0.437300175 -0.002169017 -0.003694697 0.999990761 13.705433846
0.999997377 0.000801835 0.002142738 0.284022391 -0.000811023 0.999990463 0.004290455 -0.469924003 -0.002139277 -0.004292182 0.999988437 14.082756996
0.999997795 0.000419641 0.002030782 0.300592661 -0.000428303 0.999990880 0.004266547 -0.484927535 -0.002028973 -0.004267409 0.999988794 14.499831200
0.999997377 0.000412993 0.002237394 0.310671657 -0.000423319 0.999989271 0.004616724 -0.498146951 -0.002235462 -0.004617659 0.999986768 14.928567886
0.999996006 0.000681891 0.002729101 0.313158870 -0.000694922 0.999988377 0.004776824 -0.507034004 -0.002725812 -0.004778703 0.999984860 15.335074425
0.999993920 0.000950435 0.003352202 0.321746051 -0.000966091 0.999988616 0.004671671 -0.515074313 -0.003347723 -0.004674881 0.999983490 15.778882027
0.999991715 0.001289578 0.003868532 0.329281956 -0.001308387 0.999987364 0.004863410 -0.526781857 -0.003862211 -0.004868431 0.999980688 16.225454330
0.999994457 0.000362944 0.003312680 0.343976021 -0.000378338 0.999989092 0.004647654 -0.547226846 -0.003310958 -0.004648881 0.999983728 16.641609192
0.999994516 0.000167352 0.003314026 0.358993292 -0.000183930 0.999987423 0.005002648 -0.560152411 -0.003313148 -0.005003230 0.999981999 17.104068756
0.999992728 0.000201055 0.003822573 0.369696110 -0.000220297 0.999987364 0.005034040 -0.571754277 -0.003821513 -0.005034845 0.999980092 17.563856125
0.999993265 -0.000878349 0.003583834 0.388867438 0.000860164 0.999986768 0.005072769 -0.584107518 -0.003588242 -0.005069651 0.999980748 18.032640457
0.999990106 0.000419106 0.004419507 0.387557775 -0.000443972 0.999984086 0.005627048 -0.606333077 -0.004417077 -0.005628954 0.999974430 18.460853577
0.999990642 0.000367017 0.004307324 0.400327623 -0.000391587 0.999983668 0.005704642 -0.621265173 -0.004305160 -0.005706275 0.999974489 18.923677444
0.999992788 -0.000064698 0.003795866 0.426728964 0.000042764 0.999983370 0.005778322 -0.630066752 -0.003796177 -0.005778118 0.999976099 19.413335800
0.999991894 0.000494312 0.003974371 0.428418338 -0.000518371 0.999981582 0.006054698 -0.644446194 -0.003971305 -0.006056708 0.999973834 19.904560089
0.999991536 -0.000699160 0.004043059 0.441314429 0.000673962 0.999980390 0.006230453 -0.683555126 -0.004047336 -0.006227675 0.999972343 20.328327179
0.999992728 -0.000236012 0.003812721 0.449911177 0.000211709 0.999979734 0.006373565 -0.697227359 -0.003814148 -0.006372713 0.999972403 20.819101334
0.999994576 -0.000507231 0.003256114 0.460057735 0.000487341 0.999981225 0.006106411 -0.698809862 -0.003259151 -0.006104791 0.999976039 21.330553055
0.999995887 -0.000233648 0.002870776 0.465078354 0.000215496 0.999980032 0.006321572 -0.719355822 -0.002872196 -0.006320927 0.999975920 21.825695038
0.999995589 -0.000858944 0.002849255 0.487486184 0.000838567 0.999974132 0.007145020 -0.753327131 -0.002855317 -0.007142598 0.999970436 22.261749268
0.999996424 -0.000692003 0.002601679 0.496724844 0.000673401 0.999974251 0.007144152 -0.764130652 -0.002606556 -0.007142374 0.999971092 22.781490326
0.999996960 -0.001025183 0.002270615 0.506239951 0.001008749 0.999973416 0.007227197 -0.779131532 -0.002277964 -0.007224883 0.999971330 23.313093185
0.999997199 -0.001842381 0.001524650 0.504227519 0.001832085 0.999975681 0.006726598 -0.785539031 -0.001537006 -0.006723785 0.999976218 23.832658768
0.999999046 -0.001253996 0.000617162 0.521653473 0.001249557 0.999973655 0.007141687 -0.808586717 -0.000626101 -0.007140908 0.999974251 24.288692474
0.999999344 -0.001143118 -0.000247338 0.533146083 0.001144930 0.999971509 0.007455385 -0.821507454 0.000238808 -0.007455663 0.999972165 24.818466187
0.999999523 -0.000640065 -0.000817845 0.540029824 0.000646145 0.999971926 0.007456386 -0.830230832 0.000813049 -0.007456910 0.999971867 25.346157074
0.999999464 -0.000285817 -0.000980922 0.550335050 0.000292595 0.999975979 0.006917352 -0.834294319 0.000978921 -0.006917635 0.999975622 25.891603470
0.999997497 -0.001610516 -0.001514848 0.559784770 0.001622939 0.999964774 0.008235785 -0.866339684 0.001501531 -0.008238223 0.999964952 26.416898727
0.999995887 -0.001619588 -0.002399686 0.585617065 0.001639574 0.999963820 0.008350098 -0.881312609 0.002386075 -0.008353997 0.999962270 26.964956284
0.999995470 -0.001028443 -0.002822278 0.589018345 0.001051223 0.999966800 0.008082306 -0.896065474 0.002813872 -0.008085236 0.999963343 27.489295959
0.999995887 -0.000873716 -0.002719039 0.587904334 0.000895377 0.999967873 0.007975609 -0.901216984 0.002711983 -0.007978011 0.999964476 28.057373047
0.999993622 -0.000250000 -0.003551425 0.603892803 0.000279957 0.999964356 0.008437022 -0.938940346 0.003549189 -0.008437962 0.999958098 28.577131271
0.999990165 -0.000723928 -0.004378762 0.616470993 0.000760324 0.999965131 0.008315896 -0.949672103 0.004372589 -0.008319141 0.999955893 29.124446869
0.999990284 -0.000704025 -0.004349854 0.622049928 0.000742233 0.999961078 0.008788396 -0.964520097 0.004343498 -0.008791537 0.999951899 29.672399521
0.999990046 -0.000336121 -0.004430856 0.629620075 0.000373296 0.999964714 0.008391931 -0.973456919 0.004427879 -0.008393500 0.999954939 30.231222153
0.999989986 -0.000317723 -0.004466707 0.631249785 0.000355561 0.999964058 0.008472766 -0.984580457 0.004463854 -0.008474269 0.999954104 30.757650375
0.999987662 -0.000479918 -0.004951331 0.649138749 0.000522010 0.999963701 0.008503494 -1.003733158 0.004947071 -0.008505973 0.999951541 31.290256500
0.999986172 -0.000494945 -0.005237226 0.665472209 0.000540015 0.999962807 0.008607688 -1.023365498 0.005232771 -0.008610396 0.999949157 31.821290970
0.999984145 -0.000885328 -0.005562659 0.672622204 0.000932607 0.999963403 0.008502438 -1.026337624 0.005554928 -0.008507489 0.999948382 32.351440430
0.999984562 -0.000426331 -0.005526537 0.651121616 0.000475000 0.999961019 0.008808198 -1.050537229 0.005522568 -0.008810686 0.999945879 32.866519928
0.999984920 -0.000092729 -0.005475225 0.651515007 0.000140338 0.999962211 0.008695700 -1.055155039 0.005474212 -0.008696338 0.999947190 33.430595398
0.999984264 -0.000466736 -0.005595603 0.659078240 0.000516873 0.999959707 0.008961949 -1.069517255 0.005591196 -0.008964701 0.999944150 33.958774567
0.999983549 -0.000252382 -0.005734120 0.663946033 0.000300544 0.999964654 0.008399944 -1.074772477 0.005731798 -0.008401530 0.999948323 34.496952057
0.999983132 -0.000044501 -0.005801969 0.676558256 0.000095874 0.999960780 0.008854363 -1.086219072 0.005801348 -0.008854768 0.999944031 35.023067474
0.999979794 -0.001190620 -0.006243493 0.676280856 0.001251610 0.999951422 0.009773863 -1.141891718 0.006231553 -0.009781481 0.999932766 35.521747589
0.999979377 -0.000748205 -0.006390744 0.685106456 0.000809464 0.999953568 0.009588432 -1.151241422 0.006383274 -0.009593408 0.999933600 36.073795319
0.999980450 -0.000472203 -0.006233512 0.697060764 0.000533056 0.999952137 0.009764118 -1.164662361 0.006228604 -0.009767251 0.999932945 36.616569519
0.999980628 -0.000480119 -0.006207970 0.701800525 0.000543803 0.999947190 0.010260872 -1.185779333 0.006202715 -0.010264048 0.999928117 37.160125732
0.999974132 -0.001023869 -0.007114991 0.710004687 0.001092904 0.999952316 0.009705624 -1.181265116 0.007104714 -0.009713149 0.999927580 37.726951599
0.999980569 0.000496799 -0.006211907 0.681761563 -0.000438930 0.999956429 0.009313723 -1.177366972 0.006216264 -0.009310814 0.999937356 38.210872650
0.999976814 -0.000242991 -0.006804072 0.709382713 0.000313294 0.999946535 0.010333401 -1.257429481 0.006801199 -0.010335294 0.999923468 38.730777740
0.999976575 -0.000249018 -0.006835595 0.720461667 0.000321043 0.999944448 0.010537678 -1.272406459 0.006832590 -0.010539627 0.999921143 39.270046234
0.999974847 0.000231468 -0.007097462 0.737738490 -0.000156586 0.999944329 0.010549166 -1.287630320 0.007099509 -0.010547790 0.999919176 39.812641144
0.999973416 -0.000605895 -0.007266438 0.746884704 0.000684498 0.999941289 0.010819685 -1.297211885 0.007259454 -0.010824371 0.999915123 40.376052856
0.999975860 -0.000057468 -0.006948213 0.738539100 0.000131426 0.999943256 0.010644214 -1.297844648 0.006947208 -0.010644871 0.999919236 40.883453369
0.999974549 0.000060327 -0.007139985 0.746549129 0.000011560 0.999949276 0.010067786 -1.294754863 0.007140231 -0.010067612 0.999923825 41.464157104
0.999968886 -0.001173196 -0.007803764 0.746431053 0.001259124 0.999938488 0.011015218 -1.332530379 0.007790362 -0.011024700 0.999908864 42.004066467
0.999968112 -0.000949143 -0.007933608 0.754645944 0.001036388 0.999938965 0.011000026 -1.340757847 0.007922684 -0.011007898 0.999908030 42.551231384
0.999965549 -0.001780850 -0.008099511 0.766672492 0.001874873 0.999930799 0.011615746 -1.356125951 0.008078265 -0.011630532 0.999899745 43.098907471
0.999968171 -0.001380475 -0.007854422 0.759455204 0.001467459 0.999937475 0.011079513 -1.367252827 0.007838637 -0.011090686 0.999907792 43.606544495
0.999967456 -0.001187013 -0.007978619 0.763651252 0.001275601 0.999937475 0.011107273 -1.377430201 0.007964937 -0.011117090 0.999906421 44.146976471
0.999966621 -0.000773431 -0.008137995 0.769968927 0.000862261 0.999939978 0.010917607 -1.389232159 0.008129063 -0.010924262 0.999907255 44.698829651
0.999965191 -0.001087376 -0.008271237 0.790136397 0.001180127 0.999936283 0.011217052 -1.399886250 0.008258513 -0.011226422 0.999902785 45.207244873
0.999966979 -0.001117342 -0.008043089 0.779848754 0.001206898 0.999937236 0.011138325 -1.414318562 0.008030139 -0.011147666 0.999905586 45.746109009
0.999968708 -0.000757686 -0.007871768 0.786094487 0.000844597 0.999938667 0.011043468 -1.423950434 0.007862916 -0.011049772 0.999908030 46.300781250
0.999966323 -0.001221353 -0.008116432 0.792105317 0.001312121 0.999936581 0.011187324 -1.435665131 0.008102255 -0.011197598 0.999904454 46.857746124
0.999969244 -0.000460812 -0.007827249 0.804811239 0.000548424 0.999937177 0.011194762 -1.448971152 0.007821598 -0.011198712 0.999906778 47.372856140
0.999965668 -0.001257857 -0.008185899 0.808538139 0.001353533 0.999930680 0.011692890 -1.461707115 0.008170623 -0.011703569 0.999898136 47.832145691
0.999962687 -0.001631953 -0.008493980 0.822693408 0.001732643 0.999928057 0.011860433 -1.473397017 0.008474016 -0.011874706 0.999893606 48.377689362
0.999968529 -0.000697929 -0.007905459 0.813313186 0.000789876 0.999931931 0.011633748 -1.482840300 0.007896802 -0.011639627 0.999901056 48.895328522
0.999968886 -0.000485942 -0.007867297 0.815812886 0.000579684 0.999928772 0.011917445 -1.493096113 0.007860946 -0.011921635 0.999898076 49.428607941
0.999967992 -0.000645476 -0.007969256 0.822960556 0.000738356 0.999931693 0.011657370 -1.503504395 0.007961186 -0.011662881 0.999900281 49.944553375
0.999970376 0.000253162 -0.007695981 0.827027857 -0.000163059 0.999931335 0.011706111 -1.509069800 0.007698417 -0.011704508 0.999901831 50.499179840
0.999967456 -0.000486718 -0.008043694 0.834336638 0.000583096 0.999927998 0.011983857 -1.520320892 0.008037282 -0.011988161 0.999895751 50.993152618
0.999966562 -0.000605388 -0.008147438 0.842470646 0.000699247 0.999933362 0.011522116 -1.526562333 0.008139919 -0.011527428 0.999900401 51.544910431
0.999969244 -0.000446395 -0.007831127 0.846341610 0.000538818 0.999930322 0.011804001 -1.539531946 0.007825312 -0.011807858 0.999899626 52.056049347
0.999969065 -0.000643454 -0.007846342 0.854701638 0.000735233 0.999931335 0.011699867 -1.546600580 0.007838274 -0.011705273 0.999900818 52.598579407
0.999968171 -0.000661177 -0.007954083 0.856023669 0.000753958 0.999931693 0.011667205 -1.561687231 0.007945826 -0.011672831 0.999900341 53.141971588
0.999968231 -0.000419423 -0.007951703 0.864334345 0.000513784 0.999929428 0.011868373 -1.570253491 0.007946164 -0.011872080 0.999897897 53.638450623
0.999971032 0.000129575 -0.007615717 0.860089183 -0.000040176 0.999931097 0.011737751 -1.586912990 0.007616714 -0.011737104 0.999902129 54.186054230
0.999969363 -0.000106524 -0.007817572 0.885213673 0.000199646 0.999929011 0.011912060 -1.590575933 0.007815747 -0.011913256 0.999898434 54.668117523
0.999971151 0.000105243 -0.007590586 0.886182666 -0.000012829 0.999925911 0.012173920 -1.598095655 0.007591303 -0.012173471 0.999897003 55.213554382
0.999971986 0.000043121 -0.007479792 0.899773538 0.000047321 0.999926805 0.012090849 -1.610837698 0.007479765 -0.012090865 0.999898911 55.760169983
0.999973953 0.000397260 -0.007198453 0.903418183 -0.000308681 0.999924242 0.012302353 -1.622797370 0.007202795 -0.012299811 0.999898374 56.302207947
0.999977112 0.001123471 -0.006657438 0.886618853 -0.001047080 0.999933660 0.011466997 -1.620059371 0.006669879 -0.011459764 0.999912083 56.863922119
0.999971747 0.000190721 -0.007510921 0.908116817 -0.000103390 0.999932408 0.011625905 -1.635638714 0.007512632 -0.011624800 0.999904215 57.304565430
0.999970913 0.000358900 -0.007605744 0.916747630 -0.000269703 0.999931276 0.011725332 -1.644029379 0.007609429 -0.011722941 0.999902368 57.850093842
0.999969184 -0.000246957 -0.007847113 0.924034119 0.000337832 0.999932885 0.011581580 -1.652448416 0.007843725 -0.011583875 0.999902129 58.367664337
0.999968290 -0.000658673 -0.007926989 0.932143569 0.000748706 0.999935269 0.011360276 -1.662812471 0.007918992 -0.011365853 0.999904037 58.904102325
0.999970555 0.000038163 -0.007674875 0.928103268 0.000052106 0.999930859 0.011761059 -1.670348167 0.007674792 -0.011761110 0.999901354 59.396125793
0.999970436 -0.000090544 -0.007689321 0.949494421 0.000178302 0.999934793 0.011413106 -1.676007867 0.007687786 -0.011414140 0.999905348 60.007453918
0.999969840 0.000537549 -0.007754784 0.949611545 -0.000446492 0.999931037 0.011739003 -1.694858789 0.007760559 -0.011735186 0.999900997 60.445964813
0.999966681 0.000350651 -0.008154701 0.976301849 -0.000255938 0.999932528 0.011612622 -1.706420183 0.008158223 -0.011610147 0.999899328 61.001201630
0.999966860 -0.000180993 -0.008140343 0.980831921 0.000278807 0.999927819 0.012016343 -1.731714725 0.008137581 -0.012018212 0.999894619 61.518230438
0.999966860 -0.000307090 -0.008135208 0.991591334 0.000405787 0.999926329 0.012133303 -1.740226030 0.008130881 -0.012136202 0.999893248 62.031436920
0.999967098 0.000042679 -0.008112249 0.986432314 0.000053611 0.999929607 0.011869148 -1.724490166 0.008112184 -0.011869192 0.999896586 62.630752563
0.999970794 0.000168177 -0.007633208 0.975219131 -0.000074899 0.999925375 0.012218628 -1.771527529 0.007634693 -0.012217700 0.999896169 63.083087921
0.999968290 0.000256269 -0.007963152 0.985396743 -0.000160073 0.999927044 0.012078427 -1.776519299 0.007965666 -0.012076767 0.999895334 63.631656647
0.999967873 0.000163744 -0.008010041 0.991164148 -0.000065621 0.999925017 0.012248725 -1.784365654 0.008011446 -0.012247807 0.999892890 64.196762085
0.999964416 -0.000714006 -0.008407358 1.026841760 0.000818070 0.999923050 0.012380815 -1.805843353 0.008397872 -0.012387254 0.999888003 64.694122314
0.999969661 -0.000358453 -0.007773686 1.024500608 0.000451832 0.999927759 0.012013673 -1.804517508 0.007768818 -0.012016821 0.999897540 65.264625549
0.999971271 0.000813589 -0.007536906 1.028747439 -0.000722102 0.999926150 0.012133304 -1.821011782 0.007546221 -0.012127513 0.999897957 65.642883301
0.999968231 0.000144545 -0.007974733 1.035693765 -0.000047587 0.999926150 0.012157043 -1.820241690 0.007975901 -0.012156278 0.999894261 66.190147400
0.999967754 0.000311578 -0.008028281 1.044593811 -0.000214434 0.999926805 0.012098255 -1.836671710 0.008031464 -0.012096145 0.999894559 66.715324402
0.999967635 0.000858216 -0.008002894 1.053691864 -0.000760219 0.999924779 0.012240192 -1.847087860 0.008012799 -0.012233712 0.999892950 67.250167847
0.999969780 0.000174731 -0.007782563 1.042612791 -0.000077846 0.999922574 0.012447592 -1.848214626 0.007784135 -0.012446609 0.999892235 67.843658447
0.999966860 -0.000058731 -0.008140572 1.076445937 0.000160547 0.999921799 0.012507115 -1.880464196 0.008139201 -0.012508007 0.999888599 68.231369019
0.999965787 -0.000086479 -0.008271955 1.079165459 0.000189318 0.999922752 0.012432259 -1.887398720 0.008270239 -0.012433398 0.999888480 68.771797180
0.999967992 0.000333916 -0.007989934 1.097989321 -0.000231983 0.999918640 0.012755197 -1.900836825 0.007993544 -0.012752935 0.999886751 69.298843384
0.999966502 -0.000068519 -0.008174979 1.094042063 0.000170250 0.999922514 0.012444214 -1.909441233 0.008173494 -0.012445189 0.999889135 69.839042664
0.999964654 -0.000213728 -0.008410773 1.100866199 0.000320661 0.999919116 0.012714493 -1.888562918 0.008407378 -0.012716739 0.999883831 70.403297424
0.999962866 -0.000633474 -0.008583194 1.108956575 0.000742621 0.999918878 0.012719070 -1.926948071 0.008574437 -0.012724972 0.999882281 70.947257996
0.999963224 -0.000624787 -0.008544448 1.118237972 0.000728249 0.999926448 0.012110963 -1.943792820 0.008536251 -0.012116741 0.999890149 71.464340210
0.999965787 -0.000256066 -0.008270572 1.118185163 0.000361330 0.999918878 0.012728508 -1.945226312 0.008266640 -0.012731059 0.999884784 71.949501038
0.999963939 -0.000734329 -0.008464703 1.128069043 0.000839802 0.999921918 0.012463601 -1.955241561 0.008454890 -0.012470261 0.999886513 72.503021240
0.999962151 -0.000904150 -0.008654700 1.134974360 0.001012664 0.999920845 0.012542026 -1.971001387 0.008642673 -0.012550316 0.999883890 73.029846191
0.999963403 -0.000766354 -0.008520428 1.139225960 0.000873783 0.999920070 0.012611877 -1.965700507 0.008510082 -0.012618858 0.999884188 73.535530090
0.999967992 -0.000200048 -0.007988041 1.148189306 0.000302003 0.999918461 0.012764238 -1.982822299 0.007984837 -0.012766240 0.999886632 74.065040588
0.999960482 -0.000873253 -0.008849514 1.165582418 0.000987492 0.999916077 0.012912930 -1.992393374 0.008837494 -0.012921157 0.999877453 74.600837708
0.999959171 -0.001511718 -0.008907212 1.167169333 0.001623094 0.999920368 0.012510153 -1.995574951 0.008887591 -0.012524098 0.999882042 75.156005859
0.999963522 -0.000807882 -0.008498953 1.166976929 0.000913097 0.999922812 0.012383143 -2.012412071 0.008488294 -0.012390452 0.999887168 75.667312622
0.999965847 -0.000627129 -0.008238875 1.146368742 0.000731985 0.999918699 0.012730081 -2.020565033 0.008230222 -0.012735677 0.999885023 76.164604187
0.999966919 -0.000580754 -0.008117847 1.153402805 0.000680637 0.999924064 0.012306811 -2.026160240 0.008110084 -0.012311929 0.999891281 76.719146729
0.999966264 -0.001126009 -0.008138706 1.162047148 0.001230168 0.999917209 0.012804436 -2.034102678 0.008123612 -0.012814014 0.999884903 77.218742371
0.999967217 -0.000787594 -0.008058448 1.169533849 0.000888981 0.999920428 0.012585588 -2.044218540 0.008047896 -0.012592338 0.999888301 77.746818542
0.999969125 -0.000417462 -0.007850099 1.174504519 0.000515577 0.999921739 0.012500668 -2.053276300 0.007844266 -0.012504329 0.999891043 78.277862549
0.999971092 -0.000673369 -0.007567053 1.183766127 0.000768285 0.999920905 0.012547498 -2.061265945 0.007558005 -0.012552950 0.999892652 78.820236206
0.999981880 -0.000064801 -0.006023287 1.188868523 0.000139323 0.999923408 0.012372818 -2.069376469 0.006022023 -0.012373432 0.999905288 79.358505249
0.999989092 0.000033123 -0.004672901 1.197775841 0.000025007 0.999922633 0.012439051 -2.077828646 0.004672951 -0.012439031 0.999911666 79.899070740
0.999993980 -0.000211271 -0.003441770 1.223487020 0.000254180 0.999922216 0.012471642 -2.088415623 0.003438868 -0.012472443 0.999916315 80.417167664
0.999999881 -0.000298962 0.000238132 1.237063527 0.000295929 0.999920130 0.012637134 -2.096955061 -0.000241891 -0.012637062 0.999920130 80.967071533
0.999992430 -0.000817274 0.003799852 1.263918519 0.000769568 0.999921024 0.012539376 -2.103900909 -0.003809801 -0.012536355 0.999914169 81.516906738
0.999973655 0.000417601 0.007247634 1.258000374 -0.000506855 0.999924004 0.012317440 -2.108300686 -0.007241939 -0.012320787 0.999897897 82.050872803
0.999926567 0.000223759 0.012115960 1.292269468 -0.000366654 0.999930382 0.011793054 -2.096928835 -0.012112474 -0.011796631 0.999857128 82.660942078
0.999840617 0.000183648 0.017851941 1.315131903 -0.000404290 0.999923587 0.012356730 -2.131481647 -0.017848309 -0.012361977 0.999764204 83.139556885
0.999729395 0.000220445 0.023263220 1.347484827 -0.000508072 0.999923527 0.012358841 -2.144284964 -0.023258718 -0.012367317 0.999652863 83.679000854
0.999577343 0.000173884 0.029070284 1.383965969 -0.000541441 0.999919951 0.012636326 -2.149348736 -0.029065762 -0.012646724 0.999497473 84.236640930
0.999309659 0.000539140 0.037147895 1.418911219 -0.001005514 0.999920905 0.012536982 -2.155450583 -0.037138194 -0.012565679 0.999231160 84.786376953
0.998979568 -0.000233297 0.045162167 1.457032681 -0.000319555 0.999925077 0.012233885 -2.159685135 -0.045161642 -0.012235835 0.998904765 85.350494385
0.998650968 -0.000515652 0.051921904 1.503316879 -0.000091872 0.999931633 0.011697647 -2.160529852 -0.051924389 -0.011686638 0.998582602 85.899612427
0.998172879 -0.000164350 0.060422815 1.559477329 -0.000574940 0.999925196 0.012217690 -2.169956446 -0.060420308 -0.012230108 0.998098016 86.426132202
0.997486770 -0.000344273 0.070852473 1.615350723 -0.000522200 0.999925315 0.012210379 -2.178151131 -0.070851378 -0.012216694 0.997412026 86.993530273
0.996886790 -0.000659543 0.078843765 1.690424919 -0.000301794 0.999925733 0.012180397 -2.194014072 -0.078845948 -0.012166272 0.996812582 87.544052124
0.996224403 -0.000903931 0.086811557 1.757971287 -0.000128226 0.999929428 0.011883314 -2.204523325 -0.086816177 -0.011849578 0.996153891 88.083892822
0.995226562 -0.001022935 0.097586215 1.841028690 -0.000177333 0.999924421 0.012290102 -2.213668108 -0.097591415 -0.012248741 0.995151162 88.587455750
0.994182646 -0.001419411 0.107697874 1.922230721 0.000114327 0.999926507 0.012123212 -2.223990202 -0.107707173 -0.012040374 0.994109690 89.158432007
0.993146598 -0.002288368 0.116852649 2.020757675 0.000862479 0.999924719 0.012251554 -2.233739376 -0.116871886 -0.012066809 0.993073702 89.681716919
0.991758704 -0.001924133 0.128105015 2.104331017 0.000348346 0.999924004 0.012322013 -2.236977816 -0.128118977 -0.012175838 0.991684079 90.219223022
0.990112484 -0.002204707 0.140258580 2.212924957 0.000468112 0.999922812 0.012413166 -2.249430895 -0.140275106 -0.012224774 0.990037024 90.764862061
0.988524854 -0.002275739 0.151041046 2.313094139 0.000418229 0.999923885 0.012328672 -2.259104252 -0.151057616 -0.012124031 0.988450587 91.310073853
0.986931920 -0.003213669 0.161105737 2.426815987 0.001283331 0.999926150 0.012084430 -2.262597799 -0.161132708 -0.011719760 0.986863136 91.837699890
0.984789133 -0.003330087 0.173722133 2.555170059 0.001272378 0.999927759 0.011954849 -2.275298595 -0.173749402 -0.011551965 0.984722078 92.360023499
0.982465446 -0.003636232 0.186409399 2.668791771 0.001335237 0.999921322 0.012467843 -2.286532402 -0.186440051 -0.012000326 0.982393026 92.913398743
0.980501294 -0.004176541 0.196467683 2.790424347 0.001813072 0.999923825 0.012208128 -2.292757988 -0.196503699 -0.011613876 0.980434239 93.444145203
0.977823138 -0.004376168 0.209386215 2.937158585 0.001883089 0.999924898 0.012104481 -2.302144766 -0.209423482 -0.011441750 0.977758050 93.981437683
0.974870324 -0.004900428 0.222719133 3.085372925 0.002196446 0.999920845 0.012386858 -2.317493439 -0.222762197 -0.011586392 0.974803984 94.505584717
0.972339690 -0.005770276 0.233499736 3.237590790 0.003033727 0.999922395 0.012077169 -2.325953484 -0.233551279 -0.011034738 0.972281933 95.031204224
0.969385326 -0.005684369 0.245478362 3.407505035 0.002745506 0.999920428 0.012312545 -2.342743397 -0.245528802 -0.011261638 0.969323874 95.552558899
0.965682805 -0.005535886 0.259665281 3.560701370 0.002277528 0.999914825 0.012847486 -2.352829218 -0.259714276 -0.011815201 0.965613246 96.067604065
0.962360740 -0.006290100 0.271702558 3.750762939 0.002992462 0.999916792 0.012549562 -2.358091831 -0.271758884 -0.011264147 0.962299466 96.633430481
0.959056497 -0.006135575 0.283148408 3.930204391 0.002669365 0.999916673 0.012625860 -2.364743710 -0.283202320 -0.011353086 0.958992958 97.159179688
0.954932749 -0.006749752 0.296745509 4.116340637 0.003137538 0.999915123 0.012647335 -2.370286226 -0.296805739 -0.011146305 0.954872847 97.677185059
0.950650752 -0.007185379 0.310179710 4.313024521 0.003463121 0.999915302 0.012549341 -2.378170013 -0.310243607 -0.010855851 0.950595081 98.184768677
0.946640432 -0.007092846 0.322213650 4.511411667 0.003136730 0.999913216 0.012795468 -2.394070625 -0.322276443 -0.011102007 0.946580529 98.711250305
0.942329764 -0.007665392 0.334598094 4.716741562 0.003642749 0.999913335 0.012648186 -2.392123222 -0.334666044 -0.010699903 0.942276120 99.211685181
0.937033176 -0.007601794 0.349157572 4.936445236 0.003198447 0.999907970 0.013186144 -2.409302711 -0.349225700 -0.011239093 0.936971188 99.743797302
0.932414830 -0.008125566 0.361298293 5.160972595 0.003577617 0.999905705 0.013254911 -2.418274879 -0.361371964 -0.011066488 0.932356060 100.258544922
0.928354800 -0.008799319 0.371590972 5.385770798 0.004164544 0.999903202 0.013273448 -2.426661015 -0.371671855 -0.010774964 0.928301632 100.761734009
0.922848105 -0.008648096 0.385067016 5.616462708 0.003963848 0.999908209 0.012956892 -2.427883148 -0.385143787 -0.010430896 0.922797620 101.252746582
0.917207301 -0.009082162 0.398306787 5.856296539 0.004188839 0.999904692 0.013153840 -2.436428547 -0.398388296 -0.010396353 0.917157948 101.743507385
0.912371099 -0.009765694 0.409247786 6.108055115 0.004933990 0.999905109 0.012860524 -2.446205139 -0.409334511 -0.009714345 0.912332654 102.233078003
0.905957639 -0.010144280 0.423246771 6.366821289 0.004940437 0.999898136 0.013390345 -2.459228992 -0.423339486 -0.010040062 0.905915499 102.721328735
0.899387419 -0.010804383 0.437018961 6.641532898 0.005426987 0.999893427 0.013551514 -2.465064526 -0.437118828 -0.009816364 0.899350226 103.207206726
0.893752813 -0.011745788 0.448405981 6.915065765 0.006341129 0.999888003 0.013552611 -2.476193905 -0.448515028 -0.009269282 0.893727243 103.670776367
0.888122499 -0.012356367 0.459440708 7.180572510 0.006763140 0.999881685 0.013817688 -2.478477001 -0.459557086 -0.009164538 0.888100982 104.157012939
0.880951345 -0.012806303 0.473033488 7.459655762 0.007076571 0.999878466 0.013890415 -2.486506939 -0.473153889 -0.008889327 0.880934954 104.635223389
0.874019325 -0.013056703 0.485715717 7.746608734 0.007097289 0.999875307 0.014106824 -2.493140697 -0.485839397 -0.008882373 0.874002993 105.103080750
