1.000000000 0.000000000 0.000000000 0.000000000 0.000000000 1.000000000 0.000000000 0.000000000 0.000000000 0.000000000 1.000000000 0.000000000
1.000000000 -0.000052268 -0.000004465 0.000406471 0.000052269 1.000000000 0.000033588 -0.000170311 0.000004463 -0.000033588 1.000000000 -0.000611834
1.000000000 -0.000011069 0.000047465 -0.000089236 0.000011069 1.000000000 0.000001136 0.000366515 -0.000047465 -0.000001136 1.000000000 0.000286161
1.000000000 -0.000095900 0.000041374 -0.000230245 0.000095899 1.000000000 0.000036828 0.000356935 -0.000041377 -0.000036824 1.000000000 -0.000366722
1.000000000 -0.000083810 -0.000035754 0.000651087 0.000083809 1.000000000 -0.000040183 0.000067633 0.000035757 0.000040180 1.000000000 -0.000408594
1.000000000 -0.000046876 0.000049860 0.000861931 0.000046870 1.000000000 0.000124491 -0.001156457 -0.000049866 -0.000124488 1.000000000 -0.000527460
1.000000000 0.000065579 0.000162557 -0.000595217 -0.000065565 1.000000000 -0.000086457 0.000896444 -0.000162563 0.000086447 1.000000000 0.000462936
1.000000000 -0.000009668 0.000125915 -0.000042564 0.000009661 1.000000000 0.000054318 -0.000423155 -0.000125915 -0.000054317 1.000000000 -0.000867215
1.000000000 -0.000194251 0.000067999 0.000960189 0.000194254 1.000000000 -0.000049890 0.000800288 -0.000067989 0.000049903 1.000000000 0.000427541
1.000000000 0.000002413 0.000004181 0.000903526 -0.000002412 1.000000000 -0.000129090 0.000222740 -0.000004181 0.000129090 1.000000000 -0.001238184
1.000000000 -0.000049310 -0.000017704 0.001176380 0.000049309 1.000000000 -0.000064444 0.000759421 0.000017707 0.000064443 1.000000000 0.000631807
1.000000000 -0.000060129 0.000123572 -0.000164372 0.000060136 1.000000000 -0.000054231 0.000405480 -0.000123569 0.000054238 1.000000000 -0.000136514
1.000000000 -0.000023523 0.000100690 -0.000089895 0.000023514 1.000000000 0.000090248 -0.000524707 -0.000100692 -0.000090246 1.000000000 -0.000025480
1.000000000 0.000053507 -0.000018846 0.001202586 -0.000053507 1.000000000 0.000010904 -0.000027206 0.000018847 -0.000010903 1.000000000 -0.000591130
0.999999940 -0.000320771 -0.000069663 0.001252104 0.000320768 0.999999940 -0.000030333 0.000015128 0.000069673 0.000030311 1.000000000 -0.001232523
1.000000000 -0.000012672 0.000083544 0.000370543 0.000012651 0.999999940 0.000252677 -0.001408193 -0.000083547 -0.000252676 0.999999940 -0.001049959
1.000000000 0.000137413 -0.000189344 0.001373203 -0.000137401 1.000000000 0.000062987 -0.000231342 0.000189352 -0.000062961 1.000000000 -0.001191923
1.000000000 0.000099789 -0.000067988 0.000716172 -0.000099785 1.000000000 0.000051716 -0.000291101 0.000067993 -0.000051709 1.000000000 -0.000475624
1.000000000 -0.000023287 -0.000104988 0.001460518 0.000023285 1.000000000 -0.000021765 0.000978054 0.000104989 0.000021762 1.000000000 -0.000003083
1.000000000 0.000105205 -0.000068735 0.000843125 -0.000105205 1.000000000 -0.000003882 0.000532517 0.000068735 0.000003889 1.000000000 -0.000696402
1.000000000 0.000005798 0.000035953 0.000121740 -0.000005800 1.000000000 0.000077720 -0.000590625 -0.000035952 -0.000077720 1.000000000 -0.000901534
1.000000000 -0.000060708 -0.000105641 0.002298064 0.000060693 1.000000000 -0.000136173 0.000590005 0.000105650 0.000136167 1.000000000 -0.000352553
1.000000000 0.000053984 0.000007136 0.001237127 -0.000053985 1.000000000 0.000099906 0.000134577 -0.000007131 -0.000099907 1.000000000 0.000647333
1.000000000 0.000139311 -0.000055220 0.001407465 -0.000139314 1.000000000 -0.000056045 0.000759420 0.000055212 0.000056053 1.000000000 -0.001297815
1.000000000 -0.000100209 -0.000142989 0.001574654 0.000100212 1.000000000 0.000019227 -0.000307319 0.000142987 -0.000019241 1.000000000 -0.002208548
1.000000000 -0.000011100 -0.000102033 0.000847237 0.000011103 1.000000000 0.000026107 -0.000207613 0.000102033 -0.000026108 1.000000000 -0.001267705
0.999999940 0.000246405 0.000055797 -0.000416656 -0.000246405 0.999999940 0.000011590 0.000388107 -0.000055794 -0.000011604 1.000000000 0.001011078
1.000000000 -0.000090593 -0.000010335 0.000178022 0.000090595 1.000000000 0.000182472 -0.000420888 0.000010318 -0.000182473 1.000000000 0.000384405
1.000000000 0.000058623 -0.000029934 0.000076090 -0.000058620 1.000000000 0.000100287 -0.000733130 0.000029940 -0.000100285 1.000000000 -0.001294251
1.000000000 -0.000112823 0.000105015 -0.000006594 0.000112809 1.000000000 0.000132067 -0.001286068 -0.000105030 -0.000132055 1.000000000 -0.001810970
1.000000000 -0.000168800 0.000159355 -0.000418476 0.000168781 1.000000000 0.000115086 -0.000692577 -0.000159374 -0.000115059 1.000000000 -0.000973230
1.000000000 -0.000011578 0.000046901 0.000600375 0.000011577 1.000000000 0.000011347 -0.000424634 -0.000046901 -0.000011347 1.000000000 -0.001055089
1.000000000 -0.000070464 -0.000108448 0.001408150 0.000070472 1.000000000 0.000075663 -0.000422066 0.000108443 -0.000075670 1.000000000 0.000053476
1.000000000 0.000094396 0.000058530 0.000247699 -0.000094393 1.000000000 -0.000057165 0.000523779 -0.000058535 0.000057160 1.000000000 0.000714656
1.000000000 -0.000025956 -0.000088631 0.001616328 0.000025956 1.000000000 -0.000000553 0.000359679 0.000088631 0.000000551 1.000000000 -0.000476941
1.000000000 -0.000049954 0.000074069 -0.000027077 0.000049958 1.000000000 -0.000056684 0.000731641 -0.000074066 0.000056687 1.000000000 0.000050837
0.999999940 -0.000215923 -0.000131779 0.001682213 0.000215918 1.000000000 -0.000037650 0.000394479 0.000131788 0.000037622 1.000000000 0.000286175
0.999999940 -0.000233846 -0.000100420 0.002010458 0.000233842 1.000000000 -0.000041451 0.000933059 0.000100430 0.000041427 1.000000000 0.000027048
0.999999940 -0.000295522 0.000150042 0.000773140 0.000295542 0.999999940 -0.000136783 0.001337574 -0.000150002 0.000136828 1.000000000 0.002203370
0.999999940 -0.000290220 0.000040851 0.002218212 0.000290249 0.999999702 -0.000722105 -0.001639379 -0.000040642 0.000722117 0.999999762 0.049911622
1.000000000 0.000093308 0.000061741 0.001940200 -0.000093219 0.999998987 -0.001426102 -0.002295239 -0.000061874 0.001426097 0.999998987 0.140605643
0.999999821 0.000599478 -0.000016021 0.004095047 -0.000599503 0.999998510 -0.001609560 -0.006509091 0.000015056 0.001609569 0.999998689 0.254937083
0.999999702 0.000755008 -0.000132037 0.010512401 -0.000755153 0.999999046 -0.001102881 -0.016339377 0.000131204 0.001102980 0.999999404 0.382249594
0.999999762 0.000679143 -0.000236324 0.013971827 -0.000679388 0.999999225 -0.001039338 -0.020161569 0.000235618 0.001039498 0.999999404 0.521508396
0.999999344 0.001140275 -0.000168981 0.014657918 -0.001140470 0.999998689 -0.001162047 -0.022970457 0.000167656 0.001162239 0.999999344 0.675906181
0.999999940 0.000239939 -0.000219760 0.018101303 -0.000240133 0.999999583 -0.000886617 -0.021219239 0.000219547 0.000886669 0.999999523 0.852776408
0.999999881 0.000332117 -0.000128933 0.018385887 -0.000332242 0.999999464 -0.000968083 -0.030988099 0.000128611 0.000968126 0.999999523 1.029720664
0.999999762 0.000652203 0.000113799 0.021292755 -0.000652123 0.999999464 -0.000697191 -0.042352717 -0.000114254 0.000697116 0.999999762 1.189386964
1.000000000 0.000158635 0.000093977 0.027489772 -0.000158589 0.999999821 -0.000491183 -0.047120191 -0.000094055 0.000491168 0.999999881 1.377011895
0.999999821 -0.000367340 -0.000280121 0.031798664 0.000367237 0.999999881 -0.000366889 -0.049572941 0.000280255 0.000366786 0.999999881 1.589121938
0.999999821 -0.000291651 -0.000546212 0.038959466 0.000291518 0.999999940 -0.000243259 -0.052930202 0.000546283 0.000243100 0.999999881 1.789953947
0.999999940 0.000179265 -0.000240445 0.037673503 -0.000179351 0.999999881 -0.000354107 -0.059883188 0.000240381 0.000354150 0.999999881 1.977676272
0.999999523 0.000818385 0.000579201 0.030407470 -0.000818286 0.999999642 -0.000169772 -0.064564735 -0.000579340 0.000169298 0.999999821 2.187809467
0.999999940 0.000610238 0.000043585 0.043199416 -0.000610259 0.999999821 0.000474854 -0.078054868 -0.000043295 -0.000474881 0.999999881 2.403127909
0.999999762 -0.000121582 0.000631763 0.038245872 0.000121508 1.000000000 0.000117258 -0.076529890 -0.000631778 -0.000117181 0.999999821 2.628317356
0.999999821 0.000407044 0.000464191 0.041984916 -0.000407242 0.999999821 0.000428158 -0.084126100 -0.000464016 -0.000428347 0.999999821 2.856395245
0.999999225 0.000903781 0.000873189 0.045091566 -0.000904250 0.999999464 0.000536421 -0.101735175 -0.000872704 -0.000537211 0.999999464 3.104170799
0.999999702 0.000553194 0.000730481 0.053791765 -0.000553124 0.999999821 -0.000097119 -0.097375676 -0.000730535 0.000096715 0.999999642 3.344223976
0.999999821 0.000187227 0.000513939 0.063460581 -0.000187274 0.999999940 0.000091721 -0.106571704 -0.000513922 -0.000091817 0.999999881 3.597935200
0.999999881 -0.000507047 0.000199307 0.070807092 0.000507036 0.999999881 0.000053260 -0.112330139 -0.000199334 -0.000053159 1.000000000 3.849528313
0.999999821 0.000099639 0.000556413 0.069663763 -0.000099826 0.999999881 0.000335225 -0.122637168 -0.000556379 -0.000335281 0.999999762 4.103039742
0.999999404 0.000932154 0.000515056 0.080266804 -0.000932510 0.999999344 0.000690429 -0.132970959 -0.000514413 -0.000690909 0.999999642 4.354894638
0.999999225 0.000818946 0.000900387 0.079457141 -0.000819369 0.999999583 0.000469635 -0.134902596 -0.000900002 -0.000470373 0.999999464 4.608251572
0.999999344 0.000551163 0.000948883 0.086025327 -0.000551698 0.999999762 0.000563693 -0.142883092 -0.000948572 -0.000564216 0.999999404 4.866549015
0.999999344 0.001044604 0.000422112 0.097353905 -0.001045154 0.999998629 0.001303726 -0.155749649 -0.000420749 -0.001304167 0.999999046 5.127076149
0.999999762 0.000638987 0.000260454 0.106598683 -0.000639279 0.999999166 0.001123141 -0.161569804 -0.000259736 -0.001123307 0.999999344 5.399117947
0.999998569 0.001324101 0.001059068 0.103025228 -0.001325598 0.999998093 0.001414036 -0.178266555 -0.001057194 -0.001415438 0.999998450 5.658699512
0.999999642 0.000642089 0.000475065 0.113436528 -0.000642936 0.999998152 0.001786113 -0.189720005 -0.000473917 -0.001786418 0.999998331 5.927387714
1.000000000 -0.000074027 0.000174117 0.123170502 0.000073838 0.999999404 0.001086476 -0.195371360 -0.000174197 -0.001086463 0.999999404 6.202474594
1.000000000 0.000149693 0.000103549 0.125909716 -0.000149804 0.999999404 0.001068756 -0.202802330 -0.000103389 -0.001068772 0.999999464 6.476982594
0.999999881 0.000175505 0.000411922 0.132373437 -0.000176186 0.999998569 0.001653453 -0.214454919 -0.000411631 -0.001653525 0.999998510 6.777751446
0.999999523 0.000241526 0.000968609 0.139024109 -0.000243383 0.999998093 0.001917192 -0.229577243 -0.000968144 -0.001917426 0.999997616 7.054977894
0.999999702 0.000558303 0.000533553 0.146880090 -0.000559421 0.999997616 0.002097221 -0.238869920 -0.000532381 -0.002097519 0.999997616 7.341629505
0.999999344 0.000641320 0.000955270 0.149211779 -0.000642634 0.999998868 0.001376147 -0.234633729 -0.000954386 -0.001376760 0.999998510 7.673197269
0.999998987 0.000964831 0.001144491 0.157588035 -0.000966744 0.999998152 0.001672333 -0.248064145 -0.001142876 -0.001673437 0.999997973 7.984801292
0.999997616 0.001179285 0.001803630 0.157693505 -0.001183265 0.999996841 0.002207179 -0.260669857 -0.001801021 -0.002209308 0.999995947 8.305973053
0.999998689 0.000950641 0.001257358 0.175097510 -0.000952896 0.999997914 0.001794593 -0.270901978 -0.001255650 -0.001795789 0.999997616 8.622083664
0.999996662 0.001061834 0.002363181 0.169346809 -0.001067501 0.999996543 0.002398385 -0.280900180 -0.002360626 -0.002400900 0.999994338 8.959166527
0.999998212 0.000237377 0.001882376 0.180650294 -0.000241742 0.999997258 0.002318976 -0.286532700 -0.001881820 -0.002319427 0.999995530 9.293568611
0.999997318 0.001084804 0.002058953 0.184515581 -0.001089214 0.999997139 0.002141970 -0.297659725 -0.002056624 -0.002144207 0.999995589 9.640990257
0.999998212 0.000795658 0.001679218 0.197379351 -0.000800173 0.999996066 0.002690132 -0.311856240 -0.001677072 -0.002691471 0.999994993 9.987215042
0.999997973 0.000688437 0.001856973 0.202423275 -0.000692105 0.999997795 0.001975412 -0.318213522 -0.001855609 -0.001976694 0.999996305 10.348498344
0.999998391 0.000192226 0.001789980 0.210744247 -0.000196420 0.999997258 0.002343094 -0.327366859 -0.001789525 -0.002343441 0.999995649 10.714385986
0.999998271 0.000897265 0.001620108 0.222457722 -0.000900994 0.999996901 0.002302659 -0.338545352 -0.001618038 -0.002304114 0.999996066 11.082526207
0.999997616 0.001024839 0.001911676 0.225840732 -0.001029222 0.999996841 0.002293326 -0.349652886 -0.001909319 -0.002295288 0.999995470 11.466402054
0.999997854 0.001003227 0.001777409 0.234207377 -0.001008117 0.999995649 0.002752376 -0.366279364 -0.001774640 -0.002754161 0.999994636 11.826781273
0.999998868 0.000595662 0.001393434 0.248982772 -0.000599502 0.999996006 0.002756695 -0.377608389 -0.001391787 -0.002757527 0.999995232 12.209490776
0.999998033 0.000606754 0.001903402 0.259352088 -0.000611117 0.999997139 0.002292433 -0.384821594 -0.001902006 -0.002293592 0.999995530 12.598594666
0.999997914 0.001278384 0.001566647 0.265210748 -0.001282206 0.999996185 0.002440760 -0.394404441 -0.001563521 -0.002442763 0.999995768 12.988719940
0.999997497 0.000821743 0.002078096 0.271820515 -0.000827819 0.999995291 0.002924665 -0.410986900 -0.002075683 -0.002926377 0.999993563 13.393818855
0.999997079 0.000444685 0.002379946 0.280409962 -0.000450697 0.999996662 0.002526056 -0.417680442 -0.002378815 -0.002527121 0.999993980 13.799237251
0.999995947 0.001474680 0.002431276 0.285043031 -0.001481733 0.999994695 0.002901498 -0.428529501 -0.002426984 -0.002905089 0.999992788 14.219155312
0.999996662 0.001003025 0.002419403 0.295870423 -0.001009909 0.999995470 0.002845689 -0.441997379 -0.002416537 -0.002848123 0.999993026 14.622410774
0.999996543 0.000800400 0.002495630 0.312624156 -0.000806976 0.999996185 0.002635201 -0.447638571 -0.002493512 -0.002637206 0.999993384 15.058950424
0.999994159 0.001414664 0.003113798 0.313582897 -0.001425106 0.999993384 0.003353832 -0.466171443 -0.003109033 -0.003358250 0.999989510 15.484992981
0.999994338 0.001527008 0.003006401 0.326944590 -0.001534744 0.999995530 0.002572302 -0.477959812 -0.003002459 -0.002576901 0.999992192 15.926664352
0.999993682 0.000734033 0.003478297 0.338143557 -0.000745034 0.999994695 0.003162226 -0.494054019 -0.003475957 -0.003164798 0.999988914 16.364852905
0.999992609 0.001110688 0.003686817 0.348068327 -0.001121181 0.999995351 0.002845315 -0.501829386 -0.003683639 -0.002849428 0.999989152 16.812650681
0.999989748 0.001146398 0.004379024 0.350555122 -0.001162604 0.999992430 0.003700062 -0.523073018 -0.004374749 -0.003705115 0.999983549 17.261964798
0.999991834 0.001101417 0.003890336 0.376294076 -0.001116082 0.999992192 0.003769323 -0.543230057 -0.003886155 -0.003773634 0.999985337 17.707530975
0.999992967 0.001120172 0.003596712 0.391243815 -0.001132632 0.999993324 0.003464101 -0.554539561 -0.003592807 -0.003468150 0.999987543 18.179840088
0.999991298 -0.000188230 0.004169249 0.402901888 0.000170309 0.999990761 0.004298352 -0.571568668 -0.004170019 -0.004297605 0.999982059 18.659385681
0.999992490 -0.000562726 0.003825349 0.417933971 0.000543535 0.999987304 0.005016122 -0.594846785 -0.003828122 -0.005014007 0.999980092 19.109123230
0.999989510 0.000720287 0.004517587 0.424350142 -0.000739752 0.999990463 0.004308731 -0.601871789 -0.004514439 -0.004312027 0.999980509 19.666616440
0.999992013 0.000254773 0.003994665 0.436358541 -0.000272304 0.999990344 0.004388602 -0.609021187 -0.003993508 -0.004389655 0.999982417 20.122545242
0.999989331 0.000946276 0.004508824 0.446113825 -0.000966801 0.999989152 0.004552193 -0.629585207 -0.004504468 -0.004556504 0.999979496 20.632164001
0.999990046 0.000522330 0.004428153 0.461743176 -0.000542561 0.999989390 0.004568723 -0.640386403 -0.004425720 -0.004571081 0.999979675 21.110074997
0.999992251 0.000454989 0.003903356 0.467307836 -0.000473900 0.999988258 0.004845409 -0.655470788 -0.003901106 -0.004847222 0.999980569 21.622779846
0.999993145 0.001201435 0.003543937 0.485752344 -0.001217130 0.999989450 0.004429950 -0.664440691 -0.003538578 -0.004434233 0.999983907 22.132228851
0.999993324 0.001961002 0.003081983 0.492646486 -0.001975911 0.999986291 0.004841809 -0.681597948 -0.003072446 -0.004847866 0.999983549 22.646354675
0.999995589 0.001726445 0.002398935 0.508763373 -0.001737277 0.999988258 0.004520607 -0.694406807 -0.002391102 -0.004524756 0.999986827 23.158555984
0.999998391 0.001186535 0.001342573 0.526535213 -0.001192814 0.999988317 0.004685627 -0.710230052 -0.001336998 -0.004687221 0.999988139 23.675476074
0.999999404 0.000171152 0.001101644 0.534169018 -0.000175326 0.999992788 0.003789567 -0.717749834 -0.001100988 -0.003789758 0.999992192 24.220460892
0.999999404 0.001070931 0.000207115 0.546288490 -0.001071830 0.999989808 0.004388125 -0.729895234 -0.000202414 -0.004388344 0.999990344 24.739921570
0.999998212 0.001873063 -0.000185587 0.554663479 -0.001872186 0.999987602 0.004613983 -0.750920117 0.000194227 -0.004613627 0.999989331 25.265834808
0.999998808 0.001524177 -0.000168059 0.559102952 -0.001523413 0.999988914 0.004460136 -0.758736789 0.000174855 -0.004459875 0.999990046 25.810323715
0.999998152 0.001745765 -0.000770059 0.568753958 -0.001742769 0.999991000 0.003873242 -0.768543363 0.000776814 -0.003871894 0.999992192 26.356319427
0.999997735 0.001597148 -0.001387203 0.579567134 -0.001590665 0.999987960 0.004661727 -0.782361388 0.001394631 -0.004659511 0.999988198 26.911209106
0.999997616 0.000921550 -0.001968640 0.592922747 -0.000911698 0.999987066 0.004999404 -0.802741826 0.001973221 -0.004997597 0.999985576 27.449058533
0.999996722 0.001109441 -0.002269672 0.601687789 -0.001098700 0.999988198 0.004728116 -0.817280889 0.002274890 -0.004725608 0.999986231 27.981433868
0.999995947 0.001270069 -0.002558653 0.608796716 -0.001258950 0.999989748 0.004342491 -0.822758853 0.002564142 -0.004339252 0.999987304 28.526063919
0.999994516 0.001949464 -0.002680299 0.614494264 -0.001937388 0.999988019 0.004500800 -0.836879015 0.002689041 -0.004495583 0.999986231 29.064474106
0.999992907 0.002162545 -0.003085543 0.629739702 -0.002148010 0.999986589 0.004706009 -0.853587329 0.003095679 -0.004699348 0.999984145 29.596132278
0.999993265 0.002100161 -0.003002132 0.630183637 -0.002086188 0.999987006 0.004649917 -0.866827786 0.003011859 -0.004643622 0.999984682 30.115352631
0.999991715 0.003177950 -0.002592902 0.631930590 -0.003165326 0.999983191 0.004858318 -0.881283700 0.002608299 -0.004850070 0.999984801 30.656099319
0.999991655 0.002517553 -0.003216783 0.648583293 -0.002502945 0.999986529 0.004537318 -0.889510751 0.003228164 -0.004529229 0.999984503 31.201833725
0.999990344 0.002518824 -0.003614679 0.656713605 -0.002502020 0.999986112 0.004645792 -0.902500510 0.003626331 -0.004636703 0.999982655 31.746435165
0.999989927 0.002881233 -0.003421089 0.669750273 -0.002867498 0.999987841 0.004012928 -0.907192588 0.003432610 -0.004003078 0.999986112 32.283851624
0.999988556 0.003037120 -0.003694519 0.679064333 -0.003020752 0.999985635 0.004427986 -0.921262324 0.003707914 -0.004416776 0.999983311 32.825412750
0.999987543 0.002408124 -0.004375197 0.688393772 -0.002392204 0.999990523 0.003640368 -0.930734336 0.004383923 -0.003629857 0.999983788 33.376808167
0.999986112 0.002267241 -0.004745319 0.700576425 -0.002249930 0.999990821 0.003649953 -0.944797158 0.004753552 -0.003639226 0.999982059 33.921852112
0.999984086 0.002472707 -0.005069502 0.712485135 -0.002453655 0.999989927 0.003760993 -0.958168924 0.005078752 -0.003748494 0.999980092 34.471965790
0.999983847 0.001978287 -0.005322828 0.725961864 -0.001957694 0.999990523 0.003871172 -0.973311365 0.005330436 -0.003860689 0.999978364 35.024570465
0.999984026 0.002032702 -0.005261853 0.728364706 -0.002012873 0.999990821 0.003770897 -0.985923469 0.005269470 -0.003760246 0.999978960 35.575626373
0.999984622 0.002207587 -0.005091084 0.737044454 -0.002188561 0.999990523 0.003739870 -1.001219273 0.005099292 -0.003728671 0.999979973 36.126575470
0.999984980 0.001500506 -0.005274941 0.744825482 -0.001480751 0.999991894 0.003746902 -1.014078379 0.005280521 -0.003739034 0.999979079 36.682285309
0.999984980 0.001779302 -0.005178615 0.749300838 -0.001760653 0.999991953 0.003603568 -1.022222877 0.005184986 -0.003594396 0.999980032 37.230251312
0.999979377 0.002152456 -0.006046521 0.765620232 -0.002131169 0.999991536 0.003524789 -1.040834427 0.006054056 -0.003511830 0.999975502 37.783832550
0.999979854 0.002432242 -0.005860738 0.768381357 -0.002410786 0.999990404 0.003665389 -1.052410126 0.005869598 -0.003651186 0.999976099 38.322319031
0.999978364 0.001932427 -0.006287348 0.781280696 -0.001910589 0.999992132 0.003477402 -1.070411086 0.006294018 -0.003465315 0.999974191 38.847877502
0.999979258 0.002193563 -0.006056328 0.781998754 -0.002171184 0.999990761 0.003699267 -1.082405448 0.006064387 -0.003686041 0.999974847 39.409126282
0.999981105 0.002022474 -0.005799152 0.790846527 -0.001998456 0.999989331 0.004144402 -1.100262046 0.005807474 -0.004132735 0.999974608 39.958007812
0.999978125 0.001829606 -0.006354764 0.806601286 -0.001803400 0.999989808 0.004127136 -1.121459723 0.006362251 -0.004115584 0.999971271 40.492790222
0.999977231 0.001947072 -0.006477645 0.813526154 -0.001918310 0.999988198 0.004443504 -1.127563834 0.006486222 -0.004430977 0.999969065 41.057281494
0.999977112 0.002746413 -0.006186688 0.815172493 -0.002724252 0.999989808 0.003587635 -1.133908153 0.006196479 -0.003570699 0.999974370 41.600444794
0.999978662 0.002891718 -0.005860059 0.807456553 -0.002872642 0.999990582 0.003261135 -1.143832803 0.005869433 -0.003244232 0.999977529 42.154647827
0.999972165 0.002806591 -0.006917397 0.824486017 -0.002784118 0.999990821 0.003256347 -1.154521585 0.006926474 -0.003236997 0.999970794 42.710258484
0.999975324 0.003132514 -0.006287057 0.821556926 -0.003113211 0.999990523 0.003077699 -1.160337210 0.006296638 -0.003058051 0.999975502 43.251491547
0.999974608 0.003000633 -0.006464340 0.831186056 -0.002976958 0.999988854 0.003668953 -1.184657097 0.006475277 -0.003649616 0.999972403 43.796146393
0.999978125 0.001654364 -0.006401044 0.834444880 -0.001631949 0.999992549 0.003505452 -1.197784781 0.006406796 -0.003494929 0.999973357 44.303539276
0.999974608 0.003370751 -0.006276497 0.840994179 -0.003348639 0.999988258 0.003530252 -1.209066510 0.006288323 -0.003509145 0.999974012 44.859355927
0.999979436 0.002955389 -0.005686258 0.846936047 -0.002935952 0.999989808 0.003423456 -1.223119974 0.005696317 -0.003406691 0.999977946 45.414264679
0.999978960 0.002864883 -0.005823794 0.869076967 -0.002842722 0.999988616 0.003810014 -1.241370678 0.005834645 -0.003793378 0.999975801 45.974987030
0.999976158 0.002730245 -0.006345720 0.885231435 -0.002705654 0.999988794 0.003880463 -1.255424976 0.006356244 -0.003863202 0.999972284 46.520313263
0.999972343 0.003728853 -0.006422462 0.889018416 -0.003702299 0.999984562 0.004141557 -1.266386271 0.006437806 -0.004117665 0.999970794 47.055793762
0.999975741 0.002589779 -0.006466019 0.896252096 -0.002564901 0.999989212 0.003852747 -1.281576276 0.006475927 -0.003836068 0.999971688 47.586101532
0.999974489 0.003598155 -0.006169761 0.900205255 -0.003575406 0.999986768 0.003694324 -1.284606338 0.006182972 -0.003672171 0.999974072 48.140552521
0.999973595 0.003173497 -0.006530575 0.919334054 -0.003151855 0.999989450 0.003321536 -1.292339325 0.006541047 -0.003300865 0.999973178 48.694740295
0.999977648 0.003208611 -0.005881384 0.924725294 -0.003190665 0.999990225 0.003058187 -1.308422446 0.005891139 -0.003039353 0.999978006 49.251941681
0.999976099 0.003183025 -0.006133371 0.940899372 -0.003163627 0.999989986 0.003169640 -1.322436094 0.006143398 -0.003150161 0.999976099 49.792003632
0.999974191 0.003308464 -0.006374652 0.949084282 -0.003284854 0.999987721 0.003710713 -1.339791536 0.006386850 -0.003689677 0.999972820 50.324188232
0.999979854 0.004225364 -0.004738081 0.941283584 -0.004211546 0.999986887 0.002922493 -1.347773552 0.004750367 -0.002902479 0.999984503 50.871379852
0.999979019 0.004273634 -0.004873962 0.955773115 -0.004257860 0.999985695 0.003242230 -1.365489483 0.004887749 -0.003221408 0.999982893 51.407966614
0.999978185 0.003626645 -0.005521018 0.978244543 -0.003610734 0.999989331 0.002889108 -1.375133634 0.005531436 -0.002869110 0.999980569 51.959815979
0.999983311 0.004414557 -0.003722030 0.971683681 -0.004404182 0.999986410 0.002790876 -1.388440609 0.003734300 -0.002774437 0.999989152 52.505947113
0.999980748 0.004743443 -0.003995243 0.976112962 -0.004730699 0.999983668 0.003193399 -1.406849504 0.004010326 -0.003174437 0.999986947 53.038269043
0.999979794 0.005466769 -0.003245481 0.982821226 -0.005457319 0.999980807 0.002913491 -1.418529391 0.003261346 -0.002895720 0.999990404 53.567840576
0.999976277 0.005892371 -0.003558811 0.988314867 -0.005879474 0.999976158 0.003623421 -1.441776037 0.003580077 -0.003602411 0.999987125 54.111156464
0.999982774 0.005483911 -0.002092078 0.984885097 -0.005477513 0.999980330 0.003052063 -1.454837680 0.002108774 -0.003040550 0.999993145 54.647151947
0.999983549 0.005364662 -0.002020827 0.992653131 -0.005358873 0.999981523 0.002859308 -1.471305251 0.002036129 -0.002848431 0.999993801 55.204692841
0.999983013 0.005344612 -0.002303111 1.000883818 -0.005337085 0.999980450 0.003261259 -1.482558250 0.002320496 -0.003248912 0.999991953 55.744239807
0.999979258 0.005629952 -0.003135951 1.015555739 -0.005619360 0.999978483 0.003375902 -1.497797012 0.003154890 -0.003358210 0.999989390 56.295494080
0.999973476 0.006781379 -0.002665950 1.025048852 -0.006772486 0.999971509 0.003330646 -1.513432860 0.002688461 -0.003312502 0.999990880 56.835289001
0.999976575 0.006156838 -0.002980724 1.036760569 -0.006146996 0.999975681 0.003299634 -1.520784140 0.003000967 -0.003281235 0.999990106 57.396743774
0.999974012 0.006460063 -0.003196190 1.046578050 -0.006449701 0.999974072 0.003241542 -1.538108468 0.003217048 -0.003220844 0.999989629 57.941177368
0.999973595 0.006637680 -0.002940908 1.054860353 -0.006629447 0.999974251 0.002799914 -1.546931505 0.002959417 -0.002780345 0.999991715 58.500144958
0.999976635 0.006331048 -0.002558852 1.057732105 -0.006323196 0.999975324 0.003064945 -1.561206579 0.002578193 -0.003048693 0.999992013 59.046661377
0.999972403 0.007075295 -0.002273594 1.061860323 -0.007068958 0.999971151 0.002784174 -1.572184205 0.002293228 -0.002768025 0.999993563 59.589580536
0.999972284 0.006949710 -0.002667453 1.077597737 -0.006942638 0.999972403 0.002651093 -1.584099293 0.002685804 -0.002632501 0.999992847 60.142425537
0.999972880 0.007007045 -0.002273786 1.084284425 -0.007001063 0.999971986 0.002628218 -1.596406937 0.002292139 -0.002612228 0.999993920 60.697563171
0.999969482 0.007596408 -0.001822519 1.090139747 -0.007592137 0.999968410 0.002339119 -1.610382080 0.001840231 -0.002325211 0.999995530 61.248550415
0.999968648 0.007657589 -0.001992673 1.104584575 -0.007652242 0.999967158 0.002677291 -1.626857400 0.002013109 -0.002661958 0.999994397 61.791088104
0.999967694 0.007835964 -0.001794110 1.112407207 -0.007831334 0.999966025 0.002573243 -1.637055516 0.001814213 -0.002559110 0.999995053 62.339710236
0.999966323 0.008085334 -0.001355786 1.122162223 -0.008082285 0.999964833 0.002239277 -1.653849483 0.001373843 -0.002228244 0.999996543 62.880134583
0.999968946 0.007751855 -0.001435993 1.129763961 -0.007748447 0.999967217 0.002362540 -1.665961146 0.001454260 -0.002351340 0.999996185 63.425239563
0.999962866 0.008549959 -0.001099458 1.135045767 -0.008547060 0.999960065 0.002615695 -1.686448574 0.001121778 -0.002606200 0.999995947 63.965953827
0.999966919 0.008061124 -0.001104235 1.147837162 -0.008058381 0.999964476 0.002466359 -1.696736097 0.001124078 -0.002457379 0.999996364 64.519798279
0.999963820 0.008442858 -0.001032138 1.156518340 -0.008439986 0.999960601 0.002756016 -1.713548183 0.001055366 -0.002747204 0.999995649 65.053451538
0.999964416 0.008375925 -0.001002541 1.170832276 -0.008373141 0.999961138 0.002749361 -1.730610013 0.001025531 -0.002740869 0.999995708 65.600891113
0.999966979 0.008027812 -0.001216530 1.181957006 -0.008023771 0.999962330 0.003290903 -1.748800516 0.001242903 -0.003281033 0.999993861 66.143280029
0.999962926 0.008547632 -0.000997807 1.188051343 -0.008544809 0.999959588 0.002798240 -1.758208871 0.001021685 -0.002789611 0.999995530 66.691131592
0.999964774 0.008309500 -0.001110434 1.202249408 -0.008306243 0.999961257 0.002904848 -1.774515033 0.001134529 -0.002895522 0.999995172 67.236991882
0.999965966 0.008187454 -0.000951603 1.210749626 -0.008184500 0.999961793 0.003066874 -1.789389610 0.000976676 -0.003058982 0.999994874 67.776618958
0.999965549 0.008242294 -0.000945398 1.221949816 -0.008239437 0.999961615 0.002986400 -1.808261633 0.000969976 -0.002978507 0.999995053 68.320877075
0.999957621 0.009172192 -0.000671859 1.227571249 -0.009170213 0.999953747 0.002890515 -1.823903203 0.000698341 -0.002884232 0.999995589 68.873855591
0.999956310 0.009299696 -0.000926601 1.238431811 -0.009296599 0.999951303 0.003294236 -1.841964722 0.000957191 -0.003285477 0.999994099 69.410682678
0.999957561 0.009195747 -0.000493144 1.244411230 -0.009194215 0.999953330 0.003016782 -1.859189987 0.000520863 -0.003012120 0.999995351 69.956047058
0.999958158 0.009134923 -0.000517099 1.255297780 -0.009133410 0.999954104 0.002862981 -1.868546247 0.000543229 -0.002858139 0.999995768 70.506446838
0.999962509 0.008611172 -0.000912877 1.272613168 -0.008608321 0.999958158 0.003081994 -1.888857007 0.000939378 -0.003074020 0.999994814 71.043182373
0.999964297 0.008381967 -0.001019639 1.286431313 -0.008379127 0.999961078 0.002758482 -1.904095411 0.001042721 -0.002749840 0.999995649 71.583961487
0.999954760 0.009493694 -0.000444715 1.286193132 -0.009492280 0.999950230 0.003077668 -1.919470549 0.000473911 -0.003073309 0.999995172 72.132179260
0.999955654 0.009402431 -0.000387003 1.294190526 -0.009401103 0.999950349 0.003302610 -1.941412449 0.000418037 -0.003298826 0.999994457 72.682945251
0.999955833 0.009396059 -0.000317157 1.308321238 -0.009394811 0.999948919 0.003733710 -1.959761381 0.000352223 -0.003730566 0.999992967 73.230072021
0.999955177 0.009461581 -0.000283439 1.315023661 -0.009460590 0.999949753 0.003314329 -1.966321230 0.000314784 -0.003311499 0.999994457 73.770973206
0.999953449 0.009662276 -0.000015625 1.319574952 -0.009662173 0.999948025 0.003253473 -1.982139230 0.000047060 -0.003253170 0.999994636 74.311294556
0.999956012 0.009380116 -0.000110998 1.333275914 -0.009379686 0.999950230 0.003392815 -1.995711327 0.000142818 -0.003391625 0.999994159 74.852287292
0.999959350 0.009009834 -0.000134831 1.341411948 -0.009009344 0.999954045 0.003275990 -2.010847569 0.000164341 -0.003274642 0.999994636 75.400413513
0.999960959 0.008830169 0.000032937 1.352448344 -0.008830229 0.999956191 0.003095112 -2.024131298 -0.000005605 -0.003095282 0.999995232 75.948081970
0.999954343 0.009547871 0.000259131 1.355078220 -0.009548670 0.999949038 0.003279972 -2.037583590 -0.000227801 -0.003282297 0.999994516 76.491058350
0.999949932 0.009989651 0.000561861 1.359935164 -0.009991181 0.999946177 0.002791772 -2.048539162 -0.000533942 -0.002797246 0.999995947 77.047798157
0.999952495 0.009711754 0.000794986 1.369345546 -0.009714225 0.999947786 0.003170079 -2.064301491 -0.000764157 -0.003177651 0.999994636 77.589355469
0.999955475 0.009424820 0.000419676 1.373236895 -0.009426007 0.999951303 0.002924572 -2.074753761 -0.000392091 -0.002928398 0.999995649 78.129249573
0.999946952 0.010132940 0.001841279 1.363557339 -0.010138678 0.999943614 0.003133377 -2.095580101 -0.001809425 -0.003151878 0.999993384 78.669143677
0.999945700 0.010260741 0.001822468 1.372836471 -0.010266531 0.999942303 0.003195910 -2.107896805 -0.001789570 -0.003214448 0.999993145 79.221397400
0.999947071 0.010055976 0.002217816 1.377066851 -0.010062017 0.999945641 0.002728280 -2.119525433 -0.002190260 -0.002750451 0.999993801 79.773345947
0.999946892 0.010113762 0.001940497 1.394723177 -0.010119569 0.999944270 0.003008095 -2.136478424 -0.001909965 -0.003027573 0.999993563 80.310981750
0.999945998 0.009765215 0.003539518 1.403547287 -0.009775331 0.999948144 0.002851951 -2.147123575 -0.003511484 -0.002886398 0.999989688 80.872421265
0.999932587 0.010492693 0.004995856 1.413945436 -0.010503454 0.999942541 0.002132499 -2.157581329 -0.004973195 -0.002184829 0.999985158 81.415084839
0.999914706 0.011327094 0.006500232 1.429810286 -0.011346824 0.999931097 0.003006355 -2.179371834 -0.006465730 -0.003079856 0.999974370 81.960662842
0.999911904 0.010700231 0.007871265 1.455900669 -0.010717092 0.999940336 0.002102928 -2.186789274 -0.007848295 -0.002187099 0.999966741 82.511985779
0.999873221 0.011224896 0.011293413 1.478370190 -0.011248846 0.999934614 0.002059353 -2.200036049 -0.011269559 -0.002186130 0.999934018 83.040557861
0.999839544 0.010160268 0.014748906 1.507441998 -0.010195130 0.999945402 0.002290436 -2.212070704 -0.014724828 -0.002440436 0.999888599 83.585227966
0.999784231 0.010890048 0.017684735 1.535502434 -0.010936765 0.999936879 0.002547090 -2.233326674 -0.017655881 -0.002739954 0.999840379 84.125701904
0.999683082 0.011719503 0.022280328 1.564499378 -0.011789897 0.999926031 0.003030847 -2.253196478 -0.022243157 -0.003292569 0.999747157 84.692024231
0.999536455 0.011148768 0.028328858 1.599029064 -0.011208987 0.999935269 0.001967845 -2.255437374 -0.028305087 -0.002284471 0.999596715 85.251937866
0.999353170 0.011240088 0.034159344 1.639645696 -0.011306546 0.999934554 0.001752921 -2.274200678 -0.034137405 -0.002138012 0.999414861 85.764572144
0.999147177 0.010598948 0.039906826 1.686498284 -0.010665242 0.999942064 0.001448666 -2.279552698 -0.039889164 -0.001873046 0.999202490 86.343528748
0.998700619 0.011422811 0.049664255 1.721484661 -0.011459255 0.999934196 0.000449102 -2.282630920 -0.049655858 -0.001017633 0.998765886 86.912422180
0.998273849 0.010998193 0.057692431 1.774194717 -0.011086739 0.999937773 0.001214894 -2.308227301 -0.057675488 -0.001852417 0.998333693 87.460044861
0.997840941 0.010728824 0.064796478 1.828781128 -0.010717093 0.999942362 -0.000528658 -2.305985451 -0.064798407 -0.000166913 0.997898340 88.011489868
0.997255504 0.011366507 0.073158547 1.901388645 -0.011433321 0.999934494 0.000494530 -2.329418421 -0.073148124 -0.001329618 0.997320294 88.552185059
0.996408224 0.010933015 0.083970733 1.959558010 -0.010888933 0.999940157 -0.000982931 -2.328939199 -0.083976448 0.000065048 0.996467710 89.102394104
0.995637655 0.010375253 0.092725314 2.025097370 -0.010308453 0.999946296 -0.001199347 -2.337795258 -0.092732780 0.000238260 0.995691001 89.638473511
0.994906247 0.009857699 0.100321151 2.096725464 -0.009701401 0.999950826 -0.002045723 -2.347738743 -0.100336388 0.001062047 0.994952977 90.185531616
0.993726850 0.010529691 0.111337878 2.173625946 -0.010442281 0.999944508 -0.001368188 -2.372861385 -0.111346096 0.000196984 0.993781686 90.711273193
0.992518604 0.010105876 0.121674582 2.265180588 -0.010021701 0.999948919 -0.001303767 -2.387528658 -0.121681556 0.000074627 0.992569149 91.248764038
0.991353273 0.009395830 0.130883276 2.358858109 -0.009193582 0.999955416 -0.002149414 -2.392716169 -0.130897641 0.000927542 0.991395473 91.810356140
0.989835918 0.009863467 0.141871735 2.454926491 -0.009684561 0.999951184 -0.001951486 -2.407967329 -0.141884089 0.000557685 0.989883125 92.346595764
0.988043189 0.009656045 0.153874472 2.556681633 -0.009418590 0.999953032 -0.002272087 -2.424781322 -0.153889239 0.000795640 0.988087714 92.885070801
0.986177742 0.009575779 0.165413916 2.663075447 -0.009350758 0.999954104 -0.002139048 -2.441075325 -0.165426821 0.000562737 0.986221910 93.442955017
0.984444320 0.008990445 0.175466269 2.783749580 -0.008734297 0.999959350 -0.002232051 -2.461474657 -0.175479203 0.000664755 0.984482884 93.963302612
0.982012689 0.009700980 0.188565671 2.897690773 -0.009372240 0.999952555 -0.002634960 -2.468980074 -0.188582316 0.000820281 0.982056975 94.484580994
0.979611754 0.009233131 0.200687572 3.038356781 -0.008862507 0.999956906 -0.002745154 -2.483833313 -0.200704306 0.000910590 0.979651451 95.024971008
0.977330804 0.008574427 0.211544141 3.164726257 -0.008247317 0.999963045 -0.002428592 -2.509272099 -0.211557135 0.000628867 0.977365434 95.546295166
0.974631786 0.008546473 0.223651081 3.317253113 -0.008088913 0.999962866 -0.002961958 -2.509867430 -0.223668098 0.001077724 0.974664748 96.086799622
0.971421659 0.008493762 0.237208173 3.468227386 -0.008050153 0.999963582 -0.002838680 -2.530874252 -0.237223655 0.000847993 0.971454680 96.607025146
0.968666553 0.007525629 0.248250902 3.612701416 -0.007146168 0.999971509 -0.002429641 -2.554165363 -0.248262078 0.000579469 0.968692720 97.108825684
0.965690017 0.006830517 0.259607345 3.782501221 -0.006262545 0.999975801 -0.003014836 -2.565210342 -0.259621680 0.001285594 0.965709567 97.624755859
0.961744130 0.007667849 0.273842126 3.947607040 -0.007217501 0.999970436 -0.002652015 -2.587143660 -0.273854315 0.000574104 0.961771131 98.138183594
0.958132207 0.007519937 0.286227256 4.126367569 -0.006851256 0.999970973 -0.003337590 -2.595747709 -0.286244005 0.001236837 0.958155930 98.643486023
0.954864323 0.006536842 0.296970397 4.317991257 -0.005811958 0.999977589 -0.003323782 -2.608083487 -0.296985507 0.001447781 0.954880774 99.153343201
0.950369298 0.005971070 0.311066896 4.484062195 -0.005352999 0.999981642 -0.002840658 -2.631124496 -0.311078072 0.001034534 0.950383782 99.661033630
0.945830286 0.006652017 0.324593335 4.678628922 -0.005946925 0.999977291 -0.003164223 -2.651872873 -0.324607074 0.001062486 0.945848346 100.154327393
0.941863775 0.005661593 0.335947692 4.879795074 -0.005072993 0.999983668 -0.002629679 -2.667985201 -0.335957050 0.000772538 0.941877007 100.655097961
0.937127233 0.005740310 0.348940700 5.093303680 -0.004975343 0.999982834 -0.003088441 -2.681446075 -0.348952413 0.001158162 0.937139750 101.180595398
0.931716204 0.005575056 0.363144189 5.321084976 -0.004686556 0.999983490 -0.003327666 -2.707960606 -0.363156646 0.001398545 0.931727052 101.688026428
0.926862180 0.005605640 0.375359893 5.545162201 -0.004735260 0.999983549 -0.003241195 -2.720408440 -0.375371873 0.001226714 0.926873505 102.188339233
0.922261715 0.004681400 0.386537731 5.780431747 -0.003598117 0.999987245 -0.003526010 -2.738565922 -0.386549354 0.001861096 0.922266781 102.674446106
0.916187584 0.004959590 0.400718838 6.017906189 -0.003926475 0.999986529 -0.003399227 -2.753417730 -0.400730312 0.001540918 0.916194677 103.167839050
0.910211563 0.004643690 0.414117485 6.254898071 -0.003449569 0.999987602 -0.003631321 -2.762852669 -0.414129168 0.001876744 0.910216212 103.647216797
0.905203700 0.003727563 0.424961567 6.506111145 -0.002434956 0.999990523 -0.003584787 -2.785293818 -0.424970925 0.002210199 0.905204296 104.114173889
0.898979247 0.003621837 0.437976211 6.762016296 -0.002293195 0.999991000 -0.003562455 -2.803062916 -0.437985182 0.002198209 0.898979485 104.578399658
0.892350554 0.003052790 0.451332629 7.031696320 -0.001509380 0.999991715 -0.003779629 -2.822287798 -0.451340437 0.002691522 0.892347753 105.056770325
0.886149645 0.002182122 0.463393807 7.297023773 -0.001007088 0.999995649 -0.002783121 -2.847330809 -0.463397801 0.001999584 0.886148095 105.531532288
0.880515993 0.001832289 0.474012911 7.573642731 -0.000437982 0.999995291 -0.003051881 -2.863386393 -0.474016219 0.002479620 0.880512595 105.983062744
0.873461485 0.001967983 0.486889184 7.852748871 -0.000704225 0.999995887 -0.002778581 -2.886099577 -0.486892641 0.002084103 0.873459280 106.425880432
0.866038918 0.001933836 0.499972701 8.147068024 -0.000502079 0.999995351 -0.002998178 -2.900793791 -0.499976158 0.002345514 0.866035938 106.881256104
0.860454679 0.001101578 0.509525836 8.442070007 0.000344757 0.999996185 -0.002744163 -2.920547247 -0.509526908 0.002536889 0.860450983 107.347442627
