1.000000000 0.000000000 0.000000000 0.000000000 0.000000000 1.000000000 0.000000000 0.000000000 0.000000000 0.000000000 1.000000000 0.000000000
1.000000000 0.000071120 0.000108949 -0.003186612 -0.000071102 1.000000000 -0.000171666 0.004192544 -0.000108961 0.000171659 1.000000000 0.003845752
1.000000000 0.000064459 0.000066009 -0.002280357 -0.000064448 1.000000000 -0.000168936 0.002834456 -0.000066020 0.000168932 1.000000000 0.000955793
0.999999940 0.000296541 0.000138508 -0.000850118 -0.000296521 0.999999940 -0.000144082 0.003376800 -0.000138551 0.000144041 1.000000000 -0.002001349
1.000000000 0.000175194 0.000036457 0.002613476 -0.000175191 1.000000000 -0.000069718 0.001769940 -0.000036469 0.000069712 1.000000000 -0.001154062
1.000000000 0.000086762 0.000009305 0.000876915 -0.000086762 1.000000000 -0.000003213 0.001497300 -0.000009305 0.000003212 1.000000000 -0.002784744
1.000000000 0.000015921 0.000081894 -0.002257294 -0.000015911 1.000000000 -0.000124966 0.001545282 -0.000081896 0.000124965 1.000000000 -0.002078429
1.000000000 0.000005851 -0.000011973 0.000368204 -0.000005851 1.000000000 -0.000026537 0.001727531 0.000011973 0.000026537 1.000000000 -0.002770294
1.000000000 -0.000003109 0.000119854 -0.005287591 0.000003129 1.000000000 -0.000170404 0.003976713 -0.000119853 0.000170404 1.000000000 0.003980653
0.999999940 0.000179631 0.000239796 -0.005719286 -0.000179594 1.000000000 -0.000157465 0.002857821 -0.000239824 0.000157422 0.999999940 -0.000868032
1.000000000 0.000201536 0.000118625 0.000540334 -0.000201520 0.999999940 -0.000138925 0.002386007 -0.000118653 0.000138901 1.000000000 -0.004115559
0.999999940 0.000231828 0.000166139 -0.002360697 -0.000231815 0.999999940 -0.000079972 0.002670766 -0.000166157 0.000079933 1.000000000 -0.003119825
1.000000000 0.000081355 0.000186098 -0.004943360 -0.000081346 1.000000000 -0.000049963 0.000486859 -0.000186102 0.000049948 1.000000000 -0.003222122
1.000000000 -0.000027934 0.000114660 -0.002740954 0.000027941 1.000000000 -0.000053871 0.000216560 -0.000114659 0.000053874 1.000000000 -0.001988525
1.000000000 0.000053270 0.000049705 0.000124209 -0.000053266 1.000000000 -0.000080160 0.001799576 -0.000049709 0.000080157 1.000000000 -0.005506384
1.000000000 -0.000157284 -0.000079389 0.001890688 0.000157287 1.000000000 0.000033024 0.000544699 0.000079383 -0.000033036 1.000000000 -0.006558968
0.999999940 -0.000345694 -0.000130003 0.002173253 0.000345691 0.999999940 -0.000020140 -0.001278615 0.000130010 0.000020095 1.000000000 -0.009813285
1.000000000 -0.000053154 0.000126290 -0.003667457 0.000053159 1.000000000 -0.000038061 0.000144054 -0.000126288 0.000038068 1.000000000 -0.003033463
1.000000000 0.000099631 -0.000017621 0.000184928 -0.000099630 1.000000000 0.000051484 0.001432715 0.000017626 -0.000051482 1.000000000 -0.007786407
1.000000000 -0.000088713 -0.000021337 -0.001527749 0.000088712 1.000000000 -0.000034652 -0.000206742 0.000021340 0.000034651 1.000000000 -0.006911759
1.000000000 0.000007557 0.000047808 -0.001134621 -0.000007552 1.000000000 -0.000096793 0.001746003 -0.000047809 0.000096792 1.000000000 -0.007140145
1.000000000 -0.000117309 0.000054231 -0.001148181 0.000117309 1.000000000 0.000004302 -0.000688027 -0.000054232 -0.000004296 1.000000000 -0.005155976
1.000000000 0.000129385 0.000173061 -0.006775131 -0.000129350 1.000000000 -0.000202772 0.003210983 -0.000173087 0.000202750 0.999999940 0.002618323
1.000000000 -0.000103736 -0.000067040 -0.000091913 0.000103728 1.000000000 -0.000122343 0.000816883 0.000067053 0.000122336 1.000000000 0.001140655
1.000000000 -0.000053054 0.000037278 -0.001468859 0.000053054 1.000000000 0.000003409 0.002175621 -0.000037278 -0.000003407 1.000000000 0.000737729
1.000000000 0.000077504 -0.000024704 0.002196447 -0.000077506 1.000000000 -0.000089669 0.002850163 0.000024697 0.000089671 1.000000000 -0.006800134
1.000000000 -0.000076581 0.000084555 -0.001851903 0.000076589 1.000000000 -0.000094195 0.002477132 -0.000084548 0.000094202 1.000000000 -0.004610260
0.999999940 0.000224840 0.000238632 -0.005390805 -0.000224787 0.999999940 -0.000222767 0.003138686 -0.000238682 0.000222713 0.999999940 0.000275850
1.000000000 0.000047213 0.000150029 -0.005039394 -0.000047212 1.000000000 -0.000006850 0.001896171 -0.000150029 0.000006843 1.000000000 -0.000551363
1.000000000 -0.000135475 0.000056173 -0.004872011 0.000135482 1.000000000 -0.000117561 0.005738236 -0.000056157 0.000117568 1.000000000 0.003017633
1.000000000 -0.000078406 0.000039406 -0.003095414 0.000078408 1.000000000 -0.000050982 0.002005291 -0.000039402 0.000050985 1.000000000 -0.000782646
1.000000000 -0.000135643 0.000109995 -0.003802900 0.000135637 1.000000000 0.000052565 0.001143998 -0.000110002 -0.000052550 1.000000000 0.000587919
1.000000000 -0.000183967 0.000094632 -0.004072475 0.000183959 1.000000000 0.000078049 0.000623589 -0.000094646 -0.000078032 1.000000000 -0.004503019
1.000000000 -0.000184939 -0.000005379 -0.001627740 0.000184939 1.000000000 0.000071502 0.001328305 0.000005366 -0.000071503 1.000000000 -0.005024439
1.000000000 0.000043357 0.000060065 -0.003238765 -0.000043352 1.000000000 -0.000087148 0.000774237 -0.000060069 0.000087146 1.000000000 -0.001891317
1.000000000 0.000025374 0.000100723 -0.004136263 -0.000025364 1.000000000 -0.000097682 0.002573521 -0.000100726 0.000097679 1.000000000 -0.000484455
1.000000000 -0.000181374 -0.000146946 0.002377355 0.000181390 1.000000000 0.000109992 -0.000008154 0.000146926 -0.000110019 1.000000000 -0.011580713
1.000000000 -0.000034814 0.000071379 -0.003394228 0.000034831 1.000000000 -0.000235986 0.004231944 -0.000071371 0.000235988 0.999999940 0.000529603
1.000000000 -0.000167152 0.000108397 -0.003567543 0.000167150 1.000000000 0.000010306 0.001676914 -0.000108398 -0.000010288 1.000000000 0.000091865
1.000000000 -0.000004867 -0.000044850 0.001493452 0.000004878 1.000000000 0.000227531 -0.002309185 0.000044849 -0.000227531 1.000000000 -0.009522089
0.999999940 -0.000277260 -0.000146077 0.000374607 0.000277271 0.999999940 0.000074278 -0.001540146 0.000146056 -0.000074319 1.000000000 -0.001107792
1.000000000 0.000098111 0.000072315 0.002360557 -0.000098070 0.999999821 -0.000572348 -0.004845458 -0.000072371 0.000572340 0.999999821 0.048752919
1.000000000 0.000048910 -0.000016261 0.000384170 -0.000048933 0.999998987 -0.001421693 -0.000424292 0.000016191 0.001421694 0.999998987 0.148883015
1.000000000 -0.000063132 -0.000059545 0.004113629 0.000063049 0.999999046 -0.001391627 -0.010142054 0.000059633 0.001391623 0.999999046 0.263373226
0.999999940 -0.000264731 0.000045261 0.001461538 0.000264791 0.999999046 -0.001343035 -0.010774153 -0.000044906 0.001343047 0.999999106 0.391568303
1.000000000 0.000016070 -0.000171471 0.007619733 -0.000016273 0.999999285 -0.001181330 -0.018209718 0.000171452 0.001181333 0.999999285 0.534163654
1.000000000 0.000023926 0.000022777 0.007913467 -0.000023907 0.999999642 -0.000850963 -0.033459093 -0.000022797 0.000850963 0.999999642 0.679580569
0.999999821 -0.000543367 -0.000138399 0.016426526 0.000543296 0.999999702 -0.000511582 -0.033226546 0.000138677 0.000511507 0.999999881 0.853305459
0.999999940 -0.000210292 -0.000309492 0.026620548 0.000210127 0.999999821 -0.000535193 -0.036640946 0.000309605 0.000535128 0.999999821 1.028560281
1.000000000 -0.000168412 -0.000026700 0.024553042 0.000168393 0.999999702 -0.000716968 -0.034983616 0.000026821 0.000716963 0.999999762 1.208765030
0.999999821 -0.000530606 -0.000354327 0.040009730 0.000530449 0.999999762 -0.000441292 -0.046909221 0.000354561 0.000441104 0.999999821 1.413577199
0.999999464 -0.000665007 -0.000790896 0.044056889 0.000664894 0.999999762 -0.000143896 -0.061574854 0.000790991 0.000143370 0.999999702 1.609937906
0.999997199 -0.001484429 -0.001807526 0.056615014 0.001486236 0.999998391 0.000999266 -0.089730270 0.001806040 -0.001001950 0.999997795 1.934866071
0.999996066 -0.002105962 -0.001827666 0.067988902 0.002108421 0.999996841 0.001344187 -0.098881021 0.001824830 -0.001348036 0.999997377 2.130815506
0.999995708 -0.001853474 -0.002279416 0.075587332 0.001856864 0.999997199 0.001485767 -0.109903075 0.002276656 -0.001489993 0.999996305 2.390456915
0.999995172 -0.001912369 -0.002455503 0.083085090 0.001916727 0.999996662 0.001773863 -0.116177186 0.002452102 -0.001778561 0.999995410 2.608770370
0.999995649 -0.001857510 -0.002307958 0.080408305 0.001861593 0.999996781 0.001768055 -0.122477807 0.002304666 -0.001772344 0.999995768 2.838976383
0.999997497 -0.001439681 -0.001747147 0.080617830 0.001443255 0.999996901 0.002046107 -0.131153822 0.001744196 -0.002048624 0.999996364 3.071635723
0.999996722 -0.001639634 -0.001987377 0.089626469 0.001643559 0.999996722 0.001974717 -0.142268255 0.001984133 -0.001977977 0.999996126 3.316730261
0.999990940 -0.002862767 -0.003158774 0.104458950 0.002868511 0.999994159 0.001815300 -0.149757192 0.003153559 -0.001824345 0.999993384 3.692435265
0.999992073 -0.002655545 -0.002979723 0.107082047 0.002661612 0.999994397 0.002034255 -0.158012062 0.002974304 -0.002042169 0.999993563 3.944902658
0.999993920 -0.002174512 -0.002734709 0.107398510 0.002179794 0.999995828 0.001930189 -0.164622754 0.002730500 -0.001936138 0.999994397 4.197645187
0.999993503 -0.002503106 -0.002598325 0.113071889 0.002508924 0.999994278 0.002238542 -0.173915774 0.002592707 -0.002245046 0.999994159 4.480163574
0.999994874 -0.002009935 -0.002499989 0.106118008 0.002015921 0.999995112 0.002394051 -0.176125079 0.002495165 -0.002399078 0.999994040 4.704388618
0.999981165 -0.004288678 -0.004382995 0.132996306 0.004300262 0.999987304 0.002637169 -0.208471030 0.004371629 -0.002655968 0.999986947 5.158218861
0.999982238 -0.004150534 -0.004284053 0.138875857 0.004162343 0.999987602 0.002751241 -0.217902079 0.004272581 -0.002769024 0.999987066 5.418067932
0.999981940 -0.004215599 -0.004294872 0.143915445 0.004227317 0.999987364 0.002722932 -0.219988272 0.004283339 -0.002741038 0.999987125 5.667232037
0.999978423 -0.004719854 -0.004575503 0.152931124 0.004732741 0.999984801 0.002809392 -0.228912845 0.004562174 -0.002830985 0.999985635 5.931232452
0.999976099 -0.004991979 -0.004787617 0.138110876 0.005007447 0.999982238 0.003224247 -0.267265290 0.004771437 -0.003248143 0.999983370 6.360575199
0.999978125 -0.004586931 -0.004765952 0.144774467 0.004602197 0.999984205 0.003196904 -0.272662610 0.004751213 -0.003218768 0.999983549 6.627987862
0.999980152 -0.004384365 -0.004531206 0.144093558 0.004399004 0.999985039 0.003225692 -0.282749414 0.004516996 -0.003245560 0.999984622 6.909360886
0.999977946 -0.005140338 -0.004211340 0.149325237 0.005154443 0.999981046 0.003345143 -0.291769087 0.004194065 -0.003366776 0.999985576 7.178810596
0.999977291 -0.005086796 -0.004411285 0.149857819 0.005101977 0.999981046 0.003436968 -0.307917237 0.004393718 -0.003459396 0.999984384 7.489737034
0.999983907 -0.004310544 -0.003686595 0.141577214 0.004320971 0.999986649 0.002825285 -0.304245859 0.003674368 -0.002841169 0.999989212 7.877418995
0.999984622 -0.004065626 -0.003792134 0.155313939 0.004077244 0.999986947 0.003061106 -0.322581977 0.003779639 -0.003076520 0.999988079 8.167434692
0.999984086 -0.004227805 -0.003733103 0.157816306 0.004240255 0.999985397 0.003333464 -0.331833243 0.003718956 -0.003349240 0.999987483 8.494981766
0.999984860 -0.004303891 -0.003409056 0.153093964 0.004315782 0.999984562 0.003488574 -0.332074583 0.003393989 -0.003503234 0.999988079 8.811857224
0.999985814 -0.004193141 -0.003272321 0.152187556 0.004204839 0.999984682 0.003576063 -0.334536761 0.003257276 -0.003589772 0.999988258 9.130142212
0.999984324 -0.004654130 -0.003110680 0.148295954 0.004664904 0.999983132 0.003465360 -0.367714763 0.003094499 -0.003479817 0.999989092 9.570572853
0.999982655 -0.005054237 -0.003033121 0.150127143 0.005065025 0.999980927 0.003559708 -0.374251217 0.003015072 -0.003575009 0.999989092 9.903093338
0.999985278 -0.004598692 -0.002866903 0.161103263 0.004609632 0.999982059 0.003821307 -0.389640659 0.002849278 -0.003834466 0.999988556 10.230851173
0.999979377 -0.005511482 -0.003312292 0.176052839 0.005523914 0.999977708 0.003756230 -0.396579444 0.003291516 -0.003774449 0.999987483 10.582205772
0.999981165 -0.005021612 -0.003525226 0.180232093 0.005034985 0.999980152 0.003795172 -0.399612188 0.003506097 -0.003812850 0.999986589 10.922274590
0.999980807 -0.005154499 -0.003460821 0.199918836 0.005169514 0.999977231 0.004343681 -0.412507445 0.003438352 -0.004361488 0.999984622 11.261138916
0.999980032 -0.005330607 -0.003396659 0.174250096 0.005344854 0.999976873 0.004199228 -0.448366880 0.003374196 -0.004217298 0.999985397 11.842821121
0.999978662 -0.005702808 -0.003188614 0.175263420 0.005717021 0.999973714 0.004466579 -0.455354065 0.003163058 -0.004484713 0.999984920 12.227195740
0.999981821 -0.005174330 -0.003108179 0.178271979 0.005188645 0.999975920 0.004615558 -0.468097389 0.003084222 -0.004631601 0.999984503 12.610654831
0.999981880 -0.005422589 -0.002645712 0.184569836 0.005433654 0.999976456 0.004193239 -0.467459351 0.002622911 -0.004207539 0.999987662 13.020521164
0.999984562 -0.004783683 -0.002862848 0.197089896 0.004798687 0.999974668 0.005257218 -0.485880852 0.002837627 -0.005270874 0.999982059 13.388406754
0.999980748 -0.005296464 -0.003225066 0.202255636 0.005311656 0.999974668 0.004720348 -0.511501014 0.003199984 -0.004737387 0.999983668 13.882734299
0.999981105 -0.005331057 -0.003050758 0.208547562 0.005345149 0.999974906 0.004629878 -0.517829835 0.003026000 -0.004646097 0.999984682 14.289301872
0.999978065 -0.005499618 -0.003682061 0.228526741 0.005517950 0.999972343 0.004987258 -0.530580223 0.003654531 -0.005007466 0.999980748 14.688171387
0.999982297 -0.004990865 -0.003250421 0.237469971 0.005006431 0.999975920 0.004798272 -0.529462457 0.003226396 -0.004814459 0.999983132 15.121280670
0.999975324 -0.006210161 -0.003290796 0.230879337 0.006227800 0.999966085 0.005377445 -0.562453032 0.003257290 -0.005397806 0.999980092 15.478084564
0.999968827 -0.007062188 -0.003538189 0.245094612 0.007084494 0.999954820 0.006331653 -0.637326360 0.003493314 -0.006356522 0.999973655 16.078250885
0.999976695 -0.006122810 -0.003028964 0.252879351 0.006143984 0.999956429 0.007031454 -0.652354360 0.002985780 -0.007049900 0.999970675 16.482128143
0.999963880 -0.007648282 -0.003706468 0.267369568 0.007673971 0.999946296 0.006967109 -0.663622260 0.003652982 -0.006995301 0.999968946 16.908708572
0.999977231 -0.006301525 -0.002409921 0.277383566 0.006317340 0.999958217 0.006612473 -0.672841966 0.002368151 -0.006627547 0.999975264 17.391181946
0.999984622 -0.005427987 -0.001077171 0.247657150 0.005436018 0.999956429 0.007597947 -0.701451480 0.001035882 -0.007603684 0.999970615 17.853170395
0.999975920 -0.006704607 -0.001771303 0.284063935 0.006717463 0.999950469 0.007354729 -0.717022717 0.001721904 -0.007366450 0.999971390 18.377983093
0.999970198 -0.007502718 -0.001803826 0.262155265 0.007516371 0.999942183 0.007684728 -0.744891882 0.001746065 -0.007698057 0.999968827 18.801187515
0.999967158 -0.007753536 -0.002353523 0.275045574 0.007772909 0.999935031 0.008337256 -0.757956147 0.002288727 -0.008355276 0.999962509 19.259035110
0.999979496 -0.006320615 -0.001006938 0.273174971 0.006328466 0.999948084 0.007994612 -0.762357235 0.000956355 -0.008000820 0.999967515 19.743457794
0.999975860 -0.006921432 -0.000569664 0.287419379 0.006926022 0.999939978 0.008494782 -0.774659634 0.000510834 -0.008498523 0.999963760 20.202831268
0.999978185 -0.006502582 -0.001154076 0.305119902 0.006512342 0.999941230 0.008664821 -0.788115323 0.001097665 -0.008672147 0.999961793 20.667860031
0.999974847 -0.007051835 -0.000757200 0.319145411 0.007058484 0.999933124 0.009170560 -0.804173529 0.000692480 -0.009175675 0.999957621 21.157785416
0.999980509 -0.006209144 -0.000647674 0.318732321 0.006215088 0.999934494 0.009618512 -0.822937787 0.000587909 -0.009622350 0.999953508 21.631414413
0.999974191 -0.007092933 -0.001112612 0.312025160 0.007102838 0.999932766 0.009167858 -0.844667435 0.001047510 -0.009175528 0.999957323 22.177433014
0.999970317 -0.007538307 -0.001582873 0.326737434 0.007552166 0.999931455 0.008940022 -0.855312109 0.001515372 -0.008951711 0.999958813 22.679424286
0.999969184 -0.007591072 -0.002026408 0.342091084 0.007609697 0.999927342 0.009347769 -0.874845982 0.001955302 -0.009362902 0.999954224 23.198986053
0.999970973 -0.007471506 -0.001556667 0.325837046 0.007485189 0.999931753 0.008978116 -0.874070823 0.001489481 -0.008989506 0.999958515 23.705278397
0.999964952 -0.008096165 -0.002133892 0.330479920 0.008116310 0.999920905 0.009607339 -0.891976237 0.002055941 -0.009624322 0.999951601 24.151088715
0.999964416 -0.007986641 -0.002708117 0.324677944 0.008012312 0.999921799 0.009604377 -0.903517723 0.002631198 -0.009625733 0.999950290 24.668741226
0.999966800 -0.007652365 -0.002800494 0.329349846 0.007678839 0.999924719 0.009568016 -0.909600019 0.002727065 -0.009589203 0.999950290 25.219274521
0.999967933 -0.007409221 -0.003031289 0.319668204 0.007436877 0.999929905 0.009216161 -0.921662569 0.002962792 -0.009238408 0.999952972 25.750600815
0.999961078 -0.007644561 -0.004388272 0.346703589 0.007681161 0.999935329 0.008385044 -0.927105069 0.004323889 -0.008418426 0.999955177 26.288160324
0.999961317 -0.007293492 -0.004900157 0.359592319 0.007335069 0.999936759 0.008521251 -0.929823160 0.004837698 -0.008556864 0.999951661 26.839008331
0.999962270 -0.006504185 -0.005753611 0.359139621 0.006551724 0.999944210 0.008282434 -0.934247971 0.005699420 -0.008319817 0.999949157 27.391540527
0.999951780 -0.007830354 -0.005922101 0.361331016 0.007882025 0.999930620 0.008752531 -0.955763221 0.005853155 -0.008798788 0.999944091 27.877487183
0.999945104 -0.008063744 -0.006686303 0.373415500 0.008122480 0.999928176 0.008804361 -0.956790447 0.006614827 -0.008858187 0.999938846 28.428874969
0.999949038 -0.007532489 -0.006717771 0.366782278 0.007590097 0.999934316 0.008591456 -0.967249036 0.006652614 -0.008642008 0.999940574 29.026477814
0.999966741 -0.005581773 -0.005930744 0.371107310 0.005635170 0.999943376 0.009025099 -0.991966248 0.005880033 -0.009058221 0.999941647 29.571752548
0.999946892 -0.007178407 -0.007394720 0.388594180 0.007249474 0.999927282 0.009628925 -1.006084561 0.007325063 -0.009682022 0.999926269 30.052692413
0.999947608 -0.006887427 -0.007580294 0.389626086 0.006961588 0.999927640 0.009800789 -1.025140643 0.007512245 -0.009853046 0.999923170 30.599773407
0.999956071 -0.006125865 -0.007093228 0.383462429 0.006190470 0.999939144 0.009122101 -1.029283643 0.007036917 -0.009165611 0.999933183 31.175575256
0.999932468 -0.007891967 -0.008518779 0.425351769 0.007972762 0.999923110 0.009492370 -1.028417706 0.008443210 -0.009559648 0.999918699 31.753448486
0.999914944 -0.008746596 -0.009676237 0.486430436 0.008844245 0.999909818 0.010095320 -1.061363459 0.009587066 -0.010180037 0.999902189 32.257045746
0.999935925 -0.006568550 -0.009220412 0.437269539 0.006661607 0.999926746 0.010098326 -1.085677147 0.009153406 -0.010159100 0.999906480 32.613536835
0.999933064 -0.006262039 -0.009727133 0.448840469 0.006363905 0.999924839 0.010476865 -1.101225376 0.009660795 -0.010538066 0.999897778 33.151020050
0.999933124 -0.006687398 -0.009435331 0.457396597 0.006783945 0.999924541 0.010237824 -1.114917517 0.009366156 -0.010301149 0.999903023 33.724990845
0.999940872 -0.005958638 -0.009093506 0.438796878 0.006048793 0.999932408 0.009919149 -1.093616128 0.009033789 -0.009973568 0.999909401 34.265972137
0.999956131 -0.003619201 -0.008639002 0.477084041 0.003705852 0.999942720 0.010035245 -1.104967952 0.008602188 -0.010066819 0.999912322 34.870761871
0.999939919 -0.006153494 -0.009080053 0.462870628 0.006253389 0.999919713 0.011014366 -1.137267590 0.009011548 -0.011070483 0.999898136 35.340927124
0.999915183 -0.007896036 -0.010358910 0.435182363 0.008022252 0.999893367 0.012199954 -1.186798453 0.010261474 -0.012282021 0.999871910 35.789768219
0.999913335 -0.008021951 -0.010440971 0.432359785 0.008143856 0.999898493 0.011685919 -1.190844417 0.010346169 -0.011769937 0.999877155 36.299701691
0.999911010 -0.007529675 -0.011017201 0.448544770 0.007666759 0.999893010 0.012453764 -1.212620139 0.010922250 -0.012537122 0.999861777 36.839866638
0.999916196 -0.006970740 -0.010905011 0.444442064 0.007106493 0.999897063 0.012459905 -1.235020757 0.010817033 -0.012536359 0.999862969 37.409145355
0.999919236 -0.006639157 -0.010845176 0.437162399 0.006775126 0.999898255 0.012548968 -1.255662322 0.010760758 -0.012621432 0.999862432 38.051914215
0.999927580 -0.005913924 -0.010487623 0.446301877 0.006048919 0.999898612 0.012887036 -1.257737875 0.010410346 -0.012949542 0.999861956 38.533832550
0.999931097 -0.006444947 -0.009812927 0.421689481 0.006577483 0.999886692 0.013534406 -1.282624364 0.009724586 -0.013598016 0.999860287 39.089244843
0.999916375 -0.007096767 -0.010810734 0.437476724 0.007237129 0.999889314 0.013000292 -1.307283044 0.010717277 -0.013077443 0.999857068 39.515739441
0.999913752 -0.007550185 -0.010744777 0.433254182 0.007689996 0.999885499 0.013030747 -1.322579145 0.010645164 -0.013112249 0.999857306 40.060840607
0.999905467 -0.007616616 -0.011447499 0.449248075 0.007765167 0.999885499 0.012988810 -1.321099758 0.011347259 -0.013076472 0.999850094 40.576282501
0.999901593 -0.007991193 -0.011531987 0.462158024 0.008147640 0.999874532 0.013583700 -1.357856512 0.011421991 -0.013676322 0.999841273 41.164695740
0.999891460 -0.009019984 -0.011643853 0.469152421 0.009188867 0.999852180 0.014532984 -1.370179415 0.011511044 -0.014638402 0.999826610 41.729251862
0.999883056 -0.009602967 -0.011899744 0.486698568 0.009776376 0.999845684 0.014601057 -1.393839598 0.011757695 -0.014715686 0.999822557 42.276985168
0.999864817 -0.010028938 -0.013027959 0.531640232 0.010242430 0.999812663 0.016425215 -1.450002193 0.012860790 -0.016556429 0.999780238 42.840431213
0.999889374 -0.008208293 -0.012403644 0.515169978 0.008399741 0.999845207 0.015462391 -1.429241657 0.012274805 -0.015564867 0.999803483 43.346187592
0.999898911 -0.007696718 -0.011951064 0.543806612 0.007877461 0.999854207 0.015150872 -1.420872927 0.011832710 -0.015243484 0.999813795 43.875762939
0.999882996 -0.009406107 -0.012059040 0.512551606 0.009601299 0.999822080 0.016231922 -1.435632348 0.011904217 -0.016345803 0.999795556 44.367401123
0.999897182 -0.007688913 -0.012097617 0.463297307 0.007858163 0.999870956 0.014005644 -1.406836867 0.011988367 -0.014099269 0.999828756 44.819259644
0.999900877 -0.007579530 -0.011868299 0.462059677 0.007742198 0.999875844 0.013720681 -1.411359429 0.011762830 -0.013811207 0.999835491 45.361492157
0.999881625 -0.008948896 -0.012513055 0.477819860 0.009127134 0.999856591 0.014260523 -1.421013117 0.012383644 -0.014373045 0.999819994 45.911678314
0.999883533 -0.008529294 -0.012659528 0.486141980 0.008705537 0.999864995 0.013932538 -1.418196440 0.012538984 -0.014041123 0.999822795 46.439758301
0.999863386 -0.010111957 -0.013076676 0.506680965 0.010291697 0.999852419 0.013751655 -1.423202515 0.012935692 -0.013884358 0.999819875 46.985420227
0.999881983 -0.008919595 -0.012508832 0.501114547 0.009088643 0.999867201 0.013523140 -1.437408686 0.012386552 -0.013635232 0.999830246 47.456119537
0.999891102 -0.008450261 -0.012101620 0.494328260 0.008616967 0.999867737 0.013790203 -1.447893023 0.011983491 -0.013892980 0.999831676 48.008666992
0.999881566 -0.008570421 -0.012777578 0.503438652 0.008728510 0.999885321 0.012368472 -1.437932611 0.012670113 -0.012478539 0.999841869 48.559509277
0.999897003 -0.007696383 -0.012112631 0.497970164 0.007846490 0.999892414 0.012394243 -1.449681520 0.012015939 -0.012488007 0.999849796 49.097045898
0.999891222 -0.008039761 -0.012361959 0.527620137 0.008189289 0.999893367 0.012093056 -1.439667940 0.012263415 -0.012192979 0.999850392 49.589405060
0.999886334 -0.008512913 -0.012439725 0.513931155 0.008684284 0.999867260 0.013787664 -1.486220241 0.012320701 -0.013894127 0.999827564 50.054843903
0.999878466 -0.009072822 -0.012678625 0.524556637 0.009239517 0.999870896 0.013151672 -1.488590837 0.012557665 -0.013267217 0.999833107 50.605155945
0.999864459 -0.009816812 -0.013216377 0.532163382 0.009982173 0.999872029 0.012504559 -1.492815495 0.013091930 -0.012634792 0.999834478 51.162014008
0.999873698 -0.009368503 -0.012830390 0.535074115 0.009522191 0.999883115 0.011970217 -1.490681767 0.012716746 -0.012090880 0.999846041 51.733539581
0.999877691 -0.008689744 -0.013004540 0.541126668 0.008872719 0.999861538 0.014079116 -1.515182614 0.012880397 -0.014192780 0.999816239 52.093997955
0.999875724 -0.008659014 -0.013175836 0.536423087 0.008844765 0.999861419 0.014105436 -1.520896435 0.013051873 -0.014220222 0.999813616 52.635925293
0.999872863 -0.008912412 -0.013222608 0.550291240 0.009084318 0.999874294 0.012998445 -1.520411968 0.013105098 -0.013116911 0.999828100 53.172885895
0.999880135 -0.008921774 -0.012656770 0.551352262 0.009082242 0.999878347 0.012678112 -1.520747662 0.012542120 -0.012791542 0.999839485 53.715000153
0.999876380 -0.008859714 -0.012988073 0.568797410 0.009036725 0.999866307 0.013634111 -1.527253151 0.012865540 -0.013749794 0.999822676 54.134449005
0.999882996 -0.008412127 -0.012774865 0.573776066 0.008584436 0.999872148 0.013493671 -1.534256220 0.012659721 -0.013601758 0.999827325 54.672737122
0.999887586 -0.008395026 -0.012427407 0.538902879 0.008560145 0.999874949 0.013293470 -1.535024881 0.012314255 -0.013398358 0.999834418 55.164886475
0.999866068 -0.009366663 -0.013423143 0.569344580 0.009543547 0.999867618 0.013174659 -1.562970757 0.013297966 -0.013300998 0.999823093 55.671516418
0.999881744 -0.007807088 -0.013249553 0.582480788 0.007972163 0.999890625 0.012452165 -1.538583279 0.013150888 -0.012556319 0.999834657 56.254852295
0.999875963 -0.009130793 -0.012834163 0.539844036 0.009307430 0.999861777 0.013771307 -1.577876568 0.012706649 -0.013889050 0.999822795 56.574295044
0.999875426 -0.009398508 -0.012684030 0.540315688 0.009570615 0.999862015 0.013576945 -1.592311502 0.012554678 -0.013696646 0.999827385 57.109836578
0.999875486 -0.009376790 -0.012688444 0.549461186 0.009544327 0.999867141 0.013208375 -1.587695837 0.012562907 -0.013327833 0.999832213 57.662300110
0.999884307 -0.008858000 -0.012368294 0.538771093 0.009027262 0.999865413 0.013696992 -1.614989638 0.012245302 -0.013807060 0.999829650 58.226245880
0.999874830 -0.009542014 -0.012615375 0.535863280 0.009713799 0.999859929 0.013626699 -1.614976525 0.012483584 -0.013747537 0.999827564 58.576732635
0.999859273 -0.010309389 -0.013231744 0.547724843 0.010489279 0.999852598 0.013598858 -1.617465258 0.013089598 -0.013735738 0.999819994 59.111015320
0.999872804 -0.009825216 -0.012564544 0.539137542 0.009990864 0.999863088 0.013189737 -1.625953555 0.012433232 -0.013313590 0.999834120 59.651302338
0.999875367 -0.009907993 -0.012293462 0.555989146 0.010074723 0.999857008 0.013575450 -1.639876604 0.012157200 -0.013697610 0.999832273 60.146587372
0.999885798 -0.008933207 -0.012192043 0.531802893 0.009105694 0.999858201 0.014166057 -1.656281590 0.012063767 -0.014275454 0.999825299 60.681823730
0.999879241 -0.009515255 -0.012288897 0.549578547 0.009671701 0.999872148 0.012734642 -1.647058249 0.012166155 -0.012851957 0.999843419 61.217697144
0.999857128 -0.010386360 -0.013334881 0.563901663 0.010571446 0.999847651 0.013885196 -1.677219987 0.013188634 -0.014024182 0.999814630 61.642135620
0.999871433 -0.009730345 -0.012745716 0.556293726 0.009918793 0.999841154 0.014806497 -1.697980642 0.012599620 -0.014931015 0.999809146 62.188976288
0.999859273 -0.010417688 -0.013149404 0.572990716 0.010596267 0.999851584 0.013585050 -1.693881392 0.013005928 -0.013722476 0.999821246 62.734233856
0.999857366 -0.010800379 -0.012988959 0.568778098 0.010959617 0.999864817 0.012251397 -1.657245040 0.012854883 -0.012392001 0.999840617 63.269462585
0.999840021 -0.010976486 -0.014123047 0.590960145 0.011161445 0.999852002 0.013084759 -1.710258484 0.013977333 -0.013240300 0.999814689 63.832286835
0.999842823 -0.011464331 -0.013524582 0.550991654 0.011658065 0.999829292 0.014333760 -1.732508659 0.013357948 -0.014489178 0.999805808 64.207397461
0.999834299 -0.011974866 -0.013711683 0.554485679 0.012176862 0.999817133 0.014744216 -1.742447853 0.013532614 -0.014908737 0.999797344 64.749824524
0.999847591 -0.010872463 -0.013662336 0.575364590 0.011058392 0.999846220 0.013607709 -1.735339165 0.013512287 -0.013756719 0.999814034 65.323432922
0.999844134 -0.011597313 -0.013314686 0.574475467 0.011785386 0.999830663 0.014134737 -1.747888088 0.013148508 -0.014289451 0.999811471 65.853103638
0.999830663 -0.012067805 -0.013901322 0.569075882 0.012266488 0.999822497 0.014296815 -1.755920649 0.013726325 -0.014464913 0.999801099 66.227844238
0.999836504 -0.011875561 -0.013640842 0.563922226 0.012060125 0.999835730 0.013528630 -1.764020205 0.013477942 -0.013690926 0.999815404 66.785301208
0.999840319 -0.011322413 -0.013819763 0.577018738 0.011514910 0.999836624 0.013929973 -1.770786524 0.013659785 -0.014086884 0.999807417 67.317947388
0.999849856 -0.011148638 -0.013263177 0.574456990 0.011330982 0.999841154 0.013753464 -1.784161925 0.013107737 -0.013901685 0.999817431 67.833038330
0.999839842 -0.011700880 -0.013541585 0.566888332 0.011889392 0.999832332 0.013925202 -1.790222287 0.013376378 -0.014083973 0.999811351 68.233856201
0.999854147 -0.010835968 -0.013205089 0.553569376 0.011023580 0.999838114 0.014218547 -1.803532362 0.013048880 -0.014362040 0.999811769 68.796592712
0.999874175 -0.009438877 -0.012743520 0.564544499 0.009619807 0.999852777 0.014212058 -1.828138351 0.012607495 -0.014332860 0.999817789 69.269546509
0.999840915 -0.011713033 -0.013448507 0.568325043 0.011904500 0.999827623 0.014246480 -1.820609689 0.013279322 -0.014404313 0.999808013 69.756874084
0.999836683 -0.011771954 -0.013711507 0.572380543 0.011969808 0.999824107 0.014438267 -1.822952151 0.013539129 -0.014600035 0.999801695 70.313423157
0.999862373 -0.010041688 -0.013207227 0.585385263 0.010220292 0.999856293 0.013525872 -1.840845823 0.013069508 -0.013658992 0.999821305 70.816505432
0.999840915 -0.011010275 -0.014034434 0.595792413 0.011204792 0.999841154 0.013857470 -1.847074151 0.013879630 -0.014012518 0.999805510 71.350990295
0.999792576 -0.014046562 -0.014747708 0.628194928 0.014253124 0.999800384 0.013995861 -1.843702078 0.014548169 -0.014203157 0.999793291 71.661582947
0.999815106 -0.012908276 -0.014249814 0.630214334 0.013108818 0.999815047 0.014070749 -1.855943680 0.014065549 -0.014254946 0.999799430 72.198493958
0.999807537 -0.013308845 -0.014412813 0.626306415 0.013504196 0.999817133 0.013542570 -1.849616766 0.014229942 -0.013734599 0.999804437 72.741836548
0.999784708 -0.014328818 -0.015012816 0.642158508 0.014517586 0.999815941 0.012541136 -1.840281844 0.014830354 -0.012756383 0.999808669 73.278671265
0.999757648 -0.015489215 -0.015649419 0.670595765 0.015685050 0.999799192 0.012469471 -1.849794388 0.015453137 -0.012711908 0.999799788 73.807060242
0.999743521 -0.016149703 -0.015876932 0.667766452 0.016346108 0.999790370 0.012319395 -1.865666389 0.015674651 -0.012575760 0.999798059 74.273399353
0.999809682 -0.013229130 -0.014335554 0.642466426 0.013429228 0.999812484 0.013953076 -1.881139755 0.014148277 -0.014142937 0.999799907 74.657905579
0.999804199 -0.013362208 -0.014592587 0.652676463 0.013557810 0.999818444 0.013388463 -1.889346004 0.014411038 -0.013583688 0.999803841 75.188888550
0.999798119 -0.013667569 -0.014726352 0.672108889 0.013861901 0.999817133 0.013175988 -1.905204773 0.014543573 -0.013377464 0.999804735 75.775177002
0.999793828 -0.013918513 -0.014786537 0.660975933 0.014105165 0.999821246 0.012594742 -1.897373915 0.014608593 -0.012800712 0.999811411 76.326576233
0.999779165 -0.014592024 -0.015123727 0.645493150 0.014776291 0.999817133 0.012144669 -1.886484146 0.014943744 -0.012365460 0.999811888 76.942008972
0.999792337 -0.013895296 -0.014904583 0.648341775 0.014102831 0.999803782 0.013910767 -1.932749271 0.014708364 -0.014118073 0.999792159 77.273437500
0.999784112 -0.014518294 -0.014861692 0.651615977 0.014728581 0.999791563 0.014139355 -1.935967684 0.014653313 -0.014355193 0.999789596 77.818748474
0.999762118 -0.015244961 -0.015594712 0.654478073 0.015455930 0.999789476 0.013498445 -1.938856721 0.015385646 -0.013736266 0.999787271 78.341949463
0.999786854 -0.013915635 -0.015252545 0.654021382 0.014117626 0.999812961 0.013216355 -1.940723896 0.015065780 -0.013428865 0.999796271 78.861724854
0.999816895 -0.013825979 -0.013231591 0.647904038 0.014009531 0.999805450 0.013881480 -1.953333974 0.013037093 -0.014064307 0.999816120 79.343376160
0.999848366 -0.013328025 -0.011205439 0.643532574 0.013481943 0.999814153 0.013774442 -1.969841003 0.011019772 -0.013923423 0.999842346 79.900566101
0.999855518 -0.013281874 -0.010603998 0.655080080 0.013424614 0.999818683 0.013505333 -1.978379250 0.010422699 -0.013645736 0.999852538 80.478874207
0.999874771 -0.012879184 -0.009194467 0.633639872 0.013005652 0.999819756 0.013830059 -2.004082680 0.009014692 -0.013947907 0.999862134 81.011810303
0.999893546 -0.013084065 -0.006447469 0.660270154 0.013176413 0.999808133 0.014495081 -2.029262304 0.006256577 -0.014578496 0.999874175 81.421623230
0.999903500 -0.013521428 -0.003179050 0.679140568 0.013565456 0.999806345 0.014261745 -2.022885799 0.002985594 -0.014303494 0.999893248 81.962882996
0.999905229 -0.013717544 -0.001123899 0.724847257 0.013732042 0.999806225 0.014108897 -2.029572964 0.000930142 -0.014122993 0.999899864 82.505035400
0.999899387 -0.013716709 0.003608596 0.735442400 0.013664782 0.999808013 0.014040747 -2.033623219 -0.003800496 -0.013990024 0.999894917 83.041938782
0.999853969 -0.014416071 0.009176064 0.735848188 0.014292601 0.999808252 0.013381962 -2.025864124 -0.009367222 -0.013248857 0.999868333 83.667289734
0.999766886 -0.013862367 0.016552271 0.729836404 0.013619518 0.999799192 0.014695347 -2.055936337 -0.016752658 -0.014466485 0.999755144 84.022048950
0.999666214 -0.013284394 0.022160355 0.769834518 0.012949888 0.999801099 0.015170599 -2.070764303 -0.022357479 -0.014878560 0.999639332 84.546669006
0.999458909 -0.012836009 0.030280136 0.822992563 0.012388334 0.999811769 0.014926022 -2.072085381 -0.030466028 -0.014542825 0.999430060 85.141555786
0.999159992 -0.012851371 0.038912915 0.850667000 0.012288350 0.999816835 0.014673556 -2.070116043 -0.039094362 -0.014183052 0.999134839 85.653968811
0.998827219 -0.013708055 0.046436153 0.872442007 0.013052828 0.999811351 0.014384251 -2.067229748 -0.046624571 -0.013761258 0.998817682 86.175796509
0.998396516 -0.011518923 0.055421993 0.990473747 0.010701397 0.999829829 0.015025156 -2.124621391 -0.055585638 -0.014407970 0.998350024 86.759277344
0.997847319 -0.013957961 0.064075842 1.072998047 0.013036897 0.999805868 0.014770271 -2.065621376 -0.064269572 -0.013903126 0.997835755 87.254959106
0.997270525 -0.016281886 0.072016433 1.075934410 0.015235811 0.999770641 0.015051088 -2.114476681 -0.072244972 -0.013912776 0.997289896 87.708496094
0.996606827 -0.016132750 0.080713339 1.131781101 0.014969510 0.999775529 0.014996430 -2.117192268 -0.080937147 -0.013737306 0.996624589 88.275650024
0.995726049 -0.016093923 0.090941720 1.217097282 0.014766634 0.999774754 0.015249015 -2.135876179 -0.091166630 -0.013840940 0.995739520 88.784584045
0.994665504 -0.015281780 0.102014266 1.278813362 0.013742956 0.999781251 0.015770242 -2.152347565 -0.102232933 -0.014284138 0.994657993 89.275901794
0.993752599 -0.016329920 0.110404074 1.395621300 0.014616022 0.999760032 0.016315462 -2.177789450 -0.110644005 -0.014599867 0.993752897 89.775413513
0.992543519 -0.017151404 0.120678075 1.478417397 0.015275061 0.999747872 0.016456319 -2.166294336 -0.120929889 -0.014490250 0.992555261 90.327041626
0.991018116 -0.017811937 0.132536232 1.579106331 0.015789052 0.999742448 0.016298287 -2.170575619 -0.132792398 -0.014059274 0.991044104 90.876640320
0.989466369 -0.018086633 0.143628761 1.682862282 0.015902176 0.999739885 0.016342547 -2.176146507 -0.143887013 -0.013886392 0.989496648 91.421455383
0.988067925 -0.017724015 0.152995855 1.790110588 0.015320903 0.999740243 0.016871827 -2.186939240 -0.153255135 -0.014326477 0.988082767 91.964248657
0.985987782 -0.017590184 0.165887818 1.889870644 0.015011037 0.999746263 0.016788604 -2.193514824 -0.166141033 -0.014063210 0.986001670 92.477241516
0.983931124 -0.018223697 0.177615494 2.022248268 0.015316449 0.999725521 0.017725732 -2.192775249 -0.177889794 -0.014720460 0.983940303 93.023277283
0.981987655 -0.018599333 0.188027114 2.149654388 0.015533879 0.999721527 0.017763792 -2.198660374 -0.188305154 -0.014523034 0.982003212 93.551956177
0.979253888 -0.018422334 0.201797768 2.280550003 0.015055124 0.999720871 0.018208344 -2.201733589 -0.202076897 -0.014792503 0.979257882 94.102325439
0.976191282 -0.018786930 0.216096133 2.408412933 0.015109426 0.999711812 0.018657537 -2.208632231 -0.216384381 -0.014948236 0.976193786 94.597846985
0.973676085 -0.019046240 0.227138504 2.553176880 0.015198684 0.999710083 0.018676352 -2.214083195 -0.227428332 -0.014732513 0.973683357 95.139556885
0.970875800 -0.020191746 0.238731056 2.725835800 0.016111327 0.999689043 0.019031344 -2.225783825 -0.239041090 -0.014630795 0.970899224 95.640411377
0.967373312 -0.020395581 0.252533019 2.894977570 0.016008643 0.999683380 0.019414451 -2.239344597 -0.252848983 -0.014738308 0.967393517 96.136856079
0.963834405 -0.019201847 0.265809000 3.073139191 0.014589997 0.999707043 0.019314166 -2.238461018 -0.266101956 -0.014737505 0.963832200 96.661705017
0.961024463 -0.020866988 0.275674850 3.257141113 0.015813526 0.999664009 0.020541560 -2.266947269 -0.276010811 -0.015381550 0.961031437 97.149925232
0.956692159 -0.020810859 0.290356696 3.444278717 0.015586736 0.999672532 0.020293439 -2.261455297 -0.290684015 -0.014888860 0.956703246 97.784652710
0.952277839 -0.020926576 0.304514319 3.637207031 0.015236324 0.999662280 0.021050880 -2.272720814 -0.304852009 -0.015406607 0.952275157 98.300216675
0.948412418 -0.021227524 0.316327751 3.823186874 0.015467355 0.999665856 0.020709524 -2.271735191 -0.316661745 -0.014748415 0.948423922 98.811149597
0.944166720 -0.020624366 0.328821898 4.015733719 0.014443171 0.999670208 0.021229744 -2.284064293 -0.329151332 -0.015295186 0.944153309 99.316291809
0.938906670 -0.020129092 0.343582749 4.236234665 0.013356181 0.999667227 0.022068007 -2.296313047 -0.343912601 -0.016130848 0.938863099 99.851608276
0.934211671 -0.020615537 0.356122911 4.455490112 0.013898002 0.999674022 0.021411546 -2.294723034 -0.356448293 -0.015053518 0.934193730 100.409172058
0.930212975 -0.021768874 0.366374105 4.704833984 0.014730193 0.999649525 0.021996725 -2.286220074 -0.366724432 -0.015064879 0.930207610 100.915771484
0.924415350 -0.021775255 0.380765319 4.938110352 0.014658339 0.999659657 0.021581402 -2.277539730 -0.381105632 -0.014368792 0.924419820 101.431991577
0.919074774 -0.023111127 0.393404543 5.194152832 0.015928337 0.999641657 0.021513507 -2.277198553 -0.393760741 -0.013506243 0.919113696 101.939682007
0.914339304 -0.023035400 0.404293209 5.421348572 0.015390131 0.999636173 0.022150306 -2.293429375 -0.404656380 -0.014030769 0.914361119 102.405250549
0.909089446 -0.024320601 0.415890485 5.691608429 0.016321661 0.999607265 0.022778112 -2.304781675 -0.416281193 -0.013919315 0.909129381 102.911659241
0.902438283 -0.024151178 0.430141538 5.947170258 0.015916970 0.999614894 0.022731565 -2.309444189 -0.430524915 -0.013667284 0.902475178 103.445419312
0.896794677 -0.025032245 0.441738427 6.215167999 0.016581755 0.999598444 0.022981383 -2.310939312 -0.442136317 -0.013284782 0.896849513 103.927207947
0.891321957 -0.025513338 0.452652365 6.481918335 0.016380932 0.999575734 0.024084328 -2.324957132 -0.453074753 -0.014052021 0.891361713 104.400108337
0.883892119 -0.024995897 0.467022359 6.750736237 0.016271004 0.999609768 0.022706255 -2.311309576 -0.467407703 -0.012470959 0.883953929 104.884826660
