1.000000000 0.000000000 0.000000000 0.000000000 0.000000000 1.000000000 0.000000000 0.000000000 0.000000000 0.000000000 1.000000000 0.000000000
1.000000000 -0.000089771 -0.000068676 0.000899307 0.000089779 1.000000000 0.000121054 -0.000755214 0.000068665 -0.000121060 1.000000000 -0.000590564
1.000000000 0.000034208 -0.000193797 0.001671852 -0.000034214 1.000000000 -0.000032419 0.000315977 0.000193795 0.000032426 1.000000000 -0.001171282
1.000000000 0.000030361 -0.000048415 0.000169846 -0.000030364 1.000000000 -0.000058085 -0.000092175 0.000048413 0.000058086 1.000000000 0.001213083
1.000000000 -0.000027706 -0.000125795 0.000538262 0.000027706 1.000000000 -0.000001097 -0.000723615 0.000125795 0.000001093 1.000000000 -0.001710430
1.000000000 -0.000073689 -0.000181012 0.001079174 0.000073688 1.000000000 -0.000005915 -0.000754268 0.000181013 0.000005901 1.000000000 -0.002091267
1.000000000 -0.000069409 -0.000028817 0.001162264 0.000069411 1.000000000 0.000052871 -0.001025998 0.000028813 -0.000052873 1.000000000 -0.001262027
1.000000000 -0.000048674 -0.000033439 0.001543744 0.000048675 1.000000000 0.000030509 -0.000452229 0.000033438 -0.000030510 1.000000000 0.000102895
1.000000000 -0.000200554 0.000012158 0.000700492 0.000200554 1.000000000 -0.000009257 -0.000053863 -0.000012156 0.000009260 1.000000000 -0.000418451
1.000000000 -0.000106384 0.000008227 0.001099601 0.000106384 1.000000000 0.000016411 0.000495446 -0.000008229 -0.000016410 1.000000000 0.001055093
1.000000000 -0.000155324 -0.000132094 0.001680334 0.000155329 1.000000000 0.000039941 -0.000775115 0.000132088 -0.000039961 1.000000000 -0.000478689
1.000000000 0.000040406 0.000039513 0.000061552 -0.000040399 1.000000000 -0.000182621 0.001342349 -0.000039520 0.000182619 1.000000000 0.000160631
0.999999881 -0.000420709 -0.000149180 0.001525183 0.000420740 0.999999881 0.000211262 -0.001700357 0.000149091 -0.000211325 0.999999940 -0.001880996
1.000000000 -0.000104477 -0.000005302 -0.000262520 0.000104478 1.000000000 0.000090951 -0.000517453 0.000005293 -0.000090951 1.000000000 0.000137920
1.000000000 -0.000136414 -0.000021159 0.000531848 0.000136416 1.000000000 0.000104486 -0.000515172 0.000021145 -0.000104489 1.000000000 -0.000614326
1.000000000 -0.000033200 -0.000066376 0.000392831 0.000033200 1.000000000 0.000013653 -0.000609925 0.000066376 -0.000013655 1.000000000 -0.001807668
1.000000000 0.000118618 0.000179295 -0.001681052 -0.000118612 1.000000000 -0.000028857 0.000229502 -0.000179298 0.000028835 1.000000000 0.000218966
1.000000000 0.000027591 -0.000236338 0.001382147 -0.000027591 1.000000000 -0.000000421 -0.000437962 0.000236338 0.000000428 1.000000000 -0.000451751
1.000000000 -0.000181886 -0.000126114 0.001310288 0.000181886 1.000000000 0.000000221 -0.000211402 0.000126114 -0.000000244 1.000000000 -0.000925642
1.000000000 -0.000175888 -0.000104687 0.000932225 0.000175882 1.000000000 -0.000055630 0.000220754 0.000104697 0.000055612 1.000000000 -0.000630215
1.000000000 0.000016435 -0.000024576 0.000102865 -0.000016440 1.000000000 -0.000181562 0.000597258 0.000024573 0.000181562 1.000000000 -0.001027287
1.000000000 0.000023774 -0.000044729 0.000483658 -0.000023773 1.000000000 0.000012707 0.000325631 0.000044730 -0.000012706 1.000000000 -0.000574512
1.000000000 -0.000151508 -0.000024892 0.000878859 0.000151509 1.000000000 0.000058616 -0.000506066 0.000024883 -0.000058620 1.000000000 0.001102552
0.999999940 -0.000129771 -0.000206887 0.001856699 0.000129780 1.000000000 0.000045336 0.000457904 0.000206881 -0.000045363 1.000000000 -0.000301365
1.000000000 0.000009743 -0.000050620 0.000646914 -0.000009746 1.000000000 -0.000053945 0.000344015 0.000050620 0.000053946 1.000000000 -0.000173534
1.000000000 0.000015311 -0.000071728 0.000487624 -0.000015321 1.000000000 -0.000133593 0.000839435 0.000071726 0.000133594 1.000000000 -0.002007984
1.000000000 0.000036116 -0.000130570 0.000160641 -0.000036140 1.000000000 -0.000182839 0.000690712 0.000130563 0.000182844 1.000000000 -0.001455739
1.000000000 -0.000029740 -0.000117353 0.000601845 0.000029733 1.000000000 -0.000057218 -0.000134330 0.000117355 0.000057214 1.000000000 -0.001152948
0.999999940 -0.000223880 -0.000205011 0.001233891 0.000223882 1.000000000 0.000013494 0.000905008 0.000205008 -0.000013540 1.000000000 0.001670194
1.000000000 -0.000035413 -0.000097802 0.000564035 0.000035397 1.000000000 -0.000161658 0.001309754 0.000097808 0.000161654 1.000000000 -0.000225206
1.000000000 -0.000130986 -0.000175383 0.001437992 0.000131000 1.000000000 0.000081118 -0.000044109 0.000175372 -0.000081141 1.000000000 -0.000981726
1.000000000 -0.000136404 -0.000170726 0.000947217 0.000136406 1.000000000 0.000013874 0.000289906 0.000170725 -0.000013897 1.000000000 0.000617366
1.000000000 -0.000067497 -0.000076368 0.000123920 0.000067496 1.000000000 -0.000008375 -0.000089958 0.000076369 0.000008370 1.000000000 -0.000573591
1.000000000 -0.000108665 -0.000188874 0.001112562 0.000108669 1.000000000 0.000022429 0.000317201 0.000188872 -0.000022450 1.000000000 0.000090517
1.000000000 -0.000059051 -0.000127399 0.001556417 0.000059043 1.000000000 -0.000066616 0.000288220 0.000127403 0.000066609 1.000000000 -0.000346242
1.000000000 -0.000013434 -0.000062745 -0.000133269 0.000013430 1.000000000 -0.000075200 0.001907888 0.000062746 0.000075199 1.000000000 0.001922202
0.999999940 -0.000264304 -0.000082935 0.000497541 0.000264305 0.999999940 0.000003635 0.001003207 0.000082934 -0.000003657 1.000000000 0.001670607
1.000000000 -0.000231910 -0.000030917 0.000415173 0.000231914 0.999999940 0.000149263 -0.000502120 0.000030882 -0.000149270 1.000000000 -0.000154068
0.999999940 -0.000394075 -0.000099462 0.001241485 0.000394066 0.999999940 -0.000089558 0.000852913 0.000099497 0.000089519 1.000000000 0.000145978
0.999999940 -0.000347243 -0.000077239 0.002091809 0.000347237 0.999999940 -0.000069892 -0.000755274 0.000077263 0.000069865 1.000000000 -0.001519978
0.999999940 -0.000296382 0.000054565 0.001751754 0.000296413 0.999999821 -0.000553466 -0.003680775 -0.000054401 0.000553482 0.999999821 0.049360469
1.000000000 0.000228581 0.000049001 0.001155742 -0.000228521 0.999999225 -0.001207063 -0.005324141 -0.000049277 0.001207052 0.999999285 0.136057690
0.999999940 0.000229929 -0.000119862 0.005308281 -0.000230090 0.999999046 -0.001345277 -0.007518739 0.000119553 0.001345305 0.999999106 0.250937492
0.999999940 0.000159780 -0.000317005 0.007000910 -0.000160118 0.999999404 -0.001066136 -0.015876831 0.000316835 0.001066187 0.999999404 0.380694062
1.000000000 0.000108775 -0.000158053 0.009210534 -0.000108939 0.999999464 -0.001040729 -0.018468598 0.000157939 0.001040747 0.999999464 0.529339433
0.999999940 0.000249237 -0.000261693 0.013274943 -0.000249469 0.999999583 -0.000888312 -0.025570467 0.000261471 0.000888377 0.999999583 0.678818464
0.999999940 0.000367002 -0.000033756 0.017048983 -0.000367035 0.999999464 -0.000991074 -0.023422390 0.000033392 0.000991086 0.999999523 0.849367082
0.999999940 0.000091457 0.000364482 0.014693930 -0.000091131 0.999999583 -0.000893408 -0.027282156 -0.000364564 0.000893375 0.999999523 1.013678193
0.999999821 0.000582759 -0.000158442 0.026898127 -0.000582613 0.999999404 0.000922842 -0.061349891 0.000158980 -0.000922749 0.999999523 1.162716389
0.999999821 0.000584325 0.000043725 0.031067312 -0.000584381 0.999998987 0.001294038 -0.065020137 -0.000042969 -0.001294063 0.999999166 1.349764109
0.999999762 0.000614508 0.000190834 0.034897733 -0.000614724 0.999999106 0.001135863 -0.069724984 -0.000190136 -0.001135980 0.999999285 1.535184979
0.999999762 0.000656669 0.000162889 0.036749594 -0.000656848 0.999999166 0.001103987 -0.068932623 -0.000162164 -0.001104094 0.999999344 1.737700105
0.999999940 0.000418448 -0.000129560 0.044390805 -0.000418287 0.999999106 0.001239576 -0.076127492 0.000130078 -0.001239522 0.999999225 1.938144922
0.999999642 0.000791618 0.000187826 0.043416157 -0.000791843 0.999998987 0.001201155 -0.084575161 -0.000186875 -0.001201303 0.999999285 2.153680801
0.999999702 0.000723759 0.000059955 0.048726115 -0.000723835 0.999998927 0.001269551 -0.091108203 -0.000059036 -0.001269594 0.999999225 2.366730452
0.999999702 0.000551697 -0.000232006 0.059952382 -0.000551296 0.999998391 0.001725030 -0.102268867 0.000232958 -0.001724902 0.999998510 2.579629421
0.999999106 0.001143954 0.000477225 0.053306721 -0.001144473 0.999998748 0.001089034 -0.102094010 -0.000475978 -0.001089580 0.999999344 2.823319912
0.999999821 0.000608257 -0.000001909 0.061625559 -0.000608253 0.999998569 0.001594455 -0.113284335 0.000002879 -0.001594453 0.999998748 3.050163746
0.999999821 0.000633126 -0.000168913 0.069690198 -0.000632949 0.999999344 0.001045376 -0.112933077 0.000169575 -0.001045269 0.999999464 3.295707941
0.999999642 0.000879255 0.000092660 0.070474751 -0.000879347 0.999999106 0.000991795 -0.119583368 -0.000091788 -0.000991876 0.999999523 3.536015749
0.999999344 0.000982105 0.000429834 0.070875578 -0.000982726 0.999998450 0.001446992 -0.129814610 -0.000428412 -0.001447414 0.999998808 3.800520897
0.999999404 0.000820087 0.000737269 0.073981658 -0.000821071 0.999998808 0.001335243 -0.134601414 -0.000736173 -0.001335847 0.999998808 4.063073158
0.999998987 0.001373346 0.000203913 0.082846105 -0.001373736 0.999997139 0.001925200 -0.142560497 -0.000201269 -0.001925478 0.999998152 4.310331345
0.999999225 0.001225574 0.000319131 0.088357456 -0.001226161 0.999997556 0.001846132 -0.149421871 -0.000316868 -0.001846522 0.999998271 4.568556786
0.999999583 0.000835955 0.000286456 0.097776286 -0.000836494 0.999997795 0.001889564 -0.154999256 -0.000284876 -0.001889802 0.999998152 4.828135014
0.999999166 0.001103909 0.000566262 0.092626490 -0.001104812 0.999998033 0.001597721 -0.156510457 -0.000564497 -0.001598345 0.999998569 5.090563774
0.999999285 0.000855143 0.000772205 0.097483627 -0.000856420 0.999998212 0.001655131 -0.165040448 -0.000770788 -0.001655791 0.999998391 5.357210636
0.999998629 0.001400172 0.000861231 0.100714572 -0.001401262 0.999998212 0.001267073 -0.167943150 -0.000859455 -0.001268278 0.999998868 5.630483627
0.999999404 0.000575600 0.000826127 0.105922103 -0.000577438 0.999997377 0.002225722 -0.187667027 -0.000824844 -0.002226198 0.999997199 5.888039589
0.999999464 0.000498552 0.000891166 0.110379554 -0.000500633 0.999997199 0.002335904 -0.194065869 -0.000889999 -0.002336349 0.999996841 6.170620918
0.999998689 0.001389895 0.000809498 0.117691390 -0.001391565 0.999996901 0.002066083 -0.198725864 -0.000806623 -0.002067206 0.999997556 6.461540222
0.999998808 0.001095089 0.001068000 0.120277457 -0.001097260 0.999997318 0.002034778 -0.210407302 -0.001065769 -0.002035948 0.999997318 6.740837574
0.999998808 0.001067532 0.001116404 0.124846734 -0.001069914 0.999997139 0.002135732 -0.221945435 -0.001114121 -0.002136924 0.999997079 7.048478127
0.999999464 0.000230010 0.001053713 0.129862621 -0.000232460 0.999997199 0.002325076 -0.227950603 -0.001053176 -0.002325320 0.999996722 7.352165699
0.999998510 0.000900994 0.001438218 0.134647965 -0.000904166 0.999997139 0.002206827 -0.236777261 -0.001436226 -0.002208124 0.999996483 7.665235043
0.999998808 0.001069147 0.001093461 0.146810532 -0.001071860 0.999996364 0.002484434 -0.254823625 -0.001090801 -0.002485603 0.999996305 7.973781109
0.999998033 0.001450074 0.001292689 0.150416985 -0.001453392 0.999995589 0.002569503 -0.259194076 -0.001288957 -0.002571377 0.999995828 8.296997070
0.999999225 0.000858274 0.000903812 0.163140282 -0.000860599 0.999996245 0.002574843 -0.275890917 -0.000901599 -0.002575619 0.999996245 8.626708984
0.999997854 0.001309633 0.001621316 0.161576256 -0.001313697 0.999995947 0.002508228 -0.278820455 -0.001618025 -0.002510353 0.999995530 8.972728729
0.999998331 0.001116176 0.001443813 0.175032690 -0.001120389 0.999995112 0.002920409 -0.294106066 -0.001440547 -0.002922022 0.999994695 9.294696808
0.999998689 0.000965251 0.001247095 0.179438010 -0.000968876 0.999995291 0.002909279 -0.304088503 -0.001244281 -0.002910484 0.999994934 9.656481743
0.999999166 0.000899382 0.000924794 0.194761381 -0.000902417 0.999994218 0.003286820 -0.318314463 -0.000921832 -0.003287652 0.999994159 9.988554001
0.999999106 0.000885381 0.001031119 0.198487699 -0.000888833 0.999993980 0.003352067 -0.329244882 -0.001028145 -0.003352980 0.999993861 10.356708527
0.999999106 0.001068657 0.000857759 0.210064575 -0.001072004 0.999991775 0.003911196 -0.344765455 -0.000853572 -0.003912112 0.999992073 10.709291458
0.999999106 0.000998859 0.000887566 0.215990886 -0.001001806 0.999993980 0.003325699 -0.348109633 -0.000884239 -0.003326585 0.999994099 11.085833549
0.999999106 0.000870122 0.000994930 0.223833695 -0.000873591 0.999993503 0.003491033 -0.358125627 -0.000991886 -0.003491899 0.999993443 11.464465141
0.999998748 0.000943675 0.001266883 0.227153257 -0.000947996 0.999993742 0.003413916 -0.369002968 -0.001263653 -0.003415112 0.999993384 11.851232529
0.999999285 0.000090729 0.001221952 0.238343582 -0.000094953 0.999994099 0.003457213 -0.383297533 -0.001221631 -0.003457326 0.999993265 12.226673126
0.999998391 0.001096085 0.001368822 0.247400522 -0.001100701 0.999993622 0.003375959 -0.391431481 -0.001365113 -0.003377461 0.999993384 12.618699074
0.999997914 0.001155356 0.001666948 0.253095239 -0.001162011 0.999991298 0.003996761 -0.403928697 -0.001662316 -0.003998689 0.999990642 13.018099785
0.999997914 0.001084029 0.001812758 0.258694738 -0.001090703 0.999992609 0.003684862 -0.416913658 -0.001808751 -0.003686831 0.999991596 13.416667938
0.999998510 0.000603018 0.001685324 0.272065312 -0.000609765 0.999991775 0.004005502 -0.428093672 -0.001682894 -0.004006523 0.999990582 13.822557449
0.999996066 0.001267402 0.002498494 0.272447556 -0.001276704 0.999992251 0.003725223 -0.434316754 -0.002493752 -0.003728398 0.999989867 14.248943329
0.999995053 0.001300924 0.002848672 0.282515466 -0.001311876 0.999991715 0.003845973 -0.448619962 -0.002843645 -0.003849691 0.999988496 14.670562744
0.999995887 0.000834229 0.002738323 0.291096687 -0.000846100 0.999990165 0.004337072 -0.462187976 -0.002734678 -0.004339371 0.999986827 15.107589722
0.999995291 0.001120034 0.002850257 0.303710580 -0.001132409 0.999989927 0.004343763 -0.473275006 -0.002845363 -0.004346970 0.999986529 15.552612305
0.999993503 0.001278471 0.003352634 0.310768425 -0.001292180 0.999990940 0.004090014 -0.484563023 -0.003347374 -0.004094321 0.999985993 15.987924576
0.999993563 0.000935191 0.003457243 0.325035989 -0.000950109 0.999990225 0.004315832 -0.494101644 -0.003453173 -0.004319089 0.999984741 16.442867279
0.999992490 0.001248164 0.003667074 0.328031123 -0.001262359 0.999991655 0.003871351 -0.505482554 -0.003662212 -0.003875952 0.999985695 16.896799088
0.999992371 0.001410141 0.003686004 0.340598822 -0.001426583 0.999989092 0.004461789 -0.518797576 -0.003679671 -0.004467013 0.999983191 17.360277176
0.999990165 0.001092762 0.004291396 0.350886911 -0.001111093 0.999990284 0.004271586 -0.529997885 -0.004286687 -0.004276313 0.999981642 17.813800812
0.999988556 0.001064442 0.004648481 0.363922834 -0.001084639 0.999990046 0.004344640 -0.542322516 -0.004643810 -0.004349633 0.999979734 18.277133942
0.999989867 0.000788162 0.004451148 0.382264942 -0.000808194 0.999989629 0.004500362 -0.552168071 -0.004447553 -0.004503914 0.999979913 18.759506226
0.999988019 0.001059276 0.004798136 0.389776170 -0.001079600 0.999990404 0.004235087 -0.564741135 -0.004793604 -0.004240216 0.999979436 19.222900391
0.999985337 0.001409959 0.005233490 0.403923184 -0.001428354 0.999992788 0.003512695 -0.567506313 -0.005228500 -0.003520119 0.999980092 19.700799942
0.999987125 0.001248165 0.004922682 0.410495549 -0.001270192 0.999989212 0.004473986 -0.589197159 -0.004917044 -0.004480182 0.999977887 20.211061478
0.999985218 0.000974958 0.005354531 0.420159310 -0.000997929 0.999990404 0.004288984 -0.598750591 -0.005350297 -0.004294264 0.999976516 20.707607269
0.999985993 0.002009243 0.004882199 0.438032120 -0.002031925 0.999987066 0.004645275 -0.617062092 -0.004872803 -0.004655131 0.999977231 21.212644577
0.999988139 0.001989652 0.004449766 0.446131229 -0.002010547 0.999986887 0.004696202 -0.624419451 -0.004440363 -0.004705092 0.999979019 21.724021912
0.999991179 0.001808059 0.003784154 0.453802407 -0.001827482 0.999985158 0.005135610 -0.648335099 -0.003774812 -0.005142481 0.999979675 22.236013412
0.999988258 0.002285914 0.004281977 0.453321546 -0.002305310 0.999987066 0.004530130 -0.647096038 -0.004271566 -0.004539948 0.999980628 22.762989044
0.999994874 0.002004935 0.002461081 0.478840142 -0.002017408 0.999985099 0.005076281 -0.672415972 -0.002450866 -0.005081221 0.999984086 23.270633698
0.999996006 0.001936070 0.002046312 0.486784220 -0.001946501 0.999985039 0.005107649 -0.685612261 -0.002036392 -0.005111612 0.999984801 23.799346924
0.999998152 0.000967123 0.001675649 0.496187061 -0.000974876 0.999988794 0.004631761 -0.698055029 -0.001671150 -0.004633387 0.999987841 24.335330963
0.999997675 0.001941626 0.000968602 0.508758068 -0.001946515 0.999985218 0.005072077 -0.710433364 -0.000958739 -0.005073950 0.999986649 24.881418228
0.999997556 0.002141471 0.000559555 0.516585946 -0.002144354 0.999984145 0.005203234 -0.723426402 -0.000548404 -0.005204421 0.999986291 25.435169220
0.999998152 0.001888374 0.000478123 0.524248898 -0.001890827 0.999984801 0.005182948 -0.731482267 -0.000468328 -0.005183842 0.999986470 25.974618912
0.999996781 0.002516081 0.000312123 0.526817977 -0.002517647 0.999983728 0.005124474 -0.747029305 -0.000299224 -0.005125243 0.999986827 26.539209366
0.999998331 0.001472592 -0.001089361 0.552745402 -0.001465976 0.999980569 0.006049314 -0.767250896 0.001098248 -0.006047707 0.999981105 27.091407776
0.999997854 0.001540843 -0.001392770 0.556595862 -0.001532296 0.999980032 0.006116867 -0.781586766 0.001402167 -0.006114719 0.999980330 27.663263321
0.999996126 0.001723200 -0.002195693 0.577513278 -0.001709018 0.999977767 0.006444424 -0.807207406 0.002206749 -0.006440646 0.999976873 28.207765579
0.999995887 0.002302647 -0.001664535 0.565044761 -0.002292895 0.999980271 0.005836891 -0.801708639 0.001677942 -0.005833050 0.999981582 28.754484177
0.999996245 0.002356485 -0.001390478 0.572727203 -0.002347813 0.999977946 0.006205527 -0.817486227 0.001405070 -0.006202239 0.999979794 29.289541245
0.999994159 0.002314779 -0.002483650 0.591142237 -0.002300190 0.999980271 0.005860614 -0.828834593 0.002497166 -0.005854868 0.999979734 29.859863281
0.999993742 0.002576965 -0.002429288 0.592087924 -0.002562541 0.999979198 0.005922058 -0.839756548 0.002444498 -0.005915796 0.999979496 30.407354355
0.999992371 0.002904434 -0.002651508 0.607816875 -0.002888858 0.999978662 0.005859463 -0.856245637 0.002668469 -0.005851758 0.999979317 30.954399109
0.999992132 0.002665055 -0.002933746 0.609969497 -0.002647748 0.999979138 0.005887829 -0.869152427 0.002949376 -0.005880015 0.999978364 31.515613556
0.999991059 0.002598541 -0.003343447 0.621940434 -0.002576508 0.999975085 0.006577145 -0.881597400 0.003360454 -0.006568472 0.999972820 32.061321259
0.999991536 0.002375978 -0.003334985 0.631320715 -0.002356505 0.999980152 0.005830678 -0.891911983 0.003348772 -0.005822770 0.999977469 32.614253998
0.999989688 0.002864064 -0.003507811 0.635976434 -0.002843244 0.999978423 0.005926057 -0.900164247 0.003524708 -0.005916023 0.999976277 33.166805267
0.999989867 0.003088208 -0.003273056 0.635668337 -0.003069394 0.999978840 0.005737403 -0.912070394 0.003290705 -0.005727299 0.999978185 33.726600647
0.999988317 0.002600572 -0.004081421 0.655563056 -0.002576676 0.999979556 0.005849277 -0.924897492 0.004096549 -0.005838692 0.999974549 34.273460388
0.999987483 0.002718534 -0.004196636 0.662658572 -0.002692776 0.999977589 0.006131250 -0.939958394 0.004213210 -0.006119873 0.999972403 34.822540283
0.999987304 0.003038378 -0.004013436 0.667072535 -0.003012846 0.999975204 0.006352406 -0.955274463 0.004032638 -0.006340234 0.999971747 35.372009277
0.999988079 0.002711153 -0.004043444 0.677611530 -0.002686727 0.999978125 0.006034201 -0.965027153 0.004059715 -0.006023265 0.999973595 35.920749664
0.999989569 0.002375144 -0.003918336 0.683389664 -0.002353349 0.999981761 0.005557514 -0.980378866 0.003931465 -0.005548235 0.999976814 36.451946259
0.999985218 0.002935380 -0.004580147 0.691949189 -0.002907507 0.999977231 0.006080742 -0.994838655 0.004597893 -0.006067335 0.999971032 37.034286499
0.999987304 0.002874688 -0.004145358 0.694941342 -0.002847699 0.999974787 0.006501843 -1.007012129 0.004163944 -0.006489955 0.999970257 37.573776245
0.999984741 0.002782189 -0.004768465 0.705855489 -0.002751918 0.999976099 0.006342872 -1.024813175 0.004785998 -0.006329652 0.999968529 38.132633209
0.999986053 0.002353030 -0.004718742 0.712199211 -0.002324397 0.999978960 0.006064298 -1.032524705 0.004732912 -0.006053245 0.999970496 38.684322357
0.999987006 0.002870373 -0.004222812 0.713943481 -0.002842328 0.999974012 0.006632490 -1.056085348 0.004241740 -0.006620400 0.999969125 39.229694366
0.999985933 0.002853503 -0.004462705 0.723730981 -0.002823987 0.999974191 0.006606450 -1.064307332 0.004481442 -0.006593755 0.999968231 39.756633759
0.999980927 0.002866371 -0.005461813 0.748769283 -0.002825474 0.999968052 0.007480870 -1.091732025 0.005483082 -0.007465296 0.999957025 40.330326080
0.999978840 0.003259934 -0.005623766 0.760527730 -0.003215274 0.999963403 0.007932197 -1.109954715 0.005649418 -0.007913948 0.999952734 40.866111755
0.999980092 0.003391258 -0.005320446 0.766141951 -0.003353480 0.999969244 0.007093486 -1.110247850 0.005344339 -0.007075503 0.999960661 41.438972473
0.999976993 0.003410666 -0.005861152 0.771441996 -0.003368513 0.999968469 0.007186684 -1.123357058 0.005885479 -0.007166774 0.999957025 41.985424042
0.999974847 0.003264417 -0.006298750 0.787125885 -0.003216965 0.999966443 0.007529124 -1.140895247 0.006323117 -0.007508671 0.999951899 42.523384094
0.999972224 0.003897596 -0.006363237 0.797567248 -0.003849752 0.999964356 0.007513896 -1.148485661 0.006392296 -0.007489190 0.999951541 43.068416595
0.999977589 0.003318035 -0.005813169 0.783900142 -0.003270164 0.999960840 0.008225121 -1.170071840 0.005840232 -0.008205926 0.999949276 43.644279480
0.999979317 0.003155175 -0.005601517 0.789400339 -0.003110182 0.999962986 0.008022945 -1.181175947 0.005626623 -0.008005357 0.999952137 44.191783905
0.999982357 0.002861463 -0.005223089 0.783164859 -0.002819175 0.999963343 0.008085962 -1.191241026 0.005246036 -0.008071094 0.999953687 44.744766235
0.999978364 0.003510886 -0.005564266 0.794196725 -0.003462935 0.999957025 0.008603933 -1.204570651 0.005594233 -0.008584478 0.999947548 45.294254303
0.999982417 0.003229602 -0.004962315 0.795311451 -0.003187786 0.999959528 0.008411628 -1.216766596 0.004989280 -0.008395663 0.999952257 45.858570099
0.999981999 0.002872293 -0.005273362 0.806309044 -0.002824565 0.999955177 0.009035981 -1.234875441 0.005299079 -0.009020924 0.999945283 46.403675079
0.999980271 0.003056600 -0.005509606 0.817246974 -0.003008800 0.999957919 0.008663289 -1.246910930 0.005535854 -0.008646540 0.999947309 46.969276428
0.999978900 0.003838693 -0.005237599 0.824043632 -0.003793926 0.999956310 0.008530490 -1.257519007 0.005270117 -0.008510440 0.999949813 47.524250031
0.999979615 0.002904661 -0.005690412 0.829875767 -0.002854461 0.999957144 0.008810190 -1.269643784 0.005715759 -0.008793768 0.999944925 48.075847626
0.999978304 0.003347759 -0.005668979 0.841834664 -0.003300151 0.999959409 0.008386549 -1.278658509 0.005696825 -0.008367659 0.999948740 48.626239777
0.999979317 0.002704140 -0.005830410 0.851226330 -0.002651537 0.999955893 0.009011149 -1.292345881 0.005854521 -0.008995505 0.999942362 49.184761047
0.999978483 0.002245465 -0.006156324 0.863965034 -0.002187022 0.999952674 0.009483511 -1.309411287 0.006177328 -0.009469844 0.999936104 49.726593018
0.999979615 0.002660769 -0.005800955 0.871056259 -0.002607469 0.999954522 0.009176429 -1.321487784 0.005825108 -0.009161117 0.999940991 50.292495728
0.999979615 0.002277581 -0.005958410 0.872109294 -0.002224049 0.999957263 0.008975453 -1.324359298 0.005978598 -0.008962017 0.999941945 50.835762024
0.999979615 0.002566895 -0.005848080 0.874800205 -0.002514547 0.999956787 0.008941177 -1.341129065 0.005870779 -0.008926289 0.999942899 51.393535614
0.999983191 0.002786434 -0.005080283 0.875914097 -0.002741077 0.999956489 0.008913141 -1.355372310 0.005104898 -0.008899066 0.999947429 51.951221466
0.999979973 0.002982391 -0.005586886 0.889757097 -0.002930422 0.999952495 0.009287310 -1.367141128 0.005614319 -0.009270751 0.999941289 52.509597778
0.999981403 0.002708814 -0.005461873 0.896012068 -0.002658339 0.999953866 0.009227536 -1.380389810 0.005486617 -0.009212845 0.999942482 53.054595947
0.999983907 0.002472770 -0.005091948 0.897236109 -0.002427166 0.999957085 0.008942819 -1.384933949 0.005113843 -0.008930317 0.999947071 53.615081787
0.999981403 0.002682993 -0.005478630 0.906140089 -0.002632904 0.999954879 0.009129516 -1.399832606 0.005502877 -0.009114921 0.999943316 54.159919739
0.999981701 0.003051947 -0.005208334 0.911860347 -0.003003419 0.999952316 0.009299787 -1.412436366 0.005236468 -0.009283974 0.999943197 54.698883057
0.999984205 0.002644459 -0.004965361 0.913156867 -0.002598059 0.999953091 0.009328056 -1.425933361 0.004989796 -0.009315007 0.999944150 55.260963440
0.999982536 0.003139463 -0.005014851 0.917222261 -0.003093521 0.999953330 0.009142854 -1.435675621 0.005043322 -0.009127179 0.999945641 55.817150116
0.999981999 0.003303241 -0.005010657 0.930401206 -0.003256980 0.999952376 0.009212651 -1.443823338 0.005040848 -0.009196166 0.999944925 56.369735718
0.999979615 0.002982701 -0.005635198 0.940111041 -0.002929173 0.999950767 0.009483401 -1.453064203 0.005663207 -0.009466701 0.999939084 56.919712067
0.999981463 0.002926507 -0.005343086 0.957387269 -0.002873513 0.999946952 0.009899095 -1.474587679 0.005371772 -0.009883557 0.999936700 57.449714661
0.999977767 0.002888433 -0.005996176 0.972943842 -0.002829708 0.999948204 0.009779238 -1.481382728 0.006024111 -0.009762054 0.999934196 58.014331818
0.999977112 0.003075911 -0.006019936 0.972840965 -0.003017711 0.999948919 0.009653114 -1.489506841 0.006049320 -0.009634728 0.999935269 58.578659058
0.999979913 0.002683085 -0.005746896 0.980929255 -0.002630826 0.999955297 0.009081785 -1.499100447 0.005771007 -0.009066482 0.999942243 59.114784241
0.999979913 0.003309913 -0.005405173 0.983538032 -0.003259748 0.999951720 0.009263581 -1.503843904 0.005435573 -0.009245775 0.999942482 59.673870087
0.999981523 0.002909235 -0.005341010 0.984384596 -0.002861960 0.999956846 0.008837562 -1.513686180 0.005366491 -0.008822113 0.999946713 60.210922241
0.999980450 0.002918876 -0.005542788 0.996240377 -0.002870010 0.999957144 0.008803715 -1.523422956 0.005568247 -0.008787635 0.999945939 60.761837006
0.999978960 0.002983743 -0.005761757 1.003203511 -0.002931073 0.999954045 0.009128193 -1.535793543 0.005788729 -0.009111114 0.999941707 61.327789307
0.999977648 0.003245592 -0.005839111 1.017987728 -0.003193455 0.999955118 0.008916048 -1.548665047 0.005867787 -0.008897201 0.999943197 61.871509552
0.999980211 0.003108592 -0.005472244 1.028205633 -0.003058707 0.999953866 0.009100923 -1.561809659 0.005500283 -0.009084004 0.999943554 62.424621582
0.999980271 0.003224148 -0.005390472 1.021439791 -0.003177088 0.999956965 0.008716140 -1.563907385 0.005418343 -0.008698842 0.999947429 62.963668823
0.999977827 0.003678508 -0.005551843 1.033337116 -0.003629258 0.999954224 0.008855230 -1.577841520 0.005584163 -0.008834885 0.999945402 63.509494781
0.999978900 0.003680112 -0.005354029 1.035931230 -0.003633104 0.999955058 0.008763261 -1.582950354 0.005386038 -0.008743625 0.999947309 64.062583923
0.999977946 0.003327954 -0.005765397 1.045787811 -0.003275465 0.999953330 0.009089842 -1.604398966 0.005795379 -0.009070758 0.999942064 64.604972839
0.999978662 0.003716075 -0.005356889 1.054106116 -0.003666342 0.999950349 0.009264023 -1.614318609 0.005391049 -0.009244187 0.999942660 65.149917603
0.999975502 0.003985161 -0.005735276 1.068980455 -0.003932014 0.999949515 0.009248270 -1.621806860 0.005771842 -0.009225494 0.999940753 65.691520691
0.999977708 0.003979593 -0.005349158 1.077430964 -0.003934444 0.999956727 0.008424618 -1.625023365 0.005382453 -0.008403385 0.999950171 66.257926941
0.999979854 0.004019995 -0.004911175 1.070175529 -0.003975544 0.999951363 0.009027613 -1.636692762 0.004947227 -0.009007907 0.999947190 66.796791077
0.999980509 0.003725100 -0.005010454 1.078314304 -0.003686893 0.999964237 0.007613394 -1.632119656 0.005038636 -0.007594773 0.999958456 67.351951599
0.999976933 0.004093729 -0.005405903 1.090780139 -0.004044724 0.999950826 0.009045266 -1.656321526 0.005442666 -0.009023192 0.999944389 67.877815247
0.999976695 0.003930757 -0.005573246 1.098908186 -0.003881819 0.999954045 0.008764684 -1.661821842 0.005607442 -0.008742847 0.999945998 68.426811218
0.999976456 0.003976033 -0.005581416 1.102628946 -0.003931211 0.999960065 0.008018729 -1.664051890 0.005613076 -0.007996598 0.999952257 68.966308594
0.999974132 0.004976336 -0.005187956 1.102185011 -0.004934195 0.999954939 0.008104274 -1.676026583 0.005228051 -0.008078466 0.999953687 69.508323669
0.999973476 0.004872804 -0.005408690 1.114583731 -0.004828950 0.999955595 0.008091628 -1.684924483 0.005447879 -0.008065294 0.999952614 70.079147339
0.999975145 0.004838605 -0.005116038 1.123098016 -0.004796084 0.999954104 0.008291372 -1.694429278 0.005155921 -0.008266629 0.999952495 70.625213623
0.999972463 0.005270121 -0.005224674 1.127160311 -0.005224355 0.999948204 0.008734860 -1.718245387 0.005270436 -0.008707322 0.999948204 71.153221130
0.999977589 0.005205552 -0.004216768 1.120599747 -0.005172515 0.999956131 0.007807958 -1.712975621 0.004257228 -0.007785972 0.999960601 71.737960815
0.999977648 0.004345821 -0.005078051 1.143079996 -0.004305391 0.999959111 0.007945526 -1.729597211 0.005112373 -0.007923486 0.999955535 72.284172058
0.999976575 0.005100428 -0.004569277 1.142219305 -0.005063924 0.999955416 0.007965548 -1.740339994 0.004609701 -0.007942222 0.999957860 72.828437805
0.999975383 0.005049955 -0.004878028 1.152355909 -0.005014003 0.999960423 0.007354349 -1.748954058 0.004914973 -0.007329710 0.999961078 73.374107361
0.999976933 0.005537782 -0.003925879 1.153529525 -0.005504539 0.999949276 0.008428832 -1.770933986 0.003972357 -0.008407027 0.999956727 73.935432434
0.999974966 0.005616338 -0.004289188 1.162025452 -0.005581456 0.999951661 0.008101651 -1.776801825 0.004334482 -0.008077508 0.999957979 74.480262756
0.999978900 0.004975739 -0.004158535 1.170646310 -0.004940984 0.999953091 0.008326618 -1.790846348 0.004199770 -0.008305895 0.999956667 75.031494141
0.999977887 0.004989978 -0.004396874 1.185387492 -0.004951132 0.999948978 0.008802265 -1.803593874 0.004440573 -0.008780301 0.999951601 75.570045471
0.999979198 0.004728888 -0.004381805 1.190989494 -0.004692099 0.999953985 0.008368386 -1.807542562 0.004421176 -0.008347653 0.999955356 76.124099731
0.999981880 0.003636722 -0.004799635 1.211260438 -0.003591908 0.999950171 0.009312816 -1.838208675 0.004833264 -0.009295407 0.999945104 76.662521362
0.999979794 0.003985465 -0.004957283 1.220885515 -0.003939516 0.999949515 0.009244131 -1.846571207 0.004993875 -0.009224414 0.999944925 77.210990906
0.999981642 0.004382820 -0.004186587 1.223862052 -0.004345204 0.999950409 0.008952302 -1.855228782 0.004225616 -0.008933945 0.999951184 77.781707764
0.999981999 0.004091771 -0.004391291 1.235195875 -0.004053198 0.999953389 0.008757214 -1.862627149 0.004426919 -0.008739258 0.999952018 78.327041626
0.999976814 0.004839446 -0.004794583 1.239591599 -0.004797562 0.999950588 0.008709104 -1.873834372 0.004836493 -0.008685900 0.999950588 78.855972290
0.999982536 0.004218067 -0.004133756 1.250258803 -0.004184599 0.999958694 0.008072013 -1.878674030 0.004167634 -0.008054574 0.999958873 79.411399841
0.999977291 0.004837498 -0.004691036 1.261647344 -0.004796679 0.999950826 0.008674186 -1.893414736 0.004732768 -0.008651486 0.999951303 79.961662292
0.999979496 0.005023060 -0.003951787 1.266376138 -0.004991091 0.999955177 0.008058663 -1.897411704 0.003992089 -0.008038777 0.999959648 80.531562805
0.999980390 0.004794330 -0.004030079 1.279585361 -0.004760417 0.999953508 0.008382976 -1.911920547 0.004070082 -0.008363627 0.999956727 81.066421509
0.999982119 0.005156776 -0.003021036 1.288841486 -0.005130812 0.999950349 0.008540128 -1.921674728 0.003064926 -0.008524477 0.999958992 81.620391846
0.999985576 0.004878079 -0.002238560 1.298962355 -0.004859437 0.999954045 0.008258720 -1.928003311 0.002278745 -0.008247723 0.999963403 82.174903870
0.999983490 0.005693753 -0.000763034 1.311656594 -0.005686948 0.999946475 0.008643370 -1.950159431 0.000812206 -0.008638888 0.999962330 82.698791504
0.999983370 0.005736757 0.000782328 1.323024392 -0.005743473 0.999944270 0.008871884 -1.966420770 -0.000731388 -0.008876230 0.999960363 83.245239258
0.999981105 0.004777044 0.003870643 1.348651052 -0.004809994 0.999951899 0.008548628 -1.976247549 -0.003829620 -0.008567084 0.999955952 83.805435181
0.999953270 0.005673731 0.007818136 1.355894566 -0.005740768 0.999946654 0.008578926 -1.978928447 -0.007769045 -0.008623408 0.999932587 84.354690552
0.999928892 0.004785104 0.010924670 1.374187231 -0.004874785 0.999954522 0.008197270 -1.986709118 -0.010884948 -0.008249942 0.999906719 84.920295715
0.999863446 0.005436455 0.015614730 1.400395870 -0.005578404 0.999943376 0.009061596 -2.009304523 -0.015564581 -0.009147462 0.999837041 85.443161011
0.999750018 0.005292894 0.021723861 1.421267033 -0.005479850 0.999948382 0.008555554 -2.010821819 -0.021677459 -0.008672457 0.999727547 86.013732910
0.999613047 0.005198389 0.027326733 1.453964710 -0.005435723 0.999948084 0.008617982 -2.025847197 -0.027280508 -0.008763188 0.999589503 86.549789429
0.999454319 0.004493138 0.032725848 1.491668344 -0.004780319 0.999950707 0.008702391 -2.037411451 -0.032685135 -0.008854082 0.999426484 87.081802368
0.999124706 0.005300021 0.041493796 1.518182278 -0.005654662 0.999948442 0.008434112 -2.047692060 -0.041446965 -0.008661363 0.999103189 87.654914856
0.998808324 0.004359082 0.048608843 1.573239088 -0.004764701 0.999954820 0.008231789 -2.060761690 -0.048570767 -0.008453586 0.998783946 88.196578979
0.998386919 0.005040096 0.056552608 1.613017797 -0.005518369 0.999950290 0.008304170 -2.068053961 -0.056507949 -0.008602853 0.998365104 88.752853394
0.997847199 0.005334868 0.065363280 1.670611858 -0.005894423 0.999947608 0.008370857 -2.082839251 -0.065315187 -0.008738114 0.997826517 89.294906616
0.997134030 0.005433589 0.075460136 1.734132290 -0.006090806 0.999945462 0.008482045 -2.096571922 -0.075409941 -0.008917347 0.997112811 89.822288513
0.996431231 0.004536889 0.084288180 1.786447525 -0.005261070 0.999951124 0.008371583 -2.098369598 -0.084246084 -0.008785151 0.996406376 90.391365051
0.995766401 0.004278422 0.091820665 1.858829021 -0.005063307 0.999952614 0.008316774 -2.109075069 -0.091780737 -0.008746480 0.995740831 90.944999695
0.994645715 0.004142663 0.103260711 1.928260803 -0.005119453 0.999944568 0.009196214 -2.144355774 -0.103216894 -0.009675613 0.994611800 91.474365234
0.993410110 0.004398802 0.114530012 2.001377106 -0.005489695 0.999942482 0.009211283 -2.154673576 -0.114482909 -0.009779317 0.993377030 92.017410278
0.992385924 0.003608426 0.123114556 2.097058296 -0.004699317 0.999952137 0.008571548 -2.159537792 -0.123077743 -0.009084838 0.992355466 92.580551147
0.990971565 0.003129386 0.134035811 2.192856789 -0.004314588 0.999954045 0.008552882 -2.167221069 -0.134002909 -0.009053971 0.990939558 93.120773315
0.989298522 0.002617309 0.145881847 2.293941498 -0.003907971 0.999955654 0.008561423 -2.179849625 -0.145852983 -0.009039904 0.989265084 93.660629272
0.987638116 0.002589545 0.156730101 2.398547173 -0.004031681 0.999952316 0.008884186 -2.195959091 -0.156699657 -0.009406246 0.987601519 94.211227417
0.985944092 0.002774230 0.167052418 2.515161514 -0.004204902 0.999957442 0.008211114 -2.197001457 -0.167022511 -0.008798140 0.985913754 94.757431030
0.983660877 0.002452180 0.180014163 2.636982918 -0.003992067 0.999958456 0.008192478 -2.209586143 -0.179986611 -0.008777250 0.983629882 95.299980164
0.981277585 0.002192663 0.192586005 2.762930870 -0.003859404 0.999958277 0.008279805 -2.221486568 -0.192559823 -0.008868055 0.981245100 95.828330994
0.979209781 0.001735556 0.202842802 2.897125244 -0.003472359 0.999960303 0.008206751 -2.223746300 -0.202820510 -0.008740474 0.979176939 96.379356384
0.976515293 0.001445174 0.215443030 3.045032501 -0.003307239 0.999960244 0.008282714 -2.234952688 -0.215422496 -0.008800719 0.976481259 96.916130066
0.973326087 0.002014674 0.229416996 3.178165436 -0.003919131 0.999961555 0.007845954 -2.241605043 -0.229392350 -0.008535787 0.973296583 97.445083618
0.970520198 0.002132277 0.241010204 3.324573517 -0.004092263 0.999962509 0.007632152 -2.252608776 -0.240984857 -0.008393434 0.970492542 97.978675842
0.967563272 0.001415711 0.252625108 3.481145859 -0.003465968 0.999964535 0.007670980 -2.265621424 -0.252605289 -0.008297749 0.967533827 98.487594604
0.964015067 0.000430090 0.265847266 3.650714874 -0.002677050 0.999963701 0.008089768 -2.279282093 -0.265834063 -0.008510345 0.963981211 99.005218506
0.960270524 -0.000089908 0.279070824 3.811275482 -0.002369908 0.999961197 0.008476906 -2.293698549 -0.279060751 -0.008801495 0.960233092 99.528633118
0.957053661 -0.000329326 0.289910614 3.985242844 -0.002089805 0.999965549 0.008034785 -2.298764467 -0.289903253 -0.008295577 0.957019985 100.043266296
0.952694058 0.000136684 0.303930819 4.165937424 -0.002584089 0.999967456 0.007650314 -2.301351070 -0.303919822 -0.008073793 0.952663362 100.568161011
0.948380411 -0.000416348 0.317134708 4.368249893 -0.002174011 0.999967217 0.007814106 -2.319445133 -0.317127466 -0.008100200 0.948348343 101.081954956
0.944457769 -0.001359517 0.328630030 4.571102142 -0.001442210 0.999964654 0.008281576 -2.335649490 -0.328629732 -0.008295551 0.944422424 101.604560852
0.939731836 -0.002232734 0.341905057 4.777948380 -0.000558686 0.999967277 0.008065617 -2.344276667 -0.341911882 -0.007770534 0.939699888 102.119277954
0.934653759 -0.002142814 0.355553091 4.996942520 -0.000782713 0.999967039 0.008084049 -2.355859041 -0.355558723 -0.007834082 0.934621096 102.613586426
0.929743767 -0.002360644 0.368199468 5.219127655 -0.000781682 0.999964535 0.008384923 -2.373832703 -0.368206173 -0.008083646 0.929709017 103.147315979
0.925193667 -0.002917281 0.379483998 5.449434280 0.000010473 0.999970675 0.007661735 -2.383401871 -0.379495203 -0.007084614 0.925166607 103.649284363
0.919016302 -0.002158043 0.394213617 5.664970398 -0.001062821 0.999967813 0.007951842 -2.386212826 -0.394218028 -0.007726850 0.918984592 104.130302429
0.913439631 -0.003244448 0.406961352 5.921737671 0.000217725 0.999971926 0.007483461 -2.386588097 -0.406974226 -0.006747083 0.913414717 104.625427246
0.908554792 -0.003515564 0.417750895 6.170387268 0.000553905 0.999973774 0.007210565 -2.399585009 -0.417765349 -0.006319798 0.908532977 105.104888916
0.902312696 -0.003500452 0.431068093 6.447025299 0.000514993 0.999975026 0.007042229 -2.408297777 -0.431081980 -0.006132295 0.902291954 105.609680176
0.895444274 -0.004771924 0.445148051 6.686824799 0.001284494 0.999966085 0.008135648 -2.426551819 -0.445171803 -0.006713230 0.895419955 106.074546814
0.889518082 -0.006107997 0.456859201 6.961017609 0.002752232 0.999964118 0.008010383 -2.437133789 -0.456891745 -0.005867998 0.889502943 106.549514771
0.883615911 -0.005865716 0.468175799 7.219257355 0.002009190 0.999959826 0.008736310 -2.452837229 -0.468208164 -0.006778887 0.883592188 107.023025513
0.876555681 -0.006077046 0.481262147 7.478404999 0.002601591 0.999965489 0.007888418 -2.454647541 -0.481293410 -0.005662590 0.876541257 107.464271545
0.869870484 -0.006572776 0.493236601 7.782962799 0.003182003 0.999965131 0.007713575 -2.465390921 -0.493270129 -0.005140330 0.869861066 107.922698975
