1.000000000 0.000000000 0.000000000 0.000000000 0.000000000 1.000000000 0.000000000 0.000000000 0.000000000 0.000000000 1.000000000 0.000000000
1.000000000 0.000051060 -0.000031056 0.000248937 -0.000051059 1.000000000 0.000030700 0.000562847 0.000031057 -0.000030699 1.000000000 0.002518070
1.000000000 0.000019577 -0.000038062 0.001027675 -0.000019575 1.000000000 0.000064354 -0.001079717 0.000038064 -0.000064354 1.000000000 0.001190370
1.000000000 -0.000031483 -0.000028094 0.000555130 0.000031482 1.000000000 -0.000044373 0.000616313 0.000028095 0.000044372 1.000000000 -0.001507026
1.000000000 -0.000168970 -0.000123084 0.001500051 0.000168977 1.000000000 0.000059141 -0.000524599 0.000123074 -0.000059162 1.000000000 0.000368336
1.000000000 -0.000156924 -0.000126395 -0.000482635 0.000156931 1.000000000 0.000054377 0.000198366 0.000126387 -0.000054397 1.000000000 -0.000322829
1.000000000 -0.000164264 -0.000071656 0.000843853 0.000164267 1.000000000 0.000042808 -0.000127782 0.000071649 -0.000042819 1.000000000 0.001954109
1.000000000 -0.000159031 -0.000057397 0.000077624 0.000159034 1.000000000 0.000052493 -0.000475440 0.000057388 -0.000052502 1.000000000 -0.000439579
1.000000000 -0.000013723 -0.000085682 0.000617088 0.000013727 1.000000000 0.000051516 0.000201468 0.000085681 -0.000051517 1.000000000 -0.001731772
1.000000000 -0.000014004 -0.000014201 -0.000299556 0.000014004 1.000000000 0.000048752 0.000423362 0.000014200 -0.000048752 1.000000000 0.002405044
1.000000000 -0.000060244 -0.000042445 0.000492722 0.000060245 1.000000000 0.000011457 0.000743033 0.000042444 -0.000011459 1.000000000 0.000329607
1.000000000 -0.000117700 -0.000132847 0.001175298 0.000117708 1.000000000 0.000062096 0.000077847 0.000132840 -0.000062112 1.000000000 -0.000522860
1.000000000 -0.000114511 -0.000061989 -0.000044801 0.000114510 1.000000000 -0.000024231 0.001879550 0.000061992 0.000024224 1.000000000 0.002632956
1.000000000 -0.000203631 -0.000120108 0.000477999 0.000203640 1.000000000 0.000078507 0.000498708 0.000120092 -0.000078531 1.000000000 -0.000880233
1.000000000 -0.000110865 -0.000135965 0.000804586 0.000110868 1.000000000 0.000023052 -0.000044054 0.000135962 -0.000023067 1.000000000 -0.002133572
1.000000000 -0.000146268 -0.000166255 0.003120094 0.000146287 1.000000000 0.000113258 -0.000599452 0.000166238 -0.000113283 1.000000000 -0.004976315
1.000000000 -0.000155432 -0.000072446 0.001395116 0.000155437 1.000000000 0.000069735 -0.000397221 0.000072435 -0.000069746 1.000000000 -0.003591478
1.000000000 -0.000051625 -0.000070548 0.001257190 0.000051628 1.000000000 0.000039202 0.000118883 0.000070546 -0.000039206 1.000000000 -0.000377186
1.000000000 -0.000027857 -0.000121689 0.001685149 0.000027869 1.000000000 0.000097716 -0.000600753 0.000121686 -0.000097719 1.000000000 -0.003454287
0.999999940 -0.000201656 -0.000138788 0.001575144 0.000201664 1.000000000 0.000057416 -0.000059698 0.000138776 -0.000057444 1.000000000 -0.003498206
1.000000000 -0.000172157 -0.000106070 0.000921231 0.000172165 1.000000000 0.000074455 0.000359595 0.000106057 -0.000074474 1.000000000 0.000883350
1.000000000 -0.000164272 -0.000103577 0.000357388 0.000164284 1.000000000 0.000117336 -0.001564380 0.000103558 -0.000117353 1.000000000 -0.003851541
1.000000000 -0.000105383 -0.000174008 0.003768317 0.000105402 1.000000000 0.000108345 -0.000491159 0.000173996 -0.000108364 1.000000000 -0.002595482
1.000000000 -0.000096763 -0.000174647 0.003633543 0.000096777 1.000000000 0.000078865 -0.001011819 0.000174639 -0.000078882 1.000000000 -0.002435792
0.999999940 -0.000172665 -0.000179670 0.002775980 0.000172686 1.000000000 0.000121407 -0.001074289 0.000179649 -0.000121438 1.000000000 -0.005319342
0.999999940 -0.000160431 -0.000192946 0.002685434 0.000160446 1.000000000 0.000077550 0.000603784 0.000192933 -0.000077581 1.000000000 -0.001441292
1.000000000 -0.000170732 -0.000148990 0.003179410 0.000170744 1.000000000 0.000079425 0.000061927 0.000148976 -0.000079450 1.000000000 -0.003644624
0.999999940 -0.000226377 -0.000168713 0.003595240 0.000226391 1.000000000 0.000085886 -0.000749086 0.000168694 -0.000085924 1.000000000 -0.004517705
1.000000000 -0.000203817 -0.000115946 0.000388137 0.000203824 1.000000000 0.000060816 -0.000911019 0.000115933 -0.000060839 1.000000000 -0.003206988
1.000000000 -0.000036735 -0.000190738 0.002894613 0.000036763 1.000000000 0.000149319 -0.000978264 0.000190732 -0.000149326 1.000000000 -0.003497722
0.999999940 -0.000199050 -0.000204161 0.004326358 0.000199072 1.000000000 0.000109129 -0.001003742 0.000204139 -0.000109170 1.000000000 -0.003550570
0.999999940 -0.000187872 -0.000221923 0.003769666 0.000187895 1.000000000 0.000101900 -0.000731196 0.000221904 -0.000101942 0.999999940 -0.003343600
0.999999940 -0.000209565 -0.000167304 0.002758554 0.000209585 1.000000000 0.000120046 -0.000522822 0.000167279 -0.000120082 1.000000000 -0.005063837
1.000000000 -0.000119579 -0.000157644 0.002952215 0.000119591 1.000000000 0.000072384 -0.001030680 0.000157635 -0.000072403 1.000000000 -0.003000075
1.000000000 -0.000132199 -0.000156046 0.002667609 0.000132213 1.000000000 0.000088641 -0.000698291 0.000156035 -0.000088661 1.000000000 -0.001659296
0.999999940 -0.000212619 -0.000164613 0.002275152 0.000212639 0.999999940 0.000125069 -0.001462497 0.000164586 -0.000125104 1.000000000 -0.005311277
0.999999940 -0.000193863 -0.000235157 0.003262770 0.000193879 1.000000000 0.000067300 0.000291577 0.000235144 -0.000067346 0.999999940 -0.002723857
0.999999940 -0.000173487 -0.000186994 0.003675774 0.000173510 1.000000000 0.000122315 0.000039267 0.000186973 -0.000122347 1.000000000 -0.004538606
0.999999940 -0.000218833 -0.000122083 0.001367417 0.000218844 1.000000000 0.000095371 -0.000379321 0.000122062 -0.000095398 1.000000000 -0.003795183
0.999999940 -0.000168497 -0.000192056 0.002675346 0.000168527 1.000000000 0.000151616 -0.000963568 0.000192031 -0.000151648 0.999999940 -0.005182776
0.999999940 -0.000221033 -0.000243747 0.005272309 0.000221051 1.000000000 0.000070649 -0.001728008 0.000243732 -0.000070703 0.999999940 -0.001812142
0.999999940 -0.000255794 -0.000027749 0.001258465 0.000255779 0.999999821 -0.000516541 -0.002615760 0.000027881 0.000516534 0.999999881 0.049691774
1.000000000 -0.000047052 -0.000158914 0.003774713 0.000046879 0.999999404 -0.001087546 -0.004404782 0.000158966 0.001087539 0.999999404 0.140715450
1.000000000 -0.000170547 -0.000074945 0.004069771 0.000170439 0.999998987 -0.001433836 -0.007803170 0.000075189 0.001433823 0.999998987 0.258727580
1.000000000 -0.000145159 -0.000028635 0.006305534 0.000145120 0.999999046 -0.001374301 -0.011166143 0.000028834 0.001374297 0.999999046 0.393317014
1.000000000 -0.000041216 -0.000159938 0.010357057 0.000041033 0.999999344 -0.001146197 -0.018609986 0.000159985 0.001146190 0.999999344 0.528627157
1.000000000 0.000045966 -0.000084484 0.011713997 -0.000046059 0.999999404 -0.001097932 -0.020771589 0.000084433 0.001097935 0.999999404 0.686878681
1.000000000 -0.000043985 0.000074302 0.015694844 0.000044051 0.999999583 -0.000891702 -0.024562815 -0.000074263 0.000891705 0.999999583 0.845966101
0.999999940 0.000286820 0.000172650 0.011695549 -0.000286690 0.999999702 -0.000751572 -0.025705270 -0.000172866 0.000751523 0.999999702 1.027553201
1.000000000 0.000146973 -0.000167561 0.024917869 -0.000147064 0.999999821 -0.000539329 -0.037488785 0.000167481 0.000539354 0.999999821 1.188629031
1.000000000 0.000046039 -0.000001049 0.027416078 -0.000046040 0.999999940 -0.000304302 -0.039995145 0.000001035 0.000304302 0.999999940 1.367960095
1.000000000 0.000123997 -0.000130295 0.029107904 -0.000124041 0.999999940 -0.000338903 -0.049274500 0.000130253 0.000338919 0.999999940 1.578535557
1.000000000 0.000077415 0.000117909 0.041677035 -0.000077450 0.999999940 0.000293195 -0.063629359 -0.000117886 -0.000293204 0.999999940 1.776232481
1.000000000 -0.000342625 -0.000209121 0.051291659 0.000342761 0.999999762 0.000647408 -0.069579065 0.000208899 -0.000647479 0.999999762 1.981420517
1.000000000 0.000364835 0.000047982 0.045169629 -0.000364860 0.999999821 0.000522164 -0.073379800 -0.000047792 -0.000522182 0.999999881 2.197265387
0.999999940 -0.000130859 -0.000448427 0.058343027 0.000131217 0.999999702 0.000799932 -0.082198165 0.000448323 -0.000799990 0.999999583 2.405891895
1.000000000 -0.000013171 -0.000148341 0.069774792 0.000013322 0.999999464 0.001015718 -0.095773816 0.000148327 -0.001015720 0.999999404 2.626809120
1.000000000 0.000166309 0.000024746 0.070189029 -0.000166336 0.999999344 0.001075402 -0.102631375 -0.000024567 -0.001075406 0.999999344 2.858150005
1.000000000 0.000184753 0.000087153 0.073035821 -0.000184849 0.999999285 0.001108966 -0.106954329 -0.000086948 -0.001108982 0.999999344 3.094378471
1.000000000 0.000081589 0.000094635 0.075036436 -0.000081690 0.999999344 0.001058280 -0.114014149 -0.000094549 -0.001058288 0.999999404 3.337510824
1.000000000 -0.000312725 0.000057830 0.084412090 0.000312643 0.999998927 0.001409504 -0.124232046 -0.000058270 -0.001409486 0.999998987 3.579818964
0.999999881 -0.000376959 0.000031814 0.091857426 0.000376916 0.999998987 0.001356789 -0.132948652 -0.000032326 -0.001356777 0.999999046 3.830557585
0.999999940 -0.000385243 0.000068226 0.099570476 0.000385149 0.999998987 0.001375106 -0.137438849 -0.000068756 -0.001375080 0.999999046 4.092646122
0.999999940 -0.000237588 0.000321506 0.101940632 0.000237043 0.999998510 0.001694373 -0.145283982 -0.000321908 -0.001694297 0.999998569 4.354656696
0.999999940 -0.000266497 0.000293814 0.107237026 0.000265885 0.999997795 0.002080792 -0.156864986 -0.000294368 -0.002080714 0.999997795 4.611472607
0.999999940 -0.000338874 0.000340923 0.114529312 0.000338150 0.999997735 0.002121886 -0.164620817 -0.000341641 -0.002121771 0.999997675 4.870566845
0.999999881 -0.000507630 0.000347287 0.120577171 0.000506772 0.999996901 0.002466818 -0.175116852 -0.000348538 -0.002466642 0.999996901 5.131846905
0.999999940 -0.000205261 0.000233911 0.118506737 0.000204755 0.999997616 0.002158501 -0.178393677 -0.000234354 -0.002158453 0.999997675 5.395180225
0.999999940 -0.000354101 0.000120121 0.127482221 0.000353826 0.999997318 0.002284748 -0.190001413 -0.000120930 -0.002284706 0.999997377 5.671160698
0.999999881 -0.000446661 0.000119866 0.130346164 0.000446390 0.999997318 0.002246262 -0.196356431 -0.000120869 -0.002246208 0.999997437 5.949922562
0.999999642 -0.000932608 0.000009595 0.136882275 0.000932582 0.999996483 0.002488397 -0.206892073 -0.000011916 -0.002488388 0.999996841 6.226849079
0.999999881 -0.000482381 0.000199818 0.144494548 0.000481905 0.999996960 0.002379148 -0.212256253 -0.000200965 -0.002379051 0.999997079 6.517936230
0.999999881 -0.000548463 0.000343248 0.148921371 0.000547625 0.999996841 0.002436443 -0.221508190 -0.000344583 -0.002436255 0.999996960 6.801504135
0.999999821 -0.000421155 0.000475375 0.157815978 0.000419977 0.999996841 0.002477151 -0.245632276 -0.000476417 -0.002476950 0.999996841 7.088281155
0.999999762 0.000080803 0.000713200 0.160758838 -0.000082484 0.999997258 0.002357301 -0.249624401 -0.000713008 -0.002357360 0.999997020 7.393016338
0.999999702 -0.000055716 0.000796521 0.169230700 0.000053792 0.999997139 0.002415563 -0.259634614 -0.000796653 -0.002415519 0.999996781 7.707407475
0.999999404 -0.001046765 0.000353944 0.183771342 0.001045856 0.999996245 0.002557832 -0.274979323 -0.000356620 -0.002557460 0.999996722 8.010684967
0.999999702 -0.000731609 0.000193779 0.189460188 0.000731106 0.999996364 0.002584960 -0.286651134 -0.000195669 -0.002584818 0.999996662 8.344882011
0.999999881 -0.000394865 0.000217861 0.198554054 0.000394262 0.999996066 0.002762135 -0.295735478 -0.000218951 -0.002762049 0.999996126 8.667762756
0.999999940 -0.000313784 0.000138117 0.199834824 0.000313422 0.999996483 0.002613829 -0.297918320 -0.000138937 -0.002613786 0.999996543 9.010012627
0.999999821 -0.000523238 0.000363023 0.211823538 0.000522212 0.999995947 0.002820299 -0.316244364 -0.000364498 -0.002820109 0.999995887 9.347220421
0.999999881 -0.000107394 0.000471565 0.214000553 0.000106151 0.999996483 0.002634809 -0.326065838 -0.000471847 -0.002634759 0.999996424 9.699919701
0.999999821 0.000248450 0.000611269 0.220518351 -0.000249936 0.999997020 0.002432257 -0.331630915 -0.000610663 -0.002432409 0.999996901 10.046085358
0.999999702 0.000322638 0.000745708 0.223818734 -0.000324596 0.999996543 0.002627761 -0.345398337 -0.000744857 -0.002628003 0.999996245 10.413320541
0.999999762 0.000304172 0.000714249 0.235506043 -0.000306274 0.999995649 0.002944661 -0.355997026 -0.000713351 -0.002944880 0.999995351 10.782622337
0.999999821 -0.000263874 0.000588123 0.246164918 0.000262131 0.999995530 0.002961349 -0.370412409 -0.000588901 -0.002961194 0.999995470 11.146644592
0.999999821 -0.000214884 0.000625047 0.255278111 0.000213071 0.999995768 0.002898173 -0.381110907 -0.000625668 -0.002898039 0.999995589 11.522705078
0.999999583 0.000201237 0.000967765 0.259977281 -0.000204201 0.999995291 0.003063828 -0.389916301 -0.000967144 -0.003064024 0.999994874 11.916338921
0.999999523 0.000455656 0.000905294 0.268885165 -0.000458897 0.999993443 0.003583295 -0.407050610 -0.000903655 -0.003583709 0.999993205 12.279459953
0.999999702 -0.000113975 0.000727483 0.281651467 0.000111325 0.999993384 0.003640937 -0.420468658 -0.000727893 -0.003640855 0.999993086 12.677415848
0.999999523 0.000014560 0.000991722 0.285485834 -0.000018195 0.999993265 0.003665969 -0.430506766 -0.000991662 -0.003665985 0.999992728 13.085122108
0.999999821 -0.000394453 0.000504121 0.302149266 0.000392546 0.999992847 0.003778321 -0.446420074 -0.000505608 -0.003778122 0.999992728 13.469502449
0.999999583 -0.000291193 0.000816275 0.311235100 0.000287778 0.999991298 0.004181285 -0.455709636 -0.000817486 -0.004181049 0.999990880 13.880741119
0.999999166 -0.000089223 0.001288683 0.315071702 0.000083939 0.999991596 0.004099648 -0.476225048 -0.001289038 -0.004099537 0.999990761 14.308552742
0.999998868 -0.000159478 0.001456623 0.326822519 0.000153709 0.999992132 0.003959978 -0.488386124 -0.001457243 -0.003959749 0.999991119 14.731189728
0.999998271 -0.000006673 0.001824302 0.336996198 -0.000001153 0.999990821 0.004289804 -0.501489282 -0.001824314 -0.004289798 0.999989092 15.156842232
0.999998391 -0.000418645 0.001741365 0.352720201 0.000410907 0.999990046 0.004441727 -0.518828392 -0.001743207 -0.004441004 0.999988616 15.572901726
0.999998271 -0.000410663 0.001803851 0.367715001 0.000402453 0.999989569 0.004549115 -0.534316123 -0.001805700 -0.004548381 0.999988019 16.035118103
0.999997973 0.000169527 0.001997553 0.379096985 -0.000179250 0.999988198 0.004868509 -0.547843039 -0.001996704 -0.004868857 0.999986231 16.481016159
0.999997556 -0.000534045 0.002134258 0.392169476 0.000523933 0.999988616 0.004735929 -0.559158742 -0.002136762 -0.004734799 0.999986529 16.927438736
0.999997258 -0.000529201 0.002266738 0.397060722 0.000517926 0.999987483 0.004971729 -0.577474356 -0.002269341 -0.004970541 0.999985099 17.367208481
0.999995768 -0.000834269 0.002776536 0.395975471 0.000819428 0.999985337 0.005342224 -0.598209083 -0.002780952 -0.005339926 0.999981880 17.844951630
0.999994636 -0.000999884 0.003116752 0.410480440 0.000983377 0.999985456 0.005293173 -0.608972728 -0.003121999 -0.005290079 0.999981165 18.306715012
0.999994099 -0.000877049 0.003316884 0.421567887 0.000859042 0.999984801 0.005426413 -0.620055556 -0.003321593 -0.005423532 0.999979794 18.784296036
0.999994516 -0.001396710 0.002980644 0.439216048 0.001380579 0.999984443 0.005407291 -0.631899774 -0.002988150 -0.005403147 0.999980927 19.264169693
0.999994397 -0.001181963 0.003131627 0.449683964 0.001164818 0.999984384 0.005470809 -0.655275106 -0.003138044 -0.005467130 0.999980092 19.718492508
0.999994636 -0.000953998 0.003142056 0.461447507 0.000935791 0.999982834 0.005790871 -0.668826699 -0.003147526 -0.005787899 0.999978304 20.197595596
0.999994695 -0.001061961 0.003079940 0.477220297 0.001044862 0.999984086 0.005548107 -0.679864705 -0.003085782 -0.005544860 0.999979854 20.679927826
0.999995649 -0.002176801 0.001966821 0.492282152 0.002166280 0.999983490 0.005335633 -0.689660251 -0.001978402 -0.005331349 0.999983847 21.182073593
0.999996960 -0.001800653 0.001690858 0.498378485 0.001790674 0.999981105 0.005884963 -0.711589873 -0.001701423 -0.005881918 0.999981225 21.649923325
0.999997675 -0.001831343 0.001178525 0.508632243 0.001824211 0.999980152 0.006024386 -0.731228113 -0.001189534 -0.006022222 0.999981165 22.153343201
0.999998152 -0.001635628 0.001024988 0.519602478 0.001629062 0.999978423 0.006373922 -0.736795247 -0.001035391 -0.006372240 0.999979198 22.668397903
0.999997973 -0.001902965 0.000677155 0.526097655 0.001898776 0.999979436 0.006134741 -0.750325322 -0.000688816 -0.006133443 0.999980927 23.185125351
0.999996364 -0.002699172 -0.000023282 0.536515117 0.002699266 0.999975562 0.006439261 -0.773329139 0.000005901 -0.006439301 0.999979198 23.638624191
0.999990940 -0.004185395 -0.000823729 0.546601832 0.004190616 0.999970496 0.006443628 -0.785004973 0.000796735 -0.006447022 0.999978840 24.167356491
0.999994934 -0.002925985 -0.001267438 0.554765880 0.002934382 0.999973357 0.006674528 -0.800214410 0.001247875 -0.006678213 0.999976933 24.654039383
0.999993384 -0.002999052 -0.002029021 0.565924883 0.003013279 0.999970615 0.007045218 -0.813886702 0.002007832 -0.007051285 0.999973178 25.186822891
0.999994636 -0.001980908 -0.002585078 0.569480836 0.001998353 0.999975145 0.006763380 -0.818620563 0.002571616 -0.006768510 0.999973774 25.724111557
0.999992609 -0.002517808 -0.002912173 0.573776841 0.002538673 0.999970973 0.007183519 -0.836728394 0.002894002 -0.007190858 0.999969959 26.230125427
0.999992311 -0.002630760 -0.002909010 0.578059316 0.002652156 0.999969304 0.007375715 -0.845530033 0.002889516 -0.007383374 0.999968588 26.783979416
0.999986768 -0.003141107 -0.004085186 0.604688525 0.003172337 0.999965549 0.007660738 -0.860228062 0.004060983 -0.007673595 0.999962270 27.343688965
0.999987423 -0.002714691 -0.004215494 0.601691961 0.002747141 0.999966502 0.007711347 -0.883997142 0.004194419 -0.007722830 0.999961317 27.847663879
0.999986649 -0.002425225 -0.004561322 0.606432915 0.002460091 0.999967635 0.007653695 -0.891700625 0.004542613 -0.007664813 0.999960244 28.397516251
0.999984384 -0.002806484 -0.004838603 0.621958137 0.002844289 0.999965370 0.007824250 -0.912332177 0.004816477 -0.007837890 0.999957621 28.935487747
0.999983490 -0.002689044 -0.005076323 0.638192475 0.002731008 0.999962032 0.008277942 -0.917091787 0.005053870 -0.008291668 0.999952793 29.482950211
0.999978781 -0.003226089 -0.005656816 0.620867908 0.003273344 0.999959648 0.008364408 -0.937502921 0.005629603 -0.008382747 0.999949038 29.960479736
0.999975860 -0.003357776 -0.006079646 0.632664144 0.003408713 0.999959052 0.008387375 -0.949553490 0.006051234 -0.008407895 0.999946356 30.513244629
0.999975860 -0.003198831 -0.006166130 0.636638284 0.003251973 0.999957502 0.008627770 -0.961839914 0.006138269 -0.008647613 0.999943793 31.050191879
0.999969840 -0.004076189 -0.006599207 0.655020535 0.004132989 0.999954283 0.008616382 -0.982050300 0.006563785 -0.008643399 0.999941111 31.547668457
0.999963403 -0.004602395 -0.007213562 0.675228357 0.004667963 0.999947667 0.009099156 -1.003735542 0.007171307 -0.009132496 0.999932587 32.082641602
0.999966383 -0.004060096 -0.007119335 0.684475899 0.004123751 0.999951482 0.008949260 -1.010588527 0.007082655 -0.008978319 0.999934614 32.622325897
0.999964714 -0.004204957 -0.007270379 0.678249061 0.004270271 0.999950469 0.008991530 -1.022577524 0.007232209 -0.009022259 0.999933124 33.135532379
0.999967456 -0.003900391 -0.007065013 0.663386643 0.003961552 0.999954581 0.008663675 -1.029347897 0.007030901 -0.008691379 0.999937475 33.675285339
0.999967694 -0.003494123 -0.007242491 0.667526603 0.003557889 0.999954820 0.008810308 -1.041347265 0.007211380 -0.008835790 0.999934971 34.226062775
0.999967575 -0.003158474 -0.007418374 0.672057211 0.003223297 0.999956548 0.008742448 -1.058433414 0.007390440 -0.008766076 0.999934256 34.760772705
0.999969900 -0.003079023 -0.007122246 0.679843783 0.003143113 0.999954462 0.009005082 -1.064846754 0.007094194 -0.009027195 0.999934137 35.309349060
0.999964595 -0.003664201 -0.007574593 0.678161144 0.003732880 0.999951899 0.009072796 -1.085959673 0.007540985 -0.009100752 0.999930084 35.780872345
0.999964952 -0.003128915 -0.007759992 0.684520066 0.003195455 0.999958158 0.008577192 -1.093364954 0.007732830 -0.008601690 0.999933124 36.330574036
0.999965608 -0.002919008 -0.007765099 0.687343836 0.002990938 0.999952674 0.009267856 -1.115952611 0.007737678 -0.009290764 0.999926865 36.847290039
0.999960005 -0.003426218 -0.008261448 0.709870815 0.003504249 0.999949217 0.009449253 -1.131520152 0.008228653 -0.009477827 0.999921203 37.425815582
0.999955237 -0.003921292 -0.008612435 0.710146189 0.004004307 0.999945521 0.009642869 -1.136424541 0.008574154 -0.009676925 0.999916434 37.983371735
0.999957561 -0.003768518 -0.008405441 0.689440846 0.003849508 0.999946117 0.009640143 -1.175597906 0.008368660 -0.009672091 0.999918222 38.455284119
0.999956727 -0.003682306 -0.008542875 0.696428835 0.003766128 0.999944687 0.009816733 -1.186384916 0.008506255 -0.009848483 0.999915302 39.010406494
0.999954522 -0.003881464 -0.008712986 0.702149868 0.003969171 0.999941409 0.010071563 -1.205964327 0.008673383 -0.010105688 0.999911368 39.549892426
0.999957621 -0.003513702 -0.008514609 0.717850089 0.003601262 0.999940634 0.010290090 -1.221733570 0.008477948 -0.010320317 0.999910772 40.087341309
0.999952674 -0.004024780 -0.008856250 0.705240846 0.004111557 0.999943376 0.009802165 -1.216844559 0.008816297 -0.009838114 0.999912739 40.649311066
0.999954164 -0.004075780 -0.008662883 0.686557531 0.004167824 0.999934793 0.010633737 -1.273823500 0.008618978 -0.010669357 0.999905884 41.140991211
0.999951959 -0.003971952 -0.008956106 0.700176954 0.004067584 0.999934673 0.010685226 -1.286079526 0.008913078 -0.010721144 0.999902785 41.682247162
0.999952435 -0.003914177 -0.008931058 0.704626083 0.004005952 0.999939203 0.010281228 -1.284770966 0.008890269 -0.010316515 0.999907255 42.244461060
0.999953389 -0.003702243 -0.008919416 0.702888787 0.003796525 0.999936879 0.010576808 -1.289991140 0.008879695 -0.010610178 0.999904275 42.785156250
0.999944031 -0.004536644 -0.009558318 0.722529233 0.004645824 0.999923825 0.011431337 -1.364833117 0.009505731 -0.011475102 0.999889016 43.318511963
0.999946892 -0.004250051 -0.009388561 0.725523710 0.004356823 0.999925733 0.011381462 -1.376856923 0.009339492 -0.011421761 0.999891222 43.860752106
0.999952018 -0.003541423 -0.009123963 0.733044982 0.003642673 0.999931693 0.011104459 -1.388751507 0.009084013 -0.011137162 0.999896705 44.387283325
0.999951899 -0.003442790 -0.009175113 0.740977108 0.003542759 0.999934316 0.010901732 -1.397767663 0.009136978 -0.010933715 0.999898434 44.942886353
0.999948442 -0.003723499 -0.009444537 0.759782434 0.003825647 0.999934196 0.010820575 -1.408661008 0.009403623 -0.010856147 0.999896824 45.461101532
0.999950647 -0.003081518 -0.009428714 0.771894455 0.003186959 0.999932289 0.011188375 -1.439907074 0.009393599 -0.011217874 0.999892950 45.971160889
0.999946833 -0.003520897 -0.009691955 0.788855433 0.003630190 0.999929786 0.011282197 -1.448092818 0.009651550 -0.011316780 0.999889374 46.505722046
0.999944031 -0.004300178 -0.009665376 0.733229458 0.004415420 0.999919057 0.011933664 -1.449443817 0.009613277 -0.011975671 0.999882042 47.031291962
0.999940157 -0.004521240 -0.009960278 0.741520643 0.004643868 0.999913275 0.012323098 -1.458927631 0.009903700 -0.012368613 0.999874413 47.578216553
0.999945462 -0.004145325 -0.009582243 0.743813872 0.004260357 0.999918759 0.012015690 -1.466480970 0.009531654 -0.012055858 0.999881923 48.117862701
0.999937415 -0.005329757 -0.009834303 0.748717785 0.005447772 0.999912977 0.012012891 -1.481231451 0.009769421 -0.012065717 0.999879479 48.629535675
0.999940217 -0.004899869 -0.009775869 0.756299734 0.005017690 0.999914587 0.012064431 -1.492989779 0.009715919 -0.012112762 0.999879420 49.181003571
0.999943018 -0.004491916 -0.009687041 0.750110388 0.004608210 0.999917209 0.012016412 -1.506673336 0.009632263 -0.012060366 0.999880850 49.669002533
0.999938667 -0.004939443 -0.009918460 0.757346094 0.005055155 0.999919116 0.011675238 -1.515262842 0.009859988 -0.011724660 0.999882579 50.219009399
0.999938488 -0.004864292 -0.009973436 0.772156119 0.004984980 0.999914229 0.012111975 -1.529001236 0.009913664 -0.012160948 0.999876857 50.722476959
0.999941766 -0.004598765 -0.009761306 0.764274478 0.004719149 0.999912620 0.012345742 -1.541483164 0.009703678 -0.012391089 0.999876142 51.270618439
0.999944448 -0.004424586 -0.009559709 0.773785710 0.004536367 0.999921143 0.011702935 -1.542332053 0.009507175 -0.011745653 0.999885798 51.793949127
0.999942124 -0.004761884 -0.009643313 0.776905358 0.004885518 0.999905646 0.012838140 -1.573694229 0.009581268 -0.012884508 0.999871075 52.299217224
0.999940515 -0.005006413 -0.009687637 0.783159733 0.005130710 0.999904275 0.012848441 -1.583740830 0.009622384 -0.012897380 0.999870479 52.842948914
0.999943078 -0.004635579 -0.009610209 0.790029109 0.004757182 0.999908388 0.012669536 -1.592935681 0.009550598 -0.012714532 0.999873519 53.389858246
0.999944150 -0.004280261 -0.009659360 0.789369941 0.004400871 0.999912202 0.012499843 -1.592842817 0.009605008 -0.012541655 0.999875188 53.928501129
0.999947011 -0.004440068 -0.009287864 0.802332878 0.004551572 0.999917388 0.012018788 -1.599337101 0.009233735 -0.012060427 0.999884546 54.470706940
0.999948144 -0.003857004 -0.009423035 0.801006794 0.003972363 0.999917030 0.012254440 -1.610756278 0.009374988 -0.012291237 0.999880493 54.986068726
0.999947727 -0.003623404 -0.009557705 0.808163583 0.003742463 0.999915302 0.012468657 -1.616487503 0.009511718 -0.012503775 0.999876559 55.531669617
0.999945462 -0.004080761 -0.009606607 0.820581079 0.004201074 0.999912620 0.012537302 -1.631580591 0.009554605 -0.012576976 0.999875307 56.075099945
0.999947071 -0.003863512 -0.009528845 0.844135106 0.003982060 0.999914467 0.012453529 -1.651520252 0.009479917 -0.012490814 0.999877036 56.565189362
0.999952972 -0.003085744 -0.009191169 0.853769004 0.003199802 0.999917805 0.012420831 -1.654046178 0.009152086 -0.012449658 0.999880552 57.086112976
0.999950171 -0.003850642 -0.009224128 0.844046235 0.003960229 0.999921381 0.011891774 -1.648877859 0.009177612 -0.011927710 0.999886692 57.638862610
0.999942958 -0.003814602 -0.009976458 0.857400060 0.003934765 0.999919593 0.012052963 -1.659134746 0.009929678 -0.012091530 0.999877572 58.177536011
0.999942422 -0.003777986 -0.010049264 0.862989247 0.003901337 0.999916911 0.012283479 -1.671391249 0.010002024 -0.012321978 0.999873996 58.709129333
0.999949872 -0.004009490 -0.009176861 0.855019450 0.004118314 0.999921083 0.011870508 -1.673618793 0.009128544 -0.011907705 0.999887347 59.278430939
0.999953210 -0.003642814 -0.008962257 0.858709037 0.003747362 0.999924779 0.011676273 -1.674131870 0.008919049 -0.011709312 0.999891579 59.838127136
0.999953270 -0.003620429 -0.008969741 0.866452277 0.003721451 0.999929488 0.011271548 -1.687436104 0.008928300 -0.011304399 0.999896169 60.374919891
0.999948680 -0.003671092 -0.009453236 0.881401002 0.003785825 0.999919057 0.012147741 -1.695847869 0.009407874 -0.012182904 0.999881446 60.933300018
0.999944210 -0.004238999 -0.009678192 0.870057344 0.004350362 0.999924183 0.011514599 -1.703845143 0.009628648 -0.011556057 0.999886811 61.453166962
0.999951601 -0.003791513 -0.009079100 0.892352164 0.003898644 0.999922633 0.011811392 -1.724899054 0.009033616 -0.011846218 0.999888957 61.856227875
0.999956608 -0.003247001 -0.008739567 0.890331268 0.003351512 0.999922752 0.011970432 -1.727873564 0.008700026 -0.011999203 0.999890089 62.414867401
0.999959469 -0.002575890 -0.008636728 0.898875773 0.002682374 0.999920189 0.012340324 -1.745483994 0.008604252 -0.012362989 0.999886572 62.959709167
0.999955237 -0.002866304 -0.009025634 0.901951373 0.002977544 0.999919474 0.012335643 -1.749556065 0.008989553 -0.012361966 0.999883115 63.465618134
0.999950409 -0.003414474 -0.009352657 0.897343159 0.003522107 0.999927461 0.011516082 -1.752154350 0.009312659 -0.011548453 0.999889910 64.059890747
0.999946773 -0.004002558 -0.009508481 0.922630727 0.004111532 0.999925792 0.011468980 -1.765694261 0.009461869 -0.011507464 0.999889016 64.457008362
0.999944091 -0.004652482 -0.009498460 0.934648156 0.004761167 0.999923050 0.011451951 -1.771387696 0.009444448 -0.011496536 0.999889314 65.008659363
0.999939382 -0.004891438 -0.009866151 0.943379700 0.005006737 0.999919116 0.011695622 -1.777700901 0.009808144 -0.011744311 0.999882936 65.566452026
0.999947011 -0.004097856 -0.009445483 0.947556973 0.004206902 0.999924421 0.011553898 -1.785191774 0.009397423 -0.011593022 0.999888659 66.115974426
0.999949992 -0.003819777 -0.009245887 0.921375155 0.003925257 0.999927104 0.011417073 -1.807297230 0.009201603 -0.011452793 0.999892116 66.613174438
0.999948800 -0.003629318 -0.009446361 0.955768168 0.003738152 0.999926567 0.011529285 -1.824960470 0.009403826 -0.011564008 0.999888897 67.085609436
0.999955177 -0.003150683 -0.008938178 0.958877921 0.003255574 0.999925792 0.011744986 -1.833781719 0.008900511 -0.011773557 0.999891102 67.634727478
0.999952972 -0.003371848 -0.009097795 0.958895802 0.003477891 0.999925911 0.011665316 -1.837042809 0.009057789 -0.011696409 0.999890566 68.207901001
0.999951243 -0.003156817 -0.009362290 0.963932693 0.003263585 0.999929607 0.011410818 -1.849227428 0.009325609 -0.011440816 0.999891043 68.689720154
0.999946594 -0.004143740 -0.009472351 0.967439950 0.004248538 0.999929726 0.011070419 -1.845483303 0.009425811 -0.011110072 0.999893844 69.213287354
0.999959052 -0.002511252 -0.008686614 0.965696812 0.002610018 0.999931872 0.011377308 -1.866414070 0.008657451 -0.011399514 0.999897480 69.736351013
0.999959409 -0.002318487 -0.008701903 0.973950744 0.002418130 0.999931455 0.011457660 -1.877392292 0.008674741 -0.011478240 0.999896407 70.280776978
0.999959826 -0.002362064 -0.008636578 0.975538671 0.002457815 0.999935448 0.011092871 -1.879943609 0.008609815 -0.011113652 0.999901116 70.833740234
0.999962509 -0.001771199 -0.008463282 0.983573854 0.001865780 0.999935746 0.011180530 -1.897596955 0.008442935 -0.011195902 0.999901652 71.314109802
0.999964237 -0.001306468 -0.008355699 0.989378393 0.001394554 0.999943435 0.010544896 -1.905854940 0.008341449 -0.010556172 0.999909401 71.845115662
0.999962687 -0.002180087 -0.008353268 0.986059606 0.002274639 0.999933243 0.011326420 -1.910427332 0.008328021 -0.011345001 0.999900937 72.367111206
0.999958873 -0.002789630 -0.008623715 0.996050894 0.002889427 0.999928772 0.011581711 -1.922878981 0.008590792 -0.011606155 0.999895751 72.922203064
0.999961376 -0.002790946 -0.008335222 1.007508755 0.002885429 0.999931455 0.011345015 -1.936590195 0.008302991 -0.011368629 0.999900877 73.450088501
0.999954164 -0.003269811 -0.009000148 1.029942274 0.003372198 0.999929428 0.011384524 -1.950465679 0.008962288 -0.011414352 0.999894679 73.942962646
0.999965608 -0.002180753 -0.007992066 1.013593674 0.002268913 0.999936521 0.011038560 -1.953018904 0.007967487 -0.011056313 0.999907076 74.494651794
0.999965787 -0.001821213 -0.008061572 1.020992517 0.001908219 0.999939859 0.010798183 -1.958157301 0.008041422 -0.010813198 0.999909163 75.034881592
0.999968648 -0.001671619 -0.007749420 1.019043922 0.001755874 0.999939322 0.010878352 -1.965252638 0.007730766 -0.010891615 0.999910712 75.603179932
0.999962509 -0.002561179 -0.008267599 1.037345171 0.002649090 0.999939978 0.010639829 -1.987280130 0.008239852 -0.010661331 0.999909222 76.103637695
0.999967396 -0.001647155 -0.007924037 1.032260418 0.001735541 0.999936163 0.011160153 -1.996988773 0.007905150 -0.011173541 0.999906301 76.629142761
0.999968529 -0.002240300 -0.007611584 1.032000542 0.002321176 0.999940813 0.010633154 -1.995081425 0.007587313 -0.010650486 0.999914527 77.238571167
0.999969304 -0.001858409 -0.007614979 1.040565729 0.001942039 0.999937654 0.010989662 -2.016365051 0.007594082 -0.011004112 0.999910533 77.698753357
0.999968052 -0.001957067 -0.007750575 1.048607111 0.002041535 0.999938428 0.010905419 -2.028980732 0.007728753 -0.010920894 0.999910474 78.228958130
0.999970794 -0.001554505 -0.007486337 1.054536104 0.001636574 0.999938488 0.010968911 -2.043164730 0.007468826 -0.010980840 0.999911845 78.762626648
0.999970973 -0.001897866 -0.007377290 1.067559838 0.001977290 0.999939978 0.010773694 -2.046817541 0.007356401 -0.010787969 0.999914765 79.309928894
0.999982297 -0.001548340 -0.005744124 1.066735029 0.001609019 0.999942780 0.010574167 -2.055130482 0.005727424 -0.010583222 0.999927580 79.843734741
0.999987066 -0.001911929 -0.004716855 1.077368021 0.001962431 0.999940574 0.010725389 -2.068509102 0.004696068 -0.010734507 0.999931335 80.384300232
0.999994934 -0.001349174 -0.002888300 1.086832166 0.001379982 0.999941885 0.010691225 -2.076942444 0.002873708 -0.010695158 0.999938607 80.918113708
0.999998868 -0.001309183 0.000784914 1.102258205 0.001300891 0.999944329 0.010473276 -2.085450411 -0.000798581 -0.010472244 0.999944806 81.466033936
0.999988019 -0.001886137 0.004521894 1.123593092 0.001837494 0.999940693 0.010737346 -2.097780228 -0.004541878 -0.010728907 0.999932110 82.005691528
0.999971390 -0.001249016 0.007457719 1.147197247 0.001166044 0.999937415 0.011119644 -2.113539219 -0.007471141 -0.011110633 0.999910295 82.546936035
0.999922335 -0.000881636 0.012425915 1.158839464 0.000742717 0.999937236 0.011179999 -2.119722366 -0.012434992 -0.011169903 0.999860227 83.158554077
0.999826252 -0.000799617 0.018626802 1.191279769 0.000595235 0.999939620 0.010975430 -2.100049496 -0.018634453 -0.010962433 0.999766171 83.747940063
0.999707937 -0.001185186 0.024138646 1.212032795 0.000913454 0.999936044 0.011265056 -2.145437002 -0.024150459 -0.011239716 0.999645174 84.241935730
0.999556482 -0.000939828 0.029767189 1.241772175 0.000615357 0.999940217 0.010907577 -2.148535013 -0.029775664 -0.010884420 0.999497354 84.802093506
0.999295950 -0.001443654 0.037489656 1.282753944 0.001033966 0.999939561 0.010945110 -2.157449961 -0.037503190 -0.010898641 0.999237061 85.345115662
0.998976529 -0.001776437 0.045197580 1.331216097 0.001289937 0.999940932 0.010790735 -2.164127111 -0.045214079 -0.010721390 0.998919785 85.908798218
0.998645246 -0.002398057 0.051980201 1.378107071 0.001832476 0.999938607 0.010925620 -2.176885843 -0.052003212 -0.010815567 0.998588324 86.427421570
0.998146653 -0.002285969 0.060810573 1.427146912 0.001625820 0.999939203 0.010903078 -2.187684536 -0.060831800 -0.010784004 0.998089790 86.960456848
0.997497261 -0.002936631 0.070644006 1.487391472 0.002174828 0.999938667 0.010858192 -2.197433233 -0.070671558 -0.010677379 0.997442484 87.505569458
0.996847808 -0.003320879 0.079265997 1.556695938 0.002481935 0.999939919 0.010680084 -2.203654289 -0.079296693 -0.010449688 0.996796250 88.049423218
0.996189535 -0.003609111 0.087138668 1.622098446 0.002712570 0.999942124 0.010404885 -2.217692614 -0.087171197 -0.010128869 0.996141791 88.594749451
0.995195925 -0.003439229 0.097843386 1.687283993 0.002424486 0.999942005 0.010488099 -2.220019341 -0.097873792 -0.010200494 0.995146513 89.150924683
0.994098008 -0.003405520 0.108432285 1.781230450 0.002242134 0.999938607 0.010849256 -2.241990566 -0.108462594 -0.010542106 0.994044662 89.691513062
0.993074715 -0.003728565 0.117425017 1.866246223 0.002486211 0.999939442 0.010724671 -2.249186993 -0.117457889 -0.010358457 0.993023872 90.243194580
0.991676152 -0.003744750 0.128702819 1.964028358 0.002375007 0.999938846 0.010794505 -2.253756762 -0.128735393 -0.010398984 0.991624415 90.796913147
0.990071535 -0.004174847 0.140502453 2.066557884 0.002692463 0.999938726 0.010739027 -2.264499664 -0.140538692 -0.010254107 0.990022004 91.332916260
0.988510072 -0.004954945 0.151073605 2.174065590 0.003400750 0.999938607 0.010544301 -2.273727417 -0.151116565 -0.009909386 0.988466203 91.890052795
0.986886144 -0.005116258 0.161336929 2.288560867 0.003474487 0.999939263 0.010456526 -2.279141903 -0.161380619 -0.009758836 0.986843944 92.431831360
0.984757841 -0.005793605 0.173834547 2.416876793 0.004071106 0.999939024 0.010263769 -2.291793346 -0.173883423 -0.009399627 0.984721363 92.953491211
0.982425749 -0.005615870 0.186569333 2.529041290 0.003725521 0.999938130 0.010481216 -2.295598984 -0.186616659 -0.009601950 0.982385814 93.502471924
0.980477214 -0.006472337 0.196525842 2.659194946 0.004493758 0.999934673 0.010512034 -2.304131508 -0.196581021 -0.009423669 0.980442286 94.032752991
0.977844357 -0.007270587 0.209206939 2.804365158 0.005193498 0.999931633 0.010476026 -2.314893246 -0.209268808 -0.009157405 0.977815270 94.557525635
0.974771500 -0.006905042 0.223098323 2.940080643 0.004670113 0.999933481 0.010543738 -2.322492838 -0.223156288 -0.009235839 0.974738896 95.085426331
0.972139716 -0.007058382 0.234295607 3.092573166 0.004648071 0.999930501 0.010838088 -2.331902504 -0.234355792 -0.009447114 0.972104967 95.623611450
0.969241738 -0.007807499 0.245987356 3.254770279 0.005329083 0.999928117 0.010739456 -2.345374346 -0.246053532 -0.009098240 0.969213665 96.137382507
0.965576112 -0.007776394 0.260004878 3.421066284 0.005038047 0.999924660 0.011196682 -2.361354828 -0.260072351 -0.009501331 0.965542376 96.639572144
0.962153733 -0.007681514 0.272399038 3.590167999 0.004877172 0.999927938 0.010970564 -2.362263203 -0.272463739 -0.009226831 0.962121844 97.214828491
0.958915710 -0.008104074 0.283575207 3.784662247 0.005208197 0.999926329 0.010964477 -2.367778778 -0.283643275 -0.009037096 0.958887219 97.769821167
0.954769731 -0.008909911 0.297212660 3.987306595 0.006016923 0.999925196 0.010647154 -2.357019901 -0.297285318 -0.008377274 0.954751909 98.308769226
0.950346053 -0.008696501 0.311073273 4.183000565 0.005610490 0.999925792 0.010814004 -2.378410816 -0.311144173 -0.008531773 0.950324357 98.834655762
0.946510911 -0.009584486 0.322529376 4.382863998 0.006328477 0.999917924 0.011142320 -2.385998249 -0.322609693 -0.008505207 0.946493864 99.353797913
0.942131281 -0.009624816 0.335105956 4.590145111 0.006192633 0.999916792 0.011309086 -2.399058342 -0.335186958 -0.008579454 0.942112565 99.859336853
0.936945200 -0.009977117 0.349333823 4.809410095 0.006343826 0.999913216 0.011543214 -2.407919884 -0.349418670 -0.008599245 0.936927259 100.382202148
0.932334065 -0.010495029 0.361445844 5.036783218 0.006797117 0.999910772 0.011500780 -2.414295435 -0.361534297 -0.008265778 0.932322145 100.897201538
0.928210974 -0.010983850 0.371892422 5.262441635 0.007284913 0.999909043 0.011349832 -2.421442509 -0.371983290 -0.007825833 0.928206444 101.406333923
0.922679603 -0.011066287 0.385408759 5.494007111 0.007187702 0.999907970 0.011502911 -2.427017689 -0.385500520 -0.007843299 0.922674417 101.908485413
0.917037725 -0.011136732 0.398644805 5.734958649 0.007182647 0.999909103 0.011411064 -2.432499409 -0.398735642 -0.007601052 0.917034388 102.410156250
0.912074745 -0.011661729 0.409858137 5.983379364 0.007657482 0.999905527 0.011409881 -2.443974495 -0.409952521 -0.007268182 0.912077904 102.900863647
0.905685365 -0.012056340 0.423778981 6.244609833 0.007824798 0.999900579 0.011723887 -2.448580503 -0.423878282 -0.007302167 0.905689716 103.414436340
0.898792386 -0.011950759 0.438211709 6.510356903 0.007687019 0.999904335 0.011502614 -2.453631878 -0.438307256 -0.006969918 0.898798048 103.905853271
0.892972767 -0.013140487 0.449919105 6.793205261 0.008714139 0.999891043 0.011907849 -2.464780569 -0.450026661 -0.006712725 0.892989933 104.405670166
0.887431681 -0.013425412 0.460743725 7.069438934 0.008816700 0.999887228 0.012153563 -2.468390226 -0.460855007 -0.006723215 0.887449980 104.901130676
0.880293190 -0.013901060 0.474226385 7.357109070 0.009312346 0.999884307 0.012023489 -2.474245548 -0.474338681 -0.006168035 0.880320847 105.389877319
